"","baseMean","log2FoldChange","lfcSE","stat","pvalue","padj"
"ENSMUSG00000000001",1701.32151081776,-0.391338840085041,0.193878989536835,-2.01846956712496,0.0435423805536161,0.154826054594423
"ENSMUSG00000000003",0.0474375977968173,0,7.3561311249555,0,1,NA
"ENSMUSG00000000028",995.064553352172,0.280234821653026,0.480546237421164,0.583158913400085,0.55978632714306,0.737652192143414
"ENSMUSG00000000037",1.66843330816786,2.67490848119139,4.40607330359261,0.607095773692719,0.543787354760461,NA
"ENSMUSG00000000049",1.10049141013358,-1.85268945903247,3.18467193047069,-0.5817520609599,0.560733698893175,NA
"ENSMUSG00000000056",265.820024047919,0.65327544138881,0.265662703647459,2.45904085300481,0.0139308764407111,0.0766741167129337
"ENSMUSG00000000058",18.0580486226462,-4.18844255620056,1.90317467251784,-2.20076623374742,0.0277525771669431,NA
"ENSMUSG00000000078",2059.65155456506,0.0917177133363356,0.208090442165244,0.440758894940033,0.659387554470935,0.808566725947689
"ENSMUSG00000000085",45.0171770851084,-0.108674154162092,0.469679717619905,-0.231379278442759,0.817020161835781,NA
"ENSMUSG00000000088",13149.3256856376,-0.639581058617261,0.212314333201613,-3.01242525161933,0.00259169254453673,0.0304986676223161
"ENSMUSG00000000093",0.833974806742692,-1.02365685929393,5.38694926127305,-0.190025338952611,0.849289274672336,NA
"ENSMUSG00000000094",0.730445150156794,-2.97181557913293,4.38886441953935,-0.677126312196457,0.498325815738884,NA
"ENSMUSG00000000103",0,NA,NA,NA,NA,NA
"ENSMUSG00000000120",1.31265432772076,3.7391079684902,2.8043771539918,1.33331137831011,0.18242964124714,NA
"ENSMUSG00000000125",1.8983099007691,1.73544217817303,1.88973678649458,0.918351270174633,0.358434993640729,NA
"ENSMUSG00000000126",3.25797625853244,-3.17301692271141,2.74953926485614,-1.15401767971385,0.248492920689206,NA
"ENSMUSG00000000127",9.08898378211513,-0.245777892757369,1.07894179245471,-0.227795321745947,0.819805363798725,NA
"ENSMUSG00000000131",834.043420291976,-0.0405165896208508,0.187065830305058,-0.216590007671514,0.828527873624832,0.916107162279806
"ENSMUSG00000000134",124.513649644893,0.124457889058144,0.329862578848034,0.377302237473505,0.705949009593272,0.839433393287139
"ENSMUSG00000000142",78.3626428238715,-0.102501894090311,0.355434588635087,-0.288384691214018,0.773052284842406,0.882200627530268
"ENSMUSG00000000148",115.900701756655,0.0131830037205786,0.315277967883359,0.0418139072929315,0.966647048293144,0.989888225113969
"ENSMUSG00000000149",97.821757868687,-0.198331074067744,0.366533885602429,-0.541098877506975,0.588439431892308,0.757834871107768
"ENSMUSG00000000154",0.516466671582844,-1.54526018663974,7.34691721714749,-0.21032769813074,0.833411918772231,NA
"ENSMUSG00000000157",3.13692253758151,-0.251390788298035,2.74638681359947,-0.091535098789874,0.927067418486274,NA
"ENSMUSG00000000159",1.70819455907494,-4.33817228863374,3.47946996197486,-1.24679113084554,0.212474093380545,NA
"ENSMUSG00000000167",52.0045955912329,0.97127478294672,0.468607978502854,2.07268084945934,0.038201991174905,NA
"ENSMUSG00000000168",454.457581092296,-0.0655771069278159,0.175553185341721,-0.373545525819811,0.708742468588873,0.840844851416348
"ENSMUSG00000000171",4319.40163514553,-0.669606374263593,0.26389073226663,-2.53743800895227,0.0111667142937151,0.0669799580056881
"ENSMUSG00000000182",0.505301381658391,0.626805687411482,7.15237468373649,0.0876360251143933,0.93016596841879,NA
"ENSMUSG00000000183",4.44707460603382,0.0996934835101985,1.06157440339664,0.0939109714695618,0.925179878384985,NA
"ENSMUSG00000000184",4290.06582627519,0.311754394162887,0.320659851379412,0.972227713640435,0.330937276237056,0.540177505879013
"ENSMUSG00000000194",310.749452493997,0.686958868178988,0.295184585264555,2.32721795944497,0.019953667632994,0.0955167092262206
"ENSMUSG00000000197",0.466411324258141,-0.692905335930764,6.4103866460526,-0.108091036342939,0.913923478456322,NA
"ENSMUSG00000000202",0.270658395505959,0,7.3561311249555,0,1,NA
"ENSMUSG00000000204",36.048611011514,0.364639995053616,1.42777420111565,0.255390519571434,0.798421492360134,NA
"ENSMUSG00000000214",0.714760574213785,1.56661705180821,7.20556401622808,0.217417685594069,0.827882849717514,NA
"ENSMUSG00000000215",0.239029942711049,2.08270411020408,7.28677968487895,0.28581955270666,0.775016331679996,NA
"ENSMUSG00000000216",0.146752199072213,1.1615599206179,7.35565966295784,0.157913766248235,0.874524750276368,NA
"ENSMUSG00000000223",8.25971787335611,1.44510926282083,1.15178272120827,1.25467176769664,0.209597938624667,NA
"ENSMUSG00000000244",1585.20506657472,0.554484349667728,0.269113737452319,2.06040893681977,0.0393594632695329,0.145012409399677
"ENSMUSG00000000247",6.08022003998921,3.43330457588195,1.9183721622723,1.78969682911538,0.0735026624410538,NA
"ENSMUSG00000000248",6.83394294311006,0.0877543699205922,1.61877675486377,0.0542102977800525,0.956767616308375,NA
"ENSMUSG00000000253",1.80865895571956,0.77377192042838,3.79812156201273,0.203724896055812,0.838568485940179,NA
"ENSMUSG00000000263",0.112691048855594,2.15792411587608,7.28506251429554,0.296212161754489,0.767068061650198,NA
"ENSMUSG00000000266",2.52602723413798,-0.946990580975711,2.0190475893051,-0.469028360694379,0.63904936432154,NA
"ENSMUSG00000000275",701.397787226894,-0.0687378697346704,0.147826486997291,-0.464990213397481,0.641938465017747,0.796480698719773
"ENSMUSG00000000276",235.386114138003,0.472180461302779,0.260231007385045,1.81446656202705,0.0696059261985078,0.205262152447569
"ENSMUSG00000000278",405.86250300946,0.80122532722964,0.314550808762572,2.54720479143456,0.0108589686297574,0.0660678044658319
"ENSMUSG00000000282",126.972436484188,0.167969445526033,0.388952912359856,0.431850335062227,0.665850193223882,0.813696306885475
"ENSMUSG00000000290",4323.31441485585,0.292596395349414,0.177403678850675,1.64932540996345,0.0990809866712131,0.256525812793332
"ENSMUSG00000000295",1412.23114048746,-0.686419293653821,0.289127798120336,-2.37410341764554,0.0175916225361552,0.0882142311960454
"ENSMUSG00000000296",0.242045448738024,-1.85095340942503,7.35467872867421,-0.2516701922286,0.801295998686224,NA
"ENSMUSG00000000301",60.6024322384012,-0.0641189570407829,0.45211879489312,-0.141818826744286,0.887223112785216,NA
"ENSMUSG00000000303",2.71883115859009,0.192779479070538,1.6129007762407,0.119523458547687,0.904860656017057,NA
"ENSMUSG00000000305",1.22313780076088,-1.08984943332071,4.13419002792869,-0.263618611132578,0.792073816075951,NA
"ENSMUSG00000000308",1.07292399504328,1.5771992040998,2.88529095908733,0.546634369449763,0.584629951739629,NA
"ENSMUSG00000000317",2.82254569961249,3.44854455703781,2.54854500878462,1.35314249705262,0.176010111413765,NA
"ENSMUSG00000000318",1.88608239949677,-0.897041968408628,2.75877279612347,-0.325159784694528,0.74506014343938,NA
"ENSMUSG00000000320",17.755409341088,1.1648354414998,0.927926139313673,1.25531051680617,0.20936605885086,NA
"ENSMUSG00000000325",6.21289797232721,1.12135992815937,1.41301823136192,0.793591974449303,0.427433006121574,NA
"ENSMUSG00000000326",916.2666979051,0.011631252091679,0.205569059535139,0.0565807525606295,0.954879167210415,0.984619860428603
"ENSMUSG00000000339",879.420654072716,-0.496268093426913,0.189491160690831,-2.61895115116537,0.00882005766616279,0.0580268866491645
"ENSMUSG00000000340",210.189729949757,0.559428400878459,0.318977136226936,1.75381974863695,0.0794613980281188,0.223083192135176
"ENSMUSG00000000346",8164.01389029619,-0.694378646561284,0.279417483162084,-2.48509376973556,0.0129517313846961,0.073242485547895
"ENSMUSG00000000355",2357.33230236493,-0.824766432053309,0.255710820187534,-3.22538730057821,0.00125802354946283,0.0219322094998944
"ENSMUSG00000000359",0.76482498663481,-1.58448655476796,4.0622039849709,-0.390055881149776,0.696495225762144,NA
"ENSMUSG00000000365",2.74336013392108,0.824623609501146,2.29899958576568,0.358688020044382,0.719828491457098,NA
"ENSMUSG00000000374",421.109955516135,0.863608126585115,0.275043593429074,3.13989544645698,0.00169008141336844,0.0249535210838113
"ENSMUSG00000000378",1363.98781023497,-0.163251597530075,0.206731150398674,-0.789680690187471,0.429714271190431,0.632290201059454
"ENSMUSG00000000381",0,NA,NA,NA,NA,NA
"ENSMUSG00000000384",432.934965214909,0.655449592939928,0.28150467987971,2.32837902808582,0.0198919862541448,0.0954525651078745
"ENSMUSG00000000385",0.229708053813971,3.15675496548382,7.24922648362914,0.435460938158394,0.663227886336384,NA
"ENSMUSG00000000386",331.723671579045,-0.0160804596529535,0.348500271254017,-0.0461418856148686,0.963197161650016,0.98849708709618
"ENSMUSG00000000392",5.66500989188614,2.59406998943626,1.5043032928083,1.72443283335074,0.0846297345508769,NA
"ENSMUSG00000000394",0.336691925233341,-3.17506878066879,7.26700068329052,-0.436915987632894,0.662172276872008,NA
"ENSMUSG00000000399",3180.8931549617,-0.293812801944858,0.259102754506189,-1.133962479499,0.25681028697126,0.466391638197851
"ENSMUSG00000000402",1.55746328418779,4.15465817864975,2.77616365515012,1.49654656379582,0.134511283249864,NA
"ENSMUSG00000000409",15089.2261578008,0.397605870418274,0.239553272165116,1.6597805858574,0.0969586007161655,0.252952168930931
"ENSMUSG00000000411",0.126480421708443,0,7.3561311249555,0,1,NA
"ENSMUSG00000000416",0.702117879988182,-2.74384245901198,6.66832569057015,-0.411473972078496,0.680725022727194,NA
"ENSMUSG00000000420",1112.20457585672,-0.0283211333666197,0.179456383646879,-0.157816249224925,0.874601594086924,0.941768709972684
"ENSMUSG00000000435",0.126481094910207,0,7.3561311249555,0,1,NA
"ENSMUSG00000000439",640.266524862662,0.361478102697195,0.29778227023461,1.2139006879503,0.22478565019156,0.427238824694649
"ENSMUSG00000000440",5.1609172702921,0.590546812659532,2.29609581463855,0.257196066860343,0.797027420100256,NA
"ENSMUSG00000000441",820.152565380453,0.217173657665739,0.205140891240537,1.05865610874768,0.289756423718199,0.501330201902228
"ENSMUSG00000000486",4483.3281994097,-0.269086002190651,0.258485962928724,-1.04100818141854,0.297871751166054,0.508988575508757
"ENSMUSG00000000489",89.1571647396029,-0.666099453567344,1.18471452363023,-0.562244692946166,0.573949314736522,0.747987999495125
"ENSMUSG00000000530",10.8008375038652,1.70583032255,1.17089766581585,1.45685688199012,0.145155890382572,NA
"ENSMUSG00000000531",32.2084571956058,0.58009149527123,0.558996441707188,1.03773736644837,0.299392343544744,NA
"ENSMUSG00000000532",43.3275351719356,0.621092139755921,0.526034366967223,1.18070639250576,0.237719381159134,NA
"ENSMUSG00000000538",47.3195381024671,0.105483135239337,0.492623877818983,0.214125096222188,0.830449505676734,NA
"ENSMUSG00000000544",0.243151726047809,0,7.3561311249555,0,1,NA
"ENSMUSG00000000552",2.43239002946976,-0.327679678151663,2.5292439324466,-0.129556376096429,0.896917419097504,NA
"ENSMUSG00000000555",7.22737564217758,0.0419161345705648,1.26106306261901,0.0332387299359258,0.973484213151717,NA
"ENSMUSG00000000560",53.9712778963829,0.295277849970405,0.44443401521072,0.664390752877914,0.506440249750712,NA
"ENSMUSG00000000561",515.96696944721,-0.359436199052492,0.296724900388634,-1.21134491436924,0.225763241770839,0.428075419924935
"ENSMUSG00000000562",123.78941383403,0.446649720748858,0.505830322746183,0.883003055894256,0.377234620422679,0.586038696036175
"ENSMUSG00000000563",10748.2124392784,-0.800702221354306,0.251344960780023,-3.18567047801321,0.00144418988444256,0.0237534392807233
"ENSMUSG00000000567",4.7919949520734,1.08768654945857,1.29237678385439,0.841617214922915,0.400002250141748,NA
"ENSMUSG00000000568",2222.9725333212,-0.0855035657424069,0.152903474255567,-0.559199626814848,0.57602548781116,0.749507956695185
"ENSMUSG00000000579",576.14833851885,0.237631072539437,0.267461290553733,0.888469026854176,0.374288509450013,0.583463459292541
"ENSMUSG00000000581",3562.63590658693,-0.951892549060289,0.314918130002056,-3.02266671358068,0.00250558027967099,0.0301761849795416
"ENSMUSG00000000594",1132.30153904676,0.083149672622159,0.242309228572165,0.343155203423856,0.731481703232007,0.85388481771946
"ENSMUSG00000000600",1495.27180832781,0.700598986572641,0.256738518148246,2.72884252673026,0.00635570462597251,0.0482034374730775
"ENSMUSG00000000605",798.926852487262,0.420802279718515,0.176773044507918,2.38046632556395,0.0172907413111862,0.0873818905220222
"ENSMUSG00000000606",0.281124809951729,-1.00453341783704,7.2912388458348,-0.137772666494239,0.890420087299065,NA
"ENSMUSG00000000617",19.7538546432575,0.586961510375988,0.869056626623525,0.675400764915011,0.49942117966209,NA
"ENSMUSG00000000627",122.667580002217,0.0769848168051532,0.394078782157551,0.195353874125542,0.845115923967241,0.92595812854165
"ENSMUSG00000000628",881.732866940094,0.261788057141394,0.410200887894449,0.638194759853266,0.523346907886915,0.709489674101458
"ENSMUSG00000000631",285.383355392276,0.539076888304931,0.304674989499795,1.76935064210544,0.0768353770835374,0.218409231366041
"ENSMUSG00000000632",6.72026261334952,0.244155997073458,1.03654459318692,0.235547991546398,0.813783434595608,NA
"ENSMUSG00000000673",480.01007037259,-0.0976015706308416,0.256804707975387,-0.380061453702773,0.703899798123968,0.838117261437657
"ENSMUSG00000000682",73767.1192648213,-0.448255190567309,0.211455354433468,-2.11985736548633,0.0340180757983756,0.132755104329626
"ENSMUSG00000000686",14.9516240497721,-1.09059782787898,0.938221291072887,-1.16241001803726,0.245068955899605,NA
"ENSMUSG00000000690",0.295620653373907,0,7.3561311249555,0,1,NA
"ENSMUSG00000000693",3.52861921441996,2.15434926343603,1.94655679224261,1.10674873295324,0.26840257917942,NA
"ENSMUSG00000000701",0.26276297316596,0.76834022810761,7.27892850200484,0.105556776371136,0.915934020540655,NA
"ENSMUSG00000000706",0.41822845407897,-2.79679777908399,7.32293709743478,-0.381922955485129,0.702518512653732,NA
"ENSMUSG00000000708",447.133474211395,0.69032721951291,0.391667317541026,1.76253465274288,0.07797900690754,0.220486980343545
"ENSMUSG00000000711",175.719967229257,-0.442368457701359,0.329285570221255,-1.34341889747589,0.179136371178713,0.371307339676952
"ENSMUSG00000000724",5.70424316000793,0.484338273488812,1.17078557667677,0.413686573474529,0.679103661333329,NA
"ENSMUSG00000000730",0.406898227358494,1.08703376984979,7.3544785386593,0.147805689300163,0.882496119247146,NA
"ENSMUSG00000000731",3.20643567537324,-1.20364368886939,1.7326090007601,-0.694700124691345,0.487243249890933,NA
"ENSMUSG00000000732",31.9626955131938,-0.0301809660682383,0.571805575594096,-0.0527818673976392,0.957905709079873,NA
"ENSMUSG00000000738",396.437461415328,0.535104004209317,0.229179289794664,2.33487068001977,0.019550177452952,0.0944964116942023
"ENSMUSG00000000739",61.9089614306295,0.333486462426518,0.503021482854366,0.662966640180393,0.507351919788847,NA
"ENSMUSG00000000740",35334.912451291,-0.565083710281044,0.213214162769061,-2.65031038718147,0.00804178531057899,0.054709599308378
"ENSMUSG00000000743",743.583204438077,-0.232372594339621,0.264549600180136,-0.878370612472651,0.379742627043145,0.588547486409766
"ENSMUSG00000000751",1784.1285132969,-0.148648180827295,0.158061145249845,-0.940447322410129,0.346988158203106,0.555641980210222
"ENSMUSG00000000753",30.9470689316433,2.93299085201622,1.85787610579663,1.57867946245995,0.114409597869117,NA
"ENSMUSG00000000759",452.95727003669,0.558839629494102,0.203582648733314,2.74502583089074,0.00605061349899624,0.0468732871767851
"ENSMUSG00000000766",11.6548756883329,0.377206635747587,0.715256121408196,0.527372817173438,0.597934716396804,NA
"ENSMUSG00000000776",179.594526917608,0.242538567074875,0.220869538487581,1.0981078184691,0.272157411713285,0.483148035819223
"ENSMUSG00000000782",1457.93841723633,-0.0203828897929821,0.267936498740835,-0.0760735841842052,0.939360555993475,0.976709697695961
"ENSMUSG00000000787",2224.19866560586,0.0558778049714487,0.200639080933039,0.278499107509854,0.780629250055608,0.888089917557819
"ENSMUSG00000000791",105.633145353396,0.11158888642058,0.511667162554233,0.218088817471754,0.827359910077215,0.915122827695342
"ENSMUSG00000000792",0.964745264866545,1.15554206315249,4.36550104227458,0.264698611216093,0.791241647435056,NA
"ENSMUSG00000000794",0.637764187380343,-1.38784707294735,5.3864195562032,-0.257656697267308,0.796671868470811,NA
"ENSMUSG00000000804",241.170183468442,0.482413001882445,0.32228625849575,1.49684632579148,0.134433249038321,0.310411741822892
"ENSMUSG00000000805",0.159964625074619,-2.49897656296655,7.29644193213994,-0.342492489655658,0.731980295025134,NA
"ENSMUSG00000000811",12.5470071964746,1.13681207641993,0.894984382987969,1.27020325497144,0.204012238512454,NA
"ENSMUSG00000000817",1399.63838580498,0.281544958449011,0.510131954155575,0.551906141451292,0.581012660457355,0.752727411352681
"ENSMUSG00000000823",134.881855113462,0.835818962782706,0.356239757444463,2.3462259484415,0.0189646069480152,0.0928079306393268
"ENSMUSG00000000826",1470.82028102425,0.0824368115475744,0.200222149175751,0.411726733964946,0.680539727735446,0.824629201675579
"ENSMUSG00000000827",1299.61353989684,-0.623761547646055,0.248440005965678,-2.51071297966491,0.0120487616567145,0.0703689058514975
"ENSMUSG00000000838",1155.91230102328,0.439628649055565,0.217053432579246,2.02543974463549,0.0428222298108811,0.153621813721829
"ENSMUSG00000000861",46.4106501570459,0.794327539959763,0.896881530027058,0.885654920261095,0.375803507182271,NA
"ENSMUSG00000000869",0.919721670252219,0.169493487857004,2.66238590957006,0.0636622539383761,0.949239160743783,NA
"ENSMUSG00000000876",1070.9200905977,-0.0740122595026462,0.203611587579294,-0.363497286095385,0.716233439867025,0.845167429042085
"ENSMUSG00000000881",38.7847907376648,-0.276893017110243,0.550838254431244,-0.50267572174366,0.61519228173953,NA
"ENSMUSG00000000884",186.736125613882,0.0774151058792517,0.32742262622953,0.236437862498183,0.813092918874977,0.90613568242155
"ENSMUSG00000000889",0.31909091885617,-3.86908544082934,7.24612123144238,-0.53395262337602,0.593374312550022,NA
"ENSMUSG00000000901",19.6862191396308,0.152069289701228,1.17039235814186,0.12993017994637,0.896621666532124,NA
"ENSMUSG00000000902",816.987218309838,-0.0655030308708733,0.172312762280414,-0.380140333217318,0.703841247493474,0.838117261437657
"ENSMUSG00000000903",28.9612583807942,0.570922589428738,1.90734496914138,0.299328437522105,0.764689458681162,NA
"ENSMUSG00000000915",587.307359681895,0.264116478333405,0.276371255755138,0.955658277890554,0.339244907868568,0.548155302287275
"ENSMUSG00000000916",447.284376330752,0.0380390449403703,0.203452050897964,0.186968107583481,0.851685638434852,0.928932200808619
"ENSMUSG00000000934",56.8962067421023,0.413468495359161,0.491530315413728,0.841186153515554,0.400243656296502,NA
"ENSMUSG00000000938",0.250055789073197,2.15859359769202,7.28506251499899,0.296304059607966,0.766997885965101,NA
"ENSMUSG00000000942",0.691394973841116,-1.45884356356664,5.83098925086237,-0.250188004265466,0.802441961541153,NA
"ENSMUSG00000000948",102.561109665733,0.00913043483044938,0.419610628414787,0.0217593030589871,0.982639957948164,0.997473401552434
"ENSMUSG00000000957",3.44713054811871,3.73929668101003,2.02066739210306,1.85052557171137,0.0642378358905158,NA
"ENSMUSG00000000958",8.55726650687539,0.59776484081451,1.14545141220056,0.521859621846486,0.601768073738702,NA
"ENSMUSG00000000959",524.955825519303,0.0229272467678586,0.197693026091721,0.115973978552088,0.907673164720177,0.959936159635824
"ENSMUSG00000000976",352.354759354415,1.02612426208516,0.376720002527385,2.72383801019582,0.00645281476820563,0.048577852820009
"ENSMUSG00000000982",1792.45075589097,-0.500300022723012,0.647640902019686,-0.772496025440662,0.439820700028695,0.64133760433451
"ENSMUSG00000000983",1.95393618092685,-3.1952463010692,2.78356638627404,-1.14789656780782,0.251011265256488,NA
"ENSMUSG00000001014",14.1778148992433,0.327034972658076,0.818192107942498,0.399704384194647,0.689374262597974,NA
"ENSMUSG00000001016",1781.14797469384,0.255823750404467,0.200431697969231,1.27636373386279,0.201826969982956,0.398640990728985
"ENSMUSG00000001017",1432.17187120592,-0.155035107621342,0.151251468318356,-1.02501555419629,0.305355848548484,0.516591231028882
"ENSMUSG00000001018",1049.5074297223,-0.377157793238445,0.263009628708285,-1.43400754980254,0.151570108376144,0.335183561811674
"ENSMUSG00000001020",23038.6221846636,2.02903042438223,1.10143995788699,1.84216162656269,0.0654515116221169,0.197916241169968
"ENSMUSG00000001021",34.3349101162623,-1.03812887318235,1.71406046686199,-0.605654755624173,0.54474403408064,NA
"ENSMUSG00000001023",7.35248404757856,0,2.28028211382054,0,1,NA
"ENSMUSG00000001025",40090.6708841379,0.0517161698584229,0.362301130505296,0.142743606088932,0.886492676648793,0.949196285601529
"ENSMUSG00000001027",1.09086173615677,1.34726568374824,3.40023368788739,0.396227379473235,0.691937294803276,NA
"ENSMUSG00000001029",1404.19438126503,-0.447485422131797,0.268854559808952,-1.66441447915103,0.0960296285303516,0.25125804076827
"ENSMUSG00000001034",77.0251561497696,0.536679273314552,0.366888911492293,1.46278411939911,0.143526459839907,0.322329931386155
"ENSMUSG00000001036",12.1212673976485,-0.374479361108237,1.57244411977395,-0.238151140888918,0.81176387085128,NA
"ENSMUSG00000001039",46.5227662407185,-0.9593239537444,0.818855222351122,-1.17154281679973,0.241380657848877,NA
"ENSMUSG00000001052",576.097761164376,0.190015496842289,0.283412041926805,0.67045668049406,0.50256671266662,0.692869170810256
"ENSMUSG00000001053",69.8319379631543,-0.0361929519425803,0.357384137292044,-0.101271847756926,0.9193346635121,0.965622169579303
"ENSMUSG00000001054",815.478887895157,-0.0851909245707263,0.19508646141226,-0.436682914611381,0.662341321637902,0.81080420611649
"ENSMUSG00000001056",5595.64798403749,-0.570041021909245,0.229367845801604,-2.48526998157498,0.0129453215653919,0.073242485547895
"ENSMUSG00000001062",109.76794482849,0.527553969030546,0.409962229892097,1.28683554377534,0.198151615292816,0.394348443158745
"ENSMUSG00000001065",59.7797414460215,0.870995428046264,0.430370247449777,2.02382816471975,0.0429878352271654,NA
"ENSMUSG00000001076",0.760342366673253,-1.66435821184857,4.93450318442743,-0.33728992557975,0.735898353440652,NA
"ENSMUSG00000001082",278.118391398555,-0.0890322810996491,0.296278527089801,-0.30050197013658,0.763794293879039,0.875691560349293
"ENSMUSG00000001089",118.284382734166,-0.364025332174611,0.521445745256912,-0.698107781079427,0.485109792303391,0.677878187294179
"ENSMUSG00000001095",0.315794007626259,-2.55630584901453,7.29465344237389,-0.350435544225475,0.726011855039221,NA
"ENSMUSG00000001098",651.063016108702,-0.245308992274431,0.210870980289766,-1.16331318770057,0.244702456995972,0.451284288694997
"ENSMUSG00000001100",939.079791372339,0.223604944437992,0.284714767868413,0.785364756847933,0.432239738035711,0.634777865173526
"ENSMUSG00000001103",0,NA,NA,NA,NA,NA
"ENSMUSG00000001105",1681.94177818648,-0.624362088365867,0.211114817049273,-2.95745271266367,0.00310192323113718,0.0333454263902978
"ENSMUSG00000001119",0.529880653422608,-1.32538991051713,7.24540732003327,-0.18292828159605,0.854854291800657,NA
"ENSMUSG00000001120",11.0157104690987,-0.445970190116147,1.06846755532613,-0.417392355896127,0.676391445186735,NA
"ENSMUSG00000001123",3798.08433469364,-0.745705773239395,0.321837694915385,-2.31702434183619,0.0205024058125094,0.096780772093851
"ENSMUSG00000001127",1007.62994785794,0.169179192883886,0.197024971636374,0.858668784361611,0.390523277140887,0.598499627060104
"ENSMUSG00000001128",47.8938120358796,0.404610288277516,0.676099486400172,0.598447856293792,0.549541141847182,NA
"ENSMUSG00000001131",2.00355582537917,1.64650850290454,2.21270736049932,0.744114893951904,0.456806969496245,NA
"ENSMUSG00000001134",1553.46426023,-0.632607580849005,0.26528948835216,-2.3845934672287,0.0170980040407935,0.086786160212814
"ENSMUSG00000001138",143.839023241834,0.50347544071748,0.242124288060905,2.0794090702327,0.0375797675409871,0.140924128278701
"ENSMUSG00000001143",257.862078098169,0.706248808022618,0.246240460596929,2.86812657152505,0.00412910310905265,0.0383250556178267
"ENSMUSG00000001150",364.545303681143,0.160140260518661,0.229834394430103,0.696763688984603,0.485950693649907,0.678381952652073
"ENSMUSG00000001151",569.349544983176,-0.14540407298667,0.237280186996735,-0.612794834777632,0.54001200662496,0.723200057995574
"ENSMUSG00000001155",0.719688142869506,0.0255402072189984,7.12303223906216,0.00358558074171528,0.997139126614758,NA
"ENSMUSG00000001156",179.046501013723,-0.207100326149834,0.320452009428965,-0.646275635839762,0.518100863697228,0.705017843102438
"ENSMUSG00000001157",718.16921609986,0.138644817934953,0.1918159352979,0.72280135495328,0.469801934776396,0.666365258689062
"ENSMUSG00000001158",2460.63914183044,-0.621887063990635,0.212669240090259,-2.92419845825706,0.00345344493183217,0.0351930960321248
"ENSMUSG00000001166",138.019761358493,-0.549969344073111,0.345804585413019,-1.59040500696728,0.111743542451555,0.276793788376048
"ENSMUSG00000001168",0.326640064115782,0,7.35613112495549,0,1,NA
"ENSMUSG00000001173",225.725170494677,0.326752085943824,0.467848763987804,0.698413912989076,0.484918377919632,0.677802342439984
"ENSMUSG00000001175",60585.6425577164,-0.772377790744449,0.24480885053769,-3.15502396685424,0.00160484921418268,0.0245952472592183
"ENSMUSG00000001211",1234.29396526769,-0.324660314458078,0.235047563096326,-1.38125369257722,0.167200971004847,0.354826448772631
"ENSMUSG00000001225",10.4652013380116,0.835827629823921,0.96642508821705,0.864865409657289,0.387112664935436,NA
"ENSMUSG00000001227",4.38025317003067,3.3160666928073,1.75090888531103,1.89391162534322,0.0582367411591035,NA
"ENSMUSG00000001228",1115.40200560933,0.599807466857377,0.269726544216483,2.22376136023146,0.0261645043958575,0.112206562235597
"ENSMUSG00000001229",393.558730823051,0.0328683632853116,0.162956597436735,0.201700107895737,0.840151178244704,0.923176344703079
"ENSMUSG00000001240",11.070021431207,-4.80653682241275,1.88999262414564,-2.543151100701,0.0109857710395871,NA
"ENSMUSG00000001247",17.895686779352,0.316805274833185,0.976183020870191,0.324534711278606,0.745533247267345,NA
"ENSMUSG00000001248",1558.99347046897,-0.0538511109334802,0.165327318310525,-0.325724214750371,0.74463302179283,0.863019981289966
"ENSMUSG00000001249",2.11381628776889,0,3.28934368549214,0,1,NA
"ENSMUSG00000001260",0.778894497720279,1.56516380333866,4.29242382078935,0.364634031653202,0.715384607784945,NA
"ENSMUSG00000001270",80.7314681954927,-0.756924420199008,0.42111669391216,-1.7974220237322,0.0722686469643442,0.210127310203789
"ENSMUSG00000001280",849.000196059879,0.0022692044125757,0.146923946030569,0.0154447554253925,0.987677358010786,0.999814714176817
"ENSMUSG00000001281",5263.6207928124,0.341218308857078,0.340359247586433,1.00252398392797,0.316090588895085,0.527457186828952
"ENSMUSG00000001285",676.406682100088,-0.589888521642548,0.230899382219688,-2.55474274539766,0.0106266304064032,0.0652871375295683
"ENSMUSG00000001288",43.5038535976706,-0.27749391817422,0.469207385244613,-0.591409954107081,0.554245772428647,NA
"ENSMUSG00000001289",3712.10799985482,-0.651838852511875,0.204428877566609,-3.18858499968766,0.00142970969788105,0.023593790256351
"ENSMUSG00000001300",4.40692686646264,1.00476949871823,1.91092674252851,0.525802207042605,0.599025640928944,NA
"ENSMUSG00000001305",860.165521214273,-0.964000734971066,0.337978593732213,-2.85225381976369,0.00434104226654394,0.0394404437543997
"ENSMUSG00000001313",8.37041495345959,3.35522775830795,1.88568589315916,1.77931423811355,0.0751882579525167,NA
"ENSMUSG00000001323",160.287462771105,0.0821059023281904,0.300826911689021,0.272934033285783,0.784903924575257,0.890380456096673
"ENSMUSG00000001333",0.832782017183325,0.982046175005945,5.50980283985854,0.178236173516358,0.858537502170187,NA
"ENSMUSG00000001334",48.9009750648797,-0.343101142926914,0.448542220109808,-0.764924967025221,0.444316225811056,NA
"ENSMUSG00000001348",2643.67005309353,-0.429868540017703,0.260235864297887,-1.65184203636759,0.0985667568215045,0.25583167342984
"ENSMUSG00000001349",1.22522573608864,-0.221245764154063,2.83500636247214,-0.0780406587733848,0.937795710573296,NA
"ENSMUSG00000001366",458.23326350712,0.0665287428266658,0.187687592689098,0.354465321193979,0.722990188743903,0.849335465636689
"ENSMUSG00000001376",327.376062243704,0.930177193104506,0.241656136776062,3.8491767910967,0.000118515449662432,0.00802414534187082
"ENSMUSG00000001380",1028.1777486676,-0.356912713104271,0.159001966741178,-2.24470627891824,0.0247869946990373,0.108176354348779
"ENSMUSG00000001383",1753.30934033415,-0.732629910579325,0.215961840678937,-3.39240445569502,0.000692820897052516,0.0163831214231918
"ENSMUSG00000001403",8664.80269303923,0.534486955901676,0.362612553277039,1.47398911337006,0.140484522372741,0.318611495126316
"ENSMUSG00000001415",399.840326302208,1.07988360518489,0.31998217873598,3.37482421505703,0.000738628545448264,0.0170194479528114
"ENSMUSG00000001416",3053.32609726424,-0.252815738451545,0.151174857643485,-1.67233984799086,0.0944573262041477,0.248657967916911
"ENSMUSG00000001418",1922.90895178443,-0.00157432233608691,0.313671324670149,-0.00501901899302539,0.99599541904803,1
"ENSMUSG00000001419",690.589215500057,0.200619777281033,0.209019279994873,0.959814698844785,0.337148483202818,0.545630772177449
"ENSMUSG00000001420",12.7113879776118,1.03251262885272,0.824799492655256,1.25183470412764,0.210630101587968,NA
"ENSMUSG00000001424",528.258061533426,0.300772919124245,0.178770833486711,1.68244961025257,0.092481688271769,0.245484164914085
"ENSMUSG00000001435",5.07412599927382,0.728510153068245,1.16557532595494,0.625021941393092,0.531956657578526,NA
"ENSMUSG00000001436",158.906129205194,0.00699121636179756,0.400170516274747,0.0174705933532533,0.986061192369917,0.99899711864063
"ENSMUSG00000001440",1903.03133913361,-0.0471121213580855,0.163085278233557,-0.288880283176851,0.772672992517264,0.881869591390504
"ENSMUSG00000001441",519.545591358825,0.832954138208419,0.291681392367945,2.8556985807229,0.00429422594478412,0.0391590622363386
"ENSMUSG00000001444",806.880368709747,-1.01069415966491,0.641938969075186,-1.57443964045519,0.115385845542292,0.282814054843927
"ENSMUSG00000001445",868.226170933991,-0.267867704385364,0.178641446239061,-1.49947120349047,0.133751433775398,0.309343220137999
"ENSMUSG00000001467",556.881384946631,0.1151959060193,0.245594046560711,0.469050075246116,0.639033843345901,0.794530048218177
"ENSMUSG00000001472",1357.89108142225,0.376890699309399,0.19743719622844,1.90891436116894,0.0562731401004341,0.180032115446346
"ENSMUSG00000001473",74.6548638667376,-0.513734544115212,0.568877013715553,-0.903067854262234,0.366489883530415,0.575679723295432
"ENSMUSG00000001482",112.020433001028,0.132999565652814,0.316687634591373,0.419970820219821,0.674506770396108,0.820746722962998
"ENSMUSG00000001493",0.0406180793754555,0,7.3561311249555,0,1,NA
"ENSMUSG00000001494",0.0851001197255725,0,7.3561311249555,0,1,NA
"ENSMUSG00000001496",0.557833796663854,-4.60632198866555,7.23423971608039,-0.636738920667301,0.524294917253122,NA
"ENSMUSG00000001497",2.83893782649666,2.28714554953484,1.93228458150054,1.18364839808365,0.236552273488407,NA
"ENSMUSG00000001504",0.202275814074435,0,7.35613112495549,0,1,NA
"ENSMUSG00000001506",5.20974794716783,-0.998909160775424,1.61060225619162,-0.62020846980397,0.535120545976892,NA
"ENSMUSG00000001507",22.4673704234751,0.23698068452878,0.869884581139164,0.27242773313494,0.78529315085961,NA
"ENSMUSG00000001508",0.222657943516717,3.1952934403894,7.25490609015162,0.440432088394217,0.659624188518092,NA
"ENSMUSG00000001510",0.349858613534726,0,7.3561311249555,0,1,NA
"ENSMUSG00000001517",403.804721293449,-0.695867062352579,0.444288158874929,-1.56625165098868,0.117289715054159,0.285386556953971
"ENSMUSG00000001518",330.592452420423,0.389152724250063,0.305809907372497,1.2725314480281,0.203184357823227,0.400254559004106
"ENSMUSG00000001520",135.474306048797,0.557794997854903,0.398393581201636,1.40011040381845,0.16148026005465,0.347990488476175
"ENSMUSG00000001521",1239.75266656571,0.477391574415944,0.308485681515296,1.54753235894443,0.121734927807011,0.291297448891867
"ENSMUSG00000001524",173.984596906302,-0.0312823158101266,0.374531300994601,-0.0835239023468896,0.933434972468202,0.973312732367951
"ENSMUSG00000001525",10057.5583163097,-0.154844106430008,0.205425756079137,-0.753771627207041,0.450986363635061,0.651088097638759
"ENSMUSG00000001542",121.691037900978,0.110542273434969,0.457859582851319,0.241432695907701,0.809219774436779,0.904122207594037
"ENSMUSG00000001552",29.7717725771248,0.91669282029985,0.651102320048288,1.40790900611729,0.15915801594239,NA
"ENSMUSG00000001555",54.5223999098352,0.698112844522142,1.30990802050579,0.532947988403477,0.594069584835119,NA
"ENSMUSG00000001558",11.4403611625807,0.881976932089209,0.899767609547425,0.980227475106417,0.326973845140875,NA
"ENSMUSG00000001566",0.129822850247564,0,7.3561311249555,0,1,NA
"ENSMUSG00000001569",452.439611700884,-0.149828253607635,0.341542133789833,-0.438681611387459,0.66089225306382,0.809665679877905
"ENSMUSG00000001576",548.258607472283,-1.06578331161165,0.331913703198522,-3.21102533984321,0.00132262271393472,0.0225415957366288
"ENSMUSG00000001583",3.55340599237247,-0.113193335996411,1.42784128565439,-0.079275853089325,0.93681321228545,NA
"ENSMUSG00000001588",1060.42083651369,0.342736938801934,0.197308071281867,1.73706496939151,0.0823757037479542,0.227962998753787
"ENSMUSG00000001604",1.51219963032792,2.05198543725413,3.67912381761078,0.557737531809052,0.577023624900222,NA
"ENSMUSG00000001622",39.6789286969656,1.31974655890141,0.573788121561186,2.3000590449844,0.021444875131481,NA
"ENSMUSG00000001627",817.118341225916,-0.274385959602078,0.312005050673249,-0.879427941983643,0.379169287365921,0.588119944392301
"ENSMUSG00000001630",286.015115194491,0.236793129383251,0.27324298619528,0.866602772427692,0.38615969395646,0.594928650380265
"ENSMUSG00000001632",716.324147490277,0.0486945809872966,0.237898377322931,0.204686478046872,0.837817085691098,0.921505427726754
"ENSMUSG00000001642",3158.81593350873,-0.447033617322108,0.143622539731976,-3.11255892115784,0.00185472986462687,0.0260056804423214
"ENSMUSG00000001655",0.166355724597911,0,7.3561311249555,0,1,NA
"ENSMUSG00000001656",0.228665348482194,2.16128217720952,7.28483425661468,0.296682409108631,0.766708988192858,NA
"ENSMUSG00000001657",0.447649261229197,-0.225495213061498,5.67178202388405,-0.0397573835016809,0.968286552387174,NA
"ENSMUSG00000001661",0.472572946431744,2.58059551932435,7.27601733646363,0.354671436307847,0.722835752075955,NA
"ENSMUSG00000001663",114.811210965978,-2.89335609864827,1.18964234085947,-2.43212266348719,0.0150106228372241,0.0799892219654771
"ENSMUSG00000001665",60.207681940913,-0.201718353227272,0.743478948886677,-0.271316832210698,0.786147361606238,NA
"ENSMUSG00000001666",1412.87974586241,-1.01431782117542,0.250691193630226,-4.04608477261294,5.20813790490113e-05,0.00578454417864581
"ENSMUSG00000001670",0.201888546843225,2.89614619047017,7.25875033097336,0.398986885953662,0.689902867173065,NA
"ENSMUSG00000001672",0.871083612605444,0.787605931792827,5.49946646803767,0.143214971192262,0.88612040640221,NA
"ENSMUSG00000001674",1159.44471680001,0.102932541502317,0.270390455503801,0.380681120236029,0.703439879780533,0.838117261437657
"ENSMUSG00000001687",1162.17252105298,-0.210838291604368,0.146426921705158,-1.43988748209095,0.149899235206658,0.332791787899862
"ENSMUSG00000001700",3124.33498383871,0.248498985408207,0.189386153394221,1.31212858466446,0.189476752758992,0.384279380595535
"ENSMUSG00000001707",1591.28972210749,-0.685696713987177,0.240949673717288,-2.84580885048934,0.00442987776598857,0.0398149985459156
"ENSMUSG00000001729",694.611037847847,-0.188438357164065,0.239031753490148,-0.788340270330786,0.430497698295474,0.633146595206073
"ENSMUSG00000001739",4.18807276132096,0.434581693274448,1.98601670738362,0.218820764024169,0.826789671474915,NA
"ENSMUSG00000001741",1537.68466140115,-0.113396637345976,0.201114574638895,-0.563840972488356,0.57286236475215,0.747132092638813
"ENSMUSG00000001750",340.926524035113,1.28119574386614,0.391071838514661,3.27611353640875,0.00105246242195325,0.0201008694804716
"ENSMUSG00000001751",44.4204205548978,0.651958367667803,0.576236040601685,1.1314085231237,0.257883185807906,NA
"ENSMUSG00000001755",189.887483189763,-0.2401245581858,0.267354713239742,-0.898149710083756,0.369105740161749,0.578685208802361
"ENSMUSG00000001761",15.1395883320878,2.40018834505424,0.981589682888249,2.44520535096893,0.0144769687107741,NA
"ENSMUSG00000001763",145.506133332364,0.617658363032235,0.386331866300489,1.59877663974998,0.109870241393218,0.273982678146307
"ENSMUSG00000001767",631.816880509886,0.114003006729633,0.187966062341771,0.606508458544748,0.544177167234999,0.726623166029713
"ENSMUSG00000001768",4.12163373718982,-2.44833961968365,2.17082063785303,-1.12784058571743,0.259387249613083,NA
"ENSMUSG00000001773",0.354096421797851,0.889452446030367,7.17972581809481,0.123883901497841,0.901407199493853,NA
"ENSMUSG00000001774",1590.32038859449,-0.0250100651382915,0.264200779747797,-0.0946631011542274,0.924582427330374,0.968577500440944
"ENSMUSG00000001783",1117.99709519284,-0.202474380332954,0.135302223386057,-1.49646011178423,0.134533794991158,0.310498847417136
"ENSMUSG00000001785",577.057129839504,-0.0492479983012327,0.328850230727368,-0.14975813820262,0.880955437679088,0.946071103134893
"ENSMUSG00000001786",453.051284630088,-0.304792836692083,0.180273310688022,-1.69072635061078,0.0908890791651998,0.242791027644351
"ENSMUSG00000001794",1502.19876759408,-0.101513677140138,0.213342629478243,-0.475824627213056,0.634199323235427,0.79104861958135
"ENSMUSG00000001802",0.258602411662528,-2.25171092730117,7.30494899492223,-0.308244578965078,0.757896233635593,NA
"ENSMUSG00000001804",0.276996694815906,-1.69245016710208,7.26728699958578,-0.232886105529965,0.815849848012558,NA
"ENSMUSG00000001815",0.34887491245897,-0.691787483993466,7.19564653468673,-0.0961397256881217,0.923409600879953,NA
"ENSMUSG00000001819",0.0761524196209141,-2.55627499047924,7.29465809108018,-0.350431090609309,0.726015196884991,NA
"ENSMUSG00000001823",0.0406180793754555,0,7.3561311249555,0,1,NA
"ENSMUSG00000001827",0.632598538591802,0,7.3561311249555,0,1,NA
"ENSMUSG00000001829",254.57001662607,0.117874702314937,0.256641981414406,0.459296260359685,0.646021432876969,0.798839362520495
"ENSMUSG00000001833",8423.02309303925,-0.624321777581263,0.277664449559277,-2.24847573599075,0.0245458706027056,0.107551387813717
"ENSMUSG00000001844",704.096481988452,-0.132243445957852,0.285561029493451,-0.463100466448223,0.643292355684202,0.79735986657534
"ENSMUSG00000001847",7589.0424660867,-0.710323576663781,0.246116116909311,-2.88613190222533,0.00390008667316546,0.0375022925722185
"ENSMUSG00000001855",785.854312645787,0.275148378110759,0.219519057110571,1.25341454055248,0.210054882450768,0.409401776522837
"ENSMUSG00000001864",2.95029027262544,2.37038414436809,2.81002111423682,0.843546737908362,0.398922737994643,NA
"ENSMUSG00000001865",22.9412192320215,-1.09957590046121,0.823233702191618,-1.33567891782603,0.181654243053592,NA
"ENSMUSG00000001870",40.1703570410271,0.251294889763941,0.766568243405782,0.327818027847677,0.743049255637159,NA
"ENSMUSG00000001891",595.628350103023,-0.547134662230326,0.214086089695204,-2.55567591060814,0.0105981776866785,0.0652757058903305
"ENSMUSG00000001901",1.5158934796783,1.59057506717869,2.26283340409335,0.702913022364537,0.482109955157482,NA
"ENSMUSG00000001909",640.011632937496,0.165970795479177,0.307754114048959,0.539296756412404,0.589682106586215,0.758961805063843
"ENSMUSG00000001910",104.67495523155,-0.545092326928627,0.330162549205901,-1.65098170049774,0.0987423115750687,0.256051350975749
"ENSMUSG00000001911",32.1962353990387,-0.273481455400546,0.659401194707451,-0.414742129064353,0.678330688133836,NA
"ENSMUSG00000001918",1643.1936069079,0.760046473647563,0.195886597583656,3.88003305495657,0.000104442270065716,0.00759219421493503
"ENSMUSG00000001924",2444.15050414233,-0.0797030807006999,0.124861986414197,-0.63832943067481,0.523259257779432,0.709489674101458
"ENSMUSG00000001930",15.7644105830901,-0.489506655167434,0.972518645380735,-0.503339095340219,0.614725884025987,NA
"ENSMUSG00000001942",129.590551228607,0.993135589452315,0.40155697150446,2.47321217144224,0.013390461877249,0.0746557899924457
"ENSMUSG00000001943",0.0872910509690621,0,7.3561311249555,0,1,NA
"ENSMUSG00000001946",0.99947734960508,0.390318666362783,2.83186770788507,0.137830826375108,0.890374120941509,NA
"ENSMUSG00000001948",12.9979468436911,-1.68116468241515,0.982423861620837,-1.7112417033942,0.0870365030657951,NA
"ENSMUSG00000001962",842.788884153709,-0.491593132449913,0.209680864273332,-2.34448257428533,0.0190535008544679,0.0929175411674473
"ENSMUSG00000001964",771.650068965298,-0.526003083101274,0.189625004170531,-2.77391204499717,0.00553866505218783,0.0444396948383739
"ENSMUSG00000001983",65.1596135187592,0.318977782595919,0.393263800800308,0.811103849240094,0.417306035535164,NA
"ENSMUSG00000001985",3.97172981708112,1.6467046511758,1.44277762904207,1.14134334912659,0.253727069436249,NA
"ENSMUSG00000001986",43.7112796495657,-0.229671689731193,0.856062689344909,-0.268288400592422,0.788477334036269,NA
"ENSMUSG00000001988",0.959073276726967,3.4792714596738,3.80513165222772,0.914362964980949,0.360526155311351,NA
"ENSMUSG00000001995",23.9701054021339,0.236615181548009,0.613004941709896,0.38599229051564,0.69950237848773,NA
"ENSMUSG00000001998",224.378357227457,0.77462097442141,0.345804645439517,2.24005369689834,0.0250874370503696,0.109125092192755
"ENSMUSG00000001999",1719.39284519188,-0.732862000076298,0.267825055988914,-2.73634592316349,0.00621256804675502,0.0474934643927333
"ENSMUSG00000002006",2.45225180339064,0.529864171662964,1.7319518022158,0.30593470960628,0.759654357737602,NA
"ENSMUSG00000002007",8.78593114650036,0.578321301535724,1.65768733062409,0.348872366248946,0.727185131850153,NA
"ENSMUSG00000002010",3420.33308448433,-0.393795995947957,0.294332863462148,-1.33792737690197,0.180920111756724,0.373495289719593
"ENSMUSG00000002012",4.09763441668634,0.204789958245344,2.31747708524277,0.0883676302775139,0.929584487918356,NA
"ENSMUSG00000002014",4107.13241556525,-0.436193643350816,0.167640561903617,-2.60195765510258,0.00926932965832388,0.0598089580107908
"ENSMUSG00000002015",7909.07969270721,-0.370536058792264,0.239601191979265,-1.54647001432418,0.121991096459789,0.291839784246132
"ENSMUSG00000002017",334.794875897495,0.0725369222675818,0.227197796461119,0.319267719130345,0.749523509155305,0.866047912098211
"ENSMUSG00000002020",5.47989284699282,1.29772051435714,1.0032400678742,1.29352939133196,0.195828025492101,NA
"ENSMUSG00000002028",1110.58641489594,0.314981911189836,0.269076215846705,1.17060480503146,0.241757665024488,0.447690992650256
"ENSMUSG00000002031",475.052787220208,-0.271507378510738,0.222218382507526,-1.22180431450824,0.22178163659615,0.424208877274177
"ENSMUSG00000002032",5.1634836969677,1.55395705982471,1.32493548684307,1.17285488633664,0.240854003436643,NA
"ENSMUSG00000002033",25299.8621127299,-0.645283282807606,0.249044222594146,-2.59103895720235,0.00956866588462401,0.061060907216357
"ENSMUSG00000002043",1644.34640766033,-0.545551070544853,0.256929406946425,-2.12335005567741,0.0337245290747481,0.131817702611263
"ENSMUSG00000002052",438.513376109599,-0.18361994348253,0.174170725985387,-1.0542526158956,0.291767276471243,0.503381509807431
"ENSMUSG00000002055",669.886533710731,-0.664167819219294,0.317714104793072,-2.09045745593154,0.0365767262846427,0.138901628629924
"ENSMUSG00000002057",0.343609789590766,-0.10705416423446,7.17150607232771,-0.0149277101845516,0.988089852853229,NA
"ENSMUSG00000002058",509.237171840811,-0.663440625248795,0.262334019944478,-2.5289919522798,0.0114390650076763,0.0680765548470082
"ENSMUSG00000002059",104.613582976627,2.13604664222759,0.786609272892794,2.7155116470623,0.00661734487599055,0.04890614085195
"ENSMUSG00000002064",1389.62990204441,-0.0910830654411923,0.197499031590508,-0.461182339516697,0.644667791093086,0.798064009386995
"ENSMUSG00000002068",998.237310915751,-0.246609264228364,0.293339382724232,-0.840696063167902,0.400518226623268,0.605648259166438
"ENSMUSG00000002076",3.6211106930494,-0.904760158849782,2.13892492185868,-0.422997623527414,0.672296994938665,NA
"ENSMUSG00000002083",84.3478256663429,-0.886102750149793,0.511277964644169,-1.73311351441967,0.0830754947724635,0.228890068171681
"ENSMUSG00000002100",1.33868415810416,-0.00134979520061494,2.34898684404814,-0.000574628676203553,0.999541512676295,NA
"ENSMUSG00000002102",3131.59138465477,-0.0978865458234773,0.158424258707289,-0.617875990850216,0.536657086532027,0.720376874031652
"ENSMUSG00000002103",127.825832349213,1.30080819744099,0.408931202420013,3.18099521323622,0.00146770054689656,0.0237942384229693
"ENSMUSG00000002104",25.4954853105796,-0.0808619994959115,1.31699701246738,-0.0613987721539455,0.951041630195897,NA
"ENSMUSG00000002105",41.5198450269628,0.0155862326721486,0.529689947133307,0.0294252000750658,0.976525474750321,NA
"ENSMUSG00000002107",4720.75795714637,0.0740070255995013,0.127225611734557,0.581699113806654,0.560769368558804,0.738545337092287
"ENSMUSG00000002108",16.0955095790683,-0.200673841631972,0.908513049289929,-0.220881628270297,0.825184602651178,NA
"ENSMUSG00000002109",492.084556603867,0.115601613906593,0.223682382606812,0.516811438430523,0.605287794419562,0.770584475399471
"ENSMUSG00000002111",68.0090601146043,4.00859932498314,1.74821305793806,2.29296955927735,0.0218497575527238,0.100178503436306
"ENSMUSG00000002129",897.265728276459,0.0432241880453605,0.160857633679657,0.268710828678732,0.788152218101424,0.892650983223926
"ENSMUSG00000002147",890.644246907705,0.00637776810953357,0.189575966044001,0.0336422819971456,0.973162405178774,0.992746168750483
"ENSMUSG00000002190",10.0076457041125,1.10136361472747,1.38771479553694,0.793652714714574,0.427397634945215,NA
"ENSMUSG00000002204",160.219536895607,-0.985245260860334,0.707262682682809,-1.39304007546825,0.163607672333457,0.350435935214784
"ENSMUSG00000002205",1169.06392512791,-0.348457396368222,0.23657447414013,-1.47292896934359,0.140770189710981,0.319008098416562
"ENSMUSG00000002210",262.097132994786,0.402652233968374,0.234521835039511,1.71690722913087,0.0859961238305833,0.234115032791329
"ENSMUSG00000002221",456.063728603222,-0.424223305216262,0.259891408900909,-1.63230984437046,0.102614230453737,0.261769370919812
"ENSMUSG00000002222",767.065519745806,0.340165282852971,0.183595859099906,1.85279387302448,0.0639119087651923,0.195317820061343
"ENSMUSG00000002227",150.282825733522,0.320769675064342,0.410360915564525,0.781676965076135,0.434404442404421,0.635972735954932
"ENSMUSG00000002228",330.486422098962,-0.539011202306739,0.408217409992959,-1.32040228836893,0.186700739985445,0.380758575357154
"ENSMUSG00000002233",206.237499503631,-0.0782514250458917,0.837138147112287,-0.0934749244384818,0.925526269858643,0.969044399795056
"ENSMUSG00000002240",0.0380762098104571,-1.67431590235222,7.3501929692546,-0.227792101425878,0.819807867435575,NA
"ENSMUSG00000002249",5.39459656930823,1.41610646730165,1.16339606506692,1.21721785883829,0.223521337092213,NA
"ENSMUSG00000002250",33.7108532913375,0.402879633639716,0.419426350732308,0.96054917135344,0.336778896065469,NA
"ENSMUSG00000002257",977.623717416737,0.01134705925825,0.20080318622639,0.0565083625986742,0.954936833781388,0.984619860428603
"ENSMUSG00000002265",2.16036914566572,-1.28098298707672,2.04387340649633,-0.626742822234094,0.530827828963749,NA
"ENSMUSG00000002266",3.61281211278224,2.30666883948049,1.55694033072824,1.48153965438199,0.13846282611591,NA
"ENSMUSG00000002274",77.478301029008,-0.395798443700263,0.609955178764044,-0.648897587036266,0.516404574494229,0.703524995896339
"ENSMUSG00000002279",120.083923303061,0.271706690633766,0.304250019909874,0.893037544300742,0.371837067255547,0.581032154571781
"ENSMUSG00000002280",199.113221310071,0.00840925510001744,0.266582723310708,0.0315446364849994,0.974835195073966,0.994042284227992
"ENSMUSG00000002289",61.9272137750499,0.120744221179283,0.530008390072393,0.227815678847632,0.819789537218766,NA
"ENSMUSG00000002297",1419.45156033136,0.123633034872499,0.222735342654147,0.555066983978697,0.578848844552438,0.751526354096941
"ENSMUSG00000002307",445.975186278031,-0.155895719549827,0.243090117710275,-0.64130833872741,0.521322372543277,0.70786698524592
"ENSMUSG00000002308",222.666441602569,-0.566009877338594,0.247313756923828,-2.28863078374133,0.0221008137277609,0.101009301940758
"ENSMUSG00000002319",174.388344696787,0.36575063840059,0.265962031582132,1.37519869368137,0.169069853201615,0.35715598144965
"ENSMUSG00000002320",663.868971600415,0.281921733582455,0.198437513775007,1.42070785014019,0.155401709423835,0.339348729779651
"ENSMUSG00000002324",2.40126259408144,0,3.8232250349864,0,1,NA
"ENSMUSG00000002325",1027.40682026841,0.0590684465193408,0.185939479998029,0.317675657262066,0.750730978106619,0.866936415722421
"ENSMUSG00000002326",686.947063720873,-0.409755885950701,0.258112208447057,-1.58751067381126,0.112397031444995,0.277707599948401
"ENSMUSG00000002329",1792.13825956001,-0.312536157125349,0.205236546645699,-1.52280947147723,0.127806379663172,0.301303616258158
"ENSMUSG00000002332",667.695173283879,-0.279299956982477,0.2411923910768,-1.15799655095066,0.246865443931358,0.453665163275976
"ENSMUSG00000002341",22.1388983441342,0.543811582180944,0.559526455646144,0.971913975994125,0.33109334627986,NA
"ENSMUSG00000002342",191.134030626308,0.288142325439588,0.214638994635249,1.34245096483632,0.179449819361956,0.371644974731392
"ENSMUSG00000002343",78.9078031786028,-0.913572398379772,0.390029668996192,-2.34231513907905,0.0191645252815262,0.0933208534028998
"ENSMUSG00000002345",1245.95167463366,-0.740883360008329,0.236004194572355,-3.13928047486963,0.00169363258850418,0.0249535210838113
"ENSMUSG00000002346",51.3943124481148,0.571538219185179,0.513644410811105,1.11271184335999,0.265832207375075,NA
"ENSMUSG00000002365",97.3180822355823,-0.806733145380629,0.439061570677302,-1.837403223735,0.0661503912783708,0.199358724934968
"ENSMUSG00000002372",503.483589637722,0.0299339213385379,0.188364399283415,0.158914961916445,0.87373587259079,0.941554464249423
"ENSMUSG00000002379",6818.6961160771,-0.669904413976108,0.199634841105536,-3.35564879490131,0.000791790499606689,0.0177078033679007
"ENSMUSG00000002384",1.22155142222631,2.16953846255801,2.72208593116912,0.797013216120701,0.425443355798815,NA
"ENSMUSG00000002393",26.3356629982781,0.00846970977878709,0.717071539441562,0.0118115269020203,0.990575984173359,NA
"ENSMUSG00000002395",1473.49181356609,-0.50940072068668,0.181101016983636,-2.81279878584398,0.00491123726397188,0.0419598793036837
"ENSMUSG00000002396",230.364733627289,-0.288998011150442,0.305980732867615,-0.944497414729309,0.344915522334024,0.5535784929813
"ENSMUSG00000002409",22.5535726219595,-0.24308086588612,0.614518874392309,-0.395562896463513,0.692427513426292,NA
"ENSMUSG00000002413",228.55499675133,0.773371808327446,0.329780401247676,2.34511149056011,0.0190213907648446,0.0928079306393268
"ENSMUSG00000002416",4510.79421371206,-0.612872832055369,0.221487280339108,-2.76707913482449,0.00565610236409885,0.0451255624448081
"ENSMUSG00000002428",1216.21935874436,0.221472799464516,0.196889483521729,1.12485845106132,0.260649020878183,0.470252887640233
"ENSMUSG00000002455",590.684697384867,0.503276450094133,0.315052201986576,1.59743828775263,0.110168043535469,0.274154942112355
"ENSMUSG00000002458",2338.98233848207,-0.526262035301352,0.200067382674861,-2.63042395149741,0.00852784469268117,0.0568100679436764
"ENSMUSG00000002459",4.84915193235168,-0.0606179749337925,1.39148610318363,-0.0435634784961937,0.96525236398257,NA
"ENSMUSG00000002475",0.867598825457609,2.67671954989622,5.52302789596325,0.484647117544458,0.627926684693275,NA
"ENSMUSG00000002477",6566.67196023912,-0.960783680538467,0.262064532225454,-3.66621027416219,0.000246171530775158,0.0103991691526173
"ENSMUSG00000002486",168.95260675756,-0.102655967505438,0.260189569603388,-0.394542977498745,0.693180203576557,0.833283024729937
"ENSMUSG00000002489",43.4848027346942,-0.399581924798783,0.747460229123143,-0.534586201686662,0.592936027130544,NA
"ENSMUSG00000002496",297.306084136965,-0.102196425785947,0.22207702129786,-0.460184602570281,0.645383721986881,0.798150643292921
"ENSMUSG00000002500",2.39064105216618,0,2.8439095816064,0,1,NA
"ENSMUSG00000002504",2.93682184173005,0,2.82854326877156,0,1,NA
"ENSMUSG00000002524",1715.78769394411,-0.0841742278432957,0.158268470779689,-0.531844576677984,0.594833646071012,0.762735840110514
"ENSMUSG00000002546",214.075689367668,0.1583165897013,0.285961901733058,0.553628258666034,0.579833282381169,0.751889281954329
"ENSMUSG00000002550",641.410011547853,-0.368382207972688,0.224791173128564,-1.63877523679277,0.101260078256803,0.259718700977815
"ENSMUSG00000002565",4.49967288709415,-0.336872320217514,1.38474022671892,-0.243274741151788,0.807792570342131,NA
"ENSMUSG00000002578",46.7711042823097,0.495002646543716,0.671377842164565,0.737293689865897,0.460943768729508,NA
"ENSMUSG00000002580",4586.90001020234,-0.866666746537027,0.231264878084857,-3.74750698728679,0.000178600863105883,0.00892176692484432
"ENSMUSG00000002588",0.567512362558345,1.33938240105256,7.13657068202799,0.187678713030269,0.85112851827381,NA
"ENSMUSG00000002602",133.839723096587,-0.665975215464984,0.391173758404885,-1.70250483616456,0.0886607726666353,0.238919589804317
"ENSMUSG00000002603",404.954690110542,-0.310240052524933,0.410274744851094,-0.756176334074701,0.449543479907587,0.650018644018633
"ENSMUSG00000002608",268.628309328897,0.0928193635974504,0.227175130494778,0.408580654912769,0.682847429702584,0.82625524802041
"ENSMUSG00000002617",111.80531798924,0.197582709592233,0.44978243679309,0.439285070802187,0.660454990329701,0.80929683642111
"ENSMUSG00000002625",471.671591130381,0.11540637681717,0.223175370028649,0.517110722398961,0.60507886904782,0.770486897355959
"ENSMUSG00000002633",0.376921200299662,2.09132449542988,7.23601459822918,0.289016069141386,0.772569080663662,NA
"ENSMUSG00000002635",537.829807064462,-0.468186926586692,0.254923335110437,-1.83657932446186,0.0662720218713714,0.199603575928856
"ENSMUSG00000002658",925.562260812168,-0.381305886415915,0.185380302688702,-2.05688458204872,0.0396973293948003,0.145930866890145
"ENSMUSG00000002660",1227.2651611059,-0.582419483039436,0.263110103953478,-2.21359603560651,0.0268565802841616,0.114429869012473
"ENSMUSG00000002661",512.588748348063,-0.880290035244974,0.277257905148391,-3.17498624529329,0.00149843603924549,0.0238425960443467
"ENSMUSG00000002664",1.35229292641209,-0.714379333546266,2.20067629711292,-0.324618088759107,0.745470135200667,NA
"ENSMUSG00000002668",732.831672933764,0.347042889270024,0.195174574199507,1.77811526267391,0.0753849262157053,0.215556839931226
"ENSMUSG00000002679",604.406607732983,-0.718340743935099,0.344656846054161,-2.08422015160614,0.0371401465457675,0.14013726767921
"ENSMUSG00000002688",0.15159051680771,0.77070241303258,7.27887626798957,0.105882059902833,0.915675928168478,NA
"ENSMUSG00000002699",2540.40519487154,-0.210776391070859,0.21703167374793,-0.971178019461176,0.331459637570063,0.540568572514585
"ENSMUSG00000002718",1191.74648763619,0.546166474956069,0.234867345629908,2.32542533101511,0.0200492282957482,0.0957448323149056
"ENSMUSG00000002728",3468.90547661581,-0.425081677553833,0.265374608997755,-1.60181744274348,0.109195984732453,0.272920937820556
"ENSMUSG00000002731",47.3075102721212,-0.915587084461344,0.431051854110565,-2.12407643240643,0.0336637528578019,NA
"ENSMUSG00000002732",48.0494920357826,-0.541856053493491,0.374019102903105,-1.44873897960732,0.147410490389341,NA
"ENSMUSG00000002733",5415.78640813639,0.29467038774445,0.304453080523591,0.967867978992637,0.333110308141687,0.541667280141565
"ENSMUSG00000002741",763.471558520182,-0.132341633395198,0.161223810063317,-0.820856629943328,0.411727937346341,0.616457258542812
"ENSMUSG00000002748",1178.1202209535,0.453071704689288,0.225773000743861,2.00675768668769,0.0447754703208392,0.157510862676689
"ENSMUSG00000002763",153.387221638243,-0.184230515616852,0.293847125380959,-0.626960414800742,0.530685183607436,0.716279146316819
"ENSMUSG00000002767",780.743081981308,-0.204879401208534,0.278015260737211,-0.736935809441742,0.461161386132269,0.658505102610786
"ENSMUSG00000002768",2753.70605990433,-0.73123572143687,0.240292460419365,-3.04310722092861,0.002341488885715,0.0293353835681784
"ENSMUSG00000002769",5.18027003050364,-0.56259198448485,1.44070155618241,-0.390498630386444,0.696167867876203,NA
"ENSMUSG00000002771",5.73335499308628,-0.437930406326919,1.22104634908911,-0.358651747047614,0.71985563014149,NA
"ENSMUSG00000002778",334.534755398923,-0.513129567821748,0.266231637455801,-1.92738012929413,0.0539322741340133,0.175484045363634
"ENSMUSG00000002781",173.224935468409,0.0721647239971968,0.310337388885354,0.232536351022326,0.816121456837149,0.907975306790683
"ENSMUSG00000002791",4.50945757645966,0.334402225626865,1.3185181904603,0.253619728606189,0.799789353647394,NA
"ENSMUSG00000002797",792.339985261999,-0.709322120075541,0.232690412373804,-3.04835129578117,0.00230100763619824,0.0289382448903557
"ENSMUSG00000002799",12.2122252378437,0.775224549671069,1.17183946278605,0.661545010464125,0.508262859203668,NA
"ENSMUSG00000002803",123.372035159621,-0.517524830780571,0.315766982215134,-1.6389453613867,0.101224639424257,0.259718700977815
"ENSMUSG00000002804",783.826072599795,-0.658629910230986,0.300003170735248,-2.19540983055884,0.0281342125702441,0.117457844794592
"ENSMUSG00000002808",41.793552736488,0.50957697430191,0.658140932589135,0.774267256554349,0.438772762616666,NA
"ENSMUSG00000002812",946.169734188049,0.0942057606155335,0.174806834581612,0.53891348608313,0.58994655125506,0.759128047273662
"ENSMUSG00000002814",103.428604196818,0.213187900275552,0.423357428130268,0.503564803898879,0.614567230726259,0.777748953492391
"ENSMUSG00000002820",462.03366070843,-0.265846076638163,0.30666336189572,-0.866898722412635,0.38599750359962,0.594928650380265
"ENSMUSG00000002825",428.020337036267,0.236874544645651,0.182531085298569,1.29772166893212,0.194382994811772,0.390584613294851
"ENSMUSG00000002831",0.43311280783449,-0.695479836846952,7.19582599495841,-0.0966504522669426,0.923003988892705,NA
"ENSMUSG00000002833",384.174747058945,0.102466043719558,0.224672935072395,0.456067588588454,0.648341376229394,0.800506433178562
"ENSMUSG00000002835",237.964055974108,1.70105468409969,0.606768263138271,2.80346680510554,0.00505564362871829,0.0424682627664649
"ENSMUSG00000002844",1156.61675383559,-0.327819322961707,0.224555310101156,-1.45986003543641,0.144328544754153,0.32336529122729
"ENSMUSG00000002845",242.703587731172,0.347294194969703,0.290620565765928,1.19500901133549,0.232083509365964,0.43606643035213
"ENSMUSG00000002846",149.975131548579,0.686134509840808,0.357121167035806,1.92129331211559,0.054694739820479,0.177206654580608
"ENSMUSG00000002847",101.179209766685,-1.71723552277743,2.02663766716019,-0.847332283714876,0.396809936957619,0.603363517432097
"ENSMUSG00000002870",1157.91659520997,0.167367774753378,0.207896742936077,0.805052413951669,0.420789434273626,0.625295618333975
"ENSMUSG00000002871",351.526143521853,-0.190044621997654,0.253208317090134,-0.750546523043334,0.452925615128611,0.652645889709027
"ENSMUSG00000002881",1240.75844375251,-0.216553066276112,0.250304763361433,-0.865157591761107,0.386952298174259,0.595618466255399
"ENSMUSG00000002885",2463.11574741142,0.361304764935478,0.19017149473422,1.89988917866177,0.0574476644280044,0.18206802272229
"ENSMUSG00000002897",1190.65800130363,0.392998289353582,0.261987709650159,1.50006383840816,0.133597866935172,0.309178224994949
"ENSMUSG00000002900",3.46702193152858,0.971655273926787,1.52848328344771,0.635698986340945,0.524972637226862,NA
"ENSMUSG00000002908",0.300330964028621,0,7.3561311249555,0,1,NA
"ENSMUSG00000002910",38.1541272519764,0.166652344524446,0.483257179617355,0.344852288912504,0.730205420656983,NA
"ENSMUSG00000002930",0.574536248097165,-0.233707739940492,4.69152674289718,-0.049814858306908,0.960269926167012,NA
"ENSMUSG00000002944",16.2436502973907,-1.35765044155332,2.17400084716956,-0.624493979991273,0.532303222638393,NA
"ENSMUSG00000002948",286.264920229093,0.213791807081105,0.289847915515309,0.737599946858381,0.46075758772653,0.658419888644128
"ENSMUSG00000002949",684.951663860157,-0.197161002442513,0.176281802979157,-1.11844217106075,0.26337819185213,0.47310438423738
"ENSMUSG00000002957",537.999161629174,0.694720852107366,0.244149993557994,2.84546741936467,0.00443462958007619,0.0398149985459156
"ENSMUSG00000002963",457.39731157197,-0.13892892550604,0.232680200756774,-0.597080993802588,0.550453306654389,0.731676495933801
"ENSMUSG00000002968",803.475518122202,0.357379524100162,0.351923297099136,1.01550402330849,0.309865629683873,0.521368645240151
"ENSMUSG00000002980",1.4897575952875,0,4.38759789339663,0,1,NA
"ENSMUSG00000002981",543.809068727085,0.148997914780139,0.219965256257375,0.677370223440201,0.498171085927755,0.688537637639242
"ENSMUSG00000002983",192.007477764361,-0.2417721386834,0.28192860039745,-0.857565136501088,0.391132633032632,0.598876406060651
"ENSMUSG00000002984",511.730035102701,-0.269871590303611,0.308572657620661,-0.874580373985609,0.381802270329719,0.590720839287724
"ENSMUSG00000002985",121.556790685175,0.406816034992416,0.513822107802883,0.79174490317665,0.428509434233753,0.63138205826729
"ENSMUSG00000002992",11.8349960023085,-1.7576559321682,2.24748896118565,-0.7820531991583,0.434183309554809,NA
"ENSMUSG00000002996",998.867630221221,-0.515857652605823,0.411718864173182,-1.2529366455962,0.210228764131279,0.409480065702009
"ENSMUSG00000002997",64.1373838682478,-0.229902119435154,0.432578310287971,-0.531469363968124,0.595093565622961,NA
"ENSMUSG00000003031",351.893237441254,-0.126865951346494,0.224560391642718,-0.564952485246558,0.572106083003462,0.746850924720734
"ENSMUSG00000003032",53.2571532192701,0.32616901726083,0.521002987409826,0.626040589291788,0.531288318681028,NA
"ENSMUSG00000003033",1523.96848546955,-0.1479959470368,0.286204623299252,-0.517098379930982,0.605087484489055,0.770486897355959
"ENSMUSG00000003037",5830.97169170598,-0.355335563853102,0.257606674174721,-1.37937250652169,0.167779931584612,0.355597046250834
"ENSMUSG00000003038",21234.1066893159,-1.11978197044573,0.303232290240758,-3.69281902516601,0.000221781855155256,0.0098752866586023
"ENSMUSG00000003039",3570.69797925827,-0.88488368975865,0.250417892315726,-3.53362805499135,0.000409897471281426,0.0128222674165092
"ENSMUSG00000003051",0.828707586622735,-1.91414496896359,6.30843250489855,-0.303426400691019,0.761564928596367,NA
"ENSMUSG00000003053",1.1344495743192,2.4506507614078,3.59471073352744,0.68173795976151,0.495404659999513,NA
"ENSMUSG00000003062",1744.81353996446,-0.952177943169784,0.213099424107394,-4.46823330076162,7.88682631865596e-06,0.00159104649305947
"ENSMUSG00000003068",426.898762615236,0.174208373209287,0.248339462428486,0.701492914197855,0.482995455126153,0.676511155264498
"ENSMUSG00000003070",2.33902272914739,1.16426628489843,1.6824485441484,0.692007068476349,0.488932890034721,NA
"ENSMUSG00000003072",5176.71685284924,-0.692902731636108,0.284554433014544,-2.43504458635755,0.0148899548382361,0.0796615652313927
"ENSMUSG00000003099",559.195343463164,-0.0967623116511142,0.29533177295713,-0.327639355163998,0.74318436183876,0.862046814414274
"ENSMUSG00000003119",392.764616799341,0.577979509097571,0.219893234146837,2.62845517434892,0.00857736591379787,0.0570573768895639
"ENSMUSG00000003123",42.9566732135246,0.124392808264445,0.652277538239279,0.190705337792597,0.848756456492463,NA
"ENSMUSG00000003131",1376.63215908048,-0.819917415556386,0.326460109133771,-2.51153936611721,0.0120205878137153,0.0702758942551234
"ENSMUSG00000003134",14.8652558956841,0.425378044200062,0.963906463906604,0.441306350904685,0.658991228996565,NA
"ENSMUSG00000003135",309.65713267933,-0.419177500880851,0.277834927989468,-1.5087285961999,0.131368154598956,0.3063162109004
"ENSMUSG00000003153",1370.63446759304,0.762271447748667,0.224186186877429,3.40017134135668,0.000673436394119931,0.0162363872094525
"ENSMUSG00000003154",195.023216835481,0.121900316853158,0.375693506610097,0.324467457404499,0.74558415591452,0.863818492875648
"ENSMUSG00000003161",10763.8837379664,-0.589341938196546,0.228172550276711,-2.5828783413335,0.00979798667054726,0.0620455465972835
"ENSMUSG00000003166",354.822926403539,0.171744693217879,0.219034100892664,0.784100249769058,0.432981288884751,0.635394899142779
"ENSMUSG00000003184",813.84997554611,0.0123017344256673,0.201822834451997,0.0609531347583627,0.951396532658122,0.983225794597547
"ENSMUSG00000003190",386.765377803385,-0.505567194379231,0.281023751994143,-1.79901944512422,0.072015604844076,0.209704126997828
"ENSMUSG00000003198",406.655947025042,-0.414707523940807,0.306355248125439,-1.35368180071458,0.17583791681463,0.366778120847982
"ENSMUSG00000003199",934.050365512872,-0.282533783424777,0.280109378966269,-1.00865520628925,0.313140021218749,0.524553314649608
"ENSMUSG00000003200",890.62017988961,-0.0946782363978096,0.249036272358276,-0.380178499707066,0.703812917928581,0.838117261437657
"ENSMUSG00000003206",30.3283959194502,-2.67005869751538,1.95423009586463,-1.36629698988135,0.171845765427127,NA
"ENSMUSG00000003208",169.882266054277,-0.360467636208651,0.310028184758499,-1.16269311607731,0.244954035599629,0.451327239869959
"ENSMUSG00000003226",1410.96154684845,0.85148573361258,0.290351895522083,2.93259918996403,0.00336137529842985,0.0346477526850668
"ENSMUSG00000003227",0.466203251876829,-0.112803690190191,7.22300426594754,-0.0156172814021443,0.987539718798922,NA
"ENSMUSG00000003228",19.6413288592654,0.367456075632453,0.682109677229033,0.538705266761772,0.590090239046067,NA
"ENSMUSG00000003233",47.7654943972523,0.873298073911273,0.495559305288883,1.76224735282125,0.0780275146937015,NA
"ENSMUSG00000003234",293.435024711065,-0.153927110685112,0.271862847863702,-0.566193990442867,0.571261914730356,0.746256337615373
"ENSMUSG00000003235",541.88720797709,-0.136174164084175,0.231268551149037,-0.588814014735707,0.555986043399027,0.734851481719379
"ENSMUSG00000003269",534.132355393634,-0.372328757319481,0.180230402319262,-2.06584878315887,0.0388427601828564,0.143745223183431
"ENSMUSG00000003271",152.690822439901,-0.077934811117739,0.498084757389966,-0.156468974329044,0.87566337290306,0.942603990106365
"ENSMUSG00000003273",1.75549420086316,-0.524259482090161,2.82854879417877,-0.185345744492406,0.852957860622519,NA
"ENSMUSG00000003279",6.1838464317297,0.780071599846346,1.27305250639034,0.612756815552084,0.540037148970769,NA
"ENSMUSG00000003282",6.75207966376828,2.14086000580534,1.64842864847502,1.29872773552308,0.19403738219961,NA
"ENSMUSG00000003283",33.8819056698483,0,2.12110730789257,0,1,NA
"ENSMUSG00000003299",2128.56093006998,-0.69925997456398,0.274793406005322,-2.54467523340221,0.0109379415262429,0.0661894343903655
"ENSMUSG00000003308",447.810617469906,0.156538951246739,0.30203528876695,0.518280336995734,0.604262689925146,0.770307802490747
"ENSMUSG00000003309",21.0693911063736,-0.0639647504690521,0.787087358959951,-0.0812676632916255,0.935229089858435,NA
"ENSMUSG00000003316",515.401677324923,0.414479531027588,0.393346734606845,1.05372561803994,0.292008556595277,0.503402552752586
"ENSMUSG00000003341",1.12757615309815,-1.10811295211526,3.93682116279602,-0.281474038644989,0.778346837646368,NA
"ENSMUSG00000003344",116.901258112448,-0.102114835336993,0.324766329069865,-0.314425561385786,0.753197844685283,0.869138480864277
"ENSMUSG00000003345",641.04379304825,-0.133226793776281,0.25187185994734,-0.52894671839933,0.596842411992233,0.764815561646774
"ENSMUSG00000003346",1158.16334858358,-0.567458313708123,0.305944057666405,-1.85477802065,0.0636279319574966,0.194836615353568
"ENSMUSG00000003348",952.768983492585,-0.062040988721719,0.215366302774446,-0.288071940329006,0.773291670969244,0.882371945923004
"ENSMUSG00000003352",17.1637932441651,0.096432238923936,1.24616217252007,0.0773833783839905,0.938318563257738,NA
"ENSMUSG00000003354",0.118218246307761,1.16060941725418,7.35570718971944,0.157783526086558,0.874627380317943,NA
"ENSMUSG00000003355",110.558036205983,0.0154943706657043,0.61765921711675,0.0250856301279409,0.97998666207328,0.996417214008885
"ENSMUSG00000003360",124.533525914729,1.1773008258118,0.374424124696475,3.14429746418228,0.00166486111823739,0.0248369095207522
"ENSMUSG00000003363",1044.35155060143,0.417688103369336,0.19960746372435,2.09254752089906,0.0363895654432756,0.13861689957872
"ENSMUSG00000003378",20.4740383888395,0.407337412734284,1.1349186491894,0.358913313324457,0.719659939726914,NA
"ENSMUSG00000003379",329.71626696154,-0.663455702666321,0.513426493551881,-1.29221166223141,0.196283854042154,0.392022200873728
"ENSMUSG00000003380",3517.93633574123,-0.609396376215531,0.21850825192532,-2.7888941074125,0.00528883546451715,0.0433500319790647
"ENSMUSG00000003382",271.806494748662,0.135365428633429,0.220321886168742,0.61439846484318,0.538952049979678,0.722440799236273
"ENSMUSG00000003402",699.508677318734,0.438937564205906,0.233074153824473,1.88325284894724,0.0596661100214055,0.187240542684979
"ENSMUSG00000003410",5.93965927781047,1.43945232713728,1.18968200122545,1.20994713348151,0.226299179493623,NA
"ENSMUSG00000003411",12.1814691686204,1.11993619519642,1.83605922251958,0.609967359146269,0.541883430041128,NA
"ENSMUSG00000003418",9.11033987746321,0.537891084177584,1.38488650983199,0.388400840327949,0.697719422453086,NA
"ENSMUSG00000003420",294.605349795501,0.304948489767513,0.337196819874355,0.904363480892677,0.36580269589883,0.574965757506747
"ENSMUSG00000003421",964.86223069163,-0.514655028603142,0.313273022366978,-1.64283226405706,0.100417642743101,0.258699087442155
"ENSMUSG00000003423",1148.20104347906,-0.334143606453405,0.222334506197074,-1.50288685354681,0.132868223662263,0.308021198616667
"ENSMUSG00000003429",37038.8483919054,-0.55874394563604,0.201265328322166,-2.77615598421233,0.005500581162851,0.0443863222814548
"ENSMUSG00000003435",1292.0537269454,0.130050181205696,0.20014024894048,0.649795240558393,0.515824493692936,0.703009116249093
"ENSMUSG00000003436",7.24918920401041,0.88961795531173,1.20408906634938,0.738830689667268,0.46000981367191,NA
"ENSMUSG00000003437",552.065715982622,0.243474530197358,0.2851896789782,0.853728406545769,0.39325549086262,0.600536931827655
"ENSMUSG00000003438",996.581422262354,-0.208448331034353,0.228454355850845,-0.912428788052727,0.361543040769774,0.570447399522621
"ENSMUSG00000003444",1251.23798713086,-1.18547716389703,0.258744288785399,-4.58165538440256,4.61309646516755e-06,0.00103637405814048
"ENSMUSG00000003452",318.809089053511,0.289197103039334,0.376619206732082,0.767876671900755,0.442560457900919,0.643813116460718
"ENSMUSG00000003458",426.395626144423,0.537815828456716,0.238984567625125,2.25042074390486,0.0244222494189164,0.107298896811389
"ENSMUSG00000003464",383.012104220204,0.0034470102319723,0.279163068801478,0.0123476584734909,0.990148244283351,1
"ENSMUSG00000003469",0.54475567219913,3.48042955857048,7.24201816934053,0.480588349433459,0.630809097400874,NA
"ENSMUSG00000003476",0.355909259754996,-2.2550816422385,7.30482079996644,-0.308711425508051,0.757541051789052,NA
"ENSMUSG00000003477",0.233779966769753,-3.89265819787011,7.24582616632872,-0.537227654723385,0.591110370936615,NA
"ENSMUSG00000003484",20.9269351037317,1.6281895005144,2.14208692977349,0.760094969949033,0.447197819129616,NA
"ENSMUSG00000003500",471.435652779349,-0.07271018787356,0.228410984772892,-0.318330521388257,0.750234234792512,0.866464004080381
"ENSMUSG00000003505",0.58198962974907,0.211001509042934,7.10132746235008,0.0297129670701182,0.976295970261996,NA
"ENSMUSG00000003518",19.7860864225754,0.600297333893752,0.806135623635063,0.744660471878,0.456477000803905,NA
"ENSMUSG00000003526",5.44931246098328,1.11836926334317,1.17895855243399,0.948607786961014,0.342820129066895,NA
"ENSMUSG00000003527",259.928394901803,-0.19506692439538,0.267006579600024,-0.730569728609648,0.465042007670599,0.662383320723901
"ENSMUSG00000003528",251.400557639801,-0.330285342798483,0.366130643566474,-0.902096966211781,0.367005360334253,0.576214737437118
"ENSMUSG00000003531",51.7054704719877,-0.657760158903733,0.447273940899118,-1.47059799097951,0.141399867597726,NA
"ENSMUSG00000003534",19.6689456236152,1.49181676270684,0.86213217689668,1.73038056423873,0.0835623040028999,NA
"ENSMUSG00000003541",221.715849747712,-1.47676822330077,0.449394454466772,-3.28612916475133,0.0010157442128667,0.0197956684368954
"ENSMUSG00000003545",51.9317351305641,0.868922176130477,0.563653261781871,1.54158990118067,0.123173281163233,NA
"ENSMUSG00000003546",65.8564300751574,0.336208868697684,0.406706222083459,0.82666271240053,0.40842826140014,0.612956576537023
"ENSMUSG00000003549",832.418080887451,-0.527623106549146,0.244154818275952,-2.16101861218568,0.0306939017151787,0.124654567976393
"ENSMUSG00000003555",3.66198846580249,-1.04516445820389,2.56926992796672,-0.406794337499219,0.684159045983634,NA
"ENSMUSG00000003559",421.065719232172,0.0113775451582712,0.28375191782103,0.0400968044397405,0.968015949442299,0.990255372062209
"ENSMUSG00000003573",19.2653046120311,0.148875773285535,0.843030469711986,0.176595957838152,0.859825769361574,NA
"ENSMUSG00000003575",66.30452139838,-0.314865461687198,0.452420481049597,-0.695957576802718,0.486455397834312,0.678703120337639
"ENSMUSG00000003581",102.194827216211,0.211191505924612,0.283005205087663,0.746246012892922,0.455518817313088,0.654096965302132
"ENSMUSG00000003585",3.37148592050247,-0.440661201821664,1.68402161670303,-0.261671939036263,0.793574376309572,NA
"ENSMUSG00000003604",672.057592893826,-0.70286636179547,0.245858280740759,-2.85882728732084,0.00425210223319171,0.0390685006909645
"ENSMUSG00000003617",7.52745147401942,0.352601403213431,1.49212074108357,0.236308894786473,0.813192985332036,NA
"ENSMUSG00000003623",1230.77127472594,-0.0919240379866301,0.176194119075475,-0.521720239409656,0.601865130675163,0.768462518305862
"ENSMUSG00000003644",1217.04530381055,0.150818209435608,0.178361022144881,0.84557829744382,0.397788036725734,0.603829045306186
"ENSMUSG00000003657",0.0380762098104571,-1.67431590235222,7.3501929692546,-0.227792101425878,0.819807867435575,NA
"ENSMUSG00000003660",1252.13248815294,0.245898369334781,0.234427012454619,1.04893359668772,0.294208681410725,0.505607235004348
"ENSMUSG00000003662",574.363958378973,-0.18891321873931,0.222451712622346,-0.849232476173497,0.395751945475836,0.602681864278022
"ENSMUSG00000003665",0.386595541102176,-2.73722077475226,7.28506289256575,-0.375730561989455,0.707117214726796,NA
"ENSMUSG00000003680",93.5401628944596,0.0383868910147109,0.40725893843154,0.0942567182504301,0.924905230621279,0.968710341671048
"ENSMUSG00000003721",540.683741949497,-0.117931091202045,0.246728567666937,-0.477979069538643,0.632665102297534,0.789832601188573
"ENSMUSG00000003731",233.151358300753,0.439407057085121,0.326757729587955,1.34474877653,0.178706377156544,0.370726660690963
"ENSMUSG00000003746",743.268645929125,0.350448746418513,0.178979342574693,1.95804019266783,0.050225296642331,0.168653997836947
"ENSMUSG00000003752",20.6788733845414,1.25909737721906,0.916458376216128,1.37387295472994,0.169481127189105,NA
"ENSMUSG00000003762",140.08846046062,0.459312511755865,0.309297063718183,1.4850206019879,0.137538366728899,0.315079201648939
"ENSMUSG00000003778",1515.13679366967,0.750985448563449,0.294201489833383,2.55262286057341,0.0106915194500249,0.0655211839823285
"ENSMUSG00000003779",660.222821052549,0.969269889411509,0.521743874869916,1.85775039458426,0.063204468441999,0.194271197310062
"ENSMUSG00000003808",841.932831776701,-0.238556093488691,0.21054427783893,-1.1330447729916,0.257195451678101,0.466746107598322
"ENSMUSG00000003809",197.191047794481,0.367533782626206,0.276797307639257,1.32780837270716,0.184241420263459,0.377534502343343
"ENSMUSG00000003810",139.769669537075,1.29792016801867,0.401904297180052,3.22942595320698,0.0012403899756721,0.021842954475822
"ENSMUSG00000003812",233.808753802126,-0.702427680594655,0.293572672700624,-2.39268755546252,0.0167254772440706,0.0855309583847065
"ENSMUSG00000003813",785.173835910674,-0.181479862602004,0.370895309414883,-0.489302123794185,0.624627817709352,0.784156207525647
"ENSMUSG00000003814",3554.70504049672,0.0557551386786584,0.193867630241563,0.287593852615759,0.773657651071554,0.882687659376998
"ENSMUSG00000003824",1163.49952805111,-0.515332684072679,0.283543918367083,-1.81747041883479,0.0691451137718205,0.204673607253441
"ENSMUSG00000003847",677.411616996335,0.839699868004411,0.223818683449789,3.7516969319176,0.0001756417086502,0.00889936738575078
"ENSMUSG00000003848",561.500409719093,-0.289536266072579,0.168084673358031,-1.72256197003666,0.0849677672238786,0.232168537090229
"ENSMUSG00000003849",25.4319849891328,3.04818978822173,1.65316352847142,1.84385255041297,0.0652046317959985,NA
"ENSMUSG00000003863",3.32473381427579,0.964147586097266,2.08542676081325,0.462326274992885,0.643847360059606,NA
"ENSMUSG00000003865",421.387317389003,0.512730978161766,0.582077298480171,0.880864069944884,0.378391396695992,0.587374207967947
"ENSMUSG00000003868",1064.08458414678,-0.302522576160467,0.204360524693769,-1.48033763670256,0.138783163865481,0.316617231192861
"ENSMUSG00000003872",4.70548464134545,-0.151813262525362,1.53561007235505,-0.0988618564428517,0.92124795464168,NA
"ENSMUSG00000003873",3262.61627764089,-0.448399408579712,0.223528068211513,-2.00600941155817,0.0448552438692049,0.157623208548557
"ENSMUSG00000003882",1657.34374460298,-0.100986815898443,0.283891285002087,-0.355723550646157,0.722047606312808,0.848977855582711
"ENSMUSG00000003923",1348.95332383118,-0.690409113058903,0.257980940743441,-2.67620201348714,0.00744617481782919,0.0523882121524851
"ENSMUSG00000003929",197.588910918345,-0.566364284206455,0.328851295889526,-1.7222504253008,0.0850241638898433,0.232168537090229
"ENSMUSG00000003934",7.10504276997138,0.650916062365012,1.24753246674653,0.521762823586109,0.601835477053238,NA
"ENSMUSG00000003948",455.618491349967,-0.386400850407577,0.214237293751518,-1.80361151712335,0.0712922293047179,0.208436464559934
"ENSMUSG00000003949",8.40811849748012,2.2555302857713,2.01892611901978,1.11719307830164,0.263911779484503,NA
"ENSMUSG00000003955",3415.11462534593,-0.706263518671867,0.21149979225247,-3.33931069695232,0.000839865715622352,0.0182236882515432
"ENSMUSG00000003970",13785.0140954228,-0.468932414588556,0.212815884933213,-2.20346528519578,0.0275619711457307,0.116381924295407
"ENSMUSG00000003974",0.308491892053323,-1.1058126650019,7.1819609570008,-0.153970854425765,0.877632716313393,NA
"ENSMUSG00000003992",503.183055667218,0.281890145766724,0.377090434384836,0.74753990041297,0.454737727126297,0.653925288426454
"ENSMUSG00000004018",802.941366118291,-0.738990259638871,0.345815277286122,-2.13695087573428,0.0326019873639252,0.129341640593973
"ENSMUSG00000004031",6.3039189446537,0.827535319215129,1.26967649026937,0.651768639930917,0.51455043501718,NA
"ENSMUSG00000004032",27.9174016199079,-0.80125893986512,2.05193011289801,-0.390490365548306,0.696173978175874,NA
"ENSMUSG00000004035",0.884433202009832,3.4671419991528,6.45509486742391,0.537117125365574,0.591186712133528,NA
"ENSMUSG00000004038",0.0812361587509111,0,7.3561311249555,0,1,NA
"ENSMUSG00000004040",1241.58789654815,0.399755698345432,0.223006768055453,1.7925720453741,0.0730413796462616,0.211610210376113
"ENSMUSG00000004043",490.597019788178,0.252446891728469,0.211293781246985,1.19476725835759,0.232177975960342,0.43616102097453
"ENSMUSG00000004044",1.05314430675641,4.01383269492571,4.03749261117791,0.994139948098803,0.320154739148885,NA
"ENSMUSG00000004054",286.171716923585,-0.102667390079549,0.246313501361414,-0.416815925688565,0.676813052765738,0.822020713258055
"ENSMUSG00000004056",896.806535670871,-0.479478141402436,0.167033725047042,-2.87054689864217,0.00409762407478112,0.0381748911970845
"ENSMUSG00000004069",278.643551936494,-0.312499686137306,0.224587961507085,-1.39143560518691,0.164093374001808,0.351095887880493
"ENSMUSG00000004070",1762.01597798009,-0.814760803312532,0.267855363232194,-3.04179387517526,0.00235172876409433,0.0294263782697119
"ENSMUSG00000004071",271.788010420432,0.0429840701351698,0.244839929302734,0.175559886239069,0.860639718937637,0.933650529159191
"ENSMUSG00000004085",21.8531835176633,1.13287891910997,0.804729784656026,1.4077755548643,0.159197541005102,NA
"ENSMUSG00000004096",5108.99753208092,-0.744812479677111,0.238406378942248,-3.12412982816008,0.00178331752311773,0.0255109894587825
"ENSMUSG00000004098",0.768937143205795,0.23530639219919,4.89621279593928,0.0480588573262876,0.961669335391157,NA
"ENSMUSG00000004099",1914.18770875234,0.305050054476342,0.207645847560115,1.46908815206635,0.141808880897877,0.320399992243956
"ENSMUSG00000004100",972.007718222851,0.0360122423400926,0.219648828700024,0.163953719003322,0.869767577573276,0.938915857192512
"ENSMUSG00000004105",9.99175592345172,1.11345838470553,1.13377499183455,0.982080565125049,0.326060159256096,NA
"ENSMUSG00000004110",17.2700386134777,0.692711186792661,0.851891263366502,0.813145076820257,0.416134884684531,NA
"ENSMUSG00000004113",7.26049825016435,1.25793915597242,1.7355634906875,0.724801577540744,0.468573767849042,NA
"ENSMUSG00000004127",301.65270488397,0.301828100630484,0.253713185732473,1.18964294173006,0.234186760400997,0.438627832802138
"ENSMUSG00000004151",6.58108468098989,-0.0662228869652647,1.15200246524223,-0.0574850219190636,0.954158837155079,NA
"ENSMUSG00000004187",15.8438562142589,0.57971225957574,0.688439552225677,0.842067045249755,0.399750426245426,NA
"ENSMUSG00000004207",815.517432301448,0.0405768534796941,0.302727344740138,0.134037622252213,0.893372824593245,0.952589880467686
"ENSMUSG00000004221",474.00181636486,0.0537418185944036,0.195273075531986,0.275213663983086,0.783152089829586,0.889317657174194
"ENSMUSG00000004231",0.118036575747272,2.38614254411422,7.27980231254839,0.327775733690071,0.743081236324763,NA
"ENSMUSG00000004233",138.813852412285,-0.141066565589281,0.31595220458208,-0.446480713042894,0.655250041434602,0.805214651862387
"ENSMUSG00000004263",33.3402694553467,-0.0862118424658066,0.706348380089189,-0.122052863567013,0.90285715211323,NA
"ENSMUSG00000004264",1752.50469499393,-0.169752381330651,0.220765312725869,-0.768926871865227,0.441936723988892,0.643132342259166
"ENSMUSG00000004266",2493.76484848694,-0.112039860667621,0.191710275310229,-0.584422824944132,0.55893587400988,0.736946035329194
"ENSMUSG00000004267",39.5703129788108,0.130791925855722,0.663680592633267,0.197070589840186,0.843772297998188,NA
"ENSMUSG00000004268",5884.4471582054,-0.381745691436923,0.174720552771842,-2.18489287826042,0.0288967018173016,0.119591572344093
"ENSMUSG00000004270",353.582517311666,0.164179775512339,0.331514300060808,0.495241911079625,0.620429369486893,0.780963009402449
"ENSMUSG00000004285",9276.5053846697,-0.774094188396875,0.233679240739368,-3.31263567079223,0.000924212879785054,0.0189147915459115
"ENSMUSG00000004296",0.610561786666899,2.16065704554601,4.13686225183134,0.522293688795057,0.601465862751606,NA
"ENSMUSG00000004317",155.779138593475,1.68479818708746,0.391070057580208,4.30817485110558,1.64607236872927e-05,0.00266744678112931
"ENSMUSG00000004319",886.485940013987,0.645515407490551,0.197582910252624,3.26706093490177,0.00108670287264683,0.0204610626592647
"ENSMUSG00000004328",8.10928705351161,2.32768928106124,1.82144924464547,1.27793255173262,0.201273209258393,NA
"ENSMUSG00000004341",0,NA,NA,NA,NA,NA
"ENSMUSG00000004344",0,NA,NA,NA,NA,NA
"ENSMUSG00000004347",6.77310655891556,0.429688403635468,1.44296648667577,0.297781277391521,0.765870105136158,NA
"ENSMUSG00000004356",180.86889781428,0.672545809374677,0.321367906031022,2.09275972103373,0.0363706090940695,0.138598099805272
"ENSMUSG00000004359",66.5056673589378,-1.50018360565475,0.69992187534861,-2.14335864971724,0.0320843107316318,0.128209120446114
"ENSMUSG00000004360",11.3830565843631,0.989988404001956,0.816468208632007,1.21252535436828,0.225311343170963,NA
"ENSMUSG00000004364",1743.63717086038,0.155225637929656,0.158870367052574,0.977058471063315,0.328540205917193,0.53822007548748
"ENSMUSG00000004366",0.0761524196209141,-2.55627499047924,7.29465809108018,-0.350431090609309,0.726015196884991,NA
"ENSMUSG00000004371",11.5237980575968,0.806861422514516,0.838208972422806,0.962601748561958,0.335747419710837,NA
"ENSMUSG00000004383",3.66693877772673,1.46367357997449,1.28344459567893,1.14042599493764,0.254108868090167,NA
"ENSMUSG00000004393",404.35057128257,0.207421142278351,0.247258472667726,0.838883861250289,0.401534485027489,0.606943139741479
"ENSMUSG00000004394",426.983207251403,-0.0463502062675951,0.284463489880108,-0.162939034064197,0.870566436753405,0.939310834455453
"ENSMUSG00000004415",30.1524483196952,-0.0397075975837108,0.948192774165223,-0.0418771358162573,0.966596643380615,NA
"ENSMUSG00000004446",428.718251724928,-0.223328671715822,0.228979013449631,-0.975323757192045,0.32939968961613,0.538732414186308
"ENSMUSG00000004451",46.2759647167614,-0.287377629120878,0.45532288861739,-0.631151291325403,0.527941606785719,NA
"ENSMUSG00000004455",4439.85769142058,-0.218002424150738,0.101078974755018,-2.15675341661414,0.0310248825008944,0.125483209296784
"ENSMUSG00000004460",1607.5376211647,-0.262110108693583,0.183146034917595,-1.43115360816584,0.152386196051933,0.336086021413064
"ENSMUSG00000004462",135.917925089755,-0.366291731205701,0.267354572576863,-1.37005972134774,0.170668259827028,0.35902441974679
"ENSMUSG00000004473",15.2635974069404,-1.68546374246478,0.907503428519867,-1.85725330560322,0.0632751243096037,NA
"ENSMUSG00000004500",36.1119239207343,-0.449861327411015,0.608414894200906,-0.739398939274596,0.459664786194517,NA
"ENSMUSG00000004508",7.01791121535004,4.12887624511156,1.8231215727348,2.26472897192368,0.0235293164554342,NA
"ENSMUSG00000004530",895.546275767284,0.201798197355788,0.231046176368949,0.873410677152017,0.382439273366045,0.591336182891187
"ENSMUSG00000004535",3168.71445172362,0.523299007993502,0.211067452895329,2.47929749857271,0.0131641456344101,0.0739361247705365
"ENSMUSG00000004540",0.261308293418811,2.09208490833574,7.23590478543244,0.289125544126506,0.772485306574759,NA
"ENSMUSG00000004542",1.70010250147294,0.667151986298851,3.62027112161276,0.184282326899773,0.853791977582776,NA
"ENSMUSG00000004552",110.198268011928,0.817458703687313,0.48635308050284,1.68079269250673,0.0928031885418816,0.245650144883158
"ENSMUSG00000004558",117.289695189244,0.357743159653799,0.269261579555249,1.32860826355063,0.183977244336226,0.377462652607636
"ENSMUSG00000004561",407.42562892142,-0.302694796956014,0.231591005414976,-1.30702311349973,0.19120486170137,0.38666683776306
"ENSMUSG00000004562",1278.09746813569,-0.035033419833703,0.250808172965999,-0.139682130049456,0.888911146127,0.950755970511296
"ENSMUSG00000004565",176.124167978614,0.978941436454572,0.371058258189554,2.63824187940451,0.00833371166302993,0.0560003895748323
"ENSMUSG00000004567",188.087419113013,0.166140007478563,0.250168743865043,0.664111770766172,0.506618777034568,0.696609627345487
"ENSMUSG00000004568",1292.27637694279,0.187231774104466,0.205402328079043,0.911536767160767,0.362012622283734,0.57082385887298
"ENSMUSG00000004591",941.769432919972,0.639307685740131,0.247314942064766,2.5849941794973,0.009738064131323,0.0618642441761747
"ENSMUSG00000004609",17.9026198916369,-0.69347357626476,1.11257564558407,-0.623304652602483,0.533084340960956,NA
"ENSMUSG00000004610",6155.69765504636,-0.760497018378295,0.219888423864672,-3.45855868631963,0.000543073945035294,0.0148460518370694
"ENSMUSG00000004612",105826.627747697,-0.37827231721833,0.203054378653333,-1.86291140199513,0.0624747323675068,0.192869559427776
"ENSMUSG00000004626",1000.13697895925,0.0292631827282208,0.191140312732801,0.153097911737376,0.878321062656954,0.944128284511091
"ENSMUSG00000004630",1.10511777441633,1.75928311626965,4.80320635435418,0.366272649242902,0.714161636433445,NA
"ENSMUSG00000004631",10.1673145583258,-0.321439957966471,0.891233920852693,-0.360668451284856,0.718347311693671,NA
"ENSMUSG00000004633",62.5829505311948,0.584626364841762,0.457838155076015,1.27692801126349,0.20162766379214,NA
"ENSMUSG00000004637",152.076021739314,0.652599345918821,0.269117602367839,2.42495972086889,0.0153100853107532,0.0810438391025232
"ENSMUSG00000004642",8838.23395226346,-0.277212584535311,0.270590828281403,-1.02447147339015,0.305612638075918,0.51676033653446
"ENSMUSG00000004651",113.641991993841,0.448180223591704,0.572413630040021,0.782965673896284,0.433647269694019,0.6355948255801
"ENSMUSG00000004654",0.204956195775772,1.02294807676112,7.35257887296166,0.13912779372186,0.88934916559425,NA
"ENSMUSG00000004655",5.87630882002709,-1.68953105104842,2.80591128737112,-0.602132739781434,0.54708578287443,NA
"ENSMUSG00000004661",286.142073691709,0.250199142232997,0.289856624739552,0.863182418058621,0.388037178902014,0.596446511187437
"ENSMUSG00000004665",8748.66430416684,-0.406520162401878,0.289659112607874,-1.40344337432327,0.160484666497182,0.346373565136386
"ENSMUSG00000004667",2427.15700932261,-0.613668660077694,0.243199886701339,-2.52330981071266,0.0116255927957984,0.0685674133570808
"ENSMUSG00000004668",2.93094806724363,-1.37590012527078,1.89013089551899,-0.72793906947539,0.466650885538076,NA
"ENSMUSG00000004677",705.851709177785,0.260690230252721,0.233804886158233,1.11499051425424,0.264854486636372,0.474569424393083
"ENSMUSG00000004698",10.151536928099,-1.47738725286924,1.16984485089253,-1.26289161485138,0.206628133802001,NA
"ENSMUSG00000004707",468.990067056384,0.213569243135931,0.227824431742369,0.937429061065068,0.348537898072279,0.557311084187073
"ENSMUSG00000004709",146.248767283891,-0.968489634213125,0.485719062581933,-1.99392963715472,0.0461597445591038,0.160101429812891
"ENSMUSG00000004730",19.8996902036917,1.04533607717711,1.43319858927404,0.729372806392868,0.465773647469922,NA
"ENSMUSG00000004748",64.5633395027935,-0.915870911798791,0.471216825799499,-1.94362947512509,0.0519401487696324,NA
"ENSMUSG00000004768",83.2488581822771,0.906262373334913,0.437750257212661,2.07027262326575,0.0384268217781555,0.142884238925434
"ENSMUSG00000004771",2788.50092291762,-0.452408694896239,0.220436724832001,-2.0523290537955,0.0401376942589184,0.147057489899706
"ENSMUSG00000004788",764.74996393221,-0.125319464675786,0.231627963245823,-0.541037718070278,0.588481585293194,0.757834871107768
"ENSMUSG00000004789",696.810895919157,0.2582999190297,0.235873633617481,1.09507754244626,0.273482666434572,0.483695859313964
"ENSMUSG00000004791",1.35601824748074,-2.52866591044252,3.79351673793282,-0.666575656608398,0.50504322282095,NA
"ENSMUSG00000004798",297.397114177969,0.210832403618322,0.239415386152034,0.880613426759629,0.378527088834244,0.587492584884048
"ENSMUSG00000004814",5.69631754012856,0.681895756220726,1.26634776767845,0.538474322476852,0.590249627710994,NA
"ENSMUSG00000004815",9.40536414657102,2.11817493255114,1.45709390890119,1.4536982960477,0.146029970816716,NA
"ENSMUSG00000004821",0.123885698709704,-1.66127060656092,7.34986231911077,-0.226027445744305,0.82118007402274,NA
"ENSMUSG00000004837",1653.91304241306,-0.357538662148744,0.236045523927073,-1.51470214812973,0.129847850182639,0.304281775153811
"ENSMUSG00000004842",7.90389028523673,0.780180805558277,1.49346384144166,0.522396849464502,0.601394049140535,NA
"ENSMUSG00000004843",450.187397573135,-0.694631205518904,0.293006846083261,-2.37069957512705,0.0177544557870631,0.0886825646564523
"ENSMUSG00000004846",91.6661775924603,0.743894618441659,0.378497720969324,1.96538731207301,0.0493694268709774,0.166957504146292
"ENSMUSG00000004849",737.882064029684,-0.313964377768385,0.333483955772099,-0.941467714815482,0.346465226609213,0.5550743541381
"ENSMUSG00000004864",5.67525429120398,0.245454863700614,2.2326476478125,0.10993891666744,0.912457818554659,NA
"ENSMUSG00000004865",2513.73776499783,0.228389279496513,0.151248015514693,1.51003157773218,0.131035366809446,0.305852326071163
"ENSMUSG00000004872",4.14535756077079,1.72470115665964,1.33248339364682,1.29435095768013,0.19554422236663,NA
"ENSMUSG00000004880",5314.40692045679,-0.0242741158704452,0.139822112685281,-0.173607131263155,0.862174227195009,0.934370322518943
"ENSMUSG00000004885",47.6917507948012,0.126941384250472,0.773353142942904,0.164144137007592,0.869617676689836,NA
"ENSMUSG00000004891",1.2689907089793,-2.24481903827863,4.09444659651545,-0.54825944980918,0.583513766564899,NA
"ENSMUSG00000004892",1.22275623975256,0.342830516594447,3.50526383419086,0.0978044828610126,0.922087547644954,NA
"ENSMUSG00000004894",0.195113623614906,0,7.3561311249555,0,1,NA
"ENSMUSG00000004895",58.432929300971,-0.285374354663045,0.449083587301463,-0.635459328135005,0.525128884834869,NA
"ENSMUSG00000004896",316.654154850729,0.0162666125856008,0.251272504014727,0.0647369382869181,0.948383451993249,0.98144581479829
"ENSMUSG00000004897",2331.69699319573,-0.304356409973869,0.204833785903681,-1.48587015872951,0.137313468175301,0.314782846222831
"ENSMUSG00000004902",2.23765013542606,3.10360103716828,1.90021644884387,1.63328816517538,0.102408404679163,NA
"ENSMUSG00000004929",86.198877660942,-0.488333245693219,0.478425810945522,-1.02070840352053,0.307392611906311,0.518793916457894
"ENSMUSG00000004931",117.315678214361,-0.317358061839525,0.334228095919122,-0.949525386149226,0.342353466877776,0.550897610302265
"ENSMUSG00000004933",112.266850500354,0.0165487940186301,0.348372938326744,0.0475030985417954,0.962112260846208,0.987588753734659
"ENSMUSG00000004934",1130.72002720082,1.39389088607313,0.36472534278567,3.82175495518624,0.000132505324586228,0.00826311706375921
"ENSMUSG00000004936",692.000356191936,-0.328105304155689,0.172961821772702,-1.89698108399245,0.0578304346949255,0.182891299152883
"ENSMUSG00000004937",538.86621433828,0.0600949967490513,0.224562880348196,0.267608772455497,0.789000477741913,0.893080238460874
"ENSMUSG00000004939",11.0317042736482,0.195525139207458,1.08285726885684,0.180564091714387,0.856709743188988,NA
"ENSMUSG00000004945",668.819483411415,-0.46314842962885,0.234091370108296,-1.97849424955131,0.0478729766707009,0.164112059940043
"ENSMUSG00000004947",87.0707975732501,-0.0762486913288237,0.323852398550658,-0.235442725359024,0.813865127886118,0.906587422712901
"ENSMUSG00000004948",0.0406180793754555,0,7.3561311249555,0,1,NA
"ENSMUSG00000004951",1.54159525192877,-4.30367678908083,3.08270287603939,-1.39607252535805,0.162692656391395,NA
"ENSMUSG00000004952",51.1338573516509,0.295284260403812,0.526304863850148,0.561051741463455,0.574762265055802,NA
"ENSMUSG00000004961",1.29583415675345,-0.131076350492104,4.10821753753751,-0.0319058933209928,0.974547098843433,NA
"ENSMUSG00000004980",19885.7586567423,-0.335809423363098,0.130646229521705,-2.57037210023201,0.0101589331598563,0.0634810068938624
"ENSMUSG00000004988",10.5320042232028,0.858611143021968,0.85888927105904,0.999676177073758,0.317467244572433,NA
"ENSMUSG00000004994",263.923767922241,-0.216925443617591,0.379684303525379,-0.571331081120374,0.567775236816965,0.743273502309058
"ENSMUSG00000004996",688.31430915138,-0.336568164860952,0.282790598593738,-1.19016744734316,0.233980584932361,0.438627832802138
"ENSMUSG00000005034",1475.27410814511,-0.162473961257488,0.159002532239748,-1.02183253919822,0.306860165794153,0.517983732731421
"ENSMUSG00000005043",110.614654027889,0.162382202114083,0.48009242587587,0.338231126679069,0.735189020964756,0.856309581173755
"ENSMUSG00000005045",7.47965548253571,1.02089744788217,1.64574450583968,0.620325599909138,0.535043444041956,NA
"ENSMUSG00000005054",2889.69782057909,-0.7251676574059,0.246422060754031,-2.94278708321384,0.00325272042931875,0.0339893773392927
"ENSMUSG00000005057",12.1728351038906,0.201607936521802,0.831648910309336,0.24241952826802,0.808455104210134,NA
"ENSMUSG00000005069",184.656529665462,0.149509733344648,0.283531515896995,0.527312573601037,0.597976544120776,0.765648675195106
"ENSMUSG00000005078",938.214299004269,-0.166493638891683,0.237175640258685,-0.701984565995436,0.482688788653105,0.676407524218308
"ENSMUSG00000005087",1449.63882363279,-0.254836251326005,0.270328406771879,-0.942691352230152,0.345838797943703,0.554430184507542
"ENSMUSG00000005089",7.83904202154825,1.49414538073365,1.7353786478424,0.860990990405081,0.389243005229882,NA
"ENSMUSG00000005102",125.322456241852,0.501371125018749,0.33959517669958,1.47637881636429,0.139842226261944,0.317998713273365
"ENSMUSG00000005103",4652.39038102343,-0.187759495997804,0.194781198774186,-0.963950818556557,0.335070583856063,0.544090686357498
"ENSMUSG00000005107",26.5822815342866,-0.5299070723708,0.745062964939755,-0.711224550550097,0.476945097398698,NA
"ENSMUSG00000005124",4.34665753561308,0.255911192383854,2.20729889452396,0.115938622095421,0.907701186070773,NA
"ENSMUSG00000005125",165.579382834908,-0.0734351827603821,0.361348901772067,-0.203225144452504,0.838959060457719,0.922173947806578
"ENSMUSG00000005131",15.6461700268085,-1.03096326243806,0.785805094998341,-1.3119834282065,0.189525726063668,NA
"ENSMUSG00000005142",1335.44859789591,0.573210293615353,0.237229716304987,2.41626682585761,0.0156805658595508,0.0822730326548088
"ENSMUSG00000005148",1.09743866819608,-2.11812943987197,3.93702761590419,-0.538002179948009,0.590575543600724,NA
"ENSMUSG00000005150",424.648467585399,-0.544530446006713,0.206184356554245,-2.64098816761325,0.008266460633781,0.0556634627826466
"ENSMUSG00000005161",4531.06198398027,-0.684235025396967,0.222472524486579,-3.07559338833431,0.00210084126388493,0.0279536430666718
"ENSMUSG00000005198",875.08867595641,-0.17614253556189,0.202857680559491,-0.868305972325428,0.385226853554804,0.594344848976001
"ENSMUSG00000005202",0.240430885634082,-1.20795661090428,7.33843450400911,-0.164606853170707,0.86925343675415,NA
"ENSMUSG00000005204",499.467558190735,0.152209774348882,0.183425108094524,0.82981973367814,0.406640711869678,0.611538633322952
"ENSMUSG00000005220",6.21994843999716,-0.38838362595751,1.18080297192426,-0.328914844552424,0.742220053711394,NA
"ENSMUSG00000005225",27.4084859533268,-1.27182520177247,0.787844654565379,-1.6143096159916,0.106460285374931,NA
"ENSMUSG00000005232",0.440627611056434,-2.21410534110985,7.21526618277121,-0.306863986029613,0.758946902344812,NA
"ENSMUSG00000005233",3073.73759334199,-0.570799704834744,0.41154604007684,-1.38696439583812,0.165452619847997,0.352630260284057
"ENSMUSG00000005237",4.36760085811502,0.270288462262636,2.65044677564072,0.101978453122227,0.918773777824587,NA
"ENSMUSG00000005251",2.30591532678502,-2.28278693409453,3.07502869099738,-0.742362808118749,0.457867547003681,NA
"ENSMUSG00000005262",1580.1742800708,-0.61274567174354,0.257954842115696,-2.37539899122621,0.0175299896172351,0.0881852149447172
"ENSMUSG00000005267",165.654394174941,0.477832647481555,0.272956554483398,1.75058132744205,0.0800180539940765,0.224200244821838
"ENSMUSG00000005268",13.9076343816402,0.371117266024701,0.861475801899369,0.430792443857932,0.666619294234854,NA
"ENSMUSG00000005299",653.481079689193,0.115674749022373,0.190358154022713,0.607668999608868,0.543407027587052,0.725949946143165
"ENSMUSG00000005312",788.57664183006,-0.336557180513543,0.139674511144393,-2.40958194702838,0.015970808987052,0.0832014660106692
"ENSMUSG00000005320",0.130229761978621,0,7.3561311249555,0,1,NA
"ENSMUSG00000005338",4.86272909571971,-0.648957902067979,1.49052240134042,-0.43538956642609,0.663279682337972,NA
"ENSMUSG00000005339",9.85633419083786,0,7.26875718377235,0,1,NA
"ENSMUSG00000005354",3347.74948800343,-0.506555428510119,0.260839168532721,-1.94202209491622,0.0521344255536045,0.171954887086213
"ENSMUSG00000005355",0.0825363893653205,0,7.3561311249555,0,1,NA
"ENSMUSG00000005357",0.0762740875488046,-1.67535568464831,7.35021831023828,-0.227932778855653,0.819698499523555,NA
"ENSMUSG00000005360",20.3816198585407,0.764755235667654,0.831091391809407,0.920181875548814,0.357477724001523,NA
"ENSMUSG00000005362",963.69849602858,-0.604358856520411,0.28021092672441,-2.15679974933599,0.0310212706712157,0.125483209296784
"ENSMUSG00000005364",7.97084620864378,0.223357033415511,1.06952987708183,0.208836647018156,0.834575761854524,NA
"ENSMUSG00000005370",564.465949306679,-0.0451814542934286,0.25714525079379,-0.175704020019645,0.86052647692253,0.933630142067743
"ENSMUSG00000005371",802.241137772011,0.14581801988961,0.215362923338764,0.677080426050124,0.498354927358959,0.688695436452301
"ENSMUSG00000005373",23.0192708584219,0.515190132655966,0.694359130906736,0.741964942526499,0.458108576489984,NA
"ENSMUSG00000005374",383.789386242459,0.536409032160899,0.291675582187011,1.8390604662168,0.0659062929556196,0.198804914820354
"ENSMUSG00000005378",897.496183305538,-0.396967740561813,0.279270788498729,-1.42144383483781,0.155187770681654,0.339237309417991
"ENSMUSG00000005397",4.6070268307678,2.74724980655339,1.86355563276948,1.47419790332238,0.140428314234914,NA
"ENSMUSG00000005410",2077.46515447696,-0.296857636618218,0.178889655148269,-1.65944551892715,0.0970260503542793,0.252994594500673
"ENSMUSG00000005413",111.386910648679,-1.12696805003677,0.783917959196437,-1.43760968455421,0.150544831514563,0.333621892726147
"ENSMUSG00000005417",380.74732641146,-0.207782913468936,0.195523374706729,-1.06270114138831,0.287917503098767,0.499835707434372
"ENSMUSG00000005442",208.402032570543,-0.0879735136520268,0.348758996535654,-0.252247295484557,0.80084992318021,0.899785816718398
"ENSMUSG00000005447",561.992849392284,-0.54385451170422,0.259253352325126,-2.09777234055658,0.0359252609854223,0.13747530044479
"ENSMUSG00000005465",727.704992918681,0.529356778512753,0.258841532288117,2.04509984867314,0.0408450152105993,0.14849318696461
"ENSMUSG00000005469",187.546250657466,-0.213363038288188,0.370441454470693,-0.575969659208504,0.564635689744698,0.741526965019157
"ENSMUSG00000005470",4105.11869029886,-0.855485819857767,0.349514675202937,-2.4476391995874,0.0143795568496865,0.0780392314781036
"ENSMUSG00000005474",2.2078396503507,-2.06690638972481,2.24439599436601,-0.920918766079272,0.357092840173059,NA
"ENSMUSG00000005481",4180.121115773,-0.321660777813637,0.234473061331583,-1.37184534541798,0.170111587607385,0.358380652413899
"ENSMUSG00000005483",1624.15646804544,-1.02573451905775,0.215219947815863,-4.76598256559074,1.87935510811717e-06,0.00058054453886682
"ENSMUSG00000005493",28.6451533867116,-0.315609149343895,0.593486428224667,-0.531788317869367,0.594872614698808,NA
"ENSMUSG00000005501",492.623247014837,0.756333829159305,0.328433643164168,2.30285126052465,0.0212872132430848,0.0989198921239343
"ENSMUSG00000005503",0.156846796929866,-0.229883875048228,7.34992894096434,-0.031277020076614,0.975048616762622,NA
"ENSMUSG00000005505",190.455547289626,0.0157954037507531,0.305298708961169,0.0517375386371587,0.958737825773128,0.98665750091066
"ENSMUSG00000005506",570.318307467292,0.344033726813657,0.266582105546314,1.29053570984676,0.196864721496703,0.392894765191784
"ENSMUSG00000005510",1437.53488767866,-0.501985178717695,0.203234693631645,-2.46997778650688,0.0135121442399181,0.074893949763518
"ENSMUSG00000005514",321.300551955711,0.340644944059642,0.223472255244812,1.52432767855888,0.127426876269631,0.300624026712482
"ENSMUSG00000005533",65.3237013478024,1.10879490682271,0.450405591863411,2.46176985111445,0.0138253350932364,NA
"ENSMUSG00000005534",67.8697535510757,0.479145707916563,0.654520932466408,0.732055590813598,0.464134637953956,0.661581697628916
"ENSMUSG00000005540",16.3353952863001,-0.0767708419404084,1.02562179276007,-0.0748529745392877,0.940331692414902,NA
"ENSMUSG00000005547",0.242547702450949,0.933073228635413,7.2529156452194,0.128648018848865,0.897636168435117,NA
"ENSMUSG00000005553",1.25236988538663,-1.06995967737376,3.76650767850761,-0.284072081806483,0.77635514148465,NA
"ENSMUSG00000005566",1191.90991050969,0.0639851468529486,0.174104943173105,0.367509076346735,0.713239322856186,0.84309865394035
"ENSMUSG00000005575",1599.37778470776,-0.62944591482746,0.381532992987714,-1.64978108419507,0.0989877189710464,0.256351480751583
"ENSMUSG00000005580",2.58619756267582,0.149185854822004,2.13632759455845,0.069832854849604,0.944326696613245,NA
"ENSMUSG00000005583",66.4994522506409,-0.409837389883428,1.11324423352266,-0.368146878773018,0.712763717474239,0.842823730708569
"ENSMUSG00000005609",468.357055557274,0.704003462151489,0.280979924500955,2.50552940179574,0.012226823232533,0.0710187867029355
"ENSMUSG00000005610",7101.48891531814,-0.455392688100677,0.19590299878721,-2.32458252767904,0.0200942939667817,0.0958186665999215
"ENSMUSG00000005611",6.70407474381535,-0.387801325703511,1.06210425659163,-0.365125479251908,0.715017742268931,NA
"ENSMUSG00000005615",115.760406891829,0.138271481237487,0.398981255512533,0.346561346747637,0.728920888999128,0.852103002336375
"ENSMUSG00000005621",406.787138110172,0.20448693584976,0.19810451195818,1.03221745849447,0.301970258204486,0.512968625174315
"ENSMUSG00000005625",3319.21006013926,-0.440662038008512,0.180839094103679,-2.43676313571816,0.0148193829936312,0.0795274706254312
"ENSMUSG00000005628",8.25671727612913,1.65211680930286,1.03471412488588,1.59668914298921,0.110335016960564,NA
"ENSMUSG00000005640",14.7844949658529,0.124531436704809,0.760750162117075,0.163695576952956,0.869970799659782,NA
"ENSMUSG00000005649",2.04395115239295,-0.366583629480604,2.22919251951868,-0.164446823803157,0.869379405200728,NA
"ENSMUSG00000005656",2347.87247778307,-0.649701731954647,0.222231294359231,-2.9235384414601,0.00346077489662691,0.0352314725573193
"ENSMUSG00000005667",1033.27300625899,-0.0565972035824591,0.17673288079283,-0.32024150417603,0.748785262719276,0.865759221672027
"ENSMUSG00000005672",6.94698463245852,0.166880816160176,1.04167244820962,0.160204694332661,0.872719831615856,NA
"ENSMUSG00000005674",290.579757311069,-0.316454997862528,0.345900389694608,-0.914873204224842,0.360258198652524,0.56960209431865
"ENSMUSG00000005677",1.03728047237166,-0.820862538942167,4.56787570801728,-0.179703343832547,0.857385468183711,NA
"ENSMUSG00000005681",16.9229791915075,-0.488525530532722,0.790104359019361,-0.618305069394954,0.536374260867607,NA
"ENSMUSG00000005682",246.305138549959,0.725669167170967,0.246878158357919,2.93938180678951,0.00328867674989264,0.0341138845245211
"ENSMUSG00000005683",2310.95487428844,-0.0892963414376216,0.138607421355649,-0.644239251868762,0.519420301361424,0.706056290128276
"ENSMUSG00000005686",15.9911727284992,0.28563461673581,0.966015182922083,0.295683361696033,0.767471904774744,NA
"ENSMUSG00000005687",7825.25016819835,-0.147639913596655,0.111095250409694,-1.32894892492876,0.183864821022581,0.377388653614662
"ENSMUSG00000005696",6598.65487747484,-0.933301971782162,0.30335803987284,-3.07656910024003,0.0020939776202931,0.0279338310075537
"ENSMUSG00000005698",2272.29709159188,0.0855198143718388,0.196805828798228,0.434539032172245,0.663897057164612,0.812105235747084
"ENSMUSG00000005699",185.102272707359,0.187093875343577,0.285059086126118,0.656333667121915,0.511609459998979,0.700354453966197
"ENSMUSG00000005705",26.4158155461561,-0.0499290097658992,0.632542348730469,-0.0789338608965996,0.937085230155221,NA
"ENSMUSG00000005716",0.117771146090888,1.15933101276703,7.35605134060003,0.157602354726424,0.874770147961537,NA
"ENSMUSG00000005718",33.1413739552745,-0.228962107544867,0.473328803688278,-0.483727391531522,0.628579350871019,NA
"ENSMUSG00000005732",4492.675505584,-0.776350093553917,0.264095672492777,-2.93965473279442,0.00328578163280197,0.0341138845245211
"ENSMUSG00000005763",2567.65198674663,-0.027488142830794,0.200341508241398,-0.137206428523403,0.890867629742744,0.951061263255568
"ENSMUSG00000005774",146.078237591037,-0.112285687612477,0.287622205590852,-0.390392971856301,0.696245984053072,0.834937711071772
"ENSMUSG00000005779",4454.28706630387,-0.728301258094298,0.196789384957487,-3.70091739578145,0.000214821405067346,0.00983106291245704
"ENSMUSG00000005800",31.5132771381821,0.340225091464178,1.49533523011437,0.227524293290513,0.82001608121309,NA
"ENSMUSG00000005802",90.177871881355,0.121317907007537,0.379748798604627,0.319468836908281,0.749371018808612,0.865972939083836
"ENSMUSG00000005803",25.53799266701,-0.10405639110925,0.686042244628755,-0.15167636092958,0.87944220267323,NA
"ENSMUSG00000005804",473.561757710461,-0.0732710817299511,0.25617929414743,-0.286014847428629,0.774866749770033,0.883881610568651
"ENSMUSG00000005813",655.683832479962,0.0253268006561922,0.203706448646066,0.124329891491049,0.901054080923696,0.955678067589135
"ENSMUSG00000005823",328.65538042813,0.444187855236836,0.208022409910953,2.13528847890464,0.0327374534244293,0.129599410132352
"ENSMUSG00000005824",127.363241969688,0.190172018108128,0.534693822608905,0.355665261252189,0.722091263570875,0.848977855582711
"ENSMUSG00000005836",0.633767939373409,3.73990872044876,6.87398178767874,0.54406730130597,0.586395160807171,NA
"ENSMUSG00000005846",2782.99278829269,-0.251634449335727,0.232016444272844,-1.08455437339525,0.278119072470347,0.488747916687891
"ENSMUSG00000005864",0.200976627157235,-1.67282494726756,7.35015532594136,-0.227590421302194,0.81996466724408,NA
"ENSMUSG00000005871",401.625753318318,0.409354690568161,0.320936151150099,1.27550196230998,0.202131630033308,0.398870442862437
"ENSMUSG00000005873",5260.75000419859,-0.45227057341186,0.246398849141518,-1.83552226395384,0.0664283433625589,0.199714543630686
"ENSMUSG00000005881",1130.81089471358,0.0980609303757843,0.192890727601433,0.508375553325746,0.611189993802233,0.775162059114072
"ENSMUSG00000005882",328.725640819556,-0.460244770655776,0.364151438387966,-1.26388288535451,0.206272065541038,0.40447189586147
"ENSMUSG00000005883",50.9680284316774,0.69845162925843,0.482949024671832,1.44622225861836,0.148114872516669,NA
"ENSMUSG00000005886",702.347032575266,0.586586312675656,0.240047998300523,2.44362092926637,0.0145406955703607,0.0785865367485048
"ENSMUSG00000005891",0.0355187493373064,1.16171280725677,7.35565536667627,0.157934643392857,0.874508299155349,NA
"ENSMUSG00000005892",0.115619747166061,1.1602245237171,7.35572603679728,0.157730796105379,0.874668932464539,NA
"ENSMUSG00000005893",541.577857796007,1.04686420538989,0.337898031506404,3.09816603761438,0.00194722299267478,0.0268456056939891
"ENSMUSG00000005897",59.3059882768537,0.218763509069386,0.437272645816516,0.500290862376928,0.616870287231112,NA
"ENSMUSG00000005899",238.659004846144,0.593005596465755,0.277033342401854,2.14055676953702,0.0323097981515392,0.128575827185171
"ENSMUSG00000005907",191.109829588476,0.615008667760169,0.278454251349362,2.20865246186724,0.0271988233363286,0.115247829772612
"ENSMUSG00000005917",1.60227936574115,3.25953819602708,4.0523224635099,0.804362985763935,0.421187371368559,NA
"ENSMUSG00000005936",583.419254925508,0.198524763266192,0.156187980256727,1.27106300331098,0.203706235756033,0.401011628351256
"ENSMUSG00000005947",286.143234190439,0.31141887194525,0.244097205046802,1.27579859788046,0.202026723354565,0.398870442862437
"ENSMUSG00000005949",89.6372982371786,0.646577438555496,0.32101511655591,2.01416508198262,0.0439922043991727,0.155753202179736
"ENSMUSG00000005950",0.810353497077517,-1.28379149840279,5.01842302307391,-0.255815719898485,0.798093134983371,NA
"ENSMUSG00000005951",29.9020397284609,0.716329644509876,0.466950148868311,1.53406021230736,0.125014840432699,NA
"ENSMUSG00000005952",0.0380762098104571,-1.67431590235222,7.3501929692546,-0.227792101425878,0.819807867435575,NA
"ENSMUSG00000005958",1.15311930669377,1.15513906495873,2.70196662401096,0.427517888153619,0.669002158892801,NA
"ENSMUSG00000005968",34.8695374130701,-0.922764523525071,0.62181539163403,-1.48398469375323,0.137812981281547,NA
"ENSMUSG00000005973",457.706559257098,-0.174609371095864,0.161220556759325,-1.08304657052219,0.278787752558476,0.489400982781128
"ENSMUSG00000005980",16.3236323164549,0.702135434744716,0.92517614678086,0.758920814363609,0.447899926977329,NA
"ENSMUSG00000005981",779.93343030403,0.37313525892266,0.214657491726844,1.7382820227746,0.0821611324361626,0.227624101494245
"ENSMUSG00000005982",108.527751470344,-1.36520111036785,1.22111676333981,-1.11799391454914,0.263569592428997,0.473276189129998
"ENSMUSG00000005983",141.484898361398,-0.668294084852966,0.349174564402873,-1.91392544871023,0.0556296821744307,0.179237095271919
"ENSMUSG00000005986",33.8350110160481,-1.05941144103264,0.463293403174799,-2.28669658098483,0.0222135394074465,NA
"ENSMUSG00000005994",0.562350774683771,1.70665021410863,7.20468167610086,0.236880724344822,0.812749324200133,NA
"ENSMUSG00000006005",3685.40946561407,0.222992414998367,0.173131070948245,1.28799766429578,0.197746776243784,0.394177633226418
"ENSMUSG00000006007",0.150502171142129,-0.948049278332817,7.3041658572156,-0.129795694247039,0.89672806959087,NA
"ENSMUSG00000006010",442.03618757497,-0.00877798356377372,0.254102845158767,-0.0345450030608241,0.972442556492964,0.992424770723044
"ENSMUSG00000006014",25.5862662642486,1.25573391651745,0.535969325027533,2.3429212417202,0.0191334215415128,NA
"ENSMUSG00000006019",123.326445236452,0.285941015603199,0.344968572418495,0.82889004525407,0.407166628851951,0.611864111614706
"ENSMUSG00000006021",286.12013342955,0.612404548571156,0.211644065000428,2.89355880860593,0.00380902954098733,0.03704177479703
"ENSMUSG00000006024",2282.71538331851,-0.403930506965333,0.392143966142032,-1.03005666755314,0.302983405043637,0.514338134785566
"ENSMUSG00000006050",3935.74568674452,-0.590944864783815,0.248652975156891,-2.37658473384825,0.0174737475616756,0.0880136760154259
"ENSMUSG00000006056",0.111914539250831,0,7.3561311249555,0,1,NA
"ENSMUSG00000006057",9228.23975216751,-0.672583216640021,0.224288559603584,-2.99874063050193,0.00271097984319061,0.0312317602080228
"ENSMUSG00000006058",9356.90509017976,0.198663356594238,0.253906605267788,0.782426894269699,0.433963733392214,0.6355948255801
"ENSMUSG00000006095",2132.15879623749,-0.614790286503513,0.207648868541282,-2.96072061852477,0.00306920214190587,0.0332232412437073
"ENSMUSG00000006127",941.904202908532,-0.579606333368185,0.256363984277209,-2.26087270020523,0.0237671410746897,0.105780364485956
"ENSMUSG00000006134",89.027429875187,-0.108841921383329,0.444449480689081,-0.244891548111562,0.806540406102441,0.903416647515312
"ENSMUSG00000006143",0.081236158750911,0,7.3561311249555,0,1,NA
"ENSMUSG00000006154",69.0949737863488,0.356714985351477,1.29747745162925,0.27492962201659,0.783370308674818,0.889355174141562
"ENSMUSG00000006169",1430.44123376867,-0.107578039154943,0.161815010428903,-0.664821136616433,0.506164901864752,0.696179220110349
"ENSMUSG00000006179",109.947551800486,-1.21028837354687,0.859791878225218,-1.40765271712631,0.159233929162837,0.344803371254028
"ENSMUSG00000006191",346.449769935456,0.663345106751971,0.338808567648818,1.95787583341028,0.0502445842632498,0.168653997836947
"ENSMUSG00000006200",0.0406180793754555,0,7.3561311249555,0,1,NA
"ENSMUSG00000006204",1.19640690916794,2.99358166760447,3.85974919142875,0.775589687084394,0.437991291505646,NA
"ENSMUSG00000006205",0.275579822311508,0.9693185461642,7.3095256888007,0.132610320755742,0.894501569732473,NA
"ENSMUSG00000006215",210.919972925914,0.610980079795069,0.365204988899225,1.67297845967724,0.0943315365707343,0.248459163069999
"ENSMUSG00000006216",0.71666023666459,1.98233930923924,5.77364962449552,0.34334250225869,0.731340809751546,NA
"ENSMUSG00000006218",0.0400922426516566,0,7.3561311249555,0,1,NA
"ENSMUSG00000006219",5.28163558483288,0.0713194238382226,1.29625624678535,0.0550195410938933,0.956122895829976,NA
"ENSMUSG00000006221",1.27271040906127,-0.27361544511653,2.79765280174281,-0.0978017876078403,0.922089687885146,NA
"ENSMUSG00000006235",11.970128920819,-0.790788054049991,1.31810773728267,-0.599941895250709,0.548544960039163,NA
"ENSMUSG00000006241",0.501439468454701,-3.89921769048472,7.24936959843124,-0.537869898553455,0.590666871149959,NA
"ENSMUSG00000006262",391.57903433298,0.134850529160034,0.269515839745804,0.50034361352275,0.61683314942543,0.779466922887571
"ENSMUSG00000006269",1.04500368400944,-2.84267530363112,4.83622232924651,-0.587788383185024,0.556674342385699,NA
"ENSMUSG00000006270",0.265090143763133,-1.44485645518106,7.34439217604074,-0.19672920788388,0.844039452143346,NA
"ENSMUSG00000006273",808.990531827731,0.404719490629298,0.240370182929823,1.68373417075386,0.092233054371646,0.245218865643819
"ENSMUSG00000006276",493.59114547761,0.055954717713529,0.148698196222629,0.376297219031187,0.706695946533743,0.839624936594847
"ENSMUSG00000006281",205.159436461713,0.490756818842907,0.274926461704954,1.78504759345274,0.0742535973868699,0.213619560584752
"ENSMUSG00000006288",566.439615102194,-0.381397172003478,0.27316230959237,-1.39622912316353,0.162645509368961,0.349474505117044
"ENSMUSG00000006289",1124.83606037507,-0.533219043611939,0.254077386179247,-2.09864817814114,0.0358479260130013,0.137374220901639
"ENSMUSG00000006299",1489.17957314529,-0.45026807943809,0.260255091490153,-1.73010286507738,0.0836118984479493,0.229793046725758
"ENSMUSG00000006301",130.370116776727,0.265511700488652,0.445879688380165,0.595478348550095,0.551523767660099,0.731757962367733
"ENSMUSG00000006304",19636.1660395406,-0.554717034445126,0.233507468399018,-2.37558583564113,0.0175211167072257,0.0881852149447172
"ENSMUSG00000006307",409.059835558966,0.482127349269507,0.319654317941358,1.5082772927158,0.131483572344725,0.3063162109004
"ENSMUSG00000006310",1089.36745228899,-0.822358154841089,0.567245946425309,-1.4497382661321,0.147131520473009,0.32838001351901
"ENSMUSG00000006311",0.831207762826172,0,6.34501417642607,0,1,NA
"ENSMUSG00000006313",207.032315117676,-1.70968533632884,1.00798761870921,-1.69613723878691,0.0898598927967336,0.241073933848641
"ENSMUSG00000006315",2123.87383671896,-0.150654235408294,0.202449571915532,-0.744156848457805,0.456781590411787,0.655167339342042
"ENSMUSG00000006333",20207.5886256552,-0.643787576711315,0.230463077506474,-2.79345213852414,0.00521487454345241,0.0430651920317687
"ENSMUSG00000006335",401.355811662961,-0.755768116880368,0.237223812765853,-3.18588639171032,0.00144311254413611,0.0237534392807233
"ENSMUSG00000006342",7.84582478079094,-0.913358573125649,1.26490935811642,-0.722074326721508,0.470248781542148,NA
"ENSMUSG00000006344",38.0298987348294,0.534500382800409,0.662700466654757,0.806548976038166,0.419926380457207,NA
"ENSMUSG00000006345",298.315538367114,0.29837099610405,0.31842925083787,0.937008755693637,0.348754054106441,0.557386228753786
"ENSMUSG00000006356",566.409734577359,0.890010667745049,0.400127578112847,2.22431723387495,0.0261271080008629,0.112094818831827
"ENSMUSG00000006360",61726.3549549648,-0.565084340484945,0.220996248536318,-2.55698612183491,0.0105583429801349,0.0651493260665629
"ENSMUSG00000006362",28.0461558941966,-0.639755901389115,1.81693481252942,-0.352107239608937,0.724757839215118,NA
"ENSMUSG00000006369",7.58452182588884,0.739244914933755,1.2175925502094,0.607136529216298,0.543760309682848,NA
"ENSMUSG00000006373",1290.54457949418,-0.210047733593559,0.174666979750127,-1.20256120472253,0.229146168060411,0.432437928842528
"ENSMUSG00000006378",341.899326489469,1.07699575942296,0.479674351128451,2.24526443177396,0.0247511619613248,0.108067683740148
"ENSMUSG00000006386",1.92932241806862,2.50407594084377,3.44173318920153,0.727562481804323,0.466881454252213,NA
"ENSMUSG00000006389",0.602616599416775,-0.117709448163611,7.15882636072032,-0.0164425622626454,0.986881324556082,NA
"ENSMUSG00000006390",1864.04919733071,0.0109972445882446,0.31176806790596,0.0352738003673991,0.97186141460388,0.992159393628493
"ENSMUSG00000006392",1678.54687859129,-0.346775233941685,0.248993418841417,-1.39270843203508,0.163707977750664,0.350574818038414
"ENSMUSG00000006395",139.959294397241,0.248061338733417,0.252726531286251,0.981540550851188,0.326326247562677,0.536906617369684
"ENSMUSG00000006398",1214.1218559053,-0.126753344348469,0.346328380458046,-0.365991791319059,0.714371200851221,0.843494319518696
"ENSMUSG00000006403",3.05772902965878,-0.159449182513853,1.6792625032851,-0.0949519102593706,0.924353024315655,NA
"ENSMUSG00000006411",4.48723381650231,1.19911971048331,1.44778889667268,0.82824209609504,0.407533408043882,NA
"ENSMUSG00000006412",1594.61818944239,-0.807669881222759,0.196102434111022,-4.1186122185791,3.81160941762003e-05,0.00459862912441321
"ENSMUSG00000006418",1245.71859655721,-0.435772913548584,0.193206693676961,-2.25547523874711,0.0241035147957223,0.106494510952435
"ENSMUSG00000006423",424.255487965431,0.260935557298329,0.183436154509977,1.42248706638765,0.154884903532911,0.339061575354377
"ENSMUSG00000006435",0.93592699610033,-0.78189699532096,3.66121081588458,-0.213562407258443,0.830888317675664,NA
"ENSMUSG00000006442",1066.1420427103,-0.395693583780061,0.335818434921474,-1.17829619411033,0.238678544549785,0.444068777126788
"ENSMUSG00000006445",82.0095355716609,0.572362363563848,0.430876221553931,1.32836841517885,0.184056428391375,0.377495939638183
"ENSMUSG00000006456",309.510228474807,-0.0990312132414041,0.270052525256499,-0.366710932057914,0.713834651229337,0.843242773351099
"ENSMUSG00000006457",4.92005897187153,-1.37027580618308,2.16328480014694,-0.633423674076574,0.526457009215682,NA
"ENSMUSG00000006463",81.415114600351,0.297680315993583,0.440049799521609,0.676469609387846,0.49874253487809,0.688845879177019
"ENSMUSG00000006464",11.1093353283646,0.484147009967523,0.993323961713308,0.487400917151394,0.625974243728444,NA
"ENSMUSG00000006469",0.261192451804472,-0.243682485772086,7.32889778431518,-0.0332495407827353,0.973475592109145,NA
"ENSMUSG00000006471",218.217524860438,0.123696974783029,0.28721149151463,0.430682540349289,0.666699215665892,0.814143340396399
"ENSMUSG00000006476",64.050134012103,1.04777287163596,0.476376592390785,2.19946338332351,0.0278449900236222,NA
"ENSMUSG00000006488",0.0735989592513091,-0.230632155932485,7.34985274682789,-0.0313791532805909,0.974967166235637,NA
"ENSMUSG00000006490",0.183811830154984,2.13872424668932,7.28538066049326,0.29356382958643,0.769091218294458,NA
"ENSMUSG00000006494",867.111184648089,0.198089115387777,0.265508405534227,0.746074742866252,0.455622265658131,0.654150485988472
"ENSMUSG00000006498",1388.22676383214,-0.0741614710467468,0.129711757481082,-0.571740546014597,0.56749776115609,0.743136906428001
"ENSMUSG00000006517",272.567336271021,-0.48082124888929,0.237846843434293,-2.02155825129595,0.0432220087461334,0.154353163459367
"ENSMUSG00000006519",23844.7345729101,-0.279465126692223,0.262248577161206,-1.06564973475694,0.286582007782736,0.498129619646974
"ENSMUSG00000006522",0.0380762098104571,-1.67431590235222,7.3501929692546,-0.227792101425878,0.819807867435575,NA
"ENSMUSG00000006526",109.426986380122,-0.0529576387147596,0.298111035464702,-0.177644006476339,0.859002561994928,0.932917039882064
"ENSMUSG00000006527",84.8431383909021,0.0739012737571943,0.374922390204782,0.197110857307907,0.843740787203962,0.925604861613616
"ENSMUSG00000006529",0.559545067440629,2.74635256554441,7.26106102811532,0.378230200092017,0.70525959252718,NA
"ENSMUSG00000006538",0.71464427216817,-0.531426903499098,4.34080803177533,-0.122425801742205,0.902561805369026,NA
"ENSMUSG00000006542",3.62252503659884,0.268562429042841,1.7243708629143,0.155745167596345,0.876233892962717,NA
"ENSMUSG00000006546",0.602058029002674,0.110191674618331,5.42426676261127,0.0203145751196949,0.983792428922431,NA
"ENSMUSG00000006567",5.82617368826436,0.0600212486900822,1.50314978258807,0.0399303179133219,0.968148680172018,NA
"ENSMUSG00000006570",0.114228629431371,-3.13863321915088,7.26774571323647,-0.431857874916372,0.665844712909321,NA
"ENSMUSG00000006574",3.57618011743458,0.423383898948105,2.52063119872131,0.167967411957324,0.866608916288955,NA
"ENSMUSG00000006575",17.314806308087,-0.571220771114442,0.955620780664385,-0.597748377465491,0.550007840367438,NA
"ENSMUSG00000006576",2.08992208696711,-1.90575548062835,3.2656487559681,-0.583576380388586,0.559505355090151,NA
"ENSMUSG00000006585",711.856354630442,0.0864448215535335,0.213141426581513,0.405574941202122,0.685054944184852,0.827743322731606
"ENSMUSG00000006586",3.37170753657832,0.814212865913053,1.58330376902531,0.514249306950295,0.607077698774579,NA
"ENSMUSG00000006587",379.14211815853,-0.101390611749108,0.347498709401853,-0.291772628231141,0.770460474561905,0.880285066995408
"ENSMUSG00000006589",2441.70574174301,-0.515474750571978,0.180978142715442,-2.84827075158173,0.00439575100829363,0.0396821906091164
"ENSMUSG00000006599",633.791947049276,0.0524872846800343,0.188679844659301,0.278181725105882,0.780872862670153,0.888089917557819
"ENSMUSG00000006611",19.6521496638042,-0.0961648319812629,1.03874473216884,-0.092577925069691,0.926238881660442,NA
"ENSMUSG00000006641",47.2043134434224,0.521944180593592,0.498752064979018,1.04650028990968,0.295330111146621,NA
"ENSMUSG00000006642",0.56377745725803,-1.69445091724917,6.23181801702951,-0.271903144895886,0.78569649303492,NA
"ENSMUSG00000006649",15.3704796880288,-0.864352533047862,0.860387709659821,-1.00460818226891,0.315085555771628,NA
"ENSMUSG00000006651",21.5606475703387,-3.90509583094755,1.49264709016287,-2.61622178255239,0.00889087873876912,NA
"ENSMUSG00000006673",988.594442530123,0.19418808822273,0.155198975279009,1.25122016993751,0.210854161338525,0.41021322275759
"ENSMUSG00000006675",24.7227157578239,0.249219301222259,0.533771186160389,0.46690287464744,0.640569368516768,NA
"ENSMUSG00000006676",1345.62832817709,0.164466740670734,0.564273441661425,0.291466385847408,0.770694648594378,0.880424893257301
"ENSMUSG00000006678",2983.5301139876,0.817096151342728,0.404386769200803,2.02058082404024,0.0433231756435265,0.1546585739387
"ENSMUSG00000006699",23968.9208984434,-0.923724434733823,0.286063540034503,-3.22908831591194,0.00124185537839271,0.021842954475822
"ENSMUSG00000006705",517.471823048387,0.015706341416576,0.20635158783452,0.0761144684244997,0.93932802939521,0.976709697695961
"ENSMUSG00000006711",2.370143815563,-4.37071001978218,2.76694416334198,-1.5796162704285,0.114194770874433,NA
"ENSMUSG00000006715",4110.18381170437,-0.883563972248153,0.3463789218894,-2.55085952525217,0.0107457627871619,0.0656501020711345
"ENSMUSG00000006717",1568.01834647518,-0.845872625112456,0.250347780740412,-3.37879018783694,0.00072805549373411,0.0168543994275449
"ENSMUSG00000006720",5.55771226081338,1.07100377850413,2.12892223045547,0.503073227937965,0.614912788587686,NA
"ENSMUSG00000006724",1.62548576183334,-0.591877098159728,2.54570116529322,-0.232500619565672,0.816149206055268,NA
"ENSMUSG00000006728",3127.59514438765,-0.495257559347505,0.26563803786957,-1.86440753485267,0.0622644955634003,0.192579642879916
"ENSMUSG00000006731",2958.90898645586,-0.19222699658306,0.221553879954267,-0.867630919497957,0.385596414247009,0.594729373510951
"ENSMUSG00000006732",292.126871060904,0.227713437236202,0.263904196122713,0.86286402634658,0.388212231507033,0.596530065046948
"ENSMUSG00000006736",1204.05750701918,-0.451019144827949,0.37524851417561,-1.20192120099076,0.229394059450552,0.432740511005478
"ENSMUSG00000006740",3290.00703610197,0.384653387789143,0.120919315421037,3.18107480554114,0.00146729736432938,0.0237942384229693
"ENSMUSG00000006763",491.630948890535,-0.189543054808908,0.223045263785521,-0.849796366853913,0.395438309917014,0.602482690124796
"ENSMUSG00000006764",0.513991872904732,-5.22856592251705,7.22951316161166,-0.723225175144636,0.469541554323623,NA
"ENSMUSG00000006777",0.0381979668618393,0,7.3561311249555,0,1,NA
"ENSMUSG00000006782",1619.21967963617,-0.331686447684598,0.226800495877146,-1.46245909384725,0.143615446054954,0.322365159608059
"ENSMUSG00000006784",142.675458672318,0.285068694941581,0.407625981625307,0.699338873849356,0.484340278450445,0.677473277555207
"ENSMUSG00000006800",9.00884601701492,1.72974314267813,1.2536772914668,1.37973556229478,0.167668079150196,NA
"ENSMUSG00000006818",1805.82614712534,-0.497383065139118,0.205493182973049,-2.42043584095124,0.0155019145935406,0.0816825297212949
"ENSMUSG00000006850",100.036972724688,-0.12904102984506,0.359446227533892,-0.358999538624712,0.71959543442438,0.847631408860415
"ENSMUSG00000006906",590.507219443489,-0.429805420652939,0.290729019330004,-1.47837123945674,0.139308439109901,0.31722274144238
"ENSMUSG00000006920",367.890500216385,0.674906510671436,0.279172828103364,2.41752220392148,0.015626580576705,0.0820769123276989
"ENSMUSG00000006930",0.760077236516929,0,5.13418621297465,0,1,NA
"ENSMUSG00000006931",75.5694581224587,2.10049377333009,0.69163563578602,3.03699471896493,0.00238949642097766,0.0295737316918219
"ENSMUSG00000006932",1265.91676473808,0.0841038770907123,0.187207673871579,0.449254431463135,0.653248125839066,0.803627408079191
"ENSMUSG00000006941",1634.61295082231,-0.555778390611726,0.181716905052028,-3.05848479233453,0.00222459370006495,0.02844774738052
"ENSMUSG00000006948",0.0355187493373064,1.16171280725677,7.35565536667627,0.157934643392857,0.874508299155349,NA
"ENSMUSG00000006958",2.82481200925925,0.799664936622476,1.54837514478828,0.516454258074402,0.605537178636457,NA
"ENSMUSG00000006998",1651.1061965264,0.0256521044928644,0.132969892757953,0.192916636697295,0.84702425557554,0.926608539880945
"ENSMUSG00000007021",24.7351143999902,0.375811961609259,1.6359346589995,0.229723087986349,0.818306953031494,NA
"ENSMUSG00000007029",932.358731408885,-0.122472512941888,0.17344650416031,-0.706111163985703,0.480119009589414,0.674169106611364
"ENSMUSG00000007030",65.8998952408069,0.567523542585836,0.559893534412382,1.01362760543656,0.310760480131606,0.52207126888187
"ENSMUSG00000007033",7.60945630317057,-0.988875535225773,1.10589147674669,-0.894188585425075,0.37122099847213,NA
"ENSMUSG00000007034",0.632897983214079,1.413673066086,5.9414084894744,0.237935679492567,0.811930981819348,NA
"ENSMUSG00000007035",79.4010919181725,0.909797388495807,0.537282750609058,1.69333072290981,0.0903925333009541,0.241886895419581
"ENSMUSG00000007036",379.326549885973,-0.025578517289416,0.194748310677149,-0.131341407791823,0.895505236806885,0.953475793390356
"ENSMUSG00000007038",322.827248203401,0.0169360633777386,0.21328541196158,0.0794056340842916,0.93670998744299,0.974671392197258
"ENSMUSG00000007039",55.0761494149269,-0.519702020586443,0.608634043410436,-0.853882601890508,0.393170040385045,NA
"ENSMUSG00000007041",13251.6698014331,-0.668704543928097,0.266623117425292,-2.50805162877697,0.0121398927961364,0.0707563916803114
"ENSMUSG00000007050",2218.46002249579,-0.717902163130682,0.267568228622542,-2.68306206168979,0.00729514510592478,0.0517306380000477
"ENSMUSG00000007080",583.222631664458,0.448656189063822,0.274580822547089,1.63396767808458,0.102265637552523,0.261416040136202
"ENSMUSG00000007097",21.6793703484486,0.0533643844138117,0.947934730035702,0.0562954206897788,0.955106466811786,NA
"ENSMUSG00000007107",0.543053677409009,-1.84226926410473,7.25721474359979,-0.253853486384628,0.799608750339565,NA
"ENSMUSG00000007122",0.748005579068027,-1.36254853168174,5.12424661382102,-0.265902216338828,0.790314518135657,NA
"ENSMUSG00000007207",69.9809520338467,-0.0086852674329698,0.358369446525002,-0.0242355131476418,0.980664751047173,0.996594126051332
"ENSMUSG00000007209",0.171562675318676,0.751164436069828,7.34596392761346,0.102255394046546,0.918553960045781,NA
"ENSMUSG00000007216",73.17649375006,-0.176022408995599,0.532601856381074,-0.330495297541088,0.74102574522515,0.860453364448562
"ENSMUSG00000007279",0.575670066463228,-0.946501854093211,7.14494086118971,-0.132471614878504,0.894611273179891,NA
"ENSMUSG00000007338",1252.53522679986,-0.899296198521395,0.235451572145598,-3.81945293601731,0.000133747974729537,0.00826311706375921
"ENSMUSG00000007379",67.3027550647889,0.974984091143071,0.502751385824234,1.93929667552211,0.0524652234751781,0.172651856712953
"ENSMUSG00000007411",883.382397072075,0.538081592096916,0.287433952473262,1.87201820615458,0.0612040847703633,0.190312166704952
"ENSMUSG00000007415",564.184134098509,-0.249213243790949,0.229119300248263,-1.08770078959264,0.276727219056999,0.487341628430151
"ENSMUSG00000007440",0.106556248011919,2.74727956207311,7.26104728326191,0.378358583121489,0.705164231160339,NA
"ENSMUSG00000007457",0.0406180793754555,0,7.3561311249555,0,1,NA
"ENSMUSG00000007458",2305.07454194393,0.0669371632094916,0.186401102137781,0.359102829553089,0.719518164923337,0.847631408860415
"ENSMUSG00000007476",380.986346040084,-0.015065069304292,0.210165554300156,-0.0716819145480724,0.942855049232268,0.9790044287459
"ENSMUSG00000007480",0.390027007434453,1.35380065226287,7.25508486545505,0.186600250358058,0.851974070437561,NA
"ENSMUSG00000007564",1369.77207233517,-0.0832169399403477,0.155971293745471,-0.533540101784044,0.59365975904434,0.761854656659313
"ENSMUSG00000007570",127.130776298484,0.292699063341858,0.319352816121282,0.916538225329751,0.35938466799297,0.568704613066655
"ENSMUSG00000007589",517.617815250037,-0.163589174798809,0.250778594933426,-0.652325111089472,0.514191464084091,0.702569017722642
"ENSMUSG00000007591",17.4886400131716,-1.19806584284839,0.614514199038494,-1.94961458127893,0.0512220741399231,NA
"ENSMUSG00000007594",0.664496157828679,3.79963754710708,5.92837742567854,0.640923691978365,0.521572262125529,NA
"ENSMUSG00000007603",231.501044674279,0.309814861607737,0.230073101568571,1.34659314581109,0.178111302875778,0.369880300194761
"ENSMUSG00000007610",102.836108050986,0.269945122904142,0.360408188353997,0.748998306994619,0.453858225846909,0.653408425879854
"ENSMUSG00000007613",394.335822609591,0.787133333192249,0.291628485615942,2.69909618578502,0.00695280778442438,0.0504244350323074
"ENSMUSG00000007617",110.18983807063,0.0358623810435425,0.337443258539786,0.106276774349351,0.915362758597915,0.963165685284396
"ENSMUSG00000007646",115.539961545837,0.49345069486706,0.380855096100887,1.29563894488718,0.195099905173449,0.391083914405856
"ENSMUSG00000007653",1.0328869879258,0.377411952493,6.11274240957423,0.0617418381481068,0.950768421482045,NA
"ENSMUSG00000007655",0.135328062485079,1.6735222154545,7.33438855999525,0.228174741734106,0.819510396707769,NA
"ENSMUSG00000007656",8115.13022341394,-0.687988201947898,0.206687334693399,-3.3286422845815,0.000872704147589246,0.0185076825741024
"ENSMUSG00000007659",281.542061487769,-0.418963036589266,0.300227545740687,-1.39548499973794,0.162869635082796,0.349714707580687
"ENSMUSG00000007670",434.673508792146,-0.259330242765747,0.235532925893528,-1.10103605167703,0.270880966876566,0.481679862848507
"ENSMUSG00000007682",0.537880055705692,-0.231013656114935,5.51446183558297,-0.0418923302042425,0.966584530642567,NA
"ENSMUSG00000007721",3357.85408949708,-0.707346820404619,0.241776029933243,-2.92562840327855,0.00343761280406758,0.0351404369888397
"ENSMUSG00000007739",3590.7067755683,-0.400001045473887,0.21512040336445,-1.85942866979576,0.0629664011683761,0.193901207336261
"ENSMUSG00000007777",501.191749667178,-0.516152854269783,0.294180154788422,-1.754546817208,0.0793368551584018,0.222945788265856
"ENSMUSG00000007783",18.4707558439625,1.05649783610182,0.723440978084742,1.46037875667318,0.14418600784789,NA
"ENSMUSG00000007805",0.298044023359502,0,7.3561311249555,0,1,NA
"ENSMUSG00000007812",687.44885864312,-0.304531810692747,0.26076575198383,-1.16783668244759,0.242872648420813,0.44944929699878
"ENSMUSG00000007815",5317.43387715327,-0.444988404994168,0.199249061956618,-2.2333274778029,0.0255273567754696,0.110504722997909
"ENSMUSG00000007817",1141.04223781162,0.468120732716412,0.196318682822601,2.3844940582625,0.0171026241876137,0.086786160212814
"ENSMUSG00000007827",169.641531151041,0.324044665780084,0.374890197160753,0.864372203472511,0.387383457508778,0.595719582681124
"ENSMUSG00000007833",226.041051144151,-0.0255674060994016,0.29986906982781,-0.0852618981813724,0.932053182037656,0.972590066973739
"ENSMUSG00000007836",1355.70964863642,-0.29534325821655,0.230808171799432,-1.27960485936866,0.200684139984301,0.397229219812738
"ENSMUSG00000007837",26.4310780119148,-0.25688172223965,0.641850077931164,-0.400220754148135,0.688993929636923,NA
"ENSMUSG00000007850",3533.05340460239,0.472752563487896,0.256488567446869,1.84317206881288,0.0653038915963415,0.197651245691928
"ENSMUSG00000007867",25.236989341493,-0.510940649666688,1.37584297828334,-0.371365524795711,0.710365299766184,NA
"ENSMUSG00000007872",642.971592461906,-0.5984902200935,0.314423517940087,-1.90345246441629,0.0569815307583731,0.181171576566908
"ENSMUSG00000007877",0.504633574347747,3.73339715676645,6.21109460559425,0.601085218280821,0.547783228192498,NA
"ENSMUSG00000007880",2167.25772226376,0.233607471552523,0.171614226741622,1.36123604661423,0.173439106139806,0.363269136160922
"ENSMUSG00000007888",2.07365920599958,-2.19485826019977,3.16166213959745,-0.694210248688754,0.487550366325742,NA
"ENSMUSG00000007891",5759.2177769387,-0.138954052676811,0.240735517692329,-0.577206280190035,0.563800115099902,0.740977225951557
"ENSMUSG00000007892",24587.8213487447,-0.628130143891812,0.225709734807412,-2.78291117761388,0.00538735527253956,0.0437584279942921
"ENSMUSG00000007907",0,NA,NA,NA,NA,NA
"ENSMUSG00000007908",2.16861162882719,-1.29442141645487,2.55733808215304,-0.506159676535644,0.612744559862925,NA
"ENSMUSG00000007944",1.00946589330922,-2.78614362992476,5.26280178707158,-0.529403109341702,0.596525841681302,NA
"ENSMUSG00000007946",0.24558876749038,0,7.3561311249555,0,1,NA
"ENSMUSG00000007950",310.060535306033,-0.339394116021488,0.299128893963741,-1.13460826710584,0.256539487749807,0.466156771398317
"ENSMUSG00000007987",102.226050547207,-0.635585134666938,0.440306696756577,-1.44350549139688,0.148878126693564,0.331529687399388
"ENSMUSG00000007989",2.38103976052155,-2.90758617133012,2.82301988954018,-1.029955963861,0.303030677821361,NA
"ENSMUSG00000008028",4.81116299410624,-1.51704325452413,1.49229620734907,-1.01658320047534,0.309351749318854,NA
"ENSMUSG00000008035",267.501464206681,-0.26262948973431,0.261789972178896,-1.00320683618408,0.315761075287026,0.527245147466077
"ENSMUSG00000008036",6610.42788618781,-0.881785632116171,0.276209023327212,-3.19245773180828,0.00141067589300319,0.0233198625318397
"ENSMUSG00000008090",8.86014018461552,-0.771854184444003,1.22874799474403,-0.628163128440988,0.52989708172666,NA
"ENSMUSG00000008129",13.227292766106,0.226260858095398,0.933477171415726,0.242384993467218,0.808481861227056,NA
"ENSMUSG00000008136",685.726138120767,-0.542067548018687,0.270834481413295,-2.00147169293222,0.0453415813525803,0.158548208156845
"ENSMUSG00000008140",895.625066132162,-0.268867010832058,0.31903631486293,-0.842747356041815,0.399369756025119,0.605275970993088
"ENSMUSG00000008153",0.651318249372573,-0.655341029144714,7.15310373406692,-0.0916163183854901,0.927002885782197,NA
"ENSMUSG00000008167",31.9534145286308,0.642957895729248,0.530900973785614,1.21106934716018,0.225868828093635,NA
"ENSMUSG00000008193",43.8101700962535,0.7173627909022,0.436696872702051,1.64270191921352,0.100444621516083,NA
"ENSMUSG00000008200",1190.28199003949,0.441109663076987,0.225708983782193,1.9543292237878,0.0506622949131279,0.169130964274323
"ENSMUSG00000008206",463.69044586835,0.935770215671104,0.325703760997589,2.87307156909997,0.00406502016361305,0.0380878903481659
"ENSMUSG00000008226",173.219877136182,-0.415296124819991,0.338468352220714,-1.22698657672188,0.219827636146012,0.421680954257754
"ENSMUSG00000008301",1272.9280109843,-0.827255240701954,0.322196548973091,-2.56754842141728,0.0102420483895665,0.0637146937261577
"ENSMUSG00000008305",81.1605167681,-0.401403089527151,0.306126795096799,-1.31123147648746,0.189779571034158,0.384671975948719
"ENSMUSG00000008307",42.2569892251842,0.285039372033632,0.58314810195884,0.488794134931011,0.624987450730999,NA
"ENSMUSG00000008318",187.989732834154,0.274236515740971,0.250169366586541,1.0962034220369,0.272989762403341,0.483445757377871
"ENSMUSG00000008333",3248.06611810802,-0.969340791115784,0.281005998404464,-3.44953772026094,0.000561547272315708,0.0148460518370694
"ENSMUSG00000008348",9959.06078905337,-0.658510189237122,0.342201351220985,-1.92433544428605,0.0543125505182894,0.176373049235641
"ENSMUSG00000008373",673.468071670634,-0.427047144850472,0.15482493479872,-2.75825819274947,0.00581102796865374,0.0460272527805627
"ENSMUSG00000008384",626.802109956925,-0.873592633374082,0.32139645022313,-2.71811537671804,0.00656549394967806,0.0488518370896217
"ENSMUSG00000008393",757.701033397956,-1.12691322639215,0.282436241116982,-3.9899738855588,6.60805703364735e-05,0.0065320643777604
"ENSMUSG00000008398",595.238453525417,0.819614319921894,0.293082521545069,2.79653087328805,0.00516544755602241,0.0429611988173134
"ENSMUSG00000008429",361.256093016774,-0.505791202973668,0.169238963165519,-2.98862149420635,0.00280239059068563,0.0315715792379781
"ENSMUSG00000008435",87.3461976541012,0.289194047146495,0.363538099613616,0.795498594105714,0.426323528439578,0.629268042201766
"ENSMUSG00000008438",0.953335281132258,3.47439612887061,3.76745796515903,0.922212314245143,0.356417841076643,NA
"ENSMUSG00000008450",821.3424586645,-0.0976412514095391,0.237712005674793,-0.410754396406546,0.68125263563567,0.825252192759981
"ENSMUSG00000008461",1.57349741883307,0.747820439576629,4.10316519924168,0.182254528702582,0.855382981793518,NA
"ENSMUSG00000008475",16350.4350926226,-0.661494061155286,0.227887733601017,-2.90271903056187,0.00369938369320148,0.0364590307151512
"ENSMUSG00000008482",0.807747934073385,0,6.73758382106394,0,1,NA
"ENSMUSG00000008489",0.966991609305745,0.217953974173372,5.28633891641094,0.0412296634059452,0.967112805793968,NA
"ENSMUSG00000008496",477.728764181821,0.34067723752122,0.348183726994914,0.978441010042369,0.32785625353817,0.537827819567302
"ENSMUSG00000008540",124.140479246432,0,2.08529337784503,0,1,1
"ENSMUSG00000008575",7.51792102385982,0.261264583615361,1.04456092638163,0.250119047167869,0.802495286515922,NA
"ENSMUSG00000008590",2.05809297706173,1.70678746683205,1.95213052142784,0.874320363365694,0.381943812741073,NA
"ENSMUSG00000008601",2.25809621103143,-1.47586620436058,2.16869140950551,-0.68053306150048,0.496166995108577,NA
"ENSMUSG00000008604",179.795617539051,-0.135482284083852,0.305945808261571,-0.442830986486407,0.65788798863337,0.807653100799908
"ENSMUSG00000008658",0.56590552214557,0.860333184006507,7.13091110081662,0.120648423720776,0.903969512368982,NA
"ENSMUSG00000008668",31664.8568598545,-0.467691712598155,0.182835204233656,-2.5579959535608,0.0105277317277379,0.0650416425804309
"ENSMUSG00000008682",4095.9657439212,-0.688361434880849,0.214803296398532,-3.20461299441005,0.00135244193072202,0.0229705987717992
"ENSMUSG00000008683",14166.5201606829,-0.667900964239234,0.239184123996057,-2.79241344735006,0.00523164617520938,0.0431316283919472
"ENSMUSG00000008690",1999.30558295313,-0.108750624736341,0.188916205210185,-0.57565535267526,0.564848159012085,0.741602344512479
"ENSMUSG00000008730",1798.83757183177,0.101014309636252,0.205915009585993,0.49056312038325,0.623735475911238,0.783334414862481
"ENSMUSG00000008734",6.90874449549818,-0.5164722133019,2.15644957008756,-0.239501178449042,0.810716982779059,NA
"ENSMUSG00000008763",821.470099638093,0.980821251813956,0.432416980926665,2.26823019232979,0.0233151801429545,0.104349457805064
"ENSMUSG00000008789",0.15228979294829,-1.11016895598846,7.29424245329814,-0.152197978487332,0.879030788323894,NA
"ENSMUSG00000008813",0.26665427544488,-1.69794293357515,7.26743622474549,-0.233637128839698,0.815266700706406,NA
"ENSMUSG00000008822",906.42324121655,-0.538598152300486,0.221678388958602,-2.4296376152439,0.0151139260148405,0.080237421325995
"ENSMUSG00000008843",17.7871278203198,0,2.42912008450342,0,1,NA
"ENSMUSG00000008845",4.96610082878362,0.218071473552746,1.21689126798397,0.179203745881114,0.85777772255188,NA
"ENSMUSG00000008855",119.635455148447,-0.110049901152369,0.316742768261221,-0.347442505969417,0.728258904732968,0.851822570707731
"ENSMUSG00000008859",1881.39684609592,-0.435589853800082,0.163180435842459,-2.66937547722093,0.00759924452605367,0.0528631471780721
"ENSMUSG00000008874",0.111992099936849,2.14179399106828,7.28530877312112,0.293988087227044,0.768767006367576,NA
"ENSMUSG00000008892",5254.00012001408,-0.867245568707816,0.294448686030086,-2.94531988035159,0.00322620929509669,0.0339893773392927
"ENSMUSG00000008932",13.7120395897327,0.377860673162148,0.975326152197644,0.387419810604624,0.698445439983493,NA
"ENSMUSG00000008958",968.983632718481,-0.671325730001487,0.286571504607196,-2.3426115967869,0.0191493062621708,0.0932927020214678
"ENSMUSG00000008976",631.459203127003,-0.174297581253022,0.24499976570505,-0.711419379326489,0.476824393517814,0.671234567064026
"ENSMUSG00000008999",32.9945194820599,0.0223658354584376,0.46546106514003,0.0480509265618362,0.961675655923537,NA
"ENSMUSG00000009013",16259.221560009,-1.26845417877645,0.247491033604364,-5.12525306595222,2.97138368342842e-07,0.000112969721964192
"ENSMUSG00000009030",411.01015455839,-0.227400681861578,0.240034064254583,-0.947368376933342,0.343451099308257,0.551837676117641
"ENSMUSG00000009035",99.9614658857378,-0.169297630032899,0.318934540421137,-0.530822499843854,0.595541786839714,0.763346805356662
"ENSMUSG00000009047",0.0846750432842504,0,7.3561311249555,0,1,NA
"ENSMUSG00000009070",0.161797716458676,-1.18548345347051,7.33094399111067,-0.161709522662838,0.871534605246394,NA
"ENSMUSG00000009073",214.716130229843,-0.180074092363386,0.275496716599107,-0.65363425955244,0.513347466570813,0.702015020561312
"ENSMUSG00000009075",1.72868734298123,1.71176268321223,1.90892399501185,0.896715996909875,0.369870482336353,NA
"ENSMUSG00000009076",2406.66342993321,-0.788783909530183,0.268169262006905,-2.94136585090752,0.00326768345073201,0.0340728385131708
"ENSMUSG00000009079",2912.45866321704,0.247122252934304,0.183548978287638,1.34635591676812,0.178187760596522,0.369961355491835
"ENSMUSG00000009090",463.841756128175,-0.198689725723695,0.195575964681807,-1.01592098010077,0.309667017260318,0.521297422618911
"ENSMUSG00000009092",36.1521867455292,4.42463444288583,1.59850018620177,2.76799119642226,0.00564029792334525,NA
"ENSMUSG00000009093",2.00318245383284,-0.970598675036123,2.31983933702531,-0.418390471937036,0.675661651743822,NA
"ENSMUSG00000009097",0.248361573277135,-1.66995029671289,7.35008236348661,-0.227201575999854,0.820267002268669,NA
"ENSMUSG00000009108",2.38465308744812,1.12440820112545,3.2336253851901,0.347723705496376,0.72804769194175,NA
"ENSMUSG00000009112",293.92698080589,-0.0395731342515444,0.220869315836562,-0.179169904618293,0.857804293954277,0.932826781709354
"ENSMUSG00000009114",3.93147125562753,1.16498726999851,7.09521796294664,0.16419330259936,0.869578973307793,NA
"ENSMUSG00000009115",1.35522864201452,-0.472022548455521,2.37284001703394,-0.19892725386752,0.842319650043641,NA
"ENSMUSG00000009145",322.758070604463,0.495219054803269,0.394642895648459,1.25485359109163,0.209531913865134,0.409009274991479
"ENSMUSG00000009185",1.05935477346451,0,5.30828605751001,0,1,NA
"ENSMUSG00000009207",421.652922565114,1.25508053551479,0.334924002784563,3.74735917724628,0.000178706105323134,0.00892176692484432
"ENSMUSG00000009210",0.379309069035513,0,7.3561311249555,0,1,NA
"ENSMUSG00000009214",0.459117672719138,-3.35867361498203,7.22573576008493,-0.464820985225532,0.642059658460864,NA
"ENSMUSG00000009216",0.192953650618643,-1.11028624673133,7.294249647394,-0.152213908270606,0.879018224571906,NA
"ENSMUSG00000009246",0.943761960488372,-3.1869540665691,3.26341084908691,-0.976571511815868,0.328781328469956,NA
"ENSMUSG00000009248",0.774509627889606,-1.62021521561791,6.59283335921036,-0.245754007016486,0.805872662355925,NA
"ENSMUSG00000009281",2.00016202054489,-1.78299138975281,7.11575441761023,-0.250569551042995,0.802146925555701,NA
"ENSMUSG00000009291",799.816319596366,0.134950831958691,0.194391587250019,0.694221565180816,0.487543270533823,0.679933017667444
"ENSMUSG00000009292",1000.0854926688,0.311996244186745,0.400777345508481,0.778477745020502,0.436287421575325,0.637973544714805
"ENSMUSG00000009293",740.965196081524,-0.535243145533316,0.287834801931688,-1.85954979016174,0.0629492486782155,0.193901207336261
"ENSMUSG00000009350",22.683825694831,1.53475736206042,1.41301138563482,1.08616064786407,0.27740792417172,NA
"ENSMUSG00000009356",0.590284880716041,-4.36358894329324,7.24160993938538,-0.602571662906162,0.546793676264471,NA
"ENSMUSG00000009376",4.36792771212636,-0.833702600411999,1.77635422120996,-0.469333531824596,0.638831250735037,NA
"ENSMUSG00000009378",0.254190722141464,1.15537481072523,7.35595049475025,0.15706669199987,0.875192287652748,NA
"ENSMUSG00000009394",1.02788313590718,0.770684629788039,3.13453656731301,0.24586876344808,0.80578382485004,NA
"ENSMUSG00000009406",29.0676909214386,0.664838759087876,0.501740030382186,1.32506620725768,0.185149193075643,NA
"ENSMUSG00000009418",70.1027070044243,-0.942351659500173,0.681156335700885,-1.383458701196,0.166524262100949,0.353998350724275
"ENSMUSG00000009470",895.72117701993,0.312532800131232,0.173383966670213,1.80254729507769,0.0714593406651129,0.208739829336478
"ENSMUSG00000009471",0.0710374986746129,2.16226366003378,7.28481246100722,0.296818026765623,0.766605441993722,NA
"ENSMUSG00000009487",2.46406189001335,1.48595860676418,1.76266662000789,0.84301738621313,0.399218720209373,NA
"ENSMUSG00000009535",850.105020117893,0.185663305185771,0.139081891685444,1.33492076456422,0.181902280912332,0.374839284306525
"ENSMUSG00000009545",0.929271358438488,-2.50143008253095,7.18575053721705,-0.348109786107286,0.727757735185609,NA
"ENSMUSG00000009549",6786.32934082546,-0.820237243548584,0.221949796961502,-3.69559808018593,0.000219369772540451,0.0098752866586023
"ENSMUSG00000009551",0.962803319369492,-1.30978880464859,3.34783015011097,-0.391235142142793,0.695623434615466,NA
"ENSMUSG00000009555",989.034717153226,-0.0946525521396335,0.180380276839396,-0.524738922670069,0.599764695595209,0.766827309369283
"ENSMUSG00000009563",627.675750862367,-0.0370376705410075,0.276567521296753,-0.133919089151711,0.893466555295176,0.952589880467686
"ENSMUSG00000009566",110.54347885996,-0.290860535697885,0.344783267663803,-0.843603976691531,0.398890741362502,0.604852734831774
"ENSMUSG00000009569",165.867109195759,0.0696584222309725,0.286833663281668,0.242853023016927,0.80811925840486,0.903688128781776
"ENSMUSG00000009575",1999.44326349987,0.369532494063498,0.226567926218194,1.63100091099225,0.102890127286003,0.261996112370464
"ENSMUSG00000009580",0.0406180793754555,0,7.3561311249555,0,1,NA
"ENSMUSG00000009585",2755.78086616519,0.647595732126277,0.274388197457543,2.3601442705147,0.018267829139144,0.0905182971764902
"ENSMUSG00000009588",2.03304654544108,2.67729435373124,3.22913068606592,0.829106844539949,0.407043951051299,NA
"ENSMUSG00000009596",0.169616892047372,0,7.3561311249555,0,1,NA
"ENSMUSG00000009614",2.0898170464324,0.404179975164544,2.99499934629717,0.134951607139496,0.89265013611963,NA
"ENSMUSG00000009621",46.8799270768531,-0.380046472528437,0.66370518162116,-0.572613387769761,0.566906492993011,NA
"ENSMUSG00000009628",86.6077228562015,1.4043377900909,0.835621899830083,1.6805899778075,0.092842583842537,0.245650144883158
"ENSMUSG00000009630",1248.56886157437,-0.508737917785688,0.224190427604435,-2.2692223000855,0.023254810815436,0.104162242210922
"ENSMUSG00000009633",197.24660057147,-0.0358379594468939,0.330612036686883,-0.108398834495053,0.913679325627148,0.962532852642634
"ENSMUSG00000009640",334.456685973589,0.180018682416247,0.217414697543539,0.827996839451007,0.407672289801855,0.612251684091665
"ENSMUSG00000009646",0.0759496150120196,1.39456089823385,7.34511078172344,0.189862473103045,0.849416899656923,NA
"ENSMUSG00000009647",236.091117252685,0.201619655757044,0.26848119949855,0.750963777477212,0.452674455631172,0.652572115198211
"ENSMUSG00000009654",6.84125851481821,-1.02152418287232,1.55396832024255,-0.657364870033438,0.510946334397503,NA
"ENSMUSG00000009670",81.4906392462384,0.588154270246774,2.55261945115863,0.230412045939638,0.817771601644517,0.908992722619594
"ENSMUSG00000009681",109.589687398027,0.609931984597363,0.377247301745629,1.61679614877306,0.105922291020717,0.267375343906993
"ENSMUSG00000009687",26106.2501591617,-0.822213633803754,0.280887371733643,-2.92720042460091,0.00342028389238934,0.0350721019463368
"ENSMUSG00000009731",4.39475346631606,0.588691133941836,1.43912538042172,0.409061741214879,0.682494352078996,NA
"ENSMUSG00000009733",28.4852299786793,0.446777293274272,0.532240194119747,0.839427946649504,0.401229206810849,NA
"ENSMUSG00000009734",1.72711027885935,-1.48007082184494,3.31222676713413,-0.446850691664918,0.654982867805419,NA
"ENSMUSG00000009739",78.0839803582019,0.0775491438730101,0.455606164002233,0.170210918991495,0.864844264908933,0.936362054613889
"ENSMUSG00000009741",652.453865821625,0.4976023066845,0.21579948988295,2.30585487924184,0.0211187425490582,0.0982961631155572
"ENSMUSG00000009772",14.3498869784891,0.302689012211586,0.926389848339643,0.326740424405656,0.743864222601177,NA
"ENSMUSG00000009828",63.1054111776512,-0.162108750680489,0.502291505143576,-0.322738388008675,0.746893377108914,NA
"ENSMUSG00000009863",10795.0881199375,-0.790853393046044,0.287112463708035,-2.75450735517447,0.00587805687497282,0.0461880701185265
"ENSMUSG00000009876",0.855612622005671,-1.12417084181531,3.67362041079917,-0.306011704015645,0.759595734470984,NA
"ENSMUSG00000009894",246.254403094852,-0.812483723597408,0.34361125313311,-2.36454340825288,0.0180523116709114,0.08989778381207
"ENSMUSG00000009900",0.118679614992142,-2.5535512309785,7.29474138898602,-0.350053702360715,0.726298395442609,NA
"ENSMUSG00000009905",275.205424364026,0.660933962976429,0.215303796193436,3.06977384821688,0.00214220914536773,0.0281260548141055
"ENSMUSG00000009907",1701.40465774382,0.196036414460908,0.127638290421777,1.53587464868976,0.124569126877669,0.296072570133627
"ENSMUSG00000009927",36638.1010599647,-0.18904560962147,0.250967583636459,-0.753267043027012,0.451289459042742,0.65124033615146
"ENSMUSG00000009941",3.85475724701002,-4.97751105325212,5.31415915208386,-0.936650730774645,0.348938247499136,NA
"ENSMUSG00000009995",363.100643922732,-0.028845725052118,0.217672581095553,-0.132518872643199,0.894573896457112,0.952997409901774
"ENSMUSG00000010021",8.28878595588771,0,2.52208634503529,0,1,NA
"ENSMUSG00000010025",366.997962216327,-0.0781688238746745,0.190403090588636,-0.410543881577834,0.681407020466057,0.825252192759981
"ENSMUSG00000010044",21.8236453682402,0.337662501021451,0.807040245383297,0.418396112155573,0.675657528645146,NA
"ENSMUSG00000010045",157.488061200091,-0.198307660408724,0.397480690862503,-0.498911431341259,0.617841780494961,0.780068854982945
"ENSMUSG00000010047",42.2572223176312,0.138683808568031,0.674487728518616,0.205613538548172,0.837092801257564,NA
"ENSMUSG00000010048",113.860178180244,0.0456156864709745,0.408679744298215,0.111617194410518,0.911126938049288,0.961410096351112
"ENSMUSG00000010051",29.2507008471761,0.475979078736629,0.534719679719968,0.890146925181244,0.373386999050672,NA
"ENSMUSG00000010054",420.188613425486,-0.825526273239143,0.246288706335097,-3.35186410097077,0.000802694109379578,0.017750852955743
"ENSMUSG00000010057",613.247469893856,-0.182720378279247,0.23322679009679,-0.783445067367335,0.433365799933183,0.6355948255801
"ENSMUSG00000010064",0.88467977907493,2.78953377795556,4.74822420245534,0.587489903386001,0.55687472949036,NA
"ENSMUSG00000010066",4.54800712118808,0.94025434644115,1.06026570344381,0.886810111264696,0.375181142902694,NA
"ENSMUSG00000010067",927.888966494154,-0.279094168671168,0.163449026367763,-1.70753032228654,0.0877235267954075,0.237379431254477
"ENSMUSG00000010080",0.706254207031285,-2.52316230139108,5.11942193507937,-0.492860782601611,0.622110959240457,NA
"ENSMUSG00000010086",0.270398594529494,1.62250353090163,7.33620764012665,0.221163796131815,0.824964897753437,NA
"ENSMUSG00000010095",1681.28483214978,0.245543041554977,0.20011734294017,1.2269953115877,0.219824353079686,0.421680954257754
"ENSMUSG00000010097",1706.56130468143,0.155130118587108,0.247205804025142,0.627534289491563,0.530309066676169,0.716134579794253
"ENSMUSG00000010110",1027.34102530453,0.256242178770842,0.204327807719222,1.25407393947552,0.209815131652,0.409400429605214
"ENSMUSG00000010122",0.43795033343449,-0.470993492140699,7.22554343223148,-0.0651845077893664,0.948027095886885,NA
"ENSMUSG00000010136",5.70199505320428,-0.637444928468418,1.19422327255189,-0.533773661190079,0.593498138661032,NA
"ENSMUSG00000010142",351.323474591768,0.55625757935946,0.293367080604132,1.89611451364603,0.0579449038321112,0.183057006832988
"ENSMUSG00000010154",1.71801870521983,2.76581820133819,2.45816110574552,1.12515741741808,0.260522334031136,NA
"ENSMUSG00000010175",0.275487116670249,0,7.3561311249555,0,1,NA
"ENSMUSG00000010205",355.178984386442,-0.0749860096950365,0.291614093508267,-0.257141240304665,0.797069742456307,0.897366058923844
"ENSMUSG00000010277",764.461270457156,0.528342809546287,0.198170331096548,2.66610449012612,0.00767358385561086,0.0532225248416045
"ENSMUSG00000010290",176.696610028894,0.244410581066928,0.243036592188382,1.00565342389874,0.314582315343333,0.52642430663786
"ENSMUSG00000010307",12.2512539979046,0.280939479584459,1.15894262379777,0.242410170974504,0.808462354070886,NA
"ENSMUSG00000010311",9.78418547804622,0.584471663176394,0.809939269718655,0.721624058775938,0.470525643311754,NA
"ENSMUSG00000010342",5.16626625676188,-0.754180676950103,1.60902785121323,-0.468718224101243,0.639271058838722,NA
"ENSMUSG00000010358",2255.02410934241,-0.855817098259644,0.278134877823901,-3.07698590322606,0.00209105189484713,0.0279324972710323
"ENSMUSG00000010362",1120.94838396137,-0.34089593555461,0.30522118587383,-1.11688162988636,0.264044940114876,0.47344172556422
"ENSMUSG00000010376",9215.70118288244,-0.845916505130375,0.23223010712692,-3.64257897305304,0.000269920128616843,0.0109393413621785
"ENSMUSG00000010392",1067.0312549113,0.085848463453839,0.334991445060879,0.256270614427892,0.797741886052749,0.897732074639278
"ENSMUSG00000010406",1913.49111938356,-0.827178127319985,0.257117277863763,-3.21712385177893,0.00129482690010308,0.0222664911029926
"ENSMUSG00000010435",0.378832314544336,-2.94196140043399,7.23485732757756,-0.40663709970063,0.684274544664492,NA
"ENSMUSG00000010453",412.476694967727,0.685661153455987,0.250761366266565,2.73431734586704,0.00625097659980786,0.0476781664267752
"ENSMUSG00000010461",9.31593431274943,0.818195114831125,1.23773279236252,0.66104341735133,0.508584470248961,NA
"ENSMUSG00000010476",1.94785495108133,0.395927303945236,3.38269060965004,0.117045083229234,0.906824327727866,NA
"ENSMUSG00000010505",2.8568880945719,-2.42472773562243,1.8056462583445,-1.34285867146842,0.179317740979958,NA
"ENSMUSG00000010517",699.704434745118,-0.198537195300123,0.180264817116211,-1.10136408466291,0.270738230126755,0.481599317042104
"ENSMUSG00000010529",0.0761524196209141,-2.55627499047924,7.29465809108018,-0.350431090609309,0.726015196884991,NA
"ENSMUSG00000010538",135.105664373314,-0.543030142534493,0.285544982634711,-1.90173239089679,0.0572061490118898,0.181589217432954
"ENSMUSG00000010554",349.290361841247,-0.38017698111723,0.289575912942077,-1.31287501524091,0.189225067133554,0.38391918917314
"ENSMUSG00000010592",1.91957779606669,-0.124119670961363,1.88410688617504,-0.065877191932216,0.947475599330672,NA
"ENSMUSG00000010601",5.7996512177532,2.06334485392664,1.08870237438042,1.89523317160108,0.0580615173113164,NA
"ENSMUSG00000010607",1049.00065950217,-0.413007633516234,0.263988420935047,-1.56449147297203,0.117702193932236,0.285798621228236
"ENSMUSG00000010608",4300.22194658358,0.301449840935435,0.15185313651604,1.98514069482913,0.0471288202649808,0.162436676540912
"ENSMUSG00000010609",281.676959691713,0.325282331376228,0.260295562785584,1.24966529546328,0.211421839867074,0.41109775702354
"ENSMUSG00000010651",5.32883034488091,2.07031979703307,2.31307218942723,0.895051960114453,0.370759312616994,NA
"ENSMUSG00000010660",19.2901139960498,3.32008388373027,1.86720230714728,1.77810613826988,0.0753864245026239,NA
"ENSMUSG00000010663",136.606071121378,0.239036992929381,0.342698078571716,0.697514832664456,0.485480660129445,0.678074158129501
"ENSMUSG00000010721",14.4321512232534,0.0503362926517786,0.891507399332831,0.0564620020982982,0.954973765145687,NA
"ENSMUSG00000010751",171.391716524831,0.164830274303133,0.287050729355512,0.57422001565093,0.565818926400043,0.742088375675259
"ENSMUSG00000010755",433.824702691779,0.461233903616577,0.287072710805171,1.60667972348512,0.108124643817423,0.270928290021604
"ENSMUSG00000010760",6.47858077655166,-0.0685966792157481,2.00840797043475,-0.0341547535289353,0.972753746924185,NA
"ENSMUSG00000010796",0.319787725447902,-1.61204344232368,7.2633089518425,-0.221943394258997,0.824357949103591,NA
"ENSMUSG00000010797",0.121106704996687,0,7.3561311249555,0,1,NA
"ENSMUSG00000010803",0.471834334881457,3.13604911587321,7.24197726865579,0.433037691162942,0.664987387940885,NA
"ENSMUSG00000010825",0.654399018301256,-2.46271266593573,5.93164301356831,-0.415182211792315,0.678008519677017,NA
"ENSMUSG00000010830",8.89678342450341,-0.513721916286912,1.15552721052266,-0.444577948151085,0.656624786585082,NA
"ENSMUSG00000010841",0.0463864331927929,0,7.3561311249555,0,1,NA
"ENSMUSG00000010911",695.171712970259,-0.858437972692249,0.258682759568079,-3.31849704296327,0.000905032807605535,0.0187160027263195
"ENSMUSG00000010914",281.520804266717,0.270422072353216,0.20559207519831,1.31533315227434,0.188397960937949,0.382955756502493
"ENSMUSG00000010936",348.648691394497,0.14670478881788,0.202192246435176,0.725570794154631,0.468101930774004,0.665112406833183
"ENSMUSG00000011008",172.555172230722,0.629876938037452,0.292222495428198,2.15547039633101,0.0311250427900858,0.125645804326663
"ENSMUSG00000011034",0.513276481204516,-2.55286897295381,7.29475625059277,-0.349959462010313,0.726369120843207,NA
"ENSMUSG00000011096",79.3711218235757,-0.259016277601353,0.364229245371317,-0.71113531077741,0.477000390437647,0.671386709308862
"ENSMUSG00000011114",2044.13621935994,-0.283794397460562,0.18394741200299,-1.54280179519976,0.122878873789136,0.293112371478187
"ENSMUSG00000011118",0.155416504518815,2.56033004998214,7.27638915888536,0.351868212938511,0.72493709900665,NA
"ENSMUSG00000011148",19.7060320559643,-0.173404028379018,1.17605364300562,-0.14744567937892,0.882780252566061,NA
"ENSMUSG00000011154",0.415206246975917,0.777972385010265,7.34637306567083,0.10589883988409,0.915662614531619,NA
"ENSMUSG00000011158",486.687698659599,0.36562025456174,0.235543387598929,1.55224164129073,0.120604415821336,0.289996266211117
"ENSMUSG00000011171",1.58443795247893,-0.553523968500735,2.4219516367684,-0.228544600188342,0.819222887482211,NA
"ENSMUSG00000011179",1924.79932223954,-0.136410740083836,0.132919265580838,-1.02626763312106,0.304765449359243,0.515945618584709
"ENSMUSG00000011254",126.315047813199,0.657803023340288,0.316684055655167,2.07715864311325,0.0377869195281555,0.141486249824173
"ENSMUSG00000011256",1267.80778622652,0.841882940777175,0.222134136871989,3.78997551944182,0.000150662132377263,0.00858611906941301
"ENSMUSG00000011257",566.452777626608,-0.174661859084036,0.191863033446043,-0.910346594374868,0.362639753025357,0.571539215346884
"ENSMUSG00000011263",0.325007008105327,1.64396474450457,7.33543309578028,0.224112840106233,0.822669501624178,NA
"ENSMUSG00000011267",51.1969766892437,-0.28990675430085,0.548306123567327,-0.528731564066241,0.596991677824613,NA
"ENSMUSG00000011305",1.86125547797229,-1.76213798206276,2.19020743732011,-0.804553008101771,0.421077668672326,NA
"ENSMUSG00000011306",347.415123506371,0.0426767353987153,0.200690282533473,0.21264973500447,0.831600175605366,0.917134654378935
"ENSMUSG00000011349",0.398656666804492,-1.69092310469172,7.26770308729945,-0.232662656190051,0.816023369495117,NA
"ENSMUSG00000011382",348.280306759021,0.719797341961056,0.282674503973632,2.54638225889732,0.0108845923427856,0.0660678044658319
"ENSMUSG00000011427",77.8614371366308,-0.721217750161194,0.461540294967048,-1.56263225123753,0.118139117930937,0.286577958465599
"ENSMUSG00000011463",1.57593045877338,1.93814590889981,2.71275548332634,0.714456544577059,0.474944917946334,NA
"ENSMUSG00000011486",1.30557576292631,2.14081449790837,3.11871750661213,0.686440658177449,0.492435272979918,NA
"ENSMUSG00000011589",0.194908680329296,1.15857905977996,7.35580419206216,0.157505424224072,0.87484653333905,NA
"ENSMUSG00000011632",0.300996973048304,0,7.3561311249555,0,1,NA
"ENSMUSG00000011658",89.8572645794639,0.175331352975324,0.374208507171485,0.468539195702935,0.639399048137287,0.794726466847364
"ENSMUSG00000011751",2.59052409930733,0.00342706074670642,1.82974002264093,0.00187297687338118,0.998505581543736,NA
"ENSMUSG00000011752",4346.58732350879,-0.591622206613962,0.22154861917101,-2.6703944661343,0.00757621833787289,0.0527400832886433
"ENSMUSG00000011831",52.2234530311039,0.897936261462874,0.826884154430047,1.0859275228001,0.277511059071193,NA
"ENSMUSG00000011832",36.7437723360097,0.0153903618304724,0.613642756766877,0.0250803283518903,0.979990890948016,NA
"ENSMUSG00000011837",312.0321685204,-0.247787317109045,0.289751947025993,-0.855170498946868,0.392456765560507,0.599788980761535
"ENSMUSG00000011877",174.113738805176,0.107219759923868,0.234445227638075,0.457333941083196,0.647431037467562,0.799682094885274
"ENSMUSG00000011884",3602.21785675052,-0.550847962264678,0.280742418616752,-1.96211162167358,0.0497494901926791,0.167898159970854
"ENSMUSG00000011958",1451.60801321035,-0.147491546017928,0.160388325399721,-0.91959028595347,0.357786904915501,0.567055243721297
"ENSMUSG00000011960",1522.97555865496,0.247568183740038,0.237295397786089,1.04329113016853,0.296813477850591,0.508228170544448
"ENSMUSG00000012017",1.08669153327141,1.15641950844572,4.85539566226126,0.238172043822099,0.811747659078907,NA
"ENSMUSG00000012042",0.123656602447508,1.15398854514411,7.35603264367464,0.156876485062422,0.875342192573282,NA
"ENSMUSG00000012076",10242.0113900609,0.325244727125723,0.297578998534201,1.09296935848227,0.274407253483305,0.484637430888417
"ENSMUSG00000012114",505.395008055598,0.283729208839591,0.214158246361168,1.32485773329081,0.18521834187615,0.378583349306595
"ENSMUSG00000012117",276.883803984737,-0.148129584562773,0.277026228252264,-0.534713212887135,0.592848183459666,0.761276213756664
"ENSMUSG00000012123",98.2371698505786,-0.532605622499269,0.481209634721428,-1.10680581615452,0.268377893073924,0.478779186615365
"ENSMUSG00000012126",375.747680822606,0.281532702736005,0.359731567683806,0.782618841456429,0.433850973817744,0.6355948255801
"ENSMUSG00000012187",8.04387361403652,-1.39131559403161,1.07604625990271,-1.29298864358992,0.196014986877743,NA
"ENSMUSG00000012211",1.72963831481437,1.33370384102665,1.88893428543134,0.706061534968697,0.480149870963234,NA
"ENSMUSG00000012282",0.765003495737717,0.17611931736042,4.47974138685342,0.0393146171065306,0.968639552860494,NA
"ENSMUSG00000012296",121.805316862539,-0.0774386687515563,0.295260677278913,-0.262272204565884,0.793111589702098,0.895016157844721
"ENSMUSG00000012350",1.93695281269916,-2.28795245402,2.53296932858826,-0.903268913759483,0.366383190807719,NA
"ENSMUSG00000012396",323.441178094101,0.0451553956223546,0.292763387963921,0.154238533501052,0.877421660356097,0.943777270143637
"ENSMUSG00000012405",14367.1711385942,-0.626295894005132,0.210321706796626,-2.97779959826372,0.00290325744526389,0.0322095396705202
"ENSMUSG00000012422",6269.23307684398,-0.701815852865703,0.21133941085521,-3.32079970331006,0.000897599294259768,0.0186885315020223
"ENSMUSG00000012428",2.85536674876786,-0.250383664276058,2.78607121166801,-0.0898698006093513,0.928390679639476,NA
"ENSMUSG00000012429",1269.53514643992,-0.27910678272952,0.228638507374262,-1.22073392594645,0.222186778158299,0.424655124148257
"ENSMUSG00000012443",836.466885936567,-0.250206166659241,0.506277395703789,-0.494207659244637,0.621159531092165,0.781389916625866
"ENSMUSG00000012483",2701.80504009651,-0.538211066693131,0.343110099102063,-1.56862496353694,0.116735352155694,0.284780097744085
"ENSMUSG00000012519",87.6441402662443,-0.146034116074251,0.776799816956008,-0.187994529461277,0.850880939582673,0.928669326242102
"ENSMUSG00000012520",0.234161827176452,0.0777129893258307,7.24021517058773,0.0107335193077587,0.99143605510136,NA
"ENSMUSG00000012535",719.59336003389,0.284363397764109,0.190717284875896,1.49102058551825,0.135956090361211,0.312945416804543
"ENSMUSG00000012609",96.2131568990498,0.411274110542979,0.483324000974441,0.850928382852495,0.394809137117503,0.601988017955656
"ENSMUSG00000012640",255.299654149675,0.039304898447969,0.334012649818347,0.11767487988657,0.906325271410631,0.959107730210265
"ENSMUSG00000012705",22.0312133876123,0.973270874162796,0.640488005226138,1.51957705096938,0.128617309283687,NA
"ENSMUSG00000012777",0.215431162538336,-1.84078593240699,7.354421573027,-0.250296493630204,0.802358067867883,NA
"ENSMUSG00000012819",341.540990865474,-0.071751649411084,0.231257852007809,-0.31026686786255,0.756358024363515,0.871013248171108
"ENSMUSG00000012848",20622.9901890836,-0.57860108373922,0.198437886800386,-2.91577930539671,0.00354801375268023,0.0356786530470438
"ENSMUSG00000012889",84.3980447479054,-0.38713592182001,0.376734052603864,-1.02761064242601,0.304133016046848,0.51566978792849
"ENSMUSG00000013033",149.669030592917,0.366073438105872,0.328396754139315,1.11472916066209,0.264966500950643,0.474663621220932
"ENSMUSG00000013076",12.2145208956854,-0.928145784488898,0.907004342361469,-1.02330908589962,0.306161729166217,NA
"ENSMUSG00000013083",0.340158017790784,0,7.3561311249555,0,1,NA
"ENSMUSG00000013089",23.1870999510908,-1.08453395942182,0.861057123578461,-1.25953775855732,0.207836160859141,NA
"ENSMUSG00000013091",0.25502250441448,0,7.3561311249555,0,1,NA
"ENSMUSG00000013150",142.215213793916,0.0627900041944589,0.332047402197687,0.189099519462816,0.850014818104629,0.928133930958164
"ENSMUSG00000013155",100.589078206458,0.407935248824586,0.488531516869347,0.835023401230599,0.403704532672221,0.60871888965737
"ENSMUSG00000013158",0.221782997418638,0,7.3561311249555,0,1,NA
"ENSMUSG00000013160",1084.30072784631,-0.330135970540155,0.182161662417821,-1.8123240980472,0.0699361331592525,0.205626501192035
"ENSMUSG00000013236",232.290490262111,0.643872128811423,0.314441583623198,2.04766850933746,0.0405924914566289,0.147925632984129
"ENSMUSG00000013275",114.518787329676,-0.310501848190135,0.288051973749257,-1.07793688808541,0.281061921983461,0.491995236197363
"ENSMUSG00000013338",1.13038303490458,-3.78022780673702,5.3439989649708,-0.70737809485292,0.479331545914176,NA
"ENSMUSG00000013353",9.33329796362949,0.267053863766508,0.929466833975925,0.287319411521278,0.773867760741594,NA
"ENSMUSG00000013367",1.20643643167521,-0.669638293340818,2.39330254815611,-0.279796757771696,0.779633439319452,NA
"ENSMUSG00000013415",8.2678777853271,1.53242515316624,1.02547997396497,1.49434917509037,0.135084378373789,NA
"ENSMUSG00000013418",2.79500069458689,-3.05758292654944,1.94083457744409,-1.57539594671485,0.115165079415243,NA
"ENSMUSG00000013419",2.98014570359301,1.45337971038419,1.90729639803779,0.762010410064955,0.446053791085989,NA
"ENSMUSG00000013465",676.479535427232,-0.0579988105514876,0.125879729864487,-0.460747815505522,0.644979545413989,0.798150643292921
"ENSMUSG00000013483",0.351045211862481,3.19146251890295,7.24987530905875,0.440209297795122,0.659785526237178,NA
"ENSMUSG00000013495",638.324112016043,-0.011063052632866,0.269184211700383,-0.0410984454213823,0.967217413932154,0.990024625834466
"ENSMUSG00000013523",5.50820343118001,-0.302261028022146,1.76698756276456,-0.171060076704355,0.864176527287716,NA
"ENSMUSG00000013539",1002.22661907661,0.39901659053766,0.226235869042499,1.76371939704531,0.0777792337382289,0.220267301714246
"ENSMUSG00000013584",0.73327024679937,-0.23559998792738,4.43384963639035,-0.0531366661588427,0.95762301733619,NA
"ENSMUSG00000013593",1402.21784556888,-0.154600312275096,0.166628814156639,-0.927812593863654,0.353504790130647,0.562462566152768
"ENSMUSG00000013611",1.61971467914203,-0.166254454616721,3.40011821955801,-0.0488966688453359,0.961001643564999,NA
"ENSMUSG00000013622",1529.17066667938,-0.196118029534606,0.197112070884899,-0.994956973736666,0.319757191101244,0.530813738481543
"ENSMUSG00000013629",610.070366911172,0.50723751777083,0.297552605763543,1.70469862453135,0.0882506465240649,0.238414222708495
"ENSMUSG00000013643",0.0710374986746129,2.16226366003378,7.28481246100722,0.296818026765623,0.766605441993722,NA
"ENSMUSG00000013646",134.977580496532,-0.270138458782707,0.305667688417656,-0.883765177082105,0.376822988122476,0.585767453623318
"ENSMUSG00000013653",0.16160849088368,1.15282705245209,7.35608953435757,0.156717376408711,0.875467591909278,NA
"ENSMUSG00000013662",1104.65273839715,-0.0210475104990077,0.24295050531704,-0.0866329150933092,0.93096330178829,0.97213032687007
"ENSMUSG00000013663",1726.44569454386,-0.0988213867971523,0.132564100833532,-0.745461148046768,0.455992989911303,0.65449262454962
"ENSMUSG00000013668",0.702110331996804,2.15587237218022,4.68795274436954,0.45987502215536,0.645605929749192,NA
"ENSMUSG00000013698",572.673322445301,-0.281158535612417,0.274138276609069,-1.02560845968022,0.30507617828122,0.516373276516087
"ENSMUSG00000013701",4592.31590387017,-0.356130437086054,0.268205759851801,-1.32782546237201,0.184235773211397,0.377534502343343
"ENSMUSG00000013707",1371.3283584126,-0.433439466048923,0.356614123155614,-1.21542989440097,0.224202172027296,0.426810285660188
"ENSMUSG00000013736",1120.9805521959,-0.498741420522825,0.230039254442794,-2.1680709308978,0.0301532901713561,0.123177381601408
"ENSMUSG00000013766",0.11951006303896,1.3672428816228,7.34626820579938,0.186113934765334,0.852355414468395,NA
"ENSMUSG00000013787",757.205173108677,0.305689858239996,0.209058304393439,1.46222298667792,0.14368011452778,0.322367050076031
"ENSMUSG00000013822",2335.23693002711,-0.802967299316323,0.287163335374368,-2.79620411244184,0.00517067332336177,0.0429611988173134
"ENSMUSG00000013833",225.316193833733,0.437126997719232,0.277318753434299,1.57626194516554,0.114965447872773,0.282273584754685
"ENSMUSG00000013846",270.891468893949,0.163677899331799,0.196980810329828,0.830933221656131,0.406011354799967,0.611056979628147
"ENSMUSG00000013858",862.778345114153,0.263711294248241,0.192751575879476,1.36814079493251,0.171268009389978,0.35982662546651
"ENSMUSG00000013878",380.858527748895,0.0536081449685907,0.2166005882719,0.247497688701086,0.804523080021749,0.901872379906441
"ENSMUSG00000013921",1.87617771428325,2.52515451599024,3.43811643686748,0.734458696311909,0.462669224570964,NA
"ENSMUSG00000013928",20.0839195868411,0.311966884593304,0.705966476619977,0.441900422930757,0.658561264590841,NA
"ENSMUSG00000013936",0.787935937034529,-0.0673683514236484,5.06796979986757,-0.0132929662338179,0.989394059825838,NA
"ENSMUSG00000013973",215.786897743512,-0.0634008218244102,0.390208358886773,-0.16247940460652,0.870928345511951,0.939310834455453
"ENSMUSG00000013974",55.2826397950316,2.14933406716108,1.86211352206643,1.15424437967451,0.248399992520501,NA
"ENSMUSG00000013997",365.152579729153,-0.15370065217541,0.213800208731903,-0.718898513182204,0.472203452628422,0.66796194056038
"ENSMUSG00000014030",17.6558924407932,-2.3945025386367,1.5750310589731,-1.52028909207535,0.128438334298785,NA
"ENSMUSG00000014039",147.20676527199,0.165410168932256,0.450875987692442,0.366864001294049,0.713720464799005,0.843208652388929
"ENSMUSG00000014074",305.866313096164,1.44900259758093,0.310911614219435,4.66049684640683,3.15446994293922e-06,0.000820577246998795
"ENSMUSG00000014075",79.841405126503,-0.713048430576664,0.483701522114612,-1.47414965216444,0.140441302344742,0.318611495126316
"ENSMUSG00000014077",791.023510518514,-0.173259132318102,0.142082020593026,-1.21943037968456,0.222680885199054,0.425270585431346
"ENSMUSG00000014104",0.0865546972279984,0,7.3561311249555,0,1,NA
"ENSMUSG00000014158",7.83093188516763,1.12994064430243,1.09795114217585,1.02913563354302,0.303415943611144,NA
"ENSMUSG00000014164",29.3642859860125,-0.215516599743656,0.673304595053114,-0.320087819579866,0.748901758885731,NA
"ENSMUSG00000014177",742.092330280356,-0.391783917894494,0.267115702466148,-1.46671990555907,0.142452265632392,0.321273247952588
"ENSMUSG00000014195",1602.23049970171,-0.198921257132433,0.176013756981479,-1.13014607803278,0.258414676498336,0.467587237266346
"ENSMUSG00000014198",4.07678865147713,1.00566243416985,1.90075533389138,0.529085683064201,0.596746012660659,NA
"ENSMUSG00000014226",4764.53669678118,-1.34072720563183,0.30977840911437,-4.32802017889128,1.5045568779315e-05,0.00252077029463608
"ENSMUSG00000014232",285.372624363635,0.166580877449274,0.191342382698886,0.870590587927516,0.383977737403939,0.592962072160694
"ENSMUSG00000014243",195.223505865323,-0.425254383616535,0.257295708645521,-1.65278459502958,0.0983747103805026,0.255549858527428
"ENSMUSG00000014245",1048.26448012438,0.211598924112714,0.291753025098339,0.725267284002941,0.468288072306747,0.665112406833183
"ENSMUSG00000014294",10222.5828053594,-0.672332872236251,0.204206427932339,-3.29241777080112,0.000993299399303691,0.0197194375833061
"ENSMUSG00000014301",912.452455982363,-0.832942821191312,0.338726387326721,-2.45904320524014,0.0139307851648688,0.0766741167129337
"ENSMUSG00000014303",8.86407597947435,0.802648591018014,1.29743848809392,0.618640959385436,0.536152912472924,NA
"ENSMUSG00000014313",15951.682527213,-0.755150104612165,0.230559468468046,-3.27529426412095,0.00105551964618571,0.0201008694804716
"ENSMUSG00000014329",1.87116170611208,-1.05881381844945,2.75590847574641,-0.384197743781268,0.700831890439505,NA
"ENSMUSG00000014349",471.990562491543,-0.162730759705956,0.204383666457973,-0.796202370405263,0.425914420024656,0.628945927986813
"ENSMUSG00000014351",0.0380762098104571,-1.67431590235222,7.3501929692546,-0.227792101425878,0.819807867435575,NA
"ENSMUSG00000014353",203.063994995225,1.14491561664274,0.339744890433111,3.36992740400949,0.000751879892032987,0.0171800476182143
"ENSMUSG00000014355",1001.75416992148,0.497514539430684,0.197771997187338,2.51559647728802,0.0118831148993584,0.0698778053421521
"ENSMUSG00000014361",4.45731252903178,0.692335474463705,1.71344921642843,0.404059523810594,0.686168948459225,NA
"ENSMUSG00000014402",1912.97588139893,-0.453126405398605,0.318698940139203,-1.42180079168348,0.155084089716039,0.33908565070627
"ENSMUSG00000014418",243.608233328291,0.818249799058323,0.320641730388628,2.55191299668505,0.0107133267814792,0.0655356028836649
"ENSMUSG00000014426",193.630453346674,-0.0210786850451455,0.221816404885253,-0.0950276200538444,0.924292888556622,0.968413094719127
"ENSMUSG00000014444",141.289385265451,-0.955697893914696,0.47881624261486,-1.99595963724108,0.0459383163951081,0.1598520186032
"ENSMUSG00000014453",18.5201729604617,-0.803368669897804,1.58687391996123,-0.506258663522199,0.612675077484145,NA
"ENSMUSG00000014470",1249.7236424621,-0.0714167433785873,0.207194387819637,-0.344684738472529,0.730331392753022,0.853185186526725
"ENSMUSG00000014496",127.359991790343,0.289183207713822,0.283941544644129,1.01846035977674,0.30845922990179,0.51997262748622
"ENSMUSG00000014498",24.505233929717,0.623332667056986,0.66192137087467,0.941701982266122,0.346345239891884,NA
"ENSMUSG00000014503",46.9549595732013,0.448980187943855,0.452055806955407,0.993196373181741,0.320614265462154,NA
"ENSMUSG00000014504",6115.88650632377,-0.804017802113196,0.202241002320951,-3.97554300505908,7.02188528773667e-05,0.00667416692973817
"ENSMUSG00000014529",2.20538045475671,0.579651490871474,2.21013562656229,0.262269647122553,0.7931135612593,NA
"ENSMUSG00000014542",0.925647496979322,0.814175685407413,5.16707669882019,0.157569885810543,0.874795734724651,NA
"ENSMUSG00000014543",6.48271948280029,-1.70113373091892,2.38869222734415,-0.712161119563867,0.476365010164485,NA
"ENSMUSG00000014547",11.1885511697563,-0.1113199513352,0.974686564456359,-0.114211024748545,0.909070512612404,NA
"ENSMUSG00000014550",162.346233046877,0.554648807975119,0.270458268526606,2.0507740842856,0.0402889524523762,0.147120906904964
"ENSMUSG00000014551",1743.30544166059,-0.940764978966509,0.195121936994721,-4.82142086869484,1.42539264059698e-06,0.000469666875076705
"ENSMUSG00000014554",1330.57668452501,-0.561517328742939,0.261831672067943,-2.14457374200792,0.0319869436038662,0.128064373237836
"ENSMUSG00000014592",528.888795930488,-0.578496152979594,0.22484996989459,-2.57280956386515,0.0100876697067989,0.0632719638652963
"ENSMUSG00000014599",7.03562264196084,-1.93737229011134,1.96350057225456,-0.986693010171512,0.323793157737735,NA
"ENSMUSG00000014601",320.233425463756,-0.0342856817221188,0.231332026257631,-0.148209836211504,0.882177169376358,0.946523534058971
"ENSMUSG00000014602",2.25001161746726,3.33398367485853,3.14986220543829,1.05845381715503,0.289848595085021,NA
"ENSMUSG00000014603",0.0474375977968173,0,7.3561311249555,0,1,NA
"ENSMUSG00000014606",1258.53786853371,-0.235996160210378,0.283657533920557,-0.831975646648866,0.405422690897368,0.61044985522018
"ENSMUSG00000014609",30.968758411462,-0.705022327419784,0.554001851921678,-1.27259922502833,0.203160293742865,NA
"ENSMUSG00000014633",2779.58154418174,-0.720272622316103,0.262110063360698,-2.74797775057158,0.00599640780507756,0.0466361063361068
"ENSMUSG00000014668",622.663001308239,0.659256058220333,0.258131630343269,2.55395302522066,0.0106507624582178,0.065393035341294
"ENSMUSG00000014686",5.02911692301135,2.82930957058794,1.60530845643844,1.76247098134965,0.0779897550821192,NA
"ENSMUSG00000014704",0.130322517245826,1.15259504868367,7.35587957136193,0.156690309772197,0.875488924424492,NA
"ENSMUSG00000014725",10.9077080952098,0.430316045944499,1.24342051142523,0.346074430967255,0.729286778643988,NA
"ENSMUSG00000014747",1.16399044052201,1.53294579867955,3.00534591325687,0.510072997559973,0.610000321842197,NA
"ENSMUSG00000014748",1318.21070711253,-0.685296002332416,0.255731642260834,-2.6797466135749,0.00736779085986481,0.0520590512149848
"ENSMUSG00000014763",211.8145469872,0.29848332202348,0.222444850067954,1.34183066918518,0.179650905606811,0.371827722345755
"ENSMUSG00000014767",864.654387714346,-0.30921888518001,0.281616265885456,-1.09801500352888,0.272197937838648,0.483148035819223
"ENSMUSG00000014769",12678.9566602515,-0.911510671643991,0.265903524760316,-3.42797513671781,0.000608101150147522,0.0153716637031862
"ENSMUSG00000014771",682.470789701052,-0.506974181399669,0.226571801220307,-2.23758728433603,0.0252479815306176,0.109607508752813
"ENSMUSG00000014773",0.949996097647621,0.0490510894175187,4.61828954693344,0.0106210511313845,0.991525786607783,NA
"ENSMUSG00000014776",23.9905327994317,0.448208152854486,2.09659447405482,0.213779134878501,0.830719296770869,NA
"ENSMUSG00000014778",159.10530934365,-0.315890576850681,0.277343375297854,-1.13898728070007,0.254708459336007,0.464208644241303
"ENSMUSG00000014782",4.90778703313024,0.897220899725516,1.95855990656158,0.458102351998344,0.646878909241496,NA
"ENSMUSG00000014786",27.7190901575964,2.3325002845084,1.27357910121764,1.83145301479771,0.0670329545546968,NA
"ENSMUSG00000014791",23.353804925294,0.366060450168577,0.492599197715542,0.743120272761718,0.457408866912008,NA
"ENSMUSG00000014813",2.29795949055465,-0.147296981137963,3.08318039525145,-0.0477743635645911,0.96189606813167,NA
"ENSMUSG00000014837",86.5983887475462,0.433982120478505,0.387866659390177,1.11889514082193,0.263184876222557,0.472843057335511
"ENSMUSG00000014846",746.170787210765,-0.480719501764251,0.540242366890989,-0.889821922946765,0.37356151298067,0.582621577124318
"ENSMUSG00000014850",413.464582229289,0.768304353003666,0.230763389622791,3.32940313565139,0.000870323314595421,0.0185013891715607
"ENSMUSG00000014852",1.30442332631277,0.80221205766188,4.31934261362077,0.185725497933911,0.852660031736923,NA
"ENSMUSG00000014856",2305.18445491184,-0.384593226660977,0.177718279055369,-2.16406116863845,0.0304596551972896,0.124162347061941
"ENSMUSG00000014859",1096.03401538835,-0.38719664404366,0.159775700444565,-2.42337628917483,0.0153769896366726,0.0812140289194944
"ENSMUSG00000014867",2182.91721546685,-0.152748130879982,0.205787988298548,-0.742259702050161,0.457930002478373,0.655749395117878
"ENSMUSG00000014873",848.245045416935,-0.510571109427685,0.243072269433604,-2.10049097997643,0.0356856732556442,0.136885091242547
"ENSMUSG00000014905",529.941401666548,-0.431359042548882,0.303132572142724,-1.4230045933361,0.154734823694484,0.338921722184794
"ENSMUSG00000014907",206.049549346449,0.168904024463442,0.28991125548787,0.582605957051257,0.560158594290752,0.737993829743314
"ENSMUSG00000014932",36.3101887987012,0.442450912780814,0.634016871801871,0.697853531126658,0.48526879767685,NA
"ENSMUSG00000014956",3962.33135820006,-0.294193476294185,0.163240133069491,-1.80221291640915,0.0715119132994163,0.208764006477088
"ENSMUSG00000014959",1069.13522966849,-0.0165338468634332,0.149207574805352,-0.110811042167278,0.911766188898501,0.961879271852901
"ENSMUSG00000014980",533.580071899099,-0.599308430024193,0.241187178337482,-2.48482707146898,0.0129614380466424,0.0732554688914007
"ENSMUSG00000015001",0.316319203670657,3.50072586481369,7.25270038871951,0.48267895779323,0.629323706271744,NA
"ENSMUSG00000015002",2206.54687651633,-0.228169892992525,0.121404897169828,-1.87941259629213,0.0601881777042994,0.188218961280291
"ENSMUSG00000015013",2358.49446897145,-0.499028392615065,0.209405091894859,-2.38307668691087,0.0171686174044992,0.0869425118050585
"ENSMUSG00000015016",62.2120277316643,0.372372884105183,0.477725933227428,0.779469687964186,0.435703086723499,NA
"ENSMUSG00000015023",357.557173637809,-0.230911211168092,0.215462383265918,-1.07170081230888,0.283854435859834,0.495304695229384
"ENSMUSG00000015027",134.226201385983,0.13549369885185,0.322652732494327,0.41993662289605,0.674531752893414,0.820746722962998
"ENSMUSG00000015053",1.88476744953301,-3.66101510742842,2.70298732462204,-1.3544329542649,0.175598289929534,NA
"ENSMUSG00000015083",27.3878196269364,-0.74594262682642,0.698133201948321,-1.06848180940926,0.285303231555059,NA
"ENSMUSG00000015085",1.62050716986978,1.17587614291061,3.55349673909829,0.330906774156488,0.740714904934833,NA
"ENSMUSG00000015087",366.434875367522,0.252292992238491,0.341645961145965,0.738463265868089,0.460232981685935,0.657998701759541
"ENSMUSG00000015090",2.95300225691569,-3.79635335358995,3.49114145225777,-1.08742467342158,0.276849171845123,NA
"ENSMUSG00000015092",7278.44195729598,-0.802642639969034,0.232440703162775,-3.45310708945393,0.000554168956294539,0.0148460518370694
"ENSMUSG00000015093",3.34369126850376,-0.782386167089224,1.40189906325977,-0.558090227459014,0.576782773487441,NA
"ENSMUSG00000015094",15.7825966473187,0.376614012691263,0.85798694141278,0.438950751477782,0.660697221609397,NA
"ENSMUSG00000015095",207.838387447768,-0.356616321761508,0.319814763466723,-1.11507148042781,0.264819791724575,0.474569424393083
"ENSMUSG00000015112",91.2952656081251,0.455261459026542,0.413188815197161,1.10182425632529,0.270538082867883,0.481416552502075
"ENSMUSG00000015120",9364.96114590586,-0.686127214376343,0.229766534829409,-2.9861929844821,0.00282474319087521,0.0316582612718837
"ENSMUSG00000015126",683.934946647197,-0.453493094552446,0.202929182098844,-2.23473573323504,0.0254347032220602,0.110261843948462
"ENSMUSG00000015127",70.3556268090435,0.0256839533565435,0.512227615515692,0.0501416803361642,0.960009485388153,0.986912647669318
"ENSMUSG00000015133",456.833687205463,-1.10504073783962,0.596939392488615,-1.85117744237442,0.0641440298536884,0.195880054094442
"ENSMUSG00000015134",726.639411450799,1.77410854788724,0.369153602102979,4.80588171910166,1.54070971333328e-06,0.000491287597299982
"ENSMUSG00000015143",496.551035024052,0.134967807063204,0.343064661539704,0.393417982655096,0.694010790032467,0.83377450892938
"ENSMUSG00000015149",806.812058145855,-0.0934916675294737,0.242101852036864,-0.386166676309597,0.699373231652581,0.836354269886978
"ENSMUSG00000015165",1481.9095797995,-0.273005800127378,0.279907204397075,-0.975343956278072,0.329389673374499,0.538732414186308
"ENSMUSG00000015176",747.374118182212,0.0845349724071917,0.22464527878854,0.376304246690913,0.706690722544781,0.839624936594847
"ENSMUSG00000015189",281.360616228529,-0.0260135900303294,0.299105403550083,-0.0869713141975171,0.930694313640154,0.97209565620593
"ENSMUSG00000015202",12.0534267679664,-0.55204596477985,0.708623511767919,-0.779039864769051,0.435956232013104,NA
"ENSMUSG00000015214",644.676184295457,-0.0146050670087444,0.178640305054294,-0.0817568409564989,0.934840077053687,0.973750701967934
"ENSMUSG00000015217",1262.145216,-0.153648579096886,0.302059430494498,-0.508670028429008,0.610983534070275,0.774999645102613
"ENSMUSG00000015222",3.25185555334865,-0.613666823101554,1.99198462870401,-0.308068051459216,0.758030550973521,NA
"ENSMUSG00000015224",0.230937873949253,-0.110411800607341,7.22292153031043,-0.015286307644906,0.987803766125067,NA
"ENSMUSG00000015242",0.212859527332863,-2.65686431305705,7.2588036572825,-0.366019586490883,0.71435046029761,NA
"ENSMUSG00000015243",46.3175276550372,0.34749066214824,0.665685386457931,0.522004342016903,0.601667307419139,NA
"ENSMUSG00000015247",1300.32377984558,-0.523119292348096,0.263317762879984,-1.9866464253174,0.0469615926675946,0.161973253146955
"ENSMUSG00000015289",1275.54577989511,-0.576691765799466,0.227576283455603,-2.53405916048352,0.0112749694532224,0.0673432465529323
"ENSMUSG00000015290",2132.88554278798,-0.477093078432203,0.237479398515288,-2.00898722758678,0.0445384882846498,0.156956490799915
"ENSMUSG00000015291",876.498464626548,0.302347709415805,0.219056028365614,1.38023003371162,0.167515829479689,0.355342054593718
"ENSMUSG00000015305",2.64843015801404,0.307834260433446,2.12314376582592,0.144989833184327,0.884718898911172,NA
"ENSMUSG00000015312",442.759888174677,-0.636038785372908,0.312286808260173,-2.03671358683525,0.0416787521715273,0.150417840531416
"ENSMUSG00000015314",3015.90852514249,-0.280606855895302,0.227235005212228,-1.23487512689001,0.216876981780529,0.41806337069043
"ENSMUSG00000015316",916.47152235439,0.86849233157295,0.242671389172196,3.57888226764417,0.000345066862760462,0.012182092637097
"ENSMUSG00000015335",265.886020795272,0.0175702256304353,0.344739831150446,0.0509666248074698,0.95935211551398,0.98665750091066
"ENSMUSG00000015337",352.360637878783,-0.602111708373612,0.298140588148131,-2.01955631775454,0.0434294300595547,0.154758441290086
"ENSMUSG00000015340",144.737783905069,-1.00074861874808,0.985473794425848,-1.01549998022132,0.30986755597227,0.521368645240151
"ENSMUSG00000015341",1383.99996082052,-0.0073172808712681,0.172746667045221,-0.0423584489149803,0.966212951561976,0.989845064378706
"ENSMUSG00000015342",48.7856497053666,-0.766319338622549,0.562942731847164,-1.36127406087659,0.17342709706736,NA
"ENSMUSG00000015354",1.76307326334427,-0.894514447220901,2.20200858481083,-0.406226593933895,0.684576115579341,NA
"ENSMUSG00000015355",29364.7516196814,-0.513106020973451,0.284702749784216,-1.80225172170746,0.0715058105171687,0.208764006477088
"ENSMUSG00000015357",482.876054602534,-0.106849358518291,0.222120212160318,-0.481042933819867,0.630485984963761,0.7875099774282
"ENSMUSG00000015363",594.341038156282,-0.135919586182754,0.172998797409746,-0.785667809359559,0.432062126847267,0.63470562102619
"ENSMUSG00000015365",0.210512692010356,-0.346439139654865,7.3170624581482,-0.0473467517376559,0.962236867340715,NA
"ENSMUSG00000015377",55.7313460897932,0.829165512407996,0.410796913238627,2.01843170113195,0.0435463205925055,NA
"ENSMUSG00000015396",105.153955930286,0.0795611029512315,0.800547263974084,0.0993833925011167,0.920833868342508,0.9665968767724
"ENSMUSG00000015401",0.247132947600293,0.78130284140116,7.34672515046761,0.106347090084271,0.915306970913658,NA
"ENSMUSG00000015405",0.246574718232958,1.17161561535925,7.35517437543519,0.159291344508732,0.873439339773772,NA
"ENSMUSG00000015437",36595.4106372996,-0.138238718668312,0.407194148278891,-0.339490926509167,0.734239931265914,0.855945421289424
"ENSMUSG00000015441",6.34246964232676,0,2.35908390304198,0,1,NA
"ENSMUSG00000015443",0.124355355235015,0,7.3561311249555,0,1,NA
"ENSMUSG00000015452",17.2862199138921,0.919721376509731,0.720847256987497,1.27588940319112,0.201994617530075,NA
"ENSMUSG00000015461",153.122290866477,-0.00411820546953772,0.447193831678133,-0.00920899435057904,0.992652389440358,1
"ENSMUSG00000015467",13.685623643624,-0.324791662563225,0.825434923849594,-0.393479429060851,0.693965414499022,NA
"ENSMUSG00000015468",12.3098284104918,0.768312446770988,1.10033345265373,0.698254192779477,0.485018240696928,NA
"ENSMUSG00000015474",136.935694943921,-0.742302201602344,0.409289542509295,-1.81363588488334,0.0697338019366368,0.205460098999599
"ENSMUSG00000015476",35.2613271028879,-0.621123424571457,0.772061996439424,-0.804499415119432,0.421108606993028,NA
"ENSMUSG00000015478",1042.39641879389,-0.365535414928612,0.24203959106091,-1.51022984845741,0.130984784866184,0.305806471044456
"ENSMUSG00000015484",0.762899618401846,4.74239830623469,5.51973900257876,0.859170751374131,0.390246317591008,NA
"ENSMUSG00000015488",219.472450968982,-0.112163103620452,0.271512634984356,-0.413104545307495,0.679530019404095,0.824036197258989
"ENSMUSG00000015501",531.77921855326,0.191980940382237,0.179250396108308,1.07102101055462,0.284159982601283,0.495487992240904
"ENSMUSG00000015519",0.190718364181448,0.813581225940745,7.27809343767308,0.111784938309456,0.910993930154295,NA
"ENSMUSG00000015522",196.199995277244,0.487438162330191,0.332844534573938,1.46446196857083,0.143067767101286,0.322034351598931
"ENSMUSG00000015533",10.7285479107352,-0.200887714096668,1.14282046736833,-0.175782390876555,0.860464904262265,NA
"ENSMUSG00000015536",1389.5865591056,-0.719497429644853,0.240042213518168,-2.99737874892741,0.00272312160435592,0.0312317602080228
"ENSMUSG00000015542",133.690470984936,-0.674788766660207,0.427131249638605,-1.57981596343312,0.114149018744106,0.281036874292774
"ENSMUSG00000015568",58.921226927235,0.19615943803465,0.691863105957884,0.283523483685501,0.776775582500647,NA
"ENSMUSG00000015575",10453.2132242711,-0.470239871742206,0.171608798982054,-2.74018508684618,0.00614045943485496,0.0472361412556741
"ENSMUSG00000015579",0,NA,NA,NA,NA,NA
"ENSMUSG00000015597",169.796069865388,0.693538302013069,0.371088015175097,1.86893209603071,0.0616322622196371,0.191282546951684
"ENSMUSG00000015599",1.3828762591534,-1.24039936931545,2.34911185687965,-0.528029078599553,0.597479153534612,NA
"ENSMUSG00000015605",351.417163573716,-0.1169425585868,0.235819151669458,-0.49589932691606,0.619965441070644,0.780905898055228
"ENSMUSG00000015619",460.095263181479,-0.114711987012622,0.221376194829742,-0.518176704143126,0.60433498692532,0.770307802490747
"ENSMUSG00000015627",3.55648147255341,0.354709890053879,1.20426865129224,0.294543820993146,0.768342383352748,NA
"ENSMUSG00000015647",10.0231631624838,5.88641803328627,2.40718214224996,2.44535630684944,0.0144709099996113,NA
"ENSMUSG00000015652",0.0406180793754555,0,7.3561311249555,0,1,NA
"ENSMUSG00000015653",4.05353955878336,-0.757877381536705,1.54425555054387,-0.490771997723946,0.623587717510526,NA
"ENSMUSG00000015656",21878.8654475784,-0.584072168431384,0.205539073063535,-2.84166002953044,0.00448793216087485,0.0400389976626786
"ENSMUSG00000015659",12.0301064051418,1.02348482068265,1.18029094616539,0.867146210015264,0.385861904171427,NA
"ENSMUSG00000015665",0.0812361587509111,0,7.3561311249555,0,1,NA
"ENSMUSG00000015668",1363.12223384817,-0.840181662761819,0.29252824387668,-2.87213860660925,0.00407704102888019,0.0380922028076377
"ENSMUSG00000015671",15522.7413802271,-1.0784964889028,0.271683108615205,-3.96968547069415,7.19675690008902e-05,0.00671131527899811
"ENSMUSG00000015672",1689.94774712255,-0.785118619663739,0.229377713322853,-3.42281997797524,0.000619751072436281,0.0155488308401844
"ENSMUSG00000015697",429.489211821547,0.138658364665714,0.210757905700015,0.657903504047319,0.510600138909654,0.700224379162657
"ENSMUSG00000015702",17.8462406024694,0.492413113711733,1.21091270986658,0.406646250963859,0.684267822421691,NA
"ENSMUSG00000015709",4.17828886910865,1.60266313790043,2.74319512969297,0.584232277373502,0.559064048325832,NA
"ENSMUSG00000015711",132.05526899926,-0.279279742516682,0.332099429171906,-0.840952190773314,0.400374718474527,0.605523881903412
"ENSMUSG00000015714",1528.61238769271,0.267967607352586,0.214550272557629,1.24897351170043,0.211674762235586,0.411243125923501
"ENSMUSG00000015721",4.90706564663267,1.60364298319399,1.26866777796579,1.26403697724972,0.206216755169544,NA
"ENSMUSG00000015733",9536.92737783191,-0.947668965805024,0.352247957682403,-2.69034623235337,0.00713779210758678,0.0511527149099966
"ENSMUSG00000015745",93.8407792715463,-0.297452851414353,0.473160011785891,-0.628651711905344,0.529577097720493,0.71534157023327
"ENSMUSG00000015747",309.853697837767,-0.403973259214077,0.212476668164827,-1.90125938392773,0.0572680462455943,0.181673503574358
"ENSMUSG00000015748",479.435375764712,0.115846106728801,0.220346806297404,0.525744432948318,0.599065787231072,0.766273978620489
"ENSMUSG00000015749",3487.67016951555,-0.11910516015416,0.196025543542131,-0.607600203534502,0.543452665802673,0.725949946143165
"ENSMUSG00000015750",132.279584311391,-0.438391684404055,0.430040531132071,-1.01941945623125,0.308003873219574,0.519470787711224
"ENSMUSG00000015755",1038.24338863326,-0.0174622523200547,0.172835509883104,-0.101033938754051,0.919523518781401,0.96563157156636
"ENSMUSG00000015757",1615.56520313363,0.0144047346166427,0.205445155268812,0.0701147447249121,0.944102330991909,0.979645433615256
"ENSMUSG00000015759",2255.57182088522,-0.522389016517246,0.218094505957095,-2.39524152259028,0.0166094204132809,0.0852019308693728
"ENSMUSG00000015766",27.3042199310726,-1.26018650631299,0.961033341301513,-1.31128281627185,0.189762231710408,NA
"ENSMUSG00000015776",151.921222276956,0.100006879785805,0.37837011549559,0.264309668470554,0.791541310752898,0.894522219823071
"ENSMUSG00000015787",0.214510460358045,-1.68122593955439,7.35036815532928,-0.228726766336928,0.819081289676725,NA
"ENSMUSG00000015790",1744.54138571081,-0.567460908027544,0.167864152770184,-3.38047700276086,0.00072360130192215,0.0167906076748837
"ENSMUSG00000015804",5367.79849281325,-0.675022628054408,0.209015308400702,-3.22953678952705,0.0012399092756186,0.021842954475822
"ENSMUSG00000015806",815.820709244158,-0.581023551750313,0.24466109048309,-2.37480978525464,0.0175579957666089,0.0881914573947809
"ENSMUSG00000015812",28.701361064587,0.56790863736473,0.630100443875409,0.901298583241473,0.36742958687167,NA
"ENSMUSG00000015829",4.91983274451281,-1.07435410990563,1.71648807073153,-0.625902462256994,0.531378919411447,NA
"ENSMUSG00000015837",1154.4246728603,-0.256691213790999,0.205699067617443,-1.24789682697245,0.212068842809589,0.411523461164661
"ENSMUSG00000015839",558.614650701659,-0.209484016783709,0.165440311383457,-1.26622112248186,0.205433927295352,0.403479906877518
"ENSMUSG00000015843",2.05915162153743,0.253089856173572,1.62712085400404,0.155544596180895,0.876391999066598,NA
"ENSMUSG00000015846",55.2565017891983,0.0277772743055825,0.451264784134393,0.0615542698703253,0.950917795198803,NA
"ENSMUSG00000015850",26.0176651369264,0.773649259843489,0.611075918516922,1.26604442492372,0.205497177736851,NA
"ENSMUSG00000015852",3.25546152919472,-2.66135630789992,2.44914997381647,-1.08664489163674,0.277193777405692,NA
"ENSMUSG00000015854",7.56632474765777,1.15196282173614,2.49421815365514,0.461853274561412,0.644186543628079,NA
"ENSMUSG00000015869",899.307606283198,0.100946526346093,0.166953442105324,0.604638784760181,0.545419030417453,0.727593402925306
"ENSMUSG00000015879",6.66698396575756,0.726853667201142,1.11617156812432,0.651202456646148,0.514915804740065,NA
"ENSMUSG00000015880",1429.40694340777,0.64646305639288,0.376665725599465,1.71627788900631,0.0861111932417532,0.234234767527444
"ENSMUSG00000015882",337.405346438418,0.995561373458484,0.340836909716128,2.92093181541769,0.00348986196439661,0.0353455794242423
"ENSMUSG00000015889",1177.80471659479,0.724408723923533,0.28280633580229,2.56150104228912,0.0104220928549339,0.0646313600194615
"ENSMUSG00000015890",10.6839240453834,0.138499033430475,0.89373084563341,0.154967274663456,0.876847116629225,NA
"ENSMUSG00000015932",881.506933821992,-0.389618198063251,0.258454891408646,-1.50749013082991,0.131685071655996,0.306428185809681
"ENSMUSG00000015937",3441.78772531002,0.0357760847202765,0.181531848588342,0.197078832163527,0.843765848052635,0.925604861613616
"ENSMUSG00000015942",82.5314647170723,-0.111024076613886,0.414391533693315,-0.267920716488512,0.788760347018785,0.893020893950812
"ENSMUSG00000015943",789.329044013008,-0.484221983983183,0.201556799732021,-2.40240956706486,0.01628746116231,0.0842781223130501
"ENSMUSG00000015944",41.2326087093773,-0.144825926133244,0.574751683105017,-0.25197999482288,0.801056526804295,NA
"ENSMUSG00000015947",17.5922395283399,0,2.215597735071,0,1,NA
"ENSMUSG00000015950",305.447302272296,-0.23368953078821,0.303370343265036,-0.770311060313662,0.441115397068986,0.64241697391347
"ENSMUSG00000015957",1.37269482033104,2.06181444573115,4.04522063401109,0.509691468592836,0.610267630890816,NA
"ENSMUSG00000015961",1382.71926778846,-0.372214596318653,0.181059461654665,-2.05575888118224,0.0398057632544846,0.146275081699101
"ENSMUSG00000015962",0.907532677108292,-0.297234162688601,3.90370574239552,-0.076141538912767,0.939306492768545,NA
"ENSMUSG00000015966",1.59300716131286,2.0927696410689,2.03033637981601,1.03075020566718,0.302657974444863,NA
"ENSMUSG00000015968",3.58906447010559,-0.557226001013117,1.30979407432995,-0.425430235129272,0.670523069008946,NA
"ENSMUSG00000015970",0.650322893623345,-0.690055609077718,7.19945558868678,-0.0958483041637302,0.923641052756419,NA
"ENSMUSG00000015971",278.410036738114,-0.255378301617723,0.231728059285284,-1.10206033056758,0.270435444011287,0.481320555284764
"ENSMUSG00000015980",13.5366905254064,-0.0194517099558483,0.707255486165929,-0.0275030881150136,0.978058476820796,NA
"ENSMUSG00000015981",3.27643723825159,0,2.39078402235841,0,1,NA
"ENSMUSG00000015994",1043.81899523506,-0.417425719891911,0.219690723330378,-1.90006074705381,0.0574251481571867,0.182055031922319
"ENSMUSG00000016018",989.063212457408,0.155511567281989,0.190849131862345,0.814840317922723,0.415163719274173,0.619455602267954
"ENSMUSG00000016024",12.52258663332,0.0661443543818006,0.730391777559048,0.0905601026929047,0.927842135053812,NA
"ENSMUSG00000016028",134.810092815889,0.188735106959064,0.266782722625188,0.707448762430634,0.479287643090185,0.673359629327242
"ENSMUSG00000016087",1237.08968338413,-0.176313303168179,0.146193957998423,-1.2060231871558,0.227808550076427,0.430735944434866
"ENSMUSG00000016128",5.62620695409739,1.27106958247678,2.05722465216419,0.617856480156225,0.536669948722414,NA
"ENSMUSG00000016150",50.2459409744636,1.56876727092421,0.627983669283109,2.49810201707168,0.0124860255488419,NA
"ENSMUSG00000016179",0.301645208277192,-0.124388534781568,7.30784110037802,-0.0170212423988164,0.986419669242467,NA
"ENSMUSG00000016181",194.719450798446,0.276908710859156,0.32920217011962,0.841150927888895,0.400263387478723,0.605448138519843
"ENSMUSG00000016194",5377.68454097597,0.148029794126341,0.289920448793264,0.510587627545714,0.609639841187312,0.773791709057085
"ENSMUSG00000016200",4.09878222036024,0.577940254763635,1.6422770260275,0.351913986254569,0.724902769807583,NA
"ENSMUSG00000016206",1429.35308636206,-0.344683820029516,0.23461854354155,-1.46912437025028,0.141799058813529,0.320399992243956
"ENSMUSG00000016239",7.32787897264551,-0.923822528826865,2.01005289190644,-0.459601104302616,0.64580256634924,NA
"ENSMUSG00000016252",8870.77731380498,-0.517344323247336,0.282377651559993,-1.83210080680702,0.0669364032005019,0.200626545068818
"ENSMUSG00000016253",415.78536395887,0.106569394797408,0.235030426013376,0.453428079951412,0.650240520495031,0.801749724971109
"ENSMUSG00000016255",0.0444816915190641,0,7.3561311249555,0,1,NA
"ENSMUSG00000016256",905.791293427311,-0.337220028982639,0.290458303300868,-1.16099290380187,0.245644785272196,0.452262749565218
"ENSMUSG00000016257",2131.0661471221,-0.42657213017155,0.232598398157636,-1.83394268210933,0.0666625029089426,0.200017934664075
"ENSMUSG00000016262",0.521751911495867,-3.13626948633625,7.26779466729492,-0.431529732182648,0.666083238726169,NA
"ENSMUSG00000016283",2.28061589056458,-0.584348957818357,1.95019576617389,-0.299636050879547,0.764454782291964,NA
"ENSMUSG00000016308",3167.54691836307,-0.577876428406537,0.230810546327318,-2.50368294517633,0.0122908119702629,0.0710495183193268
"ENSMUSG00000016319",19183.9788230829,-0.568100826187781,0.292728502266509,-1.94070895655581,0.0522935893821707,0.172364831958239
"ENSMUSG00000016327",0.528972061984939,1.69598516627038,7.17136011669545,0.236494212906978,0.813049197371619,NA
"ENSMUSG00000016344",2873.60380805793,-0.729798556421398,0.27237746336969,-2.6793646852892,0.00737620095093672,0.0520812474285782
"ENSMUSG00000016346",8.49324299720268,0.724318880700759,1.12223494293681,0.645425349887315,0.518651580059602,NA
"ENSMUSG00000016349",0.199567753998821,2.15613625384622,7.28496033525,0.295970898209733,0.767252306104305,NA
"ENSMUSG00000016356",13.399357928767,-0.430122609086141,1.00661631174621,-0.427295488923675,0.66916411810174,NA
"ENSMUSG00000016382",8.25586693948436,-1.28159512200571,1.55291270637506,-0.825284716097992,0.409209966924459,NA
"ENSMUSG00000016386",0.574115739852297,1.11675888580323,7.04398389120263,0.158540806318136,0.8740306684518,NA
"ENSMUSG00000016409",657.58790463704,0.243979462394185,0.220428341674115,1.10684252551738,0.268362018628407,0.478779186615365
"ENSMUSG00000016427",11782.4478411083,-0.509555531291237,0.192705149047469,-2.64422374705576,0.00818785122144702,0.0552872943624809
"ENSMUSG00000016458",0.522084710146455,-0.257399395884448,6.32837932741713,-0.0406738254088671,0.967555928620075,NA
"ENSMUSG00000016477",189.618811515433,0.181205234837159,0.350163695559898,0.51748721279463,0.604816093018585,0.770454096575291
"ENSMUSG00000016481",2872.36324436844,-0.204778208568299,0.243040219018453,-0.842569223296952,0.399469409725566,0.605275970993088
"ENSMUSG00000016487",101.069557871628,0.0247016439878351,0.411593136277288,0.0600147131005453,0.952143916453026,0.983381320043691
"ENSMUSG00000016493",37.0808360397949,-0.107273673670029,0.60431379404057,-0.177513197163306,0.859105300009883,NA
"ENSMUSG00000016494",22.5713944428448,0.487846497767463,0.708754329626773,0.688315368774342,0.49125420558379,NA
"ENSMUSG00000016495",2426.89157206401,0.271168359386839,0.160838302861422,1.68596879326983,0.0918018102368261,0.244422445280191
"ENSMUSG00000016496",341.04164471255,0.394005389254474,0.296844528128052,1.32731228612881,0.184405401318919,0.377713922925304
"ENSMUSG00000016498",146.509354839466,-0.149283664030312,0.636306577128335,-0.234609651064793,0.814511718140064,0.906900389378209
"ENSMUSG00000016503",1995.48891899013,-0.775395910850959,0.261396922074338,-2.96635440347858,0.0030135300806199,0.0328431585963922
"ENSMUSG00000016510",320.013637121931,-0.329270802911145,0.292083966578989,-1.12731556876505,0.259609082212924,0.468890147574411
"ENSMUSG00000016520",208.467438324954,0.117278354142929,0.223525430000785,0.524675667294399,0.599808675371097,0.766827309369283
"ENSMUSG00000016524",0.440307686403621,0,7.3561311249555,0,1,NA
"ENSMUSG00000016526",41.5235196537033,1.59846531033366,1.36545225974154,1.17064899115274,0.241739896373545,NA
"ENSMUSG00000016528",422.38738361554,-0.176649831458976,0.206341143278702,-0.856105712375439,0.391939309236898,0.599461561474042
"ENSMUSG00000016529",3.19961999505686,-1.69178705696575,2.54352421451053,-0.66513503088128,0.505964130471823,NA
"ENSMUSG00000016534",782.139383961679,0.34626538936038,0.21512166607534,1.60962582559728,0.107479566742565,0.269996319504513
"ENSMUSG00000016541",1132.69924387725,-0.181310499753134,0.216565530468375,-0.837208485399342,0.402475388661185,0.607863898688436
"ENSMUSG00000016552",34.6883118924938,0.965234848495388,0.803412868695885,1.20141820738094,0.229589016851681,NA
"ENSMUSG00000016554",1704.31161663505,-0.424384167983486,0.147914056391795,-2.86912669651475,0.00411606886793581,0.0382399819168661
"ENSMUSG00000016559",37958.0288967702,-0.528154043715626,0.190211332228442,-2.77666970483819,0.00549189566980664,0.0443863222814548
"ENSMUSG00000016619",1112.49555390954,-0.229400806373143,0.133325108400558,-1.72061218719536,0.0853212204661286,0.232726342248257
"ENSMUSG00000016624",44.4106693352443,1.24624444503633,0.892482735845733,1.39637933035799,0.16260029605777,NA
"ENSMUSG00000016626",0.675763062067833,0.411100831212639,6.76382642180872,0.0607793289737773,0.951534952969689,NA
"ENSMUSG00000016637",1328.10156813467,-0.375539791519123,0.256495112255748,-1.46412065406017,0.143160984883667,0.322034351598931
"ENSMUSG00000016664",464.565986157115,-0.55411079018326,0.187302747228053,-2.95836979640558,0.00309270864006551,0.0333022057810976
"ENSMUSG00000016756",1846.90253759929,0.566476363131902,0.244845169788514,2.31361053036577,0.0206890955403132,0.09724760314598
"ENSMUSG00000016757",337.104807760412,0.466551811133924,0.252140007337826,1.85036803980426,0.0642605221624737,0.196054093079029
"ENSMUSG00000016758",185.037222636789,-3.33439685692105,0.36138878332112,-9.22661967058949,2.79307266859568e-20,4.60158722151138e-17
"ENSMUSG00000016763",18.1011238625165,1.10192099984348,0.635249503605745,1.73462709311674,0.0828068774301523,NA
"ENSMUSG00000016831",666.593897748204,0.360614414013428,0.31080662704791,1.16025329780964,0.245945692879658,0.452563882002126
"ENSMUSG00000016833",5404.97097736374,-0.803140686095747,0.213469274541899,-3.76232452103129,0.000168341417631707,0.00888031073346459
"ENSMUSG00000016918",1.41680892260504,0.445204840264102,3.28989245602741,0.135325043664708,0.892354885219907,NA
"ENSMUSG00000016921",2394.40955063443,-0.100597972831959,0.131821497556466,-0.763137839401854,0.445381195407384,0.646584390747832
"ENSMUSG00000016933",609.250449533386,0.14436806385609,0.202858386590208,0.711669190920491,0.47666965015499,0.671234567064026
"ENSMUSG00000016940",381.959971496786,-0.0528515032876836,0.250070912022868,-0.211346065242688,0.832617239768997,0.917959113887635
"ENSMUSG00000016942",1.36868925603333,1.1562700850288,3.33567292174339,0.346637728624925,0.728863497942281,NA
"ENSMUSG00000016946",363.877523201692,-0.307992889181014,0.213616623263215,-1.44180206800437,0.149358219330782,0.33212207804671
"ENSMUSG00000016982",0.36354700722103,0,7.3561311249555,0,1,NA
"ENSMUSG00000016984",394.103900435391,-0.0165807364796387,0.243862783946074,-0.0679920741137167,0.945791943625885,0.980509005007013
"ENSMUSG00000016995",0.753061307471567,-1.07956741257341,4.46397874787952,-0.241839729431111,0.808904352835605,NA
"ENSMUSG00000016998",0,NA,NA,NA,NA,NA
"ENSMUSG00000017000",0,NA,NA,NA,NA,NA
"ENSMUSG00000017002",1393.59054880509,-0.968808122608557,0.768653699708411,-1.26039609641647,0.207526509154191,0.406298186371396
"ENSMUSG00000017003",0.149837156506468,-1.69462775824767,7.26730610191707,-0.233185135520938,0.815617647862332,NA
"ENSMUSG00000017004",0,NA,NA,NA,NA,NA
"ENSMUSG00000017007",0.997057012719573,-2.38994533268696,3.91706473390962,-0.610136797586582,0.541771192609317,NA
"ENSMUSG00000017009",20.5605440793057,1.11144633194124,1.4209196671903,0.782202088974521,0.43409581702946,NA
"ENSMUSG00000017049",0.114371624462542,-0.120431172409339,7.34604180288312,-0.0163940222014627,0.986920048701878,NA
"ENSMUSG00000017057",13.5552274729022,-1.71081016693522,2.17300692120103,-0.787300836570576,0.431105780088295,NA
"ENSMUSG00000017064",0.0815262837962346,0,7.35613112495549,0,1,NA
"ENSMUSG00000017119",367.948772281865,0.34435846136271,0.344655276297272,0.999138806352391,0.317727454623295,0.52909971175055
"ENSMUSG00000017132",661.673856849992,0.465448663921131,0.216255048634293,2.15231351527079,0.0313726700652237,0.126413966773631
"ENSMUSG00000017144",4.46840623231636,1.28811608994522,1.57094559156992,0.819962255126829,0.412237624827014,NA
"ENSMUSG00000017146",316.886162196523,1.01744603912233,0.52056166146616,1.95451589011895,0.0506402375255463,0.16911444187163
"ENSMUSG00000017165",0.0352597853922181,1.155567702399,7.35595536263211,0.157092810577567,0.875171703562209,NA
"ENSMUSG00000017167",4.15067619399476,1.30645704046244,1.66679339360341,0.783814626021545,0.433148890427071,NA
"ENSMUSG00000017176",1633.62800265216,-0.522073624558853,0.322953071358157,-1.61656188115291,0.105972885743096,0.26743476527202
"ENSMUSG00000017188",3742.07438155417,-0.796676183175414,0.202574940568655,-3.93274795460405,8.3980280634711e-05,0.00709679350236254
"ENSMUSG00000017195",109.161310209541,-0.139317340569734,0.3194328193746,-0.436139720528702,0.66273535985452,0.810986430447264
"ENSMUSG00000017204",1.19451149345181,0.831244719463171,2.37518047171532,0.349971182974091,0.72636032437942,NA
"ENSMUSG00000017210",307.917545977065,0.5160915464051,0.382490913011937,1.34929099972891,0.177243515374911,0.368620271298337
"ENSMUSG00000017211",1.93487389414937,0.948821629886615,1.91687455766705,0.494983683773959,0.620611637924243,NA
"ENSMUSG00000017221",696.845277847819,-0.049689547373516,0.204295622094023,-0.243223750289898,0.807832069130117,0.903688128781776
"ENSMUSG00000017264",447.647063813649,0.283240456749043,0.246233659407059,1.15029138352205,0.250023878510777,0.458191701720251
"ENSMUSG00000017286",1128.1367523563,-0.363719836646404,0.254090703907192,-1.43145668477212,0.152299372576467,0.336086021413064
"ENSMUSG00000017288",661.530599663608,-0.779242366621255,0.24538424108167,-3.17560069540857,0.0014952661640229,0.0238425960443467
"ENSMUSG00000017291",876.272561981666,0.65063726178127,0.206937485596995,3.1441247094708,0.00166584431080007,0.0248369095207522
"ENSMUSG00000017299",680.249356918056,-0.357406188438305,0.223966611217872,-1.59580120668355,0.110533183816323,0.274727459079144
"ENSMUSG00000017300",0.906655212321598,0.493107164792732,3.51609096818064,0.140243005444164,0.888467994208525,NA
"ENSMUSG00000017307",520.456066580947,-0.427119957530234,0.302718529201113,-1.41094751833468,0.158260089379809,0.343921235516923
"ENSMUSG00000017309",7.06698141342164,0.474575180227845,1.27910164022945,0.371022259140185,0.710620952711846,NA
"ENSMUSG00000017310",0,NA,NA,NA,NA,NA
"ENSMUSG00000017311",0.110708563112137,2.11541490259264,7.28595833155466,0.290341339646566,0.771555115754846,NA
"ENSMUSG00000017314",18.6002432252426,3.862922078218,1.67438156719715,2.30707393935564,0.0210506984968885,NA
"ENSMUSG00000017316",0.0761799228705255,1.15132801248445,7.35611645296499,0.156513021489809,0.875628656064632,NA
"ENSMUSG00000017344",0.206106711863235,3.20590169985558,7.25477630436253,0.441902212467636,0.658559969569571,NA
"ENSMUSG00000017376",452.874505045547,-0.142637227845668,0.228400586953641,-0.624504646630437,0.53229621969891,0.717641589160356
"ENSMUSG00000017386",166.28169935022,-0.28615027277697,0.349082437163931,-0.819721195662996,0.412375064085105,0.617235511863633
"ENSMUSG00000017390",102.841192913923,-1.82730637697697,0.737874242148438,-2.47644689650161,0.0132697363638385,0.0742937849088142
"ENSMUSG00000017400",7.02821919147939,2.42047829505219,1.97041945449404,1.22840763144703,0.21929398452048,NA
"ENSMUSG00000017404",29244.9181054517,-0.665677564557238,0.195504265975834,-3.40492603184178,0.000661819775543348,0.0161135184267143
"ENSMUSG00000017405",106.443395301299,-0.0573846058028029,0.316569790548786,-0.181269999589426,0.85615565277314,0.932556203012894
"ENSMUSG00000017412",51.3794969586041,-0.415799667567993,0.781145006590896,-0.532295110459251,0.594521618191111,NA
"ENSMUSG00000017417",113.086570643947,1.41863434618286,0.673987718472371,2.10483708723694,0.0353054916068649,0.136172328880745
"ENSMUSG00000017418",171.297306709226,0.0220150222929722,0.294360855160141,0.074789232015906,0.940382409429366,0.977360962801943
"ENSMUSG00000017421",4169.75037345129,-0.315842408526281,0.21439023758957,-1.47321264287664,0.140693707062579,0.318981030805871
"ENSMUSG00000017428",2130.29433385415,-0.262352700179599,0.155270146131497,-1.68965320582242,0.0910943205277116,0.243106738233377
"ENSMUSG00000017446",4.92667759210519,0.190662271163506,1.4434068523288,0.132091842889543,0.89491164780835,NA
"ENSMUSG00000017453",4.45630320097621,1.53782799133685,1.59431192602243,0.964571591190124,0.334759434296349,NA
"ENSMUSG00000017466",218.694899265754,-0.387738926196669,0.469064716089016,-0.826621386979546,0.408451691416223,0.612956576537023
"ENSMUSG00000017478",364.316091014852,0.392968376552164,0.229536735500525,1.71200647118755,0.086895475914259,0.235654809166653
"ENSMUSG00000017485",2225.05678733154,0.175069573002877,0.144791125650835,1.20911811560232,0.226617470410581,0.429007630907888
"ENSMUSG00000017491",10.8789452732123,0.701342134474504,0.767881336987007,0.913347024719226,0.361060057680722,NA
"ENSMUSG00000017493",1636.10438647213,0.124316835255363,0.371058205142584,0.335033246893417,0.737600006689215,0.857684515483224
"ENSMUSG00000017499",516.808244890892,-0.332418443668989,0.582750894054193,-0.570429744614129,0.56838626010335,0.743820534342203
"ENSMUSG00000017548",1608.84666776414,-0.113166887350599,0.203912280725568,-0.554978282563095,0.578909515164728,0.751526354096941
"ENSMUSG00000017550",519.506462737602,0.577332995071696,0.303922967267306,1.8996030483077,0.0574852318973467,0.182070335567213
"ENSMUSG00000017561",1587.47244457024,-0.149753120556056,0.150170797232905,-0.997218655793639,0.318658387461422,0.530114129932036
"ENSMUSG00000017588",0.116445927579595,1.15660086891577,7.35598170585381,0.157232700564679,0.875061457489935,NA
"ENSMUSG00000017607",7.62400848389778,-0.631875895918186,1.2501420532253,-0.505443276856401,0.613247529239648,NA
"ENSMUSG00000017615",195.861301987784,-0.0907051121992075,0.26497321501765,-0.342318042195946,0.732111559157258,0.854519159554787
"ENSMUSG00000017631",504.605615327077,0.058940092931275,0.219572992649401,0.268430521532248,0.788367948504507,0.892773189479557
"ENSMUSG00000017639",328.69163313904,0.251461353702013,0.18595725507061,1.35225352517991,0.176294226195004,0.367264157204977
"ENSMUSG00000017652",34.6354530711469,1.09494504753325,0.863137585119565,1.26856374512017,0.204596701868253,NA
"ENSMUSG00000017664",185.733307509357,0.178251284908095,0.337464862495749,0.528206947502099,0.597355707868971,0.765374098805545
"ENSMUSG00000017667",1.37922742395211,3.9639827403174,2.73303950169815,1.45039350432162,0.146948817461064,NA
"ENSMUSG00000017670",365.174855139378,-0.0882549774773581,0.215323765683288,-0.409871047895238,0.681900544579769,0.82554646456473
"ENSMUSG00000017677",1057.45549327961,-0.226336312500666,0.255379397966948,-0.886274751614693,0.375469491070929,0.584398664656925
"ENSMUSG00000017679",326.370569631747,0.504017015500237,0.182548248242984,2.7610071329162,0.00576234178746904,0.0457516052764108
"ENSMUSG00000017686",374.205747140659,0.137976950948544,0.243787498600322,0.56597221654401,0.571412667618691,0.746256337615373
"ENSMUSG00000017688",0.396892731115387,-1.11044434173671,7.29453796470625,-0.152229565067652,0.879005876152672,NA
"ENSMUSG00000017692",5.71044151858064,0.53663625680124,1.20703525820768,0.444590373936624,0.656615805192901,NA
"ENSMUSG00000017697",148.767848923097,-0.528832248446635,0.407492787380443,-1.29777081907687,0.194366099844514,0.390584613294851
"ENSMUSG00000017707",5591.86277081503,0.055630221893367,0.16729887716729,0.332519995563028,0.739496643584584,0.859283451490962
"ENSMUSG00000017713",71.2679280047815,-0.395446500715791,0.26945823766719,-1.46756137106563,0.142223407368393,0.321035479953853
"ENSMUSG00000017715",655.093380635346,-0.382149593906198,0.204813236725664,-1.86584421991274,0.0620631635630505,0.192197484906251
"ENSMUSG00000017716",14040.6476206833,-0.140039230773447,0.527020140862908,-0.265718935417071,0.790455679135565,0.894056911742713
"ENSMUSG00000017718",261.769318784342,-0.642327446081432,0.308225971905924,-2.08394977914931,0.0371647356656582,0.14013726767921
"ENSMUSG00000017720",0.279225188208481,-1.69318781707895,7.26789479213718,-0.232968124264916,0.815786157932407,NA
"ENSMUSG00000017721",76.8302217291007,0.134532283008163,0.50932387987766,0.264138966035674,0.791672839218297,0.894568588897218
"ENSMUSG00000017723",1.31499344860414,1.6247956511597,4.42215882577315,0.36742136932986,0.713304734168079,NA
"ENSMUSG00000017724",5.06257947404579,3.4357156423602,2.16329702748872,1.58818488571058,0.112244537812277,NA
"ENSMUSG00000017733",0.0380762098104571,-1.67431590235222,7.3501929692546,-0.227792101425878,0.819807867435575,NA
"ENSMUSG00000017734",48.3982306338977,1.52145487695657,1.04389505947678,1.45747876009602,0.144984270209573,NA
"ENSMUSG00000017737",14.7468756687382,0,2.40407185554661,0,1,NA
"ENSMUSG00000017740",7.57599281303828,1.44621184219116,1.3819920473819,1.04646900460167,0.295344548115261,NA
"ENSMUSG00000017747",137.886547967286,0.553391887626594,0.35921353564788,1.54056524242187,0.123422632672368,0.294094369754391
"ENSMUSG00000017754",28.8650832598169,0.689509398572065,0.780402843718072,0.88353009490206,0.376949929734117,NA
"ENSMUSG00000017756",451.855931875034,0.506356892062342,0.292012122959496,1.73402695384868,0.0829133008120035,0.228681387127154
"ENSMUSG00000017760",2637.82882052415,0.115217815366639,0.276368228927007,0.416899640794348,0.676751816298748,0.822020713258055
"ENSMUSG00000017764",106.271095512373,0.0767836044239887,0.350069988410134,0.219337866615492,0.826386866684244,0.914353500914904
"ENSMUSG00000017765",98.2464239401182,0.699775017670712,0.407723398173878,1.71629840427329,0.0861074402418812,0.234234767527444
"ENSMUSG00000017767",5.96684327270788,-0.726619642150512,1.43321259652869,-0.506986642393753,0.612164191010786,NA
"ENSMUSG00000017774",398.690298269004,0.481747240743842,0.394762352489534,1.22034747666728,0.222333179164861,0.42484952900553
"ENSMUSG00000017776",698.470756636826,-0.225996755724611,0.199142710003402,-1.13484824888017,0.256438906332857,0.466145382328116
"ENSMUSG00000017778",10227.6226619105,-0.576264891284463,0.234397501405836,-2.45849417262652,0.0139521040823482,0.0767482186165901
"ENSMUSG00000017781",4834.78735966198,-0.72119010625764,0.239657230981123,-3.00925660913792,0.00261887818754041,0.0306725247438826
"ENSMUSG00000017801",1104.62847340729,-0.805416794154868,0.263507333096668,-3.056525162658,0.00223918685287745,0.0285236624235742
"ENSMUSG00000017802",108.053617742691,-0.0388332216001336,0.293818561099421,-0.132167353399411,0.89485192276722,0.953190868163143
"ENSMUSG00000017817",0.277297955757812,1.16031269053806,7.3557216575314,0.157742876166342,0.874659413134886,NA
"ENSMUSG00000017830",127.030733989634,0.105012080079703,0.352642771654047,0.297785999092369,0.765866501151137,0.877054827392486
"ENSMUSG00000017831",1040.56372915054,-0.288384959788318,0.184222774855826,-1.56541426549464,0.117485805653513,0.285483576422068
"ENSMUSG00000017832",5.18081364650731,1.36290360191038,1.56086982777211,0.873169291673545,0.3825708100923,NA
"ENSMUSG00000017837",219.995915124077,-0.35464929421072,0.285841027340347,-1.24072215073746,0.214708408540952,0.415460708650057
"ENSMUSG00000017843",3181.64625166073,-0.467431425352817,0.18191764827205,-2.56946717260656,0.0101855041583388,0.0634827923109575
"ENSMUSG00000017858",686.166062395433,-0.110234529432728,0.237480016083017,-0.464184444867953,0.642515604774544,0.796996706386795
"ENSMUSG00000017861",311.68465498621,0.8325792626104,0.482273333236533,1.72636387963433,0.0842819697258789,0.230975123576466
"ENSMUSG00000017868",1.28140086298489,0.554479597870896,3.59338471243929,0.154305659494638,0.877368735131429,NA
"ENSMUSG00000017897",75.0863313981673,0.0308042131408775,0.397057830097436,0.0775811753499945,0.938161217136214,0.975975966258838
"ENSMUSG00000017922",0.0458889004883165,0,7.3561311249555,0,1,NA
"ENSMUSG00000017929",698.245285002686,0.533720028551226,0.221508561799493,2.40947809969685,0.0159753548293627,0.0832014660106692
"ENSMUSG00000017943",1.04985069308895,-3.79193088776258,4.80668394590989,-0.788887085240795,0.430178004627895,NA
"ENSMUSG00000017950",1.23224240621408,0.0176481228449255,5.7373371887519,0.00307601283737076,0.997545700718602,NA
"ENSMUSG00000017969",0.62629943736556,-3.63475578652064,7.24932481840888,-0.501392319639281,0.616095044000678,NA
"ENSMUSG00000017978",2.12223774936258,0.797277248359658,2.31705392579898,0.344090933526607,0.730777901073567,NA
"ENSMUSG00000017999",918.125155136761,0.16529132986109,0.234244619271576,0.705635546187108,0.480414812867846,0.674220074910713
"ENSMUSG00000018001",108.940516833239,-0.182794689968166,0.332201804288879,-0.550251948087584,0.58214657745426,0.753582271930628
"ENSMUSG00000018008",1134.84844340417,-0.196228494688659,0.165815611248332,-1.18341387286375,0.23664516189129,0.441564395536628
"ENSMUSG00000018012",5.98756723281849,-1.29060010159582,1.56833095526149,-0.822913108528575,0.410557407722348,NA
"ENSMUSG00000018040",405.780592609625,-0.344285147684137,0.283566591894695,-1.21412450382022,0.224700184155207,0.427228567104101
"ENSMUSG00000018042",657.783129016064,0.179531900616923,0.274511351493726,0.654005379522627,0.513108339796927,0.701823154682804
"ENSMUSG00000018068",351.75532419931,0.438366979227003,0.318994568233758,1.37421455686283,0.169375082856802,0.357597756095576
"ENSMUSG00000018076",533.912284924196,0.588495344125395,0.257654032014777,2.2840525316974,0.0223684438284619,0.101705913826274
"ENSMUSG00000018102",390.43138900257,0.0195758572127852,0.377391696108028,0.0518714572012777,0.958631117501418,0.98665750091066
"ENSMUSG00000018126",1.48642375180021,0.420342189784548,2.57255627272948,0.163394750288034,0.870207636003138,NA
"ENSMUSG00000018143",166.054020450376,-0.192873238668865,0.260820780287826,-0.739485705303164,0.459612116704948,0.657491428889785
"ENSMUSG00000018160",971.871709900297,0.262524494599071,0.144849409286537,1.81239603179708,0.06992502555768,0.205626501192035
"ENSMUSG00000018166",59.6090755519593,0.739531682129716,0.538273974957781,1.37389455283942,0.169474420964441,NA
"ENSMUSG00000018167",216.368400698113,-0.203620130653269,0.272782700871959,-0.746455438715103,0.455392340556421,0.6540103568793
"ENSMUSG00000018168",1248.22786995693,-0.282461439414992,0.175695445011,-1.60767650747751,0.107906046335984,0.270517694149431
"ENSMUSG00000018169",439.594866011805,-0.233915594127501,0.215489536944061,-1.08550789724989,0.277696767887298,0.488266195404827
"ENSMUSG00000018171",3634.42920588288,-0.108638283420513,0.264079029569939,-0.411385499247833,0.680789885051769,0.824807943833403
"ENSMUSG00000018189",15445.9497065689,0.145180644100691,0.275139778824828,0.527661411667858,0.597734360742032,0.765648675195106
"ENSMUSG00000018196",1410.60047319935,-0.497557556104151,0.268213528126576,-1.85508001620762,0.0635848010378829,0.194836615353568
"ENSMUSG00000018199",55.8682140515884,0.16754140926155,0.451941992868345,0.37071441004677,0.710850256265964,NA
"ENSMUSG00000018209",2966.23652722383,0.561592072147413,0.268212462941805,2.09383287408708,0.0362748705967902,0.13855374646417
"ENSMUSG00000018211",0.165095070969158,-1.71781562577712,7.351296356891,-0.233675197187073,0.815237144486615,NA
"ENSMUSG00000018217",0.642776107953743,-3.86139145983329,7.21956036762419,-0.534851329334337,0.592752665932834,NA
"ENSMUSG00000018238",2.85761134721349,-2.9286939762959,2.01284200114992,-1.45500440403308,0.145668042275489,NA
"ENSMUSG00000018239",933.536335382734,-0.941633434511512,0.29658237837313,-3.17494734406251,0.00149863693431771,0.0238425960443467
"ENSMUSG00000018259",0.078700336004255,-1.67219200820258,7.35013912924752,-0.22750481028973,0.820031229228728,NA
"ENSMUSG00000018263",4.26066480997208,0.089994493738645,1.25823742148541,0.0715242546453611,0.942980521573289,NA
"ENSMUSG00000018286",10936.3143658339,-0.582729598516897,0.228351480729347,-2.55189761264379,0.0107137998235241,0.0655356028836649
"ENSMUSG00000018287",2260.13401382182,-0.541010167722898,0.242362575987205,-2.23223476446074,0.0255994508794205,0.110647386070429
"ENSMUSG00000018293",65931.4666885138,-1.18071094570335,0.339047660305924,-3.48243354529564,0.00049687853022292,0.014131291757371
"ENSMUSG00000018322",1476.63012879166,-0.381903592851745,0.158523034288969,-2.40913627829997,0.0159903258514913,0.0832355824339081
"ENSMUSG00000018326",4921.82011634563,-0.411113975435303,0.155634470775206,-2.64153547339204,0.00825311639984626,0.0556634627826466
"ENSMUSG00000018334",150.705823100358,0.22501096549953,0.384752351456114,0.584820247746284,0.558668588294997,0.736816410313014
"ENSMUSG00000018339",5.51269172726089,-0.183039482677884,1.29592147322804,-0.141242726862104,0.887678193230271,NA
"ENSMUSG00000018340",6646.45745922284,0.0851905083801402,0.148242337176452,0.57467056984361,0.565514114974393,0.742009382790533
"ENSMUSG00000018341",283.32915269885,0.927575335306266,0.599291909787409,1.54778551179727,0.121673945850307,0.291297448891867
"ENSMUSG00000018347",165.011552872956,-0.298574532867239,0.252984675819463,-1.18020797860622,0.237917506511545,0.443167705264196
"ENSMUSG00000018362",6193.56044001187,-0.137189691074429,0.303974381954735,-0.451319911211655,0.651758996280349,0.802693947177707
"ENSMUSG00000018363",300.98796728647,0.352206271070853,0.284738957248495,1.23694444369085,0.2161077086931,0.416905679241081
"ENSMUSG00000018372",179.93979377335,0.288145439333448,0.380307745719357,0.75766387242105,0.448652232108038,0.649330499910389
"ENSMUSG00000018377",335.625851766066,-0.130365218560456,0.154786620162058,-0.842225370797336,0.399661815168619,0.605275970993088
"ENSMUSG00000018378",12.9494189627638,-0.0349559909671827,0.660946453985763,-0.0528877804796206,0.957821320535348,NA
"ENSMUSG00000018379",1553.56108208127,0.269366226938218,0.228077903931516,1.18102728188479,0.237591885558958,0.4429522942962
"ENSMUSG00000018381",194.064839125823,-0.312133060514832,0.417485865659461,-0.747649408493834,0.454671654263965,0.653925288426454
"ENSMUSG00000018387",52.9723204971355,-0.662155957732552,0.646006966160393,-1.02499816939768,0.305364051428347,NA
"ENSMUSG00000018395",43.3113572584412,0.0150857056097022,0.605048807177636,0.0249330391709594,0.980108373972526,NA
"ENSMUSG00000018398",20.9931392939873,0.960331433700964,0.673085387006152,1.42676018858836,0.15364903010987,NA
"ENSMUSG00000018401",199.449776380402,0.0136441724309199,0.24867995023882,0.0548663952112615,0.956244904270856,0.985660154193682
"ENSMUSG00000018405",146.541682899595,-0.26607125887278,0.312081340880725,-0.852570224550754,0.393897680447626,0.600789066884951
"ENSMUSG00000018411",2.55619212705831,0.214986193883187,2.45021670223086,0.0877417061468269,0.930081970719597,NA
"ENSMUSG00000018412",535.276411545648,-0.0770348898444086,0.197314615548917,-0.390416541775692,0.696228557902102,0.834937711071772
"ENSMUSG00000018415",180.544044422391,0.026673218242702,0.248234236655812,0.107451810846244,0.914430553279411,0.962532852642634
"ENSMUSG00000018417",15.5855519626254,2.10076752423305,0.952595481642726,2.2053091419354,0.0274324087725356,NA
"ENSMUSG00000018425",489.658679369473,-0.0726554065809238,0.208970177364243,-0.347683135925576,0.728078163023998,0.851822570707731
"ENSMUSG00000018427",17.1575346592861,0.494363472802915,0.719640026039455,0.686959389298631,0.492108320166794,NA
"ENSMUSG00000018428",62.146171044683,1.51337617877895,0.535814198681439,2.82444209672524,0.00473630052814013,NA
"ENSMUSG00000018433",698.078881275953,0.279963628051809,0.185057364613917,1.51284780606216,0.130318322313068,0.304898607352587
"ENSMUSG00000018442",2157.55171279756,-0.389065786107297,0.260737123006915,-1.49217641746004,0.135652902890225,0.312564969166388
"ENSMUSG00000018446",1915.92807823462,-0.501345200110944,0.221375018272817,-2.26468733474298,0.0235318732405947,0.104874917485698
"ENSMUSG00000018449",1178.69848615841,-0.640202677921884,0.255809184046081,-2.50265712823883,0.0123264895812284,0.0711351843141415
"ENSMUSG00000018459",1.09899386896366,-3.00827027042364,4.55022179481798,-0.661126073865149,0.508531465274866,NA
"ENSMUSG00000018470",4.85096766170114,-0.21755356318583,1.57208249122186,-0.138385590069604,0.889935684900063,NA
"ENSMUSG00000018474",776.949022290131,0.0682991680848993,0.225971094676241,0.302247365676369,0.76246349904001,0.875445034164855
"ENSMUSG00000018476",272.250993120421,0.295302364271679,0.281348369367456,1.04959685721867,0.293903502632912,0.50550413222491
"ENSMUSG00000018479",0.594407691983798,-0.570726614480433,6.17674683437107,-0.0923992240226802,0.926380855932574,NA
"ENSMUSG00000018481",778.480798361294,0.263548106838836,0.187786722005517,1.40344377932691,0.160484545800846,0.346373565136386
"ENSMUSG00000018486",0.271391934212282,2.74458432372545,7.2610897871337,0.377985179110266,0.70544160401035,NA
"ENSMUSG00000018500",5.41219484053059,0,2.58504315168835,0,1,NA
"ENSMUSG00000018501",4035.94202021409,0.684857633182093,0.193226716012762,3.54432165134381,0.000393624713295485,0.0126855789643276
"ENSMUSG00000018507",645.579737002014,0.644035278677763,0.187904721099181,3.42745661157617,0.000609263657550376,0.0153716637031862
"ENSMUSG00000018509",503.27796184566,-0.686569584793478,0.290863837549505,-2.36045013562961,0.0182527720122695,0.0905182971764902
"ENSMUSG00000018537",1473.19995083695,-0.154571568605858,0.221958032426741,-0.696399976679715,0.486178377650098,0.678508155170297
"ENSMUSG00000018541",475.788308752195,0.529766572393126,0.203206041680399,2.60704144430085,0.00913283054881891,0.0593165779871766
"ENSMUSG00000018543",0.611424499562964,3.15915861847654,6.9131997934474,0.456974876014853,0.647689103937564,NA
"ENSMUSG00000018547",164.875998108077,0.80284247046672,0.424386970328946,1.89176983884408,0.0585216535392527,0.184434580246026
"ENSMUSG00000018548",308.493436698821,0.795874500062821,0.252129501999494,3.15660997126952,0.00159614687029856,0.0245626492058591
"ENSMUSG00000018554",0.283132121994494,0,7.3561311249555,0,1,NA
"ENSMUSG00000018559",492.342436221159,-0.551225025056524,0.25739482412653,-2.1415544268503,0.0322293543275168,0.128462567551413
"ENSMUSG00000018565",1217.50565774687,-0.337210162543452,0.239004129754285,-1.41089680287169,0.158275045024949,0.343921235516923
"ENSMUSG00000018566",0.554075726861389,0,7.3561311249555,0,1,NA
"ENSMUSG00000018567",4100.92012905266,-0.792924592274965,0.266843367537262,-2.97149822232041,0.00296350589580999,0.0325491730889797
"ENSMUSG00000018569",2.37102890692601,1.37166801132592,2.76781386763738,0.495578126608919,0.620192088387673,NA
"ENSMUSG00000018570",18.9936459420348,-0.0876912740095751,0.739297901106257,-0.118614260744359,0.905580966678125,NA
"ENSMUSG00000018572",418.182454051747,-0.337683983249327,0.227201425103584,-1.48627581493106,0.137206181098641,0.314782846222831
"ENSMUSG00000018574",426.131836764987,0.0711388858839293,0.264400838697047,0.269056960010028,0.787885850412986,0.892555867252992
"ENSMUSG00000018581",8.85457530971069,-1.62611063456705,1.12797607963771,-1.44161801293634,0.149410164032491,NA
"ENSMUSG00000018583",2196.53463143821,-0.0920129797090818,0.168659533264575,-0.545554573335275,0.585372157527482,0.755503822582472
"ENSMUSG00000018585",6338.11205017611,-0.837839029095126,0.223158542959141,-3.75445644152879,0.000173718050313407,0.00889742449403122
"ENSMUSG00000018589",0.64626939498805,1.3470871633551,3.95540571227877,0.340568644873353,0.733428337491959,NA
"ENSMUSG00000018593",3.89297612109567,-0.495484356895412,1.42498200824967,-0.347712710775924,0.728055949838051,NA
"ENSMUSG00000018595",0.482398676441587,-1.61641612848633,5.60852171733171,-0.28820716223514,0.773188166620958,NA
"ENSMUSG00000018599",114.409808842282,0.126510426084416,0.298915532582122,0.423231355666202,0.672126471720653,0.819231833903656
"ENSMUSG00000018604",0.554538209557877,-1.70346841164017,7.05192058136248,-0.241560918332273,0.809120407966002,NA
"ENSMUSG00000018620",0.283048645178762,0,7.3561311249555,0,1,NA
"ENSMUSG00000018623",0,NA,NA,NA,NA,NA
"ENSMUSG00000018634",0.161708112534902,-0.229383420138451,7.34986711136728,-0.0312091928551588,0.975102708648567,NA
"ENSMUSG00000018648",186.817448017493,2.64936848361761,1.79359397169127,1.47712833865035,0.139641238471467,0.317834133615115
"ENSMUSG00000018651",183.45619346224,0.181331983548553,0.275700955631652,0.657712568072562,0.510722844891397,0.700224379162657
"ENSMUSG00000018654",3796.42744310897,0.276017092866169,0.103760778213143,2.66012936313162,0.00781106440641934,0.0538021684836791
"ENSMUSG00000018656",0.297588847754454,-0.773765469343172,7.27739009776898,-0.106324583256899,0.915324827522701,NA
"ENSMUSG00000018659",195.973465246449,-0.163739447934443,0.248323447303612,-0.659379731202941,0.509651954414461,0.699515352594688
"ENSMUSG00000018661",122.759108428901,-0.27187123341002,0.350761433048864,-0.775088729245059,0.438287231035921,0.639886522364137
"ENSMUSG00000018666",1985.36779104246,-0.169678208400381,0.167064840146665,-1.0156428381425,0.309799497543562,0.521368645240151
"ENSMUSG00000018669",694.14355153699,0.0269840608258651,0.192205042391371,0.14039205470437,0.888350235110144,0.950258854459882
"ENSMUSG00000018672",11.3943095114699,2.66900504294314,1.81025189505238,1.47438323375759,0.140378436102581,NA
"ENSMUSG00000018677",711.338605530963,-0.444526822880108,0.269862876999972,-1.64723220852697,0.0995103259238224,0.257165901112937
"ENSMUSG00000018678",282.858663819737,-0.541796307769571,0.261488299031832,-2.07197151756154,0.0382680974945092,0.142637550344389
"ENSMUSG00000018697",380.929896054485,0.310042295037627,0.227830572060474,1.3608458787319,0.173562399864681,0.363401204986296
"ENSMUSG00000018698",0.459000149527172,-3.36239489321093,7.25738220642211,-0.463306850538411,0.643144436099491,NA
"ENSMUSG00000018707",903.751228169935,0.929139439302126,0.23638313246193,3.93065033712491,8.47164019503065e-05,0.00709679350236254
"ENSMUSG00000018727",1.60002785861806,1.09796254309166,2.23372029083539,0.491539852861808,0.623044672260404,NA
"ENSMUSG00000018733",153.095697105901,-0.358169782387116,0.327044961403201,-1.09516985325312,0.273442230376664,0.483695859313964
"ENSMUSG00000018736",533.894344209483,0.134220852128111,0.204879683174293,0.655120361612077,0.51239026340238,0.701132025710483
"ENSMUSG00000018740",72.6139146516913,-1.45532744697834,0.484459588364532,-3.00402238273645,0.00266435723088556,0.0309849073262397
"ENSMUSG00000018750",152.180465606036,-0.298525156451448,0.329233551632401,-0.906727625332549,0.364550850942124,0.573969533314632
"ENSMUSG00000018752",1.77253122312463,-0.641886873473213,3.19299605678252,-0.201029648035338,0.840675391489942,NA
"ENSMUSG00000018761",540.653049963831,-0.210057357287861,0.21930207690689,-0.957844815017623,0.33814101716613,0.546610622189239
"ENSMUSG00000018765",204.127582159042,0.0223430051387093,0.291651234900121,0.0766086423270619,0.938934883578323,0.976472522269514
"ENSMUSG00000018770",14560.1247981002,-0.695191338739699,0.218424022920386,-3.1827604374501,0.00145878256586729,0.0237942384229693
"ENSMUSG00000018774",500.1306795892,0.648526409037719,0.462830489618439,1.40121799143434,0.161148895809301,0.347427881150478
"ENSMUSG00000018776",0.498350897010506,2.74091159740281,7.26114859829557,0.377476312500504,0.705819664534201,NA
"ENSMUSG00000018796",67.588757671701,0.860607157897006,0.450176973675057,1.91170852403082,0.0559135903939146,0.179741736924828
"ENSMUSG00000018800",5.10485764548083,0.15481364838981,1.54033684802967,0.1005063591044,0.919942334567934,NA
"ENSMUSG00000018809",217.599469573123,0.423724306610072,0.286151480476082,1.48076922721177,0.138668079362445,0.316617231192861
"ENSMUSG00000018819",27102.9032289095,-0.439870128858567,0.259540970775314,-1.69480035288673,0.0901133005340459,0.241466515526984
"ENSMUSG00000018820",229.248483833337,0.452109297143466,0.283884438829441,1.59258217536571,0.111253954835725,0.276040497879302
"ENSMUSG00000018821",253.262218428465,-0.819010389960007,0.287262410619446,-2.85108792408277,0.00435699197524556,0.039491423603902
"ENSMUSG00000018822",0.20555944873663,0,7.3561311249555,0,1,NA
"ENSMUSG00000018830",1.15046924409166,-1.82517388859484,3.21710369072606,-0.567334492157111,0.570486947067802,NA
"ENSMUSG00000018841",188.013547786882,0.0632462697450457,0.358064543869767,0.176633712630451,0.859796111576307,0.933349941020403
"ENSMUSG00000018844",0.992339372167863,-0.537648014011017,3.34112164789375,-0.160918419223063,0.872157654923073,NA
"ENSMUSG00000018845",0.649476340149779,-2.42728389340312,7.27594284268908,-0.333604035364581,0.738678372771317,NA
"ENSMUSG00000018846",274.982037424977,0.102537661423736,0.259588393322511,0.395000947890394,0.692842188424286,0.832977989853328
"ENSMUSG00000018848",1341.68645506564,-0.464942491199216,0.223751216867995,-2.07794396699757,0.0377145203285476,0.141305737769502
"ENSMUSG00000018849",3.22337509169961,2.8138203718623,2.03943493141209,1.37970588250836,0.167677220976989,NA
"ENSMUSG00000018858",3774.51084450989,-0.65525348315502,0.216118291464865,-3.03192052238459,0.00243003177001389,0.0299512020531013
"ENSMUSG00000018861",216.830495469583,0.161355555784212,0.237728227079259,0.678739574877728,0.497302886116493,0.687722304037707
"ENSMUSG00000018862",0.727994191571661,-0.122168374274621,4.85278371043823,-0.0251749061083928,0.979915452635863,NA
"ENSMUSG00000018865",0.977704686030201,-1.68356438587408,3.37423242580479,-0.498947367406835,0.617816463275435,NA
"ENSMUSG00000018868",0.204474919724021,-1.67285348889595,7.3501558972014,-0.227594286746067,0.819961661918142,NA
"ENSMUSG00000018882",1183.24089689481,-0.404795534345872,0.223373164289369,-1.81219411755961,0.0699562076813911,0.205626501192035
"ENSMUSG00000018893",0.0740074688863458,0,7.3561311249555,0,1,NA
"ENSMUSG00000018899",2442.79593342122,-0.213370689715601,0.230421856992417,-0.92600021760359,0.354445867164142,0.563567218420065
"ENSMUSG00000018900",117.419870412991,0.71380830972377,0.268555607336145,2.65795347490292,0.00786167452114234,0.0540046231004114
"ENSMUSG00000018906",26.0043355653253,-0.274207550328027,0.750471688637473,-0.36538027280665,0.714827564846006,NA
"ENSMUSG00000018907",0.154789901227374,-3.13753831142639,7.26776837638981,-0.431705875715446,0.665955196401352,NA
"ENSMUSG00000018909",77.1662009165442,0.475823264873771,0.549877466938786,0.865325992575617,0.386859888293629,0.595618466255399
"ENSMUSG00000018914",15.4619465011067,0,2.98049805606094,0,1,NA
"ENSMUSG00000018916",44.3087458125977,2.01898758211018,1.64811662264434,1.22502713362043,0.220564997372708,NA
"ENSMUSG00000018919",54.9126833552897,0.938892272690604,1.03192740460841,0.909843336360359,0.362905136329713,NA
"ENSMUSG00000018920",10.3895066951095,-0.141961189379791,1.00319475297394,-0.141509102752931,0.887467769448757,NA
"ENSMUSG00000018921",193.039695568859,-0.0445210428642478,0.321049501750543,-0.138673452603084,0.889708197129379,0.951061263255568
"ENSMUSG00000018923",1833.43659626461,-0.659626398241744,0.219632685903671,-3.00331617549425,0.00267054827025412,0.0310204108712832
"ENSMUSG00000018924",0.6216364390419,0,7.07206544178808,0,1,NA
"ENSMUSG00000018925",55.1760536939877,2.15154435045117,1.80635122108892,1.19109967393504,0.233614457871458,NA
"ENSMUSG00000018927",417.823156117492,1.89072642105016,1.66588305428934,1.13496947830875,0.256388106938246,0.466138759809556
"ENSMUSG00000018930",4585.03367479782,-0.897086096780083,0.542983941996138,-1.6521411176216,0.0985057865826444,0.255773496288269
"ENSMUSG00000018931",93.7542867870168,-0.365680933802985,0.357093816230005,-1.02404723123922,0.30581296676044,0.516833847910233
"ENSMUSG00000018932",810.054050982685,-0.320364828972311,0.200922593769303,-1.5944689094555,0.110831048947831,0.27506472354184
"ENSMUSG00000018965",8159.46245993475,-0.726218527432792,0.252477516189101,-2.87636910563104,0.00402279001481756,0.0379034708172975
"ENSMUSG00000018973",1.43689274029168,1.51769290136592,2.06761942881138,0.73402913525455,0.462930981277244,NA
"ENSMUSG00000018974",252.853523766454,-0.125542611281803,0.264799897824283,-0.474103699862873,0.635425960355207,0.792178789016424
"ENSMUSG00000018983",893.268296185238,0.0228844980510747,0.23413950688546,0.0977387300224804,0.922139760662672,0.967608623691902
"ENSMUSG00000018986",115.405092015755,-0.0264823530322678,0.484667250245731,-0.0546402774663257,0.956425049893806,0.985743052674411
"ENSMUSG00000018995",144.738202428466,0.263684374653029,0.531399432857142,0.496207482261119,0.619748032547857,0.780905898055228
"ENSMUSG00000018999",314.549037135667,-0.160315703884613,0.269520670640742,-0.594817842740922,0.551965239363829,0.731783314258509
"ENSMUSG00000019027",2.83374335572794,0.655678999881573,1.98489584481618,0.330334209522362,0.741147446881191,NA
"ENSMUSG00000019039",470.578025528045,0.19535011602993,0.218049912448292,0.895896328673167,0.370308135153932,0.579834613653828
"ENSMUSG00000019054",5774.95303698873,-0.703550768568761,0.217973851467702,-3.22768425584758,0.00124796639889232,0.0219114526697169
"ENSMUSG00000019055",34.7143830229525,-0.924703940145374,0.601130410098383,-1.53827509740197,0.12398136590622,NA
"ENSMUSG00000019066",109.315083494685,0.117934849073437,0.308389458300869,0.382421791338854,0.702148529354212,0.837747521142593
"ENSMUSG00000019080",109.706307028706,-0.77325098715859,0.32879972154668,-2.35173857058395,0.0186859026887942,0.0918955960590701
"ENSMUSG00000019082",89.4937503649628,-0.0811893573445396,0.392465252283261,-0.206870179900516,0.836111245736524,0.920271647267068
"ENSMUSG00000019087",711.268554528106,0.498878087198709,0.162497763118178,3.07006125884882,0.00214014869671831,0.0281260548141055
"ENSMUSG00000019088",190.530158143424,-0.319481527840891,0.347524140200659,-0.919307440503051,0.357934787140166,0.567198680808037
"ENSMUSG00000019102",0.285524189840348,-2.54335923994125,7.29505438987904,-0.348641573319843,0.727358412724849,NA
"ENSMUSG00000019122",158.682436621535,0.652766961966913,0.672202374908018,0.971086961804077,0.331504975880973,0.540568572514585
"ENSMUSG00000019124",5.7715164569888,0.685185971180771,1.1935526737181,0.574072670832627,0.565918626051164,NA
"ENSMUSG00000019132",2610.0132373209,-0.247110707025752,0.186047619603732,-1.32821214026861,0.184108034900929,0.377495939638183
"ENSMUSG00000019139",574.862873368946,-0.12316605062419,0.219722632794424,-0.560552406721916,0.575102704018839,0.748800082880167
"ENSMUSG00000019143",346.651563945625,0.636232369074144,0.265317813727268,2.39800094888523,0.0164848225382884,0.0846506341771328
"ENSMUSG00000019146",0.601083905944432,0.762814956977641,4.17422518975917,0.182744083584444,0.854998824451608,NA
"ENSMUSG00000019158",3576.9467673345,-0.566100209307635,0.271468143751979,-2.08532832428707,0.0370395080635684,0.139921722380848
"ENSMUSG00000019173",642.71551614148,-0.611317078653958,0.28279684149987,-2.16168283709151,0.0306426314456346,0.124507363256337
"ENSMUSG00000019178",5.27557354059417,-1.25508880612603,0.967801150856002,-1.29684574668662,0.194684266804204,NA
"ENSMUSG00000019179",6991.18838675765,-0.558561629166609,0.262827706229001,-2.12520071487416,0.0335698684235715,0.131614806204181
"ENSMUSG00000019188",1770.83401150074,-0.220298151462661,0.169977864215796,-1.29604023723337,0.194961622667998,0.391070200870172
"ENSMUSG00000019189",577.82690095445,0.249614159682914,0.179527353180596,1.3903962558386,0.164408582808082,0.351248779409672
"ENSMUSG00000019194",0.802455872987297,1.90669503154258,4.48687199758696,0.424949727241607,0.670873323155236,NA
"ENSMUSG00000019210",2379.29265633097,-0.851203003054196,0.284241589606484,-2.99464622412447,0.00274763321762255,0.0312422923155765
"ENSMUSG00000019214",105.427955877568,0.308526784185402,0.543830442690804,0.567321650216656,0.570495670340613,0.745354176753497
"ENSMUSG00000019230",1.91407944801149,1.6161883456876,2.1459851689766,0.753121861722067,0.451376688409216,NA
"ENSMUSG00000019232",1.89685452614025,-4.26631183705806,2.69426153419354,-1.58348095866464,0.113311883303751,NA
"ENSMUSG00000019235",49.566201867568,0.593553387638022,0.427278196098161,1.38914972272927,0.164787226520907,NA
"ENSMUSG00000019254",572.087483042845,0.197633698415103,0.251952869340478,0.784407412911933,0.432801090095486,0.635235102795879
"ENSMUSG00000019256",33.3926970842735,0.662791519896361,0.620234521275828,1.06861436627712,0.285243472371173,NA
"ENSMUSG00000019261",235.354047865721,0.209435930370323,0.254146989696941,0.82407401567127,0.409897503435935,0.614412315222127
"ENSMUSG00000019278",1.13985579089546,-0.05028461757293,3.00693743601656,-0.0167228679155841,0.986657703752486,NA
"ENSMUSG00000019295",248.397287268259,-0.065988180952334,0.316463174151716,-0.208517724468941,0.834824744660121,0.919384400174623
"ENSMUSG00000019297",344.249556580906,0.0172659775172303,0.186774476258206,0.0924429175930921,0.926346142081239,0.969362939904036
"ENSMUSG00000019301",2.78060302068344,-1.01687845748486,2.22646198679544,-0.456723925005547,0.647869492047488,NA
"ENSMUSG00000019302",17.6401397370796,-1.41781642156822,0.935845384808674,-1.51501139459921,0.12976951853322,NA
"ENSMUSG00000019303",593.237155913938,-1.0720019467952,0.321979516626259,-3.32941038618783,0.000870300655423898,0.0185013891715607
"ENSMUSG00000019312",23.8424091047932,-2.67261428096882,1.23479539638278,-2.16441872782973,0.0304322278029141,NA
"ENSMUSG00000019320",11.8350877268334,1.0532135753222,0.942714619198139,1.11721358073141,0.263903015239194,NA
"ENSMUSG00000019326",3.7943566570651,0.137598347059709,1.30753428386639,0.105234982177927,0.916189353058456,NA
"ENSMUSG00000019338",83.8169026754886,-0.27882780543646,0.403441875549367,-0.691122618485698,0.48948848727085,0.680629300418112
"ENSMUSG00000019359",0.594083125741091,3.84960695030775,6.05766674856673,0.635493352488989,0.525106700861239,NA
"ENSMUSG00000019362",6796.48916113946,-0.694188133482486,0.191513624417751,-3.62474542264547,0.000289246231949568,0.0111516239954261
"ENSMUSG00000019368",7.75780520456822,0.251599500205217,1.17478336121586,0.214166720870834,0.830417046866129,NA
"ENSMUSG00000019370",4877.31211508746,-0.426722852205665,0.228669087854289,-1.86611516322477,0.0620252549566328,0.192175699903156
"ENSMUSG00000019373",2096.8761673782,-0.137877028317083,0.20994183602165,-0.656739175620358,0.511348640018748,0.700224379162657
"ENSMUSG00000019428",1310.2606740538,-0.12463559764315,0.159217211588737,-0.782802288769428,0.433743223332102,0.6355948255801
"ENSMUSG00000019429",0.371451331343603,0,7.3561311249555,0,1,NA
"ENSMUSG00000019432",1977.63959534877,-0.226679969123627,0.136845013866903,-1.65647225805464,0.0976262185966968,0.254023472184351
"ENSMUSG00000019433",293.977798831351,-0.433631929097886,0.373010255642424,-1.1625201252203,0.24502425469684,0.451372485590433
"ENSMUSG00000019437",106.687077803695,-0.273828694784911,0.407700383344707,-0.67164198507361,0.501811642967758,0.692117774624849
"ENSMUSG00000019461",98.783667993596,-0.262816169226983,0.331514101768452,-0.792775232863395,0.427908788837565,0.630676779940152
"ENSMUSG00000019464",15.3696781443488,2.59017688090997,0.996349299783153,2.59966748757057,0.00933141296525944,NA
"ENSMUSG00000019467",23.9958726374518,-4.59542057352888,1.67579386948211,-2.74223498320176,0.00610226697643915,NA
"ENSMUSG00000019470",442.990406879383,-0.0659068597256998,0.210108695961414,-0.313679828548379,0.753764222565383,0.869326044950878
"ENSMUSG00000019471",2833.1585708374,-0.426166013161055,0.321859484873163,-1.32407473817028,0.185478224407398,0.378969046768732
"ENSMUSG00000019478",207.545826698011,0.150630090729423,0.470718953284413,0.32000005455147,0.748968289200015,0.865759221672027
"ENSMUSG00000019487",57.0122407964051,1.61857192863266,0.570046626956293,2.83936760976003,0.00452030481384598,NA
"ENSMUSG00000019489",45.0507661351897,0,2.0831660331813,0,1,NA
"ENSMUSG00000019494",4307.02258193526,-0.755766355187777,0.285819521091338,-2.64420831824941,0.00818822447614285,0.0552872943624809
"ENSMUSG00000019505",56482.9279701467,-0.743044236774506,0.330010333686166,-2.25157869596026,0.0243489086050801,0.107163384488521
"ENSMUSG00000019518",107.806623730736,-0.037504074821112,0.295427536516936,-0.126948473602974,0.898981180584429,0.955008516368006
"ENSMUSG00000019528",897.028183282668,-0.383903636034819,0.268337109426983,-1.4306766472018,0.152522909109235,0.336257851801478
"ENSMUSG00000019539",485.730637113806,-0.168459642824494,0.281276610977513,-0.598910951888432,0.549232267785063,0.730830534544747
"ENSMUSG00000019558",12.1281654912114,-0.998909599992542,1.16537443722834,-0.857157637993412,0.391357770603599,NA
"ENSMUSG00000019564",98.8301519758653,0.273406369020267,0.415561737429792,0.657919977693947,0.510589552758542,0.700224379162657
"ENSMUSG00000019577",2.5864942573533,2.23290109915667,1.66058072925748,1.34465073562253,0.178738050795154,NA
"ENSMUSG00000019578",715.229512865557,-0.0744060301365782,0.21975980052402,-0.338578893679172,0.734926984837896,0.856297846373442
"ENSMUSG00000019579",1628.86092769746,-0.532642368075361,0.25060296797815,-2.12544317560438,0.0335496508595922,0.131614806204181
"ENSMUSG00000019590",10.5706697076606,3.99887891660239,1.82211535525181,2.19463543023035,0.0281897599046223,NA
"ENSMUSG00000019647",1.73450572467782,-0.815734601016069,3.35478060754052,-0.243155871111973,0.807884650787225,NA
"ENSMUSG00000019659",5548.58494036663,-0.502620984293335,0.166717757202092,-3.0148017387498,0.00257147287074092,0.0304263449069336
"ENSMUSG00000019689",1523.91807055649,-0.535357718105367,0.198780420407999,-2.6932115195578,0.00707673571563578,0.0509494046242241
"ENSMUSG00000019699",81.3529115714701,0.581200129845425,0.44870594455628,1.29528065517422,0.195223430044085,0.391083914405856
"ENSMUSG00000019710",1601.02943154258,-0.568753880603281,0.198449639284659,-2.86598596325717,0.00415712677906371,0.0384407841076191
"ENSMUSG00000019715",723.01137697691,0.750688002269275,0.234608955003085,3.19974146877473,0.00137550910836197,0.0231482440042245
"ENSMUSG00000019718",12.1856260224661,0.713895833101004,0.786599462603342,0.907572235986894,0.364104268555046,NA
"ENSMUSG00000019726",916.132339727869,0.727015837942325,0.321694665998348,2.25995614719349,0.0238239726466046,0.105890274105974
"ENSMUSG00000019731",356.730262272733,0.271163305132283,0.169623403308316,1.59861964707431,0.109905141501248,0.27400058606301
"ENSMUSG00000019732",15.2599066721407,0.894605651043368,1.06329322160443,0.841353666953202,0.40014983379748,NA
"ENSMUSG00000019734",47.4830757121073,0.935521943785105,0.540414237856807,1.7311200894618,0.083430347976239,NA
"ENSMUSG00000019737",3.71474982710511,-1.19115485191068,1.56454546418953,-0.761342434064534,0.446452561321017,NA
"ENSMUSG00000019738",1480.66282173706,-0.723519216117472,0.254540094705863,-2.84245677268858,0.00447673015091454,0.0399751377974619
"ENSMUSG00000019756",90.1906800626625,0.448124599240284,0.410944305717456,1.09047526150269,0.275503844868105,0.485756832525314
"ENSMUSG00000019761",133.961803518319,-0.850927471425241,0.375160674201829,-2.26816809420558,0.023318963307171,0.104349457805064
"ENSMUSG00000019762",0.240955233038,0,7.3561311249555,0,1,NA
"ENSMUSG00000019763",426.612058415045,-0.21465022815694,0.214114334696262,-1.00250283784801,0.316100796638818,0.527457186828952
"ENSMUSG00000019767",3.18149364948382,-2.03153316695245,1.89073806814734,-1.07446568151192,0.28261401813524,NA
"ENSMUSG00000019768",10.4417662225159,-0.00641067552713913,0.976469440485508,-0.00656515735295484,0.994761799937727,NA
"ENSMUSG00000019772",0.238237301302331,3.21515168606262,7.2465415881671,0.443680843743815,0.657273347162908,NA
"ENSMUSG00000019773",1620.56747098716,-0.122514170538751,0.316310689563135,-0.387322258087322,0.698517649464984,0.835836698336929
"ENSMUSG00000019774",283.877969353604,-0.482119825553067,0.225171291059778,-2.14112475566467,0.0322639788192067,0.128496950293255
"ENSMUSG00000019775",2.45609282253677,0.233066631291253,1.44584033638393,0.1611980420149,0.87193742319746,NA
"ENSMUSG00000019777",1524.29149847096,-0.442492072722644,0.231621427282581,-1.91041078502119,0.0560803433042239,0.179939886145167
"ENSMUSG00000019779",1.39452438619226,0.207910053795349,2.58760728967913,0.080348379997465,0.935960180890268,NA
"ENSMUSG00000019782",3970.03660293461,-0.740780513657324,0.241704272899862,-3.06482175416167,0.00217799759287253,0.0282685056413293
"ENSMUSG00000019785",1.59476226869827,0.0451820120012178,2.08853700473545,0.0216333308429653,0.982740445580288,NA
"ENSMUSG00000019787",0.962263216754123,3.69259166472337,4.31635801906937,0.85548780903015,0.392281150552973,NA
"ENSMUSG00000019789",0.306154327000415,0.578805428181343,7.19922757000344,0.0803982680854561,0.935920504315065,NA
"ENSMUSG00000019790",359.557326050399,0.403552240100136,0.218559865714021,1.846415117349,0.0648319538551604,0.197259206277301
"ENSMUSG00000019791",848.743220780849,-0.718724467989258,0.259079799163148,-2.77414321884919,0.00553473062995033,0.0444396948383739
"ENSMUSG00000019792",765.210852158829,-0.716756479191624,0.361563494174399,-1.98238066270567,0.0474366521977796,0.163213124599739
"ENSMUSG00000019794",1212.30266706634,-0.194333138252699,0.207904954207231,-0.934721055559823,0.349932072929608,0.55863671526311
"ENSMUSG00000019795",2163.94471737128,-0.655503611083826,0.227896578246864,-2.87632054911226,0.0040234089574554,0.0379034708172975
"ENSMUSG00000019796",11.0388542069757,1.03073212059856,1.03873787307609,0.992292807757338,0.32105471075991,NA
"ENSMUSG00000019797",596.115759464761,-0.486035140179525,0.246583387506907,-1.97107820236232,0.0487149315654518,0.165822003624136
"ENSMUSG00000019802",879.000268288989,-0.174156163489067,0.200244619337958,-0.869717069376727,0.384455041670792,0.593339279768272
"ENSMUSG00000019803",0.651756584130244,0.305948112016008,6.76644870741923,0.0452154631247768,0.963935569064496,NA
"ENSMUSG00000019804",5624.35809916145,-0.898325082585329,0.243994538327984,-3.6817425862942,0.000231645232835127,0.0100872824959261
"ENSMUSG00000019806",321.220158550628,-0.474349222705883,0.262190993252679,-1.80917436110684,0.0704239194691867,0.206616477712987
"ENSMUSG00000019808",166.374927276449,-0.367026728980173,0.344554940933929,-1.06521975272023,0.286776496953562,0.498380040855478
"ENSMUSG00000019809",395.370471473891,-0.337220895570236,0.293655975717613,-1.14835359555059,0.250822622104841,0.459059733291308
"ENSMUSG00000019810",471.24086815116,0.203371953498644,0.23465760306009,0.866675321176638,0.386119930998923,0.594928650380265
"ENSMUSG00000019813",963.29692373502,0.29637468581481,0.180773855863201,1.63947759148916,0.101113833808775,0.259545636769602
"ENSMUSG00000019814",582.128289851712,-0.290225149579142,0.214122970724295,-1.35541342714153,0.175285874053283,0.366226369784707
"ENSMUSG00000019815",0,NA,NA,NA,NA,NA
"ENSMUSG00000019817",14.3853803707167,4.65437326277077,2.05865549415827,2.26088011130479,0.0237666820235213,NA
"ENSMUSG00000019818",3115.06822002115,-0.248964380208844,0.173292421381052,-1.43667206115954,0.150811197197436,0.334048036307138
"ENSMUSG00000019820",1187.66092367232,0.841102294401306,0.244772489365975,3.43626155284028,0.000589801276370923,0.0152622660128968
"ENSMUSG00000019822",227.906350472201,0.3677650015656,0.348918292620895,1.05401467719889,0.291876197470162,0.503402552752586
"ENSMUSG00000019823",694.708139818562,0.260490753316845,0.253694811315873,1.02678786359769,0.304520365367173,0.515945618584709
"ENSMUSG00000019826",294.830771757598,-0.380058398337042,0.218619837383801,-1.73844424588893,0.0821325661249816,0.227608751372426
"ENSMUSG00000019828",2.22689893147834,-1.84131425402274,2.5707162514612,-0.716265069307489,0.473827691210813,NA
"ENSMUSG00000019831",1.3422553817256,0,3.97968211691015,0,1,NA
"ENSMUSG00000019832",64.7195410440214,-1.1520691081457,0.472083147044047,-2.4403944842331,0.0146712311958174,NA
"ENSMUSG00000019834",0.115826726319446,0,7.3561311249555,0,1,NA
"ENSMUSG00000019836",0,NA,NA,NA,NA,NA
"ENSMUSG00000019837",1537.40959542103,-0.827373532515827,0.24789235770205,-3.33763226985107,0.000844954944390565,0.0182366367364645
"ENSMUSG00000019838",131.201443786464,0.740529979380339,0.35715210393559,2.07343025904136,0.0381322553110403,0.14234793948249
"ENSMUSG00000019841",515.574393736038,0.377141573740475,0.291767694505255,1.29260908881632,0.196146294537121,0.39193574317757
"ENSMUSG00000019842",413.028225977343,0.259638721985259,0.25480317611772,1.01897757296912,0.308213613829403,0.519735853412428
"ENSMUSG00000019843",2842.47593963233,-0.0354637896727115,0.169774177820813,-0.208888007162912,0.834535666543747,0.91925396298027
"ENSMUSG00000019845",337.995356294359,-0.208979951925908,0.4280090261807,-0.488260618685362,0.625365252131003,0.784782977950357
"ENSMUSG00000019846",0.730602074430243,0.470564793059628,7.11483083506962,0.066138577847863,0.94726749739326,NA
"ENSMUSG00000019848",0.190572251458736,-3.24354872705945,7.27776782126947,-0.44567906076642,0.655829092075549,NA
"ENSMUSG00000019849",529.434770594266,0.428612774085527,0.236516339565571,1.81219096690231,0.0699566943357424,0.205626501192035
"ENSMUSG00000019850",1233.95685936954,0.191706614745385,0.234358744713172,0.818004956375796,0.413354357154273,0.61799578283906
"ENSMUSG00000019851",122.612821645519,0.607913183320175,0.823057830178737,0.73860324393993,0.460147953844996,0.657998701759541
"ENSMUSG00000019852",16.7274731868561,-2.82702197941499,1.37402904303963,-2.05746886773299,0.0396411465923851,NA
"ENSMUSG00000019853",8.57569288729686,0.636927443343358,0.972515928305475,0.654927518208518,0.512514421898581,NA
"ENSMUSG00000019854",626.248958549881,0.40330845481143,0.275676910935281,1.46297509444348,0.143474193998031,0.322329931386155
"ENSMUSG00000019856",3.94420487011127,0.597122134605616,1.50267305490412,0.397373289323882,0.691092209495347,NA
"ENSMUSG00000019857",1255.56825843415,-0.923255531789766,0.307066344181913,-3.00669724729848,0.00264102650358359,0.0307860223914196
"ENSMUSG00000019861",355.132668686932,-0.399828181209331,0.183712988883556,-2.17637404757895,0.029527302745269,0.121463748496456
"ENSMUSG00000019863",382.826511752321,0.252889794488348,0.208437109460389,1.21326665459447,0.225027887426699,0.42745721463433
"ENSMUSG00000019864",93.3066406419775,0.678862434163871,0.481969704966961,1.40851681582436,0.158978091191593,0.344626848997565
"ENSMUSG00000019865",1.34436461789999,-3.92578010230966,3.14260761131102,-1.2492110335951,0.211587897451546,NA
"ENSMUSG00000019866",913.027546911736,-0.220158748597467,0.191606203892721,-1.14901680699615,0.250549050425516,0.458887681007227
"ENSMUSG00000019867",4.90972510678785,1.4203750794329,1.28174238628407,1.10815956047981,0.267792912102832,NA
"ENSMUSG00000019868",2260.8602725922,-0.739911970887487,0.341170265285177,-2.16874694595383,0.0301019011065041,0.123059260726962
"ENSMUSG00000019872",1168.61843116333,-0.0901878431861356,0.236986427508444,-0.380561216666816,0.703528864106345,0.838117261437657
"ENSMUSG00000019873",644.372828742122,-0.178057840831071,0.239662180254679,-0.742953438218146,0.457509870831886,0.655527623303841
"ENSMUSG00000019874",0.178901589459036,0,7.3561311249555,0,1,NA
"ENSMUSG00000019876",184.817932891312,0.248477354052347,0.460008137553694,0.540158605397158,0.58908765712362,0.75831898563185
"ENSMUSG00000019877",1343.70629072901,0.273609357119587,0.25617376537223,1.06806158203601,0.285492734084064,0.497197969771137
"ENSMUSG00000019878",133.913713715093,0.886151381807346,0.369230430684105,2.39999552627744,0.0163952722240986,0.0845439453169602
"ENSMUSG00000019880",0.390861969556915,-1.10868386795185,7.18214117664811,-0.154366760647452,0.877320560645275,NA
"ENSMUSG00000019883",393.095614609665,-0.414086272306101,0.344805503084572,-1.20092709832574,0.229779481573918,0.433136951822688
"ENSMUSG00000019888",5.92031331837946,-0.410767158989842,1.08643872669519,-0.378085895593342,0.705366785697101,NA
"ENSMUSG00000019889",198.759387167639,-0.0829880918304965,0.462308166171347,-0.17950816771802,0.857538704584854,0.932826781709354
"ENSMUSG00000019890",1.21581370879998,1.15186268084609,7.35612283004451,0.156585569254167,0.875571476305761,NA
"ENSMUSG00000019891",39.9087951741919,0.492793817095785,0.563882507156784,0.873929960304242,0.38215639753583,NA
"ENSMUSG00000019892",0.80002236382922,0.37171815272737,6.51128494328607,0.0570882945478614,0.954474860814568,NA
"ENSMUSG00000019893",0.776571226047473,-0.625593285845986,7.11288206869478,-0.087952152138069,0.929914705758153,NA
"ENSMUSG00000019894",0.93816099118376,-2.54646686338846,3.17810623579898,-0.801252908006795,0.422985247304392,NA
"ENSMUSG00000019897",1201.71256819765,-0.469776910915534,0.226587628025283,-2.073268143586,0.0381473316862734,0.142350461955007
"ENSMUSG00000019899",3.16842752289776,1.57199947126266,2.15584467502943,0.729180302027649,0.465891378819494,NA
"ENSMUSG00000019900",0.210175512743809,-1.74010965413484,7.35186223901881,-0.236689643734004,0.81289756980926,NA
"ENSMUSG00000019905",0.194542857331929,2.15470135718288,7.28499504667845,0.29577252192715,0.767403808926893,NA
"ENSMUSG00000019906",1.0427772014917,-1.10146790077706,3.6535093098974,-0.301482166144526,0.763046847134336,NA
"ENSMUSG00000019907",3906.75970952522,0.250146137445955,0.177816072426196,1.40676899468567,0.159495899299463,0.345113629240264
"ENSMUSG00000019909",0.150026835048764,-1.11555117807712,7.29403132260082,-0.15294027798051,0.878445372299767,NA
"ENSMUSG00000019913",1.21352516723813,2.52298994799006,3.59078117646976,0.702629824541552,0.482286470973838,NA
"ENSMUSG00000019916",452.080003521953,0.0870745418636537,0.261569284844829,0.332892839139385,0.739215175003888,0.859158378002756
"ENSMUSG00000019917",39.3796531879271,-1.2498631550111,0.785055173130756,-1.59207046560398,0.111368872361205,NA
"ENSMUSG00000019920",1615.6182241918,0.291337563051547,0.267635584940138,1.0885606378416,0.276347682718095,0.486759950760579
"ENSMUSG00000019923",2148.02118668794,-0.644948707035627,0.263553282606858,-2.44712834025937,0.014399955307644,0.0780392314781036
"ENSMUSG00000019927",782.098458916793,-0.780594319674091,0.232408109485283,-3.35872238452816,0.000783036886292465,0.0176317075649226
"ENSMUSG00000019929",2.53094069288013,0.324865164704804,2.60808655943348,0.124560729600696,0.900871319433902,NA
"ENSMUSG00000019932",0.189321586127228,2.16222509278866,7.28481014900311,0.29681282676729,0.766609412196828,NA
"ENSMUSG00000019933",0.711202311588053,-3.00672660067408,4.54293750814234,-0.661846348378136,0.508069698919507,NA
"ENSMUSG00000019935",26.0015906671831,0.691197956710876,0.655192750185462,1.05495360947633,0.291446542023008,NA
"ENSMUSG00000019936",0.248011079722471,-2.54967078119828,7.29486031389958,-0.349516052602153,0.726701921574354,NA
"ENSMUSG00000019942",4056.55383793346,-0.0753068858162974,0.43325821056767,-0.173815253766634,0.862010656100967,0.934317471004173
"ENSMUSG00000019943",2956.44986952954,0.952907436148368,0.258011942535798,3.69326871765308,0.000221389863127648,0.0098752866586023
"ENSMUSG00000019944",4.45543416222018,2.10929801937838,1.92056547775229,1.09826925653531,0.272086932262172,NA
"ENSMUSG00000019945",21.0395911415232,0.476816861438037,0.65652352545866,0.726275362493557,0.467669979923484,NA
"ENSMUSG00000019947",433.438812078754,0.625078841219005,0.261630258317016,2.38916876526415,0.0168865433477424,0.0860878939045044
"ENSMUSG00000019948",782.23163348626,-0.584484475663734,0.293320801216224,-1.99264584455051,0.0463002413700492,0.160532404750241
"ENSMUSG00000019951",671.57383772779,-0.00764739688896179,0.265082562105665,-0.0288491133789232,0.9769849303502,0.995105207265505
"ENSMUSG00000019952",168.745562774858,0.147423490232728,0.269694908513257,0.54663060213271,0.584632540471683,0.754746331796081
"ENSMUSG00000019960",139.327675617406,-0.336247064559312,0.253619360463405,-1.32579415051332,0.1849078910942,0.378351170247603
"ENSMUSG00000019961",4298.22775299218,0.158274809981689,0.194452988196664,0.813948972702925,0.415674183787462,0.620030074956853
"ENSMUSG00000019966",0.753094116368446,1.89857999190376,6.63585513106592,0.286109318905338,0.774794394315261,NA
"ENSMUSG00000019969",590.598029439176,0.287487236494055,0.194386557487322,1.47894607636541,0.139154727326298,0.317079848332401
"ENSMUSG00000019970",1328.81942004261,0.122936000555434,0.214030874961198,0.574384422704068,0.565707691685847,0.742040941124548
"ENSMUSG00000019971",80.5161059535899,0.034844038278763,0.437718747246627,0.0796037147093692,0.936552440684378,0.974671392197258
"ENSMUSG00000019975",57.6291527474731,-0.0182617240603885,0.463504307497182,-0.0393992542571991,0.968572074465918,NA
"ENSMUSG00000019977",1068.58267802169,0.591759177558472,0.269367044918561,2.19685068653213,0.0280311117276412,0.117281257109091
"ENSMUSG00000019978",351.780158382618,0.235072393201875,0.222686915634908,1.05561834439915,0.291142616478576,0.502697775352092
"ENSMUSG00000019979",470.249020544771,-0.0258975783733877,0.31054032333111,-0.0833952193247854,0.933537289698209,0.973316750202173
"ENSMUSG00000019982",367.164354145821,0.680575085193274,0.34399805940728,1.97842710614684,0.0478805443466955,0.164112059940043
"ENSMUSG00000019984",246.360719614913,0.306926701472028,0.253709583763121,1.20975604042847,0.226372518947411,0.428841002260474
"ENSMUSG00000019986",294.306246242117,0.657200046129429,0.2305182303155,2.85096777478271,0.0043586386597731,0.039491423603902
"ENSMUSG00000019987",10.1660463164719,0.722602552409466,1.05675040886588,0.683796804190474,0.494103484908014,NA
"ENSMUSG00000019988",619.076387500862,0.377609942961914,0.39973973808999,0.944639491600673,0.344842958102284,0.5535784929813
"ENSMUSG00000019989",5.2255533892899,0.934530013438375,1.44992343222149,0.644537492580929,0.519226953418774,NA
"ENSMUSG00000019990",5.50478494630758,-0.118030750381149,1.51431649899626,-0.0779432506080361,0.937873195026681,NA
"ENSMUSG00000019992",504.986618092842,0.89550581428364,0.49316268040535,1.81584262123725,0.0693945171699607,0.204887933758979
"ENSMUSG00000019996",89.893524688452,0.267014591517891,0.459917669124921,0.580570413887198,0.561530017197255,0.738918098329452
"ENSMUSG00000019997",1.01524974115624,0,5.43710287730503,0,1,NA
"ENSMUSG00000019998",446.430462569562,-0.66476001016357,0.262120617351961,-2.53608440602354,0.0112099711394134,0.0670549754473605
"ENSMUSG00000020000",0.311666193975897,1.35679452123873,7.25504999991252,0.187013807107475,0.851649807424831,NA
"ENSMUSG00000020003",641.3685162793,-0.00710114257496856,0.277462496617491,-0.0255931618202015,0.979581840362087,0.996297063104216
"ENSMUSG00000020007",2.76807360854581,0.036134835403685,2.71528379170493,0.0133079405968817,0.989382113069491,NA
"ENSMUSG00000020009",3809.27159374428,-0.310742867344264,0.241995465618346,-1.28408549536354,0.199112042577882,0.395463640924726
"ENSMUSG00000020010",3.57040987073871,-2.14681154642416,2.49572021026622,-0.860197203834461,0.389680345771437,NA
"ENSMUSG00000020014",41.8936420637328,0.591828813439977,0.664283182755334,0.890928490745725,0.372967534516404,NA
"ENSMUSG00000020015",987.849731340842,0.176155572127332,0.187682143369197,0.938584614204928,0.347944055268503,0.556721752400317
"ENSMUSG00000020017",11.8215221460956,-0.199925513476288,0.955712101087735,-0.20919010363973,0.834299837675746,NA
"ENSMUSG00000020018",4630.63548916544,-0.454161234317434,0.287984230437886,-1.57703508149343,0.114787453166077,0.282046724968102
"ENSMUSG00000020019",2.34378556318647,-1.57524198451798,2.40904421295679,-0.653886705792157,0.513184799504258,NA
"ENSMUSG00000020020",6.80538026810269,-0.536292988719912,1.50578650670169,-0.356154731320193,0.721724691192227,NA
"ENSMUSG00000020021",24.0963547795187,-0.183469896755404,0.96812106874813,-0.189511314935691,0.849692087746159,NA
"ENSMUSG00000020022",5360.91915933792,-0.314205330994343,0.353788350053246,-0.888116669039709,0.374477997077498,0.583463459292541
"ENSMUSG00000020023",33.3338853989788,-1.04783347283742,0.754539252214898,-1.38870637910695,0.164922053622702,NA
"ENSMUSG00000020024",510.944577586753,0.389895837163523,0.182011746872827,2.14214655846331,0.0321816903529311,0.128367443918882
"ENSMUSG00000020027",355.230923649962,0.895584234738848,0.352650392856683,2.53958099262012,0.0110985344604936,0.06681740451228
"ENSMUSG00000020029",965.751747048098,-0.20404491004379,0.189661212455061,-1.07583889928014,0.281999311931221,0.492737616419568
"ENSMUSG00000020032",2.12899606986684,1.09275202498969,2.24821601896683,0.486052948547117,0.626929625514538,NA
"ENSMUSG00000020034",718.947042378459,-0.265736736895193,0.30913706171448,-0.85960814734219,0.390005082383414,0.598057831701376
"ENSMUSG00000020037",2.31115206854913,-0.27019632360356,2.10408673495349,-0.128415012135672,0.897820551549258,NA
"ENSMUSG00000020038",347.018905951587,0.19373547336715,0.224750364774719,0.862002931836587,0.388685904479755,0.597072286834869
"ENSMUSG00000020042",158.710867067819,0.137602440263382,0.319767340901015,0.430320494505964,0.666962520837413,0.814242870010847
"ENSMUSG00000020044",5.76024382212312,1.34887384651562,1.5204505093001,0.887154062736672,0.374995960627274,NA
"ENSMUSG00000020048",9471.26976482131,0.0946797869189402,0.159722377349251,0.592777220638985,0.553330254468138,0.7326128626797
"ENSMUSG00000020051",0.216227473531234,-3.39239896334808,7.27501955623349,-0.466307882353574,0.640995137454816,NA
"ENSMUSG00000020052",0.0856782280272582,0,7.3561311249555,0,1,NA
"ENSMUSG00000020053",16.8624672270873,0.091897998526575,1.46398171632731,0.0627726408749965,0.949947552309422,NA
"ENSMUSG00000020056",2105.01281286185,-0.784180449615552,0.235281373721733,-3.33294742890698,0.000859311776873903,0.0183859240571397
"ENSMUSG00000020057",10.6863460902827,-0.381094863284791,1.68511811551313,-0.226153205390439,0.821082264421547,NA
"ENSMUSG00000020059",1.17174389432217,0.0993968084177469,2.60597323190421,0.0381419145833347,0.969574532603603,NA
"ENSMUSG00000020061",0.467673034074544,1.02600718330399,7.20197993535657,0.142461821959129,0.886715233406019,NA
"ENSMUSG00000020062",1.28542871700492,0.723880305072096,2.8896823790351,0.250505145591056,0.802196725927643,NA
"ENSMUSG00000020063",672.116803100357,0.315290795486474,0.258384553099736,1.22023856188018,0.222374452511342,0.42484952900553
"ENSMUSG00000020064",1017.63423750014,-0.160131102213707,0.230528167653562,-0.69462705509529,0.487289052554837,0.679674373430868
"ENSMUSG00000020067",0.955083200786157,-0.0630975440484974,6.04545359042274,-0.0104371893861624,0.991672478923857,NA
"ENSMUSG00000020069",682.285348565403,0.0982823789602627,0.225002922462706,0.436804899618818,0.662252845386172,0.810796306247499
"ENSMUSG00000020070",292.136330552623,0.798784441499195,0.28452340368132,2.80744722987312,0.00499358606119825,0.0422779391105207
"ENSMUSG00000020072",2.9639146817042,0.80883812174976,1.74848681505545,0.462593206185607,0.643655979278991,NA
"ENSMUSG00000020074",2536.51388252051,0.521136245154265,0.206216078727589,2.52713681867012,0.0114996693563688,0.068255746761104
"ENSMUSG00000020075",1631.20110298327,-0.062427013574289,0.173142906720357,-0.360551955357402,0.718434410667513,0.847157837223949
"ENSMUSG00000020076",1160.41123518821,-0.0556226942061101,0.178789749011993,-0.311106730187193,0.755719484915157,0.870892320053431
"ENSMUSG00000020077",9990.71148565517,-0.577552577010451,0.175205807862549,-3.29642369768671,0.000979242103808358,0.0195551680730215
"ENSMUSG00000020078",708.130689688824,-0.664368260933737,0.285183867846535,-2.32961375392822,0.0198265745589427,0.095277437780821
"ENSMUSG00000020079",174.677388780745,0.243397252758663,0.308558761104718,0.788819775809443,0.430217349440758,0.632842038574686
"ENSMUSG00000020080",1.37892610498729,-0.867284185760725,4.0542333888822,-0.213920636177249,0.830608947375303,NA
"ENSMUSG00000020081",0.60356128469277,2.73960722695423,5.18846377955256,0.528018955774705,0.597486179388277,NA
"ENSMUSG00000020083",4.87897674494549,1.20627640894222,1.42083975056079,0.84898835950086,0.395887769576805,NA
"ENSMUSG00000020085",31.5502756319783,0.491683194702933,1.03143891879137,0.476696376048215,0.633578343816531,NA
"ENSMUSG00000020086",1.29783598566954,1.75108479974968,2.59446930872309,0.67492985708569,0.499720330202746,NA
"ENSMUSG00000020087",199.377902587357,0.00967329942578512,0.238457716252631,0.0405660994234167,0.967641810639522,0.990077559069628
"ENSMUSG00000020088",2209.47347700873,-0.174874001874435,0.186757616215131,-0.936368783337826,0.349083344725406,0.557780896799893
"ENSMUSG00000020089",1614.24174418162,-0.809207176274214,0.242751574425385,-3.33347859098208,0.000857672719208821,0.0183859240571397
"ENSMUSG00000020090",52.6217629093183,0.214166746851393,0.527025624156708,0.406368755208213,0.684471673579252,NA
"ENSMUSG00000020091",847.500402459243,-0.065153989005933,0.213297197848571,-0.305461064013549,0.760015020154384,0.873831088273701
"ENSMUSG00000020092",42.6435075360317,-2.54304536492374,1.63308645661534,-1.55720191948339,0.119422552806719,NA
"ENSMUSG00000020096",30.0521257768088,-0.454772436055204,0.61775013495364,-0.736175373056508,0.461623977470918,NA
"ENSMUSG00000020097",1233.63253681654,0.721308499359711,0.290617890408759,2.48198243523542,0.0130653715477101,0.0735761925523519
"ENSMUSG00000020098",1.12615664399622,3.5333648673053,4.49718112878459,0.78568435785023,0.432052429425115,NA
"ENSMUSG00000020099",2.84390492006487,2.18049988557263,1.97494731558264,1.10408002703067,0.269558424457955,NA
"ENSMUSG00000020100",142.746393051029,0.27218091439155,0.266791924559123,1.02019922395077,0.307633985616821,0.519112657531969
"ENSMUSG00000020101",1481.60607987074,0.0539576169491722,0.227399121894708,0.237281553682323,0.812438371549367,0.906022298724621
"ENSMUSG00000020102",15.6437731214021,-0.458787731340771,0.831363297885578,-0.551849874185708,0.581051213572984,NA
"ENSMUSG00000020105",4.66634863619558,2.75206651388522,1.58266161232098,1.73888498492695,0.08205499585065,NA
"ENSMUSG00000020107",2011.32300258722,-0.873502623405501,0.168557961494268,-5.18220922738915,2.192730418156e-07,9.03130840978001e-05
"ENSMUSG00000020108",145.224210236312,-0.528929495148541,0.742990139470841,-0.711893021252268,0.47653102399794,0.671203928785927
"ENSMUSG00000020109",206.235735055684,-0.354700602156069,0.251626179959581,-1.40963313997393,0.158648036256949,0.344213309569784
"ENSMUSG00000020111",259.840926312869,-0.11560130132295,0.298445511823074,-0.387344747176097,0.698501002543983,0.835836698336929
"ENSMUSG00000020114",844.693747338397,0.0214588314056469,0.310755167970119,0.0690538199117266,0.944946779605869,0.980146790808396
"ENSMUSG00000020115",1052.89421012989,1.01731027496189,0.440024026238712,2.31194256290452,0.0207808487573363,0.097539738825389
"ENSMUSG00000020116",685.996099294958,-0.560151021241087,0.230083343151041,-2.43455703298508,0.0149100299528925,0.0796679168023471
"ENSMUSG00000020120",3533.64376190315,0.413688915839593,0.302692615701971,1.36669642528349,0.171720478805862,0.360547351953259
"ENSMUSG00000020121",2.14829510171539,-1.92957864724112,3.27157525130078,-0.589801089390782,0.555324012254897,NA
"ENSMUSG00000020122",7.74887188022083,0.88040022098421,1.24792255988902,0.705492671806897,0.480503690817387,NA
"ENSMUSG00000020123",0.63946297445539,-0.232922617159036,5.1145764165844,-0.0455409398916726,0.963676143418187,NA
"ENSMUSG00000020124",1699.44163849631,0.755796291885273,0.24349895822452,3.10389948850781,0.00190988201843302,0.0263675750729195
"ENSMUSG00000020125",15.961505196131,0,5.97863029218217,0,1,NA
"ENSMUSG00000020128",782.872086230503,0.386843087917086,0.239489128962174,1.61528454169703,0.10624908967813,0.267789967228024
"ENSMUSG00000020130",871.460667618761,0.623680740409772,0.24370997305277,2.55911045657014,0.0104940392184674,0.0649045669508288
"ENSMUSG00000020131",58.5127722335822,0.0310524231611004,0.676626352927565,0.045893014699687,0.963395521774867,NA
"ENSMUSG00000020132",1179.14321161662,-0.206703178280167,0.181404472503693,-1.13946020970326,0.254511255369208,0.464130860892002
"ENSMUSG00000020133",617.809182804486,-0.736313719850211,0.275345272232201,-2.67414694968603,0.0074919614717925,0.0525607091189985
"ENSMUSG00000020134",1796.04782191009,0.293972780024309,0.201111772602027,1.4617382971709,0.143812938329926,0.322429325332575
"ENSMUSG00000020135",7.70331353097129,-0.610690019608138,0.945042237472139,-0.646203942420236,0.518147286681172,NA
"ENSMUSG00000020137",206.749242164032,0.0369748018117523,0.265527084244234,0.139250584990202,0.889252136804114,0.951017783437051
"ENSMUSG00000020140",8.48498362111559,0.205809758896601,1.04105469675097,0.197693511723172,0.843284866425294,NA
"ENSMUSG00000020142",51.2004896247839,-1.03915849572644,0.860954771633079,-1.20698383929663,0.227438367746311,NA
"ENSMUSG00000020143",3651.83724512572,0.490352756892103,0.223494835479115,2.19402276495971,0.0282337730060086,0.117696435726153
"ENSMUSG00000020149",2245.02835719313,-0.219378662149511,0.220524104401263,-0.994805818371363,0.319830715872136,0.530813738481543
"ENSMUSG00000020150",10.9651790026073,3.17695322147069,1.61927747144873,1.96195727877839,0.0497674582534048,NA
"ENSMUSG00000020151",20.3792795701009,1.24986954295514,0.636525311441591,1.96358184111243,0.0495786049551601,NA
"ENSMUSG00000020152",6220.05140385012,-0.0859333903633925,0.115375460697393,-0.744815143913305,0.456383478643337,0.654787247372046
"ENSMUSG00000020153",4408.75877046279,-0.4699899730201,0.201516545382892,-2.33226493699113,0.0196867578856813,0.0948360632066081
"ENSMUSG00000020154",2.29150150417833,-1.10778461866715,2.40348427602901,-0.460907786963936,0.644864764762375,NA
"ENSMUSG00000020155",15.8125814844047,0.876070305358232,0.553923570019215,1.58157253595084,0.113747187809001,NA
"ENSMUSG00000020156",1084.03523831816,0.609491471387527,0.333071040212626,1.82991433598802,0.0672627493993352,0.201116841443566
"ENSMUSG00000020159",0.132260344591378,1.65930098134482,7.26408481714356,0.228425331354722,0.819315598378407,NA
"ENSMUSG00000020160",2.13460083378796,-0.858608314920198,2.08096210534866,-0.412601609954036,0.679898521517455,NA
"ENSMUSG00000020163",10916.9351539636,-0.49463618238064,0.206894066479282,-2.39077026614571,0.0168130695736546,0.085801338531531
"ENSMUSG00000020166",1201.50243721787,-0.304496469795403,0.205607062791671,-1.48096308395753,0.138616410990854,0.316609105899959
"ENSMUSG00000020167",427.225740204696,0.0315754552629405,0.270831546215486,0.116587065665599,0.907187287923022,0.959774273932636
"ENSMUSG00000020168",0.585084731239079,3.65058759537286,5.94798516888395,0.613751966711416,0.539379242491774,NA
"ENSMUSG00000020169",0.696879889629878,0,5.8848946653386,0,1,NA
"ENSMUSG00000020170",253.070857612714,0.245897852697316,0.285104111618788,0.862484414206224,0.388421006125352,0.596758104685904
"ENSMUSG00000020171",1034.16198545189,-0.255332690091514,0.156851015237778,-1.62786762778962,0.103552956913819,0.26320930292957
"ENSMUSG00000020173",1.74771151492018,1.62309712997533,2.07551037580982,0.782023134595039,0.434200977711777,NA
"ENSMUSG00000020175",2.85331536736809,-0.321608800565194,2.05978921004562,-0.156136753701157,0.87592522835471,NA
"ENSMUSG00000020176",4.80839378006316,0.658299272887823,2.00912532401207,0.327654658980281,0.743172789304039,NA
"ENSMUSG00000020177",0.278483962255223,0.71833317219591,7.28019199662083,0.098669536810201,0.92140065690829,NA
"ENSMUSG00000020178",162.260300039869,0.281116273087748,0.349126604775365,0.805198656426151,0.420705051682707,0.62526979941115
"ENSMUSG00000020180",4621.18030126548,-0.818119916506149,0.243962336162085,-3.35346811879439,0.000798056070492164,0.0177395484524552
"ENSMUSG00000020181",2.49164460349326,0.826858287346861,2.32972501706684,0.354916688145405,0.722652005992584,NA
"ENSMUSG00000020182",44.6520044540509,0.39171745788687,0.629455592860046,0.622311505895166,0.533737056925808,NA
"ENSMUSG00000020183",296.622571577199,0.00430193575830048,0.25922534636295,0.0165953515682729,0.986759432959961,0.999397233074714
"ENSMUSG00000020184",1083.12547306686,0.10370521643745,0.205224968410973,0.505324557925012,0.613330896942068,0.776781027068846
"ENSMUSG00000020185",167.79554903484,0.799754255762384,0.471041905979577,1.69784098953833,0.0895377772661055,0.240511121813982
"ENSMUSG00000020186",56.400948692358,0.0848834139636613,0.736882659335051,0.115192579019648,0.908292480606294,NA
"ENSMUSG00000020189",1364.71126912971,0.382429371626391,0.174295718248037,2.19414094316512,0.028225278626088,0.117696435726153
"ENSMUSG00000020190",1125.3567043762,-0.218292048351525,0.17220582456661,-1.26762290939287,0.204932646674159,0.402655379124242
"ENSMUSG00000020191",22.5022791031133,-0.526997239098178,0.59507388729056,-0.885599671492321,0.375833288666007,NA
"ENSMUSG00000020193",97.8858684358613,-0.425578251476889,0.406520338846314,-1.04688058827428,0.295154655843932,0.506704371833496
"ENSMUSG00000020196",584.685110121933,0.332023346759378,0.228731376016938,1.45158636537382,0.146616652152138,0.327452690131921
"ENSMUSG00000020198",710.377817673077,0.298687135372572,0.212812684965876,1.40352129583096,0.160461446140816,0.346373565136386
"ENSMUSG00000020205",89.8123565954474,-0.460151979245326,0.472702586426569,-0.973449252147909,0.33033007048321,0.539542753920444
"ENSMUSG00000020211",249.136684435098,-0.00301975483572337,0.466848630629795,-0.00646838105029809,0.994839014615834,1
"ENSMUSG00000020212",170.838061447577,-0.06806228408503,0.346650390127263,-0.196342730380436,0.844341918214072,0.925723143472282
"ENSMUSG00000020213",0.241109967140102,-0.233295884349929,7.34963041851588,-0.0317425327622173,0.974677375723329,NA
"ENSMUSG00000020214",0.508871072719606,3.85613933028827,7.23634644186141,0.532884841994429,0.594113298671665,NA
"ENSMUSG00000020216",0.178302538001571,1.33826941969052,7.34751473154107,0.182139059067913,0.855473596670355,NA
"ENSMUSG00000020218",0.236416079547526,2.44897719127792,7.27852360975415,0.336466201469208,0.736519334675594,NA
"ENSMUSG00000020219",5197.95198731853,-0.648237070117901,0.21178494672575,-3.06082693855165,0.00220726634403776,0.0283729880504723
"ENSMUSG00000020220",381.094218939758,0.0195894117622422,0.251995973722857,0.0777370029879385,0.938037259025623,0.975949721657539
"ENSMUSG00000020224",3203.28630312037,-0.692533352863132,0.194203431661228,-3.56602016215243,0.000362443499564115,0.0124438974142725
"ENSMUSG00000020225",2080.90225180633,-0.541371055167988,0.195438965070213,-2.77002620727907,0.00560517824411197,0.0448641189822241
"ENSMUSG00000020226",4.87637071565607,0.00560516443238524,1.1665077068067,0.00480508135495249,0.996166114526794,NA
"ENSMUSG00000020227",78.5730460826649,-0.946773613791096,0.783056223393765,-1.20907488569311,0.22663407674264,0.429007630907888
"ENSMUSG00000020228",269.734383368281,0.684904418174273,0.286670839049646,2.38916668484603,0.016886638976311,0.0860878939045044
"ENSMUSG00000020229",0.276120818720418,-0.110401613606238,7.22298897523636,-0.0152847545503315,0.987805005170491,NA
"ENSMUSG00000020230",76.8950576640382,-0.503582652055978,0.472118544529009,-1.06664450674853,0.28613239471286,0.497610612550426
"ENSMUSG00000020231",39.787048102574,-0.519507316850512,0.562018323716294,-0.924360105228096,0.35529885859861,NA
"ENSMUSG00000020232",205.134697834081,0.23826427576134,0.319694762591148,0.745286766133393,0.456098379650176,0.654548850586816
"ENSMUSG00000020234",5.62993167651646,1.78646239465634,1.27002788665312,1.40663241605203,0.159536415654888,NA
"ENSMUSG00000020235",795.258022678466,-0.169108426022875,0.279619239402937,-0.604781081530609,0.545324465514308,0.727565439547704
"ENSMUSG00000020238",385.220264176534,0.492735869548934,0.271800083430427,1.812861362403,0.0698532068205628,0.205626501192035
"ENSMUSG00000020241",2.51581359255887,-1.14984544130718,2.0777846908108,-0.553399708060452,0.579989738790319,NA
"ENSMUSG00000020246",286.1523468953,0.390996570123403,0.274469300466951,1.42455483894995,0.154285922382671,0.33831329697265
"ENSMUSG00000020248",1878.99023066343,-0.56257721569316,0.28264948580657,-1.99037056121926,0.046550130337976,0.161003512383097
"ENSMUSG00000020250",886.293013107687,-0.144454660420786,0.190593655739229,-0.75791956379928,0.448499137563975,0.649203979326387
"ENSMUSG00000020251",5.49558135594163,-0.420164052823488,1.25054665193258,-0.335984309081289,0.736882698918508,NA
"ENSMUSG00000020253",383.137941329257,-0.304287523808919,0.230961846268923,-1.3174796128648,0.187677910376622,0.381963381526233
"ENSMUSG00000020255",3397.23929575283,0.353377500027691,0.306209219578478,1.15403938690724,0.248484021488917,0.455918106727125
"ENSMUSG00000020256",13.7333635470758,0.709137474185851,0.915685945291153,0.774433066088366,0.438674735974076,NA
"ENSMUSG00000020257",1081.00894265454,-0.271849098971083,0.120541733005492,-2.25522806245615,0.0241190173520462,0.106494510952435
"ENSMUSG00000020258",49.0859417378733,-0.671887692055621,0.39776826413203,-1.68914353567585,0.0911919265294666,NA
"ENSMUSG00000020260",417.416640654244,-0.376998418535328,0.175319615034004,-2.15034934033027,0.0315275923082273,0.126841778578277
"ENSMUSG00000020261",113.981359075582,0.123711688926952,0.367408620296559,0.336714170797345,0.736332379809482,0.857008074624284
"ENSMUSG00000020262",89.1903161525715,-0.558276139524405,0.526353509097158,-1.06064865128762,0.288849603835236,0.500926023493213
"ENSMUSG00000020263",163.912558068784,0.78684665274367,0.428886747370232,1.83462570846106,0.0665611667922286,0.199906963042673
"ENSMUSG00000020264",0.442405458746179,-2.82661213849034,7.28708384381554,-0.387893456295176,0.698094880865243,NA
"ENSMUSG00000020265",2292.08358861594,-0.645514114523196,0.248906689447453,-2.59339801576313,0.00950327194837218,0.0608418673637688
"ENSMUSG00000020267",10493.8246457593,-0.747837694317561,0.220154233269486,-3.39688082855146,0.000681586430013166,0.0163135154011626
"ENSMUSG00000020268",191.971304447023,-0.298912393093296,0.40094596778865,-0.745517892951753,0.455958698421694,0.65449262454962
"ENSMUSG00000020270",0.0381979668618393,0,7.3561311249555,0,1,NA
"ENSMUSG00000020271",409.050241512127,-0.145397562211333,0.212507631448858,-0.684199250728202,0.493849355337904,0.684574070880861
"ENSMUSG00000020272",1024.37625271273,0.00742430580787791,0.181578569992804,0.0408875662374263,0.967385529864322,0.990024625834466
"ENSMUSG00000020273",367.717431635238,0.083139421623493,0.179752540574153,0.462521538543683,0.64370736027278,0.797493831502466
"ENSMUSG00000020275",451.096320885618,0.743877032347258,0.275340887202164,2.70165844203546,0.00689945986134302,0.0502317668106314
"ENSMUSG00000020277",417.595849002966,0.604777546413693,0.220257419679313,2.74577604375021,0.00603679576794494,0.0468396594710642
"ENSMUSG00000020279",8.95526935498557,2.67734372572486,1.65777240370749,1.61502490917159,0.106305300737636,NA
"ENSMUSG00000020280",357.432719013954,-0.121485243961067,0.23151864306231,-0.52473201446836,0.599769498612633,0.766827309369283
"ENSMUSG00000020282",6.68379755683484,-0.0667711774756718,1.63431461932707,-0.0408557671124332,0.967410880712146,NA
"ENSMUSG00000020283",367.935991434062,-0.304977023275938,0.30151960322197,-1.01146665098064,0.311793134775373,0.522984834181901
"ENSMUSG00000020284",175.213423436784,-0.301301305604488,0.263385866528725,-1.14395396220559,0.252642730149801,0.461792416333355
"ENSMUSG00000020286",5.87251841630123,0.038977339950399,1.3070783349553,0.0298202019787376,0.976210447081353,NA
"ENSMUSG00000020287",350.285653717264,-0.170515694207067,0.215066587779863,-0.792850697857363,0.427864814714844,0.630676779940152
"ENSMUSG00000020288",1511.71092503476,-1.01802468874269,0.353689983487357,-2.87829663341054,0.00399828981996435,0.0378573705654671
"ENSMUSG00000020289",177.034508362572,0.764513315203139,0.441897900515478,1.73006776975253,0.0836181678373849,0.229793046725758
"ENSMUSG00000020290",1834.58891133381,-0.388864125821858,0.280326824053557,-1.3871812914613,0.165386488733742,0.352630260284057
"ENSMUSG00000020295",0,NA,NA,NA,NA,NA
"ENSMUSG00000020297",226.217516625262,-0.324078746157005,0.383980555827427,-0.843997804677005,0.398670632357086,0.604664145426533
"ENSMUSG00000020299",0.364818085581461,-2.55393861022921,7.29472741177356,-0.350107477094647,0.72625803968142,NA
"ENSMUSG00000020300",186.845644214566,0.353701033622548,0.336157428305194,1.05218865876564,0.292713001791092,0.504088505697726
"ENSMUSG00000020303",28.8388191833384,-0.0663515805521795,2.16703604759207,-0.0306185864447926,0.975573719259267,NA
"ENSMUSG00000020305",668.843608092109,-0.537640955922544,0.294049740516274,-1.82840139555501,0.0674893320914784,0.201489594601107
"ENSMUSG00000020307",1653.14192260392,-0.60390601913859,0.236350513139822,-2.55512886820485,0.0106148490812288,0.0652871375295683
"ENSMUSG00000020308",712.000576860499,-0.816910526820364,0.289086148404191,-2.82583766579569,0.00471571560160345,0.0411065685377867
"ENSMUSG00000020309",139.10518356883,-0.457210995244518,0.404891575410797,-1.12921834636998,0.258805736201357,0.468037816017274
"ENSMUSG00000020310",0.403556248895179,0,7.3561311249555,0,1,NA
"ENSMUSG00000020311",410.044877189951,-0.25532959810837,0.27980209577041,-0.912536403293701,0.361486415310985,0.570447399522621
"ENSMUSG00000020312",1.48870670673774,1.17177874382864,3.2136941024096,0.364620497934154,0.715394711633587,NA
"ENSMUSG00000020315",2176.72256079657,0.785222459609594,0.248376927897619,3.16141465415525,0.00157004820406373,0.024426080592313
"ENSMUSG00000020317",0.0414066693320352,0,7.3561311249555,0,1,NA
"ENSMUSG00000020319",15.0609819974241,0.293815941242162,1.29555261599413,0.22678811930514,0.820588502444481,NA
"ENSMUSG00000020321",10314.8038697046,-1.14181628489742,0.386714438615076,-2.95260836131839,0.00315101454464665,0.0335282871623596
"ENSMUSG00000020323",18.5850146285373,0,3.29667079842606,0,1,NA
"ENSMUSG00000020325",37.6219497574838,-0.861586668257417,0.998634327716514,-0.862764922399102,0.388266728935282,NA
"ENSMUSG00000020326",1378.47826139409,-0.590995567030256,0.183861317802181,-3.21435511338016,0.00130737875512038,0.0223976412380675
"ENSMUSG00000020327",0.31213856095699,1.09817414783118,7.35476078906625,0.149314733589127,0.881305289875195,NA
"ENSMUSG00000020328",1606.37892065516,-0.425859619600283,0.18708114925221,-2.27633634549768,0.0228258863456879,0.10284133387745
"ENSMUSG00000020329",114.227061672977,-0.650520951584829,0.310929337748006,-2.09218260424189,0.0364221840172373,0.138631874164756
"ENSMUSG00000020330",1708.059303149,0.533023298278886,0.388179791885476,1.37313510239642,0.16971035027962,0.358002663553752
"ENSMUSG00000020331",3.19043817189951,1.17530731985858,2.42849647398756,0.483965009810675,0.628410701709531,NA
"ENSMUSG00000020332",0.0432773486139992,0,7.3561311249555,0,1,NA
"ENSMUSG00000020333",27.8863735520406,-2.65217212406912,2.44242382185735,-1.08587711122645,0.27753336466546,NA
"ENSMUSG00000020334",3.17741973698703,2.77272763425378,3.49094148932455,0.794263565497419,0.427042010022022,NA
"ENSMUSG00000020335",0.275184065403257,-1.86849470425823,7.31005798511907,-0.25560600313457,0.798255082530618,NA
"ENSMUSG00000020340",1979.90193605736,-0.0574155944917658,0.114213439566225,-0.502704363950744,0.615172141064375,0.778315194473486
"ENSMUSG00000020346",359.941054283598,0.198149317241008,0.287502633458284,0.689208703438741,0.490691940547516,0.682110790650007
"ENSMUSG00000020349",4406.80602292507,-0.0880308286055046,0.19201413479828,-0.45846014772811,0.646621887667351,0.799082055205871
"ENSMUSG00000020354",0.661619263940678,-0.52807229788979,5.8668722967722,-0.0900091686298204,0.928279928892377,NA
"ENSMUSG00000020357",0.780624016429982,-1.09194495571677,3.91318263212933,-0.279042676605818,0.780212073777879,NA
"ENSMUSG00000020358",6295.05353665637,-0.395484978496727,0.179287742110611,-2.20586736070743,0.0273932881452297,0.115903226857489
"ENSMUSG00000020359",489.108240597542,0.385354481744448,0.199842380073232,1.92829209501626,0.0538188045171998,0.175364201366144
"ENSMUSG00000020361",1502.73665145902,-0.562350667547801,0.244185196152125,-2.30296789653645,0.0212806494381083,0.0989198921239343
"ENSMUSG00000020362",2130.15427135344,0.124879251401624,0.176843339809159,0.706157503790571,0.48009019455997,0.674169106611364
"ENSMUSG00000020363",3.07879277986254,0.805067571850782,1.66212267122441,0.484361103899586,0.628129617728142,NA
"ENSMUSG00000020364",3.3354831303677,0.087600783762753,1.54316524219651,0.0567669497519682,0.95473084174294,NA
"ENSMUSG00000020366",591.337986186519,-0.182881292459835,0.288492306314274,-0.633920865330147,0.526132467806688,0.711953380461206
"ENSMUSG00000020368",6021.75876861244,-0.153481195124462,0.175689313928503,-0.87359436776514,0.382339194532525,0.591336182891187
"ENSMUSG00000020372",21062.5584885384,-0.418158871580908,0.199339678974976,-2.09772020167346,0.0359298692434913,0.13747530044479
"ENSMUSG00000020374",23.180324238103,1.35344079502569,1.43328009286483,0.944296095203866,0.345018360788768,NA
"ENSMUSG00000020375",140.058874932094,-0.132691448481543,0.349020613869376,-0.380182267776321,0.703810121053303,0.838117261437657
"ENSMUSG00000020376",231.416345408262,-0.299201335396867,0.247607790224935,-1.20836802075194,0.22690573489905,0.429357425244471
"ENSMUSG00000020377",5.68930679408605,-1.84474047559972,1.9591672999265,-0.941594153632987,0.34640046409625,NA
"ENSMUSG00000020380",723.928187119237,0.716419094730424,0.297541291364531,2.40779722184074,0.0160490924401286,0.0834975151424585
"ENSMUSG00000020381",222.011938379547,-0.437888795795862,0.373773852941138,-1.17153405020233,0.241384179416529,0.447083120392053
"ENSMUSG00000020383",0.0831439244665323,0,7.3561311249555,0,1,NA
"ENSMUSG00000020385",2187.78853778052,-0.17925776660114,0.275319114353392,-0.6510908878308,0.514987818285417,0.702634797400568
"ENSMUSG00000020386",2328.91908380788,-0.5916384240442,0.246612543394615,-2.39906055020687,0.0164371963875262,0.084547686739517
"ENSMUSG00000020387",337.640898350832,0.0720188100375443,0.222554780368148,0.323600373437998,0.746240605205576,0.864238307485287
"ENSMUSG00000020388",17.410781916313,-0.0179795256757958,1.1759540251776,-0.0152893100332561,0.987801370845682,NA
"ENSMUSG00000020389",100.146663592992,0.355307003912686,0.515846322406093,0.688784602079562,0.49095882690249,0.682331103198413
"ENSMUSG00000020390",3648.64418774436,-0.910694867722788,0.292699975594403,-3.11135956152161,0.00186228031387718,0.0260435613874905
"ENSMUSG00000020392",1642.18148488495,-0.252889334192526,0.209665791164134,-1.20615448418362,0.227757930132245,0.430722620883345
"ENSMUSG00000020393",94.7072194478405,0.366105570839147,0.330673440240083,1.10715142580952,0.268228464608183,0.478779186615365
"ENSMUSG00000020395",3253.83273758178,0.0358817355322942,0.145369420595336,0.24683138575738,0.805038719540001,0.90232394400349
"ENSMUSG00000020396",162.666171924279,-0.254032146813017,0.437685002924417,-0.580399477056987,0.561645257707153,0.738918098329452
"ENSMUSG00000020397",1338.9840338459,-0.505605657114874,0.253997256583268,-1.99059495333219,0.0465254355335175,0.160974424308303
"ENSMUSG00000020399",636.868144460874,-1.27725196137585,1.76985579551598,-0.721670073127898,0.470497345775283,0.666886473041105
"ENSMUSG00000020400",456.928555254277,0.144065616366996,0.24468666350287,0.588775923888088,0.556011598652801,0.734851481719379
"ENSMUSG00000020401",281.239688920511,0.082802220164401,0.323095446446968,0.25627789272478,0.797736266414508,0.897732074639278
"ENSMUSG00000020402",1194.63927796829,-0.181664163550746,0.191563242763641,-0.948324746072979,0.342964156801946,0.551562821229558
"ENSMUSG00000020405",0.121854238126367,0,7.3561311249555,0,1,NA
"ENSMUSG00000020407",15.5958265040349,3.52189093124839,1.78682533273952,1.97103257196869,0.048720150289827,NA
"ENSMUSG00000020409",1538.25083013318,-0.185003616775575,0.19923238375468,-0.928582057239121,0.35310572411208,0.562340918776851
"ENSMUSG00000020411",1.43859233944114,-1.14747174746598,2.32988840076662,-0.492500733978683,0.622365403187533,NA
"ENSMUSG00000020412",261.900257162514,0.104824223309905,0.267981627881152,0.391161976806835,0.69567751179339,0.83455973350457
"ENSMUSG00000020413",239.369459461272,0.354454170999335,0.296104499907746,1.19705769790654,0.231284066554207,0.43516642616615
"ENSMUSG00000020415",3177.93157047591,-0.946392944926459,0.324288587883402,-2.91836648061983,0.00351870531288508,0.0354922469570092
"ENSMUSG00000020419",12.2400723728062,-0.75841478548498,1.65513770783895,-0.45821854090631,0.646795440639844,NA
"ENSMUSG00000020420",258.419601006006,0.356034020750121,0.249561401827479,1.42663896797729,0.153683985927901,0.337587254040524
"ENSMUSG00000020422",10.4438709323634,-1.24250055500678,1.25960945199204,-0.986417300252704,0.323928378998352,NA
"ENSMUSG00000020423",2114.31258815772,-0.18878971715823,0.266329549215483,-0.708857570308442,0.478412867573018,0.672746021520107
"ENSMUSG00000020424",123.638125865623,-0.0995230112556571,0.429975102989787,-0.231462265055893,0.816955697626976,0.908625378174966
"ENSMUSG00000020427",0.0828133386640704,0,7.3561311249555,0,1,NA
"ENSMUSG00000020428",0.203610686746485,-1.12676259624274,7.27115420223289,-0.154963375126431,0.876850190874266,NA
"ENSMUSG00000020429",0.0406180793754555,0,7.3561311249555,0,1,NA
"ENSMUSG00000020430",416.781196321376,0.0433824886940859,0.210618741521256,0.20597639308232,0.836809351501634,0.920732462109712
"ENSMUSG00000020431",2.0153351782852,2.58753638848552,2.24181116038101,1.15421692701617,0.248411244538084,NA
"ENSMUSG00000020432",39.5664244710826,0.340660006776401,0.462717034141265,0.736216697551702,0.461598832151458,NA
"ENSMUSG00000020434",0.355616966831786,-1.67350951414171,7.35017044198891,-0.227683089439879,0.819892619853859,NA
"ENSMUSG00000020435",2.23117810715631,-0.975724525390495,1.78757091649419,-0.545838218997263,0.585177149220663,NA
"ENSMUSG00000020436",0.448170777321528,1.80138473573194,7.23548850002522,0.248965185381147,0.803387711655097,NA
"ENSMUSG00000020437",2256.26264343187,0.0919721702826334,0.155320817818054,0.592143226997243,0.553754682732818,0.732976036263243
"ENSMUSG00000020439",58.9823525321389,0.729513107431512,1.54653747183402,0.47170735964541,0.637135683246772,NA
"ENSMUSG00000020440",3306.78942403508,-0.836101159581549,0.386556143521924,-2.16294883315994,0.0305451152469475,0.124356863350937
"ENSMUSG00000020441",800.803854349551,-0.198807244996546,0.190517638255316,-1.04351096736839,0.296711704015841,0.508158225365715
"ENSMUSG00000020444",2153.19229248961,-0.499307980241295,0.211559444249033,-2.36013089377161,0.0182684878975314,0.0905182971764902
"ENSMUSG00000020447",1.21898518644164,2.88219522695307,4.99298967793506,0.577248384808408,0.563771675845577,NA
"ENSMUSG00000020448",137.177267556855,0.0405438757436069,0.32222283529516,0.125825581872459,0.89986999129995,0.955139575217438
"ENSMUSG00000020451",1095.56357123927,0.511762239659965,0.243569966780501,2.10108925342652,0.035633132085008,0.136736611281174
"ENSMUSG00000020453",249.339906556027,-0.141704409118945,0.255560821217782,-0.554484088929217,0.579247591836016,0.751721471090852
"ENSMUSG00000020454",1162.3387251505,0.253877525476902,0.178471189043676,1.42251265785411,0.154877479557576,0.339061575354377
"ENSMUSG00000020455",302.88442498439,0.408974595986954,0.225077352242179,1.81704019490555,0.0692109589419364,0.204673607253441
"ENSMUSG00000020456",1479.30917618533,-0.116676166466352,0.223588635149648,-0.521834065440138,0.601785869042771,0.768460575570054
"ENSMUSG00000020457",1837.14387204399,-0.341973114620357,0.258907143064862,-1.32083306227934,0.18655703298414,0.380622553363926
"ENSMUSG00000020458",637.89893298804,0.0061597745448552,0.22409525277346,0.0274873049233317,0.978071065226532,0.995617249128999
"ENSMUSG00000020459",628.800496019961,0.450716566599738,0.205534633332419,2.19289839036897,0.0283147007280588,0.117868582484249
"ENSMUSG00000020460",17640.3125382691,-0.599395501000551,0.242342292224841,-2.47334254164949,0.0133855775265411,0.0746557899924457
"ENSMUSG00000020461",7.57607439398696,-0.553215582157149,1.08402938608074,-0.510332643432553,0.609818436980231,NA
"ENSMUSG00000020462",558.323602845098,-0.795180176063123,0.263808607819402,-3.01423134990155,0.00257631266435037,0.0304263449069336
"ENSMUSG00000020463",1546.63849958422,-0.225576097332306,0.224856609341947,-1.00319976358474,0.315764487047029,0.527245147466077
"ENSMUSG00000020464",474.721552550579,0.204604400591134,0.256611136833842,0.797332505189036,0.42525794697902,0.628258078895174
"ENSMUSG00000020467",0.206802343872811,0.6878797492326,7.28163143308411,0.0944678065010565,0.924737554742543,NA
"ENSMUSG00000020469",2.81607126159189,-3.81322557917286,3.56916295130472,-1.06838091485258,0.285348722433764,NA
"ENSMUSG00000020471",573.524981487301,-0.457345989697935,0.20024927750553,-2.28388334477415,0.0223783877159481,0.101705913826274
"ENSMUSG00000020472",256.306409269893,0.15941316748603,0.235620578866534,0.676567251692939,0.498680562987353,0.688845879177019
"ENSMUSG00000020473",2.35359303345796,3.26405494291425,2.3962552564149,1.3621482662067,0.173151098601383,NA
"ENSMUSG00000020474",180.024267990969,0.458061181028873,0.276692440662607,1.65548859929796,0.0978254271280748,0.254340964534724
"ENSMUSG00000020475",8.72559500020445,3.949665082467,2.09188697029591,1.88808723346477,0.0590142404575492,NA
"ENSMUSG00000020476",1777.98929852621,-0.186737919789576,0.247581731415136,-0.754247571992545,0.450700577070116,0.650770552780908
"ENSMUSG00000020477",5019.58229052097,-0.552454280312357,0.20518646405367,-2.69244992772941,0.0070929185471828,0.0509646869196932
"ENSMUSG00000020481",0.334573860778936,-3.24116913001795,7.27781149343167,-0.445349420350219,0.65606725847505,NA
"ENSMUSG00000020482",264.253215473521,-0.167453234763735,0.215257809497378,-0.777919440668535,0.436616506670279,0.638171546419594
"ENSMUSG00000020483",960.275396627194,-0.764791416152414,0.213369255713906,-3.58435620724046,0.000337910662942288,0.0120152766301601
"ENSMUSG00000020484",1215.43460174225,-0.181589913046967,0.271604050947271,-0.66858322773036,0.503761374556798,0.694032221253512
"ENSMUSG00000020485",10339.0012273486,-0.962245202714004,0.239915906527185,-4.01076033949825,6.05235224551875e-05,0.00620424259133272
"ENSMUSG00000020486",53.9883218106879,-0.89924991636621,0.553422207697084,-1.62488946749751,0.104186112828432,NA
"ENSMUSG00000020490",5.90695842881213,1.10335137895966,1.0986230495909,1.0043038687114,0.315232169481327,NA
"ENSMUSG00000020491",102.594844092994,0.377489146701235,0.559322679198757,0.674904059391973,0.499736721282906,0.68992981702256
"ENSMUSG00000020492",1472.11248232564,-0.998232837896027,0.276363280615675,-3.61203136564376,0.000303807808536689,0.0114214993024992
"ENSMUSG00000020493",644.334498598037,0.591099001243738,0.279372722446563,2.11580785721412,0.0343611525824237,0.133777074941811
"ENSMUSG00000020495",141.33639061984,0.0299976569419238,0.374576091509993,0.0800842809294023,0.936170224590456,0.974501951811757
"ENSMUSG00000020496",1201.28510936972,-0.268050408863634,0.232742408904427,-1.15170419574761,0.249442647549407,0.457211305586109
"ENSMUSG00000020513",215.611172859078,-0.503666509540296,0.2805872385466,-1.79504425129672,0.0726466498413102,0.210899305045918
"ENSMUSG00000020514",1869.8860066804,-0.771459080405071,0.273352329242939,-2.82221513363965,0.00476931717697857,0.0412427496033702
"ENSMUSG00000020515",1542.62723292466,-0.754823658897899,0.284504311637315,-2.65311852236583,0.00797518616416388,0.0544438641110221
"ENSMUSG00000020516",1068.3483553276,-0.27698116646721,0.219150194823334,-1.26388738413167,0.206270450579003,0.40447189586147
"ENSMUSG00000020519",538.397773887683,-0.702593041207744,0.293062499593772,-2.39741707718197,0.0165111177203734,0.0847416400134429
"ENSMUSG00000020520",295.534931460843,0.57796674665396,0.277529496448091,2.08254169034628,0.0372930189699164,0.14027454053182
"ENSMUSG00000020521",840.9378612359,-0.637603152584199,0.393435682398161,-1.6206032678524,0.105102750954599,0.265882597016565
"ENSMUSG00000020522",546.923894647975,0.252391078943697,0.191712196354978,1.31651028855966,0.188002827473134,0.38230980242171
"ENSMUSG00000020523",801.120574702383,0.163550430946961,0.171401636512384,0.954194103830184,0.33998539866564,0.54851569541535
"ENSMUSG00000020524",0.268864595851056,3.15873359572389,7.2492154089036,0.435734547471756,0.663029337087753,NA
"ENSMUSG00000020525",254.1581918865,-0.00156377665852325,0.209340895276082,-0.00747000081594627,0.994039857110058,1
"ENSMUSG00000020526",1411.61247596359,-0.75509719235566,0.279151329538109,-2.70497437216245,0.00683096592756336,0.0500920609747506
"ENSMUSG00000020527",32.0689975118744,0.216340663466538,0.679833367685936,0.318226015005609,0.750313500553235,NA
"ENSMUSG00000020528",290.974309969167,-0.160559913946204,0.208449047253488,-0.770259764012991,0.441145818808764,0.64241697391347
"ENSMUSG00000020530",3120.23558756141,0.269099258650535,0.163417836084223,1.64669454141986,0.0996208467634807,0.257316976811342
"ENSMUSG00000020532",308.808568116447,0.763126405492503,0.366991250128361,2.07941307926439,0.0375793993733181,0.140924128278701
"ENSMUSG00000020534",301.120659584872,-0.287235861048335,0.340626263113474,-0.843258116455472,0.399084101690399,0.60505312043092
"ENSMUSG00000020536",255.702350632598,0.127651518820354,0.209471275047008,0.609398681474139,0.542260211652175,0.724944846116007
"ENSMUSG00000020537",751.707640491044,-0.170668796617458,0.278596201349365,-0.61260274113873,0.540139045316743,0.723200057995574
"ENSMUSG00000020538",370.185099960114,0.686065552639234,0.299677599511045,2.28934546245238,0.0220592881939633,0.100905166033006
"ENSMUSG00000020541",31.0724639016954,-0.476880847500964,0.609758940841749,-0.782080943073419,0.434167005550567,NA
"ENSMUSG00000020542",1.79107857720027,-0.0906013707040062,3.15203213915822,-0.0287437966061482,0.97706892614377,NA
"ENSMUSG00000020544",251.356699118818,-0.0943329385853425,0.18264661630046,-0.516477887716033,0.605520678940228,0.770689385508398
"ENSMUSG00000020545",2.45253661451544,-0.229721911644111,1.58798243814984,-0.144662753268078,0.88497714832769,NA
"ENSMUSG00000020546",88.6412002315812,0.521052073206247,0.374738152562898,1.39044308577251,0.164394370649605,0.351248779409672
"ENSMUSG00000020547",1056.94119438294,-0.160030553571461,0.163110012798463,-0.981120354451768,0.32653339403485,0.537023923964252
"ENSMUSG00000020548",0,NA,NA,NA,NA,NA
"ENSMUSG00000020549",237.227302131926,-0.317905672275543,0.2612380871391,-1.21691930819517,0.223634918548698,0.426433481839096
"ENSMUSG00000020553",33.2153964739889,0.651117892902427,0.530006748110205,1.22850868451026,0.21925607130738,NA
"ENSMUSG00000020561",1387.67151419986,-0.117449571005373,0.161997106341549,-0.725010302083708,0.468445710302899,0.66521848101482
"ENSMUSG00000020562",0.0380762098104571,-1.67431590235222,7.3501929692546,-0.227792101425878,0.819807867435575,NA
"ENSMUSG00000020564",375.316573606602,0.41790310012498,0.211655760177089,1.97444709170838,0.0483309278676571,0.164912399714115
"ENSMUSG00000020566",1.78401183102532,4.64422280576515,2.56598866873252,1.80991555510616,0.0703088835270094,NA
"ENSMUSG00000020570",798.977190363735,-0.408829787045139,0.266332741491712,-1.53503390065866,0.124775501027212,0.296206971098461
"ENSMUSG00000020571",2632.33187037499,-0.000192200664678103,0.262834022844424,-0.000731262500181987,0.999416536993211,1
"ENSMUSG00000020572",811.003351100055,-0.335232589960911,0.167213029159285,-2.00482337797716,0.0449819323618969,0.157956092858739
"ENSMUSG00000020573",688.133358780932,-0.443024572628687,0.144463751002865,-3.06668329981201,0.00216448052737404,0.0282640554994616
"ENSMUSG00000020576",134.194477815927,0.245826657098463,0.363166026332463,0.67689882663589,0.498470148633967,0.688758375628567
"ENSMUSG00000020577",1603.51651778358,-0.319564264208184,0.21804071492835,-1.46561739312401,0.142752550126101,0.321583627619988
"ENSMUSG00000020580",833.972978961736,0.777472924010605,0.233673557970744,3.32717544407804,0.000877311193702299,0.0185076825741024
"ENSMUSG00000020581",0.258145413334855,-0.102945189991579,7.17283720409275,-0.0143520878924785,0.988549083771241,NA
"ENSMUSG00000020583",0.40932628835375,-3.13702413335704,7.26777755367079,-0.431634582950684,0.666007019392741,NA
"ENSMUSG00000020585",545.766559773237,-0.0372296942874268,0.167942295810848,-0.221681465694373,0.824561859380917,0.913853144304233
"ENSMUSG00000020589",1189.31227116906,-0.458720116449056,0.302788637730664,-1.51498457764817,0.129776309772139,0.304281775153811
"ENSMUSG00000020590",189.017618190372,0.0261514023016716,0.358217054153646,0.0730043474994766,0.941802657940341,0.978230471412704
"ENSMUSG00000020591",0.406855754921789,3.36202546946455,7.25300114779114,0.463535769670799,0.642980381745806,NA
"ENSMUSG00000020592",12.5325888278074,1.10359503525895,1.50509067252109,0.733241561726232,0.463411110344934,NA
"ENSMUSG00000020593",671.96387383995,0.11568494180614,0.245103746113332,0.471983572836334,0.63693851398211,0.793164173685205
"ENSMUSG00000020594",1974.27825886893,0.0721126991373666,0.216718880642072,0.332747654120945,0.739324774514203,0.859184739721713
"ENSMUSG00000020598",9.20509078083057,1.24379635487868,0.977824202770432,1.27200405896549,0.203371677109034,NA
"ENSMUSG00000020599",10.9962581499497,1.28215470687456,0.999929687010715,1.28224486534404,0.199756762177167,NA
"ENSMUSG00000020600",0.359359482212873,-1.44841984194429,7.34448202080424,-0.197211980074489,0.843661655973145,NA
"ENSMUSG00000020601",394.796098900074,0.188043248057111,0.36388522660977,0.516765271866253,0.605320025440252,0.770584475399471
"ENSMUSG00000020604",11.026337264742,1.2594204715618,0.866540838724024,1.45338847897382,0.146115923461384,NA
"ENSMUSG00000020605",25.2803149054702,0.175910134272515,0.637674682546904,0.27586187610573,0.782654156549479,NA
"ENSMUSG00000020607",17.9158212727062,1.09348863421521,0.664273356491687,1.64614254587959,0.0997344147463536,NA
"ENSMUSG00000020608",3361.68779510651,0.464939953660877,0.215328638162891,2.1592109513513,0.0308338048295795,0.125061103676493
"ENSMUSG00000020609",1.22886766871577,-0.0145989423649725,5.8593561788049,-0.00249156083355735,0.998012024135455,NA
"ENSMUSG00000020610",640.103242423777,-0.250305684563308,0.235744284635545,-1.06176777498668,0.288341122522711,0.500395364490344
"ENSMUSG00000020611",1698.93030286635,-0.613778630249312,0.202794998168641,-3.02659649297121,0.00247323868083236,0.0300340625879314
"ENSMUSG00000020612",7139.97460213788,-0.436753925407853,0.194413360281446,-2.24652217715685,0.02467058066518,0.107805698258514
"ENSMUSG00000020614",27.7150034773163,0.998688328732075,1.18291318044294,0.844261730483143,0.398523166135912,NA
"ENSMUSG00000020617",3.36114640222316,-1.93521157039226,2.19254315276389,-0.882633287264041,0.377434437467175,NA
"ENSMUSG00000020620",3.73543425159146,0.356501191927538,1.41827521020019,0.251362492528666,0.801533863550572,NA
"ENSMUSG00000020621",299.874999270314,-0.612820994187059,0.246325531137465,-2.48785008747253,0.0128517893987899,0.072927633873156
"ENSMUSG00000020622",0.307489552472029,-3.82170926831346,7.24672780723991,-0.527370334579884,0.597936440060462,NA
"ENSMUSG00000020623",58.0220161238887,-0.0246017893133603,0.379228653373945,-0.064873234378472,0.94827493156219,NA
"ENSMUSG00000020627",2.06027968225887,-0.353103946809207,1.72210309916161,-0.205042280558645,0.837539091624563,NA
"ENSMUSG00000020628",403.775959150847,0.334265032993803,0.16807751065652,1.98875525754841,0.0467282235245268,0.161506464874107
"ENSMUSG00000020629",624.955095028234,-0.802907026873988,0.29982053665471,-2.67795874102734,0.00740723420364861,0.0522137678848675
"ENSMUSG00000020630",279.694491619359,0.0100513254793831,0.197487500856325,0.0508960082830538,0.959408386317983,0.98665750091066
"ENSMUSG00000020633",30.6525762881788,0.747566335166126,0.660512052619571,1.13179817416094,0.257719295534047,NA
"ENSMUSG00000020634",359.939862698922,-0.331695914131465,0.241702549996912,-1.37233104961327,0.169960403940892,0.358374273241408
"ENSMUSG00000020635",21.3017602585484,1.12970874558966,2.14010745869564,0.527874776100355,0.597586252892725,NA
"ENSMUSG00000020636",0.294755577053094,3.46912532382794,7.24212846056683,0.479020130990112,0.631924307413821,NA
"ENSMUSG00000020638",129.444811867157,-0.652389974390754,0.393257777339454,-1.65893724672003,0.0971284381771906,0.253194781482471
"ENSMUSG00000020639",9.0304707746185,-1.50606552640785,1.42643949060438,-1.05582153069089,0.291049759577892,NA
"ENSMUSG00000020640",1541.82102140979,0.668954436941242,0.219293803928672,3.05049401741796,0.00228465231894816,0.0288426413445754
"ENSMUSG00000020641",60.4721209875367,-0.268396595586214,0.630065691765684,-0.425981923938859,0.670121017609221,NA
"ENSMUSG00000020642",157.335018180828,-0.278068371417574,0.404398936044827,-0.687609057870397,0.49169900265008,0.68274261008513
"ENSMUSG00000020644",31416.8623982855,-0.692994856826474,0.247637012051867,-2.79843005326412,0.00513516903201913,0.04283641002659
"ENSMUSG00000020646",19.6184546783086,-1.16694905268441,1.44933327981472,-0.805162669578379,0.42072581534034,NA
"ENSMUSG00000020647",357.011522128372,0.0119579105416469,0.277736423104136,0.0430548878249338,0.965657780227569,0.989583988964287
"ENSMUSG00000020648",86.007139372711,0.320619819713902,0.396280525346499,0.809072864313883,0.418473235719429,0.622983122753999
"ENSMUSG00000020649",5983.0975749506,-0.0385772964275129,0.323376421476097,-0.119295328494952,0.905041384392628,0.958486463172726
"ENSMUSG00000020650",1668.02546657565,-0.683968759813031,0.245013691426499,-2.79155322231538,0.00524557300818458,0.0431433193466033
"ENSMUSG00000020651",1.07456003977666,0.911368805160629,7.31624416804725,0.124567849873151,0.900865682183061,NA
"ENSMUSG00000020652",417.523752923669,-0.263849958785292,0.273731643917214,-0.963900099416674,0.335096014015624,0.544090686357498
"ENSMUSG00000020653",118.743914668406,-0.0316944848230889,0.31583584074959,-0.100351134145722,0.920065563158546,0.965995548786217
"ENSMUSG00000020654",53.1192096171594,0.506237388278953,0.554138576962294,0.913557383162299,0.360949468293282,NA
"ENSMUSG00000020656",23.9858096461998,-0.486279577260448,0.730581727665624,-0.665605994300216,0.505662973958661,NA
"ENSMUSG00000020657",85.0284495406926,-0.110662805390186,0.362173063823116,-0.305552279957059,0.759945558755626,0.873831088273701
"ENSMUSG00000020658",45.2827178185107,0.850573362021493,0.534407594526491,1.59161915124941,0.111470304280422,NA
"ENSMUSG00000020659",469.480270569764,-0.492851784899002,0.292332820476373,-1.68592696535364,0.0918098674077238,0.244422445280191
"ENSMUSG00000020660",66.8463698008191,-0.257133179238872,0.401031988409121,-0.641178725564785,0.521406570138068,0.707884074414888
"ENSMUSG00000020661",343.583107070565,0.96884066377593,0.339596088310807,2.85292056394131,0.00433194486919921,0.0393939972695807
"ENSMUSG00000020664",1151.06536404907,0.12557780514834,0.222054768029407,0.565526272021817,0.571715859868643,0.746553669062291
"ENSMUSG00000020668",110.300468464747,0.0753396529274036,0.374562450228709,0.201140431672745,0.840588768076958,0.923554515109562
"ENSMUSG00000020669",14.8680844254106,2.47087228290723,1.11981576421547,2.2064989276502,0.0273490852353653,NA
"ENSMUSG00000020671",1979.70227745991,-0.4345759245466,0.163541721920767,-2.65727864084215,0.00787743040748705,0.0540555309667234
"ENSMUSG00000020672",0.493995962995655,0.854941896688436,7.34858612611626,0.11634100519691,0.907382288793491,NA
"ENSMUSG00000020673",0.55214640514374,0.242294633716585,7.14635402384469,0.0339046502465648,0.972953184961159,NA
"ENSMUSG00000020674",1.314517587456,-0.110918758986779,5.62528416538551,-0.0197178943722175,0.98426841590995,NA
"ENSMUSG00000020676",0.20518555441998,-0.232589652101997,7.34998698372303,-0.0316449066667846,0.974755230965275,NA
"ENSMUSG00000020677",1097.33700375897,-0.0937061473268228,0.197826821432097,-0.473677667408648,0.635729781132284,0.792323517094
"ENSMUSG00000020679",0.944331314454825,0,5.27857535947789,0,1,NA
"ENSMUSG00000020680",345.706957951072,0.804374528592526,0.348480458687853,2.30823424539003,0.0209861114255284,0.098022762472725
"ENSMUSG00000020681",4.10532730824765,1.68970448778976,2.45918934027944,0.687098166909655,0.492020869300537,NA
"ENSMUSG00000020682",1.80323688171352,1.95778758528,2.61078419974734,0.74988487576624,0.4533240441793,NA
"ENSMUSG00000020684",0.300205298019943,-1.09195621148206,7.21231324650423,-0.151401661874756,0.879658878588817,NA
"ENSMUSG00000020686",0.15613796299347,-0.228548866286515,7.34978568606024,-0.0310959905565663,0.975192987197241,NA
"ENSMUSG00000020687",875.131991508043,0.225364268875979,0.281076556574723,0.801789632057299,0.4226746570418,0.626219871831265
"ENSMUSG00000020689",288.81176490658,-0.459280402909585,0.461889586545388,-0.994351066333151,0.320051982361145,0.530907800457418
"ENSMUSG00000020690",0.56799779345861,0.885997563731784,6.15551705282152,0.143935522577371,0.885551384781017,NA
"ENSMUSG00000020691",253.934981845144,0.42658621439215,0.253671109259167,1.68165076282424,0.0926365809154028,0.245556004113175
"ENSMUSG00000020692",85.288449278644,0.527189851367505,0.507168797219712,1.03947611575781,0.298583360448661,0.509581581152453
"ENSMUSG00000020694",486.380339603873,0.222245691848238,0.221829618240336,1.00187564497114,0.316403656780871,0.527659834542854
"ENSMUSG00000020695",2.23676853115501,0.00301440469705172,2.23534041152451,0.0013485215412877,0.998924035808405,NA
"ENSMUSG00000020696",99.874738348949,0.53259124275439,0.43208672577536,1.23260264892118,0.217724048166417,0.419287398426851
"ENSMUSG00000020697",148.635318777536,0.917091531177845,0.568619419326314,1.61283892179481,0.106779507648431,0.268784169367134
"ENSMUSG00000020698",28.1751584091905,-0.0817213958243349,0.601448594378889,-0.135874281839046,0.891920667016223,NA
"ENSMUSG00000020700",278.393959650635,0.0865620522545844,0.250230036584044,0.345929902885623,0.729395395186608,0.85245607489
"ENSMUSG00000020701",0.442192723541312,2.13449075768154,7.2586400539373,0.294062075240077,0.768710469872115,NA
"ENSMUSG00000020702",14.3230477121576,-2.6528197832782,2.18776256662779,-1.21257206963151,0.225293472830075,NA
"ENSMUSG00000020703",2.90387366047882,-0.50780122443661,1.80708587754552,-0.281005585150348,0.77870611603918,NA
"ENSMUSG00000020704",0.460452008575271,-2.43370016565576,7.29855695473002,-0.333449499777971,0.738795003525599,NA
"ENSMUSG00000020705",692.374087477054,0.372460606690559,0.207869111584041,1.79180352411317,0.073164444120887,0.211754240487977
"ENSMUSG00000020706",602.343922169445,0.235309154225242,0.240120996674392,0.979960759301384,0.327105488981498,0.537205143476011
"ENSMUSG00000020707",153.948699656159,0.12724024496117,0.266418653164562,0.477595106235207,0.632938414673674,0.789974271344605
"ENSMUSG00000020708",3283.87997398932,-0.637250418098847,0.233796511372027,-2.72566264722756,0.00641725504164324,0.0485716432516412
"ENSMUSG00000020709",0.611841546271959,1.48576086738988,4.6686823799196,0.318239868657645,0.750302992715522,NA
"ENSMUSG00000020712",5.49996832046206,1.77566262816511,1.56237744170251,1.13651322706643,0.255741833003382,NA
"ENSMUSG00000020713",0.502861194377135,-1.88270551597965,7.34136528370188,-0.256451687557263,0.797602080981306,NA
"ENSMUSG00000020715",101.316301412084,0.970313553674087,0.716899374626659,1.35348639992802,0.175900291933222,0.366778120847982
"ENSMUSG00000020716",65.5325970276297,1.01357755563305,0.647282187930844,1.56589749344584,0.117372616766919,0.28540855237472
"ENSMUSG00000020717",1129.19774318297,0.310488783568533,0.223231223467852,1.39088420851328,0.164260542150122,0.351225494084784
"ENSMUSG00000020718",499.240874450919,0.237394829105823,0.209883759921287,1.13107764600202,0.258022412051723,0.467306372980941
"ENSMUSG00000020719",11655.6877536781,-0.157577796218848,0.19706058607642,-0.799641365918498,0.423918613500809,0.627404625610944
"ENSMUSG00000020720",2068.48035841654,-0.26381399044173,0.173438263615359,-1.52108297755333,0.128239015630888,0.301747838493533
"ENSMUSG00000020721",573.99430035141,0.214086297768291,0.299914207374081,0.713825129001849,0.475335318907051,0.670545182550063
"ENSMUSG00000020722",0.0355187493373064,1.16171280725677,7.35565536667627,0.157934643392857,0.874508299155349,NA
"ENSMUSG00000020723",5.6591531648024,0.122443170393746,1.18240630386907,0.10355422665888,0.917523114124127,NA
"ENSMUSG00000020728",2.8390239759616,-0.190893052847694,2.23165799135836,-0.0855386683743156,0.931833155190049,NA
"ENSMUSG00000020732",470.062177008647,-0.416239281299123,0.261696039359438,-1.59054482566097,0.111712049934711,0.276793788376048
"ENSMUSG00000020733",1473.30073957586,-0.256842230627512,0.156429393533907,-1.64190517411832,0.100609657415064,0.258956876361471
"ENSMUSG00000020734",0.202147715538283,1.22691410119398,7.35303675311761,0.166858148869415,0.867481663776385,NA
"ENSMUSG00000020736",3855.22208074128,-0.545267975107018,0.197586243833666,-2.75964543142002,0.00578641257244909,0.045905849340818
"ENSMUSG00000020737",16353.6945810282,-0.674212119113061,0.23255131167773,-2.89919723199577,0.00374119473800298,0.036651843394608
"ENSMUSG00000020738",18775.4794019566,-1.00808323403952,0.262045082414558,-3.84698397982038,0.000119580785164182,0.00804119769624446
"ENSMUSG00000020739",1052.41726005877,0.074906451241988,0.181379933881371,0.412980916020069,0.679620595828997,0.824036197258989
"ENSMUSG00000020740",464.064120481874,0.538813984942181,0.293487819987759,1.83589896495416,0.0663726008163262,0.199663164658973
"ENSMUSG00000020741",180.597766659037,0.500664682642519,0.258316823780056,1.93818070118735,0.0526011803970746,0.172917415439003
"ENSMUSG00000020743",1353.70725256153,-0.472068730547296,0.240865010279117,-1.95988919270698,0.0500087430686064,0.168330151502391
"ENSMUSG00000020744",461.51147671427,-0.59071860135913,0.286147019061396,-2.0643884507229,0.0389809006259307,0.144038442535921
"ENSMUSG00000020745",2400.27837980297,0.0708619686737451,0.20282394328946,0.34937674282673,0.726806491114691,0.851290492746847
"ENSMUSG00000020747",86.519183567279,-0.243790974149826,0.33339204755143,-0.731244119169393,0.464630056188129,0.662082759899043
"ENSMUSG00000020752",85.6728971271862,0.056445930338586,0.399279929632673,0.141369315483788,0.887578193490825,0.949741333909591
"ENSMUSG00000020755",790.066120139899,-0.488438844756694,0.242430270614737,-2.01476013502005,0.0439297879136192,0.155631818136859
"ENSMUSG00000020758",16.2736765060992,0.673722242699019,1.46787601827251,0.458977620938245,0.646250236799214,NA
"ENSMUSG00000020766",445.330383133005,0.101708263492628,0.327077651946817,0.310960601824197,0.755830572962912,0.870892320053431
"ENSMUSG00000020770",170.092079012145,0.125108664450494,0.32002497393223,0.390934066530031,0.695845972309506,0.834660531037431
"ENSMUSG00000020773",13.7756664081106,0.253668760663524,1.08746620687931,0.23326587903037,0.815554952394678,NA
"ENSMUSG00000020774",6.74392021435105,0.164067478225248,1.18057009605267,0.138973093401079,0.889471411051066,NA
"ENSMUSG00000020775",513.121433905798,-0.296735815692559,0.280959794801016,-1.05615045705282,0.290899481213032,0.502521248230068
"ENSMUSG00000020776",42.7498196907553,0.505943860561329,0.530695627814752,0.953359767904357,0.340407818434705,NA
"ENSMUSG00000020777",156.467487971352,0.479982037943513,0.318065166677981,1.50906822949733,0.131281347540071,0.306281831586878
"ENSMUSG00000020778",1552.07404474904,-0.629656321410668,0.280887793005809,-2.24166495337035,0.0249830345739294,0.108960531033906
"ENSMUSG00000020780",716.862369877002,-0.0219541883481307,0.184886573712716,-0.118744092160223,0.905478103156067,0.958724405494615
"ENSMUSG00000020781",150.270719172638,-0.002889243855337,0.32888652590547,-0.00878492619113084,0.99299073318103,1
"ENSMUSG00000020782",92.2483744388714,0.0148846965805464,0.275366538330124,0.0540541224464312,0.956892043757468,0.985915973790137
"ENSMUSG00000020783",689.315372878872,0.360832889656618,0.215549859301901,1.67401125115666,0.0941283881595815,0.248107821820141
"ENSMUSG00000020785",18.0852247874732,-0.044888779320633,0.690956067209712,-0.0649661844665572,0.948200924240913,NA
"ENSMUSG00000020787",2.85148999557066,1.89870642002469,2.07522267348265,0.914941053934356,0.360222576196547,NA
"ENSMUSG00000020788",1202.65086057981,0.522712980116793,0.218997921906589,2.38683990955745,0.0169938896056832,0.0865008232503493
"ENSMUSG00000020790",564.308888872369,0.170972698472685,0.194703216138409,0.878119539387296,0.379878850351656,0.588666316934648
"ENSMUSG00000020792",351.521499288392,0.0370279909729178,0.19958475905916,0.185525143039314,0.852817161272566,0.929961129528881
"ENSMUSG00000020793",0.5567606350466,0,7.3561311249555,0,1,NA
"ENSMUSG00000020794",1103.94918280366,-0.582838422086957,0.226809878448822,-2.5697223863134,0.0101780041715618,0.0634810068938624
"ENSMUSG00000020798",8.5977875932099,-1.47690290019143,1.25474353846297,-1.17705559336899,0.239173317725629,NA
"ENSMUSG00000020799",0.130670349034707,0,7.3561311249555,0,1,NA
"ENSMUSG00000020801",694.742174263243,-1.04425299967998,0.267415782496278,-3.90497894302298,9.42335899425889e-05,0.00739412133676202
"ENSMUSG00000020802",77.1832426000579,-0.0692016196312407,0.38220620769765,-0.181058335101621,0.856321787793618,0.932556203012894
"ENSMUSG00000020803",4978.09484776859,-0.862630647266502,0.243179663675455,-3.54729764088234,0.000389204615703933,0.0126855789643276
"ENSMUSG00000020804",1.22709670625903,4.42207476972839,4.07214687989264,1.08593204031112,0.277509060269023,NA
"ENSMUSG00000020805",0.314192092456017,-0.420714496111632,7.17166043477402,-0.0586634713031961,0.953220154883821,NA
"ENSMUSG00000020806",146.045857726415,0.257093372921041,0.370468144676195,0.693968905601186,0.487701709206568,0.679962115022134
"ENSMUSG00000020807",236.44697151953,2.02748205220712,0.373039062905601,5.43503952753651,5.47842864917203e-08,2.87161079137712e-05
"ENSMUSG00000020808",430.758292424982,1.29968636072507,0.873606714512017,1.48772478408783,0.136823488725113,0.314114496666655
"ENSMUSG00000020810",0,NA,NA,NA,NA,NA
"ENSMUSG00000020811",0.954956323859201,-1.27293020353224,4.7751901984751,-0.266571623458838,0.789799006432169,NA
"ENSMUSG00000020812",302.932551070265,-0.194270749809106,0.232629952422752,-0.835106347165746,0.403657833287615,0.60871888965737
"ENSMUSG00000020814",6.34762700396061,0.765103062769324,1.25837398634722,0.60800928108046,0.543181318359578,NA
"ENSMUSG00000020817",496.753545300914,0.840334974636374,0.212108521569328,3.96181618927418,7.4381795280727e-05,0.00682227111828955
"ENSMUSG00000020818",1945.99350940844,-0.278112609811643,0.229005263699361,-1.21443763046752,0.224580652990851,0.427187574326699
"ENSMUSG00000020821",135.727536748092,0.019453290505162,0.307428388227627,0.0632774696485034,0.949545556418331,0.982237110212976
"ENSMUSG00000020823",328.056594581025,0.107993908240201,0.236959399446768,0.455748573351959,0.648570788666677,0.800551250411946
"ENSMUSG00000020826",6.50328539012306,1.90050624405409,2.13201874710282,0.891411600689098,0.372708396481263,NA
"ENSMUSG00000020827",154.847784751506,0.0462854949385554,0.291060650423635,0.159023539840193,0.873650327711522,0.941554464249423
"ENSMUSG00000020828",52.4753105277975,-0.318565220151138,0.533591128480234,-0.597021208089554,0.550493221182019,NA
"ENSMUSG00000020829",5.32400132750814,-0.965554735635749,1.53924154437725,-0.627292538434177,0.53046749358724,NA
"ENSMUSG00000020830",0.154950570345164,0,7.3561311249555,0,1,NA
"ENSMUSG00000020831",2534.80080371529,-0.595728619859556,0.228945844549457,-2.60205037148366,0.00926682402538098,0.0598089580107908
"ENSMUSG00000020832",171.026228825121,0.240681186720663,0.349628218944869,0.688391764963956,0.491206108278547,0.682441655703927
"ENSMUSG00000020834",83.0157444626079,-0.394629638962953,0.347569272664854,-1.13539852340019,0.256208378090568,0.465983407069967
"ENSMUSG00000020836",3.95502613848188,1.5179701687087,1.83143142663838,0.828843573736722,0.407192928042159,NA
"ENSMUSG00000020838",0.669906375544577,-1.71782152893491,6.94320300066316,-0.247410529228489,0.804590526295608,NA
"ENSMUSG00000020839",1.41818984241686,1.92333295986124,4.26937672764019,0.45049502130123,0.652353543290866,NA
"ENSMUSG00000020840",1267.33910113811,-0.00460044009619311,0.19886621126071,-0.0231333420948117,0.981543909651582,0.997077540530869
"ENSMUSG00000020841",83.7116707797907,1.45915035102782,0.931466383058229,1.56650886985,0.117229533709542,0.285386556953971
"ENSMUSG00000020843",1242.84926726258,-1.0176724251622,0.26401058349725,-3.85466526258709,0.000115888079795622,0.00797203945727057
"ENSMUSG00000020844",139.429319075303,0.239773364789461,0.377026148466384,0.635959510407377,0.524802812910149,0.710737882671164
"ENSMUSG00000020846",411.242695559704,-0.500208570943748,0.281559797917111,-1.77656247320864,0.0756402545713426,0.216036959386802
"ENSMUSG00000020847",26.2754274505886,-0.453446844201286,0.61643341468091,-0.735597443944548,0.461975718592634,NA
"ENSMUSG00000020848",0.402706380192658,0,7.35613112495549,0,1,NA
"ENSMUSG00000020849",6549.88412767305,-0.533140638136388,0.200434685445193,-2.65992204369323,0.00781587394461944,0.0538021684836791
"ENSMUSG00000020850",1341.15540227042,0.500225129976228,0.193823019627878,2.58083446918025,0.00985618285462532,0.0622545479348059
"ENSMUSG00000020857",3547.93514791068,-0.742538542037719,0.248522488887075,-2.98781227148871,0.00280982086645228,0.0315715792379781
"ENSMUSG00000020859",554.814574364188,0.764950697318547,0.346300602414814,2.20892107026212,0.0271801313721611,0.115247829772612
"ENSMUSG00000020863",2098.29378386705,0.34505810890042,0.245075166323414,1.40796847790389,0.159140404216532,0.344751894736011
"ENSMUSG00000020864",425.589947841959,-0.0449773443223569,0.203842528904608,-0.220647499636374,0.825366913069755,0.914043461314645
"ENSMUSG00000020865",1.80783687510308,4.05332457320852,3.31418739954488,1.22302214224975,0.221321333287706,NA
"ENSMUSG00000020866",1.56504062714663,-2.69568464679233,4.12596372887283,-0.653346666120296,0.513532813904033,NA
"ENSMUSG00000020867",0.294904957515297,-2.54824007519531,7.29490423710604,-0.349317824109809,0.726850718567463,NA
"ENSMUSG00000020868",123.430675977322,0.131949872423822,0.448440579484238,0.2942415973496,0.768573296671158,0.879017359434733
"ENSMUSG00000020869",785.418822531622,0.0105720377123849,0.220729853734467,0.0478958216730522,0.961799269392829,0.987588753734659
"ENSMUSG00000020870",0.983793530564745,-0.34275023685632,2.75868986400857,-0.124243845358637,0.901122207583041,NA
"ENSMUSG00000020871",0.273110870279909,0,7.3561311249555,0,1,NA
"ENSMUSG00000020872",0.365339588561146,-3.5488195801512,7.25426700832209,-0.489204433208758,0.624696971263479,NA
"ENSMUSG00000020873",1738.64524079886,-0.0767269505776623,0.228280429053777,-0.336108315967758,0.73678918762784,0.857139098299011
"ENSMUSG00000020875",1.50660703971508,0.685603303572447,2.17503109820652,0.315215402730462,0.752598111567993,NA
"ENSMUSG00000020876",171.245986298121,-0.0987160264697056,0.242773598537191,-0.406617634967351,0.684288842955465,0.827026265855075
"ENSMUSG00000020877",61.7497001256574,-0.286162847597114,0.42567729795776,-0.672253016475193,0.501422634827883,NA
"ENSMUSG00000020878",0.732708852188468,-1.67062250401914,5.80363244984155,-0.287858081719968,0.773455375279305,NA
"ENSMUSG00000020882",17.4558340482922,0.299511414233125,0.78837476650246,0.379909945065689,0.704012264771853,NA
"ENSMUSG00000020883",196.588196125881,0.363489487909027,0.324065880892792,1.1216530629748,0.262009980673155,0.471675224723025
"ENSMUSG00000020884",0.152745623212799,-2.19318847942827,7.30716561422782,-0.300142161162722,0.76406872086417,NA
"ENSMUSG00000020886",16.1100309204532,0.0242945096993813,0.642512837222049,0.0378117109759556,0.969837807041947,NA
"ENSMUSG00000020888",128.024735516384,-0.36187917072534,0.299955029357634,-1.20644475106925,0.227646049775131,0.430593417915648
"ENSMUSG00000020889",4.00650146554517,0.0684750702564242,1.41205881989969,0.0484930721662774,0.96132328555848,NA
"ENSMUSG00000020890",6.02725758723356,-1.05791402179886,1.78674972946781,-0.592088530559882,0.553791306837339,NA
"ENSMUSG00000020891",36.796075085518,1.14754928524719,0.660617482166291,1.73708585713499,0.0823720173283048,NA
"ENSMUSG00000020892",4.29395030486014,0.227725875157958,1.3888736690956,0.163964426877103,0.8697591479954,NA
"ENSMUSG00000020893",142.540703790351,0.620135284619633,0.444427744984805,1.39535681923017,0.162908265824558,0.349714707580687
"ENSMUSG00000020894",362.278014049392,-0.0679478648679896,0.194829966038997,-0.348754692357691,0.727273480451947,0.851290492746847
"ENSMUSG00000020895",485.359945789439,-0.339449047749258,0.258958269769268,-1.31082528490674,0.189916797948786,0.384777115745799
"ENSMUSG00000020897",1668.65004029295,-0.780666268528173,0.577743867083249,-1.35123246304523,0.176620978626924,0.367789840684041
"ENSMUSG00000020898",272.137642630427,0.208754032358029,0.290162354175057,0.719438718890757,0.471870647572428,0.667865100493158
"ENSMUSG00000020899",238.726316207403,0.58136185438856,0.292049605321,1.9906270845652,0.0465219003292529,0.160974424308303
"ENSMUSG00000020900",27.4238680784955,0.409620743010655,0.850068286688271,0.481868044514954,0.629899687965159,NA
"ENSMUSG00000020901",1132.95817006747,0.0212008511208292,0.184157433787596,0.115123515161934,0.9083472214168,0.960424888619646
"ENSMUSG00000020902",1.8159151449502,1.47523834277764,1.85480422746802,0.795360675229576,0.426403728169991,NA
"ENSMUSG00000020903",1371.80622269965,-0.683113569828756,0.230457343508901,-2.96416490543454,0.00303505594889881,0.033004981358487
"ENSMUSG00000020904",0.481749194067854,-3.07323521706307,7.23102304538294,-0.425006973117774,0.670831591458402,NA
"ENSMUSG00000020905",0.184644303281192,-1.7995519578735,7.35337256440283,-0.244724708575899,0.806669594995757,NA
"ENSMUSG00000020907",0.21358189645737,0,7.3561311249555,0,1,NA
"ENSMUSG00000020908",0.774076337720657,1.15907823464231,6.55346225832114,0.176865020191516,0.859614415254121,NA
"ENSMUSG00000020910",1067.65756215179,-0.802025392475717,0.227065016280238,-3.53213984969783,0.000412211294821752,0.0128292625834439
"ENSMUSG00000020911",0.120999106491108,0,7.3561311249555,0,1,NA
"ENSMUSG00000020912",0.197878145910905,-2.55350673461413,7.29474275087065,-0.350047537222523,0.726303022177819,NA
"ENSMUSG00000020913",0.0838390446623798,0,7.3561311249555,0,1,NA
"ENSMUSG00000020914",6267.71901565978,0.823683485999,0.201868300453038,4.0803012862865,4.49773653089381e-05,0.00529287209617682
"ENSMUSG00000020916",0.0807107925074939,0,7.3561311249555,0,1,NA
"ENSMUSG00000020917",1596.95228357509,-0.222366263027762,0.11048671241127,-2.01260638654933,0.0441560545652412,0.156052024994196
"ENSMUSG00000020918",228.658259785038,0.0641574194973917,0.232320740940054,0.276158810607212,0.782426091847366,0.889304578350145
"ENSMUSG00000020919",588.304899752164,-0.0239653156155796,0.144240938487059,-0.166147807043905,0.868040632379066,0.937973507987217
"ENSMUSG00000020921",151.026351042773,0.183805788059937,0.431411276210313,0.426056985979966,0.670066322333124,0.817123809062784
"ENSMUSG00000020922",1431.14537630757,-0.464613981008855,0.199158076082575,-2.332890486531,0.0196538938192131,0.0947701172697176
"ENSMUSG00000020923",1034.7017502183,-0.0633169374325276,0.188357316015888,-0.336153321632524,0.736755250655515,0.857139098299011
"ENSMUSG00000020925",395.908207209468,-0.210080222413837,0.210412565507878,-0.998420516886724,0.318075488869789,0.529590063580573
"ENSMUSG00000020926",5.44221037287434,-0.604391016720132,1.72295544332394,-0.350787374718255,0.725747869599227,NA
"ENSMUSG00000020928",0.0400922426516566,0,7.3561311249555,0,1,NA
"ENSMUSG00000020929",893.488330275997,-0.00325882334587093,0.229853638221353,-0.014177819290085,0.988688115851885,1
"ENSMUSG00000020930",1.05297590325115,1.01836752476068,4.25062780344429,0.239580497717418,0.810655485076308,NA
"ENSMUSG00000020932",0.544881162423783,0.520568449871968,7.34015790776058,0.070920606397525,0.943460943135037,NA
"ENSMUSG00000020935",215.600760435927,-0.727220386726483,0.340458074423233,-2.13600569749582,0.0326789494234735,0.129523422233775
"ENSMUSG00000020936",2019.12054455561,-0.0080089822584864,0.231868948094658,-0.0345409867267644,0.972445759152595,0.992424770723044
"ENSMUSG00000020937",1.89264341926252,2.96450504172801,2.7736083473413,1.0688261176347,0.28514802834955,NA
"ENSMUSG00000020940",0.158854981207431,0,7.3561311249555,0,1,NA
"ENSMUSG00000020941",194.771593759075,0.199593225682122,0.293345869345951,0.680402373236544,0.496249718740206,0.686842406853394
"ENSMUSG00000020945",0.237618589765664,0,7.3561311249555,0,1,NA
"ENSMUSG00000020946",1075.97206960343,-0.738444145295513,0.328245041584244,-2.24967341998978,0.0244696839998764,0.107408004590932
"ENSMUSG00000020948",602.351989808457,0.0466399462936685,0.305626338179373,0.152604473068337,0.878710197322471,0.944341193795675
"ENSMUSG00000020949",8151.87123197901,-0.873524589976319,0.273622673875289,-3.19244226951181,0.00141075142074255,0.0233198625318397
"ENSMUSG00000020950",7.49536459611366,1.01339826225784,1.64802130151961,0.614918181775563,0.538608754849272,NA
"ENSMUSG00000020952",1158.7507516885,-0.609929189150584,0.244001320820885,-2.49969626024409,0.0124299827786466,0.0714362673063497
"ENSMUSG00000020953",3.17986368984369,3.07021204694647,1.85503058948289,1.65507354129526,0.097909581192986,NA
"ENSMUSG00000020954",868.8036472442,0.705491734935572,0.206858505971513,3.41050386892346,0.000648429641455152,0.0159769589443781
"ENSMUSG00000020955",815.462554918495,-0.428371038449538,0.284919123361803,-1.50348293015619,0.132714555504996,0.307948409703183
"ENSMUSG00000020956",507.29119985279,0.143747875227379,0.359923061648801,0.399385009031854,0.689609538089564,0.830821896325134
"ENSMUSG00000020961",37.6477484404079,-0.417780123302394,0.947092689540902,-0.441118517665795,0.65912719827714,NA
"ENSMUSG00000020962",555.962982884005,-0.0397737987060168,0.184616399677488,-0.215440225112714,0.829424111132852,0.916205381765905
"ENSMUSG00000020963",2.1052117948259,1.53077910558771,2.291086642152,0.668145445669335,0.504040754988811,NA
"ENSMUSG00000020964",861.855803044803,0.421310896006767,0.323457889167574,1.30252162682141,0.192738129826188,0.388344152737845
"ENSMUSG00000020973",293.223112536634,-0.50817531017632,0.258429133326177,-1.96640101537981,0.0492523062463968,0.166705743881952
"ENSMUSG00000020974",645.82493259918,0.259010480770346,0.297726057700249,0.869962417032096,0.38432094321652,0.593224941239117
"ENSMUSG00000020978",882.508222512985,0.0692195805543313,0.167463853673797,0.413340425625008,0.679357215615409,0.824036197258989
"ENSMUSG00000020982",2761.66988045071,0.570343215584729,0.229588019239388,2.48420286683183,0.0129841815530979,0.0732583531120847
"ENSMUSG00000020986",277.738939153513,-0.116964789469317,0.235427938143812,-0.496817796526206,0.619317544203735,0.780905898055228
"ENSMUSG00000020988",68.7838862619406,0.10577580563659,0.546959142764573,0.193388861006971,0.846654438404468,0.926306488503394
"ENSMUSG00000020990",0.70446742395558,-1.12345373687238,5.75896364062371,-0.195079150864496,0.845330984205852,NA
"ENSMUSG00000020993",1372.93294942438,-0.455463684204302,0.178449475663167,-2.55233971695167,0.0107002130104213,0.0655338324708891
"ENSMUSG00000020994",1380.21066484732,0.481725473312082,0.264344760953712,1.82233788774212,0.0684037327329755,0.203054323743382
"ENSMUSG00000021000",1075.6300060692,0.333092943048641,0.193287220700123,1.72330556485895,0.0848332819638743,0.232035692366601
"ENSMUSG00000021003",66.5606059132002,0.739457552253001,0.468710361203011,1.57764285465139,0.114647681340313,0.281773329201641
"ENSMUSG00000021007",411.171420193616,0.731266110496823,0.420476001023148,1.73913875873398,0.0820103585050311,0.227580195433542
"ENSMUSG00000021009",26.6353461168555,1.25906232108439,0.551602234146157,2.28255478883862,0.0224566066836815,NA
"ENSMUSG00000021010",1.11789349190503,-2.07365204320647,3.20336315544991,-0.647335922459665,0.517414557205544,NA
"ENSMUSG00000021012",1221.06664166032,-0.467731918215594,0.237499285262255,-1.96940347714776,0.0489067767815234,0.166188892569735
"ENSMUSG00000021013",8.51536861300604,1.75167343055581,1.42849451069944,1.22623742509038,0.220109341467991,NA
"ENSMUSG00000021018",1498.29034669592,-0.819151530809518,0.259744230609949,-3.15368518055601,0.00161222905199956,0.0246319693647846
"ENSMUSG00000021022",832.160680124406,-0.0632455162107182,0.287047934487983,-0.220330852836587,0.825613493409286,0.914088705541182
"ENSMUSG00000021023",107.3539832695,-0.101791672711532,0.315075459330478,-0.323070774625975,0.746641642911104,0.864238307485287
"ENSMUSG00000021024",8083.4751514564,-0.983047362827567,0.285050086422261,-3.44868291452233,0.000563327786562289,0.0148460518370694
"ENSMUSG00000021025",2946.09832366182,-0.485237236042433,0.310982827051117,-1.56033450671111,0.118680852996184,0.287328001926838
"ENSMUSG00000021027",503.023209640848,0.539938844956457,0.220822366034467,2.44512752332425,0.0144800932470923,0.0783875803655573
"ENSMUSG00000021028",390.113467939067,-0.55669854106642,0.3594567108753,-1.54872206923283,0.121448546290534,0.290964343209385
"ENSMUSG00000021032",0.974328514923881,2.60134576689665,6.22492754892286,0.417891733912113,0.676026276443872,NA
"ENSMUSG00000021033",174.850007497683,-0.125588552659767,0.307253510940936,-0.408745704077271,0.682726289418642,0.826242577240851
"ENSMUSG00000021036",1045.49700115764,0.374334883082229,0.166346917982435,2.25032653217991,0.0244282248876028,0.107298896811389
"ENSMUSG00000021037",2403.4876842922,-0.973772300881602,0.234890531327838,-4.14564305924492,3.38861352314806e-05,0.00431971067957904
"ENSMUSG00000021038",317.959252044157,-0.0243772709848169,0.239456275477711,-0.101802598141079,0.918913363348927,0.965480533196019
"ENSMUSG00000021039",1603.12226157045,0.446224908803996,0.228692059206979,1.95120421037504,0.0510327583376677,0.17002319385502
"ENSMUSG00000021040",2719.85505007084,-0.761017410728824,0.19699193223744,-3.86319075144432,0.00011191554777687,0.00784599425371886
"ENSMUSG00000021044",111.082571540455,0.263756078141791,0.300133284596039,0.878796493687097,0.379511627765412,0.588281706203717
"ENSMUSG00000021047",1.99921811986935,-0.636193070725375,2.13604082118826,-0.297837505919698,0.765827187292426,NA
"ENSMUSG00000021048",430.964831583432,0.278407076246958,0.307222716005776,0.906206024953322,0.364826814640778,0.574162245299171
"ENSMUSG00000021051",543.082315553195,-0.425800386201282,0.204553235151178,-2.08161159556625,0.0373779613961833,0.140433731813482
"ENSMUSG00000021054",654.152854276428,-0.342551997523182,0.231590978185158,-1.47912496508957,0.139106919011555,0.317079848332401
"ENSMUSG00000021055",17.6817550445673,-0.59677678368894,0.606811681728906,-0.983462912231065,0.325379660064354,NA
"ENSMUSG00000021056",0.461645252218571,3.39529971442236,7.2422057748554,0.4688212155212,0.639197434047574,NA
"ENSMUSG00000021057",71.4870565934977,0.876431341090084,0.514948156880093,1.70197976122509,0.0887591622798446,0.239004173014509
"ENSMUSG00000021061",6.6944564816649,-0.573176981108083,0.964197420618467,-0.59446018922186,0.552204361764649,NA
"ENSMUSG00000021062",0.980537360787599,2.39943668726718,5.17254368743812,0.463879443511397,0.642734121388056,NA
"ENSMUSG00000021065",628.403271464842,0.152294470572125,0.19076590116172,0.798331723042154,0.424678013493317,0.627682739740048
"ENSMUSG00000021066",11.2651699480877,0.775575924727022,0.962383027856553,0.805891108090722,0.420305638750779,NA
"ENSMUSG00000021067",198.551109077477,-0.439936453464982,0.279383810027802,-1.57466695518686,0.115333339138086,0.282806752517383
"ENSMUSG00000021068",716.279556590792,0.307137528420286,0.295231062944011,1.04032931141305,0.298186930751327,0.509168735615282
"ENSMUSG00000021069",27.0929261610365,-0.193770579344997,1.04641112797666,-0.185176336684866,0.853090728693732,NA
"ENSMUSG00000021070",0.818714578873244,-0.118090250024222,5.61095838830143,-0.021046359971308,0.983208673944542,NA
"ENSMUSG00000021071",2.79845028989817,1.48410407850652,2.03625345297367,0.728840546022983,0.466099206291206,NA
"ENSMUSG00000021072",1090.61286527409,0.157100145796162,0.166558584382776,0.943212542171487,0.345572199384137,0.554272463234171
"ENSMUSG00000021076",3813.97150367695,-1.01802075286106,0.335219638504615,-3.03687682918091,0.00239043112005722,0.0295737316918219
"ENSMUSG00000021078",0.419497401120406,1.11372788735802,7.35488673123332,0.151426925805459,0.879638950639837,NA
"ENSMUSG00000021079",642.88016806976,-0.60849038337797,0.231472679249721,-2.62877841717774,0.00856921769479293,0.0570415602107934
"ENSMUSG00000021081",0.201014205772485,1.88308522219184,7.32751917282382,0.256988098942926,0.797187960287774,NA
"ENSMUSG00000021086",0.197857571164589,2.15599802598802,7.28506251171148,0.295947772928789,0.767269966756328,NA
"ENSMUSG00000021087",0.921622485348724,-1.11927303085136,4.62799786792541,-0.241848216614044,0.808897776211702,NA
"ENSMUSG00000021090",0.952719352722716,-0.414222740405778,4.08335455460547,-0.10144177657524,0.919199774584935,NA
"ENSMUSG00000021091",0.122618034161619,1.15291026490531,7.35608545721033,0.156728775326454,0.875458607902228,NA
"ENSMUSG00000021094",1490.02796551888,-0.259755038536124,0.228995061196325,-1.13432594213649,0.256657851158163,0.466200451800522
"ENSMUSG00000021095",0.114228629431371,-3.13863321915088,7.26774571323647,-0.431857874916372,0.665844712909321,NA
"ENSMUSG00000021096",743.060984433409,-0.110847219160936,0.168925208956926,-0.656191102828242,0.511701172763616,0.700383009245132
"ENSMUSG00000021097",15.4235492671447,0.0175783273402602,0.853725058516568,0.0205901503826118,0.983572597657929,NA
"ENSMUSG00000021098",3.99197869365287,1.7088717140413,2.35056180175116,0.727005651486463,0.467222493696227,NA
"ENSMUSG00000021099",3.28118114847683,0.112758773541196,1.51548402791213,0.0744044618514013,0.940688558602525,NA
"ENSMUSG00000021102",2073.2321409132,-0.54932163428023,0.205460798784315,-2.67360799495814,0.0075040110532787,0.0525907916082005
"ENSMUSG00000021103",603.179974119499,-0.353067681408144,0.179319950005084,-1.96892583004922,0.0489616089002535,0.16626090827173
"ENSMUSG00000021108",2197.6002131119,-0.00575473914823742,0.145195245224046,-0.0396344876125762,0.968384531892746,0.990529914917197
"ENSMUSG00000021109",1856.04128074022,0.065814001642979,0.272907982129642,0.241158214316043,0.809432495361364,0.904152228983906
"ENSMUSG00000021111",2796.09863118659,-0.590759172477451,0.183111798360258,-3.22622123624813,0.0012543635661215,0.0219322094998944
"ENSMUSG00000021112",124.364557546237,0.369121651177436,0.326830865024929,1.12939654934145,0.258730587849722,0.468037816017274
"ENSMUSG00000021113",442.495883525278,-0.000703698600750525,0.274603389324882,-0.00256259983709809,0.997955343392312,1
"ENSMUSG00000021114",2886.02627773663,-0.681477338245725,0.243128873505278,-2.80294696561793,0.00506379955153873,0.0424682627664649
"ENSMUSG00000021115",1194.96250684861,-0.453398168420698,0.239328815889913,-1.89445707461008,0.0581643668563879,0.18357431876609
"ENSMUSG00000021116",6029.31363870082,-1.34322378326641,0.426611323692132,-3.1485891458328,0.00164060675156707,0.0246859901676438
"ENSMUSG00000021118",2.59380070986173,-4.15092029161203,2.58742851392405,-1.60426472432926,0.108655713221082,NA
"ENSMUSG00000021120",359.552382597902,0.126606227244283,0.206630274351729,0.612718671750744,0.540062374287928,0.723200057995574
"ENSMUSG00000021123",207.628603344344,0.541950888264694,0.291161111090099,1.86134366033858,0.0626956612511729,0.193308362903258
"ENSMUSG00000021124",1837.67308336105,-0.359821662416139,0.18837883882705,-1.91009597817136,0.0561208567511937,0.179939886145167
"ENSMUSG00000021125",8.28940335735034,0.344422736480443,1.40582131447182,0.244997520620069,0.806458351128116,NA
"ENSMUSG00000021127",620.763478056597,0.111664867352985,0.229684985904995,0.486165288135872,0.626849980142108,0.78535007017804
"ENSMUSG00000021130",126.53730476671,0.519805291877272,0.284182133530324,1.82912727629939,0.0673805436667893,0.201286392912122
"ENSMUSG00000021131",8129.3320204311,-0.867242036442667,0.309138937076741,-2.80534715116583,0.00502624136929083,0.0423928292964504
"ENSMUSG00000021133",272.281562055771,0.600690240426227,0.239732337516715,2.50567047670131,0.0122219464576415,0.0710187867029355
"ENSMUSG00000021134",6124.73850195765,-0.514753209856918,0.252149491801297,-2.04146042960325,0.0412050832053108,0.149438920103891
"ENSMUSG00000021135",22.4023989424283,0.646491094220231,0.646084019737758,1.00063006431058,0.317005689685247,NA
"ENSMUSG00000021136",5.45990479173265,0.613555146494299,1.23622773192666,0.496312395077946,0.619674022462468,NA
"ENSMUSG00000021139",183.026147161381,-0.833959156813606,0.529122397386147,-1.57611766376427,0.114998688972934,0.282285085795244
"ENSMUSG00000021140",101.116391718828,0.546012391333581,0.420737549561813,1.29775056184607,0.194373062974257,0.390584613294851
"ENSMUSG00000021143",210.657358033396,-0.000695639368119229,0.232797327724395,-0.00298817591644688,0.997615784119493,1
"ENSMUSG00000021144",244.293473768844,-0.0133356548750044,0.277052552184253,-0.0481340264504605,0.961609428438043,0.987588753734659
"ENSMUSG00000021147",567.301407387556,0.327478177511537,0.232950355446126,1.40578526649757,0.159787898373177,0.345340870949477
"ENSMUSG00000021148",0.288843571422178,1.15555327611226,7.3559550353015,0.157090856396854,0.875173243652058,NA
"ENSMUSG00000021149",11688.0610725507,0.276308227128268,0.364404128504799,0.758246697868104,0.448303310153579,0.64901555665907
"ENSMUSG00000021156",1045.92620290056,-0.572681720151928,0.256454467329426,-2.2330736762573,0.0255440861962794,0.110504722997909
"ENSMUSG00000021171",1794.95936173693,0.374908269172005,0.175140441449044,2.1406150747946,0.0323050921111466,0.128575827185171
"ENSMUSG00000021175",711.478537560772,-0.241058216348553,0.222373445047787,-1.08402429209455,0.278354028259032,0.488995461193947
"ENSMUSG00000021176",164.296536390461,0.188449606639561,0.407459029185472,0.462499522998127,0.643723144315446,0.797493831502466
"ENSMUSG00000021177",400.215344997619,0.0517884811421218,0.208399540660641,0.248505735559439,0.803743132906032,0.901509232812451
"ENSMUSG00000021178",3662.59167863318,-0.488880768656841,0.249985901512153,-1.95563336052003,0.0505083600549642,0.168902279818444
"ENSMUSG00000021179",230.502710878061,0.65611018963434,0.366544578311927,1.78998743524177,0.0734559313334419,0.212313415564641
"ENSMUSG00000021180",233.11850296879,0.297055425764779,0.325290518062913,0.913200383256567,0.361137162423706,0.570372961479009
"ENSMUSG00000021182",1387.09505914079,0.629081318491829,0.296085780036705,2.12465900393407,0.0336150765914121,0.131650171198934
"ENSMUSG00000021185",96.7621663397267,0.849272665523895,0.612879762447914,1.38570844978108,0.165835946984623,0.353181053191262
"ENSMUSG00000021186",1.32391780872832,1.11486324814949,3.20381006544713,0.347980443713944,0.727854870407306,NA
"ENSMUSG00000021187",322.24555503063,0.334298303443207,0.350108441738011,0.954842167711469,0.339657519388293,0.548344696905646
"ENSMUSG00000021188",992.50297436006,0.883288101941917,0.234822877060189,3.76150787776744,0.00016889210095006,0.00888031073346459
"ENSMUSG00000021189",289.753507925504,0.160409009820356,0.362416760835581,0.442609247570449,0.658048394734267,0.807749705941666
"ENSMUSG00000021190",31.8708108634818,0.251114704400781,0.770790986538474,0.325788324962783,0.744584512579534,NA
"ENSMUSG00000021192",536.813389121465,-0.0434693117807509,0.199554530454145,-0.217831745948456,0.827560208756603,0.915241962805887
"ENSMUSG00000021193",243.703012601226,0.0063574574555577,0.307662801669125,0.020663718269051,0.98351391146313,0.997643408395386
"ENSMUSG00000021194",1.08070825708712,-2.01618963975842,3.27944014383544,-0.614796901705426,0.538688855681898,NA
"ENSMUSG00000021196",3180.54539506632,0.292747588277216,0.187262749430829,1.56329856934708,0.117982384662148,0.286338294226695
"ENSMUSG00000021198",11.9801724824889,0.244062514270154,0.932154201956615,0.261826330619827,0.793455338107531,NA
"ENSMUSG00000021200",10.1554109364366,0.972469858900286,2.36342849505857,0.411465741795664,0.680731056517004,NA
"ENSMUSG00000021203",14.9447812455278,1.27231627521558,0.900571073684532,1.41278829888475,0.157717979742105,NA
"ENSMUSG00000021207",0.292856862443928,-1.64693447740159,7.34949907124978,-0.224087990410689,0.822688837140911,NA
"ENSMUSG00000021208",0.889945152487621,-1.1292882876302,2.5203689426024,-0.448064673604554,0.654106522231311,NA
"ENSMUSG00000021209",1.51268389459279,-3.20970634819777,3.25176976947255,-0.987064452818993,0.323611042747296,NA
"ENSMUSG00000021210",0.044481691519064,0,7.3561311249555,0,1,NA
"ENSMUSG00000021211",6.46982684437378,-0.935629350065647,1.43145731422006,-0.653620153930635,0.513356556506311,NA
"ENSMUSG00000021213",375.687660087432,-0.943390324770763,0.428402766992601,-2.20211071789612,0.0276574885809212,0.116486695620965
"ENSMUSG00000021214",0.161422181479377,0,7.3561311249555,0,1,NA
"ENSMUSG00000021215",263.875828694573,-0.372244209666281,0.291432693455161,-1.27729049631679,0.201499707611199,0.398205639691463
"ENSMUSG00000021216",1.95700049960037,-1.82545126968684,2.74010137209003,-0.666198443707383,0.505284267557712,NA
"ENSMUSG00000021217",3.69259572651987,-0.24219116432523,1.85978031871347,-0.130225684124225,0.896387874613155,NA
"ENSMUSG00000021218",5046.39649241469,-0.392662606586054,0.14618921829498,-2.68598882438609,0.0072315507549776,0.0514272512323407
"ENSMUSG00000021219",2.19518683410839,0.915011216265812,2.74595316580883,0.333221712467296,0.738966929616077,NA
"ENSMUSG00000021221",4.24041255272318,-0.00685507981976498,1.48893416853703,-0.00460401807186715,0.996326538040523,NA
"ENSMUSG00000021222",161.521190200064,0.390225447687396,0.202530141920098,1.92675245268601,0.054010487576029,0.175680707367241
"ENSMUSG00000021223",1.07888205581921,3.18460708961384,4.34928138249895,0.73221454524151,0.464037627833062,NA
"ENSMUSG00000021224",178.334443305677,0.711757192149495,0.369685045752325,1.92530696150026,0.0541909672443725,0.176036053634776
"ENSMUSG00000021226",97.9965285849438,-0.168992299928319,0.273031359769055,-0.61894831447663,0.535950408608162,0.720294442593036
"ENSMUSG00000021228",0.241696585885614,1.52035449078617,7.34003584395845,0.207131752910658,0.835906964554798,NA
"ENSMUSG00000021234",60.4635063366374,0.533490651250198,0.535917065571233,0.995472407062744,0.319506557914211,NA
"ENSMUSG00000021235",263.626647817762,-0.0601370147485452,0.27455886189999,-0.219031410359104,0.826625579856748,0.914515260983095
"ENSMUSG00000021236",442.347502899067,-0.232652121382423,0.22517597246008,-1.0332013617646,0.301509675757952,0.512540523622933
"ENSMUSG00000021238",43.2911538222761,-0.163383121887125,0.427896024379675,-0.381829025226356,0.702588188003266,NA
"ENSMUSG00000021239",2.35738930566615,0.00863643161853345,1.96108400068955,0.00440390703075275,0.996486201930954,NA
"ENSMUSG00000021240",196.27771268377,0.413110429132471,0.245072386043059,1.6856669811012,0.0918599600429951,0.244489958272754
"ENSMUSG00000021241",1810.32457262199,-0.652359304483431,0.264449429435472,-2.46685843064982,0.0136304235114707,0.0753631512160185
"ENSMUSG00000021242",4697.83761746674,-0.461182605370058,0.185186565210887,-2.49036751043399,0.0127611064144543,0.0724962855786674
"ENSMUSG00000021243",4483.3116609845,-0.959471467476174,0.304775896890956,-3.14812121714289,0.00164323535966714,0.0246859901676438
"ENSMUSG00000021244",564.469857115613,0.19789378365676,0.172894683635735,1.14459149058449,0.25237841889388,0.46139461268097
"ENSMUSG00000021245",64.9185961478636,0.32935976367811,0.360626828644305,0.913298006463534,0.361085830551861,NA
"ENSMUSG00000021248",2836.33542945376,-0.197285051092098,0.20500163440075,-0.962358430306136,0.335869587444563,0.544624413457219
"ENSMUSG00000021250",751.447105237301,0.0177629757941032,0.28662906712946,0.0619719973692698,0.950585131987306,0.982779732250375
"ENSMUSG00000021252",2299.40763939992,-0.285070443534781,0.232994862541308,-1.22350527571929,0.221138912771368,0.423692483450318
"ENSMUSG00000021253",4.62581635333708,0.819363226383451,1.77980952386842,0.460365682616734,0.645253762700212,NA
"ENSMUSG00000021254",263.219827184665,1.09511494740873,0.28742624570215,3.81007289272934,0.000138925824878418,0.00827278180074193
"ENSMUSG00000021255",0.97755834595346,-2.31052748096403,6.1433625559609,-0.376101436292756,0.706841486574934,NA
"ENSMUSG00000021256",0.511373668879893,0,6.40868963973907,0,1,NA
"ENSMUSG00000021257",25.4487227160234,-0.174197759455202,0.67328891851106,-0.258726610027134,0.795846186621423,NA
"ENSMUSG00000021258",360.794753909131,-0.182184635583159,0.281707392465455,-0.646715849338246,0.517815863434215,0.704848500419611
"ENSMUSG00000021259",0.176256729254004,-2.00845627452784,7.35135964197872,-0.273208817462675,0.784692702383481,NA
"ENSMUSG00000021260",0.837312174779062,-2.6458026327442,3.97724621753438,-0.665234810226161,0.505900318912495,NA
"ENSMUSG00000021262",1600.31543583006,0.113823497753927,0.270496420502968,0.420794839141607,0.673904900528429,0.820590039630885
"ENSMUSG00000021263",3.16146262619764,-1.00737367600795,1.66294946365251,-0.605775279421514,0.544663987355575,NA
"ENSMUSG00000021264",1201.29870831,-0.0878487297750108,0.19397522912135,-0.452886330759547,0.650630594337146,0.802030605439916
"ENSMUSG00000021265",42.5187489824994,-0.200461925149315,0.559566707095913,-0.358244910941342,0.720160040439556,NA
"ENSMUSG00000021266",450.044760700559,-0.563074104670165,0.202027495557614,-2.78711619483293,0.00531794071029109,0.0434086242124091
"ENSMUSG00000021270",14702.1693763247,-0.77437183907862,0.21653618424973,-3.57617754169687,0.000348654909630582,0.0122503209229117
"ENSMUSG00000021271",83.3704065445003,-0.0622837847577353,0.356730099967159,-0.174596381868167,0.86139679176775,0.934061790985543
"ENSMUSG00000021273",672.697530694933,-0.240103211207956,0.340102459769361,-0.705973168705634,0.480204823434559,0.674169106611364
"ENSMUSG00000021275",66.2221101843815,0.654630249549034,0.582988612318384,1.12288685527793,0.261485550855051,0.471160165913631
"ENSMUSG00000021276",1205.35299878093,-0.665086582119062,0.27214605624,-2.44385897524282,0.0145311053869365,0.0785865367485048
"ENSMUSG00000021277",315.033819806181,0.221568828386132,0.302264507907923,0.73302959027405,0.463540382041727,0.661101814526399
"ENSMUSG00000021278",2.73439936019046,-0.232546561999814,1.55740885187257,-0.149316322249105,0.881304036359745,NA
"ENSMUSG00000021279",1.59879506513139,-0.685590506910465,3.39894690519971,-0.201706742126995,0.840145991484257,NA
"ENSMUSG00000021280",1.41005704177197,-0.0574929868886324,3.198717127697,-0.0179737640414693,0.985659783291926,NA
"ENSMUSG00000021281",66.35197053984,-0.864978864236654,1.77350178822527,-0.487723705710063,0.625745558243344,0.784864557234294
"ENSMUSG00000021282",5301.52361466531,-0.530214413423493,0.188598440555356,-2.81134038999579,0.0049335561661874,0.0421038521494596
"ENSMUSG00000021285",197.325061076773,-0.229539683800276,0.280908626526634,-0.81713291129033,0.413852476790795,0.618526116280164
"ENSMUSG00000021286",123.487072219254,0.441528417603867,0.462218769559151,0.955236884960302,0.339457916849901,0.548290755278836
"ENSMUSG00000021287",72.6818466367682,0.944332997768512,0.404039781342435,2.33722777155986,0.019427343873551,0.0941907826125011
"ENSMUSG00000021288",291.070878217694,0.133424638005657,0.297498440857156,0.448488528616259,0.653800663256512,0.80393326984583
"ENSMUSG00000021290",7181.8498177404,-0.671469073726354,0.236030728895312,-2.84483752123722,0.00444340821200606,0.0398576135895462
"ENSMUSG00000021294",1.19954962685303,0.842050013038943,2.60116736507483,0.323720043679203,0.746149994655621,NA
"ENSMUSG00000021298",345.346807744215,0.042812627755861,0.218891212110739,0.195588609259479,0.844932176577803,0.92595812854165
"ENSMUSG00000021301",4.36165293855759,-0.901170346049105,1.48889324007613,-0.605261896415772,0.54500499484042,NA
"ENSMUSG00000021302",1323.11043463893,-0.149271676561223,0.283261763208079,-0.526974325340093,0.598211417994253,0.765742382149212
"ENSMUSG00000021303",14.8563290774979,-0.188992485308712,0.614195192873095,-0.307707529302922,0.758304889985461,NA
"ENSMUSG00000021306",75.8316314749524,0.179625227447677,0.532590624890109,0.337266972141577,0.735915655023788,0.856870095094375
"ENSMUSG00000021311",226.82568530191,0.85809133554195,0.318224111715927,2.6965000575065,0.00700723855058208,0.0506147581334613
"ENSMUSG00000021313",13.0821241782252,-0.204730027406397,1.29659924373561,-0.157897691515347,0.874537417149758,NA
"ENSMUSG00000021314",0.64633411973866,-2.07769979817436,7.34824411624447,-0.28274779189511,0.777370177793213,NA
"ENSMUSG00000021318",1.41623393081346,0.144060155717319,3.39586918478038,0.042422174671206,0.966162151427836,NA
"ENSMUSG00000021319",3.67316068454555,-0.928838236429268,1.70061084618262,-0.546179179389713,0.58494277660734,NA
"ENSMUSG00000021322",9.61846382059035,0.207441958310899,1.03300521778668,0.200814046956475,0.840843978786167,NA
"ENSMUSG00000021326",934.287812619952,-0.158490968507576,0.181290914849151,-0.874235582292986,0.381989972111312,0.590918759674541
"ENSMUSG00000021327",425.949178082762,0.206024167141906,0.194313400240308,1.06026741792957,0.289022957654237,0.501092186918196
"ENSMUSG00000021335",0.210833624890071,2.23127506450369,7.31800489087201,0.304902100746999,0.76044071573641,NA
"ENSMUSG00000021336",0.22556386000403,-0.69473995777524,7.19582852666731,-0.0965475977089471,0.923085672953877,NA
"ENSMUSG00000021337",0.522302007270727,2.04263766391522,7.20765069772273,0.283398537135075,0.776871349641024,NA
"ENSMUSG00000021338",7.29106876080026,1.5854458418553,1.16048166836682,1.36619636920809,0.171877336818971,NA
"ENSMUSG00000021339",284.786902395622,-0.371983874236175,0.289799011013506,-1.28359262833661,0.199284530410936,0.395567787773514
"ENSMUSG00000021340",17.8236840176131,-0.222086926507637,0.659203762468526,-0.336901788418176,0.736190937093888,NA
"ENSMUSG00000021342",0.0380762098104571,-1.67431590235222,7.3501929692546,-0.227792101425878,0.819807867435575,NA
"ENSMUSG00000021345",0.264760408997618,1.06512332683409,7.26051970150175,0.146700700586734,0.883368265600012,NA
"ENSMUSG00000021346",0,NA,NA,NA,NA,NA
"ENSMUSG00000021347",0.182670016295319,2.74489496579647,7.26108474307984,0.378028223456899,0.705409627709963,NA
"ENSMUSG00000021348",0.0352597853922182,1.155567702399,7.3559553626321,0.157092810577567,0.875171703562209,NA
"ENSMUSG00000021356",694.079675297612,0.0783003787521963,0.290613238885903,0.269431561522693,0.787597601256148,0.892514305676605
"ENSMUSG00000021357",737.967315348964,0.00700776741495435,0.168142666796384,0.0416775084425213,0.966755784041503,0.989888225113969
"ENSMUSG00000021359",10.9495344273264,0.709479163302932,0.774073439468547,0.916552780560507,0.359377037661793,NA
"ENSMUSG00000021360",10.7720066604656,2.43753101475843,1.42576088020939,1.70963521905613,0.0873333487491219,NA
"ENSMUSG00000021361",3601.79873457389,0.150209817320695,0.390997642090765,0.384170647468575,0.700851972111437,0.836907676289147
"ENSMUSG00000021362",3.40437716557659,-0.0544963523553425,1.38846183156625,-0.0392494421642604,0.968691514834518,NA
"ENSMUSG00000021363",0.375192916516485,1.77223916795447,7.24311892458984,0.244679010023962,0.806704981685675,NA
"ENSMUSG00000021364",0.716412316456783,0.601517711222833,6.71225320824027,0.0896148718711002,0.928593265915343,NA
"ENSMUSG00000021365",873.547027527445,-0.243884417401692,0.135437655947702,-1.80071351423761,0.0717480464291309,0.209088867615554
"ENSMUSG00000021366",228.425289120974,0.933262522408455,0.476145463588098,1.9600365723862,0.0499915158000732,0.168330151502391
"ENSMUSG00000021367",0.0778989378474592,1.14790537520705,7.35576012811432,0.156055302948183,0.875989429704913,NA
"ENSMUSG00000021368",424.070750132538,-0.757075697271508,0.311223028388595,-2.43258251547575,0.0149915751858868,0.0799308094457881
"ENSMUSG00000021371",357.023101652305,-0.0953310051937242,0.265558511902099,-0.358983052401156,0.719607767643561,0.847631408860415
"ENSMUSG00000021373",0.73280515947002,-1.86169540852265,6.40823478831924,-0.290516104671461,0.771421432052211,NA
"ENSMUSG00000021374",1161.07096184284,0.635615614192082,0.221209256725902,2.87336806605552,0.00406120665536946,0.0380878903481659
"ENSMUSG00000021375",10.9321632346866,0.517162475566584,1.08377055556676,0.47718815842541,0.633228142572462,NA
"ENSMUSG00000021376",80.9364281516236,-0.626098643991136,0.495479786554653,-1.26362096089681,0.206366106490525,0.40447189586147
"ENSMUSG00000021377",9105.500814249,-0.0395393714867549,0.211350619425436,-0.187079515519018,0.851598288852663,0.928932200808619
"ENSMUSG00000021379",0.332316662111132,0,7.3561311249555,0,1,NA
"ENSMUSG00000021381",0.0407969102058399,0,7.3561311249555,0,1,NA
"ENSMUSG00000021384",517.239334561275,-0.16216941061795,0.331947263318932,-0.488539682467993,0.625167625082987,0.784634582776197
"ENSMUSG00000021385",122.313893687769,-0.0404610688772481,0.317545242808242,-0.127418280681602,0.898609348274816,0.955008516368006
"ENSMUSG00000021388",13.5603313718797,-0.289614780459079,2.0988939482515,-0.137984475442576,0.890252686977897,NA
"ENSMUSG00000021390",6.64473881859223,-3.20670028505358,2.1631486863403,-1.48242250072916,0.138227910609502,NA
"ENSMUSG00000021391",636.277639201708,-0.107091283514067,0.40873380134685,-0.262007407171078,0.793315731530877,0.895016157844721
"ENSMUSG00000021392",673.044683814236,0.726101362897856,0.310865800910837,2.33573896121857,0.019504850578636,0.0944661675501307
"ENSMUSG00000021395",679.835748564761,-0.306191298742998,0.139350865793204,-2.19726872165535,0.028001260127055,0.1172352631749
"ENSMUSG00000021396",27.4265791433619,0.135606361198866,0.708570863948531,0.191380097740959,0.848227811579396,NA
"ENSMUSG00000021400",495.618426945451,-0.203337281505706,0.202709342536453,-1.00309773077745,0.315813709473611,0.527245147466077
"ENSMUSG00000021403",290.464528138181,-3.09384745859389,1.73691916883912,-1.78122707958925,0.0748753615141807,0.214720901818299
"ENSMUSG00000021404",0.121528155707097,0,7.3561311249555,0,1,NA
"ENSMUSG00000021408",666.387326332622,0.552015111670411,0.264136952126964,2.0898821888619,0.036628383927183,0.139044383686714
"ENSMUSG00000021411",4.08747008278726,2.55396494135043,2.36074099002522,1.08184885683844,0.279319693188864,NA
"ENSMUSG00000021413",2027.55334489789,0.659095167355608,0.304063720748478,2.16762185811971,0.0301874692816474,0.123256147810444
"ENSMUSG00000021414",1.0347287123187,-0.0568079141289207,3.91392020320334,-0.0145143260923987,0.988419649898864,NA
"ENSMUSG00000021415",0.0352597853922181,1.155567702399,7.35595536263211,0.157092810577567,0.875171703562209,NA
"ENSMUSG00000021416",0.345537521005072,-0.112617822068684,7.23564936015185,-0.0155643006540495,0.987581986182504,NA
"ENSMUSG00000021417",668.866538142374,-0.623167873432456,0.267903998717349,-2.32608649522222,0.0200139368475039,0.0957125136611399
"ENSMUSG00000021418",206.535492283212,-0.0139698906734794,0.477893764408203,-0.0292322095702147,0.976679392682028,0.994999051495605
"ENSMUSG00000021420",283.756826821017,-0.433708931108461,0.236139466638422,-1.83666431233436,0.0662594667662429,0.199603575928856
"ENSMUSG00000021423",125.225110352765,-0.459485218147686,0.805747846772552,-0.570259318703945,0.568501828537973,0.743820534342203
"ENSMUSG00000021427",1920.94485095708,0.309346930018484,0.178301781747765,1.73496264022814,0.0827474227460828,0.22860767854808
"ENSMUSG00000021428",758.15512558331,0.113622734066418,0.164304454588113,0.691537757459182,0.48922766133582,0.680466569519152
"ENSMUSG00000021431",720.835648439459,0.0394949041203025,0.221818579318957,0.178050478195121,0.85868333316719,0.932917039882064
"ENSMUSG00000021432",674.493489559486,0.138775450583572,0.247685665101731,0.560288584026749,0.575282612871377,0.748837059288065
"ENSMUSG00000021439",0.580637938405063,1.16710290813019,7.25591206162245,0.160848546429217,0.872212688487298,NA
"ENSMUSG00000021440",0.0782132445170208,1.14439365416226,7.35593967859534,0.155574094427701,0.876368745927832,NA
"ENSMUSG00000021441",0.118789949034854,-1.67318970720571,7.35016447934931,-0.227639763968089,0.819926304243336,NA
"ENSMUSG00000021448",0.430340352725677,0.852188225537864,7.27759158910372,0.117097561068664,0.906782742426412,NA
"ENSMUSG00000021451",1851.51829847655,0.411159967255614,0.234673863389285,1.75204840163035,0.0797654855434267,0.223697151429809
"ENSMUSG00000021453",282.060897661945,-0.919995289827833,0.407311659947893,-2.25870108885547,0.0239019847003232,0.106046283107134
"ENSMUSG00000021456",0.379188922521179,0,7.3561311249555,0,1,NA
"ENSMUSG00000021457",57.0445091617775,-2.27715852940829,1.56526694219884,-1.45480522715787,0.145723190684015,NA
"ENSMUSG00000021458",3132.70353127651,0.199012256250698,0.263246380145224,0.755992375435169,0.44965376710161,0.650018644018633
"ENSMUSG00000021460",1004.69223195854,-0.220423636769697,0.190687329508189,-1.15594275371207,0.247704573384286,0.454784492552687
"ENSMUSG00000021461",135.007768289689,0.546439832254929,0.314438278055718,1.73782859909346,0.0822410197847431,0.227781586038718
"ENSMUSG00000021464",0.256045789635898,-0.159829766393931,7.34763843552154,-0.021752535565883,0.982645356348691,NA
"ENSMUSG00000021466",345.383248317386,0.0986663998435276,0.332561084538986,0.296686547015278,0.766705828774879,0.877389108293549
"ENSMUSG00000021468",364.068452429305,0.217905324320433,0.193951685308878,1.12350312384967,0.261223874613383,0.470946197438134
"ENSMUSG00000021469",3.26457527377337,0.503064574057624,1.32982583017721,0.378293579987527,0.705212514125909,NA
"ENSMUSG00000021470",273.456444306904,-0.14260314630493,0.337284776766241,-0.422797458195877,0.672443042329484,0.819516640787443
"ENSMUSG00000021474",2468.83204430275,-0.326798060618726,0.166589079331346,-1.96170158290343,0.0497972374499457,0.168001942727888
"ENSMUSG00000021476",186.21192173272,0.104866041546386,0.299809542109539,0.349775530186668,0.726507164526267,0.851290492746847
"ENSMUSG00000021477",354.102434416553,0.00840157220923972,0.393187526273698,0.0213678503203364,0.982952219435287,0.997643408395386
"ENSMUSG00000021478",1.48232778809257,-2.02044280203997,2.95168287507699,-0.684505377965875,0.493656094566303,NA
"ENSMUSG00000021481",161.443147854373,0.319368066594856,0.277736345461683,1.1498965541005,0.250186480333735,0.45840470029638
"ENSMUSG00000021482",1165.29126187184,-0.163366824022719,0.170320417818006,-0.959173457390661,0.337471369510455,0.54588520497641
"ENSMUSG00000021483",16.8834692947019,0.6569742468302,0.760145910438767,0.864273868751048,0.387437461538919,NA
"ENSMUSG00000021484",3159.95200764092,-0.157941333184029,0.225940259963501,-0.699040238377805,0.484526884423657,0.677606853595102
"ENSMUSG00000021485",1599.03799333778,-0.186097711745466,0.395039760533795,-0.471086028135504,0.637579302202087,0.793462344487931
"ENSMUSG00000021486",11355.5472224491,-0.710780949036439,0.26194213368181,-2.71350370040067,0.00665758246784315,0.0491120915631564
"ENSMUSG00000021488",1241.22010384265,0.459871909367549,0.171272901075547,2.68502434699055,0.00725245228729391,0.0515017894108479
"ENSMUSG00000021490",0.122615884057947,0,7.3561311249555,0,1,NA
"ENSMUSG00000021492",3.40491215433922,1.93522059634902,1.84405682440481,1.04943653077157,0.293977252414448,NA
"ENSMUSG00000021493",121.88916908872,-0.633281446650263,0.40267232313451,-1.5726967319746,0.115789056927372,0.283534251381536
"ENSMUSG00000021494",684.152095382213,-0.129270135125391,0.24108189346746,-0.536208394857488,0.591814532285523,0.760485572881618
"ENSMUSG00000021495",374.504833737647,0.624031882261736,0.240297971872815,2.5969086521963,0.00940669367535663,0.0603799785590262
"ENSMUSG00000021496",1519.24375595764,-0.455157781273249,0.216965673760348,-2.09783314284083,0.0359198876553877,0.13747530044479
"ENSMUSG00000021497",581.053641748535,-0.203654824226927,0.243045161972088,-0.837929965667516,0.402070037982155,0.607344487385941
"ENSMUSG00000021499",2.33026310890749,1.33011864336075,2.40304369572678,0.553514131152105,0.579911406941446,NA
"ENSMUSG00000021500",1842.11041359863,0.120433141215443,0.161294332914725,0.746666910356451,0.455264648346411,0.653948621681789
"ENSMUSG00000021501",376.076846111785,-0.107409135478074,0.226831233179261,-0.473520043834487,0.635842204347479,0.792323517094
"ENSMUSG00000021504",480.85951346894,0.244331747409816,0.242982003762577,1.00555491199487,0.314629722166563,0.52642430663786
"ENSMUSG00000021506",0.154976797250661,-2.55643105772614,7.29465111430496,-0.35045282052118,0.725998891529626,NA
"ENSMUSG00000021508",0.300394149056353,0,7.3561311249555,0,1,NA
"ENSMUSG00000021509",3.81623169475821,0.746241386338794,1.31183612115929,0.568852598508515,0.569456175949247,NA
"ENSMUSG00000021510",171.183183568159,-0.0877778124410353,0.336249495527576,-0.261049647980324,0.794054220678062,0.895212816081506
"ENSMUSG00000021514",382.176333120677,0.325329889708278,0.324679612348282,1.00200282781938,0.316342227087013,0.527659834542854
"ENSMUSG00000021518",567.894428053894,-0.0455005974635284,0.167868769751334,-0.27104861452746,0.786353642233819,0.891615709277506
"ENSMUSG00000021519",1557.63236380193,-0.0565559345197331,0.256793698414219,-0.220238794288893,0.825685184802955,0.914088705541182
"ENSMUSG00000021520",9125.0718477867,-0.95406347478751,0.268252981194124,-3.55658106963252,0.000375712574068496,0.0125895552361596
"ENSMUSG00000021532",332.436651242283,-0.365490550717991,0.217305256444116,-1.68192227237716,0.09258391318024,0.245491411423464
"ENSMUSG00000021534",0.0792297589245784,0.720907357608138,7.345198873764,0.09814674456033,0.921815769883402,NA
"ENSMUSG00000021536",0.614516395027064,1.21257537303325,7.17954267616728,0.168893121432153,0.865880709776716,NA
"ENSMUSG00000021537",3946.781022463,-0.985188427737176,0.294347329601352,-3.34702689190849,0.000816832859121276,0.0179033100053521
"ENSMUSG00000021538",0.460103665212384,-1.65428362600424,7.34968270968559,-0.225082318699852,0.821915235716563,NA
"ENSMUSG00000021539",0,NA,NA,NA,NA,NA
"ENSMUSG00000021540",201.022884221168,-0.212128289040645,0.317349065842343,-0.668438359752503,0.503853816253172,0.694062844713295
"ENSMUSG00000021541",0.749684962694688,1.28909125941155,3.74037460148302,0.344642287673657,0.73036331036351,NA
"ENSMUSG00000021545",0,NA,NA,NA,NA,NA
"ENSMUSG00000021546",12326.8310234621,-0.521362081678462,0.257719935464362,-2.02297924970014,0.0430752869188353,0.15413152459333
"ENSMUSG00000021548",1575.06298364829,-0.658547049497762,0.224862139227676,-2.92867021437955,0.00340415388462886,0.0349792735442373
"ENSMUSG00000021549",1148.863881816,0.283891134693771,0.232268578174521,1.22225372422292,0.221611693072856,0.424100475625261
"ENSMUSG00000021550",1431.91648346656,-0.435916077632607,0.226838767013598,-1.92170008403579,0.0546435066839109,0.177156793561974
"ENSMUSG00000021552",40.9645227975393,-0.969766827906214,0.642901421519869,-1.5084222797542,0.131446484345076,NA
"ENSMUSG00000021553",8.84698942679588,0.354262738443348,1.01507781732185,0.349000571579845,0.727088880457385,NA
"ENSMUSG00000021555",554.480012759765,0.211595816237686,0.23688908171061,0.893227390260972,0.371735412852724,0.58096514720145
"ENSMUSG00000021556",785.475971703423,0.219803739066952,0.226838655683236,0.968987134952393,0.332551608089215,0.541271976477074
"ENSMUSG00000021557",367.620182480628,-0.153704848383885,0.262730664867855,-0.585028201642138,0.558528754173673,0.736730282226682
"ENSMUSG00000021559",7.57422748941167,-0.0797937863939325,0.953145842958988,-0.0837162402620539,0.933282044611164,NA
"ENSMUSG00000021565",170.68892014868,0.443861776435797,0.551731977086954,0.804488039245626,0.421115174263867,0.625417261661258
"ENSMUSG00000021567",7.94468142229115,0.578137265681872,1.02192376576475,0.565734240703591,0.571574454976235,NA
"ENSMUSG00000021569",493.503756472191,-0.441708042284932,0.493010121218671,-0.895941124277683,0.370284208729182,0.579834613653828
"ENSMUSG00000021572",105.755876137947,0.137246668785069,0.518649626182966,0.264623094004993,0.791299827720283,0.894351566089069
"ENSMUSG00000021573",13.0198978752373,0.606053852052645,1.14307162192348,0.530197618792092,0.595974921853093,NA
"ENSMUSG00000021575",54.8033920434722,-1.01171214565481,0.866448933885966,-1.16765351781015,0.242946553366144,NA
"ENSMUSG00000021576",5159.12887341452,-0.586947282763219,0.239089336153803,-2.45492874004905,0.0140912518423692,0.0772985707335292
"ENSMUSG00000021577",1986.93512658466,0.106804652006702,0.148736778694627,0.718078292027447,0.472709014206023,0.668392019085472
"ENSMUSG00000021578",631.146837653938,-0.484151558267349,0.28975960418817,-1.67087320409556,0.0947467252810216,0.249220697020463
"ENSMUSG00000021579",0,NA,NA,NA,NA,NA
"ENSMUSG00000021583",1007.92887196389,0.380557094845155,0.188045721120752,2.02374769591691,0.0429961183447854,0.154035161403072
"ENSMUSG00000021585",2068.69634251425,0.347137902255412,0.183572026634997,1.89101743124315,0.0586220173775876,0.184664959138768
"ENSMUSG00000021587",5.47496049486333,1.89783280509222,2.00607595065397,0.946042349230863,0.344126986495812,NA
"ENSMUSG00000021589",1.59464017500915,-1.61193160674366,3.38828367471959,-0.475736910333243,0.634261821533793,NA
"ENSMUSG00000021590",1.09170963500298,1.75578498222216,2.98327347409149,0.58854308780956,0.556167821472461,NA
"ENSMUSG00000021591",3160.80120302662,-0.90076243226833,0.316729268153985,-2.84395072649366,0.00445579379908284,0.0398628278994078
"ENSMUSG00000021592",101.663347631121,0.380494847364696,0.383017907130012,0.993412684581194,0.320508882524897,0.531032590318855
"ENSMUSG00000021594",36.2908002134113,0.424436707464949,0.688028509414673,0.616888256310819,0.537308433355806,NA
"ENSMUSG00000021595",1237.16275587479,-0.102590285327307,0.147396313653764,-0.696016628803166,0.486418415955053,0.678703120337639
"ENSMUSG00000021596",4.95345096478725,-0.878017318331911,1.51958527975038,-0.577800621019534,0.563398735962005,NA
"ENSMUSG00000021597",571.760527227053,0.451957508215064,0.280469424583555,1.61143236517184,0.107085517714743,0.269211684285409
"ENSMUSG00000021598",4255.75461265005,-0.769085177076776,0.236234268876476,-3.25560377304497,0.0011315153804784,0.0207514462635047
"ENSMUSG00000021604",0.493359350311109,0,7.3561311249555,0,1,NA
"ENSMUSG00000021606",6420.22365009222,-0.613015999942003,0.205858335260804,-2.97785367381586,0.00290274529381876,0.0322095396705202
"ENSMUSG00000021607",2919.14984407965,-0.822466057567666,0.254241203634625,-3.23498333790792,0.00121649829598482,0.0216668210014594
"ENSMUSG00000021608",220.788638065536,0.193870977861825,0.31104420367505,0.623290759227145,0.533093469181416,0.718182925334688
"ENSMUSG00000021609",0.410854293589118,2.7391458058696,7.26125226086168,0.377227743571679,0.706004364288193,NA
"ENSMUSG00000021610",1343.50440542275,-0.03919051653792,0.161405324384182,-0.242808077660669,0.808154077737066,0.903688128781776
"ENSMUSG00000021611",18.6392503097968,0.51185676095431,1.05093984176265,0.487046680137103,0.626225250859517,NA
"ENSMUSG00000021612",16.1610002504127,0.837582083566882,0.837295032269771,1.00034283172125,0.317144625822641,NA
"ENSMUSG00000021613",1.29883742247168,1.17919008858058,3.03204116359985,0.388909656879647,0.697342978290606,NA
"ENSMUSG00000021614",10.138651035618,-0.967416561592365,1.56820922063408,-0.616892535041469,0.5373056109542,NA
"ENSMUSG00000021615",435.353584103167,-0.528795504450771,0.268415282051601,-1.97006482048631,0.0488309421158225,0.166102499248075
"ENSMUSG00000021619",347.844519956247,-0.803098347581588,0.302238482639507,-2.65716774570853,0.00788002226839134,0.0540555309667234
"ENSMUSG00000021620",0.912461114450485,0,7.3561311249555,0,1,NA
"ENSMUSG00000021621",904.600892669342,0.102415446701283,0.139934812465434,0.73187968666897,0.464242005670768,0.661625176766947
"ENSMUSG00000021622",0.283088410762919,-2.5552713135241,7.29468656207415,-0.350292132743472,0.726119468875742,NA
"ENSMUSG00000021624",12.0904442636402,-1.71982632212247,1.61401485923806,-1.06555792363297,0.286623528244212,NA
"ENSMUSG00000021629",443.374942154074,0.505305647064957,0.214287191484798,2.35807676400857,0.0183698938281205,0.0908386195552633
"ENSMUSG00000021631",0.808016868234811,0,7.3561311249555,0,1,NA
"ENSMUSG00000021635",418.562862232306,-0.113454770266052,0.165706464395252,-0.684673169994343,0.493550183187387,0.684255758879007
"ENSMUSG00000021636",62.4788173882675,1.19948534735348,0.63320582050126,1.89430562467657,0.0581844548720051,NA
"ENSMUSG00000021638",3.52183397143329,1.58140318171796,1.74060605262237,0.908535954666736,0.363595126559809,NA
"ENSMUSG00000021639",868.963716567695,-0.465042558250846,0.274490785028681,-1.6942009845695,0.0902270978246741,0.241640439446465
"ENSMUSG00000021640",0.516465800995224,-0.377488970200671,6.44473414945727,-0.0585732415715644,0.953292024211942,NA
"ENSMUSG00000021643",137.259507075274,-0.253670527769716,0.779804605241642,-0.32530011500908,0.744953943831156,0.863246863781523
"ENSMUSG00000021645",637.694697117788,-0.483578874755617,0.266182211657691,-1.81672122920632,0.0692598094347759,0.204673607253441
"ENSMUSG00000021646",68.7260700382057,0.509043784465097,0.353603412568556,1.4395895694768,0.149983552361546,0.332791787899862
"ENSMUSG00000021647",0.0894269282419567,0,7.3561311249555,0,1,NA
"ENSMUSG00000021650",695.634647734829,-0.718551357380818,0.316976844824235,-2.26688910913747,0.0233970006976381,0.10455666903081
"ENSMUSG00000021660",10740.6912758523,-0.90506894713458,0.251425206959018,-3.59975420953757,0.000318518112748511,0.0116031407537868
"ENSMUSG00000021661",559.44698181358,0.18766051160785,0.16618465855663,1.12922885444267,0.258801304518158,0.468037816017274
"ENSMUSG00000021662",0.501459314373113,0.30856653113262,7.1594536932821,0.0430991726955586,0.965622478781443,NA
"ENSMUSG00000021665",1178.53190100344,-0.20956449544149,0.166713905983064,-1.25703068502743,0.208742524537295,0.408274605273282
"ENSMUSG00000021666",337.582656034538,0.487464062277806,0.302358875888507,1.61220358041533,0.106917646415936,0.268994893057146
"ENSMUSG00000021668",332.936904646936,0.480614308265214,0.312973910216312,1.53563697348778,0.124627440792367,0.296136919925084
"ENSMUSG00000021669",580.596111239319,0.29833446412717,0.244570110960326,1.21983206760521,0.222528542290064,0.425061766287398
"ENSMUSG00000021670",692.454123388798,0.414168670264579,0.264406843923326,1.56640676965488,0.117253419129609,0.285386556953971
"ENSMUSG00000021671",238.631550535061,-0.0775845084570917,0.435839351300049,-0.178011710566446,0.858713778925915,0.932917039882064
"ENSMUSG00000021675",359.216926240374,-0.433424389578784,0.433694435023272,-0.999377337077258,0.317611934074258,0.528996456330925
"ENSMUSG00000021676",981.183629430091,0.177762247963806,0.173010236666153,1.0274666481546,0.304200782300042,0.515696232727819
"ENSMUSG00000021678",47.7185389560669,0.0413619832709147,0.454855877332501,0.0909342614488828,0.92754482626115,NA
"ENSMUSG00000021679",2.00266934500561,-1.39560129751688,2.19475198866255,-0.6358810948691,0.524853925632279,NA
"ENSMUSG00000021680",0.155163354332901,1.15730505734324,7.3559986719315,0.157328067738674,0.874986300846208,NA
"ENSMUSG00000021681",862.183398804174,0.221394965039256,0.199000635291411,1.11253396108535,0.265908636645184,0.475833974155982
"ENSMUSG00000021684",10.0244427970117,1.157424159596,0.861785687353708,1.3430533560497,0.179254697544646,NA
"ENSMUSG00000021685",0.382245098610102,-1.6945958546138,7.26763160822536,-0.23317030168341,0.815629166122464,NA
"ENSMUSG00000021686",563.355331359652,-0.0847263416599744,0.229613859358816,-0.368994893847296,0.712131530760118,0.842291518070372
"ENSMUSG00000021687",28.5357476782084,0.27147077059503,0.873848001343755,0.310661316587756,0.756058107947388,NA
"ENSMUSG00000021690",124.367772622957,0.360192269494241,0.344978946420739,1.04409927977155,0.296439459073237,0.507851655622001
"ENSMUSG00000021692",446.967888354421,-0.348295657884626,0.26721732616767,-1.3034171955829,0.192432369046175,0.388255387838745
"ENSMUSG00000021693",909.470350215923,0.16407124235155,0.279416218141252,0.58719298200725,0.55707410520253,0.735695060778492
"ENSMUSG00000021694",165.198703217394,-0.155814404006376,0.284244151456236,-0.548171011463595,0.583574484815804,0.754258856821975
"ENSMUSG00000021696",115.998617042673,-0.0513366742415027,0.371853891381973,-0.138056036070278,0.890196131114524,0.951061263255568
"ENSMUSG00000021697",647.865488638148,-0.4839471370491,0.340271792301479,-1.4222370117013,0.154957457554104,0.339061575354377
"ENSMUSG00000021699",226.544335656863,0.407965455271682,0.302812649415593,1.34725367668433,0.177898545765146,0.369593763112331
"ENSMUSG00000021700",8.63679832076834,1.01121047965251,0.952528249001123,1.06160681398471,0.288414219045935,NA
"ENSMUSG00000021701",67.2100599001412,-0.242165027189428,0.626336005672746,-0.386637563537992,0.699024544895306,0.836139596598512
"ENSMUSG00000021702",0.308251259093573,0,7.3561311249555,0,1,NA
"ENSMUSG00000021703",43.169654284285,-0.254419807872722,0.550922523798872,-0.461806872803779,0.644219821826395,NA
"ENSMUSG00000021704",66.6658462166927,0.359054053358443,0.478611909215815,0.750198744420585,0.45313501490619,0.652760073207182
"ENSMUSG00000021706",143.97608405501,0.894461321016978,0.361428480297826,2.47479479281743,0.0133312749664291,0.074457137867404
"ENSMUSG00000021707",1183.1997791993,-0.599514095079249,0.239436008031935,-2.50385938191589,0.012284684781568,0.0710495183193268
"ENSMUSG00000021708",28.546230710685,-0.242858984407577,0.89930507482514,-0.270051833583613,0.787120376994543,NA
"ENSMUSG00000021709",1133.12179795061,0.225129567017248,0.202848702201822,1.10983981940026,0.267068057056992,0.47739018878994
"ENSMUSG00000021710",120.41864568228,0.287862924409597,0.382517524783103,0.752548329838803,0.451721377157145,0.651578259623285
"ENSMUSG00000021711",871.464738901665,-0.477565647952579,0.380424593828824,-1.25534903815252,0.209352080709743,0.408909943548605
"ENSMUSG00000021712",199.226237681118,0.147321820038023,0.270548333015427,0.544530503648022,0.586076463434997,0.75582072290345
"ENSMUSG00000021713",268.949594293506,0.375487624581199,0.294409084141619,1.27539415326118,0.202169767087831,0.398870442862437
"ENSMUSG00000021714",1352.56586034446,0.522406751986401,0.379591736189468,1.37623320578731,0.168749444715991,0.356624443140889
"ENSMUSG00000021715",466.053571122857,0.14793909636335,0.201096728812114,0.73566137667794,0.46193680028308,0.659480830560117
"ENSMUSG00000021716",627.460182806756,-0.34558248248136,0.258116610464958,-1.33886184952935,0.180615651383624,0.373043400319082
"ENSMUSG00000021718",0.168820890728893,-0.229781078550672,7.34989623573357,-0.0312631731361767,0.975059659622332,NA
"ENSMUSG00000021719",1.30694613931339,1.86568498044508,2.80592119670069,0.66490997061458,0.50610807808,NA
"ENSMUSG00000021720",0.466790444855249,-1.69157523567389,7.26768621124184,-0.232752926654609,0.815953268112695,NA
"ENSMUSG00000021721",0.182808015281983,3.15971151601681,7.24916834997478,0.435872277132011,0.662929400174463,NA
"ENSMUSG00000021725",121.521582793263,0.223053110010658,0.27828622582526,0.801524075973189,0.4228283117374,0.626319679868985
"ENSMUSG00000021728",3880.54542986305,-0.463293969580776,0.231939788497439,-1.99747517483785,0.0457735886242512,0.159658406334059
"ENSMUSG00000021730",2.21426334938535,0.733941051643585,2.08826587341924,0.351459582319305,0.725243589429865,NA
"ENSMUSG00000021731",885.74894246278,-0.381312795772144,0.234324346271636,-1.62728628859638,0.103676308621738,0.26345509273159
"ENSMUSG00000021732",1.33016327455707,2.62706692105906,3.03462313449513,0.865697915235897,0.386655843590073,NA
"ENSMUSG00000021733",717.851461150118,0.692833258203962,0.224530863100471,3.08569275794366,0.00203078545852291,0.0274990606267108
"ENSMUSG00000021737",2230.74596023832,-0.382127104499102,0.175633257707886,-2.17571039497916,0.0295769224318066,0.121566685338215
"ENSMUSG00000021738",388.759657646379,0.23292473304481,0.259402462220727,0.89792799594405,0.369223938098511,0.578778723137295
"ENSMUSG00000021741",5.45754784688973,-1.15510246127314,1.25059805231303,-0.92364006095862,0.355673748828536,NA
"ENSMUSG00000021743",0.152287875066677,2.16031254837927,7.28485947784252,0.296548280025172,0.766811401940818,NA
"ENSMUSG00000021745",2.60432246890584,1.57529497564868,2.45837499113839,0.640787097707666,0.521661016776512,NA
"ENSMUSG00000021747",2.52136922101837,-0.414216035722298,2.51803226073389,-0.164499892309391,0.869337631517481,NA
"ENSMUSG00000021748",2347.93634935024,-0.240207685726397,0.235985181616553,-1.01789309006997,0.30872876580154,0.520249548235292
"ENSMUSG00000021749",0.114228629431371,-3.13863321915088,7.26774571323647,-0.431857874916372,0.665844712909321,NA
"ENSMUSG00000021750",8.11312593717693,0.71692164724114,0.844159134188726,0.849273102908651,0.395729343895092,NA
"ENSMUSG00000021751",18.9977341328453,0.476998042254992,0.704834371351767,0.676751959953628,0.498563343030072,NA
"ENSMUSG00000021752",76.1950227855263,-0.478370517361223,0.293788888784363,-1.62827981459959,0.103465567573835,0.263054818793045
"ENSMUSG00000021754",1013.03149951713,0.088546304343846,0.171516746673468,0.516254570245665,0.605676621229401,0.770740654074746
"ENSMUSG00000021756",374.766614811124,0.45463665273766,0.486444577113745,0.934611411304422,0.349988596020697,0.558636730448021
"ENSMUSG00000021758",3.32421050390821,1.15398295062797,2.57892715661024,0.447466283671531,0.654538426635371,NA
"ENSMUSG00000021759",68.6236685132345,-0.848661675913786,0.436586826696574,-1.94385543497766,0.0519128866377837,0.171567664464892
"ENSMUSG00000021760",116.423167717756,0,2.08072704020563,0,1,1
"ENSMUSG00000021763",0.820562198880274,-2.86702268790949,7.25106154229459,-0.395393511858433,0.692552496590306,NA
"ENSMUSG00000021764",4231.02429437128,-0.837084772410991,0.249631507170131,-3.3532817307412,0.000798593734076134,0.0177395484524552
"ENSMUSG00000021765",0.297255575206583,-0.230110763477043,7.34993261247789,-0.031307873909808,0.975024011015611,NA
"ENSMUSG00000021767",113.119266804497,0.271916752577823,0.417988633038399,0.650536237316393,0.51534590232453,0.702634797400568
"ENSMUSG00000021768",0.0400922426516566,0,7.3561311249555,0,1,NA
"ENSMUSG00000021770",174.211588209527,-0.310969910638607,0.273014768557127,-1.13902230374595,0.254693851633075,0.464208644241303
"ENSMUSG00000021771",4213.27749513502,-0.646771937589871,0.247027246204023,-2.61822105669953,0.00883895245415866,0.0580551794082116
"ENSMUSG00000021772",350.582765193356,-0.282713300154193,0.307233208675116,-0.920191216871834,0.357472843319834,0.566739223130161
"ENSMUSG00000021773",239.499708287388,-0.353033545438481,0.31973249938944,-1.10415283436195,0.269526845571229,0.480049165490378
"ENSMUSG00000021774",887.827814879189,-0.113965103786424,0.186342795251338,-0.611588463255092,0.54081007293839,0.72378927308367
"ENSMUSG00000021775",156.949169049913,-0.673478398014115,0.352773150965256,-1.90909766282198,0.056249494197862,0.180032115446346
"ENSMUSG00000021779",6.31154195872703,-0.851206635581518,1.47073164973568,-0.578764070069817,0.562748377954103,NA
"ENSMUSG00000021782",1.98860359869379,1.90138440120699,2.27499120082218,0.835776595759946,0.403280595360319,NA
"ENSMUSG00000021785",1269.4575288535,-0.235949192507104,0.179191466492298,-1.3167434651094,0.187924628902154,0.382229414958393
"ENSMUSG00000021786",120.48856570973,0.259031608948006,0.275619882843765,0.939814668939678,0.347312633151686,0.556071489910012
"ENSMUSG00000021789",0.263032562956132,-1.6709146047194,7.35010689942435,-0.227332014021491,0.820165581110221,NA
"ENSMUSG00000021790",0.0856330129201424,-1.6631636762048,7.3499103291228,-0.22628353295887,0.820980905052638,NA
"ENSMUSG00000021791",0.109029663521318,0.767394707370385,7.27896414654619,0.105426361762547,0.916037498960118,NA
"ENSMUSG00000021792",263.552949719267,0.058502452894287,0.333573452113753,0.175381021851633,0.86078025183588,0.933700514583307
"ENSMUSG00000021794",2050.98270667201,-0.0660437595353996,0.15655549551396,-0.421855261730564,0.67313066665791,0.820051348276244
"ENSMUSG00000021795",0.302436441658817,2.09070129540835,7.23596609846739,0.288931880962124,0.772633506207025,NA
"ENSMUSG00000021796",32.8327131655347,0.332641067759805,0.806218235218847,0.412594324003984,0.679903860515213,NA
"ENSMUSG00000021797",0.199783720343399,-2.54755509685175,7.29492316650113,-0.349223019722857,0.726921885580945,NA
"ENSMUSG00000021798",0.925504514700251,-1.91458462492329,4.64518118823848,-0.412165757876353,0.680217933389148,NA
"ENSMUSG00000021799",0.164350148945799,0,7.3561311249555,0,1,NA
"ENSMUSG00000021803",1.57711772304054,-2.56690183088795,4.40429925206639,-0.582817307357946,0.560016292626404,NA
"ENSMUSG00000021804",0.119362351393143,-1.67324682627235,7.35016586815596,-0.22764749208199,0.819920295818209,NA
"ENSMUSG00000021806",1.57385455634422,-0.977377701878466,2.69018701021918,-0.363312177988264,0.71637169726682,NA
"ENSMUSG00000021807",3848.33969343164,-0.829009468944257,0.217360094573997,-3.81399111262364,0.000136740387395273,0.00827278180074193
"ENSMUSG00000021809",95.1853107631525,0.313628639945056,0.318877624508722,0.98353918820189,0.325342137988548,0.535820228701607
"ENSMUSG00000021810",552.873416267163,-0.0128473406370865,0.154717289398996,-0.083037524034918,0.933821702763909,0.973387488801489
"ENSMUSG00000021811",4402.66859512681,-0.496094261601981,0.214950669463393,-2.30794471513134,0.0210022115974466,0.098022762472725
"ENSMUSG00000021814",1011.03148463312,-0.0699266743617363,0.124267090642173,-0.562712734323924,0.57363051146926,0.74767109782089
"ENSMUSG00000021815",76.8499154791477,1.17105946099566,0.421985747188624,2.77511614739965,0.00551819967601344,0.0444396948383739
"ENSMUSG00000021816",1554.74908918658,0.652009103730492,0.233828090762175,2.78841221174596,0.0052967100702821,0.0433786073278696
"ENSMUSG00000021819",188.480212633627,0.298274994547144,0.234879265881102,1.26990772654293,0.204117500589449,0.401372885085876
"ENSMUSG00000021820",374.988947718919,0.0414834007278636,0.189546046690916,0.218856586312817,0.826761765697253,0.914563569149211
"ENSMUSG00000021822",6.05652977255564,-0.198847396789455,1.06515634832686,-0.186683764408674,0.851908586432442,NA
"ENSMUSG00000021823",37.2147875741063,-0.0253919454040286,0.962344317425564,-0.0263855097850594,0.978949851643707,NA
"ENSMUSG00000021824",1036.84822762726,-0.155045546267286,0.40513774940392,-0.382698345181126,0.701943441576459,0.837677464734096
"ENSMUSG00000021830",198.032470456331,0.403555791987646,0.359320051098234,1.12310958087145,0.261390957555866,0.471075590782084
"ENSMUSG00000021831",1187.31033535819,0.331905246071893,0.184072443353489,1.80312294455998,0.071368908466658,0.208537292401098
"ENSMUSG00000021832",2751.58789856322,-0.914781036900521,0.319148576185202,-2.86631714869276,0.00415277982773116,0.0384365436302645
"ENSMUSG00000021835",1.12553212197085,4.45890600902832,5.09260391731269,0.875565051087113,0.38126653176833,NA
"ENSMUSG00000021838",2.02305043868124,0.937634520892865,3.09375603082586,0.303073193732916,0.761834082296286,NA
"ENSMUSG00000021840",894.344938419931,-0.138130674332848,0.155558645905159,-0.887965265634057,0.374559435574916,0.583463459292541
"ENSMUSG00000021843",832.824920606926,0.961583344028113,0.33014275827152,2.91262891563193,0.00358400228733725,0.0358581605367699
"ENSMUSG00000021846",4.84974626943724,2.78445222656154,1.38147374863617,2.01556651316062,0.0438453243781406,NA
"ENSMUSG00000021848",0.292636970258834,-1.73530792718326,7.31709542814852,-0.237158028649949,0.8125341958065,NA
"ENSMUSG00000021850",0.287849448070956,0.83568200242107,7.27799696847206,0.114823076464748,0.90858535765629,NA
"ENSMUSG00000021852",0.849943554930138,1.28028364406733,3.92518711849192,0.326171365954961,0.74429470440856,NA
"ENSMUSG00000021866",300.276229175863,-0.355966786682711,0.33017895527243,-1.07810258951544,0.280987976144184,0.491952912537241
"ENSMUSG00000021867",326.642454449549,-0.00467939982932416,0.358090313167295,-0.0130676526486714,0.989573818441823,1
"ENSMUSG00000021868",486.636559517783,-0.435359789654578,0.22080066694919,-1.97173222196272,0.0486401832433984,0.165681381191604
"ENSMUSG00000021870",564.028465132786,0.265410831064592,0.239981041274042,1.10596582819853,0.268741310247832,0.479033494301085
"ENSMUSG00000021872",0.427886873932748,2.15456102982035,7.28499400634604,0.295753301642182,0.767418488207653,NA
"ENSMUSG00000021876",20.0699868478665,-1.65000936996108,0.987118453035872,-1.67154140912521,0.094614786662011,NA
"ENSMUSG00000021877",2770.17867973506,-0.458702804250431,0.290626160308695,-1.57832592827573,0.114490752264675,0.281527633367241
"ENSMUSG00000021879",1.60619866271219,6.20220383981034,5.34108591295791,1.16122525285791,0.245550307717005,NA
"ENSMUSG00000021880",95.6057075443479,0.159817830100379,0.899101995575214,0.177752725371423,0.858917175675058,0.932917039882064
"ENSMUSG00000021884",133.317651119488,0.553571570301721,0.34900404779832,1.58614656131901,0.112706066754811,0.27826711166008
"ENSMUSG00000021886",1244.10790464108,-0.176628865318639,0.181298487516066,-0.974243457508089,0.329935671773016,0.539254979410758
"ENSMUSG00000021890",279.441605693604,0.353521714381229,0.254124517668579,1.3911358007663,0.164184250464192,0.351138320172769
"ENSMUSG00000021891",647.87339275367,-0.0249948670694114,0.244975976793983,-0.102029870016321,0.918732965952562,0.965480533196019
"ENSMUSG00000021892",349.023287405716,-0.207607335864598,0.274130011883559,-0.757331656020144,0.448851190114676,0.649428280779212
"ENSMUSG00000021893",764.804147598829,0.0937809606525609,0.20928993446742,0.448091117669875,0.654087438169879,0.80418586148125
"ENSMUSG00000021895",925.904652392834,-0.334577993739128,0.179625979827851,-1.86263698636343,0.0625133569399953,0.192926797799517
"ENSMUSG00000021898",2.25869904044914,0.447962084079987,1.540887593945,0.290716912667918,0.771267835576129,NA
"ENSMUSG00000021900",117.455487208324,0.107131400216751,0.357597448735458,0.299586589880858,0.764492514333038,0.876174899035604
"ENSMUSG00000021901",425.193126418127,0.24519396063027,0.174899218189424,1.40191570418979,0.16094042034744,0.347054113249225
"ENSMUSG00000021902",160.800868394426,0.0104774149915325,0.238108360875163,0.0440027177249174,0.964902237536303,0.989156755987168
"ENSMUSG00000021903",3.24409944898331,1.51260522660561,1.42256089533711,1.06329734745531,0.287647127713347,NA
"ENSMUSG00000021904",0.539782122683714,0,7.3561311249555,0,1,NA
"ENSMUSG00000021905",2612.97727768495,-0.841149208297175,0.209610344574027,-4.01291839869148,5.99726496885709e-05,0.00620424259133272
"ENSMUSG00000021906",97.5654557246318,0.554665422913253,0.492009858037231,1.12734615750581,0.259596154113371,0.468890147574411
"ENSMUSG00000021907",0.173802318124186,1.12951551603407,7.35556056905718,0.153559406578152,0.877957146073711,NA
"ENSMUSG00000021908",0.0889633830381281,0,7.3561311249555,0,1,NA
"ENSMUSG00000021910",1083.46020925789,0.603605863076818,0.180937446704301,3.33599193572831,0.00084995629257177,0.0183046142746666
"ENSMUSG00000021911",450.359527934018,0.53487190269086,0.200904129947257,2.66232407880953,0.00776031226445393,0.0536227109555628
"ENSMUSG00000021913",0.274260931145587,-1.11011588379367,7.29423916206255,-0.15219077125513,0.87903647264714,NA
"ENSMUSG00000021916",189.871305961049,-0.00528592859278466,0.280547242996187,-0.0188414918511835,0.98496755397898,0.998605566264843
"ENSMUSG00000021917",0,NA,NA,NA,NA,NA
"ENSMUSG00000021918",15.3879645807785,1.02573179472203,1.09814101047172,0.934062005644811,0.350271909271392,NA
"ENSMUSG00000021919",1.14654232246508,-0.433966641094584,4.08353454600967,-0.106272308022628,0.915366302143547,NA
"ENSMUSG00000021922",0.448859154981769,2.73681470577742,6.54270543260365,0.418300156406141,0.675727675306194,NA
"ENSMUSG00000021927",0.437843772300839,1.35531900671004,7.25506873060423,0.186809947229427,0.851809647455424,NA
"ENSMUSG00000021928",1002.38771766551,-0.596468478096368,0.191184461701396,-3.11985855329588,0.00180937902124241,0.0257884624233188
"ENSMUSG00000021929",1034.65437492947,0.161763694468115,0.236932414044022,0.682741933478376,0.494769927230567,0.685274026996518
"ENSMUSG00000021930",335.06079774331,-0.860187991763663,0.340346021340852,-2.52739252944637,0.0114912987835342,0.068255746761104
"ENSMUSG00000021932",2629.87199438439,-0.522354891125367,0.286890386232231,-1.82074728256154,0.0686452811738875,0.203587940115175
"ENSMUSG00000021933",3.87274394479177,-0.221742614364392,1.47454535125331,-0.150380328537144,0.880464560332074,NA
"ENSMUSG00000021936",192.827043411829,0.58906603853494,0.318434114440627,1.84988357660647,0.0643303314728421,0.196145998337151
"ENSMUSG00000021938",390.935130567349,0.0556710208966858,0.251244988869526,0.221580621954599,0.824640368962444,0.913853144304233
"ENSMUSG00000021939",2919.42050267304,-0.112780657050534,0.302469617345783,-0.372866068467311,0.70924812722823,0.84099891966397
"ENSMUSG00000021940",0.0880713394307519,0,7.3561311249555,0,1,NA
"ENSMUSG00000021943",0,NA,NA,NA,NA,NA
"ENSMUSG00000021944",0.905824948505652,-1.0987263667196,3.5472677685936,-0.309738773161525,0.756759615054429,NA
"ENSMUSG00000021945",492.017311415733,-0.0998643299697225,0.254098045247295,-0.393014947724339,0.694308441217948,0.83378365485792
"ENSMUSG00000021947",129.08343872308,-0.38909280553322,0.330508516592156,-1.17725500554455,0.239093739917221,0.444673870005969
"ENSMUSG00000021948",509.99880703452,0.541770396024075,0.26335996248974,2.05714790852152,0.0396720005123401,0.145892010812679
"ENSMUSG00000021950",5.49450130507138,1.53396000516032,2.48662516386631,0.61688429259489,0.537311047969241,NA
"ENSMUSG00000021951",1892.22614722486,-0.84921322293306,0.275572835240475,-3.08162893556619,0.00205871295319034,0.0277212352493685
"ENSMUSG00000021952",306.093908487839,0.151954530852023,0.322494448114317,0.471184951370568,0.637508664186207,0.793462344487931
"ENSMUSG00000021953",0.405195910632227,2.51895337140248,7.20808488814125,0.349462223391217,0.726742326576487,NA
"ENSMUSG00000021957",1153.82473520496,0.0358125009179505,0.217426485461096,0.164710848551882,0.86917157770424,0.938871889745485
"ENSMUSG00000021958",382.254175022142,-0.253077985395495,0.257307283165046,-0.983563241127386,0.325330306330991,0.535820228701607
"ENSMUSG00000021959",230.104757842049,-0.144525514325824,0.308234732575705,-0.468881339614533,0.639154455180323,0.794530048218177
"ENSMUSG00000021961",0.276795529429615,-3.13586850664685,7.26780298682558,-0.431474066142309,0.66612370552982,NA
"ENSMUSG00000021962",215.885634892381,-0.0321945009323722,0.219449277766888,-0.14670588693653,0.883364171782736,0.94718026229226
"ENSMUSG00000021963",1249.44215273993,-0.24010779173196,0.287308757375543,-0.835713446138065,0.403316129028213,0.60871888965737
"ENSMUSG00000021965",582.377800793259,0.381525175173319,0.389227539131321,0.980211153673269,0.326981899978486,0.537205143476011
"ENSMUSG00000021966",0.223944457381422,1.77134673700526,7.24321974918036,0.244552394976792,0.806803028159054,NA
"ENSMUSG00000021967",4652.58762824452,-0.319451922202094,0.17309131839437,-1.8455687157819,0.064954852446395,0.197259206277301
"ENSMUSG00000021969",2221.71242290021,0.212727069613492,0.156177389598406,1.36208621594008,0.173170677879478,0.362821566519423
"ENSMUSG00000021972",134.48167032958,0.829434489482096,0.292844505962531,2.83233754635718,0.0046209040062657,0.0406250624467681
"ENSMUSG00000021973",862.837194939486,-0.276197757713546,0.147686157971797,-1.87016685589648,0.0614606507586463,0.190869787228784
"ENSMUSG00000021974",3.29976044801626,0.0752264842037027,1.32896630728538,0.0566052606385216,0.954859643882845,NA
"ENSMUSG00000021975",382.14001450955,-0.145550822486767,0.172087059417834,-0.845797603719664,0.3976656624889,0.603805467003586
"ENSMUSG00000021977",0.205228881360251,-0.689786216336752,7.32552823298838,-0.094161976365131,0.924980488992541,NA
"ENSMUSG00000021978",173.52663234689,0.15192803571886,0.34827670661462,0.436227955626596,0.662671346911606,0.810986430447264
"ENSMUSG00000021981",1137.60298271047,-0.214844591961854,0.280053983603277,-0.767154207905151,0.442989835299357,0.644058614786608
"ENSMUSG00000021982",298.225444921286,0.125677545343007,0.243685138893388,0.515737422124829,0.606037814084112,0.770749154789095
"ENSMUSG00000021983",15.1223794193743,-0.930597564459232,0.930623671639526,-0.999971946576163,0.317324084267926,NA
"ENSMUSG00000021986",4.22095426842891,1.65659704324648,1.35931275274172,1.2187019064635,0.222957354114595,NA
"ENSMUSG00000021987",673.215512398269,0.36706562215364,0.159812579923807,2.29685061294075,0.0216272931431297,0.0996671966924874
"ENSMUSG00000021990",1317.28356947101,-0.0394855719252716,0.161842017854883,-0.243976023338246,0.807249389493465,0.903669780096487
"ENSMUSG00000021991",0.454328026773274,-0.105541889213112,7.14572325738235,-0.0147699379631131,0.988215722995542,NA
"ENSMUSG00000021993",132.754599845045,-0.477026255751048,0.257133721413098,-1.85516801580716,0.0635722375055958,0.194836615353568
"ENSMUSG00000021994",3.08247042953735,-0.409246149340666,1.48570961630814,-0.275455004698434,0.782966690165928,NA
"ENSMUSG00000021996",4909.49259541538,-0.865507893743238,0.28145423995931,-3.07512828326326,0.00210412030136367,0.0279559531975536
"ENSMUSG00000021997",0.215361320155722,0,7.3561311249555,0,1,NA
"ENSMUSG00000021998",11027.6219631226,-0.192848440625156,0.110011108251747,-1.75299061785511,0.0796036175424734,0.223355594495416
"ENSMUSG00000021999",0.1494015404038,1.16189935925947,7.35564306034477,0.157960269377863,0.874488106037944,NA
"ENSMUSG00000022000",706.659848594074,0.658710744645212,0.210662175868119,3.12685816488283,0.00176685144407303,0.0253982861042727
"ENSMUSG00000022002",0.193083431979774,-1.11344726046464,7.2944495440973,-0.152643082076789,0.878679748501678,NA
"ENSMUSG00000022003",29.7479005552528,0.27531908138126,0.519433282938866,0.530037428143901,0.596085980788424,NA
"ENSMUSG00000022008",2613.04348295829,0.223712430338103,0.254426526527377,0.879281077297696,0.379248893259451,0.588151131137382
"ENSMUSG00000022009",377.077250310412,-0.183309923403982,0.19598080274743,-0.935346323895931,0.349609849385764,0.558246531945756
"ENSMUSG00000022010",70.3739229648297,-0.000281313885681614,0.462035358392253,-0.000608857916546697,0.99951420169868,1
"ENSMUSG00000022012",0.595594543724448,-1.67255351393495,7.00618397066576,-0.238725320507966,0.811318581404907,NA
"ENSMUSG00000022013",17416.0699087227,-0.817831516803162,0.230982086069938,-3.54067075381566,0.000399111285574696,0.0126855789643276
"ENSMUSG00000022014",7070.80544472459,-0.601181273028947,0.198666674089975,-3.02608012029575,0.00247746645523635,0.0300340625879314
"ENSMUSG00000022015",74.5932520456145,4.30622489399918,1.48030348312286,2.90901490342691,0.0036256957550925,0.0361654919667904
"ENSMUSG00000022016",128.256147384784,0.53092087783651,1.85820486821317,0.285717084762047,0.775094818200376,0.884021262018082
"ENSMUSG00000022018",2213.44660762355,-0.431014528731892,0.220345458516238,-1.95608537445817,0.0504550977554525,0.168902279818444
"ENSMUSG00000022019",117.939603372713,0.0223341444025486,0.316244668651127,0.0706229910461734,0.943697811888624,0.979467962045259
"ENSMUSG00000022020",848.253737162033,0.351442871301599,0.225116807771284,1.5611578485897,0.118486511696098,0.287071761207119
"ENSMUSG00000022021",563.558539395293,0.525503291417106,0.295128322257336,1.78059254834544,0.0749790379990733,0.214893531638399
"ENSMUSG00000022022",138.327268960673,-0.0661021966231395,0.391302140228976,-0.168928788849606,0.865852654386233,0.93695440749744
"ENSMUSG00000022023",1269.24590682563,-0.249108023518294,0.160957455117537,-1.54766378069526,0.121703266656946,0.291297448891867
"ENSMUSG00000022024",3951.56495953394,-1.10193261133117,0.282591775116432,-3.89937962942182,9.64394664517329e-05,0.00739412133676202
"ENSMUSG00000022025",1.06287102230705,-0.695528468508285,2.39494201211778,-0.290415577909233,0.771498327557604,NA
"ENSMUSG00000022026",0.329297865280205,2.15212066197198,7.28506250662774,0.295415538303761,0.767676464847193,NA
"ENSMUSG00000022031",207.344009331112,0.158653673522683,0.266612061592283,0.595073128256682,0.55179458996224,0.731783314258509
"ENSMUSG00000022032",3.22296407986123,1.04554224214494,1.23642469788344,0.845617403093566,0.39776621387245,NA
"ENSMUSG00000022033",1466.86245070732,4.40643893363581,1.44996456880717,3.03899766134343,0.00237366697041112,0.0295737316918219
"ENSMUSG00000022034",961.230625008691,0.822008417800289,0.337743215426449,2.43382658852935,0.0149401507860375,0.0797857323176558
"ENSMUSG00000022035",1551.9437819699,-0.461848053315287,0.167924076747558,-2.75033849975895,0.0059533729972963,0.0464842749433444
"ENSMUSG00000022037",1.50375115123705,1.00161321972429,3.84055761208284,0.260798904974917,0.794247588934954,NA
"ENSMUSG00000022039",0.231031992572491,-1.69283748985069,7.26734569239879,-0.232937521001828,0.815809922168816,NA
"ENSMUSG00000022040",2.47045432926984,3.1522395820409,2.72722296414406,1.15584227013512,0.247745679594027,NA
"ENSMUSG00000022041",11.053612623346,1.41802641874839,0.946131777487642,1.49876206728181,0.133935368502763,NA
"ENSMUSG00000022043",486.307720319891,0.0655213897476282,0.186000594161796,0.352264410997704,0.724639975608853,0.850165800850669
"ENSMUSG00000022044",0.244721515791504,0.927810043026145,7.3501636902005,0.126229847678513,0.899549985299955,NA
"ENSMUSG00000022048",1211.89430665798,-0.0776617270269278,0.156705964202855,-0.495588840041819,0.620184528128149,0.780938943946017
"ENSMUSG00000022051",3648.23393650244,-0.561233606304492,0.295702516101741,-1.89796696255162,0.0577004342204789,0.182576437986375
"ENSMUSG00000022052",1339.60200596763,-0.0142134748216958,0.157208978886834,-0.0904113424203797,0.927960343660209,0.970265284226906
"ENSMUSG00000022053",0.826933279443452,2.36682232219649,4.83913487975464,0.489100300158713,0.624770688971128,NA
"ENSMUSG00000022054",0.599243189715607,-1.69013232357558,5.34042990478552,-0.31647870184778,0.75163918851745,NA
"ENSMUSG00000022055",0.208310636930382,1.15582753302476,7.35596202661671,0.157127990715903,0.875143978175537,NA
"ENSMUSG00000022056",0.202139660722521,-0.236478011966563,7.33988691777218,-0.0322182091653177,0.974298034902837,NA
"ENSMUSG00000022057",2.15778212734192,0,3.6230063916791,0,1,NA
"ENSMUSG00000022061",0.741781761561492,2.76683411464924,4.91986509407086,0.562380077856947,0.573857089579146,NA
"ENSMUSG00000022064",282.42114622463,0.51464486339382,0.283804027571306,1.81338111300945,0.069773060541337,0.205514512351346
"ENSMUSG00000022066",178.750556925053,-0.363934477059116,0.264448421718831,-1.3762021141728,0.16875906774688,0.356624443140889
"ENSMUSG00000022070",613.89107699521,0.538897270642875,0.179464524180209,3.00280667226321,0.0026750230448039,0.0310359187768622
"ENSMUSG00000022074",111.610020021669,0.222787489743464,0.276177414440813,0.806682509482357,0.419849423510361,0.624561557772749
"ENSMUSG00000022075",112.998663677151,-0.113205844562379,0.336312217249507,-0.336609372945831,0.736411389565875,0.857008074624284
"ENSMUSG00000022076",0.282192561556454,2.15696604756172,7.2849402616045,0.296085619113457,0.767164696157774,NA
"ENSMUSG00000022085",0.165982935534047,0,7.3561311249555,0,1,NA
"ENSMUSG00000022089",1292.58348374751,-0.569191164207485,0.31095349245487,-1.83047040158294,0.0671796287725059,0.201108825571822
"ENSMUSG00000022090",609.99530501133,-0.280783967054492,0.327592727791418,-0.857112943097047,0.391382468733148,0.5991661303124
"ENSMUSG00000022091",6.34778487659637,0.431869702146425,1.10066773693144,0.392370637982391,0.694784377695203,NA
"ENSMUSG00000022092",1361.86750660022,-0.108125275002851,0.229665286846641,-0.470795027352357,0.637787115924407,0.793540498275256
"ENSMUSG00000022094",96.6625177432711,0.641160496756019,0.569161540999698,1.12650003657988,0.259953925110871,0.469341470268668
"ENSMUSG00000022095",346.895497867343,0.282115349856171,0.271697013658151,1.03834542035537,0.299109269863306,0.510302922436793
"ENSMUSG00000022096",0.963258439612141,0,6.23286772029206,0,1,NA
"ENSMUSG00000022097",0.0839161710242488,0,7.3561311249555,0,1,NA
"ENSMUSG00000022098",2.24649631337932,0.261122797444187,2.33372463760375,0.111891006006735,0.910909827988041,NA
"ENSMUSG00000022099",17.2961563676354,1.18148698785585,0.828822276217813,1.42550100517009,0.154012429757054,NA
"ENSMUSG00000022100",614.1868893181,0.425540785402295,0.210099859713939,2.02542155897529,0.0428240955501538,0.153621813721829
"ENSMUSG00000022101",0.0808917331732839,0,7.3561311249555,0,1,NA
"ENSMUSG00000022102",1356.19455013524,-0.177856165011699,0.230044397794716,-0.773138432044806,0.439440458425369,0.640972249009115
"ENSMUSG00000022103",3.96319497136559,-0.955163721575317,1.37995734756266,-0.692169017587658,0.48883119302748,NA
"ENSMUSG00000022105",611.618464951773,-0.317381303266761,0.253338383041505,-1.25279596189246,0.210279971620489,0.409483057641106
"ENSMUSG00000022106",1211.46109810068,-0.696550837825165,0.244760956286597,-2.84584129917173,0.00442942640673827,0.0398149985459156
"ENSMUSG00000022108",15750.8003793297,-0.317888916764913,0.220299396296761,-1.44298587335524,0.149024450733804,0.331693068882546
"ENSMUSG00000022109",1194.80474774133,-0.561182931640871,0.242143851910015,-2.31756010823441,0.0204732403472318,0.096780772093851
"ENSMUSG00000022110",2092.33858019542,-0.479672367910409,0.279133584550327,-1.71843301723489,0.0857176623176773,0.233549915107563
"ENSMUSG00000022111",3951.06995748091,-0.797204725761228,0.280029103645485,-2.84686382730591,0.00441522443368683,0.0397992676795118
"ENSMUSG00000022112",1.0632304302913,-1.79180035999935,2.64498402358669,-0.677433339491258,0.498131051203952,NA
"ENSMUSG00000022113",4.14680810748648,0.648204602122569,1.40966114768005,0.459830082704169,0.645638188602184,NA
"ENSMUSG00000022114",20.9381517343801,0.0182908624915345,0.805810242808215,0.022698721758353,0.981890595463096,NA
"ENSMUSG00000022119",715.609456631347,0.487297605892418,0.169541218481892,2.87421318695114,0.00405035462417043,0.0380225597910017
"ENSMUSG00000022120",242.379441745624,0.63021637694548,0.21179343426747,2.97561810225708,0.00292398737586011,0.0323557189977557
"ENSMUSG00000022122",1.51845440269347,-0.127959655333019,3.37881329071356,-0.0378711826678044,0.969790389459778,NA
"ENSMUSG00000022123",1.05328853416303,2.15612469907076,3.64865530786157,0.590936801956893,0.554562766371888,NA
"ENSMUSG00000022124",732.880066978904,0.224363939650052,0.250186117359434,0.89678812724735,0.369831984530759,0.579568573917207
"ENSMUSG00000022125",357.22446307225,0.2276916856416,0.165017563954702,1.37980273241764,0.167647391110394,0.3554459939519
"ENSMUSG00000022126",4.29495932249417,2.74026770612604,2.22847331953595,1.22966143776703,0.218823912933107,NA
"ENSMUSG00000022129",0.264090750712467,-0.692567152512106,7.19556314884035,-0.0962491938693806,0.923322661083464,NA
"ENSMUSG00000022130",556.96611567774,-0.543436927894524,0.365131086642019,-1.48833377319998,0.13666289246916,0.313950630246394
"ENSMUSG00000022131",224.89792214409,-0.0665684317109283,0.190290501700676,-0.349825299297594,0.726469811160893,0.851290492746847
"ENSMUSG00000022132",26.8163666784762,-0.790537118165037,0.5332787840841,-1.48240871708927,0.138231575919819,NA
"ENSMUSG00000022136",2830.63327749444,0.0177510527669687,0.124722610937538,0.142324255670518,0.886823888290061,0.949240982362441
"ENSMUSG00000022139",642.011279935368,0.329107391008641,0.209282649300373,1.57254981293881,0.115823096315492,0.283534251381536
"ENSMUSG00000022141",1559.37014837106,0.521845664641245,0.175455454719169,2.97423448861423,0.00293720524952655,0.0323681983183612
"ENSMUSG00000022142",417.767153137911,0.11668488525533,0.226139420334042,0.515986487817863,0.60586384657435,0.770749154789095
"ENSMUSG00000022144",0.0380762098104571,-1.67431590235222,7.3501929692546,-0.227792101425878,0.819807867435575,NA
"ENSMUSG00000022146",5.01947178806409,-0.376348325659923,1.8945930640233,-0.198643356616497,0.842541735717534,NA
"ENSMUSG00000022148",2902.37661652035,0.00775468998940167,0.170693324398045,0.0454305405132204,0.963764138302012,0.988536139746844
"ENSMUSG00000022149",0.111293400065287,2.01774574327899,7.28846426569737,0.276841001028896,0.781902196806777,NA
"ENSMUSG00000022150",0.981377128673994,2.24965576185401,4.17340903140369,0.539045117534851,0.58985572346578,NA
"ENSMUSG00000022151",823.259704702928,-0.761583459800561,0.254933737519011,-2.98737808189772,0.00281381500340503,0.0315715792379781
"ENSMUSG00000022155",0.285159590138659,-1.67393577323533,7.35018333279325,-0.227740683115613,0.819847842833875,NA
"ENSMUSG00000022156",0.116690545995177,-2.55309824045558,7.29475525636411,-0.34999093879513,0.726345497918863,NA
"ENSMUSG00000022157",114.264334993017,3.76042741334174,3.62359153366179,1.03776250121152,0.299380638755929,0.51032550682917
"ENSMUSG00000022159",247.571924351403,0.201850875027331,0.261590466953562,0.771629323415533,0.440334001574376,0.641802065108037
"ENSMUSG00000022160",1187.97180246146,0.125171928992428,0.252917485613315,0.494912120009777,0.620662154968704,0.780963009402449
"ENSMUSG00000022174",9051.91317099844,-0.278939412221168,0.164073721484725,-1.70008584980586,0.0891147785053511,0.239635360589063
"ENSMUSG00000022175",856.417670381231,0.14013220547818,0.187532735905361,0.747241300574307,0.454917917988673,0.653948621681789
"ENSMUSG00000022176",19.3781161571075,1.57370322197505,0.89760895432088,1.75321693750894,0.0795647767665163,NA
"ENSMUSG00000022177",948.573064914719,-0.760373891935936,0.244531668107247,-3.10951091865308,0.00187397358145521,0.02612673679465
"ENSMUSG00000022178",12.5777631622022,1.03944846951174,1.0299871784474,1.0091858338262,0.312885519223007,NA
"ENSMUSG00000022179",20.8323684297522,0.405198244566062,0.792136657448065,0.511525682792464,0.608983009360996,NA
"ENSMUSG00000022180",2.07481295800052,3.74330459809466,2.79895345153859,1.33739437361381,0.181093940041252,NA
"ENSMUSG00000022181",1.00523215549392,2.22578002331517,3.94318882853882,0.564461941869506,0.572439793964251,NA
"ENSMUSG00000022184",271.040868678127,0.0983160057103093,0.21575703134035,0.455679266161292,0.648620633742971,0.800551250411946
"ENSMUSG00000022185",1209.43094272145,0.739282117710821,0.346997721359328,2.1305100068518,0.0331295305440526,0.130628404239314
"ENSMUSG00000022186",1299.30293534491,0.0046644803750032,0.183017676584978,0.0254865019709581,0.979666914858166,0.996297063104216
"ENSMUSG00000022191",230.236059156478,-0.152222551192426,0.305513805038299,-0.49825097485642,0.618307157697635,0.780383842420981
"ENSMUSG00000022193",5506.4592968749,-0.567470643398762,0.22257502774212,-2.54957013441888,0.0107855814752889,0.0657714206559103
"ENSMUSG00000022194",1424.30805590766,0.0161578253253977,0.280213281742889,0.0576625962370458,0.954017387976802,0.984287848883278
"ENSMUSG00000022195",295.810439436218,0.00516214132095241,0.209064393930474,0.0246916331561898,0.980300928821613,0.99642927315184
"ENSMUSG00000022197",203.554908714589,0.460431886137753,0.392318867782796,1.17361647360959,0.240548679760097,0.44637109607995
"ENSMUSG00000022199",4.21199246407179,1.12987176947343,1.9279070677059,0.586061324427796,0.557834305254765,NA
"ENSMUSG00000022200",977.944372408938,-0.43173731614002,0.181669912762003,-2.37649322100803,0.0174780825511665,0.0880136760154259
"ENSMUSG00000022201",1222.50345045749,0.958189736924246,0.314089013458564,3.05069485358059,0.00228312481511617,0.0288426413445754
"ENSMUSG00000022203",0.33537040582054,0,7.3561311249555,0,1,NA
"ENSMUSG00000022204",2870.38636116351,-0.786739286234736,0.246181898242631,-3.19576415589802,0.00139461057114152,0.0231525265371914
"ENSMUSG00000022205",42112.769998046,-0.869308977436533,0.283642078725382,-3.06480964087908,0.00217808580274428,0.0282685056413293
"ENSMUSG00000022206",1.28362931839601,-0.984789495177001,2.62960969131693,-0.374500253185412,0.708032168264674,NA
"ENSMUSG00000022208",4.72099606753258,0.306642591829914,1.34402199723899,0.228152956171733,0.819527332457396,NA
"ENSMUSG00000022209",0.355835926463793,-3.02046123608213,7.27028879916036,-0.415452717150791,0.677810521810732,NA
"ENSMUSG00000022210",283.280048165253,-0.384201201406474,0.210393332902281,-1.82610920273277,0.0678338142838666,0.202151719685264
"ENSMUSG00000022211",1.13643048823676,-0.87214285780782,3.81030249090689,-0.228890714028387,0.818953858127841,NA
"ENSMUSG00000022212",1.8797335052123,1.77103594038392,4.4631331800804,0.396814495316498,0.691504260755717,NA
"ENSMUSG00000022214",544.837722725109,-0.0571326802593539,0.212165981180946,-0.269282945085472,0.787711955464433,0.892541572646255
"ENSMUSG00000022215",0.297036433929116,1.15467601623178,7.3559300790549,0.15697213048824,0.875266812429109,NA
"ENSMUSG00000022216",10918.9897125099,-0.79144778677357,0.199014002578664,-3.97684472709771,6.98357324185396e-05,0.00667416692973817
"ENSMUSG00000022217",575.121063440689,-0.310727549320508,0.310381659297692,-1.00111440226075,0.316771502919578,0.527952504865963
"ENSMUSG00000022218",4.48928826305802,1.15566713505953,2.52279330804761,0.458090296725063,0.646887569847583,NA
"ENSMUSG00000022219",0.608927044202135,-0.20985046281933,7.02624469611401,-0.0298666601997781,0.976173395287466,NA
"ENSMUSG00000022220",1.31090445426563,-1.16822594197069,2.69389664608347,-0.433656556078019,0.664537858752247,NA
"ENSMUSG00000022221",662.887623273653,-0.0860455608492096,0.210299993567528,-0.409156269524944,0.682424984269143,0.825979058344616
"ENSMUSG00000022223",869.895714045577,-0.733943210336234,0.28826514526673,-2.54606990261386,0.0108943370034705,0.0660678044658319
"ENSMUSG00000022225",44.3828446255451,-4.62465847469591,1.70772343255904,-2.70808398275932,0.00676728953509859,NA
"ENSMUSG00000022226",0.0425774740632087,0,7.3561311249555,0,1,NA
"ENSMUSG00000022227",0.0710374986746129,2.16226366003378,7.28481246100722,0.296818026765623,0.766605441993722,NA
"ENSMUSG00000022228",226.740354565642,0.350797280121905,0.263350264630728,1.3320559241275,0.182841812335353,0.37612893750844
"ENSMUSG00000022229",0.391287596508604,1.16130512514595,7.35567207915417,0.157878860374576,0.874552256110685,NA
"ENSMUSG00000022231",1.9628821544603,-1.05551089501565,2.67029618680103,-0.395278583788915,0.6926373028877,NA
"ENSMUSG00000022234",5574.23827218834,-0.532689416529741,0.20717410357907,-2.57121622503574,0.0101342031407049,0.0634029101556129
"ENSMUSG00000022235",4.73668177865789,-0.247068791050944,2.09401790571465,-0.117987907542091,0.906077239336843,NA
"ENSMUSG00000022236",22.9667933236456,-1.74087014534192,1.00899086264175,-1.72535769133127,0.0844630310024394,NA
"ENSMUSG00000022237",8.20495525439123,-1.12728658751288,1.96468626545547,-0.573774351321959,0.566120507298926,NA
"ENSMUSG00000022240",2.18673602183833,0.104701760725506,2.16509697912293,0.0483589242122172,0.961430194711174,NA
"ENSMUSG00000022241",963.815657459974,0.165493256782071,0.140605354799844,1.17700536382598,0.239193365369483,0.444691821831359
"ENSMUSG00000022243",0.0833712621098785,0,7.3561311249555,0,1,NA
"ENSMUSG00000022244",33.6101385445379,0.411670183701889,0.514436631267059,0.800234972941068,0.42357467061056,NA
"ENSMUSG00000022245",0.690692226295097,1.28613295873849,5.76037484793503,0.223272441931369,0.823323474069345,NA
"ENSMUSG00000022246",10.4925726880613,-0.926187757529579,1.31585779455856,-0.703866148271965,0.48151613459776,NA
"ENSMUSG00000022247",2538.03308404955,-0.840876510083676,0.322569195823383,-2.60680970461942,0.0091390134824957,0.0593165779871766
"ENSMUSG00000022248",631.086915281125,-0.0675107210355721,0.22408582583107,-0.301271714911883,0.763207307756535,0.875691560349293
"ENSMUSG00000022249",0.321162137820236,-1.11911978542218,7.16495279177381,-0.156193602099802,0.8758804196278,NA
"ENSMUSG00000022253",253.230526469773,0.337627982351203,0.290608682468674,1.16179592255506,0.245318370711254,0.451745919240079
"ENSMUSG00000022255",1574.09487867569,0.268375638183669,0.22555561309839,1.1898424273157,0.234108330377905,0.438627832802138
"ENSMUSG00000022257",20.0407118102341,0.0296343745124314,1.03117492666631,0.028738455276678,0.977073186148232,NA
"ENSMUSG00000022261",0.109101000236463,0.772481236649517,7.2788384387632,0.106126993083909,0.915481594697084,NA
"ENSMUSG00000022262",1.21487607634404,-1.01745182407368,3.87077351764878,-0.26285490986094,0.792662411190529,NA
"ENSMUSG00000022263",39.6913562086873,0.322987044861399,0.580226444076217,0.556656884840245,0.577761880004982,NA
"ENSMUSG00000022265",138.696662204302,0.246399933385566,0.303314001628564,0.812359245081291,0.416585524460752,0.620920975466606
"ENSMUSG00000022269",0.318709173314055,1.64381324139405,7.25840746643974,0.226470234551374,0.820835707248467,NA
"ENSMUSG00000022270",439.425049071655,-0.0181887577108568,0.178886112737974,-0.101677863264316,0.919012373621525,0.965480533196019
"ENSMUSG00000022272",24.1809439214004,1.28703874912017,0.814532888694199,1.58009426873291,0.114085279638336,NA
"ENSMUSG00000022280",491.609767123742,0.107561895214413,0.167113758577361,0.643644761090212,0.519805817551461,0.706292853126624
"ENSMUSG00000022283",11586.2214785324,-0.0198924051000102,0.173832139865807,-0.114434563800264,0.908893315999847,0.960591299974178
"ENSMUSG00000022285",15924.4359863454,-0.419254471697409,0.218652432527085,-1.91744709561132,0.0551811559688721,0.178024062255973
"ENSMUSG00000022286",6.51412592854748,3.74657910935551,1.75317094110562,2.13703012154238,0.0325955417559204,NA
"ENSMUSG00000022288",0.537703259459082,1.14365900793002,5.59302537257204,0.20447949575528,0.837978813509373,NA
"ENSMUSG00000022292",317.404349281845,-0.154263901431983,0.278895596863247,-0.553124191156106,0.580178372716478,0.752139437941296
"ENSMUSG00000022295",1664.9988625077,-0.704424209275386,0.242325188754659,-2.90693762747288,0.00364985965269451,0.0362110712930904
"ENSMUSG00000022296",0,NA,NA,NA,NA,NA
"ENSMUSG00000022297",3.9060472704565,0.477543717697356,1.45336051411677,0.328578981649001,0.742473936939108,NA
"ENSMUSG00000022299",114.052059092991,-0.467849159880332,0.308250641617295,-1.51775567254515,0.129076003566722,0.303068003624001
"ENSMUSG00000022300",1195.40720311876,-0.98856923022959,0.343589470852074,-2.8771813867812,0.00401244879882431,0.0379034708172975
"ENSMUSG00000022303",0.0381979668618393,0,7.3561311249555,0,1,NA
"ENSMUSG00000022304",0.31621871336504,3.32604894331402,7.26544860929007,0.457789893257399,0.647103397577414,NA
"ENSMUSG00000022305",21.621569190073,0.450741574397816,0.727565468872741,0.619520295673427,0.535573655836304,NA
"ENSMUSG00000022306",0.172063322578719,0,7.3561311249555,0,1,NA
"ENSMUSG00000022307",642.42993002559,-0.718687387932101,0.277292335700602,-2.59180401115768,0.00954741449061614,0.0609665324546127
"ENSMUSG00000022309",1.86781835936598,-2.71175013982453,2.75673550502678,-0.983681653491887,0.325272063254037,NA
"ENSMUSG00000022311",11.9856011347452,0.469484916765511,0.949227875586749,0.494596638847449,0.620884875256443,NA
"ENSMUSG00000022312",5530.12491523522,-0.595651724485266,0.197131805951114,-3.02159117150776,0.00251449904422458,0.0301761849795416
"ENSMUSG00000022313",684.382386779817,-0.641445693215523,0.23850332106713,-2.68946231165887,0.00715672278406933,0.0511527149099966
"ENSMUSG00000022314",3308.18570919827,-0.171797395553931,0.17406992060561,-0.986944757349386,0.323669721069823,0.534403740233038
"ENSMUSG00000022315",0.418330063706118,1.77017934864992,7.2431117413617,0.244394869478726,0.806925014893602,NA
"ENSMUSG00000022321",4.43898954806141,-0.09065060113637,1.27579967377024,-0.0710539460074319,0.943354821240535,NA
"ENSMUSG00000022322",2603.53261740134,0.405493982950714,0.312023469510408,1.29956244505252,0.193750978177147,0.39006688783729
"ENSMUSG00000022323",912.300476619148,-0.872239021663233,0.257351436110253,-3.38929144848275,0.000700734890036119,0.0164141336208697
"ENSMUSG00000022324",4.81064065187115,-0.936948752738841,1.43632297733792,-0.65232455897585,0.514191820179488,NA
"ENSMUSG00000022325",109.152331517036,0.441733828456426,0.40563215052336,1.08900102688233,0.276153432848463,0.486504488274293
"ENSMUSG00000022329",38.9541168564499,-0.55317825434949,0.696340142855167,-0.794408106476991,0.426957886434308,NA
"ENSMUSG00000022330",2.39903142133095,1.15196997866592,2.58766379517674,0.445177608008091,0.656191407380418,NA
"ENSMUSG00000022332",0.972781898329753,-3.14100031859558,4.51702653896104,-0.695369020195759,0.486824070084357,NA
"ENSMUSG00000022335",36.838893765809,0.248107118588984,0.476772998847134,0.520388359216907,0.602792921871725,NA
"ENSMUSG00000022336",5237.97748817881,-0.752340458528278,0.239494908462676,-3.14136306010667,0.00168163428637603,0.0249535210838113
"ENSMUSG00000022337",2263.72553045344,-1.24274015975977,0.344999565549143,-3.60214992671563,0.00031559624946448,0.011597282252626
"ENSMUSG00000022338",3359.230071575,-0.787875117579647,0.248178350079976,-3.17463274828667,0.00150026249262354,0.0238425960443467
"ENSMUSG00000022339",337.526665854219,-0.208635301751239,0.198540370048742,-1.05084573832525,0.293329445123675,0.504710455186688
"ENSMUSG00000022340",0.0889642148946349,-1.88655533878279,7.34121306792366,-0.256981417284538,0.797193118315499,NA
"ENSMUSG00000022342",0.260951686468348,0,7.35613112495549,0,1,NA
"ENSMUSG00000022346",667.537629101187,0.0574363231902147,0.300853661917805,0.190911165328965,0.848595192396728,0.927505912963474
"ENSMUSG00000022347",0.0400922426516566,0,7.3561311249555,0,1,NA
"ENSMUSG00000022350",360.396358415245,-0.0621136627316663,0.21219408433895,-0.292720991375275,0.769735423555169,0.879884742953704
"ENSMUSG00000022351",433.934598972028,-0.0214500799961629,0.223251654979244,-0.0960802731704592,0.923456818543614,0.968219203574844
"ENSMUSG00000022353",124.688166983855,0.321928543199588,0.423880048836878,0.759480291848972,0.447565299070638,0.648418566229507
"ENSMUSG00000022354",8855.22824019404,-0.56739719065413,0.216360071338679,-2.62246720082632,0.0087295669953478,0.0576431327648717
"ENSMUSG00000022357",0.269633935463095,0.771448780026028,7.27885907112398,0.105984849066037,0.915594373169259,NA
"ENSMUSG00000022358",173.772091990771,0.27023334151199,0.230633216202767,1.17170174340546,0.241316822840493,0.447083120392053
"ENSMUSG00000022359",821.895757722946,-0.616254183050528,0.292251501157199,-2.10864334523658,0.0349753784858322,0.135368576473733
"ENSMUSG00000022360",1787.92312072357,0.478553764104735,0.237631351171291,2.01384944261744,0.0440253429189807,0.155758953025814
"ENSMUSG00000022361",362.284119077164,-0.0302913026339919,0.232264835349753,-0.130417084395828,0.89623645063384,0.953847016579831
"ENSMUSG00000022362",18.9817121026305,-0.201592089632896,0.84951041114305,-0.237303848179619,0.812421076944,NA
"ENSMUSG00000022364",170.314438162689,0.913618441195412,0.319879029106975,2.85613734587733,0.00428829585524409,0.0391590622363386
"ENSMUSG00000022365",1202.35278940034,0.0569255979686587,0.126766501170759,0.449058682245854,0.653389325112034,0.803627408079191
"ENSMUSG00000022366",0.299708293054468,-2.99734810752441,7.24029062605694,-0.413981739453568,0.678887480093586,NA
"ENSMUSG00000022367",0.99767840799363,0.346573089851367,3.17271395073992,0.10923552996971,0.91301568007252,NA
"ENSMUSG00000022369",221.102152822591,0.628881306652509,0.340791618550926,1.84535438203135,0.0649860044595162,0.19729319842823
"ENSMUSG00000022370",4674.73637958336,-0.560469010765523,0.20726826949169,-2.7040753133127,0.00684947627767631,0.0501080563038615
"ENSMUSG00000022371",1.84250620053219,3.26372454297177,3.00147210806332,1.08737460335011,0.276871290317518,NA
"ENSMUSG00000022372",2598.13870046261,-0.295360650876229,0.213597445282307,-1.38279112133507,0.166728922175348,0.35405271658503
"ENSMUSG00000022375",7.12701661955519,-0.935053964110156,1.2695538886962,-0.736521680911419,0.461413278128048,NA
"ENSMUSG00000022376",0.339722563959662,3.48127560895732,7.24203716154687,0.480703914009429,0.630726948967992,NA
"ENSMUSG00000022377",627.891866121006,0.902902465163901,0.290773751643109,3.10517183914217,0.00190168508799055,0.0263279511131465
"ENSMUSG00000022378",4120.32241952502,-0.620996084985978,0.205006860438414,-3.02914782294581,0.00245244652024,0.0300030121937777
"ENSMUSG00000022382",0.198976661630271,1.1600931405052,7.35573244322872,0.157712797394245,0.874683115842551,NA
"ENSMUSG00000022383",1.19436479398033,-1.41007636501564,4.60818964637517,-0.305993562162706,0.75960954748825,NA
"ENSMUSG00000022385",274.152356660789,0.303493240976678,0.495483095859143,0.612519869018813,0.540193856358562,0.723200057995574
"ENSMUSG00000022386",164.171779397857,-0.208865486987914,0.297395675661831,-0.702315144707804,0.482482650574699,0.676258231383572
"ENSMUSG00000022387",543.707883332375,0.261167920984007,0.148318006898285,1.76086455343965,0.0782613306718375,0.220969224133423
"ENSMUSG00000022388",18.6375294984727,-1.30155255225476,1.83920589126033,-0.70767093474394,0.479149630978999,NA
"ENSMUSG00000022389",78.0864731090092,0.109521180532231,0.423102275839897,0.258852733218752,0.795748868838123,0.896305557026532
"ENSMUSG00000022390",59.8184237826941,-0.114476801786716,0.508107734321358,-0.225300254363602,0.82174570180305,NA
"ENSMUSG00000022391",1384.29745857724,-0.175702636187414,0.171045381312798,-1.02722818259617,0.304313030465413,0.515744413181889
"ENSMUSG00000022394",267.165864061271,0.0903572560268465,0.242995891411782,0.371846846882389,0.710006881829915,0.841054524583414
"ENSMUSG00000022400",12103.5005671342,-0.733914991991475,0.215740034080137,-3.40184887390378,0.000669316389514957,0.0161971628869345
"ENSMUSG00000022401",69.0561106412386,0.351894916838754,0.53019680654874,0.663706217186363,0.506878359403155,0.696869622072349
"ENSMUSG00000022403",1489.09884627991,0.0788530799725685,0.200077133574012,0.39411340298615,0.693497316042548,0.833290721841483
"ENSMUSG00000022404",824.534849331584,0.13573019530594,0.300210301601485,0.452117047889035,0.651184662924078,0.802313398106009
"ENSMUSG00000022407",1325.02437217068,-0.0666914494609646,0.223526352418832,-0.298360567956666,0.765427981444431,0.876840375081492
"ENSMUSG00000022408",1.26455195972841,-0.182127654496757,2.24489776184851,-0.0811295986801592,0.935338886924977,NA
"ENSMUSG00000022412",236.265339318519,0.3783719799986,0.317234260472411,1.19272104921815,0.232978639116219,0.437249638819788
"ENSMUSG00000022414",113.657613989764,0.885095488380862,0.265642245221061,3.33190787347964,0.000862528041088368,0.0184148805316599
"ENSMUSG00000022415",53.7349543400701,1.71611049775358,0.821598688502998,2.08874542007904,0.036730645897547,NA
"ENSMUSG00000022416",9.51885436876003,2.81344560904431,2.04864851569012,1.373317866631,0.169653550630612,NA
"ENSMUSG00000022419",29.8157025172726,0.290008503019897,0.649961072993097,0.446193649235632,0.655457369982096,NA
"ENSMUSG00000022420",69.0111166353541,-1.12254805183016,0.391535980586236,-2.8670367667089,0.00414334874458978,0.0383851943207778
"ENSMUSG00000022421",3.88454924027322,-2.12412728807656,2.07171436491098,-1.02529929996785,0.305221986010289,NA
"ENSMUSG00000022422",339.521845543363,-0.178798211359837,0.345365185092853,-0.517707687622787,0.60466223370819,0.770454096575291
"ENSMUSG00000022425",2.84653676089566,0.334894869167111,1.98607116498312,0.168621787110009,0.866094142320118,NA
"ENSMUSG00000022426",179.172805443886,0.2156965424402,0.277146557384336,0.778276102275666,0.436406260722073,0.638052934068584
"ENSMUSG00000022427",4588.110689156,-0.741972241802417,0.215116654967272,-3.44916223207033,0.000562328747489731,0.0148460518370694
"ENSMUSG00000022428",224.295969067987,-0.595232952756437,0.306935995044731,-1.93927386284457,0.0524679997537391,0.172651856712953
"ENSMUSG00000022429",1.44253827097207,-3.15067753006809,3.63042306408078,-0.867854097017158,0.385474210755119,NA
"ENSMUSG00000022431",0.161421597435843,0,7.3561311249555,0,1,NA
"ENSMUSG00000022432",2.29732078893003,-0.04303467873539,1.78103521594393,-0.0241627331959194,0.980722804046639,NA
"ENSMUSG00000022433",149.119552037698,-0.385819817672555,0.274457161997905,-1.40575605629668,0.159796574984614,0.345340870949477
"ENSMUSG00000022434",185.031286104759,0.0778405906735706,0.329087687994892,0.236534496771507,0.813017942035039,0.90613568242155
"ENSMUSG00000022435",0,NA,NA,NA,NA,NA
"ENSMUSG00000022436",415.824565422453,-0.129435450091011,0.236650284711863,-0.546948211993942,0.584414311880967,0.754563149548505
"ENSMUSG00000022437",877.124827288274,-0.319804500386377,0.209244906776783,-1.52837412060661,0.126419676466285,0.298961364083546
"ENSMUSG00000022438",250.98736556197,0.589749777225908,0.551812620584466,1.06875007063314,0.285182303007403,0.496744857308931
"ENSMUSG00000022439",503.088011291328,-0.155596034609657,0.163508044738079,-0.951610881647463,0.34129436081285,0.549819875592409
"ENSMUSG00000022440",42.8152109259202,0.298049592332395,1.37557850669393,0.216672178928361,0.828463830947188,NA
"ENSMUSG00000022441",22.0044911100454,0.800528227444388,1.43621197603541,0.55738863120624,0.577261931344124,NA
"ENSMUSG00000022442",116.175882417781,-0.35374811328647,0.403882345037519,-0.875869216946358,0.381101135943517,0.589913048669225
"ENSMUSG00000022443",2630.76844206233,0.148833203071671,0.241732460330347,0.615693907505342,0.538096559095175,0.721721097239593
"ENSMUSG00000022445",1.07270003693266,1.02696701732431,3.14013889644711,0.327045092969061,0.74363377956175,NA
"ENSMUSG00000022449",3.59547625116072,2.95264921863001,2.54224258556618,1.16143488249074,0.245465090183462,NA
"ENSMUSG00000022450",5398.57606939704,-0.572365873518872,0.161132108735077,-3.55215281430916,0.000382092885607938,0.0126469466321579
"ENSMUSG00000022451",513.567889401099,0.00872867323723055,0.189825617489761,0.0459825884022286,0.963324127671168,0.988500844738889
"ENSMUSG00000022452",6803.59888684433,-0.643580841597369,0.196253206683063,-3.27933923972367,0.00104050473870151,0.0200494918948623
"ENSMUSG00000022453",159.386424156281,0.159433046306721,0.369570054772042,0.431401419698525,0.666176517814233,0.813886402001446
"ENSMUSG00000022454",0.309677180593357,-0.692301322869093,7.19558848688955,-0.0962119115247453,0.923352270675618,NA
"ENSMUSG00000022455",0.149754427179418,-1.67455183354516,7.35019731234393,-0.227824065448273,0.819783017097527,NA
"ENSMUSG00000022456",5.97809606617766,0.311482366946855,0.890795256354491,0.349667743204619,0.726588064453639,NA
"ENSMUSG00000022462",2444.68964547468,0.431094562504491,0.254674173907434,1.69272979623438,0.0905069109710395,0.242012709864932
"ENSMUSG00000022463",533.026347230974,-0.085355295801012,0.209588710006447,-0.407251401081606,0.68382335288582,0.826861632205056
"ENSMUSG00000022464",0.301672700062437,-1.17908768580416,7.21872194323071,-0.163337457111759,0.870252743386058,NA
"ENSMUSG00000022466",288.633337561531,-0.0181792954866633,0.242357636988532,-0.0750102027423364,0.940206594150029,0.977280986663832
"ENSMUSG00000022468",10.6004527162836,0,2.18928080708081,0,1,NA
"ENSMUSG00000022469",3.91561280987354,0,2.48975817210059,0,1,NA
"ENSMUSG00000022471",638.466941672655,-0.0741844331679645,0.246790489664359,-0.300596806906365,0.763721966634782,0.875691560349293
"ENSMUSG00000022472",557.070522847561,-0.116654718344416,0.202156489554005,-0.577051563379333,0.563904623365891,0.740977225951557
"ENSMUSG00000022474",759.2067544952,-0.000606376310639946,0.227035270632562,-0.00267084629163773,0.997868975513207,1
"ENSMUSG00000022475",1071.89523607663,0.242409935518155,0.211363822014177,1.14688470906765,0.25142927313379,0.459999697376923
"ENSMUSG00000022476",203.030227242015,-0.837602064941829,0.377262095510128,-2.22021261852251,0.0264043381504962,0.11308790408044
"ENSMUSG00000022477",859.527351247115,0.262658806522844,0.158535331048749,1.65678404167257,0.0975631445326387,0.253926193708566
"ENSMUSG00000022479",2.93298495152571,-4.76058297425887,2.44796512773458,-1.94471029032365,0.0518098563423246,NA
"ENSMUSG00000022483",0.722929453292654,-2.72643767568491,7.28983385732459,-0.374005461447584,0.708400252929935,NA
"ENSMUSG00000022484",0.189774103627087,0.771291025197122,7.27886623782304,0.105963071719779,0.915611651681702,NA
"ENSMUSG00000022485",0.240796616129545,-0.952118187770565,7.30387784406758,-0.130357901391232,0.896283272139228,NA
"ENSMUSG00000022487",31.7148798750329,0,2.16623642905591,0,1,NA
"ENSMUSG00000022488",1009.19166261433,0.0604045494952648,0.153809772419676,0.392722442436548,0.694524493080437,0.83378365485792
"ENSMUSG00000022489",57.2191951594319,0.275253925390426,0.413222114342132,0.666116153605772,0.505336860224867,NA
"ENSMUSG00000022490",0.654177454506914,1.91175229812579,4.01530217679027,0.476116669170337,0.633991262070859,NA
"ENSMUSG00000022491",0.605043011890458,-1.27890984215547,7.12325964783857,-0.179539972622441,0.85751373359597,NA
"ENSMUSG00000022494",0.538565002262904,-0.702346085200993,7.17285562442362,-0.0979172204176953,0.921998025781131,NA
"ENSMUSG00000022496",3.53826273991832,-1.67360173999454,3.04298804649664,-0.549986301103397,0.58232876951691,NA
"ENSMUSG00000022498",708.84418751033,-0.0184171254230617,0.167862957683295,-0.109715244371001,0.912635210146092,0.962245181249079
"ENSMUSG00000022500",679.82250063462,-0.393000540382655,0.347168637303356,-1.13201625421956,0.257627600895165,0.467103601402918
"ENSMUSG00000022501",0.798702688634215,-1.05780760837014,4.99419871652811,-0.21180727247984,0.832257394627728,NA
"ENSMUSG00000022503",2295.17383412643,-0.482445302563392,0.316027474338839,-1.52659291276088,0.126862270459046,0.299578008477704
"ENSMUSG00000022504",12.7424775332159,1.50326239587869,1.18038615932728,1.27353441414073,0.202828468692099,NA
"ENSMUSG00000022505",2.07514764083993,-0.0413973397516823,2.36822155104764,-0.017480349223817,0.986053409499921,NA
"ENSMUSG00000022507",391.092520097737,-0.211416410930829,0.218084596402094,-0.969423858533454,0.332333753143051,0.54120579074449
"ENSMUSG00000022508",32.0826103947104,-0.383860662091276,0.52265068920627,-0.734449738647108,0.462674682157779,NA
"ENSMUSG00000022510",1.02476569243131,-4.04483844882286,6.09716951598558,-0.663396095223872,0.507076906080763,NA
"ENSMUSG00000022512",0.982637358963655,3.1578991810914,7.24411995054653,0.435925854713816,0.662890525796085,NA
"ENSMUSG00000022514",134.816558833513,0.665368263403333,0.363207007483749,1.83192573296677,0.0669624861068112,0.200643884560724
"ENSMUSG00000022515",184.729259478977,0.154099664031173,0.330470837712853,0.466303366123551,0.640998369663672,0.79571378677953
"ENSMUSG00000022516",1225.49742023538,-0.600948838233394,0.273598826315374,-2.19645985447571,0.028059045583574,0.117281257109091
"ENSMUSG00000022517",94.6104585917509,0.186671322997792,0.408557854997647,0.456903032739064,0.64774074406659,0.79986474142389
"ENSMUSG00000022518",3.0948999574279,1.22863300402333,1.79206699247262,0.685595465562429,0.492968241728367,NA
"ENSMUSG00000022519",10.5097514541846,5.37572122051166,2.35804665555284,2.27973488474143,0.0226234169959541,NA
"ENSMUSG00000022521",1511.35621590355,0.170688269878565,0.298602074590697,0.571624527768378,0.567576374830517,0.743136906428001
"ENSMUSG00000022523",0.464124821994132,-0.114764400231195,6.42070568297607,-0.0178741100897184,0.985739282870077,NA
"ENSMUSG00000022525",0.273490445459235,0.154595167651283,7.23407193895351,0.0213704216595953,0.982950168271767,NA
"ENSMUSG00000022526",87.1300230992136,0.362399104054781,0.319441559788969,1.13447700510287,0.256594514008357,0.466171066159274
"ENSMUSG00000022528",54.4779276697805,-1.6563933671312,0.866618989201997,-1.91132826278876,0.0559624092129654,NA
"ENSMUSG00000022529",429.27880057853,0.429745214307786,0.203207796921667,2.11480671912134,0.0344464239776774,0.134003502959206
"ENSMUSG00000022533",1269.93864530003,0.264130532907572,0.187629062769861,1.40772718793327,0.159211867964324,0.344803371254028
"ENSMUSG00000022534",7.55441483242403,-3.56343135627128,2.2232759967582,-1.60278407245308,0.108982334479808,NA
"ENSMUSG00000022536",548.022920634979,0.107608167616749,0.214287803654555,0.502166552559472,0.615550368565097,0.778494804665556
"ENSMUSG00000022537",79.0251885928053,0.19870674392207,0.448179992111284,0.443363709714043,0.65750268062951,0.807480929062332
"ENSMUSG00000022538",630.397731823685,0.30354908829473,0.190231184217569,1.59568521608717,0.11055909098134,0.274727459079144
"ENSMUSG00000022540",116.876723379998,-0.481415077943358,0.40390677778817,-1.19189650785172,0.233301827653569,0.437689991716745
"ENSMUSG00000022542",0.400060495559931,0.770731549967121,7.27887679377862,0.105886055198225,0.915672758203793,NA
"ENSMUSG00000022543",1.77366916935476,0.774162255265564,2.94798184837583,0.262607537998269,0.792853089453059,NA
"ENSMUSG00000022544",425.878478316547,-0.299110234020552,0.300648285807642,-0.994884215677601,0.319792580589351,0.530813738481543
"ENSMUSG00000022545",200.308937229728,0.408130165724189,0.250882607766266,1.62677743729618,0.103784375270659,0.263594180254488
"ENSMUSG00000022546",104.467115655064,0.0693770806977335,0.374668495355539,0.185169240429192,0.853096294442035,0.930079608369658
"ENSMUSG00000022548",5.23929135536974,0.175657218750444,1.39205567762733,0.126185483507269,0.899585101994644,NA
"ENSMUSG00000022550",104.365486721628,0.613782663892426,0.264230510345042,2.32290609850818,0.0201841974479182,0.096062008556895
"ENSMUSG00000022551",2857.83254826303,-0.373094244055871,0.28067322676915,-1.32928333902947,0.183754508897073,0.377240564994303
"ENSMUSG00000022552",862.506287826827,0.199742931199429,0.174250946514285,1.14629466981434,0.251673247645509,0.460275680476568
"ENSMUSG00000022553",1734.34854967715,-0.364262460924362,0.285399665613275,-1.27632406345545,0.201840987212804,0.398640990728985
"ENSMUSG00000022554",153.487104249348,0.028403573971204,0.312559941831087,0.0908740058140713,0.92759270506788,0.970265284226906
"ENSMUSG00000022555",292.976170316121,0.428620750220736,0.313747280124114,1.36613375596811,0.171896984943999,0.360841303073143
"ENSMUSG00000022556",379.551369561927,-0.182598268357077,0.258497437762937,-0.706383281541592,0.47994981486964,0.674169106611364
"ENSMUSG00000022557",467.083652910437,0.00636751840663019,0.218772516978835,0.0291056595890708,0.976780322012265,0.994999328430672
"ENSMUSG00000022558",106.474038376707,0.441470466650679,0.450309026771018,0.980372234188339,0.326902410308312,0.537205143476011
"ENSMUSG00000022559",276.62953746,0.0949527416090791,0.268947700310433,0.353052811009277,0.724048849033081,0.849828607472054
"ENSMUSG00000022560",89.425077139317,-0.186758506365088,0.426223560866101,-0.438170301955125,0.661262835132634,0.809985517383654
"ENSMUSG00000022561",397.517832812969,0.222119819778496,0.276104070853378,0.804478612328936,0.421120616450919,0.625417261661258
"ENSMUSG00000022562",14.5470729942465,0.935658535077574,0.666222687553919,1.40442310440208,0.160192894834326,NA
"ENSMUSG00000022564",492.652216138436,-0.232793251550933,0.283178415768966,-0.822072723723617,0.411035508349494,0.615619090914356
"ENSMUSG00000022565",1033.47123030572,0.197747009125192,0.180649157829298,1.09464672573813,0.27367143652674,0.483943139546838
"ENSMUSG00000022568",171.874689088703,-0.0187410149175623,0.285673447776455,-0.0656029290206472,0.947693957118074,0.981359885664493
"ENSMUSG00000022570",767.776569058357,-0.519568354594288,0.259367664805162,-2.00321175341803,0.0451545646386077,0.158281160089588
"ENSMUSG00000022571",443.096091510632,-0.773640074936742,0.268427963366501,-2.88211431191483,0.0039501639874773,0.0377269285180803
"ENSMUSG00000022574",15.2946132784457,0.448479218072198,1.04355279782751,0.429761885556583,0.667368860980079,NA
"ENSMUSG00000022575",426.428339761222,-0.218904036174021,0.200126645915169,-1.09382753692285,0.274030624482113,0.484272995160924
"ENSMUSG00000022577",4.62750340603749,0.416699229636091,1.37254773284319,0.303595437641293,0.761436127858949,NA
"ENSMUSG00000022579",0.264723012261771,0,7.3561311249555,0,1,NA
"ENSMUSG00000022580",1.79327913519763,2.36320948735705,2.35439874680069,1.00374224653676,0.315502868300381,NA
"ENSMUSG00000022582",47.474635293784,-1.13645346526429,0.884128030772299,-1.28539467781785,0.198654400088024,NA
"ENSMUSG00000022583",22.5556148726928,-0.93050111879779,0.992980362381105,-0.937079074319764,0.348717884480155,NA
"ENSMUSG00000022584",57696.026388243,-0.93759077410099,0.236818246985418,-3.95911542305574,7.52278757606031e-05,0.00682227111828955
"ENSMUSG00000022586",105.675535171392,-1.92349441806015,0.641708584492893,-2.99745782515934,0.00272241524925772,0.0312317602080228
"ENSMUSG00000022587",32017.9076557622,-0.693851616813979,0.281553949774388,-2.4643647065508,0.0137256370605621,0.0757977219796962
"ENSMUSG00000022589",0.149831051305764,2.16095796190765,7.28484199353096,0.296637588547097,0.766743210307661,NA
"ENSMUSG00000022591",0.234282876349604,-2.90488389644205,7.27742067692164,-0.399163938076866,0.689772412970806,NA
"ENSMUSG00000022594",16.1175600198008,-1.27251412349181,1.04416958189605,-1.21868530318718,0.22296365822358,NA
"ENSMUSG00000022595",0.136371558667273,0,7.3561311249555,0,1,NA
"ENSMUSG00000022596",1.16658721101547,0,5.15206864186102,0,1,NA
"ENSMUSG00000022598",0.0821652881129978,0,7.3561311249555,0,1,NA
"ENSMUSG00000022601",541.947491714442,0.0734709589716418,0.218659425874679,0.336006365505371,0.736866066293723,0.857139098299011
"ENSMUSG00000022602",15.2673508007378,-0.308587662635281,0.822203455107838,-0.375317886002811,0.707424065690338,NA
"ENSMUSG00000022603",0.748829506679356,0.543498091468272,6.61950053632035,0.0821056042651809,0.934562736614691,NA
"ENSMUSG00000022604",1190.78087155735,-0.442551679894715,0.19979883593293,-2.21498627771421,0.0267610064111728,0.114170284149522
"ENSMUSG00000022607",15.8325732422295,-0.0327205149244439,1.30724252383227,-0.0250301794257133,0.980030891444508,NA
"ENSMUSG00000022610",2.5779900591358,-0.259727093571079,2.43909646909759,-0.106484961485419,0.915197586562618,NA
"ENSMUSG00000022613",0.0784644342633825,1.24579618363261,7.35166590056683,0.169457671292782,0.865436664210471,NA
"ENSMUSG00000022614",392.663960214787,0.449968978751268,0.250204889982887,1.79840201677131,0.0721133234099245,0.209844039419224
"ENSMUSG00000022615",26.5726153749259,-0.282261988771989,0.689793486871579,-0.409197816656883,0.682394496542021,NA
"ENSMUSG00000022617",963.959153694312,0.335601723467434,0.187784452451921,1.78716458729915,0.0739108910438457,0.213254278449625
"ENSMUSG00000022619",2.71703345224552,0.555784629837445,1.7585941036128,0.316039175097686,0.751972773402927,NA
"ENSMUSG00000022620",66.0530336830019,0.452429199958946,0.498692453153018,0.907230893706994,0.36428470986527,0.573765831264849
"ENSMUSG00000022621",42.0162945367011,0.650630580963716,0.908836595175373,0.715893907020951,0.474056860990498,NA
"ENSMUSG00000022622",0.0788232739616557,0,7.3561311249555,0,1,NA
"ENSMUSG00000022623",1.19352443498174,0.584795621354927,4.00369935230866,0.14606381995634,0.883871007537826,NA
"ENSMUSG00000022629",0.73086070704782,-0.231300144964052,5.27655485993612,-0.0438354477692007,0.965035570996759,NA
"ENSMUSG00000022634",960.017190926416,-0.923315620552589,0.284515938721994,-3.24521580302318,0.00117361646268308,0.0212866031809583
"ENSMUSG00000022635",2642.19558192362,-0.544712380556335,0.182874906556229,-2.97860647375834,0.00289562405886575,0.0322095396705202
"ENSMUSG00000022636",499.741770913728,0.153675788326375,0.537339794541167,0.285993685722827,0.774882957732719,0.883881610568651
"ENSMUSG00000022637",955.327887460429,0.0521750684480527,0.205915712467115,0.253380705255239,0.799974036254609,0.899220303431523
"ENSMUSG00000022641",416.666490223377,0.685073071098951,0.288090445436791,2.37797914491843,0.0174078104293373,0.0878729940939927
"ENSMUSG00000022650",0.118574947465107,0,7.3561311249555,0,1,NA
"ENSMUSG00000022651",237.229389638618,2.71830035730982,1.90271527573699,1.42864273597474,0.153106944359801,0.336775366481917
"ENSMUSG00000022652",2.98020776597156,-0.32752997324531,2.53161769718147,-0.12937576380903,0.89706032417121,NA
"ENSMUSG00000022656",11.6779158430775,-1.04011615169424,1.20753773513436,-0.861352917951261,0.389043698673897,NA
"ENSMUSG00000022657",2662.96988527936,0.127409239274269,0.245782339158325,0.518382401724136,0.604191490684947,0.770307802490747
"ENSMUSG00000022658",3.07335690204764,1.52447029364775,1.91438088942657,0.796325486776243,0.425842875459905,NA
"ENSMUSG00000022659",10.8805189711266,-2.00339638627163,2.11826058013671,-0.945774285306455,0.344263723971368,NA
"ENSMUSG00000022661",1055.16332565347,0.0400256904577228,0.355472251452605,0.112598635460747,0.910348766915386,0.961220222599063
"ENSMUSG00000022663",1563.38733907695,-0.448242250266355,0.211468530947871,-2.11966408551281,0.0340343837964011,0.132766331423609
"ENSMUSG00000022664",230.229068083653,0.220649157759019,0.251732820665801,0.876521214736445,0.38074674850009,0.589641486593042
"ENSMUSG00000022665",1.67701498342636,-2.54880555255604,2.9152106460924,-0.874312652491338,0.381948010813845,NA
"ENSMUSG00000022667",24.002571967754,0.285909055270392,0.576268952564166,0.496138225039213,0.619796891729855,NA
"ENSMUSG00000022668",241.4111779524,-0.331536757102949,0.316006450556431,-1.0491455364888,0.294111140789556,0.505527495514652
"ENSMUSG00000022671",243.442290911462,-0.661615929581215,0.319592490055801,-2.07018609688137,0.0384349207185362,0.142884238925434
"ENSMUSG00000022672",328.965384679228,0.449165945197099,0.280609326723495,1.60068074159094,0.109447648772744,0.27334259932253
"ENSMUSG00000022673",1822.98175923802,-0.0171899307413951,0.177912747394645,-0.0966200061160574,0.923028168244612,0.967975115966263
"ENSMUSG00000022674",2604.35345076609,-1.11290395545669,0.336842746028472,-3.30392733279351,0.000953405415755366,0.0192728272694106
"ENSMUSG00000022676",5.32562555800282,1.35397402639295,1.7145892988279,0.789678337149622,0.429715645730219,NA
"ENSMUSG00000022677",1732.47567349174,-0.71740080751114,0.329347899846685,-2.17824618843812,0.0293877130434879,0.121038736421059
"ENSMUSG00000022678",1293.3152642337,0.16546276239103,0.224158839593385,0.738149620560013,0.460423533319231,0.658080773114604
"ENSMUSG00000022679",1047.09992624185,0.259633612505417,0.31274161459628,0.830185688081773,0.406433805754402,0.611320476245019
"ENSMUSG00000022680",286.160860170534,0.599489122561646,0.313635015926626,1.91142280714566,0.0559502680747325,0.179742736405177
"ENSMUSG00000022681",3420.08809300875,-0.537505714715099,0.221744531604891,-2.42398633609976,0.0153511830682217,0.0811653498956655
"ENSMUSG00000022682",251.853082585083,-0.0363021579413221,0.185389378761563,-0.195815737577997,0.844754391727592,0.92595812854165
"ENSMUSG00000022683",0.744341101017203,3.48268188088508,4.77522240689075,0.729323492003114,0.465803805469254,NA
"ENSMUSG00000022684",747.987261929896,0.138982177476063,0.143464660625751,0.968755489120897,0.332667199592719,0.541271976477074
"ENSMUSG00000022685",307.815973972671,-0.0375664621758167,0.222401631701104,-0.168912709355946,0.865865302224493,0.93695440749744
"ENSMUSG00000022686",192.785368314481,-0.0605785500945537,0.312286751374168,-0.193983733949607,0.846188618409223,0.926117121789281
"ENSMUSG00000022687",0.583463057378677,0.764800771095691,7.27927598995489,0.105065499941352,0.916323834805744,NA
"ENSMUSG00000022696",869.719299349579,0.241849807929713,0.229519042268088,1.05372436874855,0.292009128728713,0.503402552752586
"ENSMUSG00000022698",1429.97566170476,-0.46564465639941,0.202851978563304,-2.29548984287623,0.0217050678412731,0.0997928351679
"ENSMUSG00000022701",202.259495150347,0.313210719086528,0.325653409752924,0.961791615583461,0.33615429056482,0.544702891250197
"ENSMUSG00000022702",151.478738804969,0.276497224542747,0.248640098562757,1.11203794617609,0.266121835349242,0.475957000620093
"ENSMUSG00000022704",83.2698821039475,0.454785966454795,0.440331526569721,1.03282626614923,0.30168520942256,0.512662591566444
"ENSMUSG00000022705",0.168710355225217,0,7.3561311249555,0,1,NA
"ENSMUSG00000022706",3789.65204183752,-0.797986838915318,0.261176158242605,-3.05535866782324,0.00224791521108546,0.0285643528936787
"ENSMUSG00000022707",199.888992873399,0.166898972221991,0.284517510968185,0.586603515734587,0.557470020924572,0.735824697134383
"ENSMUSG00000022708",292.103167112987,0.481952455071372,0.288843832592311,1.66855719488955,0.0952051680386674,0.249660858581799
"ENSMUSG00000022710",1281.65243986612,0.32873876310353,0.192583638132595,1.70699217384808,0.0878235070403521,0.23750802483348
"ENSMUSG00000022711",1205.78717936002,-0.391719449493497,0.308199401602146,-1.27099354332675,0.203730945632778,0.401011628351256
"ENSMUSG00000022715",0.356482438375411,1.15028776927424,7.35608828049132,0.156372208354929,0.87573964219341,NA
"ENSMUSG00000022718",222.399980716241,0.251517170403601,0.28098244921559,0.895134806838483,0.37071502944382,0.580012356133612
"ENSMUSG00000022721",296.042762683614,0.166390523120591,0.268440582034161,0.619841165071743,0.535362363908274,0.719954017233406
"ENSMUSG00000022722",65.1641229336083,-0.869430999381233,0.750611862648666,-1.15829637479122,0.246743110282579,NA
"ENSMUSG00000022723",270.624999438687,-0.283220260375861,0.259672817169447,-1.09068120207225,0.275413184905072,0.485756832525314
"ENSMUSG00000022724",1681.73484480947,-0.180245400850815,0.208381505187914,-0.864977919649219,0.387050908021298,0.595618466255399
"ENSMUSG00000022738",0.275068683674039,-2.74033239955741,7.28505907742522,-0.376157882926315,0.706799524445144,NA
"ENSMUSG00000022742",338.044414122461,-0.192171658624034,0.258609068268911,-0.743097138512587,0.457422871955847,0.655497983369607
"ENSMUSG00000022744",922.162285940509,0.0218886752323887,0.293594214076401,0.0745541777832607,0.940569433434449,0.977452570384727
"ENSMUSG00000022747",1169.1444438677,-0.295561997665167,0.236723507664446,-1.24855364210015,0.211828376948528,0.411379863680983
"ENSMUSG00000022748",272.007428179907,-0.780950117465096,0.320097402756753,-2.43972650430579,0.0146983850570767,0.0791790388497023
"ENSMUSG00000022749",236.611374998912,0.291420742319704,0.294139147756296,0.990758097120605,0.321803714829046,0.532389911478681
"ENSMUSG00000022750",95.719064480782,-0.193398571969074,0.378402009211363,-0.511092878106385,0.609286022632921,0.773640633747774
"ENSMUSG00000022751",389.276686238411,-0.526283850261788,0.323764488234783,-1.62551443838444,0.104052989890334,0.263946850942957
"ENSMUSG00000022752",1357.57597389943,-0.225465146768472,0.160259154666288,-1.40687842287677,0.159463442799857,0.345113629240264
"ENSMUSG00000022753",257.007157275629,0.7063880353346,0.401105612844452,1.7611023449042,0.0782210822260802,0.220918685087086
"ENSMUSG00000022754",4.94914691937126,0.925926016434005,4.2001900399984,0.220448600567216,0.82552179846075,NA
"ENSMUSG00000022755",0.160408940093216,0,7.35613112495549,0,1,NA
"ENSMUSG00000022756",0.417745553428569,0,7.3561311249555,0,1,NA
"ENSMUSG00000022757",1357.52396138417,-0.977710286125238,0.334269341588271,-2.92491761727138,0.00344547423878789,0.035148104076799
"ENSMUSG00000022758",0.0406180793754555,0,7.3561311249555,0,1,NA
"ENSMUSG00000022759",19.4675648751574,0.783445944754863,0.614375128673424,1.27519150465368,0.202241467480935,NA
"ENSMUSG00000022760",523.805862964444,-0.5405585092054,0.311995743280794,-1.73258296257876,0.0831698196376061,0.229070400422886
"ENSMUSG00000022761",54.8027089896785,0.922204155960445,0.554763969655091,1.66233606795661,0.0964454098079582,NA
"ENSMUSG00000022762",1.04335724075252,1.65689581434113,3.17843929607286,0.521292263277867,0.602163189743834,NA
"ENSMUSG00000022763",0.0406180793754555,0,7.3561311249555,0,1,NA
"ENSMUSG00000022765",380.019743560528,-0.28824905996583,0.20022578955997,-1.43962004394792,0.149974925619076,0.332791787899862
"ENSMUSG00000022766",1.07163208955449,-3.87249031352351,7.24607575780863,-0.534425866214603,0.593046927099788,NA
"ENSMUSG00000022768",16.1621386000439,0.387891424809416,0.721992200072028,0.537251544782227,0.591093870977914,NA
"ENSMUSG00000022769",1341.59120509855,-0.313849160341176,0.39293199129862,-0.798736593841395,0.424443163203677,0.627492665629392
"ENSMUSG00000022770",2115.58543639762,0.449262568097884,0.324718091957015,1.38354646453563,0.166497370531916,0.353998350724275
"ENSMUSG00000022771",957.313313017033,-0.426630163315991,0.242351767931752,-1.76037570081243,0.0783441265368321,0.221076703059259
"ENSMUSG00000022772",149.423310920998,0.550217578964943,0.369449190356939,1.48929160849793,0.136410596489686,0.313620663293358
"ENSMUSG00000022773",12.6606673381451,1.70267279704508,1.3762001226867,1.2372276160832,0.216002591736895,NA
"ENSMUSG00000022774",1460.18198975308,-0.587632081741209,0.226114901680995,-2.59882067644637,0.00935446263857162,0.060240301747414
"ENSMUSG00000022779",10.3213421653855,-1.3649909490109,5.67140571370006,-0.240679474881083,0.809803548085395,NA
"ENSMUSG00000022780",0.483754685752761,-0.113837454790464,7.17189939456904,-0.0158727065910417,0.987335944244728,NA
"ENSMUSG00000022781",2280.85198500342,0.108738089536607,0.177028755471994,0.614239699345394,0.539056943205543,0.722440799236273
"ENSMUSG00000022783",2.60827266253228,0.0680424068626182,2.2317561370797,0.030488280386966,0.975677639933977,NA
"ENSMUSG00000022787",232.4041046573,-0.71955529281406,0.30849954099047,-2.33243553784182,0.0196777903899066,0.0948360632066081
"ENSMUSG00000022788",767.132295285971,0.191665199856531,0.474673499377482,0.403783232280491,0.686372127787911,0.828727065247771
"ENSMUSG00000022789",1117.41436085339,0.37719019593401,0.22408837974979,1.68322068442446,0.0923323780454496,0.245416928469822
"ENSMUSG00000022790",26.560341628688,0.33864589991976,0.72123977182592,0.469533036236244,0.638688676730984,NA
"ENSMUSG00000022791",230.327701222803,-0.188106814782657,0.258897627672489,-0.726568321516703,0.467490440099153,0.664530198501601
"ENSMUSG00000022792",311.521929794534,-0.242749527818759,0.21521837017587,-1.12792196883747,0.259352874995173,0.468684308834969
"ENSMUSG00000022793",10.8024564373031,0.872155925334916,1.2752241369288,0.683923633562477,0.494023389469658,NA
"ENSMUSG00000022797",1715.26488951982,0.379427941318681,0.188023917390005,2.01797700306211,0.0435936564401286,0.154952640744578
"ENSMUSG00000022798",0.035583895638899,0,7.3561311249555,0,1,NA
"ENSMUSG00000022799",412.191331725053,0.942394060514921,0.371608619348487,2.53598547355319,0.0112131385345966,0.0670549754473605
"ENSMUSG00000022800",507.643936165458,0.095105190772661,0.375342709386048,0.253382278100527,0.799972820951132,0.899220303431523
"ENSMUSG00000022801",518.666762518624,0.559109545037381,0.265033428155986,2.10958122878114,0.0348944426053259,0.135368576473733
"ENSMUSG00000022802",28.1450095733979,-0.148308871823618,0.924825998631662,-0.160364081506197,0.872594282204159,NA
"ENSMUSG00000022803",651.043657189518,0.715884742592847,0.927460324479546,0.771876406674941,0.440187632291012,0.641683342456372
"ENSMUSG00000022805",52.802676587258,-0.051423509412181,0.688770889252639,-0.0746598182568065,0.940485378790136,NA
"ENSMUSG00000022807",324.478484230564,0.0591698876648863,0.183826344112362,0.321879260291003,0.747544165621177,0.864974139899957
"ENSMUSG00000022808",1095.32388223722,-0.202425658507164,0.161590866867502,-1.25270482442021,0.210313149584613,0.409483057641106
"ENSMUSG00000022809",0.498894750600263,-2.55333487446909,7.29474801141882,-0.350023725353121,0.726320892303218,NA
"ENSMUSG00000022811",1033.53828391897,0.0959710376932913,0.164269064575,0.584230743272262,0.559065080317008,0.736946035329194
"ENSMUSG00000022812",1057.25162760848,0.717649439322856,0.18253914530294,3.93148241234424,8.44236733893298e-05,0.00709679350236254
"ENSMUSG00000022814",769.64669937699,-0.215602167283047,0.254827646047759,-0.846070552496644,0.397513387113547,0.603805467003586
"ENSMUSG00000022816",34.3056030588804,0.0824779751839589,0.717864911931541,0.114893448353726,0.908529578161996,NA
"ENSMUSG00000022817",7.86695586244452,-2.60098511611127,1.95269849656645,-1.33199524692867,0.18286175039714,NA
"ENSMUSG00000022818",0.351046171393691,-2.60366756177368,7.3286150019238,-0.355274163138629,0.722384209409837,NA
"ENSMUSG00000022820",1395.44359938926,-0.676113692224533,0.269698677186566,-2.5069225376913,0.0121787398185608,0.0708992008872044
"ENSMUSG00000022821",1.102875141297,2.29778555381949,4.47687059628205,0.513257085368462,0.607771498885912,NA
"ENSMUSG00000022822",155.452614542688,0.00657961251266196,0.447827184728346,0.0146923026047496,0.988277660328589,0.99988060217619
"ENSMUSG00000022824",4.01232059606184,3.32887925249029,2.21051287707683,1.50593072178452,0.132084958986266,NA
"ENSMUSG00000022827",194.119155114034,-0.376476174491118,0.267251617276104,-1.40869558930366,0.158925199701539,0.344604590405805
"ENSMUSG00000022828",219.283193965594,-0.286481663117003,0.190837812482595,-1.50117872024513,0.1333093423491,0.308845843220659
"ENSMUSG00000022829",0.573609719453289,2.30610130882683,7.22819160124621,0.319042636947979,0.74969418126389,NA
"ENSMUSG00000022831",1099.03730878575,-0.259008060336427,0.252589764811263,-1.02540995883171,0.30516979111181,0.516373276516087
"ENSMUSG00000022832",0.117057327331273,1.15292222018124,7.35608487146855,0.156730413028944,0.875457317155508,NA
"ENSMUSG00000022833",72.8030965394055,0.41621413610717,0.396580042324504,1.04950852712502,0.293944132729265,0.50550413222491
"ENSMUSG00000022836",1.26140125524374,0.205033305560926,2.94648321395749,0.0695857707892864,0.944523362750161,NA
"ENSMUSG00000022837",377.946266458083,0.259865863327029,0.387219180501367,0.671107931664331,0.502151774473629,0.692452351610268
"ENSMUSG00000022838",151.363038070458,-1.06583710136802,0.498942003520897,-2.13619437499087,0.0326635737571268,0.129514410986442
"ENSMUSG00000022840",1.43373918700941,-0.115429526677097,3.24309093507718,-0.0355924422064809,0.971607334750599,NA
"ENSMUSG00000022841",3449.87573166069,-0.437021108961445,0.258072934266608,-1.69340155798737,0.0903790585379515,0.241886895419581
"ENSMUSG00000022842",1.56396960151892,-0.568341751569508,2.73626151149963,-0.207707395357114,0.835457442953271,NA
"ENSMUSG00000022843",14.7902149921008,0.900790818649374,0.985466541221974,0.914075497208051,0.360677176629286,NA
"ENSMUSG00000022844",9.95990250451642,-0.263210471804756,2.34081134388859,-0.112444120066296,0.910471274365817,NA
"ENSMUSG00000022847",0.339468627123515,-0.136397100392338,7.14479816821167,-0.0190904063601391,0.98476898465246,NA
"ENSMUSG00000022848",245.009512526649,-0.280511929495745,0.515049129863839,-0.544631401609984,0.586007053211546,0.75582072290345
"ENSMUSG00000022849",143.179150318173,-0.258698773170454,0.251333631264058,-1.02930424340489,0.30333672990485,0.514672772933307
"ENSMUSG00000022853",54.9726495994115,-0.414717308252787,0.381916568162271,-1.08588456962825,0.277530064471628,NA
"ENSMUSG00000022855",634.323033395061,0.291271529520755,0.185339440713439,1.5715571839407,0.11605328275424,0.283816600699075
"ENSMUSG00000022856",170.715103616922,-0.55555721470191,0.268695389067165,-2.06760978158445,0.0386767315399334,0.143244470315564
"ENSMUSG00000022857",0.295477579589771,-1.88811164001292,7.2563382657428,-0.260201712057264,0.794708183705832,NA
"ENSMUSG00000022858",4969.57319908377,0.311390937821411,0.187081967797618,1.6644625961935,0.0960200198465505,0.25125804076827
"ENSMUSG00000022860",0.353295008632971,1.31557696282692,7.25677537149959,0.181289470250621,0.85614037061131,NA
"ENSMUSG00000022861",12.5423662815434,1.05522865408024,0.822302043648633,1.28326162172489,0.199400433500579,NA
"ENSMUSG00000022863",562.135954915433,-1.06486136474649,0.467143093203943,-2.27951858913945,0.0226362562297773,0.102407044774073
"ENSMUSG00000022864",1585.22846782377,-0.451485347812579,0.185442482994802,-2.43463817201604,0.0149066873827308,0.0796679168023471
"ENSMUSG00000022865",18.6846910857808,0.453266352963488,0.878399739251971,0.516013760829985,0.605844798267288,NA
"ENSMUSG00000022867",1430.63396172304,-0.140866035650212,0.169066686161635,-0.833198064316101,0.404733034110498,0.609782966343892
"ENSMUSG00000022868",0.116723884152423,-2.55442567969844,7.29471463112428,-0.350174860686051,0.726207472096063,NA
"ENSMUSG00000022871",0.357904411251537,-1.0221469184402,7.29187726386129,-0.14017610026241,0.888520854673589,NA
"ENSMUSG00000022875",0.385245887901542,-1.46698529661639,7.20761230072489,-0.203532769994975,0.838718634922777,NA
"ENSMUSG00000022876",1483.64597120697,-0.580682495613046,0.354046183175339,-1.64013205962304,0.100977711795362,0.259330912210225
"ENSMUSG00000022877",0.122644843850398,1.14943889418554,7.35606827898443,0.156257235603613,0.875830263255178,NA
"ENSMUSG00000022878",0.329879233743023,0,7.3561311249555,0,1,NA
"ENSMUSG00000022881",2451.89167718716,-0.735933145816932,0.31037461940303,-2.37111251954949,0.0177346311799203,0.0886283261948998
"ENSMUSG00000022883",0.526578063485117,0.578095718049577,5.36834251912656,0.107686071816378,0.914244718339957,NA
"ENSMUSG00000022884",3961.88188114472,-0.244996925822357,0.226837030352728,-1.08005701468314,0.280116791921849,0.490949377331113
"ENSMUSG00000022885",120.122119253987,0.188959297758468,0.5430577036044,0.347954363789154,0.727874456775884,0.851786315287039
"ENSMUSG00000022886",0.111669399239786,0,7.3561311249555,0,1,NA
"ENSMUSG00000022887",0.285939523842816,1.1573852673417,7.35586650966546,0.157341798661099,0.874975479919609,NA
"ENSMUSG00000022889",1318.00233730874,-1.05531560327546,0.273940358774943,-3.85235533747134,0.000116987091467453,0.00797529240797086
"ENSMUSG00000022890",20226.6184959067,-0.61260897625706,0.189635534898715,-3.23045454842763,0.00123593553573202,0.021842954475822
"ENSMUSG00000022892",29.0931415856796,-0.389077012992414,0.66548928178621,-0.584648053155882,0.558784389712968,NA
"ENSMUSG00000022893",0.222134318344487,-3.53795422817856,7.26919840462574,-0.486704864999584,0.626467497090443,NA
"ENSMUSG00000022894",0.719965439224746,0.875306039239026,4.3248855616011,0.202388254387703,0.839613210049066,NA
"ENSMUSG00000022895",147.229789854605,0.129532616735802,0.393869725977679,0.328871726341169,0.742252645771168,0.86157437804697
"ENSMUSG00000022897",831.547805250613,0.0563984145745408,0.180130959127256,0.31309673166564,0.754207172114844,0.86962998907678
"ENSMUSG00000022898",936.656254139512,-0.201015924982256,0.270357382604279,-0.743519274546616,0.457167356546931,0.6552994982307
"ENSMUSG00000022899",155.666387984686,1.04053787471907,1.05289093486942,0.988267483609902,0.323021665819533,0.533767827539403
"ENSMUSG00000022900",152.286273025309,-0.265127897359149,0.33196473012165,-0.798662849700906,0.424485933744435,0.627492665629392
"ENSMUSG00000022901",455.320066397727,-0.326327483576699,0.239912256345473,-1.36019513361914,0.173768182135527,0.363688011943613
"ENSMUSG00000022902",0.437116885626714,0,7.3561311249555,0,1,NA
"ENSMUSG00000022905",744.45532563834,1.22316742984036,0.2801721809393,4.36577045493807,1.26675455413788e-05,0.00236261674861376
"ENSMUSG00000022906",628.733475263663,-0.050190736131501,0.201389896458661,-0.249221718736042,0.803189280231855,0.901240577377853
"ENSMUSG00000022911",92.3578844488416,-0.191960534156642,0.308009345385039,-0.623229577390499,0.533133667790181,0.718182925334688
"ENSMUSG00000022912",19.4424959581872,0.55317937327405,0.945084961902316,0.585322373726678,0.55833097354035,NA
"ENSMUSG00000022913",813.193828982148,-0.596425155325007,0.250826907885383,-2.37783561721196,0.0174145872969278,0.0878729940939927
"ENSMUSG00000022914",293.143753094264,-0.354200931503352,0.2351688089858,-1.50615608009793,0.132027111099302,0.306935087774364
"ENSMUSG00000022931",0.121489953185845,0,7.3561311249555,0,1,NA
"ENSMUSG00000022935",0.653813859461881,-1.36737784866484,5.11861587150928,-0.267138203567062,0.78936275387203,NA
"ENSMUSG00000022938",6.87044431916166,0.0533821582431544,0.979352224590569,0.0545076193250814,0.956530738272561,NA
"ENSMUSG00000022940",1143.53042281601,-0.630140850199418,0.221919065038546,-2.83950750283653,0.00451832325421599,0.0401651307265513
"ENSMUSG00000022941",100.272920130773,0.350836311387941,0.430352212549334,0.815230644010508,0.41494030009373,0.619305741936793
"ENSMUSG00000022945",894.578400163957,-0.0946732514109122,0.259090018014028,-0.365406788484558,0.714807774611516,0.843888075007146
"ENSMUSG00000022946",304.938175735948,0.154206877134981,0.224726660437409,0.686197520289012,0.49258856127416,0.683210036227736
"ENSMUSG00000022947",1.41268644894131,-2.04724362050637,3.00425608915734,-0.681447772676594,0.495588203199713,NA
"ENSMUSG00000022948",627.552778727157,0.492701909593948,0.213485834663698,2.30789040579717,0.0210052328244069,0.098022762472725
"ENSMUSG00000022949",1.4599879043554,-6.71450741743301,7.23028966877007,-0.928663680852941,0.353063408460301,NA
"ENSMUSG00000022951",40.6503703766328,0.347733198124945,0.515473868614328,0.674589381338971,0.499936681241405,NA
"ENSMUSG00000022952",447.854365829621,-0.440740319726595,0.285756999885371,-1.54236053676163,0.122986005718859,0.293203726790667
"ENSMUSG00000022956",10421.1420388961,-0.786756801112587,0.244559438899695,-3.21703715322668,0.00129521824827726,0.0222664911029926
"ENSMUSG00000022957",47.3869325705408,0.556742969589516,0.654594614776834,0.850515658121206,0.395038458750228,NA
"ENSMUSG00000022960",461.610046460022,-0.249391615213971,0.158353110383893,-1.57490822004932,0.115277631012237,0.282759151998998
"ENSMUSG00000022961",11817.6035040454,0.391744369156219,0.207423746683661,1.88861871130726,0.0589429379346077,0.18549854870538
"ENSMUSG00000022962",704.990625400351,0.0104294339689529,0.142885362646052,0.0729916191260831,0.94181278669041,0.978230471412704
"ENSMUSG00000022964",335.113074099242,-0.188393832087426,0.21591208277001,-0.872548815566307,0.382909049610428,0.59166908475219
"ENSMUSG00000022965",125.986295329094,0.327288253165223,0.451814966744913,0.724385594224913,0.468829041437227,0.665380484509259
"ENSMUSG00000022967",716.531134158959,0.30310868840049,0.167667225538267,1.8077992728001,0.0706377470031034,0.206890112333534
"ENSMUSG00000022969",824.785423543651,-0.00589204845312601,0.172797120740815,-0.034098070777254,0.972798946888734,0.992580263211719
"ENSMUSG00000022971",966.830671492692,-0.144130632041033,0.224006977289384,-0.643420279962254,0.519951427758229,0.706393604094296
"ENSMUSG00000022972",459.628186605284,-0.518584295988996,0.294703611146755,-1.75968083312951,0.0784619373880344,0.221219695117148
"ENSMUSG00000022973",578.397905107983,-0.0132865865893308,0.293034713463263,-0.045341340049108,0.963835236710176,0.988536139746844
"ENSMUSG00000022974",837.409310959465,0.820267966846704,0.262959410062573,3.11937103392313,0.00181237580769538,0.0257884624233188
"ENSMUSG00000022978",1807.88847256826,-0.500147697361451,0.211130298057508,-2.36890537247866,0.01784081740837,0.0889790515044085
"ENSMUSG00000022982",2417.44635198431,-0.55933440893598,0.188975452950129,-2.95982573505771,0.00307813104694324,0.0332232412437073
"ENSMUSG00000022983",294.278989214823,0.077449920752458,0.199182370718937,0.388839235485084,0.697395074599348,0.83543069818245
"ENSMUSG00000022986",0.466063463063114,-2.68971745918843,7.24025690044555,-0.371494754422721,0.710269062241727,NA
"ENSMUSG00000022987",0.549693769368587,-2.43492051933421,6.20723228894701,-0.392271531978912,0.694857595655467,NA
"ENSMUSG00000022991",0.382223347103395,-1.10818152364359,7.29504547618784,-0.151908788952841,0.87925887616666,NA
"ENSMUSG00000022992",716.910523142232,-0.0761826286882362,0.160939889425032,-0.473360761961522,0.635955818849596,0.792339711284126
"ENSMUSG00000022993",0.607695139797823,0.272642174239492,4.47973303292151,0.0608612549533304,0.951469706284426,NA
"ENSMUSG00000022994",33.511689360686,-0.312666007035818,0.658062170694969,-0.4751314100089,0.634693311783441,NA
"ENSMUSG00000022995",589.238992228676,0.6970925545316,0.404699603185756,1.72249379303601,0.0849801062213192,0.232168537090229
"ENSMUSG00000022996",13.8489240750309,5.25308580055591,1.92215687287273,2.73291211278972,0.00627770810648413,NA
"ENSMUSG00000022997",0.452111114424316,0,7.3561311249555,0,1,NA
"ENSMUSG00000022999",92.9086630699361,0.813267914910633,0.436558427598967,1.86290737618682,0.0624752988657297,0.192869559427776
"ENSMUSG00000023000",2.01925989413385,-4.1456875380588,3.08599846297047,-1.34338613184801,0.179146975096389,NA
"ENSMUSG00000023004",15885.6271420272,-0.54553311342591,0.249824591809129,-2.18366458432046,0.0289869039924304,0.119839207848254
"ENSMUSG00000023007",20.1247306835215,0.281882309672562,0.647886855627923,0.435079531594086,0.663504699964723,NA
"ENSMUSG00000023008",70.3568982261086,0.161880274432544,0.501796222724357,0.322601620143058,0.74699696658661,0.864442169832433
"ENSMUSG00000023009",36.2908099701909,0.666193792766147,0.506022673298816,1.31652953102508,0.187996373371194,NA
"ENSMUSG00000023010",3213.98931646377,0.0206849717804207,0.252727781634645,0.0818468458300476,0.934768503424718,0.973750701967934
"ENSMUSG00000023011",0.514896334944308,-0.106432604764524,7.11983199371983,-0.0149487522821332,0.988073065561595,NA
"ENSMUSG00000023013",0,NA,NA,NA,NA,NA
"ENSMUSG00000023015",2935.34603926701,-0.447745642186595,0.158839457334132,-2.81885653414645,0.00481950538353196,0.0414018902603923
"ENSMUSG00000023017",4.56607219220802,0.378422460460102,1.31930620235303,0.286834443577368,0.774239088400663,NA
"ENSMUSG00000023018",230.274110000282,0.46965446195989,0.21626951168919,2.17161660139526,0.0298845937586268,0.122525594900052
"ENSMUSG00000023019",1.39579313187319,1.28237329207171,3.09251789301208,0.414669643454413,0.678383757837858,NA
"ENSMUSG00000023020",3067.85366868383,-0.733331947215273,0.239120575691101,-3.06678731052655,0.00216372755756527,0.0282640554994616
"ENSMUSG00000023021",1081.30994523713,0.0128411123557106,0.207129638782384,0.0619955329966169,0.950566389312779,0.982779732250375
"ENSMUSG00000023022",166.392127348801,-0.343387283851587,0.312629994124278,-1.09838240189802,0.272037543534096,0.483148035819223
"ENSMUSG00000023025",843.49952999081,0.240811040445221,0.151705546254278,1.58735818426566,0.112431544258321,0.277707599948401
"ENSMUSG00000023026",586.096590226373,0.358933281259343,0.178763466012293,2.00786709536422,0.044657416608096,0.157263471026373
"ENSMUSG00000023027",901.852458930601,0.0881101141947444,0.202048111603488,0.436084819083374,0.662775191088029,0.810986430447264
"ENSMUSG00000023030",260.026463641083,0.145123849966393,0.207948903522566,0.697882256208408,0.485250831884613,0.677979430838078
"ENSMUSG00000023031",132.130113876108,-0.124292709961432,0.551612457781945,-0.225326147384738,0.821725559965816,0.911338175727824
"ENSMUSG00000023032",100.656654952113,-0.367682511087957,0.531626394482991,-0.691618239620194,0.489177104197896,0.680466569519152
"ENSMUSG00000023033",3.99440656195647,-0.666399529426588,2.12897973238941,-0.313013561983828,0.754270358557597,NA
"ENSMUSG00000023034",136.158397992756,-0.042250458734044,0.344404501331664,-0.122676848213887,0.902362997813477,0.956450593328997
"ENSMUSG00000023036",108.367022813222,1.97852768954248,0.692134529696953,2.85858833023223,0.00425530619300581,0.0390685006909645
"ENSMUSG00000023039",180.023042864189,0.618074813177515,0.352778680245335,1.75201861050017,0.0797706078695071,0.223697151429809
"ENSMUSG00000023041",0.041372325189651,0,7.3561311249555,0,1,NA
"ENSMUSG00000023043",4.774983762697,-2.75663983117048,2.32060101204856,-1.18789909030376,0.234873168155144,NA
"ENSMUSG00000023044",52.6564991252161,0.200419241864542,0.462026107248701,0.433783370074062,0.66444575887979,NA
"ENSMUSG00000023045",260.659358512132,0.00671537076770427,0.317514936602381,0.0211497790924835,0.983126175787686,0.997643408395386
"ENSMUSG00000023046",20.92172270828,2.14739687210651,1.93364648508419,1.11054263986264,0.266765264530368,NA
"ENSMUSG00000023047",1.4982043247186,0.806743815923636,2.90513510795965,0.277695799315245,0.781245885483136,NA
"ENSMUSG00000023048",8356.59346071083,-0.979188407465485,0.29187228067769,-3.35485235251506,0.0007940735455818,0.0177187742620228
"ENSMUSG00000023050",96.8219517952838,0.854289017892295,0.453659332336021,1.88310689762143,0.0596858826505179,0.187240542684979
"ENSMUSG00000023051",425.50882296669,0.263362917997274,0.237510798502905,1.1088460805038,0.267496587704853,0.477896940079969
"ENSMUSG00000023052",21.6335164669223,0.434042415327708,0.730543923481809,0.594135960037885,0.552421181038566,NA
"ENSMUSG00000023055",80.7057315393551,-0.076293570808559,0.374612501869087,-0.203659969776505,0.838619226003662,0.922173947806578
"ENSMUSG00000023057",0,NA,NA,NA,NA,NA
"ENSMUSG00000023064",0.364532291151147,0,7.3561311249555,0,1,NA
"ENSMUSG00000023066",144.878394841001,0.419698411638813,0.316611334809303,1.32559502928599,0.184973873583793,0.378364363133465
"ENSMUSG00000023067",399.454669263614,-1.02129023526458,0.473823263689326,-2.15542442410386,0.0311286368028323,0.125645804326663
"ENSMUSG00000023068",686.590832988939,-0.412511866842044,0.18569422231638,-2.22145773679064,0.0263199741937962,0.112775442091754
"ENSMUSG00000023070",0,NA,NA,NA,NA,NA
"ENSMUSG00000023072",1669.57368552383,0.878941735891742,0.35761229958077,2.45780622456814,0.0139788577316333,0.0768098992091133
"ENSMUSG00000023073",12.5899255233134,0.553361627700359,0.853356139478221,0.648453326929491,0.516691788882777,NA
"ENSMUSG00000023074",470.487769959553,-0.763872640675543,0.389812576296887,-1.95958952359138,0.0500437868578247,0.168330151502391
"ENSMUSG00000023075",1248.88685317889,-0.432700667950329,0.168072054514448,-2.5744950235801,0.0100386530643652,0.0630445270274778
"ENSMUSG00000023078",1.12629711591036,0,5.95420739845059,0,1,NA
"ENSMUSG00000023079",66.1596296106255,0.0625967255547928,0.489276381687098,0.127937353810028,0.898198549868083,0.955008516368006
"ENSMUSG00000023083",0.644639715692116,-1.69900772215419,5.29466606721088,-0.320890439658868,0.748293419177161,NA
"ENSMUSG00000023084",20.988115828258,-0.439414360896758,0.676109341856132,-0.649916121097259,0.515746404222995,NA
"ENSMUSG00000023087",3804.75687112549,0.455038119545863,0.253188842630855,1.79722816699827,0.0722994046315444,0.210138001530898
"ENSMUSG00000023088",200.974167881408,0.88459042239365,0.424005178811318,2.0862726839176,0.0369539295742512,0.13974353245657
"ENSMUSG00000023089",4079.13838704889,-0.692066901635318,0.223799323598303,-3.09235475115871,0.00198575385400177,0.027262745620566
"ENSMUSG00000023092",6.19852902336481,-0.541628268641913,1.23275305054255,-0.43936477658971,0.66039724470104,NA
"ENSMUSG00000023093",0,NA,NA,NA,NA,NA
"ENSMUSG00000023094",192.683187805649,-0.670976147239523,0.351459541860459,-1.90911347487593,0.0562474548314685,0.180032115446346
"ENSMUSG00000023104",3249.82384369041,-0.267121722550855,0.197356526140904,-1.35349829962118,0.175896492885289,0.366778120847982
"ENSMUSG00000023106",3893.96566395531,-0.666734383316589,0.231509245430506,-2.87994711432261,0.00397741883158716,0.037840986670105
"ENSMUSG00000023110",654.630071995098,-0.112497203308803,0.197308169026349,-0.570159886759579,0.568569260059395,0.743820534342203
"ENSMUSG00000023118",420.361453607168,-0.0891549319352939,0.293460164109,-0.303805909077932,0.76127576461012,0.874617728169576
"ENSMUSG00000023120",0.285855368976411,0.660194266668346,7.34366961119214,0.0898997778525023,0.928366857686682,NA
"ENSMUSG00000023122",0.114228629431371,-3.13863321915088,7.26774571323647,-0.431857874916372,0.665844712909321,NA
"ENSMUSG00000023132",61732.1299536462,-0.642741252219913,0.452400408611437,-1.42073534856587,0.155393712055966,0.339348729779651
"ENSMUSG00000023140",63.5038668348091,0.322427557938703,0.8352672333158,0.386017247029729,0.699483895630238,NA
"ENSMUSG00000023143",158.705439916336,0.193392619070057,0.388768553124546,0.497449234295712,0.618872293651799,0.78069839493977
"ENSMUSG00000023147",128.731573309918,0.0397922558471444,0.27248636350075,0.146033934821237,0.88389459946803,0.947440697868302
"ENSMUSG00000023150",1954.94672708068,0.361197422414501,0.185910704046509,1.94285436261991,0.052033757375848,0.171794820193807
"ENSMUSG00000023151",0.294854291638261,2.53421865338985,7.26763592420793,0.348699175332733,0.727315163442274,NA
"ENSMUSG00000023153",0.301164837190888,-2.98637619398821,7.25928044067928,-0.411387356969055,0.68078852307134,NA
"ENSMUSG00000023156",668.726374326154,-0.518998015576171,0.27209774654624,-1.9073954935822,0.0564693925061957,0.18035539415953
"ENSMUSG00000023159",0.974528152222422,-1.14326840123804,3.33104859915688,-0.343215767409522,0.731436143651594,NA
"ENSMUSG00000023165",0.279385298093879,-1.69896957920653,7.34908609796509,-0.231181068851127,0.817174136550819,NA
"ENSMUSG00000023169",1027.14874074824,0.504881520274814,0.136628770038562,3.69527969938041,0.000219644856911301,0.0098752866586023
"ENSMUSG00000023170",1550.50069885497,0.0589729555297867,0.238059732527674,0.247723354569976,0.804348460646048,0.901872379906441
"ENSMUSG00000023175",6014.35613500914,-0.50621018125815,0.27905208537801,-1.81403475473917,0.069672375238321,0.205340318792726
"ENSMUSG00000023176",1.22918476344545,-0.143136626410803,3.13518040602924,-0.0456549888279277,0.963585240083902,NA
"ENSMUSG00000023185",0.0761524196209141,-2.55627499047924,7.29465809108018,-0.350431090609309,0.726015196884991,NA
"ENSMUSG00000023186",48.8562827538227,0.701958400743532,0.549719073886183,1.27694023018177,0.201623349584398,NA
"ENSMUSG00000023191",188.062533459648,0.382308340577734,0.352803765887151,1.08362885417731,0.278529392016414,0.489121165408111
"ENSMUSG00000023192",1.00714126371842,-3.38423480002866,6.10240099054086,-0.554574306944833,0.579185866994464,NA
"ENSMUSG00000023206",352.60986873352,-0.0418213377470848,0.244983811013676,-0.170710617873237,0.864451313532175,0.936244246112145
"ENSMUSG00000023210",0.081236158750911,0,7.3561311249555,0,1,NA
"ENSMUSG00000023216",14.6875213027639,2.10069359768747,0.969372856802662,2.16706459536767,0.0302299290593075,NA
"ENSMUSG00000023224",0.297619437076292,-3.34340601340367,7.25772014058376,-0.460668908230285,0.6450361650574,NA
"ENSMUSG00000023232",0.188252703353952,-2.06920400953247,7.34861900053287,-0.281577260895201,0.778267678151952,NA
"ENSMUSG00000023235",132.091838612698,-0.08946299247106,0.309677190253383,-0.288891126911413,0.7726646940683,0.881869591390504
"ENSMUSG00000023236",9.46879642691086,-0.0209734918381735,1.25436231976491,-0.0167204415404508,0.986659639449101,NA
"ENSMUSG00000023243",212.744705054495,-0.279107319178357,2.02592693672609,-0.137767712210489,0.890424002908333,0.951061263255568
"ENSMUSG00000023247",1.90360575868105,0.0967368072159305,7.08175168246876,0.0136600111883911,0.989101226917848,NA
"ENSMUSG00000023249",193.482213633811,0.645733351651928,0.302642212084155,2.13365262963506,0.0328712263998313,0.129868934037703
"ENSMUSG00000023257",0.0458889004883165,0,7.3561311249555,0,1,NA
"ENSMUSG00000023259",38.8814149133543,-0.142204612357328,0.511135945560491,-0.278212897356284,0.780848934891657,NA
"ENSMUSG00000023262",106.812275368343,-0.154029395560406,0.326265869732142,-0.47209778849029,0.636856990931683,0.79316257469569
"ENSMUSG00000023263",0.0812361587509111,0,7.3561311249555,0,1,NA
"ENSMUSG00000023266",2.58580738333933,-0.34255881335088,2.09553534627113,-0.163470787529517,0.870147771917583,NA
"ENSMUSG00000023267",29.9759001947399,1.58008880276823,0.607222595913123,2.60215745165435,0.00926393096736577,NA
"ENSMUSG00000023272",1036.4454209087,-0.220269753701471,0.264601101293421,-0.832459701130307,0.405149515797421,0.610224434505181
"ENSMUSG00000023274",4.10368021446301,0.811950927454817,1.43682854638692,0.565099384680634,0.572006167014364,NA
"ENSMUSG00000023277",1444.31406230831,-0.481406620449524,0.199972398070642,-2.40736534188815,0.0160680866185311,0.0835084312429966
"ENSMUSG00000023279",0.0737819558320465,0,7.3561311249555,0,1,NA
"ENSMUSG00000023284",176.198066393639,-1.6567971622399,0.393866856582534,-4.2064904283022,2.59367063314332e-05,0.00366052225674258
"ENSMUSG00000023286",1406.3333892004,-0.69228659831728,0.198073949536838,-3.49509160561535,0.000473899075491168,0.0137779187095006
"ENSMUSG00000023289",0.290900405789092,-1.65471402293757,7.34969617322592,-0.225140466209406,0.821870001485356,NA
"ENSMUSG00000023307",508.728457390108,-0.244183916066236,0.176253187844243,-1.38541560043739,0.165925423471949,0.353181053191262
"ENSMUSG00000023328",2.64237108522622,0.379762393140089,1.57321004221635,0.241393318723721,0.809250290557403,NA
"ENSMUSG00000023330",356.349343567291,-0.921445691036641,0.335240627864648,-2.74860984751726,0.00598485772776164,0.0466196364372922
"ENSMUSG00000023333",5.11292676162566,0.90612562553295,1.34399888570429,0.674201173208649,0.500183423859933,NA
"ENSMUSG00000023336",0.0711677912777981,0,7.3561311249555,0,1,NA
"ENSMUSG00000023341",24.5567891172653,0.304045849303265,0.781178957934865,0.389214079840355,0.697117788822594,NA
"ENSMUSG00000023345",409.395407660929,-1.14611414611596,0.3859115901985,-2.96988785832121,0.00297908478034384,0.0325865023128049
"ENSMUSG00000023348",22.1386471353553,0.815466598789739,0.576554410102799,1.41437925805535,0.157250576869254,NA
"ENSMUSG00000023349",32.0649521981678,0,2.19133605783656,0,1,NA
"ENSMUSG00000023353",207.874103917989,-0.126956325197528,0.250763602806406,-0.506278916783393,0.612660861450883,0.776230788956931
"ENSMUSG00000023367",31.9804042508143,-0.31913146433059,0.72557449061859,-0.439832806220233,0.660058205174418,NA
"ENSMUSG00000023387",0,NA,NA,NA,NA,NA
"ENSMUSG00000023391",0.0756814595929209,0,7.3561311249555,0,1,NA
"ENSMUSG00000023393",428.956760614592,0.50700286941893,0.230960096789114,2.19519681740463,0.0281494824803631,0.117457844794592
"ENSMUSG00000023403",0.270687404927515,2.00777648954336,7.32385949892338,0.274141863294689,0.783975603430548,NA
"ENSMUSG00000023411",1.06700724220034,1.26472336134471,2.54627796369116,0.496694932516843,0.619404196484104,NA
"ENSMUSG00000023433",0.464303910018758,3.70554914231872,7.23755296248559,0.511989226403689,0.608658549684068,NA
"ENSMUSG00000023439",1.60862953496021,0,3.14455215337531,0,1,NA
"ENSMUSG00000023443",0.0425774740632087,0,7.3561311249555,0,1,NA
"ENSMUSG00000023452",372.805078264163,0.498344185281395,0.245937341228867,2.02630549224992,0.0427334887909819,0.153440078713715
"ENSMUSG00000023456",5365.93966474319,-0.661599355649869,0.283318005854393,-2.3351828757043,0.0195338693218514,0.0944905897905101
"ENSMUSG00000023460",200.848986203037,0.566979894725874,0.264694992868689,2.1420121649492,0.0321925031335263,0.128367443918882
"ENSMUSG00000023467",7.32068105059607,0.589409947798739,0.913374623440633,0.645310185626204,0.518726193326804,NA
"ENSMUSG00000023473",0.81936501133917,2.074186719366,4.41349800904012,0.469964349166458,0.638380488539713,NA
"ENSMUSG00000023484",2.96608855864358,-1.69652554438569,2.59778490268623,-0.653066211383168,0.51371359405666,NA
"ENSMUSG00000023495",65.3798279440742,-0.263760662356638,0.413684581932547,-0.637588814948014,0.523741378536532,0.709689311423388
"ENSMUSG00000023505",2405.85193405091,-0.334533289213492,0.383425372268881,-0.872486051806967,0.382943274157512,0.59166908475219
"ENSMUSG00000023571",73.8311486862187,0.64386223326854,0.620814975658886,1.03712419724604,0.29967797953997,0.510568222639194
"ENSMUSG00000023572",1455.36576898418,-0.431553823098619,0.26591169195236,-1.62292157945403,0.104606169873833,0.264864751332695
"ENSMUSG00000023707",235.872068021425,-0.63955412060156,0.266227185705695,-2.40228705008573,0.0162929177278947,0.0842781223130501
"ENSMUSG00000023723",803.497382319645,-0.750905477142327,0.195559406033982,-3.83978194846758,0.000123143634156441,0.00813633710410388
"ENSMUSG00000023755",262.384035608634,0.115570565022171,0.238518170657681,0.484535684235298,0.628005745757747,0.786200202230918
"ENSMUSG00000023764",346.671944826537,0.951497862453329,0.363850822058961,2.61507685229069,0.00892073806709871,0.0583983415849475
"ENSMUSG00000023781",9.32746919701271,-0.0853431198853173,0.982014669633097,-0.0869061558084498,0.930746106408695,NA
"ENSMUSG00000023791",1599.6018114591,-0.207589290730051,0.180574344197923,-1.14960567433942,0.25030632001089,0.458539283415058
"ENSMUSG00000023795",80.5716971758961,0.633992230371756,0.319904324376371,1.98181825646676,0.0474995854065602,0.163372791142605
"ENSMUSG00000023800",15.7186387405464,-0.405229763191936,0.833284701975651,-0.486304095384409,0.626751576006806,NA
"ENSMUSG00000023802",0.25282765129076,-1.94120549094435,7.25904860368876,-0.267418720678893,0.789146787116987,NA
"ENSMUSG00000023805",61.6553558132271,0.0127972870113788,0.537877404569853,0.0237922004208616,0.981018361452455,NA
"ENSMUSG00000023806",233.355588464054,-0.133500856324192,0.262729705542139,-0.508130042047261,0.611362148087029,0.775256143587501
"ENSMUSG00000023809",18.6755724489401,0.957112918317239,0.791457242392879,1.20930464344924,0.226545827578465,NA
"ENSMUSG00000023826",4256.98587093213,0.258627118903649,0.283018682786332,0.913816417903771,0.360813318056199,0.570218539468932
"ENSMUSG00000023827",495.604435586754,0.542336927450217,0.278162740133662,1.94971090373073,0.0512105859714241,0.170328614511281
"ENSMUSG00000023828",0.863716400855215,0,5.48630628026076,0,1,NA
"ENSMUSG00000023829",0.453041554734004,0,7.3561311249555,0,1,NA
"ENSMUSG00000023830",767.781869332441,0.147560969238839,0.211842234498741,0.696560672086923,0.486077775169227,0.678463542438268
"ENSMUSG00000023832",649.142056169672,-0.45204064513595,0.245985447513896,-1.83767230827919,0.0661107067358527,0.199358724934968
"ENSMUSG00000023845",475.353696039671,1.01577827704774,0.252982850295681,4.01520607369441,5.9393876482176e-05,0.00620424259133272
"ENSMUSG00000023852",861.762772836101,0.837161261943318,0.291595088395705,2.87097175247088,0.00409212090457939,0.0381748911970845
"ENSMUSG00000023861",4646.33949848901,-0.784247180225879,0.249085551987378,-3.14850529855549,0.00164107748225398,0.0246859901676438
"ENSMUSG00000023868",1.99259014737417,-4.16201316377942,3.32705541196597,-1.25095997764584,0.210949079627324,NA
"ENSMUSG00000023873",45.2898842316348,0.0870930048941281,0.400204598647394,0.217621199727549,0.827724265348835,NA
"ENSMUSG00000023882",282.748424896081,-0.412675347925146,0.386779591161872,-1.06695223159393,0.285993407033395,0.497610612550426
"ENSMUSG00000023883",876.67380190897,-0.303630145349349,0.224187338752769,-1.35435902419177,0.175621863686222,0.366636139923612
"ENSMUSG00000023885",0.537561760252805,-0.841330374561979,7.1495364757903,-0.117676212634327,0.90632421536893,NA
"ENSMUSG00000023886",0.190362885155076,-0.109873349538051,7.22286596613458,-0.0152118771209666,0.98786314618659,NA
"ENSMUSG00000023892",656.339859071566,-0.339400249414054,0.331606930673693,-1.02350167629044,0.306070707736822,0.516915931313597
"ENSMUSG00000023902",3.57164353129967,0.166358196477288,2.49829634396115,0.0665886562574561,0.94690917669692,NA
"ENSMUSG00000023903",6.77398395623951,0.384315181923327,0.935679655449153,0.410733716058884,0.681267801348856,NA
"ENSMUSG00000023904",906.695054085454,-0.879769524835762,0.243706397858266,-3.60995662226076,0.000306248215341455,0.0114589921707287
"ENSMUSG00000023905",41.9125451257851,-0.301426338828303,0.37092024250731,-0.812644618128012,0.416421842347664,NA
"ENSMUSG00000023906",0.081236158750911,0,7.3561311249555,0,1,NA
"ENSMUSG00000023908",318.143205131582,0.287690242293813,0.223770200265324,1.2856503768272,0.198565106866962,0.394932813154913
"ENSMUSG00000023909",214.411031325719,-0.131349936819332,0.380715150707322,-0.345008431041685,0.730088032403509,0.853063853464384
"ENSMUSG00000023911",16.917242702699,2.12490180177561,1.97674937876254,1.07494749946795,0.282398234141324,NA
"ENSMUSG00000023912",32.0119908806004,0.404555926762048,0.545004248363837,0.742298666435298,0.457906399628054,NA
"ENSMUSG00000023913",45.8617232245752,-1.56622330347839,1.78361623447182,-0.878116756961564,0.379880360164984,NA
"ENSMUSG00000023914",0.941775360662704,0.780549424076499,5.36794294244863,0.145409411471957,0.884387634359871,NA
"ENSMUSG00000023915",22.3756129763918,1.31273651775977,1.00180973866059,1.31036509937993,0.190072354369841,NA
"ENSMUSG00000023918",0.691724413622184,-4.34197377454739,7.22541845473129,-0.600930423857211,0.547886328397927,NA
"ENSMUSG00000023919",914.598981253831,-0.370737323695272,0.29838375893876,-1.24248492952112,0.214057697457583,0.414731544368525
"ENSMUSG00000023921",266.422073394001,-0.186208778113996,0.234661883476758,-0.793519490064261,0.427475218540162,0.630497244892495
"ENSMUSG00000023923",161.371988736903,-0.191440763383417,0.24822925146401,-0.77122564022707,0.440573198901577,0.641947315925517
"ENSMUSG00000023926",38.1457378863353,0.95499940670589,0.602442943443794,1.58521137495071,0.112918316928042,NA
"ENSMUSG00000023927",3469.44651245987,0.101484246444716,0.162098083901637,0.626066909626755,0.531271055450583,0.71684608014319
"ENSMUSG00000023930",0.24351439118472,3.17943144928055,7.24530233443368,0.438826608265901,0.660787178705246,NA
"ENSMUSG00000023931",0.345502038722584,-1.88558367107013,7.34125145032548,-0.25684771647299,0.797296332950326,NA
"ENSMUSG00000023932",1629.26177232689,-0.104365028577287,0.129836454264286,-0.803819152091513,0.421501427229231,0.625768172419783
"ENSMUSG00000023935",7.90159548118115,-3.93079218430428,1.95711838981947,-2.00845907163892,0.0445945310985531,NA
"ENSMUSG00000023938",58.3231739172776,0.0361142736324941,0.420705829806683,0.0858421040875256,0.931591935766029,NA
"ENSMUSG00000023939",1701.98347448772,-0.765671216533668,0.200413413457032,-3.82045893698541,0.000133203581881117,0.00826311706375921
"ENSMUSG00000023940",1137.32756792312,1.33248972196198,0.393519368448453,3.38608421541142,0.000708976227027739,0.0165072117563464
"ENSMUSG00000023942",520.952949292946,0.385354865746182,0.245021098663864,1.57274156326773,0.115778671617537,0.283534251381536
"ENSMUSG00000023943",0.153942057735507,2.14651760771678,7.28519365000788,0.294641118800523,0.768268047547283,NA
"ENSMUSG00000023944",16165.3007424352,-0.317948511444327,0.137264526349078,-2.31631959036344,0.0205408254782903,0.096780772093851
"ENSMUSG00000023945",0.365019917612972,-0.228051758490058,7.34977182534803,-0.0310284133860522,0.975246879972472,NA
"ENSMUSG00000023947",170.316121500958,0.0730729278948019,0.23948827392044,0.305121109683547,0.760273914126599,0.873974606482316
"ENSMUSG00000023949",0.866469457315353,-1.1217223674882,3.8340281879894,-0.292570193146243,0.769850699714697,NA
"ENSMUSG00000023951",53.0351162152645,0.73507427249862,0.85179102552877,0.862974896973473,0.388151269084722,NA
"ENSMUSG00000023952",634.089958461571,0.251565820042308,0.227391862766278,1.10630968488471,0.268592501301939,0.478960840702176
"ENSMUSG00000023953",61.340184176333,1.01357569344746,0.581106645341383,1.74421631824915,0.0811213769187646,NA
"ENSMUSG00000023959",5.4952958487861,0.229898546223448,1.38552687499243,0.165928608367632,0.868213133341943,NA
"ENSMUSG00000023960",17.1848670975749,-0.172946321321098,0.750595146929948,-0.230412256232239,0.817771438250647,NA
"ENSMUSG00000023961",207.91874311301,0.167157104406192,0.265130232641436,0.630471684578714,0.52838602293041,0.714220680523329
"ENSMUSG00000023963",16.5788326865002,-1.75524216834961,1.08703790048871,-1.61470190465346,0.106375264893653,NA
"ENSMUSG00000023964",0.294362434058391,-1.96136480178696,7.31682855764769,-0.268062151017179,0.788651479049466,NA
"ENSMUSG00000023965",147.123542546256,0.640399814664602,0.361959429720959,1.7692585468993,0.0768507377814763,0.218409231366041
"ENSMUSG00000023966",27.7591358579247,0.856460576742997,0.550581408993605,1.555556658385,0.119813551780465,NA
"ENSMUSG00000023967",1786.08325618459,-0.638457994813765,0.240793646236402,-2.65147359489274,0.0080141379144994,0.054596659741438
"ENSMUSG00000023968",0.594255130261996,1.33034987198888,6.79982514693569,0.195644717804015,0.844888256840423,NA
"ENSMUSG00000023971",479.98255122252,-0.405834732344296,0.245910995362744,-1.65033178669237,0.098875094358008,0.256261223840826
"ENSMUSG00000023972",1.0669371060228,-2.27636657138948,4.47428436519884,-0.508766628490391,0.610915813440638,NA
"ENSMUSG00000023973",335.366008517595,-0.151918530911021,0.195804739168454,-0.775867486947412,0.437827231514116,0.639468407730059
"ENSMUSG00000023977",871.685124347755,0.475009455159388,0.207060396268315,2.29406233021913,0.0217869187310013,0.0999831437585647
"ENSMUSG00000023978",0.119247482451388,0.615931198022952,7.31939635338557,0.0841505457944021,0.932936737392274,NA
"ENSMUSG00000023979",11.2405649358146,0.222835243950295,0.879457813819022,0.253377979533366,0.799976142361994,NA
"ENSMUSG00000023980",147.81115744392,0.0968925515244712,0.249936612573757,0.387668499331517,0.698261370110364,0.835836698336929
"ENSMUSG00000023982",16.9841064959383,-2.67608781917392,1.72529408180375,-1.55109082410816,0.120879919846456,NA
"ENSMUSG00000023984",21.7921983339656,-0.608179288750497,0.61128685760009,-0.994916349319543,0.319776950484102,NA
"ENSMUSG00000023987",0.0355838956388991,0,7.3561311249555,0,1,NA
"ENSMUSG00000023988",437.753991424517,0.119571756914079,0.224148476113739,0.53344889506813,0.59372287849611,0.761854656659313
"ENSMUSG00000023990",82.0198738153319,-0.396453109679575,0.42152601770895,-0.940518717763498,0.346951553113897,0.555641980210222
"ENSMUSG00000023991",85.1752214105743,0.363286325869535,0.411398942354183,0.883051190629395,0.377208613981165,0.586038696036175
"ENSMUSG00000023992",11.6059130791678,-1.03156901329926,1.73272401411663,-0.595345251116154,0.55161271393078,NA
"ENSMUSG00000023993",0.714069356270213,1.14898482709078,4.45354422083299,0.257993357675896,0.796412033551615,NA
"ENSMUSG00000023994",176.512684513181,-0.152949481445111,0.388115748269115,-0.394082131753792,0.693520402604236,0.833290721841483
"ENSMUSG00000023995",16.1439174585268,-1.9725378838718,1.49532204132435,-1.31913917494642,0.187122588477904,NA
"ENSMUSG00000023999",0.645722515894056,0.939110054502613,7.12261788188006,0.131849001318983,0.89510372739626,NA
"ENSMUSG00000024002",1458.91344671685,0.361468057593929,0.257005026037221,1.40646299088945,0.159586686824203,0.345113629240264
"ENSMUSG00000024006",2763.06445183419,0.324902006829619,0.166573539685797,1.95050190710045,0.0511163262984545,0.170129591064048
"ENSMUSG00000024007",1732.22796378549,-0.491357561413826,0.234768568550783,-2.09294440242557,0.0363541179104811,0.138598099805272
"ENSMUSG00000024008",134.930864288626,0.267606926469593,0.371696734823391,0.719960390818994,0.471549383378845,0.667516204310452
"ENSMUSG00000024011",15.9113526840185,0.740841747860553,0.865619711960478,0.855851290843038,0.392080040412821,NA
"ENSMUSG00000024012",1065.83252116089,-0.18009003052038,0.184800464277591,-0.974510703879319,0.329803027053634,0.539127323040378
"ENSMUSG00000024013",9.65821457071093,-2.84536987752059,2.21800757082793,-1.28284948840751,0.199544812207432,NA
"ENSMUSG00000024014",1031.58445972375,0.205034794662976,0.27454397316079,0.746819506917004,0.455172519001121,0.653948621681789
"ENSMUSG00000024018",500.986708095574,-0.822761917024134,0.267319097531087,-3.0778269290261,0.00208515977340761,0.0278914808662168
"ENSMUSG00000024019",530.387823379239,0.467227014441276,0.346536965848531,1.34827467337351,0.177570054869535,0.369144057283987
"ENSMUSG00000024026",2313.71123244003,-0.85922857067598,0.281949144595531,-3.04745939878123,0.00230784700928953,0.0289873795258285
"ENSMUSG00000024027",0.843406542432986,2.73899962128079,6.44518976332632,0.424968033814293,0.670859977728217,NA
"ENSMUSG00000024028",0.0352597853922181,1.155567702399,7.35595536263211,0.157092810577567,0.875171703562209,NA
"ENSMUSG00000024029",1.39815471802119,0,3.1852064906926,0,1,NA
"ENSMUSG00000024030",204.018666304691,0.288925270460583,0.328357416776593,0.879910901044643,0.378907578839525,0.587958219720049
"ENSMUSG00000024032",5.55719784937247,-0.264624231721666,2.40336665136021,-0.110105643503,0.912325592505295,NA
"ENSMUSG00000024033",67.423150605027,0.80356925148571,0.563591011369205,1.4258021069809,0.153925472567709,0.337897689613992
"ENSMUSG00000024034",4.43997308569254,-0.175372012728039,2.366356030154,-0.0741105778223177,0.940922398523947,NA
"ENSMUSG00000024036",240.282717796258,0.376434940608797,0.256793326358458,1.4659062443209,0.142673830581901,0.321552853466049
"ENSMUSG00000024037",189.363617532073,-0.0848134563785565,0.355819358159962,-0.238360995357728,0.811601116835806,0.905391833869985
"ENSMUSG00000024038",7101.81163214371,-0.649818347523751,0.220075064548914,-2.9527122886715,0.00314995398230266,0.0335282871623596
"ENSMUSG00000024039",1.77847497902145,-1.40359278739176,4.03875919316929,-0.347530694517672,0.728192662892496,NA
"ENSMUSG00000024041",0.256926757926708,0,7.3561311249555,0,1,NA
"ENSMUSG00000024042",112.361239007341,0.772845734904402,0.386848721188736,1.99779834486604,0.0457385268692258,0.159596076450507
"ENSMUSG00000024043",0.647729665502307,-0.574760795031598,7.16995312936851,-0.0801624201248049,0.936108078335117,NA
"ENSMUSG00000024044",2.41212043046762,1.15076608952654,2.29122649944366,0.502248943876113,0.615492418459804,NA
"ENSMUSG00000024045",1377.74341902616,0.18572768380723,0.1703762660138,1.0901030299149,0.27566776177698,0.485908670678574
"ENSMUSG00000024048",24233.5309115085,-0.877123266017748,0.264380624648391,-3.31765335369892,0.00090777068155934,0.0187334304534741
"ENSMUSG00000024049",2.17253084008192,0.520890529604793,1.85058111220646,0.281474033301751,0.778346841744071,NA
"ENSMUSG00000024050",360.370045319739,0.831658729360504,0.234039998563942,3.55348972168655,0.000380156052288199,0.0126469466321579
"ENSMUSG00000024052",463.648777037782,0.449491294669749,0.255049782553942,1.76236690017442,0.0780073273068067,0.220503983536684
"ENSMUSG00000024053",44.041456985472,1.04530168358843,1.28574165701249,0.812995112888587,0.416220860149725,NA
"ENSMUSG00000024054",2618.09631583712,0.156108748615567,0.173205219521672,0.901293558281218,0.367432257887574,0.57670178933291
"ENSMUSG00000024055",135.599925601221,0.235380128468439,0.292132361699113,0.805731097709992,0.420397914518877,0.625001261094766
"ENSMUSG00000024056",1584.74705762253,-0.609478362833605,0.454910009202038,-1.33977786925967,0.180317572626774,0.372739273403526
"ENSMUSG00000024059",1.96240938489149,-2.62186930987184,2.46195295178937,-1.06495508290126,0.286896256520851,NA
"ENSMUSG00000024063",955.887905814388,-0.49779162646586,0.22624822309781,-2.20020126412511,0.0277926186621936,0.116757346143554
"ENSMUSG00000024064",10.1852220314223,-1.01579063082724,1.3332522673122,-0.761889295620735,0.44612607927656,NA
"ENSMUSG00000024065",639.816803201948,-0.0576008419161379,0.148149595550478,-0.388801884352847,0.697422706782752,0.83543069818245
"ENSMUSG00000024066",284.879622988365,0.297324808270094,0.339088958675699,0.87683423674804,0.380576680179582,0.589470461230832
"ENSMUSG00000024067",5323.33816438956,-0.759895488522848,0.23743418757494,-3.20044681132116,0.00137214692305146,0.0231461985228049
"ENSMUSG00000024068",426.859191677972,-0.214180580537704,0.213809529992415,-1.00173542566275,0.316471392196391,0.527659834542854
"ENSMUSG00000024069",486.686548858929,-0.105088877398779,0.348352337814597,-0.301674098293868,0.762900515446165,0.875670180583528
"ENSMUSG00000024070",514.84562697521,0.0135148157496766,0.208239122663016,0.0649004643164342,0.948253250904245,0.981413818991568
"ENSMUSG00000024072",1002.90003868195,-0.605155959602078,0.208998134796025,-2.89550890103727,0.00378544294110362,0.0369388978013912
"ENSMUSG00000024073",1396.09277248087,0.469280123658667,0.271609109553203,1.72777755661668,0.0840281126138513,0.23066311946346
"ENSMUSG00000024074",143.315393605664,0.514743915538092,0.277540707390735,1.85466096262921,0.063644656649132,0.194836615353568
"ENSMUSG00000024076",2.27630910953139,-0.418393634526609,1.49757059011302,-0.279381577929514,0.779952007133838,NA
"ENSMUSG00000024077",572.879597759975,-0.333845354770948,0.15502593392069,-2.15348068757154,0.0312809202792166,0.126204834180114
"ENSMUSG00000024078",156.333237763408,0.010107711204168,0.286786648951376,0.0352447062690209,0.97188461391044,0.992159393628493
"ENSMUSG00000024079",333.765581475667,0.0322909236628373,0.254533894347251,0.126862961593571,0.899048862088845,0.955008516368006
"ENSMUSG00000024081",820.551381652353,0.0734884523382646,0.187617568988992,0.391692807524738,0.695285205024482,0.834249645237151
"ENSMUSG00000024082",810.556484424492,-0.436308085426456,0.266406671093417,-1.63775210146094,0.101473417127213,0.260065573279063
"ENSMUSG00000024083",260.377168939461,0.419566592368202,0.262089799155753,1.60085052420856,0.109410030036059,0.273317702023361
"ENSMUSG00000024084",47.0595247486454,-0.484628200951019,0.533220705176543,-0.908869809904632,0.363418851491705,NA
"ENSMUSG00000024085",406.994604986984,0.206855400479946,0.256701537351118,0.805820653099585,0.420346267701299,0.625001261094766
"ENSMUSG00000024087",0.209299626669516,0,7.35613112495549,0,1,NA
"ENSMUSG00000024088",0,NA,NA,NA,NA,NA
"ENSMUSG00000024091",2010.51506780185,-0.662266238815109,0.201225195136291,-3.29116956933028,0.000997717524637956,0.0197358977022253
"ENSMUSG00000024095",733.094908771827,-0.069682228454769,0.197271792093671,-0.353229560674755,0.72391634822955,0.849828607472054
"ENSMUSG00000024096",1415.52045591364,-0.0743565412032432,0.130970690339118,-0.567734208399713,0.570215459614621,0.745086558928028
"ENSMUSG00000024097",9720.43587544114,-0.364454205196703,0.256820778840275,-1.41909936899369,0.155870047889663,0.340202124837562
"ENSMUSG00000024098",233.244383347321,-0.0694361040186791,0.261354641827489,-0.265677714897872,0.790487427684405,0.894056911742713
"ENSMUSG00000024099",7806.1742766281,-0.81084018614148,0.269157429083629,-3.01251274728718,0.00259094554207963,0.0304986676223161
"ENSMUSG00000024101",218.59176833681,0.0103245588153406,0.266555468277387,0.0387332470876062,0.969103065947327,0.990957257358987
"ENSMUSG00000024104",389.522297609644,0.164016707217346,0.274482192989208,0.597549536569738,0.550140544421904,0.731522636751483
"ENSMUSG00000024105",0.11422232912361,-0.229230540131229,7.34982222302887,-0.0311885829582369,0.975119144965859,NA
"ENSMUSG00000024107",0.126127236752286,0,7.3561311249555,0,1,NA
"ENSMUSG00000024109",3.49764586566695,-0.41869019021169,1.5226497761304,-0.274974716297357,0.783335663282956,NA
"ENSMUSG00000024112",3.50735583599482,-0.389049007816711,2.2682321547755,-0.171520806191559,0.863814271881089,NA
"ENSMUSG00000024114",10.2893244480797,1.07042750043552,1.28859242971414,0.830695164547091,0.406145858691739,NA
"ENSMUSG00000024116",0.192084667090281,-0.230114171628986,7.34980857328113,-0.03130886598401,0.975023219842777,NA
"ENSMUSG00000024118",101.497880606201,-0.0128476378837798,0.410703908668596,-0.0312819956484679,0.975044648772289,0.994050778992789
"ENSMUSG00000024120",531.403709363434,0.372331303149343,0.240031813750657,1.55117481025293,0.120859797036777,0.290215563930291
"ENSMUSG00000024121",3208.19574597262,-0.653348074426601,0.23598671278098,-2.76857992014566,0.00563011753365228,0.0449545329726598
"ENSMUSG00000024122",683.080920616192,0.148980830314337,0.254340618635614,0.585753196298453,0.558041380180265,0.736381296102962
"ENSMUSG00000024124",50.3909274774202,1.12742387045239,0.602395892324425,1.8715663317392,0.0612666249871726,NA
"ENSMUSG00000024125",0.0788815108994518,1.14897685100399,7.35605650649132,0.156194674414216,0.875879574417951,NA
"ENSMUSG00000024127",140.428696814973,0.363957986802027,0.290765041630652,1.25172539573842,0.210669942931176,0.410077709211143
"ENSMUSG00000024128",0.203090396877278,0,7.3561311249555,0,1,NA
"ENSMUSG00000024130",202.010338228833,0.810868337222438,0.425752653782277,1.90455263171913,0.0568382489371036,0.180933488491209
"ENSMUSG00000024131",2.53882458672196,1.3989070501474,1.90484321115183,0.734394853055386,0.462708122782208,NA
"ENSMUSG00000024132",987.97823956466,-0.439345383197606,0.212350944656486,-2.06895892979578,0.0385499408614607,0.143089778730608
"ENSMUSG00000024134",5.02435521670349,1.54722879596097,1.20366607642763,1.28543025865861,0.198641973065308,NA
"ENSMUSG00000024135",160.404709773758,0.504962073436922,0.343739839892995,1.46902399673577,0.141826280597723,0.320399992243956
"ENSMUSG00000024136",32.1714634922344,-0.135591861651075,0.56342444078697,-0.240656691182379,0.809821207929991,NA
"ENSMUSG00000024137",179.717866708655,0.521246406610671,0.235497239908528,2.21338647881025,0.0268710120492794,0.114441578672701
"ENSMUSG00000024140",354.053921044368,1.12650676318564,0.423165075744057,2.66209767241517,0.00776553414125041,0.0536227109555628
"ENSMUSG00000024142",154.014561960319,0.120979634018289,0.271777646964621,0.445141958396739,0.656217168420494,0.806202673357766
"ENSMUSG00000024143",241.063294792183,1.48847736549226,0.427302418455817,3.48342836642795,0.000495035579318892,0.014131291757371
"ENSMUSG00000024145",621.268854147665,-0.199379117945381,0.23301916731025,-0.855633981731299,0.392200267426351,0.599582376045388
"ENSMUSG00000024146",4844.50969078425,-0.79468291403549,0.232947941975771,-3.41141847957664,0.000646258225625271,0.0159769589443781
"ENSMUSG00000024150",262.735733528417,-0.567248280750932,0.311172329366631,-1.8229393400934,0.06831257874612,0.203045438759995
"ENSMUSG00000024151",746.750372219901,0.102457644699079,0.147903102370976,0.692734926155172,0.488475916549563,0.680265630366832
"ENSMUSG00000024154",2.3943649390139,-0.421819405589004,2.20460365137398,-0.19133571031061,0.848262585095052,NA
"ENSMUSG00000024155",0.448664075884995,-3.1271646857416,7.26798397895732,-0.430265764866234,0.667002327646529,NA
"ENSMUSG00000024158",524.751451543019,-0.456432523073565,0.233733106676208,-1.95279363528875,0.050844053028759,0.169565946082754
"ENSMUSG00000024160",658.402130519885,-0.492328873942955,0.216120805685791,-2.2780262750766,0.0227250121731994,0.102714561194365
"ENSMUSG00000024163",344.959005361544,0.68811727232199,0.245031773882852,2.80827772422271,0.00498072525862197,0.0422779391105207
"ENSMUSG00000024164",25.7235883198828,2.93720153112927,1.97933604727679,1.48393272338486,0.137826769515829,NA
"ENSMUSG00000024165",594.55299928004,-0.623986521880306,0.262010325395747,-2.38153409007,0.0172406949214704,0.0872181521487895
"ENSMUSG00000024168",2.43220862775755,0.152674775044856,1.92511120628043,0.0793069899270096,0.936788446658238,NA
"ENSMUSG00000024169",91.9841708590234,0.363275722385093,0.359735877691256,1.00984012135947,0.312571894434642,0.524045654085216
"ENSMUSG00000024170",176.993338453699,0.543689295781217,0.419121296035389,1.29721228895826,0.19455815354724,0.390657596549761
"ENSMUSG00000024171",0.256639569674773,-1.89130832584115,7.34102566291914,-0.25763543306959,0.796688280961955,NA
"ENSMUSG00000024172",0.720990592382809,-1.9927387686992,4.91008873629623,-0.405845775040383,0.684855922520012,NA
"ENSMUSG00000024173",0.0895389786632668,0,7.3561311249555,0,1,NA
"ENSMUSG00000024174",105.041844172204,0.0326704482709543,0.265455181775979,0.123073311480977,0.902049044939377,0.956320110512052
"ENSMUSG00000024175",0.470949433967477,-3.12946214439663,7.2679361006837,-0.430584708099214,0.666770362104311,NA
"ENSMUSG00000024176",5.29586970823498,1.60392776514925,1.36741598794665,1.17296256536956,0.240810817880418,NA
"ENSMUSG00000024177",202.389900767455,-0.48163841909806,0.383664041236899,-1.2553650259881,0.209346279443769,0.408909943548605
"ENSMUSG00000024180",105.882664791781,0.0638288015523401,0.383103594738886,0.166609769338876,0.867677106327436,0.937817332181917
"ENSMUSG00000024181",2858.96464760004,-0.505584355054854,0.238011180067432,-2.12420422818632,0.0336530698321029,0.13169576689067
"ENSMUSG00000024182",578.880791545338,-0.0889177560173293,0.262717798012329,-0.338453491503292,0.735021469547664,0.856297846373442
"ENSMUSG00000024184",4.19428780156911,1.22817359390412,2.84143148669101,0.432237623767024,0.665568716976765,NA
"ENSMUSG00000024186",97.3260626545898,0.468833809083087,0.359656135442216,1.30356127111979,0.192383212782375,0.388255387838745
"ENSMUSG00000024187",96.2217833050674,0.337441738226207,0.390350147824838,0.864459101928219,0.387335737933439,0.595719582681124
"ENSMUSG00000024188",951.186935162833,-0.0796423972737574,0.168202431417968,-0.473491355638334,0.635862666778624,0.792323517094
"ENSMUSG00000024190",639.055631354143,-0.37796859247256,0.357166289566123,-1.05824262679355,0.289944842111789,0.501330201902228
"ENSMUSG00000024191",536.496032084141,-0.00695694557956374,0.26838688190377,-0.0259213324072156,0.979320084961925,0.996251830796401
"ENSMUSG00000024193",123.688113224108,-0.208489529236862,0.335061321573967,-0.622242902455802,0.533782159388844,0.71870487576766
"ENSMUSG00000024194",2758.1169264478,-0.650816853693007,0.189693577233062,-3.43088502618831,0.00060161552975507,0.0153716637031862
"ENSMUSG00000024197",304.270714057602,0.072355451830816,0.185502848704118,0.3900503541389,0.696499312655336,0.835140187481561
"ENSMUSG00000024201",121.813615650287,-0.0549484609695785,0.327268155113853,-0.167900420835209,0.866661619050314,0.937249380726982
"ENSMUSG00000024205",9.14460670938898,-0.10286290315877,1.37620582412713,-0.0747438365362335,0.940418528686559,NA
"ENSMUSG00000024206",41.9503592080235,-0.533453450657995,0.440993166349891,-1.20966375754391,0.22640794219511,NA
"ENSMUSG00000024207",4.65740096752085,-0.479672446430116,1.78235601594453,-0.269122690494536,0.787835269879245,NA
"ENSMUSG00000024208",3806.31339681568,-0.402406843107066,0.192787879713868,-2.0873036401682,0.0368606959503157,0.139711648569352
"ENSMUSG00000024209",33.2206624425204,-0.388431532431312,0.626429429376918,-0.620072292608711,0.535210192870093,NA
"ENSMUSG00000024210",0.253058025381944,-2.55233786891082,7.29477854264881,-0.34988558651762,0.72642456447746,NA
"ENSMUSG00000024211",0.674712861574134,-0.258545798505784,5.05203900274948,-0.0511765246398682,0.959184857950432,NA
"ENSMUSG00000024212",211.870013352562,-0.347779396564047,0.35803014879558,-0.971369025022008,0.331364547451187,0.540568572514585
"ENSMUSG00000024213",404.631842332219,-0.214548192661704,0.229142381900411,-0.936309515866646,0.349113850126549,0.557780896799893
"ENSMUSG00000024215",0.0803454853927335,0,7.3561311249555,0,1,NA
"ENSMUSG00000024217",3801.99602613669,-0.947414028142853,0.288707875536075,-3.28156627658212,0.00103232260685836,0.0199360251214104
"ENSMUSG00000024218",435.444925058093,-0.533584173718691,0.21865807005486,-2.44026746227486,0.0146763913217889,0.0791468239039187
"ENSMUSG00000024219",91.1533154917262,-0.623862809153002,0.407828453032092,-1.52971869548275,0.126086373976954,0.2982445098737
"ENSMUSG00000024220",30.5399986470336,0.234628955606465,0.484270874669669,0.484499415263224,0.628031479231659,NA
"ENSMUSG00000024222",884.290438838168,0.12645242070759,0.29370257580423,0.430545834885281,0.66679863266052,0.814143340396399
"ENSMUSG00000024223",0.445059525359563,2.74283073566657,7.26129060140577,0.377733227635258,0.705628781323409,NA
"ENSMUSG00000024224",0,NA,NA,NA,NA,NA
"ENSMUSG00000024225",0.536887617983037,0.975789212456872,4.92807070828092,0.198006333557105,0.843040108379276,NA
"ENSMUSG00000024227",2.44167548590471,0.912819577505796,7.24581878115236,0.125978803096787,0.899748703558258,NA
"ENSMUSG00000024228",3.3754987666402,-0.82095421951887,1.92706269460997,-0.426013238601471,0.67009819941706,NA
"ENSMUSG00000024231",587.121769972653,0.534778183181122,0.310725612449303,1.72106244788036,0.0852394926147237,0.232567591635811
"ENSMUSG00000024232",33.0328165619685,-0.0376520492311032,0.681314755309084,-0.0552638100638552,0.955928293470046,NA
"ENSMUSG00000024233",0.0406180793754555,0,7.3561311249555,0,1,NA
"ENSMUSG00000024234",676.005634149088,-0.458102628687422,0.227241616657998,-2.01592751989998,0.0438075554305224,0.155334590901216
"ENSMUSG00000024235",533.662906957335,0.00592338543314376,0.231695392705335,0.0255654001746897,0.979603983705048,0.996297063104216
"ENSMUSG00000024236",446.986080287815,0.440567689861429,0.262141048344358,1.68065128542052,0.0928306679880636,0.245650144883158
"ENSMUSG00000024238",462.904244843376,0.631342555152552,0.27487321957771,2.29685000278488,0.0216273279621027,0.0996671966924874
"ENSMUSG00000024240",723.184887318391,-0.487255848776492,0.175058434373,-2.78338973224386,0.0053794144579912,0.0437298617740485
"ENSMUSG00000024241",334.971116931681,0.190060207885041,0.194423707691081,0.977556750368258,0.328293596855393,0.537981768705618
"ENSMUSG00000024242",27.2193703565159,0.159334693531954,0.460851211660158,0.345739990479727,0.72953812746338,NA
"ENSMUSG00000024245",0.192245091743629,-1.69345651202128,7.26752501975676,-0.233016949706761,0.815748244047082,NA
"ENSMUSG00000024246",195.446966504905,-0.0411266346398741,0.261372960243647,-0.157348467115866,0.874970224719591,0.942063029229186
"ENSMUSG00000024247",1.17204109598125,0,3.18392513150553,0,1,NA
"ENSMUSG00000024248",3845.39864598115,-0.492545106120054,0.201659539244918,-2.44245874985291,0.0145875965903879,0.0787969356808658
"ENSMUSG00000024251",243.933753325985,0.00403869194698581,0.183710276024191,0.021984028517022,0.982460695857066,0.997473401552434
"ENSMUSG00000024253",22.8563282822359,-1.67678334003903,0.969071639538548,-1.73029864008555,0.0835769324042417,NA
"ENSMUSG00000024254",0.269514335011863,-2.7515712790634,7.28905328577335,-0.377493643026848,0.70580678769009,NA
"ENSMUSG00000024256",0.124590656346976,1.14699228877258,7.35600591217537,0.155925960700239,0.876091381905735,NA
"ENSMUSG00000024258",1954.79104373624,-0.875505014114762,0.309869046279512,-2.82540326188317,0.004722114449607,0.0411260804708064
"ENSMUSG00000024259",817.740243231091,-0.228040923014872,0.176066962746131,-1.29519427982456,0.195253217606244,0.391083914405856
"ENSMUSG00000024260",207.266421732527,-0.0475201356235477,0.239946235498358,-0.19804493087733,0.84300991011581,0.925186295269766
"ENSMUSG00000024261",0.417320713865558,-0.691857829888956,7.19555964868387,-0.0961506628626868,0.923400914518076,NA
"ENSMUSG00000024266",0.0380762098104571,-1.67431590235222,7.3501929692546,-0.227792101425878,0.819807867435575,NA
"ENSMUSG00000024268",44.6250748890289,2.92875276945673,0.760679938725184,3.8501774798544,0.000118032263852721,NA
"ENSMUSG00000024269",994.141131414717,-0.743179249794184,0.247818721797438,-2.99888258806227,0.00270971708134625,0.0312317602080228
"ENSMUSG00000024270",427.530401187855,0.0690435175537664,0.178941766752878,0.385843499852759,0.699612576923994,0.836438113557532
"ENSMUSG00000024271",769.748238955647,0.129243224629257,0.186461825979784,0.69313503689098,0.488224811707873,0.680265630366832
"ENSMUSG00000024273",582.785428160045,-0.483926532679617,0.241354021292153,-2.00504855932703,0.0449578559979164,0.157927649800783
"ENSMUSG00000024274",2.01471370377977,0.345002966654443,1.89754409207846,0.181815520437549,0.855727503984822,NA
"ENSMUSG00000024276",200.091543829835,0.123568415772183,0.263806613040619,0.468405300185391,0.639494778479069,0.794745522412069
"ENSMUSG00000024277",1003.95048469563,-0.538591591273532,0.270053422318357,-1.99438906068964,0.0461095530717483,0.160095866566291
"ENSMUSG00000024283",1229.70963596694,-0.214820091200791,0.152025237863012,-1.41305545197938,0.157639420232677,0.342928184198946
"ENSMUSG00000024286",400.385076517543,-0.396202251683053,0.159323423137268,-2.4867796829955,0.0128905201193383,0.0730635271672357
"ENSMUSG00000024287",1312.28983485394,-0.245185678618981,0.318621008722074,-0.769521380910732,0.441583856819881,0.642865452822462
"ENSMUSG00000024290",2530.94059165084,0.182937465890319,0.151958109640233,1.20386773909883,0.228640702683756,0.431813784109462
"ENSMUSG00000024292",0.377448356194706,2.74037922260652,7.26115554374234,0.377402633244536,0.705874410279983,NA
"ENSMUSG00000024293",1431.35215861515,-0.53489218913126,0.250923943266112,-2.1316905121485,0.0330322973128026,0.130296990796909
"ENSMUSG00000024294",272.80323093243,0.237627073061282,0.244836652674309,0.97055351176273,0.331770665319868,0.540734217095943
"ENSMUSG00000024295",12.8061176643335,-0.898145135358141,0.893340956772874,-1.00537776595693,0.314714981861514,NA
"ENSMUSG00000024298",585.322842334292,0.632526574500102,0.213749005299894,2.95920242348102,0.00308436426971025,0.0332485723076182
"ENSMUSG00000024299",466.886032843125,0.287234263167122,0.223148340214623,1.28718978098095,0.198028148206213,0.394348443158745
"ENSMUSG00000024300",1795.32949836399,-0.0409485440831917,0.162091941896014,-0.252625414960241,0.800557688609545,0.899569484131562
"ENSMUSG00000024301",27.1775696413626,0.133544885710058,0.671204843933383,0.198962934962538,0.842291738507943,NA
"ENSMUSG00000024302",9.8593745018768,1.81608045056236,0.725905265994024,2.50181467973716,0.0123558582693842,NA
"ENSMUSG00000024304",1.06147187431695,0.34304289241844,3.74351633485481,0.0916365421527525,0.926986817143652,NA
"ENSMUSG00000024306",0.309391414259736,-1.72830045992005,7.35156085115862,-0.235092995203551,0.814136555376221,NA
"ENSMUSG00000024308",1790.07696855092,0.217365506399517,0.285525766179548,0.761281579970721,0.446488900256002,0.647621831112337
"ENSMUSG00000024309",2177.308767409,-0.787621356874328,0.211844937121717,-3.71791446883525,0.000200874252202025,0.00954635568758181
"ENSMUSG00000024312",207.211845283535,0.0753633474523173,0.282882708578029,0.266411997506484,0.789921926339625,0.893816190689925
"ENSMUSG00000024313",0.244951322121966,2.15037865485352,7.28509981602204,0.295174906200217,0.767860270366224,NA
"ENSMUSG00000024317",2005.70899002237,-0.659943454289436,0.241733462206919,-2.73004592853818,0.00633255024962415,0.0481147265315409
"ENSMUSG00000024319",354.106488418269,-0.0907674514957634,0.178152067415665,-0.509494236089804,0.610405837462176,0.774565045354764
"ENSMUSG00000024325",79.236628394459,-0.28269349456588,0.288244559969347,-0.980741820750903,0.326720074955857,0.537082851065317
"ENSMUSG00000024327",483.225244807579,0.188176025807476,0.22228810272018,0.846541148647774,0.397250928830941,0.603755447646656
"ENSMUSG00000024330",18.2993703282136,0.871288763314241,0.575502031237587,1.51396296802042,0.130035232075112,NA
"ENSMUSG00000024331",0.566999728538409,0.995966569928362,7.10627406429959,0.140153132417435,0.888539001229409,NA
"ENSMUSG00000024334",242.545146019155,-0.429103711942614,0.348741747399788,-1.23043402501136,0.218534618523074,0.420275234260815
"ENSMUSG00000024335",1106.25436146035,0.0660269458375218,0.346350032830537,0.190636464786558,0.848810419311199,0.927638584288691
"ENSMUSG00000024338",22020.1309614701,-0.66584242687427,0.293425820804261,-2.26920188908133,0.0232560514475979,0.104162242210922
"ENSMUSG00000024339",729.60031077459,0.441378544235859,0.321267681980377,1.37386537455336,0.169483480885208,0.357750204687227
"ENSMUSG00000024340",2.06570260217447,-1.18004675305144,2.45788978644269,-0.480105641660737,0.631152276843582,NA
"ENSMUSG00000024346",3979.92045995698,-0.664472301584877,0.210521425687244,-3.15631674740809,0.00159775249765983,0.0245626492058591
"ENSMUSG00000024347",1.95804881106633,1.77990114514877,2.33967783346427,0.760746253048582,0.44680864249928,NA
"ENSMUSG00000024349",1013.69832855701,0.231610092918556,0.211500542346838,1.09508037354694,0.27348142623135,0.483695859313964
"ENSMUSG00000024350",244.303816384423,-0.411463004766717,0.283197125755084,-1.45292083621837,0.14624573505111,0.3267719464241
"ENSMUSG00000024352",203.30907484453,-0.565257719349604,0.365257589853603,-1.54755913375041,0.121728476897702,0.291297448891867
"ENSMUSG00000024353",503.020488538452,-3.9594968607408,1.76780506944663,-2.23978137022778,0.0251051199088263,0.109131095118183
"ENSMUSG00000024354",42.8263976788711,0.915623764844735,0.484436920399873,1.89007841121801,0.0587474739705221,NA
"ENSMUSG00000024357",148.015479801345,-0.0325346078330006,0.342514781399296,-0.0949874563079732,0.924324790284566,0.968413094719127
"ENSMUSG00000024359",2071.08398095307,0.00839843481464993,0.166401388929952,0.050470941791149,0.959747104974408,0.986800513071772
"ENSMUSG00000024360",2208.01782701398,-0.232468672014516,0.134063330746499,-1.73402130709472,0.0829143026834165,0.228681387127154
"ENSMUSG00000024365",0.319278606060137,0,7.3561311249555,0,1,NA
"ENSMUSG00000024366",0.0380762098104571,-1.67431590235222,7.3501929692546,-0.227792101425878,0.819807867435575,NA
"ENSMUSG00000024369",581.697114543021,-0.271679176418697,0.212423520241544,-1.27895054234001,0.200914472717143,0.397525933308439
"ENSMUSG00000024370",541.429708204568,0.132334328447564,0.188811839206143,0.70087939932137,0.483378281723636,0.676511155264498
"ENSMUSG00000024371",27.8897875339262,-0.295045301374405,0.645519884980063,-0.457066169826073,0.647623485431022,NA
"ENSMUSG00000024376",10.94038984007,0.534731181580718,0.797717451630496,0.670326542922877,0.502649650250315,NA
"ENSMUSG00000024378",1037.52473423214,-0.337637707043979,0.236181023826505,-1.42957169705557,0.152839983565174,0.336647073408219
"ENSMUSG00000024379",0.435457971751465,0,7.3561311249555,0,1,NA
"ENSMUSG00000024381",1401.29492656224,-0.0441214135052324,0.194091993073214,-0.227322172371064,0.820173233310824,0.910326963550319
"ENSMUSG00000024382",328.459710547696,-0.151487668264806,0.153312298598059,-0.988098604287209,0.323104359251269,0.533767827539403
"ENSMUSG00000024383",552.527719317174,0.404591759140162,0.206880134805068,1.95568201616549,0.0505026245373899,0.168902279818444
"ENSMUSG00000024384",830.603305539882,0.0515868119690659,0.166340805705116,0.310127221942868,0.756464211992814,0.871013248171108
"ENSMUSG00000024386",0,NA,NA,NA,NA,NA
"ENSMUSG00000024387",3164.53892926418,-0.727668080616374,0.246822485063414,-2.94814340123599,0.00319688731397041,0.0337981081268422
"ENSMUSG00000024388",0.560579912248874,1.35086061896615,6.16143860437873,0.219244352772766,0.826459707308677,NA
"ENSMUSG00000024391",3.83307189443777,1.35910390903156,1.32970550664481,1.02210895738932,0.306729334135751,NA
"ENSMUSG00000024392",491.633778653424,0.321285620706667,0.269780238304455,1.19091606830033,0.233686535876888,0.438328540254847
"ENSMUSG00000024393",295.348628235543,-0.469387132132094,0.234845479087256,-1.99870627255164,0.0456401439366534,0.159361647055393
"ENSMUSG00000024395",0.36413418191784,0,7.3561311249555,0,1,NA
"ENSMUSG00000024397",134.883361830142,-0.956772640276988,0.951938139683304,-1.00507858692929,0.314859010038352,0.526682781022338
"ENSMUSG00000024399",5304.17234416378,-0.737363561544819,0.357402575725427,-2.06311764834984,0.0391014517961227,0.144330788276577
"ENSMUSG00000024400",1067.51156906197,-0.251137907984464,0.27555284004433,-0.911396550817846,0.362086470322263,0.570849243881271
"ENSMUSG00000024401",113.292884778648,0.105822966791938,0.433315905689754,0.244216668260744,0.807063018434248,0.903592472219113
"ENSMUSG00000024402",1486.9546146976,-0.0580359414083988,0.292238102939049,-0.198591288489521,0.842582468662438,0.924922565544497
"ENSMUSG00000024403",35.931557830379,-0.26627582591936,0.66887705994329,-0.398093823014256,0.690561027442065,NA
"ENSMUSG00000024404",1168.6324446134,-0.18662373919154,0.138260336291429,-1.34979954625721,0.177080290451694,0.368506704039452
"ENSMUSG00000024406",2.03465442163119,-0.0183645207073707,2.30065471036223,-0.00798230200501459,0.993631112105164,NA
"ENSMUSG00000024409",1.25376938610133,1.1538037976628,3.08474793691638,0.374035033415463,0.70837825188485,NA
"ENSMUSG00000024410",868.856318742728,0.0291447353891936,0.19154500365308,0.152156072115457,0.879063839845757,0.944515875747316
"ENSMUSG00000024411",0.621094526894384,-0.694459111361727,5.87719032094573,-0.118161753055153,0.905939494238703,NA
"ENSMUSG00000024413",319.924097736518,0.268650129905905,0.494976699457555,0.542753083529626,0.587299819917221,0.757102076145243
"ENSMUSG00000024414",3034.8490408718,-0.370521965313978,0.171711641693761,-2.15781505353484,0.0309422140166351,0.12532110677852
"ENSMUSG00000024420",1.03032950941599,-0.316469185023458,4.81602424068034,-0.0657117093286789,0.947607349868034,NA
"ENSMUSG00000024421",1.01704825974434,-0.504790250647358,7.10411385901996,-0.0710560473360707,0.943353148849983,NA
"ENSMUSG00000024422",1024.24721417101,0.377227471744553,0.244377396566062,1.54362668988733,0.122678795384264,0.292992437162952
"ENSMUSG00000024423",346.32479311832,0.370895881682042,0.191079901951717,1.94105124554524,0.0522520618656533,0.172285400781182
"ENSMUSG00000024424",388.605179145309,-0.0198548925696115,1.47570753136269,-0.0134544902344417,0.989265193844462,1
"ENSMUSG00000024425",3686.34065564194,-0.27296059856324,0.258257706957878,-1.05693108553682,0.290543040189754,0.502188835858668
"ENSMUSG00000024426",53.3738400652188,0.181892094223652,0.400769100249298,0.453857580613142,0.649931336666409,NA
"ENSMUSG00000024427",3.42814851290088,-0.0893687329095168,2.1923399958237,-0.0407640845305746,0.967483971938438,NA
"ENSMUSG00000024429",195.994570988159,-0.0454222811728091,0.328742108355984,-0.138169951515985,0.890106102503852,0.951061263255568
"ENSMUSG00000024430",2.92018450278116,-0.190474223867524,1.68792259143134,-0.112845354896284,0.91015315995862,NA
"ENSMUSG00000024431",762.801192615536,0.28689745091831,0.171963602112182,1.66836148693344,0.0952439887496442,0.249660858581799
"ENSMUSG00000024436",1379.91404344335,-0.361345600329774,0.265271020196906,-1.36217518242872,0.173142605998634,0.362821566519423
"ENSMUSG00000024437",0.77841138462681,0,4.90193492601009,0,1,NA
"ENSMUSG00000024440",0.734796166068661,0.69754460675074,4.96550616416367,0.14047804668635,0.888282296690294,NA
"ENSMUSG00000024442",99.3374069690776,-0.129643775597927,0.30603897192567,-0.423618517544276,0.671844048367096,0.819089592761315
"ENSMUSG00000024446",3223.95663903641,-0.473944186309424,0.201336737051965,-2.35398761919489,0.0185732296910875,0.0915236168975075
"ENSMUSG00000024448",0.113330112639489,0,7.3561311249555,0,1,NA
"ENSMUSG00000024451",13.6915125071654,-0.638899608868259,1.00410788092414,-0.636285822475807,0.524590143943425,NA
"ENSMUSG00000024454",747.725237806672,-0.0954794857344291,0.172109735547318,-0.554759354145769,0.579059272131416,0.751575749083384
"ENSMUSG00000024456",1060.03596642233,0.479532548024213,0.246343034800237,1.94660485697545,0.0515821258727697,0.170931919471926
"ENSMUSG00000024457",663.916676344812,0.474396576711213,0.247234944275781,1.91880875942052,0.0550085408963238,0.177757249676417
"ENSMUSG00000024459",0.412910908239654,-3.55228299262159,7.21297734581584,-0.492484978437126,0.62237653855375,NA
"ENSMUSG00000024462",196.997432435388,0.518254919921804,0.398981555221318,1.2989445580619,0.193962956581941,0.390334655092118
"ENSMUSG00000024471",0.275702679520944,-0.236493975831573,7.16666250917574,-0.032999178561678,0.973675242698734,NA
"ENSMUSG00000024472",1040.56217426453,-0.462964350465455,0.198881445193606,-2.3278408401285,0.0199205565802446,0.0955167092262206
"ENSMUSG00000024474",1991.81402413558,-0.242874646107176,0.127425233671355,-1.90601687836476,0.0566480158608391,0.180682011066544
"ENSMUSG00000024477",154.953306580452,0.0959738812193471,0.297252100757399,0.322870321100525,0.746793453874512,0.864307843525296
"ENSMUSG00000024479",0.187877950234642,-2.10646897591708,7.2537500442416,-0.290397237714209,0.77151235668655,NA
"ENSMUSG00000024480",3438.91296192558,-0.643792695835891,0.228269850673768,-2.82031417611941,0.00479766515101421,0.0413109059388288
"ENSMUSG00000024481",0.273522190839587,-1.6924130985056,7.26743919740435,-0.232876127688837,0.815857596197285,NA
"ENSMUSG00000024483",451.989301114074,0.423488248838121,0.272418277702883,1.55455152425567,0.120052916489301,0.289444653535789
"ENSMUSG00000024485",0.155093502230209,-0.223291735814784,7.34926280047865,-0.0303828753817649,0.975761702016822,NA
"ENSMUSG00000024486",19.9343486492304,-0.154298166477306,1.01529471016861,-0.151973771686136,0.879207622499805,NA
"ENSMUSG00000024487",913.267438435832,-0.0297639288765172,0.180113100906621,-0.165251326675832,0.868746167700567,0.938530695925694
"ENSMUSG00000024491",1343.59834050686,0.337547269596823,0.192540797645223,1.75312076050911,0.0795812806940289,0.223355594495416
"ENSMUSG00000024493",739.890396990401,0.651121155482441,0.185028489935246,3.51903188374025,0.000433124651558543,0.0130819769441464
"ENSMUSG00000024497",0.126487251955054,0,7.3561311249555,0,1,NA
"ENSMUSG00000024498",1056.63830942191,0.356109236184033,0.210379684800951,1.69269783116637,0.090512998317719,0.242012709864932
"ENSMUSG00000024500",1.4984496199792,0.881120340668909,4.19245519643539,0.210168099451146,0.833536476460557,NA
"ENSMUSG00000024501",6.96653465738424,3.06043488581826,2.28612350762356,1.33870058884071,0.180668164517711,NA
"ENSMUSG00000024502",0.537681477540655,-1.10565216386497,7.18194280903832,-0.153948895621047,0.877650030479405,NA
"ENSMUSG00000024503",0.035583895638899,0,7.3561311249555,0,1,NA
"ENSMUSG00000024505",96.9891855945259,-0.267877194928539,0.352148126096093,-0.760694648295364,0.446839472079632,0.647940176251601
"ENSMUSG00000024507",342.920021920267,0.164185844192982,0.225117080179277,0.729335348798185,0.465796554399048,0.663171387042286
"ENSMUSG00000024510",0,NA,NA,NA,NA,NA
"ENSMUSG00000024511",9.08361033855511,-0.0577758722748972,0.900194215080581,-0.0641815636081658,0.948825657233987,NA
"ENSMUSG00000024512",0.202509529621752,-2.53797263881586,7.29522065819815,-0.347895253307214,0.727918850187842,NA
"ENSMUSG00000024513",3180.52887984317,-0.624414739418325,0.197151897504814,-3.16717590508141,0.00153927178726173,0.0241903046376506
"ENSMUSG00000024515",647.65022648074,0.406859295178484,0.171478492928125,2.37265495066497,0.0176607537050055,0.0884827928910186
"ENSMUSG00000024516",9468.35016981179,-0.557824158788811,0.190843255342764,-2.92294405577463,0.003467388095428,0.0352339006619385
"ENSMUSG00000024517",0.0803873510620271,0,7.3561311249555,0,1,NA
"ENSMUSG00000024518",0.0812361587509111,0,7.3561311249555,0,1,NA
"ENSMUSG00000024519",0.346334637459061,0,7.3561311249555,0,1,NA
"ENSMUSG00000024521",398.916011221271,-0.419143484084022,0.370570559041742,-1.13107604977547,0.258023083837125,0.467306372980941
"ENSMUSG00000024524",464.952353481598,0.0894467262508873,0.232622643937914,0.384514270565854,0.700597320981757,0.836907676289147
"ENSMUSG00000024525",465.212952096744,-0.522775971146616,0.25054249638453,-2.08657604474518,0.0369264745744555,0.13974353245657
"ENSMUSG00000024526",0.222673425740444,-1.88945521849478,7.34109708968949,-0.257380497139658,0.796885056903166,NA
"ENSMUSG00000024527",399.722840945618,-0.0147264287810931,0.218064790085223,-0.0675323548351744,0.946157905375574,0.980682698399659
"ENSMUSG00000024528",273.418270728118,-0.475934335380581,0.326132557983934,-1.45932788287892,0.14447488459711,0.323619812880678
"ENSMUSG00000024529",0.74466044293386,2.69707691774614,7.22676542335688,0.373206650520189,0.708994646789668,NA
"ENSMUSG00000024530",3.60960419121541,-0.324744686660545,2.48528391452782,-0.130667037581597,0.896038708925975,NA
"ENSMUSG00000024532",0.119547979442637,-1.66930712804648,7.35006600294352,-0.227114576573593,0.820334649726468,NA
"ENSMUSG00000024533",36.2248873088661,2.89712722355857,1.65287738449462,1.75277806492851,0.079640109719801,NA
"ENSMUSG00000024534",0.907458394357641,-1.77721927949693,7.17219427972694,-0.247792964075227,0.804294599049898,NA
"ENSMUSG00000024535",1.45260014967049,0.973216151566095,3.98215903998949,0.244394094206911,0.806925615270734,NA
"ENSMUSG00000024537",1965.68102472189,-0.755522245833312,0.284850949155451,-2.6523423849327,0.00799354386183344,0.0545315259311411
"ENSMUSG00000024538",327.279045487785,-0.404212750013616,0.423220806748348,-0.955087140254816,0.339533631622861,0.548290755278836
"ENSMUSG00000024539",2701.91066322714,-0.712620853800294,0.270431232289809,-2.63512778374878,0.00841056137113598,0.0563268286949046
"ENSMUSG00000024542",869.655362688054,0.642888927685768,0.239071968442481,2.68910208032374,0.00716445067311123,0.051170950074931
"ENSMUSG00000024544",48.6652483967698,0.115294384094854,0.505020668861867,0.2282963672649,0.819415848502105,NA
"ENSMUSG00000024546",0.105779356176654,2.73700805459944,7.26138740136681,0.37692632320984,0.70622835866343,NA
"ENSMUSG00000024548",45.4846096405491,0.697150305777597,0.627290987454436,1.11136668582894,0.266410545917549,NA
"ENSMUSG00000024552",0.325457498164818,-1.11916191497917,7.2372083640788,-0.154640001873378,0.877105132372458,NA
"ENSMUSG00000024553",0.0406180793754555,0,7.3561311249555,0,1,NA
"ENSMUSG00000024556",2016.08446467387,-0.0820139041584051,0.186110820311073,-0.44067241239023,0.659450171430478,0.808566725947689
"ENSMUSG00000024558",0.612620964705364,3.48144355618257,7.24200742948885,0.480729078239608,0.630709061720625,NA
"ENSMUSG00000024560",430.222912850939,0.354194513528746,0.160762207580333,2.20322001582216,0.0275792452122202,0.116405140445259
"ENSMUSG00000024561",210.355273763975,-0.390310732175543,0.248339786748486,-1.57168022605593,0.116024730306477,0.283816600699075
"ENSMUSG00000024563",694.134827971756,-0.467563403115939,0.251907453881876,-1.85609197310687,0.0634404496791135,0.194693835789518
"ENSMUSG00000024565",0.593230466820729,1.11438391348934,6.8854153335201,0.161847014233725,0.871426329069655,NA
"ENSMUSG00000024566",297.960787751366,0.230478648855695,0.236863440567841,0.973044418772102,0.33053122623858,0.539746356531604
"ENSMUSG00000024570",543.136293802568,-0.374374569365644,0.256409948793969,-1.46006257216822,0.144272877815664,0.323313851101302
"ENSMUSG00000024571",2809.0601135068,-0.432354147920069,0.267816253785006,-1.61436858969415,0.106447500601296,0.268214985715087
"ENSMUSG00000024575",20.5595285429163,-0.227329023360227,0.625985656839311,-0.363153725451223,0.716490052985571,NA
"ENSMUSG00000024576",2889.98001963859,-0.0258513048247554,0.145764267014254,-0.177350082803404,0.859233413844565,0.933046500697959
"ENSMUSG00000024578",0.090729759442747,0,7.3561311249555,0,1,NA
"ENSMUSG00000024579",51.2162027332778,-0.442028411434266,0.848596444577821,-0.520893546347789,0.60244093141784,NA
"ENSMUSG00000024580",400.160754790452,-0.263535497335217,0.223439891361786,-1.17944694534652,0.238220251036825,0.443466512523354
"ENSMUSG00000024581",519.677221971646,0.657073433707981,0.330701223464956,1.98690959417515,0.0469324162403623,0.161973253146955
"ENSMUSG00000024583",1715.49002336361,-0.635976077933415,0.207334739219754,-3.06738793666094,0.0021593841108944,0.0282640554994616
"ENSMUSG00000024587",2630.09303486654,0.00335362009400251,0.122575778938129,0.0273595658380051,0.978172947953064,0.995617249128999
"ENSMUSG00000024588",217.617610879429,-0.110461128414653,0.246820961525983,-0.447535443228653,0.654488502907762,0.804578889596223
"ENSMUSG00000024589",80.1251588541544,-0.241641788408927,0.337129800552171,-0.716761876325239,0.473521038914505,0.669068490386254
"ENSMUSG00000024590",563.66583013735,0.273249207615146,0.331855972898782,0.823396985229157,0.410282276913804,0.614677221475137
"ENSMUSG00000024592",228.789679192991,-0.858944655829912,0.340260334170873,-2.52437492581361,0.0115904240811297,0.0685477289555989
"ENSMUSG00000024593",0.860350723525868,-3.44955612932051,5.55070855852142,-0.621462303947623,0.534295489559342,NA
"ENSMUSG00000024594",196.81410999887,-0.183448804532213,0.2240535533755,-0.818772127326027,0.41291643621299,0.617687495757477
"ENSMUSG00000024597",130.786983887043,-0.0982715016354649,0.301361619312018,-0.326091629915615,0.744355029579265,0.862798952555234
"ENSMUSG00000024598",1.46045606885534,-1.34874909545154,3.2151061858322,-0.419503748086141,0.674848016064683,NA
"ENSMUSG00000024600",1.87469355418385,-0.0498125070977054,2.39338876707066,-0.0208125431952588,0.983395191883969,NA
"ENSMUSG00000024601",347.660733706857,0.053233065839263,0.221913105139028,0.239882479252015,0.810421363878114,0.904688332234349
"ENSMUSG00000024603",400.956527896188,-0.166794530640525,0.214361941595748,-0.778097685619363,0.436511427011537,0.638112312334966
"ENSMUSG00000024604",1281.26920094327,0.271683610203416,0.248732734742195,1.09227123034292,0.274713901867874,0.484880166265627
"ENSMUSG00000024608",34717.1306485126,-0.679580570973985,0.200288307830193,-3.39301169567093,0.000691286866183685,0.0163831214231918
"ENSMUSG00000024610",4351.35008405446,0.188461810777494,0.422970811137302,0.44556694177253,0.655910094531131,0.805925579172186
"ENSMUSG00000024613",931.158273551693,0.0281340974727781,0.220519344911171,0.127581085841295,0.898480500108202,0.955008516368006
"ENSMUSG00000024614",1047.79430243153,0.324969211844902,0.208473189055319,1.55880577889885,0.119042356033994,0.287709948507586
"ENSMUSG00000024617",4.87796111051131,0.547951880543813,1.73515010945935,0.315795087443211,0.752158047109861,NA
"ENSMUSG00000024619",0.0380762098104571,-1.67431590235222,7.3501929692546,-0.227792101425878,0.819807867435575,NA
"ENSMUSG00000024620",2.55619748247808,-0.0682851359784362,2.16767267995761,-0.0315015899816441,0.974869524153631,NA
"ENSMUSG00000024621",67.458078789815,-0.48001282036166,0.933040324758734,-0.514460959107831,0.606929749096147,0.77146726890715
"ENSMUSG00000024622",147.693743804328,-0.0617154536821812,0.538022623293201,-0.114707915634523,0.90867663957837,0.960541322500221
"ENSMUSG00000024639",97.5801672093391,0.243243308482912,0.466763067291375,0.521128010179667,0.602277599592288,0.768691293992223
"ENSMUSG00000024640",1677.01915114572,-0.145716659486901,0.214734662844278,-0.678589369581996,0.49739808030649,0.6877446412777
"ENSMUSG00000024642",794.873708993998,0.192767141579455,0.176475400287676,1.09231734998318,0.274693636890683,0.484880166265627
"ENSMUSG00000024644",736.902740272596,-0.289129634424611,0.184627704382553,-1.56601434975071,0.117345257790226,0.28540855237472
"ENSMUSG00000024645",885.646465963106,-0.864595093598648,0.30150535487832,-2.86759448749285,0.0041360528067118,0.0383535478370977
"ENSMUSG00000024646",4343.75670349818,-0.617372704052539,0.237257908456148,-2.60211643974197,0.00926503891893336,0.0598089580107908
"ENSMUSG00000024647",0.256287623900944,-0.257927072964904,7.19804893851367,-0.035832914608964,0.971415587849374,NA
"ENSMUSG00000024650",0.146870509918611,2.7431325664155,7.26117820577828,0.377780642297496,0.705593555127524,NA
"ENSMUSG00000024653",2.63280973056276,-1.67020749259537,2.86347912804381,-0.58327908740036,0.559705438199998,NA
"ENSMUSG00000024654",1098.77255793431,-0.470167786180191,0.27077345374448,-1.7363880383336,0.0824952458519813,0.228131814106316
"ENSMUSG00000024659",1735.65475452357,-0.993836202692733,1.14195407379826,-0.870294371285114,0.384139554179151,0.593037559434782
"ENSMUSG00000024660",1148.49414194627,0.299390017884325,0.205387785787275,1.45768170554412,0.144928296853332,0.324561897234976
"ENSMUSG00000024661",20218.5295874976,-0.887080940281661,0.249236749659129,-3.55918997296701,0.000372000382223272,0.0125895552361596
"ENSMUSG00000024663",4.77647234816096,3.1821622919282,2.19779360592521,1.4478895030676,0.147647955790536,NA
"ENSMUSG00000024664",2.83414632953928,-2.60983375129677,2.65594943563343,-0.982636836485683,0.325786207896129,NA
"ENSMUSG00000024665",11.369075944891,0,2.6080638819,0,1,NA
"ENSMUSG00000024666",455.035376426629,-0.324942292999158,0.29631887716727,-1.09659666675819,0.27281774524347,0.483432245961171
"ENSMUSG00000024667",237.005026936603,-0.701696451119358,0.276956665866891,-2.53359654270463,0.0112898635967897,0.0673914865061993
"ENSMUSG00000024668",1517.05308103537,-0.887150683904246,0.247305467561793,-3.58726676223839,0.000334162409833519,0.0119372430232007
"ENSMUSG00000024669",939.992419606426,0.34569618842943,0.241377954045989,1.4321779708331,0.152092894538208,0.335738781266232
"ENSMUSG00000024670",973.74714709005,0.301917835901877,0.307215732779959,0.982755125103321,0.325727972665884,0.536279315423428
"ENSMUSG00000024672",28.256141754812,1.19789121706633,0.735551085554153,1.62856291098239,0.103405581166004,NA
"ENSMUSG00000024673",130.248945476864,0.987460722619941,0.744371990569742,1.32656888643021,0.184651333757316,0.37798269500747
"ENSMUSG00000024675",1234.8673405736,-0.461219035796874,0.285746581977524,-1.61408417418324,0.106509169607997,0.268240290847147
"ENSMUSG00000024677",25332.5155740749,-0.53446982779928,0.275210237989691,-1.94204195201234,0.0521320218135322,0.171954887086213
"ENSMUSG00000024678",116.34713009374,-0.625700934706882,0.556989017153913,-1.12336314619644,0.261283295181631,0.470967427583957
"ENSMUSG00000024679",923.938766223835,-1.41405833571013,0.299975438185445,-4.71391372661639,2.43003582801252e-06,0.000686311547425823
"ENSMUSG00000024680",19.657264773686,0.400142228431451,0.666162252518545,0.600667820667777,0.548061256135459,NA
"ENSMUSG00000024681",13.8615521520193,1.09755680433893,1.89235056662048,0.579996552276804,0.56191694280568,NA
"ENSMUSG00000024682",0.205772764176238,0,7.3561311249555,0,1,NA
"ENSMUSG00000024683",1020.44779657544,-0.592833468074159,0.257578647335165,-2.30156293701921,0.0213598322888555,0.0990562196751202
"ENSMUSG00000024687",424.701698007494,-0.0801401003409821,0.197989856697965,-0.404768717335032,0.685647525422625,0.828054464117611
"ENSMUSG00000024691",1935.18323643814,-0.271705466535207,0.240129813551256,-1.13149409695107,0.257847186594251,0.467296807369184
"ENSMUSG00000024694",0.316060003723813,2.32278331086712,7.31584841696535,0.317500196625263,0.750864090299292,NA
"ENSMUSG00000024695",809.395558642951,0.18585222199413,0.178230813017111,1.04276145548575,0.297058787119517,0.508472053796784
"ENSMUSG00000024696",1742.54046498192,-0.353052224201277,0.253610226992559,-1.39210562755277,0.163890414383576,0.350791100975886
"ENSMUSG00000024697",1.45632018908906,2.6546749835535,2.75850093707978,0.962361457946,0.335868067120198,NA
"ENSMUSG00000024712",756.926348298604,-1.0164313350028,0.291945756353635,-3.48157598760091,0.000498472326634831,0.014131291757371
"ENSMUSG00000024713",2.80551056838659,0.652269235369515,1.70754419557771,0.38199259325691,0.702466858537112,NA
"ENSMUSG00000024725",8884.57289365809,-0.793153171529651,0.254255285150804,-3.11951498297947,0.00181149047716678,0.0257884624233188
"ENSMUSG00000024726",877.95594098285,-0.027557403875728,0.200407324026815,-0.137506969915135,0.890630083882734,0.951061263255568
"ENSMUSG00000024727",2.1134569903916,-0.357641625528496,1.87782258055314,-0.190455493097302,0.848952216156607,NA
"ENSMUSG00000024728",0.0707794079552065,2.15722026802065,7.28506251347736,0.29611554657627,0.767141841671879,NA
"ENSMUSG00000024729",1.52484107363965,2.40164452994887,3.99309224253026,0.60144979982407,0.547540438022067,NA
"ENSMUSG00000024730",9.4039306742172,5.16204711260663,1.9023750294199,2.71347501558656,0.00665815887802955,NA
"ENSMUSG00000024731",0.0809909115647629,0,7.3561311249555,0,1,NA
"ENSMUSG00000024732",276.07656730239,0.214172277472319,0.199093412133966,1.07573764082262,0.282044608200806,0.492737616419568
"ENSMUSG00000024734",0.356074009591739,0,7.3561311249555,0,1,NA
"ENSMUSG00000024735",191.087754490205,-0.249021026873441,0.367019944892359,-0.67849453507622,0.497458187671781,0.6877446412777
"ENSMUSG00000024736",3.09302924939745,-3.45507441047156,1.96093710144734,-1.76195065508293,0.0780776349934032,NA
"ENSMUSG00000024737",53.0856517824704,-0.572788322240633,1.01497441937985,-0.564337692954477,0.572524333728183,NA
"ENSMUSG00000024738",0.185107410465747,1.35554610283466,7.25507522338135,0.186841081739037,0.85178523548511,NA
"ENSMUSG00000024740",1035.2700381998,-0.164793313930396,0.131298144444359,-1.25510771403348,0.209439660514576,0.408909943548605
"ENSMUSG00000024742",613.53285748693,-0.418151226200452,0.233396036113696,-1.79159523513396,0.073197826952909,0.211754240487977
"ENSMUSG00000024743",8.4888556615546,-0.171521956484768,0.888571582558735,-0.193031107286655,0.846934606120821,NA
"ENSMUSG00000024747",0.492175472435412,0.771440052335662,7.27886276220514,0.105983596275684,0.915595367153094,NA
"ENSMUSG00000024749",0.332761959079903,2.09169679698126,7.23603537169054,0.289066690464861,0.772530343126296,NA
"ENSMUSG00000024750",1041.1225233576,-0.355787709561989,0.178257224034847,-1.99592309085009,0.0459422948762459,0.1598520186032
"ENSMUSG00000024754",107.911703817351,-1.52436306590444,0.559634225407279,-2.72385604149759,0.00645246249682326,0.048577852820009
"ENSMUSG00000024757",52.4530788683697,1.23050330994167,0.58774286654547,2.09360824262164,0.0362948927014088,NA
"ENSMUSG00000024758",1505.29843877246,0.150925552729767,0.149486905269903,1.00962390289147,0.312675513216108,0.524130481285607
"ENSMUSG00000024759",316.058887279284,0.433449893715142,0.253155232768448,1.71219014110446,0.0868616337136689,0.235627675427996
"ENSMUSG00000024761",0.715432813773084,0.297197943225886,5.70181044861995,0.0521234344606842,0.958430340344592,NA
"ENSMUSG00000024764",324.818581909472,-0.216708692772448,0.233095587676174,-0.929698819839992,0.352527045698289,0.561509804500095
"ENSMUSG00000024766",73.5279662300028,-0.271115036061422,0.435939328091407,-0.621910019562575,0.534001036369318,0.718861534047489
"ENSMUSG00000024767",1085.00987746786,-0.226370351544612,0.276641822040869,-0.81827957130491,0.413197568284313,0.61799578283906
"ENSMUSG00000024768",0,NA,NA,NA,NA,NA
"ENSMUSG00000024769",6.92957702840557,0.705339618916221,0.881970242100983,0.799731765593358,0.423866224324226,NA
"ENSMUSG00000024770",0.0474375977968173,0,7.3561311249555,0,1,NA
"ENSMUSG00000024771",0.129938101041615,-1.67287082556277,7.35015633671182,-0.227596631816835,0.819959838661291,NA
"ENSMUSG00000024772",172.25736408427,-0.568792347324501,0.327356510546713,-1.73753180095477,0.0822933458515391,0.22782093794044
"ENSMUSG00000024773",507.380230897272,0.466003692613074,0.36207880632776,1.28702283720865,0.19808632836519,0.394348443158745
"ENSMUSG00000024774",1.47881870720031,-1.877886830428,4.59449379871302,-0.408725512036607,0.682741109227895,NA
"ENSMUSG00000024776",583.263187590005,0.241874747001227,0.215478190248365,1.12250222039844,0.261648964004906,0.471235594251951
"ENSMUSG00000024777",26.6470872617269,-0.575881222437566,0.513467294983755,-1.12155385175172,0.262052182462997,NA
"ENSMUSG00000024778",693.565152533753,-0.371528876866205,0.25378672274303,-1.46394134748489,0.143209974693563,0.322034351598931
"ENSMUSG00000024780",362.563432941158,0.257135679771433,0.220622841034462,1.16549890557917,0.243817102965372,0.450491974357515
"ENSMUSG00000024781",414.644666165632,0.164874013431612,0.201876962695387,0.816705438947939,0.414096782357806,0.618626743777077
"ENSMUSG00000024782",1052.16997258339,-0.517399083564813,0.223020556609719,-2.31996140369361,0.0203429653443959,0.0964461450500497
"ENSMUSG00000024784",0,NA,NA,NA,NA,NA
"ENSMUSG00000024785",344.450613179968,0.174125664842988,0.350602961174883,0.496646304011486,0.61943849416312,0.780905898055228
"ENSMUSG00000024786",1.29154055431749,-1.88861168664449,2.14426919103265,-0.880771730780203,0.37844138339406,NA
"ENSMUSG00000024787",226.661143788641,-0.359655487627087,0.32802605503803,-1.09642353740891,0.272893468129827,0.483432245961171
"ENSMUSG00000024789",1090.91039828921,0.0968567086804082,0.232058501896962,0.417380565196506,0.676400068022207,0.822020713258055
"ENSMUSG00000024790",532.736612510675,-0.798357778064511,0.341584169616123,-2.33722124465463,0.0194276830727783,0.0941907826125011
"ENSMUSG00000024791",763.117943287204,0.317766934382047,0.538845958325392,0.589717579713491,0.555380007295808,0.734483793911286
"ENSMUSG00000024792",515.289154758614,-0.574630370446887,0.330725071293072,-1.73748657215551,0.0823013221431778,0.22782093794044
"ENSMUSG00000024793",81.3540522516529,0.567768508013308,0.640480157482755,0.886473220723619,0.375362578362675,0.584324265687407
"ENSMUSG00000024795",971.851791317663,0.726415474595861,0.341513474619772,2.12704776994414,0.0334161142892284,0.131391523368744
"ENSMUSG00000024797",522.554549445743,-0.0561321655238815,0.153368677452212,-0.365994976655985,0.714368823965436,0.843494319518696
"ENSMUSG00000024798",0.417566243151457,1.06921563432548,7.35402513626599,0.145391892808838,0.884401465253365,NA
"ENSMUSG00000024799",85.5705778719828,-0.234741727549245,0.406370904314639,-0.577653874962202,0.563497825895014,0.740911945859566
"ENSMUSG00000024800",1293.95524672827,-0.822494480648348,0.319798198171364,-2.57191718199618,0.0101137082095524,0.063354883175808
"ENSMUSG00000024803",0.281067794761634,-1.10954195978254,7.29465651802635,-0.152103386504994,0.879105393243468,NA
"ENSMUSG00000024805",901.03244891886,-0.328478116194754,0.218818161109902,-1.50114649775242,0.133317674559692,0.308845843220659
"ENSMUSG00000024806",0.200043395281061,2.14943721983084,7.28506068763524,0.2950472634331,0.767957774897426,NA
"ENSMUSG00000024807",143.297148540636,0.469178565533315,0.32444881411592,1.44607884239542,0.148155089283475,0.330366130739262
"ENSMUSG00000024810",1.56746719495273,2.44034861415434,3.41618702879024,0.714348656437155,0.475011612150698,NA
"ENSMUSG00000024811",4268.20579137207,0.25482013104423,0.301256923234762,0.845856514459769,0.397632793804612,0.603805467003586
"ENSMUSG00000024812",68.0094260031591,-1.63565488283083,0.715766128262385,-2.28518061730804,0.0223022392415011,0.101546584478231
"ENSMUSG00000024815",0.282291296260246,0,7.3561311249555,0,1,NA
"ENSMUSG00000024816",975.479903382648,-0.0698587797929078,0.138616364245267,-0.503972097185437,0.614280984936057,0.777486240216764
"ENSMUSG00000024817",1055.9917932146,0.204890530008839,0.188078200989868,1.08939009906776,0.275981895665325,0.486375653173782
"ENSMUSG00000024818",218.834988894439,0.09332016452566,0.266729928709671,0.349867616945366,0.726438050876867,0.851290492746847
"ENSMUSG00000024824",207.583502222102,-0.174918240459297,0.27084957392335,-0.645813238416975,0.518400313463617,0.705061516041257
"ENSMUSG00000024826",799.537375200329,0.0338473337549717,0.218508932351428,0.154901373553622,0.876899070779665,0.943523164760748
"ENSMUSG00000024827",174.685458705759,-2.4077571593453,1.19081850014293,-2.02193462652479,0.0431831059577539,0.154325742007374
"ENSMUSG00000024829",2289.16055697394,-0.799960160124661,0.231012065351716,-3.46285012822479,0.000534486015827859,0.0147418805917744
"ENSMUSG00000024830",127.108985798679,0.35060980965408,0.248537085675666,1.41069413725892,0.158334820419444,0.343921235516923
"ENSMUSG00000024831",108.060387052648,-0.0417760671585649,0.326964793776261,-0.127769313252582,0.898331535457538,0.955008516368006
"ENSMUSG00000024833",980.187887148293,0.245565485564713,0.210396957629312,1.16715321519698,0.243148500607681,0.449761027040967
"ENSMUSG00000024835",971.27062521817,-0.242778058765768,0.243931034998574,-0.99527335161427,0.319603334829202,0.530813738481543
"ENSMUSG00000024837",0.0849339401409943,0,7.3561311249555,0,1,NA
"ENSMUSG00000024841",1444.40094940319,-0.444354849797394,0.233903581954738,-1.89973512198449,0.0574678887535669,0.182070335567213
"ENSMUSG00000024842",4.55625636679007,-0.227471735647848,1.74305864787648,-0.130501481361497,0.896169682209185,NA
"ENSMUSG00000024843",205.756874665688,0.77637804499709,0.28509358523606,2.72323926318526,0.00646452211465437,0.048577852820009
"ENSMUSG00000024844",14153.6179158391,-0.805031351882871,0.262747778878799,-3.06389403296999,0.00218476281804474,0.0282685056413293
"ENSMUSG00000024846",13.1069889118487,1.8050851614695,1.03554968186472,1.7431178755413,0.0813130267695224,NA
"ENSMUSG00000024847",1981.96963828756,-0.61964411408873,0.293232898388244,-2.11314664041656,0.0345882187344389,0.134314378182621
"ENSMUSG00000024851",299.623445873107,0.0352791707240974,0.247084312122407,0.142781912866325,0.886462422150404,0.949196285601529
"ENSMUSG00000024853",4024.22173980903,0.180875893830558,0.202628832001951,0.892646382272078,0.372046572155957,0.581108422274329
"ENSMUSG00000024854",352.95971650685,-0.464872081338394,0.25536470638794,-1.82042416085557,0.0686944358274692,0.203672614923375
"ENSMUSG00000024855",345.094801870588,-0.18695671157361,0.207331894951314,-0.901726729587415,0.367202050254964,0.576431994087711
"ENSMUSG00000024856",5495.54020729818,-0.860681087930304,0.292472184812083,-2.94277928851013,0.00325280232301172,0.0339893773392927
"ENSMUSG00000024857",0.0452865179051822,0,7.3561311249555,0,1,NA
"ENSMUSG00000024858",2222.16851733667,-0.0800920015722816,0.16553640887687,-0.483833146530658,0.628504289049373,0.786554348261251
"ENSMUSG00000024862",11.027178454548,0.66495909728845,0.979779767169023,0.678682209584491,0.497339240830619,NA
"ENSMUSG00000024863",0.081236158750911,0,7.3561311249555,0,1,NA
"ENSMUSG00000024866",0.519800642686856,0,7.3561311249555,0,1,NA
"ENSMUSG00000024867",8.65097322421195,0.158613523969698,1.11090441117555,0.142778732692091,0.886464933829577,NA
"ENSMUSG00000024868",1.10921295524029,-2.76584585347227,3.06673844004798,-0.901885148519218,0.36711788142498,NA
"ENSMUSG00000024869",12.6646118467737,0.131337767056648,0.767759027248057,0.171066392442708,0.864171561251392,NA
"ENSMUSG00000024870",1543.09852208667,-0.576612386698163,0.388414069906553,-1.48453012229162,0.137668338022243,0.315251452491337
"ENSMUSG00000024871",19.2949687690087,1.29344308221117,0.519628495604018,2.48916888344945,0.0128042126698118,NA
"ENSMUSG00000024873",13.8643258123621,0.955237149985641,0.972199933051449,0.982552165980338,0.325827896591026,NA
"ENSMUSG00000024875",1296.41433492764,-0.342534451807725,0.32565327919686,-1.05183787079466,0.292873940670662,0.504277809358909
"ENSMUSG00000024878",353.972503525872,-0.0433497514787069,0.324354411057136,-0.133649335421157,0.893679870086952,0.952589880467686
"ENSMUSG00000024883",28.0217789223895,0.889550042170654,0.732125727456087,1.21502360702658,0.224357087766447,NA
"ENSMUSG00000024885",13.1220263639048,0.643778340145458,1.25240622446234,0.51403316876825,0.607228800905896,NA
"ENSMUSG00000024887",7.38155975678789,-1.02769772866361,1.16975883067497,-0.878555221567008,0.379642483890899,NA
"ENSMUSG00000024889",528.108005312081,-0.540195306150821,0.290642253722178,-1.85862619503078,0.0630801414508098,0.194063425529391
"ENSMUSG00000024891",11.91305670258,-0.3615344481246,1.23560727842914,-0.292596567239576,0.769830537942512,NA
"ENSMUSG00000024892",22.7463414895895,-0.831353763216591,0.902934633017527,-0.920724195104004,0.357194440784724,NA
"ENSMUSG00000024896",384.26054323728,-0.0601592456863143,0.199899744545745,-0.300947086365823,0.763454843948447,0.875691560349293
"ENSMUSG00000024897",3.08598231316018,-0.376187455249342,1.59338277988567,-0.236093586549451,0.813360050471739,NA
"ENSMUSG00000024899",22.6743860360696,1.02599522372771,0.668810758740229,1.5340590896897,0.125015116586395,NA
"ENSMUSG00000024900",452.973815573794,-0.320675344244671,0.262184877083966,-1.22308863810621,0.221296219524256,0.423772400231938
"ENSMUSG00000024901",1.13474404292012,-5.49866918778551,6.8476978678257,-0.802995297678263,0.421977452472156,NA
"ENSMUSG00000024902",805.525217772735,-0.616518381198607,0.204766744969171,-3.01083255140589,0.00260532483506887,0.0306147856415928
"ENSMUSG00000024903",0.408498699911861,0.969258656087656,7.2141953102859,0.134354368630095,0.893122362960893,NA
"ENSMUSG00000024905",2.20698223486306,-0.613826376355662,1.68037171369288,-0.365292019232269,0.714893435141928,NA
"ENSMUSG00000024906",203.272744550928,0.0180432422915005,0.365578815592795,0.0493552731228229,0.960636171569792,0.986996004154183
"ENSMUSG00000024907",0.464424925246834,0,7.3561311249555,0,1,NA
"ENSMUSG00000024908",725.110785705246,0.105700549602595,0.211581695381079,0.499573223535326,0.617375615898376,0.779905171010281
"ENSMUSG00000024909",34.5927975425179,1.18207240817869,0.627672598325365,1.88326272539611,0.0596647722143838,NA
"ENSMUSG00000024910",6282.41217929921,0.00431126309294824,0.239429276561713,0.0180064157351994,0.985633735225099,0.998666407615836
"ENSMUSG00000024911",591.511269574167,-0.452076869653225,0.24373835330332,-1.85476296006086,0.0636300835391031,0.194836615353568
"ENSMUSG00000024912",5.34846569386416,2.00303869984956,2.00653411266502,0.998257984853887,0.318154275485018,NA
"ENSMUSG00000024913",246.127617451001,0.399647175208052,0.424910206353079,0.940545012175974,0.346938072333239,0.555641980210222
"ENSMUSG00000024914",1698.22170209933,-0.386447478132472,0.271731175408057,-1.42216835279259,0.154977383631715,0.339061575354377
"ENSMUSG00000024921",608.423121274081,0.292404549735398,0.197273902180646,1.48222621696629,0.138280112947276,0.316050274082037
"ENSMUSG00000024922",1.10887433404954,-2.55697790660575,5.91840236159371,-0.432038538508086,0.665713403595765,NA
"ENSMUSG00000024924",30.7937810306444,0.950577661459465,1.34288885490395,0.70786026556714,0.479032036928117,NA
"ENSMUSG00000024925",1655.69474239983,-0.827585790470583,0.255445973164456,-3.23976839493094,0.00119626823506078,0.0215227408936533
"ENSMUSG00000024926",140.814083203703,-0.098476260384826,0.300205535418865,-0.328029462372924,0.742889386269177,0.861921327004421
"ENSMUSG00000024927",568.538857879383,-0.440404381784599,0.156736232157782,-2.80984412934755,0.00495654984259573,0.0422011155848913
"ENSMUSG00000024935",5.28935782208632,-0.0120839566453082,0.982834308394312,-0.0122950089777087,0.990190249314542,NA
"ENSMUSG00000024936",105.952520315888,-0.0240797000825678,0.598623297975439,-0.0402251301678468,0.967913642863745,0.990253193925494
"ENSMUSG00000024937",487.059854352138,0.103728763267745,0.248938479002392,0.416684329732519,0.676909317746138,0.822020713258055
"ENSMUSG00000024939",1390.23320374107,-0.653686314780698,0.287753237040183,-2.27169056899059,0.0231052062134072,0.103794103830379
"ENSMUSG00000024940",5.04258369257314,0.220563333898126,1.38923911607637,0.158765565514066,0.873853579383386,NA
"ENSMUSG00000024941",187.538307689258,0.0368883628529468,0.224403646766979,0.164383972294585,0.869428880194872,0.938915857192512
"ENSMUSG00000024942",325.045995488197,-0.179155420954186,0.272607442323735,-0.657191965953118,0.511057490793099,0.700224379162657
"ENSMUSG00000024943",727.295024957331,0.418599049958443,0.182289251708241,2.29634520980108,0.021656151052686,0.099707057827574
"ENSMUSG00000024944",435.611559045046,-0.455547055162065,0.260927401712791,-1.74587663914078,0.0808323899932235,0.22553843115811
"ENSMUSG00000024947",137.065892148128,-0.133992831128639,0.334321294496999,-0.400790596752854,0.688574302550002,0.830270429459231
"ENSMUSG00000024948",518.068337570438,0.444757200035806,0.24220743361143,1.83626568930714,0.0663183715902999,0.199663164658973
"ENSMUSG00000024949",758.318641753084,0.164549731750463,0.135420973221278,1.21509783777428,0.224328778170637,0.426850812746245
"ENSMUSG00000024952",257.694276142113,-0.196553784044595,0.237330088800958,-0.828187378337175,0.407564390686113,0.612251684091665
"ENSMUSG00000024953",3123.65784875975,-0.818439241865246,0.247614756543491,-3.30529267839292,0.000948772675062243,0.0192184792889145
"ENSMUSG00000024955",105.857115906399,-0.163172859621472,0.382080177470712,-0.427064446791353,0.669332387687086,0.816530994975545
"ENSMUSG00000024957",0.0786971737145218,-1.67328444983115,7.35016682191887,-0.227652581277647,0.819916339095152,NA
"ENSMUSG00000024958",37.0195261130732,0.128076420782596,0.529421418600214,0.241917716742985,0.808843921840703,NA
"ENSMUSG00000024959",623.936002655445,-0.827278890675815,0.285648627428249,-2.89614166230719,0.00377781818794089,0.0369009217270709
"ENSMUSG00000024960",34.3132094851034,-0.575134481374312,0.504866373714502,-1.139181595999,0.254627420049074,NA
"ENSMUSG00000024962",144.319691088554,-0.33663305899835,0.240661140812942,-1.39878443965328,0.161877633823133,0.348391119168663
"ENSMUSG00000024963",289.698228841077,-0.157679608222317,0.249338806127451,-0.632390965013755,0.52713143630212,0.713012349185339
"ENSMUSG00000024965",1483.68590146655,0.113089575245435,0.16438689270714,0.687947642193758,0.491485753268653,0.682638284538518
"ENSMUSG00000024966",2170.67378035827,-0.912409776716763,0.194456543103733,-4.69210118699908,2.70413315882455e-06,0.00074250989652724
"ENSMUSG00000024968",6.38809208084652,-1.27097143371012,1.17969856166742,-1.07736965612104,0.281315154648396,NA
"ENSMUSG00000024969",710.742606255463,0.0458219768793219,0.186226013700843,0.246055725345286,0.805639095597809,0.902759530765137
"ENSMUSG00000024970",72.4129888433013,-0.123238358705639,0.34710287798938,-0.355048507288406,0.722553251867225,0.84933172142931
"ENSMUSG00000024972",0.456792293146298,-1.67366537200415,5.70318151542421,-0.293461705098765,0.769169266473115,NA
"ENSMUSG00000024973",0.073677344039837,1.189160176468,7.35432770588853,0.161695293441419,0.871545811057691,NA
"ENSMUSG00000024974",2017.23028424615,0.243628350549652,0.171318917311343,1.42207500708692,0.155004477392659,0.339061575354377
"ENSMUSG00000024975",1941.35807669845,-0.270685120728286,0.205089618937038,-1.31983823526136,0.186889032807233,0.381060825749952
"ENSMUSG00000024976",666.11012536286,0.418438025681579,0.181142926295195,2.30998821891439,0.020888806370602,0.0978118636301415
"ENSMUSG00000024978",7.77463366010727,1.84863956612094,1.2526737734819,1.47575498526046,0.14000967907248,NA
"ENSMUSG00000024979",0.480829685615861,-1.2329677328178,7.18994804941616,-0.171484929285118,0.86384247960518,NA
"ENSMUSG00000024981",1435.63064648836,0.420703432842993,0.168889973563097,2.49099116997504,0.0127387285661181,0.0724893722704663
"ENSMUSG00000024982",540.720716153846,-0.34794957242645,0.256520292940112,-1.35642123450905,0.174965180788282,0.365728655549201
"ENSMUSG00000024983",373.387981917173,-0.268570734336758,0.196735733994074,-1.36513448210099,0.172210786027193,0.361346554845851
"ENSMUSG00000024985",17.7150933693069,0.575307254368301,0.674502197417947,0.852936071328791,0.393694756901776,NA
"ENSMUSG00000024986",10.0474086053325,-0.267603831340923,1.35035452401053,-0.198173017961345,0.842909697364385,NA
"ENSMUSG00000024987",0.11596155796815,1.15725679691852,7.35599846181878,0.157321511542621,0.874991467595193,NA
"ENSMUSG00000024989",980.489103587729,1.34475718988786,0.580429159146118,2.31683258619564,0.0205128531980161,0.096780772093851
"ENSMUSG00000024990",0.179548219031687,-0.112498265499904,7.2315020981231,-0.0155566940275247,0.987588054657647,NA
"ENSMUSG00000024991",4012.36447400884,0.105798145510864,0.137821951551751,0.767643646891313,0.442698924148993,0.643832890985778
"ENSMUSG00000024992",0.484677275755012,0.473196426876769,7.19907576703869,0.0657301634528312,0.947592657371797,NA
"ENSMUSG00000024993",637.27288698737,-0.4887361042914,0.322620696517169,-1.51489383529178,0.129799291799485,0.304281775153811
"ENSMUSG00000024997",2048.80641744089,-0.794184692589558,0.266849701130053,-2.97614982975942,0.00291892215777127,0.0323470241362881
"ENSMUSG00000024998",20.6052742765611,-0.0492995429582832,0.606909041174039,-0.0812305298054473,0.935258620460812,NA
"ENSMUSG00000024999",186.485981998687,0.1606651697062,0.292911270499537,0.548511395386726,0.583340806892169,0.754258856821975
"ENSMUSG00000025001",1405.8867289927,0.254608872941752,0.410936736884948,0.619581677880107,0.53553323251274,0.720041621788417
"ENSMUSG00000025002",0.500499716970238,-2.69087441813931,7.24051600698399,-0.37164124981476,0.710159972459779,NA
"ENSMUSG00000025003",0.167187676134232,0,7.3561311249555,0,1,NA
"ENSMUSG00000025004",0.0710374986746129,2.16226366003378,7.28481246100722,0.296818026765623,0.766605441993722,NA
"ENSMUSG00000025006",48.3009378937471,0.180911463057417,0.527700392439554,0.342829881594488,0.73172644450842,NA
"ENSMUSG00000025007",486.012263502506,-0.000595544709091868,0.203182586203607,-0.00293108144856016,0.997661338714405,1
"ENSMUSG00000025008",46.904601622905,0.962479251993512,0.446176109707304,2.15717343679586,0.0309921533605211,NA
"ENSMUSG00000025010",2.27242462606354,2.18106133890738,7.28437777574587,0.2994162859276,0.764622437453115,NA
"ENSMUSG00000025013",0.174132597664012,0,7.3561311249555,0,1,NA
"ENSMUSG00000025014",33.4759068121846,-0.962493617911166,0.568466031229363,-1.69314183264333,0.0904284732818477,NA
"ENSMUSG00000025016",2135.70850802149,0.143431598446337,0.122812495662501,1.16789091918219,0.242850767519771,0.44944929699878
"ENSMUSG00000025017",87.6139870812908,2.52000192342657,1.54594532369913,1.63007183035214,0.103086316548274,0.262327072113661
"ENSMUSG00000025019",253.083760382711,0.339782228382534,0.254673232867825,1.33418900980018,0.182141920416311,0.375254873554656
"ENSMUSG00000025020",1.40785721258492,2.80387035979539,3.229759303387,0.868136011514855,0.385319878965217,NA
"ENSMUSG00000025024",1112.64626092911,-0.178313454300095,0.159364179440497,-1.11890548381779,0.26318046324672,0.472843057335511
"ENSMUSG00000025025",286.371927828869,-0.00841439929685387,0.276520025024108,-0.0304296200469397,0.97572442240741,0.994307898443641
"ENSMUSG00000025026",1790.34263537985,-0.116360529748568,0.137742264927859,-0.84476997535586,0.398239281343398,0.604214266267269
"ENSMUSG00000025027",520.416307098408,0.159783784009115,0.17900595509998,0.892617141814483,0.372062236173417,0.581108422274329
"ENSMUSG00000025034",504.410962430497,-0.0892931670455108,0.248363144940767,-0.359526640181684,0.71920115222647,0.847556436547288
"ENSMUSG00000025035",473.004917903017,-0.658192962676598,0.265697745822649,-2.4772244891981,0.01324085911312,0.0742404380789513
"ENSMUSG00000025036",99.0949584154736,0.343297858627623,0.386631428053725,0.887920209579857,0.374583672925556,0.583463459292541
"ENSMUSG00000025037",48.6099660930436,-0.00981539039135419,0.611765314651762,-0.0160443721738972,0.987198992366934,NA
"ENSMUSG00000025038",0.22819389159127,-0.228181716962801,7.34974767951047,-0.0310461973543558,0.975232697251587,NA
"ENSMUSG00000025040",847.637599467892,-0.57350853557054,0.288996640585421,-1.9844816687446,0.0472021696486964,0.162558309790026
"ENSMUSG00000025041",183.207022784711,-0.426313181451169,0.326197434951931,-1.30691763874229,0.191240684858229,0.38666683776306
"ENSMUSG00000025043",0,NA,NA,NA,NA,NA
"ENSMUSG00000025044",24.5430576610331,-0.52896284181462,1.68732499972684,-0.313491972145409,0.753906918843828,NA
"ENSMUSG00000025047",444.116322980246,0.375754642395131,0.242027474301322,1.5525288749959,0.120535729172139,0.289945062584609
"ENSMUSG00000025049",342.194485392002,0.41110344419459,0.192169337060946,2.13927700684219,0.0324132407332295,0.128883702593714
"ENSMUSG00000025050",273.230782429369,0.0654516744631575,0.210254200599702,0.31129782081153,0.75557422378704,0.870892320053431
"ENSMUSG00000025051",0.228965831773323,-3.87706122324365,7.24601998658899,-0.535060796191476,0.592607817894911,NA
"ENSMUSG00000025056",0.0381979668618393,0,7.3561311249555,0,1,NA
"ENSMUSG00000025058",532.627621634538,-0.441136595395062,0.499093237341609,-0.883876122515204,0.376763088053091,0.585766455710098
"ENSMUSG00000025059",149.002989136535,0.237163315844689,0.332577541867644,0.713106827697564,0.475779654852642,0.670623397721141
"ENSMUSG00000025060",681.139297456151,0.431600919624358,0.210812500302772,2.04732128789558,0.0406265490740674,0.147925632984129
"ENSMUSG00000025064",1.34506000731383,2.10417234671748,3.46860000304887,0.606634476407753,0.544093515025462,NA
"ENSMUSG00000025066",2608.93535429816,-0.746663700453615,0.30268207085751,-2.46682500333861,0.0136316959407426,0.0753631512160185
"ENSMUSG00000025068",504.710063656937,-0.63374837873197,0.284761743451608,-2.22553904555535,0.0260450729750775,0.111890435518031
"ENSMUSG00000025069",5.63151510518612,0.238609471873236,1.23778454363202,0.192771410097824,0.847137994935586,NA
"ENSMUSG00000025075",8.19145944051305,-0.0423357047268586,1.39683111701449,-0.0303083917670337,0.975821103986364,NA
"ENSMUSG00000025076",310.766933349404,-0.124650416452943,0.218624802361585,-0.570156794226774,0.568571357376195,0.743820534342203
"ENSMUSG00000025077",101.50689966593,0.177345208147438,0.489752075370021,0.362112213640848,0.717268176968997,0.84608543309529
"ENSMUSG00000025078",251.432556172549,0.427518671848854,0.250985777172263,1.7033581610301,0.0885010624246062,0.238752553746415
"ENSMUSG00000025081",0.914792421376063,1.44496507377019,3.20540411163057,0.450790297712304,0.65214069468434,NA
"ENSMUSG00000025082",0.198606059219275,-2.55436679489147,7.29471643033679,-0.350166702062405,0.726213594619533,NA
"ENSMUSG00000025083",0.971509405437601,3.08746841213948,3.71959351852506,0.830055326412054,0.406507503431567,NA
"ENSMUSG00000025085",3656.63273189023,0.0442237848906575,0.186379738948698,0.237277856166707,0.812441239847753,0.906022298724621
"ENSMUSG00000025086",137.306146161692,0.432046581032904,0.346021614855799,1.24861153894376,0.211807189853455,0.411379863680983
"ENSMUSG00000025089",0.527687562348378,3.07540682483617,7.26834034309625,0.423123667806408,0.672205035117273,NA
"ENSMUSG00000025090",0,NA,NA,NA,NA,NA
"ENSMUSG00000025091",0.271333343093088,-1.10741795262131,7.29473274868081,-0.151810627033811,0.879336300128078,NA
"ENSMUSG00000025092",1.34425602725715,-1.58477953567721,2.63594402073882,-0.601218964897827,0.54769415451892,NA
"ENSMUSG00000025094",86.0100211952963,0.844584826692562,0.429198470666906,1.96781881673579,0.0490888883360954,0.166350243812925
"ENSMUSG00000025102",935.409532013206,-0.706295031720924,0.265349750653341,-2.6617512546437,0.00777353007580389,0.0536227109555628
"ENSMUSG00000025103",942.860629798776,-0.104254187588627,0.184557619976019,-0.564886931258508,0.572150673268256,0.746850924720734
"ENSMUSG00000025104",507.012573700165,-0.0145695245426136,0.173484780064841,-0.0839815719694154,0.933071083439913,0.97324128519611
"ENSMUSG00000025105",0.175900820809744,-1.67291087676132,7.35015738810941,-0.227602048286428,0.819955627442293,NA
"ENSMUSG00000025127",0.122349562920745,0,7.3561311249555,0,1,NA
"ENSMUSG00000025128",0.088241070879262,0,7.3561311249555,0,1,NA
"ENSMUSG00000025129",1.36547710673217,-0.146416858925355,2.84453387068397,-0.0514730587089649,0.958948569420527,NA
"ENSMUSG00000025130",2547.26184137919,0.143645723006505,0.20905430783814,0.687121564209636,0.492006126287267,0.68285244914698
"ENSMUSG00000025132",4528.70375965739,-0.577980847957533,0.283239131848231,-2.04061085834437,0.041289522030802,0.149438920103891
"ENSMUSG00000025133",334.962231920351,-0.0739298890846243,0.268713376869083,-0.2751254513118,0.783219858508304,0.889317657174194
"ENSMUSG00000025134",3722.22861851162,-0.496745728007174,0.229799188651744,-2.16165135708979,0.0306450596664308,0.124507363256337
"ENSMUSG00000025135",5170.14110474043,-0.71605540090857,0.230488740423668,-3.10668278021898,0.00189199304528993,0.0262305066657657
"ENSMUSG00000025137",511.048061372352,0.169290111030302,0.209920327834094,0.806449345696986,0.419983804033022,0.624667454539035
"ENSMUSG00000025138",1713.41887881708,-0.103104105961212,0.151321644481011,-0.681357292374328,0.49564543937388,0.686198202830645
"ENSMUSG00000025139",362.117103695878,-0.247168605046832,0.162772642091236,-1.51848985106656,0.128890956069675,0.30273435868508
"ENSMUSG00000025140",51.3989286281157,0.246235643881262,0.575163320857639,0.428114302410825,0.668567904371157,NA
"ENSMUSG00000025141",0.741179868952507,-2.10942605463675,5.16898404535076,-0.408092970713283,0.683205420480809,NA
"ENSMUSG00000025142",511.933040444194,-0.0617863316933197,0.183219036421935,-0.337226594462771,0.735946090779084,0.856870095094375
"ENSMUSG00000025144",2591.83529565528,-0.692090440838178,0.251636800786285,-2.75035463285026,0.00595307986227327,0.0464842749433444
"ENSMUSG00000025145",145.402996807478,0.34809891925568,0.268382514417976,1.29702532972604,0.194622471617941,0.390707378542516
"ENSMUSG00000025147",1212.08202248776,-0.662206006103008,0.278388905839385,-2.37870831851706,0.0173734171514983,0.0877548434044768
"ENSMUSG00000025150",4.28759554734822,0,2.74849040588222,0,1,NA
"ENSMUSG00000025151",11.3277216208905,0.949518136644022,0.933217077495517,1.01746759627701,0.308931039630322,NA
"ENSMUSG00000025153",541.200256016079,0.22140263476253,0.319652774388968,0.692634797823205,0.488538766815795,0.680265630366832
"ENSMUSG00000025154",448.24554588352,0.047136782378098,0.376681484521877,0.125136977300408,0.90041510971297,0.955307862993744
"ENSMUSG00000025155",417.113267080849,-0.0913911656177837,0.152104749403996,-0.600843602687547,0.547944159488362,0.729863192462626
"ENSMUSG00000025156",1482.63258142413,-0.304015009887108,0.27136908533531,-1.12030082391832,0.262585591089261,0.472054789136376
"ENSMUSG00000025157",293.944920461603,0.228272704906099,0.243551840256967,0.937265366852708,0.348622073148963,0.557355522089196
"ENSMUSG00000025158",159.469465891288,-0.135002142067426,0.275724652527411,-0.489626664971516,0.624398104096827,0.783967389685906
"ENSMUSG00000025159",480.233697354398,0.367890660261231,0.331716447583377,1.1090516100163,0.267407918334371,0.47782488661158
"ENSMUSG00000025161",72.2493866561354,-1.13451044033712,0.785217419831314,-1.44483605646553,0.148503940652424,0.330994690721356
"ENSMUSG00000025162",617.959950712731,-0.0796607002425127,0.179200467767145,-0.444533997232779,0.656656554828594,0.80664223244447
"ENSMUSG00000025163",2228.2338096035,-0.846977656628614,0.388274760092733,-2.18138736709625,0.0291547772212201,0.120281708193556
"ENSMUSG00000025165",0.645665673514569,0,6.06772503790557,0,1,NA
"ENSMUSG00000025169",122.524456358171,-0.569564771665755,0.313326859552339,-1.8177974670908,0.0690950939274438,0.204673607253441
"ENSMUSG00000025170",0.587075955815553,2.73536983109703,7.26124117611498,0.376708301618561,0.706390392811348,NA
"ENSMUSG00000025171",41.5698753481164,-0.381181064358868,0.379977452139991,-1.00316758852953,0.315780008317519,NA
"ENSMUSG00000025172",0.246288111319299,1.15080190640803,7.35610302206453,0.156441787581851,0.875684800916886,NA
"ENSMUSG00000025173",915.291205396786,0.0168784333653948,0.194967589564632,0.0865704571877038,0.931012949462252,0.97213032687007
"ENSMUSG00000025175",6.05492379677802,3.80351120357123,1.93324527997231,1.96742298712645,0.0491344663978311,NA
"ENSMUSG00000025176",0.694839587676472,-0.525877669824786,7.16207339672519,-0.0734253393808056,0.941467654104309,NA
"ENSMUSG00000025178",192.116961744834,0.463337508610629,0.2532638956536,1.82946529909006,0.067329933143457,0.201256845818891
"ENSMUSG00000025184",435.746961067031,-0.393559753055785,0.258546698078262,-1.52219988103137,0.12795900494128,0.301591503062603
"ENSMUSG00000025185",1.1475644119426,3.54252078838414,4.27581507310633,0.828501871062104,0.407386335741347,NA
"ENSMUSG00000025188",149.298222745478,0.565197175967585,0.275126874054236,2.05431467903847,0.0399452449171339,0.146569690425341
"ENSMUSG00000025189",0.24042713727789,1.16017368885131,7.35573039461585,0.157723791739365,0.87467445205336,NA
"ENSMUSG00000025190",618.589653628621,-0.198580929308224,0.203917618435682,-0.973829190589822,0.330141356750519,0.539342156949277
"ENSMUSG00000025192",83.0898530727828,1.24075765268118,0.370585173948206,3.34810386357926,0.000813665112359526,0.0179033100053521
"ENSMUSG00000025193",309.230963841159,-0.353491818818922,0.276732306251702,-1.27737821292684,0.201468752801214,0.398205639691463
"ENSMUSG00000025194",2.76312195740124,0.128718909978823,2.3083654382671,0.0557619291317466,0.955531463882388,NA
"ENSMUSG00000025195",40.8685880696188,-0.378941010112774,0.464531296178518,-0.815749150229801,0.414643621677119,NA
"ENSMUSG00000025196",0.249750099590349,1.28775380053672,7.35022993007219,0.175199117957943,0.860923177381215,NA
"ENSMUSG00000025197",0.792502365372079,-1.13853134058089,4.97239649729757,-0.228970344822596,0.818891965261175,NA
"ENSMUSG00000025198",112.169569698458,0.68221113049331,0.413292262615152,1.65067481829092,0.098804992405487,0.256146695496522
"ENSMUSG00000025199",1090.67631566507,0.217464572838746,0.217840434662225,0.998274600286846,0.318146220647767,0.529618624301646
"ENSMUSG00000025200",170.546504080266,-0.0270051674772584,0.258895015055683,-0.104309337402461,0.916923868162091,0.964226809926943
"ENSMUSG00000025201",0.384764770854732,3.94940657736715,7.23393755066934,0.545955304383533,0.585096661029862,NA
"ENSMUSG00000025202",18.2544982311173,1.09843087214979,0.720783986827065,1.52393906111198,0.127523934666205,NA
"ENSMUSG00000025203",1954.90892028549,0.618768339863628,0.266664304456981,2.32040182927239,0.0203191500308513,0.0964257097368757
"ENSMUSG00000025204",10938.4814368177,-0.583920698883281,0.188630867481019,-3.0955734163818,0.00196432737491687,0.0270060863714232
"ENSMUSG00000025207",3.47368944347014,0.556359139134539,1.9958949387759,0.278751715997515,0.780435371221902,NA
"ENSMUSG00000025208",1596.57205609428,-0.602948684155024,0.22781171761978,-2.64669741510553,0.00812820464802729,0.055074590225131
"ENSMUSG00000025209",95.8141858438299,-0.158869617713106,0.286648944510979,-0.55423060421219,0.579421036072644,0.751758602689657
"ENSMUSG00000025212",628.547711900336,0.104329055270941,0.247173515091605,0.422088326220047,0.672960548414931,0.81994515235814
"ENSMUSG00000025213",5.20052879140879,-1.26343871286669,1.25408526227648,-1.00745838490537,0.313714546367501,NA
"ENSMUSG00000025215",0.160480918473595,-0.949794516086774,7.30406469403224,-0.130036432571962,0.89653760237052,NA
"ENSMUSG00000025216",0.274136253934323,-3.55125723632052,7.25422883995331,-0.489543039607691,0.624457291506951,NA
"ENSMUSG00000025217",137.504303411202,-0.21314104412367,0.370517973530997,-0.575251564971217,0.565121173416162,0.741763749730283
"ENSMUSG00000025218",75.998566218374,0.357929966955913,0.36715788639989,0.974866617916178,0.329626426771377,0.538927758623067
"ENSMUSG00000025219",0.927557637987039,0.711337463085903,3.00356796875748,0.236830819373856,0.812788041206143,NA
"ENSMUSG00000025220",2011.003989657,0.213444690269712,0.166648557025724,1.28080731138142,0.200261355324772,0.396789636677766
"ENSMUSG00000025221",13.0702457250328,-0.182589434780909,1.14532540753398,-0.159421447895796,0.873336842024947,NA
"ENSMUSG00000025223",737.073855196567,-0.0229150602789321,0.201695293544334,-0.113612270649712,0.909545159766836,0.960895230618877
"ENSMUSG00000025224",234.394927736796,0.615915950177376,0.366175873697417,1.68202220413442,0.0925645343573049,0.245491411423464
"ENSMUSG00000025225",237.088855069379,0.202411553089823,0.298615242687371,0.67783396208523,0.497876974861329,0.688227366312996
"ENSMUSG00000025226",87.9589545779677,-0.642094742707021,0.447631221126532,-1.43442796749318,0.151450171318669,0.335068250556187
"ENSMUSG00000025227",31.745322959039,0.191996130800778,0.65471730759871,0.293250428196189,0.769330741316551,NA
"ENSMUSG00000025228",768.037401468347,-0.0567203819089549,0.17376581888611,-0.326418522771331,0.744107725192056,0.86276628720248
"ENSMUSG00000025229",0.450421987524752,-1.34496369125391,7.34187611767659,-0.183190736222819,0.854648362796501,NA
"ENSMUSG00000025231",120.65219921815,-0.0719291704829636,0.276068126614199,-0.260548623867338,0.794440613595515,0.89544418077442
"ENSMUSG00000025232",207.466104310293,-0.368650686200318,0.342706434100534,-1.07570401229226,0.282059652450282,0.492737616419568
"ENSMUSG00000025234",677.330574642176,0.744684552150913,0.301364909686274,2.47103935533219,0.0134720991645316,0.0748082627238518
"ENSMUSG00000025235",186.998902638834,0.52949491079609,0.357914115074232,1.4793909725697,0.139035851448931,0.317040228736489
"ENSMUSG00000025236",195.652013938816,0.0132064203411766,0.222365908600601,0.0593904903152089,0.952641087319774,0.983689245602838
"ENSMUSG00000025237",205.78250622546,0.347669772568854,0.243207037315083,1.42952184446224,0.152854300988076,0.336647073408219
"ENSMUSG00000025239",880.012257502122,0.342234067413736,0.173583107765924,1.97158624372158,0.0486568588365428,0.165681381191604
"ENSMUSG00000025240",936.454095111489,0.0132675301629425,0.266685684375658,0.0497496901417986,0.96032185844868,0.986912647669318
"ENSMUSG00000025241",487.618282311424,0.852642526176307,0.26141483407492,3.26164553436147,0.00110767557179768,0.0205429137471296
"ENSMUSG00000025243",62.4164975526889,0.365106989386646,0.471969028374136,0.773582517997815,0.439177713534838,NA
"ENSMUSG00000025245",503.661738155074,-0.680813417189642,0.328349338917571,-2.07344232649896,0.0381311332670745,0.14234793948249
"ENSMUSG00000025246",674.546720015933,0.150824045620565,0.159746025416469,0.944148971640178,0.345093527115958,0.553774272003449
"ENSMUSG00000025255",1.89086490084075,3.5812635897141,7.16420892951442,0.499882628347193,0.617157724855473,NA
"ENSMUSG00000025257",27.4977765223283,0.121323996136543,0.794386273965537,0.152726702503178,0.878613802243919,NA
"ENSMUSG00000025260",1704.28251787778,-0.786124144381588,0.273416805984814,-2.87518589630972,0.00403789684155275,0.0379416447516625
"ENSMUSG00000025261",1319.92999918604,0.894004111927034,0.327873006360472,2.72667799600478,0.0063975437023706,0.0484595551708302
"ENSMUSG00000025262",20.7070851333015,-0.403252731287986,0.593728603401279,-0.679186970238391,0.497019402095122,NA
"ENSMUSG00000025264",419.231046549039,-0.544464193510461,0.305642712836638,-1.78137469222592,0.0748512597811219,0.214720901818299
"ENSMUSG00000025265",0.732558718373439,2.68044392053338,7.30857562170634,0.366753257990861,0.713803076332444,NA
"ENSMUSG00000025266",390.379810503422,0.357011085559595,0.275734290283692,1.29476491731326,0.195401337812566,0.391083914405856
"ENSMUSG00000025268",28.6876194198358,-0.980372315531164,0.822593363636852,-1.19180674057075,0.233337032158481,NA
"ENSMUSG00000025269",211.433022438947,-0.0782300281462572,0.288780835031229,-0.270897575795836,0.786469809574317,0.891645150549618
"ENSMUSG00000025270",5.99127404970608,4.978021135105,1.72774213758301,2.88122922212738,0.00396127439066989,NA
"ENSMUSG00000025271",74.2213495341107,0.676309646433817,0.398924459922061,1.69533261150733,0.0900123416868715,0.241392294512948
"ENSMUSG00000025272",0.728986910948166,-2.27494846048622,5.12940746970746,-0.44351096572485,0.657396189365628,NA
"ENSMUSG00000025277",132.394683395239,0.0277573214180919,0.443043335292388,0.0626514817106399,0.950044033428748,0.982649918430802
"ENSMUSG00000025278",327.832154992065,0.600387467506423,0.308556173223896,1.94579632367545,0.0516792104200148,0.171138691792913
"ENSMUSG00000025279",21.3658858541352,0.520096415079785,0.832426287698741,0.624795760015704,0.532105113834521,NA
"ENSMUSG00000025280",216.446793717874,0.386377425313531,0.221226169559267,1.74652676075025,0.0807194611480248,0.225526250268012
"ENSMUSG00000025283",4505.2412986571,-0.797355604017796,0.297646890586081,-2.67886421540559,0.00738723437279528,0.0521219213241123
"ENSMUSG00000025287",1957.61610384839,-0.809695049672108,0.333097151755945,-2.43080748485462,0.0150652169239714,0.080118949715796
"ENSMUSG00000025288",0.0381979668618393,0,7.3561311249555,0,1,NA
"ENSMUSG00000025289",1030.30883147711,0.277648703063453,0.324040009571985,0.856834634186657,0.391536281843226,0.599263757922866
"ENSMUSG00000025290",20756.8428678714,-0.509412828154331,0.263530552090477,-1.93303138521652,0.0532323316063515,0.174238939711518
"ENSMUSG00000025314",132.006396835991,0.623822913636595,0.839108345547741,0.743435477607346,0.457218071754895,0.6552994982307
"ENSMUSG00000025316",240.954299137539,0.0428335696829864,0.334982781351066,0.127867974318645,0.898253455746186,0.955008516368006
"ENSMUSG00000025317",10.9850489850123,-0.29495590743211,0.813147154719575,-0.362733738561539,0.716803794065779,NA
"ENSMUSG00000025318",3.142423676507,1.60106256319871,1.62284827382923,0.986575633112567,0.323850720535333,NA
"ENSMUSG00000025321",1.65210808590161,1.45239746159977,3.0233340763103,0.480395955240344,0.630945869858038,NA
"ENSMUSG00000025323",621.765853967845,0.383852478063697,0.190351380484779,2.01654685711297,0.0437428236427486,0.155203808940621
"ENSMUSG00000025324",292.875424759557,0.958380306622542,0.215149584883992,4.45448364280739,8.4095339831652e-06,0.00166256486847176
"ENSMUSG00000025326",1619.81441562588,0.295667058435932,0.180950036111628,1.63397070699414,0.102265001526845,0.261416040136202
"ENSMUSG00000025328",1.23752907444182,-3.54735760729861,3.48896881959323,-1.0167352563822,0.309279388938603,NA
"ENSMUSG00000025329",6.72186932606193,-0.380065905490971,1.06790562361765,-0.355898402523115,0.721916652181548,NA
"ENSMUSG00000025330",6.87383538549738,-0.940275372256456,1.42446893357217,-0.660088367036906,0.509197123429191,NA
"ENSMUSG00000025332",361.292576082259,0.599366058353674,0.450599800330619,1.33015162881542,0.183468317762107,0.376731267361535
"ENSMUSG00000025333",0.120350935009758,0,7.3561311249555,0,1,NA
"ENSMUSG00000025337",1379.07963350696,-0.638592874222136,0.24779332067765,-2.5771189977024,0.00996276460108204,0.0626475369476437
"ENSMUSG00000025340",169.645122557006,-0.505924762607843,0.369533155946787,-1.3690916619149,0.170970624367461,0.35935458683231
"ENSMUSG00000025347",0.126513708645919,0,7.3561311249555,0,1,NA
"ENSMUSG00000025348",42.2073135860295,1.25555420892845,0.555470425184586,2.26034393912371,0.0237999129404428,NA
"ENSMUSG00000025350",23.0818825731466,-0.174521658761644,0.590176334238473,-0.295711042000415,0.767450763836605,NA
"ENSMUSG00000025351",83.125868132955,0.42893831488784,0.488014362777352,0.878946087665734,0.379430508045317,0.588248207658086
"ENSMUSG00000025352",116.19553906323,0.142874941708622,0.377668975497807,0.378307329905239,0.705202300876186,0.838960892550369
"ENSMUSG00000025353",1993.17786838566,-0.468861336919173,0.230258141879144,-2.03624216322072,0.0417260443391524,0.150533557770993
"ENSMUSG00000025354",1267.30465613101,0.641007597536498,0.308769822443143,2.07600468356824,0.0378935178233445,0.141724337375619
"ENSMUSG00000025355",10.9497207252304,1.83878068688467,1.33971774848289,1.37251349320924,0.169903641306439,NA
"ENSMUSG00000025357",6586.29152447971,0.318998141639868,0.177478978313814,1.79738549697882,0.0722744415470797,0.210127310203789
"ENSMUSG00000025358",394.218963191315,0.182949729390571,0.298759551169776,0.61236445387015,0.540296654354812,0.723200057995574
"ENSMUSG00000025359",72.8783160072418,0.782751421865535,0.436448421904766,1.79345687274895,0.0728999007074452,0.21138618905635
"ENSMUSG00000025362",9381.02249841314,-0.630487489266488,0.284403069511282,-2.21688004405128,0.0266312897890962,0.113764174401563
"ENSMUSG00000025364",1736.13514107231,-0.221972120663373,0.214187262522465,-1.03634603687085,0.300040735905097,0.511098168950868
"ENSMUSG00000025366",2796.12418060458,0.467210273782473,0.222112134244806,2.103488291493,0.035423107718209,0.136424972314866
"ENSMUSG00000025369",431.035708347932,0.696815302463338,0.191828966764598,3.63248217522034,0.000280707971816804,0.0109675822190083
"ENSMUSG00000025370",0.197289175078177,-0.228553331302921,7.34980081959951,-0.0310965340303433,0.975192553777509,NA
"ENSMUSG00000025371",501.848676197656,-0.563078110335373,0.30356782615899,-1.85486755121561,0.0636151427078484,0.194836615353568
"ENSMUSG00000025372",179.071342216879,-0.206550174476133,0.239185782695491,-0.863555400945772,0.387832173106699,0.596224110600267
"ENSMUSG00000025373",120.478286060198,-0.634606365643435,0.29547964762897,-2.14771599579103,0.0317363238618228,0.127342473776624
"ENSMUSG00000025374",1074.22867931272,-0.78848539472161,0.354456161494829,-2.22449340814496,0.026115265523882,0.112092661616836
"ENSMUSG00000025375",1.73496965877144,1.17356059174062,3.87427858523799,0.302910739617999,0.761957886606127,NA
"ENSMUSG00000025377",88.6559578184801,0.0886214677470514,0.40104918336644,0.220974063587801,0.825112628055413,0.913905446229724
"ENSMUSG00000025380",1.370709442145,0.883001498425518,2.5846760070212,0.341629471557313,0.732629755139856,NA
"ENSMUSG00000025381",1490.02164299734,-0.0519912285432687,0.199852008455172,-0.260148641713203,0.794749118538942,0.895587669488993
"ENSMUSG00000025383",36.999613063254,0.0791693850978775,0.556757307923115,0.142197298483975,0.886924165605085,NA
"ENSMUSG00000025384",98.3041303876077,0.388674736982927,0.364225216526193,1.06712747867905,0.285914274940792,0.497587819065106
"ENSMUSG00000025386",196.117379669246,-0.302332740386293,0.309821038411827,-0.975830246829203,0.329148593131249,0.538732414186308
"ENSMUSG00000025389",19.489890957604,0.255767838951755,0.63213931164094,0.404606760316519,0.685766588515599,NA
"ENSMUSG00000025393",13588.6388345406,-0.191691822080851,0.162715442872033,-1.17808008076779,0.238764682321282,0.444145443121165
"ENSMUSG00000025395",1836.05443051399,-0.251980801833138,0.328888488241618,-0.766158776734139,0.443581833456961,0.644540118142299
"ENSMUSG00000025396",0.439085531648018,-0.496434490378168,7.17439893793956,-0.0691952726176027,0.944834185995006,NA
"ENSMUSG00000025400",1.17308939240709,0,5.17371105067818,0,1,NA
"ENSMUSG00000025401",2.21316476467599,-1.77670183324289,2.68931699065725,-0.660651696849124,0.508835707440167,NA
"ENSMUSG00000025402",171.690882288493,-0.298406563376922,0.401951319335405,-0.742394785195168,0.45784817817911,0.655749395117878
"ENSMUSG00000025403",892.506840317795,0.10591222912532,0.232555270038915,0.455428204691286,0.648801207957107,0.800674149894632
"ENSMUSG00000025404",192.949584456213,0.104808805590674,0.299030605303277,0.350495246078164,0.725967057253879,0.851065507703344
"ENSMUSG00000025405",0.119499139102637,-1.67179175652647,7.35012898328903,-0.227450669277694,0.820073324169557,NA
"ENSMUSG00000025407",6.94577472403725,0.826080378721865,0.99569064371105,0.829655660560364,0.406733497194775,NA
"ENSMUSG00000025408",821.842048416754,-0.563684348668793,0.259464566688324,-2.17249066361307,0.0298186731027581,0.122407634394005
"ENSMUSG00000025409",156.030157719047,0.317517508417375,0.391633090647252,0.810752502789316,0.417507815771893,0.622108043247688
"ENSMUSG00000025410",868.479538895353,0.0786411380766782,0.173845744164926,0.452361594782971,0.651008509467194,0.802196349549142
"ENSMUSG00000025413",536.093559044032,-0.203701528047663,0.206472200881601,-0.986580891654625,0.323848141554934,0.534488055763388
"ENSMUSG00000025417",177.840665566163,0.245956533872977,0.306022021309077,0.803721682579716,0.421557728935133,0.625768172419783
"ENSMUSG00000025418",0.175887703307431,0,7.3561311249555,0,1,NA
"ENSMUSG00000025420",12.6351665962353,1.37163248219844,0.980223114830159,1.39930640427317,0.161721119986435,NA
"ENSMUSG00000025421",438.964300351982,-0.259510225573831,0.219888788805663,-1.18018852613348,0.237925241460505,0.443167705264196
"ENSMUSG00000025422",61.9633720732479,0.295487857179105,0.419745914017747,0.703968394476405,0.481452456379694,NA
"ENSMUSG00000025423",337.63459816717,-0.177973213191616,0.218903590072175,-0.813020988522555,0.416206024703173,0.620636076963473
"ENSMUSG00000025425",0.163167113510029,0,7.35613112495549,0,1,NA
"ENSMUSG00000025427",8.23380853306833,0.966193390907026,1.01652754312416,0.950484221940081,0.341866267270441,NA
"ENSMUSG00000025428",7120.14937609103,-0.078082421125747,0.167174218636688,-0.467072146426118,0.640448261382624,0.79533053564915
"ENSMUSG00000025429",2.73991831563934,2.73375146598453,2.61479566345893,1.04549334549845,0.295795014559066,NA
"ENSMUSG00000025431",0.161348073345449,1.16066192445641,7.35570658655003,0.15779067731966,0.874621745047914,NA
"ENSMUSG00000025432",1.76102723709142,-0.654176540780944,2.96160212034194,-0.22088603201885,0.825181173646848,NA
"ENSMUSG00000025433",0.644414985815083,-0.233276761860098,6.120209452229,-0.0381158134669946,0.969595343148558,NA
"ENSMUSG00000025436",238.844122343822,-0.455132140613144,0.302341298867703,-1.50535881904873,0.132231850529284,0.307266535609302
"ENSMUSG00000025437",315.003867976491,0.40599670763999,0.267559491052592,1.51740723546296,0.129163898274377,0.30320235916462
"ENSMUSG00000025439",2728.41481080492,-0.655085752905695,0.261726362449985,-2.50294141856222,0.0123165928695816,0.0711351843141415
"ENSMUSG00000025451",244.780039308231,0.023140125703172,0.193191057537195,0.119778451436433,0.904658652294311,0.958336419570217
"ENSMUSG00000025453",181.452883785483,0.160516856193724,0.622969154321483,0.25766421191199,0.796666068412718,0.897134208961007
"ENSMUSG00000025461",19.4546813921409,0.803488484346603,0.996652858748237,0.806186905795623,0.420135087644222,NA
"ENSMUSG00000025464",235.096920341153,-0.13618730651022,0.363613204250045,-0.374538946656538,0.708003386354725,0.84049458540093
"ENSMUSG00000025465",1263.05151317576,-0.160632062936366,0.211100106295042,-0.760928384905025,0.446699843422978,0.647832739471264
"ENSMUSG00000025466",137.370497637442,-0.860179168031596,0.366729203268731,-2.34554314290939,0.0189993796160538,0.0928079306393268
"ENSMUSG00000025467",0.035583895638899,0,7.3561311249555,0,1,NA
"ENSMUSG00000025468",0.463578619702141,0,7.3561311249555,0,1,NA
"ENSMUSG00000025469",0.183906920713225,0.794390872876483,7.27840339286155,0.109143562124572,0.913088623667801,NA
"ENSMUSG00000025470",907.592835609547,-0.307425495037032,0.22208014815046,-1.38429975662998,0.166266688531375,0.353755104634662
"ENSMUSG00000025473",294.759164233253,-0.1532320558862,0.466479406119065,-0.328486217989843,0.742544063159842,0.861710268177394
"ENSMUSG00000025474",323.14201765052,0.30596926915216,0.217835526387856,1.40458847198038,0.160143686591956,0.345939760044031
"ENSMUSG00000025475",1.26562003104679,-3.04341851909126,5.02682945104636,-0.605435006046953,0.544889997342271,NA
"ENSMUSG00000025477",23.8512151116272,0.177611507470696,0.715090038371475,0.248376425261332,0.803843172104029,NA
"ENSMUSG00000025478",0.75307762885453,0.184798939027429,4.43125743526527,0.041703498775933,0.966735064769634,NA
"ENSMUSG00000025479",247.039016524679,0.510590213214585,0.4127158764878,1.23714701154628,0.216032509349583,0.416897455258374
"ENSMUSG00000025480",16.747106568206,-0.266700382303563,2.00481455714737,-0.133029951001078,0.894169693534674,NA
"ENSMUSG00000025481",0.0948751955936346,0,7.3561311249555,0,1,NA
"ENSMUSG00000025482",0.14737326822737,1.77410824132918,7.29546366289542,0.243179641939998,0.807866236948545,NA
"ENSMUSG00000025484",1081.12600096229,-0.395400586403845,0.170559443512346,-2.31825678051784,0.0204353697854558,0.096780772093851
"ENSMUSG00000025485",677.711828754796,-0.0728925969191024,0.178740195684323,-0.40781312026669,0.683410880434447,0.82676741562777
"ENSMUSG00000025486",338.731923995901,0.448206618720941,0.225814404914555,1.984845116017,0.0471617062227051,0.162493365636612
"ENSMUSG00000025487",1538.30243509499,-0.538475998447027,0.192264557557925,-2.80070339165239,0.0050991362949334,0.0426437921111816
"ENSMUSG00000025488",0,NA,NA,NA,NA,NA
"ENSMUSG00000025489",0.323472746896224,-1.65492901227955,7.34970162066169,-0.225169550778383,0.821847376179314,NA
"ENSMUSG00000025491",1988.89968237661,-0.390301699551901,1.11740122251132,-0.349294140447343,0.726868497012593,0.851290492746847
"ENSMUSG00000025492",924.786592284947,-1.34087282508798,0.352750972123179,-3.8011881782136,0.000144003881917347,0.0083645676264846
"ENSMUSG00000025494",487.384458948976,-0.126225296575375,0.232768191791567,-0.542278975507119,0.587626336915972,0.75716668444242
"ENSMUSG00000025495",116.865006855938,0.460065732138614,0.494547710093609,0.930275730225365,0.35222834041199,0.561344427454962
"ENSMUSG00000025496",0.289393479690396,0.919569012690755,7.35022262646794,0.125107640873273,0.900438334284642,NA
"ENSMUSG00000025497",0.536314306101022,3.42213322150845,7.23841681511807,0.472773716810702,0.636374627470898,NA
"ENSMUSG00000025498",600.303543535124,-0.669853175327773,0.311774294366972,-2.14851957788196,0.0316725028115071,0.127217671796728
"ENSMUSG00000025499",1072.52460746812,-0.574495983580887,0.309727264721096,-1.85484472636986,0.0636184029865016,0.194836615353568
"ENSMUSG00000025500",17.7800905764563,-0.949100146842702,0.811852479180534,-1.16905493446384,0.242381499097161,NA
"ENSMUSG00000025503",4616.99481145838,-0.134278284744968,0.247926610722855,-0.541604970734953,0.58809066680815,0.757528829997206
"ENSMUSG00000025504",0.337273337480868,-0.134146122032955,7.21558826850493,-0.0185911552933923,0.985167258671508,NA
"ENSMUSG00000025505",1178.84377255621,0.0786991468500962,0.195844895093846,0.401844259521724,0.687798647038024,0.829841282310615
"ENSMUSG00000025507",154.387234872687,0.956799796785143,0.368159188245923,2.59887523476942,0.00935297606541371,0.060240301747414
"ENSMUSG00000025508",17326.0450571269,-0.637708294531614,0.262134586229458,-2.43275144918648,0.0149845830874023,0.0799308094457881
"ENSMUSG00000025509",417.522808196355,-0.501878167617945,0.286865484786135,-1.74952440859906,0.0802004133868166,0.224520273669975
"ENSMUSG00000025510",51.8883378285262,-0.675175502701704,0.467230741552333,-1.4450579609948,0.148441605845923,NA
"ENSMUSG00000025511",135.783634440381,0.276883663685496,0.516634131414465,0.535937613969544,0.592001667508756,0.760485572881618
"ENSMUSG00000025512",239.428974239913,0.328578350403683,0.271696938541479,1.20935610157241,0.226526066050667,0.428967464159165
"ENSMUSG00000025515",2.06375104879828,-4.08146847598387,7.250421034619,-0.562928477738858,0.573483587544159,NA
"ENSMUSG00000025519",0.639625450526142,2.267956287386,7.22930076724283,0.313717240491984,0.753735805346414,NA
"ENSMUSG00000025521",1695.93872824214,-0.530366370322366,0.257504996019596,-2.05963526347273,0.0394334224225069,0.145174505448404
"ENSMUSG00000025525",842.72275870266,-0.97316346836469,0.34320208293769,-2.83554068213908,0.00457481881155837,0.0405579228271341
"ENSMUSG00000025527",0.081538791493921,0,7.3561311249555,0,1,NA
"ENSMUSG00000025528",0.0761971537362566,1.14851774671221,7.35604485685083,0.156132509937398,0.875928573366407,NA
"ENSMUSG00000025529",0.476227107280586,-3.94338733324378,7.24520617140765,-0.544275378774712,0.586251987207361,NA
"ENSMUSG00000025531",526.880799778122,-0.12675168368858,0.255212971087499,-0.496650633188717,0.619435440761346,0.780905898055228
"ENSMUSG00000025532",1097.33354219347,-0.647464984307123,0.285097090716448,-2.27103329143081,0.0231449626839145,0.103852907912163
"ENSMUSG00000025533",429.409639919429,-0.241238555114638,0.255861704732057,-0.942847447089696,0.345758938712624,0.554392657478177
"ENSMUSG00000025534",655.684764959334,-0.15558811215648,0.160538166063353,-0.969165874830541,0.332462434441625,0.541271976477074
"ENSMUSG00000025537",206.69950385953,0.413481593433097,0.40543883531172,1.01983716758458,0.307805692695682,0.519239797687624
"ENSMUSG00000025538",1005.39246018373,0.135860726942546,0.27051966252499,0.502221264341537,0.615511886651012,0.778494804665556
"ENSMUSG00000025544",3189.91745652094,0.519644548200457,0.24507377801217,2.12035964196321,0.033975727452193,0.132651454108653
"ENSMUSG00000025545",540.733056343098,-0.828477731763902,0.352105001788431,-2.3529280400899,0.0186262382833843,0.0916934090793096
"ENSMUSG00000025551",0.530126123267428,-1.70819277917277,7.35104967878694,-0.232373994710188,0.816247545372312,NA
"ENSMUSG00000025555",113.408803227266,0.0722989096130987,0.613828372401639,0.11778359043624,0.906239131968529,0.959107730210265
"ENSMUSG00000025557",22.2502965705306,1.33372162704089,0.608488836455979,2.19185882654625,0.0283897018700734,NA
"ENSMUSG00000025558",158.539205931531,0.207148728558301,0.260701339184779,0.794582525759402,0.426856386382098,0.62996049259287
"ENSMUSG00000025571",881.363682902592,0.457816353389842,0.268789458300062,1.70325263604186,0.0885208001497836,0.238752553746415
"ENSMUSG00000025572",773.892478761562,0.36352576189768,0.230169841816353,1.57938050888408,0.114248805332672,0.281161724610027
"ENSMUSG00000025573",1.82022444504467,-0.830518731083616,2.30601497305133,-0.36015322571157,0.718732551287602,NA
"ENSMUSG00000025574",2008.74619648826,0.866706664962223,0.343043901078198,2.52651821600133,0.0115199414097437,0.0682813247226962
"ENSMUSG00000025575",327.423044497867,-0.0366428113992369,0.250591961123519,-0.146225007518,0.883743764592089,0.947440697868302
"ENSMUSG00000025576",1.127010209983,-1.42410552309206,3.22124475767102,-0.442097893896675,0.658418368377838,NA
"ENSMUSG00000025577",36.5881301316804,0.614525064947769,0.559853047555897,1.09765422842753,0.272355503615628,NA
"ENSMUSG00000025578",115.251178227125,-0.460490621159594,0.504662978928504,-0.912471570903226,0.361520528436258,0.570447399522621
"ENSMUSG00000025579",97.1724051994168,0.193211009615421,0.42901260948327,0.450362076415741,0.652449385228876,0.803270914558157
"ENSMUSG00000025580",4302.64275783633,-0.538476142463252,0.146748344396512,-3.66938478711759,0.000243134883572204,0.0103149713481169
"ENSMUSG00000025582",0.6385658983715,0,7.3561311249555,0,1,NA
"ENSMUSG00000025583",197.442046925953,0.40254331532407,0.276893222043914,1.45378537023282,0.146005820766806,0.326309640126582
"ENSMUSG00000025584",60.2871300081274,0.321987635170832,0.312498654025176,1.03036487045122,0.302838757527547,NA
"ENSMUSG00000025586",0.671077357209912,-1.75495946714468,5.14408283749902,-0.341160809921544,0.732982524462842,NA
"ENSMUSG00000025588",0.301984428480139,0,7.3561311249555,0,1,NA
"ENSMUSG00000025591",418.022580322389,-0.299985977520432,0.210482271418993,-1.42523156700105,0.154090274242592,0.338184360765547
"ENSMUSG00000025592",4.8898863536519,-0.939958006283257,1.644922344375,-0.5714300188684,0.567708185273762,NA
"ENSMUSG00000025597",1.29165802037621,-0.41406193620134,3.48862819814377,-0.118689041274635,0.905521718969833,NA
"ENSMUSG00000025602",63.4868388716492,0.601369840513354,0.537635411224222,1.11854581740441,0.263333949664625,NA
"ENSMUSG00000025607",206.464827706997,0.0211165101491122,0.308599635151121,0.0684268798269042,0.945445824964547,0.98035581451532
"ENSMUSG00000025608",2.05384299605952,1.24100918263545,2.70021373781173,0.459596647945793,0.645805765625644,NA
"ENSMUSG00000025609",1719.14912014154,-0.0756126079001703,0.330764859643267,-0.228599277389138,0.819180386257183,0.909842485185647
"ENSMUSG00000025610",0.0758724572246113,1.15653088096607,7.35597998632409,0.157223222890252,0.875068926685496,NA
"ENSMUSG00000025612",140.707640708339,-0.227342264838747,0.28714875629688,-0.791722965373738,0.428522228519499,0.63138205826729
"ENSMUSG00000025613",6925.55760829918,-0.706609601628604,0.282663258402524,-2.49982826074397,0.0124253525387458,0.0714362673063497
"ENSMUSG00000025616",1152.9595515382,0.447762713429149,0.217303423030679,2.0605414640244,0.0393468061791052,0.145012409399677
"ENSMUSG00000025626",1093.12510728221,-0.552080200986891,0.257121483349782,-2.14715703174384,0.031780782179057,0.127445449022304
"ENSMUSG00000025630",9334.19022022938,-1.00526622709747,0.325461144002497,-3.08874421915556,0.00201004411873656,0.0274143242877897
"ENSMUSG00000025645",209.675985168189,-0.424010851582003,0.303943652578887,-1.39503111180107,0.163006457856651,0.349721462053612
"ENSMUSG00000025646",3301.70016621024,0.464045472212993,0.291668760437646,1.59100162635415,0.111609209757231,0.276713578743474
"ENSMUSG00000025647",13704.4074190343,-0.182494638052189,0.268693682773799,-0.679192142398907,0.497016125352203,0.687518107907434
"ENSMUSG00000025648",17.1705242048612,1.24098558763598,0.82969635119296,1.49571055224198,0.134729099275138,NA
"ENSMUSG00000025650",11.9953334803481,2.11591940049134,1.93629516216691,1.09276697160334,0.274496126568458,NA
"ENSMUSG00000025651",2387.83400916794,-0.449300709619923,0.244191675476322,-1.83995096779411,0.0657754362389575,0.19867521710236
"ENSMUSG00000025652",0.17489905546815,2.82180583500335,7.26271659461618,0.388533105793381,0.697621559666866,NA
"ENSMUSG00000025656",21.8640449674341,1.60404355568158,1.02937063461911,1.5582760006313,0.119167835530079,NA
"ENSMUSG00000025658",1.27857186791974,0.408718523691173,2.7877210163922,0.146613854574346,0.883436817494784,NA
"ENSMUSG00000025665",8.40457422171945,-1.70297349451218,2.48359260437375,-0.685689549692306,0.492908898073571,NA
"ENSMUSG00000025666",2.77758547244094,0.685410116791922,1.59900134647336,0.428648867809657,0.668178776765653,NA
"ENSMUSG00000025701",2.95399576238142,1.61571568409563,2.80144267742466,0.576744152973689,0.564112300940797,NA
"ENSMUSG00000025702",14.3906494472841,-0.397564630366457,1.08164007625482,-0.367557230075116,0.713203411021226,NA
"ENSMUSG00000025716",0.479915395159603,0.18161074671101,7.14158513513505,0.0254300331473365,0.979711955862265,NA
"ENSMUSG00000025722",292.180608460491,-0.263087242107935,0.329743148103525,-0.797855068774126,0.424954599971645,0.62795384753162
"ENSMUSG00000025723",404.678697702407,0.198419384307927,0.282467906100778,0.702449304938508,0.482399006290994,0.676258231383572
"ENSMUSG00000025724",7172.73172086308,-0.421043364087142,0.154302997783422,-2.72867909331297,0.00635885507990825,0.0482034374730775
"ENSMUSG00000025726",0.266146197795985,-1.6655945553945,7.26757543897737,-0.22918159837208,0.81872777435488,NA
"ENSMUSG00000025727",0.364625813452013,-1.67234450511018,7.35014129012049,-0.227525490885192,0.820015150086492,NA
"ENSMUSG00000025728",332.44232794841,0.0672641871250743,0.180681243232204,0.372280962438525,0.709683671391548,0.84099891966397
"ENSMUSG00000025730",100.550941841703,-0.470135740992143,0.440925389663825,-1.0662478324294,0.286311624824674,0.497747170487496
"ENSMUSG00000025731",1197.60399769207,-0.540868296203976,0.239749940586158,-2.25596842644308,0.0240726085583764,0.106494510952435
"ENSMUSG00000025732",143.673265337368,-0.445759569052535,0.398892737197495,-1.11749231681758,0.263783882866729,0.47332224357552
"ENSMUSG00000025733",312.631906352216,0.329669980080209,0.224356767523884,1.46940065021713,0.141724151074254,0.320399992243956
"ENSMUSG00000025735",13.7637436678468,-0.239391553943455,0.703765388255623,-0.340158180465253,0.733737409484758,NA
"ENSMUSG00000025736",374.354741379691,-0.0208652363737626,0.219104404203044,-0.0952296529577141,0.924132417355933,0.968413094719127
"ENSMUSG00000025737",166.376838648738,0.100520657416297,0.249668156911208,0.402617052410276,0.687229963016815,0.829357610111247
"ENSMUSG00000025738",0.988597803962854,2.56454514524631,2.91815093867917,0.878825392906882,0.379495955871553,NA
"ENSMUSG00000025739",0.868956384541492,-2.62601689387337,7.32791874605758,-0.358357807295034,0.720075562630195,NA
"ENSMUSG00000025742",702.781349669188,-0.615078774275037,0.237056189009901,-2.59465393771832,0.00946862017695842,0.0606986449087121
"ENSMUSG00000025743",21.4108353013942,0.928261409355319,0.771040221175872,1.20390789463574,0.228625180098973,NA
"ENSMUSG00000025745",694.839665092267,0.220915703847434,0.150371222759439,1.46913551538282,0.141796036447094,0.320399992243956
"ENSMUSG00000025746",2.69510628551293,-1.48826985225495,1.96844561503777,-0.756063485262404,0.449611133399242,NA
"ENSMUSG00000025747",5821.58292411866,-1.23598128167344,0.304770819235814,-4.05544495622172,5.00389555575259e-05,0.00562085313279708
"ENSMUSG00000025754",2.65891911087724,0.280480512852755,1.739021005131,0.161286443363935,0.871867800101783,NA
"ENSMUSG00000025757",493.766287759324,0.488697829934691,0.342071941438485,1.42864050140919,0.153107586946863,0.336775366481917
"ENSMUSG00000025758",1345.4372219829,0.196162038957235,0.287233694592478,0.68293533331995,0.494647705835872,0.685274026996518
"ENSMUSG00000025759",237.515248937951,0.615565740701784,0.306629950276991,2.00751994430329,0.0446943291745392,0.157322484120035
"ENSMUSG00000025762",352.347624825651,-0.323393731085411,0.218697562750896,-1.47872581211052,0.139213610699304,0.317079848332401
"ENSMUSG00000025764",376.27293706843,-0.121184508408474,0.251250512993844,-0.482325416829867,0.629574794358543,0.787035166362561
"ENSMUSG00000025766",184.839357808062,-0.546895802155904,0.398232848118877,-1.37330660878243,0.169657048943892,0.358002663553752
"ENSMUSG00000025774",2.74500300046933,-1.49284136802109,2.40588263447371,-0.620496339526408,0.53493106320301,NA
"ENSMUSG00000025776",2.0803067190314,0.646486247810636,1.72869861510564,0.373972792111671,0.708424558647469,NA
"ENSMUSG00000025777",20.4551396819127,0.0315041285434604,0.74307466705045,0.0423969890785167,0.966182228560186,NA
"ENSMUSG00000025779",183.76303419477,-1.37559154845297,0.378409421925013,-3.63519370489026,0.000277771844401294,0.0109393413621785
"ENSMUSG00000025780",89.6568935034935,0.0275477410300785,0.536920362636504,0.0513069403715806,0.959080937773675,0.98665750091066
"ENSMUSG00000025781",10172.0370756522,-0.782773037333537,0.264470591808532,-2.95977345526659,0.00307865341216347,0.0332232412437073
"ENSMUSG00000025782",369.405984092809,0.305159502036649,0.230649141319348,1.32304633908928,0.185819968097708,0.379510410050794
"ENSMUSG00000025783",0.0827446503793021,0,7.3561311249555,0,1,NA
"ENSMUSG00000025784",1.15905148011264,2.14777021834132,3.11333376238608,0.689861859428542,0.490281063026214,NA
"ENSMUSG00000025785",2693.80223672697,-0.747117973736735,0.278408964276979,-2.68352700379811,0.00728500917297376,0.0516958475770607
"ENSMUSG00000025786",732.118449696464,-0.226426224340948,0.177773513933901,-1.27367805996757,0.202777535085232,0.399532775427053
"ENSMUSG00000025787",5.66229030773722,0.0161660887471429,1.43655108876977,0.0112534032889754,0.991021272769273,NA
"ENSMUSG00000025789",0.421974485389697,-0.691596004819684,7.19560358041917,-0.0961136890172312,0.923430279378411,NA
"ENSMUSG00000025790",999.899472007128,0.28774995594504,0.211841901188363,1.35832408192552,0.174360872069374,0.364717560122423
"ENSMUSG00000025791",484.495697313293,0.0511999763261306,0.218273749267357,0.234567722861705,0.814544264040904,0.906900389378209
"ENSMUSG00000025792",102.884298880489,-0.67275782598638,0.506636260399844,-1.32789118855297,0.184214056064679,0.377534502343343
"ENSMUSG00000025793",54.8833461104486,-2.78799500197269,4.54499643410453,-0.613420723733086,0.539598186652306,NA
"ENSMUSG00000025794",16256.118274549,-0.730943031994352,0.215113424570249,-3.39794242713871,0.000678947067514693,0.0162897858310261
"ENSMUSG00000025795",172.227600144945,0.214670660977731,0.250057754053249,0.858484320114374,0.390625085016198,0.598562853105739
"ENSMUSG00000025804",18.2958720112996,0,2.18875099115067,0,1,NA
"ENSMUSG00000025808",12.5521693223364,1.60065419499337,1.01802384120825,1.57231503841169,0.115877507099986,NA
"ENSMUSG00000025809",4068.11861018394,0.697057707811458,0.221648291878313,3.1448819294044,0.00166153873000248,0.0248369095207522
"ENSMUSG00000025810",320.266888642703,0.822010633100775,0.42576667026773,1.93065989074222,0.0535251261416572,0.174683645313704
"ENSMUSG00000025812",3.20721647903238,-0.237070793858278,1.81267143239314,-0.130785309252262,0.895945144686593,NA
"ENSMUSG00000025813",12.4643733456421,1.61193203514751,0.987350632856624,1.63258317917297,0.10255669132177,NA
"ENSMUSG00000025815",178.903394247204,0.410793909062209,0.367619615488594,1.1174428451437,0.263805024452933,0.47332224357552
"ENSMUSG00000025816",215.52776840813,0.502968398398714,0.336499229933003,1.49470891359501,0.134990426984497,0.311407321059919
"ENSMUSG00000025817",1581.85590484733,-0.761533798957392,0.307719132230703,-2.47476909686088,0.0133322340946186,0.074457137867404
"ENSMUSG00000025821",106.233592290258,0.303165012325831,0.374568391287633,0.809371584408546,0.418301441847596,0.622821170758169
"ENSMUSG00000025823",717.985537769431,0.538504013153826,0.341999294044377,1.57457638811369,0.115354256565512,0.282806752517383
"ENSMUSG00000025825",2108.98522923124,-0.494408067910446,0.209904881737755,-2.35539099337449,0.0185032249548772,0.0912696500394016
"ENSMUSG00000025838",2.58201414604823,-0.227530731056151,1.97002418911596,-0.115496414873086,0.90805166197887,NA
"ENSMUSG00000025839",1.84962383926725,2.90893582967876,2.19056475968775,1.32793875041311,0.184198341927775,NA
"ENSMUSG00000025854",1.66836130836589,2.6069294069292,3.5635221227548,0.731559765065776,0.464437313659608,NA
"ENSMUSG00000025855",11.2584945704565,0.577101818742042,0.815060103463933,0.70804817496208,0.478915341313249,NA
"ENSMUSG00000025856",1.08849721675878,0.0801494438390085,3.8700277908759,0.020710301881545,0.983476751070228,NA
"ENSMUSG00000025857",236.699721349598,-0.374789194346609,0.403737218880822,-0.928299836674808,0.353252058782127,0.562462566152768
"ENSMUSG00000025858",1283.22022286579,-0.0542092934992161,0.27433861318504,-0.197599939978745,0.843358081767722,0.925362930211337
"ENSMUSG00000025860",898.13038904327,0.202446725511501,0.233378871137737,0.867459528467855,0.385690277499364,0.594781340574292
"ENSMUSG00000025862",1833.40403753261,0.519370565288608,0.291754290382075,1.78016427661938,0.0750490798466696,0.215031928778067
"ENSMUSG00000025867",9.47188027031927,1.72241763133353,0.982223991251199,1.7535894527881,0.0795008795799421,NA
"ENSMUSG00000025868",3085.11349577678,-0.677629115880709,0.232637783057003,-2.91280765736437,0.00358195157610104,0.0358581605367699
"ENSMUSG00000025869",1241.67576677729,-0.694331747750962,0.288740646089742,-2.40469001214037,0.0161861891793198,0.0839016675603439
"ENSMUSG00000025870",22.5855413360282,-0.809375351459384,0.674882359928383,-1.19928360780577,0.230417686793598,NA
"ENSMUSG00000025871",610.392281107191,-0.183367574072648,0.184230704514037,-0.995314947941682,0.319583109913295,0.530813738481543
"ENSMUSG00000025872",840.073351498009,-0.440083938165579,0.207920308410775,-2.11659910246061,0.0342938863663989,0.133567796190644
"ENSMUSG00000025873",598.466412627815,0.271799898226216,0.278416364590329,0.976235353931697,0.328947847193736,0.538620087710797
"ENSMUSG00000025875",11.8613146038403,0,2.20124034458699,0,1,NA
"ENSMUSG00000025876",5.70525257786586,-1.16206259248057,1.19230329557112,-0.974636736136784,0.329740484351019,NA
"ENSMUSG00000025877",13.4230931419309,3.12938563258053,1.9066562009745,1.64129518000209,0.10073615616353,NA
"ENSMUSG00000025878",1254.83983533339,-0.24629394795836,0.145701580216496,-1.69039997776548,0.0909514593188703,0.242791027644351
"ENSMUSG00000025880",354.154262006284,-0.01644806768362,0.252157882862257,-0.0652292424766466,0.947991478572403,0.98136021924545
"ENSMUSG00000025885",9.13974097941811,-0.883657979758223,1.95820756986186,-0.451258586351272,0.651803189128421,NA
"ENSMUSG00000025887",2.14482716311523,0,3.31380324389095,0,1,NA
"ENSMUSG00000025888",1075.79058736217,-1.26310932925121,0.377370698322032,-3.34713144096134,0.000816524843400148,0.0179033100053521
"ENSMUSG00000025889",4.34848624420787,-3.86679035172361,2.39157166534536,-1.6168406775154,0.105912676325952,NA
"ENSMUSG00000025892",0.767226738459091,0.629187133710598,5.40346715042218,0.116441372954667,0.907302747507278,NA
"ENSMUSG00000025893",473.856803601529,-0.816055102286031,0.279572689772109,-2.91893712133052,0.00351227061838559,0.0354635291754255
"ENSMUSG00000025894",700.794084679589,-0.50127578051458,0.225968663701584,-2.21834201390228,0.026531521570996,0.113386982589406
"ENSMUSG00000025898",648.552609680606,0.617762388480156,0.284200763543646,2.17368307100021,0.0297289448975997,0.122140739947121
"ENSMUSG00000025899",382.70664412572,0.541295538720479,0.230777349154387,2.34553148610074,0.0189999737362934,0.0928079306393268
"ENSMUSG00000025900",1.14127840087421,-0.330269829382533,4.03142819510725,-0.0819237782241454,0.934707325704017,NA
"ENSMUSG00000025902",0.182961218710302,2.74770218503639,7.26103826611363,0.378417257193035,0.705120650309361,NA
"ENSMUSG00000025903",1721.60070601814,-0.61402044277537,0.242870235215317,-2.52818317662932,0.0114654515157137,0.068184091102243
"ENSMUSG00000025905",1.62716426901913,-0.120939075423005,2.26939149273105,-0.0532914112925766,0.957499723274876,NA
"ENSMUSG00000025907",670.77511344509,0.695243287588882,0.264916116924387,2.62439030007117,0.008680425013196,0.0573953185655134
"ENSMUSG00000025909",2.10933209970187,-0.165629160138089,2.18931417405847,-0.0756534453120776,0.939694815049157,NA
"ENSMUSG00000025911",3.4993639266131,0.350655971361328,1.55281307304738,0.225819821746587,0.821341559730526,NA
"ENSMUSG00000025912",43.974048522972,-0.868723022212288,0.99640216004346,-0.871859834360854,0.38328484786523,NA
"ENSMUSG00000025915",291.416588563592,0.745893529002996,0.32428848474028,2.30009255370376,0.0214429770569061,0.0992340019698113
"ENSMUSG00000025916",1.11529856406686,-2.78358142417279,2.91935640708065,-0.953491467304728,0.340341117397782,NA
"ENSMUSG00000025917",1810.59034452448,-0.71127688572519,0.241011941898839,-2.95121013556971,0.00316531490247183,0.0336019133360666
"ENSMUSG00000025920",15.4853354968119,-0.336616059098148,1.10611822971844,-0.304321952259871,0.760882622304072,NA
"ENSMUSG00000025921",106.688054472233,-0.123196297090586,0.335775721631987,-0.366900550438276,0.713693200854442,0.843208652388929
"ENSMUSG00000025922",2.67239560970481,-2.57869539179992,2.47483936192499,-1.04196475596466,0.297428019359538,NA
"ENSMUSG00000025925",1467.42093343367,0.224249241449278,0.198332998638658,1.1306703523292,0.258193864357652,0.46744438629586
"ENSMUSG00000025927",1.6900467137358,0.472704838080472,2.1357752045264,0.221327055899261,0.824837784750897,NA
"ENSMUSG00000025929",0.15967228623161,0,7.3561311249555,0,1,NA
"ENSMUSG00000025930",56.8079016801962,-0.302038890579889,1.48779122213413,-0.203011609482839,0.839125958102599,NA
"ENSMUSG00000025931",11.0174687623671,0.00760675406598403,0.85078789657205,0.0089408348386628,0.992866340964036,NA
"ENSMUSG00000025932",1.73708067325254,2.15566554739359,3.20055695121325,0.673528257816637,0.500611277602294,NA
"ENSMUSG00000025933",52.2871337583047,-0.596862983976181,0.418725282170862,-1.42542857904775,0.154033351746886,NA
"ENSMUSG00000025934",6.72692701308735,0.613105553569531,1.09786218082009,0.558454024813525,0.576534390526023,NA
"ENSMUSG00000025935",4074.53410726032,0.0348338864137037,0.118374387398743,0.294268778738141,0.768552527949598,0.879017359434733
"ENSMUSG00000025936",15.0675235627033,-0.335847215302276,0.975175594074426,-0.344396657733257,0.730548002055966,NA
"ENSMUSG00000025937",663.528785301905,-0.810562549959857,0.397242387076966,-2.04047346488936,0.0413031913143283,0.149438920103891
"ENSMUSG00000025938",4.39664297669535,-0.0418429173491438,1.20356621926461,-0.0347657791315465,0.97226650842337,NA
"ENSMUSG00000025939",664.44515177887,-0.369752179241983,0.237102183522455,-1.55946340834505,0.118886738708227,0.287544754619728
"ENSMUSG00000025940",904.384119116646,-0.457378800268256,0.230612134818438,-1.98332494787559,0.0473311444551734,0.162906811608422
"ENSMUSG00000025945",0.081236158750911,0,7.3561311249555,0,1,NA
"ENSMUSG00000025946",0.312223490423921,0,7.3561311249555,0,1,NA
"ENSMUSG00000025949",356.761171726675,0.0793301307082202,0.24748238448981,0.320548595294007,0.748552498349196,0.865759221672027
"ENSMUSG00000025950",206.523935469328,-0.00299821499089347,0.420733197110794,-0.00712616691880375,0.994314189560869,1
"ENSMUSG00000025952",0.0355187493373064,1.16171280725677,7.35565536667627,0.157934643392857,0.874508299155349,NA
"ENSMUSG00000025955",25.321291436451,0.536229300694649,0.672652292857285,0.797186460804081,0.425342748025854,NA
"ENSMUSG00000025956",267.121667494836,-0.126862779588385,0.274868773888847,-0.461539438596567,0.644411632953602,0.797946760835069
"ENSMUSG00000025958",1380.80188299354,0.725626180850973,0.231449625362442,3.1351365538599,0.00171774131969535,0.0251022194647527
"ENSMUSG00000025959",493.883573358891,0.313733147135996,0.221007993528572,1.41955565555341,0.155737083094497,0.33998698462657
"ENSMUSG00000025961",0.0380762098104571,-1.67431590235222,7.3501929692546,-0.227792101425878,0.819807867435575,NA
"ENSMUSG00000025962",330.208439972538,0.36776975950096,0.269458104627711,1.3648495004783,0.172300357042568,0.361457773634505
"ENSMUSG00000025963",0.109363596587786,0,7.3561311249555,0,1,NA
"ENSMUSG00000025964",3.6808435506052,-0.8727119506966,1.39403159245435,-0.626034557193997,0.531292275110493,NA
"ENSMUSG00000025967",9630.34097565508,-0.517501406362298,0.207595391144231,-2.49283668346353,0.0126727120662438,0.0724126741347613
"ENSMUSG00000025968",1232.10308362132,0.192368356165598,0.155543402729506,1.23675033971149,0.216179783668671,0.416963348598012
"ENSMUSG00000025969",23.5013452149554,-0.423277488990452,0.575920320075224,-0.734958420871773,0.462364817037,NA
"ENSMUSG00000025971",561.737959006224,-0.423376304694129,0.185868649938734,-2.27782525365995,0.0227369910785243,0.102721735288488
"ENSMUSG00000025977",13.7988625083238,-0.00521595295473808,0.903516033417054,-0.00577295007705796,0.995393877847913,NA
"ENSMUSG00000025978",44.4070024998558,0.193804916680418,0.660985460099408,0.293206020978541,0.769364682165316,NA
"ENSMUSG00000025979",2399.82876496087,-0.847033272770159,0.347683391653025,-2.43622011607464,0.0148416500541938,0.0796037497480771
"ENSMUSG00000025980",3178.29267029483,-0.461416042491468,0.164393849354768,-2.80677193400171,0.00500406563068378,0.0422779391105207
"ENSMUSG00000025981",725.068962390408,-0.527820329667484,0.316430699143273,-1.66804400172468,0.0953069922122825,0.249697751926428
"ENSMUSG00000025982",10147.0547728249,0.185906676284093,0.253957228376118,0.732039318088479,0.464144569859032,0.661581697628916
"ENSMUSG00000025983",2.3567353286109,0.861133983994703,2.39211000067849,0.359989291358029,0.718855141729058,NA
"ENSMUSG00000025986",246.727115850335,0.532372065783154,0.414833622701238,1.28333875715413,0.199373419867763,0.39566477723205
"ENSMUSG00000025991",0.269223157652062,0.772823897502478,7.27882686144032,0.106174238268604,0.915444110276028,NA
"ENSMUSG00000025993",33.6463864671237,-1.56947368774368,1.17564843036897,-1.33498556813546,0.181881069923621,NA
"ENSMUSG00000025995",685.661212962318,0.25105269816555,0.300575930847017,0.83523886113598,0.403583233319234,0.60871888965737
"ENSMUSG00000025997",316.494948220225,1.17071063929295,0.405892659192009,2.88428630767413,0.00392301907073473,0.0376130392960357
"ENSMUSG00000026000",618.649095189407,0.443986256331256,0.282793594357972,1.5700011074835,0.116414853626768,0.284225763288949
"ENSMUSG00000026003",1249.61062209945,0.803926181559394,0.239243954393366,3.36027793721205,0.000778640973474608,0.0176076560237511
"ENSMUSG00000026004",150.065542971048,0.348746392475027,0.349896365271078,0.996713390277262,0.318903648250062,0.530254426064233
"ENSMUSG00000026005",628.169315092945,-0.581931317908557,0.215222219031816,-2.7038626426509,0.00685386145175051,0.0501080563038615
"ENSMUSG00000026009",3103.41780937408,0.213403350409945,0.221773127061157,0.962259734702192,0.33591914970511,0.544624413457219
"ENSMUSG00000026011",1607.96939923862,0.357916359758199,0.271297572016544,1.31927594153468,0.187076877883567,0.381289677913209
"ENSMUSG00000026012",2730.167638142,0.57517588547362,0.375980719388268,1.52980154516819,0.126065859033246,0.2982445098737
"ENSMUSG00000026014",445.711691880188,0.88034670277767,0.280412656860068,3.13946849844578,0.001692546111955,0.0249535210838113
"ENSMUSG00000026017",149.599942933881,0.332877344919647,0.309139323106973,1.07678745484107,0.281575231136328,0.492632063678337
"ENSMUSG00000026018",26.8172456400073,2.3780250302748,0.967084041069367,2.4589641947201,0.0139338513680855,NA
"ENSMUSG00000026019",1499.56250480447,0.250112468079768,0.290224207577527,0.861790510748337,0.388802807679269,0.597159066797634
"ENSMUSG00000026020",2192.03478220732,-0.315109557467404,0.218722220106319,-1.4406837920456,0.149674035899909,0.332474690010441
"ENSMUSG00000026021",10310.9800942679,-0.982498587175523,0.285329567373547,-3.44338161733256,0.00057448804389811,0.0149912463202443
"ENSMUSG00000026023",15.8623780608297,0.772566159644259,0.959673436193974,0.805030263949188,0.420802215794897,NA
"ENSMUSG00000026024",167.038823947066,0.243289056810027,0.316311763669448,0.76914324648472,0.441808277493368,0.643097455900742
"ENSMUSG00000026027",179.081048744202,-0.320285895864736,0.316615306582361,-1.01159321487643,0.311732591431849,0.522984834181901
"ENSMUSG00000026028",481.347563622306,0.469986684999695,0.180925656986851,2.59767847649078,0.00938563307192286,0.060338882971009
"ENSMUSG00000026029",1910.53858118552,-0.124663540041019,0.164972728890525,-0.755661501627609,0.449852171729678,0.650052785679534
"ENSMUSG00000026031",2236.35030965825,-0.38692280236941,0.199955230402984,-1.9350471682567,0.0529845077706587,0.173657778286791
"ENSMUSG00000026032",5039.97708138944,-0.816474080410959,0.233027536343261,-3.50376652143055,0.000458727359187397,0.0134640666334825
"ENSMUSG00000026034",4151.6423463381,0.221017438288396,0.259791665713534,0.85074876317282,0.39490892903901,0.602047310849879
"ENSMUSG00000026035",1301.05553876735,-0.468728519525258,0.215690098415858,-2.17315733530583,0.0297684776540229,0.122252347989205
"ENSMUSG00000026036",1412.60446000874,-0.445698737293489,0.227645860858212,-1.95786005338832,0.0502464363813667,0.168653997836947
"ENSMUSG00000026037",642.05578399116,0.517298819159459,0.25925114374877,1.99535790538596,0.0460038585583585,0.159953620066611
"ENSMUSG00000026039",508.11882428527,-0.0584453471202475,0.530718749671457,-0.110124896013997,0.912310324072903,0.962245181249079
"ENSMUSG00000026042",1.35096523458434,4.60778017135052,4.86304404301511,0.947509446880039,0.343379244736146,NA
"ENSMUSG00000026043",0.439898470233494,-1.42696316463439,7.19140410381029,-0.19842622442512,0.842711601219476,NA
"ENSMUSG00000026047",149.489500112377,0.565153673086091,0.366193217311284,1.54332097474564,0.12275291696116,0.293024414935611
"ENSMUSG00000026048",254.658824553332,0.340100022819741,0.204222965634846,1.66533681343089,0.0958455778845416,0.250975771493694
"ENSMUSG00000026049",1868.97638839765,-0.256377344237929,0.288768706506008,-0.887829388925129,0.374632531727846,0.583463459292541
"ENSMUSG00000026051",0.084482260652188,-0.457880337052605,7.34087616274799,-0.0623740718275789,0.950264942429463,NA
"ENSMUSG00000026058",15.1257350774375,-1.14038334506042,1.17527900854134,-0.9703086133358,0.331892685197669,NA
"ENSMUSG00000026062",0.797492079173954,-0.414957675214058,4.37975081018294,-0.0947445855251124,0.924517703110562,NA
"ENSMUSG00000026063",0.0474375977968173,0,7.3561311249555,0,1,NA
"ENSMUSG00000026064",5.37827095173752,0.551536862971335,1.93354482482695,0.285246484017095,0.775455309842937,NA
"ENSMUSG00000026065",0.63716501106424,3.39760700196579,6.97917875907957,0.486820458287542,0.626385570992652,NA
"ENSMUSG00000026068",2990.42993752473,0.375223813667043,0.280150688388665,1.33936423938562,0.18045212518607,0.372939422426156
"ENSMUSG00000026069",80.3060459503958,0.561262330166399,0.744049637514368,0.754334525370373,0.450648375987098,0.650770552780908
"ENSMUSG00000026070",1191.67125062526,0.450722093610178,0.216212555523944,2.08462497711084,0.0371033554417076,0.140094220222032
"ENSMUSG00000026072",1.23457545558159,0.0183991119264902,2.25401181188665,0.00816282853064991,0.993487077470919,NA
"ENSMUSG00000026073",42.1927319297684,2.54437898247551,1.85623220729402,1.37072235492813,0.170461523327543,NA
"ENSMUSG00000026074",704.069355277487,0.646541036041179,0.257432157091845,2.51150067398344,0.0120219056333246,0.0702758942551234
"ENSMUSG00000026077",4.70106950117344,-4.81638334592736,2.05494938901115,-2.34379657799992,0.0190885792620342,NA
"ENSMUSG00000026078",1656.85629193994,-0.848621209453352,0.238602928941277,-3.55662528209034,0.000375649377029261,0.0125895552361596
"ENSMUSG00000026080",191.237336787908,-0.0945885496611066,0.296905426506914,-0.318581410834887,0.750043951507739,0.866345461632858
"ENSMUSG00000026082",167.158467348168,0.915075661453461,0.344493800130383,2.65629065343738,0.00790054875374431,0.0540837426805834
"ENSMUSG00000026083",2823.15319693077,0.0664457691141677,0.180929194100178,0.367247361293046,0.713434514447864,0.84309865394035
"ENSMUSG00000026085",0.121179812588224,-2.12518772508226,7.34618434366659,-0.289291368915138,0.772358416695051,NA
"ENSMUSG00000026087",3083.51873199489,-0.753088446628957,0.21447438467216,-3.51132116676828,0.000445885352808762,0.0133159417296514
"ENSMUSG00000026088",1936.68264391,-0.714246142760921,0.241606904913177,-2.95623232712488,0.00311422413060689,0.0333522270108874
"ENSMUSG00000026090",31.4731717006524,0.569546092172591,0.564108493039286,1.00963927896921,0.312668143762394,NA
"ENSMUSG00000026094",6917.0257374159,-0.254444400109925,0.202032343356884,-1.25942408963923,0.207877192871208,0.406904168620177
"ENSMUSG00000026095",993.462336680665,-0.635305167399681,0.216435613464374,-2.9353079062668,0.00333216856222439,0.0344544835121215
"ENSMUSG00000026096",290.41677489537,0.110832891286709,0.364189947708093,0.304327156705445,0.760878657663866,0.874466402860983
"ENSMUSG00000026097",1675.53940627087,-0.549419704638233,0.256697538947227,-2.14033880843394,0.0323273958285688,0.128594087631953
"ENSMUSG00000026098",258.854413471992,0.38947754804464,0.356254253610249,1.09325725685437,0.274280864055237,0.484561601943528
"ENSMUSG00000026100",0.272933471212032,1.19505054417664,7.35404496852364,0.162502479831388,0.870910175609392,NA
"ENSMUSG00000026102",803.21752181499,0.346385827667656,0.190592552898027,1.81741533129567,0.0691535419689523,0.204673607253441
"ENSMUSG00000026103",1898.92250448744,0.0206741869593142,0.21765963800366,0.0949840179324685,0.924327521363172,0.968413094719127
"ENSMUSG00000026104",3996.5303414292,-0.0337832904078071,0.199966239400209,-0.168944970456707,0.865839926262075,0.93695440749744
"ENSMUSG00000026107",1653.56890018599,0.493646236937775,0.210477756629406,2.3453605969725,0.0190086854198241,0.0928079306393268
"ENSMUSG00000026109",15.3759218743822,0.212507212214749,0.660836425000474,0.32157309157799,0.747776131683399,NA
"ENSMUSG00000026110",218.306708694029,0.424426311821778,0.306718373188999,1.3837655286475,0.166430261333084,0.353950760171586
"ENSMUSG00000026111",2093.53874670498,-0.553013553335115,0.212502361287875,-2.60238780399222,0.00925771011280871,0.0598089580107908
"ENSMUSG00000026112",1103.46693279541,-0.327830931408438,0.150999316722602,-2.17107559506835,0.0299254585042898,0.122605091312142
"ENSMUSG00000026113",333.000401758991,0.34175936116272,0.205783387619674,1.66077235444464,0.0967591754537306,0.252565209759738
"ENSMUSG00000026114",27.5193013736864,0.908479396041092,0.564721129294865,1.60872216199075,0.107677107593821,NA
"ENSMUSG00000026116",338.15682564987,0.388980027445529,0.241756379198624,1.60897523670285,0.107621756504875,0.270147552831562
"ENSMUSG00000026117",1662.4096412279,-0.0278896930791104,0.232261985006991,-0.120078596065865,0.904420887559674,0.958323558101338
"ENSMUSG00000026121",3.47206784655602,-1.30760007882139,2.98608209472398,-0.437898234992182,0.661460055132845,NA
"ENSMUSG00000026123",944.839686523549,-0.167964848692668,0.235232421260142,-0.714037834550522,0.475203784512253,0.670480932044479
"ENSMUSG00000026124",0.148935688169462,2.14166640230932,7.28531002887986,0.293970523398385,0.768780427604919,NA
"ENSMUSG00000026125",0.256914973803928,0,7.3561311249555,0,1,NA
"ENSMUSG00000026126",5429.26806802307,-0.562173606915751,0.220967621907699,-2.54414471252525,0.0109545690098774,0.0661894343903655
"ENSMUSG00000026127",1552.21273554777,-0.373014238513874,0.377521313767974,-0.988061401860691,0.323122577642467,0.533767827539403
"ENSMUSG00000026131",38.3323549433317,0.0907316160631502,0.63837893370021,0.14212814877403,0.88697878436384,NA
"ENSMUSG00000026134",713.339605219452,-0.0675336219093092,0.277925516287658,-0.242991801585468,0.808011748537986,0.903688128781776
"ENSMUSG00000026135",112.308575460302,1.00258779996707,0.399901610515461,2.50708617720936,0.0121731028908946,0.0708992008872044
"ENSMUSG00000026141",0.961607330279858,-0.107561610402715,5.3063836796441,-0.0202702286333599,0.98382780501484,NA
"ENSMUSG00000026142",129.286312259337,-0.0958489165416672,0.267668777231726,-0.358087773751396,0.72027762836168,0.848218293585323
"ENSMUSG00000026147",0.434356501301555,1.3153434864419,7.30063979211526,0.180168248796836,0.857020484299387,NA
"ENSMUSG00000026149",1.16568732077962,-0.379612311892302,3.19812706438788,-0.118698320688818,0.905514367039049,NA
"ENSMUSG00000026150",2075.43397091732,-0.682140865288001,0.276277107109412,-2.46904592430765,0.0135473830973719,0.0749808969303031
"ENSMUSG00000026153",3.64877851605983,1.62478190290311,2.03041865700994,0.800220140459019,0.42358326273555,NA
"ENSMUSG00000026154",1515.23305959846,-0.829995485776191,0.221838022685002,-3.741448268112,0.000182962842353942,0.00899794873964534
"ENSMUSG00000026155",2123.39828521634,-0.128364985356894,0.168375792747395,-0.76237197320563,0.445838028723558,0.646962553425187
"ENSMUSG00000026156",18.3304688633801,1.64319585348168,0.768762120780993,2.13745684011114,0.0325608525512956,NA
"ENSMUSG00000026158",164.514838940415,-0.232257573606853,0.423334768440966,-0.548638077761008,0.583253848957695,0.754258856821975
"ENSMUSG00000026159",1379.11665717576,-0.0310478399201745,0.177544785578987,-0.174873285176611,0.861179202130373,0.934030767287551
"ENSMUSG00000026162",161.045812260847,0.0208893916892386,0.568044744767491,0.0367742011199996,0.970665044654182,0.991528776108979
"ENSMUSG00000026163",0.807670685450511,-0.68158351249212,5.01456177610188,-0.135920852693524,0.891883850392383,NA
"ENSMUSG00000026166",2.11636893725622,0,7.3561311249555,0,1,NA
"ENSMUSG00000026167",3.34728451602242,-1.6994495371072,2.6377174641488,-0.644287934627455,0.519388738038013,NA
"ENSMUSG00000026170",5.86302263895543,-2.07617650650065,2.21797626120616,-0.936067956548639,0.349238199985791,NA
"ENSMUSG00000026171",111.278567417563,-0.283189298491797,0.422961117758325,-0.669539791252414,0.503151206652548,0.693425708063773
"ENSMUSG00000026172",171.471019980881,0.276652207647412,0.271906375901409,1.01745391857866,0.308937543270839,0.520512632560464
"ENSMUSG00000026173",91.1063533848064,0.277921359204549,0.55627418793476,0.499612179088101,0.617348180515189,0.779905171010281
"ENSMUSG00000026174",1255.84545936661,-0.0386880767377246,0.179649843711887,-0.215352687975452,0.829492354071077,0.916205381765905
"ENSMUSG00000026175",1.084370219435,0.290973030905406,3.37842726583402,0.0861267708344685,0.931365642641655,NA
"ENSMUSG00000026176",508.281202822784,-0.199474596933468,0.218533361872208,-0.912787847240069,0.361354131108543,0.570447399522621
"ENSMUSG00000026177",36.4307812927083,0.468377052166671,0.771341410469775,0.607224046069837,0.543702236378361,NA
"ENSMUSG00000026179",1393.87153897741,-0.576162445024621,0.210045143806232,-2.74304101767824,0.00608730811684102,0.0470469434988064
"ENSMUSG00000026180",358.203512125605,0.648557657698566,0.337376797161048,1.92235406570943,0.0545612212597181,0.177006128044737
"ENSMUSG00000026181",181.492113307947,0.265565155085925,0.357917740958074,0.741972595085843,0.458103939849979,0.655903453855308
"ENSMUSG00000026182",0.0380762098104571,-1.67431590235222,7.3501929692546,-0.227792101425878,0.819807867435575,NA
"ENSMUSG00000026185",0.527109267332623,0,7.3561311249555,0,1,NA
"ENSMUSG00000026187",375.675265245438,0.119483540826506,0.191169463765497,0.625013736362592,0.531962042659996,0.717473305717709
"ENSMUSG00000026188",1.15619155719805,-2.95299157197832,3.80628665207598,-0.775819543272638,0.437855543038592,NA
"ENSMUSG00000026189",79.975000076031,-0.20769036129516,0.378507004405246,-0.548709426451718,0.583204876101099,0.754258856821975
"ENSMUSG00000026192",289.262794522421,1.03695768228335,0.378326564614864,2.74090634724256,0.00612699685994256,0.0471692865736232
"ENSMUSG00000026193",890.773342375956,0.586155327383883,0.349428339962001,1.67746934163275,0.0934507397334126,0.246928779006892
"ENSMUSG00000026196",309.320068376102,0.644193822040986,0.354465529880932,1.81736662026735,0.0691609952856438,0.204673607253441
"ENSMUSG00000026197",635.624473442604,-0.579039602015814,0.278109706957113,-2.08205462639644,0.0373374803655345,0.140334978484148
"ENSMUSG00000026198",60.0461197809364,0.334836751382955,0.76330006053171,0.438669887107974,0.660900749546726,NA
"ENSMUSG00000026199",116.059108870857,0.129807703935331,0.283697979406898,0.457555969227233,0.64727148308015,0.799682094885274
"ENSMUSG00000026200",31.9723805405452,2.40367565294363,0.811420480840544,2.96230586939792,0.00305344289863763,NA
"ENSMUSG00000026201",995.557079495331,-0.119510985548336,0.164975044565099,-0.724418568053045,0.468808803809717,0.665380484509259
"ENSMUSG00000026202",2214.07070650702,-0.626674482983148,0.311484363153263,-2.01189708735009,0.0442307865087072,0.156206261035574
"ENSMUSG00000026203",35.6015733274192,-0.322089339903248,0.47067127084339,-0.684319098818374,0.493773689379875,NA
"ENSMUSG00000026204",4.00554541865014,0.0773847179768591,1.76691304687154,0.0437965626627043,0.965066567054819,NA
"ENSMUSG00000026205",3.5954414034789,-0.100470686030728,1.7547675632298,-0.0572558372607496,0.954341399368224,NA
"ENSMUSG00000026207",15.3150622288942,-0.463697752477711,0.668829071689137,-0.69329784261117,0.488122656661681,NA
"ENSMUSG00000026208",0.643827178413585,1.00345488748631,7.14330952950648,0.140474787399509,0.888284871692129,NA
"ENSMUSG00000026209",584.902077598627,-0.838640564934318,0.265374395509624,-3.16021658127114,0.00157651901290922,0.0244261605683506
"ENSMUSG00000026211",3.41942767888157,0.38300786178995,1.76384361374497,0.21714388895099,0.828096211412994,NA
"ENSMUSG00000026213",110.408064309606,0.179094930545289,0.291712458467548,0.613943372477567,0.539252747872686,0.722510385998987
"ENSMUSG00000026219",2038.88041457736,0.214092643634728,0.140520917463613,1.52356423156834,0.127617603965589,0.301002151085622
"ENSMUSG00000026220",0.554158622616029,1.02488448699567,5.13949692428547,0.199413386581248,0.841939389792469,NA
"ENSMUSG00000026222",11742.5883663502,-0.108293740963784,0.251325449531926,-0.430890469570323,0.666548013486477,0.814143340396399
"ENSMUSG00000026223",389.355901675571,-0.144972579865682,0.329713459385409,-0.439692635344378,0.660159737298475,0.809035333894796
"ENSMUSG00000026224",4.42934945211519,1.21335174652456,1.46649864651903,0.827380065712739,0.408021675616975,NA
"ENSMUSG00000026226",0.326535922952289,-2.26776661655851,7.24753307757399,-0.312901864991228,0.754355220621732,NA
"ENSMUSG00000026227",1.06678040571589,2.65094503888444,4.46265748700511,0.594028344457035,0.552493155207218,NA
"ENSMUSG00000026228",4.45546906211102,1.72833138856205,1.77394605550863,0.974286328039718,0.329914391142614,NA
"ENSMUSG00000026229",1624.60354790169,-0.111765280223245,0.167362005074703,-0.667805576142312,0.504257706700721,0.694328935887536
"ENSMUSG00000026234",10788.7377284012,-0.0999027754948703,0.194332732748428,-0.514081050999261,0.60719532500624,0.77146726890715
"ENSMUSG00000026235",3.59364591554826,1.41732621778368,1.49671057970471,0.9469607798612,0.343658764555609,NA
"ENSMUSG00000026237",0.334212528422632,-3.82804471101318,7.25631772713622,-0.527546457440467,0.597814163631886,NA
"ENSMUSG00000026238",20337.0427099585,-0.401540073313734,0.209404589114751,-1.91753234736272,0.0551703355618268,0.178024062255973
"ENSMUSG00000026239",381.410721512788,-0.63612795651106,0.283149388521231,-2.24661603485456,0.0246645765082206,0.107805698258514
"ENSMUSG00000026240",218.626176331559,-0.246006692541244,0.232191245578362,-1.05950029222019,0.289371996228021,0.501313809219398
"ENSMUSG00000026241",2.68023529766567,-1.67019275922376,5.01339093855408,-0.333146323455371,0.739023833544877,NA
"ENSMUSG00000026245",918.828224990896,-0.778525115472538,0.246540577229608,-3.15779708241488,0.0015896616865956,0.0245528215187461
"ENSMUSG00000026246",0.127480822814601,-0.176459668865105,7.25903207514729,-0.0243089804588753,0.980606149878576,NA
"ENSMUSG00000026247",0.368280144989156,1.91946298601623,7.28819540665881,0.263366015716665,0.792268481752398,NA
"ENSMUSG00000026248",579.407467828447,-0.903442254662377,0.240436021774486,-3.75751623236285,0.000171608238160261,0.00889318334902861
"ENSMUSG00000026249",67.3653485119863,0.269055648703422,0.539105463137113,0.499077948751916,0.617724471590035,0.780068854982945
"ENSMUSG00000026251",0.825027786847585,2.0937159353437,3.6677365542142,0.570846870923169,0.568103447732105,NA
"ENSMUSG00000026253",1.79517012916036,0.819089609598593,2.0040784092969,0.408711358696767,0.682751497047158,NA
"ENSMUSG00000026254",4033.28909966313,-0.654623877867363,0.228064099709593,-2.87035039140721,0.0041001717218036,0.0381748911970845
"ENSMUSG00000026255",0.518352610006932,1.16617669707405,7.35594878908846,0.158535184312853,0.874035098143162,NA
"ENSMUSG00000026258",0.356350229772582,3.47277363057801,7.24060883731918,0.47962453277117,0.631494398712375,NA
"ENSMUSG00000026259",0.136501856453824,0,7.3561311249555,0,1,NA
"ENSMUSG00000026260",2946.67271270201,-0.505427606851714,0.265940353190597,-1.90052995262994,0.0573636080898532,0.181918275896118
"ENSMUSG00000026269",408.813614106446,0.122625921576797,0.25360206589142,0.483536761208007,0.628714664427673,0.786554348261251
"ENSMUSG00000026270",75.5947777420483,0.198317533710128,0.424085933066684,0.467635255609727,0.640045448381479,0.795084372636398
"ENSMUSG00000026271",19.3772181295233,-0.426717972188661,0.798680444681423,-0.534278728157505,0.593148707114726,NA
"ENSMUSG00000026272",0.240426118862844,-2.55247158437825,7.26023689043942,-0.35156863651921,0.725161789812342,NA
"ENSMUSG00000026273",190.406392277749,-0.740336871888127,0.288102963365003,-2.56969544235538,0.0101787957437301,0.0634810068938624
"ENSMUSG00000026274",117.552001465427,1.17870931860533,0.513782704318125,2.29417866483005,0.0217802382844333,0.0999831437585647
"ENSMUSG00000026275",1273.17089511703,-0.890278972952484,0.338814335159093,-2.62763077168635,0.00859817860509861,0.0571251829402995
"ENSMUSG00000026276",121.965601461543,0.244085590994151,0.395434115052266,0.617259820796922,0.537063364089205,0.720628662144942
"ENSMUSG00000026277",311.91335533073,-0.432122170976308,0.236049208739166,-1.83064443759183,0.0671536312656683,0.201094712226941
"ENSMUSG00000026278",0.929803937759581,3.24080668680598,4.94448924348079,0.655438110433532,0.512185721182695,NA
"ENSMUSG00000026279",135.93444926447,-0.0642487096993957,0.30123183082713,-0.213286589013452,0.831103433317445,0.916801410371939
"ENSMUSG00000026280",645.482924414452,-0.32799602250136,0.366542226540727,-0.894838298978129,0.370873533773611,0.580059287197913
"ENSMUSG00000026281",2483.71783723501,-0.397281330338728,0.197521851750723,-2.01132850273248,0.0442907697862387,0.156362235477489
"ENSMUSG00000026283",454.104966623345,-0.0235994352321481,0.213566926618658,-0.110501357142657,0.912011773618043,0.9620356826608
"ENSMUSG00000026285",446.123790866065,-1.84985967132882,0.873075268903335,-2.11878601675709,0.0341085550198545,0.132950735950813
"ENSMUSG00000026288",766.455721418157,0.577748322433194,0.360062972424891,1.60457577334951,0.108587196555599,0.271880556725455
"ENSMUSG00000026289",344.691764268085,0.565648061477318,0.309064797043034,1.8301924608986,0.0672211647428068,0.201114168729614
"ENSMUSG00000026295",0.146817819333382,0.31797753342326,7.29101612707033,0.0436122383878239,0.965213496157915,NA
"ENSMUSG00000026301",1.90273861024779,-1.18038042788452,2.01966613236008,-0.584443343863564,0.558922072541486,NA
"ENSMUSG00000026303",4.29632981154163,0.835498198522154,1.58451553487614,0.527289370241148,0.597992654803591,NA
"ENSMUSG00000026304",1.01560308706359,1.7165223258672,3.87876299638876,0.442543751052934,0.658095777977214,NA
"ENSMUSG00000026305",2017.48533941246,0.307349911141622,0.176772222977735,1.73867763817359,0.0820914815707923,0.227608751372426
"ENSMUSG00000026307",106.102648748424,-0.106342034008092,0.304636843515219,-0.349078045783977,0.727030718036398,0.851290492746847
"ENSMUSG00000026308",1.01893026735486,-1.11177100754698,4.65820329505937,-0.238669490600841,0.811361876100215,NA
"ENSMUSG00000026309",1622.8789945052,-0.401746617243532,0.15058459899161,-2.66791305308662,0.0076324006949491,0.0529819388129016
"ENSMUSG00000026311",164.785188879188,0.901603193827458,0.462207612753303,1.95064548689871,0.0510992322434555,0.170129591064048
"ENSMUSG00000026312",1.6646756560841,2.53627090437899,3.00102255838317,0.845135567973016,0.398035151618482,NA
"ENSMUSG00000026313",358.221007513257,0.351329206850667,0.284691949088842,1.23406793896033,0.21717758921057,0.418479623654285
"ENSMUSG00000026315",5.02834920573689,2.94774507720472,2.09686152182324,1.40578910267838,0.159786758898743,NA
"ENSMUSG00000026317",50.1555034992365,-0.128848583548433,0.538868760067143,-0.239109395639077,0.811020756401552,NA
"ENSMUSG00000026319",663.037498463915,0.0717346860096563,0.199399393080299,0.359753783105891,0.719031267938554,0.847457265240564
"ENSMUSG00000026321",24.3488724349287,0.449994469476971,0.744969103606854,0.604044472848969,0.545814074958408,NA
"ENSMUSG00000026322",0.249307113633228,1.15700591342862,7.35588504613005,0.157289830682893,0.87501643444194,NA
"ENSMUSG00000026327",0.320847287780994,-0.211624100671915,7.17106173781006,-0.0295108462887871,0.976457168622466,NA
"ENSMUSG00000026331",47.7273249264551,0.409394443025549,0.531898568834018,0.769685174981742,0.441486666217989,NA
"ENSMUSG00000026333",583.203591618695,-0.199274734404045,0.270380027381905,-0.737017213636767,0.461111881400041,0.658505102610786
"ENSMUSG00000026335",65.5087761587695,0.104029810639322,0.77978232503826,0.133408782552513,0.893870100023651,0.952658322235449
"ENSMUSG00000026336",0.831657951415759,-0.946246365599121,7.30432768707113,-0.129545990560364,0.896925636309415,NA
"ENSMUSG00000026339",276.243904592337,-0.553435962419835,0.273013124430933,-2.02714050312934,0.0426480457098099,0.153188928721465
"ENSMUSG00000026341",12477.409136115,-0.219099049077917,0.128550375152159,-1.70438280571783,0.0883095940586927,0.238471807102651
"ENSMUSG00000026342",11.7264602910112,-1.53974194295193,1.27734567422564,-1.20542306911977,0.228040020217711,NA
"ENSMUSG00000026343",0.25788597455319,2.76721250635531,7.27282004920912,0.380486865841844,0.703584044303559,NA
"ENSMUSG00000026344",57.3096804001132,1.22008302183509,0.669100872406947,1.82346649384286,0.0682327673353181,NA
"ENSMUSG00000026347",373.065904757544,-0.21594116777585,0.687192716975932,-0.314236694367373,0.753341275067792,0.869138480864277
"ENSMUSG00000026348",26.0276679312985,0.697596345647247,0.616027560250664,1.13241093525652,0.25746170959187,NA
"ENSMUSG00000026349",1165.27742090247,0.468683503394821,0.276626385665335,1.69428343672841,0.0902114364331234,0.241640439446465
"ENSMUSG00000026353",1616.0888048621,0.422671954054031,0.240943468039617,1.7542370311717,0.0793899003911433,0.223009140484925
"ENSMUSG00000026354",1.54808529469608,0.432365324016516,2.99762488473938,0.144235967020973,0.885314140305965,NA
"ENSMUSG00000026355",3215.69920869661,-0.180581065232921,0.117421895627089,-1.53788238785051,0.124077374319953,0.29525874943494
"ENSMUSG00000026356",1660.10458945692,-0.543652860457474,0.261387955496601,-2.07986959240187,0.0375374957578302,0.140872492621926
"ENSMUSG00000026357",13.8730761863087,-0.738973086430397,1.40914101289874,-0.524413866083038,0.59999071429279,NA
"ENSMUSG00000026358",1042.85356122933,-0.723057328814873,0.283965824293529,-2.54628292194579,0.0108876905432298,0.0660678044658319
"ENSMUSG00000026360",802.078402676809,-0.79403292452578,0.302557612263319,-2.624402402524,0.00868011653721986,0.0573953185655134
"ENSMUSG00000026361",703.786839871807,0.299660987997738,0.205606520471111,1.45744885576157,0.144992519372291,0.324603083308443
"ENSMUSG00000026365",3.42910308587219,-0.92074063426435,1.98503209765363,-0.46384168565974,0.642761174952812,NA
"ENSMUSG00000026368",0.324074900988408,-3.73911227533506,7.30364671691403,-0.511951415540939,0.608685012703844,NA
"ENSMUSG00000026374",4070.04725364068,-0.475672169490049,0.238783296376173,-1.99206634931736,0.0463637785164374,0.160583724819546
"ENSMUSG00000026377",1438.05181040692,-0.776900949174316,0.283187261268671,-2.74341771481465,0.00608032848255472,0.0470297707746896
"ENSMUSG00000026380",11.2935777130947,1.42228808515085,1.21383256016999,1.17173334430217,0.241304131332053,NA
"ENSMUSG00000026383",142.30392661468,0.366709012487084,0.395201136896583,0.927904750899146,0.353456979796159,0.562462566152768
"ENSMUSG00000026384",1017.27173589858,0.208068360028174,0.323250830803043,0.643674633445722,0.519786442364356,0.706292853126624
"ENSMUSG00000026385",9048.75370369367,-1.09892873750678,0.235362565536517,-4.66908887996584,3.02538479121566e-06,0.000808268342193698
"ENSMUSG00000026387",3.39831866098874,-1.13916367279012,1.59901008312974,-0.712418067158423,0.476205930904981,NA
"ENSMUSG00000026388",428.663606190211,-0.72395423085643,0.256301985545178,-2.8246142116945,0.00473375740810246,0.0411275444995135
"ENSMUSG00000026389",12.6266959183156,-0.811238780834643,1.03999327400613,-0.780042334033266,0.435365957345033,NA
"ENSMUSG00000026390",0.6901019544636,-1.11189259413965,6.82550244496583,-0.16290267318851,0.870595066045644,NA
"ENSMUSG00000026393",1344.06859220671,-0.0630212803906714,0.166269613129384,-0.379030655118149,0.704665099805815,0.838725407776096
"ENSMUSG00000026394",30.5035316860239,-0.783937272699211,0.948239741398576,-0.826728978415277,0.408390692641996,NA
"ENSMUSG00000026395",21964.7177455011,0.787005809247951,0.217888263087371,3.61196972290504,0.000303880052256681,0.0114214993024992
"ENSMUSG00000026398",0.549756851683384,2.24076729140487,6.13433132859502,0.365283055540152,0.714900125539925,NA
"ENSMUSG00000026399",509.820901786359,-0.0707861791775479,0.320235652505627,-0.221044029993831,0.825058149815147,0.913905446229724
"ENSMUSG00000026401",0.042751782884351,0,7.3561311249555,0,1,NA
"ENSMUSG00000026404",119.872125240468,-0.571889807257739,0.330476268983765,-1.73050188752232,0.0835406442901769,0.229707724286064
"ENSMUSG00000026405",17.8817042279251,0.52210711476714,0.615133306821747,0.848770679423536,0.396008908362463,NA
"ENSMUSG00000026407",99.0859622132407,-2.58603463898135,1.46414363244505,-1.76624381766617,0.0773549527133813,0.219475805847237
"ENSMUSG00000026409",38.2578211919787,-0.14761053087683,0.5804305427421,-0.254312135573502,0.799254425107789,NA
"ENSMUSG00000026411",222.278884490832,-0.242150384446162,0.281612566325719,-0.859870664173722,0.389860341096039,0.598039955266038
"ENSMUSG00000026413",0.862937277811053,-0.917378070870329,5.36403036485971,-0.17102402642613,0.864204873560132,NA
"ENSMUSG00000026414",3.04853475972152,-2.33584897646904,2.34503331682576,-0.99608349259227,0.319209579719753,NA
"ENSMUSG00000026415",0.393130745335811,2.75064913338282,7.22460602226225,0.38073344413617,0.703401049790842,NA
"ENSMUSG00000026416",0.0830693169464464,1.15018116690363,7.35608720528121,0.156357739489258,0.875751046405749,NA
"ENSMUSG00000026417",1.98222826915463,1.10412319670542,2.55666358059563,0.43186096328254,0.665842468147166,NA
"ENSMUSG00000026418",14.5087434421478,1.02939252050671,1.38703641946708,0.742152481405079,0.457994955386739,NA
"ENSMUSG00000026420",4.0523220604391,0,5.10352845451827,0,1,NA
"ENSMUSG00000026421",564.382724824471,-0.436598061722162,0.315676274407345,-1.38305630520329,0.166647602086659,0.35405271658503
"ENSMUSG00000026424",0.214115329880553,0,7.3561311249555,0,1,NA
"ENSMUSG00000026425",417.989507587665,0.757152175381636,0.224647133632399,3.37040657113658,0.000750573531006757,0.0171800476182143
"ENSMUSG00000026426",257.704876144395,-0.283340648472611,0.235055788761339,-1.20541872193711,0.228041697570538,0.431032575821721
"ENSMUSG00000026427",465.503940941083,-0.133960308260288,0.210012120881807,-0.637869412954882,0.523558690039844,0.709539025369326
"ENSMUSG00000026429",1217.61595657411,-0.556231021954938,0.266541263563059,-2.08684769674825,0.0369019040559725,0.13974353245657
"ENSMUSG00000026430",1921.60765461714,-0.263595815148713,0.168842166106337,-1.56119659696085,0.118477371697728,0.287071761207119
"ENSMUSG00000026432",0.235358462854404,-1.109801809776,7.29450044237361,-0.152142263688022,0.879074730587557,NA
"ENSMUSG00000026433",930.297050877733,-0.391367464553364,0.250869544039651,-1.56004375123155,0.118749542488062,0.287353544062299
"ENSMUSG00000026434",2608.48923477331,0.135844856461712,0.247893011688024,0.547997926753474,0.583693326412048,0.754258856821975
"ENSMUSG00000026435",1.20405296061429,0.697541703944241,4.15139604733364,0.168025814928513,0.866562970418184,NA
"ENSMUSG00000026436",910.756677788977,0.405806869961655,0.196571892967216,2.06441960666948,0.0389779490720261,0.144038442535921
"ENSMUSG00000026437",1.34356919544085,-2.86683243292658,3.01996362953249,-0.9492936950934,0.342471259334848,NA
"ENSMUSG00000026439",360.455848779558,-0.0664125600629762,0.232755619320307,-0.285331715113536,0.775390017154523,0.884051939973755
"ENSMUSG00000026442",3.21350963229766,-1.03027677138702,1.66733399899044,-0.617918648579618,0.53662896547701,NA
"ENSMUSG00000026443",0.349035341298577,-2.73104127561258,7.26323993468557,-0.376008682099362,0.706910441487885,NA
"ENSMUSG00000026447",32.6119467064038,0.780879445204376,0.664949475155458,1.17434402820126,0.240257254703426,NA
"ENSMUSG00000026450",29.5079870738688,2.27652658514569,1.82513276548473,1.2473210870997,0.212279788466283,NA
"ENSMUSG00000026452",2.55655424355434,0.33575092864611,2.26120029746106,0.148483497469508,0.881961208700602,NA
"ENSMUSG00000026455",280.928321515909,0.617119219318156,0.278758829984864,2.21381048037712,0.0268418188227903,0.114416291101027
"ENSMUSG00000026456",431.947101648208,-0.226086514223876,0.182759747044681,-1.23706952914857,0.216061270944729,0.416897455258374
"ENSMUSG00000026457",1220.9410726944,-0.261798123731946,0.17843387369763,-1.46719968751888,0.142321741923659,0.321125409476232
"ENSMUSG00000026458",10.1191131692114,1.24456768574964,1.99346124046704,0.624324998392274,0.532414169889029,NA
"ENSMUSG00000026459",0.0380762098104571,-1.67431590235222,7.3501929692546,-0.227792101425878,0.819807867435575,NA
"ENSMUSG00000026463",708.467000358201,0.165112853346343,0.332965568347039,0.495885668196932,0.619975078284468,0.780905898055228
"ENSMUSG00000026466",1387.1103818947,0.251802727658484,0.193214967235793,1.30322578659858,0.192497689003307,0.388255387838745
"ENSMUSG00000026468",2.64416362161769,0.138795101519881,2.15586426451889,0.0643802598355399,0.948667447783562,NA
"ENSMUSG00000026469",401.988822032829,1.00483512460599,0.344955809790642,2.91293868978708,0.00358044891382706,0.0358581605367699
"ENSMUSG00000026470",385.161002489763,0.0681257869755325,0.346838424045307,0.196419376437465,0.844281931443297,0.925723143472282
"ENSMUSG00000026471",127.889163768886,-0.257848352385403,0.373225150831167,-0.690865424827824,0.489650115951669,0.680758283569936
"ENSMUSG00000026473",378.053835126731,-0.293306555793693,0.261961982462666,-1.11965313835375,0.262861601827434,0.472433988011671
"ENSMUSG00000026475",49.7646226880394,0.117939917683635,0.791073156762181,0.14908850929332,0.881483792811288,NA
"ENSMUSG00000026478",291.576809363201,-0.517479817205492,0.822273947440707,-0.629327754839037,0.52913450446952,0.714939116550192
"ENSMUSG00000026479",15.2485616677401,-0.890012949937679,1.04046975933308,-0.855395307700398,0.392332340416654,NA
"ENSMUSG00000026480",75.3490777375715,0.376998738482852,0.441807959510129,0.853309068720407,0.393487932317991,0.600536931827655
"ENSMUSG00000026482",11.7691058902397,-0.0675928154055842,0.712794947678064,-0.0948278542458366,0.924451562071963,NA
"ENSMUSG00000026483",428.85735895607,0.653169709193283,0.401736524899085,1.62586588151863,0.103978189558182,0.263946850942957
"ENSMUSG00000026484",628.649528567577,-0.33197976602791,0.218323983917898,-1.52058312637219,0.128364483849889,0.301899339247241
"ENSMUSG00000026489",51.6372841101626,-0.192632064034496,0.503642345386772,-0.382477894877095,0.702106922139334,NA
"ENSMUSG00000026490",17.2139050486422,0.634591241101595,0.730068460525903,0.86922155306431,0.384725960831832,NA
"ENSMUSG00000026491",692.85189682262,0.544325398399428,0.265351793476274,2.05133491380791,0.0402343426505149,0.147083604353335
"ENSMUSG00000026492",431.841246687605,0.126732194540981,0.246245888280977,0.514657099152757,0.606792657118813,0.771465648311186
"ENSMUSG00000026494",2.50128760484183,0.529471971556329,2.19970484583738,0.240701370712656,0.809786576525648,NA
"ENSMUSG00000026495",158.010639789859,-0.886589450167848,0.256916600234585,-3.45088425332704,0.000558753144479983,0.0148460518370694
"ENSMUSG00000026496",1019.6458943546,0.305985966342776,0.285839760481393,1.07048076806199,0.284402961114111,0.495736778454062
"ENSMUSG00000026497",1.79577567338642,-0.413532177852967,2.76955768342649,-0.149313437422739,0.881306312601874,NA
"ENSMUSG00000026499",632.423609147167,0.204097237049107,0.188298642057009,1.08390179992543,0.278408341487054,0.488995461193947
"ENSMUSG00000026500",1834.96392242911,-0.741076825728115,0.202507037144634,-3.65951147267453,0.000252696530303576,0.010539684396839
"ENSMUSG00000026502",543.713700266073,0.0259356535489238,0.20037188180582,0.129437590320473,0.89701140507365,0.954289660288239
"ENSMUSG00000026504",310.883288436353,0.185237813100552,0.265016668589259,0.698966650236051,0.484572872844084,0.677606853595102
"ENSMUSG00000026509",995.470713438508,-0.0439168483456862,0.158387324702552,-0.277275018238746,0.781568940375641,0.888545748398929
"ENSMUSG00000026510",155.472091796904,0.425612188311498,0.31916573262357,1.33351467531595,0.182362962818536,0.375553726554423
"ENSMUSG00000026511",5405.92126349828,-0.75103276385949,0.22287943358939,-3.36968176813979,0.000752550391369425,0.0171800476182143
"ENSMUSG00000026514",6.13612144496935,0.409950105779537,1.34327597514747,0.305186807003328,0.760223879899767,NA
"ENSMUSG00000026516",1212.51257663453,0.690781982316253,0.25108592694184,2.75117761767771,0.00593814363743502,0.0464754947395448
"ENSMUSG00000026519",145.681247188123,-0.0103800055404212,0.253900058265267,-0.0408822495407878,0.967389768430461,0.990024625834466
"ENSMUSG00000026520",749.912325768264,-0.440249103325915,0.253121304196465,-1.73928111157411,0.0819853280867853,0.227580195433542
"ENSMUSG00000026523",0.446251015494135,-1.0534468907945,7.2975705495581,-0.144355835087924,0.88521948994521,NA
"ENSMUSG00000026525",13.0162352522478,0.981855992638391,0.9478109868064,1.03591961509826,0.30023964580628,NA
"ENSMUSG00000026526",999.935293492894,-0.225106898048057,0.183033003440776,-1.2298705360036,0.218745589202495,0.420517337469207
"ENSMUSG00000026527",2.83337672063962,-4.76656010536945,2.10370742551653,-2.26579040771275,0.0234642189715338,NA
"ENSMUSG00000026531",0.157329394392929,2.12377698057833,7.28575119701,0.291497324455701,0.770670989852675,NA
"ENSMUSG00000026532",3.65472376330958,-4.35184008799372,2.26837926997755,-1.91847992334932,0.0550501854238414,NA
"ENSMUSG00000026535",0.310508134287713,1.15131750755351,7.35611412981941,0.156511642864053,0.875629742658342,NA
"ENSMUSG00000026536",162.534732245611,-0.622338053765823,0.761970539522921,-0.816748183145606,0.414072349697742,0.618626743777077
"ENSMUSG00000026542",0.081236158750911,0,7.3561311249555,0,1,NA
"ENSMUSG00000026544",77.1585905165344,-0.589821523780338,0.351842548105168,-1.67637918425953,0.0936639435490595,0.24724633515003
"ENSMUSG00000026546",60.9323295330317,0.291123244855581,0.426338041356769,0.682846043785152,0.494704131443444,NA
"ENSMUSG00000026547",13936.9020899839,-0.556249200819958,0.284498575317346,-1.95519151615957,0.0505604695648099,0.168962218271855
"ENSMUSG00000026548",7.36407362885794,0,2.34976881744678,0,1,NA
"ENSMUSG00000026553",1403.71226309706,0.157801709801924,0.170712100243216,0.924373313766872,0.355291983917641,0.564549310565163
"ENSMUSG00000026554",577.671079818788,0.327444584169588,0.245247093733792,1.33516193478329,0.181823352289631,0.374754761756255
"ENSMUSG00000026556",12.269871079238,0.951231949497773,0.982692920089137,0.967984942245733,0.333051889932634,NA
"ENSMUSG00000026558",1036.17528677809,-0.358825981029258,0.285844224040854,-1.25532003395658,0.209362605324285,0.408909943548605
"ENSMUSG00000026560",0.527476078913304,0.889991232951131,7.18676993317671,0.123837445921653,0.901443982443728,NA
"ENSMUSG00000026563",789.42768270693,0.335295327010265,0.282289383238661,1.18777165178327,0.234923385790623,0.439564199988701
"ENSMUSG00000026564",0.505367743457199,-3.13472296918815,7.26782674231805,-0.431315038226728,0.666239317300456,NA
"ENSMUSG00000026565",349.896445736164,0.573050459108906,0.319283195738609,1.79480306748762,0.0726850819209206,0.210948923895567
"ENSMUSG00000026566",5.4717259541751,-0.368970540453559,2.37644203657919,-0.155261746246788,0.876614971926621,NA
"ENSMUSG00000026567",3.58312879429416,-0.921424006181587,1.34209520698206,-0.686556364547021,0.492362333924937,NA
"ENSMUSG00000026568",3051.00651861661,-0.648467058229579,0.216536100146957,-2.99472955220622,0.00274688276857075,0.0312422923155765
"ENSMUSG00000026571",54.5521550318688,0.528796340220451,0.424997183472491,1.24423492857025,0.213413112080412,NA
"ENSMUSG00000026572",0.453615735339775,1.61513201842555,7.24590538892778,0.222902719775168,0.823611219567341,NA
"ENSMUSG00000026573",1184.71877296876,-0.743336572431538,0.346702168989279,-2.1440205424689,0.0320312408425371,0.128137926235726
"ENSMUSG00000026574",0.122787731643217,0,7.3561311249555,0,1,NA
"ENSMUSG00000026575",420.400710803343,0.0367391495737097,0.252132975516267,0.14571338595629,0.884147653697184,0.947609189720987
"ENSMUSG00000026576",154.385521778054,0.775030514265302,0.384118850394917,2.0176841450725,0.0436241671071213,0.155005352930947
"ENSMUSG00000026577",258.925714792237,-0.1576914672229,0.312451776227601,-0.504690576980531,0.613776180465792,0.777046304291029
"ENSMUSG00000026578",126.247091319632,-0.238029986655217,0.368533746772087,-0.64588382675962,0.518354594485113,0.705061516041257
"ENSMUSG00000026579",3.26324822307481,-4.48124702766233,2.04078374033493,-2.19584610514727,0.0281029603811063,NA
"ENSMUSG00000026580",29.4385309305016,-0.624647679260085,1.06882062909538,-0.584427042532635,0.558933037155245,NA
"ENSMUSG00000026581",2255.34395433248,-0.0798539292414032,0.298253842907542,-0.267738140313444,0.788900889503907,0.893069776997953
"ENSMUSG00000026582",1.34222029747746,0.698063829445683,3.52123103144719,0.198244256969071,0.842853962502104,NA
"ENSMUSG00000026584",1581.54854316989,0.426880977034278,0.236241935759949,1.80696528607877,0.070767691945614,0.207147952289723
"ENSMUSG00000026585",85.8822223868096,0.026319188653411,0.401272160382821,0.065589371134798,0.947704751497546,0.981359885664493
"ENSMUSG00000026586",6.00351782847386,1.22197976875443,1.16003583666618,1.05339829178577,0.292158486764035,NA
"ENSMUSG00000026587",2.60300774283538,-0.497227107265699,2.07146230758216,-0.240036763133802,0.810301756727173,NA
"ENSMUSG00000026589",4.00603732687934,1.16836549571117,1.41190470680511,0.827510164163254,0.407947963483902,NA
"ENSMUSG00000026592",0.0355187493373064,1.16171280725677,7.35565536667627,0.157934643392857,0.874508299155349,NA
"ENSMUSG00000026594",271.403982944426,0.802533915975271,0.426758564955341,1.88053382375408,0.0600353611122954,0.187859938143413
"ENSMUSG00000026596",225.760218527733,0.271414336419491,0.274631066885124,0.988287084552676,0.323012068917725,0.533767827539403
"ENSMUSG00000026600",316.856289349089,0.510480909132744,0.24948355219955,2.04615055634784,0.04074156020897,0.148171568309665
"ENSMUSG00000026601",11.6277828198113,1.01017278412472,0.936384432084859,1.07880134431066,0.28067629546012,NA
"ENSMUSG00000026602",0.602689443652438,1.72468324957562,5.99834776509416,0.287526385117576,0.773709302053644,NA
"ENSMUSG00000026603",270.929186711359,0.253233842747853,0.260735698193618,0.971228122969974,0.331434692355914,0.540568572514585
"ENSMUSG00000026604",15.9738047695936,0.610834056868471,1.15786578636693,0.527551693866959,0.597810528323548,NA
"ENSMUSG00000026605",2148.10970260212,0.442489082488324,0.31806932396674,1.39117182685179,0.164173328263773,0.351138320172769
"ENSMUSG00000026608",3796.53548028058,0.462188213823661,0.254394292283847,1.81681833218162,0.0692449348439038,0.204673607253441
"ENSMUSG00000026609",4.2246534445476,-1.28604426796495,2.59215494665731,-0.496129395977412,0.619803120525671,NA
"ENSMUSG00000026610",3.10549626893627,1.11088549198973,1.79657921344761,0.618333710907159,0.536355384582945,NA
"ENSMUSG00000026611",1.10407551660246,-2.43335192271138,3.98039051550138,-0.611334971590059,0.540977843421383,NA
"ENSMUSG00000026614",0.44730646153501,-1.69194018809949,7.26744288989106,-0.232810936905052,0.815908219839159,NA
"ENSMUSG00000026615",2128.60651034395,0.583883178532502,0.251569792408479,2.32095901873799,0.0202890557477159,0.0963754522182468
"ENSMUSG00000026616",52.7802680925612,1.81904783516834,1.21301554586579,1.49960801522126,0.133715970244095,NA
"ENSMUSG00000026617",186.657160754989,-0.331821453454606,0.238746099726408,-1.38985078221114,0.164574193767252,0.351440031408357
"ENSMUSG00000026618",548.519227787662,0.328423429138484,0.243474490420808,1.34890282990573,0.177368179153513,0.368801945926058
"ENSMUSG00000026620",0.525028309352187,-1.45641344777139,7.18458597289734,-0.202713622366755,0.839358875127606,NA
"ENSMUSG00000026621",0.418134985825298,-2.58832637563553,7.22371436681364,-0.358309623581813,0.720111617004108,NA
"ENSMUSG00000026622",134.074869131464,-0.94372544423445,0.687480846113173,-1.37272979977553,0.169836361492733,0.358189125955977
"ENSMUSG00000026623",499.432953636855,-0.932718451117357,0.277819837070954,-3.35727808694649,0.0007871390112781,0.0176811174380004
"ENSMUSG00000026626",3526.56494756144,-0.217992649597153,0.110286242678105,-1.97660781892273,0.048085977657511,0.164498772452776
"ENSMUSG00000026627",89.2124750758119,0.558131427006295,0.470361353068822,1.18660137225311,0.235384894385466,0.439928092456104
"ENSMUSG00000026628",109.379120157166,0.276547453644273,1.53002920478973,0.180746519594885,0.85656654273915,0.932556203012894
"ENSMUSG00000026630",735.359819835737,-2.68496887539314,1.80619327074071,-1.48653464658964,0.137137759654984,0.314745009099029
"ENSMUSG00000026632",127.415604812791,0.235643401457539,0.388809158130184,0.606064431688719,0.54447196868018,0.726820870250782
"ENSMUSG00000026634",892.558994927451,0.178191795938052,0.157235902788421,1.13327676935102,0.257098044134174,0.466657026490324
"ENSMUSG00000026637",199.265452321432,0.163690812136443,0.206281441257321,0.793531454592907,0.42746825064192,0.630497244892495
"ENSMUSG00000026638",27.6127806026099,0.0153320411758823,0.701468850380158,0.02185705205238,0.982561984079791,NA
"ENSMUSG00000026639",520.527519778819,-0.113929180860842,0.306073660899136,-0.37222798108847,0.709723114601602,0.84099891966397
"ENSMUSG00000026640",44.2482742299241,0.929813638711801,0.474674662002579,1.95884405286994,0.0501310527213218,NA
"ENSMUSG00000026641",217.902939016077,-0.670943031622121,0.401907849499972,-1.66939519209905,0.0950390858625205,0.249591223100695
"ENSMUSG00000026643",870.334085196916,0.00235232238567297,0.212923992362781,0.0110477093706991,0.991185382568022,1
"ENSMUSG00000026644",8.92589043448355,-0.374423581523132,1.79841099649489,-0.208196892842006,0.835075234589605,NA
"ENSMUSG00000026645",0,NA,NA,NA,NA,NA
"ENSMUSG00000026646",179.564261611362,-0.558187882752827,0.370894616294679,-1.50497704261456,0.132329979102606,0.307422289877618
"ENSMUSG00000026648",265.236713508322,0.30311059803969,0.270222088707873,1.12170918184032,0.261986111294325,0.471675224723025
"ENSMUSG00000026649",26.0547154409697,3.00429706131065,1.58759609916332,1.89235603620716,0.0584435594685671,NA
"ENSMUSG00000026650",0.313380293912884,0.597615591574399,7.28332586072409,0.0820525681539375,0.934604911005535,NA
"ENSMUSG00000026655",4854.95698596552,-0.378701747029266,0.117107364257095,-3.23379959434382,0.00122155139807153,0.0217176898739876
"ENSMUSG00000026656",224.79281856208,0.495883702388167,0.654685348027927,0.757438216514072,0.448787367632193,0.649428280779212
"ENSMUSG00000026657",47.0848326431469,0.700279773423929,0.685990657597173,1.02082989858318,0.3073350363883,NA
"ENSMUSG00000026659",217.104314458195,-0.411095177657641,0.224785225917094,-1.82883539601158,0.0674242706788736,0.201356167873313
"ENSMUSG00000026662",821.078692729466,-0.176801234137766,0.316774250546598,-0.558130068440518,0.576755569562907,0.750070436177608
"ENSMUSG00000026663",387.136706922211,0.210345368218959,0.295046001075887,0.712923976098417,0.47589280187493,0.670687246440502
"ENSMUSG00000026664",556.764627169227,-1.03349387996685,0.33290251574263,-3.10449405184386,0.00190604760210291,0.0263514413241779
"ENSMUSG00000026667",975.09945379867,0.242035513051545,0.155905177312535,1.55245333877751,0.120553789299215,0.289945062584609
"ENSMUSG00000026668",0.111843362429843,1.16411292297104,7.3555352372476,0.158263523377076,0.874249149976116,NA
"ENSMUSG00000026669",352.968426017575,0.264486800773457,0.370838774218273,0.713212369259375,0.475714353342199,0.670623397721141
"ENSMUSG00000026670",343.104056522615,-0.144702293094468,0.250429427590453,-0.577816650729687,0.563387912446568,0.740865972400469
"ENSMUSG00000026672",31.9647410024303,-1.55494494319399,0.705679833251463,-2.20347085168849,0.0275615792117764,NA
"ENSMUSG00000026674",15.7810431188505,4.8147373544083,1.88410649654504,2.55544862418196,0.0106051015259197,NA
"ENSMUSG00000026675",95.8544972208158,0.698873903048948,0.439443698373421,1.59036050724085,0.111753566960932,0.276793788376048
"ENSMUSG00000026676",0.455088744366699,1.2075384212867,6.31797103742988,0.191127565183952,0.848425651814154,NA
"ENSMUSG00000026678",0.720234073050456,1.69346726461753,4.50832555958381,0.375631094568481,0.707191170759782,NA
"ENSMUSG00000026679",11.1529754441738,-0.88040177259134,1.03303209228963,-0.852250166439651,0.394075258394884,NA
"ENSMUSG00000026683",2028.91300055424,0.0469862369310607,0.429041343928112,0.109514473595658,0.912794442546547,0.962245181249079
"ENSMUSG00000026686",1.10234576405478,-0.0554432045676623,3.64322936140734,-0.0152181482601593,0.987858143120579,NA
"ENSMUSG00000026687",600.319465021494,0.100319310197295,0.186383206769859,0.538242215786999,0.590409838594417,0.759625309710506
"ENSMUSG00000026688",442.846843543353,-0.311903614608589,0.261645276999806,-1.19208578188407,0.233227611407578,0.437633815255108
"ENSMUSG00000026691",0.0425774740632087,0,7.3561311249555,0,1,NA
"ENSMUSG00000026692",0.407967196491554,0.623170937434438,7.21848312241593,0.0863299015688314,0.931204169186294,NA
"ENSMUSG00000026694",118.003811810515,0.0161506939542462,0.374480283995499,0.0431282891102493,0.965599268824985,0.989583988964287
"ENSMUSG00000026696",1578.75495501104,-0.792265002998528,0.224205548540605,-3.5336547563409,0.000409856067705835,0.0128222674165092
"ENSMUSG00000026697",0.265230330190317,1.35321099149014,7.25517621558262,0.186516626375486,0.852039641663676,NA
"ENSMUSG00000026698",418.808964076295,-0.516749549903679,0.301385576673196,-1.71457956152962,0.086422338612683,0.234895410994524
"ENSMUSG00000026700",14.884689674319,3.47236593217662,1.86579106796888,1.8610690080946,0.06273443214771,NA
"ENSMUSG00000026701",3310.20579216041,-0.809427658710771,0.289207306521542,-2.79878011536503,0.0051296055507316,0.0428261409366401
"ENSMUSG00000026705",314.58545808852,0.00523029128067339,0.211081526394576,0.0247785363788604,0.980231611290305,0.99642927315184
"ENSMUSG00000026707",179.842853759067,0.800558192704277,0.330081825379982,2.42533254226492,0.0152943699084505,0.0810438391025232
"ENSMUSG00000026708",1109.06182821204,-0.3584475414097,0.365515819924311,-0.980662181691414,0.326759359262197,0.537082851065317
"ENSMUSG00000026709",230.782819542399,-0.332157819868714,0.255988895213985,-1.2975477689806,0.194442780174402,0.390584613294851
"ENSMUSG00000026712",6.49958754332369,-1.24871828132483,2.08057311210473,-0.600179957176136,0.548386309658255,NA
"ENSMUSG00000026715",87.3756659405717,0.670770398141288,0.408800535448052,1.64082563494227,0.100833615312036,0.259095473709248
"ENSMUSG00000026718",230.544578937871,0.13434022677504,0.240103885843831,0.559508757231934,0.575814556331841,0.749332133931048
"ENSMUSG00000026721",1405.7324704018,-0.603165466546426,0.213159405106344,-2.82964510172803,0.00465996637908533,0.0407524561148735
"ENSMUSG00000026723",234.26946167167,-0.572978538866985,0.406626967666128,-1.40910117731651,0.158805252791974,0.34447880707673
"ENSMUSG00000026725",2.55753207089067,-0.300380612800985,2.34511249132793,-0.128087933483691,0.898079385073306,NA
"ENSMUSG00000026726",5.54041759853366,-1.53276617281743,1.43823637304706,-1.06572619184293,0.286547434097655,NA
"ENSMUSG00000026727",1008.67029934893,-0.27400883324675,0.266757149033731,-1.02718459182551,0.304333552057659,0.515744413181889
"ENSMUSG00000026728",9105.12833909844,0.0513485433144308,0.193526065027741,0.265331407978921,0.790754171241753,0.894246079707669
"ENSMUSG00000026730",29.6105634758388,1.17232735870185,1.06979657904867,1.09584137925021,0.273148196465829,NA
"ENSMUSG00000026734",0.430574577398659,-0.339743202121775,7.22492946654341,-0.0470237396358025,0.962494306961153,NA
"ENSMUSG00000026735",0.0407969102058399,0,7.3561311249555,0,1,NA
"ENSMUSG00000026736",4.20590914030432,-2.28260237652574,1.31082675517913,-1.74134558018982,0.0816230211008069,NA
"ENSMUSG00000026737",855.581318877071,-0.170127918745637,0.140091306529555,-1.21440739586325,0.224592192592398,0.427187574326699
"ENSMUSG00000026739",353.529199875558,-0.30072720658458,0.27671783233072,-1.08676482484571,0.277140756837416,0.487707420254119
"ENSMUSG00000026740",926.26194787892,0.573161330897789,0.276759624928359,2.07097162762146,0.038361447577538,0.142750274116257
"ENSMUSG00000026743",667.91151124288,0.574890209412385,0.315441637363145,1.82249310591346,0.0683801988499772,0.203045438759995
"ENSMUSG00000026748",18.4336576861518,0.74261736594694,1.15007011674836,0.645714861322171,0.518464034263856,NA
"ENSMUSG00000026749",124.04388677625,-0.920655377096001,0.70952877701123,-1.29755889672876,0.194438954142744,0.390584613294851
"ENSMUSG00000026750",3495.93018529883,-1.04538629961085,0.269496966723371,-3.87902807338052,0.000104874652433127,0.00759219421493503
"ENSMUSG00000026751",0.298580435076915,2.391254995452,7.2675646579203,0.329031127758316,0.742132160226731,NA
"ENSMUSG00000026753",2033.19942165977,-0.782668211124635,0.33374524648602,-2.34510669250062,0.0190216355564265,0.0928079306393268
"ENSMUSG00000026754",224.272846345064,0.315721327106117,0.373773703267111,0.84468576667228,0.398286308446892,0.604214266267269
"ENSMUSG00000026755",5446.07502916391,-0.680256663865411,0.222145827963865,-3.06220769528052,0.00219710945545189,0.0283160716651133
"ENSMUSG00000026761",1438.09909553422,-0.79015691674927,0.352953595965595,-2.23869915416953,0.0251754976115941,0.109388920391476
"ENSMUSG00000026764",19.716322090745,-1.81238078724453,0.921818881913926,-1.96609206298918,0.0492879770711803,NA
"ENSMUSG00000026765",45.1158006315297,0.345974992474746,0.469036849168769,0.737628595893661,0.46074017343867,NA
"ENSMUSG00000026766",1414.00279605577,-0.406510980681581,0.153472639692375,-2.64875212608842,0.00807895624455215,0.0548869295377306
"ENSMUSG00000026767",975.741800640064,0.783067471077204,0.242688843722139,3.22663151328769,0.00125256654964761,0.0219322094998944
"ENSMUSG00000026768",0.859795761466318,-4.9476531590068,7.23406776505489,-0.683937905987982,0.494014376565121,NA
"ENSMUSG00000026770",2495.63277656693,2.23491653317643,0.555467511750769,4.02348739736773,5.73426539733326e-05,0.00619178699830518
"ENSMUSG00000026771",301.496844584413,0.622099750225827,0.449176171430603,1.38497941296501,0.166058762467188,0.353388776531357
"ENSMUSG00000026773",191.970340803207,0.269410042662793,0.316750848537728,0.850542449709345,0.395023570136011,0.602095196514833
"ENSMUSG00000026774",0.85833542149503,2.65719272510087,3.91454593535944,0.678799730282608,0.497264764715826,NA
"ENSMUSG00000026775",1139.86948837825,0.232392415538733,0.208520670808592,1.11448143072614,0.265072706392623,0.474767838864121
"ENSMUSG00000026778",2494.77935204973,0.362053868332547,0.159748095122381,2.26640491741189,0.0234266027975531,0.104594385119156
"ENSMUSG00000026779",432.66782961852,0.79050282441329,0.509672244386859,1.55100230220359,0.120901132247338,0.290215563930291
"ENSMUSG00000026781",328.853759254458,0.727154755735633,0.272183072369374,2.67156494856824,0.00754984604416015,0.0525935363964222
"ENSMUSG00000026782",352.19716947917,-0.027049317376442,0.173374088366919,-0.156017070550914,0.876019565638112,0.942836828282072
"ENSMUSG00000026784",409.1316899203,0.142619677997977,0.277478071483465,0.513985401568842,0.607262197204505,0.77146726890715
"ENSMUSG00000026785",12.7758055412623,0.17441186495819,1.09561858332708,0.159190312771577,0.873518935828104,NA
"ENSMUSG00000026786",1989.05984206761,0.241970606145069,0.183749830588244,1.31684805025638,0.187889562808977,0.382229414958393
"ENSMUSG00000026787",18.4466493480111,0.204666692523049,0.600028186304747,0.341095130519587,0.733031966937263,NA
"ENSMUSG00000026788",134.228775333268,0.351903072385722,0.28687187578941,1.22669073577659,0.219938851012896,0.421745013048008
"ENSMUSG00000026790",876.632572317843,0.518438853279613,0.203478229135739,2.54788365065711,0.010837861059646,0.0660494800090017
"ENSMUSG00000026791",66.5972133939515,-0.376447511694655,0.475756202368345,-0.791261385181474,0.428791476957711,0.631665107017802
"ENSMUSG00000026792",35.5971885773605,0.0967665517050049,0.656483705257869,0.147401300184587,0.882815279334024,NA
"ENSMUSG00000026796",67.0646857714581,0.957896395853865,1.06955075501,0.895606301399792,0.370463069027252,0.57998534009097
"ENSMUSG00000026797",21.9573725317392,0.404013581154115,1.08857979217128,0.371138233558672,0.710534575144167,NA
"ENSMUSG00000026798",133.315577131679,-0.12416436969431,0.35063495551228,-0.354112924973226,0.723254256156463,0.849335465636689
"ENSMUSG00000026799",603.678437093153,-0.652337111968905,0.299661689967403,-2.17691194373183,0.0294871381117865,0.121349025909663
"ENSMUSG00000026803",541.8768361261,0.316138216488917,0.184394656746611,1.71446516979797,0.0864433285674266,0.234895410994524
"ENSMUSG00000026805",0.718692609836663,-1.02366950749322,4.35495488034187,-0.235058579392872,0.814163266882143,NA
"ENSMUSG00000026806",151.114885508712,0.10446114218638,0.283143550402133,0.368933504005369,0.712177289634008,0.842291518070372
"ENSMUSG00000026807",2.50293794923197,0.967690697527541,3.07763037089422,0.314427199146197,0.753196600965917,NA
"ENSMUSG00000026809",76.5017426726945,-0.342379796953822,0.565980474234383,-0.60493217087916,0.545224066313043,0.727529683518416
"ENSMUSG00000026810",1919.80762392511,-0.45447213375081,0.259932104341557,-1.74842632425898,0.0803902329144466,0.224797016226112
"ENSMUSG00000026811",50.6326474931476,1.8236441502652,0.637842378117125,2.8590827653197,0.00424867917951241,NA
"ENSMUSG00000026812",178.632430189186,0.190453249562202,0.356269859061646,0.534575813019442,0.59294321241955,0.761299344689862
"ENSMUSG00000026814",31.9263500802289,0.458614340054932,0.973249690377075,0.471219610537196,0.637483915928463,NA
"ENSMUSG00000026815",10.4826322833388,-0.262175993031536,2.35029707094635,-0.1115501509458,0.911180099011042,NA
"ENSMUSG00000026816",208.979067472264,0.53824007429235,0.248347929348903,2.16728231116507,0.0302133344351501,0.123259930206958
"ENSMUSG00000026817",1.75059958890739,0,3.54926707408697,0,1,NA
"ENSMUSG00000026818",0.562886126031089,1.3232956421223,6.16325006910466,0.214707439627635,0.829995421867271,NA
"ENSMUSG00000026819",85.5285032305012,0.428094180471276,0.358897721238993,1.19280272661917,0.232946642007664,0.437249638819788
"ENSMUSG00000026820",224.999678162063,-0.474782228891267,0.467749641872178,-1.01503493832928,0.310089173297142,0.521563974483963
"ENSMUSG00000026821",79.7416067490596,0.526096417089196,0.520021133315955,1.01168276322637,0.311689759596648,0.522984834181901
"ENSMUSG00000026822",117.369131617961,0.304681029847219,1.52280298071586,0.200079086858623,0.841418728934521,0.924260932938964
"ENSMUSG00000026824",1.73705323391479,-1.17834915178006,2.50696448592184,-0.470030253079858,0.638333403386198,NA
"ENSMUSG00000026825",1.59391856283712,-3.80907417972891,4.0139238477247,-0.948965233081862,0.342638294851798,NA
"ENSMUSG00000026826",158.283228486671,1.19038170879602,0.44662445895109,2.66528553226052,0.00769229794171711,0.0532481548696594
"ENSMUSG00000026827",587.647275719114,0.46650571306253,0.183762155653585,2.53863866258704,0.0111284693614986,0.066872291573504
"ENSMUSG00000026828",0.767521205571344,1.75258513137397,3.20841871150408,0.546245764335531,0.584897011903831,NA
"ENSMUSG00000026829",0.171722876357244,2.94371300742096,7.25201605381103,0.405916504538624,0.684803950701792,NA
"ENSMUSG00000026830",52.6117818074822,1.0304568914023,0.947720622337379,1.08730027300754,0.276904127994437,NA
"ENSMUSG00000026831",1.66275888685846,0,3.67929697705856,0,1,NA
"ENSMUSG00000026832",4931.36187944351,0.0177199014078282,0.181889241467357,0.0974213827320199,0.922391764530823,0.967615684218103
"ENSMUSG00000026833",22.6092587914316,-3.11701415831131,1.6704080128557,-1.86601963970618,0.0620386177918166,NA
"ENSMUSG00000026834",7.15718594420121,-0.33051702726796,2.05146879661253,-0.161112383387807,0.872004887127848,NA
"ENSMUSG00000026835",4.70214975847465,0,3.30245474656285,0,1,NA
"ENSMUSG00000026836",4.68377309583485,0.495026839119037,1.53139451713921,0.323252325627881,0.746504156020863,NA
"ENSMUSG00000026837",2.814579917059,-1.58284652097731,2.46035469505269,-0.643340785034009,0.520002997371884,NA
"ENSMUSG00000026839",1.71063070974183,-0.738433981212632,2.46553777371925,-0.299502197485585,0.76455689558804,NA
"ENSMUSG00000026840",0.163882198208951,-1.67332960488865,7.35016514490697,-0.227658776626009,0.819911522372064,NA
"ENSMUSG00000026841",1.27417780709649,-1.87872820863421,6.45226443259138,-0.291173467588288,0.770918653641907,NA
"ENSMUSG00000026842",225.592868417575,0.247798410102401,0.282414834323877,0.877427032810262,0.380254735412501,0.589156435666547
"ENSMUSG00000026843",106.543160451122,-0.17027175366886,0.405857380017633,-0.419535930728826,0.674824501089509,0.820944038326297
"ENSMUSG00000026848",408.597841723247,0.370339600422355,0.21776982109988,1.70060111429535,0.089017914786488,0.239505195335992
"ENSMUSG00000026849",672.398309277374,-0.208149430194012,0.209098134916472,-0.995462873340124,0.319511192588844,0.530813738481543
"ENSMUSG00000026851",1053.3579139825,-0.194046316846312,0.184200932710707,-1.05344915463087,0.292135185896916,0.503444266490763
"ENSMUSG00000026853",41.2042766281491,0.76679738161013,0.818999595854096,0.936261001216336,0.349138822232132,NA
"ENSMUSG00000026854",110.292014872003,0.929250646701996,0.396022778691167,2.3464575693679,0.0189528240291376,0.0928079306393268
"ENSMUSG00000026856",156.462136896399,0.435839993454401,0.327646606524306,1.33021366550326,0.183447882914501,0.376731267361535
"ENSMUSG00000026857",525.625541596075,-0.142088830839674,0.273957487765003,-0.518652846464836,0.604002849602765,0.770307802490747
"ENSMUSG00000026858",29.4374531483417,-0.331407094273592,0.730031506767648,-0.45396272791151,0.649855653660576,NA
"ENSMUSG00000026860",415.838449332414,0.151315063466942,0.259500175671139,0.583101969297708,0.559824658114304,0.737652192143414
"ENSMUSG00000026864",4371.07120650626,0.367706103471344,0.208608128268663,1.7626643147758,0.0779571227823418,0.220486980343545
"ENSMUSG00000026866",9.44472974333597,1.259779425622,1.37441187461508,0.916595271686524,0.359354762996899,NA
"ENSMUSG00000026867",980.412334693173,0.193324489136076,0.16197351935734,1.1935561436408,0.232651637993596,0.436801793270028
"ENSMUSG00000026869",1028.40220545151,-0.41739645878897,0.252953674648363,-1.65009051309179,0.0989244248206444,0.256321871389796
"ENSMUSG00000026870",0.888153373614381,-1.34605293994461,5.05617466718773,-0.26621962818648,0.790070067211184,NA
"ENSMUSG00000026872",576.774963089954,-0.283273132531653,0.458355548296412,-0.618020516135358,0.536561814804287,0.720376874031652
"ENSMUSG00000026873",114.093942788088,-0.992531672175987,0.650567460701092,-1.52563989460274,0.127099570898656,0.2999950473575
"ENSMUSG00000026874",0.877476297252679,0.0564340464820423,4.51382987425691,0.0125024752935184,0.990024727867764,NA
"ENSMUSG00000026875",834.840387965398,0.0586365603139226,0.18902926153218,0.310198325056359,0.756410144166552,0.871013248171108
"ENSMUSG00000026878",2885.48310273305,0.274214740345456,0.237414184835385,1.15500571516225,0.248088086081695,0.455319482160705
"ENSMUSG00000026879",164.924252346577,-0.470991523736698,0.351907271574228,-1.33839667941432,0.180767160784971,0.37327833389585
"ENSMUSG00000026880",14.3967148559577,0.27384169618583,1.45994032739813,0.187570471920495,0.851213375350431,NA
"ENSMUSG00000026882",0.152351162903593,-1.67191180758503,7.35012855447064,-0.227467015739215,0.820060614649315,NA
"ENSMUSG00000026883",17.7938106580526,-1.77260176811541,1.5541836466921,-1.14053559364634,0.25406323258576,NA
"ENSMUSG00000026885",1.92630167086034,0.390223225801494,1.73553891935462,0.224842682264137,0.822101660435425,NA
"ENSMUSG00000026887",334.514838329313,-0.715377292133398,0.440357825395361,-1.62453634493975,0.104261390068158,0.264327578732006
"ENSMUSG00000026888",4.38476274136866,2.30520657590045,1.69244761588232,1.36205490454644,0.173180558473039,NA
"ENSMUSG00000026889",808.123307034771,-0.246532415516887,0.259992667092469,-0.948228341490898,0.343013221911281,0.551562821229558
"ENSMUSG00000026890",1.44857718390343,-1.12063356810428,1.85536965423617,-0.603994770285078,0.545847119133808,NA
"ENSMUSG00000026893",34.1494782487134,0.26705497228695,0.800222053871333,0.333726083897569,0.738586264823247,NA
"ENSMUSG00000026894",0.413874857678999,0,7.3561311249555,0,1,NA
"ENSMUSG00000026895",5010.56767207033,-0.817856104266369,0.210980642247429,-3.87645091774449,0.0001059911787214,0.00759219421493503
"ENSMUSG00000026896",251.486730933114,-0.370245139347184,0.346768929772804,-1.067699864546,0.285655919572773,0.497394533200082
"ENSMUSG00000026904",14.5079288408403,0.529000878543228,1.02934790636439,0.513918448050897,0.607309008942032,NA
"ENSMUSG00000026914",5643.7286355394,-0.571623075362754,0.241209292646677,-2.36982194628822,0.0177966534368877,0.0888484440523409
"ENSMUSG00000026915",690.742289640046,0.490846371499768,0.294057426211728,1.66921943724811,0.095073899365421,0.249616333393675
"ENSMUSG00000026917",448.460254669621,0.192938474706607,0.194711522606312,0.990893975477303,0.321737354423296,0.532389911478681
"ENSMUSG00000026918",546.273879094183,0.154188740987423,0.185274559604943,0.832217554942221,0.405286156719399,0.610337242408784
"ENSMUSG00000026919",697.744470236139,-0.704149004684087,0.326556718498566,-2.1562839310782,0.031061501227899,0.125579934412181
"ENSMUSG00000026921",55.5629268986795,1.03959142600146,0.875324797323168,1.18766362975279,0.234965958236887,NA
"ENSMUSG00000026922",208.732132035487,-0.688945581700419,0.369495831539839,-1.86455576191294,0.0622436985782783,0.192575574474579
"ENSMUSG00000026923",595.721335481133,0.316321109591287,0.267504705747568,1.18248801906978,0.237012116634018,0.442133378548267
"ENSMUSG00000026924",342.583230956186,0.010961552325928,0.230667750248795,0.0475209573687913,0.962098027637915,0.987588753734659
"ENSMUSG00000026925",140.954902621812,0.705215043355299,0.331207768704218,2.12922253036004,0.0332358537007042,0.130943170120152
"ENSMUSG00000026926",658.675932114679,-0.215827847582394,0.206426781463458,-1.04554189166874,0.29577258969353,0.507166159405561
"ENSMUSG00000026927",1210.45256562335,-0.163224924194441,0.171032046950092,-0.954352866057149,0.339905056276987,0.548475592768204
"ENSMUSG00000026928",7.32342834262387,-1.78405247999171,1.48668329643273,-1.20002187706858,0.230130844111657,NA
"ENSMUSG00000026930",48.5562063338654,-0.0421654135286557,0.418533827134105,-0.100745533084821,0.919752465049124,NA
"ENSMUSG00000026931",0.0761524196209141,-2.55627499047924,7.29465809108018,-0.350431090609309,0.726015196884991,NA
"ENSMUSG00000026932",38.8027968172868,-1.5495763325946,0.602816921845964,-2.57055878234049,0.0101534593789865,NA
"ENSMUSG00000026933",175.279161739831,0.221697380046941,0.3275816254918,0.676769888158731,0.49855196617369,0.688775148235768
"ENSMUSG00000026934",0.460235437102621,-4.69978439249151,7.23543972996635,-0.649550624135095,0.515982535966413,NA
"ENSMUSG00000026936",0.122631756779962,0,7.3561311249555,0,1,NA
"ENSMUSG00000026937",0,NA,NA,NA,NA,NA
"ENSMUSG00000026938",6.58810904269711,2.36428118180089,2.02743680295871,1.1661429734089,0.243556644483912,NA
"ENSMUSG00000026939",54.8416404411293,-0.777751339929447,0.495682652496414,-1.56905095631741,0.116636066134764,NA
"ENSMUSG00000026940",1.6083122670808,1.3225688201324,2.25079984124829,0.587599481701982,0.556801159016696,NA
"ENSMUSG00000026941",17.0227104416989,2.70535677413787,1.00387275323871,2.69492001392586,0.00704055298300673,NA
"ENSMUSG00000026942",1188.05824047819,0.162536279140791,0.14823933508125,1.09644500936074,0.272884075999808,0.483432245961171
"ENSMUSG00000026943",0.30763168855766,2.83646974484463,7.25980272807367,0.39070892847763,0.696012398465648,NA
"ENSMUSG00000026944",371.392665309792,0.116899619991364,0.242824297592496,0.481416485707471,0.630220522210005,0.787277879697447
"ENSMUSG00000026946",2904.92986508297,-0.962133882563229,0.251317501085948,-3.82836005612752,0.000128999946222317,0.00826311706375921
"ENSMUSG00000026950",93.9849028061977,0.770747729842773,0.430202494830024,1.79159288731531,0.0731982033128395,0.211754240487977
"ENSMUSG00000026955",239.442544033859,-0.440136991959474,0.698462639110652,-0.630151087995054,0.528595737204977,0.714406461891058
"ENSMUSG00000026956",125.976998237265,0.470714917238173,0.332662257011007,1.41499345753131,0.157070414287998,0.342185907785536
"ENSMUSG00000026958",68.335203280359,0.491827636132525,0.423894893290151,1.16025846009868,0.245943591714792,0.452563882002126
"ENSMUSG00000026959",35.747400832641,0.408779358503632,0.905626914825078,0.451377219263175,0.651717699191375,NA
"ENSMUSG00000026960",488.787808121043,-0.598700864261904,0.309480217280818,-1.93453678403829,0.0530471639615253,0.173747917746745
"ENSMUSG00000026961",0.0355187493373064,1.16171280725677,7.35565536667627,0.157934643392857,0.874508299155349,NA
"ENSMUSG00000026963",0.0762234154812396,0.458720164982972,7.32513791216136,0.0626227342725377,0.950066925614011,NA
"ENSMUSG00000026965",534.519220013071,-0.0044171797763051,0.18776560033819,-0.0235249681962467,0.981231522253542,0.996862651333634
"ENSMUSG00000026966",4255.08037516163,-0.695330194747226,0.241402048175831,-2.88038233313068,0.00397193182313363,0.0378251888937147
"ENSMUSG00000026969",187.784400805142,0.10045199003797,1.10499933704016,0.0909068328557004,0.927566620842793,0.970265284226906
"ENSMUSG00000026970",2475.85929212691,-0.169248127166141,0.210994279102937,-0.80214557421043,0.422468754933447,0.626181106235733
"ENSMUSG00000026971",6.76542544401232,-1.88174229618053,1.49073287888482,-1.26229341475866,0.206843225411525,NA
"ENSMUSG00000026972",1147.71259682573,0.192530538619182,0.186262033656657,1.0336542280757,0.301297838335084,0.512356637182575
"ENSMUSG00000026974",341.828569246989,-0.327922854111009,0.408755159627371,-0.802247620335727,0.422409735080571,0.626181106235733
"ENSMUSG00000026975",238.363696488706,-0.610661534308724,0.362670845405751,-1.68378997662612,0.0922222650124509,0.245218865643819
"ENSMUSG00000026976",12.7255703788063,-0.00534543141987425,0.773466899345801,-0.0069110021700934,0.994485861963174,NA
"ENSMUSG00000026977",1210.53280643484,0.129279120535468,0.225282781826872,0.573852646381196,0.566067519473298,0.74231592332098
"ENSMUSG00000026979",709.60095974724,0.0441167033785825,0.167285095337736,0.263721662049533,0.791994402377183,0.894727390571252
"ENSMUSG00000026980",474.495813637547,0.636338277770478,0.179921188468677,3.53676119631269,0.0004050657429956,0.0127925714680879
"ENSMUSG00000026981",13.9632331706786,1.76117985510165,1.37070546092329,1.28487111586711,0.198837325911844,NA
"ENSMUSG00000026983",0.704839515719808,-1.27462818336275,7.34010943836127,-0.173652476719382,0.862138588037231,NA
"ENSMUSG00000026984",0.0710374986746129,2.16226366003378,7.28481246100722,0.296818026765623,0.766605441993722,NA
"ENSMUSG00000026985",0.149822805962599,2.16047123487604,7.2848537277988,0.296570297167634,0.76679459055651,NA
"ENSMUSG00000026986",1.89593622676239,1.42487793715842,3.34421920076391,0.426071932376005,0.670055431587658,NA
"ENSMUSG00000026987",452.982028393784,-0.157555568881235,0.227439121560902,-0.692737325926782,0.488474410273309,0.680265630366832
"ENSMUSG00000026988",47.6372295185977,-0.395323020671852,0.460684203269144,-0.858121502466394,0.390825375165758,NA
"ENSMUSG00000026989",2262.4966191351,-0.787326505058045,0.337157422150241,-2.33518959789414,0.0195335183063042,0.0944905897905101
"ENSMUSG00000026991",388.484061807043,-0.204557689097875,0.19983622491024,-1.02362666823673,0.306011644059086,0.516915931313597
"ENSMUSG00000026994",161.995664484397,0,2.05790771437223,0,1,1
"ENSMUSG00000026999",679.402764658316,-0.280785020753555,0.286502507604386,-0.980043850580445,0.327064473641636,0.537205143476011
"ENSMUSG00000027001",524.863105802317,-0.534590862691533,0.294429407641739,-1.81568433321043,0.0694188086694812,0.20489845437379
"ENSMUSG00000027002",155.37598629594,0.67559748289912,0.350031791581553,1.93010320533046,0.0535940513866963,0.174728627294688
"ENSMUSG00000027004",0.285594187384904,0.973798253209471,7.19745264847129,0.13529762553093,0.892376562369246,NA
"ENSMUSG00000027006",595.459252239676,0.660831378483665,0.151942695844757,4.34921451676,1.36626016100024e-05,0.0023967377612348
"ENSMUSG00000027007",114.619486711373,0.413768297893633,0.357545516333198,1.15724650147211,0.247171664003083,0.454059077991169
"ENSMUSG00000027009",7226.28059080548,0.726874321117823,0.220314251163426,3.29926147436844,0.00096939571011168,0.0194370721997038
"ENSMUSG00000027010",559.660962803914,0.170762106309647,0.209716852814617,0.814250757713763,0.415501313033212,0.619865752993254
"ENSMUSG00000027011",641.341446025536,-0.157869441705277,0.189816258111375,-0.831696100618771,0.405580502218965,0.61050148689424
"ENSMUSG00000027012",1834.62461605108,0.235163676401559,0.246346633576423,0.95460478995588,0.339777593958032,0.54840125859602
"ENSMUSG00000027014",424.648934078843,0.216377220855971,0.220316652822146,0.982119227413302,0.326041114092204,0.536526787548101
"ENSMUSG00000027015",4.5884131891741,0.241137829760897,1.16618342038484,0.206775216956284,0.836185411867305,NA
"ENSMUSG00000027016",0.995509179216574,-0.509083724760804,2.93892832401493,-0.173220871227419,0.862477818754516,NA
"ENSMUSG00000027018",3169.27959088089,-0.911907984625169,0.339376215191619,-2.68701206450277,0.00720943487157982,0.0513971786058969
"ENSMUSG00000027022",1.00689703345718,2.58034360386243,7.12209915588096,0.362300994044958,0.717127115423128,NA
"ENSMUSG00000027030",691.0909941279,0.0713712463493191,0.33066733828281,0.215840024357886,0.829112448641637,0.916138671453452
"ENSMUSG00000027035",163.108130707081,0.850160237932971,0.341202356843158,2.49165992227823,0.0127147713159702,0.0724774815146338
"ENSMUSG00000027048",7.17541944948631,-0.7433014366669,2.31516071165691,-0.321058245729704,0.748166251646739,NA
"ENSMUSG00000027067",2252.2383754701,-0.075617696465188,0.16491553448436,-0.458523793417166,0.646576172378162,0.799082055205871
"ENSMUSG00000027068",9.41809502297111,0.246476897797905,1.00932869051029,0.244198842374423,0.80707682358302,NA
"ENSMUSG00000027070",10.696794824303,0.775882375559971,0.954028860091891,0.813269291963807,0.416063679133765,NA
"ENSMUSG00000027071",1.16956568053387,-0.449941830568985,3.30594033062548,-0.136101013802586,0.891741426088185,NA
"ENSMUSG00000027072",0.787522693401633,-1.90249176034766,6.49487882045671,-0.292921825478167,0.769581905886504,NA
"ENSMUSG00000027073",14.4108530157285,0,2.20993831036438,0,1,NA
"ENSMUSG00000027074",522.565688948088,0.0999640629279658,0.302309756940967,0.330667669940557,0.740895525419272,0.860403227064086
"ENSMUSG00000027075",25.4671366565293,0.0199288270229845,0.662760258259728,0.0300694357795585,0.976011676418192,NA
"ENSMUSG00000027076",895.802113683941,-0.586224571988568,0.215213927381034,-2.72391559004758,0.00645129924006009,0.048577852820009
"ENSMUSG00000027077",0.19962087185725,-1.67323786269109,7.35016462518907,-0.227646311071305,0.8199212140253,NA
"ENSMUSG00000027078",212.51403717022,-0.404342368234195,0.391285026803925,-1.03337040912842,0.301430588820474,0.512494215770619
"ENSMUSG00000027079",885.38885775194,-0.493900803842504,0.232580444104692,-2.1235697856875,0.033706134289705,0.131797918296572
"ENSMUSG00000027080",455.724234931745,-0.240177323313011,0.18845894368337,-1.27442783355792,0.202511833322299,0.399327642607405
"ENSMUSG00000027082",95.9123760769544,-0.776222162899535,0.48236254288744,-1.60920903653306,0.10757064113554,0.270096659006181
"ENSMUSG00000027086",215.493494503949,0.380788482882639,0.255659025414948,1.48943884247623,0.136371846624702,0.313620663293358
"ENSMUSG00000027087",307.691085480903,0.561604297822235,0.342005638488568,1.64209075705343,0.100571196910395,0.258956876361471
"ENSMUSG00000027088",406.573563089703,-0.198711113953237,0.273914920855714,-0.725448300999672,0.468177050391711,0.665112406833183
"ENSMUSG00000027091",2338.87398844293,-0.12388813072508,0.156273866749293,-0.792762944324087,0.427915949727729,0.630676779940152
"ENSMUSG00000027099",859.409252095548,-0.526205751313713,0.285587452833158,-1.84253806003559,0.0653964846469948,0.19781035824221
"ENSMUSG00000027102",0.231087191991476,-2.35616967828072,7.30118384464246,-0.322710635482718,0.74691439680598,NA
"ENSMUSG00000027104",603.798252080907,0.476191573640536,0.249236008747241,1.91060503670422,0.0560553566196417,0.179939886145167
"ENSMUSG00000027107",472.930663866161,0.295451441006817,0.351162088116274,0.841353468968408,0.400149944678858,0.605429429749798
"ENSMUSG00000027108",1237.3141633988,-0.546182566494574,0.194780555113602,-2.80409184672475,0.00504585288184455,0.0424536595482108
"ENSMUSG00000027109",1421.87718622929,0.0852033844464795,0.18497161980496,0.460629498386405,0.645064444225748,0.798150643292921
"ENSMUSG00000027111",517.481511208963,0.30141214055385,0.230252998646382,1.30904762294433,0.190518219593577,0.385600450590195
"ENSMUSG00000027115",674.32522665315,-0.0635819026437345,0.334294193690018,-0.190197448366969,0.849154410535251,0.927728004970025
"ENSMUSG00000027120",0.0414066693320352,0,7.3561311249555,0,1,NA
"ENSMUSG00000027122",463.862197783602,-0.140347684456428,0.28785596341582,-0.487562191837205,0.625859981215324,0.784864557234294
"ENSMUSG00000027130",491.566932740202,0.714244575649266,0.310860070770693,2.29764013717969,0.0215822792518746,0.0995524173610737
"ENSMUSG00000027131",2720.13288927359,-0.527037541199444,0.227529128490923,-2.31635195324219,0.0205390598351807,0.096780772093851
"ENSMUSG00000027132",696.767342097056,-0.258568561966942,0.287548937140854,-0.899215850136435,0.368537699362271,0.578154098984701
"ENSMUSG00000027133",7826.12473874299,-0.733139209810854,0.227593734184526,-3.22126271374609,0.00127627098194436,0.022133225713193
"ENSMUSG00000027134",292.307790018883,-0.307421618528188,0.253796538838352,-1.2112916115219,0.225783662539022,0.428075419924935
"ENSMUSG00000027157",0.419750411455889,1.73060644232633,7.22211049816811,0.23962613736875,0.810620100336164,NA
"ENSMUSG00000027160",982.082623187273,0.0517572277079481,0.234255356166428,0.220943625601358,0.825136328377169,0.913905446229724
"ENSMUSG00000027162",826.469736369276,-0.298382082798999,0.234236473914085,-1.27384978869022,0.202716656138146,0.399492453334444
"ENSMUSG00000027163",374.174064029505,-0.769682210965623,0.288366751310044,-2.66910872168505,0.00760528277835376,0.052867946739822
"ENSMUSG00000027164",391.518350131007,-0.0581647629146003,0.229780555122153,-0.253131788647997,0.800166374825921,0.899334237084051
"ENSMUSG00000027165",29.3480415995202,-1.02097324320127,0.725448767689128,-1.40736780965735,0.159318351374398,NA
"ENSMUSG00000027166",580.567086475757,-0.574435714208341,0.235290939891782,-2.44138475740945,0.0146310572520617,0.0789885313689948
"ENSMUSG00000027167",228.40021449784,0.793673408158699,0.362875470591215,2.18717844682531,0.0287294996591531,0.119073838209949
"ENSMUSG00000027168",12.6393380673159,0.971820023019489,0.870307942227875,1.11663926739742,0.264148594919462,NA
"ENSMUSG00000027170",5313.10885530973,-0.939696811098502,0.255915762756565,-3.67189891305121,0.000240754916582936,0.0102787432003085
"ENSMUSG00000027171",23.8353112254292,1.12335443206697,0.859632864194736,1.3067839526113,0.191286096744969,NA
"ENSMUSG00000027173",1.96379876021626,1.02208484821616,2.26805698808989,0.450643371653961,0.652246602099427,NA
"ENSMUSG00000027175",21.757671005722,0.524448256122528,0.630655417641666,0.831592406014207,0.405639049968331,NA
"ENSMUSG00000027176",791.06677736888,0.193436628493108,0.122096548239814,1.58429235946272,0.113127203719082,0.278798905201477
"ENSMUSG00000027177",614.718216182288,-0.155557995006699,0.180700969320647,-0.86085866385513,0.389315890429772,0.597747464221644
"ENSMUSG00000027180",1097.99980614397,0.0872169861811274,0.226395878430866,0.385241051142902,0.700058831569998,0.836687531651071
"ENSMUSG00000027184",2108.87059139289,-0.117732705144031,0.139354001878469,-0.844846244506888,0.398196691030913,0.604214266267269
"ENSMUSG00000027185",333.944106888566,0.192518180474418,0.303597775589266,0.634122500076789,0.526000879945425,0.711947677643946
"ENSMUSG00000027186",124.856705103535,0.645010562088904,0.349077824480719,1.84775576348457,0.0646376829733149,0.196900923325491
"ENSMUSG00000027187",935.661988698131,-0.425199864051144,0.174959632837995,-2.43027409896808,0.0150874079857881,0.0801822730857607
"ENSMUSG00000027188",0.275323923403714,0.0729555739624214,7.22563687276529,0.0100967672811519,0.991944082148949,NA
"ENSMUSG00000027189",384.810332820954,-0.0793559351700878,0.17534886565014,-0.45256029958255,0.65086539160587,0.802131881682709
"ENSMUSG00000027193",1586.18255475937,-0.260582147697475,0.178821312556106,-1.45722086463109,0.145055422942942,0.324623413568941
"ENSMUSG00000027194",207.06002185859,0.48335021178759,0.296638028346731,1.62942767143334,0.103222514862264,0.262571940147575
"ENSMUSG00000027195",664.046991293338,0.306417713224651,0.176250969148107,1.73853065719691,0.0821173530099771,0.227608751372426
"ENSMUSG00000027198",299.395982048692,0.450763166666066,0.232937308218588,1.93512653732166,0.0529747697608364,0.173657778286791
"ENSMUSG00000027199",16.6282231343978,2.45880575548515,1.864698070845,1.3186079794521,0.187300204673137,NA
"ENSMUSG00000027200",5.2636434026092,-0.579337628024716,1.79012294134047,-0.323630078496675,0.746218113140196,NA
"ENSMUSG00000027201",518.620861389116,0.334471255598733,0.199781891996088,1.67418204050887,0.0940948279945724,0.24810012662746
"ENSMUSG00000027202",0.566013522337088,1.77743208098736,5.46707825773693,0.325115536524827,0.745093630710699,NA
"ENSMUSG00000027203",6677.99084759616,-0.89402849904817,0.211099318957927,-4.23510840045085,2.28441479171428e-05,0.00327267249508632
"ENSMUSG00000027204",2.08615573533284,1.24587834602129,2.94319049230833,0.423308769608096,0.672069996793842,NA
"ENSMUSG00000027206",1408.11842565792,-1.03289718170581,0.327780760388751,-3.1511830666351,0.00162610534367436,0.0246859901676438
"ENSMUSG00000027207",554.360981782227,-0.00848782331565812,0.205729041248159,-0.0412572929138368,0.967090779377905,0.990024625834466
"ENSMUSG00000027208",2.95153337974484,-0.806255038855248,1.62315725115304,-0.496720227373231,0.619386356352437,NA
"ENSMUSG00000027209",1.60501980418656,0.548361813489959,2.13791104755615,0.256494213880785,0.79756924769848,NA
"ENSMUSG00000027210",4.61601882007121,0.152018842299686,1.53475060839053,0.0990511692704955,0.921097642621274,NA
"ENSMUSG00000027215",2365.32748627145,-0.306490986054747,0.323935042335282,-0.946149523821875,0.344072327211708,0.552494307096773
"ENSMUSG00000027217",78.4581195139649,0.25079579307826,0.487764703846792,0.514173721674284,0.607130538506641,0.77146726890715
"ENSMUSG00000027219",845.14354921552,0.828706092346508,0.235266075748174,3.52242068777287,0.000427624972949135,0.0130238374731251
"ENSMUSG00000027220",1.21795871426697,0.296562519698973,2.2575219638003,0.131366393972859,0.895485471966182,NA
"ENSMUSG00000027221",0.947123866071846,-2.57090796458814,3.9830130543001,-0.645468124140986,0.518623868648709,NA
"ENSMUSG00000027222",532.59207031279,-0.464218710508621,0.302385321418815,-1.53518930194915,0.124737335389414,0.296196489895783
"ENSMUSG00000027223",2.38640351078967,0.229871079002649,1.48696467524342,0.154590813641903,0.87714391258313,NA
"ENSMUSG00000027224",0.355135516709212,-0.125258376039151,7.31256784185608,-0.0171291916530593,0.986333550754597,NA
"ENSMUSG00000027225",0,NA,NA,NA,NA,NA
"ENSMUSG00000027227",114.027313964464,0.0189634307801715,0.431433266685062,0.0439544936482944,0.96494067759072,0.989156755987168
"ENSMUSG00000027229",0.0474375977968173,0,7.3561311249555,0,1,NA
"ENSMUSG00000027230",171.515785972513,-0.34442352000678,0.422540619554087,-0.815125230729902,0.415000630712121,0.619305741936793
"ENSMUSG00000027233",2.54039290007538,-0.504787483716628,2.31378576061265,-0.218165178604509,0.8273004150468,NA
"ENSMUSG00000027236",815.960684811242,0.610492164878443,0.235042830356767,2.597365611841,0.00939418724252736,0.060338882971009
"ENSMUSG00000027238",16.8066960318259,0.398842691554814,0.902179159362431,0.442088123424039,0.658425438306392,NA
"ENSMUSG00000027239",24.6606877463996,-0.138612147752054,0.704435919124254,-0.196770414439364,0.844007204313139,NA
"ENSMUSG00000027242",429.021866583707,0.848852026096819,0.25051396784554,3.38844190364746,0.000702909177497129,0.0164261399989577
"ENSMUSG00000027243",237.577562375849,0.368134330780888,0.293608422857582,1.25382755439361,0.20990469158974,0.409401776522837
"ENSMUSG00000027244",210.047946853217,0.759729148089386,0.300982398229081,2.52416471049296,0.0115973576310887,0.0685477289555989
"ENSMUSG00000027245",5201.40702712166,-0.69389927974319,0.221454345682835,-3.13337395842748,0.00172809119491419,0.0251618675899201
"ENSMUSG00000027246",15.3369233225839,-0.115914973296214,1.03989122145191,-0.111468364099056,0.9112449510222,NA
"ENSMUSG00000027247",891.287624746272,0.33760582368865,0.134798031565453,2.50453081375094,0.0122613924380615,0.0710495183193268
"ENSMUSG00000027248",4873.63189187361,-0.0954497377102447,0.25110584625371,-0.380117544590359,0.703858162839118,0.838117261437657
"ENSMUSG00000027249",2.00253976932799,0.891896163371617,2.15784293103642,0.413327657237424,0.679366569189525,NA
"ENSMUSG00000027253",51.7661631919854,0.562582492168729,0.514583620154684,1.09327710819792,0.274272150640419,NA
"ENSMUSG00000027254",10.1997208084791,-0.00466548871419909,1.51789134807754,-0.00307366447546333,0.997547574431453,NA
"ENSMUSG00000027255",394.854012708043,0.146106039845881,0.283323198003651,0.515686822947687,0.60607315935009,0.770749154789095
"ENSMUSG00000027257",5.68920826321286,2.55965169718895,1.7373199388188,1.47333351790646,0.140661127047571,NA
"ENSMUSG00000027259",133.398741928408,0.385405725293727,0.363768239412958,1.05948151470202,0.289380543468435,0.501313809219398
"ENSMUSG00000027261",0.11110227746909,2.16100606360091,7.28484277571863,0.29664415967958,0.766738192982612,NA
"ENSMUSG00000027263",630.223647843341,0.154395344316416,0.207918836793774,0.742575067739312,0.457738987901809,0.655749395117878
"ENSMUSG00000027270",0.480744288275395,-3.66517620730459,7.25251077013601,-0.505366530773984,0.613301421880245,NA
"ENSMUSG00000027272",886.518387715442,0.580110784441586,0.222617788020393,2.60585997911562,0.00916439169956992,0.0594068043419638
"ENSMUSG00000027273",0.962853464626452,-2.24913891323394,3.24103392912588,-0.693957225508139,0.487709034272992,NA
"ENSMUSG00000027274",1315.97921526962,-0.752651102427429,0.306959814439871,-2.45195321022994,0.0142083135934254,0.0776064966839596
"ENSMUSG00000027276",5.43657446851832,-0.296229196624462,1.4185956112921,-0.208818633207703,0.834589824793096,NA
"ENSMUSG00000027281",170.16858375458,1.07436477511999,0.362522659135676,2.96357964956311,0.00304083354940093,0.0330314721272838
"ENSMUSG00000027282",2329.72322156318,-0.559052317117135,0.241199463309991,-2.31780083357249,0.0204601477904664,0.096780772093851
"ENSMUSG00000027284",215.463361488398,0.426361489779427,0.431390201334185,0.988343009323798,0.322984688372138,0.533767827539403
"ENSMUSG00000027285",461.99707077108,-0.430621252393481,0.333936764062243,-1.28952933230561,0.197214125652713,0.393274487003645
"ENSMUSG00000027286",406.022475399309,-0.427096609791054,0.36823854777217,-1.15983677530496,0.246115268149723,0.452707373587647
"ENSMUSG00000027287",698.588285958405,-0.602168983768437,0.204559545280992,-2.9437344658802,0.00324278089634794,0.0339893773392927
"ENSMUSG00000027288",1025.40063293422,0.959438911204615,0.347930208350591,2.75756139644488,0.00582342762409897,0.0460885364805591
"ENSMUSG00000027291",270.869855563875,0.269263481079535,0.21580669008213,1.24770682955686,0.212138439319197,0.411577717894066
"ENSMUSG00000027293",219.899728762964,0.482795703920747,0.343243217319639,1.40657026726082,0.159554854809075,0.345113629240264
"ENSMUSG00000027296",7.5723111250705,3.15088525421534,1.84525224194387,1.70756343365612,0.0877173781783217,NA
"ENSMUSG00000027297",30.0639664126706,3.73149254782846,1.63486357884484,2.28244888204375,0.0224628521808343,NA
"ENSMUSG00000027298",19.4013320730795,-0.977523120426122,0.861344779993426,-1.13488018170097,0.256425524679719,NA
"ENSMUSG00000027300",85.2364459638478,-0.579945163001375,0.409918371463666,-1.41478207217356,0.157132402098658,0.342201761345062
"ENSMUSG00000027301",1.01791204325288,1.4678384980118,4.16472651797445,0.35244535065551,0.724504296139837,NA
"ENSMUSG00000027303",917.854334195183,0.359317540578526,0.125652884575451,2.85960439183364,0.00424169786154286,0.0390416499355411
"ENSMUSG00000027304",1581.69247091142,0.240508034796774,0.185727350554984,1.29495216551626,0.195336731355991,0.391083914405856
"ENSMUSG00000027305",607.768421614203,-0.841210992796687,0.284179626071458,-2.96013829149441,0.00307500975509574,0.0332232412437073
"ENSMUSG00000027306",3791.48591894817,1.26960439102147,0.410862161741408,3.09009811378188,0.00200090386309602,0.0273872687119559
"ENSMUSG00000027309",177.818641020112,0.059107408059868,0.280772271771188,0.210517255450485,0.833263985502159,0.918467272155312
"ENSMUSG00000027312",414.329822353746,0.16295958925159,0.324238817785179,0.502591239274618,0.61525168995267,0.778316221548776
"ENSMUSG00000027313",33.7245453265355,0,2.12794274989994,0,1,NA
"ENSMUSG00000027314",0.293838870745089,0,7.3561311249555,0,1,NA
"ENSMUSG00000027315",3.17732407239915,-0.542628776612143,2.3836167263723,-0.227649340856065,0.819918858441814,NA
"ENSMUSG00000027316",0.581392542998983,1.86776348662923,7.24700962495553,0.257728854146608,0.796616175803524,NA
"ENSMUSG00000027317",0,NA,NA,NA,NA,NA
"ENSMUSG00000027318",4.97691789600025,2.03752371059333,1.29573430811077,1.57248573093979,0.115837945813701,NA
"ENSMUSG00000027322",565.327376807685,0.476628623607058,0.470909235329673,1.01214541539705,0.311468530432523,0.522727745895669
"ENSMUSG00000027323",1041.40211923707,-0.399576756699934,0.325455387662084,-1.22774663394053,0.219542094472348,0.421556644106286
"ENSMUSG00000027324",32.2015020871735,-0.56899671373195,0.525963244480186,-1.08181839644383,0.279333230558086,NA
"ENSMUSG00000027326",1421.11353800832,1.91134221381092,0.431857463617642,4.42586356572312,9.60572242892415e-06,0.00186181502372383
"ENSMUSG00000027327",452.096910582582,-0.379331388292204,0.342473998182711,-1.10762098817741,0.268025535302098,0.478755405938064
"ENSMUSG00000027329",83.2051645986425,0.286860084835177,0.425478556110978,0.674205740136889,0.500180520773906,0.690342895116993
"ENSMUSG00000027330",1927.82043105135,0.45721085295583,0.200327972237507,2.28231159058389,0.0224709507304784,0.101939122519862
"ENSMUSG00000027331",1326.95592322528,-0.273636221819131,0.272304681709965,-1.00488989062107,0.314949872856405,0.526690418833825
"ENSMUSG00000027332",284.561714435599,0.764886118631685,0.468154658977086,1.63383211928928,0.102294106093978,0.261421209601597
"ENSMUSG00000027333",63.0025473507658,0.32206292920465,0.530836644705843,0.606708169861027,0.544044599366671,NA
"ENSMUSG00000027335",0.111604194150621,2.15986707226975,7.28487023760425,0.29648669115897,0.766858429248538,NA
"ENSMUSG00000027338",0.647194626353895,-3.13805304161732,5.95020329738894,-0.52738585301688,0.597925665653231,NA
"ENSMUSG00000027339",384.099781453626,-0.0804789939452404,0.214207314588695,-0.375706096216977,0.707135405265637,0.839946344754965
"ENSMUSG00000027340",162.277070497514,0.91406806122434,0.324498531525662,2.81686347524212,0.00484951350823473,0.0415402435259101
"ENSMUSG00000027341",690.677811211581,-0.469732483661786,0.225812100029793,-2.08019182142946,0.0375079421050599,0.140815042806121
"ENSMUSG00000027342",7626.25660135986,-0.0592903906989443,0.330571369111458,-0.179357307495536,0.857657151433103,0.932826781709354
"ENSMUSG00000027344",1.4069936331234,-2.52552069109041,2.71746496462914,-0.929366422000981,0.352699223170811,NA
"ENSMUSG00000027346",1082.76242816758,1.22931521237075,0.265338220800156,4.63301219350768,3.60383303676566e-06,0.000913433065857141
"ENSMUSG00000027347",1653.74252139421,0.484665824549675,0.180344138769981,2.68744982706557,0.00719999180961385,0.051387667175475
"ENSMUSG00000027349",585.288394722421,0.465740182372389,0.256356782080996,1.81676559750714,0.0692530126097065,0.204673607253441
"ENSMUSG00000027350",0.78187636219098,-2.91506247655692,4.96237502290191,-0.587432925384233,0.556912986180478,NA
"ENSMUSG00000027351",81.2418144779433,0.417209622393826,0.486445985371785,0.857668960048991,0.391075284460266,0.598876406060651
"ENSMUSG00000027353",166.507080955093,-0.160753504069074,0.402425527658705,-0.399461497893364,0.689553187973031,0.830821896325134
"ENSMUSG00000027355",0,NA,NA,NA,NA,NA
"ENSMUSG00000027356",1.01873059359116,-0.111581265589494,5.17653719404762,-0.0215551944102321,0.982802774899432,NA
"ENSMUSG00000027357",430.080071421733,-0.588401925934832,0.261465114329229,-2.25040318454849,0.0244233630418201,0.107298896811389
"ENSMUSG00000027358",0.224890002515486,3.15613463549862,7.24926434613995,0.435373092330283,0.66329163817236,NA
"ENSMUSG00000027359",0.410225942848076,1.05872757111856,6.78043429241526,0.156144507189293,0.875919116920219,NA
"ENSMUSG00000027360",37.972847697505,-0.628602799374524,0.75149410465423,-0.836470699479073,0.402890153659369,NA
"ENSMUSG00000027361",602.418327287924,-0.198240488794275,0.209084800628477,-0.948134384701299,0.343061045532735,0.551562821229558
"ENSMUSG00000027363",491.118134856525,0.21645205931937,0.165389483195897,1.30874137301095,0.190621972045421,0.385731462368267
"ENSMUSG00000027364",123.975963905237,-0.0844698606009098,0.393579511148917,-0.2146195576958,0.830063944402194,0.916212779772523
"ENSMUSG00000027365",1124.18593919413,0.418366282782242,0.22056765991585,1.89677073666129,0.0578582031221778,0.182900012108323
"ENSMUSG00000027366",872.767835418189,0.694645910294823,0.262987186234661,2.64136789415662,0.00825720021419944,0.0556634627826466
"ENSMUSG00000027367",927.923062116272,-0.105380830713063,0.144934523063517,-0.727092679408622,0.467169182977421,0.664360145839708
"ENSMUSG00000027368",1620.66942172541,-0.169896140192603,0.279028955151022,-0.608883547948091,0.542601629925131,0.725205125988361
"ENSMUSG00000027371",223.163407419595,0.266146204370947,0.331542290412576,0.802751902448855,0.422118147161405,0.626146141160037
"ENSMUSG00000027374",568.909798858767,-0.000365701862553925,0.265896444392288,-0.0013753544669984,0.998902626251116,1
"ENSMUSG00000027375",7.42649630494698,1.88181834849252,2.04074610265003,0.92212272072889,0.356464566814106,NA
"ENSMUSG00000027376",1.33880791097187,-1.43276378086196,3.79581327291775,-0.377458973307354,0.705832547902183,NA
"ENSMUSG00000027377",0.206947655727562,0,7.3561311249555,0,1,NA
"ENSMUSG00000027378",8.34185155937228,-1.672186034471,1.43440418641247,-1.16577046435791,0.243707261824149,NA
"ENSMUSG00000027379",679.171338270669,1.88430162099058,1.04895227568755,1.79636544451509,0.072436415794376,0.210412568359508
"ENSMUSG00000027380",21.0383882583576,2.20124968139821,1.35441229659726,1.62524342619193,0.104110700678518,NA
"ENSMUSG00000027381",344.733352688325,0.301771973999641,0.337365827560152,0.894494786807758,0.371057217807869,0.580180417277885
"ENSMUSG00000027384",447.622019253508,-0.547050413405405,0.200783102963931,-2.72458391831745,0.00643825665366425,0.048577852820009
"ENSMUSG00000027386",0.809143333530471,2.37347404453712,4.14186549579356,0.57304469373706,0.566614432827781,NA
"ENSMUSG00000027387",234.826964197215,-0.0383014929915717,0.254083480854338,-0.150743735337637,0.880177871606139,0.945507309370429
"ENSMUSG00000027394",62.2364591004252,-0.0233566831714695,0.501487094774914,-0.046574843928841,0.962852081902909,NA
"ENSMUSG00000027395",225.385306678211,0.636780718163297,0.302788559713222,2.10305408753358,0.0354610417331804,0.136432924848573
"ENSMUSG00000027397",1310.34710924001,0.52852127867732,0.269734932098939,1.95940983455364,0.050064809855036,0.168330151502391
"ENSMUSG00000027398",69.5263404342309,-2.61949242753075,1.63940334976299,-1.59783278953862,0.110080195129659,0.274022344209689
"ENSMUSG00000027399",4.17466431738737,2.73732737559922,2.5648931486706,1.06722862003744,0.285868611715337,NA
"ENSMUSG00000027400",0.396315541939788,3.85491393884194,7.26043695481666,0.530947925425417,0.595454865662453,NA
"ENSMUSG00000027401",2.85816140742934,-0.0776760831904073,1.62926210048087,-0.0476756214776504,0.961974763246314,NA
"ENSMUSG00000027403",0.129284955074443,0,7.3561311249555,0,1,NA
"ENSMUSG00000027404",11914.2837962954,-0.761068491859455,0.263064246506099,-2.8930898134871,0.003814721977074,0.03704177479703
"ENSMUSG00000027405",2467.25374552784,0.193637494211713,0.1765455901388,1.09681297652054,0.27272315641468,0.483432245961171
"ENSMUSG00000027406",2023.69566892222,-0.0527000322147834,0.156452172390522,-0.336844362143072,0.736234229137413,0.857003692301381
"ENSMUSG00000027408",3.02972910686758,3.81376059970928,2.36735194012923,1.61098167748607,0.107183716047281,NA
"ENSMUSG00000027409",0.123537889705681,0,7.3561311249555,0,1,NA
"ENSMUSG00000027411",609.707600361154,0.234224653071165,0.226885610484833,1.0323468842764,0.301909644985097,0.512955799360207
"ENSMUSG00000027412",3.95740199347667,-0.277681676804055,1.64095882964241,-0.169219161253769,0.865624258631444,NA
"ENSMUSG00000027416",0.108725774955814,0.772555410161194,7.27908687656437,0.106133560879525,0.915476383784071,NA
"ENSMUSG00000027419",50.3254551636467,0.441499318175142,0.440911416845544,1.00133337742489,0.316665661458298,NA
"ENSMUSG00000027420",4.48235535664646,-2.62479944505005,2.59696315159217,-1.01071878645672,0.312151042875101,NA
"ENSMUSG00000027422",945.265892848639,0.462695484573497,0.194608668526017,2.37756872845384,0.0174271949849094,0.0878917461356272
"ENSMUSG00000027423",3259.61103113163,-0.0186378033894517,0.155548941905387,-0.119819544647164,0.904626099094569,0.958336419570217
"ENSMUSG00000027424",212.824153362301,0.0318664520066115,0.302870782210789,0.105214678596608,0.916205463535446,0.96368280560203
"ENSMUSG00000027425",243.053877449355,0.22071290304771,0.254714732062717,0.866510159268545,0.386210457570149,0.594928650380265
"ENSMUSG00000027427",412.849358699349,0.410407382557721,0.203607047674487,2.01568357895868,0.0438330738060235,0.155356735235763
"ENSMUSG00000027428",63.4851210558395,-0.106624321085571,0.40963919658318,-0.260288375660652,0.794641338545711,NA
"ENSMUSG00000027429",888.095717628345,-0.170054920105607,0.164764470619727,-1.03210916446963,0.302020981134498,0.512968625174315
"ENSMUSG00000027430",989.160838167019,-0.523681460399321,0.254212874492913,-2.06001156095625,0.0393974356143268,0.145098230643674
"ENSMUSG00000027431",0.129946743368829,-1.89070015150079,7.34104961055587,-0.257551746930317,0.796752873880322,NA
"ENSMUSG00000027433",4377.16174499825,0.471470775196548,0.155939867027126,3.02341398761443,0.00249940067488068,0.0301761849795416
"ENSMUSG00000027434",0.132269955604328,0,7.3561311249555,0,1,NA
"ENSMUSG00000027435",33.6866259873363,0.871758848239978,0.666215847351225,1.30852313361497,0.190695933351713,NA
"ENSMUSG00000027438",22.6204048607286,1.15178159955983,0.711810318604837,1.61810185867683,0.105640648029094,NA
"ENSMUSG00000027439",156.360635621059,0.537942258249041,0.324613671499442,1.65717683966975,0.0974837275648243,0.253853173598074
"ENSMUSG00000027442",0.121854238126367,0,7.3561311249555,0,1,NA
"ENSMUSG00000027443",0.0787055755729007,-1.67046006751283,7.35009522719719,-0.227270534037669,0.820213384060941,NA
"ENSMUSG00000027444",0.0406180793754555,0,7.3561311249555,0,1,NA
"ENSMUSG00000027445",0.0355187493373065,1.16171280725677,7.35565536667627,0.157934643392857,0.874508299155349,NA
"ENSMUSG00000027446",0,NA,NA,NA,NA,NA
"ENSMUSG00000027447",4852.8773572847,-0.44127907585392,0.173726759971588,-2.54007543757846,0.0110828561092527,0.06681740451228
"ENSMUSG00000027452",322.490179300203,0.227033713323462,0.18455261609309,1.23018420507756,0.218628133236145,0.42037329255773
"ENSMUSG00000027454",634.701019432875,0.358599807127078,0.324162589935047,1.10623439675421,0.268625078487897,0.478960840702176
"ENSMUSG00000027455",998.740615292174,-0.468069885744405,0.259375787251188,-1.80460131111279,0.0711370927708794,0.208105996460534
"ENSMUSG00000027456",533.06701713027,0.52302085800598,0.418974625452059,1.24833540322796,0.211908254271292,0.411454153107783
"ENSMUSG00000027457",0.791288906671681,-1.560795537664,5.63598699896796,-0.276933842812236,0.781830905662587,NA
"ENSMUSG00000027459",168.582332237483,-0.125616475852134,0.388569771854385,-0.323279073543601,0.74648390075415,0.864238307485287
"ENSMUSG00000027460",0.489248499137603,-3.54549118919536,7.25431742021512,-0.488742218436069,0.625024210280538,NA
"ENSMUSG00000027463",54.0412826867526,0.585515840794339,0.563501868682808,1.03906636931478,0.298773870475381,NA
"ENSMUSG00000027465",491.039445945595,0.0102032042969388,0.199727010532041,0.0510857508444102,0.959257190345839,0.98665750091066
"ENSMUSG00000027466",1045.62508716877,0.275215339548557,0.16377974695838,1.68039910098588,0.0928796908565481,0.245682564655333
"ENSMUSG00000027468",0,NA,NA,NA,NA,NA
"ENSMUSG00000027469",2026.10424367788,0.683813538667117,0.421519882827259,1.62225690062489,0.104748352839207,0.265156841950208
"ENSMUSG00000027470",0.238102785234814,-1.11016034890943,7.29439049173096,-0.152193709696228,0.87903415510637,NA
"ENSMUSG00000027472",1332.18833513145,-0.67206125261845,0.244798821168479,-2.74536147441622,0.006044427959408,0.0468620944147044
"ENSMUSG00000027474",0.203090396877278,0,7.3561311249555,0,1,NA
"ENSMUSG00000027475",331.675657668539,0.0953263276721383,0.23097320625881,0.412715956175988,0.679814733006957,0.824036197258989
"ENSMUSG00000027478",75.638022007299,0.650380241954818,0.430090350450154,1.51219445233797,0.130484401924557,0.305026475646512
"ENSMUSG00000027479",5506.20650216936,-0.471058044107924,0.283571266772402,-1.66116281621015,0.0966807512930645,0.252493851131293
"ENSMUSG00000027480",0.0406180793754555,0,7.3561311249555,0,1,NA
"ENSMUSG00000027481",0.40318972460566,-1.39460631418148,7.2173758599193,-0.193228999188782,0.846779628616991,NA
"ENSMUSG00000027482",0.305257004358001,-4.41165041085875,7.24039425765879,-0.609310799089727,0.542318450430503,NA
"ENSMUSG00000027483",0.471741563391053,-1.22019866279202,7.16926342983841,-0.170198608927322,0.864853945674346,NA
"ENSMUSG00000027484",0.127698318066696,0,7.3561311249555,0,1,NA
"ENSMUSG00000027485",0.368997791944602,1.1586162539483,7.3558063900115,0.157510433597273,0.874842585710343,NA
"ENSMUSG00000027487",210.027258440374,-1.53134167300131,0.500217623469987,-3.06135090239017,0.00220340699423242,0.0283602579921712
"ENSMUSG00000027488",1.16165359476936,-3.07142133161165,5.3091894247436,-0.578510406371493,0.562919573678011,NA
"ENSMUSG00000027489",5.87851564062351,1.01900447171093,1.27827758045778,0.797169947505456,0.425352337136398,NA
"ENSMUSG00000027490",158.393744459359,0.780671528199245,0.408138890141667,1.91275947246358,0.0557788516541599,0.179483707227009
"ENSMUSG00000027495",104.753184429856,-0.0567547582524298,0.30217462446533,-0.187821059934639,0.8510169261242,0.928715203658392
"ENSMUSG00000027496",1277.42558888348,-0.240890795789192,0.416742235006725,-0.578033075494027,0.563241788815638,0.740772363284005
"ENSMUSG00000027498",444.516631883261,0.043058797930203,0.239670913147768,0.179658004238734,0.85742106466388,0.93282051774185
"ENSMUSG00000027499",0.543547271786786,3.49892959325944,7.29725752209169,0.479485557782056,0.6315932400692,NA
"ENSMUSG00000027500",54.1991296549181,0.71194476348576,1.72429062085252,0.41289139712061,0.679686184322884,NA
"ENSMUSG00000027502",1539.14316606111,-0.567553261918996,0.239306563020703,-2.37165773790289,0.0177084860914067,0.0885608672660594
"ENSMUSG00000027505",8.88706187573143,1.07595253781843,0.847673124420149,1.26930122805821,0.204333648538459,NA
"ENSMUSG00000027506",510.335342851691,-0.140615775982463,0.297404444498378,-0.472809934698977,0.63634878560877,0.792729394548544
"ENSMUSG00000027508",418.228625461336,0.691319170052128,0.376535178935542,1.83600154441472,0.0663574282385816,0.199663164658973
"ENSMUSG00000027509",1147.20293098149,-0.170825962398066,0.155837152880309,-1.09618251643284,0.272998909224408,0.483445757377871
"ENSMUSG00000027510",350.643118562726,-0.571974023319865,0.288971676607039,-1.97934285475898,0.0477774177061932,0.16392911281698
"ENSMUSG00000027513",0.596488097344738,3.61311851918986,7.00232519524705,0.515988392204683,0.605862516483556,NA
"ENSMUSG00000027514",1416.11781279916,-0.501306355665216,0.323068233578012,-1.55170426418345,0.120733001923735,0.290093758876062
"ENSMUSG00000027517",0.613469892991923,-1.14491815554713,6.02904000078855,-0.189900573789092,0.84938704283245,NA
"ENSMUSG00000027518",0,NA,NA,NA,NA,NA
"ENSMUSG00000027519",513.210616448765,-0.141367107178032,0.204490668718324,-0.691313242135065,0.489368711838192,0.680558485723204
"ENSMUSG00000027520",2.91906253826647,-2.43105320384049,3.28310091768954,-0.740474711192041,0.459012000350439,NA
"ENSMUSG00000027522",326.764922882437,-0.0707208591845697,0.26149608431741,-0.270447105811065,0.786816304553984,0.891935684692217
"ENSMUSG00000027523",5855.00011454563,-0.513405520194641,0.380830066053815,-1.34812234106036,0.177619036897072,0.369168246368284
"ENSMUSG00000027524",0.631007993755407,-1.729009499676,5.99382548781389,-0.28846510516385,0.772990737796733,NA
"ENSMUSG00000027525",2.52128886011015,-3.81670069082388,2.6429329522138,-1.44411559424044,0.148706462232907,NA
"ENSMUSG00000027528",0.114287025773006,-0.203714061953279,7.34703516263335,-0.0277273835559354,0.977879583177066,NA
"ENSMUSG00000027530",1.16027607336144,-3.8472128917527,3.80566427434352,-1.01091757296861,0.312055882522054,NA
"ENSMUSG00000027531",2091.47617676138,0.150960569258841,0.196656813402155,0.76763457440009,0.442704315632811,0.643832890985778
"ENSMUSG00000027533",1730.03255303839,-0.212257146133723,0.311401379229925,-0.681619158716063,0.495479797218241,0.686064966452208
"ENSMUSG00000027534",100.424962914598,0.0603430140926291,0.290636719295153,0.207623504142807,0.835522950612416,0.919931428692774
"ENSMUSG00000027536",15.4110180319263,1.00105264824383,0.778841395318575,1.28531001852356,0.198683970616843,NA
"ENSMUSG00000027540",1608.00872725241,-0.00800837588469682,0.166644775989478,-0.0480565672529841,0.961671160496492,0.987588753734659
"ENSMUSG00000027544",429.120010435072,0.0075300771323973,0.207656062020091,0.0362622552847446,0.971073246052067,0.991740782852018
"ENSMUSG00000027546",13.8955636005004,0.340370444797358,1.17588352111142,0.289459320320814,0.772229905722926,NA
"ENSMUSG00000027547",0.691766274829908,5.24082528618183,7.22954914831087,0.724917305169203,0.468502763761822,NA
"ENSMUSG00000027550",335.709919194121,0.299127771610328,0.219339411742719,1.36376663561585,0.17264102419078,0.362095591794158
"ENSMUSG00000027551",177.817776435746,-0.0538323219977494,0.334701881334411,-0.160836628055771,0.872222075758789,0.94043577867317
"ENSMUSG00000027552",188.742426689295,-0.108609510081296,0.305073434495922,-0.356011038000581,0.721832298917331,0.848977855582711
"ENSMUSG00000027555",14.0066700871448,3.73645478554513,1.75246021844617,2.13211960318168,0.0329970154799264,NA
"ENSMUSG00000027556",121.794529420093,-1.62240159067165,2.11412328726522,-0.767411058969199,0.44283715537598,0.643931344644243
"ENSMUSG00000027559",5.11179525571148,-0.305903152595325,1.17806592129468,-0.259665564605367,0.795121757147313,NA
"ENSMUSG00000027560",2.42049656379057,1.83208846133487,1.65494388023887,1.10703963029274,0.268276794480934,NA
"ENSMUSG00000027562",270.152263243409,0.0322504250365896,0.59182137027654,0.0544935121581028,0.956541977458945,0.985760784735371
"ENSMUSG00000027564",0,NA,NA,NA,NA,NA
"ENSMUSG00000027566",11381.9441066441,-0.467415429261696,0.170516636826719,-2.74117199330343,0.00612204518632237,0.0471679007535437
"ENSMUSG00000027568",0.216464290428237,1.30243703438001,7.34909634135692,0.177224106731404,0.859332360935659,NA
"ENSMUSG00000027569",444.973070002414,-0.360400686365746,0.186940317717319,-1.92789169702131,0.0538685987179055,0.175364201366144
"ENSMUSG00000027570",10.6809731200919,-1.0533844854679,0.929278435964075,-1.13355098396863,0.256982943570141,NA
"ENSMUSG00000027573",519.675227288345,-0.306468060994803,0.203439262695725,-1.50643517349536,0.131955497006786,0.306840764034834
"ENSMUSG00000027574",0.0865279613549676,-1.60120005755121,7.34834111828127,-0.217899527495768,0.827507395304988,NA
"ENSMUSG00000027575",252.104679197665,-0.0826691565335935,0.212487832399648,-0.389053601799227,0.697236495219461,0.83543069818245
"ENSMUSG00000027577",1.05546501455098,-2.63044225203099,6.88723212264344,-0.381930245008409,0.702513105554117,NA
"ENSMUSG00000027579",1.37584011466278,-1.25518661742511,4.26300539278306,-0.294437023126933,0.768423979683087,NA
"ENSMUSG00000027580",361.581941118515,-0.0557483045501978,0.250271234412505,-0.222751546661218,0.823728880649996,0.913239320202595
"ENSMUSG00000027581",0.384634695073402,-1.94706964587199,7.1640181191566,-0.271784578638282,0.785787663504342,NA
"ENSMUSG00000027582",426.318957115028,-0.423299161428471,0.333006714387495,-1.27114302246744,0.203677772235829,0.401011628351256
"ENSMUSG00000027583",36.3683836359851,0.866822357418254,0.481546564121793,1.80008003794835,0.0718480011188057,NA
"ENSMUSG00000027584",0.662452467575624,-0.722137418139955,5.89189077869581,-0.122564630822943,0.902451863732375,NA
"ENSMUSG00000027589",427.475273755779,0.101635526827555,0.270082278336841,0.376313201493351,0.706684066040307,0.839624936594847
"ENSMUSG00000027593",880.399238517328,-0.568096898065489,0.284626733084878,-1.99593654435853,0.0459408302784664,0.1598520186032
"ENSMUSG00000027596",30.0929819306953,-1.72816605133053,2.07099911448799,-0.834460062894707,0.404021783324684,NA
"ENSMUSG00000027597",1356.71361447208,-0.344657306064374,0.149356424633093,-2.30761620674206,0.0210204922948157,0.098022762472725
"ENSMUSG00000027598",1124.21728003898,0.594377721180835,0.234324618095325,2.53655687572288,0.0111948556332111,0.0670549754473605
"ENSMUSG00000027599",987.759007764937,-0.173700314284468,0.177078901196678,-0.980920443432966,0.326631975227281,0.537052075036872
"ENSMUSG00000027601",597.39284042321,0.114592214228058,0.222210179412924,0.515692910787477,0.60606890673575,0.770749154789095
"ENSMUSG00000027602",157.314174892123,-0.904021614785012,0.35971283822089,-2.51317584119663,0.0119649680421569,0.0701654857180593
"ENSMUSG00000027603",27.0570941751391,0.444723396741814,0.851861913138988,0.52206043007965,0.601628256252714,NA
"ENSMUSG00000027605",589.475407801723,-0.0239764108563011,0.213813888383924,-0.112136826272244,0.910714918414214,0.961220222599063
"ENSMUSG00000027606",0.172943477392354,-2.44957869941399,7.29803417457747,-0.3356491132841,0.737135483341321,NA
"ENSMUSG00000027610",277.312768726282,0.00262451979265512,0.244255163688207,0.0107449920526771,0.991426901703173,1
"ENSMUSG00000027611",0.946533176871842,0,4.9241568014301,0,1,NA
"ENSMUSG00000027612",0.595888862617491,-0.435140024775219,6.12956476881805,-0.0709903624787256,0.943405425767003,NA
"ENSMUSG00000027613",2430.66467657683,-0.367161319709923,0.183214897900751,-2.00399270974578,0.0450708413646652,0.158212097617086
"ENSMUSG00000027615",398.914677950191,0.418870097875624,0.236763243638115,1.76915171223053,0.0768685600326206,0.218409231366041
"ENSMUSG00000027618",511.017048154433,0.35015709611904,0.193451667594259,1.81004950990369,0.0702881097249549,0.206355201850662
"ENSMUSG00000027620",9789.92922210951,0.577695512903492,0.202721506321592,2.84970017925504,0.00437604586708317,0.0396037071523761
"ENSMUSG00000027624",0.791364347179561,-2.23248938205418,5.61667817067883,-0.397475040266435,0.691017188819665,NA
"ENSMUSG00000027628",213.269265643542,0.32802118498782,0.294829066348757,1.11258088983601,0.265888471671105,0.475833974155982
"ENSMUSG00000027630",1271.11870770058,0.132605454877366,0.268135499857332,0.494546432486269,0.620920322655493,0.781188416628427
"ENSMUSG00000027634",629.742338034481,-0.171592862347833,0.166979963620088,-1.02762546252699,0.304126042014056,0.51566978792849
"ENSMUSG00000027635",387.84985297,1.13016342914592,0.30744250085319,3.67601559969615,0.000236905042592223,0.0102710804650181
"ENSMUSG00000027636",1568.95685823815,-0.421783118775918,0.291007820350315,-1.44938757408023,0.147229376845479,0.328524241561526
"ENSMUSG00000027637",3066.46497823349,-0.614685073223573,0.205238415191466,-2.9949806065796,0.00274462291563684,0.0312422923155765
"ENSMUSG00000027639",5471.14017590061,-0.494123887156356,0.165120891380191,-2.99249769684585,0.00276704754925143,0.0313313459614552
"ENSMUSG00000027641",975.206546301105,0.147676964060252,0.209685084895329,0.704279773327558,0.481258560051733,0.675074414250676
"ENSMUSG00000027642",4237.79764538957,0.441511417191829,0.209330235425919,2.10916218717041,0.0349305845609436,0.135368576473733
"ENSMUSG00000027643",0.0865546972279984,0,7.3561311249555,0,1,NA
"ENSMUSG00000027646",3.10582517936322,-0.464030697355298,2.10752965901758,-0.220177540738195,0.825732887343006,NA
"ENSMUSG00000027649",547.79139436426,-0.148797765921176,0.216097253945854,-0.688568518128692,0.49109483819803,0.682382973796392
"ENSMUSG00000027650",157.506567348114,0.140801974863418,0.213304297550805,0.660099100112514,0.509190236144379,0.698978681334146
"ENSMUSG00000027651",399.097459010064,0.425069412713459,0.17769879736825,2.39207816264832,0.0167532741279341,0.0856288080427243
"ENSMUSG00000027652",397.13912763154,0.576549381447192,0.237965120815675,2.42283146148036,0.0154000695364686,0.0812758608478333
"ENSMUSG00000027654",143.805176609603,0.533398917139557,0.46440868495538,1.14855499997982,0.250739521665965,0.458992624382974
"ENSMUSG00000027655",144.848844811244,0.225572038533081,0.25982344918115,0.86817429005729,0.385298926601767,0.594363278629599
"ENSMUSG00000027656",0.178229609748019,-0.157361444650292,7.34324070731291,-0.0214294275405653,0.982903099169392,NA
"ENSMUSG00000027660",307.924892052157,-0.0273756560469124,0.148946945464141,-0.183794679116149,0.854174530482212,0.930825182870319
"ENSMUSG00000027661",1.07207309525516,-1.295050051035,2.8467805072242,-0.454917422593201,0.649168648151962,NA
"ENSMUSG00000027663",198.98610058898,0.319003049028795,0.324005296577389,0.984561216741099,0.324839647887304,0.535709028923257
"ENSMUSG00000027665",785.403416164527,0.231295591089685,0.264409298693959,0.874763452844368,0.381702626696701,0.590659120991999
"ENSMUSG00000027667",843.827961172478,-0.219783488458682,0.185726728261438,-1.18337026940627,0.236662434754988,0.441564395536628
"ENSMUSG00000027668",213.489110567669,1.10159535742703,0.367566090078004,2.99699941633149,0.00272651235348411,0.0312317602080228
"ENSMUSG00000027669",148.871260781253,0.275833873381463,0.345206645968814,0.799039869604311,0.424267294108161,0.627492665629392
"ENSMUSG00000027670",18.0504564876936,0.780439031617499,0.661597364073692,1.1796283872899,0.238148047442603,NA
"ENSMUSG00000027671",1270.06129666692,0.147242600651856,0.170641734793301,0.86287566655491,0.388205830842608,0.596530065046948
"ENSMUSG00000027673",4588.31869656826,-0.697996065367677,0.234779736540602,-2.97298257359177,0.00294921195144739,0.0324643208686608
"ENSMUSG00000027674",2.04404029844492,-2.41370670193153,1.97203992297265,-1.22396442070661,0.220965649679931,NA
"ENSMUSG00000027676",12.0612718353983,-0.152079496753745,0.936515868569484,-0.162388595706387,0.870999850952951,NA
"ENSMUSG00000027677",1339.40108529326,0.721094360995743,0.214822898802111,3.35669225681567,0.000788808577658893,0.0176811174380004
"ENSMUSG00000027678",496.700600833596,0.224930601499961,0.177886865698761,1.2644587368292,0.206065422160785,0.404318518868472
"ENSMUSG00000027679",3915.89015771435,-0.652615348535412,0.197157909171694,-3.3101149798007,0.000932576541697615,0.0190156656390989
"ENSMUSG00000027680",883.879445798854,-0.237257148795526,0.191597625982153,-1.23830943927053,0.215601345120206,0.416643394955539
"ENSMUSG00000027684",1.80093384781818,0.656936692888251,2.40772240029741,0.272845695503395,0.784971831778209,NA
"ENSMUSG00000027690",3.48801720564808,-0.585114175065685,1.33271749469416,-0.439038413913791,0.660633702295903,NA
"ENSMUSG00000027692",832.723429600183,1.04796386111683,0.271905389018632,3.85414891885435,0.000116132896494382,0.00797203945727057
"ENSMUSG00000027694",0.164330576225996,0,7.3561311249555,0,1,NA
"ENSMUSG00000027695",213.184795881484,0.692077087883397,0.394282817442325,1.75528087268128,0.0792112765411298,0.222760588508981
"ENSMUSG00000027698",217.305999145753,0.713612835721146,0.296028384026031,2.41062301532003,0.0159252997850161,0.0830720782980919
"ENSMUSG00000027699",713.462475405537,-0.498871254268757,0.41158517648788,-1.21207293840294,0.225484461626647,0.427896698633022
"ENSMUSG00000027702",1.76667263958728,-1.29524123944026,2.12567602923209,-0.60933144168172,0.542304770510735,NA
"ENSMUSG00000027703",0.228297757909698,2.76762493818819,7.26307598733506,0.381054107517837,0.703163099800466,NA
"ENSMUSG00000027706",2986.78065585197,0.0280117575193842,0.166887926926501,0.16784771693953,0.866703082286947,0.937249380726982
"ENSMUSG00000027708",1345.76064450275,-0.44720614578245,0.302059956346845,-1.480521122995,0.138734227879338,0.316617231192861
"ENSMUSG00000027709",132.602685015577,0.0995344609463111,0.492895347265909,0.201938325241715,0.839964940021836,0.923074311519272
"ENSMUSG00000027710",493.846496170343,0.147099125162989,0.301686468871201,0.487589402711298,0.625840703298312,0.784864557234294
"ENSMUSG00000027712",2370.03988744931,-0.445788761160487,0.251467847673021,-1.77274655700771,0.0762707126725004,0.217335253608436
"ENSMUSG00000027713",25.7008122336012,-0.475471149079617,0.710356432148878,-0.669341653796649,0.503277561502333,NA
"ENSMUSG00000027714",1458.1054323274,-0.616886155941354,0.311434864131529,-1.98078708259465,0.0476151560248352,0.163713327758433
"ENSMUSG00000027715",2972.98309073329,0.802870253523294,0.371046569724986,2.16379915361667,0.0304797671363924,0.124193115475366
"ENSMUSG00000027716",1.3656728488132,-0.118858991647082,5.62090859943382,-0.0211458680646496,0.983129295638688,NA
"ENSMUSG00000027718",9.35441840211824,0.101026568194739,1.3438429369085,0.0751773629343541,0.940073595138727,NA
"ENSMUSG00000027719",0.597434332430168,0.443720530091495,6.09837453241193,0.0727604589933248,0.941996736670326,NA
"ENSMUSG00000027720",70.3906090483858,0,2.08681902455108,0,1,1
"ENSMUSG00000027722",458.872339506319,0.0358477928924365,0.291553384690653,0.122954473433646,0.902143149269083,0.956320110512052
"ENSMUSG00000027737",58.5859554227043,0.394968027849342,0.57940872716108,0.681674281615606,0.495444933288909,NA
"ENSMUSG00000027739",817.071431292694,0.0483242413073832,0.251368719375218,0.192244450413298,0.84755072881697,0.926957455820241
"ENSMUSG00000027742",428.310231854148,-0.175814696264021,0.234282138728997,-0.750440034472248,0.452989726787419,0.652645889709027
"ENSMUSG00000027744",3.04998557087706,2.58299413348712,1.49487773458758,1.72789658560253,0.0840067665957102,NA
"ENSMUSG00000027746",1928.43350614991,-0.766159653671442,0.198091625328209,-3.8677034044323,0.000109865177446285,0.00781307395004698
"ENSMUSG00000027748",0.931998663467693,0.644317420471541,4.50647516316006,0.14297591735083,0.886309200935159,NA
"ENSMUSG00000027750",0.830553177515692,-0.420213162580055,7.18233621544847,-0.0585064733778711,0.953345206319439,NA
"ENSMUSG00000027751",1026.68844549374,0.50340999020503,0.191912730859974,2.62311931026782,0.00871287550676582,0.057571373251591
"ENSMUSG00000027752",6213.57904419755,-0.685052726725011,0.250375319952907,-2.7361032503278,0.00621715153507302,0.0474934643927333
"ENSMUSG00000027761",0.112445402702712,2.0984486485059,7.28638213161083,0.287995964334907,0.773349827855344,NA
"ENSMUSG00000027762",0.342887985975039,0.820804706577299,7.34772371079309,0.11170870583656,0.911054376280744,NA
"ENSMUSG00000027763",10430.6561478365,0.251913833271434,0.168971610347829,1.49086484263758,0.135996983406506,0.312945416804543
"ENSMUSG00000027765",8.42091950619344,-0.628932807200869,1.03363396544731,-0.608467628024099,0.542877369929459,NA
"ENSMUSG00000027770",1178.64451802958,0.617340643594774,0.196707485024126,3.13836885016885,0.00169890942735508,0.0249535210838113
"ENSMUSG00000027774",482.140136493514,-0.382613785013883,0.244989653773059,-1.56175487054776,0.118345747013185,0.287008760850181
"ENSMUSG00000027775",660.733190399843,-0.102607952937515,0.174406992023564,-0.588324766954592,0.556314324661313,0.734888026096095
"ENSMUSG00000027776",5.51449079243509,1.66285911926692,2.22025746754419,0.748948778947784,0.453888078301733,NA
"ENSMUSG00000027777",2.65469572420369,0.492519143449424,1.6287169531038,0.302397014110305,0.762349430663486,NA
"ENSMUSG00000027778",443.969000428577,0.385972103244974,0.233385498448377,1.65379642613205,0.0981688823727478,0.255166816264689
"ENSMUSG00000027782",1980.6124116702,-0.0408785331170944,0.165673676440537,-0.246741268711848,0.80510846596973,0.90232394400349
"ENSMUSG00000027784",21.1481351192297,0.458128557932998,0.816403650770969,0.561154469973727,0.574692238118603,NA
"ENSMUSG00000027787",1970.50189425155,-0.592525142551026,0.325076179141975,-1.8227270423658,0.0683447424270692,0.203045438759995
"ENSMUSG00000027788",0.121318264318625,-1.667847026931,7.35002899406074,-0.226917067712076,0.820488230095358,NA
"ENSMUSG00000027790",1.70518268720191,2.48167237839629,2.27221044290272,1.09218421477986,0.274752139300094,NA
"ENSMUSG00000027792",0.15644564131923,-2.01421541813764,7.31449472587964,-0.27537314518952,0.783029573845433,NA
"ENSMUSG00000027793",0.440365072068327,-2.15619280938302,7.26774103958932,-0.296679917134865,0.766710890892733,NA
"ENSMUSG00000027794",0.184572285449031,1.35159901686808,7.25530166227613,0.186291222582199,0.852216390348591,NA
"ENSMUSG00000027796",8.34583709612447,0.509127002922534,0.8185144800112,0.622013434527838,0.533933034164022,NA
"ENSMUSG00000027797",24.4501875355839,-2.030322343426,1.27503661777944,-1.59236394870129,0.111302951768094,NA
"ENSMUSG00000027799",8.99520010019467,0.52511116565786,1.05128892693743,0.499492720034248,0.617432314113295,NA
"ENSMUSG00000027800",2.22663281953253,1.95648767685651,2.55064254710839,0.767056786955326,0.443047753084258,NA
"ENSMUSG00000027801",0.0380762098104571,-1.67431590235222,7.3501929692546,-0.227792101425878,0.819807867435575,NA
"ENSMUSG00000027803",0.728317991836353,0.445163668425512,4.85869967994503,0.0916219766088833,0.926998390081371,NA
"ENSMUSG00000027804",1857.36436595855,-0.591112023886684,0.251006344201233,-2.35496846013098,0.0185242779120833,0.0913279237710441
"ENSMUSG00000027805",29.57480149411,0.0575398028462754,0.619700860672061,0.092850932599761,0.926021987381914,NA
"ENSMUSG00000027806",323.275366793827,0.413877826825051,0.228779073273794,1.80907204886584,0.0704398108136335,0.206616477712987
"ENSMUSG00000027808",2326.64468134343,-0.400440786929098,0.190419673204085,-2.10293810608487,0.0354711802590626,0.136432924848573
"ENSMUSG00000027809",514.712820596489,0.128857962336154,0.238974580730776,0.539212002975843,0.589740579129528,0.758961805063843
"ENSMUSG00000027810",1740.41255923037,0.0203666680160834,0.191388412432596,0.106415366307802,0.915252801753153,0.963165685284396
"ENSMUSG00000027811",727.234951490868,-0.244136225343136,0.339058370272017,-0.720041876999738,0.471499212172907,0.667516204310452
"ENSMUSG00000027820",2.56210290231732,-1.96200496834401,2.46702162899837,-0.795292974038739,0.426443099584699,NA
"ENSMUSG00000027822",207.099738069627,0.321172668981995,0.308411115849696,1.04137838254351,0.29769997137679,0.508988575508757
"ENSMUSG00000027823",1495.07033005682,-0.0350014644584928,0.228556257588884,-0.153141571478878,0.87828663320877,0.944128284511091
"ENSMUSG00000027824",0.2500100415072,-2.55284076168415,7.29476093143986,-0.349955370117971,0.726372191775177,NA
"ENSMUSG00000027827",9.1855528204755,2.65751303105858,1.25463054437972,2.118163823576,0.034161195811985,NA
"ENSMUSG00000027828",1907.88455870803,-0.274874627034332,0.149810099278199,-1.83482040502415,0.066532304194419,0.19990025135618
"ENSMUSG00000027829",2618.25682843558,0.196313377649146,0.194506396350228,1.00929008676746,0.312835532966846,0.524309807286753
"ENSMUSG00000027831",15.9458051041363,0.421908097587024,0.716499161719356,0.588846603218051,0.555964180152099,NA
"ENSMUSG00000027832",0.164554671911014,-0.238065143916372,7.33819981787286,-0.0324418998971032,0.974119648773771,NA
"ENSMUSG00000027833",0.213790718834709,-3.09964727001696,7.28069596972836,-0.425735023534104,0.670300938266559,NA
"ENSMUSG00000027834",534.471511562798,0.0126776856358711,0.241957741075364,0.0523962803567518,0.958212937893228,0.986557118120462
"ENSMUSG00000027835",5089.31963043914,-0.828704605349939,0.317737747857413,-2.60814023809921,0.00910356496383485,0.0592209101272626
"ENSMUSG00000027840",1.94857955716558,-0.184200245917956,1.94117220454716,-0.0948912443143735,0.924401211162509,NA
"ENSMUSG00000027843",3695.96952335674,-0.215724145815786,0.195190901345758,-1.10519570496606,0.269074797547054,0.479416794115471
"ENSMUSG00000027845",334.239292547256,-0.3906822270819,0.412405589918193,-0.947325246390085,0.343473069949275,0.551837676117641
"ENSMUSG00000027848",11.9952625817895,0.358718177876842,1.22665873322339,0.292435188501214,0.769953906945866,NA
"ENSMUSG00000027849",3.28021159494647,-1.03958911047151,3.05769843466636,-0.339990725928125,0.73386351200436,NA
"ENSMUSG00000027852",2150.67437980555,-0.484917967490195,0.200369522850814,-2.42011839221298,0.0155154546760094,0.0817103193779186
"ENSMUSG00000027854",2908.0659208386,-0.809727665302648,0.233863448214578,-3.46239513478692,0.000535390504041176,0.0147418805917744
"ENSMUSG00000027855",0.194596669704536,1.3338203021417,7.31129931923185,0.182432731024043,0.855243141139523,NA
"ENSMUSG00000027857",51.4678573087233,0.948539981956722,0.772332703230848,1.22814944646104,0.219390872057348,NA
"ENSMUSG00000027858",336.694205084366,-2.17022594236819,0.850987567347218,-2.55024400548345,0.0107647548024646,0.0657255103288218
"ENSMUSG00000027859",0.0761524196209141,-2.55627499047924,7.29465809108018,-0.350431090609309,0.726015196884991,NA
"ENSMUSG00000027860",21.9515717567214,0.155997784294213,0.7561062766819,0.20631727193007,0.836543087710489,NA
"ENSMUSG00000027861",0.370385598867627,1.45229006585749,7.3427306893539,0.19778609992644,0.843212421989106,NA
"ENSMUSG00000027863",16862.1881712915,-0.311836581400109,0.290839565920966,-1.0721944946268,0.283632682673048,0.495005132101532
"ENSMUSG00000027864",18.2190416702982,0.632628647265355,0.913358521795649,0.692640000797952,0.488535500816128,NA
"ENSMUSG00000027865",420.456281237858,-0.0548028368061406,0.217934384894835,-0.251464847240998,0.801454736991622,0.90016817124897
"ENSMUSG00000027867",1.63696896916962,5.05975275529439,3.88085208707298,1.30377366665127,0.192310763666541,NA
"ENSMUSG00000027868",1.94742121987798,-1.11680261529872,1.94661720575952,-0.573714550551799,0.56616098032946,NA
"ENSMUSG00000027869",0.0861131237242425,1.88827194747576,7.32736190903735,0.257701471677935,0.796637310225277,NA
"ENSMUSG00000027870",0.233758467349687,-3.13882333130212,7.26774029879059,-0.431884355007078,0.665825466096604,NA
"ENSMUSG00000027871",0.0406180793754555,0,7.3561311249555,0,1,NA
"ENSMUSG00000027875",0.194590389118171,-0.500120759619601,7.21866947742868,-0.0692815706804941,0.944765494951534,NA
"ENSMUSG00000027876",0.0815400293795932,0,7.3561311249555,0,1,NA
"ENSMUSG00000027878",182.601850114639,0.201595799768942,0.335186725758233,0.60144326811543,0.547544787293089,0.729641442759798
"ENSMUSG00000027879",1949.0934870054,-0.369477597728996,0.229269062281159,-1.61154581456741,0.107060809964033,0.269211684285409
"ENSMUSG00000027880",0.196982570576356,2.78427080845119,7.26045486124301,0.383484349350326,0.701360672372175,NA
"ENSMUSG00000027881",1446.31846841947,0.671785265615547,0.180915700406365,3.71325022707598,0.000204614398488682,0.00963205192167914
"ENSMUSG00000027882",701.2382174539,-0.308288351947172,0.199644553730203,-1.54418613574497,0.122543246558451,0.292910766960136
"ENSMUSG00000027883",365.642807076612,-0.350260820799585,0.275903397546163,-1.26950528306191,0.204260907485194,0.401574994131095
"ENSMUSG00000027884",660.661062557608,0.500334693101976,0.191570739902254,2.61174902470631,0.00900803564666169,0.0588918203487108
"ENSMUSG00000027886",0.444076162425697,1.60376497303669,7.2307428103524,0.221798093930342,0.824471063330467,NA
"ENSMUSG00000027887",1.33563458229565,0.96861346719998,3.22789575311533,0.300075820684464,0.76411932210947,NA
"ENSMUSG00000027889",195.11444149623,0.457835119789799,0.265315126738021,1.72562765424935,0.0844144209290637,0.231209906035964
"ENSMUSG00000027890",49.684641636879,-0.268317205986532,0.509888513097403,-0.526227202798889,0.59873035560442,NA
"ENSMUSG00000027893",745.10916289215,0.253719764548871,0.209421775785896,1.21152522748285,0.225694172077573,0.428075419924935
"ENSMUSG00000027894",5.05921011965302,-1.07674381834027,1.38088854601843,-0.77974708490768,0.435539758222315,NA
"ENSMUSG00000027895",0.329831666520818,-1.67129225843576,7.35011632160748,-0.227383103247303,0.82012585786464,NA
"ENSMUSG00000027896",22.7508213953399,0.373904676812262,0.611270185570188,0.611684792811359,0.540746325171445,NA
"ENSMUSG00000027900",666.748464194588,-0.323510579308293,0.2861082390183,-1.13072793855336,0.258169618355506,0.46744438629586
"ENSMUSG00000027901",909.80363979093,0.0767324727288998,0.194143084287059,0.395236703953067,0.692668207295197,0.832870116666224
"ENSMUSG00000027902",5.82755685148149,0.767411775021213,1.60733897808315,0.477442397332018,0.633047129706722,NA
"ENSMUSG00000027905",325.390958701374,-0.056302873762375,0.221221031601045,-0.25450958869007,0.799101897231582,0.89875096758837
"ENSMUSG00000027907",22730.3698583401,-1.14944907646377,0.302486878149168,-3.79999649405264,0.000144698134964984,0.0083645676264846
"ENSMUSG00000027908",0.241317519420511,-1.6734708513888,7.35017154710487,-0.227677795091456,0.819896736049595,NA
"ENSMUSG00000027912",0.0735991765431146,-0.230816257538992,7.34985997126789,-0.0314041707517286,0.974947215014419,NA
"ENSMUSG00000027913",0.0406180793754555,0,7.3561311249555,0,1,NA
"ENSMUSG00000027919",0.111063638868664,2.15923091712079,7.28488558476571,0.296398741201401,0.766925586539466,NA
"ENSMUSG00000027923",0.0406180793754555,0,7.3561311249555,0,1,NA
"ENSMUSG00000027925",0,NA,NA,NA,NA,NA
"ENSMUSG00000027927",0,NA,NA,NA,NA,NA
"ENSMUSG00000027931",0.599929343649828,-1.3914171971496,4.75645956936243,-0.29253211908119,0.769879805847491,NA
"ENSMUSG00000027932",8.61917057896642,-0.221507482805125,0.92009855485435,-0.240743213470419,0.809754144260472,NA
"ENSMUSG00000027933",208.51583776904,0.467500935289305,0.290909400290522,1.60703275597979,0.108047182764001,0.270802840167888
"ENSMUSG00000027935",9.41151489031069,-0.0949206657543024,2.27694412431428,-0.0416877448773095,0.966747623640418,NA
"ENSMUSG00000027936",206.403445655926,-0.127171383689398,0.306492789731791,-0.41492455271357,0.678197135318396,0.823281184160916
"ENSMUSG00000027937",2330.34118275355,-0.385802175823217,0.186497687829025,-2.06867002113671,0.038577062247554,0.143089778730608
"ENSMUSG00000027938",0.843025164114193,2.77626614009318,4.83360310797801,0.574367832458331,0.565718915857048,NA
"ENSMUSG00000027939",18.2964844066726,0.910273496039085,0.703655792357149,1.29363462352778,0.195791657074847,NA
"ENSMUSG00000027940",11223.1965403611,-0.21930786651794,0.144429632879628,-1.51844093310628,0.128903279282297,0.30273435868508
"ENSMUSG00000027942",1257.00109074577,-0.220002944446206,0.177425645418727,-1.23997263150429,0.214985517231306,0.415714365772977
"ENSMUSG00000027944",1639.26975476972,-0.535714976402605,0.230532461617579,-2.32381579862397,0.0201353686259579,0.0958757798013458
"ENSMUSG00000027947",265.961116151684,0.572924467194128,0.349081114398274,1.6412359293103,0.100748450144527,0.259078675774884
"ENSMUSG00000027950",61.6417524807799,0.189669171011397,0.654163956990652,0.28994133501933,0.771861118403782,NA
"ENSMUSG00000027951",591.777338614226,-0.067348287319471,0.207711765952946,-0.324239154245734,0.74575698108381,0.863841515720205
"ENSMUSG00000027952",794.929619952041,-0.599312693707535,0.220249605786967,-2.72106136837862,0.00650726799170768,0.0488045099378076
"ENSMUSG00000027953",2007.1351633418,-0.0907615995493165,0.194596827680787,-0.466408423153744,0.64092318343505,0.79571378677953
"ENSMUSG00000027954",2.99654802445267,-1.71246805974663,2.74418365098053,-0.624035515675035,0.532604261048761,NA
"ENSMUSG00000027955",17.3087979332659,1.18051100621532,0.697916896886062,1.69147789870467,0.0907455654370094,NA
"ENSMUSG00000027956",11.3962358192616,1.60453686294537,1.30658284097806,1.22804066655603,0.21943170244234,NA
"ENSMUSG00000027957",463.394611695351,0.234110859734484,0.202071929129214,1.15855210935698,0.246638799437106,0.453332936488619
"ENSMUSG00000027959",291.119101177694,0.0938435286543487,0.38832711929995,0.241661022345087,0.80904283410792,0.904122207594037
"ENSMUSG00000027961",37.1519905716309,1.09568391641839,0.50934163296082,2.15117682418604,0.0314622455762893,NA
"ENSMUSG00000027962",32.2235095329846,0.740670616889031,0.628864885265261,1.17778975141315,0.238880435401045,NA
"ENSMUSG00000027963",99.0938046705671,0.462941042490379,0.385566862171462,1.20067642712643,0.229876741624914,0.433171416471832
"ENSMUSG00000027965",0.327277291962894,0,7.35613112495549,0,1,NA
"ENSMUSG00000027966",0.793246415740917,2.52353029117693,4.99766667617405,0.504941696733727,0.613599786681044,NA
"ENSMUSG00000027967",0.501023775651937,-1.67466576066719,7.35019906414208,-0.227839511019102,0.819771009047385,NA
"ENSMUSG00000027968",2205.02001005665,-0.348244500869949,0.190632219929217,-1.82678720837042,0.0677317699084953,0.201969395338002
"ENSMUSG00000027971",7.30671429590853,1.03008768644677,0.944351723313265,1.09078816823958,0.275366103874967,NA
"ENSMUSG00000027973",0.233328708050624,2.15675110432948,7.28506251271456,0.296051145829609,0.767191022368451,NA
"ENSMUSG00000027977",2.67843284713338,-2.48066769263425,2.58612184762506,-0.959223052429779,0.337446389677633,NA
"ENSMUSG00000027978",20.5901047898092,-0.258274880000718,1.09643042892676,-0.235559752070662,0.813774307802766,NA
"ENSMUSG00000027981",601.678727522074,-0.0504799151699574,0.248853333954355,-0.202850065811119,0.839252224470073,0.922393622291158
"ENSMUSG00000027983",31.6757213271331,0.763868744110496,0.626900142433448,1.2184855169204,0.223039525206064,NA
"ENSMUSG00000027984",610.087815283778,-0.309211787709443,0.230421520814414,-1.34193970518269,0.1796155464002,0.371827722345755
"ENSMUSG00000027985",2620.38980981518,-0.184208024765404,0.161155482228153,-1.14304535110146,0.253019762163173,0.462139754061893
"ENSMUSG00000027993",51.2063124343238,0.445417447590431,0.451529112623737,0.986464516102201,0.32390521948951,NA
"ENSMUSG00000027994",365.512296339867,0.92103578536142,0.988725438280252,0.931538473373793,0.351575092728789,0.560625873789978
"ENSMUSG00000027995",13.882511640089,0.173322720639635,0.760796961463672,0.227817314498977,0.81978826558873,NA
"ENSMUSG00000027996",9.16125145989093,0.132857520644616,1.29185585906389,0.102842371857869,0.918088075654748,NA
"ENSMUSG00000027997",778.033705302391,-0.421384979543671,0.39503613673509,-1.06669982910007,0.286107404334022,0.497610612550426
"ENSMUSG00000027998",724.237890178998,-0.233433230209288,0.234940224054934,-0.993585628635081,0.320424643649772,0.531022364757293
"ENSMUSG00000027999",403.642409198163,-0.467458181375037,0.371278166990449,-1.25905109143426,0.20801187839441,0.407006614791912
"ENSMUSG00000028001",0.281838040563692,-0.845617122580638,7.1933256259776,-0.117555796379747,0.906419631381697,NA
"ENSMUSG00000028003",0.651560714520693,-0.688820315284955,7.13190857775174,-0.0965828863025189,0.923057647700563,NA
"ENSMUSG00000028004",0.0380762098104571,-1.67431590235222,7.3501929692546,-0.227792101425878,0.819807867435575,NA
"ENSMUSG00000028005",7.32370489417844,1.25760669920676,1.76966366961362,0.710647294624823,0.477302827720084,NA
"ENSMUSG00000028007",34.1306098397017,0.279895802132913,0.54800563001863,0.510753515658949,0.609523662434842,NA
"ENSMUSG00000028008",0.149914544981274,1.31167489332027,7.34868599912085,0.178491079014288,0.858337326619844,NA
"ENSMUSG00000028010",308.579973813369,-0.142933196732214,0.259218189843242,-0.551401106606949,0.581358742271823,0.752879754664872
"ENSMUSG00000028011",6.17837141900594,-0.251684594429347,1.30100371437058,-0.193454170537177,0.846603294634977,NA
"ENSMUSG00000028012",29.4320876131048,1.03946455059683,0.693953086534322,1.49788879214881,0.134162146103438,NA
"ENSMUSG00000028013",1231.87296759941,-0.723588716944112,0.26631910509918,-2.71699890503402,0.00658768256383711,0.04890614085195
"ENSMUSG00000028015",572.773095695718,0.218039198121819,0.214982996271674,1.0142160166299,0.310479687637832,0.521776897704857
"ENSMUSG00000028016",327.699901547282,-0.636035784355451,0.365531887137688,-1.74002818012938,0.0818540698696689,0.22734686166386
"ENSMUSG00000028017",18.628911392483,1.49256575368984,0.84322320107332,1.77007197120524,0.0767151520674036,NA
"ENSMUSG00000028018",161.027629142689,0.763901396455715,0.281225877464555,2.71632683074122,0.00660107177288676,0.04890614085195
"ENSMUSG00000028019",1.33689939660804,-0.336272047307524,2.23162664476253,-0.150684725017391,0.880224423309991,NA
"ENSMUSG00000028020",12.9325917089159,0.988382833550735,1.07478321426451,0.91961134155514,0.357775897794178,NA
"ENSMUSG00000028023",0.804358930986326,-0.266472982331017,3.80285187907455,-0.070071880474047,0.944136447803673,NA
"ENSMUSG00000028024",0.617327632195917,-2.76369318479667,7.32386013074408,-0.377354719432072,0.705910012398246,NA
"ENSMUSG00000028028",4.0530155527856,0.086626611815693,1.96419596999255,0.0441028355312334,0.964822432558647,NA
"ENSMUSG00000028029",1777.98953695647,-0.650392238690718,0.21181347920619,-3.07058946922633,0.00213636669104089,0.0281260548141055
"ENSMUSG00000028030",373.66032622987,0.570711840770003,0.212179234090461,2.68976294130031,0.00715027923355307,0.0511527149099966
"ENSMUSG00000028031",5.0896842439643,0.403895822242903,1.35241727923463,0.298647339430238,0.765209141201715,NA
"ENSMUSG00000028032",179.165632340302,-0.284222968503092,0.268509590702575,-1.05852073201334,0.289818104070575,0.501330201902228
"ENSMUSG00000028033",31.3027115169662,0.173356730872553,0.665028307066992,0.260675717154232,0.79434259368228,NA
"ENSMUSG00000028034",1709.33389584588,0.20287870270597,0.160893966444111,1.2609466171402,0.207328080994117,0.405990111059201
"ENSMUSG00000028035",344.547163476692,-0.592799783054408,0.32313397307971,-1.83453252347495,0.0665749845560424,0.199906963042673
"ENSMUSG00000028036",0.58176012941471,0.0317959643500666,7.13646308105992,0.00445542336433473,0.996445098247033,NA
"ENSMUSG00000028037",28.3055131733328,-0.90580424562596,0.658049760529559,-1.37649810083819,0.168667474893815,NA
"ENSMUSG00000028039",0.192573704623434,0,7.3561311249555,0,1,NA
"ENSMUSG00000028040",2.02214801757967,-2.59684778035531,2.84522242811902,-0.912704664032926,0.36139789028218,NA
"ENSMUSG00000028041",18.2492566794183,-0.136505980593954,0.924534121998588,-0.147648396468987,0.882620258785417,NA
"ENSMUSG00000028042",122.91151357806,0.206126834320555,1.33808177338286,0.154046515258509,0.877573059406322,0.943786609839429
"ENSMUSG00000028044",10657.6226024563,-0.60537381817081,0.278723799350221,-2.17194878794741,0.0298595259288172,0.122475118088582
"ENSMUSG00000028047",6.82082463081993,-0.500088200008466,1.12960742062156,-0.442709733380908,0.657975701271282,NA
"ENSMUSG00000028048",658.893891047353,0.0636741252113518,0.265415594522644,0.239903481654389,0.810405081699775,0.904688332234349
"ENSMUSG00000028049",1397.77388839343,-0.282930989069316,0.229883344012191,-1.23075897597136,0.218413023133424,0.420204891723218
"ENSMUSG00000028051",11.8075176558989,0.308056213208944,1.41252457016804,0.218089100688916,0.827359689413209,NA
"ENSMUSG00000028053",614.313202721736,0.973584351295323,0.342781250746353,2.84024971953832,0.00450782304903684,0.0401314595335774
"ENSMUSG00000028057",598.033474105956,-0.539121004881882,0.288881359438096,-1.86623673445226,0.062008251738324,0.192175699903156
"ENSMUSG00000028059",1654.68041095532,0.359904366611844,0.621111839263367,0.579451789292387,0.562284367869961,0.739611573705198
"ENSMUSG00000028060",776.119693664478,0.478121976467701,0.223568987765384,2.13858809867425,0.0324690422172537,0.129024990691794
"ENSMUSG00000028062",4610.53313771797,-0.60777442354505,0.197989604060388,-3.0697289710205,0.00214253103439772,0.0281260548141055
"ENSMUSG00000028063",75.8934065689945,1.2127369314589,0.42803081173874,2.83329353448304,0.00460710588470423,0.0406250624467681
"ENSMUSG00000028064",964.591162524233,0.438086493734796,0.225867126806926,1.93957615669003,0.0524312208829793,0.172651856712953
"ENSMUSG00000028066",2047.96594034533,-0.692647552359375,0.283043834358052,-2.44713881130925,0.0143995369457418,0.0780392314781036
"ENSMUSG00000028068",285.613721439935,0.533889296914549,0.325176778882076,1.64184324215894,0.100622494901812,0.258956876361471
"ENSMUSG00000028069",499.611418448744,-0.260321888919978,0.248106447934759,-1.04923467764301,0.294070122017266,0.505527495514652
"ENSMUSG00000028070",1103.89100509821,-0.642552826862561,0.229205700904025,-2.80338937612907,0.00505685768275501,0.0424682627664649
"ENSMUSG00000028071",2295.59978736849,-0.12512023122831,0.302568550266207,-0.413526888760335,0.679220626330124,0.824036197258989
"ENSMUSG00000028072",0.274197503813844,-3.13336886175498,7.26785343920902,-0.431127139252823,0.666375928274095,NA
"ENSMUSG00000028073",103.889483132471,0.362808266489953,0.3703958606855,0.97951490553511,0.327325627407336,0.53738811275893
"ENSMUSG00000028076",427.132634149725,0.368745409909264,0.206616268017666,1.7846872051611,0.0743120674499318,0.213725570771771
"ENSMUSG00000028078",46.0278096575117,0.186215554300337,0.537953030410025,0.346155786423221,0.729225640331695,NA
"ENSMUSG00000028080",344.867712352962,0.28796660411045,0.229435556543007,1.25510887871677,0.20943923777146,0.408909943548605
"ENSMUSG00000028081",28263.4576435158,-0.602637963023408,0.221721748630103,-2.71799210833748,0.00656794046455308,0.0488518370896217
"ENSMUSG00000028082",13.8653253409374,0.412221934716907,0.943954112733478,0.436697005877972,0.662331100940704,NA
"ENSMUSG00000028085",104.338001634821,-0.595960512582311,0.441457651825855,-1.34998342449709,0.177021299802911,0.368468214055964
"ENSMUSG00000028086",496.763951394112,0.239975647160202,0.299640326223052,0.800879007792711,0.423201693990888,0.626718913123584
"ENSMUSG00000028088",61.593969214104,0.288486361021263,0.517160959532633,0.557827027937246,0.576962504635551,NA
"ENSMUSG00000028089",297.559009835991,0.196308780370218,0.195512195575502,1.00407434836671,0.31534277858949,0.526992961345243
"ENSMUSG00000028093",879.031836889,0.403614955823737,0.213774685632157,1.888039056777,0.0590207073304933,0.185684179491383
"ENSMUSG00000028096",367.192211435482,0.877323666332817,0.361945951260418,2.42390794337574,0.0153544971476879,0.0811653498956655
"ENSMUSG00000028098",1239.26064343423,-0.483142277140381,0.190218483018159,-2.53993339382408,0.0110873581580237,0.06681740451228
"ENSMUSG00000028099",1000.06132018197,0.0712232784353183,0.176640810097634,0.403209645585024,0.686794004467129,0.82903391551564
"ENSMUSG00000028100",19.432143123089,-0.971267957199529,0.872750459629443,-1.11288163355642,0.265759269073979,NA
"ENSMUSG00000028101",119.634871937659,0.295292934228565,0.352025066882959,0.838840645194005,0.401558738888141,0.606943139741479
"ENSMUSG00000028102",400.169931510873,-0.470925521366211,0.39352425571238,-1.19668740752387,0.231428417031406,0.43516642616615
"ENSMUSG00000028104",155.913278484621,-0.146091571694191,0.283427097838673,-0.515446733245479,0.606240882836129,0.770863278471204
"ENSMUSG00000028106",409.363825079203,0.0410983449040091,0.230200584801195,0.178532756289487,0.858304598605597,0.932917039882064
"ENSMUSG00000028107",343.143616307047,0.1511156413729,0.305326409763419,0.494931445628929,0.620648512788281,0.780963009402449
"ENSMUSG00000028108",25.996330624311,0.600191841621962,0.69488207490957,0.863731938545212,0.387735164244757,NA
"ENSMUSG00000028109",0.1602444144268,-3.15835179411976,7.26734026204777,-0.434595282487821,0.663856219860039,NA
"ENSMUSG00000028111",5.40257868375508,0.359169069175664,1.26076687990772,0.284881428041599,0.775734984954067,NA
"ENSMUSG00000028114",277.02421247484,-0.180063655706314,0.209679885106795,-0.858755028478787,0.390475683582452,0.598499627060104
"ENSMUSG00000028115",1.32206178099958,-0.179671630734242,2.93261494644649,-0.0612666967928926,0.951146813067672,NA
"ENSMUSG00000028116",0.856002200872599,-2.68024513982791,6.27296263767363,-0.427269425092878,0.669183099739123,NA
"ENSMUSG00000028121",20.9120059498856,0.467630229756168,0.780620507803545,0.599049378131191,0.549139957305944,NA
"ENSMUSG00000028124",502.681143580884,-0.337276940015383,0.242912165205124,-1.38847282403734,0.164993114433612,0.352182452208217
"ENSMUSG00000028125",3.06760247218099,0.186946087820043,1.82196193957399,0.102607021452795,0.918274869943729,NA
"ENSMUSG00000028126",422.713656337073,-0.190950955860051,0.216488738330332,-0.882036439090362,0.377757102264211,0.586493327666732
"ENSMUSG00000028127",427.474763185327,0.461603376382679,0.282671187615082,1.63300469452604,0.102468009330311,0.261650884064726
"ENSMUSG00000028128",1.65370073010704,1.56041537740042,5.03655730673947,0.309817854214109,0.756699473522263,NA
"ENSMUSG00000028132",3.5247306501208,4.09338294913017,2.42081797991827,1.69090901632694,0.0908541810010263,NA
"ENSMUSG00000028133",23.8134705434459,-0.245186329580916,0.595305932516534,-0.411866094706029,0.680437573239436,NA
"ENSMUSG00000028134",393.948920843572,-0.439936620273332,0.326901222041019,-1.34577845113754,0.178373976943442,0.370114769539446
"ENSMUSG00000028136",383.833017958653,0.598615430243553,0.292511404445338,2.04646868855815,0.0407102800443827,0.148112299683004
"ENSMUSG00000028137",4.4747672808864,0.881875128894163,1.57008668216613,0.561672892911561,0.574338906385224,NA
"ENSMUSG00000028138",2250.6014654201,-0.4641910903962,0.201557355475198,-2.30302232980687,0.0212775867562464,0.0989198921239343
"ENSMUSG00000028139",6.02033394184379,1.62496875022626,1.06910977137407,1.5199269464517,0.128529337152506,NA
"ENSMUSG00000028140",1158.81381631873,-0.200310640845895,0.16728573506759,-1.1974161500678,0.231144391912055,0.43516642616615
"ENSMUSG00000028141",28.399237400745,1.01545919784939,0.659209484445932,1.54041958104242,0.12345811145418,NA
"ENSMUSG00000028145",148.485691655004,0.110683926846398,0.245343332146667,0.451138923882515,0.6518894256272,0.802693947177707
"ENSMUSG00000028148",0.0788249812046229,0,7.3561311249555,0,1,NA
"ENSMUSG00000028149",907.175511262043,0.343070175675964,0.154110627938716,2.2261292440674,0.0260055256196253,0.111815841996519
"ENSMUSG00000028150",5.59728600275947,-3.10158766265889,1.75406185596485,-1.76823163454108,0.0770221876670532,NA
"ENSMUSG00000028152",183.647690549363,0.222377864699512,0.20995800607512,1.059154013017,0.289529644596211,0.501313809219398
"ENSMUSG00000028156",4082.2119223028,-0.994319943923037,0.374369422181933,-2.65598599941164,0.0079076897339966,0.0540951647201082
"ENSMUSG00000028158",129.068126767702,-0.0869233070375443,0.270563601470211,-0.321267556187208,0.748007640683225,0.865409120804504
"ENSMUSG00000028159",444.58938127272,-0.403083868872765,0.18667751382072,-2.15925239533603,0.0308305911688937,0.125061103676493
"ENSMUSG00000028161",1104.01016621484,0.190407169458277,0.229497761393387,0.829668961920268,0.406725974644969,0.611546834968771
"ENSMUSG00000028163",1292.26305734543,0.315253453376328,0.159497325235527,1.97654382548923,0.0480932172370786,0.164498772452776
"ENSMUSG00000028164",186.364186322705,0.18397349379604,0.279865072252118,0.657364966323154,0.51094627249839,0.700224379162657
"ENSMUSG00000028165",2414.28191346613,-0.483202190721057,0.16339307396158,-2.95729910090728,0.00310346912281982,0.0333454263902978
"ENSMUSG00000028167",9.27852238537539,1.62576038260765,1.78567135341111,0.910447703325706,0.362586449854531,NA
"ENSMUSG00000028172",0.200069617949562,-1.6739346975609,7.35018330555924,-0.227740537612829,0.819847955956338,NA
"ENSMUSG00000028173",114.080225721795,0.392160330837558,0.427944566640855,0.916381142342371,0.359467022543943,0.568715031665633
"ENSMUSG00000028174",0.0765265687116653,-1.60089091838611,7.34833220442971,-0.217857722521182,0.827539968458635,NA
"ENSMUSG00000028175",969.657513722947,-0.50254702432723,0.656212270817909,-0.765829970995286,0.443777478511657,0.644619061464428
"ENSMUSG00000028176",9.61511489932776,0.801921701606446,0.9348213360884,0.857834187826682,0.390984028823937,NA
"ENSMUSG00000028179",120.199200682423,-0.823316043211014,1.78339418481263,-0.461656794791845,0.644327458964936,0.797942487079478
"ENSMUSG00000028180",1633.17854225228,0.179107434234558,0.17451614835841,1.02630865922343,0.30474611693932,0.515945618584709
"ENSMUSG00000028182",6.57251899054476,-3.34565818975641,1.65980433881639,-2.01569432704473,0.043831949197084,NA
"ENSMUSG00000028184",5.87608342764632,1.33586282125114,1.74928097562564,0.763663950997558,0.445067528528177,NA
"ENSMUSG00000028185",0.228657869582989,1.16104426414511,7.35568479406403,0.157843123604489,0.874580416848565,NA
"ENSMUSG00000028186",1.10217398829394,0.348323905041487,3.13960692087803,0.110945068545101,0.911659906647026,NA
"ENSMUSG00000028187",1646.17241601159,-0.621072273268895,0.271581412101031,-2.28687327480958,0.0222032209484104,0.10128234382789
"ENSMUSG00000028188",93.2249889428454,0.239012367062474,0.440185414085406,0.542981115262715,0.587142804955011,0.756998386198028
"ENSMUSG00000028189",123.330303095695,0.485385241176994,0.391718616681016,1.23911711240483,0.21530213058896,0.416163778035171
"ENSMUSG00000028191",933.928373415394,-0.399190088447593,0.187924845200154,-2.12420070386344,0.0336533644072668,0.13169576689067
"ENSMUSG00000028194",0.707281219931738,-1.87279471585438,7.31881892212226,-0.2558875599714,0.798037660616533,NA
"ENSMUSG00000028195",0.659167901022391,-0.229831552196169,7.34989455154008,-0.0312700475611601,0.975054177305188,NA
"ENSMUSG00000028197",0.403975785489397,1.13079224092759,7.30675145646684,0.15475991590309,0.877010592878271,NA
"ENSMUSG00000028199",64.339442859677,-0.571490401606179,0.402138798909811,-1.42112724053356,0.1552797720563,NA
"ENSMUSG00000028207",28.4065525491253,-0.471293932948035,0.629845687252308,-0.748268889486323,0.454297985698989,NA
"ENSMUSG00000028211",1280.12179605747,-0.258083401682742,0.20140567495211,-1.28141077327691,0.200049422074634,0.39652868201479
"ENSMUSG00000028212",430.704367114637,-0.461033151796304,0.43203522131668,-1.06711936677581,0.285917937510349,0.497587819065106
"ENSMUSG00000028214",329.875272196768,-0.0356579897303869,0.314832931784085,-0.11326003772325,0.909824398598016,0.961061570863581
"ENSMUSG00000028217",23.0216723312725,0.156227184067535,0.969733988140355,0.161103133414071,0.872012172376015,NA
"ENSMUSG00000028218",809.439530999078,-0.831581672152759,0.228708103013962,-3.63599566956311,0.000276908982680924,0.0109393413621785
"ENSMUSG00000028221",243.498663839978,-0.332282894145457,0.257656132417469,-1.28963704852587,0.197176705985634,0.393274487003645
"ENSMUSG00000028222",30.0715729953083,-0.223102661141932,0.601096118704211,-0.371159710069126,0.710518579880324,NA
"ENSMUSG00000028223",235.398831568199,-0.0969889909710716,0.271462481804712,-0.35728322501982,0.720879786864239,0.848624114940217
"ENSMUSG00000028224",331.906572211744,-0.165725282896372,0.222857324679178,-0.743638483208696,0.457095215059569,0.6552994982307
"ENSMUSG00000028226",2.04674828622575,-3.53462666988878,2.79540509091787,-1.26444166585108,0.206071545890415,NA
"ENSMUSG00000028228",457.618170983201,-0.320586447578571,0.195500669894179,-1.63982275739566,0.101042024975234,0.25942867970914
"ENSMUSG00000028229",314.971454925303,-0.270672724225629,0.220821391757432,-1.225754090541,0.220291228340803,0.422256892020328
"ENSMUSG00000028232",385.816645224103,0.681828417786271,0.277536162480186,2.45671919541277,0.0140212235806968,0.0769998861639935
"ENSMUSG00000028233",811.5666974919,0.289914108064792,0.176525104450928,1.64233925234914,0.100519716698154,0.258894580396366
"ENSMUSG00000028234",13711.2168032721,-0.616639341389241,0.258821712568833,-2.38248690679399,0.0171961434854551,0.0870373161053371
"ENSMUSG00000028236",0.0705195707844363,2.15212880095346,7.28531419713947,0.295406449566511,0.767683406992174,NA
"ENSMUSG00000028238",0.705781540177446,-1.65202562538229,4.96594834161235,-0.332670723039762,0.73938285158391,NA
"ENSMUSG00000028240",1.08147801784707,4.6935868772381,7.18636290902906,0.653124109741383,0.513676270262682,NA
"ENSMUSG00000028243",513.191244447974,-0.292022625755049,0.196714975675792,-1.48449615872832,0.137677341467385,0.315251452491337
"ENSMUSG00000028245",2304.7971580265,0.197697177362279,0.216585381013161,0.912790957715959,0.361352494882929,0.570447399522621
"ENSMUSG00000028246",25.3402478518774,-0.724453124651723,0.941319789976027,-0.769614250509036,0.441528749217761,NA
"ENSMUSG00000028247",372.171818727135,0.695598475709243,0.306846842503206,2.26692401340899,0.0233948680053139,0.10455666903081
"ENSMUSG00000028248",1280.36159309302,0.477914394247869,0.231116595909078,2.06784974643657,0.0386541541732605,0.143244470315564
"ENSMUSG00000028249",4438.84596446192,-0.593921245269407,0.254921254359144,-2.32982238676993,0.0198155404478766,0.095277437780821
"ENSMUSG00000028251",873.985861505897,-0.757859986684204,0.203807809343096,-3.71850317770896,0.000200406771777992,0.00954635568758181
"ENSMUSG00000028252",944.150746430606,-0.246599942330723,0.262459081046485,-0.939574814281416,0.347435700123402,0.55613659509492
"ENSMUSG00000028255",0.0825614513763648,-1.67380526068016,7.35018002438616,-0.227723029249198,0.819861568020268,NA
"ENSMUSG00000028256",120.762603091566,0.705427061693893,0.39855098958365,1.76997945088739,0.0767305639901177,0.218268093537356
"ENSMUSG00000028259",0.196922403143188,-3.13317016534195,7.26785898738643,-0.4310994710794,0.666396045210855,NA
"ENSMUSG00000028261",880.476326812506,-0.445480911856607,0.220311276066227,-2.02205225175443,0.0431709540829173,0.154325742007374
"ENSMUSG00000028262",8.07627738263574,-1.06887433765253,1.05909042805597,-1.00923803042438,0.312860491813384,NA
"ENSMUSG00000028264",15.6868266745559,-1.09014360248157,0.965523883366626,-1.12906953547375,0.258868501476381,NA
"ENSMUSG00000028266",303.902986548281,-0.358568828569753,0.264345504026011,-1.35644004951365,0.174959197853149,0.365728655549201
"ENSMUSG00000028268",596.816802660352,-0.503115873227457,0.184775426598389,-2.72285055696818,0.00647213274293899,0.048577852820009
"ENSMUSG00000028270",914.114330694121,-0.579052774251246,0.16594253055763,-3.48947778670971,0.000483965279228805,0.0139882946934992
"ENSMUSG00000028271",2309.86294934618,-1.15794751522395,0.331653385637235,-3.49143884962635,0.00048042642605104,0.0139267308548813
"ENSMUSG00000028273",405.591624642187,-0.0373870017638474,0.165745227432357,-0.225569099895232,0.82153657616079,0.911230818598453
"ENSMUSG00000028274",824.578900317006,0.323605899400884,0.194950137316404,1.65994189004172,0.0969261432366335,0.252934246540159
"ENSMUSG00000028277",1027.28118424786,-0.280177386101269,0.335555741555737,-0.834965257343783,0.403737270185909,0.60871888965737
"ENSMUSG00000028278",60.3184755378337,0.0854988395970424,0.852229531628042,0.100323723156731,0.920087324146833,NA
"ENSMUSG00000028280",0.479692623659684,-0.110208061368909,7.22297868618944,-0.0152579795894498,0.987826366007419,NA
"ENSMUSG00000028282",1215.9264538459,-0.0600701477937636,0.233695371537254,-0.257044662025699,0.797144295742061,0.897366058923844
"ENSMUSG00000028284",526.028530776602,0.191246595136013,0.138970429499804,1.37616754747299,0.168769766819735,0.356624443140889
"ENSMUSG00000028287",0.0474375977968173,0,7.3561311249555,0,1,NA
"ENSMUSG00000028289",4.25117842824876,-0.598426891985686,1.59421601050501,-0.375373781245691,0.707382501221998,NA
"ENSMUSG00000028291",657.639817300387,-0.411290088958317,0.148243813274174,-2.77441654983365,0.00553008197607754,0.0444396948383739
"ENSMUSG00000028292",498.89257905041,-0.0566415987525233,0.334695339069031,-0.169233306057008,0.86561313316024,0.93695440749744
"ENSMUSG00000028293",520.953134907229,-0.0896606081856532,0.234844508069578,-0.381787119156686,0.702619273787702,0.838005733758619
"ENSMUSG00000028294",0.196474478897039,2.49039502616654,7.24926392393589,0.343537640827734,0.731194028554675,NA
"ENSMUSG00000028295",1117.43654260491,-0.720014702056855,0.274341865566852,-2.62451631496032,0.00867721353561315,0.0573953185655134
"ENSMUSG00000028298",0.0381979668618393,0,7.3561311249555,0,1,NA
"ENSMUSG00000028300",85.4922549042439,0.213601890643501,0.362459607646805,0.589312260282651,0.555651821890522,0.734700141705165
"ENSMUSG00000028307",0.579663525911069,-1.84852906400075,7.13989917653522,-0.258901283939108,0.795711407514656,NA
"ENSMUSG00000028309",827.476153066225,0.314414714395224,0.202791468426128,1.55043363922263,0.121037469758618,0.290260889996103
"ENSMUSG00000028310",0.303965418865334,-1.11151024447183,7.182377515833,-0.15475519659355,0.87701431352015,NA
"ENSMUSG00000028312",3749.90581057142,0.611032117475768,0.342416219782255,1.78447188589468,0.0743470191972128,0.213763899000712
"ENSMUSG00000028314",0.0400922426516566,0,7.3561311249555,0,1,NA
"ENSMUSG00000028318",348.096083618579,-0.343086871862848,0.284644638451859,-1.20531647365237,0.228081152427012,0.431032575821721
"ENSMUSG00000028322",2267.99714557115,-0.689485495062933,0.195828400693375,-3.52086567945024,0.000430140445343207,0.0130427555282748
"ENSMUSG00000028327",5.54020570176943,-1.25991996092325,1.4168102581978,-0.889265131751574,0.373860606140678,NA
"ENSMUSG00000028328",22.5632930744021,-1.72325819086192,2.22163322010466,-0.775671778431877,0.437942807219358,NA
"ENSMUSG00000028329",464.549906038214,-0.584800873773523,0.210017284358122,-2.78453688019467,0.0053604224687669,0.043647262029457
"ENSMUSG00000028330",1023.33672283674,-0.145691491075938,0.151601513980125,-0.961016069371428,0.336544088130544,0.544964017986684
"ENSMUSG00000028331",372.596775414038,-0.209334897415697,0.261193834680338,-0.801454206114367,0.422868744911037,0.626319679868985
"ENSMUSG00000028332",44.987025401132,-0.185689751524775,1.01075328008382,-0.183714221050438,0.854237652012729,NA
"ENSMUSG00000028333",5282.08533314185,-0.11020942891986,0.191762280182849,-0.574719015724954,0.565481344795517,0.742009382790533
"ENSMUSG00000028334",2493.74287619269,-0.982598457002433,0.328220314730834,-2.99371615010558,0.00275602214458095,0.0312422923155765
"ENSMUSG00000028337",388.71360924171,1.33212291098331,0.318806602082414,4.17846714052348,2.93480387381006e-05,0.00391939856795218
"ENSMUSG00000028339",3.32485540973,-0.780053087702085,1.71492076109666,-0.454862466766834,0.649208186693129,NA
"ENSMUSG00000028341",452.275580793973,0.673035649171469,0.267496359640729,2.51605535894176,0.0118676540495353,0.0698677990702961
"ENSMUSG00000028343",2366.11257534219,-0.37958009803318,0.197703310073656,-1.91994811767069,0.054864453153125,0.177407628203677
"ENSMUSG00000028344",174.572218857975,0.241616537382519,0.365087508428215,0.66180444908327,0.508096554434928,0.697969869520915
"ENSMUSG00000028345",957.282400815318,0.212357847237257,0.153263384856715,1.38557456130692,0.16587685044348,0.353181053191262
"ENSMUSG00000028347",0.502304795955475,1.16623515060373,7.21974007142327,0.161534229635199,0.871672653991465,NA
"ENSMUSG00000028348",0,NA,NA,NA,NA,NA
"ENSMUSG00000028351",0.820094881982118,-1.8558214057078,6.45685973689521,-0.287418572081322,0.773791842383043,NA
"ENSMUSG00000028354",1.18524877490322,-1.32941483737768,5.10445842841455,-0.260441897220152,0.79452292837095,NA
"ENSMUSG00000028356",0.282404231839051,-2.84157953306615,7.25424656796582,-0.391712565384025,0.695270604689085,NA
"ENSMUSG00000028357",0.541811704950883,1.76508797445362,7.18425950887803,0.245688226082645,0.805923587115998,NA
"ENSMUSG00000028358",2.1704897859949,-0.00388992777822679,2.19602793323419,-0.0017713471305886,0.998586670211775,NA
"ENSMUSG00000028359",4.94813209065574,1.54592875622878,1.35539096242784,1.1405777366699,0.25404568628666,NA
"ENSMUSG00000028360",0.536648647670314,-1.17212785831933,7.14355107934725,-0.164081959420444,0.869666623622308,NA
"ENSMUSG00000028362",196.128475726089,-0.445186253506782,0.405568276360625,-1.09768509879932,0.272342018774376,0.483148035819223
"ENSMUSG00000028364",1.84835282141144,0.306196662991921,2.50212288773278,0.122374750054491,0.902602234732417,NA
"ENSMUSG00000028367",17109.7545080925,-0.841915715184409,0.253196688438231,-3.32514504979317,0.000883725460290979,0.0185076825741024
"ENSMUSG00000028369",6.22888036556151,0.592155604152823,0.967999508773701,0.611731306457984,0.540715545297789,NA
"ENSMUSG00000028370",1.1874186022583,0.198706956779454,3.16543087710715,0.0627740628350255,0.949946419982632,NA
"ENSMUSG00000028373",1.52298624833864,-0.225063057001779,2.31130128584023,-0.0973750407965362,0.922428565078463,NA
"ENSMUSG00000028378",144.507396572529,-2.57654549769799,1.61225339170528,-1.59810207933431,0.11002026095935,0.274022344209689
"ENSMUSG00000028381",3227.78084279113,0.492517521318838,0.192902244750488,2.55319745996679,0.0106738964182366,0.065453763085775
"ENSMUSG00000028382",3734.18201034225,0.160513790451698,0.156358534015601,1.0265751815995,0.304620545436196,0.515945618584709
"ENSMUSG00000028383",753.983437589029,-0.605992077246038,0.344693266529826,-1.75806183667821,0.078736988365036,0.221931887649952
"ENSMUSG00000028385",88.6316275850975,0.909716007007792,0.443387304578919,2.05174121498977,0.0401948190029064,0.147083604353335
"ENSMUSG00000028386",0.633791910155194,-0.427337030388613,6.77856736815796,-0.0630423815504159,0.949732755823464,NA
"ENSMUSG00000028389",14.1380194720497,0.711468352462028,0.692988586189027,1.02666676860383,0.304577402326524,NA
"ENSMUSG00000028391",840.522506191073,0.549710008042246,0.270866370575329,2.02945093137492,0.0424123820176014,0.152508692704253
"ENSMUSG00000028392",318.022674465188,-0.696145222662226,1.12421984876372,-0.619225166169908,0.535768035176216,0.72023704937931
"ENSMUSG00000028393",764.410922253984,-0.575070641935242,0.272024012806443,-2.11404366843316,0.0345115377604236,0.134151219332201
"ENSMUSG00000028394",955.911913237063,-0.841089301881022,0.187388471644342,-4.4884794379314,7.17333464291672e-06,0.00150868963713259
"ENSMUSG00000028396",0.0812361587509111,0,7.3561311249555,0,1,NA
"ENSMUSG00000028397",353.464209244546,0.341993209678264,0.241626965525525,1.41537683484312,0.156958037904173,0.342048105088789
"ENSMUSG00000028398",1691.45151058329,-0.737976277676694,0.238931427486941,-3.08865303086606,0.00201066111367198,0.0274143242877897
"ENSMUSG00000028399",3.83431406006285,-0.316173400822248,2.05140346242094,-0.154125410536804,0.877510852950419,NA
"ENSMUSG00000028402",2.06465073301052,-1.69231989219492,3.6418651131273,-0.464684945660087,0.642157090661023,NA
"ENSMUSG00000028403",603.137988931451,0.514384663972071,0.347261590574584,1.48125988572754,0.138537333559879,0.316560689375729
"ENSMUSG00000028405",170.438556899898,-0.406576275652152,0.306457606871075,-1.32669663449795,0.184609054714948,0.377974421262896
"ENSMUSG00000028407",1136.06221906071,-0.76354891514757,0.272129196426307,-2.8058323956957,0.00501867892334591,0.0423651931317458
"ENSMUSG00000028409",2926.14802742299,-0.452925426805025,0.262990580945695,-1.72221159091074,0.0850311959169888,0.232168537090229
"ENSMUSG00000028410",7515.7423434168,-0.937430102619817,0.345083810151163,-2.71652878241137,0.00659704587865282,0.04890614085195
"ENSMUSG00000028411",468.915642734467,-0.499787366788541,0.316248606942954,-1.58036227137814,0.114023926592928,0.280853177182512
"ENSMUSG00000028412",72.8991905694329,-0.125156056645365,0.361729585785347,-0.345993420398942,0.729347659484981,0.85245607489
"ENSMUSG00000028413",908.670034324987,0.0619536155172144,0.19355394136987,0.320084494682672,0.748904279291298,0.865759221672027
"ENSMUSG00000028414",73.9609398225887,0.324113222087817,0.525184856187889,0.617141218504333,0.537141583373788,0.720635796912309
"ENSMUSG00000028415",0.0760990896916626,1.148655600571,7.35577914044995,0.15615689087978,0.875909355894877,NA
"ENSMUSG00000028416",3588.24922041286,-0.503463934228708,0.228012648605718,-2.20805265544415,0.0272406028104329,0.115369905218993
"ENSMUSG00000028417",2.48371151352643,4.32470820230385,3.47672207411737,1.2439039158463,0.213534928006379,NA
"ENSMUSG00000028419",2005.80396016084,-0.885534203430964,0.234146046069713,-3.78197376507188,0.000155589763232559,0.00864948589574009
"ENSMUSG00000028420",116.770883074948,0.196430567159571,0.351949354814538,0.558121685613208,0.576761293412847,0.750070436177608
"ENSMUSG00000028423",1077.663236625,0.531141529451567,0.172343604001943,3.08187549243533,0.00205700857049789,0.0277212352493685
"ENSMUSG00000028426",705.248399409849,-0.212553688650147,0.240984406197393,-0.882022583967703,0.377764594562881,0.586493327666732
"ENSMUSG00000028427",48.0427622259586,0.824835792311101,0.540831908347868,1.52512412744065,0.127228140313224,NA
"ENSMUSG00000028430",138.869528641335,-0.352881851209541,0.311320612555533,-1.13349979724389,0.257004426291573,0.466657026490324
"ENSMUSG00000028431",247.807437693452,0.193658725028703,0.247692568396137,0.781851172534911,0.434302043296788,0.635917004590246
"ENSMUSG00000028433",431.01787266262,0.184847689363428,0.356466776416124,0.518555168652364,0.604070978947267,0.770307802490747
"ENSMUSG00000028434",2.06545848715436,1.68756942160081,3.45303902454983,0.488720054885802,0.625039903498546,NA
"ENSMUSG00000028435",31.5291395378267,0.554512232827036,0.65499777573622,0.846586436425317,0.397225676695992,NA
"ENSMUSG00000028436",652.884103573785,-0.248678921975139,0.179828719123414,-1.38286544656126,0.16670612692883,0.35405271658503
"ENSMUSG00000028437",409.848179845748,-0.604761958324251,0.259859496036318,-2.32726518579767,0.0199511554953648,0.0955167092262206
"ENSMUSG00000028438",365.067128905156,0.620182955353072,0.36806682762999,1.68497378409915,0.0919936295678331,0.244713947329933
"ENSMUSG00000028439",16.9059288147103,1.86356777152781,0.89162356334782,2.09008358250492,0.0366102921807222,NA
"ENSMUSG00000028441",0.40069706952811,2.92228125825733,7.25247424012247,0.402935765299317,0.686995479595071,NA
"ENSMUSG00000028443",434.702468472086,-1.83052361962324,0.321553636364977,-5.69274737588576,1.25011284476609e-08,8.82668962179485e-06
"ENSMUSG00000028444",3.10270582617713,-1.36159204146208,2.32875071588311,-0.584687760770364,0.558757685179697,NA
"ENSMUSG00000028445",15.3133689779922,0,2.17065908497121,0,1,NA
"ENSMUSG00000028447",3409.36596785628,-0.566559019461806,0.227624055485861,-2.48901206092868,0.0128098620039596,0.0727314680695811
"ENSMUSG00000028451",1.56914090993464,4.17519923888027,2.17824858957724,1.91676893943983,0.0552672925962473,NA
"ENSMUSG00000028452",2501.99024728459,0.0969988732230306,0.133279077780418,0.727787698102471,0.466743556236742,0.664213493716479
"ENSMUSG00000028453",145.385695361456,0.480422139265039,0.314854602994279,1.52585394876304,0.127046241599446,0.299940792503111
"ENSMUSG00000028454",117.398882094124,0.252697438615512,0.355796862741011,0.710229530043534,0.477561811477253,0.67198555251995
"ENSMUSG00000028455",1388.93783816897,-0.41291971514495,0.28886899259204,-1.42943592332218,0.1528789795174,0.336647073408219
"ENSMUSG00000028456",5.15321781619213,1.7897409481987,1.3341652530936,1.34146871539993,0.179768320439424,NA
"ENSMUSG00000028457",4.34692868188392,0.374724877229046,1.38983083347252,0.269619055934159,0.787453338585532,NA
"ENSMUSG00000028458",30.6542331377553,-1.04759175307486,0.751789374818831,-1.3934644305492,0.163479393883175,NA
"ENSMUSG00000028459",504.937501043857,-0.258885106634787,0.25463058153747,-1.01670861791866,0.309292064845126,0.520754907340159
"ENSMUSG00000028460",1342.05578107448,-0.265615462918998,0.307388499171108,-0.864103450959442,0.387531063435595,0.595853874951137
"ENSMUSG00000028461",851.347341015311,0.0922600885053126,0.213643183846064,0.431841947140184,0.665856289974366,0.813696306885475
"ENSMUSG00000028463",7.40658496704017,2.71147997762254,1.16369608709799,2.33005851586593,0.0198030585917912,NA
"ENSMUSG00000028464",0.787832584513536,0,4.35040858918067,0,1,NA
"ENSMUSG00000028465",2091.93207285999,0.238682345844571,0.347790328450794,0.686282298037912,0.49253510953612,0.683210036227736
"ENSMUSG00000028466",964.508632239268,-0.639900254110889,0.286398941488889,-2.23429685453539,0.0254635471704536,0.110301123479375
"ENSMUSG00000028467",199.903815017237,0.418640907296375,0.261576925738906,1.60045044536628,0.109498691851355,0.273401002513425
"ENSMUSG00000028468",106.914989263262,0.531715196776676,0.402897743364361,1.31972741355322,0.18692604391113,0.381060825749952
"ENSMUSG00000028469",4.35753616288345,0.742486163604178,1.69017482201096,0.439295482298553,0.660447447244402,NA
"ENSMUSG00000028470",876.30696515806,-0.644386743392924,0.18160230986637,-3.54834001763022,0.000387667421716158,0.0126855789643276
"ENSMUSG00000028475",0.840241369269362,3.25716925399111,3.59715834619248,0.905483979441371,0.365209043383489,NA
"ENSMUSG00000028476",148.417509142615,0.737470555984268,0.261571036149118,2.81938920624165,0.00481151380838847,0.0413940939912272
"ENSMUSG00000028478",2787.91771691225,-0.146601461289217,0.15216615235626,-0.963430165113101,0.335331694335139,0.544115856615701
"ENSMUSG00000028479",188.119595332484,-0.217533732575271,0.267627433635062,-0.812822996583754,0.416319548659153,0.620711725263307
"ENSMUSG00000028480",5334.75075335274,-0.858463679013255,0.228528811788609,-3.75647898527273,0.00017232073426975,0.00889318334902861
"ENSMUSG00000028483",763.034651024178,-0.23274874445983,0.281280491283987,-0.82746138346595,0.407975601078858,0.61252108394054
"ENSMUSG00000028484",2563.06877806951,-0.341562514038647,0.200108496856938,-1.70688661103101,0.0878431298726557,0.23750802483348
"ENSMUSG00000028487",4.78700340533467,0.167036457222416,1.42352590462328,0.11733994912205,0.90659066885272,NA
"ENSMUSG00000028488",6.6897814031855,0.729960230262146,1.18555958930449,0.615709439531737,0.53808630611427,NA
"ENSMUSG00000028492",0.376509947600895,-0.521819342388354,7.15777086465795,-0.0729024932838906,0.94188370987178,NA
"ENSMUSG00000028494",240.197235701031,-0.73228019254555,0.339711001401649,-2.15559752119937,0.0311151062871147,0.125645804326663
"ENSMUSG00000028495",26520.8328908745,-0.618819254674758,0.218264297407185,-2.83518313359475,0.00457994232924765,0.0405669622980403
"ENSMUSG00000028496",990.381740110049,0.064751648233114,0.221947631186815,0.291742911996262,0.770483196726785,0.880285066995408
"ENSMUSG00000028497",38.2678450899229,1.59936484028477,0.71365337306091,2.24109476765307,0.0250199370625058,NA
"ENSMUSG00000028514",695.044113991461,0.120992605656926,0.169656362938156,0.713162793080923,0.475745026895569,0.670623397721141
"ENSMUSG00000028517",1.11924622995863,1.15568065265546,3.84240982312201,0.300769752799678,0.763590074791322,NA
"ENSMUSG00000028518",0.594557135383773,2.74638333918816,7.26105965440102,0.378234509824409,0.705256391234784,NA
"ENSMUSG00000028519",1.13993731627255,-0.604520527123682,3.61861356215184,-0.167058603175134,0.867323938081616,NA
"ENSMUSG00000028520",0.154226558949034,0,7.3561311249555,0,1,NA
"ENSMUSG00000028521",207.095519095446,-0.00953464015608116,0.321393262682269,-0.0296665837874366,0.976332962459538,0.994748642951199
"ENSMUSG00000028522",1659.18715169056,0.876017784524013,0.292568587568574,2.99423048729962,0.00275138012424595,0.0312422923155765
"ENSMUSG00000028523",5.89591387521675,-0.752950040344463,1.04705103731841,-0.719114936625089,0.472070104904298,NA
"ENSMUSG00000028524",2196.79569344358,0.373276666722311,0.340832575814944,1.09519069833566,0.273433099910057,0.483695859313964
"ENSMUSG00000028525",963.219326002359,0.284843720902048,0.190039770601279,1.49886373784189,0.133908985331031,0.309490371755259
"ENSMUSG00000028527",40.6007212557728,-2.35549199904501,1.35158536469677,-1.74276228536513,0.081375146736909,NA
"ENSMUSG00000028528",4.60715807009954,0.824928824339789,1.67757266635216,0.491739547791735,0.622903476866947,NA
"ENSMUSG00000028530",10627.7586445881,0.0098312050487595,0.145571116553703,0.0675354100559684,0.946155473214731,0.980682698399659
"ENSMUSG00000028532",4.37651070536571,0.925168179020681,1.94918584637154,0.474643390594542,0.635041173420749,NA
"ENSMUSG00000028533",0.107540003552336,0,7.3561311249555,0,1,NA
"ENSMUSG00000028536",0.211708434920604,-3.76250923778771,7.25114523622204,-0.518884826495081,0.603841059572627,NA
"ENSMUSG00000028538",38.838347597661,-0.0122182935594606,0.584361466873552,-0.0209087940463132,0.983318411523954,NA
"ENSMUSG00000028539",0.214507299064766,-1.41341084643045,7.34359972438231,-0.192468394176991,0.84737532284727,NA
"ENSMUSG00000028540",140.763713072442,-0.242915815777879,0.286096411740617,-0.84906977441616,0.395842467994566,0.602726863235719
"ENSMUSG00000028541",4.10312335752227,0.15301706594673,2.04892884981423,0.0746814931912369,0.940468132840858,NA
"ENSMUSG00000028542",7.27817884398446,-3.03394877279264,2.3430633715885,-1.29486415501248,0.195367095767372,NA
"ENSMUSG00000028544",0.390636997446321,1.86435878697415,7.24869965938567,0.257199066671243,0.797025104468363,NA
"ENSMUSG00000028545",98.4619829589285,0.0212508255344479,0.419554890191532,0.0506508827122636,0.959603716288808,0.986755719912085
"ENSMUSG00000028546",0.888505366478906,-1.67616067703384,7.31635460040418,-0.229097790987501,0.8187929103471,NA
"ENSMUSG00000028549",575.894906749472,-0.924681060496511,0.297024838793982,-3.11314388470344,0.00185105749777494,0.0260056804423214
"ENSMUSG00000028550",8.06399451338364,-0.074631869349782,0.907948077685693,-0.0821983890753029,0.93448895444391,NA
"ENSMUSG00000028551",406.010486124837,-0.457498488817111,0.364944603449326,-1.25361077953475,0.209983511219293,0.409401776522837
"ENSMUSG00000028552",848.563454638024,-0.085090817680089,0.208928918454567,-0.407271613281205,0.683808509356379,0.826861632205056
"ENSMUSG00000028553",0.187459646728472,2.73727898565871,7.24909348273997,0.377602936446626,0.705725582961329,NA
"ENSMUSG00000028555",6.21611173584666,0.868909361475795,1.06947375504843,0.812464408195268,0.416525201381537,NA
"ENSMUSG00000028556",399.735049850903,-0.013732974234716,0.259807326823875,-0.0528583023527496,0.957844807824658,0.986464708696295
"ENSMUSG00000028557",287.27883820212,-0.223110026945905,0.241901967187643,-0.922315884983435,0.356363830604649,0.565797697643263
"ENSMUSG00000028558",0.367546894958986,0,7.3561311249555,0,1,NA
"ENSMUSG00000028559",1189.6770929107,0.0580616488911457,0.140204942281186,0.414119844468114,0.678786340266271,0.823794103564406
"ENSMUSG00000028560",1863.20080607114,-0.254833006917011,0.19965081737296,-1.27639350677422,0.201816450422511,0.398640990728985
"ENSMUSG00000028563",1346.78037720312,-0.604443120078805,0.216689857655165,-2.78943890876841,0.00527994565991356,0.0433223509458418
"ENSMUSG00000028565",226.188696398115,0.116973115615555,0.356897840789355,0.327749574939551,0.74310101646134,0.862046814414274
"ENSMUSG00000028567",428.681755912101,-0.00721304921223832,0.339284825861005,-0.021259569136149,0.98303859569885,0.997643408395386
"ENSMUSG00000028568",720.381914472075,-0.801456583278072,0.339998821954643,-2.35723341237044,0.0184116699121394,0.0909542014400288
"ENSMUSG00000028571",5.56955780868801,0.206526283534255,1.1705400245817,0.176436754999522,0.859950831251995,NA
"ENSMUSG00000028572",199.794684309629,0.012132995384717,0.28954777830894,0.0419032584383067,0.966575818823161,0.989888225113969
"ENSMUSG00000028573",15.657382096949,-0.389321258040157,0.867397668837058,-0.44883825726916,0.653548338544049,NA
"ENSMUSG00000028575",6.14567427165137,-0.126437344139628,1.0520044111716,-0.120187085526398,0.90433494787343,NA
"ENSMUSG00000028576",96.509405142688,-0.134111257107617,0.352205297197274,-0.3807758093783,0.703369610768555,0.838117261437657
"ENSMUSG00000028577",988.641948035899,0.0221390690019144,0.137351468928833,0.161185527716384,0.871947279283372,0.940242048185462
"ENSMUSG00000028578",265.337889283902,-0.148499521483026,0.235458928720567,-0.630681207503748,0.528248989011311,0.714133103990263
"ENSMUSG00000028580",497.987259492792,0.202496144896219,0.18239347167319,1.11021596901806,0.266905973065045,0.477186750542227
"ENSMUSG00000028581",10455.832159898,-0.0779385261078736,0.29816729686841,-0.261391933073969,0.793790277330102,0.895212816081506
"ENSMUSG00000028582",389.00598187847,0.517752128607505,0.264238798318868,1.95940994245179,0.0500647972291032,0.168330151502391
"ENSMUSG00000028583",0,NA,NA,NA,NA,NA
"ENSMUSG00000028584",0.0824960569319193,0,7.35613112495549,0,1,NA
"ENSMUSG00000028587",137.058040603143,0.106441205680124,0.64886371811621,0.164042467945574,0.869697712038026,0.938915857192512
"ENSMUSG00000028589",0.233391339913355,-3.54931903778945,7.25425921175105,-0.489273809245741,0.624647860771014,NA
"ENSMUSG00000028591",0.235070396147748,-1.69249155290461,7.26783536043174,-0.232874228565913,0.815859070942713,NA
"ENSMUSG00000028593",0.305344583704253,3.47479442445389,7.2420736871217,0.479806554665825,0.631364951635479,NA
"ENSMUSG00000028597",15.1884433994914,-1.6582208987023,1.03891955593451,-1.59610134319854,0.110466168858987,NA
"ENSMUSG00000028599",427.092450938899,-0.214014556375373,0.327644805666903,-0.653190750086084,0.513633312751998,0.702246397282061
"ENSMUSG00000028600",1.89257603541257,-2.14022219768402,2.92045900401249,-0.732837610369985,0.463657479142955,NA
"ENSMUSG00000028601",50.535202774892,2.78114544822473,0.77761096147342,3.57652551984993,0.000348191339097095,NA
"ENSMUSG00000028602",30.372865558609,0,2.11407344932694,0,1,NA
"ENSMUSG00000028603",5281.20167451647,-0.828444955102938,0.263876603244628,-3.13951651990504,0.00169226872726964,0.0249535210838113
"ENSMUSG00000028607",144.914136556006,-0.881249052453965,0.279824846796114,-3.14928807267806,0.00163668770764401,0.0246859901676438
"ENSMUSG00000028608",990.469640274172,-0.512720071357764,0.287027805381177,-1.786308022238,0.0740493987105718,0.213378901858629
"ENSMUSG00000028609",3678.59940857119,-1.09785392512891,0.326768521707594,-3.35972975423659,0.000780187489975012,0.0176076560237511
"ENSMUSG00000028610",0.204175993739133,0.531356000743787,7.32363578121943,0.0725535808466041,0.942161366431514,NA
"ENSMUSG00000028613",126.311746156283,0.395708677502996,0.379335688883486,1.04316226787862,0.296873145619401,0.508242300735673
"ENSMUSG00000028614",329.660701987428,0.108593965994293,0.28198548236509,0.385104811366476,0.700159763461574,0.836687531651071
"ENSMUSG00000028617",229.661329755159,-0.0800718520513547,0.261291030830503,-0.306446998187613,0.759264329040156,0.873321839953682
"ENSMUSG00000028618",3131.13154219587,-0.391528085355203,0.254645133511323,-1.53754395364399,0.124160160195516,0.295313566778795
"ENSMUSG00000028619",458.21826900934,-0.616640061360676,0.306684368561861,-2.01066674591957,0.0443606687704233,0.156553092036999
"ENSMUSG00000028621",35.4633076373686,0.166261634938677,0.550224634433669,0.302170467357947,0.762522116203248,NA
"ENSMUSG00000028622",717.819801547519,-0.132263840023245,0.216474962919599,-0.61098908732632,0.541206804803512,0.723915788310343
"ENSMUSG00000028626",0.614226291207723,1.60044459108599,6.81744308651302,0.234757308682511,0.81439710451626,NA
"ENSMUSG00000028629",191.705388655607,-0.522127474933062,0.264202382784697,-1.97624059794553,0.0481275338323466,0.164559208555083
"ENSMUSG00000028630",713.585161319551,0.135451502425239,0.227205139767821,0.596163900885584,0.551065738857032,0.731708631409434
"ENSMUSG00000028631",1.1751715689141,-2.42575321392791,4.47144441488268,-0.542498796553094,0.587474936273878,NA
"ENSMUSG00000028633",400.45042720781,0.29151058491431,0.264723668585815,1.10118821815818,0.270814748377038,0.481648756334477
"ENSMUSG00000028634",188.422191841721,-1.15156042587159,0.229558216834132,-5.01641998161911,5.26431866886429e-07,0.00018887572545134
"ENSMUSG00000028635",0.207234281389096,-1.66957716420558,7.35007290540076,-0.227151102539241,0.820306248356589,NA
"ENSMUSG00000028636",504.639272467983,-0.675314473799107,0.229438061967603,-2.94334108302598,0.00324690473608098,0.0339893773392927
"ENSMUSG00000028637",127.70081526084,-0.0912693539464119,0.239667435595072,-0.380816666727371,0.70333929122614,0.838117261437657
"ENSMUSG00000028639",7388.48707473632,-0.404170924020096,0.230423472019254,-1.75403538744665,0.079424443709234,0.22304279149596
"ENSMUSG00000028640",0.92491263862388,1.47842182243735,4.61111016751085,0.320621665657453,0.748497116932768,NA
"ENSMUSG00000028641",30.1548059550902,1.11172962413306,0.546048105178145,2.03595546544451,0.0417548274297768,NA
"ENSMUSG00000028642",0.645375407284169,3.95233494092876,7.23387103850467,0.546365136991128,0.584814969684566,NA
"ENSMUSG00000028643",1931.65474731433,-0.713700637431257,0.207787291979684,-3.43476557508164,0.00059306663050904,0.0152668324025569
"ENSMUSG00000028644",21.1556938794459,0.813236968340873,0.92169802279241,0.882324740023918,0.377601221373728,NA
"ENSMUSG00000028645",456.653042821371,0.391854108473668,0.202049163099995,1.93939980973709,0.052452673683783,0.172651856712953
"ENSMUSG00000028646",637.287067133417,0.0148937655640923,0.186213448550114,0.0799822229815163,0.936251394674381,0.974501951811757
"ENSMUSG00000028647",998.209097985941,-0.354354387479287,0.208096724528781,-1.70283500752689,0.0885989495083343,0.238833001333484
"ENSMUSG00000028648",5649.24138376033,-0.81941415848643,0.222454447346092,-3.68351439255155,0.000230040288964276,0.0100685175264157
"ENSMUSG00000028649",3412.74508639096,0.630536911777177,0.204072639807199,3.08976701812103,0.00200313558712636,0.0273872687119559
"ENSMUSG00000028651",986.003194240357,-0.595415078041791,0.264758816682743,-2.24889612932237,0.0245191053302795,0.107525058240423
"ENSMUSG00000028653",223.168527300597,-0.433643178665147,0.240474198223138,-1.80328360326943,0.0713436863835617,0.208525233560469
"ENSMUSG00000028654",1.74932610217383,3.73322490103327,3.36209476993885,1.11038657637279,0.266832480155364,NA
"ENSMUSG00000028655",87.8819647272152,-0.671567800769919,0.693574266983116,-0.968270930366376,0.332909078790878,0.541518223440486
"ENSMUSG00000028656",569.665439802655,0.461980709704169,0.270988011156778,1.70480128523802,0.0882314917518852,0.238414222708495
"ENSMUSG00000028657",1249.06321807126,0.212112885224809,0.231355651898634,0.91682603594981,0.359233807084388,0.568680873463121
"ENSMUSG00000028661",5.37709800039159,-2.94845325408363,2.21418206390968,-1.33162186711847,0.182984475607629,NA
"ENSMUSG00000028664",22.1976529896114,0.234316600306144,0.737456231078346,0.317736281058355,0.750684987940214,NA
"ENSMUSG00000028668",1034.5388692831,0.184962655515535,0.15205278313009,1.2164371589127,0.223818435945925,0.426648951391023
"ENSMUSG00000028669",852.720027527216,-0.265344352936397,0.266980914312434,-0.993870118468013,0.320286103715206,0.531022364757293
"ENSMUSG00000028670",1619.77428635757,-0.740329075358151,0.410981641943869,-1.80136774931486,0.071644935876317,0.208911560807491
"ENSMUSG00000028671",378.930948556582,-0.495689604689617,0.301052494301329,-1.64652216497988,0.0996563005409476,0.257341308998764
"ENSMUSG00000028672",917.407602594944,-0.561768187417362,0.242028121608227,-2.32108642452178,0.0202821799164065,0.0963754522182468
"ENSMUSG00000028673",511.93768686457,0.481890063744747,0.246462142855211,1.95522954625873,0.0505559826628984,0.168962218271855
"ENSMUSG00000028675",1907.26756877126,-0.684966465367006,0.279461198218991,-2.45102529343001,0.0142449943078597,0.0777106891463537
"ENSMUSG00000028676",3214.68379827067,0.285175372590991,0.203261820284801,1.4029952707863,0.160618249193867,0.346510561606586
"ENSMUSG00000028677",886.897007624112,-0.249895774318728,0.160181733695472,-1.56007659895738,0.118741780819855,0.287353544062299
"ENSMUSG00000028678",464.407286054395,0.305074061923094,0.282522334304675,1.07982281356241,0.280221090087558,0.491045111773713
"ENSMUSG00000028680",104.756358394917,0.442380274564733,0.323548462025761,1.36727670344949,0.171538590988106,0.360241974063614
"ENSMUSG00000028681",2.6632230806372,-0.511556684266886,1.90626845382619,-0.268355006998154,0.788426068888842,NA
"ENSMUSG00000028683",500.285492246481,-0.595784872810462,0.260916214767949,-2.28343368134608,0.0224048351712557,0.101779317862069
"ENSMUSG00000028684",650.2854643337,-0.157537311984983,0.230829160703254,-0.682484446527567,0.494932674304927,0.685403402284142
"ENSMUSG00000028687",183.934088765107,0.254179346955926,0.262553602710577,0.968104586384661,0.332992139577021,0.541564215156112
"ENSMUSG00000028688",322.778292849183,-0.358861000086079,0.217270245577131,-1.65168037221499,0.0985997259677703,0.25583167342984
"ENSMUSG00000028689",271.481798570285,0.171223064569488,0.259258340610495,0.660434160637982,0.508975256397814,0.698780612429498
"ENSMUSG00000028690",336.999500198584,0.945532815886881,0.323674097049342,2.92124956710002,0.00348630433839,0.0353455794242423
"ENSMUSG00000028691",31506.9610124877,-0.568913609679595,0.306302355445802,-1.85735956503365,0.0632600151884405,0.194381489007689
"ENSMUSG00000028692",5368.08416643612,-0.405268010444568,0.196187931077044,-2.0657132588111,0.0388555626045653,0.143745223183431
"ENSMUSG00000028693",2799.77047252289,-0.0798929252043403,0.217040683769748,-0.368101149594131,0.712797813730262,0.842823730708569
"ENSMUSG00000028696",126.237103866887,-0.181690072462796,0.341562837124599,-0.531937473035208,0.594769302369594,0.762735840110514
"ENSMUSG00000028698",7.57971424867099,1.43509372849955,1.23840504634692,1.15882419304801,0.246527853920531,NA
"ENSMUSG00000028699",3.78950273791246,-1.62582725967114,2.45491995655145,-0.662273022520465,0.507796262884535,NA
"ENSMUSG00000028700",131.622601376584,0.291276966838443,0.403521241769044,0.721838001790142,0.470394082328223,0.666886473041105
"ENSMUSG00000028701",24.4440043995896,-1.74205169986675,0.953252951319664,-1.82748104525151,0.0676274735938912,NA
"ENSMUSG00000028702",433.055678492953,1.09212208807319,0.562284764549194,1.94229357956869,0.0521015698376112,0.171954887086213
"ENSMUSG00000028703",181.142591968914,0.786341913130904,0.318132000464833,2.47174729980623,0.0134454520218513,0.074807709285444
"ENSMUSG00000028706",180.841384779219,0.12493100417367,0.353863806097808,0.353048268912642,0.724052254135523,0.849828607472054
"ENSMUSG00000028707",1.89286521343833,2.39097366017659,2.07195940820276,1.15396742364299,0.248513524799725,NA
"ENSMUSG00000028708",232.861735600573,0.0655304632168563,0.275909594975339,0.237507011029151,0.812263480778174,0.906022298724621
"ENSMUSG00000028709",182.750595849517,0.368844479132431,0.268615719980167,1.37313065355842,0.169711733071612,0.358002663553752
"ENSMUSG00000028710",370.365890086531,-0.061415330602946,0.259974305621011,-0.236236155939491,0.813249424979583,0.906207932129769
"ENSMUSG00000028712",1.85161084729266,0.469567361949859,1.89748313594938,0.247468529787443,0.804545643787946,NA
"ENSMUSG00000028713",0.190714474541205,-0.350179451204004,7.2201455422003,-0.0485003313516709,0.961317500373707,NA
"ENSMUSG00000028715",0.403859166608813,3.85178145421212,7.24842962214127,0.531395302845509,0.595144875805281,NA
"ENSMUSG00000028716",23.8598665939891,0,2.1258941231479,0,1,NA
"ENSMUSG00000028717",4.63914506527387,1.12817746162066,2.66884406015169,0.422721386560343,0.672498550007384,NA
"ENSMUSG00000028718",277.048633209345,0.706149637054367,0.541980458879371,1.30290608357807,0.192606826741615,0.388317047183533
"ENSMUSG00000028719",2374.69391157581,-0.335613264086635,0.265311719301434,-1.2649771558162,0.205879516994926,0.404194443991031
"ENSMUSG00000028729",2128.67172729462,-0.643233727437677,0.237335116632809,-2.71023410510654,0.00672357334435553,0.0494550107658297
"ENSMUSG00000028730",0.675913190655437,1.26327515696877,4.56571764452719,0.276687096163958,0.782020380971821,NA
"ENSMUSG00000028736",0.651654001167386,-2.10539511639559,7.24699162384764,-0.290519877167704,0.771418546416543,NA
"ENSMUSG00000028737",47.4536217820072,0.262125123161776,0.441740934232425,0.593391064419349,0.552919467520911,NA
"ENSMUSG00000028738",0.169084185256641,0,7.3561311249555,0,1,NA
"ENSMUSG00000028741",949.893596651118,-0.373618930369076,0.235815174602395,-1.58437187513073,0.113109118253613,0.278798905201477
"ENSMUSG00000028743",136.735941859347,-0.468959395652789,0.367878075486903,-1.27476853583107,0.202391180476285,0.399169357343989
"ENSMUSG00000028744",126.290286077468,0.613143825087694,0.444818049029309,1.37841489666552,0.16807522668848,0.355765228226043
"ENSMUSG00000028745",10151.2628004804,-0.47650309827485,0.279584489381257,-1.70432594214862,0.0883202110068595,0.238471807102651
"ENSMUSG00000028747",0.259960524449332,1.54531471747988,7.33907691168256,0.210559820543644,0.833230767900122,NA
"ENSMUSG00000028749",0.0817013315730573,0,7.3561311249555,0,1,NA
"ENSMUSG00000028750",0.218749669875526,-2.41820705651317,7.33478736419016,-0.32969013775632,0.741634106416489,NA
"ENSMUSG00000028751",0.0380762098104571,-1.67431590235222,7.3501929692546,-0.227792101425878,0.819807867435575,NA
"ENSMUSG00000028753",1.98283080669566,-2.70756176337489,2.22917450493939,-1.21460287535834,0.224517591677187,NA
"ENSMUSG00000028755",0.536185203710828,0,7.3561311249555,0,1,NA
"ENSMUSG00000028756",148.831640979139,-0.88681157396994,0.509033498240654,-1.74214777030388,0.0814825904762759,0.226569734699856
"ENSMUSG00000028757",2235.67896300202,-0.075768718348497,0.251472291130843,-0.301300465382383,0.763185386076007,0.875691560349293
"ENSMUSG00000028758",4.86902938340162,0.316198193214086,1.01768474943297,0.310703480021947,0.756026051439146,NA
"ENSMUSG00000028759",2407.92270695329,0.55430141961381,0.244630175797668,2.26587508187162,0.0234590326737825,0.104691890736045
"ENSMUSG00000028760",734.808991257084,0.00573787647810455,0.216107855505649,0.0265509852229992,0.978817867586743,0.99604844771412
"ENSMUSG00000028763",1.62906689952602,-0.519080205197331,2.48563809712961,-0.208831770721876,0.834579568653821,NA
"ENSMUSG00000028766",5.17891389309491,-0.0108933931839659,1.98574449130181,-0.00548579801262568,0.99562298841567,NA
"ENSMUSG00000028771",571.722588354803,-0.15864495721547,0.260233269384909,-0.609625962085652,0.542109609525154,0.724841537962417
"ENSMUSG00000028772",1338.99225499701,-0.433173438804467,0.216703381215904,-1.99892330416797,0.0456166528416233,0.159335905773656
"ENSMUSG00000028773",0.342919198647089,2.7423032345777,7.26129836289819,0.377660178321494,0.705683053733239,NA
"ENSMUSG00000028776",2.88435264963313,1.1956458922058,2.36679495082208,0.505175106863612,0.613435852703412,NA
"ENSMUSG00000028777",0.201422848562696,0,7.3561311249555,0,1,NA
"ENSMUSG00000028778",0.195913293596517,2.0702372162874,7.2850582179308,0.284175795766725,0.776275663332493,NA
"ENSMUSG00000028779",482.347475862609,-0.371538999425993,0.313063998665692,-1.18678289745716,0.235313266529668,0.439877390250712
"ENSMUSG00000028780",1.81706041113125,1.35450805305737,1.65258689573927,0.819628944504881,0.412427667964717,NA
"ENSMUSG00000028782",27.206320880163,-0.24653367871296,1.02999502675783,-0.239354241824825,0.810830908560725,NA
"ENSMUSG00000028784",0.325723982559589,0,7.3561311249555,0,1,NA
"ENSMUSG00000028785",0.368690427328291,-1.5305453225767,7.34655240319835,-0.208335180718288,0.834967264002552,NA
"ENSMUSG00000028786",0.0763959337236786,0,7.3561311249555,0,1,NA
"ENSMUSG00000028788",5943.09407380445,-0.346816455070122,0.158173493610644,-2.19263321023835,0.0283338163721906,0.117878693114101
"ENSMUSG00000028789",5.38078382356266,2.02258970225737,1.69838018122689,1.19089337276432,0.2336954465508,NA
"ENSMUSG00000028790",1524.24470886252,-0.241225478722213,0.11531339042064,-2.09191211742428,0.0364463779270614,0.138631874164756
"ENSMUSG00000028792",1314.01020611544,-0.260007461233969,0.185869356703691,-1.39887212096218,0.161851334133974,0.348391119168663
"ENSMUSG00000028793",358.970077306061,-0.230876348696081,0.227395391590066,-1.01530794921425,0.309959056331269,0.521433844764227
"ENSMUSG00000028794",1.65692432041101,-0.495567650357916,2.50501640663599,-0.197830101649282,0.843177993878014,NA
"ENSMUSG00000028795",171.411347425436,0.162496066333113,0.269897336064959,0.60206621044234,0.547130065384742,0.729187096714059
"ENSMUSG00000028796",361.160967098936,-0.408267499124394,0.26838433497103,-1.5212046529037,0.128208488194589,0.301747838493533
"ENSMUSG00000028797",3073.07610420012,-0.33882872427075,0.200424399032879,-1.69055626912552,0.0909215828115203,0.242791027644351
"ENSMUSG00000028798",4256.85585503252,-0.578270189602297,0.231611937181161,-2.49672014594822,0.0125347836692162,0.071829760330552
"ENSMUSG00000028799",138.432074778525,-0.518761003562871,0.371560538516304,-1.39616818738169,0.16266385412681,0.349474505117044
"ENSMUSG00000028800",4861.87046656839,0.546131002917778,0.220095239452413,2.48133946139192,0.0130889655431601,0.0736393991998506
"ENSMUSG00000028801",1.40643933106201,-1.97988521886997,2.95928222235299,-0.669042379234692,0.503468444581046,NA
"ENSMUSG00000028803",453.742273784714,0.366546800319429,0.243768185506096,1.50366956031784,0.132666470672249,0.307914548625307
"ENSMUSG00000028804",13.034019035037,0.247635251900883,0.754924209197967,0.328026640136459,0.742891520138871,NA
"ENSMUSG00000028807",155.439803314919,-0.109310155605965,0.286187104025074,-0.381953463550853,0.702495882995706,0.837975113462515
"ENSMUSG00000028809",3766.45294345635,-0.259634676888943,0.17599223838724,-1.47526208694307,0.140142095119765,0.318340588665057
"ENSMUSG00000028811",720.705713459245,0.214274515859928,0.208153335783628,1.02940707173035,0.303288427421859,0.514672772933307
"ENSMUSG00000028813",0.242830227654544,-2.54949780195282,7.2948656222556,-0.3494920858,0.726719911316763,NA
"ENSMUSG00000028820",2914.71777771609,0.402539555424751,0.229301223575279,1.75550548378386,0.0791728834885657,0.222715979876059
"ENSMUSG00000028821",4090.53622993581,-0.632765618528955,0.241034873741319,-2.62520360106913,0.00865971679644429,0.0573953185655134
"ENSMUSG00000028822",8946.31662740037,-0.229618093714935,0.179530077574401,-1.27899512336465,0.200898773180391,0.397525933308439
"ENSMUSG00000028825",12.258265595126,0.506460987427667,1.1306452104997,0.447939798200562,0.654196644935106,NA
"ENSMUSG00000028826",185.627227909061,0.70099795761592,0.263686344847285,2.65845377022426,0.00785001195744525,0.053962008483551
"ENSMUSG00000028830",260.523502615085,0.132580201019532,0.291557157016936,0.454731423423197,0.649302471178514,0.801192725951767
"ENSMUSG00000028832",26289.909893443,-0.87689936850668,0.365419925630329,-2.3997032099278,0.0164083695329055,0.084547686739517
"ENSMUSG00000028833",116.781164441064,-0.294177795757662,0.32543139496028,-0.90396255651231,0.366015256280242,0.575083167731881
"ENSMUSG00000028834",1.22890981649628,1.4579544671366,2.57152404854811,0.566961241509588,0.570740514670106,NA
"ENSMUSG00000028836",3.20110073840739,-2.34762126642695,4.7649140780311,-0.492689107921334,0.622232274955801,NA
"ENSMUSG00000028837",12355.7810252919,-0.870394037381373,0.277517706055849,-3.13635497263086,0.00171062018090167,0.0250882499825118
"ENSMUSG00000028838",25.7897821110072,0.323692244222905,0.518404550827802,0.624400853939312,0.532364364412411,NA
"ENSMUSG00000028840",556.276643265567,-0.500241549428162,0.216166522483585,-2.31414903510856,0.0206595484527476,0.0971666971677832
"ENSMUSG00000028841",1.69104035333028,-4.19367442081108,3.32957554700286,-1.25952223086995,0.20784176567081,NA
"ENSMUSG00000028842",238.437048724469,-0.540414594788757,0.464261424294195,-1.16403079495639,0.244411532192875,0.450832872814436
"ENSMUSG00000028843",38150.5803068614,-0.721297787780436,0.248463709861285,-2.90303074112163,0.00369570358394811,0.0364590307151512
"ENSMUSG00000028845",0.706179099056512,3.647923538129,5.02776030281141,0.725556374692159,0.46811077324396,NA
"ENSMUSG00000028847",297.910916305601,-0.369572147923324,0.347531169497008,-1.06342158735925,0.2875908073381,0.499443979363514
"ENSMUSG00000028848",296.953676120301,-0.303813200850605,0.227356442708302,-1.33628586562817,0.181455854603462,0.374387627375333
"ENSMUSG00000028849",548.50104891539,-0.0472652570228877,0.241234730049948,-0.195930565275993,0.844664513275285,0.92595812854165
"ENSMUSG00000028850",47.8761743567256,0.39091527966302,0.426703189783315,0.91612926507892,0.359599100030117,NA
"ENSMUSG00000028851",2570.05460000132,-0.500813459501573,0.229462294814494,-2.18255230083204,0.0290687957203381,0.119977054570164
"ENSMUSG00000028854",133.885607990504,0.239653537731931,0.269072721741257,0.890664561539552,0.373109152096958,0.582309763835747
"ENSMUSG00000028857",708.94646646722,-0.284669468213791,0.268927800353955,-1.05853492215798,0.289811638341675,0.501330201902228
"ENSMUSG00000028859",38.7330266522917,-0.462729007913547,0.889680642121176,-0.520106863076519,0.602989095199358,NA
"ENSMUSG00000028860",131.461306800995,0.176580815920014,0.362410886506756,0.487239270381913,0.626088778874569,0.784864557234294
"ENSMUSG00000028861",1928.42065182382,-0.569462913858767,0.203192342102379,-2.80258058924209,0.00506955488765084,0.0424682627664649
"ENSMUSG00000028862",4.51329033057217,1.0390801990333,1.62843239692488,0.638086174774885,0.523417585651332,NA
"ENSMUSG00000028863",777.539587680911,-0.415612672716401,0.219529316340032,-1.89319895695686,0.0583314160761609,0.183984061235753
"ENSMUSG00000028864",2.44396632872912,-0.281981728563968,3.36072439370695,-0.0839050441303627,0.933131929069337,NA
"ENSMUSG00000028865",0.259557357169814,-1.07899230928342,7.3442348400724,-0.146916912759394,0.883197602329131,NA
"ENSMUSG00000028868",1449.82063510268,0.531389993180836,0.230857143775094,2.30181308012078,0.0213457155961844,0.0990562196751202
"ENSMUSG00000028869",512.354172943325,0.390579993205237,0.212934319045661,1.83427450753715,0.0666132563005467,0.199961141369846
"ENSMUSG00000028871",2.76779170425624,1.72185531937373,2.14019132641946,0.804533360227374,0.421089010902451,NA
"ENSMUSG00000028873",2933.05150796137,-0.436261201207494,0.334731686664355,-1.30331611433293,0.192466861858974,0.388255387838745
"ENSMUSG00000028874",56.2119594550437,0.596420778514054,0.535539559235752,1.11368202073659,0.265415625146684,NA
"ENSMUSG00000028876",6.66078736281655,0.778605473365246,0.971795043864002,0.801203379541219,0.423013915058606,NA
"ENSMUSG00000028878",532.22432526936,0.105747391847119,0.246162835622465,0.429583091126322,0.667498939222506,0.81469650749654
"ENSMUSG00000028879",467.375853220575,-0.293588859447178,0.191641640601807,-1.53196799257838,0.125530333382588,0.297641483685989
"ENSMUSG00000028882",661.206289397648,0.12268860090728,0.241542169165831,0.507938639993947,0.611496375491143,0.775256143587501
"ENSMUSG00000028883",3.38394585304437,1.11117650355804,1.51373996997198,0.734060357525349,0.462911952937178,NA
"ENSMUSG00000028884",3682.326882793,-0.388221212301388,0.199449854193107,-1.94646024622064,0.0515994787763507,0.170931919471926
"ENSMUSG00000028885",334.414759503085,-0.61290958606939,0.990756089939483,-0.618628128853417,0.53616136683003,0.720298329860674
"ENSMUSG00000028886",377.644717350308,0.52437968389844,0.268417997068195,1.95359361006339,0.0507492969257061,0.169364213406686
"ENSMUSG00000028889",694.781862345987,-0.175730165909015,0.210049920729938,-0.83661143645444,0.402811015047683,0.608277861861649
"ENSMUSG00000028890",392.873654236706,-0.613069693051681,0.305987559320297,-2.00357718599252,0.0451153717330019,0.158256014755402
"ENSMUSG00000028893",55.8584701508095,-0.151979437077286,0.469443814205719,-0.323743614205312,0.746132148206911,NA
"ENSMUSG00000028894",811.111739923699,-0.0217612589229104,0.217992237787708,-0.0998258430839297,0.920482590712222,0.96633075713576
"ENSMUSG00000028896",307.89994180759,0.150460496078347,0.281219750975438,0.535028196122285,0.592630360041792,0.76109537599235
"ENSMUSG00000028898",1114.24410059596,-0.490693703196076,0.191011184543201,-2.56892654935134,0.0102014077521677,0.0635418497984736
"ENSMUSG00000028899",2658.10782358013,-0.810186062377958,0.284975374576019,-2.84300376333687,0.00446905427238578,0.0399426776514769
"ENSMUSG00000028901",1013.53469935903,0.241194872318369,0.233935205377343,1.03103281068497,0.302525433684609,0.513648902777801
"ENSMUSG00000028902",2245.27957103081,-0.37197691107799,0.244016237074254,-1.52439409581091,0.127410294109394,0.300624026712482
"ENSMUSG00000028906",597.932697607007,0.00954484950945399,0.200141365304052,0.0476905386098152,0.961962874619997,0.987588753734659
"ENSMUSG00000028907",2337.51636591405,-0.696742367581591,0.210314968500502,-3.31285201690211,0.000923498290790846,0.0189147915459115
"ENSMUSG00000028909",2.68509161975979,-1.6398861258018,2.62975260953217,-0.623589504144853,0.532897205329452,NA
"ENSMUSG00000028910",303.86449292655,-0.0755008212429588,0.286967123453475,-0.26309920221645,0.792474118829752,0.894904162393785
"ENSMUSG00000028911",624.61881533239,0.0543543809934772,0.177977018035259,0.305401121973563,0.760060667372512,0.873831088273701
"ENSMUSG00000028914",93.257192218391,0.331984243823242,0.43031451002716,0.771492097262275,0.440415304825153,0.641825930738116
"ENSMUSG00000028917",83.1278613991873,0.522219040946577,0.337414901739068,1.54770592008536,0.121693116112088,0.291297448891867
"ENSMUSG00000028919",1.18246436471702,0.92539159348858,4.54572388166198,0.203574087995473,0.838686343879286,NA
"ENSMUSG00000028920",207.891469314688,-0.364930090705267,0.256645175647851,-1.42192460771597,0.155048138650089,0.339082046583215
"ENSMUSG00000028923",752.409433266834,-0.352377040665177,0.204983766509695,-1.71904852108623,0.0856055372453683,0.233308722269221
"ENSMUSG00000028926",42.5996475227494,0.386993579057731,0.62346056949092,0.620718611561475,0.534784781557593,NA
"ENSMUSG00000028927",376.497644251339,-0.688211805990066,0.361397257004348,-1.90430832733682,0.056870040338107,0.180933488491209
"ENSMUSG00000028931",1205.09261383166,0.183358744073538,0.215067481853025,0.852563774373126,0.393901258723456,0.600789066884951
"ENSMUSG00000028932",3757.09652313006,-0.77210781669889,0.282012926897721,-2.73784547819297,0.00618431259237594,0.0474258572347837
"ENSMUSG00000028933",92.3068052722943,-0.49297749273668,0.433640431308762,-1.13683470715319,0.255607391336956,0.465232749653068
"ENSMUSG00000028936",4897.7583951315,-0.620279967690972,0.267750784390088,-2.3166317480784,0.0205238003998602,0.096780772093851
"ENSMUSG00000028937",2184.38994007195,-1.553915675286,0.326605731095895,-4.75777222301637,1.95741189314505e-06,0.000584554626058762
"ENSMUSG00000028938",0.327676052655346,-3.12533279085708,7.26802079522989,-0.430011536690744,0.667187249109078,NA
"ENSMUSG00000028940",0.410449855347096,-3.00725801107102,7.26450711150743,-0.413965870624221,0.678899101842608,NA
"ENSMUSG00000028943",30.1463307977015,0.0725310522010987,0.611985515351455,0.118517596220305,0.905657553588276,NA
"ENSMUSG00000028944",355.519873432272,-0.18099950569517,0.241992420464555,-0.747955267969563,0.454487139359369,0.653850294362881
"ENSMUSG00000028945",2799.50594611432,-0.692891775006928,0.263417876928564,-2.63039009761221,0.0085286940645843,0.0568100679436764
"ENSMUSG00000028946",0.219827813831547,0,7.3561311249555,0,1,NA
"ENSMUSG00000028948",350.804109990591,0.172702156707989,0.204111212559724,0.846117930231077,0.397486959133601,0.603805467003586
"ENSMUSG00000028949",20.6228359245271,0.10866550028909,1.06952299614977,0.101601836220709,0.919072721900608,NA
"ENSMUSG00000028950",2.26946823115185,-3.18978600899439,2.4032835890151,-1.32726159475071,0.184422163398633,NA
"ENSMUSG00000028952",80.9345532567938,0.506526264658674,0.485986310080126,1.0422644715551,0.297289079495504,0.508602033716347
"ENSMUSG00000028953",686.125357296801,0.0767420404216016,0.204000974193638,0.376184676200409,0.706779606778262,0.839624936594847
"ENSMUSG00000028954",945.928192566796,-0.193311757738872,0.21346106236489,-0.905606650680044,0.365144087364559,0.57438722208763
"ENSMUSG00000028955",6557.94559694213,0.169524045820579,0.321852388634548,0.526713648265223,0.598392456316204,0.765742382149212
"ENSMUSG00000028957",33.688112879806,0.612553502750557,0.570019278453587,1.07461892238515,0.282545376513168,NA
"ENSMUSG00000028958",383.245857093476,-0.624014987638148,0.329308936501038,-1.89492272596186,0.0581026398868124,0.183438069396723
"ENSMUSG00000028959",298.531653825958,0.309701107299561,0.257423712540375,1.20307917341137,0.228945683900055,0.432142082366248
"ENSMUSG00000028960",319.15785465187,0.13932101740531,0.298611717779148,0.466562459241306,0.640812950995527,0.795683459438611
"ENSMUSG00000028961",536.318381984319,0.0773876686435122,0.193562943357494,0.399806219626367,0.689299249360913,0.830821896325134
"ENSMUSG00000028962",261.127270478803,0.153541457173491,0.273385790417135,0.561629252709936,0.574368645449131,0.748225965356887
"ENSMUSG00000028963",0.33147484464125,1.1425271733561,7.35589208355617,0.155321361485193,0.87656797594347,NA
"ENSMUSG00000028964",9026.98172589725,-0.561353893932882,0.219237539652112,-2.56048254702932,0.0104526913547769,0.0647398834849437
"ENSMUSG00000028965",1996.75065251596,-0.119296533281598,0.34207089918472,-0.348747974662343,0.727278524152466,0.851290492746847
"ENSMUSG00000028967",320.315906617382,-0.398230483134701,0.226683297226057,-1.75677029586159,0.0789569700721916,0.222361723408437
"ENSMUSG00000028969",560.165700480746,-0.172459953363407,0.28955158655971,-0.595610458959938,0.55143548796835,0.731757962367733
"ENSMUSG00000028970",366.576481988329,1.17350388762048,0.335014067813406,3.50284958264524,0.000460309321589779,0.0134640666334825
"ENSMUSG00000028971",1.90005018763541,0.982557490421142,2.18390208290735,0.449909131966714,0.652775962667411,NA
"ENSMUSG00000028972",0.184863257612486,0,7.3561311249555,0,1,NA
"ENSMUSG00000028973",107.690233663803,0.239397922623052,0.377576805451606,0.63403768231133,0.526056230400747,0.711947677643946
"ENSMUSG00000028974",249.752711862558,0.626068451341152,0.369791154033371,1.69303252528495,0.0904492763454878,0.241973233200311
"ENSMUSG00000028975",132.659281383604,-0.0170098396825869,0.343062306043061,-0.0495823626873535,0.960455201879498,0.986912647669318
"ENSMUSG00000028976",0.217290530259088,-2.9046040040752,7.27736577990284,-0.399128488511125,0.689798531912866,NA
"ENSMUSG00000028977",26.0342736511802,0.441504608038543,0.68015886538949,0.649119831417204,0.516260924451153,NA
"ENSMUSG00000028978",9.41522864549567,0.348577906240826,1.06514585494156,0.327258379332425,0.743472469202246,NA
"ENSMUSG00000028979",3.00618730094358,3.86620380379264,2.669322787564,1.44838377052215,0.147509751138034,NA
"ENSMUSG00000028980",98.3503630338286,0.115714790825641,0.400114741362283,0.289204017906621,0.772425257324117,0.881790468720279
"ENSMUSG00000028982",782.410370234057,-0.8382106301661,0.280854487132682,-2.98450147164681,0.00284040835076052,0.0317578383197916
"ENSMUSG00000028986",107.01401288166,-0.463072489370767,0.40901813358938,-1.13215637973561,0.257568695216548,0.467082471512672
"ENSMUSG00000028988",223.903810006817,-0.127069795759935,0.522870785505796,-0.243023322936306,0.807987329881988,0.903688128781776
"ENSMUSG00000028989",4.81344155737055,2.61006374875336,1.47849999543395,1.76534579426042,0.0775056674972917,NA
"ENSMUSG00000028990",850.131266221326,-0.512864943338915,0.278109351236101,-1.84411254443407,0.0651667401194622,0.197473725239923
"ENSMUSG00000028991",267.189896169944,0.100350235529623,0.302617176617729,0.33160786393955,0.74018538072779,0.85988159460503
"ENSMUSG00000028992",10020.2639790483,-0.0702462521798405,0.198271971840685,-0.354292397093244,0.723119764957825,0.849335465636689
"ENSMUSG00000028995",488.319048376808,-0.223814275895546,0.242996499871758,-0.921059669639951,0.357019274849524,0.566292607812508
"ENSMUSG00000028996",1.06377574812156,-0.153280235947344,2.52044519850346,-0.0608147465528533,0.951506746008776,NA
"ENSMUSG00000028998",6256.63643378528,-0.649414547200771,0.199465757705142,-3.25576958507715,0.00113085483176621,0.0207514462635047
"ENSMUSG00000028999",343.703140813423,0.558970760720254,0.269796627933963,2.07182263544476,0.0382819849330969,0.142637550344389
"ENSMUSG00000029001",28.0972021907005,1.46118156912152,1.23491872363085,1.18322083968848,0.236721635885025,NA
"ENSMUSG00000029003",1458.38551767482,-0.752172736731389,0.377987524902679,-1.98994063871566,0.0465974749954335,0.161110892035628
"ENSMUSG00000029004",3372.602730585,0.197738046976071,0.238678178956251,0.828471407988729,0.407403580854925,0.612127131289092
"ENSMUSG00000029005",0.909388699297126,-2.51392573021747,3.29403338302776,-0.763175547391315,0.445358709774382,NA
"ENSMUSG00000029007",322.236698090033,-0.191462705630116,0.273171556328305,-0.700888145909346,0.483372822790934,0.676511155264498
"ENSMUSG00000029009",50.9241213713438,0.614183741221105,0.430883151733144,1.42540672279868,0.154039665863046,NA
"ENSMUSG00000029012",801.359072592802,-0.0872652618784061,0.319999381462122,-0.272704470488908,0.785080397963472,0.890478454832922
"ENSMUSG00000029014",1630.81583986738,-0.144054382172552,0.190931734923692,-0.754481083147987,0.450560400095612,0.650758263434413
"ENSMUSG00000029015",0.180176049423295,0.0372765585960009,7.19634838967775,0.00517992689868509,0.995867034783834,NA
"ENSMUSG00000029016",84.6508052561552,1.06309281764628,0.574416315680054,1.85073576189716,0.0642075765629311,0.196013555998942
"ENSMUSG00000029017",681.53865903029,0.341229129902792,0.175528669611779,1.94400795412793,0.0518944919190662,0.171564231645475
"ENSMUSG00000029019",0.0474375977968173,0,7.3561311249555,0,1,NA
"ENSMUSG00000029020",163.397738310026,0.272326557333778,0.234785075415936,1.15989722452049,0.246090652891134,0.452707373587647
"ENSMUSG00000029022",625.909363479226,-0.23234245808648,0.249769267096617,-0.930228369515952,0.352252856196574,0.561344427454962
"ENSMUSG00000029026",22.9652344256983,-0.506464104601333,1.52642051472906,-0.331798544185073,0.740041383642811,NA
"ENSMUSG00000029027",215.901619535325,0.133226282276976,0.248401536754255,0.536334372233682,0.59172747925447,0.760485572881618
"ENSMUSG00000029028",465.598590396794,0.177206126674551,0.20659397020578,0.857750719917157,0.391030126702982,0.598876406060651
"ENSMUSG00000029029",408.257978426213,-0.68127192009037,0.270791226095088,-2.51585669858869,0.0118743452137681,0.0698677990702961
"ENSMUSG00000029030",1993.82967749494,-0.402972558827997,0.271802738872526,-1.48259197276518,0.13818285115949,0.315969808862262
"ENSMUSG00000029032",3.48076951685584,-0.00712443998463692,1.78768142778022,-0.0039852961908786,0.996820202116309,NA
"ENSMUSG00000029033",210.897309513429,0.205284104050897,0.262684502205301,0.78148540293579,0.434517058688245,0.635995276225923
"ENSMUSG00000029034",1177.61023777411,0.279862438712253,0.180431550726414,1.55107262330525,0.120884281045805,0.290215563930291
"ENSMUSG00000029036",419.162654768913,0.404465628030654,0.307415472561688,1.31569704237802,0.188275747308455,0.382786047335269
"ENSMUSG00000029038",5236.34343735112,-0.622456634432761,0.250989074063525,-2.48001486421364,0.0131376905851373,0.0738714854573849
"ENSMUSG00000029047",40.193815674863,0.00788777223384998,0.507267382096628,0.0155495356339459,0.987593765538592,NA
"ENSMUSG00000029048",4235.81625491157,-0.622062490486258,0.198613004260366,-3.13203303480966,0.00173600340883414,0.0251618675899201
"ENSMUSG00000029049",11.9589622385813,0.781759378554282,1.23026835655655,0.635438093150979,0.525142730346732,NA
"ENSMUSG00000029050",382.128169017198,-0.266835309710729,0.241406454163,-1.10533627046508,0.269013907132794,0.479394712819122
"ENSMUSG00000029053",185.106808244212,0.405211601344044,0.31707399375592,1.27797173317207,0.201259393208398,0.397889820373003
"ENSMUSG00000029054",1.5343176695771,-4.04123467097062,4.27805855669686,-0.94464220566698,0.344841572016942,NA
"ENSMUSG00000029055",0.917326520927418,0.148247683668158,3.86657523490379,0.0383408248027655,0.96941594121541,NA
"ENSMUSG00000029056",400.008200891201,0.504430682348099,0.271058772437354,1.86096423964541,0.0627492268606109,0.193413192241078
"ENSMUSG00000029059",44.0622508962905,0.000301097503949397,0.536038888289257,0.00056170832103308,0.999551821626541,NA
"ENSMUSG00000029060",67.118354964419,-0.47816856183882,0.458239538084555,-1.04349040643147,0.296721221730997,0.508158225365715
"ENSMUSG00000029061",1.23424224049011,1.66705429567498,3.76650273485979,0.442600049177195,0.658055049199098,NA
"ENSMUSG00000029062",1589.88377934763,0.706290773074352,0.239791984841231,2.94543111414668,0.00322504952187238,0.0339893773392927
"ENSMUSG00000029063",599.643618683196,-0.0336325430137489,0.200931386985343,-0.167383222294694,0.867068525608107,0.937332936968082
"ENSMUSG00000029064",3704.50938632769,-0.313470183254207,0.202789136094201,-1.54579377027668,0.122154382055336,0.292159706415921
"ENSMUSG00000029066",3191.79861794544,-0.521883352933407,0.184293242519797,-2.83180948903943,0.00462854168218806,0.0406250624467681
"ENSMUSG00000029068",1836.07715667967,0.86099751435627,0.208756208667562,4.12441632204283,3.71676083307939e-05,0.00459862912441321
"ENSMUSG00000029070",29.9691134994631,0.486736167081702,0.589227621064968,0.82605796076222,0.408771213503869,NA
"ENSMUSG00000029071",168.466900533908,0.257365835674169,0.299429602346644,0.859520346876797,0.39005349934029,0.598057831701376
"ENSMUSG00000029072",3.5512964458672,0.195428304371619,1.53614696508571,0.127219796551637,0.898766437306291,NA
"ENSMUSG00000029073",139.117501983443,-0.0972827164936723,0.378134895788729,-0.257269872675348,0.79697044799484,0.897366058923844
"ENSMUSG00000029074",1.03030436570761,2.03762721471226,5.14307701496849,0.396188353544371,0.691966082398658,NA
"ENSMUSG00000029075",2047.79887462596,0.216605242052194,0.393286889216529,0.550756325703346,0.581800727001989,0.753353443334381
"ENSMUSG00000029076",5093.57097225481,-0.157384063641739,0.189809385942336,-0.829169025864469,0.407008769265658,0.611778145618058
"ENSMUSG00000029082",25.7052343862494,0.674455950653504,0.724610960720357,0.930783533805516,0.351965548984166,NA
"ENSMUSG00000029084",368.071270829532,1.02920321036504,0.448134002534848,2.29664163965109,0.021639221204398,0.0996755366288324
"ENSMUSG00000029086",35.3095427926223,0.24874850760866,0.491631519237276,0.505965337606042,0.612880983184514,NA
"ENSMUSG00000029088",6.94270979471227,0.485803298115232,0.944124123109231,0.514554480946174,0.6068643803325,NA
"ENSMUSG00000029089",264.269426350685,0.137791447435935,0.30618640702093,0.450024704808389,0.652692627175806,0.803370267666896
"ENSMUSG00000029090",12.3897524833545,0.226828215785949,0.743357403180831,0.305140185347384,0.76025938624504,NA
"ENSMUSG00000029093",5.63401079294817,1.79948336089097,1.8318853557715,0.982312214692665,0.325946058769852,NA
"ENSMUSG00000029094",43.2635737448991,0.653735664103206,0.621663998318814,1.05159003235047,0.29298768288713,NA
"ENSMUSG00000029095",20.9487518058212,0.646087171611223,0.713889274818835,0.905024342570747,0.3654524912609,NA
"ENSMUSG00000029096",1.61099845076451,-5.15738164879096,4.93735770066701,-1.04456309659197,0.29622494303121,NA
"ENSMUSG00000029097",46.7712350349205,-0.167438073263037,0.488495457079393,-0.342762805337255,0.731776909715013,NA
"ENSMUSG00000029098",215.207252450305,0.599947519594872,0.325030212286861,1.84582077885541,0.0649182324862291,0.197259206277301
"ENSMUSG00000029101",21.7231330465267,-0.295171962618774,0.957933881364299,-0.308133962438396,0.757980399366247,NA
"ENSMUSG00000029102",3.36126229448308,0.659490511549774,1.94003768234567,0.339936959756572,0.733904002425371,NA
"ENSMUSG00000029103",790.804114029823,0.159074273939629,0.267373136800322,0.594952342046344,0.551875328071347,0.731783314258509
"ENSMUSG00000029104",348.946676545269,0.977918998015449,0.286481505390667,3.41355019299374,0.000641223458133457,0.0159258640292694
"ENSMUSG00000029106",1700.35595076154,-0.0265304789121901,0.133420431437212,-0.198848696758078,0.842381102038759,0.924906941425429
"ENSMUSG00000029108",0.884808606042269,-0.698334675175589,4.33556931203737,-0.161071043942653,0.872037446019807,NA
"ENSMUSG00000029110",1601.33197890052,0.463270907121339,0.219668159764105,2.10895792826248,0.0349482132887928,0.135368576473733
"ENSMUSG00000029111",277.272293717307,0.0440522949284497,0.216716632925898,0.203271407153657,0.838922902763688,0.922173947806578
"ENSMUSG00000029112",0.0380762098104571,-1.67431590235222,7.3501929692546,-0.227792101425878,0.819807867435575,NA
"ENSMUSG00000029119",49.6893327030725,0.847030159018638,0.625485972837749,1.35419529102431,0.175674080963035,NA
"ENSMUSG00000029120",5.79716058189828,-0.0554381011093479,1.14551930408565,-0.0483956061775827,0.961400960966114,NA
"ENSMUSG00000029121",127.45901697895,0.694655820757464,0.510496805685571,1.36074469618782,0.173594384415305,0.363401204986296
"ENSMUSG00000029122",7.63763130004582,-0.120667047206313,1.06798773462901,-0.112985424170839,0.910042111038899,NA
"ENSMUSG00000029123",0.627658885838458,0.00327227635443334,4.85698408433433,0.000673725978429229,0.999462444484266,NA
"ENSMUSG00000029125",341.452579934382,-0.420915009786137,0.18365890072791,-2.29183017059283,0.0219154449748459,0.100386549386632
"ENSMUSG00000029126",2.10585830289331,1.70802418240831,2.61045178815246,0.65430213657275,0.512917169647408,NA
"ENSMUSG00000029127",49.4531990144348,0.575559275151207,0.587278906179392,0.980044181895738,0.327064310105172,NA
"ENSMUSG00000029128",457.593735469912,-0.757602655873962,0.234338135672657,-3.23294650142751,0.00122520504844837,0.0217435402224634
"ENSMUSG00000029130",15.2108310022114,0.349591908534982,1.16359695370959,0.300440721695316,0.76384100608652,NA
"ENSMUSG00000029131",3275.63178877498,-0.291403096764134,0.153618123120829,-1.89693176068119,0.0578369449824898,0.182891299152883
"ENSMUSG00000029134",1.4193658156375,-2.34207709998147,4.80931409507331,-0.486987760350423,0.626267004754165,NA
"ENSMUSG00000029135",201.070184168254,0.773253230124075,0.348499326396305,2.21880839231451,0.0264997628277587,0.113349266790305
"ENSMUSG00000029136",223.923982224779,-0.428103109648334,0.275596513949188,-1.55336910294614,0.120334979919082,0.289841928971766
"ENSMUSG00000029138",107.559347508295,0.568869698310646,0.429708407343362,1.32385051953635,0.185552694063949,0.379042856131874
"ENSMUSG00000029141",281.728876822646,0.424611750947266,0.257531007844463,1.64877912955519,0.0991928921288619,0.256681083427696
"ENSMUSG00000029145",618.825070961269,-0.309634221281005,0.167750207072468,-1.84580529994365,0.0649204807861164,0.197259206277301
"ENSMUSG00000029146",907.866815458292,-0.373082693127899,0.215070385002965,-1.73470044758954,0.082793876993684,0.228608232983957
"ENSMUSG00000029147",1611.19313925647,-0.145945334018179,0.183452088437862,-0.795550136610263,0.426293558767557,0.629268042201766
"ENSMUSG00000029148",1135.55175270102,-0.0395054462376178,0.231086996330238,-0.170954864899286,0.864259255640219,0.936138805829889
"ENSMUSG00000029149",187.74408890676,-0.518918518369317,0.24805005255104,-2.0919911648176,0.0364393060538155,0.138631874164756
"ENSMUSG00000029151",0.698716871541883,0,5.69929126848413,0,1,NA
"ENSMUSG00000029152",2668.99346820411,-0.640550565166191,0.196323835827552,-3.26272437814856,0.00110346781806684,0.0205272935008433
"ENSMUSG00000029153",95.9375714919541,0.35556172961884,0.873773365287298,0.406926720067659,0.684061810385698,0.826947657534869
"ENSMUSG00000029154",0.517238562675666,-0.692287119274909,7.19925676638718,-0.0961609151804598,0.923392772081379,NA
"ENSMUSG00000029155",0.488653792032458,0.80129989005609,4.86955915786521,0.164552860757805,0.869295936959915,NA
"ENSMUSG00000029156",467.132673781837,0.559381580708588,0.28417884206952,1.9684138925858,0.0490204347066638,0.166346377300162
"ENSMUSG00000029158",0.165489300758604,0,7.3561311249555,0,1,NA
"ENSMUSG00000029161",578.900657808558,0.249793844477987,0.433500852240844,0.576224575307655,0.564463396287522,0.741491119242811
"ENSMUSG00000029162",128.688888616187,-0.602837611156678,0.334540141686993,-1.8019888678134,0.0715471570354752,0.208764006477088
"ENSMUSG00000029163",76.8085939434909,1.37855899689692,0.522877955920834,2.63648329650683,0.00837703243735674,0.056165621674872
"ENSMUSG00000029165",31.1177883996936,0.165369509496517,0.543826352114075,0.304085134627365,0.761063031775595,NA
"ENSMUSG00000029166",18.7643044233437,0.336916064357571,0.774833223630384,0.4348239777058,0.663690199139088,NA
"ENSMUSG00000029167",2.22810993529451,0.448452778667536,1.8965666426535,0.236455059675679,0.813079575760875,NA
"ENSMUSG00000029168",2.39085067439886,-1.60142905033488,1.95813565763525,-0.817833557185133,0.413452233800697,NA
"ENSMUSG00000029169",2378.27891050689,-0.00727892736407079,0.132595987037925,-0.0548955328639689,0.956221690772562,0.985660154193682
"ENSMUSG00000029171",311.106931493183,-0.250108759962798,0.263095999242171,-0.9506368803905,0.341788740054951,0.550347238221729
"ENSMUSG00000029173",165.403753715064,0.446983766482408,0.214845697497061,2.08048739951389,0.0374808501923581,0.140766794890372
"ENSMUSG00000029174",527.158472984479,0.35840430234053,0.24004039172857,1.49309997271544,0.135411019698522,0.312159032117511
"ENSMUSG00000029175",104.954313443654,1.05774965027124,0.309177995033259,3.42116731223857,0.000623529600277688,0.015584302341507
"ENSMUSG00000029176",783.772248395289,0.0847332609889242,0.230433714372223,0.367712082495243,0.713087930304486,0.843065924059305
"ENSMUSG00000029177",7124.76239545309,-0.310680067589242,0.256131441179904,-1.21297122351732,0.225140822766086,0.42745721463433
"ENSMUSG00000029178",2010.25718380823,-0.0329923900747547,0.175264885161273,-0.188243013107823,0.850686155564906,0.928603723986148
"ENSMUSG00000029179",171.020741071834,-0.167394900343133,0.272303886049374,-0.614735627800702,0.538729327015922,0.722373765267552
"ENSMUSG00000029182",0,NA,NA,NA,NA,NA
"ENSMUSG00000029184",3.33581529350572,1.88327556734741,1.42222136651148,1.32417893001202,0.18544362673032,NA
"ENSMUSG00000029185",24.3540007194527,1.0045246038619,0.661364295696492,1.51886730263238,0.128795900790994,NA
"ENSMUSG00000029186",85.8747624111664,0.320190571227273,0.462230117107182,0.692708154179031,0.488492720815101,0.680265630366832
"ENSMUSG00000029188",0.694084198680639,-0.994988098249537,6.70952361515529,-0.148294894737696,0.882110044223629,NA
"ENSMUSG00000029189",4.45379536734707,0.0436190718318979,1.46439575974634,0.0297863958848486,0.976237408465023,NA
"ENSMUSG00000029190",547.201493197821,0.0242792078506914,0.30110364433405,0.080634055108797,0.935732982314847,0.974376615428069
"ENSMUSG00000029191",1309.08657234492,0.413928941276773,0.231848625011142,1.78534136770007,0.0742059627293906,0.213606802496038
"ENSMUSG00000029192",439.678108915751,-0.23957059368085,0.251633817161364,-0.952060404215149,0.341066348607482,0.549542111814989
"ENSMUSG00000029193",3.56468511345583,0.309970947186463,1.52749961053862,0.202927022074436,0.839192073112131,NA
"ENSMUSG00000029195",0.462169195645676,-1.89470901849981,7.274634964202,-0.260454170941022,0.794513461934664,NA
"ENSMUSG00000029196",64.7563458433116,-0.250661350573135,0.357359923344674,-0.701425465472165,0.483037534338049,NA
"ENSMUSG00000029198",3797.30954061411,-0.691373843920521,0.274940719700185,-2.51462877042893,0.0119157778788105,0.0700282189845671
"ENSMUSG00000029199",838.679501064085,-0.413579298450121,0.262994225610092,-1.57257938835236,0.115816243412694,0.283534251381536
"ENSMUSG00000029201",377.271893520886,-0.190078004595528,0.242922986603981,-0.782461994448463,0.433943112490318,0.6355948255801
"ENSMUSG00000029202",2009.83129799865,0.582267476348415,0.200036597477623,2.91080474118518,0.00360499226449332,0.0359953015500166
"ENSMUSG00000029203",2851.52119228567,-0.373954062753614,0.133757792406279,-2.79575534274487,0.00517785812001693,0.0429611988173134
"ENSMUSG00000029204",963.266439943793,-0.398894829917284,0.189639668313888,-2.10343560218129,0.0354277090472697,0.136424972314866
"ENSMUSG00000029205",3.31826574016931,-0.824636441420457,2.7762612445202,-0.297031283726677,0.766442625404348,NA
"ENSMUSG00000029206",31.4279255352782,0.753419053484398,0.602492114358041,1.25050442243077,0.211115340830048,NA
"ENSMUSG00000029207",29.0330513289136,0.485907277780348,0.712228189441613,0.682235391667522,0.495090119008791,NA
"ENSMUSG00000029208",455.501240688968,0.49838487365271,0.203620165290892,2.44762041588915,0.0143803064255026,0.0780392314781036
"ENSMUSG00000029209",1107.61135402191,-0.556822040583443,0.378524110005324,-1.47103454143413,0.141281775788085,0.319947389155835
"ENSMUSG00000029211",0.774076497574106,-0.247618507909473,6.66937939948882,-0.0371276685696502,0.970383210904414,NA
"ENSMUSG00000029212",5.1914833331549,0.588831669545889,1.14502161092986,0.514253760737063,0.607074585310304,NA
"ENSMUSG00000029213",2755.18501186617,-0.917561643243588,0.30031546859065,-3.0553259462445,0.00224816050088842,0.0285643528936787
"ENSMUSG00000029217",328.851769274228,-0.248018095666601,0.250549133435072,-0.989898038225995,0.322223958484441,0.532906780930015
"ENSMUSG00000029219",0.269968776684133,-2.02982059015709,7.33580979657868,-0.276700275285732,0.782010260474115,NA
"ENSMUSG00000029221",722.210159851747,0.114786774410829,0.203474799515795,0.56413263305326,0.572663870773536,0.747132092638813
"ENSMUSG00000029223",17.3721036448635,-0.290297623607719,1.16879936404184,-0.248372503047774,0.803846206522771,NA
"ENSMUSG00000029227",1087.29288592239,0.155184819092678,0.143484360628969,1.0815451831295,0.27945467340568,0.489962654596515
"ENSMUSG00000029228",1.45596057288074,1.40619925665826,2.61214071664862,0.538332122651653,0.590347778299808,NA
"ENSMUSG00000029229",1883.80735626894,-0.685930693166519,0.202281298391142,-3.39097434425286,0.000696446203062492,0.0163831214231918
"ENSMUSG00000029231",2.77191903523299,1.87473275181735,2.18316607536899,0.858722006066576,0.390493906485563,NA
"ENSMUSG00000029233",642.809931770808,-0.113454217226423,0.191484821119713,-0.592497183656627,0.55351770610827,0.73276048277491
"ENSMUSG00000029234",739.51282014416,-0.00240073902625171,0.148645270040698,-0.0161507932650289,0.987114091622386,0.99945478402946
"ENSMUSG00000029235",0.0381979668618393,0,7.3561311249555,0,1,NA
"ENSMUSG00000029236",0.0406180793754555,0,7.3561311249555,0,1,NA
"ENSMUSG00000029238",360.694815779251,1.04769849654671,0.318404290874899,3.29046600995194,0.00100021584903241,0.0197358977022253
"ENSMUSG00000029245",56.6792917606064,0.929460225874974,0.4950837614863,1.87737974496401,0.0604660655716416,NA
"ENSMUSG00000029246",680.066605529064,-0.19940847893347,0.20150320959735,-0.989604479908456,0.322367479458656,0.532965802717648
"ENSMUSG00000029247",2861.8732287922,-0.609674276409228,0.21117044701078,-2.88711931541304,0.00388786765230891,0.0374576722642042
"ENSMUSG00000029248",0.37087846181939,2.73855651054869,7.2612066439115,0.377148956757065,0.706062910639878,NA
"ENSMUSG00000029249",434.378441600168,0.127015293753656,0.156829109528637,0.809896161085214,0.417999858401815,0.622653496127478
"ENSMUSG00000029250",846.34634861805,0.0644100504136696,0.228120080314095,0.282351515592071,0.777673988001264,0.885634489791762
"ENSMUSG00000029253",707.354132443771,0.894566117079368,0.234342477811075,3.8173451327956,0.000134895407559524,0.00827278180074193
"ENSMUSG00000029254",1164.73301034769,-0.517233335566694,0.220125856689073,-2.34971640018321,0.0187877196020802,0.0922586230832404
"ENSMUSG00000029255",0.911142451891038,-1.20319414151751,4.16855379340885,-0.288635867772643,0.772860044635653,NA
"ENSMUSG00000029260",0.412159581890134,-1.70288641505562,7.25445495370539,-0.234736644713167,0.814413143899464,NA
"ENSMUSG00000029263",34.6909123685639,1.17923178805566,0.6147562847375,1.91821021977708,0.055084360896874,NA
"ENSMUSG00000029265",675.655823523327,-0.576186100516009,0.264537581793171,-2.17808787927343,0.0293994948049532,0.121038736421059
"ENSMUSG00000029267",1503.01041227665,0.101709600057729,0.175184142198359,0.580586797305912,0.561518972585798,0.738918098329452
"ENSMUSG00000029268",0.172100267274311,-2.35431016580531,7.33709213358719,-0.320877825021159,0.748302979133852,NA
"ENSMUSG00000029269",0.146098600171521,0,7.3561311249555,0,1,NA
"ENSMUSG00000029270",1640.49143667631,-0.0680333530806077,0.2570347673408,-0.264685411177869,0.791251816979778,0.894351566089069
"ENSMUSG00000029272",0.109077466720821,0.7708073247344,7.27887979070599,0.105896421825595,0.915664533075372,NA
"ENSMUSG00000029273",0.0710374986746129,2.16226366003379,7.28481246100722,0.296818026765623,0.766605441993722,NA
"ENSMUSG00000029275",282.931137382184,0.12981629722845,0.268437389326726,0.483599909662529,0.62866983889714,0.786554348261251
"ENSMUSG00000029276",617.840416314562,-0.390366713541748,0.292057242580018,-1.33661028260511,0.181349880836962,0.374247092290892
"ENSMUSG00000029279",17.0038365672352,-0.185553472635163,0.829096457447565,-0.223802032885779,0.822911348075693,NA
"ENSMUSG00000029280",0,NA,NA,NA,NA,NA
"ENSMUSG00000029281",0.142074997349226,3.16234199338107,7.24913616833546,0.436237079832259,0.662664727608538,NA
"ENSMUSG00000029282",0.115036580844082,-0.231628548591415,7.34997601256862,-0.0315141910933212,0.974859474910592,NA
"ENSMUSG00000029283",1025.69015164898,0.306282188021834,0.198832816166749,1.54040059345623,0.123462736852248,0.294094369754391
"ENSMUSG00000029286",1.06665759962047,0.276860799149981,5.74454749224901,0.0481954060826451,0.961560511350008,NA
"ENSMUSG00000029287",129.368309591206,0.090109466570202,0.515793868458267,0.174700538491362,0.861314944627595,0.934061790985543
"ENSMUSG00000029288",0.0710374986746129,2.16226366003378,7.28481246100722,0.296818026765623,0.766605441993722,NA
"ENSMUSG00000029290",300.634575095835,0.505120784687105,0.255093760285368,1.98013775061388,0.0476880522691545,0.16383189516755
"ENSMUSG00000029291",89.2873929091152,0.450002954909203,0.345426114815629,1.30274734771977,0.192661031650536,0.388338250434007
"ENSMUSG00000029298",593.49001174818,-0.461019113310135,0.295887756558974,-1.55808783260097,0.119212428603782,0.287980170270867
"ENSMUSG00000029299",185.524255558688,0.20364264406035,0.326606311892383,0.623511048762126,0.532948743940913,0.718129543873491
"ENSMUSG00000029304",22.8638917899293,-4.61718168572057,1.79016052569852,-2.57919980886571,0.00990294880403386,NA
"ENSMUSG00000029306",0.0761524196209141,-2.55627499047924,7.29465809108018,-0.350431090609309,0.726015196884991,NA
"ENSMUSG00000029307",0.909177630590633,-0.410054024699021,4.49803597070827,-0.0911629047364984,0.927363149909567,NA
"ENSMUSG00000029309",0.284531052026178,0,7.3561311249555,0,1,NA
"ENSMUSG00000029310",594.138417340714,-0.365776276409764,0.219056883143086,-1.66977759914005,0.0949633739974888,0.249458663822795
"ENSMUSG00000029311",78.6699496598267,0.0159150466756848,0.448486601751229,0.0354861139965843,0.971692118827851,0.992159393628493
"ENSMUSG00000029312",23.689740785291,0.55535124595238,0.791930123650244,0.701262938947945,0.483138937879513,NA
"ENSMUSG00000029313",207.733778800767,0.684111500010539,0.395517961684232,1.72965975324456,0.0836910833915151,0.229865618039769
"ENSMUSG00000029314",8.31935009327002,2.27118957633491,1.2490425323085,1.81834446593045,0.0690115005468387,NA
"ENSMUSG00000029319",430.382055387328,0.167078150158399,0.186461393796095,0.896046880037307,0.370227725808576,0.579834613653828
"ENSMUSG00000029320",0.326851675395423,-1.73673780854214,7.35177382709025,-0.236233846332773,0.81325121706937,NA
"ENSMUSG00000029321",0.282314938543739,0,7.35613112495549,0,1,NA
"ENSMUSG00000029322",8072.12451571514,-1.08077991378646,0.318577540745419,-3.39251759950691,0.000692534829579912,0.0163831214231918
"ENSMUSG00000029326",309.2814797833,-0.194924167786152,0.238288778316893,-0.818016564451592,0.413347728917047,0.61799578283906
"ENSMUSG00000029328",3238.73390988305,0.204483587469465,0.126922782837814,1.61108654331004,0.10716086093415,0.269332598610239
"ENSMUSG00000029330",1.41507663387679,-1.28053348226586,3.05505423148299,-0.419152455321314,0.675104716703978,NA
"ENSMUSG00000029334",3.24783258232155,1.10847087946619,1.67805451130189,0.660569053031659,0.508888720888904,NA
"ENSMUSG00000029335",5.1088646320784,-0.537723933683012,1.14566989968224,-0.469353287392951,0.638817132003085,NA
"ENSMUSG00000029337",0.201648255950691,-2.14179600748267,7.3035601340563,-0.29325369657676,0.769328243280396,NA
"ENSMUSG00000029338",173.490082629859,0.781529264344565,0.29636592051314,2.6370416105583,0.00836325720494626,0.0561240987582443
"ENSMUSG00000029343",59.8131578159667,3.23278696362043,1.6598596681413,1.94762667330816,0.0514596497728339,NA
"ENSMUSG00000029344",1952.56523404396,-0.338158688655391,0.206927854696175,-1.63418641319168,0.102219714547227,0.261416040136202
"ENSMUSG00000029345",266.517940897718,-0.119191651613709,0.244729168096669,-0.487034923301941,0.626233582322454,0.784864557234294
"ENSMUSG00000029346",637.375660215418,-0.662615771720215,0.274180711020634,-2.41671184400112,0.0156614099092575,0.0822161640748859
"ENSMUSG00000029348",1.84719421490334,0.721977486181663,2.90242312590456,0.248749908219069,0.80355424073198,NA
"ENSMUSG00000029352",5.01098389240727,1.52228590487338,1.10678737020678,1.37540953741546,0.169004513802732,NA
"ENSMUSG00000029359",403.446584656,-0.443544202655035,0.340249114241909,-1.30358664898591,0.192374555217469,0.388255387838745
"ENSMUSG00000029361",7.72581168527145,0.905538637305521,1.00917712106989,0.897303970135097,0.369556738576668,NA
"ENSMUSG00000029363",1393.65098958086,-0.815815444979714,0.259409763758746,-3.14489105251424,0.00166148691813921,0.0248369095207522
"ENSMUSG00000029364",198.464102506464,0.0297060255543329,0.362769701902563,0.0818867325428176,0.934736784902198,0.973750701967934
"ENSMUSG00000029366",876.235356855281,-0.331934047163983,0.198025873638873,-1.67621554226449,0.0936959809278718,0.24724633515003
"ENSMUSG00000029368",0.418217992895352,-1.88495073709221,7.34127646527756,-0.256760625486258,0.797363567540688,NA
"ENSMUSG00000029369",0.524213178923337,0,7.3561311249555,0,1,NA
"ENSMUSG00000029370",3.94630111055289,-3.30354675910989,2.18497548849826,-1.5119376745871,0.130549718620807,NA
"ENSMUSG00000029371",0.880077492931137,1.15261087384916,3.96011772413977,0.291054699415417,0.771009485347748,NA
"ENSMUSG00000029372",8.02455058274916,-1.76979501724622,2.59359515141945,-0.682371347076906,0.495004168928773,NA
"ENSMUSG00000029373",11.0381896984791,-0.312864339977308,1.4845851788558,-0.210741926049969,0.833088656966539,NA
"ENSMUSG00000029375",0.918659713366126,-0.130676949161347,2.74704971712057,-0.0475699250533847,0.962059001214303,NA
"ENSMUSG00000029376",95.2483129930037,-0.0438551709677216,0.33754051347738,-0.129925651045324,0.896625249700145,0.954154440013557
"ENSMUSG00000029377",0.615047422734722,-2.10807201627653,6.01114491357499,-0.350693927127902,0.72581798201497,NA
"ENSMUSG00000029378",0.625312983311152,-2.54022743748293,7.29515098782503,-0.348207657623858,0.727684237276208,NA
"ENSMUSG00000029379",0.40760265365035,1.30815684215032,7.25303849909082,0.180359837096452,0.856870082574482,NA
"ENSMUSG00000029380",0.199018598229564,-2.55433417364933,7.29471530912432,-0.350162283983083,0.726216910111836,NA
"ENSMUSG00000029381",13.5753932196067,-0.296974740129033,0.946673732338489,-0.313703370004195,0.75374634099881,NA
"ENSMUSG00000029384",24.2008233458783,-0.346274566096417,0.667769338775472,-0.518554156336978,0.604071685045682,NA
"ENSMUSG00000029385",849.179501532034,-0.00479922089967183,0.229772593687495,-0.020886829115047,0.983335933177057,0.997643408395386
"ENSMUSG00000029387",501.867770527633,-0.841691051982769,0.308996310898961,-2.72395178290007,0.00645059231955715,0.048577852820009
"ENSMUSG00000029388",1351.81060565185,-0.565906786562933,0.316266882944529,-1.78933305091633,0.0735611942961663,0.212555511726865
"ENSMUSG00000029389",338.056868036768,0.447920653151198,0.287324494924021,1.55893653713598,0.119011401511693,0.287705479076323
"ENSMUSG00000029390",6894.03496365721,-0.257771776319046,0.271349635145163,-0.949961757572096,0.342131684640243,0.550666415594337
"ENSMUSG00000029392",17.0435427435604,-0.275492795708364,0.767570602528082,-0.358915251314989,0.719658489890772,NA
"ENSMUSG00000029394",2299.52740708236,-0.435710930987985,0.190698296555873,-2.28481815966471,0.0223234923929798,0.101596557230481
"ENSMUSG00000029397",2249.37703125471,-0.444729929024326,0.257854821492972,-1.72472993310481,0.0845761540005263,0.231524586622875
"ENSMUSG00000029401",1526.38675926875,-0.115978608962024,0.21130462448822,-0.548869241470339,0.583095188011067,0.754258856821975
"ENSMUSG00000029402",77.2883668610549,-0.0245274739306516,0.420248203605185,-0.0583642564566312,0.953458485433252,0.984120225344965
"ENSMUSG00000029403",29.3798794500388,-0.262867753628433,0.668798864208693,-0.39304455748359,0.694286572078934,NA
"ENSMUSG00000029404",940.776355505155,0.108037040932441,0.235593131516701,0.458574663178506,0.646539634714229,0.799082055205871
"ENSMUSG00000029405",2340.44939630296,0.231367073200455,0.200791076092138,1.15227766942335,0.249206990131372,0.456864075936315
"ENSMUSG00000029406",162.606904931793,0.349805014146531,0.24746862151244,1.41353280269897,0.157499123458635,0.342773851912947
"ENSMUSG00000029407",798.720991476877,0.0418600118343871,0.232675840181796,0.179906997656829,0.857225581504625,0.93282051774185
"ENSMUSG00000029408",230.201041680767,0.431743720254495,0.33430840536056,1.29145338056591,0.196546510763793,0.392418149646554
"ENSMUSG00000029409",0.67227315054917,0.68658284802586,6.59867878390316,0.104048533124648,0.917130833690889,NA
"ENSMUSG00000029410",21.0307565939365,1.707080563631,0.803202803042236,2.12534189019909,0.0335580952660634,NA
"ENSMUSG00000029413",123.87379800735,-0.178946176172859,0.422074796371772,-0.423967926327541,0.671589204561294,0.818879892326186
"ENSMUSG00000029414",437.200730253489,5.41784488922134,1.02538062611234,5.28374025337569,1.26572680416407e-07,5.43987367789644e-05
"ENSMUSG00000029415",360.077170880129,0.676278318523659,0.34983180393681,1.93315276345148,0.0532173818090111,0.174238939711518
"ENSMUSG00000029416",102.487355747142,-0.195517240933403,0.343453283672097,-0.569268806642327,0.569173732300375,0.744217241241958
"ENSMUSG00000029417",19.3294486492852,1.12494806425957,1.62360501322058,0.692870528915232,0.488390806036386,NA
"ENSMUSG00000029419",4.39493802774145,0.247936570021881,1.40517951215984,0.176444765865387,0.859944538227294,NA
"ENSMUSG00000029420",15.1229347265029,0.585602796112466,0.724415842532336,0.808379333706146,0.418872245154242,NA
"ENSMUSG00000029422",2743.25017226177,-0.195850704470563,0.249995332077974,-0.783417445608451,0.433382014827271,0.6355948255801
"ENSMUSG00000029423",0.409406068411007,-0.236851948023415,6.84676010058874,-0.0345932885837564,0.97240405323278,NA
"ENSMUSG00000029426",390.600244168669,0.130168829309476,0.166584625250732,0.781397617658625,0.434568671866415,0.635995276225923
"ENSMUSG00000029427",425.871986759176,0.143703818914349,0.264845622308431,0.542594654432295,0.587408920293347,0.757143979280184
"ENSMUSG00000029428",200.061856001561,0.50907744589636,0.4797430018707,1.06114616349019,0.28862348129218,0.500797457007758
"ENSMUSG00000029430",18068.8739130191,-0.63079548092291,0.229905570989099,-2.74371550984652,0.0060748158888971,0.0470239272214157
"ENSMUSG00000029431",4.06765807075139,0,2.56739247003559,0,1,NA
"ENSMUSG00000029432",235.254000814963,0.306631590666959,0.203546051808851,1.50644823587595,0.131952145996994,0.306840764034834
"ENSMUSG00000029433",1558.34342319898,-0.545848287470071,0.289849309494813,-1.8832140342906,0.0596713678728545,0.187240542684979
"ENSMUSG00000029434",440.125167305137,-0.589723644202037,0.388030161339999,-1.5197881581306,0.128564226273506,0.302292840914721
"ENSMUSG00000029436",8.60546970380555,-0.778876955125584,1.05996126001037,-0.734816435761024,0.462451295991092,NA
"ENSMUSG00000029437",0.2617207209788,-1.17383364430728,7.33757939116753,-0.15997559709136,0.872900297321948,NA
"ENSMUSG00000029438",121.821507706743,0.0735361954673147,0.279304015839561,0.263283702693182,0.792331920066072,0.894904139608446
"ENSMUSG00000029439",461.383390773047,0.634952198841203,0.303922171134855,2.08919341576915,0.0366903158949595,0.139172591182531
"ENSMUSG00000029440",920.465182262393,-0.265153974451113,0.153782313658432,-1.72421631683894,0.0846687995867035,0.231649898675495
"ENSMUSG00000029442",174.714373671858,0.404069963655369,0.379926815303451,1.06354683949496,0.287534035630119,0.499443979363514
"ENSMUSG00000029445",0.162793835259703,0,7.3561311249555,0,1,NA
"ENSMUSG00000029446",1511.94416561634,-0.715273095828578,0.263157507479477,-2.71804176395902,0.00656695484788739,0.0488518370896217
"ENSMUSG00000029449",691.159138411015,-0.469965845728177,0.266736711891088,-1.76190912153131,0.0780846532283565,0.220602860415452
"ENSMUSG00000029451",0.187291044007731,-3.35339526268636,7.26632322435216,-0.461498223950165,0.644441195331024,NA
"ENSMUSG00000029452",8.9803139017523,-0.429911764634295,1.26168020685228,-0.340745430022134,0.733295234901969,NA
"ENSMUSG00000029454",299.956700713253,0.0690754615630538,0.284045003847765,0.243184920091307,0.807862148294866,0.903688128781776
"ENSMUSG00000029455",25.3012477701384,0.624153221280162,0.981700381094062,0.635787897509595,0.524914676738027,NA
"ENSMUSG00000029456",34.8475060840557,0.214865389030452,0.576474170654883,0.372723358596209,0.709354349562791,NA
"ENSMUSG00000029458",2473.73207329836,0.0715171822821544,0.202646743889513,0.352915526346413,0.724151770509873,0.849844503323056
"ENSMUSG00000029461",252.724431894325,0.458905832617066,0.327851893360874,1.39973519113381,0.161592631488485,0.348080880859375
"ENSMUSG00000029462",6277.30057866137,-0.858672807999474,0.263606747265959,-3.25740071870443,0.00112437582763333,0.0207359236122303
"ENSMUSG00000029463",486.111246112884,-0.442141606323612,0.299926061457021,-1.47416868069322,0.140436180189012,0.318611495126316
"ENSMUSG00000029464",823.857085586147,0.212259491152467,0.213394406077438,0.994681608830178,0.319891141970707,0.530824901524331
"ENSMUSG00000029465",4225.64341133204,-0.408054714319882,0.205633308508444,-1.98438043563903,0.0472134453623839,0.162558309790026
"ENSMUSG00000029466",404.052899668062,0.207743041009553,0.207377903242295,1.00176073613219,0.316459164822977,0.527659834542854
"ENSMUSG00000029467",880.328941114658,0.580436660952584,0.254371750796645,2.28184402998668,0.0224985502421529,0.102017508781505
"ENSMUSG00000029468",20.2302633558961,-1.6528418637097,0.613588545395867,-2.69372998585452,0.00706573795807824,NA
"ENSMUSG00000029469",12.4044869209661,0.168941916091965,1.03185614917801,0.163726228919162,0.869946668478627,NA
"ENSMUSG00000029470",722.740795220698,0.420916505506901,0.423108728403371,0.994818771749895,0.319824414675606,0.530813738481543
"ENSMUSG00000029471",203.343020747571,0.424362361979499,0.272149769775495,1.55929715586226,0.118926064588388,0.287569507939386
"ENSMUSG00000029472",2565.74499585178,0.344714662890924,0.125230523414869,2.75264091765343,0.00591166981673562,0.0463049573204688
"ENSMUSG00000029474",605.05571445397,-0.0815901935064693,0.263442325036056,-0.309707992044567,0.756783024644644,0.871278849127918
"ENSMUSG00000029475",306.029811954749,0.746893344417136,0.241911831284255,3.08746099953875,0.00201874259522905,0.0274487903078944
"ENSMUSG00000029477",15.6547604325902,0.881425443226982,0.71076916865221,1.24010084019032,0.21493809825984,NA
"ENSMUSG00000029478",116.252219051623,0.00108463298963635,0.456327864161443,0.00237687214570931,0.998103532197625,1
"ENSMUSG00000029480",88.9702593239814,-0.719421717821278,0.525334665413192,-1.36945411218091,0.17085736938029,0.359318237771219
"ENSMUSG00000029482",126.835019304183,-0.569553960093,0.499867730718015,-1.13940933789602,0.254532463014218,0.464130860892002
"ENSMUSG00000029484",21.7067800547318,-4.7609000646775,1.74054500588513,-2.7352927092261,0.00623248272265917,NA
"ENSMUSG00000029486",1132.35520242815,-0.504303275995961,0.285226793585128,-1.7680782007089,0.0770478312190653,0.218792821488211
"ENSMUSG00000029490",0.824964587911651,-3.54696590922948,6.54296841431072,-0.542103474238328,0.587747225491356,NA
"ENSMUSG00000029491",1.77736073965329,1.7157017999514,2.05330730651088,0.83557964972464,0.403391421143032,NA
"ENSMUSG00000029499",192.582947135041,-0.397295589853355,0.323997111087008,-1.22623188990924,0.220111423839143,0.42199406994762
"ENSMUSG00000029500",472.741222095221,-0.232043874800535,0.176077500714993,-1.31785079784914,0.187553599138799,0.381793663315335
"ENSMUSG00000029501",412.35902835675,0.58945768869617,0.201670416018411,2.92287634613873,0.00346814216935418,0.0352339006619385
"ENSMUSG00000029502",459.936714404394,0.152131792680734,0.241018522023666,0.631203740705854,0.527907316412812,0.713768817226186
"ENSMUSG00000029503",1.2805614732649,-0.908706004276004,2.58380188187578,-0.351693375041706,0.725068229508335,NA
"ENSMUSG00000029504",111.441335632982,0.567862458276044,0.443496596136827,1.28042123259239,0.200397030506562,0.396899348138121
"ENSMUSG00000029505",979.25720785518,0.399406095047489,0.219325135795432,1.82106849540502,0.0685964455592698,0.203504160970403
"ENSMUSG00000029507",293.540033268928,-0.154076813739134,0.225264954044943,-0.683980401622499,0.493987541486412,0.684574070880861
"ENSMUSG00000029510",1.57513161573691,0.290037031645347,1.98063206559916,0.146436603083879,0.883576733656585,NA
"ENSMUSG00000029512",116.588032396766,0.969004881359195,0.395308905726094,2.45125993197484,0.0142357111216644,0.0777029290102995
"ENSMUSG00000029513",507.604942685474,-0.120454217659385,0.209964832149823,-0.573687585802147,0.566179230467323,0.742363933302757
"ENSMUSG00000029516",587.070633713258,0.197177808158146,0.433788476089055,0.454548285689514,0.649434246512914,0.801255307885691
"ENSMUSG00000029517",3.62655912124566,-2.72578903396705,2.33245426630789,-1.16863557555698,0.242550488527034,NA
"ENSMUSG00000029518",553.212751044584,-0.38781819674522,0.171874896721071,-2.25639813692278,0.0240457082202183,0.106446629247913
"ENSMUSG00000029521",323.292811336127,1.26287795963271,0.489636103659841,2.57921740286957,0.00990244440708035,0.0624642987926356
"ENSMUSG00000029522",0.933090398703349,0.400087900948723,3.40041156672572,0.117658669575098,0.906338116138734,NA
"ENSMUSG00000029524",95.5459383235802,0.21107079094841,0.428693226944833,0.492358585771573,0.622465870797545,0.782634842639752
"ENSMUSG00000029526",0.312340214066811,1.44271371025668,7.30736311880646,0.197432875142562,0.843488805248475,NA
"ENSMUSG00000029528",201.511416548174,-0.0311919437090305,0.248221519589172,-0.125661722483433,0.899999702648933,0.955141821089814
"ENSMUSG00000029530",362.505650731164,0.19325975835557,0.32562135464305,0.593510700695365,0.552839423817459,0.732549290138818
"ENSMUSG00000029534",131.262000400938,-0.286775784727985,0.305832835757675,-0.937688015145667,0.348404764704396,0.557188335075709
"ENSMUSG00000029535",1119.32534705252,-0.988779488343854,0.258855548043868,-3.81981184415752,0.000133553513136107,0.00826311706375921
"ENSMUSG00000029536",187.726639914346,-0.706105061022896,0.293704347851635,-2.40413554034136,0.016210761589015,0.0839849991129002
"ENSMUSG00000029538",1877.92006765184,-0.485792311617411,0.202414502865093,-2.39998767252951,0.0163956239931829,0.0845439453169602
"ENSMUSG00000029541",0.154827468125255,0,7.3561311249555,0,1,NA
"ENSMUSG00000029544",4.15371314193235,0.357357782883439,1.48897581929632,0.240002408536308,0.810328389427566,NA
"ENSMUSG00000029545",121.550357937112,-0.716258861979089,0.352817659176169,-2.0301105779443,0.0423453005417158,0.152433829517429
"ENSMUSG00000029546",2.69787103429992,1.87477482928376,2.13038857568369,0.880015435063109,0.378850948005214,NA
"ENSMUSG00000029547",270.804887480432,0.0338041569415463,0.28707060836307,0.117755548484409,0.906261351584036,0.959107730210265
"ENSMUSG00000029550",774.629773713716,0.0707550571159424,0.17894434793281,0.395402581491479,0.692545804203084,0.832824242645679
"ENSMUSG00000029551",869.705464809824,-0.824108054356575,0.285970909033244,-2.88178981960984,0.00395423400232354,0.0377293466341391
"ENSMUSG00000029552",3534.73020220208,-0.27602110398297,0.141670660810498,-1.94832933229685,0.0513755695607343,0.170721526525853
"ENSMUSG00000029553",4.59613712276382,-1.06608056740137,1.86860687276904,-0.570521591746887,0.568323981806637,NA
"ENSMUSG00000029554",167.549668748683,0.317120319125063,0.347271614058736,0.913176621085497,0.361149657652718,0.570372961479009
"ENSMUSG00000029556",0.350766761510745,2.53511924991346,7.27705806093326,0.348371447456658,0.72756124273932,NA
"ENSMUSG00000029557",120.064364118151,-0.616399474694855,0.357838730687146,-1.722562209829,0.0849677238276785,0.232168537090229
"ENSMUSG00000029559",438.736487280909,0.19022406210279,0.238172481177227,0.798681951678716,0.42447485463031,0.627492665629392
"ENSMUSG00000029560",16.6583920482757,1.81337749198156,0.987932323608529,1.83552805050249,0.0664274868031732,NA
"ENSMUSG00000029561",68.0157097619967,-0.683103179746977,0.546692750074747,-1.24951936833547,0.211475173946859,0.41109775702354
"ENSMUSG00000029563",32.5200258633372,0.584361451728564,0.758464322411832,0.770453447131647,0.441030959564998,NA
"ENSMUSG00000029564",25.4771314438749,0.796082854099636,0.644630509007557,1.23494442626559,0.216851187740331,NA
"ENSMUSG00000029569",394.653818982965,0.649322950815269,0.283001112371103,2.29441836950733,0.0217664790049372,0.0999821770277902
"ENSMUSG00000029570",663.639439032628,-0.255225216890426,0.362392516255895,-0.70427838722311,0.481259423087963,0.675074414250676
"ENSMUSG00000029571",613.488516209242,0.132380974828412,0.241068980956754,0.549141471055374,0.582908367003908,0.754258856821975
"ENSMUSG00000029575",98.8794819354585,-0.780031016069269,0.399851036200887,-1.95080403812529,0.0510803613097728,0.170124451329887
"ENSMUSG00000029576",0.288879105057419,-1.27374345626649,7.25466650319512,-0.175575742276438,0.860627261137386,NA
"ENSMUSG00000029577",288.710385578386,0.0574795866184221,0.258163250463079,0.22264821393176,0.823809308876736,0.913239320202595
"ENSMUSG00000029578",443.707712976852,-0.000416021859671669,0.251823574256453,-0.00165203699018265,0.998681865791239,1
"ENSMUSG00000029580",158432.515108148,-0.462477852924023,0.216836307500698,-2.1328432413125,0.0329375877075948,0.130079126843618
"ENSMUSG00000029581",2.59605788764036,-0.000669610930521047,2.0705704963975,-0.000323394413127239,0.999741968595214,NA
"ENSMUSG00000029586",0.706844418295637,-2.82763645598487,6.85907225392545,-0.412247655558172,0.680157910729722,NA
"ENSMUSG00000029587",200.149985437123,0.324213421132686,0.245080996832219,1.32288274212725,0.185874375320383,0.379543110936167
"ENSMUSG00000029591",111.813983219857,-0.527821549499023,0.435564287455835,-1.21181089611839,0.225584776394951,0.428004897248387
"ENSMUSG00000029592",107.087052088168,0.170575738470028,0.27378680460406,0.623023957333182,0.53326877859876,0.718267049522924
"ENSMUSG00000029594",151.802686302688,0.0454628451738537,0.260586271863126,0.174463700059124,0.861501056391608,0.934072385919825
"ENSMUSG00000029595",3.56276216081814,-0.608963471583989,1.53283611369357,-0.397278917259204,0.691161792457116,NA
"ENSMUSG00000029596",1.63602913326963,0,3.65554479799172,0,1,NA
"ENSMUSG00000029597",0.534348063588814,1.45681321504313,7.25539919530783,0.200790221988788,0.84086260895025,NA
"ENSMUSG00000029598",144.770485041014,0.0636837803388326,0.416506476620878,0.152899856097076,0.878477249393317,0.944193498994557
"ENSMUSG00000029599",605.654606509464,0.260056210355977,0.242684114787849,1.07158315896908,0.283907300932946,0.495309507540094
"ENSMUSG00000029600",28.1963354997581,0.197857168065863,0.594092917398446,0.333040779096116,0.73910350125185,NA
"ENSMUSG00000029601",3.14784210386709,1.61687455725517,1.45687814866525,1.10982140732669,0.267075992611827,NA
"ENSMUSG00000029602",66.4901752419386,0.701325524710691,0.633251359566242,1.10749943780788,0.268078055224698,0.478762705672293
"ENSMUSG00000029603",595.384843987656,-0.134610424902096,0.217745891761476,-0.6181996078693,0.536443768521232,0.720376874031652
"ENSMUSG00000029605",165.562858734068,-0.227656944980275,0.303346900427971,-0.750483834379354,0.45296335634477,0.652645889709027
"ENSMUSG00000029607",2.40675254685256,5.32405152521864,2.11025342632227,2.52294414443735,0.0116376884339721,NA
"ENSMUSG00000029608",3.67049403731264,-0.835941349259911,1.52345520202267,-0.548714099469445,0.583201668666571,NA
"ENSMUSG00000029610",1221.3193592056,-0.761140515485719,0.296363426280762,-2.56826736361405,0.0102208290235469,0.0636227297844845
"ENSMUSG00000029613",511.791298009588,0.285562615120202,0.163253162149994,1.74920112639431,0.0802562594621145,0.224613002486694
"ENSMUSG00000029614",15722.9070121406,-0.487159700377999,0.194409391938767,-2.50584447345753,0.0122159339912317,0.0710187867029355
"ENSMUSG00000029616",1301.50096678185,-0.0857203975032271,0.182302596592474,-0.470209416132726,0.638205407436817,0.793737644024372
"ENSMUSG00000029617",1921.3514427811,0.247228915860085,0.192829074901162,1.28211430764166,0.199802550618867,0.396118775143903
"ENSMUSG00000029618",0.165045057396178,0,7.3561311249555,0,1,NA
"ENSMUSG00000029620",0.076017309881912,-2.55377716656036,7.29473447190839,-0.350085006712008,0.72627490270166,NA
"ENSMUSG00000029621",1116.5470663249,-0.0439958295513418,0.18887772888917,-0.23293285984584,0.815813541693554,0.907734900905085
"ENSMUSG00000029622",8407.183774172,-0.533825270295161,0.330365545673695,-1.61586242053953,0.106124062134137,0.267743992271137
"ENSMUSG00000029623",1482.40332460798,0.132324644874371,0.265166431888593,0.49902487253728,0.617761861892732,0.780068854982945
"ENSMUSG00000029624",130.4996644956,0.220565117399467,0.298655313492838,0.738527350543042,0.460194053201038,0.657998701759541
"ENSMUSG00000029625",298.241654622208,-0.272805817730535,0.209998172567575,-1.29908662725505,0.193914201857342,0.39031600190589
"ENSMUSG00000029627",293.073708374789,-0.390908556312968,0.262690554861048,-1.48809520966501,0.136725786617792,0.314018215779942
"ENSMUSG00000029629",1459.74560920717,0.279969117959616,0.195710634347542,1.43052583163391,0.152566157342401,0.336257851801478
"ENSMUSG00000029630",0.16618138034391,1.47506432433084,7.3057171371926,0.20190547986336,0.839990617992858,NA
"ENSMUSG00000029632",14467.1562630103,-0.652648411009288,0.222953878290176,-2.92727992001943,0.00341940970408255,0.0350721019463368
"ENSMUSG00000029633",0.481719567240098,-2.72974170510573,6.39955893460112,-0.426551537848425,0.669706002157317,NA
"ENSMUSG00000029634",416.631651874316,0.0779188735223787,0.177952947499707,0.437862224914859,0.661486160421502,0.810068153029788
"ENSMUSG00000029635",404.354152230662,0.70164564016457,0.222095433777366,3.15920786047279,0.00158198615844144,0.0244725088829322
"ENSMUSG00000029636",3.61232808712876,-0.791583322462556,1.52486072546636,-0.519118440945128,0.603678149327637,NA
"ENSMUSG00000029638",613.175194583474,-0.0218342311291526,0.295561753726914,-0.0738736688824984,0.941110907773514,0.977706917849835
"ENSMUSG00000029640",334.464990217724,0.242213229185621,0.23157607470324,1.0459337368768,0.295591626846665,0.507102261606957
"ENSMUSG00000029641",98.8157366708787,0.0270719325690315,0.632037151394713,0.0428328184653259,0.965834802635277,0.989662799217344
"ENSMUSG00000029642",4493.52671631255,-0.807500561111161,0.185936721278013,-4.34287834893992,1.40628012292988e-05,0.0023967377612348
"ENSMUSG00000029644",0,NA,NA,NA,NA,NA
"ENSMUSG00000029646",0.278445257483913,-1.67017603182678,7.35008681556755,-0.227232150277372,0.820243229186309,NA
"ENSMUSG00000029647",875.831830995779,0.333646961999671,0.257748254417873,1.29446836702431,0.195503688941012,0.391140084032416
"ENSMUSG00000029648",13.3292975784668,0.283017218046242,0.929309212230062,0.304545800602887,0.760712104888547,NA
"ENSMUSG00000029649",10036.5498615332,-0.986567841307437,0.259612391165534,-3.80015698356394,0.000144604453447233,0.0083645676264846
"ENSMUSG00000029650",142.958018401829,0.229253895108987,0.370870800703522,0.61815029566659,0.536476270796063,0.720376874031652
"ENSMUSG00000029651",65.2761692332327,0.154026758830857,0.525886087266574,0.292889967162755,0.76960625779304,NA
"ENSMUSG00000029655",1813.09012207149,0.17341413581293,0.130736693620186,1.32643813309773,0.184694614831655,0.377993016068512
"ENSMUSG00000029656",0.358022903195906,-0.0538294917874983,7.15182044013121,-0.00752668390350565,0.993994631821059,NA
"ENSMUSG00000029657",1429.89384868096,-0.637512201938988,0.330048982318583,-1.93156845223544,0.053412792842028,0.174558782201001
"ENSMUSG00000029658",1102.57797073549,-0.683767146472759,0.39470777971539,-1.73233764727364,0.0832134626698258,0.229126762810927
"ENSMUSG00000029659",31.2694807730699,0.512102521323643,0.573394198955108,0.893107258944796,0.371799736038793,NA
"ENSMUSG00000029660",0.212962000284757,0,7.3561311249555,0,1,NA
"ENSMUSG00000029661",4.59081306402054,-0.88051389897017,1.50247522818142,-0.586042207188957,0.557847151746999,NA
"ENSMUSG00000029663",4.80680017000973,0.750374999054276,1.22786214386339,0.611123164603209,0.541118045328862,NA
"ENSMUSG00000029664",0.0735972287847974,-0.229151023391447,7.34979463769207,-0.031177881109261,0.97512767965538,NA
"ENSMUSG00000029669",0.467208762957303,-0.745526843152182,7.15699822913875,-0.104167532152917,0.917036399355174,NA
"ENSMUSG00000029670",412.021509345772,0.460395566136393,0.307908735569641,1.49523385650182,0.134853420473774,0.311163879874709
"ENSMUSG00000029671",6.40609325554606,0.338072623748902,1.35801429529148,0.248946292333645,0.803402326140164,NA
"ENSMUSG00000029672",1349.96594579259,-0.283063333097293,0.204724622956621,-1.38265406969278,0.166770961503546,0.354065926645736
"ENSMUSG00000029673",30.9213818813343,0.783261971961998,0.920906018102059,0.850534100728608,0.395028209792971,NA
"ENSMUSG00000029674",42.3454861541896,-0.26632760927602,0.576957649021349,-0.46160686096765,0.644363273552624,NA
"ENSMUSG00000029675",2.06260497730515,-0.926203693927298,1.97433458656261,-0.469121951381024,0.638982469351842,NA
"ENSMUSG00000029676",420.601631694221,0.332480756940708,0.249602952288036,1.33203855921156,0.182847518148842,0.37612893750844
"ENSMUSG00000029678",0.435337149238939,-1.89955069743615,7.25587337473696,-0.261794907288472,0.793479565572386,NA
"ENSMUSG00000029679",0.358354881180544,-0.112764858761935,7.22301906514153,-0.0156118733378597,0.987544033283918,NA
"ENSMUSG00000029680",0.117202671520525,-1.67358949254233,7.35016102455922,-0.227694262336613,0.819883933280931,NA
"ENSMUSG00000029681",720.154975687838,-0.258797332568329,0.171509876798122,-1.50893544674951,0.131315280258425,0.306288708200692
"ENSMUSG00000029682",0.0406180793754555,0,7.3561311249555,0,1,NA
"ENSMUSG00000029683",0.163852884054454,1.15580141574369,7.35596132161294,0.157124455283332,0.875146764434944,NA
"ENSMUSG00000029684",352.344495311118,0.199513522239318,0.282762943082311,0.70558581709641,0.480445746855949,0.674220074910713
"ENSMUSG00000029685",1.20389698776365,-0.163447359814493,4.11978954861132,-0.0396737158259909,0.968353256905727,NA
"ENSMUSG00000029686",1087.83247298803,-0.473569550308947,0.202986228832317,-2.33301319519638,0.0196474527827028,0.0947701172697176
"ENSMUSG00000029687",2087.12417229036,0.250586271323501,0.196011961368806,1.27842336545988,0.201100189830458,0.397654606216059
"ENSMUSG00000029695",0.47744069560923,0.763912915327607,6.43585217893948,0.118696466930582,0.905515835741271,NA
"ENSMUSG00000029697",0.124013100370801,0,7.3561311249555,0,1,NA
"ENSMUSG00000029699",57.4861594050804,0.0386161789562817,0.703363213490734,0.0549021873985032,0.956216389217359,NA
"ENSMUSG00000029700",13.76380003666,-0.166314717343441,0.894267084967576,-0.185978797765403,0.852461388184235,NA
"ENSMUSG00000029701",1010.95288585319,0.595365248102086,0.199506228050693,2.98419379645035,0.00284326625321351,0.0317578383197916
"ENSMUSG00000029703",435.564333728684,0.278540401201374,0.192018983186951,1.45058783552763,0.146894664589159,0.327941919675643
"ENSMUSG00000029705",355.060843179742,0.420535143219551,0.205934033011119,2.04208666761188,0.0411429351460009,0.149356560381278
"ENSMUSG00000029706",0.369018009092246,0,7.3561311249555,0,1,NA
"ENSMUSG00000029707",0.322864327046343,2.15577040720041,7.28496724321676,0.295920398160707,0.767290872874927,NA
"ENSMUSG00000029708",116.712563032573,0.133935485274473,0.337609040325928,0.396717709766217,0.691575639111718,0.832163748340758
"ENSMUSG00000029710",0.188097476818427,1.161583036597,7.35565767781692,0.157916951478055,0.874522240322283,NA
"ENSMUSG00000029711",0.0406180793754555,0,7.3561311249555,0,1,NA
"ENSMUSG00000029712",2.34961898146893,0.211294786648146,1.58637590449286,0.133193391332866,0.894040437232949,NA
"ENSMUSG00000029713",1972.94739893672,-0.312709280549915,0.200306747093768,-1.56115200854182,0.118487889299448,0.287071761207119
"ENSMUSG00000029714",181.398587285027,0.354716323578799,0.33659900480321,1.05382463559624,0.291963212280329,0.503402552752586
"ENSMUSG00000029715",1596.90177493637,-0.901262239906018,0.297513158933528,-3.02931891529336,0.00245105793598024,0.0300030121937777
"ENSMUSG00000029716",231.138521325533,0.7220647021101,0.365468090618022,1.97572570806129,0.0481858516128488,0.164644709019361
"ENSMUSG00000029718",3.18017127167623,-0.691297027758908,1.58606786017027,-0.435855895651712,0.662941286294585,NA
"ENSMUSG00000029720",42.5364981384991,-0.710978951353252,0.437612686951661,-1.62467627779673,0.104231554580984,NA
"ENSMUSG00000029722",349.126469351477,0.639284656740411,0.248015557267606,2.57759901751095,0.00994893728108108,0.06264028345445
"ENSMUSG00000029723",960.758166311497,-0.410769628658502,0.203417997529389,-2.01933768716387,0.0434521333316798,0.154783545219335
"ENSMUSG00000029725",791.682387056274,-0.817814516552075,0.32130017785782,-2.54532855227354,0.0109174961500259,0.0661676575370973
"ENSMUSG00000029726",487.855681793336,-0.400300527567201,0.194203891425824,-2.06123844701688,0.0392802972628217,0.144828697666166
"ENSMUSG00000029727",0.991227624661152,0,4.50016585621548,0,1,NA
"ENSMUSG00000029729",197.767793082361,-0.0161408152080324,0.275900657638487,-0.0585022716008951,0.953348553119863,0.984120225344965
"ENSMUSG00000029730",1751.21216341972,-0.00437840558386211,0.208277464892142,-0.0210219842368904,0.98322811866469,0.997643408395386
"ENSMUSG00000029735",96.5095530840029,-0.276378965290229,0.503653126876717,-0.548748633814956,0.583177965469375,0.754258856821975
"ENSMUSG00000029736",0.0767113369815654,1.08990803007598,7.35455170489336,0.148195032655873,0.882188851900519,NA
"ENSMUSG00000029752",573.281279415429,-7.75752340825538,1.44766149714731,-5.35865837665915,8.38422202565572e-08,3.76718339652758e-05
"ENSMUSG00000029754",8.06492610409701,0.72485834333737,1.19622823816745,0.605953212112609,0.544545822793919,NA
"ENSMUSG00000029755",0.180294956373759,0,7.3561311249555,0,1,NA
"ENSMUSG00000029757",0.268228100803926,-0.189910146148546,7.31061477383252,-0.0259773154548242,0.979275431989037,NA
"ENSMUSG00000029759",120.669321019659,-1.98556754649434,0.604369366502771,-3.28535438184761,0.00101854175789742,0.0197956684368954
"ENSMUSG00000029761",4.60272744027999,-0.92890437241406,1.73782222066119,-0.534522094015254,0.59298036763647,NA
"ENSMUSG00000029762",10.2924737712985,-0.682149294546254,2.24118178410219,-0.304370354687457,0.760845750566951,NA
"ENSMUSG00000029763",514.828335706214,0.378384150861268,0.214400561095132,1.76484683122342,0.0775895115192722,0.220018818932817
"ENSMUSG00000029765",5.16383952893171,-0.231800950656654,1.23981851014254,-0.186963615045564,0.851689160855053,NA
"ENSMUSG00000029766",0.0380762098104571,-1.67431590235222,7.3501929692546,-0.227792101425878,0.819807867435575,NA
"ENSMUSG00000029767",1031.00974601369,0.330023489254089,0.182705937624169,1.80630960080211,0.0708699930199292,0.207385992007697
"ENSMUSG00000029769",7.79665116829757,5.0534489751902,1.87907469500543,2.68932841713117,0.00715959429205495,NA
"ENSMUSG00000029771",101.460239187923,0.247382111312482,0.943878440661095,0.262091070900205,0.79325123062392,0.895016157844721
"ENSMUSG00000029772",428.629645657248,0.244087308764422,0.200850778903869,1.21526692650391,0.224264301843097,0.426810285660188
"ENSMUSG00000029775",177.606954155768,0.110069873176582,0.387154810786339,0.284304547199148,0.776177001706714,0.884666869699923
"ENSMUSG00000029776",624.530072284705,-0.309072630681513,0.261719586219827,-1.18093045746264,0.237630350698305,0.4429522942962
"ENSMUSG00000029777",2247.48360437761,-0.0113009542869118,0.118144146632794,-0.0956539499331821,0.923795415750214,0.968368789468808
"ENSMUSG00000029778",4.90028211209579,-1.41567761633545,1.57063560254825,-0.901340587236536,0.367407260135666,NA
"ENSMUSG00000029780",1576.05455668373,-0.630669865079451,0.279953187346201,-2.25276901134024,0.024273717049606,0.106927670693117
"ENSMUSG00000029781",1.09054206284869,1.71802986168466,3.81408540993747,0.45044346862511,0.652390707697754,NA
"ENSMUSG00000029782",958.550907671554,0.378270370327566,0.217041081777778,1.74285147875767,0.0813595614441739,0.226479140837496
"ENSMUSG00000029784",1.37592086648398,1.22479028568201,3.55687983927752,0.344344015267829,0.730587586503595,NA
"ENSMUSG00000029787",423.176737848372,0.672308572016025,0.268373655934753,2.50512133791357,0.0122409391747961,0.0710495183193268
"ENSMUSG00000029788",0.206771300431968,-0.0877481568082189,7.34095618086158,-0.0119532326098043,0.990462927358617,NA
"ENSMUSG00000029790",143.411847567754,-0.157200941485485,0.294554257659521,-0.533690949621907,0.593555371797163,0.761854656659313
"ENSMUSG00000029797",2.3987942040981,1.47531909487647,3.80438083451829,0.387794797379499,0.698167895925071,NA
"ENSMUSG00000029798",567.222603078946,0.14571048162069,0.259487243857893,0.561532349160439,0.574434683975054,0.748225965356887
"ENSMUSG00000029802",65.0944130560147,0.443272309105478,0.408137669333019,1.08608526586109,0.277441270433247,NA
"ENSMUSG00000029804",372.786710724174,0.11238874271954,0.442215419081841,0.254149307938853,0.799380211378384,0.898757209903927
"ENSMUSG00000029810",53.066207052535,-0.299169573884142,0.551807093972082,-0.542163334165614,0.587705991554765,NA
"ENSMUSG00000029811",0.285877594591729,0.849328751385221,7.34844533075868,0.115579379468219,0.907985906164649,NA
"ENSMUSG00000029813",0.320162579179993,1.1600027509402,7.35573873199804,0.157700374252568,0.874692905573376,NA
"ENSMUSG00000029814",201.097301316549,0.639888248879915,0.322032614391601,1.98702932648242,0.0469191470702316,0.161973253146955
"ENSMUSG00000029815",1021.79820327681,-0.163518056026217,0.157551450702283,-1.03787083709695,0.299330192255402,0.51032550682917
"ENSMUSG00000029816",9.86789445249282,1.50461375167115,1.12690600902848,1.33517235653779,0.181819942098316,NA
"ENSMUSG00000029817",1139.9275733134,0.170286426689842,0.22511466387803,0.756443066641386,0.449383595196756,0.64991321704754
"ENSMUSG00000029819",0.265265218777517,-2.07169238838153,7.25563048770362,-0.285528927071534,0.775238945766866,NA
"ENSMUSG00000029821",211.179035953396,0.0862615929749505,0.278977493739224,0.30920627975669,0.757164617265521,0.871503568581993
"ENSMUSG00000029822",1264.07852384811,0.108888219364058,0.57278985856332,0.190101514082622,0.849229583650225,0.927728004970025
"ENSMUSG00000029823",2702.70730246731,0.900254626832203,0.284813325478545,3.16085852134759,0.00157304883815012,0.024426080592313
"ENSMUSG00000029826",2528.77802370493,-0.208568520919348,0.155308038691516,-1.34293448476045,0.179293188897603,0.371476246542193
"ENSMUSG00000029828",3.76711649543755,-0.247412339633794,1.57401047096611,-0.1571859553653,0.875098296702042,NA
"ENSMUSG00000029829",0,NA,NA,NA,NA,NA
"ENSMUSG00000029830",9.11442520574572,0.659306010378396,0.895465866541085,0.736271515211514,0.461565477629418,NA
"ENSMUSG00000029831",0.123244487640472,-2.53888890364221,7.29519233467639,-0.348022202454355,0.727823509410923,NA
"ENSMUSG00000029832",4.24352755742178,2.36427569095406,1.72652778486916,1.36938177982072,0.170879966614152,NA
"ENSMUSG00000029833",327.088808360861,0.252497963497891,0.231180828455029,1.09220978740029,0.274740901492542,0.484880166265627
"ENSMUSG00000029836",5812.74966653562,-0.324959209826342,0.267243439520405,-1.21596702395955,0.223997484080154,0.426713264623689
"ENSMUSG00000029838",1.12389212822351,0.382719040947505,2.48585559096479,0.153958678186518,0.877642317075897,NA
"ENSMUSG00000029840",2853.91302291295,-0.42069420178512,0.197330069468179,-2.13193155467348,0.0330124737179997,0.130296990796909
"ENSMUSG00000029843",95.0455292767566,0.760522497704783,0.48386932756119,1.57175182303451,0.116008118463204,0.283816600699075
"ENSMUSG00000029844",0.348827906217384,0.77405729932831,6.00065687047265,0.128995427673461,0.897361266790011,NA
"ENSMUSG00000029847",2.54524134879827,-1.07134787171678,1.50566597870407,-0.711544185011668,0.476747080411456,NA
"ENSMUSG00000029848",2.37343975829034,-0.163112334992959,1.54854552227149,-0.105332605756205,0.916111891224244,NA
"ENSMUSG00000029851",0.85357852534809,1.57844665736149,7.1202115155834,0.221685360597347,0.824558827128704,NA
"ENSMUSG00000029859",9.7100357138774,0.398308761962755,0.822310694638892,0.484377455576773,0.628118015092068,NA
"ENSMUSG00000029860",2830.39740466565,-0.281251725242467,0.20106211755872,-1.39883001660085,0.16186396278118,0.348391119168663
"ENSMUSG00000029861",5.39859427002171,3.32794291888913,1.98575751110702,1.67590599570935,0.0937566071377125,NA
"ENSMUSG00000029862",1.97819750037576,3.77033699787391,3.39607450804776,1.11020444013795,0.266910939888541,NA
"ENSMUSG00000029863",587.087146421315,0.0364983943674806,0.147405348227656,0.247605631724513,0.804439552910755,0.901872379906441
"ENSMUSG00000029864",139.890160113548,-0.906321506421342,0.388708859060745,-2.33162040250723,0.0197206695400673,0.0949069222996912
"ENSMUSG00000029865",0,NA,NA,NA,NA,NA
"ENSMUSG00000029866",3.7901076398808,-0.171963828665223,2.70861691287312,-0.0634876891774316,0.949378162080989,NA
"ENSMUSG00000029867",0,NA,NA,NA,NA,NA
"ENSMUSG00000029868",0.503963860935708,1.79225647138932,7.24339741119188,0.247433126977139,0.804573039428454,NA
"ENSMUSG00000029869",20.4078795951111,0.561765684858172,0.714747322792549,0.785964028047462,0.431888561649414,NA
"ENSMUSG00000029875",2.57161679799757,3.47631309564536,3.66542660953411,0.948406138211346,0.34292273576753,NA
"ENSMUSG00000029878",3.76524401511697,-1.63416140130966,1.59869808960655,-1.02218261967889,0.306694475230537,NA
"ENSMUSG00000029882",5.41120125760573,-1.15638380890534,1.71840470492703,-0.672940318185668,0.500985260740137,NA
"ENSMUSG00000029883",0.122517945131207,-1.29883532047246,7.28480851474638,-0.178293680313391,0.858492341679477,NA
"ENSMUSG00000029885",0.444416546370382,-1.11280630732585,6.61041482180736,-0.168341373018645,0.866314727303141,NA
"ENSMUSG00000029909",0.0865546972279984,0,7.3561311249555,0,1,NA
"ENSMUSG00000029910",4908.81816746812,-0.940450001876536,0.334543818290777,-2.81114147223346,0.00493660744979501,0.0421038521494596
"ENSMUSG00000029911",3737.81606647211,-0.478980986531791,0.195150860696901,-2.45441390738072,0.0141114450235302,0.0773235222048758
"ENSMUSG00000029913",18.6831417690192,0.908298848594546,0.8149726754895,1.11451448117446,0.265058535487441,NA
"ENSMUSG00000029915",12.6921405335692,-1.43376804411366,2.25827777903153,-0.634894456929269,0.525497252506738,NA
"ENSMUSG00000029916",412.829972138847,0.0737148850697234,0.214177713796793,0.344176262613684,0.730713732725126,0.853449472566104
"ENSMUSG00000029917",0.357826779713479,-1.02282535593369,7.33380649018424,-0.139467186283503,0.889080984042342,NA
"ENSMUSG00000029918",4445.43757790721,-0.852772874784042,0.241662363076064,-3.52877818427865,0.000417482902618199,0.0128292625834439
"ENSMUSG00000029919",43.4018507543865,0.467334681349796,0.635797455379127,0.735037042687004,0.462316934684019,NA
"ENSMUSG00000029920",650.40998390823,-0.0703469566642123,0.226498342299977,-0.310584863226257,0.756116235873041,0.87091691815486
"ENSMUSG00000029922",1826.47046367733,-0.573153272895732,0.172688647298013,-3.31899798778681,0.000903410803999272,0.0187160027263195
"ENSMUSG00000029923",1204.75211137135,-0.996153903550146,0.339603963838991,-2.93328114398108,0.0033540002533477,0.0346078209857432
"ENSMUSG00000029924",213.87518260062,0.549424356465429,0.231437444365978,2.37396484380726,0.0175982259907538,0.0882142311960454
"ENSMUSG00000029925",27.9918106716619,-0.170143284602444,0.628654031960037,-0.270646931304912,0.786662596468298,NA
"ENSMUSG00000029992",488.056909076267,-0.142069563895878,0.270125130652786,-0.525939824823228,0.598930017427497,0.766273978620489
"ENSMUSG00000029993",1721.02065211484,-0.479639979000021,0.277779810065514,-1.72669129151934,0.0842231204887988,0.230905745319071
"ENSMUSG00000029994",725.8446852774,-0.164468781652764,0.301944949532891,-0.544697905718237,0.585961305462984,0.75582072290345
"ENSMUSG00000029998",65.5905624909454,-0.950715705774708,0.616051332006377,-1.54324105213503,0.122772300211402,0.293024414935611
"ENSMUSG00000029999",1.38838403685883,0.339665152370631,3.48376431412107,0.0974994637248662,0.922329760088191,NA
"ENSMUSG00000030000",4.51381058510388,-1.68511479420071,2.60059253780638,-0.647973402100938,0.517002153516254,NA
"ENSMUSG00000030001",0.0406180793754555,0,7.3561311249555,0,1,NA
"ENSMUSG00000030002",1959.43296620838,-0.839088039614389,0.277097762384821,-3.02812997258744,0.002460722277296,0.0300340625879314
"ENSMUSG00000030004",0,NA,NA,NA,NA,NA
"ENSMUSG00000030007",4717.77838957072,-0.58676364949161,0.243183490184317,-2.41284327750573,0.0158286241098394,0.0828300419935215
"ENSMUSG00000030008",428.445247383484,-0.152769424436862,0.268650297488101,-0.568655333216701,0.569590065818553,0.744466190746582
"ENSMUSG00000030016",896.2371310677,0.57361500896331,0.266950941873795,2.14876563063222,0.0316529831531045,0.127213128006205
"ENSMUSG00000030017",0.167658364141029,-2.37974094923655,7.33616336796198,-0.324384944810417,0.74564661635502,NA
"ENSMUSG00000030019",449.90625945472,-0.0627302515590937,0.239139672878556,-0.262316372703873,0.793077540276281,0.895016157844721
"ENSMUSG00000030020",15.5088036810787,-0.0927692185700415,0.775200317616123,-0.119671285552776,0.90474354766569,NA
"ENSMUSG00000030022",22.4320643360818,0.568547421850716,0.693998595835422,0.819234253876711,0.412652775182133,NA
"ENSMUSG00000030029",90.0311918384487,-0.203728153400639,1.42259296461074,-0.143209026382599,0.886125101281126,0.949111130801162
"ENSMUSG00000030030",0.591928052763109,0,7.3561311249555,0,1,NA
"ENSMUSG00000030031",91.0359850028447,-0.0245945855884084,0.406843073531885,-0.0604522657222549,0.951795432710402,0.983226863030862
"ENSMUSG00000030032",34.3389617063563,2.86785876532798,1.49725900188707,1.9154059262382,0.0554407559650662,NA
"ENSMUSG00000030034",406.939564573263,-0.631073501870792,0.299357197054604,-2.10809530580847,0.0350227464111003,0.135440286860325
"ENSMUSG00000030035",208.016929959286,0.192478395645427,0.260279369586398,0.739506922701127,0.459599237644752,0.657491428889785
"ENSMUSG00000030036",401.78704684828,0.235559566045628,0.277815722985604,0.847898612483623,0.396494437348599,0.603069320386351
"ENSMUSG00000030037",1363.67263770855,-0.516969901912942,0.159054146888419,-3.25027616083227,0.00115292990036602,0.0209884200094256
"ENSMUSG00000030041",10.4372319179601,-0.499738794435198,1.53189095205663,-0.326223478090445,0.744255279251501,NA
"ENSMUSG00000030042",4068.12581788008,-0.833647626850633,0.215960464023389,-3.86018631058483,0.000113300605040492,0.0078871583156709
"ENSMUSG00000030043",1.02776249199114,0.267699370183047,3.62846966839203,0.073777486006016,0.941187441757837,NA
"ENSMUSG00000030045",1174.035130629,-0.323611600151088,0.201848848157621,-1.60323728921348,0.108882275726136,0.272481340646292
"ENSMUSG00000030046",0.487230920038241,1.20670476733075,7.17969186517646,0.168071943753409,0.866526680990232,NA
"ENSMUSG00000030047",595.109027317623,-0.118087774446229,0.169237196979907,-0.697764891841414,0.485324238431054,0.677986164060341
"ENSMUSG00000030048",0.177926766076256,0,7.3561311249555,0,1,NA
"ENSMUSG00000030049",0,NA,NA,NA,NA,NA
"ENSMUSG00000030050",0.0820106543833616,0,7.3561311249555,0,1,NA
"ENSMUSG00000030051",166.114995638808,0.496136994953361,0.355018644932253,1.39749560209165,0.162264588251735,0.348995964940905
"ENSMUSG00000030054",1.10167200378548,0,5.22729339193053,0,1,NA
"ENSMUSG00000030055",149.587253479798,-0.190559339674685,0.319215512118726,-0.596961402063099,0.550533150696862,0.731676495933801
"ENSMUSG00000030056",1165.97944820015,-0.430894294894082,0.276089015046672,-1.560707856563,0.118592696694253,0.287212676167968
"ENSMUSG00000030057",10531.5330110874,-0.824325899782462,0.277614134145896,-2.96932251781262,0.00298457165867967,0.0325865023128049
"ENSMUSG00000030058",869.650182172685,0.163243962052047,0.167294120177459,0.9757901944126,0.329168444934866,0.538732414186308
"ENSMUSG00000030059",654.157439793765,0.257031801750774,0.209792111052738,1.22517381831465,0.22050973687061,0.42259378615083
"ENSMUSG00000030060",609.736168085525,8.28347529197174e-05,0.214837872964633,0.000385568669884167,0.999692360718793,1
"ENSMUSG00000030061",1390.01361213348,-0.40165392115794,0.283344934979533,-1.41754403051868,0.156323930681554,0.341042166141505
"ENSMUSG00000030062",1387.66534484711,0.263682927524539,0.214873157103527,1.22715620265911,0.219763887229137,0.421680954257754
"ENSMUSG00000030064",116.607856552849,0.174979556241655,0.344492537225926,0.507934243367656,0.611499458932903,0.775256143587501
"ENSMUSG00000030067",2512.74907285777,0.600477221135231,0.243097557609693,2.47010799713311,0.0135072267115092,0.074893949763518
"ENSMUSG00000030068",53.8090691794242,0.617383199899805,0.604388171323197,1.02150112989167,0.30701707404959,NA
"ENSMUSG00000030069",0.7680732923838,1.28319735463598,4.82436537235654,0.265982622706949,0.790252592184171,NA
"ENSMUSG00000030074",27.0072052465175,0.918310837534099,0.723080444154501,1.26999816542941,0.20408528363853,NA
"ENSMUSG00000030075",2.4215856173891,0.983876207077158,1.4454637364983,0.680664746014757,0.496083648307289,NA
"ENSMUSG00000030077",4.48910108934488,-1.89330494508475,2.11525064264034,-0.895073570440547,0.370747761163984,NA
"ENSMUSG00000030079",1103.39830889858,-0.569778771418609,0.279041115275173,-2.04191690839799,0.0411597742541009,0.149362837188615
"ENSMUSG00000030082",1490.41472058705,0.475804661476237,0.165048534905258,2.88281663178266,0.00394136801316959,0.0377051097224443
"ENSMUSG00000030083",221.036699686045,0.178046329296022,0.293498758602006,0.606634011483022,0.544093823636473,0.726610030619635
"ENSMUSG00000030084",13.8145531231051,0.229371314529625,1.04605971435135,0.219271721664432,0.82643838873638,NA
"ENSMUSG00000030086",156.742074956612,-0.921525454764671,0.431246031345565,-2.13689028485514,0.0326069163743229,0.129341640593973
"ENSMUSG00000030087",0.233052042436118,-2.27751975455026,7.30399170470854,-0.311818502351535,0.755178461794983,NA
"ENSMUSG00000030088",2.74130763014629,-1.36192968544411,2.21239464562808,-0.615590752823155,0.538164655916687,NA
"ENSMUSG00000030089",11.9827562322775,0.952430457423444,0.918953648936747,1.03642926770619,0.300001922066003,NA
"ENSMUSG00000030091",2381.8933370376,0.504483825313025,0.218004016077712,2.31410335639501,0.0206620533582883,0.0971666971677832
"ENSMUSG00000030092",0.702339367776714,0.166581172869298,4.88497425860222,0.0341007268515195,0.972796828879821,NA
"ENSMUSG00000030093",0.256161336295829,2.09418544473855,7.2359587126257,0.289413680744819,0.772264827029207,NA
"ENSMUSG00000030094",115.900890253296,0.319783122842947,0.275744180289085,1.1597094180109,0.246167134400531,0.452718534613814
"ENSMUSG00000030095",319.621943114517,0.359399178725889,0.218403638705559,1.64557321872468,0.0998516567047258,0.25764385970405
"ENSMUSG00000030096",618.612922863472,0.730011782280937,0.21531347252203,3.39046030761613,0.000697753578064114,0.0163831214231918
"ENSMUSG00000030098",29.5479818439865,0.150673294989523,0.562436979603667,0.26789364933952,0.788781182186119,NA
"ENSMUSG00000030101",205.134661491282,-0.251355356595191,0.358977780589316,-0.700197533626047,0.483803951671946,0.676914658496417
"ENSMUSG00000030102",614.516482092515,0.302872427573309,0.231799562605192,1.30661345590704,0.191344024339645,0.386796662698854
"ENSMUSG00000030103",942.132608015491,-0.627049213674948,0.336374960907259,-1.86413760401099,0.0623023829531551,0.192636551608364
"ENSMUSG00000030104",1548.83314917115,0.127541309883726,0.152669326036828,0.835408874818504,0.403487534631695,0.60871888965737
"ENSMUSG00000030105",1247.06005507508,-0.0468126567116662,0.195546792674572,-0.239393630912534,0.810800368248511,0.90500921862427
"ENSMUSG00000030107",840.388910483965,-0.478373619482389,0.304701660314979,-1.56997378677845,0.116421209778985,0.284225763288949
"ENSMUSG00000030108",15.5936093029427,-2.71353654177175,1.75984371955068,-1.54191904180251,0.123093268068149,NA
"ENSMUSG00000030109",2.47984948161364,1.84326382531019,3.1293185992536,0.589030412483357,0.555840872436777,NA
"ENSMUSG00000030110",38.5418210199804,-1.29779390467405,0.917533271998274,-1.41443797656255,0.157233346254302,NA
"ENSMUSG00000030111",0.731327292537712,-0.372766376673522,6.67619672295581,-0.0558351396973941,0.955473141166292,NA
"ENSMUSG00000030114",3524.6406972487,2.73546617068704,1.68396900095114,1.62441598933353,0.104287056859365,0.264327578732006
"ENSMUSG00000030116",1.95164103147662,-0.504644405059452,1.68328860553509,-0.299796721370327,0.764332216334059,NA
"ENSMUSG00000030117",6.79633781180527,4.29263678728421,2.11678254248639,2.02790636313641,0.0425698055958652,NA
"ENSMUSG00000030120",1661.41393632704,-0.505017143200864,0.28075228102843,-1.79879978659808,0.0720503571155302,0.209722550084516
"ENSMUSG00000030122",490.806287323499,-0.0641735143087728,0.394700963105188,-0.162587681073559,0.870843087004374,0.939310834455453
"ENSMUSG00000030123",28.0372450767783,0.730370797786454,1.14196490126285,0.639573770593798,0.52244973936728,NA
"ENSMUSG00000030124",62.9473989111121,0.742202072900901,0.82511464176805,0.899513880047645,0.368379005980957,NA
"ENSMUSG00000030125",30.9016756116463,0.37301466173597,0.72892255765127,0.511734282086009,0.608836989713804,NA
"ENSMUSG00000030126",288.266525011454,0.442386332393675,0.284636850312703,1.55421313827661,0.120133584623677,0.289497923940773
"ENSMUSG00000030127",507.068516432395,-0.0913385517742482,0.242148191920467,-0.377201048043539,0.706024201496132,0.839433393287139
"ENSMUSG00000030131",0.364539521944857,-3.13645687464437,7.2677907831061,-0.431555746202137,0.666064327992435,NA
"ENSMUSG00000030134",7.21752206720244,0.386464009207761,1.12131090335188,0.344653751294599,0.730354691130148,NA
"ENSMUSG00000030137",3.40518271945651,3.15448582948647,2.43622575354763,1.29482492535551,0.195380631465105,NA
"ENSMUSG00000030138",614.142282445794,-0.0272971900351936,0.172731581580431,-0.158032421086139,0.874431251377983,0.941693176872087
"ENSMUSG00000030142",34.7493061664204,0.465971583063425,1.90069701992485,0.245158264667478,0.806333890379762,NA
"ENSMUSG00000030143",0.320516700733574,1.15810129843773,7.35583153415757,0.157439888754923,0.874898178749771,NA
"ENSMUSG00000030144",15.0043725456629,0,2.16268076223992,0,1,NA
"ENSMUSG00000030145",77.7578778750019,-0.00727610130471101,0.489350812524645,-0.0148688857124245,0.988136782782774,0.999870211670357
"ENSMUSG00000030147",5.94524589879752,-2.69223156482624,2.11815101246669,-1.27102909517816,0.203718298051488,NA
"ENSMUSG00000030148",31.6804015149603,0.274832050137799,0.676259675020093,0.406400174799175,0.684448591279139,NA
"ENSMUSG00000030149",4713.21446693714,-0.838704631341585,0.344953632345903,-2.43135468856455,0.0150424808635319,0.0801157992112139
"ENSMUSG00000030154",88.5367295078374,0.470280699250384,0.483341248011336,0.972978617457771,0.330563929432709,0.539746356531604
"ENSMUSG00000030155",0.732713998465872,0.499398468276776,4.75275552260818,0.105075564249246,0.916315848853473,NA
"ENSMUSG00000030156",2302.48510349839,-0.13758731770552,0.222878644254415,-0.617319430337455,0.537024053220277,0.720628662144942
"ENSMUSG00000030157",142.328834305469,-0.192467714910707,0.291197865038578,-0.6609516690145,0.508643308909482,0.698602026604118
"ENSMUSG00000030158",0.348312523422768,-2.41253419526749,7.29926224265886,-0.330517539316232,0.741008942120249,NA
"ENSMUSG00000030159",5.59210316828253,-2.83616960284037,2.03672997681109,-1.39251134668374,0.163767608083652,NA
"ENSMUSG00000030160",1.82441184235257,1.54127711371949,2.04777635215438,0.752658908331456,0.451654908657031,NA
"ENSMUSG00000030161",157.758234355469,-0.052180644435202,0.292685444355281,-0.178282334983019,0.858501251210266,0.932917039882064
"ENSMUSG00000030162",3.14381802234199,-0.639697691574497,1.72846877745992,-0.370095022783442,0.711311690487085,NA
"ENSMUSG00000030165",4810.11754252053,-0.697844517893467,0.215176896810986,-3.24312009437734,0.00118228365224503,0.0213654001872798
"ENSMUSG00000030166",240.329927235256,-0.444755113583286,0.29069560299768,-1.52996849280461,0.126024527952718,0.298240952552698
"ENSMUSG00000030167",7903.01613320946,-0.729145102149168,0.811057904705612,-0.899004988323027,0.368650003631823,0.578154098984701
"ENSMUSG00000030168",612.006927599877,0.207946765816496,0.178291866066197,1.16632783314573,0.24348192405769,0.450107445741306
"ENSMUSG00000030170",40.0248603775649,-0.47786484878668,0.552323975838242,-0.865189399141043,0.386934842855624,NA
"ENSMUSG00000030172",155.838192189969,0.52196561364358,0.495131505744712,1.05419592085644,0.291793227232835,0.503381509807431
"ENSMUSG00000030173",19.4906331792467,-2.16007553924298,2.36627799597958,-0.912857890287215,0.361317286995005,NA
"ENSMUSG00000030177",319.792913774675,0.100774480350843,0.300946960717709,0.334857943441303,0.737732248593641,0.857737388537773
"ENSMUSG00000030178",12.7083622968377,-1.81158196884523,1.97353227248822,-0.91793886226203,0.358650874440752,NA
"ENSMUSG00000030180",3406.9875969143,0.456227993458365,0.340226055731126,1.34095547878588,0.179934907937643,0.372259641055589
"ENSMUSG00000030187",39.7751781493568,3.36126677184628,1.77717046157945,1.89135867634159,0.0585764809088652,NA
"ENSMUSG00000030188",801.461871382288,-0.41579892476594,0.290940819031225,-1.4291529327183,0.152960282366895,0.336751089353398
"ENSMUSG00000030189",1970.73086609277,-0.100686767903812,0.253625821752024,-0.396989420116126,0.691375262455273,0.832163748340758
"ENSMUSG00000030194",0.0801844853033133,0,7.3561311249555,0,1,NA
"ENSMUSG00000030196",0,NA,NA,NA,NA,NA
"ENSMUSG00000030199",268.543463400121,-0.311190422482372,0.215997016032548,-1.44071630339319,0.149664847061613,0.332474690010441
"ENSMUSG00000030200",3.75493397014928,3.8077685453173,1.99349644873164,1.91009547458185,0.0561209215791715,NA
"ENSMUSG00000030201",244.865617354947,-0.0930375159717658,0.338759714820272,-0.274641617351481,0.783591589313467,0.889464153063519
"ENSMUSG00000030203",41.4615046763265,0.719083711983199,0.681042773538751,1.05585690050976,0.291033597472884,NA
"ENSMUSG00000030204",894.287574672426,-0.040068043176417,0.171603677649327,-0.23349175102352,0.815379574289095,0.907365397537061
"ENSMUSG00000030205",0.344619006146304,-2.69150387376448,7.24031364223572,-0.371738574702598,0.710087501444503,NA
"ENSMUSG00000030206",1.05980128584496,-4.15563068806532,4.07922072909448,-1.01873150879673,0.308330449535319,NA
"ENSMUSG00000030207",201.526498585568,0.24661976423613,0.259008973292355,0.952166873221643,0.341012358416545,0.549542111814989
"ENSMUSG00000030208",692.408561439031,0.791020182582957,0.296907617856185,2.66419631902509,0.00771725103417653,0.0533835034799405
"ENSMUSG00000030209",10.455280846104,0.173171313210388,1.53748499472751,0.112632847672819,0.910321642068878,NA
"ENSMUSG00000030213",1505.24180200362,1.30877093791915,0.349454986688725,3.74517745567309,0.000180266310973335,0.00895242772029678
"ENSMUSG00000030214",57.6906778239425,1.10314050835474,0.682847180782472,1.61550130014546,0.106202179010767,NA
"ENSMUSG00000030216",820.17601356159,0.492843728034628,0.328854547586735,1.49866782032151,0.13395982886601,0.30950031319463
"ENSMUSG00000030217",26.7736209661819,-0.362275096514179,0.685725342602427,-0.528309330291473,0.597284656796974,NA
"ENSMUSG00000030218",0.0821224161988203,0,7.3561311249555,0,1,NA
"ENSMUSG00000030219",25.6735995101665,0.781680530799064,0.547710597820496,1.42717802779352,0.153528586109355,NA
"ENSMUSG00000030220",75773.180457751,-1.03182933597208,0.361587015093006,-2.8536128038411,0.00432251788744652,0.0393444653014815
"ENSMUSG00000030222",0.391761812520043,3.28229169695625,7.26114071499527,0.452035269083529,0.6512435746604,NA
"ENSMUSG00000030223",8.41601100132856,-0.293952053168305,1.45422642581585,-0.202136371578718,0.839810114296871,NA
"ENSMUSG00000030224",1658.87123340066,-0.345634918946929,0.189074848298183,-1.82803224256375,0.0675447128082522,0.201594047738398
"ENSMUSG00000030225",1258.3602575131,-0.357568127862805,0.253561131039949,-1.41018509578454,0.15848503550901,0.344020594232635
"ENSMUSG00000030226",0.803092159251349,-1.42311404920307,6.53460134944341,-0.217781311070228,0.827599506683603,NA
"ENSMUSG00000030228",2.45801681243333,1.28305122862484,3.13057292174871,0.409845501349363,0.681919285677677,NA
"ENSMUSG00000030230",0.0902964524776796,-2.78892335467089,7.28506295785738,-0.382827625623038,0.701847576772358,NA
"ENSMUSG00000030231",408.357837180723,0.0238273509646354,0.204680817363649,0.116412232819562,0.907325840921639,0.959774273932636
"ENSMUSG00000030232",1722.03093443145,0.311116054205292,0.185831350969195,1.67418496708268,0.0940942530054544,0.24810012662746
"ENSMUSG00000030235",0.342397149029251,-2.38047854853612,7.24559397508886,-0.328541532512099,0.742502246975627,NA
"ENSMUSG00000030236",0.487306589685096,-2.50479382458988,7.22053958983548,-0.346898426831693,0.728667628556622,NA
"ENSMUSG00000030237",1.33780603990064,0.39352657182759,2.2930428532424,0.171617626452614,0.863738149149295,NA
"ENSMUSG00000030243",630.513392073646,0.563179998021943,0.269893467341738,2.08667517435258,0.036917506835373,0.13974353245657
"ENSMUSG00000030244",0.343663555157811,0.563970773462124,7.34124824262306,0.0768221908350309,0.938764997169834,NA
"ENSMUSG00000030245",685.639333725934,-0.506792024672499,0.328431168806305,-1.54306921147117,0.122813984006364,0.293028296380136
"ENSMUSG00000030246",147.356995944947,-0.674560510283204,0.346261424048398,-1.94812492363838,0.0514000172425698,0.170721526525853
"ENSMUSG00000030247",31.3022467110654,-0.766301285258408,1.02999345165207,-0.743986560331319,0.456884605880666,NA
"ENSMUSG00000030249",14.7450896808084,0.754451725857564,0.907994798507393,0.830898731025518,0.40603084059379,NA
"ENSMUSG00000030254",675.143336594079,0.671655049288417,0.290562289366185,2.31156992448512,0.0208013956304994,0.0975898413894099
"ENSMUSG00000030255",2.01323640771805,1.13759733459347,3.03553957843251,0.374759513160721,0.707839327230149,NA
"ENSMUSG00000030256",14554.8364466843,-8.62938022960387e-05,0.312104889847962,-0.000276489747847513,0.999779393101783,1
"ENSMUSG00000030257",52.5927670409512,-0.07131757014143,0.752532784463697,-0.094770050705838,0.924497475849947,NA
"ENSMUSG00000030259",2.23455180792066,-1.36263469023927,1.89988449127347,-0.717219755463085,0.473238511387605,NA
"ENSMUSG00000030263",1286.44584364639,0.297438484693298,0.191796235690788,1.55080460063265,0.120948517761238,0.290258824488914
"ENSMUSG00000030264",1496.90054901453,-0.621285280833982,0.236179383639948,-2.63056525620002,0.00852430026645657,0.0568100679436764
"ENSMUSG00000030265",3680.77082467024,-0.321744224120611,0.138162902974474,-2.3287309197611,0.0198733250276009,0.0954525651078745
"ENSMUSG00000030268",277.99017628118,0.475814597633615,0.698599898970556,0.681097432643158,0.495809841477135,0.686329685338395
"ENSMUSG00000030269",254.226599427668,0.166134142659036,0.201498359236722,0.824493773985822,0.409659051973105,0.614395346495849
"ENSMUSG00000030270",99.2914497900556,0.752624806630588,0.440103862285158,1.71010725223524,0.0872460419692299,0.236346156444461
"ENSMUSG00000030271",97.9201229005242,-0.982179849916748,0.466776210195027,-2.10417718055163,0.0353629943130274,0.136335100929905
"ENSMUSG00000030272",30.8474918675974,1.02878418354901,0.644964450184032,1.59510215370081,0.110689393961339,NA
"ENSMUSG00000030275",1102.76284955632,0.165583702366903,0.189008280250215,0.87606586413938,0.380994228835745,0.589879139940852
"ENSMUSG00000030276",56.5548511691099,0.692042448995976,0.510576674857816,1.35541336507135,0.175285893818062,NA
"ENSMUSG00000030278",0.325301271428587,1.6738657347173,7.21698144809214,0.23193432694216,0.816589022339791,NA
"ENSMUSG00000030279",660.013083186173,0.923442316309271,0.212364571368961,4.34838217296088,1.37145466635216e-05,0.0023967377612348
"ENSMUSG00000030281",2.5155378943437,-0.0633412809948033,1.71185491554322,-0.0370015475141497,0.970483771849027,NA
"ENSMUSG00000030282",1352.74673727013,-0.320027736340852,0.146584674062608,-2.18322780595852,0.0290190380329083,0.119921902573286
"ENSMUSG00000030283",81.3195667790409,0.229281081193356,0.615930298384889,0.372251668402388,0.709705479928425,0.84099891966397
"ENSMUSG00000030284",25.2474088664816,0.28794149103729,0.695418093025492,0.414055219335134,0.678833667116649,NA
"ENSMUSG00000030286",1162.53529556439,0.527824466594657,0.16619438890185,3.17594637269237,0.00149348557262197,0.0238425960443467
"ENSMUSG00000030287",895.747681155565,1.03388433784644,0.361154730179364,2.86271852879506,0.0042002350700696,0.0387307123765279
"ENSMUSG00000030291",3010.81741308786,-1.05238241974724,0.295799100499527,-3.5577607165473,0.000374029793728694,0.0125895552361596
"ENSMUSG00000030292",0.296856114054696,0,7.3561311249555,0,1,NA
"ENSMUSG00000030298",2966.93873892189,-0.53911820271771,0.282231337242901,-1.91019965388791,0.056107511718582,0.179939886145167
"ENSMUSG00000030301",69.252190546421,0.211299130795689,0.60236999868527,0.350779639186662,0.725753673372791,0.851017207744963
"ENSMUSG00000030302",1.96244758163423,1.41366412430125,2.3783689031275,0.59438387478171,0.552255391170222,NA
"ENSMUSG00000030303",60.2077695917915,0.752921352911252,0.546280088425658,1.37826980859053,0.16812000105498,NA
"ENSMUSG00000030304",2311.86337000836,-0.386771834638714,0.337074372377118,-1.14743767647217,0.251200777224651,0.459666731370914
"ENSMUSG00000030306",3.62304076744644,0.57983104799121,1.76706485737364,0.328132295524797,0.742811636319371,NA
"ENSMUSG00000030307",0.463082330002648,-2.94096928716675,7.24242799468874,-0.40607504683837,0.684687459727674,NA
"ENSMUSG00000030309",90.5709023120132,0.520425355234617,0.42966980779513,1.21122160736684,0.2258104837213,0.428075419924935
"ENSMUSG00000030310",108.495688632435,-0.302136069583448,0.37036052081951,-0.815789082796679,0.414620778300198,0.618926233716058
"ENSMUSG00000030313",287.644226223531,0.897054238140707,0.44344648423968,2.02291430876663,0.0430819830502144,0.15413152459333
"ENSMUSG00000030314",322.163749371331,0.905037065773484,0.298989167070473,3.02698948808457,0.00247002547874893,0.0300340625879314
"ENSMUSG00000030315",462.183733117157,0.191809708719871,0.226737309418942,0.845955653312726,0.397577483926601,0.603805467003586
"ENSMUSG00000030316",688.483158215554,-0.654498232991695,0.243713888995182,-2.68551880933069,0.00724172985549215,0.0514626165503522
"ENSMUSG00000030317",1.56399791134768,-0.567003390188833,2.52600170172921,-0.224466749092324,0.822394137181871,NA
"ENSMUSG00000030319",67.52738187306,0.0433051853732332,0.363077621161891,0.119272527000291,0.905059448381814,0.958486463172726
"ENSMUSG00000030321",3.11904383494128,1.91881184519505,1.57532967461462,1.21803827866345,0.223209426745846,NA
"ENSMUSG00000030322",308.070984763648,0.506568253390747,0.292074227217202,1.73438190085165,0.082850344271763,0.228681387127154
"ENSMUSG00000030323",14.3059335254227,-0.257085265923376,0.89915150492441,-0.285919852789424,0.77493950788494,NA
"ENSMUSG00000030324",0.453735441199562,0.611948449903366,7.3123712503933,0.0836867315606346,0.933305506816929,NA
"ENSMUSG00000030325",15.2057765877233,-0.86369131512005,1.29329236021627,-0.667823720056324,0.504246123502329,NA
"ENSMUSG00000030327",172.185158142427,0.716685742786494,0.263195452534254,2.72301719458173,0.00646886909462387,0.048577852820009
"ENSMUSG00000030329",74.5354135932178,-1.02408006682265,0.515451692306757,-1.98676244953174,0.0469487276694465,0.161973253146955
"ENSMUSG00000030330",2836.11229100213,-0.201347606583062,0.135501169320373,-1.48594737294853,0.137293041741397,0.314782846222831
"ENSMUSG00000030335",3958.65548674828,-0.630325520798339,0.26094369982681,-2.41556136904892,0.0157109747140701,0.0823451670459082
"ENSMUSG00000030336",3410.65036495499,0.215667448561247,0.256046559517576,0.842297779620987,0.399621293594265,0.605275970993088
"ENSMUSG00000030337",122.887704367384,-0.119062902751039,0.34922801491179,-0.340931705553784,0.733154995621206,0.855431316151501
"ENSMUSG00000030339",3.99202248710689,0,2.67490464416031,0,1,NA
"ENSMUSG00000030340",3.3614474190856,-3.3214654267764,1.88103466139381,-1.76576513710558,0.0774352596697805,NA
"ENSMUSG00000030341",185.77351587721,0.0822116204346579,0.274958885927616,0.298996048653982,0.764943060448703,0.87638643399808
"ENSMUSG00000030342",2248.97908108906,0.214324634371783,0.184271423915145,1.16309208350437,0.244792143699801,0.451327239869959
"ENSMUSG00000030344",0.459940611087855,4.15518982304182,7.23128956456075,0.574612561970365,0.565553354358128,NA
"ENSMUSG00000030345",17.0013129227129,-1.27916118318773,0.957789410519953,-1.33553489852567,0.181701341172517,NA
"ENSMUSG00000030346",706.980667522101,0.400244128009195,0.396206076540977,1.01019179590447,0.312403409103753,0.523852026970415
"ENSMUSG00000030347",341.937522345422,-0.218716325643171,0.276720716164822,-0.790386526438799,0.42930206843201,0.632060015854992
"ENSMUSG00000030350",0.61544354551743,1.15587763773272,4.70465684688489,0.245687980091059,0.805923777553612,NA
"ENSMUSG00000030351",0.859807332199517,-5.69276956147704,7.242563397361,-0.786015841235348,0.431858206588118,NA
"ENSMUSG00000030352",17.7074672003986,1.2456149283297,1.32962043121947,0.936819936789988,0.348851188233351,NA
"ENSMUSG00000030353",1.78179949916373,-5.49116916579635,3.93604095743766,-1.39509960012486,0.162985806763627,NA
"ENSMUSG00000030357",1512.79847722105,-0.528933565297159,0.169913342828891,-3.11296073922702,0.00185220655534393,0.0260056804423214
"ENSMUSG00000030359",0.349722754690724,-2.21412796530955,7.30636519919838,-0.303040965643556,0.761858642447574,NA
"ENSMUSG00000030361",3.92442185773827,-1.46981457151542,1.82821093735076,-0.803963340053809,0.421418147445998,NA
"ENSMUSG00000030363",0.118206060187989,-1.54448988953727,7.34690594032803,-0.210223174501171,0.833493493045484,NA
"ENSMUSG00000030364",10.7594931906739,1.21342977976073,0.790774612673237,1.53448246859961,0.124911002967539,NA
"ENSMUSG00000030365",274.443819203558,0.56848371893731,0.334384072791433,1.70009209527122,0.0891136039225202,0.239635360589063
"ENSMUSG00000030366",0.569683432315748,3.42591215415989,7.24256431387142,0.473024747270572,0.636195523570013,NA
"ENSMUSG00000030368",0.0856032604323762,-1.66583931242132,7.3499781417842,-0.226645478433618,0.820699425689585,NA
"ENSMUSG00000030373",0.669672295973809,-0.526916457716793,5.03797835553906,-0.104588868893704,0.916702047596326,NA
"ENSMUSG00000030374",454.3682276956,0.134859656540748,0.186974724477261,0.721272123372748,0.470742104793005,0.667137735609871
"ENSMUSG00000030376",0.463323958840554,-3.32183022163863,7.26323394111223,-0.457348647802188,0.647420468389423,NA
"ENSMUSG00000030378",1.70465466184724,-2.91951688726458,3.01992989597794,-0.966749887523185,0.333669081429485,NA
"ENSMUSG00000030380",60.5107448626778,0.56822013459572,0.636483431025686,0.892749295421625,0.371991445170209,NA
"ENSMUSG00000030382",1.2572881546727,1.68804535539267,2.67817779270349,0.630296226035342,0.528500791708142,NA
"ENSMUSG00000030385",0.16565316507607,1.15030506933494,7.35609036188796,0.156374515910611,0.875737823403944,NA
"ENSMUSG00000030386",112.547826502663,-0.104826047877508,0.289878606802947,-0.361620503953803,0.717635640281277,0.846417886192629
"ENSMUSG00000030393",52.2862383559214,0.0835347515536307,0.462954455187413,0.180438379234982,0.856808426484659,NA
"ENSMUSG00000030397",97.8129626934708,-0.403601152844597,0.344215427446119,-1.17252488024458,0.240986389050769,0.446848706765494
"ENSMUSG00000030399",11.8277257092372,1.45119082297041,1.1303627171616,1.2838275722809,0.199202293866005,NA
"ENSMUSG00000030400",52.366449849807,-0.348656132168275,0.432524904739625,-0.806094928517844,0.420188115567226,NA
"ENSMUSG00000030401",252.262632149167,0.617312325196204,0.367713255328433,1.67878725134571,0.0931935140876652,0.246380820207695
"ENSMUSG00000030402",12.8289463655103,-0.55705638607111,0.732305400145146,-0.760688622480045,0.446843072085798,NA
"ENSMUSG00000030403",1375.99303383278,-0.255006568556071,0.225629606366566,-1.13019994433611,0.258391983232027,0.467587237266346
"ENSMUSG00000030406",1.08655179425156,-0.0817057168271993,4.5512489903028,-0.017952372414976,0.985676848586968,NA
"ENSMUSG00000030407",89.4084862579217,1.14494415000432,0.389491426336468,2.93958755594081,0.00328649400921339,0.0341138845245211
"ENSMUSG00000030409",2.83512782916925,1.86495650669427,2.34938543849974,0.793806106113086,0.427308317370522,NA
"ENSMUSG00000030410",38.9214863996925,4.51226970079813,1.6673872187003,2.70619184925466,0.00680597144526208,NA
"ENSMUSG00000030411",1.02109461906569,-0.241305033240548,2.92547052546752,-0.0824841785756788,0.934261699127433,NA
"ENSMUSG00000030413",3440.94537863893,-0.110500811671553,0.259141846588156,-0.426410528158225,0.669808731133775,0.816910463572778
"ENSMUSG00000030417",5205.43698159217,-0.702024903886299,0.203391654089804,-3.45159149734006,0.000557290767495093,0.0148460518370694
"ENSMUSG00000030421",614.768141010174,0.104100881377793,0.197655960929121,0.526677166165119,0.598417794851053,0.765742382149212
"ENSMUSG00000030423",1050.87016693543,-0.348099486501555,0.335292145686259,-1.03819755690693,0.299178089836274,0.51032550682917
"ENSMUSG00000030424",1.94059912825838,-1.15796224839469,2.09285724150503,-0.553292515815349,0.580063125040643,NA
"ENSMUSG00000030427",6.64651502696846,2.26771327450736,2.49638631764029,0.908398375076387,0.363667783937858,NA
"ENSMUSG00000030428",40.1619519184247,0.794600233336235,0.397616072897539,1.99841074719581,0.0456721474356113,NA
"ENSMUSG00000030431",280.327327208084,-1.00225129724932,0.290803222742525,-3.44649308834074,0.000567913092178414,0.0148907716609645
"ENSMUSG00000030432",4423.47285424463,-0.507443667165461,0.256923094245413,-1.9750800084976,0.0482590691371573,0.164780966639309
"ENSMUSG00000030433",2.69912225894235,-0.229512897665187,2.72195444054537,-0.0843191547391228,0.932802683354148,NA
"ENSMUSG00000030435",710.425201350665,-0.154720723412591,0.207736594865424,-0.744792815694426,0.456396978694324,0.654787247372046
"ENSMUSG00000030443",40.4193503335005,-0.472267605444234,0.616272523680383,-0.766329160066798,0.443480471835404,NA
"ENSMUSG00000030446",76.937786211166,0.659187024101058,0.314933175041505,2.09310125557329,0.0363401166638288,0.138598099805272
"ENSMUSG00000030447",178.836870738015,-0.244500999265628,0.439917370842348,-0.555788462723034,0.578355473480752,0.751451610851371
"ENSMUSG00000030450",0.844337964172982,-3.8646173282536,5.48569510313153,-0.704489997274451,0.481127677157089,NA
"ENSMUSG00000030451",835.880943892072,0.677543887224151,0.293614996437496,2.30759292081454,0.0210217886264363,0.098022762472725
"ENSMUSG00000030452",752.199380190053,0.177077377029491,0.246997234368936,0.716920484886858,0.473423161355664,0.669068490386254
"ENSMUSG00000030463",0.171430825595459,0,7.3561311249555,0,1,NA
"ENSMUSG00000030465",15.4808292405009,0.695468338523908,1.10627948004208,0.628655191631551,0.529574819123998,NA
"ENSMUSG00000030468",32.2965967971422,-0.479037992295177,0.83406141070717,-0.574343790691645,0.565735181562715,NA
"ENSMUSG00000030469",109.247200042098,-0.676250257726885,0.424922456921116,-1.59146744708865,0.111504415826642,0.276523118526432
"ENSMUSG00000030470",1.8170871156766,3.2556707535005,2.76759291427732,1.17635463536032,0.239453191634236,NA
"ENSMUSG00000030471",306.83909105598,-0.163067392308825,0.345701422356872,-0.471700090780908,0.637140872327382,0.793316226597326
"ENSMUSG00000030472",2.45780809554625,0.832846095305925,1.97267204339267,0.422191868179755,0.672884976519953,NA
"ENSMUSG00000030474",12.3063362824841,1.40542938294449,0.994514632987603,1.41318120048416,0.15760245266923,NA
"ENSMUSG00000030483",0.258185729818692,0.939581330042621,7.26412024381018,0.129345508954542,0.897084262914646,NA
"ENSMUSG00000030484",2.02751277946469,0.585293561325828,1.64742780771807,0.355277213716906,0.722381924264992,NA
"ENSMUSG00000030486",1.58930487034801,-2.340720529014,3.15805739121313,-0.741189990887038,0.458578251361804,NA
"ENSMUSG00000030491",1.77514433064097,1.02304726025136,2.65031990581501,0.386008971221441,0.699490024695068,NA
"ENSMUSG00000030492",0.565306439502954,-1.82512057984547,7.1511319118196,-0.255221215655225,0.798552245814715,NA
"ENSMUSG00000030493",440.415029117449,-1.06678354300936,0.31360626314577,-3.40166529937413,0.000669766102264275,0.0161971628869345
"ENSMUSG00000030494",318.233503114745,0.156568985534614,0.475118068319661,0.329537005587575,0.741749828037686,0.861091843822962
"ENSMUSG00000030495",0.449700897561816,1.56633311652603,7.26945606771588,0.215467718896083,0.829402677563374,NA
"ENSMUSG00000030498",103.794572930439,-0.903896097816757,0.45370487763042,-1.99225563220207,0.0463430170522347,0.160583724819546
"ENSMUSG00000030499",2.65778372432281,0.243870301869993,2.64391128735301,0.0922384586186881,0.92650858271194,NA
"ENSMUSG00000030500",5.12082717193737,-0.463463172438517,1.79662955704487,-0.257962566975036,0.79643579691538,NA
"ENSMUSG00000030505",437.667031789971,0.186145675523689,0.286022111359898,0.650808689715127,0.515169990084676,0.702634797400568
"ENSMUSG00000030507",0.350798546859686,1.35181145576745,7.2552876737962,0.186320862320838,0.852193148147028,NA
"ENSMUSG00000030509",123.477445542664,-0.470399355418808,0.309146402489225,-1.52160708205299,0.12810756196961,0.301653942370079
"ENSMUSG00000030510",1.32208124001808,0.335475798009441,3.28016959161149,0.102273918661818,0.918539256627244,NA
"ENSMUSG00000030512",3833.59087844207,-0.710650945373113,0.235743926901272,-3.01450372323157,0.00257400051739302,0.0304263449069336
"ENSMUSG00000030513",2.00260325076783,1.74254531387095,3.4640613349192,0.503035352262779,0.614939417190405,NA
"ENSMUSG00000030515",326.117565185649,0.563751284366173,0.269777186371796,2.08969220840355,0.0366454573767631,0.139055795074589
"ENSMUSG00000030516",3.91160680404041,-3.20200788252156,2.03659730710221,-1.57223417283094,0.115896252965259,NA
"ENSMUSG00000030518",1.61631845968568,-2.68285731203779,4.86671397139154,-0.551266692024369,0.581450867887735,NA
"ENSMUSG00000030519",1.6829847364785,1.07547418597398,1.85031793140165,0.581237509361046,0.561080390757727,NA
"ENSMUSG00000030521",784.125367740026,0.160490060068033,0.21239407772228,0.755623988150389,0.449874669381253,0.650052785679534
"ENSMUSG00000030522",67.2065351307998,-0.0531352328376267,0.359650787132919,-0.147741183221682,0.882547028750492,0.946802112225745
"ENSMUSG00000030523",48.1470320689073,0.0905875582166748,0.685902128554268,0.132070676624978,0.894928389373159,NA
"ENSMUSG00000030525",0.249214796979009,-1.24361324121803,7.28230404065546,-0.170771947212753,0.864403087898211,NA
"ENSMUSG00000030527",276.685064083503,0.750431050689296,0.301253649491461,2.49102725213813,0.0127374349469476,0.0724893722704663
"ENSMUSG00000030528",341.866788750643,0.442733207141399,0.331404622638225,1.33592948588622,0.181572322264187,0.374549750747389
"ENSMUSG00000030530",1534.03547232933,0.686575527128418,0.342656620732081,2.00368382102631,0.0451039404564448,0.158256014755402
"ENSMUSG00000030532",154.094933960132,-0.487688695119082,0.463306662648889,-1.05262612096012,0.292512380645729,0.503918592311437
"ENSMUSG00000030533",294.207447546554,0.313294335235692,0.323733537160969,0.96775372111019,0.333167381518185,0.541670981300536
"ENSMUSG00000030534",257.480190322421,0.533351409643483,0.264870684392694,2.01362944663496,0.0440484524391885,0.155784956122139
"ENSMUSG00000030536",3769.53189296733,0.460431263692319,0.171185732074183,2.68965910951499,0.0071525041249206,0.0511527149099966
"ENSMUSG00000030538",3631.80431563404,-0.709567542014374,0.233312873161673,-3.04127042969757,0.00235582137324043,0.0294403214595217
"ENSMUSG00000030539",63.6404966247273,0.260435531594392,0.361247903825022,0.720932990438997,0.470950743975764,NA
"ENSMUSG00000030541",490.862097013032,-0.173370750751881,0.339931840578876,-0.510016215181974,0.610040101748901,0.774200334547167
"ENSMUSG00000030543",7.45456224007948,0.295829122193568,1.02539953786887,0.28850132194169,0.772963018748111,NA
"ENSMUSG00000030544",0.121492031246898,0,7.3561311249555,0,1,NA
"ENSMUSG00000030545",9.88611713735384,0.597779824080987,1.21833501725975,0.49065307621667,0.623671839914025,NA
"ENSMUSG00000030546",39.569689623816,0.854067911428392,0.494431408425866,1.72737390237305,0.0841005344884571,NA
"ENSMUSG00000030549",0.92451358685626,-1.15315477903524,4.91579400009344,-0.234581591298033,0.814533498918484,NA
"ENSMUSG00000030551",1.971502791475,1.20589140280974,2.23020779266082,0.540708093110468,0.588708799318695,NA
"ENSMUSG00000030553",1.92168639449251,-0.0818174431729926,2.52121409050964,-0.0324516047569978,0.974111909490896,NA
"ENSMUSG00000030554",0.599874343100755,-1.12013681429247,7.07591996662399,-0.158302640444774,0.874218327604852,NA
"ENSMUSG00000030555",15.7145079896094,1.91854682865756,0.975782446842289,1.96616247286077,0.0492798458273398,NA
"ENSMUSG00000030556",191.47286574663,-0.0516799722862352,0.387911867385191,-0.133226066618162,0.894014596417858,0.952709603879962
"ENSMUSG00000030557",620.712614088609,0.434124610620924,0.167364788968941,2.59388258005385,0.00948988910122387,0.0607955630366805
"ENSMUSG00000030559",1.5483686494049,-1.15615411591577,2.86427237653637,-0.403646708108763,0.686472533333364,NA
"ENSMUSG00000030560",3787.74098691426,-0.0882248373781517,0.251609736398491,-0.350641587408304,0.725857252776047,0.851037711266899
"ENSMUSG00000030562",17.0286291620788,1.32379052201562,1.04542326986652,1.26627229388594,0.205415612684537,NA
"ENSMUSG00000030577",74.2629310804931,0.861358829703593,0.478457412940422,1.80028317339677,0.0718159364509316,0.209225031481715
"ENSMUSG00000030579",762.474126100217,-1.72177137408503,0.686429606201839,-2.50829998958226,0.012131362549586,0.0707483886741342
"ENSMUSG00000030583",252.991378464097,0.518899101513701,0.421594657720601,1.23080094116749,0.218397323464801,0.420204891723218
"ENSMUSG00000030584",5.42073406592524,0.658307857038807,1.65186911148781,0.398523013997084,0.69024469748269,NA
"ENSMUSG00000030587",22.2381904286457,0.0400339841988388,0.826416125414624,0.0484428884767384,0.961363279346358,NA
"ENSMUSG00000030588",913.870801055713,-0.547446315063722,0.333626239146637,-1.64089706032716,0.10081878535879,0.259095473709248
"ENSMUSG00000030589",24.1966714759223,0.307958256782235,0.794917762198882,0.38740895150005,0.698453477881084,NA
"ENSMUSG00000030590",193.225169641119,-0.176261158236644,0.325063887743638,-0.542235433963839,0.587656328077112,0.75716668444242
"ENSMUSG00000030591",3994.34176286076,-0.436920579938249,0.250291402852127,-1.74564757302664,0.0808722102862053,0.22553843115811
"ENSMUSG00000030592",26.8627957551167,0.106153118651766,0.821870559513135,0.129160385930663,0.897230741036987,NA
"ENSMUSG00000030595",763.821709137969,-0.35310328719122,0.295303108579687,-1.19573169713496,0.231801277750963,0.435739843521973
"ENSMUSG00000030598",147.417670395619,-2.4931164405916,0.347655555477562,-7.17122566088984,7.4329264800308e-13,7.34744782551045e-10
"ENSMUSG00000030600",3.12203710738127,-0.0673560085219634,1.56551168415597,-0.0430249158812747,0.965681672239242,NA
"ENSMUSG00000030602",62.8718955452456,0.667352783977421,0.418531563792103,1.59451004825269,0.110821841967341,NA
"ENSMUSG00000030603",4041.22864706544,-0.520706359057172,0.266226344638419,-1.95587840776757,0.0504794794819715,0.168902279818444
"ENSMUSG00000030604",500.585645788006,0.744074216284563,0.314195078465215,2.36819182502548,0.0178752652538548,0.0891058986557511
"ENSMUSG00000030605",82.8998096756231,0.278766769153536,0.447926489063242,0.622349371961741,0.533712163184228,0.71870487576766
"ENSMUSG00000030606",0.423481565525946,-0.504776315591636,7.32450703585426,-0.0689160803751981,0.945056418662831,NA
"ENSMUSG00000030607",0.349417797633882,0,7.3561311249555,0,1,NA
"ENSMUSG00000030609",351.217680767059,-0.0200159717947806,0.303384971490967,-0.0659754888200734,0.947397340014974,0.981349963957667
"ENSMUSG00000030610",140.649004437225,-0.152964777860124,0.353864470656725,-0.432269387136387,0.665545633875107,0.813618425779797
"ENSMUSG00000030611",1033.25670771354,-0.802383258618926,0.295130468462823,-2.71874084298416,0.00655309290825644,0.0488518370896217
"ENSMUSG00000030612",1495.52154079559,-1.03161658222137,0.283612497939385,-3.63741580401671,0.000275387169968214,0.0109393413621785
"ENSMUSG00000030613",178.552494713904,-0.938577011318489,0.351069483187521,-2.67347934316796,0.00750688993011339,0.0525907916082005
"ENSMUSG00000030614",766.83356358092,-0.71382767417002,0.255378446831465,-2.7951758773171,0.0051871486979073,0.0429611988173134
"ENSMUSG00000030615",2620.69261266397,-0.895720195722022,0.268320960505996,-3.33824161195937,0.000843104034857627,0.0182365063119642
"ENSMUSG00000030616",408.214502271052,1.0600252596405,0.336618638608308,3.1490391144798,0.00163808268475145,0.0246859901676438
"ENSMUSG00000030617",0.415437256346733,-1.57639676848324,7.34771362155568,-0.214542488953112,0.830124036835092,NA
"ENSMUSG00000030619",1826.0698244748,-0.349444549421884,0.251827143330031,-1.38763655418956,0.165247744586064,0.352557401641575
"ENSMUSG00000030621",620.61429354211,1.45526877493557,0.357037580786629,4.07595405427437,4.58260673651262e-05,0.00531253907245556
"ENSMUSG00000030629",2623.87770444086,-0.237400252740484,0.219323210336818,-1.08242193051936,0.279065087904613,0.489577747608028
"ENSMUSG00000030630",72.0920081092487,0.437022468791405,0.545888098021884,0.800571528075127,0.423379739163103,0.62688866411433
"ENSMUSG00000030638",4.1046264615688,0.0971800183245238,2.93450426245172,0.0331163323113839,0.973581818592247,NA
"ENSMUSG00000030641",176.043569910317,-0.00593803792272325,0.422173000428772,-0.0140654137443474,0.988777793559118,1
"ENSMUSG00000030643",29.6490917200957,0.0427320259194342,1.31082301348253,0.0325993864006903,0.97399405915302,NA
"ENSMUSG00000030647",3914.49401388388,-0.526262067364218,0.193807149634199,-2.71539036798958,0.00661976898936865,0.04890614085195
"ENSMUSG00000030649",1285.01347442593,-0.261610761478762,0.170708733742745,-1.53249781509717,0.125399636351151,0.297474299335523
"ENSMUSG00000030650",4.13480917225229,0.62767557496041,1.85979975530138,0.337496320865304,0.735742785153947,NA
"ENSMUSG00000030651",347.918894976661,0.27150313921159,0.427567093130346,0.634995404402698,0.525431412251624,0.711296837867338
"ENSMUSG00000030652",703.525234843248,-0.193470984029202,0.271920741515821,-0.711497706834348,0.476775871344611,0.671234567064026
"ENSMUSG00000030653",195.937959354108,0.371206317684633,1.11462990174441,0.333031006169573,0.73911087826002,0.859138173988747
"ENSMUSG00000030654",10975.1908869359,-0.160880028029983,0.215473118861421,-0.746636187753198,0.455283198220948,0.653948621681789
"ENSMUSG00000030655",1490.62953954175,0.6292489732019,0.237082885423311,2.65413073608572,0.00795130136873223,0.0543183234484576
"ENSMUSG00000030657",79.7176963911458,0.268084017195084,0.66804099157776,0.401298753482075,0.688200181224447,0.830021814470919
"ENSMUSG00000030659",62.4991183752963,0.734651722299453,0.358673321878244,2.0482474649978,0.0405357577431347,NA
"ENSMUSG00000030660",402.605901002249,0.967959946823402,0.250557549811947,3.86322402797239,0.000111900296998463,0.00784599425371886
"ENSMUSG00000030662",1193.49668696469,0.0662800321543525,0.213401272015856,0.310588739833884,0.756113288432988,0.87091691815486
"ENSMUSG00000030663",3567.77054726823,-0.691934299542802,0.248061173582704,-2.78936961213767,0.00528107565905305,0.0433223509458418
"ENSMUSG00000030666",3.03698551675156,0.199577592144185,2.53586702682062,0.0787019153738544,0.937269721959958,NA
"ENSMUSG00000030669",0.556085501425571,-2.47673229035786,6.18790227816897,-0.400253943746948,0.688969486481922,NA
"ENSMUSG00000030670",17.8945987182877,-0.504044178764259,0.709814447478595,-0.710106959015454,0.477637811212927,NA
"ENSMUSG00000030671",1104.78153392307,0.371988640619906,0.252988974665461,1.47037490907184,0.141460243040937,0.320131525288385
"ENSMUSG00000030672",557.760547446145,-0.723453573415678,0.306262452432866,-2.36220133310094,0.0181667730936136,0.0901951542091263
"ENSMUSG00000030674",125.471410216638,0.368226839523225,0.363670205955219,1.01252957622975,0.31128491264694,0.522552662470306
"ENSMUSG00000030677",1237.00314710116,0.266576578439943,0.286717405309555,0.929753734874007,0.352498605592445,0.561509804500095
"ENSMUSG00000030678",404.293481171874,-0.206433892970737,0.220681880221594,-0.935436533182741,0.349563376805601,0.558246531945756
"ENSMUSG00000030680",295.05279046276,-0.125681714534353,0.481038936172899,-0.261271396312042,0.793883223110061,0.895212816081506
"ENSMUSG00000030681",213.377995472393,0.172834593257089,0.290191844720694,0.595587355059684,0.551450926108238,0.731757962367733
"ENSMUSG00000030682",998.159890615873,-0.255275938044399,0.226225785345125,-1.12841220842689,0.2591458742507,0.468395861577651
"ENSMUSG00000030683",8.0396617564609,-0.848804320491002,1.2899829894352,-0.657996522002694,0.51054036602762,NA
"ENSMUSG00000030685",111.567849046484,0.368244591773307,0.382791605216344,0.96199756409283,0.336050827547397,0.544702891250197
"ENSMUSG00000030688",462.964645967868,-0.0173148383512462,0.36722393955903,-0.0471506252343958,0.962393179073796,0.987774537965369
"ENSMUSG00000030689",988.830135809756,-0.208890843866087,0.290014708391881,-0.720276723288891,0.47135463330622,0.667516204310452
"ENSMUSG00000030691",352.326784136627,0.766988103104497,0.303249260061654,2.5292332220318,0.0114312039667455,0.0680707537417348
"ENSMUSG00000030693",1.58257365950391,1.15056240803632,3.29216844606519,0.349484671542694,0.726725476569468,NA
"ENSMUSG00000030695",9015.32364721221,-0.566889118143961,0.257778775488527,-2.19913030880694,0.0278686579684794,0.116977360517375
"ENSMUSG00000030697",5802.95133438903,-0.517259862655212,0.269392150250153,-1.92009998129082,0.054845271670697,0.177403635623312
"ENSMUSG00000030699",16.159745955323,-0.407427228116934,0.591048424562756,-0.689329691417989,0.490615817290503,NA
"ENSMUSG00000030701",1.59974378237635,1.62680116401175,2.9367113335404,0.553953378199599,0.579610752938533,NA
"ENSMUSG00000030703",12.3996840774821,-0.291582742367876,0.782265206396074,-0.372741545940934,0.709340811977478,NA
"ENSMUSG00000030704",691.54705874041,-0.334672559642243,0.188115124200961,-1.77908374493439,0.0752260332505157,0.215414061031677
"ENSMUSG00000030706",1434.54998365792,-0.239569493577187,0.188544043379659,-1.27062881055744,0.203860732428809,0.401033473411588
"ENSMUSG00000030707",16972.7065657099,-0.482526314567322,0.241609757733157,-1.99713090685784,0.0458109642700101,0.159732409809189
"ENSMUSG00000030708",202.47233416967,0.00267198283294375,0.543087283974362,0.00491998783950516,0.996074433500755,1
"ENSMUSG00000030711",3.3929810289506,0.870316703203567,1.61217633507649,0.539839646735835,0.589307622603044,NA
"ENSMUSG00000030713",4.31593938811402,-0.217441699033489,1.13100378258494,-0.192255501158908,0.847542073043751,NA
"ENSMUSG00000030714",818.620652551117,-0.726032924506094,0.218317918664226,-3.32557642976954,0.000882359051445053,0.0185076825741024
"ENSMUSG00000030717",287.869022101808,2.22030678768845,1.3442958369894,1.65165042291651,0.0986058346755378,0.25583167342984
"ENSMUSG00000030718",310.83776130996,0.673970288484363,0.32481961038818,2.07490640013676,0.0379952104382099,0.141997223131079
"ENSMUSG00000030720",388.111695551859,0.522831790249152,0.274440227004814,1.90508438196264,0.0567691032408497,0.180786915443234
"ENSMUSG00000030722",244.460738853973,0.408863050790396,0.219358014163437,1.86390751370389,0.0623346933956244,0.192656970930907
"ENSMUSG00000030724",52.9048176595401,2.04100031643295,1.92402517742149,1.06079709370967,0.288782123292934,NA
"ENSMUSG00000030725",29.7874158733571,-0.951937094727607,0.638398308125955,-1.49113348611787,0.135926452250212,NA
"ENSMUSG00000030726",709.856350043353,0.372125545434231,0.230630343745651,1.61351511423244,0.106632642275207,0.268482849946618
"ENSMUSG00000030727",243.565922145777,0.159376861070798,0.210552106029898,0.75694736127772,0.44908139928769,0.649666271324281
"ENSMUSG00000030729",479.611479563703,0.717390149694426,0.239623909108638,2.99381707093838,0.00275511074533964,0.0312422923155765
"ENSMUSG00000030730",3.37689009243493,3.58852061686762,1.95283905534909,1.83759158597232,0.0661226095876198,NA
"ENSMUSG00000030731",0.535513753639616,4.78536973783532,7.22940173096911,0.661931639147384,0.508015033771378,NA
"ENSMUSG00000030732",1.22586146871101,1.152446644997,2.95541611101865,0.38994395432181,0.69657799065855,NA
"ENSMUSG00000030733",335.200817416727,-0.177439622990114,0.198934045947831,-0.891952014270327,0.372418653238929,0.58138951157088
"ENSMUSG00000030735",0.0705195707844363,2.15212880095346,7.28531419713947,0.295406449566511,0.767683406992174,NA
"ENSMUSG00000030737",1.20103558835476,2.03858541159419,3.96065268609657,0.514709461587079,0.606756060764017,NA
"ENSMUSG00000030738",3306.88607407435,0.26502868215416,0.220579145365241,1.20151287065383,0.229552316915141,0.432873836838261
"ENSMUSG00000030739",2.07531864716433,1.17429327298925,2.20081841384145,0.533571177705465,0.593638253707587,NA
"ENSMUSG00000030741",250.620180025778,0.10409436420284,0.188329361154587,0.552725095888771,0.580451666122579,0.752395058959048
"ENSMUSG00000030742",9935.84929121857,-0.362543621575574,0.188982822359082,-1.91839457708338,0.0550609981588295,0.177868616601317
"ENSMUSG00000030744",24631.8446566377,-0.640946602640391,0.222042751877483,-2.88659097052646,0.00389440147181601,0.0374840881683557
"ENSMUSG00000030745",614.819573344373,0.22658393302173,0.243059410660868,0.932216252831594,0.351224777680892,0.560157619776641
"ENSMUSG00000030747",9.9809180966558,-1.96656149004096,1.18698358177356,-1.65677227573997,0.0975655241983052,NA
"ENSMUSG00000030748",263.407206674121,0.260313310582205,0.354386086784137,0.734547207946022,0.462615299508203,0.660258769223013
"ENSMUSG00000030750",2115.58034638575,-0.540579590696895,0.261645653887119,-2.06607517711766,0.0388213816802753,0.143726351276974
"ENSMUSG00000030751",9557.23479371868,-0.959918081744317,0.315040526258501,-3.04696698277057,0.00231163099746148,0.0289980614338918
"ENSMUSG00000030752",57.7262673079356,-0.0613196487975171,0.551281554064495,-0.111231091164613,0.911433097418735,NA
"ENSMUSG00000030753",700.212422447332,0.353950339740969,0.239160706488015,1.47996861582572,0.138881622374848,0.316761614484397
"ENSMUSG00000030754",1985.99719937392,-0.271273016276759,0.151834097774003,-1.7866409472827,0.0739955391198306,0.213378901858629
"ENSMUSG00000030757",9.58852966483834,0.0991446195176393,0.882443985634075,0.112352309190934,0.910544067579069,NA
"ENSMUSG00000030759",1668.10158185533,-0.0890391292465271,0.258989806363399,-0.343793952730297,0.731001248364805,0.853525553990798
"ENSMUSG00000030760",614.960111283993,0.0112510176264994,0.304175216106971,0.0369886073247424,0.970494089563356,0.991456601419365
"ENSMUSG00000030761",29.152942338392,1.00470977557779,0.881085075670252,1.14030960609961,0.254157337163183,NA
"ENSMUSG00000030762",0.214626667022132,2.27619639725472,7.28506266655738,0.312447057964755,0.754700791991536,NA
"ENSMUSG00000030763",538.872148512885,-0.463930310693039,0.203891570248572,-2.27537759470606,0.0228832882518753,0.103052986045461
"ENSMUSG00000030766",309.277892161996,0.737764100539218,0.235048383680514,3.13877546821173,0.00169655389822874,0.0249535210838113
"ENSMUSG00000030768",97.963303538815,-0.33432760085702,0.385958889597026,-0.866225937187472,0.38636627231323,0.594988409692519
"ENSMUSG00000030769",5.14484228571395,2.73650058728979,2.30809278218611,1.18561117144429,0.235775888450009,NA
"ENSMUSG00000030770",21.7234922952827,0.925873201181401,0.837001041807033,1.1061792697205,0.268648933684826,NA
"ENSMUSG00000030772",2.63138061970482,2.15109508721129,3.23318606070348,0.665317444410622,0.505847475348046,NA
"ENSMUSG00000030774",25.8637419088007,0.603817013785709,0.845593309774521,0.714074965832828,0.475180825049334,NA
"ENSMUSG00000030775",182.932118728494,-0.575509396277479,0.475821226742297,-1.20950761322208,0.226467887982014,0.428939465932594
"ENSMUSG00000030779",1075.72219590912,-0.0272659002740695,0.207992559976255,-0.131090748040133,0.895703519997362,0.95358419980333
"ENSMUSG00000030780",91.5891145185476,0.235291940994407,0.353156339243266,0.666254332284067,0.505248550090247,0.695112305865288
"ENSMUSG00000030781",0.743253545198166,3.82077081611981,5.70252833109125,0.67001347372327,0.50284920107739,NA
"ENSMUSG00000030782",12.6013737280429,0.113800177448122,0.856662201942701,0.132841366398624,0.894318838600254,NA
"ENSMUSG00000030785",40.4194513054626,-0.320830227029336,1.54403710896509,-0.207786603810562,0.835395592942823,NA
"ENSMUSG00000030786",625.622449398925,1.91481354987727,0.529445916751075,3.61663673152387,0.00029845569573578,0.0113035806603379
"ENSMUSG00000030787",0.556354651239192,2.9528121260142,7.24922686631062,0.407327868263693,0.683767197203198,NA
"ENSMUSG00000030788",217.349132964673,0.314090478963782,0.418377904883263,0.750733906589594,0.452812812928149,0.652645889709027
"ENSMUSG00000030789",1348.4958108253,3.5548423398596,1.66752084612224,2.13181283348047,0.0330222362027374,0.130296990796909
"ENSMUSG00000030790",2.98749197678276,-2.35289664005248,2.139088856714,-1.09995273579562,0.271352715647735,NA
"ENSMUSG00000030792",307.266243994511,-0.312416688477568,0.647785450512739,-0.482284201088928,0.629604068949236,0.787035166362561
"ENSMUSG00000030793",16507.510957019,-0.560875422412348,0.230735480971244,-2.43081566845044,0.0150648766765353,0.080118949715796
"ENSMUSG00000030795",1025.42358135414,0.410168611192604,0.257031461038112,1.59579146278823,0.110535359986744,0.274727459079144
"ENSMUSG00000030796",57.6949846554782,1.09098205568437,0.54700626117043,1.99445990499267,0.0461018175054554,NA
"ENSMUSG00000030798",2196.72399139973,-0.0812540093860092,0.202916448035374,-0.400430867840956,0.688839192614429,0.830488525307188
"ENSMUSG00000030800",0.27015718638399,0,7.3561311249555,0,1,NA
"ENSMUSG00000030801",1095.28621456895,0.0850848671889122,0.309998494088727,0.274468646820457,0.783724494983008,0.889464153063519
"ENSMUSG00000030802",785.340031470648,-0.119099861267985,0.248877610195495,-0.478547914271721,0.632260280010581,0.789426912707413
"ENSMUSG00000030804",0.0444816915190641,0,7.3561311249555,0,1,NA
"ENSMUSG00000030805",395.344367037032,0.233595560064436,0.258011681357065,0.905368155564869,0.36527038025756,0.574494464414635
"ENSMUSG00000030806",10.5933523356881,-0.064052195545983,1.21303431484109,-0.0528032840970158,0.957888644822196,NA
"ENSMUSG00000030811",12.3758504283036,0.700419516588625,0.927729984902564,0.754982083135092,0.450259732645555,NA
"ENSMUSG00000030814",333.173224574069,-0.185613083644937,0.330977936502264,-0.560801984586871,0.574932533644496,0.748677130164121
"ENSMUSG00000030815",1191.34455178502,0.227374930241714,0.19329175255886,1.17633022222443,0.2394629433109,0.444960418769476
"ENSMUSG00000030816",375.758314484258,0.134978833132243,0.164411769276057,0.820980357589884,0.411657456723996,0.616457197351416
"ENSMUSG00000030822",649.757792320314,-0.0708467775119785,0.225378821038774,-0.314345319517801,0.753258781345517,0.869138480864277
"ENSMUSG00000030823",38.7145233425407,1.41171077948321,0.687720565305498,2.05273893308121,0.040097903946982,NA
"ENSMUSG00000030824",1038.32028929143,0.305265472636876,0.306579658516191,0.99571339505799,0.319389419864067,0.530813738481543
"ENSMUSG00000030825",5.91514638763051,1.08929108634709,1.43908916113293,0.756930922535433,0.449091248299226,NA
"ENSMUSG00000030826",391.57879984894,0.690821642731931,0.241685461910156,2.85835001109308,0.00425850377967931,0.0390685006909645
"ENSMUSG00000030827",0.609559695474999,0,7.3561311249555,0,1,NA
"ENSMUSG00000030830",4392.43579694185,0.409748178998738,0.191370080744616,2.14112978060321,0.0322635737069687,0.128496950293255
"ENSMUSG00000030834",0.91190859588081,0.42213504602166,7.29545692908634,0.0578627288358931,0.953857971436944,NA
"ENSMUSG00000030835",202.705668613918,0.0215801445598075,0.324795909140535,0.0664421686126287,0.947025798656138,0.981067912357569
"ENSMUSG00000030838",0.359243687095623,-2.80032753615777,7.3228415994064,-0.382409956318701,0.702157306494464,NA
"ENSMUSG00000030839",197.453148785997,-0.841614570394086,0.27462393301922,-3.06460752033285,0.00217955814367285,0.0282685056413293
"ENSMUSG00000030842",2150.53991621121,-0.675746692508417,0.29119207850614,-2.32062182451906,0.0203072632488463,0.0964156086526636
"ENSMUSG00000030844",886.131448523715,-0.554878030789814,0.251158013568208,-2.209278624666,0.0271552670202075,0.115247829772612
"ENSMUSG00000030846",975.284985049095,0.208485938052013,0.230195426002874,0.905691054214999,0.365099398783602,0.57438722208763
"ENSMUSG00000030847",71.7155521251128,-0.529037427798658,0.466802898380739,-1.13332078621148,0.257079565810709,0.466657026490324
"ENSMUSG00000030849",1.04985434117974,-1.1279211356071,4.76233988609708,-0.236841796802428,0.812779524717322,NA
"ENSMUSG00000030850",517.411654152073,0.634346369046477,0.311374123471979,2.03724818868439,0.0416251770195048,0.150322318322233
"ENSMUSG00000030851",0.61067244335437,0.277584132806132,6.80580090085035,0.0407864021957283,0.967466179814903,NA
"ENSMUSG00000030852",79.8446721917181,0.528030590644064,0.411757987813375,1.28238092829274,0.199709051123605,0.396012832569073
"ENSMUSG00000030854",18.2274109184731,1.32075386926825,1.55888899592656,0.847240485191334,0.396861091830415,NA
"ENSMUSG00000030858",1.72062935404999,2.32818795265961,2.6496979302718,0.878661648960412,0.379584758607969,NA
"ENSMUSG00000030859",0.957572405674511,1.2087185247625,2.74480557526235,0.440365807930483,0.659672185024235,NA
"ENSMUSG00000030861",114.229846587885,-0.396458243602345,0.603644081073519,-0.656774838075584,0.511325705521081,0.700224379162657
"ENSMUSG00000030862",0.703730258521134,-2.58486749030873,7.17708721451702,-0.360155507805498,0.718730844784215,NA
"ENSMUSG00000030865",0.156823055509166,-2.55469138731154,7.29470650352201,-0.350211675559269,0.726179845113843,NA
"ENSMUSG00000030866",0.16230892292798,-1.67950537132825,7.35032453205045,-0.228494043222842,0.819262186472938,NA
"ENSMUSG00000030867",1128.35583539628,0.894146625346465,0.349172448777902,2.56075938544397,0.0104443664400393,0.0647288791597417
"ENSMUSG00000030868",1634.10233580281,-0.420182805441182,0.266048790200823,-1.57934492062156,0.114256963595307,0.281161724610027
"ENSMUSG00000030869",4430.41821509435,-0.751147430066732,0.225701326745514,-3.32805943543999,0.000874532065301422,0.0185076825741024
"ENSMUSG00000030870",398.00787965235,-0.661144037481515,0.443472979285429,-1.49083274148252,0.136005413312323,0.312945416804543
"ENSMUSG00000030871",55.43286101677,-0.172139377875138,0.488699484231668,-0.352239737158256,0.724658478212062,NA
"ENSMUSG00000030872",124.806299305608,0.450762178318441,0.298852244848843,1.50831116743471,0.131474906391842,0.3063162109004
"ENSMUSG00000030873",0.0355187493373065,1.16171280725677,7.35565536667627,0.157934643392857,0.874508299155349,NA
"ENSMUSG00000030876",685.118280445858,-0.509746386276289,0.203918486330879,-2.49975563985491,0.0124278997047231,0.0714362673063497
"ENSMUSG00000030877",2.78097833570429,0.158120547847301,1.87829522409333,0.0841830111789943,0.932910925352105,NA
"ENSMUSG00000030878",122.46829082639,-0.2040488188011,0.366290001465303,-0.55706903815235,0.57748026078903,0.75061043759363
"ENSMUSG00000030879",2188.59854001036,-0.434190255053548,0.235391093961569,-1.84454835459678,0.065103265635057,0.197473725239923
"ENSMUSG00000030880",178.162427875962,0.19074801540114,0.271454170867252,0.702689572946075,0.482249227161881,0.676188850097421
"ENSMUSG00000030881",161.665128198091,0.0501613729675186,0.326721125115358,0.153529628516698,0.877980627097989,0.944070325123857
"ENSMUSG00000030882",12.9442918015837,0.740847761590732,1.10938574379312,0.66779996564377,0.504261288509646,NA
"ENSMUSG00000030884",2739.74514642582,-0.441295729346597,0.255192205823997,-1.72926805472638,0.0837611312303185,0.229994106169916
"ENSMUSG00000030887",6.45519310240334,1.01335654520394,1.06425014475387,0.952178912259671,0.341006253792176,NA
"ENSMUSG00000030888",325.198387704748,-0.160359068441894,0.245597393294622,-0.652934733104132,0.513798355901458,0.70228107689241
"ENSMUSG00000030889",8.11937545033688,-0.634481996144423,0.963565928255098,-0.658472842946402,0.510234341861861,NA
"ENSMUSG00000030890",2594.1167495754,-0.320654600911952,0.253566222505989,-1.26457931873942,0.206022170581985,0.404318518868472
"ENSMUSG00000030894",346.46777300216,0.524710715871825,0.196164829822945,2.67484602793181,0.00747635780848817,0.0525257973965214
"ENSMUSG00000030895",0.433596451940633,-1.24594877875396,7.3484535421828,-0.169552514906948,0.865362069318905,NA
"ENSMUSG00000030897",0.468017197128495,-3.21983826685461,7.26610969196344,-0.443130974256535,0.657671002320452,NA
"ENSMUSG00000030898",0.0406180793754555,0,7.3561311249555,0,1,NA
"ENSMUSG00000030905",0.121967199055539,0.721362967106799,7.34521052969615,0.0982086169198801,0.921766640231312,NA
"ENSMUSG00000030909",1.92299077680887,0.698729031679163,1.83755389405628,0.380249544755807,0.703760184927766,NA
"ENSMUSG00000030911",0.303889144635809,-2.26301843764869,7.30452957680478,-0.309810291525795,0.756705224920469,NA
"ENSMUSG00000030917",33.7918314696542,0.878803949193551,0.880352939689252,0.998240489210785,0.318162757175354,NA
"ENSMUSG00000030921",1806.23213021272,0.12901131916949,0.223401622803178,0.57748604307656,0.563611164281601,0.740912909583375
"ENSMUSG00000030922",371.774560859751,-1.18449523887307,0.337845990108903,-3.50602130423764,0.000454858810970906,0.0134640666334825
"ENSMUSG00000030924",512.052417617178,0.644687402469774,0.269236613234392,2.39450123341331,0.0166429874718537,0.0852510327794721
"ENSMUSG00000030929",413.360406647358,0.06462794234943,0.243267644857536,0.265666000866157,0.790496450038575,0.894056911742713
"ENSMUSG00000030930",44.067801897119,0.280986779038467,0.461349142358569,0.609054516936934,0.542488303860235,NA
"ENSMUSG00000030934",718.889183917642,-0.419532958011431,0.15913519745741,-2.6363303952522,0.00838080849473305,0.056165621674872
"ENSMUSG00000030935",3.86055423293095,-1.98175708991699,1.82609087481011,-1.0852456015493,0.277812892028234,NA
"ENSMUSG00000030942",555.516936009893,0.155419335606688,0.206389580853697,0.75303867067233,0.451426676433895,0.651343263253401
"ENSMUSG00000030945",14.0557594458132,0.646872240107787,0.925390366687713,0.699026338931064,0.48453557060937,NA
"ENSMUSG00000030946",24.3794278357056,-0.729489968619086,0.709624613113158,-1.02799417486208,0.303952567812125,NA
"ENSMUSG00000030954",0.315009016213694,2.20882812044299,7.28370627244347,0.303256067422662,0.761694723769183,NA
"ENSMUSG00000030956",582.744466922165,0.720825864350667,0.356867363448102,2.01987051263514,0.0433968206477461,0.154758441290086
"ENSMUSG00000030960",1438.0423748319,-0.852089821015438,0.229500687700475,-3.71279855216606,0.000204980039376648,0.00963205192167914
"ENSMUSG00000030963",0.173326619914058,0,7.3561311249555,0,1,NA
"ENSMUSG00000030965",367.411751584492,0.17368647670419,0.213728099627016,0.812651574628215,0.416417852764774,0.620764662129361
"ENSMUSG00000030966",438.505603561104,0.0371545914510246,0.22346478192823,0.166265982184868,0.867947635675184,0.937973507987217
"ENSMUSG00000030967",447.11346310379,0.197068756901092,0.196324815720946,1.0037893384869,0.315480164374841,0.527119695174828
"ENSMUSG00000030968",0.0406180793754555,0,7.3561311249555,0,1,NA
"ENSMUSG00000030970",16.7381934173095,0.293195950612609,0.798269440334129,0.367289458669352,0.713403116233527,NA
"ENSMUSG00000030972",0.433481214075363,-2.43640758227686,7.28787486948724,-0.334309744048649,0.738145838342598,NA
"ENSMUSG00000030976",0.0355187493373064,1.16171280725677,7.35565536667627,0.157934643392857,0.874508299155349,NA
"ENSMUSG00000030978",2442.47426867317,-0.0947159014099828,0.238614862580819,-0.396940493922094,0.691411342176804,0.832163748340758
"ENSMUSG00000030979",327.551535247092,-0.797195511335651,0.291626449989277,-2.73361868021561,0.00626425436086239,0.0477311563081941
"ENSMUSG00000030980",693.186410108939,0.096570416101317,0.23950063850511,0.403215693720401,0.68678955551567,0.82903391551564
"ENSMUSG00000030981",2.25087126427768,1.11168895657545,1.9131743492439,0.581070385464237,0.561193016930133,NA
"ENSMUSG00000030982",469.708195813792,0.175182990629239,0.268616682324217,0.652167203888682,0.514293314339002,0.702569017722642
"ENSMUSG00000030983",2283.42024439156,-0.956605012390526,0.275395526474084,-3.4735677250754,0.000513587731087966,0.014419264421672
"ENSMUSG00000030986",165.269805875007,0.101394427631009,0.295226094856208,0.343446698640898,0.731262433095369,0.853729674164134
"ENSMUSG00000030987",811.919748471787,0.561835720131666,0.20797120764511,2.70150722541557,0.0069025980542508,0.0502317668106314
"ENSMUSG00000030990",256.496160715736,0.463556996417623,0.260472783640571,1.77967536545887,0.0751291042941429,0.215198839741409
"ENSMUSG00000030994",2.60639943253641,-0.591373230319624,1.92228764703455,-0.30764034260529,0.75835601900831,NA
"ENSMUSG00000030996",1.66304224431707,1.37000544237602,2.86737285993144,0.477791173070102,0.632798844309922,NA
"ENSMUSG00000031004",5878.791450939,0.308652703875767,0.315410867472711,0.978573459909306,0.327790778128062,0.537827819567302
"ENSMUSG00000031007",1313.9143937446,-0.000135756496403483,0.2056491340963,-0.000660136484406064,0.999473287329325,1
"ENSMUSG00000031010",1051.5465447035,0.325481458080202,0.201104235957286,1.61847141871906,0.105561041504467,0.266537532438586
"ENSMUSG00000031012",44.8137712734906,0.413610619361267,0.64098543757987,0.645273036034814,0.51875026319529,NA
"ENSMUSG00000031015",243.162358887466,-0.0192292545754211,0.503280842326083,-0.0382078016054547,0.969522000657777,0.991149637228712
"ENSMUSG00000031016",249.802395639549,0.677978609420703,0.34108614827081,1.98770490346155,0.0468443363054912,0.161794641642131
"ENSMUSG00000031021",3532.55331679779,-0.63647761764532,0.203389385903206,-3.12935512745106,0.00175190436898894,0.0253180916483271
"ENSMUSG00000031022",3.16318166073074,0.10859804637238,1.39550532252224,0.0778198725721086,0.937971338358788,NA
"ENSMUSG00000031023",1407.6771137639,-0.555212885422394,0.202435564935165,-2.74266473680262,0.00609428724223285,0.0470640854605248
"ENSMUSG00000031024",10.3096718539645,0.138245865110071,0.989500560757221,0.139712770859147,0.888886935692232,NA
"ENSMUSG00000031026",5.08152661343801,0.0477035699976862,1.93559015396095,0.0246454911439111,0.980337733620549,NA
"ENSMUSG00000031027",0.325997453259713,0.103438554641553,7.29913096649327,0.014171352057716,0.988693275438388,NA
"ENSMUSG00000031028",6.5021615166816,0.85860589312661,1.38879344776939,0.618238726936433,0.536417985371267,NA
"ENSMUSG00000031029",3417.59679144809,-0.214557358819016,0.20969880720759,-1.02316919049814,0.306227857313928,0.517092991040004
"ENSMUSG00000031059",6585.52195919637,-0.542344126661318,0.189954645549407,-2.85512431187293,0.0043019986568618,0.0391937849982294
"ENSMUSG00000031060",638.008320469256,0.162892974833712,0.176175183812169,0.924607945960093,0.35516987830624,0.5644460204272
"ENSMUSG00000031065",152.617734656063,0.341692177947242,0.358143317544343,0.954065484985451,0.340050495775553,0.548531193006093
"ENSMUSG00000031066",240.233472253481,-0.0451932069105438,0.2264676986077,-0.199556966350553,0.841827086605194,0.924568444504833
"ENSMUSG00000031068",2481.78689107341,-0.486493131139859,0.174537018563961,-2.78733494557534,0.0053143518725886,0.0434086242124091
"ENSMUSG00000031070",0.160992478066989,-2.58813473390425,7.29369471087128,-0.354845498269433,0.722705340789529,NA
"ENSMUSG00000031072",261.525149714971,0.259974107141052,0.305681783872633,0.850473011009955,0.395062159291372,0.602095196514833
"ENSMUSG00000031073",3.41812818716142,1.49602752478212,1.51381451479108,0.988250218348964,0.323030119292116,NA
"ENSMUSG00000031074",0.201843397607403,-2.55370145344011,7.29473679102142,-0.350074516270866,0.726282775355402,NA
"ENSMUSG00000031075",1.08698336589912,-0.258406825863013,5.19946441069636,-0.0496987392261822,0.960362461171499,NA
"ENSMUSG00000031077",125.75304715699,-0.253334091314881,0.348420109875958,-0.727093770233502,0.467168514791923,0.664360145839708
"ENSMUSG00000031078",4.93610302626427,-0.149793587409832,1.99241160025645,-0.0751820494272125,0.940069866410698,NA
"ENSMUSG00000031079",69.6247897781928,-0.360323437124403,0.520546331144209,-0.692202433417173,0.488810210756684,0.680356087486598
"ENSMUSG00000031085",0.349534674274742,-1.39148146054483,7.27952477145454,-0.191150041277598,0.848408043100632,NA
"ENSMUSG00000031089",0.286056478640055,1.15450543317453,7.3559273218181,0.156948999448404,0.875285042377711,NA
"ENSMUSG00000031090",96.8183050978533,0.199817732522287,0.481511782426115,0.414979944032725,0.678156585193907,0.823281184160916
"ENSMUSG00000031093",1786.53708911913,-0.163136113385856,0.281102255435948,-0.580344377290237,0.561682406762519,0.738918098329452
"ENSMUSG00000031095",333.246731221866,-0.209326064948208,0.256593537742826,-0.815788529943444,0.414621094554146,0.618926233716058
"ENSMUSG00000031097",6.6603449163793,-4.18458366712407,1.88036179859444,-2.22541410395171,0.0260534515857915,NA
"ENSMUSG00000031098",0.081236158750911,0,7.3561311249555,0,1,NA
"ENSMUSG00000031099",0.325468367362111,-1.0413252046898,7.15409959229502,-0.145556431142126,0.884271564483207,NA
"ENSMUSG00000031101",2423.16042850838,-0.235976443470355,0.150323679591022,-1.5697888989437,0.116464231033159,0.284258993521673
"ENSMUSG00000031103",1413.80356007173,0.198645683915988,0.139147705053147,1.42758864646827,0.153410293411401,0.337141118357426
"ENSMUSG00000031104",14.7641474393635,1.47799277545024,1.17340054796326,1.25958077829065,0.207820633201507,NA
"ENSMUSG00000031105",270.348793438525,-0.635683224181422,0.29995025606356,-2.11929548760485,0.0340655027711564,0.132835303705279
"ENSMUSG00000031107",797.419307706892,-0.639339879240154,0.235410692960609,-2.71584893277186,0.00661060744069154,0.04890614085195
"ENSMUSG00000031109",103.407415186732,0.186685578746612,0.28666359870482,0.651235732719743,0.514894327277753,0.702634797400568
"ENSMUSG00000031111",0.703928746261179,-2.84358990332671,7.15050099517869,-0.397677016651565,0.690868281204381,NA
"ENSMUSG00000031112",1019.80708325352,-0.0673925898365492,0.197803401786228,-0.34070490814603,0.733325743355369,0.855431316151501
"ENSMUSG00000031118",0.209288716499391,0,7.3561311249555,0,1,NA
"ENSMUSG00000031119",0.154379344957001,-1.67430814432254,7.35019185493554,-0.227791080473398,0.819808661175151,NA
"ENSMUSG00000031125",60.0153483828045,-4.32501136381339,0.982361652175272,-4.40266713815262,1.06928155913808e-05,NA
"ENSMUSG00000031129",262.982475768222,0.54088253479601,0.298114982143654,1.81434200625104,0.0696250882303187,0.205262152447569
"ENSMUSG00000031130",0.126165072251946,-1.67192584625226,7.35013241825287,-0.227468806153791,0.820059222588817,NA
"ENSMUSG00000031131",0.0736017582353432,-0.232972936499165,7.34994462911654,-0.0316972369528133,0.974713498373325,NA
"ENSMUSG00000031132",28.0117746905568,-0.686119434740189,0.607578919561327,-1.12926800560422,0.258784793338107,NA
"ENSMUSG00000031133",1165.97693598809,0.0946294837261187,0.150418849495261,0.629106551762983,0.5292793014619,0.71503702268018
"ENSMUSG00000031134",612.262927807421,-0.114706905832879,0.240800275535844,-0.476357037290035,0.633820036903996,0.790675298434629
"ENSMUSG00000031137",299.724459287823,-0.419821556618411,0.267308592223624,-1.57055017620682,0.116287170773198,0.284129574986597
"ENSMUSG00000031138",1.03931484044407,-0.118068117671856,4.16403417070112,-0.0283542624367985,0.97737960280758,NA
"ENSMUSG00000031139",0.322779693981238,0.515914586238836,7.15321488910818,0.0721234569681937,0.942503658873619,NA
"ENSMUSG00000031142",2.28379411303991,-0.989296291737384,2.74404473244389,-0.360524841319296,0.718454683187709,NA
"ENSMUSG00000031143",186.283966637319,-0.070695214842916,0.276123762068734,-0.256027276730057,0.797929775301248,0.897739110955251
"ENSMUSG00000031144",14.8851629944086,0.503658715919009,0.728797300631501,0.691082027173524,0.48951399423439,NA
"ENSMUSG00000031145",99.3480201964565,0.446269872880604,0.350331254897499,1.27385115270739,0.20271617263851,0.399492453334444
"ENSMUSG00000031146",3456.37422738847,-0.361582237224959,0.245020290101546,-1.47572365160088,0.140018093924862,0.31817904791891
"ENSMUSG00000031147",0.914877863149868,0.797897902348533,4.36941253467899,0.182609880851443,0.855104130914808,NA
"ENSMUSG00000031148",451.939534362859,-0.158668634126545,0.258452646686281,-0.613917621509764,0.539269765088571,0.722510385998987
"ENSMUSG00000031149",446.759541916487,-0.443875893538506,0.336697546153806,-1.31832232996358,0.187395768939021,0.381781368897546
"ENSMUSG00000031150",0.856998645595311,1.35637223321749,6.35807366059768,0.213330688762417,0.831069038274636,NA
"ENSMUSG00000031153",297.745960447782,0.556174580928799,0.300541086404293,1.85057752862657,0.0642303549916875,0.196022556064474
"ENSMUSG00000031154",640.388058014821,0.0195401260411084,0.200263124807457,0.0975722617925554,0.922271951263693,0.967608623691902
"ENSMUSG00000031155",847.776266529372,-0.0647715627353384,0.25796090084451,-0.251090620800632,0.801744047189576,0.900390809642008
"ENSMUSG00000031156",179.242254506325,0.24743765531928,0.255201215134126,0.969578672222365,0.332256548107486,0.541169217011452
"ENSMUSG00000031157",1662.65816284121,-0.873780565318724,0.239536589788237,-3.64779579642171,0.00026449972114756,0.0108380207639367
"ENSMUSG00000031158",2195.34611173025,-0.750610060032739,0.307879635280408,-2.43799840593258,0.0147688391337055,0.0793819162140269
"ENSMUSG00000031160",0,NA,NA,NA,NA,NA
"ENSMUSG00000031161",109.516609022866,0.637080353935657,0.365048004489997,1.74519610051207,0.0809507397952679,0.225641313391189
"ENSMUSG00000031162",12.737647349819,0.662936194867519,0.980252792223095,0.67629105484521,0.498855870960514,NA
"ENSMUSG00000031163",0.122149793720786,0,7.3561311249555,0,1,NA
"ENSMUSG00000031165",909.786663990112,0.405847098447958,0.230134961184797,1.76351779129319,0.0778131993110052,0.220270181898421
"ENSMUSG00000031166",152.325139895956,0.586454470389566,0.329226242369768,1.78131143546842,0.0748615873721253,0.214720901818299
"ENSMUSG00000031167",11381.6479030106,-0.466266873512585,0.189672312442224,-2.45827589440401,0.0139605878162373,0.0767521749518943
"ENSMUSG00000031168",1837.50756442442,-0.171203632187743,0.209001979293313,-0.819148377286301,0.412701763541792,0.617553274691283
"ENSMUSG00000031169",0.544290759447012,-1.64687503846186,6.24711078995874,-0.263621871587255,0.792071303452294,NA
"ENSMUSG00000031170",12.1512148592262,-0.394808720404124,1.12932041828303,-0.349598496593531,0.726640039368436,NA
"ENSMUSG00000031171",328.30485766537,-0.649431658443782,0.284873033681555,-2.27972318071267,0.0226241115811421,0.102398966565746
"ENSMUSG00000031173",0.686670241925986,1.85229958306215,7.1416109685111,0.259367191972419,0.795351940786152,NA
"ENSMUSG00000031174",65.6670795643579,0.12304323500244,0.38970389661433,0.315735192979633,0.752203511932969,0.868535418228875
"ENSMUSG00000031176",360.759275379397,-0.663919185237004,0.2651422222317,-2.50401154387559,0.0122794027661696,0.0710495183193268
"ENSMUSG00000031179",0.0782002964440665,1.14589286171093,7.35597789271956,0.155777094279342,0.876208726305298,NA
"ENSMUSG00000031181",0.0406180793754555,0,7.3561311249555,0,1,NA
"ENSMUSG00000031182",0.078702422475744,-1.67149128060248,7.35012136665213,-0.227410024572672,0.820104925996567,NA
"ENSMUSG00000031189",8.85297426257449,0.319018076336316,0.998548955094408,0.319481658569413,0.749361297575761,NA
"ENSMUSG00000031194",0,NA,NA,NA,NA,NA
"ENSMUSG00000031196",15.4381364016682,1.6358789401463,1.26645465658794,1.29169957379576,0.196461205132859,NA
"ENSMUSG00000031197",3569.05129778877,-0.875731113584071,0.325156250132782,-2.69326243375747,0.00707565503852581,0.0509494046242241
"ENSMUSG00000031198",1839.44126882437,-0.774033832468024,0.267354760823156,-2.89515634614046,0.00378969728064579,0.0369439424252304
"ENSMUSG00000031200",62.0588801745809,-0.574043318105231,0.459787596307222,-1.24849674657527,0.211849199107527,NA
"ENSMUSG00000031201",2609.51711248267,-0.814236348658606,0.291534356591507,-2.79293445266042,0.00522322747823143,0.0430981666296475
"ENSMUSG00000031202",33.9991817101208,-1.99469592632827,1.05429902450406,-1.89196412020449,0.0584957614953299,NA
"ENSMUSG00000031204",0.0380762098104571,-1.67431590235222,7.3501929692546,-0.227792101425878,0.819807867435575,NA
"ENSMUSG00000031207",6134.58217884035,0.0668326314476263,0.120338106632956,0.555373799020064,0.578639010100025,0.751523665068815
"ENSMUSG00000031209",0.802300939651034,0.93567998287334,7.12046378517047,0.131407168283342,0.895453218366914,NA
"ENSMUSG00000031210",0.32285556551512,1.26645875297088,7.34575271589386,0.172406940711558,0.863117615984841,NA
"ENSMUSG00000031212",0.200590555229861,-1.67400358537984,7.35018505189057,-0.227749855760334,0.819840711485365,NA
"ENSMUSG00000031214",8.92777282201361,-0.430157778192243,1.209232914428,-0.355727811457828,0.72204441510987,NA
"ENSMUSG00000031216",6.58338282468568,1.90397447769694,1.19348004216747,1.59531321046572,0.110642212926809,NA
"ENSMUSG00000031217",3.58627484681431,-1.23328998534039,1.30893708452915,-0.942207230520963,0.346086552769924,NA
"ENSMUSG00000031220",12.359946940867,-0.253626915150269,0.776109263816808,-0.326792794487421,0.743824609658177,NA
"ENSMUSG00000031221",1249.6801429817,-0.546149762087693,0.2110399104992,-2.58789799898898,0.00965635700891881,0.0614868400929914
"ENSMUSG00000031224",1.86204587257737,1.38565213317472,2.50692478312598,0.552729839563397,0.580448417383669,NA
"ENSMUSG00000031226",2981.68221982036,-0.78386649134468,0.420571421438265,-1.86381302054244,0.0623479666168913,0.192656970930907
"ENSMUSG00000031227",53.4440643622519,0.332402327672356,0.482543756666605,0.688854270892612,0.490914979068954,NA
"ENSMUSG00000031229",2770.93895796476,1.18506637536151,0.289220478360437,4.09744974518934,4.17726818002644e-05,0.00497497541681462
"ENSMUSG00000031230",0.197767231925786,-0.230690349491439,7.3499598093147,-0.0313866137334632,0.974961216586057,NA
"ENSMUSG00000031231",10727.5190124178,-0.803349949084009,0.226717618089716,-3.54339444747568,0.000395011400488406,0.0126855789643276
"ENSMUSG00000031232",1748.75218302186,0.0429246230315109,0.177559679511597,0.241747581148947,0.808975758386029,0.904122207594037
"ENSMUSG00000031233",0.0380762098104571,-1.67431590235222,7.3501929692546,-0.227792101425878,0.819807867435575,NA
"ENSMUSG00000031239",473.845380590795,-0.445239895310602,0.240131343826312,-1.85415151648277,0.063717486183973,0.194891908431437
"ENSMUSG00000031241",0.715371116671439,-2.12294717726432,6.77005468842216,-0.313579029264695,0.7538407889538,NA
"ENSMUSG00000031242",626.828906659273,-0.528078074808509,0.336072031569668,-1.57132407699044,0.116107391356798,0.283868739612662
"ENSMUSG00000031245",1799.37929495033,-0.46426392014837,0.233145202660341,-1.99130805545562,0.0464470303999403,0.160815725220109
"ENSMUSG00000031246",1614.4973915994,-1.06528869647215,0.301656852120085,-3.5314586391297,0.000413274488604202,0.0128292625834439
"ENSMUSG00000031250",0.073597559460833,-0.229436147155877,7.34980582214823,-0.0312166270385653,0.975096779917129,NA
"ENSMUSG00000031253",0.322143347294532,-1.688249256998,7.17207578214534,-0.235391999231358,0.813904495326817,NA
"ENSMUSG00000031255",3.26406289413693,-0.0166510947414628,1.58965633223191,-0.0104746506548899,0.991642590789736,NA
"ENSMUSG00000031256",678.812546668545,-0.0576700829198274,0.154682731069406,-0.372828191751741,0.709276319213139,0.84099891966397
"ENSMUSG00000031257",4.0200702002677,0.75042004607941,1.54776741099939,0.484840319512131,0.627789619521897,NA
"ENSMUSG00000031258",45.0331571391945,0.159156016479142,0.656100815761674,0.242578598678278,0.808331861867227,NA
"ENSMUSG00000031262",443.997548565879,0.108179599831309,0.460635314075701,0.23484868946355,0.814326175641848,0.906900389378209
"ENSMUSG00000031264",7.17183305958376,-1.75628596994008,1.87206064520637,-0.938156557287422,0.348163960159651,NA
"ENSMUSG00000031266",198.375804558368,0.505275758268014,0.368440610287698,1.37138997211374,0.170253421795432,0.358380652413899
"ENSMUSG00000031270",0,NA,NA,NA,NA,NA
"ENSMUSG00000031271",0.0355187493373064,1.16171280725677,7.35565536667627,0.157934643392857,0.874508299155349,NA
"ENSMUSG00000031273",2.51424786555859,-1.66766949993704,2.15097931206988,-0.775307084814424,0.438158223923843,NA
"ENSMUSG00000031274",0.118438036328031,2.16003371951412,7.28486621832618,0.29650973055349,0.766840836995993,NA
"ENSMUSG00000031278",709.275976852283,0.0138116545754776,0.20047926797634,0.068893181399224,0.945074646080312,0.980176568723522
"ENSMUSG00000031283",0.591125292078949,1.70120956796969,7.16571360660052,0.237409651203846,0.812339003160867,NA
"ENSMUSG00000031284",1.89956986739297,3.24210100024762,4.98881221736509,0.649874330599675,0.515773400412542,NA
"ENSMUSG00000031285",4.20922450951528,-0.017941163406023,1.54542587352834,-0.0116092034651017,0.990737403851356,NA
"ENSMUSG00000031286",1.157249833102,-0.559479982172192,2.53817729502918,-0.220425887217528,0.825539486085027,NA
"ENSMUSG00000031289",1.10843290524947,-3.67543119765315,2.90876548152407,-1.26357082446103,0.206384110947955,NA
"ENSMUSG00000031290",0.277868039543608,0.593036159065494,7.34197780102766,0.0807733522406573,0.935622200637518,NA
"ENSMUSG00000031292",27.974783764269,0.200699570899398,0.648773540813387,0.309352275137137,0.757053569903935,NA
"ENSMUSG00000031293",10.3743989453716,-1.09793034408635,1.36904788611351,-0.801966355759245,0.422572420210712,NA
"ENSMUSG00000031295",130.229236546913,0.827051535171088,0.379661614217515,2.17839124156822,0.0293769213951988,0.121038736421059
"ENSMUSG00000031297",68.4444877962306,0.0141893283108416,0.636684910707451,0.0222862644806128,0.982219605519029,0.997353959995439
"ENSMUSG00000031298",2.75694957098594,0.60002922667441,1.67871113616433,0.357434470855665,0.720766574822222,NA
"ENSMUSG00000031299",1366.8019514828,-0.320792964423027,0.124219155269986,-2.58247581643744,0.00980942368739909,0.0620782030409347
"ENSMUSG00000031302",6.25106281543318,-0.396260663517724,1.1688348879645,-0.339021933378292,0.734593207151987,NA
"ENSMUSG00000031303",14.6394197762599,1.14933037914245,1.06581516650145,1.07835806363606,0.28087399426918,NA
"ENSMUSG00000031304",17073.2096025171,-0.00264149449233843,0.328980851770719,-0.00802932595657392,0.993593593622587,1
"ENSMUSG00000031309",704.46414049369,0.0571853061778619,0.181941232539417,0.314306467971589,0.753288286239257,0.869138480864277
"ENSMUSG00000031310",193.289707441276,-0.177645405164686,0.289879596318585,-0.612824798367144,0.539992191933147,0.723200057995574
"ENSMUSG00000031311",3961.54564743649,-0.136374973679424,0.111596701076139,-1.2220340956708,0.221694733577789,0.424124722550115
"ENSMUSG00000031312",10.4768851971079,0.680898462739478,1.03585318096244,0.657331053525208,0.510968073325456,NA
"ENSMUSG00000031314",823.547936825795,0.0577614874618041,0.195261010909876,0.295816800254427,0.767369992160129,0.878047502315415
"ENSMUSG00000031320",20972.5870144698,-0.639475324908578,0.196406083631194,-3.25588348937993,0.00113040127548871,0.0207514462635047
"ENSMUSG00000031323",0.10664712209113,1.16325126232943,7.35557729448776,0.158145474618446,0.874342167886825,NA
"ENSMUSG00000031325",1.74556690668525,-0.804296369991397,2.3040317385713,-0.349082157388218,0.727027631364461,NA
"ENSMUSG00000031326",0.111698435149523,-1.11096800268338,7.29419372035685,-0.152308540912871,0.87894358883952,NA
"ENSMUSG00000031327",40.3019150691135,0.456041119090528,0.558170166384869,0.817028831985403,0.413911951503623,NA
"ENSMUSG00000031328",4725.36295205549,0.308557806852674,0.21880900443685,1.41016960269442,0.158489609118404,0.344020594232635
"ENSMUSG00000031329",0.780982066477306,2.71714406394212,5.7996210232271,0.468503726891833,0.639424406440448,NA
"ENSMUSG00000031330",0.15229129722721,-1.11254095616554,7.29438839231122,-0.152520114961007,0.8787767265884,NA
"ENSMUSG00000031333",578.913313685853,0.290650168972235,0.193638220024133,1.50099587228188,0.133356629193191,0.308863701868486
"ENSMUSG00000031337",61.2994189792731,0.0278050447428438,0.404811761687331,0.0686863559174942,0.945239278953464,NA
"ENSMUSG00000031340",1.62455920078997,-1.03818464271831,2.03735778451702,-0.509574042717501,0.61034991295571,NA
"ENSMUSG00000031342",13.5332443088143,1.97713248393498,0.815754037366852,2.42368703477939,0.0153638395231129,NA
"ENSMUSG00000031343",1.34705761895326,-0.921763389406091,2.62390094598455,-0.351295040621369,0.725367015167417,NA
"ENSMUSG00000031344",1.37766575556624,0.399087509121687,3.86374713040987,0.103290276421208,0.917732592633834,NA
"ENSMUSG00000031347",3127.60866045188,-1.18620482742073,0.330534110537414,-3.58875162836319,0.000332265199349757,0.0119372430232007
"ENSMUSG00000031349",432.054430110621,-0.105490911719647,0.371695275759511,-0.283810203140436,0.776555834940438,0.884666869699923
"ENSMUSG00000031351",1.30304891953277,-4.28666311912526,5.45021045816435,-0.786513319445103,0.431566818969248,NA
"ENSMUSG00000031352",516.737088156367,-0.357508391153574,0.255670928365043,-1.39831459696947,0.162018616384142,0.348542768869911
"ENSMUSG00000031353",5279.29732700153,-0.636315722652033,0.282928706900867,-2.24903202514189,0.0245104586324053,0.107525058240423
"ENSMUSG00000031354",0.320849831856053,-2.93950374799859,7.28430226444521,-0.403539507462005,0.686551377019075,NA
"ENSMUSG00000031355",10.4199492805376,0.630357776170774,1.3096430404682,0.481320296212486,0.630288874224443,NA
"ENSMUSG00000031357",331.21167407017,-0.349971251130101,0.213231297908772,-1.64127524693787,0.100740291960068,0.259078675774884
"ENSMUSG00000031358",601.827326019747,-0.0373448635265721,0.272171233246754,-0.137210913442549,0.890864084821281,0.951061263255568
"ENSMUSG00000031360",1102.55235701707,-0.179670127319311,0.207317115413672,-0.866643966952776,0.386137115505002,0.594928650380265
"ENSMUSG00000031362",1285.70683555778,-0.498255883247868,0.343945896781782,-1.44864610367481,0.14743643900213,0.328837815779796
"ENSMUSG00000031364",0.787422833602114,-0.692867099234139,4.88082755815609,-0.141956889682842,0.887114057798306,NA
"ENSMUSG00000031365",186.054958846151,0.339576056139526,0.25523697726775,1.33043440560457,0.183375184932486,0.376731267361535
"ENSMUSG00000031367",1090.23106550178,-0.664980965252728,0.261843604834074,-2.53961125258001,0.01109757438197,0.06681740451228
"ENSMUSG00000031370",684.279291766901,0.37959242324724,0.266719036520961,1.42319209081804,0.15468047777029,0.338877775434246
"ENSMUSG00000031371",443.481295375601,-0.349276269551612,0.224450232319532,-1.55614126990243,0.119674503220854,0.288743584168451
"ENSMUSG00000031372",0,NA,NA,NA,NA,NA
"ENSMUSG00000031373",583.668349760654,0.344597000438772,0.325276450536546,1.05939732147949,0.289418869032117,0.501313809219398
"ENSMUSG00000031374",5.67548078727694,0.916294940564653,1.06642845835072,0.8592183876842,0.390220040531928,NA
"ENSMUSG00000031375",1.00926629284845,-2.47300254285469,3.94453666938906,-0.626943732592481,0.530696119135826,NA
"ENSMUSG00000031376",0.589622040867048,-1.85953653740823,7.16193123457197,-0.259641774893328,0.795140109391264,NA
"ENSMUSG00000031377",6.40436371309056,-1.82360841445418,2.07199572386577,-0.880121707515801,0.37879338072197,NA
"ENSMUSG00000031378",246.307971503905,-0.0323490010966669,0.233603168850326,-0.138478434414533,0.889862312245212,0.951061263255568
"ENSMUSG00000031379",7.30688234577114,-0.780634056717416,1.74982450725256,-0.446121341587054,0.655509597541049,NA
"ENSMUSG00000031380",3.34124964502027,1.27714977081825,1.49780234393542,0.852682449049042,0.393835426364463,NA
"ENSMUSG00000031381",303.289627526612,0.1777438837981,0.234066171304338,0.759374508531578,0.447628558012156,0.648418566229507
"ENSMUSG00000031382",0.994399228228103,0.7327260423678,4.01106850333402,0.182676023049408,0.85505223000281,NA
"ENSMUSG00000031383",5.07490137048741,3.15374887038709,1.92859535948009,1.63525690077221,0.101995204426871,NA
"ENSMUSG00000031384",0,NA,NA,NA,NA,NA
"ENSMUSG00000031385",1.68491734662827,0.646035460828545,3.21873790385579,0.200710800358938,0.840924714106111,NA
"ENSMUSG00000031386",964.431959645112,0.174306760546507,0.208624302008036,0.835505542109817,0.403433127819522,0.60871888965737
"ENSMUSG00000031387",56.7096170936596,-0.127526535017985,0.48572702059413,-0.262547747214057,0.79289917902305,NA
"ENSMUSG00000031388",1727.87353905526,-0.564248586956087,0.264900789102886,-2.13003739576229,0.0331685261311515,0.130730016270508
"ENSMUSG00000031389",817.452203245487,0.279803513605159,0.235158961090287,1.18984840002644,0.23410598242586,0.438627832802138
"ENSMUSG00000031390",19.0854040785071,1.52514006817273,0.859882344709673,1.77366133582807,0.076119185507775,NA
"ENSMUSG00000031391",106.858035087415,0.895284787440174,0.535397553976417,1.67218692127161,0.0944874686724022,0.248671093670579
"ENSMUSG00000031392",994.569476880412,0.0202285313140076,0.160563651625541,0.125984499662375,0.89974419428309,0.955139575217438
"ENSMUSG00000031393",341.806746920737,0.445168790958465,0.292663266019498,1.52109554783963,0.128235861578263,0.301747838493533
"ENSMUSG00000031394",0.109381603529209,1.6967306548629,7.29793022318697,0.232494776323299,0.816153743966845,NA
"ENSMUSG00000031397",93.2647269540022,2.50640383084644,2.06785805144387,1.2120773130904,0.225482787183482,0.427896698633022
"ENSMUSG00000031398",10.895674176609,1.65143565245554,1.35376242484469,1.21988586929867,0.22250814329497,NA
"ENSMUSG00000031399",113.888648259684,0.261804826887799,0.347535251829122,0.753318765534969,0.451258384883189,0.65124033615146
"ENSMUSG00000031400",556.684003260388,0.0863464413769842,0.215068252908904,0.401483902012993,0.688063887878281,0.830013108808328
"ENSMUSG00000031402",374.776260871838,-0.307407200840873,0.207142857202551,-1.48403476225241,0.137799698636989,0.315458550492506
"ENSMUSG00000031403",1888.88790405532,-0.221408341297008,0.211848722185501,-1.04512474284899,0.295965319803438,0.507391117977278
"ENSMUSG00000031409",0.0758695421828998,1.15705657398052,7.35599338497795,0.157294401099301,0.875012832610099,NA
"ENSMUSG00000031410",0.7256338244494,1.48289002855144,6.58647248525528,0.22514176319283,0.821868992540073,NA
"ENSMUSG00000031411",0.239071981770098,-1.11838425189621,7.28344745853613,-0.153551495807864,0.87796338397733,NA
"ENSMUSG00000031422",1368.38127127505,-0.300682557255903,0.21237404875253,-1.41581591075789,0.156829409914811,0.341843157002845
"ENSMUSG00000031424",0.150606965595274,1.35836431828057,7.3466487649357,0.184895775168103,0.85331078478743,NA
"ENSMUSG00000031425",20.934178282254,0.767812538052682,1.02682409727325,0.747754693419862,0.454608134587409,NA
"ENSMUSG00000031428",329.205555744907,0.532953641863456,0.319139931042287,1.66996853111696,0.0949255899176349,0.249425692805907
"ENSMUSG00000031429",1319.34166340936,-0.738103423330688,0.23039422297457,-3.20365421407357,0.00135695345430276,0.0230076927886498
"ENSMUSG00000031430",0.414543907912965,3.61579288931546,7.25039183874533,0.498703100430109,0.617988560079449,NA
"ENSMUSG00000031431",2188.51188683323,-0.519981918725949,0.306005619732706,-1.69925610902228,0.0892709385370234,0.239924749167612
"ENSMUSG00000031432",1744.34211986039,-0.864831610774314,0.273015275837001,-3.1677041078487,0.00153647813192731,0.02418485085048
"ENSMUSG00000031433",97.1289651167868,0.211352936687496,0.429122575445962,0.492523462481202,0.622349339772657,0.782587867148291
"ENSMUSG00000031434",70.3430944761467,0.285268724549452,0.495290684310307,0.575962224984484,0.564640714790005,0.741526965019157
"ENSMUSG00000031438",9.22485772121235,3.6576799297436,1.79922365566277,2.03292120922912,0.0420604838867622,NA
"ENSMUSG00000031441",177.017524899347,0.623273428643787,0.423253695248211,1.47257646097638,0.140865275804818,0.31907728032324
"ENSMUSG00000031442",4.04505280085776,-1.778002970711,1.92297636068828,-0.924609894879106,0.355168864174634,NA
"ENSMUSG00000031443",1.2817396354956,0.628270632071512,6.72716628378028,0.0933930581716586,0.92559130519219,NA
"ENSMUSG00000031444",24.4496271058451,-0.0234906935544674,0.699283647723141,-0.0335925108944743,0.973202094339885,NA
"ENSMUSG00000031445",29.0607976572603,-0.248363073150865,0.758681285312398,-0.327361538974298,0.743394452693747,NA
"ENSMUSG00000031446",402.083165010381,0.0600771090869295,0.302876036249282,0.19835543884853,0.842766979332592,0.925022384044267
"ENSMUSG00000031447",1109.33144015722,-0.225557133056062,0.163549302479283,-1.3791384593929,0.167852067951046,0.355659282698484
"ENSMUSG00000031448",1.41919845961708,-4.46199585294974,3.54552229951324,-1.25848760098401,0.208215468545104,NA
"ENSMUSG00000031449",0.215462705450174,3.22849806874068,7.25438254226983,0.445041056206903,0.656290084344557,NA
"ENSMUSG00000031450",33.4514728964443,0.23240281326339,0.601028191354556,0.386675394942152,0.698996533915018,NA
"ENSMUSG00000031451",3.1879289821322,-1.16617183064931,2.71020440337393,-0.430289253901864,0.666985243122552,NA
"ENSMUSG00000031452",1.6005662712315,1.17360410906144,3.29991403222387,0.355646873706747,0.722105035557653,NA
"ENSMUSG00000031453",2176.46509427897,0.262428027353675,0.222180512495429,1.18114781717894,0.237544007020488,0.4429522942962
"ENSMUSG00000031458",50.5819093916856,0.989697771648994,0.610713913427216,1.62055874262793,0.105112306513994,NA
"ENSMUSG00000031461",136.864431179871,0.957861510039471,0.442747492750369,2.16344875063931,0.0305066814491841,0.12425156412245
"ENSMUSG00000031465",9.89314436788109,1.21333942777913,1.26017874923789,0.962831208281298,0.335632236426382,NA
"ENSMUSG00000031467",998.105329813559,0.114225618939545,0.177332209913964,0.644133510742147,0.519488861720076,0.706056290128276
"ENSMUSG00000031471",0,NA,NA,NA,NA,NA
"ENSMUSG00000031478",124.594709843039,1.11592694879475,0.436548457271724,2.55624989667563,0.0105807102102101,0.0652466128683262
"ENSMUSG00000031479",2873.12836063036,-0.54692186230821,0.211099298780722,-2.59082747061288,0.00957454791961087,0.061060907216357
"ENSMUSG00000031480",3.55236193164161,1.16232545329978,1.77763225526904,0.653861590244303,0.513200981836381,NA
"ENSMUSG00000031481",0.355193471890982,-1.0453637483089,7.29644753983239,-0.143270234261551,0.886076762905402,NA
"ENSMUSG00000031482",82.7921053234251,-0.098470400998928,0.357289411104021,-0.275604028383196,0.782852215259551,0.889317657174194
"ENSMUSG00000031483",141.744538313653,0.0737801985881247,0.33052759296074,0.223219483514916,0.823364688822465,0.912951200113299
"ENSMUSG00000031485",476.073791077679,0.469071852580458,0.243868806757812,1.9234598258657,0.0544223271940079,0.176671495669218
"ENSMUSG00000031486",2.02793711644791,-1.21991212097108,1.89718659271779,-0.643011143792404,0.520216868985911,NA
"ENSMUSG00000031487",134.266817077508,0.404807047376516,0.258344215622056,1.56692901523573,0.117131284682928,0.28525320253529
"ENSMUSG00000031488",187.732606732687,0.430633205812134,0.328657579569793,1.31027924679487,0.190101385486622,0.384993279150841
"ENSMUSG00000031489",5.19466015209849,2.78593932494512,1.52664082482708,1.82488197592952,0.0680188416967299,NA
"ENSMUSG00000031490",2018.29216923254,-0.554515952192753,0.238253711046116,-2.32741790152189,0.0199430338927363,0.0955167092262206
"ENSMUSG00000031491",0.0380762098104571,-1.67431590235222,7.3501929692546,-0.227792101425878,0.819807867435575,NA
"ENSMUSG00000031492",2.53766439822153,0.132169425918883,1.64045530033672,0.0805687456962428,0.935784922694905,NA
"ENSMUSG00000031493",0.361234958688836,0,7.3561311249555,0,1,NA
"ENSMUSG00000031494",1.18809842177895,3.86563695872025,5.92408742453153,0.652528681922,0.514060176234933,NA
"ENSMUSG00000031495",0.210895052567423,-1.65541431383515,7.3497136947331,-0.22523521086562,0.821796298794515,NA
"ENSMUSG00000031497",18.1393181626715,1.09873483561955,0.977829440932216,1.1236467114061,0.261162931348454,NA
"ENSMUSG00000031502",2.98758274615489,0.812153665020506,7.09952437518011,0.114395503431158,0.908924278339699,NA
"ENSMUSG00000031503",0.749876409514183,1.18079267577501,7.23733154211409,0.163153044586112,0.870397935730291,NA
"ENSMUSG00000031504",108.409261513189,-1.07704192797858,0.390818859375609,-2.75585965759,0.00585381079425672,0.0461603201533699
"ENSMUSG00000031505",719.808940672305,-0.0381484652042564,0.226952026037575,-0.168090436865897,0.866512132585185,0.937249380726982
"ENSMUSG00000031506",888.585610304302,0.342181948038865,0.226917706688125,1.50795613543353,0.131565753960136,0.306366897030847
"ENSMUSG00000031508",1246.47025238742,0.173654228669515,0.165919515738156,1.04661725835534,0.295276138886301,0.506824905867527
"ENSMUSG00000031509",20.3476738285002,1.19582546902749,0.690369876578679,1.73215186466962,0.0832465268292033,NA
"ENSMUSG00000031511",195.855575384354,0.537253492943803,0.263211319131895,2.04114889403592,0.0412360297023528,0.149438920103891
"ENSMUSG00000031512",0.119175979858543,0,7.3561311249555,0,1,NA
"ENSMUSG00000031513",5503.76832687338,-0.383610803513911,0.188010499757485,-2.04036904326477,0.0413135827917115,0.149438920103891
"ENSMUSG00000031516",2893.11040410755,-0.656515626514452,0.239829847345859,-2.73742252592809,0.00619227035636758,0.0474500716842586
"ENSMUSG00000031517",3.35007651386391,3.47785977588803,2.71635963072496,1.28033848557815,0.200426118057725,NA
"ENSMUSG00000031518",0.0406180793754555,0,7.3561311249555,0,1,NA
"ENSMUSG00000031519",12.274417396969,-0.203563620507683,0.894482134751307,-0.227577066773144,0.819975050214963,NA
"ENSMUSG00000031520",0.647241501512843,2.47008976735891,7.16854909204362,0.344573181496443,0.730415270432724,NA
"ENSMUSG00000031521",550.831660675884,-0.0180007193161346,0.22483532490441,-0.080061793331576,0.936188109668766,0.974501951811757
"ENSMUSG00000031523",24.2230132739329,0.15938660328507,0.783542720873138,0.203417885252585,0.838808421629117,NA
"ENSMUSG00000031527",1299.95117825285,-0.166498037032777,0.201681693137202,-0.825548588187975,0.409060209502259,0.613590314253389
"ENSMUSG00000031529",241.846990769643,0.499343961829743,0.256362544334813,1.94780389282451,0.0514384328224515,0.170741742259884
"ENSMUSG00000031530",33.2920514027388,0.00372007479073572,0.682285476136449,0.0054523728275754,0.995649657455912,NA
"ENSMUSG00000031532",4422.41577406559,-0.0960629169371396,0.183534871765424,-0.523404168445534,0.600693023998919,0.76756082500379
"ENSMUSG00000031533",395.220730080073,-0.686583583688643,0.249252493098061,-2.7545705768268,0.00587692132960756,0.0461880701185265
"ENSMUSG00000031534",349.880947279054,-0.606262657350644,0.278283965035166,-2.17857560450539,0.0293632101002787,0.121038736421059
"ENSMUSG00000031535",0.63885348075245,1.35068857673479,5.25224066749636,0.25716425850277,0.797051973906957,NA
"ENSMUSG00000031536",842.957586421204,-0.561129859884115,0.225280066765252,-2.49081007450529,0.0127452229647011,0.0724893722704663
"ENSMUSG00000031537",1309.61567957018,-0.241003922240431,0.151150732410661,-1.59446082990619,0.110832857245033,0.27506472354184
"ENSMUSG00000031538",7.8086338505995,1.62392894533173,0.864606096637664,1.87822981083174,0.0603497336882944,NA
"ENSMUSG00000031539",210.473354242122,-0.0321150674434763,0.306069448788295,-0.104927386809162,0.916433427385339,0.96382002656709
"ENSMUSG00000031540",450.259194461686,0.350431153349313,0.209348643463177,1.67391174622515,0.0941479453361001,0.248107821820141
"ENSMUSG00000031543",19.5029090927479,1.07353445180728,0.818840074116947,1.3110428833921,0.189843275843253,NA
"ENSMUSG00000031545",398.654519212567,0.103059317583922,0.238571415531697,0.431985187136675,0.665752179196655,0.813696306885475
"ENSMUSG00000031546",1492.50141402394,-0.795254907069782,0.22275726971895,-3.57005141997452,0.00035691116102538,0.01233589799558
"ENSMUSG00000031548",1.15465090342897,-1.13743774586384,2.51377750425184,-0.452481472182786,0.650922165790147,NA
"ENSMUSG00000031549",0.938017767339389,-2.21714581669575,7.12657801439554,-0.31110945705178,0.755717411977061,NA
"ENSMUSG00000031551",0.726786363559486,1.68973921494482,4.4749249222476,0.37760169037565,0.705726508769963,NA
"ENSMUSG00000031552",0.483693741773042,1.31825689829261,7.20740701749763,0.182903073892211,0.854874070968021,NA
"ENSMUSG00000031553",2.34447135495776,-0.704417249008535,3.7139955804936,-0.189665613149414,0.849571168379017,NA
"ENSMUSG00000031554",0.121100253511848,-0.229832913338361,7.34989986500048,-0.031270210147053,0.975054047643822,NA
"ENSMUSG00000031555",85.9309722210225,-0.122367015252879,0.347429960545907,-0.35220628370854,0.72468356479188,0.850165800850669
"ENSMUSG00000031556",1006.569312545,-0.353238027354253,0.205926582219759,-1.71535905440943,0.0862794175616651,0.234627797138118
"ENSMUSG00000031557",1312.12064304321,-0.140861526407845,0.139041603082788,-1.01308905597107,0.311017625213033,0.522414481772443
"ENSMUSG00000031558",3.63811116563388,0.483966247347069,1.96821156974376,0.245891374071171,0.805766321365331,NA
"ENSMUSG00000031561",0.819949403405343,0.0220214287947598,6.37713198944925,0.00345318692339967,0.997244760944062,NA
"ENSMUSG00000031562",107.884144303524,0.138015174213888,0.395189985401754,0.349237529573479,0.726910993287378,0.851290492746847
"ENSMUSG00000031563",4.57997216386507,-0.162135602679581,1.83038935922477,-0.0885798433335794,0.929415827793252,NA
"ENSMUSG00000031565",168.931943425774,0.772593899427473,0.459242949739409,1.68232065373213,0.0925066782301434,0.245484164914085
"ENSMUSG00000031568",802.928887129588,-0.610996084063328,0.267873024814346,-2.28091680559022,0.0225533702972701,0.102219195501382
"ENSMUSG00000031570",188.852401309884,0.799323631564382,0.380889785476693,2.09856935534254,0.035854880113933,0.137374220901639
"ENSMUSG00000031574",42.4205997117841,0.709281096668229,0.460357993821107,1.54071636897404,0.123385831151134,NA
"ENSMUSG00000031575",1044.36564448201,-0.00680559653861675,0.139002288699067,-0.0489603200228631,0.960950918027942,0.987216776627126
"ENSMUSG00000031576",0.766842952084081,-1.55391757936938,4.86807177154913,-0.319205971541149,0.74957032901657,NA
"ENSMUSG00000031577",186.436959128088,-0.089197599035976,0.256491822944506,-0.347760010482965,0.728020424277218,0.851822570707731
"ENSMUSG00000031578",1708.6552926588,-0.454256847539166,0.214853769477207,-2.11426054401786,0.0344930203214231,0.134131985002859
"ENSMUSG00000031583",577.136447066095,0.891233378767054,0.294911080009704,3.02204101228658,0.00251076528274682,0.0301761849795416
"ENSMUSG00000031584",879.550932940281,-0.326515198214569,0.142282935795158,-2.2948303420211,0.0217428490580512,0.0999200664522717
"ENSMUSG00000031585",1192.10136651093,-0.716686609990538,0.305094446846571,-2.34906474830383,0.0188206337036196,0.0923552359546495
"ENSMUSG00000031586",8.52400116632972,-0.527314753972675,1.34735543765495,-0.391370190252438,0.695523623371584,NA
"ENSMUSG00000031590",3895.06203366863,-0.783308828177414,0.244866736266494,-3.19891889000766,0.00137943972513331,0.0231482440042245
"ENSMUSG00000031591",450.292383354294,-0.158604897743914,0.338268580814846,-0.468872685018083,0.639160641722908,0.794530048218177
"ENSMUSG00000031592",448.509769416615,0.330484606136637,0.27384042700859,1.2068510473301,0.227489512889338,0.4303796813227
"ENSMUSG00000031594",16.6862582849686,-0.0349638868261204,0.801861317702981,-0.0436034087867941,0.965220534464902,NA
"ENSMUSG00000031595",2.1537083909717,1.37009863890479,1.82942042136966,0.748924972576298,0.453902427709629,NA
"ENSMUSG00000031596",35.188132598183,0.569594296146737,0.593832045684373,0.959184167116305,0.337465975177672,NA
"ENSMUSG00000031600",430.972302987552,-0.289010375395233,0.181831272397081,-1.58944262769111,0.111960497127433,0.277204813174497
"ENSMUSG00000031601",1068.71266343052,-0.332839566044679,0.224842084475907,-1.48032592217114,0.138786288594706,0.316617231192861
"ENSMUSG00000031603",0.0406180793754555,0,7.3561311249555,0,1,NA
"ENSMUSG00000031604",1225.47463448139,-0.0961509213905081,0.259166401317732,-0.371000719621173,0.710636995721613,0.841375817787537
"ENSMUSG00000031605",212.812817948841,0.170336298364156,0.217627306296726,0.782697269302729,0.433804906171899,0.6355948255801
"ENSMUSG00000031608",567.378422511345,0.716291222844726,0.20899480357561,3.42731594561196,0.000609579380035304,0.0153716637031862
"ENSMUSG00000031609",601.5100682531,-0.668864498892081,0.287791458268751,-2.32412908609494,0.0201185765699896,0.0958419900695648
"ENSMUSG00000031610",1.05299121582173,-2.55683462178759,3.81402224300791,-0.670377480486625,0.502617186523111,NA
"ENSMUSG00000031613",24.131420433595,1.15551821494881,2.23323452518989,0.517419107538898,0.604863624114496,NA
"ENSMUSG00000031616",0.941116497762186,-1.04067099910209,3.71919492678342,-0.279810824543721,0.779622646522218,NA
"ENSMUSG00000031617",454.487064713075,-0.192394838755634,0.208779227496395,-0.921522897956676,0.356777492028747,0.566003831074711
"ENSMUSG00000031618",2.80473484099849,4.39815632104106,3.14966081545216,1.3963904619392,0.162596945759154,NA
"ENSMUSG00000031620",0.273265155813971,-1.11177182970423,7.29293231196757,-0.152445104677557,0.878835884384905,NA
"ENSMUSG00000031621",0.0380762098104571,-1.67431590235222,7.3501929692546,-0.227792101425878,0.819807867435575,NA
"ENSMUSG00000031622",3973.80122528722,-0.791396827760821,0.260673600998396,-3.03596844762846,0.00239764453307979,0.0295889091254604
"ENSMUSG00000031626",7.0007021298536,0.13965273559303,1.53786881987039,0.0908092639558161,0.927644148896052,NA
"ENSMUSG00000031627",1370.30599056895,0.490176551841039,0.259118844173748,1.89170553536569,0.058530225415456,0.184434580246026
"ENSMUSG00000031628",879.555583125797,0.282885962190598,0.242574185310087,1.16618329287174,0.24354034595713,0.450107445741306
"ENSMUSG00000031629",205.558907869667,-0.293784221164659,0.480578953341577,-0.611313123726933,0.540992304390298,0.723837158757187
"ENSMUSG00000031631",387.390879624129,0.247312900209787,0.233492139953797,1.05919154391546,0.289512555344472,0.501313809219398
"ENSMUSG00000031633",3928.55325287917,-0.402182422845112,0.191730839297598,-2.09764075679478,0.0359368918916882,0.13747530044479
"ENSMUSG00000031634",1141.15011256566,-0.469193181125597,0.282419927123424,-1.6613317123354,0.096646844299418,0.252480262554588
"ENSMUSG00000031635",0.264276477664705,-2.99279947519862,7.27091387419509,-0.411612560261543,0.680623423945849,NA
"ENSMUSG00000031636",1.15965032823958,-0.672826581485114,3.89190156220476,-0.1728786226299,0.862746835304415,NA
"ENSMUSG00000031637",10.5385016913294,1.35321595453174,1.32995987265997,1.01748630342152,0.308922144673335,NA
"ENSMUSG00000031639",3.63126927506839,-0.124132867142599,1.91683993207018,-0.0647591199795881,0.948365790622909,NA
"ENSMUSG00000031640",0,NA,NA,NA,NA,NA
"ENSMUSG00000031641",256.350899558757,-0.556017024091836,0.323676228180709,-1.71781853495095,0.0858297196555263,0.233790790519393
"ENSMUSG00000031642",74.0363103733983,0.338235787652023,0.375399676821217,0.901001808302321,0.367587358229072,0.576853633290106
"ENSMUSG00000031644",175.810678243153,0.467017557942271,0.380332574806299,1.22791890276588,0.219477412780651,0.421514323943412
"ENSMUSG00000031645",0.192377398371709,-0.123544067413515,7.29388919435693,-0.016938023614219,0.98648605865486,NA
"ENSMUSG00000031647",1.5551540125181,-0.403009585992308,2.73707787594443,-0.147240818222334,0.882941943402347,NA
"ENSMUSG00000031651",9.00411773606179,0.728825975118568,1.00736806192488,0.723495217553284,0.469375691235981,NA
"ENSMUSG00000031652",563.446504056693,-0.0190217291532652,0.171248133490275,-0.111077001340546,0.911555286139484,0.961759419734102
"ENSMUSG00000031654",0.0463864331927929,0,7.3561311249555,0,1,NA
"ENSMUSG00000031657",246.92512415916,0.36134984659337,0.19578098668216,1.84568406113921,0.0649380928502076,0.197259206277301
"ENSMUSG00000031659",1668.24421224197,0.340601419320421,0.21340048129729,1.59606678133929,0.110473884250417,0.274727459079144
"ENSMUSG00000031660",923.415568319576,0.413145798139601,0.218137774891837,1.8939672339853,0.0582293591636526,0.183720783700193
"ENSMUSG00000031661",4.77047882948299,0.194862459897524,1.42905287633962,0.136357767528271,0.891538458402842,NA
"ENSMUSG00000031662",365.324140762329,-0.458246248132223,0.250772595284838,-1.82733782218797,0.0676489917990817,0.201783429068776
"ENSMUSG00000031665",0.573883066659425,-3.14180188649996,5.37656407094492,-0.58435124087488,0.558984024296835,NA
"ENSMUSG00000031666",859.046209227092,0.197753954582313,0.278566279189755,0.709899113264914,0.477766700360197,0.672082515022136
"ENSMUSG00000031667",1123.06834743539,-0.116006382365726,0.187744649260763,-0.617894479669576,0.536644898143288,0.720376874031652
"ENSMUSG00000031668",213.600119424718,-0.15546537321655,0.255524265184795,-0.608417259723326,0.542910767046089,0.725520201737271
"ENSMUSG00000031669",265.802420805993,-0.239468477957678,0.289288523480223,-0.827784231039671,0.407792706631819,0.612339496438634
"ENSMUSG00000031671",351.579170330928,-0.574366401883159,0.224742806784828,-2.55566089122072,0.010598635099037,0.0652757058903305
"ENSMUSG00000031672",856.416048559437,0.361306067564262,0.213563947324034,1.69179335787451,0.09068538048436,0.242342521245715
"ENSMUSG00000031673",3.7392863641765,0.492076643937739,1.5811379732391,0.311216764296463,0.7556358393648,NA
"ENSMUSG00000031681",95.9683299498717,-0.171201365555544,0.378783597697815,-0.4519767133426,0.651285758326048,0.802315075039619
"ENSMUSG00000031682",0.367382864989085,0.707591716997478,7.28080671596305,0.0971858949978846,0.92257876917912,NA
"ENSMUSG00000031683",6510.63727427552,-0.678083002608222,0.228135021852573,-2.97228806476902,0.00295589205373721,0.0325016606798579
"ENSMUSG00000031684",238.636896711098,0.500873605534663,0.370109078089654,1.35331348293308,0.175955503618956,0.366790416126821
"ENSMUSG00000031688",0.163051335634238,-2.54972877598369,7.29485853439783,-0.349524087953292,0.726695890186111,NA
"ENSMUSG00000031691",310.102882643535,0.171580801192334,0.258592923048461,0.6635170025909,0.506999493752985,0.696939229001287
"ENSMUSG00000031696",1531.10672837039,-0.0501620816927723,0.182032144674146,-0.275567163055553,0.782880533507934,0.889317657174194
"ENSMUSG00000031697",2246.17772460333,-0.0740954918625634,0.262548590249255,-0.282216300579712,0.777777660070801,0.885650520654287
"ENSMUSG00000031698",2.04103332230977,-0.460697406518815,2.8890399052763,-0.1594638432226,0.873303442696014,NA
"ENSMUSG00000031700",59.6090903620849,-0.385502444221502,0.82443374511026,-0.467596634062989,0.640073072427822,NA
"ENSMUSG00000031701",2529.85126433785,-0.575547975244224,0.170616682420836,-3.3733393890792,0.00074262356492903,0.017071706835636
"ENSMUSG00000031703",670.200281950486,-0.210186395224444,0.210858801858159,-0.996811104740286,0.318856207064675,0.530254426064233
"ENSMUSG00000031706",309.679446919068,0.330835009086301,0.296889614964414,1.11433675147565,0.265134746065345,0.474792928415929
"ENSMUSG00000031708",5263.24478845424,-0.364791445983208,0.241932652615433,-1.50782228872209,0.131600016030125,0.306374507408806
"ENSMUSG00000031709",1.81925637071643,-1.32367127680086,2.02582304511776,-0.653399259126267,0.51349891632226,NA
"ENSMUSG00000031710",0.111704326274952,-1.11136537613606,7.2941970364641,-0.152362949695529,0.878900677713318,NA
"ENSMUSG00000031711",1088.5550122112,-0.607559501773266,0.195499928839638,-3.10772236787681,0.00188535090297222,0.0261751315672477
"ENSMUSG00000031712",21.4087602301634,-1.00903636477312,0.74108718111913,-1.36156229723115,0.173336060638795,NA
"ENSMUSG00000031714",0.61831051362904,0,7.3561311249555,0,1,NA
"ENSMUSG00000031715",2861.86327152424,0.559778836078167,0.204412169520496,2.73848096906989,0.00617237326739806,0.0473726592476
"ENSMUSG00000031722",85.3031096725363,1.12175613025294,2.09490732657952,0.53546814029454,0.592326182613016,0.760803575250736
"ENSMUSG00000031723",94.5795724767455,-0.471206544925978,0.31863662304471,-1.47882104832582,0.139188148792076,0.317079848332401
"ENSMUSG00000031725",1.40849582065651,-3.19158870378876,4.13785253285929,-0.771315236211026,0.440520103511965,NA
"ENSMUSG00000031727",0.509563612873974,0.703521434526736,7.17711876884905,0.098022821857183,0.921914171412534,NA
"ENSMUSG00000031728",105.492982011247,0.405564833944627,0.395518897062743,1.02539938535551,0.305174778088718,0.516373276516087
"ENSMUSG00000031729",1177.72166966841,-0.197447538021673,0.15547554411307,-1.26995881666173,0.20409930035458,0.401372885085876
"ENSMUSG00000031730",242.499812303032,0.12695492778245,0.309333263473612,0.410414729915654,0.681501742761626,0.825265800220344
"ENSMUSG00000031731",669.352337459921,0.317106004485332,0.312526194829843,1.01465416253502,0.310270711234324,0.521645852228533
"ENSMUSG00000031732",80.9834249026328,0.163100922422981,0.404784162342087,0.402933063090404,0.686997467537464,0.829178262101079
"ENSMUSG00000031734",0.330843598539348,-1.88813071847974,7.34114930674573,-0.25719824506835,0.797025738684782,NA
"ENSMUSG00000031737",0.221214166575641,-3.73661341547422,7.24926453328219,-0.515447242726348,0.606240526897562,NA
"ENSMUSG00000031738",0.0761524196209141,-2.55627499047924,7.29465809108018,-0.350431090609309,0.726015196884991,NA
"ENSMUSG00000031740",0.215910955816657,0,7.3561311249555,0,1,NA
"ENSMUSG00000031748",4.91137453547158,0.355285695520168,1.95025858002774,0.182173635413574,0.855446462658886,NA
"ENSMUSG00000031749",33.2371303423612,1.18612844024867,0.610865130903274,1.94171901495632,0.0521711254780608,NA
"ENSMUSG00000031750",0.198833581609118,-1.02686107900494,7.1915376909663,-0.142787415311032,0.886458076361089,NA
"ENSMUSG00000031751",734.401865334566,-0.206078599371573,0.17149580641231,-1.20165386946034,0.229497660927284,0.432853344450716
"ENSMUSG00000031753",348.152052983626,0.989598005783229,0.355347600674786,2.78487318868634,0.00535486609062057,0.0436379648027901
"ENSMUSG00000031754",2273.50133449848,-0.327630000451741,0.200833416641962,-1.63135202263589,0.102816062176175,0.26197381414783
"ENSMUSG00000031755",39.7960680897715,-0.00545095346304068,0.527939168420035,-0.0103249650510944,0.991762016163408,NA
"ENSMUSG00000031756",538.65193349773,-0.444513649305156,0.403153326163019,-1.10259204242659,0.270204367502308,0.480995889205891
"ENSMUSG00000031757",0.231839935570451,-1.12035335041836,7.29445307518601,-0.153589767302711,0.877933205710104,NA
"ENSMUSG00000031758",112.403441612477,0.123570282631804,0.275097601432523,0.449187059386682,0.653296721762346,0.803627408079191
"ENSMUSG00000031760",349.673768013657,1.30877785890574,2.04393436614964,0.640322840391009,0.521962734614141,0.708152845410484
"ENSMUSG00000031762",393.79205142592,0,2.08137034601484,0,1,1
"ENSMUSG00000031765",2316.66951867569,0.35254232315118,0.894074509116044,0.394309780176747,0.693352343478912,0.833290721841483
"ENSMUSG00000031766",9.85965308088441,1.93134808620876,0.868765110736049,2.22309581996502,0.0262093394599559,NA
"ENSMUSG00000031767",282.135547703431,-0.778195325742532,0.308364625889059,-2.52362061147216,0.0116153207891379,0.0685477289555989
"ENSMUSG00000031770",971.765669837148,0.197603423132276,0.185232184980246,1.06678773536764,0.286067698084081,0.497610612550426
"ENSMUSG00000031772",1.21473641334063,0.288644739089396,3.34458702124768,0.0863020568027315,0.931226303486263,NA
"ENSMUSG00000031774",1023.85992622827,-0.0391684743644033,0.229840040942722,-0.170416234715884,0.864682805430804,0.936289794247289
"ENSMUSG00000031775",1.66421696949804,-0.14199328599953,2.32857713103783,-0.0609785624478089,0.951376281966525,NA
"ENSMUSG00000031776",952.955769767706,-0.109415369261939,0.206081148824509,-0.530933420577511,0.595464917370552,0.763346805356662
"ENSMUSG00000031778",1.09868160096244,0.0739373053553967,4.56954017070289,0.0161804694987556,0.987090416507356,NA
"ENSMUSG00000031779",1.39197183205597,2.51463373066964,4.24686572412143,0.592115196010785,0.553773451810345,NA
"ENSMUSG00000031780",0.503427491817625,-1.65364114339823,7.34966912489702,-0.224995318196913,0.821982916433731,NA
"ENSMUSG00000031781",814.49749873336,-0.028164866362333,0.222248823181954,-0.126726728893743,0.899156689794144,0.955008516368006
"ENSMUSG00000031782",355.234650265938,-0.200444118934883,0.207654610485946,-0.965276515969525,0.334406331037348,0.543149290552774
"ENSMUSG00000031783",2571.65722810993,-0.585289992110339,0.223619955983841,-2.61734239922949,0.00886173998260474,0.0581276043318168
"ENSMUSG00000031785",21.7274274295247,-2.17725320401846,1.44895283255385,-1.50263911640308,0.132932130645281,NA
"ENSMUSG00000031786",0.384143446190347,-2.17161101681878,7.34423000777115,-0.29568940712926,0.767467287537269,NA
"ENSMUSG00000031787",282.800104866374,-0.0953960127112721,0.274663469515209,-0.347319623099678,0.728351210208959,0.851822570707731
"ENSMUSG00000031788",4.49253968658742,0.135757085424036,1.93759235417197,0.070064833364834,0.944142056797512,NA
"ENSMUSG00000031789",3.46460532262755,0.470602187975476,1.59923813018684,0.294266487956047,0.768554278281122,NA
"ENSMUSG00000031790",58.0981345376447,0.421943748854759,0.608007833996628,0.693977487232672,0.48769632735058,NA
"ENSMUSG00000031791",18.4393755817153,-0.892687167014057,0.606757223645596,-1.47124275117897,0.141225479412773,NA
"ENSMUSG00000031792",301.747699553911,-0.711942060896923,0.398046661966223,-1.78858945174959,0.0736809578786994,0.212839353778768
"ENSMUSG00000031796",791.833925343511,-0.232407590282417,0.20730596030282,-1.12108494103561,0.262251708040254,0.471797988534268
"ENSMUSG00000031799",5673.1672573688,-0.116675522008157,0.194836784825753,-0.598837237601222,0.549281427780568,0.730830534544747
"ENSMUSG00000031803",22.6308928244075,0.570725662053725,0.73819415151835,0.7731376100445,0.439440944848174,NA
"ENSMUSG00000031805",330.685416028558,0.0528840023280451,0.218780898625484,0.241721295873154,0.80899612709409,0.904122207594037
"ENSMUSG00000031807",1660.1156671203,-0.643353021800961,0.28063638505662,-2.29247900863305,0.0218780174825173,0.100261568296098
"ENSMUSG00000031808",50.1811955846276,0.513701879780188,0.465190732415314,1.10428227388151,0.26947070974706,NA
"ENSMUSG00000031809",0.11866930706023,-0.612938843397539,7.35211548512644,-0.0833690445474549,0.933558101674561,NA
"ENSMUSG00000031812",10784.3388114264,-0.829127002270652,0.306748133306936,-2.70295696124422,0.0068725644562668,0.0501367525093707
"ENSMUSG00000031813",1337.87831817,-0.576932838929459,0.292454431238267,-1.97272729459662,0.048526640496549,0.165408910795996
"ENSMUSG00000031816",268.917934037729,-0.517314887978674,0.288568548232623,-1.79269324791991,0.0730219867694458,0.211610210376113
"ENSMUSG00000031818",19235.2453972977,-0.633423649082674,0.20956848132724,-3.02251390605626,0.00250684564601953,0.0301761849795416
"ENSMUSG00000031819",1642.19355681244,-0.57453229812516,0.226865621835962,-2.5324784490291,0.0113259331782188,0.0675659924361455
"ENSMUSG00000031820",1227.66161920087,-0.260906454269859,0.210269857682839,-1.240817191513,0.214673288920029,0.415460708650057
"ENSMUSG00000031821",1275.09500388873,-0.841305978883472,0.426308466195172,-1.97346767797548,0.0484423035536921,0.165178396215332
"ENSMUSG00000031822",232.793561605202,0.187660910367746,0.405109987613965,0.463234469910356,0.64319631112603,0.79735986657534
"ENSMUSG00000031823",323.488548730597,-0.02348079479866,0.24376402470548,-0.0963259235116008,0.923261722830594,0.968117336393383
"ENSMUSG00000031824",7.86098730344241,-0.143344085996687,1.58445304678545,-0.0904691283137136,0.927914425365506,NA
"ENSMUSG00000031825",2.73996758618924,-1.47171814118326,2.62641997777987,-0.560351411287739,0.575239766606715,NA
"ENSMUSG00000031826",345.42337328243,0.313264554540943,0.194671841253133,1.60919295016891,0.107574157461541,0.270096659006181
"ENSMUSG00000031827",3159.54132545606,-0.542491839992152,0.290128541175408,-1.86983272240068,0.0615070507677022,0.190953893479502
"ENSMUSG00000031828",84.7137192243811,-0.0724184144151527,0.400791455439084,-0.180688518760499,0.856612071153978,0.932556203012894
"ENSMUSG00000031831",5.29681368815885,-0.294803171928312,2.14177713708612,-0.137644186607291,0.890521632010841,NA
"ENSMUSG00000031832",160.616929871449,0.0177607087953481,0.285753109389286,0.0621540351155108,0.950440166339961,0.982779732250375
"ENSMUSG00000031833",351.611143547292,0.104161424404561,0.182064029792742,0.572114242023183,0.567244581123466,0.74310848761605
"ENSMUSG00000031834",17.153357187736,0.653597453190373,0.839611802393343,0.778451959973967,0.436302617079654,NA
"ENSMUSG00000031835",557.664371783384,-0.0101096619705015,0.203687425917627,-0.0496332158205484,0.960414676845041,0.986912647669318
"ENSMUSG00000031837",0.42157844773233,3.14379844264748,7.26746845058002,0.432585082966073,0.665316228376733,NA
"ENSMUSG00000031839",4323.03488789651,-0.680464168494205,0.213774801249962,-3.18308876684935,0.00145712935141219,0.0237942384229693
"ENSMUSG00000031840",34.499040446923,-0.0949965548596717,0.524541488028019,-0.181103987058879,0.856285955127625,NA
"ENSMUSG00000031841",2.7138643114632,-0.690964772471074,1.90229100461345,-0.363227692711231,0.716434802481459,NA
"ENSMUSG00000031842",13.6453433967903,0.307466409588975,0.732865345409984,0.419540112675093,0.674821445479269,NA
"ENSMUSG00000031843",1206.56993037721,-0.914498019048742,0.327315754701657,-2.7939321768434,0.00520713984336952,0.0430372720332004
"ENSMUSG00000031844",0.282977423753221,-1.09749166518112,7.29504396860858,-0.150443461328507,0.880414754251043,NA
"ENSMUSG00000031845",50.9745655399568,0.961848488009161,0.822033285596188,1.17008459981224,0.241966925271079,NA
"ENSMUSG00000031847",2.6025652515042,-1.37017167666839,1.87446115281679,-0.730968297000662,0.464798517621917,NA
"ENSMUSG00000031848",4664.1644532602,-0.58367595292297,0.218474203332636,-2.67160124179191,0.00754902963401507,0.0525935363964222
"ENSMUSG00000031849",6.33001587565581,-2.26730844545952,1.16377252591966,-1.94824022303483,0.0513862260085823,NA
"ENSMUSG00000031851",342.115159151,-0.392699432035075,0.28625402476165,-1.37185645638365,0.170108128004812,0.358380652413899
"ENSMUSG00000031853",0.416673317470997,1.35737841419546,7.25504114598594,0.187094516334545,0.851586527576666,NA
"ENSMUSG00000031858",393.303006246826,0.532538509998003,0.215048799332987,2.47636123358869,0.013272921006471,0.0742937849088142
"ENSMUSG00000031860",87.2902899378445,-0.0349865942182886,0.378544561515936,-0.0924239779807687,0.926361189286772,0.969362939904036
"ENSMUSG00000031861",16.8231236691544,0.00211742771597206,0.729376947871492,0.00290306366570983,0.997683693575656,NA
"ENSMUSG00000031862",490.326031282946,0.408496536800978,0.239952570931346,1.70240533458529,0.0886794107225129,0.238919589804317
"ENSMUSG00000031864",418.298880039635,-0.0383093758585609,0.209980802187624,-0.182442277862765,0.855235649579912,0.931878791456948
"ENSMUSG00000031865",428.104415698926,-0.00915435063560105,0.17351120943122,-0.0527594192076093,0.957923595222634,0.986464708696295
"ENSMUSG00000031870",0.477894429314633,-0.976695854765216,6.41371413692877,-0.152282411394299,0.87896419679823,NA
"ENSMUSG00000031871",2.13229396362725,3.15335559490466,2.62148046615584,1.2028911279773,0.229018454033477,NA
"ENSMUSG00000031872",6.87129145144527,-0.896931014549302,0.939571207466215,-0.954617390807554,0.339771219290836,NA
"ENSMUSG00000031875",111.122886845084,0.0566091922952647,0.362989887664036,0.155952532616168,0.876070436800287,0.942836828282072
"ENSMUSG00000031876",0,NA,NA,NA,NA,NA
"ENSMUSG00000031877",7.18045124619655,-1.18521264422745,1.68540451051552,-0.70322147403351,0.481917738716462,NA
"ENSMUSG00000031878",1619.05972197586,-0.735498917028024,0.283722293980256,-2.59231978816302,0.00953311118350843,0.0609145468965616
"ENSMUSG00000031879",2124.41529399264,-0.616538647236398,0.204792726691103,-3.01054953072795,0.00260775412344169,0.0306147856415928
"ENSMUSG00000031880",250.146283372889,-0.546807265689731,0.310608468854036,-1.7604390109102,0.0783333998315021,0.221076703059259
"ENSMUSG00000031881",5.2254552626731,1.02701460393855,1.26978819510342,0.80880780582064,0.418625705580522,NA
"ENSMUSG00000031883",40.1460230539518,0.449451437839736,0.427601717395855,1.05109829908296,0.293213445215449,NA
"ENSMUSG00000031884",0.886475171584034,-0.112866638810773,5.29758500943908,-0.0213053001716199,0.98300211587426,NA
"ENSMUSG00000031885",1906.97633230333,-0.532976438089306,0.184469448914864,-2.88923960701636,0.00386174693856991,0.0373151207114013
"ENSMUSG00000031886",0.273302190204961,2.15361494702889,7.28501941202558,0.295622403349243,0.767518462554897,NA
"ENSMUSG00000031887",694.247188261339,-0.701026589263935,0.290268334927663,-2.41509839314246,0.0157309595641023,0.0824062190202179
"ENSMUSG00000031889",167.269660955477,-0.420473112857901,0.310625103547953,-1.35363532456091,0.17585275126572,0.366778120847982
"ENSMUSG00000031891",0.147248521817444,1.16073472038449,7.35569988458678,0.157800717619911,0.874613833163972,NA
"ENSMUSG00000031893",3.00952691349946,-0.606935111890993,2.00119637373542,-0.303286134162882,0.761671812209984,NA
"ENSMUSG00000031896",17.1685122735688,0.245836332179145,0.569740125020563,0.431488535532358,0.666113186815595,NA
"ENSMUSG00000031897",5733.41545697865,-0.854213424885275,0.21604097802534,-3.9539416674233,7.68741588247942e-05,0.00690819145439173
"ENSMUSG00000031898",0.0474375977968173,0,7.3561311249555,0,1,NA
"ENSMUSG00000031901",525.374481723094,-0.176869304735546,0.255208682607458,-0.693037959870638,0.488285729719451,0.680265630366832
"ENSMUSG00000031902",2567.62407129285,0.218763916443476,0.164797574767546,1.32747048463578,0.184353097189684,0.37768504989016
"ENSMUSG00000031903",29.4629480756443,1.04980152042679,0.578908929147082,1.81341393709972,0.0697680015553742,NA
"ENSMUSG00000031904",364.212382376502,0.718158598877059,0.265647443676496,2.70342747868347,0.00686284220075391,0.0501080563038615
"ENSMUSG00000031906",4.7800820531685,0.468806874904161,1.45754583644372,0.321641256955602,0.747724484800866,NA
"ENSMUSG00000031907",52.5642021867093,-0.0784283312759851,0.485930867993813,-0.161398125621819,0.871779842857436,NA
"ENSMUSG00000031910",3.01148713912296,-0.791097233339653,1.82808990003314,-0.432745256852691,0.665199847400406,NA
"ENSMUSG00000031913",645.201524771647,-0.400144634941743,0.169333452821878,-2.36305720029612,0.0181248718511497,0.0900776059570714
"ENSMUSG00000031916",545.901454186384,-0.266154022869715,0.1930152980742,-1.37892708777622,0.167917235442977,0.355659282698484
"ENSMUSG00000031917",2630.55832664923,-0.328474050989687,0.231919134497127,-1.41633010015289,0.156678878928759,0.341590365728006
"ENSMUSG00000031918",305.044453304669,-0.427625704028773,0.212057490225816,-2.01655552734026,0.0437419180229436,0.155203808940621
"ENSMUSG00000031919",2.41460638094812,0.350192242138122,1.7894992028343,0.195692874064135,0.844850562247851,NA
"ENSMUSG00000031921",347.324373613194,0.0146209292296348,0.284073331352159,0.0514688554537687,0.958951918693467,0.98665750091066
"ENSMUSG00000031922",1611.92802096259,0.633411691766958,0.203283997367657,3.11589549580421,0.00183387249940422,0.0260056804423214
"ENSMUSG00000031924",2762.2044559895,-0.721531622344153,0.239117889311717,-3.01747236236079,0.00254892282744286,0.0303321023526459
"ENSMUSG00000031925",265.69481153425,0.00210368562285632,0.182997457629042,0.0114957095585489,0.990827952844589,1
"ENSMUSG00000031927",1.38612152034789,1.05446512491509,3.90448711190511,0.27006495211623,0.78711028473434,NA
"ENSMUSG00000031928",377.843330658865,0.700841170931835,0.293108140737537,2.39106689144947,0.0167994918215545,0.0857763309173898
"ENSMUSG00000031930",497.434282928954,0.570333733714744,0.209371256577486,2.72403071480669,0.00644905085954624,0.048577852820009
"ENSMUSG00000031931",433.648969022513,0.0476413626505328,0.228497872277045,0.208498058103445,0.834840098732161,0.919384400174623
"ENSMUSG00000031932",19.275225497066,1.10022028502146,0.80143241700395,1.3728172977261,0.169809151877542,NA
"ENSMUSG00000031933",132.336102313728,0.933656464120993,0.455145152003452,2.051337820498,0.0402340597802151,0.147083604353335
"ENSMUSG00000031934",858.76956268809,-0.336319943564191,0.212203875251953,-1.58489067725494,0.112991175063305,0.278602585557687
"ENSMUSG00000031935",414.858508508708,0.250979327067242,0.194024528576682,1.29354432095966,0.195822865487232,0.391591644588669
"ENSMUSG00000031936",0.405021003780633,-2.55501932582308,7.29469647425341,-0.350257112799828,0.726145748140323,NA
"ENSMUSG00000031937",0.455491419391124,1.76941323068315,7.24310050442806,0.244289476530309,0.807006633138708,NA
"ENSMUSG00000031938",218.842412853679,0.735187415449033,0.355012063532432,2.07088009385876,0.0383700028656444,0.142750274116257
"ENSMUSG00000031939",2919.06113967208,0.0564449522107472,0.194851874868626,0.289681339986099,0.772060033059496,0.881577154533108
"ENSMUSG00000031948",1874.27708230905,-0.0550043946872663,0.162633759043323,-0.33821019086581,0.735204796704265,0.856309581173755
"ENSMUSG00000031949",79.5987540082894,-0.00814678463218433,0.39403823550208,-0.0206751119515185,0.983504822561507,0.997643408395386
"ENSMUSG00000031950",7824.77126734559,-0.941782448011161,0.26806054348944,-3.51331992299815,0.00044254427614178,0.0132965050749589
"ENSMUSG00000031951",26.301743254817,0.0629818414182692,0.524386804103656,0.120105694737924,0.904399421301593,NA
"ENSMUSG00000031952",0.044481691519064,0,7.3561311249555,0,1,NA
"ENSMUSG00000031953",48.6935294657805,-0.151156243542386,0.415635751827034,-0.363674787065213,0.716100872981307,NA
"ENSMUSG00000031954",2308.87727065671,-0.633201361782515,0.214169746607316,-2.95653971587079,0.00311112161662839,0.0333522270108874
"ENSMUSG00000031955",10.1551963047575,0.231110465176886,1.01875369353711,0.226856075853301,0.82053565797726,NA
"ENSMUSG00000031957",0.168917522127271,-0.22532025596066,7.34973026298971,-0.0306569422139588,0.975543130143186,NA
"ENSMUSG00000031958",6.20275325659941,0.440753389098164,1.08217381389087,0.407285210047239,0.68379852416865,NA
"ENSMUSG00000031959",186.248586388849,0.548472542005005,0.24521498882733,2.23670071975582,0.0253059069382154,0.109792939477813
"ENSMUSG00000031960",778.822744397306,-0.0221540128853501,0.172865385907612,-0.128157599446718,0.898024254039274,0.955008516368006
"ENSMUSG00000031962",4.80291348094249,-3.27956957290086,2.08844502656817,-1.57034038779082,0.116335942898076,NA
"ENSMUSG00000031963",0.347116251532676,1.10031575959979,7.18402673577539,0.153161423261467,0.87827097845286,NA
"ENSMUSG00000031965",3.52238610251944,-0.747249365432374,1.53127102510714,-0.487992885113261,0.625554880676366,NA
"ENSMUSG00000031966",0.284619708807031,0,7.35613112495549,0,1,NA
"ENSMUSG00000031967",469.716785771647,0.820659907901757,0.373630023844369,2.19645064777661,0.0280597039011634,0.117281257109091
"ENSMUSG00000031969",198.71428667361,0.0954103963211059,0.293358589260509,0.325234712103076,0.745003439040988,0.863246863781523
"ENSMUSG00000031970",0.321584758831381,-1.724408734916,7.35146173063265,-0.234566783872464,0.814544992915555,NA
"ENSMUSG00000031971",182.962575409784,-0.351114142093367,0.246464750927219,-1.42460185796326,0.154272322665852,0.33831329697265
"ENSMUSG00000031972",6.43151747177479,-0.442559531566775,1.18755447455809,-0.372664615432871,0.709398075131215,NA
"ENSMUSG00000031974",65.8021562266089,0.274057295338069,0.431303521735771,0.635416317110354,0.525156928829227,0.711022632718382
"ENSMUSG00000031976",147.300584613221,-0.147856803189251,0.268676137599756,-0.550316096212131,0.582102585918342,0.753582271930628
"ENSMUSG00000031979",279.036949699202,0.331453817799229,0.185400130399103,1.78777553762084,0.0738122290585016,0.213031791019938
"ENSMUSG00000031980",0.403500927423591,1.35372015162028,7.25510360139584,0.186588672746152,0.851983148612058,NA
"ENSMUSG00000031981",0.377443085389806,-1.22573819175194,7.33888265937042,-0.167019728839361,0.867354525595721,NA
"ENSMUSG00000031982",157.441404301876,-0.308918633476018,0.267999094826609,-1.15268536140349,0.249039552025366,0.456641805188415
"ENSMUSG00000031983",58.2188231393539,0.0167509009217477,0.422084265787002,0.0396861534047345,0.96834334096306,NA
"ENSMUSG00000031984",775.172997705364,-0.0476871775295343,0.149453117507341,-0.319077837417422,0.74966748914501,0.866068653914792
"ENSMUSG00000031985",563.433018005733,0.292050944871202,0.209147552372909,1.39638710354342,0.162597956538079,0.349474505117044
"ENSMUSG00000031986",156.602576292093,0.289744482969119,0.279957352162958,1.03495936338355,0.300687889316842,0.511847733063024
"ENSMUSG00000031987",655.936157594551,-0.513088240745074,0.193508994455141,-2.65149556582506,0.00801361652414182,0.054596659741438
"ENSMUSG00000031988",503.008942563612,-0.155368718985052,0.197810616390213,-0.785441761520843,0.432194603594664,0.634777865173526
"ENSMUSG00000031990",8.9142440721236,1.45745328741507,1.1016845723966,1.32293155766404,0.185858139570028,NA
"ENSMUSG00000031991",3.244302879261,-0.640530276433655,1.52701956284799,-0.419464355282408,0.674876799739095,NA
"ENSMUSG00000031993",169.084475947627,0.29229912315972,0.30111520235138,0.970721906025284,0.331686780228938,0.540686646201031
"ENSMUSG00000031994",1.01960251889958,1.46476336378833,3.21788763760375,0.455194067894517,0.648969627825174,NA
"ENSMUSG00000031995",65.5157425693092,0.105521888880903,0.488435847637293,0.216040426580774,0.82895623571098,0.916138671453452
"ENSMUSG00000031996",644.228244076573,0.477879618399033,0.243448930007599,1.96295633085805,0.0496512484369714,0.167681103792095
"ENSMUSG00000031997",3.71670959404544,0.151889155168494,1.41373632957135,0.107438107086452,0.91444142436613,NA
"ENSMUSG00000031998",7.68622609169344,-0.156429108820403,1.045183260187,-0.149666680264679,0.881027597321209,NA
"ENSMUSG00000032000",520.770570318497,0.24714824596974,0.263500323968926,0.937942854289945,0.348273778462814,0.557159135799468
"ENSMUSG00000032002",2760.97763810608,-0.431860841910912,0.163073720583636,-2.64825528212206,0.00809084031397982,0.0549299151811061
"ENSMUSG00000032006",0.266749405070858,0.878885008831167,7.34919363891011,0.119589311700529,0.904808486983668,NA
"ENSMUSG00000032009",667.21773119996,0.335901350661155,0.167403600935314,2.00653599315914,0.0447990925648166,0.1575378975465
"ENSMUSG00000032010",29.2197120287614,-0.534793496148948,0.601794449692998,-0.888664720024869,0.37418329705889,NA
"ENSMUSG00000032011",5088.72455450712,0.459741443067759,0.272802578914287,1.68525328791781,0.0919397139175404,0.244636358566591
"ENSMUSG00000032012",2.24575706825002,-2.14231068860258,2.60697164206308,-0.821762175712512,0.411212264837887,NA
"ENSMUSG00000032013",0.358056402102038,0.405256340348072,7.20246146902342,0.0562663670039765,0.955129611614047,NA
"ENSMUSG00000032014",5.72779492013943,2.92415545278062,1.96438231373108,1.48858775216041,0.136595958783683,NA
"ENSMUSG00000032015",0.264896181598781,-3.38531141432664,7.25697677051588,-0.466490595378602,0.640864377756592,NA
"ENSMUSG00000032017",3.99493589103565,0.308742536919963,1.24605989223693,0.247775037815966,0.804308469723901,NA
"ENSMUSG00000032018",631.962181353911,0.184729860489113,0.312290900430259,0.59153135821313,0.554164450591593,0.733322034015783
"ENSMUSG00000032020",599.163543845752,0.938257330346587,0.361134663991154,2.59808161303942,0.00937462098305076,0.0603308127717817
"ENSMUSG00000032021",386.67008028605,0.0758417479136073,0.220060328635553,0.34464071004461,0.730364496549231,0.853185186526725
"ENSMUSG00000032023",1.18106442704346,-3.79880915391169,5.01817918858562,-0.757009467209239,0.449044190610664,NA
"ENSMUSG00000032024",3.24741864797545,-2.35810967612131,2.53785236074889,-0.929175279300116,0.352798256530927,NA
"ENSMUSG00000032026",4236.96207573623,-0.150295935876784,0.207389525736278,-0.724703599871792,0.46863388619635,0.66529455192459
"ENSMUSG00000032028",7.73824820423473,-1.37053476754568,1.80804103154646,-0.758021938458682,0.448437849320822,NA
"ENSMUSG00000032030",583.19035888888,0.170779618861381,0.298648121501056,0.571842267090159,0.567428839499002,0.743136906428001
"ENSMUSG00000032033",0.0710374986746129,2.16226366003378,7.28481246100722,0.296818026765623,0.766605441993722,NA
"ENSMUSG00000032034",5.1959944022216,0.798894578509054,1.14063302551077,0.700395798334274,0.483680159517629,NA
"ENSMUSG00000032035",4577.63284385874,-0.182493091713302,0.14057324715791,-1.29820641838274,0.194216413177445,0.390584613294851
"ENSMUSG00000032036",2.31241169221545,-1.61120628055787,1.78721936007568,-0.901515682154231,0.367314199570474,NA
"ENSMUSG00000032038",845.607195948447,0.597427335828265,0.381241800380137,1.56705622319632,0.117101550451774,0.28525320253529
"ENSMUSG00000032040",1355.32897449313,-0.414141289563802,0.261196431319839,-1.58555493071297,0.112840306834852,0.278506953701553
"ENSMUSG00000032041",107.317888731427,0.197570155972397,0.36232791007305,0.5452799811435,0.585560970261774,0.755648850004913
"ENSMUSG00000032042",756.344342258701,0.941733817936247,0.341780756149809,2.75537402557406,0.00586250753033269,0.0461603201533699
"ENSMUSG00000032044",257.414447775439,-0.153844453381886,0.204165254751731,-0.75352906433058,0.451132052776795,0.651203320925615
"ENSMUSG00000032046",295.754415272979,0.139228583183031,0.275068774703487,0.506159171767546,0.612744914185979,0.776237790174087
"ENSMUSG00000032047",1170.24579174942,-0.100900349265813,0.170445078244796,-0.591981594921142,0.553862913135674,0.733021140225752
"ENSMUSG00000032050",2197.58974633928,0.142298336896391,0.1431010388307,0.994390663122586,0.320032711966169,0.530907800457418
"ENSMUSG00000032051",652.695691551905,-0.445274758707759,0.246269508726258,-1.80807912847508,0.0705941860750964,0.206823808343903
"ENSMUSG00000032053",68.281797566754,-0.292715440656398,0.537246861335032,-0.544843463448097,0.585861183019276,0.75582072290345
"ENSMUSG00000032056",0.256764585342688,0.48886498498712,7.33936218162343,0.0666086470308221,0.946893261701188,NA
"ENSMUSG00000032057",0.0425774740632087,0,7.3561311249555,0,1,NA
"ENSMUSG00000032058",456.519299467317,0.498932688902667,0.175330018511395,2.8456775008567,0.00443170525748748,0.0398149985459156
"ENSMUSG00000032059",133.189119106649,-0.0497261042967849,0.378352462856347,-0.131427991564746,0.89543674664617,0.953475793390356
"ENSMUSG00000032060",1.4784191306005,-4.27257496183091,3.09138529521478,-1.38209073079455,0.166943844203685,NA
"ENSMUSG00000032062",0.180165986186499,0.0215446469209427,7.19628884620243,0.00299385521918177,0.997611252711794,NA
"ENSMUSG00000032064",18.0016655293793,0.584822517229425,1.17216262923668,0.498926089812527,0.617831453440541,NA
"ENSMUSG00000032065",0.43085604356877,1.03890237722162,7.35325378595548,0.141284716597963,0.887645022889319,NA
"ENSMUSG00000032066",12.1420684689309,1.24061591252088,1.24401041665949,0.997271321772588,0.318632829993772,NA
"ENSMUSG00000032067",2632.02704478229,-0.75571143386002,0.29200809735758,-2.58798108921826,0.00965402805262633,0.0614868400929914
"ENSMUSG00000032068",11.715222262982,-2.39934421344863,1.21899412689733,-1.96829841957943,0.0490337116966654,NA
"ENSMUSG00000032076",10.0552742569422,0.476045419882198,0.862868881553525,0.551700762490261,0.581153387477192,NA
"ENSMUSG00000032077",218.427546846945,0.0553170008204009,0.263896859634672,0.209615987461842,0.833967400660801,0.919037653905465
"ENSMUSG00000032078",750.593307308174,-0.370788237358493,0.187781132793384,-1.97457663527076,0.0483162127215095,0.164912399714115
"ENSMUSG00000032079",0.515659285447125,2.15724758331161,7.22799785873507,0.29845714200158,0.765354282038128,NA
"ENSMUSG00000032080",0.081236158750911,0,7.3561311249555,0,1,NA
"ENSMUSG00000032081",0.0355187493373064,1.16171280725677,7.35565536667627,0.157934643392857,0.874508299155349,NA
"ENSMUSG00000032083",0.908216509516754,-0.966394526594536,4.43927307579897,-0.217692065816565,0.827669045997018,NA
"ENSMUSG00000032085",24.4587166299065,-0.215280520878756,0.568688076527094,-0.378556417418573,0.705017291298035,NA
"ENSMUSG00000032086",113.839420251119,0.508683668682461,0.463826781635776,1.09671042902803,0.272767996009589,0.483432245961171
"ENSMUSG00000032087",0.69230544684201,0.179999162252608,5.27828413484343,0.0341018326513313,0.972795947092087,NA
"ENSMUSG00000032089",466.805396330714,-0.242126068257234,0.271417139968107,-0.892080980168331,0.372349528689307,0.58138951157088
"ENSMUSG00000032091",0.981957033341336,-2.8983537725657,5.40529595907508,-0.53620630479994,0.591815976609083,NA
"ENSMUSG00000032092",26.6274839759994,1.44973863648268,0.686135521377572,2.11290421689873,0.0346089668763247,NA
"ENSMUSG00000032093",9900.73646082006,-0.404644099634523,0.31486946848973,-1.28511697744273,0.198751409705548,0.395135226760631
"ENSMUSG00000032094",27891.6582407589,-0.326213435876247,0.17119693663076,-1.905486408205,0.0567168725738545,0.180737035909913
"ENSMUSG00000032096",4631.98259197272,0.322815237856778,0.212901471443045,1.51626588425499,0.129452134465747,0.303734713789201
"ENSMUSG00000032097",1343.05761696811,0.341811060107429,0.181274227491656,1.88560207833826,0.0593485971251095,0.186537641520416
"ENSMUSG00000032098",0.081236158750911,0,7.3561311249555,0,1,NA
"ENSMUSG00000032099",0.625079176541052,-1.11958588221047,5.21204639939379,-0.214807351358324,0.82991752113285,NA
"ENSMUSG00000032101",15.0931148635391,1.14076614593608,1.15156816610148,0.990619730135501,0.321871299814745,NA
"ENSMUSG00000032103",472.777450797733,-0.930607049007234,0.321998709826351,-2.89009558301987,0.00385124707977089,0.0372865596312784
"ENSMUSG00000032105",0.581765963744412,-2.46391002685366,6.10378848055,-0.403668972918216,0.686456158490231,NA
"ENSMUSG00000032108",0.0425774740632087,0,7.3561311249555,0,1,NA
"ENSMUSG00000032109",39.5035897793082,0.959188972229197,0.539346319277432,1.7784286977507,0.0753334728804448,NA
"ENSMUSG00000032110",18.271829252671,0.306722340092313,0.693280885621652,0.442421457815443,0.658184254299017,NA
"ENSMUSG00000032112",3154.26359106827,-0.541061620167423,0.179925537682349,-3.00714188289738,0.00263716644968809,0.0307860223914196
"ENSMUSG00000032113",365.049259069767,-0.0712030097043004,0.33332906005219,-0.213611767582317,0.830849822001857,0.916623938670575
"ENSMUSG00000032114",223.092445308162,0.217260053020344,0.205125650932028,1.05915594677302,0.289528764066629,0.501313809219398
"ENSMUSG00000032115",108.626350836764,0.272605210815762,0.352217962349548,0.773967372354574,0.438950086203371,0.640351476109847
"ENSMUSG00000032116",1495.17217654239,0.403440062555551,0.198671673977472,2.03068738727846,0.0422867166106645,0.152278394789223
"ENSMUSG00000032118",0.540813450891865,-2.15090005182472,7.21724108212888,-0.2980224752573,0.765686009847324,NA
"ENSMUSG00000032119",212.768647191213,0.528899256600964,0.36829330892771,1.43608163325275,0.150979113722111,0.334250512686017
"ENSMUSG00000032120",111.252885493734,0.538253977436991,0.355402015949646,1.51449331540441,0.12990076794629,0.304281775153811
"ENSMUSG00000032121",146.455855102726,-0.0416853059679867,0.29658591754895,-0.140550523478941,0.888225036654579,0.950227758369103
"ENSMUSG00000032122",34.1822119759372,1.69446156413358,0.668417761279765,2.53503372036274,0.0112436502323069,NA
"ENSMUSG00000032123",378.788227701197,0.645100120221178,0.259385871370734,2.48702875300078,0.012881498747882,0.0730542829161296
"ENSMUSG00000032125",0.981963024518608,-3.66954271605704,6.10710345863679,-0.600864671920286,0.547930125114271,NA
"ENSMUSG00000032126",1125.31737236116,-0.464808722415323,0.260973520336294,-1.78105702761094,0.0749031349297167,0.214738250806337
"ENSMUSG00000032127",224.04859367207,-0.0454019376565504,0.211676042667457,-0.214487842291519,0.830166646810689,0.916212779772523
"ENSMUSG00000032128",1.90712425375924,2.18156612778323,3.45936034245925,0.630627026912254,0.528284422915006,NA
"ENSMUSG00000032131",1.57203006040517,1.30818771492818,2.52480122617033,0.518134933304221,0.604364128457615,NA
"ENSMUSG00000032135",5.11569762687922,1.80602574293744,1.33923603749675,1.34854924178504,0.177481793572578,NA
"ENSMUSG00000032171",2346.46903591567,-0.683010507226513,0.297197256140332,-2.29817231860312,0.0215519835262383,0.099533128791243
"ENSMUSG00000032172",1.42774109028828,1.12321521521345,3.65417371137843,0.307378713747505,0.758555128426933,NA
"ENSMUSG00000032174",1.96625683030558,-1.45321954547824,2.68063174643842,-0.542118307525469,0.587737007599116,NA
"ENSMUSG00000032175",1087.59580877853,0.58672000445187,0.286372016590368,2.04880355084109,0.0404813284227142,0.147605286410376
"ENSMUSG00000032177",57.0022426908422,0.200060604892468,0.559442659839525,0.357606988623024,0.720637447573737,NA
"ENSMUSG00000032178",506.312442043304,0.118390000234277,0.206701513578185,0.57275826473083,0.566808381064282,0.742893244075899
"ENSMUSG00000032179",0.589099189629556,-2.24776598116143,7.24531253908949,-0.310237269825754,0.756380530511347,NA
"ENSMUSG00000032180",203.356188949542,-0.504810283537456,0.387273494530938,-1.30349814967037,0.192404747672875,0.388255387838745
"ENSMUSG00000032181",0.353177829870006,-2.33159402983694,7.26342249167199,-0.321004875113663,0.748206696457558,NA
"ENSMUSG00000032182",230.816887383632,0.106964262643822,0.272350559225587,0.39274478799665,0.694507987204263,0.83378365485792
"ENSMUSG00000032184",261.54973426931,-1.26745470750358,0.453356516935683,-2.79571299883486,0.00517853651097712,0.0429611988173134
"ENSMUSG00000032185",49.0499274723111,-0.523838291603986,0.712344891233437,-0.735371725200346,0.462113136896781,NA
"ENSMUSG00000032186",4.01033760618142,-1.33404256080498,1.44065071642197,-0.925999998194035,0.354445981188335,NA
"ENSMUSG00000032187",1229.15455937063,0.193208242340496,0.241856139979565,0.798856056980074,0.4243738816477,0.627492665629392
"ENSMUSG00000032191",0.044481691519064,0,7.3561311249555,0,1,NA
"ENSMUSG00000032192",29.3579235813088,0.198927619074236,0.684169869605107,0.290757643549919,0.77123668193461,NA
"ENSMUSG00000032193",295.398364986359,0.562204708993732,0.380505827027111,1.47751931523949,0.139536484602441,0.31766885082799
"ENSMUSG00000032194",4.32417467670795,0.865766256686381,1.43632972317709,0.602762891219258,0.546666436553715,NA
"ENSMUSG00000032198",7.68161835104053,0.676428008789688,1.47245780154459,0.45938702493214,0.645956264110451,NA
"ENSMUSG00000032199",1286.53572638841,-0.327333007201048,0.133742911266604,-2.44747930264909,0.014385938744085,0.0780392314781036
"ENSMUSG00000032202",548.980487766353,0.0985433575074766,0.340699905125953,0.289237995153084,0.772399257875496,0.881790468720279
"ENSMUSG00000032204",23.3934607146211,1.31000927673997,0.946977592132191,1.38335826277619,0.166555041448628,NA
"ENSMUSG00000032207",1.4006940064532,-0.359601613018272,3.05926797097829,-0.117544986718924,0.90642819685898,NA
"ENSMUSG00000032212",1841.1844720042,0.414929009703967,0.174958833200563,2.37158080054361,0.0177121734532119,0.0885608672660594
"ENSMUSG00000032215",1522.94423894304,-0.773148948940333,0.252868361384014,-3.05751555753629,0.00223180055993148,0.0285023225172646
"ENSMUSG00000032216",836.285991204093,0.820557713505725,0.25141858373023,3.26371146210169,0.00109963090353352,0.0205091537385451
"ENSMUSG00000032217",643.03471279912,0.361207784505266,0.192538038966397,1.87603336174161,0.0606506989787355,0.189069755481335
"ENSMUSG00000032218",6042.19331843909,-0.0572772635955261,0.653386004278867,-0.0876622137915889,0.930145152987252,0.971932858063318
"ENSMUSG00000032220",32.9668122460468,2.2324113590264,1.58404961408607,1.40930646311505,0.158744568547952,NA
"ENSMUSG00000032221",1165.13422820479,-0.69212992651265,0.212237273250785,-3.2611139217512,0.00110975444276763,0.0205429263422436
"ENSMUSG00000032224",22.7092207460891,0.516627699676943,0.800297528265602,0.645544539912017,0.518574364398096,NA
"ENSMUSG00000032226",0.984917890593892,-1.1175484891566,2.92508712663611,-0.382056479268636,0.702419472021728,NA
"ENSMUSG00000032228",650.914472217887,0.292992917014446,0.177696820605956,1.64883601189557,0.0991812350878592,0.256681083427696
"ENSMUSG00000032231",14829.5321381435,0.349243306557753,0.34107956465246,1.02393500740395,0.305865973822297,0.516835068586906
"ENSMUSG00000032232",1.26848572978032,2.14225874983202,5.16711327093365,0.414594888384349,0.678438490778084,NA
"ENSMUSG00000032235",155.344931213373,0.05411742076239,0.277825487093668,0.194789259000361,0.845557931304112,0.92595812854165
"ENSMUSG00000032238",1292.45116854539,0.601378411175104,0.222764879568895,2.69961051463282,0.00694206947889593,0.050400832973951
"ENSMUSG00000032239",1825.9379342575,-0.297617523434445,0.166432018819545,-1.78822275632634,0.0737400762695125,0.212885705001207
"ENSMUSG00000032243",0.910964485308528,-0.205830754054505,3.52650532503684,-0.0583667781792885,0.953456476813807,NA
"ENSMUSG00000032244",353.429598445184,-0.502897486695097,0.217958972827964,-2.3073034350003,0.0210379101687658,0.0980479688912069
"ENSMUSG00000032245",119.343145402237,-0.146931711889204,0.31000839889331,-0.473960423052187,0.635528129931677,0.792206250236396
"ENSMUSG00000032246",2.54178669763037,-0.552551177962206,2.34943838291621,-0.235184366604397,0.814065639376375,NA
"ENSMUSG00000032249",2088.19710791052,-0.302001745505746,0.28039009147448,-1.07707709611854,0.281445824422113,0.492492826059937
"ENSMUSG00000032251",85.2751012696437,0.748386712171066,0.513669724285057,1.4569414485401,0.145132543350803,0.324651548092938
"ENSMUSG00000032252",86.3023225034395,0.538879824509741,0.350468437776377,1.53759872908608,0.124146758412097,0.295313566778795
"ENSMUSG00000032253",1361.3562609454,0.685597272937248,0.260634662685751,2.63049153122,0.00852614938769023,0.0568100679436764
"ENSMUSG00000032254",1105.8639965169,-0.221487209813166,0.273583874861113,-0.809576989600011,0.41818333745597,0.622739121836737
"ENSMUSG00000032257",0.19555525259005,-0.228500438604966,7.34978491463666,-0.0310894048273332,0.975198239309548,NA
"ENSMUSG00000032258",75.5709129059073,1.05274845715855,0.54810704818436,1.92069863112661,0.0547697122945878,0.177306986762197
"ENSMUSG00000032259",0.188070315194882,-1.11049524162544,7.29413396949387,-0.152244974697455,0.878993722701458,NA
"ENSMUSG00000032261",7.69072711311628,1.33476167129879,1.13480057568673,1.17620813726768,0.239511713596471,NA
"ENSMUSG00000032262",1.93077122017807,-2.54028489647007,2.49450197245153,-1.01835353289921,0.308509976361206,NA
"ENSMUSG00000032263",70.4835387561743,0.162920211046303,0.432972727135784,0.376282848400309,0.706706628940438,0.839624936594847
"ENSMUSG00000032264",584.325065807769,0.643447014698222,0.265654516529157,2.42211961273995,0.0154302706963947,0.0813917960692965
"ENSMUSG00000032265",553.435948222486,0.124730588539485,0.236473607916478,0.527460927409453,0.597873542958476,0.765648675195106
"ENSMUSG00000032267",279.922817851457,0.637932284678607,0.411408722071614,1.55060466746148,0.120996452927032,0.290260889996103
"ENSMUSG00000032268",0.705782070849665,3.13015285148705,5.07150419364213,0.617204034931323,0.53710015465888,NA
"ENSMUSG00000032269",0.121854238126367,0,7.3561311249555,0,1,NA
"ENSMUSG00000032271",0,NA,NA,NA,NA,NA
"ENSMUSG00000032274",1.78633943128115,0.973034170754011,2.12910404288799,0.457015792161173,0.647659694634934,NA
"ENSMUSG00000032278",17.2494381532555,1.93180238414345,1.59896324140052,1.2081593460844,0.226985975891203,NA
"ENSMUSG00000032279",3354.83690749107,-0.572072430947673,0.304196480253688,-1.88060174289521,0.0600261144842395,0.187859938143413
"ENSMUSG00000032280",548.958743648646,0.152900088182697,0.292531326675873,0.522679365386777,0.601197400119803,0.768006758876228
"ENSMUSG00000032281",447.324865935948,0.081898377531466,0.232986911268935,0.351514928823326,0.725202074608796,0.850572200700991
"ENSMUSG00000032285",111.852043590552,-0.457938861487842,0.586107373618347,-0.781322471104136,0.434612856945484,0.635995276225923
"ENSMUSG00000032288",1386.74290302847,-0.443765290157765,0.183124225882531,-2.42330193080203,0.0153801377984111,0.0812140289194944
"ENSMUSG00000032289",75.8557530540087,0.808740697309726,0.420017060643873,1.92549487411286,0.0541674766210883,0.176036053634776
"ENSMUSG00000032290",208.750578750811,0.127450457318779,0.218444138221743,0.583446451602212,0.559592795048176,0.737543303873496
"ENSMUSG00000032291",0.292856218346078,0,7.3561311249555,0,1,NA
"ENSMUSG00000032292",3.18245639748368,3.80911155783964,2.28156901560391,1.6695140632559,0.09501554566571,NA
"ENSMUSG00000032293",732.998592775181,0.521494886946793,0.247229304030082,2.109357096614,0.0349137698258118,0.135368576473733
"ENSMUSG00000032294",6190.84113841934,-0.110428237924444,0.213148355126777,-0.518081586220842,0.604401347103514,0.770307802490747
"ENSMUSG00000032295",225.790228492943,0.125883501305275,0.257615829139708,0.48864816158873,0.625090809743316,0.784634582776197
"ENSMUSG00000032297",0.608367999005547,3.21061134144836,7.23400544438746,0.443822079777301,0.657171223602782,NA
"ENSMUSG00000032298",95.540326906767,0.482661620815334,0.352618190196287,1.36879388027787,0.171063714384631,0.359473813072295
"ENSMUSG00000032299",3371.72343706615,-0.528632042453136,0.278761550268775,-1.89635924302847,0.0579125573735279,0.183013308707584
"ENSMUSG00000032300",451.884273973378,-0.466662098944177,0.267817189993364,-1.74246507087816,0.0814270982839109,0.226479140837496
"ENSMUSG00000032301",6351.99342694841,-0.791172106519382,0.283154638481741,-2.79413436686611,0.00520388512529612,0.0430372720332004
"ENSMUSG00000032303",0.921586314159006,-1.0858341107913,3.81585609451053,-0.284558453960929,0.775982444717142,NA
"ENSMUSG00000032305",199.705474143476,0.147826716836439,0.225808768108674,0.654654458613825,0.512690252861097,0.70134834618488
"ENSMUSG00000032306",134.992259502689,-0.0130666179165624,0.369529587970453,-0.0353601398695229,0.971792568596972,0.992159393628493
"ENSMUSG00000032307",330.713709547948,-0.686190256014814,0.232250204424967,-2.95453025634042,0.00313145446035641,0.0334293391903203
"ENSMUSG00000032308",234.336122511111,0.33075520262519,0.21655601805965,1.52734246588374,0.126675874968581,0.299419140544275
"ENSMUSG00000032309",570.86025566041,0.00723121050678167,0.177801759459375,0.0406700728315003,0.967558920268192,0.990077559069628
"ENSMUSG00000032310",0.162564147600794,-1.67150909207322,7.35011998273812,-0.22741249068026,0.820103008555078,NA
"ENSMUSG00000032311",30.0696599534973,-0.206830214629383,0.584055198656926,-0.354127854875709,0.723243067794787,NA
"ENSMUSG00000032312",1279.15771520335,-0.165255371278907,0.198916155149442,-0.830779034285846,0.406098468681634,0.611095046874403
"ENSMUSG00000032313",4.75726961951219,1.56329709833249,1.25760271647648,1.24307706865686,0.213839435063118,NA
"ENSMUSG00000032314",2663.85019597346,-0.53495746317956,0.22267156803631,-2.40245069407482,0.0162856298396631,0.0842781223130501
"ENSMUSG00000032315",0.121521705817997,0,7.3561311249555,0,1,NA
"ENSMUSG00000032316",1396.39272461923,-0.0823128548685343,0.323777289515201,-0.254226771098687,0.79932036952331,0.898757209903927
"ENSMUSG00000032318",0.366801317676883,-2.60127724143251,7.28379627537231,-0.357132070020663,0.720992937024634,NA
"ENSMUSG00000032320",484.748182813348,-0.0541604389220902,0.207227522892924,-0.261357362989255,0.793816933989378,0.895212816081506
"ENSMUSG00000032322",964.964734592121,-0.0214488513084922,0.191354842354339,-0.112089409625571,0.910752514401905,0.961220222599063
"ENSMUSG00000032323",7.50576383980005,0.42257684907544,1.92786412659213,0.219194311075452,0.826498686840905,NA
"ENSMUSG00000032324",654.054839360089,0.000990518699636579,0.220511773027966,0.00449190846382138,0.996415987640762,1
"ENSMUSG00000032327",1.93626612076184,-2.28352864101633,3.85083696078053,-0.59299540964037,0.553184224301564,NA
"ENSMUSG00000032328",2363.42063399309,0.140386483576101,0.192377375910755,0.729745287934622,0.465545893053552,0.663005496734529
"ENSMUSG00000032329",416.524500173605,0.264811233843299,0.279320650598747,0.948054622082734,0.343101647722868,0.551562821229558
"ENSMUSG00000032330",11965.2842724118,-0.835227813628877,0.240521126868672,-3.47257567142916,0.000515489667963439,0.014419264421672
"ENSMUSG00000032332",3.15386801900421,-2.763301733924,3.12735766260857,-0.883589928636143,0.376917617719937,NA
"ENSMUSG00000032333",118.760103951334,0.449685006199093,0.313537731524568,1.43422931591841,0.15150683376859,0.335118606355451
"ENSMUSG00000032334",0.396591868107633,-0.228538539105709,7.34980130099417,-0.0310945193953469,0.975194160446711,NA
"ENSMUSG00000032336",2292.14817487949,0.0270287241581096,0.181269380010864,0.149108052096221,0.881468372268322,0.946071103134893
"ENSMUSG00000032338",0.599920461582674,1.35597430761371,5.98234915967607,0.226662515246291,0.820686176994223,NA
"ENSMUSG00000032340",1.79166013835218,-0.398234124131922,3.11257128830458,-0.127943776140414,0.898193467357781,NA
"ENSMUSG00000032342",264.00050370959,0.258202992029544,0.271157952547797,0.952223564175317,0.340983612795881,0.549542111814989
"ENSMUSG00000032343",3.69971408058129,-3.04627876322773,1.52535174825266,-1.99709920463746,0.0458144073316823,NA
"ENSMUSG00000032344",189.213560427754,0.0916731695589774,0.277611941802124,0.330220555224963,0.741233316358219,0.86059329718123
"ENSMUSG00000032346",8.1374611947585,-0.149494498371974,0.99614636230521,-0.150072824666071,0.880707159922288,NA
"ENSMUSG00000032348",4.98630967300993,1.40212074680473,1.82464370127937,0.768435364022914,0.442228577268248,NA
"ENSMUSG00000032349",1159.1865847239,-0.0189515905147416,0.163753680856275,-0.115732302416916,0.907864704634218,0.960017394662949
"ENSMUSG00000032350",329.032936665105,0.298202329225776,0.197270088569128,1.51164492999798,0.130624215162231,0.305125101630776
"ENSMUSG00000032352",76.6803741589202,0.298652034912951,0.49469059425822,0.603714803514254,0.546033270337017,0.72821625435529
"ENSMUSG00000032353",780.478503380583,-0.365575190334709,0.23892645353293,-1.53007415013727,0.125998375913403,0.298240952552698
"ENSMUSG00000032355",8.28209592204559,-1.3687341649187,0.922694415114465,-1.48341004616236,0.137965499901788,NA
"ENSMUSG00000032356",7.0802955897715,0.850834881976854,1.11457945937642,0.763368528658221,0.445243643338345,NA
"ENSMUSG00000032357",0.0406180793754555,0,7.3561311249555,0,1,NA
"ENSMUSG00000032358",0.0355187493373064,1.16171280725677,7.35565536667627,0.157934643392857,0.874508299155349,NA
"ENSMUSG00000032359",80.9029675831073,-0.698637761737845,0.731128447875427,-0.955560905567282,0.339294120770149,0.548155302287275
"ENSMUSG00000032360",0.627843253452116,-2.76292867603265,7.27657684719107,-0.379701710578266,0.704166850250082,NA
"ENSMUSG00000032363",1.21618747618711,-1.36859694135987,3.10781922966043,-0.440372119555166,0.659667614447687,NA
"ENSMUSG00000032366",549.259015276707,-0.151202672080798,0.134971019054585,-1.12026028357723,0.2626028614528,0.472054789136376
"ENSMUSG00000032368",9.16687057466224,0.508842751432045,1.08621136682641,0.468456478151886,0.639458187417328,NA
"ENSMUSG00000032369",335.59212806357,-1.64242360103612,0.666139936955338,-2.46558344563904,0.0136790309140129,0.0755825715958732
"ENSMUSG00000032370",374.623020424429,-0.21828382246672,0.211035408982844,-1.03434690661066,0.300974015656015,0.511896176555441
"ENSMUSG00000032372",21.858253655714,1.11209491718023,0.647586402309908,1.71729195241507,0.0859258417061791,NA
"ENSMUSG00000032373",113.004830783611,0.796168581817141,0.371637226479131,2.14232731569976,0.0321671522353212,0.128367443918882
"ENSMUSG00000032374",62.0319750843317,0.263753575536934,0.631787468076536,0.41747199630269,0.676333203263815,NA
"ENSMUSG00000032375",12.8099198481379,1.52532395065972,1.12336303386685,1.35781924869757,0.174521045547362,NA
"ENSMUSG00000032376",1363.73497755909,0.182173858729247,0.170815424870663,1.06649536402924,0.286199773256862,0.497640238987526
"ENSMUSG00000032377",6.17609317908324,1.43340332908271,1.9083391282443,0.751126101156593,0.452576768800234,NA
"ENSMUSG00000032380",537.614210339035,-4.36070833276497,1.60339098786317,-2.71967870954324,0.00653453741911621,0.0488518370896217
"ENSMUSG00000032381",5530.13398094201,-0.877550820827304,0.278603643476771,-3.14981817852813,0.00163372102904553,0.0246859901676438
"ENSMUSG00000032382",908.564695805753,-0.387929864874969,0.167493835754103,-2.31608442859048,0.0205536593314268,0.0967951036165572
"ENSMUSG00000032383",11031.6680819321,-0.431843816239798,0.232384659381001,-1.85831464688802,0.0631243450573708,0.194085272439225
"ENSMUSG00000032384",499.23049048377,0.842950684485681,0.296781436590322,2.84030798614029,0.00450699968287678,0.0401314595335774
"ENSMUSG00000032386",726.804626791284,-0.368657801600153,0.236709596874467,-1.55742651108337,0.119369255888526,0.288288564490124
"ENSMUSG00000032387",4.61055851462853,-2.65725401272612,1.95837483227122,-1.35686691277807,0.174823501721759,NA
"ENSMUSG00000032388",1153.80646631607,-0.325954136887998,0.296900335081758,-1.09785708661541,0.272266899167678,0.483148035819223
"ENSMUSG00000032392",58.0425491853441,-0.0607845074548832,0.341477347172666,-0.178004508814893,0.858719434770619,NA
"ENSMUSG00000032393",451.214507460666,0.0523834221799525,0.276666027936215,0.189338107648075,0.849827829859077,0.928133930958164
"ENSMUSG00000032394",0.365101279158359,-0.121244982537302,7.23337547188399,-0.0167618815045036,0.98662657977467,NA
"ENSMUSG00000032396",180.383245370674,0.24434238464544,0.218759784475158,1.11694379856727,0.264018356022858,0.47344172556422
"ENSMUSG00000032397",5722.23419951709,-1.03403899543916,0.33621226758768,-3.07555403274954,0.00210111854309936,0.0279536430666718
"ENSMUSG00000032398",2614.52432325617,-0.88896741501998,0.260877429002296,-3.40760570364313,0.000655355196851607,0.016054845963786
"ENSMUSG00000032399",23421.7408643884,-0.563515181349309,0.186503200655956,-3.02147726884768,0.00251544526283685,0.0301761849795416
"ENSMUSG00000032400",313.546655559113,-0.0553240716005225,0.423985857224574,-0.130485653372204,0.896182204047797,0.953847016579831
"ENSMUSG00000032401",0.364849677605577,0,7.3561311249555,0,1,NA
"ENSMUSG00000032402",395.971330889639,0.551386343018829,0.247467910159195,2.22811249613788,0.0258730141973578,0.111342945294246
"ENSMUSG00000032403",726.047532504524,-0.630982410906698,0.20596834387699,-3.06349218054372,0.00218769922262184,0.0282685056413293
"ENSMUSG00000032405",963.101359575134,-0.0905300508681228,0.269434625961489,-0.336000061406594,0.736870820166413,0.857139098299011
"ENSMUSG00000032407",2079.63692061027,0.310175449691931,0.15121373094098,2.05123865248054,0.0402437114650252,0.147083604353335
"ENSMUSG00000032409",1127.25461391246,0.545314371300321,0.235358462686021,2.31695246933948,0.0205063210840363,0.096780772093851
"ENSMUSG00000032410",1368.54602656217,0.575019686705666,0.300329556917263,1.91462902488841,0.0555398308648882,0.179005943299452
"ENSMUSG00000032411",210.891273737387,0.655137473897514,0.35619074347949,1.83928831922393,0.0658727901848621,0.198804914820354
"ENSMUSG00000032412",11038.395829446,-0.0434521826170519,0.129542981320933,-0.335426760863271,0.737303183798716,0.857440231982389
"ENSMUSG00000032413",923.517073118498,0.0666346038945168,0.193741665977784,0.343935330370069,0.730894921093039,0.853502220319515
"ENSMUSG00000032415",35.7655349375377,-0.476535931976803,0.489863652756996,-0.972792999225022,0.330656192811649,NA
"ENSMUSG00000032417",83.2708560784361,-0.86339709432984,0.495818948384717,-1.74135558381265,0.0816212686679388,0.226827731454196
"ENSMUSG00000032418",3.27770907218266,1.51247820202346,2.57206740770753,0.58803987698422,0.556505527043573,NA
"ENSMUSG00000032419",5.40271457445166,1.01065384934339,1.17393034325116,0.860914665979599,0.389285043557834,NA
"ENSMUSG00000032420",103.328618454065,-0.081085503470483,0.415213000781432,-0.1952865235864,0.845168646586164,0.92595812854165
"ENSMUSG00000032422",368.02603078559,0.405340063767356,0.282144325180179,1.43664085218976,0.150820069401999,0.334048036307138
"ENSMUSG00000032423",1969.60814784364,0.319032993377246,0.157780733202465,2.02200222360395,0.0431761221431914,0.154325742007374
"ENSMUSG00000032425",185.701729738019,-0.373278017992446,0.368653043991194,-1.01254560101059,0.311277254815901,0.522552662470306
"ENSMUSG00000032431",88.2607627688426,0.266261006571571,0.369817692846202,0.719979091650172,0.471537868979097,0.667516204310452
"ENSMUSG00000032434",610.647334767983,0.260822459072418,0.153260474525721,1.70182468689046,0.0887882372490529,0.239017354359174
"ENSMUSG00000032435",819.472109440628,0.0302918163120688,0.180497844159428,0.167823701458246,0.866721975880716,0.937249380726982
"ENSMUSG00000032436",5547.88635229277,-0.79042425196272,0.305984693242735,-2.58321500852229,0.00978843000873056,0.0620455465972835
"ENSMUSG00000032437",1097.41817087512,0.417716023745125,0.151858791662087,2.75068712962379,0.00594704135841957,0.0464842749433444
"ENSMUSG00000032440",1017.49475661935,0.0687375984670439,0.176324976368885,0.389834723829707,0.696658765217754,0.83521005867893
"ENSMUSG00000032443",6.53374518740209,-3.16219564416316,1.55966064298817,-2.02748954292048,0.0426123728028389,NA
"ENSMUSG00000032446",557.66437224621,-0.240917074435757,0.257089374218734,-0.937094639433764,0.348709878611243,0.557386228753786
"ENSMUSG00000032449",360.536117973939,0.588645744494679,0.257207569518442,2.28860194743402,0.0221024906522873,0.101009301940758
"ENSMUSG00000032451",0.0355187493373065,1.16171280725677,7.35565536667627,0.157934643392857,0.874508299155349,NA
"ENSMUSG00000032452",0.629926000513595,0.463646331451619,5.16177721225072,0.0898230032770927,0.928427868105407,NA
"ENSMUSG00000032454",0,NA,NA,NA,NA,NA
"ENSMUSG00000032456",73.9933320321588,-0.0133160181627136,0.353033791559464,-0.0377188203539738,0.969911870201202,0.991216795808152
"ENSMUSG00000032458",1068.12645690079,0.314328636712127,0.247711672502549,1.26892945147303,0.204466227032042,0.401898718276344
"ENSMUSG00000032459",728.402950518331,-0.596278349560432,0.272339702198059,-2.18946537999366,0.0285630321673675,0.11858276899388
"ENSMUSG00000032462",37.1822037981477,0.158907288886511,0.585006886030412,0.271633193866799,0.785904073748345,NA
"ENSMUSG00000032463",2026.86346286338,-0.760509097052289,0.259041778284947,-2.93585498867185,0.00332629777364658,0.0344297942329806
"ENSMUSG00000032468",511.794660073352,-0.185705187883235,0.208659761972209,-0.889990413714596,0.3734710334983,0.582621577124318
"ENSMUSG00000032469",342.055648019541,-0.39945312520475,0.195690330534812,-2.04125121621014,0.0412258633221017,0.149438920103891
"ENSMUSG00000032470",2.14390240788438,1.89500507628085,2.98175216570165,0.635534065533221,0.525080156473298,NA
"ENSMUSG00000032473",0.118569333017693,-2.54949067987089,7.29486584098366,-0.349491099006573,0.726720652017874,NA
"ENSMUSG00000032475",1172.48526270083,-0.569129617175134,0.197728769075322,-2.8783349020816,0.0039978047735088,0.0378573705654671
"ENSMUSG00000032477",196.194613601276,-0.236199752845182,0.419013337859687,-0.563704616305739,0.5729551751999,0.747132092638813
"ENSMUSG00000032478",320.016433130772,-0.780411959143033,0.378555456557509,-2.0615525298193,0.0392503574348264,0.144772307180321
"ENSMUSG00000032479",12942.1678357685,0.526343478715344,0.305635442142749,1.72212841228509,0.0850462592618836,0.232168537090229
"ENSMUSG00000032480",1077.28005129439,0.253130455632308,0.24433062435299,1.03601607986154,0.300194640889249,0.511272230391149
"ENSMUSG00000032481",897.314686088903,0.11451686179678,0.202335043858473,0.565976410279582,0.571409816712039,0.746256337615373
"ENSMUSG00000032482",29.1056440780062,0.985865593357783,0.751347246489637,1.31213044030418,0.189476126758288,NA
"ENSMUSG00000032484",612.934628451292,0,2.69317795855111,0,1,1
"ENSMUSG00000032485",338.189169179997,0.374392190020603,0.239044762479724,1.56620118398268,0.117301525635203,0.285386556953971
"ENSMUSG00000032487",0.816701052161746,-4.38117917839861,6.3420061566177,-0.690819130446125,0.489679211865006,NA
"ENSMUSG00000032489",10.7726077005419,-1.28483517830908,1.26349535035061,-1.01688951839241,0.309205990148377,NA
"ENSMUSG00000032491",68.4799034890885,0.532038063399561,0.482483677504725,1.10270686492674,0.27015448460535,0.480993710432976
"ENSMUSG00000032492",2.40749128185449,1.39432794768861,2.43835725934453,0.571830867829197,0.567436562929596,NA
"ENSMUSG00000032493",0.216289683953763,1.06289976876599,7.35386449353486,0.14453621897717,0.885077058098503,NA
"ENSMUSG00000032494",8.8727665971034,0.689136491086417,1.17634072344984,0.585830684383175,0.557989301444251,NA
"ENSMUSG00000032495",37.5138548764864,1.41551773371172,0.643078797324245,2.20115752471,0.0277248740894446,NA
"ENSMUSG00000032496",38.1531266342852,1.50135000474741,2.9476971526083,0.50932980120394,0.610521072402693,NA
"ENSMUSG00000032497",261.177784089664,-0.199352767366147,0.207365359523575,-0.961360025725428,0.336371176235595,0.544818790281641
"ENSMUSG00000032498",320.020266600716,0.534217354547387,0.247112868783048,2.16183542839447,0.0306308636042847,0.124507363256337
"ENSMUSG00000032500",0.201337227783311,-1.67312794795069,7.3501628545994,-0.227631411854191,0.819932797825536,NA
"ENSMUSG00000032501",112.407752345991,0.569302152657135,0.328491282114638,1.73308146563981,0.0830811901466861,0.228890068171681
"ENSMUSG00000032502",0.137376569221011,0,7.3561311249555,0,1,NA
"ENSMUSG00000032503",8.63929146754355,0.287188201003571,0.960544508564628,0.298984792940751,0.764951648628829,NA
"ENSMUSG00000032504",1368.55780754052,-0.262941195518961,0.146883414696391,-1.79013536730789,0.0734321523558738,0.212306763977132
"ENSMUSG00000032507",108.9617233084,-0.735651445013928,0.679419125344825,-1.08276528812839,0.278912616558709,0.489446336709185
"ENSMUSG00000032508",816.711948421793,-0.431266655069022,0.244774241274865,-1.7618955851843,0.0780869406771538,0.220602860415452
"ENSMUSG00000032511",2.89223414497883,-0.225358607880711,2.64045174355036,-0.0853485046379577,0.93198433105293,NA
"ENSMUSG00000032512",379.583342992188,0.24552491119495,0.205126595638583,1.19694333360627,0.231328642416126,0.43516642616615
"ENSMUSG00000032513",34.2262859876263,-0.221808912484341,0.774342660517974,-0.286448007831531,0.774535009438153,NA
"ENSMUSG00000032514",0.540083401845907,-3.50587330866425,7.27309784185771,-0.4820330187898,0.62978249052436,NA
"ENSMUSG00000032515",192.430325549269,-0.103076859981941,0.302523400782847,-0.340723592671532,0.733311675939172,0.855431316151501
"ENSMUSG00000032517",1.26064178584475,-1.45551646683069,3.72092548472288,-0.391170549586829,0.695671175492189,NA
"ENSMUSG00000032518",35285.182450593,-0.433232568587071,0.199620660346101,-2.17027920775302,0.0299857007703209,0.122787345532155
"ENSMUSG00000032519",279.604708738194,-0.593360035040041,0.226621554664592,-2.6182859610077,0.00883727127246822,0.0580551794082116
"ENSMUSG00000032523",0.783192773984043,0.634211347250509,7.34301521266986,0.0863693358766602,0.931172822244451,NA
"ENSMUSG00000032525",1921.30520317019,0.561642806118168,0.190914686120793,2.9418522876905,0.00326255510203875,0.0340552874167403
"ENSMUSG00000032526",917.267672881035,-0.885717061443589,0.231450740553739,-3.82680590835241,0.00012981679352465,0.00826311706375921
"ENSMUSG00000032527",109.002848435959,0.28060754951469,0.27927210759865,1.00478186642957,0.315001897435061,0.526690418833825
"ENSMUSG00000032528",59.5049843560569,0.15355713181581,0.911407893938833,0.16848343407712,0.866202975068269,NA
"ENSMUSG00000032530",0.133112769337402,-1.39513182989154,7.3431393525097,-0.189991196260592,0.849316029251517,NA
"ENSMUSG00000032531",5.070204519762,1.30526212942861,1.58058598756395,0.825808997231672,0.40891244947035,NA
"ENSMUSG00000032532",0.111244326736133,2.15713879843303,7.28519209721135,0.296099096585078,0.767154403890864,NA
"ENSMUSG00000032534",316.860387093902,0.254186077987942,0.196478771719213,1.29370758868138,0.195766443105974,0.391572499009016
"ENSMUSG00000032536",370.34018320386,-0.0210458933016445,0.208028586447518,-0.101168275288714,0.91941688012953,0.965622169579303
"ENSMUSG00000032537",1.68603705886905,-0.046463891329205,2.28354236510128,-0.0203472867590719,0.983766334204056,NA
"ENSMUSG00000032540",321.173807454256,-0.236806718215711,0.245789093364956,-0.963454948198586,0.335319262515933,0.544115856615701
"ENSMUSG00000032547",81.9665144245878,-1.6589277986289,1.24233672722592,-1.33532862892431,0.181768812566051,0.374754761756255
"ENSMUSG00000032548",15.638159627848,1.01362961476127,0.749230323402382,1.35289454137174,0.17608932351788,NA
"ENSMUSG00000032549",18.200735709236,-4.02234490860084,1.50307115472134,-2.67608416006529,0.00744879378336201,NA
"ENSMUSG00000032551",729.459077088381,-0.938674896171142,0.306216779211176,-3.0653934072104,0.00217383849259988,0.0282685056413293
"ENSMUSG00000032553",451.152335469882,0.121249941222774,0.167587939881692,0.72350039810961,0.469372509596711,0.665953153390031
"ENSMUSG00000032554",20.787239737238,0.1288312800821,0.733701557048397,0.175590850045862,0.860615391269917,NA
"ENSMUSG00000032555",2228.04903028271,0.642800082745255,0.267954571656359,2.39891440840808,0.0164437578634343,0.084547686739517
"ENSMUSG00000032556",17.4279175420179,-0.257021506844263,1.0175680164005,-0.252584105142612,0.800589614083623,NA
"ENSMUSG00000032557",810.375347734437,-0.336453415122013,0.142361139642632,-2.36337961305037,0.0181091092421159,0.0900445396671609
"ENSMUSG00000032558",9.84469876711361,1.68641698425966,1.20685506203756,1.39736496726662,0.16230384835359,NA
"ENSMUSG00000032560",468.145244611708,-0.109562885241808,0.31399912123707,-0.348927362631335,0.727143842256528,0.851290492746847
"ENSMUSG00000032561",53.6936070054452,0.19117239463687,0.480952739801177,0.397486860592372,0.691008473924226,NA
"ENSMUSG00000032562",5341.66962741432,-0.0808873737777572,0.238969864720414,-0.338483573535067,0.734998803769523,0.856297846373442
"ENSMUSG00000032563",729.849868847656,-0.330125511183799,0.202982383145507,-1.62637518620102,0.103869866168985,0.263743546642799
"ENSMUSG00000032564",0.70693512933553,-0.509158394403364,6.66982221963716,-0.0763376260471095,0.939150491906649,NA
"ENSMUSG00000032565",364.556079124973,-0.1490477139748,0.280014811466209,-0.532285107328283,0.594528545285243,0.76262741455763
"ENSMUSG00000032566",0.128277140743626,0,7.3561311249555,0,1,NA
"ENSMUSG00000032567",154.427960330679,0.217318914688068,0.253815606207859,0.85620785078951,0.391882820835957,0.599461561474042
"ENSMUSG00000032570",554.33324751129,0.405005798194045,0.24077397537359,1.68209956065904,0.0925495355727654,0.245491411423464
"ENSMUSG00000032571",202.376815323456,0.278571654832882,0.322174020398803,0.864662068307221,0.387224294572422,0.595675460106495
"ENSMUSG00000032572",0.971084594637885,-1.57500559543831,6.01486868627512,-0.26185203328415,0.793435521439062,NA
"ENSMUSG00000032575",4349.89244893946,-0.51133577356334,0.225514775142715,-2.26741584111172,0.0233648346860645,0.104507416684049
"ENSMUSG00000032577",493.098511422434,-0.285216454558042,0.189728919698115,-1.50328402761087,0.132765817143752,0.307948409703183
"ENSMUSG00000032578",520.855274164839,-0.0755028902716396,0.400775701859173,-0.188391885838853,0.850569459980392,0.928603723986148
"ENSMUSG00000032579",444.632352443215,-0.17088002909795,0.323981648321631,-0.527437371786904,0.597889896948178,0.765648675195106
"ENSMUSG00000032580",2178.67832200307,0.554560282096587,0.215028229404649,2.57901152621683,0.00990834805329819,0.0624642987926356
"ENSMUSG00000032582",796.784260590071,0.560969794531361,0.248448858352164,2.25788839704071,0.0239526181871911,0.106223252929737
"ENSMUSG00000032583",217.4804769043,-0.0642883964960292,0.206979360666232,-0.310602933012719,0.75610249718703,0.87091691815486
"ENSMUSG00000032584",1.59722305531329,4.03265224259411,3.48014354344233,1.15876031900836,0.246553896214688,NA
"ENSMUSG00000032586",213.208318951228,0.528193511056644,0.448747970429829,1.1770382171327,0.239180252804875,0.444691821831359
"ENSMUSG00000032589",30.5542735440868,1.16291572196764,0.664660982375047,1.74963741336549,0.0801808995856948,NA
"ENSMUSG00000032590",561.093849431062,0.054461303238881,0.215323744375138,0.252927531967855,0.800324213597683,0.899409373739552
"ENSMUSG00000032591",22.4242153058177,-0.444125880174261,0.734219649507506,-0.604895116157908,0.54524868840685,NA
"ENSMUSG00000032593",14.8219857766011,-0.610076662833715,0.805280818359962,-0.757594927041973,0.448693518050969,NA
"ENSMUSG00000032594",557.614103196468,-0.0762734036719794,0.204628814784315,-0.372740289545115,0.709341747161375,0.84099891966397
"ENSMUSG00000032595",1.31239272793698,0.308830620509222,4.60745290083124,0.0670284921314128,0.946559020759716,NA
"ENSMUSG00000032596",318.412936259416,0.193236445189559,0.256751607638998,0.752620195707816,0.451678178104641,0.651578259623285
"ENSMUSG00000032598",29.0555929958964,0.485012633911101,0.483705230506953,1.00270289283988,0.31600423373175,NA
"ENSMUSG00000032599",64.0781118746879,-0.520071920513778,0.315288189785464,-1.64951285002987,0.0990426128278452,NA
"ENSMUSG00000032601",366.232311848432,-0.0399162358079714,0.457406539790121,-0.0872664300477357,0.930459737134063,0.971957502429616
"ENSMUSG00000032602",410.082348702722,-0.0640458834476741,0.199548765007734,-0.320953544589424,0.748245595919174,0.86558311476431
"ENSMUSG00000032604",1123.3265331595,0.121987660311806,0.154265440685698,0.790764670100964,0.429081330109508,0.631829129767986
"ENSMUSG00000032606",59.3617272810565,-0.713916900462107,0.613139063252277,-1.16436375245001,0.244276630563975,NA
"ENSMUSG00000032607",20.8913265675744,-0.106924755158482,0.564475936495351,-0.189423052862702,0.849761257952867,NA
"ENSMUSG00000032609",85.9224319684676,-0.269180901626554,0.370361831182444,-0.726805191472208,0.467345302376243,0.66451500488912
"ENSMUSG00000032611",12.9632594338304,0.590857009652634,0.864643671971469,0.683353187915461,0.494383692631766,NA
"ENSMUSG00000032612",910.057565010996,0.143705391064225,0.186356322834683,0.771132360192071,0.440628481391465,0.641947315925517
"ENSMUSG00000032615",294.058472976962,-0.599514782685469,0.240543137736094,-2.49233791630012,0.0126905237094843,0.0724701483929821
"ENSMUSG00000032621",1179.49584476098,1.02219291226645,0.26876403049369,3.80330995330287,0.000142775533500944,0.0083645676264846
"ENSMUSG00000032623",0.417647252652976,2.15074142286752,7.28509101200913,0.295225058866405,0.767821960448553,NA
"ENSMUSG00000032624",657.850797200717,0.631792837890281,0.194466581417473,3.24885043633268,0.00115872384895135,0.0210551199391251
"ENSMUSG00000032625",5.37810747645783,0.673563950105585,1.49866073672014,0.44944391589233,0.653111457356292,NA
"ENSMUSG00000032633",223.058646887059,0.127590496784821,0.260015830695899,0.490702802376847,0.623636664147886,0.783334414862481
"ENSMUSG00000032637",296.860099041848,0.0795770396065125,0.302892658855807,0.262723566517323,0.792763651236827,0.894982719560991
"ENSMUSG00000032640",2120.55458675267,-0.407198983170839,0.188599107678174,-2.15907163180053,0.0308446100923914,0.125061103676493
"ENSMUSG00000032641",48.0190727735826,0.484084745034047,0.48466446255971,0.998803878620271,0.317889706765617,NA
"ENSMUSG00000032643",88.4608758729008,-0.190130287262924,0.42969066098897,-0.442481777065674,0.658140614121702,0.807762598782347
"ENSMUSG00000032648",34.4590132696705,-0.137317803848752,0.545402624652122,-0.251773272885033,0.801216317102784,NA
"ENSMUSG00000032649",0.635816646614862,-0.199621791056439,6.86773905105357,-0.0290665952175069,0.976811477689528,NA
"ENSMUSG00000032652",72.4795222357015,0.53673328365917,0.434707725171898,1.23469920725915,0.216942471044604,0.418108076871887
"ENSMUSG00000032656",24.9550711626988,-0.336342001564692,0.800747850814425,-0.420034847702189,0.674459996753127,NA
"ENSMUSG00000032657",3459.28657337601,-0.881226837129206,0.382895608817793,-2.30148065643801,0.0213644775262879,0.0990562196751202
"ENSMUSG00000032661",405.872150224551,-0.490029214058716,0.255268419906671,-1.91966250364176,0.0549005434408565,0.17746627596889
"ENSMUSG00000032666",300.332354746355,0.223745639055665,0.340711242705081,0.656701661146354,0.511372766127994,0.700224379162657
"ENSMUSG00000032667",1229.4631858281,-0.258745843190434,0.212355426170009,-1.21845647110183,0.223050556624243,0.425812041759491
"ENSMUSG00000032671",0.165269599216526,-1.66626122024183,7.349988800408,-0.226702552274546,0.820655042358322,NA
"ENSMUSG00000032673",1019.49462717848,-0.80015370843188,0.229891613206995,-3.48056937471408,0.000500349227625682,0.014131291757371
"ENSMUSG00000032679",6.93587979050519,-0.720268500272752,1.32474234719901,-0.543704594176868,0.586644770478525,NA
"ENSMUSG00000032680",0.798050419109805,3.5985741382087,5.6443931631475,0.637548454580371,0.523767658585839,NA
"ENSMUSG00000032688",766.35320812848,0.269287779329491,0.181542360275415,1.48333302993835,0.137985950848774,0.315682763525691
"ENSMUSG00000032690",48.4226498919732,-0.0804523523944523,0.563615397824176,-0.142743354253693,0.886492875547535,NA
"ENSMUSG00000032691",2.0804466957856,-1.61903655025963,3.34092315236035,-0.484607540019527,0.627954764149908,NA
"ENSMUSG00000032698",27.7260306811959,3.7504103569057,1.61272112601924,2.32551697649241,0.0200443332274379,NA
"ENSMUSG00000032702",0.803441455032975,0.303474058504929,7.11654232099096,0.0426434699348027,0.965985742991225,NA
"ENSMUSG00000032705",246.914451400125,0.528519773993744,0.20347314154573,2.59749159018592,0.00939074197689214,0.060338882971009
"ENSMUSG00000032712",1314.04327628565,0.562852171696014,0.223487792865264,2.51849179089323,0.0117858630853738,0.0694298311078186
"ENSMUSG00000032714",10.7031275733189,0.02929208884067,0.832585869883656,0.0351820633765539,0.971934564728504,NA
"ENSMUSG00000032715",83.4021799380327,0.59235059233554,0.604720058339674,0.979545136905007,0.327310697756274,0.53738811275893
"ENSMUSG00000032717",3.62301501080718,0.738541103991296,1.43124805995547,0.516011951145824,0.605846062197835,NA
"ENSMUSG00000032718",14.1781530107201,-0.251248580219997,0.746186493064837,-0.336710169046394,0.736335396779758,NA
"ENSMUSG00000032719",2.10831469045953,3.23096925598808,2.54865774345208,1.26771406019069,0.204900081865777,NA
"ENSMUSG00000032724",357.644366799147,-0.212134617611866,0.215572725398271,-0.984051285801328,0.325090297137736,0.535738566773575
"ENSMUSG00000032725",3.48232667185041,2.85509369252352,3.50182809240006,0.815315205997652,0.414891906931997,NA
"ENSMUSG00000032726",3.21403147298672,-2.76250031333103,2.38482618959277,-1.15836547140685,0.246714923613584,NA
"ENSMUSG00000032727",209.759307913013,-0.0749581261856766,0.246459386331775,-0.304139871892606,0.761021331356323,0.874467147859153
"ENSMUSG00000032733",35.4143246331198,-0.105736067142108,0.496511097019098,-0.212958114686491,0.831359632899254,NA
"ENSMUSG00000032735",0.591373615375196,-2.66577199889566,6.08761883103493,-0.43790060989125,0.661458333478539,NA
"ENSMUSG00000032737",13.6161374597468,-2.5933348508371,1.03942144357362,-2.49497917025936,0.0125964524319195,NA
"ENSMUSG00000032739",9.51310689827638,1.20605280546052,1.27306008623751,0.9473651860573,0.343452724705493,NA
"ENSMUSG00000032740",24.9469135901801,-2.18957310401846,0.83141496397781,-2.63355027138638,0.00844973260464112,NA
"ENSMUSG00000032741",138.621867820242,0.133682841600499,0.290213981235384,0.460635428491201,0.645060188950708,0.798150643292921
"ENSMUSG00000032743",124.365378170979,0.599641730267425,0.435603696867544,1.37657631140298,0.168643278924894,0.356624443140889
"ENSMUSG00000032744",1.10321855408105,-4.1279494415098,6.97000779982605,-0.592244594276182,0.553686811506488,NA
"ENSMUSG00000032745",1721.15480860118,-0.406029728844888,0.201414273874551,-2.01589351655275,0.0438111117281324,0.155334590901216
"ENSMUSG00000032750",445.1374519669,0.0422581014100557,0.287133254629387,0.1471724390287,0.882995914158283,0.946990844250258
"ENSMUSG00000032754",96.7735684128046,0.765649220439603,0.456620291498695,1.6767744112436,0.0935866033374076,0.247167610398914
"ENSMUSG00000032757",938.912469916012,-0.730304932967295,0.299843528782833,-2.43562012470922,0.0148662875762831,0.0796494594534194
"ENSMUSG00000032758",0.0761524196209141,-2.55627499047924,7.29465809108018,-0.350431090609309,0.726015196884991,NA
"ENSMUSG00000032763",265.450955953356,0.64822464313275,0.287978032357467,2.25095170567771,0.0243885963423056,0.107290286979836
"ENSMUSG00000032766",7.1194013545113,-0.343356530296656,1.72992989772545,-0.198480025547919,0.842669511178233,NA
"ENSMUSG00000032769",4.6427537144916,0.39226268160987,1.99492922732835,0.196629873499421,0.844117191294451,NA
"ENSMUSG00000032773",21.5972654216246,1.32004929392987,0.707057259908536,1.86696236468972,0.0619068437028925,NA
"ENSMUSG00000032776",441.494879856228,0.516571262801956,0.213940367196347,2.41455724121416,0.0157543473070872,0.0824850228445748
"ENSMUSG00000032777",257.59016699382,0.475651968668948,0.339055964132289,1.40287155805159,0.160655143594228,0.346514530750368
"ENSMUSG00000032782",88.9217036693736,0.533865937461026,0.387672910558764,1.37710405581744,0.168480078945685,0.356545831808627
"ENSMUSG00000032783",134.982717722471,-1.85404040041471,1.6950848344019,-1.09377440160327,0.274053933730926,0.484272995160924
"ENSMUSG00000032786",224.730788189822,0.130721943705397,0.298014036829141,0.438643578994715,0.660919814965586,0.809665679877905
"ENSMUSG00000032788",195.752594576885,-0.165607011324962,0.327996610027297,-0.504904643103413,0.613625812817325,0.776955445074837
"ENSMUSG00000032796",0.590669053511856,0.475788749059818,7.07999289059552,0.0672018681956328,0.946420997883752,NA
"ENSMUSG00000032802",28.4703756702886,-2.49307013020693,1.83714004817419,-1.35703869320395,0.174768916386529,NA
"ENSMUSG00000032803",1734.87213178139,0.0679388747095466,0.239485512838661,0.283686782988482,0.776650424437691,0.884672671763837
"ENSMUSG00000032806",180.093283813694,0.14782577458793,0.318968983414162,0.463448743528731,0.643042746773722,0.79735986657534
"ENSMUSG00000032807",0.0894872749374133,-1.88623711740078,7.34122563557442,-0.256937630177225,0.79722692078863,NA
"ENSMUSG00000032808",0.477238422918768,1.35676058436382,7.25504903211361,0.187009154363848,0.851653455424836,NA
"ENSMUSG00000032812",241.402571138672,0.221149650212676,0.285175300992289,0.775486689917286,0.438052127424813,0.63970236070236
"ENSMUSG00000032815",181.886979084234,-0.0230112736433093,0.424151297800688,-0.0542525126355323,0.956733983221553,0.985855876591791
"ENSMUSG00000032816",24.2786422424373,0.054931368115676,0.858868904829903,0.0639578028809357,0.949003826402177,NA
"ENSMUSG00000032818",0.80489735669441,2.34171528985636,5.05251838705779,0.46347486747495,0.643024025460897,NA
"ENSMUSG00000032826",20.4802055916544,0.750650753278671,0.786555398426838,0.954352045361358,0.339905471562741,NA
"ENSMUSG00000032827",5.71188759957428,-0.350153995359445,1.13034161736993,-0.309777141687643,0.75673043541628,NA
"ENSMUSG00000032834",178.306653803945,0.178497365787477,0.251379681076018,0.710070778288156,0.47766024621044,0.672028399343894
"ENSMUSG00000032839",14.5754620096766,0.257929023750587,0.95780278550874,0.269292413483207,0.787704669787044,NA
"ENSMUSG00000032840",127.576680301074,-0.214079106287639,0.291748404562202,-0.733779869709609,0.463082911219827,0.660830745980655
"ENSMUSG00000032841",91.7474116291901,-0.841800963170252,0.745616632898324,-1.12899971114921,0.258897955528544,0.468118948307967
"ENSMUSG00000032842",55.8919457893399,0.438763223491964,0.377731520274662,1.16157429269584,0.2454084293674,NA
"ENSMUSG00000032845",2967.42249693989,0.470263447082129,0.281887327637985,1.66826742806284,0.0952626508164882,0.249660858581799
"ENSMUSG00000032846",282.913907182685,0.168411846728438,0.263839169463412,0.638312526039817,0.523270259697813,0.709489674101458
"ENSMUSG00000032849",188.363515233613,0.336633209909912,0.242116004011678,1.3903798358314,0.164413566244669,0.351248779409672
"ENSMUSG00000032850",3.2107559049478,0.0545843587487124,1.84617334911215,0.0295662153150259,0.976413009800326,NA
"ENSMUSG00000032852",0.0763313973184868,1.15779827842444,7.35584633375985,0.15739837754776,0.874930892048967,NA
"ENSMUSG00000032854",0.391492770765912,0.475441431846257,7.19891737352494,0.066043462812167,0.947343222646158,NA
"ENSMUSG00000032855",45.5540541817992,0.105541552361249,0.476280190433879,0.221595511383968,0.824628777028175,NA
"ENSMUSG00000032860",0.975179118487657,0,6.25816722161139,0,1,NA
"ENSMUSG00000032864",0.696031288965519,-1.4391507614344,4.84269121614528,-0.297179955772597,0.766329123953699,NA
"ENSMUSG00000032867",103.943428333027,0.0293349846734765,0.450148381357262,0.0651673667803209,0.948040743415865,0.98136021924545
"ENSMUSG00000032869",1357.31996458721,-0.838253858539166,0.35095765169128,-2.38847580185126,0.0169184224276648,0.0862054668543644
"ENSMUSG00000032870",2717.96852369021,-0.67826710728322,0.268684565633932,-2.52439921765853,0.0115896230982473,0.0685477289555989
"ENSMUSG00000032872",1597.17210338526,-0.537988177739043,0.141897048614278,-3.79139793951225,0.000149801706831245,0.00858611906941301
"ENSMUSG00000032875",2.2257841291441,0.768406033583144,2.2844855223297,0.336358460612843,0.736600570057039,NA
"ENSMUSG00000032878",1.35057699189854,1.87257778270194,4.43188871134565,0.42252364729018,0.672642844037802,NA
"ENSMUSG00000032883",37.1392211581797,0.631473099767539,0.756122764850166,0.835146260796251,0.403635362670321,NA
"ENSMUSG00000032889",1.33118382275164,-1.87480264743254,5.87839963456793,-0.318930791368412,0.749778994494422,NA
"ENSMUSG00000032890",23.9249428695742,0.478182383530641,0.75054646657774,0.637112297271887,0.52405169902407,NA
"ENSMUSG00000032892",324.151545939076,-0.605447461159191,0.344739804563466,-1.75624471889996,0.079046631977897,0.222424126701256
"ENSMUSG00000032894",0.116617434551198,1.00726550927757,7.35244924156441,0.136997274810598,0.891032949188372,NA
"ENSMUSG00000032897",729.905058292182,-0.242324670040426,0.203802711295705,-1.18901592868815,0.234433398910988,0.438813510364535
"ENSMUSG00000032898",120.860232276711,0.704667398913123,0.318390130494007,2.21321998210113,0.026882483123724,0.114441578672701
"ENSMUSG00000032899",13.5258517989675,-0.311748974286825,1.28516647409462,-0.242574779665371,0.808334820652816,NA
"ENSMUSG00000032900",0.0869845376285589,0,7.3561311249555,0,1,NA
"ENSMUSG00000032902",897.691836584221,0.316059697427879,0.144133089450565,2.19283232346366,0.0283194621547893,0.117868582484249
"ENSMUSG00000032905",754.98466625964,-0.200774106854644,0.221249723419215,-0.907454724696876,0.364166381393315,0.573670865350266
"ENSMUSG00000032908",9.88709522874623,1.50273019920096,0.830570626024087,1.80927443388466,0.0704083788080594,NA
"ENSMUSG00000032911",1.31589062998703,2.25078923364331,4.44379772593846,0.506501279413653,0.612504791751411,NA
"ENSMUSG00000032913",171.388406827884,0.501333957472642,0.396471185671311,1.26449027215881,0.206054110102595,0.404318518868472
"ENSMUSG00000032915",16.0950082734045,2.7395270098628,1.84816988464904,1.48229177015457,0.138262677163496,NA
"ENSMUSG00000032921",0.19839511376381,-0.00426004649832795,7.21455940975628,-0.000590479093230152,0.999528865875413,NA
"ENSMUSG00000032925",0.0814222549061299,1.15983664751657,7.3557468344729,0.157677619093817,0.874710837228891,NA
"ENSMUSG00000032932",200.483935854305,-0.0187983398044523,0.328373365710821,-0.0572468469352259,0.954348560863858,0.984525314292196
"ENSMUSG00000032936",0.579493807119667,0,7.00609448219844,0,1,NA
"ENSMUSG00000032937",0.202063225986325,-3.13366571727536,7.26784868916865,-0.431168266057257,0.666346026298205,NA
"ENSMUSG00000032939",594.304192124695,-0.12480997885766,0.216885038483031,-0.575466061331958,0.564976137336587,0.741671861563368
"ENSMUSG00000032940",8.15851714806671,1.25987767257488,0.917860105928141,1.37262493972421,0.169868974580844,NA
"ENSMUSG00000032942",1.27720058102545,2.09217393223402,3.13895714132799,0.666518795267426,0.505079554197466,NA
"ENSMUSG00000032946",2029.14580909302,-0.337822185859922,0.235836530785492,-1.43244214428846,0.152017324603489,0.335738781266232
"ENSMUSG00000032948",0.118773568257183,1.32184205814497,7.3487032705414,0.179874191334383,0.85725133704048,NA
"ENSMUSG00000032952",218.216454104805,0.315056162356621,0.322302515036704,0.977516921705504,0.328313304494594,0.537981768705618
"ENSMUSG00000032959",2087.21619668588,-0.376779873653674,0.263374929377394,-1.43058367227422,0.152549569718876,0.336257851801478
"ENSMUSG00000032965",213.078287082516,-0.319146213382386,0.34925112405159,-0.913801535353807,0.360821139542556,0.570218539468932
"ENSMUSG00000032966",6373.18166720722,-0.711394477392612,0.250749037775776,-2.8370775964004,0.00455285455274681,0.0403994320052982
"ENSMUSG00000032968",0.802953093773578,0.617247754304564,4.13493885335774,0.149276150432874,0.8813357336002,NA
"ENSMUSG00000032977",532.211335011144,-0.382274698402042,0.245302085629865,-1.55838340069743,0.119142389144362,0.287881328939628
"ENSMUSG00000032978",0,NA,NA,NA,NA,NA
"ENSMUSG00000032985",0.713759703997962,-0.410531757528991,6.68949438827003,-0.0613696243245013,0.951064843024569,NA
"ENSMUSG00000032987",2.77263356316848,0.00321854634064796,2.67622739099721,0.00120264307565012,0.999040429889095,NA
"ENSMUSG00000032988",0.0406180793754555,0,7.3561311249555,0,1,NA
"ENSMUSG00000032997",145.045150199105,-0.387325204666402,0.230404846865223,-1.68106361448625,0.0927505588836632,0.245626505487261
"ENSMUSG00000032998",475.391461632215,0.317381872611853,0.253970540748643,1.24967987104445,0.211416513254639,0.41109775702354
"ENSMUSG00000032999",0.314075799196362,0.0590545511696752,7.2074075408319,0.00819359122335115,0.993462533214177,NA
"ENSMUSG00000033004",2187.50600657488,0.245994089717523,0.139517373204602,1.76317890788248,0.0778703199830507,0.220368769834657
"ENSMUSG00000033006",0.0761428054735167,1.16015490317859,7.35573131099537,0.157721218207683,0.874676480052383,NA
"ENSMUSG00000033007",0.111775738767336,-2.5576385539281,7.29461432640577,-0.350620120472951,0.725873359736588,NA
"ENSMUSG00000033009",150.695781274759,-0.094421756835253,0.306684512878764,-0.307879116388831,0.758174317148495,0.872372613783363
"ENSMUSG00000033014",624.22278614489,-0.147808536191173,0.215051545369884,-0.687316782294894,0.491883125485959,0.68280644508197
"ENSMUSG00000033016",1389.16997644183,-0.0969635212663351,0.180464863707182,-0.537298614669201,0.591061362209646,0.760121223639695
"ENSMUSG00000033020",3185.37740096315,-0.789374358393517,0.225261782195908,-3.50425336556649,0.000457889487293051,0.0134640666334825
"ENSMUSG00000033021",381.907773365719,-0.139872177081163,0.187091158203885,-0.747615111392571,0.454692347202088,0.653925288426454
"ENSMUSG00000033022",10.4905652009698,0.967187470355273,0.858686507837618,1.12635689687368,0.260014483573449,NA
"ENSMUSG00000033024",12.8914058769013,0,2.16810385986845,0,1,NA
"ENSMUSG00000033027",492.824898666733,0.194865568190706,0.60888470152344,0.320036893196937,0.748940363422761,0.865759221672027
"ENSMUSG00000033029",54.9213142326082,0.782197422781835,0.563274446465192,1.38866129591088,0.164935768714693,NA
"ENSMUSG00000033031",1021.12918064152,0.54564057061312,0.382520344520584,1.42643542606074,0.153742693952557,0.337587254040524
"ENSMUSG00000033032",0.916877921425624,-3.5511167306617,5.34322860557207,-0.664601309956773,0.506305531181056,NA
"ENSMUSG00000033033",39.9588094810935,0.329749824860321,0.589787556955942,0.559099324784421,0.576093935549985,NA
"ENSMUSG00000033036",1.33867865503151,0,6.69047433784672,0,1,NA
"ENSMUSG00000033039",103.033671891389,0.182799386960932,0.390952739920484,0.467574129287625,0.640089169189728,0.795084372636398
"ENSMUSG00000033044",0.0414066693320352,0,7.3561311249555,0,1,NA
"ENSMUSG00000033047",1789.25756010588,-0.232612884498497,0.16705875032665,-1.39240167931143,0.163800796236624,0.350697611175878
"ENSMUSG00000033053",0.174322877829724,0,7.3561311249555,0,1,NA
"ENSMUSG00000033054",428.429641549735,0.362210001688153,0.255992379784521,1.41492493641037,0.157090505769424,0.342185907785536
"ENSMUSG00000033055",359.150563370073,0.185079879603067,0.244030313318341,0.758429873265898,0.448193679796064,0.648951885862618
"ENSMUSG00000033059",315.206955943252,0.0422390836493453,0.2198531892563,0.192124043286467,0.847645041905665,0.926957455820241
"ENSMUSG00000033060",2.86368918097407,-1.07374184264155,2.4431013571338,-0.439499507257957,0.660299638982947,NA
"ENSMUSG00000033061",0.0870727534690323,-2.74047360037994,7.28506289660343,-0.37617706796432,0.706785262591905,NA
"ENSMUSG00000033063",0.466631585539305,-2.10559800601377,7.25377690534043,-0.290276091130342,0.771605028300055,NA
"ENSMUSG00000033065",63.5179057785538,-0.17790966118238,0.478519372650672,-0.371791971967366,0.710047741361829,NA
"ENSMUSG00000033066",52.5747694397301,1.83800837270015,0.78100782587149,2.35338022464653,0.0186036002381512,NA
"ENSMUSG00000033068",206.206356002165,0.110986401017029,0.272955153245664,0.406610388913007,0.684294165748979,0.827026265855075
"ENSMUSG00000033075",549.538633494311,0.505588933682784,0.160592783316197,3.14826683517473,0.00164241692948438,0.0246859901676438
"ENSMUSG00000033080",0.70372048425866,-0.122004785402176,4.52653151106802,-0.0269532610352665,0.978497012763721,NA
"ENSMUSG00000033082",0.896061048370558,-1.59297714937493,4.52704023933964,-0.351880492585879,0.724927889428243,NA
"ENSMUSG00000033083",59.890220152709,0.480508417205761,0.446719569568315,1.07563771533469,0.282089313026116,NA
"ENSMUSG00000033088",389.42703292996,-0.447190877210865,0.224192455539852,-1.99467406757304,0.046078439506381,0.160095866566291
"ENSMUSG00000033096",412.662307043957,0.182191684074358,0.202709800244744,0.898780837701909,0.36876940882023,0.578249620270936
"ENSMUSG00000033099",1111.59497533852,-0.664349962935331,0.262969436710428,-2.52633907288202,0.0115258179772992,0.0682813247226962
"ENSMUSG00000033102",319.047762398283,0.606573992598875,0.300719042070388,2.01707876036961,0.0436872947566749,0.155173880226278
"ENSMUSG00000033105",244.014885523431,0.131399673042008,0.333436096487401,0.394077529176488,0.693523800565491,0.833290721841483
"ENSMUSG00000033106",624.606974112638,-0.00558938942442582,0.141583330276763,-0.0394777366339658,0.968509503269605,0.990555244678742
"ENSMUSG00000033107",912.822746676849,0.0263538225322315,0.192152428351957,0.137150608807089,0.890911750343917,0.951061263255568
"ENSMUSG00000033111",1027.48989797012,-0.833363875906049,0.249581465765449,-3.33904552307272,0.000840667864714589,0.0182236882515432
"ENSMUSG00000033114",519.536514208238,-0.18180750154467,0.25491444913835,-0.713209871622446,0.475715898643105,0.670623397721141
"ENSMUSG00000033122",0.364391994012101,2.29416292529438,7.28176897499467,0.315055714232689,0.752719352345479,NA
"ENSMUSG00000033124",132.495771988154,0.442527530022828,0.357852082193979,1.23662136408347,0.216227684657894,0.416974378237081
"ENSMUSG00000033126",129.134406521425,0.0989883931251654,0.275143416312239,0.359770168052399,0.719019013878375,0.847457265240564
"ENSMUSG00000033128",275.952327647568,-0.221814504989426,0.255815890133195,-0.867086500662387,0.385894616496918,0.594928650380265
"ENSMUSG00000033147",154.634416498514,0.469762159438801,0.520733006242158,0.902117119152509,0.366994655876055,0.576214737437118
"ENSMUSG00000033149",3.0931966067951,-0.933675711916419,2.14249715585957,-0.43578854205845,0.662990157794243,NA
"ENSMUSG00000033152",1.48210987425773,-1.21567818198844,2.93210424661736,-0.414609468060664,0.678427815936812,NA
"ENSMUSG00000033156",0.116317457132022,1.26108050148817,7.35144787925643,0.171541786352939,0.863797776598282,NA
"ENSMUSG00000033157",731.363625846966,-0.261628528215955,0.203409966046842,-1.28621292899536,0.198368760079194,0.394701125882213
"ENSMUSG00000033159",567.553266946808,0.218894759407318,0.277481450417167,0.788862675606716,0.430192272706156,0.632842038574686
"ENSMUSG00000033161",1989.96778238706,-0.107442590303428,0.287945601706178,-0.373135028515085,0.709047949264918,0.84099891966397
"ENSMUSG00000033166",311.408102484921,-0.0244344954322418,0.285494128918223,-0.0855866827273383,0.931794985255613,0.972423292784179
"ENSMUSG00000033170",6.54434679213004,-4.05828046686499,1.98170319420155,-2.04787501919535,0.0405722471782788,NA
"ENSMUSG00000033174",11.1275753546974,-2.98782972141898,1.45749835638986,-2.04997124581304,0.0403672368437586,NA
"ENSMUSG00000033177",0.53862592276369,1.59005957090858,7.15138511899198,0.222342881057523,0.824046973154866,NA
"ENSMUSG00000033182",3.39736832825005,0.384501253604642,2.00180488665021,0.192077287935918,0.847681665255618,NA
"ENSMUSG00000033184",1088.65291351997,-0.278199104597307,0.246868139363457,-1.12691376584535,0.259778942563364,0.469111225290254
"ENSMUSG00000033186",1314.23785929138,-0.698116352558785,0.216440055797302,-3.22544895854479,0.00125775260731631,0.0219322094998944
"ENSMUSG00000033187",2.54744467213726,0.631758392875944,3.00056531908067,0.210546455649066,0.83324119777004,NA
"ENSMUSG00000033191",11.2011340811939,0.422168432257429,0.885731567759836,0.476632478308483,0.633623851817135,NA
"ENSMUSG00000033192",7.85007302074094,-0.513274580598032,1.71777051649342,-0.298802765369269,0.765090540825368,NA
"ENSMUSG00000033196",0.589295265600816,-0.0921194896817657,7.17143467277324,-0.0128453362381592,0.98975118638495,NA
"ENSMUSG00000033200",0.278080878872722,-2.9810333080786,7.27118463343993,-0.409979041705108,0.681821321847184,NA
"ENSMUSG00000033207",0.563602650903816,2.74246268064046,7.26112343704741,0.37769123530499,0.705659979584885,NA
"ENSMUSG00000033208",1.3576821797369,0.0278800306115595,1.96752525534735,0.0141701005035575,0.98869427393387,NA
"ENSMUSG00000033209",37.6835041666232,0.807563669952886,0.535975108006772,1.5067186104148,0.131882799195503,NA
"ENSMUSG00000033210",0.266576017299724,-0.10696816806021,7.17152922205545,-0.0149156706677341,0.98809945792844,NA
"ENSMUSG00000033213",416.634353964268,-1.1962985422489,0.565493650557404,-2.11549420770634,0.0343878480864113,0.133828298556762
"ENSMUSG00000033214",0.426179696789859,0.473195110520038,7.19890934616818,0.0657315001156264,0.947591593170638,NA
"ENSMUSG00000033216",395.931728230968,0.543602730948936,0.257814235388326,2.1085054909018,0.0349872883049331,0.135368576473733
"ENSMUSG00000033219",1.13306148256392,0.156307204661754,4.62791233960624,0.0337748844817258,0.973056663796055,NA
"ENSMUSG00000033220",27265.6102425605,-0.581204126279442,0.291183761175058,-1.99600459838152,0.0459334222730201,0.1598520186032
"ENSMUSG00000033222",443.868108770269,0.376991965802739,0.214654449072239,1.75627371075765,0.0790416838937845,0.222424126701256
"ENSMUSG00000033227",0.183857674599635,0,7.3561311249555,0,1,NA
"ENSMUSG00000033228",1071.79194872282,0.187530010033533,0.154257564828882,1.21569409086394,0.224101476017519,0.426810285660188
"ENSMUSG00000033233",16.1349268411766,-0.0370844682702844,0.944740468773758,-0.0392536040278012,0.968688196704931,NA
"ENSMUSG00000033237",766.411248199708,0.15910560001732,0.233961562369324,0.680050168951091,0.496472695180794,0.686873235757803
"ENSMUSG00000033249",22.6317007971308,-1.3236504565686,1.36892036412886,-0.966930211028697,0.333578922743314,NA
"ENSMUSG00000033253",240.48573730551,-0.0185232064117839,0.266349774539319,-0.0695446671348676,0.944556079462246,0.979844353603138
"ENSMUSG00000033255",9.51363721863546,0.389726678785177,0.940964785519731,0.414177751157729,0.678743934601806,NA
"ENSMUSG00000033256",16.1478754991912,-0.0430894850541972,0.733019077302336,-0.0587835792934279,0.953124487667055,NA
"ENSMUSG00000033257",244.484687424882,0.181958706903435,0.326170163172917,0.557864352561796,0.576937015150283,0.750115515580015
"ENSMUSG00000033268",0.567931659207586,2.77006078223871,5.98539125253057,0.462803627259548,0.64350513102808,NA
"ENSMUSG00000033272",616.996695567289,-0.18954875551152,0.184371166521289,-1.02808242247377,0.303911058246072,0.515470283246813
"ENSMUSG00000033276",1.38449884740741,-3.36305075967548,4.61600868146305,-0.728562485850775,0.466269332953722,NA
"ENSMUSG00000033278",0.603290998081644,0.772602966874663,7.27883133484405,0.106143820530115,0.915468243747114,NA
"ENSMUSG00000033282",60.7385145134235,1.7939103089375,0.497263694322158,3.60756341036089,0.000309086014259471,NA
"ENSMUSG00000033285",482.803273684442,0.283527865308105,0.292693901969686,0.968683882377124,0.332702936679282,0.541271976477074
"ENSMUSG00000033287",14.81470104392,-3.54389566346463,1.81773204404607,-1.94962490487669,0.0512208427637359,NA
"ENSMUSG00000033294",567.895240485686,-0.276412473276922,0.303378497912184,-0.911114252259671,0.362235177730345,0.570992621888767
"ENSMUSG00000033295",4.82375552467215,-2.62783894133418,1.65088077918782,-1.59177996040816,0.111434154415083,NA
"ENSMUSG00000033306",256.91251506913,0.384544227821065,0.294604371352818,1.30529029849505,0.191794016285351,0.38754638598554
"ENSMUSG00000033307",17580.9023850571,-0.695598107262566,0.248415456875422,-2.80014020066152,0.00510804159335598,0.0426821565091495
"ENSMUSG00000033308",1.17187656672581,1.23946380044116,4.06037303081926,0.305258603343417,0.760169201885354,NA
"ENSMUSG00000033313",197.143748715735,-0.602674324657299,0.408569407971628,-1.47508431345685,0.140189877208387,0.318340588665057
"ENSMUSG00000033316",17.3493816461169,0.901552465147051,0.856105543420672,1.05308565290302,0.292301737732597,NA
"ENSMUSG00000033318",1321.71070617562,-0.569118014193051,0.263835724855159,-2.1570923138081,0.0309984723790378,0.125479074310724
"ENSMUSG00000033319",371.555015404906,-0.0136226888624158,0.20411529965705,-0.0667401654129033,0.946788558202047,0.981027767067845
"ENSMUSG00000033323",269.746995380021,-0.179364892364626,0.212086537501076,-0.845715595520605,0.397711420906459,0.603805467003586
"ENSMUSG00000033326",108.790897656095,0.0603424224770547,0.347769535440108,0.173512675285632,0.86224846555567,0.934370322518943
"ENSMUSG00000033327",0.890915483726115,-0.0456756590442344,7.13944763237729,-0.00639764606397502,0.994895451801517,NA
"ENSMUSG00000033335",1242.79503878779,-0.00181178832027814,0.143671366520575,-0.012610643054047,0.989938429285198,1
"ENSMUSG00000033342",0.816746281641795,-0.898602788423731,7.10806195882162,-0.126420224476026,0.899399293771167,NA
"ENSMUSG00000033343",0.312086412993844,-3.87032471585122,7.24610560163284,-0.534124801462883,0.593255191607205,NA
"ENSMUSG00000033350",63.6808839915084,1.44632161674984,0.679268992349182,2.12923250294098,0.0332350290182255,NA
"ENSMUSG00000033352",620.085884870148,-0.360788991429163,0.229498110532588,-1.57207826501008,0.11593240148504,0.283731564416841
"ENSMUSG00000033355",1022.64112260458,-0.991509509647025,0.31159272308863,-3.18206888729233,0.00146227033728789,0.0237942384229693
"ENSMUSG00000033356",109.985514061848,0.148440852510226,0.303075334757717,0.489782029371977,0.624288148479976,0.783928905960945
"ENSMUSG00000033361",7.66299425915285,0.897654581248775,1.0355103705546,0.866871647811703,0.386012339645301,NA
"ENSMUSG00000033364",874.296503728473,0.23831098330169,0.197174706018144,1.20862857165747,0.226805574505207,0.42925006777407
"ENSMUSG00000033365",120.150197002236,0.475644512741533,0.360660284492086,1.31881588628861,0.187230671903591,0.381524467484436
"ENSMUSG00000033368",7.08509784084815,0.169550544439877,1.21523919906377,0.139520305607736,0.889039011309969,NA
"ENSMUSG00000033373",275.489581075847,-0.196997000125444,0.248379779043232,-0.793128172044775,0.42770315066191,0.630645233337259
"ENSMUSG00000033377",2.2410743953965,1.92178402220851,2.17820571734214,0.882278476687447,0.377626232739734,NA
"ENSMUSG00000033379",2336.41614155229,-0.489493391925528,0.227319154199144,-2.15333104528757,0.0312926705690904,0.126204834180114
"ENSMUSG00000033382",14.7342034654229,-0.0101937276795434,0.769901187386839,-0.0132403064789943,0.989436072533825,NA
"ENSMUSG00000033383",0.400284359092727,-3.549151011016,7.25426074837921,-0.489250543111367,0.624664330412097,NA
"ENSMUSG00000033386",365.105408193263,0.661485455635521,0.334521520634675,1.97740777448491,0.0479955558936011,0.164410664111793
"ENSMUSG00000033389",4.35494870947967,-0.00205558405199347,1.23080028351731,-0.00167011990452191,0.998667437732979,NA
"ENSMUSG00000033392",321.019820717847,0.708970608499326,0.256360619199085,2.76552073682094,0.0056831991550248,0.0452686733661726
"ENSMUSG00000033396",83.6350821082669,0.377731623559712,0.486550713720349,0.776345842083828,0.437544812654692,0.639150358074719
"ENSMUSG00000033400",259.35701041554,0.820447883081796,0.305868108101745,2.68235838045881,0.00731050972136229,0.0517653213436005
"ENSMUSG00000033405",35.6313717487354,-0.105723941978425,0.699208007869421,-0.151205279099391,0.879813786058049,NA
"ENSMUSG00000033409",0.757077616694449,2.73398508820665,4.26893153213091,0.64043779283617,0.521888019403491,NA
"ENSMUSG00000033411",854.452298772031,1.06660342779197,0.270269202781683,3.94644827014769,7.93190490342669e-05,0.00693866194428078
"ENSMUSG00000033416",350.079952143897,0.116906608824434,0.191548259707927,0.610324567827937,0.541646825593578,0.724320734712191
"ENSMUSG00000033417",348.277100214404,-0.318639662090935,0.210298364640479,-1.51517898218407,0.129727084188845,0.304281775153811
"ENSMUSG00000033419",2.19659194862947,-0.217379281750958,2.11230783114555,-0.102910796686802,0.918033768683305,NA
"ENSMUSG00000033420",16.8484015935318,1.36445929304062,0.756021762883495,1.804788380478,0.0711078033498897,NA
"ENSMUSG00000033423",457.133281548245,-0.48447759532724,0.301271020400603,-1.60811217316231,0.107810613594061,0.270415609078227
"ENSMUSG00000033427",33.0178717154897,0.454405185100464,0.561351748483669,0.809483868764833,0.418236877873799,NA
"ENSMUSG00000033429",463.275344277517,-0.762625744794208,0.254733376055277,-2.99381948531439,0.00275508894488419,0.0312422923155765
"ENSMUSG00000033430",445.856554835047,-0.0446701056032006,0.179434693143762,-0.24894910131683,0.803400153281339,0.901240577377853
"ENSMUSG00000033434",227.377798248404,-0.575072479449915,0.227479811091035,-2.52801546076446,0.0114709300458301,0.068184091102243
"ENSMUSG00000033436",57.1558448930189,-0.00239247609781027,0.658194141894745,-0.00363490943708955,0.997099768266815,NA
"ENSMUSG00000033439",288.571758755426,0.599792446626727,0.258616943211001,2.31923105725276,0.0203825113386724,0.0965873080454346
"ENSMUSG00000033444",320.082518449368,0.831795176334492,0.195246312597342,4.26023500914923,2.04212068113147e-05,0.003058539838331
"ENSMUSG00000033446",491.836423980516,0.182582427143267,0.204543862695931,0.892632146165584,0.372054198340556,0.581108422274329
"ENSMUSG00000033450",1335.3613272349,-0.141597627324743,0.189028273826335,-0.74908173501511,0.453807943080577,0.653408425879854
"ENSMUSG00000033453",2.1705758330494,-0.117436867233589,1.88257352319974,-0.062381025647267,0.950259404867793,NA
"ENSMUSG00000033454",745.11322900923,0.182466086237225,0.174739983556322,1.04421485296989,0.296385996559054,0.5078480804275
"ENSMUSG00000033458",52.8610837722335,0.870673142549057,0.439583087441465,1.9806793469164,0.0476272443172893,NA
"ENSMUSG00000033460",10.4172111058306,2.70188726774258,1.5601951469184,1.73176238439094,0.0833158780778096,NA
"ENSMUSG00000033467",173.856230614119,0.0907732503387164,0.263791223031336,0.344110199329617,0.730763412827466,0.853449472566104
"ENSMUSG00000033470",148.68414680544,-1.92191104985137,0.41917464611997,-4.58498878126639,4.540108127247e-06,0.00103637405814048
"ENSMUSG00000033475",8496.7457288813,-0.79069530693549,0.25383407626309,-3.11500850703734,0.00183939604882255,0.0260056804423214
"ENSMUSG00000033478",407.982220190856,0.513562318292309,0.257785880586465,1.99220499246875,0.0463485706965774,0.160583724819546
"ENSMUSG00000033486",27.1171138119703,-0.656157665962298,0.617528736803981,-1.0625540591977,0.28798423022026,NA
"ENSMUSG00000033487",412.160030613166,0.833791303929287,0.277945599353381,2.99983632001743,0.00270124722925643,0.0312302091943857
"ENSMUSG00000033488",97.5280762223323,-0.166295946400643,0.424359809516459,-0.391874872858791,0.6951506696787,0.834249645237151
"ENSMUSG00000033491",7.19370224445607,0.552945939474677,0.902705968574692,0.61254268690362,0.540178764491193,NA
"ENSMUSG00000033498",6.87835896881365,-1.02581128448256,1.72463993236447,-0.594797363340754,0.551978930246545,NA
"ENSMUSG00000033499",1725.47133501307,0.171322875515226,0.199303828483456,0.859606545538322,0.390005965654309,0.598057831701376
"ENSMUSG00000033501",0.0400922426516566,0,7.3561311249555,0,1,NA
"ENSMUSG00000033502",325.803698504295,0.351217259519803,0.239311441943589,1.46761582591856,0.142208606698067,0.321035479953853
"ENSMUSG00000033508",11.1952642446875,-0.801010690009695,1.6051259548015,-0.499032918640178,0.617756193636146,NA
"ENSMUSG00000033510",0.464155668011044,0,7.3561311249555,0,1,NA
"ENSMUSG00000033520",2.2509964413844,-0.141522327903944,2.11045241346713,-0.0670578151873352,0.946535676867999,NA
"ENSMUSG00000033526",932.20096716249,0.497994104927259,0.256305275671222,1.94297251050761,0.0520194798102891,0.171794820193807
"ENSMUSG00000033530",179.742484702175,-0.369843730685694,0.297755401594924,-1.24210586509809,0.2141975048764,0.414839799314892
"ENSMUSG00000033533",0.0758726375939529,1.15649849188694,7.35597916080926,0.157218837438863,0.875072382789627,NA
"ENSMUSG00000033538",274.141151296766,0.299630752086302,0.41803844475813,0.71675405897097,0.473525863302199,0.669068490386254
"ENSMUSG00000033540",65.4540051155845,0.255543010121075,0.466604538478642,0.547665076199794,0.583921896425639,0.754258856821975
"ENSMUSG00000033542",18.9184743996181,1.67886398201615,0.676400610261493,2.48205568792599,0.0130626859204525,NA
"ENSMUSG00000033543",2943.35438965358,-0.630056340892308,0.251181963408899,-2.50836617542733,0.0121290902148036,0.0707483886741342
"ENSMUSG00000033544",14.1916609430398,0.949359409589624,0.897570502030394,1.05769898569759,0.290192697834706,NA
"ENSMUSG00000033545",302.121512857039,-0.000914044234736853,0.354017534656642,-0.00258191797088067,0.997939929802616,1
"ENSMUSG00000033554",1849.64859330132,-0.663869149315629,0.246053456174403,-2.69806878406567,0.00697430285216087,0.0504411018403445
"ENSMUSG00000033557",219.63519563905,0.0601792314771843,0.200271726551222,0.300487904675814,0.763805021075529,0.875691560349293
"ENSMUSG00000033565",1.84102995800517,0.157141235703698,2.00899078770496,0.0782189926730396,0.937653854334056,NA
"ENSMUSG00000033569",9.12957550362887,0.0933236269658727,0.979060769875452,0.0953195448508723,0.92406101879004,NA
"ENSMUSG00000033576",4.46464876096343,0.0539086633955511,1.71126929441186,0.0315021508137787,0.974869076896307,NA
"ENSMUSG00000033577",32.0444305521437,0.168642753681451,0.636360333497882,0.265011416966347,0.791000666711274,NA
"ENSMUSG00000033578",1.13630269530979,3.15287585616858,5.53656241130155,0.56946452003011,0.569040942061831,NA
"ENSMUSG00000033579",0.706571715248545,3.06887017578104,4.36330940748866,0.703335447748445,0.481846724776066,NA
"ENSMUSG00000033581",39.5906359216434,-0.368043234084989,0.553729908186921,-0.664662010564091,0.506266697236315,NA
"ENSMUSG00000033585",0.19050011542068,-1.11003068370931,7.29419320154922,-0.152180049669311,0.879044928742479,NA
"ENSMUSG00000033589",914.866298766886,0.105350381807326,0.216816462991993,0.485896598226566,0.627040480403625,0.785489183727009
"ENSMUSG00000033590",4.82299837569331,1.94961829144998,1.48596363246351,1.31202288458285,0.189512413234472,NA
"ENSMUSG00000033594",71.375382742234,-0.235174003572721,0.342084745971725,-0.687472932780696,0.491784751834686,0.682765768523297
"ENSMUSG00000033595",0.078695778764376,-1.6737788715612,7.35017935542244,-0.227719459706301,0.819864343206103,NA
"ENSMUSG00000033596",620.339090406262,0.261598818119839,0.236398999320303,1.10659866950364,0.268467482806479,0.478852592483227
"ENSMUSG00000033597",5.22837879645417,2.22102074864853,1.45852336606978,1.52278722461157,0.127811947197981,NA
"ENSMUSG00000033610",28.035543601398,-0.184395824318215,0.579343770963558,-0.318283950842398,0.75026955718734,NA
"ENSMUSG00000033615",0.225377315184153,-1.66734158309694,7.35001623993272,-0.226848693753662,0.820541398416597,NA
"ENSMUSG00000033618",3.65264556347543,-0.240855508365524,1.57878913686445,-0.152557110219212,0.878747550065345,NA
"ENSMUSG00000033623",184.876228903038,0.91900327410448,0.469924880256414,1.95563868336366,0.0505077325726542,0.168902279818444
"ENSMUSG00000033624",67.4317393296859,0.114277688015344,0.44687389682909,0.255726926155749,0.798161702255968,0.897897852145242
"ENSMUSG00000033628",434.306597433555,0.0713727864483571,0.167047098534887,0.427261455447856,0.66918890387486,0.816530994975545
"ENSMUSG00000033629",806.899991771275,0.329446353655742,0.198720775673069,1.65783548569546,0.0973506766875548,0.253594992198434
"ENSMUSG00000033632",189.570399217065,-0.20622856212979,0.274294792444833,-0.751850081773854,0.452141220332467,0.652088701923904
"ENSMUSG00000033633",3.83363722389179,0.34927103137883,1.20798219346302,0.289135910503405,0.772477373997874,NA
"ENSMUSG00000033634",0.845324212100736,2.07902915003134,3.50192601898274,0.593681630840183,0.552725071360589,NA
"ENSMUSG00000033644",5.46706334281218,-0.609984347415415,1.09738638698369,-0.55585193569973,0.57831207801969,NA
"ENSMUSG00000033653",82.190650536796,-0.231956937958629,0.307021854002795,-0.755506277271447,0.449945267306147,0.65005977306654
"ENSMUSG00000033658",254.881503098787,0.0115263859622125,0.260260899628798,0.0442878126474326,0.964674986242117,0.989089538326245
"ENSMUSG00000033669",179.206105747303,0.109933551479815,0.240478445772305,0.457145134678327,0.647566730717885,0.799749766759907
"ENSMUSG00000033671",791.449570797645,0.446691452401544,0.239334996782853,1.86638585416249,0.0619874007961843,0.192175699903156
"ENSMUSG00000033676",4.40341019124719,1.25576071179703,1.89715505264816,0.661917806899425,0.50802389902149,NA
"ENSMUSG00000033684",523.0399801766,0.583296436447107,0.31094414308391,1.87588816004712,0.0606706387847036,0.189069755481335
"ENSMUSG00000033685",6345.8553129584,-0.496114998584327,0.390415724904881,-1.27073518543649,0.203822873694004,0.401033473411588
"ENSMUSG00000033688",3.90882772545664,2.08854260232586,1.48973422416047,1.40195651576901,0.160928232223078,NA
"ENSMUSG00000033697",614.332916393746,0.636119938840373,0.28949281410572,2.1973600305259,0.0279947434710857,0.1172352631749
"ENSMUSG00000033701",552.294024186002,-0.6122731410326,0.27799453400944,-2.20246467512131,0.0276325017432924,0.116480716303815
"ENSMUSG00000033703",52.5436086260861,0.182135019949826,0.474299150997299,0.384008741248755,0.700971968719637,NA
"ENSMUSG00000033705",15.8209863837641,1.45299007137124,0.856201995473361,1.69701785215758,0.0896932854709681,NA
"ENSMUSG00000033706",249.6519598601,0.965548428788802,0.387539774682361,2.49148214420106,0.0127211361080313,0.0724774815146338
"ENSMUSG00000033707",0.3731782107628,1.64614852057828,6.9980826928585,0.235228503695472,0.814031383842998,NA
"ENSMUSG00000033712",216.762966234312,0.0427660767550617,0.275421849444741,0.155274815129153,0.876604669406468,0.943309074361304
"ENSMUSG00000033713",1663.79453342525,0.550666862374614,0.217204545042907,2.53524557815231,0.0112368520356293,0.0671561562105172
"ENSMUSG00000033715",0.215364909816825,-2.99335072164268,7.2708998134839,-0.411689171688421,0.680567262715298,NA
"ENSMUSG00000033717",0.948324629058173,-0.281573829016732,6.98929128480497,-0.0402864636116806,0.967864745491722,NA
"ENSMUSG00000033720",13.2336870256917,-0.718293706212862,1.07818810075056,-0.666204445878076,0.505280431605685,NA
"ENSMUSG00000033721",94.2579611122961,1.00566972075372,0.463027477731845,2.17194393231267,0.0298598922198769,0.122475118088582
"ENSMUSG00000033722",1.94044691391032,0.61427241065788,2.81331328455589,0.218344829930609,0.827160447733665,NA
"ENSMUSG00000033726",0.335928356394395,1.95145043270152,7.29025945173758,0.267679147171697,0.788946302389292,NA
"ENSMUSG00000033728",141.563673340072,-0.334174291648684,0.349682583644935,-0.955650373448403,0.339248902678299,0.548155302287275
"ENSMUSG00000033730",0.246690165560951,-0.467015457502955,7.20569231217827,-0.0648120176757556,0.948323672848378,NA
"ENSMUSG00000033732",1567.92095833687,0.523063825847891,0.206769885104143,2.52969055713524,0.0114163162520006,0.0680230778487198
"ENSMUSG00000033735",231.663636064204,-0.803809001451693,0.35563546248605,-2.26020486211558,0.0238085392455015,0.105869280450644
"ENSMUSG00000033737",0.678989866150237,4.7286880172448,7.25537909625236,0.651749268303199,0.514562933700283,NA
"ENSMUSG00000033739",39.2678584264393,-0.956541554964152,0.669262130598133,-1.42924799003534,0.152932968849693,NA
"ENSMUSG00000033740",2.10473679696543,1.60939652243762,2.15375843117024,0.747250248284884,0.454912517884624,NA
"ENSMUSG00000033751",1780.87803068262,-0.432686174030863,0.310419668307494,-1.39387486749794,0.163355394892047,0.350084645304853
"ENSMUSG00000033752",95.3612560779946,0.73381705606676,1.30578911014851,0.561972105881094,0.574135024266604,0.748034226228824
"ENSMUSG00000033760",1608.58079524566,0.304905084515707,0.209532221516892,1.45517039006397,0.145622096008001,0.325599280488371
"ENSMUSG00000033762",37.5523469751131,0.701397124147812,0.802145865225389,0.874400971886493,0.381899928305267,NA
"ENSMUSG00000033763",1.4679921355247,1.05418711889942,3.35730143985627,0.313998351886016,0.753522290515243,NA
"ENSMUSG00000033765",0.210017778992535,-0.23302041749209,7.35002309389507,-0.0317033585493952,0.97470861649946,NA
"ENSMUSG00000033767",794.761640866753,0.36886450579907,0.284346058522022,1.29723797726038,0.194549317427451,0.390657596549761
"ENSMUSG00000033768",2.69417447282633,2.24496118432251,2.05294069661101,1.09353435685137,0.274159252755121,NA
"ENSMUSG00000033769",155.685446584646,0.502650254995043,0.48367124005428,1.03923949445213,0.298693366713899,0.509681327458466
"ENSMUSG00000033770",2.68486588294964,-0.855047319106402,2.53397760234317,-0.337432863777382,0.735790614116558,NA
"ENSMUSG00000033773",302.785383025491,0.12853327744068,0.29369192227158,0.437646621148213,0.661642469682604,0.810149363658186
"ENSMUSG00000033774",2.46562219460126,-1.35428731099838,2.09000599553154,-0.647982500477923,0.516996268750247,NA
"ENSMUSG00000033777",15.8476143202752,0.766237094292555,1.57176269931885,0.487501767680716,0.625902790452383,NA
"ENSMUSG00000033781",283.833656689089,-0.0175777944990018,0.28411018758342,-0.0618696381446747,0.950666646411542,0.982779732250375
"ENSMUSG00000033788",2.48011373000759,-1.9988164179246,3.34428320251513,-0.597681564892996,0.550052428526313,NA
"ENSMUSG00000033790",355.065066232766,0.349420546923564,0.276655149961134,1.26301840747462,0.206582564520801,0.404770792921332
"ENSMUSG00000033792",101.025218158673,1.00998903259397,0.396942349855803,2.54442246578342,0.0109458609211462,0.0661894343903655
"ENSMUSG00000033793",1119.30829729575,-0.393111516506223,0.25830376114941,-1.52189621535877,0.128035087637506,0.301626987916289
"ENSMUSG00000033794",0.312985363879725,1.5542247013514,7.23411543016351,0.214846544315684,0.829886963013891,NA
"ENSMUSG00000033799",310.267510323315,0.946385119653435,0.466263558439905,2.0297213936684,0.0423848670163976,0.152481656516555
"ENSMUSG00000033805",4.14723058702075,0.748914200587671,1.98964197569057,0.376406514206022,0.706614703869465,NA
"ENSMUSG00000033808",304.690080574683,1.4194688293778,0.40152611129813,3.53518436145703,0.000407490746461149,0.0128222674165092
"ENSMUSG00000033809",486.495427098086,-0.28224801029377,0.328177173942986,-0.860047659325642,0.389762771482428,0.597983081810305
"ENSMUSG00000033813",3073.05603111549,-0.443520396523244,0.186815355095152,-2.37411103759294,0.0175912594860599,0.0882142311960454
"ENSMUSG00000033819",55.6812194934668,0.372633320018457,0.32465811942642,1.1477714485527,0.251062926843932,NA
"ENSMUSG00000033825",0.0761524196209141,-2.55627499047924,7.29465809108018,-0.350431090609309,0.726015196884991,NA
"ENSMUSG00000033826",397.003981866945,0.371923611142897,0.257677013691135,1.44337131906032,0.148915899011352,0.331539113001625
"ENSMUSG00000033831",0.116753401625726,-2.55559757252103,7.29467879551699,-0.350337231310527,0.726085627001031,NA
"ENSMUSG00000033834",0.120846952701237,-0.228404827643783,7.34984487213316,-0.0310761426421089,0.975208815891924,NA
"ENSMUSG00000033837",0.0400922426516566,0,7.3561311249555,0,1,NA
"ENSMUSG00000033845",2685.12262474974,-0.802188982461467,0.256559933790811,-3.12671183925212,0.00176773099036314,0.0253982861042727
"ENSMUSG00000033847",21.2784468331207,0.483052092365616,1.0630421556916,0.454405396605697,0.649537068862597,NA
"ENSMUSG00000033849",15.6592034951279,1.42654203623163,0.703819731055051,2.0268571244702,0.0426770264240813,NA
"ENSMUSG00000033850",0.172819636161759,0.808825993717562,7.31423370193715,0.110582465187481,0.911947452947973,NA
"ENSMUSG00000033852",101.2760282182,-0.964723486295006,2.30412023487989,-0.418694941214861,0.675439093278235,0.821446289007794
"ENSMUSG00000033854",5.41909073946491,-3.0975538311577,1.85607191116952,-1.66887598078348,0.0951419606737289,NA
"ENSMUSG00000033855",6.08003657129488,0.602140297213078,1.27774512823054,0.471252273954617,0.637460593098466,NA
"ENSMUSG00000033857",37.348051155525,-0.222874325121487,0.460479075395633,-0.484005326257222,0.62838208910569,NA
"ENSMUSG00000033860",0.182714228246268,2.74608716999148,7.26106538691963,0.378193422543528,0.705286911300242,NA
"ENSMUSG00000033862",158.809654568417,-0.0975045932841132,0.333634966622901,-0.292249323477896,0.77009600216326,0.880046125015471
"ENSMUSG00000033863",36.2951923613283,0.416500894077447,0.528766047504942,0.787684640575479,0.430881191943616,NA
"ENSMUSG00000033871",46.9007167473389,0.152901602291678,0.424235474159898,0.360416824157539,0.718535447012797,NA
"ENSMUSG00000033872",0.375730756981685,-0.231993977784973,7.35003333857877,-0.0315636633329655,0.974820021401556,NA
"ENSMUSG00000033880",1000.96427596485,0.199306784784919,0.269994953923499,0.738187073086523,0.46040077714361,0.658080773114604
"ENSMUSG00000033882",0.276252586236172,0.690805928905151,7.27985807768257,0.0948927742180736,0.924399995959446,NA
"ENSMUSG00000033883",242.12793805507,0.289803946540488,0.386997842537166,0.748851581808639,0.45394666596708,0.653408425879854
"ENSMUSG00000033885",403.254282828719,0.0508069388905323,0.180860840244483,0.280917299852488,0.778773831367698,0.886580596921536
"ENSMUSG00000033898",0.330244908554365,0.552057847953414,7.2624730070529,0.0760151325061432,0.939407059032781,NA
"ENSMUSG00000033900",15.9704585244791,1.14690016181586,1.57438139057595,0.728476701186296,0.466321825884201,NA
"ENSMUSG00000033902",51.6441498960412,0.0753956445096172,0.370288997482503,0.203612975330653,0.838655952709214,NA
"ENSMUSG00000033904",184.022712769651,0.674554346148929,0.421254935983958,1.60129719209893,0.109311110648174,0.27313961798716
"ENSMUSG00000033906",297.471858126213,0.236970760057387,0.25733345030643,0.920870410648924,0.357118088597484,0.566358463947719
"ENSMUSG00000033909",305.213781405215,0.297666574667842,0.287667122599161,1.03476049670999,0.300780775576306,0.511896176555441
"ENSMUSG00000033910",10.0821983430896,1.22121039116039,1.01726930403813,1.2004789550935,0.22995338109511,NA
"ENSMUSG00000033916",6569.76813960816,-0.863420453545812,0.241478336159248,-3.57556072018158,0.000349478047573202,0.0122503209229117
"ENSMUSG00000033917",765.018838452806,-0.63886502147007,0.231701732955786,-2.75727338470955,0.00582855982485382,0.046092251094944
"ENSMUSG00000033918",1484.72277093309,-0.24058790387157,0.196095251452959,-1.22689306390106,0.219862785861858,0.421680954257754
"ENSMUSG00000033931",722.290560164616,-0.106055610895569,0.189719289520132,-0.559013325233412,0.576152626100543,0.749574718215828
"ENSMUSG00000033933",331.289343644557,-0.796091704962006,0.348297007825071,-2.28566909010553,0.022273624869976,0.101546584478231
"ENSMUSG00000033938",11555.6238692928,-0.551326807352864,0.18268323152955,-3.01793877159263,0.00254500319178513,0.0303321023526459
"ENSMUSG00000033940",5503.95589917263,-0.853321031012729,0.268493947360574,-3.17817604233276,0.00148204735372427,0.0238254558817473
"ENSMUSG00000033943",752.631162142403,0.648030010740326,0.271556633506427,2.38635308728331,0.0170164047099984,0.0865708494896214
"ENSMUSG00000033948",1.96364827857762,-0.162985883898945,2.11773925817899,-0.0769622054601254,0.938653611428556,NA
"ENSMUSG00000033949",56.4198893365402,0.263255700581385,0.531293772300555,0.495499315645018,0.620247704973225,NA
"ENSMUSG00000033952",672.604932410871,2.85960185131686,0.674986283999243,4.23653327349696,2.26997295699716e-05,0.00327267249508632
"ENSMUSG00000033953",863.222745615929,0.0406600238771721,0.139724629909232,0.291001120586868,0.771050462474434,0.880729584187633
"ENSMUSG00000033955",46.1556194934017,-0.446876551936191,0.456595244098671,-0.978714863354162,0.327720885962281,NA
"ENSMUSG00000033960",5.98684549236737,-3.006735918603,1.92847075416039,-1.55912964306895,0.118965698898607,NA
"ENSMUSG00000033961",67.7868219287602,0.822801884454344,0.455041611730017,1.80819042312668,0.0705768686336809,0.206823808343903
"ENSMUSG00000033963",1.05382625369413,-1.86047976755186,3.68941101078343,-0.504275550247461,0.614067756262926,NA
"ENSMUSG00000033964",168.770034510035,-0.132024512370173,0.43516249836021,-0.303391291454734,0.761591681537635,0.87487899732708
"ENSMUSG00000033965",1.08660753166811,0.907579602684582,3.904554900616,0.23244124510617,0.816195317050931,NA
"ENSMUSG00000033966",11.5481444748201,0.496823912812996,0.759266655119664,0.654347072221542,0.512888225450179,NA
"ENSMUSG00000033967",18.9411172238273,0.562963647591352,0.548013458607018,1.02728069675941,0.304288309153187,NA
"ENSMUSG00000033970",1350.65037645131,-0.15601244931715,0.290456165835226,-0.537129066854289,0.591178464083433,0.760121223639695
"ENSMUSG00000033972",492.456111214469,-0.0842632725742755,0.218046722057899,-0.386445949652482,0.699166425191213,0.836208120147022
"ENSMUSG00000033981",10.4042958665441,0.437608241988614,0.849398098635134,0.515198047525406,0.606414633272047,NA
"ENSMUSG00000033983",140.128944691378,0.429428740713205,0.285715360203874,1.50299494016277,0.132840348783412,0.308021198616667
"ENSMUSG00000033985",50.1904022605253,0.745179772729754,0.484732744706973,1.53730025641289,0.12421979872809,NA
"ENSMUSG00000033987",16.618223822855,0.706522251157537,0.964409557294743,0.732595654837139,0.463805082074751,NA
"ENSMUSG00000033991",100.381155977317,0.788915832168829,0.395635071670334,1.99404928596977,0.0461466686364523,0.160101429812891
"ENSMUSG00000033998",0.797977132263611,-1.83052667337853,4.71387109850948,-0.388327689731978,0.697773548499567,NA
"ENSMUSG00000034000",1.15320749713001,-2.4643294647069,3.58710698409994,-0.686996366606901,0.492085018059939,NA
"ENSMUSG00000034006",117.341325570367,-0.0985896893942044,0.266629665281386,-0.369762641715649,0.711559353023233,0.841779611561215
"ENSMUSG00000034007",266.668146152958,0.567478858632758,0.2947327612828,1.92540135736134,0.0541791659224044,0.176036053634776
"ENSMUSG00000034009",2.10772331696156,0.930206618889273,2.37187720388192,0.392181609303743,0.694924031579977,NA
"ENSMUSG00000034021",789.226928567993,0.225002413728277,0.260225512336736,0.86464394558332,0.387234244475907,0.595675460106495
"ENSMUSG00000034022",408.052012534207,0.621679986295248,0.173110399447663,3.59123419666767,0.000329115723462008,0.0118733902424159
"ENSMUSG00000034023",222.735287282797,2.06946221948149,0.662215586579685,3.12505815541155,0.00177769910883742,0.025467472015736
"ENSMUSG00000034024",4537.65026041114,-0.175587937619414,0.108381196025399,-1.62009595814264,0.105211665535667,0.265989082818431
"ENSMUSG00000034028",2081.81109291329,-0.290694165718644,0.264741005882069,-1.09803226270182,0.272190401590505,0.483148035819223
"ENSMUSG00000034031",0,NA,NA,NA,NA,NA
"ENSMUSG00000034032",395.565398090421,0.307766235023423,0.239375800736285,1.28570320841446,0.198546661089225,0.394932813154913
"ENSMUSG00000034035",57.6405469093348,0.0647505243355226,0.478135425918787,0.135422980238492,0.892277455889994,NA
"ENSMUSG00000034037",0.432779615572924,-0.981823963563441,7.17473209520222,-0.136844686398812,0.891153561232344,NA
"ENSMUSG00000034039",0.171932094169036,1.15113259105329,7.35611146169009,0.156486561826622,0.875649510861438,NA
"ENSMUSG00000034040",22.7536946168126,-0.753201705542023,0.550324808723305,-1.36864937506519,0.171108902078121,NA
"ENSMUSG00000034041",12.3917620149658,1.31155631127949,1.78749689182563,0.733739072373966,0.463107780266958,NA
"ENSMUSG00000034042",498.593211987611,0.0911655483813988,0.246202926656457,0.370286209101844,0.71116924825316,0.841602779717765
"ENSMUSG00000034055",2.41406012419245,0.874616248153118,1.9078297601355,0.458435163570883,0.646639833598888,NA
"ENSMUSG00000034057",0.326379068582163,2.35208642870393,7.23128356469458,0.325265412102985,0.744980205952338,NA
"ENSMUSG00000034059",0.605193645537866,1.66689247386475,5.26655754122955,0.316505128979488,0.751619132759749,NA
"ENSMUSG00000034063",6.2665270263969,1.09360074316168,1.01794143772043,1.07432579384004,0.282676688288123,NA
"ENSMUSG00000034064",407.995229312102,0.235094756792147,0.225811895495545,1.0411088232364,0.297825045050949,0.508988575508757
"ENSMUSG00000034066",2.70356525700361,2.46118351181821,1.96663636646927,1.25146852452282,0.210763590271313,NA
"ENSMUSG00000034071",6.40982991316711,-0.177774485172105,1.37667267274529,-0.129133445220204,0.897252058097752,NA
"ENSMUSG00000034075",341.92331653616,0.32294624851658,0.222432711970444,1.4518828892375,0.146534171014117,0.327342436265435
"ENSMUSG00000034083",783.067853117769,-0.155514467191054,0.183865663235293,-0.845804836284422,0.397661627060339,0.603805467003586
"ENSMUSG00000034087",0.472934823609956,-1.15114157766141,7.29765981883557,-0.157741194607382,0.874660738235893,NA
"ENSMUSG00000034088",998.649577737432,0.173551838511919,0.188252266264277,0.92191101842184,0.356574991329509,0.565951154350064
"ENSMUSG00000034098",1.02831911317236,0.544015687994091,3.6687537132239,0.14828351274527,0.882119026436716,NA
"ENSMUSG00000034101",7.98416710875528,-1.45589312320005,1.61247845201372,-0.9028915216708,0.366583470805519,NA
"ENSMUSG00000034105",89.9002430648251,0.497075574395965,0.401443717647459,1.23821983641674,0.215634558279468,0.416643394955539
"ENSMUSG00000034107",1.03192147787335,-1.12503764570873,3.80432498460254,-0.295725956710364,0.767439372741685,NA
"ENSMUSG00000034108",898.723025082625,-0.614259646422574,0.261917798263981,-2.34523827893313,0.0190149231630605,0.0928079306393268
"ENSMUSG00000034109",315.755043692695,0.182809816031305,0.254172976690441,0.7192338792725,0.471996828096702,0.667865100493158
"ENSMUSG00000034110",25.5914827786919,-0.267376970928449,0.616747900729124,-0.433527168251977,0.664631833113545,NA
"ENSMUSG00000034111",186.498361958351,0.170350990900886,0.236029122605597,0.721737169635382,0.47045608498827,0.666886473041105
"ENSMUSG00000034112",0.388876370820908,0,7.3561311249555,0,1,NA
"ENSMUSG00000034115",5.21954521603979,-0.16837559677628,1.39905139931017,-0.120349829076545,0.904206033031638,NA
"ENSMUSG00000034116",782.449563830085,0.0450111447966928,0.24973459237576,0.180235923139424,0.856967357612895,0.932737539088689
"ENSMUSG00000034117",0.39979950595213,1.15625657102517,6.79992440983151,0.170039621227763,0.864978977114592,NA
"ENSMUSG00000034118",111.201841145048,-0.0668679707090906,0.291952510546891,-0.229037149171391,0.818840042592581,0.909771138701546
"ENSMUSG00000034120",5682.80922875863,0.116270103420749,0.17826249711943,0.65224096654975,0.514245736065462,0.702569017722642
"ENSMUSG00000034121",41.1329390713728,0.154504958514314,0.464706378408732,0.332478669742768,0.739527843589011,NA
"ENSMUSG00000034122",0.307012766869262,1.35308967219603,7.25521423152916,0.186498927394297,0.85205351991761,NA
"ENSMUSG00000034126",35.7205501631606,0.0749889354164512,0.493720595680546,0.151885370131433,0.879277347358465,NA
"ENSMUSG00000034127",3.49861923285829,2.97332557004857,2.16085972852133,1.37599194006138,0.168824128625401,NA
"ENSMUSG00000034135",305.126407789715,0.0846966292336408,0.221756070755585,0.381936011695444,0.702508828048949,0.837975113462515
"ENSMUSG00000034139",0.0406180793754555,0,7.3561311249555,0,1,NA
"ENSMUSG00000034145",0.627766750574442,-1.58147826737434,7.2699788575175,-0.217535469960688,0.827791067720534,NA
"ENSMUSG00000034151",0.172853212632394,1.92235411151646,7.2788832677648,0.264100142947721,0.791702753744774,NA
"ENSMUSG00000034152",786.837660199789,0.0103845208096401,0.145392808040819,0.071423896061796,0.943060391866424,0.979089507816953
"ENSMUSG00000034154",214.266137388677,0.176848562946933,0.212362999777307,0.83276542115333,0.404977040067001,0.610057610646495
"ENSMUSG00000034156",82.2839937483736,0.568488081299857,0.610491851694762,0.931196836979396,0.351751753754842,0.560817110623647
"ENSMUSG00000034157",266.16279951509,0.274550459008848,0.213148134245887,1.28807347988384,0.197720385990485,0.394177633226418
"ENSMUSG00000034158",643.518449045444,0.291505012932424,0.194338244215104,1.49998789023621,0.133617539421186,0.309178224994949
"ENSMUSG00000034159",0.0880797147074148,0,7.3561311249555,0,1,NA
"ENSMUSG00000034160",2610.81660897426,0.727234023277932,0.250345194218528,2.90492503979575,0.00367341064652587,0.0363480122531614
"ENSMUSG00000034161",0.956139093380523,0.151460736824036,4.06427890995155,0.0372663245263947,0.970272655966635,NA
"ENSMUSG00000034163",609.238020565623,0.571299729588757,0.279439028412869,2.044452175609,0.0409088973792396,0.148616115616973
"ENSMUSG00000034164",14.3160091783476,0.505583909998479,0.816144256414128,0.619478610582705,0.535601108477708,NA
"ENSMUSG00000034165",3426.64244669695,-0.653299787219667,0.166042130167288,-3.93454231502248,8.33553830515905e-05,0.00709679350236254
"ENSMUSG00000034168",306.666396893974,-0.161943949837899,0.268020627432083,-0.604221963770068,0.545696080267321,0.727864762305016
"ENSMUSG00000034171",441.179430900333,0.519684342111685,0.275459565602194,1.88660844278753,0.0592130103571969,0.186170676647866
"ENSMUSG00000034173",40.1019868688791,-0.434014561736899,0.601628862572717,-0.721399169383169,0.470663957501604,NA
"ENSMUSG00000034175",51.8230228142074,-0.0365128032416354,0.386245335898601,-0.0945326709426489,0.92468603098165,NA
"ENSMUSG00000034177",32.9377368497401,-1.3661441700907,0.727605773681803,-1.87758841326642,0.060437492025215,NA
"ENSMUSG00000034185",0.185295783997021,0.771403386650341,7.2788618192539,0.105978572722708,0.915599352921427,NA
"ENSMUSG00000034187",687.011168952202,0.554393699898962,0.24407325034606,2.2714234317481,0.0231213572720783,0.103794103830379
"ENSMUSG00000034189",595.97992566205,-0.0238165109087759,0.191325479094096,-0.124481647826229,0.900933930267313,0.955653171015386
"ENSMUSG00000034190",242.309651408316,-0.130658149425321,0.256684583581009,-0.509022192149246,0.61073666881975,0.774885376881432
"ENSMUSG00000034192",4840.18876592626,-1.04773687769232,0.293817822879526,-3.56594051179094,0.000362553612069852,0.0124438974142725
"ENSMUSG00000034194",116.279345569507,0.134891627998306,0.306434047872764,0.440197911866226,0.659793771982314,0.808787380461951
"ENSMUSG00000034201",13.2704914826393,-1.46112658138772,2.08353275183047,-0.701273632537842,0.483132265580168,NA
"ENSMUSG00000034203",694.009271955793,-0.379234491306656,0.238274502759651,-1.591586539535,0.111477636515565,0.276523118526432
"ENSMUSG00000034205",935.671052663707,0.519436136431948,0.365625521310579,1.42067800565463,0.155410389449922,0.339348729779651
"ENSMUSG00000034206",193.997795043832,-0.228725834475707,0.353958895198982,-0.6461932093757,0.51815423673639,0.705017843102438
"ENSMUSG00000034209",0.937142523857689,-3.53330233501869,5.60598442916689,-0.630273305190714,0.528515785345677,NA
"ENSMUSG00000034210",592.125019465043,0.189051599774086,0.261284157223017,0.723547886650939,0.469343345059218,0.665953153390031
"ENSMUSG00000034211",2955.1157983762,-0.87133756456338,0.282169936688509,-3.08798865956178,0.00201516160767528,0.0274378408978927
"ENSMUSG00000034212",50.2137922216638,-0.76605061136549,0.567397831250067,-1.3501119834698,0.176980065026949,NA
"ENSMUSG00000034216",60.8639878731991,0.525266854252807,0.419731878572508,1.25143426331881,0.210776083127642,NA
"ENSMUSG00000034218",553.32989655532,0.403949351966427,0.262247193251682,1.5403381327279,0.123477953312798,0.294094369754391
"ENSMUSG00000034219",0.241941179183149,-0.847736135071167,7.30232963284307,-0.116091189756537,0.907580271158449,NA
"ENSMUSG00000034220",27.9280880161969,0.225758777019602,0.590402815899071,0.382380928647527,0.702178834293181,NA
"ENSMUSG00000034224",2.81840926026413,5.26926935566778,2.27197913502373,2.3192419659315,0.0203819201745895,NA
"ENSMUSG00000034226",0.575587157211514,1.15598382349584,6.10408896459349,0.189378600181136,0.849796095564548,NA
"ENSMUSG00000034227",0.659000099516611,-1.51079996794709,4.82345151309515,-0.313219685912761,0.754113763187131,NA
"ENSMUSG00000034235",48.5520611370264,0.0800944122390864,0.413704191613344,0.193603095793489,0.846486673965653,NA
"ENSMUSG00000034239",0.413196907811402,2.31613043847263,7.26307271070508,0.318891264169623,0.749808968949975,NA
"ENSMUSG00000034243",425.326921648815,1.20239843307611,0.296394834249057,4.05674557764305,4.97612370455463e-05,0.00562085313279708
"ENSMUSG00000034245",2.88524872510121,1.21251088056705,1.99575995623922,0.607543445681655,0.543490319490857,NA
"ENSMUSG00000034247",148.902445363671,0.116844111622357,0.313744608666561,0.372417910602363,0.709581720720072,0.84099891966397
"ENSMUSG00000034248",197.035110241735,0.187119078257408,0.257176466048655,0.727590207348159,0.466864476918775,0.664213493716479
"ENSMUSG00000034252",1461.9973663392,-0.00863660265823552,0.152656419608243,-0.0565754305020342,0.954883406807721,0.984619860428603
"ENSMUSG00000034254",110.183991969705,-0.375742969213186,0.323162615933009,-1.1627055565458,0.244948986406164,0.451327239869959
"ENSMUSG00000034255",238.332755594824,0.010882521148302,0.265814322785175,0.04094031139585,0.967343480525749,0.990024625834466
"ENSMUSG00000034258",3.73123898196741,1.79923729761321,1.48841544670123,1.20882734830578,0.226729182440048,NA
"ENSMUSG00000034259",1469.98342822112,-0.491178446321583,0.275080829688248,-1.78557861294166,0.0741675123199419,0.213558362738895
"ENSMUSG00000034263",411.068322911293,-0.204856158118547,0.262556736820936,-0.780235771509682,0.435252110450322,0.636742209827058
"ENSMUSG00000034265",12.3512034825455,0.237173025346356,0.788090864743546,0.300946294338198,0.763455447915993,NA
"ENSMUSG00000034266",3132.92427219403,-1.06212924228822,0.282062763343639,-3.76557766681956,0.000166164460094527,0.0088785712866724
"ENSMUSG00000034269",691.7546496868,0.700540307308425,0.257966367961341,2.71562650916343,0.00661504976035046,0.04890614085195
"ENSMUSG00000034271",119.450455511223,-1.87244340009876,1.20584162476201,-1.55281038707576,0.120468440458552,0.289880850519179
"ENSMUSG00000034274",421.407647239921,-0.182408038316364,0.243785163555097,-0.748232729409468,0.454319792560562,0.653704679688669
"ENSMUSG00000034275",30.7157966719543,0.377997229159124,0.576496070189494,0.655680495852949,0.512029720755222,NA
"ENSMUSG00000034278",272.117229182681,-0.727359600409153,0.256106937786888,-2.84006207209585,0.00451047562385477,0.0401314595335774
"ENSMUSG00000034282",6.15401023231709,-1.19466321325745,1.63365584716472,-0.731282060007217,0.464606886060627,NA
"ENSMUSG00000034285",413.72738579255,0.030599858202767,0.319537468153535,0.0957629738371215,0.923708824761614,0.968368789468808
"ENSMUSG00000034290",511.963688552757,0.221162427689954,0.17958191178758,1.2315406684809,0.21812071597231,0.419805934070539
"ENSMUSG00000034292",125.15975594533,-0.49363845551135,0.392904317462984,-1.25638338285213,0.208977003435854,0.408652359834504
"ENSMUSG00000034295",0.788453417699135,0.461639336197048,4.30574242583537,0.107214805378769,0.914618570138706,NA
"ENSMUSG00000034297",788.000990435556,0.450585123682494,0.273442420979322,1.64782451116671,0.0993886876655259,0.256985921416093
"ENSMUSG00000034300",220.718364839427,0.0780490162741507,0.199294815944776,0.391625923153856,0.695334630967009,0.834249645237151
"ENSMUSG00000034303",59.1026215828129,1.36829059994073,0.465244889671565,2.94101156254863,0.00327142322157554,NA
"ENSMUSG00000034308",9.33062954713476,0.416536207532314,0.828930057648471,0.502498616968908,0.61531682501133,NA
"ENSMUSG00000034310",3.68339808845731,2.00528926658739,2.5286530216522,0.793026662581467,0.427762288726085,NA
"ENSMUSG00000034311",538.116053987636,1.15051677448661,0.694004407558241,1.65779462198885,0.0973589272021304,0.253594992198434
"ENSMUSG00000034312",267.183129374068,0.137997174387317,0.334351590962092,0.412730724535307,0.679803911609956,0.824036197258989
"ENSMUSG00000034317",1748.19326240697,0.243431000942901,0.213896882314107,1.13807643341628,0.255088567749326,0.464576647628363
"ENSMUSG00000034320",230.973590406783,0.70680760272148,0.245551647921734,2.87844780804227,0.00399637402817566,0.0378573705654671
"ENSMUSG00000034321",1237.70297459532,-0.495750538845611,0.20523155308431,-2.41556686286906,0.015710737701595,0.0823451670459082
"ENSMUSG00000034324",0.732499931775863,3.55243839827044,5.66907544927132,0.626634524457962,0.530898832090859,NA
"ENSMUSG00000034327",393.594964827444,-0.414065271672414,0.233420605922493,-1.7739019656641,0.0760793675590785,0.216977653872329
"ENSMUSG00000034329",911.962093801463,-0.0503231166204726,0.283160369432674,-0.177719490623979,0.858943277611992,0.932917039882064
"ENSMUSG00000034330",86.2108668346624,-0.242602315205662,0.533877912463594,-0.45441534392417,0.649529910600199,0.801273326629598
"ENSMUSG00000034333",311.792698572317,0.172504509237288,0.219305723215323,0.786593740957304,0.431519724426721,0.634255876542338
"ENSMUSG00000034334",57.5056945892646,-0.207096141881676,0.516830999974067,-0.400703792713802,0.68863821809762,NA
"ENSMUSG00000034336",0.515703099655863,0.770545718482268,6.31525863150105,0.122013327314691,0.902888463462878,NA
"ENSMUSG00000034339",0.0458889004883165,0,7.3561311249555,0,1,NA
"ENSMUSG00000034341",1735.72542840034,0.164377236981663,0.245648218686576,0.669157048484007,0.503395301808086,0.693624555111922
"ENSMUSG00000034342",743.949468376951,0.394853323634988,0.268812864021813,1.46887808019094,0.141865861032277,0.320399992243956
"ENSMUSG00000034343",1409.05760266349,-0.716806853435879,0.254076563653546,-2.82122381981402,0.00478408114604052,0.0412658308277579
"ENSMUSG00000034345",4089.90376033199,-0.817224301557434,0.235478949873366,-3.47047709358699,0.00051953465416543,0.0144527618747101
"ENSMUSG00000034349",7314.94222791801,0.365550692577603,0.183285695159246,1.99443111073124,0.0461049614502551,0.160095866566291
"ENSMUSG00000034353",1229.47441817768,-0.269530619018279,0.298716899418805,-0.902294512103895,0.366900440036421,0.576214737437118
"ENSMUSG00000034354",407.474456046928,0.342421187900494,0.213697407137402,1.60236472911591,0.109074979602463,0.272792968517476
"ENSMUSG00000034359",0.505262255879976,0.149921163942108,7.15228272153038,0.0209613028146669,0.983276524768374,NA
"ENSMUSG00000034361",30.5790456496758,-1.06710266868234,0.730569379991293,-1.4606452144149,0.144112831175709,NA
"ENSMUSG00000034362",1.08398278493165,0.595546452918335,4.6765707338108,0.127346828865997,0.898665897913002,NA
"ENSMUSG00000034371",48.8241770327977,-0.118141615174974,0.499608363830292,-0.236468449545622,0.813069186735327,NA
"ENSMUSG00000034377",721.984278502023,0.649471343975292,0.316908838288015,2.04939485905103,0.0404235195480159,0.147503318837998
"ENSMUSG00000034379",85.4700983742358,0.0835867344238252,0.582025663448081,0.143613485921968,0.885805690831491,0.948871830718389
"ENSMUSG00000034382",0.530712214289722,0,7.3561311249555,0,1,NA
"ENSMUSG00000034384",1.34230649062074,1.08341688622163,2.79881459550461,0.387098483751581,0.698683300077143,NA
"ENSMUSG00000034387",0.166858726351858,0,7.3561311249555,0,1,NA
"ENSMUSG00000034390",362.884263999705,0.41666891975221,0.204768161623588,2.03483254646855,0.0418677250322671,0.150989588450916
"ENSMUSG00000034391",0.51921737262582,1.35184356371087,7.25507080258867,0.186330857478127,0.852185310405763,NA
"ENSMUSG00000034394",70.0861064484676,2.70538997114973,1.72780866002617,1.56579257515051,0.11739718502333,0.28540855237472
"ENSMUSG00000034401",316.540263854597,0.00683519175478303,0.27876050912882,0.0245199428575602,0.980437876396587,0.996466009477716
"ENSMUSG00000034402",0.349603143673729,-1.10988972222581,7.29424871152211,-0.152159566546258,0.879061083782934,NA
"ENSMUSG00000034403",314.497639523983,-0.480966931836989,0.24554462117548,-1.95877608531797,0.0501390154410743,0.168465046782807
"ENSMUSG00000034412",225.513881576635,-0.515934783429344,0.277080304400483,-1.86204062589605,0.0625973640186347,0.193125762585582
"ENSMUSG00000034413",64.9985497207388,0.924314154377979,0.746559536398857,1.23809838239633,0.215679583618275,NA
"ENSMUSG00000034416",5.60561221966639,3.84872078818195,1.80172119900311,2.13613559651263,0.0326683630558501,NA
"ENSMUSG00000034422",1047.31930573558,0.24939829458093,0.255694378268772,0.975376526732924,0.329373522883824,0.538732414186308
"ENSMUSG00000034424",643.594117895835,-0.475699944648203,0.302758729784248,-1.57121792982549,0.11613203672166,0.283868739612662
"ENSMUSG00000034427",1.20918468696969,0.198852788282795,4.60526348987713,0.043179459485846,0.965558478770797,NA
"ENSMUSG00000034429",211.310729804792,-0.311502597446184,0.229696799648529,-1.35614687676463,0.175052440452669,0.365833694265251
"ENSMUSG00000034430",145.348497505914,0.00180851816016446,0.321591614592808,0.00562364837296632,0.995513001438375,1
"ENSMUSG00000034432",915.592832318197,-0.109461368931413,0.252198759419751,-0.434028181515474,0.664267976570285,0.812357905282354
"ENSMUSG00000034435",0.762035236672913,-0.293147670876306,4.419207099134,-0.0663349022347816,0.947111196442651,NA
"ENSMUSG00000034437",1463.43839251936,-1.55050272496027,0.42997199551695,-3.60605514109384,0.000310887102934622,0.0115098090356133
"ENSMUSG00000034438",936.382070873847,0.900646806290438,0.338360698587702,2.66179497219886,0.00777252059076802,0.0536227109555628
"ENSMUSG00000034442",265.736978920087,-0.73702055548159,0.333259540684214,-2.2115512551221,0.0269976866506227,0.114833103503187
"ENSMUSG00000034445",64.189869515662,-0.556249857370922,0.611924238101228,-0.909017526576393,0.363340874374834,NA
"ENSMUSG00000034449",89.1845810137388,-0.613423234552653,0.404994134474057,-1.51464720680281,0.129861770574294,0.304281775153811
"ENSMUSG00000034450",0.233793364050557,-2.55644365194543,7.29464923055703,-0.350454637522058,0.72599752812222,NA
"ENSMUSG00000034452",2.5707726053475,3.47672413979925,2.09708319307951,1.65788565340308,0.0973405484293555,NA
"ENSMUSG00000034453",316.506007853705,0.0108166860082529,0.435662426724552,0.0248281360629976,0.980192048639567,0.99642927315184
"ENSMUSG00000034456",3.54912499311506,0.206979567651274,1.4335437071319,0.144383158058975,0.885197915378573,NA
"ENSMUSG00000034457",2.08768850987018,-1.9231163990707,3.16392595067465,-0.607825982356077,0.543302894886855,NA
"ENSMUSG00000034459",256.308009202615,-0.781426143191039,0.39308280799748,-1.98794281330169,0.0468180150031233,0.161760251068114
"ENSMUSG00000034460",17.7706785005921,1.28120451986853,0.723030656960453,1.77199197231081,0.0763958898082989,NA
"ENSMUSG00000034462",37.430347373718,1.36087264502096,0.526765777530756,2.58344923506635,0.00978178613611561,NA
"ENSMUSG00000034463",0.302175067652344,0.475374228990431,7.19875982955231,0.0660355728272705,0.947349504230667,NA
"ENSMUSG00000034467",2.19772072615847,-3.23761154348318,2.17294251162593,-1.48996649757687,0.136233045175251,NA
"ENSMUSG00000034471",15.4370986301665,-0.591048650582898,0.904238228732316,-0.653642626248517,0.513342074949645,NA
"ENSMUSG00000034472",2.46828015569345,1.09639942585978,1.8301872262653,0.599064079415035,0.549130154104684,NA
"ENSMUSG00000034473",269.859309817144,-0.0231534990694031,0.381515317957791,-0.0606882554371373,0.951607485243975,0.983226863030862
"ENSMUSG00000034480",205.867181209345,0.705136238737391,0.282292010768235,2.4978965462693,0.0124932647610824,0.0716333655239557
"ENSMUSG00000034482",0.149326544921135,0,7.3561311249555,0,1,NA
"ENSMUSG00000034484",1787.54589213475,-0.524164111547565,0.279837498870024,-1.8731017596431,0.0610543344297742,0.189906260490346
"ENSMUSG00000034485",1.55407908270864,-0.13528901415363,4.70296043332263,-0.028766777027305,0.97705059799956,NA
"ENSMUSG00000034486",0.0474375977968173,0,7.3561311249555,0,1,NA
"ENSMUSG00000034487",76.905414653087,1.36247641969206,0.503258044527837,2.70731175488779,0.00678305267988978,0.0497776360361622
"ENSMUSG00000034488",9.49573598164358,1.03027431357489,1.12435349770783,0.91632597370423,0.359495948848339,NA
"ENSMUSG00000034493",0.15415856124064,1.15983941695083,7.35606326595835,0.157671212850795,0.874715885526219,NA
"ENSMUSG00000034501",297.561784996433,-0.507010338598556,0.232061565286696,-2.18480961279469,0.0289028089357652,0.119591572344093
"ENSMUSG00000034509",1024.76383889874,-0.729658140607192,0.282241246075618,-2.58522859699855,0.00973144534555435,0.0618642441761747
"ENSMUSG00000034518",339.286613265975,0.17321795138347,0.304970327437742,0.567982966863659,0.570046533849429,0.744964302895505
"ENSMUSG00000034520",3.87434280464081,0.565330516730677,1.3055538509415,0.433019684575238,0.665000469315058,NA
"ENSMUSG00000034522",39.0761473749937,0.388918866725398,0.605204860824626,0.642623501396657,0.520468429819351,NA
"ENSMUSG00000034525",475.348587327885,0.0486237294600645,0.244768593822756,0.198651831514277,0.842535105836862,0.924922565544497
"ENSMUSG00000034528",2.3445349009316,-0.726995696175982,1.96730789524067,-0.369538341169034,0.711726500209834,NA
"ENSMUSG00000034532",0.177757290879141,2.74861046454425,7.2610236336539,0.378543109514862,0.705027175293293,NA
"ENSMUSG00000034533",0.528712869845072,1.1450104520037,6.22460609405346,0.183949061949087,0.854053415584878,NA
"ENSMUSG00000034538",23.8291091723307,0.282888988991675,0.684228407211147,0.413442333013774,0.679282564394549,NA
"ENSMUSG00000034543",277.607077276521,0.547602847093629,0.391056651340095,1.40031590107743,0.161418741249157,0.347933767389429
"ENSMUSG00000034544",745.562304607276,0.621977217569335,0.228761345723925,2.71889123401098,0.00655011426749727,0.0488518370896217
"ENSMUSG00000034551",0.173630708078603,-1.67363358253472,7.35017567230901,-0.227699807072632,0.819879622432699,NA
"ENSMUSG00000034552",0,NA,NA,NA,NA,NA
"ENSMUSG00000034555",0.789786005746811,-1.97083650889459,7.13473860997387,-0.276231073993306,0.782370591770342,NA
"ENSMUSG00000034557",16.9822502408906,-0.0295561334223153,0.58727520025579,-0.0503275694417916,0.959861354364547,NA
"ENSMUSG00000034560",1403.94086672407,0.335056739375384,0.267778372997385,1.25124645289654,0.210844575019016,0.41021322275759
"ENSMUSG00000034563",246.749210252187,0.443822271067409,0.288801287382115,1.5367738665243,0.124348695178258,0.295619733486551
"ENSMUSG00000034566",20810.3045328733,-0.831878505885741,0.220391299367834,-3.77455239055209,0.000160295219454792,0.00875203063341216
"ENSMUSG00000034570",0.331466935117649,2.86694466028587,7.25934144194997,0.394931783166789,0.692893233056445,NA
"ENSMUSG00000034573",132.832314732427,0.198040562289747,0.521623383521259,0.379661971733052,0.704196352268302,0.838268417891638
"ENSMUSG00000034574",37.0152146978155,0.233483402907493,0.395185750228154,0.590819387522692,0.554641443306636,NA
"ENSMUSG00000034575",183.762244917015,-0.435803055567209,0.231985575153611,-1.87857824900811,0.0603021034115276,0.188365330266533
"ENSMUSG00000034579",1.69918958947705,-1.03926690504848,1.87366014931645,-0.554672044141852,0.579119001207737,NA
"ENSMUSG00000034583",0.0229869758457323,0.7588636472063,7.34589161034009,0.103304498277394,0.917721305613511,NA
"ENSMUSG00000034584",27.6392466717512,1.22366824609795,0.572928657303944,2.13581260161819,0.0326946915690318,NA
"ENSMUSG00000034586",327.799795168798,0.257134811404558,0.263669228221475,0.975217370411431,0.329452447522128,0.538732414186308
"ENSMUSG00000034591",7.43147318877875,-0.0308438924026944,1.40740253410727,-0.0219154731181858,0.982515381976104,NA
"ENSMUSG00000034593",363.369114051326,1.50264500849142,0.309261197498311,4.85882167128201,1.18086432659689e-06,0.000402511857531387
"ENSMUSG00000034595",1893.00095590651,-0.638390936520831,0.296130505404898,-2.15577566265239,0.0311011867385251,0.125645804326663
"ENSMUSG00000034601",174.438226552736,0.243163485163951,0.331887376088202,0.732668678242609,0.463760532005242,0.661284683421901
"ENSMUSG00000034602",471.693733602347,-0.00210953041473251,0.253746436902162,-0.00831353709035882,0.993366833518467,1
"ENSMUSG00000034607",0.287387785384339,0,7.3561311249555,0,1,NA
"ENSMUSG00000034610",1285.65778895051,0.769057277662928,0.26213750935388,2.93379333449269,0.0033484708218203,0.0345868694604949
"ENSMUSG00000034612",144.401223397548,-0.0501086560696371,0.492187985083069,-0.101807962787186,0.918909105104792,0.965480533196019
"ENSMUSG00000034613",946.311243466734,0.292793919329993,0.191349048268243,1.53015613079789,0.125978087177517,0.298240952552698
"ENSMUSG00000034614",527.51340185088,0.407895950482569,0.324831148272899,1.25571686290344,0.209218643135463,0.408909943548605
"ENSMUSG00000034616",7.8427423593558,0.149404259836582,0.984409144645619,0.151770491618468,0.879367956757293,NA
"ENSMUSG00000034617",237.591593160854,-0.0810813346782783,0.273278716361602,-0.296698315030841,0.766696843557137,0.877389108293549
"ENSMUSG00000034620",225.370758862192,-0.0372437017828896,0.25118447720381,-0.148272306463708,0.882127870000628,0.946523534058971
"ENSMUSG00000034621",598.338695379827,0.911585782365017,0.285197426754926,3.19633242395401,0.00139186650813127,0.0231525265371914
"ENSMUSG00000034623",0.795764935821697,1.98498300186876,5.60121943398843,0.354384081049173,0.723051062961694,NA
"ENSMUSG00000034634",327.767674183105,0.870563461773797,0.623913454847582,1.39532727657952,0.162917170299349,0.349714707580687
"ENSMUSG00000034636",445.617294762759,0.867439451263335,0.366814207590014,2.36479240256928,0.0180401800956643,0.0898826513334886
"ENSMUSG00000034639",48.0589311286772,-0.543646073139487,0.546028167454777,-0.995637414959025,0.319426348797275,NA
"ENSMUSG00000034640",326.112219871318,0.279707443015709,0.28426318802496,0.983973496389368,0.325128544468859,0.535738566773575
"ENSMUSG00000034641",21.8743678779537,0.387438796797624,1.02691706371728,0.377283434550358,0.705962981463649,NA
"ENSMUSG00000034645",0.118808832345252,-1.69274689950734,7.35066030470071,-0.230285012412401,0.817870306039079,NA
"ENSMUSG00000034647",1386.7058411777,0.544378583609997,0.201521126938527,2.70134745612085,0.00690591513360122,0.0502317668106314
"ENSMUSG00000034648",0.0406180793754555,0,7.3561311249555,0,1,NA
"ENSMUSG00000034652",147.717952243454,0.556575258208361,0.371225461655873,1.49929171271207,0.133797971352846,0.309378467093072
"ENSMUSG00000034653",427.160019139786,1.36256456305645,0.489043898294248,2.78618047952134,0.00533331683084447,0.0434982152416647
"ENSMUSG00000034656",51.9409906251315,0.431992869207203,0.646117491779879,0.668598009964379,0.503751942369742,NA
"ENSMUSG00000034659",538.824805560816,-0.18419170575522,0.191587466513788,-0.961397470862031,0.336352355467683,0.544818790281641
"ENSMUSG00000034660",0,NA,NA,NA,NA,NA
"ENSMUSG00000034663",204.140546610418,-0.0558355142964597,0.283923181844021,-0.196657116667332,0.844095870623142,0.925667862339776
"ENSMUSG00000034664",14.4265573692086,1.22555446821117,0.959936562409306,1.27670360334562,0.201706908830507,NA
"ENSMUSG00000034667",472.726638999741,-0.321434851744599,0.244396820734319,-1.31521699332589,0.188436985603162,0.382956332789321
"ENSMUSG00000034673",113.789670728239,0.308765294361152,0.300794943610858,1.0264976221163,0.304657083893196,0.515945618584709
"ENSMUSG00000034674",909.283153158121,0.312866920016074,0.154628374645937,2.02334740135804,0.0430373430204305,0.15408335232052
"ENSMUSG00000034675",3.09793266045275,0.652274329108017,2.07950618822678,0.313667895195936,0.753773286925085,NA
"ENSMUSG00000034677",0.160083149120659,-1.67263359732059,7.35015032312167,-0.227564542735802,0.819984787518129,NA
"ENSMUSG00000034681",2573.19225172784,-0.116395911594102,0.134343303992821,-0.866406498386566,0.386267281551901,0.594928650380265
"ENSMUSG00000034683",2.05712838848962,-0.378191770636299,3.30018310914555,-0.114597208133162,0.908764392718114,NA
"ENSMUSG00000034684",2.32147862661078,-0.846494301476214,2.03185668871841,-0.416611223703055,0.676962798497846,NA
"ENSMUSG00000034685",0.18831029865519,2.29535776719499,7.31672884798856,0.313713657412084,0.753738526953901,NA
"ENSMUSG00000034686",12.1847952853815,-0.815693783097238,1.29072117801433,-0.63196745896129,0.527408141084524,NA
"ENSMUSG00000034687",2.7807461374507,-2.49443667695856,3.77191193162986,-0.661318907273826,0.508407818649206,NA
"ENSMUSG00000034689",0,NA,NA,NA,NA,NA
"ENSMUSG00000034690",0.762087567550047,0,7.3561311249555,0,1,NA
"ENSMUSG00000034701",0.187248878479155,-0.22964262230019,7.34990038621555,-0.0312443176414847,0.975074696784515,NA
"ENSMUSG00000034706",0.476018766921883,2.45720597385519,7.241398916688,0.339327525264834,0.734363009245235,NA
"ENSMUSG00000034707",222.724703811483,0.281140297312065,0.270236915049128,1.04034749383131,0.29817848628167,0.509168735615282
"ENSMUSG00000034708",134.02414272851,0.555012273042045,0.423805300030193,1.30959257234986,0.190333702509908,0.385384811411397
"ENSMUSG00000034709",253.036666620164,0.0190804919292703,0.253686462374193,0.0752128897643984,0.940045328855733,0.97721611901766
"ENSMUSG00000034714",10.6128397103398,0.298991886937241,1.11499562969242,0.268155209738105,0.788579850178643,NA
"ENSMUSG00000034723",259.536688774688,0.396112866948841,0.255741761820214,1.54887830649774,0.121410976757941,0.290964343209385
"ENSMUSG00000034724",2737.28486098864,0.55737840531964,0.266592983498286,2.09074671810792,0.0365507746765252,0.138877212379481
"ENSMUSG00000034729",1282.02808068106,-0.232101519661728,0.26980747380947,-0.86024866689064,0.389651982895845,0.597983081810305
"ENSMUSG00000034730",0.816322275248095,1.95359237326025,6.64244239718754,0.294107537023944,0.76867573174775,NA
"ENSMUSG00000034731",111.635334935004,-0.221227638699173,0.492628431774867,-0.449076067132632,0.653376784414647,0.803627408079191
"ENSMUSG00000034732",0,NA,NA,NA,NA,NA
"ENSMUSG00000034738",14.9041480556939,1.18190511594495,1.67795448603983,0.704372571352865,0.481200782730689,NA
"ENSMUSG00000034739",0.290898418626876,0,7.3561311249555,0,1,NA
"ENSMUSG00000034744",290.202777560792,0.211672802826388,0.237877796201312,0.889838422108353,0.373552652337574,0.582621577124318
"ENSMUSG00000034748",146.251933122432,-0.576765779965273,0.399288815546488,-1.44448268398372,0.148603247149224,0.331141365660523
"ENSMUSG00000034751",81.3315685730351,1.05675345130017,0.383545302403153,2.75522459714392,0.00586518584852126,0.0461603201533699
"ENSMUSG00000034755",0.598414548111804,0.244378282365907,6.95730520794222,0.0351254221371421,0.971979729983019,NA
"ENSMUSG00000034757",377.202343307767,0.137288244310871,0.1938629201711,0.708171754504176,0.478838604327887,0.673111433984807
"ENSMUSG00000034758",7.25345608116294,-1.13088448748006,1.42498150048281,-0.793613451891754,0.427420498862393,NA
"ENSMUSG00000034761",31.7056130995043,0.00766335632783985,0.643331195753915,0.0119119924207301,0.990495829926225,NA
"ENSMUSG00000034762",2.45282248173645,-0.456822196365359,2.18641739285706,-0.208936407960246,0.834497881899643,NA
"ENSMUSG00000034765",668.468990214238,-0.273951390353696,0.219229335075305,-1.24961100784981,0.211441680003546,0.41109775702354
"ENSMUSG00000034768",1.34785286075812,0.595977091912326,3.99205511584223,0.149290797501073,0.881324176429755,NA
"ENSMUSG00000034771",9.9509709776431,1.10252330328887,1.28032522879185,0.861127531111168,0.389167807585546,NA
"ENSMUSG00000034773",107.59494462009,2.20917149265331,1.19295648649831,1.85184582812227,0.0640479647141205,0.195647135722831
"ENSMUSG00000034774",0.293311126036622,2.16174891391521,7.28482001826891,0.29674705874599,0.766659626665298,NA
"ENSMUSG00000034777",37.9514692596181,-1.83438371251105,1.74673731040564,-1.050177208435,0.293636646222876,NA
"ENSMUSG00000034780",0.45521473577387,-0.940148198937089,7.17404941176415,-0.131048469975049,0.895736964499809,NA
"ENSMUSG00000034781",358.345789029311,-0.0639366558314851,0.191077607864514,-0.334610928753201,0.737918599758086,0.857853152841195
"ENSMUSG00000034783",0.0786975795848386,-1.67314207899609,7.35016321287111,-0.227633323307188,0.81993131171239,NA
"ENSMUSG00000034785",0.0419195223311899,0,7.3561311249555,0,1,NA
"ENSMUSG00000034786",1396.73797054521,-0.541323607554579,0.371903303277319,-1.45554933979957,0.145517241258084,0.32543844566429
"ENSMUSG00000034789",1351.71473762194,0.186825995232132,0.187790786727814,0.994862413047555,0.319803185877921,0.530813738481543
"ENSMUSG00000034792",1339.46675305132,-1.0939383842151,0.280551467903319,-3.89924313136043,9.6493844455468e-05,0.00739412133676202
"ENSMUSG00000034793",205.061641074751,0.288335397934076,0.31289171038046,0.921518175037218,0.356779956644059,0.566003831074711
"ENSMUSG00000034795",14.3013978333504,0.760499768582103,0.919732073536003,0.826870988263229,0.408310188716446,NA
"ENSMUSG00000034796",9.22278118981328,0.404587198274243,1.06115279166795,0.381271388485254,0.703001881810811,NA
"ENSMUSG00000034799",92.9221325510678,-0.516959895466215,0.564581132103006,-0.915652093332615,0.35984939929436,0.569137809923959
"ENSMUSG00000034800",31.7822559818077,0.389917001329361,0.476027358361406,0.819106285553721,0.412725776057937,NA
"ENSMUSG00000034801",394.388664725593,0.405193009463914,0.294794021995422,1.37449533990281,0.169287956001845,0.357490161307037
"ENSMUSG00000034807",399.823566232534,0.443761217488377,0.206430002018594,2.1496934222207,0.0315794731036082,0.126998816773461
"ENSMUSG00000034810",0.475154722561261,-0.116126015760424,5.41598034735189,-0.0214413657939514,0.982893576009417,NA
"ENSMUSG00000034813",1.72665887608021,0.486560244992822,2.08882195523676,0.232935240733656,0.815811692863637,NA
"ENSMUSG00000034818",8.88450966678274,-2.60198479030977,2.09054543119826,-1.24464398212975,0.213262645655055,NA
"ENSMUSG00000034820",608.567921929327,0.724017046749786,0.19137099975732,3.7833164255186,0.000154752472550882,0.00864948589574009
"ENSMUSG00000034825",7.43901852676295,2.47809854771847,1.49673945776732,1.65566460806414,0.0977897583584348,NA
"ENSMUSG00000034826",601.015916138636,0.248623157314144,0.246693655706907,1.00782144802917,0.313540187390409,0.525134658142018
"ENSMUSG00000034829",14.0235016757421,-0.262785286256025,0.665376007580741,-0.394942533638226,0.692885298951288,NA
"ENSMUSG00000034832",421.87818096163,0.518439941819021,0.268241261770772,1.93273748563731,0.0532685448782447,0.17427943781348
"ENSMUSG00000034833",816.122624731081,0.533941176665757,0.292822932507958,1.82342677908687,0.0682387775029212,0.202991367925482
"ENSMUSG00000034837",989.992796374424,0.144372911900708,0.356662576875016,0.404788506732792,0.68563297773416,0.828054464117611
"ENSMUSG00000034839",0.0380762098104571,-1.67431590235222,7.3501929692546,-0.227792101425878,0.819807867435575,NA
"ENSMUSG00000034842",11.2322487103985,-1.16278749013498,0.908707506357359,-1.27960590399008,0.200683772410724,NA
"ENSMUSG00000034845",1.17895705569713,2.15089253850582,5.32485079600935,0.403934799472275,0.686260665464078,NA
"ENSMUSG00000034848",166.618826550635,-0.314918164477127,0.307362574105586,-1.02458201163082,0.305560455812559,0.51676033653446
"ENSMUSG00000034850",399.902457488252,0.264327650049334,0.270642495616095,0.976667206114895,0.328733935462937,0.538359004647304
"ENSMUSG00000034853",44.508936136627,0.434730864171701,0.66081874195647,0.657867031562397,0.510623576948004,NA
"ENSMUSG00000034854",21.9606144246914,1.03100832451531,0.609598004343317,1.69129215838879,0.0907810169715546,NA
"ENSMUSG00000034855",79.9785055937239,0.221416799794372,0.59121133283457,0.374513794809694,0.708022095359994,0.84049458540093
"ENSMUSG00000034858",246.120512654791,-0.204236575459726,0.238533559192426,-0.856217364764878,0.391877559313415,0.599461561474042
"ENSMUSG00000034863",160.816795077687,0.466896329296677,0.282495335884659,1.6527576564567,0.0983801949666863,0.255549858527428
"ENSMUSG00000034867",222.272314410557,0.609722497014535,0.277949336478187,2.19364616854333,0.0282608565940364,0.117723795799431
"ENSMUSG00000034868",21436.9194019789,-0.937434075844041,0.290168481006661,-3.23065438600315,0.00123507183375659,0.021842954475822
"ENSMUSG00000034871",0.0380762098104571,-1.67431590235222,7.3501929692546,-0.227792101425878,0.819807867435575,NA
"ENSMUSG00000034872",1.67609190033476,-0.925483757281922,2.3489324230928,-0.394001865776689,0.693579661738478,NA
"ENSMUSG00000034875",1252.4220606699,-0.74762354385066,0.240334344220655,-3.110764490506,0.001866036995659,0.0260533555114254
"ENSMUSG00000034880",2137.22981323262,-0.819086170090063,0.249334989923876,-3.28508313390005,0.00101952284981307,0.0197956684368954
"ENSMUSG00000034881",296.87676515754,-0.206798668601215,0.290484691374797,-0.711909008431683,0.476521123409098,0.671203928785927
"ENSMUSG00000034883",492.336550124777,-0.851164921173351,0.572730293465698,-1.48615313505209,0.137238620386223,0.314782846222831
"ENSMUSG00000034889",256.19377991772,0.0380582833545867,0.246725119718255,0.154253784122375,0.877409636015803,0.943777270143637
"ENSMUSG00000034891",1.79303995019403,1.43991382024914,2.702468240855,0.532814335606616,0.594162109277312,NA
"ENSMUSG00000034892",23539.2948339702,-0.507234276361397,0.244816872405099,-2.07189264113331,0.038275454403024,0.142637550344389
"ENSMUSG00000034893",352.847051382214,0.229242100030709,0.232925154234794,0.984187821121404,0.325023172823546,0.535738566773575
"ENSMUSG00000034898",12.8340046966715,1.25707357785471,1.64843607623534,0.762585577916724,0.445710588315508,NA
"ENSMUSG00000034902",282.710103648823,-0.0953270204582975,0.159768716396627,-0.596656358067292,0.550736835606656,0.731708631409434
"ENSMUSG00000034903",200.229673181916,0.796773070996438,0.531978504174742,1.49775426026371,0.134197108574153,0.309938882769978
"ENSMUSG00000034906",985.031549382929,-0.727017604948617,0.39988498585373,-1.81806677086533,0.0690539280343694,0.204615731001121
"ENSMUSG00000034908",875.483413863129,0.585761286851796,0.265605280667966,2.2053826843302,0.0274272520800132,0.115961671005531
"ENSMUSG00000034910",2.58131825299811,1.12371812396643,1.60060217059256,0.702059602699659,0.482641994019619,NA
"ENSMUSG00000034911",13.4267535798173,0.556819063729426,0.670942928101398,0.829905257821386,0.406592351944451,NA
"ENSMUSG00000034912",51.4760385660876,0.728853860859133,0.661492851371363,1.10183180263872,0.270534801516648,NA
"ENSMUSG00000034913",0.194859565654073,1.15078442680938,7.35610087452947,0.156439457049042,0.87568663779734,NA
"ENSMUSG00000034917",53.6264941257945,-0.881254092280558,0.485460910297658,-1.81529361805922,0.069478799236445,NA
"ENSMUSG00000034918",0.277134199880037,0.767954511013442,7.27901526872416,0.105502527836852,0.915977064261705,NA
"ENSMUSG00000034919",0.413616833029633,1.9940631476086,7.24799473257699,0.27511928763497,0.78322459376518,NA
"ENSMUSG00000034923",0.0827446503793021,0,7.3561311249555,0,1,NA
"ENSMUSG00000034926",279.063970545142,-0.282051293284478,0.30812234203334,-0.915387347191976,0.359988318411791,0.569266441769405
"ENSMUSG00000034928",649.873884536231,0.0349350205233383,0.241098371092159,0.144899446500137,0.884790263452826,0.948092331081971
"ENSMUSG00000034930",5.53604473162492,0,2.74145492146383,0,1,NA
"ENSMUSG00000034931",543.97547645868,0.790899696862817,0.320987151112011,2.46396061064397,0.0137411211362494,0.0758408612126328
"ENSMUSG00000034932",2923.98427011253,-0.590119348850295,0.226233299703873,-2.60845485444773,0.00909520081495341,0.0592209101272626
"ENSMUSG00000034936",175.538074752842,-1.04741051519549,0.382919506235802,-2.73532817769407,0.00623181113376345,0.0475686896194994
"ENSMUSG00000034940",634.816010979568,0.418357505350324,0.172947433907024,2.41898648565802,0.0155638184281707,0.0819213765508347
"ENSMUSG00000034947",55.0205868037632,0.0237973966524536,0.568230370451882,0.0418798393924789,0.966594488129665,NA
"ENSMUSG00000034949",17.4413993406845,1.26417215969896,0.815794944406003,1.54961999748531,0.121232750312067,NA
"ENSMUSG00000034951",120.653410633355,0.458287318624046,0.324272398228219,1.4132788394204,0.157573753291123,0.342860786106703
"ENSMUSG00000034957",2.17705478934603,-0.415334051367883,2.56348511572136,-0.162019295068545,0.871290659352899,NA
"ENSMUSG00000034958",12.4704117581082,0.717784843193462,1.97275963756846,0.363848098635155,0.715971443212318,NA
"ENSMUSG00000034959",24.0357854878067,0,2.11296038369217,0,1,NA
"ENSMUSG00000034968",1.71745801388775,-1.42266227690205,2.11155979032557,-0.673749463984014,0.500470608668889,NA
"ENSMUSG00000034973",307.699955584122,0.646443377063627,0.308416782446072,2.09600583968436,0.0360816729181569,0.137922404020101
"ENSMUSG00000034974",510.896673864729,-0.523486772828214,0.288063981069455,-1.81725868983945,0.0691775121648268,0.204673607253441
"ENSMUSG00000034981",3.28058260416691,-0.261945311490092,2.05909756662267,-0.127213647248263,0.898771304197623,NA
"ENSMUSG00000034987",137.118771957285,0.553574935799294,0.346848105594336,1.59601545134786,0.11048534364905,0.274727459079144
"ENSMUSG00000034990",8.38997803354615,1.58392810125171,0.976581184381678,1.6219113439653,0.104822332250473,NA
"ENSMUSG00000034993",51.8879903459784,-0.315686913141813,0.46235146384158,-0.682785581598114,0.494742341857291,NA
"ENSMUSG00000034994",9973.39224635674,-0.132952293342637,0.183321342897593,-0.725241759858297,0.46830372802822,0.665112406833183
"ENSMUSG00000034997",0.280119106301089,0,7.3561311249555,0,1,NA
"ENSMUSG00000034998",604.983512764408,0.456402935726156,0.319966068050483,1.42641042691485,0.153749905684415,0.337587254040524
"ENSMUSG00000035000",967.669108568785,0.837769447987424,0.331956691462852,2.52373116594089,0.0116116688913161,0.0685477289555989
"ENSMUSG00000035004",58.3724238643141,2.05936786934594,0.902474120096156,2.28191349035751,0.022494448221493,NA
"ENSMUSG00000035007",139.200391771483,-0.0538058752414237,0.301596147907829,-0.178403721714202,0.858405926687131,0.932917039882064
"ENSMUSG00000035011",549.43033665751,0.193721656244331,0.246302571387171,0.786519016644018,0.43156348261242,0.634255876542338
"ENSMUSG00000035020",0.822335938061445,-1.34468009686104,6.42001971801341,-0.209451085187186,0.834096116801292,NA
"ENSMUSG00000035021",2157.30920192442,0.467415785095057,0.234171505111629,1.99604040155202,0.045929525330844,0.1598520186032
"ENSMUSG00000035024",1161.01101556603,0.431999466461019,0.258571881655542,1.67071324111146,0.0947783322012766,0.249237513649806
"ENSMUSG00000035027",888.289772521157,0.046736036250608,0.211545842712305,0.220926280806981,0.825149833849296,0.913905446229724
"ENSMUSG00000035031",0.998345474921288,0.131906802129433,3.83206759824918,0.0344218359273463,0.972540771235859,NA
"ENSMUSG00000035032",3.97020395606792,1.10793308235631,1.4077547691483,0.78702136667355,0.431269358413687,NA
"ENSMUSG00000035033",2.82240355728025,-0.0421845210825501,2.03095732323259,-0.02077075702182,0.98342852522095,NA
"ENSMUSG00000035041",0.633349665048938,0,7.05803872981165,0,1,NA
"ENSMUSG00000035042",107486.593667149,-0.6677573412969,0.35929848657217,-1.85850307266121,0.0630976074508307,0.194063425529391
"ENSMUSG00000035045",27.7043564353218,1.05849066353039,0.540788940990127,1.95730826446341,0.0503112364332732,NA
"ENSMUSG00000035047",410.387840281996,0.369004771204508,0.256498036350455,1.43862610589476,0.150256485730085,0.333280024881918
"ENSMUSG00000035048",2407.91860383846,-0.590535834873093,0.209271686314553,-2.821862074478,0.00477457067099276,0.0412427496033702
"ENSMUSG00000035049",130.447060001282,-0.104043491899837,0.458158589772051,-0.227090562574855,0.820353322337506,0.910326963550319
"ENSMUSG00000035051",203.694706828714,0.428058813545259,0.26442293476147,1.61884147428967,0.105481375934594,0.266534611736571
"ENSMUSG00000035057",0.194724176488606,1.88097554931841,7.29225173188973,0.257941664450874,0.796451928980687,NA
"ENSMUSG00000035062",43.5115159619161,0.10653822166325,0.712837743506701,0.149456482395489,0.881193445640857,NA
"ENSMUSG00000035064",41.5423242938652,0.02528647084388,0.763658326702829,0.0331122832812639,0.97358504748005,NA
"ENSMUSG00000035067",2.43636613482302,-1.01811236972114,1.66631567419012,-0.610996094852177,0.541202165624711,NA
"ENSMUSG00000035069",341.446338094941,0.460891559735371,0.221203424900057,2.0835643026034,0.037199816933763,0.14013726767921
"ENSMUSG00000035078",173.943798250346,0.723500967422919,0.293791216570281,2.46263647997741,0.0137919670915879,0.076079014899747
"ENSMUSG00000035085",149.606309789005,-0.0145714436315466,0.464605092505676,-0.0313630734285776,0.974979989789616,0.994050778992789
"ENSMUSG00000035086",1982.85236705455,-0.191705780675259,0.160136465165236,-1.19714007972793,0.231251960308837,0.43516642616615
"ENSMUSG00000035093",446.918368383028,0.0950904057232492,0.207875360432726,0.457439523016597,0.647355161909295,0.799682094885274
"ENSMUSG00000035095",2.59488776654338,0.0549499055259398,2.25563617954682,0.0243611563000288,0.980564531905291,NA
"ENSMUSG00000035104",0.440558893367112,2.60121074523567,7.27564416221091,0.357523084862526,0.720700247424872,NA
"ENSMUSG00000035105",245.306178124872,-1.53826000284082,0.882677964423696,-1.74271938899614,0.0813826431377537,0.226479140837496
"ENSMUSG00000035107",76.621526214206,0.825861133811264,0.602609094595462,1.37047572168766,0.17053844903858,0.358904102351791
"ENSMUSG00000035109",10.2802439250421,0.0744234422132618,0.871760255040855,0.0853714559512396,0.931966085148452,NA
"ENSMUSG00000035112",8.16356879280291,-0.256699287828731,1.24752802076073,-0.205766350380009,0.83697342721516,NA
"ENSMUSG00000035121",8.14624781331672,-0.68611251634123,1.01865175143882,-0.67354963594979,0.500597681952477,NA
"ENSMUSG00000035125",111.753357050199,0.809248555808902,0.351862166339518,2.29990215835835,0.0214537637948422,0.0992374614468953
"ENSMUSG00000035126",44.8645353373031,0.117400692057572,0.515040583315283,0.227944546237251,0.819689351278507,NA
"ENSMUSG00000035129",0.266338584219131,-0.10952548003676,7.17162487561858,-0.0152720592524456,0.987815133370488,NA
"ENSMUSG00000035131",0.543211596309017,1.37972559514409,6.22211872300877,0.221745301972784,0.82451216201705,NA
"ENSMUSG00000035133",154.434242054443,-0.142401494870083,0.417648280636776,-0.340960328276624,0.733133447525176,0.855431316151501
"ENSMUSG00000035139",702.92579443091,0.383779577040148,0.28396689683906,1.35149406959804,0.176537218341084,0.367692878908894
"ENSMUSG00000035142",127.279665562372,-0.397901568162501,0.266678348860841,-1.49206551586284,0.13568197093505,0.312564969166388
"ENSMUSG00000035148",2.6001074373662,0.753654699046816,2.99370062207066,0.251746849197477,0.801236742476691,NA
"ENSMUSG00000035150",1397.78656753073,-0.279204071000412,0.354209053844515,-0.788246567867157,0.430552494989906,0.633146595206073
"ENSMUSG00000035151",158.838798600129,0.499418653406045,0.28256204700388,1.76746544237481,0.0771503115305975,0.219020915990797
"ENSMUSG00000035152",472.251348889316,0.217820465685526,0.277603077472611,0.784647157620278,0.432660472831789,0.635235102795879
"ENSMUSG00000035158",6.47743022094706,0.468563610734943,1.28196023440062,0.365505573543801,0.714734047108269,NA
"ENSMUSG00000035161",323.274485578506,0.258034266697854,0.214364358450094,1.2037181393563,0.228698538790915,0.431840507344451
"ENSMUSG00000035164",6.61920887066524,0.811463716334192,1.11308101719915,0.729024845267848,0.465986464747334,NA
"ENSMUSG00000035165",1.47968102811312,0,5.44282986453972,0,1,NA
"ENSMUSG00000035168",247.557051243499,0.30257690055008,0.410501824529267,0.737090269688941,0.46106745599361,0.658505102610786
"ENSMUSG00000035171",1257.13468537635,-1.65964075627261,0.381619775396933,-4.34893803536878,1.36798354565613e-05,0.0023967377612348
"ENSMUSG00000035172",5.90550008413464,-3.30213400127222,2.12420112221737,-1.55452982617072,0.120058087841994,NA
"ENSMUSG00000035173",250.120665868445,0.216072739287345,0.225158607161842,0.959646810801388,0.337233001194862,0.545678215225275
"ENSMUSG00000035177",0.723085141962477,1.29427665698873,4.99864366120981,0.258925569556498,0.79569266911522,NA
"ENSMUSG00000035179",3.34259732130755,1.41434646951981,1.52897264747185,0.925030589565108,0.354949995965199,NA
"ENSMUSG00000035181",311.97098717916,-0.206379148190182,0.318094469801854,-0.64879829039071,0.516468762644145,0.703524995896339
"ENSMUSG00000035183",28.3217249032007,0.0642066162848802,0.601214098907622,0.106794927799499,0.914951671492766,NA
"ENSMUSG00000035184",1.80148278997042,0.639691666918189,2.38308718044888,0.268429821689401,0.788368487138921,NA
"ENSMUSG00000035186",8.6433258779761,0,2.22483602696677,0,1,NA
"ENSMUSG00000035187",1.08706556537916,0.16470201977638,2.69865888397133,0.0610310627825643,0.951334470634681,NA
"ENSMUSG00000035189",8.55188284968643,0.454262617718617,0.779121603033687,0.583044567048124,0.559863298767859,NA
"ENSMUSG00000035191",0.463823823385318,0.520214458139424,7.13759320398407,0.0728837359138162,0.941898636379741,NA
"ENSMUSG00000035198",1011.45881332981,-0.43272737079925,0.356481647650116,-1.21388400679737,0.224792020964782,0.427238824694649
"ENSMUSG00000035199",1922.51584584774,-0.323628755399177,0.252359138874127,-1.2824134558511,0.199697646429343,0.396012832569073
"ENSMUSG00000035200",4.60018897387166,1.03444690578462,1.50066596641631,0.689325225556321,0.490618627009995,NA
"ENSMUSG00000035201",0,NA,NA,NA,NA,NA
"ENSMUSG00000035202",15608.6401235579,0.0669267475494593,0.614345541480888,0.108939909270167,0.913250151981742,0.962520284927979
"ENSMUSG00000035203",151.144046691416,0.17912019043766,0.406067205079623,0.441109718285519,0.659133568274853,0.808379072257683
"ENSMUSG00000035206",77.0029311559805,0.283953482177576,0.387309049099218,0.733144456185517,0.463470328080755,0.661101814526399
"ENSMUSG00000035208",488.56618306596,-0.0176836654145367,0.273726576140714,-0.0646033924212243,0.948489783593304,0.981453104869655
"ENSMUSG00000035211",4.05260651581017,0.276824002560621,1.17906575795373,0.234782496814298,0.814377553581161,NA
"ENSMUSG00000035212",656.582229443721,0.387581160530943,0.220207019275272,1.76007632184714,0.0783948668670918,0.221134388428836
"ENSMUSG00000035215",5285.29110825891,-0.634827552661246,0.217860124083518,-2.91392266176201,0.00356918316310064,0.0358550564707823
"ENSMUSG00000035226",1.24929278707163,1.84865423238197,2.81153721691938,0.657524368255582,0.510843807548183,NA
"ENSMUSG00000035227",7256.72574409552,-0.38472622108972,0.221190059316733,-1.73934679649781,0.0819737805568027,0.227580195433542
"ENSMUSG00000035228",6.21377499139511,-1.9534682075859,1.26698063590196,-1.5418295688436,0.123115014656889,NA
"ENSMUSG00000035232",894.014377189329,-0.526143000753508,0.280043487535811,-1.87879034568239,0.0602731258007674,0.188365330266533
"ENSMUSG00000035234",487.880459715517,0.0529011218702685,0.260243574114408,0.203275420153169,0.838919766326266,0.922173947806578
"ENSMUSG00000035235",99.6562650821668,0.49786741024893,0.814983713451356,0.610892465740846,0.54127077303002,0.723915788310343
"ENSMUSG00000035236",202.529048291878,0.870691895359628,0.316134788424824,2.75417931603777,0.005883952072212,0.0461976697647463
"ENSMUSG00000035237",10.7363777544328,0.643491313311121,0.859813492150371,0.748408020094877,0.454214086459631,NA
"ENSMUSG00000035238",0.255059187152043,2.63029489560434,7.27512637213774,0.361546282642985,0.71769111285263,NA
"ENSMUSG00000035239",441.395977267461,0.169415324375863,0.26224933669304,0.646008590573338,0.518273791989251,0.705061516041257
"ENSMUSG00000035242",29256.0046502973,-0.814400513255594,0.256030733955759,-3.18087012708529,0.00146833438927782,0.0237942384229693
"ENSMUSG00000035245",119.451310190453,-0.561708633441243,0.52430354103745,-1.07134243711148,0.28401548504674,0.49541081166173
"ENSMUSG00000035246",30.8747909335411,-2.45917160235867,1.11924160001539,-2.19717673317794,0.0280078266083359,NA
"ENSMUSG00000035247",1774.92514238411,0.786675938876914,0.205752783672853,3.82340362465147,0.000131622052659491,0.00826311706375921
"ENSMUSG00000035248",664.104850664628,0.310943113512391,0.177613680790146,1.7506709625582,0.080002603980798,0.224200244821838
"ENSMUSG00000035258",2.14608922992873,-1.69572989350773,2.0769556764803,-0.81644972625578,0.414242966005213,NA
"ENSMUSG00000035262",0.274558073702332,-2.46812822038577,7.24525546778842,-0.340654409131436,0.733363764070851,NA
"ENSMUSG00000035266",183.611289041539,0.199236866296009,0.374851839195493,0.531508306651534,0.595066586607322,0.762935565319505
"ENSMUSG00000035268",316.772852833492,-0.328953783686556,0.382814153045216,-0.859304132487759,0.390172744841729,0.598147888145238
"ENSMUSG00000035270",13.37606876936,-0.243856063395428,1.27948146624356,-0.190589758295887,0.848847014804892,NA
"ENSMUSG00000035273",34.678794295174,2.87409123237947,1.57108603595209,1.82936590779242,0.0673448112754628,NA
"ENSMUSG00000035274",1.30376968491221,-1.12198222198834,3.20361884893554,-0.350223380150587,0.726171061712985,NA
"ENSMUSG00000035275",50.380120130752,0.178845714854776,0.391969153067832,0.45627497331104,0.648192258196616,NA
"ENSMUSG00000035277",0.356101808887146,0.234670103947835,7.22894678535487,0.0324625579514921,0.97410317470821,NA
"ENSMUSG00000035278",3105.58141950582,-0.486844157129464,0.244081137248514,-1.99459967540949,0.0460865590271286,0.160095866566291
"ENSMUSG00000035279",1.32398678484923,0.665758992318395,3.42734844869614,0.194248995188006,0.845980920802364,NA
"ENSMUSG00000035283",16.5627861211651,0,2.13952305462466,0,1,NA
"ENSMUSG00000035284",181.694930753996,0.632248341958545,0.348095570747593,1.81630677058225,0.0693233272395161,0.204800086599706
"ENSMUSG00000035285",11.5891870395546,-0.468312631637947,0.945427410067043,-0.495344884917963,0.620356692424,NA
"ENSMUSG00000035293",824.211865683148,0.374519669853498,0.327532083962644,1.14345949050968,0.252847864683158,0.461924416920788
"ENSMUSG00000035295",23.918366999258,0.117140934885868,0.606360791329885,0.193186856011833,0.846812632221779,NA
"ENSMUSG00000035296",0.595617282022819,-1.92336745202283,7.30621623164232,-0.263250825193616,0.792357259006029,NA
"ENSMUSG00000035297",2006.41468117957,-0.541545071096755,0.309723922018009,-1.74847673233735,0.080381511174777,0.224797016226112
"ENSMUSG00000035298",4.85040565577718,-0.417716404279769,1.57139905318007,-0.265824523334431,0.790374355614505,NA
"ENSMUSG00000035299",117.130479953932,-0.370859986463777,0.771463332886506,-0.480722764977264,0.630713549295758,0.787595178725185
"ENSMUSG00000035305",0.266510873738108,-2.42688144335974,7.24561816157319,-0.334944705785159,0.737666797585239,NA
"ENSMUSG00000035310",267.52384218276,0.495430441004238,0.239934611392226,2.0648560794522,0.0389366198426946,0.143991203570908
"ENSMUSG00000035311",888.715041662871,0.150822269725175,0.153694785423626,0.98131025922231,0.326439765083312,0.537004006964311
"ENSMUSG00000035314",54.2265296948942,-0.59636865344595,0.571529743806796,-1.04346039713298,0.296735113485648,NA
"ENSMUSG00000035325",590.233947731426,0.107917514522247,0.165827061444187,0.650783494457379,0.515186256403869,0.702634797400568
"ENSMUSG00000035329",588.270994493054,0.0270919191324007,0.335556764048188,0.0807372165757034,0.935650938866763,0.974376615428069
"ENSMUSG00000035337",6.46484682386326,0.949151268696751,1.07111431035262,0.886134429839038,0.37554509192208,NA
"ENSMUSG00000035342",12.2802822103101,-2.38958615064912,0.939054629176358,-2.54467213770622,0.0109380384858627,NA
"ENSMUSG00000035351",1313.42396576317,-1.18676780882257,0.327641861866487,-3.62214950819128,0.000292165171580076,0.0111559289021669
"ENSMUSG00000035352",0.593176131103699,0,7.3561311249555,0,1,NA
"ENSMUSG00000035354",434.013997853397,0.487641217360639,0.284648319160434,1.713135769777,0.0866875647631341,0.235284617705541
"ENSMUSG00000035355",0.706234709327128,2.09259339646769,5.89379217056512,0.35505042185209,0.722551817579536,NA
"ENSMUSG00000035356",493.741558038181,0.367845688864984,0.216697947008965,1.69750426315652,0.0896013657994173,0.240551195254546
"ENSMUSG00000035357",0.616021591481347,-0.361732174883491,6.97990606659458,-0.0518247912553895,0.958668301525982,NA
"ENSMUSG00000035365",317.780631723058,0.572539656986975,0.81750064487603,0.700353768006872,0.483706400900605,0.67687397691145
"ENSMUSG00000035367",484.878580313847,-0.0867208203947064,0.173925580308679,-0.498608774171094,0.61805502267979,0.780165227836767
"ENSMUSG00000035370",12.1234799624319,-0.15943360554798,1.40246262158055,-0.113681179872232,0.909490532077722,NA
"ENSMUSG00000035371",0.041372325189651,0,7.3561311249555,0,1,NA
"ENSMUSG00000035372",56.0232540699914,0.773304987150336,0.609226557592905,1.26932251641444,0.204326058834393,NA
"ENSMUSG00000035373",1.78892868711771,-1.67022686794839,7.35008830651257,-0.227239020579995,0.82023788719335,NA
"ENSMUSG00000035376",880.790139503722,-0.369909440260978,0.214886016639374,-1.72142164504714,0.0851743393107599,0.232453987875997
"ENSMUSG00000035378",121.535642390319,-0.446268438373817,0.387099534546784,-1.15285191157956,0.248971172906049,0.456601121368514
"ENSMUSG00000035382",246.972917015634,0.935256631222011,0.286009329034239,3.27002141636453,0.00107539342257689,0.0202867633247568
"ENSMUSG00000035383",6.73515824340916,2.13888340669356,2.20170573596298,0.97146651877984,0.331316018004724,NA
"ENSMUSG00000035385",4.69258470831099,-0.154163227779977,1.84253421557192,-0.0836691261834315,0.93331950478285,NA
"ENSMUSG00000035387",0.14980686728448,-0.228304143659584,7.34976218941401,-0.0310627932953279,0.975219461989974,NA
"ENSMUSG00000035390",2.87835676074933,-1.44897473263886,1.55857975213319,-0.929676348390695,0.352538683920838,NA
"ENSMUSG00000035392",181.436572502786,1.02239286291632,0.369196493889909,2.76923773610155,0.00561876199163466,0.0449364581612529
"ENSMUSG00000035394",3.57211503852396,-1.80977366911505,1.40643182616807,-1.28678378535127,0.198169660070065,NA
"ENSMUSG00000035395",0.282730745135206,2.15907425177151,7.28488750012654,0.296377157743892,0.766942067616959,NA
"ENSMUSG00000035397",72.7921825355824,-0.0877155887955022,0.37520415982324,-0.233780960309249,0.815155031503932,0.907308578585336
"ENSMUSG00000035399",2143.9319143226,-0.680502320654905,0.343579378455219,-1.98062620554976,0.047633207901008,0.163718449270328
"ENSMUSG00000035401",671.109118798221,0.431736438358006,0.268815089293385,1.60607218699248,0.108258050077632,0.271193822862998
"ENSMUSG00000035403",1.56836542252522,2.32115084062118,3.98996046415833,0.581747829702072,0.560736549384732,NA
"ENSMUSG00000035407",0.502594996307359,-0.522857532260526,7.15792204175811,-0.0730459942438969,0.941769517128472,NA
"ENSMUSG00000035413",0.123247932169497,0,7.3561311249555,0,1,NA
"ENSMUSG00000035420",0.0800241281334132,1.15821185161873,7.35582613554585,0.157455033639506,0.874886243733544,NA
"ENSMUSG00000035427",0.152289502104632,-1.11052916506749,7.29426637375118,-0.152246861872743,0.87899223430343,NA
"ENSMUSG00000035429",0.538107827573845,0.147328565631494,7.24181105046794,0.0203441604047339,0.983768828157676,NA
"ENSMUSG00000035431",0.3330411022636,-2.98059156690125,7.23544392071179,-0.411943150905941,0.680381091863033,NA
"ENSMUSG00000035435",1.93122424188583,-0.0880362021699375,1.67701003538493,-0.0524959304430937,0.95813353790158,NA
"ENSMUSG00000035437",545.412060657898,0.734379673628395,0.183657059589296,3.9986465822259,6.37057223081457e-05,0.00636360175729709
"ENSMUSG00000035439",1098.24036338774,-0.286817454042477,0.233752952062109,-1.22701104526059,0.219818439546807,0.421680954257754
"ENSMUSG00000035441",3.29008512554244,-0.660935471942644,2.2275302049588,-0.296712237827934,0.766686213142349,NA
"ENSMUSG00000035443",1392.98889406626,-0.910636910150747,0.304064087690772,-2.99488478585755,0.00274548524041186,0.0312422923155765
"ENSMUSG00000035448",25.0204094381214,1.15450422455415,2.09617914280079,0.550766010872321,0.581794086845978,NA
"ENSMUSG00000035451",0.398270665835743,-4.77582465913231,7.25923775298056,-0.657896162330736,0.510604856816489,NA
"ENSMUSG00000035454",0.149204998607255,-1.68910799268985,7.26776188896269,-0.232411025360509,0.816218786352096,NA
"ENSMUSG00000035455",787.294299092074,0.803138384922508,0.291433639464884,2.75581908250945,0.0058545369704738,0.0461603201533699
"ENSMUSG00000035456",4.6160310573348,0.30591137584638,1.01647732710991,0.300952483333947,0.763450728447357,NA
"ENSMUSG00000035458",16.2466200959976,0.168065274602389,1.20433283379729,0.139550521156577,0.889015136349378,NA
"ENSMUSG00000035459",3.67822357077753,-0.743347903919406,1.95346221249295,-0.380528427509621,0.703553198709947,NA
"ENSMUSG00000035469",472.978102738434,0.0574151956315512,0.260594557981222,0.220323847421589,0.825618948885957,0.914088705541182
"ENSMUSG00000035472",2.76650526736169,-0.0171656352641263,1.92051949842676,-0.00893801665548719,0.992868589459037,NA
"ENSMUSG00000035473",86.1356411921906,0.330313055029099,0.383534347923213,0.861234611235473,0.38910884107835,0.597536258204053
"ENSMUSG00000035476",137.240020512457,0.19924489985353,0.388093409597759,0.513394185332955,0.607675612177831,0.77185681425289
"ENSMUSG00000035478",917.669624565253,-0.380857455405075,0.245908151136746,-1.54877930497426,0.121434782065247,0.290964343209385
"ENSMUSG00000035486",0.0931580652212138,0,7.3561311249555,0,1,NA
"ENSMUSG00000035491",0.035583895638899,0,7.3561311249555,0,1,NA
"ENSMUSG00000035493",40.4175034212556,-1.71413139731562,2.08951263723812,-0.820349858989765,0.41201669071694,NA
"ENSMUSG00000035495",241.706005670611,1.22742568353221,0.35246638710247,3.48239074262525,0.000496957967460853,0.014131291757371
"ENSMUSG00000035498",2.47865378168262,0.295966896438146,1.6252604511597,0.182104287486329,0.855500884066813,NA
"ENSMUSG00000035504",3.66719923904295,-1.48615557356603,2.10157348313058,-0.707163268615378,0.47946502198829,NA
"ENSMUSG00000035505",413.655208401739,-0.38728960517571,0.205581278539091,-1.88387584671075,0.0595817710298572,0.187151511480819
"ENSMUSG00000035506",22.2355929904503,0.590871453119919,0.788303392176588,0.749548281770628,0.453526809370163,NA
"ENSMUSG00000035509",2.47202102140807,-0.432090932248439,2.11016329008249,-0.204766585732589,0.837754494536256,NA
"ENSMUSG00000035513",4.4825987570503,0.311351027377063,1.71978414244278,0.181040759530915,0.856335583109254,NA
"ENSMUSG00000035517",17.6779471601611,0.635823329887874,0.984895188244927,0.645574612889423,0.518554882960931,NA
"ENSMUSG00000035521",1353.43665570498,-0.0878340712449486,0.201442586487039,-0.436025334943761,0.66281834816221,0.810986430447264
"ENSMUSG00000035522",0,NA,NA,NA,NA,NA
"ENSMUSG00000035523",0.0427517828843511,0,7.3561311249555,0,1,NA
"ENSMUSG00000035528",0,NA,NA,NA,NA,NA
"ENSMUSG00000035529",242.289995323328,0.0233804669504994,0.255726845466419,0.0914275030760101,0.927152908968061,0.970036674973464
"ENSMUSG00000035530",23083.2931572434,-0.875125176351643,0.224266926668687,-3.90215886644971,9.53385482302235e-05,0.00739412133676202
"ENSMUSG00000035539",103.759498884329,-0.355622991137205,0.434819473654985,-0.817863533452,0.413435115014133,0.61799578283906
"ENSMUSG00000035540",0.0796729561259855,0,7.3561311249555,0,1,NA
"ENSMUSG00000035545",297.402222326272,1.01695648751523,0.257601430748309,3.94779052492472,7.88757717935333e-05,0.00693866194428078
"ENSMUSG00000035547",11.6192875829021,1.32211246109236,1.73042712201234,0.76403822170497,0.444844465636745,NA
"ENSMUSG00000035551",1.14209873532408,2.1476601333307,3.90756689728958,0.549615704550162,0.58258298495407,NA
"ENSMUSG00000035557",2.00606493646859,0,6.44998555763114,0,1,NA
"ENSMUSG00000035559",445.475994537803,-0.558386183167042,0.289112451949119,-1.93138060779656,0.0534360015114042,0.174558782201001
"ENSMUSG00000035560",3.15264706600986,-1.03072522973184,1.5903035535407,-0.648131124046729,0.516900144987519,NA
"ENSMUSG00000035561",14.1435737360116,0.0400887082741032,0.708006431760938,0.0566219549367588,0.9548463450891,NA
"ENSMUSG00000035566",1.0234036660067,1.44684900972534,3.26879423295878,0.442624682562449,0.658037228539406,NA
"ENSMUSG00000035569",1986.12823884054,0.0999801566964628,0.150021823194511,0.666437419353539,0.505131551479284,0.695048077167695
"ENSMUSG00000035572",357.003350124302,-0.267958754839766,0.292514357380013,-0.916053342611328,0.359638917655582,0.56889593551375
"ENSMUSG00000035575",393.740774253791,0.0351201493595321,0.246754596206556,0.142328247981786,0.886820734986683,0.949240982362441
"ENSMUSG00000035576",0.663304619096491,-1.58040059652633,5.22757323772251,-0.302320125354161,0.762408037886383,NA
"ENSMUSG00000035578",89.8911493270874,-0.491421741621923,0.549112698892484,-0.894937856314524,0.370820308676522,0.580059287197913
"ENSMUSG00000035580",0.650535237463981,-1.17046530698897,6.80023970465493,-0.172121183638242,0.863342259158025,NA
"ENSMUSG00000035582",0.47135754771589,2.58448176998114,7.27594514529618,0.355209078459309,0.722432964008446,NA
"ENSMUSG00000035585",220.582551534755,-0.507872408241205,0.234942021131906,-2.16169251372901,0.0306418850680647,0.124507363256337
"ENSMUSG00000035592",0.127401638620723,0,7.3561311249555,0,1,NA
"ENSMUSG00000035594",1.83208161967179,-3.50892338822896,3.14761244447693,-1.11478889162038,0.264940897804129,NA
"ENSMUSG00000035595",575.171519202627,-0.558540246355573,0.153151069679241,-3.64698886873842,0.00026533141374534,0.0108380207639367
"ENSMUSG00000035596",224.60246318615,0.331187017293877,0.204367967422463,1.62054269791341,0.105115750039528,0.265882597016565
"ENSMUSG00000035597",950.767770524736,0.478835512389125,0.229032757952953,2.09068570220634,0.036556247507477,0.138877212379481
"ENSMUSG00000035601",266.60631463267,-0.467597329566415,0.303584846995056,-1.54025253300613,0.123498809190741,0.294094369754391
"ENSMUSG00000035606",0.604092885038066,0.468926927790542,5.27254478212816,0.0889374954917442,0.929131584516376,NA
"ENSMUSG00000035614",402.343535877675,0.376311932640284,0.240985894129293,1.56155169994467,0.11839363545579,0.28705447301459
"ENSMUSG00000035615",0.324906394837688,-2.55313387812301,7.29475416500302,-0.349995876539858,0.726341792228223,NA
"ENSMUSG00000035620",304.695770494938,0.350879416441989,0.263380009981219,1.33221734051498,0.182788779994689,0.37612893750844
"ENSMUSG00000035621",116.329286791123,0.267997581751959,0.420001978293587,0.638086474832328,0.523417390337921,0.709489674101458
"ENSMUSG00000035623",761.169959778988,0.476275713593149,0.292101333176789,1.63051537085896,0.102992619266319,0.262189554840991
"ENSMUSG00000035626",0.60526015167995,-1.41518732082305,5.1000219290552,-0.277486516824688,0.781406557510305,NA
"ENSMUSG00000035629",94.5527708978592,0.327593645373029,0.417593881764099,0.78447903496366,0.432759078902895,0.635235102795879
"ENSMUSG00000035632",1146.00673735065,0.336059728529604,0.251001982590649,1.338872805151,0.180612084192436,0.373043400319082
"ENSMUSG00000035637",323.194819411126,-0.120326314177072,0.327650786447556,-0.367239509728238,0.713440370569967,0.84309865394035
"ENSMUSG00000035638",49.4800737734765,2.19437189737319,1.84370474427648,1.19019702269863,0.233968963125908,NA
"ENSMUSG00000035640",48.7031449875334,0.0602837817742156,0.528979769605272,0.113962357802832,0.909267633107494,NA
"ENSMUSG00000035642",724.534421522636,-0.630674037801572,0.277035127301063,-2.27651288825983,0.0228153301045707,0.102840646640986
"ENSMUSG00000035649",871.241619145841,0.821240209351771,0.348320473059132,2.35771444078268,0.0183878316159392,0.0908818577617796
"ENSMUSG00000035651",0,NA,NA,NA,NA,NA
"ENSMUSG00000035653",1.66806417271754,-0.279534141531642,2.06471701312883,-0.135386176291559,0.892306553223573,NA
"ENSMUSG00000035666",159.427307856705,-0.183837389922658,0.284835274521177,-0.645416513919134,0.51865730455979,0.705216981509425
"ENSMUSG00000035671",52.1842512280987,-0.204626548865678,0.431682131683739,-0.474021354711973,0.635484679192199,NA
"ENSMUSG00000035673",293.78874472634,0.593249005537204,0.253616301760488,2.33915959431291,0.0193271753743133,0.0938863205731366
"ENSMUSG00000035674",12160.6184985485,-0.551562311919865,0.164950638412401,-3.34380222609916,0.000826386271197914,0.0180726289619278
"ENSMUSG00000035678",393.215223717534,-0.475976414697253,0.350651160070795,-1.35740721519688,0.174651856931241,0.36522817976842
"ENSMUSG00000035681",1.20845566059778,-1.30911666748144,5.04826568701666,-0.259320081121777,0.795388286723592,NA
"ENSMUSG00000035683",385.672571626039,0.50466403693387,0.841855696009455,0.599466202255406,0.548862041541682,0.730510472686082
"ENSMUSG00000035686",1.72114663014876,0.887283547450844,2.03568470434108,0.435864918353377,0.662934739567071,NA
"ENSMUSG00000035692",602.327257666479,-0.542471746782125,0.288848255581274,-1.87805097070939,0.0603741926143347,0.188383489265372
"ENSMUSG00000035694",0.121994236089007,-2.55407959136982,7.29472521949069,-0.350126908762185,0.726243457188334,NA
"ENSMUSG00000035696",513.212239861171,0.354766674640662,0.204418667287043,1.73549059559469,0.0826539458121432,0.228413266523074
"ENSMUSG00000035697",4261.78787678119,0.357284375200188,0.205512667496282,1.73850293294768,0.0821222337447543,0.227608751372426
"ENSMUSG00000035699",0.38271668460288,0.550081779359226,7.27070037484542,0.0756573302432258,0.939691724180904,NA
"ENSMUSG00000035704",376.848290732221,0.462907235772102,0.426497521882634,1.08536911006833,0.277758207941243,0.488287370709441
"ENSMUSG00000035711",28.8934578581552,-0.10340526048048,0.579985732584153,-0.178289317600544,0.85849576773222,NA
"ENSMUSG00000035713",13.9977437360784,1.05891981932756,0.974934226146485,1.08614488129423,0.277414898504045,NA
"ENSMUSG00000035722",367.939268182182,0.542798483614109,0.263213318215539,2.06219991941906,0.0391887063887131,0.144598866238309
"ENSMUSG00000035725",676.467124279491,-0.153756431477223,0.21455698940692,-0.716622804515656,0.473606869473369,0.669068937290737
"ENSMUSG00000035726",1434.25137300012,0.0680408988255639,0.288486250391283,0.23585491070468,0.813545257274852,0.906333243340686
"ENSMUSG00000035735",3.00429040346192,2.75464897925457,2.26371142538462,1.21687285241605,0.223652596028215,NA
"ENSMUSG00000035745",1.11001800691818,-1.7663216417646,3.04619582003775,-0.579845074353333,0.562019098132459,NA
"ENSMUSG00000035754",712.30700566331,-0.226939356142578,0.204612578935808,-1.10911732466739,0.267379572038343,0.47782488661158
"ENSMUSG00000035757",219.896654192373,-0.0914523398682731,0.329840480601021,-0.277262329055647,0.781578683088385,0.888545748398929
"ENSMUSG00000035759",27.4531187633226,0.353362858761935,0.693381646018811,0.509622457979438,0.610315987061895,NA
"ENSMUSG00000035762",330.520972130501,0.343533924649284,0.266068214621061,1.29114980960259,0.196651735051448,0.392548950117844
"ENSMUSG00000035764",287.142170329631,-0.692067975875326,0.244148167581543,-2.83462285517332,0.00458798133237933,0.0406017864552996
"ENSMUSG00000035765",238.099126834924,-0.458038633654745,0.279931958732493,-1.6362498791803,0.101787301128592,0.260597635756574
"ENSMUSG00000035769",8.88950248114329,1.5495896971866,1.49179954520071,1.03873855047872,0.298926346994901,NA
"ENSMUSG00000035770",597.509786538807,0.339637281765125,0.230626137116548,1.47267471940307,0.140838766478748,0.31907728032324
"ENSMUSG00000035772",258.324625251451,-0.152058985751248,0.313813717688031,-0.484551748953222,0.627994347702201,0.786200202230918
"ENSMUSG00000035773",4.71949322736468,-3.4193505280015,2.01661918313517,-1.6955856398656,0.0899643791895656,NA
"ENSMUSG00000035775",0.0761524196209141,-2.55627499047924,7.29465809108018,-0.350431090609309,0.726015196884991,NA
"ENSMUSG00000035776",129.888951271557,0.373970186708791,0.278381956309544,1.34337078331671,0.179151942491576,0.371307339676952
"ENSMUSG00000035778",226.327490912686,0.639693629144441,0.269717452241428,2.37171760235908,0.0177056174446968,0.0885608672660594
"ENSMUSG00000035780",0.109093336665178,0.771936576206111,7.27885189211487,0.106051969135729,0.915541119229064,NA
"ENSMUSG00000035781",614.187531243628,-0.187849414245396,0.229674803688083,-0.817893000141674,0.41341828764494,0.61799578283906
"ENSMUSG00000035783",7.680098816912,1.58816825923622,0.984543239233343,1.61310158452047,0.106722439683177,NA
"ENSMUSG00000035785",0.0948751955936346,0,7.3561311249555,0,1,NA
"ENSMUSG00000035790",358.155771898079,-0.455462535979141,0.190215147802334,-2.39445985896162,0.0166448652771251,0.0852510327794721
"ENSMUSG00000035798",193.416464219585,0.311092728649891,0.333308534048765,0.933347625009735,0.350640513024109,0.559496605527573
"ENSMUSG00000035799",0.93559868403109,0,5.32691621305039,0,1,NA
"ENSMUSG00000035804",0.165356308628241,0,7.3561311249555,0,1,NA
"ENSMUSG00000035805",0.0812361587509111,0,7.3561311249555,0,1,NA
"ENSMUSG00000035811",1.45513369367204,0.445192281909292,2.3818183826045,0.186912774357916,0.851729023221217,NA
"ENSMUSG00000035818",0.792241733759134,-0.237235786978461,4.05442295690747,-0.0585128363517885,0.953340138083467,NA
"ENSMUSG00000035824",256.596621412372,-0.275176375858369,0.219618970552463,-1.25297179549721,0.210215971321078,0.409480065702009
"ENSMUSG00000035828",130.77245613541,-0.000672980646140828,0.277561900016084,-0.00242461463947981,0.998065439308731,1
"ENSMUSG00000035829",3.05848483693796,-0.421173112942977,1.85315629855536,-0.22727338933651,0.820211163946188,NA
"ENSMUSG00000035831",0.119353496357997,-1.67343596690562,7.35017066281558,-0.227673076405085,0.819900404689683,NA
"ENSMUSG00000035834",203.098564346704,0.683219649188496,0.285401760472328,2.39388729788421,0.0166708704263458,0.0853400073352814
"ENSMUSG00000035835",4.85727854520968,-0.759748104407993,1.28169799167845,-0.592766868123949,0.553337183698776,NA
"ENSMUSG00000035836",0.676226460154133,-1.54383338905981,7.11957344810415,-0.216843523044336,0.828330292347577,NA
"ENSMUSG00000035840",184.553898707026,0.285619520895723,0.283683574682007,1.00682431549266,0.314019207534187,0.525758784972127
"ENSMUSG00000035842",175.366661124952,0.693899309567019,0.311790240325421,2.22553248890275,0.0260455126076872,0.111890435518031
"ENSMUSG00000035845",116.01292258564,-0.377969585519166,0.26339661116806,-1.43498271994852,0.151292021795117,0.334793292018072
"ENSMUSG00000035847",268.047708971663,-0.156426417235271,0.21073828816151,-0.742278105226828,0.457918854586845,0.655749395117878
"ENSMUSG00000035849",30.7256546027837,-0.712375048162846,0.580624084781095,-1.22691267350961,0.219855414643534,NA
"ENSMUSG00000035851",3409.35029647603,0.12880126388477,0.176710454596382,0.728883099638671,0.466073173584561,0.663469660265464
"ENSMUSG00000035852",0.085549120175107,-1.67088619637465,7.35010606447463,-0.227328174820574,0.820168566210713,NA
"ENSMUSG00000035860",1.49957708519135,-1.91119491669315,5.37645030958005,-0.355475231173936,0.72223359750026,NA
"ENSMUSG00000035861",10.8223174078907,0.30357199122796,1.16066023490806,0.261551125900344,0.793667528384364,NA
"ENSMUSG00000035863",118.186267017151,0.718022319714551,0.557974029929115,1.28683824192637,0.198150674656982,0.394348443158745
"ENSMUSG00000035864",0.852890672362857,1.7733440990875,6.25246773605627,0.283623070753506,0.776699254941928,NA
"ENSMUSG00000035868",130.551774011225,-0.577252717843685,0.454307795679336,-1.27062032246333,0.203863753555208,0.401033473411588
"ENSMUSG00000035873",4.85491234101223,1.70715916796405,2.21713775952361,0.769983353822304,0.441309767086572,NA
"ENSMUSG00000035875",8.1090580641568,0.510503614049931,1.09136991316112,0.467764053135085,0.639953329607686,NA
"ENSMUSG00000035877",182.337760897203,1.23077295011538,0.403681140194358,3.04887404331748,0.00229700766259187,0.0289247398021919
"ENSMUSG00000035878",47.2598764818685,0.776242821529322,0.545480833488736,1.42304325628583,0.154723616097255,NA
"ENSMUSG00000035885",16885.5213643189,-0.624500438607067,0.203147904783893,-3.07411705413061,0.00211126577117477,0.0279669410433643
"ENSMUSG00000035890",401.9948002146,-0.5938126209382,0.307454441522161,-1.93138410360352,0.0534355695184561,0.174558782201001
"ENSMUSG00000035891",135.685139697558,0.375095232059922,0.263557334671515,1.42320164425484,0.154677709106136,0.338877775434246
"ENSMUSG00000035896",0.116975900572482,1.15174458075969,7.35612706201036,0.156569424515205,0.875584201001184,NA
"ENSMUSG00000035898",718.934375382094,0.425674947326345,0.223561660725936,1.90406058867213,0.0569022937504965,0.180977855123442
"ENSMUSG00000035900",393.372598309137,0.320400280444561,0.403673103146135,0.793712233853172,0.427362976527548,0.630497244892495
"ENSMUSG00000035901",410.733035446052,-0.305305741178027,0.268239733028672,-1.13818239278293,0.255044329266869,0.464576647628363
"ENSMUSG00000035910",2.8801957183782,-2.62685762182233,2.76909070718121,-0.948635454595251,0.342806052233161,NA
"ENSMUSG00000035914",4.22028217241889,-1.21250678775505,1.57579194279568,-0.769458679680698,0.44162106513493,NA
"ENSMUSG00000035916",0.497614640264506,-1.53117075788753,7.24381460129313,-0.211376304083514,0.832593645612148,NA
"ENSMUSG00000035919",108.520538293119,0.0774939410888781,0.319923706994983,0.242226316445168,0.80860480454994,0.904089864605379
"ENSMUSG00000035923",0.187415007486294,2.74136879989798,7.26122210476041,0.377535456201065,0.70577572021384,NA
"ENSMUSG00000035929",398.00322875534,0.254363352133698,0.256713838707594,0.990843942867558,0.321761788359352,0.532389911478681
"ENSMUSG00000035930",0.184639909422685,0.909980900932571,7.34998148580414,0.123807237159729,0.901467901480832,NA
"ENSMUSG00000035932",1.76442015182685,1.47259745533076,1.75452806745253,0.839312566523306,0.401293933236777,NA
"ENSMUSG00000035933",643.326177184811,0.331714435295952,0.262834717726614,1.26206476132648,0.206925484023096,0.405362348309216
"ENSMUSG00000035934",1.32599127238577,-1.04725032624301,3.12111257160633,-0.335537505365922,0.737219657604462,NA
"ENSMUSG00000035936",9.33213148988815,1.09685459308001,0.85618000884399,1.28110278416916,0.200157566066949,NA
"ENSMUSG00000035941",414.045241378206,0.0421212600536605,0.256618172748107,0.164139817545214,0.869621077005596,0.938915857192512
"ENSMUSG00000035944",153.898240402852,0.679258557817771,0.325983238160455,2.08372234612697,0.0371854303748775,0.14013726767921
"ENSMUSG00000035946",0.0407969102058399,0,7.3561311249555,0,1,NA
"ENSMUSG00000035948",12.5743361494197,0.404279965361832,0.832821215894613,0.485434277664932,0.627368322372007,NA
"ENSMUSG00000035949",850.750769175322,0.45180950010959,0.216919457144116,2.08284450854687,0.0372653990840902,0.14027454053182
"ENSMUSG00000035951",3.52782153836234,0.941494349785563,1.4512566176211,0.648744225076377,0.516503713725743,NA
"ENSMUSG00000035953",393.435830851741,-0.163953086280071,0.187713449573661,-0.87342215836129,0.382433017671034,0.591336182891187
"ENSMUSG00000035954",12.5523171765737,0.00855447825986009,0.8728596609404,0.0098005196512847,0.99218044186093,NA
"ENSMUSG00000035958",765.717688889897,-0.253181515778811,0.197022256263547,-1.285040180639,0.198778243395655,0.395135226760631
"ENSMUSG00000035960",846.811359901665,-0.531785228994107,0.342126602282705,-1.55435217678479,0.120100433974787,0.289488610056271
"ENSMUSG00000035963",0,NA,NA,NA,NA,NA
"ENSMUSG00000035964",2.7800977593352,-0.245658580188048,2.91313597751516,-0.084327879674738,0.932795746568471,NA
"ENSMUSG00000035967",255.681516273357,0.640898251279425,0.341942371220737,1.87428732213388,0.0608908339712382,0.189540510753044
"ENSMUSG00000035969",1.79968905499364,-0.343364037313923,3.35012260891701,-0.102492976346594,0.918365387555253,NA
"ENSMUSG00000035984",0.880181835725919,-0.957667299258424,3.54741415728166,-0.269962078516446,0.787189427710836,NA
"ENSMUSG00000035992",496.902257211465,0.575713885725898,0.282199915906366,2.04009233623202,0.0413411298933598,0.149438920103891
"ENSMUSG00000036002",67.1082256187036,0.0936500977067927,0.431142609295788,0.217213737838988,0.828041779016827,0.915672109361376
"ENSMUSG00000036006",3596.59223261183,0.563274192414311,0.201773833716753,2.79161168739563,0.00524462541310157,0.0431433193466033
"ENSMUSG00000036009",89.6449350224759,0.0266482412774199,0.320062500692155,0.0832594921922793,0.933645208964595,0.973326607320715
"ENSMUSG00000036013",0,NA,NA,NA,NA,NA
"ENSMUSG00000036019",2.26328831769074,-1.23640640279575,2.30661709624364,-0.536025855704119,0.591940681134321,NA
"ENSMUSG00000036022",128.375032061912,-0.0860001908984115,0.295670334751948,-0.290865131838678,0.771154469635493,0.880746612633951
"ENSMUSG00000036023",1269.06672286773,-0.155207698268694,0.26364112295831,-0.588708227787502,0.556057017566115,0.734851481719379
"ENSMUSG00000036026",30.6752274242766,1.52523755343805,0.658830183873292,2.31506933163127,0.0206091380836156,NA
"ENSMUSG00000036027",1.20501863061268,0,5.06393586872646,0,1,NA
"ENSMUSG00000036030",3.27786982238201,-3.60978390103321,2.05746293029512,-1.75448308102223,0.0793477664672571,NA
"ENSMUSG00000036036",0.081236158750911,0,7.3561311249555,0,1,NA
"ENSMUSG00000036040",2.73084776975636,-2.77258355345536,2.82855099297568,-0.980213388530274,0.326980797040136,NA
"ENSMUSG00000036045",0.115591616149491,-1.67582559940805,7.35023032481926,-0.227996338257503,0.819649087209869,NA
"ENSMUSG00000036046",46.6171071504644,-0.124623521744905,0.432516548084825,-0.288135846586069,0.773242754017557,NA
"ENSMUSG00000036052",20.3803036512725,-0.0554410380600302,0.730006724201488,-0.0759459279237104,0.939462117144669,NA
"ENSMUSG00000036053",14.6795629929012,0.646112670338551,0.854931739929228,0.755747669857288,0.449800497175335,NA
"ENSMUSG00000036054",205.183597530412,0.173072834993976,0.2755830605898,0.628024213910563,0.529988077828799,0.715798900032474
"ENSMUSG00000036057",86.128394207211,0.239289090127819,0.482925598798269,0.495498873373612,0.620248017088536,0.780938943946017
"ENSMUSG00000036061",103.620942152831,0.361421706471373,0.321125679797373,1.12548366327921,0.260384136124807,0.47003235675561
"ENSMUSG00000036062",2.42151041905097,0.268046150655496,4.14659008755106,0.0646425484545065,0.948458606766116,NA
"ENSMUSG00000036067",9.31941454445533,0.0892828653034218,1.74423601647523,0.0511873762839995,0.959176210924381,NA
"ENSMUSG00000036073",310.350775691353,0.118360597904764,0.251029862519674,0.471500070616053,0.637283669252051,0.793387544927416
"ENSMUSG00000036078",348.366083166411,-0.133780461201124,0.376189157986093,-0.35562019362097,0.722125018688865,0.848977855582711
"ENSMUSG00000036083",0.241146461447912,-3.25774610723918,7.28506356307337,-0.447181562526385,0.654743972575474,NA
"ENSMUSG00000036086",115.197536464992,0.0474531905611659,0.352015305987652,0.134804338771651,0.892766575310111,0.952245958217914
"ENSMUSG00000036087",665.343539727534,0.0555321230086156,0.195456514371067,0.284114976609016,0.776322270026555,0.884666869699923
"ENSMUSG00000036091",23.0790704210249,1.38539440175562,0.677690806110652,2.0442868477242,0.0409252177812716,NA
"ENSMUSG00000036093",1317.16056514764,-0.309340780053225,0.112653788568247,-2.74594209377897,0.00603374123480328,0.0468396594710642
"ENSMUSG00000036095",1.79303316004348,0.517058412101394,2.45133997451527,0.210928886844281,0.832942762752101,NA
"ENSMUSG00000036097",473.053460295079,0.29623654688037,0.249020615022259,1.18960651853619,0.234201082602902,0.438627832802138
"ENSMUSG00000036098",5.39102445127339,0.587675773976183,1.33556507848027,0.440020320570896,0.65992238981188,NA
"ENSMUSG00000036099",133.12130702671,0.867408062038114,0.374362511248361,2.31702704190553,0.0205022587382903,0.096780772093851
"ENSMUSG00000036103",10.3205292230479,0.56016687018146,0.860370109023483,0.651076628890847,0.514997022281,NA
"ENSMUSG00000036104",1413.99916446061,0.222251108700789,0.236034789529775,0.941603181224068,0.346395840419668,0.555053150032164
"ENSMUSG00000036106",56.2946409658752,0.318971713884245,1.35166758785927,0.235983844511224,0.813445206398969,NA
"ENSMUSG00000036109",566.779273397126,-0.146834083473022,0.368247506226948,-0.398737482237094,0.690086646560954,0.831181491562694
"ENSMUSG00000036110",0.211291027454392,1.82178645260585,7.32943097651656,0.248557692738063,0.803702937828764,NA
"ENSMUSG00000036111",6.72971576548698,-2.1613651648423,1.4284440894909,-1.51309048827568,0.130256675369294,NA
"ENSMUSG00000036112",3560.66153283849,-0.0758382800726323,0.204079749194775,-0.371611001933621,0.710182496468523,0.841139944595178
"ENSMUSG00000036114",630.260059530151,-0.778734793218673,0.264800851110082,-2.94083191180885,0.0032733210550462,0.0340956571434475
"ENSMUSG00000036117",0.60378784186189,-0.232975619762109,6.08254545063386,-0.0383023228766553,0.969446638759204,NA
"ENSMUSG00000036120",353.415762070946,-0.700007155927149,0.31146705608073,-2.24745167188954,0.0246111758780849,0.107742016631917
"ENSMUSG00000036123",0.794885970610481,-3.00152909716876,4.34426049848567,-0.690918304327064,0.489616882445505,NA
"ENSMUSG00000036131",0.913947286086302,-2.29687709726463,6.07700367278511,-0.377962104507329,0.705458745626213,NA
"ENSMUSG00000036136",0.261725051516941,1.1615542746262,7.35565858754315,0.157913021764401,0.874525336928173,NA
"ENSMUSG00000036138",800.421931609062,-0.270097125208044,0.210849206614804,-1.28099663994221,0.200194846300934,0.396737380850988
"ENSMUSG00000036139",4.48381486578329,0.270854477840022,1.12777926693481,0.240166214951067,0.810201403821658,NA
"ENSMUSG00000036144",0.273127161765613,1.35582321596884,7.25505561981242,0.186879782460426,0.851754891191598,NA
"ENSMUSG00000036151",8.90422308517857,-0.00638220375408488,1.35352624241894,-0.00471524197615776,0.996237795167947,NA
"ENSMUSG00000036155",139.603418069972,1.08239939763031,0.367655617344627,2.94405782631009,0.00323939467719677,0.0339893773392927
"ENSMUSG00000036158",41.8165743398815,-0.599972564658903,0.682603824045837,-0.878946972641945,0.37943002818459,NA
"ENSMUSG00000036160",169.945694835034,0.0589278109772477,0.315652444923793,0.186685742261475,0.851907035595324,0.929071165805359
"ENSMUSG00000036167",577.645787626363,0.0566168181294004,0.163055248624841,0.34722475116189,0.728422477510618,0.851822570707731
"ENSMUSG00000036168",31.4464512428238,1.16036227008327,0.649266787027661,1.78718870773508,0.0739069938065838,NA
"ENSMUSG00000036169",0.96855931938918,0,7.3561311249555,0,1,NA
"ENSMUSG00000036172",7.29290058464647,-0.882139426038648,1.23398008539565,-0.714873308312597,0.474687331559922,NA
"ENSMUSG00000036180",1329.59430467253,-0.0456587967256571,0.155261991528052,-0.294075815183703,0.768699970897895,0.879060528959474
"ENSMUSG00000036181",294.450927033901,-0.224061152850824,0.246222189199491,-0.909995778931558,0.362824735878416,0.571654991319539
"ENSMUSG00000036185",5.39497440033137,-0.934416101117037,1.22920242212315,-0.760180816681975,0.447146510068322,NA
"ENSMUSG00000036186",22.2515558409994,0.561763004267316,0.918517535253597,0.611597473870999,0.540804109846648,NA
"ENSMUSG00000036188",352.179178964898,-0.291086903140279,0.194489794340899,-1.49666929376287,0.134479329883012,0.310445627252119
"ENSMUSG00000036192",24.0477164496946,0.389503578457724,0.585241002924863,0.665543898173744,0.505702675787539,NA
"ENSMUSG00000036196",4.95412545822063,-0.0389523887471513,1.48908794628989,-0.0261585548685707,0.979130872984156,NA
"ENSMUSG00000036197",381.06343699218,0.0711000310303308,0.229729122394423,0.309495070930794,0.756944961071393,0.871363798787786
"ENSMUSG00000036198",0.0425774740632087,0,7.3561311249555,0,1,NA
"ENSMUSG00000036199",11713.462380409,-0.374715058340239,0.151285705772894,-2.47687021338786,0.0132540088614324,0.0742720394530951
"ENSMUSG00000036202",1297.55837039307,0.195486205744804,0.22856576877779,0.855273328067134,0.392399849647369,0.599788980761535
"ENSMUSG00000036206",4.16599370901289,-0.011013187659077,1.54098606825628,-0.00714684440433595,0.994297691734527,NA
"ENSMUSG00000036208",130.088355976132,0.326131359473022,0.337845164036104,0.965327890376934,0.334380606517577,0.543149290552774
"ENSMUSG00000036211",0.155256432546739,1.15314804445039,7.35607185454015,0.156761389400875,0.875432903351103,NA
"ENSMUSG00000036214",94.7886445264271,-0.950553712381188,0.408830979595252,-2.32505304104461,0.0200691241837617,0.0957448323149056
"ENSMUSG00000036216",0.882856201639212,3.34544347032948,5.32145985155875,0.628670245318027,0.529564961717018,NA
"ENSMUSG00000036218",0.281410453045199,1.15956157552005,7.35576025398354,0.157639935979708,0.874740532642048,NA
"ENSMUSG00000036223",893.179609070241,-3.85599281163438,1.51561694285679,-2.54417373057747,0.0109536589512885,0.0661894343903655
"ENSMUSG00000036225",32.5410013953529,-0.383612287229275,0.48217222464927,-0.795591839634299,0.42626931121483,NA
"ENSMUSG00000036231",0.283711078750289,0.831728349247205,7.31366525594331,0.113722507134342,0.909457770154149,NA
"ENSMUSG00000036241",1462.57262389235,-0.454252090116688,0.233362910633694,-1.94654792778841,0.0515889566398989,0.170931919471926
"ENSMUSG00000036242",1.54906773926313,0.384169261352656,1.96826468716082,0.195181706941464,0.845250699395152,NA
"ENSMUSG00000036244",0.0887440185138332,0,7.3561311249555,0,1,NA
"ENSMUSG00000036246",558.383847233531,0.375267808531685,0.212912434066522,1.7625452932187,0.0779772108387493,0.220486980343545
"ENSMUSG00000036249",665.020988291325,-0.259511280059393,0.233493281934458,-1.11142932211745,0.266383596796448,0.476338975096398
"ENSMUSG00000036251",1.13200169100785,-3.58150197296308,3.52181919147535,-1.01694657739165,0.309178844050913,NA
"ENSMUSG00000036256",54.4258166425707,0.305344138255655,1.39992595413635,0.218114491951133,0.827339906283133,NA
"ENSMUSG00000036257",344.17410705154,0.413635199711785,0.234481568130918,1.76404142555393,0.0777250049626933,0.220267301714246
"ENSMUSG00000036264",0.312255560495143,1.15695392520159,7.35598915724055,0.157280537052287,0.875023758529759,NA
"ENSMUSG00000036270",284.92970908898,0.236856473948008,0.203054135951866,1.16646958623958,0.243424638276787,0.450107445741306
"ENSMUSG00000036273",28.1968360869331,0.02335178358264,1.24191607235825,0.0188030287250391,0.984998237677736,NA
"ENSMUSG00000036275",537.636085396599,0.284122263830853,0.175875643606328,1.61547248956665,0.106208413223672,0.267755716581484
"ENSMUSG00000036278",69.0234645286916,-0.72029294692826,0.476337832676302,-1.51214725666718,0.130496405210834,0.305026475646512
"ENSMUSG00000036281",96.8846510460328,0.298739241105288,0.397521561797624,0.751504496396032,0.452349095760838,0.652198193056575
"ENSMUSG00000036282",559.133706376088,-0.184731226805698,0.192844761547905,-0.957927118802284,0.338099510544273,0.546610622189239
"ENSMUSG00000036285",1574.71352514128,0.260627192662461,0.296272944326373,0.879686105847573,0.379029378272025,0.587995198402224
"ENSMUSG00000036291",337.277937709469,-0.805831813021369,0.253544822207868,-3.17826176059991,0.00148160923401081,0.0238254558817473
"ENSMUSG00000036292",35.8404548240284,0.0862657863558292,0.604646894938103,0.142671346000479,0.886549747750286,NA
"ENSMUSG00000036295",1.22023544060108,2.3418134052404,3.22528522741584,0.726079475183876,0.467790050699381,NA
"ENSMUSG00000036298",1.23026032706405,1.10680354958381,6.66180654837654,0.166141652650291,0.868045475565447,NA
"ENSMUSG00000036299",3751.65991796238,-0.608980850764153,0.209428941856013,-2.90781610873458,0.00363962291138028,0.0361948415281631
"ENSMUSG00000036304",1.24185054440155,-0.745101993549739,2.70448061766382,-0.275506501574921,0.782927131492238,NA
"ENSMUSG00000036305",0,NA,NA,NA,NA,NA
"ENSMUSG00000036306",62.141841321116,1.29803585407002,0.580206464025444,2.23719647151862,0.0252735018808604,NA
"ENSMUSG00000036309",5538.84643340724,-1.096650851377,0.345728915477934,-3.1719963308854,0.00151394919757414,0.0239446205088326
"ENSMUSG00000036315",1784.75243469406,-0.785144388851027,0.211513277678161,-3.7120335776069,0.000205600703639282,0.00963205192167914
"ENSMUSG00000036322",0,NA,NA,NA,NA,NA
"ENSMUSG00000036323",1781.93477012068,0.232842632217099,0.142708123824014,1.63160040212033,0.102763693475805,0.261944071688585
"ENSMUSG00000036327",66.4706336222032,0.987476822493269,0.517366278631122,1.90866096860041,0.0563058413542457,0.180065752761798
"ENSMUSG00000036330",5.76330655608101,0.748739525177268,1.65875562344364,0.451386276914532,0.651711172202204,NA
"ENSMUSG00000036333",676.974519784531,0.379411969155662,0.253176618841046,1.49860587795381,0.13397590694586,0.30950031319463
"ENSMUSG00000036334",2.34469138236093,4.13191795375949,3.65386001366706,1.1308364136295,0.258123950488747,NA
"ENSMUSG00000036339",154.781885853332,0.760517236031942,0.374279107380221,2.03195214757032,0.0421585005586252,0.151974755927931
"ENSMUSG00000036352",690.956797764761,0.056023141250079,0.250739444799651,0.223431703355821,0.823199532207056,0.912870470705266
"ENSMUSG00000036353",147.051141116204,2.53946503977647,1.83292881254527,1.38546844939934,0.165909273441811,0.353181053191262
"ENSMUSG00000036356",2.4113082017652,-2.31682700485321,2.59103060838527,-0.89417199370603,0.371229874313831,NA
"ENSMUSG00000036357",0.383715761708014,-1.1096162989255,7.29442892603687,-0.152118323473523,0.879093612349776,NA
"ENSMUSG00000036362",17.6760092553652,2.73820584009742,1.84205272280661,1.48649699663612,0.137147710681599,NA
"ENSMUSG00000036368",52.5282643047898,-0.620004937141495,0.614922741673114,-1.00826477071665,0.313327370716046,NA
"ENSMUSG00000036371",8660.83283236534,-0.364951646481704,0.162069337984109,-2.25182413293678,0.0243333879887316,0.107142779629671
"ENSMUSG00000036372",7141.06115759537,-0.44122722559042,0.168465411302068,-2.6190968352505,0.0088162916949325,0.0580268866491645
"ENSMUSG00000036376",494.946918922811,-0.457105978011987,0.258374253947052,-1.76916225602594,0.076866800957793,0.218409231366041
"ENSMUSG00000036377",13.1232016577676,0.710371178111104,0.773451948083096,0.918442548204411,0.35838722390349,NA
"ENSMUSG00000036381",59.8274678447621,0.591526587953429,0.637355841541318,0.928094714756108,0.353358440962322,NA
"ENSMUSG00000036390",67.3529870877498,-0.285674899433602,0.473507604121479,-0.603316392275534,0.546298230063699,0.728373078524368
"ENSMUSG00000036391",1154.99377327311,0.35904435598484,0.295713154751039,1.21416430150738,0.224684989493977,0.427228567104101
"ENSMUSG00000036395",24.3879449299022,0.708219908582871,0.718307256498173,0.985956778489919,0.32415432280437,NA
"ENSMUSG00000036398",2454.60219279827,-0.668644092615695,0.198978068639207,-3.36039090734215,0.000778322619571953,0.0176076560237511
"ENSMUSG00000036401",0.0406180793754555,0,7.3561311249555,0,1,NA
"ENSMUSG00000036402",438.964918185537,-0.70546849527738,0.314726855484051,-2.24152620910716,0.0249920097780837,0.108960531033906
"ENSMUSG00000036403",198.410353693664,0.378079319890278,0.29018125460102,1.3029074548944,0.192606358515185,0.388317047183533
"ENSMUSG00000036411",35.0979375865427,0.945233089095767,0.604598569649802,1.56340609545813,0.117957107353498,NA
"ENSMUSG00000036412",0.429504127086665,1.77127977633078,7.24311360243174,0.24454673411944,0.806807411809266,NA
"ENSMUSG00000036422",0.164345320501368,2.30572819557602,7.28151673077966,0.316654933419227,0.751505448165498,NA
"ENSMUSG00000036427",3461.10247233194,-0.0821095761578479,0.177405730629092,-0.462834970813412,0.643482662481013,0.797454330593284
"ENSMUSG00000036430",657.338501445723,-0.563552586861091,0.230112262933507,-2.44903326609732,0.0143240218082363,0.0779696891929605
"ENSMUSG00000036432",381.626285321068,-0.574896567760309,0.237086341572109,-2.42484051990594,0.0153151129431981,0.0810438391025232
"ENSMUSG00000036435",778.828431565069,0.317319269623192,0.185100608415618,1.71430700492726,0.0864723573196728,0.234895410994524
"ENSMUSG00000036437",11.2968569970078,2.30564930909404,0.851461300553169,2.70787328513478,0.00677158714299506,NA
"ENSMUSG00000036438",20004.9124670242,-0.618024499133748,0.322391094744062,-1.91700238998345,0.055237628021107,0.178148108642298
"ENSMUSG00000036442",328.570892245985,-0.420898277101736,0.214053421967799,-1.96632351509454,0.049261252188081,0.166705743881952
"ENSMUSG00000036446",0.975417384379552,-2.0318714258516,3.45588803225777,-0.587944808074166,0.556569339163978,NA
"ENSMUSG00000036449",0.123142926534524,0,7.3561311249555,0,1,NA
"ENSMUSG00000036450",292.134203572888,1.1234082454093,0.334111578955116,3.36237447658233,0.000772752499100891,0.0176005955152357
"ENSMUSG00000036452",560.327350746552,0.99528202518261,0.331561834274475,3.00179912854111,0.00268389210043538,0.031102313496839
"ENSMUSG00000036459",0.634467524376871,-3.22647997810403,5.32548229026511,-0.605856859950877,0.544609808391588,NA
"ENSMUSG00000036461",2833.99934523301,-0.229331520101005,0.186832687204203,-1.22747000823444,0.219645987615876,0.42167422559389
"ENSMUSG00000036463",0.0786978835331127,-1.67303588808323,7.35016052097902,-0.227618959246946,0.819942479472745,NA
"ENSMUSG00000036466",16.3009736913127,0.256583734559728,0.7147845687774,0.358966527493173,0.719620129875519,NA
"ENSMUSG00000036469",21.1942593522626,1.62376790427974,1.19825759344255,1.35510754379175,0.175383295558425,NA
"ENSMUSG00000036473",77.0596054845788,0.724405806439651,0.386698678930239,1.87330820069943,0.0610258381047314,0.18987737162898
"ENSMUSG00000036478",11869.2336478735,-0.479347928251041,0.217033679823696,-2.20863383342361,0.0272001200667176,0.115247829772612
"ENSMUSG00000036480",2.19256323318758,2.15235746537914,2.71523649720546,0.792696130740126,0.427954885172019,NA
"ENSMUSG00000036492",1.72546216065724,-1.29032870293881,3.57179496737137,-0.361254975362825,0.71790884858543,NA
"ENSMUSG00000036499",455.395352968476,0.423535059384782,0.358343285226107,1.18192547996969,0.237235270808112,0.442466160743054
"ENSMUSG00000036500",0.156649787047533,1.17495256997135,7.35501116247601,0.159748577400637,0.873079133013282,NA
"ENSMUSG00000036501",242.373473849978,0.471490499603911,0.188424517372292,2.50227786797157,0.0123397033527096,0.0711656754034624
"ENSMUSG00000036502",79.4517445143169,0.12481716513303,0.352523794974908,0.354067347828007,0.723288411707603,0.849335465636689
"ENSMUSG00000036503",939.182416396525,-0.105470255872545,0.264091045639741,-0.399370814020031,0.689619995887478,0.830821896325134
"ENSMUSG00000036504",1518.01904074458,-0.467227179406038,0.26159821333747,-1.78604881679104,0.0740913543543236,0.213401234788021
"ENSMUSG00000036510",0.887574457262744,0.304361714190916,4.63258653351632,0.0657001681434092,0.947616538545149,NA
"ENSMUSG00000036513",1740.21527800385,-0.470594672099993,0.163191785251753,-2.88369093685699,0.00393044292230649,0.0376477018284881
"ENSMUSG00000036521",0,NA,NA,NA,NA,NA
"ENSMUSG00000036523",1.83709733579296,-1.80861881600018,3.5452564841018,-0.510151754636279,0.609945149076276,NA
"ENSMUSG00000036526",470.799919033154,0.208177887360086,0.221088073328119,0.941606140151792,0.346394324949207,0.555053150032164
"ENSMUSG00000036528",3.65705619434946,0.139075256568513,2.10715318536706,0.0660014931682752,0.947376636672292,NA
"ENSMUSG00000036529",443.68972673332,0.0804283010318349,0.347194847504155,0.231651770209154,0.816808494192528,0.908625378174966
"ENSMUSG00000036533",668.500951420772,-0.594858743878734,0.228339823295954,-2.60514672952046,0.00918349223424024,0.0594102229944141
"ENSMUSG00000036534",36.1390476188528,-0.26932504164788,0.550262078678772,-0.489448668341007,0.624524087440255,NA
"ENSMUSG00000036537",139.903732841944,-0.350337728534316,0.353502191208802,-0.991048251600182,0.321662019729023,0.532389911478681
"ENSMUSG00000036545",22.7260223309421,-0.631176755001,0.935989964288866,-0.674341370188245,0.500094308099481,NA
"ENSMUSG00000036550",1451.99677563183,0.676190271147118,0.269022945906017,2.5135040762781,0.011953839648152,0.0701654857180593
"ENSMUSG00000036551",7.98710949703696,1.16380217540864,0.961837592591904,1.20997784280036,0.226287395169431,NA
"ENSMUSG00000036552",317.039439197145,0.580308128919801,0.248162814328494,2.33841694006438,0.0193656298103912,0.0940222252827687
"ENSMUSG00000036553",7.31329921919367,3.36320474543062,1.30024646259604,2.58659019053643,0.00969307993057804,NA
"ENSMUSG00000036555",97.2977398649252,0.766376104322864,0.501831546525889,1.52715808647021,0.126721705826172,0.299419140544275
"ENSMUSG00000036557",0.648659402528954,0.111546855177512,6.72356942352756,0.016590422162844,0.986763365515046,NA
"ENSMUSG00000036560",0.866305672112187,-4.93358111795263,6.28116675748094,-0.785456159411257,0.432186164919633,NA
"ENSMUSG00000036561",43.5088940243817,0.546520944333923,0.577963485571769,0.945597702929727,0.344353816310854,NA
"ENSMUSG00000036564",7.38438854198417,2.01216587428201,1.27310538424257,1.58051792034416,0.113988306266058,NA
"ENSMUSG00000036565",108.005578477519,0.0561071462080664,0.489519357473969,0.114616808000386,0.908748856653724,0.960541322500221
"ENSMUSG00000036568",311.145064052628,0.422031986925493,0.218904524579171,1.9279271990235,0.053864182073064,0.175364201366144
"ENSMUSG00000036570",6.6548907691853,0.374475102512017,1.08129853169378,0.346319810427772,0.729102382158316,NA
"ENSMUSG00000036572",1441.56977910144,0.461875963225659,0.21708596917044,2.12761775894889,0.0333687885924394,0.131309902562207
"ENSMUSG00000036574",0.149924205696327,-3.14064272361142,7.26770272934702,-0.43213692697274,0.665641897527946,NA
"ENSMUSG00000036578",17.9418054520948,-0.967052222762901,0.704554993338068,-1.37257166850974,0.169885544545763,NA
"ENSMUSG00000036580",143.084380592988,0.48987634916477,0.312532001687375,1.56744380261831,0.117010992215115,0.28525320253529
"ENSMUSG00000036585",1.885580219936,-2.44572186741914,2.33378269013883,-1.0479646960076,0.294654872786805,NA
"ENSMUSG00000036586",33.0839408618728,-0.262891299378594,0.594658139868069,-0.442088120473586,0.658425440441349,NA
"ENSMUSG00000036587",71.7238338587977,2.22146624950263,0.952752186684095,2.33163070161412,0.0197201272601879,0.0949069222996912
"ENSMUSG00000036591",44.9854081499754,1.77115630733171,0.630820009232702,2.8077047040503,0.00498959568028432,NA
"ENSMUSG00000036594",760.056598709515,6.42612536563815,1.51423814169341,4.24380101696003,2.19765238513768e-05,0.00324235728762476
"ENSMUSG00000036596",0.283512623364082,-0.229608306174909,7.34988238674242,-0.0312397252218719,0.9750783592174,NA
"ENSMUSG00000036598",0.433156644487597,0,7.3561311249555,0,1,NA
"ENSMUSG00000036599",333.001900231439,0.252091643495641,0.370702334186078,0.680037917886703,0.49648045214866,0.686873235757803
"ENSMUSG00000036602",1.00389214947614,0.868459990634164,3.83667718707411,0.226357326480329,0.820923515107204,NA
"ENSMUSG00000036606",25.3821454127843,4.20876471393016,1.35567473846517,3.10455347032218,0.00190566479343724,NA
"ENSMUSG00000036611",3.80953894350312,-1.51187323909772,1.3330129183162,-1.134177484947,0.256720106341804,NA
"ENSMUSG00000036613",698.406847474837,-0.337255432642326,0.166545184773979,-2.02500860712377,0.0428664804264283,0.153689017574041
"ENSMUSG00000036615",572.275067866476,-0.644146209387351,0.230236054830404,-2.79776427658926,0.00514576516575383,0.0428886076420545
"ENSMUSG00000036617",2.97585881645161,-0.336830640948554,1.8223352268131,-0.184834620981126,0.853358752081583,NA
"ENSMUSG00000036620",45.4871131353372,-0.0544826700035642,0.511829516661719,-0.106446909038998,0.915227776435308,NA
"ENSMUSG00000036622",191.452033546759,0.598873448034319,0.291455994308404,2.05476456044551,0.0399017507796685,0.14651887312668
"ENSMUSG00000036632",2042.21558452013,-0.343951131563127,0.190890602491273,-1.80182328032021,0.0715732137532476,0.208764006477088
"ENSMUSG00000036634",75.0927956663326,0.620448467529376,0.478027347332039,1.29793508884422,0.194309641251508,0.390584613294851
"ENSMUSG00000036636",207.220747056305,0.873030315338547,0.441662681017866,1.9766902499585,0.0480766535806995,0.164498772452776
"ENSMUSG00000036639",658.061438397593,-0.406755706678176,0.207833202526579,-1.95712572261478,0.0503326888847261,0.168886160769015
"ENSMUSG00000036641",15.3761340224286,0.226294285698457,0.637255937686178,0.35510737886588,0.722509148907551,NA
"ENSMUSG00000036644",275.944096357018,0.293518169405963,0.258389354148876,1.13595302860987,0.255976223121457,0.465732553939922
"ENSMUSG00000036646",169.741548533362,0.488678810176532,0.277070698341433,1.76373327494319,0.077776896100628,0.220267301714246
"ENSMUSG00000036647",2.45501828674009,-0.412245633351859,1.66938000293747,-0.246945352541941,0.804950516735826,NA
"ENSMUSG00000036655",2.2284675127722,3.37243747378063,2.27694926157229,1.48112104678691,0.13857432034206,NA
"ENSMUSG00000036658",23.0034870926256,-0.50978962087066,0.588827899842645,-0.865770152886596,0.386616220092068,NA
"ENSMUSG00000036661",84.9421923598201,0.352033516596379,0.418032624924827,0.842119718908743,0.399720944728668,0.605275970993088
"ENSMUSG00000036667",1.57319418690283,4.91826487035206,3.28846991748006,1.49560889829301,0.134755602966739,NA
"ENSMUSG00000036672",277.275760138769,-0.00992880071145833,0.235760627092336,-0.0421139052517438,0.966407895217788,0.989888225113969
"ENSMUSG00000036676",17.6829112691984,1.61779172930635,1.02917467326705,1.57193115156125,0.115966519082207,NA
"ENSMUSG00000036678",615.799220479342,0.00110337736834648,0.250011493439999,0.00441330657708856,0.996478702250936,1
"ENSMUSG00000036686",184.791233275323,0.179949913188167,0.29728115657505,0.605318935318182,0.544967102312621,0.727284974532234
"ENSMUSG00000036687",1.82732107615401,5.96402063483049,2.44705423918903,2.43722453688113,0.0148004859199509,NA
"ENSMUSG00000036693",396.625158600984,0.156824824743156,0.240936317789713,0.650897408003184,0.515112714762787,0.702634797400568
"ENSMUSG00000036698",996.245616426735,0.342061308517063,0.19230593316009,1.77873507538796,0.0752832058028446,0.215462632389129
"ENSMUSG00000036699",1.6289320820434,-0.386973057988469,4.67479951234458,-0.0827785356284485,0.934027636628569,NA
"ENSMUSG00000036707",2566.32680560459,-0.0370068475820323,0.15633994205261,-0.236707568751556,0.812883662801091,0.90613568242155
"ENSMUSG00000036712",1966.31484741622,0.208476747853851,0.177871495277821,1.17206384040471,0.241171426101055,0.447024104070679
"ENSMUSG00000036718",1.86569268454957,1.50312056814913,3.08133419379679,0.487814846950113,0.625680994073834,NA
"ENSMUSG00000036721",67.8421473331589,1.09267556389842,0.412321901864647,2.65005462711781,0.00804787571664405,0.0547133778947912
"ENSMUSG00000036731",0.16395624941322,0,7.3561311249555,0,1,NA
"ENSMUSG00000036733",1024.22004450405,-0.39970253348153,0.281247360266281,-1.42117790226759,0.155265047122929,0.339331194076975
"ENSMUSG00000036737",581.76684253923,0.401442577585873,0.233408406017317,1.71991482413058,0.0854479254717385,0.2329433930745
"ENSMUSG00000036743",4.04565018664697,-0.254467261534436,1.8105112014678,-0.14054995148781,0.888225488551882,NA
"ENSMUSG00000036744",0.263429591548581,-1.57864358268415,7.34777044611716,-0.214846611534845,0.829886910604412,NA
"ENSMUSG00000036745",0.945616725480305,2.04670432157225,4.02880488720734,0.508017732025482,0.611440907847184,NA
"ENSMUSG00000036748",1113.5083189509,-0.446175476587007,0.250284493634099,-1.78267326956055,0.0746395050550896,0.214230983585819
"ENSMUSG00000036749",114.959038937546,0.523938297446026,0.419394364180618,1.24927357683897,0.211565028876525,0.411191567134181
"ENSMUSG00000036751",13749.3697782256,-0.734753251531178,0.216200946976796,-3.39847378934023,0.000677629557636904,0.0162897858310261
"ENSMUSG00000036752",5877.68785824334,-0.699262733885494,0.242903480502489,-2.87876786466354,0.00399232079425128,0.0378573705654671
"ENSMUSG00000036760",0.273602485735872,-1.69440702661041,7.26755898675604,-0.233146649335519,0.815647531910657,NA
"ENSMUSG00000036764",110.63595362596,-0.225797099443669,0.552741904473805,-0.408503675252597,0.682903932860571,0.82625524802041
"ENSMUSG00000036766",0.658360516843501,-0.19425624836817,5.7915515837846,-0.0335413136804402,0.973242920799681,NA
"ENSMUSG00000036768",1210.22258868058,0.784811261760995,0.243374382726063,3.22470776492677,0.00126101318872898,0.0219456256524401
"ENSMUSG00000036769",466.618641745051,0.628081713229129,0.305991356867112,2.05261259553124,0.040110164990539,0.147011116400251
"ENSMUSG00000036770",0.172079289540221,0,7.3561311249555,0,1,NA
"ENSMUSG00000036775",151.718987189738,0.664491119398289,0.265855083047589,2.49944861606932,0.0124386736257147,0.0714446768101043
"ENSMUSG00000036777",635.562930838348,0.278874352075064,0.239851439003988,1.16269618074056,0.244952791742776,0.451327239869959
"ENSMUSG00000036779",675.203909151679,0.011746954875309,0.246361374190172,0.0476818044789816,0.961969835529187,0.987588753734659
"ENSMUSG00000036781",11430.053189269,-0.797380643232011,0.224760209677921,-3.54769487167968,0.000388618148573098,0.0126855789643276
"ENSMUSG00000036782",0.612851539824239,0.350244614135634,7.29593159651155,0.048005468459038,0.961711884433523,NA
"ENSMUSG00000036790",30.3875146420933,-0.0945227805934014,0.591749462642648,-0.159734459531707,0.873090254636667,NA
"ENSMUSG00000036792",118.68796786221,0.355553855313568,0.342777179479411,1.03727399780102,0.299608180347577,0.510537297489363
"ENSMUSG00000036800",0.906256856702601,0.983480119085376,3.60197118566526,0.273039418804716,0.784822914542696,NA
"ENSMUSG00000036805",0.611972677588142,-1.6725956652454,6.07561178490612,-0.275296665498064,0.783088326082293,NA
"ENSMUSG00000036810",612.054765353682,-0.227725709222261,0.195853697627943,-1.16273377516142,0.244937533631548,0.451327239869959
"ENSMUSG00000036813",0.534849832063903,-1.49495528450023,7.1897649136584,-0.207928256688931,0.835284985670837,NA
"ENSMUSG00000036814",9.01995491464543,-0.114101589867397,1.08919068864462,-0.104758139283567,0.91656772722848,NA
"ENSMUSG00000036815",52.6742002138043,-0.0623954700742432,0.606300914808004,-0.102911720154672,0.91803303575397,NA
"ENSMUSG00000036816",0.430056507992905,1.15395267222131,7.35591270939759,0.156874166104102,0.875344020206486,NA
"ENSMUSG00000036817",756.30684282505,0.920166714864394,0.295475588369489,3.11418862025832,0.00184451532491612,0.0260056804423214
"ENSMUSG00000036819",91.1125374706069,-0.153122151715585,0.450372914462514,-0.339989699199218,0.73386428521011,0.855857534131895
"ENSMUSG00000036820",357.335142617762,0.335472936056692,0.293346263486684,1.14360732626792,0.252786521979425,0.461924416920788
"ENSMUSG00000036822",440.69225436228,-0.0173020365803264,0.191222963372772,-0.0904809562363999,0.927905026595351,0.970265284226906
"ENSMUSG00000036825",114.785261506318,-0.597770104674786,0.508175966002495,-1.17630534434179,0.239472880915894,0.444960418769476
"ENSMUSG00000036826",332.506267497976,-0.0228347530559164,0.278910836378153,-0.0818711576518189,0.93474917028081,0.973750701967934
"ENSMUSG00000036832",1.54033922235351,-1.46358307633809,2.24434241759076,-0.652121113457011,0.51432304467736,NA
"ENSMUSG00000036833",267.713485499945,0.853773008605761,0.296381801410448,2.88065260600601,0.00396852782616115,0.0378251888937147
"ENSMUSG00000036834",1.688441404855,-0.298853143086626,2.33324055360226,-0.128085011476948,0.89808169745076,NA
"ENSMUSG00000036835",4082.63757127141,-0.477140794417309,0.180297360621259,-2.64641031223753,0.00813510743726959,0.055074590225131
"ENSMUSG00000036840",304.815950687749,0.162164358118328,0.246873439937245,0.656872436984513,0.511262942484163,0.700224379162657
"ENSMUSG00000036845",1445.99892364501,-0.534701825126554,0.217907327588929,-2.45380378458517,0.0141354088114057,0.0774119202774212
"ENSMUSG00000036850",2297.1958963781,-0.708505585130895,0.22959303941875,-3.08591927231151,0.0020292390770606,0.0274990606267108
"ENSMUSG00000036853",48.0981191567415,-0.162454076718689,0.456985331613608,-0.355490790360964,0.722221943193022,NA
"ENSMUSG00000036854",98.2779080245182,-0.921869788905678,0.499826490996133,-1.84437961074938,0.0651278366336319,0.197473725239923
"ENSMUSG00000036855",2.20737488714131,1.37506425008341,1.70876505973707,0.804712293388648,0.420985723849318,NA
"ENSMUSG00000036856",30.3488244106155,1.77451105574875,0.646769840175792,2.7436515210209,0.0060760000297589,NA
"ENSMUSG00000036858",183.492193193893,0.255566404891308,0.428000087220133,0.597117646753803,0.550428836876574,0.731676495933801
"ENSMUSG00000036860",1405.99178699012,-0.587271975597299,0.230150808505544,-2.55168330457181,0.0107203914884053,0.0655356028836649
"ENSMUSG00000036862",1.08658280513987,-1.0371699805634,6.05419068816311,-0.171314389318994,0.863976566679765,NA
"ENSMUSG00000036863",24.5127874466216,0.0811428803338051,0.936469600727939,0.0866476394649981,0.930951597451517,NA
"ENSMUSG00000036864",148.776539613465,0.431419284215122,0.333203995861223,1.29476023569299,0.195402953317961,0.391083914405856
"ENSMUSG00000036867",0.720901502705583,-0.239296941325069,5.62130458655807,-0.0425696451135716,0.96604459323605,NA
"ENSMUSG00000036872",1.00241544441696,0.892230950071055,5.64575802875218,0.158035634103903,0.874428719574521,NA
"ENSMUSG00000036873",758.15917606407,-0.264400553055182,0.174594664814504,-1.51436788366982,0.129932560124489,0.304284140447897
"ENSMUSG00000036875",339.786105580275,0.0545324619337656,0.264425584317528,0.206229900463345,0.836611332631411,0.920676164323886
"ENSMUSG00000036879",194.788550234045,-0.127933629777322,0.239948704876148,-0.533170745153036,0.593915390631784,0.761953749045449
"ENSMUSG00000036880",1563.33624795983,-0.437877617922768,0.266050193961677,-1.64584588871167,0.0997954918663108,0.257566171566183
"ENSMUSG00000036882",36.4786702891955,-0.727440077129679,0.666414026128429,-1.09157377937524,0.275020486391249,NA
"ENSMUSG00000036885",4.65684578838889,0.669127729817936,1.77734165149157,0.376476705678054,0.706562530023877,NA
"ENSMUSG00000036887",19.8446669264385,-2.65908970247365,2.01268282490775,-1.32116678771556,0.186445757734587,NA
"ENSMUSG00000036890",194.651277466968,0.909110805907032,0.356061968149225,2.55323760252323,0.0106726662071175,0.065453763085775
"ENSMUSG00000036892",415.69243107099,0.604935892610841,0.37514395644611,1.61254335093558,0.106843754383406,0.268877421608954
"ENSMUSG00000036893",510.771034251174,1.08769198030795,0.260756279225591,4.17129736449011,3.0287031623162e-05,0.00393930667888101
"ENSMUSG00000036894",344.419818671665,-0.280010560301108,0.229765991760328,-1.21867713387798,0.222966760080824,0.425734290785966
"ENSMUSG00000036896",44.0341835017928,-1.52860828136681,1.41076069217001,-1.08353478364607,0.278571120280772,NA
"ENSMUSG00000036898",203.216133110592,0.603948322216135,0.286540632913681,2.10772313886133,0.0350549446113674,0.135464475169416
"ENSMUSG00000036899",0.182430235086963,1.35428373786586,7.25521831922567,0.186663402571517,0.85192455221042,NA
"ENSMUSG00000036902",104.024000423485,-0.648623680344695,0.500944593255704,-1.29480123965249,0.195388804250709,0.391083914405856
"ENSMUSG00000036904",0.0380762098104571,-1.67431590235222,7.3501929692546,-0.227792101425878,0.819807867435575,NA
"ENSMUSG00000036905",92.3950516492186,2.14673930605443,1.92679643053328,1.114149513688,0.26521505004417,0.474850709959539
"ENSMUSG00000036907",0.411657509368718,-0.52148337210921,7.15774416332069,-0.0728558272285717,0.941920845245868,NA
"ENSMUSG00000036908",146.188115780276,0.0797461705606036,0.430724989444974,0.185144053664876,0.853116049030394,0.930079608369658
"ENSMUSG00000036912",3.86551970368219,0.138951261088032,1.95188503049921,0.0711882405555892,0.943247940349145,NA
"ENSMUSG00000036913",4.66062664422748,1.22050228788364,1.26003131415263,0.968628536588731,0.332730560039158,NA
"ENSMUSG00000036915",0.722983917036109,3.76844473813315,6.77976092047786,0.555837408182166,0.578322010116469,NA
"ENSMUSG00000036916",257.267125775037,0.639821890455071,0.286731579509352,2.23143154147834,0.0256525574948641,0.110828466274795
"ENSMUSG00000036918",791.49243685696,0.132850060623578,0.177317070725767,0.749223185787002,0.453722696696712,0.653408425879854
"ENSMUSG00000036921",0.0355187493373064,1.16171280725677,7.35565536667627,0.157934643392857,0.874508299155349,NA
"ENSMUSG00000036923",7.92344423370229,1.42837578645149,1.43678702154144,0.994145802430118,0.320151889401361,NA
"ENSMUSG00000036924",0.0381979668618393,0,7.3561311249555,0,1,NA
"ENSMUSG00000036925",0.147294019705337,0.768751650627887,7.27893062307489,0.105613267997207,0.915889197291247,NA
"ENSMUSG00000036928",25.0708477541896,2.06950296681805,0.896823399274374,2.30759251876401,0.0210218110092708,NA
"ENSMUSG00000036931",352.684200388421,0.143972349723685,0.239698586796629,0.600639126194923,0.548080372043507,0.729863192462626
"ENSMUSG00000036932",499.881048497848,0.566274879786736,0.182006291071522,3.11129289242101,0.00186270084986907,0.0260435613874905
"ENSMUSG00000036934",942.470200931865,-0.785800028698581,0.245806568943845,-3.19682273779306,0.00138950287405295,0.0231525265371914
"ENSMUSG00000036938",3.53952701357041,-0.329279821674517,1.69137398867636,-0.194681852670683,0.845642019550061,NA
"ENSMUSG00000036940",790.95645033697,0.293221296939234,0.179636581784344,1.63230280840709,0.10261571191849,0.261769370919812
"ENSMUSG00000036941",71.119622950048,0.357155745184229,0.448816716066552,0.795771931835242,0.426164608739217,0.629221382731466
"ENSMUSG00000036943",2709.04850479364,-0.206910857991306,0.170133314931055,-1.21616896770133,0.223920562449836,0.426648951391023
"ENSMUSG00000036944",1725.96245600637,-0.168580477612382,0.256834650313021,-0.65637746856556,0.511581283898768,0.700354453966197
"ENSMUSG00000036948",130.317870032635,-0.248296864231641,0.361931537126997,-0.686032685083524,0.492692497541773,0.683258324663359
"ENSMUSG00000036949",0.181117569090227,-1.13497308134111,7.33660895979754,-0.154699955737103,0.877057864890475,NA
"ENSMUSG00000036951",1.24801462560843,-0.854089437668366,2.61603907577422,-0.326481911366556,0.744059772845662,NA
"ENSMUSG00000036955",179.986693900604,-0.00591455633674863,0.248458834366944,-0.0238049749843611,0.981008171711473,0.996738182482054
"ENSMUSG00000036957",0.249571455468198,-2.54867958048471,7.29489073980321,-0.349378718803602,0.726805007859475,NA
"ENSMUSG00000036958",0,NA,NA,NA,NA,NA
"ENSMUSG00000036959",43.0730682186485,1.06252079187812,0.51081878172198,2.08003470094883,0.0375223501390174,NA
"ENSMUSG00000036960",0.315277977899794,1.80100156300515,7.29463510940259,0.246893989348926,0.804990268165697,NA
"ENSMUSG00000036961",0.311578652229483,-0.109654807051521,7.2228261048108,-0.015181703873292,0.987887218175275,NA
"ENSMUSG00000036962",0.194765487283698,2.74416665905047,7.30763511575023,0.375520481740521,0.707273416872614,NA
"ENSMUSG00000036964",15.7400686533446,0.0912863135178556,0.828380305750015,0.110198556006477,0.912251907440359,NA
"ENSMUSG00000036966",198.875537955347,-0.115043346208358,0.300284526974461,-0.383114466028223,0.701634894108222,0.837539056667042
"ENSMUSG00000036968",440.605356066742,-0.117920381678972,0.185108181673884,-0.637034952278444,0.524102076949641,0.709983422042922
"ENSMUSG00000036972",0.577443553027543,-3.96781376341544,7.2485411598989,-0.547394803435286,0.584107524638118,NA
"ENSMUSG00000036975",114.00271427841,-0.796934063068125,0.383540302114881,-2.07783656286901,0.0377244149695211,0.141305737769502
"ENSMUSG00000036977",1106.88493088333,-0.786788359606837,0.240295955144159,-3.27424720542976,0.00105943884666926,0.0201008694804716
"ENSMUSG00000036980",619.045839622676,0.301259990576547,0.228541570674444,1.31818465099153,0.187441842404632,0.381781368897546
"ENSMUSG00000036983",217.195087145358,-0.53241767454838,0.252334914587731,-2.10996435201309,0.0348614265242932,0.13529846925506
"ENSMUSG00000036985",108.068489767932,0.626892350311449,0.375697900449326,1.66860754228783,0.0951951831578326,0.249660858581799
"ENSMUSG00000036986",528.856828598389,0.539073116876389,0.198318212726358,2.71822294818786,0.00656335964201426,0.0488518370896217
"ENSMUSG00000036989",35.6674694005325,0.159877646910804,0.816654022190697,0.195771578375292,0.844788956755478,NA
"ENSMUSG00000036990",1093.67000961167,0.591653980125195,0.211498363650254,2.79743998919816,0.00515093349752937,0.0428955161104278
"ENSMUSG00000036992",2114.10633007168,-0.993638239069665,0.263338086823536,-3.77324165697121,0.000161140068313709,0.00875203063341216
"ENSMUSG00000036995",3.14206408480815,-2.62554039823229,2.41498482393013,-1.08718712110145,0.276954121366437,NA
"ENSMUSG00000037001",92.7115009467663,-0.323189010916086,0.447333825524011,-0.722478365094569,0.470000422129779,0.666468824093081
"ENSMUSG00000037003",13.230971142227,0.748566398892138,1.18318969926943,0.632668116832278,0.526950394623619,NA
"ENSMUSG00000037005",35.1563503384878,1.19406148767799,0.615569062264087,1.9397685180704,0.0524078282754298,NA
"ENSMUSG00000037007",275.667394985072,-0.0726195305660039,0.378763206615193,-0.191728048811727,0.84795523379256,0.927113979210204
"ENSMUSG00000037010",3.14052090080865,1.24772245548908,2.38581529875595,0.522975293242391,0.600991446678501,NA
"ENSMUSG00000037012",536.282883604323,-0.0169677088508317,0.260679937869692,-0.0650901983079093,0.948102184501168,0.98136021924545
"ENSMUSG00000037013",1233.70748195067,-0.0410712292821441,0.157316944721593,-0.26107314348641,0.794036102037137,0.895212816081506
"ENSMUSG00000037014",0,NA,NA,NA,NA,NA
"ENSMUSG00000037016",1.47236958055956,-1.34757556715271,5.49839290070504,-0.245085353391154,0.80639034344593,NA
"ENSMUSG00000037017",216.728288218605,0.540596326930345,0.29823249374318,1.81266742649402,0.0698831313645991,0.205626501192035
"ENSMUSG00000037020",82.1223234384942,-0.992748677797366,0.63464156271156,-1.5642667233387,0.117754943454247,0.285856487240971
"ENSMUSG00000037022",84.0862504459395,-0.343792160318862,0.479945557837309,-0.716314912608067,0.473796920691468,0.669068937290737
"ENSMUSG00000037025",0.0781984606844603,-1.73338217483,7.35169146953862,-0.235780048987663,0.813603350342771,NA
"ENSMUSG00000037028",0.0354105033094109,1.15848879398692,7.35585491699473,0.157492066803871,0.874857059648348,NA
"ENSMUSG00000037029",50.7663280733439,-0.524515804653329,0.441739393893331,-1.18738743228318,0.235074834962524,NA
"ENSMUSG00000037031",35.7720979020134,0.453345263062243,0.587021114794349,0.772281016196604,0.439948006540293,NA
"ENSMUSG00000037032",32.0315364838227,0.574966127165311,0.580340489366627,0.990739294776448,0.321812898240093,NA
"ENSMUSG00000037033",0.265102341541394,0,7.3561311249555,0,1,NA
"ENSMUSG00000037034",0.819816967694595,-0.571248387051782,3.23297943158949,-0.176694098783959,0.859748676431218,NA
"ENSMUSG00000037035",0,NA,NA,NA,NA,NA
"ENSMUSG00000037049",329.433001356594,-0.0276036560244235,0.237165312141078,-0.116389938204806,0.907343509347545,0.959774273932636
"ENSMUSG00000037053",1.46698002602803,1.45790635618268,2.8206533611867,0.516868317193473,0.60524808577328,NA
"ENSMUSG00000037058",4923.93802125684,-0.771928659081154,0.244663516367561,-3.15506239157241,0.00160463786405091,0.0245952472592183
"ENSMUSG00000037060",3.20125973666617,2.15233727947902,3.29027058167876,0.654152060156968,0.513013843860876,NA
"ENSMUSG00000037062",2891.73174407245,-0.515568432682794,0.171968011841335,-2.99804845774736,0.00271714466637428,0.0312317602080228
"ENSMUSG00000037064",0.120199761973966,1.1472478201657,7.35601242023642,0.155960560508248,0.876064108894051,NA
"ENSMUSG00000037070",1093.05265816603,-0.222960238250925,0.182583563381531,-1.22114079778924,0.222032714962094,0.42452027135482
"ENSMUSG00000037071",242.747006852238,1.15545686285212,2.0919679471636,0.552330098756414,0.580722212565105,0.752548383744895
"ENSMUSG00000037072",5099.29683149797,-0.275682517446068,0.236070772332846,-1.16779605845222,0.242889038398329,0.44944929699878
"ENSMUSG00000037075",661.936656599843,-0.268407310692079,0.145585332095059,-1.84364253479069,0.0652352528579448,0.19752182141741
"ENSMUSG00000037085",183.460824067507,0.285065233804914,0.356191388457289,0.800314783127038,0.423528440106229,0.62692102881852
"ENSMUSG00000037086",0.123177376910046,1.15154199419574,7.35612189833726,0.15654199456048,0.875605820366525,NA
"ENSMUSG00000037089",485.516500640385,-0.669436057829585,0.284024744432454,-2.35696385949495,0.0184250399502418,0.090974785168901
"ENSMUSG00000037095",27.2047473480661,0,2.25969313188416,0,1,NA
"ENSMUSG00000037096",264.784432479191,-1.11978425447086,0.617990997780331,-1.81197502632375,0.0699900554016636,0.205663405958812
"ENSMUSG00000037098",45.7306098310909,0.505971284765851,0.594537920023443,0.851032823517633,0.394751119671054,NA
"ENSMUSG00000037101",0.222887972106694,-2.29439716936154,7.33934172209275,-0.312616206771649,0.75457226364478,NA
"ENSMUSG00000037103",686.353073886718,0.362574949929054,0.193753811847415,1.87131776387754,0.0613010497748889,0.190553734913452
"ENSMUSG00000037104",124.071819838575,-0.913650080503132,0.341381196755753,-2.67633393164539,0.00744324428213121,0.0523882121524851
"ENSMUSG00000037106",0.741420352241916,0.350796590603577,6.67026173089806,0.0525911283178909,0.958057685766529,NA
"ENSMUSG00000037108",162.464038701728,0.0137214302110713,0.356732293248401,0.0384642222494748,0.969317556870998,0.991074063888065
"ENSMUSG00000037110",401.834524613689,1.47751604212696,0.427618034042291,3.4552238785627,0.000549836057693296,0.0148460518370694
"ENSMUSG00000037111",315.336089519151,0.509050367443423,0.218036369432384,2.33470392471053,0.019558893103322,0.0944964116942023
"ENSMUSG00000037112",189.263070568211,0.992294095380226,0.456018927333898,2.17599322287267,0.0295557673177613,0.121530266196369
"ENSMUSG00000037119",473.811473990762,0.581698290608461,0.205943992311925,2.82454605292595,0.00473476435411698,0.0411275444995135
"ENSMUSG00000037124",0.529935535426747,2.35265077808147,7.231201432615,0.325347150125049,0.744918349535689,NA
"ENSMUSG00000037126",27.9188681786969,1.13674333742396,0.560777433729311,2.02708466684247,0.0426537546870597,NA
"ENSMUSG00000037129",27.0516775191869,0.0266089146694281,1.01942319906689,0.0261019316548654,0.979176036350978,NA
"ENSMUSG00000037130",0,NA,NA,NA,NA,NA
"ENSMUSG00000037134",383.980921425491,-0.0608656496118512,0.222075425734152,-0.274076473840531,0.784025852987152,0.889588562531909
"ENSMUSG00000037138",209.98390699291,0.369414414829852,0.380032678696566,0.972059603129046,0.331020897561952,0.540224793197936
"ENSMUSG00000037139",0.823017335119674,-0.022629559563228,3.37168640927831,-0.00671164420894995,0.994644922912391,NA
"ENSMUSG00000037140",0.081236158750911,0,7.3561311249555,0,1,NA
"ENSMUSG00000037143",6.00285012230265,0.0270970690503903,1.0472992643829,0.0258732818516363,0.979358410904161,NA
"ENSMUSG00000037145",0.308081531025817,2.54170926196055,7.2259271226011,0.351748532587693,0.725026859822124,NA
"ENSMUSG00000037148",146.404641161957,0.266287758328266,0.269929151772066,0.986509817780352,0.323882999901133,0.534488055763388
"ENSMUSG00000037149",1592.30306210132,0.308063163253555,0.31682172935308,0.97235490722998,0.330874016838894,0.54016344450082
"ENSMUSG00000037151",151.671403443271,0.219049367021985,0.340550720162274,0.643220977238303,0.520080723561185,0.706472166057759
"ENSMUSG00000037152",4724.60960876121,-0.575537163419824,0.236352952223304,-2.43507499274247,0.0148887036381311,0.0796615652313927
"ENSMUSG00000037157",0.280750103442301,2.15735340337605,7.28493091710528,0.296139171108748,0.767123800641581,NA
"ENSMUSG00000037159",0.654782707255089,-1.64429612634923,6.03227376733532,-0.272583140250211,0.785173673455851,NA
"ENSMUSG00000037161",39.2838628400842,0.478083808569512,1.04825479276789,0.456075957742242,0.648335358194991,NA
"ENSMUSG00000037166",1.71666088618419,2.78441660939298,2.25670571193088,1.2338412557172,0.217262062916423,NA
"ENSMUSG00000037167",0.211859999077915,-1.66238232341424,7.34989054807927,-0.226177833879263,0.821063109932918,NA
"ENSMUSG00000037169",5.94469205966211,0.484740371927463,1.3262816733903,0.365488253101129,0.71474697390098,NA
"ENSMUSG00000037171",1.13782549972549,0.278901760943372,2.86994302781593,0.0971802430362603,0.922583257546611,NA
"ENSMUSG00000037172",189.644916480954,0.479926680424422,0.441665973080105,1.08662815266817,0.277201177987579,0.487707420254119
"ENSMUSG00000037174",630.85394386786,0.701472167373479,0.221301905084897,3.16975205027889,0.00152569069420509,0.024091777176066
"ENSMUSG00000037185",0.907464665548549,-2.54621895340735,7.26563243655661,-0.350446981132185,0.726003273187873,NA
"ENSMUSG00000037188",1.22195591953006,-0.240277572441829,3.56108712082267,-0.0674730957961851,0.946205079647771,NA
"ENSMUSG00000037190",1049.30424837695,0.0627569981218377,0.255984691906718,0.245159183755827,0.806333178763007,0.903286884867671
"ENSMUSG00000037196",0,NA,NA,NA,NA,NA
"ENSMUSG00000037197",1315.491088587,-0.252225396992305,0.175387104560227,-1.43810685297956,0.150403738505661,0.333424748851416
"ENSMUSG00000037202",1432.54362436268,0.114115321851582,0.279975786745402,0.407589967611569,0.683574730939989,0.826820119824204
"ENSMUSG00000037204",1153.59856151294,-0.455214459349347,0.268390846955826,-1.69608786779629,0.0898692408934994,0.241073933848641
"ENSMUSG00000037206",0.685656561459769,2.01442755713538,6.72944852657939,0.299345117089308,0.764676733384904,NA
"ENSMUSG00000037210",2705.32737986487,0.29179325002464,0.277133254989002,1.05289872208307,0.292387411867962,0.503791104464844
"ENSMUSG00000037211",24.1844467710093,-0.125911921061298,0.689072473403442,-0.182726673784251,0.855012485461953,NA
"ENSMUSG00000037214",366.516619700281,-0.0680738128834609,0.297549833453442,-0.228781216555823,0.819038966649261,0.909816642661922
"ENSMUSG00000037216",47.8970844542159,0.301324195106223,0.503459799470314,0.598506962071737,0.549501714891852,NA
"ENSMUSG00000037217",1.72728893566696,2.01569924784951,2.60836145576526,0.772783711933106,0.439650394545923,NA
"ENSMUSG00000037221",972.620085707714,-0.62915850809301,0.346470571666417,-1.81590749559754,0.0693845633139528,0.204887933758979
"ENSMUSG00000037224",17.7958175914246,-0.865534547511799,0.605711316467878,-1.42895555024305,0.153017009576436,NA
"ENSMUSG00000037225",27.9488762454063,0.436367823535273,0.915919302435078,0.476426058906214,0.6337708732836,NA
"ENSMUSG00000037234",1231.66569987622,0.311329410758391,0.19638713343282,1.58528415439645,0.112901787587994,0.278521130598282
"ENSMUSG00000037235",675.818763699212,-0.650491985544078,0.277799234637695,-2.34159027253062,0.0192017817311541,0.0933944596464055
"ENSMUSG00000037236",2554.69388131844,0.579695326719284,0.227562180989491,2.54741505903415,0.0108524269385064,0.0660678044658319
"ENSMUSG00000037239",3.22870673679251,-1.34538955777868,1.73137058747102,-0.777066196870001,0.437119716084263,NA
"ENSMUSG00000037242",809.534957780551,-0.188474219127696,0.22386018405016,-0.841928277363805,0.399828101075557,0.605336559059787
"ENSMUSG00000037243",124.880456601729,0.676540641955317,0.306222111945904,2.20931348705097,0.0271528437388132,0.115247829772612
"ENSMUSG00000037246",0,NA,NA,NA,NA,NA
"ENSMUSG00000037251",81.8649093668055,0.481762604224585,0.323016628361513,1.49144830923505,0.135843832783272,0.312864931748052
"ENSMUSG00000037253",299.41567125678,-0.281546021413769,0.261621839773013,-1.07615641590948,0.281857308196051,0.492737616419568
"ENSMUSG00000037254",0.796779143795236,1.6787695883516,6.17391563698249,0.271913269804914,0.785688707712354,NA
"ENSMUSG00000037257",276.999848035514,-0.258244266757175,0.246230073180231,-1.04879255170488,0.294273606273238,0.505630905268723
"ENSMUSG00000037259",24.6680604966088,-0.143318001926414,0.75227104791144,-0.19051378133495,0.848906545008498,NA
"ENSMUSG00000037260",299.208230362941,0.287306839803956,0.31158897196491,0.922069988524212,0.356492070063765,0.565910408315452
"ENSMUSG00000037262",705.240818982581,-0.455614302676864,0.206468043672864,-2.20670615448247,0.0273345949961019,0.115718403227609
"ENSMUSG00000037263",0.577147179606081,0.575266733486222,5.44681367304674,0.105615276750313,0.915887603452131,NA
"ENSMUSG00000037266",5870.29951620244,0.414973093054223,0.315885863705185,1.31368047998981,0.188953752573918,0.383456476820523
"ENSMUSG00000037270",1647.05923034271,0.562743215795961,0.239354260153451,2.35108919906077,0.0187185460043937,0.0919646258714868
"ENSMUSG00000037275",247.786193120559,0.133752798559303,0.240334848967079,0.556526858814487,0.577850738576304,0.75099323571217
"ENSMUSG00000037278",1048.06593350811,-0.232288938015924,0.329174795905055,-0.705670485424785,0.480393079559199,0.674220074910713
"ENSMUSG00000037279",21.3212889545436,1.07615789413993,2.10044289223337,0.512348085310555,0.608407417464525,NA
"ENSMUSG00000037280",590.461702687996,0.737646808183743,0.275192726294292,2.68047349258389,0.00735180868750036,0.0520204931109099
"ENSMUSG00000037286",979.763473519639,0.761125291155266,0.348724439749071,2.18259807572691,0.0290654216250849,0.119977054570164
"ENSMUSG00000037287",324.064664204399,0.300575330623361,0.294734044109679,1.01981883881561,0.307814386894231,0.519239797687624
"ENSMUSG00000037295",207.282033992259,-0.00391559472461577,0.310068352168223,-0.0126281663292467,0.989924448847694,1
"ENSMUSG00000037296",3074.05407673354,-0.775394038653396,0.248672888596678,-3.11812857054556,0.00182003388024671,0.0258491880836764
"ENSMUSG00000037300",615.910647205424,-0.258618206294877,0.23404711612711,-1.10498352030291,0.269166729997211,0.479494165799682
"ENSMUSG00000037306",30.9539262139712,0.163958395619791,0.632044445854776,0.259409598003909,0.795319224988109,NA
"ENSMUSG00000037307",0.0801844853033133,0,7.3561311249555,0,1,NA
"ENSMUSG00000037313",1977.61654523573,-0.259737218422155,0.347782272180982,-0.746838580337387,0.455161004265194,0.653948621681789
"ENSMUSG00000037315",77.6480961945019,0.745467724846423,0.478867688655829,1.55673005823161,0.119534589014144,0.288617345482367
"ENSMUSG00000037316",316.273721598511,0.55709003755038,0.322502066458986,1.72739990061809,0.0840958684755919,0.230720971379746
"ENSMUSG00000037318",1083.36829028234,0.117447658938657,0.167481570065809,0.701257212316005,0.483142511050255,0.676511155264498
"ENSMUSG00000037321",2173.88346523007,0.507234640742823,0.241401491805122,2.1012075648327,0.0356227496388096,0.136736611281174
"ENSMUSG00000037325",14.4501220104482,0.751024715028247,1.08988461762714,0.689086443538726,0.490768870520385,NA
"ENSMUSG00000037326",165.3253850493,0.30787684491227,0.436616743834345,0.705142093746823,0.480721813077515,0.674511727788678
"ENSMUSG00000037331",1013.0760371337,0.274475493168074,0.224530886199085,1.22243980689902,0.221541353545295,0.424100475625261
"ENSMUSG00000037334",0.114229856279742,-0.230864763400473,7.34990576975468,-0.031410574588656,0.974942108011259,NA
"ENSMUSG00000037335",0.162091255282533,0,7.35613112495549,0,1,NA
"ENSMUSG00000037336",38.7269777321717,1.26585021564834,0.559814121096401,2.26119736524181,0.0237470381974722,NA
"ENSMUSG00000037337",624.032128819077,0.242229250609453,0.271067723390934,0.893611557950444,0.371529760195362,0.580735559698159
"ENSMUSG00000037339",467.271712427234,-0.433920656240987,0.307449188720383,-1.4113572979229,0.158139287418637,0.343907223580244
"ENSMUSG00000037341",83.1685000027812,0.332496703193157,0.464085692148753,0.716455406443734,0.473710193417573,0.669068937290737
"ENSMUSG00000037343",338.165966082646,0.204671798859713,0.287609695293017,0.711630387324716,0.476693684860605,0.671234567064026
"ENSMUSG00000037344",84.0909750564005,0.798830515722237,0.493574347747552,1.61846035833859,0.105563423317862,0.266537532438586
"ENSMUSG00000037346",0.885180166225548,0,7.35613112495549,0,1,NA
"ENSMUSG00000037347",0.561543053386954,0.471847545666026,6.17678339987711,0.0763904956867053,0.939108430855326,NA
"ENSMUSG00000037348",175.738344551971,0.107670751069243,0.303307312577531,0.354988971925035,0.722597853031917,0.84933172142931
"ENSMUSG00000037349",257.922934242224,-0.123168385228247,0.303924997589882,-0.405259146845336,0.685287032597059,0.82782137568397
"ENSMUSG00000037351",433.21074083607,-0.00159640590554828,0.207278284085401,-0.00770175183855993,0.993854951867889,1
"ENSMUSG00000037353",304.326854313288,0.00204942127418128,0.20971066697116,0.0097726134000762,0.992202706761662,1
"ENSMUSG00000037355",171.38739992567,0.709509171345141,0.329724383754841,2.15182499779173,0.0314111402258817,0.126476220420709
"ENSMUSG00000037358",0.111699465239973,-1.11103749670886,7.29419430015024,-0.152318056112925,0.87893608436457,NA
"ENSMUSG00000037361",8229.36929653542,-0.678712544543167,0.231927843209644,-2.92639527514455,0.00342914936229514,0.0351265714469301
"ENSMUSG00000037362",0.350942720123628,-1.11193926401318,7.2945771186401,-0.152433684081809,0.878844891439667,NA
"ENSMUSG00000037363",166.522781230345,0.209468039954299,0.302906078126984,0.691528018353222,0.489233779420598,0.680466569519152
"ENSMUSG00000037364",956.766611793065,0.216529042847554,0.167177123010352,1.29520737615604,0.195248700966915,0.391083914405856
"ENSMUSG00000037366",14.1801658501704,1.10634341937111,0.695457840499918,1.59081306578676,0.111651651603907,NA
"ENSMUSG00000037369",522.398064949259,0.49705553472345,0.473747608042569,1.04919903823301,0.294086521219476,0.505527495514652
"ENSMUSG00000037370",293.085709370358,0.0497389516449459,0.256365919903167,0.194015459089621,0.846163777293994,0.926117121789281
"ENSMUSG00000037373",1295.51265346922,-0.223643021738045,0.190534252417516,-1.17376807004747,0.240487936638605,0.446343081801091
"ENSMUSG00000037375",40.6849765288273,0.549343225728838,0.727984675444875,0.754608227698106,0.450484085481284,NA
"ENSMUSG00000037376",621.842314628547,0.660084885777341,0.296164254043316,2.22877972870014,0.0258285643584806,0.111252625300406
"ENSMUSG00000037379",0.594066645610972,-1.40059217343341,5.2392461832839,-0.267327039890218,0.789217369273636,NA
"ENSMUSG00000037386",0.611895209840751,-3.55755100596855,4.63593946053556,-0.767385130080532,0.442852566914282,NA
"ENSMUSG00000037390",0.0381979668618393,0,7.3561311249555,0,1,NA
"ENSMUSG00000037393",0.412137722689853,-3.13637162117224,7.26779255011698,-0.431543910966715,0.666072931518742,NA
"ENSMUSG00000037395",89.5230223974142,0.618576787263583,0.303128078249639,2.04064496708932,0.0412861291433657,0.149438920103891
"ENSMUSG00000037400",1998.45237852044,0.458890416914686,0.174667344888164,2.62722500996684,0.00860843894652547,0.0571487031473501
"ENSMUSG00000037405",572.308272093237,0.395297159956054,0.242151874591515,1.63243485363422,0.102587911831717,0.261769370919812
"ENSMUSG00000037406",1.4613402158271,-1.49566937576951,2.1523541495144,-0.694899292529045,0.487118416097032,NA
"ENSMUSG00000037408",68.9403903262164,0.321414279586016,0.368248300565903,0.872819451147731,0.382761495782212,0.591649317561715
"ENSMUSG00000037410",369.751283001169,-0.132719931750827,0.26174274504216,-0.507062504175422,0.612110963003505,0.775633491768959
"ENSMUSG00000037411",6.10386838722587,-0.471290056711892,6.88098139877894,-0.0684916917222773,0.94539423359161,NA
"ENSMUSG00000037415",223.914008182447,0.65190045480427,0.322471513705094,2.02157532401589,0.0432202434395561,0.154353163459367
"ENSMUSG00000037416",546.13861070129,0.616211465834854,0.273482219498252,2.25320485904128,0.024246235180354,0.106901888830419
"ENSMUSG00000037418",1.85177231988978,1.88093135939372,1.93538684692557,0.971863254305799,0.33111858245544,NA
"ENSMUSG00000037419",373.482446381493,0.754504788658202,0.411182181813704,1.83496469941893,0.0665109200671342,0.199896760372034
"ENSMUSG00000037424",0.111557166638907,2.15766114964901,7.28492348285356,0.296181717588039,0.767091310059942,NA
"ENSMUSG00000037426",192.472757107474,1.00088291194682,0.434653947938218,2.30271211545301,0.0212950460738222,0.0989198921239343
"ENSMUSG00000037428",0.996035572800678,-1.26980566868605,4.11360848468649,-0.308684133021673,0.757561814796763,NA
"ENSMUSG00000037432",3.10502121517485,-0.0893762953195943,1.47855912039603,-0.0604482391584417,0.951798639578823,NA
"ENSMUSG00000037434",57.496010529627,0.284843421851686,0.369842841448793,0.770174219773628,0.441196554275212,NA
"ENSMUSG00000037437",0.584087550037543,-0.872755689083589,6.20090464421743,-0.140746510252736,0.888070200913588,NA
"ENSMUSG00000037438",0.041372325189651,0,7.3561311249555,0,1,NA
"ENSMUSG00000037440",0.208631441296769,-0.165150738105944,7.27590584348996,-0.0226983061158922,0.981890927012377,NA
"ENSMUSG00000037443",3210.89120657428,0.685314433211547,0.261667550932677,2.6190271998528,0.00881809160868493,0.0580268866491645
"ENSMUSG00000037446",1165.67513303131,1.46451581033884,0.377715307906393,3.87730065391415,0.000105621805589109,0.00759219421493503
"ENSMUSG00000037447",600.89630991042,-0.309447165061783,0.240376669543233,-1.28734275938592,0.197974845975075,0.394348443158745
"ENSMUSG00000037451",0.810035729161031,-0.123516214081997,4.4717730347565,-0.0276213066096997,0.977964187930386,NA
"ENSMUSG00000037455",10.869193814639,0.406792619650921,0.93783881870351,0.433755365568339,0.664466096982978,NA
"ENSMUSG00000037458",1336.97188732746,0.0835857479074025,0.210878948432392,0.396368383514584,0.691833286452355,0.832169875466237
"ENSMUSG00000037461",703.720170358581,0.327523291405597,0.187068524462336,1.75081987922313,0.0799769412252946,0.224200244821838
"ENSMUSG00000037463",45.3497625990176,-2.33468614012178,0.637063246328495,-3.66476351222109,0.000247567230443639,NA
"ENSMUSG00000037465",337.877950627908,0.51127885449586,0.25062283097354,2.04003303493862,0.0413470355573233,0.149438920103891
"ENSMUSG00000037466",223.386437040493,-0.636268304395489,0.31415119504914,-2.02535694411719,0.0428307252015539,0.153621813721829
"ENSMUSG00000037469",0.111268845954834,0,7.3561311249555,0,1,NA
"ENSMUSG00000037470",972.829978053581,0.618467632609406,0.207929591636482,2.9744089224715,0.00293553585753771,0.0323681983183612
"ENSMUSG00000037474",709.703007479068,0.767648943085983,0.315806757801956,2.43075527714762,0.0150673877108412,0.080118949715796
"ENSMUSG00000037475",2330.32093567882,0.92612755757647,0.237461813840149,3.90011152782614,9.61483864449214e-05,0.00739412133676202
"ENSMUSG00000037477",0.293044129426563,1.15357993837052,7.35590488895955,0.156823661505183,0.875383824399394,NA
"ENSMUSG00000037482",2.52011341389756,0.421947800261689,1.71004798092446,0.246746176112311,0.805104667828566,NA
"ENSMUSG00000037486",971.927912812771,0.545011231728266,0.254387024383829,2.14244902250176,0.0321573666540245,0.128367443918882
"ENSMUSG00000037487",755.744716833475,0.174676727110997,0.167183065948376,1.04482308731517,0.296104742340337,0.50754211514379
"ENSMUSG00000037490",0.53942966161792,-3.54796072045149,7.25428048389001,-0.48908513095553,0.624781427843297,NA
"ENSMUSG00000037492",2.18220496255731,0.13504285827557,2.31346270813589,0.058372610805723,0.953451830972211,NA
"ENSMUSG00000037493",66.5929032420454,1.15515204883283,2.06706409534758,0.558837073041312,0.576272918547556,0.749632556894669
"ENSMUSG00000037499",225.380205078014,-0.197415210154809,0.330766806730355,-0.596841055806861,0.550613504238181,0.731676495933801
"ENSMUSG00000037503",1171.32432871979,-0.579062340284579,0.29997242573026,-1.93038523082545,0.0535591235277881,0.174728627294688
"ENSMUSG00000037509",295.432168178001,0.534041746041283,0.34606168832525,1.54319811772795,0.122782713875903,0.293024414935611
"ENSMUSG00000037514",1067.54877645224,-0.531284134422181,0.272117298613006,-1.95240852797731,0.0508897213651231,0.169661010352189
"ENSMUSG00000037519",512.892564190988,0.542319624308357,0.230243300114501,2.3554197843701,0.0185017911895781,0.0912696500394016
"ENSMUSG00000037523",180.694392791342,-0.208415902227052,0.274687007786922,-0.758739570197374,0.448008361023997,0.648778589030503
"ENSMUSG00000037525",199.239204086086,0.00839653359157504,0.31985775823382,0.0262508361152118,0.979057268478169,0.996086980126256
"ENSMUSG00000037526",105.235831327281,-0.37523173578927,0.30448826099599,-1.23233563935068,0.217823731954387,0.419390502290748
"ENSMUSG00000037529",0.260764568985955,0.746518619204313,7.24891081610117,0.102983556860178,0.91797602128352,NA
"ENSMUSG00000037531",676.368803615936,-0.693913089817054,0.305483511683965,-2.27152387371707,0.023115283423061,0.103794103830379
"ENSMUSG00000037533",1862.34255825046,0.78479969563669,0.273230782751265,2.87229604122289,0.0040750102839275,0.0380922028076377
"ENSMUSG00000037536",164.419026153174,-0.140289199655606,0.233325805843923,-0.601258824107301,0.547667610139557,0.729706742988208
"ENSMUSG00000037537",0.200798879624578,-1.67245816876468,7.350145876137,-0.227540813059844,0.820003237159855,NA
"ENSMUSG00000037541",2.30756131829955,-3.8158518561898,2.85682007783721,-1.33569904727029,0.181647660914713,NA
"ENSMUSG00000037542",3.60790307669893,2.55520165628647,1.59565819071114,1.60134649836736,0.109300195582106,NA
"ENSMUSG00000037544",996.146879033068,0.433192224429409,0.274126167487534,1.58026586224793,0.114045994254993,0.280853177182512
"ENSMUSG00000037548",174.788654387655,0.0611258826746434,0.491041046955421,0.124482226187891,0.900933472363038,0.955653171015386
"ENSMUSG00000037552",212.896270280421,0.125378602390225,0.200215713759456,0.626217593194795,0.531172229161874,0.716810578193191
"ENSMUSG00000037553",972.519108171927,-0.0809390960068184,0.285151234225769,-0.283846206124904,0.776528242791891,0.884666869699923
"ENSMUSG00000037563",15949.7669391013,-0.534593914807379,0.213612320152549,-2.50263615144298,0.0123272201042109,0.0711351843141415
"ENSMUSG00000037568",4.80908539264501,0.278409990201713,1.25821785903654,0.221273278075151,0.824879655310961,NA
"ENSMUSG00000037570",717.027388265679,-0.160514440315878,0.209582052719127,-0.765878748840163,0.443748451744539,0.644619061464428
"ENSMUSG00000037572",1021.07184108132,0.807038799469115,0.285959208426198,2.8222165109168,0.00476929669344499,0.0412427496033702
"ENSMUSG00000037573",457.131156437777,-0.468025336948498,0.289167399469685,-1.61852732295144,0.105549003380254,0.266537532438586
"ENSMUSG00000037577",7.23019922091972,0.870002856725624,1.16998449159741,0.743602041714064,0.457117267674543,NA
"ENSMUSG00000037578",0.603410870683491,-1.81885898181007,7.16591861293708,-0.253820770239613,0.799634026475094,NA
"ENSMUSG00000037579",6.66865872194663,-1.00400935241546,1.81120167939178,-0.554333271572836,0.579350784080373,NA
"ENSMUSG00000037580",454.247765583177,-0.300971653924587,0.294397461805128,-1.02233100815187,0.306624261926944,0.517673924705011
"ENSMUSG00000037583",0.330033355023063,-0.23193312190936,7.35002843923617,-0.0315554046935719,0.974826607561683,NA
"ENSMUSG00000037593",28.1582923723337,0.96423733653499,0.92892158061395,1.03801801643762,0.299261667424218,NA
"ENSMUSG00000037594",7.37754244843579,1.24278636421505,1.16550602094998,1.06630625829121,0.286285221395105,NA
"ENSMUSG00000037600",1.50026915560136,-1.67925555611069,2.96877135077181,-0.565639908804065,0.571638592341998,NA
"ENSMUSG00000037601",10471.8767148486,-0.667621911228502,0.253025084412885,-2.63856017587205,0.00832589223103071,0.055987377349482
"ENSMUSG00000037603",0,NA,NA,NA,NA,NA
"ENSMUSG00000037605",79.6995464313822,1.01118679661954,0.471094970301873,2.14646060850869,0.0318362482909197,0.127572265682679
"ENSMUSG00000037606",316.24001238273,0.255902584019848,0.213418881892425,1.19906252788279,0.230503633284478,0.434170810788313
"ENSMUSG00000037608",2382.56376335369,0.493738055459477,0.248627317947417,1.98585601749482,0.0470493136225702,0.162219206543113
"ENSMUSG00000037610",0.164189618110621,1.08896164011903,7.35452761334042,0.148066836834463,0.88229002128735,NA
"ENSMUSG00000037613",36.6090695955052,0.0935911294741269,0.517520154978882,0.180845380752265,0.856488941649092,NA
"ENSMUSG00000037617",55.4856347416067,-0.0252770951343155,0.549024913216802,-0.0460399783795129,0.96327838553891,NA
"ENSMUSG00000037621",0.594199393977632,-3.03469808031207,6.08325453396661,-0.49886094086109,0.617877352172303,NA
"ENSMUSG00000037622",112.818771726583,0.570307155199314,0.462824504829726,1.23223197831569,0.217862440997774,0.419390502290748
"ENSMUSG00000037624",1.07941792141042,-0.652267936842717,3.02258122436078,-0.21579831555417,0.829144961378533,NA
"ENSMUSG00000037625",0.120930492421868,-1.67286651955983,7.35015628657852,-0.227596047530922,0.81996029293461,NA
"ENSMUSG00000037627",0.2621411338421,-0.0579466345956431,7.22419426361125,-0.00802118997374201,0.993600084988635,NA
"ENSMUSG00000037628",1913.47137729797,-0.906788605091005,0.670138584191579,-1.35313594304514,0.176012204819892,0.366794125555562
"ENSMUSG00000037636",58.7892274030733,1.08065343513034,0.457833622351884,2.36036276579916,0.0182570719449906,NA
"ENSMUSG00000037638",37.4923374766194,-0.391025399055256,0.577674715065537,-0.67689547223976,0.498472277065918,NA
"ENSMUSG00000037640",281.227719617916,0.072151745123421,0.278496799755634,0.259075670480703,0.795576856224035,0.896305557026532
"ENSMUSG00000037643",170.914157305797,0.416776258188303,0.31377956180126,1.32824539557576,0.184097052136374,0.377495939638183
"ENSMUSG00000037646",615.15897055473,0.434842037065607,0.249440445980306,1.74326996312354,0.0812864695221019,0.226406523309658
"ENSMUSG00000037649",857.503813395177,-0.564647246967129,0.271717937183414,-2.07806393946669,0.037703470435743,0.141305737769502
"ENSMUSG00000037652",805.574601851961,0.572661443501941,0.235118183775521,2.4356323033215,0.0148657871262694,0.0796494594534194
"ENSMUSG00000037653",0.289147325288565,0.868986516403563,7.34894182649614,0.118246481863618,0.90587236107212,NA
"ENSMUSG00000037656",97.6763287537782,0.527683008714188,0.497970659850996,1.05966686646173,0.289296181613943,0.501313809219398
"ENSMUSG00000037660",0.0488582735869228,-1.88445199085273,7.34129618423011,-0.256691998737325,0.797416548724726,NA
"ENSMUSG00000037661",208.017479065561,2.64574838454016,0.771602587568403,3.42890035254788,0.000606031988784345,0.0153716637031862
"ENSMUSG00000037664",6.69480659895589,-0.548607277020294,1.61847347766231,-0.338965874073322,0.734635438397478,NA
"ENSMUSG00000037669",710.651876174581,-0.435385312983837,0.224805846131748,-1.93671704039529,0.0527799415901034,0.173217039381863
"ENSMUSG00000037674",870.028120428164,0.481955967606695,0.243425678339046,1.9798895946196,0.0477159358813734,0.16383189516755
"ENSMUSG00000037679",158.579333903356,0.691929644371241,0.41906869716597,1.65111269119012,0.098715566335505,0.25604916641996
"ENSMUSG00000037681",9.00258055709884,0.863684600163747,0.986638637391789,0.87538088154233,0.381366698785253,NA
"ENSMUSG00000037683",272.226660685199,-0.712276443602454,0.260310550534577,-2.7362565295172,0.00621425611708154,0.0474934643927333
"ENSMUSG00000037685",222.083258670105,0.106376146322959,0.249363218880527,0.426591166093044,0.66967713313292,0.816850747904604
"ENSMUSG00000037686",0.225481664598755,-1.69920539747397,7.35082416356556,-0.231158487764692,0.817191678613639,NA
"ENSMUSG00000037689",0.324445958655811,-3.65166810462067,7.25674870471259,-0.503209943352351,0.614816674642443,NA
"ENSMUSG00000037692",86.9734947493778,0.336079828675863,0.386003640193144,0.870664920433648,0.383937137704704,0.592962072160694
"ENSMUSG00000037697",244.851732718484,0.299404590265024,0.290179067747738,1.03179251552805,0.302169326202417,0.513132415308519
"ENSMUSG00000037703",10.5546718204958,-0.136769940496825,0.765038731791789,-0.178775184592939,0.858114231177805,NA
"ENSMUSG00000037705",1.10998349955366,-1.567121085348,3.5453003625462,-0.44202773392732,0.658469136913845,NA
"ENSMUSG00000037706",141.097309049765,-0.156457206679644,0.411313515417731,-0.380384307383495,0.703660161635458,0.838117261437657
"ENSMUSG00000037708",1.81908330633392,0.345577208891824,2.34598197001336,0.147305995233141,0.88289050059103,NA
"ENSMUSG00000037709",2.44814371000457,-0.148344989051463,1.63947497954115,-0.0904832284131485,0.927903221066692,NA
"ENSMUSG00000037710",2995.7608167761,-0.431230438672223,0.181100950591669,-2.38116054754746,0.0172581884846517,0.0872619913917045
"ENSMUSG00000037712",1.13315205512666,-1.28212270360203,5.86804714533398,-0.218492229501176,0.827045612036577,NA
"ENSMUSG00000037716",1.28205582960825,-1.58835151604338,3.83380517999946,-0.414301572841947,0.678653262121356,NA
"ENSMUSG00000037720",1465.93476794913,-0.651764132308781,0.23475124208622,-2.77640333877083,0.0054963975840534,0.0443863222814548
"ENSMUSG00000037722",1321.17597922719,-0.763985974269774,0.252746774321927,-3.0227328373207,0.00250503290430315,0.0301761849795416
"ENSMUSG00000037725",917.561862338562,1.30877803640843,0.34608061287241,3.78171439753819,0.000155751996908623,0.00864948589574009
"ENSMUSG00000037727",0.080923655730794,-1.63444404214542,7.34918272049261,-0.222398068507387,0.824004015283356,NA
"ENSMUSG00000037730",341.961118065663,0.143029374442778,0.274306077120051,0.521422550839734,0.60207244542255,0.768604268672267
"ENSMUSG00000037731",164.889570031881,2.00447804176134,0.565522810401986,3.54446894960172,0.000393404839349264,0.0126855789643276
"ENSMUSG00000037736",2.39463839619036,1.18283115036853,1.90341378618877,0.621426175932523,0.534319253772056,NA
"ENSMUSG00000037737",1.55841662865509,-2.13598116803693,2.94496637729355,-0.725298999847975,0.468268619191412,NA
"ENSMUSG00000037738",0.778580991988076,5.14281697248031,7.22229862464289,0.712074817141005,0.476418447534774,NA
"ENSMUSG00000037740",2523.12711564182,-0.371389456388052,0.209043003494677,-1.7766174910394,0.0756311958317415,0.216036959386802
"ENSMUSG00000037742",64818.5601590039,-0.44420748096704,0.168781071039928,-2.6318560382992,0.00849198376710868,0.0567263372441885
"ENSMUSG00000037747",5.05664820982552,-0.358136518208106,1.38842967326872,-0.257943578348452,0.79645045187696,NA
"ENSMUSG00000037750",94.2935492627036,0.457379600883349,0.352822854748749,1.29634346167585,0.194857181360777,0.3909906237893
"ENSMUSG00000037752",103.539088228571,0.345189827603901,0.524853883727275,0.657687478946556,0.510738969692248,0.700224379162657
"ENSMUSG00000037754",847.665316786932,0.37580426612207,0.190814298634762,1.96947644286028,0.0488984051280779,0.166188892569735
"ENSMUSG00000037759",84.4476288851256,1.8290908794747,1.0253640989532,1.78384525198613,0.0744488141248076,0.213932130123175
"ENSMUSG00000037761",186.434868973954,0.179456300009117,0.275862973141757,0.650526955340615,0.51535189589556,0.702634797400568
"ENSMUSG00000037762",1.21974963032241,-1.09685667904121,2.76058331602529,-0.397327866423708,0.691125700647644,NA
"ENSMUSG00000037771",0.161175327990294,-0.229003686889321,7.34983786872944,-0.0311576514991764,0.97514381271097,NA
"ENSMUSG00000037772",232.75992678442,-0.414631081414245,0.236921482378205,-1.75007803113589,0.0801048500125548,0.224379836320234
"ENSMUSG00000037773",159.472136318498,-0.304270098682708,0.258995988382475,-1.1748062222237,0.240072250221159,0.445684010873928
"ENSMUSG00000037780",0.0406180793754555,0,7.3561311249555,0,1,NA
"ENSMUSG00000037784",15.3819065308798,1.16367763874374,0.710148935069584,1.63863885626994,0.101288494962393,NA
"ENSMUSG00000037787",1545.0677630702,-0.362120845275232,0.173602435105708,-2.08592031013122,0.0369858422047735,0.139810726651696
"ENSMUSG00000037788",252.567076171872,0.17825021858772,0.274241007465852,0.649976530624855,0.515707381646302,0.702946424100069
"ENSMUSG00000037790",0.0407969102058399,0,7.3561311249555,0,1,NA
"ENSMUSG00000037791",414.624897040916,0.328590388017867,0.22040608710645,1.49084080358982,0.13600329612922,0.312945416804543
"ENSMUSG00000037795",284.760718442284,0.873446070238267,0.350384048446257,2.49282487062831,0.0126731336624317,0.0724126741347613
"ENSMUSG00000037797",11.2107194700239,0,5.07725766462176,0,1,NA
"ENSMUSG00000037798",0.114228629431371,-3.13863321915088,7.26774571323647,-0.431857874916372,0.665844712909321,NA
"ENSMUSG00000037801",3.74679777906133,-0.256544789166738,1.67543226062801,-0.1531215526855,0.878302419714556,NA
"ENSMUSG00000037805",10769.7683856332,-0.447272289016135,0.192360519250182,-2.32517717647881,0.0200624882346978,0.0957448323149056
"ENSMUSG00000037808",818.021929143244,0.557597593868132,0.189747626799061,2.93862749840143,0.00329669031658231,0.0341591024941469
"ENSMUSG00000037813",1.84542916968351,0.0193693838489258,1.59962281621208,0.0121087194134881,0.990338875816881,NA
"ENSMUSG00000037815",341.958041170985,-0.0678886446907974,0.210096435479953,-0.323130873380643,0.74659612978836,0.864238307485287
"ENSMUSG00000037816",142.309972329167,1.00139473423724,0.364373221333697,2.74826654541705,0.00599112827254261,0.0466317346252627
"ENSMUSG00000037818",330.723236510594,0.869080746712705,0.495343702170418,1.75450044666906,0.0793447934364472,0.222945788265856
"ENSMUSG00000037820",20.7933828645306,-1.91527914658366,1.30215444427921,-1.47085405652002,0.141330589794066,NA
"ENSMUSG00000037822",2184.66734011488,-0.724409361670495,0.259176245681294,-2.79504535520317,0.005189243438328,0.0429611988173134
"ENSMUSG00000037824",349.809384937211,0.123254212964929,0.22493919892698,0.547944571479246,0.583729962920286,0.754258856821975
"ENSMUSG00000037826",367.944735209629,-0.197554658026818,0.335786349945096,-0.588334391970132,0.556307865443072,0.734888026096095
"ENSMUSG00000037827",0,NA,NA,NA,NA,NA
"ENSMUSG00000037833",2.79889547463978,0.780160364941979,1.90127814675947,0.41033468263004,0.681560453490076,NA
"ENSMUSG00000037843",0.0380762098104571,-1.67431590235222,7.3501929692546,-0.227792101425878,0.819807867435575,NA
"ENSMUSG00000037845",205.861776092855,-0.131451677590409,0.313362692032402,-0.419487325494436,0.674860015724784,0.820944038326297
"ENSMUSG00000037846",34.6887137009088,0.709254597288776,1.0248999842183,0.692023229788349,0.488922740920813,NA
"ENSMUSG00000037847",1559.21251897603,0.15380872485454,0.20004160462522,0.768883678686252,0.441962367320841,0.643132342259166
"ENSMUSG00000037849",1864.30276969085,-0.460594854911955,0.293277028063295,-1.5705111919388,0.116296232715809,0.284129574986597
"ENSMUSG00000037851",965.083669431262,0.423409865178233,0.189310142411772,2.23659366468209,0.0253129093646876,0.109792939477813
"ENSMUSG00000037852",0.382447613446253,3.64541784530537,7.244100686859,0.503225728477002,0.614805577778165,NA
"ENSMUSG00000037855",18.9264274602748,0.630878862236168,0.675805901711046,0.933520794415779,0.350551139071998,NA
"ENSMUSG00000037857",744.294299807613,0.547421578551001,0.201695287122064,2.7141019820642,0.00664557045206032,0.0490600925456432
"ENSMUSG00000037860",161.174129678153,0.0469491020456959,0.28810000358735,0.162961129681004,0.870549039514029,0.939310834455453
"ENSMUSG00000037868",44.2899913028652,-0.709058136238969,0.748632906790827,-0.947137281579695,0.34356882945312,NA
"ENSMUSG00000037872",6.68517765478843,0,2.45254068790082,0,1,NA
"ENSMUSG00000037876",921.451220455072,0.840506141544244,0.261039956706046,3.21983711670136,0.00128263452016374,0.0222046273762147
"ENSMUSG00000037885",106.897356224314,-0.406481298888493,0.356706138725777,-1.13954108090352,0.25447754398617,0.464130860892002
"ENSMUSG00000037887",2.18514195307443,1.35955161434067,1.93260779826395,0.703480352072445,0.481756447028679,NA
"ENSMUSG00000037890",43.0127516627017,0.551794540670946,0.77379302033778,0.713103538243436,0.475781690208716,NA
"ENSMUSG00000037892",0.470473727977505,-4.25235351143612,7.24548169740969,-0.586897281509436,0.557272695672017,NA
"ENSMUSG00000037894",55153.4093362884,-0.813534424680834,0.264947463339973,-3.07054996649253,0.00213664931990718,0.0281260548141055
"ENSMUSG00000037896",698.825594309102,0.232498364003924,0.125970579807644,1.84565606000184,0.0649421610670895,0.197259206277301
"ENSMUSG00000037902",34.3808097168868,-3.12536901700864,1.77848375209151,-1.75732222087111,0.0788629023396677,NA
"ENSMUSG00000037904",57.9684787545524,0.311444362401539,0.47430063291357,0.656639145700428,0.511412972050023,NA
"ENSMUSG00000037905",506.687123882984,-0.6256993419527,0.329631263520592,-1.89817960611498,0.0576724263682264,0.182546248687133
"ENSMUSG00000037907",22.9832004262204,0.131582655206514,0.692949472710722,0.189887806237561,0.849397047839386,NA
"ENSMUSG00000037913",143.686853054397,0.302261919743053,0.301760488122384,1.00166168746541,0.316507016553579,0.527659834542854
"ENSMUSG00000037916",1270.91910699633,-0.174446955578086,0.195560141237762,-0.892037377729204,0.37237289831075,0.58138951157088
"ENSMUSG00000037921",201.243043862013,0.611542663009603,0.403220626449943,1.51664528770212,0.129356264761109,0.303581832185081
"ENSMUSG00000037922",61.3882212611247,0.330956319008123,0.52845935445712,0.626266365079506,0.531140243966444,NA
"ENSMUSG00000037924",0.310658311298106,1.49723105873632,7.23611392019175,0.206910929713036,0.836079420549044,NA
"ENSMUSG00000037926",1272.62129649099,0.199881452916798,0.182648125138955,1.09435261251508,0.273800358671197,0.483997951621028
"ENSMUSG00000037933",284.018187908495,0.277944190211008,0.249860074218856,1.11239937424957,0.265966473558707,0.475851328710917
"ENSMUSG00000037935",1508.67782498748,0.18857709058648,0.174829862438797,1.07863203663216,0.280751793858381,0.49163221424096
"ENSMUSG00000037936",106.981282338215,0.40442686942227,0.32669508200803,1.23793375442465,0.215740625179652,0.416685596490769
"ENSMUSG00000037938",468.584471959687,-0.624308864672205,0.223937943989389,-2.78786548429589,0.00530565690698608,0.0434086242124091
"ENSMUSG00000037940",1174.48950601406,0.309370282928635,0.425136401805483,0.72769652660838,0.466799377041196,0.664213493716479
"ENSMUSG00000037942",4.63248968553333,0.118078726617343,1.50893843943802,0.07825284553114,0.937626926199135,NA
"ENSMUSG00000037944",1569.66745622027,-0.0182708016056292,0.30169994004421,-0.0605595135449873,0.95171001782205,0.983226863030862
"ENSMUSG00000037946",168.784771144107,0.311092838435558,0.251021757391007,1.23930627236818,0.215232096727312,0.416109774330037
"ENSMUSG00000037949",322.465561827631,-0.69500603087396,0.281253931783859,-2.47109800906913,0.0134698896568524,0.0748082627238518
"ENSMUSG00000037953",0.162011507452831,-2.54740283206659,7.29492996001347,-0.349201821817338,0.72693779858071,NA
"ENSMUSG00000037957",366.132196502932,0.470796257243763,0.191341800650341,2.46049872868134,0.0138744063561176,0.0764910802176365
"ENSMUSG00000037958",1357.07834263735,-0.179532479501833,0.184918772371474,-0.97087211427718,0.331611966013936,0.540653848597684
"ENSMUSG00000037960",914.362337228171,-0.518160844006349,0.267432941527726,-1.9375355969475,0.0526799064001237,0.173052336643363
"ENSMUSG00000037962",2.1761492348495,2.66229688530619,2.57842822166947,1.03252704998025,0.301825282517477,NA
"ENSMUSG00000037965",1567.74662978274,0.4600590559882,0.234651151910236,1.96060855547896,0.049924703590519,0.168330151502391
"ENSMUSG00000037966",279.871000590323,-0.662769475523554,0.362313424801066,-1.82927109556445,0.0673590064764075,0.201282883621308
"ENSMUSG00000037971",205.363660792674,-0.685907259597081,0.324582650270058,-2.11319754468206,0.0345838633746463,0.134314378182621
"ENSMUSG00000037972",19.1443615992966,0.585673655021666,0.754761592847421,0.77597172480935,0.437765680984858,NA
"ENSMUSG00000037973",0.366324880782272,-0.228587483056217,7.34980133178194,-0.0311011784859764,0.975188849829615,NA
"ENSMUSG00000037974",1.39946999086992,-2.97132968812504,5.58190129331227,-0.532314982295551,0.594507857201021,NA
"ENSMUSG00000037977",4.92479417050645,1.21394128725116,2.28678288961502,0.530851132726259,0.595521943457211,NA
"ENSMUSG00000037979",214.192837938964,-0.210625084744951,0.280196231034605,-0.751705631325705,0.452228103142851,0.652118862081266
"ENSMUSG00000037984",2.16536173313765,0.587946273368475,1.70937851897199,0.343953236128216,0.730881454902257,NA
"ENSMUSG00000037989",1.92018864495299,-1.15658673107626,2.73975419034675,-0.422149817363681,0.672915667638989,NA
"ENSMUSG00000037990",2.52305520049819,-1.57326292822184,2.28673061241545,-0.68799661826367,0.491454910953027,NA
"ENSMUSG00000037991",647.90428906969,-0.353870057764589,0.204359743244346,-1.73160355433349,0.0833441729475169,0.229358894650948
"ENSMUSG00000037992",230.641908348834,0.101066634844046,0.37979409300629,0.266109022507553,0.790155246503566,0.893977865593196
"ENSMUSG00000037993",304.003898735458,-0.148372237225123,0.201293339691099,-0.737094617501068,0.461064812163218,0.658505102610786
"ENSMUSG00000037994",54.3253583037174,0.730388917015747,0.773803749697123,0.943894259108502,0.345223685991574,NA
"ENSMUSG00000037995",2.97810029472133,-1.46014795427627,2.27825003627087,-0.640907683981123,0.521582663215575,NA
"ENSMUSG00000037996",1.09171258265591,-1.2130480832046,5.10486064086751,-0.237626091786603,0.812171111760984,NA
"ENSMUSG00000037997",263.315868629246,0.282753962113313,0.244472115292906,1.15658982937396,0.247439979532627,0.454467520936459
"ENSMUSG00000037999",1228.51831779129,0.54445838635133,0.26543608045223,2.05118454666646,0.0402489782271899,0.147083604353335
"ENSMUSG00000038000",959.425386144851,-0.305792256878572,0.262481776031358,-1.16500376331666,0.244017469514566,0.450720069471884
"ENSMUSG00000038002",283.995214690074,-0.107898111551963,0.287597375011438,-0.375170710607745,0.707533511500688,0.840217294712194
"ENSMUSG00000038005",3641.95172588753,-0.892416016874231,0.235604562566586,-3.78777052172757,0.00015200514285759,0.00858611906941301
"ENSMUSG00000038007",54.7133843913337,-0.180098312759621,0.405186671879849,-0.444482321997565,0.656693907093606,NA
"ENSMUSG00000038009",0.331851425217214,0,7.3561311249555,0,1,NA
"ENSMUSG00000038010",232.641288174055,0.327493087537759,0.280528289519933,1.16741555048939,0.24304259421026,0.449649268906686
"ENSMUSG00000038011",2.75037189075011,1.98389676814478,2.83737057033514,0.699202560598367,0.484425450594464,NA
"ENSMUSG00000038013",379.18536988901,0.281875082390713,0.199831971481512,1.4105604838953,0.158374250285587,0.343921235516923
"ENSMUSG00000038014",2252.03658774068,0.281377058454644,0.139357446245675,2.01910314830684,0.0434764997133657,0.154793863278659
"ENSMUSG00000038015",0.804711593911104,1.09105961976022,7.35457818768802,0.148351080363346,0.882065704997729,NA
"ENSMUSG00000038020",8.7280934611664,-0.0889340260153316,1.02754535973591,-0.0865499757968724,0.931029230140503,NA
"ENSMUSG00000038022",0.719312333103959,1.72947571647566,6.74156039276025,0.256539378974183,0.797534377493733,NA
"ENSMUSG00000038023",673.78300415406,0.204194709009727,0.173096595465079,1.17965756900702,0.238136436218138,0.443393986064474
"ENSMUSG00000038024",447.187112343868,0.52370375685016,0.295678731926293,1.77119183864976,0.0765288059684505,0.217945043790877
"ENSMUSG00000038025",241.233739844859,0.0369799489872603,0.276492998002117,0.133746421263721,0.893603096040389,0.952589880467686
"ENSMUSG00000038026",0.500750647346917,3.00171291045471,7.25120867917074,0.41396035382035,0.678903142165457,NA
"ENSMUSG00000038028",531.430615300071,-0.745229446499825,0.337371070585491,-2.20893108945742,0.0271794343693133,0.115247829772612
"ENSMUSG00000038034",80.9861259704954,-0.397104342272223,0.406029354781717,-0.97801879986167,0.328065026013072,0.537976573015796
"ENSMUSG00000038037",223.711930955563,-0.706064565960203,0.420688725300503,-1.67835390752593,0.093278030058501,0.246538322761573
"ENSMUSG00000038039",368.844374865448,0.939593284893531,0.270107116034424,3.47859507993778,0.000504049589990292,0.0141952427266497
"ENSMUSG00000038042",4.83632697334372,-1.04092391595124,1.48801269794068,-0.699539672874981,0.48421482866867,NA
"ENSMUSG00000038044",0.421068545975639,-0.524726786497746,7.15808480449119,-0.0733054721800051,0.941563037248323,NA
"ENSMUSG00000038045",7.04580931084879,1.89773953284059,1.34759088500317,1.40824604407748,0.159058226433228,NA
"ENSMUSG00000038046",153.225797006505,0.375451653501748,0.305119383492046,1.23050738109379,0.218507164711967,0.420275234260815
"ENSMUSG00000038047",552.817342279349,0.969525975211433,0.258135715759821,3.75587691287755,0.000172735579465199,0.00889318334902861
"ENSMUSG00000038048",0.489113819965887,2.74267881192612,7.26112200037446,0.377721075583729,0.70563780965649,NA
"ENSMUSG00000038055",188.8982770854,-0.390622535239878,0.266354194989926,-1.46655296814324,0.142497702162819,0.321302414662287
"ENSMUSG00000038056",834.543001236828,0.631962314743017,0.212403585371568,2.9752902411581,0.00292711456623791,0.0323557189977557
"ENSMUSG00000038057",5.87034140968963,-0.185751715468504,1.65474040438874,-0.112254293770702,0.910621780959338,NA
"ENSMUSG00000038058",562.858134121404,-0.219479775085554,0.228025387806862,-0.96252341546922,0.33578674687339,0.544624413457219
"ENSMUSG00000038059",217.056740361526,-0.126304564243938,0.418107441358716,-0.302086381991883,0.762586213385225,0.875445034164855
"ENSMUSG00000038060",4.99885151400637,0.270818702784356,1.40315776288505,0.193006595514621,0.846953802736603,NA
"ENSMUSG00000038064",0.0890404187722412,0,7.3561311249555,0,1,NA
"ENSMUSG00000038065",146.209429103175,-1.2348786205199,0.451973061381566,-2.7321951816004,0.00629138576770488,0.0478755568235279
"ENSMUSG00000038067",0.283668380022161,-1.66687550553844,7.35000341798751,-0.226785677603786,0.820590401178904,NA
"ENSMUSG00000038068",3.46814681129356,-1.1946895766748,2.21397039172614,-0.539614071235772,0.589463210530145,NA
"ENSMUSG00000038069",357.096096026362,0.205521889848491,0.183330779751366,1.12104410469,0.262269089225676,0.471797988534268
"ENSMUSG00000038070",14.0144889362304,0.33795561537562,1.07333609561778,0.314864669841465,0.752864407565917,NA
"ENSMUSG00000038071",0.076143165711072,1.16006191857916,7.35573584615921,0.157708479864035,0.874686518156769,NA
"ENSMUSG00000038072",128.474744677683,0.623233601583559,0.25662317582985,2.42859437604648,0.0151574796153036,0.0804249522261278
"ENSMUSG00000038074",0.62740774115799,-3.41771626908745,7.22685163106575,-0.472919113822105,0.636270887779827,NA
"ENSMUSG00000038077",0.498195408057286,0.526367765540445,7.2835515239082,0.0722680087883839,0.942388623394476,NA
"ENSMUSG00000038079",240.173353035576,0.652165793793281,0.302053399953019,2.15910760777636,0.0308418195777671,0.125061103676493
"ENSMUSG00000038080",247.917905995356,-0.00220825811238352,0.26572400457508,-0.00831034484789867,0.993369380471457,1
"ENSMUSG00000038084",451.352166014416,0.102403429765698,0.269299487381256,0.380258539522291,0.703753508687562,0.838117261437657
"ENSMUSG00000038085",720.956337885922,0.75377628235809,0.358107755916777,2.10488678310912,0.0353011644589731,0.136172328880745
"ENSMUSG00000038086",0.230187756448885,0,7.3561311249555,0,1,NA
"ENSMUSG00000038092",0.0761524196209141,-2.55627499047924,7.29465809108018,-0.350431090609309,0.726015196884991,NA
"ENSMUSG00000038094",1.10457727592994,0.286435330609451,3.98928601385984,0.0718011517886404,0.94276015619349,NA
"ENSMUSG00000038095",1668.69515409372,0.632907246115171,0.297468533289112,2.12764435658828,0.033366581614447,0.131309902562207
"ENSMUSG00000038102",294.246280049308,0.505483308822262,0.282167179613078,1.79143197842998,0.0732240010950236,0.211766896086691
"ENSMUSG00000038112",0.535673299148435,-1.60280308169913,7.28516471681072,-0.22000917535888,0.82586400887231,NA
"ENSMUSG00000038115",1.23158794848482,-3.25345117678626,6.62675867311451,-0.49095664068557,0.623457114955615,NA
"ENSMUSG00000038116",579.182300655488,0.246283889197935,0.194913171172629,1.2635569352048,0.206389098909991,0.40447189586147
"ENSMUSG00000038119",111.135618434293,0.478456638995749,0.304755084864068,1.56997097918533,0.116421862979965,0.284225763288949
"ENSMUSG00000038121",294.679917322929,0.350064630632299,0.441363740089985,0.793143157978786,0.427694420459245,0.630645233337259
"ENSMUSG00000038122",42.0370424889778,0.0650359332795888,0.531812939707042,0.122290994490309,0.902668563823981,NA
"ENSMUSG00000038126",347.23629140805,0.247223603901063,0.245806257781167,1.00576611080893,0.314528092849036,0.52642430663786
"ENSMUSG00000038127",1469.03089243089,0.564139966086322,0.256805506538902,2.1967596166045,0.0280376186062091,0.117281257109091
"ENSMUSG00000038128",1339.75913511027,0.317750634264674,0.144181571483601,2.20382279784497,0.0275368086183057,0.116325364611945
"ENSMUSG00000038132",0.23388302198606,-2.55673236791781,7.29464199699926,-0.350494564225298,0.725967568882598,NA
"ENSMUSG00000038135",7.03741704656191,0.780382933747471,1.0393515454548,0.750836362499461,0.452751142653259,NA
"ENSMUSG00000038141",318.071856280768,-0.081778469967086,0.243776887087007,-0.335464411512885,0.737274786415951,0.857440231982389
"ENSMUSG00000038143",121.867024814853,-0.0661883482637095,0.370441623723337,-0.178674166251744,0.858193555079242,0.932917039882064
"ENSMUSG00000038145",546.871593810654,0.461337687753076,0.268756714443477,1.71656246322397,0.0860591459046459,0.23422209726526
"ENSMUSG00000038146",4.78233996038147,-0.935400302500554,1.45251274962306,-0.643987670843713,0.519583428954648,NA
"ENSMUSG00000038147",1552.33721629407,0.73612904224625,0.202253104984148,3.63964272540561,0.00027301657980359,0.0109393413621785
"ENSMUSG00000038148",0.0444816915190641,0,7.3561311249555,0,1,NA
"ENSMUSG00000038150",137.566362374391,-0.28552571086568,0.310662630167383,-0.919086118313751,0.358050529513004,0.567291149901595
"ENSMUSG00000038151",282.603517590045,0.250430989924453,0.48493298441665,0.516423914173851,0.605558366944231,0.770689385508398
"ENSMUSG00000038155",9.25293925890331,0.165388247971848,1.05662803829542,0.15652456870126,0.875619554889362,NA
"ENSMUSG00000038156",129.046643440375,0.995514948546406,0.429060314131102,2.32022146015168,0.02032890026218,0.0964257097368757
"ENSMUSG00000038160",1325.83327562633,-0.665566420408739,0.247736156954072,-2.68659378829441,0.00721846797249456,0.0513971786058969
"ENSMUSG00000038165",0,NA,NA,NA,NA,NA
"ENSMUSG00000038167",0.607821582318519,-0.239656903542551,5.10218781250429,-0.0469713997895584,0.962536022021413,NA
"ENSMUSG00000038168",2.50786631115163,3.96622242433788,2.08738933727274,1.90008751770281,0.0574216354961025,NA
"ENSMUSG00000038170",428.182390127814,-0.0245495068435603,0.253213189597547,-0.0969519276724047,0.922764570684635,0.967904051487438
"ENSMUSG00000038172",1318.05398377146,-0.311295285549606,0.225732750166167,-1.37904351637259,0.167881337263094,0.355659282698484
"ENSMUSG00000038173",10.1989910496668,0.132710869922471,1.32069078433832,0.100485951364429,0.919958535570838,NA
"ENSMUSG00000038174",308.828622985684,0.504968297244451,0.397984841939652,1.26881288941407,0.2045078068727,0.40190053100132
"ENSMUSG00000038175",240.441481671085,0.125310890667928,0.223806556090806,0.559907148640835,0.575542772474574,0.749077064636098
"ENSMUSG00000038178",354.181780865514,0.462918959210283,0.29382262710491,1.57550479951633,0.115139971497772,0.282491590532509
"ENSMUSG00000038179",3062.02548480456,-0.594593344058525,0.431922014818139,-1.37662199114551,0.168629148207525,0.356624443140889
"ENSMUSG00000038180",17.8983484264943,0.0417646204446749,0.991488383765394,0.0421231565881433,0.966400520263686,NA
"ENSMUSG00000038181",123.686760248898,-0.103198505989558,0.371192746418335,-0.278018649301011,0.780998042825506,0.888089917557819
"ENSMUSG00000038187",456.511888938689,-0.118483930233684,0.254194505217471,-0.46611522988004,0.641133022447194,0.795781005385549
"ENSMUSG00000038188",2.30835855151517,-0.569082519011781,2.09131928451889,-0.272116516700461,0.785532430087987,NA
"ENSMUSG00000038192",0.957968134892247,-1.57761365313219,3.27058132277583,-0.482364906246463,0.629546746482138,NA
"ENSMUSG00000038193",0.0786963400005282,-1.67357898479506,7.35017428831017,-0.22769242185954,0.819885364191976,NA
"ENSMUSG00000038195",2.66210183585257,-2.26527794774243,2.05033160730333,-1.10483491532465,0.26923112835229,NA
"ENSMUSG00000038199",0.214392100957268,-1.60387771135902,7.34840784353498,-0.218261934491033,0.827225031333965,NA
"ENSMUSG00000038201",0.281906658606359,0,7.3561311249555,0,1,NA
"ENSMUSG00000038203",0.0406180793754555,0,7.3561311249555,0,1,NA
"ENSMUSG00000038204",0.2442976004734,-1.74032958179841,7.35186563730278,-0.236719448865892,0.81287444572424,NA
"ENSMUSG00000038205",78.9965179907721,1.89127381977274,0.412776012943848,4.58184041820769,4.6090156548409e-06,0.00103637405814048
"ENSMUSG00000038206",473.960576573315,-0.379311083927549,0.311504390325004,-1.21767492115215,0.223347530953793,0.426192532797985
"ENSMUSG00000038208",36.7994547098059,-0.320496515250892,0.540733556552498,-0.592706909654822,0.553377316431505,NA
"ENSMUSG00000038209",0.193493287813954,-3.11476145981199,7.28037645675086,-0.427829725332922,0.668775093649424,NA
"ENSMUSG00000038210",0.0406180793754555,0,7.3561311249555,0,1,NA
"ENSMUSG00000038212",700.007186787783,0.0302522292163634,0.191142572721901,0.158270492991523,0.874243658240584,0.941693176872087
"ENSMUSG00000038213",1816.23645989425,0.399517087151756,0.232653611527683,1.71721850577943,0.0859392555190002,0.234024666888517
"ENSMUSG00000038214",43.8697684091253,-0.393145296465683,0.411749787151559,-0.954816028407493,0.339670740295094,NA
"ENSMUSG00000038215",404.427336318332,0.23161926245754,0.247451559079802,0.936018602262449,0.349263610035457,0.557929991144229
"ENSMUSG00000038216",0.0881022563948749,0,7.3561311249555,0,1,NA
"ENSMUSG00000038217",79.8879948439816,0.205440697096091,0.45462563001705,0.451889826555502,0.651348353787855,0.802315075039619
"ENSMUSG00000038218",0.044481691519064,0,7.3561311249555,0,1,NA
"ENSMUSG00000038224",2.26689168184535,-0.32275305305365,2.51774667451325,-0.128191233979506,0.897997637105868,NA
"ENSMUSG00000038225",355.087368419625,0.0608062326673303,0.338050306931891,0.17987332482908,0.857252017317156,0.93282051774185
"ENSMUSG00000038227",2.33649811154893,-2.1785851684441,2.71652209873604,-0.801975868135867,0.422566917594973,NA
"ENSMUSG00000038233",5.26638599334411,1.27835697655291,1.30239594371595,0.981542504582393,0.326325284620829,NA
"ENSMUSG00000038235",6.08203489381693,0,2.53260635473661,0,1,NA
"ENSMUSG00000038236",4.77140772084841,0.182097907570423,1.51813813205117,0.119948181081776,0.904524196982651,NA
"ENSMUSG00000038239",6.23507821241724,-0.253512582610064,2.31449242627527,-0.109532690507889,0.912779994469261,NA
"ENSMUSG00000038240",92.022089355767,0.00105717724800083,0.338544774745659,0.00312271027900243,0.997508441729854,1
"ENSMUSG00000038241",442.766728706102,0.474740969150828,0.284045569107306,1.67135495421681,0.0946515877926949,0.249036716883361
"ENSMUSG00000038242",1.61442275755249,1.89003583938968,2.25067547152072,0.83976382348568,0.401040820904058,NA
"ENSMUSG00000038244",80.541628883242,0.209121296574899,0.544550512373261,0.384025525315376,0.700959528881335,0.836935009420461
"ENSMUSG00000038246",0.119381842145626,-1.67283090061603,7.35015532463959,-0.227591231304769,0.819964037478735,NA
"ENSMUSG00000038248",0.736612433527888,-1.14778408827114,3.17616333364813,-0.361374390325451,0.717819589875599,NA
"ENSMUSG00000038250",448.798862417081,-0.0389010967887989,0.14179021435841,-0.274356710474157,0.783810507072417,0.889464153063519
"ENSMUSG00000038252",883.316682139319,0.598472952365379,0.230516087349928,2.59623074140108,0.00942527463480745,0.0604599868689628
"ENSMUSG00000038253",1.62259614656761,-0.845159120728124,6.64630256824053,-0.127162299948054,0.898811943377207,NA
"ENSMUSG00000038255",0.540894607204201,2.15716440290241,6.30696395502123,0.342028972780954,0.732329088584539,NA
"ENSMUSG00000038256",41.8550111409167,0.157533132838621,0.932056760047322,0.169016673223445,0.865783526737856,NA
"ENSMUSG00000038257",0.600518141041768,0.921148920525916,5.850347999047,0.157451987587058,0.874888644190977,NA
"ENSMUSG00000038259",0.0841151296925227,0,7.3561311249555,0,1,NA
"ENSMUSG00000038260",31.5444091739248,0.299595472017862,0.684397392106241,0.437750750475324,0.66156697575426,NA
"ENSMUSG00000038264",20.3204857774519,1.69437358247267,1.69732834880606,0.998259166333097,0.318153702722569,NA
"ENSMUSG00000038267",7.33554732665911,0.122124167229169,0.994881601303441,0.122752463277206,0.902303118283067,NA
"ENSMUSG00000038268",431.571609653441,-0.124849096324773,0.249548887659318,-0.500299149781086,0.616864452676738,0.779466922887571
"ENSMUSG00000038271",456.697339185726,0.668293376883176,0.283133268457584,2.36034917593336,0.0182577408540559,0.0905182971764902
"ENSMUSG00000038274",4875.91333389402,-0.635836216610406,0.180715027178495,-3.5184468416253,0.000434080772653519,0.0130819769441464
"ENSMUSG00000038276",0.824824761069452,2.7411950716142,5.67065298730204,0.483400249980451,0.628811570735517,NA
"ENSMUSG00000038279",248.868092916632,0.119126458748245,0.258218814855111,0.461339189458707,0.644555272614186,0.798024658039984
"ENSMUSG00000038280",868.44553835429,-0.0959918950661307,0.161570818548787,-0.594116536193356,0.552434171522168,0.732208606261281
"ENSMUSG00000038286",126.671628148007,-0.281526695878724,0.26646265244378,-1.05653341395797,0.29072458338399,0.502326954509831
"ENSMUSG00000038290",410.88406236552,0.678499111611467,0.291500923234677,2.32760536084214,0.0199330685303355,0.0955167092262206
"ENSMUSG00000038291",312.678913818418,-0.142578032126015,0.270669554534848,-0.526760508292257,0.598359910537216,0.765742382149212
"ENSMUSG00000038292",2.01552184043675,-1.98929099984101,2.72026586954946,-0.731285504887244,0.464604782335295,NA
"ENSMUSG00000038295",19.7580493150314,-0.236047093316619,0.866739533897032,-0.272339133136462,0.785361269038403,NA
"ENSMUSG00000038296",0.196900068123594,1.16031109703285,7.35572181375069,0.157742656181448,0.87465958648722,NA
"ENSMUSG00000038298",0.880776882554668,-2.824000314775,4.99544547686898,-0.565315011013796,0.571859520353119,NA
"ENSMUSG00000038299",480.940958995124,0.0221578656497558,0.194967623961422,0.11364894950015,0.90951608260655,0.960895230618877
"ENSMUSG00000038300",0.0881909843727299,0,7.3561311249555,0,1,NA
"ENSMUSG00000038301",1508.09246640139,-0.369779860686512,0.201791115900435,-1.83248830869722,0.0668787020152102,0.200514397761709
"ENSMUSG00000038302",45.2246752134556,0.311515485753584,0.439817078851632,0.708284195254433,0.478768789834251,NA
"ENSMUSG00000038304",1795.71974106028,-0.144984249855499,0.3394483452009,-0.427117268077096,0.669293916114446,0.816530994975545
"ENSMUSG00000038305",8.41618912148726,-1.4642021591493,1.66999726688857,-0.876769194884557,0.380612014302045,NA
"ENSMUSG00000038312",654.908009450535,0.134149545990504,0.281477268467106,0.47659104666273,0.633653360195643,0.790567141932845
"ENSMUSG00000038319",7.31471072396719,0.608756099760712,1.56257160674212,0.389586049774665,0.696842669345221,NA
"ENSMUSG00000038323",136.474394378041,-0.993466885889262,0.378090002390493,-2.62759364068878,0.00859911706779622,0.0571251829402995
"ENSMUSG00000038324",1087.78811246645,-0.0134593967967014,0.15626662013701,-0.0861309778435127,0.931362298361366,0.972279683102978
"ENSMUSG00000038327",0.121358353326046,0,7.3561311249555,0,1,NA
"ENSMUSG00000038330",0.0735990655213409,-0.230722245226787,7.34985628203099,-0.0313913954740665,0.974957403188131,NA
"ENSMUSG00000038331",0.809074341322984,0.700334917293876,4.03540351028917,0.173547680054353,0.862220953161853,NA
"ENSMUSG00000038332",364.684542220276,0.466948694440593,0.329435171791398,1.41742210432914,0.156359553819986,0.34104461374902
"ENSMUSG00000038335",577.954743553548,0.132619073166557,0.190696701068816,0.695445030895941,0.486776448443209,0.679055206443849
"ENSMUSG00000038342",440.593442729587,0.259303666831456,0.257579914636353,1.00669210639943,0.314082756600708,0.525776130228281
"ENSMUSG00000038344",434.743426078088,0.18985494443031,0.258967771962358,0.733121897723652,0.463484085479423,0.661101814526399
"ENSMUSG00000038346",404.806622215672,-0.0693520714111032,0.226660132203604,-0.305973841702367,0.759624562527674,0.873634531772665
"ENSMUSG00000038347",1.54551271456093,2.6062124858587,2.25783744024101,1.15429589367626,0.248378879445384,NA
"ENSMUSG00000038349",38.8509454216287,0.747363810433594,0.752606475214739,0.993033989270888,0.320693390797407,NA
"ENSMUSG00000038351",48.0545396456805,1.29277529449574,0.438460364308062,2.94844277780018,0.00319379260212599,NA
"ENSMUSG00000038352",3238.02887560668,0.702875496405099,0.228644833138479,3.07409306721312,0.00211143553556598,0.0279669410433643
"ENSMUSG00000038354",2.95295335521371,-2.79146610490912,2.44741749701944,-1.1405761821629,0.254046333492556,NA
"ENSMUSG00000038357",332.646905350596,-1.68111656948794,2.7100066664054,-0.620336691539508,0.535036143167823,0.71976487142269
"ENSMUSG00000038365",233.457096743156,0.210918660355696,0.226025392721765,0.933163561031106,0.350735525580303,0.559557887404987
"ENSMUSG00000038366",1189.23146585391,-0.066392647837145,0.166324604838941,-0.399175142495819,0.689764157725968,0.830894308935072
"ENSMUSG00000038368",240.287598443294,0.358183181965215,0.37823786393487,0.9469786505216,0.343649658013113,0.551929227192104
"ENSMUSG00000038369",337.051561717847,0.127396043784833,0.231927486152283,0.549292565095905,0.58280468885193,0.7542582285024
"ENSMUSG00000038370",0.154915284826546,1.15872243862151,7.35579925012881,0.157525021988769,0.874831089369014,NA
"ENSMUSG00000038371",28.5644554156352,0.33354300153789,0.721387900121059,0.462362900018031,0.6438210997373,NA
"ENSMUSG00000038372",317.716634302447,0.146682875946322,0.263986455954321,0.555645460734182,0.57845324726772,0.751479872419689
"ENSMUSG00000038374",5882.86461600589,-0.83515034937603,0.23661302312702,-3.52960432329077,0.000416181585948012,0.0128292625834439
"ENSMUSG00000038375",42.8327246338266,0.977534388367162,0.539575230865645,1.81167394729906,0.07003659145912,NA
"ENSMUSG00000038379",415.326414637647,3.327515316763,0.742622226157272,4.48076451196642,7.43761390700555e-06,0.00153168361397396
"ENSMUSG00000038383",560.36713055431,-0.116032244646995,0.238596473628738,-0.486311649465298,0.626746220909331,0.785319608782956
"ENSMUSG00000038384",351.919396954842,0.32331535512391,0.291995647292344,1.10726087228351,0.268181156035159,0.478779186615365
"ENSMUSG00000038387",454.925789548389,-0.845436825183194,0.264366546380903,-3.19797204584681,0.00138397695563952,0.0231482440042245
"ENSMUSG00000038388",947.903672071767,0.233177333490859,0.198488069324718,1.17476750257161,0.240087744856213,0.445684010873928
"ENSMUSG00000038390",0.985693676167066,0,7.12155993815593,0,1,NA
"ENSMUSG00000038393",2094.86099742139,-0.210926683421679,0.228547472008368,-0.92290096918664,0.356058815510516,0.565495082153189
"ENSMUSG00000038398",760.407623720889,-0.110329114388234,0.14150517325436,-0.779682550474068,0.435577752288125,0.637124309169594
"ENSMUSG00000038400",138.029551813782,-0.347523653686439,0.528084569895763,-0.658083332665894,0.510484585221368,0.700224379162657
"ENSMUSG00000038402",1.28202349948725,-0.149625293725345,2.09138778644567,-0.0715435438109901,0.942965170372936,NA
"ENSMUSG00000038403",0.0458889004883165,0,7.3561311249555,0,1,NA
"ENSMUSG00000038406",123.454161434026,-0.5383307222015,0.412612089466638,-1.3046896490536,0.191998547522834,0.387802542350473
"ENSMUSG00000038412",9439.1885929355,-0.714772370815417,0.194687475917571,-3.67138341820224,0.000241241115070467,0.0102787432003085
"ENSMUSG00000038415",1.51956879909725,-1.97176668321561,4.86429709443708,-0.405354904302733,0.685216653924996,NA
"ENSMUSG00000038416",718.082328422472,0.384185564491301,0.194659808012739,1.97362551835127,0.0484243399120678,0.16517412009344
"ENSMUSG00000038417",241.390561545256,-0.0613927337874528,0.222626451959731,-0.275765674954734,0.782728049198412,0.889317657174194
"ENSMUSG00000038418",131.231048950524,-0.260809570625497,0.32489290846223,-0.802755504452069,0.422116064821882,0.626146141160037
"ENSMUSG00000038421",40.6362126629242,0,2.10258839630634,0,1,NA
"ENSMUSG00000038422",36.1518110167721,-3.3977781184491,1.35983511806529,-2.49866919401471,0.0124660618668078,NA
"ENSMUSG00000038425",266.343198085725,0.191446679052115,0.231193137653734,0.828081148926019,0.407624544598225,0.612251684091665
"ENSMUSG00000038429",569.309394629114,0.279728612894423,0.207579804296003,1.34757142605038,0.177796266059354,0.369458921588546
"ENSMUSG00000038437",594.231788701017,0.147836654024156,0.195795260091077,0.755057369393866,0.450214560579621,0.650353782161267
"ENSMUSG00000038446",962.816446864401,0.2518191677239,0.239020824167098,1.05354488924302,0.292091332132343,0.503444266490763
"ENSMUSG00000038451",47.3887614499407,-1.7040466154049,0.580748398803936,-2.93422524954768,0.00334381446948659,NA
"ENSMUSG00000038453",7.40739948439818,0.909893916828085,2.09936775355475,0.433413305166477,0.664714536218497,NA
"ENSMUSG00000038456",294.379191971407,0.795448844527244,0.379980640751971,2.09339308169246,0.0363140794986465,0.138598099805272
"ENSMUSG00000038457",0.307738463033887,-1.75156202826446,7.35215301373289,-0.238237972603775,0.811696526955995,NA
"ENSMUSG00000038459",226.618557875259,-0.279806333113178,0.305058830556107,-0.917220893435882,0.35902690047399,0.568473636262276
"ENSMUSG00000038462",3358.36746713225,-0.519414355693138,0.15546880978199,-3.34095537504597,0.000834906411667174,0.018178523963282
"ENSMUSG00000038463",0.973915734593356,-2.57444727177033,3.86170018430327,-0.666661612476998,0.504988304200905,NA
"ENSMUSG00000038467",720.767046312816,-0.22036357882618,0.242934031047947,-0.907092258238157,0.364358011693233,0.573789859102694
"ENSMUSG00000038473",3.40944370050768,-0.11485277099216,1.50596433660329,-0.0762652661823392,0.939208058906455,NA
"ENSMUSG00000038481",568.877897841943,-0.168591239713258,0.201706932656128,-0.835822732978021,0.403254635589446,0.60871888965737
"ENSMUSG00000038482",1258.95615816553,0.236952659777297,0.208304006509194,1.13753289602156,0.25531558078261,0.464872815626468
"ENSMUSG00000038485",101.461118617162,-0.0510919714446501,0.401459658184031,-0.127265518223575,0.898730250821252,0.955008516368006
"ENSMUSG00000038486",16.3543534129957,1.03177472060871,0.858023797508138,1.20250128680017,0.22916936785939,NA
"ENSMUSG00000038489",6528.15936140577,-0.597780265818856,0.233256818682085,-2.56275580365175,0.0103845058390441,0.0644791709918034
"ENSMUSG00000038495",243.190173409754,0.158727056975751,0.325971056952621,0.486936044137259,0.626303654776339,0.784864557234294
"ENSMUSG00000038496",0.295311514176157,0,7.3561311249555,0,1,NA
"ENSMUSG00000038497",185.366095366487,0.63584307708874,0.256446359090897,2.47943889452283,0.0131589275026558,0.0739361247705365
"ENSMUSG00000038498",0.0474375977968173,0,7.3561311249555,0,1,NA
"ENSMUSG00000038500",212.524276990419,0.219269019217511,0.261642364475624,0.83804860752181,0.40200340464886,0.607336642970195
"ENSMUSG00000038502",44.6143238833433,0.154903025582098,0.482351815808424,0.321141168137783,0.748103413553844,NA
"ENSMUSG00000038503",411.367811535549,0.337169733962449,0.22188111320627,1.51959636893025,0.128612451064051,0.302292840914721
"ENSMUSG00000038506",241.345054260186,0.437203445569413,0.212939750764493,2.05317909878156,0.0400552107511005,0.146864153662696
"ENSMUSG00000038507",57.8259817023706,-0.564484284905177,0.457578640444428,-1.23363338017027,0.217339548688393,NA
"ENSMUSG00000038508",2.87691908119517,-2.87119497313603,2.76688782762542,-1.03769836437501,0.299410506684842,NA
"ENSMUSG00000038510",1715.50476446102,-0.965561378204663,0.343954768449976,-2.80723358642749,0.00499689933598014,0.0422779391105207
"ENSMUSG00000038515",28.1854123584477,0.685494135022449,0.9326675234418,0.734982314483073,0.462350265028283,NA
"ENSMUSG00000038517",111.249006651458,-3.33115779900527,1.70950302337673,-1.94861182077663,0.0513417993986835,0.170707597395219
"ENSMUSG00000038518",466.940456661847,0.570442065442627,0.182110915998533,3.13238809609426,0.00173390510863552,0.0251618675899201
"ENSMUSG00000038520",275.594161454213,0.290238528424403,0.232854055656541,1.24643965339605,0.212603031066932,0.412236359767874
"ENSMUSG00000038521",1.59692793496314,-2.37405403530203,5.26979781205415,-0.45050192056166,0.652348569668439,NA
"ENSMUSG00000038522",0.0884470698313906,0,7.3561311249555,0,1,NA
"ENSMUSG00000038523",0.788669313188075,2.54236211730084,6.26101056571911,0.406062582168608,0.68469661803095,NA
"ENSMUSG00000038524",53.9962953002397,-0.466868285250346,0.473894986676661,-0.985172450386967,0.324539370523912,NA
"ENSMUSG00000038525",996.876636180576,-0.392562733858983,0.158953087671627,-2.46967668014074,0.0135235218678326,0.074893949763518
"ENSMUSG00000038526",0.7366954274935,0.737055223296088,4.0993340330324,0.179798771546037,0.857310548065179,NA
"ENSMUSG00000038527",7.63329839115049,0.233330397620076,1.11547518680178,0.209175784796313,0.834311015214392,NA
"ENSMUSG00000038528",12.720209953121,0.676859268253631,0.838980928707142,0.806763592703664,0.41980269830925,NA
"ENSMUSG00000038530",1.12850268645417,-0.145973318357124,3.15563950399284,-0.0462579195666753,0.963104678703312,NA
"ENSMUSG00000038533",174.982096914393,0.678792555426812,0.365223043295137,1.85856990101876,0.0630881267597159,0.194063425529391
"ENSMUSG00000038534",128.54115860602,0.877643518535095,0.388252835783263,2.26049480556796,0.023790558456896,0.105836935349422
"ENSMUSG00000038535",542.378529418421,1.54330079759033,0.428709928308578,3.59987183800299,0.000318374061649738,0.0116031407537868
"ENSMUSG00000038537",2.02034156504535,0.386492054133683,2.29999693135173,0.168040247734826,0.866551616136325,NA
"ENSMUSG00000038538",659.182405099659,0.729564566280712,0.341718449552283,2.13498734773198,0.0327620436164659,0.129615942067268
"ENSMUSG00000038539",17.8169701738866,-1.59998679771897,0.618023401247168,-2.5888773701614,0.00962893779029256,NA
"ENSMUSG00000038540",7.96586806331568,-0.123740032767702,0.872779393681109,-0.141776987018226,0.887256162125222,NA
"ENSMUSG00000038541",0,NA,NA,NA,NA,NA
"ENSMUSG00000038542",359.695039101147,-0.106390458142806,0.283320320039946,-0.375512981659084,0.707278993678096,0.840015962093954
"ENSMUSG00000038543",181.898029706712,0.485137875039494,0.493311111242204,0.983431883011657,0.325394924926227,0.535820228701607
"ENSMUSG00000038544",762.951424422825,-0.547407953481509,0.245610394352739,-2.22876541900477,0.0258295169513841,0.111252625300406
"ENSMUSG00000038545",37.1227183653261,-0.299143984922816,0.634159372502822,-0.471717359852605,0.637128544350473,NA
"ENSMUSG00000038546",1049.33916480921,0.049072550789488,0.19241356525849,0.255036856281747,0.798694633028345,0.898395135125761
"ENSMUSG00000038550",46.8596764071261,-0.449454971634651,0.635864804577883,-0.706840461052126,0.479665627267647,NA
"ENSMUSG00000038552",1.50647252142138,3.79309185744038,6.27930800614392,0.60406208036444,0.545802369043132,NA
"ENSMUSG00000038555",9.38539031858479,0.52728479375394,1.29081559779684,0.40848963605174,0.682914237841529,NA
"ENSMUSG00000038560",3.7907320938986,0.431923545146624,1.17431422069008,0.367809175377955,0.71301552693914,NA
"ENSMUSG00000038563",387.574801371755,0.517480008430999,0.301947543791514,1.71380764331802,0.0865640592026752,0.235078495939133
"ENSMUSG00000038564",26.0034137274093,0.24933139063775,0.528550383660407,0.471726818001792,0.637121792446734,NA
"ENSMUSG00000038567",0.196502810887071,-1.10999414754526,7.29438016353165,-0.152171140338242,0.879051955526273,NA
"ENSMUSG00000038569",146.291681920982,0.72070116677561,0.512663764867826,1.40579696901617,0.15978442235166,0.345340870949477
"ENSMUSG00000038570",9.14232681506394,-1.36875207081165,1.67525824413688,-0.817039447859487,0.413905884974152,NA
"ENSMUSG00000038572",0.152528084737675,-1.11114716246423,7.29454981788181,-0.152325666450364,0.878930082229896,NA
"ENSMUSG00000038576",3.88749084004429,0.499174798210867,1.39853347948036,0.356927313886216,0.721146221150082,NA
"ENSMUSG00000038578",326.393055092617,-0.570289890013951,0.310374111288959,-1.8374273796406,0.0661468279678287,0.199358724934968
"ENSMUSG00000038580",3.31512417526798,0,2.7681969963469,0,1,NA
"ENSMUSG00000038582",291.206222913107,-0.0895404208483292,0.225686753210217,-0.396746461964147,0.691554434372867,0.832163748340758
"ENSMUSG00000038583",4.23080802290284,0.274476130426613,1.52411696628823,0.18008862606855,0.857082991708995,NA
"ENSMUSG00000038587",105.714948285645,-0.50836669384302,0.370675138024933,-1.37146153516459,0.170231126331651,0.358380652413899
"ENSMUSG00000038591",0.386316643991229,-1.10979747881079,7.29418135092748,-0.152148325551253,0.879069949577808,NA
"ENSMUSG00000038593",108.851778582427,0.472232608927616,0.453468593641335,1.04137886404791,0.297699747993452,0.508988575508757
"ENSMUSG00000038594",56.3227561594643,-0.570652853380685,0.470188822653105,-1.21366741591324,0.224874751863548,NA
"ENSMUSG00000038598",0.768499919329458,3.28484705969666,5.78689332768112,0.567635667998903,0.570282382579312,NA
"ENSMUSG00000038599",0.241729294882738,-0.215591562881418,7.3484884035053,-0.0293382191062014,0.976594845572586,NA
"ENSMUSG00000038600",0.343038769114056,-2.2144178124431,7.30634874558868,-0.303081318665509,0.761827890543767,NA
"ENSMUSG00000038602",1.94529130779811,4.61509627223302,2.40427821107057,1.9195350400726,0.0549166561688522,NA
"ENSMUSG00000038604",74.1230169485655,0.466125519351683,0.382811999573081,1.21763560147413,0.223362479164183,0.426192532797985
"ENSMUSG00000038605",130.94301128714,-0.0151390038318691,0.330828366830573,-0.0457609000609739,0.963500823374729,0.988500844738889
"ENSMUSG00000038607",2934.3652952877,-0.874695802172243,0.223106616278928,-3.92052829611605,8.83550602885372e-05,0.00724777739087703
"ENSMUSG00000038608",14337.9237654034,0.0505838888419068,0.223434532191988,0.226392439636153,0.820896207598089,0.910724917183739
"ENSMUSG00000038611",567.543347407496,0.147736842751834,0.247539278606174,0.596821819889351,0.550626348330961,0.731676495933801
"ENSMUSG00000038612",2854.08974887184,-0.521309829830812,0.157591701474072,-3.30797767239401,0.000939723013935583,0.0190742546052428
"ENSMUSG00000038615",223.643060082666,0.765528399810754,0.443132879046302,1.72753689922152,0.0840712842292689,0.23071755819165
"ENSMUSG00000038618",146.914834838494,-0.509978997273588,0.424122829675108,-1.20243231816653,0.229196074099719,0.43244955000491
"ENSMUSG00000038619",903.855630185088,-0.0748670842908757,0.18258442747175,-0.410040907253492,0.681775939735416,0.825496712920699
"ENSMUSG00000038622",3516.22611902433,-0.813092983160306,0.245003908568828,-3.31869392578236,0.000904395001279602,0.0187160027263195
"ENSMUSG00000038623",1065.31591405587,-0.309440548520179,0.257131961249427,-1.20343090379189,0.228809614884632,0.431967731691098
"ENSMUSG00000038624",0.221679737983054,2.76772892822716,7.26706371710875,0.380859317596339,0.703307641246437,NA
"ENSMUSG00000038628",3422.22873581911,-0.758008868065391,0.198658460752932,-3.81563848422299,0.0001358312503821,0.00827278180074193
"ENSMUSG00000038630",0.199175846941893,-3.12824040791062,7.26796155827981,-0.430415100964158,0.666893712414152,NA
"ENSMUSG00000038633",2053.12950237825,-0.0369154460003474,0.214715967816331,-0.171926877985736,0.863495015628925,0.935516026906174
"ENSMUSG00000038637",20.0664673740476,0.438585823384773,0.716702808257014,0.611949357993158,0.540571263865263,NA
"ENSMUSG00000038641",39.9691993971592,0.969564705564372,0.578098596110167,1.67716149474891,0.0935109063512455,NA
"ENSMUSG00000038642",1950.23064994015,-0.292173641561879,0.207479653232343,-1.40820382630335,0.159070723590917,0.344745550199516
"ENSMUSG00000038644",421.265548573376,0.180720736890794,0.276903209510433,0.652649484310092,0.513982276040752,0.70243533784914
"ENSMUSG00000038646",3069.65547198801,-1.05189722732837,0.29151577329883,-3.60837156571313,0.000308124985953098,0.0114589921707287
"ENSMUSG00000038648",61.1203158099892,0.586755870694894,0.417492357792118,1.40542900904322,0.159893745578554,NA
"ENSMUSG00000038650",1030.32859457467,-0.388338000582882,0.208156641597036,-1.86560466004565,0.0620966971711537,0.192241106024696
"ENSMUSG00000038651",0.175421982852604,2.6703849299362,7.27442899081126,0.36709203338287,0.713550369549327,NA
"ENSMUSG00000038656",0.388228055420295,-4.35633734094601,7.23674762793127,-0.601974473191811,0.547191129410702,NA
"ENSMUSG00000038658",295.227998508351,0.435409541085288,0.235864502020872,1.84601556128509,0.0648899459795176,0.197259206277301
"ENSMUSG00000038663",9.74983926524209,-0.176883534073883,1.0933127090286,-0.161786772085584,0.871473770150428,NA
"ENSMUSG00000038664",1145.83044641664,0.8633792576913,0.238368874523478,3.6220301808165,0.000292300008665779,0.0111559289021669
"ENSMUSG00000038665",0.603031869104044,-1.93602676696564,7.19315316092008,-0.269148553305378,0.787815368327261,NA
"ENSMUSG00000038668",0.548203824958432,0.216201472238457,7.11125235665588,0.0304027281546407,0.97574586911015,NA
"ENSMUSG00000038670",0.918084826414416,0.210848347876042,4.67831032839844,0.0450693376615362,0.964052041579011,NA
"ENSMUSG00000038671",1320.17876086951,-0.461857215852963,0.206820857472384,-2.23312687848532,0.0255405785666185,0.110504722997909
"ENSMUSG00000038676",0.0736031025335121,-0.234074428639623,7.34998788559751,-0.0318469135300615,0.974594134005605,NA
"ENSMUSG00000038677",2.08785609223685,4.03495701034896,2.92512690235628,1.37941263577272,0.167767565566507,NA
"ENSMUSG00000038679",249.70213165855,0.627885314160876,0.364009366391001,1.72491526903852,0.0845427434349724,0.231497235139807
"ENSMUSG00000038683",1584.31181934422,-0.061681787292484,0.20097744201176,-0.306909007672985,0.758912632619369,0.87301889601332
"ENSMUSG00000038685",299.388420616625,0.215441389836079,0.257849198622091,0.835532516631297,0.403417946656344,0.60871888965737
"ENSMUSG00000038690",13712.146188959,-0.775689151137285,0.222461559506019,-3.48684578522114,0.000488753100249477,0.0140854938657903
"ENSMUSG00000038691",0.0841531116033843,-0.449343984194629,7.34092108750299,-0.0612108451839349,0.951191292722393,NA
"ENSMUSG00000038692",13.6897736458475,-0.636574859226812,0.960114347425534,-0.663019838140878,0.507317848717093,NA
"ENSMUSG00000038695",734.321175537388,-0.71469016144714,0.272124880277112,-2.62633156041943,0.00863106985561155,0.0572604869280001
"ENSMUSG00000038696",478.253941702192,0.478572019948009,0.223153219271318,2.14458936111579,0.0319856936724785,0.128064373237836
"ENSMUSG00000038697",356.196722219444,-0.241682834129008,0.194140650410097,-1.24488526034339,0.213173929691227,0.413262266130179
"ENSMUSG00000038700",0.194418978022239,-1.86333613916747,7.35499454116229,-0.25334296697833,0.800003195948786,NA
"ENSMUSG00000038702",10.4358624792816,0.847428566792576,0.916776270407409,0.924357004153242,0.355300472634905,NA
"ENSMUSG00000038704",0.247265451652718,0,7.3561311249555,0,1,NA
"ENSMUSG00000038705",219.992530891898,0.175100035661016,0.314317326502584,0.557080443542068,0.577472468547681,0.75061043759363
"ENSMUSG00000038708",534.530706925889,0.623581732828572,0.315120575207266,1.97886708101628,0.0478309734391233,0.164055923818783
"ENSMUSG00000038709",0.0380762098104571,-1.67431590235222,7.3501929692546,-0.227792101425878,0.819807867435575,NA
"ENSMUSG00000038712",176.646373851626,-0.249071823975636,0.234256009829961,-1.06324624993155,0.287670293378352,0.499494264894609
"ENSMUSG00000038717",14783.978695922,-0.71866701669819,0.206982655131789,-3.47211227066636,0.000516380334372471,0.014419264421672
"ENSMUSG00000038718",59.7410481960796,0.46388397476197,0.548917130327316,0.845089265997873,0.398061000976572,NA
"ENSMUSG00000038721",0.212754572349459,0,7.3561311249555,0,1,NA
"ENSMUSG00000038722",4206.01609412659,-0.887219150471453,0.276095208275683,-3.21345363439107,0.00131148970878495,0.022429196836227
"ENSMUSG00000038725",1.98850939019181,-1.83552130379339,3.7152958763563,-0.494044448915747,0.621274788516381,NA
"ENSMUSG00000038729",42.4152833037925,0.0592089367073599,0.70209591362898,0.0843316925195047,0.932792715156648,NA
"ENSMUSG00000038732",196.304194850793,-0.490983326957554,0.241984216132726,-2.02898905889075,0.0424594047252008,0.152622260257676
"ENSMUSG00000038733",1935.36478541578,0.0647645786492395,0.190684521181812,0.339642558545634,0.734125724261106,0.855945421289424
"ENSMUSG00000038736",331.896565128906,-0.425181983835982,0.302289658309568,-1.40653830572187,0.159564338223654,0.345113629240264
"ENSMUSG00000038738",25.0374067607643,0.864556406165059,0.662322598431695,1.30534034051115,0.191776983371511,NA
"ENSMUSG00000038740",72.5292895154236,-0.68687804937882,0.353423399717756,-1.9434990720121,0.0519558873985086,0.171652388681236
"ENSMUSG00000038742",100.281536230165,-0.0294569406910831,0.415304835519604,-0.0709284799302383,0.943454676745564,0.979318437428321
"ENSMUSG00000038745",0.682873126223178,3.76715780506896,4.91653202265067,0.766222570648072,0.443543880691743,NA
"ENSMUSG00000038750",0.363254453781546,-0.114679547580701,7.24806722675677,-0.0158220866326065,0.987376328056715,NA
"ENSMUSG00000038751",12.1381229113896,1.30666568378172,0.786522401993106,1.6613203647735,0.0966491220980283,NA
"ENSMUSG00000038754",0,NA,NA,NA,NA,NA
"ENSMUSG00000038756",0.185305240165002,0.772397898242393,7.27883743350185,0.106115558329044,0.915490667081998,NA
"ENSMUSG00000038759",545.597667731241,0.276420139482415,0.229426912223088,1.20482874831019,0.228269419409865,0.431277372107515
"ENSMUSG00000038760",1.74630731510963,1.49693398318597,2.37869041311427,0.629310134237322,0.529146037974199,NA
"ENSMUSG00000038762",2291.0322709871,0.0495955624173911,0.179523991411113,0.276261473620071,0.782347244432273,0.889304578350145
"ENSMUSG00000038763",4.62178624837592,0.832096764381503,1.36329408965107,0.610357494173889,0.541625018753483,NA
"ENSMUSG00000038764",27.8760919960281,0.654712753690966,1.20761621219062,0.542153001161947,0.587713109249645,NA
"ENSMUSG00000038765",0.195508047911234,-0.227907157190404,7.34975461737082,-0.0310088117298169,0.975262512309178,NA
"ENSMUSG00000038766",1172.68882558235,0.378564221325294,0.20527571807243,1.8441743859433,0.0651577299768741,0.197473725239923
"ENSMUSG00000038768",0.785283639561478,-2.76180898189173,3.85394463166776,-0.71661874931934,0.473609372335872,NA
"ENSMUSG00000038770",0.411915789271009,2.69608332649675,7.28505981009996,0.370083897287833,0.711319979782052,NA
"ENSMUSG00000038773",426.783434093048,-0.0327911176796711,0.169262358638013,-0.193729532918767,0.846387665983243,0.926117121789281
"ENSMUSG00000038774",743.429243839131,1.23910002244269,0.310897173257858,3.98556220199203,6.73205381267623e-05,0.00654292171671574
"ENSMUSG00000038775",11.6470505494527,-3.03354438234281,1.43969349592191,-2.10707653464828,0.0351109459756308,NA
"ENSMUSG00000038776",187.854907638558,0.503640313914836,0.374648711824501,1.3443001350843,0.178851351916035,0.370949562251365
"ENSMUSG00000038777",2.95047626866112,2.31547583471903,2.61467981662091,0.885567640060589,0.375850555664946,NA
"ENSMUSG00000038780",119.054860019557,0.251983941704973,0.347190268171578,0.72578054399971,0.467973316003049,0.665025334774315
"ENSMUSG00000038781",3.23229896138317,-1.32339601420993,1.76635266272286,-0.749225249373415,0.453721453127516,NA
"ENSMUSG00000038782",29.2874167794523,-0.187787839707144,0.692755416230747,-0.271073795032725,0.786334275794161,NA
"ENSMUSG00000038784",730.564140561038,0.547929104899452,0.228411608235375,2.39886715536287,0.0164458799233106,0.084547686739517
"ENSMUSG00000038791",0.157401744772391,-2.55276743461173,7.29476538372936,-0.34994510451365,0.726379896047205,NA
"ENSMUSG00000038793",4.41958335218689,-0.718960358195097,1.32850642384015,-0.541179436766957,0.588383909527122,NA
"ENSMUSG00000038797",13.6214708749925,-0.03900112074372,0.86755680892404,-0.0449551203362578,0.964143081544575,NA
"ENSMUSG00000038801",0,NA,NA,NA,NA,NA
"ENSMUSG00000038803",10683.1995429927,-0.715882467666285,0.190294727890334,-3.76196690051679,0.000168582362038751,0.00888031073346459
"ENSMUSG00000038805",1.88355033448316,2.17222725343617,2.19951699484363,0.98759284812464,0.323352090310386,NA
"ENSMUSG00000038806",819.530999815062,-0.143709853245745,0.135489564904559,-1.06067100700321,0.288839440455579,0.500926023493213
"ENSMUSG00000038807",436.39655782161,1.70647654477273,0.538653068140898,3.16804385921804,0.0015346836614378,0.02418485085048
"ENSMUSG00000038811",597.261613629091,-0.618957609924963,0.2912973255072,-2.12483107713827,0.0336007106834047,0.13164606623284
"ENSMUSG00000038812",3397.31299085687,-0.58018939410784,0.171359762325901,-3.3857971453322,0.000709718259630471,0.0165072117563464
"ENSMUSG00000038816",20.9230255030334,-0.630577001802776,0.610133443317993,-1.03350670039264,0.301366836520045,NA
"ENSMUSG00000038822",253.766719184457,-0.224833889865401,0.359860794721113,-0.624780173788158,0.532115344773067,0.717495591744887
"ENSMUSG00000038827",239.378174267023,-1.2098617846398,0.417390789035847,-2.89863077102043,0.00374795976155503,0.0366817645970014
"ENSMUSG00000038828",349.61293893329,0.449027581217948,0.302633898019646,1.48373194198093,0.137880048727345,0.31556940997217
"ENSMUSG00000038831",42.1484509345049,0.528666387260854,0.547295299816318,0.965961862706083,0.334063264871615,NA
"ENSMUSG00000038836",32.6271616125153,-0.697573101137295,0.575996261964076,-1.21107227112665,0.22586770756175,NA
"ENSMUSG00000038838",80.2002325450144,0.731875435166348,0.479184554761812,1.52733519453719,0.126677682149614,0.299419140544275
"ENSMUSG00000038840",0.122128606013821,-2.53630835518562,7.29527214804512,-0.347664666062563,0.728092035551616,NA
"ENSMUSG00000038843",59.4739650773046,-1.81987658393765,1.08808847867852,-1.67254466856213,0.0944169673247199,NA
"ENSMUSG00000038844",180.463591621972,-0.0825519541478842,0.331494555670067,-0.249029592600752,0.803337890757333,0.901240577377853
"ENSMUSG00000038845",1805.83372308793,-0.901803020347665,0.298072909502235,-3.02544441845999,0.00248268031162122,0.0300383046271429
"ENSMUSG00000038848",647.092912718879,-0.204288677277566,0.226007593515823,-0.90390182957841,0.366047458946873,0.575083167731881
"ENSMUSG00000038855",739.486056723258,0.617563514851303,0.25667476875385,2.40601566663353,0.0161275730777079,0.0836416893353318
"ENSMUSG00000038859",9.44494513199935,1.34362233605737,0.93875413398617,1.43128247047183,0.15234927578835,NA
"ENSMUSG00000038860",120.129341334404,0.452389607889268,0.551182890480679,0.820761340205507,0.411782223384743,0.616457258542812
"ENSMUSG00000038861",78.6899379226148,0.791785687278225,0.387614606343686,2.04271375309364,0.0410807825705998,0.149185722156642
"ENSMUSG00000038866",308.935815278498,0.362440906137526,0.232847312786149,1.55656039917625,0.119574892071521,0.288644057748466
"ENSMUSG00000038871",365.294272693445,-0.497681008959612,0.357063347030344,-1.39381712824565,0.163372834475598,0.350084645304853
"ENSMUSG00000038872",16.5769245476857,-0.243979526153982,1.14708189977494,-0.212695820762102,0.831564226731839,NA
"ENSMUSG00000038876",430.448604482097,-0.280755522846748,0.270474752388043,-1.03801009287534,0.299265356267538,0.51032550682917
"ENSMUSG00000038879",0.44232849547348,0.771873263741556,7.27884810874689,0.106043326115571,0.915547976692917,NA
"ENSMUSG00000038880",1315.04151946266,-0.646510349854406,0.2502995157778,-2.58294686605921,0.0097960408485107,0.0620455465972835
"ENSMUSG00000038883",0.158945284683121,2.15233532335255,7.28505235519149,0.295445415957614,0.767653643876006,NA
"ENSMUSG00000038884",185.391882668756,0.0741936671736142,0.264783709881923,0.280204802654589,0.779320382220727,0.887100642359729
"ENSMUSG00000038886",283.598062394873,0.513255176078188,0.260789472838453,1.96808241717688,0.049058555576105,0.166350243812925
"ENSMUSG00000038888",83.6357261633994,-0.22114479799837,0.371452714307712,-0.595351142905294,0.55160877642048,0.731757962367733
"ENSMUSG00000038891",0,NA,NA,NA,NA,NA
"ENSMUSG00000038893",403.985157158299,0.11903688431619,0.233914137456107,0.508891363347061,0.610828374081806,0.774902268711327
"ENSMUSG00000038894",165.054748185787,-0.378054898345642,0.436271451846695,-0.866558874630399,0.386183754940972,0.594928650380265
"ENSMUSG00000038895",97.7644707243395,0.180567702385415,0.407734355457596,0.442856237078099,0.657869723334851,0.807653100799908
"ENSMUSG00000038900",679.624647737245,-0.350280628867623,0.253262747790972,-1.38307205431066,0.166642773474572,0.35405271658503
"ENSMUSG00000038902",248.616927491532,0.479334027844495,0.300501856228503,1.5951117036695,0.110687258754618,0.27484138477503
"ENSMUSG00000038903",0.560619010603971,1.54993003308162,6.14566663858686,0.252198845825782,0.800887370146662,NA
"ENSMUSG00000038909",640.226308619712,-0.0766203540625208,0.199141481452574,-0.384753359790428,0.700420157334487,0.836897528738234
"ENSMUSG00000038910",505.422631433667,-0.131369040884668,0.172005289798281,-0.763750004658179,0.445016235464318,0.646149454695179
"ENSMUSG00000038914",458.185410763794,0.500984926897263,0.270795595338483,1.85004828557515,0.0643065905142446,0.196134108988987
"ENSMUSG00000038916",0.194159140535641,-0.2335837561954,7.35001184474922,-0.0317800516692051,0.974647455062191,NA
"ENSMUSG00000038925",1.11409349503477,2.65884358026076,4.30896691774869,0.617048965799425,0.537202428825744,NA
"ENSMUSG00000038930",234.070457290195,0.222206272228032,0.414232948572639,0.536428289912014,0.591662583979449,0.760485572881618
"ENSMUSG00000038932",1.31503249003572,-0.0291948698626683,3.75775371953943,-0.00776923450593953,0.993801110100387,NA
"ENSMUSG00000038936",38.17510241366,1.25261583843065,0.793368891470725,1.57885676120799,0.114368915678258,NA
"ENSMUSG00000038943",2893.62243228862,1.06365164134403,0.3723617833544,2.85650055642711,0.00428339253584365,0.0391590622363386
"ENSMUSG00000038949",187.337027219061,0.255960827974063,0.258551260455216,0.989980971368726,0.322183419937017,0.532906780930015
"ENSMUSG00000038954",156.48600813696,-0.331872348332948,0.313023633468808,-1.06021498969667,0.28904680321776,0.501092186918196
"ENSMUSG00000038957",319.389208463402,-0.337587440259116,0.249405146313425,-1.35357046656477,0.175873454469357,0.366778120847982
"ENSMUSG00000038963",189.16096290876,1.83326139731664,0.521989228502618,3.51206748571335,0.000444635077918918,0.0133159417296514
"ENSMUSG00000038965",5028.03250092818,-0.929524310728995,0.259685841982687,-3.57941851443317,0.000344359601742014,0.012182092637097
"ENSMUSG00000038967",24.9966609090352,-0.418472364232137,0.777566476109238,-0.5381821067262,0.590451331940301,NA
"ENSMUSG00000038968",0.25146346181689,-1.11149541668993,7.29470558177401,-0.152370154522347,0.87889499543618,NA
"ENSMUSG00000038970",175.872556110052,0.235105927180217,0.33956540227782,0.692373032126113,0.488703096984445,0.680302790267743
"ENSMUSG00000038973",11.8572475530564,0.991223858964905,0.975025562844633,1.0166132014765,0.30933747155361,NA
"ENSMUSG00000038975",1025.07792097833,0.0414503860286182,0.166461828645716,0.249008354442855,0.803354319015111,0.901240577377853
"ENSMUSG00000038976",398.668895248397,-0.00423789528993346,0.279410663234922,-0.0151672639865227,0.987898738211581,0.999870211670357
"ENSMUSG00000038980",0.27498170596792,-0.230471492772605,7.35002152093445,-0.0313565738707257,0.9749851731371,NA
"ENSMUSG00000038982",131.851068973628,-0.436925161066691,0.37341465310413,-1.17008038499456,0.24196862126417,0.447997718897981
"ENSMUSG00000038984",0.828527576541728,0.0144998171328216,5.21348318549389,0.00278121490315077,0.99778091442933,NA
"ENSMUSG00000038987",1.93029096701265,-1.51992244464535,2.70270499372094,-0.562370827810105,0.573863390552914,NA
"ENSMUSG00000038990",326.626612520866,0.376408510444984,0.24585392223629,1.53102503723011,0.125763204892166,0.298122129582508
"ENSMUSG00000038991",2945.23950116426,-0.04261233225004,0.235415374025863,-0.181009130887767,0.856360408992065,0.932556203012894
"ENSMUSG00000038994",0,NA,NA,NA,NA,NA
"ENSMUSG00000038997",2.99884307023223,-0.881897427959452,1.99909933637807,-0.441147376676767,0.659106306998296,NA
"ENSMUSG00000039000",452.833855990489,0.422277693581154,0.256709307517091,1.64496448401287,0.099977135456677,0.257900308974231
"ENSMUSG00000039001",6519.90465414515,-0.633501730384829,0.277940392831241,-2.27927191126004,0.0226509066740132,0.102426446693788
"ENSMUSG00000039004",0.365929748132262,0.769880194515313,6.9312057669254,0.111074497050579,0.911557271985414,NA
"ENSMUSG00000039005",8.07224808930405,-0.786235011080399,1.05113319980602,-0.747987991650816,0.45446740074414,NA
"ENSMUSG00000039007",14.1106366310011,0.607398719076249,0.684202055212889,0.887747580482285,0.37467654560183,NA
"ENSMUSG00000039013",4.35917763055841,2.54643888246763,2.35315800785994,1.08213680252754,0.279191744887204,NA
"ENSMUSG00000039016",2924.8404421796,-0.678645401562464,0.204077837579719,-3.32542430677885,0.000882840681803824,0.0185076825741024
"ENSMUSG00000039018",407.86920810977,-0.117824688408946,0.315082453558846,-0.373948746044472,0.708442448913649,0.840791644556539
"ENSMUSG00000039021",12.1456858169862,0.571241067123517,1.30574987917234,0.4374812329951,0.66176238342916,NA
"ENSMUSG00000039031",404.857272074299,0.312490982541827,0.328966383452882,0.949917676274013,0.342154084428975,0.550666415594337
"ENSMUSG00000039032",11.5354147597126,0.88407077475781,0.86830694961115,1.01815466886879,0.308604458354332,NA
"ENSMUSG00000039033",313.826455704733,-0.46322166946574,0.230008627846795,-2.01393171118035,0.0440167036318327,0.155758953025814
"ENSMUSG00000039037",2.01438187706446,0.338018678590385,2.26229170205566,0.149414276807558,0.88122674691999,NA
"ENSMUSG00000039041",1706.4776162557,-0.379535354545941,0.199587086588863,-1.90160275913922,0.0572231069604099,0.181589217432954
"ENSMUSG00000039043",0.817393549305643,0.878675364527063,4.88479984065078,0.179879502372814,0.857247167448498,NA
"ENSMUSG00000039046",88.293222810436,0.888454410688114,0.433029423844633,2.05171834006107,0.0401970433259106,0.147083604353335
"ENSMUSG00000039047",643.042774475485,0.119936714435522,0.254429322039782,0.471395016399756,0.63735867417993,0.793387544927416
"ENSMUSG00000039048",277.400422674666,0.0725142680045192,0.290096735628932,0.249965818633939,0.80261378243598,0.901060447402574
"ENSMUSG00000039050",288.437144906434,0.690842297783424,0.308687524757478,2.23799876048178,0.0252211359578571,0.109539072470746
"ENSMUSG00000039055",200.300234787915,1.48067080651668,0.524201302823488,2.82462252295328,0.00473363463468266,0.0411275444995135
"ENSMUSG00000039057",0.741339197089993,2.2528388701834,7.15343083765791,0.314931243666151,0.752813858737769,NA
"ENSMUSG00000039058",4.14756526635747,-2.01678606846917,2.34112518306833,-0.861460157301767,0.388984655951364,NA
"ENSMUSG00000039059",0.238684130704598,-2.55530806100683,7.29468764384903,-0.350297118364142,0.726115727649655,NA
"ENSMUSG00000039062",1.02980357634772,-3.30787527796442,3.82259898483368,-0.865347186845533,0.386848258900325,NA
"ENSMUSG00000039063",1.00661566844485,1.84613860112315,5.37157110902062,0.343686896003831,0.731081767008406,NA
"ENSMUSG00000039065",461.587380872714,-0.639206240163741,0.211708021858136,-3.01928209688752,0.00253374486332044,0.0303221161911895
"ENSMUSG00000039067",2855.80135494801,-0.340582853612265,0.164630751199609,-2.06876814404692,0.038567849112344,0.143089778730608
"ENSMUSG00000039068",728.629930174415,0.493469814469322,0.234738812937399,2.10220801704797,0.0355350578415976,0.136519256418264
"ENSMUSG00000039069",573.40085823716,-0.28293608997573,0.157571915771626,-1.79559973355784,0.0725581983020475,0.210704403706151
"ENSMUSG00000039070",0.111527554925509,-0.23090730616938,7.35006192314765,-0.0314156953483862,0.974938024251524,NA
"ENSMUSG00000039079",0,NA,NA,NA,NA,NA
"ENSMUSG00000039081",0.364504642296352,1.15871907206498,7.35579941275653,0.157524560832302,0.87483145278168,NA
"ENSMUSG00000039084",0.166813832615842,0,7.3561311249555,0,1,NA
"ENSMUSG00000039086",47.7512694254323,0.530597557800764,0.541441389306183,0.97997228930113,0.327099797368057,NA
"ENSMUSG00000039087",139.782531909893,0.708682928729563,0.405000577942108,1.74983189488402,0.0801473253120347,0.224435215498431
"ENSMUSG00000039089",275.13082908806,0.10842137039099,0.262269235991697,0.41339720985965,0.679315618514067,0.824036197258989
"ENSMUSG00000039092",0.261242779219468,1.35524890791899,7.25516589419149,0.186797783494379,0.851819184844757,NA
"ENSMUSG00000039095",0.750552635062552,-1.10266172344241,7.10598205395766,-0.15517372758186,0.876684359741054,NA
"ENSMUSG00000039096",48.4190289590681,-0.0722806277266552,0.473605268720461,-0.152617870831412,0.878699631216578,NA
"ENSMUSG00000039097",0.311763702582697,3.09132299132793,7.25606666122159,0.426032881953636,0.67008388596509,NA
"ENSMUSG00000039098",0.0380762098104571,-1.67431590235222,7.3501929692546,-0.227792101425878,0.819807867435575,NA
"ENSMUSG00000039099",0.438371145530454,2.15479087006506,6.52906199688728,0.330030695234989,0.741376768875074,NA
"ENSMUSG00000039100",727.043864140581,0.0708149998602872,0.168411770928518,0.420487234769025,0.674129552779499,0.820746722962998
"ENSMUSG00000039103",8.97731032565136,1.4654014016489,1.06277086828178,1.3788498023267,0.16794106788302,NA
"ENSMUSG00000039105",4678.82806572256,-0.870939557505689,0.235167197041781,-3.70349082891418,0.000212652872625817,0.00982277404629067
"ENSMUSG00000039106",0.626411423064705,0.305952859171029,5.93166064980668,0.0515796295900711,0.958863650962487,NA
"ENSMUSG00000039108",90.396180699474,-0.0486455391486827,0.388424408552664,-0.125238110884804,0.900335046623114,0.955307862993744
"ENSMUSG00000039109",25.1308079705541,-0.463063696374923,1.17753969999053,-0.393246780875962,0.694137220983922,NA
"ENSMUSG00000039110",0.181921280374587,0,7.3561311249555,0,1,NA
"ENSMUSG00000039114",155.544215558159,-1.53836535497289,1.40191931048912,-1.09732802983944,0.272498022087833,0.483251336264483
"ENSMUSG00000039115",2.79161580053713,-0.456457165209638,1.79873960096109,-0.25376500576612,0.799677109980692,NA
"ENSMUSG00000039116",1.9424856170502,-2.89962151034573,2.7008590417977,-1.07359231469397,0.283005443616758,NA
"ENSMUSG00000039117",279.394314882215,0.289111772714417,0.256937002150035,1.12522435575703,0.260493974780918,0.47005895230182
"ENSMUSG00000039126",47.2261511790484,0.0027881889600351,0.547017678054985,0.00509707285868527,0.995933141870374,NA
"ENSMUSG00000039128",2819.74404659555,-0.482109202531028,0.20129815949794,-2.39500054910319,0.0166203403828761,0.0852137264962292
"ENSMUSG00000039130",517.046741130739,0.153082060714667,0.193528446341297,0.791005475467413,0.428940796307099,0.631716294918903
"ENSMUSG00000039131",37.2750717843795,0.592916755648416,0.54959001895564,1.07883464982699,0.280661445345992,NA
"ENSMUSG00000039137",12.2269603478053,0.59413406274554,1.10860548899574,0.535929208941364,0.592007476613418,NA
"ENSMUSG00000039145",317.922575590728,0.419946045356302,0.213775836591919,1.9644224157941,0.0494811254303548,0.167220829018481
"ENSMUSG00000039146",0.081236158750911,0,7.3561311249555,0,1,NA
"ENSMUSG00000039148",771.376167148928,-0.00307948888365567,0.189364508284939,-0.016262228395101,0.987025190928311,0.99945478402946
"ENSMUSG00000039153",730.500554711097,0.0667867788281701,0.303457471230424,0.220086124613676,0.825804080842507,0.914117955109539
"ENSMUSG00000039154",0.922679891093319,1.06390551072623,3.42176784257449,0.310922762640076,0.755859339461458,NA
"ENSMUSG00000039155",0.315734439596872,0.63869258229017,7.34312738492388,0.0869782789825306,0.930688777524664,NA
"ENSMUSG00000039156",407.819089648812,0.215704382488016,0.236359791959452,0.912610307784583,0.361447531142867,0.570447399522621
"ENSMUSG00000039157",526.77687288117,0.0522572028199262,0.264353169915473,0.197679501390641,0.843295828743401,0.925362930211337
"ENSMUSG00000039158",1248.26831388461,-0.182527228668243,0.188712794532834,-0.967222329148887,0.333432902008236,0.541872848831174
"ENSMUSG00000039159",1059.0132811636,-0.0533552187512064,0.182468828340038,-0.292407307245799,0.769975221884439,0.880009835625815
"ENSMUSG00000039163",1551.24273665958,-0.633094788590436,0.233718549458779,-2.70879136489805,0.00675287895753142,0.049593022656165
"ENSMUSG00000039164",70.234451050933,-0.0105173185155254,0.37743056487254,-0.0278655718279658,0.977769367475402,0.995617249128999
"ENSMUSG00000039166",22.7287372755634,1.09173975554765,0.996355845096125,1.09573277551488,0.273195734960177,NA
"ENSMUSG00000039167",0.342358163853157,-3.85971552675457,7.25590806983951,-0.531941073343828,0.594766808717048,NA
"ENSMUSG00000039168",3170.68114037998,-0.556750690484239,0.321605965392973,-1.73115784654038,0.0834236153819246,0.229449760169818
"ENSMUSG00000039174",0.269216430669852,1.79517291584691,7.28260281508475,0.246501554654126,0.805294001123377,NA
"ENSMUSG00000039176",379.328429094433,-0.145623048214415,0.273012315498851,-0.533393696721448,0.593761079909292,0.761854656659313
"ENSMUSG00000039178",60.7431259829075,0.337597654539095,0.458578220233072,0.736183359008004,0.461619118082681,NA
"ENSMUSG00000039179",0.540486797426254,2.67006094339759,6.23454219551493,0.428268966616091,0.668455310086351,NA
"ENSMUSG00000039182",163.187753265199,0.662414269956476,0.414151089281489,1.59945074901457,0.109720483703739,0.273747345131615
"ENSMUSG00000039183",1839.4990610913,-0.723099144284616,0.328542249010961,-2.20093198503822,0.0277408391995141,0.11658936882959
"ENSMUSG00000039187",158.03367029511,0.613555311727982,0.39537783071278,1.55182021870542,0.120705246710595,0.290093758876062
"ENSMUSG00000039191",1041.04090334985,0.269969897218737,0.291354466933934,0.926602911085466,0.354132742907854,0.563159936236186
"ENSMUSG00000039193",11.0463663910668,0.807770688718765,0.835366861242992,0.966965205582653,0.333561427882673,NA
"ENSMUSG00000039194",0.404470417999823,2.83911496613023,7.27168757377403,0.390434123761002,0.696215558966297,NA
"ENSMUSG00000039195",1853.18716446901,-0.874977919302114,0.256898898365983,-3.40592320507192,0.00065940724750406,0.0160944213372287
"ENSMUSG00000039196",3.7056828707571,-1.00744255592128,2.13582932908285,-0.471686825442127,0.637150342203398,NA
"ENSMUSG00000039197",698.536439740838,-0.0824819818805533,0.3638599901366,-0.226686044402926,0.820667879604845,0.910573800639117
"ENSMUSG00000039198",0.373500834043951,3.34680369472501,7.2410217563843,0.462200474922504,0.64393756271239,NA
"ENSMUSG00000039199",14.9357378095351,0.600708077848055,0.749876932757945,0.801075552009225,0.423087908641689,NA
"ENSMUSG00000039200",4.84915578101409,1.3068365767069,1.70068880830764,0.768416050204586,0.442240047904826,NA
"ENSMUSG00000039201",91.3899285227799,-0.00473045947707064,0.373419919460801,-0.0126679355613947,0.989892720129344,1
"ENSMUSG00000039202",302.571332992218,0.490148552737603,0.334360721617433,1.46592742821754,0.14266805872492,0.321552853466049
"ENSMUSG00000039205",227.9902002966,0.089367706563461,0.257526122029305,0.34702385085926,0.728573400512264,0.851857245004979
"ENSMUSG00000039206",68.9940327794283,1.11833071292491,0.626056933492826,1.78630832612242,0.0740493495344759,0.213378901858629
"ENSMUSG00000039208",87.3482301487268,4.78992662203551,1.57681478913369,3.03772304461142,0.0023837292445571,0.0295737316918219
"ENSMUSG00000039209",37.5683814007411,-1.05160636526167,0.936795937059953,-1.12255649673507,0.261625900282845,NA
"ENSMUSG00000039210",216.800874431497,0.592017305366884,0.259390593477301,2.28233914511125,0.0224693251402624,0.101939122519862
"ENSMUSG00000039215",0.282153869831947,-2.55550002250313,7.29467956679834,-0.350323821506083,0.726095689635669,NA
"ENSMUSG00000039217",86.0459196373015,-2.60271798345083,0.85728194363194,-3.03601166778833,0.00239730087295424,0.0295889091254604
"ENSMUSG00000039218",4142.43119700095,0.55711949026662,0.250687630666748,2.22236529494838,0.0262586287415715,0.112561381227422
"ENSMUSG00000039219",1348.39862077161,0.787827938956369,0.315828580341789,2.49447956262787,0.0126141990408074,0.0722011334790859
"ENSMUSG00000039220",326.520332586985,0.220460557556214,0.212989187375702,1.03507863602171,0.300632188855356,0.511841058703961
"ENSMUSG00000039221",4930.19922009918,-0.755417263384063,0.273114217052452,-2.76593899628076,0.00567591515761922,0.045247113978279
"ENSMUSG00000039224",0.157820666812218,0,7.3561311249555,0,1,NA
"ENSMUSG00000039230",269.445550921602,-0.212557623630264,0.234441067513636,-0.906656951721572,0.364588234666927,0.573969533314632
"ENSMUSG00000039231",571.418733650343,-0.0091429911129895,0.269815921841267,-0.0338860325610003,0.972968031194203,0.992650323909041
"ENSMUSG00000039232",401.483598340077,1.09962547429869,0.389095478845729,2.8261070459127,0.00471175152775137,0.0411065685377867
"ENSMUSG00000039233",622.402845150518,0.629727688581811,0.257991823796926,2.44088234779677,0.0146514271442424,0.0790553260484913
"ENSMUSG00000039234",128.43143681565,0.649280402247266,0.395085696953215,1.643391312959,0.100301996321664,0.258468517632858
"ENSMUSG00000039236",470.428168818926,-1.10173801116597,0.257113303378792,-4.28502919408583,1.8271519331435e-05,0.0028720445932343
"ENSMUSG00000039238",9.10751121343579,0.904418883781393,0.972739474296087,0.929764759917722,0.352492895975682,NA
"ENSMUSG00000039239",2.74220223040485,0.2496382021414,2.09304115595605,0.11927056543108,0.905061002394736,NA
"ENSMUSG00000039242",245.939443759555,-0.116659791099522,0.280048609179979,-0.416569792798178,0.676993108019783,0.822021480503077
"ENSMUSG00000039244",235.449095145236,-0.491036785373698,0.248509208190522,-1.97592994219048,0.0481627124190047,0.164622549191515
"ENSMUSG00000039246",0.84676236119966,-4.30366750991108,6.52726673027622,-0.659336853808786,0.50967948167243,NA
"ENSMUSG00000039252",1.51876337890942,0.0992511135189558,2.50593859365316,0.0396063629692807,0.968406954505237,NA
"ENSMUSG00000039253",18.4345044813845,-0.139184882213153,0.663765231121555,-0.209689926026969,0.833909688609481,NA
"ENSMUSG00000039254",102.164982663398,0.414059490189446,0.433337420526931,0.955512888053739,0.339318390965689,0.548155302287275
"ENSMUSG00000039257",0.21524816387509,0.988057220761413,7.21624949548669,0.136921155702749,0.891093116490807,NA
"ENSMUSG00000039262",1499.46678293348,0.265823330260331,0.19613271884233,1.35532374113482,0.175314434175137,0.366226369784707
"ENSMUSG00000039263",411.919539382794,0.323241961604654,0.1728270958199,1.87031992912442,0.0614394036696607,0.190863766585354
"ENSMUSG00000039264",6667.5002801945,-0.399545579244614,0.198320884360288,-2.01464198051257,0.0439421754597848,0.155631818136859
"ENSMUSG00000039269",0,NA,NA,NA,NA,NA
"ENSMUSG00000039270",52.1551431283224,0.106623186986916,0.487957675938934,0.218509088481394,0.827032477819128,NA
"ENSMUSG00000039275",329.407054316375,0.171248775603951,0.218555500793234,0.78354822908787,0.433305243663664,0.6355948255801
"ENSMUSG00000039278",0.111859956539571,-1.6756190889985,7.35022433119628,-0.227968428376633,0.81967078480526,NA
"ENSMUSG00000039285",1178.07007491685,-0.117791113838684,0.186415615061649,-0.631873643201667,0.52746944720672,0.713371936740789
"ENSMUSG00000039286",25.7803851759323,1.16133672063021,0.827899356497981,1.40275108503849,0.160691077978496,NA
"ENSMUSG00000039294",709.51173920981,0.0160702273918252,0.182996744143584,0.0878170126306513,0.930022115880839,0.971907031978232
"ENSMUSG00000039296",0.221220795764759,0,7.3561311249555,0,1,NA
"ENSMUSG00000039298",178.722556895432,0.334737319962994,0.281926165871835,1.18732264147191,0.235100380597192,0.439645717405078
"ENSMUSG00000039304",208.531061231578,0.253125209346486,0.296309023257584,0.854260888054166,0.39296045309136,0.600187589432647
"ENSMUSG00000039307",124.861154147713,0.328867925882952,0.501883854173429,0.655266996832518,0.512295865648676,0.701099907508952
"ENSMUSG00000039308",89.9752489964076,0.599354761533186,0.386550030583571,1.55052312537227,0.121016007394361,0.290260889996103
"ENSMUSG00000039313",1.76296661909673,-1.01576341036317,1.98369723684373,-0.5120556663069,0.608612051047903,NA
"ENSMUSG00000039315",1.4156099947688,-2.58626092834419,3.12165135207332,-0.82849128126575,0.407392330564497,NA
"ENSMUSG00000039316",440.746989728257,-0.126132029438637,0.254247012256802,-0.496100340841909,0.619823618763342,0.780905898055228
"ENSMUSG00000039318",196.041220047233,0.0590351164971437,0.259957275627256,0.227095457723569,0.820349515999072,0.910326963550319
"ENSMUSG00000039321",0.486889147399549,-3.38014510011253,7.25932391933681,-0.465628085710402,0.641481735907502,NA
"ENSMUSG00000039323",0.41674114286306,0,7.3561311249555,0,1,NA
"ENSMUSG00000039328",40.361211781467,0.236053597321519,0.44143525331321,0.534741155242607,0.592828858727758,NA
"ENSMUSG00000039329",0.195812834100637,1.16060409602163,7.35570744923363,0.157782797104383,0.874627954766279,NA
"ENSMUSG00000039330",4.28114244672319,-0.381562272810622,1.29492172938117,-0.294660491173445,0.768253247252863,NA
"ENSMUSG00000039335",0.151391124494528,-0.211134443972537,7.34804052752233,-0.0287334348771929,0.977077190193949,NA
"ENSMUSG00000039337",0.207274737901777,-1.67102055530289,7.35010949278765,-0.227346348641825,0.820154435511244,NA
"ENSMUSG00000039339",0.152418041998351,-0.228493748044467,7.34977070663986,-0.0310885546181792,0.975198917350555,NA
"ENSMUSG00000039342",0.501155623295898,-2.10597212406958,7.25376165513986,-0.290328277132918,0.771565107987649,NA
"ENSMUSG00000039345",197.514121931867,-0.367316681645532,0.345003114895696,-1.06467642112907,0.287022383745283,0.498719680668328
"ENSMUSG00000039347",1778.86328265377,0.409870534197439,0.354632920599358,1.15575997147903,0.247779350202685,0.454837303018299
"ENSMUSG00000039349",1.40973242131193,-1.29245755922288,2.72569411461175,-0.47417556955285,0.635374713253293,NA
"ENSMUSG00000039354",139.837552375825,-0.0224308692167395,0.45170834013572,-0.0496578593390592,0.960395038378278,0.986912647669318
"ENSMUSG00000039356",2652.53717364418,0.166138206499643,0.214409895317761,0.774862588563937,0.438420860703479,0.639957207332234
"ENSMUSG00000039357",256.751211806332,-0.493004540101246,0.232136963732508,-2.12376578109006,0.0336897336977575,0.131785919114497
"ENSMUSG00000039358",0.230238313737322,2.74014559997126,7.26116323921165,0.377370058997428,0.705898614341016,NA
"ENSMUSG00000039361",1652.31863582535,0.0686777152035594,0.152745415844194,0.449622103707605,0.652982947343885,0.803627408079191
"ENSMUSG00000039364",0.208216702193513,0,7.3561311249555,0,1,NA
"ENSMUSG00000039367",736.368740651598,0.597786844892982,0.194208783560713,3.07806286581319,0.00208350956730781,0.0278914808662168
"ENSMUSG00000039372",4.1101102899271,-0.514203073765277,1.3272700603376,-0.387414053199154,0.698449701604652,NA
"ENSMUSG00000039375",3.82502862281226,1.34267989504558,1.48133875335518,0.90639625271698,0.364726155508571,NA
"ENSMUSG00000039376",5.40141802451548,0.702668350406969,1.04043065873851,0.67536298022872,0.499445179383117,NA
"ENSMUSG00000039377",6.33550950798609,-0.465869047442317,2.01205189356641,-0.23153928033961,0.816895873069594,NA
"ENSMUSG00000039382",353.421620557153,0.391487384575402,0.237277225999374,1.64991554889653,0.098960210042215,0.256347399441115
"ENSMUSG00000039384",310.184454506939,-0.0630806840589834,0.210492272768868,-0.299681709115515,0.764419951740009,0.876174899035604
"ENSMUSG00000039385",0.330686421279096,1.47494953304968,7.17499709509535,0.205567962397911,0.837128405308724,NA
"ENSMUSG00000039391",0.273790980565338,-1.69509164845353,7.35071811101932,-0.230602183739362,0.817623870954825,NA
"ENSMUSG00000039395",0.897885045656375,-2.73116370546923,3.58924935519832,-0.760928939504768,0.446699512147893,NA
"ENSMUSG00000039396",733.110741469535,0.136047587826327,0.325844568543422,0.417522957140214,0.676295936047472,0.822020713258055
"ENSMUSG00000039405",0.278836465204885,0.905202837706604,7.34985958059351,0.123159201584843,0.90198103196696,NA
"ENSMUSG00000039410",18.8248654062527,0.0499236961859735,1.18870916801813,0.0419982427402396,0.966500098972856,NA
"ENSMUSG00000039414",184.31082119031,0.28720164556611,0.253109582674971,1.13469289677159,0.256504014547746,0.466156771398317
"ENSMUSG00000039419",5.79890179979764,-1.35228894452527,1.40361370146371,-0.963433844450991,0.335329848667921,NA
"ENSMUSG00000039427",162.703350790461,0.598642451584056,0.317929605409197,1.8829402528071,0.059708465357713,0.187251960679249
"ENSMUSG00000039428",240.106626076851,0.265552537794038,0.225977651837617,1.17512743244566,0.239943737109912,0.445584039325845
"ENSMUSG00000039431",23.3493503771657,0.641164389411242,0.960133045877019,0.667787024063504,0.504269550619421,NA
"ENSMUSG00000039438",4.92642493778814,-0.0945625743177905,1.21088426417566,-0.0780938171511928,0.937753425374333,NA
"ENSMUSG00000039449",1073.92136572999,0.253024256995716,0.146270908674189,1.72983308361962,0.0836601016895931,0.229844387215572
"ENSMUSG00000039450",134.49670120712,-0.0337494041641604,0.578055577599076,-0.0583843586534305,0.953442473504843,0.984120225344965
"ENSMUSG00000039452",11.8364037491138,0.662437500520211,0.975909649697573,0.678789784203379,0.497271067591039,NA
"ENSMUSG00000039456",934.179780484654,0.180016200861035,0.205493424810294,0.876019274228464,0.381019555743282,0.589879139940852
"ENSMUSG00000039457",1.30567693338352,-1.14273835311805,3.4397592829898,-0.332214628729716,0.739727198346928,NA
"ENSMUSG00000039458",457.179052192475,-0.0725725858331019,0.194352999383699,-0.373406050141918,0.708846257257423,0.840867065041357
"ENSMUSG00000039461",164.362836390417,0.091379769440593,0.339661505632868,0.269031868272301,0.787905159094548,0.892555867252992
"ENSMUSG00000039462",7.01731445337976,0.749444829771635,1.24451567449702,0.602197983624856,0.547042357724103,NA
"ENSMUSG00000039463",225.775721194518,0.434013838218209,0.2547460724049,1.70371159845941,0.0884349802141203,0.238716488098465
"ENSMUSG00000039470",629.406128247827,0.37456130641231,0.57734156046666,0.648768999255061,0.516487698049543,0.703524995896339
"ENSMUSG00000039473",687.843319568946,0.0983124923257983,0.218765837698496,0.449395999668344,0.653146016551279,0.803627408079191
"ENSMUSG00000039474",9.13799747924783,-0.520461046977202,1.0290986285379,-0.505744573497927,0.613035972901886,NA
"ENSMUSG00000039476",0.369823978967376,0,7.3561311249555,0,1,NA
"ENSMUSG00000039477",113.709427759348,0.157238626651354,0.355957861842307,0.441733821631429,0.658681832238943,0.808025553695948
"ENSMUSG00000039478",196.857614709905,0.348637661173456,0.265890175780249,1.31120926205861,0.189787074021437,0.384671975948719
"ENSMUSG00000039480",458.158611172661,-0.434229098451579,0.261376588857184,-1.66131595928372,0.0966500064245381,0.252480262554588
"ENSMUSG00000039481",4.03531321392906,-0.25948142598195,2.48114327271111,-0.104581395534816,0.916707977951887,NA
"ENSMUSG00000039483",412.787361413326,-0.126574631031221,0.222555894756594,-0.568731873714935,0.569538113703534,0.744466190746582
"ENSMUSG00000039485",111.854883176306,-0.127355850545645,0.305279772277458,-0.417177494583218,0.67654858533246,0.822020713258055
"ENSMUSG00000039488",0.478047827399993,-0.523951328148954,7.15155103245796,-0.0732640130470933,0.941596028139997,NA
"ENSMUSG00000039492",0.0400922426516566,0,7.3561311249555,0,1,NA
"ENSMUSG00000039496",105.727878032218,-1.22057268623606,0.658302644069154,-1.8541208929245,0.0637218662671123,0.194891908431437
"ENSMUSG00000039497",137.893842395926,-0.0619967361870854,0.35186480668379,-0.17619476290165,0.860140935024428,0.933467963091969
"ENSMUSG00000039501",299.665192731711,-0.389965283166166,0.220963679265848,-1.76483883895229,0.0775908551137884,0.220018818932817
"ENSMUSG00000039508",4.47344678982485,1.07925392164837,1.13514552524245,0.95076260941773,0.341724897328588,NA
"ENSMUSG00000039509",359.795128037685,0.67984373798146,0.237741459947126,2.85959267740957,0.00424185453017412,0.0390416499355411
"ENSMUSG00000039512",41.7034378406712,1.1206079245885,0.648753340003082,1.72732509490152,0.0841092947337725,NA
"ENSMUSG00000039515",677.811055493712,-0.0268492771628773,0.239045177672769,-0.112318840414474,0.910570603835492,0.961220222599063
"ENSMUSG00000039518",0.206031685487039,0,7.3561311249555,0,1,NA
"ENSMUSG00000039519",0.264849492697286,1.14987631867206,7.35607943352045,0.156316463010481,0.875783580247079,NA
"ENSMUSG00000039521",18.631998687181,0.786365626152838,1.06514111845573,0.738273654567883,0.460348172596457,NA
"ENSMUSG00000039523",113.638039895211,0.406473103423185,0.300406805116722,1.35307555121879,0.176031495360201,0.366794125555562
"ENSMUSG00000039529",1.01355688462179,-1.11189290503585,4.21097326137776,-0.264046536517796,0.791744059849574,NA
"ENSMUSG00000039530",626.205767851197,-0.381701436279239,0.199622512654623,-1.91211617969983,0.0558612940158973,0.179690495069035
"ENSMUSG00000039531",830.751510699903,0.323890039437852,0.243743161060103,1.32881693184404,0.183908374661716,0.377399685183944
"ENSMUSG00000039533",1.25872806253876,2.49571025007786,2.74889386007978,0.907896185560772,0.363933073117179,NA
"ENSMUSG00000039536",271.918768049016,0.329133547721446,0.269300149027652,1.22218108274292,0.221639156002033,0.424100475625261
"ENSMUSG00000039539",0.277563310330792,0.537702175565498,7.18764015194949,0.0748092787338079,0.940366459145478,NA
"ENSMUSG00000039540",0.198614091675429,-1.11105666828224,7.29490013197242,-0.152305946371035,0.878945635112017,NA
"ENSMUSG00000039542",17.1929830414126,1.69137721451128,1.03076817422836,1.64089002435244,0.100820246151256,NA
"ENSMUSG00000039543",0.305214507151093,1.24626868837942,7.35213133547097,0.16951121130912,0.865394554620604,NA
"ENSMUSG00000039546",0.302570613626666,-1.47482204285001,7.27338081553142,-0.20276980956376,0.839314956196255,NA
"ENSMUSG00000039552",1.79725337864857,-0.740999654607426,1.99465189912388,-0.371493218908471,0.710270205714698,NA
"ENSMUSG00000039555",0.148931524727063,0.433841636505818,7.22579322643139,0.0600406935142925,0.952123224395723,NA
"ENSMUSG00000039556",27.7268407591084,-0.068761297640608,0.587502817129382,-0.117039945402449,0.906828399137788,NA
"ENSMUSG00000039568",364.205848703954,-0.529175941755255,0.264687785077527,-1.99924579670444,0.0455817656718379,0.159270326499158
"ENSMUSG00000039577",14.9942211645009,0.89800857084676,1.32256033149232,0.678992518876995,0.497142602121816,NA
"ENSMUSG00000039578",3.51925092269786,1.26966801706138,2.13164301313607,0.595628822104433,0.551423217776325,NA
"ENSMUSG00000039579",3.09221507007668,0.642921512960315,1.38599742233189,0.46386919816822,0.642741462146978,NA
"ENSMUSG00000039585",197.770099571192,0.568919790884528,0.497550209563535,1.14344196816559,0.252855136060534,0.461924416920788
"ENSMUSG00000039599",801.297231061283,-0.500309870149323,0.237829241198067,-2.10365162681009,0.0354088469738539,0.136424972314866
"ENSMUSG00000039601",1.62780212988082,0.89466665979783,2.02195147013254,0.442476821532806,0.658144199340077,NA
"ENSMUSG00000039607",1.35206651415873,0.925387132199412,3.37326254465719,0.274330005432013,0.783831027665041,NA
"ENSMUSG00000039608",0.151062931623837,0,7.3561311249555,0,1,NA
"ENSMUSG00000039611",1.85905956852444,-2.07542014490759,3.87134184300001,-0.536098394064651,0.591890549968896,NA
"ENSMUSG00000039615",2176.76356862399,-0.363340742313589,0.204923095625199,-1.77305901614005,0.0762189282078086,0.21731298105976
"ENSMUSG00000039616",16.7551789617682,-0.521274595313355,0.834315471231317,-0.62479315473323,0.5321068239582,NA
"ENSMUSG00000039617",762.339292423537,-0.627806467603866,0.352966300099115,-1.77865838021243,0.0752957865347415,0.215462632389129
"ENSMUSG00000039620",1.5865882192536,-2.02789377336138,4.1290868227779,-0.491124033085136,0.623338724383196,NA
"ENSMUSG00000039621",2161.79100694206,0.333441527589255,0.293273248397781,1.13696537072823,0.255552762401887,0.465218979068628
"ENSMUSG00000039623",128.039511033153,0.203816900294399,0.36082838349605,0.564858280603166,0.572170162155804,0.746850924720734
"ENSMUSG00000039628",0.797207590862451,0,4.97736853786833,0,1,NA
"ENSMUSG00000039629",26.9853945887738,1.0918452921997,0.587155369678848,1.85955089331278,0.0629490924729642,NA
"ENSMUSG00000039630",3184.54491011991,-0.199170996097326,0.150729393474654,-1.32138126151764,0.186374270869998,0.380328172491728
"ENSMUSG00000039632",1.30202629441662,0.683284065272906,3.68484445186308,0.185430911453381,0.852891064982607,NA
"ENSMUSG00000039633",22.6745494634185,0.681251901139126,0.759754736271039,0.896673450807015,0.369893191447012,NA
"ENSMUSG00000039634",46.8521958892114,-0.195298236752443,0.445415463701789,-0.438463081477561,0.661050626962825,NA
"ENSMUSG00000039637",708.882094499,0.1867778850792,0.304997764417512,0.612390997146849,0.540279096842822,0.723200057995574
"ENSMUSG00000039639",0.179240401841426,-0.24794016105452,7.32213373847317,-0.0338617361974355,0.972987405768804,NA
"ENSMUSG00000039640",2422.96737042528,-0.797521235920505,0.243036264406788,-3.28149067739798,0.00103259937907558,0.0199360251214104
"ENSMUSG00000039646",7.08307612704678,2.75383650346341,1.42063759437776,1.93845109714247,0.0525682115931585,NA
"ENSMUSG00000039648",86.5739308405352,-0.242778519312827,0.350864151615365,-0.69194449816285,0.488972184526285,0.680466569519152
"ENSMUSG00000039652",6.89049028244831,0.683865002744233,1.03361604559011,0.661623826044419,0.508212333996036,NA
"ENSMUSG00000039653",0.41722925215815,2.04496896196009,7.28774559372556,0.28060378009363,0.779014316384625,NA
"ENSMUSG00000039656",207.407061334045,0.118589244178975,0.273050319653741,0.434312782820984,0.66406132256688,0.812205663644347
"ENSMUSG00000039660",344.030587628349,-0.279923889685956,0.335564575608015,-0.834187843513448,0.404175140350786,0.609128108304241
"ENSMUSG00000039661",0.0761524196209141,-2.55627499047924,7.29465809108018,-0.350431090609309,0.726015196884991,NA
"ENSMUSG00000039662",123.048884648079,0.917734531373135,0.477605237122117,1.92153364335593,0.0546644651344875,0.177166635362101
"ENSMUSG00000039670",176.507377149636,-0.567579226120879,0.31109645348735,-1.82444775489528,0.0680844079695612,0.202593128470534
"ENSMUSG00000039671",1124.54479969267,0.512721435365038,0.315424446390507,1.62549682255848,0.104056740326222,0.263946850942957
"ENSMUSG00000039672",0.605633384675407,-4.12708694531914,7.03956043316552,-0.586270546932898,0.557693720337794,NA
"ENSMUSG00000039676",59.3640765070618,-1.43350747703256,0.65837493308998,-2.17734212677967,0.029455050230683,NA
"ENSMUSG00000039678",105.59940789417,0.427451199344582,0.377751245607622,1.13156794137639,0.257816124509261,0.467296807369184
"ENSMUSG00000039680",1433.10564446834,-1.12418084167141,0.26258993617653,-4.28112690851818,1.8594927057865e-05,0.0028720445932343
"ENSMUSG00000039682",391.563827902389,-0.443082899924024,0.282755136857209,-1.56701980677996,0.117110062003345,0.28525320253529
"ENSMUSG00000039683",1.83554020523457,-0.71363891637712,3.14508968686103,-0.226905744328509,0.820497035222521,NA
"ENSMUSG00000039684",1.37488714261145,-1.19737613089607,2.11083387317115,-0.567252660720868,0.5705425346104,NA
"ENSMUSG00000039686",194.731655242253,0.188753930200681,0.35200295782579,0.536228250371969,0.591800811314711,0.760485572881618
"ENSMUSG00000039691",0.16848220986431,2.51989104789633,7.31162611059859,0.344641672013783,0.730363773264996,NA
"ENSMUSG00000039693",1.11147947905854,0,4.16690223315932,0,1,NA
"ENSMUSG00000039697",340.565275888756,0.240965559216112,0.188153052301098,1.28068907875329,0.200302897317426,0.396792412822195
"ENSMUSG00000039699",3.71880135827494,-1.68021519365494,3.07687956415413,-0.546077660376951,0.585012555154855,NA
"ENSMUSG00000039701",280.991974989984,0.58346546795208,0.189818283447349,3.07381068543863,0.00211343499842116,0.0279669410433643
"ENSMUSG00000039703",389.292138777285,0.314919777365013,0.171158608177666,1.83992952921258,0.0657785840608857,0.19867521710236
"ENSMUSG00000039704",29.5490916992623,1.19837249099184,0.568620154302056,2.10750970032492,0.0350734217473215,NA
"ENSMUSG00000039706",0.132767026422637,-2.22625314044626,7.29363737075169,-0.305232221905327,0.760189293085722,NA
"ENSMUSG00000039710",0.140369522550599,0.887649296295327,7.34941559980947,0.120778214844503,0.903866705804106,NA
"ENSMUSG00000039713",14.7122416698752,-0.261549963288615,1.10449806050329,-0.236804366292353,0.812808564079048,NA
"ENSMUSG00000039714",0.966346108229945,0.99751087063674,6.32252549452211,0.157770952683543,0.874637288347847,NA
"ENSMUSG00000039715",383.638213952142,0.453436588299144,0.347413817120943,1.30517718626399,0.191832520650202,0.38754638598554
"ENSMUSG00000039716",22.297733618831,-0.632888774078457,0.663740922044102,-0.953517785417494,0.340327789218837,NA
"ENSMUSG00000039717",1.11471115242295,2.66969355748803,4.22659042246045,0.631642361961799,0.52762059891419,NA
"ENSMUSG00000039720",1.08280857081084,-3.571739276269,3.37749744620592,-1.0575105779225,0.290278629581618,NA
"ENSMUSG00000039725",221.699102686124,-0.303845982613734,0.307561653575643,-0.987918939442837,0.323192349070764,0.533793879793568
"ENSMUSG00000039728",1.90072840327548,2.67249203043379,2.1769925498367,1.22760733868118,0.219594405599499,NA
"ENSMUSG00000039735",5.18273986912918,-0.477689472939003,1.77916970925467,-0.268490111119931,0.788322085718217,NA
"ENSMUSG00000039737",569.986044269787,-0.537448736026424,0.176959387573553,-3.0371304026074,0.0023884210559416,0.0295737316918219
"ENSMUSG00000039738",201.485729754562,0.241040217615246,0.343911433864766,0.700878755051886,0.483378683827329,0.676511155264498
"ENSMUSG00000039740",81.4344378664426,0.20968645346717,0.372013292526239,0.56365312121846,0.572990227040449,0.747132092638813
"ENSMUSG00000039741",3.50028674575872,-1.82819517356057,2.11248359419597,-0.865424554578088,0.386805808680283,NA
"ENSMUSG00000039742",0.488246524758718,-0.259023317278887,7.17307474455461,-0.0361105002391789,0.971194249809468,NA
"ENSMUSG00000039745",1152.1257211331,-0.473072483212718,0.192615723614516,-2.45604291454152,0.0140476380853888,0.077102111312642
"ENSMUSG00000039747",624.576020266261,0.242812496773403,0.195553985122244,1.24166478438993,0.214360268167298,0.415073702416012
"ENSMUSG00000039748",331.588291998895,0.144027076797219,0.396964693470549,0.362820873408241,0.716738698147956,0.84566269171551
"ENSMUSG00000039753",626.370642224426,0.0412699984157104,0.231754892256555,0.178076061367559,0.858663241800758,0.932917039882064
"ENSMUSG00000039754",337.112659087387,-0.306343102512838,0.290110459280049,-1.05595331954964,0.290989542222449,0.502521248230068
"ENSMUSG00000039756",1208.4702564223,-0.245689008750251,0.229590197292452,-1.07011976838581,0.284565402035892,0.495932475163045
"ENSMUSG00000039759",916.122452875429,-0.26174011676248,0.237869256603664,-1.10035285980059,0.271178409177866,0.481948682977923
"ENSMUSG00000039760",0.644211631412294,-2.00027075615355,6.76839780636379,-0.295530908994866,0.767588344207684,NA
"ENSMUSG00000039763",13.3970958688751,-0.140411780695347,0.724907977020277,-0.193696007143566,0.846413918474267,NA
"ENSMUSG00000039765",2.18037557590638,-1.67232008840045,2.13677656824905,-0.78263685274816,0.433840393934896,NA
"ENSMUSG00000039768",914.025196371074,0.208246948559415,0.193601178810685,1.07564917651174,0.28208418526235,0.492737616419568
"ENSMUSG00000039770",1430.06856258594,-0.406523248131744,0.267650078037033,-1.51886093631363,0.128797503597148,0.302629741634848
"ENSMUSG00000039771",4666.20291036722,-0.66974627814606,0.205962102844185,-3.25179374699208,0.00114679206748648,0.0209152021902285
"ENSMUSG00000039774",337.940756063733,0.13436212759138,0.218658114605282,0.614484981881091,0.538894894189756,0.722440799236273
"ENSMUSG00000039775",0,NA,NA,NA,NA,NA
"ENSMUSG00000039781",21.134362754269,-0.385309596967073,0.6343358492119,-0.60742207372606,0.543570843133519,NA
"ENSMUSG00000039782",66.6533745344132,-0.0829347852966134,0.554876456660834,-0.14946531665031,0.881186475216368,0.946071103134893
"ENSMUSG00000039783",30.7686027074489,1.39537241058715,0.820758207150574,1.70010168455271,0.0891118004934471,NA
"ENSMUSG00000039785",0,NA,NA,NA,NA,NA
"ENSMUSG00000039787",150.510341083779,1.26330989079713,0.45984483994461,2.74725251010602,0.00600968459796103,0.0467026196940604
"ENSMUSG00000039789",178.601673436058,0.271111401764993,0.337413753315055,0.803498372847436,0.421686736861873,0.625768172419783
"ENSMUSG00000039795",370.976454627896,-0.224524751754159,0.245527835433193,-0.914457423363107,0.360476540223266,0.569856165057889
"ENSMUSG00000039801",204.526541674438,0.818987505504153,0.328526421538985,2.49291214285779,0.0126700192383154,0.0724126741347613
"ENSMUSG00000039804",245.230823934995,-0.287124723680884,0.280253376031077,-1.0245183403216,0.305590512680104,0.51676033653446
"ENSMUSG00000039809",2.28626496536908,-1.43655841735601,2.24792696549248,-0.639059204061501,0.522784417983484,NA
"ENSMUSG00000039810",189.957262125575,-0.200890921145089,0.281013826349077,-0.71487913514811,0.474683730750352,0.670129774131281
"ENSMUSG00000039813",87.232293389435,0.0921977544612577,0.907598876162043,0.101584253664057,0.919086678540671,0.965480533196019
"ENSMUSG00000039814",17.7374387270214,0.659056615147165,1.91383768629133,0.34436390288891,0.730572631943077,NA
"ENSMUSG00000039824",67.4847336909223,-0.0789509545001617,0.433347420424558,-0.182188587675939,0.85543472882697,0.931992978557765
"ENSMUSG00000039826",389.192727350995,-0.0764132374175459,0.259341050488036,-0.294643818530654,0.768265984976059,0.878869478276463
"ENSMUSG00000039828",363.554031845298,0.33570366517467,0.157732326873866,2.12831238737208,0.0333111917295965,0.13118770129365
"ENSMUSG00000039830",0.293013240914484,1.15679042614485,7.35589557755919,0.157260310991077,0.875039698241449,NA
"ENSMUSG00000039831",13.4891969299932,0.314638227372716,0.816364762098014,0.385413778228389,0.69993087603172,NA
"ENSMUSG00000039834",122.121750113486,0.301834283920446,0.311475540283588,0.969046505692346,0.332521986206772,0.541271976477074
"ENSMUSG00000039835",7.64783110895336,-0.0248891489782173,1.32923585017812,-0.0187244039309367,0.985060960144488,NA
"ENSMUSG00000039838",1.13812490757087,-1.55477409006547,3.80940606597261,-0.408140813328734,0.683170297848162,NA
"ENSMUSG00000039840",143.736055880702,0.443382096491883,0.320616369563326,1.38290536161882,0.166693886108905,0.35405271658503
"ENSMUSG00000039841",507.698587553691,0.262586465769029,0.249817829344563,1.05111178997098,0.293207249783513,0.504588033445338
"ENSMUSG00000039842",335.235762145736,1.153502595967,0.314921098480943,3.66283047255663,0.000249443631066682,0.0104925544386985
"ENSMUSG00000039844",910.844997563866,0.256714814938016,0.203139857314122,1.26373434702698,0.206325392689926,0.40447189586147
"ENSMUSG00000039849",1648.59928083279,-0.583707167328479,0.196593634161627,-2.96910512803579,0.00298668397525557,0.0325865023128049
"ENSMUSG00000039850",210.363532803711,0.00525718818453301,0.290071971180497,0.0181237372336872,0.985540141486122,0.998666407615836
"ENSMUSG00000039851",22.4963839529242,1.17866745881366,1.26851479284746,0.929171236677408,0.352800351252916,NA
"ENSMUSG00000039852",332.130344577015,0.114674528209133,0.357914306916836,0.320396603301412,0.748667700122592,0.865759221672027
"ENSMUSG00000039853",147.495499022916,-0.17019800830181,0.296312499989531,-0.574386866257156,0.565706038503084,0.742040941124548
"ENSMUSG00000039860",4.44834200346559,0.814231876196957,1.47046287132111,0.553724879476504,0.579767145673848,NA
"ENSMUSG00000039865",2.94375749954834,0.466669133469859,2.61050189565326,0.178766058069871,0.858121397653343,NA
"ENSMUSG00000039873",24.9246243697019,-0.337843252229334,0.657451858554007,-0.513867666253743,0.607344515008801,NA
"ENSMUSG00000039878",4.76867193363459,-0.759541000133792,1.20858039187898,-0.628457159521621,0.529704502563796,NA
"ENSMUSG00000039879",823.773417421973,-0.200614123806036,0.257023275202756,-0.780529014922009,0.435079555915733,0.636583986120044
"ENSMUSG00000039883",1137.01156208031,-0.670939242681346,0.402808425558754,-1.66565344741897,0.0957824591179856,0.250876949756568
"ENSMUSG00000039886",564.600937977062,-0.27393036510465,0.249679693946093,-1.09712712626039,0.27258582367306,0.483320334889362
"ENSMUSG00000039887",367.443020607208,-1.02109564537938,0.370898359139814,-2.75303360130117,0.00590458356507391,0.0462861288982994
"ENSMUSG00000039891",6.42613349084998,0.691138366877908,1.31297819204314,0.526389829676012,0.598617380576906,NA
"ENSMUSG00000039899",282.468309362288,1.31430662602539,1.20003456159347,1.09522397778293,0.273418523432579,0.483695859313964
"ENSMUSG00000039901",44.1699066446193,-0.854316046888036,0.42613156467446,-2.0048175674118,0.044982553770745,NA
"ENSMUSG00000039903",40.4646453806201,0.16460897620395,0.472819647665339,0.348143265654774,0.727732592994946,NA
"ENSMUSG00000039904",16.1491437502455,0.827593650089134,0.706231777109548,1.171844254129,0.241259591599693,NA
"ENSMUSG00000039908",77.5516818800869,0.263593178999889,0.313006114529676,0.842134280334957,0.399712794909836,0.605275970993088
"ENSMUSG00000039910",947.50198823196,-0.581056590979562,0.2777925020276,-2.09169285253722,0.0364660002994746,0.138640928061656
"ENSMUSG00000039911",14.7625877350707,0.0608185274726615,1.04916183934733,0.0579686805140531,0.953773575888536,NA
"ENSMUSG00000039913",0.648622704153768,-0.941780110650405,4.81604782421369,-0.195550406687286,0.84496208044409,NA
"ENSMUSG00000039914",285.979214611244,-0.213878293559404,0.238913562492049,-0.895212022827381,0.370673758963934,0.580012356133612
"ENSMUSG00000039917",93.2767988694286,0.276087326252156,0.514007360010365,0.537127184806438,0.591179764020433,0.760121223639695
"ENSMUSG00000039929",96.2278293073655,0.28186249331438,0.42225920852671,0.667510589757927,0.504446047707974,0.694394817099752
"ENSMUSG00000039934",1107.86714835239,0.318635220687395,0.225775827708129,1.41129023386555,0.158159052948486,0.343907223580244
"ENSMUSG00000039936",2229.38394478136,-0.119102398010669,0.173100256085827,-0.688054429865289,0.491418505864412,0.682638284538518
"ENSMUSG00000039942",349.465136819578,0.126559928060282,0.26545965889942,0.476757668509752,0.633534692598815,0.790518863461157
"ENSMUSG00000039943",8.03738583735582,0.169435453255305,0.913110688265677,0.185558503949968,0.852790997371518,NA
"ENSMUSG00000039952",69.1544185623608,0.680474373520513,0.565162721638613,1.20403265726297,0.228576956457646,0.431775886601152
"ENSMUSG00000039953",106.941138142682,0.656955198646435,0.291305637552989,2.25520935387642,0.0241201910802296,0.106494510952435
"ENSMUSG00000039954",0.514635289194074,4.32858397636466,7.22926904728961,0.598758179844964,0.549334153742811,NA
"ENSMUSG00000039956",1.14538929677622,1.49793342832609,5.54122887153996,0.270325132394287,0.786910132002922,NA
"ENSMUSG00000039958",248.270021209592,-0.98729245764835,0.3768728463655,-2.61969644979636,0.00880080662429728,0.0580268866491645
"ENSMUSG00000039959",399.671900092484,0.590516668020673,0.392660962926009,1.50388432713121,0.132611153192278,0.307914548625307
"ENSMUSG00000039960",2.70872800756522,-0.136227974250006,2.09849778103567,-0.0649169017385251,0.948240163337855,NA
"ENSMUSG00000039962",11.7844414334966,0.668467506811882,0.843650612669449,0.792351118784519,0.428155972819065,NA
"ENSMUSG00000039963",31.3722342321796,2.64202884244848,1.3058764845035,2.02318433159703,0.0430541464727154,NA
"ENSMUSG00000039967",898.245679939911,0.479111504542692,0.169100571244636,2.83329323500373,0.0046071102013484,0.0406250624467681
"ENSMUSG00000039968",1396.34023660761,0.233417111023354,0.208292790993476,1.12062020922589,0.262449558974138,0.471950862372085
"ENSMUSG00000039976",15.9876766589737,0.83114341892014,1.09715158876296,0.757546566429578,0.448722478689559,NA
"ENSMUSG00000039977",0.899558919962178,-3.26776640077033,3.32466125320863,-0.982887022735509,0.325663045499553,NA
"ENSMUSG00000039981",228.262557707246,-0.0950448346991462,0.250242814721798,-0.37981044452689,0.704086128717044,0.838238152760204
"ENSMUSG00000039982",11.2996769243905,-0.359503886539888,0.80428603062388,-0.446985118293082,0.654885804890609,NA
"ENSMUSG00000039983",449.461560550063,-0.600529332996293,0.222459780020348,-2.69949620979291,0.00694445467987064,0.050400832973951
"ENSMUSG00000039985",815.32800590812,0.0694769164550666,0.194740976961031,0.356765779546075,0.721267156568371,0.848776886033137
"ENSMUSG00000039987",234.484372262949,0.678775919631315,0.309741881537171,2.19142440881008,0.0284210943629511,0.118192056280089
"ENSMUSG00000039988",560.951594415983,-0.0743845783654431,0.207016972991227,-0.35931632701728,0.719358461603908,0.847631408860415
"ENSMUSG00000039989",514.717871089279,-0.294411894516707,0.174158784035266,-1.69047973174348,0.0909362126382071,0.242791027644351
"ENSMUSG00000039990",228.68669111006,0.221114265091955,0.403491200154174,0.548002694996737,0.583690052340194,0.754258856821975
"ENSMUSG00000039994",956.967037783996,0.782237433156659,0.327934191318465,2.3853488104173,0.0170629343484067,0.0867183064442163
"ENSMUSG00000039997",3863.7249632872,-0.153878204340937,0.248694817090754,-0.618743109088534,0.536085605883355,0.720294442593036
"ENSMUSG00000040003",16.6701243762324,1.77403298524709,0.779261056246101,2.27655799173779,0.0228126338565003,NA
"ENSMUSG00000040006",1282.63141039966,-0.7328740579049,0.222095885346543,-3.29980925473416,0.000967505635370031,0.0194370721997038
"ENSMUSG00000040007",101.412868590623,-0.0437307215458853,0.344760797039954,-0.126843660652105,0.899064138603227,0.955008516368006
"ENSMUSG00000040009",53.3627241462408,-0.12800716005095,0.511748844602091,-0.250136685995807,0.802481646207313,NA
"ENSMUSG00000040010",314.468925731756,0.234170543961502,0.340487299020734,0.68775118671091,0.491609480091437,0.682714204931702
"ENSMUSG00000040013",1.56604089505828,-3.15041022030652,3.16074595849828,-0.996729968707555,0.318895598958646,NA
"ENSMUSG00000040016",0.670628121373805,0.853098254544486,6.890047770785,0.123816014478415,0.90146095166639,NA
"ENSMUSG00000040017",2.42221824604784,0.866651307329729,2.1649399322819,0.400311941410891,0.688926773702341,NA
"ENSMUSG00000040018",222.716867680092,-0.0518871469409889,0.318136709669366,-0.163097012585924,0.870442051915171,0.939310834455453
"ENSMUSG00000040021",302.024687656089,0.226641572724213,0.219116198853287,1.03434421512562,0.300975273458798,0.511896176555441
"ENSMUSG00000040022",195.137985609467,0.835406695567307,0.275966872435977,3.02719920037184,0.00246831239499959,0.0300340625879314
"ENSMUSG00000040025",1194.92950923346,-0.255415752385819,0.196215285363286,-1.3017118004488,0.193014924108813,0.388822605424009
"ENSMUSG00000040026",1329.21365412047,1.40833215477249,0.41534342967669,3.39076545852371,0.000696977197716465,0.0163831214231918
"ENSMUSG00000040028",1856.63923814027,-0.390017606426481,0.209689132273617,-1.85998006762486,0.0628883460619006,0.193781577562933
"ENSMUSG00000040029",451.397244798157,0.333073725953873,0.232545583227371,1.4322943542136,0.152059598174894,0.335738781266232
"ENSMUSG00000040033",348.526321672793,0.657714874295411,0.356628382951098,1.84425835333919,0.0651454977964543,0.197473725239923
"ENSMUSG00000040034",553.769375411147,-0.543338623943903,0.335309892326278,-1.62040737949717,0.10514479571517,0.265888029072513
"ENSMUSG00000040035",1.87596701935601,0.353293314503393,2.51249621614505,0.140614466295776,0.888174519340768,NA
"ENSMUSG00000040037",2.7359503980893,1.52725619154772,1.74226209166135,0.87659382526735,0.380707294238385,NA
"ENSMUSG00000040040",42.2221522457511,-0.168014781015836,0.693971174966854,-0.242106282042421,0.808697810621796,NA
"ENSMUSG00000040043",210.557846558001,-0.0912583158653628,0.326256027906801,-0.279713807744364,0.779697083983203,0.887325083487677
"ENSMUSG00000040044",869.77400724687,0.135376363036863,0.208804475935799,0.648340330973018,0.516764854029043,0.7038055362465
"ENSMUSG00000040046",2.32193342444193,2.76136145844728,1.92414268746715,1.43511262258944,0.151255007174272,NA
"ENSMUSG00000040048",5560.65575765833,-0.666338867847892,0.185765115651798,-3.58699675937484,0.000334508479254082,0.0119372430232007
"ENSMUSG00000040054",505.734542032491,0.503198927166347,0.255219462103644,1.97163226902343,0.0486516006910156,0.165681381191604
"ENSMUSG00000040055",0.213300476539645,2.02311728043383,7.32342865419069,0.276252746625195,0.7823539468662,NA
"ENSMUSG00000040061",157.158216986286,0.409686147572519,0.383090634836335,1.06942355233389,0.284878859283404,0.496303758198176
"ENSMUSG00000040065",0.200606744855312,-1.67388332611034,7.35018200330898,-0.22773358882226,0.819853358361139,NA
"ENSMUSG00000040078",0,NA,NA,NA,NA,NA
"ENSMUSG00000040084",832.726420999584,0.66165497446303,0.496429654198267,1.33282725733136,0.182588498589796,0.375939868477429
"ENSMUSG00000040086",0.317680623496559,0.460992020271968,7.21389519867055,0.0639033431421244,0.949047190279701,NA
"ENSMUSG00000040093",19.7447698916552,-0.188551429553225,0.916504213212502,-0.20572892828536,0.837002660381485,NA
"ENSMUSG00000040097",90.6749293918308,-0.491065069816447,0.470239548107668,-1.04428704857468,0.296352603175209,0.5078480804275
"ENSMUSG00000040102",269.564398116689,-0.534941939125232,0.371533764418396,-1.439820523345,0.149918183153332,0.332791787899862
"ENSMUSG00000040105",165.344773933235,-0.465415614102056,0.272022713934864,-1.71094394056189,0.0870914620209468,0.235992078420246
"ENSMUSG00000040111",539.688640551045,0.870405117341382,0.288429021735345,3.01774458098757,0.00254663447123517,0.0303321023526459
"ENSMUSG00000040112",1354.99391192407,-0.685136254171523,0.229564762087893,-2.98450096582857,0.00284041304700096,0.0317578383197916
"ENSMUSG00000040113",0.337960817760902,-0.254135080455941,7.29276674493964,-0.0348475536575035,0.972201301302971,NA
"ENSMUSG00000040118",1.54142760666946,-0.0386175047581707,2.61609785627196,-0.0147614909226684,0.988222462024014,NA
"ENSMUSG00000040121",1040.34266286205,0.195946861810616,0.356160121108679,0.550165080808765,0.582206151819343,0.753582271930628
"ENSMUSG00000040123",713.289710859005,0.0289069813527952,0.19611362663307,0.147399147367156,0.882816978474723,0.946901674503324
"ENSMUSG00000040124",84.546760624451,-0.34958445042903,0.378604882449444,-0.923349028589748,0.355825345278217,0.56521509530374
"ENSMUSG00000040125",9.0407325455654,0.751305529413353,1.0615685939942,0.707731496263029,0.479112014288998,NA
"ENSMUSG00000040127",0.34460504821079,1.3945505236842,7.26409727479093,0.191978503443751,0.847759043984421,NA
"ENSMUSG00000040128",2546.0402679225,-0.547324246816868,0.212138736081706,-2.58002973396648,0.00987918085290797,0.0623599634297543
"ENSMUSG00000040132",0.035583895638899,0,7.3561311249555,0,1,NA
"ENSMUSG00000040133",1.42249004459488,-2.92849443879478,2.91548622627583,-1.00446176435399,0.315156092133971,NA
"ENSMUSG00000040134",0.154729599063535,1.15842156391176,7.35602713412783,0.15747924019167,0.874867167675469,NA
"ENSMUSG00000040136",0.476998499275688,0.406423084420671,7.20725046705693,0.0563908644882482,0.955030434458664,NA
"ENSMUSG00000040138",1.79395789291288,-0.44841831138371,1.82766396482886,-0.245350523954604,0.806185034483065,NA
"ENSMUSG00000040139",417.01484868123,-0.348276888361638,0.182763792255433,-1.90561206934732,0.0567005550659518,0.180737035909913
"ENSMUSG00000040140",0.83246386662117,-1.89544996750282,7.30682365305603,-0.259408199445193,0.795320303955405,NA
"ENSMUSG00000040146",6.83954616575597,-1.40203760290276,1.08739544010922,-1.2893539472282,0.197275064007498,NA
"ENSMUSG00000040147",0.0794569115370508,-1.67203334474983,7.35013516601207,-0.227483346494296,0.82004791738816,NA
"ENSMUSG00000040148",0.123640170719333,0,7.3561311249555,0,1,NA
"ENSMUSG00000040151",185.929472785917,0.190264230464987,0.306028374200448,0.621720881150597,0.534125418746138,0.718931068124397
"ENSMUSG00000040152",3.61710684283743,-1.4281775154012,1.73252848069275,-0.824331334992048,0.409751318657328,NA
"ENSMUSG00000040154",0.162731175294328,0.965807034845955,7.2830532070734,0.132610185232198,0.894501676918007,NA
"ENSMUSG00000040158",1033.62603785014,-0.1726684833601,0.38493047888184,-0.448570567500066,0.653741469705696,0.80393326984583
"ENSMUSG00000040163",1.25994513140342,-0.313448872558112,2.29081184644367,-0.136828728664347,0.891166175015739,NA
"ENSMUSG00000040164",1.15898888524039,2.18293466295805,3.3208593718626,0.657340290123061,0.51096213553448,NA
"ENSMUSG00000040165",146.624611189593,0.542013102484496,0.520665708018122,1.04100019290234,0.297875458706946,0.508988575508757
"ENSMUSG00000040167",427.910018714683,-0.112936501857541,0.35980756912545,-0.313880283652856,0.753611965549343,0.869326044950878
"ENSMUSG00000040170",2.09571917184964,1.41680890523395,1.77698361618282,0.797311180773539,0.425270328439985,NA
"ENSMUSG00000040174",614.833750684146,0.105182845412255,0.241448841967272,0.43563201444765,0.663103739146995,0.811235205627233
"ENSMUSG00000040177",340.665903052901,0.0311343870586988,0.453776660048359,0.068611697779654,0.945298707330133,0.980306097561725
"ENSMUSG00000040181",602.917764914024,0.179695649281561,0.227527615105874,0.789775118936416,0.429659112233863,0.632290201059454
"ENSMUSG00000040183",11.8966922792671,1.49728334305446,0.934052997791378,1.60299613254801,0.108935507945666,NA
"ENSMUSG00000040187",97.3775495890551,0.812790629389068,0.37844547863851,2.14770865360356,0.0317369074914786,0.127342473776624
"ENSMUSG00000040188",604.061815712427,0.10430112447659,0.215726112048671,0.48348863976679,0.628748824046919,0.786554348261251
"ENSMUSG00000040189",81.8964802558469,0.565910091404397,0.386772679218291,1.46315942622463,0.143423760124807,0.322329931386155
"ENSMUSG00000040195",228.942095686705,-0.270220163259911,0.34970851082612,-0.772701135072656,0.439699274761351,0.641255138833868
"ENSMUSG00000040197",0.471998156812939,2.15958106941436,7.28487713647489,0.296447150577391,0.766888621637031,NA
"ENSMUSG00000040204",17404.6769962474,-0.0662438134263529,0.308645879348334,-0.2146272406624,0.83005795385479,0.916212779772523
"ENSMUSG00000040205",0.376877951868941,0,7.3561311249555,0,1,NA
"ENSMUSG00000040209",4.06809336196567,2.24501519863759,1.92211131129916,1.16799437443619,0.242809034075629,NA
"ENSMUSG00000040212",14935.8993242485,-0.249950491694241,0.229074300628288,-1.09113283772424,0.275214435380578,0.485542511821704
"ENSMUSG00000040213",102.612630109733,-0.577428198140567,0.509821761181345,-1.13260798598037,0.257378913489647,0.466823955934892
"ENSMUSG00000040217",0.0425919574685933,0,7.3561311249555,0,1,NA
"ENSMUSG00000040219",1.51410807866116,-0.0829033502564188,2.90224479534351,-0.0285652507291709,0.97721132666898,NA
"ENSMUSG00000040220",108.384569876464,0.288369848388786,0.432435379610381,0.666850729578611,0.504867485249078,0.694781441137009
"ENSMUSG00000040225",2957.70151174114,0.646863869701782,0.214165172112822,3.02039712302528,0.00252443451449322,0.0302473153645642
"ENSMUSG00000040229",54.2947934880463,-0.454274404662476,0.804568957309333,-0.564618359353157,0.572333374928776,NA
"ENSMUSG00000040231",19.207449109822,-1.03168472574565,0.957459032598421,-1.07752362306906,0.281246402982116,NA
"ENSMUSG00000040234",217.416267420889,0.289233630726141,0.231922414323733,1.24711374521313,0.212355793689431,0.411918567625593
"ENSMUSG00000040236",898.108243168179,-0.687121823324625,0.199619221204357,-3.44216262932513,0.000577083197390355,0.0150117563321149
"ENSMUSG00000040242",2589.42131641314,-0.264336915278472,0.170672758676435,-1.54879382819145,0.121431289671852,0.290964343209385
"ENSMUSG00000040247",2892.92652184756,-0.442350766357258,0.253143154479541,-1.7474332547792,0.0805622132407696,0.225214218858882
"ENSMUSG00000040249",17.486631245104,-1.01092754646024,1.5698431022062,-0.64396725063767,0.51959667077547,NA
"ENSMUSG00000040250",554.904172484688,-0.174169095301915,0.224809293307576,-0.77474152753829,0.438492406967892,0.639967140540028
"ENSMUSG00000040253",1697.69083485066,-0.240116712328748,0.142991228652134,-1.67924084989086,0.0931051136326445,0.246212961010886
"ENSMUSG00000040254",2.38286861319066,1.32780839972456,1.88719654665463,0.703587764654572,0.481689533184194,NA
"ENSMUSG00000040258",0.600454614844545,0,6.13625813269613,0,1,NA
"ENSMUSG00000040260",1.01545987095933,3.96267561039205,3.71108484680894,1.06779439812578,0.285613265541382,NA
"ENSMUSG00000040263",324.035594515753,0.421526532164599,0.284388799993803,1.48221917379934,0.138281986383896,0.316050274082037
"ENSMUSG00000040264",4.11320382201445,-1.28723765305678,2.46005003422837,-0.523256696061688,0.600795631619651,NA
"ENSMUSG00000040265",71.7748131618673,-0.19430721583098,0.393316696566426,-0.49402229177465,0.621290436373831,0.781455142327946
"ENSMUSG00000040268",162.16501574369,0.332762427680057,0.348605297202403,0.954553560575566,0.339803511269663,0.54840125859602
"ENSMUSG00000040269",1579.66018721381,-0.616703737539975,0.255914607063058,-2.40980280343285,0.0159611449379478,0.0832014660106692
"ENSMUSG00000040270",533.087575640145,0.433209946108124,0.444205633684537,0.975246402245718,0.329438049901003,0.538732414186308
"ENSMUSG00000040272",113.424463750138,0.498428545684874,0.380202072978503,1.31095693871468,0.189872312297036,0.384765848105002
"ENSMUSG00000040274",1506.62026317935,0.434115840724082,0.200135531798396,2.16910928720735,0.0300743877786302,0.122997651299859
"ENSMUSG00000040276",100.99792555183,0.0349429380814759,0.375229252674595,0.0931242376024957,0.925804862279452,0.969139157432212
"ENSMUSG00000040280",0.344181284263666,0,7.3561311249555,0,1,NA
"ENSMUSG00000040282",152.441930925461,0.336023792743569,0.283794962880924,1.18403719830841,0.236398338183653,0.441238212414164
"ENSMUSG00000040283",22.8456065828193,1.05643445185621,0.606886200861734,1.74074554728077,0.0817281906027139,NA
"ENSMUSG00000040284",0.0761569652721077,1.15656882676166,7.35590640934834,0.157229954053224,0.875063621968202,NA
"ENSMUSG00000040287",2.46097716639881,0.723485314213249,1.98237894644839,0.364958130487331,0.715142660694903,NA
"ENSMUSG00000040289",2.49330470333484,-1.25810653962847,1.98677449707156,-0.63324073340124,0.526576449403791,NA
"ENSMUSG00000040296",620.623523186431,1.05691556671742,0.376923191067081,2.80406085846101,0.00504633788256425,0.0424536595482108
"ENSMUSG00000040297",743.282221066181,0.803559824180147,0.241029400455047,3.33386641904714,0.000856477792758652,0.0183859240571397
"ENSMUSG00000040298",13.2243171882368,-1.10623583814183,0.769705112637903,-1.43722033279808,0.150655397322754,NA
"ENSMUSG00000040302",440.255971268172,-0.144933964544598,0.327811594495963,-0.442125803290897,0.658398173266814,0.807867777246683
"ENSMUSG00000040310",22.2247729486549,0.558130933644872,0.66155489031472,0.843665343293516,0.398856438984781,NA
"ENSMUSG00000040312",199.057621314884,1.16200269116427,0.590377987407621,1.96823512385122,0.0490409906672403,0.166350243812925
"ENSMUSG00000040314",20.3036019839246,2.33707968177309,3.02080106319831,0.77366222828943,0.43913056223551,NA
"ENSMUSG00000040321",139.547044838587,0.366640106691905,0.328221134323781,1.11705209796218,0.26397205027922,0.47344172556422
"ENSMUSG00000040322",286.31421686822,0.322825439513355,0.308525361588755,1.04634976473558,0.295399577069807,0.506860756697629
"ENSMUSG00000040323",0,NA,NA,NA,NA,NA
"ENSMUSG00000040325",401.286041526498,0.754993725711439,0.368765087113532,2.04735684611868,0.0406230601916522,0.147925632984129
"ENSMUSG00000040327",582.769474973454,0.403954594631273,0.386048730686827,1.0463823930015,0.295384518509402,0.506860756697629
"ENSMUSG00000040328",23.6116482675396,0.0965625563740032,0.669055036866548,0.14432677590508,0.885242435540213,NA
"ENSMUSG00000040329",2.86036715891919,-1.19835737881907,2.09269652612112,-0.572637916611955,0.566889881276902,NA
"ENSMUSG00000040331",3237.19053764478,-0.70149513836749,0.265795219135002,-2.63923158832736,0.00830941949493016,0.0559146437763
"ENSMUSG00000040339",112.897789754522,-0.254826966844596,0.482909236768978,-0.527691225269531,0.597713664498329,0.765648675195106
"ENSMUSG00000040340",0.643793629131463,0.677066899941106,6.51989136620753,0.103846346804232,0.917291285839897,NA
"ENSMUSG00000040345",1844.73897633771,0.0425976190400023,0.171541319239992,0.248322790268429,0.803884667048139,0.901565683432137
"ENSMUSG00000040350",10.3251767828729,-0.601247776277244,1.03303156548047,-0.582022656778741,0.560551419896822,NA
"ENSMUSG00000040351",692.057092776841,0.324558510178146,0.225116120178076,1.44173820125101,0.149376242480395,0.33212207804671
"ENSMUSG00000040354",621.336579227377,0.251214139977465,0.297669676236413,0.843935946562281,0.398705199786559,0.604664145426533
"ENSMUSG00000040356",424.540781232337,0.262301057246079,0.209273531523073,1.25338859308713,0.210064320740903,0.409401776522837
"ENSMUSG00000040359",404.116802733435,0.664258892663291,0.358073734172066,1.85508969039347,0.0635834197727717,0.194836615353568
"ENSMUSG00000040363",479.954639726301,-0.361015689995126,0.245569928711556,-1.47011359203989,0.141530991724149,0.320218323001423
"ENSMUSG00000040364",0.244481703918814,-1.67207514305725,7.3501351913276,-0.22748903245074,0.820043496533598,NA
"ENSMUSG00000040365",126.036722735346,0.267051149738433,0.350245086238997,0.762469368538707,0.445779918343756,0.646962553425187
"ENSMUSG00000040367",8.85221509880955,1.02539069907194,0.918354284542218,1.1165524202711,0.264185744961863,NA
"ENSMUSG00000040370",498.951262874157,-0.587563445144314,0.250918279277235,-2.34165261628917,0.0191985749210138,0.0933944596464055
"ENSMUSG00000040372",0.443900188771602,-0.110147109866917,7.22296965810101,-0.0152495600951861,0.987833083010408,NA
"ENSMUSG00000040373",0.33823269689382,1.1572670726971,7.35587040370338,0.157325647297221,0.874988208325675,NA
"ENSMUSG00000040374",677.290222392864,0.0874171343947088,0.222721891069408,0.392494576868811,0.694692817597352,0.833884456824508
"ENSMUSG00000040380",9.07138429437277,1.61495928971641,1.04024688982744,1.55247692207406,0.120548150487555,NA
"ENSMUSG00000040383",938.758335884822,0.589860570497692,0.384143822816122,1.53552012413861,0.124656117734777,0.296136919925084
"ENSMUSG00000040385",10198.4502957334,-0.577807006938515,0.331590042377765,-1.74253425342685,0.0814150031313718,0.226479140837496
"ENSMUSG00000040387",11.298244441249,-0.134995179086377,0.792127740316399,-0.170420971537312,0.864679080479708,NA
"ENSMUSG00000040389",240.054208803052,0.489463486502844,0.332078914312045,1.47393726433022,0.140498483283319,0.318611495126316
"ENSMUSG00000040390",22.6600576881326,-1.093694625046,0.565233418397488,-1.93494331624406,0.0529972519199258,NA
"ENSMUSG00000040396",243.582840376793,-0.143012600663676,0.245621984005245,-0.582246744903023,0.5604004911836,0.738214133175624
"ENSMUSG00000040405",0.815160544745734,0,5.68199110537534,0,1,NA
"ENSMUSG00000040407",831.071887053846,1.07536895034213,0.30105215251712,3.57203541429911,0.000354217496729179,0.0122857542286594
"ENSMUSG00000040410",99.1682704198838,-0.0923281923488701,0.350992702694029,-0.263048751840733,0.79251300329744,0.894904162393785
"ENSMUSG00000040412",4.55320852321705,0.55315666967978,1.43029344986594,0.386743482417281,0.698946121885393,NA
"ENSMUSG00000040413",2.94876115233563,-1.57667248823299,3.08782109832705,-0.510610050914935,0.60962413653893,NA
"ENSMUSG00000040414",188.915677375477,0.0418655558770531,0.267069704814272,0.156758910210979,0.875434857302397,0.942460636509932
"ENSMUSG00000040415",151.363526067083,0.515586380055073,0.333913494723228,1.54407170780093,0.122570961921988,0.292910766960136
"ENSMUSG00000040420",0.265710060901326,-2.66798721456289,7.29136654702379,-0.36591045003106,0.714431898336642,NA
"ENSMUSG00000040423",520.899107984393,0.614816127276331,0.257768902788547,2.3851446804686,0.0170724056319102,0.0867218549185161
"ENSMUSG00000040424",2.62064403053472,-2.98105036948309,1.70298388213657,-1.75048654350331,0.0800343941248198,NA
"ENSMUSG00000040428",3.87422918092192,-0.548575819157872,1.29616266580275,-0.423230689813243,0.672126957480937,NA
"ENSMUSG00000040429",580.692345593825,-0.00167637686994701,0.205106531315822,-0.00817320082004474,0.993478801857415,1
"ENSMUSG00000040430",909.016002658203,0.101135045630599,0.182836427141227,0.553144946069633,0.580164161767291,0.752139437941296
"ENSMUSG00000040432",0.035583895638899,0,7.3561311249555,0,1,NA
"ENSMUSG00000040433",554.454233113236,-0.0383580462241712,0.157282982718956,-0.24387918871498,0.807324387603763,0.903669780096487
"ENSMUSG00000040434",1.97270413265299,-1.39709534096011,2.9686911044014,-0.470609872104501,0.637919356512268,NA
"ENSMUSG00000040435",812.718402508248,-0.224109650949841,0.374750896535028,-0.598022988128844,0.549824594401713,0.731200876585623
"ENSMUSG00000040441",237.33969793913,0.348206352746644,0.303943317574383,1.14562924273349,0.251948592220114,0.460694012966302
"ENSMUSG00000040446",127.012498427072,-0.278277478447763,0.270265224464091,-1.02964589321308,0.303176263364529,0.51457715717005
"ENSMUSG00000040447",1.91563318136945,-0.204793014619584,2.62452764995528,-0.0780304275411517,0.93780384909781,NA
"ENSMUSG00000040451",216.558936080547,0.594811232411361,0.303995921855531,1.95664214434441,0.0503895564128527,0.168902279818444
"ENSMUSG00000040452",0.491562294580474,-1.11601909588132,5.55067723131909,-0.201059987704618,0.840651668248686,NA
"ENSMUSG00000040455",307.945363884444,-0.0132863275362396,0.351499184848157,-0.0377990280176014,0.969847919349533,0.991216795808152
"ENSMUSG00000040456",0.0380762098104571,-1.67431590235222,7.3501929692546,-0.227792101425878,0.819807867435575,NA
"ENSMUSG00000040459",1610.60421402082,0.612661126035465,0.229274603623012,2.67217178158485,0.00753620583320237,0.0525935363964222
"ENSMUSG00000040462",670.029937837215,0.588524133542417,0.240532870183886,2.44675138617226,0.0144150233292684,0.0780780852656539
"ENSMUSG00000040463",447.539495124724,-0.154287943468228,0.284756004469233,-0.541825074964832,0.587939015741267,0.757432186967604
"ENSMUSG00000040464",134.230881191788,0.39765043609257,0.306764955933157,1.29627073888849,0.19488222593929,0.3909906237893
"ENSMUSG00000040466",273.475523507236,-0.606209742906875,0.373093980824835,-1.62481780479725,0.104201386100407,0.264245947050416
"ENSMUSG00000040471",0.239389695430488,-3.42639759731484,7.26232716083256,-0.471804357120429,0.637066440610809,NA
"ENSMUSG00000040472",574.067132128868,0.22069808655095,0.184015599266302,1.19934444379122,0.230394040342109,0.434047091439251
"ENSMUSG00000040473",1.19351885683562,2.42078203185406,5.84954139622926,0.413841336931909,0.678990308404995,NA
"ENSMUSG00000040478",0.297293903345287,-3.61041508534417,7.26326835710717,-0.497078575075826,0.619133642485695,NA
"ENSMUSG00000040479",1183.54691640278,0.179325100585916,0.178664792011633,1.00369579572364,0.315525264172935,0.527119695174828
"ENSMUSG00000040481",1814.38044627782,0.617156402793959,0.262424072836466,2.35175224636709,0.0186852157554196,0.0918955960590701
"ENSMUSG00000040482",260.336492056994,-0.31349877935497,0.274687408336396,-1.14129286541975,0.253748070136528,0.463127709250292
"ENSMUSG00000040483",2205.6001570405,0.835669578939288,0.376470244814553,2.21974934393801,0.0264357872653228,0.113173563065273
"ENSMUSG00000040485",0.0406180793754555,0,7.3561311249555,0,1,NA
"ENSMUSG00000040488",7.6262095434008,-2.12964571710976,2.23119865009357,-0.954485032975637,0.339838181856509,NA
"ENSMUSG00000040489",0.735978254002156,1.1580415726196,5.20603510055995,0.222442136914337,0.823969712845497,NA
"ENSMUSG00000040490",0.0352597853922182,1.155567702399,7.3559553626321,0.157092810577567,0.875171703562209,NA
"ENSMUSG00000040495",0.35608290846561,0,7.3561311249555,0,1,NA
"ENSMUSG00000040498",23.4399417854752,0.578459031162158,0.709304153195468,0.815530303264343,0.414768826034629,NA
"ENSMUSG00000040502",21.341257605301,-0.232004972349233,0.648951611320302,-0.357507352323565,0.720712023043718,NA
"ENSMUSG00000040505",0.439651419982152,3.87066880081961,7.23500792586582,0.534991646240167,0.592655633854793,NA
"ENSMUSG00000040506",155.393511916684,0.528710429260834,0.349466973883567,1.51290527795907,0.130303721064975,0.304898607352587
"ENSMUSG00000040511",192.041153744825,0.888174437600343,0.388356343429717,2.28700896129711,0.0221953000407906,0.10128234382789
"ENSMUSG00000040514",0.456756907487411,-0.120148047900397,7.19301986848589,-0.0167034222200317,0.986673217005937,NA
"ENSMUSG00000040520",143.18619237428,0.917350292919347,0.350564899066355,2.61677736522535,0.00887642155935153,0.0581799299210642
"ENSMUSG00000040521",866.396729673072,-0.610334593627961,0.185340785276327,-3.29303986015818,0.000991104225943065,0.0197194375833061
"ENSMUSG00000040522",2.15658295385886,-0.740979909835288,2.89019728575534,-0.256376930906167,0.797659799189153,NA
"ENSMUSG00000040524",42.7008297089453,0.238663500639598,0.659240949284014,0.362027724307485,0.717331312683626,NA
"ENSMUSG00000040525",0.684658198473208,0,7.3561311249555,0,1,NA
"ENSMUSG00000040528",277.607464421238,-0.0737469290377357,0.245035969380866,-0.300963688000878,0.763442184260564,0.875691560349293
"ENSMUSG00000040532",543.724947310884,-0.284890894288337,0.21492380718857,-1.32554367994411,0.184990891959943,0.378364363133465
"ENSMUSG00000040533",1.84532365496608,2.33508704447084,2.60334576566381,0.896956168968756,0.369742306025388,NA
"ENSMUSG00000040536",3.56001927935805,0.507184155758772,1.4571479468881,0.348066342091015,0.727790360846546,NA
"ENSMUSG00000040537",511.689028462361,0.205935629742993,0.323209655571707,0.637158037184023,0.524021907935596,0.709972116220308
"ENSMUSG00000040540",0.542069697567507,0,7.3561311249555,0,1,NA
"ENSMUSG00000040541",0,NA,NA,NA,NA,NA
"ENSMUSG00000040543",1.65097531715468,1.99548499017594,2.98647412958514,0.668174209315228,0.504022396314741,NA
"ENSMUSG00000040548",182.115991453568,0.535047712349219,0.275124765869883,1.94474572529855,0.051805589284911,0.171327617959634
"ENSMUSG00000040549",1816.97366282551,0.920264877307897,0.416195959072519,2.21113361926598,0.0270265854740836,0.114906579531749
"ENSMUSG00000040550",380.442785139045,0.1856626743237,0.257637503297497,0.720635279986055,0.471133941537076,0.667405991988248
"ENSMUSG00000040552",8.50960701364168,2.05412622433551,1.09606420373755,1.87409297496533,0.0609176114284101,NA
"ENSMUSG00000040554",5.05008723662074,0.237930208268471,1.21289426393905,0.196167312635941,0.844479211700345,NA
"ENSMUSG00000040557",64.5781210542012,-0.218746283382415,0.659208878084059,-0.331831519044744,0.740016482754383,NA
"ENSMUSG00000040560",187.819987877825,-0.424960780087479,0.257132656954805,-1.65269081384,0.0983938049120273,0.255549858527428
"ENSMUSG00000040562",0.353935265340733,-0.427508039399499,7.28701126612407,-0.0586671302934446,0.953217240451492,NA
"ENSMUSG00000040563",1.39885624745907,-3.48742210284799,3.04857533604256,-1.14395142597168,0.252643782025586,NA
"ENSMUSG00000040564",1.48809233378839,2.11609435337895,3.41712564245144,0.619261500686543,0.535744102477876,NA
"ENSMUSG00000040565",444.740312166233,0.444885901265209,0.241759754825863,1.84019834726279,0.0657391225509983,0.19867521710236
"ENSMUSG00000040569",0.97698921737317,3.02337571966467,6.10639961108267,0.495115929553229,0.620518289998762,NA
"ENSMUSG00000040570",91.2465731112264,-0.319426395499141,0.359942507185336,-0.887437268793228,0.374843525883447,0.58370010292342
"ENSMUSG00000040576",0,NA,NA,NA,NA,NA
"ENSMUSG00000040583",0.228687066279332,2.16114378320593,7.2848361808643,0.296663333196536,0.766723553283932,NA
"ENSMUSG00000040584",211.66651405412,0.709575838109409,0.373068598574407,1.90199829420349,0.0571713776018513,0.181541621456569
"ENSMUSG00000040586",149.415220475633,-0.0234750358054882,0.269019632043678,-0.0872614226224084,0.930463717298074,0.971957502429616
"ENSMUSG00000040591",196.754173319483,-0.44080517993716,0.29248198574899,-1.50711907541363,0.13178013814137,0.306577233590831
"ENSMUSG00000040592",643.650616943375,0.0770372310650447,0.337956425090457,0.22795018927196,0.819684964256512,0.909993920897981
"ENSMUSG00000040594",6.76768855561338,-0.0597456428099804,1.40994319418205,-0.0423745034952564,0.966200153351271,NA
"ENSMUSG00000040596",405.346134545674,0.533843468003044,0.269695190513737,1.97943265872164,0.0477673145304498,0.16392911281698
"ENSMUSG00000040599",503.625050288754,-0.2165288760443,0.199301115449109,-1.08644086389767,0.277283990708324,0.48771392315868
"ENSMUSG00000040600",0.543856714242001,-2.22182761313742,7.30607226696625,-0.304106985525343,0.761046385051291,NA
"ENSMUSG00000040601",0.405134944847878,2.04078834964126,7.23373032839319,0.282121154230887,0.777850613061583,NA
"ENSMUSG00000040605",2.12416063326646,-0.24273104701221,3.38043088840214,-0.0718047654353745,0.942757280343576,NA
"ENSMUSG00000040606",23.2091377307246,0.279964082860551,0.783543829746171,0.357304942279036,0.720863530468484,NA
"ENSMUSG00000040610",0.0355187493373064,1.16171280725677,7.35565536667627,0.157934643392857,0.874508299155349,NA
"ENSMUSG00000040612",1.02636097443224,1.43611536750744,3.12135035344538,0.460094255655166,0.645448567088423,NA
"ENSMUSG00000040613",147.777472438982,-0.182529749469865,0.352080399244965,-0.518432011157961,0.604156885045964,0.770307802490747
"ENSMUSG00000040614",2.29140457181673,-0.162956854472295,1.90492245194286,-0.0855451382317916,0.931828011843133,NA
"ENSMUSG00000040616",5.44020112250801,0,2.3757420322041,0,1,NA
"ENSMUSG00000040618",155.37633633181,0.661915028157589,0.437198129664244,1.51399327500765,0.130027545140695,0.304434458483128
"ENSMUSG00000040620",170.739464640317,0.254376558742486,0.281253857271903,0.90443758250955,0.365763417456048,0.574965757506747
"ENSMUSG00000040621",140.036491775563,0.15396991126523,0.311009628379778,0.495064773612781,0.620554398561877,0.780963009402449
"ENSMUSG00000040624",5.2364798052826,0.905708159806365,1.609623296729,0.562683307110989,0.5736505531466,NA
"ENSMUSG00000040627",12.2817266101791,2.75545984773105,2.03368890953009,1.35490724998236,0.175447109485639,NA
"ENSMUSG00000040629",0.128515132829817,0,7.3561311249555,0,1,NA
"ENSMUSG00000040631",3.46028359942888,-2.21733540891435,1.99577529758832,-1.1110145573972,0.26656208329672,NA
"ENSMUSG00000040632",0.399777056592951,-1.69283149029138,7.26766934514805,-0.232926322029432,0.815818618506934,NA
"ENSMUSG00000040640",1.41689920634697,-2.02554450408276,3.56790597975651,-0.567712410465758,0.570230263193415,NA
"ENSMUSG00000040648",597.769408802029,0.254680857281714,0.214483606998636,1.18741409120061,0.235064324490768,0.439645717405078
"ENSMUSG00000040649",0.778520388840423,-2.74839552687428,4.97513540226329,-0.552426276805247,0.580656331638849,NA
"ENSMUSG00000040650",0.35058148472657,-2.55040579978735,7.29483208290164,-0.349618164037696,0.726625277308916,NA
"ENSMUSG00000040651",848.399437962828,0.368413744156719,0.200909486958365,1.83372995339472,0.0666940900006002,0.200021565429591
"ENSMUSG00000040652",184.058821667048,-0.619529178256125,0.277522958454294,-2.2323528896733,0.0255916488337116,0.110647386070429
"ENSMUSG00000040653",2.89295059177224,0.740911122866623,2.25957060495951,0.327899080135139,0.742987969265142,NA
"ENSMUSG00000040658",221.615390788194,-0.0636918065713678,0.70561843922376,-0.0902638069399577,0.928077580586685,0.97028523364351
"ENSMUSG00000040659",1761.49203375837,-0.581925585562861,0.179490132629303,-3.24210349080692,0.00118650927207543,0.0214026353183679
"ENSMUSG00000040660",0.147999521944767,2.16012278858281,7.28486220580053,0.296522120468226,0.76683137644511,NA
"ENSMUSG00000040661",160.868266958253,0.587684371408706,0.414907298829332,1.4164233144774,0.156651601800304,0.341590365728006
"ENSMUSG00000040663",97.7156000068492,0.317158927351729,0.269100417991331,1.17858950097189,0.238561674311326,0.44401848061899
"ENSMUSG00000040666",2.40598792972963,1.41997363759236,2.02398396135232,0.701573562195428,0.482945143902788,NA
"ENSMUSG00000040667",866.466311843908,0.495893954152085,0.187979578514261,2.63802035344209,0.00833915765848792,0.0560003895748323
"ENSMUSG00000040669",134.120781495776,0.105486783391122,0.277288285439991,0.380422790756339,0.703631599511841,0.838117261437657
"ENSMUSG00000040675",474.834603746831,0.0228157145106795,0.200875640080476,0.113581290899877,0.909569719059264,0.960895230618877
"ENSMUSG00000040680",273.794251349711,-0.594429467837271,0.306970781931529,-1.93643663444771,0.0528142462807629,0.173272095746877
"ENSMUSG00000040681",2375.20625518015,-0.533852604008119,0.189410738525503,-2.81849175059438,0.00482498508649185,0.0414018902603923
"ENSMUSG00000040687",1636.09565580092,0.428418289634855,0.302008329923385,1.41856448046826,0.156026027454747,0.340467391035358
"ENSMUSG00000040688",296.706826182697,0.506955398683516,0.256037253249686,1.9800063945739,0.0477028101530603,0.16383189516755
"ENSMUSG00000040690",0.811328112874217,1.12053068130446,6.48636370163928,0.172751750109429,0.862846564543926,NA
"ENSMUSG00000040693",0.572601385470825,-0.120118877194059,5.27121765755889,-0.0227876906243493,0.98181962693528,NA
"ENSMUSG00000040694",206.508273178832,-2.27534910401218,0.989027749437695,-2.30059177339141,0.0214147164765916,0.0991496357710105
"ENSMUSG00000040697",41.4021048517615,-0.240710585623519,0.548143423945666,-0.439137961175978,0.660561574321968,NA
"ENSMUSG00000040699",7989.9148467518,-0.57889143528398,0.417601674989515,-1.38622871974475,0.165677074477825,0.352956439916659
"ENSMUSG00000040701",545.506842041065,0.223624108593766,0.235984657703923,0.947621386786653,0.34332223450663,0.551827689121633
"ENSMUSG00000040703",22.0536649766152,-0.486407378055922,0.61162367160198,-0.795272322900636,0.426455109611093,NA
"ENSMUSG00000040706",0.305435235205152,-2.73434992955319,7.28506288892885,-0.375336489367661,0.707410231876563,NA
"ENSMUSG00000040710",678.310012232463,0.27951387184756,0.18776333311177,1.48864992549516,0.13657957746092,0.313901214415529
"ENSMUSG00000040711",2.97172303694751,1.13142934207069,2.41998000327063,0.467536649287,0.640115977504721,NA
"ENSMUSG00000040712",169.507538427645,0.0355906637489787,0.259966224997296,0.136904952746646,0.891105923975686,0.951061263255568
"ENSMUSG00000040713",520.731934438995,-0.259130101869739,0.303790784926469,-0.852988684078947,0.393665579493308,0.600614948802492
"ENSMUSG00000040714",31.1483149815277,-0.0617972146020633,0.654830944488874,-0.0943712497433958,0.924814253240211,NA
"ENSMUSG00000040715",3.43509936208401,4.47212049304359,5.73781088137461,0.779412320395648,0.435736868572397,NA
"ENSMUSG00000040717",5.9047181315458,-0.193168901349716,1.2730654020628,-0.151735253378748,0.879395750920131,NA
"ENSMUSG00000040720",747.742583430337,0.167902796814333,0.171498682207245,0.979032577121694,0.327563883318836,0.537689967885535
"ENSMUSG00000040721",107.252631450739,0.447246545283829,0.327607056232639,1.36519203959463,0.172192699675192,0.361346554845851
"ENSMUSG00000040722",2.06081459340287,-3.18337254454488,3.20257785584745,-0.994003171143053,0.320221323597993,NA
"ENSMUSG00000040723",844.925566810851,-0.147808355638905,0.153691399054566,-0.961721713434517,0.336189412191953,0.544702891250197
"ENSMUSG00000040724",70.1291860302078,0.551624692245718,0.467449683588231,1.1800728754619,0.237971231673265,0.443169861546763
"ENSMUSG00000040725",866.539619883433,0.188120896188942,0.305340376273406,0.616102260974801,0.537827029940795,0.721457482828709
"ENSMUSG00000040726",4.45528670510179,-4.87097853947321,2.0571705282932,-2.36780494007688,0.0178939672051283,NA
"ENSMUSG00000040728",0.753079889461843,1.79137233109209,7.29493010508765,0.245564015732344,0.806019747652775,NA
"ENSMUSG00000040729",0.540322617296185,-2.99554388688904,7.26111973603099,-0.412545722393836,0.679939475208882,NA
"ENSMUSG00000040731",2277.75188650834,-0.0487177909717826,0.13634923600265,-0.357301532447426,0.720866082880383,0.848624114940217
"ENSMUSG00000040732",0.111737177082967,0,7.3561311249555,0,1,NA
"ENSMUSG00000040734",10.2538186670964,-1.65902221683903,1.04929326849549,-1.58108535206539,0.1138585234785,NA
"ENSMUSG00000040738",585.167087263391,-0.426613386498149,0.238114826995028,-1.79162881993508,0.0731924434167547,0.211754240487977
"ENSMUSG00000040740",0.71687617222239,2.57099068184668,4.88998277983469,0.525766817103922,0.599050232691526,NA
"ENSMUSG00000040746",1998.88876112173,-0.226311968641916,0.289277563726254,-0.782335020133387,0.434017710942405,0.6355948255801
"ENSMUSG00000040747",11960.5124596409,-0.558982587276862,0.292631179363826,-1.91019490299044,0.0561081231914874,0.179939886145167
"ENSMUSG00000040749",123.942806291725,-0.235749473789213,0.372629839009983,-0.632663971343683,0.526953102314351,0.712868676115692
"ENSMUSG00000040751",171.685285408409,0.268431796635555,0.722776206583962,0.3713899187471,0.710347133195149,0.841234145397633
"ENSMUSG00000040752",1.63981960362798,0.92429517066432,5.30854051346406,0.174114743651297,0.861775286422907,NA
"ENSMUSG00000040759",0.263642926526066,0.476308663990891,7.19900925102953,0.0661630854166182,0.94724798591971,NA
"ENSMUSG00000040760",962.266886910429,0.430022102875415,0.253304087168965,1.69765165529513,0.0895735273028932,0.240541786848438
"ENSMUSG00000040761",404.873154890798,0.667512642447949,0.305288043309927,2.18650109978363,0.0287789643144999,0.119228860959275
"ENSMUSG00000040767",2311.37004154802,-0.781133325234919,0.214701624549035,-3.6382273626277,0.000274521028775066,0.0109393413621785
"ENSMUSG00000040770",0.157398442612647,-2.55362307384491,7.29473918788452,-0.350063656571314,0.72629092515317,NA
"ENSMUSG00000040771",1940.99561039102,-0.841295596954391,0.297059508682669,-2.83207765570332,0.00462466156584994,0.0406250624467681
"ENSMUSG00000040774",1533.53744569393,0.0600963307369146,0.248987594662583,0.241362750695891,0.809273980049776,0.904122207594037
"ENSMUSG00000040775",0.0708477126009175,1.17437691917607,7.3555509153001,0.159658594264268,0.873150019392923,NA
"ENSMUSG00000040782",581.744146416123,0.0491427385279982,0.240189484658152,0.204599874960972,0.837884753101474,0.921505427726754
"ENSMUSG00000040785",924.820511704338,0.725195083808767,0.205572345509707,3.52768793881629,0.000419206051032107,0.0128292625834439
"ENSMUSG00000040794",17.7555782702803,-1.05465152794081,0.62096839893514,-1.69839806622907,0.0894326568385502,NA
"ENSMUSG00000040795",250.921819135115,-0.376836617651972,0.317967136281003,-1.18514328889305,0.235960797922547,0.440689455862776
"ENSMUSG00000040797",3.50588905609408,0.137847779109903,1.32509218462935,0.104028822076603,0.917146475946058,NA
"ENSMUSG00000040808",4.8335483177254,1.14104243028005,1.21916378626574,0.935922181362544,0.349313255713699,NA
"ENSMUSG00000040809",299.994460340174,-1.56763034016034,1.53911383147549,-1.01852787500292,0.308427160682824,0.51997262748622
"ENSMUSG00000040811",36.5906287726769,0.393411829872476,0.512403279624527,0.767777735850473,0.442619243859359,NA
"ENSMUSG00000040812",4.3976900563503,0.157864170691841,1.10702453454439,0.14260223307229,0.886604333771458,NA
"ENSMUSG00000040813",438.509017973469,-0.327962225189484,0.224294196572228,-1.46219666046452,0.143687326518462,0.322367050076031
"ENSMUSG00000040818",437.599217827211,0.270037466397605,0.201225330693092,1.34196557395383,0.179607158193982,0.371827722345755
"ENSMUSG00000040820",175.955262098796,0.692520194199366,0.298238565078915,2.32203435533605,0.0202310858175375,0.0961925364628947
"ENSMUSG00000040822",1329.0576177251,-0.528775209976383,0.218721405234485,-2.41757412544739,0.0156243513103442,0.0820769123276989
"ENSMUSG00000040824",4729.9214269873,-0.721375792254114,0.224704753089147,-3.21032725092345,0.00132583934380188,0.0225575248080578
"ENSMUSG00000040828",2.44519790378479,1.65849987370415,2.43854707414646,0.680118047048428,0.496429718190611,NA
"ENSMUSG00000040829",1.2975550730099,1.72213519752438,2.90452671868834,0.592914221254633,0.55323856009259,NA
"ENSMUSG00000040836",3.87247490950382,1.01090433395228,1.25159834315186,0.807690693650606,0.419268662304907,NA
"ENSMUSG00000040838",1.92897155520892,0.845664383070959,3.17967103064806,0.265959709328358,0.790270239069068,NA
"ENSMUSG00000040841",5.15439871395167,-3.19374567401746,2.33571951632375,-1.36734982590897,0.171515681035483,NA
"ENSMUSG00000040842",732.077243125881,-0.682190745299621,0.285910410781915,-2.38602974768897,0.0170313733459273,0.0866024308253556
"ENSMUSG00000040843",1524.29216534261,-0.596970289552537,0.311501737662926,-1.91642683611131,0.0553107876728559,0.178325876107691
"ENSMUSG00000040848",501.254730095038,0.276444416501053,0.266483394045978,1.03737952411908,0.299559017135346,0.510537297489363
"ENSMUSG00000040850",879.010165551805,0.0812502302196782,0.206588480470176,0.393295066766357,0.694101561432567,0.833782225636277
"ENSMUSG00000040852",3.11571138881259,0.665189867711569,1.37216474143142,0.484774056369974,0.627836627787956,NA
"ENSMUSG00000040855",1.61864490176778,-2.17073440712319,2.8080268005576,-0.773046185560673,0.439495047674339,NA
"ENSMUSG00000040856",0.0817335777876043,-0.0658254090465501,7.27593397696037,-0.00904700472200404,0.99278163307944,NA
"ENSMUSG00000040857",26.2960556741125,-0.596850094260273,0.637334541234508,-0.936478498567146,0.349026877961577,NA
"ENSMUSG00000040859",191.046060384944,0.605547453634444,0.275117843127477,2.20104754657392,0.0277326580404159,0.11658936882959
"ENSMUSG00000040860",25.7692751131242,-0.141431994673995,0.516211291365664,-0.273980823433423,0.784099358672064,NA
"ENSMUSG00000040865",528.794842627884,0.672160889440479,0.297214229278586,2.26153670728344,0.0237260423054245,0.105692621986986
"ENSMUSG00000040866",0.182864077103695,2.08210885129187,7.28506241657354,0.285805217887367,0.775027311464183,NA
"ENSMUSG00000040867",2.81425464476697,-0.718888271650756,2.48987560768689,-0.288724572999294,0.772792156633182,NA
"ENSMUSG00000040875",1.13374966111076,-0.214613415042149,5.57030374641268,-0.0385281350555365,0.969266599602014,NA
"ENSMUSG00000040877",28.1421649602796,0.538665822725834,0.44476161343268,1.2111337994491,0.225844129399322,NA
"ENSMUSG00000040883",33.9923359520335,0.672704374153072,1.25265111093795,0.537024530038034,0.591250670016743,NA
"ENSMUSG00000040888",443.078008195526,-0.585144923577034,0.227387393393575,-2.57333933444688,0.0100722399685753,0.0632152965646775
"ENSMUSG00000040891",2.05252156975902,1.2296526521307,1.6774473472993,0.733049925000895,0.463527979950439,NA
"ENSMUSG00000040896",1.2700672435047,-2.0703927960904,3.52844535903265,-0.586771959154844,0.557356871724263,NA
"ENSMUSG00000040899",24.562663758557,-2.82707495450414,1.84140208511155,-1.53528388903333,0.124714109818144,NA
"ENSMUSG00000040901",0.496835334209105,-2.55235260211907,7.29477596887785,-0.34988772965864,0.726422956027706,NA
"ENSMUSG00000040904",348.19209226838,-0.925740495924077,0.304601211085154,-3.03918849378862,0.00237216382314786,0.0295737316918219
"ENSMUSG00000040907",6.82046689689427,-0.146571656982298,1.27225220478981,-0.115206447613516,0.908281488251271,NA
"ENSMUSG00000040913",105.413898466297,-0.286901095786051,0.357661675744654,-0.802157779943075,0.422461695317009,0.626181106235733
"ENSMUSG00000040918",99.5793666937246,0.0838738154799557,0.543767973238788,0.154245596665775,0.877416091405953,0.943777270143637
"ENSMUSG00000040919",0.0711026197304222,1.16345621472928,7.35556859146732,0.158173525304206,0.874320064861028,NA
"ENSMUSG00000040928",325.075536000587,0.403538953295211,0.214834390444283,1.87837223109709,0.0603302615704445,0.188365330266533
"ENSMUSG00000040929",211.780129071979,0.56692461090641,0.28773075032806,1.97033028364199,0.04880052986495,0.16605619198452
"ENSMUSG00000040935",1.10022288743957,0.774911670948133,4.24407141709405,0.182586859360326,0.855122195722894,NA
"ENSMUSG00000040936",474.72035614647,-0.332404320443931,0.367747256967638,-0.903893405446076,0.366051926289225,0.575083167731881
"ENSMUSG00000040938",2.48493184262859,-1.10289113711386,2.60432649463515,-0.423484205757532,0.671942019672396,NA
"ENSMUSG00000040940",3885.41650181937,0.719032366797402,0.236729856986713,3.03735395251711,0.00238665027025175,0.0295737316918219
"ENSMUSG00000040943",540.741336633111,0.307118200805299,0.294578796095998,1.04256723455823,0.297148770994915,0.508534794053335
"ENSMUSG00000040945",729.448516437733,-0.0682107091053205,0.210837672299578,-0.323522396929143,0.746299648458453,0.864238307485287
"ENSMUSG00000040950",2.0228474165055,0.219433000254769,1.91742989040747,0.114441211828682,0.908888046260169,NA
"ENSMUSG00000040952",45782.3057244608,-0.54009708400158,0.195966471756534,-2.75606882728688,0.00585006855158744,0.0461603201533699
"ENSMUSG00000040957",49.519692582116,1.31582623251316,1.70541020083465,0.771559963620003,0.440375094537152,NA
"ENSMUSG00000040963",0.185859936755018,3.33164204432922,7.25321551513154,0.459333110587821,0.645994974165327,NA
"ENSMUSG00000040964",4.3639987104274,0.8157546629039,1.9093944223273,0.427232138821062,0.669210254767677,NA
"ENSMUSG00000040966",0.122201504701414,-1.67211201156529,7.35013710138753,-0.227493989363767,0.820039642517962,NA
"ENSMUSG00000040969",1.04576741888772,0.563628258260492,6.07094808908899,0.0928402368113595,0.926030484682651,NA
"ENSMUSG00000040972",0.109182052215222,-0.228380699282789,7.3497461698311,-0.031073277090879,0.975211101167368,NA
"ENSMUSG00000040978",0.763254178097456,-0.699479870621134,4.79476653610594,-0.145884031131413,0.884012938026288,NA
"ENSMUSG00000040985",0.190354121879523,-1.69459922340658,7.26745216582655,-0.233176522492302,0.81562433574955,NA
"ENSMUSG00000040987",1.20367933525778,-0.552772501853785,2.53740061857673,-0.217849912152951,0.827546054090835,NA
"ENSMUSG00000040990",2907.40269030707,-0.29804201200526,0.168991003664052,-1.76365608549055,0.0777898988653954,0.220267301714246
"ENSMUSG00000040997",40.1191048215973,5.42020418312877,1.153796998998,4.69771041858825,2.63094085467395e-06,NA
"ENSMUSG00000040998",9.21594239053867,2.48943571110457,1.67341628150873,1.4876368412408,0.136846692122001,NA
"ENSMUSG00000041000",21.4037558484531,0.200846356798451,0.605963248309647,0.331449732898353,0.740304804351904,NA
"ENSMUSG00000041009",0,NA,NA,NA,NA,NA
"ENSMUSG00000041012",11.515054984565,-1.52853563311883,1.33869046815088,-1.1418140858433,0.253531306069781,NA
"ENSMUSG00000041014",1.40167232546827,0.190737472641373,2.67725182504547,0.0712437548298742,0.943203758547798,NA
"ENSMUSG00000041020",3.49409316020102,-1.34955605079775,3.13028215767014,-0.431129202679359,0.666374428010436,NA
"ENSMUSG00000041025",93.953772926019,0.656248782429355,0.369355826359151,1.77673867743794,0.0756112454957423,0.216036959386802
"ENSMUSG00000041028",4857.7170031751,-0.538188519257826,0.26268188015069,-2.04882239669172,0.0404794848892138,0.147605286410376
"ENSMUSG00000041035",1766.07612876798,-0.343209645556034,0.160574821399994,-2.13738145596995,0.0325669784487252,0.129286980709096
"ENSMUSG00000041037",52.6379533000247,0.365381809328315,0.45706769550381,0.799404142805513,0.424056109034238,NA
"ENSMUSG00000041040",463.344130884644,0.070715599615894,0.168264213710216,0.420265236776253,0.674291702303327,0.820746722962998
"ENSMUSG00000041044",0.230464980066516,0.771728713691313,7.27885077781606,0.106023428319664,0.915563763839096,NA
"ENSMUSG00000041046",7.52167761920461,0.115807426806231,1.41631533295621,0.0817666970846892,0.934832239242838,NA
"ENSMUSG00000041052",1.31141718591978,0.854134507251411,2.53324236463927,0.337170465476973,0.735988400191748,NA
"ENSMUSG00000041057",1588.89033428032,0.216399184807188,0.139199822292188,1.55459382953058,0.120042834280918,0.289444653535789
"ENSMUSG00000041058",319.770783525755,0.535489795556313,0.247627560631365,2.16248059864984,0.0305811509597893,0.124452316688974
"ENSMUSG00000041062",0.386095202266708,1.16027127332782,7.35572109682635,0.157737257578787,0.874663840692,NA
"ENSMUSG00000041064",273.665535984263,-3.86433903560887,1.63464105893224,-2.36402910259276,0.0180773924481927,0.0899773536507475
"ENSMUSG00000041068",0,NA,NA,NA,NA,NA
"ENSMUSG00000041073",3.80738969895526,-1.05871578332818,2.05220102278383,-0.515892825105421,0.605929265522684,NA
"ENSMUSG00000041075",9.96327703945502,-0.0990702339471025,0.997700544833112,-0.0992985665490181,0.920901216521656,NA
"ENSMUSG00000041078",2.23092260649747,-0.272883776162078,1.71400721568224,-0.159208067308784,0.873504948139507,NA
"ENSMUSG00000041079",133.216612868901,0.152222467869146,0.323614329010285,0.47038234782338,0.638081873463862,0.793737644024372
"ENSMUSG00000041084",7453.46741555168,-0.476475098327812,0.227539450692334,-2.09403291111955,0.0362570485961451,0.138539205787744
"ENSMUSG00000041096",96.4154341046697,0.124190268282796,0.323054921886101,0.384424628350289,0.700663749511776,0.836907676289147
"ENSMUSG00000041112",1410.69379130801,0.876915401561599,0.295215300558758,2.97042666793303,0.00297386396314154,0.0325865023128049
"ENSMUSG00000041115",4.26099773218749,1.30099124896722,1.83676753310604,0.70830479389365,0.478756000735884,NA
"ENSMUSG00000041117",26.3226928867403,0.327576512170922,0.524732564442665,0.624273266742749,0.532448137373044,NA
"ENSMUSG00000041119",0.730931753900586,-0.0958874876162007,5.72870255241531,-0.0167380810469507,0.98664556712854,NA
"ENSMUSG00000041120",0.721607654441176,-0.729744299692519,6.66747714180527,-0.109448339180198,0.912846894880205,NA
"ENSMUSG00000041124",221.180407581099,-0.289439394432351,0.237805164550531,-1.21712829483503,0.223555406743214,0.426364112609815
"ENSMUSG00000041126",9435.86489305426,-0.522418709853544,0.208609914062642,-2.50428514963422,0.0122699101198648,0.0710495183193268
"ENSMUSG00000041130",268.914052850048,0.357834939242314,0.284183985703637,1.25916644583725,0.207970218439368,0.407005664081004
"ENSMUSG00000041132",668.907610195226,-0.313542709728011,0.196160401795343,-1.59839961000454,0.109954071376966,0.274022344209689
"ENSMUSG00000041133",2490.16938403159,0.185767052970988,0.171279069073585,1.08458700748297,0.278104611992912,0.488747916687891
"ENSMUSG00000041134",2.50405361794999,1.59182938639145,2.15178359144316,0.739772062916342,0.459438313330531,NA
"ENSMUSG00000041135",297.276412038167,-0.496757892369156,0.235585189212434,-2.10861257462673,0.0349780365888565,0.135368576473733
"ENSMUSG00000041138",0.124255759326606,0.197137381375898,7.33536743942286,0.0268749156744912,0.978559500681251,NA
"ENSMUSG00000041141",0.170906765410015,0,7.3561311249555,0,1,NA
"ENSMUSG00000041143",206.805103013712,-0.0632551213637694,0.28522891567204,-0.221769666005746,0.824493194489469,0.913853144304233
"ENSMUSG00000041144",9.47650110913978,-0.320431282822196,1.08375901693437,-0.295666543775201,0.767484749610483,NA
"ENSMUSG00000041147",415.008021995945,0.269322423848105,0.459119254062768,0.586606685441435,0.557467891620963,0.735824697134383
"ENSMUSG00000041153",301.831408703783,-0.0381586337832687,0.23966880956712,-0.159214016426206,0.873500261211092,0.941505842554972
"ENSMUSG00000041161",49.8524262913324,-0.286195669109864,0.356770085335678,-0.8021851631439,0.42244585752744,NA
"ENSMUSG00000041164",477.761669502751,0.0886561316322362,0.214663393653799,0.413000699016328,0.679606101597569,0.824036197258989
"ENSMUSG00000041165",0.339043737588229,1.1619866451622,7.35563708087214,0.157972264317373,0.874478654128016,NA
"ENSMUSG00000041168",644.760544711201,0.379149493156463,0.222290902116164,1.70564557319727,0.0880740888373428,0.238067368924565
"ENSMUSG00000041180",139.534279594204,-0.310293468637721,0.338276606475322,-0.917277348471799,0.358997323972743,0.568473636262276
"ENSMUSG00000041187",705.006917737692,0.0236825939181114,0.204245226974058,0.115951761854975,0.907690772292974,0.959936159635824
"ENSMUSG00000041189",20.594648294855,0.918887867185485,0.597731413119221,1.53729224701498,0.124221759198317,NA
"ENSMUSG00000041193",0.183233739763346,-2.95048530111059,7.28404542443264,-0.405061353847942,0.685432412777885,NA
"ENSMUSG00000041199",104.487422107892,-0.52045552141499,0.362519456042951,-1.43566231477884,0.151098453560081,0.334439814921943
"ENSMUSG00000041202",5.79624884930758,0.488528490404617,1.09424806421006,0.446451317926058,0.65527127050022,NA
"ENSMUSG00000041203",5002.71692651109,-0.352367923820103,0.173607927994892,-2.02967645481299,0.0423894377448147,0.152481656516555
"ENSMUSG00000041205",1.70154664515002,1.03391317016115,2.18010949746301,0.47424827576978,0.635322871437976,NA
"ENSMUSG00000041215",265.047343075876,0.444315589610285,0.280129120543864,1.58610996510344,0.112714366726045,0.27826711166008
"ENSMUSG00000041216",2.01436538708528,0.764331467298421,2.90900727374072,0.262746495754052,0.792745977025175,NA
"ENSMUSG00000041219",661.225102919616,0.151347530097491,0.255194061079909,0.593068386689845,0.553135386226661,0.7326128626797
"ENSMUSG00000041220",204.882734649527,0.601109261553284,0.265195981827287,2.2666605180495,0.0234109720558769,0.104571829540146
"ENSMUSG00000041225",377.981451516678,-0.455631262336989,0.211118560661416,-2.15817719157206,0.0309140580161691,0.12529129294376
"ENSMUSG00000041229",315.196729886726,0.562416873752108,0.246223616064455,2.28417112355657,0.0223614759341456,0.101705913826274
"ENSMUSG00000041231",520.043137041629,0.0826978744522919,0.233204935415966,0.35461459812068,0.722878338317024,0.849335465636689
"ENSMUSG00000041235",1918.86350247506,-0.883661175149753,0.248345216361222,-3.55819688455143,0.000373409381001309,0.0125895552361596
"ENSMUSG00000041236",726.528825223837,0.103745615114332,0.279019479842052,0.371822122143804,0.710025291618471,0.841054524583414
"ENSMUSG00000041237",3.04592155153647,2.2946014098203,2.37534615592082,0.966007166618956,0.33404059494989,NA
"ENSMUSG00000041238",647.342640367645,-0.0500189888292249,0.267151696012819,-0.187230661739182,0.85147978531112,0.9289215213002
"ENSMUSG00000041241",205.488304844036,-0.834791782057505,0.390899711366888,-2.13556510220595,0.0327148784599151,0.129598231073427
"ENSMUSG00000041245",5.79111471808129,0.311875277006643,1.05163583458209,0.296562048145287,0.766800889157791,NA
"ENSMUSG00000041247",1.65049778084252,-0.246635858904235,2.99102157119728,-0.0824587362656526,0.934281930235314,NA
"ENSMUSG00000041248",0.638668926730099,-0.47893469252762,5.9296126004491,-0.0807699802329997,0.93562488234826,NA
"ENSMUSG00000041255",0,NA,NA,NA,NA,NA
"ENSMUSG00000041258",442.630412163259,0.396993434327591,0.271183465663086,1.46392934892575,0.143213253376722,0.322034351598931
"ENSMUSG00000041261",6.0820891781692,0.221070491519161,1.22145442079417,0.180989554547131,0.856375774880148,NA
"ENSMUSG00000041263",266.754741858411,0.0364506744854897,0.213700419127711,0.170569036009733,0.864562646760567,0.936262243999585
"ENSMUSG00000041264",434.100739729085,0.267208148916398,0.162102531539177,1.64838973444298,0.0992727212116686,0.256753231077275
"ENSMUSG00000041268",20.4840340296218,1.17120432421252,0.889289624239729,1.3170111202116,0.187834897124953,NA
"ENSMUSG00000041272",505.190408707916,0.358487318887354,0.224686944255047,1.59549688156525,0.110601166791944,0.274727459079144
"ENSMUSG00000041278",1471.99561965221,-0.30690477120577,0.188798836966314,-1.62556494593517,0.104042237352043,0.263946850942957
"ENSMUSG00000041287",0.489221384741089,-2.88137539887025,7.2778153497993,-0.395912133020758,0.692169850031995,NA
"ENSMUSG00000041293",0.0829876928727348,1.15822117434802,7.355825680298,0.157456310778302,0.874885237278033,NA
"ENSMUSG00000041297",508.355976196613,0.632713836158021,0.273516705772965,2.3132548133393,0.0207086334927337,0.0972931758914796
"ENSMUSG00000041298",37.955762705497,0.439102570844594,0.586074261672665,0.749226846426234,0.453720490704544,NA
"ENSMUSG00000041301",0.339459358246078,-3.4720197955282,7.25550169516587,-0.478536142833721,0.632268656119687,NA
"ENSMUSG00000041303",349.663827143624,0.393090895743515,0.249009921298642,1.5786153969025,0.114424300871084,0.281434240883469
"ENSMUSG00000041308",463.619548177652,0.580484969535407,0.287845222593032,2.01665660560961,0.0437313613961396,0.155203808940621
"ENSMUSG00000041309",0.332914276725953,0.890122661750083,7.2596282283305,0.122612706016598,0.902413792422528,NA
"ENSMUSG00000041313",463.273190434078,0.707470761661771,0.313540648247658,2.25639248249227,0.0240460620243388,0.106446629247913
"ENSMUSG00000041319",596.266545968035,-0.159815253444257,0.225569751486179,-0.708495941460701,0.478637331648861,0.672924196181054
"ENSMUSG00000041323",9.11740185309421,2.22749689270625,0.92763539694623,2.40126336278149,0.0163385727300125,NA
"ENSMUSG00000041324",4.76751134759562,-0.329951589483795,1.64282711543085,-0.200843768881463,0.840820737564205,NA
"ENSMUSG00000041328",795.084472185076,-0.106939157492202,0.294869966394416,-0.362665478616976,0.716854790528683,0.845698723520233
"ENSMUSG00000041329",5.89639290320463,2.64402411628902,2.02610945048934,1.30497595559334,0.191901035334099,NA
"ENSMUSG00000041333",0.531729765506286,2.72537285098875,7.26157947632879,0.375314056655703,0.707426913277224,NA
"ENSMUSG00000041341",571.148185835567,0.319232095563889,0.309059131335845,1.03291591542393,0.301643250025586,0.512662591566444
"ENSMUSG00000041343",1.24114631436576,0.0280254494480306,3.00637819541525,0.00932199730917742,0.992562229994566,NA
"ENSMUSG00000041346",218.111407859584,0.0059713000447899,0.218638701145233,0.0273112674632264,0.978211470085569,0.995617249128999
"ENSMUSG00000041347",1.00082647231585,1.88063990022872,4.4625676576856,0.421425521020351,0.673444386497967,NA
"ENSMUSG00000041351",0.997861712476123,-2.63937216120816,3.63022081129434,-0.727055542460819,0.467191931555414,NA
"ENSMUSG00000041353",914.551990186823,-0.793193632880409,0.278381272158352,-2.84930673220437,0.0043814616649859,0.0396037071523761
"ENSMUSG00000041354",283.395589542086,0.174585198110802,0.298828310757881,0.584232456650519,0.559063927726094,0.736946035329194
"ENSMUSG00000041355",4613.87680511335,-0.626772022717735,0.277617201493646,-2.25768439183723,0.0239653430076598,0.10623202494651
"ENSMUSG00000041358",1.35739998884384,-2.58012852965174,3.51253658219851,-0.734548514804884,0.462614503340306,NA
"ENSMUSG00000041359",0.173978180844255,-1.99376442151037,7.3520385607705,-0.27118525087026,0.786248556196728,NA
"ENSMUSG00000041360",1385.91254753811,-0.708500411877777,0.313600180381296,-2.25924746285648,0.023867995935158,0.105943035392473
"ENSMUSG00000041361",13.08928301317,0.802148142869646,0.879379172677071,0.912175507213444,0.361676335134665,NA
"ENSMUSG00000041362",3.11879960133938,-1.15460730180191,2.13447500055813,-0.540932689068738,0.588553978514668,NA
"ENSMUSG00000041372",0.38450521143041,-1.11407314852529,7.28797978603985,-0.152864467415141,0.878505157416571,NA
"ENSMUSG00000041375",205.357599314887,0.195954883006237,0.29590334900725,0.662225972310424,0.507826411433027,0.697969869520915
"ENSMUSG00000041377",59.0819511261469,-0.150446021772245,0.504023514611076,-0.298490085107111,0.765329142360072,NA
"ENSMUSG00000041378",0.15934870257177,-0.230503195365774,7.34992022326593,-0.031361319356382,0.97498138864862,NA
"ENSMUSG00000041380",0.613852865325444,-3.63423787637194,7.2402245193198,-0.501950991529937,0.6157019952091,NA
"ENSMUSG00000041390",397.03303233165,0.377884028151915,0.465808225795927,0.811243784942236,0.417225685686155,0.621781381427355
"ENSMUSG00000041396",145.76687624196,-0.287369762308371,0.30422594151371,-0.944593221993268,0.344866588736602,0.5535784929813
"ENSMUSG00000041399",0.0355187493373064,1.16171280725677,7.35565536667627,0.157934643392857,0.874508299155349,NA
"ENSMUSG00000041406",162.687446460188,-0.35560004756611,0.564836685821829,-0.629562591262494,0.528980805301977,0.71482915384963
"ENSMUSG00000041408",1562.17469369555,-0.113677035637241,0.217120551414388,-0.523566446827417,0.600580123885015,0.76756082500379
"ENSMUSG00000041415",460.55950422926,0.543512805381398,0.338013799710167,1.60796040234877,0.107843851463605,0.270430358122205
"ENSMUSG00000041417",1385.17331234378,0.371020834756215,0.232194124364797,1.59789071222711,0.110067301456679,0.274022344209689
"ENSMUSG00000041420",82.7965532941566,-0.194502279743653,0.440026034247629,-0.442024481747357,0.658471490265708,0.807867777246683
"ENSMUSG00000041423",6.65154948989024,2.18250596114457,1.29347793924041,1.68731595254437,0.0915426151645186,NA
"ENSMUSG00000041426",369.462477898017,-0.727939266927323,0.31996775960128,-2.27503942220437,0.0229035650627995,0.103097331805908
"ENSMUSG00000041429",44.0866327431819,-0.511541787474637,0.438700595182298,-1.16603850802179,0.243598876585476,NA
"ENSMUSG00000041431",4163.08487310025,0.31561202910185,0.441940838503247,0.714149953126658,0.475134459856261,0.67047882022543
"ENSMUSG00000041438",661.36141870963,-0.270437597668034,0.204096590620232,-1.32504711051859,0.185155526484815,0.378544442461716
"ENSMUSG00000041439",156.077422925419,0.447852443623949,0.288674361144553,1.55141053001132,0.12080333334482,0.290192211449221
"ENSMUSG00000041440",20.1150063267464,-0.380486789038969,0.730806754481083,-0.520639398453751,0.602617998055127,NA
"ENSMUSG00000041444",6.13822421341548,-1.63389523462824,1.7218440284522,-0.948921741824072,0.342660415726596,NA
"ENSMUSG00000041445",2.30479887106137,-1.170082506014,1.62066928000998,-0.721974878185383,0.47030992293939,NA
"ENSMUSG00000041449",0.165202903404488,-1.66896531542148,7.35005733893915,-0.227068339532487,0.820370602441886,NA
"ENSMUSG00000041453",12974.6015798304,-0.456749225018625,0.21892043878808,-2.08637086398666,0.0369450421025725,0.13974353245657
"ENSMUSG00000041459",3230.44567793795,0.688002775882944,0.222622027428487,3.09045238618155,0.00199851844540965,0.0273872687119559
"ENSMUSG00000041460",35.8368969855271,0.374399238874745,0.49487997285712,0.756545545202009,0.449322176122548,NA
"ENSMUSG00000041468",0.31181210906688,-2.24139551850088,7.30533203918515,-0.306816378294406,0.758983141075339,NA
"ENSMUSG00000041471",138.405287037313,0.0162665710396381,0.287110059275944,0.0566562212437292,0.954819048350729,0.984619860428603
"ENSMUSG00000041476",0.260074922559805,2.17593812508824,7.28448231753904,0.298708683779652,0.765162330706583,NA
"ENSMUSG00000041477",316.629081882572,-0.286497622497777,0.244384500127716,-1.17232321341186,0.241067315164961,0.446914930683729
"ENSMUSG00000041479",8.34075209251396,0.568253670942421,0.775221658363683,0.733020891265959,0.463545687598146,NA
"ENSMUSG00000041481",311.230145785497,1.26806177690581,0.73036748148869,1.73619692695127,0.0825290204597052,0.228131814106316
"ENSMUSG00000041482",1.66981858775868,-0.69554136211119,3.53860411978856,-0.196558116863536,0.844173349027009,NA
"ENSMUSG00000041483",535.996308752481,0.15414395043067,0.205825031928483,0.748907695951337,0.453912841440788,0.653408425879854
"ENSMUSG00000041488",46.5162887183769,-0.518025199440971,0.514951950659132,-1.00596803017817,0.314430949003751,NA
"ENSMUSG00000041491",98.4634013681307,-0.128031473713086,0.400193021505274,-0.319924303606075,0.749025713736329,0.865759221672027
"ENSMUSG00000041498",347.846743015301,0.934331659250699,0.4545437787527,2.0555372285912,0.0398271436721784,0.146299262430131
"ENSMUSG00000041505",0.0352165943938314,1.15440431410742,7.35592579417186,0.156935285429613,0.875295850650159,NA
"ENSMUSG00000041506",378.574249802002,0.256024987049365,0.188090901168328,1.36117688553281,0.173457796932681,0.363269136160922
"ENSMUSG00000041515",885.252118005484,-0.206347446705393,0.35260621963304,-0.585206485921149,0.558408884291062,0.736670468599646
"ENSMUSG00000041523",0,NA,NA,NA,NA,NA
"ENSMUSG00000041528",314.346649932706,0.0791688395242916,0.209187931670212,0.378457967876954,0.705090412542658,0.838960892550369
"ENSMUSG00000041530",213.331764621215,0.697503028952567,0.38283260037635,1.82195306321059,0.0684621078116013,0.203166597333437
"ENSMUSG00000041534",0.810126513264804,0.473582977262891,6.38980779927994,0.0741153712504872,0.940918584410967,NA
"ENSMUSG00000041536",0.300687570637011,-0.10909169713721,7.1708028756562,-0.0152133169784321,0.987861997479474,NA
"ENSMUSG00000041538",155.96087001968,0.270363700432255,0.415601298219291,0.650536226885409,0.51534590906002,0.702634797400568
"ENSMUSG00000041540",10.8820705337359,1.07003281242964,1.03972251938704,1.02915229061352,0.303408117429129,NA
"ENSMUSG00000041544",0.73864115945622,-2.55773117740914,7.28240649436276,-0.351220599864765,0.725422856884871,NA
"ENSMUSG00000041548",0.282330700252948,-0.231546467778113,7.34998227101011,-0.0315029967747516,0.974868402251953,NA
"ENSMUSG00000041550",0.287854411749615,-1.67214710408359,7.35013703451999,-0.227498765836655,0.82003592879922,NA
"ENSMUSG00000041552",0.417441610226086,-4.23065388835249,7.2366390541433,-0.584615849526204,0.558806048052048,NA
"ENSMUSG00000041556",3.02773228352582,-1.68917394816186,2.72765290566008,-0.619277454494558,0.535733594246903,NA
"ENSMUSG00000041559",0,NA,NA,NA,NA,NA
"ENSMUSG00000041560",2581.51581987902,-0.145160812766954,0.207714746441785,-0.698846929520421,0.484647696564837,0.677613814841152
"ENSMUSG00000041565",0.295646636520846,-2.23003242880569,7.2470378528528,-0.307716404148191,0.758298136314381,NA
"ENSMUSG00000041566",0.341627770124455,1.76888774062106,7.24322702704281,0.244212660188181,0.807066122456324,NA
"ENSMUSG00000041567",2.5338061806146,-3.19699998893805,2.29798611628619,-1.39121814804729,0.164159285650057,NA
"ENSMUSG00000041570",122.056782467284,-0.0683756797816725,0.386753813936998,-0.176793808665093,0.859670352419811,0.933315918030734
"ENSMUSG00000041571",7838.05195976329,-0.857819031149437,0.265021054910735,-3.23679577623887,0.00120879885526274,0.0215818215812917
"ENSMUSG00000041577",0.287887877746397,1.42116072390395,7.29551776229456,0.194799158909453,0.845550180769448,NA
"ENSMUSG00000041578",13.8800284489741,0.748873426055908,0.744879945606004,1.00536124038976,0.314722936326749,NA
"ENSMUSG00000041583",0.249074036070575,-1.66446392814567,7.34994339361246,-0.226459421387135,0.820844116477449,NA
"ENSMUSG00000041592",20.9326987745733,0.307719894544839,0.844788397970048,0.364256771617914,0.715666276923696,NA
"ENSMUSG00000041594",166.378004194125,-0.00248509753373307,0.340928769124241,-0.00728919867958534,0.994184112415008,1
"ENSMUSG00000041596",0.942673083227982,0.7655411021354,4.29596253057405,0.178200134821265,0.858565803845944,NA
"ENSMUSG00000041598",17.5587676678318,-0.610717864011748,1.0561114182339,-0.578270297496669,0.563081644499879,NA
"ENSMUSG00000041605",0.761224456567121,1.86188136867114,4.05594367004029,0.459050105262593,0.646198185377633,NA
"ENSMUSG00000041607",860.072996420191,-0.190800128698175,0.168653662575429,-1.13131328299995,0.257923255539329,0.467296807369184
"ENSMUSG00000041608",0.854337547855025,-3.10653298388285,4.34731912878982,-0.7145859072802,0.474864955390967,NA
"ENSMUSG00000041609",253.702022857053,0.182009589718611,0.238676037198943,0.762580072363531,0.445713872766851,0.646962553425187
"ENSMUSG00000041616",2.58054761110252,0.132820646322822,2.19989127639353,0.0603760048271869,0.951856169159952,NA
"ENSMUSG00000041617",5.59772927548658,-0.0186289120372221,1.50564739016416,-0.0123726924105325,0.9901282716172,NA
"ENSMUSG00000041620",0.0406180793754555,0,7.3561311249555,0,1,NA
"ENSMUSG00000041623",90.0472185647188,-0.78638957384242,0.344124860745808,-2.28518675499965,0.0223018795019151,0.101546584478231
"ENSMUSG00000041624",6.87171108907097,0.416214042527161,1.17165437227751,0.355236196249675,0.722412650074135,NA
"ENSMUSG00000041625",109.079855388194,-0.566339857312609,0.354425734256989,-1.59790839821457,0.110063364768483,0.274022344209689
"ENSMUSG00000041629",1480.89565733917,-0.578778952594235,0.169025937192145,-3.42420200241984,0.000616607686814545,0.0155093307485033
"ENSMUSG00000041632",324.221013285271,0.0423231335657758,0.222456474348566,0.190253548204041,0.849110451917513,0.927728004970025
"ENSMUSG00000041633",5.64116084256482,1.09710457257689,1.08034051833038,1.01551737990205,0.30985926612484,NA
"ENSMUSG00000041638",2004.45637037428,0.515265034439294,0.315470786486033,1.63332091753639,0.102401519701854,0.261560470866364
"ENSMUSG00000041642",1540.96376902727,0.27360458864228,0.204878489502193,1.33544809563501,0.181729732388526,0.374754761756255
"ENSMUSG00000041644",4.74384607208347,-1.83326383068703,2.02805161304329,-0.903953242065688,0.366020195489754,NA
"ENSMUSG00000041645",2642.18825639078,0.181572892057965,0.212366664133187,0.854997147499999,0.392552726909262,0.599842897742782
"ENSMUSG00000041649",45.2328230080247,-0.00559261616218654,1.05995181728141,-0.00527629281916855,0.995790146954523,NA
"ENSMUSG00000041650",186.588850808149,0.383475826117148,0.312276382533869,1.22800137175137,0.219446453033325,0.421514323943412
"ENSMUSG00000041653",9.02062298560271,1.00857812540097,1.13777166955322,0.886450376987341,0.375374883026252,NA
"ENSMUSG00000041654",76.3027547455502,0.0598832159119205,0.376051041324969,0.159242255255907,0.873478013707187,0.941505842554972
"ENSMUSG00000041658",115.694914705015,1.01953410748368,0.3990764874387,2.5547335901123,0.0106269098922686,0.0652871375295683
"ENSMUSG00000041660",0.558151226622826,1.79434273135904,7.16493256244458,0.250434001397891,0.802251737845537,NA
"ENSMUSG00000041669",0.327013517881315,1.21766065453176,7.25704281084409,0.1677901986071,0.866748333558383,NA
"ENSMUSG00000041670",1.0237591802703,-1.60992339405016,2.47873667949999,-0.649493513112865,0.516019437987454,NA
"ENSMUSG00000041671",388.394291038326,-0.19937101451625,0.311252618601488,-0.6405440552181,0.521818957333036,0.708152845410484
"ENSMUSG00000041673",0.484477661354389,-1.76317356879064,7.31270732112825,-0.241110917114977,0.809469151716997,NA
"ENSMUSG00000041679",21.1756668574171,0.766529525920821,0.872001370601244,0.879046239792375,0.379376204918153,NA
"ENSMUSG00000041681",0.262271898103318,-1.15967018853399,7.23957121596428,-0.160184927247729,0.872735402388925,NA
"ENSMUSG00000041684",82.7198042976161,-0.227656255410764,0.346450588824825,-0.657110314584784,0.51110998713108,0.700224379162657
"ENSMUSG00000041685",400.23499829642,0.829913012381129,0.301431662543958,2.7532376837158,0.00590090377895254,0.0462861288982994
"ENSMUSG00000041688",1.68596992749067,-2.51441105830223,2.7963412288944,-0.899178910041807,0.368557371990107,NA
"ENSMUSG00000041695",18.9529033897296,0.310548450441011,0.62812347984911,0.494406689773183,0.621018990399063,NA
"ENSMUSG00000041696",13.6877772795292,0.653156266615796,0.818533629032861,0.797958988426087,0.424894289915566,NA
"ENSMUSG00000041697",19142.9840824107,-0.564207063633006,0.199269861103632,-2.83137179154045,0.00463488108110857,0.0406250624467681
"ENSMUSG00000041698",0.598952788004247,2.1120961739259,7.23887160710164,0.291771465024168,0.770461363990551,NA
"ENSMUSG00000041700",1.44652371947695,1.13832582324338,5.10598734289154,0.222939413437469,0.823582660747997,NA
"ENSMUSG00000041702",2257.16262560164,0.506856400926157,0.207020248007543,2.4483421588196,0.0143515295656285,0.0780392314781036
"ENSMUSG00000041703",2.33409309863146,1.02924655693763,2.13403154813751,0.482301471988976,0.629591801756222,NA
"ENSMUSG00000041707",1.82794532505408,2.73553585084891,2.48566837244462,1.1005232561086,0.271104202537761,NA
"ENSMUSG00000041708",0.260142005899388,2.321576609301,7.26903330158537,0.319379003091741,0.749439130869792,NA
"ENSMUSG00000041710",1.83797733282918,0.595231786880692,2.41053458884135,0.246929369790456,0.80496288618586,NA
"ENSMUSG00000041712",469.000719408848,-0.0530882911586069,0.19077710932833,-0.278273904796624,0.78080210626102,0.888089917557819
"ENSMUSG00000041716",193.443470327122,-0.537993979839775,0.228807157213623,-2.35129873729205,0.01870800726084,0.0919585538405788
"ENSMUSG00000041718",266.588950097381,-0.372049222704567,0.386514371469201,-0.962575392191371,0.335760651606899,0.544624413457219
"ENSMUSG00000041720",30.0877192105398,-0.0517024235698458,4.02201412127851,-0.0128548587873706,0.98974358911723,NA
"ENSMUSG00000041722",0.12575199372349,-1.6637030605063,7.34992396493282,-0.226356499528973,0.820924158230074,NA
"ENSMUSG00000041729",11.1857074253235,0.445152952986646,1.21376084021754,0.366755079119921,0.713801717791881,NA
"ENSMUSG00000041730",0.65209227579997,-4.2062827671141,5.86129176119836,-0.717637500142821,0.472980829157972,NA
"ENSMUSG00000041731",0.582039393063872,-1.58073380438228,7.24953123661367,-0.21804634710708,0.82739300031947,NA
"ENSMUSG00000041733",384.240410094299,-0.264962782539034,0.167780539628858,-1.57922237659475,0.114285059128284,0.281161724610027
"ENSMUSG00000041734",0.688739638626855,1.8658020933924,7.20147389065542,0.259086142881591,0.795568776235134,NA
"ENSMUSG00000041735",0.0812361587509111,0,7.3561311249555,0,1,NA
"ENSMUSG00000041736",9594.17114030397,-1.57572429234668,0.286126203786852,-5.50709537082629,3.64802651767891e-08,2.12122012513271e-05
"ENSMUSG00000041737",4.98553966147021,0.0321832357848375,1.29082219535133,0.0249323538909849,0.980108920576916,NA
"ENSMUSG00000041740",583.259858937023,0.374950084734155,0.272431706226913,1.3763085432569,0.168726129049814,0.356624443140889
"ENSMUSG00000041741",8.35640617490089,0.685373337717825,1.05128140927181,0.651940890111016,0.514439305173032,NA
"ENSMUSG00000041747",384.454589962623,0.0847924243297157,0.221595157575648,0.382645655516047,0.701982513691611,0.837677464734096
"ENSMUSG00000041750",6.41448077172708,-0.515115565726213,1.38904123736234,-0.370842529271752,0.710754822583143,NA
"ENSMUSG00000041754",31.7522539865257,-2.67872859450956,1.89388637986964,-1.41440828921001,0.157242057661705,NA
"ENSMUSG00000041757",14.6603105113248,-0.271729096900988,0.899952961146876,-0.301936999634629,0.762700089630489,NA
"ENSMUSG00000041762",43.2151730003169,0.526765351536386,0.44624092347223,1.18045056790755,0.237821059867192,NA
"ENSMUSG00000041763",1605.61693215908,0.226684700886325,0.201599938869589,1.12442842074949,0.260831320739194,0.470495913413675
"ENSMUSG00000041765",1239.37374798787,-0.307035566804603,0.194741108984697,-1.5766345811902,0.114879630949263,0.282203069565971
"ENSMUSG00000041769",971.903335822666,-0.0294780349120921,0.218759523676764,-0.134750864404187,0.892808855919436,0.952245958217914
"ENSMUSG00000041771",0.981324223787864,-0.615796433085111,3.8075290769699,-0.161731248964006,0.871517495376774,NA
"ENSMUSG00000041773",68.0509797566029,-0.224329576942625,0.373661278248101,-0.600355428837549,0.548269385494532,0.730016551133277
"ENSMUSG00000041774",108.0138862893,-0.330480806582752,0.515082618358273,-0.641607374824832,0.521128143354463,0.707700466693071
"ENSMUSG00000041775",156.053173014519,0.141336563160752,0.356464616503695,0.396495350778487,0.691739636977361,0.832169875466237
"ENSMUSG00000041777",827.795468928351,-0.360919315704962,0.260802875393311,-1.38387782404879,0.166395868082454,0.353950760171586
"ENSMUSG00000041779",82.034575543223,0.156893446973624,0.340853436845246,0.46029592198261,0.645303827907075,0.798150643292921
"ENSMUSG00000041781",822.298658606845,-0.302456687175079,0.181653493412968,-1.66501993158743,0.0959087793898774,0.251074757486477
"ENSMUSG00000041782",93.005855111125,0.432179008663739,0.829607148943719,0.520944171242982,0.602405663494143,0.768755484590705
"ENSMUSG00000041791",0.161201878832539,-2.30004766269272,7.30317726557631,-0.314937948108427,0.752808768181656,NA
"ENSMUSG00000041794",1.94648490444123,2.35116917484649,2.91535108208967,0.806478914080295,0.419966761330459,NA
"ENSMUSG00000041797",1.13922970873641,-2.95558399776965,3.63965762358013,-0.81205000674278,0.416762937890542,NA
"ENSMUSG00000041798",4.37184886426229,-0.245194104303097,3.2897057901626,-0.0745337485912314,0.940585688345895,NA
"ENSMUSG00000041801",31.9491490900788,-2.70911006322865,0.854744064169595,-3.16949853973027,0.00152702225508803,NA
"ENSMUSG00000041805",0.0405229151677288,0,7.3561311249555,0,1,NA
"ENSMUSG00000041809",3.39305645163491,2.15537344939902,2.27834638756377,0.946025354688827,0.344135654259829,NA
"ENSMUSG00000041815",1007.42991176868,0.061951213444645,0.164082280914802,0.377561873830926,0.705756091985822,0.839316526621733
"ENSMUSG00000041817",25.0447140250605,1.19230570615032,0.784164744697488,1.52047859102653,0.128390735447592,NA
"ENSMUSG00000041827",41.4349671293303,-0.190368034832135,0.704000296760139,-0.27040902639988,0.786845596620883,NA
"ENSMUSG00000041828",0.979491557448168,1.88485041989265,6.23944383838128,0.302086286649171,0.762586286064661,NA
"ENSMUSG00000041831",671.238411580401,-0.147613534146957,0.137802847184072,-1.0711936448583,0.284082368533285,0.495440051685166
"ENSMUSG00000041836",553.84406499289,0.359982201533998,0.252108378025705,1.42788670631681,0.153324470541901,0.337027438582764
"ENSMUSG00000041837",217.835743432238,-0.0825387031574491,0.219117611150584,-0.376686760703713,0.706406402791307,0.839624936594847
"ENSMUSG00000041840",933.42229209231,-0.475750921998268,0.299631005269827,-1.58778935968205,0.112333978321522,0.277674762617716
"ENSMUSG00000041841",6521.44969748531,-0.60305676687927,0.260813876921147,-2.31221119826225,0.0207660474749889,0.0975165697340928
"ENSMUSG00000041842",1.92917653643754,-0.38486839795546,2.38865962356457,-0.161123164706542,0.871996395811217,NA
"ENSMUSG00000041845",3.71844897702799,-0.892090908782504,2.07287113298442,-0.430364866675583,0.666930248072001,NA
"ENSMUSG00000041846",1103.67685762212,-0.139728529409125,0.180282295906318,-0.775054082302863,0.438307702875829,0.639886522364137
"ENSMUSG00000041849",262.104632589386,-0.0974065152650995,0.279190879606825,-0.348888600524035,0.727172943572948,0.851290492746847
"ENSMUSG00000041852",251.530005818345,0.494422260334772,0.328601575133822,1.5046253510301,0.132420424827321,0.307560126742968
"ENSMUSG00000041857",6.74243006207959,-3.45144134578457,2.14459563663777,-1.60936695329458,0.107536126867944,NA
"ENSMUSG00000041859",1936.69973607872,-0.0894124177259747,0.240058195084239,-0.372461426257907,0.709549326702436,0.84099891966397
"ENSMUSG00000041870",1012.83935146677,-0.065419746650438,0.122925673425223,-0.53218945097123,0.594594788466935,0.76262741455763
"ENSMUSG00000041872",14.4498714915792,0.674994423609355,0.835756302693967,0.807645029338799,0.419294956863749,NA
"ENSMUSG00000041879",446.135756039452,0.0765343056197948,0.227038601411701,0.337098207722885,0.73604286847159,0.856881846053664
"ENSMUSG00000041881",7444.4067026717,-0.564412919194218,0.172219905569234,-3.27728038944558,0.00104812229587402,0.0201008694804716
"ENSMUSG00000041885",0,NA,NA,NA,NA,NA
"ENSMUSG00000041886",14.3911151139019,0.170153943034223,1.00466199846929,0.169364366616306,0.86551004989111,NA
"ENSMUSG00000041889",2.78129497605807,1.23753464425057,1.78625001927512,0.692811549837113,0.488427823029006,NA
"ENSMUSG00000041890",1066.81516822151,-0.0365068585085835,0.17456624468537,-0.209128967483844,0.834347561857864,0.91925396298027
"ENSMUSG00000041891",593.178102476107,0.381024498803427,0.282328782709871,1.34957723809187,0.177151629498784,0.368506704039452
"ENSMUSG00000041895",6.94834009277444,2.72537079553891,1.58481343812028,1.71967925686662,0.08549076041566,NA
"ENSMUSG00000041907",4.06000166595484,-1.20380487078528,1.42288081366802,-0.846033525240962,0.397534042185463,NA
"ENSMUSG00000041911",0.989784437528278,0.431030535096408,3.24946133775697,0.132646765200148,0.894472745901421,NA
"ENSMUSG00000041912",50.4781214232934,-0.653527643102127,0.530813875232016,-1.23118040728772,0.218255397584938,NA
"ENSMUSG00000041915",388.582336329698,0.481599661909644,0.236231299795917,2.03867845762057,0.0414821291343098,0.149872385413981
"ENSMUSG00000041920",289.041057453536,0.320433187745372,0.219324272523552,1.46100194045309,0.144014908907897,0.322808928470422
"ENSMUSG00000041921",172.475129113212,0.13179452671865,0.252800764649363,0.521337531955054,0.602131659746893,0.768604268672267
"ENSMUSG00000041923",0.714680221339069,1.52934422633714,5.66181191722609,0.27011568888117,0.787071252608317,NA
"ENSMUSG00000041926",621.171118544192,0.42329752838395,0.162107286858106,2.61121838868642,0.00902202590794687,0.0589443001322239
"ENSMUSG00000041930",2.25905285835857,-0.184181321605802,1.79895082692375,-0.102382632615232,0.91845296839233,NA
"ENSMUSG00000041935",465.320352317159,0.433070463497698,0.236646711043657,1.83002950511239,0.067245526984416,0.201116841443566
"ENSMUSG00000041936",30.3970859261021,1.08865017209447,0.496093819810109,2.194444132586,0.0282034961335475,NA
"ENSMUSG00000041939",121.253990413866,-0.395273744914563,0.38165755929639,-1.03567644682127,0.300353114113758,0.511454010855211
"ENSMUSG00000041945",8.25102267234024,0.593148824476757,1.09919302971179,0.539622075871679,0.589457689106815,NA
"ENSMUSG00000041949",90.2920779091155,0.969002647216741,0.34072664962446,2.84392972573395,0.00445608748900816,0.0398628278994078
"ENSMUSG00000041954",3686.17861653216,-0.0323065272465432,0.254956461477194,-0.126713898754957,0.899166844900054,0.955008516368006
"ENSMUSG00000041957",7.09486663713732,-0.854475218736402,1.40142614700465,-0.609718336255336,0.542048405927494,NA
"ENSMUSG00000041958",539.915563649248,0.192749003393371,0.233116924562183,0.826834017973482,0.408331145884254,0.612956576537023
"ENSMUSG00000041959",47507.8734951547,-1.11680416358509,0.297771869361006,-3.75053616038903,0.000176456854588483,0.00889936738575078
"ENSMUSG00000041961",432.335915686722,0.302163102538387,0.314438025260761,0.960962346356822,0.33657110063821,0.544964017986684
"ENSMUSG00000041966",720.000409568521,0.154738874517544,0.266264975608428,0.581146184037005,0.561141934291257,0.738797019242019
"ENSMUSG00000041974",204.075362929381,0.209708544755796,0.218475971426312,0.959870064367819,0.337120614145388,0.545630772177449
"ENSMUSG00000041975",199.434151384306,0.152561040217578,0.314081131309837,0.485737680520128,0.627153164241092,0.785530794288291
"ENSMUSG00000041977",18.7026736015983,1.11323109436595,0.891404423460249,1.24885076298434,0.211719663106503,NA
"ENSMUSG00000041984",0.345723986147045,-2.73609148177864,7.28506289110767,-0.375575547208848,0.707232472544127,NA
"ENSMUSG00000041986",0.266368846988668,2.66069185107667,7.26249165262687,0.366360744816043,0.714095907647658,NA
"ENSMUSG00000041991",0.621671973682192,-0.229144960555389,6.17628783060945,-0.0371007580669662,0.970404667596019,NA
"ENSMUSG00000041992",32.4319653819301,-0.915315776214112,0.742022612544394,-1.23354162088874,0.217373758354187,NA
"ENSMUSG00000041995",95.8737112438132,0.451763960537607,0.360470564217236,1.25326172337709,0.210110473526845,0.409411005482527
"ENSMUSG00000041997",1093.24815236949,0.0668044941705193,0.129937472070285,0.514128011774645,0.607162494124147,0.77146726890715
"ENSMUSG00000042002",0.260182665093279,-2.03355519990823,7.2590276619079,-0.280141541625391,0.779368914524387,NA
"ENSMUSG00000042010",7.42392834476711,-0.757488673086004,1.15169835144474,-0.657714471967231,0.51072162126767,NA
"ENSMUSG00000042015",106.53584055455,0.00641613422662707,0.28119124022425,0.0228176888494471,0.9817956980365,0.997202297721205
"ENSMUSG00000042029",893.733591331987,0.213221980682099,0.451411606986655,0.472344922864162,0.636680610297594,0.793042821672344
"ENSMUSG00000042031",0.0736022397648171,-0.233369134492253,7.3499601866715,-0.0317510746405738,0.974670563724103,NA
"ENSMUSG00000042032",2909.5355734185,-0.473794287743918,0.228649279025653,-2.07214424538274,0.0382519911415633,0.142637550344389
"ENSMUSG00000042035",15.5902413872494,0.432144331058866,0.700288052135519,0.617095107850331,0.53717199531284,NA
"ENSMUSG00000042041",0.166769898363689,0,7.3561311249555,0,1,NA
"ENSMUSG00000042042",212.802127581078,-0.417838756560097,0.234355378337437,-1.78292795976916,0.0745980310197966,0.214174132044929
"ENSMUSG00000042043",3447.92944242335,-0.996242007039245,0.246592119915228,-4.04003991442114,5.3442105564197e-05,0.00586972459446764
"ENSMUSG00000042045",0.0414066693320352,0,7.3561311249555,0,1,NA
"ENSMUSG00000042046",40.444275014154,0.0545539599582596,0.664624619390888,0.0820823640392031,0.934581217252735,NA
"ENSMUSG00000042050",28.111797160904,-0.80554205366707,0.912976152453926,-0.882325405216673,0.377600861757749,NA
"ENSMUSG00000042055",153.302021783452,0.0938176204097225,0.24078718940151,0.389628786493632,0.696811062612558,0.83521005867893
"ENSMUSG00000042063",971.530366498891,-0.92948939843355,0.319948016125047,-2.90512630673813,0.00367104924885483,0.0363480122531614
"ENSMUSG00000042064",55.3087812745817,-1.26795840703798,0.683560944880241,-1.8549310292444,0.063606076293981,NA
"ENSMUSG00000042066",4.38761427966642,-0.912866221293213,1.36871024988512,-0.666953594721623,0.504801775438423,NA
"ENSMUSG00000042073",48.8790744757367,-0.0925167347030803,0.522235197812725,-0.177155302994834,0.859386403318464,NA
"ENSMUSG00000042078",34.5580532151544,0.374440331333526,0.785419011917535,0.476739581868997,0.633547573395941,NA
"ENSMUSG00000042079",9190.53050062946,-0.315350876151355,0.136456218167644,-2.3110040743173,0.0208326298486827,0.0976436918227731
"ENSMUSG00000042082",1047.67590215398,0.353097432565794,0.215757901201959,1.63654462060826,0.101725655080189,0.260507279913903
"ENSMUSG00000042092",0.106675303296563,2.16440667722702,7.28475904437209,0.297114381415148,0.766379185098497,NA
"ENSMUSG00000042096",1.12893555608044,1.18473230292952,2.61934382723816,0.452301179635015,0.65105202624989,NA
"ENSMUSG00000042097",58.4678541338203,0.48484012627034,0.545577074292594,0.888673936490079,0.374178342373655,NA
"ENSMUSG00000042099",33.8862828956931,-0.0735686302256787,0.623050888122229,-0.118078044070208,0.906005820028677,NA
"ENSMUSG00000042102",1.55697972797357,-1.91280055190143,2.95951560945167,-0.646322170355381,0.518070732779252,NA
"ENSMUSG00000042104",39.0033623670902,0.0177891202854859,0.533547618447634,0.0333412045531074,0.973402495530007,NA
"ENSMUSG00000042105",361.401608263401,0.541918397592915,0.294663234050439,1.83911100867152,0.0658988601444324,0.198804914820354
"ENSMUSG00000042106",34.749333930619,-1.59678065765926,0.643670827082167,-2.48074107210613,0.0131109573472679,NA
"ENSMUSG00000042109",13.8354235417539,0.684756340771165,0.76584228939193,0.89412187111638,0.371256688499853,NA
"ENSMUSG00000042111",499.400503523612,-0.653213996686937,0.26691489372159,-2.4472744386017,0.0143941190410874,0.0780392314781036
"ENSMUSG00000042115",0.429324679495231,1.35401897481593,6.5805642640194,0.205760314844019,0.83697814200356,NA
"ENSMUSG00000042116",9.13722838675766,1.25353964033562,1.07629244506166,1.16468311757386,0.244147285173667,NA
"ENSMUSG00000042118",19.5846415166527,0.455659670963171,0.605177344243584,0.75293577212925,0.45148851067372,NA
"ENSMUSG00000042121",276.59358368751,-0.112616616650453,0.243595802338285,-0.462309348393701,0.643859496664317,0.797562797559746
"ENSMUSG00000042124",0,NA,NA,NA,NA,NA
"ENSMUSG00000042129",38.6023475977862,0.00948896757929472,1.00635597749222,0.00942903683340828,0.992476828564316,NA
"ENSMUSG00000042133",1823.44539867908,-0.0444966586568183,0.205767069703714,-0.216247715054161,0.828794662084494,0.916138671453452
"ENSMUSG00000042138",211.552678507766,0.387618430259938,0.317330749851923,1.22149659445488,0.221898054249495,0.424349442108001
"ENSMUSG00000042148",428.048581449796,0.354208785722378,0.229233242918404,1.5451894376788,0.12230044844245,0.292438300158109
"ENSMUSG00000042155",10.6624026274333,3.68922723306845,1.67673615776046,2.20024314260389,0.0277896488704285,NA
"ENSMUSG00000042156",135.337909669203,-0.0435031754662981,0.378896502329378,-0.114815458044214,0.908591396339548,0.960541322500221
"ENSMUSG00000042157",0.0736013924535585,-0.232670729258383,7.34993276340937,-0.0316561711171974,0.974746247734838,NA
"ENSMUSG00000042165",4.90124746944981,-5.61831383693775,7.22303049884804,-0.777833326030367,0.436667278528238,NA
"ENSMUSG00000042167",587.58833294688,-0.377032194488058,0.227295593755858,-1.65877476222893,0.0971611877391052,0.253213377485119
"ENSMUSG00000042178",155.970486851393,0.112489990934715,0.30821428152837,0.364973324327803,0.715131318852325,0.844073454662143
"ENSMUSG00000042179",0.273194768225127,-1.67446591673844,7.35019486334965,-0.227812452304883,0.819792045681805,NA
"ENSMUSG00000042182",24.1376063553451,-0.218401352909713,0.883804668074437,-0.247114957409705,0.804819258306627,NA
"ENSMUSG00000042184",0.127037401643565,0,7.3561311249555,0,1,NA
"ENSMUSG00000042185",952.947482473378,0.25529939647533,0.174643725510266,1.46182976645401,0.143787864978597,0.322429325332575
"ENSMUSG00000042189",0.418148986991417,1.15108659859743,7.35611028819765,0.156480334511062,0.875654419077082,NA
"ENSMUSG00000042190",74.7368588415353,0.635319860180483,1.31858397305465,0.481819795449729,0.629933965779055,0.787187779010954
"ENSMUSG00000042195",148.061876579022,0.0549039618804185,0.250034333673546,0.219585690787983,0.82619383652898,0.914353500914904
"ENSMUSG00000042197",567.67026266584,0.445804369742564,0.212382234000361,2.09906620410541,0.0358110651094919,0.13731279232247
"ENSMUSG00000042198",861.967947425529,-0.707214792456439,0.251152099981142,-2.81588245732184,0.00486434601699072,0.041631221106453
"ENSMUSG00000042200",0.153624054177369,2.11893536788478,7.28587098732745,0.290828011032629,0.771182861152556,NA
"ENSMUSG00000042202",281.529999707963,0.358529894839023,0.256667453134884,1.3968654399302,0.162454039010842,0.349251451853451
"ENSMUSG00000042203",216.574861103704,-0.240286175472375,0.255892001224286,-0.939014014985825,0.34772354874623,0.556459005885783
"ENSMUSG00000042207",280.078670583213,0.712505616185792,0.266295079238808,2.67562441717832,0.00745901819344312,0.0524412481096624
"ENSMUSG00000042208",243.557676225014,0.366704774276081,0.367624775624524,0.9974974446516,0.318523113533141,0.529978282658659
"ENSMUSG00000042210",159.740541949598,0.124962753109045,0.282694563882224,0.442041585069554,0.658459113948162,0.807867777246683
"ENSMUSG00000042211",449.738366319214,0.253654080440706,0.214036846679749,1.18509539070267,0.235979733308554,0.440689455862776
"ENSMUSG00000042212",0,NA,NA,NA,NA,NA
"ENSMUSG00000042213",118.679017782951,0.522695405059064,0.721247958095355,0.724709719025589,0.468630131405462,0.66529455192459
"ENSMUSG00000042215",129.679621482098,-1.00859471538717,0.362692875272347,-2.78085064292983,0.00542166743642451,0.0438928604496776
"ENSMUSG00000042216",9.00556245396257,0.468217388979585,0.985519478592462,0.475097041864968,0.634717806855829,NA
"ENSMUSG00000042219",0.0761524196209141,-2.55627499047924,7.29465809108018,-0.350431090609309,0.726015196884991,NA
"ENSMUSG00000042225",228.15662447874,0.500811213445803,0.322352971509783,1.55361128237841,0.120277166456308,0.289773285503438
"ENSMUSG00000042228",75.2624763014569,1.80601273669308,0.690882638116362,2.61406588768396,0.00894717805035575,0.058532663817185
"ENSMUSG00000042229",834.057596985112,-0.496764599112907,0.225832361180503,-2.19970511097767,0.0278278239508446,0.116855581883644
"ENSMUSG00000042240",0.324924719156299,-0.541387997887115,7.18930247825184,-0.0753046626602306,0.939972311752325,NA
"ENSMUSG00000042243",0.0406180793754555,0,7.3561311249555,0,1,NA
"ENSMUSG00000042244",0.272781613817503,2.74131111280423,7.2611442568586,0.377531559191224,0.705778615698252,NA
"ENSMUSG00000042246",1.91239871315385,-0.389502203918051,2.82930104150093,-0.137667288918616,0.890503372852772,NA
"ENSMUSG00000042248",0.190381049052285,-3.87344176364856,7.24606634725706,-0.534557866022689,0.592955625497417,NA
"ENSMUSG00000042249",28.1658047432968,-0.124186961412674,0.69861260138682,-0.177762269340904,0.858909680051905,NA
"ENSMUSG00000042250",0.192496274468644,-2.23296375080378,7.30565115166142,-0.305648833272851,0.759872035030281,NA
"ENSMUSG00000042251",6.3987832119093,0.354303166361784,1.13790432120455,0.311364637394759,0.755523433944645,NA
"ENSMUSG00000042254",0.388071556735824,0,7.3561311249555,0,1,NA
"ENSMUSG00000042256",0.703064603247513,-0.820169965827374,4.39159200004737,-0.186759144706186,0.851849481041887,NA
"ENSMUSG00000042258",0.21182284466586,-1.5550287269066,7.34717266069285,-0.211649950085692,0.832380137452348,NA
"ENSMUSG00000042262",9.34304846680826,0,2.31596892677008,0,1,NA
"ENSMUSG00000042265",6.13982658581954,-1.58261576342974,2.2066100613679,-0.717215873858866,0.47324090608405,NA
"ENSMUSG00000042268",4.995117474382,0.1320945112346,1.77298031803125,0.0745042174981838,0.940609185417898,NA
"ENSMUSG00000042269",0.109923001206964,1.42945057617095,7.34366177890099,0.194650927453916,0.845666231179507,NA
"ENSMUSG00000042271",93.1330638487631,-1.40872855791783,0.398084540388066,-3.53876730943772,0.000402000039758522,0.0127364435673493
"ENSMUSG00000042272",24.7227338167276,-0.554590501289063,1.01299850611402,-0.547474155136257,0.584053021609252,NA
"ENSMUSG00000042275",232.249097519446,-0.201124329524258,0.26415773101305,-0.761379683089125,0.446430318949969,0.647621831112337
"ENSMUSG00000042279",6.1396961352674,0.422024450844182,2.26701379067471,0.186158748826393,0.85232027210871,NA
"ENSMUSG00000042282",0.826804256862396,0.406171386205999,6.16396292645687,0.0658945212766671,0.947461802492473,NA
"ENSMUSG00000042284",202.770825573972,-3.29368464990226,1.68648469582697,-1.95298816410972,0.0508209976855846,0.169546257887953
"ENSMUSG00000042286",374.510917038838,0.294554379965621,0.34639016671824,0.850354335275391,0.39512811621084,0.602102887119494
"ENSMUSG00000042289",18.5089336281833,1.75335770667488,0.801205355442213,2.18839988370665,0.0286404867520196,NA
"ENSMUSG00000042292",414.164180668072,-0.235333760053297,0.181802392614296,-1.29444809096969,0.195510688437447,0.391140084032416
"ENSMUSG00000042293",291.665182632407,-0.134656947841945,0.200218373362582,-0.672550403743869,0.501233363451363,0.691416661696445
"ENSMUSG00000042298",307.569262316441,0.49753909502475,0.203920811178707,2.4398642401865,0.0146927823725343,0.0791790388497023
"ENSMUSG00000042302",9.14564239015164,0.624246706640448,1.08026290514494,0.577865539645365,0.563354902491682,NA
"ENSMUSG00000042303",53.3388656508497,0.158010995282205,0.502516085265848,0.31443967649038,0.753187125660463,NA
"ENSMUSG00000042305",701.480971260553,-0.25756688716155,0.25644978434381,-1.0043560294683,0.315207036028204,0.526855182810077
"ENSMUSG00000042306",1.59237341018402,-1.2269438760977,2.0243049442367,-0.606106248760038,0.544444201810042,NA
"ENSMUSG00000042308",277.822760652617,0.305505336408629,0.211749391550535,1.44276842625882,0.14908571624129,0.331693068882546
"ENSMUSG00000042312",7839.7606993254,-0.712621597310984,0.23519575228368,-3.02990845026597,0.002446278783256,0.0300030121937777
"ENSMUSG00000042320",25.6981770103106,-0.626270072038889,0.706745333947083,-0.886132588299168,0.375546084146921,NA
"ENSMUSG00000042323",3018.28330916998,0.631450458350658,0.221814337734317,2.8467522198993,0.00441677254875311,0.0397992676795118
"ENSMUSG00000042328",133.199158107264,0.319695540685661,0.240884597081312,1.32717303040238,0.184451451611323,0.377729977041211
"ENSMUSG00000042331",37.3063764107407,0.700808309867251,0.711511412981701,0.984957229189625,0.324645080429442,NA
"ENSMUSG00000042333",340.284483169122,0.654138304065353,0.205489026961677,3.1833247435998,0.00145594222058002,0.0237942384229693
"ENSMUSG00000042340",0.718518430496441,0,6.75314050018248,0,1,NA
"ENSMUSG00000042345",530.824909507804,-0.03339303435191,0.22385537620523,-0.14917235814473,0.881417630929456,0.946071103134893
"ENSMUSG00000042348",133.864091764653,0.051897852509911,0.294221160413258,0.176390618665959,0.859987074334625,0.933454730404938
"ENSMUSG00000042349",515.661612039087,0.448751464330577,0.175618096911344,2.55526891717269,0.0106105787982649,0.0652871375295683
"ENSMUSG00000042350",405.848625272729,0.215679625723246,0.216927427898619,0.994247835843254,0.320102224656167,0.530907800457418
"ENSMUSG00000042351",551.970694699007,0.166967287378708,0.237755346297272,0.702265122442059,0.482513839751981,0.676258231383572
"ENSMUSG00000042353",0.445685326717984,-0.109143060566925,7.22284702483188,-0.015110808825342,0.987943777751448,NA
"ENSMUSG00000042354",1649.01247568565,-0.06699385623162,0.293738336876058,-0.228073246904396,0.819589297891204,0.909993920897981
"ENSMUSG00000042357",0.0407969102058399,0,7.3561311249555,0,1,NA
"ENSMUSG00000042359",6.35232801679052,-0.366402356107159,1.31454720841069,-0.278728944660836,0.780452847827146,NA
"ENSMUSG00000042363",109.353735631845,-1.94229449412827,0.692512572081442,-2.80470647383402,0.00503624198841064,0.0424409650941511
"ENSMUSG00000042364",339.772762649402,0.557550317189424,0.23688606190203,2.35366451159128,0.018589380102114,0.091557559695763
"ENSMUSG00000042367",0.413121572739933,1.15470962700806,7.35599734538531,0.156975264235577,0.875264342676969,NA
"ENSMUSG00000042369",127.943215093223,-0.0355511370191327,0.32844747483024,-0.108239946242569,0.913805358559632,0.962532852642634
"ENSMUSG00000042371",1.53709117243344,0.29523031114977,3.05177839668743,0.0967404158408846,0.922932543137167,NA
"ENSMUSG00000042372",0.245250191312208,-2.55202516356613,7.29478812266697,-0.349842260070072,0.72645708168823,NA
"ENSMUSG00000042377",5.67419571582222,-5.09580753826861,2.06855098321476,-2.46346721913963,0.0137600477403546,NA
"ENSMUSG00000042379",601.913575589131,2.30425386312639,1.53236954316161,1.50371943465557,0.132653622948274,0.307914548625307
"ENSMUSG00000042380",779.542636081036,-0.506197187364223,0.269810182206724,-1.87612336652434,0.0606383418089466,0.189069755481335
"ENSMUSG00000042385",6535.55855068715,-0.199153189794181,1.13145910367005,-0.176014483553315,0.860282563861188,0.933467963091969
"ENSMUSG00000042386",17.8008110614482,1.0950823874478,0.86195016249002,1.27047065492081,0.203917029354425,NA
"ENSMUSG00000042388",0.5867465956982,-1.9033093430881,7.35601311144287,-0.25874197262201,0.795834332535861,NA
"ENSMUSG00000042389",111.008932457958,-0.0207048380117266,0.456313367767549,-0.0453741649363072,0.963809073166783,0.988536139746844
"ENSMUSG00000042390",937.964734320664,0.48161279161022,0.229208237417124,2.10120193339194,0.0356232437687625,0.136736611281174
"ENSMUSG00000042396",1481.48611781209,-0.0485721018127256,0.231458356955434,-0.209852443660428,0.833782840145024,0.918936712546946
"ENSMUSG00000042401",0.545987009128633,0.47499137997384,7.19893780983584,0.0659807589009678,0.947393144241078,NA
"ENSMUSG00000042404",317.2652081285,0.164683266925473,0.273967605940053,0.601104887420547,0.547770128327664,0.729744975541638
"ENSMUSG00000042406",1706.88920035334,-0.256265053227562,0.135755253898159,-1.88769897200301,0.0590663744646336,0.185768727834204
"ENSMUSG00000042408",65.4626958414405,0.366018744008987,0.394606220891333,0.927554419142777,0.353638750883952,0.562533629416581
"ENSMUSG00000042410",810.755050009496,0.812023957709096,0.296468624496593,2.73898784091545,0.00616286526456056,0.0473716354122715
"ENSMUSG00000042414",0.794715517847063,-1.69200320744923,7.13502871717115,-0.237140350027921,0.812547910186164,NA
"ENSMUSG00000042417",6.88404769735115,0.924245748676048,1.45851727491843,0.633688585366764,0.52628407574175,NA
"ENSMUSG00000042419",68.3488490570422,-0.371738698299623,0.445352777455531,-0.83470614110348,0.403883183118169,0.608780918743993
"ENSMUSG00000042423",264.687317029713,-0.212135731421319,0.250451310343387,-0.847013861219036,0.396987395433535,0.603447701654697
"ENSMUSG00000042425",24.2563369219634,0.0903756629750575,0.551668199237193,0.1638224989224,0.869870879384658,NA
"ENSMUSG00000042426",273.092872125779,0.211884212246428,0.219454120287445,0.965505737458462,0.334291563648971,0.54314137190501
"ENSMUSG00000042428",0.231385447632236,-1.67434264464974,7.35019125315115,-0.227795792923337,0.819804997482162,NA
"ENSMUSG00000042429",2.69346265701403,2.42252270614182,1.85578284956795,1.30539125669031,0.191759654058731,NA
"ENSMUSG00000042433",0,NA,NA,NA,NA,NA
"ENSMUSG00000042436",0.593692562975312,-2.56605992058189,7.29436007706222,-0.351786845380871,0.724998124639145,NA
"ENSMUSG00000042439",0.548500239399484,-0.881191846817091,7.20152856797837,-0.12236177896111,0.902612506970729,NA
"ENSMUSG00000042444",1168.16799658247,0.417921306983346,0.183306221726225,2.27990792155177,0.0226131501466973,0.102396238754055
"ENSMUSG00000042446",174.258468098701,0.815798978106055,0.422332584436738,1.93165057153731,0.0534026494335276,0.174558782201001
"ENSMUSG00000042447",258.175459828343,0.332281175412966,0.233649328612266,1.42213623033506,0.154986706827584,0.339061575354377
"ENSMUSG00000042448",0.0836762462614459,0,7.3561311249555,0,1,NA
"ENSMUSG00000042451",0.201577399577178,-2.67226377885781,7.29124311629609,-0.366503178708338,0.713989641111122,NA
"ENSMUSG00000042453",7.74720541281045,-0.532379176033616,1.65393022853645,-0.321887324415562,0.747538056216233,NA
"ENSMUSG00000042459",0.165877257786345,0,7.3561311249555,0,1,NA
"ENSMUSG00000042460",688.068868279263,0.0124364423591347,0.213991472390748,0.0581165324963312,0.953655805622602,0.984120225344965
"ENSMUSG00000042462",2751.66584915428,-0.420511126924952,0.257702967944844,-1.63176672072692,0.102728638474546,0.261944071688585
"ENSMUSG00000042472",3210.12426712274,0.410394065886182,0.308409306944705,1.33067990052506,0.183294359333294,0.376731267361535
"ENSMUSG00000042473",52.7412480558406,0.144054175671377,0.38751402323906,0.371739258536482,0.710086992250665,NA
"ENSMUSG00000042474",136.018963417085,1.69498814477835,1.82189619840712,0.930342873683072,0.352193586142105,0.561344427454962
"ENSMUSG00000042476",16.148252278831,1.145612564424,0.688651612312553,1.66355896645175,0.0962005977831204,NA
"ENSMUSG00000042477",0.480634720993482,3.14513612623715,7.24947871405961,0.433843073452646,0.664402400486426,NA
"ENSMUSG00000042485",8.91034661978407,0.085402926831028,0.916309999747767,0.0932030937723445,0.925742216615326,NA
"ENSMUSG00000042487",408.405631454063,-0.0998786447968109,0.185920635997166,-0.537211182939011,0.591121747497483,0.760121223639695
"ENSMUSG00000042489",973.532540755397,0.0202485872116246,0.274049874655203,0.0738865041887007,0.941100694592068,0.977706917849835
"ENSMUSG00000042492",468.046115491014,0.0537525359864161,0.216888311740396,0.247835097959335,0.804261997656965,0.901872379906441
"ENSMUSG00000042496",240.940649636868,0.388862837290193,0.263470905804792,1.47592325650676,0.139964495420839,0.318130383360541
"ENSMUSG00000042498",1.05016750986458,-1.30552616862848,4.10092658452837,-0.318349071049908,0.750220165563353,NA
"ENSMUSG00000042499",0.428561336346346,-0.699661564702982,7.20135725049841,-0.0971569025622993,0.92260179284092,NA
"ENSMUSG00000042500",6.52348137595814,5.53752891816748,1.83243026105843,3.02195889024936,0.00251144653215384,NA
"ENSMUSG00000042501",83.5132449604887,0.309394022578774,0.628656306492562,0.492151306498401,0.622612384390634,0.782719498881015
"ENSMUSG00000042502",1055.03664788375,-0.152595916818873,0.223485953202361,-0.682798693306247,0.494734055489932,0.685274026996518
"ENSMUSG00000042505",205.232109297851,0.0811751025422257,0.332294951659671,0.244286294861811,0.807009097114217,0.903592472219113
"ENSMUSG00000042506",336.669686051111,0.0031277407245123,0.183566640083951,0.0170387207778161,0.986405725535841,0.999243758651546
"ENSMUSG00000042507",150.336867298874,0.281496133790248,0.397812395591705,0.707610262801269,0.479187317873216,0.673350382613513
"ENSMUSG00000042508",777.084015890124,0.358921923262161,0.235879747912979,1.5216309430455,0.128101579751317,0.301653942370079
"ENSMUSG00000042510",4.71974528758682,-2.72687498204675,1.35734765974583,-2.00897313408812,0.0445399829787443,NA
"ENSMUSG00000042514",1.43330010015519,-0.246124380540246,3.02029916646097,-0.0814900667037701,0.935052224228721,NA
"ENSMUSG00000042515",0.475840598369585,0,7.3561311249555,0,1,NA
"ENSMUSG00000042520",1667.161764484,0.789912299247509,0.32754448711331,2.41161836124645,0.0158818959543762,0.0830209103696504
"ENSMUSG00000042523",27.2523440595068,0.175222330365317,0.993912106280345,0.176295599236713,0.860061719188882,NA
"ENSMUSG00000042524",463.099426740311,0.412720534455644,0.302952375477213,1.36232810125857,0.173094362979458,0.362815474565722
"ENSMUSG00000042525",0.0380762098104571,-1.67431590235222,7.3501929692546,-0.227792101425878,0.819807867435575,NA
"ENSMUSG00000042529",0.117975497426089,0,7.3561311249555,0,1,NA
"ENSMUSG00000042532",1.04956708634021,0.438097775336242,2.37822792587416,0.184211853948024,0.853847260509686,NA
"ENSMUSG00000042535",535.197720616639,0.259929270510316,0.214303185946303,1.21290436893199,0.225166385088615,0.42745721463433
"ENSMUSG00000042540",0.0781692068987973,-1.67397151071346,7.35018429827282,-0.227745515320864,0.819844085994076,NA
"ENSMUSG00000042541",12185.5305750619,-0.631795219467987,0.233682749645925,-2.70364509329542,0.00685834983211931,0.0501080563038615
"ENSMUSG00000042548",976.414490968918,0.327451576205252,0.163507401263005,2.00267127772729,0.0452125836643712,0.15842835502386
"ENSMUSG00000042554",3.79406894613884,-0.0139160387920177,1.74528438411133,-0.00797350788141241,0.99363812857732,NA
"ENSMUSG00000042557",585.413547279711,0.40150624176712,0.278133782043993,1.44357236584663,0.148859302869489,0.331529687399388
"ENSMUSG00000042558",272.540474292881,-0.30470681553154,0.221028146796884,-1.37858829270081,0.168021728193369,0.355765228226043
"ENSMUSG00000042564",13.8823526706609,0.0730847395636997,0.74360276383537,0.0982846529331624,0.921706264360606,NA
"ENSMUSG00000042567",0.657950186127232,-4.43297149784638,7.23219355374911,-0.61294978693544,0.539909541876497,NA
"ENSMUSG00000042569",555.714801173067,-0.253964503715877,0.196455935337459,-1.29273011415834,0.196104418604547,0.391931293551546
"ENSMUSG00000042570",92.5932007940265,0.00578439738966764,0.386186132405495,0.0149782628227417,0.988049522192768,0.999870211670357
"ENSMUSG00000042572",994.309800933991,-0.387092083198302,0.164079716835977,-2.35917083880185,0.0183158216327952,0.0906619413320882
"ENSMUSG00000042581",15.3837317362709,0.271945065890035,1.01681143266558,0.267448867266499,0.789123578585062,NA
"ENSMUSG00000042589",23.6837204683205,0.289680790204697,0.575852915603553,0.503046493914304,0.614931583967481,NA
"ENSMUSG00000042590",524.471232393548,-0.0670034150298887,0.228166881926183,-0.293659686560321,0.769017962163756,0.879322447193607
"ENSMUSG00000042594",255.565277834901,0.163685962166381,0.283916661692219,0.576528200883909,0.564258213944972,0.741320101654179
"ENSMUSG00000042595",166.008118589812,0.0811496764692866,0.336757013216987,0.240973976144035,0.80957528629366,0.904152265847116
"ENSMUSG00000042596",0.213112496023839,3.74732539013341,7.23720591907728,0.517786205344172,0.604607444017711,NA
"ENSMUSG00000042599",676.792731607812,0.247060649368374,0.192650598219056,1.28242866439195,0.199692314229252,0.396012832569073
"ENSMUSG00000042604",0.816892203324885,2.71727080420189,7.24926406768721,0.374834021609701,0.70778391031544,NA
"ENSMUSG00000042605",259.62298653788,0.00992239542690237,0.320536825825323,0.0309555552668684,0.975304984429428,0.994111133335213
"ENSMUSG00000042606",284.585268716477,0.347392050570265,0.530571845619071,0.654750253785004,0.512628564002673,0.70134834618488
"ENSMUSG00000042607",0.453723957857422,0.212884923791111,7.17646711487191,0.0296643070167418,0.976334778260561,NA
"ENSMUSG00000042608",169.13160607031,0.154670649389583,0.380585299089975,0.406402059563045,0.684447206652874,0.827110102416095
"ENSMUSG00000042613",647.718677901328,0.2458943109128,0.232353048188114,1.05827882539214,0.289928343583699,0.501330201902228
"ENSMUSG00000042616",43.8543552786378,0.750075643064808,0.831685958725112,0.901873640159317,0.367123995473415,NA
"ENSMUSG00000042622",30.2441019145638,-0.0372165799585018,0.641551747730758,-0.058010254184703,0.953740460625072,NA
"ENSMUSG00000042625",605.658063672667,0.0440011547959684,0.225334601187966,0.195270298320781,0.845181347976361,0.92595812854165
"ENSMUSG00000042626",357.395541136086,-0.212673924255992,0.216216564782685,-0.983615313978119,0.325304692603762,0.535820228701607
"ENSMUSG00000042628",77.7788345223048,-0.365114341844421,0.466584925862804,-0.782524941561828,0.433906133292366,0.6355948255801
"ENSMUSG00000042631",0.159987964172442,-1.67368152190235,7.35017688758462,-0.227706291630806,0.819874580910839,NA
"ENSMUSG00000042632",52.4593489990923,0.517525508842941,0.494552769592197,1.04645154301671,0.295352606171919,NA
"ENSMUSG00000042638",0.202506057110471,-1.67318179131602,7.35016421950679,-0.227638695047864,0.819927135304272,NA
"ENSMUSG00000042641",5.05716210068517,1.0531876280045,1.93907704450576,0.543138618957216,0.587034364572488,NA
"ENSMUSG00000042642",419.541464095878,0.0347363335029596,0.294276311565233,0.118039856209287,0.906036077930801,0.959107730210265
"ENSMUSG00000042644",326.35935387933,-0.0120351289290833,0.236252779292451,-0.0509417453844441,0.95937194066847,0.98665750091066
"ENSMUSG00000042647",32.0895036948684,0.154870750523709,0.632697284911292,0.244778591938201,0.806627870903446,NA
"ENSMUSG00000042650",610.021405784035,-0.152687307834782,0.190298408805407,-0.802357249297418,0.42234633496798,0.626181106235733
"ENSMUSG00000042655",5.57587275554567,1.15039885216628,2.56733870208558,0.448090020701886,0.65408822982144,NA
"ENSMUSG00000042659",55.1797714803142,-0.797064095761125,0.746069710323255,-1.06835069797402,0.285362347436755,NA
"ENSMUSG00000042660",391.114134602857,-0.274675766467394,0.192986976035619,-1.42328654559932,0.15465310565557,0.338877775434246
"ENSMUSG00000042662",0.308573459941514,1.70815297756417,7.28533332125594,0.234464629446727,0.81462428953397,NA
"ENSMUSG00000042670",2279.85738905132,-0.891531285501035,0.24747311294676,-3.60253796820681,0.000315125354382411,0.011597282252626
"ENSMUSG00000042671",1.9534619481026,2.69336512191182,2.99341174266214,0.899764333628398,0.368245678684271,NA
"ENSMUSG00000042672",5.43305376187116,1.19779986526252,1.26092260421147,0.949939243901159,0.342143124782173,NA
"ENSMUSG00000042675",3575.60497220859,-0.543149995747492,0.306377817434429,-1.77281110067225,0.0762600133735122,0.217335253608436
"ENSMUSG00000042677",742.469451620779,0.390416511905414,0.265055057951815,1.4729638246571,0.140760790472278,0.319008098416562
"ENSMUSG00000042678",2.09971192215032,-1.37210485591636,2.12540140703557,-0.645574455429631,0.51855498496325,NA
"ENSMUSG00000042680",0.5714541214204,1.3558389668629,6.1513215895333,0.220414255234178,0.825548544323145,NA
"ENSMUSG00000042682",7227.47860337687,-0.598902918499551,0.186236899067519,-3.2158123416908,0.00130075859684062,0.0223229144614055
"ENSMUSG00000042684",36.4992086291333,0.980915357605249,0.487779771004277,2.01097998710702,0.0443275706394444,NA
"ENSMUSG00000042686",1.19563456780901,5.71700376551776,4.50767692997308,1.2682816125316,0.204697401056236,NA
"ENSMUSG00000042688",487.587968190678,0.193304179085587,0.208352095140789,0.927776507142709,0.353523512747309,0.562462566152768
"ENSMUSG00000042694",362.79086304843,0.0893746275277468,0.192045042077965,0.465383675416432,0.641656722460113,0.796231069736156
"ENSMUSG00000042699",1291.41779836892,0.574338661253607,0.269054596370682,2.13465470949371,0.0327892250399415,0.129648595807929
"ENSMUSG00000042700",354.563536009469,0.622833786382079,0.310267323491852,2.00741018864797,0.0447060048450357,0.157322484120035
"ENSMUSG00000042705",995.70515205727,-0.414864786871548,0.260031368651397,-1.59544130780515,0.110613584940313,0.274727459079144
"ENSMUSG00000042707",0.568262602854121,0.763430537892463,5.35466864443668,0.142572881458434,0.886627516106613,NA
"ENSMUSG00000042708",7.90028752543563,1.18033536915009,1.00022584207873,1.18006885994572,0.237972828615859,NA
"ENSMUSG00000042709",756.301350459416,-0.52102008854358,0.269313936363951,-1.93461985509533,0.0530369617107384,0.173747917746745
"ENSMUSG00000042712",2431.69664658876,-0.898344624676776,0.272100744588463,-3.30151476077536,0.000961642748361415,0.0193601600153821
"ENSMUSG00000042717",0.123167151366422,0,7.3561311249555,0,1,NA
"ENSMUSG00000042719",708.432961068545,0.312145976024397,0.255640762290412,1.2210336615637,0.222073274979846,0.42452027135482
"ENSMUSG00000042724",2.3946354639718,1.8186338905374,1.78906844796665,1.01652560728146,0.309379159694592,NA
"ENSMUSG00000042726",379.871418385095,0.0568962573663674,0.272184265577509,0.20903580611336,0.834420286776149,0.91925396298027
"ENSMUSG00000042729",814.286613244389,-0.328131327663337,0.229260372138656,-1.43126055585779,0.15235555405102,0.336086021413064
"ENSMUSG00000042734",0.35231142188707,1.55601209402746,7.33866777958859,0.212029232111484,0.832084228830946,NA
"ENSMUSG00000042737",2251.13425059172,-0.282992246542876,0.143802836212445,-1.9679183943549,0.0490774279929257,0.166350243812925
"ENSMUSG00000042742",540.398507856496,0.181656794695715,0.247961754683425,0.732600053293048,0.463802398600308,0.661284683421901
"ENSMUSG00000042743",6.73975968118832,-0.552908834619181,1.01485576052159,-0.544815190618825,0.585880629972216,NA
"ENSMUSG00000042744",332.971036518432,0.260389832949793,0.256102378921905,1.01674117220596,0.309276573941862,0.520754907340159
"ENSMUSG00000042745",8.81039657616378,-0.374585005710789,1.16720001433375,-0.320926148998212,0.74826635719579,NA
"ENSMUSG00000042747",8873.31881596381,-0.556192869365969,0.196401514402809,-2.83191741701771,0.00462697971275935,0.0406250624467681
"ENSMUSG00000042750",22.222111736757,1.59065307648375,0.810513793039452,1.96252437669043,0.0497014654216906,NA
"ENSMUSG00000042751",66.4733528309683,-2.15269879388218,0.790402752089663,-2.72354668324583,0.00645850872184154,0.048577852820009
"ENSMUSG00000042757",386.185309199958,-0.637608925884772,0.408767057684304,-1.55983441889098,0.11879901547542,0.287402904545896
"ENSMUSG00000042759",92.0819519966314,-0.102781699278276,0.421628033201277,-0.243773400212243,0.80740632248985,0.903669780096487
"ENSMUSG00000042761",9.2633267607764,0.730382178648232,0.976063616160226,0.748293622009506,0.45428307073007,NA
"ENSMUSG00000042763",10.8547743561096,-0.811702183270567,0.839187193004923,-0.967248058641196,0.333420042614403,NA
"ENSMUSG00000042766",48.5509312217894,0.118715533150233,0.883183337981522,0.134417768140364,0.893072232191633,NA
"ENSMUSG00000042770",13.2932766784827,-1.4194936361875,0.932168505981131,-1.52278652097717,0.127812123293685,NA
"ENSMUSG00000042772",677.819389837748,-0.0912543133239771,0.176060805895703,-0.518311346240431,0.604241057816254,0.770307802490747
"ENSMUSG00000042774",0.116937669563744,0.506967930187559,7.32519951607241,0.0692087538469373,0.944823455255366,NA
"ENSMUSG00000042784",20.1082628153567,-0.881278148649699,1.26428663210954,-0.697055656737613,0.485767963502403,NA
"ENSMUSG00000042787",131.91606253809,-0.55764425744747,0.22820231109386,-2.44363983333241,0.0145399337763141,0.0785865367485048
"ENSMUSG00000042788",0.125457908415819,0.908132376819034,7.34993463840389,0.123556524172879,0.901666417311247,NA
"ENSMUSG00000042790",279.911629084312,0.471008500716852,0.318046998632462,1.48093993259516,0.138622580711687,0.316609105899959
"ENSMUSG00000042793",5.1877512206367,1.07914420016161,0.994993230423447,1.08457441434285,0.278110192073501,NA
"ENSMUSG00000042796",0.122983292151253,0,7.3561311249555,0,1,NA
"ENSMUSG00000042797",38.4238791322059,0.959662806749093,0.709445425948349,1.35269433228957,0.176153301851312,NA
"ENSMUSG00000042800",0.0710374986746129,2.16226366003378,7.28481246100722,0.296818026765623,0.766605441993722,NA
"ENSMUSG00000042801",101.132987177301,0.33810045338813,0.508978120164879,0.664273060065146,0.50651556014431,0.696564595440526
"ENSMUSG00000042804",1.37576654665019,0,4.22785960449108,0,1,NA
"ENSMUSG00000042807",11.3783402379029,-0.367888972374555,1.026159122606,-0.358510648368332,0.719961200528682,NA
"ENSMUSG00000042808",8.65469829209247,2.00793911647304,1.05959157473787,1.89501234659192,0.0580907659809699,NA
"ENSMUSG00000042810",80.4111540816973,0.267753304833074,0.406698313687825,0.658358532163959,0.510307774899554,0.700224379162657
"ENSMUSG00000042812",1.36237655159132,0.78889012617993,2.75541452139432,0.286305425210842,0.774644203257322,NA
"ENSMUSG00000042814",11.7693096835539,-0.400061739916679,1.15975124986902,-0.344954782296517,0.730128365023571,NA
"ENSMUSG00000042816",0.391228073041965,3.47674683721074,7.24207978453697,0.480075743522484,0.631173535439416,NA
"ENSMUSG00000042817",19.4653135628207,1.11810261400405,0.651224644140842,1.71692306804384,0.0859932294254989,NA
"ENSMUSG00000042821",2.24820294600178,-1.05692255058949,1.80142420829997,-0.586714970144051,0.557395151938255,NA
"ENSMUSG00000042826",4.85996450528751,-0.568764460999119,1.39085634095372,-0.408931134188248,0.68259019998492,NA
"ENSMUSG00000042828",8.2192113121976,0.731446650977676,1.95794113716319,0.373579489747813,0.708717195675767,NA
"ENSMUSG00000042831",468.245540640548,-0.270320331835811,0.272072506565341,-0.99355989786822,0.320437175866406,0.531022364757293
"ENSMUSG00000042834",2.5320649135956,1.97810145293732,1.89558388894885,1.0435314756944,0.296702210857849,NA
"ENSMUSG00000042842",2416.87343397039,0.219736978164052,0.368552886222799,0.596215594500094,0.551031209088669,0.731708631409434
"ENSMUSG00000042845",0.965211807964738,1.2852283406549,2.92838937322842,0.438885741221631,0.660744328961202,NA
"ENSMUSG00000042846",1.51826859604948,-2.59876598526747,3.18589727321879,-0.815709284512453,0.414666427555114,NA
"ENSMUSG00000042848",0,NA,NA,NA,NA,NA
"ENSMUSG00000042849",1.31408802145619,-1.9172642118806,3.06105454108946,-0.626341081527488,0.531091245905469,NA
"ENSMUSG00000042851",96.493572014451,0.741966968199981,0.389459123000472,1.90512155032784,0.0567642727021505,0.180786915443234
"ENSMUSG00000042854",242.997631338847,-0.29256504945556,0.251205034938677,-1.16464643922037,0.244162137750618,0.450720069471884
"ENSMUSG00000042861",0.128085356939618,0,7.3561311249555,0,1,NA
"ENSMUSG00000042863",0.0380762098104571,-1.67431590235222,7.3501929692546,-0.227792101425878,0.819807867435575,NA
"ENSMUSG00000042869",0.081236158750911,0,7.3561311249555,0,1,NA
"ENSMUSG00000042870",134.474606410191,-0.0185004165292354,0.371991223776768,-0.0497334758100033,0.960334779618849,0.986912647669318
"ENSMUSG00000042873",721.367907759645,0.585568273403566,0.371485802631151,1.57628708622541,0.114959656378515,0.282273584754685
"ENSMUSG00000042874",0,NA,NA,NA,NA,NA
"ENSMUSG00000042888",0,NA,NA,NA,NA,NA
"ENSMUSG00000042894",24.7186118249432,0.469153388254196,0.716322741348883,0.65494694105446,0.512501916164583,NA
"ENSMUSG00000042895",0.527177333256382,0.176381448720851,5.22796449519032,0.0337380731799384,0.973086018235957,NA
"ENSMUSG00000042901",718.498582860154,-0.633100240581248,0.162754907582553,-3.88989954272269,0.000100285728152633,0.00745356708863742
"ENSMUSG00000042903",85.6740692553533,0.382437215176574,0.295107315865716,1.29592590429237,0.195001013666068,0.391070200870172
"ENSMUSG00000042909",24.6567292701191,0.598310838000403,0.621966127225622,0.961966917184482,0.336066222435599,NA
"ENSMUSG00000042918",2.90599729242723,-1.5713689060294,1.73490800867727,-0.905736153254282,0.365075521894076,NA
"ENSMUSG00000042938",10.0209193574946,-0.211863447428854,3.20684980195205,-0.0660659090737241,0.94732535214964,NA
"ENSMUSG00000042942",8.82589310143414,-0.838856390048563,1.16633462798061,-0.719224457479205,0.472002632337315,NA
"ENSMUSG00000042961",0.955964689786637,2.25119831061734,5.36738467175843,0.419421831727931,0.674907871535458,NA
"ENSMUSG00000042962",2.74259862682452,0.183186285785199,1.6854287303986,0.108688242036717,0.913449768098503,NA
"ENSMUSG00000042978",324.910488398926,0.0463796451831548,0.216018016063766,0.21470267169505,0.829999139444998,0.916212779772523
"ENSMUSG00000042985",0.187026713835312,2.73765625104962,7.26137674489135,0.377016142699889,0.706161608484224,NA
"ENSMUSG00000042988",0.458716435155464,0,7.3561311249555,0,1,NA
"ENSMUSG00000042992",245.21467207785,-0.367421144225245,0.285495145303125,-1.28696109292904,0.198107849507639,0.394348443158745
"ENSMUSG00000042993",0.233747045009805,0,7.35613112495549,0,1,NA
"ENSMUSG00000042997",166.301085190928,0.317866266543207,0.393760017208992,0.807258869999733,0.419517355048327,0.624161507322805
"ENSMUSG00000043003",0.502701578444402,-0.3724310266113,7.13200584891672,-0.0522196748713924,0.958353656040236,NA
"ENSMUSG00000043004",3671.12340151219,-0.886509480508651,0.273744971752842,-3.23845028031806,0.00120180966375711,0.0215605962363684
"ENSMUSG00000043008",1959.56151347844,-0.320718417733874,0.214673815951098,-1.49398014058189,0.135180810055932,0.311773753477109
"ENSMUSG00000043013",1.26663242091634,1.8998040517628,2.5137311480406,0.755770581608801,0.449786757705992,NA
"ENSMUSG00000043015",482.601422494685,0.541878336683723,0.171889882979906,3.15247370752511,0.00161893400483889,0.0246800013996855
"ENSMUSG00000043017",2.73743454029055,-3.68938520487152,2.56068639255933,-1.44077979075918,0.149646904563317,NA
"ENSMUSG00000043019",232.556812479663,0.334303858592334,0.243713818053584,1.37170662403242,0.17015478548968,0.358380652413899
"ENSMUSG00000043020",0.467333622287587,0.44116755127967,6.49239081706775,0.0679514779239555,0.945824259959273,NA
"ENSMUSG00000043024",3.04153103827312,-0.332001355720057,1.57948775870796,-0.210195586442303,0.833515024130053,NA
"ENSMUSG00000043029",0.655219513293423,2.94063116587012,5.89861409613197,0.498529165994846,0.618111117301736,NA
"ENSMUSG00000043036",309.724472735668,0.610976293046663,0.417779318679824,1.46243786068046,0.14362126079048,0.322365159608059
"ENSMUSG00000043050",46.9388956609297,-0.771214267082146,0.513045499378689,-1.5032083275579,0.132785330769399,NA
"ENSMUSG00000043051",41.7076335069073,0.331662838156101,0.537217966299989,0.617371083920332,0.53698999025862,NA
"ENSMUSG00000043059",91.8719287210712,0.12664160705737,0.315842087424567,0.400964950839921,0.688445928872532,0.830216909467485
"ENSMUSG00000043060",0.316441384258019,-1.10569316161226,7.18200084008617,-0.153953360105565,0.877646510300087,NA
"ENSMUSG00000043061",257.317450028712,0.523550484530197,0.223599086739075,2.34146969097931,0.0192079854791242,0.0933944596464055
"ENSMUSG00000043065",279.085905225436,0.234264664406831,0.278369511408707,0.841560066047892,0.400034250037109,0.605379449114638
"ENSMUSG00000043066",0.0380762098104571,-1.67431590235222,7.3501929692546,-0.227792101425878,0.819807867435575,NA
"ENSMUSG00000043067",1104.4254716532,0.0861525211400989,0.161417318248513,0.533725390031949,0.593531540087623,0.761854656659313
"ENSMUSG00000043068",28.4086175565043,0.896067653855752,0.953107525160138,0.940153791887434,0.347138679970482,NA
"ENSMUSG00000043073",0.232113359489599,-0.22913625733135,7.35006946741767,-0.0311747063544222,0.975130211512518,NA
"ENSMUSG00000043079",8.50287815447622,0.0352790826522797,0.925089957744859,0.0381358400412014,0.969579375863264,NA
"ENSMUSG00000043085",8.81778915588444,0.378256053324067,0.95821291420062,0.394751571094847,0.693026238892324,NA
"ENSMUSG00000043087",0.0425774740632087,0,7.3561311249555,0,1,NA
"ENSMUSG00000043088",3.01836389372727,0.0685622761485982,1.31397703609579,0.0521792042517858,0.958385902959939,NA
"ENSMUSG00000043089",0.0355187493373064,1.16171280725677,7.35565536667627,0.157934643392857,0.874508299155349,NA
"ENSMUSG00000043090",246.97793898746,-0.0500609587382923,0.205609564540052,-0.243475826867677,0.807636809129591,0.903688128781776
"ENSMUSG00000043091",5314.60797899295,-0.597648366749927,0.243637952624702,-2.45301834263293,0.0141663114758667,0.0774952899496085
"ENSMUSG00000043099",20.8589664973164,-1.18826189915036,0.912153949953891,-1.30269884728386,0.192677595750465,NA
"ENSMUSG00000043102",46.2941439387974,-1.4361774638487,0.706768089918989,-2.03203495507744,0.0421501173689213,NA
"ENSMUSG00000043110",4.30876551929506,-3.96909171241244,1.94079946918236,-2.04508079038407,0.0408468937857088,NA
"ENSMUSG00000043119",0.795075551291185,1.35791265768436,5.46423165854433,0.248509349994526,0.803740336692416,NA
"ENSMUSG00000043122",0.340996886851415,1.63424365597476,7.33578368507304,0.222776969187374,0.8237090935081,NA
"ENSMUSG00000043131",1276.31674805431,-0.034709207547586,0.167044405022101,-0.20778431664918,0.835397378861104,0.919895632175785
"ENSMUSG00000043140",126.705180090053,0.26188414108798,0.325926782865294,0.803506047541411,0.42168230274191,0.625768172419783
"ENSMUSG00000043144",0,NA,NA,NA,NA,NA
"ENSMUSG00000043153",11.669936680243,0.27790154938154,1.09536402491487,0.253707026212713,0.799721905498489,NA
"ENSMUSG00000043154",60.2929929539513,1.242800231809,0.663133762738956,1.87413204038328,0.0609122281507134,NA
"ENSMUSG00000043155",16.8195994752664,-1.79413375387095,1.2324020856242,-1.45580227005396,0.14544728806122,NA
"ENSMUSG00000043157",15.7584860581953,3.95656448010975,1.93082141516323,2.04916127873756,0.040446347010948,NA
"ENSMUSG00000043162",539.577232419195,-0.76303211066123,0.275010764024123,-2.7745536192696,0.00552775210592002,0.0444396948383739
"ENSMUSG00000043164",0,NA,NA,NA,NA,NA
"ENSMUSG00000043165",0.114222431462291,-0.229252954199006,7.34982336881142,-0.0311916277024872,0.975116716792809,NA
"ENSMUSG00000043183",98.6656700178707,0.377660212670498,0.447085372694877,0.844716100627699,0.398269367788753,0.604214266267269
"ENSMUSG00000043190",554.274214342343,-0.689215211228671,0.229797523539687,-2.99922819276876,0.00270664505397573,0.0312317602080228
"ENSMUSG00000043192",8.52857163293566,-5.39805754369645,1.82531772476401,-2.95732489224273,0.00310320951933609,NA
"ENSMUSG00000043207",489.045436120108,0.424483845871292,0.205142285727303,2.06921671154411,0.0385257552051784,0.143089778730608
"ENSMUSG00000043219",0.252904314731429,-0.447438116954521,7.34100903177539,-0.060950492639063,0.951398636852016,NA
"ENSMUSG00000043223",2.78342258526275,0.738455355029957,2.28906132102502,0.322601822960027,0.746996812967435,NA
"ENSMUSG00000043226",1.30535260059544,1.10869702160135,3.10096139856747,0.357533319219494,0.720692587165605,NA
"ENSMUSG00000043230",5.11911894507158,-0.575866970947891,1.16741048532883,-0.493285762107649,0.621810687170845,NA
"ENSMUSG00000043241",688.097723304812,0.415621768915369,0.240017147934962,1.73163364572598,0.0833388117019697,0.229358894650948
"ENSMUSG00000043243",46.3148815607965,0.454341803598822,0.512104262645993,0.887205666383799,0.374968182277226,NA
"ENSMUSG00000043251",567.825255441625,0.339817935206419,0.396801687252007,0.856392364558173,0.391780786661856,0.599461561474042
"ENSMUSG00000043252",119.303248157355,-0.286108083216029,0.332649743390508,-0.860088092357727,0.389740484620613,0.597983081810305
"ENSMUSG00000043257",208.513049860308,-0.042849017360079,0.455308587659678,-0.0941098378581576,0.925021905587125,0.968729901126044
"ENSMUSG00000043259",0.829825878281714,-0.937030602433738,4.60456152009198,-0.203500506692116,0.83874384968401,NA
"ENSMUSG00000043262",173.378995482715,0.108011820428449,0.403162169391421,0.267911596446399,0.788767367231618,0.893020893950812
"ENSMUSG00000043263",3637.05943092257,-0.412186789685601,0.252426100967957,-1.63290082960923,0.102489855649835,0.261650884064726
"ENSMUSG00000043267",21.9548166116248,0.777033785806415,0.942102258786508,0.824787095625147,0.409492474171877,NA
"ENSMUSG00000043274",3.65847273753485,-0.365383721538053,1.30550221337098,-0.279879817740472,0.779569711781524,NA
"ENSMUSG00000043279",591.680159034094,-0.00103836998926438,0.199958475298584,-0.00519292812027024,0.995856661449377,1
"ENSMUSG00000043282",233.00607637561,0.74915363604175,0.409297408119269,1.83034053277818,0.0671990339771095,0.201108825571822
"ENSMUSG00000043284",856.86116304372,-0.627602939521438,0.215791433028303,-2.90837745833554,0.0036330953124323,0.0361901811950534
"ENSMUSG00000043286",4.42464738553714,0.611744570320173,1.24019408160041,0.493265190824606,0.621825220497115,NA
"ENSMUSG00000043289",29.2126991237722,0.789629416066696,0.54076659824555,1.46020375265142,0.144234084291999,NA
"ENSMUSG00000043290",2.9691580159717,2.15289809930945,5.9302062360361,0.363039330104057,0.716575504532194,NA
"ENSMUSG00000043295",0.683073087266106,-3.15049684368611,4.30866177241359,-0.731200778825879,0.464656524531642,NA
"ENSMUSG00000043298",0.426471657175032,0,7.3561311249555,0,1,NA
"ENSMUSG00000043300",0.424055129938655,3.1565869777538,7.24924124649611,0.435436878208394,0.663245346979858,NA
"ENSMUSG00000043301",0.472982529868638,-0.0574816273868079,7.13352250052575,-0.00805795837646428,0.993570748995856,NA
"ENSMUSG00000043308",0.114228629431371,-3.13863321915088,7.26774571323647,-0.431857874916372,0.665844712909321,NA
"ENSMUSG00000043310",18.587285188765,0.244266690113165,0.688593377410003,0.35473284833485,0.722789739831824,NA
"ENSMUSG00000043311",97.5616576813683,0.141923516650262,0.370930121160894,0.38261523816423,0.70200507009178,0.837677464734096
"ENSMUSG00000043312",4.31687254117061,0.0642620067152694,1.64222534133284,0.0391310529060001,0.968785903283502,NA
"ENSMUSG00000043313",0.720060130328521,-0.700998088900264,4.38627059754932,-0.159816425665102,0.873025684585076,NA
"ENSMUSG00000043314",1.97320837336963,-1.79140491258061,2.33417808161374,-0.767467112595847,0.442803839430576,NA
"ENSMUSG00000043319",0.0380762098104571,-1.67431590235222,7.3501929692546,-0.227792101425878,0.819807867435575,NA
"ENSMUSG00000043323",198.595613078655,0.117648403634803,0.23702727181933,0.496349650956954,0.619647741464608,0.780905898055228
"ENSMUSG00000043329",1.01883728986155,0.0988191296948671,4.25182139021063,0.0232415994525047,0.98145755599485,NA
"ENSMUSG00000043331",38.0861220203437,0.438445574134692,0.643180124622437,0.681683959671594,0.495438812282744,NA
"ENSMUSG00000043333",27.4146946373674,0.788968940684365,0.668259569883191,1.18063246115918,0.237748762370868,NA
"ENSMUSG00000043336",376.215946268424,-0.298400731781577,0.221716332846148,-1.34586716256326,0.178345360605026,0.370114769539446
"ENSMUSG00000043342",0.419927542540481,-0.429376834194643,7.13760678619566,-0.060156975167793,0.952030612461984,NA
"ENSMUSG00000043346",649.236467917925,-0.627142825484691,0.351299544738596,-1.78520819305744,0.0742275535229026,0.213606802496038
"ENSMUSG00000043354",0.372532349398717,-2.3832022190934,7.30025073761893,-0.326454844463426,0.744080248355731,NA
"ENSMUSG00000043357",0.0851005636106204,0,7.3561311249555,0,1,NA
"ENSMUSG00000043366",1.41836333623262,3.42947818366226,3.17512620801971,1.0801076741454,0.280094234915021,NA
"ENSMUSG00000043372",38.4831240313382,-1.02896570946854,0.526495465125098,-1.9543676586541,0.0506577526073814,NA
"ENSMUSG00000043383",1.8983815742007,0.634926767661151,2.01017980890221,0.315855708454208,0.752112031653158,NA
"ENSMUSG00000043384",167.653700805865,-0.498225699924308,0.279390068434316,-1.78326202758864,0.0745436595913264,0.214142422278483
"ENSMUSG00000043385",4.61667213588363,-0.0891829963248068,1.43879413873965,-0.0619845424189241,0.9505751416922,NA
"ENSMUSG00000043388",0.772904034334909,-0.624165173171639,3.40503758779196,-0.18330639738294,0.854557615061759,NA
"ENSMUSG00000043391",5.6816440879752,-0.38901907971048,2.09712390580717,-0.185501237496384,0.85283590972907,NA
"ENSMUSG00000043398",0.53301594353653,-0.233486485312743,5.48446229068394,-0.0425723567667426,0.966042431609486,NA
"ENSMUSG00000043410",2.28791885849572,-0.325244880538454,2.51344435021785,-0.129402061561563,0.897039516507166,NA
"ENSMUSG00000043411",1334.44223166532,-0.135668916182066,0.217099467453475,-0.624915932652579,0.532026234791179,0.717473305717709
"ENSMUSG00000043415",79.5925658665657,-0.400564092827886,0.311071247521518,-1.28769243708446,0.197853047268408,0.394230472132274
"ENSMUSG00000043418",0.660006526507356,2.35259517167665,5.13351190213704,0.458281818865032,0.646749984445587,NA
"ENSMUSG00000043419",61.7920078349603,-0.15389984361272,0.524075413069303,-0.29365972868559,0.769017929971098,NA
"ENSMUSG00000043421",713.448130909032,-0.445056200510808,0.246260837010086,-1.80725529042435,0.0707224836425543,0.207076940404813
"ENSMUSG00000043424",1386.04071216747,-0.374903526359829,0.196573068277143,-1.9071967978404,0.0564951080101584,0.180379245051814
"ENSMUSG00000043429",0.0735966071362935,-0.228612265417969,7.34977350632422,-0.0311046680855207,0.975186066878443,NA
"ENSMUSG00000043430",0.656675990530327,-2.55787041541419,5.2641640637426,-0.485902487924294,0.627036304360651,NA
"ENSMUSG00000043432",99.9842779336093,0.164288173814276,0.334614793495976,0.490977018971074,0.623442701613243,0.783334414862481
"ENSMUSG00000043439",46.7180635723048,-0.0502827191026892,0.472657135511751,-0.106383074166959,0.915278421723354,NA
"ENSMUSG00000043441",0.84195647048749,-1.2151784020765,3.92260275922834,-0.30978880010668,0.75672156914365,NA
"ENSMUSG00000043445",1154.96720935182,-0.901027801205084,0.305976966264645,-2.94475696064575,0.00323208437757703,0.0339893773392927
"ENSMUSG00000043448",0.0880785700265573,0,7.3561311249555,0,1,NA
"ENSMUSG00000043453",0.116836115016563,1.15933728682319,7.35577119794484,0.157609209914944,0.874764745824246,NA
"ENSMUSG00000043456",1.87183326891648,2.73602405747651,2.43450735177762,1.12385122003379,0.261076148158165,NA
"ENSMUSG00000043458",0.0355187493373064,1.16171280725677,7.35565536667627,0.157934643392857,0.874508299155349,NA
"ENSMUSG00000043460",0.801968087007758,3.16063184375238,7.24915508203229,0.436000031450051,0.662836706752394,NA
"ENSMUSG00000043461",0.0832355747982333,-1.20306810200629,7.33173731800496,-0.164090453575287,0.869659936893633,NA
"ENSMUSG00000043463",4.74065774554855,1.37448188036036,1.27212134794719,1.08046444042335,0.279935413475506,NA
"ENSMUSG00000043467",122.931921758567,0.531598222150462,0.545897259015959,0.973806358926819,0.330152695164398,0.539342156949277
"ENSMUSG00000043468",1.67115581364488,0.32664558450516,4.14041452593315,0.0788920004166835,0.937118526153025,NA
"ENSMUSG00000043472",0.0851549481264175,0,7.3561311249555,0,1,NA
"ENSMUSG00000043483",157.753518021432,-1.01242532106611,2.54938964722571,-0.397124591043921,0.691275586784459,0.832163748340758
"ENSMUSG00000043484",0.176256774705087,0,7.3561311249555,0,1,NA
"ENSMUSG00000043485",0.157023531282566,1.1565597304406,7.35598065689567,0.157227130465115,0.875065847190222,NA
"ENSMUSG00000043487",21.0375054394534,-0.144200130074389,0.577263103810382,-0.249799665217743,0.802742278658789,NA
"ENSMUSG00000043496",1.54561351569531,3.74260799402551,2.34008419595638,1.59934757924209,0.109743393067222,NA
"ENSMUSG00000043501",0.0381979668618393,0,7.3561311249555,0,1,NA
"ENSMUSG00000043505",3854.20125996331,-0.632214494930008,0.276961257165088,-2.28268206680317,0.0224491028908867,0.101933570085629
"ENSMUSG00000043510",600.207795787406,-0.627954470240386,0.26177560213718,-2.39882733575498,0.016447668345988,0.084547686739517
"ENSMUSG00000043518",0.122264302966467,0,7.3561311249555,0,1,NA
"ENSMUSG00000043522",0.158282943068513,1.148989002163,7.35605686260477,0.156196318710367,0.87587827836617,NA
"ENSMUSG00000043529",0.219858833465027,0,7.35613112495549,0,1,NA
"ENSMUSG00000043531",0.67707593461978,2.23345525237916,5.09542535246274,0.438325575959949,0.661150288308695,NA
"ENSMUSG00000043535",1245.20865754097,0.320987887416641,0.302587133077282,1.06081142364589,0.288775609599775,0.500926023493213
"ENSMUSG00000043537",0,NA,NA,NA,NA,NA
"ENSMUSG00000043541",24.6165137429039,0.864558850017865,0.679844608705685,1.27170067828271,0.203479489524341,NA
"ENSMUSG00000043542",11.95243370502,2.31036440355018,1.33912878145256,1.72527424960885,0.08447806027047,NA
"ENSMUSG00000043549",0.845832080388502,-1.03395642661078,5.59944338903929,-0.184653429773879,0.853500875572765,NA
"ENSMUSG00000043556",0.157768932846367,-2.55072630330077,7.29482793316823,-0.349662298640808,0.726592150972523,NA
"ENSMUSG00000043557",3.14709651865045,0.702907447117649,2.34095158981209,0.30026569117308,0.763974500948943,NA
"ENSMUSG00000043569",0,NA,NA,NA,NA,NA
"ENSMUSG00000043572",61.2428225427705,-0.267008898607966,0.407448740361929,-0.655318993920036,0.512262394230022,NA
"ENSMUSG00000043583",0.0380762098104571,-1.67431590235222,7.3501929692546,-0.227792101425878,0.819807867435575,NA
"ENSMUSG00000043587",178.155212105674,-0.116276209376756,0.307609474592777,-0.377999440786685,0.705431009398846,0.839049207851219
"ENSMUSG00000043592",146.122637573784,-0.332824311271163,0.27841012293989,-1.19544615604017,0.23191276142585,0.435828449941925
"ENSMUSG00000043602",135.263044154126,-0.567701282414189,0.443964796161682,-1.27870787801708,0.200999944446951,0.397615459447291
"ENSMUSG00000043605",3.34294734334697,-1.00306673050199,1.39525798183188,-0.718911300679342,0.472195573128642,NA
"ENSMUSG00000043613",0.0711677912777981,0,7.3561311249555,0,1,NA
"ENSMUSG00000043614",0.637509722008036,0,6.86204691050634,0,1,NA
"ENSMUSG00000043618",149.608418359104,-7.72350572337928,1.01086089240337,-7.6405228270492,2.16341435056682e-14,2.37615009503922e-11
"ENSMUSG00000043621",0.258011065950409,-3.14455327912703,7.27975294907527,-0.431958790514515,0.665771364505105,NA
"ENSMUSG00000043623",1.59666655752141,1.02263106228663,2.09697099859577,0.48767057959859,0.625783193938702,NA
"ENSMUSG00000043629",28.362619405094,0.480826364042979,0.852110821870319,0.564276795578774,0.57256577086056,NA
"ENSMUSG00000043631",35.2025885947721,0.623303063346599,0.729123111068418,0.854866693819708,0.392624950921938,NA
"ENSMUSG00000043633",58.36948465954,-0.911931957280475,0.49203379347678,-1.8533929363604,0.0638260590363268,NA
"ENSMUSG00000043635",1.18302427319608,2.36950476308181,4.25193855896304,0.557276341184875,0.577338637648309,NA
"ENSMUSG00000043639",2.91335090451145,0.369212151037579,1.78697796755159,0.206612592735797,0.836312424887784,NA
"ENSMUSG00000043648",1.88173944642041,0.240521086456357,1.59737723211841,0.150572501986511,0.880312954276562,NA
"ENSMUSG00000043659",0.626789919395253,4.21137189582871,7.23222785640177,0.582306307191486,0.560360377869536,NA
"ENSMUSG00000043661",0.784036713851063,1.28615591892097,4.48444122857342,0.286804052805062,0.774262359565337,NA
"ENSMUSG00000043664",70.1376551489236,0.165965521775217,0.34951363617462,0.474847057733391,0.634895989098802,0.791717781284427
"ENSMUSG00000043668",0.708985712538351,-0.50694027841305,6.61393580144455,-0.076647293477256,0.938904134830926,NA
"ENSMUSG00000043670",0.0856725784306855,0,7.3561311249555,0,1,NA
"ENSMUSG00000043671",144.69086708944,0.622740793539343,0.485307588731317,1.28318783385873,0.199426277284361,0.395690235037316
"ENSMUSG00000043673",0.18364544533115,0.450763123718593,7.28726888818031,0.0618562496643585,0.950677308451805,NA
"ENSMUSG00000043681",0,NA,NA,NA,NA,NA
"ENSMUSG00000043683",200.718978548444,-0.39629646326481,0.231775466000376,-1.70982921576422,0.0872974587847269,0.236420652078637
"ENSMUSG00000043687",7.76617482026416,-0.884125227766334,1.14501543143705,-0.772151364507565,0.440024783244564,NA
"ENSMUSG00000043692",0.167428328150295,-0.240009436265029,7.33509715302865,-0.0327206894820649,0.973897324903185,NA
"ENSMUSG00000043698",0.218759780942386,-3.63798491597086,7.24685453279391,-0.502008823208473,0.615661314523251,NA
"ENSMUSG00000043702",459.126724084265,-0.314084152046854,0.206368913560541,-1.52195476841871,0.128020414574022,0.301626987916289
"ENSMUSG00000043705",0.228498019244603,-0.10998499936223,7.22285824505894,-0.0152273512272609,0.987850801065959,NA
"ENSMUSG00000043715",0.354475687582024,-0.109581384158735,7.22289006713453,-0.0151714041249707,0.987895435239077,NA
"ENSMUSG00000043716",22215.1329343723,-0.588395868808992,0.215931825904749,-2.72491498806916,0.00643180453876271,0.048577852820009
"ENSMUSG00000043719",1.5427379380998,-0.658763607734462,1.96197218813505,-0.335766027530007,0.737047310447848,NA
"ENSMUSG00000043727",0.0710374986746129,2.16226366003378,7.28481246100722,0.296818026765623,0.766605441993722,NA
"ENSMUSG00000043733",704.358908536311,0.214124654370001,0.204530481034448,1.04690828128418,0.295141882063072,0.506704371833496
"ENSMUSG00000043740",13.937437090474,0.801618523169558,0.726952471405428,1.1027110501733,0.270152666507636,NA
"ENSMUSG00000043747",2.83295406300785,-0.818774154391909,3.26465484351268,-0.250799607811198,0.8019690448091,NA
"ENSMUSG00000043753",3.29813946958859,1.28939650806159,2.01985046795036,0.638362358264077,0.523237828101238,NA
"ENSMUSG00000043760",1.95981696693379,-3.5498446763574,3.95247014374503,-0.898133204617673,0.369114538573413,NA
"ENSMUSG00000043770",5251.60506628869,-0.681631856693902,0.227155993274207,-3.0007214287808,0.00269340845262412,0.0311760451454208
"ENSMUSG00000043782",0.620597800081421,1.15523609893242,4.84633981258721,0.238372904832627,0.811591880608157,NA
"ENSMUSG00000043787",0.0406180793754555,0,7.3561311249555,0,1,NA
"ENSMUSG00000043789",1.11964101157776,-0.41134222028293,3.53003144934586,-0.116526503003013,0.907235282809785,NA
"ENSMUSG00000043800",0.0406180793754555,0,7.3561311249555,0,1,NA
"ENSMUSG00000043801",2.76237269263839,0.879565890754121,2.96202912510719,0.296947077021834,0.76650691397779,NA
"ENSMUSG00000043807",34.2670495789406,0.333835850743151,0.518065669559209,0.644389061771247,0.519323175715989,NA
"ENSMUSG00000043811",0.15701473440152,1.15073863526637,7.35610151474798,0.156433218459437,0.875691554935151,NA
"ENSMUSG00000043822",7.11234516007248,-1.50472619754906,1.68463745271774,-0.893204763506572,0.371747527608514,NA
"ENSMUSG00000043827",0.118587285133038,1.08034178874691,7.35430826145675,0.146899171252976,0.883211606070726,NA
"ENSMUSG00000043831",42.458136515726,-0.685044058048058,0.477942064131088,-1.43332029017678,0.151766326061705,NA
"ENSMUSG00000043832",76.4310123620215,-1.25863074398978,1.81566098776552,-0.693208012107336,0.488179020818581,0.680265630366832
"ENSMUSG00000043843",0.2260710101259,-2.03796560625148,7.35001194166061,-0.277273781651984,0.781569889821353,NA
"ENSMUSG00000043850",3.36338977126284,-1.80595281614405,1.50153127790022,-1.20274072390256,0.229076669500495,NA
"ENSMUSG00000043855",5.37020123279765,-0.0793782616609802,1.74782766489163,-0.0454153823374239,0.963776220305949,NA
"ENSMUSG00000043857",1.33237878443748,-0.667463341159508,2.80445457673668,-0.238001123889188,0.811880222509689,NA
"ENSMUSG00000043859",0,NA,NA,NA,NA,NA
"ENSMUSG00000043865",0,NA,NA,NA,NA,NA
"ENSMUSG00000043866",5611.48386443095,-0.58071708361356,0.263797826717435,-2.2013717506308,0.0277097171751794,0.11658936882959
"ENSMUSG00000043870",0.283501245206854,2.74107192423138,7.26132066734727,0.377489447141129,0.705809905289134,NA
"ENSMUSG00000043872",189.334314855488,0.299786566952552,0.289804933628881,1.03444259281125,0.300929301216019,0.511896176555441
"ENSMUSG00000043873",212.667647640028,-0.413208131753135,0.445318216189468,-0.927894069299265,0.353462521115461,0.562462566152768
"ENSMUSG00000043880",12.1696591752962,0.424135561703739,0.727398718570832,0.583085384776407,0.559835821947093,NA
"ENSMUSG00000043881",60.0220231576992,-0.629653314307345,0.354975869272696,-1.77379187942389,0.0760975818455413,NA
"ENSMUSG00000043885",40.6295121370597,0.868448020924464,0.541431952884549,1.60398368861996,0.108717648079267,NA
"ENSMUSG00000043889",2.55538335494685,-1.77521673132757,2.66246321767558,-0.666757279327745,0.504927184774762,NA
"ENSMUSG00000043892",0.287569166302606,1.15683579542345,7.35589336004482,0.157266526144474,0.875034800211062,NA
"ENSMUSG00000043895",90.213834761934,0.518531907647662,0.396546773998035,1.30761852484578,0.191002730438957,0.38634376721692
"ENSMUSG00000043897",0.0381105127407367,0,7.3561311249555,0,1,NA
"ENSMUSG00000043909",175.513563438112,0.259190827711425,0.330904008922683,0.783281014198851,0.433462109763473,0.6355948255801
"ENSMUSG00000043911",1.34679112777903,1.85579054802087,2.48593016414555,0.746517571083392,0.455354821286036,NA
"ENSMUSG00000043913",5.19561582053024,-0.469815806644692,1.22034460037118,-0.384986180544245,0.700247654246787,NA
"ENSMUSG00000043923",313.155187055797,0.359533107094551,0.259114637274425,1.38754456666905,0.165275771290547,0.352557401641575
"ENSMUSG00000043924",3.29228517169693,2.9280007752853,2.30801645887537,1.26862213829794,0.204575864588349,NA
"ENSMUSG00000043925",2.35846821836229,1.63330119827334,2.25761965025291,0.723461632737991,0.469396317643444,NA
"ENSMUSG00000043929",120.604384566877,-0.418893089192957,0.367782632601613,-1.13896919555391,0.254716002667155,0.464208644241303
"ENSMUSG00000043931",6945.08848580017,-0.946138183110585,0.320623144543042,-2.95093538696041,0.00316813183907072,0.0336019133360666
"ENSMUSG00000043932",11.683167854525,0.0238005825972631,1.24928174525996,0.0190514130920166,0.984800091121849,NA
"ENSMUSG00000043939",6.22403514457943,1.54990225347841,1.54231706527685,1.00491804725003,0.314936313518311,NA
"ENSMUSG00000043940",7.55472432332568,0.150673815797658,1.56280168213077,0.096412627091766,0.92319286387401,NA
"ENSMUSG00000043943",7.14927233301199,0.0240561052352519,1.29845360520403,0.0185267345239276,0.985218650157589,NA
"ENSMUSG00000043945",0.694717435032485,-1.11150979636685,7.29459524524217,-0.152374430519887,0.878891623060629,NA
"ENSMUSG00000043948",4.60867466297539,0.6155477375506,1.00702947577056,0.611250963711457,0.541033448786324,NA
"ENSMUSG00000043953",52.6225509629354,-1.06732424076375,0.654652482982579,-1.63036766606467,0.103023814163356,NA
"ENSMUSG00000043962",1442.02466202925,0.758918016572383,0.286275255370001,2.6510080851784,0.00802519202855038,0.0546343135001519
"ENSMUSG00000043964",166.901016561297,-0.149902576323285,0.361703183031552,-0.414435325304307,0.678555322729517,0.823614853288467
"ENSMUSG00000043969",0.204667058052462,-2.79466190828445,7.2879146661081,-0.383465234751007,0.70137484247903,NA
"ENSMUSG00000043972",0.236556720576099,-3.13508150765433,7.26781783160058,-0.431364899381895,0.666203067864949,NA
"ENSMUSG00000043982",0,NA,NA,NA,NA,NA
"ENSMUSG00000043986",0.383555377807986,-1.67271016482911,7.35015226393566,-0.227574899779485,0.819976735027039,NA
"ENSMUSG00000043987",535.290475843751,0.364788974631287,0.188181469359705,1.93849572900295,0.0525627713866276,0.172906154794281
"ENSMUSG00000043991",787.526249235303,-0.115284849924035,0.148894311368781,-0.774273032087156,0.438769347908502,0.64027679422432
"ENSMUSG00000043998",896.060352339529,-0.248237746111907,0.188897625271767,-1.31413905153528,0.188799414491056,0.383456476820523
"ENSMUSG00000043999",0.975746351794113,2.07527008069366,2.76920120108853,0.749411086445398,0.453609470906126,NA
"ENSMUSG00000044005",25.7433185307063,0.805452091176111,1.3367532802443,0.602543568121195,0.5468123712396,NA
"ENSMUSG00000044006",0.85952959388725,-0.135151192251736,3.68337940040756,-0.0366921724753042,0.970730449901888,NA
"ENSMUSG00000044014",0.185092768099134,-2.84304068576974,7.27450374088487,-0.390822630249127,0.695928346211315,NA
"ENSMUSG00000044017",3.39733187920965,0.366863781516854,1.46074770347755,0.251147943374118,0.801699729996864,NA
"ENSMUSG00000044018",717.167219178168,-0.860841693022362,0.274538505969045,-3.13559546040301,0.00171505601203824,0.0251022194647527
"ENSMUSG00000044022",0.268529977749968,-4.13577684100519,7.24062673198939,-0.571190449955549,0.56787055111454,NA
"ENSMUSG00000044024",11.4433316824016,1.0182408928408,1.02347935592995,0.994881711039116,0.319793798890027,NA
"ENSMUSG00000044025",0.0824972016596986,1.81134251915652,7.32976641470319,0.247121451991027,0.804814232212684,NA
"ENSMUSG00000044026",304.71294166892,0.572193477768253,0.255446222997276,2.23997626997348,0.0250924634787674,0.109125092192755
"ENSMUSG00000044029",0.41011743990351,-0.657196837741005,6.65053822243696,-0.0988185941889358,0.921282304725986,NA
"ENSMUSG00000044030",187.045971149734,-0.344061413140498,0.292471201165382,-1.17639416041494,0.239437404188503,0.444960418769476
"ENSMUSG00000044033",71.553498515012,0.55892625081359,0.522595164749076,1.06952051705637,0.284835188877709,0.496303758198176
"ENSMUSG00000044034",4.68786512241318,0.222124473128759,1.21457746253296,0.182882096845042,0.854890530629791,NA
"ENSMUSG00000044037",364.077572791594,0.450640915057964,0.293717197004236,1.5342680634783,0.124963719137405,0.296511369100635
"ENSMUSG00000044039",0,NA,NA,NA,NA,NA
"ENSMUSG00000044040",0.044481691519064,0,7.3561311249555,0,1,NA
"ENSMUSG00000044041",0.114223209477506,-0.229423128674708,7.34983206875998,-0.0312147443000578,0.975098281393404,NA
"ENSMUSG00000044042",2.86962375737024,0.390238426720601,1.76835263904947,0.220679076165693,0.825342324625039,NA
"ENSMUSG00000044043",3.35703522616425,-0.383062902912775,1.53510020471303,-0.249536090045916,0.802946127802659,NA
"ENSMUSG00000044052",2.60574649214431,0,2.92890733890046,0,1,NA
"ENSMUSG00000044055",20.7915679304867,-0.275221802779926,0.645552509127939,-0.426335269228085,0.669863561616441,NA
"ENSMUSG00000044056",11.8546879053559,0.0465489672716397,0.809184377974083,0.0575257858884796,0.954126365946714,NA
"ENSMUSG00000044058",0.0427517828843511,0,7.3561311249555,0,1,NA
"ENSMUSG00000044061",0.199494245097883,-2.50392313085197,7.29628529138962,-0.343177799503929,0.731464705099821,NA
"ENSMUSG00000044065",0,NA,NA,NA,NA,NA
"ENSMUSG00000044066",154.816929026077,0.0723406649000843,0.276455968567234,0.261671561207373,0.793574667627153,0.895182653143263
"ENSMUSG00000044067",10.7525580414185,1.00867040336016,0.997407488153017,1.01129219034438,0.311876602799767,NA
"ENSMUSG00000044068",125.28977245015,-0.040075308086443,0.226662352374662,-0.176806195058809,0.859660622767944,0.933315918030734
"ENSMUSG00000044071",0.417006475790502,0.890760004680035,7.18452230215248,0.123983191535666,0.901328583581438,NA
"ENSMUSG00000044072",3.3002450113349,1.08211723914371,1.94720953777619,0.555727166568598,0.578397382136238,NA
"ENSMUSG00000044080",239.01299280345,0.0878995086607033,0.400701589852506,0.219364012738403,0.826366500983575,0.914353500914904
"ENSMUSG00000044083",1.26430550745112,0.446716948163907,2.7461483453334,0.162670362991506,0.870777983037695,NA
"ENSMUSG00000044084",0.0927728663855858,0,7.3561311249555,0,1,NA
"ENSMUSG00000044086",3.98153257632098,0.415196984749399,1.32947471384019,0.3123015281352,0.754811378807443,NA
"ENSMUSG00000044092",6.24373764435454,0.692021081533003,1.97390957293302,0.350583983695227,0.725900473971625,NA
"ENSMUSG00000044098",718.022997287099,-0.0302416170814145,0.199680499358095,-0.151450027311785,0.879620728457429,0.94501150970565
"ENSMUSG00000044103",68.8492627892797,0.0147860649349094,0.521064843194183,0.0283766312926992,0.977361762221513,0.995386463997492
"ENSMUSG00000044106",0.15841798720388,0,7.3561311249555,0,1,NA
"ENSMUSG00000044117",4.24033114059187,-4.41965788409593,5.37562531579314,-0.822166282890168,0.410982265557071,NA
"ENSMUSG00000044120",0.262728763541689,1.35756952388169,7.25504433817331,0.187120775642772,0.851565939244059,NA
"ENSMUSG00000044121",0.0380762098104571,-1.67431590235222,7.3501929692546,-0.227792101425878,0.819807867435575,NA
"ENSMUSG00000044122",2.56273579232258,2.20479392110495,1.74542402329017,1.26318527285356,0.206522604207888,NA
"ENSMUSG00000044134",11.0877805437255,0.2194087774458,0.74858002407235,0.293099963117095,0.769445744961548,NA
"ENSMUSG00000044139",0.720975926727989,2.84007120858185,3.96848851929905,0.715655644402241,0.474204005533105,NA
"ENSMUSG00000044141",0.526863951417331,2.72836586194667,7.2613546464975,0.375737860877335,0.707111787965336,NA
"ENSMUSG00000044145",101.397873677231,-0.185158541840724,0.338249437901836,-0.547402363738617,0.584102331711909,0.754258856821975
"ENSMUSG00000044147",1918.18928667502,-0.648347341353119,0.19726379700718,-3.28670212775799,0.00101367996478447,0.0197956684368954
"ENSMUSG00000044148",889.274674224596,-0.138413372211725,0.187127120087491,-0.739675639463751,0.459496832970002,0.657491428889785
"ENSMUSG00000044149",108.159787785193,-0.307812029225207,0.355807147275763,-0.865109179458504,0.386978866898068,0.595618466255399
"ENSMUSG00000044150",502.329661766222,0.725721358996967,0.257297174884187,2.82055704390701,0.0047940349161007,0.0413109059388288
"ENSMUSG00000044155",3859.49455611306,-0.908336055979203,0.230052628625029,-3.94838373031474,7.86806139172121e-05,0.00693866194428078
"ENSMUSG00000044156",12.0736249885244,1.01399720914346,1.07171667897468,0.946142976997945,0.3440756659478,NA
"ENSMUSG00000044162",183.34739468596,-0.148748443222021,0.440660786561545,-0.337557703699252,0.735696520575504,0.856781350835162
"ENSMUSG00000044164",0.147116374596286,2.74602740757953,7.26106759570525,0.378185076971841,0.705293110536835,NA
"ENSMUSG00000044165",12.2933885523691,2.36682596482032,0.985037899051704,2.40277655011941,0.0162711263648535,NA
"ENSMUSG00000044167",1523.23389357269,-0.110313480663234,0.145119832474747,-0.76015441020048,0.447162292394826,0.648081919677263
"ENSMUSG00000044170",1.2701512724571,1.52659446807588,3.81690913725149,0.399955674390289,0.689189164665782,NA
"ENSMUSG00000044172",0.168960899503268,-0.230813046622928,7.34996734670451,-0.0314032751079386,0.974947929282481,NA
"ENSMUSG00000044176",75.9413560623342,0.292244995320889,0.425797809614619,0.68634687337963,0.492494397351554,0.683210036227736
"ENSMUSG00000044177",67.918857711517,0.820841723958218,0.624708326694228,1.31395995360246,0.188859681110016,0.383456476820523
"ENSMUSG00000044186",0.116891485436628,1.15772317154141,7.35585000238494,0.157388088550752,0.874939000423374,NA
"ENSMUSG00000044197",218.309898633066,-0.13368223167283,0.228663254631768,-0.584624896938983,0.558799963232973,0.736891360266534
"ENSMUSG00000044199",780.518168761061,-0.157893213261579,0.254752254700422,-0.619791229903951,0.535395243366997,0.719954017233406
"ENSMUSG00000044201",282.848455999423,0.608018007524242,0.781874660754694,0.777641274289873,0.436780521512145,0.638316891653984
"ENSMUSG00000044205",2.05510853812366,1.93657609402023,2.31786454729717,0.835500114223003,0.40343618265595,NA
"ENSMUSG00000044206",0.101543580450179,-2.58551109067215,7.32918805037087,-0.352769102512157,0.724261549063488,NA
"ENSMUSG00000044211",0,NA,NA,NA,NA,NA
"ENSMUSG00000044213",0.0381979668618393,0,7.3561311249555,0,1,NA
"ENSMUSG00000044216",0.123109924754362,1.15666522061147,7.35590169744176,0.157243159056045,0.875053215341986,NA
"ENSMUSG00000044217",0.0406180793754555,0,7.3561311249555,0,1,NA
"ENSMUSG00000044220",0.334518201414433,0.554822012199655,7.26977471004941,0.0763190104684667,0.939165301785275,NA
"ENSMUSG00000044221",449.15517307653,-0.189954885347385,0.167331091060209,-1.13520376962722,0.256289950440782,0.466046019151423
"ENSMUSG00000044222",0.191650948870337,0.758366623325528,7.27916854579782,0.104183138301328,0.917024014834468,NA
"ENSMUSG00000044224",619.377903777922,-0.147636051689567,0.183280777087629,-0.805518472998289,0.420520550650819,0.62508957040351
"ENSMUSG00000044227",0.119570415565904,-1.66883417579745,7.35005401498005,-0.227050600226368,0.820384396163155,NA
"ENSMUSG00000044229",6.98758607905387,-0.947776028815263,1.36247383037111,-0.69562879498178,0.486661328376647,NA
"ENSMUSG00000044231",5.73031389561598,-0.968477444578585,1.62363154106524,-0.59648843970054,0.550848974394594,NA
"ENSMUSG00000044243",0.0817021859130776,0,7.3561311249555,0,1,NA
"ENSMUSG00000044244",56.2475452993166,0.0790603452680163,0.398380463423759,0.19845437346138,0.842689579427899,NA
"ENSMUSG00000044248",0.419998121737234,-2.42712028566041,7.24579295058069,-0.334969588865481,0.737648026858472,NA
"ENSMUSG00000044249",0.0812361587509111,0,7.3561311249555,0,1,NA
"ENSMUSG00000044250",407.685421128563,0.163995736443276,0.235137915494261,0.697444885052059,0.485524419953526,0.678074158129501
"ENSMUSG00000044252",6.99233395527758,0.343906232850485,1.47580230746431,0.233030014325819,0.815738099194755,NA
"ENSMUSG00000044254",2.19058173468367,-0.405476353618316,2.05233589730363,-0.197568221727756,0.843382900064861,NA
"ENSMUSG00000044258",7711.00979829812,-0.0851230144839635,0.259896994553318,-0.327525967086551,0.743270106145965,0.862046814414274
"ENSMUSG00000044265",0.283621969858754,0.882785425106503,7.20429203541292,0.122536041122035,0.902474504358299,NA
"ENSMUSG00000044268",0.20348427084512,0.116783173348307,7.18163963554267,0.0162613524591703,0.987025889731662,NA
"ENSMUSG00000044279",7.23115190038943,-0.160164447243366,0.944007191191499,-0.169664435544406,0.865274044821493,NA
"ENSMUSG00000044285",22026.0648325421,-1.24648155566528,0.427016235309531,-2.91904956438422,0.00351100394448681,0.0354635291754255
"ENSMUSG00000044286",1.66379181632785,2.17037495790475,1.97715338951963,1.09772715127179,0.272323650086632,NA
"ENSMUSG00000044287",4.05460761648169,1.30253346368935,1.43234199549027,0.909373227755925,0.363153148736839,NA
"ENSMUSG00000044288",0.713623278800836,0.306492625375398,7.15955153156817,0.0428089139416064,0.965853858207273,NA
"ENSMUSG00000044292",0.0682559641299395,0,7.3561311249555,0,1,NA
"ENSMUSG00000044293",4.69226438323505,-0.448276921833408,0.970158274901943,-0.462065761258096,0.644034162511236,NA
"ENSMUSG00000044294",0.0786961543573526,-1.67364495709027,7.35017596069945,-0.227701345660167,0.81987842623292,NA
"ENSMUSG00000044296",0.969245290586616,-0.28823034623941,2.93773126885749,-0.0981132444941111,0.921842370684051,NA
"ENSMUSG00000044303",6.89892589294723,0,2.22815674572248,0,1,NA
"ENSMUSG00000044308",365.235198253075,0.650589530945483,0.29720449462332,2.18902991951736,0.0285946654583693,0.118664260308976
"ENSMUSG00000044309",0.904132425234906,0,7.3561311249555,0,1,NA
"ENSMUSG00000044312",0.117708103714874,-1.7426349857009,7.35192540707289,-0.237031102631211,0.812632661295105,NA
"ENSMUSG00000044313",0.11588494498659,-2.35097517315865,7.30136942021562,-0.32199099071051,0.747459519732782,NA
"ENSMUSG00000044317",2.11494467767776,2.55748399654084,3.0490814643323,0.838771947046316,0.401597295703714,NA
"ENSMUSG00000044320",26.9797507771254,-0.137806507536158,1.05613978761765,-0.130481314265236,0.896185636806542,NA
"ENSMUSG00000044322",0.235167240622387,-0.109540359783726,7.22285190484125,-0.0151658044809565,0.987899902594613,NA
"ENSMUSG00000044328",408.581450616423,-0.181550339462616,0.364753499139852,-0.497734332612959,0.618671305904618,0.780669279128897
"ENSMUSG00000044330",8.02277708826374,-1.6520492965285,2.39311329471604,-0.690334761908768,0.489983692180808,NA
"ENSMUSG00000044337",2.36739031074178,-1.66703047585305,2.43777667296633,-0.683832319153573,0.494081055755295,NA
"ENSMUSG00000044338",0.15228972551125,-1.11004488110856,7.29423481868125,-0.152181127795012,0.879044078426066,NA
"ENSMUSG00000044339",167.707441528663,-1.00979282209602,0.267785478789568,-3.7709020917058,0.000162658486246022,0.00878622478984659
"ENSMUSG00000044340",73.5007607339027,-0.103205056088389,0.450194489156479,-0.229245489614416,0.818678118241016,0.909728463915858
"ENSMUSG00000044345",109.575889209121,0.00384513235724697,0.334740570429003,0.0114869026850228,0.99083497924907,1
"ENSMUSG00000044348",218.736881587889,-0.122287759930252,0.3453657683794,-0.354081878189829,0.723277522582322,0.849335465636689
"ENSMUSG00000044349",2899.24869689271,1.34443449684718,0.367276466777705,3.66055170548375,0.000251672758747645,0.010539684396839
"ENSMUSG00000044350",19.0505223087561,1.06865279526098,0.874203782236916,1.22242984642151,0.221545118215293,NA
"ENSMUSG00000044352",0.415456287320629,0,7.3561311249555,0,1,NA
"ENSMUSG00000044359",5.96939659705904,0.88442695959849,1.05990822980269,0.834437298183005,0.404034606677556,NA
"ENSMUSG00000044361",4.0026083889372,1.66896311691185,1.44211021164282,1.1573062193427,0.247147273455192,NA
"ENSMUSG00000044362",0.298539367259169,0,7.3561311249555,0,1,NA
"ENSMUSG00000044364",0.743931742173133,0.17078276533409,3.62677313344418,0.0470894536410954,0.962441932789697,NA
"ENSMUSG00000044365",1.62605562731684,1.24562853828761,2.49428374393134,0.499393279260333,0.617502352902635,NA
"ENSMUSG00000044367",25.8416755990578,0.701790947859366,0.673438540519931,1.04210095744973,0.297364874735989,NA
"ENSMUSG00000044375",0.551077071016939,-1.69269983919082,7.14014617956078,-0.237067953039436,0.81260407352223,NA
"ENSMUSG00000044377",1.56067494393417,3.41894360776893,3.90500206707778,0.875529269649637,0.381285991484376,NA
"ENSMUSG00000044378",0.843977047815837,-1.15290475360688,3.90622396340074,-0.295145584177709,0.767882668725673,NA
"ENSMUSG00000044390",23.0870511942393,0.616512329923675,0.623581541098632,0.988663533621437,0.322827790142931,NA
"ENSMUSG00000044393",12.1028816760483,0.434823150862294,0.887281194267322,0.490062399239006,0.6240897442645,NA
"ENSMUSG00000044400",0.0825358896433337,0,7.3561311249555,0,1,NA
"ENSMUSG00000044405",0.287619890442433,-0.220254636619326,7.34541093073636,-0.0299853389682646,0.976078745722382,NA
"ENSMUSG00000044408",3266.3229772579,-0.999347183397227,0.302015084441273,-3.30893135767049,0.000936527949985192,0.0190485160197605
"ENSMUSG00000044424",13.960795539485,-0.138642983822769,1.70840760408988,-0.0811533403918723,0.935320006037471,NA
"ENSMUSG00000044429",0.0425774740632087,0,7.3561311249555,0,1,NA
"ENSMUSG00000044430",0.339570647892801,3.57466414690258,7.24112063507435,0.493661730974031,0.621545096362087,NA
"ENSMUSG00000044433",2.59167674163995,0.847270743529375,2.65917352687501,0.318621833049409,0.750013295316231,NA
"ENSMUSG00000044434",86.011594305998,0.671993698323918,1.35360861931377,0.496446083997748,0.619579718040682,0.780905898055228
"ENSMUSG00000044441",0.812867905170454,1.9291847848859,5.52224588496163,0.349347860467337,0.726828171601824,NA
"ENSMUSG00000044442",466.469464149458,0.0461522658212349,0.210364837399827,0.219391540866291,0.826345058939798,0.914353500914904
"ENSMUSG00000044444",0,NA,NA,NA,NA,NA
"ENSMUSG00000044447",519.534590257809,0.07467215679606,0.268475500679759,0.278133969792387,0.780909519988533,0.888089917557819
"ENSMUSG00000044452",185.000685574414,0.279226300509124,0.502221370319737,0.555982514904445,0.578222807916467,0.751378001348005
"ENSMUSG00000044453",7.82564169245516,-1.73534390918096,1.12576886833695,-1.54147441627561,0.123201364819489,NA
"ENSMUSG00000044454",1.44193988808698,-1.92275830929726,3.53827145793639,-0.543417409363683,0.586842441733123,NA
"ENSMUSG00000044456",333.077151929945,0.236156896439453,0.200944631271714,1.17523366981687,0.239901243235878,0.445584039325845
"ENSMUSG00000044457",0.457341289294095,0.85712046326383,7.22268643996427,0.118670590283588,0.90553633741768,NA
"ENSMUSG00000044461",1.11703545899171,-1.87876520667404,2.91165372999303,-0.645257087860696,0.518760596472605,NA
"ENSMUSG00000044465",234.399379294892,0.0793175477086797,0.373184509722423,0.212542443864234,0.83168386867504,0.917134654378935
"ENSMUSG00000044468",465.602461053001,-0.960091201862229,0.270267431871069,-3.55237475420361,0.000381770714900243,0.0126469466321579
"ENSMUSG00000044469",554.601826190115,-0.522626405295489,0.307501794222444,-1.69958814912613,0.0892084210302439,0.239821931434311
"ENSMUSG00000044475",566.84642501727,-0.477620886212208,0.269730779872019,-1.77073186248461,0.0766053013526189,0.218002086901419
"ENSMUSG00000044477",290.937744798091,-0.286646560243855,0.27564831249737,-1.03989956494506,0.298386564623793,0.509333654171333
"ENSMUSG00000044485",0.87920860410752,2.13523004987171,6.24988171886921,0.341643273571909,0.732619366992192,NA
"ENSMUSG00000044487",0,NA,NA,NA,NA,NA
"ENSMUSG00000044496",354.960001829481,-0.202894116590764,0.207307043298759,-0.978713088384385,0.327721763225251,0.537827819567302
"ENSMUSG00000044499",0.795739925391547,0.828648684334615,7.21304112972735,0.114882012930645,0.908538642292101,NA
"ENSMUSG00000044501",230.645455812866,-0.517253357550058,0.30890149175078,-1.6744929091096,0.0940337668347422,0.24807146654962
"ENSMUSG00000044502",192.921929763821,-0.186263289893857,0.337580916282226,-0.55175894403384,0.581113519480442,0.752759420792054
"ENSMUSG00000044505",0.4362055195904,1.15828641120172,7.35581933901743,0.157465315258332,0.874878141258993,NA
"ENSMUSG00000044515",0.228593950944439,-3.55292273741739,7.25420167893889,-0.489774463774916,0.624293502665255,NA
"ENSMUSG00000044518",0,NA,NA,NA,NA,NA
"ENSMUSG00000044519",142.669977427096,0.111119116511708,1.03283251724208,0.107586771966111,0.914323490521659,0.962532852642634
"ENSMUSG00000044526",0.0812361587509111,0,7.3561311249555,0,1,NA
"ENSMUSG00000044528",0.935011851739261,0.201984562027346,3.35550220417983,0.0601950318422503,0.952000302557088,NA
"ENSMUSG00000044533",24752.6724699514,-0.517941106295048,0.207052909405166,-2.50149156456202,0.0123671388569906,0.0712823134701761
"ENSMUSG00000044534",1.99991180536772,1.26330232383019,3.51301385254448,0.359606416842102,0.719141484242859,NA
"ENSMUSG00000044537",0,NA,NA,NA,NA,NA
"ENSMUSG00000044538",0,NA,NA,NA,NA,NA
"ENSMUSG00000044542",1.49146082858801,1.41593772516346,2.00355228318623,0.706713639092915,0.479744451932582,NA
"ENSMUSG00000044548",1.8652837664471,2.74477789067057,2.14803536996473,1.27780851705232,0.201316950583188,NA
"ENSMUSG00000044550",1.17119849627727,-0.425011806704125,3.14784235670815,-0.135016865059463,0.892598540040032,NA
"ENSMUSG00000044551",75.8569151405934,-0.122387335262651,0.461774979391037,-0.265036740240991,0.790981158924931,0.894333658047408
"ENSMUSG00000044556",0.737028896647089,0.200838635415479,3.3653019978716,0.0596792310296374,0.952411113483397,NA
"ENSMUSG00000044560",0.167295992530429,-2.55130217722352,7.33028372585686,-0.348049580703684,0.727802948473492,NA
"ENSMUSG00000044562",2.71151208220467,1.71886411685416,2.36595927712568,0.726497760748588,0.467533679745546,NA
"ENSMUSG00000044566",48.1502156119071,0.232166652410019,0.32399236486195,0.716580628401358,0.473632900878173,NA
"ENSMUSG00000044573",2405.04638365225,-0.504498887514511,0.258494037538046,-1.95168481377547,0.0509756366861247,0.169890144518659
"ENSMUSG00000044576",1.06229178408379,3.47951858712696,4.11945263475728,0.844655563646739,0.398303176415653,NA
"ENSMUSG00000044581",2.45718220541464,-2.16717215206361,2.8439628319011,-0.762025483509896,0.446044794838415,NA
"ENSMUSG00000044583",53.5505194851004,-0.0683076546561659,0.778801477112988,-0.0877086865697558,0.930108215350272,NA
"ENSMUSG00000044594",0.146572305511779,2.74564603316628,7.26107378574742,0.378132231427759,0.705332365585313,NA
"ENSMUSG00000044595",16.0629380533505,0.0321870544385796,0.707895268246619,0.0454686673048452,0.963733748926995,NA
"ENSMUSG00000044597",0.0735963757948856,-0.228410844453254,7.34976560689256,-0.0310772964295694,0.97520789574715,NA
"ENSMUSG00000044600",1523.35712514938,-0.576645354770449,0.262318800302777,-2.19826163471648,0.0279304667095025,0.117187038804513
"ENSMUSG00000044609",5.69061546258291,-0.510004807476078,1.10111244018398,-0.46317232361017,0.643240852621611,NA
"ENSMUSG00000044617",24.810776186734,0.360272039998885,0.567543900013751,0.634791493645084,0.525564411866955,NA
"ENSMUSG00000044624",1.03956365157133,1.45046479813174,3.66191507804715,0.396094602746837,0.692035239779115,NA
"ENSMUSG00000044626",17.2073517058023,1.20165392878275,0.945853044195245,1.27044463847462,0.203926291226676,NA
"ENSMUSG00000044627",3751.53472969923,-0.726981097485562,0.227047458632993,-3.20189048519885,0.0013652889252011,0.0230826688315095
"ENSMUSG00000044628",3.79967969878127,-0.188729776662169,2.14176834023171,-0.0881186695671066,0.929782357930846,NA
"ENSMUSG00000044629",28.6312539968725,1.47616342524643,0.592042006363763,2.4933423800666,0.012654675558948,NA
"ENSMUSG00000044636",90.6086150677958,0.210986622675181,0.318809397572427,0.661795493739323,0.508102294493931,0.697969869520915
"ENSMUSG00000044639",0,NA,NA,NA,NA,NA
"ENSMUSG00000044641",12.1452136292076,-0.27123883167602,0.89020455628836,-0.304692702098639,0.760600208373919,NA
"ENSMUSG00000044645",459.229361163899,-0.710835974795,1.20548703766707,-0.589667041273752,0.555413895749809,0.734483793911286
"ENSMUSG00000044646",0.281454071982306,2.71737941093559,7.27363503268991,0.373593038243308,0.708707114188413,NA
"ENSMUSG00000044647",6.62853412354448,-1.90635332760224,1.24469374926172,-1.53158423807703,0.125625064510899,NA
"ENSMUSG00000044649",0.114228629431371,-3.13863321915088,7.26774571323647,-0.431857874916372,0.665844712909321,NA
"ENSMUSG00000044664",0.821176297374261,-0.244426452354162,3.27323692237366,-0.074674231701172,0.940473910538703,NA
"ENSMUSG00000044667",4.29897547552302,1.15292567513468,1.10185010352166,1.04635437383885,0.295397449850494,NA
"ENSMUSG00000044674",0.23018113544764,2.16023168887442,7.28485831439467,0.296537227718741,0.766819841068751,NA
"ENSMUSG00000044676",1.3963851415754,-0.676826135665135,3.74397815099829,-0.180777266417718,0.856542407864322,NA
"ENSMUSG00000044678",151.007011849383,-0.148638164935891,0.523601414803925,-0.283876553296848,0.776504985392433,0.884666869699923
"ENSMUSG00000044681",0.523737830411537,-3.37057589213576,7.26329504622084,-0.464056033891876,0.642607600371762,NA
"ENSMUSG00000044697",0.167007431883869,1.10610716171636,7.35496420226289,0.150389197186853,0.880457563738401,NA
"ENSMUSG00000044700",111.101520558363,0.769212900375729,0.340190516809751,2.26112387725936,0.0237515871948834,0.105758756496136
"ENSMUSG00000044701",4.29003578105346,-0.322996925385865,2.38124937124182,-0.135641789258477,0.892104467682701,NA
"ENSMUSG00000044702",172.817478986283,0.319197337534693,0.356744960684221,0.894749394420279,0.370921067716541,0.580059287197913
"ENSMUSG00000044703",1485.94084092326,-1.34351670493882,0.291253386908836,-4.61287924991357,3.97129033464592e-06,0.000981405123949372
"ENSMUSG00000044705",0.915234318061571,3.51604947695669,3.63976592592062,0.96600977879295,0.334039287857285,NA
"ENSMUSG00000044707",3.38848626591144,1.78259636652168,2.21195589576007,0.805891460104881,0.42030543576221,NA
"ENSMUSG00000044708",5.40477777549524,0.257408576253287,1.29156680616937,0.199299467146209,0.842028495968049,NA
"ENSMUSG00000044709",2587.13383166699,-0.750505843794746,0.223869950361803,-3.35241886006509,0.000801087193914562,0.017750852955743
"ENSMUSG00000044712",2244.20358779152,0.312458583779461,0.196617163205324,1.58917247449637,0.112021458997753,0.277204813174497
"ENSMUSG00000044715",1073.41149923422,-0.60862715242064,0.192951153762408,-3.15430688313001,0.00160879814345278,0.024617600074351
"ENSMUSG00000044716",2.06950718431161,-0.271170182495285,3.9026649674018,-0.0694833363253871,0.9446048962794,NA
"ENSMUSG00000044719",0.0381979668618393,0,7.3561311249555,0,1,NA
"ENSMUSG00000044724",0.0353897838660346,1.15683850669914,7.35589322782797,0.157266897556741,0.875034507509095,NA
"ENSMUSG00000044726",4.26093789636277,0.769453174350412,1.31562079140021,0.584859390623864,0.558642266210021,NA
"ENSMUSG00000044734",191.910320761474,-1.64762831148864,0.657605959981328,-2.50549479742462,0.0122280197236617,0.0710187867029355
"ENSMUSG00000044737",0.543742667612833,1.35276002788113,7.25362372605487,0.186494375634904,0.852057089083716,NA
"ENSMUSG00000044743",0.0414066693320352,0,7.3561311249555,0,1,NA
"ENSMUSG00000044748",0.087613560507454,0,7.3561311249555,0,1,NA
"ENSMUSG00000044749",0.976472859644631,-1.97259871290301,6.2365144174118,-0.316298268692474,0.751776125137006,NA
"ENSMUSG00000044751",13.3361046218426,-1.28480158520789,0.819587350317764,-1.56762007699333,0.116969823765036,NA
"ENSMUSG00000044757",1.59154418675394,-1.44540161442601,2.83706127164197,-0.509471412857247,0.610421831264014,NA
"ENSMUSG00000044763",621.474027309263,-0.389284939033489,0.262137109900999,-1.48504322482425,0.137532374229365,0.315079201648939
"ENSMUSG00000044768",1843.43090403885,-0.883481668845385,0.234073249418648,-3.77438118640054,0.000160405333971696,0.00875203063341216
"ENSMUSG00000044770",448.827022972384,0.00731679228624503,0.268903791600965,0.0272097029301195,0.978292476753426,0.995617249128999
"ENSMUSG00000044772",0.116986134973412,0,7.3561311249555,0,1,NA
"ENSMUSG00000044783",1324.25199428467,0.310162298953506,0.206735617205213,1.50028477504981,0.133540651532155,0.309145044589076
"ENSMUSG00000044786",440.319161397723,-0.121234413930935,0.289343992781844,-0.418997514914167,0.675217948532613,0.821278383320398
"ENSMUSG00000044787",0.332673658880091,2.35088013982396,7.23103582024159,0.325109735073255,0.745098021318601,NA
"ENSMUSG00000044788",63.0789626021355,0.650132210429781,0.424318159572593,1.53218097260944,0.125477782549514,NA
"ENSMUSG00000044791",817.130577310646,0.00149558905516154,0.193660766576732,0.00772272609263354,0.993838217332071,1
"ENSMUSG00000044792",959.755563083762,-0.387300589748298,0.209850583793353,-1.84560167881012,0.0649500625783463,0.197259206277301
"ENSMUSG00000044795",29.5570610629633,-0.232852997913248,0.636115699850859,-0.366054474001887,0.714324427791091,NA
"ENSMUSG00000044798",0.0381979668618393,0,7.3561311249555,0,1,NA
"ENSMUSG00000044801",0,NA,NA,NA,NA,NA
"ENSMUSG00000044807",41.02193208702,2.06334151243847,0.601487342082511,3.4303988930085,0.000602694534673725,NA
"ENSMUSG00000044811",39.7098540049912,0,2.18986334684644,0,1,NA
"ENSMUSG00000044813",4.46744155632275,-0.981329058500201,1.27603102154436,-0.769047963514645,0.441864837702495,NA
"ENSMUSG00000044814",2.17627540564807,1.35077190491179,2.12888216803108,0.634498200603119,0.525755740751649,NA
"ENSMUSG00000044816",2.92402139039746,1.26801790240719,2.07361396583674,0.611501428567746,0.540867672893078,NA
"ENSMUSG00000044819",1.60496494974186,-1.83374604716133,2.33673899527898,-0.784745772149191,0.432602640211635,NA
"ENSMUSG00000044820",28.870824228173,0.757499941141705,0.579063886104499,1.30814571469409,0.190823890436855,NA
"ENSMUSG00000044824",15.1501859453991,0.320739111391413,0.611248710337361,0.524727669714657,0.599772519368284,NA
"ENSMUSG00000044827",229.947465684314,-0.0966748945546424,0.352395619488627,-0.274336255073008,0.783826225324867,0.889464153063519
"ENSMUSG00000044835",0.561324229106806,-3.08723673253453,7.11961928244502,-0.433623851228505,0.664561611782319,NA
"ENSMUSG00000044847",242.658927053917,-0.960632026672878,0.275955436950092,-3.4811128828986,0.00049933500131377,0.014131291757371
"ENSMUSG00000044854",39.9842823241805,-0.320050385587236,0.536348566822862,-0.596720874044841,0.55069375370895,NA
"ENSMUSG00000044857",224.087756115617,-0.123121438866695,0.253638490554682,-0.485420957195574,0.627377769309017,0.785712561715397
"ENSMUSG00000044860",33.927572289861,-0.615553150904976,0.509159656192362,-1.20895900415256,0.226678595745486,NA
"ENSMUSG00000044863",0,NA,NA,NA,NA,NA
"ENSMUSG00000044864",146.930702400122,-0.0605277459703872,0.31519857710336,-0.192030517798114,0.847718300517449,0.926957455820241
"ENSMUSG00000044876",258.102391254427,-0.364808464637958,0.356414056951338,-1.02355240351187,0.30604673619127,0.516915931313597
"ENSMUSG00000044881",525.98322540754,-0.359923218618843,0.199877078048529,-1.80072283491885,0.0717465765923003,0.209088867615554
"ENSMUSG00000044894",9347.88483960242,-0.634265026373586,0.199572130072446,-3.17812425083274,0.00148231212617851,0.0238254558817473
"ENSMUSG00000044897",0.147064658334846,2.74490793452175,7.26108577024431,0.378029956039122,0.705408340639649,NA
"ENSMUSG00000044899",0.0406180793754555,0,7.3561311249555,0,1,NA
"ENSMUSG00000044903",0,NA,NA,NA,NA,NA
"ENSMUSG00000044906",451.562189278082,-0.16935074232996,0.310132804505932,-0.546058784718858,0.58502552966346,0.755155048409938
"ENSMUSG00000044912",1.29117329334157,-0.0126669112950589,6.57623172962829,-0.00192616559389018,0.998463143161404,NA
"ENSMUSG00000044916",7.1725937209513,0.685409051215088,1.075939257215,0.637033221549354,0.524103204271961,NA
"ENSMUSG00000044921",1.27810007894202,1.61717210107727,2.45568338159467,0.658542592745449,0.510189537433599,NA
"ENSMUSG00000044923",1.26031316903484,-0.103543889729409,5.70563756862843,-0.0181476458124029,0.985521068337163,NA
"ENSMUSG00000044927",4.54249122884608,-1.74790454405417,2.28788137371936,-0.763983904118523,0.444876834606663,NA
"ENSMUSG00000044933",1.29536336045773,0.762814189667976,3.70914970727113,0.205657428216665,0.83705851499993,NA
"ENSMUSG00000044934",363.593015891685,0.921083163002665,0.260018713569829,3.54237258679193,0.000396544938951532,0.0126855789643276
"ENSMUSG00000044937",36.4814008070499,-0.380416009752847,0.708660638925234,-0.536809847841686,0.591398968554662,NA
"ENSMUSG00000044938",2.40569495326832,0.516917611559472,1.60868225935844,0.32132983909801,0.747960446091502,NA
"ENSMUSG00000044948",6.87989305095045,-0.638939811792641,1.58919386419634,-0.402052780461593,0.687645182916041,NA
"ENSMUSG00000044949",12.2440379961477,0.403272937098449,0.836487834369568,0.482102572839426,0.629733082239981,NA
"ENSMUSG00000044950",327.950488936178,0.0472912700097721,0.209379584002125,0.225863807281669,0.821307348046756,0.911078794236582
"ENSMUSG00000044951",11.381561895322,0.939125414985411,0.889794830324222,1.05544040376501,0.291223952378808,NA
"ENSMUSG00000044952",6.68320335567932,1.00849905726772,1.0709027137641,0.94172798733786,0.346331922289111,NA
"ENSMUSG00000044957",25.4303674530443,0.680833340045146,0.623036231822877,1.09276684929409,0.274496180283421,NA
"ENSMUSG00000044966",92.3416332024599,-0.479381119834156,0.711894419452623,-0.673387944525192,0.500700516182393,0.690778032444237
"ENSMUSG00000044968",57.1313045061538,-0.309969755006542,0.394582475058772,-0.785563917810521,0.432123010216971,NA
"ENSMUSG00000044976",24.9790637424688,0.65954252247024,0.620396889988909,1.06309772520302,0.287737635961741,NA
"ENSMUSG00000044982",217.002601692499,-0.0334545154038219,0.252124419348064,-0.132690500548608,0.894438155894308,0.952955504528479
"ENSMUSG00000044985",1.73231404513157,-1.17184102095603,2.60512812161137,-0.449820878763997,0.65283960185083,NA
"ENSMUSG00000044986",11.6940668121405,0.442223523062365,1.27275774937476,0.347453019460779,0.728251007535091,NA
"ENSMUSG00000044988",0.0832151545916219,0,7.3561311249555,0,1,NA
"ENSMUSG00000044991",381.630386508651,-0.25561174931437,0.300972135572653,-0.849287090407965,0.395721562510187,0.602681864278022
"ENSMUSG00000044994",2.22977756726641,0.593847104519223,1.83744152577639,0.323192382553943,0.74654954946291,NA
"ENSMUSG00000045004",1.20885929500865,1.48798833607986,4.36361114350413,0.340999297862493,0.733104110319663,NA
"ENSMUSG00000045005",33.1453320382747,0.24072323727396,0.612860172554765,0.392786557283503,0.694477134095497,NA
"ENSMUSG00000045007",6.07995245526502,-0.451589547607838,1.01191298865617,-0.446273101215506,0.655399984040868,NA
"ENSMUSG00000045008",20.3520997402578,-0.426716245556679,0.593760929724149,-0.718666763330023,0.472346266612433,NA
"ENSMUSG00000045009",2.95531722032493,-0.249383682421835,1.88723582899458,-0.132142299648207,0.894871738966788,NA
"ENSMUSG00000045010",6.15853398794427,-0.361560630646972,1.3800373046575,-0.261993374691204,0.793326550069249,NA
"ENSMUSG00000045013",0.288525888998416,-3.64438740382827,7.24918143690031,-0.502730885624872,0.615153491767719,NA
"ENSMUSG00000045019",43.8508905144006,0.665427418030208,0.673618878206294,0.98783962201609,0.323231199292039,NA
"ENSMUSG00000045022",0.0414066693320352,0,7.3561311249555,0,1,NA
"ENSMUSG00000045027",0.46820119948787,0,7.3561311249555,0,1,NA
"ENSMUSG00000045030",0.416958636471421,3.0690996277672,7.26118260976229,0.422672144843315,0.672534481478373,NA
"ENSMUSG00000045031",90.5899073199635,-0.239675184102352,0.72932277201759,-0.328627040451949,0.742437606933508,0.861687888286688
"ENSMUSG00000045034",0.669925831006154,3.22116169300205,5.84502191602788,0.551094887115679,0.581568630177175,NA
"ENSMUSG00000045036",0.233344620315893,0,7.3561311249555,0,1,NA
"ENSMUSG00000045038",101.576333811465,0.197720040273531,0.507328050286085,0.389728185070854,0.696737552587979,0.83521005867893
"ENSMUSG00000045039",2.75352878439829,-2.64505777083038,2.72013561053911,-0.97239922913481,0.330851975293786,NA
"ENSMUSG00000045045",3.40173893700742,-3.20951230251902,2.20381908710844,-1.45634109500799,0.14529835051784,NA
"ENSMUSG00000045048",0.88151476137511,-4.4756602574378,7.23477320606145,-0.61863172900679,0.536158994592533,NA
"ENSMUSG00000045052",0.0812361587509111,0,7.3561311249555,0,1,NA
"ENSMUSG00000045053",0.0919254560869436,0,7.3561311249555,0,1,NA
"ENSMUSG00000045055",22.6028328344733,0.0928006254261929,0.612100570670664,0.15161009460343,0.879494471109709,NA
"ENSMUSG00000045062",0.364855066678917,-2.55343603231116,7.29474491489198,-0.350037741155062,0.726310373827602,NA
"ENSMUSG00000045064",7.18972854762797,1.34832447650387,0.885379235612252,1.52287790617936,0.127789254271858,NA
"ENSMUSG00000045065",21.1549533434144,-0.0830696115667186,0.469156939725354,-0.177061457548401,0.859460115951789,NA
"ENSMUSG00000045071",91.0882954854632,-0.783229239130128,0.472995928242933,-1.65589002433835,0.0977440921688043,0.254239829860448
"ENSMUSG00000045078",212.700523852286,0.546013172030379,0.459976790865039,1.18704504851981,0.235209851824165,0.439767237617149
"ENSMUSG00000045083",0.849785930484915,-1.80537885961835,7.31797236553562,-0.246704793273185,0.805136696714976,NA
"ENSMUSG00000045087",449.517039657203,1.31574309741888,1.21497982454173,1.0829341120254,0.278837669419599,0.489401697836067
"ENSMUSG00000045091",0.080693262904744,-1.66941030185621,7.35006867587831,-0.227128531102701,0.820323799123299,NA
"ENSMUSG00000045092",1898.53728789263,0.342840487834379,0.174067723088935,1.96958104438014,0.0488864058679188,0.166188892569735
"ENSMUSG00000045094",0.939456330103026,3.47746918962869,6.0766324653617,0.572269132525477,0.56713965826345,NA
"ENSMUSG00000045095",2.58111147948453,0.954354643870345,2.16479670667692,0.440851855015676,0.659320250175179,NA
"ENSMUSG00000045098",1031.67271810578,0.280748418103319,0.17940790377883,1.56486092412863,0.117615522754114,0.285728543235295
"ENSMUSG00000045100",59.6394974127448,-0.148459474544988,0.490054258176502,-0.302944974087987,0.761931796425172,NA
"ENSMUSG00000045102",23.8113390684278,1.07998644696124,0.601836467352037,1.79448489007815,0.0727358082085583,NA
"ENSMUSG00000045103",8.39808300587672,0.0691100497050989,0.943661684038761,0.0732360451568999,0.941618283501305,NA
"ENSMUSG00000045104",0.124627670058035,0,7.3561311249555,0,1,NA
"ENSMUSG00000045106",41.9675707723978,0.00912682747856079,0.540504796025432,0.0168857474451186,0.986527763038677,NA
"ENSMUSG00000045107",1067.67518627019,-0.301211113877973,0.143282430381633,-2.10221946316584,0.0355340556311934,0.136519256418264
"ENSMUSG00000045109",0.0786997745429299,-1.67238321891897,7.35014397625968,-0.227530674816795,0.820011119596727,NA
"ENSMUSG00000045111",0.156992601091485,1.15711107560609,7.35587990719662,0.157304236910397,0.875005081260048,NA
"ENSMUSG00000045114",3.3066802825399,-1.69094601948594,2.06453806760204,-0.819043274629452,0.412761724114097,NA
"ENSMUSG00000045126",0.079994766365508,-1.67454803083834,7.35019891342953,-0.227823498460535,0.81978345789895,NA
"ENSMUSG00000045128",56828.2443590807,-0.511603995339256,0.195523735743033,-2.61658255144855,0.00888148854333697,0.0581799299210642
"ENSMUSG00000045132",15.4773967061172,1.01162741872776,0.707178184025912,1.43051276407968,0.152569905064809,NA
"ENSMUSG00000045136",16.0646131273007,-0.144020948068552,1.30065544454202,-0.110729516162725,0.911830839387135,NA
"ENSMUSG00000045140",28.6608931466476,0.683836303024756,0.65800884516656,1.03925092808085,0.298688050548553,NA
"ENSMUSG00000045148",0.0830116814643627,1.15559024882033,7.35595425975557,0.157095899187759,0.875169269429434,NA
"ENSMUSG00000045150",0.381404286786825,-0.109566058371699,7.2227596632648,-0.0151695561641011,0.987896909528865,NA
"ENSMUSG00000045160",2445.41900040849,-0.613760426351594,0.220884334905514,-2.77865076585959,0.00545851758959221,0.0441550297652365
"ENSMUSG00000045165",1087.06364608299,0.16917257712199,0.23521310182532,0.719231096436222,0.47199854244261,0.667865100493158
"ENSMUSG00000045174",0.194498720825316,2.7444503187068,7.26109320349612,0.377966546054715,0.705455446086565,NA
"ENSMUSG00000045176",80.6771029342976,-0.595025129356779,0.406426869438248,-1.46403984111387,0.143183062855046,0.322034351598931
"ENSMUSG00000045179",0,NA,NA,NA,NA,NA
"ENSMUSG00000045180",0.917836182083263,-0.110195648735989,4.59163018006184,-0.0239992430606649,0.980853212484241,NA
"ENSMUSG00000045193",765.442150654979,-0.0861276754620244,0.247317045217033,-0.348248036791978,0.727653914735858,0.851629048918299
"ENSMUSG00000045201",0.543460028551482,-2.3840942421869,7.15645082823867,-0.333139191396312,0.739029216925685,NA
"ENSMUSG00000045202",0.756809210651643,-0.63062268288639,3.53030908350956,-0.178631011610879,0.858227442376675,NA
"ENSMUSG00000045204",0.288336727974351,0.880362704387619,7.17156738804386,0.122757363453814,0.902299237854861,NA
"ENSMUSG00000045205",170.560348088444,0.593045672579803,0.327959795357074,1.8082877260431,0.070561731160532,0.206823808343903
"ENSMUSG00000045210",480.277521086313,-0.128168946171505,0.224426061162938,-0.57109653623717,0.567934206419888,0.743383160813108
"ENSMUSG00000045211",192.399139036174,-0.303810774236368,0.310012726957724,-0.979994522217788,0.327088822599917,0.537205143476011
"ENSMUSG00000045215",1.0467745587175,1.41525388839768,4.34740450540685,0.325539959908846,0.7447724444928,NA
"ENSMUSG00000045216",85.8079807246117,-0.173219743228628,0.348114618279044,-0.497593993854568,0.618770237933729,0.780669279128897
"ENSMUSG00000045217",0.0352597853922182,1.155567702399,7.3559553626321,0.157092810577567,0.875171703562209,NA
"ENSMUSG00000045225",112.321094371909,0.525470563587488,0.526581059293167,0.997891121060887,0.31833215792519,0.529838925928692
"ENSMUSG00000045231",191.680456123269,0.56805361999912,0.292867214852519,1.93962857974792,0.0524248449750267,0.172651856712953
"ENSMUSG00000045232",10.9278469547668,0.215009585912597,1.49443077184849,0.143873901664008,0.885600044700355,NA
"ENSMUSG00000045236",0.0828133386640704,0,7.3561311249555,0,1,NA
"ENSMUSG00000045237",588.219413435089,-0.915498075390531,0.278641449421759,-3.28557749498643,0.00101773542254806,0.0197956684368954
"ENSMUSG00000045246",0.159338419857461,-1.67378853913206,7.3501779861908,-0.227720817411048,0.819863287641276,NA
"ENSMUSG00000045248",123.446942914072,-0.203264531883278,0.275839529398544,-0.73689413669784,0.461186729931661,0.658505102610786
"ENSMUSG00000045251",370.142562930271,-0.111275119071015,0.269550718109648,-0.412817001013332,0.679740694530032,0.824036197258989
"ENSMUSG00000045252",178.697678335737,0.342160384447374,0.301311448346743,1.13557047475217,0.256136371494753,0.465938173026432
"ENSMUSG00000045257",66.9701329416615,-0.956398747409661,0.460521901929105,-2.076771470376,0.0378226565682117,0.141566437022632
"ENSMUSG00000045259",4.30549708517444,0.614227152746557,1.56586566262073,0.392260439326926,0.694865790909837,NA
"ENSMUSG00000045267",0,NA,NA,NA,NA,NA
"ENSMUSG00000045268",16.9747444930733,0.0322202493055668,0.691940073754351,0.0465650863820405,0.962859858861094,NA
"ENSMUSG00000045273",885.626572974836,0.415812605269956,0.271737390351324,1.53020018604124,0.125967185350121,0.298240952552698
"ENSMUSG00000045275",3.85665133422497,1.18232930851688,1.67997300014037,0.703778756216969,0.481570565388481,NA
"ENSMUSG00000045281",0.632222136136814,-1.43271086014278,5.105138167326,-0.280640956852538,0.778985798882856,NA
"ENSMUSG00000045282",60.5459564310206,0.590572824951111,0.352069947114718,1.67743037936345,0.0934583529316736,NA
"ENSMUSG00000045284",0.581771714659571,-0.462568295399504,7.12291218520161,-0.0649408954332646,0.948221059450457,NA
"ENSMUSG00000045287",168.853725571879,0.389523733559423,0.33649705947825,1.15758436095517,0.247033694387056,0.45388997565354
"ENSMUSG00000045288",2.23179782120639,2.51395420809397,1.93734218076409,1.29763045116917,0.194414353040642,NA
"ENSMUSG00000045291",2.32221172825143,0.029865572101243,1.75878453320566,0.016980802103603,0.98645193126689,NA
"ENSMUSG00000045294",169.542339380443,0.120596560887988,0.284887078690993,0.423313550906234,0.672066508807589,0.819231833903656
"ENSMUSG00000045302",872.641311249604,-0.129639004944075,0.190571330716023,-0.68026499293986,0.496336686254946,0.686866602776164
"ENSMUSG00000045306",27.320620942282,0.0463286937305374,0.492457262697757,0.0940765772784864,0.925048326471799,NA
"ENSMUSG00000045312",4.09971053067348,0.950814398822622,1.82981232091384,0.519624000754224,0.603325666552844,NA
"ENSMUSG00000045314",0.939158263743315,0.203797968911882,4.06599195628339,0.0501225706059115,0.960024713598857,NA
"ENSMUSG00000045316",36.3616650767619,-0.36458372878405,0.623534932406072,-0.584704576818508,0.558746376081865,NA
"ENSMUSG00000045318",0.386510616441857,-1.69237665186544,7.26734557365829,-0.232874112660851,0.815859160947683,NA
"ENSMUSG00000045319",3.16254351639437,-1.17262459107466,1.68805569539436,-0.694659894382641,0.487268467414913,NA
"ENSMUSG00000045322",0.673774027175994,0,7.3561311249555,0,1,NA
"ENSMUSG00000045326",3.8538597414586,-0.870695488666494,1.63769012988414,-0.531660704780636,0.594961012412917,NA
"ENSMUSG00000045327",13.6450055959921,0.158800370309165,0.763224925526589,0.20806496878964,0.835178239411393,NA
"ENSMUSG00000045328",1638.77729794158,-0.300380388534047,0.417896700423358,-0.718791003206633,0.47226970182868,0.66796194056038
"ENSMUSG00000045330",0.128548843264532,0,7.3561311249555,0,1,NA
"ENSMUSG00000045331",0.152431850382421,-0.230986151907371,7.34987901086963,-0.0314272046608888,0.974928845680927,NA
"ENSMUSG00000045333",2.17240506288197,-0.613148080819986,3.17562829206504,-0.193079297835979,0.846896865521451,NA
"ENSMUSG00000045336",0.149823920040734,-1.69416489801194,7.26729992428303,-0.233121642929726,0.81566694922007,NA
"ENSMUSG00000045337",0,NA,NA,NA,NA,NA
"ENSMUSG00000045340",0.152633366623538,-3.14247778996045,7.26766476726213,-0.432391681591594,0.665456762908405,NA
"ENSMUSG00000045341",7.48365251472607,0.873758257772288,1.37573882808852,0.635119282768448,0.525350621710371,NA
"ENSMUSG00000045348",3.28177440200687,3.72065236779818,2.03017869660894,1.83267235244507,0.0668513112257412,NA
"ENSMUSG00000045349",14.6446407934214,-2.23977024578272,1.10943756444054,-2.01883397279069,0.0435044787426558,NA
"ENSMUSG00000045350",1.50373538665416,-0.437910159270035,3.84011192153251,-0.114035780263215,0.909209429889695,NA
"ENSMUSG00000045362",661.789270226028,0.0728680864381702,0.153300829383522,0.475327411672847,0.634553623932327,0.791390685411438
"ENSMUSG00000045364",0.114228629431371,-3.13863321915088,7.26774571323647,-0.431857874916372,0.665844712909321,NA
"ENSMUSG00000045374",121.599060264338,0.312710644147473,0.342870794678501,0.912036396802743,0.36174955801557,0.570591093183965
"ENSMUSG00000045377",3.86513007477713,2.50838373556549,1.19987189461353,2.09054295448216,0.0365690540147309,NA
"ENSMUSG00000045378",1.4809758784988,0,3.22782672303807,0,1,NA
"ENSMUSG00000045381",3.76569633703948,1.39680899592949,1.33566332938387,1.04577925080404,0.29566296310234,NA
"ENSMUSG00000045382",301.77401355522,-0.308175878375854,0.473795598901896,-0.650440567810477,0.515407679914165,0.702634797400568
"ENSMUSG00000045392",338.100698843137,0.556525743774217,0.29679626767895,1.8751103176817,0.0607775484150977,0.18934322914694
"ENSMUSG00000045394",39.1127982585744,-0.355462005940818,0.545452902138592,-0.651682307578043,0.514606138352037,NA
"ENSMUSG00000045395",0.156176239686779,0,7.3561311249555,0,1,NA
"ENSMUSG00000045404",0.612371132773971,0.190813350757981,5.12794200898507,0.0372105126040119,0.970317156572617,NA
"ENSMUSG00000045409",252.936142944182,0.319941249167777,0.218728344151884,1.46273337554099,0.143540349819105,0.322329931386155
"ENSMUSG00000045410",265.643714623195,-0.227738937127696,0.364154494354153,-0.625390982834366,0.531714478843392,0.717346475142204
"ENSMUSG00000045411",269.68307910436,0.671169026241323,0.237238439592799,2.82909054448905,0.0046680490115993,0.0407629544873314
"ENSMUSG00000045414",237.689541825928,0.139432227098926,0.358628294533521,0.388793157774375,0.697429162720295,0.83543069818245
"ENSMUSG00000045417",0.0406180793754555,0,7.3561311249555,0,1,NA
"ENSMUSG00000045421",0.326473649600792,-2.51190339287725,7.2960315321009,-0.344283516569993,0.730633079323261,NA
"ENSMUSG00000045427",1137.35043485319,-0.262049402135665,0.124499685987502,-2.10481978373802,0.0353069983734295,0.136172328880745
"ENSMUSG00000045435",1271.32807053466,-0.521463861571641,0.214341679992509,-2.4328626219122,0.0149799832604068,0.0799308094457881
"ENSMUSG00000045438",902.576321247374,-0.670148988444358,0.312553451177525,-2.14411002636386,0.0320240718915283,0.128137926235726
"ENSMUSG00000045440",4.08658998944188,1.44996174091649,1.57388407737044,0.921263364795586,0.356912943100156,NA
"ENSMUSG00000045441",356.410451036987,1.11194808843626,0.257149684791791,4.32412775203897,1.53136540874541e-05,0.00252292451090807
"ENSMUSG00000045455",379.719628231231,-0.593077005425326,0.412559332702294,-1.43755566391052,0.150560168280359,0.333621892726147
"ENSMUSG00000045463",0.0844091741169444,0,7.3561311249555,0,1,NA
"ENSMUSG00000045466",92.7545186166562,0.751536175003599,0.477398842034113,1.5742312482398,0.115433997633063,0.282861940159353
"ENSMUSG00000045467",4.02063160020348,-0.552880696093277,1.35585747127534,-0.407771987695159,0.683441081027632,NA
"ENSMUSG00000045471",0.109230160909009,2.02553093003586,7.28825854605659,0.277916997213525,0.781076075814059,NA
"ENSMUSG00000045474",0,NA,NA,NA,NA,NA
"ENSMUSG00000045475",0,NA,NA,NA,NA,NA
"ENSMUSG00000045479",9.05431600656532,0.877207434750661,0.94576079606054,0.927515116300622,0.353659147012594,NA
"ENSMUSG00000045482",946.340301519435,0.431268878972544,0.204810205832617,2.10570013940126,0.0352304077244051,0.136036164201463
"ENSMUSG00000045493",0.22526147010441,1.35682902987292,7.25505496194207,0.187018435696278,0.851646178366652,NA
"ENSMUSG00000045498",0.304655297215747,-3.872322861106,7.246079002579,-0.534402517517099,0.593063077592929,NA
"ENSMUSG00000045502",2.96380921876669,0,2.72799315529299,0,1,NA
"ENSMUSG00000045503",1851.53662387475,-0.366590567777557,0.25523509366651,-1.43628590610876,0.150921002815438,0.334196709863486
"ENSMUSG00000045506",0.181158754354745,3.13780873311608,7.24943853095447,0.432834725022899,0.66513484410411,NA
"ENSMUSG00000045508",0,NA,NA,NA,NA,NA
"ENSMUSG00000045509",1.61630779488874,0.750701793335007,2.79532526749193,0.268556150536486,0.788271259715122,NA
"ENSMUSG00000045514",0.295688191863965,-1.2254176994398,7.33887293694734,-0.166976279596077,0.867388713021745,NA
"ENSMUSG00000045515",4.7255963620341,0.960648058378374,1.28864963409362,0.745468770535172,0.455988383484207,NA
"ENSMUSG00000045518",5.33203913511696,0.640103420615852,1.35451680932724,0.472569565920543,0.636520299655141,NA
"ENSMUSG00000045519",757.08709901526,-0.683372980262416,0.252783473569738,-2.70339263327627,0.00686356178405953,0.0501080563038615
"ENSMUSG00000045521",1.13016202568503,-0.248066845156386,2.12146713866053,-0.11693174060335,0.906914145316552,NA
"ENSMUSG00000045528",0.0841235147351567,0,7.3561311249555,0,1,NA
"ENSMUSG00000045532",0.677731291505596,0,6.06532512895489,0,1,NA
"ENSMUSG00000045534",0.111622221037888,2.16070931636064,7.28484992851026,0.296603133566885,0.76676951823671,NA
"ENSMUSG00000045538",285.416608970657,0.00224952929270729,0.321002690531812,0.00700782067894959,0.994408613840505,1
"ENSMUSG00000045539",0.271826907057598,-1.69446624557921,7.2674441495138,-0.233158481953049,0.815638344000528,NA
"ENSMUSG00000045540",14.9384022727198,0.508448599480304,1.08829422035932,0.46719773933232,0.640358410908275,NA
"ENSMUSG00000045545",0.183524392395444,-1.46510821225783,7.34490279014141,-0.199472784612528,0.841892930292838,NA
"ENSMUSG00000045551",14.3100912314275,-1.73743914031252,2.16786926300195,-0.801450147370329,0.422871093745958,NA
"ENSMUSG00000045555",0.288442582475847,-1.66681114644669,7.35000288575266,-0.226776937690414,0.820597197585594,NA
"ENSMUSG00000045559",0.913733804446835,-0.917068948201079,5.42968255412014,-0.168899183158542,0.865875941712802,NA
"ENSMUSG00000045566",0,NA,NA,NA,NA,NA
"ENSMUSG00000045569",0.185855272128244,1.35537180311838,7.25507021649846,0.18681718614331,0.851803971549573,NA
"ENSMUSG00000045573",7.0898828635259,1.67741938815477,2.24085512196791,0.748562176871865,0.454121136266444,NA
"ENSMUSG00000045575",0,NA,NA,NA,NA,NA
"ENSMUSG00000045576",315.026166962574,-0.127251738698073,0.234645732767402,-0.542314310161416,0.587601999132616,0.75716668444242
"ENSMUSG00000045581",0.491291944444871,-1.6917204910386,7.26792381640415,-0.232765303238359,0.815943656937305,NA
"ENSMUSG00000045584",0.142916327697556,2.5887885732332,7.26375893033563,0.356397919873365,0.721542586943818,NA
"ENSMUSG00000045587",0.123554829176021,0,7.3561311249555,0,1,NA
"ENSMUSG00000045589",11.391949405596,0.922837954647171,0.859689926261463,1.07345442403905,0.283067277003097,NA
"ENSMUSG00000045591",3.27726264787723,-0.81337418850915,1.94983364571914,-0.417150555533244,0.676568288366602,NA
"ENSMUSG00000045594",236.464491196601,0.478429522870378,0.281740668802422,1.69812020715365,0.0894850764438323,0.240434895527937
"ENSMUSG00000045598",113.858797374644,0.228732345064149,0.300927102463579,0.760092205692346,0.447199471332181,0.648081919677263
"ENSMUSG00000045608",1.01850416168081,-0.113229615820267,6.14436477001234,-0.0184282053651641,0.985297251633042,NA
"ENSMUSG00000045609",0,NA,NA,NA,NA,NA
"ENSMUSG00000045613",0.565911634674751,2.53602241915581,7.19804301712152,0.352321097987819,0.72459746735404,NA
"ENSMUSG00000045620",0.111723623168014,-1.1126658982084,7.29420790285275,-0.152541017890817,0.878760241352409,NA
"ENSMUSG00000045624",979.408864138351,0.2209165922015,0.183996867067041,1.20065409657767,0.229885407264667,0.433171416471832
"ENSMUSG00000045625",1.72601428601424,5.54411664288878,3.33408924408876,1.66285790121495,0.0963408831217537,NA
"ENSMUSG00000045629",1.68748930807917,-2.58128689274721,3.52578698932795,-0.732116517691055,0.464097452856806,NA
"ENSMUSG00000045631",0.116899615963887,0,7.3561311249555,0,1,NA
"ENSMUSG00000045636",10.8797593943537,6.55147704117755,1.80002542284674,3.63965806150471,0.000273000320814979,NA
"ENSMUSG00000045639",11.3797851965235,-1.39553901987373,1.14731884898772,-1.21634802836632,0.223852372926249,NA
"ENSMUSG00000045648",0.507991429517214,3.94074085687352,7.24277334825288,0.544092803597687,0.58637761236089,NA
"ENSMUSG00000045655",0.306773564478782,-0.459348703731836,7.318286316243,-0.0627672495830489,0.949951845472022,NA
"ENSMUSG00000045657",0.0406180793754555,0,7.3561311249555,0,1,NA
"ENSMUSG00000045658",19.4033238453836,-0.0145931942031856,0.84878689841538,-0.0171930012473448,0.986282645560918,NA
"ENSMUSG00000045659",23.7837121303403,-0.192630184789752,0.573394904500115,-0.335946802592686,0.73691098263266,NA
"ENSMUSG00000045662",1.86170319585612,-0.0862214801207176,3.15423701174391,-0.0273351304292278,0.97819243729928,NA
"ENSMUSG00000045664",3.61813942525105,-3.26921843331327,2.3293115884964,-1.4035127157134,0.160464002863585,NA
"ENSMUSG00000045665",562.275020443467,-0.0724776907293925,0.24368688321384,-0.297421386713671,0.766144817796167,0.877054827392486
"ENSMUSG00000045667",62.7930393262137,0.968394011983332,0.543032538858664,1.78330752337362,0.0745362574003366,NA
"ENSMUSG00000045671",119.935186314911,-0.046400249227712,0.406769911003933,-0.114070013470744,0.909182292817547,0.960793988080121
"ENSMUSG00000045672",11.2544519591124,-0.0100095353494739,0.884830784864574,-0.0113123724001148,0.990974225220693,NA
"ENSMUSG00000045678",40.7070417574809,0.0295994106944939,0.632271455744396,0.0468144029365448,0.96266114973631,NA
"ENSMUSG00000045679",1114.77670883969,0.465111231475018,0.190855456124642,2.43698158239326,0.0148104336772722,0.0795226164583575
"ENSMUSG00000045680",1.14672450163397,-1.1359316372128,3.39616785721793,-0.334474526869625,0.738021509754275,NA
"ENSMUSG00000045684",0.78606284508308,0,7.3561311249555,0,1,NA
"ENSMUSG00000045689",0.230320526604257,-2.5525469537727,7.29476857613067,-0.349914726853013,0.726402694454208,NA
"ENSMUSG00000045690",395.479137578098,-0.444753485369925,0.232986036174294,-1.9089276450766,0.0562714261990188,0.180032115446346
"ENSMUSG00000045691",91.9473104316165,-0.515385057664953,0.396058144285493,-1.30128635176719,0.193160457137701,0.389036495274283
"ENSMUSG00000045693",0.192752357019671,-2.86310304713371,7.26182078252787,-0.394267929886456,0.693383237897212,NA
"ENSMUSG00000045694",2.0811591974561,-0.862123617251153,1.93703200099472,-0.44507453506624,0.65626589083005,NA
"ENSMUSG00000045699",21.8266067242783,3.42966412368831,1.47863006874472,2.3194876096358,0.0203686121889576,NA
"ENSMUSG00000045708",0.701764451842889,-1.7023796719534,4.61558297679622,-0.368833077102441,0.712252148259015,NA
"ENSMUSG00000045725",58.7540394905746,-0.361734320902382,0.483267516355067,-0.748517764303048,0.454147914118081,NA
"ENSMUSG00000045730",234.50913173893,0.476564657343416,0.374032029519784,1.27412793485968,0.202618079765523,0.399457462800597
"ENSMUSG00000045731",8.1586893674025,0.791377411952978,1.0420770039878,0.759423160596145,0.447599463208281,NA
"ENSMUSG00000045733",1.58802418253718,3.12261784062682,4.40474233811934,0.708921794040753,0.478373009731527,NA
"ENSMUSG00000045744",1.35273842881576,5.53398032276419,7.22014779740111,0.766463579146695,0.44340051480816,NA
"ENSMUSG00000045751",595.547821676715,-0.334312075407487,0.250625409766658,-1.33391133691809,0.182232915679753,0.375364111584572
"ENSMUSG00000045752",323.585509413243,-0.484991686651321,0.24795733140697,-1.95594816212676,0.0504712609617183,0.168902279818444
"ENSMUSG00000045757",79.8940633334483,-0.496410996261645,0.338768928262445,-1.46533803677849,0.142828713780729,0.321681894673617
"ENSMUSG00000045761",0.283876376309266,-3.12524932545057,7.26802395059494,-0.429999866083923,0.667195738605115,NA
"ENSMUSG00000045763",84.6720296498083,-0.287318867807042,0.56969876328667,-0.504334722704083,0.61402618109826,0.777263260360648
"ENSMUSG00000045767",892.850595807568,0.159921961849255,0.137344036447553,1.16438955768075,0.244266177455843,0.450771682701027
"ENSMUSG00000045775",69.453113524403,0.0581677632286012,0.708773185858794,0.0820682333772567,0.93459245397864,0.973750701967934
"ENSMUSG00000045776",17.9897738670014,-0.298506704760102,0.642301411203563,-0.464745522200787,0.642113704686384,NA
"ENSMUSG00000045777",1410.92832631189,-0.698790850768562,0.446592014342575,-1.56471864325037,0.117648895121535,0.285739392696897
"ENSMUSG00000045780",79.7262768345582,0.215822130849648,0.446407524899584,0.483464365656012,0.628766055635853,0.786554348261251
"ENSMUSG00000045790",0.523821407212861,-0.647254326942221,7.1804389042085,-0.0901413319682813,0.928174904730009,NA
"ENSMUSG00000045792",5.26514624226474,1.60727938629751,1.01218944595482,1.58792347887142,0.1123036435836,NA
"ENSMUSG00000045794",0.0948751955936346,0,7.3561311249555,0,1,NA
"ENSMUSG00000045795",256.887645495963,0.145447193603007,0.26911164344896,0.540471574321133,0.588871859218021,0.758139922944795
"ENSMUSG00000045797",0,NA,NA,NA,NA,NA
"ENSMUSG00000045799",3.13216818099347,2.7274654579094,2.64605736517143,1.03076580795621,0.30265065601907,NA
"ENSMUSG00000045802",0.080494005562805,-1.50628887919857,7.34594206890586,-0.205050470731922,0.83753269275276,NA
"ENSMUSG00000045812",7.7018661030814,-0.139342225665226,0.858181314088111,-0.162369214264807,0.871015112572973,NA
"ENSMUSG00000045817",4945.01959837955,-0.273000822264849,0.196338786078957,-1.39045793099211,0.164389865548923,0.351248779409672
"ENSMUSG00000045822",63.0465257435463,-0.654815748736848,0.532261290630533,-1.23025243477904,0.218602590063492,NA
"ENSMUSG00000045824",0.0381979668618393,0,7.3561311249555,0,1,NA
"ENSMUSG00000045826",8993.03640398726,-0.297320073777272,0.226749205559646,-1.31122873415785,0.189780497252054,0.384671975948719
"ENSMUSG00000045827",3233.77065255451,-0.456683248298733,0.239228761251776,-1.90898136958582,0.0562644950590343,0.180032115446346
"ENSMUSG00000045835",0.930872173144716,-0.931229803531088,2.99678760798703,-0.310742676941528,0.755996250723948,NA
"ENSMUSG00000045838",0.541834402269071,-3.18479597983308,7.25384229018921,-0.439049520574841,0.660625654696246,NA
"ENSMUSG00000045842",0.742690959219217,0,7.3561311249555,0,1,NA
"ENSMUSG00000045854",915.831698261242,-0.382801142514515,0.247989219673693,-1.54362009372105,0.122680394275919,0.292992437162952
"ENSMUSG00000045867",209.593234321256,-0.413384748893316,0.337891037911602,-1.22342620108635,0.221168762225963,0.423692483450318
"ENSMUSG00000045868",1713.66395572523,0.0966049262100132,1.67320323645793,0.0577365164643836,0.953958506265955,0.984287848883278
"ENSMUSG00000045871",0.0355187493373064,1.16171280725677,7.35565536667627,0.157934643392857,0.874508299155349,NA
"ENSMUSG00000045875",1.80139249649013,0.694782052065326,2.91571711094465,0.238288566972887,0.81165728822706,NA
"ENSMUSG00000045876",0.3263664487002,-3.43123490353591,7.2622446954911,-0.472475804301424,0.63658720811387,NA
"ENSMUSG00000045877",1.1139776678806,-0.449323658347991,2.78645756246745,-0.161252647232176,0.871894417127223,NA
"ENSMUSG00000045883",0.16700689196518,0,7.3561311249555,0,1,NA
"ENSMUSG00000045886",777.209437068112,-0.320295284967729,0.213068503438289,-1.50325026833681,0.132774519186137,0.307948409703183
"ENSMUSG00000045896",608.955067841795,-0.294164892946496,0.179303892443508,-1.64059401576671,0.100881718036826,0.259151710705307
"ENSMUSG00000045903",2.43397739967017,-0.175585230170204,2.37203392398772,-0.0740230687236633,0.940992029426602,NA
"ENSMUSG00000045912",2.92068023852454,0.566104096585123,1.43529856052176,0.394415567712499,0.693274252043374,NA
"ENSMUSG00000045915",0.0432773486139992,0,7.3561311249555,0,1,NA
"ENSMUSG00000045917",135.280384248294,0.270511609180129,0.339073372888705,0.797796674140259,0.42498849165266,0.62795384753162
"ENSMUSG00000045929",0.462362178244131,0.883334983106501,7.18702546531903,0.122906894843915,0.90218082573055,NA
"ENSMUSG00000045930",0.393820224294287,1.35771448273662,7.25504018012847,0.187140863320839,0.851550189781033,NA
"ENSMUSG00000045932",292.378658680631,-0.234231857613145,0.222607171143391,-1.05222062887752,0.292698337097566,0.504088505697726
"ENSMUSG00000045934",10.9853380791547,-0.165962302599391,1.08802070446639,-0.152535978330289,0.878764215830859,NA
"ENSMUSG00000045942",7.0005597851949,1.25764708150266,1.2132456110106,1.03659726446904,0.299923588712532,NA
"ENSMUSG00000045948",1932.71705389497,-0.310282368802733,0.234589757945446,-1.32265948658717,0.185948642117318,0.379616341868999
"ENSMUSG00000045952",0.246563962757352,0,7.3561311249555,0,1,NA
"ENSMUSG00000045954",0.79546435766842,2.74227984364175,6.374482838012,0.430196443119923,0.667052749158172,NA
"ENSMUSG00000045962",2197.52692607866,0.3430405503217,0.192047237529522,1.78623006888587,0.0740620143932177,0.213378901858629
"ENSMUSG00000045967",0.21452323901593,-2.00604996918399,7.27253082667788,-0.275839321550234,0.782671480655341,NA
"ENSMUSG00000045968",11.7682188673845,0.0571508428679314,0.767396251012356,0.0744737061101582,0.940633462537738,NA
"ENSMUSG00000045969",1511.04539074265,-0.361932319035012,0.163727957852204,-2.21057126579278,0.0270655403927283,0.115022728625159
"ENSMUSG00000045973",691.589181500736,0.326808131261284,0.193165032109752,1.69185968957155,0.0906727294621046,0.242342521245715
"ENSMUSG00000045975",78.0307868020935,0.274708623298737,0.335161675755533,0.819630176032147,0.412426965691381,0.617235511863633
"ENSMUSG00000045980",83.4133120212654,-0.471010420652013,0.531950592803925,-0.885440164977175,0.375919277775379,0.584822483602396
"ENSMUSG00000045983",795.568650275008,0.349286328711261,0.285768978169758,1.22226817952147,0.221606228375404,0.424100475625261
"ENSMUSG00000045989",0.261624336838461,-2.52772326191629,7.29553864419093,-0.346475206999142,0.728985613651119,NA
"ENSMUSG00000045991",2.49111193717975,0.58218081539469,1.51266147184702,0.384871847554777,0.700332364667496,NA
"ENSMUSG00000045994",0.678927889678919,1.34963061098169,6.71713421390074,0.200923573655668,0.840758334470534,NA
"ENSMUSG00000045996",3988.95064592551,-1.00013150442825,0.257662818601591,-3.88155151704174,0.000103792158356022,0.00759219421493503
"ENSMUSG00000046000",0.484474581120274,-1.11221229054107,7.29457641214644,-0.152471127547459,0.878815361047026,NA
"ENSMUSG00000046006",7.21834916286081,1.15259625053677,2.48894599110684,0.463086083287892,0.643302664908502,NA
"ENSMUSG00000046008",0.0786976707979228,-1.67311017346912,7.35016240407956,-0.22762900756322,0.819934667110408,NA
"ENSMUSG00000046010",320.487402328859,-0.238317414702207,0.231734046173076,-1.02840915539969,0.303757403674195,0.515298083974501
"ENSMUSG00000046016",0.0787000498364445,-1.6722893214003,7.35014159604293,-0.227517973572183,0.820020994781067,NA
"ENSMUSG00000046020",174.853190675916,0.246617348945533,0.315223964145034,0.7823559659064,0.434005404618454,0.6355948255801
"ENSMUSG00000046027",221.027020034384,0.109360640799488,0.224094413027732,0.488011456073002,0.625541726561274,0.784805174141159
"ENSMUSG00000046031",460.174871866033,-0.383976587566443,0.25778753873811,-1.48950794691644,0.136353662260096,0.313620663293358
"ENSMUSG00000046032",638.080213112641,-0.635135286195689,0.270595265277432,-2.34717812059464,0.0189162093855689,0.0927513540557286
"ENSMUSG00000046034",2358.20707443477,-0.296226541939623,0.20028341321175,-1.47903681682535,0.139130475203752,0.317079848332401
"ENSMUSG00000046041",60.0125468718469,-0.327844780657927,0.577914880444028,-0.567289045068427,0.570517818649948,NA
"ENSMUSG00000046049",0.635315662821021,-3.13507814823487,7.26781937282284,-0.431364345674045,0.666203470410448,NA
"ENSMUSG00000046056",17.8866713721225,0.561824797452152,0.615216452363731,0.913214845431323,0.361129557687962,NA
"ENSMUSG00000046057",92.3030636342309,0,2.34849686348147,0,1,1
"ENSMUSG00000046058",68.8508235489067,-1.27611518259287,0.470636000890992,-2.71146954371738,0.00669856945015791,0.0493408040348814
"ENSMUSG00000046062",657.437053440129,0.324916949908049,0.225390348334117,1.44157437223707,0.149422482493604,0.332143296480611
"ENSMUSG00000046070",0.278075049380201,0,7.3561311249555,0,1,NA
"ENSMUSG00000046079",518.694073962644,0.176036238625334,0.360666575662521,0.488085812504156,0.625489059876929,0.784805174141159
"ENSMUSG00000046080",2.03100778475137,-2.35532690629601,3.24270208448246,-0.726346992394745,0.467626078037276,NA
"ENSMUSG00000046082",0.0888578563412714,0,7.3561311249555,0,1,NA
"ENSMUSG00000046085",2.13948961944099,-0.529609530781709,1.73937528802929,-0.304482611904736,0.76076023796759,NA
"ENSMUSG00000046093",1.32390185685441,0.234983733850623,2.59146783818844,0.0906759213399643,0.9277501037834,NA
"ENSMUSG00000046095",0.128358028214532,0,7.35613112495549,0,1,NA
"ENSMUSG00000046096",319.528794246161,-0.132135099076751,0.222764226454056,-0.593161214347869,0.553073266680137,0.7326128626797
"ENSMUSG00000046101",117.951394479365,0.297551562976593,0.543212946795077,0.547762281315512,0.583855140914948,0.754258856821975
"ENSMUSG00000046108",0.709677684751169,1.11462087271912,6.72360932705884,0.165777162012282,0.86833231948863,NA
"ENSMUSG00000046110",0.324214962521237,0,7.3561311249555,0,1,NA
"ENSMUSG00000046111",785.96520339521,0.52952896460067,0.274348717125668,1.93013100315725,0.0535906078795407,0.174728627294688
"ENSMUSG00000046130",0.0761524196209141,-2.55627499047924,7.29465809108018,-0.350431090609309,0.726015196884991,NA
"ENSMUSG00000046133",0.195357878346606,2.15739612016339,7.28492988512483,0.296145076779476,0.767119290756834,NA
"ENSMUSG00000046138",295.744226209678,0.134699144051599,0.243778736749562,0.552546730890552,0.580573826826432,0.752454736879412
"ENSMUSG00000046139",337.770854444289,0.0914915462074637,0.2019387948465,0.453065723587235,0.650501416120532,0.801971376696365
"ENSMUSG00000046145",0.414970764846178,0,7.3561311249555,0,1,NA
"ENSMUSG00000046150",65.1376016372212,-0.0217052712187176,0.468656249316874,-0.0463138414357128,0.963060107277509,NA
"ENSMUSG00000046152",1.27511497289419,2.16143141941326,3.73543032113582,0.578629832066053,0.562838971043867,NA
"ENSMUSG00000046157",422.814008377121,0.146910039019559,0.20618273628166,0.712523471503794,0.476140682264448,0.670845302762838
"ENSMUSG00000046159",1.89878344846635,0.0607706330362154,2.3585096164006,0.0257665402818918,0.979443549970148,NA
"ENSMUSG00000046160",0.232757305100815,2.15305249247276,7.28503170377723,0.295544697678724,0.7675778125515,NA
"ENSMUSG00000046167",3.0453615286693,0.474511702429392,1.60247008446776,0.296112674444712,0.767144035002723,NA
"ENSMUSG00000046168",6.28110162689106,0.357469696800193,0.959734825830088,0.372467151529083,0.709545064722869,NA
"ENSMUSG00000046169",78.9682694002392,0.738196838421019,0.424488646147263,1.73902610852146,0.0820301705948114,0.227580195433542
"ENSMUSG00000046173",0.0947486324750234,-1.88511236974853,7.34127007638964,-0.256782865925511,0.797346397689593,NA
"ENSMUSG00000046178",0.434309002509529,-1.89813990714897,7.16268343729493,-0.265004020318092,0.791006364744464,NA
"ENSMUSG00000046179",407.37562186521,1.33462096551234,0.605065237604893,2.20574721958139,0.0274017037092516,0.115903226857489
"ENSMUSG00000046180",0.548046875276081,-1.18212122235261,7.12405267378114,-0.165933812744424,0.86820903762399,NA
"ENSMUSG00000046182",6.1091673825731,0.506371279082163,1.10741192740023,0.45725647932195,0.647486707033429,NA
"ENSMUSG00000046185",262.919627036858,0.0148543211531878,0.241752188669534,0.0614444122923457,0.951005283260265,0.982924218426153
"ENSMUSG00000046186",22.4931860583756,1.5078780453098,1.58218459404063,0.953035474488435,0.340572097155957,NA
"ENSMUSG00000046191",0.21388137382847,0,7.3561311249555,0,1,NA
"ENSMUSG00000046192",0.43098087325414,-0.696437574751217,6.4874275544133,-0.107351884689246,0.914509824294456,NA
"ENSMUSG00000046196",1.41218597822291,-0.15325978597457,2.46166322515564,-0.0622586324597184,0.950356871050853,NA
"ENSMUSG00000046201",437.402417385401,0.314823803876815,0.183816365814681,1.7127082372753,0.0867662289568348,0.235433481536731
"ENSMUSG00000046203",0.0832904726788991,-1.65373245665524,7.34967108125914,-0.225007682435215,0.821973297781947,NA
"ENSMUSG00000046204",0.40827116172817,-1.47288719045883,7.27372834839837,-0.202494115797321,0.839530458046645,NA
"ENSMUSG00000046207",29.2817112803558,0.486336123657405,2.03044201200415,0.239522291590769,0.810700613253821,NA
"ENSMUSG00000046210",83.6925750391603,-0.0745256853011029,0.836867107520025,-0.0890531897256097,0.929039638708625,0.971085632720182
"ENSMUSG00000046213",1.24648365217199,0,5.96606732441172,0,1,NA
"ENSMUSG00000046215",0,NA,NA,NA,NA,NA
"ENSMUSG00000046223",98.97488951672,0.374892287041389,0.655323794454405,0.572071837180136,0.56727330779471,0.74310848761605
"ENSMUSG00000046229",1130.2884459782,-0.602528140569548,0.320258042359963,-1.88138332492622,0.0599197935324912,0.187711593953317
"ENSMUSG00000046230",532.772015875085,0.891016169691762,0.315752970937353,2.82187739056474,0.00477434266013954,0.0412427496033702
"ENSMUSG00000046240",0.752211471953223,-3.89477286410786,5.75786904193593,-0.676426093706075,0.498770154851162,NA
"ENSMUSG00000046242",0.316648740709775,1.83162318899508,7.24589220253521,0.252780905069803,0.800437524146677,NA
"ENSMUSG00000046245",90.2351835331321,0.205424875581546,0.554392911337688,0.370540227662505,0.710980008829222,0.841479572231425
"ENSMUSG00000046248",0,NA,NA,NA,NA,NA
"ENSMUSG00000046258",0.125814124005401,-0.443554878830556,7.34090784796781,-0.0604223466656574,0.951819261105362,NA
"ENSMUSG00000046259",0,NA,NA,NA,NA,NA
"ENSMUSG00000046262",0.429153392321271,1.89207177618851,7.21357840129139,0.262293091019817,0.793095488187123,NA
"ENSMUSG00000046269",12.0973637203448,0.494687708989937,0.867130629917369,0.570488104009286,0.568346688280742,NA
"ENSMUSG00000046272",2.76394935463655,0.459376605882395,2.14769736271786,0.213892615345518,0.830630799078084,NA
"ENSMUSG00000046275",4.72286656412069,-1.13528347621082,1.1348269274161,-1.00040230698064,0.317115854002924,NA
"ENSMUSG00000046280",11.546011981725,0.573000536891202,0.882549951731852,0.649255643566449,0.516173151009938,NA
"ENSMUSG00000046282",0.386828879794631,1.35619237628403,7.25504939823006,0.186930825945153,0.851714869573442,NA
"ENSMUSG00000046287",0.226022443790868,2.74667733890072,7.26105575921151,0.378275202668184,0.705226164628855,NA
"ENSMUSG00000046295",148.643687944694,5.11305553707386,1.51416663236088,3.37681165850393,0.000733312437861453,0.0169364332903282
"ENSMUSG00000046300",0.380812343530124,3.20308850655225,7.24864252832987,0.441888049249721,0.658570218991536,NA
"ENSMUSG00000046311",631.408851499482,0.126417261934523,0.244269852284378,0.517531167896021,0.604785417360119,0.770454096575291
"ENSMUSG00000046312",2.10046062428496,1.02374580067452,2.18793034791367,0.467906028933108,0.63985179187901,NA
"ENSMUSG00000046314",9.40942154090303,-0.0194244699721803,1.26171740717311,-0.0153952619356351,0.987716843407488,NA
"ENSMUSG00000046317",1.31744549540711,1.43917825088543,2.06793499242917,0.695949464637113,0.486460478274237,NA
"ENSMUSG00000046318",2.99247066198194,-0.972531115623702,1.4071908490248,-0.691115292781841,0.48949309057888,NA
"ENSMUSG00000046321",0.290052623218952,-1.06833997543629,7.3330622165314,-0.14568811008147,0.884167607997398,NA
"ENSMUSG00000046323",0.147436584484071,-2.97692900439265,7.27127908892922,-0.409409261834706,0.682239343854851,NA
"ENSMUSG00000046324",417.18272783629,0.547772046608642,0.27134924843521,2.01869748955444,0.0435186710900972,0.154797432071109
"ENSMUSG00000046329",170.464387027926,0.615884193747915,0.515685583139541,1.19430174874845,0.232359953823788,0.436337033348811
"ENSMUSG00000046330",29633.1742090913,-0.136838112548325,0.295694171183599,-0.462769056287419,0.643529913519739,0.797454330593284
"ENSMUSG00000046334",0.505138636242341,0,6.4151376339879,0,1,NA
"ENSMUSG00000046337",0.708862809385992,3.83942324738742,6.6156791039162,0.580352097959928,0.561677201304383,NA
"ENSMUSG00000046338",3.32922637914261,0.0830110270287818,1.78405719759789,0.0465293529493058,0.962888339145344,NA
"ENSMUSG00000046341",2.00180590004149,0,3.53763469318126,0,1,NA
"ENSMUSG00000046345",28.1197737439481,1.84938076728496,0.709179279119613,2.60777608953947,0.00911325451109877,NA
"ENSMUSG00000046351",490.145622716492,-0.176792369316872,0.270503716111783,-0.653567248014495,0.513390650848531,0.702015020561312
"ENSMUSG00000046352",0.366325895850827,1.15655646016911,7.35590513307905,0.157228300154136,0.875064925377973,NA
"ENSMUSG00000046354",0.163971447741425,0,7.3561311249555,0,1,NA
"ENSMUSG00000046364",4323.02756027067,-0.460775587059361,0.304691115683265,-1.51227116033915,0.130464894587812,0.305026475646512
"ENSMUSG00000046367",0.550263471467206,0,7.32554071878013,0,1,NA
"ENSMUSG00000046372",9.77945808946755,0.668279996470964,0.900472032866778,0.742144088965652,0.458000039638341,NA
"ENSMUSG00000046378",8.11764694716685,0.288004760820321,0.983914739321035,0.292713127784896,0.76974143467045,NA
"ENSMUSG00000046380",18.6553768325153,0.175332914762672,0.653284117517545,0.268386923945022,0.788401503603575,NA
"ENSMUSG00000046387",0.20975249965217,0,7.3561311249555,0,1,NA
"ENSMUSG00000046388",161.840272305169,0.951107302709544,0.337044935183426,2.82190059373517,0.00477399725290514,0.0412427496033702
"ENSMUSG00000046396",0.102508933604676,0,7.3561311249555,0,1,NA
"ENSMUSG00000046402",1.6513333831535,3.12314991547192,2.23784721047217,1.39560462432686,0.162833589136885,NA
"ENSMUSG00000046404",283.009634763629,0.164139295323674,0.229541876674711,0.715073422338006,0.474563675683051,0.670055982592052
"ENSMUSG00000046408",3.69000519657458,-0.609768738532959,1.68908232125675,-0.361005932546417,0.71809501218931,NA
"ENSMUSG00000046410",39.9499461019587,0.316799874491463,0.516790377055229,0.613014267596564,0.53986690581046,NA
"ENSMUSG00000046411",0.0407969102058399,0,7.3561311249555,0,1,NA
"ENSMUSG00000046417",13.5329968270444,0.638316800958996,1.42314426306458,0.448525716981391,0.653773830449669,NA
"ENSMUSG00000046431",9.94187888808051,0.846393881200399,0.872573321080023,0.969997432597159,0.332047771864219,NA
"ENSMUSG00000046432",2097.24728920431,-0.628369738056378,0.223839670911371,-2.80723133436512,0.00499693427252072,0.0422779391105207
"ENSMUSG00000046434",4931.05648540925,-0.298931543774537,0.156818457229429,-1.90622678641197,0.0566207883470982,0.180663813044243
"ENSMUSG00000046435",0.081498494878908,0,7.3561311249555,0,1,NA
"ENSMUSG00000046438",0.0425774740632087,0,7.3561311249555,0,1,NA
"ENSMUSG00000046440",1.52500387180223,2.33386934877928,4.00826094849834,0.582264822267533,0.560388316504338,NA
"ENSMUSG00000046441",49.5836437723768,-0.377422799751863,0.42328311254409,-0.891655699381463,0.372577505451562,NA
"ENSMUSG00000046442",13.9964339380769,1.55884814400381,0.796106254357419,1.95809056325282,0.0502193868776769,NA
"ENSMUSG00000046447",39.8540460559717,-0.610786741981879,0.72874192388763,-0.838138608416415,0.40195286147951,NA
"ENSMUSG00000046449",0.800332420355047,-4.59229300174463,7.23101361832198,-0.635082886596791,0.525374357773635,NA
"ENSMUSG00000046450",22.0216006145235,1.34999502508975,0.779729889264235,1.7313624162383,0.0833871455072614,NA
"ENSMUSG00000046456",0.678223996021588,-1.3497029638039,3.77254403377917,-0.357769969473841,0.72051546589775,NA
"ENSMUSG00000046460",0.255716371121369,0,7.3561311249555,0,1,NA
"ENSMUSG00000046470",0.086064929079688,0,7.3561311249555,0,1,NA
"ENSMUSG00000046474",0.111984513400545,0,7.3561311249555,0,1,NA
"ENSMUSG00000046480",1.01861324042204,-4.137552252709,4.77629887963585,-0.866267450378743,0.386343511775871,NA
"ENSMUSG00000046486",0.404488571504456,0.0844442383324627,7.20166976574643,0.0117256471178542,0.990644501582227,NA
"ENSMUSG00000046487",0.240908356297084,1.152768554043,7.3558840507424,0.156713801643823,0.87547040934786,NA
"ENSMUSG00000046490",1.22911406360282,1.48392626745347,2.65242954645949,0.559459258563247,0.575848328709648,NA
"ENSMUSG00000046491",0.08572043624296,-1.65565218332055,7.34971997753365,-0.22526738275492,0.821771272360119,NA
"ENSMUSG00000046493",4.58089058483858,-0.878610639678104,1.12164336884425,-0.783324418512302,0.433436627417464,NA
"ENSMUSG00000046500",0.279235312585198,1.14839400193624,7.26995229415053,0.15796444811065,0.874484813230151,NA
"ENSMUSG00000046516",17750.1905878263,-0.782378404362289,0.212023287338345,-3.69005883355529,0.000224202193522345,0.00993829005815416
"ENSMUSG00000046518",0.0761524196209141,-2.55627499047924,7.29465809108018,-0.350431090609309,0.726015196884991,NA
"ENSMUSG00000046519",392.590484592474,-0.10042847401265,0.266966141609396,-0.376184310891336,0.706779878341499,0.839624936594847
"ENSMUSG00000046523",40.9928812827817,0.654990926063477,0.668169609632384,0.9802764397259,0.326949681243307,NA
"ENSMUSG00000046532",147.822956495939,0.402906201141227,0.308853385208755,1.30452253540592,0.192055481040264,0.387838290108888
"ENSMUSG00000046541",11.5265527429381,-0.0899907941103199,0.86288541662148,-0.104290549332341,0.916938777556456,NA
"ENSMUSG00000046546",6.77538727228007,-2.65881043023757,2.07085633810849,-1.28391833914762,0.199170529722864,NA
"ENSMUSG00000046550",74.7471874500362,-0.310896057682733,0.551105341676721,-0.564131816862528,0.572664426198839,0.747132092638813
"ENSMUSG00000046556",80.7607467548873,0.0311279296254209,0.433451191267191,0.07181415174894,0.942749810433412,0.978997990979544
"ENSMUSG00000046561",0.261583043482192,1.35758591960009,7.25504247996755,0.18712308347589,0.851564129816772,NA
"ENSMUSG00000046562",660.603815574859,-0.172656989694536,0.181281662511987,-0.952423909302569,0.340882038560621,0.549542111814989
"ENSMUSG00000046567",79.6323192508338,-0.165160180634026,0.449761176289867,-0.367217513073164,0.713456776956098,0.84309865394035
"ENSMUSG00000046572",12.2788315687286,-2.90417631372912,1.56660543462546,-1.85380201647484,0.063767489899781,NA
"ENSMUSG00000046573",188.175509228383,-0.23418225531633,0.246984151082089,-0.948167136596936,0.343044374468146,0.551562821229558
"ENSMUSG00000046574",109.017118863516,0.360990198370559,0.360674485096199,1.00087534130471,0.316887079326875,0.528056098979461
"ENSMUSG00000046580",0.214837321395422,-0.486030109652302,7.34031332594215,-0.0662138096931875,0.947207602357921,NA
"ENSMUSG00000046585",0.192219239925009,0.770774142682935,7.27887497313202,0.105891933235292,0.915668094428439,NA
"ENSMUSG00000046589",8.68508768288263,1.03346538262969,0.955265085927507,1.08186240432545,0.279313672486561,NA
"ENSMUSG00000046590",0.109065561758726,0.769959005983401,7.27890075370422,0.105779571948631,0.915757245066102,NA
"ENSMUSG00000046591",538.880258496153,0.713561251945152,0.317611423998287,2.24664857127116,0.0246624954213982,0.107805698258514
"ENSMUSG00000046593",0.355848494258913,-1.73242036797238,7.21989062827067,-0.239951054270657,0.810368201183125,NA
"ENSMUSG00000046598",215.011014304335,-0.30041780646423,0.356635140910935,-0.842367372146471,0.399582350411481,0.605275970993088
"ENSMUSG00000046603",69.1609733657058,0.245654989366805,0.435801802270412,0.56368511577283,0.572968448765256,0.747132092638813
"ENSMUSG00000046605",67.6380324211254,1.15108407270404,0.366432871753606,3.14132317659002,0.00168186332914619,0.0249535210838113
"ENSMUSG00000046607",0.652488675663579,-2.2760124878739,5.96267923608852,-0.38170969756323,0.702676706178881,NA
"ENSMUSG00000046610",0.822316165640786,1.86418001004067,3.39427904213392,0.549212362006837,0.58285972177151,NA
"ENSMUSG00000046613",4.59286360019892,2.10203553429034,1.70286052337488,1.23441439004314,0.217048529566144,NA
"ENSMUSG00000046615",0,NA,NA,NA,NA,NA
"ENSMUSG00000046618",7.0049722289541,0.512385986163274,1.21166439539575,0.422877810151318,0.67238441334189,NA
"ENSMUSG00000046620",3.282010348807,-0.164017370210344,1.45496830554986,-0.112729170515064,0.910245273925972,NA
"ENSMUSG00000046623",0.0880915915872186,0,7.3561311249555,0,1,NA
"ENSMUSG00000046634",3.05076177148952,2.2612372484782,2.54787092584933,0.887500707173545,0.374809385631708,NA
"ENSMUSG00000046636",0.0855035657687021,0,7.3561311249555,0,1,NA
"ENSMUSG00000046637",0.884882919714521,-0.929153161042812,4.82867497252493,-0.192424043102855,0.847410060625402,NA
"ENSMUSG00000046643",0.146295143552177,2.45304589637197,7.31299688658862,0.335436474869917,0.73729585713476,NA
"ENSMUSG00000046650",16.9511194009202,0.437263970144134,0.884328808893953,0.494458583443673,0.620982349185591,NA
"ENSMUSG00000046652",0.121533042853836,1.13487825441568,7.3554282492069,0.154291254834557,0.87738009238262,NA
"ENSMUSG00000046658",48.5385646553652,1.13198788038268,0.420485750924913,2.69209569621022,0.00710045681890632,NA
"ENSMUSG00000046667",91.3049193513392,-0.00784471380379052,0.425469304875129,-0.0184377902563215,0.9852896052955,0.998633257077133
"ENSMUSG00000046668",100.86059067069,0.0342429310064415,0.345616194538366,0.0990779122841142,0.921076409229593,0.966748811343654
"ENSMUSG00000046671",734.568952315732,-0.32166830320659,0.234762031432124,-1.37018878753225,0.170627977463537,0.359016082849525
"ENSMUSG00000046675",1357.11389892083,-0.531712771859919,0.191119408248692,-2.78209720683121,0.00540088607182443,0.0438323143021219
"ENSMUSG00000046676",0.0710374986746129,2.16226366003378,7.28481246100722,0.296818026765623,0.766605441993722,NA
"ENSMUSG00000046678",26.7657506568004,0.440117079363058,0.828811894708325,0.531021673522124,0.595403760199118,NA
"ENSMUSG00000046679",397.817432542576,-0.0907941987984837,0.242654118184767,-0.374171266812579,0.708276899679408,0.840696103906214
"ENSMUSG00000046687",0.171113265229702,0,7.3561311249555,0,1,NA
"ENSMUSG00000046688",15.3248385674858,1.86796840817474,1.86524311806418,1.0014610910954,0.316603941876849,NA
"ENSMUSG00000046691",451.030667316466,-0.162984674742645,0.2500897636142,-0.651704701492991,0.514591689055898,0.702634797400568
"ENSMUSG00000046694",0.28992696503925,0,7.3561311249555,0,1,NA
"ENSMUSG00000046697",0.0474375977968173,0,7.3561311249555,0,1,NA
"ENSMUSG00000046699",3.30557302263893,0.119583077403351,1.27874395057694,0.0935160454517866,0.925493603126058,NA
"ENSMUSG00000046707",813.275505755932,-0.0326519386730483,0.171804442523203,-0.190052935730335,0.849267649668564,0.927728004970025
"ENSMUSG00000046709",5.81516846150459,0.180097309423276,1.63376302037592,0.110234658991019,0.912223275859535,NA
"ENSMUSG00000046711",843.307669690622,-0.284372570555743,0.26559215337371,-1.07071149107183,0.28429917434361,0.495643269556717
"ENSMUSG00000046714",0.264916336134402,-1.05006400431822,7.18398395332601,-0.146167364952432,0.883789267819936,NA
"ENSMUSG00000046716",0.114567666169885,-0.232649155483756,7.35007705379866,-0.0316526144938192,0.97474908408835,NA
"ENSMUSG00000046717",0.0733291862887905,-0.228631726372186,7.35001899754133,-0.0311062769291707,0.975184783827792,NA
"ENSMUSG00000046718",1428.99356957581,-0.655169915483972,0.20224604444423,-3.23946961377846,0.0011975222550844,0.0215227408936533
"ENSMUSG00000046719",0.125714591076839,0,7.3561311249555,0,1,NA
"ENSMUSG00000046721",2688.71207563503,-0.676897064760645,0.370834785616614,-1.82533325085757,0.0679507553627503,0.202348729525949
"ENSMUSG00000046722",4106.06029018203,-0.810609547830505,0.324487106427697,-2.49812560121284,0.0124851948626253,0.0716333655239557
"ENSMUSG00000046723",0.204781234285478,1.15759701440536,7.35585616495722,0.157370806123164,0.874952620088876,NA
"ENSMUSG00000046727",30.8788809039364,1.85480240806418,0.943066953606032,1.96677701511215,0.0492089235388392,NA
"ENSMUSG00000046731",12.4258745850548,-0.881596616349227,0.882450857676744,-0.999031967253378,0.317779205780712,NA
"ENSMUSG00000046733",1.43241857191056,0,4.15082144282087,0,1,NA
"ENSMUSG00000046743",1.01345336841867,1.58531893514111,4.91245337528897,0.322714296509298,0.746911623942387,NA
"ENSMUSG00000046747",6.63899672309059,-0.475106133775468,1.48698893302071,-0.319508856606166,0.749340676475626,NA
"ENSMUSG00000046748",1.25186528731139,-1.14861256417208,3.14584068258083,-0.365121021713586,0.715021069524534,NA
"ENSMUSG00000046750",0.574541938871075,0.857466017222258,5.47070779455874,0.156737674433116,0.875451594121479,NA
"ENSMUSG00000046753",249.553154980292,-0.215287332569886,0.344845223095235,-0.624301333327243,0.532429708455518,0.71772366945081
"ENSMUSG00000046755",0.159179198846271,0,7.3561311249555,0,1,NA
"ENSMUSG00000046756",1500.30024520216,-0.494270719828029,0.201764550139455,-2.44974015250151,0.0142959341265635,0.0779455647220517
"ENSMUSG00000046761",6.0981115167998,-0.779540569600784,1.23694046282719,-0.630216726695997,0.528552797013823,NA
"ENSMUSG00000046768",0.321192332311561,3.33201321924749,7.24238503838185,0.460071261274994,0.645465071379638,NA
"ENSMUSG00000046774",4.30785705855259,-4.43679130123769,2.9297186488579,-1.51440866274558,0.129922223515884,NA
"ENSMUSG00000046782",0.463760076340113,-3.02822133119242,7.19383417525991,-0.420946779897524,0.673793944585877,NA
"ENSMUSG00000046785",230.890285439384,0.509031243653641,0.262756886188719,1.93727080206013,0.052712249431782,0.173052336643363
"ENSMUSG00000046790",3.59751723448759,-0.424336748095866,1.5911922969063,-0.266678483122932,0.789716722108595,NA
"ENSMUSG00000046791",163.549317367257,-0.328180624226935,0.225185824730781,-1.45737692245633,0.145012363772391,0.324603083308443
"ENSMUSG00000046792",241.621383094871,-0.296589380611423,0.284886169073157,-1.04108030788697,0.297838278031218,0.508988575508757
"ENSMUSG00000046793",0.231121605618054,-1.81204314746351,7.3536883180963,-0.246412829736657,0.805362675684519,NA
"ENSMUSG00000046794",22.191287685408,0.926223078260834,0.921551241195085,1.00506953586183,0.314863367999908,NA
"ENSMUSG00000046798",27.0137913489048,0.77955136196123,0.981765225716639,0.794030325724969,0.427177777126628,NA
"ENSMUSG00000046804",0,NA,NA,NA,NA,NA
"ENSMUSG00000046805",55.4479447687958,3.74018069812567,1.63732536651143,2.28432343053152,0.0223525298680224,NA
"ENSMUSG00000046806",280.707428516333,-0.0792460317690995,0.205515817892692,-0.385595778376908,0.699796060261386,0.836556301328311
"ENSMUSG00000046807",78.2722461879192,-0.320479479479812,0.47979992675133,-0.667943994176368,0.504169343233176,0.694303978526044
"ENSMUSG00000046808",424.660211038492,0.878732754680272,0.280993178332695,3.12723874613019,0.00176456569827168,0.0253982861042727
"ENSMUSG00000046811",0.401564382720755,-2.8228322786195,7.28718381501761,-0.387369435199663,0.69848272808978,NA
"ENSMUSG00000046814",2.76934004435594,1.150404725392,2.43940779189878,0.471591805688443,0.637218176751797,NA
"ENSMUSG00000046818",4.28391319616364,0.478260303319085,1.42546389040951,0.335512043859413,0.737238861016491,NA
"ENSMUSG00000046822",113.406819035406,0.0101167945056284,0.277785036699534,0.0364195085013569,0.970947858962705,0.991715187626198
"ENSMUSG00000046826",145.220836931735,0.640846670667818,0.35740822673359,1.79303838785306,0.0729667861223472,0.211518088216833
"ENSMUSG00000046828",0.505701701473605,3.74863325653895,7.23581167261275,0.518066725081772,0.604411715453773,NA
"ENSMUSG00000046834",0.125141325930102,-1.66989772849615,7.35008100865605,-0.227194465820111,0.820272530824894,NA
"ENSMUSG00000046836",568.347295451205,0.350741203328808,0.221283845887142,1.58502850455559,0.112959858045393,0.278594859475726
"ENSMUSG00000046841",21.8498852108723,-1.03531580898256,1.12013764961212,-0.924275520371157,0.355342884678908,NA
"ENSMUSG00000046844",0.551256437415759,-0.239171528034264,7.33517373347252,-0.0326061163272596,0.973988692301592,NA
"ENSMUSG00000046845",0.126356234129162,-1.65933283829184,7.34981324606119,-0.225765306238371,0.821383962035437,NA
"ENSMUSG00000046846",0.149702677299749,0.772127391888369,7.27884627401162,0.106078266090764,0.915520254984718,NA
"ENSMUSG00000046854",1.98393277577224,-1.79217800696255,2.06707088063122,-0.86701332970995,0.385934706194661,NA
"ENSMUSG00000046856",0.626093336714074,1.05224421956882,4.49112145070905,0.234294314041027,0.814756499832237,NA
"ENSMUSG00000046861",288.548295158116,-0.10126532905549,0.222982413751614,-0.454140429066714,0.649727755993993,0.801280272053303
"ENSMUSG00000046862",114.766182860071,-0.036799716043388,0.292261243059517,-0.125913773780446,0.899800179554274,0.955139575217438
"ENSMUSG00000046865",966.511806505767,-0.17200767649063,0.259790910056748,-0.662100442440641,0.507906852298724,0.697969869520915
"ENSMUSG00000046873",275.842683845868,1.65071128074053,0.395335678782697,4.17546750605294,2.97374701665568e-05,0.00391939856795218
"ENSMUSG00000046876",929.697867643009,0.135861336013062,0.32332154837317,0.420205014780684,0.674335691651922,0.820746722962998
"ENSMUSG00000046879",1552.39087222601,-0.461708937527072,0.250386475736037,-1.84398512806984,0.0651853075829911,0.197473725239923
"ENSMUSG00000046881",72.008560124317,0.806612922654888,0.577271861441099,1.39728432396005,0.162328087922395,0.349056591062188
"ENSMUSG00000046886",0.251846559328465,-2.20581246023001,7.25407793963806,-0.304078957875115,0.761067737446276,NA
"ENSMUSG00000046897",376.531491938183,-0.0736940767958041,0.209469534208387,-0.351812864215809,0.72497861033437,0.850411007850391
"ENSMUSG00000046899",0.0406180793754555,0,7.3561311249555,0,1,NA
"ENSMUSG00000046908",42.5986519185156,0,2.10713934342835,0,1,NA
"ENSMUSG00000046909",213.153505647585,-0.871680764354198,0.43411897240065,-2.0079305899345,0.0446506680142662,0.157263471026373
"ENSMUSG00000046913",0.486422436247658,-1.11802042813758,4.91832030143808,-0.227317531111318,0.820176842045899,NA
"ENSMUSG00000046916",0.0410826440564989,0,7.3561311249555,0,1,NA
"ENSMUSG00000046922",0.0774421871222048,1.16089658795397,7.35569514615952,0.15782282502016,0.874596412296371,NA
"ENSMUSG00000046924",0.0425774740632087,0,7.3561311249555,0,1,NA
"ENSMUSG00000046932",0,NA,NA,NA,NA,NA
"ENSMUSG00000046934",0.416617441843618,0,7.3561311249555,0,1,NA
"ENSMUSG00000046942",0.343382515129621,1.87471683128236,7.22674413543497,0.25941375481803,0.795316018070007,NA
"ENSMUSG00000046947",91.0682628836029,0.0593012503150829,0.443832272670266,0.133611848364031,0.893709514563209,0.952589880467686
"ENSMUSG00000046949",1011.23492336493,-0.514674430327142,0.359581807954727,-1.4313138733424,0.152340279602195,0.336086021413064
"ENSMUSG00000046952",10.8227859866053,-5.83653108809178,1.7746760073613,-3.28878683426272,0.00100620199080717,NA
"ENSMUSG00000046957",0.197598515646286,1.15656443906661,7.35598077694822,0.157227768007631,0.875065344753665,NA
"ENSMUSG00000046958",0.366546700477345,-1.52481198322453,7.195391073037,-0.211915095058335,0.832173273887468,NA
"ENSMUSG00000046959",0.625474651020984,2.12080628757431,4.81420762416403,0.440530706845569,0.659552777291391,NA
"ENSMUSG00000046961",0.57464591743389,1.14503823996684,6.18517986145857,0.18512610233081,0.853130128752056,NA
"ENSMUSG00000046962",92.1111448700425,0.194766461224798,0.397001804863465,0.490593389850661,0.623714062559009,0.783334414862481
"ENSMUSG00000046971",1.2195539654435,-2.11374290548981,3.30235316829334,-0.640071729996763,0.522125967025851,NA
"ENSMUSG00000046974",3.83218243826822,1.13079868693007,1.27641847207689,0.885915326100011,0.375663156756355,NA
"ENSMUSG00000046975",0.863091438011759,-0.0130586164690495,4.81596950462794,-0.0027115239115407,0.997836519585849,NA
"ENSMUSG00000046982",454.19137130405,-0.276868862508361,0.196626389350325,-1.40809615343681,0.159102599899868,0.344745550199516
"ENSMUSG00000046985",458.850244970343,0.421318284007138,0.220151046578075,1.91376916238152,0.0556496573975376,0.179243031402626
"ENSMUSG00000046991",0.67642582395968,-0.666898285109313,6.39860269635798,-0.104225612490193,0.916990308831808,NA
"ENSMUSG00000046993",3.80388342031805,-1.62853672598678,1.6511249957282,-0.986319467151271,0.323976369846704,NA
"ENSMUSG00000046994",186.608302576065,-0.0855465288301722,0.222567150839402,-0.384362779985893,0.700709583001524,0.836907676289147
"ENSMUSG00000046997",0.253212782892594,0,7.3561311249555,0,1,NA
"ENSMUSG00000046999",64.5443183641112,-1.29214542878105,0.659716940279348,-1.95863612087012,0.0501554162768738,NA
"ENSMUSG00000047002",0.160037241859754,0,7.3561311249555,0,1,NA
"ENSMUSG00000047003",36.4182622462347,0.978121754654298,0.702272863812193,1.39279446075233,0.163681953950405,NA
"ENSMUSG00000047013",1.14784826899779,1.33687468948924,2.71604496743138,0.492213754013633,0.622568242321633,NA
"ENSMUSG00000047014",1.7152401931323,1.26068702469573,2.17756222506391,0.578944202000348,0.562626823527159,NA
"ENSMUSG00000047021",1.80502440042707,-0.784452372960824,2.47490174756206,-0.316963036505818,0.75127164978994,NA
"ENSMUSG00000047022",83.327510425863,-0.246757193873197,0.415475885263885,-0.593914599198633,0.55256923395546,0.732289432584759
"ENSMUSG00000047025",0.0819922848920169,0,7.3561311249555,0,1,NA
"ENSMUSG00000047026",0.295156516575095,1.15407679628659,7.35591637973535,0.156890961874706,0.875330783024553,NA
"ENSMUSG00000047030",188.733056238728,-0.134655703003753,0.268691494733326,-0.50115357442705,0.616263044724446,0.779196750716443
"ENSMUSG00000047031",0.081236158750911,0,7.3561311249555,0,1,NA
"ENSMUSG00000047033",0.168947125617931,0,7.3561311249555,0,1,NA
"ENSMUSG00000047034",0.106556248011919,2.74727956207311,7.26104728326191,0.378358583121489,0.705164231160339,NA
"ENSMUSG00000047036",818.542132919754,0.739086046100793,0.248874543295541,2.96971331946603,0.00298077777385609,0.0325865023128049
"ENSMUSG00000047037",22.7343312366446,0.523682460888402,0.558479437921539,0.937693360452734,0.348402016917764,NA
"ENSMUSG00000047039",0.155090962673787,-1.67349068626081,7.35017107326589,-0.227680508328255,0.819894626589444,NA
"ENSMUSG00000047040",2.23812868420927,-0.269308688679523,2.18313895557772,-0.123358473353913,0.901823239314973,NA
"ENSMUSG00000047044",304.729841253713,0.0970624456316779,0.232896912893258,0.416761409268503,0.67685293193813,0.822020713258055
"ENSMUSG00000047045",302.11624611339,0.735974416534999,0.306417549001282,2.40186770938475,0.0163116061563198,0.0842865796420391
"ENSMUSG00000047048",1.65657626872517,0.125793845272029,2.81530135555473,0.0446821953976016,0.964360625537329,NA
"ENSMUSG00000047050",25.6172103556813,0.229408630778963,0.696501455670731,0.329372794430188,0.741873928513395,NA
"ENSMUSG00000047053",0.113518824644892,2.14213335217479,7.28506249395539,0.294044608944972,0.768723816289566,NA
"ENSMUSG00000047061",57.4009575460457,-0.105505520522154,0.548460257738825,-0.192366755901564,0.847454931005361,NA
"ENSMUSG00000047067",121.264749327988,-0.902969929025556,0.31020599081615,-2.91087198751335,0.00360421650979996,0.0359953015500166
"ENSMUSG00000047079",0,NA,NA,NA,NA,NA
"ENSMUSG00000047084",526.65960317823,-0.824729016846829,0.258091694688528,-3.19548840129139,0.00139594393689085,0.0231525265371914
"ENSMUSG00000047085",0.388317578916689,-0.461701965050969,7.16735490625356,-0.0644173437885894,0.948637920361643,NA
"ENSMUSG00000047090",41.3935892855129,0.350057237514937,0.488851385932846,0.71608109864912,0.473941274112663,NA
"ENSMUSG00000047094",0.0829999424386578,1.15687329427771,7.35589152757045,0.157271663120869,0.875030751872685,NA
"ENSMUSG00000047098",259.499105422065,0.195759721137287,0.25564820322783,0.76573869350777,0.443831798920273,0.644619061464428
"ENSMUSG00000047102",0.212167668444201,-2.5444898712914,7.29501956493839,-0.348798224410641,0.727240796517544,NA
"ENSMUSG00000047104",0,NA,NA,NA,NA,NA
"ENSMUSG00000047108",2.13224806358911,4.31834687148999,2.26613762136108,1.90559780252724,0.0567024074623077,NA
"ENSMUSG00000047109",0.0406180793754555,0,7.3561311249555,0,1,NA
"ENSMUSG00000047115",53.5788473201457,-0.307534966495003,0.405675662496246,-0.758080888073606,0.448402560339569,NA
"ENSMUSG00000047117",0.271035251823043,1.53454362780011,7.2945329646383,0.210369003093017,0.833379683280356,NA
"ENSMUSG00000047123",59.4236520996303,0.18019118588233,0.405961414655775,0.443862838627456,0.657141753284973,NA
"ENSMUSG00000047126",2540.84729677156,-0.140438287951711,0.232700937362338,-0.603514062055687,0.546166763632952,0.728296028397644
"ENSMUSG00000047129",0.125162563176558,2.56964424398865,7.27621768042569,0.353156592731063,0.723971047818219,NA
"ENSMUSG00000047139",317.640377825777,-0.19553639251212,0.42215409493427,-0.463187245743915,0.643230157513106,0.79735986657534
"ENSMUSG00000047141",509.738870100349,0.0603000097509956,0.309735325344557,0.194682378201183,0.845641608108781,0.92595812854165
"ENSMUSG00000047143",1.36617501635335,0.580812025136921,2.55712375890714,0.227134890563587,0.820318854217833,NA
"ENSMUSG00000047146",59.08247837851,0.0851543783515361,0.63998229920592,0.13305739620798,0.894147988377751,NA
"ENSMUSG00000047149",0,NA,NA,NA,NA,NA
"ENSMUSG00000047150",1.88975506191746,-0.0286113296859001,1.89544194363125,-0.015094806666084,0.987956544171199,NA
"ENSMUSG00000047153",101.797983509951,0.265973012304707,0.285311397800487,0.932220073769001,0.3512228034299,0.560157619776641
"ENSMUSG00000047155",107.759629935212,0.348680479773636,0.522835339831086,0.666903044247707,0.504834066300302,0.694781441137009
"ENSMUSG00000047161",0.0761524196209141,-2.55627499047924,7.29465809108018,-0.350431090609309,0.726015196884991,NA
"ENSMUSG00000047168",0,NA,NA,NA,NA,NA
"ENSMUSG00000047171",0.145112975674633,-1.29721425292879,7.34067666842054,-0.176715895757864,0.859731554375033,NA
"ENSMUSG00000047180",332.308833793246,0.162615094669014,0.241223620175308,0.674125919140234,0.500231262341591,0.690342895116993
"ENSMUSG00000047181",4.12163148557547,0.671812791308123,1.68285112519111,0.399211065822493,0.689737690216243,NA
"ENSMUSG00000047182",0.095201026121493,0,7.3561311249555,0,1,NA
"ENSMUSG00000047187",5010.38853885396,-0.419070540313034,0.196244350690007,-2.13545275998804,0.0327240449933509,0.129598231073427
"ENSMUSG00000047189",1.34221812319789,0.417883696242271,2.50678094719142,0.166701321354171,0.867605065796121,NA
"ENSMUSG00000047193",129.46656711825,0.448823021298179,0.477717210082211,0.939516123400578,0.34746581803806,0.55613659509492
"ENSMUSG00000047197",1.46749783065916,0.0791206318340738,3.86349283558281,0.0204790419449913,0.98366123067594,NA
"ENSMUSG00000047203",0,NA,NA,NA,NA,NA
"ENSMUSG00000047205",8.98360775773186,-0.292970676862545,1.17711361163091,-0.248889040078831,0.80344661333909,NA
"ENSMUSG00000047207",0.233119120238705,-0.0629909426302191,7.30043705396005,-0.00862837966612565,0.99311563450204,NA
"ENSMUSG00000047213",695.554555667822,0.185457277444872,0.274555531389477,0.675481846992138,0.499369680779621,0.689519387415359
"ENSMUSG00000047215",18507.1031020976,-0.690650020625738,0.217625597496263,-3.17356978485768,0.00150576699088413,0.0238916640527924
"ENSMUSG00000047216",0.50584712217156,0.599106488427113,6.32869809130668,0.0946650448138877,0.92458088344745,NA
"ENSMUSG00000047220",31.3885298607931,1.29218088458423,0.640326417713928,2.0180033945773,0.0435909077925795,NA
"ENSMUSG00000047221",166.733378045979,1.10343172971469,0.33675456937628,3.27666446147534,0.00105041118061886,0.0201008694804716
"ENSMUSG00000047222",0.393461242718402,1.13979157957152,7.35582228694525,0.154950940236058,0.876859994076082,NA
"ENSMUSG00000047225",0.217853613156145,1.1379490812658,7.35577541100993,0.154701444468049,0.877056691184154,NA
"ENSMUSG00000047227",17.400306409316,-0.2932286212155,0.866233083197373,-0.338510069522117,0.734978840144123,NA
"ENSMUSG00000047228",1.19696585570739,2.95090069074995,3.13617738380427,0.940922763485535,0.346744441274238,NA
"ENSMUSG00000047230",0.440391530545547,-1.05443151721236,7.33459550540747,-0.143761372584892,0.8856889061632,NA
"ENSMUSG00000047237",3.02185340155541,0.177226340112379,1.72979859020848,0.102454899151594,0.918395609664169,NA
"ENSMUSG00000047238",0.818740313872923,0,5.60405920083499,0,1,NA
"ENSMUSG00000047242",631.611551468447,-0.364181623929466,0.294185118604684,-1.23793353537655,0.215740706407663,0.416685596490769
"ENSMUSG00000047246",70.0747937241337,-0.111481438068152,0.424156750557169,-0.26283075283303,0.792681031275194,0.894982719560991
"ENSMUSG00000047248",384.373294190759,0.160188748450164,0.231150451113721,0.693006427970821,0.488305517576966,0.680265630366832
"ENSMUSG00000047250",8.52083666330808,0.68077911964264,1.93782520337382,0.351310901755937,0.725355117129463,NA
"ENSMUSG00000047253",0.0762741015891812,-1.67648480094473,7.35024693588717,-0.228085507271788,0.819579766692967,NA
"ENSMUSG00000047257",0.427838919287003,3.73863486054199,7.23730073699148,0.516578624601432,0.605450340394639,NA
"ENSMUSG00000047259",0.0406180793754555,0,7.3561311249555,0,1,NA
"ENSMUSG00000047260",1826.19481808411,-0.489677929123671,0.170966727689331,-2.86417091642228,0.00418102344513677,0.0386256231356795
"ENSMUSG00000047261",0.471540462669212,0,7.3561311249555,0,1,NA
"ENSMUSG00000047264",30.8757153735383,-0.245154927206683,0.538012352406185,-0.45566784128703,0.648628850555674,NA
"ENSMUSG00000047281",249.378247142356,0.0132619136114319,0.277421397438913,0.0478042203444387,0.961872273055308,0.987588753734659
"ENSMUSG00000047284",144.613873210622,0.140301405940499,0.384550976932502,0.364844752338584,0.715227296787055,0.844080925112231
"ENSMUSG00000047286",40.8845520681425,0.334103324491506,0.58357875145608,0.572507692677105,0.566978075757505,NA
"ENSMUSG00000047293",2.42378119434318,-2.52554516644311,2.81242631607312,-0.897995141067174,0.369188139904276,NA
"ENSMUSG00000047295",0.201170721905505,-2.1934384572371,7.30715954685685,-0.300176620364146,0.764042437482227,NA
"ENSMUSG00000047298",0.523449634475823,-0.106623029886147,7.17149941333301,-0.0148676063039087,0.988137803490248,NA
"ENSMUSG00000047307",2.35150292131813,2.74473155540358,1.52259818905374,1.80266308940598,0.0714411423048507,NA
"ENSMUSG00000047330",0.162284046907307,-0.233550116721854,7.34543024789426,-0.0317952943313031,0.974635299320412,NA
"ENSMUSG00000047342",57.8645310226257,-0.421477174231221,0.393040352829441,-1.07235089526322,0.283562454807416,NA
"ENSMUSG00000047343",13.2454330593175,1.68781711870956,0.836827094816932,2.01692455844633,0.0437033867805394,NA
"ENSMUSG00000047344",57.7936996174455,2.73932928806781,1.70382467310806,1.60775303427835,0.107889278269505,NA
"ENSMUSG00000047347",1.17778162928922,2.15633643708304,3.4370616319911,0.627377879119922,0.530411564464248,NA
"ENSMUSG00000047352",8.00963192857752,3.04461988275265,1.68725209527897,1.8044842802517,0.0711554213028158,NA
"ENSMUSG00000047356",0.924357523414195,0,7.3561311249555,0,1,NA
"ENSMUSG00000047361",2.62945729067394,1.03283215522185,2.20732390161773,0.467911462592732,0.639847905988321,NA
"ENSMUSG00000047363",15.7726066532539,-0.734668261624391,0.711144120709342,-1.03307928762961,0.301566795380287,NA
"ENSMUSG00000047368",514.219662044877,-0.431095468085989,0.2035442851003,-2.1179443474601,0.0341797811969065,0.133175852239425
"ENSMUSG00000047369",524.866407216957,-0.0201696979913348,0.296529910472794,-0.0680191012069432,0.945770428933187,0.980509005007013
"ENSMUSG00000047370",4.80620022820416,0,7.3561311249555,0,1,NA
"ENSMUSG00000047371",2.15239969630111,0,3.38320928560745,0,1,NA
"ENSMUSG00000047379",90.616802114995,0.194946206300022,0.384235379789644,0.507361415824718,0.611901253197091,0.77546716510939
"ENSMUSG00000047388",245.422695770078,-0.3606666264146,0.256651513558382,-1.40527761326666,0.159938742637387,0.345572561960781
"ENSMUSG00000047390",0,NA,NA,NA,NA,NA
"ENSMUSG00000047394",1.68066634186752,-1.34949369229766,1.95233537210595,-0.69122022352235,0.489427156678521,NA
"ENSMUSG00000047407",325.872966225314,-0.0595723128313519,0.278566027173335,-0.213853474653187,0.830661322687336,0.916586121699538
"ENSMUSG00000047409",9.9102528349106,2.88844699300727,2.06018581522949,1.40203226896091,0.160905610851822,NA
"ENSMUSG00000047412",371.534509061223,0.0323877370624527,0.245529960386403,0.131909511211921,0.895055865512122,0.953273219407966
"ENSMUSG00000047414",0.832250991288234,1.3970847509317,4.79460792713235,0.291386651873179,0.770755622116754,NA
"ENSMUSG00000047415",412.867278946826,0.0850963863924964,0.339657241857779,0.250536057841887,0.802172823478369,0.900667691967706
"ENSMUSG00000047417",351.935282255501,0.103370620178898,0.197906876320752,0.522319497435565,0.601447896126105,0.768227478124635
"ENSMUSG00000047419",10.4597015014403,0.715747140642189,0.844588847079525,0.847450381469217,0.396744132648782,NA
"ENSMUSG00000047420",0.109193474264787,-1.67571321850622,7.35022675243835,-0.227981159622093,0.819660887310818,NA
"ENSMUSG00000047423",324.032975424074,-0.370288503624235,0.261946260005686,-1.4136048501559,0.157477956418529,0.342773851912947
"ENSMUSG00000047428",2.38436294771275,-2.09359601312979,2.40464791634078,-0.870645552266824,0.383947716157848,NA
"ENSMUSG00000047434",55.7658317422922,0.490722185139202,0.417826408742415,1.1744642628411,0.240209118177455,NA
"ENSMUSG00000047441",0.176778010336876,-3.37999853351855,7.25933302356832,-0.465607311655901,0.641496608402815,NA
"ENSMUSG00000047443",5.07874758669274,-0.678462856787099,1.86012333386735,-0.364740791341249,0.715304906110461,NA
"ENSMUSG00000047444",0.220963550842144,1.10156050309725,7.26157773461944,0.151697130204306,0.879425820742693,NA
"ENSMUSG00000047446",1486.77923847372,-0.72886474494381,0.284829963749191,-2.5589468725475,0.0104989785082828,0.0649045669508288
"ENSMUSG00000047454",219.278607829314,0.254362758036892,0.354484502897148,0.717556778809862,0.473030615401387,0.668751091710914
"ENSMUSG00000047459",9470.39720364429,-0.968806321979765,0.266919861294748,-3.62957749670772,0.000283885495228969,0.0110480634658991
"ENSMUSG00000047466",62.8706535087368,-0.877956707559079,0.317323250724842,-2.76675820493335,0.00566167301499547,NA
"ENSMUSG00000047473",11.3579249567114,-2.12691528463867,0.998528638701594,-2.130049356826,0.0331675387281975,NA
"ENSMUSG00000047485",0.170557394882292,0,7.3561311249555,0,1,NA
"ENSMUSG00000047492",8.72901728421295,1.01685563747588,0.916952521174935,1.10895124228781,0.267451216371066,NA
"ENSMUSG00000047495",0.554773020670261,-3.68989034417991,7.25215428421278,-0.508799206356163,0.610892975762715,NA
"ENSMUSG00000047496",4.05885227505673,0.520464274920868,1.33315711601769,0.390399802594582,0.696240933808161,NA
"ENSMUSG00000047497",0.512578418791519,-0.106495574603178,7.17152911351858,-0.0148497723313192,0.988152031370928,NA
"ENSMUSG00000047501",0.413276292353746,0.984705319519098,7.13940237009748,0.137925454887291,0.89029933257955,NA
"ENSMUSG00000047502",0.6332138116115,-0.381593310944651,7.33182476743573,-0.052046158091434,0.958491914390012,NA
"ENSMUSG00000047507",480.686750660037,0.0944942676280035,0.243496743110323,0.388071998093175,0.697962753534536,0.83577974787267
"ENSMUSG00000047508",0.0855553971735206,-1.67028848371502,7.35009091351717,-0.22724732297437,0.820231431690836,NA
"ENSMUSG00000047509",0,NA,NA,NA,NA,NA
"ENSMUSG00000047511",9.65874464131268,0.441558190520959,0.850574756538528,0.51912919720062,0.603670648965014,NA
"ENSMUSG00000047514",621.020624332862,-0.423336279079781,0.199208987796871,-2.12508624114615,0.0335794174250828,0.131614806204181
"ENSMUSG00000047515",62.6785534618592,1.09042980752766,0.977110995307496,1.11597332622842,0.264433552437476,NA
"ENSMUSG00000047517",3.34870363027909,0.139273709445695,1.91544048412685,0.0727110607715815,0.942036046626648,NA
"ENSMUSG00000047518",0.247013944542096,-1.1109843680704,7.29453521745458,-0.152303654030212,0.878947443044215,NA
"ENSMUSG00000047528",5.61234207622844,-0.107345162099436,1.20561793135862,-0.0890374631194048,0.929052137076341,NA
"ENSMUSG00000047531",0.231237548854493,-2.55643144490655,7.29464873305419,-0.350452987999628,0.725998765860219,NA
"ENSMUSG00000047534",1169.55249826479,1.4601261412434,0.379809000321782,3.84436951206094,0.000120862775191721,0.0080724900862849
"ENSMUSG00000047535",0.827500766948768,-0.702434874644559,3.35234021551781,-0.209535676418826,0.834030087703197,NA
"ENSMUSG00000047539",631.998714180036,-0.152709850214591,0.218701758241662,-0.698256161460984,0.485017009739167,0.677844357595316
"ENSMUSG00000047544",0.0786999740118466,-1.67231515604603,7.35014225092718,-0.227521468150508,0.820018277752748,NA
"ENSMUSG00000047545",0.371542673428487,-0.186913253297638,6.90198149769332,-0.0270811003130196,0.978395048997705,NA
"ENSMUSG00000047547",364.454901983997,-0.710283681489793,0.304415645620854,-2.33326930368895,0.0196340154646117,0.0947667201502378
"ENSMUSG00000047554",511.141097884862,-0.166747094372075,0.336346428791991,-0.495759966802555,0.620063772770408,0.780905898055228
"ENSMUSG00000047557",868.041259559525,-0.95147626200947,0.314427310710094,-3.02606112637188,0.00247762209301086,0.0300340625879314
"ENSMUSG00000047562",11.1743991459581,-0.221634516679962,1.45311593798863,-0.152523629316697,0.878773954964505,NA
"ENSMUSG00000047564",0,NA,NA,NA,NA,NA
"ENSMUSG00000047565",0.690923349369016,3.47275329328687,3.64483651302198,0.952787122516935,0.340697940226098,NA
"ENSMUSG00000047583",109.976134694635,-0.736448459910092,0.470402718981141,-1.56557015976691,0.117449280405403,0.285464995526778
"ENSMUSG00000047586",77.3086110464965,-1.71226531819539,2.077140936788,-0.824337572800024,0.409747775302974,0.614412315222127
"ENSMUSG00000047591",0.035583895638899,0,7.3561311249555,0,1,NA
"ENSMUSG00000047592",12.7262435020754,0.71286864067972,0.903604463624465,0.788916687972433,0.43016070141508,NA
"ENSMUSG00000047594",11.3194884274199,0.0335941130348016,1.21405532418463,0.0276709902469755,0.977924561269694,NA
"ENSMUSG00000047603",124.85907625917,-0.36413150910115,0.360918716983436,-1.00890170547143,0.313021777212779,0.524518590077592
"ENSMUSG00000047604",175.870076316272,-0.494119542491135,0.296178020696112,-1.66831941590331,0.095252335632011,0.249660858581799
"ENSMUSG00000047606",1.12888378770088,0.581677862663769,2.80598394154434,0.207299070408659,0.835776300086606,NA
"ENSMUSG00000047613",1466.79096931103,-0.7286027105353,0.237927946354097,-3.06228302181432,0.00219655658536063,0.0283160716651133
"ENSMUSG00000047617",904.391315366617,-0.39061129380661,0.211873967322574,-1.84360211281602,0.0652411478935603,0.19752182141741
"ENSMUSG00000047619",0.602791388195478,0.216883808619433,7.13842617936578,0.0303825805814668,0.975761937124888,NA
"ENSMUSG00000047626",0.394263031959141,1.22651412156528,7.26842982193857,0.168745403286862,0.86599690418353,NA
"ENSMUSG00000047631",0.265775716734872,1.35529377371301,7.25515523709843,0.186804241869679,0.851814120933691,NA
"ENSMUSG00000047632",33.2295117126703,-0.562269054289728,0.558985100706997,-1.00587484993532,0.314475775768488,NA
"ENSMUSG00000047635",150.596233295278,-0.00141903533579197,0.266090471158212,-0.00533290549494439,0.995744977210096,1
"ENSMUSG00000047636",1.40252902702578,-1.74806037517013,4.04266341451938,-0.432403145137412,0.665448432629335,NA
"ENSMUSG00000047638",0.497749067961407,3.7390434727935,7.23727393449281,0.516636997112025,0.605409584034598,NA
"ENSMUSG00000047641",0.160017898312296,-1.67335170817222,7.35016852686783,-0.227661679056126,0.819909265810066,NA
"ENSMUSG00000047642",2.88901460126662,0.770899418955932,1.50911191721584,0.510829853082178,0.609470203281805,NA
"ENSMUSG00000047643",0.382823444007856,0,7.35613112495549,0,1,NA
"ENSMUSG00000047648",121.240061506668,-0.0537999510804746,0.378219272438317,-0.14224539837337,0.886886173625689,0.949240982362441
"ENSMUSG00000047649",166.56076016374,-0.308771154690807,0.347670229932732,-0.888115024258905,0.374478881731113,0.583463459292541
"ENSMUSG00000047652",0.0458889004883164,0,7.3561311249555,0,1,NA
"ENSMUSG00000047654",13.1941541132886,0.470441072148118,0.870127085545541,0.540657887753451,0.588743409965079,NA
"ENSMUSG00000047655",0,NA,NA,NA,NA,NA
"ENSMUSG00000047656",36.4189482848407,-0.626990254770643,0.598313798368918,-1.04792879000936,0.294671416676366,NA
"ENSMUSG00000047657",0.798912097982889,-0.23730253652709,4.43079070034418,-0.0535576046299493,0.957287634606904,NA
"ENSMUSG00000047658",17.018844869778,1.28024558229615,0.834925577285595,1.53336490955077,0.125185969651482,NA
"ENSMUSG00000047667",0.085100619559882,0,7.3561311249555,0,1,NA
"ENSMUSG00000047669",28.2646881900905,-0.377634272036984,0.624414825209279,-0.604781079485766,0.545324466873173,NA
"ENSMUSG00000047671",18.2242842422146,-1.32831768462033,0.72916838253486,-1.82168853784171,0.0685022581271182,NA
"ENSMUSG00000047674",0.0786963390689066,-1.67357931551042,7.35017429669375,-0.227692466594055,0.819885329412338,NA
"ENSMUSG00000047675",22827.0122512966,-0.438427315808317,0.190960919303587,-2.29590073930945,0.0216815574750898,0.0997311287302292
"ENSMUSG00000047676",1587.11990074443,-0.6996247655613,0.434879857461094,-1.60877712213629,0.107665085101706,0.270187704044267
"ENSMUSG00000047678",2.21329244463371,1.30702778354242,2.25429759663838,0.579793806058026,0.562053675034621,NA
"ENSMUSG00000047686",0.116964188112142,0,7.3561311249555,0,1,NA
"ENSMUSG00000047694",533.723384585403,-0.54075893321813,0.261375157733667,-2.06889950026983,0.0385555185015969,0.143089778730608
"ENSMUSG00000047696",20.0229629966076,0.29066354531205,0.726210304395721,0.400247068311584,0.688974550009453,NA
"ENSMUSG00000047702",478.584198357345,0.418495647623678,0.386646209245865,1.08237359533392,0.279086556173115,0.489577747608028
"ENSMUSG00000047710",250.666740304329,-0.0733166642979456,0.256908479059408,-0.285380476994657,0.775352663024581,0.884051939973755
"ENSMUSG00000047712",47.4281820749568,-0.0651626232911954,0.488495964032194,-0.133394394404661,0.893881478408132,NA
"ENSMUSG00000047714",1026.39338088929,-0.41814513525416,0.217436275665219,-1.92306980045026,0.0544712844112146,0.176772372424444
"ENSMUSG00000047716",0.158214408828061,1.70915848903524,7.2975220126118,0.234210802801474,0.814821328813478,NA
"ENSMUSG00000047719",126.148294578878,1.11946192165416,0.419953137441631,2.66568295804137,0.00768321122397264,0.0532225248416045
"ENSMUSG00000047720",0.554362536929013,-0.713319582946492,7.18882540767368,-0.0992261659582193,0.920958699943934,NA
"ENSMUSG00000047721",3734.69042911272,-0.572619252949687,0.237910797224284,-2.4068653446185,0.0160901012917853,0.0835329227085852
"ENSMUSG00000047728",0.525381466302975,-1.69369518883468,7.26763121600299,-0.233046385885024,0.815725386502551,NA
"ENSMUSG00000047730",5.16906255659132,-0.130901933087534,1.04571743613769,-0.125179067082417,0.900381788927664,NA
"ENSMUSG00000047731",420.549852673271,0.116451006979816,0.180188401360338,0.646273600857021,0.518102181361323,0.705017843102438
"ENSMUSG00000047733",1.32566096367089,-1.65941554216701,2.9677230814766,-0.55915444150583,0.576056322526659,NA
"ENSMUSG00000047735",1832.0254373131,-0.0397595889655252,0.425866698879898,-0.0933615825564659,0.925616309849765,0.969044399795056
"ENSMUSG00000047746",5.17790559669771,-0.792371686187586,1.39031374438492,-0.569922932422809,0.568729970219077,NA
"ENSMUSG00000047747",13.891270129323,-0.077739085009624,0.87713783597142,-0.0886281286948806,0.929377452580491,NA
"ENSMUSG00000047749",47.6557292285367,-0.219765219825675,0.414525755524444,-0.530160591704694,0.596000591607875,NA
"ENSMUSG00000047751",33.5521346866733,-0.946151027714357,0.657937049482354,-1.4380570731786,0.150417861130075,NA
"ENSMUSG00000047757",92.6627065769683,0.697438841838532,0.953938362719297,0.731115205232352,0.464708787569666,0.66209950491873
"ENSMUSG00000047759",0.159476310857553,2.15263875414651,7.28530174914833,0.295476951850094,0.767629556537417,NA
"ENSMUSG00000047766",9.66715014316486,2.16011411534309,1.39770068507866,1.54547689530646,0.122230953302475,NA
"ENSMUSG00000047767",365.049137905443,0.310638758525622,0.25954958694066,1.1968378073229,0.231369778890491,0.43516642616615
"ENSMUSG00000047773",0.496532728627254,-1.69188406453946,7.1766464462443,-0.235748559889676,0.813627786347149,NA
"ENSMUSG00000047777",257.102973126443,0.0681153488991814,0.27325013792467,0.249278369689093,0.803145461794816,0.901240577377853
"ENSMUSG00000047786",15.8164426942223,0.626446291333819,0.779506847161562,0.803644372868455,0.421602388791098,NA
"ENSMUSG00000047787",1.93701338863937,-1.59953611608565,2.37435469472773,-0.673671932688673,0.500519909811644,NA
"ENSMUSG00000047789",258.284460053087,0.635498993887384,0.282414383427777,2.25023593406992,0.0244339723543184,0.107298896811389
"ENSMUSG00000047793",5.32375153121628,0.983863880219411,1.85214662253699,0.531201940628089,0.595278848329752,NA
"ENSMUSG00000047794",0.478644144756523,3.47086517574581,7.23729064007903,0.479580736543131,0.631525546617743,NA
"ENSMUSG00000047797",0.155433181479812,-1.65950921890672,7.34981671679298,-0.22578919758843,0.821365379216611,NA
"ENSMUSG00000047798",43.8617890111718,0.540051037035926,0.474504306860271,1.13813727131239,0.255063167018919,NA
"ENSMUSG00000047799",0,NA,NA,NA,NA,NA
"ENSMUSG00000047804",915.526931988391,-0.215743735714347,0.19220758744903,-1.12245171263886,0.261670427602323,0.471235594251951
"ENSMUSG00000047810",606.924172863026,-0.00991529047655401,0.237412735060781,-0.0417639368588022,0.966686884132895,0.989888225113969
"ENSMUSG00000047819",1.5247557436543,-1.17260026679247,2.01697423469612,-0.581366011831646,0.560993799322606,NA
"ENSMUSG00000047821",64.1919867934863,-4.78254569585933,0.990005689891141,-4.83082647371977,1.35967467630705e-06,NA
"ENSMUSG00000047822",0,NA,NA,NA,NA,NA
"ENSMUSG00000047824",221.659030643747,0.245948557558376,0.22404562816815,1.09776102113355,0.272308856212378,0.483148035819223
"ENSMUSG00000047832",1087.36124912567,-0.274764741037664,0.237046997458161,-1.15911504462806,0.2464092942405,0.453079589577259
"ENSMUSG00000047841",2.91774090014921,3.0205716270446,2.10519972344621,1.4348147557705,0.151339891947433,NA
"ENSMUSG00000047842",1.67102057640121,-0.412357335658482,1.87531656635855,-0.219886787679367,0.825959326407813,NA
"ENSMUSG00000047843",194.609893467814,-0.0890451924766932,0.343326561774327,-0.259360044898663,0.795357454712262,0.896171029275129
"ENSMUSG00000047844",5.87786828875694,-1.68873446119102,2.45294343522066,-0.688452263897845,0.491168021318959,NA
"ENSMUSG00000047854",62.3402314754008,0.696746747257015,0.516202848366058,1.34975378276667,0.177094974279646,NA
"ENSMUSG00000047861",0.364997551093107,2.15202959278233,7.28531662816875,0.295392733441603,0.767693883656402,NA
"ENSMUSG00000047866",660.528158323811,-0.0428394968473917,0.199767990117661,-0.214446252485995,0.830199076218764,0.916212779772523
"ENSMUSG00000047867",9328.82329225406,0.219916512118331,0.252062941370417,0.872466658219124,0.382953849695955,0.59166908475219
"ENSMUSG00000047868",0.0414066693320352,0,7.3561311249555,0,1,NA
"ENSMUSG00000047875",88.4846837054065,1.09041039789455,0.565585458243369,1.92793216657517,0.0538635641063521,0.175364201366144
"ENSMUSG00000047878",2.16802049567245,0.411863148313877,1.73630995850468,0.237206004778419,0.812496978102711,NA
"ENSMUSG00000047879",1579.29428228748,-0.120905596472085,0.195389204739777,-0.618793636184301,0.536052315078112,0.720294442593036
"ENSMUSG00000047880",36.8866493431988,0.44525052031596,0.71017081060761,0.62696257529229,0.530683767369446,NA
"ENSMUSG00000047881",139.413875578976,-0.159693055116139,0.348290521049233,-0.458505315146275,0.646589444773562,0.799082055205871
"ENSMUSG00000047884",3.18021810490647,-1.15183621595737,1.68998171102057,-0.681567266939107,0.495512618736044,NA
"ENSMUSG00000047888",1286.93694298169,0.643313895372925,0.279791131077133,2.29926478690125,0.0214899080950984,0.0993117071154967
"ENSMUSG00000047889",0.180785301677967,0.236539502560077,7.19726311465337,0.0328652015067354,0.973782082970889,NA
"ENSMUSG00000047894",0.0380762098104571,-1.67431590235222,7.3501929692546,-0.227792101425878,0.819807867435575,NA
"ENSMUSG00000047897",0.0355187493373064,1.16171280725677,7.35565536667627,0.157934643392857,0.874508299155349,NA
"ENSMUSG00000047898",48.5690416703304,0.26393400661119,0.567822970255466,0.46481741746454,0.642062213630023,NA
"ENSMUSG00000047904",0.522968328486239,2.2029152191246,7.23284048957678,0.304571243109704,0.760692724687647,NA
"ENSMUSG00000047905",0.454990623439837,-0.467813733404321,6.5700798141132,-0.0712036606312467,0.9432356680516,NA
"ENSMUSG00000047907",3.3193742698693,0.239021643423155,1.44283340812638,0.165661289846027,0.868423511270714,NA
"ENSMUSG00000047909",353.049098384273,0.803853376891239,0.262770321098333,3.05914828406524,0.00221967253214707,0.0284215841713391
"ENSMUSG00000047910",0.804921876523308,-0.850595352137093,4.16786019194949,-0.204084425331751,0.838287524989009,NA
"ENSMUSG00000047911",1.01963011657577,-0.827552312004742,2.70534724023014,-0.305895043600519,0.759684559830833,NA
"ENSMUSG00000047921",105.12414687033,0.0267849138006003,0.333269941759679,0.0803700257490216,0.935942965753374,0.974488752524973
"ENSMUSG00000047940",0.664923909307873,-2.27655691004965,6.56483224415148,-0.34678066786517,0.72875610175738,NA
"ENSMUSG00000047945",132.938333197922,-0.301002979653516,0.390473557396561,-0.770866487504095,0.440786072879801,0.642082276807668
"ENSMUSG00000047953",1.09541537620591,-0.115105808786773,4.67264983311058,-0.0246339470959559,0.98034694164259,NA
"ENSMUSG00000047959",32.0134823407363,0.255830519116546,0.633526048832589,0.403820047475507,0.686345053312072,NA
"ENSMUSG00000047960",0.162472317501822,0,7.3561311249555,0,1,NA
"ENSMUSG00000047963",3.47466329379313,1.06690219632143,2.7737243776978,0.384646075471625,0.700499652340802,NA
"ENSMUSG00000047965",5.16355823034187,-1.45674471813087,1.81109979336638,-0.804342600814475,0.421199140896297,NA
"ENSMUSG00000047969",0.122449762930139,-2.66906409554531,7.29133597496739,-0.366059677500631,0.714320545051476,NA
"ENSMUSG00000047976",0.371761098115765,-2.74378545137391,7.2770882259217,-0.377044412021869,0.70614060034552,NA
"ENSMUSG00000047977",1045.77687864528,0.610825511314901,0.415360723542437,1.4705904451086,0.141401909507402,0.320131525288385
"ENSMUSG00000047980",0.0463864331927929,0,7.3561311249555,0,1,NA
"ENSMUSG00000047986",18.5424493208241,0.826187786020041,0.857274201670104,0.96373807168173,0.335177261719139,NA
"ENSMUSG00000047988",0.250681771021482,0,7.3561311249555,0,1,NA
"ENSMUSG00000047989",617.77265108131,-0.13307701001941,0.199207387564315,-0.66803250444939,0.504112844222876,0.694303978526044
"ENSMUSG00000047990",0.377299759156693,2.14825368924284,7.28514949481154,0.294881208789582,0.76808462722159,NA
"ENSMUSG00000047992",0.138456508058976,-2.11207728214235,7.34674781686864,-0.287484657809116,0.773741247662342,NA
"ENSMUSG00000047995",0,NA,NA,NA,NA,NA
"ENSMUSG00000047996",95.5220446305738,0.133932665718296,0.372209694959125,0.35983121216927,0.718973360518318,0.847457265240564
"ENSMUSG00000048000",554.431124366873,0.537273935675068,0.260274401541999,2.0642596140534,0.0389931079642009,0.144038442535921
"ENSMUSG00000048001",10.8949759919832,0.0409994397102764,1.15582603621884,0.0354719814448909,0.971703387877888,NA
"ENSMUSG00000048003",3.7490498609863,0.194743910272347,1.28131995765742,0.151986948387495,0.87919722973519,NA
"ENSMUSG00000048004",1.17355637947539,0.57297088041466,2.42501540395617,0.236275150862924,0.813219167852896,NA
"ENSMUSG00000048007",1351.33476248113,-0.677131436699113,0.269549666739352,-2.5120841175214,0.012002047654434,0.0702758942551234
"ENSMUSG00000048012",39.9034899906141,0.660072823961175,0.662163581970461,0.996842535490908,0.318840948155731,NA
"ENSMUSG00000048013",0.352702235813602,-2.45360623083492,7.29790243482527,-0.336207047538265,0.736714738770419,NA
"ENSMUSG00000048015",0.124717431056796,0,7.3561311249555,0,1,NA
"ENSMUSG00000048022",2.3588674375757,1.15103465625329,1.63382373467697,0.704503571482798,0.481119226684776,NA
"ENSMUSG00000048027",26.3590906772897,-0.726018082483533,0.585664327656111,-1.23964880256432,0.215105321432803,NA
"ENSMUSG00000048029",0.87080264506834,-0.124040686363054,4.11744580525819,-0.0301256391048664,0.975966852959196,NA
"ENSMUSG00000048031",11.3692348928352,-0.258161437519483,0.831181265379067,-0.310595833030171,0.756107895383901,NA
"ENSMUSG00000048038",13.0728930872346,1.11216307471679,0.832910752462636,1.33527280255237,0.181787076732447,NA
"ENSMUSG00000048039",361.049892853408,0.0250387286934977,0.227971398454102,0.109832763510195,0.912542006700779,0.962245181249079
"ENSMUSG00000048040",58.2634574996744,-0.534763935118398,0.491576278586665,-1.08785545278121,0.276658924654905,NA
"ENSMUSG00000048047",125.727493103919,-0.0501680693981569,0.466088747947837,-0.107636302354528,0.914284199151167,0.962532852642634
"ENSMUSG00000048058",13.1867966870382,0.391086882825381,0.859256844904249,0.455145495953496,0.649004568964108,NA
"ENSMUSG00000048062",0.0425774740632087,0,7.3561311249555,0,1,NA
"ENSMUSG00000048065",0.0884491751229939,-1.25885410396932,7.33971347004225,-0.171512704018686,0.863820642087867,NA
"ENSMUSG00000048067",8.05214580434231,2.8173945379765,1.25739566263893,2.24065870568025,0.0250481908855515,NA
"ENSMUSG00000048070",2.85323654134752,1.46018426424409,1.49917404569358,0.973992491691352,0.330060267271076,NA
"ENSMUSG00000048076",4384.17183188173,-0.526934436942561,0.181235077368426,-2.90746385630071,0.00364372448870126,0.0361992126339818
"ENSMUSG00000048077",0.0815390446508591,0,7.3561311249555,0,1,NA
"ENSMUSG00000048078",5.29666881916018,-1.73291066247905,2.01280632212864,-0.860942577250261,0.38926967013582,NA
"ENSMUSG00000048080",52.9995382586339,0.648990832460853,0.607476949442105,1.06833820288469,0.285367981688932,NA
"ENSMUSG00000048087",12.4518972255355,0.293339407168332,7.07492264575616,0.0414618536280803,0.966927703082535,NA
"ENSMUSG00000048096",0.528015443723707,-0.657999482482941,7.13296070290196,-0.0922477369341515,0.926501211115767,NA
"ENSMUSG00000048100",1072.46047332921,-0.511281613321713,0.285064656610262,-1.79356367569879,0.0728828386925264,0.21138618905635
"ENSMUSG00000048101",0.0406180793754555,0,7.3561311249555,0,1,NA
"ENSMUSG00000048108",582.391846289589,0.354233573160726,0.707273323094351,0.500843961724639,0.61648094356717,0.779368704436688
"ENSMUSG00000048109",335.173867521374,-0.280450709794921,0.223623334459421,-1.25412095510011,0.209798044814532,0.409400429605214
"ENSMUSG00000048118",1556.10417492075,0.550288366995689,0.204084158435914,2.69637962697869,0.00700977277538782,0.0506147581334613
"ENSMUSG00000048120",300.86411695073,0.645970457651389,0.403830008235283,1.5996098469112,0.109685162629957,0.273747345131615
"ENSMUSG00000048126",3.16833459906429,-1.48116476430006,3.20489014661812,-0.462157732882987,0.643968211308369,NA
"ENSMUSG00000048138",0.792131984972112,0,6.59330654286831,0,1,NA
"ENSMUSG00000048142",3.04554909521565,3.54460970723302,2.04604601375408,1.73241935098487,0.0831989250400936,NA
"ENSMUSG00000048148",13.0539507144421,0.508385644247463,0.713793434613789,0.71223076536496,0.47632188875862,NA
"ENSMUSG00000048153",4.2535072506271,0.216605602009043,1.16630977016877,0.185718758042898,0.852665317442138,NA
"ENSMUSG00000048154",486.988997994616,0.275267525374216,0.217208756300555,1.26729479079253,0.205049902466905,0.402805700692638
"ENSMUSG00000048155",1.04569006958143,-2.57467863822736,3.37943669858329,-0.761866212587056,0.446139857339237,NA
"ENSMUSG00000048163",13987.4373451975,-0.0219781608636888,0.207425071687123,-0.105957108679901,0.915616382864691,0.963165685284396
"ENSMUSG00000048164",8.21012616436083,-3.22964144654239,1.29775307912338,-2.48864094294731,0.0128232398494879,NA
"ENSMUSG00000048170",1100.03820156987,0.148083106526447,0.1991222529124,0.743679344526065,0.457070488494189,0.6552994982307
"ENSMUSG00000048173",1.07238393739974,-2.57886327639567,5.13749009247314,-0.501969488987224,0.615688983366856,NA
"ENSMUSG00000048174",83.5637173380774,0.478142107679935,0.399528568063181,1.1967657531922,0.231397870166016,0.43516642616615
"ENSMUSG00000048175",348.538589522473,-0.0864007642978404,0.290502983889456,-0.297417820433536,0.766147540165312,0.877054827392486
"ENSMUSG00000048185",0.886655712885025,2.02957086245323,3.28779798546614,0.617304004511541,0.537034225993722,NA
"ENSMUSG00000048186",1.58527914837309,-1.10573001725844,4.1151448619765,-0.268697714016161,0.788162311065341,NA
"ENSMUSG00000048188",3.40867749027314,0,7.3561311249555,0,1,NA
"ENSMUSG00000048191",5.03845283316465,1.36883138744412,1.59721274997219,0.857012559828333,0.391437943369541,NA
"ENSMUSG00000048197",0.100268807897841,0,7.3561311249555,0,1,NA
"ENSMUSG00000048200",19.3802203263984,1.4830637120123,0.577418812366985,2.5684367745707,0.0102158346102959,NA
"ENSMUSG00000048206",0.116374836792803,1.15807306441537,7.3560193503715,0.157432030729621,0.874904371324487,NA
"ENSMUSG00000048216",0.622530645160306,-0.111979869697944,5.98357713681861,-0.0187145359936785,0.985068832239888,NA
"ENSMUSG00000048217",0.540518046715005,0,7.22370513754876,0,1,NA
"ENSMUSG00000048218",52.2389896208712,-0.554343742714928,0.416118557324327,-1.33217741184003,0.182801897248642,NA
"ENSMUSG00000048222",1358.77753200346,-0.405830841183608,0.168963452899724,-2.4018853439534,0.0163108198710974,0.0842865796420391
"ENSMUSG00000048226",0.307006652960608,2.22577801589716,7.27116426071145,0.306110264613852,0.75952069280144,NA
"ENSMUSG00000048230",9.72851663762945,0.448058758570866,0.857068187005819,0.522780760462206,0.601126829789049,NA
"ENSMUSG00000048231",0.0474375977968173,0,7.3561311249555,0,1,NA
"ENSMUSG00000048232",5.84835126923371,0.980700412628141,1.08689084284406,0.90229890065312,0.36689810940862,NA
"ENSMUSG00000048234",414.719734632533,-0.0807761861899151,0.158085750823824,-0.510964370722663,0.609376005553674,0.773655511802988
"ENSMUSG00000048236",0.111718586590926,0,7.35613112495549,0,1,NA
"ENSMUSG00000048240",3.5132925376714,-1.08834399554858,1.99919644949607,-0.544390720493183,0.586172630053415,NA
"ENSMUSG00000048249",649.272275512741,0.619482656545113,0.262181727310687,2.36279874611941,0.018137516230154,0.0900951497161169
"ENSMUSG00000048251",2033.98149473953,0.296211987385252,0.339224245166738,0.873204057804462,0.382551863486041,0.591417762051849
"ENSMUSG00000048261",0.189873768838059,-1.69073669986717,7.26772432987644,-0.232636327841554,0.816043815591995,NA
"ENSMUSG00000048264",25.4103036830276,1.34858699418743,0.675313783165027,1.99697833482229,0.045827536558291,NA
"ENSMUSG00000048271",900.331073777146,-0.0188308634166074,0.253007233291812,-0.0744281622766428,0.940669700687061,0.977454009386272
"ENSMUSG00000048277",1201.46627062202,-0.0422407409616592,0.266977870931673,-0.158218135511575,0.874284913674124,0.941693176872087
"ENSMUSG00000048279",396.57402245971,0.227873489376982,0.215958520743696,1.0551724867917,0.291346444894583,0.502874036630513
"ENSMUSG00000048280",165.181400155254,-0.229942493313691,0.265850691523353,-0.864930958035488,0.387076684595314,0.595618466255399
"ENSMUSG00000048281",23.6794475806059,0.410624631092406,0.712208206741896,0.576551389334406,0.564242545263474,NA
"ENSMUSG00000048284",0.255085265457029,3.74083568063557,7.23726190408297,0.516885492084395,0.605236095733735,NA
"ENSMUSG00000048285",106.743911194111,0.523916568930653,0.318534171254977,1.64477351634363,0.100016525606431,0.257934608823265
"ENSMUSG00000048292",0.159736235130756,0,7.3561311249555,0,1,NA
"ENSMUSG00000048294",0.118118137711256,1.14289690723504,7.35563254372288,0.155377107331219,0.876524030679811,NA
"ENSMUSG00000048299",0.0406180793754555,0,7.3561311249555,0,1,NA
"ENSMUSG00000048304",0.52536911259394,1.20269672319586,5.2082789361857,0.230920182642265,0.81737681095675,NA
"ENSMUSG00000048307",273.478965413077,-0.121936552373373,0.255722151700726,-0.476832185097818,0.633481625150973,0.790518863461157
"ENSMUSG00000048310",83.1550152869481,-0.159235973409474,0.406509939942451,-0.391714833423304,0.695268928698239,0.834249645237151
"ENSMUSG00000048312",0.16288551403868,2.15780289562911,7.28492005908277,0.296201314239376,0.767076345232031,NA
"ENSMUSG00000048316",0,NA,NA,NA,NA,NA
"ENSMUSG00000048327",839.056859721411,-0.638497141225054,0.560143331138009,-1.13988171550281,0.25433558361255,0.464028653379486
"ENSMUSG00000048329",0.712303056598914,0,5.27839603323789,0,1,NA
"ENSMUSG00000048330",4.73224761525074,0.0278739597276997,1.73037677343125,0.0161086071864147,0.98714774686491,NA
"ENSMUSG00000048332",7.03724737745493,1.27792041673882,1.0232879782621,1.24883751581757,0.21172450926586,NA
"ENSMUSG00000048334",1.59346480668632,-5.3483237518153,4.8128087151552,-1.11126871404089,0.266452701819302,NA
"ENSMUSG00000048337",0.444742448364604,-1.69219220338653,7.26755231080319,-0.232842108459418,0.815884013597676,NA
"ENSMUSG00000048347",0.483368945912673,4.3290345301341,7.22926589545243,0.598820764478629,0.549292413988702,NA
"ENSMUSG00000048349",3.02590734494418,-0.40688365082959,1.73639694909713,-0.234326402750913,0.814731590009164,NA
"ENSMUSG00000048351",388.328304693805,-0.595950000810647,0.341497503538998,-1.74510792797814,0.0809660838238288,0.225641313391189
"ENSMUSG00000048355",0.203792489144735,-1.66628164894225,7.34998908420035,-0.226705322940427,0.820652887771466,NA
"ENSMUSG00000048356",0.237027479360047,3.06077979277517,7.24679268033409,0.422363372017159,0.672759808737861,NA
"ENSMUSG00000048368",78.3627876060163,-0.011501967689985,0.624359110550436,-0.0184220386883517,0.98530217109415,0.998633257077133
"ENSMUSG00000048371",144.018441460136,0.352944332586189,0.245343048466388,1.43857482326239,0.15027102386431,0.333280024881918
"ENSMUSG00000048373",0.816355493484431,-1.2563085785596,7.33964679770819,-0.171167443500399,0.864092105994412,NA
"ENSMUSG00000048376",569.095913624447,-0.152473730991383,0.20861769923749,-0.730876294526706,0.464854716703424,0.662211972130472
"ENSMUSG00000048377",0.149785724752381,-1.69282842715744,7.2672820996624,-0.232938312279921,0.815809307718491,NA
"ENSMUSG00000048378",0.157638817199833,0,7.3561311249555,0,1,NA
"ENSMUSG00000048379",486.493891294964,-0.454045579036892,0.22346717065528,-2.03182229275772,0.0421716495205173,0.151974755927931
"ENSMUSG00000048385",0.412637407773931,0.59906006955391,7.28321286848416,0.0822521708992135,0.934446187574935,NA
"ENSMUSG00000048387",1.53135587049388,0.788363303556952,1.70538250331184,0.462279460488165,0.643880926936074,NA
"ENSMUSG00000048388",4.04502527712613,-3.57055406005777,2.06790774480234,-1.72665055732409,0.0842304402691785,NA
"ENSMUSG00000048391",4.23278813458901,-0.0618181339516124,1.15215378277774,-0.0536544121762759,0.957210504261043,NA
"ENSMUSG00000048398",0.213397646933349,0,7.35613112495549,0,1,NA
"ENSMUSG00000048399",1.04412385757065,1.1810813190928,6.10989152027921,0.193306430265202,0.846718990684466,NA
"ENSMUSG00000048400",0.086551517073763,0,7.3561311249555,0,1,NA
"ENSMUSG00000048402",1.35491868605352,-1.77713774654221,5.44084867048325,-0.326628776900785,0.743948675491084,NA
"ENSMUSG00000048406",62.7469561007353,-0.575371326315548,0.348737978387389,-1.64986712653478,0.0989701156363438,NA
"ENSMUSG00000048410",148.120778068739,0.749998196927738,0.341235495342585,2.19789033428299,0.0279569218683617,0.117198546509226
"ENSMUSG00000048411",0.114356516661073,0,7.3561311249555,0,1,NA
"ENSMUSG00000048416",136.427469476501,1.57507054774701,1.99080030913716,0.791174554533632,0.428842137905561,0.631665107017802
"ENSMUSG00000048424",0.613866459532555,3.15638833602308,4.48830927552822,0.703246621892297,0.481902069276136,NA
"ENSMUSG00000048425",0.246440082897061,-1.48569470134803,7.34542136968886,-0.202261330776584,0.839712428739096,NA
"ENSMUSG00000048429",264.86535813382,-0.0191857547565917,0.201639520200804,-0.0951487820318432,0.924196651347192,0.968413094719127
"ENSMUSG00000048439",95.8050432231375,0.559540874182113,0.39665960962897,1.41063234218755,0.15835305002351,0.343921235516923
"ENSMUSG00000048440",16.2074139973187,1.02584579990228,0.707935978493784,1.44906577863847,0.147319213739904,NA
"ENSMUSG00000048442",6.5474447218901,2.02205903819438,2.20221529079072,0.918193169691574,0.358517743930156,NA
"ENSMUSG00000048445",6.74302485530949,2.2496248883271,1.74337285126091,1.29038655540612,0.196916477786364,NA
"ENSMUSG00000048450",0.116202929120065,-2.53319006430622,7.295368772659,-0.347232627060596,0.728416561087485,NA
"ENSMUSG00000048455",0.0761524196209141,-2.55627499047924,7.29465809108018,-0.350431090609309,0.726015196884991,NA
"ENSMUSG00000048456",2.83876772276696,1.93341454280559,1.59254912796677,1.21403761356738,0.224733361196179,NA
"ENSMUSG00000048458",26.1291602008204,0.431344079643358,0.592420105285523,0.7281050656366,0.466549273171679,NA
"ENSMUSG00000048469",0,NA,NA,NA,NA,NA
"ENSMUSG00000048473",0.961051909339878,2.83362872196614,5.08313000069518,0.557457456641599,0.57721491845509,NA
"ENSMUSG00000048478",1.81149469522336,-0.455296996662149,3.71448647907665,-0.122573335298646,0.902444970539316,NA
"ENSMUSG00000048480",0.745344174018307,0.550218915592379,6.70127832868945,0.0821065606597456,0.934561976090063,NA
"ENSMUSG00000048481",111.187833614921,-0.594466799003313,0.340434228591659,-1.74620161275369,0.0807759246909941,0.22553843115811
"ENSMUSG00000048482",1.59776974498635,1.03346638118176,2.02900112540079,0.509347367157135,0.61050876183197,NA
"ENSMUSG00000048483",15.6347270662664,-0.054886378017704,0.706505430456509,-0.0776871282960119,0.938076933291505,NA
"ENSMUSG00000048485",3.46543675072292,-0.380895211750133,1.4454696573647,-0.263509655709107,0.792157782286309,NA
"ENSMUSG00000048486",47.3554438576445,-0.366794483891081,0.364725355005144,-1.00567311500981,0.314572839965179,NA
"ENSMUSG00000048489",0.254027524196959,1.15860298009305,7.25688499219985,0.159655689919076,0.873152307377662,NA
"ENSMUSG00000048490",617.125744629701,0.647263795073716,0.265456008166264,2.43830908008046,0.0147561511365985,0.0793819162140269
"ENSMUSG00000048495",486.765660049878,-0.941452290778035,0.410057230768443,-2.29590462046911,0.0216813355114999,0.0997311287302292
"ENSMUSG00000048497",419.450355834295,0.0408285906032586,0.266415293072128,0.153251677606228,0.878199806112779,0.944128284511091
"ENSMUSG00000048498",2.49516394316338,0,3.67468464963275,0,1,NA
"ENSMUSG00000048500",0.0380762098104571,-1.67431590235222,7.3501929692546,-0.227792101425878,0.819807867435575,NA
"ENSMUSG00000048501",0.162472317501822,0,7.3561311249555,0,1,NA
"ENSMUSG00000048502",0.506255222303327,0.483604138301394,7.14131742301968,0.0677191769606151,0.946009183346467,NA
"ENSMUSG00000048503",8.65007082585866,0.402392066515245,0.902318763487872,0.445953340214069,0.655630950843197,NA
"ENSMUSG00000048516",0.305260345302456,-0.107403405766196,7.17152785587096,-0.014976363185743,0.98805103771381,NA
"ENSMUSG00000048520",1.63152972922808,-0.200095476064352,2.08304868526431,-0.0960589531487418,0.923473751140602,NA
"ENSMUSG00000048521",8218.07108424287,0.0811004750981431,0.331465032489962,0.244672792447871,0.80670979629851,0.903504003672192
"ENSMUSG00000048528",1.73319164198065,-1.83199846660438,2.45877480491161,-0.745085911464851,0.456219785481483,NA
"ENSMUSG00000048534",635.612775634521,-0.136769025054631,0.295142369980999,-0.463400172138741,0.643077555294524,0.79735986657534
"ENSMUSG00000048537",6.73033427028089,-0.884562043816651,1.54666092312415,-0.571917238349757,0.567378044888517,NA
"ENSMUSG00000048538",0.446168069946133,-0.106555257054347,7.13029284066709,-0.0149440225577577,0.988076838914154,NA
"ENSMUSG00000048540",3.88466899767814,2.09919230827698,1.64258787158568,1.27797869726781,0.201256937620773,NA
"ENSMUSG00000048546",435.974718060355,0.115351611205637,0.239135161747225,0.482369929887469,0.629543178413488,0.787035166362561
"ENSMUSG00000048550",45.5766168380362,-0.389326112846496,0.495680445925696,-0.785437706987654,0.432196979993911,NA
"ENSMUSG00000048559",0,NA,NA,NA,NA,NA
"ENSMUSG00000048562",0.492335199568366,0.893315419076361,7.14735826901462,0.124985398164393,0.900535110263987,NA
"ENSMUSG00000048572",0.595224536908041,-0.524645378185832,5.94430811660538,-0.0882601251304991,0.929669930765845,NA
"ENSMUSG00000048573",0,NA,NA,NA,NA,NA
"ENSMUSG00000048574",0.776650371266986,0,7.3561311249555,0,1,NA
"ENSMUSG00000048578",1042.92597679612,-0.376391113553558,0.274459608884404,-1.37138981973878,0.170253469270174,0.358380652413899
"ENSMUSG00000048581",83.9268449889856,-0.0174564196170792,0.381260557436124,-0.0457860622522009,0.963480767872104,0.988500844738889
"ENSMUSG00000048582",0.0355187493373064,1.16171280725677,7.35565536667627,0.157934643392857,0.874508299155349,NA
"ENSMUSG00000048583",1.25337727798971,2.52946096819382,3.66673131319416,0.68984082883083,0.490294289754071,NA
"ENSMUSG00000048592",0.118678695466123,-2.55351242438117,7.29474257681003,-0.350048325556926,0.726302430557995,NA
"ENSMUSG00000048600",0,NA,NA,NA,NA,NA
"ENSMUSG00000048602",0.183334912569963,-1.88151114459741,7.34141258435695,-0.256287345654231,0.79772896773863,NA
"ENSMUSG00000048612",10.3872411122958,-1.23477693505188,1.96125861629556,-0.629583944102253,0.528966831110838,NA
"ENSMUSG00000048616",0.083223252558064,0,7.3561311249555,0,1,NA
"ENSMUSG00000048617",5.45424092426017,0.101368496409559,1.19810200597756,0.0846075675558605,0.932573382604422,NA
"ENSMUSG00000048620",229.033026402564,0.358133284109985,0.545239186691981,0.656837022817114,0.511285715846362,0.700224379162657
"ENSMUSG00000048621",9.52443487832005,-0.307272639226606,1.63212270443599,-0.188265648404658,0.850668412418993,NA
"ENSMUSG00000048626",0.307381660942396,-0.692469345450041,7.19553410639042,-0.0962359896029196,0.923333147883462,NA
"ENSMUSG00000048636",0.279810209330753,-0.216319804309354,7.34855621038274,-0.0294370483284481,0.976516025305274,NA
"ENSMUSG00000048643",0.0400922426516566,0,7.3561311249555,0,1,NA
"ENSMUSG00000048644",30.0051840783114,-0.0731275637465794,0.595184742274633,-0.122865319878843,0.902213748231207,NA
"ENSMUSG00000048647",202.485599520436,0.729694147115128,0.382011595186334,1.91013612233211,0.0561156891221791,0.179939886145167
"ENSMUSG00000048652",5.99732062502812,-1.3595000313457,1.0673550198918,-1.27370931509136,0.202766453949637,NA
"ENSMUSG00000048655",4.09533419844515,0.858183572312245,1.43568651430752,0.597751364075589,0.550005847259515,NA
"ENSMUSG00000048661",253.643202212365,0.0297282710709006,0.243287127634804,0.122194180020595,0.902745235586488,0.956753152543415
"ENSMUSG00000048668",1035.76894713765,-0.412548825384898,0.265166784854775,-1.55580883032104,0.119753557730426,0.288863816048135
"ENSMUSG00000048677",34.6413870928516,0.769935413555346,0.491440104737481,1.56669227060057,0.117186638350965,NA
"ENSMUSG00000048686",0.044481691519064,0,7.3561311249555,0,1,NA
"ENSMUSG00000048693",0.081236158750911,0,7.3561311249555,0,1,NA
"ENSMUSG00000048696",27.851674094605,-0.165556083852042,0.648095616316926,-0.255450090517328,0.798375487048906,NA
"ENSMUSG00000048697",0,NA,NA,NA,NA,NA
"ENSMUSG00000048699",0.0786961825311368,-1.6736349357252,7.35017570665895,-0.227699990111658,0.819879480126024,NA
"ENSMUSG00000048701",697.678898930126,0.181374398720779,0.168572065941223,1.07594575476117,0.28195151727806,0.492737616419568
"ENSMUSG00000048703",1.50012042649532,0.82428969992487,3.39919123330009,0.24249583014034,0.80839598752169,NA
"ENSMUSG00000048706",0.525545614010662,1.6967896919326,7.17137656963556,0.236605855996602,0.812962576762258,NA
"ENSMUSG00000048707",68.768272785796,-0.245527085111723,0.450844103970715,-0.544594202184957,0.58603264317956,0.75582072290345
"ENSMUSG00000048709",0.181341465116257,3.15069443496646,7.24927909479574,0.434621759455825,0.663836998126629,NA
"ENSMUSG00000048720",26.0340501683794,0.994603683018953,0.603007255061575,1.64940583163861,0.0990645208152107,NA
"ENSMUSG00000048721",21.0765576968559,-0.0485772192272234,0.719644107864176,-0.0675017257785868,0.946182288188407,NA
"ENSMUSG00000048728",0.248330317769074,0,7.3561311249555,0,1,NA
"ENSMUSG00000048731",25.6253371623661,-0.948962026432969,0.739609988585155,-1.28305734248978,0.199471987140538,NA
"ENSMUSG00000048732",29.0949398761005,0.376672046596383,0.543808990063385,0.69265505624039,0.48852605031379,NA
"ENSMUSG00000048745",0.417511800547213,0.868406934328011,7.34865842192304,0.118172172996546,0.905931238171542,NA
"ENSMUSG00000048747",0.19580744219833,-1.96909914914019,7.31647793769415,-0.269132110546727,0.787828021089686,NA
"ENSMUSG00000048752",2.19816597288145,1.15846735025468,3.17325982971908,0.365071696747013,0.715057887689837,NA
"ENSMUSG00000048755",196.850718322022,0.166104206644859,0.277718407549155,0.598102978159484,0.549771223216841,0.731200876585623
"ENSMUSG00000048756",168.238412154059,-0.217768430860906,0.316963893167585,-0.687044914436887,0.492054425419721,0.68285244914698
"ENSMUSG00000048758",12698.2159170611,-0.60229407433267,0.204630196253537,-2.94332940768149,0.0032470272019111,0.0339893773392927
"ENSMUSG00000048763",1.96833645073738,5.21414013295767,2.52010143986806,2.06901994120945,0.0385442154697865,NA
"ENSMUSG00000048764",0.118653908009782,1.12142541832167,7.35535446761342,0.152463817108945,0.878821126528935,NA
"ENSMUSG00000048766",0.0380762098104571,-1.67431590235222,7.3501929692546,-0.227792101425878,0.819807867435575,NA
"ENSMUSG00000048772",14.325604886607,2.95377755688844,1.66051124598706,1.77883622530519,0.0752666162492004,NA
"ENSMUSG00000048775",0.567069680913671,1.3699109511055,5.28726057557778,0.259096545654136,0.795560749989738,NA
"ENSMUSG00000048776",0.0790131330201149,-1.66893268531282,7.35005651191673,-0.2270639256456,0.820374034584773,NA
"ENSMUSG00000048779",3.9282744781255,2.80073435580579,2.35434677426712,1.18960145821238,0.234203072454969,NA
"ENSMUSG00000048782",0.440088164476418,-1.83088199722692,7.22972076828749,-0.253243805107649,0.800079817888083,NA
"ENSMUSG00000048787",170.906328391559,-0.189231581085852,0.290525584120518,-0.651342227427909,0.51482559525091,0.702634797400568
"ENSMUSG00000048794",2.42413385447962,0.837003972799008,2.01831887527229,0.414703535231065,0.678358944072053,NA
"ENSMUSG00000048796",202.990481352031,0.192364752050828,0.245239520087438,0.784395402430416,0.432808135288846,0.635235102795879
"ENSMUSG00000048799",436.266329802711,-0.0550070816337673,0.19967857751528,-0.275478132498004,0.782948923871857,0.889317657174194
"ENSMUSG00000048806",0.0425774740632087,0,7.3561311249555,0,1,NA
"ENSMUSG00000048807",12.9718087929869,2.04676710447222,1.65050639882029,1.24008431953682,0.214944208127843,NA
"ENSMUSG00000048810",0,NA,NA,NA,NA,NA
"ENSMUSG00000048814",4.13533737468113,-0.871096203029647,1.75632113419331,-0.495977749211421,0.619910109734961,NA
"ENSMUSG00000048826",0.394182689425045,0,7.3561311249555,0,1,NA
"ENSMUSG00000048827",24.9008891034823,0.0763638803198903,0.729868882098639,0.104626847633669,0.916671910291306,NA
"ENSMUSG00000048830",0.186659096441292,-1.11185194108656,7.29487777318139,-0.152415431163786,0.878859286958751,NA
"ENSMUSG00000048832",83.9582154513804,-0.350269729014987,0.367335098165474,-0.953542775423003,0.340315133937629,0.548868510193092
"ENSMUSG00000048833",234.18507983897,0.421380176618253,0.239735404230123,1.75768855656284,0.0788005160105382,0.221984354734731
"ENSMUSG00000048834",0.499433956892121,1.00401446940788,7.1643144101001,0.140141039593745,0.888548555614659,NA
"ENSMUSG00000048852",53.723880469357,0.5433903206121,0.540779998284131,1.00482695797968,0.314980180604452,NA
"ENSMUSG00000048856",17.0084487922356,-0.367855794306209,0.810694254748663,-0.453754041244876,0.650005865844436,NA
"ENSMUSG00000048865",2302.43469524952,0.18241364750118,0.168891110474359,1.08006660024225,0.280112523690232,0.490949377331113
"ENSMUSG00000048874",685.388195224557,0.340793193827945,0.228279155661218,1.49287915859346,0.135468821561052,0.312219468671252
"ENSMUSG00000048875",0.149852895668953,-1.69517794032271,7.26731344796961,-0.233260606200538,0.815559046589059,NA
"ENSMUSG00000048878",376.944853433663,-0.307048998164556,0.202736777873286,-1.51452046039948,0.129893888516451,0.304281775153811
"ENSMUSG00000048895",24.4234147257105,-0.210288950395274,0.541209181678673,-0.388553922427958,0.697606157964869,NA
"ENSMUSG00000048897",685.08007152935,0.292728125330376,0.297466257024465,0.984071700294736,0.325080260268404,0.535738566773575
"ENSMUSG00000048899",8.28551621101075,0.270457811397412,1.55611309980198,0.173803441042832,0.862019939994696,NA
"ENSMUSG00000048904",0.171133995608928,-2.54848048261825,7.29489685159202,-0.34935113332851,0.726825714823934,NA
"ENSMUSG00000048905",25.2743907596816,-0.531360688363412,0.567594430093494,-0.936162619277089,0.349189466173881,NA
"ENSMUSG00000048911",8.98299073217929,-0.750143320590479,1.16388577090011,-0.644516274144619,0.519240707995708,NA
"ENSMUSG00000048915",1.85302495770285,1.74449139619427,2.39142828606794,0.729476776015982,0.465710068855971,NA
"ENSMUSG00000048916",0.0406180793754555,0,7.3561311249555,0,1,NA
"ENSMUSG00000048919",0,NA,NA,NA,NA,NA
"ENSMUSG00000048920",140.961175156114,-0.0691097641265098,0.276895183548458,-0.249588177160963,0.802905842543506,0.901240577377853
"ENSMUSG00000048921",91.357984989314,0.30862738637916,0.342917650065124,0.900004378078957,0.368117920813642,0.577594547181405
"ENSMUSG00000048922",547.76450448671,0.718463885749501,0.343289266790699,2.09288187908171,0.0363597002386798,0.138598099805272
"ENSMUSG00000048924",114.941516159462,0.307648326323755,0.292836030402904,1.05058221797526,0.293450511542423,0.504830892202723
"ENSMUSG00000048930",294.625161333141,-0.127678140740979,0.21081194232868,-0.605649468102304,0.544747545959168,0.727090128518279
"ENSMUSG00000048933",0.157643648230197,1.15752232223876,7.35585981387927,0.157360573954212,0.874960683714167,NA
"ENSMUSG00000048938",1.23879680689631,2.41106544547928,2.19034042301067,1.10077201705715,0.270995893518885,NA
"ENSMUSG00000048939",0.646245571694857,-0.745796232115304,5.76001285336607,-0.129478223591024,0.896979254953907,NA
"ENSMUSG00000048949",23.0504654711864,-0.866585967710455,2.54510520357643,-0.340491216823852,0.733486636054793,NA
"ENSMUSG00000048960",53.7608311334275,0.315881464527254,0.542895203961953,0.581846113618257,0.560670339803568,NA
"ENSMUSG00000048965",20.9908053407811,1.10895604723012,0.75060986823048,1.47740669842833,0.139566651680041,NA
"ENSMUSG00000048967",11.3780805452825,0.01949183051686,1.01683481180143,0.0191691219563266,0.984706190184386,NA
"ENSMUSG00000048970",540.190055188437,-0.186171319597741,0.298469972780262,-0.623752258438415,0.532790297439231,0.718013918225876
"ENSMUSG00000048978",0.219807799368807,-0.171067136567051,7.30906210361136,-0.0234047999787179,0.981327376226681,NA
"ENSMUSG00000048981",0.364538595697832,-3.54120984360591,7.25438671396271,-0.488147376647298,0.625445455420732,NA
"ENSMUSG00000048982",0.40429766843037,1.35309279656901,6.70257165405778,0.2018766626314,0.840013146966205,NA
"ENSMUSG00000048988",0.88022490614478,3.20430306356512,4.34665165108837,0.737188834251943,0.461007522645313,NA
"ENSMUSG00000048992",0.035583895638899,0,7.3561311249555,0,1,NA
"ENSMUSG00000048994",0.117073467741862,1.15245708041493,7.35610766470473,0.156666695614656,0.875507535949235,NA
"ENSMUSG00000048996",0.118896159397714,-1.67063482207609,7.35009867847037,-0.227294203133578,0.820194980388444,NA
"ENSMUSG00000048997",49.2151854156667,-0.0692306662211036,0.372259895316678,-0.185974011952617,0.852465141241984,NA
"ENSMUSG00000049001",21.9430622828243,0.296824224317705,0.779379678350663,0.380846758727209,0.703316960767587,NA
"ENSMUSG00000049008",0.0791444183169698,0.746769070699749,7.3164661222372,0.102066907469177,0.918703567814225,NA
"ENSMUSG00000049010",10.3941790934991,0.959152268669752,1.1667049817183,0.822103516912332,0.411017984062826,NA
"ENSMUSG00000049011",46.7071828537626,0.0993637609589922,0.4728747913642,0.210126999310614,0.833568553458292,NA
"ENSMUSG00000049013",0.146934846724813,2.74208930396637,7.26113159104306,0.37763938989191,0.705698498890827,NA
"ENSMUSG00000049015",2.99929344028894,-0.0379590473102072,1.55379961740189,-0.0244298215066358,0.980509761297598,NA
"ENSMUSG00000049018",0,NA,NA,NA,NA,NA
"ENSMUSG00000049028",13.4283923879386,-0.278004452550041,0.710906655540044,-0.391056196173679,0.695755697976034,NA
"ENSMUSG00000049036",0.810924655060393,0,4.83432732277161,0,1,NA
"ENSMUSG00000049037",29.8502111212593,-0.275414995377984,1.00447150119615,-0.27418895911931,0.783939412459876,NA
"ENSMUSG00000049038",250.376719719047,-0.0501809573796749,0.334081269520131,-0.150205838991674,0.88060221931231,0.945860364870389
"ENSMUSG00000049041",26.7880143342632,-0.00523849892659813,0.725818250054388,-0.00721737008707841,0.994241421832433,NA
"ENSMUSG00000049044",154.076685713353,0.696939831882296,0.536997529629954,1.29784550845617,0.194340428033646,0.390584613294851
"ENSMUSG00000049047",67.8441929436046,0.0497003911804555,0.558957355972156,0.0889162485285036,0.929148470242076,0.971096704202043
"ENSMUSG00000049052",0.182362416929315,3.15767401707007,7.24919331475892,0.43558971046354,0.663134437576717,NA
"ENSMUSG00000049057",0.611929665938432,1.98153486001177,5.32298244785923,0.372260265635234,0.709699079520132,NA
"ENSMUSG00000049062",0.242072287581896,-2.54717226149166,7.29493334016258,-0.349170053065199,0.726961647201983,NA
"ENSMUSG00000049073",0.0355187493373064,1.16171280725677,7.35565536667627,0.157934643392857,0.874508299155349,NA
"ENSMUSG00000049076",649.877354377266,0.543641149828094,0.196781162414425,2.76266865769995,0.00573309335054011,0.0455926208930724
"ENSMUSG00000049086",350.008681194614,-0.438951735300038,0.302608192157286,-1.45056130890166,0.14690205567261,0.327941919675643
"ENSMUSG00000049090",202.96883223525,0.0120889689865013,0.227615676108426,0.0531113198931987,0.957643212213532,0.986459213343629
"ENSMUSG00000049091",328.550356430764,-0.340389204663685,0.280630403141044,-1.21294485862463,0.225150903321337,0.42745721463433
"ENSMUSG00000049092",6.12189541268768,1.24817508414363,1.16050449762923,1.07554523631188,0.2821306907214,NA
"ENSMUSG00000049093",3.62944071354778,1.15906970526456,1.5868616197584,0.730416370799254,0.465135714626292,NA
"ENSMUSG00000049094",0.0794194312872377,0,7.3561311249555,0,1,NA
"ENSMUSG00000049097",0.852220391463015,0.762141977099652,4.79739554456155,0.15886577832083,0.873774623170573,NA
"ENSMUSG00000049098",15.9207823690288,0.0671649684116929,0.754186943009117,0.0890561273093811,0.929037304131719,NA
"ENSMUSG00000049100",3.92475491721617,0.505488552645899,1.42867734043308,0.353815755552382,0.723476965089028,NA
"ENSMUSG00000049103",3393.73653542254,-0.616734623529837,0.500012857150971,-1.2334375300746,0.217412570145963,0.418850761234232
"ENSMUSG00000049106",311.453560427183,-0.129343926198358,0.216976106251504,-0.596120597944692,0.551094664728704,0.731708631409434
"ENSMUSG00000049107",0.0463864331927929,0,7.3561311249555,0,1,NA
"ENSMUSG00000049109",3180.03900503804,-0.0431427571689759,0.230438445339549,-0.187220309985191,0.851487901315236,0.9289215213002
"ENSMUSG00000049112",1.78946811910132,0.00494594119060557,1.97360689121411,0.0025060417110537,0.998000470102945,NA
"ENSMUSG00000049115",0.585104741027831,0.856619305124262,4.27790686301552,0.20024262625494,0.8412908312788,NA
"ENSMUSG00000049119",3.51768392910403,0.166325956414715,1.88891449458898,0.0880537244492406,0.929833975991857,NA
"ENSMUSG00000049122",1.34237206075283,-0.704977901186108,2.90470252240719,-0.2427022718326,0.808236047399879,NA
"ENSMUSG00000049123",2.68873610010697,0.351957160077569,2.26564077292041,0.155345527095143,0.876548925793883,NA
"ENSMUSG00000049124",6740.95378321415,-0.876346167905921,0.253290370336203,-3.45984794740799,0.000540480492153948,0.0148406935137272
"ENSMUSG00000049128",0.0766400583082249,1.1543439570977,7.35592420838964,0.156927114037029,0.875302290687201,NA
"ENSMUSG00000049130",11.8412954310898,0.721586583149386,1.9447352078895,0.371046186762094,0.710603131151672,NA
"ENSMUSG00000049133",2.22228191789852,-3.51306084960458,3.34632163449964,-1.04982761172324,0.293797377897163,NA
"ENSMUSG00000049134",1.26942779937144,-0.481476388865374,4.59962702386154,-0.104677267606181,0.916631900668423,NA
"ENSMUSG00000049148",2.46147536071557,1.82224228930786,1.6122007685453,1.13028248395644,0.258357212900847,NA
"ENSMUSG00000049149",1.31721622565475,0.535609072768031,2.65578807408566,0.201676134475614,0.840169921150438,NA
"ENSMUSG00000049152",0.586252839936892,-1.37594464816884,6.04126512249993,-0.227757699797731,0.819834613085427,NA
"ENSMUSG00000049154",1.89247178625524,0,5.60909865616086,0,1,NA
"ENSMUSG00000049164",347.203081568238,-0.122933972731448,0.2645706338817,-0.464654640342347,0.642178796316315,0.796678890761393
"ENSMUSG00000049168",0.202217314165812,-2.32690430276292,7.30221293921243,-0.318657415516821,0.749986309913765,NA
"ENSMUSG00000049173",0.0758673915415437,1.15744715595923,7.35600334007655,0.157347285264716,0.874971156099007,NA
"ENSMUSG00000049176",0.36429751803299,-2.55547604464522,7.2946787998307,-0.350320571305282,0.726098128573443,NA
"ENSMUSG00000049184",28.2498036944753,0.157601928682336,0.54188368001397,0.290840884298773,0.77117301511517,NA
"ENSMUSG00000049191",1.98882820967627,-0.255828207097122,2.47904267876345,-0.103196370634785,0.917807120348313,NA
"ENSMUSG00000049202",0.191632945038924,2.15034398650159,7.28510065754809,0.295170113301539,0.767863931528367,NA
"ENSMUSG00000049214",3.5555333436997,0.765489133905192,1.36012183816499,0.562809236956265,0.573564789781774,NA
"ENSMUSG00000049217",6.00753455924358,0.0765787943902346,1.02664965816878,0.0745909705233106,0.940540158588205,NA
"ENSMUSG00000049225",104.654206663927,0.00628880994832305,0.333423206351913,0.018861344467084,0.984951716697607,0.998605566264843
"ENSMUSG00000049229",0.0787001721587606,-1.672247688477,7.35014054068789,-0.227512342004891,0.820025373318983,NA
"ENSMUSG00000049230",0.197410882489709,-3.13472823284768,7.26782663328374,-0.431315768938664,0.666238786061744,NA
"ENSMUSG00000049231",0.790774393469836,-0.32741356837205,3.23380900690428,-0.101247033350768,0.919354361298977,NA
"ENSMUSG00000049232",998.440770407433,-0.230371518241946,0.130023723419819,-1.77176527623444,0.0764335288544171,0.217736435944067
"ENSMUSG00000049233",417.714459936425,-1.39873253720568,0.511098136467667,-2.73672008838202,0.00620550695485214,0.0474934643927333
"ENSMUSG00000049235",0.417398466889063,-0.109765863889921,7.22390580084742,-0.015194808309522,0.987876763553851,NA
"ENSMUSG00000049241",0,NA,NA,NA,NA,NA
"ENSMUSG00000049246",1.88691947106316,-0.920151187668332,2.30754217114042,-0.398758124196526,0.690071435321203,NA
"ENSMUSG00000049249",12.0221560298614,0.049685762107288,1.06464997738882,0.0466686358545257,0.962777328059644,NA
"ENSMUSG00000049252",2.25192371307038,-1.06619866688967,2.28477144808729,-0.466654407723032,0.640747153921416,NA
"ENSMUSG00000049265",1.65271373939841,0.404875955307554,2.00456882774732,0.201976579553291,0.839935033651397,NA
"ENSMUSG00000049280",70.7170035360892,-0.0916672706087602,0.772782328322799,-0.118619781080799,0.905576592964464,0.958725995657463
"ENSMUSG00000049281",4.09436980563587,2.26533428833993,1.55650705107093,1.45539609780843,0.145559636093314,NA
"ENSMUSG00000049285",15.1029357916676,-1.16525182554305,1.23040754089771,-0.947045419351768,0.343615635273691,NA
"ENSMUSG00000049287",41.62040648499,0.0536141382949343,0.452784067858092,0.118409948805305,0.905742843230943,NA
"ENSMUSG00000049288",19.4128566093412,0.0803515574946525,0.808064734269831,0.0994370303355193,0.920791282488314,NA
"ENSMUSG00000049291",0.0406180793754555,0,7.3561311249555,0,1,NA
"ENSMUSG00000049295",43.5793128412899,0.456597425397081,0.548838025516573,0.831934749723883,0.40544577602992,NA
"ENSMUSG00000049299",2723.69521316454,-0.674399419693159,0.253507186897919,-2.66027731973028,0.00780763362956915,0.0538021684836791
"ENSMUSG00000049300",110.168335794476,-0.290773462536482,0.351893920134885,-0.826309992582497,0.408628266491983,0.613035424840378
"ENSMUSG00000049303",6.15312573431779,3.72972864905172,2.03010080895996,1.83721351796441,0.0661783808478505,NA
"ENSMUSG00000049305",145.81633644819,-0.326112948352589,0.382756433696731,-0.852011670196974,0.394207614843568,0.601163571849532
"ENSMUSG00000049307",13.2511908201675,-2.50720426194107,1.8889811841075,-1.32727857907471,0.184416547079413,NA
"ENSMUSG00000049313",944.564793777331,-0.235757896342827,0.274835958280206,-0.857813139947511,0.390995652891415,0.598876406060651
"ENSMUSG00000049314",0.607696022841901,0,7.2154219180291,0,1,NA
"ENSMUSG00000049315",1.13825006784737,-1.1586930574265,3.25668665832312,-0.355788928746099,0.721998640873194,NA
"ENSMUSG00000049321",21.3211095653395,-1.07539455537048,0.700260616679428,-1.53570617817964,0.124610459136157,NA
"ENSMUSG00000049323",128.050080487555,-0.0579544226324903,0.279350217601196,-0.207461526717788,0.835649436238288,0.919968223322807
"ENSMUSG00000049327",977.554696491326,-0.170487218210885,0.162189302353164,-1.05116191843314,0.293184230017055,0.504588033445338
"ENSMUSG00000049334",0.214178408239324,-2.57444324613269,7.29410626056569,-0.352948415359805,0.724127113362276,NA
"ENSMUSG00000049336",1.44484427925986,0.197676215251384,4.23459783014633,0.0466812252734171,0.962767294092381,NA
"ENSMUSG00000049339",394.609549627254,-0.0322103624601095,0.246987803299866,-0.130412765447382,0.896239867475313,0.953847016579831
"ENSMUSG00000049349",0.147194056209352,-0.110831494554759,7.22272526435955,-0.0153448304480936,0.987757077160114,NA
"ENSMUSG00000049350",1.46127087585365,-0.550233617134018,2.25839029004073,-0.243639737365366,0.807509849522339,NA
"ENSMUSG00000049353",4.1900208310062,0.956390788463886,1.4579648860375,0.655976558573503,0.51183920699152,NA
"ENSMUSG00000049354",915.776797027134,0.0504334786216465,0.148958232917041,0.338574630176596,0.734930197123014,0.856297846373442
"ENSMUSG00000049357",5.11436081479166,0.398391772117109,1.20547999309397,0.330483935361384,0.741034329115438,NA
"ENSMUSG00000049362",8.73016714798371,0.36382346136656,1.0334991385875,0.352030734988133,0.724815212771267,NA
"ENSMUSG00000049372",15.2036799109095,-0.237678240683851,0.68161110509111,-0.348700657763024,0.72731405040155,NA
"ENSMUSG00000049382",0.0791672854409617,-1.67181228357526,7.3501295036509,-0.227453445921579,0.820071165300736,NA
"ENSMUSG00000049387",0,NA,NA,NA,NA,NA
"ENSMUSG00000049396",41.6965026815203,-0.328164941305181,0.591028785457123,-0.555243584373588,0.578728061077904,NA
"ENSMUSG00000049401",540.027031564288,-0.159716987705157,0.198798397078243,-0.803411848649345,0.421736728847809,0.625768172419783
"ENSMUSG00000049404",0.569846812105652,2.1534542424988,7.03668230551108,0.30603260869291,0.759579817963236,NA
"ENSMUSG00000049409",1.50498229939664,0,5.50247586174496,0,1,NA
"ENSMUSG00000049410",9.55334353543389,-0.280967693442142,1.03578665533512,-0.271260198222226,0.786190916376213,NA
"ENSMUSG00000049411",214.192003212869,0.592258721864068,0.381677300479801,1.55172634348322,0.120727716573097,0.290093758876062
"ENSMUSG00000049414",0.131710861767658,0,7.3561311249555,0,1,NA
"ENSMUSG00000049420",12.2115594136489,0.304240436001699,0.882741675681798,0.344653984719499,0.730354515623679,NA
"ENSMUSG00000049421",1134.86850867758,-0.373146219498012,0.210990827351357,-1.76854237780025,0.0769702741400481,0.218635390768499
"ENSMUSG00000049422",1713.52015124452,-0.737863374561636,0.369719226914014,-1.99573979617035,0.0459622529189592,0.1598651900436
"ENSMUSG00000049427",0.0406180793754555,0,7.3561311249555,0,1,NA
"ENSMUSG00000049436",0.0900768089843071,0,7.35613112495549,0,1,NA
"ENSMUSG00000049439",284.245005547087,0.66263440969028,0.292571581043191,2.26486252467719,0.0235211171018756,0.104874263668038
"ENSMUSG00000049456",0.417534926665788,1.21050438487889,7.18419757040275,0.168495419706425,0.866193546703464,NA
"ENSMUSG00000049460",0.245256827982315,0,7.35613112495549,0,1,NA
"ENSMUSG00000049470",381.190814523758,0.70815091894286,0.341196226948811,2.07549457763817,0.0379407208884387,0.141847211037147
"ENSMUSG00000049477",0.0474375977968173,0,7.3561311249555,0,1,NA
"ENSMUSG00000049482",582.93359264685,-0.0858180397342398,0.205138288881044,-0.418342378706319,0.675696809134176,0.821557559445428
"ENSMUSG00000049488",27.32140148502,1.32329223313937,0.678495025753439,1.95033446511993,0.0511362673401878,NA
"ENSMUSG00000049489",1105.7383568814,-0.679901743156108,0.242000408269582,-2.80950659553729,0.00496175024778082,0.0422090371766897
"ENSMUSG00000049491",25.4849471004433,-0.690573733570723,0.623283204796768,-1.10796140222629,0.267878485598421,NA
"ENSMUSG00000049493",14.1390662365696,-4.5698309856951,2.03286019629251,-2.24798094528559,0.0245774049773122,NA
"ENSMUSG00000049498",0.109465994766751,-2.3133480180715,7.30269655490194,-0.316779973079761,0.751410561361393,NA
"ENSMUSG00000049502",938.044911274575,-0.379114150571383,0.219681134879638,-1.7257474146749,0.0843928638726072,0.231209906035964
"ENSMUSG00000049504",247.91336936001,0.855752458009889,0.267578264857071,3.19813890140514,0.00138317639438582,0.0231482440042245
"ENSMUSG00000049506",0.0710374986746129,2.16226366003378,7.28481246100722,0.296818026765623,0.766605441993722,NA
"ENSMUSG00000049511",9.63963419374739,-0.873083144661579,1.00671288286687,-0.867261320998751,0.385798844326276,NA
"ENSMUSG00000049515",1.00757004282908,-2.42547584975054,4.10465536333976,-0.59090852582007,0.554581713115526,NA
"ENSMUSG00000049516",481.514600136118,0.2915787675223,0.225186358591371,1.29483317438161,0.195377785185731,0.391083914405856
"ENSMUSG00000049517",12957.1943156088,-0.713734103950883,0.252006579058434,-2.83220424886362,0.00462283090696677,0.0406250624467681
"ENSMUSG00000049521",0.116811876216635,1.1600448718685,7.35573667757664,0.157706144566703,0.874688358426345,NA
"ENSMUSG00000049526",5.60496627800432,0.290621604023208,1.24970227062737,0.232552673427816,0.816108780856615,NA
"ENSMUSG00000049528",0.194568500771483,0,7.3561311249555,0,1,NA
"ENSMUSG00000049530",0,NA,NA,NA,NA,NA
"ENSMUSG00000049532",16.8090950129035,0.984528642385056,0.837249959844217,1.17590766151633,0.239631776957718,NA
"ENSMUSG00000049536",2.6505079932231,0.327062213794878,1.86836156850015,0.175052955118013,0.861038023762944,NA
"ENSMUSG00000049537",0.300953928570804,-0.107493117829982,7.17150393622664,-0.0149889226563739,0.988041017830795,NA
"ENSMUSG00000049538",0.836964066921885,-0.433281152848218,4.32421275452976,-0.100198851778128,0.920186457576807,NA
"ENSMUSG00000049539",66.0636442792298,0.341095647278235,0.614107044913286,0.555433535738705,0.578598159606022,0.751523665068815
"ENSMUSG00000049548",0.118751871952467,1.15745881175448,7.35586291664046,0.157351873583189,0.87496754019168,NA
"ENSMUSG00000049550",858.288251307348,0.272502427244711,0.194667028045118,1.39983863719105,0.161561644814642,0.348080880859375
"ENSMUSG00000049551",1.12001601934676,0,6.65321053860649,0,1,NA
"ENSMUSG00000049553",224.384312504221,0.512432803948489,0.311064096437338,1.64735438714225,0.0994852249892959,0.257165901112937
"ENSMUSG00000049555",65.8510939971388,0.121764991870692,0.529105974471154,0.230133466159396,0.817988060471901,0.909131097117691
"ENSMUSG00000049556",11.2610850037452,0.996859571274068,0.918379112485066,1.08545540476921,0.277720004830097,NA
"ENSMUSG00000049560",0,NA,NA,NA,NA,NA
"ENSMUSG00000049561",114.899093417744,0.55793807787048,0.35847119835111,1.55643767319906,0.119604052659354,0.288644057748466
"ENSMUSG00000049562",35.7430134887866,0.298270479643508,0.685068820797974,0.435387614482411,0.663281098928106,NA
"ENSMUSG00000049565",5.37431848381218,0.745690488121487,1.20482100794715,0.618922215999571,0.535967602344971,NA
"ENSMUSG00000049571",12.0893892047932,1.04406406809409,0.80889013466735,1.29073655784348,0.196795043385863,NA
"ENSMUSG00000049573",2.10280136447229,0.439479146638417,1.79641203938211,0.244642730622969,0.806733074934468,NA
"ENSMUSG00000049576",1.01669202290047,0.815444270426352,2.68260848564192,0.303974387164896,0.761147404492975,NA
"ENSMUSG00000049577",168.675667194296,-0.179362098210877,0.280110527945663,-0.6403261581288,0.521960578119445,0.708152845410484
"ENSMUSG00000049580",0.795922520978609,-0.941535381878073,4.44812095119886,-0.211670364229711,0.832364210120284,NA
"ENSMUSG00000049583",3.38345691419238,0.835266963951636,1.58822164197876,0.525913349796053,0.598948413021464,NA
"ENSMUSG00000049588",1032.83062396745,-0.652403169266093,0.286086597293051,-2.2804394733592,0.0225816367320013,0.10230040288535
"ENSMUSG00000049593",0.0425774740632087,0,7.3561311249555,0,1,NA
"ENSMUSG00000049598",0.0788231929643344,0,7.3561311249555,0,1,NA
"ENSMUSG00000049600",999.53323685309,0.0892957817516943,0.225801325942687,0.395461724500056,0.692502163785111,0.832824242645679
"ENSMUSG00000049604",0.478878987285126,0.770809984987344,7.27886954395187,0.105896936376312,0.915664124818845,NA
"ENSMUSG00000049605",42.4135208911215,1.08964396657063,0.617377875230722,1.76495467409391,0.0775713837209351,NA
"ENSMUSG00000049606",660.933236343347,0.216606552957932,0.157902640685153,1.37177283431143,0.170134166562933,0.358380652413899
"ENSMUSG00000049608",84.9952291327381,-0.04082894292007,0.466765642161166,-0.0874720399964067,0.930296309077107,0.971957502429616
"ENSMUSG00000049612",5.47448704301414,1.50183384676953,1.83868801259838,0.816796452948634,0.414044759617224,NA
"ENSMUSG00000049618",0.0786958301436903,-1.67376051777259,7.35017889015446,-0.227716977067673,0.81986627336593,NA
"ENSMUSG00000049620",0.89428905305348,1.40526035653016,3.74389641570678,0.375347018318846,0.707402402392231,NA
"ENSMUSG00000049624",121.650214636913,0.50052546136196,0.391485027856734,1.2785302776512,0.201062516025972,0.397654606216059
"ENSMUSG00000049625",14.4625919887599,-1.81754161681268,1.80813268155278,-1.00520367523683,0.314798785839315,NA
"ENSMUSG00000049630",0.668668585958767,-0.42492382306565,5.31991175161026,-0.0798742240295681,0.936337290558179,NA
"ENSMUSG00000049641",0,NA,NA,NA,NA,NA
"ENSMUSG00000049643",2013.00209606977,1.05433802917643,0.323021647601276,3.26398567094755,0.00109856721249419,0.0205091537385451
"ENSMUSG00000049648",2.60035007362695,0.731521549898843,1.80140308593028,0.406084321500466,0.684680645283731,NA
"ENSMUSG00000049649",1.95123774451175,1.53048141643533,2.57508130992801,0.59434294774875,0.552282758925679,NA
"ENSMUSG00000049653",0.282911511110033,0.767622891020818,7.2789466236405,0.105457964003712,0.916012423801402,NA
"ENSMUSG00000049657",81.8334237868479,-0.2421463975216,0.336840952355397,-0.718874578130612,0.472218201309981,0.66796194056038
"ENSMUSG00000049658",717.612693101219,0.585568859132167,0.290971480661441,2.01246135119855,0.044171326852176,0.156052024994196
"ENSMUSG00000049659",779.095639237337,-0.429147353864654,0.194959471177757,-2.2012131612389,0.0277209370061412,0.11658936882959
"ENSMUSG00000049670",6.95147543733202,0.736757459066274,2.14320005459916,0.343765136383439,0.731022921192264,NA
"ENSMUSG00000049672",260.880148515226,-0.55460686743086,0.267090644995952,-2.07647432743017,0.0378501031229473,0.141615544803306
"ENSMUSG00000049674",18.5643937984591,1.08464235052372,0.549607993006902,1.9734835816154,0.0484404933242044,NA
"ENSMUSG00000049676",3.00034964160835,-0.849828679529862,1.73936089879519,-0.488586744774197,0.625134299211125,NA
"ENSMUSG00000049680",155.597092455721,-0.0760399875700476,0.322143578935354,-0.236043778433675,0.81339869952865,0.90627210830035
"ENSMUSG00000049685",0.229798259011109,-2.16013811098865,7.30316585143988,-0.295781056452766,0.767397290803792,NA
"ENSMUSG00000049686",530.406600359383,-0.402377281682598,0.317938283242692,-1.26558298541057,0.205662420794092,0.403848436541439
"ENSMUSG00000049687",17.3901018246799,-0.421746890950305,0.882932728922729,-0.477665938904406,0.63288799086223,NA
"ENSMUSG00000049690",9.21591516245717,0.445777395233214,1.05060047306163,0.424307247772448,0.671341754158241,NA
"ENSMUSG00000049691",0.163873908977589,0,7.3561311249555,0,1,NA
"ENSMUSG00000049692",1.2721910216759,-2.13291466408196,2.94232619673297,-0.724907614407354,0.468508709250075,NA
"ENSMUSG00000049694",0.0380762098104571,-1.67431590235222,7.3501929692546,-0.227792101425878,0.819807867435575,NA
"ENSMUSG00000049699",3.98244432485873,-0.0123950450241026,1.3864610416732,-0.00894006008935103,0.992866959099845,NA
"ENSMUSG00000049708",0.0425774740632087,0,7.3561311249555,0,1,NA
"ENSMUSG00000049709",2.64756784044594,0.879400760552112,1.49678081922761,0.587528079766489,0.556849097472895,NA
"ENSMUSG00000049717",60.892567866299,-0.281792057452394,0.481803227149623,-0.584869593172907,0.558635405485815,NA
"ENSMUSG00000049719",0.302282516325135,-0.694140645765543,7.19557519014626,-0.0964677079208499,0.9231491196308,NA
"ENSMUSG00000049721",1.04727138281315,0,4.79417412901269,0,1,NA
"ENSMUSG00000049723",32.9514235651876,-0.0840701847537602,0.794853361647712,-0.10576816908654,0.915766292480147,NA
"ENSMUSG00000049728",137.233136692779,0.240829162459359,0.482788886307227,0.49882913482417,0.617899760699693,0.780068854982945
"ENSMUSG00000049734",1393.21704345294,-0.897310638804126,0.330015850160094,-2.71899255253598,0.00654810824198429,0.0488518370896217
"ENSMUSG00000049737",0.0865546972279984,0,7.3561311249555,0,1,NA
"ENSMUSG00000049739",337.747940229528,0.012343733384923,0.235359338772428,0.0524463292992945,0.958173059445204,0.986557118120462
"ENSMUSG00000049740",0.169217958715383,0,7.3561311249555,0,1,NA
"ENSMUSG00000049741",0.0407969102058399,0,7.3561311249555,0,1,NA
"ENSMUSG00000049744",3288.63418319117,0.0356983278014763,0.260761279890797,0.136900416413151,0.891109509685895,0.951061263255568
"ENSMUSG00000049751",12853.0441400188,-0.860007074654848,0.241418089777445,-3.56231413912544,0.000367600144832424,0.0125476475004283
"ENSMUSG00000049755",412.678634728638,-0.287548307183307,0.228010607081519,-1.26111811579231,0.207266294627165,0.405949538813063
"ENSMUSG00000049758",4.71650400310581,0.52436082765216,1.28038661628694,0.409533199568096,0.682148407979483,NA
"ENSMUSG00000049760",3713.34137591357,-0.567654846717429,0.225837866000067,-2.51355034818325,0.0119522715961261,0.0701654857180593
"ENSMUSG00000049761",0.0710374986746129,2.16226366003378,7.28481246100722,0.296818026765623,0.766605441993722,NA
"ENSMUSG00000049764",229.666772058563,0.223853259581131,0.276458042901578,0.809718745136402,0.418101841955336,0.6227115726576
"ENSMUSG00000049775",439616.864623752,-0.962312079072707,0.261899921620328,-3.67435038971777,0.000238455316418908,0.0102787432003085
"ENSMUSG00000049791",1.24570532588614,2.93108728438649,3.17122773058298,0.92427524397551,0.355343028547381,NA
"ENSMUSG00000049792",437.632079118795,-0.40284002735667,0.321300068031617,-1.25378133227482,0.209921496217353,0.409401776522837
"ENSMUSG00000049796",0,NA,NA,NA,NA,NA
"ENSMUSG00000049797",10.5939382861479,1.39749593782756,0.884090987895851,1.58071505869958,0.113943203652266,NA
"ENSMUSG00000049799",2.16416899299821,0.732816412484011,1.88431351270167,0.388903655121234,0.697347418213229,NA
"ENSMUSG00000049800",298.460550299008,0.0774571622040626,0.29410659675717,0.263364246358661,0.792269845374981,0.894904139608446
"ENSMUSG00000049804",39.3383900766873,1.52374894754853,0.746303214929329,2.04172904131576,0.0411784163608346,NA
"ENSMUSG00000049806",14.9557713696616,-0.242474867703549,0.924049492300794,-0.262404632786292,0.793009501344467,NA
"ENSMUSG00000049807",9.22075644717267,1.54979960973137,0.956213977192937,1.6207665299779,0.105067719165142,NA
"ENSMUSG00000049809",0.225037981270694,1.35255801701863,7.25511868490475,0.186428103489583,0.852109055331578,NA
"ENSMUSG00000049811",20.1769602280028,0.41087527522932,0.914937238047117,0.449074819718028,0.653377684241754,NA
"ENSMUSG00000049815",0.0736640068493567,-1.67571973928662,7.35022764026424,-0.22798201923803,0.819660219031284,NA
"ENSMUSG00000049823",6.19876352956749,2.53521091545995,1.40266728878762,1.80742142896284,0.0706965952504676,NA
"ENSMUSG00000049832",1491.30762521566,-0.796491546143946,0.264049721466495,-3.01644531840574,0.00255757342750294,0.0303321023526459
"ENSMUSG00000049843",0.136631105595163,2.45458480048096,7.26629116480639,0.337804355042847,0.735510627772181,NA
"ENSMUSG00000049848",1.09272012329602,-0.587529356698156,2.74349199316705,-0.214153844137858,0.830427088083628,NA
"ENSMUSG00000049858",190.165860980286,-0.00585898869980708,0.320151027575497,-0.0183007024658868,0.985398967074391,0.998633257077133
"ENSMUSG00000049864",9.84724624062444,1.13251564484984,0.810714576786218,1.39693509562796,0.162433089653481,NA
"ENSMUSG00000049866",1514.83041561527,-0.139887704204007,0.256951326194486,-0.544413240732317,0.586157136309702,0.755826153459614
"ENSMUSG00000049871",1682.33889699545,0.583064959635508,0.245604631436731,2.3739982272513,0.0175966349719443,0.0882142311960454
"ENSMUSG00000049872",0.665029848800799,3.15755058343796,5.83579574921287,0.541065986393347,0.588462101520581,NA
"ENSMUSG00000049878",376.5824600557,0.37763837354042,0.327247337538336,1.15398455608881,0.24850650066219,0.455918106727125
"ENSMUSG00000049881",104.122858854486,-1.83027993988443,0.793160385684539,-2.30757860946976,0.0210225853760422,0.098022762472725
"ENSMUSG00000049882",107.551686890005,-0.161991756183392,0.334660215042736,-0.484048443471852,0.628351489413083,0.786533426978387
"ENSMUSG00000049891",0.683155297849976,0,5.9171606925577,0,1,NA
"ENSMUSG00000049892",7.17018014261505,1.2386237035158,1.03927821026628,1.19181148154588,0.233335172771214,NA
"ENSMUSG00000049894",7.23336111212906,-0.277263618082372,1.56531431221064,-0.177129676717005,0.859406531828487,NA
"ENSMUSG00000049897",3.22628220652266,1.5786496015108,1.91746804093381,0.823299042179598,0.410337958185448,NA
"ENSMUSG00000049902",1.65317286509565,0.284943334422405,1.97326534381381,0.144401935257062,0.885183088712673,NA
"ENSMUSG00000049904",6.64179860115588,-0.37707718888257,1.16527676559153,-0.323594531373973,0.746245028722903,NA
"ENSMUSG00000049907",17.6356713916858,-0.484859493168961,0.845162040143569,-0.57368820431949,0.566178811842554,NA
"ENSMUSG00000049908",1.8089333536509,0.981311283860207,2.69156489931459,0.364587636029174,0.715419245504965,NA
"ENSMUSG00000049916",377.289366834469,-0.30381253664471,0.46663887714361,-0.651065634531798,0.51500411908233,0.702634797400568
"ENSMUSG00000049922",375.486175189524,-0.041723140164901,0.212173358612045,-0.196646461355174,0.844104209522584,0.925667862339776
"ENSMUSG00000049926",1.04892935494743,-0.0210019432381807,2.954302954775,-0.0071089334979121,0.994327939493041,NA
"ENSMUSG00000049928",0.636331581003181,-1.4859168468743,6.89426403157875,-0.215529437234802,0.82935456372002,NA
"ENSMUSG00000049929",0.734266614176619,2.76197620983235,4.36859494386354,0.632234447304855,0.527233691141944,NA
"ENSMUSG00000049932",3613.36246768543,-0.782564494488768,0.409959255113809,-1.9088835895936,0.0562771104430157,0.180032115446346
"ENSMUSG00000049939",2.5263383898516,2.00952915263699,2.02818056043593,0.99080387211929,0.321781358192158,NA
"ENSMUSG00000049940",238.205946877808,-0.156324093833836,0.225490004179496,-0.693263962642873,0.488143914238254,0.680265630366832
"ENSMUSG00000049946",0.0352597853922181,1.155567702399,7.35595536263211,0.157092810577567,0.875171703562209,NA
"ENSMUSG00000049950",202.107597866824,-0.439870613160499,0.260686811667103,-1.68735276766595,0.0915355401556337,0.244020715867972
"ENSMUSG00000049957",271.105733232238,0.751888678065168,0.300196809675823,2.50465246075439,0.0122571766250748,0.0710495183193268
"ENSMUSG00000049960",4589.46203413274,-0.616986924598877,0.20885607372544,-2.9541248841533,0.00313557090001718,0.0334359421215425
"ENSMUSG00000049969",439.549147529651,-0.0851103770595117,0.187439049126871,-0.454069615995028,0.649778721373725,0.801280272053303
"ENSMUSG00000049971",1.7306821126405,2.65012008503876,2.99698993063366,0.884260590251112,0.376555557185051,NA
"ENSMUSG00000049972",0.156214150897244,-1.67456804970932,7.3501984447316,-0.227826236570469,0.81978132917133,NA
"ENSMUSG00000049985",50.9051890823204,0.566380740784463,0.486103977515067,1.16514319360184,0.243961035319454,NA
"ENSMUSG00000049988",3.88071226840467,0,2.72925397851482,0,1,NA
"ENSMUSG00000049999",1.8676163116763,-0.119359223827772,3.08382038395862,-0.0387049856887429,0.969125598384837,NA
"ENSMUSG00000050002",2332.94319763029,-0.670620950474001,0.205462007914744,-3.26396571940577,0.00109864457495645,0.0205091537385451
"ENSMUSG00000050010",2.22015916254219,1.45101387776017,2.17281168799354,0.667804709344183,0.504258260074067,NA
"ENSMUSG00000050014",6.54541623801121,0.271326162729487,1.23794942194842,0.21917386762251,0.826514611208615,NA
"ENSMUSG00000050015",0.12463283152843,2.47337348415915,7.28506292057289,0.339512988580289,0.734223314075061,NA
"ENSMUSG00000050017",1143.94592585187,-0.555232801781818,0.247016171683594,-2.24775891391039,0.0245915670541534,0.107703872543335
"ENSMUSG00000050022",19.3008201277845,0.175198285756817,0.656248889342217,0.266969268218381,0.789492822977125,NA
"ENSMUSG00000050023",0.0474375977968173,0,7.3561311249555,0,1,NA
"ENSMUSG00000050028",0.480672278137274,1.18670692285506,6.37402582184138,0.186178555911817,0.85230473985126,NA
"ENSMUSG00000050029",853.514038116928,-0.493192052041323,0.256806826351238,-1.92047874680238,0.0547974551905424,0.177306986762197
"ENSMUSG00000050030",2.83970480398421,0.673597534922899,1.43096727861899,0.4707288174842,0.637834402657462,NA
"ENSMUSG00000050035",10.7755384777209,0.214541938924211,1.39380027059755,0.153925884109803,0.877668174750467,NA
"ENSMUSG00000050043",1145.68963437989,-0.0808702255490179,0.270271726909343,-0.299218221875439,0.764773546797653,0.876309181830858
"ENSMUSG00000050050",0.76492986432992,-1.88273469143213,5.52538684256712,-0.340742602296675,0.733297363850198,NA
"ENSMUSG00000050052",323.210633865147,-0.185967890687807,0.812982835938808,-0.228747622295194,0.81906507871001,0.909816642661922
"ENSMUSG00000050058",0.198284706214285,-1.63875594578338,7.34929033952091,-0.222981522034984,0.823549887751508,NA
"ENSMUSG00000050063",0.0853477801074425,0,7.3561311249555,0,1,NA
"ENSMUSG00000050064",26.3893957976912,0.322160565444234,0.900515304765937,0.357751349409848,0.720529401571529,NA
"ENSMUSG00000050069",0.345007690821091,-2.10940909626983,7.25407562539646,-0.290789509952834,0.771212308683488,NA
"ENSMUSG00000050071",7.78635169580812,0.653926232448917,1.39346784624084,0.469279742774845,0.638869692872878,NA
"ENSMUSG00000050074",0.114969284244746,0.0364723566422501,7.33911441317665,0.00496958550976772,0.996034860769202,NA
"ENSMUSG00000050075",1557.80888631644,-0.101942357808085,0.229663214225501,-0.443877606397995,0.657131075713687,0.807124836410262
"ENSMUSG00000050079",550.630220795549,0.0763904529076055,0.163375458931467,0.467576057060381,0.640087790324672,0.795084372636398
"ENSMUSG00000050085",2.95830137595962,0.288418381230193,1.55692029041414,0.185249291826927,0.853033508806673,NA
"ENSMUSG00000050087",0.579765423608199,0,7.3561311249555,0,1,NA
"ENSMUSG00000050088",352.856446207459,-0.577338600208026,0.265928243868967,-2.17103152267084,0.0299287896141829,0.122605091312142
"ENSMUSG00000050089",0.154433719025904,1.16081803451551,7.35569701790936,0.157812105595051,0.874604859310298,NA
"ENSMUSG00000050092",0.0787014114846286,-1.6718289119405,7.35012992515979,-0.227455695200402,0.820069416464605,NA
"ENSMUSG00000050097",45.0146819994898,-0.235987509264397,0.801994002176817,-0.29425096524895,0.768566138839511,NA
"ENSMUSG00000050100",3.15401830655662,-1.8063544164067,2.14751904586912,-0.8411354580912,0.400272052871914,NA
"ENSMUSG00000050102",0.109253953801858,2.1630567519603,7.28479144145766,0.296927752749429,0.766521667541728,NA
"ENSMUSG00000050103",9.66631506485865,1.52914220651366,1.09713615475247,1.39375792137545,0.163390718796489,NA
"ENSMUSG00000050105",0.727253968043697,-0.706692674058462,4.76885950247381,-0.148189032134805,0.882193587339908,NA
"ENSMUSG00000050106",250.167594428679,0.152455719334466,0.238025692036815,0.640501107379979,0.521846869435396,0.708152845410484
"ENSMUSG00000050107",343.069943261327,-0.262306216092734,0.299770968938721,-0.875022077759486,0.38156189309141,0.59053378944866
"ENSMUSG00000050108",156.015444313211,1.1976248136492,0.476771212636025,2.51194867036465,0.0120066551158985,0.0702758942551234
"ENSMUSG00000050114",0.791478995743413,0.756552895708105,3.03719031296708,0.249096308676494,0.803286284733326,NA
"ENSMUSG00000050121",0.15513273548329,0,7.3561311249555,0,1,NA
"ENSMUSG00000050122",13.8348018125634,0.314172524044518,0.849203507993039,0.369961406291192,0.711411246646922,NA
"ENSMUSG00000050128",21.2543632206896,1.18129160116734,0.580230006761245,2.03590229288749,0.0417601675483903,NA
"ENSMUSG00000050132",3.88291799926998,1.66392186301887,1.63662874666074,1.01667642488489,0.309307384350732,NA
"ENSMUSG00000050134",0.827864399695502,0.712326047003934,4.14374204626564,0.171904051712361,0.86351296120089,NA
"ENSMUSG00000050138",2.00704528388933,-2.92010547849341,2.07267113321281,-1.40886097736451,0.15887628024903,NA
"ENSMUSG00000050141",0.290090753960263,1.61021860941411,7.30083628010837,0.220552625430221,0.825440792047725,NA
"ENSMUSG00000050144",203.894804140339,0.0297458831964179,0.236870291837708,0.125578783922799,0.900065357961722,0.955141821089814
"ENSMUSG00000050147",145.171923899659,-0.451704139766418,0.387816043442097,-1.16473814687313,0.244125002732509,0.450720069471884
"ENSMUSG00000050148",334.282455709629,-0.460938542118533,0.281609911569591,-1.63679800739054,0.101672682243765,0.260439094060538
"ENSMUSG00000050150",11.355157324259,-0.198935657754302,0.911519923156111,-0.218246088429415,0.827237377088377,NA
"ENSMUSG00000050157",5.05078593765982,1.44466593722502,1.93591794710333,0.746243372239323,0.455520412186773,NA
"ENSMUSG00000050158",3.71064439610393,0.181162516719603,1.67173700796487,0.108367832892654,0.913703916468412,NA
"ENSMUSG00000050164",0.0786965040766218,-1.67352079543664,7.35017281321956,-0.227684550821274,0.819891483674907,NA
"ENSMUSG00000050174",248.074768244046,-0.344610279556172,0.257164621137408,-1.34003766938081,0.180233098541434,0.372642580857995
"ENSMUSG00000050188",1363.03065710254,-0.862549181022855,0.336376666525487,-2.56423606884605,0.0103403188674864,0.0642451615368338
"ENSMUSG00000050190",0.45201659113677,0.215776128858353,7.1384994084949,0.0302270990737321,0.975885936466737,NA
"ENSMUSG00000050192",96.7325345404017,-0.518873168396028,0.410409046099767,-1.26428297165237,0.206128479263063,0.404361980058618
"ENSMUSG00000050195",6.02842608975718,1.19323619348392,1.13025732145245,1.0557208264314,0.291095779314184,NA
"ENSMUSG00000050197",0.0812361587509111,0,7.3561311249555,0,1,NA
"ENSMUSG00000050198",0.991459659322156,-0.531222541710097,4.55288829879303,-0.116678140742202,0.907115113101771,NA
"ENSMUSG00000050199",4.14530190591639,0.126350342850039,1.68509132236358,0.0749813028962811,0.940229588136734,NA
"ENSMUSG00000050201",0.3772068630279,1.16934828850836,7.35528237145654,0.158980747366847,0.873684042279803,NA
"ENSMUSG00000050211",4.70505540403012,0.654045842048138,1.18131808780825,0.553657688643045,0.57981313725952,NA
"ENSMUSG00000050212",531.854893853419,-0.228844215938811,0.307716665153028,-0.74368483041049,0.457067168857158,0.6552994982307
"ENSMUSG00000050213",435.678868768021,-0.327647541621269,0.199336917968773,-1.64368720536051,0.100240830174523,0.258445645872498
"ENSMUSG00000050215",0.199605705484637,-2.54808134340471,7.29490911288687,-0.349295831376895,0.726867227689751,NA
"ENSMUSG00000050217",0.189102354994307,-0.110954371538625,7.22273893759343,-0.0153618139181414,0.987743527908613,NA
"ENSMUSG00000050222",0.177926766076256,0,7.3561311249555,0,1,NA
"ENSMUSG00000050224",0,NA,NA,NA,NA,NA
"ENSMUSG00000050229",307.667373494358,0.0850328502120133,0.232987382129817,0.364967619425133,0.715135577419874,0.844073454662143
"ENSMUSG00000050232",2698.43210099294,-0.758223200096273,0.300047121162267,-2.52701374757141,0.0115036999599392,0.068255746761104
"ENSMUSG00000050234",0.0710374986746129,2.16226366003379,7.28481246100722,0.296818026765623,0.766605441993722,NA
"ENSMUSG00000050239",0.122130243757926,1.15109189734724,7.35611042338987,0.156481051954735,0.875653853605533,NA
"ENSMUSG00000050240",24.4788011468369,0.574062317241105,0.614191653010805,0.934663169756569,0.349961913119378,NA
"ENSMUSG00000050241",232.699581080538,-0.901674527544503,0.624502365431492,-1.44382884270022,0.14878712659714,0.331476390897619
"ENSMUSG00000050243",0,NA,NA,NA,NA,NA
"ENSMUSG00000050244",378.742383502297,0.545239994900191,0.272357836678795,2.00192512008832,0.045292785513307,0.158487815995899
"ENSMUSG00000050248",1.93397122890087,3.98064842060909,7.13698757858035,0.557749103074788,0.577015722276851,NA
"ENSMUSG00000050251",0.946184499783973,-0.66911494068743,3.07309939120657,-0.217732931971562,0.827637203190691,NA
"ENSMUSG00000050266",0.886736969223724,-2.52099535904994,2.91018067908303,-0.866267643507374,0.386343405890685,NA
"ENSMUSG00000050270",7.30606497455194,0.465381003706794,1.26931642835408,0.366639076995366,0.713888255805344,NA
"ENSMUSG00000050271",71.5141921956495,-0.0842182909687658,0.311998710370484,-0.269931535514235,0.787212925553308,0.892282968592414
"ENSMUSG00000050272",0.681508389646124,-3.55229529544086,6.81895017825773,-0.520944603286203,0.602405362514463,NA
"ENSMUSG00000050276",0.0406180793754555,0,7.3561311249555,0,1,NA
"ENSMUSG00000050281",0.0406180793754555,0,7.3561311249555,0,1,NA
"ENSMUSG00000050288",0.377053830446756,-2.55314339082029,7.29475166371787,-0.349997300596117,0.726340723500218,NA
"ENSMUSG00000050295",1.27676092490094,-0.556961869362275,2.3681468634493,-0.235188905704538,0.814062116488557,NA
"ENSMUSG00000050296",5.93475196861067,0.170562231860394,1.09090420367677,0.156349412978274,0.875757609288473,NA
"ENSMUSG00000050299",9723.23246866717,-0.591771728022504,0.206244438385647,-2.86927362819829,0.00411415711304934,0.0382399819168661
"ENSMUSG00000050304",3.97573671916955,0.119772368993031,1.73252579733086,0.0691316511289779,0.944884827329989,NA
"ENSMUSG00000050310",726.933884801089,0.531093440396755,0.216565897070635,2.45234105452685,0.0141930067522851,0.0775983803906737
"ENSMUSG00000050312",225.632295391458,-0.522580531823873,0.306842744729372,-1.70308909302964,0.0885513967586034,0.238769928248444
"ENSMUSG00000050315",6.73172102674582,-1.42022007417008,1.35454525402189,-1.04848477372992,0.294415313874386,NA
"ENSMUSG00000050321",0.236932674647654,-0.229137368029833,7.34986564032401,-0.0311757220122098,0.975129401528555,NA
"ENSMUSG00000050323",385.412132558943,-0.758931340349907,0.27920325894227,-2.718203731665,0.00656374086806967,0.0488518370896217
"ENSMUSG00000050328",0.106661932066479,2.16387550371829,7.28477181918204,0.29704094478573,0.766435249660958,NA
"ENSMUSG00000050332",106.730151330248,0.769113792228218,0.312714783763954,2.45947371905758,0.0139140884495242,0.0766670927110068
"ENSMUSG00000050335",15203.1979883897,0.40900695768603,0.638989099774016,0.640084404930661,0.522117727152156,0.708265916412662
"ENSMUSG00000050343",1.35105689606207,-1.71980325367216,2.24420710464882,-0.766330010322858,0.443479966048379,NA
"ENSMUSG00000050345",308.963163848259,0.0316863918999223,0.221458742189631,0.143080338968014,0.886226732399112,0.949117145153329
"ENSMUSG00000050350",1400.23480567039,-0.00313559783211062,0.296576492814559,-0.0105726445220027,0.991564407325563,1
"ENSMUSG00000050357",69.4608826940776,-0.0448210535480867,0.44574762844474,-0.100552533962933,0.919905678058444,0.965930276992535
"ENSMUSG00000050359",0,NA,NA,NA,NA,NA
"ENSMUSG00000050366",2.54492010727733,2.51712332347605,2.4324409162025,1.03481375712334,0.300755896931685,NA
"ENSMUSG00000050368",0.369160387710075,-1.11186644774986,6.89813327263149,-0.161183671553755,0.871948741172706,NA
"ENSMUSG00000050370",1.38013557353647,-0.409991497217959,2.82258429881697,-0.145253942420709,0.884510377598495,NA
"ENSMUSG00000050373",36.5796211121509,-0.256014273736799,0.57309047918917,-0.44672574930754,0.655073087818757,NA
"ENSMUSG00000050377",5.04431464769816,0.947434154053017,1.82384827687278,0.519469829846544,0.603433146675528,NA
"ENSMUSG00000050379",2193.65953370209,-0.268252649755084,0.140236310700643,-1.9128615721196,0.0557657762102874,0.179483707227009
"ENSMUSG00000050382",12.3288643520665,0.955336136931902,0.890008514159325,1.07340112115027,0.283091181714854,NA
"ENSMUSG00000050383",0.258247167862653,3.47497588914735,7.24207189601497,0.479831730344943,0.631347048535936,NA
"ENSMUSG00000050390",10.5157239453254,1.37289424044988,0.918972536430767,1.49394479815699,0.135190048105692,NA
"ENSMUSG00000050394",14.3155269217484,-0.492072227510737,1.44972087246227,-0.33942549690616,0.734289213690088,NA
"ENSMUSG00000050395",3.30582678894453,-1.0614857876622,1.64167857657169,-0.646585636683462,0.517900156446897,NA
"ENSMUSG00000050397",0.362484798749409,-2.54997752914184,7.29485090186809,-0.349558553484463,0.72667002032033,NA
"ENSMUSG00000050410",885.097079049987,-0.202400201294802,0.249770782279524,-0.810343785800739,0.417742616562457,0.622364094155221
"ENSMUSG00000050423",1.06224086683498,2.23917959278694,4.77616563564288,0.46882368904393,0.639195665860547,NA
"ENSMUSG00000050424",0.389506138026682,2.1571697284501,7.23427656991324,0.298187345701102,0.765560179398828,NA
"ENSMUSG00000050425",0.240916630128328,-2.54653899816364,7.29495651435646,-0.349082135466066,0.727027647821892,NA
"ENSMUSG00000050428",84.8899939692664,-0.0454873762444008,0.376044420218942,-0.120962774073119,0.903720520614191,0.957684106589974
"ENSMUSG00000050435",0,NA,NA,NA,NA,NA
"ENSMUSG00000050439",46.2353107447903,-0.683118753727699,0.489241082345908,-1.39628248398959,0.162629446338364,NA
"ENSMUSG00000050440",1.7108750475271,1.32349878041902,4.41569772134546,0.299725856238128,0.764386274399574,NA
"ENSMUSG00000050445",0.118650944438686,-2.55233946492766,7.29477849391865,-0.349885807643842,0.726424398519862,NA
"ENSMUSG00000050447",0.483708984877727,-1.01497873333638,7.17221438432326,-0.141515392450465,0.887462800994525,NA
"ENSMUSG00000050463",0.429168435703316,1.35746543985995,7.25504620079012,0.187106381171234,0.851577225064547,NA
"ENSMUSG00000050468",1.77416991864679,-3.60529808103123,2.68197452955657,-1.34427006718342,0.178861071235651,NA
"ENSMUSG00000050471",687.594391224398,-0.704800240974101,0.323299066541797,-2.18002559832007,0.0292555641084434,0.120647163626184
"ENSMUSG00000050473",37.4789137907391,-1.8616550797929,1.10623552583608,-1.68287406823775,0.0923994725739796,NA
"ENSMUSG00000050478",0.130667250090349,-1.87007134033431,7.35516730376868,-0.254252726430317,0.799300318769116,NA
"ENSMUSG00000050490",4.93298863373669,-1.49753872402534,1.56956347374387,-0.954111604326058,0.340027152742488,NA
"ENSMUSG00000050493",21.2901652105063,0.54989640507512,0.849854303783219,0.647047855882115,0.517600971502572,NA
"ENSMUSG00000050503",87.4253413537999,0.446698651432561,0.526723477848997,0.848070515589629,0.396398700744098,0.603069320386351
"ENSMUSG00000050504",1.23105466127735,1.4465205825913,4.07322578581381,0.355128995703902,0.722492955135405,NA
"ENSMUSG00000050505",0.164231583706729,0,7.3561311249555,0,1,NA
"ENSMUSG00000050511",2.29467990182153,0.401830986035906,2.03086345430439,0.197862138483132,0.843152927600879,NA
"ENSMUSG00000050520",0.236248425648952,-0.228714175877906,7.34979583388399,-0.0311184393481366,0.975175084317074,NA
"ENSMUSG00000050526",0.28286183359017,0,7.3561311249555,0,1,NA
"ENSMUSG00000050530",4.27769855283134,0.853765557973364,1.07191114793901,0.796489111634784,0.425747801728224,NA
"ENSMUSG00000050533",0,NA,NA,NA,NA,NA
"ENSMUSG00000050534",0.404102772845915,1.15639603407554,7.35597490447927,0.15720499989354,0.875083287953503,NA
"ENSMUSG00000050538",38.8711683355269,0.226584353060144,0.602573230164723,0.376027911160613,0.706896146106441,NA
"ENSMUSG00000050541",0.798060031794694,-1.82681155301914,3.06003070355166,-0.596991249433815,0.55051322291098,NA
"ENSMUSG00000050545",10.4991944874498,0.0964457452338653,0.845423525711338,0.114079798232154,0.909174536339878,NA
"ENSMUSG00000050549",986.936654392955,-0.482305742771504,0.179124578445791,-2.69257154409698,0.00709033213105795,0.0509646869196932
"ENSMUSG00000050550",0.616287751206786,-2.21031337144417,4.07256430017699,-0.542732590213029,0.587313931875843,NA
"ENSMUSG00000050552",2352.97605390301,-0.556877905591417,0.204023394072573,-2.72948064668178,0.00634341723575377,0.0481602760179923
"ENSMUSG00000050553",0.0788216744184627,0,7.3561311249555,0,1,NA
"ENSMUSG00000050555",149.686492015101,-0.26794711867075,0.344054481424525,-0.778792700392508,0.436101838394939,0.637796519090689
"ENSMUSG00000050556",20.9490266399568,-0.880294456571628,0.776072010698375,-1.13429481341489,0.25667090404794,NA
"ENSMUSG00000050558",10.6342320303424,1.56703926761845,0.780757948321715,2.00707437047153,0.0447417447463715,NA
"ENSMUSG00000050565",982.642790756321,-0.197935548539989,0.245898156092522,-0.804949299682887,0.420848937660692,0.625295618333975
"ENSMUSG00000050567",158.646961126358,0.00672516439181558,0.25599704221014,0.0262704769311167,0.979041602777035,0.996086980126256
"ENSMUSG00000050577",0.55143820117334,-2.96429144668757,6.15389248284071,-0.481693733673945,0.630023528209372,NA
"ENSMUSG00000050578",0.593312644324885,0,7.22618148478342,0,1,NA
"ENSMUSG00000050587",0.987825559355832,3.36133754849704,6.07371308128632,0.553423828803114,0.579973225780959,NA
"ENSMUSG00000050592",692.966376092044,-0.0377805674081856,0.21076992948053,-0.179250273040849,0.857741190730142,0.932826781709354
"ENSMUSG00000050600",82.974934243694,0.334027334163634,0.451171834045809,0.740355024311466,0.459084601485989,0.657022048022152
"ENSMUSG00000050603",0.121906303831568,-1.67449680620504,7.35019755518827,-0.227816571409439,0.819788843300405,NA
"ENSMUSG00000050605",72.0498150350608,0.0316102660737803,0.349536307532361,0.09043485724542,0.927941658090477,0.970265284226906
"ENSMUSG00000050608",8941.7057555289,-0.721910265959911,0.217661060131382,-3.31667164316926,0.000910966112687579,0.0187542669801654
"ENSMUSG00000050612",0.268580649882886,-2.10686112114396,7.25412153958058,-0.290436424265615,0.771482381459036,NA
"ENSMUSG00000050613",0.905658039502,-0.255187236674838,2.93088038937847,-0.0870684582010366,0.930617096854307,NA
"ENSMUSG00000050619",290.261347817487,-0.00434355776465454,0.198973879383288,-0.0218297888050292,0.982583731815007,0.997473401552434
"ENSMUSG00000050621",14193.5008802118,-0.657193838968738,0.222436838102297,-2.95451888534084,0.00313156986244174,0.0334293391903203
"ENSMUSG00000050623",5.26803367841438,-0.416577689021645,1.66365646420319,-0.25039886417967,0.802278907898405,NA
"ENSMUSG00000050625",0.0419195223311899,0,7.3561311249555,0,1,NA
"ENSMUSG00000050627",368.129095551162,0.241596495988005,0.228792969350697,1.05596118916435,0.290985946679926,0.502521248230068
"ENSMUSG00000050628",1287.57993804635,-0.561790417646645,0.293848866154383,-1.91183455971374,0.0558974174696948,0.179741736924828
"ENSMUSG00000050635",0,NA,NA,NA,NA,NA
"ENSMUSG00000050640",3.30396917736723,-0.302651271565416,1.59530458686665,-0.189713785102227,0.84953341803774,NA
"ENSMUSG00000050641",0.0858312512611839,0,7.3561311249555,0,1,NA
"ENSMUSG00000050645",0,NA,NA,NA,NA,NA
"ENSMUSG00000050650",0.0380762098104571,-1.67431590235222,7.3501929692546,-0.227792101425878,0.819807867435575,NA
"ENSMUSG00000050654",0.900850577894553,-2.51782533091062,2.90084158604261,-0.867963746460724,0.3854141795748,NA
"ENSMUSG00000050663",0.525085067808948,-2.00951938524716,7.2339085377258,-0.277791649530436,0.781172301706643,NA
"ENSMUSG00000050666",0,NA,NA,NA,NA,NA
"ENSMUSG00000050668",924.974527162576,-0.772571440161589,0.266086627435785,-2.90345834966109,0.00369066057756718,0.0364457340751764
"ENSMUSG00000050671",0.269012822011005,3.13410902174952,7.26677397875726,0.431293037448443,0.66625531227993,NA
"ENSMUSG00000050675",2.62058810395493,4.27390167425329,1.90356963630322,2.24520374392676,0.0247550558723613,NA
"ENSMUSG00000050677",1.40846096581832,0.291853744796942,2.79835948690138,0.104294586225629,0.916935574051256,NA
"ENSMUSG00000050685",0.247766342578257,-1.11119861266497,7.29489847041894,-0.15232543909568,0.878930261540298,NA
"ENSMUSG00000050697",352.172371361968,-0.446340622264947,0.200233966499454,-2.22909544303595,0.0258075550607854,0.111252625300406
"ENSMUSG00000050700",0.702325838723508,-1.69300392929345,7.26669260024731,-0.232981360631085,0.815775879599417,NA
"ENSMUSG00000050702",1.59001484908745,1.01150307760581,2.45876483315374,0.411386670236538,0.680789026546249,NA
"ENSMUSG00000050704",0.0406180793754555,0,7.3561311249555,0,1,NA
"ENSMUSG00000050705",339.597760468897,-0.347776110611738,0.179429023514307,-1.9382377711263,0.0525942205420736,0.172917415439003
"ENSMUSG00000050708",41524.7107576525,-0.806466090775443,0.289059722264858,-2.78996355651549,0.00527139747199707,0.0433148495516967
"ENSMUSG00000050711",0.261391405560932,0.433195812322264,7.19730138128723,0.0601886442394313,0.952005389902534,NA
"ENSMUSG00000050714",131.642576072203,0.793776495529565,0.361810201626921,2.19390302418301,0.0282423819466296,0.117696435726153
"ENSMUSG00000050721",355.587288381087,-0.117174881965569,0.307838954148468,-0.380636954441629,0.703472656175906,0.838117261437657
"ENSMUSG00000050730",6.13294147748461,-0.690346614198718,1.19710267670354,-0.576681205074008,0.564154831263004,NA
"ENSMUSG00000050732",3152.65225568372,-0.717268780138563,0.239727537946987,-2.99201662971727,0.0027714116584021,0.031344856113621
"ENSMUSG00000050737",8.00924889548471,0.619936805719854,1.01794345324953,0.60900907976849,0.542518420542307,NA
"ENSMUSG00000050742",0.734294916111982,0.202999307471761,7.26196973670809,0.0279537528841014,0.977699036569617,NA
"ENSMUSG00000050747",1.15821804125074,-0.60171362793226,3.06699241213477,-0.196190126050374,0.844461356151535,NA
"ENSMUSG00000050751",0.969961246253463,2.481790062922,5.93376202308986,0.418249005144576,0.67576506963254,NA
"ENSMUSG00000050756",0,NA,NA,NA,NA,NA
"ENSMUSG00000050761",5.91487847393037,1.99225463706796,2.16751747752709,0.919141210035784,0.358021716614459,NA
"ENSMUSG00000050762",0.213112496023839,3.74732539013341,7.23720591907728,0.517786205344172,0.604607444017711,NA
"ENSMUSG00000050763",0.339118300898557,1.09167464464464,7.35432500632582,0.148439815170751,0.881995680141213,NA
"ENSMUSG00000050765",0.0827710303360841,1.14994609804319,7.35581212433959,0.156331629819384,0.87577162584651,NA
"ENSMUSG00000050766",0.0380762098104571,-1.67431590235222,7.3501929692546,-0.227792101425878,0.819807867435575,NA
"ENSMUSG00000050772",32.317171370303,0.646565213684807,0.591376006302904,1.09332337936219,0.274251841421822,NA
"ENSMUSG00000050776",0.134224201635194,0,7.3561311249555,0,1,NA
"ENSMUSG00000050777",462.349715443654,-0.668432494868581,0.490208733259992,-1.36356708788798,0.172703856438415,0.362150534767445
"ENSMUSG00000050783",0.0432773486139992,0,7.3561311249555,0,1,NA
"ENSMUSG00000050786",56.5061261268017,0.239915263271891,0.41185346084604,0.582525791525583,0.560212574134678,NA
"ENSMUSG00000050788",0.320691037085683,-3.31526057344968,7.25823167639394,-0.456758714967994,0.647844483160521,NA
"ENSMUSG00000050796",94.7755516396987,0.170001160135356,0.463953510903574,0.366418522847838,0.714052800164895,0.843399680921255
"ENSMUSG00000050799",0.0400922426516566,0,7.3561311249555,0,1,NA
"ENSMUSG00000050803",0.0406180793754555,0,7.3561311249555,0,1,NA
"ENSMUSG00000050808",0.438487059631502,2.79144275397814,5.70037549244221,0.489694539891126,0.624350066138912,NA
"ENSMUSG00000050810",0.106203931380264,2.74263034650443,7.26120065574703,0.377710309428471,0.70564580837639,NA
"ENSMUSG00000050812",637.44049781679,0.618094753858167,0.204231600160482,3.02644034210415,0.00247451646112512,0.0300340625879314
"ENSMUSG00000050813",0.65530801240544,3.38902327706393,5.99972311067813,0.564863280279092,0.572166761229311,NA
"ENSMUSG00000050815",2.81067331157451,0.0135312551387777,1.39358363305239,0.00970968287646999,0.992252915672625,NA
"ENSMUSG00000050818",0.397784884450269,-1.69942647030967,7.17471622466081,-0.236863231533595,0.812762895326708,NA
"ENSMUSG00000050821",3.16306497577992,-1.6833742721682,1.55401138064183,-1.0832444943054,0.278699915055641,NA
"ENSMUSG00000050822",18.5953180769,-2.88950759552235,2.01625148585007,-1.43310872468079,0.151826768492893,NA
"ENSMUSG00000050824",0.248674824445644,2.15366166385441,7.28506250868338,0.295627067205995,0.76751490044018,NA
"ENSMUSG00000050830",1.31129986280188,2.31590681458462,3.1475382284984,0.735783538263638,0.461862440925672,NA
"ENSMUSG00000050840",1.26069777214098,2.93145164398084,3.47460679194054,0.843678672009862,0.398848988804354,NA
"ENSMUSG00000050844",1.01162210002525,0,3.93097326148656,0,1,NA
"ENSMUSG00000050846",55.5363527791771,-0.206818835392631,0.448554190712091,-0.461078816506655,0.644742059217612,NA
"ENSMUSG00000050853",0.808414897724473,-2.19605715213065,6.43987588378698,-0.341009235544343,0.733096629065315,NA
"ENSMUSG00000050854",0.452490642888295,-2.91170765608065,7.27281155305685,-0.400355163177137,0.688894943379389,NA
"ENSMUSG00000050855",148.494131071713,-0.515134445804039,0.334723060306947,-1.53898702208223,0.123807464583613,0.294730379886776
"ENSMUSG00000050856",5832.54677513505,-0.579795273543383,0.221484948162702,-2.61776377290193,0.00885080533273414,0.0580944294250179
"ENSMUSG00000050860",0.571246786695202,2.71471977462748,6.17056764400107,0.439946522143176,0.65997584017165,NA
"ENSMUSG00000050865",0.212985618073361,-0.189023576561756,7.34590323662445,-0.0257318358917854,0.979471230889173,NA
"ENSMUSG00000050866",0.349768293530379,-1.69229881418004,7.2675422805116,-0.23285709925872,0.815872372569015,NA
"ENSMUSG00000050870",0.0406180793754555,0,7.3561311249555,0,1,NA
"ENSMUSG00000050875",0.818272583990297,0.302938092484948,5.56547943379453,0.054431625538935,0.956591282658803,NA
"ENSMUSG00000050876",0.305507404355892,-0.698802711323784,7.19601658892471,-0.0971096581960777,0.922639310983706,NA
"ENSMUSG00000050890",316.37605223297,0.0154218849263931,0.269974022226763,0.0571235884074785,0.954446746268296,0.984525314292196
"ENSMUSG00000050891",356.701507337617,-0.678387424403345,0.300747549888293,-2.25567066017767,0.0240912643490713,0.106494510952435
"ENSMUSG00000050896",0.106653656508014,2.16354645820627,7.28477973503339,0.296995453109105,0.766469980503281,NA
"ENSMUSG00000050900",2.0127149641748,3.93285214210218,3.45001608360105,1.13995182828167,0.25430637076503,NA
"ENSMUSG00000050901",0.0381979668618393,0,7.3561311249555,0,1,NA
"ENSMUSG00000050908",5.39661921996734,0.650674079216749,1.5007143663189,0.43357623130695,0.664596198002536,NA
"ENSMUSG00000050910",14.6812451888036,-0.303687196319499,0.955456146924572,-0.317845248363318,0.75060232585422,NA
"ENSMUSG00000050912",1339.27673085164,-0.384268264754396,0.164562305387397,-2.33509286254703,0.0195385701094388,0.0944905897905101
"ENSMUSG00000050914",385.586351598804,-0.337485248429914,0.308362105280965,-1.09444462419405,0.273760021637639,0.483997951621028
"ENSMUSG00000050917",0.864186131774243,3.2453839106016,7.16228108257245,0.453121550688424,0.650461217963036,NA
"ENSMUSG00000050919",0.234881714538115,-1.11037383731786,7.29424651170384,-0.15222598187986,0.87900870218818,NA
"ENSMUSG00000050921",767.389087170786,-0.0613756999757863,0.218347031443162,-0.281092440644255,0.778639499017789,0.886529768232071
"ENSMUSG00000050926",0.657277966292812,1.20147587545708,3.38330611762453,0.355118878897263,0.722500533900017,NA
"ENSMUSG00000050930",8.81367850148983,-0.347464806996022,0.978391468783675,-0.355138835611462,0.72248558382926,NA
"ENSMUSG00000050931",13.289027415955,-0.637429178765384,1.33655406360898,-0.476919861396544,0.633419188348471,NA
"ENSMUSG00000050933",0,NA,NA,NA,NA,NA
"ENSMUSG00000050944",10.7255145474247,-0.712775703365242,1.3798365344978,-0.516565321720999,0.605459628791124,NA
"ENSMUSG00000050945",35.5074884830837,0.290319738121681,0.533913519406965,0.543757982461559,0.586608026361776,NA
"ENSMUSG00000050947",30.5397552812635,-0.325847458261473,0.881955552098892,-0.369460181395782,0.711784747577535,NA
"ENSMUSG00000050953",29.6863460762733,1.12850097841641,0.624303022382091,1.80761735560803,0.0706660751406645,NA
"ENSMUSG00000050954",51.9661219087124,1.02975763955414,0.407679060196256,2.52590270164579,0.0115401437279376,NA
"ENSMUSG00000050957",2600.66458937893,-0.564738211766072,0.193859563450418,-2.91313052456404,0.00357825001255809,0.0358581605367699
"ENSMUSG00000050961",0.387542115025498,0.473797119342712,7.1988832853359,0.06581536337835,0.947524824549771,NA
"ENSMUSG00000050963",0.449312900589258,0.630254520398792,7.15218153733111,0.0881205988842918,0.929780824523531,NA
"ENSMUSG00000050965",968.782072880403,0.227731057066197,0.166319971829447,1.36923458175982,0.170925959431245,0.359337113776661
"ENSMUSG00000050966",0.8190569100664,0.583758668067047,7.28542313195714,0.0801269408095761,0.936136295963975,NA
"ENSMUSG00000050967",2.74455211572798,2.09412416009935,1.92127499445353,1.08996586441025,0.275728181123439,NA
"ENSMUSG00000050973",84.1526224439331,0.329959723046229,0.395828794569992,0.833592016479448,0.40451092594664,0.609541235210753
"ENSMUSG00000050974",0.0763959337236786,0,7.3561311249555,0,1,NA
"ENSMUSG00000050978",3.58627973489887,0.0088139309382926,1.30221089154847,0.00676843589275457,0.994599610733943,NA
"ENSMUSG00000050982",1.03650614758648,0.619120573524846,4.13682378581109,0.149660852281978,0.881032195590291,NA
"ENSMUSG00000050989",56.5959755874433,0.0790142723297174,0.672435497950018,0.117504612071492,0.906460189459977,NA
"ENSMUSG00000050994",1.02718029610772,-1.23461669134764,3.81082650433994,-0.323976095458978,0.745956132077549,NA
"ENSMUSG00000050996",0,NA,NA,NA,NA,NA
"ENSMUSG00000051000",1.15028337166597,-1.78575679224419,3.8227989593211,-0.467133325933867,0.64040449226652,NA
"ENSMUSG00000051002",0,NA,NA,NA,NA,NA
"ENSMUSG00000051003",89.9485584953052,0.403628286562587,0.547262888561077,0.737540028748982,0.460794010079927,0.658419888644128
"ENSMUSG00000051007",426.774229308889,-0.325966598083987,0.227359389255794,-1.43370634109706,0.151656081882186,0.335283086231411
"ENSMUSG00000051022",2.90564138501355,-1.80680641116817,3.08950916697702,-0.584819889994393,0.558668828872211,NA
"ENSMUSG00000051029",108.049790934269,-2.23444481724167,1.64400828392608,-1.35914450011503,0.174100803992272,0.364307037989755
"ENSMUSG00000051034",76.9946908654953,0.555512268154784,0.397070452825031,1.39902695907613,0.16180489888321,0.348391119168663
"ENSMUSG00000051036",0.20170271178663,3.47392840481186,7.25173460667688,0.479047923460039,0.631904536003605,NA
"ENSMUSG00000051037",28.9017200542305,-0.293909468317244,0.720102653295613,-0.408149403383172,0.683163991716082,NA
"ENSMUSG00000051038",0,NA,NA,NA,NA,NA
"ENSMUSG00000051041",0.0381979668618393,0,7.3561311249555,0,1,NA
"ENSMUSG00000051043",6.71795397284294,1.03991174350503,1.17912062590209,0.881938387524548,0.377810126615733,NA
"ENSMUSG00000051046",0.273008456151074,-0.111359818181357,7.21058733337578,-0.0154439316844418,0.987678015182591,NA
"ENSMUSG00000051048",3.20959892740033,2.61063364734418,1.34363733643963,1.94296003582472,0.0520209871569088,NA
"ENSMUSG00000051050",0,NA,NA,NA,NA,NA
"ENSMUSG00000051051",0.741519107713671,1.82907887562866,4.39156327115009,0.416498354388881,0.677045371298672,NA
"ENSMUSG00000051054",0.415387702171487,2.53125321556332,7.31160999721397,0.34619642138022,0.729195103962501,NA
"ENSMUSG00000051056",0.233866006282608,2.00278750687748,7.28914594133812,0.274762986362956,0.783498336562803,NA
"ENSMUSG00000051062",0.228450228244009,0.700569396871025,7.1771442419275,0.097611163055416,0.922241060003863,NA
"ENSMUSG00000051065",0.116801499276988,1.16034809556403,7.35572188918775,0.157747684461757,0.874655624106974,NA
"ENSMUSG00000051067",0.602780245255728,0,7.3561311249555,0,1,NA
"ENSMUSG00000051076",0.127079355660861,-1.67359410188292,7.35017467150774,-0.227694466686683,0.819883774405438,NA
"ENSMUSG00000051079",1.65407494413733,2.15386319175089,3.98589502119678,0.540371279297815,0.588941010532259,NA
"ENSMUSG00000051081",0.391295007236538,-2.10624366605392,7.25387623310607,-0.290361125330648,0.771539980672575,NA
"ENSMUSG00000051095",171.462883029775,0.27704158791869,1.03109000665926,0.268688073911516,0.788169730053458,0.892650983223926
"ENSMUSG00000051098",133.882988286338,-0.113310361834241,0.269076355770713,-0.421108579048824,0.673675797273921,0.820412129611027
"ENSMUSG00000051111",71.51577685784,0.341365849838863,0.474079351793954,0.72006057329244,0.471487701242928,0.667516204310452
"ENSMUSG00000051113",10.4884760719068,-0.0889301505933868,0.877633798928292,-0.101329450508837,0.919288938380184,NA
"ENSMUSG00000051116",1.10740758488366,-3.09339707034697,5.36277229315508,-0.57682797278104,0.564055671052358,NA
"ENSMUSG00000051118",118.089273609519,-0.59332632642898,0.387758324887206,-1.53014465028332,0.125980928244703,0.298240952552698
"ENSMUSG00000051124",4387.81699531809,-0.911623386324634,0.293250522668201,-3.10868460874354,0.00187922203955449,0.02612673679465
"ENSMUSG00000051133",18.1176037508107,-3.5239524595555,0.911613207206893,-3.86562242812672,0.000110806247732399,NA
"ENSMUSG00000051136",0.430396811462023,-1.69593564184161,7.26760355692511,-0.233355552288705,0.815485324567496,NA
"ENSMUSG00000051146",9.13661767853909,0,2.19443672376689,0,1,NA
"ENSMUSG00000051147",115.940364587279,-1.27369975535376,0.298753549040487,-4.26337949605795,2.01358111568214e-05,0.003058539838331
"ENSMUSG00000051149",29.5311870880385,0.551890166135095,0.960939793578334,0.574323354931503,0.565749007763992,NA
"ENSMUSG00000051153",0.0826992498896556,0,7.3561311249555,0,1,NA
"ENSMUSG00000051154",3512.15616997897,-0.573970019320244,0.250866063490225,-2.28795402349273,0.0221401987161443,0.10108815903422
"ENSMUSG00000051156",0.120637016439498,0,7.3561311249555,0,1,NA
"ENSMUSG00000051159",6.74873190665926,-0.694191016406961,1.67050164256844,-0.415558415937637,0.677733161054659,NA
"ENSMUSG00000051160",33.1504062347082,0.488535864377669,0.773105435391564,0.631913633009493,0.527443314478602,NA
"ENSMUSG00000051166",208.992333954604,0.465705723760032,0.423914934820255,1.09858295970982,0.271950013752981,0.483146277129442
"ENSMUSG00000051169",217.929264163408,-0.150829288423961,0.317919499039542,-0.474426038288393,0.635196128709541,0.791992145849371
"ENSMUSG00000051172",0.125168958824308,0,7.3561311249555,0,1,NA
"ENSMUSG00000051176",0.586747026087408,0.466658709833684,5.25639421181717,0.0887792450544451,0.929257352595083,NA
"ENSMUSG00000051177",8.84509247769615,-0.490706003100314,1.38119892572713,-0.355275401652939,0.722383281656066,NA
"ENSMUSG00000051180",0.0355187493373064,1.16171280725677,7.35565536667627,0.157934643392857,0.874508299155349,NA
"ENSMUSG00000051182",622.093637238905,0.563273546082932,0.354454672070898,1.58912715917105,0.112031687266779,0.277204813174497
"ENSMUSG00000051184",256.615749065053,-0.959381923089086,0.369140402024405,-2.59896212342982,0.00935060900931069,0.060240301747414
"ENSMUSG00000051185",439.057844246829,-0.570745388485544,0.252588535188647,-2.25958548775494,0.0238469891220398,0.105897343877522
"ENSMUSG00000051190",10.0373124061481,1.01030689484944,1.36129914704244,0.742163761025222,0.457988122092481,NA
"ENSMUSG00000051200",0.107802696509754,0,7.3561311249555,0,1,NA
"ENSMUSG00000051207",0.640622799652528,0.471582469617656,5.96070547384219,0.0791152107224784,0.936940985029697,NA
"ENSMUSG00000051209",0.0355187493373065,1.16171280725677,7.35565536667627,0.157934643392857,0.874508299155349,NA
"ENSMUSG00000051212",1383.78021707235,0.212075378419051,0.272808989045933,0.77737679817927,0.436936497087012,0.638450446963061
"ENSMUSG00000051220",265.250570297313,0.121005894051672,0.391473559441565,0.309103619218335,0.757242706176099,0.871503568581993
"ENSMUSG00000051223",5677.19517168469,-0.903247681027784,0.35791443596846,-2.52364137977207,0.0116146346811675,0.0685477289555989
"ENSMUSG00000051224",102.566603441379,-0.366443592779328,0.334397954521776,-1.09583084413115,0.273152807695698,0.483631650380077
"ENSMUSG00000051225",120.890951597432,0.498447640316216,0.587838835892553,0.847932477205918,0.39647557623928,0.603069320386351
"ENSMUSG00000051228",4.94697596288007,-0.0396253286382394,1.38285961803277,-0.0286546285114678,0.977140042696388,NA
"ENSMUSG00000051232",526.512310457105,-0.0746158523125244,0.23329972006686,-0.319828297655654,0.749098494988452,0.865759221672027
"ENSMUSG00000051234",3214.84387473748,-0.239219704536439,0.163015531864321,-1.4674657181473,0.142249408416578,0.321035479953853
"ENSMUSG00000051235",318.943145876483,0.55610225122368,0.296002035538239,1.87871090214797,0.0602839783847324,0.188365330266533
"ENSMUSG00000051236",2.76250469420503,0.382132622046296,1.79020862004348,0.213457033871848,0.83097049879235,NA
"ENSMUSG00000051237",0.0409190281194281,0,7.3561311249555,0,1,NA
"ENSMUSG00000051238",33.3642916038851,-0.1226739882105,0.585504914003907,-0.209518289729813,0.834043659078035,NA
"ENSMUSG00000051242",0.203699480896283,-2.55068842984315,7.29482909666281,-0.34965705104867,0.726596089658007,NA
"ENSMUSG00000051243",1.60806285239356,0.720278556993001,2.34816791424884,0.306740651987578,0.759040784589276,NA
"ENSMUSG00000051246",9.31520907830538,0.326650179073042,0.98144802941,0.332824733745106,0.739266586796917,NA
"ENSMUSG00000051251",0.320778282635245,-2.55374030079662,7.29473559999555,-0.350079898824322,0.726278735962118,NA
"ENSMUSG00000051255",2.52958988833665,3.46829498203066,3.6212627177968,0.957758453973976,0.33818457342249,NA
"ENSMUSG00000051256",693.596585566335,-0.339087985699604,0.2340274225328,-1.44892415610858,0.14735876433412,0.328738746432583
"ENSMUSG00000051257",0.74873215422425,-2.50737605756265,3.8211180571161,-0.656189110120046,0.511702454749741,NA
"ENSMUSG00000051258",0.149780634677359,-1.69265022915209,7.26727972445652,-0.23291386781987,0.815828289601018,NA
"ENSMUSG00000051262",2.560506947668,-0.451092145880481,1.78300359265658,-0.25299564607628,0.800271577706535,NA
"ENSMUSG00000051276",0.158606752239084,-3.13652427100334,7.26778938631916,-0.431565102437821,0.666057526585544,NA
"ENSMUSG00000051278",200.962092010521,1.03386337823314,0.428547666358534,2.41248164298293,0.0158443352919688,0.0828683885508525
"ENSMUSG00000051279",0.0786956236889086,-1.67383433538926,7.35018076143003,-0.227726962059584,0.819858510410187,NA
"ENSMUSG00000051285",615.091266760191,0.195640991818321,0.237837125190986,0.82258390762678,0.410744652980842,0.615276692637615
"ENSMUSG00000051306",470.814816536836,0.264261025226539,0.182878881888397,1.44500569173321,0.148456286911738,0.330963102418252
"ENSMUSG00000051313",3.5704732150456,-0.835808421779405,1.54866176217947,-0.539697203218314,0.589405869063412,NA
"ENSMUSG00000051314",5.2622450475049,-0.668058201658617,2.32616523372112,-0.287192926785316,0.773964601913159,NA
"ENSMUSG00000051316",474.155557778413,-0.288587131210319,0.260693956228422,-1.10699586359975,0.268295716714226,0.478779186615365
"ENSMUSG00000051319",530.76878023403,-0.930107318031002,0.296235526251514,-3.13975615889267,0.00169088513381229,0.0249535210838113
"ENSMUSG00000051323",0.744660121582687,1.90174202613757,5.80227593037964,0.327757943427062,0.743094688547918,NA
"ENSMUSG00000051329",480.507351628308,0.26989400251685,0.425856471202414,0.63376752677915,0.526232548584979,0.711991341741379
"ENSMUSG00000051331",6.90149966248994,3.16221386421353,1.15500132015637,2.7378443721479,0.00618433339038279,NA
"ENSMUSG00000051335",207.815630957202,-0.873992297158996,0.373638149666121,-2.33914095212169,0.0193281398448491,0.0938863205731366
"ENSMUSG00000051339",10.8339318003083,-0.106310561041249,0.889435525606678,-0.119525876784307,0.904858740276658,NA
"ENSMUSG00000051340",4.05572091895869,1.28540874597473,1.567466906895,0.820054790516118,0.4121848732949,NA
"ENSMUSG00000051341",352.439860860361,-0.672748070816369,0.345042901280669,-1.94975195350892,0.0512056907096215,0.170328614511281
"ENSMUSG00000051343",5.3939056731548,-0.00029382861635744,1.47240165476287,-0.000199557379881348,0.999840776248655,NA
"ENSMUSG00000051344",68.6039330617969,0.0618377267922012,0.380369859159275,0.162572625835496,0.870854941633904,0.939310834455453
"ENSMUSG00000051346",116.073130678335,-0.35307038149879,0.383660597131573,-0.920267507631772,0.357432984271592,0.566739223130161
"ENSMUSG00000051351",82.9738180019694,-0.422800969590271,0.383058266558986,-1.10375106478786,0.269701137635237,0.480273058102022
"ENSMUSG00000051354",157.542924835907,-1.37221253238388,0.652442927762519,-2.10319167239614,0.0354490179498215,0.136432924848573
"ENSMUSG00000051355",2480.18123058321,-0.689442582663128,0.278569136955898,-2.47494245126042,0.0133257646442518,0.074457137867404
"ENSMUSG00000051359",778.017682245775,1.57242936959065,0.421613796181213,3.72954913675265,0.000191822697999504,0.00928232072456971
"ENSMUSG00000051361",0.154195988179057,2.15588454235398,7.28496642203073,0.295936098735376,0.767278882320629,NA
"ENSMUSG00000051362",0.125020238037875,-1.66696824904606,7.35000672050156,-0.226798193856931,0.820580668205824,NA
"ENSMUSG00000051367",0.977775109465931,0.82657273551572,6.12671266388423,0.134912926533703,0.892680719098897,NA
"ENSMUSG00000051373",0.561428571683406,0,7.3561311249555,0,1,NA
"ENSMUSG00000051375",0.776960455859728,0.471035598460083,5.70233835938007,0.0826039369770564,0.934166470721637,NA
"ENSMUSG00000051378",400.767882874014,0.993326037067635,0.805510232300456,1.23316377276896,0.217514668373874,0.418965802197144
"ENSMUSG00000051379",0.405384669777905,2.36048551429931,7.24783047505885,0.325681667420643,0.744665215935821,NA
"ENSMUSG00000051390",109.627838760093,0.106854175217416,0.455068112376499,0.234809190781116,0.814356833948652,0.906900389378209
"ENSMUSG00000051391",773.162216658767,-0.572002182140442,0.187603943799895,-3.04898804659757,0.00229613617563978,0.0289247398021919
"ENSMUSG00000051392",1.48953589618762,-0.112404758578679,3.14566913437296,-0.0357331791034294,0.97149511433916,NA
"ENSMUSG00000051396",60.8876886743354,1.95038790703615,0.475883033627624,4.09846069141923,4.15906851747475e-05,NA
"ENSMUSG00000051397",7.46416339988818,-4.59419356354789,1.91211890500461,-2.40267148215702,0.0162758015777556,NA
"ENSMUSG00000051401",0.691086147306888,-0.558917931974495,6.60163964410949,-0.0846635021154488,0.932528912840804,NA
"ENSMUSG00000051403",13.6470114180323,-0.452824248427965,0.870454499185362,-0.520215874410153,0.602913122308506,NA
"ENSMUSG00000051412",770.763982807721,-1.20420876530528,0.396428033068655,-3.03764785750338,0.00238432401603385,0.0295737316918219
"ENSMUSG00000051413",303.264934565928,-0.084775104817006,0.242927810963343,-0.348972414812556,0.727110019053891,0.851290492746847
"ENSMUSG00000051414",2.06716040028845,-0.434463492547293,1.75518855788026,-0.247530950789695,0.80449734133332,NA
"ENSMUSG00000051424",0,NA,NA,NA,NA,NA
"ENSMUSG00000051427",26.696732177214,-0.0320904488679278,0.704385322662379,-0.0455580884999632,0.963662474995087,NA
"ENSMUSG00000051431",3.73147432167737,0,2.9950759339032,0,1,NA
"ENSMUSG00000051435",1.57441405889425,0.316669646880152,2.74613190636128,0.115314798297417,0.908195609263946,NA
"ENSMUSG00000051437",0.269417557982436,-0.110188343928987,7.22286261975697,-0.0152554949096754,0.987828348264333,NA
"ENSMUSG00000051439",15.8641139083497,-1.79307660633386,1.94927862129452,-0.919866758269312,0.357642391974292,NA
"ENSMUSG00000051444",87.364679640019,-0.0835442521465548,0.430802868903935,-0.193926870447988,0.846233143506107,0.926117121789281
"ENSMUSG00000051451",446.753180574433,-0.0407775782539078,0.224369671608127,-0.181742826299304,0.85578455509667,0.932271360715295
"ENSMUSG00000051452",0.0380762098104571,-1.67431590235222,7.3501929692546,-0.227792101425878,0.819807867435575,NA
"ENSMUSG00000051455",1.3669218668038,-1.80780415787043,3.15363735996922,-0.573244146843843,0.566479396945476,NA
"ENSMUSG00000051456",0.11621509977538,-2.55512021646854,7.29469338939875,-0.350271091610492,0.726135258282845,NA
"ENSMUSG00000051457",3322.97631652974,0.442380935222758,0.263080732941226,1.68154060647835,0.0926579560285426,0.245556004113175
"ENSMUSG00000051469",522.828597893932,0.0326176146711648,0.290554900702434,0.112259729890322,0.910617470806649,0.961220222599063
"ENSMUSG00000051481",0,NA,NA,NA,NA,NA
"ENSMUSG00000051483",532.833100354792,-0.574673858460199,0.275753670004898,-2.08401164144068,0.0371591083549558,0.14013726767921
"ENSMUSG00000051486",0.156825795412721,-0.228906298619598,7.34985244190242,-0.0311443393495323,0.975154429117394,NA
"ENSMUSG00000051490",1.68198864662967,-1.68454101349111,3.06906813806289,-0.548877032933635,0.5830898406324,NA
"ENSMUSG00000051493",0.885939911441702,-2.43011418587236,5.42868614820685,-0.447643153339238,0.654410754038006,NA
"ENSMUSG00000051495",540.315252301614,-0.127772448681009,0.21186936066726,-0.60307185653746,0.54646088785209,0.72849168933485
"ENSMUSG00000051497",3.66338849649578,-0.509540947813633,1.51427176210259,-0.336492405501986,0.73649957757781,NA
"ENSMUSG00000051498",53.0097623263282,-0.33210169991951,0.419504689340181,-0.791651937054284,0.428563654274966,NA
"ENSMUSG00000051499",17.9123964581106,1.13451864104598,0.596043690708699,1.903415234036,0.056986384760477,NA
"ENSMUSG00000051502",11.3157114755562,-0.285362998178599,0.887696974649973,-0.321464425730548,0.747858466910146,NA
"ENSMUSG00000051503",0.156415486767939,0,7.3561311249555,0,1,NA
"ENSMUSG00000051504",12.1916356919058,-0.083972087357984,0.785966016003089,-0.106839336114062,0.914916440350523,NA
"ENSMUSG00000051506",19.7508645079627,-2.16880841899166,1.32294954789412,-1.63937349118414,0.101135498970089,NA
"ENSMUSG00000051509",24.7588303261079,0.343526973010736,0.567668451144661,0.605154245084502,0.545076514175438,NA
"ENSMUSG00000051510",171.936402364744,0.369847333804691,0.412523386406561,0.896548767880492,0.369959746324546,0.579656378573171
"ENSMUSG00000051515",0.471657516974259,2.15425087755553,7.28525847856986,0.295699992511237,0.767459202905394,NA
"ENSMUSG00000051517",169.486932692175,0.936455066699882,0.521911998270174,1.79427771310809,0.0727688535261384,0.211130060788341
"ENSMUSG00000051518",858.830636839011,-0.631918626453192,0.206550570725187,-3.05938939909274,0.00221788663684866,0.0284215841713391
"ENSMUSG00000051527",11.512358722304,0.55311544992563,0.878051053194848,0.629935409692958,0.52873684433,NA
"ENSMUSG00000051528",0.181510659745093,0.772453389192743,7.34650157788966,0.105145746040204,0.916260160367443,NA
"ENSMUSG00000051537",3.09075994734809,0.965379749943378,1.61506062481327,0.597735920937948,0.550016153243081,NA
"ENSMUSG00000051548",0.402152175650778,-2.54039544106938,7.29514217852148,-0.348231107619653,0.727666627563756,NA
"ENSMUSG00000051550",64.961891934621,-0.676691733897422,0.383386480173697,-1.76503807226285,0.0775573673092917,NA
"ENSMUSG00000051557",114.227751140674,-0.393371127521476,0.353685642690711,-1.11220552954554,0.266049790976071,0.475914256930593
"ENSMUSG00000051579",15.3209047533942,-0.863274879614873,1.05480803142639,-0.818418948182908,0.413118005813603,NA
"ENSMUSG00000051582",0,NA,NA,NA,NA,NA
"ENSMUSG00000051586",22.4467739756086,-0.106394290022299,0.978900295408699,-0.108687565548112,0.913450304679605,NA
"ENSMUSG00000051590",0.812163524360891,1.73986386964793,4.23173601693112,0.411146598626842,0.680965042700375,NA
"ENSMUSG00000051591",0.242767963930808,-0.0784706788692324,7.34459477341781,-0.0106841400090908,0.991475451822332,NA
"ENSMUSG00000051592",0.395350183673295,-0.106735450132248,7.17161427727682,-0.0148830439013484,0.988125487432291,NA
"ENSMUSG00000051593",0.112678922740245,0,7.3561311249555,0,1,NA
"ENSMUSG00000051596",0.389451079907671,-0.111844032990108,6.75393366061131,-0.0165598358838463,0.986787766482701,NA
"ENSMUSG00000051599",0.375210701996141,-2.10635326628208,7.2537642456876,-0.290380717505992,0.77152499370072,NA
"ENSMUSG00000051606",0,NA,NA,NA,NA,NA
"ENSMUSG00000051611",0.316636127815611,-3.09328707835753,7.28506335120899,-0.424606750721555,0.671123371019689,NA
"ENSMUSG00000051615",270.14838294156,-0.353988791209096,0.349125557642967,-1.01392975524038,0.310616271948053,0.521917703247749
"ENSMUSG00000051617",0.239858276440749,0,7.3561311249555,0,1,NA
"ENSMUSG00000051618",0.178334295450869,0,7.3561311249555,0,1,NA
"ENSMUSG00000051627",1063.10050015772,-0.2314738811521,0.324074824813561,-0.714260607207813,0.475066046162534,0.670477993477535
"ENSMUSG00000051638",0.246670838188707,3.95843726313273,7.233954774378,0.547202379140266,0.584239701855226,NA
"ENSMUSG00000051639",0,NA,NA,NA,NA,NA
"ENSMUSG00000051648",0.453447799390019,-1.16083800065497,7.33725530860755,-0.15821147715729,0.874290160194307,NA
"ENSMUSG00000051650",505.502032887981,0.332857505734631,0.321716601715066,1.03462955893533,0.300841944174406,0.511896176555441
"ENSMUSG00000051652",7.05980052125948,1.15721377816328,1.11884019409825,1.03429764524679,0.300997037360439,NA
"ENSMUSG00000051663",0.187182483332812,2.74546331573707,7.26107675194018,0.378106913000675,0.705351173051258,NA
"ENSMUSG00000051669",0.512948100164146,0,7.3561311249555,0,1,NA
"ENSMUSG00000051671",938.055154484045,-0.682005972734943,0.252174538688893,-2.70449973371948,0.00684073245318102,0.0501080563038615
"ENSMUSG00000051674",187.858977455499,-0.0302050172555572,0.348955385685929,-0.0865583925468988,0.931022539653915,0.97213032687007
"ENSMUSG00000051675",84.0143863617194,-0.420340588396088,0.381622573256678,-1.10145630225434,0.270698112839335,0.481599317042104
"ENSMUSG00000051678",0.243229121512104,-2.55534962668897,7.29468637510977,-0.350302877366749,0.726111406083363,NA
"ENSMUSG00000051680",0.440775408614732,0,7.3561311249555,0,1,NA
"ENSMUSG00000051682",9.89869478705289,-0.264752342363909,2.16870511595743,-0.12207853452083,0.902836821683179,NA
"ENSMUSG00000051687",0,NA,NA,NA,NA,NA
"ENSMUSG00000051695",2170.35954279001,-0.31560020760821,0.220356482930917,-1.43222565277171,0.152079252442115,0.335738781266232
"ENSMUSG00000051703",8.44267540862709,-0.251629949417098,1.02337349429391,-0.245882808984333,0.805772951815408,NA
"ENSMUSG00000051705",56.6310862274539,-0.00210595105206199,0.563016224584663,-0.0037404802208241,0.997015535541187,NA
"ENSMUSG00000051706",1.24500874237477,1.63592658652869,2.90456178626426,0.563226643779803,0.573280562165181,NA
"ENSMUSG00000051716",5.62440776155764,2.52383493539871,1.42695116988201,1.7686904700512,0.0769455435233476,NA
"ENSMUSG00000051721",1424.88052087046,-0.234691357253873,0.235280109140882,-0.997497655500252,0.318523011239393,0.529978282658659
"ENSMUSG00000051723",2.59196085853099,0.111279700431605,1.94685923573822,0.057158575406408,0.954418876218478,NA
"ENSMUSG00000051726",0.281411067121733,-0.228231250762059,7.34978715673736,-0.0310527700863888,0.975227455497495,NA
"ENSMUSG00000051727",9.50461406280582,0.674907477655914,1.13243181416147,0.595980675583247,0.551188136377951,NA
"ENSMUSG00000051728",0.199599570222273,2.15750351755495,7.28492729057058,0.296159924663567,0.76710795215648,NA
"ENSMUSG00000051730",605.915272404656,-0.768873006073226,0.294938773436317,-2.60689022713129,0.00913686467706822,0.0593165779871766
"ENSMUSG00000051732",0.199901959796892,-2.55365386008176,7.29473824767747,-0.350067922025139,0.726287724086141,NA
"ENSMUSG00000051735",1560.22281327541,-0.022285586855491,0.241286762710329,-0.0923614151276317,0.92641089461542,0.969362939904036
"ENSMUSG00000051736",104.832403359531,0.994524490462598,0.406037886192676,2.44933914859036,0.0143118617927967,0.0779696891929605
"ENSMUSG00000051747",58.7744518287205,-0.0372601312205623,1.66627418676,-0.0223613445593927,0.982159715208456,NA
"ENSMUSG00000051748",94.9954378015278,0,2.13485468108609,0,1,1
"ENSMUSG00000051768",264.641604891108,0.0402686541892504,0.231212486777669,0.174162973420948,0.86173738370075,0.934123701928053
"ENSMUSG00000051769",0.0355838956388991,0,7.3561311249555,0,1,NA
"ENSMUSG00000051777",0.155526052394334,2.15240593038889,7.28504870725953,0.295455255946885,0.767646127998245,NA
"ENSMUSG00000051786",267.272419392198,0.384943181897157,0.18768966883391,2.05095562418941,0.0402712684428991,0.147110675742076
"ENSMUSG00000051788",0.0380762098104571,-1.67431590235222,7.3501929692546,-0.227792101425878,0.819807867435575,NA
"ENSMUSG00000051790",11.9179666403272,0.329729439506116,1.22930686137039,0.268223866527959,0.788527005032514,NA
"ENSMUSG00000051793",0.0761524196209141,-2.55627499047924,7.29465809108018,-0.350431090609309,0.726015196884991,NA
"ENSMUSG00000051802",0,NA,NA,NA,NA,NA
"ENSMUSG00000051804",6.40887905856041,1.6580556435646,1.55256009499096,1.06794941394797,0.285543330933384,NA
"ENSMUSG00000051811",50.866019816977,-0.880608991421256,0.532946318758171,-1.65234088392463,0.0984650793132215,NA
"ENSMUSG00000051817",13.7997496292926,-0.20380827799248,0.992348066228491,-0.205379830856195,0.837275377044254,NA
"ENSMUSG00000051827",0.0474375977968173,0,7.3561311249555,0,1,NA
"ENSMUSG00000051839",15.6560911709122,1.32383159836138,2.14142819727737,0.618200320722643,0.536443298678156,NA
"ENSMUSG00000051851",11.8234097249805,-1.34760871501313,0.754535293882889,-1.78601150395265,0.0740973955034158,NA
"ENSMUSG00000051853",735.035837762617,0.020461722083395,0.181470745469629,0.112754934854332,0.910224847190626,0.961220222599063
"ENSMUSG00000051855",4.04783692469933,-0.721650862626033,1.41310405396064,-0.510684871792273,0.609571735564501,NA
"ENSMUSG00000051860",0.309876184270561,-1.35756741666488,7.3236110616812,-0.185368584600018,0.852939947239209,NA
"ENSMUSG00000051864",163.984811065095,-0.101234200071251,0.245453117389319,-0.412438029502314,0.680018393849208,0.824176290240243
"ENSMUSG00000051877",0.114219365012536,-0.228578322865592,7.34978889334779,-0.0310999847999002,0.975189801792803,NA
"ENSMUSG00000051879",0.165247937963251,-1.67047573819898,7.35009562436239,-0.227272653795425,0.820211735860132,NA
"ENSMUSG00000051885",0.118114393040621,-0.231503199618826,7.34994253637756,-0.0314972802131488,0.974872961145835,NA
"ENSMUSG00000051890",440.279375974771,-0.138982016893481,0.236109042328002,-0.58863487617051,0.556106232942282,0.734851481719379
"ENSMUSG00000051896",0.24517015948801,1.14724402180454,7.35601233428144,0.155960045969201,0.876064514474109,NA
"ENSMUSG00000051900",0.588206434688935,0.364822370645443,6.99616092431863,0.0521460804849873,0.95841229597071,NA
"ENSMUSG00000051906",0.152847188422224,1.0963680648558,7.35471616808195,0.149070071475203,0.881498341490559,NA
"ENSMUSG00000051910",3.40104977909559,-3.98127992849674,2.94290271684006,-1.35284116111444,0.176106379890596,NA
"ENSMUSG00000051917",0.0381979668618393,0,7.3561311249555,0,1,NA
"ENSMUSG00000051920",0.446696049456466,-0.231396948739936,7.34995477513388,-0.031482771774704,0.974884531466758,NA
"ENSMUSG00000051934",29.2546973647012,1.25447518713875,0.747964638277326,1.67718515413775,0.0935062811795445,NA
"ENSMUSG00000051936",0.17625422230421,0,7.35613112495549,0,1,NA
"ENSMUSG00000051940",0.615821736801664,-2.55575567994168,7.29466766605127,-0.350359440202594,0.726068961689233,NA
"ENSMUSG00000051950",327.784018951425,0.201975546644201,0.251735927735463,0.80233103181222,0.422361496435074,0.626181106235733
"ENSMUSG00000051951",0.59734251272373,-0.397238735792596,5.17732613355778,-0.0767266201790574,0.938841027118143,NA
"ENSMUSG00000051952",0.811960088089699,-1.69124033252871,6.40475109723833,-0.264060274451252,0.79173347411374,NA
"ENSMUSG00000051956",0.0406180793754555,0,7.3561311249555,0,1,NA
"ENSMUSG00000051965",0.272717016466085,0.768016582401691,7.27895325690051,0.105511954163685,0.915969584886499,NA
"ENSMUSG00000051969",1.29085648816149,-2.53291125676296,4.47117138250419,-0.566498360289725,0.571055047288008,NA
"ENSMUSG00000051977",43.884405472927,0.405612304517458,0.615673392592903,0.658810839314048,0.510017245947829,NA
"ENSMUSG00000051978",516.628496602585,0.308610094239315,0.197477437323688,1.56276128767798,0.118108752861981,0.28657462494862
"ENSMUSG00000051980",0.577009637789752,-3.82543237424078,7.23973129676199,-0.528394247995326,0.597225728969137,NA
"ENSMUSG00000051984",7.16704395008771,1.00566204493909,1.09574997508649,0.917784227975648,0.358731841032784,NA
"ENSMUSG00000051985",1.0151982198516,-2.6293206330248,5.31794817983423,-0.494423891341258,0.621006844568415,NA
"ENSMUSG00000051989",1915.38012808963,-0.786968202660475,0.24898742326824,-3.16067451251405,0.001574042826232,0.024426080592313
"ENSMUSG00000051998",973.635812319748,0.263326226346676,0.197915607358902,1.33049752801535,0.183354400283755,0.376731267361535
"ENSMUSG00000052005",100.551285002672,-0.01226661197878,0.450836914753785,-0.027208535009781,0.978293408274149,0.995617249128999
"ENSMUSG00000052012",73.1320088797977,0.86767346483154,0.496226904152128,1.74854176097945,0.0803702608817473,0.224797016226112
"ENSMUSG00000052013",452.469945904604,0.484990143613043,0.262776992746248,1.84563396720723,0.0649453710236647,0.197259206277301
"ENSMUSG00000052014",0.0407969102058399,0,7.3561311249555,0,1,NA
"ENSMUSG00000052025",0.0406180793754555,0,7.3561311249555,0,1,NA
"ENSMUSG00000052026",0.435465532480495,0.771943794108982,7.27884482797542,0.106053063686988,0.915540250800936,NA
"ENSMUSG00000052031",544.935360594245,0.108982931898737,0.182960293102808,0.595664392806243,0.551399449933554,0.731757962367733
"ENSMUSG00000052033",1077.32421464261,-1.01984249153681,0.296589143161932,-3.43856987030708,0.00058479560356593,0.0151724528641712
"ENSMUSG00000052040",2800.68239755936,-0.1058360029675,0.250478887089113,-0.42253462636093,0.672634832089117,0.819649323865992
"ENSMUSG00000052056",246.866787476927,0.0682479444321237,0.27742708888112,0.2460031740497,0.80567977545878,0.902759530765137
"ENSMUSG00000052058",25.1830048806094,1.48019819443301,0.481521769530589,3.07400057089002,0.00211209028387449,NA
"ENSMUSG00000052062",14.5012539248469,1.46045841201862,1.03095119344388,1.41661256255981,0.156596233575291,NA
"ENSMUSG00000052075",0.919070618591885,-0.759534089535088,3.31658873641311,-0.229010634088001,0.8188606509446,NA
"ENSMUSG00000052085",1020.64722277371,0.286916025182326,0.20513622028159,1.39866097166301,0.161914673066372,0.348394981119088
"ENSMUSG00000052087",475.920056709392,-0.0433265186755908,0.26419643033155,-0.163993580917118,0.869736197085388,0.938915857192512
"ENSMUSG00000052099",0.179917684518572,-1.16370480131115,7.33732816552393,-0.158600620697202,0.873983539740536,NA
"ENSMUSG00000052102",1495.30746063998,0.341365547920647,0.287010986243179,1.18938146720075,0.234289590271793,0.438710475437899
"ENSMUSG00000052105",2.90916244901653,0.704443572265757,1.40931792289921,0.499847167782124,0.617182695412829,NA
"ENSMUSG00000052117",33.87968899495,-2.02099549097482,1.07070846668459,-1.88753106364495,0.0590889322840629,NA
"ENSMUSG00000052131",1.09616730887373,-1.11795800259958,3.69690728745581,-0.302403581067069,0.762344425169028,NA
"ENSMUSG00000052133",2.81278339173401,0.135023329195253,2.06890942661838,0.065263045089387,0.947964565336215,NA
"ENSMUSG00000052135",0.259438291584056,0,7.3561311249555,0,1,NA
"ENSMUSG00000052137",158.358437714836,-0.685557078028364,0.334859796624719,-2.04729586811723,0.0406290433537592,0.147925632984129
"ENSMUSG00000052139",1033.10876972067,-0.24518893986024,0.265151047008665,-0.924714205832374,0.35511458801578,0.5644460204272
"ENSMUSG00000052142",1569.42820990993,0.0194566747836944,0.22882086929954,0.085030158495834,0.93223741451403,0.97267963293975
"ENSMUSG00000052144",2335.41048702385,-0.0861643467911093,0.206637985283938,-0.41698212781504,0.676691480249749,0.822020713258055
"ENSMUSG00000052146",12847.5617307838,-0.648853121965501,0.231573833627637,-2.80192762628284,0.0050798268196876,0.0425182795195698
"ENSMUSG00000052151",48.0794584621096,-0.544609698512979,0.977994315132209,-0.556863869335842,0.577620442002319,NA
"ENSMUSG00000052155",53.9642016679829,0.44742591762127,0.581983615478718,0.76879469751607,0.442015197181572,NA
"ENSMUSG00000052157",0.0794622075001736,-1.67065495152297,7.35010022532129,-0.227296893961733,0.820192888167771,NA
"ENSMUSG00000052160",101.255571840282,-3.9275868815835,1.70201561533985,-2.30760919358501,0.0210208827111538,0.098022762472725
"ENSMUSG00000052180",0.19496625121027,0.00166709892144242,7.27326031842462,0.000229209302081396,0.999817117438278,NA
"ENSMUSG00000052182",0.351186970185316,-0.966589462613315,7.33240349169354,-0.131824368872813,0.895123211183875,NA
"ENSMUSG00000052187",0.0380762098104571,-1.67431590235222,7.3501929692546,-0.227792101425878,0.819807867435575,NA
"ENSMUSG00000052192",1.68078402352,-0.580926563465459,2.95981989185836,-0.196270916707948,0.844398123755008,NA
"ENSMUSG00000052212",8.29961977606507,0,2.43315237917167,0,1,NA
"ENSMUSG00000052214",235.951318967685,-0.0442372485321907,0.246072060574585,-0.179773552628833,0.857330347264744,0.93282051774185
"ENSMUSG00000052217",0.220410466980257,0,7.3561311249555,0,1,NA
"ENSMUSG00000052221",0.522347478512722,3.42002498775095,7.22374244174051,0.473442265603107,0.635897681875317,NA
"ENSMUSG00000052229",0.388915106421033,2.74438319867701,6.78844618923886,0.404272660071673,0.686012227763113,NA
"ENSMUSG00000052234",0.373820396260678,-1.38893888950179,7.34298131005991,-0.189151903137618,0.849973762827838,NA
"ENSMUSG00000052241",0.287240020826092,-1.0894129572231,7.29533597898345,-0.149330059693139,0.881293196986395,NA
"ENSMUSG00000052253",705.286703546903,-0.346164909699955,0.163259803699775,-2.12033153204404,0.0339780962876185,0.132651454108653
"ENSMUSG00000052270",14.2479053490359,0,2.21325390443174,0,1,NA
"ENSMUSG00000052271",7.83521991973291,0.236811227449556,1.33795836765456,0.17699446647558,0.859512736072339,NA
"ENSMUSG00000052273",2.44197637973704,-0.760705533802303,2.80570783501578,-0.271127850273128,0.786292702112556,NA
"ENSMUSG00000052276",0.745948731206315,1.15265079929201,7.35587958319097,0.156697888574188,0.875482951197801,NA
"ENSMUSG00000052293",197.617131611391,-1.20238438514918,0.36855896814303,-3.26239350844547,0.00110475671648444,0.0205272935008433
"ENSMUSG00000052296",1106.61812769371,-0.147571275284164,0.195238829770624,-0.755850029717642,0.449739116973129,0.650046961731157
"ENSMUSG00000052298",1698.06144129057,0.0262526831920381,0.124101843021929,0.211541444935667,0.832464795478076,0.917893419219273
"ENSMUSG00000052299",684.794778607158,-0.0457345589001638,0.192920134079143,-0.237064726906118,0.812606576278737,0.906104456459709
"ENSMUSG00000052301",0.120182825002115,-2.73718500562174,7.28944346327628,-0.3754998607797,0.707288749955544,NA
"ENSMUSG00000052302",25.0903063175661,0.190185261832336,0.887856338943524,0.214207246702368,0.830385445188721,NA
"ENSMUSG00000052303",0,NA,NA,NA,NA,NA
"ENSMUSG00000052305",455.732842937469,-2.0372379017125,1.86466149251104,-1.09255106618256,0.274590957650675,0.484875244083051
"ENSMUSG00000052310",193.131383246228,0.0657669254596633,0.330046697411026,0.199265515987757,0.842055052476772,0.924651654491546
"ENSMUSG00000052316",0.662378186065492,-0.231513085554155,5.23075262517744,-0.0442599950989464,0.964697159691959,NA
"ENSMUSG00000052331",3811.74786601466,0.500057707776336,0.197039135495853,2.53785983438229,0.0111532644267035,0.0669789357420385
"ENSMUSG00000052334",1.00857462335394,-0.427116202896781,5.97598760254019,-0.0714720697739114,0.943022052787225,NA
"ENSMUSG00000052336",1353.52422161559,0.465945057031536,0.402947125348818,1.15634292372277,0.247540917656364,0.45456845086999
"ENSMUSG00000052337",1665.71369370312,0.248972961705687,0.161784942089848,1.53891306872934,0.123825520249851,0.294730379886776
"ENSMUSG00000052353",2.2279183298447,1.13347000504267,2.32819421759902,0.486845125065027,0.626368089148576,NA
"ENSMUSG00000052363",0.588558310157543,1.67812516174789,6.01903815967676,0.278802878006345,0.780396105673707,NA
"ENSMUSG00000052364",3.56423621140154,-1.0118703749774,2.33505907314501,-0.433338233972191,0.66476906552487,NA
"ENSMUSG00000052369",179.606325679051,-0.308591531959317,0.441640421479679,-0.698739329442281,0.484714950403823,0.677613814841152
"ENSMUSG00000052372",0.646519448090157,2.41084948551437,7.31389141216337,0.329626097743946,0.741682500593231,NA
"ENSMUSG00000052373",105.239527852661,0.346975942869129,0.425081374829443,0.816257694208192,0.414352765313507,0.618806025853455
"ENSMUSG00000052374",2412.95794740556,-2.42690611564492,0.348731828217019,-6.95923319661729,3.42129788757081e-12,3.07450269260341e-09
"ENSMUSG00000052382",0.157570836267037,1.15368242789042,7.35604763342022,0.156834551022885,0.87537524201642,NA
"ENSMUSG00000052384",549.338394283363,-0.333124244306607,0.192932673828847,-1.72663467361742,0.0842332946505382,0.230905745319071
"ENSMUSG00000052387",1.91260287648207,-1.08254361765584,2.84057104875637,-0.381100700906526,0.703128527343946,NA
"ENSMUSG00000052392",76.4786359226357,0.418614915403634,0.396156944637344,1.05668957990084,0.2906532821312,0.502291554871837
"ENSMUSG00000052395",26.9761125131296,0.159417297328709,3.51791507468135,0.045315845875884,0.963855557230557,NA
"ENSMUSG00000052396",0.196841832154757,-0.229201483723647,7.34981822744139,-0.0311846465628084,0.975122284227995,NA
"ENSMUSG00000052397",2796.05920684946,-0.0156132037873138,0.138218245107914,-0.112960512377536,0.910061861335708,0.961209691131902
"ENSMUSG00000052406",603.258751838082,-0.0859593697404875,0.186187101108909,-0.46168273327488,0.644308855146364,0.797942487079478
"ENSMUSG00000052407",69.3499784540983,0.830306810953504,0.518197295238529,1.60229861981682,0.109089590748567,0.272792968517476
"ENSMUSG00000052414",1.63132014506465,-2.89836183377908,7.27748717768674,-0.398264093499973,0.690435525194161,NA
"ENSMUSG00000052415",1.59622095239956,-0.446395252483637,2.70597720434388,-0.164966375831638,0.868970447609803,NA
"ENSMUSG00000052417",9.12906967632232,-0.0272447091585517,0.900223682264347,-0.0302643772823468,0.975856206361361,NA
"ENSMUSG00000052419",1282.32254778733,-0.408989306775509,0.229952514392042,-1.77858158175313,0.0753083859286234,0.215462632389129
"ENSMUSG00000052423",150.297131236049,0.509648786308351,0.367571743515684,1.38652873976044,0.165585510782757,0.352837416272376
"ENSMUSG00000052426",1.28239740827688,1.56858947552755,2.69929766755948,0.581110225218607,0.561166167598094,NA
"ENSMUSG00000052428",2876.27473179568,-0.431238103052225,0.243043482156644,-1.77432490361658,0.0760094235600683,0.216840736476559
"ENSMUSG00000052430",0.412373516086314,-1.55431193494116,7.1903974289404,-0.216164954761089,0.828859169775142,NA
"ENSMUSG00000052435",1.43336749025559,1.14888796380634,3.00898581686207,0.381819002724465,0.7025956226169,NA
"ENSMUSG00000052446",355.158398261784,-0.115586290142283,0.237358680606599,-0.486968877004573,0.626280386815016,0.784864557234294
"ENSMUSG00000052456",427.053846015798,-0.266090658220755,0.272378151611747,-0.976916307883774,0.328610587527883,0.538246173606151
"ENSMUSG00000052459",994.146127146413,-0.281075073432438,0.142150915483432,-1.97730048010276,0.0480076754486538,0.164410664111793
"ENSMUSG00000052468",0.200155773761697,-1.67323610195737,7.35016559626101,-0.227646041445452,0.819921423652879,NA
"ENSMUSG00000052469",0.39829149811079,1.3077098138438,7.14129176808951,0.183119505029501,0.854704251740505,NA
"ENSMUSG00000052477",43.2720491876593,0.205127266967821,0.500054202359543,0.410210065228755,0.681651858033842,NA
"ENSMUSG00000052482",0.642189699744989,-0.230565811283645,4.69146809674569,-0.0491457698377147,0.960803128396877,NA
"ENSMUSG00000052485",45.8550015365765,-0.81719834444834,1.05083600956,-0.777664961053732,0.436766553737478,NA
"ENSMUSG00000052488",341.395852522965,0.0144873181037038,0.248764635041352,0.0582370484506189,0.953559810390736,0.984120225344965
"ENSMUSG00000052496",0.559094189999045,1.77268013053092,7.24310824002197,0.244740251255108,0.806657559606778,NA
"ENSMUSG00000052504",1.40836026722191,2.74340658179961,2.6365891388986,1.04051349576052,0.298101397308518,NA
"ENSMUSG00000052508",5.02667939738744,0.470429731362547,1.36788999653484,0.343909036950521,0.73091469545234,NA
"ENSMUSG00000052512",110.172379818982,0.639390697215013,0.332818737226925,1.92113792192853,0.0547143218682425,0.177212015618472
"ENSMUSG00000052516",2.44606656615982,0.134999673516897,2.50298577051106,0.0539354538517142,0.956986589675148,NA
"ENSMUSG00000052520",1.319116224102,-0.172760341448709,2.47901295437269,-0.0696891644490927,0.944441066330641,NA
"ENSMUSG00000052525",108.420153870137,-0.62573394336389,0.273277885208372,-2.28973501784374,0.0220366821458709,0.10084842732034
"ENSMUSG00000052533",315.635153726446,-0.0938844219017889,0.308734812708867,-0.304094057544203,0.761056233994163,0.874467147859153
"ENSMUSG00000052534",6.9347231553461,1.28664135752249,1.64593220931658,0.781709811764806,0.434385134060906,NA
"ENSMUSG00000052537",0,NA,NA,NA,NA,NA
"ENSMUSG00000052539",111.641667308692,-0.0425620764018046,0.439582069828593,-0.0968239592174468,0.92286619662263,0.967907942028085
"ENSMUSG00000052544",110.34858277956,0.793320090649386,0.553801568467535,1.43249881513453,0.152001116963916,0.335738781266232
"ENSMUSG00000052549",0.590572079043415,-0.699898826126144,5.25729953345263,-0.133128961298977,0.894091391198399,NA
"ENSMUSG00000052551",39.8240725414035,0.70523938832828,0.530885698264639,1.32842039375626,0.184039265931016,NA
"ENSMUSG00000052554",0.0380762098104571,-1.67431590235222,7.3501929692546,-0.227792101425878,0.819807867435575,NA
"ENSMUSG00000052557",163.022334671391,1.01356219221435,0.321584020107189,3.15178033994511,0.0016227830177031,0.0246800013996855
"ENSMUSG00000052560",270.652489634878,0.547416887359908,0.477551800840596,1.14629844635982,0.251671685562107,0.460275680476568
"ENSMUSG00000052562",2.1711358789619,0.761637133025398,1.64808351317991,0.462135035594069,0.6439844868667,NA
"ENSMUSG00000052563",35.3032354044162,-0.212573159019067,0.669698452501787,-0.317416231476957,0.750927792594909,NA
"ENSMUSG00000052565",488.407518369901,-0.827061032114666,0.474528403877082,-1.7429115419799,0.0813490676045832,0.226479140837496
"ENSMUSG00000052566",907.527827571064,0.699393180807129,0.311343572301515,2.24637102875473,0.024680252418717,0.107805698258514
"ENSMUSG00000052572",8.30812247032625,-0.0875299636548016,1.62266833087472,-0.053941992944188,0.956981379818478,NA
"ENSMUSG00000052581",0.521903330755663,-0.0533666676767695,6.16569059465808,-0.00865542421525435,0.993094056879587,NA
"ENSMUSG00000052584",292.024194283666,-1.21808859406055,0.420303445363713,-2.89811708064031,0.00375410417774251,0.0367055586518148
"ENSMUSG00000052593",925.448865316896,0.732077847437297,0.188027344113113,3.8934648090168,9.88225438543875e-05,0.00743587748810522
"ENSMUSG00000052595",0.548630311316377,-1.11002122367905,7.25918584206813,-0.152912633431465,0.878467173040858,NA
"ENSMUSG00000052605",280.733996052932,-0.207890101435675,0.322074610726665,-0.64547187052911,0.51862144157791,0.705216981509425
"ENSMUSG00000052609",116.986184166036,-0.572558984772217,0.473028854997681,-1.21041027143053,0.226121502481865,0.428447585208595
"ENSMUSG00000052613",4.60586376878791,-0.997984867882238,1.60662640970984,-0.62116797150277,0.534489110491232,NA
"ENSMUSG00000052616",20.2166355827677,0.923303424558886,0.705441483778689,1.30883063413456,0.190591727547131,NA
"ENSMUSG00000052625",13.6544463748489,-0.0843405982611336,0.754778915779644,-0.111742122756588,0.911027879328344,NA
"ENSMUSG00000052631",0.456057883863447,-2.73129588649646,7.28960174193384,-0.374683828169175,0.707895620802479,NA
"ENSMUSG00000052632",28.9385678950498,0.487174005308802,0.587661595684482,0.829004326446352,0.407101959076772,NA
"ENSMUSG00000052642",0.0380762098104571,-1.67431590235222,7.3501929692546,-0.227792101425878,0.819807867435575,NA
"ENSMUSG00000052656",183.466418786326,0.0726433548119778,0.264009099760059,0.275154738522266,0.783197358660853,0.889317657174194
"ENSMUSG00000052673",8.67406905396349,-0.537474281151362,0.832362542818226,-0.645721369598845,0.518459818598614,NA
"ENSMUSG00000052675",12.6881479495621,0.891912469438586,0.860285922260296,1.03676283240251,0.299846401216863,NA
"ENSMUSG00000052676",86.4665489236322,0.0130876890447728,0.351964883673849,0.0371846444115732,0.970337782129665,0.991456601419365
"ENSMUSG00000052681",18600.8033452121,-0.607340322287383,0.245651122748499,-2.4723694135491,0.0134220740217684,0.0747477192705243
"ENSMUSG00000052684",293.995287100115,-0.262811210619029,0.342948450408298,-0.766328613837265,0.443480796768058,0.644540118142299
"ENSMUSG00000052688",4.80997709395865,-3.26686786774062,2.46952000173186,-1.32287564605655,0.185876735517581,NA
"ENSMUSG00000052698",67.7635893553808,0.190653765927153,0.489510705445959,0.389478235728189,0.696922407559951,0.8352422403892
"ENSMUSG00000052707",1705.42547821057,0.545110502733724,0.283067816063234,1.92572405551026,0.0541388385621247,0.176036053634776
"ENSMUSG00000052712",1490.0445353836,-0.323149315914285,0.229606173638834,-1.40740691242297,0.159306762653927,0.344885534129232
"ENSMUSG00000052713",18.0910460171281,-0.0108732463983693,1.00411227014935,-0.0108287157936552,0.991360103709187,NA
"ENSMUSG00000052726",0.259211462697435,-0.702404018938029,7.34630917500737,-0.0956131850981243,0.92382779298616,NA
"ENSMUSG00000052727",6.91436329763159,-0.0182841046646821,1.08386631965227,-0.0168693355750256,0.986540855951538,NA
"ENSMUSG00000052730",6.15635153273551,-0.213571444559377,1.86552521904465,-0.114483279228329,0.908854700490094,NA
"ENSMUSG00000052736",1979.74510211443,-0.333986126734881,0.371498898413459,-0.899023195388246,0.368640305772272,0.578154098984701
"ENSMUSG00000052738",2694.47108548018,-0.754522866120493,0.225730769488114,-3.3425787181407,0.000830038090211066,0.0181124205777845
"ENSMUSG00000052748",1123.45536872451,0.248700320775603,0.222430270593754,1.11810465415397,0.263522298918405,0.473276189129998
"ENSMUSG00000052749",48.7400889687681,0.495092898314333,0.562830688735601,0.879648015332211,0.379050019014016,NA
"ENSMUSG00000052751",59.296636773936,-0.69018919306942,0.593503713337785,-1.16290627599933,0.244867530810931,NA
"ENSMUSG00000052752",798.562444909718,0.208158659661988,0.14100700720558,1.47622918738006,0.13988237659305,0.318016856628864
"ENSMUSG00000052759",0.850011626603922,0,4.05274993185035,0,1,NA
"ENSMUSG00000052760",973.394973133842,-0.00449857205515481,0.188808629626392,-0.0238260934579973,0.980991326385252,0.996738182482054
"ENSMUSG00000052763",142.279997574388,0.0668720744675435,0.258325634178334,0.258867358170807,0.795737584299779,0.896305557026532
"ENSMUSG00000052776",778.638797062521,-0.989714179603814,0.317686269492577,-3.11538229582484,0.00183706649116718,0.0260056804423214
"ENSMUSG00000052779",0.120707394982158,0,7.3561311249555,0,1,NA
"ENSMUSG00000052783",154.520384026934,0.0289693067277608,0.359289670588361,0.0806293893178772,0.935736692995312,0.974376615428069
"ENSMUSG00000052785",0.113986974402701,1.14228837513724,7.35588502602107,0.155289046946282,0.876593450140129,NA
"ENSMUSG00000052790",0.10901876353601,0.766614218101087,7.2789834489917,0.105318857155429,0.916122800342205,NA
"ENSMUSG00000052794",189.89848690587,-0.131690063311484,0.285738918906494,-0.460875486669628,0.644887939769961,0.798150643292921
"ENSMUSG00000052798",704.021089224555,0.573769089712423,0.26464887480276,2.16803902960119,0.0301557170941231,0.123177381601408
"ENSMUSG00000052812",683.333983729296,1.1428802009977,0.346126273832426,3.30191692281358,0.000960265069564634,0.0193601600153821
"ENSMUSG00000052818",0.0380762098104571,-1.67431590235222,7.3501929692546,-0.227792101425878,0.819807867435575,NA
"ENSMUSG00000052819",0.405878527035269,-0.692901926583891,7.19479245985779,-0.0963060339057489,0.923277519001134,NA
"ENSMUSG00000052821",7.18786453168349,0.399194088924497,1.74372182021213,0.228932209425431,0.818921605777315,NA
"ENSMUSG00000052825",33.1417585876147,-6.15564768396923,1.44234126519924,-4.26781638471593,1.97395696887429e-05,NA
"ENSMUSG00000052833",1457.78817626909,-0.212607591670948,0.21075107918942,-1.00880902953697,0.313066229788345,0.524518590077592
"ENSMUSG00000052837",3323.51091479012,-0.637237182321206,0.250271509372027,-2.54618347857549,0.0108907928477656,0.0660678044658319
"ENSMUSG00000052850",0.0355187493373064,1.16171280725677,7.35565536667627,0.157934643392857,0.874508299155349,NA
"ENSMUSG00000052852",14.8263920722112,0.961622321123675,1.00363031859322,0.958143953314976,0.337990174397584,NA
"ENSMUSG00000052854",5.43698523253626,-0.0480718186973852,1.33264393096454,-0.0360725153812031,0.971224537608367,NA
"ENSMUSG00000052861",1.60870090577371,-0.431254031213543,2.32359464966893,-0.185597789732813,0.852760186989344,NA
"ENSMUSG00000052889",1255.11524041006,0.175410758602902,0.203784652139146,0.860765306717652,0.389367316350345,0.597747464221644
"ENSMUSG00000052906",778.768999104815,-0.0938294171674523,0.163986997162227,-0.572175957796398,0.567202773730819,0.74310848761605
"ENSMUSG00000052909",669.946959432201,0.171335271257999,0.344992890996633,0.49663420820944,0.619447025459505,0.780905898055228
"ENSMUSG00000052911",12.8946702164859,0.0345803857169483,1.01010578669815,0.0342344199709865,0.97269021945131,NA
"ENSMUSG00000052912",5.70859327414024,-0.876727565083477,1.26576969754593,-0.692643825162882,0.488533100201836,NA
"ENSMUSG00000052914",0.368933968055182,2.35627716305353,7.23121435405922,0.325848059217169,0.744539315361761,NA
"ENSMUSG00000052915",684.875258523268,0.0540200967573495,0.225840550125606,0.23919573667043,0.810953808374185,0.905078287882897
"ENSMUSG00000052917",765.657822207107,0.445248448432267,0.122391301125369,3.63790926592229,0.000274860214863378,0.0109393413621785
"ENSMUSG00000052920",0.360362267210074,0.485379859845882,7.16890325074854,0.0677062924227915,0.946019440179432,NA
"ENSMUSG00000052921",81.0239267558667,1.05042365595665,0.522635567005643,2.00985872809018,0.044446142982606,0.156686919894101
"ENSMUSG00000052922",0.15896212936525,0,7.3561311249555,0,1,NA
"ENSMUSG00000052926",1157.31233940591,-0.485576712783949,0.223784411886635,-2.16984153940952,0.0300188523073486,0.122872196711445
"ENSMUSG00000052928",10.5793448128586,1.29812494303892,0.769306013274259,1.68739736936924,0.0915269693358522,NA
"ENSMUSG00000052934",212.387238784402,-0.383964874349988,0.313881763032652,-1.2232786978135,0.221224450154711,0.423717048978748
"ENSMUSG00000052942",4.70770181161395,-0.447219617450452,1.73216261418983,-0.258185700226319,0.796263593461598,NA
"ENSMUSG00000052949",147.665006033687,0.386344293540892,0.329222530545937,1.17350502379115,0.240593343440969,0.44637109607995
"ENSMUSG00000052955",0.237610113001547,-1.1116229977297,7.29410765444271,-0.152400135889498,0.878871349905374,NA
"ENSMUSG00000052957",0.114218488791424,-0.228384389524543,7.34977898702529,-0.0310736404356804,0.975210811400088,NA
"ENSMUSG00000052962",2799.77358207686,-0.863189489438265,0.262397565538801,-3.28962461090602,0.0010032112434115,0.019754468408611
"ENSMUSG00000052974",0.271479432876005,0.166695022836574,7.25975174983396,0.0229615320992741,0.981680957790497,NA
"ENSMUSG00000052981",0.28086870946585,-1.67215379796893,7.35013718497153,-0.227499671895636,0.820035224336718,NA
"ENSMUSG00000052997",2427.57369147275,-0.0330779926312679,0.158333247890256,-0.208913750409484,0.83451556973201,0.91925396298027
"ENSMUSG00000053004",0.837693636031689,0.601510499656087,4.20136696249471,0.143170188423369,0.886155773432284,NA
"ENSMUSG00000053007",28.1783653578881,-0.523262055750123,0.65684562969974,-0.796628662946754,0.42566672564783,NA
"ENSMUSG00000053012",1504.27698144182,-0.617519406639853,0.243247478455151,-2.53864669250295,0.0111282139733192,0.066872291573504
"ENSMUSG00000053024",3.97689081790671,1.74335939236683,1.87078581981557,0.931886148537675,0.351395366752276,NA
"ENSMUSG00000053025",1.48323857686702,-2.19476753037899,2.85122770461655,-0.769762277079922,0.44144092033337,NA
"ENSMUSG00000053030",10.6386386781554,0,2.2112996312605,0,1,NA
"ENSMUSG00000053038",15.1512676728341,-3.37584042749405,1.43679800820364,-2.34955812036147,0.018795709480275,NA
"ENSMUSG00000053040",17.0182247891124,-0.236324526863808,1.25349438094869,-0.188532577772666,0.850459180014855,NA
"ENSMUSG00000053044",31363.2591760912,-0.238806173747463,0.2440726982086,-0.978422312287319,0.327865497290092,0.537827819567302
"ENSMUSG00000053046",7.83478149725148,0.725270682031147,1.10459945598828,0.656591561854656,0.511443576031527,NA
"ENSMUSG00000053054",0.65955969974278,-1.23000304456291,4.9806451071655,-0.246956572511729,0.804941833350512,NA
"ENSMUSG00000053062",8.37753497091659,1.57445599187641,1.09045173656145,1.44385665049348,0.148779302690319,NA
"ENSMUSG00000053063",114.64263795258,0.726326747547276,0.569445152785001,1.27549904322657,0.202132662579255,0.398870442862437
"ENSMUSG00000053070",10.6995470467273,0.296097047852432,0.971481145192364,0.304789289342102,0.760526639517697,NA
"ENSMUSG00000053080",44.4981131349688,0.193782725515346,0.488828805267184,0.396422476391153,0.691793387642932,NA
"ENSMUSG00000053091",105.31302762333,-0.41827599390952,0.326857325067346,-1.27968982742956,0.200654243663652,0.397229219812738
"ENSMUSG00000053093",2.33759830639693,-0.95537837254053,2.15162133474896,-0.444027188758099,0.657022926819689,NA
"ENSMUSG00000053094",950.254569758542,-0.122236572124747,0.214561694711822,-0.569703610371474,0.568878740929954,0.743929931749253
"ENSMUSG00000053101",33.5953374173116,-1.12830894968604,1.24167018000279,-0.908702623174466,0.363507119151424,NA
"ENSMUSG00000053110",161.884905191576,0.298267417996155,0.441529076331872,0.675532901420888,0.499337255257417,0.689519387415359
"ENSMUSG00000053111",0.246438093645386,1.24168282008969,7.35185614478263,0.168893786227151,0.86588018685861,NA
"ENSMUSG00000053113",85.3226029123745,-0.649599051044133,0.377675054548777,-1.71999459117107,0.085433424771475,0.2329433930745
"ENSMUSG00000053119",1542.97906921372,-0.404291882842804,0.206684485079513,-1.95608239625374,0.0504554485330586,0.168902279818444
"ENSMUSG00000053121",2.65915862847425,-0.258047463749886,1.47655592191714,-0.174763082061153,0.861265798086239,NA
"ENSMUSG00000053128",287.781729170574,0.158281007242779,0.200950082227364,0.787663311646187,0.430893671075937,0.633554058989385
"ENSMUSG00000053129",0.120771403732691,0,7.3561311249555,0,1,NA
"ENSMUSG00000053134",416.355953599782,0.482192361016754,0.303172307289366,1.59048946563751,0.111724518291618,0.276793788376048
"ENSMUSG00000053137",48.7873989197116,-0.544318582562198,0.554598599445888,-0.981464041030827,0.326363958658581,NA
"ENSMUSG00000053141",4.90658459481461,1.70024958351078,2.32157966560115,0.732367537803413,0.463944266910718,NA
"ENSMUSG00000053146",55.308091338636,-0.0381975008933984,0.402667506534141,-0.0948611454203838,0.92442511876078,NA
"ENSMUSG00000053153",2.57936889997984,0.143769047492017,1.85053952297847,0.0776903414959861,0.938074377254038,NA
"ENSMUSG00000053158",96.9450502927447,0.351045599415282,0.541647407752097,0.648107226935995,0.516915600055532,0.703913859560399
"ENSMUSG00000053161",0.110620260801578,1.39142434795305,7.34524264391236,0.18943204675563,0.849754209465525,NA
"ENSMUSG00000053164",5.11820659647488,2.00723744412365,1.7339638830002,1.15760049203022,0.247027108387782,NA
"ENSMUSG00000053166",0.243555800910233,-2.83805035281392,7.28679698806642,-0.389478444021673,0.696922253504899,NA
"ENSMUSG00000053168",0.615534178616705,0,4.81831033006158,0,1,NA
"ENSMUSG00000053173",10.1487060646774,-0.407684292392884,1.01286555058745,-0.402505833233672,0.687311796264154,NA
"ENSMUSG00000053175",199.916997819582,-0.709117360735215,0.350203629921922,-2.02487153229483,0.0428805574576839,0.153689017574041
"ENSMUSG00000053178",127.913096501784,-0.866497985084499,0.297952885772068,-2.90817114537821,0.00363549316405544,0.0361901811950534
"ENSMUSG00000053181",82.7887869514036,-0.602573631624297,0.508441320572696,-1.18513898702327,0.23596249851833,0.440689455862776
"ENSMUSG00000053182",36.6534726161964,0.674248097609073,0.521503831608196,1.29289193433124,0.196048437503598,NA
"ENSMUSG00000053184",0.0474375977968173,0,7.3561311249555,0,1,NA
"ENSMUSG00000053192",414.558820890791,-0.172726260934655,0.301202494277837,-0.573455612805543,0.566336244852585,0.742471323656208
"ENSMUSG00000053194",0.163702674608649,1.15183919808014,7.35586038555602,0.156587963570094,0.875569589195864,NA
"ENSMUSG00000053198",6.27468090490322,-0.791412480234234,1.07895717021125,-0.73349758645126,0.463254999359099,NA
"ENSMUSG00000053199",7.18458607851531,-0.0577946848784771,1.34488767300128,-0.0429736148517901,0.965722566715485,NA
"ENSMUSG00000053205",21.9848141310221,1.02184199222702,1.41562045229393,0.721833306781618,0.470396969233875,NA
"ENSMUSG00000053208",0.0406180793754555,0,7.3561311249555,0,1,NA
"ENSMUSG00000053211",0,NA,NA,NA,NA,NA
"ENSMUSG00000053216",0.232768240471283,2.2016187568949,7.28387513649857,0.302259266617967,0.762454427449242,NA
"ENSMUSG00000053217",0,NA,NA,NA,NA,NA
"ENSMUSG00000053219",0.982397351872378,-0.450240116702494,4.13997502402966,-0.108754307475085,0.913397366126166,NA
"ENSMUSG00000053226",165.327304939417,-0.208435191154131,0.369179564276904,-0.564590273468641,0.572352482540018,0.746990268010045
"ENSMUSG00000053228",3.33300676017599,0.217256063543858,1.30258424224741,0.1667884935941,0.867536472648163,NA
"ENSMUSG00000053251",3.13805261708767,0.726332085025681,1.29645168616971,0.560246164800471,0.575311542335377,NA
"ENSMUSG00000053253",1467.35570520282,-0.132432534583199,0.292638256520813,-0.452546895808137,0.650875045318868,0.802131881682709
"ENSMUSG00000053268",0.239392470936081,-1.10974063660457,7.29446525201748,-0.152134611416189,0.879080765963647,NA
"ENSMUSG00000053279",4.05068547965156,0,2.68138099598073,0,1,NA
"ENSMUSG00000053286",624.987359865475,0.263563441433577,0.204298599455294,1.29008932090722,0.197019647265768,0.393124588861954
"ENSMUSG00000053287",0.504357426535052,0.294189986859795,7.15540777037659,0.0411143566237752,0.967204729350748,NA
"ENSMUSG00000053289",654.478108802859,0.296053194372428,0.193403651950587,1.53075286524614,0.125830482827093,0.298210098956081
"ENSMUSG00000053291",1829.21921439602,-0.30110438106271,0.275856835283111,-1.09152408985512,0.27504233775114,0.48532551029454
"ENSMUSG00000053293",130.144739357297,0.186061377744704,0.276152156241566,0.673763986770923,0.500461374103865,0.690544483949847
"ENSMUSG00000053297",41.5435737990495,-0.685556429422306,0.622695321433665,-1.1009500245544,0.270918408328767,NA
"ENSMUSG00000053303",0.216771395803422,1.46161135690619,7.3423546085505,0.199065754084402,0.842211309360703,NA
"ENSMUSG00000053310",202.905068499153,-2.31607830013822,0.824931237532075,-2.80760164576526,0.00499119254982794,0.0422779391105207
"ENSMUSG00000053317",8198.18753730222,-0.774274729333197,0.236148713015271,-3.27875904741063,0.0010426461963985,0.0200516685824886
"ENSMUSG00000053318",12.7887353510507,-0.157900625605073,2.30385630815229,-0.0685375320701796,0.945357744031945,NA
"ENSMUSG00000053329",148.181559536494,-0.380939882318521,0.404031609840704,-0.942846730404862,0.345759305346784,0.554392657478177
"ENSMUSG00000053333",140.249041192794,0.197931673072424,0.28938062911638,0.683983837055044,0.493985372118765,0.684574070880861
"ENSMUSG00000053334",51.2017340732961,0.330105018972181,0.418873026607094,0.788078959502499,0.430650521550767,NA
"ENSMUSG00000053338",36.127973514319,1.2691756619287,0.492152007022929,2.57882858104361,0.00991359675547602,NA
"ENSMUSG00000053347",276.545457005557,-0.582200091753387,0.260951334023423,-2.23106769671132,0.0256766451277461,0.110835649383306
"ENSMUSG00000053367",0.0406180793754555,0,7.3561311249555,0,1,NA
"ENSMUSG00000053368",0.415221889516012,0.520890006182867,7.25218615607729,0.0718252393102685,0.942740986625685,NA
"ENSMUSG00000053375",0.0786995615418414,-1.67245606111323,7.35014582274681,-0.227540527963052,0.820003458821038,NA
"ENSMUSG00000053388",0.478526484916786,-1.67859119294573,7.26808238388542,-0.230953792800623,0.817350699581453,NA
"ENSMUSG00000053389",0.0419195223311899,0,7.3561311249555,0,1,NA
"ENSMUSG00000053390",329.113610325719,0.212223320191492,0.196644831060325,1.07922145243873,0.280489018615314,0.491340412725923
"ENSMUSG00000053391",1.08846876278766,1.37043784077203,4.22187075233577,0.324604404342277,0.745480493417943,NA
"ENSMUSG00000053395",0.303298852155447,0,7.3561311249555,0,1,NA
"ENSMUSG00000053398",2040.70169610025,-0.227786269748628,0.215217730317526,-1.05839918213318,0.289873492162415,0.501330201902228
"ENSMUSG00000053399",3.24723072984176,0.363794745564675,1.25311232211899,0.29031295849801,0.771576826099565,NA
"ENSMUSG00000053411",199.418769062808,0.685214531590232,0.312120062885689,2.19535561173197,0.0281380985852369,0.117457844794592
"ENSMUSG00000053414",0.939904704903999,-0.842756921881494,6.08885856274108,-0.138409672879986,0.889916652743125,NA
"ENSMUSG00000053420",0,NA,NA,NA,NA,NA
"ENSMUSG00000053436",732.722510667809,0.00404665798435727,0.178618468453273,0.0226553167732254,0.981925218726986,0.997202297721205
"ENSMUSG00000053441",0.682213093524648,-1.10537938268116,7.1820014500392,-0.15390965740826,0.877680969327809,NA
"ENSMUSG00000053453",3270.32168388425,-0.762456166231939,0.259041698000558,-2.94337233008061,0.0032465769980198,0.0339893773392927
"ENSMUSG00000053460",35.1433174578658,0.70831478037641,0.485128594793188,1.46005572126369,0.144274760508259,NA
"ENSMUSG00000053461",0.72613853933419,2.04801852895776,4.82086057550756,0.424824260498787,0.670964790762813,NA
"ENSMUSG00000053465",0.0380762098104571,-1.67431590235222,7.3501929692546,-0.227792101425878,0.819807867435575,NA
"ENSMUSG00000053469",349.009803536663,-0.826505070847546,0.550732689765405,-1.5007372654774,0.133423530413037,0.308946263324636
"ENSMUSG00000053470",712.250833869564,0.0658264221741161,0.285317498454155,0.230712881371673,0.81753786559229,0.908835110366598
"ENSMUSG00000053472",2.79424435852276,0.921461691277772,1.98586099020266,0.46401117491297,0.642639739325977,NA
"ENSMUSG00000053475",4.71746524389181,0.519799825449374,1.17005225101796,0.444253515171771,0.656859305196736,NA
"ENSMUSG00000053477",102.368460959737,1.05041524825891,0.433151678641509,2.42505177759746,0.0153062035563819,0.0810438391025232
"ENSMUSG00000053483",149.727099353967,0.409368694813809,0.296704064284393,1.37972055017563,0.167672703065019,0.3554459939519
"ENSMUSG00000053490",0.162830636660112,0,7.3561311249555,0,1,NA
"ENSMUSG00000053508",0.0352597853922181,1.155567702399,7.35595536263211,0.157092810577567,0.875171703562209,NA
"ENSMUSG00000053510",1053.82123585526,0.150762194908821,0.217243631062632,0.693977513501216,0.487696310876662,0.679962115022134
"ENSMUSG00000053519",3.22397742750293,-0.729525959946757,1.8724839419972,-0.389603319731885,0.696829896964887,NA
"ENSMUSG00000053522",13.8691646117957,-0.621410009522474,0.87050211871862,-0.71385238032182,0.475318465923225,NA
"ENSMUSG00000053536",301.798739270021,-0.55449524191224,0.268694703269352,-2.06366271893491,0.0390497064518229,0.144193630286242
"ENSMUSG00000053541",625.260868269953,0.832017864332038,0.367298298146374,2.26523746102539,0.0234981114663239,0.104818967438904
"ENSMUSG00000053550",0.760234820404585,-2.31829526168345,5.64734681881843,-0.410510516895879,0.681431490279919,NA
"ENSMUSG00000053552",0.380188813078617,-0.212046724805581,7.17247633474414,-0.0295639490336701,0.976414817241121,NA
"ENSMUSG00000053553",98.1288237628023,0.452877744213748,0.447298028167508,1.01247426926763,0.311311343377606,0.522552662470306
"ENSMUSG00000053559",10.7674705863275,-0.592345360129205,0.844593833282259,-0.701337538574291,0.48309239224898,NA
"ENSMUSG00000053560",1744.39951125724,-0.677500877541419,0.280190327164649,-2.41800237858781,0.0156059748018082,0.0820558834658907
"ENSMUSG00000053565",5916.31831874841,-0.616898339396012,0.228962390978326,-2.69432170392739,0.00705320513053426,0.0508540720024298
"ENSMUSG00000053580",135.485557134511,0.454636046378378,0.536185861080355,0.847907562244063,0.396489452686637,0.603069320386351
"ENSMUSG00000053581",116.202564623711,-0.174397620078343,0.274206535051178,-0.636008255768935,0.524771041051721,0.710737882671164
"ENSMUSG00000053588",2.558126309216,0.709209072410739,1.90690826155274,0.371915674555445,0.709955634336909,NA
"ENSMUSG00000053593",0.424021899236129,-0.41306322000406,7.22655523459573,-0.0571590760182112,0.954418477440013,NA
"ENSMUSG00000053600",574.167365992126,-0.799359553965945,0.33209197710116,-2.40704265409715,0.0160822913965557,0.0835329227085852
"ENSMUSG00000053603",0.953572766108856,1.13533757650464,3.57732230463148,0.317370781781318,0.750962274870887,NA
"ENSMUSG00000053604",285.726438277145,0.104330646229225,0.270319345014924,0.385953310975452,0.699531247190055,0.836438113557532
"ENSMUSG00000053615",0.0948751955936346,0,7.3561311249555,0,1,NA
"ENSMUSG00000053617",28.6418766346231,0.425986520233226,0.76801225720198,0.554661095885604,0.579126491151897,NA
"ENSMUSG00000053624",0.0380762098104571,-1.67431590235222,7.3501929692546,-0.227792101425878,0.819807867435575,NA
"ENSMUSG00000053626",2.30825385097654,0.624087936339924,1.71134576886499,0.364676705137055,0.715352749431611,NA
"ENSMUSG00000053641",929.285330599386,0.808717539770257,0.308776413861005,2.61910399715406,0.00881610659492917,0.0580268866491645
"ENSMUSG00000053644",140.677477742013,-0.692250436288685,0.458473341046142,-1.50990335601436,0.131068086226933,0.305856476004069
"ENSMUSG00000053646",6.55280370491102,0.262001067324078,1.7712915987377,0.147915265623566,0.882409640506548,NA
"ENSMUSG00000053647",0.623989429094185,-0.231062065290948,6.97985768853912,-0.0331041226915486,0.973591555120928,NA
"ENSMUSG00000053654",0.0875755114083423,0,7.3561311249555,0,1,NA
"ENSMUSG00000053675",0.706742295433378,-1.14323750026086,5.07401833119365,-0.225312055581776,0.821736521777601,NA
"ENSMUSG00000053678",0,NA,NA,NA,NA,NA
"ENSMUSG00000053684",37.4872897447433,0.902421523934576,0.433368328026817,2.08234304533379,0.0373111467381655,NA
"ENSMUSG00000053687",62.5547305875304,0.866296569767438,0.454715574884343,1.90513942696548,0.0567619495097862,NA
"ENSMUSG00000053693",13.6364510233409,0.276154095037406,0.687228698815059,0.401837256670974,0.687803801114581,NA
"ENSMUSG00000053695",0.0710374986746129,2.16226366003378,7.28481246100722,0.296818026765623,0.766605441993722,NA
"ENSMUSG00000053702",188.83342231695,-0.0550729984682235,0.502568204646306,-0.109583133113211,0.912739987913253,0.962245181249079
"ENSMUSG00000053706",1.561138684016,6.62051309754419,7.21655770833321,0.917405966268275,0.358929947493957,NA
"ENSMUSG00000053716",215.654094699234,-0.386413783736192,0.300972869408555,-1.28388244593453,0.199183090220305,0.395525280600184
"ENSMUSG00000053719",0.109259723247851,2.16330463802963,7.28478547606544,0.296962023814879,0.766495502560058,NA
"ENSMUSG00000053720",0.192948688191361,-3.54880548954481,7.25426722944299,-0.489202475908417,0.624698356837881,NA
"ENSMUSG00000053729",0.081236158750911,0,7.3561311249555,0,1,NA
"ENSMUSG00000053730",71.2734211246009,0.407211372112177,0.439055594413324,0.927471093168284,0.353681993608908,0.562533629416581
"ENSMUSG00000053740",0.562059202939507,0,7.3561311249555,0,1,NA
"ENSMUSG00000053742",0.188094521073823,2.74408542170512,7.2610991323227,0.377915983750979,0.705493008171439,NA
"ENSMUSG00000053746",72.8836107281302,0.104269866382867,0.436408690429214,0.238927108166239,0.811162104940223,0.90520855806436
"ENSMUSG00000053747",0.189028212353154,0,7.3561311249555,0,1,NA
"ENSMUSG00000053749",27.1614772249519,0.98183177725546,0.971916122347397,1.01020217144265,0.312398439149619,NA
"ENSMUSG00000053754",668.840472651046,0.391879068390865,0.281307225739663,1.3930643528991,0.163600331454687,0.350435935214784
"ENSMUSG00000053765",0.11943533913947,-1.67169203941038,7.35012645559537,-0.227437180776364,0.820083811635737,NA
"ENSMUSG00000053768",1536.5022359644,-0.591558899014263,0.254748286859925,-2.32213101923443,0.0202258818847646,0.0961925364628947
"ENSMUSG00000053769",94.9468151097502,-0.190002443905803,0.324433693052508,-0.585643377906041,0.558115191745411,0.736381296102962
"ENSMUSG00000053773",0.164431231081136,-0.231948197323528,7.35006622234348,-0.0315572935408974,0.974825101229756,NA
"ENSMUSG00000053774",226.961022694795,0.0411684863557314,0.205348815347476,0.200480758976229,0.841104604641539,0.924018561556081
"ENSMUSG00000053783",2.75433833836384,-0.311901609591709,3.00146398670828,-0.10391649240935,0.917235618916966,NA
"ENSMUSG00000053790",0,NA,NA,NA,NA,NA
"ENSMUSG00000053797",0.201494407142449,0,7.3561311249555,0,1,NA
"ENSMUSG00000053799",387.201939551012,-0.278485570425587,0.26410661813312,-1.05444374091837,0.291679805114326,0.503361535187694
"ENSMUSG00000053801",352.108013493941,0.082833406195475,0.305582162811043,0.271067543450483,0.786339083901798,0.891615709277506
"ENSMUSG00000053815",1.12270421063619,1.15039951640923,4.41558678905345,0.260531515145655,0.794453808839452,NA
"ENSMUSG00000053819",713.058966005695,0.670962699838377,0.211224456202123,3.17653889091481,0.00149043804154464,0.0238425960443467
"ENSMUSG00000053820",2.20818008416873,0,2.45805313453428,0,1,NA
"ENSMUSG00000053821",0.259224709982043,0,7.3561311249555,0,1,NA
"ENSMUSG00000053825",1.47723814844476,-0.733519669119395,2.87429251639913,-0.255200076169818,0.798568572241146,NA
"ENSMUSG00000053830",4.15273413443325,0,7.3561311249555,0,1,NA
"ENSMUSG00000053835",278.476253327404,0.599185438147044,0.407479072432391,1.47046923065346,0.141434713196428,0.320131525288385
"ENSMUSG00000053838",748.371055693347,0.45001708875448,0.203151514294465,2.21517959301149,0.0267477400052587,0.114162957664932
"ENSMUSG00000053841",463.773332481618,0.135799695976981,0.154840412273967,0.87703005941823,0.380470311288555,0.589398060975924
"ENSMUSG00000053846",7.07337734625227,-0.256614715323732,2.51766416053286,-0.101925713264878,0.918815640013617,NA
"ENSMUSG00000053852",1.22957817019911,1.10576267756319,4.28911939726614,0.25780645749055,0.796556280560707,NA
"ENSMUSG00000053856",0.236624664595306,-2.11534524890488,7.34660728373357,-0.287934983756183,0.773396507211845,NA
"ENSMUSG00000053861",0,NA,NA,NA,NA,NA
"ENSMUSG00000053862",0.0856584682606584,-1.66092483131847,7.34985359008984,-0.225980668996995,0.821216455360978,NA
"ENSMUSG00000053863",0.246788088027848,1.14952229276466,7.35607040513394,0.156268527821917,0.875821362701853,NA
"ENSMUSG00000053868",0.0762427549006391,0,7.3561311249555,0,1,NA
"ENSMUSG00000053870",144.816661954082,-0.547505150933934,0.368673072487629,-1.48506954207323,0.137525403380572,0.315079201648939
"ENSMUSG00000053873",0.0474375977968173,0,7.3561311249555,0,1,NA
"ENSMUSG00000053877",139.186779609453,1.36226238525595,0.296522305169899,4.59413123904933,4.34555840128303e-06,0.00103637405814048
"ENSMUSG00000053886",4.83328409374458,0.920131549469109,1.18869016179799,0.774071813698982,0.43888832464746,NA
"ENSMUSG00000053896",0.175400736747998,2.57160323545248,7.27618173445013,0.353427570847613,0.723767919261277,NA
"ENSMUSG00000053897",34.1508968906585,0.308834173503832,0.675561073273892,0.457152115066615,0.647561713775013,NA
"ENSMUSG00000053898",3477.73881667371,-0.373515901732286,0.301903116749512,-1.23720452360282,0.216011162560967,0.416897455258374
"ENSMUSG00000053907",895.772369508532,-0.0140829415305411,0.211470938815565,-0.0665951624815152,0.94690399697862,0.981044545659119
"ENSMUSG00000053909",0.0355187493373064,1.16171280725677,7.35565536667627,0.157934643392857,0.874508299155349,NA
"ENSMUSG00000053914",7.57741805491732,-2.75485413675361,1.65941311841141,-1.66013761503277,0.0968867713026418,NA
"ENSMUSG00000053916",131.936428680657,0.204083306467729,0.527424674702816,0.386943038989828,0.698798377661821,0.836071406824873
"ENSMUSG00000053929",529.373326519839,-0.266273916329644,0.181835160001849,-1.46436979694651,0.143092935873541,0.322034351598931
"ENSMUSG00000053930",1.33083721315376,1.04290469757092,2.30045713011887,0.453346721360999,0.650299094734819,NA
"ENSMUSG00000053931",309.962260909676,-0.110826820160364,0.256789515131592,-0.431586235534465,0.666042164227396,0.813822842198741
"ENSMUSG00000053950",145.426701481185,-0.0281848836170736,0.333122160209013,-0.0846082518178599,0.932572838592979,0.972926913930511
"ENSMUSG00000053961",0.196989601086701,0.763717258979407,7.27904076889465,0.104920041421252,0.916439255984996,NA
"ENSMUSG00000053963",1.00682292954257,1.03317998598684,5.29097533529437,0.195272122909898,0.845179919657624,NA
"ENSMUSG00000053964",55.5092949627124,0.393447997876448,0.537705964177543,0.731715889516406,0.464341995995954,NA
"ENSMUSG00000053965",32.0150356325761,0.655843938077219,0.680934284324901,0.963153057754234,0.335470718573,NA
"ENSMUSG00000053977",10751.3928028226,-0.293864630805158,0.205048810257364,-1.4331447738532,0.151816468260942,0.335503194446548
"ENSMUSG00000053985",40.505481264328,-1.25168614587644,0.588101846485359,-2.12834928738418,0.0333081344532093,NA
"ENSMUSG00000054000",7.34652346050443,-0.701646145612695,1.19662359894845,-0.586354929176791,0.557637025433643,NA
"ENSMUSG00000054003",1.04700098757979,-1.879247733067,5.22672613373849,-0.359545858149418,0.719186778224573,NA
"ENSMUSG00000054005",0.823763203005236,2.34941323345336,4.42960036182017,0.530389435061352,0.595841949529026,NA
"ENSMUSG00000054008",59.6581389388252,1.00329157803251,0.505749061822726,1.98377348326981,0.0472810974572749,NA
"ENSMUSG00000054013",15.1629183722425,0.759282039784357,0.882742820408271,0.860139581121925,0.389712104913423,NA
"ENSMUSG00000054021",936.788370173992,0.361095301460383,0.30067770355741,1.20093807152361,0.22977522465835,0.433136951822688
"ENSMUSG00000054027",96.0837048912092,0.769477888155308,0.403260992501612,1.90813865576704,0.0563732976866942,0.180164903858058
"ENSMUSG00000054031",0.0761524196209141,-2.55627499047924,7.29465809108018,-0.350431090609309,0.726015196884991,NA
"ENSMUSG00000054033",0,NA,NA,NA,NA,NA
"ENSMUSG00000054034",0.101624657732243,0,7.3561311249555,0,1,NA
"ENSMUSG00000054036",82.7136163065989,0.955547911593764,0.391968470085408,2.4378183056039,0.0147761988703904,0.0793819162140269
"ENSMUSG00000054046",3.68685312548044,-2.65319273149904,2.90660828563262,-0.912813998574829,0.36134037468177,NA
"ENSMUSG00000054051",287.008595599353,0.404066387118226,0.289898885033848,1.39381835522081,0.163372463865003,0.350084645304853
"ENSMUSG00000054052",0.540390506781364,0.286101356861314,5.27055049899898,0.0542830121665,0.956709683923634,NA
"ENSMUSG00000054054",0.0855391869616079,-1.67183919739416,7.3501302218157,-0.227457085376804,0.820068335589398,NA
"ENSMUSG00000054057",14.6105995450387,0.236843816881847,1.03407259092152,0.229039836237011,0.818837954128132,NA
"ENSMUSG00000054065",1415.2576894396,-0.538578208342184,0.324266234016603,-1.66091363158894,0.0967307940977886,0.252557818187174
"ENSMUSG00000054069",0,NA,NA,NA,NA,NA
"ENSMUSG00000054072",238.790850856197,-1.31442655535173,0.381211640311956,-3.44802313558971,0.000564705664212251,0.0148460518370694
"ENSMUSG00000054074",12.8313500416607,3.20113239126454,1.34356127625619,2.38257268040981,0.0171921378750028,NA
"ENSMUSG00000054079",580.97357734756,-0.311106470141552,0.154740494849582,-2.01050455760768,0.0443778143330026,0.156557706881417
"ENSMUSG00000054083",3.63867098402186,2.55898367267799,2.7983087551941,0.914475097834757,0.360467257029018,NA
"ENSMUSG00000054087",0.259423572488111,-2.47644601302786,7.26403300543963,-0.340918882275643,0.73316464946101,NA
"ENSMUSG00000054091",9031.90828515926,-0.716000352743865,0.182491520104241,-3.92347190891324,8.7281946627582e-05,0.00724777739087703
"ENSMUSG00000054099",528.315375037988,0.313919053650181,0.174498950822888,1.79897387445499,0.0720228134706752,0.209704126997828
"ENSMUSG00000054102",0.597152439791887,-3.43946897935597,7.2499824180252,-0.474410664887217,0.635207089354002,NA
"ENSMUSG00000054106",0,NA,NA,NA,NA,NA
"ENSMUSG00000054115",126.009934939317,1.09341517248996,0.454190971973624,2.40739081126752,0.0160669659213584,0.0835084312429966
"ENSMUSG00000054116",6.52833230798171,2.26721842140605,1.1676711104676,1.94165840113844,0.0521784677917776,NA
"ENSMUSG00000054117",0.111884121985043,1.16277228171118,7.35560048209411,0.158079858271496,0.874393871811741,NA
"ENSMUSG00000054128",3.94106942717169,-1.73571195508923,1.43186080009612,-1.21220718869649,0.225433080403318,NA
"ENSMUSG00000054134",0.633560494262043,0.503366265273447,7.14762328242662,0.0704242858617129,0.943855961911602,NA
"ENSMUSG00000054136",0.712585981380418,0,7.3561311249555,0,1,NA
"ENSMUSG00000054141",2.44952361034414,1.13503074225904,1.51179921314876,0.750781408263209,0.452784220124611,NA
"ENSMUSG00000054142",0.291729026662745,-3.25078814008572,7.26329727196698,-0.447563691580171,0.654468111911531,NA
"ENSMUSG00000054146",0.111702981040279,-1.11127465013958,7.29419627918035,-0.15235052740649,0.878910474894616,NA
"ENSMUSG00000054150",56.9282925100473,0.336082662992077,0.643978498703422,0.521884913345308,0.601750463127319,NA
"ENSMUSG00000054156",0.0352597853922181,1.155567702399,7.35595536263211,0.157092810577567,0.875171703562209,NA
"ENSMUSG00000054160",0.212353166201642,-1.88332694502355,7.34133917053028,-0.256537247670511,0.797536022980981,NA
"ENSMUSG00000054161",6.49219484677345,0.133759037124571,1.38029563988116,0.0969060781327156,0.922800981876297,NA
"ENSMUSG00000054162",3.28555755426252,1.93679251784711,1.73498123027382,1.11631900337126,0.264285610076619,NA
"ENSMUSG00000054169",4.79486524587928,0,2.48895832828282,0,1,NA
"ENSMUSG00000054191",29.3829005211782,3.4722252579074,1.85389763019463,1.87293257262693,0.0610776965684256,NA
"ENSMUSG00000054196",0,NA,NA,NA,NA,NA
"ENSMUSG00000054199",504.444788163518,0.287381438997287,0.154366279492155,1.86168533660806,0.0626474566607441,0.193220002836647
"ENSMUSG00000054200",0.460789674396412,1.14757838344401,7.35601877134972,0.156005363650458,0.876028793407486,NA
"ENSMUSG00000054203",60.4911832997555,3.92737537816133,1.6851091833539,2.33063555581877,0.0197725849666032,NA
"ENSMUSG00000054204",0.122306308766056,0,7.3561311249555,0,1,NA
"ENSMUSG00000054206",490.906781083413,-0.126078549060029,0.416268763104362,-0.302877756475857,0.761983023402695,0.87522684015055
"ENSMUSG00000054215",0.0406180793754555,0,7.3561311249555,0,1,NA
"ENSMUSG00000054226",965.692910078378,-0.42414306041175,0.215461516010156,-1.96853279539608,0.0490067665139319,0.166346377300162
"ENSMUSG00000054236",9.86998982519632,1.5312250692615,0.836282654161666,1.83098987123735,0.067102054901754,NA
"ENSMUSG00000054237",378.865049730513,-0.567592344325364,0.254001253063204,-2.23460450482159,0.0254433248403077,0.110261843948462
"ENSMUSG00000054252",3.44659145048916,-1.11092585092903,1.94465674891772,-0.571270920457969,0.567816010421354,NA
"ENSMUSG00000054256",1.36828786150546,4.03442289812129,2.89888445915568,1.39171565992539,0.164008518285545,NA
"ENSMUSG00000054258",0.0352597853922181,1.155567702399,7.35595536263211,0.157092810577567,0.875171703562209,NA
"ENSMUSG00000054263",7.81673099868514,0.479514805820645,1.29450356692887,0.370423703781879,0.711066814889606,NA
"ENSMUSG00000054266",0.203191953851584,-2.55204114130856,7.29478763315209,-0.349844473841909,0.726455420204143,NA
"ENSMUSG00000054272",0.405777772871419,4.16036469513821,7.2312459312354,0.575331655803254,0.565067016276214,NA
"ENSMUSG00000054277",95.7257436199392,0.316508457328106,0.412799480014391,0.766736569816106,0.443238156052868,0.644324878320971
"ENSMUSG00000054280",438.398378650477,0.556283337385674,0.320677494265654,1.73471274826927,0.0827916971358087,0.228608232983957
"ENSMUSG00000054293",129.115483950123,-0.052503171607955,0.244654409169408,-0.214601370914186,0.83007812500267,0.916212779772523
"ENSMUSG00000054302",4153.60621033751,-0.565351546063064,0.225740537597746,-2.5044307596648,0.012264860887149,0.0710495183193268
"ENSMUSG00000054304",182.449882440817,0.185460195967295,0.37407213863591,0.495787247464066,0.620044523156686,0.780905898055228
"ENSMUSG00000054309",992.990445007157,0.122138325394972,0.159413270750675,0.766174138575939,0.443572694102488,0.644540118142299
"ENSMUSG00000054310",0.0505384832699878,-1.92760251848995,7.33776685533272,-0.262696070411268,0.792784845802648,NA
"ENSMUSG00000054312",5821.82077410983,-0.663554976359826,0.213083496433819,-3.11406086095418,0.0018453142167338,0.0260056804423214
"ENSMUSG00000054320",0.254006730833072,-1.66807860128039,7.35003501185908,-0.226948388489169,0.820463874999624,NA
"ENSMUSG00000054321",188.46249475316,-0.101366348647103,0.310631636627518,-0.326323325426933,0.744179742156129,0.86276628720248
"ENSMUSG00000054325",0,NA,NA,NA,NA,NA
"ENSMUSG00000054342",1074.1721358756,0.157388098067036,0.196958876996509,0.799091162922429,0.424237553413747,0.627492665629392
"ENSMUSG00000054351",0.722543674725769,0.495098853738552,7.10120914776275,0.0697203593692961,0.944416236779106,NA
"ENSMUSG00000054360",0.236809352566137,0,7.35613112495549,0,1,NA
"ENSMUSG00000054362",4.3065894850432,-0.306091185263418,1.61870999591834,-0.189095752812574,0.85001777020163,NA
"ENSMUSG00000054364",21.0551599357872,-0.204685679072869,0.757129801277555,-0.270344237840711,0.786895435028164,NA
"ENSMUSG00000054379",0.884090061747112,0.289234511881342,3.36071697781395,0.0860633352319602,0.931416069691062,NA
"ENSMUSG00000054381",82.1422998722081,-0.030871343999063,0.313146418789741,-0.0985843750612753,0.921468276474733,0.967057427853565
"ENSMUSG00000054383",2.13161556055844,-0.0473081359223894,2.80163133042547,-0.0168859247855445,0.986527621561661,NA
"ENSMUSG00000054385",2.0561186296335,1.46032047128172,2.55083440281958,0.572487367140549,0.566991841870474,NA
"ENSMUSG00000054387",1728.1949205925,0.767640494581666,0.182623159497614,4.20341262681798,2.62920667909685e-05,0.00366052225674258
"ENSMUSG00000054400",1804.5997631254,-0.404305466311491,0.170637056460157,-2.36938842417207,0.0178175302083819,0.0889077668399067
"ENSMUSG00000054404",811.524224019857,-0.152247580732485,0.290761004420544,-0.523617604898218,0.600544534244122,0.76756082500379
"ENSMUSG00000054405",5046.56604897888,-0.479082501429755,0.212018431223827,-2.25962666860783,0.0238444310029799,0.105897343877522
"ENSMUSG00000054406",0.98431887158457,2.12004831047206,4.69559316843058,0.451497443331669,0.651631067296059,NA
"ENSMUSG00000054408",1375.19946846009,-0.213430272026701,0.212708841497349,-1.003391633955,0.315671939039802,0.527245147466077
"ENSMUSG00000054409",0.0711677912777981,0,7.3561311249555,0,1,NA
"ENSMUSG00000054414",631.901197671188,0.931216769423637,0.455398549537609,2.04483912030276,0.0408707215517544,0.148532015639372
"ENSMUSG00000054417",0.344527640376417,-2.55637262439385,7.29464949143866,-0.350444888050361,0.726004843760067,NA
"ENSMUSG00000054422",0.0380762098104571,-1.67431590235222,7.3501929692546,-0.227792101425878,0.819807867435575,NA
"ENSMUSG00000054423",0.4717132456493,1.77205374056445,7.24310725945551,0.244653803552492,0.806724500495127,NA
"ENSMUSG00000054428",7904.90662962453,-0.664026269487699,0.224921854674072,-2.9522532190121,0.00315464117331235,0.0335307827937555
"ENSMUSG00000054431",0.235087023204743,0.885228797134043,7.34935290461624,0.12044989655865,0.904126767342535,NA
"ENSMUSG00000054434",42.4071563444627,-0.393164962453347,0.492441649944168,-0.798399084435535,0.424638934422767,NA
"ENSMUSG00000054435",16621.4882099806,-0.891564852368005,0.259993436362896,-3.42918215490474,0.000605403066329995,0.0153716637031862
"ENSMUSG00000054446",0.183914904926897,0,7.3561311249555,0,1,NA
"ENSMUSG00000054450",0.425876384715929,1.35153180970376,6.59800298414143,0.204839526892034,0.837697503751585,NA
"ENSMUSG00000054452",4297.36773115299,-0.831652148211339,0.439531278608209,-1.89213416356805,0.0584731074790122,0.184372142720904
"ENSMUSG00000054453",0.244376377034364,-3.12859979112329,7.26795406339668,-0.430464992463249,0.666857426850752,NA
"ENSMUSG00000054455",194.487998458378,-0.513742426136296,0.383251577199331,-1.34048352753183,0.180088196161704,0.372498811269816
"ENSMUSG00000054459",0.53260853982691,-0.109585139053563,7.17178191868954,-0.0152800434112456,0.987808763676703,NA
"ENSMUSG00000054469",112.635333400905,0.867496986041528,0.427052485345456,2.03135917904747,0.042218572186158,0.152088405998605
"ENSMUSG00000054474",19.4111185046741,-0.496336130034991,0.784747934910982,-0.63247841498467,0.527074308625851,NA
"ENSMUSG00000054477",1.25338207867364,0.0611784115517404,2.66118612490764,0.0229891517091326,0.981658926345812,NA
"ENSMUSG00000054484",286.651277029773,-0.851697350307789,0.269130303331277,-3.16462821081661,0.00155281231423612,0.0243257523394993
"ENSMUSG00000054497",0.0406180793754555,0,7.3561311249555,0,1,NA
"ENSMUSG00000054498",0.843761940408136,0.853232835215659,2.81089466646548,0.303544933716262,0.76147460953861,NA
"ENSMUSG00000054499",577.522428079213,-0.568464441978509,0.255308544167523,-2.22657821277421,0.0259754764084994,0.111735241208884
"ENSMUSG00000054509",444.739532590681,0.0900838094186961,0.251800630427004,0.357758474496,0.720524068986181,0.848407435607909
"ENSMUSG00000054517",139.686566756805,0.207757677435232,0.243501329521477,0.853209622483426,0.393543068163487,0.600536931827655
"ENSMUSG00000054519",58.9183120731305,-0.253453114307607,0.54786364966632,-0.462620789793179,0.643636204097374,NA
"ENSMUSG00000054520",38.3114876827733,0.159681809206625,0.646991560582348,0.246806633865359,0.805057876206343,NA
"ENSMUSG00000054523",0.917134103666125,-0.293786316555793,3.60708107702882,-0.0814471064780687,0.93508638796661,NA
"ENSMUSG00000054526",0.0761428429409647,1.16014522764271,7.35573178289054,0.157719892715666,0.874677524569285,NA
"ENSMUSG00000054537",0.242609765659647,-0.228632222218165,7.34981188282209,-0.0311072209552086,0.975184030968324,NA
"ENSMUSG00000054545",2.18523366638185,-1.80227720197272,2.94307011902608,-0.612379973661358,0.54028638848436,NA
"ENSMUSG00000054555",9.01843762347817,0.0587753250090814,1.07045967634909,0.0549066221808003,0.956212856102325,NA
"ENSMUSG00000054568",40.0713936506805,1.48940499854224,0.708673387768178,2.10168044158228,0.0355812779908235,NA
"ENSMUSG00000054580",10.395421555846,-0.220739271287398,1.043483871803,-0.211540664165695,0.832465404658456,NA
"ENSMUSG00000054582",41.3678986405901,-0.205780468768718,0.819484925215017,-0.251109523112612,0.801729433375282,NA
"ENSMUSG00000054589",11.0219283277912,-1.31232792852616,1.02288410483936,-1.28296834638197,0.199503166000644,NA
"ENSMUSG00000054594",1.75335046601219,2.61207997686644,3.1785893987462,0.821773324323292,0.411205918534965,NA
"ENSMUSG00000054598",123.69597891633,1.23421634829133,0.387570456028052,3.18449543584922,0.00145006597554508,0.0237909432897948
"ENSMUSG00000054604",2072.59604734922,-0.55234470645379,0.21200071835728,-2.60539073043581,0.00917695399394828,0.0594068043419638
"ENSMUSG00000054611",1046.11101742455,0.68274404026651,0.233052687238259,2.9295694821511,0.00339431917226713,0.0349501268231206
"ENSMUSG00000054612",39.3419347868522,0.0567668431936392,0.438704045913739,0.129396671223773,0.897043781517492,NA
"ENSMUSG00000054619",81.2320078820097,0.24524938725394,0.476738483146875,0.514431697720494,0.60695020251283,0.77146726890715
"ENSMUSG00000054626",120.719193173572,-1.94601466144609,0.76013182366726,-2.56010155193547,0.0104641580582967,0.0647703208555186
"ENSMUSG00000054630",0.151832128742275,2.15776695399306,7.28492092718563,0.296196345239765,0.767080139761091,NA
"ENSMUSG00000054640",0.759249200747009,0.888847937158442,6.65096335600335,0.133641983812186,0.893685683671039,NA
"ENSMUSG00000054641",0.722266000755962,2.39375340404835,6.79098279896931,0.352489981923038,0.724470830253609,NA
"ENSMUSG00000054648",115.415192947865,-0.340389015964437,0.398848370029607,-0.853429627753448,0.393421097206829,0.600536931827655
"ENSMUSG00000054659",1.00375728309818,1.14913264536554,3.50299333629086,0.328043057764504,0.742879106933508,NA
"ENSMUSG00000054662",0.123460433783231,2.06962139276675,7.27494367096429,0.284486242969415,0.776037775224975,NA
"ENSMUSG00000054666",230.067524794998,0.446582129832433,0.376888304992548,1.18491904343188,0.236049457181989,0.440689455862776
"ENSMUSG00000054667",0.254164101391784,-2.55288387092097,7.29476182011789,-0.349961237100366,0.726367788653906,NA
"ENSMUSG00000054672",12.6925203245997,0.835967883847791,0.835690209557962,1.00033226940636,0.317149735639213,NA
"ENSMUSG00000054675",0.406970040015729,-1.24773841396007,7.33943333663477,-0.17000473425271,0.86500641345505,NA
"ENSMUSG00000054676",555.002605546069,-0.903825059974535,0.313003550312648,-2.88758724644413,0.00388208926203001,0.0374384901026016
"ENSMUSG00000054679",18.6029221069901,0.0074096357892447,0.630071722729718,0.0117599878266926,0.990617103549913,NA
"ENSMUSG00000054690",0.664780536688908,-2.04102935270623,7.13364432394676,-0.286113136570988,0.774791470416319,NA
"ENSMUSG00000054693",1194.54324193699,0.214854411871693,0.165941663809736,1.29475869374215,0.195403485407235,0.391083914405856
"ENSMUSG00000054702",240.850381393548,0.0655359176505091,0.393437563904969,0.166572599220187,0.867706355097199,0.937817332181917
"ENSMUSG00000054708",32.1665565018844,-1.37519911983572,0.588210399904878,-2.33793744561149,0.019390493406333,NA
"ENSMUSG00000054715",66.5349335450454,-0.336612462799946,0.297115428106626,-1.13293498403976,0.257241557328848,0.466746107598322
"ENSMUSG00000054716",190.449881040663,-0.701399274877971,0.410253613243655,-1.70967238858028,0.0873264713553673,0.236434447917778
"ENSMUSG00000054717",35874.9875418415,-0.908419653049265,0.260877758725446,-3.48216596726173,0.000497375321216995,0.014131291757371
"ENSMUSG00000054720",1130.28991367653,0.383005940167484,0.11438462545844,3.34840402398872,0.000812784269927562,0.0179033100053521
"ENSMUSG00000054723",61.4919326316724,-0.223150594345602,0.490273832845064,-0.455155016229721,0.648997720313557,NA
"ENSMUSG00000054727",0.0425774740632087,0,7.3561311249555,0,1,NA
"ENSMUSG00000054728",6.83325277918121,2.49283010173625,1.13242809585847,2.20131424754742,0.0277137849320841,NA
"ENSMUSG00000054733",364.189270994361,-0.50403632771666,0.310483427567567,-1.62339204918424,0.104505623277809,0.264677962106365
"ENSMUSG00000054737",255.975825796714,0.20012825749222,0.30815469814507,0.649440877250572,0.516053449616896,0.70322420036711
"ENSMUSG00000054745",0,NA,NA,NA,NA,NA
"ENSMUSG00000054746",0.44400930178559,1.29270931399743,7.16636492363459,0.180385638712604,0.856849828041559,NA
"ENSMUSG00000054752",35.3521330689471,0.0757865546850942,0.874780632524185,0.0866349252228088,0.930961703944519,NA
"ENSMUSG00000054753",0.973400038451152,2.07191294492529,2.5208850167943,0.821899027969175,0.411134366251715,NA
"ENSMUSG00000054757",0.149179346089039,-1.67143996270115,7.26699934651069,-0.230004143801624,0.818088549746757,NA
"ENSMUSG00000054759",0.168692728397345,2.38688995833507,7.27978680381381,0.327879101773227,0.74300307542809,NA
"ENSMUSG00000054763",8.86711060250842,0.611376192868534,0.914607349310267,0.668457555397506,0.5038415668068,NA
"ENSMUSG00000054764",0.0812361587509111,0,7.3561311249555,0,1,NA
"ENSMUSG00000054766",8543.46919127931,-0.248891318919765,0.204798558191048,-1.21529819896283,0.224252378589262,0.426810285660188
"ENSMUSG00000054770",191.438104331882,0.421899001626531,0.225508453048779,1.87087887803155,0.0613618712874516,0.19068283485585
"ENSMUSG00000054792",77.6266939522323,0.813993255519781,0.435609200497315,1.86863191730221,0.0616740420468892,0.191352136105932
"ENSMUSG00000054793",0.456768262378586,-3.47911449756219,6.35704487523077,-0.547284873057608,0.584183034663424,NA
"ENSMUSG00000054808",1513.47675408043,-0.140890915749707,0.204564029740279,-0.688737486881671,0.490988481239283,0.682331103198413
"ENSMUSG00000054814",105.630870093515,0.632807223959235,0.432501680306776,1.46313240565997,0.143431152202847,0.322329931386155
"ENSMUSG00000054823",1356.70492660391,0.182114950221853,0.168092856187028,1.08341873862399,0.278622601956781,0.489197943222519
"ENSMUSG00000054827",0.435796405433257,-0.0304858118491831,7.22551592956674,-0.00421918824155316,0.996633584830848,NA
"ENSMUSG00000054836",1172.44167775622,-0.580632320110719,0.295183913787546,-1.96701884144208,0.0491810386548967,0.166605403393987
"ENSMUSG00000054843",19.6750121960003,0.921008846361003,0.686100794438432,1.34238125626256,0.179472409003451,NA
"ENSMUSG00000054850",1.1052651849663,0,5.74386164975886,0,1,NA
"ENSMUSG00000054855",16.8392220784921,0.438873882250728,0.695401321277804,0.63110878398145,0.527969398083577,NA
"ENSMUSG00000054863",0.142074997349226,3.16234199338107,7.24913616833546,0.436237079832259,0.662664727608538,NA
"ENSMUSG00000054871",4.83145548384862,0.781475307411523,1.66434502361567,0.469539245963452,0.638684239220486,NA
"ENSMUSG00000054874",195.182387318284,0.819740932539353,0.293654270978947,2.79151714635924,0.0052461578001636,0.0431433193466033
"ENSMUSG00000054885",0.921547582652309,-0.224406074454052,3.16331054052056,-0.0709402607108954,0.943445300661012,NA
"ENSMUSG00000054889",28.0193755816552,-1.70882703371231,2.2013112590378,-0.776276878926813,0.437585521743865,NA
"ENSMUSG00000054890",18.727982791477,0.904322142699764,0.782945289377688,1.15502597048454,0.248079791558532,NA
"ENSMUSG00000054892",1788.88059141568,0.508556793965614,0.21297234496391,2.38790061710497,0.0169449233234952,0.0862960159983257
"ENSMUSG00000054893",72.4944716727073,-0.137879241204349,0.528511220128521,-0.260882335044505,0.794183247841051,0.895256175722293
"ENSMUSG00000054894",209.454110484528,-0.0670587786340671,0.344539738833629,-0.194632929313412,0.845680322152152,0.92595812854165
"ENSMUSG00000054901",13.6264558269116,-0.547061619371691,0.798637365467862,-0.684993769420253,0.493347852656032,NA
"ENSMUSG00000054905",0.167309988413405,-1.65951999610418,7.34981795552814,-0.225790625855703,0.821364268305924,NA
"ENSMUSG00000054920",108.59159793437,0.129577385180253,0.366812730872618,0.353252148233783,0.7238994160087,0.849828607472054
"ENSMUSG00000054931",0.0814153679600731,0,7.3561311249555,0,1,NA
"ENSMUSG00000054932",75.7197376062028,0.230151073235767,0.415459933586604,0.553966952357852,0.579601462919777,0.751758602689657
"ENSMUSG00000054934",79.307865114077,0.326903685317964,0.494666073897616,0.660857298626113,0.508703832827156,0.698602026604118
"ENSMUSG00000054938",3.46190300593906,1.38941517873385,1.63199223722687,0.851361389497043,0.394568632831686,NA
"ENSMUSG00000054939",8.38307296826746,1.77986015992963,0.885382305179895,2.01027301936873,0.0444023008380802,NA
"ENSMUSG00000054940",19.5714489566548,0.821275130151532,0.750503791188454,1.09429844298456,0.273824107971046,NA
"ENSMUSG00000054942",3377.99706209609,1.21025712081833,0.20247940090582,5.97718639725362,2.27024389637528e-09,1.72625853197458e-06
"ENSMUSG00000054945",21.4676359122018,0.156200332299317,0.639231919922977,0.244356277324414,0.806954901126509,NA
"ENSMUSG00000054951",3.02555565225504,-1.1814422786256,1.74956723866704,-0.675276864195125,0.499499880042464,NA
"ENSMUSG00000054957",0.0380762098104571,-1.67431590235222,7.3501929692546,-0.227792101425878,0.819807867435575,NA
"ENSMUSG00000054958",0.194347788195332,-0.111785336647851,7.22315550028982,-0.0154759698366407,0.987652455490291,NA
"ENSMUSG00000054966",0.485423011408235,-1.83731054074698,7.25766354532635,-0.253154548880974,0.800148787425494,NA
"ENSMUSG00000054967",3.26908306685555,4.14954467843166,2.42777222240681,1.70919851546779,0.0874141837723155,NA
"ENSMUSG00000054976",2.14099330181797,0.719400994494396,2.46677574827745,0.29163615500791,0.77056482881067,NA
"ENSMUSG00000054978",0.725951730431145,-0.231354543065254,5.6753445908731,-0.0407648450875231,0.967483365605785,NA
"ENSMUSG00000054986",1.56455632211454,-0.0220944196852477,2.12945086865305,-0.0103756419133648,0.991721584043196,NA
"ENSMUSG00000054988",0.200694509474781,-3.13402779930369,7.26784117740448,-0.431218531446077,0.666309480671782,NA
"ENSMUSG00000054994",0.225236186215606,0,7.3561311249555,0,1,NA
"ENSMUSG00000054999",4.53297179257827,4.15264111471362,1.90483958300834,2.18004768052713,0.0292539273774648,NA
"ENSMUSG00000055003",0.838691154728944,-0.123400429898266,5.62304185882539,-0.021945493737449,0.982491434746845,NA
"ENSMUSG00000055010",0.0458889004883165,0,7.3561311249555,0,1,NA
"ENSMUSG00000055013",5.19336608563409,-0.338149613523466,1.69367119476335,-0.199654817634609,0.841750552519413,NA
"ENSMUSG00000055015",0.519129481538773,0,7.3561311249555,0,1,NA
"ENSMUSG00000055022",36.7701726644902,0.742224016552072,0.489325006554766,1.51683238463106,0.12930900840717,NA
"ENSMUSG00000055024",751.831966681769,0.367720663047985,0.250344143883029,1.46886065455479,0.141870588371451,0.320399992243956
"ENSMUSG00000055026",2.89856348376961,0.130068164465999,1.72167743278832,0.0755473481785427,0.939779226744762,NA
"ENSMUSG00000055027",129.563534378051,0.631740146542531,0.62896132266414,1.00441811567462,0.315177121753078,0.526855182810077
"ENSMUSG00000055030",0,NA,NA,NA,NA,NA
"ENSMUSG00000055033",9.84299367834578,0.421010279158701,1.23856104996462,0.339918875351948,0.733917621659893,NA
"ENSMUSG00000055041",448.203860002459,-0.648082533679686,0.275902253290537,-2.34895701629963,0.0188260799644531,0.0923552359546495
"ENSMUSG00000055044",1528.81759744998,-0.889749357098044,0.254010255991168,-3.50280878866947,0.000460379820143357,0.0134640666334825
"ENSMUSG00000055053",220.837126419282,0.623069986548439,0.462895494163972,1.34602733101508,0.178293702467321,0.370103580195185
"ENSMUSG00000055065",1740.61613882502,-0.0494123178822231,0.192807449182679,-0.256278054046587,0.797736141856615,0.897732074639278
"ENSMUSG00000055067",278.940073829411,-0.00844276620130955,0.278316582931866,-0.0303351173414499,0.975799789863608,0.994307898443641
"ENSMUSG00000055069",2.83780859111173,-0.034626625190224,1.96624043184864,-0.0176105753036868,0.985949520113506,NA
"ENSMUSG00000055072",12.9576939941405,1.27796066144828,1.16218269564696,1.09962114066487,0.271497226951699,NA
"ENSMUSG00000055078",0.161463042837519,-0.0400909429756149,7.34261541056221,-0.00546003579568459,0.995643543382977,NA
"ENSMUSG00000055088",27.8653836737922,-0.250991788615676,0.673636569997846,-0.37259228461495,0.709451916007195,NA
"ENSMUSG00000055093",416.64160736718,-0.0656245610884246,2.14312283489208,-0.0306209984887447,0.97557179562862,0.994280564984937
"ENSMUSG00000055095",0.287886741738525,-2.52675316708751,7.29556667210143,-0.346340905463852,0.729086530501199,NA
"ENSMUSG00000055102",0.394605436290093,1.6154243630694,7.24498424924531,0.222971411323313,0.823557756860328,NA
"ENSMUSG00000055108",6.08209744902316,2.02052774609426,1.49321915513422,1.35313543169264,0.17601236815104,NA
"ENSMUSG00000055109",0.590201606882637,-0.24143432621178,4.23402821070307,-0.0570223707063325,0.954527374885488,NA
"ENSMUSG00000055114",0.16046781344898,0,7.3561311249555,0,1,NA
"ENSMUSG00000055116",305.16867929236,0.277720992889208,0.260148408419261,1.06754830666358,0.285724312243621,0.497425999740788
"ENSMUSG00000055128",360.765459227906,-0.62558114354174,0.313136792346218,-1.99778869437377,0.045739573554303,0.159596076450507
"ENSMUSG00000055137",56.6265547278329,-0.196633402210493,0.472805265646193,-0.415886658837757,0.67749294231751,NA
"ENSMUSG00000055138",0.0816194975237345,0,7.3561311249555,0,1,NA
"ENSMUSG00000055148",3983.74714390917,-0.334854958914777,0.285443375233465,-1.17310467843543,0.240753830623049,0.446573717321965
"ENSMUSG00000055150",38.7316308388882,-0.987531433316457,0.676618113977458,-1.45951078299,0.144424574971793,NA
"ENSMUSG00000055170",2858.90524723873,-1.13535348981558,0.397227403983614,-2.85819527663408,0.00426058105663731,0.0390685006909645
"ENSMUSG00000055172",30.1293100857821,0.865195860553163,0.713315597709467,1.21292155019658,0.225159815512939,NA
"ENSMUSG00000055177",0,NA,NA,NA,NA,NA
"ENSMUSG00000055184",187.106126291326,0.398107795463223,0.410949227716175,0.968751779083958,0.332669051115969,0.541271976477074
"ENSMUSG00000055193",0.146760348750907,2.7315838204913,7.26130313900492,0.376183691577107,0.706780338727022,NA
"ENSMUSG00000055194",2.40748621149847,-0.24890613556124,2.87126903971806,-0.0866885450712349,0.930919081847632,NA
"ENSMUSG00000055197",0.142312793390452,0,7.3561311249555,0,1,NA
"ENSMUSG00000055198",0.114220140845393,-0.22874960374864,7.34979764411376,-0.0311232519349481,0.975171246287389,NA
"ENSMUSG00000055200",252.89785216855,-0.388137222582499,0.372994759139738,-1.04059698714718,0.298062630109039,0.509132382690142
"ENSMUSG00000055202",13.6676849571735,1.97699920821948,0.968415409125651,2.04147847048865,0.041203291710282,NA
"ENSMUSG00000055204",1871.35253811349,0.509405345618565,0.26056039029961,1.95503754439735,0.0505786390120475,0.16896581501659
"ENSMUSG00000055210",8.58902489376651,-0.711428842272035,1.05731042525759,-0.672866572840908,0.501032179941157,NA
"ENSMUSG00000055214",7.35768193619474,-0.22800263406455,0.942680268317454,-0.241866348249234,0.808883726253962,NA
"ENSMUSG00000055216",40.4540329670863,0.328855841464082,0.530337787977049,0.620087515767052,0.535200170927513,NA
"ENSMUSG00000055228",1.15727090039183,-3.46768246053328,3.25114049846209,-1.06660492284896,0.286150276575972,NA
"ENSMUSG00000055235",1.7536302049879,3.34774480344716,2.39845431114626,1.39579261021954,0.162776956340732,NA
"ENSMUSG00000055239",967.321186977004,-0.303535430400789,0.231035685314744,-1.31380323341512,0.188912429233408,0.383456476820523
"ENSMUSG00000055240",462.38550652199,0.72194820688402,0.274316378955727,2.63180860593286,0.00849316935977734,0.0567263372441885
"ENSMUSG00000055254",6.2600458019557,0.822050507315949,1.22569323589324,0.670682095032425,0.502423071528305,NA
"ENSMUSG00000055271",2.82823170004707,0.554063746834359,1.7316460441202,0.319963625774264,0.74899590459767,NA
"ENSMUSG00000055296",1172.80513927961,0.721881805823488,0.272818465793637,2.64601519447561,0.00814461579877827,0.055074590225131
"ENSMUSG00000055298",0.118539001352508,1.15588145333419,7.35594001733497,0.157135791021983,0.875137830792887,NA
"ENSMUSG00000055301",0.480468768020081,1.14712211065392,7.3191987799729,0.156727825700366,0.875459356345253,NA
"ENSMUSG00000055302",3208.75416445596,-0.404224303168601,0.162826612923434,-2.48254444350985,0.0130447794087921,0.0735163309326739
"ENSMUSG00000055305",17.7725173902764,-1.17578396820602,1.01069783114747,-1.16333876651455,0.244692082926084,NA
"ENSMUSG00000055312",0.836431449654001,1.53466825395807,3.96077351166965,0.387466804005953,0.698410655907916,NA
"ENSMUSG00000055313",16.2201637247855,-0.0462162109620666,0.818090499625258,-0.0564927853131613,0.95494924283438,NA
"ENSMUSG00000055319",774.983652097221,-0.137453062781054,0.185428949180459,-0.741270785325351,0.458529271681056,0.656322306771972
"ENSMUSG00000055320",8.2302216361146,-3.21807824146999,1.80795452028675,-1.77995530604364,0.0750832754020865,NA
"ENSMUSG00000055322",46.9511383827253,0.209889319511429,0.643599252225547,0.326118028859788,0.744335056996259,NA
"ENSMUSG00000055333",1.61703299123291,-0.370384307305423,4.62223656480337,-0.0801309716871184,0.936133090097429,NA
"ENSMUSG00000055334",512.4866601297,-0.570285583347851,0.336482129928012,-1.69484656873118,0.0901045306984624,0.241466515526984
"ENSMUSG00000055341",10.7935063443534,-0.586742796347926,1.02940124152584,-0.569984543129383,0.568688181740095,NA
"ENSMUSG00000055357",0.0794459578882123,-1.67504500111785,7.35021151210967,-0.227890721016418,0.819731196498359,NA
"ENSMUSG00000055360",0.306087752583115,-0.415928082711231,7.20605419800787,-0.057719255404187,0.953972255670285,NA
"ENSMUSG00000055368",3.67068964039154,1.2462973381306,1.55884168645852,0.799502187397891,0.423999278806363,NA
"ENSMUSG00000055371",494.577384961656,0.324711141052484,0.259428806367067,1.25163872740118,0.210701536174344,0.410077709211143
"ENSMUSG00000055373",0.899134447211919,-2.03260790697095,5.47692189886298,-0.371122310032014,0.710546434742049,NA
"ENSMUSG00000055385",2.39480369019788,1.83570592118136,2.64641114196961,0.693658627742598,0.487896317364014,NA
"ENSMUSG00000055401",575.786855841613,-0.168131225483293,0.370254537757282,-0.454096326547954,0.649759497139105,0.801280272053303
"ENSMUSG00000055407",20.1581659312442,-0.224094869963678,0.987675812130555,-0.2268911187369,0.820508408198834,NA
"ENSMUSG00000055409",0.64762045512431,-0.0541152786006806,6.87590519367993,-0.00787027701464257,0.993720492307612,NA
"ENSMUSG00000055413",566.641779320061,0.0398453908196245,0.382963239295539,0.104044949308764,0.917133677726141,0.964248713499565
"ENSMUSG00000055415",5.55263532445196,-0.463827975739747,1.3082658947853,-0.354536472737345,0.722936875476466,NA
"ENSMUSG00000055416",0.331366370157693,1.14111450945059,7.35585601359992,0.155130076953767,0.876718771222181,NA
"ENSMUSG00000055421",0.543556831760113,-2.98428558266653,7.28325254145048,-0.409746272792595,0.681992082197978,NA
"ENSMUSG00000055424",2.93753644727798,-0.250592794961239,1.34104912947852,-0.186863247179232,0.851767856076198,NA
"ENSMUSG00000055430",1.40443992494041,-0.582416951527523,2.90024861623164,-0.200816215640254,0.840842282967321,NA
"ENSMUSG00000055435",236.818534168455,-0.233378425649789,0.348409343156277,-0.669839745213458,0.502959953978963,0.693314620705905
"ENSMUSG00000055436",3498.80686245166,0.369902627779233,0.168840458220693,2.19084117442829,0.0284632878713001,0.118268012025137
"ENSMUSG00000055447",13376.3129898549,-0.169577978286112,0.169309081070488,-1.00158820314849,0.316542520873963,0.527659834542854
"ENSMUSG00000055452",0,NA,NA,NA,NA,NA
"ENSMUSG00000055456",0.195597980757895,-1.69375069174638,7.26747366929739,-0.233059075109127,0.815715533216615,NA
"ENSMUSG00000055471",0.789800013575465,0.625360356025924,5.59974346575632,0.111676608017875,0.911079827384117,NA
"ENSMUSG00000055480",14.1703061076385,-0.70017003921994,0.783245626122408,-0.893934183439047,0.371357106841958,NA
"ENSMUSG00000055485",2.68564506123507,1.79857164301389,2.51837464733254,0.714179538345868,0.475116167781536,NA
"ENSMUSG00000055489",0.703904214123579,0.556264858834587,5.05849415670463,0.109966492320111,0.912435948964765,NA
"ENSMUSG00000055491",102.961088589269,0.350838806998804,0.428401930318937,0.818947773502354,0.412816211534814,0.617631035420257
"ENSMUSG00000055493",2.17666584924031,1.9014368127658,2.99735566824422,0.634371433764356,0.52583844776161,NA
"ENSMUSG00000055497",5.84633185948967,-0.397648346489474,1.28604482241814,-0.309202556207784,0.757167449545919,NA
"ENSMUSG00000055515",0.0381979668618393,0,7.3561311249555,0,1,NA
"ENSMUSG00000055523",0.402150308103063,1.15605072232675,7.35596614954014,0.157158243910492,0.875120135824544,NA
"ENSMUSG00000055531",1607.31154337811,-0.0870531523252025,0.165114575621683,-0.527228756137568,0.598034741647083,0.765648675195106
"ENSMUSG00000055538",17.8951572748506,-0.621769397734709,0.727655608523019,-0.854483069259597,0.392837386426724,NA
"ENSMUSG00000055540",0.612587625084819,-0.549570272871307,5.30946605310389,-0.103507634736648,0.917560090399613,NA
"ENSMUSG00000055541",477.975941081667,0.0421500154778994,0.404533532116972,0.104194120218721,0.917015299961881,0.964226809926943
"ENSMUSG00000055546",0.406848488665031,0,7.3561311249555,0,1,NA
"ENSMUSG00000055547",0.11691897134493,-0.230512260982932,7.34993148368662,-0.0313625047382497,0.974980443315744,NA
"ENSMUSG00000055553",1478.77381986956,-0.35931130644231,0.220261569474377,-1.63129368096194,0.102828366099503,0.26197381414783
"ENSMUSG00000055555",0.326531779977457,0.891066579064372,7.14747182799809,0.124668778066936,0.900785776011072,NA
"ENSMUSG00000055560",91.5944764267099,0.428120863568772,0.351965134552816,1.21637293453147,0.2238428893868,0.426648951391023
"ENSMUSG00000055561",0.448215719085923,0.473155236554471,7.19894929729289,0.0657255964745296,0.947596293430617,NA
"ENSMUSG00000055567",1.13113995110539,-0.35863924551199,5.08120690466968,-0.0705815079449722,0.94373082822408,NA
"ENSMUSG00000055571",2.13342753564502,0.136598716950271,1.88637721069052,0.072413256572511,0.942273035272146,NA
"ENSMUSG00000055594",0,NA,NA,NA,NA,NA
"ENSMUSG00000055602",0.466593257316796,2.80057268755981,7.25414397080745,0.386065219939119,0.69944836727225,NA
"ENSMUSG00000055609",0.0948751955936346,0,7.3561311249555,0,1,NA
"ENSMUSG00000055610",0.585008021545352,-3.79620792984627,7.11365113095616,-0.533651125134108,0.59358292966982,NA
"ENSMUSG00000055612",813.322879707128,0.332580436328513,0.336708353577722,0.987740377672998,0.323279814141409,0.533849141795495
"ENSMUSG00000055621",0.15771395561285,-1.67454373765322,7.350197730278,-0.227822951041874,0.819783883486559,NA
"ENSMUSG00000055629",7.7714850189456,-0.982294969761265,1.48187551322271,-0.662872799365594,0.507412023840645,NA
"ENSMUSG00000055632",6.57133999070761,0.841047340815542,0.993193620224518,0.846811058477619,0.39710044338512,NA
"ENSMUSG00000055633",67.2385678474331,-0.413332588950719,0.569114289331411,-0.726273433472032,0.467671162250199,0.664691508101109
"ENSMUSG00000055639",0.967446693996708,3.19864440718982,4.0818294270551,0.783630101245444,0.433257187921411,NA
"ENSMUSG00000055643",0.135697998385527,0,7.3561311249555,0,1,NA
"ENSMUSG00000055652",249.494480188588,0.125622597663609,0.301276249509855,0.416968140927086,0.676701710968453,0.822020713258055
"ENSMUSG00000055653",0.294380572036089,3.06168321299148,7.25040768248682,0.422277387296014,0.672822561400834,NA
"ENSMUSG00000055660",148.620618358501,-0.366336502469126,0.278733482969497,-1.31428954485965,0.188748784314957,0.383456476820523
"ENSMUSG00000055670",669.858179230562,0.718427092028716,0.248655724008646,2.88924413420596,0.00386169133730328,0.0373151207114013
"ENSMUSG00000055675",904.352456826767,0.374131334344888,0.238725973960038,1.56719994954348,0.117067962260546,0.28525320253529
"ENSMUSG00000055676",8.82614425913065,0.206542333218832,1.15425303442934,0.178940255782777,0.857984613336526,NA
"ENSMUSG00000055679",0.248740385664993,1.14697438167159,7.35600546093599,0.155923535913967,0.876093293228919,NA
"ENSMUSG00000055681",4805.19019703829,-0.483888629915923,0.233373825509945,-2.07344859201146,0.0381305507046892,0.14234793948249
"ENSMUSG00000055691",1.53137768706311,4.15109818563907,3.07670088237701,1.34920434073266,0.17727134092992,NA
"ENSMUSG00000055692",7.61605876963876,1.68085733606877,2.31911018416479,0.72478545760607,0.4685836586241,NA
"ENSMUSG00000055700",0.0821652881129979,0,7.3561311249555,0,1,NA
"ENSMUSG00000055707",57.0115956248467,0.203811617936876,0.360680374583079,0.565075430490134,0.572022459272523,NA
"ENSMUSG00000055717",469.642319972728,-0.318147986439265,0.179160279928565,-1.77577299257468,0.0757703408743561,0.216221079544749
"ENSMUSG00000055720",874.373834043305,-0.566897487515592,0.367160212321744,-1.54400577320403,0.122586934032785,0.292910766960136
"ENSMUSG00000055723",1014.46525198146,-0.273313609133468,0.164942939242735,-1.65701915091529,0.0975156032961874,0.253869301707351
"ENSMUSG00000055725",25.3476076038823,0.0728988834342112,0.720739692362553,0.101144538321806,0.919435722836786,NA
"ENSMUSG00000055730",0.332329254355568,1.50974554000666,7.21853522623078,0.209148461937338,0.834332344007038,NA
"ENSMUSG00000055732",0.87524671569091,1.87069271575908,4.07626245064697,0.458923520849883,0.646289087520912,NA
"ENSMUSG00000055733",0.913860736442081,1.15685799317566,4.3638549705644,0.265100009275981,0.790932420191758,NA
"ENSMUSG00000055737",3.25949606087502,0.416105041503363,1.86747185026579,0.222817303213508,0.823677700512468,NA
"ENSMUSG00000055745",20.218343064842,0.578350205090015,0.57764512723946,1.00122060728518,0.316720165912392,NA
"ENSMUSG00000055746",0.152299975901291,2.15868247714752,7.28489880506448,0.29632291880936,0.766983484805405,NA
"ENSMUSG00000055748",1.35226084648981,1.66079550616241,2.96406487619011,0.560310106402641,0.575267935101407,NA
"ENSMUSG00000055760",1022.858019379,-0.48931272374917,0.285591650105575,-1.71332993653101,0.0866518579115167,0.235252297570816
"ENSMUSG00000055761",1.96795274439174,-0.684178356787976,2.47439260794707,-0.276503556707446,0.782161328238467,NA
"ENSMUSG00000055762",4021.87882642333,-0.451030328833681,0.193603496724359,-2.32966003437341,0.0198241264297449,0.095277437780821
"ENSMUSG00000055763",0,NA,NA,NA,NA,NA
"ENSMUSG00000055771",3.20340431781378,-0.20154506727911,1.23410553172544,-0.163312668242662,0.870272259994831,NA
"ENSMUSG00000055775",7.99594662895227,0.651276354740877,0.947372171810613,0.687455652720051,0.491795637625496,NA
"ENSMUSG00000055780",2.60698539274969,-2.07842238924169,1.55802918702809,-1.33400735143238,0.182201447267651,NA
"ENSMUSG00000055782",10.2451054969212,0.0112156840156262,1.13272019904102,0.0099015485246238,0.99209983639392,NA
"ENSMUSG00000055789",0.0812361587509111,0,7.3561311249555,0,1,NA
"ENSMUSG00000055795",15.9718179222068,-0.666504471725076,0.698237097983812,-0.95455322217859,0.339803682471339,NA
"ENSMUSG00000055799",10.7070834655179,1.06984759804027,0.894129659128934,1.19652400199152,0.231492137834032,NA
"ENSMUSG00000055805",1734.89850976391,-0.225171411025632,0.18783990025879,-1.19874111259327,0.230628626553212,0.434323485135931
"ENSMUSG00000055809",3.46899035519411,-1.15181566197667,1.75915256224463,-0.6547559812021,0.512624875861864,NA
"ENSMUSG00000055811",0.165237439796961,-1.66983044862512,7.35007829240782,-0.227185396154208,0.820279583002454,NA
"ENSMUSG00000055817",936.73528414466,-0.417250730202083,0.18571894610861,-2.24667832197406,0.0246605926468972,0.107805698258514
"ENSMUSG00000055820",5.82034182940578,0.93612189847163,1.67173464678129,0.559970387808863,0.575499636091683,NA
"ENSMUSG00000055826",0.203294793332754,0,7.3561311249555,0,1,NA
"ENSMUSG00000055827",0.398753387917135,0.832320157665187,7.14721567897571,0.116453762562888,0.907292928827179,NA
"ENSMUSG00000055835",177.352302024501,-0.0384464671568911,0.350195577469267,-0.109785701563479,0.912579330992326,0.962245181249079
"ENSMUSG00000055838",0.302197594339364,-0.0524345069291396,7.23752624862198,-0.00724481060626524,0.99421952803824,NA
"ENSMUSG00000055839",14696.7926989776,-0.726212740374512,0.205100605101357,-3.54076351952074,0.000398970996933418,0.0126855789643276
"ENSMUSG00000055850",594.663749682643,-0.538879056409259,0.246602583575389,-2.18521253344663,0.0288732669757196,0.119569436135311
"ENSMUSG00000055862",523.036387434037,-0.37063377735241,0.228204932033483,-1.62412693735308,0.104348719996234,0.264416072074538
"ENSMUSG00000055865",20.8339108669875,-2.58555436142173,1.88513725076906,-1.37154701089639,0.17020449924057,NA
"ENSMUSG00000055866",19.1658455954387,-1.04172032983398,1.05250549066399,-0.989752869770577,0.322294926285094,NA
"ENSMUSG00000055872",2.92477784275285,0.63739409568458,1.55249748999161,0.410560467758324,0.681394856208402,NA
"ENSMUSG00000055874",0,NA,NA,NA,NA,NA
"ENSMUSG00000055882",0.410231262894927,3.96212812916702,7.23384673713979,0.547720773350753,0.583883646031167,NA
"ENSMUSG00000055884",235.343823112819,0.854076596284813,0.357107424894136,2.39165174607614,0.0167727488328676,0.0856840424872851
"ENSMUSG00000055891",0.0380762098104571,-1.67431590235222,7.3501929692546,-0.227792101425878,0.819807867435575,NA
"ENSMUSG00000055895",0.375919986925783,0,7.3561311249555,0,1,NA
"ENSMUSG00000055897",148.422798554268,-0.190603089795091,0.271084267058546,-0.703113802446996,0.481984831199542,0.675996035245101
"ENSMUSG00000055900",704.592851641598,-0.0491469372440549,0.329266648565215,-0.149261813968142,0.881347045715543,0.946071103134893
"ENSMUSG00000055912",3.09640700541939,2.90122851957705,1.79231706023675,1.61870273063954,0.105511239078523,NA
"ENSMUSG00000055917",1084.16343801513,-0.163683608610817,0.131655460233809,-1.24327246526752,0.213767447145693,0.41433161079121
"ENSMUSG00000055923",136.788719368668,0.265577040468168,0.265639904817434,0.999763347493632,0.317425047371192,0.528861963380292
"ENSMUSG00000055926",2.04359879270406,-4.92468761989134,3.06710737236858,-1.6056456530533,0.108351788593844,NA
"ENSMUSG00000055932",297.397373947683,0.492902129247193,0.190107749142849,2.59275138162211,0.00952115710652284,0.0609145468965616
"ENSMUSG00000055933",0.128394793296086,-2.73363800932567,7.28506288815553,-0.375238766129277,0.707482901802866,NA
"ENSMUSG00000055937",0.204229509726802,-2.55123159409999,7.29481244310423,-0.349732308266768,0.7265396045356,NA
"ENSMUSG00000055942",0.730710982719821,-3.147308192853,7.26149163232035,-0.433424474228487,0.664706423521897,NA
"ENSMUSG00000055943",1938.77056300684,-0.249557789509127,0.140930005067503,-1.77079245395325,0.0765952212500428,0.218002086901419
"ENSMUSG00000055945",2.0852908293264,0.712124459226494,1.91936036265807,0.371021759686802,0.710621324711992,NA
"ENSMUSG00000055958",0,NA,NA,NA,NA,NA
"ENSMUSG00000055960",4.22527176573145,0.679692769353943,1.44118979397839,0.471619194219838,0.637198623782891,NA
"ENSMUSG00000055963",1.11747992167856,-0.753351283080874,3.78641614096894,-0.198961565510359,0.84229280975822,NA
"ENSMUSG00000055968",0.277814833252423,-1.2099280444009,7.17975632995021,-0.168519374307135,0.866174703134668,NA
"ENSMUSG00000055971",0.114228629431371,-3.13863321915088,7.26774571323647,-0.431857874916372,0.665844712909321,NA
"ENSMUSG00000055976",1.22655034048855,-1.06343055444626,4.62644809792888,-0.229858961331982,0.818201366601536,NA
"ENSMUSG00000055978",3.46440978135423,0.589025139393566,1.45523341886687,0.404763340201612,0.685651478309984,NA
"ENSMUSG00000055980",1.27429940085234,2.74488370869491,3.27941989915909,0.837002821565714,0.40259098203903,NA
"ENSMUSG00000055991",60.7827551549186,-0.135982081760995,0.399794441657363,-0.340129995798031,0.733758633593949,NA
"ENSMUSG00000055994",15.749460172811,-0.560806658344309,0.766911838028805,-0.731253099164242,0.464624572128188,NA
"ENSMUSG00000056004",2.97381065990728,-0.110454893722548,1.65557266349963,-0.0667170316095113,0.946806975258062,NA
"ENSMUSG00000056008",2.10290826241446,-1.04967293839483,2.83660106026456,-0.370046022015142,0.711348199842084,NA
"ENSMUSG00000056014",77.0630199522331,-0.69440266678297,0.335315347046642,-2.07089437718572,0.038368667754441,0.142750274116257
"ENSMUSG00000056018",6.1139665007947,-1.63013140961517,1.5298029216507,-1.06558262279707,0.286612357948968,NA
"ENSMUSG00000056019",149.635543115203,0.468102236043813,0.401416470342761,1.16612613240336,0.243563452429969,0.450107445741306
"ENSMUSG00000056025",22.4982059539151,1.1863122649623,0.673861428028214,1.76046916416268,0.0783282913502752,NA
"ENSMUSG00000056035",0.549545778676041,-0.874556897298337,7.14772161099977,-0.122354638987683,0.902618161359042,NA
"ENSMUSG00000056043",4.79831244535392,1.88283347530376,1.23836600264724,1.52041760778223,0.128406051884799,NA
"ENSMUSG00000056050",760.332507399199,0.467301809730782,0.181829671949926,2.56999754066252,0.0101699236957466,0.0634810068938624
"ENSMUSG00000056054",2176.64379911142,0,2.17646743253994,0,1,1
"ENSMUSG00000056055",2064.7987456515,-2.78026522349297,0.812747313210217,-3.42082364137433,0.000624318030069474,0.015584302341507
"ENSMUSG00000056069",3085.40355482372,-0.21057908851164,0.202883099189849,-1.03793312184466,0.299301191990525,0.51032550682917
"ENSMUSG00000056071",1808.56824853947,0,2.18600835763663,0,1,1
"ENSMUSG00000056073",12.6115393460221,0.674588651013881,0.82156010873794,0.821106871961161,0.411585396065235,NA
"ENSMUSG00000056076",1392.5706316878,-0.0190553947496904,0.176133191206648,-0.108187415552664,0.913847027295794,0.962532852642634
"ENSMUSG00000056078",0.159378008080431,0,7.3561311249555,0,1,NA
"ENSMUSG00000056089",0.121522387773216,0,7.3561311249555,0,1,NA
"ENSMUSG00000056091",19.740949018446,-1.01351029224412,1.18983822148014,-0.85180512270259,0.394322262672411,NA
"ENSMUSG00000056115",0.21545255926589,2.09172868731786,7.23600757203681,0.289072208188565,0.772526120769406,NA
"ENSMUSG00000056116",2835.14917947626,-0.353068462161126,0.194595697502067,-1.81436931388155,0.069620886772412,0.205262152447569
"ENSMUSG00000056121",277.0454044343,-0.0539326421432211,0.223428351223749,-0.241386743659989,0.809255386060193,0.904122207594037
"ENSMUSG00000056124",21.2319759069011,0.931912771385429,0.611666989029774,1.52356231102749,0.127618084043423,NA
"ENSMUSG00000056130",57.7307955248377,0.0662604085681396,0.453967714361791,0.145958416142636,0.883954215899378,NA
"ENSMUSG00000056131",244.379976033887,0.197317552963537,0.251791467662044,0.7836546440421,0.433242782863926,0.6355948255801
"ENSMUSG00000056133",0,NA,NA,NA,NA,NA
"ENSMUSG00000056144",387.385764307171,0.669956525795364,0.567396238011541,1.18075602359164,0.237699658603763,0.442997949716854
"ENSMUSG00000056148",27.4914591241207,0.398489891444631,0.647180510565393,0.615732218352034,0.53807126956662,NA
"ENSMUSG00000056153",180.515284306102,-0.37809757606123,0.339661911635667,-1.11315859420467,0.26564032217182,0.475526002294177
"ENSMUSG00000056155",18.696510888443,-0.0526645417984314,0.715114174078111,-0.0736449418952209,0.941292909745963,NA
"ENSMUSG00000056158",2.18737919290668,1.6639168933313,2.2181021797744,0.750153400733114,0.4531623206629,NA
"ENSMUSG00000056162",74.4348179721953,1.0544359561089,0.495826603240386,2.12662239020218,0.0334514706115449,0.131478245326092
"ENSMUSG00000056167",448.700366772775,0.285430638462545,0.171096640502754,1.66824221459772,0.0952676538766361,0.249660858581799
"ENSMUSG00000056174",3.71470797458817,5.44263296165407,2.16945736907419,2.50875312842708,0.0121158126446795,NA
"ENSMUSG00000056184",0.0761524196209141,-2.55627499047924,7.29465809108018,-0.350431090609309,0.726015196884991,NA
"ENSMUSG00000056185",83.5739680475786,0.365215298078724,0.36339373906391,1.00501263180677,0.31489076740941,0.526682781022338
"ENSMUSG00000056197",0,NA,NA,NA,NA,NA
"ENSMUSG00000056201",55679.6528107496,-0.961273513042901,0.32448999417653,-2.96241341888633,0.00305237640913141,0.0331204619146696
"ENSMUSG00000056203",0,NA,NA,NA,NA,NA
"ENSMUSG00000056204",60.5332458251928,-0.728682232987224,0.679580483875504,-1.07225303003362,0.283606397406758,NA
"ENSMUSG00000056209",262.941174197923,-0.226997407449661,0.363699073289797,-0.624135237399378,0.532538774096619,0.717772809100774
"ENSMUSG00000056211",1198.13683638104,0.866755969611263,0.242561544531648,3.57334453523887,0.000352450530975489,0.0122857542286594
"ENSMUSG00000056214",31.0053257665868,0.272276347170782,0.593760358685588,0.458562689792095,0.64654823463009,NA
"ENSMUSG00000056215",1.2050051725791,-2.42539946072277,4.15795496784699,-0.583315471061645,0.559680949529122,NA
"ENSMUSG00000056216",732.022604540327,-0.106149332074178,0.217824451056371,-0.487315962736928,0.626034437226145,0.784864557234294
"ENSMUSG00000056219",0,NA,NA,NA,NA,NA
"ENSMUSG00000056220",10.9869531342866,0.586293654727486,1.12113198127673,0.52294793522866,0.601010485377838,NA
"ENSMUSG00000056222",0.395887436337626,-1.66242230636581,7.26803632393019,-0.228730599610826,0.819078310135063,NA
"ENSMUSG00000056223",0.073595980149099,-0.228065188644104,7.34975205176976,-0.0310303241575596,0.975245356131157,NA
"ENSMUSG00000056228",616.935494257232,0.129936224304631,0.18646471362209,0.696840821947549,0.485902415808768,0.678381952652073
"ENSMUSG00000056234",701.693560187012,-0.36576291744878,0.152388585601521,-2.40019891256953,0.0163861648683441,0.0845439453169602
"ENSMUSG00000056257",1.72474337039191,-1.21900883250212,2.38349882804612,-0.511436724095812,0.609045285248712,NA
"ENSMUSG00000056258",10.4686813785528,0.201625521926826,1.10545653838639,0.182391179504112,0.85527574744496,NA
"ENSMUSG00000056260",624.848856711429,-0.0563735689775995,0.24595263555086,-0.229204980265162,0.818709601921646,0.909728463915858
"ENSMUSG00000056267",502.460528739782,-0.250497111007046,0.35720766691111,-0.701264654180511,0.483137867651343,0.676511155264498
"ENSMUSG00000056268",1181.73718001722,-0.0161532219391638,0.197135316881528,-0.0819397670325678,0.934694611227296,0.973750701967934
"ENSMUSG00000056270",0.0355187493373064,1.16171280725677,7.35565536667627,0.157934643392857,0.874508299155349,NA
"ENSMUSG00000056271",4.70209046757575,1.35690698336509,1.27727739208396,1.06234322456081,0.288079898252769,NA
"ENSMUSG00000056281",40.3130408304621,0.79583169261832,0.571026490015291,1.39368611882964,0.16341240980988,NA
"ENSMUSG00000056290",92356.9750920448,0.00220435980553263,0.213349928519248,0.0103321328525018,0.991756297390374,1
"ENSMUSG00000056293",0.545112135766101,0,7.3561311249555,0,1,NA
"ENSMUSG00000056296",1.28502531377533,1.37474818846476,4.417876731744,0.311178485037101,0.755664938105112,NA
"ENSMUSG00000056300",4.27820646578209,-0.693981734766422,1.6799897909161,-0.413086876193452,0.679542964315384,NA
"ENSMUSG00000056305",360.967113319836,-0.140395893775504,0.209220995059281,-0.671041133972832,0.502194325613961,0.692452351610268
"ENSMUSG00000056306",0.240732318642114,-1.67381616836218,7.35018030083232,-0.227724504686319,0.819860420923858,NA
"ENSMUSG00000056310",256.367537067407,0.336306369136698,0.251866810210687,1.33525480731414,0.181792964348161,0.374754761756255
"ENSMUSG00000056313",0.0735968543239081,-0.228826925456264,7.3497819254383,-0.0311338387693208,0.975162803307253,NA
"ENSMUSG00000056328",1.35241657616772,4.62250216839049,4.19121337055976,1.10290308788863,0.270069253128425,NA
"ENSMUSG00000056342",1945.48706879206,0.404057163101422,0.230063953298831,1.75628192642847,0.0790402817586563,0.222424126701256
"ENSMUSG00000056350",0.0444816915190641,0,7.3561311249555,0,1,NA
"ENSMUSG00000056366",0.20306352652456,-0.215615159232703,7.34847604017653,-0.0293414795195445,0.976592245258569,NA
"ENSMUSG00000056367",18.8334008980116,-1.7904854290673,0.691474050377271,-2.58937472503906,0.00961504005814728,NA
"ENSMUSG00000056370",0.492777143476431,-1.11580369210139,4.83608806872728,-0.230724435999579,0.817528888472106,NA
"ENSMUSG00000056379",0.0761524196209141,-2.55627499047924,7.29465809108018,-0.350431090609309,0.726015196884991,NA
"ENSMUSG00000056380",0.240509504975557,-3.02667330132482,7.31706203561211,-0.413645980667379,0.679133393801111,NA
"ENSMUSG00000056383",520.443394390203,-0.305291171982391,0.311183326007611,-0.981065328593229,0.326560526752567,0.537023923964252
"ENSMUSG00000056394",2270.70434979417,0.439525231344821,0.215440416945754,2.04012430710943,0.0413379462919567,0.149438920103891
"ENSMUSG00000056399",38.5628870791581,1.46022958314946,4.42263178298454,0.330172090918237,0.741269933680858,NA
"ENSMUSG00000056412",217.39821686857,-0.244386562572252,0.493589791851493,-0.495120779657009,0.620514866586957,0.780963009402449
"ENSMUSG00000056413",332.280107962678,-2.41930722398014,0.75090909359298,-3.22183769596416,0.00127371265110347,0.0221276793605585
"ENSMUSG00000056423",0.37238873769974,0,7.3561311249555,0,1,NA
"ENSMUSG00000056426",0.294534804352236,3.95872528849496,7.23387133886646,0.547248506788523,0.584208015272924,NA
"ENSMUSG00000056427",0.430315294319073,2.00868791969045,7.22885284250283,0.277870910288856,0.781111455060961,NA
"ENSMUSG00000056429",1817.00897169405,0.323257178973114,0.214338459405438,1.50816227694185,0.131512999399221,0.3063162109004
"ENSMUSG00000056436",1.53139457637462,1.14879195368226,5.17684152725588,0.221909816561684,0.824384088536519,NA
"ENSMUSG00000056457",0.207937983187743,2.92713376720672,7.25225100273399,0.403617272223925,0.686494182430663,NA
"ENSMUSG00000056458",2.43912085963203,-0.114951434758219,2.54418810816678,-0.0451819715646135,0.963962264181287,NA
"ENSMUSG00000056459",618.515691436764,-0.56581013781725,0.288828747433078,-1.95898137857052,0.0501149676013942,0.168441501101592
"ENSMUSG00000056468",0,NA,NA,NA,NA,NA
"ENSMUSG00000056476",145.606928319616,0.568397491700663,0.676383556238088,0.840347886134278,0.400713359572789,0.60585065148012
"ENSMUSG00000056481",0.201510189007459,0,7.3561311249555,0,1,NA
"ENSMUSG00000056486",4.11659259489904,-0.0173792656954044,2.1468452883323,-0.008095257627486,0.993540989469985,NA
"ENSMUSG00000056487",0,NA,NA,NA,NA,NA
"ENSMUSG00000056492",1.28229974425842,1.33556582927094,2.44553281092498,0.54612468223879,0.584980234450011,NA
"ENSMUSG00000056493",181.011725535953,0.0639677047461894,0.330129504825232,0.193765488425681,0.846359511070674,0.926117121789281
"ENSMUSG00000056494",0.256674502074016,3.16262816929604,7.24913066791097,0.436276888109597,0.662635848355965,NA
"ENSMUSG00000056498",854.583354607791,-0.18687240318579,0.214674049217233,-0.870493680382813,0.384030671317426,0.592962072160694
"ENSMUSG00000056501",334.328282374891,-1.09141676377903,0.300842018490347,-3.62787342425056,0.000285765289074317,0.0110776073823515
"ENSMUSG00000056508",1.339267305512,-1.28546927983756,2.61910928923366,-0.490803986348231,0.623565090313992,NA
"ENSMUSG00000056509",0.162314888427259,1.32248211633368,7.26572527900863,0.182016531805084,0.855569752109892,NA
"ENSMUSG00000056515",33.6003701613278,-1.09286143795202,0.699548500111118,-1.56223826908132,0.11823186835792,NA
"ENSMUSG00000056529",15.5946781006572,0.360037972501974,0.796613989759322,0.451960393779616,0.651297515168788,NA
"ENSMUSG00000056531",234.542072797818,-0.353506626067474,0.420199737768632,-0.841282357634692,0.400189771773918,0.605429429749798
"ENSMUSG00000056536",459.691581310338,0.453551353726817,0.397067941071892,1.14225125428773,0.253349596813416,0.462485829085986
"ENSMUSG00000056537",788.742602612512,0.866367688721456,0.263143734579031,3.29237437519629,0.00099345269767187,0.0197194375833061
"ENSMUSG00000056544",0.0879684254077646,0,7.3561311249555,0,1,NA
"ENSMUSG00000056553",1.35957003569333,-1.20261458098284,4.40512456812161,-0.27300353540187,0.784850497915489,NA
"ENSMUSG00000056564",6.63850371811474,1.27096826945822,1.7453337805096,0.728209287903158,0.466485481157866,NA
"ENSMUSG00000056569",0.227960511371838,0,7.3561311249555,0,1,NA
"ENSMUSG00000056586",0.0948751955936346,0,7.3561311249555,0,1,NA
"ENSMUSG00000056592",65.0745982728469,-0.192374798144685,0.450944876056264,-0.426603800950345,0.669667928790382,NA
"ENSMUSG00000056596",12.0372625783183,-1.41336435832999,1.55795694619838,-0.907190896243177,0.364305857094493,NA
"ENSMUSG00000056598",60.1954710037735,0.712845844279091,0.53470046090468,1.33316856146524,0.182476493881822,NA
"ENSMUSG00000056600",209.266648262623,0.19123837530911,0.642246141140612,0.297764926963166,0.765882585148267,0.877054827392486
"ENSMUSG00000056602",464.298822383116,0.53374977795068,0.246629609239329,2.16417558133797,0.0304508766006277,0.124162347061941
"ENSMUSG00000056605",0.121357713175588,0,7.3561311249555,0,1,NA
"ENSMUSG00000056608",2504.37843780203,0.516876290570282,0.302087947741266,1.71101261879199,0.0870787833950363,0.235992078420246
"ENSMUSG00000056612",1501.36561558715,-0.594424966808502,0.278486070850975,-2.13448724739484,0.0328029164559918,0.129650871318464
"ENSMUSG00000056617",1.85131612538634,0.175875700052449,1.74326986186735,0.100888395938914,0.919639054804919,NA
"ENSMUSG00000056629",3423.6552889054,-0.3208252580944,0.203012785304284,-1.5803204591944,0.114033496820704,0.280853177182512
"ENSMUSG00000056632",0.281406608407176,-1.67203346746581,7.35013415308312,-0.227483394539738,0.820047880032607,NA
"ENSMUSG00000056643",0.829529424288365,2.08914986846308,5.58395263363252,0.374134597037947,0.708304180018837,NA
"ENSMUSG00000056648",0,NA,NA,NA,NA,NA
"ENSMUSG00000056656",10.2928161232272,0.989655925339908,1.26266957019161,0.783780609514277,0.43316885351988,NA
"ENSMUSG00000056665",67.7229926620236,-0.64847131187765,0.520128938821734,-1.24675107166053,0.212488786033118,0.412095673913551
"ENSMUSG00000056666",33.977902273913,0.749442880588321,0.688696795028818,1.0882043970554,0.276504884036089,NA
"ENSMUSG00000056671",1106.61216896712,-1.15816835807476,0.297431192944362,-3.89390348271712,9.86439111470904e-05,0.00743587748810522
"ENSMUSG00000056673",245.451452377118,0.809335357465326,1.3945480986779,0.580356717873421,0.561674086460577,0.738918098329452
"ENSMUSG00000056679",1.16930175278477,0.600601130616452,3.60780987514817,0.166472500325918,0.867785122749371,NA
"ENSMUSG00000056682",1.45959293472822,-0.453849896914034,2.41065713119012,-0.18826812450511,0.850666471480993,NA
"ENSMUSG00000056692",463.026948363991,-0.184147414654496,0.193343780034466,-0.95243516301207,0.34087633354658,0.549542111814989
"ENSMUSG00000056696",0.0740528904722058,-0.383800120350882,7.35032702181839,-0.052215380242488,0.958357077989888,NA
"ENSMUSG00000056698",90.7425106159703,-0.71587007906936,0.333328432514016,-2.14764181282153,0.0317422210809915,0.127342473776624
"ENSMUSG00000056706",0.152874184117495,2.71962878711661,7.26149983580457,0.374527142961131,0.708012166419622,NA
"ENSMUSG00000056708",750.821814608727,-0.235926461864583,0.218728963908104,-1.07862469445841,0.280755068223593,0.49163221424096
"ENSMUSG00000056718",8.83905671721562,1.05364702387692,0.917385469272619,1.14853249715448,0.250748805486412,NA
"ENSMUSG00000056724",926.05755344269,-0.0810822899553893,0.254166135627986,-0.319012954873212,0.7497166890793,0.866068653914792
"ENSMUSG00000056728",0.0736649126185792,-1.67603973836854,7.35023575298115,-0.228025303499791,0.819626569305342,NA
"ENSMUSG00000056737",1313.64437096221,-0.192471206507361,0.331396603800801,-0.580788107964599,0.561383270902961,0.738918098329452
"ENSMUSG00000056749",206.944660933888,-0.825040726609249,0.299061623853447,-2.75876495278295,0.00580202501007459,0.0459927964912489
"ENSMUSG00000056752",3.56469453816587,-1.70721855070796,2.31051584987001,-0.738890646780893,0.459973402318332,NA
"ENSMUSG00000056755",0.752565709073078,-0.241098951382703,6.73457889358529,-0.035800152495407,0.971441711472578,NA
"ENSMUSG00000056758",13.67532938478,0.736363579613215,0.908367514802276,0.810644995130082,0.417569569510019,NA
"ENSMUSG00000056763",663.834441725185,0.76795255119563,0.29077814551231,2.64102568589742,0.00826554525904835,0.0556634627826466
"ENSMUSG00000056770",618.387865216868,0.0239997059597181,0.169136258160936,0.141895689432138,0.887162399201253,0.949399189791533
"ENSMUSG00000056772",1.72750182735932,0.237416679202182,1.74790047074456,0.13582963285149,0.891955964525476,NA
"ENSMUSG00000056777",6.791994839828,-0.512396349104451,0.894135590969396,-0.573063363408816,0.566601792231477,NA
"ENSMUSG00000056782",22.3839694314282,0.369423202972002,0.666053068626241,0.554645298360311,0.579137298668389,NA
"ENSMUSG00000056797",1.8084929375273,-4.13118835352694,2.55570249784862,-1.61645901939078,0.105995106827847,NA
"ENSMUSG00000056812",1.20348117912381,2.41709946524013,3.40630290265186,0.709596161679686,0.477954600527917,NA
"ENSMUSG00000056815",0,NA,NA,NA,NA,NA
"ENSMUSG00000056820",839.594281763322,-0.0959898913770237,0.173302425728081,-0.553886600108161,0.579656456216547,0.751758602689657
"ENSMUSG00000056822",0.750935945741885,4.67986596980565,7.23156079420451,0.64714466254037,0.517538321881166,NA
"ENSMUSG00000056824",2.74922366124942,0.571428146384142,1.9424861282724,0.294173604674518,0.7686252491572,NA
"ENSMUSG00000056829",0.121259220396413,1.15608957351756,7.35592788402755,0.157164343063756,0.875115329134226,NA
"ENSMUSG00000056832",28.9834394124391,1.1946952086186,0.550756831340213,2.16918818003841,0.0300684001472997,NA
"ENSMUSG00000056836",688.809274008769,-0.44896616237885,0.313171268678469,-1.43361223484329,0.151682950088707,0.335283086231411
"ENSMUSG00000056849",1.9608410847252,-0.896225776712156,1.97821272581033,-0.453048231375136,0.650514011551087,NA
"ENSMUSG00000056851",4728.84034517244,-0.501230481676682,0.186343782116808,-2.68981597337382,0.00714914311022614,0.0511527149099966
"ENSMUSG00000056853",3.40952567484657,1.12946085952048,1.51678918661533,0.744639314076883,0.456489794666875,NA
"ENSMUSG00000056854",1.23584883901574,1.95695161505754,2.8722127762026,0.681339360116926,0.495656783408901,NA
"ENSMUSG00000056856",0.175873049324821,1.19408082383818,7.35443961289376,0.162361904739108,0.871020868359768,NA
"ENSMUSG00000056858",0.0790768756404906,1.15135603417808,7.35611715669424,0.156516815821825,0.875625665480992,NA
"ENSMUSG00000056863",0.154974806914454,0,7.3561311249555,0,1,NA
"ENSMUSG00000056870",1.9433640687327,1.02776487045693,2.29697143551835,0.447443470373415,0.654554895050808,NA
"ENSMUSG00000056877",6.95468235134622,-0.139345904661542,0.926181725813553,-0.150452012577922,0.880408008122512,NA
"ENSMUSG00000056880",4.77886614753736,3.04491907461513,1.2575634181545,2.42128470871363,0.0154657590611975,NA
"ENSMUSG00000056883",0.923842814080959,-0.372850179347937,4.62768768558631,-0.0805694343871215,0.935784374979687,NA
"ENSMUSG00000056885",0,NA,NA,NA,NA,NA
"ENSMUSG00000056888",3648.70129040728,-0.0422374367033848,0.216474224717688,-0.19511531573086,0.845302672784991,0.92595812854165
"ENSMUSG00000056895",89.8629315529408,-0.0716163115068262,0.331021486284595,-0.216349434928385,0.828715377888551,0.916138671453452
"ENSMUSG00000056899",132.551741139587,-0.598068768339773,0.241562179171043,-2.47583777556626,0.0132923959982256,0.0743606872905827
"ENSMUSG00000056900",0.965609025960595,2.22007682894991,5.44114255819856,0.408016662898266,0.683261441649873,NA
"ENSMUSG00000056901",0.0812361587509111,0,7.3561311249555,0,1,NA
"ENSMUSG00000056904",7.32295546405979,-1.26148340709625,1.35396137804778,-0.931698220901344,0.351492506174109,NA
"ENSMUSG00000056910",0.159601069023677,-2.54708482697034,7.29493973381732,-0.349157761394897,0.726970874559845,NA
"ENSMUSG00000056912",0.24258259047583,-1.4841329886106,7.27255921026613,-0.204073001772961,0.838296451828129,NA
"ENSMUSG00000056917",912.931857404868,0.115231404980357,0.207587997470462,0.555096664472394,0.578828544148512,0.751526354096941
"ENSMUSG00000056919",303.442631456056,0.987252400611576,0.30496919262626,3.23722010118397,0.00120700279043922,0.0215818215812917
"ENSMUSG00000056921",8.61929120639781,0.0765148923812488,1.1118358009598,0.0688185182696913,0.945134077585304,NA
"ENSMUSG00000056926",0.0711026190450843,1.16341885114675,7.35557040989319,0.158168406570068,0.87432409824932,NA
"ENSMUSG00000056938",122.125779802207,-0.693390459463078,0.312997533227239,-2.21532244140617,0.0267379405773538,0.114162957664932
"ENSMUSG00000056941",1973.28054302312,-0.572849101657547,0.248350598286789,-2.30661454254294,0.021076318101451,0.0981806806940826
"ENSMUSG00000056943",1.33339973785376,-3.21305540593619,3.07566852358619,-1.04466894962719,0.296176000391152,NA
"ENSMUSG00000056946",0,NA,NA,NA,NA,NA
"ENSMUSG00000056947",0.111692347790238,-1.11055722595379,7.29419029442003,-0.152252296845525,0.878987947792099,NA
"ENSMUSG00000056952",62.6822274118804,-0.159217481179373,0.488872915254165,-0.325682761739001,0.744664387896089,NA
"ENSMUSG00000056959",0.265927116122442,-3.79635210923852,7.25069082326955,-0.523584883395516,0.600567297825539,NA
"ENSMUSG00000056961",0.0756834314086119,0,7.3561311249555,0,1,NA
"ENSMUSG00000056962",956.326483879874,-0.604906421347574,0.161932143201895,-3.73555496386769,0.000187301662133543,0.00916572737717859
"ENSMUSG00000056966",24.3959082082017,0.415750605458626,0.859851699305384,0.483514315078382,0.628730598000375,NA
"ENSMUSG00000056972",0.183675599096306,0,7.3561311249555,0,1,NA
"ENSMUSG00000056973",0.291894879959277,1.86286963593431,7.28643622306999,0.255662655776246,0.798211333353235,NA
"ENSMUSG00000056978",1.54471501733349,-1.87014503438009,6.05080076230434,-0.309073973486424,0.757265256712918,NA
"ENSMUSG00000056987",1.25125361404052,2.02657621036272,3.16538590908159,0.640230375875628,0.522022837420369,NA
"ENSMUSG00000056995",32.3535347635799,0.03665123128686,0.51420678912596,0.0712772216585455,0.943177123594737,NA
"ENSMUSG00000056999",643.481702633657,-1.0304813286867,0.199725914706424,-5.15947732772384,2.47640208963328e-07,9.79169386241e-05
"ENSMUSG00000057000",0.220773338806793,-0.185565389109742,7.27442098124009,-0.0255093002712236,0.979648730358596,NA
"ENSMUSG00000057003",0.554347982725787,0.77347196699016,6.2211373062539,0.124329673002493,0.901054253910158,NA
"ENSMUSG00000057021",0.317990866391303,-1.10232687035411,7.29459796968787,-0.15111550697307,0.879884600180087,NA
"ENSMUSG00000057036",6294.97314490694,-0.533500252787488,0.230186785491575,-2.31768410010233,0.0204664957719255,0.096780772093851
"ENSMUSG00000057037",6.44846414638545,1.54721317113152,1.1425491422206,1.35417647605462,0.17568008211687,NA
"ENSMUSG00000057047",0.492507629140762,-0.45388541097212,7.34116515490227,-0.0618274349364045,0.950700255357156,NA
"ENSMUSG00000057050",4.18353335673584,0.96853152329286,1.88978314864891,0.512509344781335,0.608294581881685,NA
"ENSMUSG00000057054",6.38731181364907,-2.29935143403706,1.36649049824656,-1.68266917112671,0.0924391529375278,NA
"ENSMUSG00000057058",6765.17213332117,-0.568847151989313,0.264740633187648,-2.14869604691968,0.0316585022655805,0.127213128006205
"ENSMUSG00000057060",0.755564632873695,-0.390997374811914,3.78154899174658,-0.103396088657131,0.917648616309631,NA
"ENSMUSG00000057067",0.355934001350402,3.78260012175009,7.23520593970871,0.522804762334434,0.60111012518541,NA
"ENSMUSG00000057068",0.262513029215158,-1.65964922277933,7.28015713815753,-0.227968873649801,0.819670438641572,NA
"ENSMUSG00000057069",613.227945497554,0.364221901581385,0.22545044252189,1.61552977012241,0.106196018784447,0.267755716581484
"ENSMUSG00000057072",0.340750181587181,0,7.3561311249555,0,1,NA
"ENSMUSG00000057074",5.87158177447308,1.77858867526662,1.32649289765615,1.3408203529844,0.179978786446558,NA
"ENSMUSG00000057092",1.29776624881579,-1.25544680915429,3.42370832377547,-0.366692104124645,0.71384869691425,NA
"ENSMUSG00000057093",61.9996294585816,0.935094283492666,0.595494152271395,1.57028289854054,0.116349310944952,NA
"ENSMUSG00000057098",49.0364152278253,0.311928599056096,0.69187051097849,0.450848235481153,0.652098933841542,NA
"ENSMUSG00000057101",310.71160095645,0.0665925432722487,0.201155904670635,0.331049408573339,0.740607165008946,0.860270484854692
"ENSMUSG00000057103",150.839982625059,-0.401846214842588,0.330033665130597,-1.21759158928097,0.223379212182737,0.426192532797985
"ENSMUSG00000057110",2036.59690897981,0.599274157389273,0.241226848532083,2.4842763607616,0.0129815018976183,0.0732583531120847
"ENSMUSG00000057113",18318.2669652124,-0.605590679422084,0.232423712017553,-2.60554602697486,0.00917279483714898,0.0594068043419638
"ENSMUSG00000057116",0.515140698875193,1.47723826869518,7.13934733990256,0.206915029955013,0.836076218316785,NA
"ENSMUSG00000057123",4.70710714908945,-1.4657239083897,1.52132946964309,-0.963449362966435,0.33532206418299,NA
"ENSMUSG00000057130",2831.22496202146,-0.761121227005781,0.232656617388586,-3.2714359709552,0.00107002815448302,0.0202241459026093
"ENSMUSG00000057132",255.940988356184,0.45419027328977,0.433769327865507,1.04707789166364,0.295063655027828,0.506704371833496
"ENSMUSG00000057133",530.236790904369,0.429065176001525,0.229934345144132,1.86603343546859,0.0620366877482014,0.192175699903156
"ENSMUSG00000057134",261.948422842216,-0.422171810029628,0.18234324221072,-2.31525887612416,0.0205987688820165,0.0969613478089205
"ENSMUSG00000057135",44.5236338456082,0.233219213729496,1.80459506653779,0.129236313483301,0.897170663129911,NA
"ENSMUSG00000057137",75.3567376425248,-0.56268133672323,0.565309196169094,-0.995351465244733,0.319565355204664,0.530813738481543
"ENSMUSG00000057143",496.352945256631,0.0156287230818258,0.223528682666909,0.0699181997377712,0.944258767282757,0.979645433615256
"ENSMUSG00000057147",404.85960806813,0.0455080826084045,0.238230282435182,0.191025599865904,0.848505536666574,0.927505912963474
"ENSMUSG00000057149",0.435611145395894,0.88170534530118,7.34926280983766,0.11997194386911,0.904505372952772,NA
"ENSMUSG00000057156",66.698671901997,-0.727287193097791,0.441769846177595,-1.64630338487479,0.0997013129530882,0.257390305181843
"ENSMUSG00000057157",7.20725580584577,-0.307833082843218,0.94315785778546,-0.326385535891109,0.744132679573564,NA
"ENSMUSG00000057160",15.7889142957874,0.998177858407072,0.813617918897025,1.22683858752797,0.21988326436803,NA
"ENSMUSG00000057163",36.6631195408939,-0.547846799615199,0.972776596773999,-0.563178433190121,0.573313387111916,NA
"ENSMUSG00000057170",0.0380762098104571,-1.67431590235222,7.3501929692546,-0.227792101425878,0.819807867435575,NA
"ENSMUSG00000057173",0.760747319514903,0,7.3561311249555,0,1,NA
"ENSMUSG00000057174",0,NA,NA,NA,NA,NA
"ENSMUSG00000057176",14.6292298987501,2.28623321287845,0.908550410134369,2.51635262873343,0.0118576478233918,NA
"ENSMUSG00000057177",482.13674251866,-0.400772148334655,0.293044732281198,-1.36761423832756,0.171432857259341,0.360096428816104
"ENSMUSG00000057179",0.15015176323586,-3.34162032349693,7.31033805577077,-0.45710886391349,0.647592799490357,NA
"ENSMUSG00000057181",263.403547717323,0.101415416206011,0.368663030935025,0.275089736957882,0.783247296242644,0.889317657174194
"ENSMUSG00000057182",2.72044621689138,0.00148718797384622,2.35073273308821,0.000632648685625976,0.999495219414999,NA
"ENSMUSG00000057191",457.309426795945,-0.0859991620286891,0.24599938686842,-0.349590960869704,0.726645695585466,0.851290492746847
"ENSMUSG00000057193",1495.18192269626,0.459315248377927,0.18433818262616,2.49169890813898,0.0127133759251566,0.0724774815146338
"ENSMUSG00000057195",0.146574820760768,-3.4885370655262,7.25605611020083,-0.480775921870544,0.630675764889945,NA
"ENSMUSG00000057203",0.144826887648528,2.7487889355377,7.26102153092714,0.378567798460545,0.705008838453646,NA
"ENSMUSG00000057207",26.3955808386794,0.407156478301822,0.953844310469912,0.426858423154231,0.669482450133658,NA
"ENSMUSG00000057216",0.238275642129041,-3.86889677525451,7.24612362025754,-0.533926410589859,0.593392448755746,NA
"ENSMUSG00000057219",844.546778200131,-0.451371434004845,0.262014235036613,-1.72269813486191,0.0849431278038053,0.232168537090229
"ENSMUSG00000057223",1.28408204756844,-1.14355586921639,2.25578340881218,-0.506944002136511,0.612194110214564,NA
"ENSMUSG00000057228",0.0815123937336083,0,7.3561311249555,0,1,NA
"ENSMUSG00000057229",306.737813369844,-0.365441488831681,0.228560892707182,-1.59888021307242,0.109847221419291,0.273982678146307
"ENSMUSG00000057230",1135.16796167501,0.509809329881053,0.226297991819942,2.25282304001483,0.0242703088690156,0.106927670693117
"ENSMUSG00000057234",153.722916870915,-0.148375951384459,0.416977316659681,-0.355836985505754,0.721962649113237,0.848977855582711
"ENSMUSG00000057236",3498.71990222612,-0.533545042762197,0.215914251606751,-2.47109692293009,0.0134699305691965,0.0748082627238518
"ENSMUSG00000057240",0.0786982114692181,-1.67292172261916,7.35015762694333,-0.227603516486064,0.819954485941311,NA
"ENSMUSG00000057244",18.3153668917399,-0.392226995350345,0.909052802346451,-0.431467780901095,0.666128274689401,NA
"ENSMUSG00000057246",2.6640403400439,0.473862681520429,1.89455106195514,0.250118717323677,0.802495541588805,NA
"ENSMUSG00000057262",14.3113483679621,-1.11448576381768,0.981892150731364,-1.13503887671121,0.25635902971231,NA
"ENSMUSG00000057265",39.4918661195504,0.371089079915172,0.481698837104941,0.770375702265454,0.441077062280736,NA
"ENSMUSG00000057270",0.883486898499173,-2.26839647785113,5.33869654849782,-0.424897061903509,0.670911716580187,NA
"ENSMUSG00000057278",7757.66235105111,-0.824080801668924,0.220961217585042,-3.72952688564797,0.000191839637169551,0.00928232072456971
"ENSMUSG00000057280",0.380563718348211,-0.490174056058396,7.15841381266522,-0.0684752333248942,0.945407334734648,NA
"ENSMUSG00000057286",6.49886941959859,0.405010937202312,1.33068125558369,0.304363599849957,0.760850896197584,NA
"ENSMUSG00000057290",0.470834728000072,-0.735638853507274,7.15290952719305,-0.102844702664086,0.9180862257494,NA
"ENSMUSG00000057315",8.80760397430026,-0.443940623825373,0.823364116120291,-0.539178979425567,0.589763363247433,NA
"ENSMUSG00000057321",0.111698084171225,-1.11094432317402,7.29419352281053,-0.152305298687217,0.878946145929723,NA
"ENSMUSG00000057322",15712.9362663407,-0.671738979760328,0.249518450931777,-2.6921415119878,0.00709948142523192,0.0509646869196932
"ENSMUSG00000057329",1941.62762244945,0.328760466840287,0.21458057471944,1.53210730873535,0.125495956482565,0.297631365122398
"ENSMUSG00000057335",216.183997018702,0.212293757823333,0.43250365685917,0.490848469039555,0.623533626012761,0.783334414862481
"ENSMUSG00000057337",36.0000148686947,0.171191546245766,0.579860628765705,0.295228780422919,0.767819117700584,NA
"ENSMUSG00000057342",121.665684951847,-0.197044648149735,0.317251950575638,-0.621098303074913,0.534534945707204,0.71928640597818
"ENSMUSG00000057346",0.45676987569186,-0.428653188246529,7.13762135997633,-0.0600554675889883,0.952111457622908,NA
"ENSMUSG00000057349",0.482433475354635,1.15580512910729,7.35595935156203,0.157125002174171,0.875146333432494,NA
"ENSMUSG00000057363",201.165271762823,-0.374325942663689,0.33500520448223,-1.11737351436743,0.263834654739617,0.47332224357552
"ENSMUSG00000057367",761.165816158232,0.481508165176248,0.225159943857313,2.13851610072077,0.0324748787902057,0.129024990691794
"ENSMUSG00000057370",2.68679607110199,-0.66128995308066,1.55327870084351,-0.425738119451163,0.670298682100365,NA
"ENSMUSG00000057375",1104.66063841636,-0.221470154503704,0.171224279610866,-1.29345064267188,0.195855244395182,0.391591644588669
"ENSMUSG00000057378",13.9483749984323,0.433464662054576,1.31262832095897,0.330226504436458,0.741228821457654,NA
"ENSMUSG00000057381",0.0432773486139992,0,7.3561311249555,0,1,NA
"ENSMUSG00000057388",6271.13253543545,-0.840896939620627,0.221971286699362,-3.78831402982107,0.000151673062643972,0.00858611906941301
"ENSMUSG00000057396",28.1016343157602,-0.214948744185583,0.599278889500883,-0.358678985613202,0.719835250793261,NA
"ENSMUSG00000057400",0.41668793152171,-1.95286087104003,7.1776786468742,-0.272074157553777,0.785564999549542,NA
"ENSMUSG00000057402",0.035583895638899,0,7.3561311249555,0,1,NA
"ENSMUSG00000057406",1172.06486798468,0.762710201455165,0.255296390193025,2.98754792764007,0.00281225196490756,0.0315715792379781
"ENSMUSG00000057409",981.424980241502,-0.00352625099377064,0.235977445970895,-0.0149431695866628,0.988077519410636,0.999870211670357
"ENSMUSG00000057411",1736.53797130942,-0.500404382903778,0.190647017642845,-2.62476900552007,0.00867077693997846,0.0573953185655134
"ENSMUSG00000057417",0.0355187493373064,1.16171280725677,7.35565536667627,0.157934643392857,0.874508299155349,NA
"ENSMUSG00000057421",351.900450728862,0.221055547287631,0.230462143576442,0.959183768132875,0.337466176138819,0.54588520497641
"ENSMUSG00000057424",0.0856789996509988,0,7.3561311249555,0,1,NA
"ENSMUSG00000057425",0.169039662898147,1.15730548024498,7.35586845132336,0.157330910402126,0.8749840606268,NA
"ENSMUSG00000057439",0.156138275960282,-1.63889313157203,7.34929431722398,-0.223000067874691,0.823535453677104,NA
"ENSMUSG00000057440",127.450548002707,0.459157394442838,0.32482822728902,1.41353908271739,0.157497278347281,0.342773851912947
"ENSMUSG00000057443",0.0788740778530287,1.1498019240142,7.3560775393492,0.15630638990191,0.875791519834975,NA
"ENSMUSG00000057444",0.125869981366704,0,7.3561311249555,0,1,NA
"ENSMUSG00000057446",3.39255645661195,-0.738866725676443,1.64036184753231,-0.450429109155375,0.652401059616188,NA
"ENSMUSG00000057447",14.0374351319512,0.290107772830473,0.860827427417822,0.33701037349692,0.736109080165447,NA
"ENSMUSG00000057454",0.351273930681143,3.15438479570276,7.24923368917506,0.435133550793521,0.663465491630787,NA
"ENSMUSG00000057455",0.527000891084774,-1.10993739004143,7.14808204323533,-0.155277651169635,0.876602433689034,NA
"ENSMUSG00000057457",15.8523856726455,0.802750622612059,0.700040546381759,1.14672018179685,0.251497286691246,NA
"ENSMUSG00000057461",1.00575255399789,4.3554477421916,7.22664363972923,0.602693028648469,0.546712920089847,NA
"ENSMUSG00000057464",6.69687932897276,-0.534669550849681,0.934045656099923,-0.57242335784974,0.567035195235202,NA
"ENSMUSG00000057465",0.408823115974716,0.739470723469436,7.34566748740236,0.100667600968545,0.919814331366412,NA
"ENSMUSG00000057469",219.907351298964,-0.462883132856111,0.24964027088254,-1.85420057116468,0.063710470418128,0.194891908431437
"ENSMUSG00000057497",862.595340356339,-0.546171437697867,0.313095212555417,-1.7444260269588,0.0810848298879952,0.225908552266864
"ENSMUSG00000057499",4.77796269291962,0.106794877042017,1.19174265872542,0.0896123640956477,0.928595258812491,NA
"ENSMUSG00000057503",40.2094952392418,0.313905851637979,0.70019090672573,0.448314664790325,0.653926118495516,NA
"ENSMUSG00000057506",1936.48679963269,-0.513994818579813,0.17721825310311,-2.90034919981271,0.00372747145870883,0.0365814036934034
"ENSMUSG00000057513",0,NA,NA,NA,NA,NA
"ENSMUSG00000057522",887.499306637518,-0.209896482650007,0.176288963371808,-1.19063881615389,0.233795406535381,0.438449552950529
"ENSMUSG00000057530",131.080076050422,1.25916701644004,0.395979748375908,3.1798773083837,0.00147337420037373,0.0238254558817473
"ENSMUSG00000057531",496.133119047993,-0.374652397784064,0.277419254343889,-1.3504916905286,0.176858317288754,0.368206500926565
"ENSMUSG00000057534",0.558006540348506,-2.25946301458424,6.18859526024949,-0.365101112541193,0.715035930462411,NA
"ENSMUSG00000057540",0.116898845417202,1.15750922991235,7.35586045350541,0.157358780421228,0.874962097138015,NA
"ENSMUSG00000057541",594.603514495816,0.214645749260196,0.229492807508025,0.935304908205849,0.349631186573209,0.558246531945756
"ENSMUSG00000057551",299.099461010674,0.225615635542132,0.230766840532808,0.977677880501449,0.328233665112979,0.537981768705618
"ENSMUSG00000057554",617.700700501097,-0.466444688750172,0.243813369682036,-1.91312186595213,0.0557324531014853,0.179451237429375
"ENSMUSG00000057561",1431.38342577942,-0.182279242482204,0.244132812526669,-0.746639669594974,0.455281095912611,0.653948621681789
"ENSMUSG00000057564",0.64796822053479,4.57989120563482,6.8452376534015,0.669062410617549,0.503455666985615,NA
"ENSMUSG00000057572",3607.82466195256,-0.970547164258369,0.326864194694684,-2.96926729819684,0.00298510808330054,0.0325865023128049
"ENSMUSG00000057577",35.0336490384864,0.436902936280432,0.897597689980174,0.486746948167928,0.626437670346101,NA
"ENSMUSG00000057580",45.6660737270389,-1.05733460783697,1.08530050623301,-0.97423211522023,0.329941302153629,NA
"ENSMUSG00000057592",0.239100279856793,-0.112937282373795,7.22297911558258,-0.0156358312223482,0.987524919990741,NA
"ENSMUSG00000057594",416.798644937245,-0.451410512580754,0.26439517730892,-1.70733262677226,0.087760245106511,0.237413799364494
"ENSMUSG00000057596",125.830874998968,0.813694088519907,0.755095623279036,1.07760403243553,0.281210501900857,0.492168167721312
"ENSMUSG00000057604",0.475302715428245,0.768134942620883,7.27893494351204,0.105528480276575,0.915956472161686,NA
"ENSMUSG00000057605",5.4928470335439,1.61784988201466,1.32203497390026,1.22375724844986,0.221043816212405,NA
"ENSMUSG00000057606",8.58224977123739,-0.155613206451948,1.08757248761589,-0.143083066392267,0.886224578391468,NA
"ENSMUSG00000057609",0.0355187493373065,1.16171280725677,7.35565536667627,0.157934643392857,0.874508299155349,NA
"ENSMUSG00000057614",1.1661813951032,1.15715504356768,4.9324769848188,0.234599177478004,0.814519848015286,NA
"ENSMUSG00000057615",0.183366996764445,0,7.3561311249555,0,1,NA
"ENSMUSG00000057637",220.051431785848,0.0268810184910277,0.324108384496641,0.0829383619087037,0.933900550712526,0.973387488801489
"ENSMUSG00000057649",1710.60286921275,0.520638581864025,0.201398124693753,2.58512129969288,0.00973447439068761,0.0618642441761747
"ENSMUSG00000057650",0,NA,NA,NA,NA,NA
"ENSMUSG00000057654",12.2115770993868,0.275610147411076,0.810220477178004,0.340166849856752,0.733730881149438,NA
"ENSMUSG00000057657",8.32297138132805,-0.18221424417307,1.5262825695105,-0.119384344559152,0.904970863818502,NA
"ENSMUSG00000057666",16382.941261867,-0.335827763916525,0.229578748140324,-1.46279987427782,0.143522147509262,0.322329931386155
"ENSMUSG00000057667",124.709939286257,-0.420275802257064,0.282209394197631,-1.48923391955813,0.13642578170576,0.313620663293358
"ENSMUSG00000057672",702.352440111408,0.702385491177072,0.263198632683575,2.66865174798039,0.00761563678641339,0.0529027193490487
"ENSMUSG00000057674",0.0381979668618393,0,7.3561311249555,0,1,NA
"ENSMUSG00000057685",1.71150897803117,-0.31014297573416,1.73104011585835,-0.179165677844718,0.857807612733637,NA
"ENSMUSG00000057691",267.108035979967,-0.0922334149647068,0.248451555948191,-0.371232993944059,0.710464000515444,0.841271759115377
"ENSMUSG00000057696",3.49301327738468,-0.73708341965113,3.06405684536325,-0.240558010784473,0.809897697089287,NA
"ENSMUSG00000057697",0.109073098820118,0.770496198624087,7.27888747852029,0.105853566344828,0.915698535690352,NA
"ENSMUSG00000057699",0,NA,NA,NA,NA,NA
"ENSMUSG00000057706",63.5541265482868,0.0563696328080296,0.351728717631269,0.160264516322844,0.872672709407493,NA
"ENSMUSG00000057710",0.191472699023419,1.38629003452806,7.25518680720226,0.191075718843226,0.848466270698349,NA
"ENSMUSG00000057715",17.3265590567196,0.746034882783921,0.920420722227502,0.81053681731377,0.41763171362725,NA
"ENSMUSG00000057716",3.3508959415458,-1.90253368775846,1.31629274239195,-1.44537277042279,0.148353207576708,NA
"ENSMUSG00000057719",1.08824648345658,-0.305637820957451,4.70314664811877,-0.0649858156304149,0.948185293867994,NA
"ENSMUSG00000057722",62.9842950195382,1.33238084140492,0.477717170622965,2.78905788474682,0.00528616160513741,NA
"ENSMUSG00000057723",0,NA,NA,NA,NA,NA
"ENSMUSG00000057726",0.123641266782487,1.15540091156894,7.35596352132308,0.157069962108937,0.875189710470227,NA
"ENSMUSG00000057729",15.051799912811,0,2.5898024012841,0,1,NA
"ENSMUSG00000057735",0.240341165109724,-0.231385105171049,7.35000237637679,-0.0314809565116238,0.974885979119575,NA
"ENSMUSG00000057738",1199.92353180122,0.246323380435223,0.183784795027465,1.34028160707426,0.180153808894906,0.372556569231412
"ENSMUSG00000057751",1.5063099458871,-1.15683427998643,4.99625518783007,-0.231540270962191,0.816895103572691,NA
"ENSMUSG00000057754",0,NA,NA,NA,NA,NA
"ENSMUSG00000057761",0,NA,NA,NA,NA,NA
"ENSMUSG00000057762",0.305233047288705,0,7.3561311249555,0,1,NA
"ENSMUSG00000057766",40.5602485122651,-0.268995573361691,0.956901922193628,-0.281110913378707,0.778625330883164,NA
"ENSMUSG00000057770",1.24933507212074,0.749143457317931,2.73902429428977,0.273507416082333,0.784463192389273,NA
"ENSMUSG00000057777",5.02131229390873,2.75079173817915,2.00544023594344,1.37166477907285,0.170167817636859,NA
"ENSMUSG00000057778",117.71957834372,0.454092878101823,0.530610887656701,0.855792613127863,0.392112501857127,0.599540925113333
"ENSMUSG00000057788",363.541969201844,-0.167976414920026,0.304535764830181,-0.551581897166316,0.581234842067369,0.752817926341187
"ENSMUSG00000057789",146.12512651165,-0.322911881112705,0.332890523519475,-0.970024252113665,0.332034403674536,0.540896519499471
"ENSMUSG00000057801",0.0903682167644098,0,7.3561311249555,0,1,NA
"ENSMUSG00000057805",0,NA,NA,NA,NA,NA
"ENSMUSG00000057816",0.662682303786681,0,5.99053511998037,0,1,NA
"ENSMUSG00000057817",0.130490115740229,-1.98075841208465,7.35264489657001,-0.269393999023218,0.787626503615277,NA
"ENSMUSG00000057818",34.7516351892354,0.91695541212801,0.587960699850056,1.55955221558491,0.118865736144413,NA
"ENSMUSG00000057829",13.5858841451366,-1.98776511210077,0.919417116245225,-2.16198401898208,0.0306194080281069,NA
"ENSMUSG00000057835",107.751967453986,-0.506082675240901,0.44833415920697,-1.12880686168566,0.258979317439217,0.468180422985856
"ENSMUSG00000057836",59.9140009675001,-0.733022061728386,0.831970270788899,-0.881067614391212,0.378281224712629,NA
"ENSMUSG00000057841",31234.3286701176,-0.639594385876355,0.241659627144817,-2.64667455392982,0.00812875410510762,0.055074590225131
"ENSMUSG00000057842",114.67404107001,0.446193153569411,0.313143709295573,1.42488301800198,0.154191019318911,0.338303824820675
"ENSMUSG00000057855",0.0355187493373064,1.16171280725677,7.35565536667627,0.157934643392857,0.874508299155349,NA
"ENSMUSG00000057858",1167.20107171506,-0.562980908594157,0.2272419719839,-2.47745125462141,0.0132324482567344,0.0742404380789513
"ENSMUSG00000057863",17365.7241515573,-0.544897134567335,0.212665096049885,-2.56223115446983,0.010400207274059,0.0645361261168069
"ENSMUSG00000057880",5.5717909341888,-0.840877047905777,1.34898536457222,-0.623340378620364,0.533060868628538,NA
"ENSMUSG00000057886",0.090076808984307,0,7.35613112495549,0,1,NA
"ENSMUSG00000057890",0,NA,NA,NA,NA,NA
"ENSMUSG00000057894",531.724296880989,0.416962494722182,0.257066276737743,1.62200386613746,0.104802520331469,0.265226040316583
"ENSMUSG00000057895",4.28841380502415,4.53678413014034,2.20503627241696,2.05746462627008,0.0396415541928549,NA
"ENSMUSG00000057897",51.4852381955274,0.946289737555531,0.64578428735121,1.4653341000861,0.142829787302508,NA
"ENSMUSG00000057899",0.564542520401185,-2.20409056474481,6.12583319045225,-0.359802576436477,0.718994776337969,NA
"ENSMUSG00000057903",1.67340363614143,-0.405170332132313,1.89085607419966,-0.214278779681213,0.830329665087394,NA
"ENSMUSG00000057913",4.99815561534153,0.954460560683244,1.38163308724643,0.690820572765428,0.489678305356568,NA
"ENSMUSG00000057914",5.51481923371366,1.02320507301937,1.59531457011871,0.641381387837029,0.521274922426797,NA
"ENSMUSG00000057933",0.150421889683977,2.18879247108141,7.3193181637879,0.299043219887665,0.76490706881453,NA
"ENSMUSG00000057945",1.43729344622675,0.56721703967374,2.19243064909626,0.258716069266571,0.795854320110415,NA
"ENSMUSG00000057948",5068.10607982158,0.261243652868528,0.242668981832353,1.07654324378798,0.281684371777184,0.492648622614556
"ENSMUSG00000057963",391.786441432107,-0.267344019586152,0.205971977772237,-1.29796306506208,0.194300027182652,0.390584613294851
"ENSMUSG00000057967",0.294623717797079,-1.67045010140834,7.35009501010012,-0.22726918483542,0.82021443312285,NA
"ENSMUSG00000057969",1.09420677785401,0.0496187975385442,4.06691306954336,0.0122006044117672,0.990265567610733,NA
"ENSMUSG00000057977",0,NA,NA,NA,NA,NA
"ENSMUSG00000057981",0.0761524196209141,-2.55627499047924,7.29465809108018,-0.350431090609309,0.726015196884991,NA
"ENSMUSG00000057982",464.586464536905,0.406673216940669,0.294516055620464,1.38081849590142,0.167334775047971,0.355034181444343
"ENSMUSG00000057990",16.5337626413719,-1.30540822164297,0.674315164746532,-1.93590221589286,0.0528796783177754,NA
"ENSMUSG00000057997",0.157394629768054,-2.55463039631608,7.2947083669301,-0.350203225107293,0.726186186554315,NA
"ENSMUSG00000058005",0.152305838683841,2.15790237628488,7.28491764085113,0.29621506826435,0.767065842131443,NA
"ENSMUSG00000058006",539.291412677618,0.280138569986263,0.20457334034894,1.36937965381233,0.170880630830805,0.359318237771219
"ENSMUSG00000058013",4184.40259185901,0.178334047041929,0.135297042797242,1.31809271921177,0.187472611495062,0.381781368897546
"ENSMUSG00000058014",0.161176021114434,-2.66538003236696,7.32672208790028,-0.363788881356467,0.716015665993578,NA
"ENSMUSG00000058017",0.220793669853233,-0.109121442566357,7.17148294157886,-0.0152160220494554,0.987859839394867,NA
"ENSMUSG00000058019",0.787454645341289,-0.408277022647049,4.13819653980474,-0.0986606167009924,0.921407739567546,NA
"ENSMUSG00000058022",0.377936626084789,-0.0375391599832413,7.32623815000303,-0.0051239338954912,0.995911710143691,NA
"ENSMUSG00000058028",0.0708430257393188,1.15841571218376,7.3560270242773,0.157478447042216,0.874867792718517,NA
"ENSMUSG00000058030",0.0432773486139992,0,7.3561311249555,0,1,NA
"ENSMUSG00000058046",6.54645786827086,0.788254844949372,1.41434283864258,0.557329399501114,0.577302392446172,NA
"ENSMUSG00000058050",17.3224546194241,-0.802122720593718,0.791081813944794,-1.01395671908303,0.310603404959422,NA
"ENSMUSG00000058052",0.0410826440564989,0,7.3561311249555,0,1,NA
"ENSMUSG00000058056",21.9228998828796,0.224410427225665,0.523385539072132,0.428766961394279,0.668092824610242,NA
"ENSMUSG00000058057",278.689666494671,-0.122980771337497,0.503249155447203,-0.244373527518815,0.806941542331668,0.903592472219113
"ENSMUSG00000058063",0.125602909307367,1.14983181310051,7.35607829897563,0.156310436943097,0.875788329970185,NA
"ENSMUSG00000058064",29.5374356808385,0.0295465390169056,0.696764785277146,0.042405327653224,0.966175581318254,NA
"ENSMUSG00000058070",7.33885385168874,0.423154706001353,1.20599960774914,0.350874663044976,0.725682380468581,NA
"ENSMUSG00000058071",0.084064876717969,-1.38882312986101,7.34298051003014,-0.189136159079266,0.84998610206208,NA
"ENSMUSG00000058073",5.43435272981971,-2.80648772876882,2.30522296727918,-1.21744740903796,0.2234340344247,NA
"ENSMUSG00000058076",2367.75002287492,-1.10056103090039,0.354015378571214,-3.10879441266703,0.00187852382285001,0.02612673679465
"ENSMUSG00000058078",0.0867693714850941,0,7.3561311249555,0,1,NA
"ENSMUSG00000058084",11.2429911539796,-0.161981096869528,1.49438737450468,-0.108392977371893,0.913683971560858,NA
"ENSMUSG00000058093",207.223821475462,0.112798663314032,0.305012147013744,0.369816954565253,0.71151888155492,0.841779611561215
"ENSMUSG00000058099",14.4803960447722,-0.682168023460973,0.93329309290149,-0.730925824534069,0.464824461167813,NA
"ENSMUSG00000058101",1.10663803787042,1.34831658611452,2.74616381615462,0.490981848272449,0.623439285921408,NA
"ENSMUSG00000058114",21.3136563974862,-0.634742583026833,0.513929859570391,-1.23507628756468,0.216802113514613,NA
"ENSMUSG00000058119",0,NA,NA,NA,NA,NA
"ENSMUSG00000058124",0.426995914980009,0,7.3561311249555,0,1,NA
"ENSMUSG00000058126",36.5862053878144,-0.178772497695583,0.603908713375396,-0.296025696824904,0.767210457180787,NA
"ENSMUSG00000058132",0.0857675161460734,0,7.3561311249555,0,1,NA
"ENSMUSG00000058135",137.806622206575,-0.379649102906551,0.426268726216004,-0.890633254465333,0.373125952871585,0.582309763835747
"ENSMUSG00000058145",7.08114421679173,-0.142411828022227,1.40627935074674,-0.101268519619951,0.91933730539928,NA
"ENSMUSG00000058147",0.765441511677914,4.14439898056986,7.23130323929931,0.57311923500133,0.566563964294783,NA
"ENSMUSG00000058152",0.304101515622253,-2.69208937084881,7.24049330713346,-0.371810214670942,0.710034157861883,NA
"ENSMUSG00000058153",0.611717534967904,-0.0758612369738541,4.6658150337776,-0.0162589464915917,0.987027809162288,NA
"ENSMUSG00000058163",13.4838797063094,-0.552532177985199,0.658098868262065,-0.839588403250638,0.401139203616072,NA
"ENSMUSG00000058172",0.0444816915190641,0,7.3561311249555,0,1,NA
"ENSMUSG00000058173",72.1057620115938,-0.215210381204735,0.450609034905744,-0.477598904002784,0.632935711105052,0.789974271344605
"ENSMUSG00000058174",187.819317839338,-0.601667192987518,0.288950908048531,-2.08224710920951,0.037319904276489,0.140322272260591
"ENSMUSG00000058176",0,NA,NA,NA,NA,NA
"ENSMUSG00000058183",16.8803580455584,0.517633682951281,0.909975138869486,0.568843763791576,0.569462172015247,NA
"ENSMUSG00000058186",13.1870288239314,2.15904685275201,1.09264917101253,1.97597445733773,0.0481576702082955,NA
"ENSMUSG00000058188",0.0400922426516566,0,7.3561311249555,0,1,NA
"ENSMUSG00000058192",177.823188036441,0.683967354378133,0.265479125982018,2.57635078407054,0.0099849291761793,0.0627469961262126
"ENSMUSG00000058194",0,NA,NA,NA,NA,NA
"ENSMUSG00000058200",18.6094813911381,0.740568934358183,0.78980686454693,0.937658265078523,0.348420058153559,NA
"ENSMUSG00000058207",0.426790344357683,-0.110384970800282,7.22282912114389,-0.015282788634324,0.987806573561327,NA
"ENSMUSG00000058216",464.898870214686,-0.470734827069048,0.281881528702949,-1.66997401083743,0.094924505697765,0.249425692805907
"ENSMUSG00000058230",46.1902022509289,0.512727386958291,0.545115560401145,0.94058475707606,0.346917696306919,NA
"ENSMUSG00000058239",497.07366025174,-0.0297817342816005,0.266261894948985,-0.111851281939185,0.910941325492224,0.961316857317245
"ENSMUSG00000058240",668.427096856424,-0.616975021410478,0.296255802104662,-2.082575318449,0.0372899509088332,0.14027454053182
"ENSMUSG00000058244",6.09445925103409,0.753300411428839,1.01800029810065,0.739980541100352,0.459311801657844,NA
"ENSMUSG00000058246",7.34386329275907,-0.773563910060033,1.07566611148365,-0.719148722639473,0.472049289770795,NA
"ENSMUSG00000058248",0.931168064195794,0.309318099219734,7.10778965924615,0.0435181841400383,0.965288469409402,NA
"ENSMUSG00000058250",0.0735985872876768,-0.230316047090688,7.34984034303859,-0.0313361972969702,0.975001423305065,NA
"ENSMUSG00000058251",7.38518646516585,0.144978265558469,1.09366011073262,0.132562451657263,0.894539429508991,NA
"ENSMUSG00000058252",0.353543762605214,1.35372948182504,7.2550629714182,0.186591003711221,0.851981320866745,NA
"ENSMUSG00000058254",24.8768975751383,1.09058731248273,0.566891984873987,1.92380090313881,0.0543795441939065,NA
"ENSMUSG00000058258",1463.71712558583,-0.915531690546895,0.298700744056035,-3.06504656839805,0.00217636107227097,0.0282685056413293
"ENSMUSG00000058260",2.02141597820601,2.16575834824063,2.16064058514278,1.00236863230888,0.316165586067002,NA
"ENSMUSG00000058267",6921.16705551536,-0.902321360134268,0.247125598343266,-3.65126626372762,0.000260950525520221,0.0107478997698641
"ENSMUSG00000058270",0.845529216245864,-1.13859250211713,7.20458796417085,-0.158037143522914,0.874427530178405,NA
"ENSMUSG00000058275",0.395968557343417,-0.817593577305098,7.19647140725205,-0.113610341935242,0.909546688758671,NA
"ENSMUSG00000058281",7.33650224880164,0.177328314910786,1.39620930274317,0.127006971349055,0.898934880897412,NA
"ENSMUSG00000058287",41.6502114041728,-1.39105527382821,0.44006042662444,-3.16105514076451,0.00157198736831518,NA
"ENSMUSG00000058290",315.352359941295,2.52798776508375,1.52051299841813,1.66258872348592,0.096394789893754,0.251946720809032
"ENSMUSG00000058291",823.04790248663,-0.723248167799338,0.234571213541594,-3.08327759779054,0.00204734077338977,0.0276853126470011
"ENSMUSG00000058295",0,NA,NA,NA,NA,NA
"ENSMUSG00000058297",9.84618878719014,1.70824292939881,0.997746481558988,1.71210118098304,0.0868780237803493,NA
"ENSMUSG00000058298",225.821415082453,-0.476000953358588,0.253256447915745,-1.87952155720413,0.0601733128505952,0.188218961280291
"ENSMUSG00000058301",283.992047010215,-0.124973334863298,0.207418273276914,-0.602518442029707,0.546829091039653,0.728884245540314
"ENSMUSG00000058317",9.27003725378745,0.513276060243616,1.20565072317813,0.425725336845986,0.670307997511792,NA
"ENSMUSG00000058318",304.64749077706,0.2359609319152,0.277794070799063,0.849409532883362,0.395653450490301,0.602681864278022
"ENSMUSG00000058325",3.60626979802283,-0.304952897315307,2.52392245150556,-0.120824986969547,0.90382965835347,NA
"ENSMUSG00000058328",1.24250515033752,1.14744156185359,5.63502120909561,0.203626839948976,0.838645117312326,NA
"ENSMUSG00000058331",112.282482792982,-0.301518170253435,0.403809595492957,-0.746684015483467,0.455254320696376,0.653948621681789
"ENSMUSG00000058349",0.0710374986746129,2.16226366003379,7.28481246100722,0.296818026765623,0.766605441993722,NA
"ENSMUSG00000058351",1300.29699106674,-0.459980707818457,0.227741367692513,-2.01975035312646,0.0434092892249529,0.154758441290086
"ENSMUSG00000058354",0.179738825571746,1.77111590798857,7.24312184753267,0.244523831749688,0.806825146990068,NA
"ENSMUSG00000058355",1274.22449713351,0.0267535711467635,0.217256324083702,0.123142887828923,0.901993950128994,0.956320110512052
"ENSMUSG00000058357",9.04738960522496,0.376705186737101,0.788961025730321,0.477469956628586,0.633027509374849,NA
"ENSMUSG00000058360",207.977859957072,0.336915014083492,0.405719026267765,0.830414627538655,0.406304398161408,0.611218836680188
"ENSMUSG00000058368",0.0761524196209141,-2.55627499047924,7.29465809108018,-0.350431090609309,0.726015196884991,NA
"ENSMUSG00000058385",138.673043684521,-0.149673072275489,0.525470818192908,-0.284836126181496,0.775769693449403,0.884382818561567
"ENSMUSG00000058388",596.881542736364,0.122490451276577,0.1455258092406,0.841709466628438,0.399950598043016,0.605345530800064
"ENSMUSG00000058392",505.41555632262,0.434700031628856,0.291071086478209,1.49344971666019,0.135319507244453,0.312020837208169
"ENSMUSG00000058396",2.29013207956113,3.65154484028309,2.27237982406813,1.60692539231664,0.108070735442922,NA
"ENSMUSG00000058398",1.30545878742299,2.92145355068668,2.70627192902765,1.07951219511645,0.280359460326727,NA
"ENSMUSG00000058400",0.595432907485066,-3.92481795516943,7.24905677760765,-0.541424639863933,0.588214927640127,NA
"ENSMUSG00000058402",92.4014482640408,0.036607313721814,0.344979136713448,0.1061145728132,0.915491448995128,0.963165685284396
"ENSMUSG00000058407",2691.38048560626,-0.79377828731903,0.253370785355318,-3.13287219047715,0.0017310480209342,0.0251618675899201
"ENSMUSG00000058420",3.5671770290853,-0.0938800560669181,2.14967660010261,-0.0436717113925123,0.965166088733811,NA
"ENSMUSG00000058427",10.699414770451,-1.439370941314,2.50720574869219,-0.574093666650537,0.565904418889561,NA
"ENSMUSG00000058430",0.838476368502006,0.475525766434538,2.81671974339264,0.168822534634483,0.865936232662336,NA
"ENSMUSG00000058435",0.284386528616255,-1.67161013870529,7.35012267642415,-0.227426154949367,0.820092384367968,NA
"ENSMUSG00000058440",614.672054245053,0.3142361414699,0.186382969261624,1.68597025100942,0.0918015294475955,0.244422445280191
"ENSMUSG00000058441",0.647202245938376,-1.74996237352349,7.3172790491547,-0.239154795350554,0.810985553717977,NA
"ENSMUSG00000058443",17984.2025881782,-0.645576449151516,0.20330152009532,-3.17546297169264,0.00149597612665688,0.0238425960443467
"ENSMUSG00000058444",291.43638491707,0.0233422101330349,0.213887061581817,0.109133343365447,0.91309672864391,0.962461203097148
"ENSMUSG00000058446",2528.08847978497,0.0510887813199577,0.169141508076995,0.302047568930871,0.762615800626562,0.875445034164855
"ENSMUSG00000058447",20.3763694235025,-0.658960663341163,3.45192363762281,-0.190896651408825,0.848606563720126,NA
"ENSMUSG00000058454",240.144940153616,0.382894813875815,0.250802115985014,1.5266809547121,0.126840365525154,0.299578008477704
"ENSMUSG00000058463",1.74040600418676,-0.140957055991367,2.28563888361402,-0.0616707464166376,0.950825036588583,NA
"ENSMUSG00000058470",6979.02115340163,-0.720942776037237,0.267541885863664,-2.69469123950415,0.00704538834714067,0.0508347911032741
"ENSMUSG00000058486",88.6151953467531,0.394699762976165,0.432676209406108,0.912228947179532,0.361648208665663,0.570522269814887
"ENSMUSG00000058488",15.971995577482,1.0937281712602,0.721167585894,1.51660750240785,0.129365810079589,NA
"ENSMUSG00000058491",0.284149994698452,4.16237092812408,7.23123356925771,0.57561007928435,0.564878766711685,NA
"ENSMUSG00000058492",1010.28284251531,-0.858497068685852,0.31887336751699,-2.69228212870462,0.00709648852085857,0.0509646869196932
"ENSMUSG00000058498",126.144527502299,0.500915182232246,0.479106355397619,1.04551980283486,0.295782793017001,0.507166159405561
"ENSMUSG00000058499",0.114593900585518,0,7.3561311249555,0,1,NA
"ENSMUSG00000058503",1233.16408562615,0.548598521833458,0.234804912657392,2.33640137944613,0.0194703321298466,0.0943452123056538
"ENSMUSG00000058508",3.75041877265446,3.03265801399837,1.85277746662033,1.63681719398837,0.101668672003757,NA
"ENSMUSG00000058513",1.6201236913234,0.230655900538067,2.52233967685114,0.0914452175711778,0.927138833807468,NA
"ENSMUSG00000058515",0.182515292725022,-0.112944578595807,7.222979810036,-0.0156368398592054,0.987524115313341,NA
"ENSMUSG00000058523",0.686708531544681,1.01801004026335,5.83367004293098,0.174505934132654,0.861467867557529,NA
"ENSMUSG00000058537",0.614851733116308,-2.227738790511,6.01772988552704,-0.370195876665855,0.711236548643094,NA
"ENSMUSG00000058542",5.71222047205116,-0.24933829749618,1.17095599058908,-0.212935669231039,0.831377140298784,NA
"ENSMUSG00000058546",20748.8566601785,-0.717570186412248,0.242680170513565,-2.95685545668486,0.00310793773834539,0.0333522270108874
"ENSMUSG00000058550",0.161609331042282,-2.54613394503146,7.29496897103446,-0.349026014386242,0.727069779536366,NA
"ENSMUSG00000058558",585.45550769823,-0.244641773559184,0.224637997598178,-1.08904894174132,0.276132303846359,0.486504488274293
"ENSMUSG00000058567",21.6584232761892,0.10559041903124,0.64209019144086,0.164447955191923,0.869378514607019,NA
"ENSMUSG00000058568",0,NA,NA,NA,NA,NA
"ENSMUSG00000058569",1295.7008210559,-0.265618076076954,0.200502967310897,-1.32475882845709,0.185251154334446,0.378583349306595
"ENSMUSG00000058571",28.3385398982177,0.513269523309328,0.68030461675501,0.754470145679116,0.450566965317636,NA
"ENSMUSG00000058579",0.302061205635272,-0.108198217646208,7.22211199741833,-0.0149815203204942,0.988046923377204,NA
"ENSMUSG00000058581",0.761819192661486,0.533688957316967,5.60312885241583,0.0952483819976519,0.924117541363472,NA
"ENSMUSG00000058586",270.812669107924,0.311581844899201,0.256832041861544,1.21317356915759,0.225063467113344,0.42745721463433
"ENSMUSG00000058587",2407.38551774761,-0.0406916260603859,0.157593661769115,-0.258205981151716,0.796247942115751,0.896765513024291
"ENSMUSG00000058589",3.81699904173145,-1.06107618379048,2.51765485635798,-0.421454188254152,0.673423457039492,NA
"ENSMUSG00000058590",0.166935270129496,0,7.3561311249555,0,1,NA
"ENSMUSG00000058594",221.057813949965,-0.140532144294937,0.333423634997606,-0.421482251238566,0.673402968978118,0.820262007303307
"ENSMUSG00000058600",9535.72889237741,-0.578574326171091,0.204858885237451,-2.82425790563328,0.00473902345119167,0.041128399310825
"ENSMUSG00000058603",4409.27279381224,-0.527278469511139,0.223588751470481,-2.35825132545074,0.0183612571623166,0.0908386195552633
"ENSMUSG00000058607",2.17536897633804,-0.756926665401142,1.81016034031818,-0.418154485291671,0.67583417083921,NA
"ENSMUSG00000058613",0.169478503766652,-1.66866385293771,7.35004973305631,-0.227027559478001,0.820402312260324,NA
"ENSMUSG00000058618",0.0851839149371867,0,7.3561311249555,0,1,NA
"ENSMUSG00000058620",5.77861162243674,0.079284898377074,0.930991269490141,0.085161806533905,0.93213275420363,NA
"ENSMUSG00000058622",4.44166041906958,-1.45634214158129,1.30311939488697,-1.11758151040919,0.263745769179407,NA
"ENSMUSG00000058624",22.8955393873533,-0.519433405764608,1.06744820936589,-0.486612278897518,0.626533120298121,NA
"ENSMUSG00000058625",4.70059733302312,-4.13394758914168,2.94023100244807,-1.40599415001736,0.159725861900053,NA
"ENSMUSG00000058626",2.70562217339312,0,2.75140181433118,0,1,NA
"ENSMUSG00000058628",0,NA,NA,NA,NA,NA
"ENSMUSG00000058631",0.788952257856341,-1.3328963746898,4.21010816237959,-0.316594330426047,0.751551438320538,NA
"ENSMUSG00000058638",316.204608677125,0.0959681387576484,0.205244641392818,0.467579265925753,0.640085495143871,0.795084372636398
"ENSMUSG00000058643",0.294722308288414,-2.54661103721908,7.29495429926472,-0.349092116653255,0.727020154743027,NA
"ENSMUSG00000058655",1858.36744389959,-0.00426823754352933,0.123293390750666,-0.0346185429530519,0.97238391522337,0.992424770723044
"ENSMUSG00000058656",0.455546373626565,-0.788486356483887,7.13715992461376,-0.110476206896339,0.912031718497715,NA
"ENSMUSG00000058659",0.210901048986518,-3.3295560527845,7.26403554104079,-0.458361751394659,0.646692566200186,NA
"ENSMUSG00000058662",0.399829059503409,1.35022443214313,7.25530884528851,0.18610157898653,0.852365103693671,NA
"ENSMUSG00000058665",0.0855461007300945,-1.67117495179724,7.35011338399168,-0.227367234284712,0.820138196359973,NA
"ENSMUSG00000058669",0.626528063589611,-0.111630798462453,5.12854581695094,-0.0217665596539061,0.982634169394079,NA
"ENSMUSG00000058670",1.9036560638685,-0.100023705424206,1.6631566442317,-0.0601408807589572,0.952043430733752,NA
"ENSMUSG00000058672",128.110719985059,-0.131164022321101,0.295945537851505,-0.443203243655306,0.657618732932149,0.807523127333452
"ENSMUSG00000058685",0.281226933212652,-0.229729421726681,7.34990451972696,-0.0312561096691927,0.975065292700688,NA
"ENSMUSG00000058690",468.467888555902,-0.122850949319729,0.306984196021453,-0.400186559803045,0.689019113097328,0.830604138166718
"ENSMUSG00000058692",12.4712004457086,0.546319682799456,0.639187526298932,0.854709549735419,0.392711962431117,NA
"ENSMUSG00000058700",2.88818191188037,-0.809462606119499,1.46241377282653,-0.553511339376257,0.579913318078481,NA
"ENSMUSG00000058704",1314.1794118121,-0.642836875620569,0.266581749956919,-2.41140616611773,0.0158911403660657,0.0830253290267229
"ENSMUSG00000058706",358.101541927503,-0.0176261378262797,0.169986472173691,-0.103691414974889,0.91741423978627,0.964441110314504
"ENSMUSG00000058709",251.915554354352,0.104566276245708,0.293596407381274,0.356156525137293,0.721723347889854,0.848977855582711
"ENSMUSG00000058715",760.817190704513,-0.591666397532355,0.602178985865237,-0.982542419148392,0.325832695801213,0.536362397667775
"ENSMUSG00000058717",0.279698872480627,-3.22964888471054,7.26591797412536,-0.444492890810443,0.656686267598509,NA
"ENSMUSG00000058725",0.194222896135168,-1.70154388388125,7.26772912738461,-0.23412318401767,0.814889347805361,NA
"ENSMUSG00000058728",1.28679707163998,0,5.63420794342451,0,1,NA
"ENSMUSG00000058729",392.852107122909,0.581312333132302,0.233800374629468,2.48636185486691,0.0129056665024197,0.0731074575223032
"ENSMUSG00000058740",1.58199156026296,-0.897731414514805,4.07662143819581,-0.220214564468393,0.825704054227796,NA
"ENSMUSG00000058741",0.484728188967123,-4.16446894442514,7.24005746753903,-0.575198327236577,0.565157173966323,NA
"ENSMUSG00000058743",1.70181555170818,1.70603924907354,2.7342975637642,0.623940595084649,0.532666598896668,NA
"ENSMUSG00000058745",0.344908669724715,0,7.3561311249555,0,1,NA
"ENSMUSG00000058748",541.06920150358,-0.966055592840571,0.339063075847409,-2.84919137958664,0.00438305064488614,0.0396037071523761
"ENSMUSG00000058755",86.4612772738043,-0.749002885972245,0.380389081580431,-1.96904412413812,0.0489480243717961,0.16626090827173
"ENSMUSG00000058756",46.6384340449485,-0.00932212162457696,0.414859914809482,-0.022470528705715,0.982072620747973,NA
"ENSMUSG00000058761",248.851364561962,0.181220776883273,0.314060292248057,0.577025435422245,0.563922273225449,0.740977225951557
"ENSMUSG00000058773",923.153972707317,0.689094937403831,0.93951698955575,0.733456600640792,0.463279988471964,0.661016553990381
"ENSMUSG00000058793",1011.51135861471,-0.780255805095126,0.290834900049274,-2.68281353084838,0.0073005683707596,0.0517319844766729
"ENSMUSG00000058794",49.0209800394959,-0.250774571479882,0.77795707398344,-0.322350139700921,0.747187452552137,NA
"ENSMUSG00000058799",5420.02336424411,-0.249957632768086,0.203328961463446,-1.22932626502901,0.21894950349653,0.42082750185946
"ENSMUSG00000058802",0.302513363623122,-3.76135190933971,7.25720638097248,-0.518291986183764,0.604254563388343,NA
"ENSMUSG00000058806",0.257568463875495,-0.181112488842691,7.23833780778007,-0.0250212816329218,0.980037988633214,NA
"ENSMUSG00000058807",0.0380762098104571,-1.67431590235222,7.3501929692546,-0.227792101425878,0.819807867435575,NA
"ENSMUSG00000058809",1.23254172103358,-2.2938940397862,3.07328513715315,-0.746398052056789,0.455426995626825,NA
"ENSMUSG00000058816",0,NA,NA,NA,NA,NA
"ENSMUSG00000058818",72.3270812715009,0.905684712887928,0.4715871537207,1.92050335922493,0.0547943492486944,0.177306986762197
"ENSMUSG00000058820",0.0851549481264175,0,7.3561311249555,0,1,NA
"ENSMUSG00000058831",10.0849797145012,-0.113436217439993,1.17255691798211,-0.0967426107000492,0.92293080006866,NA
"ENSMUSG00000058833",1908.43653626946,-0.686825627589792,0.220576521388089,-3.11377486265353,0.00184710374549086,0.0260056804423214
"ENSMUSG00000058835",1438.70103286658,-0.316390619018346,0.15086957118497,-2.09711353013951,0.0359835265398551,0.137600448683353
"ENSMUSG00000058838",479.779169944405,-4.10878299182965,2.17976164179907,-1.88496894019956,0.0594340313338419,0.186746789489837
"ENSMUSG00000058856",0.142074997349226,3.16234199338107,7.24913616833546,0.436237079832259,0.662664727608538,NA
"ENSMUSG00000058869",2.18906327893893,-1.26699087880309,1.77572658914813,-0.713505607533255,0.475532944438013,NA
"ENSMUSG00000058873",0,NA,NA,NA,NA,NA
"ENSMUSG00000058881",15.3388970753136,-0.483398631206249,0.774163804848236,-0.624413887834775,0.532355806813305,NA
"ENSMUSG00000058883",13.8791326678695,1.31245297456162,3.26997407464377,0.401364948040022,0.688151452276201,NA
"ENSMUSG00000058884",0.230167976028278,2.76942699521319,7.30702011832084,0.3790090830966,0.704681118842265,NA
"ENSMUSG00000058886",288.920470705775,0.105470285134353,0.214983953473705,0.490596081382666,0.623712158519665,0.783334414862481
"ENSMUSG00000058897",3.64058369869329,1.30081705815324,1.46564242571078,0.887540531942768,0.374787954357146,NA
"ENSMUSG00000058900",75.8447322634424,-0.214319869058102,0.440105161864924,-0.486974222592465,0.626276598544715,0.784864557234294
"ENSMUSG00000058904",0.118430452562369,0,7.3561311249555,0,1,NA
"ENSMUSG00000058905",4.4156943095496,-0.340755704636731,2.49508707375747,-0.136570666499254,0.89137016394965,NA
"ENSMUSG00000058908",0.0787052949262844,-1.67055056471309,7.35009752111745,-0.227282775488823,0.820203865828755,NA
"ENSMUSG00000058914",1.04549148194297,1.18574551681904,2.51999743967388,0.47053441330976,0.637973253593165,NA
"ENSMUSG00000058921",0.908384543406778,2.34668168577798,3.68332936872092,0.637108835746855,0.524053953602402,NA
"ENSMUSG00000058922",0,NA,NA,NA,NA,NA
"ENSMUSG00000058925",0.134549947468228,0,7.35613112495549,0,1,NA
"ENSMUSG00000058927",9120.87151964078,-0.958633570077814,0.239745492438736,-3.99854679362859,6.3732582091291e-05,0.00636360175729709
"ENSMUSG00000058932",6.40785768762202,3.91555359567574,3.17175850092414,1.2345055887877,0.217014565467449,NA
"ENSMUSG00000058933",0.0380762098104571,-1.67431590235222,7.3501929692546,-0.227792101425878,0.819807867435575,NA
"ENSMUSG00000058935",0.0434922688142794,0,7.3561311249555,0,1,NA
"ENSMUSG00000058952",0.220562742521568,-2.93220542716652,7.2662406522485,-0.403538166088563,0.686552363590944,NA
"ENSMUSG00000058953",0.332419889188314,-1.64234095884158,7.34938275564942,-0.223466515957292,0.823172440617602,NA
"ENSMUSG00000058966",0.341519870751122,-2.20378096227386,7.30136589977427,-0.301831327524894,0.76278064804911,NA
"ENSMUSG00000058975",42.3829432740425,0.455351818973487,0.719660869762332,0.632731107255931,0.526909252316718,NA
"ENSMUSG00000058976",12.4205007140022,-0.136830593348896,0.764221194203108,-0.179045797717736,0.857901741294423,NA
"ENSMUSG00000058979",327.297837491791,0.365303319628138,0.235211822687057,1.55308230451564,0.120403473035167,0.289880850519179
"ENSMUSG00000058981",0.393555704442474,-2.29686552340767,7.28505809554234,-0.315284448426445,0.752545691686593,NA
"ENSMUSG00000058997",99.9008998734156,0.474284277480386,0.353528337611874,1.34157357988396,0.179734297396054,0.371922447092316
"ENSMUSG00000059003",15.2589405062179,-0.680384892322031,0.760205367804212,-0.895001431372768,0.370786322816953,NA
"ENSMUSG00000059005",8030.13709935934,-0.0676885864320662,0.253951452350021,-0.266541442491028,0.789822246874744,0.893805713835929
"ENSMUSG00000059013",636.715039862358,-0.112190254633136,0.187366945252465,-0.598772929141618,0.549324316810063,0.730830534544747
"ENSMUSG00000059014",0.0801844853033133,0,7.3561311249555,0,1,NA
"ENSMUSG00000059022",1.36790301285076,-0.250212819160769,3.32279797108442,-0.0753018454140656,0.939974553225301,NA
"ENSMUSG00000059023",0.299385029854643,0.194185420113201,7.15859322563588,0.0271261984013559,0.978359079143598,NA
"ENSMUSG00000059030",2.03256561195049,0.216960917274731,1.68834220102605,0.128505297766578,0.89774910597484,NA
"ENSMUSG00000059031",11.3958641209746,-2.8395616012156,1.25978350386797,-2.25400760725725,0.0241956894064135,NA
"ENSMUSG00000059033",68.2990101514552,-0.250783657334727,0.421708085108125,-0.594685438080767,0.552053757435463,0.731802520081743
"ENSMUSG00000059040",29.0915174645127,0.191270219076669,0.799511670482825,0.23923380500645,0.810924290982006,NA
"ENSMUSG00000059042",1.34026936414309,0,5.03370138317482,0,1,NA
"ENSMUSG00000059043",3.0679498202083,0.419742819502563,1.78536726004095,0.23510166725749,0.814129824677674,NA
"ENSMUSG00000059049",1.19652197337269,0.871439122890295,4.1473677434815,0.21011860456791,0.833575105249589,NA
"ENSMUSG00000059058",12.9967666926737,1.28238477112487,4.77844015209958,0.268368909164095,0.788415368883634,NA
"ENSMUSG00000059060",117.38019761114,-0.0590960836041551,0.63560413138511,-0.0929762421074463,0.925922435501672,0.969159601327195
"ENSMUSG00000059064",3.9339242614293,-0.929414648113018,1.70200844657588,-0.546069351173211,0.585018266612642,NA
"ENSMUSG00000059069",0.0406180793754555,0,7.3561311249555,0,1,NA
"ENSMUSG00000059070",19423.1273153564,-0.630559374776926,0.202151261455548,-3.11924531282523,0.00181314935601483,0.0257884624233188
"ENSMUSG00000059077",0,NA,NA,NA,NA,NA
"ENSMUSG00000059087",0.169833501825093,0.208618583405249,7.26059683179789,0.0287329799792217,0.977077553000221,NA
"ENSMUSG00000059089",38.4238249120018,3.73172290053486,1.691445974992,2.20623239270324,0.0273677323106704,NA
"ENSMUSG00000059105",0.0381979668618393,0,7.3561311249555,0,1,NA
"ENSMUSG00000059106",0.734650193451325,-0.114040724574086,6.7133457450314,-0.0169871668919315,0.986446853632939,NA
"ENSMUSG00000059108",103.124116126773,2.1657999489686,1.83449841896942,1.18059515700498,0.237763588466659,0.443033566822417
"ENSMUSG00000059112",2.18022120892343,-0.0257600638505249,2.39072467544157,-0.0107750022891143,0.991402958384944,NA
"ENSMUSG00000059113",0.144591543411108,-0.233585275116794,7.34989576727897,-0.0317807602329128,0.974646889995578,NA
"ENSMUSG00000059114",0.0786969535085095,-1.67336196976365,7.35016878702557,-0.227663067100915,0.819908186642795,NA
"ENSMUSG00000059119",1608.22086542259,0.107949632157953,0.12815868309667,0.842312276855461,0.399613180919112,0.605275970993088
"ENSMUSG00000059128",0.237798114582078,0.76288644881598,7.27905925261,0.104805637973401,0.916530036235482,NA
"ENSMUSG00000059134",15.2975738279444,1.00061714577254,0.826425943147408,1.21077654213241,0.225981057877742,NA
"ENSMUSG00000059136",101.693338354038,0.348676409826895,0.772904408289027,0.451124881793284,0.651899545568298,0.802693947177707
"ENSMUSG00000059142",173.170549496621,0.172542875106684,0.306338665465269,0.563242236642327,0.573269945707493,0.747299672071551
"ENSMUSG00000059146",538.538257065213,-0.440909584730557,0.201829213257363,-2.18456772245517,0.0289205567230888,0.119614938580641
"ENSMUSG00000059149",29.5577082970697,1.84076583439087,0.715463801762397,2.57282874389525,0.0100871107152438,NA
"ENSMUSG00000059150",5.14105119735721,-0.397733905398852,0.937838410469238,-0.424096412515083,0.671495501729093,NA
"ENSMUSG00000059159",5.08768512664291,-0.73928438931314,1.75579661702473,-0.421053544667313,0.673715983010662,NA
"ENSMUSG00000059169",0.0786991364723323,-1.67260193078762,7.35014952042769,-0.227560259303445,0.819988117846685,NA
"ENSMUSG00000059173",4.21282416961429,1.27996391832895,1.22726488790697,1.04294022500054,0.296975978094003,NA
"ENSMUSG00000059179",0.833526614030987,2.15161299819177,5.04644456645477,0.426362158517343,0.669843971012258,NA
"ENSMUSG00000059182",361.878524374732,-0.477611681097786,0.312755878036067,-1.52710696948982,0.126734414166641,0.299419140544275
"ENSMUSG00000059183",614.897105131727,0.290921738477001,0.17251984178604,1.68630886433228,0.0917363245770326,0.244422445280191
"ENSMUSG00000059187",3.01784039274203,2.60440178380379,1.74227868903345,1.49482502437576,0.134960113603134,NA
"ENSMUSG00000059189",0.24745511785393,0,7.3561311249555,0,1,NA
"ENSMUSG00000059195",3.08504000998585,-0.435717723790513,2.38710062128071,-0.182530103635408,0.855166731880002,NA
"ENSMUSG00000059201",0.118128105821473,0,7.3561311249555,0,1,NA
"ENSMUSG00000059203",2.16837479766692,-0.0931432292388936,1.8615919382899,-0.0500341816716596,0.960095149388444,NA
"ENSMUSG00000059205",2.16599862626813,1.83374240770544,1.9572282740813,0.936907785355889,0.348805994149486,NA
"ENSMUSG00000059206",0.0355187493373065,1.16171280725677,7.35565536667627,0.157934643392857,0.874508299155349,NA
"ENSMUSG00000059208",2604.37830694995,-0.0975536652723545,0.216714911904845,-0.450147451390831,0.652604123699398,0.80336136522647
"ENSMUSG00000059213",3.55264000585224,-0.239980851865187,3.56329080121827,-0.0673480962550514,0.946304588501145,NA
"ENSMUSG00000059218",0.281276741119581,1.38355504933215,7.21474721112127,0.191767640479413,0.84792421963755,NA
"ENSMUSG00000059229",5.18761044932684,0.256694485823894,1.55148655349229,0.165450667455733,0.868589276277767,NA
"ENSMUSG00000059230",0.0380762098104571,-1.67431590235222,7.3501929692546,-0.227792101425878,0.819807867435575,NA
"ENSMUSG00000059237",0.642138811974263,-3.4860657588562,7.25608794059465,-0.480433228951538,0.630919371100631,NA
"ENSMUSG00000059246",0.640155102758509,1.76753143482254,4.66966522700689,0.37851352268254,0.705049150090444,NA
"ENSMUSG00000059248",1302.81487002728,-0.182848590381814,0.204006164983156,-0.896289533195777,0.370098147809158,0.5797813298088
"ENSMUSG00000059251",0.0787001189879604,-1.67226577868628,7.35014099925737,-0.227514789016325,0.82002347076936,NA
"ENSMUSG00000059252",6.51926150669611,-0.806473295860378,1.12274284637697,-0.718306332089154,0.47256842673417,NA
"ENSMUSG00000059256",0.149813341394775,2.15991403482637,7.28486716562403,0.296493262776103,0.766853411328889,NA
"ENSMUSG00000059263",1049.21318280377,0.100447167168181,0.20186126912709,0.497604952166137,0.618762512606007,0.780669279128897
"ENSMUSG00000059273",412.287249199322,0.242562911119974,0.317344962047315,0.764350911875539,0.444658153241793,0.645724378550774
"ENSMUSG00000059278",3187.68717044424,-0.607674468362952,0.207685776968644,-2.92593203652409,0.00343425953982307,0.0351404369888397
"ENSMUSG00000059279",5.16255610903917,0.957868841155169,1.07126920409761,0.894143915918905,0.371244894997961,NA
"ENSMUSG00000059280",0.0801844853033133,0,7.3561311249555,0,1,NA
"ENSMUSG00000059288",167.149963839873,0.0197647516807143,0.302508766735597,0.0653361285823141,0.947906377335778,0.98136021924545
"ENSMUSG00000059291",6086.40179101517,-0.592217872787746,0.217775759440935,-2.71939298619857,0.00654018538280718,0.0488518370896217
"ENSMUSG00000059301",0.232430997381541,1.15956919221415,7.35575666369574,0.157641048396447,0.87473965602209,NA
"ENSMUSG00000059303",0.38439123271901,-1.93518647197354,7.25524977975616,-0.266729131417799,0.789677722611464,NA
"ENSMUSG00000059305",0.666548156242051,-4.69722606029732,7.23171067769193,-0.649531800931572,0.515994698340474,NA
"ENSMUSG00000059316",162.642641622629,-0.0718484280511055,0.315190140038215,-0.227952651191418,0.819683050306768,0.909993920897981
"ENSMUSG00000059319",37.9827830355863,-0.0838638466313189,0.397480397467347,-0.210988635328132,0.832896139440575,NA
"ENSMUSG00000059323",186.478742679131,-0.491001633825196,0.24311277461567,-2.01964555174612,0.0434201666079832,0.154758441290086
"ENSMUSG00000059325",5788.14826183274,-0.888806425676869,0.26085587697868,-3.40727008327864,0.000656161635748058,0.016054845963786
"ENSMUSG00000059326",25.9760572563328,-0.715631750764846,0.623823483916985,-1.14717026404873,0.251311258667841,NA
"ENSMUSG00000059327",4.23628822000975,-0.230299274616591,1.53716006832151,-0.149821270642337,0.880905627223828,NA
"ENSMUSG00000059334",0.0355187493373064,1.16171280725677,7.35565536667627,0.157934643392857,0.874508299155349,NA
"ENSMUSG00000059336",141.462017980382,0.581862530028291,0.348664781767089,1.66883080957967,0.0951509149625924,0.249660858581799
"ENSMUSG00000059343",1.43341076438618,0.867377403224798,2.63464991563683,0.329219224944025,0.741989992756615,NA
"ENSMUSG00000059352",16.0604623435647,-0.563725818194598,0.646436907367153,-0.872050793774406,0.383180668245405,NA
"ENSMUSG00000059355",2175.29793223784,-0.717231041728769,0.236595049464693,-3.03147104451905,0.00243365260864449,0.029958475761458
"ENSMUSG00000059361",1.21629879366788,1.15062257399703,4.10384270540893,0.280376870312425,0.779188380503909,NA
"ENSMUSG00000059363",1100.27659355853,-0.339022835386449,0.173018354378028,-1.95946168026611,0.0500587433258454,0.168330151502391
"ENSMUSG00000059366",7.06330743068918,0.350887832333975,1.31772800287851,0.266282443393082,0.790021693281404,NA
"ENSMUSG00000059371",0.844159995733236,3.97388365682965,4.29183598398597,0.925916943624434,0.354489145194582,NA
"ENSMUSG00000059375",0.0458889004883164,0,7.3561311249555,0,1,NA
"ENSMUSG00000059379",1.61590266957972,1.63397611127072,1.93947870251641,0.842482110863443,0.399518148920033,NA
"ENSMUSG00000059382",0,NA,NA,NA,NA,NA
"ENSMUSG00000059383",0.0380762098104571,-1.67431590235222,7.3501929692546,-0.227792101425878,0.819807867435575,NA
"ENSMUSG00000059395",5.27137341054594,0.643077833777553,1.64812373389133,0.390187836358138,0.696397655412873,NA
"ENSMUSG00000059397",2.6100311419906,1.45484423268671,1.74707076347187,0.832733431927834,0.404995085127422,NA
"ENSMUSG00000059401",0.409650599943532,0.471136801359505,7.19903897390414,0.0654444021024657,0.947820172064892,NA
"ENSMUSG00000059406",0.525026909011424,-3.22602487136986,6.34799515165263,-0.508195862520468,0.611315992187475,NA
"ENSMUSG00000059408",0.0788219199432803,0,7.3561311249555,0,1,NA
"ENSMUSG00000059409",303.100780676606,0.157601068332901,0.275721089784851,0.571595986567003,0.567595715076521,0.743136906428001
"ENSMUSG00000059410",0.15501104724308,-0.231355180259674,7.34993187962575,-0.0314771870064535,0.974888985259743,NA
"ENSMUSG00000059411",0.0380762098104571,-1.67431590235222,7.3501929692546,-0.227792101425878,0.819807867435575,NA
"ENSMUSG00000059412",3.59191979518816,0.168903474292125,1.5824786323827,0.106733494428175,0.915000409664808,NA
"ENSMUSG00000059422",215.385084527249,-2.2823642905332,1.87661640443011,-1.21621247962304,0.223903990961111,0.426648951391023
"ENSMUSG00000059423",223.482698814088,-0.338070264156338,0.368116122394347,-0.918379401470979,0.358420270890856,0.567785957973736
"ENSMUSG00000059429",70.8220806673552,0.0546211424741939,0.777647606599185,0.0702389385766434,0.944003482339438,0.979645433615256
"ENSMUSG00000059430",1.78909775754058,-0.70668100029029,2.07167719183034,-0.34111540305463,0.733016705956984,NA
"ENSMUSG00000059434",1.00717492483355,1.16696586481497,6.1829542297726,0.188739204827962,0.850297222766887,NA
"ENSMUSG00000059436",523.827046424409,-0.311251185568209,0.211020656159345,-1.47497970688319,0.140217999296677,0.318340588665057
"ENSMUSG00000059439",181.762628736982,0.562186286942784,0.325985836404087,1.72457273955273,0.0846044997020028,0.231538061892109
"ENSMUSG00000059447",1979.32737380143,0.264477191041586,0.207912681973932,1.27205896499736,0.203352169594026,0.400505319074905
"ENSMUSG00000059455",0.081236158750911,0,7.3561311249555,0,1,NA
"ENSMUSG00000059456",832.419440437446,-0.0284728575129404,0.193899820917349,-0.146843134657031,0.883255837166046,0.947166842090081
"ENSMUSG00000059460",44.2247388672211,0.0946191171958258,0.580099020472317,0.163108562256814,0.870432958374638,NA
"ENSMUSG00000059461",33.942719490182,-0.879975149631726,0.598877474013747,-1.46937426738399,0.141731302934048,NA
"ENSMUSG00000059463",0.232430223350536,0,7.3561311249555,0,1,NA
"ENSMUSG00000059473",7.76927286981511,0.298687753995404,0.88611855560286,0.337074257283999,0.736060922732745,NA
"ENSMUSG00000059474",482.651600814304,0.344103713147775,0.307925447545231,1.11749034024617,0.263784727526766,0.47332224357552
"ENSMUSG00000059475",369.447738579973,0.231980270749831,0.251440423117768,0.922605314902678,0.356212924916458,0.565648957879388
"ENSMUSG00000059479",19.7364364882829,0.841924731388414,0.88197948542358,0.954585390366614,0.339787408200546,NA
"ENSMUSG00000059481",0.194738517791041,0.771594477917389,7.27885504188,0.106004924329157,0.915578445153504,NA
"ENSMUSG00000059482",223.986839164611,-0.558153257471683,0.431895172926098,-1.29233502122792,0.196241148776587,0.392022200873728
"ENSMUSG00000059483",2.0088168076915,-0.334923023495743,1.84647186612395,-0.181385392130996,0.856065084089233,NA
"ENSMUSG00000059486",903.055229851393,-0.158201539357023,0.190811049697573,-0.829100513873623,0.407047533002526,0.611778145618058
"ENSMUSG00000059488",9.38165567874661,1.18606944326561,1.33986149436666,0.885217948461346,0.376039093757167,NA
"ENSMUSG00000059493",1.15157196117103,-2.270567111489,3.7527650440229,-0.60503844095046,0.545153455115793,NA
"ENSMUSG00000059495",119.635506955605,0.675180512189665,0.446645048444545,1.51167132500629,0.130617496907466,0.305125101630776
"ENSMUSG00000059498",144.840960438307,1.9996654374224,0.67214795509875,2.97503759738229,0.00292952640394449,0.0323557189977557
"ENSMUSG00000059503",0.126234644919502,-1.66714897437775,7.35001133608366,-0.226822639877188,0.820561658406564,NA
"ENSMUSG00000059504",0.696228823517367,0.793824630983056,4.82380546768761,0.164563980927613,0.869287183671317,NA
"ENSMUSG00000059518",1003.31184788721,-0.934906811217483,0.264977515634034,-3.52824959121703,0.000418317523683436,0.0128292625834439
"ENSMUSG00000059534",11259.3280402406,-0.734554171830787,0.21427025367002,-3.42816680920169,0.000607671952835793,0.0153716637031862
"ENSMUSG00000059540",101.171576802632,-0.159792983814862,0.392649725472301,-0.406960640613346,0.684036896433741,0.826947657534869
"ENSMUSG00000059547",0.225818147276078,-0.692983918850439,7.19561476188899,-0.096306422978725,0.923277210002107,NA
"ENSMUSG00000059552",1019.85598833802,-0.116958476119782,0.19630847638803,-0.595789230662652,0.551316039018531,0.731757962367733
"ENSMUSG00000059554",257.423492875237,-0.665560470962712,0.32609801274202,-2.04098290991195,0.0412525258320225,0.149438920103891
"ENSMUSG00000059555",250.980627176966,0.0984132298136543,0.264634167720417,0.371884064183378,0.709979170525756,0.841054524583414
"ENSMUSG00000059562",0.469291969578223,-1.46510632307743,7.27484969782767,-0.201393346107882,0.840391017663985,NA
"ENSMUSG00000059565",5.58449649693083,-2.28660432512667,1.26263810795014,-1.81097363585748,0.0701449328109295,NA
"ENSMUSG00000059571",0.901948034698011,-0.395976008266448,2.87766153331183,-0.137603399038639,0.890553869042336,NA
"ENSMUSG00000059585",0.930259131946075,0,3.90990927027998,0,1,NA
"ENSMUSG00000059586",2313.87095071819,-0.815521982956926,0.294252959248859,-2.77149968190197,0.00557987268286945,0.044697764562532
"ENSMUSG00000059588",162.99301565499,0.900730356657727,0.49367555841421,1.82453909517227,0.0680706115051196,0.202593128470534
"ENSMUSG00000059595",0.0822575395627484,0.844199257789194,7.34831554794364,0.114883370519579,0.908537566217367,NA
"ENSMUSG00000059602",4.79362712519826,0.918362364012917,1.48960915910205,0.616512296800398,0.537556458587252,NA
"ENSMUSG00000059606",0.623731126839707,-1.66492745840278,7.34995514181235,-0.226522125139425,0.82079535303495,NA
"ENSMUSG00000059610",0.132268147133242,0,7.35613112495549,0,1,NA
"ENSMUSG00000059623",4.7840880060419,0.387697288698836,1.62510742757172,0.238567175388611,0.811441220483196,NA
"ENSMUSG00000059625",0.490251206488927,-1.65867853313001,7.16900796985646,-0.23136792985923,0.817028977540093,NA
"ENSMUSG00000059626",0.0486748822752954,0,7.3561311249555,0,1,NA
"ENSMUSG00000059632",0,NA,NA,NA,NA,NA
"ENSMUSG00000059639",0.787034856829246,-1.46573960166343,5.00864626303205,-0.292641868618633,0.76979590750062,NA
"ENSMUSG00000059645",0.962186247238807,-1.91141441090582,7.16431215537818,-0.266796639991592,0.789625741415477,NA
"ENSMUSG00000059647",0.231669975243773,0,7.3561311249555,0,1,NA
"ENSMUSG00000059648",0,NA,NA,NA,NA,NA
"ENSMUSG00000059654",2.62923291203325,1.60223726250181,1.79308767660635,0.893563255944211,0.371555613347088,NA
"ENSMUSG00000059657",13.7163782996277,1.12450624965786,2.20347520203979,0.510333063252487,0.609818142911144,NA
"ENSMUSG00000059658",6.94887400046825,0.604461298053443,1.46053060969499,0.413864176512998,0.678973580694778,NA
"ENSMUSG00000059663",0.0761567195022577,1.15662990839907,7.35590342356752,0.157238321630672,0.875057027627774,NA
"ENSMUSG00000059668",0.293804070848856,-1.67185613755026,7.35012776355207,-0.22745946619332,0.820066484482994,NA
"ENSMUSG00000059669",699.600172486161,-0.289507402647529,0.248583020653758,-1.16463064084644,0.24416853535882,0.450720069471884
"ENSMUSG00000059674",2.56955515420277,1.50868334647364,1.66812378049806,0.904419302758929,0.365773106610548,NA
"ENSMUSG00000059687",0,NA,NA,NA,NA,NA
"ENSMUSG00000059689",537.26351898432,-0.897398090682931,0.348184079191137,-2.57736681346162,0.00995562395165557,0.0626424842534152
"ENSMUSG00000059690",0.0705055621191966,0,7.3561311249555,0,1,NA
"ENSMUSG00000059695",0.0761524196209141,-2.55627499047924,7.29465809108018,-0.350431090609309,0.726015196884991,NA
"ENSMUSG00000059708",84.1843851812662,0.479744362822719,0.483956169083905,0.991297132818538,0.321540512623547,0.532389911478681
"ENSMUSG00000059713",287.432929438697,-0.386188146760768,0.276842392804731,-1.39497474663558,0.163023454967775,0.349721462053612
"ENSMUSG00000059714",588.293036325695,-0.456054968756514,0.249508438025525,-1.82781381008789,0.0675774998801663,0.201631025148036
"ENSMUSG00000059729",412.539803881891,0.111942516347318,0.867627913504872,0.129021340375179,0.89734076278306,0.954504835909883
"ENSMUSG00000059734",6620.66455844204,-0.69020583659633,0.278602663608292,-2.47738419890609,0.0132349348987139,0.0742404380789513
"ENSMUSG00000059741",1.93275563238486,1.19088723217209,1.89478154881047,0.628508987180987,0.529670561108686,NA
"ENSMUSG00000059742",10.0661299458519,0.608744409428075,0.97645087069229,0.623425538037038,0.533004920192527,NA
"ENSMUSG00000059743",1885.53457865947,-1.10609403607344,0.2993429570468,-3.69507285885638,0.000219823742809624,0.0098752866586023
"ENSMUSG00000059751",14.3417108142129,-0.551590389151314,0.808593230661768,-0.682160532929371,0.495137447594575,NA
"ENSMUSG00000059762",59.8155860354518,0.133936654372222,0.727400184437144,0.184130630205794,0.853910977848493,NA
"ENSMUSG00000059763",0.190381049052285,-3.87344176364856,7.24606634725706,-0.534557866022689,0.592955625497417,NA
"ENSMUSG00000059768",0.152132256552584,2.32992224006292,7.28099127677285,0.32000069104541,0.748967806698807,NA
"ENSMUSG00000059772",241.953078861948,0.188691986691557,0.306800003815805,0.615032543496456,0.538533228792912,0.722208786679954
"ENSMUSG00000059775",1516.58787459869,-0.63228841515956,0.342285267472523,-1.847255711087,0.0647100885147717,0.197060759386481
"ENSMUSG00000059776",40.5885229847391,-0.903866348033898,0.691726815866664,-1.30668108753518,0.191321044418369,NA
"ENSMUSG00000059791",1224.97882529368,-0.255935932655524,0.36474761130555,-0.701679530510004,0.482879041250451,0.676511155264498
"ENSMUSG00000059796",7037.94002723529,-0.356136014103008,0.256237954784402,-1.38986441100289,0.164570054407304,0.351440031408357
"ENSMUSG00000059810",560.759463945675,-0.340502908629391,0.196681140253992,-1.73124331183798,0.0834083773966334,0.229449760169818
"ENSMUSG00000059811",579.752759693058,0.0427279625066114,0.210069955125404,0.203398732013364,0.838823390803248,0.922173947806578
"ENSMUSG00000059816",0.13399152922408,-1.6577483772029,7.34977306147335,-0.225550961007575,0.821550685375459,NA
"ENSMUSG00000059820",434.587384561348,0.00344212942894119,0.235722921868901,0.0146024383273832,0.988349353956859,0.99988060217619
"ENSMUSG00000059821",86.592969756534,0.887408135843558,0.464257023687192,1.91145871912856,0.0559456569270674,0.179742736405177
"ENSMUSG00000059824",84.4691979570656,-0.297607034088854,0.43459368626262,-0.684793736071475,0.493474088636569,0.684246228948307
"ENSMUSG00000059827",0.128837774720635,0,7.3561311249555,0,1,NA
"ENSMUSG00000059830",0.513061321105679,0,6.44249888969193,0,1,NA
"ENSMUSG00000059832",0.192450823447331,-0.229533496889444,7.34988899158105,-0.0312295188610827,0.97508649874366,NA
"ENSMUSG00000059834",157.366091069495,0.172950549731488,0.315594259212292,0.548015512586205,0.583681251298725,0.754258856821975
"ENSMUSG00000059835",10.3367650564498,0.0740424922948572,0.873374841818447,0.0847774503564746,0.932438320996844,NA
"ENSMUSG00000059839",137.852808468913,-0.143142958858978,0.371617672678777,-0.385188782404087,0.700097553722231,0.836687531651071
"ENSMUSG00000059842",31.1273402213513,0.467696194138127,0.648181427061254,0.721551366040498,0.470570349220887,NA
"ENSMUSG00000059845",0,NA,NA,NA,NA,NA
"ENSMUSG00000059851",114.877370031726,0.177945930491235,0.292231302002691,0.608921526447555,0.542576455019416,0.725205125988361
"ENSMUSG00000059852",1.08965136512747,-2.56529110556456,4.36145250613851,-0.588173573357512,0.55641579344681,NA
"ENSMUSG00000059854",3.65698358494026,-0.0800150348833628,2.13866404830835,-0.0374135596222575,0.970155261225535,NA
"ENSMUSG00000059857",0.655858658992461,0.453881948698749,4.63949575877325,0.0978300169453679,0.922067271628316,NA
"ENSMUSG00000059862",0.313157645960193,-2.58098780669985,7.26063713020589,-0.355476766076404,0.722232447808473,NA
"ENSMUSG00000059864",0.679658510595055,-1.29592334698973,5.1950766453662,-0.249452209361654,0.80301100397067,NA
"ENSMUSG00000059866",87.4956873331339,0.81762343090933,0.33534302673783,2.43817036800513,0.0147618149791602,0.0793819162140269
"ENSMUSG00000059867",0.113109713712076,-1.58225586812105,7.34786016122592,-0.215335598855091,0.829505676701463,NA
"ENSMUSG00000059873",7.38465167129709,0.546612125607572,0.976856965893417,0.559562090144538,0.575778168939879,NA
"ENSMUSG00000059874",0.0355187493373064,1.16171280725677,7.35565536667627,0.157934643392857,0.874508299155349,NA
"ENSMUSG00000059877",0,NA,NA,NA,NA,NA
"ENSMUSG00000059878",433.824491815366,-0.253779990385156,0.220103665391208,-1.15300210895667,0.248909518877147,0.456572758229838
"ENSMUSG00000059883",241.007405720869,0.288317315813104,0.234781076889971,1.22802620906379,0.219437129452459,0.421514323943412
"ENSMUSG00000059887",0.678362976451833,-0.0143728886532739,5.84996925805224,-0.00245691695447634,0.998039665867089,NA
"ENSMUSG00000059890",350.481141853852,0.797356146245844,0.346768243823084,2.29939205924705,0.0214826864534864,0.0993117071154967
"ENSMUSG00000059891",2.20050495039558,0.756313836992687,2.73071689965511,0.27696530427164,0.781806747522187,NA
"ENSMUSG00000059895",960.858737467362,-0.135527650088313,0.279647685724523,-0.484637123805199,0.627933774999124,0.786200202230918
"ENSMUSG00000059897",370.821452437385,-0.591536807627707,0.362673222362906,-1.63104627293324,0.102880556042658,0.261996112370464
"ENSMUSG00000059898",0.710023909039951,-5.0078522850807,7.22823310011619,-0.692818316138726,0.48842357622361,NA
"ENSMUSG00000059900",5.83670116697664,1.82147098505846,1.46705737785605,1.24158128547115,0.214391090158956,NA
"ENSMUSG00000059901",92.2478876671478,0.491929367104145,0.417441722910177,1.17843842650581,0.238621865979146,0.444046902335064
"ENSMUSG00000059908",1.88483716152401,-2.79509360173125,7.11554580792029,-0.392815066782374,0.694456075691213,NA
"ENSMUSG00000059910",21.3278790468961,0.751388956196988,0.892083608659114,0.842285351847678,0.399628248274566,NA
"ENSMUSG00000059912",1.98824566158567,-0.326940314242918,2.38086848127567,-0.137319770837465,0.890778043601438,NA
"ENSMUSG00000059920",2155.5846972519,-0.735902904004036,0.193078108877315,-3.81142589536985,0.000138167477877792,0.00827278180074193
"ENSMUSG00000059921",10.7795716131963,-0.381017110904244,1.08061517842697,-0.352592780955459,0.724393750405353,NA
"ENSMUSG00000059923",1630.7659368759,-0.560791450510812,0.189185046738498,-2.96424828589106,0.00303423363885568,0.033004981358487
"ENSMUSG00000059934",0,NA,NA,NA,NA,NA
"ENSMUSG00000059939",346.311777841041,0.834045283050688,0.288386424116318,2.8921100762853,0.0038266385021147,0.0371210221721333
"ENSMUSG00000059956",0.0761524196209141,-2.55627499047924,7.29465809108018,-0.350431090609309,0.726015196884991,NA
"ENSMUSG00000059964",0.0807108385367963,0,7.3561311249555,0,1,NA
"ENSMUSG00000059970",43.423985704832,-1.10959303673932,0.483711029651824,-2.2939171710391,0.0217952569120816,NA
"ENSMUSG00000059974",1.98277794995071,0.132781287719869,2.83490687252662,0.0468379716479105,0.962642365231003,NA
"ENSMUSG00000059975",149.25743095653,0.201411363308339,0.338559941076367,0.59490606794177,0.55190626098476,0.731783314258509
"ENSMUSG00000059981",195.264891164534,0.31508338017122,0.232619966334228,1.35449843423375,0.175577412591505,0.366620769638156
"ENSMUSG00000059991",0.264577223920021,0.47497056373069,7.19884604365638,0.0659787083721889,0.947394776769,NA
"ENSMUSG00000059994",41.1145716630791,-0.0628055128063917,1.21714769163333,-0.0516005684750639,0.958846966367556,NA
"ENSMUSG00000059995",279.485397497267,-0.100448809847215,0.228180614503875,-0.440216229873941,0.659780506012192,0.808787380461951
"ENSMUSG00000060002",1991.62309748836,0.30247734919022,0.24060380889047,1.25715943810315,0.208695907733193,0.408264208973405
"ENSMUSG00000060012",236.75319776024,1.01315153838702,0.352982445973437,2.87026040513999,0.00410133884181121,0.0381748911970845
"ENSMUSG00000060017",0.0427517828843511,0,7.3561311249555,0,1,NA
"ENSMUSG00000060019",17.4712132307691,-0.644891340630386,0.629024852587819,-1.0252239446141,0.305257532553872,NA
"ENSMUSG00000060024",0.37931226215515,-1.88149866295253,7.34141156588774,-0.256285681039191,0.797730252998779,NA
"ENSMUSG00000060030",0.181378222707432,0.778706133458472,7.31682197157359,0.106426825264275,0.915243710456252,NA
"ENSMUSG00000060032",5849.62711297039,-0.513719146862638,0.21551180352276,-2.38371698656582,0.0171387772556291,0.0868458042384064
"ENSMUSG00000060034",110.280774218702,0.823924883978414,0.40194677279613,2.04983579852329,0.040380456951494,0.147400597106912
"ENSMUSG00000060036",16761.0941062468,0.0244576072766295,0.188669574491296,0.129631962877818,0.896857613889873,0.954289660288239
"ENSMUSG00000060038",877.688277057568,-0.0192749606620196,0.129032094075372,-0.149381134981507,0.88125289680836,0.946071103134893
"ENSMUSG00000060044",1.39210598611951,-3.83409663271871,3.34919616113051,-1.14478114994152,0.252299825718594,NA
"ENSMUSG00000060049",0.363990356050144,-1.05561104586089,7.33462496431874,-0.143921611670153,0.885562369709062,NA
"ENSMUSG00000060057",0.294106959289331,-2.55194044342146,7.29479071841481,-0.349830521796793,0.726465891540052,NA
"ENSMUSG00000060063",114.755901915152,-0.551472631245385,0.664752188015439,-0.829591299115177,0.406769897816861,0.611546834968771
"ENSMUSG00000060068",49.1572597379126,6.39225197052398,1.65356609182949,3.86573721008736,0.000110754142882313,NA
"ENSMUSG00000060070",0.0406180793754555,0,7.3561311249555,0,1,NA
"ENSMUSG00000060073",14221.7386740212,-0.798109951434214,0.271524790921953,-2.93936310096864,0.00328887526068473,0.0341138845245211
"ENSMUSG00000060081",67.1811248993137,-0.227648535129646,0.367198972259557,-0.619959619518574,0.535284372484381,0.719954017233406
"ENSMUSG00000060084",2.13705491275287,0.99070647049528,1.89937330089541,0.521596502398048,0.60195129906112,NA
"ENSMUSG00000060090",208.393600240671,-0.291630357802048,0.222148785154107,-1.31277043716327,0.189260314500831,0.38391918917314
"ENSMUSG00000060093",14.9305187185245,-2.64962024457556,1.00882179941895,-2.62645022748483,0.0086280609817115,NA
"ENSMUSG00000060096",48.8841030289432,-0.490385805040122,2.92205673554797,-0.167822136741695,0.866723206885916,NA
"ENSMUSG00000060098",427.804119660205,0.455277232377,0.326371842294557,1.39496480203737,0.163026453934552,0.349721462053612
"ENSMUSG00000060105",0.0790208027132628,-1.66684364093598,7.35000356223283,-0.226781337835109,0.820593775905505,NA
"ENSMUSG00000060112",1.65661525591178,-1.7706559894353,2.55630784196519,-0.692661486370158,0.488522014065471,NA
"ENSMUSG00000060114",0.16244804770937,1.1563075081487,7.35597426213554,0.157192979059311,0.875092761413611,NA
"ENSMUSG00000060121",783.436639904529,-0.675785191089599,0.246774748038981,-2.73846978452937,0.00617258321809902,0.0473726592476
"ENSMUSG00000060126",28500.5940638224,-0.700504236006058,0.231237383417552,-3.02937278416241,0.00245062088557553,0.0300030121937777
"ENSMUSG00000060128",2.13819049099969,-3.71043667428021,3.24311607852408,-1.14409616690896,0.252583757158415,NA
"ENSMUSG00000060131",2535.55237138051,0.924401531414038,0.293817960243245,3.14617095104993,0.00165423284808861,0.0248134927213292
"ENSMUSG00000060143",7483.92925432857,-0.687578777370645,0.238981139366762,-2.87712569783771,0.00401315700786158,0.0379034708172975
"ENSMUSG00000060147",740.847468459765,-0.301006554009596,0.239813543039605,-1.2551691209528,0.209417372591956,0.408909943548605
"ENSMUSG00000060152",3185.37270319039,-0.673029552657354,0.175381821263162,-3.83751034063825,0.0001242880022984,0.00813633710410388
"ENSMUSG00000060161",0.259829040977892,-2.74290855598373,7.28928864545516,-0.376293036179041,0.70669905585041,NA
"ENSMUSG00000060166",72.0040961596287,-0.279691634207065,0.327301400809461,-0.854538457566479,0.392806710358029,0.600045484761106
"ENSMUSG00000060170",0.154683865555105,-3.1354891418523,7.26781084782809,-0.431421401506247,0.666161991337144,NA
"ENSMUSG00000060176",0.469604499728383,-0.111567952847919,6.4132640026337,-0.0173964385065237,0.986120350386661,NA
"ENSMUSG00000060177",24.1927332510787,-6.03380632761289,7.21588831817717,-0.83618344153324,0.403051712229453,NA
"ENSMUSG00000060180",1.91181460816243,-2.41675006150849,3.89723633723768,-0.620118938750699,0.535179484367193,NA
"ENSMUSG00000060181",76.1617085817824,-0.308543689651086,0.329002141799001,-0.937816659684804,0.34833863804303,0.557172724442613
"ENSMUSG00000060183",4.52395263813852,1.62263065088329,1.3125764809906,1.23621798377699,0.216377547674075,NA
"ENSMUSG00000060187",0.0756170418410297,1.15995968898309,7.35574083254056,0.15769447502169,0.874697554314194,NA
"ENSMUSG00000060188",0.361330629276419,-3.11680721214525,7.26819827212971,-0.428828039006148,0.668048372146828,NA
"ENSMUSG00000060198",12.2374954883856,0.540243568941072,0.984580349276041,0.5487043991263,0.583208326732145,NA
"ENSMUSG00000060201",0.0848697411049359,0,7.3561311249555,0,1,NA
"ENSMUSG00000060204",1.23890399513744,-2.57071472505223,3.74032543429093,-0.687297073533808,0.491895542610147,NA
"ENSMUSG00000060205",33.4486701119207,0.288100633088932,0.420122033753453,0.685754637801269,0.492867845926972,NA
"ENSMUSG00000060206",2.02487218811528,-0.541629728673696,3.58193446169805,-0.151211512791591,0.879808868827558,NA
"ENSMUSG00000060208",0.0406180793754555,0,7.3561311249555,0,1,NA
"ENSMUSG00000060212",1.7202963997762,-0.471427058408346,3.10354272990633,-0.151899651280965,0.879266083340064,NA
"ENSMUSG00000060216",668.984542357417,-0.306746835596834,0.274451937747378,-1.11767050403988,0.263707744724485,0.47332224357552
"ENSMUSG00000060224",2.95352264324817,1.71395573709144,3.00080112610794,0.57116605368462,0.567887086731192,NA
"ENSMUSG00000060227",1088.15586320109,0.108427655689161,0.242490797586881,0.447141321518863,0.654773025482063,0.804828569620765
"ENSMUSG00000060240",0.995017417158151,0,6.34776443300675,0,1,NA
"ENSMUSG00000060244",94.4009817127899,-0.15026256657252,0.39166382562641,-0.383651889045909,0.701236475658766,0.83716456061436
"ENSMUSG00000060245",0.0474375977968173,0,7.3561311249555,0,1,NA
"ENSMUSG00000060254",0.562825123267271,0.587091687311256,5.46109304077033,0.107504428679069,0.914388812108092,NA
"ENSMUSG00000060256",0.043666405720924,0,7.3561311249555,0,1,NA
"ENSMUSG00000060257",0.49040164919596,-1.2944634673842,4.33786535624013,-0.298410245841791,0.765390070054663,NA
"ENSMUSG00000060260",4.00461997096572,-1.10684317465716,1.12652563599271,-0.982528172722674,0.325839710634106,NA
"ENSMUSG00000060261",2840.54045693196,-0.358692130517146,0.25080563355165,-1.43015978324617,0.152671165066615,0.336414281472022
"ENSMUSG00000060268",0.478013154216769,0,7.3561311249555,0,1,NA
"ENSMUSG00000060275",4.35578651525423,-1.39302605101448,1.7894176826637,-0.778480096911104,0.43628603558704,NA
"ENSMUSG00000060279",192.118099135042,0.330270753442644,0.312316821105132,1.05748628035462,0.290289712814798,0.501838721786338
"ENSMUSG00000060284",0.234079338804378,-3.13757194265458,7.26776620575345,-0.431710632101891,0.665951739022071,NA
"ENSMUSG00000060288",2180.58266325427,-1.12571922379038,0.287450719514605,-3.91621640638539,8.99495127052963e-05,0.00728812240239224
"ENSMUSG00000060301",130.371318588231,0.273457527770985,0.36134922601209,0.7567679908683,0.44918887284835,0.649726661999698
"ENSMUSG00000060303",0.0355187493373064,1.16171280725677,7.35565536667627,0.157934643392857,0.874508299155349,NA
"ENSMUSG00000060311",0,NA,NA,NA,NA,NA
"ENSMUSG00000060314",17.5438635686666,0.959224181315479,0.777920679466312,1.23306168178168,0.21755275219678,NA
"ENSMUSG00000060317",0.175073831562662,0.712807302440228,7.28142708368398,0.0978939010509995,0.922016542982465,NA
"ENSMUSG00000060332",4.31654935412523,0.543195706711081,1.09183253264825,0.497508262914233,0.618830677494829,NA
"ENSMUSG00000060335",0.892058069533542,2.18617657421897,3.75472217384938,0.582247227090489,0.560400166440034,NA
"ENSMUSG00000060336",47.1624178150764,0.701934318596779,0.435863813326951,1.61044412757946,0.107300933671665,NA
"ENSMUSG00000060371",3.25943257373132,2.11477764896648,1.86382532859095,1.13464369033189,0.256524639406464,NA
"ENSMUSG00000060373",6343.39691081394,-0.436057819936874,0.206863079561044,-2.10795382560374,0.0350349836623016,0.135440286860325
"ENSMUSG00000060375",0.112277300787356,2.15421351913626,7.28500685551183,0.295705077821084,0.767455318986711,NA
"ENSMUSG00000060376",163.451142131156,0.159693542690592,0.397264162014113,0.401983259403397,0.68769634655511,0.82981913887906
"ENSMUSG00000060377",2.54340686099988,-0.213670469434588,2.43840616595951,-0.087627103481552,0.930173059572037,NA
"ENSMUSG00000060397",29.1890752629804,-0.0501671762540814,0.666121833574815,-0.075312313341921,0.939966224677045,NA
"ENSMUSG00000060402",0.976401913231782,1.37365176929354,7.19849271839218,0.190824916136104,0.848662767122925,NA
"ENSMUSG00000060404",327.065533273744,0.219771467562709,0.344450159609152,0.638035609599033,0.523450500073033,0.709489674101458
"ENSMUSG00000060407",0.362299151039032,-4.21749108519561,7.23676954262823,-0.582786429822375,0.560037081305278,NA
"ENSMUSG00000060412",0.0355187493373064,1.16171280725677,7.35565536667627,0.157934643392857,0.874508299155349,NA
"ENSMUSG00000060417",0,NA,NA,NA,NA,NA
"ENSMUSG00000060419",4681.97270919254,-0.612895044156342,0.264446656718515,-2.31765094617447,0.0204682990000669,0.096780772093851
"ENSMUSG00000060427",327.16318339856,0.288791102302648,0.32497320493881,0.888661273956494,0.374185149643343,0.583410126849282
"ENSMUSG00000060429",24.1592056721768,0.745663731459637,0.675634678879662,1.10364928676559,0.269745302333936,NA
"ENSMUSG00000060438",8.64385543203958,0.457159047477475,0.863138102953696,0.529647626391486,0.596356266711677,NA
"ENSMUSG00000060441",303.573474227643,1.1484454420646,1.0561948850312,1.08734236298699,0.276885533147094,0.487429597812698
"ENSMUSG00000060445",2.32883357540056,0.880332773425333,2.71209029201922,0.324595672944909,0.745487102544311,NA
"ENSMUSG00000060450",653.561001460307,-0.387294589974381,0.192696243757813,-2.00987098877311,0.0444448449783383,0.156686919894101
"ENSMUSG00000060459",0.25052261524916,-2.14762508142477,7.30895648260186,-0.293834706299996,0.768884213324913,NA
"ENSMUSG00000060461",0,NA,NA,NA,NA,NA
"ENSMUSG00000060467",13.2061836877185,0.0988531167126995,1.02614906495316,0.0963340708371759,0.923255252296618,NA
"ENSMUSG00000060469",0,NA,NA,NA,NA,NA
"ENSMUSG00000060470",26.8085359246875,0.851172916781781,0.610839082026566,1.39344868694037,0.163484151669733,NA
"ENSMUSG00000060475",2114.7465948254,-0.513289555721119,0.192544975000826,-2.66581641883366,0.00768016194336891,0.0532225248416045
"ENSMUSG00000060477",150.012955101092,0.701203694121151,0.336539180427131,2.08357224032932,0.0371990942567568,0.14013726767921
"ENSMUSG00000060480",0,NA,NA,NA,NA,NA
"ENSMUSG00000060487",7.50314263744945,0.590602887241421,1.09586581663603,0.538937229609359,0.589930167369072,NA
"ENSMUSG00000060491",0.0425774740632087,0,7.3561311249555,0,1,NA
"ENSMUSG00000060499",0.114380334526047,-1.67652058805589,7.35024715389376,-0.228090369337821,0.819575986934724,NA
"ENSMUSG00000060503",17.4790200887408,0.14591614727067,1.20769242869633,0.120822275443246,0.903831806104279,NA
"ENSMUSG00000060508",1.62074855001825,0.969128240696856,2.3938694614432,0.404837547036752,0.685596927464506,NA
"ENSMUSG00000060509",127.862506113969,0.219047204805899,0.316711478972062,0.691630140836234,0.48916962835242,0.680466569519152
"ENSMUSG00000060510",453.178293232686,0.578602477347162,0.254975356848896,2.26924862268181,0.0232532109466715,0.104162242210922
"ENSMUSG00000060512",1.95558120426695,-3.03841366032627,2.30905535731289,-1.31586869526686,0.188218117455212,NA
"ENSMUSG00000060519",171.36596662403,-0.163599137955726,0.350006746753133,-0.46741709830844,0.640201491855938,0.795123978765667
"ENSMUSG00000060523",0.116919016830523,1.1569233361314,7.35588908186422,0.157278518375674,0.875025349401891,NA
"ENSMUSG00000060530",0.0406180793754555,0,7.3561311249555,0,1,NA
"ENSMUSG00000060534",1.15870491404954,0.315415989277648,4.97864219243503,0.0633538175844244,0.949484761560599,NA
"ENSMUSG00000060538",660.768321460911,-0.550650834491432,0.229486399552528,-2.3994922381681,0.0164178278864294,0.084547686739517
"ENSMUSG00000060548",1.78366149278352,0.0862904900855035,3.95645006700404,0.021810079395453,0.982599453905446,NA
"ENSMUSG00000060550",17992.3286311132,0.21746201084958,0.226475496500774,0.960201055785464,0.336954035597849,0.545494700603461
"ENSMUSG00000060556",0.90749009046312,-0.146160724873094,3.3036319609451,-0.0442424357800682,0.964711156290819,NA
"ENSMUSG00000060560",0.227310388956473,1.77088225653889,7.24311584315838,0.244491776037464,0.80684997052048,NA
"ENSMUSG00000060565",0.516769601381871,-0.109630186645548,7.22278726179089,-0.0151783768055166,0.987889872485447,NA
"ENSMUSG00000060566",3.27754477076519,-2.25046634112117,1.57455863185026,-1.42926804731092,0.152927206119438,NA
"ENSMUSG00000060568",23.2397919139971,0.103627424573401,0.914656171051072,0.113296589312155,0.909795421166122,NA
"ENSMUSG00000060572",0.362500628991386,1.09353781825173,7.26042334069198,0.150616261192767,0.880278433155798,NA
"ENSMUSG00000060579",30.6376510244869,-0.624620490359209,0.65917402651441,-0.947580555717715,0.343343028790442,NA
"ENSMUSG00000060583",0.692588761224486,-1.23897892528855,7.11808690753103,-0.174060662841542,0.861817787728188,NA
"ENSMUSG00000060586",483.81926869632,1.42040658104481,0.842426705586032,1.68608921301552,0.0917786173583589,0.244422445280191
"ENSMUSG00000060591",547.525271505508,-0.769872504663885,0.776194157862762,-0.991855577454636,0.32126798164318,0.532127010479697
"ENSMUSG00000060594",1.40576815856005,0,4.96653015288486,0,1,NA
"ENSMUSG00000060600",219.184498894906,-0.298640604220114,0.356276099823212,-0.838228004540027,0.401902661714741,0.607277256351301
"ENSMUSG00000060601",494.545295301242,-0.295367688116973,0.2520975461861,-1.17164047245002,0.241341431735799,0.447083120392053
"ENSMUSG00000060613",0.611773733461793,2.56588209205262,6.79289070003501,0.377730513467469,0.705630797803268,NA
"ENSMUSG00000060615",0.0474375977968173,0,7.3561311249555,0,1,NA
"ENSMUSG00000060621",0.617170614760859,0,7.3561311249555,0,1,NA
"ENSMUSG00000060630",2.68746988018483,0.352717745061559,1.37135813957591,0.257203231513714,0.797021889521323,NA
"ENSMUSG00000060636",15414.9674658552,-0.639459976701829,0.238597679738578,-2.68007625808625,0.00736053897904308,0.0520450127380836
"ENSMUSG00000060639",296.62927553049,-0.0412087250694194,0.380332476264161,-0.108349214545638,0.913718684803324,0.962532852642634
"ENSMUSG00000060647",0.282530380277029,1.1495183752509,7.35607030523339,0.156267997388916,0.875821780790055,NA
"ENSMUSG00000060657",286.860293051091,0.206249543790085,0.209471867449994,0.984616914437551,0.324812278103526,0.535709028923257
"ENSMUSG00000060663",0.307847442761552,0,7.3561311249555,0,1,NA
"ENSMUSG00000060671",498.309810385541,0.373629092466737,0.232691074038809,1.60568725727924,0.1083426424897,0.271336970106583
"ENSMUSG00000060673",0.164139719945041,-2.55245441813118,7.29477497266684,-0.34990173483008,0.726412445029727,NA
"ENSMUSG00000060675",3784.42945252194,-1.2176004433561,0.328617338536478,-3.70522276389548,0.00021120502921178,0.00980169818665936
"ENSMUSG00000060678",263.432486141722,0.386246904187635,0.300775034277988,1.28417208933189,0.199081748706314,0.395463640924726
"ENSMUSG00000060679",1014.09179536139,-0.407568526922464,0.17675685400265,-2.30581455651136,0.0211209965055583,0.0982961631155572
"ENSMUSG00000060680",6.17307637406143,-0.650420350789217,1.26041446751608,-0.516036881162601,0.605828650528745,NA
"ENSMUSG00000060681",132.060074549825,0.207729764130163,0.364406975448013,0.57004881389763,0.568644590594237,0.743820534342203
"ENSMUSG00000060685",0.142074997349226,3.16234199338107,7.24913616833546,0.436237079832259,0.662664727608538,NA
"ENSMUSG00000060688",0.187912148327643,2.16165977967636,7.28482515798913,0.296734613775282,0.766669128621254,NA
"ENSMUSG00000060691",0.0355187493373064,1.16171280725677,7.35565536667627,0.157934643392857,0.874508299155349,NA
"ENSMUSG00000060699",0.0400922426516566,0,7.3561311249555,0,1,NA
"ENSMUSG00000060701",0.0406180793754555,0,7.3561311249555,0,1,NA
"ENSMUSG00000060703",68.1993124427106,1.67563078074201,0.508306716082402,3.29649545781404,0.000978991976493721,0.0195551680730215
"ENSMUSG00000060708",353.175575485371,-0.66376763628768,0.239318167791981,-2.77357812995057,0.0055443525157775,0.0444492494878026
"ENSMUSG00000060715",1.44554492104401,1.15816486731367,2.37191498064447,0.488282622591717,0.625349668453403,NA
"ENSMUSG00000060716",1.15578646921007,-0.81177117093744,3.25141654640672,-0.249666924969845,0.802844938343157,NA
"ENSMUSG00000060724",0,NA,NA,NA,NA,NA
"ENSMUSG00000060726",0.390964355866071,0,7.3561311249555,0,1,NA
"ENSMUSG00000060727",3.32927489139633,0.677812001388632,1.62613942584256,0.416822807821312,0.676808018498151,NA
"ENSMUSG00000060730",3.784919077028,0.159896589839758,1.19428128867385,0.133885200543759,0.89349335317208,NA
"ENSMUSG00000060733",199.993706088543,-0.389571458568035,0.362464475026755,-1.07478521457663,0.282470901564439,0.493255718643176
"ENSMUSG00000060735",0.450897910422849,3.15353765683576,7.24930700856109,0.435012291948951,0.663553505278972,NA
"ENSMUSG00000060738",0.353217179507218,-0.231695351906209,7.34998077988314,-0.0315232595628492,0.9748522429119,NA
"ENSMUSG00000060739",3412.41344854179,-0.402149851708988,0.162836023478884,-2.46966146137275,0.0135240971500131,0.074893949763518
"ENSMUSG00000060742",0.194100681135781,-3.11818296950256,7.26817039792483,-0.429018968844325,0.667909420364784,NA
"ENSMUSG00000060743",19905.1687688446,-0.996661574297256,0.306260011369754,-3.2542987569277,0.00113672666372292,0.0208084130942612
"ENSMUSG00000060747",0.127883258941825,0,7.35613112495549,0,1,NA
"ENSMUSG00000060756",0.0709154390448019,2.15859150530646,7.28487106756586,0.296311559296783,0.766992159084316,NA
"ENSMUSG00000060759",0.0889964195148115,-1.89137932396382,7.34102286799597,-0.257645202579262,0.796680740483328,NA
"ENSMUSG00000060765",0.147194100031687,-0.110855114030565,7.22272518894858,-0.0153481007695244,0.987754468128385,NA
"ENSMUSG00000060771",100.128703081775,-0.0201781867748386,0.395832161142961,-0.0509766228104718,0.959344148617893,0.98665750091066
"ENSMUSG00000060777",1.38911591343548,-3.12985867275705,3.73392575085932,-0.838221989828467,0.401906039115708,NA
"ENSMUSG00000060780",1.61710845739445,0.810698328835062,2.13127442923246,0.380381952561135,0.703661909383766,NA
"ENSMUSG00000060787",0.515266391106354,0,7.3561311249555,0,1,NA
"ENSMUSG00000060791",14943.3726447916,-0.91805295134429,0.270320491635409,-3.39616484784476,0.000683371894142464,0.0163167419652132
"ENSMUSG00000060794",0.0406180793754555,0,7.3561311249555,0,1,NA
"ENSMUSG00000060795",0,NA,NA,NA,NA,NA
"ENSMUSG00000060798",32.5680102478574,-0.390065623063554,0.584781295069409,-0.667028214398096,0.504754111531368,NA
"ENSMUSG00000060802",122916.389808867,-0.681914914235778,0.226079532081406,-3.01626117126886,0.00255912730016254,0.0303321023526459
"ENSMUSG00000060803",3734.24689201404,-0.94978540596004,0.236128623865466,-4.02232220055277,5.7627152639765e-05,0.00619178699830518
"ENSMUSG00000060807",0.0425774740632087,0,7.3561311249555,0,1,NA
"ENSMUSG00000060811",0.280848719200776,2.12192142473149,7.28506246776986,0.291270175666876,0.770844695408972,NA
"ENSMUSG00000060816",0.0761524196209141,-2.55627499047924,7.29465809108018,-0.350431090609309,0.726015196884991,NA
"ENSMUSG00000060827",0.447953125831165,-1.53240822946671,6.5811278865159,-0.232848875738529,0.815878758496602,NA
"ENSMUSG00000060843",3.94533711736385,-0.0344063372251669,1.1887974648103,-0.0289421354298205,0.976910740471151,NA
"ENSMUSG00000060860",5420.61717015781,-1.02300991966262,0.31393459142239,-3.25867218081166,0.00111934929040218,0.0206818088516366
"ENSMUSG00000060862",89.4022270461988,0.589744404328334,0.312053393670042,1.88988300172731,0.0587736094151578,0.1850254978773
"ENSMUSG00000060863",0.229447845106535,-0.388255959943019,7.21983415183916,-0.0537762989810668,0.957113392862176,NA
"ENSMUSG00000060878",3.30862035561946,1.0402597953843,1.31824717927921,0.789123475275017,0.430039842600421,NA
"ENSMUSG00000060879",4.25052227925154,-1.1647507748753,1.42314723838084,-0.818433078084369,0.413109940349133,NA
"ENSMUSG00000060882",0.279515224838307,-0.228267848338369,7.34978952472263,-0.031057739486354,0.975223492401509,NA
"ENSMUSG00000060888",6.00301438023932,1.64069277597205,1.3736754640347,1.19438165631428,0.232328709018367,NA
"ENSMUSG00000060890",0.391089868048044,1.69745627406936,7.33391954771383,0.231452808150656,0.816963043712131,NA
"ENSMUSG00000060904",1748.62067575726,-0.432818289724223,0.235240100399465,-1.8399001232751,0.0657829019297949,0.19867521710236
"ENSMUSG00000060913",0.249210548159829,-2.46771771263505,7.29695777934644,-0.338184458134014,0.73522418721336,NA
"ENSMUSG00000060918",3.89888655670926,0.901669570253894,1.35917421267187,0.663395142320563,0.507077516212693,NA
"ENSMUSG00000060923",78.2169305817474,-0.287498072446175,0.426489435722617,-0.674103619844782,0.5002454383129,0.690342895116993
"ENSMUSG00000060924",3.55998936162333,2.12083230832747,1.480758947264,1.43226033666461,0.152069329752181,NA
"ENSMUSG00000060935",564.145629926939,-0.223590724793191,0.220777700201487,-1.01274143443444,0.311183681091677,0.522552662470306
"ENSMUSG00000060938",15700.4117750247,-0.605816969497156,0.205325534795277,-2.95051937939037,0.00317240142186121,0.0336111340354749
"ENSMUSG00000060950",88.7146418215325,-0.502460934096309,0.375220069016628,-1.33910996662079,0.180534876360658,0.373032452513608
"ENSMUSG00000060956",0,NA,NA,NA,NA,NA
"ENSMUSG00000060961",2.22242653606006,-1.03616722841805,2.13618916614727,-0.485054060210796,0.627637998315202,NA
"ENSMUSG00000060962",0.345300305276116,0,7.3561311249555,0,1,NA
"ENSMUSG00000060967",0,NA,NA,NA,NA,NA
"ENSMUSG00000060969",0.264480574954715,-2.07275793094291,7.23675192053375,-0.286421028895797,0.774555670331107,NA
"ENSMUSG00000060974",4.62140268065091,2.13452518171473,2.03315203761961,1.04986009025365,0.293782442980675,NA
"ENSMUSG00000060981",90.0106665096487,0.0918728390816028,0.480737665733625,0.191108052541298,0.84844093889734,0.927505912963474
"ENSMUSG00000060985",3.73498136354209,-1.38206689890379,1.64563992378231,-0.839835542958431,0.401000601917341,NA
"ENSMUSG00000060988",2.06554011859041,5.61120178959383,2.42424236346326,2.31462079623825,0.0206336937451848,NA
"ENSMUSG00000060989",0,NA,NA,NA,NA,NA
"ENSMUSG00000060992",2494.3936430478,-0.453094504851563,0.27246380510055,-1.66295301015984,0.0963218419343023,0.251822641502401
"ENSMUSG00000061000",0.114228629431371,-3.13863321915088,7.26774571323647,-0.431857874916372,0.665844712909321,NA
"ENSMUSG00000061013",5.11354050198775,0.262637289767535,1.29641305385383,0.202587662155048,0.839457334212716,NA
"ENSMUSG00000061022",0.0406180793754555,0,7.3561311249555,0,1,NA
"ENSMUSG00000061024",334.334457611135,-0.146802354786711,0.247652956203548,-0.592774489903736,0.553332082222219,0.7326128626797
"ENSMUSG00000061028",153.328909882432,0.0533589452360732,0.315261967663762,0.169252719037085,0.865597864094003,0.93695440749744
"ENSMUSG00000061032",1433.31072202584,-0.247279942731276,0.168273518711106,-1.46951192692303,0.14169398922967,0.320399992243956
"ENSMUSG00000061039",15.7396752803059,0.54602597801249,0.687042727132839,0.794748210626085,0.426759982187425,NA
"ENSMUSG00000061046",198.954761920302,-0.0167987886391261,0.322076139058247,-0.052157817987529,0.958402943525812,0.986649978832811
"ENSMUSG00000061048",1.60493202059682,4.15546715843896,2.1412648855959,1.94066002127641,0.0522995286098309,NA
"ENSMUSG00000061062",6.92813093976954,1.01889824753267,1.41641376506713,0.719350709984363,0.471924858488299,NA
"ENSMUSG00000061065",0,NA,NA,NA,NA,NA
"ENSMUSG00000061068",0.0761524196209141,-2.55627499047924,7.29465809108018,-0.350431090609309,0.726015196884991,NA
"ENSMUSG00000061079",330.634592885455,0.103669506179636,0.187838623915217,0.551907291582524,0.58101187242475,0.752727411352681
"ENSMUSG00000061080",3.10646706330715,-1.06573674734324,2.46787122352569,-0.431844553793488,0.665854395329358,NA
"ENSMUSG00000061082",0.170716929906108,0,7.3561311249555,0,1,NA
"ENSMUSG00000061086",274.558711082562,-1.34252760615961,0.476314734973501,-2.81857248492281,0.00482377182659335,0.0414018902603923
"ENSMUSG00000061099",8.38437963847572,0.715652410990924,0.901637930556331,0.79372482760275,0.427355643307475,NA
"ENSMUSG00000061100",0,NA,NA,NA,NA,NA
"ENSMUSG00000061104",6855.6045149498,-0.947285029815817,0.252469369817087,-3.75207903636834,0.000175374153347083,0.00889936738575078
"ENSMUSG00000061111",1924.9786065881,-0.714969502872708,0.293624708614648,-2.43497730911682,0.014892723575884,0.0796615652313927
"ENSMUSG00000061115",0,NA,NA,NA,NA,NA
"ENSMUSG00000061118",213.670462055384,-0.271786526506679,0.280148246873178,-0.970152515820366,0.331970475430708,0.540881514691371
"ENSMUSG00000061119",386.365511762097,0.324837831361046,0.300882062708308,1.07961846723964,0.280312114390128,0.491117555963561
"ENSMUSG00000061126",0.812861804719025,1.15224736283621,5.63869772615142,0.204346361304714,0.838082843148286,NA
"ENSMUSG00000061130",746.968863812485,0.041518938881301,0.137412997802836,0.302147100675828,0.762539928158026,0.875445034164855
"ENSMUSG00000061132",212.689254669793,0.320295000649579,0.486836027145062,0.657911458459382,0.510595027300427,0.700224379162657
"ENSMUSG00000061136",2437.17241682131,0.637844410896686,0.229303265227318,2.78166300974548,0.0054081163591597,0.0438545170929903
"ENSMUSG00000061143",34.0427570851921,0.54520223874561,0.783223539365009,0.696100425157839,0.486365940296424,NA
"ENSMUSG00000061144",0,NA,NA,NA,NA,NA
"ENSMUSG00000061165",7.71986360760421,0.5859491291397,0.937191739225656,0.625217983273982,0.531828000639161,NA
"ENSMUSG00000061167",4282.55346499081,-0.653934125423876,0.348121407685153,-1.87846570474432,0.0603174844093518,0.188365330266533
"ENSMUSG00000061171",35.0821248263202,0.678499553734238,0.536931579680306,1.2636611058307,0.20635169089606,NA
"ENSMUSG00000061175",31.2657623570505,0.076189337358427,0.810112467849046,0.0940478518503975,0.925071144878548,NA
"ENSMUSG00000061184",0.0807109786994533,0,7.3561311249555,0,1,NA
"ENSMUSG00000061186",40.3555650056761,0.967756034224123,0.619486635129964,1.56219033526219,0.118243156729995,NA
"ENSMUSG00000061195",0.0904288505262951,-1.53329617353316,7.35575121872514,-0.208448617678902,0.83487869850846,NA
"ENSMUSG00000061207",423.343644044295,-0.393220574590532,0.187038047597427,-2.1023560694821,0.0355220963827312,0.136519256418264
"ENSMUSG00000061208",0.0790143446885076,-1.66859516869254,7.35004795691581,-0.227018269604966,0.820409535935362,NA
"ENSMUSG00000061210",0.0406180793754555,0,7.3561311249555,0,1,NA
"ENSMUSG00000061232",26943.8072117166,0.168040236773874,0.203923367804468,0.824036198416454,0.409918990277181,0.614412315222127
"ENSMUSG00000061242",5.04820030811284,-2.99008511081245,2.0491393769839,-1.4591906945898,0.144512629263112,NA
"ENSMUSG00000061244",954.609929383469,-0.22225643926775,0.265050562954752,-0.838543547276645,0.401725500980935,0.607102366182012
"ENSMUSG00000061246",0.240611066171382,-2.55234500202715,7.29477611848503,-0.349886680628825,0.726423743335405,NA
"ENSMUSG00000061259",9.84093850716773,0.472530935933688,0.93687121009092,0.504371284808539,0.614000492815152,NA
"ENSMUSG00000061272",6.47378491631734,0.139453286487979,0.935096030471321,0.14913258311843,0.881449015759388,NA
"ENSMUSG00000061273",158.809197665892,0.0985711027103996,0.285637576098498,0.345091510916647,0.730025575211148,0.853063853464384
"ENSMUSG00000061286",1005.21930080517,-0.550597628341278,0.278747118665613,-1.97525854608664,0.0482388149615298,0.164768723529621
"ENSMUSG00000061288",819.008212881757,0.259661227409879,0.198320938679524,1.30929809599922,0.190433394347584,0.385507700824466
"ENSMUSG00000061292",0,NA,NA,NA,NA,NA
"ENSMUSG00000061295",1.3416452335906,-3.63154890683238,4.16427600754089,-0.872072096147368,0.383169047620381,NA
"ENSMUSG00000061296",0.0355187493373065,1.16171280725677,7.35565536667627,0.157934643392857,0.874508299155349,NA
"ENSMUSG00000061298",2.06001980151524,0.17228382786493,1.78394437148036,0.0965746637727076,0.923064177804383,NA
"ENSMUSG00000061306",282.420782716619,0.22486659621858,0.236418496243426,0.951137917682415,0.341534368565147,0.550027245563128
"ENSMUSG00000061311",0.363494687183135,0.292659935503384,7.18909560073711,0.040708866839019,0.96752799274146,NA
"ENSMUSG00000061313",510.413279688439,0.961484772420512,0.343067861892482,2.80260811116677,0.00506912234569526,0.0424682627664649
"ENSMUSG00000061315",14484.6890606695,-0.850904927582137,0.246217726337062,-3.45590441533556,0.000548449770720682,0.0148460518370694
"ENSMUSG00000061322",0.455220116888128,-1.59889079791471,7.26954116433895,-0.219943839888841,0.825914892890508,NA
"ENSMUSG00000061330",2.4143804479015,-0.459798234774194,1.54316450898356,-0.29795801555665,0.765735207690588,NA
"ENSMUSG00000061331",496.415058031371,0.273948570057187,0.75834579335179,0.361244926073065,0.717916360270709,0.846647962452394
"ENSMUSG00000061336",0.720437515736113,1.9098100591593,4.52406215508056,0.422144964788905,0.672919209363941,NA
"ENSMUSG00000061342",0.0400922426516566,0,7.3561311249555,0,1,NA
"ENSMUSG00000061353",0.601937899871817,0.378556612496144,5.27847614426091,0.0717170263064908,0.942827106020143,NA
"ENSMUSG00000061356",1.7551363830952,-2.51227228657595,3.166542069531,-0.793380359840931,0.427556250011026,NA
"ENSMUSG00000061360",3804.1563726956,-0.656198858371368,0.235923916243626,-2.78140032947633,0.00541249477526031,0.0438545170929903
"ENSMUSG00000061361",0.147079170413862,2.74522226716049,7.26108066570298,0.378073511857166,0.705375984933948,NA
"ENSMUSG00000061367",0.304949345386278,-2.55987274164853,7.29454223553653,-0.35092986769995,0.725640963538918,NA
"ENSMUSG00000061371",275.446634375298,-0.3750152377341,0.262491320311218,-1.42867671696523,0.153097172804885,0.336775366481917
"ENSMUSG00000061374",246.334850331487,0.287575155275556,0.271601853521754,1.05881146077128,0.289685653115681,0.501330201902228
"ENSMUSG00000061376",0.0858547612572308,0,7.3561311249555,0,1,NA
"ENSMUSG00000061387",3.74075005610219,0.52355504616783,1.30647583558543,0.4007384077894,0.688612730059588,NA
"ENSMUSG00000061388",0.556611232417706,-1.7000977641518,6.20374104083247,-0.2740439604042,0.784050838784953,NA
"ENSMUSG00000061390",6.62712869808463,-1.82359580585824,1.3891690890828,-1.31272414581458,0.189275918246806,NA
"ENSMUSG00000061392",0.121143414943113,-0.231478519293333,7.35001335206894,-0.0314936188827705,0.974875881016254,NA
"ENSMUSG00000061393",7.98197732029583,0.258203252126805,1.34518785478059,0.19194586927706,0.847784606925904,NA
"ENSMUSG00000061397",0.152418727309789,-0.228624436425561,7.34977631061679,-0.0311063121873943,0.975184755709407,NA
"ENSMUSG00000061410",8.53398157228503,0.233891124446504,1.4176597961148,0.16498395813121,0.868956608578789,NA
"ENSMUSG00000061411",674.171430205628,0.659554009351802,0.389090998975842,1.69511505300268,0.0900535971907629,0.24143743103626
"ENSMUSG00000061414",332.933892528406,0.550624910079215,0.242087069413794,2.27449120439408,0.0229364693433212,0.103198452188771
"ENSMUSG00000061436",48.170558692912,0.323133169602041,0.428649749850219,0.753839631808841,0.450945523203509,NA
"ENSMUSG00000061451",14.1729291797918,0.627219848098998,1.49175086711055,0.420458845996109,0.674150287375418,NA
"ENSMUSG00000061455",263.617289955104,0.304874623402652,0.299793649237547,1.01694823815657,0.309178053957485,0.520754907340159
"ENSMUSG00000061457",0.0406180793754555,0,7.3561311249555,0,1,NA
"ENSMUSG00000061458",285.04368384746,0.228771935307363,0.208788913979508,1.09570920671495,0.273206052343798,0.483639295741124
"ENSMUSG00000061461",1957.47695524135,-0.436647548238745,0.245736107340245,-1.77689617111971,0.0755853244837994,0.216036959386802
"ENSMUSG00000061462",2.53899640448102,-1.88939761890394,2.47029441024815,-0.764847141727591,0.444362572499829,NA
"ENSMUSG00000061474",3648.01402661482,-0.697164570354523,0.196378082707676,-3.55011394724892,0.000385064442686425,0.0126855789643276
"ENSMUSG00000061477",12418.789277533,-0.608172673224465,0.2591752823616,-2.34656896168033,0.0189471596079635,0.0928079306393268
"ENSMUSG00000061479",1701.33922894683,-0.698529564963158,0.258875660389233,-2.69832074561541,0.00696902585263316,0.0504411018403445
"ENSMUSG00000061482",2219.49273450012,-0.248582914210909,0.24793486906265,-1.00261377171637,0.316047248485376,0.527457186828952
"ENSMUSG00000061486",0.0860040291474005,0,7.3561311249555,0,1,NA
"ENSMUSG00000061488",9.41551253266856,2.25959500789624,1.70693037724553,1.32377690268922,0.185577149222501,NA
"ENSMUSG00000061489",8.25900185813201,0.372004110527835,0.855632468956229,0.434770913943502,0.663728719173893,NA
"ENSMUSG00000061490",0.0406180793754555,0,7.3561311249555,0,1,NA
"ENSMUSG00000061517",0.193206105771573,-1.67435831415507,7.35019193538455,-0.227797903629501,0.819803356515474,NA
"ENSMUSG00000061518",13650.8670699329,-0.755521899121314,0.193461437194865,-3.90528422654232,9.41147023376037e-05,0.00739412133676202
"ENSMUSG00000061520",0.0381979668618393,0,7.3561311249555,0,1,NA
"ENSMUSG00000061524",0.122270774675651,0,7.3561311249555,0,1,NA
"ENSMUSG00000061525",0.0875532726930142,0,7.3561311249555,0,1,NA
"ENSMUSG00000061527",0.158959874971836,-0.229285062078472,7.34984735698299,-0.0311958944100562,0.975113314108609,NA
"ENSMUSG00000061531",2.72051864701177,0.528617761754684,1.86154426094509,0.283967334457205,0.776435413920941,NA
"ENSMUSG00000061533",179.024358125996,-0.533052134733587,0.396580935832464,-1.34411941313986,0.178909775422778,0.370992894913816
"ENSMUSG00000061535",0.58846976643438,-0.782689483850894,6.09220114086438,-0.12847400565961,0.89777386821068,NA
"ENSMUSG00000061536",173.687375921591,-0.533719747965025,0.326625702187889,-1.6340408742788,0.102250268328214,0.261416040136202
"ENSMUSG00000061540",3.48194556607918,0.866964192032975,1.57028773175599,0.552105308154885,0.580876205351371,NA
"ENSMUSG00000061544",101.612460232775,2.26364731556115,0.665484997326445,3.40150014599164,0.000670170927744686,0.0161971628869345
"ENSMUSG00000061549",0.351029458958438,-2.10690357062477,7.25392521187505,-0.290450136868748,0.771471892267553,NA
"ENSMUSG00000061559",2163.87392210293,-0.837053286456575,0.276633414574163,-3.02585747909411,0.00247929135778978,0.0300340625879314
"ENSMUSG00000061561",175.201177914181,0.562930079636586,0.366207598600685,1.53718841932171,0.12424717541587,0.295449441661265
"ENSMUSG00000061576",2.45357492889644,1.87520507499439,1.65236208712399,1.13486329032051,0.256432603060504,NA
"ENSMUSG00000061577",359.085416432804,0.335910735339999,0.379290981210637,0.885628058615643,0.375817986592745,0.584756933333745
"ENSMUSG00000061578",13.8284265768127,0.940007642105112,0.788549685453913,1.19207154532566,0.233233193122536,NA
"ENSMUSG00000061584",0.232229602159266,-0.110008768071096,7.22280695240114,-0.0152307501496388,0.987848089432735,NA
"ENSMUSG00000061589",464.952767670207,0.405679963806111,0.23290068940127,1.74185814927819,0.0815332686215965,0.226646895479325
"ENSMUSG00000061601",7.61198511611439,-0.117672890667818,0.997999004299481,-0.117908825721139,0.906139900118702,NA
"ENSMUSG00000061602",0.21837220934023,-0.112736317448586,7.22261025669613,-0.0156088053268647,0.987546480904284,NA
"ENSMUSG00000061603",11.4260025773366,0.501896137222462,0.857680558953909,0.585178400026476,0.558427767083061,NA
"ENSMUSG00000061607",181.215625811951,0.425147638290352,0.275662206082173,1.54227757345749,0.123006156297511,0.293203726790667
"ENSMUSG00000061613",2574.50636062703,-0.498364499227072,0.186529755315759,-2.67176943637458,0.00754524715764918,0.0525935363964222
"ENSMUSG00000061614",2.5300920582261,1.08864970833497,1.52583222360814,0.713479300994598,0.475549217163652,NA
"ENSMUSG00000061615",270.396682149118,0.681803055589652,0.825052367286629,0.826375491572633,0.408591121750669,0.613035424840378
"ENSMUSG00000061616",39.1574123679081,-0.758426813638722,0.438538094375818,-1.7294434015321,0.083729767918619,NA
"ENSMUSG00000061619",0,NA,NA,NA,NA,NA
"ENSMUSG00000061626",0.2993247359631,0.862355638094617,7.34850648076912,0.117351143440015,0.906581798363194,NA
"ENSMUSG00000061633",0.209795336610766,0,7.3561311249555,0,1,NA
"ENSMUSG00000061637",2.15041825469589,-0.460763546840272,1.77875639070523,-0.259036903112737,0.795606767407172,NA
"ENSMUSG00000061650",485.27355495698,-0.890835509814522,0.322622019057873,-2.76123592684702,0.00575830627078765,0.0457516052764108
"ENSMUSG00000061653",0,NA,NA,NA,NA,NA
"ENSMUSG00000061654",0.159498500652557,-1.67221087353674,7.35013865007471,-0.227507391785016,0.820029222114599,NA
"ENSMUSG00000061665",280.719585942799,-0.291910943314297,0.293681082660123,-0.993972579609853,0.320236217114388,0.531022364757293
"ENSMUSG00000061666",13.7798841531016,-1.6325719390353,0.831809716585165,-1.96267476381198,0.0496839772824526,NA
"ENSMUSG00000061669",4.35568605672971,-1.44099696327526,1.259934998341,-1.14370738583552,0.252745009327017,NA
"ENSMUSG00000061684",5.7527433665553,-1.18964356510506,1.35517656203735,-0.877851343087404,0.38002439728548,NA
"ENSMUSG00000061689",480.695940006175,-0.700315073221746,0.281874477019202,-2.48449267428366,0.0129736177486172,0.0732583531120847
"ENSMUSG00000061701",2.49619063280234,-0.132707831017465,1.454290990488,-0.0912525979226022,0.927291882151574,NA
"ENSMUSG00000061702",35.9549266018398,0.552458961466481,0.460608055023378,1.199412288694,0.23036767161646,NA
"ENSMUSG00000061707",0.157491769904092,-2.54825101318573,7.29490390131109,-0.34931933959099,0.726849580957076,NA
"ENSMUSG00000061718",4.46787452483095,-0.785137428945497,2.5541274143092,-0.307399476058578,0.758539326940795,NA
"ENSMUSG00000061723",11.9343329152388,1.21843647909854,0.769353194529429,1.58371536995279,0.113258505537763,NA
"ENSMUSG00000061724",2.05253970678024,-3.47708626048447,7.2562038685108,-0.479188060794946,0.631804847084647,NA
"ENSMUSG00000061728",1.68043173571412,-1.81413721675588,3.26463336461288,-0.555694013428979,0.578420049789436,NA
"ENSMUSG00000061731",83.3422185510395,0.657410360240072,0.461403270664065,1.4248064589874,0.154213154743749,0.338303824820675
"ENSMUSG00000061740",8.04277224561489,1.47128187274279,0.995658484987035,1.47769731783277,0.139488812632182,NA
"ENSMUSG00000061742",0.16267485848266,3.01553190772649,7.270520094824,0.414761512023507,0.678316497340511,NA
"ENSMUSG00000061751",5.10423977945936,0.71270209745788,1.86549654606655,0.382044179583516,0.702428595043486,NA
"ENSMUSG00000061755",1188.94360155263,0.542762545831496,0.221118787125863,2.45461976743998,0.0141033675526179,0.0773221232710085
"ENSMUSG00000061758",380.329346799541,0.226508163932471,0.208463404111343,1.08656080379216,0.277230955428214,0.487707420254119
"ENSMUSG00000061759",623.336243394014,-0.118388609055343,0.188796780024838,-0.627069005307019,0.530614003107171,0.716279146316819
"ENSMUSG00000061762",0.228457258862742,-4.13592491692284,7.24062517585967,-0.571211023422682,0.567856606745847,NA
"ENSMUSG00000061769",0.30907970751054,0,7.3561311249555,0,1,NA
"ENSMUSG00000061778",126.047062462925,-0.0857924730379412,0.306468868724476,-0.279938622787397,0.779524594662907,0.887230928985934
"ENSMUSG00000061780",0.599288277248484,1.19453480299333,4.17738900002614,0.285952494006628,0.774914507162529,NA
"ENSMUSG00000061787",15086.0848390821,-0.622286344114236,0.220537275368276,-2.82168328721336,0.00477723300919159,0.0412427496033702
"ENSMUSG00000061798",7.89674349636682,1.42298255591592,1.12493772746625,1.26494340190809,0.205891617444422,NA
"ENSMUSG00000061802",0.304941968724113,-1.11007238856433,7.29416438995606,-0.152186368337527,0.879039945218618,NA
"ENSMUSG00000061808",0.114425325478819,-0.231217923422258,7.34996910495814,-0.03145835310604,0.974904005099784,NA
"ENSMUSG00000061809",0.270764473454225,-1.11243861244956,7.29428540354031,-0.152508237737672,0.878786093663774,NA
"ENSMUSG00000061815",2.27795753494806,-0.013905970015812,2.17886152941099,-0.0063822183411404,0.994907761092071,NA
"ENSMUSG00000061816",1.04781062996502,-0.858181400265813,3.11694101861343,-0.275328084535771,0.78306418960683,NA
"ENSMUSG00000061825",1.23375047855602,-1.58842183321713,3.08734222979475,-0.514494900464188,0.606906024813697,NA
"ENSMUSG00000061829",0.228458065011871,-0.112133443862671,7.22284754667587,-0.0155248249583058,0.987613479425523,NA
"ENSMUSG00000061833",6.57925675278857,-0.634630279835628,1.35870776509339,-0.467083721856853,0.64043997997828,NA
"ENSMUSG00000061838",676.507182132046,0.138551499298345,0.223780659491055,0.619139739839236,0.53582430562827,0.72023704937931
"ENSMUSG00000061843",0.116724919012803,-2.5472515706725,7.2949346088003,-0.349180864157384,0.726953531346964,NA
"ENSMUSG00000061845",0.135715273052336,0,7.3561311249555,0,1,NA
"ENSMUSG00000061847",0,NA,NA,NA,NA,NA
"ENSMUSG00000061848",12.5628564072322,-1.15200270540567,0.793351626811451,-1.45207076720277,0.146481929214922,NA
"ENSMUSG00000061852",1.37117023329003,0,4.69099485063374,0,1,NA
"ENSMUSG00000061859",121.608068744125,0.353175365512571,0.38968471017524,0.90631055386738,0.364771500956877,0.574162245299171
"ENSMUSG00000061863",1.20612784416758,2.1488658587228,3.38151551376807,0.635474197877709,0.525119189662175,NA
"ENSMUSG00000061875",0,NA,NA,NA,NA,NA
"ENSMUSG00000061877",0.0881791299031245,0,7.3561311249555,0,1,NA
"ENSMUSG00000061878",10.1421665345157,0.220157179603815,1.23737738910107,0.177922420066003,0.858783903101897,NA
"ENSMUSG00000061882",503.440489015079,-0.182160573558782,0.291384489316024,-0.625155353966756,0.531869100831327,0.717457159077192
"ENSMUSG00000061887",508.923956778556,-0.198720757466876,0.300177359296698,-0.662011145452374,0.507964078821243,0.697969869520915
"ENSMUSG00000061894",43.3326571344783,-0.0220957516019256,0.591892525821322,-0.0373306819025381,0.97022134191576,NA
"ENSMUSG00000061897",0.0855035657687021,0,7.3561311249555,0,1,NA
"ENSMUSG00000061898",94.9712457645703,0.21130935085923,0.502984733217034,0.420110864017123,0.674404466607792,0.820746722962998
"ENSMUSG00000061904",7520.08008020885,-0.118452086693188,0.129690869108563,-0.913341760351943,0.361062825530103,0.570372961479009
"ENSMUSG00000061906",0,NA,NA,NA,NA,NA
"ENSMUSG00000061911",1.63887982070744,0.204080227761449,2.59500202777719,0.0786435715953021,0.937316129719513,NA
"ENSMUSG00000061923",0.66613276796959,-0.23502119999058,5.37583210962947,-0.0437181063689838,0.965129106219587,NA
"ENSMUSG00000061928",2.00056231404389,1.62544302477417,2.11658386922877,0.767955878529133,0.442513398016308,NA
"ENSMUSG00000061937",0.277048207773359,-2.99285700593285,7.27091214446537,-0.411620570633771,0.680617551731587,NA
"ENSMUSG00000061947",1.64880590953976,-2.01186184079725,2.24115285815076,-0.897690594142381,0.369350525368683,NA
"ENSMUSG00000061950",311.858096782367,0.100070707485487,0.197070871517257,0.507790454850269,0.61160030448454,0.775284561404165
"ENSMUSG00000061952",0.127270422495626,-2.70339648641139,7.29037253069528,-0.370817331354338,0.710773591695849,NA
"ENSMUSG00000061958",0,NA,NA,NA,NA,NA
"ENSMUSG00000061959",0.155804033119608,-0.610478199123133,7.27344130359644,-0.0839325119488178,0.933110089956084,NA
"ENSMUSG00000061961",0.228607279096069,-2.10627003288726,7.25390641675578,-0.290363551978282,0.771538124411604,NA
"ENSMUSG00000061969",0.371968316331068,-0.232163882947046,6.00659692809534,-0.038651483648107,0.969168254917879,NA
"ENSMUSG00000061972",14.0577371515208,-0.659138073375462,0.9067063835195,-0.726958677424251,0.46725127001244,NA
"ENSMUSG00000061974",0.109067059753201,2.15867814371227,7.28482769416242,0.296325216510212,0.766981730253211,NA
"ENSMUSG00000061977",0.278062877704062,2.15395690280703,7.28500981499034,0.295669732438086,0.767482314236103,NA
"ENSMUSG00000061979",137.092791174781,-0.203775562141613,0.296692476684497,-0.686824163587768,0.492193540819347,0.682949628158232
"ENSMUSG00000061981",289.098382507386,-0.298053719125701,0.244866092862343,-1.21721107092299,0.223523919047538,0.426364112609815
"ENSMUSG00000061983",1261.79812290822,-0.397896160377166,0.301288006343966,-1.3206505137908,0.186617921527898,0.380668211783589
"ENSMUSG00000061984",12.6732484093915,0.901047027105236,0.762562760223652,1.18160376313284,0.237362959678984,NA
"ENSMUSG00000061988",4.64375556457538,0.214737160460351,1.65681993618433,0.129608025453202,0.896876553416491,NA
"ENSMUSG00000061991",100.122528457751,-0.0602836374749894,0.938167351340816,-0.0642568059833172,0.948765746171726,0.981533165976715
"ENSMUSG00000061992",1.17105546608356,-3.25277294995438,3.00694695798448,-1.08175268649723,0.279362435238273,NA
"ENSMUSG00000062006",11635.3171231277,0.36004263208194,0.406370778152915,0.885995380175831,0.375620016673675,0.584540910708325
"ENSMUSG00000062007",319.50899204364,-0.545999189803071,0.178739012863614,-3.05472868544761,0.00225264204065216,0.0285845527238083
"ENSMUSG00000062012",0.526017848806094,-1.30981469229987,6.06725466726006,-0.21588259668213,0.829079263077338,NA
"ENSMUSG00000062014",2124.35676061831,-0.52743755791426,0.204322899560682,-2.58139229155572,0.00984026922155292,0.0622335644626043
"ENSMUSG00000062017",2.07053931739958,-3.0863506341172,3.96126699935653,-0.779132190437694,0.435901849463069,NA
"ENSMUSG00000062028",5.37628630512256,1.00749983156005,1.22043848931659,0.825522826737643,0.409074828665905,NA
"ENSMUSG00000062031",106.393781751156,-0.108780008952411,0.331631206930803,-0.328014995811624,0.74290032433765,0.861921327004421
"ENSMUSG00000062036",0,NA,NA,NA,NA,NA
"ENSMUSG00000062037",3.40216338404557,1.04032875902448,1.27676621428134,0.814815388587059,0.415177991018783,NA
"ENSMUSG00000062038",1902.63952735115,-0.796406291645885,0.275993998483108,-2.88559278833242,0.00390677280062074,0.0375109277182699
"ENSMUSG00000062040",50.3503936661562,0.550027425434826,0.540883624119364,1.01690530255995,0.309198480596009,NA
"ENSMUSG00000062042",0.126612326812957,-1.65819330842608,7.34978436925241,-0.225611150629545,0.821503867495248,NA
"ENSMUSG00000062044",3.54918414154944,-3.46329794035063,2.20877621037237,-1.56797140610582,0.116887805633607,NA
"ENSMUSG00000062054",1297.22548177861,-0.922221491648524,0.256234186258773,-3.59913524855409,0.000319277115329288,0.0116031407537868
"ENSMUSG00000062061",0.035583895638899,0,7.3561311249555,0,1,NA
"ENSMUSG00000062064",0.31178287635424,0,7.3561311249555,0,1,NA
"ENSMUSG00000062070",9322.51510660698,-0.504433465831343,0.188725407892936,-2.67284342613534,0.00752113457387522,0.0525935363964222
"ENSMUSG00000062073",1.59066967470422,0.893559498974375,2.1781416479254,0.410239389079887,0.681630349114534,NA
"ENSMUSG00000062074",3.37087088524251,3.15078298943266,2.10744429338741,1.4950729655436,0.134895400487645,NA
"ENSMUSG00000062075",169.401474224302,0.1796907210847,0.31534089099353,0.569830067133243,0.568792960407717,0.743916170101916
"ENSMUSG00000062077",0.238744279307162,-2.55433072102196,7.29471753390917,-0.350161703883429,0.726217345440739,NA
"ENSMUSG00000062078",634.839555904639,-0.0704779366031228,0.16841386970927,-0.418480596193101,0.675595770496387,0.821535759792937
"ENSMUSG00000062081",794.149256221027,-1.34633209146478,0.37479103923111,-3.59222059904848,0.000327872110720227,0.0118718528002544
"ENSMUSG00000062082",194.522403409925,-1.08850979409473,0.378083591924335,-2.87901886605165,0.00398914469551436,0.0378573705654671
"ENSMUSG00000062083",12.9791909436696,-1.03828933769147,0.722146759379794,-1.43778162015597,0.150496025953986,NA
"ENSMUSG00000062093",11.8342561171431,-0.370114785943932,0.974334642347618,-0.379864134823489,0.704046271529551,NA
"ENSMUSG00000062098",0.976841215188357,-2.35551644853,5.38253846287591,-0.437621851618212,0.661660428137945,NA
"ENSMUSG00000062101",75.9605957925254,-0.93371416919,0.422532439781216,-2.20980469493294,0.027118719756827,0.115199202748704
"ENSMUSG00000062103",0.646834949744466,-2.11295197577045,4.59614526483364,-0.459722627119126,0.645715326067847,NA
"ENSMUSG00000062105",0.571824647851417,-1.10819563127702,6.108449986003,-0.181420103924295,0.856037840052476,NA
"ENSMUSG00000062110",264.446320608765,-0.343689387266411,0.218973281060342,-1.56954942448755,0.116519972524024,0.284324840385085
"ENSMUSG00000062115",283.805583000119,-0.0956295894512058,0.220581680596593,-0.433533687804728,0.664627097837099,0.812696544052415
"ENSMUSG00000062116",292.891706701841,-0.179720469607216,0.282838213441262,-0.635417921152084,0.52515588295019,0.711022632718382
"ENSMUSG00000062121",51.9902921010546,-3.32454521684572,1.10507673795174,-3.00842928157891,0.00262601910768433,NA
"ENSMUSG00000062124",0.560379527808589,-1.449960089841,6.25038706254793,-0.231979247897959,0.816554131962143,NA
"ENSMUSG00000062127",2.38264652152335,0.414732136633889,2.28805513641337,0.181259677720879,0.856163754238718,NA
"ENSMUSG00000062128",7.90146417113608,0.539857881813154,1.01582738727178,0.531446472675893,0.59510942469134,NA
"ENSMUSG00000062142",1.66186116466333,1.22997551510429,2.35296350645671,0.522734633040058,0.601158933719167,NA
"ENSMUSG00000062148",0.0380762098104571,-1.67431590235222,7.3501929692546,-0.227792101425878,0.819807867435575,NA
"ENSMUSG00000062151",0.948692462295872,-0.113118001995144,4.23385854556936,-0.0267174731459839,0.978685076551737,NA
"ENSMUSG00000062152",3.32421001567225,-0.210071785457773,1.34552956501848,-0.156125729912808,0.875933917509568,NA
"ENSMUSG00000062154",1.06625482105681,-1.68441844750668,4.77130975938302,-0.353030621035279,0.72406548438369,NA
"ENSMUSG00000062157",1.32231344955369,1.75168983790591,2.83067046684153,0.618825065801619,0.536031607560253,NA
"ENSMUSG00000062162",0.116913963059984,1.1570700643506,7.35588191132843,0.157298618751431,0.875009508785334,NA
"ENSMUSG00000062165",0.0710374986746129,2.16226366003378,7.28481246100722,0.296818026765623,0.766605441993722,NA
"ENSMUSG00000062168",8.84181057802427,1.04922012255174,0.804434764472195,1.30429485259772,0.192133069685842,NA
"ENSMUSG00000062169",2430.88782852737,-0.325247147351807,0.203617405325834,-1.59734452382073,0.110188931210156,0.274154942112355
"ENSMUSG00000062170",9.7690068641279,0.27021192303474,2.44813266874293,0.110374705784834,0.912112212405787,NA
"ENSMUSG00000062175",104.884354670238,-0.183316006467108,0.2790141468651,-0.657013303901536,0.511172362136787,0.700224379162657
"ENSMUSG00000062181",0.378594932081187,-1.94551839108567,7.22383144967372,-0.26931946082069,0.787683857690664,NA
"ENSMUSG00000062184",1.01000853317752,-0.988806187032146,5.25553867347296,-0.188145544817906,0.850762558964856,NA
"ENSMUSG00000062186",2.87815579973086,-0.282251974146909,1.55176349886913,-0.181891102834037,0.855668186937595,NA
"ENSMUSG00000062190",109.33552090014,-0.259170541243427,0.397596557707807,-0.651843020818835,0.514502445516412,0.702634797400568
"ENSMUSG00000062198",549.785328665067,-0.467920702597355,0.325333175032349,-1.43828154798793,0.150354185197944,0.333389663679156
"ENSMUSG00000062199",0.081006245306786,0.882721690542143,7.3492908193414,0.120109778241331,0.904396186553643,NA
"ENSMUSG00000062200",0.265139388513368,2.68266392921945,7.25605757416979,0.369713704969656,0.711595819159446,NA
"ENSMUSG00000062201",0.0380762098104571,-1.67431590235222,7.3501929692546,-0.227792101425878,0.819807867435575,NA
"ENSMUSG00000062202",207.840262540162,0.221681608527684,0.306444360394423,0.723399211009654,0.469434655824151,0.665953153390031
"ENSMUSG00000062203",1237.01182745665,-0.279921775191671,0.177422273520331,-1.5777149601208,0.114631107871038,0.281773329201641
"ENSMUSG00000062204",0.324355330534771,3.96882615610322,7.23387364738605,0.548644661154311,0.583249330117878,NA
"ENSMUSG00000062209",1.31366816177155,1.91034844071097,3.98401264589238,0.479503608674683,0.631580401597609,NA
"ENSMUSG00000062210",1689.01701565832,-0.118085806858595,0.226803813765104,-0.52065176902578,0.602609378847447,0.768916188189882
"ENSMUSG00000062226",0.0736078627655323,-0.237865863670932,7.35013687515503,-0.0323620998780265,0.974183286561832,NA
"ENSMUSG00000062232",421.52589914927,0.251192889082431,0.219805703610316,1.14279513659827,0.25312365852371,0.462244109459981
"ENSMUSG00000062234",713.946873866268,0.318670385269964,0.223156510064354,1.42801294561411,0.153288132412524,0.337022506427447
"ENSMUSG00000062235",0.280214481459082,-0.236498087326396,7.34909386083162,-0.0321805778787038,0.974328044764268,NA
"ENSMUSG00000062245",0.0812361587509111,0,7.3561311249555,0,1,NA
"ENSMUSG00000062248",7184.86660975505,-0.917728398017992,0.314518458881829,-2.91788406086144,0.00352415357007278,0.0355109664018037
"ENSMUSG00000062252",0.379560664580622,-1.8894068815809,7.3410979222898,-0.257373883522803,0.796890161889741,NA
"ENSMUSG00000062257",20.9866699047667,-0.0843998024932751,1.00288527793032,-0.0841569861983147,0.932931616857013,NA
"ENSMUSG00000062270",5639.28521812371,-0.161738076695263,0.148321210194706,-1.09045817845569,0.275511366148449,0.485756832525314
"ENSMUSG00000062272",4.72466581927834,0.286549429885123,1.39061322589474,0.20605976165713,0.836744229766892,NA
"ENSMUSG00000062275",0.0736643514088643,-1.67584183482114,7.35023073566104,-0.227998534344028,0.81964737994234,NA
"ENSMUSG00000062278",0.0799949767624497,-1.67449717207415,7.3501976241189,-0.227816619049734,0.819788806262666,NA
"ENSMUSG00000062279",0.518366578584018,1.14419880804353,3.78651835635269,0.302177013383255,0.762517126321534,NA
"ENSMUSG00000062284",8.01677115892651,-1.84434310302446,0.96365858301638,-1.91389682562824,0.0556333400926082,NA
"ENSMUSG00000062296",2.63128884554402,0.754360552689518,1.70482535088179,0.442485532197968,0.658137897371815,NA
"ENSMUSG00000062300",2.31871400146008,1.44891869095402,2.05348630059214,0.705589655278545,0.480443359275539,NA
"ENSMUSG00000062309",1.08845901425536,0,4.01425936375135,0,1,NA
"ENSMUSG00000062310",2.41976880941629,-4.65866326127789,3.19535250597492,-1.45794971057708,0.144854405110199,NA
"ENSMUSG00000062312",2.00263749795654,-0.164170743745299,2.70004766246156,-0.0608029058256065,0.951516176091237,NA
"ENSMUSG00000062314",15.3075933667999,0.228591308926748,0.692153227582178,0.330261132676157,0.741202658418828,NA
"ENSMUSG00000062327",0.198561730451534,1.15555673686825,7.30441997114775,0.158199657390001,0.874299473717684,NA
"ENSMUSG00000062328",12824.6151299694,-0.596291135614533,0.233869396689786,-2.5496757765424,0.0107823141319141,0.0657714206559103
"ENSMUSG00000062329",0.161538642209404,-1.60741267336582,7.34849726747738,-0.218740324022413,0.826852335515681,NA
"ENSMUSG00000062342",0.209364611027434,0,7.3561311249555,0,1,NA
"ENSMUSG00000062345",2.55724797729443,-1.25896605285767,3.32449011414619,-0.37869447934304,0.704914753412617,NA
"ENSMUSG00000062352",3035.49595152899,-0.779568896008632,0.268450204368534,-2.90396089599702,0.00368474178905229,0.0364236725847819
"ENSMUSG00000062353",3.44536461351166,0.450572096899036,2.46534190662629,0.182762518938245,0.854984358763814,NA
"ENSMUSG00000062365",11.4621618721884,0.276212973113864,0.767259108673766,0.359999601166426,0.718847431820245,NA
"ENSMUSG00000062369",0.0710374986746129,2.16226366003378,7.28481246100722,0.296818026765623,0.766605441993722,NA
"ENSMUSG00000062372",2.12008067036048,-2.43786116774554,2.57997022479005,-0.944918334452455,0.344700570430934,NA
"ENSMUSG00000062373",167.748428275327,-0.490925993268028,0.250473962160472,-1.9599881322335,0.0499971774395372,0.168330151502391
"ENSMUSG00000062376",1257.95493997836,-0.413782871022831,0.204943612792836,-2.01900837690949,0.0434863488441919,0.154793863278659
"ENSMUSG00000062380",74.1576309465447,1.0009867094532,0.533885793596403,1.87490793248174,0.0608053905872206,0.189370285429954
"ENSMUSG00000062382",270.327804996866,-0.558478999716713,0.513592857382829,-1.08739635236093,0.276861682536092,0.487429597812698
"ENSMUSG00000062393",0.759670898134132,0.567387948547243,4.68735700739135,0.121046454889727,0.903654240007387,NA
"ENSMUSG00000062397",6592.91369957025,-0.640698076032704,0.192942702222079,-3.32066498838216,0.000898032621493232,0.0186885315020223
"ENSMUSG00000062400",0.0815938204116798,0,7.3561311249555,0,1,NA
"ENSMUSG00000062410",0.639034404320551,-1.93110588430737,5.76703433677737,-0.334852503303539,0.737736352539936,NA
"ENSMUSG00000062421",206.911103449139,-0.484302458445747,0.415761798300529,-1.16485559862735,0.244077448993597,0.450720069471884
"ENSMUSG00000062426",0.133509693155111,-1.66533427697354,7.34996530698434,-0.226577161580755,0.820752552876176,NA
"ENSMUSG00000062432",0.0474375977968173,0,7.3561311249555,0,1,NA
"ENSMUSG00000062433",0.279731430362133,-2.2118756658201,7.25171591955294,-0.30501410843414,0.760355407037608,NA
"ENSMUSG00000062434",0.118744523530244,0,7.3561311249555,0,1,NA
"ENSMUSG00000062438",0.699743855834595,-3.42558114891208,7.22930622954302,-0.473846457757347,0.635609402649194,NA
"ENSMUSG00000062444",3.77167489657523,2.84163518595357,1.60000784567448,1.77601328245718,0.0757307279089944,NA
"ENSMUSG00000062456",19.2624320232756,-8.5772384185679,3.04094813704965,-2.82058030325029,0.00479368738053116,NA
"ENSMUSG00000062458",6.01871249750149,0.549479033192994,1.17212056510968,0.468790540452276,0.639219362158315,NA
"ENSMUSG00000062461",11.1142022552488,-0.274945571334736,0.825618807858423,-0.333017572659129,0.739121018467133,NA
"ENSMUSG00000062464",0.147095653820118,2.74557911162206,7.26107487210627,0.378122958374844,0.705339253931784,NA
"ENSMUSG00000062472",2.08314581333732,-2.58178310570471,2.28281768416575,-1.1309633369378,0.258070523051723,NA
"ENSMUSG00000062477",0.420427368351349,1.15015557805495,7.35578917538479,0.156360595801712,0.875748795087364,NA
"ENSMUSG00000062478",69.4986024119952,0.157300496762863,0.406716975798766,0.386756654191615,0.698936369644715,0.836135303635242
"ENSMUSG00000062480",13.5881373894147,-0.171593490837417,0.904372839573459,-0.18973755439001,0.849514791169814,NA
"ENSMUSG00000062483",0.123424440856126,-2.54806125598839,7.29490973003217,-0.349293048205705,0.726869316921341,NA
"ENSMUSG00000062488",68.8841431689349,-1.07350836485199,0.587804771259823,-1.82630086950668,0.0678049543418097,0.202126650684195
"ENSMUSG00000062497",0.0425774740632087,0,7.3561311249555,0,1,NA
"ENSMUSG00000062510",330.527134398546,0.572420105071231,0.38476971493844,1.48769532228599,0.136831261775075,0.314114496666655
"ENSMUSG00000062511",4.71644395286912,0.214723853356063,1.44235041852975,0.148870794917465,0.881655586655585,NA
"ENSMUSG00000062515",5.18686245220924,0,2.51205971474781,0,1,NA
"ENSMUSG00000062518",10.3409225589962,7.7520165254661,2.10907963851935,3.67554471812562,0.000237342461254358,NA
"ENSMUSG00000062519",252.232210471972,0.774669101029424,0.285859722044237,2.70996240914816,0.00672908340718674,0.0494550107658297
"ENSMUSG00000062524",15.9712831115956,-0.781868631972893,1.23466991860178,-0.633261262944135,0.526563045175523,NA
"ENSMUSG00000062526",395.322083788404,-0.020727256326325,0.274934984601715,-0.0753896647833,0.939904682116756,0.977172673824583
"ENSMUSG00000062527",0.181644059913811,-0.235889456046767,7.34090490153556,-0.0321335665303911,0.974365535004351,NA
"ENSMUSG00000062528",0,NA,NA,NA,NA,NA
"ENSMUSG00000062542",0.403077707990303,-2.97486933159748,7.27132658646499,-0.409123327940594,0.682449157522324,NA
"ENSMUSG00000062543",0.141039141568873,3.15200050475122,7.24939342034489,0.434795067943941,0.66371118519694,NA
"ENSMUSG00000062545",10.8125343253549,0.0962508785910831,0.969405697184335,0.099288542320977,0.920909175367614,NA
"ENSMUSG00000062546",0,NA,NA,NA,NA,NA
"ENSMUSG00000062551",0,NA,NA,NA,NA,NA
"ENSMUSG00000062553",44.1144969714523,0.410480659075238,0.693581967241922,0.591827178995935,0.553966321207165,NA
"ENSMUSG00000062554",31.906981529544,-6.84360397944764,3.91389253313217,-1.74854161720452,0.0803702857541449,NA
"ENSMUSG00000062556",0,NA,NA,NA,NA,NA
"ENSMUSG00000062561",0.434500066938776,-1.10604820353963,7.18197337105955,-0.154003384083344,0.877607067306713,NA
"ENSMUSG00000062563",0.768232195161606,0.876269859974107,6.23291753297393,0.140587430418963,0.888195878680214,NA
"ENSMUSG00000062564",0.242879738145196,1.14722673194109,7.35601196712066,0.155957703313817,0.876066361048288,NA
"ENSMUSG00000062580",3529.20682248979,-0.565428901894477,0.205204554467038,-2.75544031351069,0.00586131975481743,0.0461603201533699
"ENSMUSG00000062582",2.67747929746754,-0.784971465195463,7.0933532871859,-0.110662959169609,0.911883619815053,NA
"ENSMUSG00000062585",61.5580062253547,0.421104423246093,0.469953136896734,0.896056202596697,0.370222746994782,NA
"ENSMUSG00000062588",0,NA,NA,NA,NA,NA
"ENSMUSG00000062590",39.0484972325235,-0.0718555572969718,0.59643219062571,-0.120475652431819,0.904106365694316,NA
"ENSMUSG00000062591",11.346950412817,-0.866970262833661,0.914483989957874,-0.948043128533719,0.343107498627195,NA
"ENSMUSG00000062593",154.571169220098,3.42283489988067,1.70598176135415,2.00637250492276,0.0448165195584602,0.157543135076593
"ENSMUSG00000062598",0.0406180793754555,0,7.3561311249555,0,1,NA
"ENSMUSG00000062604",1556.98947596134,0.622482282048057,0.207073783598975,3.00608928483952,0.00264631281998539,0.0308113100418794
"ENSMUSG00000062608",0.0380762098104571,-1.67431590235222,7.3501929692546,-0.227792101425878,0.819807867435575,NA
"ENSMUSG00000062609",2.94027879951315,-1.65838831719965,1.9098016090917,-0.868356330471615,0.385199293441691,NA
"ENSMUSG00000062611",11.9675458877032,-1.6801387805366,1.29287921663075,-1.29953267012448,0.193761189155173,NA
"ENSMUSG00000062619",935.779920667276,-0.436269511915259,0.193256094625156,-2.25746832337401,0.0239788266661085,0.106244151319804
"ENSMUSG00000062621",0.14678611946697,-1.87724454067973,7.30937019108837,-0.256827126223334,0.797312228569743,NA
"ENSMUSG00000062624",0.0761524196209141,-2.55627499047924,7.29465809108018,-0.350431090609309,0.726015196884991,NA
"ENSMUSG00000062627",643.733947025661,0.875782833225166,0.322461674724768,2.71592844009347,0.00660902014446299,0.04890614085195
"ENSMUSG00000062629",0.0474375977968173,0,7.3561311249555,0,1,NA
"ENSMUSG00000062638",0.131359296122135,0,7.3561311249555,0,1,NA
"ENSMUSG00000062646",279.592061381949,0.443818916110723,0.300557555739384,1.47665200104156,0.139768944789398,0.317998713273365
"ENSMUSG00000062647",10684.0672504278,-0.494702889976636,0.191169707657065,-2.58776819842227,0.00965999622300613,0.0614868400929914
"ENSMUSG00000062649",34.3950653566896,1.06735811451645,0.51132208455682,2.08744771007019,0.0368476830830451,NA
"ENSMUSG00000062651",0,NA,NA,NA,NA,NA
"ENSMUSG00000062661",8.10934974469085,0.648346568232486,2.25960168157895,0.28692958299599,0.774166238484454,NA
"ENSMUSG00000062683",1678.5927253755,-0.711846266276457,0.237649059012395,-2.99536749370983,0.00274114369644277,0.0312422923155765
"ENSMUSG00000062687",8.10993415046393,0.227331942474911,1.00782293053556,0.225567344805407,0.821537941343364,NA
"ENSMUSG00000062691",1106.43713750468,-0.67773501616247,0.197277498350423,-3.43544003664631,0.000591592367958222,0.0152668324025569
"ENSMUSG00000062694",0.23751536694615,-2.55110975828035,7.29481617807206,-0.349715427504381,0.726552274445825,NA
"ENSMUSG00000062705",0.137666701464949,0,7.3561311249555,0,1,NA
"ENSMUSG00000062712",2.88917950522389,2.31431693529281,2.00706858213491,1.15308313621803,0.248876262695607,NA
"ENSMUSG00000062713",0.152026985020764,2.15700109863883,7.28506251307138,0.296085461829406,0.767164816270266,NA
"ENSMUSG00000062727",140.335845170344,0.684562697914167,1.07192678769579,0.638628221415848,0.523064817609696,0.709453309834227
"ENSMUSG00000062729",198.05410744579,0.114485824904588,0.291298165086941,0.393019382289684,0.69430516592601,0.83378365485792
"ENSMUSG00000062732",0.28837892244122,0.688552646814742,7.28140913165576,0.094563103702177,0.924661857441806,NA
"ENSMUSG00000062737",0.0762356066105636,0,7.3561311249555,0,1,NA
"ENSMUSG00000062742",4.69635646420539,-0.315798984679945,1.19830804501821,-0.263537398411729,0.792136402216737,NA
"ENSMUSG00000062743",201.828084331607,-0.129166713240409,0.380518604788517,-0.339449140239009,0.734271405099348,0.855945421289424
"ENSMUSG00000062751",0.114236136419893,-0.232160336260778,7.34997274797179,-0.0315865574229294,0.974801763664278,NA
"ENSMUSG00000062753",3887.70661511739,-0.492042551436745,0.219600268974381,-2.24062818199074,0.0250501696452112,0.109084108785424
"ENSMUSG00000062757",0.304094822483928,3.09566232975289,7.25337403904509,0.426789286349892,0.669532810604517,NA
"ENSMUSG00000062758",5.61022240313539,0.497122860592483,1.94940652527269,0.255012412315048,0.798713512464393,NA
"ENSMUSG00000062760",0.879411339529016,-1.49854455078357,4.78785142893876,-0.312988941495982,0.754289063778754,NA
"ENSMUSG00000062761",512.418268145379,0.462808993821661,0.253877339798599,1.82296298751518,0.068308996868033,0.203045438759995
"ENSMUSG00000062762",299.041972052704,0.173381638963292,0.199457225726041,0.869267274385115,0.38470095821608,0.593626127375266
"ENSMUSG00000062773",0.203090396877278,0,7.3561311249555,0,1,NA
"ENSMUSG00000062778",0.890600249793469,0,5.72681684492397,0,1,NA
"ENSMUSG00000062782",0.994199035438372,2.00415078319019,4.03204592697198,0.497055544378506,0.619149882834434,NA
"ENSMUSG00000062783",28.5442414049413,0.118782707843581,0.687180118788449,0.172855274179067,0.862765188391481,NA
"ENSMUSG00000062785",0.947559510978857,1.28875232766598,3.4614699457541,0.372313597362527,0.709659375943289,NA
"ENSMUSG00000062791",0.154813614079311,-3.13799572286039,7.26775890391412,-0.43176937544948,0.665909039537642,NA
"ENSMUSG00000062793",0.125022715438408,1.15054675466663,7.35609652547608,0.156407239992295,0.875712030721029,NA
"ENSMUSG00000062794",68.9826379777146,1.64376992206162,0.533932229747695,3.07861153622131,0.00207967664811657,0.0278914808662168
"ENSMUSG00000062797",2615.8272140796,-1.2222601044937,0.334356466635794,-3.65555993814554,0.000256621239478502,0.0106228297022766
"ENSMUSG00000062814",0.076188157242633,1.14997132231929,7.3560818886734,0.156329325818133,0.875773441846589,NA
"ENSMUSG00000062818",0.190381049052285,-3.87344176364855,7.24606634725706,-0.534557866022689,0.592955625497417,NA
"ENSMUSG00000062822",921.973199718372,0.308752917281168,0.185602893075646,1.66351349467021,0.0962096918681017,0.251595979924917
"ENSMUSG00000062825",37742.9251845384,-0.350616610902725,0.196635718340017,-1.7830769194051,0.0745737829948386,0.214166718449733
"ENSMUSG00000062826",25.1408733552133,0.39597561158911,0.850984213723772,0.465314873299922,0.641705985208338,NA
"ENSMUSG00000062833",0,NA,NA,NA,NA,NA
"ENSMUSG00000062844",0.351467062903664,-2.87765684480131,7.23540607572244,-0.397718775516547,0.69083749586438,NA
"ENSMUSG00000062846",13.4148419128955,-7.03541245921728,2.03178041318609,-3.46268347384295,0.000534817145175669,NA
"ENSMUSG00000062859",9.14527257068343,-0.494595456478766,1.05303918494614,-0.469683810013266,0.638580936489446,NA
"ENSMUSG00000062861",26.4015125908123,1.51141004780924,0.714594864883158,2.11505864663101,0.0344249491828008,NA
"ENSMUSG00000062866",103.091478025591,0.959589019638785,0.431371530640501,2.22450706984298,0.0261143473751245,0.112092661616836
"ENSMUSG00000062867",2022.29208349885,-0.266335165119185,0.22733388281655,-1.17155947815358,0.241373965034304,0.447083120392053
"ENSMUSG00000062868",0.207931020951102,0,7.3561311249555,0,1,NA
"ENSMUSG00000062873",0.124399682751736,1.15759190978717,7.35585641438016,0.157370106834082,0.874953171174469,NA
"ENSMUSG00000062874",2.05569629349753,-0.550394328756927,2.66321284062863,-0.206665543346889,0.836271068850803,NA
"ENSMUSG00000062878",0.303498076351398,0.874208171359699,7.34907373832756,0.118954878191036,0.9053111038608,NA
"ENSMUSG00000062892",0.310774769753175,2.18042005437352,7.25058918676414,0.300723154796007,0.763625610644414,NA
"ENSMUSG00000062896",8.59442625618163,-0.0378157315257153,0.952994448223218,-0.0396809567948898,0.968347483994348,NA
"ENSMUSG00000062901",172.562367588533,0.276989325929907,0.265707318658921,1.04246028046171,0.297198331334963,0.508534794053335
"ENSMUSG00000062905",2.62784469562289,1.3326959496408,2.39867092991735,0.555597657443877,0.578485933222258,NA
"ENSMUSG00000062906",80.293842853815,-0.292959498437354,0.495354292375286,-0.591414070588904,0.554243014931507,0.733327827947791
"ENSMUSG00000062908",727.280596088992,-0.398577751760422,0.192615776948367,-2.06928922477241,0.0385189541775035,0.143089778730608
"ENSMUSG00000062914",0.357266937681854,-3.13790827936582,7.26775765874204,-0.431757417721733,0.665917731307415,NA
"ENSMUSG00000062929",415.599499877609,1.52947804840137,0.321835803458365,4.75235518225751,2.01060771734931e-06,0.000584554626058762
"ENSMUSG00000062931",326.784581209184,-0.485297530521849,0.240386082328624,-2.01882540711494,0.0435053693381139,0.154797432071109
"ENSMUSG00000062933",28603.6377099283,-1.0285972119333,0.289595343453251,-3.55184306373124,0.00038254294820589,0.0126469466321579
"ENSMUSG00000062937",850.940146855136,-0.26629757401839,0.223843445310628,-1.18965991453915,0.234180086623872,0.438627832802138
"ENSMUSG00000062939",3394.89951882512,-0.125669591463294,0.172658820710291,-0.727849240173826,0.466705878483776,0.664213493716479
"ENSMUSG00000062944",95.2539206140242,1.05239243777034,0.584029560230574,1.8019506364624,0.0715531724005375,0.208764006477088
"ENSMUSG00000062949",168.728880426724,0.458206179092298,0.288554989224087,1.58793365633496,0.112301341934426,0.277663523016959
"ENSMUSG00000062952",0.0406180793754555,0,7.3561311249555,0,1,NA
"ENSMUSG00000062960",1.97282639617044,-0.515696383762058,1.75034720217905,-0.294625193858713,0.768280214102923,NA
"ENSMUSG00000062961",0.755682937786733,-2.10870206572902,5.70833536025325,-0.369407529980066,0.7118239861827,NA
"ENSMUSG00000062962",1.63799203222645,0.0102392644564905,2.22987864969267,0.00459184828640861,0.996336248021808,NA
"ENSMUSG00000062963",1795.0766831746,-0.645559662431848,0.231580217447451,-2.78762870830423,0.00530953582494445,0.0434086242124091
"ENSMUSG00000062980",2.4255141814576,-1.63618810958991,2.21019746087372,-0.740290466600709,0.459123764364749,NA
"ENSMUSG00000062981",6440.62351147354,-0.64161133821553,0.227668150669969,-2.81818662965124,0.00482957287917678,0.0414053147533933
"ENSMUSG00000062987",8.93304451736435,-0.19143044302693,1.28740764605791,-0.148694505282065,0.881794697186798,NA
"ENSMUSG00000062991",1.50428147642189,-0.428269418320935,3.41093609983534,-0.125557737168284,0.900082018972765,NA
"ENSMUSG00000062995",85.5233219286796,4.90215243780157,1.60201812564044,3.05998562646839,0.00221347614139747,0.0284158592957325
"ENSMUSG00000062997",7879.32595628172,-0.489981714310717,0.253792006915671,-1.93064281363884,0.0535272394188375,0.174683645313704
"ENSMUSG00000063001",6.33609675810787,-0.879516734726834,0.978282980283057,-0.899041230863849,0.368630699465173,NA
"ENSMUSG00000063011",0.271519970523746,-3.87216845497344,7.24608237257905,-0.534380960065632,0.593077989244837,NA
"ENSMUSG00000063015",1549.18554408274,-0.167571715777471,0.188659483219296,-0.888223125167195,0.3744207418633,0.583463459292541
"ENSMUSG00000063019",354.248194774053,-0.197432475736401,0.259013210344153,-0.762248672467599,0.445911601607176,0.64697434050887
"ENSMUSG00000063020",0.581388407311966,-0.909567675352228,7.18146016203272,-0.126654977515711,0.899213481507388,NA
"ENSMUSG00000063021",95.2023568372621,1.7121722486977,0.595210843248507,2.87658107730886,0.00402008905592435,0.0379034708172975
"ENSMUSG00000063047",243.480950648805,-0.317252261287838,0.21316027836037,-1.48832729872631,0.136664599084495,0.313950630246394
"ENSMUSG00000063049",415.105734231724,-0.372480908019397,0.269442021174745,-1.38241580283362,0.166844066632443,0.354145071647348
"ENSMUSG00000063052",316.074326799947,0.0582254545257382,0.309395456916837,0.188191045550448,0.850726891696364,0.928603723986148
"ENSMUSG00000063058",0.160421470465408,-0.450348549221963,7.34079848577252,-0.0613487143251243,0.951081495413029,NA
"ENSMUSG00000063060",1.47936960353287,0.339065647181688,5.36405845048154,0.0632106548263376,0.949598760423897,NA
"ENSMUSG00000063063",1.20173237289358,-1.09195264857496,3.52669272231265,-0.309625117512055,0.756846053318734,NA
"ENSMUSG00000063065",394.598830074609,0.234881970499154,0.237005348588338,0.991040800969971,0.32166565768741,0.532389911478681
"ENSMUSG00000063077",384.078345617057,1.02115078841817,0.341797509714344,2.98758990161042,0.00281186581348088,0.0315715792379781
"ENSMUSG00000063089",0.0870663265988919,0,7.3561311249555,0,1,NA
"ENSMUSG00000063106",0,NA,NA,NA,NA,NA
"ENSMUSG00000063108",485.809159871496,0.465531541866874,0.212455189274497,2.19119873445594,0.0284374141532922,0.118210192979518
"ENSMUSG00000063116",4.90113736060489,0.926693245433867,1.20430455506148,0.769484132181629,0.441605960834021,NA
"ENSMUSG00000063120",0.202337740251233,1.9140956585713,7.29130595550534,0.262517533930399,0.792922469129105,NA
"ENSMUSG00000063129",0.5937875318298,-2.89818760477786,5.24626667014111,-0.552428571973432,0.580654759516154,NA
"ENSMUSG00000063130",0.152504873786405,0,7.3561311249555,0,1,NA
"ENSMUSG00000063133",0,NA,NA,NA,NA,NA
"ENSMUSG00000063137",6.30092843336175,0.0754389313863209,1.30867606596291,0.0576452289060655,0.954031222090822,NA
"ENSMUSG00000063142",1.42614019330847,-1.27711815007028,3.01511347128131,-0.42357216809076,0.671877856508439,NA
"ENSMUSG00000063145",123.406432486247,0.846449195331198,0.358140481607376,2.36345579123655,0.0181053866799622,0.0900445396671609
"ENSMUSG00000063146",4.22129556098252,0.537483298055983,1.20249639364713,0.446972898127214,0.654894628235677,NA
"ENSMUSG00000063157",2.38880820181798,-1.69614172912484,2.54935681770003,-0.665321432193653,0.505844925282368,NA
"ENSMUSG00000063160",14.9414719561467,-0.45183567029448,0.703008980924396,-0.642716782508746,0.520407889242254,NA
"ENSMUSG00000063163",0.505468584778733,0,7.3561311249555,0,1,NA
"ENSMUSG00000063166",1.53535065833391,-3.93333731921978,2.81766337090721,-1.39595714656054,0.162727400170714,NA
"ENSMUSG00000063171",25.9386532750868,-1.39337910309448,0.895645032047213,-1.5557269378356,0.119773038134226,NA
"ENSMUSG00000063172",339.795957671135,-0.534776196036878,0.289940832653969,-1.8444321592851,0.0651201841569433,0.197473725239923
"ENSMUSG00000063173",0.237826123446468,0,7.3561311249555,0,1,NA
"ENSMUSG00000063176",0.179901789967689,-1.91596247362216,7.31889282766644,-0.261783102818442,0.793488666898972,NA
"ENSMUSG00000063177",1.33349547727803,1.14057721480397,5.81447297523271,0.196161753552276,0.844483562682801,NA
"ENSMUSG00000063179",696.856788404833,-0.318991534931606,0.281629980605133,-1.13266185029802,0.257356284179685,0.466823955934892
"ENSMUSG00000063188",19.352771181901,-0.152082956796887,0.893845691834245,-0.170144531865226,0.864896472691456,NA
"ENSMUSG00000063193",6.49840324841341,0,3.08938810421531,0,1,NA
"ENSMUSG00000063200",4413.58374844468,-0.811067674652577,0.234110076017909,-3.46447145056042,0.000531274528500516,0.0147105006000773
"ENSMUSG00000063206",0,NA,NA,NA,NA,NA
"ENSMUSG00000063216",4.07652753064074,0.106407134974087,1.71428115976312,0.0620709936454007,0.950506296160488,NA
"ENSMUSG00000063221",0.157796934910542,0.273327516471824,7.27104059884744,0.0375912515899238,0.970013583213314,NA
"ENSMUSG00000063225",0.0761524196209141,-2.55627499047924,7.29465809108018,-0.350431090609309,0.726015196884991,NA
"ENSMUSG00000063229",15728.8486278935,-0.437964608732758,0.219648243484433,-1.99393631282919,0.0461590149201591,0.160101429812891
"ENSMUSG00000063230",1.4071575436086,0.418706371835753,2.47974473306427,0.168850594278045,0.865914161141524,NA
"ENSMUSG00000063232",0.711667688656365,0.784394626933842,7.25487943003363,0.108119595163307,0.913900824577206,NA
"ENSMUSG00000063234",0.955677638667316,-2.56324163098684,4.40048445739499,-0.582490781595496,0.560236149031063,NA
"ENSMUSG00000063236",890.886664948543,-0.511489168274916,0.17310282408445,-2.95482855915384,0.00312842842712359,0.0334293391903203
"ENSMUSG00000063239",0.600754308799733,-2.61715220121061,7.27453188165211,-0.359769156804662,0.719019770173573,NA
"ENSMUSG00000063240",2.98283235186051,0.312849569697407,1.55062061881451,0.201757648454712,0.84010619223933,NA
"ENSMUSG00000063245",712.172464093403,0.888686852387019,0.25610746385532,3.46997638807222,0.000520504120121072,0.0144527618747101
"ENSMUSG00000063251",0.0735985646311428,-0.230296753268098,7.34983958600237,-0.0313335754574418,0.975003514203593,NA
"ENSMUSG00000063252",0,NA,NA,NA,NA,NA
"ENSMUSG00000063253",520.541040058931,-0.746559132348444,0.380009411456329,-1.9645806389041,0.0494627946496898,0.167216048259981
"ENSMUSG00000063260",0.292380312488501,-3.12837604285551,7.26795872566892,-0.430433930755101,0.666880017613372,NA
"ENSMUSG00000063268",323.500919589137,0.193475032506328,0.243563828675461,0.794350431911321,0.426991452167767,0.630065756781367
"ENSMUSG00000063273",1647.07552499422,0.132368233634169,0.229236526865448,0.577430811067313,0.563648465358318,0.740912909583375
"ENSMUSG00000063275",217.473326029887,-0.0865109522213032,0.421746127620871,-0.205125658673676,0.837473949931216,0.921258623978419
"ENSMUSG00000063277",0,NA,NA,NA,NA,NA
"ENSMUSG00000063281",221.415027765243,-0.410990499564775,0.373948038436087,-1.09905777627182,0.271742865632982,0.482865041664933
"ENSMUSG00000063286",2309.06853554656,0.18808696542895,0.168693329304246,1.11496385900196,0.264865909395715,0.474569424393083
"ENSMUSG00000063296",0.230899137128389,-3.87248807716774,7.2460783486908,-0.53442536649737,0.593047272756348,NA
"ENSMUSG00000063297",0.649688159489946,0.066926227420184,6.88752848054204,0.00971701643183869,0.992247064618048,NA
"ENSMUSG00000063305",0.334288371707457,0.311981845764119,7.16312087602818,0.0435538993636398,0.96525999977718,NA
"ENSMUSG00000063314",1.12738571470225,-1.31796603463823,6.0495039929205,-0.217863487019861,0.827535476920481,NA
"ENSMUSG00000063316",2355.91315569947,-0.621688332803058,0.231118101498692,-2.68991623231457,0.00714699567315507,0.0511527149099966
"ENSMUSG00000063317",122.691286485025,0.461626406541521,0.286366089861125,1.61201490988472,0.106958695265496,0.269029695343365
"ENSMUSG00000063320",564.781326546183,-0.658853789133012,0.250323521201871,-2.63200911352508,0.00848815859453311,0.0567263372441885
"ENSMUSG00000063328",3.40792286319299,-0.0230938576445932,2.80300147075759,-0.00823897450126966,0.99342632381963,NA
"ENSMUSG00000063334",735.828811446411,-0.378676957234822,0.252623892992548,-1.49897522656731,0.133880058999399,0.309490371755259
"ENSMUSG00000063350",0.200618187691645,-0.850951805118742,7.24401623533312,-0.117469615952567,0.906487920273703,NA
"ENSMUSG00000063354",56.7491495701464,0.182992843763384,0.447386371903996,0.409026414874014,0.682520276333667,NA
"ENSMUSG00000063358",2070.13299271105,-0.295693781959426,0.107851097819502,-2.74168541570429,0.00611248514597166,0.0471309794601637
"ENSMUSG00000063362",189.661858278289,-0.566332028517887,0.505104775751095,-1.12121693499284,0.262195532857148,0.471797988534268
"ENSMUSG00000063364",23.0866419385795,0.647480359517448,0.568956293654165,1.13801423191746,0.255114539622569,NA
"ENSMUSG00000063374",0.325717183833573,1.15295985973672,7.35588721624088,0.156739741358613,0.875449965087201,NA
"ENSMUSG00000063376",0.0380762098104571,-1.67431590235222,7.3501929692546,-0.227792101425878,0.819807867435575,NA
"ENSMUSG00000063380",0.0820808511495343,0,7.3561311249555,0,1,NA
"ENSMUSG00000063382",418.339829478465,0.0323972261316642,0.22173567286416,0.146107415704425,0.883836592357072,0.947440697868302
"ENSMUSG00000063383",39.0036016839823,-0.202906737900523,0.464119388485267,-0.437186514794704,0.661976088701284,NA
"ENSMUSG00000063386",6.01680823861265,1.39076324850519,1.05492620301934,1.31835122165384,0.187386101564744,NA
"ENSMUSG00000063388",1.43427861351433,1.14848618994683,3.19254319565772,0.359740219493013,0.71904141201951,NA
"ENSMUSG00000063394",7.04754542809528,0.706923353189097,0.997707970215266,0.708547364853236,0.47860540949148,NA
"ENSMUSG00000063406",3688.70703161759,0.149250507991721,0.196661922608067,0.758919194994176,0.447900895741272,0.648718000645052
"ENSMUSG00000063409",0.12027672795497,0,7.3561311249555,0,1,NA
"ENSMUSG00000063410",1157.1476491755,-0.0842848131756646,0.169536289153706,-0.497149097673419,0.619083913859069,0.780865699693365
"ENSMUSG00000063412",7429.95773334127,-0.803740209150375,0.285949368391047,-2.81077805372603,0.00494218648787246,0.0421150977867407
"ENSMUSG00000063415",1.01195958954974,0.0602957341096766,4.79779402544924,0.0125673869678119,0.989972939913776,NA
"ENSMUSG00000063428",4.20898169859815,-0.252865765878127,1.26765982628999,-0.199474465179021,0.841891615808147,NA
"ENSMUSG00000063430",20.7155936088367,0.0966244350266106,0.630400191088384,0.153274755294393,0.878181607777694,NA
"ENSMUSG00000063434",1.48758412005516,1.37101452259757,2.56055377454488,0.535436723191358,0.592347902025083,NA
"ENSMUSG00000063439",765.963476582685,-0.518589104527433,0.295488115643133,-1.7550252516881,0.0792549885719586,0.222820125720652
"ENSMUSG00000063442",4.41961269932615,-1.23527125536241,1.45702746313293,-0.847802314382119,0.396548073968789,NA
"ENSMUSG00000063445",650.257096608706,-0.213953823400017,0.2960450815782,-0.722706900784976,0.469859975018995,0.666365258689062
"ENSMUSG00000063446",0.632439463461206,-1.00972897466531,7.1549418209292,-0.141123296308533,0.887772540033215,NA
"ENSMUSG00000063447",1.52870952293576,-1.6874536094524,2.80928865148091,-0.60066935754817,0.548060232293771,NA
"ENSMUSG00000063450",123.230138172013,-0.42223844573113,0.347892167287454,-1.21370495065572,0.224860413215653,0.427286656023977
"ENSMUSG00000063455",108.924070632577,0.847817914148401,0.435910928970715,1.94493383350193,0.0517829423365005,0.171319943291092
"ENSMUSG00000063457",15320.7945385883,-0.5225751377587,0.202213042055682,-2.58428008622115,0.00975825131247311,0.0619526745175316
"ENSMUSG00000063458",1.91761449147688,-3.88982656951102,2.64895584655108,-1.46843767689656,0.141985373602961,NA
"ENSMUSG00000063478",0,NA,NA,NA,NA,NA
"ENSMUSG00000063480",8111.1227235523,-0.67076632675038,0.219843044360597,-3.05111461998387,0.00227993520966614,0.0288426413445754
"ENSMUSG00000063488",28.3768495111926,0.0364834768416948,0.532746963293055,0.068481810982423,0.945402098814085,NA
"ENSMUSG00000063506",1.38091003944006,1.65923743211543,5.44754451880101,0.304584464870169,0.760682653397613,NA
"ENSMUSG00000063507",0.085711321762741,-1.65641280285727,7.34973925110897,-0.225370281348055,0.821691229012794,NA
"ENSMUSG00000063511",1973.56299424597,0.469080774966014,0.243322058912712,1.92781853425912,0.0538777015224056,0.175364201366144
"ENSMUSG00000063514",0.450806795358735,-2.5459666359036,7.29497055958509,-0.349003003522526,0.727087054694499,NA
"ENSMUSG00000063522",37.5813362643439,0.287680854644653,0.742580564627153,0.387406927070731,0.69845497636524,NA
"ENSMUSG00000063524",15925.9571936686,-0.426354054248754,0.329959549426563,-1.29214036990206,0.196308537615069,0.392022200873728
"ENSMUSG00000063529",0.127690146147519,0,7.3561311249555,0,1,NA
"ENSMUSG00000063531",9.63682089761769,0.992528567844276,0.951724786679913,1.04287350895494,0.297006880275141,NA
"ENSMUSG00000063535",82.2076237783137,0.714521937411702,0.424717876866707,1.6823448607414,0.0925019868391536,0.245484164914085
"ENSMUSG00000063543",33.2186826118191,-1.51320398148277,1.81572036026018,-0.833390435334404,0.404624567228879,NA
"ENSMUSG00000063548",0.671614707954958,-0.641945564866965,4.37702040566277,-0.14666268497091,0.883398273116679,NA
"ENSMUSG00000063549",4.41567948701976,1.07429118839821,1.27006410552454,0.845855877451577,0.397633149208484,NA
"ENSMUSG00000063550",903.356099995673,0.42958415753309,0.220496868190035,1.94825514330142,0.0513844415865131,0.170721526525853
"ENSMUSG00000063556",9.08124183143038,-0.825390312885527,1.82483152016061,-0.452310420861693,0.651045369755267,NA
"ENSMUSG00000063558",10.9320832124992,0.750551449036755,0.792909405769251,0.946579071424431,0.34385331258364,NA
"ENSMUSG00000063564",52.4277080337976,-0.441252019233688,0.640838460105934,-0.688554209372432,0.491103845377221,NA
"ENSMUSG00000063568",69.3739944859566,1.27276935056467,0.400435247356321,3.17846483037522,0.00148057178825864,0.0238254558817473
"ENSMUSG00000063576",295.906183494407,-0.044616118250908,0.215653972839547,-0.206887532204675,0.83609769373136,0.920271647267068
"ENSMUSG00000063582",0,NA,NA,NA,NA,NA
"ENSMUSG00000063583",2.12579813856639,-2.15367722404657,1.99336896646003,-1.08042076518891,0.279954853066556,NA
"ENSMUSG00000063586",1.37483914364755,-1.88259478360991,2.34762694011593,-0.80191394613871,0.422602738308379,NA
"ENSMUSG00000063590",0.709364537578585,1.03127430184476,7.11433150170151,0.144957302256454,0.884744583502256,NA
"ENSMUSG00000063594",0.227495656564776,0,7.3561311249555,0,1,NA
"ENSMUSG00000063600",0.818906001544804,-4.55952049919254,7.24880708892934,-0.629002874991117,0.529347174021783,NA
"ENSMUSG00000063605",81.7205238672329,-0.00663171555722551,0.35897730345747,-0.0184739132344929,0.985260788237158,0.998633257077133
"ENSMUSG00000063611",18.3165475062169,0.59057914956433,0.775446335716306,0.761598994492368,0.446299375140948,NA
"ENSMUSG00000063615",6.89737186533404,1.24244999950882,0.884528759320257,1.4046462440222,0.16012649812489,NA
"ENSMUSG00000063626",4.26576744648317,1.01766763106617,1.50665880731857,0.675446641351619,0.499392041122586,NA
"ENSMUSG00000063628",4.08542115550702,-3.71121094281621,2.12971999676301,-1.74258162972454,0.0814067211965725,NA
"ENSMUSG00000063632",1.82567639070482,0.466618542336286,1.7002557469997,0.274440208868395,0.783746346506062,NA
"ENSMUSG00000063646",544.800718681239,0.110080425527132,0.219837123737583,0.500736289010648,0.616556729255933,0.779368704436688
"ENSMUSG00000063651",0.0380762098104571,-1.67431590235222,7.3501929692546,-0.227792101425878,0.819807867435575,NA
"ENSMUSG00000063652",3.68558353044136,0,2.61382374674865,0,1,NA
"ENSMUSG00000063656",0.131992641088704,0,7.3561311249555,0,1,NA
"ENSMUSG00000063659",94.5263582625794,0.02366558081757,0.464753595081707,0.0509207052253343,0.95938870652724,0.98665750091066
"ENSMUSG00000063660",0.239428338331854,2.14208819353084,7.28530159222853,0.294028760019472,0.768735926895204,NA
"ENSMUSG00000063661",0.1143907233154,-2.55776592928722,7.29461035035692,-0.350637773155638,0.725860114657635,NA
"ENSMUSG00000063663",158.750564854785,0.880517571991525,0.251087115034872,3.50682101655928,0.000453494067692758,0.0134640666334825
"ENSMUSG00000063672",0.0380762098104571,-1.67431590235222,7.3501929692546,-0.227792101425878,0.819807867435575,NA
"ENSMUSG00000063681",4.3783344077756,1.23383715253826,1.23876036332229,0.996025695582612,0.319237660442241,NA
"ENSMUSG00000063683",27.269668294018,0.803035817139237,0.59426867677211,1.35130093260356,0.17659905341847,NA
"ENSMUSG00000063684",0.406259964369402,-2.55339732358294,7.29474609768756,-0.350032378014139,0.726314398711932,NA
"ENSMUSG00000063687",2.40901995338489,0.324853698290698,1.65906197514831,0.195805643886002,0.844762292404243,NA
"ENSMUSG00000063689",8.79707156746638,0.357440527972673,0.809153219907398,0.441746407452447,0.658672723699742,NA
"ENSMUSG00000063694",4094.47692091925,-0.812690013727614,0.216317372418222,-3.75693364172519,0.000172008084080115,0.00889318334902861
"ENSMUSG00000063696",1490.3607011145,-6.38177247851495,0.750687760516462,-8.50123422036931,1.87585446883612e-17,2.64897448920644e-14
"ENSMUSG00000063698",364.778205533358,0.27079299645388,0.301966980253794,0.89676360053105,0.369845074787025,0.579568573917207
"ENSMUSG00000063704",0.880647129227122,0.165359536477636,5.36821942665815,0.0308034235069591,0.975426310153319,NA
"ENSMUSG00000063713",0.0355187493373064,1.16171280725677,7.35565536667627,0.157934643392857,0.874508299155349,NA
"ENSMUSG00000063715",2.14800552225529,-2.80422938722307,2.18190868958375,-1.28521848811099,0.19871594476934,NA
"ENSMUSG00000063727",1.54088175912519,3.74315055427638,6.00263250453961,0.623584827397903,0.532900277489592,NA
"ENSMUSG00000063728",0.203090396877278,0,7.3561311249555,0,1,NA
"ENSMUSG00000063730",68.0770229549737,-0.13512542029929,0.931880478580663,-0.145002951993476,0.884708541071557,0.948092331081971
"ENSMUSG00000063739",3.32690983502585,0.575463537410946,1.98138699523903,0.290434699931763,0.77148370045794,NA
"ENSMUSG00000063754",15.9684019289629,-0.431748197791743,0.694951676838772,-0.621263624768414,0.53442618294844,NA
"ENSMUSG00000063760",1.46842895457474,-2.32661792592157,4.36739952286886,-0.532723858611694,0.594224747946767,NA
"ENSMUSG00000063762",0.111729823523697,-1.11308341369248,7.29421139573216,-0.152598184135949,0.878715157077693,NA
"ENSMUSG00000063764",0.288694861936594,0,7.3561311249555,0,1,NA
"ENSMUSG00000063765",1.35863776914497,0,3.26162155535828,0,1,NA
"ENSMUSG00000063767",5.34302347059033,0.643262624750947,1.42143467773193,0.452544626093792,0.65087668002622,NA
"ENSMUSG00000063777",1.40944337383851,0.86402765163768,2.89228052038165,0.298735771149773,0.765141661215863,NA
"ENSMUSG00000063779",0.612445877281866,0.569713455149808,4.14366572242912,0.137490206332529,0.890643333445433,NA
"ENSMUSG00000063780",0.313390742823906,0,7.3561311249555,0,1,NA
"ENSMUSG00000063785",667.80359233367,-0.111609046509435,0.158077978834071,-0.706037914531962,0.480164559506806,0.674169106611364
"ENSMUSG00000063787",2991.09818646717,-0.842515743137095,0.253699817580081,-3.32091584130191,0.000897225877606494,0.0186885315020223
"ENSMUSG00000063796",0.187769217532494,2.74597159635188,7.26106850139867,0.378177343434087,0.705298855161385,NA
"ENSMUSG00000063800",1672.34474776172,-0.438043712678245,0.249212945227058,-1.7577085021773,0.0787971204600996,0.221984354734731
"ENSMUSG00000063801",431.43859700656,-0.701906437008584,0.394705360198929,-1.77830480096553,0.0753538082831449,0.21553020685153
"ENSMUSG00000063802",606.244876236088,-0.617969618298407,0.319753328890157,-1.93264483107444,0.0532799657129324,0.17427943781348
"ENSMUSG00000063804",1.54101881686767,-0.51743478904709,2.50917295074483,-0.206217267284622,0.836621200374357,NA
"ENSMUSG00000063808",104.207932464828,0.290351242139774,0.269775879858282,1.07626835391029,0.281807257457967,0.492737616419568
"ENSMUSG00000063810",97.3804220576474,0.738575913446013,0.465271145480876,1.58740966556752,0.112419891610254,0.277707599948401
"ENSMUSG00000063816",3.61591167012128,-2.64179325133366,1.41521629635712,-1.86670635303865,0.0619426060773476,NA
"ENSMUSG00000063820",1.59368135481118,2.41686240569713,2.38986416393626,1.01129697753048,0.311874312247247,NA
"ENSMUSG00000063821",0.15535098808094,-0.230947358647605,7.34992069387972,-0.0314217483788519,0.974933197015127,NA
"ENSMUSG00000063823",1.47904329631369,0.371559554064795,2.65881530264994,0.139746282374137,0.888860457125907,NA
"ENSMUSG00000063827",2.32770435496029,1.63158437349052,3.2726539360604,0.49855084141729,0.618095843843105,NA
"ENSMUSG00000063830",14.9504426798251,-0.785310555941304,0.723606620723031,-1.08527276209361,0.277800865916727,NA
"ENSMUSG00000063838",0.423474515783819,2.11651591161715,7.32090214744535,0.289105887360578,0.772500348424513,NA
"ENSMUSG00000063842",0.740954285684374,-0.535420427731717,6.46023788278055,-0.0828793672070273,0.933947460171785,NA
"ENSMUSG00000063844",9.26490513308048,0.788216089435493,1.07379542877768,0.734046791699173,0.462920220544701,NA
"ENSMUSG00000063846",0.0450384044921535,0,7.3561311249555,0,1,NA
"ENSMUSG00000063849",803.852264217076,0.507814741827186,0.310068887753759,1.63774813237782,0.101474245436251,0.260065573279063
"ENSMUSG00000063851",2.40740015965857,0,3.05890167286537,0,1,NA
"ENSMUSG00000063856",8207.66922785155,-0.296871148751311,0.18943760993655,-1.56711831853635,0.117087038126074,0.28525320253529
"ENSMUSG00000063867",0.108851509137783,0.770027138992902,7.27904177034185,0.105786882846358,0.91575144435986,NA
"ENSMUSG00000063870",1443.02283614906,0.75437853045253,0.28901481218413,2.61017255396557,0.00904965623876121,0.0590467669439964
"ENSMUSG00000063873",2.49108021204538,0.988894250123074,1.85575541659984,0.532879624802576,0.594116910399231,NA
"ENSMUSG00000063875",20.9491730766827,-0.270611020195086,0.672727846447402,-0.402259281556652,0.687493218008225,NA
"ENSMUSG00000063881",0.265205081164217,-3.79359471245643,7.2507274595931,-0.523201945404429,0.600833727782315,NA
"ENSMUSG00000063882",9641.43829855758,-0.866662070291278,0.232955591004282,-3.72028877501955,0.000198995113066884,0.00954635568758181
"ENSMUSG00000063884",1072.55523378827,0.423062547136514,0.230693309215225,1.83387437015704,0.0666726448880249,0.200017934664075
"ENSMUSG00000063885",0.2170090002487,3.45011060253678,7.24231939757614,0.476382000452985,0.633802255628872,NA
"ENSMUSG00000063887",18.7320945551797,-0.270129440307946,0.692397136555891,-0.390136564763424,0.696435566070083,NA
"ENSMUSG00000063888",2080.3309695125,-0.580567160042404,0.221688581475379,-2.61884106154056,0.00882290446471363,0.0580268866491645
"ENSMUSG00000063889",608.057973838885,-0.918826847739995,0.323678205095191,-2.83870471745163,0.00452970526942273,0.0402301317055199
"ENSMUSG00000063894",98.0354600750325,0.499663369610713,0.464905378250817,1.07476358198021,0.282480589098535,0.493255718643176
"ENSMUSG00000063897",224.066510767626,-0.642216665252726,0.296315731903703,-2.16733907824183,0.0302090088503404,0.123259930206958
"ENSMUSG00000063900",0.0814278199469379,1.15912683860976,7.35578146792713,0.157580379958786,0.874787464915117,NA
"ENSMUSG00000063902",4.55661771550693,-1.93512362795618,1.88700370558139,-1.02550070369892,0.305126993545415,NA
"ENSMUSG00000063903",0.647296309586509,-2.69060067050583,7.29072907389564,-0.369044116608241,0.712094841756289,NA
"ENSMUSG00000063904",448.574228548209,0.10775206591057,0.261084511808333,0.412709529049631,0.679819442452914,0.824036197258989
"ENSMUSG00000063905",2.5917146475785,0.5974394358889,1.70619578036109,0.350158781756253,0.72621953831775,NA
"ENSMUSG00000063911",0.31155175271054,-0.117209663346167,7.22363288927325,-0.0162258610235048,0.987054204064536,NA
"ENSMUSG00000063919",0.424583519501911,1.13616245056441,7.31906239408156,0.155233333095117,0.876637370782328,NA
"ENSMUSG00000063929",0.13548710784748,-1.41757497969655,7.3437046296975,-0.193032679169034,0.846933375090029,NA
"ENSMUSG00000063931",468.573706183754,0.38484853306386,0.26935705341327,1.428767237342,0.153071145130098,0.336775366481917
"ENSMUSG00000063932",0.120893233171008,0,7.3561311249555,0,1,NA
"ENSMUSG00000063935",37.0003182095628,0.179149640981765,0.508353868816552,0.352411286647282,0.724529838726826,NA
"ENSMUSG00000063952",140.925494332953,0.0967138513817209,0.325520551023466,0.297105209110895,0.766386187548362,0.877226431671556
"ENSMUSG00000063953",429.244438668182,0.412748301942432,0.330709202562681,1.24807020410689,0.212005348746289,0.411506018847555
"ENSMUSG00000063954",250.27954506526,-0.701166467991475,0.427324678460507,-1.64082839895304,0.100833041391999,0.259095473709248
"ENSMUSG00000063971",0,NA,NA,NA,NA,NA
"ENSMUSG00000063972",384.245688375873,0.754322924752536,0.367179361253915,2.0543717985034,0.0399397204293905,0.146569690425341
"ENSMUSG00000063975",0.522146250206082,-0.658638654523531,7.20900394952481,-0.0913633366183612,0.927203893010655,NA
"ENSMUSG00000063994",9.38106625855328,1.13287079163334,0.853919566966753,1.32667154549165,0.184617357517082,NA
"ENSMUSG00000063998",0.0761524196209141,-2.55627499047924,7.29465809108018,-0.350431090609309,0.726015196884991,NA
"ENSMUSG00000064006",16.8067594196365,0.953517419303594,0.709379046408404,1.34415785768027,0.17889734594358,NA
"ENSMUSG00000064010",0.136413093981876,0,7.3561311249555,0,1,NA
"ENSMUSG00000064016",0.542659918790811,-1.66493314460597,6.2548028889509,-0.266184750209647,0.790096927056663,NA
"ENSMUSG00000064023",1218.13290277266,-0.471222243663951,0.271297370967937,-1.73692152630422,0.082401023232255,0.227969245634156
"ENSMUSG00000064030",334.692983221084,-0.0637751564002177,0.380242127123125,-0.167722490095283,0.866801602286906,0.937249380726982
"ENSMUSG00000064036",1.3703341215663,0.00627531348261221,2.93114894849424,0.00214090569700864,0.998291805703134,NA
"ENSMUSG00000064037",1183.17240942723,0.17559211521144,0.219384021461159,0.800386983709875,0.423486620051722,0.62692102881852
"ENSMUSG00000064039",0.45404372235251,2.14413834302585,7.28550979717867,0.294301758245686,0.768527329231533,NA
"ENSMUSG00000064044",0.219413778714591,-1.06673971626085,7.20961714276564,-0.1479606607587,0.882373814618193,NA
"ENSMUSG00000064052",0.285284680730186,0,7.3561311249555,0,1,NA
"ENSMUSG00000064057",1.41153319193376,-0.362771303623036,2.94427279078296,-0.12321253137912,0.901938802576482,NA
"ENSMUSG00000064061",217.858564250466,0.757303963755618,0.249971433491853,3.02956203105624,0.00244908604770785,0.0300030121937777
"ENSMUSG00000064063",5.99951899458572,-1.42978986604484,1.12531813471528,-1.27056502684602,0.203883435455123,NA
"ENSMUSG00000064065",1079.08563156654,0.0297153365694264,0.217214782727985,0.136801631068722,0.891187594360022,0.951061263255568
"ENSMUSG00000064068",959.108556500944,-0.351401285397778,0.254647727536107,-1.37995060391007,0.167601854235238,0.3554459939519
"ENSMUSG00000064080",41.7936571522741,-1.06011845579664,0.779134024712894,-1.36063683804246,0.173628484022357,NA
"ENSMUSG00000064081",1.51977604263747,0.158076093937238,2.42367562124384,0.0652216379748511,0.947997533194006,NA
"ENSMUSG00000064084",11.5508184963689,1.76144626285516,0.867500152609204,2.03048524839703,0.0423072391394645,NA
"ENSMUSG00000064090",640.264177810217,-0.0663748431601084,0.263245187546835,-0.252140765719789,0.800932261133554,0.899785816718398
"ENSMUSG00000064105",17.4896636970158,0.286050292719674,0.716309980466962,0.399338694866709,0.689643659039383,NA
"ENSMUSG00000064109",8551.48968969291,-0.474216292557005,0.22290988450641,-2.12739014964305,0.0333876799152379,0.131331960191853
"ENSMUSG00000064110",0.217786248774384,2.59582212775207,7.27574120961176,0.356777688068786,0.721258240813248,NA
"ENSMUSG00000064115",3.24624858908748,-3.02604402447733,2.71651701287675,-1.113942600077,0.265303812228515,NA
"ENSMUSG00000064120",42.1070361071969,-0.182643916039878,0.497483052304996,-0.367135956076556,0.713517608069435,NA
"ENSMUSG00000064121",0.119818804821157,-1.66628321610831,7.34998950472108,-0.226705523189933,0.820652732049041,NA
"ENSMUSG00000064125",12.2058990780976,1.45877496021621,1.33300003692165,1.09435477855275,0.273799409054468,NA
"ENSMUSG00000064127",808.638986981923,0.0102483552143835,0.159192875642262,0.0643769714758694,0.948670066083437,0.981533165976715
"ENSMUSG00000064128",285.61593949639,0.275826776469895,0.191316894371298,1.44172723154593,0.149379338289901,0.33212207804671
"ENSMUSG00000064129",0.113780768385689,-3.13733395200478,7.26786122514771,-0.431672242330276,0.665979644442728,NA
"ENSMUSG00000064137",48.1943623010789,0.895628049382616,0.737701055554203,1.21407993473694,0.224717201395527,NA
"ENSMUSG00000064138",761.04321616995,-0.100073831457067,0.16187590099879,-0.618213278441086,0.536434758255882,0.720376874031652
"ENSMUSG00000064140",0.400425380121439,2.14997967415613,7.28510763962993,0.295119822589931,0.767902347518068,NA
"ENSMUSG00000064141",91.9156522893372,-0.500158012962694,0.338729284285216,-1.47657151644896,0.139790531616547,0.317998713273365
"ENSMUSG00000064145",1304.66158909536,0.346007890259968,0.21122120037423,1.63813049848657,0.101394474071163,0.259995947131892
"ENSMUSG00000064147",3.63129155968729,0,2.58564177419446,0,1,NA
"ENSMUSG00000064156",0,NA,NA,NA,NA,NA
"ENSMUSG00000064158",0.988000103213037,0,4.42752020193168,0,1,NA
"ENSMUSG00000064165",0.109183358401234,-0.228883051875508,7.34975979654753,-0.0311415690051563,0.975156638460737,NA
"ENSMUSG00000064177",3.44265620958153,0.0153188464551768,1.57387503316838,0.00973320380102756,0.992234149576844,NA
"ENSMUSG00000064179",88.9851155559991,0.172148092780733,0.518336568197562,0.332116434268476,0.73980134103752,0.859536466402901
"ENSMUSG00000064181",574.38090426675,-0.390327301532908,0.198557252693523,-1.96581739643319,0.0493197075436261,0.166846443897585
"ENSMUSG00000064193",1.87799455807976,-4.34204639905394,5.39127829243736,-0.805383466319068,0.420598429723059,NA
"ENSMUSG00000064194",2.03426319078331,-1.46324979503517,2.03998333201366,-0.717285171928735,0.473198154701083,NA
"ENSMUSG00000064201",0.430530717587708,0.474972336046103,7.19901359339879,0.0659774189732929,0.947395803323688,NA
"ENSMUSG00000064202",6.47685214324002,0.635277464915238,1.32970673941014,0.477757573220278,0.632822761466956,NA
"ENSMUSG00000064208",1030.63715189961,-1.09132431243492,0.35232987965182,-3.09745035962715,0.00195193084273201,0.0268730311704818
"ENSMUSG00000064210",558.398927165931,0.42297932096532,0.178352092270154,2.37159719059883,0.017711387873834,0.0885608672660594
"ENSMUSG00000064213",0.0406180793754555,0,7.3561311249555,0,1,NA
"ENSMUSG00000064215",3277.71508666983,-0.688012581936013,0.270940264702345,-2.53935155297742,0.0111058164505489,0.06681740451228
"ENSMUSG00000064220",363.208699601595,-0.615488427368828,0.31646130606755,-1.94490895274713,0.0517859373347275,0.171319943291092
"ENSMUSG00000064223",0.818144831053266,-0.904194113880546,5.52331146106204,-0.163705074438566,0.869963322620916,NA
"ENSMUSG00000064224",0.168835437501534,0,7.3561311249555,0,1,NA
"ENSMUSG00000064225",4.4466354748409,-0.847027846321673,1.51215080409614,-0.560147733960946,0.575378673776192,NA
"ENSMUSG00000064231",6.41704842287062,-0.48128530936131,0.862828834656757,-0.557799287680007,0.576981449171999,NA
"ENSMUSG00000064232",0.269165198570213,1.35515454378134,7.25506713247009,0.186787319681211,0.85182738936998,NA
"ENSMUSG00000064246",10.4143290900889,-0.440554977157518,1.80640344461374,-0.243885151166617,0.807319769652598,NA
"ENSMUSG00000064247",32.7786180343783,0.163689048676888,0.520035315761709,0.314765254811836,0.752939894359572,NA
"ENSMUSG00000064252",2.84645628884,1.01904076781623,1.55964903312653,0.653378257654173,0.513512452186151,NA
"ENSMUSG00000064254",907.517748667646,-0.636168748507153,0.262740648362572,-2.42128027190244,0.0154659478436664,0.081536477031809
"ENSMUSG00000064259",0.290859197655107,2.35221010598612,7.23116403170562,0.325287892194488,0.744963193657769,NA
"ENSMUSG00000064262",2035.41801458914,-0.089070969640041,0.20342751562206,-0.437851140086292,0.661494196384061,0.810068153029788
"ENSMUSG00000064264",19.8913973353396,-0.174443784538093,0.712047415358051,-0.244989000417022,0.806464948279655,NA
"ENSMUSG00000064267",312.568218461284,0.0800528313764949,0.254484621734944,0.314568443588992,0.753089341991378,0.869138480864277
"ENSMUSG00000064272",1.49655706281267,-0.566560917072328,2.83473527656379,-0.199863783315633,0.841587115651074,NA
"ENSMUSG00000064280",3.97719822956744,-0.162264000215599,1.72959847093898,-0.0938159942564634,0.925255326143079,NA
"ENSMUSG00000064281",12.9185372907017,-2.10851940266892,0.941121065487617,-2.24043375500945,0.0250627769427784,NA
"ENSMUSG00000064284",642.717417662072,-0.272709747323112,0.297062920941221,-0.918020150273389,0.35860831660448,0.567992823207064
"ENSMUSG00000064288",13.0449347192249,-4.89205286419114,1.75987617909202,-2.77977105566319,0.00543972345108365,NA
"ENSMUSG00000064289",1176.53773682175,-0.62068170451822,0.349415014132298,-1.77634526112039,0.0756760274033196,0.21607669869492
"ENSMUSG00000064293",0.821911458917721,-0.606533011573162,3.14270378113977,-0.192997194076366,0.846961165582031,NA
"ENSMUSG00000064294",3.84980880980916,-0.163153673753,1.51317591414933,-0.107822013440335,0.91413688048697,NA
"ENSMUSG00000064302",384.246072745618,0.720592588593928,0.256711554943989,2.80701267518384,0.00500032741322509,0.0422779391105207
"ENSMUSG00000064307",52.5042669342747,0.513271201674432,0.57973259718461,0.885358532825412,0.375963289930339,NA
"ENSMUSG00000064308",0.147796497266298,-2.98589104387954,7.271073170543,-0.410653417156653,0.681326688916594,NA
"ENSMUSG00000064310",0.24817405687064,0,7.3561311249555,0,1,NA
"ENSMUSG00000064317",521.845840982184,-0.590247305382633,0.400216040316032,-1.4748217110852,0.140260482595744,0.318363919737986
"ENSMUSG00000064325",0.676418147567893,2.11057028419191,6.75613164960266,0.312393303395152,0.754741639022689,NA
"ENSMUSG00000064326",3117.13047930594,-0.707022847027329,0.218444796905497,-3.23662022187326,0.00120954265614927,0.0215818215812917
"ENSMUSG00000064329",2.22172466898261,0.623163290850644,1.55942236772062,0.39961161501198,0.689442600181744,NA
"ENSMUSG00000064330",177.801591736377,-0.011950903557821,0.323001897201556,-0.0369994840939388,0.970485417093569,0.991456601419365
"ENSMUSG00000064333",0.0812361587509111,0,7.3561311249555,0,1,NA
"ENSMUSG00000064341",38609.2672810555,-0.252193222691812,0.19281801365767,-1.30793393162714,0.190895719346826,0.386206341740355
"ENSMUSG00000064345",12059.7719061093,-0.110725555113943,0.199815017069405,-0.554140308060446,0.579482826146255,0.751758602689657
"ENSMUSG00000064351",68419.3317747984,-0.143115372870123,0.178493923647635,-0.801794088815296,0.42267207857451,0.626219871831265
"ENSMUSG00000064354",55111.5721534005,-0.189560316942677,0.158537690941018,-1.19567981479685,0.231821531318367,0.435739843521973
"ENSMUSG00000064356",4719.41728312955,-0.304448623957399,0.262695155711869,-1.15894266543433,0.246479556258574,0.453124495744095
"ENSMUSG00000064357",62805.7929176487,-0.278958235368448,0.165219499289624,-1.68840988241615,0.0913325747412844,0.243611036513113
"ENSMUSG00000064358",90923.1970898494,-0.15729237363895,0.138214019531045,-1.13803486920239,0.255105922440744,0.464576647628363
"ENSMUSG00000064360",3326.85540003696,-0.410281968424113,0.235666121577605,-1.74094590125042,0.0816930617648988,0.226963438883087
"ENSMUSG00000064363",20298.8305042445,-0.272412847484596,0.14368427096246,-1.89591279309737,0.0579715769991958,0.183082759947939
"ENSMUSG00000064367",7477.5412502129,-0.0787382987365827,0.223531225600155,-0.352247425500307,0.724652712803393,0.850165800850669
"ENSMUSG00000064368",4682.81644750201,-0.0724893234461559,0.191781512844155,-0.377978681944501,0.705446430597014,0.839049207851219
"ENSMUSG00000064370",32066.3224378966,-0.328488349552845,0.204014676369347,-1.61012117068554,0.10737140616077,0.269793174859993
"ENSMUSG00000064373",622.719959950685,-0.0656989502817975,0.273034228435099,-0.240625326203063,0.809845519358818,0.904351893228865
"ENSMUSG00000065947",838.844526295219,-0.15636672957258,0.27155823264255,-0.575812885696617,0.564741662859944,0.741561017185247
"ENSMUSG00000065952",30.6601657464459,-0.505103808815659,0.52715235242204,-0.958174247909399,0.337974900527801,NA
"ENSMUSG00000065954",1248.36695404123,0.350529398001903,0.248436634935565,1.41094085456767,0.158262054418313,0.343921235516923
"ENSMUSG00000065956",0.0400922426516566,0,7.3561311249555,0,1,NA
"ENSMUSG00000065968",3.80530822990911,0.782436605627478,1.70013245239284,0.460220969564015,0.645357620900352,NA
"ENSMUSG00000065979",109.488510643864,0.192741372143739,0.409950601837086,0.470157553812627,0.638242457309276,0.793737644024372
"ENSMUSG00000065987",0.133407970800718,0,7.3561311249555,0,1,NA
"ENSMUSG00000065990",4142.33471562541,-0.533284429184699,0.21022755768376,-2.53670087337887,0.0111902523828693,0.0670549754473605
"ENSMUSG00000065999",67.268347712322,1.43991865746336,0.712690893784947,2.02039715958242,0.0433422078241346,0.154670658607065
"ENSMUSG00000066000",9.51952798573733,0.551466763150419,1.15016836354109,0.479466120466561,0.631607064740964,NA
"ENSMUSG00000066007",9.42474321934349,0.148766931713293,1.45185644383428,0.10246669520604,0.918386247049031,NA
"ENSMUSG00000066009",53.9006972640887,2.67088540306441,1.16980185762648,2.2831947014374,0.0224189020962029,NA
"ENSMUSG00000066026",61.0341254000855,0.372527321784183,0.753361183326066,0.494487013705016,0.620962275473735,NA
"ENSMUSG00000066027",0.237358402348021,2.81410240387993,7.27207773702097,0.386973641598162,0.698775721643781,NA
"ENSMUSG00000066030",0.211139756697872,2.89461101540075,7.25877216150885,0.398774193623273,0.690059593707301,NA
"ENSMUSG00000066031",0.174123151572464,-1.69462883249004,7.22884859760936,-0.234425830007073,0.814654407810135,NA
"ENSMUSG00000066036",838.619365429376,0.32669445892829,0.291466937136395,1.12086284001197,0.262346250567407,0.471850925556553
"ENSMUSG00000066037",1697.93239853603,0.15817582775149,0.164153732270729,0.96358349922023,0.335254782852324,0.544115856615701
"ENSMUSG00000066042",149.777850884802,-0.0270645805715575,0.350883221369683,-0.0771327294189505,0.938517956238658,0.976244343619818
"ENSMUSG00000066043",169.790014457912,0.113147045202099,0.277643775404478,0.407525956730936,0.683621733871848,0.826820119824204
"ENSMUSG00000066058",7.70429273580986,0.384806399878086,0.883462811960887,0.435566041567715,0.663151613461938,NA
"ENSMUSG00000066061",0.0761524196209141,-2.55627499047924,7.29465809108018,-0.350431090609309,0.726015196884991,NA
"ENSMUSG00000066068",9.44761329711114,-0.305795036243326,1.22863033288104,-0.248891003306309,0.803445094683723,NA
"ENSMUSG00000066071",0.154979656193921,0,7.35613112495549,0,1,NA
"ENSMUSG00000066072",0.0830175663224284,1.15495018545829,7.35598557355758,0.157008217853222,0.875238371522184,NA
"ENSMUSG00000066090",1.02200824708205,-2.43135121250989,4.34590765916074,-0.559457633064256,0.575849437784954,NA
"ENSMUSG00000066097",0.116268161318003,-0.231455983503042,7.35001216086027,-0.0314905578980636,0.974878322117909,NA
"ENSMUSG00000066100",0,NA,NA,NA,NA,NA
"ENSMUSG00000066101",0,NA,NA,NA,NA,NA
"ENSMUSG00000066107",0.531912553969651,-2.89861707811169,7.27748221679907,-0.398299438151925,0.69040947457445,NA
"ENSMUSG00000066108",0.988791906079716,-0.12842498791302,3.88510312736353,-0.0330557474802917,0.973630131842429,NA
"ENSMUSG00000066113",2.04197149230609,0.457320585996782,3.77358130001376,0.121190071085818,0.903540488277433,NA
"ENSMUSG00000066116",2.20949416680541,-0.7758645480434,7.09558632441142,-0.109344670414923,0.912929117111269,NA
"ENSMUSG00000066122",83.7440684793841,0.173582263175681,0.707175524918356,0.245458527705298,0.806101416139938,0.903129604277829
"ENSMUSG00000066129",7.29874028067999,0.62782981397247,1.40492568331221,0.44687759746289,0.654963439973618,NA
"ENSMUSG00000066137",0.232824269269802,1.9767742571125,7.3247400255097,0.269876371069558,0.787255366057882,NA
"ENSMUSG00000066141",0.116843485304283,1.15912062938969,7.35578177092696,0.1575795293399,0.874788135236393,NA
"ENSMUSG00000066148",536.848177344491,0.127334060133726,0.167631215458581,0.759608285278995,0.44748876516768,0.648406104321683
"ENSMUSG00000066149",2131.71421397812,-0.875390148307394,0.231671740108561,-3.77857976073036,0.000157725335281222,0.00871013932544623
"ENSMUSG00000066150",416.326981936983,0.0175143120215902,0.266531361853649,0.0657120118990244,0.947607108972488,0.981359885664493
"ENSMUSG00000066151",327.467534956557,0.238428119630321,0.224205701523408,1.06343468524786,0.287584870242906,0.499443979363514
"ENSMUSG00000066152",94.3145887269271,-0.398539755037816,0.410755886545677,-0.970259387855412,0.331917215140064,0.540881514691371
"ENSMUSG00000066153",0,NA,NA,NA,NA,NA
"ENSMUSG00000066154",0.379422659002042,2.34620920529356,7.23082048038463,0.324473441383066,0.745579626223317,NA
"ENSMUSG00000066178",1.63718397728674,1.2973476769019,1.86414600358681,0.695947460341448,0.486461733517296,NA
"ENSMUSG00000066180",5.06174691655078,-0.223316280266089,1.9947751795103,-0.111950601030093,0.910862574919999,NA
"ENSMUSG00000066189",0.587143437888154,0.436793106929732,7.20133701546101,0.0606544459719011,0.951634411690364,NA
"ENSMUSG00000066191",1.56530565878249,-2.15972485193034,3.50750118445249,-0.615744582354993,0.538063108041756,NA
"ENSMUSG00000066196",0.527001361449269,-1.74552312246074,7.30393099675058,-0.238984065325548,0.811117938812455,NA
"ENSMUSG00000066197",0.190359309617539,0.772608679945677,7.2788348821106,0.106144553690116,0.915467662056152,NA
"ENSMUSG00000066224",1.62348959222234,1.77509584802088,2.62550399352803,0.676097180730467,0.498978946518508,NA
"ENSMUSG00000066232",1294.08472776319,0.160069959854751,0.202549389121216,0.790276191645078,0.42936648791649,0.632060719740059
"ENSMUSG00000066233",284.550095577014,-0.431348453931859,0.266965776629783,-1.61574438258442,0.106149590866018,0.267743992271137
"ENSMUSG00000066235",1.86417805623263,0.259280755238163,3.57743219968202,0.0724767768516226,0.942222486244087,NA
"ENSMUSG00000066239",0,NA,NA,NA,NA,NA
"ENSMUSG00000066240",0.113448462772435,2.14833563709226,7.28506250194376,0.294895978794836,0.768073343879822,NA
"ENSMUSG00000066241",0,NA,NA,NA,NA,NA
"ENSMUSG00000066242",0.0400922426516566,0,7.3561311249555,0,1,NA
"ENSMUSG00000066245",1.59363259443523,-0.858747008738467,3.77617932005605,-0.227411607329527,0.820103695375494,NA
"ENSMUSG00000066257",0,NA,NA,NA,NA,NA
"ENSMUSG00000066258",1133.00431729407,0.758912935567673,0.977259014736036,0.776572970035646,0.43741075398134,0.639048965874304
"ENSMUSG00000066262",0.781824181255734,2.24953243051384,5.62969346651949,0.399583466469729,0.689463336053141,NA
"ENSMUSG00000066263",202.059946728306,0.0666602761731288,0.683322814428646,0.0975531253538874,0.922287147438048,0.967608623691902
"ENSMUSG00000066268",3.22418643380625,-0.587796626818752,1.79171560837806,-0.328063574414498,0.74286359459237,NA
"ENSMUSG00000066269",6.82993301722608,-0.357261057208324,1.02229209055202,-0.349470626360232,0.726736019133556,NA
"ENSMUSG00000066270",967.513322308001,-1.13940555557803,0.58800503439661,-1.93774795950046,0.0526539796361899,0.17303344039353
"ENSMUSG00000066272",0.203090396877278,0,7.3561311249555,0,1,NA
"ENSMUSG00000066273",3.03059071587759,1.84383302837684,1.28391803429987,1.43609870655201,0.150974256110127,NA
"ENSMUSG00000066278",546.104731717672,0.265895734021446,0.259036015627536,1.02648171675005,0.304664577308526,0.515945618584709
"ENSMUSG00000066279",0.581880725869529,-2.74217453883437,7.28925910561462,-0.376193862655011,0.706772777769471,NA
"ENSMUSG00000066306",844.571961043644,0.110251257022219,0.171595153199689,0.642507990268917,0.520543402976708,0.707003508989387
"ENSMUSG00000066315",3714.35615070117,-0.284900032532906,0.348848669592753,-0.816686596126335,0.414107553219314,0.618626743777077
"ENSMUSG00000066319",6.65595282739049,0.295103619893878,1.05083293742183,0.280828292856809,0.778842101942638,NA
"ENSMUSG00000066324",740.503282026258,0.206959818079625,0.173284485126854,1.19433553400997,0.232346743022205,0.436337033348811
"ENSMUSG00000066357",170.101631871903,0.140370405165899,0.261841058446749,0.53609012275837,0.591896266159306,0.760485572881618
"ENSMUSG00000066359",0.303894130329173,-2.05661767964479,7.31268617752141,-0.281239701761941,0.778526555394133,NA
"ENSMUSG00000066361",0,NA,NA,NA,NA,NA
"ENSMUSG00000066362",4790.51308263667,-4.85827772168066,1.19251817073941,-4.07396536244672,4.62193586475648e-05,0.00531253907245556
"ENSMUSG00000066363",38.1092134810397,-4.20546918705607,1.59698647844002,-2.63337808042312,0.00845401814215181,NA
"ENSMUSG00000066364",0.287838908010643,2.15609209324737,7.28496140298604,0.295964792945039,0.767256968650198,NA
"ENSMUSG00000066366",0.550398569893483,1.78625593449634,7.23851812819369,0.246770941629469,0.805085500331133,NA
"ENSMUSG00000066368",0.316458110603849,0,7.3561311249555,0,1,NA
"ENSMUSG00000066372",0.114228629431371,-3.13863321915088,7.26774571323647,-0.431857874916372,0.665844712909321,NA
"ENSMUSG00000066378",2.64588415743863,5.45126369075287,2.18988120493353,2.48929653283103,0.0127996158891046,NA
"ENSMUSG00000066382",0.312686893529986,1.13188064335496,7.35561916235847,0.153879723565247,0.877704571920672,NA
"ENSMUSG00000066383",0.0881569315964785,0,7.3561311249555,0,1,NA
"ENSMUSG00000066389",1.52528885400585,0.660563453821909,2.47511788750555,0.266881612854259,0.789560314152927,NA
"ENSMUSG00000066392",1.88060619988275,0.172315605031045,2.40241109126235,0.0717261111796241,0.942819875959723,NA
"ENSMUSG00000066406",3756.40808555139,0.635248637908097,0.289082752857272,2.19746294661079,0.0279873999828199,0.1172352631749
"ENSMUSG00000066407",6.85099197682219,-0.252160609032771,1.13412283472697,-0.222339768948816,0.82404939563376,NA
"ENSMUSG00000066415",342.274264099499,-0.0434821901076779,0.223322399500037,-0.19470590592356,0.84562318814353,0.92595812854165
"ENSMUSG00000066438",1.67401789377282,0.480364494236313,1.92465390595954,0.249584869647942,0.802908400627363,NA
"ENSMUSG00000066440",220.414893019996,0.748755183075082,0.282103539644227,2.65418570791197,0.00795000605682878,0.0543183234484576
"ENSMUSG00000066441",332.264841340574,0.379326655419092,0.284786531709137,1.3319683804658,0.182870579025348,0.37612893750844
"ENSMUSG00000066442",1666.34202663377,-0.8740788878659,0.23800407441351,-3.67253749760296,0.000240153898541036,0.0102787432003085
"ENSMUSG00000066443",3135.84423384806,-0.774078018837183,0.265167842205486,-2.91920020315785,0.0035093076462752,0.0354635291754255
"ENSMUSG00000066456",78.9226757223148,-0.676285575921068,0.740193728069686,-0.913660235523367,0.360895404608944,0.570244736982003
"ENSMUSG00000066457",0.39175387868662,-2.72620480821487,5.83049239792351,-0.467577113930512,0.640087034384807,NA
"ENSMUSG00000066463",0.346376663984905,0.737374763237297,7.34561581741518,0.100382974221046,0.920040286090049,NA
"ENSMUSG00000066475",11.1603971967062,-0.304126153786247,1.19582829798623,-0.2543225932171,0.799246346632586,NA
"ENSMUSG00000066478",4.96439298537274,-1.14047826400378,1.1762610769753,-0.969579191497575,0.332256289166287,NA
"ENSMUSG00000066487",14.142818920998,0.111938386972944,0.919179374119944,0.121780786345557,0.903072630953695,NA
"ENSMUSG00000066489",3.32987431299495,-1.2230099677306,1.32098769898615,-0.925829944267653,0.35453436289243,NA
"ENSMUSG00000066491",4.42280777936648,1.09125520112375,1.39276450106958,0.783517385951265,0.433323348173445,NA
"ENSMUSG00000066500",0,NA,NA,NA,NA,NA
"ENSMUSG00000066510",0.563252308032856,1.09095724665419,6.88988038228309,0.15834197201152,0.874187336411072,NA
"ENSMUSG00000066512",0.0948751955936346,0,7.3561311249555,0,1,NA
"ENSMUSG00000066513",0.081236158750911,0,7.3561311249555,0,1,NA
"ENSMUSG00000066515",0,NA,NA,NA,NA,NA
"ENSMUSG00000066516",0.389099157102991,1.76576689588834,7.24312917412376,0.243785089764322,0.807397268641084,NA
"ENSMUSG00000066537",0,NA,NA,NA,NA,NA
"ENSMUSG00000066538",3.11575391298017,-0.315113386322638,2.15678296973743,-0.146103428459934,0.883839739942533,NA
"ENSMUSG00000066543",8.69844576659957,-0.431646102703208,2.36730715970398,-0.182336331360221,0.855318788254471,NA
"ENSMUSG00000066551",20097.7260546584,-0.583235111717423,0.283418498809652,-2.05785830553401,0.0396037371511059,0.145695177424146
"ENSMUSG00000066553",3.31814927504561,-0.430589929581994,2.12543539374059,-0.202589046390251,0.839456252186496,NA
"ENSMUSG00000066554",0.0406180793754555,0,7.3561311249555,0,1,NA
"ENSMUSG00000066568",1410.74709183214,-0.283769020940843,0.157904349245679,-1.79709439478032,0.0723206354282363,0.210138001530898
"ENSMUSG00000066571",322.726537527881,0.495763114950849,0.382415265326801,1.29639990842726,0.194837743619257,0.3909906237893
"ENSMUSG00000066583",0.151063149694686,1.89902848258492,7.29173538047092,0.260435737653205,0.794527679113503,NA
"ENSMUSG00000066584",0,NA,NA,NA,NA,NA
"ENSMUSG00000066586",0,NA,NA,NA,NA,NA
"ENSMUSG00000066592",9.5815282047107,0.764554205315158,1.29757204557551,0.589219078757249,0.555714320300072,NA
"ENSMUSG00000066595",264.797367058872,0.166325328521744,0.269453131425882,0.617269978053661,0.537056665552709,0.720628662144942
"ENSMUSG00000066607",0.150907382568025,-1.90050037048044,7.35594146954119,-0.258362628135345,0.796127056107967,NA
"ENSMUSG00000066613",837.897638504601,-0.438072511501763,0.25592782861012,-1.71170331058105,0.0869513582197014,0.235741682940688
"ENSMUSG00000066620",1.41597995715914,-0.384172448399436,3.01756561453401,-0.127312044698906,0.898693427589527,NA
"ENSMUSG00000066621",1123.70399102386,0.130238764211446,0.242332950088645,0.537437290982531,0.590965590338153,0.760121223639695
"ENSMUSG00000066626",6.80472108070461,-1.58182347751644,1.03964540280332,-1.52150288285908,0.128133688420857,NA
"ENSMUSG00000066629",8.40196714969185,-0.201986078678766,0.868627545004609,-0.232534738093867,0.816122709440045,NA
"ENSMUSG00000066632",0,NA,NA,NA,NA,NA
"ENSMUSG00000066637",387.221160661523,-0.779839338264498,0.237405087697132,-3.28484678162994,0.00102037843864507,0.0197956684368954
"ENSMUSG00000066640",210.834741091104,0.36286136893344,0.40823866802888,0.888846151408102,0.374085768712962,0.583347187841556
"ENSMUSG00000066643",25.7733038525106,1.07353416012998,1.15126686555281,0.932480723845454,0.35108814400418,NA
"ENSMUSG00000066647",45.5093906757083,0.411441884318629,0.618671383321997,0.66504107901252,0.506024219075651,NA
"ENSMUSG00000066652",1.92662226440298,0.580726177016058,1.65786028429341,0.350286560645589,0.726123650203982,NA
"ENSMUSG00000066671",0.414779433754399,0.108959457487211,7.22542882634361,0.0150799987247746,0.987968357854298,NA
"ENSMUSG00000066672",4.04185646469042,-1.49872704136154,1.27431215771277,-1.17610668021214,0.239552248812722,NA
"ENSMUSG00000066677",1287.90634697137,-0.0206695636393718,0.202581858482069,-0.102030674386381,0.918732327490028,0.965480533196019
"ENSMUSG00000066680",0,NA,NA,NA,NA,NA
"ENSMUSG00000066682",19.0415925238124,0,2.16523502777141,0,1,NA
"ENSMUSG00000066684",29.8559628901329,-2.27458600334275,2.05409303076428,-1.10734322607405,0.268145562137162,NA
"ENSMUSG00000066687",3.05980727297346,-1.20967820732488,2.13211656087773,-0.567360260466665,0.570469443363207,NA
"ENSMUSG00000066688",1.15015343274989,-0.118514471969835,3.09402596818708,-0.0383042912982652,0.969445069337697,NA
"ENSMUSG00000066693",0.445219829426209,-3.11966449118996,7.26814079150375,-0.429224554212923,0.667759815547001,NA
"ENSMUSG00000066697",1.83878411980999,1.45634015948054,2.44913056310199,0.594635574526493,0.552087095120805,NA
"ENSMUSG00000066704",1.06392632071336,-4.13645456562213,4.60298067628362,-0.898646954338693,0.368840740055294,NA
"ENSMUSG00000066705",0.535708700390661,2.25685312437135,5.40553774481206,0.417507606257556,0.676307161930723,NA
"ENSMUSG00000066714",6.19282861555084,0.163349609772766,1.12844048046319,0.144756956703392,0.884902767752235,NA
"ENSMUSG00000066720",0.0406180793754555,0,7.3561311249555,0,1,NA
"ENSMUSG00000066721",7.68366563825728,1.10170042306136,0.93508207862932,1.17818579592101,0.238722543970094,NA
"ENSMUSG00000066724",2509.94455870196,-0.519590219437368,0.256156504291053,-2.02840923706155,0.0425184981368276,0.152779118168862
"ENSMUSG00000066735",215.383843878385,0.134600661952561,0.347448392210782,0.387397567437596,0.698461904388243,0.835836698336929
"ENSMUSG00000066747",0.243280402520742,-2.4573595517266,7.24700603788175,-0.339086174191304,0.734544813504883,NA
"ENSMUSG00000066748",1.22366466781365,-0.14190409715022,2.59183325225089,-0.0547504732516964,0.956337257795022,NA
"ENSMUSG00000066749",3.60900061441011,0.025359218556139,1.26874049633559,0.019987711142966,0.984053175695876,NA
"ENSMUSG00000066750",0.580280160280628,1.32263481294777,6.1945906620835,0.213514481439991,0.830925694979848,NA
"ENSMUSG00000066755",0.918907173222023,-1.2922603901149,3.36965534758254,-0.383499277171474,0.701349606095737,NA
"ENSMUSG00000066756",0,NA,NA,NA,NA,NA
"ENSMUSG00000066760",207.475491682817,0.486569426458692,0.297426392701858,1.63593224541587,0.101853768469125,0.260700285167609
"ENSMUSG00000066767",1.10767648203106,-2.37924146405683,2.50357091572826,-0.950339153210978,0.341939950489688,NA
"ENSMUSG00000066771",3.87010955343886,0.316092907751387,1.31241402438995,0.240848468453633,0.809672562709425,NA
"ENSMUSG00000066772",4.39043408268242,-0.773152328378153,1.22924202324139,-0.628966724013737,0.529370841495614,NA
"ENSMUSG00000066797",0.0406180793754555,0,7.3561311249555,0,1,NA
"ENSMUSG00000066798",130.398415003088,-0.0672652971793454,0.290839779060309,-0.231279563602602,0.817097622210407,0.908652266346031
"ENSMUSG00000066800",507.12703905494,-0.322104795117566,0.317504120335224,-1.01449012623044,0.310348938488215,0.521645852228533
"ENSMUSG00000066803",0.0380762098104571,-1.67431590235222,7.3501929692546,-0.227792101425878,0.819807867435575,NA
"ENSMUSG00000066804",0.0761524196209141,-2.55627499047924,7.29465809108018,-0.350431090609309,0.726015196884991,NA
"ENSMUSG00000066807",6.01035081835135,-0.478516999482229,2.46465942102193,-0.194151368501787,0.846057360538853,NA
"ENSMUSG00000066809",0,NA,NA,NA,NA,NA
"ENSMUSG00000066810",1.15864038964724,-1.32073219518423,4.35442481975601,-0.303308071640614,0.761655095470742,NA
"ENSMUSG00000066820",0.328167431526089,0,7.3561311249555,0,1,NA
"ENSMUSG00000066828",0.132649602015484,0,7.3561311249555,0,1,NA
"ENSMUSG00000066829",142.878611781559,1.11584993853527,0.384537598734561,2.90179670910547,0.00371029230284445,0.036530118937866
"ENSMUSG00000066838",69.9413374130111,-0.442609528820227,0.442762451938699,-0.99965461588307,0.317477682417669,0.528861963380292
"ENSMUSG00000066839",380.606913629483,0.207915710985807,0.217032523649623,0.957993334314561,0.338066119774442,0.546610622189239
"ENSMUSG00000066842",24.6934641818423,1.01882965390111,0.764977887317581,1.33184196666608,0.18291212429231,NA
"ENSMUSG00000066850",11.2636598160933,0.708829191490476,0.775584119210848,0.913929480933294,0.360753901541675,NA
"ENSMUSG00000066861",28.5358349794529,0.37589113368761,1.23223245398661,0.305048883002148,0.760328922188019,NA
"ENSMUSG00000066867",0.404481455002063,3.34604238817445,6.59940680526609,0.507021689510703,0.612139600136998,NA
"ENSMUSG00000066877",324.750457000566,0.080436200659484,0.217546367139763,0.369742789627039,0.711574146100709,0.841779611561215
"ENSMUSG00000066878",1175.64615449206,-8.91838426890948,2.2753653993214,-3.91953937225612,8.87183676576753e-05,0.00724777739087703
"ENSMUSG00000066880",345.989550299074,-0.28837395867707,0.213066127924852,-1.35344815943142,0.175912500853847,0.366778120847982
"ENSMUSG00000066892",180.794501056731,-0.00160059244226517,0.337996616199893,-0.00473552800693889,0.996221609437896,1
"ENSMUSG00000066894",123.216806566859,1.0332124784967,0.364924202279322,2.83130708252081,0.00463581896205912,0.0406250624467681
"ENSMUSG00000066896",3.89927423358132,0.0890916578142669,1.32854242409062,0.0670597010669415,0.946534175533234,NA
"ENSMUSG00000066897",0.0380762098104571,-1.67431590235222,7.3501929692546,-0.227792101425878,0.819807867435575,NA
"ENSMUSG00000066899",4.13255789606548,0.0654619230153971,1.28538542993719,0.0509278551714997,0.95938300908791,NA
"ENSMUSG00000066900",734.57686642893,-0.124052490204915,0.172982559229481,-0.717138714778438,0.473288509583753,0.669020008184671
"ENSMUSG00000066902",3.57571994276513,0.968190280434948,2.67590523429255,0.361817850657524,0.717488151758128,NA
"ENSMUSG00000066905",0.160325335567712,-1.66583973399915,7.34997714940695,-0.226645566392484,0.820699357288149,NA
"ENSMUSG00000066912",0.155123049607306,-1.67461642045387,7.35019961252232,-0.227832781248672,0.819776241054762,NA
"ENSMUSG00000066914",0,NA,NA,NA,NA,NA
"ENSMUSG00000066936",0.0380762098104571,-1.67431590235222,7.3501929692546,-0.227792101425878,0.819807867435575,NA
"ENSMUSG00000066938",0.426880058917682,-2.52150104701053,7.29572711575303,-0.34561339904916,0.729633274864179,NA
"ENSMUSG00000066952",31.5795017354552,-0.694589655246434,1.28386226919191,-0.541015708549191,0.588496755430304,NA
"ENSMUSG00000066958",0.240772941507976,-0.236884971926734,7.34978546995961,-0.0322301886082174,0.974288481651632,NA
"ENSMUSG00000066964",0.359436834091997,-1.11060347745295,7.29491335417509,-0.152243546089183,0.878994849432125,NA
"ENSMUSG00000066975",14.8735508575634,-0.257719268689518,2.09052049745466,-0.123279953008501,0.901885414912581,NA
"ENSMUSG00000066979",5777.08442282537,-0.490893952975841,0.269345237338895,-1.82254551008893,0.0683722549319619,0.203045438759995
"ENSMUSG00000066983",24.4701926347769,-0.388998377655468,0.541007912729825,-0.719025301668242,0.472125330311144,NA
"ENSMUSG00000067001",1.53717545147306,0,5.58054914285197,0,1,NA
"ENSMUSG00000067006",0.299910614093166,-2.07948209631551,7.25195041630068,-0.286747974950481,0.774305300664586,NA
"ENSMUSG00000067010",0.876823929380154,1.83920961447788,5.93263867449602,0.310015444288644,0.756549211732931,NA
"ENSMUSG00000067017",87.1018506137453,-5.59703800984688,1.42296317063393,-3.9333681470852,8.37637956423039e-05,0.00709679350236254
"ENSMUSG00000067028",0.605414608743858,0.471944757034845,6.92840543825914,0.0681173700414143,0.945692203178556,NA
"ENSMUSG00000067038",3510.29672856799,-0.549081019667649,0.297146016403938,-1.84784916961913,0.0646241655604781,0.196900923325491
"ENSMUSG00000067047",0,NA,NA,NA,NA,NA
"ENSMUSG00000067049",1.56614640665389,-2.71191477811405,2.71719167039617,-0.998057960967714,0.318251253642077,NA
"ENSMUSG00000067058",15.6751190046985,-0.550078310028799,0.807287371668422,-0.68139095114538,0.495624147042519,NA
"ENSMUSG00000067063",11.7156718834247,0,2.20162131110481,0,1,NA
"ENSMUSG00000067064",10.0195319430055,0.622804602216027,1.24891116399217,0.498678064679333,0.618006200049154,NA
"ENSMUSG00000067071",746.017279212711,-0.564138332162255,0.281884622912556,-2.00130935250504,0.045359062485337,0.158548208156845
"ENSMUSG00000067081",27.6482523225106,-0.0568146672860499,0.70471844958529,-0.0806203772861119,0.935743860223597,NA
"ENSMUSG00000067085",0.774327755434495,-3.08620729502932,6.5779723287793,-0.469173043116471,0.638945952212866,NA
"ENSMUSG00000067106",5.07317228291861,-0.532670241556593,1.27009299786287,-0.419394676179535,0.674927714279321,NA
"ENSMUSG00000067121",15.2546219020941,1.61336745523815,0.742495602524298,2.17289833064749,0.0297879701530002,NA
"ENSMUSG00000067122",0,NA,NA,NA,NA,NA
"ENSMUSG00000067144",0.121854238126367,0,7.3561311249555,0,1,NA
"ENSMUSG00000067147",0,NA,NA,NA,NA,NA
"ENSMUSG00000067148",680.793819534528,-0.219574545740187,0.181294478066128,-1.21114855831459,0.225838473941177,0.428075419924935
"ENSMUSG00000067149",4414.47099692065,0.547023297366418,0.854111309406135,0.640459026056878,0.521874219128283,0.708152845410484
"ENSMUSG00000067150",124.663834066428,0.121344218270646,0.318310011299141,0.38121395483414,0.703044495095327,0.838117261437657
"ENSMUSG00000067156",2.11806745358618,0.380620946976323,1.47349288619039,0.25831203566947,0.796166098273445,NA
"ENSMUSG00000067158",5.37340656087943,-0.847550181499918,1.41746398202958,-0.597934192505098,0.54988384387063,NA
"ENSMUSG00000067161",4.78993754790098,-1.80124825493754,1.55752807234217,-1.1564788377964,0.247485350714172,NA
"ENSMUSG00000067173",0.0762203831979631,0,7.3561311249555,0,1,NA
"ENSMUSG00000067186",0.123203211120881,0,7.3561311249555,0,1,NA
"ENSMUSG00000067189",0.218651991844904,3.16625707641201,7.24908676220425,0.436780132487921,0.662270808711602,NA
"ENSMUSG00000067194",3645.21783226049,-0.865789105948956,0.269477479061116,-3.21284401563145,0.00131427646948938,0.0224380360982772
"ENSMUSG00000067199",51.132928554297,-0.189310903872156,0.434124484324478,-0.436075159793703,0.662782199042671,NA
"ENSMUSG00000067201",0.130044131818678,0,7.3561311249555,0,1,NA
"ENSMUSG00000067203",155.922285467085,-0.0952519649190011,0.40247120564351,-0.236667775441731,0.812914536261349,0.90613568242155
"ENSMUSG00000067206",0.402275338291383,2.99011428627665,7.27607348353402,0.410951633878269,0.681108000106085,NA
"ENSMUSG00000067212",14327.1412994079,0.138686720464049,0.161216515178149,0.860251322954075,0.38965051909154,0.597983081810305
"ENSMUSG00000067215",1.71796997431835,0.757423096761472,3.17913809717643,0.238247938154742,0.811688798083147,NA
"ENSMUSG00000067219",189.271367032521,-0.282578608653738,0.422078308975712,-0.669493320657704,0.503180840054775,0.693425708063773
"ENSMUSG00000067220",166.708451598581,-0.121031634670232,0.531377691580238,-0.227769506676696,0.819825433768045,0.910047660055825
"ENSMUSG00000067224",8.66369172296579,0.410395121467483,0.972509586547056,0.421995965021395,0.673027962624702,NA
"ENSMUSG00000067225",0.210793316413632,0,7.3561311249555,0,1,NA
"ENSMUSG00000067229",0.191731290497693,-0.315537456209485,7.34926132488117,-0.0429345810770427,0.965753682443351,NA
"ENSMUSG00000067231",0.0710374986746129,2.16226366003378,7.28481246100722,0.296818026765623,0.766605441993722,NA
"ENSMUSG00000067235",1137.3181383651,-0.0108151349391307,0.254726889800547,-0.0424577670131295,0.966133778411289,0.989845064378706
"ENSMUSG00000067242",35.8819242254006,-0.145811146202474,0.823129684005895,-0.177142373839393,0.859396558688821,NA
"ENSMUSG00000067261",0.0355187493373064,1.16171280725677,7.35565536667627,0.157934643392857,0.874508299155349,NA
"ENSMUSG00000067262",0.081236158750911,0,7.3561311249555,0,1,NA
"ENSMUSG00000067274",34373.4271718834,-0.489105352288317,0.205783288282395,-2.37679821510637,0.0174636385576072,0.0880136760154259
"ENSMUSG00000067276",3.31862458629045,0.417269761627742,1.35202539676465,0.308625683087206,0.757606281705463,NA
"ENSMUSG00000067279",0.156207248246483,0,7.3561311249555,0,1,NA
"ENSMUSG00000067285",6.60560116023152,-0.0747886151248207,1.22389759354051,-0.0611069222780897,0.951274056274843,NA
"ENSMUSG00000067288",13737.6724986891,-0.557158818115077,0.227483702251019,-2.44922520867133,0.0143163902818349,0.0779696891929605
"ENSMUSG00000067292",2.91806558992184,0.620630559166994,1.41986705226854,0.437104698059867,0.662035420316939,NA
"ENSMUSG00000067297",30.0301163933742,-0.180435860056843,0.580390216297383,-0.310887149697215,0.755886413812852,NA
"ENSMUSG00000067299",0,NA,NA,NA,NA,NA
"ENSMUSG00000067321",0.722615751280254,-1.6427766168634,5.90652649792204,-0.278129052234226,0.780913294768813,NA
"ENSMUSG00000067331",0.213725818863909,1.12860068610146,7.35553726114051,0.153435520211948,0.878054835434361,NA
"ENSMUSG00000067336",114.923344828076,0.267090660481902,0.412554492185672,0.647406986327753,0.517368575538686,0.70443365966941
"ENSMUSG00000067338",0.494861047171604,0,7.3561311249555,0,1,NA
"ENSMUSG00000067341",5.62772859571913,3.15153793489695,1.96333660164349,1.60519491780412,0.108450915573469,NA
"ENSMUSG00000067344",7.97517296460869,-0.496316430733872,1.45440877671946,-0.341249611992409,0.732915677349643,NA
"ENSMUSG00000067351",12.8431644345289,-3.80401175355188,1.13877651776892,-3.34043747319682,0.000836465136708241,NA
"ENSMUSG00000067360",0.460033592685341,4.15798366506159,7.23126062471155,0.575001217747902,0.565290473419708,NA
"ENSMUSG00000067365",1820.0175888746,-0.308903360467149,0.18082544514773,-1.70829586629682,0.0875814579408997,0.237059888210787
"ENSMUSG00000067367",1179.26595692642,-0.399310793007745,0.236476922562682,-1.68858249963863,0.0912994667224992,0.243588455749502
"ENSMUSG00000067369",416.148018641857,-0.760299687546456,0.291309024736472,-2.60994209923379,0.00905575486468784,0.059047583665857
"ENSMUSG00000067370",98.2113972467261,-0.0763471471228069,0.442085929179246,-0.172697527977308,0.862889186985564,0.934962141110632
"ENSMUSG00000067377",109.857165434593,-0.218943693018341,0.435432327574262,-0.502819104493341,0.615091460525329,0.778312735188541
"ENSMUSG00000067399",1.14424372909228,-0.768135010520236,2.64598455553074,-0.290302151958768,0.771585092679274,NA
"ENSMUSG00000067424",71.7835418726668,-1.08111846831011,0.474861230441479,-2.27670401162249,0.0228039068090861,0.102836048726193
"ENSMUSG00000067430",101.264440273123,-0.325865961644524,0.423203647084933,-0.769997999518954,0.441301079350584,0.642548412046034
"ENSMUSG00000067438",0.16126379742265,-3.13002644212797,7.26792435231806,-0.430663046338625,0.666713392034458,NA
"ENSMUSG00000067441",0,NA,NA,NA,NA,NA
"ENSMUSG00000067455",12.9294317765058,-0.493577484109548,1.47492248447777,-0.334646389423178,0.737891846810111,NA
"ENSMUSG00000067482",0.233627263558347,-3.49097244637197,7.25519225691288,-0.481168840570105,0.630396504639094,NA
"ENSMUSG00000067513",0.0734400565027589,1.16177884630542,7.35611273060886,0.157933801295791,0.874508962724007,NA
"ENSMUSG00000067519",0.0761524196209141,-2.55627499047924,7.29465809108018,-0.350431090609309,0.726015196884991,NA
"ENSMUSG00000067522",6.66089213369213,0.278064873464493,1.00601823704401,0.276401424174508,0.782239762980675,NA
"ENSMUSG00000067524",0.217113296035106,1.1475886997465,7.35602108444232,0.156006717024452,0.876027726632106,NA
"ENSMUSG00000067525",0.686058242664022,-2.57612862981099,5.79849542809678,-0.444275357591606,0.656843515191725,NA
"ENSMUSG00000067526",0.320959818026657,2.15415305479865,7.28526294668544,0.295686383671124,0.767469596721318,NA
"ENSMUSG00000067528",0.0406180793754555,0,7.3561311249555,0,1,NA
"ENSMUSG00000067529",42.9510168297041,0.476330483252669,0.684588734779794,0.695790712077502,0.486559906677311,NA
"ENSMUSG00000067541",4.73250110374755,1.12907552863233,1.11022143309392,1.01698228387275,0.309161857319463,NA
"ENSMUSG00000067543",0,NA,NA,NA,NA,NA
"ENSMUSG00000067545",15.9540286351482,0.918922540303795,0.876158382286905,1.04880870728563,0.294266169159658,NA
"ENSMUSG00000067547",781.676083656207,-0.557448097289366,0.315930475819735,-1.76446446276819,0.0776538133800759,0.220134197092644
"ENSMUSG00000067555",1.29097614192179,0,2.94591452412228,0,1,NA
"ENSMUSG00000067561",0.196194532513267,-2.31275657859891,7.33864167473038,-0.315147772722379,0.752649457757209,NA
"ENSMUSG00000067562",0.113104240088756,2.16759617575148,7.31958687081278,0.296136409610066,0.767125909471778,NA
"ENSMUSG00000067567",145.844120850837,0.113917847585049,0.352615769310835,0.323065096628249,0.746645942936201,0.864238307485287
"ENSMUSG00000067571",1.29045844945519,1.74913938643147,2.51581056152462,0.695258781874047,0.486893140225033,NA
"ENSMUSG00000067575",0.540876838637676,-2.92503602986493,7.27697532802151,-0.401957667576729,0.687715181078763,NA
"ENSMUSG00000067578",0.569517650367784,-1.84216614265212,7.13309840523615,-0.258256095457741,0.796209267884101,NA
"ENSMUSG00000067586",1.13981398692151,0,4.20322840735557,0,1,NA
"ENSMUSG00000067591",78.3800640863735,-1.30902777206744,0.907273575145111,-1.44281483328562,0.149072639493288,0.331693068882546
"ENSMUSG00000067594",0.210294022807889,0,7.3561311249555,0,1,NA
"ENSMUSG00000067596",0.244923756411906,0.769645801922241,7.27890261887141,0.105736515821333,0.915791407301844,NA
"ENSMUSG00000067597",1.23280480759547,-4.32485066277346,3.11860256335609,-1.38679122296342,0.165505434253799,NA
"ENSMUSG00000067599",23.8222450707116,-4.49831325818656,1.68777351068638,-2.66523513356789,0.0076934509420868,NA
"ENSMUSG00000067604",0.155225442641812,-3.10656406657431,7.26841657783542,-0.427405891407983,0.669083717072537,NA
"ENSMUSG00000067608",578.569896564734,-7.59844262239548,2.51842688702974,-3.01713846112768,0.00255173227524162,0.0303321023526459
"ENSMUSG00000067610",1.08722033750856,2.14475328602519,3.38044609343593,0.634458656267236,0.525781540111487,NA
"ENSMUSG00000067613",3.16265710676536,0,3.61408637245141,0,1,NA
"ENSMUSG00000067614",0.613601029127432,-0.693148209111542,6.99431937123203,-0.0991015954979828,0.921057605301686,NA
"ENSMUSG00000067615",0.818975223593259,0,6.49909703565179,0,1,NA
"ENSMUSG00000067616",0.960751254115579,1.15149945333591,3.2616464362439,0.353042390045799,0.724056661391086,NA
"ENSMUSG00000067627",4.30426662225374,-0.475719007097742,1.31720987178794,-0.361156575946409,0.717982401767793,NA
"ENSMUSG00000067629",2.96334179193083,-1.63774128862799,1.5766587887102,-1.0387417368648,0.298924864679255,NA
"ENSMUSG00000067642",1.13209797028073,0.969611138108804,4.66259665870683,0.207955182290575,0.83526396163523,NA
"ENSMUSG00000067649",0.484774158119621,2.67754907381139,6.439127180826,0.415824846849495,0.677538175818023,NA
"ENSMUSG00000067653",67.9194965433852,0.620655273085867,0.451345554131207,1.37512215951825,0.16909357543595,0.35715598144965
"ENSMUSG00000067656",0.0488582735869228,-1.88445199085273,7.34129618423011,-0.256691998737325,0.797416548724726,NA
"ENSMUSG00000067679",0,NA,NA,NA,NA,NA
"ENSMUSG00000067684",0,NA,NA,NA,NA,NA
"ENSMUSG00000067698",0.557730950325299,3.47705459817514,7.24205139409429,0.480120121905043,0.631141981005782,NA
"ENSMUSG00000067700",0.230855399954298,-3.87207061945994,7.24608360451966,-0.53436736736584,0.593087391632301,NA
"ENSMUSG00000067702",1.92289173535763,-1.06781646109387,2.11262260562348,-0.505445912701825,0.613245678333178,NA
"ENSMUSG00000067704",0.631282476936546,-2.65993023530873,5.13831573062274,-0.517665782866628,0.604691475771646,NA
"ENSMUSG00000067713",1610.82277290788,-0.483680429508317,0.267411961503411,-1.80874642551151,0.0704904068733374,0.20670355145148
"ENSMUSG00000067714",17.9429249463667,-0.662922756759875,0.818209141050018,-0.81021186821396,0.417818417522168,NA
"ENSMUSG00000067716",0.0812361587509111,0,7.3561311249555,0,1,NA
"ENSMUSG00000067719",8.8636292239853,0.190801011502466,7.07035231175374,0.0269860684573353,0.978470845746362,NA
"ENSMUSG00000067722",922.287933780147,-0.330595961946046,0.153609548017239,-2.1521836774687,0.0313828906891746,0.126413966773631
"ENSMUSG00000067724",0.686204851507186,3.15255150495336,7.2493845771697,0.43487160480927,0.663655626439329,NA
"ENSMUSG00000067736",5.91263565812587,2.74410083903431,7.26057703663856,0.377945282473685,0.705471242439861,NA
"ENSMUSG00000067750",0.839751696319282,-2.11000842758452,5.60989447311173,-0.376122659293826,0.706825709403319,NA
"ENSMUSG00000067764",0.299712015872023,0,7.3561311249555,0,1,NA
"ENSMUSG00000067767",0.196328960742995,-1.66965379642847,7.35007276940015,-0.227161532791835,0.82029813818409,NA
"ENSMUSG00000067768",2016.60907753682,-0.391724919277184,0.313873333966687,-1.24803504116332,0.212018224986403,0.411506018847555
"ENSMUSG00000067771",0.552194986070901,1.38932414076837,7.25425436775636,0.191518531104124,0.848119363524237,NA
"ENSMUSG00000067773",0.133729404978276,1.67687151167241,7.33427123820012,0.228635055510154,0.819152575794519,NA
"ENSMUSG00000067780",32.3363855999623,0.546066509566988,0.684744159997534,0.797475234500655,0.425175080378523,NA
"ENSMUSG00000067786",0.652571044454764,1.66329681895273,5.95550787916853,0.279287149425272,0.780024467358281,NA
"ENSMUSG00000067787",70.0534589478918,-0.41204382120459,0.354523800138106,-1.16224586626928,0.245135608691831,0.451493477160192
"ENSMUSG00000067795",11.0485309631293,0.434404544914413,0.791550891191823,0.548801788676327,0.583141482662804,NA
"ENSMUSG00000067813",0.407372787357445,1.35493391159221,7.25505861011139,0.18675712828892,0.851851062095791,NA
"ENSMUSG00000067818",3.72451500689157,-1.45581506035858,1.74703244596604,-0.833307397192371,0.404671385497596,NA
"ENSMUSG00000067825",36.0585663892543,0.0700888031096386,0.574274769499592,0.122047505535916,0.902861395480402,NA
"ENSMUSG00000067847",4317.62897589284,-0.525815803285156,0.235955689042839,-2.22845147501271,0.025850423772175,0.11129418074388
"ENSMUSG00000067848",1.21659314679105,0,6.83142418646837,0,1,NA
"ENSMUSG00000067851",1795.31900671899,0.370057331976676,0.311073376099217,1.18961428527604,0.234198028540352,0.438627832802138
"ENSMUSG00000067855",0.0406180793754555,0,7.3561311249555,0,1,NA
"ENSMUSG00000067860",0.154963502884099,-1.73280896213348,7.35167683581453,-0.235702547980877,0.813663492593054,NA
"ENSMUSG00000067869",3.35798352001785,4.15605979151481,7.23133654206633,0.574729134419076,0.565474500336774,NA
"ENSMUSG00000067870",6061.43811300547,-0.411718898425696,0.241976501274637,-1.70148297978078,0.0888523311838201,0.239124773686921
"ENSMUSG00000067872",0.620476383904,0.889622613449581,6.89612722441767,0.12900321941562,0.897355101391903,NA
"ENSMUSG00000067873",827.824939303765,-0.0457436923565928,0.145885207504901,-0.313559497490903,0.753855625424272,0.869326044950878
"ENSMUSG00000067878",18.1025641830305,0.163873676087528,0.931948577127366,0.175839826476962,0.860419780084217,NA
"ENSMUSG00000067879",0.081236158750911,0,7.3561311249555,0,1,NA
"ENSMUSG00000067882",0.608590922111563,-0.300587335029316,3.64333066365141,-0.0825034460989775,0.934246378088451,NA
"ENSMUSG00000067889",1.62047637399645,1.19841208191368,2.46460086555328,0.486249963904256,0.62678995045695,NA
"ENSMUSG00000067909",0.106556248011919,2.74727956207311,7.26104728326191,0.378358583121489,0.705164231160339,NA
"ENSMUSG00000067916",325.867242629,1.19202968454227,0.474326330079695,2.51310038880193,0.0119675274578298,0.0701654857180593
"ENSMUSG00000067919",12.6154505060615,-0.114581685651411,1.25142456578796,-0.0915610007857441,0.927046838107175,NA
"ENSMUSG00000067924",118.802016918949,-0.8478313272622,0.445461521969293,-1.9032650081967,0.0570059743170961,0.181181591350817
"ENSMUSG00000067925",95.211628753545,-0.348893017878609,0.493086911240056,-0.707569010504018,0.479212943013259,0.673350382613513
"ENSMUSG00000067928",99.5557596340059,0.830601541286889,0.487640097905535,1.70330853605848,0.0885103439932416,0.238752553746415
"ENSMUSG00000067929",17.8799562482561,0.00884382108366598,0.842319748312077,0.0104993633372459,0.991622874006258,NA
"ENSMUSG00000067931",231.182930846589,0.519403241323684,0.334469970780969,1.55291442191628,0.120443580866594,0.289880850519179
"ENSMUSG00000067941",0.0380762098104571,-1.67431590235222,7.3501929692546,-0.227792101425878,0.819807867435575,NA
"ENSMUSG00000067942",245.269463249035,-0.387283703680571,0.27467639583495,-1.40996354092721,0.158550448709432,0.34407709890071
"ENSMUSG00000067949",0.293392364998855,0,7.3561311249555,0,1,NA
"ENSMUSG00000067971",4.61885948512216,1.17974173407996,1.2970718455197,0.909542318843006,0.363063930142642,NA
"ENSMUSG00000067995",719.788382122166,-0.42354733428848,0.244236496179911,-1.73416889331922,0.0828881205219524,0.228681387127154
"ENSMUSG00000067996",0.0856282416619552,-1.67105657552948,7.35011038332457,-0.22735122173412,0.820150646543511,NA
"ENSMUSG00000067998",0.809062306425618,0.695758310801397,5.55045416709965,0.12535160004122,0.900245203368137,NA
"ENSMUSG00000068008",0.160018156207666,-1.67334886771729,7.35016845486311,-0.22766129483878,0.819909564528719,NA
"ENSMUSG00000068009",0.206415179439029,0.461034580068409,7.28272286774625,0.063305248385908,0.949523436540895,NA
"ENSMUSG00000068011",8.57467480081688,-0.288324030287479,0.979190851953746,-0.294451311214965,0.768413063065812,NA
"ENSMUSG00000068014",17.9252710024759,-0.896754312314505,1.37608424210595,-0.651671085879247,0.514613379043337,NA
"ENSMUSG00000068015",276.238830480429,-0.106094702985765,0.215891031372807,-0.491427097786926,0.623124402476041,0.783163982005806
"ENSMUSG00000068036",105.926176799395,0.0896689649520689,0.316581020504329,0.28324175848957,0.776991519760674,0.884959231804846
"ENSMUSG00000068037",1.13429372939809,1.43078986578633,3.94449403408092,0.362730898671447,0.716805915699959,NA
"ENSMUSG00000068039",5583.68509012549,-0.404161416371765,0.229638325481304,-1.75999113181423,0.0784093102117419,0.221134388428836
"ENSMUSG00000068040",242.420906436592,0.886752290721062,0.222529229175288,3.98488007174357,6.75142149828028e-05,0.00654292171671574
"ENSMUSG00000068048",0.197006472211853,2.15532624505401,7.24920456530248,0.297318999020974,0.766222978002533,NA
"ENSMUSG00000068067",0.0381979668618393,0,7.3561311249555,0,1,NA
"ENSMUSG00000068068",0.127998918073248,0,7.3561311249555,0,1,NA
"ENSMUSG00000068071",0.324377152742601,-1.30017572769089,7.34075107010458,-0.177117534060771,0.859416069475622,NA
"ENSMUSG00000068073",0.0406180793754555,0,7.3561311249555,0,1,NA
"ENSMUSG00000068074",0.148060669295471,1.13843485888815,7.35551717151938,0.15477291838787,0.87700034190349,NA
"ENSMUSG00000068075",0,NA,NA,NA,NA,NA
"ENSMUSG00000068078",0.155661942750074,-0.23221756558784,7.35002177974613,-0.0315941329898836,0.974795722251632,NA
"ENSMUSG00000068079",0.0711677912777981,0,7.3561311249555,0,1,NA
"ENSMUSG00000068082",0.0355187493373064,1.16171280725677,7.35565536667627,0.157934643392857,0.874508299155349,NA
"ENSMUSG00000068083",0.118787982215889,-2.5513499042835,7.29480881658525,-0.349748700539324,0.726527301334564,NA
"ENSMUSG00000068085",0.121854238126367,0,7.3561311249555,0,1,NA
"ENSMUSG00000068086",0.275401132142979,2.73935944862157,7.26117605141263,0.377261125363933,0.705979558858339,NA
"ENSMUSG00000068099",0.161487913797347,1.16598690133698,7.35544739845206,0.158520187579937,0.874046914390831,NA
"ENSMUSG00000068101",1043.86242896361,-0.397374598368227,0.417311052194839,-0.95222639390508,0.340982177998475,0.549542111814989
"ENSMUSG00000068105",146.185952598935,0.319693340589744,0.338903589248458,0.943316479175348,0.345519049301357,0.554272463234171
"ENSMUSG00000068113",0.266293270606767,-0.232160347188563,7.35006310827251,-0.0315861705904629,0.974802072158001,NA
"ENSMUSG00000068114",169.157060001124,0.0458220078704672,0.331596109555207,0.138186204693208,0.890093257557323,0.951061263255568
"ENSMUSG00000068115",9.70792001843921,-0.124109501361626,0.861292018686831,-0.144096890101048,0.885423960434013,NA
"ENSMUSG00000068117",0.290729083571064,2.78819146609256,7.26056006773884,0.384018786440657,0.700964523520122,NA
"ENSMUSG00000068120",0,NA,NA,NA,NA,NA
"ENSMUSG00000068122",0.154975501517663,0.772065827080091,7.27884739090465,0.106069791770169,0.915526978581735,NA
"ENSMUSG00000068129",5278.7912128065,-0.835859787383188,0.278900392132221,-2.99698319171572,0.0027266574668208,0.0312317602080228
"ENSMUSG00000068130",38.5219873467843,0.626148708844814,0.531811105579663,1.17738930660789,0.239040156001715,NA
"ENSMUSG00000068134",456.896778562479,-0.108817425117382,0.307080262004397,-0.354361509291093,0.723067976562686,0.849335465636689
"ENSMUSG00000068141",1.13317934988256,-3.12651390897502,7.26799755410423,-0.430175421180416,0.667068039865963,NA
"ENSMUSG00000068149",0.403151325486175,-0.113182986692885,7.22346532279812,-0.0156687935270715,0.987498623098214,NA
"ENSMUSG00000068154",0.534163475558625,1.15766393683579,7.35585289556366,0.157379973916279,0.874945395273108,NA
"ENSMUSG00000068165",20.9921784331168,0,7.3561311249555,0,1,NA
"ENSMUSG00000068167",0.0381979668618393,0,7.3561311249555,0,1,NA
"ENSMUSG00000068173",0.118914343025717,1.15681823461155,7.35589421851753,0.157264120478977,0.875036696064378,NA
"ENSMUSG00000068181",0,NA,NA,NA,NA,NA
"ENSMUSG00000068182",0.0259497990214124,-1.32762850216696,7.34144096278006,-0.18084031580419,0.856492917347629,NA
"ENSMUSG00000068184",676.582578250286,-0.745004811298149,0.285401769004615,-2.61037208667792,0.00904437887830844,0.0590467669439964
"ENSMUSG00000068196",0.76392237871085,3.15724601886251,3.61052781239668,0.874455531964653,0.381870226770815,NA
"ENSMUSG00000068200",0.496623962552215,4.48688313063672,7.22769905394872,0.620789977162289,0.534737818716585,NA
"ENSMUSG00000068205",21.227312208387,-0.446494433862884,0.64628976500673,-0.69085796811007,0.489654802418902,NA
"ENSMUSG00000068206",77.8203548367438,0.30194361299857,0.353899423977262,0.853190461869669,0.393553691894745,0.600536931827655
"ENSMUSG00000068218",0,NA,NA,NA,NA,NA
"ENSMUSG00000068219",0,NA,NA,NA,NA,NA
"ENSMUSG00000068220",73897.3672962299,-0.175166595654234,0.191124864824855,-0.916503437764392,0.359402905192452,0.568704613066655
"ENSMUSG00000068226",0.848347854865216,2.13509881424104,3.4382400106097,0.620985971791546,0.534608853211642,NA
"ENSMUSG00000068227",1085.33308174862,-0.283676791725866,0.202192950901924,-1.40300040362667,0.160616718583841,0.346510561606586
"ENSMUSG00000068231",0.0761524196209141,-2.55627499047924,7.29465809108018,-0.350431090609309,0.726015196884991,NA
"ENSMUSG00000068232",0.182381010297754,3.1579372209078,7.24919008787357,0.435626212394457,0.663107949447983,NA
"ENSMUSG00000068234",0,NA,NA,NA,NA,NA
"ENSMUSG00000068240",12495.4455648634,-0.754578372078896,0.239414469613683,-3.15176594504283,0.00162286301565964,0.0246800013996855
"ENSMUSG00000068243",5.80643047962042,0.432649024072935,1.18122977880268,0.366269994066249,0.714163617514128,NA
"ENSMUSG00000068245",263.611396475386,-0.322820250658047,0.356685643452356,-0.905055352196051,0.365436063744886,0.574663615990805
"ENSMUSG00000068246",2.3228733604135,-0.757758965242717,3.42087615764342,-0.221510200990358,0.824695194629917,NA
"ENSMUSG00000068250",466.134495664819,-0.266424059512406,0.270129385435093,-0.986283143847092,0.323994188984529,0.534582299801714
"ENSMUSG00000068252",4.21737336578905,0.412338513563833,1.49691005788562,0.275459778890295,0.782963022721876,NA
"ENSMUSG00000068259",2.85112251127919,0.800854739900422,1.30928824279524,0.611671833385328,0.540754901079389,NA
"ENSMUSG00000068262",4.76696130962245,-0.424588631060233,1.14597037464151,-0.370505765642552,0.711005681392592,NA
"ENSMUSG00000068263",67.4396658947942,0.457652697767394,0.450977884898727,1.01480075429899,0.310200814121253,0.521645852228533
"ENSMUSG00000068264",160.499141176564,-0.678795753576622,0.432977713440826,-1.56773832117664,0.116942214498816,0.285214357345372
"ENSMUSG00000068267",289.630679448517,-0.0502116923005443,0.278532504427189,-0.180272289597963,0.856938808959827,0.932737539088689
"ENSMUSG00000068270",1.4556086827092,0.220351448291167,3.1081918322242,0.0708937736746723,0.943482298796473,NA
"ENSMUSG00000068284",304.314673939956,0.794941285802474,0.435376886813271,1.82586928677134,0.0678699535143858,0.202198460063202
"ENSMUSG00000068289",0.563329216124793,1.14503504950398,6.25742594132855,0.182988190390133,0.854807284867904,NA
"ENSMUSG00000068290",852.018684754084,-0.158067841629788,0.169953288843503,-0.930066388861354,0.352336711982211,0.561387556083842
"ENSMUSG00000068299",48.4215023354707,0.926812104786793,0.503649351114733,1.84019318745367,0.0657398798084435,NA
"ENSMUSG00000068302",0.72485595759825,-1.1109562618781,6.47422270220119,-0.17159685617555,0.863754479201471,NA
"ENSMUSG00000068303",20.7613575464002,0.17813005045175,0.704706367503545,0.252772017773564,0.800444392219497,NA
"ENSMUSG00000068314",0.826098833529177,-0.83911190596325,4.24754818650768,-0.197552062770868,0.843395543879629,NA
"ENSMUSG00000068323",2.35519665804021,3.76183539973115,3.12602732498467,1.20339172011223,0.228824770476731,NA
"ENSMUSG00000068324",14.3753436002573,-0.867862243874152,0.797573883838081,-1.08812771012239,0.276538732285984,NA
"ENSMUSG00000068327",0.235318090706592,-0.228817829896474,7.35003740754614,-0.03113151909425,0.975164653243441,NA
"ENSMUSG00000068328",1419.45320082034,-0.156387896878151,0.191701133005016,-0.815790154323498,0.414620165344819,0.618926233716058
"ENSMUSG00000068329",311.149835804669,0.0333692032756414,0.253131117044269,0.131825765497671,0.895122106478983,0.953273219407966
"ENSMUSG00000068335",59.3889946996189,0.0413545605169062,0.393122863151243,0.105195002359851,0.916221076260179,NA
"ENSMUSG00000068341",0.0736010879463087,-0.232418317317081,7.34992285356931,-0.0316218716777704,0.974773601033868,NA
"ENSMUSG00000068348",0.293999988428834,-1.64113588626582,7.34935218266721,-0.22330347566365,0.82329932237246,NA
"ENSMUSG00000068349",0.728533915594745,0.503415039040287,5.1150670579581,0.0984180722043647,0.921600324801307,NA
"ENSMUSG00000068373",3.0645662141954,-0.841965664278991,1.77198732381486,-0.475153322466408,0.63467769441238,NA
"ENSMUSG00000068391",2728.3852332979,-0.631914090925016,0.246428616032186,-2.56428860048657,0.0103387538395852,0.0642451615368338
"ENSMUSG00000068392",0,NA,NA,NA,NA,NA
"ENSMUSG00000068394",195.992279836781,0.745544069130993,0.276177362681806,2.69951187125341,0.00694412782840203,0.050400832973951
"ENSMUSG00000068396",1992.3068557671,-14.4927902809709,3.96482463185596,-3.6553420710027,0.000256839281623076,0.0106228297022766
"ENSMUSG00000068397",15.2296250239106,-1.58071209417434,0.99582026715711,-1.58734677964226,0.112434125791636,NA
"ENSMUSG00000068399",1.26754285265276,-1.69221941505827,4.5157205538731,-0.374739622363669,0.7078541216074,NA
"ENSMUSG00000068407",0.460900798496586,0,7.3561311249555,0,1,NA
"ENSMUSG00000068417",27.0783482431425,-0.467546631530313,0.949422823321213,-0.492453541294457,0.622398757286325,NA
"ENSMUSG00000068428",0.398820604919798,-4.38287982992679,7.23634390126082,-0.605676000163997,0.544729923946321,NA
"ENSMUSG00000068431",11.2895628568537,0.498372702201658,1.04805202327625,0.475522866358987,0.634414338864203,NA
"ENSMUSG00000068437",0.142335582555596,0,7.3561311249555,0,1,NA
"ENSMUSG00000068452",0.79940890516027,2.03302563926024,6.58231593186748,0.308861753264925,0.757426691713993,NA
"ENSMUSG00000068457",221.174539307459,1.55451694170777,1.76036593536536,0.883064657454377,0.377201338264993,0.586038696036175
"ENSMUSG00000068466",9.61364602481532,-0.800864981353601,1.26800189707675,-0.631596043507438,0.527650872564355,NA
"ENSMUSG00000068479",821.467158985869,-0.168728864102994,0.15889175328037,-1.06191077019124,0.288276195207142,0.500370533735311
"ENSMUSG00000068480",0.669366386353679,0,6.01616290235283,0,1,NA
"ENSMUSG00000068487",3.1582392208649,-1.30260051081532,1.80425283069708,-0.721961184515396,0.470318342211776,NA
"ENSMUSG00000068506",0.123572707844228,0,7.3561311249555,0,1,NA
"ENSMUSG00000068522",1.01227223176483,-1.29870052154042,5.04538445082294,-0.25740367938237,0.796867162823933,NA
"ENSMUSG00000068523",10294.0828102385,-0.751141785995084,0.196261296836812,-3.82725375864425,0.00012958090853041,0.00826311706375921
"ENSMUSG00000068535",0.143957946958085,-0.12148486021361,7.33252267344778,-0.0165679487979664,0.986781294201718,NA
"ENSMUSG00000068536",0.146014084303997,0.853182379635921,7.34854289099677,0.116102252145962,0.907571503932562,NA
"ENSMUSG00000068537",0,NA,NA,NA,NA,NA
"ENSMUSG00000068547",0.195444492491152,-3.13775926524815,7.26776380656797,-0.431736549062384,0.66593290031542,NA
"ENSMUSG00000068551",37.8510830096256,-0.965674212677363,0.628497543356411,-1.53648048888195,0.12442057947031,NA
"ENSMUSG00000068566",192.348258584487,4.75900361697711,1.55668688973604,3.05713605501236,0.00223462821961356,0.0285023225172646
"ENSMUSG00000068574",0.322758736827899,0,7.3561311249555,0,1,NA
"ENSMUSG00000068579",1.85313950224384,2.00183603929418,2.3524402628259,0.850961476441252,0.394790752862697,NA
"ENSMUSG00000068580",280.822713647521,-0.23073772436889,0.248600201301412,-0.928147777680738,0.353330919047499,0.562462566152768
"ENSMUSG00000068587",3.13998842949996,-0.288968765933226,2.44849328742444,-0.118019014966216,0.906052591411129,NA
"ENSMUSG00000068600",0.561674273726172,-1.64872381706318,6.14421124403597,-0.268337749400064,0.788439351506978,NA
"ENSMUSG00000068604",1.99101656261281,0.13804424822203,2.20130803682816,0.0627101005004899,0.949997354190088,NA
"ENSMUSG00000068606",20.1947091201744,0.0160735488564958,0.548513158945124,0.0293038527779493,0.976622254150882,NA
"ENSMUSG00000068614",0.976844565621419,3.45334397072236,3.8044213156378,0.907718594816939,0.364026917060895,NA
"ENSMUSG00000068615",0.242906916485575,-0.22904601540304,7.34984420695232,-0.0311633837335466,0.97513924126959,NA
"ENSMUSG00000068617",0.427327219584117,2.09133628068181,7.23594742769803,0.289020380755741,0.772565781215356,NA
"ENSMUSG00000068629",4.3973007628848,-0.70622586651306,0.980385195416566,-0.720355498853678,0.471306142032691,NA
"ENSMUSG00000068631",0.792288455770061,0,7.3561311249555,0,1,NA
"ENSMUSG00000068647",5.82309716613395,-0.0604542860832914,1.3986061164632,-0.0432246687410237,0.96552244065089,NA
"ENSMUSG00000068663",164.532096787834,0.450943532891865,0.273536754519221,1.64856651050226,0.0992364743675331,0.256726655096327
"ENSMUSG00000068674",2.89027514038222,0.23004456161406,1.59195319954838,0.144504600813216,0.885102023660048,NA
"ENSMUSG00000068686",63.0037419095611,0.17251785246135,0.478881712013768,0.360251494541078,0.718659069127416,NA
"ENSMUSG00000068689",1.63398525266816,0.505978184072546,1.86250028057941,0.271666098173762,0.785878770938714,NA
"ENSMUSG00000068696",0.0710374986746129,2.16226366003378,7.28481246100722,0.296818026765623,0.766605441993722,NA
"ENSMUSG00000068697",0.284754852115799,0,7.3561311249555,0,1,NA
"ENSMUSG00000068699",1.40262865153003,-0.693647968335443,4.28816675803583,-0.161758627281828,0.87149593452366,NA
"ENSMUSG00000068706",2.84720844098924,1.29067411194996,2.52221606022846,0.5117222637275,0.608845402149837,NA
"ENSMUSG00000068732",218.699257166778,-0.266432123829981,0.221054616172309,-1.20527735834433,0.228096247255784,0.431032575821721
"ENSMUSG00000068735",266.665904674881,-0.192583487040449,0.208097060761985,-0.925450298698456,0.354731725351918,0.563931023657721
"ENSMUSG00000068739",2559.22391273093,-0.19945569182138,0.185949655146658,-1.072632760002,0.283435920105516,0.494749085333397
"ENSMUSG00000068740",24.7739545771309,0.663894339476243,1.07271741203536,0.618890242693625,0.535988666811128,NA
"ENSMUSG00000068742",52.0402621762883,0.378985721335359,0.524661750015295,0.722342959676992,0.470083646767942,NA
"ENSMUSG00000068744",125.911957619831,0.503410037506338,0.546202080148922,0.921655291699152,0.356708407846225,0.566003831074711
"ENSMUSG00000068745",0.709081437366378,-1.66898340120113,5.96260168992305,-0.279908584875248,0.779547640620015,NA
"ENSMUSG00000068747",11.0959119684322,-1.07657642385402,1.37638255201885,-0.782178197678343,0.434109855650162,NA
"ENSMUSG00000068748",2.70010908169141,1.69368235443855,1.92001341184607,0.8821200643646,0.377711882989661,NA
"ENSMUSG00000068749",5465.9785786704,-0.69401290494257,0.268584812291267,-2.5839618369409,0.00976726012326309,0.0619700682403438
"ENSMUSG00000068758",34.7529577071079,-0.596092586682141,0.731986731378926,-0.814348896132603,0.415445105799497,NA
"ENSMUSG00000068762",0.195407623577507,-3.13616342576658,7.26779687229233,-0.43151500803811,0.666093942447847,NA
"ENSMUSG00000068776",0.313797279377722,-1.11734589127987,7.29438746596367,-0.153178851067827,0.878257235239901,NA
"ENSMUSG00000068794",1.02809236338783,-2.5351528928011,6.93366470700914,-0.36562957684388,0.714641501924394,NA
"ENSMUSG00000068798",3944.21264249469,-0.9859487268201,0.259344425702361,-3.80169623522825,0.000143708852131462,0.0083645676264846
"ENSMUSG00000068806",0.918126472644449,-2.85174367598979,4.42271436032871,-0.644794902779532,0.519060105570571,NA
"ENSMUSG00000068808",0.0355187493373064,1.16171280725677,7.35565536667627,0.157934643392857,0.874508299155349,NA
"ENSMUSG00000068809",0.273179623228604,-3.00852579260677,7.27055708471706,-0.413795773494549,0.679023679540889,NA
"ENSMUSG00000068810",0.0355187493373064,1.16171280725677,7.35565536667627,0.157934643392857,0.874508299155349,NA
"ENSMUSG00000068814",0.330927750121955,3.69431989704492,7.23764794529226,0.510431002581149,0.609749541580687,NA
"ENSMUSG00000068815",0.456522887309985,1.85061687011616,7.24017900896767,0.255603745131714,0.798256826253565,NA
"ENSMUSG00000068816",3.60227940185905,1.58435349998643,1.27069721464093,1.246837941983,0.212456925219649,NA
"ENSMUSG00000068817",0.0851549481264175,0,7.3561311249555,0,1,NA
"ENSMUSG00000068818",0.803459173815047,-0.235317913384146,5.58113840984879,-0.0421630671206596,0.966368704531564,NA
"ENSMUSG00000068819",0.122774072410886,-0.236459453872441,7.34167825633842,-0.0322078202852726,0.974306319730221,NA
"ENSMUSG00000068823",4084.56995606442,0.481226170925738,0.157080431740009,3.06356536963329,0.00218716414811054,0.0282685056413293
"ENSMUSG00000068824",0,NA,NA,NA,NA,NA
"ENSMUSG00000068854",71.198024122301,0.16691972805237,0.417669736392098,0.399645254392265,0.689417819742114,0.830821896325134
"ENSMUSG00000068855",237.714864436603,-0.108159740142813,0.30285676660289,-0.357131661134829,0.720993243112758,0.848656609689165
"ENSMUSG00000068856",1392.96908077108,-1.12348687357745,0.408708507916232,-2.74887077664582,0.00598009571300586,0.0466192792768635
"ENSMUSG00000068859",1.43205967247341,1.91125657993338,2.50985252418093,0.761501547011058,0.446357555208805,NA
"ENSMUSG00000068860",8.09566179543632,0.439590160449828,0.912303649227597,0.481846324764795,0.629915118332397,NA
"ENSMUSG00000068874",22.0907903665088,-0.0354531553792249,0.611987723544596,-0.0579311545236273,0.953803467064595,NA
"ENSMUSG00000068876",27.68933829083,0.123570091787174,0.801430091393098,0.154186987878601,0.8774623016706,NA
"ENSMUSG00000068877",0.343498547061722,2.3153036187223,7.28130779149943,0.317979089062173,0.750500798846254,NA
"ENSMUSG00000068879",0,NA,NA,NA,NA,NA
"ENSMUSG00000068882",6457.11504021133,-0.621165724038157,0.278632862365649,-2.2293340375013,0.0257916875322476,0.111252625300406
"ENSMUSG00000068885",0.106751686916697,0,7.3561311249555,0,1,NA
"ENSMUSG00000068887",0.224054790690768,-1.96451471769329,7.27371720374243,-0.270084011058681,0.787095622502191,NA
"ENSMUSG00000068888",0,NA,NA,NA,NA,NA
"ENSMUSG00000068889",0.0380762098104571,-1.67431590235222,7.3501929692546,-0.227792101425878,0.819807867435575,NA
"ENSMUSG00000068890",0.035583895638899,0,7.3561311249555,0,1,NA
"ENSMUSG00000068893",1.74339599551065,-0.213651753142088,1.96970252032523,-0.10846904592822,0.9136236333854,NA
"ENSMUSG00000068917",604.601942113258,0.245311113882924,0.178830588531688,1.3717514206998,0.170140834894958,0.358380652413899
"ENSMUSG00000068921",1233.76908425888,-0.177485727019953,0.138261738241695,-1.28369373390699,0.19924913776836,0.395567787773514
"ENSMUSG00000068922",382.528124785615,0.247243115235619,0.139227751933006,1.7758177647987,0.0757629586722561,0.216221079544749
"ENSMUSG00000068923",485.26610467606,0.318880885516868,0.195718294105703,1.62928502403893,0.103252694981575,0.262581139668863
"ENSMUSG00000068940",0.204753088434097,2.15322276710346,7.28502891393863,0.295568184085536,0.767559873972183,NA
"ENSMUSG00000068947",32.1705701978294,0.838017541729347,0.717114810145332,1.16859606003607,0.24256641640192,NA
"ENSMUSG00000068948",0,NA,NA,NA,NA,NA
"ENSMUSG00000068950",59.1768120133525,0.459461695216796,0.552517828020312,0.831578044934877,0.40564715887768,NA
"ENSMUSG00000068959",92.5324659208475,0.70715699412907,0.372402214142741,1.89890652437963,0.0575767673607803,0.182301840282291
"ENSMUSG00000068962",2.81400756749534,0.024209388196439,1.30170459217819,0.0185982198587227,0.985161622938299,NA
"ENSMUSG00000068964",0,NA,NA,NA,NA,NA
"ENSMUSG00000068966",52.6228192618843,0.516792075243935,0.411409271402997,1.25615077531325,0.209061309838475,NA
"ENSMUSG00000068969",5.76352342189928,-0.274701218599461,1.14152351642995,-0.240644379765889,0.809830750657138,NA
"ENSMUSG00000068999",0.291431673487526,2.35657591518383,7.23117354399104,0.325891212656913,0.744506664368792,NA
"ENSMUSG00000069008",0,NA,NA,NA,NA,NA
"ENSMUSG00000069011",0.27944480943489,0,7.3561311249555,0,1,NA
"ENSMUSG00000069014",2625.63434254837,-0.0734482750243817,0.233709143492834,-0.314272150103677,0.753314348437242,0.869138480864277
"ENSMUSG00000069020",164.094617322947,-0.0763548854040024,0.293267610856789,-0.260359080162073,0.794586804038251,0.895506847328482
"ENSMUSG00000069036",0.163541485457446,1.15529904604485,7.35594851261029,0.157056434539247,0.875200371596054,NA
"ENSMUSG00000069038",0,NA,NA,NA,NA,NA
"ENSMUSG00000069041",7.79870349016704,-2.54627604349858,7.29496459976122,-0.349045702508539,0.727054999000709,NA
"ENSMUSG00000069044",0,NA,NA,NA,NA,NA
"ENSMUSG00000069045",325.500692316355,0.0067461419240268,2.84604229044805,0.00237035898822317,0.998108728930786,1
"ENSMUSG00000069049",998.181660741879,-0.379460179895403,3.67181619038183,-0.103344002047102,0.917689953966562,0.964628370369998
"ENSMUSG00000069053",7.65404624676407,0.658830484981954,1.13700980756774,0.579441338673506,0.562291417609609,NA
"ENSMUSG00000069072",178.145193624605,0.606894895703952,0.347572342673409,1.74609662850594,0.0807941625680787,0.22553843115811
"ENSMUSG00000069080",0.0406180793754555,0,7.3561311249555,0,1,NA
"ENSMUSG00000069083",0.474375977968173,0,7.3561311249555,0,1,NA
"ENSMUSG00000069085",1.35030182961166,0.095340573348395,3.25793431797486,0.0292641177025506,0.976653944563064,NA
"ENSMUSG00000069089",1064.00504651839,-0.445354921526436,0.240377065775566,-1.85273466122701,0.0639203993827459,0.195317820061343
"ENSMUSG00000069094",982.349346917726,0.159006363047726,0.229606276429642,0.692517493512204,0.488612403939387,0.680272339850822
"ENSMUSG00000069114",19.1373078511076,0.253823312261849,0.889291069014331,0.285422086317791,0.775320788536043,NA
"ENSMUSG00000069117",16.62364816231,-0.791911957507809,0.915882372427284,-0.864643737392907,0.387234358779416,NA
"ENSMUSG00000069118",0.0838390446623798,0,7.3561311249555,0,1,NA
"ENSMUSG00000069125",2.88515508017495,1.45331231606401,1.72303199757491,0.843462174880957,0.39897001177929,NA
"ENSMUSG00000069132",0.116449188085305,0,7.3561311249555,0,1,NA
"ENSMUSG00000069135",542.114365180561,0.368954030284583,0.259090630692937,1.42403462949554,0.154436447873089,0.33856826063994
"ENSMUSG00000069136",15.975060239122,-1.17122848636883,0.716842813602603,-1.63387072332167,0.102285998264874,NA
"ENSMUSG00000069170",29.4048023393627,0.36796005037985,0.717338248334039,0.512951945939602,0.607984935380344,NA
"ENSMUSG00000069171",0.696871910186704,2.05417433342199,5.87901031881056,0.349408186416926,0.726782888293352,NA
"ENSMUSG00000069184",27.2887479651456,-0.884467142514757,0.79033055883855,-1.11911039326955,0.26309304644991,NA
"ENSMUSG00000069188",2.22434776632643,1.4542392415028,4.32198736405637,0.336474662928661,0.73651295495602,NA
"ENSMUSG00000069189",0.174852577309998,0,7.35613112495549,0,1,NA
"ENSMUSG00000069196",1.98201698298455,-1.49451439254323,1.56473496086749,-0.955123027170474,0.339515485288993,NA
"ENSMUSG00000069206",148.078162620259,-0.34213833580233,0.301154596944294,-1.13608870418676,0.255919442021953,0.465714963988771
"ENSMUSG00000069208",793.214239143479,-0.84285058590681,0.396612362079382,-2.12512434430401,0.0335762387338276,0.131614806204181
"ENSMUSG00000069227",0.482662485297156,-2.55449030050188,7.29471044288742,-0.350183920321688,0.726200673441412,NA
"ENSMUSG00000069236",3.97110477993025,-4.5492534418406,1.89247136190947,-2.40386910650552,0.0162225807380767,NA
"ENSMUSG00000069237",191.047757801532,0.31990089335971,0.294228621476965,1.08725280278267,0.276925100790704,0.487429597812698
"ENSMUSG00000069248",0.129487397695832,-3.28085205477131,7.28506365713877,-0.450353244553511,0.652455752452525,NA
"ENSMUSG00000069255",410.582960608274,-0.232357889078933,0.206483405408585,-1.12531023313543,0.260457594901751,0.47005895230182
"ENSMUSG00000069258",0.0710374986746129,2.16226366003378,7.28481246100722,0.296818026765623,0.766605441993722,NA
"ENSMUSG00000069259",0.121386093931716,-1.75476871034477,7.35223454858665,-0.238671481268521,0.811360332377346,NA
"ENSMUSG00000069265",58.6891647286514,-0.00535009863419773,0.545134421908667,-0.0098142740931045,0.992169467931936,NA
"ENSMUSG00000069266",42.5740415144342,0.169924030113884,0.692068383502199,0.245530693446776,0.80604554542925,NA
"ENSMUSG00000069267",93.2078781876515,-2.73045994290598,1.81104032755412,-1.5076748437698,0.131637766981609,0.306390234662869
"ENSMUSG00000069268",18.1217168748993,1.07222734543716,1.18004738277871,0.908630755921293,0.363545066202008,NA
"ENSMUSG00000069270",54.1042865489911,-0.157208563058333,0.729050714404308,-0.215634605319308,0.82927257917796,NA
"ENSMUSG00000069272",2370.08664174627,-0.528047429170741,0.459603671502296,-1.14891908379392,0.250589347706324,0.458887681007227
"ENSMUSG00000069273",55.688826234368,0.46105618458735,0.50407444373952,0.914658916581775,0.360370718475841,NA
"ENSMUSG00000069274",23.4676219067373,1.12738200047641,2.10309625069019,0.536058204709567,0.59191832453844,NA
"ENSMUSG00000069280",0.0414066693320352,0,7.3561311249555,0,1,NA
"ENSMUSG00000069289",0.0761524196209141,-2.55627499047924,7.29465809108018,-0.350431090609309,0.726015196884991,NA
"ENSMUSG00000069292",0.0756190649112389,1.15938153730105,7.35576903871561,0.157615271931307,0.874759968740259,NA
"ENSMUSG00000069294",0,NA,NA,NA,NA,NA
"ENSMUSG00000069295",0,NA,NA,NA,NA,NA
"ENSMUSG00000069296",0.12192034207453,-2.55060609651405,7.29483162165501,-0.349645643491273,0.726604651853845,NA
"ENSMUSG00000069297",0.0761524196209141,-2.55627499047924,7.29465809108018,-0.350431090609309,0.726015196884991,NA
"ENSMUSG00000069299",0,NA,NA,NA,NA,NA
"ENSMUSG00000069300",336.024880508622,-0.0646149411880018,0.458948213261387,-0.140789176906985,0.888036493475136,0.95012888169734
"ENSMUSG00000069301",248.636811231501,1.02703809485483,0.610424605121657,1.68249786499046,0.0924723385767332,0.245484164914085
"ENSMUSG00000069302",4203.6682032857,-6.00688951837299,2.16430935687266,-2.77543018482936,0.0055128734107938,0.0444396948383739
"ENSMUSG00000069303",37.8154519279049,3.02323810660173,1.63107904592994,1.85352029023098,0.0638078206678234,NA
"ENSMUSG00000069305",189.458832121751,0.272038973487051,0.444898687236853,0.611462747118028,0.540893273437689,0.723802627308996
"ENSMUSG00000069306",0,NA,NA,NA,NA,NA
"ENSMUSG00000069307",9.19985305682366,3.62119616360664,1.46787647400054,2.46696246431245,0.0136264640833629,NA
"ENSMUSG00000069308",90.1528103854092,-0.938388358934688,0.834995125167519,-1.12382495496177,0.261087292619355,0.470785824068282
"ENSMUSG00000069309",161.136065738452,-2.92113914481442,1.15174204252678,-2.53627899039425,0.0112037436971036,0.0670549754473605
"ENSMUSG00000069310",82.0116953902728,-1.25313820041351,1.79057405356753,-0.699852763931637,0.484019259267365,0.677120064797326
"ENSMUSG00000069315",0.142074997349226,3.16234199338107,7.24913616833546,0.436237079832259,0.662664727608538,NA
"ENSMUSG00000069324",0.0355187493373064,1.16171280725677,7.35565536667627,0.157934643392857,0.874508299155349,NA
"ENSMUSG00000069355",0.645008381896402,4.43521560420927,7.22723612595635,0.613680738654762,0.539426318879888,NA
"ENSMUSG00000069372",0.149305755156558,0.76993392046804,7.27915192302844,0.105772475778705,0.915762875404549,NA
"ENSMUSG00000069376",7.08806521208167,-0.171721659910188,1.11525124976175,-0.153975761019656,0.877628847550655,NA
"ENSMUSG00000069378",0.232651487924783,-0.643815895362627,7.23047665225167,-0.0890419714116819,0.929048554210333,NA
"ENSMUSG00000069379",2.67768071858905,-0.771927719098215,1.94803133589458,-0.396260421931935,0.691912921280899,NA
"ENSMUSG00000069385",0,NA,NA,NA,NA,NA
"ENSMUSG00000069390",0.278477360072123,2.91572217266337,7.25846505086859,0.4016995538629,0.687905152903047,NA
"ENSMUSG00000069421",0.629042292713735,-0.121365866479596,4.57945729963278,-0.02650223782834,0.978856748698347,NA
"ENSMUSG00000069430",7.14557421494518,0.608536304018799,0.896213927466745,0.679007863377998,0.497132879598486,NA
"ENSMUSG00000069439",2.21234195547301,-0.259721385431556,1.67769859417676,-0.154808132004784,0.876972580090418,NA
"ENSMUSG00000069441",0.334939099094133,-0.105186921466116,7.14570160710028,-0.0147203070110845,0.988255318461269,NA
"ENSMUSG00000069456",21.4977831599181,0.670937303089026,0.699458811130516,0.959223463072269,0.337446182851811,NA
"ENSMUSG00000069475",0.0425774740632087,0,7.3561311249555,0,1,NA
"ENSMUSG00000069476",0.715910275542598,3.35638545598929,7.24087380945409,0.463533206670031,0.642982218417889,NA
"ENSMUSG00000069495",276.924591154306,-0.0805909102658275,0.2569729253027,-0.313616347601195,0.753812441939945,0.869326044950878
"ENSMUSG00000069515",5.5869247037089,2.06316631362438,2.18610708373221,0.943762695330579,0.345290927738411,NA
"ENSMUSG00000069516",3879.069482268,4.4686234897093,1.56069767275019,2.8632217294429,0.00419356987823236,0.0387053578397076
"ENSMUSG00000069518",0.403056064440091,0.742320261645934,7.27955236855865,0.101973339027289,0.918777837120535,NA
"ENSMUSG00000069520",359.398413772251,-0.0772881995257598,0.2708040159443,-0.285402708140254,0.77533563298656,0.884051939973755
"ENSMUSG00000069539",273.770457982353,0.278925206154634,0.259617098279462,1.07437148016495,0.282656219623384,0.493475226241107
"ENSMUSG00000069540",10.2597858861744,0.551564267836359,0.734126049186775,0.751320932484758,0.452459534504385,NA
"ENSMUSG00000069565",608.867691122913,0.0582033489507857,0.240433341145695,0.242076862857038,0.808720605856461,0.90411707632788
"ENSMUSG00000069581",2.77027374105592,-1.36072923523665,1.90620380924619,-0.713842469853608,0.47532459479797,NA
"ENSMUSG00000069582",0.119180149529727,-2.54544391449992,7.29499019915269,-0.348930409090278,0.727141555091944,NA
"ENSMUSG00000069583",0,NA,NA,NA,NA,NA
"ENSMUSG00000069584",0.0761524196209141,-2.55627499047924,7.29465809108018,-0.350431090609309,0.726015196884991,NA
"ENSMUSG00000069588",0.167689958638062,0,7.35613112495549,0,1,NA
"ENSMUSG00000069601",34.0035223665867,0.357091980969095,0.847127415124451,0.421532787858878,0.673366074105759,NA
"ENSMUSG00000069607",0.0474375977968173,0,7.3561311249555,0,1,NA
"ENSMUSG00000069609",0.0355187493373064,1.16171280725677,7.35565536667627,0.157934643392857,0.874508299155349,NA
"ENSMUSG00000069620",0.0406180793754555,0,7.3561311249555,0,1,NA
"ENSMUSG00000069622",1585.43243905521,-1.37922312379601,0.606790619711544,-2.2729802982974,0.0230273672274845,0.103560293468464
"ENSMUSG00000069631",297.063220865422,-0.130098992499252,0.22011994305006,-0.591036826089243,0.554495746617316,0.733465871177863
"ENSMUSG00000069633",186.259735493827,0.76774231379029,0.383598143937295,2.00142343211074,0.0453467775783935,0.158548208156845
"ENSMUSG00000069662",89.1402062747515,0.575822921827282,0.48967752504921,1.17592270907148,0.239625763283485,0.44516081000888
"ENSMUSG00000069668",0.264472047921635,-2.43004640822273,7.24554925423538,-0.33538470624601,0.737334903225602,NA
"ENSMUSG00000069670",1.10565542833878,-2.60384167494292,5.90090598160275,-0.441261339031822,0.659023811297594,NA
"ENSMUSG00000069678",407.940801554884,-0.11824103156319,0.273062095707557,-0.433018838652082,0.665001083861393,0.81305327321829
"ENSMUSG00000069682",13683.8596906748,-0.472769917575164,0.211886975632055,-2.23123632854213,0.0256654787550631,0.110835649383306
"ENSMUSG00000069706",0.0463864331927929,0,7.3561311249555,0,1,NA
"ENSMUSG00000069707",0.0380762098104571,-1.67431590235222,7.3501929692546,-0.227792101425878,0.819807867435575,NA
"ENSMUSG00000069708",0.0400922426516566,0,7.3561311249555,0,1,NA
"ENSMUSG00000069712",0.0355187493373064,1.16171280725677,7.35565536667627,0.157934643392857,0.874508299155349,NA
"ENSMUSG00000069717",0,NA,NA,NA,NA,NA
"ENSMUSG00000069718",0.0425919574685933,0,7.3561311249555,0,1,NA
"ENSMUSG00000069720",0.396734049542101,2.1426292999397,7.2852883887576,0.294103566750512,0.76867876548288,NA
"ENSMUSG00000069721",0.0708430295380607,1.16140693369123,7.35610328573443,0.157883445701956,0.87454864286329,NA
"ENSMUSG00000069722",0.0406180793754555,0,7.3561311249555,0,1,NA
"ENSMUSG00000069727",60.7357797994802,0.143784368179059,0.389249378650164,0.36938881875078,0.711837930959036,NA
"ENSMUSG00000069729",365.813072095197,-0.0311445533575625,0.250866778556333,-0.124147778899983,0.901198268653532,0.955728450342256
"ENSMUSG00000069733",0.28300748055867,-0.228601463464524,7.34992782595186,-0.0311025453416501,0.975187759763928,NA
"ENSMUSG00000069743",14.8696179251334,-0.260141775811851,0.875590631024814,-0.297104339167465,0.766386851693835,NA
"ENSMUSG00000069744",10563.3610132546,-0.679300525354902,0.255731819003322,-2.65630036966998,0.00790032110383699,0.0540837426805834
"ENSMUSG00000069755",189.126969003152,-0.435219418059474,0.308957824570957,-1.40866935046508,0.158932961827017,0.344604590405805
"ENSMUSG00000069763",0.259567128557978,-2.55040848055063,7.29483768228052,-0.349618263165154,0.726625202905737,NA
"ENSMUSG00000069769",474.470650481408,0.616676152644955,0.26798643168975,2.30114692283707,0.0213833278325455,0.0990751303987432
"ENSMUSG00000069785",18.3843214984528,1.44461573530313,0.782422054240209,1.8463382102719,0.064843112931161,NA
"ENSMUSG00000069792",265.975158029436,3.14890773127572,1.67354471777924,1.88157967804665,0.0598931075879719,0.187711593953317
"ENSMUSG00000069793",306.058831940899,0.25837209271599,0.291977824624693,0.884903136216253,0.376208876388292,0.585021339163441
"ENSMUSG00000069804",12.8914227432505,1.4037084210771,0.858309009317471,1.63543479776979,0.101957932688923,NA
"ENSMUSG00000069805",0.795908837149651,-3.05853763207025,5.57027356842418,-0.549082122179415,0.582949093543011,NA
"ENSMUSG00000069806",0.0659740262856575,-2.31345402556686,7.3386166955972,-0.315243883354041,0.752576488779853,NA
"ENSMUSG00000069808",71.4333778195105,-0.151569954725716,0.497785381881052,-0.304488561220815,0.760755706122417,0.874426762211639
"ENSMUSG00000069814",0.569853790975582,2.15754566929526,7.22220709747506,0.298737718286915,0.765140175425313,NA
"ENSMUSG00000069816",0.221520960490118,-0.235924003649296,7.34019574558322,-0.0321413776725582,0.974359305832242,NA
"ENSMUSG00000069818",3.29336128122003,-0.171321051120769,1.37122493317172,-0.124940151667527,0.900570930967961,NA
"ENSMUSG00000069823",0.344741196166954,0.220592390080564,7.18946223270573,0.0306827385610377,0.975522557314206,NA
"ENSMUSG00000069824",0,NA,NA,NA,NA,NA
"ENSMUSG00000069825",0.304609678483656,-4.55026594716457,7.23381148369925,-0.62902744388877,0.529331089459752,NA
"ENSMUSG00000069830",1.03844090904282,2.76364583072039,3.78460092203522,0.730234412465925,0.465246911112336,NA
"ENSMUSG00000069833",6233.06500719652,0.894549016644689,0.318591576043218,2.807823821818,0.00498775054754261,0.0422779391105207
"ENSMUSG00000069835",0.716114661941617,0.373288016287237,5.00744218633289,0.0745466452525551,0.940575426846256,NA
"ENSMUSG00000069844",162.905372930931,0.182595544269937,0.306734052045917,0.595289447167746,0.551650008655979,0.731757962367733
"ENSMUSG00000069855",0.0855732100734287,-1.66861072967439,7.35004838659317,-0.227020373460128,0.820407900005747,NA
"ENSMUSG00000069862",2.81312194844259,5.934871179379,3.65953493049638,1.62175557607644,0.104855693791501,NA
"ENSMUSG00000069867",0.225544453552432,0,7.3561311249555,0,1,NA
"ENSMUSG00000069873",1.02911577783671,0,5.55067418954192,0,1,NA
"ENSMUSG00000069874",370.094047582984,-0.176076291460232,0.245807868091238,-0.716316742940369,0.473795790765629,0.669068937290737
"ENSMUSG00000069890",3.48227155653975,1.03290256093306,1.38055929117098,0.748176892900381,0.454353466740432,NA
"ENSMUSG00000069892",1614.38405950468,0.248859626906571,0.222852122385746,1.11670296985463,0.264121347615189,0.473492840256827
"ENSMUSG00000069893",66.0802186161369,-0.617928586331702,0.58928638035636,-1.04860490065632,0.294359999411276,0.505691448415097
"ENSMUSG00000069895",119.112506843007,0.644768349598054,0.443228227037937,1.45470958360887,0.145749678301085,0.325810848033973
"ENSMUSG00000069899",65.3067542400924,0.166818263430714,0.770719466827567,0.216444855243337,0.828641005385895,NA
"ENSMUSG00000069910",368.498200872909,-0.491487780511502,0.376239418857172,-1.30631655238145,0.191444930451891,0.386921516564493
"ENSMUSG00000069911",29.8029160489337,1.83201726170115,0.693766524808677,2.64068270259418,0.00827391677517584,NA
"ENSMUSG00000069913",1.68285992079051,-0.849194140236729,2.16143617807627,-0.392884207662578,0.69440500609196,NA
"ENSMUSG00000069917",606.396421495937,-1.86602738510011,1.53538478848485,-1.21534836029054,0.224233254520699,0.426810285660188
"ENSMUSG00000069919",247.033579608819,-2.32752126113733,1.4653598825509,-1.58836152733046,0.112204611894011,0.277493767468676
"ENSMUSG00000069920",29.7605939669848,0.278688778976071,0.601994924112122,0.462942074448729,0.643405887971715,NA
"ENSMUSG00000069922",0.415097098012024,-0.535114372871314,7.19273945710316,-0.0743964627194809,0.940694923346191,NA
"ENSMUSG00000069939",2.5127776363534,0,7.3561311249555,0,1,NA
"ENSMUSG00000069962",2.97216889252003,0.676734326616959,1.53817693352046,0.439958701674262,0.659967018721612,NA
"ENSMUSG00000069971",0.147195337491146,-0.111519802214858,7.22272306880515,-0.0154401326414563,0.987681046018953,NA
"ENSMUSG00000069972",1677.31554580153,0.848438826182622,2.4148587330609,0.351340976831056,0.725332556858235,0.850624311845255
"ENSMUSG00000069986",2.00697397350592,-0.137731919349725,2.43402107323297,-0.056586165528462,0.954874855195345,NA
"ENSMUSG00000069996",2.16858702054472,-1.17256890047599,2.61611857696038,-0.448209385768124,0.654002089625938,NA
"ENSMUSG00000069998",1.07320504708022,0.786122345878945,3.17281744577092,0.247767909536295,0.804313985339233,NA
"ENSMUSG00000070000",496.604824643392,-0.0855748676027085,0.211056818040911,-0.405458911003391,0.685140215417573,0.827745175923088
"ENSMUSG00000070002",99.4728054369143,0.480026471658833,0.262990287723786,1.8252631145185,0.0679613335383057,0.202348729525949
"ENSMUSG00000070003",775.579681775021,-0.0201562257016672,0.300314573541212,-0.0671170415208012,0.946488527313957,0.980922530142427
"ENSMUSG00000070023",0,NA,NA,NA,NA,NA
"ENSMUSG00000070025",2.57497027921088,0.584240090299524,2.0517402546978,0.284753437459644,0.775833047435825,NA
"ENSMUSG00000070031",1010.53921167238,0.119999215084216,0.20882433700698,0.574641906226693,0.565533504293766,0.742009382790533
"ENSMUSG00000070034",2404.38483662656,-0.0698042331205029,0.19394685870202,-0.359914223863508,0.718911279768577,0.847457265240564
"ENSMUSG00000070044",0.282013399270789,-0.845988115550817,7.26370506795076,-0.116467850447773,0.907281764291607,NA
"ENSMUSG00000070047",1.70741976429289,2.50230530187016,4.08152575997214,0.613080854814264,0.539822878610501,NA
"ENSMUSG00000070056",288.155509391357,0.103043819155421,0.37017373678423,0.2783660992554,0.780731340331459,0.888089917557819
"ENSMUSG00000070271",2.97697242517266,-0.514371503328372,1.6592931511035,-0.309994350899535,0.756565252233478,NA
"ENSMUSG00000070280",0.49784795267823,-1.74939430965165,7.20764941538347,-0.242713568437149,0.808227295618391,NA
"ENSMUSG00000070282",40.3529273312456,-0.117386618511061,0.62376395397856,-0.188190769540838,0.850727108054792,NA
"ENSMUSG00000070283",1236.76901154027,-0.643673705065414,0.221947946007962,-2.90011111453279,0.00373030398815889,0.0365814036934034
"ENSMUSG00000070284",292.020548640921,0.162666923354336,0.267554277016816,0.60797728658291,0.543202538370909,0.725811988618064
"ENSMUSG00000070287",13.952884258968,0.325169657620163,0.849645944645666,0.382711951571511,0.701933351861383,NA
"ENSMUSG00000070291",66.1773515737873,-0.784940784952393,0.52346769997219,-1.49950185081925,0.133743488922928,0.309343220137999
"ENSMUSG00000070298",0.479946523522244,1.76978889153137,7.24315895840748,0.244339369285427,0.806967995005999,NA
"ENSMUSG00000070304",19.2070164183064,-0.989796206882022,0.594771516395084,-1.66416208509982,0.096080042709638,NA
"ENSMUSG00000070305",133.65032136539,0.648879851876284,0.324046949944013,2.00242542627973,0.0452389961327497,0.158464733087254
"ENSMUSG00000070306",19.1678017760993,0.324519072974551,0.585644616957687,0.554122864921676,0.579494762923004,NA
"ENSMUSG00000070311",0.0380762098104571,-1.67431590235222,7.3501929692546,-0.227792101425878,0.819807867435575,NA
"ENSMUSG00000070313",0.355438646086495,-2.21987095890168,7.34226061977716,-0.302341618454979,0.762391654977327,NA
"ENSMUSG00000070319",4310.18330320816,-0.733086228982139,0.234004937336739,-3.13278103156948,0.00173158570269574,0.0251618675899201
"ENSMUSG00000070323",0.679649745774501,3.57337203956601,5.10860498424115,0.699480983671477,0.484251493098874,NA
"ENSMUSG00000070324",0.156310664683332,1.15990863597999,7.35574004092139,0.157687551426123,0.87470301028541,NA
"ENSMUSG00000070327",1140.59907250346,-0.0730931927430248,0.183572216401557,-0.398171325573236,0.690503901129347,0.831582731805993
"ENSMUSG00000070330",0.121389419015393,0,7.3561311249555,0,1,NA
"ENSMUSG00000070331",2.37399074896337,-0.254413640053197,1.98431637682484,-0.128212236226307,0.897981016882526,NA
"ENSMUSG00000070332",0.829216786700447,1.21349550988214,7.12397266884265,0.170339720025804,0.864742975622138,NA
"ENSMUSG00000070334",0,NA,NA,NA,NA,NA
"ENSMUSG00000070335",0.0474375977968173,0,7.3561311249555,0,1,NA
"ENSMUSG00000070336",14.5561099003037,-0.761985409783502,0.873692250083256,-0.872143949669796,0.383129852506953,NA
"ENSMUSG00000070337",2.99329262667794,0.739737108026105,2.26322104755264,0.326851461913554,0.743780234183387,NA
"ENSMUSG00000070343",6242.20110780138,-0.568180826361369,0.196563056336654,-2.89057789876976,0.00384534216826575,0.0372658895424578
"ENSMUSG00000070345",1.56971342230907,0.873628770261261,1.94091635777971,0.450111498498906,0.652630046162632,NA
"ENSMUSG00000070348",12.7740192231297,1.26829982099744,0.996551228988663,1.2726890340445,0.203128410439082,NA
"ENSMUSG00000070354",188.91158324011,0.268254797754864,0.364840613340488,0.735265724116397,0.462177678572719,0.659729437211744
"ENSMUSG00000070360",0.0859108685528377,0,7.3561311249555,0,1,NA
"ENSMUSG00000070366",0.138788560731237,1.13575519608808,7.2595799041818,0.156449162496832,0.875678988157309,NA
"ENSMUSG00000070368",3.98118449901215,-1.66998746306966,2.37654534351242,-0.702695392548872,0.48224559963072,NA
"ENSMUSG00000070369",49.3899101470234,3.26285786142235,0.801828919376856,4.0692693697779,4.71607971737603e-05,NA
"ENSMUSG00000070371",33.7500488104524,-1.12129348015749,0.727215903684007,-1.54189900753974,0.12309813717671,NA
"ENSMUSG00000070372",9000.88238049963,0.714817217941607,0.324536734132029,2.20257722089113,0.0276245609008717,0.116480716303815
"ENSMUSG00000070374",0.348005256273313,-3.93844885083367,7.24926466123331,-0.543289427946424,0.586930542149033,NA
"ENSMUSG00000070375",0.20449726588772,-1.63625805761761,7.34922843149822,-0.222643515964851,0.823812965546744,NA
"ENSMUSG00000070377",0.343390363267043,-0.284508718054702,7.28517315613173,-0.0390531167835371,0.968848039815937,NA
"ENSMUSG00000070378",5.83919449116271,0.203321434707689,1.09423820759591,0.185810944359541,0.852593021639905,NA
"ENSMUSG00000070379",0.311370033676903,-2.7370932049992,7.28944418670857,-0.375487229875491,0.707298141948115,NA
"ENSMUSG00000070380",0.396164911541813,-2.0445455375921,7.25428211919307,-0.281839815987129,0.778066339217618,NA
"ENSMUSG00000070382",0.152304839241828,-3.55232820134153,7.25421207485117,-0.489691804525086,0.624352002042539,NA
"ENSMUSG00000070383",0.605958377317813,1.92917826513401,7.1651065353259,0.269246277863789,0.787740170080548,NA
"ENSMUSG00000070385",76.3572750885704,-0.560999322584186,0.66172881672404,-0.847778286823706,0.39656145764658,0.603078462897914
"ENSMUSG00000070388",2.32907442812269,1.03036013278437,2.24184948760142,0.459602724662291,0.645801403073623,NA
"ENSMUSG00000070390",2.51228611841017,1.49741318861069,2.54745753715193,0.587806927798611,0.556661893451912,NA
"ENSMUSG00000070394",2585.86436837598,-0.644932627783026,0.256754203276945,-2.51186784695936,0.0120094052060455,0.0702758942551234
"ENSMUSG00000070407",97.8842612308837,0.215290073383041,0.291246540289634,0.739202165865878,0.459784245867554,0.657642493184889
"ENSMUSG00000070417",8.56302475740988,1.13196038660092,0.850342466697519,1.3311817660914,0.183129209605827,NA
"ENSMUSG00000070419",0.147835127685142,-1.77041503446049,7.35263089496163,-0.240786605468481,0.809720511526297,NA
"ENSMUSG00000070420",3.32516641917848,-2.77587871266983,1.72443479507752,-1.60973248776568,0.107456269344359,NA
"ENSMUSG00000070421",2.46827353863333,-0.205576745649219,1.53597555305473,-0.133841157328559,0.893528181124244,NA
"ENSMUSG00000070423",0.142245095808175,1.16225762821041,7.3556249029936,0.158009366102585,0.874449418351401,NA
"ENSMUSG00000070424",0.257746995104177,0.601690280811212,7.2845492892272,0.0825981480695072,0.934171073871289,NA
"ENSMUSG00000070425",19.4647213982254,-0.153319207615573,0.718206381354063,-0.213475139731443,0.83095637783003,NA
"ENSMUSG00000070426",337.951288398054,-0.392948435091927,0.225081994337655,-1.74580128565259,0.0808454875017562,0.22553843115811
"ENSMUSG00000070427",65.1349508567371,-0.212970650989089,0.482347213100604,-0.441529763632468,0.658829519005373,NA
"ENSMUSG00000070436",0.376915074027051,1.66693667530418,7.29465432137983,0.228514827689446,0.819246030215718,NA
"ENSMUSG00000070438",0.548557653248644,0.885784861763729,6.11651133741866,0.14481864136257,0.884854063703731,NA
"ENSMUSG00000070443",5.4217916043865,0.96400244033486,1.58936775774494,0.606532022332342,0.544161524816543,NA
"ENSMUSG00000070448",0.182027026939247,1.91910588936447,7.29116147167936,0.263209901031371,0.792388799876743,NA
"ENSMUSG00000070458",0.144597746595835,1.35720928575779,7.25505506446548,0.187070845596371,0.851605086455014,NA
"ENSMUSG00000070459",0.284168841242587,0,7.3561311249555,0,1,NA
"ENSMUSG00000070460",1.34454572091844,0.853235724246622,2.62548774036909,0.324981797144737,0.745194848377041,NA
"ENSMUSG00000070462",115.128730935726,-0.443628097866253,0.302459657699937,-1.4667347746137,0.142448219156773,0.321273247952588
"ENSMUSG00000070464",0.0406180793754555,0,7.3561311249555,0,1,NA
"ENSMUSG00000070465",0.798416704896159,0,7.3561311249555,0,1,NA
"ENSMUSG00000070469",0.545387453180699,-0.392670864774344,7.17892120512914,-0.0546977538204197,0.956379258877257,NA
"ENSMUSG00000070471",1.10882060249449,0.417080874888626,2.44427690572473,0.170635689398277,0.864510233378049,NA
"ENSMUSG00000070473",0,NA,NA,NA,NA,NA
"ENSMUSG00000070476",2.36035303652656,-2.5440664886364,3.0701475484628,-0.828646326757226,0.40730456545085,NA
"ENSMUSG00000070490",6.55331523911165,-5.37808371664368,1.77797974542264,-3.02482844953066,0.00248774189865386,NA
"ENSMUSG00000070493",16690.3789582072,-0.986053586698641,0.245937366912628,-4.00936872292753,6.08812879473216e-05,0.00620424259133272
"ENSMUSG00000070495",31.4655552053705,0.167262791417306,0.467649354450479,0.357667106402513,0.720592452088895,NA
"ENSMUSG00000070498",1.3187153154841,1.72174761867239,4.50875407638486,0.381867715449429,0.702559488164849,NA
"ENSMUSG00000070501",1619.07968055786,-0.603167133155363,0.252975066419025,-2.38429479115654,0.0171118886555843,0.0867886194768862
"ENSMUSG00000070504",0.818950534534978,2.43550051028725,5.06417940937396,0.480926980149846,0.630568396555004,NA
"ENSMUSG00000070509",0.934382422950684,-3.52361308190534,5.43852504579036,-0.647898658595452,0.517050498401142,NA
"ENSMUSG00000070520",340.441514038291,-0.125753426648906,0.2404762741264,-0.522934859606179,0.601019584922837,0.767878841535769
"ENSMUSG00000070522",23.7226528942778,-0.354015312491375,1.13896898273454,-0.310820854525311,0.755936814792606,NA
"ENSMUSG00000070524",0.422967098383539,0,7.3561311249555,0,1,NA
"ENSMUSG00000070526",18.3122529671292,-0.0277382111110278,0.656195420835616,-0.0422712658916535,0.966282451301089,NA
"ENSMUSG00000070527",0.372341637100719,0.76943876896104,7.27905225894774,0.105705899832662,0.915815699191571,NA
"ENSMUSG00000070529",0,NA,NA,NA,NA,NA
"ENSMUSG00000070530",0.0355187493373065,1.16171280725677,7.35565536667627,0.157934643392857,0.874508299155349,NA
"ENSMUSG00000070531",0.122222255529128,-1.66918190201686,7.35006282880617,-0.227097637244004,0.820347821262871,NA
"ENSMUSG00000070532",0.149251229250468,1.69936933624649,7.29784404799281,0.232859091681178,0.815870825366587,NA
"ENSMUSG00000070533",0.747460726012713,0.659816310364968,5.57034905442061,0.118451519629877,0.90570990630766,NA
"ENSMUSG00000070544",2228.82378442063,0.363123167037054,0.216631322849049,1.67622651360571,0.0936938327140641,0.24724633515003
"ENSMUSG00000070546",0.158004559054555,-1.67212713514713,7.35013647228277,-0.227496066427159,0.820038027595865,NA
"ENSMUSG00000070547",4.49623399151202,0.845790338450414,1.1010175625619,0.768189688529935,0.44237449866644,NA
"ENSMUSG00000070550",0,NA,NA,NA,NA,NA
"ENSMUSG00000070551",0.117069615047638,1.15831718521433,7.35581911360187,0.157469503712027,0.874874840533556,NA
"ENSMUSG00000070552",0.126217372803111,-1.668306170219,7.35004066692092,-0.226979175465962,0.820439935156738,NA
"ENSMUSG00000070563",0.081236158750911,0,7.3561311249555,0,1,NA
"ENSMUSG00000070564",0.0906066527627637,-2.0089460552482,7.33656620922637,-0.273826473851183,0.784217977720738,NA
"ENSMUSG00000070565",12.7547907328197,-0.803556941050926,1.11709464824698,-0.719327536222577,0.471939133419579,NA
"ENSMUSG00000070568",0.475738776309462,-0.483784969737258,6.49362099021419,-0.0745015716910976,0.940611290615767,NA
"ENSMUSG00000070570",1.76605040337202,0.685306947525704,2.53222406455058,0.2706344028238,0.786672233276973,NA
"ENSMUSG00000070572",742.028022717901,-0.866828269508588,0.294460141705873,-2.94378812863045,0.00324221871879159,0.0339893773392927
"ENSMUSG00000070576",3.21453177903483,-1.0493476667931,1.50854662439734,-0.695601746623051,0.486678272052748,NA
"ENSMUSG00000070577",0.481687382432704,4.32542483395903,7.22929842679826,0.598318754960388,0.549627264715925,NA
"ENSMUSG00000070583",20.9198531080598,-0.772406065127704,0.78452302267226,-0.984555000689103,0.324842702541186,NA
"ENSMUSG00000070594",0.3361828524309,0,7.3561311249555,0,1,NA
"ENSMUSG00000070601",6.86679134866652,0.886752149087956,1.05675576055943,0.839126865623638,0.401398121667549,NA
"ENSMUSG00000070604",45.620417831009,1.03165922959018,0.834941260569881,1.23560695621393,0.216604697745887,NA
"ENSMUSG00000070605",182.178614227822,0.640264526935563,0.292352815349094,2.19004057194056,0.0285212945232761,0.118459242169153
"ENSMUSG00000070606",0.128642096047278,0,7.3561311249555,0,1,NA
"ENSMUSG00000070609",0.0474375977968173,0,7.3561311249555,0,1,NA
"ENSMUSG00000070610",0.160046478270453,2.15870696139132,7.28489821404191,0.296326303808931,0.766980899979159,NA
"ENSMUSG00000070616",0.0827094901122271,0,7.35613112495549,0,1,NA
"ENSMUSG00000070617",0.147193704105103,-0.110641514181704,7.22272587109906,-0.0153185260186079,0.987778062591714,NA
"ENSMUSG00000070618",0,NA,NA,NA,NA,NA
"ENSMUSG00000070619",0.114228629431371,-3.13863321915088,7.26774571323647,-0.431857874916372,0.665844712909321,NA
"ENSMUSG00000070621",0.116933653755936,1.15649861088014,7.35590984173457,0.157220335181193,0.875071202442573,NA
"ENSMUSG00000070637",0,NA,NA,NA,NA,NA
"ENSMUSG00000070639",163.067065964156,-0.0213204966538652,0.294225922314521,-0.0724630123890788,0.942233439894779,0.978564567488957
"ENSMUSG00000070641",0.311072966858736,3.15613154598794,7.24920763390434,0.435376072169157,0.663289475591472,NA
"ENSMUSG00000070643",0.441814991349078,0.918427136112168,7.28873978500956,0.126006300568043,0.899726937198841,NA
"ENSMUSG00000070644",0.899568131123209,2.01635461092901,4.49636269343331,0.448441273181494,0.653834760479116,NA
"ENSMUSG00000070645",0.718672669398207,0.441067260063228,3.14517854717947,0.140236000419998,0.888473528716772,NA
"ENSMUSG00000070661",0.327516189166378,0,7.35613112495549,0,1,NA
"ENSMUSG00000070667",7.0389702156134,0.580800557880549,0.910217697268453,0.638089722517504,0.523415276356867,NA
"ENSMUSG00000070677",0.320734998720187,0.474894818582561,7.19898421768135,0.0659669203630391,0.947404161793516,NA
"ENSMUSG00000070683",6.47680487829092,-0.114398125203843,0.978954470240139,-0.116857452191603,0.906973015306226,NA
"ENSMUSG00000070686",1.19031918864398,0.697850429064404,2.76249939857098,0.252615594930228,0.80056527779499,NA
"ENSMUSG00000070687",2.52609569573199,-0.483743216222387,3.16179198751452,-0.152996534285817,0.878401008353892,NA
"ENSMUSG00000070690",7.50625777618069,-0.53265840065075,2.34421994191637,-0.227222024318806,0.820251102624614,NA
"ENSMUSG00000070691",1542.24590289001,0.138215430660268,0.22041395458819,0.627072051397572,0.53061200648087,0.716279146316819
"ENSMUSG00000070692",3.92586465777163,0.668157432085976,1.43515140516148,0.465565813950339,0.641526317739462,NA
"ENSMUSG00000070695",12.8632596218349,0.427164437713127,0.801065561294565,0.533245290214207,0.593863793966578,NA
"ENSMUSG00000070697",1210.95062953057,-0.452174069880251,0.182192463511955,-2.48184837706297,0.0130702877209843,0.0735761925523519
"ENSMUSG00000070699",214.750181813792,-0.223267346379556,0.256226999881758,-0.871365416145012,0.383554662749614,0.592504741565859
"ENSMUSG00000070702",1.67984053293287,1.03600444415458,2.12981046455507,0.486430347392909,0.626662078381971,NA
"ENSMUSG00000070704",0.292370108391467,0.772937847002728,7.28098774898703,0.10615837763362,0.915456694113586,NA
"ENSMUSG00000070705",44.9434895695445,-0.401053155934579,0.403704169724727,-0.993433276173601,0.320498851859953,NA
"ENSMUSG00000070708",0.0765042226190422,1.14809248596636,7.35603393070311,0.156074930700683,0.875973958585913,NA
"ENSMUSG00000070709",54.1367656419104,0.416093282658959,0.449626541863833,0.925419751543427,0.354747608603758,NA
"ENSMUSG00000070713",55.526292460546,-1.49763388200253,0.626366037913633,-2.3909883220856,0.0168030873248896,NA
"ENSMUSG00000070717",2.2856512647748,-1.05629755526961,1.80685006838939,-0.584607197768866,0.558811866803964,NA
"ENSMUSG00000070719",0.419655267208397,-0.229882061550666,6.77036539080206,-0.0339541587907463,0.972913705589089,NA
"ENSMUSG00000070720",0.834455102287785,0,4.27983356259721,0,1,NA
"ENSMUSG00000070729",1.22711849930034,-0.0466537429181644,3.27769374180416,-0.0142337102222627,0.98864352583946,NA
"ENSMUSG00000070730",184.097456678406,0.201250383005159,0.268864827614198,0.748518818139867,0.45414727871363,0.653551586851686
"ENSMUSG00000070732",44.3955328864478,0.661274216083264,0.683471052694737,0.967523369828237,0.333282464324767,NA
"ENSMUSG00000070733",1615.52106839774,0.470828251430534,0.215702613916346,2.18276562755578,0.0290530741530511,0.119977054570164
"ENSMUSG00000070737",345.639901686518,0.137081249476351,0.283756661513064,0.483094383565827,0.629028721767833,0.786783362605977
"ENSMUSG00000070738",887.836346450454,0.487420503093579,0.221269600505202,2.20283537359268,0.027606353968549,0.116469828842982
"ENSMUSG00000070777",2.05459494353066,0.552730293767781,2.47445279056961,0.223374758198779,0.823243848074432,NA
"ENSMUSG00000070778",0.930666034092001,-0.947201948899133,4.08051470304365,-0.232128056833766,0.816438553760569,NA
"ENSMUSG00000070780",192.776644579409,-0.269723338952327,0.383852900205185,-0.702673703411251,0.48225911918936,0.676188850097421
"ENSMUSG00000070796",0.365235547539853,-1.05500090214799,7.17594714814878,-0.147019045760413,0.883116987328123,NA
"ENSMUSG00000070797",0.235348882016119,0.770735537909115,7.27887506452469,0.105886628232634,0.915672303544444,NA
"ENSMUSG00000070798",2.85922253887296,-0.630431138481876,1.52801655773213,-0.412581352794735,0.679913365596362,NA
"ENSMUSG00000070799",0.337541199016669,-0.230681973027478,7.34998406568427,-0.0313853704941335,0.974962208059063,NA
"ENSMUSG00000070802",0.342184427309896,0,7.3561311249555,0,1,NA
"ENSMUSG00000070803",5.13594594956517,-0.119968023408981,1.19527741500013,-0.100368351232478,0.920051894918249,NA
"ENSMUSG00000070806",1.1634404726572,-0.70551399787359,3.45990545937641,-0.203911351381476,0.838422774329073,NA
"ENSMUSG00000070808",252.45538186074,0.194465257783226,0.241688888589929,0.804609839193615,0.421044862503186,0.625417261661258
"ENSMUSG00000070810",0,NA,NA,NA,NA,NA
"ENSMUSG00000070811",0.0808400223983263,-1.64465165583389,7.34944127136017,-0.223779141176744,0.822929161321519,NA
"ENSMUSG00000070814",34.5099435076909,0.665067479506639,0.837446518416569,0.794161137315536,0.427101629593822,NA
"ENSMUSG00000070815",0.114401601939383,0,7.3561311249555,0,1,NA
"ENSMUSG00000070816",0.0761524196209141,-2.55627499047924,7.29465809108018,-0.350431090609309,0.726015196884991,NA
"ENSMUSG00000070817",0,NA,NA,NA,NA,NA
"ENSMUSG00000070820",0.373948303722229,-0.0742305468273207,7.18997723374706,-0.0103241699401926,0.991762650536308,NA
"ENSMUSG00000070821",0.614006249715907,1.68711982196384,4.12098580597995,0.409397144614202,0.682248234777054,NA
"ENSMUSG00000070822",16.1599537098694,0.918773899636661,0.774503551146849,1.18627461200944,0.235513869283531,NA
"ENSMUSG00000070828",0.528541297515341,-4.42076815930081,7.24503986523245,-0.610178583076572,0.541743515336691,NA
"ENSMUSG00000070834",3.09345308897032,2.10954735310055,2.80204263871759,0.752860546785265,0.451533718445913,NA
"ENSMUSG00000070837",1.02529384494062,-0.241286311199426,3.74100615212697,-0.0644977049990257,0.948573934454171,NA
"ENSMUSG00000070841",0.398641694291377,-3.13791279783664,7.26776062088506,-0.431757863463383,0.665917407308282,NA
"ENSMUSG00000070844",0.552803331327446,-2.91131269599534,7.23263766328956,-0.402524339187097,0.68729817963283,NA
"ENSMUSG00000070847",1.47471699657105,0.799966983345871,3.23245291596115,0.247479856364127,0.80453687903096,NA
"ENSMUSG00000070852",0.0380762098104571,-1.67431590235222,7.3501929692546,-0.227792101425878,0.819807867435575,NA
"ENSMUSG00000070853",8.39127852358693,0.639931890336885,1.0099552724677,0.633623990865743,0.526326240205927,NA
"ENSMUSG00000070855",69.3131298007877,0.47934413452618,0.646141966530231,0.741855752072951,0.458174737201372,0.655909815674954
"ENSMUSG00000070856",0.53673085957686,0.377108129857161,4.7190449063169,0.079911960437665,0.936307277200016,NA
"ENSMUSG00000070857",0.0710374986746129,2.16226366003378,7.28481246100722,0.296818026765623,0.766605441993722,NA
"ENSMUSG00000070858",10.7768463048263,-3.27752193901116,1.71075070222758,-1.91583842972765,0.0553856644948752,NA
"ENSMUSG00000070866",0.344679031734735,-2.2844653860521,7.32736523567677,-0.31177173684875,0.755214004906198,NA
"ENSMUSG00000070867",3.92608952109841,0.742672461924975,1.4985356608257,0.495598791099678,0.6201775058977,NA
"ENSMUSG00000070868",4.23005056903438,-2.17917125534466,2.03645161986177,-1.07008250728421,0.284582172183115,NA
"ENSMUSG00000070870",0.116647719676318,-2.55138694251958,7.294807681286,-0.349753832313478,0.726523449701959,NA
"ENSMUSG00000070871",118.360586505926,-0.132277201699415,0.356777041797198,-0.370755923736273,0.710819332976459,0.841455429344993
"ENSMUSG00000070873",1.33334330450431,2.15298463396524,3.20132273275492,0.672529705279817,0.501246535711084,NA
"ENSMUSG00000070875",0.424476465274258,-1.10867839589269,7.18219795574569,-0.154364778404048,0.87732212351467,NA
"ENSMUSG00000070877",0.373820087594786,-0.428509719263328,7.13763846036241,-0.0600352233645596,0.952127581084695,NA
"ENSMUSG00000070880",0.93728823445111,-4.02604049327886,6.27615903452329,-0.641481592664048,0.521209836533682,NA
"ENSMUSG00000070883",65.5586674480892,0.336535374184368,0.305714137570329,1.10081717796564,0.270976233911771,0.481762602916881
"ENSMUSG00000070890",0.0808410737187649,-1.67178899150799,7.35012891322603,-0.22745029525941,0.820073614972676,NA
"ENSMUSG00000070891",0.290432969017714,2.14825912712065,7.28540685891473,0.294871538230146,0.768092014938692,NA
"ENSMUSG00000070896",4.89781314488642,0.604948053944126,1.38393624245329,0.437121332173325,0.662023357468316,NA
"ENSMUSG00000070902",0.122388733354381,-1.52309149879191,7.34636456322744,-0.207325880125227,0.835755363801222,NA
"ENSMUSG00000070904",0.398727506912777,1.14072136951585,7.35584388093379,0.155076886891601,0.876760703323702,NA
"ENSMUSG00000070908",0.884064592269639,3.47879205415648,7.24209258848442,0.480357301657268,0.630973350099969,NA
"ENSMUSG00000070923",422.015198611152,-0.140163137761739,0.209951933870441,-0.667596316822844,0.50439130942006,0.694394817099752
"ENSMUSG00000070933",0.740643640060784,-1.43073888978633,7.17252312809028,-0.19947497752681,0.841891215066385,NA
"ENSMUSG00000070934",308.574195477463,-0.15367364041515,0.247378059147032,-0.621209661620847,0.534461683297353,0.719285737153756
"ENSMUSG00000070939",155.150562008294,0.533103995521062,0.301074122263054,1.77067358534148,0.0766149974603469,0.218002086901419
"ENSMUSG00000070942",44.2983272146878,0.0719196798144565,0.497177119140123,0.144656053236808,0.884982438536244,NA
"ENSMUSG00000070943",0.193271551527583,0,7.3561311249555,0,1,NA
"ENSMUSG00000070953",659.496270179966,-0.440181488126036,0.193333486164214,-2.27679900083192,0.0227982312263744,0.102836048726193
"ENSMUSG00000070960",27.5265244020499,-1.19202755081501,1.26099585355436,-0.945306479363157,0.344502431458212,NA
"ENSMUSG00000070972",345.616975784235,0.305994712121484,0.323137354343077,0.94694936381947,0.343664582030086,0.551929227192104
"ENSMUSG00000070977",0,NA,NA,NA,NA,NA
"ENSMUSG00000070979",0.114345879932506,1.16041298138139,7.35571676861919,0.157756615416723,0.874648586352834,NA
"ENSMUSG00000070980",0.111692483509493,0,7.3561311249555,0,1,NA
"ENSMUSG00000070983",0.385615214575555,1.13169706853635,7.35561421058046,0.153854870054019,0.877724168795664,NA
"ENSMUSG00000070985",40.940529441859,0.882786615104457,0.70572722658455,1.25088926974917,0.210974879245686,NA
"ENSMUSG00000070990",0.690043991955089,-2.37984091761448,5.12035761314434,-0.464780216035156,0.642088856907383,NA
"ENSMUSG00000070999",0.265470023880674,-0.692853770077052,7.19558006809581,-0.0962888000022497,0.923291206057952,NA
"ENSMUSG00000071000",1.20720328078059,0.610645743135365,3.39044482470748,0.18010785448722,0.857067896456606,NA
"ENSMUSG00000071001",0.0406180793754555,0,7.3561311249555,0,1,NA
"ENSMUSG00000071005",0.158611542341415,-2.55326739469525,7.29475007751562,-0.35001437575841,0.726327908946758,NA
"ENSMUSG00000071014",6220.30530244662,-0.639158636620416,0.204507138385745,-3.12536101020993,0.00177586969667962,0.025467472015736
"ENSMUSG00000071015",0.0782946108879317,0,7.3561311249555,0,1,NA
"ENSMUSG00000071019",0.17598486399492,0,7.3561311249555,0,1,NA
"ENSMUSG00000071033",0,NA,NA,NA,NA,NA
"ENSMUSG00000071035",0.090076808984307,0,7.35613112495549,0,1,NA
"ENSMUSG00000071036",0.823463797390834,2.15476001298754,3.78267047018858,0.569639895933128,0.568921963244081,NA
"ENSMUSG00000071037",68.3804120259041,0.0526570151604786,0.365940185302916,0.143895142636194,0.885583271385261,0.94873638643582
"ENSMUSG00000071040",0.804224729137679,0,7.3561311249555,0,1,NA
"ENSMUSG00000071041",1.62523341134814,0,7.3561311249555,0,1,NA
"ENSMUSG00000071042",18.2764948909623,0.00513552994795773,1.26131950895656,0.00407155356869583,0.996751379244753,NA
"ENSMUSG00000071047",0.303294027129795,-0.982401224689777,7.33279763403836,-0.133973590124666,0.893423458165838,NA
"ENSMUSG00000071052",1.72506958696127,-2.72432707115464,3.20794667295288,-0.849243253986805,0.395745949456114,NA
"ENSMUSG00000071054",735.03334907753,-0.163479140292556,0.240755900654117,-0.679024438646756,0.497122377354668,0.68756886807764
"ENSMUSG00000071064",69.0527021451705,0.387854756298402,0.39306243194575,0.986751021659412,0.323764710827903,0.534471303696363
"ENSMUSG00000071065",0.899941247736919,1.01637452923275,4.74762978351946,0.214080409715373,0.830484352439694,NA
"ENSMUSG00000071068",276.363592435863,-0.148504976859442,0.301057913085758,-0.493277108504832,0.621816800803292,0.782017694140018
"ENSMUSG00000071072",3421.69116516777,-0.864228919314298,0.160935379199759,-5.37003686580056,7.87205480128071e-08,3.70548865288856e-05
"ENSMUSG00000071073",6.23908592168198,0.537740202794034,1.26785444138304,0.424134021416085,0.671468075151186,NA
"ENSMUSG00000071074",832.075083721868,-0.135670613376625,0.193488614670035,-0.701181377560589,0.483189830012094,0.676511155264498
"ENSMUSG00000071076",721.759176180614,-0.735109004125235,0.383338136354136,-1.9176516354901,0.0551551981250653,0.178024062255973
"ENSMUSG00000071078",468.890960654727,-0.602928789457977,0.281306882759971,-2.14331332224258,0.0320879477980462,0.128209120446114
"ENSMUSG00000071089",1.25780884412226,-2.35715586240919,3.05517860698568,-0.771528007239753,0.440394028181094,NA
"ENSMUSG00000071102",10.7815121839164,0.771763846266224,1.31776720938527,0.585660229492468,0.558103865083224,NA
"ENSMUSG00000071103",14.6656637268678,0.282242717620768,0.860408385061768,0.328033434495767,0.74288638298323,NA
"ENSMUSG00000071104",0.269923484201263,2.3794756154226,7.26173780563489,0.327673028014891,0.743158898970136,NA
"ENSMUSG00000071112",16.0915118921775,0.089288226772694,0.808729006191354,0.110405619297854,0.912087696820335,NA
"ENSMUSG00000071113",61.3835911829106,0.332294195754277,0.362242063373305,0.917326366407744,0.35897164497192,NA
"ENSMUSG00000071138",0.308611575611213,-2.10717262908964,7.25385667089768,-0.290489973084741,0.77144142055887,NA
"ENSMUSG00000071141",2.21809286711024,-0.922436068132432,3.2939165179626,-0.280042333526713,0.779445026266474,NA
"ENSMUSG00000071147",0.0380762098104571,-1.67431590235222,7.3501929692546,-0.227792101425878,0.819807867435575,NA
"ENSMUSG00000071149",0.330098210462586,0,7.3561311249555,0,1,NA
"ENSMUSG00000071150",0,NA,NA,NA,NA,NA
"ENSMUSG00000071151",1.49261339907977,-4.25959835607696,3.0457933416455,-1.39851850676635,0.161957419152942,NA
"ENSMUSG00000071158",6.57034095006911,0,2.81257769302324,0,1,NA
"ENSMUSG00000071165",0,NA,NA,NA,NA,NA
"ENSMUSG00000071169",0,NA,NA,NA,NA,NA
"ENSMUSG00000071172",13295.8617690798,-0.624044402301398,0.2151264043801,-2.90082662841701,0.00372179732317485,0.0365814036934034
"ENSMUSG00000071176",30.7509438519559,-0.891540249924905,0.628615681777945,-1.41825963902669,0.15611497564279,NA
"ENSMUSG00000071177",0.400275269713792,4.47327628105057,7.22770244347119,0.618907089221873,0.535977568028103,NA
"ENSMUSG00000071178",0.636258810708569,0,7.3561311249555,0,1,NA
"ENSMUSG00000071179",0.185476377294612,0,7.3561311249555,0,1,NA
"ENSMUSG00000071180",1484.37119378637,-0.778404729441042,0.229539592797504,-3.39115670614498,0.000695982940318946,0.0163831214231918
"ENSMUSG00000071181",4.9120083054436,1.02760113926076,1.26921150049705,0.809637431474845,0.418148588174791,NA
"ENSMUSG00000071185",1.649161624539,3.67767799529931,2.09937934970395,1.75179297434641,0.0798094127281596,NA
"ENSMUSG00000071192",8.00782779211423,0.132585484040306,0.871887142954438,0.152067254474051,0.879133890944847,NA
"ENSMUSG00000071195",0.0380762098104571,-1.67431590235222,7.3501929692546,-0.227792101425878,0.819807867435575,NA
"ENSMUSG00000071202",12.6527636282259,-0.0331494123444371,0.630607723015382,-0.0525674062251034,0.958076587112912,NA
"ENSMUSG00000071203",49.8643949518356,0.347309969459078,0.496320331248274,0.699769780910593,0.484071089662707,NA
"ENSMUSG00000071204",0.292018718991409,-1.57110039877278,7.34757970024186,-0.213825567447885,0.83068308609228,NA
"ENSMUSG00000071207",0.20574274864563,0,7.3561311249555,0,1,NA
"ENSMUSG00000071226",62.1273348701139,0.547689542473317,0.411246113326042,1.33178047092958,0.182932337089608,NA
"ENSMUSG00000071229",4.47019692836382,1.45707366633924,1.53388789924129,0.949921873078178,0.342151951794239,NA
"ENSMUSG00000071230",12.5973571792378,2.14716391358265,2.00971163654495,1.06839402954048,0.285342809065663,NA
"ENSMUSG00000071234",6.27718992844213,0.383911407423325,1.01807891714548,0.377093957018329,0.706103781885942,NA
"ENSMUSG00000071235",0.426854392639413,0.906154996564447,7.34988448207628,0.123288331779123,0.901878780233113,NA
"ENSMUSG00000071237",0.0780199002162998,1.15451797224879,7.35592868355205,0.156950675015421,0.875283721833876,NA
"ENSMUSG00000071252",45.2222124731182,0.0352010743882922,0.488649329327455,0.072037496576002,0.942572067400833,NA
"ENSMUSG00000071253",188.02255381918,-0.0737894937844481,0.319686271523676,-0.230818462840946,0.817455837225435,0.908835110366598
"ENSMUSG00000071256",77.9094458731689,-0.0796058327880485,0.369226276679648,-0.215601753764446,0.829298188645878,0.916205381765905
"ENSMUSG00000071262",0.501391884893453,-0.610240598766984,7.17448263263555,-0.0850570877391352,0.932216005645658,NA
"ENSMUSG00000071265",0.164423835710117,2.84385541568971,7.25347968141478,0.392067744116852,0.695008159873986,NA
"ENSMUSG00000071266",71.5654228007403,0.660937848682434,0.369993071843241,1.78635195894279,0.0740422889305741,0.213378901858629
"ENSMUSG00000071267",473.925579059721,-0.239971144113028,0.271192477662084,-0.884873895403694,0.37622464876702,0.585021339163441
"ENSMUSG00000071273",0.508398099774491,0,6.38743090671902,0,1,NA
"ENSMUSG00000071275",0.156567433191016,2.12903619179566,7.28562150509826,0.292224375134754,0.770115075948125,NA
"ENSMUSG00000071276",0,NA,NA,NA,NA,NA
"ENSMUSG00000071280",0.372017612977307,2.1366424965961,7.28506248661164,0.293290894967996,0.769299812572028,NA
"ENSMUSG00000071281",165.927642323742,0.17244358186476,0.241742904607013,0.713334615322388,0.47563872243439,0.670623397721141
"ENSMUSG00000071291",145.189592310763,0.0969450233615504,0.37004680921015,0.261980433147027,0.793336527570606,0.895016157844721
"ENSMUSG00000071294",0.0814582005888773,0,7.3561311249555,0,1,NA
"ENSMUSG00000071302",597.327645746861,-0.642371828738741,0.310094937034422,-2.07153278567536,0.0383090338548399,0.142684551490238
"ENSMUSG00000071303",16.673450312597,-0.436266133993728,0.774289287445844,-0.563440746329894,0.573134797807938,NA
"ENSMUSG00000071311",0.579218345823698,0.891587196953449,7.14757038151682,0.124739897526443,0.900729470407957,NA
"ENSMUSG00000071317",1.6707050883385,1.66790128074786,2.28118025278157,0.731157162488189,0.464683162274155,NA
"ENSMUSG00000071322",0.696075890923354,0.526645710465152,6.71595243707004,0.0784171292753989,0.93749624829586,NA
"ENSMUSG00000071324",12.3856091792351,1.17839141734168,0.819177044054789,1.43850639601525,0.15029042400271,NA
"ENSMUSG00000071335",0.223978660152124,0,7.3561311249555,0,1,NA
"ENSMUSG00000071337",1151.15246679365,0.215715251012418,0.205152483932852,1.05148739550735,0.293034795406842,0.504466902228602
"ENSMUSG00000071340",0.166363014085003,0,7.3561311249555,0,1,NA
"ENSMUSG00000071341",0.258475737363531,-2.90025918092968,7.27744902433204,-0.398526897437922,0.690241835487067,NA
"ENSMUSG00000071342",2.86129771404352,1.00906692717107,1.40886949313783,0.716224555990403,0.473852702719552,NA
"ENSMUSG00000071343",6.33620422061696,-0.873913383855063,1.20811261979792,-0.723370793031896,0.469452110152857,NA
"ENSMUSG00000071347",1.4256107865096,0.998520661990058,2.242309763694,0.445308974771214,0.656096482961719,NA
"ENSMUSG00000071350",363.803232144377,0.627263632160688,0.32065332811592,1.95620496392891,0.0504410140077423,0.168902279818444
"ENSMUSG00000071356",0.109446591534713,0,7.3561311249555,0,1,NA
"ENSMUSG00000071359",1033.25931742571,-0.791321557577868,0.242321916057718,-3.2655798140412,0.00109240215096023,0.0204903135905918
"ENSMUSG00000071361",0.319077609358097,-2.54906214099523,7.29487528618227,-0.349431901299751,0.72676508712163,NA
"ENSMUSG00000071362",5.80274698829057,0.975270035643986,1.0916886703271,0.893359125318916,0.371664884485997,NA
"ENSMUSG00000071369",188.201829369317,0.559132920986516,0.381659702062378,1.46500381875562,0.142919875883599,0.321813889090974
"ENSMUSG00000071379",1166.56006902937,-0.645060791581309,0.232975148414358,-2.76879656895436,0.00562637535109715,0.0449545329726598
"ENSMUSG00000071392",17.1599767154938,0.170760104782025,0.631234134236811,0.270517856244389,0.786761881550529,NA
"ENSMUSG00000071398",27.2071512494507,-0.0322937086751459,0.657452816015687,-0.0491194316739763,0.960824117861373,NA
"ENSMUSG00000071414",1.12128325898232,3.14031309936288,5.85154913743731,0.536663544235089,0.591500042205375,NA
"ENSMUSG00000071415",13606.411560666,-0.495050696836132,0.215140880443067,-2.30105359714347,0.0213886017471844,0.0990751303987432
"ENSMUSG00000071419",10.2890648126063,-0.0325330646984888,0.866108610080516,-0.0375623383947938,0.970036636323889,NA
"ENSMUSG00000071424",1.79255468064893,-0.347112324264039,3.06316397602474,-0.113318231404154,0.90977826376754,NA
"ENSMUSG00000071428",0,NA,NA,NA,NA,NA
"ENSMUSG00000071451",1503.2964783372,-0.777171404333417,0.196219124580981,-3.96073219668591,7.47202953761471e-05,0.00682227111828955
"ENSMUSG00000071452",0.805014127548941,0.410698893768579,4.67458572442509,0.0878578162814823,0.929989684629671,NA
"ENSMUSG00000071454",577.22961981549,0.0207739594115654,0.246768018326074,0.0841841643519427,0.932910008507758,0.973175963919289
"ENSMUSG00000071470",110.490747204658,-4.37137713631043,2.89189403802015,-1.51159657955627,0.130636522373246,0.305125101630776
"ENSMUSG00000071471",0.0948751955936346,0,7.3561311249555,0,1,NA
"ENSMUSG00000071475",1.21590841322885,-1.14577114481355,2.25140121972412,-0.508914686007831,0.610812025470534,NA
"ENSMUSG00000071477",80.8439374353711,-0.846496346509726,0.291869310505,-2.90025814994079,0.00372855445911835,0.0365814036934034
"ENSMUSG00000071478",181.466232987707,0,2.90471906154034,0,1,1
"ENSMUSG00000071481",0.232147825739136,-0.12020827674415,7.19061651727858,-0.0167173811112437,0.986662080977061,NA
"ENSMUSG00000071489",2.68279593609836,-0.473862005582584,1.87694020529736,-0.252465158050952,0.800681541847039,NA
"ENSMUSG00000071490",0.116900060627987,1.15747391440137,7.35586217881617,0.157353942510605,0.87496590973688,NA
"ENSMUSG00000071491",0.0380762098104571,-1.67431590235222,7.3501929692546,-0.227792101425878,0.819807867435575,NA
"ENSMUSG00000071493",0,NA,NA,NA,NA,NA
"ENSMUSG00000071494",0.177210958734267,3.48122106141478,7.24204107145473,0.480696122414492,0.630732487436247,NA
"ENSMUSG00000071497",4097.01875954963,-0.724736662424117,0.271193772417937,-2.67239419239769,0.00753121208555794,0.0525935363964222
"ENSMUSG00000071506",0.606336923291484,-3.12749567602284,7.26797460812411,-0.430311860545982,0.666968800560613,NA
"ENSMUSG00000071510",0.825306210782712,0.69443496072032,3.43650677733487,0.202075830404408,0.839857442619806,NA
"ENSMUSG00000071516",305.367616014112,-2.77121446026902,1.35050155769099,-2.05198908841474,0.0401707228646849,0.147083604353335
"ENSMUSG00000071517",0,NA,NA,NA,NA,NA
"ENSMUSG00000071519",0,NA,NA,NA,NA,NA
"ENSMUSG00000071521",0.112940827509801,0,7.3561311249555,0,1,NA
"ENSMUSG00000071522",1.35866209290609,0.572394233794855,2.48772660694896,0.23008727413856,0.818023953401538,NA
"ENSMUSG00000071528",10251.1121013204,-0.752753013503903,0.230447248849501,-3.26648730788496,0.00108890688961146,0.0204635828969759
"ENSMUSG00000071531",0.118322041150845,2.15293890932317,7.28503772706533,0.295528862029716,0.767589907662459,NA
"ENSMUSG00000071532",8.86888981427732,-0.190709271594346,1.39338080471178,-0.136868019818741,0.891135117391572,NA
"ENSMUSG00000071533",2140.42945026998,-0.224113926598994,0.155495088193593,-1.44129264276162,0.149502024930466,0.332245394882567
"ENSMUSG00000071537",1.15960896214452,2.01432725256322,3.54016061763727,0.568993181418871,0.569360767280332,NA
"ENSMUSG00000071540",0.279555219549735,-3.13825073460245,7.26775214874352,-0.431804864884531,0.665883243429413,NA
"ENSMUSG00000071547",215.764539371128,0.58406312322416,0.383525397285323,1.52287991188664,0.127788752382047,0.301303616258158
"ENSMUSG00000071550",1.36193396758887,-0.439263589086567,2.73936092177816,-0.160352579170705,0.872603342496179,NA
"ENSMUSG00000071551",1.34374132041631,-2.67400715375596,2.77421772678232,-0.963877898962678,0.335107145531852,NA
"ENSMUSG00000071552",556.683237053167,0.425326004547263,0.358171954716478,1.18749108897692,0.235033969426585,0.439645717405078
"ENSMUSG00000071553",12.2639911648054,-0.263825852288389,2.23991154918012,-0.117784049278624,0.906238768395968,NA
"ENSMUSG00000071561",0.36004217344633,0.943657850883042,7.35083403403971,0.128374256106616,0.89785280321966,NA
"ENSMUSG00000071562",1.75470241860459,0,3.33721075780808,0,1,NA
"ENSMUSG00000071568",0.524227097660075,0,7.3561311249555,0,1,NA
"ENSMUSG00000071573",83.5815440266461,0.131507760137301,0.379033117638782,0.346955856935507,0.728624482196975,0.851857245004979
"ENSMUSG00000071586",0.0705195707844363,2.15212880095346,7.28531419713947,0.295406449566511,0.767683406992175,NA
"ENSMUSG00000071591",1.01836498438064,2.90336778451987,7.17437128775122,0.40468602307728,0.685708317330743,NA
"ENSMUSG00000071604",0.228429655404989,2.74551248250914,7.2610759536845,0.378113725847473,0.705346112198465,NA
"ENSMUSG00000071613",0,NA,NA,NA,NA,NA
"ENSMUSG00000071629",1.11750177083666,-0.364370029617578,3.74388087222729,-0.097324151609773,0.922468976830534,NA
"ENSMUSG00000071632",944.946963013073,-0.164685878385628,0.228438595178442,-0.720919677592071,0.470958935260575,0.667349351354757
"ENSMUSG00000071633",1.12642578327661,-2.21034228653524,3.9734901979299,-0.556272238367868,0.578024762434929,NA
"ENSMUSG00000071636",2.04628309570134,-0.983788040027982,2.1450689429614,-0.458627702040104,0.646501539982129,NA
"ENSMUSG00000071637",29.4527668057555,3.31759067695127,1.62622106198444,2.04006131423664,0.0413442192053294,NA
"ENSMUSG00000071640",0.243449145586479,2.73687030042222,7.26138966658444,0.376907234852962,0.706242544642392,NA
"ENSMUSG00000071644",6474.61116225571,-0.241513024934864,0.18565658424469,-1.30085892680519,0.19330674734818,0.389251822680131
"ENSMUSG00000071645",144.309519326042,0.376613933993025,0.360166265626651,1.04566687648483,0.295714860866998,0.507166159405561
"ENSMUSG00000071646",754.818309336603,0.0425212263289799,0.20195330427296,0.210549792597145,0.833238593636432,0.918467272155312
"ENSMUSG00000071647",736.42318752138,0.286229445319391,0.205033465101074,1.39601330533184,0.16271048849671,0.34949873506953
"ENSMUSG00000071648",255.884229419536,0.288013090125437,0.298842683859818,0.963761556433281,0.335165484664272,0.544114110019105
"ENSMUSG00000071649",480.567925374822,-0.493132762963825,0.171485901142657,-2.87564610080449,0.0040320149931092,0.0379224245545998
"ENSMUSG00000071650",805.156119753748,0.486495492925063,0.19171059043298,2.53765580621451,0.0111597680492805,0.0669789357420385
"ENSMUSG00000071652",171.123536573542,-0.13413641926805,0.278505076403083,-0.481630069370489,0.630068761510841,0.787187779010954
"ENSMUSG00000071653",2984.85639393676,-0.772356862056636,0.246055420041085,-3.13895488230933,0.001695515511908,0.0249535210838113
"ENSMUSG00000071654",1964.53139648598,-0.633632141434243,0.216811830569064,-2.92249800101386,0.00347235850045655,0.0352405172248593
"ENSMUSG00000071655",2325.1155051501,-0.558816504621775,0.198628040920403,-2.81338174626468,0.00490234137178822,0.0419201076644693
"ENSMUSG00000071656",9.25452327234413,0.408553996424776,0.888654265190745,0.459744596327439,0.645699555064838,NA
"ENSMUSG00000071657",1929.76554193115,-0.0115201937150072,0.217294037750515,-0.0530166121181571,0.95771867177125,0.986459213343629
"ENSMUSG00000071658",89.9092721916191,1.15161314958363,2.07888008356196,0.553958431123382,0.579607294759644,0.751758602689657
"ENSMUSG00000071659",757.015856474289,-0.262342473649678,0.199148660856024,-1.31731979779337,0.187731451766616,0.381993701258336
"ENSMUSG00000071660",806.724503973,0.297200733460038,0.192690904781718,1.54237032514176,0.122983628433891,0.293203726790667
"ENSMUSG00000071661",16.4219959338773,0.518230243390735,0.868039619873371,0.597012200279907,0.550499235158143,NA
"ENSMUSG00000071662",3737.58636105965,-0.835275897332841,0.25397748380285,-3.28877932337193,0.00100622884094434,0.019774497202256
"ENSMUSG00000071665",0.081236158750911,0,7.3561311249555,0,1,NA
"ENSMUSG00000071669",29.7927038211523,1.90930286903007,0.694837747757805,2.74783987368455,0.00599892984583106,NA
"ENSMUSG00000071671",10.8599867333027,0.804203824734845,0.79926175160957,1.0061832974183,0.314327405198699,NA
"ENSMUSG00000071679",1.24826908403749,1.43426443869336,2.33406846960704,0.614491158836838,0.538890813620895,NA
"ENSMUSG00000071680",1.23588382159796,-0.567353505139453,1.98401500052872,-0.285962306226645,0.774906991784092,NA
"ENSMUSG00000071686",0.256275012938247,0.306206631907474,7.15941750087449,0.0427697688911245,0.965885062858872,NA
"ENSMUSG00000071691",1.15631148464081,0.23339369804608,3.23434877439141,0.0721609555203263,0.942473817114635,NA
"ENSMUSG00000071708",1794.68356407489,0.135066965676761,0.167266896684832,0.807493702302955,0.419382101376077,0.624054203236869
"ENSMUSG00000071711",8.10326909715778,0.714767610015154,0.972448905329851,0.735018165065143,0.462328431303686,NA
"ENSMUSG00000071713",36.8384059706027,0.324930049044594,0.782113817054563,0.415451104377978,0.677811702222631,NA
"ENSMUSG00000071714",13.7863509240615,1.18312721298654,0.862558706808778,1.37164833378562,0.170172939543387,NA
"ENSMUSG00000071715",977.684301392519,0.211508023600262,0.152472093680932,1.38719170501371,0.165383314159483,0.352630260284057
"ENSMUSG00000071716",792.5755981523,-0.302377877671396,0.265582763291035,-1.13854481339227,0.254893057463026,0.464445690879633
"ENSMUSG00000071719",0.470226954738026,-0.227841328782191,7.34973890378648,-0.0309999214618101,0.975269602308239,NA
"ENSMUSG00000071722",21.1761979157965,-3.98861773147218,1.69733961535563,-2.34992319473818,0.0187772852032551,NA
"ENSMUSG00000071723",2.98631161739136,-3.1452158223433,2.4893514550727,-1.26346796710208,0.206421051546572,NA
"ENSMUSG00000071724",221.349149812855,0.0955722256618506,0.362062028214646,0.263966442802975,0.791805776658156,0.894616539292019
"ENSMUSG00000071726",0.231994320111635,0,7.3561311249555,0,1,NA
"ENSMUSG00000071738",0.0783443155546023,0,7.3561311249555,0,1,NA
"ENSMUSG00000071745",0.114228629431371,-3.13863321915088,7.26774571323647,-0.431857874916372,0.665844712909321,NA
"ENSMUSG00000071748",351.544328824386,-0.163312711718453,0.232827566151623,-0.701432027220092,0.483033440575344,0.676511155264498
"ENSMUSG00000071749",0.305466148427074,-2.0500768949869,7.2558438548409,-0.282541484629544,0.777528341606339,NA
"ENSMUSG00000071750",0.0841226998910916,0,7.3561311249555,0,1,NA
"ENSMUSG00000071757",47.5376798531858,-0.599297610228348,0.765799530778741,-0.782577667054617,0.433875160336012,NA
"ENSMUSG00000071763",0,NA,NA,NA,NA,NA
"ENSMUSG00000071764",0.251843070472501,1.00963721788615,7.23436947950483,0.139561190611909,0.889006705852211,NA
"ENSMUSG00000071766",0,NA,NA,NA,NA,NA
"ENSMUSG00000071767",0.0862796881078015,2.43759084771116,7.27875253324549,0.334891293058465,0.737707090379852,NA
"ENSMUSG00000071769",0.0707965010734327,2.15745854874671,7.28492836163689,0.296153708265422,0.767112699308578,NA
"ENSMUSG00000071770",0.773252890024401,-4.58121795497617,5.56089937655838,-0.823826802960688,0.41003797578288,NA
"ENSMUSG00000071771",0.82172824917063,0.541726290339573,4.70542119150779,0.115128118884929,0.908343572439293,NA
"ENSMUSG00000071772",0.0899612025778625,0,7.3561311249555,0,1,NA
"ENSMUSG00000071773",0.0787005341258053,-1.67212480946242,7.35013742582786,-0.227495720499959,0.820038296555094,NA
"ENSMUSG00000071788",0,NA,NA,NA,NA,NA
"ENSMUSG00000071793",458.115572924044,0.376203879766473,0.286295541977411,1.31404029964307,0.188832642839325,0.383456476820523
"ENSMUSG00000071796",2203.26356342707,0.586785590354994,0.218392980466478,2.68683356535382,0.00721328850089059,0.0513971786058969
"ENSMUSG00000071815",0,NA,NA,NA,NA,NA
"ENSMUSG00000071816",0,NA,NA,NA,NA,NA
"ENSMUSG00000071847",0.480642643691932,-3.24934746688711,7.23037185992373,-0.449402538325517,0.653141300553013,NA
"ENSMUSG00000071855",8.87113550471405,0.459008555653325,1.05002787039238,0.437139402292055,0.662010253346234,NA
"ENSMUSG00000071856",329.386006157259,0.0601516275433695,0.317067490709301,0.189712377666995,0.849534520980875,0.927916987833806
"ENSMUSG00000071858",0.0381979668618393,0,7.3561311249555,0,1,NA
"ENSMUSG00000071862",5.47242051706085,0.683291277115804,1.59910642978157,0.427295684883925,0.669163975389582,NA
"ENSMUSG00000071866",108778.572866078,-0.941136842320816,0.259951288901412,-3.62043537578977,0.000294107704982041,0.0111817487067211
"ENSMUSG00000071867",0.774059049419454,4.31657967014193,4.8744438611255,0.885553263740992,0.375858305583785,NA
"ENSMUSG00000071890",0.212423261373288,-1.66963266167152,7.35007440389142,-0.227158606828191,0.820300413301537,NA
"ENSMUSG00000071893",3.49361850716675,-2.17692762458456,2.06128668220878,-1.05610133872881,0.290921918851874,NA
"ENSMUSG00000071909",0.198268281178533,0,7.3561311249555,0,1,NA
"ENSMUSG00000071937",0,NA,NA,NA,NA,NA
"ENSMUSG00000071984",2.2026596320344,-0.691681885008557,2.19022604864894,-0.315803880350719,0.752151372642388,NA
"ENSMUSG00000072049",0.22337648189841,-1.10582049533764,7.18188647981276,-0.153973541415051,0.877630597669374,NA
"ENSMUSG00000072066",163.507228043461,-0.141701686274952,0.365722544097904,-0.387456799045503,0.69841806143288,0.835836698336929
"ENSMUSG00000072068",0.250430576261954,-1.64964818573259,7.34956684852237,-0.224455157662013,0.822403155729878,NA
"ENSMUSG00000072082",515.242917878004,-0.265131637596444,0.494611758573632,-0.536039899983441,0.591930974999207,0.760485572881618
"ENSMUSG00000072100",0.0763334481144086,-2.55961495105817,7.29455615564231,-0.350893857891315,0.725667979570255,NA
"ENSMUSG00000072115",3.54771440464259,0,2.64662997275162,0,1,NA
"ENSMUSG00000072145",0,NA,NA,NA,NA,NA
"ENSMUSG00000072188",0.392765806853506,0,7.3561311249555,0,1,NA
"ENSMUSG00000072214",1.61778914978099,-1.68568161487287,3.03398433491206,-0.555599973103265,0.578484349848112,NA
"ENSMUSG00000072235",3669.04094345024,-0.541407436192127,0.227960459215704,-2.37500590257992,0.0175486695623546,0.0881894248214923
"ENSMUSG00000072244",1277.34976346926,0.673617937489321,0.291740037588652,2.30896637656265,0.0209454471180476,0.0979866279043543
"ENSMUSG00000072249",0,NA,NA,NA,NA,NA
"ENSMUSG00000072255",12.5691080013316,-0.0205911322359261,0.877231711741414,-0.0234728543899196,0.98127309157616,NA
"ENSMUSG00000072258",216.214179392971,0.228121516779048,0.266917867950135,0.854650602940022,0.39274460459734,0.600043341027002
"ENSMUSG00000072259",0.368907900804881,-1.66539979479917,7.268272458344,-0.22913282411246,0.81876568207697,NA
"ENSMUSG00000072294",4.22027040158277,3.15292825377679,2.16682831573267,1.45508909537703,0.145644597644204,NA
"ENSMUSG00000072295",0.363588111040869,-4.35488462092724,7.2443140105078,-0.601145203619077,0.547743277777152,NA
"ENSMUSG00000072324",4.50940208561078,-0.648670850716911,1.2330126862904,-0.526086112437722,0.59882837729406,NA
"ENSMUSG00000072381",0.349134072826136,-3.14177584982232,7.26767769611073,-0.432294328558851,0.665527508646399,NA
"ENSMUSG00000072387",0,NA,NA,NA,NA,NA
"ENSMUSG00000072407",1.86915174298119,0,2.73595248547783,0,1,NA
"ENSMUSG00000072419",0.726791648335953,0.465305684891027,5.06292296930266,0.091904555473637,0.926773872038193,NA
"ENSMUSG00000072421",0.647128390448682,0,7.3561311249555,0,1,NA
"ENSMUSG00000072423",35.0571848237651,0.953263618214485,0.569817347163311,1.67292839180847,0.0943413937645542,NA
"ENSMUSG00000072437",63.0836429006567,0.0923001060436878,0.404307386794489,0.228291911200238,0.81941931247288,NA
"ENSMUSG00000072460",2.06797059525767,3.14090583372653,2.88941439808117,1.08703889473672,0.277019620826431,NA
"ENSMUSG00000072473",0,NA,NA,NA,NA,NA
"ENSMUSG00000072476",30.473606421075,-4.18666259816052,1.19092896767367,-3.51545953772427,0.000438993648879888,NA
"ENSMUSG00000072477",0,NA,NA,NA,NA,NA
"ENSMUSG00000072479",0.705316405622986,0,7.3561311249555,0,1,NA
"ENSMUSG00000072487",0.680176844845887,-1.72581407211852,7.13837434247028,-0.241765700329087,0.80896171773785,NA
"ENSMUSG00000072492",3.5053189596359,-2.20066211512999,1.63280250456756,-1.34778217755909,0.177728451831491,NA
"ENSMUSG00000072494",22.2926495829976,0.142259831675781,1.06000295202213,0.134207014616701,0.893238879233276,NA
"ENSMUSG00000072501",2172.55781262747,0.322891340797567,0.161279166789005,2.00206478757416,0.0452777640322264,0.158487815995899
"ENSMUSG00000072511",0.472714373623516,-2.10659925696987,7.2538682476959,-0.290410465842001,0.771502237969272,NA
"ENSMUSG00000072541",0,NA,NA,NA,NA,NA
"ENSMUSG00000072553",2.31931405083846,2.65997760945306,2.12584297802398,1.25125780076456,0.210840436149894,NA
"ENSMUSG00000072568",61.8950065560552,-0.405866110993875,0.50895784967545,-0.797445429425414,0.425192384000561,NA
"ENSMUSG00000072571",1.80998291268014,-3.72907484472052,2.57016112588815,-1.45091092039294,0.1468046666472,NA
"ENSMUSG00000072572",43.9382005391106,-0.15957176932097,0.409569272388643,-0.389608742839358,0.696825886203066,NA
"ENSMUSG00000072574",0.0761828720549673,1.15083912876809,7.35610399762792,0.156446826899021,0.875680829027777,NA
"ENSMUSG00000072575",0.190381049052285,-3.87344176364856,7.24606634725706,-0.534557866022689,0.592955625497417,NA
"ENSMUSG00000072576",8.77350026432023,-0.774036740343835,0.888390479009223,-0.871279869193419,0.383601359400197,NA
"ENSMUSG00000072582",999.018910986001,-0.613632604761912,0.17784956260517,-3.45029021029527,0.000559984215386576,0.0148460518370694
"ENSMUSG00000072584",0.167068213096933,0,7.3561311249555,0,1,NA
"ENSMUSG00000072594",0.0851549481264175,0,7.3561311249555,0,1,NA
"ENSMUSG00000072595",0,NA,NA,NA,NA,NA
"ENSMUSG00000072596",18.0822657116131,2.13797362397492,2.06855738821926,1.03355780030614,0.301342936077013,NA
"ENSMUSG00000072598",0,NA,NA,NA,NA,NA
"ENSMUSG00000072599",0.0380762098104571,-1.67431590235222,7.3501929692546,-0.227792101425878,0.819807867435575,NA
"ENSMUSG00000072600",0.171513452342893,0,7.3561311249555,0,1,NA
"ENSMUSG00000072601",0.115650301188647,1.16131957085385,7.35567257500242,0.15788081361866,0.874550716950014,NA
"ENSMUSG00000072605",0.095096249341179,2.57572010702286,7.27610651221916,0.353997031612623,0.72334110781996,NA
"ENSMUSG00000072612",12.1461405965345,1.47447871964398,0.939830366757325,1.56887750364072,0.116676484694425,NA
"ENSMUSG00000072616",0.0380762098104571,-1.67431590235222,7.3501929692546,-0.227792101425878,0.819807867435575,NA
"ENSMUSG00000072618",0.298984616869347,-1.6690952492942,7.35006063234507,-0.227085915720082,0.82035693561304,NA
"ENSMUSG00000072620",4157.24150288052,-0.78917145612963,0.367665978250977,-2.1464359032723,0.0318382174445289,0.127572265682679
"ENSMUSG00000072621",183.865301123393,0.945461484141543,0.314441260835757,3.00679841325082,0.00264014778918088,0.0307860223914196
"ENSMUSG00000072623",54.9552315547265,0.837432319770549,0.626182665209096,1.33736107097585,0.181104805139683,NA
"ENSMUSG00000072624",1.12939639454291,-5.07335975545788,3.52156298259549,-1.44065569195604,0.149681978309928,NA
"ENSMUSG00000072625",0.601702558229912,-0.104396855607877,7.11977206866576,-0.0146629491226734,0.988301078496087,NA
"ENSMUSG00000072640",596.112287918648,-0.732027804010627,0.269559530845875,-2.71564430207135,0.00661469429561589,0.04890614085195
"ENSMUSG00000072647",33.5365690813164,0.883527109256487,0.714655651289342,1.23629765980648,0.216347940676798,NA
"ENSMUSG00000072653",45.0025013624124,0.835728526118845,0.443978228322091,1.88236375751415,0.0597866432242699,NA
"ENSMUSG00000072662",2.88326764749758,0.853710982636642,1.81652335907186,0.469969724514216,0.638376648059514,NA
"ENSMUSG00000072663",66.6145945522861,0.606967088141897,0.55523129611402,1.0931788110468,0.274315298378956,0.484561601943528
"ENSMUSG00000072664",2.17664675372048,0.321678971186465,1.7596427624581,0.18280924858697,0.854947691581242,NA
"ENSMUSG00000072672",0.0493573718395308,1.63708012154213,7.28495283336003,0.224720757840111,0.822196515170184,NA
"ENSMUSG00000072673",7.82386920336911,0.201149026287845,1.04048018210025,0.193323265304119,0.846705806925425,NA
"ENSMUSG00000072674",0.0274603486334016,0,7.3561311249555,0,1,NA
"ENSMUSG00000072675",0.180765941172776,0.532290936922242,7.34018663813491,0.0725173572776473,0.942190192724838,NA
"ENSMUSG00000072676",326.682911263828,-0.00467794916106662,0.358061005565484,-0.0130646707917238,0.989576197416361,1
"ENSMUSG00000072680",1236.13480906078,-0.0709378133451762,0.297373104041432,-0.238548182001331,0.811455949870655,0.905391833869985
"ENSMUSG00000072692",9916.95613434741,-0.64321580131805,0.213837263127777,-3.00796873243604,0.00263000195771826,0.0307663542627751
"ENSMUSG00000072693",210.980732025648,0.0768052941808843,0.285037751149364,0.269456568020133,0.787578360239503,0.892514305676605
"ENSMUSG00000072694",1738.55488430574,-1.21969438135542,0.181136875019544,-6.73355097477429,1.65571616898113e-11,1.3638961941982e-08
"ENSMUSG00000072704",407.200128799137,-0.427249910003094,0.186737720962236,-2.28796789315801,0.0221393909396906,0.10108815903422
"ENSMUSG00000072707",49.0304654170199,0.52441054248659,0.615012216208096,0.852683131596773,0.393835047754279,NA
"ENSMUSG00000072708",5.43094539399885,-0.00961513006085072,1.0846950230282,-0.00886436266113555,0.9929273545159,NA
"ENSMUSG00000072709",13.8276847886759,0.937219031289914,0.853878597467094,1.09760220489193,0.272378229646915,NA
"ENSMUSG00000072714",1.11818508618195,1.85662524257994,3.48321496922089,0.533020574091994,0.594019338364919,NA
"ENSMUSG00000072717",0,NA,NA,NA,NA,NA
"ENSMUSG00000072718",2.77457712959684,0,3.04858606086287,0,1,NA
"ENSMUSG00000072720",2.5426535201002,1.40439701932899,3.40594000328511,0.412337568475785,0.680092016052484,NA
"ENSMUSG00000072721",0.12317673482377,0,7.3561311249555,0,1,NA
"ENSMUSG00000072722",0.0355187493373064,1.16171280725677,7.35565536667627,0.157934643392857,0.874508299155349,NA
"ENSMUSG00000072726",0,NA,NA,NA,NA,NA
"ENSMUSG00000072731",0.21404557160585,0,7.3561311249555,0,1,NA
"ENSMUSG00000072738",0.0710374986746129,2.16226366003378,7.28481246100722,0.296818026765623,0.766605441993722,NA
"ENSMUSG00000072739",0.365277920509085,-2.55064489308684,7.29483042951215,-0.34965101899667,0.726600617144497,NA
"ENSMUSG00000072754",0.373161753936136,-0.359044234920674,7.16168233211685,-0.0501340632368634,0.960015555319971,NA
"ENSMUSG00000072762",734.258631501095,-0.713621796057623,0.292636600549601,-2.43859378737099,0.0147445320682874,0.0793819162140269
"ENSMUSG00000072763",232.650485072536,-0.250118228082302,0.250868575441922,-0.997009002190497,0.318760140360216,0.530194175914645
"ENSMUSG00000072768",0.0432773486139992,0,7.3561311249555,0,1,NA
"ENSMUSG00000072770",48.7747118593379,0.288424568573177,0.483442789585833,0.596605378725933,0.550770879304496,NA
"ENSMUSG00000072772",6055.43013358717,-0.497633749918571,0.210871859731237,-2.35988695007869,0.0182805049302286,0.0905324605387325
"ENSMUSG00000072774",174.764212315051,0.415464605650348,0.304915436498253,1.36255681385527,0.173022227204734,0.362741191075036
"ENSMUSG00000072778",0.0432773486139992,0,7.3561311249555,0,1,NA
"ENSMUSG00000072780",0.23551575485112,-1.11022238517285,7.29460040343235,-0.152197834531204,0.879030901861616,NA
"ENSMUSG00000072789",2.84479807511994,1.41767253283372,1.81748432734309,0.780019123964696,0.435379618697423,NA
"ENSMUSG00000072791",0.845435753969515,-0.151474242239501,4.01048930930839,-0.0377695165245616,0.969871449311908,NA
"ENSMUSG00000072812",1.58337021715656,-1.48470515308203,3.61796867492635,-0.410369819775251,0.681534681892889,NA
"ENSMUSG00000072813",0,NA,NA,NA,NA,NA
"ENSMUSG00000072814",0.188621074856508,0,7.3561311249555,0,1,NA
"ENSMUSG00000072821",0.154334430306378,0,7.3561311249555,0,1,NA
"ENSMUSG00000072822",0.33981305180884,1.35675641264196,7.25505960568286,0.18700830680691,0.851654119955175,NA
"ENSMUSG00000072825",43.2114092201908,-0.802448345487433,0.455665255646722,-1.76104790861995,0.0782302945925972,NA
"ENSMUSG00000072845",34.9050731780309,1.00689152145694,0.684634680631691,1.47069897266658,0.141372544173802,NA
"ENSMUSG00000072849",0.385417544339077,1.35085623997785,7.34697227542685,0.183865705400306,0.854118809215326,NA
"ENSMUSG00000072872",222.747026629343,-0.248342741973486,0.281364177655925,-0.882638095732214,0.37743183862941,0.586252942308566
"ENSMUSG00000072875",0.213195580805369,0,7.3561311249555,0,1,NA
"ENSMUSG00000072878",0.0352597853922181,1.155567702399,7.35595536263211,0.157092810577567,0.875171703562209,NA
"ENSMUSG00000072888",0.113970946691149,-3.13543063208883,7.26781206759014,-0.431413278567132,0.666167896577989,NA
"ENSMUSG00000072889",125.287978398458,0.0790042808725858,0.357303664573207,0.221112428183336,0.825004893456401,0.913905446229724
"ENSMUSG00000072898",2.13730545735237,-0.894376085488476,7.14925742414916,-0.125100556942796,0.900443942384945,NA
"ENSMUSG00000072905",0.545190475014021,0.474299047724452,7.19881802071785,0.0658856837830102,0.947468838502191,NA
"ENSMUSG00000072915",64.6150052082734,0.841174115064561,0.490554245127171,1.71474230102014,0.0863924843301054,NA
"ENSMUSG00000072919",9.3912516388977,-1.38793706376075,0.987052754597498,-1.40614273887188,0.159681743473132,NA
"ENSMUSG00000072923",0.260484069232163,-3.8685648515106,7.24612637619383,-0.533880400460616,0.593424283038951,NA
"ENSMUSG00000072929",0,NA,NA,NA,NA,NA
"ENSMUSG00000072930",0.035545599359351,0,7.3561311249555,0,1,NA
"ENSMUSG00000072931",0.319498769142915,4.33153360338491,7.22924590223519,0.599168109919412,0.549060786305782,NA
"ENSMUSG00000072934",0.36453879320076,-1.67168445603357,7.35012471011412,-0.227436203052888,0.820084571828327,NA
"ENSMUSG00000072940",6.83050593410296,3.08822130458547,7.25001342882283,0.425960770266725,0.670136431920271,NA
"ENSMUSG00000072941",0.864190215592213,-0.649445394974983,4.04430244695759,-0.160582796042749,0.872422005801943,NA
"ENSMUSG00000072944",0.628714575732666,0.721607875231932,7.3452179381822,0.0982418603920303,0.921740243426577,NA
"ENSMUSG00000072945",0,NA,NA,NA,NA,NA
"ENSMUSG00000072946",674.955502712486,-0.508206239935854,0.261088680455063,-1.94648898240276,0.0515960301225058,0.170931919471926
"ENSMUSG00000072949",4.10283341375531,-1.06909241089853,1.29040580397364,-0.82849318222717,0.407391254437236,NA
"ENSMUSG00000072950",0.253637586264481,-2.49914478178848,7.29643659680926,-0.342515795022649,0.731962759343062,NA
"ENSMUSG00000072952",0,NA,NA,NA,NA,NA
"ENSMUSG00000072955",309.511893787528,-0.989028241924109,0.431310364998639,-2.29307784413488,0.0218435236964505,0.100178503436306
"ENSMUSG00000072963",13.7512539434787,1.08816528937832,0.917594066650855,1.18588963129419,0.235665888432501,NA
"ENSMUSG00000072964",200.013713805754,-0.39703927622692,0.284692703910007,-1.39462399553599,0.163129255215763,0.349866063746543
"ENSMUSG00000072966",3.33980597100993,0.671074278984935,2.92294846449915,0.229588132372332,0.818411829559694,NA
"ENSMUSG00000072968",1.92395304522217,-1.02253274936094,2.19952591318084,-0.464887793880185,0.642011812032236,NA
"ENSMUSG00000072969",71.197755563314,0.898009498251666,0.434307324994301,2.06768213790419,0.0386699226334003,0.143244470315564
"ENSMUSG00000072972",28.8136304505836,0.561615370559097,0.691837880300661,0.8117730852133,0.416921848628168,NA
"ENSMUSG00000072974",11.8742041346157,-1.26548900549624,1.00887954790961,-1.25435093626224,0.20971447752695,NA
"ENSMUSG00000072978",0.128255348653053,0,7.3561311249555,0,1,NA
"ENSMUSG00000072980",669.28799196898,0.0484535832689997,0.404804949756646,0.11969612352351,0.904723871262444,0.958336419570217
"ENSMUSG00000072983",0.332086247771513,0.481614115186693,7.18003315572904,0.0670768650702409,0.946520511406262,NA
"ENSMUSG00000072995",0.123871453760958,-1.6619655444805,7.34987993060107,-0.226121455067714,0.8211069579818,NA
"ENSMUSG00000073001",0.156576375064767,1.15691181105747,7.35588964506668,0.157276939551883,0.875026593636588,NA
"ENSMUSG00000073002",299.166808439229,-0.588862721107517,0.254877279250195,-2.31037746024224,0.0208672658502284,0.0977596791135107
"ENSMUSG00000073006",0.152293903541568,2.15949705612913,7.28487914716744,0.296435536198126,0.766897490209415,NA
"ENSMUSG00000073007",0.427482114069576,0,7.3561311249555,0,1,NA
"ENSMUSG00000073008",797.814246158535,-0.294145701660025,0.299483477829616,-0.98217672571364,0.326012791587399,0.536526787548101
"ENSMUSG00000073010",2.84475136796805,0.419842386989331,2.08143471139361,0.201708170182397,0.840144875005954,NA
"ENSMUSG00000073012",0.294519523210614,-0.520608121352855,7.15775806595699,-0.0727334057054707,0.942018265030299,NA
"ENSMUSG00000073016",26.7286032178627,0.370054312814276,0.622430001953452,0.594531612635778,0.552156604953399,NA
"ENSMUSG00000073027",0.106556248011919,2.74727956207311,7.26104728326191,0.378358583121489,0.705164231160339,NA
"ENSMUSG00000073028",9.75943157931058,1.16095344932065,4.3971215493596,0.264025780567683,0.791760053376269,NA
"ENSMUSG00000073043",0.381961233261588,-0.110321531403258,7.22276548684361,-0.0152741400235423,0.987813473348982,NA
"ENSMUSG00000073052",0.194638639227696,0.76901862161265,7.27891444282067,0.105650180071995,0.915859909570405,NA
"ENSMUSG00000073060",0,NA,NA,NA,NA,NA
"ENSMUSG00000073062",211.2763321949,-0.222543180836862,0.27939257890833,-0.796525024774834,0.425726936164338,0.628763000744731
"ENSMUSG00000073063",0.367508537258191,-1.69317893933692,7.35067132860385,-0.230343442611589,0.817824905717371,NA
"ENSMUSG00000073069",0.125572370755318,1.15375214809283,7.35590913341724,0.156846982088378,0.875365444707425,NA
"ENSMUSG00000073077",0.9275393417073,1.71433621695329,3.39824912611685,0.504476320990699,0.61392669775134,NA
"ENSMUSG00000073079",1238.92101345148,-0.085430070698098,0.272978318808366,-0.312955516287984,0.754314458547174,0.869652253643435
"ENSMUSG00000073085",0,NA,NA,NA,NA,NA
"ENSMUSG00000073094",0.0355187493373064,1.16171280725677,7.35565536667627,0.157934643392857,0.874508299155349,NA
"ENSMUSG00000073096",68.7646828582369,0.0473281724559238,0.365753757417938,0.129399005467613,0.897041934587589,0.954289660288239
"ENSMUSG00000073102",25.0858658642764,0.124285855163589,1.03726467928805,0.119820772504174,0.904625126413865,NA
"ENSMUSG00000073110",0,NA,NA,NA,NA,NA
"ENSMUSG00000073111",9.22664048766589,-0.297456394042449,0.928406672155539,-0.320394502714878,0.748669292293761,NA
"ENSMUSG00000073116",0.170621289265099,-1.8857932494196,7.34124316970444,-0.256876554260158,0.797274070394625,NA
"ENSMUSG00000073117",0.160097362251124,0,7.3561311249555,0,1,NA
"ENSMUSG00000073119",0.893038274761648,-0.466036589570748,7.10713455102253,-0.065573064112554,0.94771773466915,NA
"ENSMUSG00000073125",182.872748696772,-1.3661250858972,1.54093316756187,-0.886556999781331,0.375317453327541,0.584324265687407
"ENSMUSG00000073130",1.25704282891378,3.39367786061776,3.54094759423641,0.958409513357845,0.337856299941811,NA
"ENSMUSG00000073131",1325.7917870933,-0.671359803444737,0.234970501076873,-2.85720888523404,0.00427384476458154,0.0391538049099986
"ENSMUSG00000073139",129.235132351736,-0.154334381289523,0.350951378010764,-0.439760009390217,0.660110934439578,0.809035333894796
"ENSMUSG00000073141",0,NA,NA,NA,NA,NA
"ENSMUSG00000073158",4.96283721674508,-1.19506006163779,1.45985572259408,-0.818615184460995,0.413006000872587,NA
"ENSMUSG00000073173",0.0409190281194281,0,7.3561311249555,0,1,NA
"ENSMUSG00000073176",7.69258681307445,0.493197143906588,1.52446879758398,0.323520654990263,0.746300967459082,NA
"ENSMUSG00000073177",0.0829658431124282,1.55355545015495,7.33876370019683,0.211691711795174,0.832347554596508,NA
"ENSMUSG00000073179",16.8547666037425,0.282743450321844,0.616079933270768,0.458939554841137,0.646277572981986,NA
"ENSMUSG00000073184",1.72147292541725,2.42418774867378,2.47067477276587,0.981184482634254,0.326501774897652,NA
"ENSMUSG00000073197",10.9257260025539,-0.103624929779409,0.72301199921044,-0.143323941916,0.886034348114144,NA
"ENSMUSG00000073198",123.090067820577,-0.808152004556655,1.6761171235345,-0.482157239019474,0.629694250837495,0.787035166362561
"ENSMUSG00000073207",0.903397328731602,0,7.3561311249555,0,1,NA
"ENSMUSG00000073208",0.594954363584111,-1.3337450068615,6.04182154437608,-0.220752135273342,0.825285434614434,NA
"ENSMUSG00000073209",0.147721730419194,1.16032270442462,7.35571997343476,0.157744273655758,0.874658311886445,NA
"ENSMUSG00000073233",0,NA,NA,NA,NA,NA
"ENSMUSG00000073234",2.05435862293734,0,3.0896023145541,0,1,NA
"ENSMUSG00000073243",0,NA,NA,NA,NA,NA
"ENSMUSG00000073245",0.211529201656767,-4.02726385272576,7.24008410345249,-0.556245451735199,0.578043071561917,NA
"ENSMUSG00000073247",0,NA,NA,NA,NA,NA
"ENSMUSG00000073255",0,NA,NA,NA,NA,NA
"ENSMUSG00000073257",0.203090396877278,0,7.3561311249555,0,1,NA
"ENSMUSG00000073267",0,NA,NA,NA,NA,NA
"ENSMUSG00000073290",2.65135192009868,2.00270489674054,1.55157512695646,1.29075599495399,0.1967883012294,NA
"ENSMUSG00000073291",1.19822762748063,0.385141558406091,3.11399008710456,0.123681048311943,0.901567817689069,NA
"ENSMUSG00000073293",0.24322785482187,-1.67031190317289,7.35009025976991,-0.227250529468352,0.82022893849406,NA
"ENSMUSG00000073294",0.156267218236428,0.738811089537646,7.27963413691668,0.101490140251825,0.919161384085245,NA
"ENSMUSG00000073295",0.249574948440769,0,7.3561311249555,0,1,NA
"ENSMUSG00000073367",0.0414066693320352,0,7.3561311249555,0,1,NA
"ENSMUSG00000073371",0.581725052062465,0,5.44311465200791,0,1,NA
"ENSMUSG00000073375",0.0474375977968173,0,7.3561311249555,0,1,NA
"ENSMUSG00000073380",0.151917128826255,1.16102665150695,7.35568552535113,0.157840713486936,0.874582316037912,NA
"ENSMUSG00000073386",2.6896642720063,-1.59197190163727,1.95058465814282,-0.816151144730633,0.414413695167948,NA
"ENSMUSG00000073396",0.0407969102058399,0,7.3561311249555,0,1,NA
"ENSMUSG00000073399",0.214766840197958,-1.7975825757007,7.35332254485324,-0.244458551183623,0.806875699624415,NA
"ENSMUSG00000073400",0.983985637191479,-1.6704884145786,6.17896807846526,-0.2703507112135,0.78689045536606,NA
"ENSMUSG00000073402",10.4327547294853,-0.287075520863023,0.962857917446666,-0.298149410895741,0.765589130999527,NA
"ENSMUSG00000073403",729.788905380647,0.564325994621189,0.316344170830914,1.78389882493779,0.0744401068990278,0.213932130123175
"ENSMUSG00000073405",266.949548535722,0.269835674804619,0.380288618798406,0.709554957645631,0.477980159695848,0.67228711989093
"ENSMUSG00000073406",109.60789243527,0.501135310759805,0.43170172914228,1.16083693191472,0.245708220712772,0.452295300138874
"ENSMUSG00000073407",5.30740816641114,-0.759971739005741,1.10058115753119,-0.69051858084732,0.489868129231648,NA
"ENSMUSG00000073408",1.66326602462285,0.481359803125031,2.39943204906283,0.200614059194984,0.841000363917023,NA
"ENSMUSG00000073409",4793.81943448944,0.279387252493906,0.283439943386863,0.985701765091645,0.324279483071956,0.534963733338832
"ENSMUSG00000073411",35629.8370415787,0.0389610558771325,0.239438392788776,0.162718498998206,0.870740081018582,0.939310834455453
"ENSMUSG00000073412",302.007232599356,-0.4391910955901,0.274810399366214,-1.59816039204845,0.110007286054763,0.274022344209689
"ENSMUSG00000073413",0.0839232227842673,0,7.3561311249555,0,1,NA
"ENSMUSG00000073414",2.02429816826327,0.343300614670383,2.06047460182438,0.166612398117608,0.86767503777636,NA
"ENSMUSG00000073418",6.5954004823261,-0.105532710507625,1.22319931625283,-0.0862759724481496,0.931247038452048,NA
"ENSMUSG00000073420",0.741633250793826,-1.46131987269443,7.31366834542853,-0.199806691208228,0.841631768024816,NA
"ENSMUSG00000073421",1702.83534745559,0.990970489482138,0.603649390330446,1.64163255253131,0.100666177205938,0.259001864050154
"ENSMUSG00000073422",1335.60625650731,-0.272774083727831,0.229923431564116,-1.1863692267996,0.235476518921393,0.440016141689598
"ENSMUSG00000073423",822.131225096045,-0.623306770498194,0.438677329378011,-1.42087755339891,0.155352359606091,0.339348729779651
"ENSMUSG00000073424",0.14078351642889,0.82302535655476,7.34751296649386,0.11201414142553,0.910812193902172,NA
"ENSMUSG00000073427",136.352212442487,1.40900882430673,0.312009894079292,4.51591071643598,6.30452249339648e-06,0.00135478706189618
"ENSMUSG00000073433",141.182550926999,0.176185958706645,1.18852389750786,0.148239306820905,0.882153912127535,0.946523534058971
"ENSMUSG00000073434",134.559850698345,0.617402121522705,0.423718059709369,1.45710598681157,0.1450871260645,0.324623413568941
"ENSMUSG00000073435",688.38761774954,-0.555638743972955,0.194530714844592,-2.85630340903671,0.00428605338190162,0.0391590622363386
"ENSMUSG00000073436",91.9782070959803,-0.231326229777731,0.386652152449193,-0.598279948300891,0.549653153749337,0.731169617119123
"ENSMUSG00000073448",3.59054779807877,-2.02299508376726,2.19063770055147,-0.92347314357732,0.355760689784018,NA
"ENSMUSG00000073457",0.528913386869355,-2.42742186713405,7.24602840429784,-0.335000324549415,0.737624841394963,NA
"ENSMUSG00000073458",0.163286851284133,2.14937791670147,7.28512411375332,0.295036554373005,0.767965955566199,NA
"ENSMUSG00000073460",4.67340028582576,0.869124627748699,1.35735343134545,0.640308270254414,0.521972205104039,NA
"ENSMUSG00000073468",2906.26279921673,-0.449029936294605,0.211502524131496,-2.12304764748544,0.0337498593343518,0.131864568980264
"ENSMUSG00000073471",151.263101064447,-0.679326080660057,0.367294327414414,-1.8495414438938,0.0643796692068713,0.196235901976541
"ENSMUSG00000073481",1704.16813430328,-0.440095612101838,0.153017954920741,-2.8761043913428,0.00402616533719397,0.0379034708172975
"ENSMUSG00000073486",1.74764879111926,1.04185801761083,2.96950278930942,0.350852681924275,0.725698871883276,NA
"ENSMUSG00000073489",63.5592047594021,1.23346997608808,0.481541973732626,2.5615004368715,0.0104221110197064,NA
"ENSMUSG00000073490",16.9175157822687,0.575988131283027,1.35260961834853,0.425834714961056,0.670228289097352,NA
"ENSMUSG00000073491",1513.86227888663,0.200419635551577,0.361164531201107,0.554926129886153,0.57894518831039,0.751526354096941
"ENSMUSG00000073492",9.4952027870113,1.77418883755032,1.16215165931447,1.5266414011721,0.126850206124993,NA
"ENSMUSG00000073494",1.13770526242508,-1.49498770848448,5.27291177718306,-0.28352223053562,0.776776542979157,NA
"ENSMUSG00000073497",0.444445811489015,-1.1094717087861,6.58812317528532,-0.168404821717386,0.866264815097105,NA
"ENSMUSG00000073510",0.125206505951649,0,7.3561311249555,0,1,NA
"ENSMUSG00000073514",2.78752513629736,2.00387080511359,1.5272654830023,1.3120644887321,0.189498376479655,NA
"ENSMUSG00000073530",3.35997742683894,0.159350405928636,2.49878567858415,0.0637711378348087,0.949152460137002,NA
"ENSMUSG00000073532",0.0761524196209141,-2.55627499047924,7.29465809108018,-0.350431090609309,0.726015196884991,NA
"ENSMUSG00000073542",159.089343872895,-0.641789827387036,0.371693072620271,-1.72666609808653,0.0842276475923752,0.230905745319071
"ENSMUSG00000073551",3.02448568217758,-0.471407833423717,1.52899053236615,-0.308313114728187,0.757844087690608,NA
"ENSMUSG00000073554",0.285163674165393,0,7.3561311249555,0,1,NA
"ENSMUSG00000073555",47.0164922043202,-0.354555006037143,0.626971332450538,-0.565504334386953,0.571730776973286,NA
"ENSMUSG00000073557",89.4058054731346,1.31590881852402,0.631649886886789,2.08328829917114,0.0372249526397285,0.140178535940463
"ENSMUSG00000073559",65.7324413101656,-0.566482261546811,0.432331314755515,-1.31029662255013,0.190095509598194,0.384993279150841
"ENSMUSG00000073563",592.708327644739,0.18197616047218,0.217545559263897,0.836496782963199,0.402875485803197,0.608282293747457
"ENSMUSG00000073565",0.0851549481264175,0,7.3561311249555,0,1,NA
"ENSMUSG00000073568",0.910303456092275,-0.85039641760941,4.17687773574486,-0.203596195869439,0.83866906613829,NA
"ENSMUSG00000073569",1.97376111532582,-3.9607861495099,3.10951464132017,-1.27376346677317,0.202747256153616,NA
"ENSMUSG00000073572",0,NA,NA,NA,NA,NA
"ENSMUSG00000073573",0.251408087250448,3.48591655273798,7.2516160947009,0.480708921599601,0.630723389453656,NA
"ENSMUSG00000073574",0.0882562223783371,0,7.3561311249555,0,1,NA
"ENSMUSG00000073591",10.3886625295218,0.427563669945653,0.914483502200093,0.467546619394453,0.640108846141444,NA
"ENSMUSG00000073598",138.364607923708,0.26067993265891,0.365807851376857,0.712614373031476,0.47608441526432,0.670845302762838
"ENSMUSG00000073599",1.11417745534857,1.72567882351209,4.28974757818846,0.402279805992881,0.68747811469042,NA
"ENSMUSG00000073600",2.50907185978959,2.17211725692115,2.04695893412456,1.06114354358072,0.288624671745542,NA
"ENSMUSG00000073601",0.292277975741198,-0.231680897597126,7.34999512273757,-0.031521231474074,0.974853860288867,NA
"ENSMUSG00000073602",0.233633078299305,2.15682683728763,7.28494364111682,0.296066372444438,0.767179394227258,NA
"ENSMUSG00000073607",41.1434296569827,1.06094170990295,0.799240511966943,1.32743735335932,0.184364050255917,NA
"ENSMUSG00000073608",21.9808635766616,0.733438775482921,0.722777138137968,1.01475093328549,0.310224568348255,NA
"ENSMUSG00000073609",124.048317485107,-0.00342149267735434,0.274650335119783,-0.0124576315403443,0.990060505219766,1
"ENSMUSG00000073616",6446.2866346461,-0.762889434741811,0.217736607999207,-3.50372609251169,0.000458797002743495,0.0134640666334825
"ENSMUSG00000073631",0.315341470471725,2.11616894259018,7.28593649800496,0.290445702233286,0.77147528445191,NA
"ENSMUSG00000073633",63.9095545341069,-0.708440580715164,0.480434792993267,-1.4745821723305,0.140324910765789,NA
"ENSMUSG00000073639",872.561207786702,-0.631005658710385,0.183842034613849,-3.4323252570381,0.000598429385950733,0.0153648687795402
"ENSMUSG00000073640",15143.2083007888,-0.656109833083732,0.230113749671351,-2.85124132747734,0.00435489035244118,0.039491423603902
"ENSMUSG00000073643",455.016779542969,0.46023596387365,0.305085045251581,1.50854973403933,0.131413887960357,0.3063162109004
"ENSMUSG00000073647",44.4514479056316,-0.282970874444322,0.487182523127447,-0.580831333250221,0.561354135200208,NA
"ENSMUSG00000073650",1.379518332657,0.678296197295285,2.67768924678106,0.253314008752393,0.800025571643056,NA
"ENSMUSG00000073658",0.0825828799894548,-1.67079713365536,7.3501037711649,-0.227316128543661,0.820177932590031,NA
"ENSMUSG00000073664",286.596958616196,1.03359721972522,0.372588933081702,2.77409533121739,0.00553554543779603,0.0444396948383739
"ENSMUSG00000073676",4907.58883414606,-1.08829433358875,0.279601360161853,-3.89230700794434,9.92954808730287e-05,0.00743587748810522
"ENSMUSG00000073678",163.831040710038,0.831141887129188,0.476140149334664,1.74558244729117,0.0808835344922104,0.22553843115811
"ENSMUSG00000073680",87.8430139809483,0.476399717043349,0.380084977663216,1.25340317308061,0.210059017286898,0.409401776522837
"ENSMUSG00000073682",14.3233773097305,1.21240114611348,0.996853187115729,1.21622838927908,0.223897931997295,NA
"ENSMUSG00000073684",1057.08990681629,-0.641376016392766,0.245789031595659,-2.60945743684721,0.00906859267571503,0.0590923128539506
"ENSMUSG00000073700",143.928428405559,-0.0426106559626107,0.269643047253412,-0.158026162352945,0.874436183157197,0.941693176872087
"ENSMUSG00000073702",8628.11026282367,-0.517407036064217,0.253988302347818,-2.03712939250118,0.0416370771437808,0.150322318322233
"ENSMUSG00000073705",759.463237013593,-0.479484233169876,0.286648807001958,-1.67272363065024,0.0943817150472708,0.248525107416695
"ENSMUSG00000073716",0.543514713074477,-2.42189429393002,7.24603482855669,-0.334237186438204,0.738200585209718,NA
"ENSMUSG00000073721",0.378089184075374,-0.843401689528275,7.14957450883773,-0.117965298282538,0.906095153810047,NA
"ENSMUSG00000073722",0.376319347305513,-2.55419359357163,7.29472173113848,-0.350142704233489,0.726231603551472,NA
"ENSMUSG00000073723",0,NA,NA,NA,NA,NA
"ENSMUSG00000073724",495.122413252987,0.444891439342697,0.405091529033612,1.09824917939911,0.272095696711212,0.483148035819223
"ENSMUSG00000073725",485.55223537135,0.148677888299193,0.370377452119604,0.401422622917071,0.688108996123849,0.830013108808328
"ENSMUSG00000073730",0.0795861426950908,0,7.3561311249555,0,1,NA
"ENSMUSG00000073733",87.2943289240896,0.251621267876263,0.422027398904508,0.596220218235634,0.551028120625261,0.731708631409434
"ENSMUSG00000073735",0,NA,NA,NA,NA,NA
"ENSMUSG00000073737",2.98318554944319,-2.61252801859046,2.46391955344738,-1.06031384625978,0.289001842090788,NA
"ENSMUSG00000073747",0.236773889019193,-0.444680151815756,7.34073179677563,-0.0605770874248639,0.951696021590903,NA
"ENSMUSG00000073752",0.133061191546602,0,7.3561311249555,0,1,NA
"ENSMUSG00000073753",4.46762080369475,1.53629240490163,1.21354768274064,1.26595141398326,0.205530477504088,NA
"ENSMUSG00000073755",5.00767874547031,-0.511787777860472,1.36555452109187,-0.374783847847581,0.707821227726478,NA
"ENSMUSG00000073758",3.92222742930055,1.47333214298075,1.37568859713346,1.07097794228342,0.284179347755318,NA
"ENSMUSG00000073761",97.4009235175231,0.693551202246564,0.473214032325316,1.46561841972128,0.14275227029234,0.321583627619988
"ENSMUSG00000073764",0.314984128172222,-1.69438758615538,7.26768506816835,-0.233139929738646,0.815652749622253,NA
"ENSMUSG00000073768",19.7222042277431,1.12506747511895,0.689974995933188,1.63059166165478,0.102976509775943,NA
"ENSMUSG00000073769",0.312847059774474,-2.71917436829469,7.24052918894108,-0.37554912042173,0.707252122267752,NA
"ENSMUSG00000073771",287.669562936854,-0.440930559382379,0.228321050408589,-1.93118662774771,0.0534599770901077,0.174579409823493
"ENSMUSG00000073774",0.296142773942667,0.728333487651187,7.22570046643014,0.100797630767418,0.919711107636978,NA
"ENSMUSG00000073775",527.225046530931,-0.555035396670737,0.205720225391134,-2.69801083299152,0.00697551706785543,0.0504411018403445
"ENSMUSG00000073785",0.204103337976847,-0.232352230623377,7.35002191453043,-0.0316124541294271,0.974781111395505,NA
"ENSMUSG00000073786",0.0710374986746129,2.16226366003378,7.28481246100722,0.296818026765623,0.766605441993722,NA
"ENSMUSG00000073789",0.081236158750911,0,7.3561311249555,0,1,NA
"ENSMUSG00000073791",66.7563888444369,-0.342247747377859,0.581472953303319,-0.588587561009617,0.556137980247109,0.734851481719379
"ENSMUSG00000073792",214.795196612023,0.359505975244476,0.340610904705282,1.05547406227508,0.291208566046761,0.502723834329765
"ENSMUSG00000073794",2.86023238875898,2.61287641564007,1.84229391690541,1.41827337737131,0.156110966171021,NA
"ENSMUSG00000073795",13.9768693484952,1.34040937729978,0.997004590024792,1.34443651585039,0.178807272351972,NA
"ENSMUSG00000073797",0,NA,NA,NA,NA,NA
"ENSMUSG00000073802",7.11429369635726,2.14887665774475,1.98861549578357,1.08058931568269,0.279879837289843,NA
"ENSMUSG00000073804",1.12060841648492,2.44573255375136,2.58172273593785,0.947325799051348,0.34347278841869,NA
"ENSMUSG00000073805",1.12380442717722,3.35796785538006,3.29653089111245,1.01863685380084,0.308375401235132,NA
"ENSMUSG00000073807",0.0427517828843511,0,7.3561311249555,0,1,NA
"ENSMUSG00000073809",0,NA,NA,NA,NA,NA
"ENSMUSG00000073811",0,NA,NA,NA,NA,NA
"ENSMUSG00000073830",0.311625258926777,0.0251645536917306,7.17072197223802,0.00350934728597163,0.99719995172937,NA
"ENSMUSG00000073834",0.645735942324079,1.34570412950747,5.75522726509994,0.233822934789718,0.815122443677455,NA
"ENSMUSG00000073835",0,NA,NA,NA,NA,NA
"ENSMUSG00000073838",974.918273050252,-0.102806421604919,0.213428750281196,-0.481689657412462,0.630026424339675,0.787187779010954
"ENSMUSG00000073840",0.0811605644940859,0,7.3561311249555,0,1,NA
"ENSMUSG00000073842",0.238968089577376,-3.27127566184638,7.25541049193113,-0.45087396026516,0.652080392078158,NA
"ENSMUSG00000073844",0.359403855076266,-2.0514844949276,7.25559220631893,-0.282745286200202,0.777372098708817,NA
"ENSMUSG00000073856",6.20718770060338,-0.0186647115893784,1.51646811993001,-0.012308014487136,0.990179873204488,NA
"ENSMUSG00000073876",0.330403629997047,-2.46245467481128,7.33324347229282,-0.335793388575624,0.737026676143505,NA
"ENSMUSG00000073877",0.822103932527701,1.24173948249806,5.54287997885843,0.224024241411375,0.822738440649184,NA
"ENSMUSG00000073878",0.241038454684378,-3.13186494110604,7.26788610563414,-0.430918274665612,0.666527795176142,NA
"ENSMUSG00000073879",0.418810368056614,0.3075425667939,7.15945761072767,0.0429561264994545,0.965736507528635,NA
"ENSMUSG00000073888",84.456778046275,8.60080976499164,1.52946928562852,5.62339488985372,1.87240710441489e-08,1.15679651419632e-05
"ENSMUSG00000073889",28.7420591245394,0.729653550045669,0.54445938889767,1.34014320429472,0.18019879223172,NA
"ENSMUSG00000073893",43.3076054657178,0.661796517337373,0.570380480502779,1.16027202886398,0.245938068989719,NA
"ENSMUSG00000073894",0.191376717828347,2.1604728520868,7.284855629192,0.296570441757187,0.766794480154238,NA
"ENSMUSG00000073896",12.4332252812408,0.345883987418606,0.94914407046156,0.364416739442312,0.715546837335169,NA
"ENSMUSG00000073897",0.996177430764,1.10590064704866,2.82441311156779,0.391550599492436,0.695390294892401,NA
"ENSMUSG00000073898",3.07907982668314,0.447064175604516,1.3916798919727,0.321240666178487,0.748028016756625,NA
"ENSMUSG00000073899",0.225005980761455,2.08219995364288,7.24128291100384,0.287545726252288,0.773694494990361,NA
"ENSMUSG00000073900",3.51604712341403,0.0019459898853029,1.42678736150879,0.00136389621733477,0.998911768603042,NA
"ENSMUSG00000073901",0.339020868709501,2.18925454144592,7.2720161723024,0.30105193519568,0.763374891833579,NA
"ENSMUSG00000073902",324.907027146698,0.889482515519954,1.069361446973,0.831788464076178,0.405528356480933,0.61050148689424
"ENSMUSG00000073906",0.239819053692435,1.15386975259621,7.35603846026782,0.156860212032415,0.875355017798409,NA
"ENSMUSG00000073907",2.11809415781936,0.11590644437089,2.09387632458338,0.055354961995643,0.955855675909214,NA
"ENSMUSG00000073908",0.114449513131118,-2.55993288277049,7.29454425728801,-0.350938015108052,0.725634851067468,NA
"ENSMUSG00000073909",0,NA,NA,NA,NA,NA
"ENSMUSG00000073910",46.354407904072,0.105434070799948,0.597777427788887,0.176376801629893,0.859997928570088,NA
"ENSMUSG00000073913",11.9391873941092,0.921973620260877,0.938816739659657,0.982059204222449,0.326070682013546,NA
"ENSMUSG00000073914",0.138421796544185,1.38723252875364,7.29852737621194,0.190070195978855,0.849254124489933,NA
"ENSMUSG00000073915",8.21670057108688,0.63692658956093,0.929140751383751,0.685500650587511,0.493028050237095,NA
"ENSMUSG00000073916",0.0380762098104571,-1.67431590235222,7.3501929692546,-0.227792101425878,0.819807867435575,NA
"ENSMUSG00000073917",0.0990376967467896,0,7.3561311249555,0,1,NA
"ENSMUSG00000073920",1.98824894147673,2.15592325588792,2.54920471369268,0.845723862155005,0.397706808198111,NA
"ENSMUSG00000073922",0.681427606912209,-0.243929982098239,6.82447513627216,-0.0357434054967464,0.971486960066905,NA
"ENSMUSG00000073923",0.169055126365361,1.73971863095789,7.27260443460358,0.2392153521619,0.810938598898465,NA
"ENSMUSG00000073924",34.7600379650044,0.254991996244792,0.606221506007407,0.420625124179736,0.67402884461349,NA
"ENSMUSG00000073925",6.09551562474036,0.960824240192297,1.04712962075467,0.91757908586315,0.358839271283455,NA
"ENSMUSG00000073926",4.48900854703161,0.384734865782026,1.49067802742264,0.258093873193548,0.79633445992445,NA
"ENSMUSG00000073927",4.55917230429981,0.416509762850668,1.33653922011655,0.31163302698618,0.755319431391811,NA
"ENSMUSG00000073928",0.0759763526730987,1.2741239682012,7.35036918370294,0.173341492972375,0.862383010636639,NA
"ENSMUSG00000073929",0.708238445777264,-2.4627463673102,5.74893953154464,-0.428382722378105,0.668372501575514,NA
"ENSMUSG00000073931",30.2172160077219,0.153542248321631,0.957202278258827,0.160407315996916,0.872560226912327,NA
"ENSMUSG00000073932",1.82417709579646,1.49542024381597,2.15153966760708,0.695046559601275,0.487026123612009,NA
"ENSMUSG00000073937",5.15566590604999,-0.536308498811229,1.78191726474278,-0.30097272719822,0.763435291386751,NA
"ENSMUSG00000073938",0.209016996694503,-2.32977335159595,7.33800288889309,-0.317494199289882,0.750868640274023,NA
"ENSMUSG00000073940",93.261491787386,-0.245445628408078,1.70035254694799,-0.144349846064945,0.885224218965556,0.948454520320239
"ENSMUSG00000073943",0.035583895638899,0,7.3561311249555,0,1,NA
"ENSMUSG00000073944",0.0434922688142794,0,7.3561311249555,0,1,NA
"ENSMUSG00000073945",0.501747346608521,-4.12851491537267,7.24674194272676,-0.56970635190291,0.568876881177394,NA
"ENSMUSG00000073946",0.166348773928477,1.57395331715739,7.30210585463607,0.215547863656084,0.829340199135537,NA
"ENSMUSG00000073947",0.0851549481264175,0,7.3561311249555,0,1,NA
"ENSMUSG00000073948",0.0786976784156313,-1.67310751035022,7.35016233657065,-0.22762864733282,0.819934947181937,NA
"ENSMUSG00000073949",0.116558941372542,-1.73988507769175,7.35185648712929,-0.236659282010976,0.812921125889013,NA
"ENSMUSG00000073950",0.109093988022584,0.771982885582588,7.27885074818479,0.1060583479851,0.915536058186357,NA
"ENSMUSG00000073951",0.110728041327681,0,7.3561311249555,0,1,NA
"ENSMUSG00000073952",3.90910537240797,0.221525949992372,1.07968843142449,0.205175811414504,0.837434767110617,NA
"ENSMUSG00000073953",11.8005950000347,0.610129006327318,0.981085071035385,0.621892050282062,0.534012852810243,NA
"ENSMUSG00000073954",0.385801368713999,2.2709099372574,7.27014560638228,0.312360998005848,0.754766187577197,NA
"ENSMUSG00000073955",0,NA,NA,NA,NA,NA
"ENSMUSG00000073956",1.25576556632943,1.65386904378709,3.24974877613969,0.508922122205301,0.610806812919896,NA
"ENSMUSG00000073959",0.174311470159726,0.679621701955979,7.34389310585644,0.0925424284040859,0.926267082837581,NA
"ENSMUSG00000073960",0.0828133386640704,0,7.3561311249555,0,1,NA
"ENSMUSG00000073961",0.188752736492835,2.50178355541841,7.25930658312224,0.344631202274197,0.730371645253211,NA
"ENSMUSG00000073962",0.327020364410728,0.663042796714846,7.2820081077514,0.0910521914977084,0.927451120431326,NA
"ENSMUSG00000073963",0.0434922688142794,0,7.3561311249555,0,1,NA
"ENSMUSG00000073964",0.0458889004883165,0,7.3561311249555,0,1,NA
"ENSMUSG00000073965",0.116721047480353,-2.54709419670511,7.29493944587216,-0.349159059592521,0.726969900000916,NA
"ENSMUSG00000073966",0.0381979668618393,0,7.3561311249555,0,1,NA
"ENSMUSG00000073967",0.376304169676086,0,7.3561311249555,0,1,NA
"ENSMUSG00000073968",89.6722697855599,0.0486241655950795,0.352500049887906,0.137940875782973,0.890287144976149,0.951061263255568
"ENSMUSG00000073969",1.00566487746116,-2.63190746633758,3.72165386915895,-0.707187599617468,0.479449903604945,NA
"ENSMUSG00000073970",0.0381979668618393,0,7.3561311249555,0,1,NA
"ENSMUSG00000073971",16.6591904440028,-0.644960474682968,0.68717289500619,-0.938570888592976,0.347951105131071,NA
"ENSMUSG00000073972",0.337405829466084,-1.18611214137978,7.25310757752593,-0.163531579905832,0.870099910642684,NA
"ENSMUSG00000073973",128.141319941282,0.556426168230688,0.602188142355798,0.924007181632494,0.355482576701564,0.564761374267914
"ENSMUSG00000073974",0.589540407446114,-2.46897737217798,6.11591082879262,-0.403697411766449,0.686435243111906,NA
"ENSMUSG00000073975",0.738510332361222,4.1584398169594,4.4437095462046,0.935803695925884,0.349374268227228,NA
"ENSMUSG00000073977",0.580363818249055,0.0104234204584478,5.88140497397324,0.00177226708661862,0.998585936194214,NA
"ENSMUSG00000073978",0.42075518671355,4.06015949652489,7.24694199817006,0.560258312754557,0.575303257488825,NA
"ENSMUSG00000073979",0,NA,NA,NA,NA,NA
"ENSMUSG00000073980",7.39746429200074,-0.546368765676693,1.02212254642997,-0.534543306558521,0.592965695668774,NA
"ENSMUSG00000073982",2613.84517449291,-0.706236022592428,0.28408676524856,-2.48598706094073,0.0129192662781863,0.0731425814203157
"ENSMUSG00000073987",936.969981195841,0.639347825030087,0.214604891967916,2.97918569873828,0.0028901556440436,0.0322087807681748
"ENSMUSG00000073988",0.121854238126367,0,7.3561311249555,0,1,NA
"ENSMUSG00000073991",0.131272554886656,0,7.3561311249555,0,1,NA
"ENSMUSG00000073997",0.133714111830559,0,7.3561311249555,0,1,NA
"ENSMUSG00000073998",0.170288340335872,0,7.3561311249555,0,1,NA
"ENSMUSG00000074001",0.530217294533268,1.48367467880147,7.24991390891408,0.204647213393421,0.837847765019913,NA
"ENSMUSG00000074003",1.02545598065893,1.83084954586179,6.18772771072248,0.295883987055406,0.767318680309408,NA
"ENSMUSG00000074004",0.546909728947103,0,6.28235521481066,0,1,NA
"ENSMUSG00000074006",0.587394243908009,0.765667021743961,4.78274307166363,0.160089515633887,0.872810559970092,NA
"ENSMUSG00000074011",0.397042287065239,4.64537952871794,7.2256910413205,0.642897613827258,0.520290537853752,NA
"ENSMUSG00000074026",0.0425774740632087,0,7.3561311249555,0,1,NA
"ENSMUSG00000074028",0.549464187843075,-1.69003860803728,7.14925850859387,-0.236393551304061,0.813127299727206,NA
"ENSMUSG00000074029",2.62575462332045,2.1548666729703,2.33957460905601,0.921050632294114,0.357023992933977,NA
"ENSMUSG00000074030",192.903167393836,-0.0471676610714646,0.228790268148765,-0.206161133745405,0.836665046446279,0.920676164323886
"ENSMUSG00000074034",8.46422558914533,-0.977756557682028,1.08797501591835,-0.898693943680969,0.368815703795263,NA
"ENSMUSG00000074037",12.9141500408934,1.26383233250866,0.724177213450409,1.74519759671394,0.0809504794424464,NA
"ENSMUSG00000074059",0.035583895638899,0,7.3561311249555,0,1,NA
"ENSMUSG00000074060",0.298067273438019,-1.78926528619277,7.3531110326615,-0.243334457788696,0.807746312975032,NA
"ENSMUSG00000074061",7.64608566020699,0.0883977888010696,1.11475200069432,0.0792981656422339,0.936795465314277,NA
"ENSMUSG00000074062",0.368501014045272,-1.35046120202862,7.28818138336198,-0.185294675172541,0.852997914311555,NA
"ENSMUSG00000074063",5.41256476282906,0.750865688187529,1.50708556834259,0.498223660261898,0.618326407669366,NA
"ENSMUSG00000074064",132.341356318267,-0.67311048380123,0.32549157977575,-2.06798124936127,0.038641786321711,0.143244470315564
"ENSMUSG00000074065",2.13917704552344,0.0258539931822966,2.0822254164961,0.0124165198337666,0.990093305078857,NA
"ENSMUSG00000074071",892.792279993748,0.0630057804879397,0.158923601881586,0.396453262712264,0.691770680089336,0.832169875466237
"ENSMUSG00000074072",0.0380762098104571,-1.67431590235222,7.3501929692546,-0.227792101425878,0.819807867435575,NA
"ENSMUSG00000074088",805.147541116533,0.0401433668633266,0.23980775154273,0.167398120390507,0.867056804020505,0.937332936968082
"ENSMUSG00000074092",0.898366933115222,2.70550449918683,3.01392494014289,0.897668174529442,0.36936248133781,NA
"ENSMUSG00000074093",17.1688882869421,-2.29723851644741,1.38023795919187,-1.66437859584186,0.0960367947121784,NA
"ENSMUSG00000074102",261.471673286362,-0.215630218971968,0.185244641484074,-1.16402945447956,0.244412075408453,0.450832872814436
"ENSMUSG00000074108",3.33479480366491,0.764450165055659,1.55019244869085,0.493132427332647,0.62191901961047,NA
"ENSMUSG00000074109",0.511138024130046,-3.76770325429179,7.25107259977352,-0.519606334435194,0.60333798217602,NA
"ENSMUSG00000074111",0,NA,NA,NA,NA,NA
"ENSMUSG00000074115",0.247318848227635,3.63055970268147,7.26230094839362,0.499918652294977,0.617132358029515,NA
"ENSMUSG00000074121",4.45760823582505,-0.748389406810488,1.84131449463866,-0.40644301068045,0.684417122513381,NA
"ENSMUSG00000074123",0.185304766457076,-0.693462544838082,7.19555544028117,-0.0963737338407588,0.923223752362209,NA
"ENSMUSG00000074127",0.154633745129412,0,7.3561311249555,0,1,NA
"ENSMUSG00000074129",26574.3191705029,-0.467187039029742,0.244790386580261,-1.90851873538164,0.0563242040120281,0.180066221429139
"ENSMUSG00000074139",4.48810083927493,0.506772535414734,1.13473976189713,0.446598023997573,0.655165322588196,NA
"ENSMUSG00000074141",17.6284326760049,0.526350777015693,0.767783661426301,0.685545686187041,0.492999641665458,NA
"ENSMUSG00000074151",1463.00134889771,0.356028662671201,0.189959718598691,1.87423241778615,0.060898397789749,0.189540510753044
"ENSMUSG00000074155",0.0474375977968173,0,7.3561311249555,0,1,NA
"ENSMUSG00000074156",0.166328167521455,0,7.3561311249555,0,1,NA
"ENSMUSG00000074158",14.0492042103352,-0.826468947038237,0.840200083429762,-0.983657301799503,0.325284040481989,NA
"ENSMUSG00000074164",2.13447455250763,-0.0536244550812923,2.62931309115969,-0.0203948534168826,0.983728389376182,NA
"ENSMUSG00000074165",203.202482792405,-0.452450615506325,0.39681644182131,-1.14020128155392,0.254202453715036,0.463871378064081
"ENSMUSG00000074166",254.715785215583,-0.815066614860909,0.347744121553808,-2.34386885166883,0.0190848808904095,0.0930246783045846
"ENSMUSG00000074170",165.478353285297,-1.42548227209412,0.76433656659465,-1.86499290285832,0.062182399017102,0.192446153501582
"ENSMUSG00000074178",7.87254724611855,-1.08488099109813,0.982480233107439,-1.10422678700294,0.269494772525513,NA
"ENSMUSG00000074179",0.231009646632401,1.92845976310191,7.29090050172592,0.26450227412175,0.791392912697384,NA
"ENSMUSG00000074182",422.57023213455,-0.543442410948745,0.235274922821342,-2.30981867694167,0.0208981948393383,0.0978118636301415
"ENSMUSG00000074183",0.0518890382827822,0,7.3561311249555,0,1,NA
"ENSMUSG00000074184",1.92667871644128,-0.28686099985399,2.00106691619945,-0.143354026560398,0.88601058937317,NA
"ENSMUSG00000074194",28.335241210824,0.846543022630327,0.644937709019337,1.3125965667561,0.189318927112843,NA
"ENSMUSG00000074195",0.536467243552405,-1.69036849003029,7.13495060335032,-0.236913832204606,0.812723638891062,NA
"ENSMUSG00000074196",1.54768987240641,-0.249145149647871,2.32107099996696,-0.10734059822014,0.914518777858083,NA
"ENSMUSG00000074199",0,NA,NA,NA,NA,NA
"ENSMUSG00000074203",200.151942395942,-0.64721257710864,0.382151577829359,-1.69360173987725,0.0903409872220288,0.241879918388341
"ENSMUSG00000074206",14.7443457525994,0.475715737274793,0.784536002510325,0.606365719039813,0.544271927199126,NA
"ENSMUSG00000074207",5.49693225782113,-0.423573943361591,2.71592968557901,-0.155959097767028,0.876065261884706,NA
"ENSMUSG00000074210",0,NA,NA,NA,NA,NA
"ENSMUSG00000074211",391.286266983149,-0.0618862458804512,0.289492954266636,-0.21377461858174,0.830722818847361,0.916586121699538
"ENSMUSG00000074212",1936.56670769014,0.415633336820152,0.281510841180577,1.47643811896232,0.139826315896961,0.317998713273365
"ENSMUSG00000074213",9.44057719896994,-0.680580242729254,1.00457558353959,-0.677480374678482,0.498101217739351,NA
"ENSMUSG00000074215",15.0201860612774,0.174230085366469,0.638680401643253,0.272796980959795,0.78500928042322,NA
"ENSMUSG00000074217",72.6502691631585,-3.11598129105215,1.01106300867246,-3.08188635557292,0.00205693350627163,0.0277212352493685
"ENSMUSG00000074218",91.7957743283322,0.306512962346399,0.523262568088478,0.585772766942066,0.558028226781577,0.736381296102962
"ENSMUSG00000074219",4.62065385958131,-0.445320979135089,1.39933302394886,-0.318238025912097,0.750304390414418,NA
"ENSMUSG00000074220",101.686720863407,-0.365187829389702,0.458192295694112,-0.797018703329529,0.425440169018367,0.628433363829432
"ENSMUSG00000074221",100.205288614372,0.325959083604509,0.406405475393528,0.80205386821838,0.422521798542473,0.626181106235733
"ENSMUSG00000074224",1.13181018542609,-1.20875422171917,4.92898830469327,-0.245233737026362,0.806275455405236,NA
"ENSMUSG00000074227",948.312283821284,-0.248387134809887,0.244821157282194,-1.01456564280342,0.310312923781494,0.521645852228533
"ENSMUSG00000074228",0.270118773020073,0,7.3561311249555,0,1,NA
"ENSMUSG00000074232",5.26357270505555,-1.73654212076199,1.47253034314335,-1.17929123080415,0.238282228907651,NA
"ENSMUSG00000074236",0.16713542928007,1.14932498866655,7.35606538115217,0.156241812587931,0.875842419738193,NA
"ENSMUSG00000074238",571.372598943356,0.759668414913864,0.333597305048506,2.27720189407228,0.0227741720910551,0.102836048726193
"ENSMUSG00000074240",4.72750045823038,0.331656353623542,1.50461892141062,0.22042548375811,0.825539800272802,NA
"ENSMUSG00000074243",0.119280564242569,-1.66789859063959,7.35003030101367,-0.226924042804227,0.820482806235475,NA
"ENSMUSG00000074247",1749.25568783854,-0.452321605559254,0.249564054736659,-1.81244693285876,0.0699171665793515,0.205626501192035
"ENSMUSG00000074248",0.190441963588856,-1.53580470822153,7.27135081768582,-0.21121312211839,0.832720971754798,NA
"ENSMUSG00000074250",12.1641552975399,0.245073172734098,0.706769868762209,0.346751019767301,0.72877837716656,NA
"ENSMUSG00000074254",0.170854711437838,0,7.3561311249555,0,1,NA
"ENSMUSG00000074259",0.627324822010368,-0.110974579136365,7.21683686543373,-0.0153771771768733,0.987731271249395,NA
"ENSMUSG00000074261",0.318111604580716,-3.54279810734821,7.25436168659628,-0.488367999888145,0.625289203854119,NA
"ENSMUSG00000074264",6.24333630068754,-0.0247958492798638,1.4647584800848,-0.016928285186257,0.986493827682284,NA
"ENSMUSG00000074268",3.60721854225671,-0.705776665800194,1.95032198493918,-0.361876998388141,0.717443949313714,NA
"ENSMUSG00000074269",4.17605398279654,0.799112263821515,1.25219578953547,0.638168783587719,0.523363815329557,NA
"ENSMUSG00000074272",19.0817426320705,1.30960663477116,0.749221917892425,1.74795558364751,0.0804717188213748,NA
"ENSMUSG00000074277",78.0155182615478,0.35504888199579,0.693382775889113,0.512053218426888,0.608613764193344,0.77288631282775
"ENSMUSG00000074280",1.14881814555959,0,5.25037596363615,0,1,NA
"ENSMUSG00000074282",66.4491349113305,-0.967248791327503,0.394224716121833,-2.45354680153687,0.014145513075902,0.0774243614370382
"ENSMUSG00000074283",3.17130979578936,-0.698990921575646,1.53297676704595,-0.455969677167776,0.648411783416644,NA
"ENSMUSG00000074291",0.0821364962804636,0,7.3561311249555,0,1,NA
"ENSMUSG00000074300",4.10499025676762,1.35852888440039,1.29341654829264,1.05034135073785,0.293561200000034,NA
"ENSMUSG00000074302",0,NA,NA,NA,NA,NA
"ENSMUSG00000074305",529.247959323216,0.330121828507387,0.195594617311532,1.68778585548491,0.0914523437543008,0.243864693286016
"ENSMUSG00000074311",0.621320125226143,-3.73396007607242,6.91727089564023,-0.539802493267372,0.589333247447926,NA
"ENSMUSG00000074322",0.0404375189352384,0,7.3561311249555,0,1,NA
"ENSMUSG00000074336",202.52343630816,0.886236547303648,0.420319082762342,2.10848515722696,0.0349890453101049,0.135368576473733
"ENSMUSG00000074340",53.7514990402424,0.654488446216015,0.460975709602057,1.4197894435284,0.155668989156668,NA
"ENSMUSG00000074342",17.2786525274163,-0.671923780464807,1.04110784171593,-0.645393064523805,0.518672496722526,NA
"ENSMUSG00000074344",1.73895701211917,0,2.95301363682157,0,1,NA
"ENSMUSG00000074345",0.868731297229496,0.400210228181262,6.43001211210871,0.0622409757872157,0.950370931767922,NA
"ENSMUSG00000074358",141.632489505,0.28646721450962,0.340291277728126,0.841829436305717,0.399883432540254,0.605336559059787
"ENSMUSG00000074359",29.8880074177991,-0.433352487266814,0.682262914830394,-0.635169342854495,0.525317975509063,NA
"ENSMUSG00000074361",11.5968677905985,0.270159507614319,0.895564473364266,0.301663940061669,0.76290826000863,NA
"ENSMUSG00000074364",4.13898629835364,0.978718900998098,1.50286960997169,0.651233410073768,0.514895826374047,NA
"ENSMUSG00000074365",1.11389467207774,1.20742054851744,3.38012219725262,0.357212100053317,0.720933028148878,NA
"ENSMUSG00000074366",0.67949726769052,-2.78472598535152,7.18521361631625,-0.387563423170599,0.698339141296898,NA
"ENSMUSG00000074369",0.270007521500978,-1.00500872640104,7.16481182331418,-0.140270079826906,0.888446603413446,NA
"ENSMUSG00000074375",0.0380762098104571,-1.67431590235222,7.3501929692546,-0.227792101425878,0.819807867435575,NA
"ENSMUSG00000074377",0.267471458143076,-3.13207000255959,7.26787947908535,-0.430946882315907,0.666506993545527,NA
"ENSMUSG00000074378",0.0710374986746129,2.16226366003378,7.28481246100722,0.296818026765623,0.766605441993722,NA
"ENSMUSG00000074384",2.87082686485808,-0.120508057550735,2.10271884569176,-0.0573105899524526,0.954297784657518,NA
"ENSMUSG00000074397",61.238857680957,0.807207650470331,0.439246130727268,1.83771146517289,0.0661049335192026,NA
"ENSMUSG00000074403",149.452065776333,-0.212610996507918,0.412015608068669,-0.516026559053275,0.605835859688535,0.770749154789095
"ENSMUSG00000074405",218.81621327545,0.0037646264920626,0.830795216056672,0.00453135311723534,0.996384515681103,1
"ENSMUSG00000074406",56.7498741508597,-0.0262862966603127,0.424652462708949,-0.061900728168693,0.950641887617122,NA
"ENSMUSG00000074412",10.4329043081707,-0.400006459148903,0.961537602494477,-0.416007089177982,0.677404815732913,NA
"ENSMUSG00000074417",5.61971316157872,-1.7802410244625,2.73689272278716,-0.650460651833499,0.515394710546105,NA
"ENSMUSG00000074418",0.25308853333698,1.15659667847518,7.35590309084962,0.157233811292855,0.8750605821445,NA
"ENSMUSG00000074419",1.19902351731978,-3.33834065789172,4.27078828559903,-0.781668496457317,0.434409420612218,NA
"ENSMUSG00000074420",1.03131904235995,0.844164906040135,3.1253905917005,0.27009901043467,0.787084083387579,NA
"ENSMUSG00000074424",0.530391522764722,-0.122111610199857,7.13024309628769,-0.0171258691395014,0.986336201348061,NA
"ENSMUSG00000074433",0,NA,NA,NA,NA,NA
"ENSMUSG00000074434",0.0355187493373064,1.16171280725677,7.35565536667627,0.157934643392857,0.874508299155349,NA
"ENSMUSG00000074435",0.15053719973501,-0.208922410111239,7.34766662854913,-0.02843384446696,0.977316131125713,NA
"ENSMUSG00000074436",0.0374660591596825,-1.66779978481513,7.34943728288467,-0.22692890906071,0.820479022219826,NA
"ENSMUSG00000074437",0.0406180793754555,0,7.3561311249555,0,1,NA
"ENSMUSG00000074439",0.0488582735869228,-1.88445199085273,7.34129618423011,-0.256691998737325,0.797416548724726,NA
"ENSMUSG00000074440",0,NA,NA,NA,NA,NA
"ENSMUSG00000074441",0,NA,NA,NA,NA,NA
"ENSMUSG00000074442",0.166836908934296,0,7.3561311249555,0,1,NA
"ENSMUSG00000074443",0,NA,NA,NA,NA,NA
"ENSMUSG00000074444",0,NA,NA,NA,NA,NA
"ENSMUSG00000074445",0.252703695728916,-3.50244488584674,7.30339576294444,-0.479563890487388,0.631537527717576,NA
"ENSMUSG00000074446",0,NA,NA,NA,NA,NA
"ENSMUSG00000074447",0.106556248011919,2.74727956207311,7.26104728326191,0.378358583121489,0.705164231160339,NA
"ENSMUSG00000074448",3.87861202344403,-0.219439302439685,1.52415486900294,-0.14397441290414,0.885520674647521,NA
"ENSMUSG00000074449",0.85050232994023,0.70130112112776,7.13025622849061,0.0983556689485502,0.921649874992015,NA
"ENSMUSG00000074452",7.21735125414873,-1.02002566497845,1.07424008948627,-0.949532301914227,0.342349951279481,NA
"ENSMUSG00000074454",0,NA,NA,NA,NA,NA
"ENSMUSG00000074457",0.276722804624721,1.0049970475816,7.35239136274985,0.136689819406693,0.891275976933444,NA
"ENSMUSG00000074467",0.210514044589589,1.14659547884195,7.35599580250005,0.155872231255524,0.876133733986527,NA
"ENSMUSG00000074472",12.7158692479155,0.173133408005672,0.690731547052589,0.250652237825892,0.802082990647511,NA
"ENSMUSG00000074473",0.19280743814378,-3.55085737613087,7.25423506617938,-0.489487498507684,0.624496603094945,NA
"ENSMUSG00000074476",3465.04415261516,0.44986695320559,0.242708943665126,1.85352441657975,0.0638072298047471,0.195092628091533
"ENSMUSG00000074479",1.14732853162821,-0.953789376162266,4.57119270855635,-0.208652191446002,0.834719764282859,NA
"ENSMUSG00000074480",23.4740637706955,0.424659839912413,0.621605511935154,0.683166142768556,0.494501864110177,NA
"ENSMUSG00000074482",0,NA,NA,NA,NA,NA
"ENSMUSG00000074483",0.83166053709009,0.901985501036834,4.8128374845091,0.187412416051866,0.851337288472926,NA
"ENSMUSG00000074485",0,NA,NA,NA,NA,NA
"ENSMUSG00000074486",0,NA,NA,NA,NA,NA
"ENSMUSG00000074489",9.72578134966601,-1.23344788668211,1.2169885189989,-1.01352466964664,0.310809618774477,NA
"ENSMUSG00000074491",0.256045622711015,0.924039783226697,7.35033787633536,0.125713919383444,0.89995838321108,NA
"ENSMUSG00000074500",5.72106432067264,-1.43800829831393,1.49474078363927,-0.962045268352676,0.336026865128026,NA
"ENSMUSG00000074501",1.58879771292834,-1.65848749256958,1.96143230612895,-0.845549187390895,0.39780428201868,NA
"ENSMUSG00000074502",34.7905954341113,1.66305429057711,0.587356659667734,2.83142152762497,0.00463416033198435,NA
"ENSMUSG00000074505",2.65882293513185,0.659479975368928,1.88443955783847,0.349960800082852,0.726368116631587,NA
"ENSMUSG00000074506",1294.77774497495,-1.09092444764627,0.333151600789365,-3.27455862454646,0.00105827178276779,0.0201008694804716
"ENSMUSG00000074513",536.36083262296,-0.0296987262026229,0.18644541757295,-0.159289118441341,0.873441093527513,0.941505842554972
"ENSMUSG00000074516",2.96497735679437,4.44781122486115,2.36697717596847,1.87911031420964,0.0602294320920894,NA
"ENSMUSG00000074519",157.554273756935,-0.656459779235216,0.409613083471101,-1.60263381645994,0.109015523235311,0.272745747198444
"ENSMUSG00000074521",64.5570879569294,-0.0173339262337671,0.686059536589108,-0.0252659212638402,0.979842856140429,NA
"ENSMUSG00000074527",132.649684248219,0.102313250587709,0.285308322617587,0.358605909736622,0.719889925147252,0.847862732048205
"ENSMUSG00000074529",18.72220320103,-0.415041389678968,0.754727022890903,-0.549922524423725,0.58237251425443,NA
"ENSMUSG00000074547",4.27283322818109,1.54963465691486,1.2345414151929,1.25523100144252,0.209394914522509,NA
"ENSMUSG00000074553",5.61101878764984,-1.02122428455034,1.26525951020246,-0.807126345477478,0.419593694998608,NA
"ENSMUSG00000074564",53.6594277805976,0.0826748170287974,1.09028018386438,0.0758289641986939,0.939555172360788,NA
"ENSMUSG00000074569",1.93198651241344,-0.270503075353548,1.84895774998524,-0.146300300996984,0.883684328253761,NA
"ENSMUSG00000074570",6.53816630785314,-0.902855583610851,1.35413851586849,-0.666737983618905,0.504939512060727,NA
"ENSMUSG00000074575",0.624264290982367,0.0363793312003218,7.2255393762152,0.00503482567959897,0.995982807296205,NA
"ENSMUSG00000074576",62.8751567834993,-0.702793935997366,0.411201836708826,-1.70912158764266,0.0874284295741225,NA
"ENSMUSG00000074577",1.9005976465883,-1.25352708808741,2.58298170660385,-0.485302348399349,0.62746188989618,NA
"ENSMUSG00000074579",24.5609110600266,0.591744856175634,0.806096395545312,0.734086964593518,0.462895737665756,NA
"ENSMUSG00000074580",34.8667578446125,0.405650310257289,0.476296063762887,0.851676805918834,0.394393497324851,NA
"ENSMUSG00000074582",257.883215645231,0.0277856547863305,0.20215407567449,0.137447907956459,0.890676765276462,0.951061263255568
"ENSMUSG00000074589",0.198664500166823,-1.40687235225905,7.28765701128061,-0.193048650626853,0.846920866951171,NA
"ENSMUSG00000074591",10.4096863735311,0.425268095193466,0.874707954754784,0.486182951557456,0.626837457705875,NA
"ENSMUSG00000074593",0,NA,NA,NA,NA,NA
"ENSMUSG00000074594",0.157061276122428,-0.235490607757866,7.35000483087298,-0.0320395174121126,0.974440536724949,NA
"ENSMUSG00000074595",0.0381979668618393,0,7.3561311249555,0,1,NA
"ENSMUSG00000074596",0.0895317940789787,-1.89327247393509,7.3409483865824,-0.257905705670886,0.796479681305556,NA
"ENSMUSG00000074604",1130.34922946867,-0.111598323409605,0.589800542458363,-0.189213666953321,0.849925356464902,0.928133930958164
"ENSMUSG00000074607",7.67361654270103,-2.07933318699195,1.12561011985954,-1.84729432536678,0.0647044949415403,NA
"ENSMUSG00000074619",1.25347723205861,2.5632505373719,2.99002030597976,0.857268605248479,0.391296454860061,NA
"ENSMUSG00000074620",0.0897717817112878,-1.91104446358593,7.34025362586918,-0.260351284981606,0.79459281642555,NA
"ENSMUSG00000074622",4.33194073323188,0.643316648158144,1.80472661647085,0.356462104723736,0.721494526730076,NA
"ENSMUSG00000074623",0.295988606274054,1.89611950020751,7.29181877810915,0.260033821177766,0.794837685179607,NA
"ENSMUSG00000074625",0.37877106633009,-2.88149974870634,7.27354924978511,-0.396161440550014,0.691985935110299,NA
"ENSMUSG00000074627",3.55784319618443,0.696348202983095,1.47901406007705,0.470819190824202,0.637769858869408,NA
"ENSMUSG00000074628",0.493261777835111,2.07701648571413,5.56991862301483,0.372898892477877,0.709223696339769,NA
"ENSMUSG00000074629",39.5448067658613,0.719808934842987,0.708055608084372,1.01659944024794,0.309344020600687,NA
"ENSMUSG00000074634",170.145468079061,0.406249266540885,0.374132954878236,1.08584197474158,0.277548912217783,0.488093043457176
"ENSMUSG00000074635",17.5708614713661,0.947874281142529,0.914931373390434,1.03600587837536,0.300199400104003,NA
"ENSMUSG00000074637",0.0711026202576537,1.16246537064897,7.35561682883457,0.158037782241731,0.874427026879092,NA
"ENSMUSG00000074639",0.928267862977699,-0.850779498286988,3.8378634960631,-0.221680499882219,0.824562611283503,NA
"ENSMUSG00000074643",701.569384448107,-0.0385292763914932,0.160567451282354,-0.239956953191842,0.810363628092922,0.904688332234349
"ENSMUSG00000074646",17.7991471638755,-0.418437743195078,0.90235878084269,-0.463715488870524,0.642851598604382,NA
"ENSMUSG00000074647",3.31321115149672,1.08519466322127,1.32357900151361,0.819894137018095,0.412276459388714,NA
"ENSMUSG00000074649",219.354790371657,-0.46449086488917,0.284337242349379,-1.63359136865521,0.102344681393462,0.26148285747593
"ENSMUSG00000074650",0.434692729941679,0,7.3561311249555,0,1,NA
"ENSMUSG00000074651",4.21750706362761,1.73149503970338,1.39334907010516,1.24268575395302,0.213983655603001,NA
"ENSMUSG00000074652",2.52067771466323,0.10933624631216,2.401434949638,0.0455295473769303,0.963685223910915,NA
"ENSMUSG00000074653",13.0233519245456,-0.934201962042683,1.03589418351023,-0.90183145818721,0.367146406039899,NA
"ENSMUSG00000074655",0.110655413024072,2.15414879388954,7.28526492414818,0.295685718545288,0.767470104715389,NA
"ENSMUSG00000074656",7099.77427354927,-0.587848548350255,0.258178921707979,-2.27690372421324,0.0227919754516321,0.102836048726193
"ENSMUSG00000074657",6.82710726652524,0.764501918984844,2.2474397109248,0.340165707346276,0.73373174149609,NA
"ENSMUSG00000074665",0.238495894897426,-2.40247113020832,7.29960098419623,-0.329123624073387,0.742062248633219,NA
"ENSMUSG00000074671",233.981520614588,-0.343515892920762,0.204349722856987,-1.68101961734086,0.0927591041966562,0.245626505487261
"ENSMUSG00000074673",6.01439516776872,1.11198266781745,1.30103961005792,0.854687789073505,0.392724012345804,NA
"ENSMUSG00000074676",0.236526210019066,1.15637504581632,7.35591259777625,0.157203478215048,0.875084487167161,NA
"ENSMUSG00000074677",9.3409806489502,-0.70006164613808,1.66827307861368,-0.419632526060915,0.674753923433825,NA
"ENSMUSG00000074678",0.71018470532766,0,4.21173256687699,0,1,NA
"ENSMUSG00000074679",0,NA,NA,NA,NA,NA
"ENSMUSG00000074680",0.0761731330577449,1.15263373571874,7.35609900731298,0.156690894803464,0.875488463332317,NA
"ENSMUSG00000074681",0.126317973394249,-1.66175045527695,7.34987451348885,-0.226092357390215,0.821129588624073,NA
"ENSMUSG00000074682",26.8491302512771,-0.785316289051538,0.645136688923456,-1.21728666581031,0.22349516582364,NA
"ENSMUSG00000074695",0.144942332091532,0,7.35613112495549,0,1,NA
"ENSMUSG00000074698",1239.20181310143,0.703296456009731,0.276430093158566,2.54421089966607,0.0109524933596017,0.0661894343903655
"ENSMUSG00000074704",0.0355187493373065,1.16171280725677,7.35565536667627,0.157934643392857,0.874508299155349,NA
"ENSMUSG00000074715",2.17005861903044,-0.832715440866032,1.62137654905104,-0.513585472389745,0.607541838692853,NA
"ENSMUSG00000074720",0.268574573329222,2.72267259101148,7.26144960587814,0.374948906731719,0.70769846560271,NA
"ENSMUSG00000074731",27.8339937543687,0.965595912072548,0.580231574336344,1.66415609694625,0.0960812390641412,NA
"ENSMUSG00000074733",625.023137923449,0.0265416033249316,0.31010669517014,0.0855886175252347,0.931793447154059,0.972423292784179
"ENSMUSG00000074734",0.226125606027944,-1.04103032661949,7.23759019505002,-0.14383659457971,0.885629505033438,NA
"ENSMUSG00000074735",42.1219785976597,-0.201565218531432,0.503430847328297,-0.40038313027725,0.688874347526409,NA
"ENSMUSG00000074736",0.269394828583864,1.45423679033483,7.28810192391198,0.199535737221722,0.841843691101395,NA
"ENSMUSG00000074737",0,NA,NA,NA,NA,NA
"ENSMUSG00000074738",20.0744113727806,-0.494970508785168,0.850094026094858,-0.582253837330151,0.560395714585686,NA
"ENSMUSG00000074739",1.05177921288444,-0.44218274285707,3.20527303940704,-0.137954781830028,0.890276154625973,NA
"ENSMUSG00000074743",2.77423932156014,-0.616422244254975,2.04327548975686,-0.301683374241585,0.762893443551715,NA
"ENSMUSG00000074746",569.322691430408,0.320124602504093,0.170648680179527,1.87592779602698,0.0606651952393698,0.189069755481335
"ENSMUSG00000074748",972.025654205818,0.106671685681194,0.180447037894303,0.591152323285444,0.554418364283967,0.73346166099398
"ENSMUSG00000074749",180.396644046028,-0.652134496866645,0.342661088689594,-1.90314721569508,0.0570213384615469,0.181181591350817
"ENSMUSG00000074754",455.392673601931,-0.766476510242943,0.258776103327337,-2.96192925230578,0.00305718021375935,0.0331362131721614
"ENSMUSG00000074764",0.180098508584189,1.43644405957988,7.30719707224886,0.196579351203649,0.84415673065715,NA
"ENSMUSG00000074766",0.450751932857381,-1.67346862805994,7.35017023239661,-0.22767753332895,0.819896939562153,NA
"ENSMUSG00000074768",14.1178746172945,0.927643976331038,0.786463910034189,1.17951245377644,0.238194180617771,NA
"ENSMUSG00000074771",4.79994204706932,1.0531510568678,1.63417227181367,0.64445534600766,0.519280204918095,NA
"ENSMUSG00000074780",0.582652378345994,0,7.0916148841578,0,1,NA
"ENSMUSG00000074781",4726.86388136658,-0.940498411996788,0.30527113768646,-3.0808625378884,0.00206401913439911,0.0277212352493685
"ENSMUSG00000074785",372.702061632006,0.563094248915652,0.310327795813414,1.81451438289535,0.0695985704440241,0.205262152447569
"ENSMUSG00000074793",66.3087406475541,-0.0393803977466933,0.511529095308951,-0.07698564579774,0.938634964069646,0.976263322793397
"ENSMUSG00000074794",129.390226583996,-0.192858355899078,0.313990366901019,-0.614217429033016,0.539071657578832,0.722440799236273
"ENSMUSG00000074796",4.84745086299771,-0.51237540258236,1.40830239394179,-0.363824846699465,0.715988807376313,NA
"ENSMUSG00000074797",767.880688554028,-0.56290860377332,0.256091465901256,-2.19807638568622,0.0279436630054943,0.117192663898732
"ENSMUSG00000074800",357.954217710139,-0.146917067983285,1.14251393562754,-0.128591051191503,0.897681247630795,0.954764270801637
"ENSMUSG00000074802",141.848703592183,2.07758289398805,0.704500372889581,2.94901603169723,0.00318787438689974,0.0337389061183125
"ENSMUSG00000074804",0.0380762098104571,-1.67431590235222,7.3501929692546,-0.227792101425878,0.819807867435575,NA
"ENSMUSG00000074807",47.4621247957947,0.521656401866114,0.483994997590579,1.07781362299821,0.281116938769038,NA
"ENSMUSG00000074811",71.0277139200563,-0.325622823991528,0.379378734003689,-0.858305420957942,0.390723836857067,0.59862137745383
"ENSMUSG00000074812",0.3246147973112,4.14527954007749,7.23133301670176,0.573238645005478,0.566483121652074,NA
"ENSMUSG00000074817",0.155437660886429,2.15727574434964,7.2849327934637,0.296128434607553,0.767131999626002,NA
"ENSMUSG00000074818",0.452821469865195,-1.11162123203419,7.16863701236615,-0.155067306395429,0.876768256093472,NA
"ENSMUSG00000074824",131.891554271608,0.515379793076227,0.495461053701955,1.04020243210933,0.298245861816599,0.509181406572898
"ENSMUSG00000074825",370.979198854563,0.0893559274636344,0.212049887991931,0.421391061838404,0.673469544893641,0.820262007303307
"ENSMUSG00000074826",34.0840877126159,-1.06390105456368,0.581367652196368,-1.82999699165292,0.0672503886862286,NA
"ENSMUSG00000074829",183.584908119719,-0.292633412579039,0.331707788953354,-0.882202415271562,0.3776673560723,0.586493327666732
"ENSMUSG00000074830",0.229186793933183,2.15629035096367,7.28520954514362,0.295981925791149,0.767243884442564,NA
"ENSMUSG00000074832",4.94769618771645,-1.72640314722671,2.01381687272726,-0.857279115398756,0.391290647704382,NA
"ENSMUSG00000074837",0,NA,NA,NA,NA,NA
"ENSMUSG00000074841",0.039981303615386,0,7.3561311249555,0,1,NA
"ENSMUSG00000074846",971.783622800439,-0.848789125686892,0.271423166987185,-3.12718009707317,0.00176491776335037,0.0253982861042727
"ENSMUSG00000074847",4.90580742222391,-0.830386151593686,1.30487276518068,-0.636373272361695,0.524533157300981,NA
"ENSMUSG00000074849",0.2456348716869,0,7.3561311249555,0,1,NA
"ENSMUSG00000074852",0.144698389633907,0.77197674626385,7.27884914531155,0.106057527893829,0.915536708854759,NA
"ENSMUSG00000074862",67.1266759153465,0.234275153694706,0.463827685201568,0.505090923136458,0.613494976329202,0.776889295543705
"ENSMUSG00000074863",477.45665162843,0.0376692898588811,0.280114236529986,0.134478312582476,0.893024359358519,0.952373049116297
"ENSMUSG00000074865",340.703517704462,0.0822867395733144,0.196889069315491,0.417934524549251,0.67599498945639,0.821819022355973
"ENSMUSG00000074867",135.759153154067,-0.0551745640342038,0.516586195079313,-0.106806113984004,0.91494279696644,0.962969500427306
"ENSMUSG00000074868",6.97421830360563,4.30725068314218,1.80514418806211,2.38609785945475,0.0170282192295652,NA
"ENSMUSG00000074870",0.0851549481264175,0,7.3561311249555,0,1,NA
"ENSMUSG00000074871",0.163921645864139,0,7.3561311249555,0,1,NA
"ENSMUSG00000074872",0.248867300011049,3.16397280779543,7.2491143102783,0.436463362608219,0.662500575526756,NA
"ENSMUSG00000074874",1908.55642518504,-1.38922290294925,0.43428610110008,-3.1988656773271,0.00137969435340682,0.0231482440042245
"ENSMUSG00000074877",0.355187493373064,4.48430156133842,7.22764784398014,0.620437195909229,0.534969990192135,NA
"ENSMUSG00000074881",1.04160778999839,-1.67742772012649,3.92430355342305,-0.427445965198926,0.669054534120239,NA
"ENSMUSG00000074882",0.0419195223311899,0,7.3561311249555,0,1,NA
"ENSMUSG00000074884",24240.8598325125,-0.717248011779412,0.207892720703526,-3.45008718608418,0.000560405533497754,0.0148460518370694
"ENSMUSG00000074885",0,NA,NA,NA,NA,NA
"ENSMUSG00000074886",1878.26543727658,0.0517309563824304,0.170962083561964,0.302587306522157,0.762204389180466,0.875379387364808
"ENSMUSG00000074890",131.978043581724,-0.039997504733589,0.288503145273331,-0.138638019685002,0.889736198045217,0.951061263255568
"ENSMUSG00000074892",3.13826848491926,1.4637366885092,2.0634375057861,0.709368073617315,0.478096094625286,NA
"ENSMUSG00000074895",5.25009252900926,1.24706806577302,1.36659635688583,0.912535775095153,0.361486745843114,NA
"ENSMUSG00000074896",427.325155882201,-1.12641162070907,0.452302876593803,-2.49039234327191,0.0127602147100226,0.0724962855786674
"ENSMUSG00000074899",0.277026630220468,1.1612184325768,7.35567750006827,0.157866958219147,0.874561635045823,NA
"ENSMUSG00000074903",0,NA,NA,NA,NA,NA
"ENSMUSG00000074909",153.343037511703,-0.106371297303405,0.28117707255219,-0.378307151212199,0.705202433606577,0.838960892550369
"ENSMUSG00000074913",0,NA,NA,NA,NA,NA
"ENSMUSG00000074916",20.6057455319536,0.663759675329555,0.82770427137333,0.801928536901523,0.422594297665696,NA
"ENSMUSG00000074918",76.5437123094611,-0.286764836741107,0.320273120883849,-0.895375909004572,0.370586174366879,0.580012356133612
"ENSMUSG00000074922",366.122788304396,-0.335545311241076,0.241452746413333,-1.38969349583073,0.164621970729971,0.351466129733426
"ENSMUSG00000074923",40.6137318593895,5.37163313236504,1.53930633752382,3.48964530413487,0.000483662037150013,NA
"ENSMUSG00000074925",92.0992759349738,0.354076558091749,0.388350434311118,0.911744977754005,0.361902980982251,0.570742017710522
"ENSMUSG00000074928",0,NA,NA,NA,NA,NA
"ENSMUSG00000074930",0.489202591366623,-0.830103660918258,5.41985068899703,-0.153159876268081,0.878272198382093,NA
"ENSMUSG00000074934",0.452841377207825,0.475567085527877,7.19876791857528,0.0660622888398377,0.947328234381795,NA
"ENSMUSG00000074939",0.22652620206195,1.76687209163446,7.24325542773054,0.243933423204993,0.807282382944063,NA
"ENSMUSG00000074945",0.756633299271789,-1.64974390853123,7.26851495251114,-0.226971247814695,0.820446099653977,NA
"ENSMUSG00000074946",4.72619910540604,-1.54839560031733,1.59606064065212,-0.970135821208327,0.331978795784928,NA
"ENSMUSG00000074947",17.6660399374014,0.274876455127649,0.795964089858669,0.345337759114806,0.729840463028143,NA
"ENSMUSG00000074952",0.208906848759167,-2.53771048974964,7.29522876485912,-0.3478589323989,0.727946128527646,NA
"ENSMUSG00000074955",10.298009476313,0.413519925905137,0.928099464323503,0.4455556131654,0.655918279319483,NA
"ENSMUSG00000074965",24.6069455299805,0.203407519635687,0.868756106740643,0.234136506273114,0.814879005567911,NA
"ENSMUSG00000074966",0.275763118769158,0.494755416905147,7.29040171499119,0.0678639444363932,0.945893940727222,NA
"ENSMUSG00000074968",1.03106511519719,-2.2175344738737,4.78155225086032,-0.463768742352384,0.642813440298066,NA
"ENSMUSG00000074970",0.163045549311466,-1.67296058448114,7.35015737475413,-0.227608811510257,0.819950369150574,NA
"ENSMUSG00000074971",0.154898832245121,-0.228778381442486,7.3497991144663,-0.031127161148145,0.975168128697027,NA
"ENSMUSG00000074973",1.35533265432398,-0.404647835755891,3.03019145849501,-0.133538702520422,0.893767358160849,NA
"ENSMUSG00000074978",14.4419134626959,-0.948339134685997,0.872601077886856,-1.08679574059495,0.277127090595558,NA
"ENSMUSG00000074981",2.57052452934318,0.528332154018024,2.70248882216152,0.195498367906458,0.84500281525289,NA
"ENSMUSG00000074991",0.214077457856923,1.15731145731993,7.35587011594751,0.157331687356861,0.874983448331814,NA
"ENSMUSG00000074994",46.0124210598629,0.609826102123,0.821864887118269,0.742002866506748,0.458085598834885,NA
"ENSMUSG00000074995",0.932528844855035,0.150586042180834,3.26286506569105,0.0461514770452027,0.963189516939939,NA
"ENSMUSG00000074996",0.0380762098104571,-1.67431590235222,7.3501929692546,-0.227792101425878,0.819807867435575,NA
"ENSMUSG00000074997",1.25596391567987,0.167701220735482,2.37882369543759,0.0704975408884321,0.943797657769046,NA
"ENSMUSG00000075000",513.094184843812,-0.674736814411541,0.180959640563213,-3.72865912151192,0.000192501340266747,0.00928232072456971
"ENSMUSG00000075002",0.16018760007561,-1.67148640743526,7.35012124309496,-0.227409365390474,0.820105438522359,NA
"ENSMUSG00000075006",0,NA,NA,NA,NA,NA
"ENSMUSG00000075012",0.894889803929239,-0.117279694369244,5.19870331073144,-0.0225594128688107,0.98200171941963,NA
"ENSMUSG00000075014",8461.75001479066,-0.137750740119771,1.15983583995314,-0.118767445680361,0.905459600673626,0.958724405494615
"ENSMUSG00000075015",1596.56380500233,-0.00739083323170578,1.14106161033617,-0.00647715527781916,0.994832013941816,1
"ENSMUSG00000075023",0.532533311082883,2.46247491359839,7.28506290617397,0.338016973266144,0.735350397013846,NA
"ENSMUSG00000075028",87.8458800006749,0.501674877591744,0.374988003853515,1.33784247078933,0.18094779387629,0.373495289719593
"ENSMUSG00000075031",70.9529791876622,1.89872181774226,0.997029923606417,1.90437796578289,0.0568609767594358,0.180933488491209
"ENSMUSG00000075033",157.795104867724,0.280563218164266,0.283100560060562,0.99103731233964,0.321667361108518,0.532389911478681
"ENSMUSG00000075036",0,NA,NA,NA,NA,NA
"ENSMUSG00000075040",81.9817878677349,-0.347340313490949,0.339115054685769,-1.02425506827705,0.305714814479544,0.516806888118873
"ENSMUSG00000075044",0.114228629431371,-3.13863321915088,7.26774571323647,-0.431857874916372,0.665844712909321,NA
"ENSMUSG00000075045",0.119375699126761,-1.6735143962338,7.35017265098248,-0.227683685227463,0.819892156647347,NA
"ENSMUSG00000075046",1.31768299242541,-1.49012329324644,3.13925908344226,-0.474673562658768,0.635019664349101,NA
"ENSMUSG00000075053",0.147564390649251,0,7.35613112495549,0,1,NA
"ENSMUSG00000075054",560.474636137133,-0.297205008954378,0.203316686992372,-1.46178365067265,0.1438005057124,0.322429325332575
"ENSMUSG00000075061",0.348935721053762,-2.64174286459666,7.27992107041359,-0.362880701458838,0.716694003537416,NA
"ENSMUSG00000075062",12.905536204092,0.0568877971442157,0.740497662109815,0.0768237363263671,0.938763767679599,NA
"ENSMUSG00000075063",0.504257536569193,-1.23525552577625,7.20073873209599,-0.171545666595334,0.863794725832464,NA
"ENSMUSG00000075064",0.533758434583486,0,7.3561311249555,0,1,NA
"ENSMUSG00000075065",0.592197752690903,-1.88976069279527,7.15504029927608,-0.264116009659158,0.79169052786004,NA
"ENSMUSG00000075066",0.116802829733659,1.16030920841358,7.35572378557699,0.157742357140802,0.874659822137019,NA
"ENSMUSG00000075067",0.120198326191368,0,7.3561311249555,0,1,NA
"ENSMUSG00000075068",0.395049754644595,1.35633648035015,7.25504722164689,0.186950744621379,0.851699252058859,NA
"ENSMUSG00000075069",4.58541570169667,0.874078813126235,1.73746811755566,0.503076174057182,0.614910717331338,NA
"ENSMUSG00000075072",0.868410795264463,2.89588530899916,3.32045243134726,0.872135761277618,0.383134319038857,NA
"ENSMUSG00000075073",4.02286626581372,-0.398478000821204,1.59212578236129,-0.250280477356645,0.802370452938778,NA
"ENSMUSG00000075074",7.73742983711413,0.452362593060862,0.880282582632698,0.513883384705809,0.607333524743234,NA
"ENSMUSG00000075075",0.394426910907979,-4.12064251634028,7.23905913069065,-0.569223491885906,0.569204480172305,NA
"ENSMUSG00000075078",49.378314214894,0.0808555285570309,0.848570457118933,0.0952844019947991,0.924088931685102,NA
"ENSMUSG00000075079",0.387098833913699,-2.68959635357795,7.24047813621054,-0.371466677059205,0.7102899711096,NA
"ENSMUSG00000075081",123.700230045758,0.0169539331483595,1.05017497896584,0.0161439126697295,0.987119580827478,0.99945478402946
"ENSMUSG00000075084",0.07829189427142,0,7.35613112495549,0,1,NA
"ENSMUSG00000075085",0.137381064810157,0,7.3561311249555,0,1,NA
"ENSMUSG00000075086",0.118818159322686,0,7.3561311249555,0,1,NA
"ENSMUSG00000075088",0.0815405656381779,0,7.35613112495549,0,1,NA
"ENSMUSG00000075090",0.321614155101334,-3.54901876222793,7.25426282224475,-0.489232172750219,0.6246773345636,NA
"ENSMUSG00000075091",16.8118210141039,-0.0718387262290785,0.728525540407734,-0.098608383981806,0.921449213013577,NA
"ENSMUSG00000075092",0.280033287962199,2.37944345176004,7.26781006014061,0.327394831740279,0.743369274946849,NA
"ENSMUSG00000075093",0.614239278950501,-0.130575717120029,7.26890208421019,-0.0179636093054095,0.985667884291142,NA
"ENSMUSG00000075094",0,NA,NA,NA,NA,NA
"ENSMUSG00000075095",0.286551097055903,1.79519934542273,7.29480844571245,0.246092732767763,0.805610448535972,NA
"ENSMUSG00000075097",11.2887615617215,-0.0956592112823174,1.11659002805419,-0.0856708450540409,0.931728079171978,NA
"ENSMUSG00000075099",13.4296584565431,1.37612447775692,0.967498972876553,1.42235239140921,0.154923976623664,NA
"ENSMUSG00000075100",0.157490700893572,1.15988726981887,7.35574436501769,0.157684554038478,0.874705372305743,NA
"ENSMUSG00000075101",0.221171101937404,2.5980972408944,7.2558582648847,0.358068907363874,0.720291746784099,NA
"ENSMUSG00000075102",15.9461761741979,-0.103414957425525,0.838981369281719,-0.123262519540883,0.901899219521743,NA
"ENSMUSG00000075104",1.98159653053422,0.508511686993111,2.25388565533149,0.225615565630068,0.821500433357391,NA
"ENSMUSG00000075105",1.59366512161184,0.222738841513103,1.86055887662067,0.119716094079034,0.904708050821476,NA
"ENSMUSG00000075107",0.936278546703795,3.44238208001542,6.12255196135858,0.56224628255365,0.573948231843945,NA
"ENSMUSG00000075110",0.0761524196209141,-2.55627499047924,7.29465809108018,-0.350431090609309,0.726015196884991,NA
"ENSMUSG00000075111",1.41087266139912,0.826406162686311,2.17159578410712,0.380552480684659,0.703535347520623,NA
"ENSMUSG00000075112",1.08115049534012,-3.75203740881111,3.41918609265003,-1.09734811359832,0.272489245877427,NA
"ENSMUSG00000075113",15.3224051137612,0.131213474767219,0.926700243130416,0.141592144536379,0.887402172167312,NA
"ENSMUSG00000075114",0.167365953236684,1.07638838552206,7.30634384670422,0.1473224376112,0.882877523054052,NA
"ENSMUSG00000075115",3.13509797589587,-1.1469963848251,1.61196524075643,-0.711551561922549,0.476742510867403,NA
"ENSMUSG00000075117",18.5389356373257,-0.16673353258507,0.51019309474682,-0.326804761377279,0.743815557949133,NA
"ENSMUSG00000075119",1.0132152634597,2.65120410956163,3.98571921685256,0.665175835355313,0.505938034407643,NA
"ENSMUSG00000075120",10.1187388577455,0.731456479385299,0.881479403066383,0.829805525620675,0.406648746197809,NA
"ENSMUSG00000075121",28.4026065699189,0.361303852612486,0.613522298197999,0.588900931023512,0.555927733170071,NA
"ENSMUSG00000075122",67.2534981048657,0.140897451203483,1.13897041713827,0.123705979614023,0.901548076984412,0.955996861294884
"ENSMUSG00000075125",1.17617119226575,-4.2587075224634,5.12094465615565,-0.831625375475246,0.405620434298619,NA
"ENSMUSG00000075126",0.0710374986746129,2.16226366003378,7.28481246100722,0.296818026765623,0.766605441993722,NA
"ENSMUSG00000075127",0.198110216895914,-2.55310316485664,7.29475510340308,-0.349991621194465,0.726344985789773,NA
"ENSMUSG00000075128",0.0952422843703768,-2.37659276632839,7.33627751408931,-0.323950772277105,0.745975304113373,NA
"ENSMUSG00000075132",27.6855188551717,0.583459595658581,0.598237435120282,0.975297701892009,0.329412610105073,NA
"ENSMUSG00000075133",0.560249083730129,1.7659494713984,5.30818181681986,0.332684435526058,0.739372499598921,NA
"ENSMUSG00000075136",0.0355187493373064,1.16171280725677,7.35565536667627,0.157934643392857,0.874508299155349,NA
"ENSMUSG00000075137",0.0474375977968173,0,7.3561311249555,0,1,NA
"ENSMUSG00000075139",0.677037337676075,-0.281776514450397,6.70792972999279,-0.0420064797623781,0.966493532574835,NA
"ENSMUSG00000075140",10.4742460756561,-0.0040581918196571,1.2055041923549,-0.00336638548865566,0.997314018066063,NA
"ENSMUSG00000075141",61.9137759790328,0.38642644569229,0.582639110066238,0.663234649058073,0.507180283520475,NA
"ENSMUSG00000075142",0.119546247750187,-0.23177357611194,7.3499788130416,-0.0315339107781763,0.974843748694532,NA
"ENSMUSG00000075143",5.46331036513448,0.523686091084432,1.12497404514162,0.465509487393114,0.641566644372827,NA
"ENSMUSG00000075144",53.3118953465949,0.367516319729454,0.759176899922105,0.484098396259374,0.628316039407192,NA
"ENSMUSG00000075145",0,NA,NA,NA,NA,NA
"ENSMUSG00000075146",0.481195294142963,4.0661009463385,7.2317863999728,0.562254016013774,0.573942963571932,NA
"ENSMUSG00000075148",0,NA,NA,NA,NA,NA
"ENSMUSG00000075149",1.40589038795695,4.14950713942043,2.7984940226257,1.48276433891652,0.138137033829988,NA
"ENSMUSG00000075150",0.872510016530516,0.889089519826891,3.02115389485462,0.294288060380213,0.768537795357214,NA
"ENSMUSG00000075151",0.0763542801982015,1.15237982327903,7.35611145122068,0.156656112529101,0.875515877042326,NA
"ENSMUSG00000075153",0.523411885999546,0.85931615795533,7.14412722854433,0.120282874375744,0.904259069879688,NA
"ENSMUSG00000075155",0,NA,NA,NA,NA,NA
"ENSMUSG00000075156",0.0380762098104571,-1.67431590235222,7.3501929692546,-0.227792101425878,0.819807867435575,NA
"ENSMUSG00000075158",0,NA,NA,NA,NA,NA
"ENSMUSG00000075159",0.198023608913106,2.16058432070891,7.28485294172315,0.296585852589339,0.766782713142544,NA
"ENSMUSG00000075160",1.64269544494564,0.246051402423729,2.22053006230723,0.110807507901096,0.911768991575387,NA
"ENSMUSG00000075161",10.8721763039499,0.679849429560144,0.874937820841601,0.777025993579977,0.437143434627659,NA
"ENSMUSG00000075162",0,NA,NA,NA,NA,NA
"ENSMUSG00000075163",0.365446840950876,3.0343455166625,7.26888549537205,0.417443020473277,0.676354393388908,NA
"ENSMUSG00000075164",2.99059488322018,0.465451916308713,1.36441817939234,0.34113582136234,0.73300133534704,NA
"ENSMUSG00000075165",1.52364904864361,1.19441934123309,2.93046283969149,0.407587267463467,0.683576713623093,NA
"ENSMUSG00000075166",1.29981168530893,1.15163096737062,3.23455494586055,0.356040007557896,0.721810604019894,NA
"ENSMUSG00000075167",0.319044462383009,-2.47172469256092,7.29730839121375,-0.33871731329554,0.734822696749783,NA
"ENSMUSG00000075168",0.716223617146193,0.306850400150242,7.16688790200076,0.0428150132032315,0.96584899615837,NA
"ENSMUSG00000075169",0.0355187493373065,1.16171280725677,7.35565536667627,0.157934643392857,0.874508299155349,NA
"ENSMUSG00000075170",0.440644052730119,-0.459820119466703,7.15962438958185,-0.0642240562418049,0.948791822822306,NA
"ENSMUSG00000075171",0.0355187493373065,1.16171280725677,7.35565536667627,0.157934643392857,0.874508299155349,NA
"ENSMUSG00000075172",4.09924513670667,-0.0679432873112034,1.36504360728818,-0.0497737119520897,0.960302715532906,NA
"ENSMUSG00000075174",14.8429083289667,0.057861849099378,0.806655109773389,0.0717305926638622,0.942816309439247,NA
"ENSMUSG00000075175",0.0380762098104571,-1.67431590235222,7.3501929692546,-0.227792101425878,0.819807867435575,NA
"ENSMUSG00000075176",1.99334384037128,0.0513403626367407,2.2938710416244,0.0223815383276229,0.982143606944008,NA
"ENSMUSG00000075179",0.0419195223311899,0,7.3561311249555,0,1,NA
"ENSMUSG00000075181",0.142335582555596,0,7.3561311249555,0,1,NA
"ENSMUSG00000075185",0.413412111985683,-0.10797259627389,7.1303908316127,-0.0151425915947261,0.987918421671575,NA
"ENSMUSG00000075186",0.0762740815372436,-1.67556657177757,7.3502236566441,-0.227961304315274,0.819676323188563,NA
"ENSMUSG00000075187",1.20112732708609,-0.216669591923099,4.37063148516427,-0.0495739786478374,0.960461883158861,NA
"ENSMUSG00000075188",0.0839040978341352,0.79218592389006,7.34673340150599,0.107828320506046,0.914131877345244,NA
"ENSMUSG00000075189",0.220673280297538,-1.59878076433117,7.34827987596,-0.21757211093192,0.827762516180728,NA
"ENSMUSG00000075190",0.123608004278521,0,7.3561311249555,0,1,NA
"ENSMUSG00000075192",0,NA,NA,NA,NA,NA
"ENSMUSG00000075193",1.6430019022763,0.0940562705300223,2.12148600515154,0.0443350888488674,0.964637302305362,NA
"ENSMUSG00000075194",0,NA,NA,NA,NA,NA
"ENSMUSG00000075195",2.06896320591857,-0.0534878259857603,2.41129935727583,-0.0221821591020487,0.982302649063997,NA
"ENSMUSG00000075196",1.31106189015494,0.580959688344305,2.20767796110773,0.263154182167403,0.792431743793983,NA
"ENSMUSG00000075197",0.0425774740632087,0,7.3561311249555,0,1,NA
"ENSMUSG00000075198",0.257145001940792,-1.67290281934513,7.35015559449289,-0.227601007602962,0.819956436556739,NA
"ENSMUSG00000075199",1.79420913056466,0.219966869118056,1.82427618164403,0.120577613922373,0.904025600952172,NA
"ENSMUSG00000075200",1.11181055856253,1.2773286672795,2.8561104083681,0.447226642057345,0.654711427008203,NA
"ENSMUSG00000075201",0.500243961101824,0.350331079100381,6.24170720736266,0.0561274451783213,0.955240280304796,NA
"ENSMUSG00000075202",0.339420333578134,2.31070808658155,7.28140335938482,0.317343782857921,0.750982758947137,NA
"ENSMUSG00000075203",0.0865546972279984,0,7.3561311249555,0,1,NA
"ENSMUSG00000075204",14.1367679198791,1.35816275365985,1.27158230060531,1.06808875289733,0.285480478747382,NA
"ENSMUSG00000075205",0,NA,NA,NA,NA,NA
"ENSMUSG00000075206",0,NA,NA,NA,NA,NA
"ENSMUSG00000075208",0.249736626964428,0,7.3561311249555,0,1,NA
"ENSMUSG00000075209",0.40436565276229,-1.11031501879131,7.29433378150869,-0.152216097048642,0.879016498294403,NA
"ENSMUSG00000075210",13.2752640534251,0.524085474130141,0.752124780104593,0.696806551244408,0.485923865663556,NA
"ENSMUSG00000075211",0.0786975628788302,-1.67314792617721,7.35016336109473,-0.227634114233892,0.819930696784264,NA
"ENSMUSG00000075212",0.0735983194219163,-0.230087646637694,7.34983138148578,-0.0313051599003052,0.975026175420967,NA
"ENSMUSG00000075214",0.15947801063445,-2.36855858890994,7.30075893229382,-0.324426352229352,0.745615271529415,NA
"ENSMUSG00000075215",0.551803950173201,2.72165947047026,7.21933303708791,0.376995971302095,0.706176598847016,NA
"ENSMUSG00000075217",0.144840383900315,2.16312576299846,7.28478850950487,0.296937345562759,0.766514343675332,NA
"ENSMUSG00000075218",0.184677547293059,0.815078435506736,7.25473986039645,0.112351159544154,0.910544979093309,NA
"ENSMUSG00000075219",0.265651330485698,0.955368135099471,7.35113247685401,0.129962034843961,0.896596463689452,NA
"ENSMUSG00000075220",0.0380762098104571,-1.67431590235222,7.3501929692546,-0.227792101425878,0.819807867435575,NA
"ENSMUSG00000075221",0.119306830918202,-1.10616014066112,7.33823221327085,-0.15073932093082,0.880181354002311,NA
"ENSMUSG00000075222",0.324663777580599,0.471963517607957,7.20791683304109,0.0654784910176094,0.94779303126005,NA
"ENSMUSG00000075223",0.15259985288466,-3.14185578430541,7.26767760966472,-0.432305332328899,0.665519512137798,NA
"ENSMUSG00000075224",0.128517066734652,-1.54243078388277,7.34685501962499,-0.209944361194364,0.833711098472742,NA
"ENSMUSG00000075225",52.5573221967904,0.489408340947045,0.690396085204258,0.708880527331279,0.478398620024205,NA
"ENSMUSG00000075227",523.8399078717,-0.735430665764675,0.283685790876194,-2.59241276587459,0.0095305347991717,0.0609145468965616
"ENSMUSG00000075228",0,NA,NA,NA,NA,NA
"ENSMUSG00000075229",982.412995051687,-0.52820829139013,0.304636171953669,-1.73389879475791,0.0829360417653866,0.228681387127154
"ENSMUSG00000075232",1134.16321559987,0.645358606084199,0.33833305650189,1.90746542107568,0.0564603447022453,0.18035539415953
"ENSMUSG00000075245",49.2694104951491,-0.963134477300944,0.484586120969083,-1.98754036821123,0.0468625470470286,NA
"ENSMUSG00000075249",1.58344030942826,-6.39085825703179,4.83069869500618,-1.32296768242624,0.18584612536908,NA
"ENSMUSG00000075254",373.138953839799,0.630725528635727,0.249668668040639,2.52625022428951,0.0115287335318341,0.0682813247226962
"ENSMUSG00000075256",294.632789354869,0.792386836080806,0.346020998255801,2.28999638771929,0.0220215260511499,0.100825745722843
"ENSMUSG00000075266",3218.01227107696,-0.426700175721403,0.253599242695196,-1.682576695366,0.0924570662695982,0.245484164914085
"ENSMUSG00000075267",0.183865839659077,-1.13661947718592,7.33434043267169,-0.154972282459471,0.876843168678137,NA
"ENSMUSG00000075268",0.198761133346758,2.14960651155183,7.28511856208488,0.295068157536841,0.767941813931328,NA
"ENSMUSG00000075269",4.16039457089322,0,3.08806745686315,0,1,NA
"ENSMUSG00000075270",28.1196948418594,0.658035824640553,0.623848245229185,1.05480111497117,0.29151629458049,NA
"ENSMUSG00000075271",27.1047974390046,-0.221663093872465,0.672991466714581,-0.329369843208537,0.74187615892271,NA
"ENSMUSG00000075272",1.50340163235951,-3.15897801117409,3.17834043778337,-0.993908007342729,0.320267655669546,NA
"ENSMUSG00000075273",12.1959649664559,-0.599476090736748,1.14249335728196,-0.524708600637228,0.5997857775139,NA
"ENSMUSG00000075276",2.9870448331552,-1.92261169579899,2.35768877971011,-0.815464582240315,0.414806429999083,NA
"ENSMUSG00000075279",3433.50916815461,-0.592615645084426,0.221736146929742,-2.67261632029801,0.00752622765168472,0.0525935363964222
"ENSMUSG00000075284",2854.40878081961,-0.0349741976287079,0.179397537696135,-0.194953610165751,0.845429264442071,0.92595812854165
"ENSMUSG00000075286",0.818549022460753,2.1173564694512,3.00871331082955,0.703741516956764,0.481593760303374,NA
"ENSMUSG00000075288",9.09533430739942,-0.771530207271567,0.75121701934727,-1.02704037235731,0.304401454013987,NA
"ENSMUSG00000075289",37.6812065860982,0.609188855487662,0.430194052768809,1.41607921254794,0.156752313578053,NA
"ENSMUSG00000075296",0.25189740010473,-0.231164637847025,7.35003607850203,-0.031450816754921,0.974910015264051,NA
"ENSMUSG00000075297",33.3058589865073,1.35050706989669,0.549658881267214,2.4569912648062,0.0140106093352529,NA
"ENSMUSG00000075302",0.205744085618263,-1.49077187861079,7.19915356744189,-0.207075993676923,0.835950510024131,NA
"ENSMUSG00000075304",0.152304839241828,-3.55232820134153,7.25421207485117,-0.489691804525086,0.62435200204254,NA
"ENSMUSG00000075307",3.69072841911768,-0.00682517432768975,1.33721866051121,-0.00510400769091911,0.995927608746777,NA
"ENSMUSG00000075312",35.4197504035624,-1.12683454783963,0.988498676746715,-1.13994542870628,0.254309037083983,NA
"ENSMUSG00000075316",2.58414864084387,2.74397608242126,1.78658506285796,1.5358776581462,0.124568388640142,NA
"ENSMUSG00000075318",3.49614922517722,-1.3032498459264,1.69707885206901,-0.767937119914923,0.442524543014514,NA
"ENSMUSG00000075324",3.78799283609315,-0.822527689066537,1.23264206669986,-0.667288348570388,0.504587967328257,NA
"ENSMUSG00000075327",208.616433246946,-0.312561655621197,0.186409078853683,-1.67675124807915,0.0935911346204487,0.247167610398914
"ENSMUSG00000075330",0.268106593412797,0,7.3561311249555,0,1,NA
"ENSMUSG00000075334",0.315632265810603,-3.82487886653046,7.24715071238119,-0.527776917899052,0.597654179518512,NA
"ENSMUSG00000075359",0,NA,NA,NA,NA,NA
"ENSMUSG00000075370",0.630955376779829,0,7.3561311249555,0,1,NA
"ENSMUSG00000075376",632.284581996241,0.724672876988789,0.268563446917907,2.69833026536297,0.00696882654450874,0.0504411018403445
"ENSMUSG00000075377",11.1469778484634,0.270826694876488,0.932678488470635,0.29037519169181,0.771529220645969,NA
"ENSMUSG00000075378",2.24843149120087,4.47356033599797,2.53529549558604,1.7645123985691,0.0776457497682679,NA
"ENSMUSG00000075379",1.15990369197848,0.705561145522415,3.01711816426052,0.233852672354762,0.81509935644745,NA
"ENSMUSG00000075380",0.223631386246364,0.900164981373334,7.26589877538617,0.12388900660476,0.90140315734633,NA
"ENSMUSG00000075382",0.27548995965952,2.74076683486334,7.26117628912015,0.377454936463944,0.705835547369834,NA
"ENSMUSG00000075383",28.3138319168273,0.215542503854102,0.933623827764653,0.230866541153055,0.81741848488019,NA
"ENSMUSG00000075384",0.231108655369453,-1.5941815634279,7.26965494987209,-0.21929260390219,0.826422122928257,NA
"ENSMUSG00000075387",12.0039023862261,0.400397106314601,0.961517487020986,0.416422074189341,0.677101178476093,NA
"ENSMUSG00000075390",0.154271199679174,0,7.3561311249555,0,1,NA
"ENSMUSG00000075391",0.152304839241828,-3.55232820134153,7.25421207485117,-0.489691804525086,0.624352002042539,NA
"ENSMUSG00000075394",1.05764106194878,-0.762798891575377,3.41742769602199,-0.223208494641541,0.823373240946304,NA
"ENSMUSG00000075395",3.86267010287738,0.126365172672919,1.55026362909999,0.0815120540151486,0.935034739060919,NA
"ENSMUSG00000075402",0.127102637298735,-1.66461085848997,7.34994700666183,-0.226479300732537,0.820828656636815,NA
"ENSMUSG00000075405",0.929165408070241,-1.6737847158295,4.12694077225129,-0.405575172554858,0.685054774166459,NA
"ENSMUSG00000075410",0.294362656096931,-2.74150944162114,7.28932633451559,-0.376099150430385,0.706843185891738,NA
"ENSMUSG00000075415",1488.41063230666,0.421618983357775,0.190634787768047,2.21165815690878,0.0269902937401793,0.114833103503187
"ENSMUSG00000075419",76.3417067023159,0.220023036021479,0.302805341624185,0.726615438292207,0.467461568168289,0.664530198501601
"ENSMUSG00000075420",3.76993628034238,2.24255499860967,1.60011700219222,1.40149438793368,0.161066284590521,NA
"ENSMUSG00000075425",5.16598558411331,-0.632824923478412,1.05338547604764,-0.600753416358847,0.548004235286768,NA
"ENSMUSG00000075427",1.75377097016902,-3.50402726209266,2.16458002161255,-1.61880236678996,0.105489792742935,NA
"ENSMUSG00000075465",0.752923771945626,1.20016957312507,4.69127419603206,0.255830190897856,0.798081960503914,NA
"ENSMUSG00000075467",608.193931672342,-0.281237409586605,0.218383922385563,-1.28781187971371,0.197811455927134,0.39422706488704
"ENSMUSG00000075469",4.5749817941088,-0.0975967188968623,1.08737348839121,-0.0897545507029593,0.928482265637777,NA
"ENSMUSG00000075470",67.1644491244337,-0.155762744097652,0.352797701297743,-0.441507253376905,0.65884581159465,0.808126423577754
"ENSMUSG00000075478",0.112078265679806,2.16028103191333,7.28486025434997,0.296543922118941,0.766814729471766,NA
"ENSMUSG00000075480",1.39522889392445,-0.00828096831465741,2.99153354989581,-0.00276813486345351,0.997791350750886,NA
"ENSMUSG00000075486",2478.13907421011,-0.827769899967186,0.240404002905401,-3.44324507896365,0.000574778184660859,0.0149912463202443
"ENSMUSG00000075502",38.7662142416051,1.02008747760145,0.644946829086214,1.58166135811033,0.113726898608957,NA
"ENSMUSG00000075510",0.083904767933173,0,7.3561311249555,0,1,NA
"ENSMUSG00000075517",0.0406180793754555,0,7.3561311249555,0,1,NA
"ENSMUSG00000075520",0.677897398883932,-0.588734481565181,7.12068007986935,-0.0826795298990575,0.934106361908408,NA
"ENSMUSG00000075524",0.17505301488494,0,7.3561311249555,0,1,NA
"ENSMUSG00000075525",0,NA,NA,NA,NA,NA
"ENSMUSG00000075528",877.823193953061,-0.441259176483274,0.26367099988499,-1.67352183848715,0.0942246110697321,0.248243678151466
"ENSMUSG00000075543",0,NA,NA,NA,NA,NA
"ENSMUSG00000075551",0.653087998638658,0.700966422831396,7.13025105100873,0.0983087997626996,0.921687090831919,NA
"ENSMUSG00000075552",0,NA,NA,NA,NA,NA
"ENSMUSG00000075553",6.30822140142216,1.35965123201018,1.07935004552737,1.25969442225377,0.207779618292442,NA
"ENSMUSG00000075566",0.0812361587509111,0,7.3561311249555,0,1,NA
"ENSMUSG00000075567",0.0380762098104571,-1.67431590235222,7.3501929692546,-0.227792101425878,0.819807867435575,NA
"ENSMUSG00000075569",18.77902199711,1.62106755952967,0.965402900074366,1.67916168410598,0.0931205371646678,NA
"ENSMUSG00000075570",6.9670467123211,-0.133161386308638,1.07358801031593,-0.124033973022344,0.901288376166263,NA
"ENSMUSG00000075571",0.114418073882621,2.84689490777212,7.25857255486574,0.392211400554744,0.694902021195626,NA
"ENSMUSG00000075572",0.0355187493373064,1.16171280725677,7.35565536667627,0.157934643392857,0.874508299155349,NA
"ENSMUSG00000075573",0.0352597853922181,1.155567702399,7.35595536263211,0.157092810577567,0.875171703562209,NA
"ENSMUSG00000075574",0.111975630861554,-2.56450541153555,7.29440518465826,-0.351571560204699,0.725159596850971,NA
"ENSMUSG00000075581",11.8286990739855,-0.848319097702263,0.856406547405955,-0.990556529806797,0.321902172929357,NA
"ENSMUSG00000075587",2.18107592956186,-0.518620867056808,1.69680678429112,-0.305645210673455,0.759874793539594,NA
"ENSMUSG00000075588",0.448693840498352,-1.04877745301615,7.29782399862517,-0.143710981960338,0.885728698873609,NA
"ENSMUSG00000075590",17.8384418347865,1.50312089314147,1.2720056680024,1.18169354976383,0.237327318632578,NA
"ENSMUSG00000075592",1.66991289580519,1.26793283265056,2.6263790632813,0.482768405512054,0.629260186458421,NA
"ENSMUSG00000075593",71.8591289647678,-0.559138099538101,0.391931990605279,-1.42662021202862,0.15368939503276,0.337587254040524
"ENSMUSG00000075595",244.066526598503,0.086404398107879,0.309934143903766,0.278783089270433,0.780411292961764,0.888035643021416
"ENSMUSG00000075598",0.583892462107467,0,7.11708930899709,0,1,NA
"ENSMUSG00000075599",0.426282188256012,0,7.3561311249555,0,1,NA
"ENSMUSG00000075600",46.8929094400838,-0.14040097064525,0.494030901537465,-0.284194713748291,0.776261166344645,NA
"ENSMUSG00000075602",21425.9422078569,-1.53302016144722,0.282607746772419,-5.42455109230162,5.81003700835026e-08,2.87161079137712e-05
"ENSMUSG00000075604",1.40397333133885,2.00530120745946,2.43593919621731,0.823214803790434,0.410385851858653,NA
"ENSMUSG00000075605",0.0488582735869228,-1.88445199085272,7.34129618423011,-0.256691998737325,0.797416548724726,NA
"ENSMUSG00000075609",2.26144402171244,0.763893319415072,3.64381301132115,0.209641196472402,0.833947723904292,NA
"ENSMUSG00000075610",0.663724910490973,-1.42664904443683,6.84537883936132,-0.20841053182236,0.834908433668856,NA
"ENSMUSG00000075611",0.10657162155426,2.74747998387476,7.26104321447113,0.378386397480609,0.705143571600074,NA
"ENSMUSG00000075700",1716.66001461044,-0.361348721694153,0.161318364387628,-2.23997263464609,0.0250926994996594,0.109125092192755
"ENSMUSG00000075701",3624.9506715047,-0.154927231784806,0.168995875443281,-0.916751556086364,0.359272843174223,0.568680873463121
"ENSMUSG00000075702",238.702843026094,1.23365606313899,1.08000477013231,1.14226908737436,0.253342186408891,0.462485829085986
"ENSMUSG00000075703",459.253474876912,0.219892243536041,0.211311170956091,1.04060870299059,0.298057190410898,0.509132382690142
"ENSMUSG00000075704",106.356207106854,-0.839686763855247,0.329716523076983,-2.54669300773621,0.010874905517887,0.0660678044658319
"ENSMUSG00000075705",489.133201658902,-0.53771233019927,0.238572325749548,-2.25387554281446,0.0242039986812815,0.106763287355853
"ENSMUSG00000075706",6206.27549874685,-0.801658877255622,0.283196772909831,-2.83074863113242,0.00464392020055395,0.0406600099047616
"ENSMUSG00000075707",0.236414062410245,-1.67261616611963,7.35014890634293,-0.227562215056108,0.819986597266896,NA
"ENSMUSG00000076430",3.93712566003872,-0.214711035445432,1.66571080262366,-0.128900548106695,0.897436342961973,NA
"ENSMUSG00000076431",55.1270090614291,0.379720155494729,0.458672174087472,0.827868305397384,0.407745086190895,NA
"ENSMUSG00000076432",3724.90172792854,-0.371360123788591,0.180316726114911,-2.0594879454052,0.0394475186276595,0.145174505448404
"ENSMUSG00000076433",0.26849690526458,2.5918435239153,7.26286264816993,0.356862527831003,0.721194723489771,NA
"ENSMUSG00000076434",1.35918101130494,-0.801934118627521,2.93333773161737,-0.273386221430887,0.784556343219344,NA
"ENSMUSG00000076435",36.6746031654421,-0.250825099315787,0.489970423780265,-0.511918857021202,0.608707800130762,NA
"ENSMUSG00000076436",0.280423121924171,0,7.3561311249555,0,1,NA
"ENSMUSG00000076437",4380.25305297385,-0.752687842563785,0.269257463982339,-2.79542052959823,0.00518322434849394,0.0429611988173134
"ENSMUSG00000076438",0.321850403662246,0,7.3561311249555,0,1,NA
"ENSMUSG00000076439",0.156008122735361,1.45061929348287,7.34279833813119,0.197556738818469,0.843391885032887,NA
"ENSMUSG00000076441",173.628985865468,-0.0668340567903656,0.411532710348803,-0.162402781382114,0.870988680689802,0.939310834455453
"ENSMUSG00000076461",395.425521466562,-0.610493804018849,0.741256326103965,-0.823593381290379,0.410170637983244,0.614603116032192
"ENSMUSG00000076462",92.9873642630933,-0.299262238096368,0.578317713880232,-0.51747029515742,0.604827899790011,0.770454096575291
"ENSMUSG00000076463",398.310381908413,-0.751633433205152,0.467321580134162,-1.60838588491755,0.107750691112849,0.27033390397221
"ENSMUSG00000076465",360.039643149417,-0.180338100877448,0.518919399630141,-0.347526226627842,0.728196018849092,0.851822570707731
"ENSMUSG00000076467",569.423647476973,-0.367979123279061,0.457998010253194,-0.80345135795597,0.421713900713603,0.625768172419783
"ENSMUSG00000076469",1033.03172111202,-0.29747947669493,0.435129713906592,-0.68365700430835,0.494191779547142,0.684761107488576
"ENSMUSG00000076470",988.115748680162,-0.329724181444178,0.58848616349601,-0.560292156208722,0.575280176712413,0.748837059288065
"ENSMUSG00000076471",537.892967808879,-0.277816465007012,0.759127648544889,-0.365968049694324,0.714388916844767,0.843494319518696
"ENSMUSG00000076472",180.774582671544,-0.51441724578193,0.505322978246337,-1.01799694042641,0.308679410084654,0.520249548235292
"ENSMUSG00000076473",467.137645330696,-0.280921566542887,0.499886697294044,-0.561970478637569,0.574136132968952,0.748034226228824
"ENSMUSG00000076474",661.540123881571,-0.546723511734416,0.969422358417213,-0.563968333293919,0.572775683426923,0.747132092638813
"ENSMUSG00000076475",938.46210039731,-0.27456050464452,0.457865089840343,-0.599653720575768,0.548737037118519,0.730442447066598
"ENSMUSG00000076476",401.81897269266,-0.357398583790845,0.489891520267314,-0.729546377115952,0.46566750968148,0.663083165255176
"ENSMUSG00000076477",3.88964896923037,-0.72023989327969,1.40243353080402,-0.513564370403192,0.607556595378331,NA
"ENSMUSG00000076478",14.6061205481314,-0.311051026116692,1.00871760305275,-0.30836284127028,0.757806253571038,NA
"ENSMUSG00000076479",44.6159491977979,-1.00809542989931,0.844543308226864,-1.19365747153432,0.232611982806131,NA
"ENSMUSG00000076480",463.380583945542,-0.65527488780149,0.409668618960102,-1.59952424343566,0.109704166205847,0.273747345131615
"ENSMUSG00000076481",15.8560570252354,-0.445648524959021,0.955729290289598,-0.466291584329265,0.641006801777258,NA
"ENSMUSG00000076483",113.572302845945,-0.308458243607503,0.398530280369516,-0.773989477842189,0.438937013671408,0.640351476109847
"ENSMUSG00000076484",58.8039173666017,-0.523239448261192,0.421851771803222,-1.24033957715665,0.214849819639572,NA
"ENSMUSG00000076485",39.36249514884,-0.402215475960517,0.703255475341155,-0.571933657203876,0.567366921059069,NA
"ENSMUSG00000076486",34.7530363707828,0.110465579860003,0.594188700268552,0.185909930313513,0.852515394697966,NA
"ENSMUSG00000076487",26.9144002811844,-1.94571085541166,0.78255912539065,-2.48634357747776,0.0129063294220372,NA
"ENSMUSG00000076488",36.7998461924572,0.0513080807974998,0.616518719035771,0.0832222594599319,0.933674813642962,NA
"ENSMUSG00000076489",6.44645824466691,2.39801401180459,1.12835013855631,2.12523925850958,0.0335666537698698,NA
"ENSMUSG00000076490",17539.9815570953,-0.326178733976624,0.210051909298837,-1.55284822244856,0.120459399061752,0.289880850519179
"ENSMUSG00000076492",215.591934213969,-0.658679924591475,0.384225820062902,-1.71430416749099,0.0864728781597442,0.234895410994524
"ENSMUSG00000076493",36.2103930892678,-1.03520463373761,0.563937867798395,-1.83567143270415,0.0664062654214038,NA
"ENSMUSG00000076494",53.2766802792465,-0.697987992776248,0.537902753001124,-1.29761000270395,0.194421383185773,NA
"ENSMUSG00000076495",89.3144424707625,-0.672869414976338,0.431144338040867,-1.56065928647904,0.118604162277961,0.287212676167968
"ENSMUSG00000076496",85.4200657440147,-0.885325390527368,0.416584860437334,-2.1251981879465,0.0335700791860435,0.131614806204181
"ENSMUSG00000076497",126.560037375643,-0.64881393352711,0.349408169440336,-1.85689400040745,0.0633262363216514,0.194524501566042
"ENSMUSG00000076498",32248.367911373,-0.508850423779112,0.259660771124991,-1.9596738528292,0.0500339231799667,0.168330151502391
"ENSMUSG00000076499",168.632469714137,-0.602529205350015,0.532547305951707,-1.1314097332128,0.257882676723104,0.467296807369184
"ENSMUSG00000076500",0.0851006154871193,0,7.3561311249555,0,1,NA
"ENSMUSG00000076501",93.8540262111601,-0.249898794142819,3.14477872715054,-0.0794646669367581,0.936663034410843,0.974671392197258
"ENSMUSG00000076505",0.120623953161078,-1.6698692797525,7.35008030993609,-0.2271906168828,0.820275523589294,NA
"ENSMUSG00000076508",240.761710422982,1.17437855485124,2.7275728700098,0.430558086188553,0.666789722845567,0.814143340396399
"ENSMUSG00000076512",0.301281157699072,-1.66047112762616,7.34984205858566,-0.225919293828428,0.821264191430317,NA
"ENSMUSG00000076514",233.510333325977,0,2.65432273539338,0,1,1
"ENSMUSG00000076518",8.52169466308216,0,7.3561311249555,0,1,NA
"ENSMUSG00000076522",66.8184433043805,0,2.59552625839608,0,1,1
"ENSMUSG00000076523",58.2879877436475,0,2.95414810702963,0,1,NA
"ENSMUSG00000076525",12.241910365251,0,7.3561311249555,0,1,NA
"ENSMUSG00000076526",35.6524847639515,0,4.76297739023759,0,1,NA
"ENSMUSG00000076530",0.528035031880922,0,7.3561311249555,0,1,NA
"ENSMUSG00000076531",0.874652018779042,0,7.3561311249555,0,1,NA
"ENSMUSG00000076532",61.7090440759197,0,4.26487917961718,0,1,NA
"ENSMUSG00000076533",18.8214280496155,0,7.3561311249555,0,1,NA
"ENSMUSG00000076534",510.339262243033,0,5.12857280260603,0,1,1
"ENSMUSG00000076535",15.073706760388,0,7.20423974976395,0,1,NA
"ENSMUSG00000076536",34.8612772760543,0,6.39075980541488,0,1,NA
"ENSMUSG00000076538",279.656666734875,0,3.96478025081498,0,1,1
"ENSMUSG00000076539",0.598354109896175,-1.7036961198825,5.29082395602482,-0.322009602671139,0.747445419786741,NA
"ENSMUSG00000076540",17.9386558061471,0,5.38146943796446,0,1,NA
"ENSMUSG00000076541",3.4850969568668,2.09746533207429,7.28640683890029,0.287860035604442,0.773453879575816,NA
"ENSMUSG00000076543",92.3790125056384,0,6.13542713257255,0,1,1
"ENSMUSG00000076545",127.360298186329,1.12156580006193,3.15114986824438,0.35592270979063,0.721898448062939,0.848977855582711
"ENSMUSG00000076547",3.70864916922894,1.12063017055156,2.86679806946911,0.390899583227041,0.695871462046515,NA
"ENSMUSG00000076548",2.62985053209628,0,7.3561311249555,0,1,NA
"ENSMUSG00000076549",146.456362955254,-1.66776492587629,2.75179692535219,-0.60606395425158,0.544472285706327,0.726820870250782
"ENSMUSG00000076550",10.1289758429061,-2.71490837064873,5.78540079646513,-0.469268848634917,0.638877478851383,NA
"ENSMUSG00000076552",22.6562869113511,-2.89421079082319,3.04983547601233,-0.94897276052654,0.34263446627477,NA
"ENSMUSG00000076555",120.133429524273,0,4.7477676441771,0,1,1
"ENSMUSG00000076556",124.492986303277,1.11757049027534,3.01490453369722,0.370681883218652,0.710874485630757,0.841455429344993
"ENSMUSG00000076557",0.0774793993255237,1.15341524843546,7.35606071897765,0.156797951036457,0.875404087713927,NA
"ENSMUSG00000076562",57.887020165033,-1.64975338543532,3.69403967459537,-0.446598718682151,0.655164820918718,NA
"ENSMUSG00000076563",144.264732889565,0,3.57254134571621,0,1,1
"ENSMUSG00000076564",854.904645139559,0,3.46477542046379,0,1,1
"ENSMUSG00000076569",83.442900878493,0,3.72464362999238,0,1,1
"ENSMUSG00000076570",68.3630099254048,0,6.81150752878736,0,1,1
"ENSMUSG00000076571",0.878998551343379,-0.239262611224351,7.34927363699244,-0.0325559535598222,0.974028695161623,NA
"ENSMUSG00000076572",2.07088445379914,0,7.3561311249555,0,1,NA
"ENSMUSG00000076573",0.0821652881129979,0,7.3561311249555,0,1,NA
"ENSMUSG00000076575",3.14166112006679,0,7.3561311249555,0,1,NA
"ENSMUSG00000076576",250.501789894714,0,3.14499085455768,0,1,1
"ENSMUSG00000076577",932.858916066979,0,3.86093727861414,0,1,1
"ENSMUSG00000076578",0.553689303906616,0,7.3561311249555,0,1,NA
"ENSMUSG00000076580",165.000866690737,0,3.82131707436488,0,1,1
"ENSMUSG00000076581",0.605019877434335,-1.64646441311247,7.34948729348305,-0.224024390731639,0.822738324461293,NA
"ENSMUSG00000076583",185.240718359672,0,3.54255400447286,0,1,1
"ENSMUSG00000076586",353.503520562827,-36.0752944083685,3.44502478183654,-10.4717082438916,1.16521052332012e-25,2.87952650575486e-22
"ENSMUSG00000076587",9.06367427046123,0,2.86609424084736,0,1,NA
"ENSMUSG00000076589",0.991855026552274,0,7.3561311249555,0,1,NA
"ENSMUSG00000076591",131.230965365092,0,4.24165385604934,0,1,1
"ENSMUSG00000076594",4.99821523185006,0,6.02111435434725,0,1,NA
"ENSMUSG00000076596",13.4417238811788,-1.66887399220821,2.71184576539286,-0.615401514903796,0.538289591210904,NA
"ENSMUSG00000076598",21.0960906024431,0,4.87833581340105,0,1,NA
"ENSMUSG00000076604",59.3137842328438,0,2.13131397186992,0,1,NA
"ENSMUSG00000076605",69.3202864762101,-1.76639333684497,2.67444564712573,-0.660470830186189,0.508951731565452,0.698780612429498
"ENSMUSG00000076606",0.25702700170287,0,7.3561311249555,0,1,NA
"ENSMUSG00000076607",31.3953835036734,0,2.20551208151413,0,1,NA
"ENSMUSG00000076608",58.0311456539772,0,2.22480665022418,0,1,NA
"ENSMUSG00000076609",22513.9297896651,-0.0671631036791993,1.07585149774392,-0.0624278572089564,0.950222111374801,0.98273127965473
"ENSMUSG00000076612",8397.04537421272,0,2.12865364177962,0,1,1
"ENSMUSG00000076613",1768.69744168276,0,2.898346707299,0,1,1
"ENSMUSG00000076614",318.951788870209,0.46640601681981,3.39980899181369,0.137185947193756,0.890883818402347,0.951061263255568
"ENSMUSG00000076615",859.83217820572,-0.244043095456453,2.84810699236367,-0.0856860701198305,0.931715975832759,0.972423292784179
"ENSMUSG00000076617",4029.41616968054,-0.305251296700526,0.370368601335318,-0.824182437711999,0.409835904390374,0.614412315222127
"ENSMUSG00000076618",22.7447008121323,2.05521352595228,1.91292215457371,1.07438429788601,0.282650477130624,NA
"ENSMUSG00000076619",13.3940561501732,-2.66340470344639,2.06387201998809,-1.29048927339097,0.196880833785139,NA
"ENSMUSG00000076620",40.183924471009,1.5290271485067,1.89135972098632,0.808427467044362,0.418844545341369,NA
"ENSMUSG00000076621",21.465812715876,-0.731694563214091,1.31259353650779,-0.557441845371871,0.577225581954744,NA
"ENSMUSG00000076630",0,NA,NA,NA,NA,NA
"ENSMUSG00000076632",0,NA,NA,NA,NA,NA
"ENSMUSG00000076633",1.76038894956298,0,5.24112962935792,0,1,NA
"ENSMUSG00000076646",0.33377980712135,0,7.3561311249555,0,1,NA
"ENSMUSG00000076652",88.5972311366746,0,5.37224049911305,0,1,1
"ENSMUSG00000076653",0,NA,NA,NA,NA,NA
"ENSMUSG00000076655",8.52751053326953,1.12223075708098,7.35537471072888,0.152572887339655,0.878735107398695,NA
"ENSMUSG00000076661",0,NA,NA,NA,NA,NA
"ENSMUSG00000076665",1.41407021813923,0,7.3561311249555,0,1,NA
"ENSMUSG00000076666",19.1293676664371,0,5.62525046598856,0,1,NA
"ENSMUSG00000076668",5.69511949832264,0,7.3561311249555,0,1,NA
"ENSMUSG00000076670",0.11955736396235,-1.65791648322121,7.34977732130825,-0.225573702541249,0.821532996031988,NA
"ENSMUSG00000076671",0.258933090896713,0,7.3561311249555,0,1,NA
"ENSMUSG00000076672",30.662625026714,0,3.97340580497376,0,1,NA
"ENSMUSG00000076674",2.04413890201215,0,7.3561311249555,0,1,NA
"ENSMUSG00000076676",0.21678884641175,0,7.3561311249555,0,1,NA
"ENSMUSG00000076677",19.1931780619529,-2.3633482376838,1.81975431456881,-1.2987183043134,0.194040619993743,NA
"ENSMUSG00000076680",9.10062693245515,-2.2306651059695,2.54657539753827,-0.875947010296986,0.381058841441758,NA
"ENSMUSG00000076688",0.422966861610919,0,7.3561311249555,0,1,NA
"ENSMUSG00000076695",32.161453385568,-1.59381834342278,4.78475130053722,-0.333103696161561,0.739056009429882,NA
"ENSMUSG00000076709",3.16599624061375,0,2.37854830459347,0,1,NA
"ENSMUSG00000076710",6.05362539666612,0,7.3561311249555,0,1,NA
"ENSMUSG00000076731",139.995951076423,0,3.91815769949016,0,1,1
"ENSMUSG00000076733",1.20788789284937,0,6.65351201615794,0,1,NA
"ENSMUSG00000076744",0.0380762098104571,-1.67431590235222,7.3501929692546,-0.227792101425878,0.819807867435575,NA
"ENSMUSG00000076745",2.81432863701123,1.76607531439761,3.11123317438946,0.567644794011358,0.570276184559978,NA
"ENSMUSG00000076746",3.8137139157402,0.687338826155468,1.86806986544726,0.367940642300818,0.712917494547082,NA
"ENSMUSG00000076747",0.413041771170856,0.953166427946631,7.27421152045408,0.131033641964694,0.895748694395285,NA
"ENSMUSG00000076749",22.5484990718235,-0.375584574815891,0.929297804841508,-0.404159541601357,0.686095402944128,NA
"ENSMUSG00000076750",1.7819269037995,0,3.44667975643613,0,1,NA
"ENSMUSG00000076752",105.89287584657,-1.05861256306079,0.907562104682042,-1.16643539610071,0.243438454454529,0.450107445741306
"ENSMUSG00000076754",40.0401673118209,0.000847350408044333,1.0824645011565,0.000782797410112779,0.999375418096022,NA
"ENSMUSG00000076755",1.31326241628873,-1.16099987387268,3.25411008378327,-0.356779532339265,0.721256860035461,NA
"ENSMUSG00000076757",17.5431031312912,-0.398633204595057,1.43564540708061,-0.277668289557432,0.781267004961497,NA
"ENSMUSG00000076758",37.7282941853034,-0.786751804216559,0.778399801375572,-1.0107297083404,0.312145814004287,NA
"ENSMUSG00000076759",31.2156578073534,-2.54495272597603,0.90167135973734,-2.82248371149038,0.00476532426271742,NA
"ENSMUSG00000076760",71.0659705077798,-1.61237120403465,0.801085395249775,-2.01273324116953,0.0441427003715795,0.156052024994196
"ENSMUSG00000076761",84.9453231411326,-2.65512009621718,0.865572574376446,-3.06747253184393,0.00215877300079756,0.0282640554994616
"ENSMUSG00000076762",27.9741924524393,-1.89299025373973,0.940504079374348,-2.01274007763901,0.0441419807820607,NA
"ENSMUSG00000076764",38.8145128550327,-1.38570383073238,0.8544846573714,-1.62168368826555,0.104871093184403,NA
"ENSMUSG00000076770",63.6265634891296,-2.64503287048565,0.717707937492134,-3.68538890586624,0.000228353675164732,NA
"ENSMUSG00000076778",22.5106807326677,-1.02113077997445,1.04983306932928,-0.972660139794257,0.330722242136925,NA
"ENSMUSG00000076795",141.183724172759,-0.84531565189389,0.768117293416728,-1.10050334647951,0.271112872352068,0.481918853299801
"ENSMUSG00000076796",111.193386390492,-2.01536043834711,0.711437481895197,-2.83280047739176,0.00461421768928718,0.0406250624467681
"ENSMUSG00000076800",13.6818433274878,6.01082674488823,4.02566185934546,1.49312757874442,0.135403794689636,NA
"ENSMUSG00000076802",47.4089609689697,-0.720379628760562,0.738600015852992,-0.975331185078046,0.329396006282921,NA
"ENSMUSG00000076821",145.000014703882,-1.05496545736697,0.643707448550018,-1.63888962251925,0.101236249357877,0.259718700977815
"ENSMUSG00000076822",217.99746452086,0.123224402183833,0.495009879695566,0.248933217776616,0.803412439843565,0.901240577377853
"ENSMUSG00000076823",19.9832169820787,-0.351306486486358,0.960354912060021,-0.365809017140115,0.714507590859446,NA
"ENSMUSG00000076824",73.074288900138,0.589988465202374,0.897946562552886,0.657041843921114,0.511154011333876,0.700224379162657
"ENSMUSG00000076826",12.9647555876754,-1.41096657282974,0.920171915861904,-1.53337278448464,0.125184030436147,NA
"ENSMUSG00000076831",19.7059060662063,0.106388684950345,0.87494766702166,0.12159434096498,0.903220295488607,NA
"ENSMUSG00000076839",53.7273726129696,-0.48354746435176,0.699842722530821,-0.690937333181264,0.48960492356081,NA
"ENSMUSG00000076840",156.808390319188,-0.275920552603308,0.773180302920599,-0.356864435838639,0.721193295036186,0.848776886033137
"ENSMUSG00000076846",16.1643553514966,-0.0389426734710529,1.15535456698172,-0.0337062531139579,0.973111392543591,NA
"ENSMUSG00000076848",7.83468971780007,1.34718282663773,1.9932894928942,0.675859091938351,0.499130112599405,NA
"ENSMUSG00000076855",95.4316100517814,0.861841637514088,1.29607330076669,0.664963653679362,0.506073740659032,0.696150699473216
"ENSMUSG00000076858",66.6994913310218,-0.404904488921361,0.986047768935382,-0.410633745826056,0.681341115273121,0.825252192759981
"ENSMUSG00000076861",0.195359085937106,2.13422722883965,7.28549393978919,0.292942008665154,0.769566478349592,NA
"ENSMUSG00000076862",43.775976478321,-0.489115848889983,0.667973782744239,-0.732238093058903,0.464023257525648,NA
"ENSMUSG00000076863",44.483991335338,-0.189992581302914,1.14288809609665,-0.166239006208747,0.867968863979449,NA
"ENSMUSG00000076864",16.4332875787457,-0.710535722740763,1.18784409308994,-0.598172543748942,0.549724809534332,NA
"ENSMUSG00000076865",3.72048173666538,-0.849248451460818,2.28573289814407,-0.371543172061082,0.710233006733234,NA
"ENSMUSG00000076866",61.9992557932592,-0.474994857543101,0.592550530379442,-0.801610720420647,0.422778174377623,NA
"ENSMUSG00000076867",0.967477142897485,-0.317842929838697,4.10530979931305,-0.0774223981566219,0.938287523106988,NA
"ENSMUSG00000076870",0.912101616011412,0.108882818237387,3.3048072916914,0.0329467979906509,0.973717013634409,NA
"ENSMUSG00000076871",0.126491471712261,1.15389513634922,7.35603721735585,0.156863689273719,0.875352277285592,NA
"ENSMUSG00000076873",0.556836086719692,1.8527030710526,6.10987927403542,0.303230716673219,0.761714041795449,NA
"ENSMUSG00000076874",0.167309992856732,1.15159058247315,7.35612313739831,0.156548573340011,0.875600635185881,NA
"ENSMUSG00000076875",5.18625747647234,-0.276685474899459,1.25500294500531,-0.220465996514684,0.825508251730448,NA
"ENSMUSG00000076876",3.25332844580732,-2.0567952953611,1.99928808178276,-1.02876384554199,0.30359065993752,NA
"ENSMUSG00000076877",3.46243009113603,-1.29691029591155,1.63149849474892,-0.794919701173944,0.42666021330965,NA
"ENSMUSG00000076878",2.09639616993198,-0.656178074297229,1.74007477466467,-0.377097630430096,0.706101052084443,NA
"ENSMUSG00000076879",11.2046148731747,-1.27561825208251,1.13236087010215,-1.1265121267988,0.259948810519828,NA
"ENSMUSG00000076880",0.20741094253679,0,7.3561311249555,0,1,NA
"ENSMUSG00000076881",6.93787861657091,-0.302671279484679,1.40911226135989,-0.214795717690073,0.829926591766531,NA
"ENSMUSG00000076882",20.4202964130102,-0.431986235679375,0.62784417899819,-0.688046891457474,0.491423252864159,NA
"ENSMUSG00000076883",30.5098752629584,-1.77203777632686,1.05761709986483,-1.67550030777049,0.0938361107433004,NA
"ENSMUSG00000076884",1.06093654540542,2.74954148423419,2.71542332250989,1.01256458300313,0.311268183970132,NA
"ENSMUSG00000076885",7.33056185002408,-1.32022538471789,1.08319184314733,-1.21882877264089,0.222909188422719,NA
"ENSMUSG00000076886",1.59872287968044,-2.00144282988399,2.45346871251268,-0.815760486235934,0.414637136852787,NA
"ENSMUSG00000076887",4.36967245413118,-1.22174974553308,1.42138303109785,-0.859549972669522,0.390037161994178,NA
"ENSMUSG00000076888",7.13729852263164,-1.27362844931442,1.05455052953535,-1.20774530346649,0.22714524625374,NA
"ENSMUSG00000076889",4.76557066619937,-0.408401462496804,1.46579312252385,-0.278621489090906,0.780535319606618,NA
"ENSMUSG00000076890",10.3492149819858,-1.11988758486105,0.997353417589737,-1.12285932459873,0.26149724499257,NA
"ENSMUSG00000076891",6.86524473184512,-1.76638370904311,1.25103244027945,-1.41194077161463,0.157967401408308,NA
"ENSMUSG00000076892",2.597565379753,-0.479118736968433,1.48869624483815,-0.321837808505068,0.747575569868736,NA
"ENSMUSG00000076893",5.71830055245325,0.554326632410608,1.6946309199642,0.327107587782193,0.74358651301708,NA
"ENSMUSG00000076894",10.6554620292829,-2.62038623362249,2.04304906910036,-1.28258604908415,0.199637140376165,NA
"ENSMUSG00000076895",7.46966841890173,-0.905445283567006,1.12830881179075,-0.802480025065091,0.422275338475291,NA
"ENSMUSG00000076896",8.23809626584079,0.420948851195232,0.843580567921372,0.499002546054935,0.617777590400218,NA
"ENSMUSG00000076897",5.02797619416601,0.174185512044085,2.18601540339345,0.0796817404734153,0.936490382261521,NA
"ENSMUSG00000076898",10.0673592419528,-1.41650520713439,0.89037664865025,-1.59090561200332,0.111630819399293,NA
"ENSMUSG00000076899",18.8497677921178,-0.401138088385531,1.21324297226887,-0.330632937964081,0.740921763310878,NA
"ENSMUSG00000076900",0.147119226843997,2.74219613032986,7.26112985284758,0.377654192378127,0.705687501090834,NA
"ENSMUSG00000076901",5.70534288471827,1.49152915855772,1.2800797695248,1.16518454089108,0.243944301829604,NA
"ENSMUSG00000076902",52.6008516171839,0.340212271080007,0.399161366831165,0.852317632292075,0.394037822263996,NA
"ENSMUSG00000076903",21.8674698899901,-1.93877798060086,0.958400897998538,-2.02293005427027,0.043080359433156,NA
"ENSMUSG00000076904",0.946759403505543,1.03177031352213,2.23776143686998,0.461072523872469,0.644746573711266,NA
"ENSMUSG00000076905",8.72372144882946,0.00773969293003059,1.09791614352346,0.00704943904476364,0.9943754080092,NA
"ENSMUSG00000076906",18.2863712984371,0.60856698927837,0.944325569597379,0.644446162288963,0.519286158437073,NA
"ENSMUSG00000076907",14.324865069453,-0.92904017388242,0.902819876955234,-1.02904266686685,0.303459625672214,NA
"ENSMUSG00000076908",22.2404564311729,0.768668922581792,0.856261225559332,0.897703760998494,0.369343503837528,NA
"ENSMUSG00000076909",5.03206632823089,-0.230721300093276,1.20472121732033,-0.191514266351572,0.848122704468708,NA
"ENSMUSG00000076910",29.1500895118241,0.937580255795765,0.500226382626844,1.87431188829394,0.0608874499015644,NA
"ENSMUSG00000076911",87.3392831631612,0.357131577266015,0.464933443792381,0.76813484173768,0.442407079224026,0.643684718594274
"ENSMUSG00000076912",6.40209549405174,0.0892818639627027,1.003638175311,0.0889582183689227,0.929115115331453,NA
"ENSMUSG00000076913",2.33073819430484,0.939495838926017,1.99125195969208,0.471811633054864,0.637061246738625,NA
"ENSMUSG00000076914",11.6594817663985,-0.790006962220664,0.834364102426256,-0.946837190050955,0.343721747748021,NA
"ENSMUSG00000076915",0.417944693742799,2.26273594627402,6.63659195680251,0.340948480937527,0.733142366553318,NA
"ENSMUSG00000076916",5.48907367583357,-1.01828229441857,1.04536975711926,-0.974088151569135,0.330012771991256,NA
"ENSMUSG00000076917",23.0926025299164,0.659061279781242,0.749629531608641,0.879182652218827,0.379302248913338,NA
"ENSMUSG00000076918",5.59428419066953,0.497312790472494,1.26607653720509,0.392798362388368,0.694468414282933,NA
"ENSMUSG00000076919",9.54362899925489,0.769657678690045,0.992903954924424,0.775158236476788,0.438246162953301,NA
"ENSMUSG00000076920",2.71343725332871,-0.583333751784092,1.5944121839872,-0.365861323466139,0.714468557826682,NA
"ENSMUSG00000076921",11.0371619349164,-1.69239042022917,1.09077984936309,-1.55154169855389,0.120771922517185,NA
"ENSMUSG00000076922",7.18282911717967,0.585977015107247,1.28415855937119,0.456312042489659,0.648165605438908,NA
"ENSMUSG00000076923",2.40836190230424,0.382558343152974,1.63008025758512,0.234686814574218,0.814451822397912,NA
"ENSMUSG00000076924",7.24899359863332,0.0371342168578452,0.925420772956247,0.0401268460175368,0.967991999006575,NA
"ENSMUSG00000076925",0.524496974080202,-3.12837734923998,5.42927242859428,-0.57620563167245,0.564476199098144,NA
"ENSMUSG00000076926",8.6958601109477,0.517320252399531,0.866383080957069,0.597103364285533,0.550438371892977,NA
"ENSMUSG00000076927",0,NA,NA,NA,NA,NA
"ENSMUSG00000076928",18059.4187423398,-0.832856686840276,0.307052061342157,-2.71242825467372,0.00667922384822902,0.0492349945859388
"ENSMUSG00000076934",2438.32724963332,0.97048615430174,1.39214185367651,0.697117288542673,0.485729395540654,0.678264595976744
"ENSMUSG00000076937",1033.28719190055,2.1161491392288,1.7812733363647,1.18799798774709,0.234834202478638,0.439480517133914
"ENSMUSG00000076939",148.218463678156,0,2.36971727453493,0,1,1
"ENSMUSG00000076940",266.028389350704,0.803280942829336,2.36656018144467,0.339429755105138,0.734286006326183,0.855945421289424
"ENSMUSG00000077450",2995.56125382022,-0.536640164599269,0.321322712207204,-1.67009720823351,0.0949001324264223,0.249425692805907
"ENSMUSG00000078080",0.0406180793754555,0,7.3561311249555,0,1,NA
"ENSMUSG00000078087",6052.70878793466,-0.530419010647322,0.272289146727828,-1.94799909222057,0.0514150717721258,0.170721526525853
"ENSMUSG00000078091",17.289167106873,0.952679935650562,0.551885190354264,1.72622848429584,0.0843063155009742,NA
"ENSMUSG00000078097",1.45601509853594,1.27626575094334,2.4335547631403,0.524445050620691,0.599969029355122,NA
"ENSMUSG00000078116",0.0355187493373064,1.16171280725677,7.35565536667627,0.157934643392857,0.874508299155349,NA
"ENSMUSG00000078117",0.543171025444972,0.62648615289232,6.01278820107947,0.104192286829569,0.91701675487587,NA
"ENSMUSG00000078118",0.157398436773033,-2.55362460047484,7.29473914115902,-0.350063868091808,0.726290766414666,NA
"ENSMUSG00000078123",0,NA,NA,NA,NA,NA
"ENSMUSG00000078125",0.782827979361039,0.465629343858482,6.61063219637584,0.0704364318005403,0.943846294860684,NA
"ENSMUSG00000078126",1194.55492613637,-0.113635859146868,1.62545711378011,-0.0699100937105626,0.94426521916906,0.979645433615256
"ENSMUSG00000078127",0.0801221602852289,0,7.3561311249555,0,1,NA
"ENSMUSG00000078128",0.776728940790547,1.5696674323663,3.33675171639964,0.470417809227944,0.63805654280588,NA
"ENSMUSG00000078129",0.219297694792389,1.15344270927579,7.35605937383227,0.156801712800053,0.875401122932112,NA
"ENSMUSG00000078130",0.0380762098104571,-1.67431590235222,7.3501929692546,-0.227792101425878,0.819807867435575,NA
"ENSMUSG00000078131",0.0787005610453487,-1.6721156898207,7.35013719465444,-0.227494486910637,0.820039255673929,NA
"ENSMUSG00000078132",0.0432773486139992,0,7.3561311249555,0,1,NA
"ENSMUSG00000078134",16.120056588896,-0.729169443406659,0.770796319436205,-0.945994973017004,0.344151150238634,NA
"ENSMUSG00000078137",0.490376918393982,3.96415006603022,7.23387471231741,0.547998164701456,0.583693163026978,NA
"ENSMUSG00000078139",0.735948009187678,2.73942525949192,7.26117239130449,0.377270378922896,0.705972682754743,NA
"ENSMUSG00000078141",0.0474375977968173,0,7.3561311249555,0,1,NA
"ENSMUSG00000078144",0.0948751955936345,0,7.3561311249555,0,1,NA
"ENSMUSG00000078151",0.314674975838921,0,7.3561311249555,0,1,NA
"ENSMUSG00000078153",421.747409553035,-0.187040804661061,0.23792099630224,-0.786146693936402,0.431781551265873,0.634427803780989
"ENSMUSG00000078154",4.32215751681261,0.0312275912307893,4.85875628365587,0.00642707503890127,0.994871971359528,NA
"ENSMUSG00000078157",0.615095656906256,-0.113413429000064,5.98752833371357,-0.018941610407332,0.9848876851823,NA
"ENSMUSG00000078161",2.3391889146818,2.27553367197323,3.39716902975677,0.66983233746722,0.502964676745354,NA
"ENSMUSG00000078162",1.49871322844145,-2.58854497141452,2.81755903624558,-0.918718982677921,0.358242578226798,NA
"ENSMUSG00000078173",0,NA,NA,NA,NA,NA
"ENSMUSG00000078177",0.697567518921857,1.19583030495181,3.11239291214325,0.384215726840331,0.70081856291523,NA
"ENSMUSG00000078179",0.0406180793754555,0,7.3561311249555,0,1,NA
"ENSMUSG00000078180",14.0923885760499,-0.290419471621295,0.941904344957626,-0.308332234770995,0.757829540260429,NA
"ENSMUSG00000078182",0.0706845824315367,2.15528034136801,7.28506251097404,0.295849258413548,0.767345203113065,NA
"ENSMUSG00000078183",2.09451925002161,-0.521475789683501,3.86722130666244,-0.134845086001441,0.892734357878756,NA
"ENSMUSG00000078184",29.0851477478301,0.738935181550355,0.555318677208086,1.33065069099678,0.183303974758005,NA
"ENSMUSG00000078185",71.3085468120458,0.636417409507245,0.401415382004993,1.58543353851679,0.112867866113143,0.278506953701553
"ENSMUSG00000078192",17.7464551226434,-0.436863429368229,0.749083590835551,-0.583197168797861,0.559760576875902,NA
"ENSMUSG00000078193",20373.2783106236,-0.552151106030888,0.211711346234747,-2.60803738604854,0.00910630079852697,0.0592209101272626
"ENSMUSG00000078197",0.937331227895607,0.369340578424167,4.02749574702383,0.0917047718044385,0.926932606019052,NA
"ENSMUSG00000078198",2.05310638702661,0.29657401135569,2.04285530330895,0.145176220202826,0.88457174054023,NA
"ENSMUSG00000078201",295.962429051111,-0.211113634085037,0.237221010098469,-0.889944925187718,0.37349545948413,0.582621577124318
"ENSMUSG00000078202",102.973270238903,-1.95934285562498,0.502480515893721,-3.89934095681313,9.64548698806716e-05,0.00739412133676202
"ENSMUSG00000078206",0,NA,NA,NA,NA,NA
"ENSMUSG00000078208",0,NA,NA,NA,NA,NA
"ENSMUSG00000078210",0.116939663778683,1.15632431666371,7.3559183625648,0.157196458643205,0.875090019197829,NA
"ENSMUSG00000078212",0.0763959337236785,0,7.3561311249555,0,1,NA
"ENSMUSG00000078213",0.262798438722192,0,7.3561311249555,0,1,NA
"ENSMUSG00000078214",0,NA,NA,NA,NA,NA
"ENSMUSG00000078218",0.55472605648272,4.85527924986887,7.22436385742258,0.672070142879138,0.501539043057529,NA
"ENSMUSG00000078234",45.1369389447338,0.95048432556833,0.642265964129454,1.4798920986832,0.138902044655985,NA
"ENSMUSG00000078235",0.251298996471029,0,7.3561311249555,0,1,NA
"ENSMUSG00000078238",14.1041826013136,-0.569391990193391,1.19016381211678,-0.47841480676571,0.632354997016249,NA
"ENSMUSG00000078240",61.5598044597675,0.0232763415089705,0.437689936258782,0.0531799787491767,0.957588507682354,NA
"ENSMUSG00000078249",2.45914039031176,-4.86943406001524,7.22972986924216,-0.673529184089096,0.500610688525473,NA
"ENSMUSG00000078251",1.4442988363692,1.60110885613348,3.07473498948486,0.520730684631044,0.602554395632055,NA
"ENSMUSG00000078252",0.0380762098104571,-1.67431590235222,7.3501929692546,-0.227792101425878,0.819807867435575,NA
"ENSMUSG00000078253",0.0380762098104571,-1.67431590235222,7.3501929692546,-0.227792101425878,0.819807867435575,NA
"ENSMUSG00000078254",0.0381979668618393,0,7.3561311249555,0,1,NA
"ENSMUSG00000078255",0,NA,NA,NA,NA,NA
"ENSMUSG00000078256",0.0787002458133375,-1.6722226460938,7.35013990588779,-0.227508954592044,0.820028007031772,NA
"ENSMUSG00000078257",0.0406180793754555,0,7.3561311249555,0,1,NA
"ENSMUSG00000078258",0,NA,NA,NA,NA,NA
"ENSMUSG00000078259",0.114228629431371,-3.13863321915088,7.26774571323647,-0.431857874916372,0.665844712909321,NA
"ENSMUSG00000078260",0.0865179587750838,0,7.3561311249555,0,1,NA
"ENSMUSG00000078261",0.0409190281194281,0,7.3561311249555,0,1,NA
"ENSMUSG00000078262",0.282891733072508,-1.67331405882057,7.35016763160259,-0.227656584541831,0.81991322666003,NA
"ENSMUSG00000078263",0,NA,NA,NA,NA,NA
"ENSMUSG00000078269",0.0355187493373064,1.16171280725677,7.35565536667627,0.157934643392857,0.874508299155349,NA
"ENSMUSG00000078270",0.0761861850531615,1.15029391738299,7.35609010733704,0.156373005305586,0.875739014045781,NA
"ENSMUSG00000078276",0.041372325189651,0,7.3561311249555,0,1,NA
"ENSMUSG00000078280",0,NA,NA,NA,NA,NA
"ENSMUSG00000078289",1.46241343048213,-2.82776967568543,2.50659644870601,-1.12813120641945,0.25926451166921,NA
"ENSMUSG00000078291",6.09466806166556,-0.621867770169286,1.02984478598288,-0.603846112184543,0.545945958674989,NA
"ENSMUSG00000078300",2.08485800210491,0,7.3561311249555,0,1,NA
"ENSMUSG00000078302",0.194842190643737,0,7.35613112495549,0,1,NA
"ENSMUSG00000078307",4.64433487524685,-0.098359027027654,1.56039015195211,-0.0630348934877619,0.949738718573672,NA
"ENSMUSG00000078315",0,NA,NA,NA,NA,NA
"ENSMUSG00000078317",223.881021635685,-0.218219651873334,0.306989530514303,-0.710837439660396,0.477184977038074,0.671550896643132
"ENSMUSG00000078320",0.159083526352358,-1.11065394836341,7.29453236129653,-0.152258416763814,0.878983121075007,NA
"ENSMUSG00000078324",0.0400922426516566,0,7.3561311249555,0,1,NA
"ENSMUSG00000078346",0.121854238126367,0,7.3561311249555,0,1,NA
"ENSMUSG00000078348",3861.43039051104,-0.738834604183136,0.222093881992362,-3.32667697802025,0.000878881899770287,0.0185076825741024
"ENSMUSG00000078349",20.6413190629202,-0.487172147884683,0.726041370432136,-0.670997780188091,0.502221943651615,NA
"ENSMUSG00000078350",70.3160924959354,0.195324349020481,1.84320561518963,0.105969918608558,0.9156062192408,0.963165685284396
"ENSMUSG00000078354",0.427958166170641,0,7.3561311249555,0,1,NA
"ENSMUSG00000078355",0.634194300658005,3.22640226761247,7.22011415537752,0.446863054818801,0.65497394073123,NA
"ENSMUSG00000078365",0.0845788748100616,0,7.35613112495549,0,1,NA
"ENSMUSG00000078370",3.52434158055794,-0.990245494977296,1.92209201724673,-0.51519151325323,0.606419198903294,NA
"ENSMUSG00000078377",37.1460050287502,-8.21454270690257,6.87903195058554,-1.19414225226899,0.23242232775407,NA
"ENSMUSG00000078380",2.39440302917745,-0.8403705613807,2.02458854764966,-0.415082147113933,0.678081768197137,NA
"ENSMUSG00000078420",0.293820799880357,3.96103062806806,7.23385007145024,0.547568803464841,0.583988015127737,NA
"ENSMUSG00000078427",7739.36814227496,-0.94430871087584,0.298528375962675,-3.16321256842233,0.00156038351729789,0.0243671264905049
"ENSMUSG00000078429",324.338245604142,0.0469246265623884,0.165083856461644,0.28424721573724,0.776220934094257,0.884666869699923
"ENSMUSG00000078430",0.666285251442642,0.87191056948897,4.44536769160157,0.196139134032991,0.844501266572416,NA
"ENSMUSG00000078435",131.171509253227,0.785945935529732,0.53006425679144,1.48273709358783,0.138144275239609,0.315954687816643
"ENSMUSG00000078439",566.081349147381,0.0733118946214415,0.286254574797268,0.256107329195918,0.797867962798226,0.897739110955251
"ENSMUSG00000078440",503.795072066095,-1.00777126935155,0.303895353187451,-3.31617860813399,0.000912574852550283,0.0187542669801654
"ENSMUSG00000078442",0.114344441522932,1.16058178644871,7.35570853715732,0.157779740807569,0.874630363172415,NA
"ENSMUSG00000078451",2.87032532690894,-0.681319721502639,1.78404753583056,-0.381895497636194,0.702538880008884,NA
"ENSMUSG00000078452",4.96599014237317,3.47072978281018,2.25177967285827,1.54132743298311,0.123237115495102,NA
"ENSMUSG00000078453",11396.8069152884,-0.923801809099602,0.240723645641075,-3.83760310142949,0.000124241076519555,0.00813633710410388
"ENSMUSG00000078480",76.9191498357303,-6.46859454324694,3.37331150414441,-1.91757996120421,0.0551642930405684,0.178024062255973
"ENSMUSG00000078481",0,NA,NA,NA,NA,NA
"ENSMUSG00000078485",130.609619728951,0.333170241309791,0.275226361887973,1.21053172023327,0.226074926666211,0.428441458990701
"ENSMUSG00000078486",11.3995466400624,-0.282702628963075,1.21433985098988,-0.232803550614458,0.815913955681979,NA
"ENSMUSG00000078487",0.159910343753274,-1.74619717386532,7.35201507191768,-0.237512730426143,0.812259044274715,NA
"ENSMUSG00000078488",0,NA,NA,NA,NA,NA
"ENSMUSG00000078490",17.6480866353852,-1.41166558272939,1.30571485388099,-1.08114384892956,0.279633130849681,NA
"ENSMUSG00000078491",0.0406180793754555,0,7.3561311249555,0,1,NA
"ENSMUSG00000078495",503.429370474469,-0.160678656742292,0.317749213155776,-0.50567759128807,0.613083001874829,0.776566565034942
"ENSMUSG00000078496",5.42371946027669,1.28093935868818,1.1464878947131,1.11727246715389,0.26387784397067,NA
"ENSMUSG00000078497",7.07979993830236,3.37210924566259,1.74526921729187,1.9321427389266,0.0533418904339503,NA
"ENSMUSG00000078498",9.55648477125301,-1.4119795126608,1.41996234579975,-0.994378137446699,0.320038807699595,NA
"ENSMUSG00000078500",18.0172910758826,2.47910819187787,1.66398467722169,1.48986239225301,0.136260421791773,NA
"ENSMUSG00000078502",331.127896087554,-0.538919040187942,0.320572659169339,-1.68111354718889,0.0927408615071069,0.245626505487261
"ENSMUSG00000078503",1765.7618844502,0.902588159606794,0.354401808800671,2.54679332100826,0.0108717801366025,0.0660678044658319
"ENSMUSG00000078504",0.0710374986746129,2.16226366003378,7.28481246100722,0.296818026765623,0.766605441993722,NA
"ENSMUSG00000078505",0.218153752944506,0.888329962399953,7.18671890152311,0.123607166854917,0.901626317679526,NA
"ENSMUSG00000078506",0.162408642979217,0,7.3561311249555,0,1,NA
"ENSMUSG00000078507",0.0425774740632087,0,7.3561311249555,0,1,NA
"ENSMUSG00000078508",0.349853960322063,-1.6918413280116,7.26768266302584,-0.232789653381374,0.815924747640549,NA
"ENSMUSG00000078509",0.0851374919352012,0,7.35613112495549,0,1,NA
"ENSMUSG00000078510",0.121854238126367,0,7.3561311249555,0,1,NA
"ENSMUSG00000078511",0.193523643254393,1.13756147883863,7.24576210627615,0.156996802013869,0.875247368471557,NA
"ENSMUSG00000078512",0.081236158750911,0,7.3561311249555,0,1,NA
"ENSMUSG00000078513",0.208894704601223,-2.54070470442385,7.29513625447352,-0.348273783490451,0.727634580600195,NA
"ENSMUSG00000078515",309.477157891499,-0.153880626836919,0.256166035268931,-0.600706595140026,0.5480354255781,0.729863192462626
"ENSMUSG00000078517",441.819258653008,0.555755445102911,0.247949403841587,2.24140665995704,0.0249997455118765,0.108960531033906
"ENSMUSG00000078518",0,NA,NA,NA,NA,NA
"ENSMUSG00000078520",0.0761524196209141,-2.55627499047924,7.29465809108018,-0.350431090609309,0.726015196884991,NA
"ENSMUSG00000078521",146.826549079703,-1.31862736225439,0.93953061166692,-1.40349590091043,0.160469013465764,0.346373565136386
"ENSMUSG00000078528",1.02699373360603,-1.79597758922795,2.9816054699937,-0.602352526953122,0.546939503220416,NA
"ENSMUSG00000078532",0.372082835333556,0,7.3561311249555,0,1,NA
"ENSMUSG00000078537",0.0758680662191366,1.15732437306043,7.356000210594,0.157330660675304,0.87498425742912,NA
"ENSMUSG00000078546",139.387925134879,-0.979513515473872,0.336980872073542,-2.90673327968629,0.00365224462106334,0.0362110712930904
"ENSMUSG00000078552",10.1620387862149,0.633800159032018,0.917357464147638,0.69089769670203,0.489629833702768,NA
"ENSMUSG00000078554",0.869703744341519,-0.0274020417241242,4.48385731545588,-0.00611126532275441,0.995123946103479,NA
"ENSMUSG00000078566",949.749341860833,-0.746802206449574,0.466158390112265,-1.60203532166336,0.109147798946586,0.272869497366464
"ENSMUSG00000078570",288.965424521119,-0.45269514870783,0.305193610713664,-1.48330480329929,0.137993446757158,0.315682763525691
"ENSMUSG00000078572",1782.85552496839,-0.423132896650485,0.217367813690302,-1.94662167073801,0.0515801085832282,0.170931919471926
"ENSMUSG00000078575",0.121854238126367,0,7.3561311249555,0,1,NA
"ENSMUSG00000078576",0.0735980841841293,-0.229886538825527,7.34982349124136,-0.0312778312430875,0.975047969861918,NA
"ENSMUSG00000078577",0,NA,NA,NA,NA,NA
"ENSMUSG00000078578",12563.2142287234,-0.618652358810408,0.232845347346967,-2.65692385894463,0.00788572512095681,0.0540571378784036
"ENSMUSG00000078580",38.178105489323,0.422730842194267,0.586080441537204,0.72128467738235,0.470734382375319,NA
"ENSMUSG00000078584",553.163961100569,-0.720620368393243,0.301096706685203,-2.39331866604125,0.0166967324155771,0.0854281573126186
"ENSMUSG00000078586",0.0808501718942768,0,7.3561311249555,0,1,NA
"ENSMUSG00000078588",8.72247244403922,0.265130187144131,2.20541979005995,0.120217560547475,0.904310807354429,NA
"ENSMUSG00000078590",0,NA,NA,NA,NA,NA
"ENSMUSG00000078591",1.48995450969327,-0.123839982217043,2.47504060456862,-0.0500355355740225,0.960094070482012,NA
"ENSMUSG00000078592",3.16454256738055,-3.46072482050065,2.87275454201619,-1.20467125537005,0.228330236935446,NA
"ENSMUSG00000078593",0.0400922426516566,0,7.3561311249555,0,1,NA
"ENSMUSG00000078597",0.195704636265589,-3.13820024879534,7.26775325401511,-0.431797852666726,0.665888340349582,NA
"ENSMUSG00000078598",0.988862435335868,-1.24564966840348,5.22945851352974,-0.238198594592675,0.811727067106826,NA
"ENSMUSG00000078599",49.1912596765992,0.484029147637694,0.571674059752093,0.84668726764967,0.397169457416996,NA
"ENSMUSG00000078604",0,NA,NA,NA,NA,NA
"ENSMUSG00000078605",0.0406180793754555,0,7.3561311249555,0,1,NA
"ENSMUSG00000078606",2324.37753867582,-0.147178256914228,0.23715973433949,-0.620587037357465,0.53487137072016,0.719641145987313
"ENSMUSG00000078607",16.2355387050471,1.25605965175999,0.751547685812282,1.67129734476187,0.094662960652534,NA
"ENSMUSG00000078611",0.0355187493373064,1.16171280725677,7.35565536667627,0.157934643392857,0.874508299155349,NA
"ENSMUSG00000078612",0.896859456057068,-0.205986725357325,4.3926245292969,-0.0468937702240388,0.96259789327475,NA
"ENSMUSG00000078616",30.3716720536361,0.43900149035689,0.803570833200323,0.546313370544462,0.584850546975841,NA
"ENSMUSG00000078619",752.216190315646,-0.00524098243487503,0.207164882216493,-0.0252986045646388,0.979816786972271,0.996346974510945
"ENSMUSG00000078620",0.0809105579734339,-1.63596488894733,7.34922123830873,-0.22260384276087,0.823843845400618,NA
"ENSMUSG00000078621",0.0736022956050449,-0.233414959795289,7.34996198620498,-0.0317573016341284,0.974665597806354,NA
"ENSMUSG00000078622",972.779842935466,-0.0421883755699188,0.317251837679121,-0.132980712983575,0.894208633825819,0.952813662322757
"ENSMUSG00000078624",19.8873149885925,0.0661040952726766,1.05608947144203,0.0625932717446897,0.950090387282934,NA
"ENSMUSG00000078625",8.46509914217002,-0.104843475500016,0.968045966786427,-0.108304232543894,0.913754365283172,NA
"ENSMUSG00000078626",0.156797428884438,-2.55366573583332,7.29473788424485,-0.350069567454743,0.726286489252703,NA
"ENSMUSG00000078627",0.470222159261304,1.05241982102889,7.1996077967468,0.146177382260245,0.883781360097195,NA
"ENSMUSG00000078630",6.67379147798866,-1.59559001937822,1.12437459099429,-1.41909113933927,0.155872446853719,NA
"ENSMUSG00000078632",1.07134101662206,-1.10673169493378,4.56279296169831,-0.242555755701404,0.808349559536331,NA
"ENSMUSG00000078636",9422.43447579169,-0.902391607488527,0.428233556896664,-2.10724169779689,0.035096634200337,0.13557257876918
"ENSMUSG00000078639",0.146739648965624,2.74123783470498,7.26123375303281,0.377516814351286,0.705789571175959,NA
"ENSMUSG00000078640",0.0355187493373064,1.16171280725677,7.35565536667627,0.157934643392857,0.874508299155349,NA
"ENSMUSG00000078648",1.84010990099196,0.114313287569284,1.80865264389108,0.0632035609244204,0.949604409243526,NA
"ENSMUSG00000078650",0.147192694318019,-0.110094665348769,7.22272761936141,-0.0152428100782379,0.987838468118806,NA
"ENSMUSG00000078651",105.987106951546,0.434052249787378,0.383972729217748,1.13042468060598,0.25829731928061,0.467546054035677
"ENSMUSG00000078652",963.969703090757,-0.407565578083269,0.209269630765776,-1.94756198781387,0.0514673958286473,0.170780532986297
"ENSMUSG00000078653",76.3028007070889,0.656466955809391,0.548473202852245,1.19689886834132,0.231345975324415,0.43516642616615
"ENSMUSG00000078656",3639.9900544545,-0.590656549856773,0.260190475562997,-2.27009289474842,0.0232019473496473,0.104061365495129
"ENSMUSG00000078657",0.157588582238917,-1.31610784545646,7.341151401221,-0.179278123216143,0.857719323698862,NA
"ENSMUSG00000078664",0.49306382067388,0,7.3561311249555,0,1,NA
"ENSMUSG00000078668",0.0380762098104571,-1.67431590235222,7.3501929692546,-0.227792101425878,0.819807867435575,NA
"ENSMUSG00000078670",36.5500069362886,-0.754092528284158,0.406246158250301,-1.85624531572687,0.0634185996469028,NA
"ENSMUSG00000078671",1248.10619440372,1.05315093474753,0.285526856801602,3.68844789784278,0.000225626215561526,0.00995676402154325
"ENSMUSG00000078672",0.19810961426897,-2.55312153293851,7.29475454102416,-0.349994166161492,0.726343075836403,NA
"ENSMUSG00000078673",0.438404053964773,1.30494572629178,7.13767857795506,0.182824949602262,0.854935371593292,NA
"ENSMUSG00000078674",0.0355187493373064,1.16171280725677,7.35565536667627,0.157934643392857,0.874508299155349,NA
"ENSMUSG00000078675",0.0381979668618393,0,7.3561311249555,0,1,NA
"ENSMUSG00000078676",472.407581980566,0.277506300704452,0.199033722781208,1.39426774933767,0.163236765989885,0.350020701043386
"ENSMUSG00000078677",6.15424478769333,1.15236408528433,1.16893726549401,0.985822010557021,0.324220462822514,NA
"ENSMUSG00000078680",0.398761142071114,2.21633576044069,7.28353010627776,0.304294171658658,0.760903785104171,NA
"ENSMUSG00000078681",856.473650500792,-0.08960164425626,0.208393519807724,-0.429963678040141,0.667222062978829,0.814459137138272
"ENSMUSG00000078683",0.673921408117411,0.622345921387531,7.10965379701904,0.0875353342308271,0.930246000557374,NA
"ENSMUSG00000078684",125.643180131814,0.0914025646070941,0.38599084399561,0.236799825770306,0.812812086727207,0.90613568242155
"ENSMUSG00000078685",0,NA,NA,NA,NA,NA
"ENSMUSG00000078686",0.43127638676972,0.8777800854986,7.22881711154247,0.121427900575465,0.903352118921078,NA
"ENSMUSG00000078687",0.0366271956070589,-1.63851703229211,7.34928584936375,-0.22294914987338,0.823575082881473,NA
"ENSMUSG00000078688",0.429968778654629,-2.43446023371444,7.2423811525287,-0.336140860642835,0.736764646938213,NA
"ENSMUSG00000078689",0.930655288442388,-0.649821272226031,3.60801501775497,-0.180104924460756,0.857070196667811,NA
"ENSMUSG00000078691",0,NA,NA,NA,NA,NA
"ENSMUSG00000078695",1641.14351112178,-0.328497745275444,0.159953011566371,-2.05371403800758,0.0400033770558478,0.146728527716904
"ENSMUSG00000078698",0.114226383926205,-0.230113392105841,7.34986737237775,-0.031308509452926,0.975023504174034,NA
"ENSMUSG00000078713",5268.98784432728,-0.726051224974445,0.199631585346032,-3.63695566368388,0.000275879394765545,0.0109393413621785
"ENSMUSG00000078716",7.69375927721868,-0.48625178823539,0.934059307788721,-0.520579136871443,0.602659986163064,NA
"ENSMUSG00000078719",0,NA,NA,NA,NA,NA
"ENSMUSG00000078721",0,NA,NA,NA,NA,NA
"ENSMUSG00000078722",0.475324159591796,-0.109112996672492,7.17168553495002,-0.0152144145390575,0.98786112185414,NA
"ENSMUSG00000078735",0,NA,NA,NA,NA,NA
"ENSMUSG00000078737",0.0851549481264175,0,7.3561311249555,0,1,NA
"ENSMUSG00000078742",13.6491402657071,0.821893236950255,0.79795563651176,1.02999866075655,0.303010634254862,NA
"ENSMUSG00000078746",0.325398645875003,3.96127898364939,7.23392762654538,0.547597265020072,0.583968467786188,NA
"ENSMUSG00000078747",6.68720137999984,2.15541545242791,1.45253756587158,1.48389652913009,0.137836372824926,NA
"ENSMUSG00000078752",0,NA,NA,NA,NA,NA
"ENSMUSG00000078753",0.0763959337236786,0,7.3561311249555,0,1,NA
"ENSMUSG00000078754",0,NA,NA,NA,NA,NA
"ENSMUSG00000078757",0.0355187493373064,1.16171280725677,7.35565536667627,0.157934643392857,0.874508299155349,NA
"ENSMUSG00000078759",0,NA,NA,NA,NA,NA
"ENSMUSG00000078762",219.093480829637,0.596406014505224,0.228900239486139,2.60552813681674,0.0091732738861639,0.0594068043419638
"ENSMUSG00000078763",1880.10099433161,-0.842696158183391,0.318401904201675,-2.64664295992913,0.00812951350605085,0.055074590225131
"ENSMUSG00000078765",1434.74497247757,-0.861667787849366,0.275307489672834,-3.12983780017516,0.00174902848369929,0.0253135381571998
"ENSMUSG00000078768",203.945874449025,-0.794051310562961,0.361583637944144,-2.19603772747489,0.0280892431252135,0.117355100715442
"ENSMUSG00000078771",661.321550976129,-0.176142462071705,0.269708620835443,-0.65308428601982,0.513701942210074,0.702246397282061
"ENSMUSG00000078772",4.53490214085522,1.59701012395742,1.73098853615784,0.922600058058266,0.356215665420099,NA
"ENSMUSG00000078773",225.930535584566,0.310301586873366,0.668787648041918,0.463976252823852,0.642664759516481,0.797081699851997
"ENSMUSG00000078776",8.03048017052556,0.582423596106788,1.09439076689181,0.532189793377858,0.594594551340198,NA
"ENSMUSG00000078779",41.7045316670518,0.172572386148491,0.432282052864416,0.399212470203148,0.689736655507458,NA
"ENSMUSG00000078780",8.38641411553617,-4.0055405836938,1.82196894697382,-2.19846808604876,0.0279157663885058,NA
"ENSMUSG00000078783",45.057379084219,0,2.1077307466337,0,1,NA
"ENSMUSG00000078784",4602.81927496016,-0.878081281874016,0.274663365390748,-3.19693629554426,0.00138895597943029,0.0231525265371914
"ENSMUSG00000078786",66.2154804548778,-0.425487110314299,0.434949976277388,-0.978243783241286,0.327953766573603,0.537883355331021
"ENSMUSG00000078787",1.51744906209425,0.118225747797735,2.10071493706148,0.0562788152318806,0.955119695078502,NA
"ENSMUSG00000078789",191.069225170273,0.183834473785093,0.426840532947681,0.430686543556598,0.66669630448173,0.814143340396399
"ENSMUSG00000078793",0.398831415664506,-4.54578568147682,7.23384703603746,-0.628405004810124,0.529738659318351,NA
"ENSMUSG00000078794",1.77360418532374,2.15160811968374,3.19915395600765,0.672555353468772,0.501230213531664,NA
"ENSMUSG00000078795",0.777456506988865,-1.88255986298823,7.34136646393064,-0.256431806290772,0.797617430826188,NA
"ENSMUSG00000078796",0.583862061131404,-3.3845845680175,7.25699065912026,-0.466389544509596,0.640936694054271,NA
"ENSMUSG00000078798",0.213112496023839,3.74732539013341,7.23720591907728,0.517786205344172,0.604607444017711,NA
"ENSMUSG00000078799",0.0406180793754555,0,7.3561311249555,0,1,NA
"ENSMUSG00000078800",0,NA,NA,NA,NA,NA
"ENSMUSG00000078808",64.8700247109941,0.00920856626216339,0.75625793201469,0.0121764888305125,0.990284807631483,NA
"ENSMUSG00000078810",15.0073635812792,-0.137618281823368,0.689312168451566,-0.199645803631331,0.841757602732292,NA
"ENSMUSG00000078812",19252.8507379097,-0.740130560808832,0.345478349515899,-2.14233558150876,0.0321664875594445,0.128367443918882
"ENSMUSG00000078813",313.513612906069,-0.479879113847043,0.219341941969476,-2.1878128256648,0.0286832392525568,0.11898187998805
"ENSMUSG00000078815",0.0379336327078362,-1.67084765429976,7.35010505179719,-0.227322962396465,0.820172619039964,NA
"ENSMUSG00000078816",0.409650955222083,0,7.3561311249555,0,1,NA
"ENSMUSG00000078817",4.06526138861166,0.0207465950012476,1.05018416223321,0.019755196990526,0.984238658523006,NA
"ENSMUSG00000078840",0.438668303406835,-3.83852434622979,7.24651084521614,-0.52970656198822,0.596315397582013,NA
"ENSMUSG00000078847",1.00026186437344,2.76817016399389,4.05236068527379,0.68310063663715,0.494543253177875,NA
"ENSMUSG00000078850",0,NA,NA,NA,NA,NA
"ENSMUSG00000078851",276.480557361344,-0.0953584122435686,0.255195291598333,-0.373668384108195,0.708651049972988,0.840844851416348
"ENSMUSG00000078853",2219.7241495992,-0.194189809578815,0.220886912050309,-0.879136784412951,0.379327115157215,0.588180162090835
"ENSMUSG00000078861",147.674052768429,-0.776791588057297,0.408371445745948,-1.90216920440747,0.0571490374486467,0.181528995880422
"ENSMUSG00000078862",170.041944585627,-0.715665689637991,0.375410200232211,-1.90635653798249,0.05660396350779,0.180663813044243
"ENSMUSG00000078864",4.28738380874682,4.31205865307175,2.85388589064147,1.51094291023056,0.130802996874939,NA
"ENSMUSG00000078865",0.260494250804628,-1.64855888261523,7.34954025513753,-0.22430775604812,0.822517841511634,NA
"ENSMUSG00000078866",38.9346670488487,-0.0368399385724819,0.539987289456662,-0.0682237143202953,0.945607549650956,NA
"ENSMUSG00000078867",30.4426535556396,0.359313292550761,0.590282162036137,0.608714468537107,0.542713715094425,NA
"ENSMUSG00000078868",1.2452738624601,-0.246423164374906,3.10543070097536,-0.0793523308369138,0.936752383501215,NA
"ENSMUSG00000078869",0.916599658728914,0.620999230681447,4.88426387157883,0.127142850388366,0.89882733693644,NA
"ENSMUSG00000078870",195.197826819215,-0.498949436047481,0.403257745050846,-1.23729659794772,0.215976990426853,0.416897455258374
"ENSMUSG00000078872",1.92574536227224,-1.30011158274634,2.91324413129574,-0.446276221336822,0.655397730506091,NA
"ENSMUSG00000078875",50.446221984571,-0.491490801425163,0.884779545154494,-0.555495212470518,0.578555983871115,NA
"ENSMUSG00000078876",0,NA,NA,NA,NA,NA
"ENSMUSG00000078877",192.337506105605,-0.0458503971607057,0.421361541699979,-0.108814859979206,0.913349337249378,0.96252219602453
"ENSMUSG00000078878",202.212379575926,-1.05648128019057,0.506219110469028,-2.08700394422429,0.0368877780132439,0.13974353245657
"ENSMUSG00000078879",190.291307304957,-0.773528557218671,0.324510922463871,-2.38367495104819,0.0171407348577775,0.0868458042384064
"ENSMUSG00000078880",134.114833505201,-0.851021156128714,0.642204979665732,-1.32515502538095,0.185119738764295,0.378544442461716
"ENSMUSG00000078881",153.412006469435,0.104987877189715,0.661173478835021,0.158790212479034,0.87383416028167,0.94155773647093
"ENSMUSG00000078886",335.899511534029,-1.3210728839846,0.474524447990256,-2.7839933001971,0.00536941432738187,0.0436844943425265
"ENSMUSG00000078887",216.286378551464,-1.18511915572396,0.368183924014185,-3.21882374114277,0.0012871757915654,0.0222281257951302
"ENSMUSG00000078889",38.310350944541,-1.32837180442919,1.02200734855225,-1.29976737086179,0.193680711883473,NA
"ENSMUSG00000078894",79.4920564760442,0.0632837578961422,0.468710172880691,0.135016821818055,0.892598574228637,0.952245958217914
"ENSMUSG00000078895",0,NA,NA,NA,NA,NA
"ENSMUSG00000078896",169.685903586121,-1.15851505123295,0.324327206171817,-3.57205633442669,0.000354189195087862,0.0122857542286594
"ENSMUSG00000078897",218.001319321548,-0.834957682644568,0.549476115281326,-1.51955227793128,0.128623539594064,0.302292840914721
"ENSMUSG00000078898",97.2584844215284,-0.801879643327585,0.444457181385478,-1.80417749315679,0.0712034864674588,0.208238598736932
"ENSMUSG00000078899",492.639786762073,-0.00669839320737246,0.212162788749275,-0.0315719511741917,0.974813411955064,0.994042284227992
"ENSMUSG00000078901",7.21143698472215,0.300484260178127,2.35886291448121,0.127385215280395,0.898635517405543,NA
"ENSMUSG00000078902",13.396175121265,0.778355737017935,0.923537086554046,0.842798571221628,0.399341107227281,NA
"ENSMUSG00000078903",98.1679922265469,-0.274524971240061,0.600155212784256,-0.457423288829698,0.647366828231217,0.799682094885274
"ENSMUSG00000078905",2.19210812978545,-4.42502452494018,2.32874986957484,-1.90017166839307,0.0574105949827807,NA
"ENSMUSG00000078906",1.00080840620564,1.74966968877932,3.30246842648387,0.529806636377806,0.596246003511459,NA
"ENSMUSG00000078907",20.2230335374393,-0.327508091665072,0.785500565159119,-0.416941891822481,0.676720911054922,NA
"ENSMUSG00000078908",205.560737107329,-0.367699047180001,0.225581070167813,-1.63000843513361,0.1030997142298,0.262327072113661
"ENSMUSG00000078912",0.843383752558744,1.1753580342356,3.34071510134122,0.351828275857383,0.724967051581654,NA
"ENSMUSG00000078915",0.0804749135091815,1.13955476707665,7.35554716943092,0.15492454073472,0.876880806516748,NA
"ENSMUSG00000078917",3.21859385099633,-0.0343170861381703,1.48859880890095,-0.0230532806643229,0.981607772399562,NA
"ENSMUSG00000078919",1754.26887758852,-0.690890186765892,0.267955906847651,-2.57837266919704,0.00992668765866896,0.0625400302778475
"ENSMUSG00000078920",4623.71794801465,-1.14600252087387,0.300593407123346,-3.81246725216305,0.000137586463241654,0.00827278180074193
"ENSMUSG00000078921",4387.23476596583,-0.820077347910971,0.372395314364934,-2.20216881436732,0.02765338605116,0.116486695620965
"ENSMUSG00000078922",1353.254583766,-0.957338113194221,0.434769882233791,-2.20194211309105,0.0276693977192198,0.11648722165864
"ENSMUSG00000078923",2392.24360644289,-0.655321765906139,0.313829264662874,-2.08814740910192,0.0367845395978891,0.139476476380949
"ENSMUSG00000078924",0.116750676004815,-2.54829706866063,7.29490248681818,-0.349325720702283,0.726844790921692,NA
"ENSMUSG00000078926",35.3135266629383,0.97752844604326,2.14764382429368,0.455163204897232,0.648991829613021,NA
"ENSMUSG00000078931",218.421203858693,-0.761824476525706,0.316013243599192,-2.41073591678945,0.0159203712765879,0.0830720782980919
"ENSMUSG00000078932",0.081236158750911,0,7.3561311249555,0,1,NA
"ENSMUSG00000078934",0.202261753801714,-2.55261069384308,7.29477018609249,-0.349923387402888,0.726396194694614,NA
"ENSMUSG00000078935",0.459413491270714,-0.237623655574117,4.99507974986704,-0.0475715438938571,0.96205771102714,NA
"ENSMUSG00000078937",13.8595387421376,-0.151777236083586,1.13178097653276,-0.134104777541463,0.89331972183924,NA
"ENSMUSG00000078938",0.539314057113726,-1.65164959118258,7.34961866320464,-0.22472588944668,0.82219252283171,NA
"ENSMUSG00000078940",0.149939126116377,-1.69819004043013,7.26735377806098,-0.233673781721856,0.815238243447426,NA
"ENSMUSG00000078941",5070.16764307473,-0.991291391152025,0.305525892502111,-3.24454134814507,0.00117639936705221,0.0212979995298739
"ENSMUSG00000078942",6.11644311795967,0.532381692591495,1.46907093517771,0.362393455512136,0.717058029369742,NA
"ENSMUSG00000078945",100.306528569789,0.218929955837259,0.339657069047462,0.644561752979935,0.519211227159354,0.705873054665137
"ENSMUSG00000078949",0.0786990645993649,-1.67262666210651,7.35015014734836,-0.227563604630569,0.819985516885887,NA
"ENSMUSG00000078953",0,NA,NA,NA,NA,NA
"ENSMUSG00000078954",1.98988418395771,2.04502574823134,2.85826924527747,0.715476945221377,0.47431438177648,NA
"ENSMUSG00000078958",0.0425774740632087,0,7.3561311249555,0,1,NA
"ENSMUSG00000078963",8.65620081897738,1.67613253397994,1.19236624555001,1.40571954316501,0.159807421362993,NA
"ENSMUSG00000078964",0.239296947797775,0,7.3561311249555,0,1,NA
"ENSMUSG00000078965",1.94154747569787,3.72096616721198,7.23742373680991,0.514128549401764,0.607162118266702,NA
"ENSMUSG00000078967",14.5024022988471,0.545885221271937,1.68825508657882,0.323342855953214,0.746435601259485,NA
"ENSMUSG00000078970",249.86383851265,-0.304674842932388,0.322768696560003,-0.943941733444242,0.345199424089108,0.553854294290024
"ENSMUSG00000078972",0.203090396877278,0,7.3561311249555,0,1,NA
"ENSMUSG00000078974",561.356057638133,-0.742322415593523,0.261987385739111,-2.83342808089522,0.00460516692589863,0.0406250624467681
"ENSMUSG00000078982",0.0820024468437349,0,7.3561311249555,0,1,NA
"ENSMUSG00000078984",6.107104889385,0.562278422105353,0.956956955001768,0.587569189153669,0.556821496847206,NA
"ENSMUSG00000078994",260.204922843492,-0.273930790235604,0.283125018620034,-0.967525906296649,0.333281196973116,0.541766918611948
"ENSMUSG00000078995",143.581910980186,-0.465289912105275,0.305957639652519,-1.52076579174069,0.128318621746793,0.30186329746955
"ENSMUSG00000078998",0.134498623380551,0,7.3561311249555,0,1,NA
"ENSMUSG00000079001",0.0828133386640704,0,7.3561311249555,0,1,NA
"ENSMUSG00000079003",3.02645298218057,1.25145842650735,1.69553804759519,0.738089262156232,0.460460208442348,NA
"ENSMUSG00000079005",0.423359657704936,4.59764852735989,7.2290253777464,0.635998393575038,0.52477746907572,NA
"ENSMUSG00000079006",0.723014686366047,-2.06340619316843,5.97123960463922,-0.345557426897643,0.729675345427228,NA
"ENSMUSG00000079007",0.377468121617218,-0.111924636950868,7.23083927700831,-0.0154787892059435,0.987650206228474,NA
"ENSMUSG00000079008",1.96203339659647,-0.370859358277645,1.72029919909844,-0.215578405472723,0.8293163899442,NA
"ENSMUSG00000079009",2.66553737826724,2.36677236516205,2.52707503483972,0.936565924055423,0.348981887136167,NA
"ENSMUSG00000079010",25.6211969921602,0.763342284332645,0.589804374508821,1.29422960785658,0.195586122644468,NA
"ENSMUSG00000079012",0.222090223334767,0,7.3561311249555,0,1,NA
"ENSMUSG00000079013",0.47553794343033,-4.54744005238257,7.23383335776694,-0.628634892107378,0.529588111741407,NA
"ENSMUSG00000079014",0.422803811507615,-0.236102203597171,7.34124658765363,-0.0321610506850762,0.974343617150086,NA
"ENSMUSG00000079015",0.228470522447651,0.768989803699227,7.2791741015176,0.105642452423126,0.915866041029427,NA
"ENSMUSG00000079016",0.165728610141239,0,7.3561311249555,0,1,NA
"ENSMUSG00000079017",16774.280927597,-0.817588020788724,0.319729789494739,-2.55712181864798,0.0105542249734593,0.0651493260665629
"ENSMUSG00000079018",83.681052331056,-1.19017544329647,0.416767848376671,-2.85572759014943,0.00429383364113962,0.0391590622363386
"ENSMUSG00000079019",222.49728755002,0.203102710848044,0.251450880984838,0.807723202450388,0.419249943582793,0.623951474302305
"ENSMUSG00000079020",173.345857458184,1.04440386760923,0.410805591077895,2.54233119093843,0.0110115778085823,0.0664932477934246
"ENSMUSG00000079022",12.2134578933874,0.313534651729801,1.01295884050084,0.309523584961044,0.756923274203939,NA
"ENSMUSG00000079024",6.74853262850068,-0.0965997221867802,1.12690244761823,-0.0857214592007933,0.931687842941344,NA
"ENSMUSG00000079025",0.541039819529155,-0.876021403939652,7.19121753034621,-0.121818231786611,0.903042974609993,NA
"ENSMUSG00000079029",0.2102035579291,0,7.3561311249555,0,1,NA
"ENSMUSG00000079031",0.206335988638674,1.15253729974237,7.35610373313585,0.156677684485432,0.875498875049845,NA
"ENSMUSG00000079033",18.8150363878403,0.10100814703911,0.907380751182628,0.111318370934651,0.911363888044386,NA
"ENSMUSG00000079034",0.708996303474064,0.461310156411334,4.41610218464718,0.104460933448303,0.916803569210476,NA
"ENSMUSG00000079036",870.703506179802,0.672603415736783,0.233332114042677,2.88260113056603,0.00394406509388037,0.0377051097224443
"ENSMUSG00000079037",30.7449674167651,-0.136014893197283,0.791930292804521,-0.171751092783183,0.863633216351157,NA
"ENSMUSG00000079038",185.62423642537,0.250685964903474,0.295572667828388,0.848136489565485,0.396361962097904,0.603069320386351
"ENSMUSG00000079039",0,NA,NA,NA,NA,NA
"ENSMUSG00000079042",0.0355187493373064,1.16171280725677,7.35565536667627,0.157934643392857,0.874508299155349,NA
"ENSMUSG00000079043",113.855154271957,0.194026780597926,0.380001574619467,0.510594675277923,0.609634905149841,0.773791709057085
"ENSMUSG00000079049",0.234105974298325,-2.14414094402665,7.30909531188814,-0.293352440012546,0.769252774412115,NA
"ENSMUSG00000079051",0.632179551767104,-1.69280950966496,6.90249597785323,-0.245245997259016,0.806265962940881,NA
"ENSMUSG00000079055",1.15823209620034,1.36339753941227,4.06273295443082,0.335586304762008,0.737182852899519,NA
"ENSMUSG00000079056",9.18756800862958,-0.480836294856985,1.60510876185415,-0.299566176625654,0.764508087044191,NA
"ENSMUSG00000079057",42.8456707113194,0.597394239725116,0.50973396086798,1.17197260843258,0.241208053651278,NA
"ENSMUSG00000079058",0.311326524212465,2.05630590711097,7.28745358888897,0.282170703666116,0.777812621033616,NA
"ENSMUSG00000079061",0.263376363512726,0,7.3561311249555,0,1,NA
"ENSMUSG00000079064",0.0434922688142794,0,7.3561311249555,0,1,NA
"ENSMUSG00000079067",8.05260310134848,-5.9469415769597,2.66776825110257,-2.22918222919171,0.0258017824423091,NA
"ENSMUSG00000079071",129.136384313799,1.00866460367257,0.454498630478699,2.2192907437591,0.026466950930228,0.113257926383248
"ENSMUSG00000079076",0.203538769035941,2.97233841110971,7.25877973449682,0.409481830256384,0.68218609822761,NA
"ENSMUSG00000079083",59.4426486380613,-0.0767084676211611,0.473959091744584,-0.161846178198221,0.871426987449849,NA
"ENSMUSG00000079084",1722.67512525011,0.17568230709388,0.196578258314439,0.893701615836196,0.371481560618693,0.580735559698159
"ENSMUSG00000079091",0.111077440434998,2.15986591227352,7.28487026558352,0.296486530786628,0.7668585517049,NA
"ENSMUSG00000079092",0.11187027143327,-1.93807548382765,7.35467034690838,-0.263516295416605,0.792152665344211,NA
"ENSMUSG00000079093",0.0380762098104571,-1.67431590235222,7.3501929692546,-0.227792101425878,0.819807867435575,NA
"ENSMUSG00000079101",0.847687260896445,2.1384949543068,4.83850191324853,0.441974601363966,0.65850758527673,NA
"ENSMUSG00000079103",0.501212203167549,2.15305417543286,7.28503493383103,0.295544797655571,0.76757773619036,NA
"ENSMUSG00000079104",486.822072392298,-0.842244406767728,0.326342154083241,-2.58086304888732,0.00985536697184682,0.0622545479348059
"ENSMUSG00000079105",0.16170248454015,-0.229169723239546,7.34985260283877,-0.0311801794706784,0.975125846719434,NA
"ENSMUSG00000079108",1138.5720591038,-0.458878089616688,0.196653561124765,-2.33343391796276,0.0196253828382756,0.0947667201502378
"ENSMUSG00000079109",432.997026124143,0.694516314749602,0.347959376729312,1.99596953321907,0.0459372391577683,0.1598520186032
"ENSMUSG00000079110",24.6026532189222,-0.654557109908023,1.00500057447867,-0.651300234577044,0.514852697002514,NA
"ENSMUSG00000079111",990.571071536323,-0.747548737622338,0.24263390448433,-3.08097394389752,0.00206324703245366,0.0277212352493685
"ENSMUSG00000079112",0.224863955539082,2.7425952167698,7.26112128189448,0.377709600252571,0.705646335260086,NA
"ENSMUSG00000079113",0,NA,NA,NA,NA,NA
"ENSMUSG00000079114",0.161747848757309,-1.64771021060399,7.34951872355885,-0.224192940052287,0.822607176690291,NA
"ENSMUSG00000079116",0,NA,NA,NA,NA,NA
"ENSMUSG00000079120",0,NA,NA,NA,NA,NA
"ENSMUSG00000079137",7.14822614916249,-0.528025528825746,0.968499172533295,-0.545199772803723,0.585616127770211,NA
"ENSMUSG00000079138",60.5010664669737,-0.268231907985552,0.921540827678947,-0.291068935774813,0.770998597477269,NA
"ENSMUSG00000079139",1.08969422926619,0,7.11804480676304,0,1,NA
"ENSMUSG00000079140",0.085732687024658,0,7.3561311249555,0,1,NA
"ENSMUSG00000079144",188.464155357678,0.717897250550459,0.262634718447846,2.73344382948753,0.00626758127344825,0.0477311563081941
"ENSMUSG00000079156",0.207484206379594,2.82981869048314,7.25974539263288,0.389795858867835,0.696687506192276,NA
"ENSMUSG00000079157",0.827450783384091,-0.431264791125708,4.19291347790685,-0.102855638066016,0.918077546587416,NA
"ENSMUSG00000079162",152.726202552183,0.406870366030883,0.408580753339385,0.995813832897114,0.319340607917976,0.530813738481543
"ENSMUSG00000079164",1.23133423792819,0.00542862253121247,4.95548955837898,0.00109547653511518,0.999125936360733,NA
"ENSMUSG00000079165",325.742300448455,0.640896601805055,0.330811473748973,1.93734695638574,0.0527029459596051,0.173052336643363
"ENSMUSG00000079168",0.629452652355796,0.0678804434037754,5.76437696327972,0.0117758508571157,0.990604447559207,NA
"ENSMUSG00000079169",0.114242395839522,-0.233464049128496,7.35003966030527,-0.031763644812605,0.974660539234186,NA
"ENSMUSG00000079170",0.127735538622751,0,7.3561311249555,0,1,NA
"ENSMUSG00000079173",1308.25884745204,0.379189712629452,0.236392790004257,1.60406631954648,0.108699434916448,0.272092659951657
"ENSMUSG00000079175",0.0406180793754555,0,7.3561311249555,0,1,NA
"ENSMUSG00000079177",2.47760564868365,2.52167881674602,2.35165281940834,1.07230063720905,0.283585020668413,NA
"ENSMUSG00000079180",0.0407969102058399,0,7.3561311249555,0,1,NA
"ENSMUSG00000079183",0.662148746572216,0.758629792058328,3.67064908686536,0.206674561938629,0.836264025101587,NA
"ENSMUSG00000079184",1308.55630676503,0.109840386599124,0.216428351012133,0.507513854286891,0.611794317984874,0.775431059530771
"ENSMUSG00000079186",39.1513467524721,0.106524650479447,0.799634456533454,0.133216683709765,0.894022016754744,NA
"ENSMUSG00000079190",3.39138764320312,0.531436288243391,1.91524016768374,0.277477622498958,0.781413386139929,NA
"ENSMUSG00000079192",0.371922038645569,1.11135936271753,7.35509796447514,0.15110055203688,0.879896397038435,NA
"ENSMUSG00000079197",17178.7120110877,-0.790685850757522,0.206194048791269,-3.83466863079999,0.000125733687210306,0.00817682564522289
"ENSMUSG00000079215",340.106856968965,0.814117941586429,0.259695931055521,3.13488909232227,0.00171919095373167,0.0251022194647527
"ENSMUSG00000079222",12.3869806029182,0.957655057894146,0.889736263484314,1.07633587299663,0.28177707062466,NA
"ENSMUSG00000079223",0.0761527689477465,1.15761722726892,7.35585517765685,0.157373575105875,0.874950437949753,NA
"ENSMUSG00000079224",436.450202595856,-0.892361868239033,0.367486618474672,-2.4282839792724,0.0151704595105738,0.0804506396255482
"ENSMUSG00000079225",167.102613703061,-10.6980907997038,2.13393587796982,-5.01331408790116,5.35004583979516e-07,0.00018887572545134
"ENSMUSG00000079227",1639.20226968839,0.510692485613084,0.314524942904428,1.62369470890665,0.104440980832196,0.264582033707396
"ENSMUSG00000079230",0.0380762098104571,-1.67431590235222,7.3501929692546,-0.227792101425878,0.819807867435575,NA
"ENSMUSG00000079235",0.669036917039438,0.658343591386103,7.27997371861908,0.0904321384708217,0.927943818506491,NA
"ENSMUSG00000079242",404.54944074496,0.116581051172938,0.241800055411077,0.48213823183267,0.629707752226757,0.787035166362561
"ENSMUSG00000079243",0.322168556059422,-1.67301643890832,7.35015811392974,-0.227616387698883,0.819944478802139,NA
"ENSMUSG00000079244",0.340009036168335,-3.1405544751429,7.26770222325978,-0.432124814510392,0.665650700373004,NA
"ENSMUSG00000079247",0.0785453356381789,0,7.3561311249555,0,1,NA
"ENSMUSG00000079258",0.0380762098104571,-1.67431590235222,7.3501929692546,-0.227792101425878,0.819807867435575,NA
"ENSMUSG00000079259",3.67528305833313,-0.519493822647123,1.69977591758692,-0.305624886946639,0.759890269552457,NA
"ENSMUSG00000079260",28.8146210673516,1.02144456931096,0.561840947025125,1.81803155273637,0.0690593103475846,NA
"ENSMUSG00000079261",0.0355187493373064,1.16171280725677,7.35565536667627,0.157934643392857,0.874508299155349,NA
"ENSMUSG00000079262",26.1927609914831,-0.562068992673973,0.471131030633391,-1.19302053171561,0.232861332135659,NA
"ENSMUSG00000079263",0.0406180793754555,0,7.3561311249555,0,1,NA
"ENSMUSG00000079264",0.133445074557192,0,7.3561311249555,0,1,NA
"ENSMUSG00000079265",0.939190196418307,0.192810519859591,6.1213332607669,0.0314981249420547,0.974872287483937,NA
"ENSMUSG00000079266",0.121854238126367,0,7.3561311249555,0,1,NA
"ENSMUSG00000079267",0.0709059067535266,2.15964191227399,7.28487565261006,0.296455562903153,0.766882198125556,NA
"ENSMUSG00000079269",0.081236158750911,0,7.3561311249555,0,1,NA
"ENSMUSG00000079271",0.228457258862742,-4.13592491692283,7.24062517585967,-0.571211023422681,0.567856606745847,NA
"ENSMUSG00000079272",0.152292554460414,-1.11576509654888,7.29459256303097,-0.152957836494335,0.878431525545021,NA
"ENSMUSG00000079273",0.368128069296282,3.70951042229098,7.23735162582997,0.512550807819231,0.608265571101687,NA
"ENSMUSG00000079276",0.0761524196209141,-2.55627499047924,7.29465809108018,-0.350431090609309,0.726015196884991,NA
"ENSMUSG00000079277",0.351498609648665,1.12488835207871,7.2594534291063,0.15495496500722,0.87685682109518,NA
"ENSMUSG00000079278",0.0355187493373064,1.16171280725677,7.35565536667627,0.157934643392857,0.874508299155349,NA
"ENSMUSG00000079283",324.083183862908,-0.73170006679799,0.292920214011424,-2.4979500621608,0.0124913789144193,0.0716333655239557
"ENSMUSG00000079286",0,NA,NA,NA,NA,NA
"ENSMUSG00000079293",60.0160799205191,1.26472497006984,1.73966072181816,0.726995186019979,0.467228904757186,NA
"ENSMUSG00000079295",0,NA,NA,NA,NA,NA
"ENSMUSG00000079297",0,NA,NA,NA,NA,NA
"ENSMUSG00000079298",0.176174354713622,-3.42707906442008,7.30295875814038,-0.46927268493746,0.638874737063706,NA
"ENSMUSG00000079299",0.21051894915056,0,7.3561311249555,0,1,NA
"ENSMUSG00000079304",3.60498443581481,2.05653909254219,2.25078131071473,0.913700092830937,0.360874455236489,NA
"ENSMUSG00000079311",5.14039786686912,-2.82360584981862,2.32131342630595,-1.21638285369848,0.22383911253803,NA
"ENSMUSG00000079316",638.508704309707,-0.695443971505704,0.254620542169597,-2.73129561966954,0.00630858561145789,0.0479695144378932
"ENSMUSG00000079317",815.699321529798,-0.858520851281077,0.371476960120433,-2.31110120800694,0.0208272652864962,0.0976436918227731
"ENSMUSG00000079323",0.179404813901815,1.76971819117434,7.24325145051838,0.244326488354575,0.806977970259205,NA
"ENSMUSG00000079324",15.1215866815854,0.137342766653247,0.83481329623036,0.164519141313902,0.869322479460419,NA
"ENSMUSG00000079330",0.907461143898241,-2.49143898745436,4.67596634033363,-0.532817990147592,0.594159579243636,NA
"ENSMUSG00000079333",0,NA,NA,NA,NA,NA
"ENSMUSG00000079334",94.6386032061115,-0.690000004571227,0.397408000196875,-1.73625091651251,0.0825194778918946,0.228131814106316
"ENSMUSG00000079339",564.843975969608,-0.835892208722441,0.356407646697424,-2.3453262478178,0.019010436912134,0.0928079306393268
"ENSMUSG00000079342",0.244833353847417,-1.66894640293546,7.35005662285143,-0.227065788547354,0.82037258603228,NA
"ENSMUSG00000079343",0.590792203483297,-1.69519994971074,6.05777190080445,-0.279838854527623,0.779601140511426,NA
"ENSMUSG00000079344",0.0425919574685933,0,7.3561311249555,0,1,NA
"ENSMUSG00000079346",0,NA,NA,NA,NA,NA
"ENSMUSG00000079349",0.11440526457982,-1.67591511701429,7.35023180370274,-0.228008471266176,0.819639654854618,NA
"ENSMUSG00000079350",0.0381979668618393,0,7.3561311249555,0,1,NA
"ENSMUSG00000079353",0,NA,NA,NA,NA,NA
"ENSMUSG00000079355",2.40426541179284,0.420065916892769,2.03761252171597,0.206155936134025,0.836669106341423,NA
"ENSMUSG00000079356",3.96611531112195,1.83223980899584,1.34958491778325,1.35763210217655,0.174580451295321,NA
"ENSMUSG00000079359",1.82661529410254,-1.29719653877467,2.06586979143464,-0.627917860144434,0.530057750335568,NA
"ENSMUSG00000079362",124.387500289444,-3.39763365488407,1.43056083585584,-2.37503611851041,0.0175472330538321,0.0881894248214923
"ENSMUSG00000079363",1448.10435930195,-0.135610911755099,0.228640266534847,-0.593119111564849,0.553101441111132,0.7326128626797
"ENSMUSG00000079364",1.26548552748318,-1.69285707855732,5.09143287569653,-0.332491288776095,0.739518316475643,NA
"ENSMUSG00000079371",0.106556248011919,2.74727956207311,7.26104728326191,0.378358583121489,0.705164231160339,NA
"ENSMUSG00000079374",0.565938676361626,0.702144625046862,7.12542970157794,0.0985406711529792,0.92150297818228,NA
"ENSMUSG00000079378",0.0617544514113517,-2.27149691889338,7.29196200883423,-0.311506960148922,0.755415252494283,NA
"ENSMUSG00000079379",0,NA,NA,NA,NA,NA
"ENSMUSG00000079380",0,NA,NA,NA,NA,NA
"ENSMUSG00000079382",0,NA,NA,NA,NA,NA
"ENSMUSG00000079383",0.400470610606796,2.73119408065991,7.2613262995867,0.376128818342094,0.706821130792555,NA
"ENSMUSG00000079386",0,NA,NA,NA,NA,NA
"ENSMUSG00000079387",0.325942144403636,4.16161560954364,7.23123822345147,0.575505256630489,0.56494963657214,NA
"ENSMUSG00000079388",4.43334820078694,1.59252084385051,2.2046929451188,0.722332262810726,0.470090221761914,NA
"ENSMUSG00000079389",0.406649220217727,-3.26568256506193,7.25551621508829,-0.45009651529284,0.652640849356481,NA
"ENSMUSG00000079391",2.69685108707264,0.217501411008715,3.32556259538938,0.065402891922787,0.947853221590456,NA
"ENSMUSG00000079392",0.116878091950563,-2.4692804017358,7.29739298959479,-0.338378432579511,0.735078024875965,NA
"ENSMUSG00000079395",0.635627598470969,-3.86179502840238,7.24621196063856,-0.532939837998069,0.594075226965432,NA
"ENSMUSG00000079396",2.17052242682765,1.76166201456897,3.45709527506552,0.509578670647306,0.61034667000296,NA
"ENSMUSG00000079402",1.33485608564276,0.192624151956487,3.03199007753057,0.0635306010346087,0.949343992352495,NA
"ENSMUSG00000079409",0.196627721962084,-3.5291929674936,7.24678390302862,-0.487001270455803,0.626257430623197,NA
"ENSMUSG00000079410",1.16606044583915,3.47687315152999,6.88389514099914,0.505073520196787,0.613507199015536,NA
"ENSMUSG00000079414",337.448521166167,-0.686973231567591,0.359739813514741,-1.9096391496279,0.0561796907416352,0.180032115446346
"ENSMUSG00000079415",17.8117810479207,0.378967838227384,1.26297417440907,0.300059847545733,0.764131505782472,NA
"ENSMUSG00000079416",0.0355187493373064,1.16171280725677,7.35565536667627,0.157934643392857,0.874508299155349,NA
"ENSMUSG00000079418",447.787969696065,0.0437726497794716,0.237207507929218,0.184533154795982,0.853595219972032,0.930385634712127
"ENSMUSG00000079419",394.044702878875,-0.0174361531209699,0.287433272684288,-0.0606615683638043,0.951628739288933,0.983226863030862
"ENSMUSG00000079421",0.62946417355456,-1.53919223819565,6.85837765812713,-0.224425121350924,0.822426525165033,NA
"ENSMUSG00000079423",1.1089895516473,1.02651249425548,6.93360432531953,0.148048900123555,0.88230417670725,NA
"ENSMUSG00000079424",0.251966263388417,-2.55325905893812,7.29491266987192,-0.350005431796752,0.726334621194042,NA
"ENSMUSG00000079426",4984.04562257055,-0.635318578817449,0.282521909200502,-2.24874092283785,0.0245289839486247,0.107525058240423
"ENSMUSG00000079427",2380.70725412961,-0.753600272477639,0.258298794266522,-2.91755242070563,0.00352790343315739,0.0355125513612635
"ENSMUSG00000079428",0.0425774740632087,0,7.3561311249555,0,1,NA
"ENSMUSG00000079429",32.3487905748727,0.388632082409407,0.498587585355023,0.779466023271877,0.43570524469348,NA
"ENSMUSG00000079432",0.794077063673492,0,7.35613112495549,0,1,NA
"ENSMUSG00000079433",0,NA,NA,NA,NA,NA
"ENSMUSG00000079434",0.216818822755967,0,7.3561311249555,0,1,NA
"ENSMUSG00000079435",5586.91129950927,-0.63567388992042,0.254749898554047,-2.49528613565103,0.0125855596517446,0.0720789438919442
"ENSMUSG00000079436",1.00559735526759,3.28103623513768,4.09136014986783,0.801942658419761,0.422586128571394,NA
"ENSMUSG00000079438",0,NA,NA,NA,NA,NA
"ENSMUSG00000079439",0,NA,NA,NA,NA,NA
"ENSMUSG00000079440",0.274652372398631,-0.110164264210747,7.22290686596213,-0.0152520676585067,0.98783108249701,NA
"ENSMUSG00000079442",322.929874585028,-0.576769811222126,0.31072451813677,-1.85620952823637,0.0634236985066284,0.194693835789518
"ENSMUSG00000079444",1.16323646041563,-0.219179266841373,2.43290416987111,-0.0900895602694391,0.928216045183035,NA
"ENSMUSG00000079445",0.700275540680259,-1.37584573239244,5.80898088905401,-0.236848039039855,0.812774681885824,NA
"ENSMUSG00000079450",19.5930341869384,0.090727883738812,0.879229165444411,0.103190257221453,0.917811972243949,NA
"ENSMUSG00000079451",4.16779639485507,-0.472688902165356,1.2185835372269,-0.387900285639047,0.698089826737626,NA
"ENSMUSG00000079455",7.74133569467673,-1.20066792955734,1.35360011317972,-0.887018195305014,0.375069104429003,NA
"ENSMUSG00000079457",13.2012636017288,0.3265342844063,0.988460505381675,0.33034631391794,0.741138301810969,NA
"ENSMUSG00000079460",0,NA,NA,NA,NA,NA
"ENSMUSG00000079462",0.35472330123833,3.74062489175875,7.23729209195213,0.516854210695507,0.605257933802974,NA
"ENSMUSG00000079465",8.92103518360585,-0.160210598731566,1.25739303604392,-0.12741489267002,0.898612029662223,NA
"ENSMUSG00000079466",0.247638634051095,-0.230908319176213,7.35002242738191,-0.0314160019860597,0.974937779710764,NA
"ENSMUSG00000079469",752.339315248499,-0.122795272876679,0.205956428568227,-0.596219665151172,0.551028490062274,0.731708631409434
"ENSMUSG00000079470",30.6988891536213,0.0814362599937181,0.526146174531476,0.154778774294493,0.876995725196414,NA
"ENSMUSG00000079471",0.131789337263111,0,7.3561311249555,0,1,NA
"ENSMUSG00000079476",0,NA,NA,NA,NA,NA
"ENSMUSG00000079477",2893.9131341295,-0.365338974133452,0.245865243882894,-1.48593175824178,0.137297172304167,0.314782846222831
"ENSMUSG00000079478",811.590803919158,-0.527066591355195,0.217932404514321,-2.41848656022404,0.0155852212862754,0.0819903738237535
"ENSMUSG00000079479",0,NA,NA,NA,NA,NA
"ENSMUSG00000079480",1553.08979082353,-1.17428853557679,0.292290853167989,-4.01753432531086,5.88102708660209e-05,0.00620424259133272
"ENSMUSG00000079481",179.568796340769,0.806758598768062,0.856617398422477,0.941795719131746,0.346297237312173,0.555053150032164
"ENSMUSG00000079484",87.963662228209,0.931098591874624,0.405165938588334,2.29806729341249,0.0215579594073901,0.099533128791243
"ENSMUSG00000079487",409.391849089245,-0.00887178982511602,0.19971302700432,-0.0444226896872588,0.964567475743997,0.98908189810471
"ENSMUSG00000079491",497.047455892464,-0.00810974415449126,0.188129728942461,-0.0431071909797499,0.965616087056584,0.989583988964287
"ENSMUSG00000079492",96.0560673549691,-0.418173835607365,0.434817343826217,-0.961722989077675,0.33618877123681,0.544702891250197
"ENSMUSG00000079494",0.0380762098104571,-1.67431590235222,7.3501929692546,-0.227792101425878,0.819807867435575,NA
"ENSMUSG00000079495",11.8100128734265,0.38464832224843,1.04208575485003,0.369113885741376,0.712042839313931,NA
"ENSMUSG00000079497",2.06230385631052,0.807728853155443,2.25568065594843,0.358086527463624,0.720278561002425,NA
"ENSMUSG00000079501",1.49871322844145,-2.58854497141452,2.81755903624558,-0.918718982677921,0.358242578226798,NA
"ENSMUSG00000079502",7.28224158830534,1.3116902400903,1.38608203793392,0.94632944096548,0.343980581522677,NA
"ENSMUSG00000079507",7.54599187129387,-0.337499979393182,0.825798227847308,-0.408695451276248,0.682763172342619,NA
"ENSMUSG00000079508",587.500346004999,-0.722979845889932,0.399527785054841,-1.80958589848937,0.0703600283547896,0.206505011961727
"ENSMUSG00000079509",624.406202207799,-0.253702184728706,0.267821639515552,-0.947280381031251,0.343495925255624,0.551837676117641
"ENSMUSG00000079511",25.2928026763168,-0.333329885595734,0.572253494288044,-0.582486413666096,0.560239090329825,NA
"ENSMUSG00000079513",0.156509160710153,0.771412052412672,7.27886157144986,0.105979766868821,0.915598405466359,NA
"ENSMUSG00000079516",0.0761593524333674,1.15597758328108,7.35593531636896,0.157148959794238,0.875127452565691,NA
"ENSMUSG00000079519",0.223027749962864,3.15563201411087,7.24921836762535,0.435306519141948,0.66333995356475,NA
"ENSMUSG00000079521",0.197537773904479,0.00394295570029221,7.34328545231657,0.00053694708259616,0.999571578233415,NA
"ENSMUSG00000079522",0.112229219142046,2.15186112182811,7.28506385183092,0.295379857417076,0.767703718672944,NA
"ENSMUSG00000079523",87268.5005944346,-1.03982746785796,0.317452561065073,-3.27553655377443,0.00105461465534294,0.0201008694804716
"ENSMUSG00000079525",0.0710374986746129,2.16226366003378,7.28481246100722,0.296818026765623,0.766605441993722,NA
"ENSMUSG00000079531",0.082689217465878,0,7.3561311249555,0,1,NA
"ENSMUSG00000079532",0,NA,NA,NA,NA,NA
"ENSMUSG00000079534",0.0813107220458279,0,7.3561311249555,0,1,NA
"ENSMUSG00000079536",0,NA,NA,NA,NA,NA
"ENSMUSG00000079539",0.119068751835574,0,7.3561311249555,0,1,NA
"ENSMUSG00000079542",0,NA,NA,NA,NA,NA
"ENSMUSG00000079543",1929.3463639316,2.10454360737242,2.81057954280702,0.748793469574088,0.453981696402917,0.653408425879854
"ENSMUSG00000079544",0,NA,NA,NA,NA,NA
"ENSMUSG00000079546",0,NA,NA,NA,NA,NA
"ENSMUSG00000079547",84.5573735331654,0.168198001718433,0.875698439447029,0.192072971860774,0.847685046043141,0.926957455820241
"ENSMUSG00000079550",14.3753971204948,0.952329864570212,1.37585926820617,0.692170984763468,0.488829957796591,NA
"ENSMUSG00000079553",55.3201162919667,2.59532764979196,0.69166353039429,3.75229795376441,0.000175221036831245,NA
"ENSMUSG00000079554",1.60223477928861,0.49307555416698,2.23138428113927,0.22097294416506,0.825113499683149,NA
"ENSMUSG00000079555",1650.86741544758,-0.695382633307882,0.276090667816369,-2.5186748933158,0.0117797365872894,0.0694298311078186
"ENSMUSG00000079557",992.102112393859,-0.437445628025069,0.264188698404276,-1.6558074992128,0.0977608086291918,0.254239829860448
"ENSMUSG00000079559",0.464904162092582,-0.232977130559403,6.55430478400881,-0.0355456662814675,0.971644632937474,NA
"ENSMUSG00000079560",1.16649208119946,-1.87922699729068,4.72601093299972,-0.397634923814678,0.690899313271498,NA
"ENSMUSG00000079562",955.081068678256,-0.00872656370953468,0.146564403443077,-0.0595408128067324,0.952521359201125,0.983668369797652
"ENSMUSG00000079563",382.973258584661,0.27862133059362,0.251690998333607,1.10699759800037,0.268294966840419,0.478779186615365
"ENSMUSG00000079566",0.297036535050077,3.48206035960562,7.24200137102786,0.480814650703582,0.630648236689333,NA
"ENSMUSG00000079575",0.195433094347691,-3.90462910766704,7.24536709668179,-0.538913909476756,0.589946259096414,NA
"ENSMUSG00000079577",0.0354683212601177,0,7.35613112495549,0,1,NA
"ENSMUSG00000079578",0.0354683212601177,0,7.35613112495549,0,1,NA
"ENSMUSG00000079579",0,NA,NA,NA,NA,NA
"ENSMUSG00000079580",5.88527995169022,-4.52068317438813,1.85542819144571,-2.43646355877869,0.0148316638006836,NA
"ENSMUSG00000079583",0.0406180793754555,0,7.3561311249555,0,1,NA
"ENSMUSG00000079584",0.154135643735036,0,7.35613112495549,0,1,NA
"ENSMUSG00000079588",0.121854238126367,0,7.3561311249555,0,1,NA
"ENSMUSG00000079592",0.495494886134267,0,7.3561311249555,0,1,NA
"ENSMUSG00000079593",0.336766389735992,-1.6487251251277,7.26850488151312,-0.226831398204204,0.820554847751508,NA
"ENSMUSG00000079594",0.0410826440564989,0,7.3561311249555,0,1,NA
"ENSMUSG00000079595",0,NA,NA,NA,NA,NA
"ENSMUSG00000079597",6.85085939455561,0,2.58070216296388,0,1,NA
"ENSMUSG00000079598",8.15013214666764,1.14929207343434,2.46231300219304,0.466753037656356,0.640676578830412,NA
"ENSMUSG00000079600",3.88705754176324,0.204041113566314,1.32723194073819,0.153734330303134,0.877819214876804,NA
"ENSMUSG00000079602",1.12104906002641,0,4.23127332608447,0,1,NA
"ENSMUSG00000079605",123.732957937469,0.266349278414359,0.302724719461116,0.879839871975076,0.378946061490787,0.587958219720049
"ENSMUSG00000079606",0.0830153799237486,1.15518774541638,7.3559739499371,0.157040760785492,0.875212724165509,NA
"ENSMUSG00000079608",30.6527236764574,-0.41367479813631,0.571145032991647,-0.724290283974788,0.46888754064919,NA
"ENSMUSG00000079610",392.570811597522,-0.410977996958628,0.346848192836904,-1.1848930034699,0.236059754050925,0.440689455862776
"ENSMUSG00000079614",1039.40302985606,-0.269996325132836,0.210111303951486,-1.28501570384417,0.198786796426972,0.395135226760631
"ENSMUSG00000079619",0.0787064027252544,-1.67019475233047,7.35008850202499,-0.227234645116222,0.820241289327335,NA
"ENSMUSG00000079620",5.5251583824467,-3.70873339502961,2.50816683081514,-1.47866296191481,0.139230415996591,NA
"ENSMUSG00000079625",0.0763959337236786,0,7.3561311249555,0,1,NA
"ENSMUSG00000079626",0,NA,NA,NA,NA,NA
"ENSMUSG00000079627",0.0406180793754555,0,7.3561311249555,0,1,NA
"ENSMUSG00000079628",0.501089552725507,-0.296434215239888,5.36425320627969,-0.0552610407899585,0.955930499659579,NA
"ENSMUSG00000079629",0,NA,NA,NA,NA,NA
"ENSMUSG00000079630",2.14684657259036,0.148465752507264,2.96436577819093,0.0500834794408768,0.960055864711827,NA
"ENSMUSG00000079633",1.3234595879958,3.39454265959689,3.48711129219092,0.973454064170155,0.330327679936704,NA
"ENSMUSG00000079635",0.957170930242651,-2.95878466432151,4.37740524946285,-0.675922035019395,0.499090146744472,NA
"ENSMUSG00000079636",0,NA,NA,NA,NA,NA
"ENSMUSG00000079637",0.237042764507858,-2.9195700638115,7.27262636953313,-0.401446453518129,0.688091454013139,NA
"ENSMUSG00000079638",0,NA,NA,NA,NA,NA
"ENSMUSG00000079639",2.2028874262518,-0.252293178357977,1.89717598755192,-0.132983539752436,0.894206398245514,NA
"ENSMUSG00000079641",8870.46365975117,-0.745696985726298,0.278474073601772,-2.67779680916605,0.00741081601845919,0.0522137678848675
"ENSMUSG00000079642",0,NA,NA,NA,NA,NA
"ENSMUSG00000079644",0.458212653947561,-3.15498534703566,7.27953575211891,-0.433404746465778,0.664720752894421,NA
"ENSMUSG00000079649",0.0425919574685933,0,7.3561311249555,0,1,NA
"ENSMUSG00000079652",12.9140609802892,0.504304310299214,1.18230503931627,0.426543314566987,0.669711992847482,NA
"ENSMUSG00000079654",1.4063434452631,0.554243417267714,2.75765343075907,0.200983709949061,0.840711311745001,NA
"ENSMUSG00000079655",0,NA,NA,NA,NA,NA
"ENSMUSG00000079657",25.9894110190788,-0.490053647674166,0.765784526178726,-0.639936732751104,0.522213731808775,NA
"ENSMUSG00000079658",5689.98457762808,-0.718525545924826,0.218756827063143,-3.28458569988963,0.00102132431996122,0.0197956684368954
"ENSMUSG00000079659",1096.46192027149,-0.790635730158555,0.219123279825452,-3.60817769243119,0.00030835527743185,0.0114589921707287
"ENSMUSG00000079666",0.63720939594215,0.942800729918489,5.17019825396413,0.182352916388771,0.855305773492359,NA
"ENSMUSG00000079677",772.192527643003,-0.405637612142375,0.226310035539182,-1.7923978102692,0.0730692653209992,0.211628973834772
"ENSMUSG00000079679",0.405606314552419,-2.21016538249897,7.19066243629288,-0.307366032278719,0.758564779909492,NA
"ENSMUSG00000079681",3.39131250948573,-0.481740477931645,1.68715305146846,-0.285534544428171,0.775234642796078,NA
"ENSMUSG00000079685",301.075121365542,-0.258307377496783,0.339729195220679,-0.760333174571567,0.447055456719338,0.648081919677263
"ENSMUSG00000079693",0.0832395382965444,0,7.3561311249555,0,1,NA
"ENSMUSG00000079694",0.976417358388929,1.14803708922996,2.98791062260555,0.384227386369688,0.700809921906205,NA
"ENSMUSG00000079697",0.405930447194977,-4.32290739008506,7.23705351111412,-0.597329753531084,0.550287243360972,NA
"ENSMUSG00000079698",0.0761431474512396,1.16006662952589,7.35573561638447,0.157709125235811,0.874686009588653,NA
"ENSMUSG00000079699",0,NA,NA,NA,NA,NA
"ENSMUSG00000079700",0.0710374986746129,2.16226366003378,7.28481246100722,0.296818026765623,0.766605441993722,NA
"ENSMUSG00000079701",0,NA,NA,NA,NA,NA
"ENSMUSG00000079702",0.0710374986746129,2.16226366003379,7.28481246100722,0.296818026765623,0.766605441993722,NA
"ENSMUSG00000079703",0.215685083135038,1.76767646298423,7.24324557544775,0.244044806236596,0.807196118431861,NA
"ENSMUSG00000079704",0.0406180793754555,0,7.3561311249555,0,1,NA
"ENSMUSG00000079705",0.0710374986746129,2.16226366003378,7.28481246100722,0.296818026765623,0.766605441993722,NA
"ENSMUSG00000079707",9.1991638023121,-0.826973143548104,1.67231860990356,-0.494506931066082,0.620948212620673,NA
"ENSMUSG00000079710",14.7344511803733,0.144892446881176,1.84385808800086,0.0785811271616195,0.937365799454651,NA
"ENSMUSG00000079711",1.0511647202138,0.558107370353197,3.12366602020269,0.178670628275741,0.858196333274552,NA
"ENSMUSG00000079722",0.966044588287479,-0.442243958083712,4.59170415685478,-0.0963136872447462,0.923271440775143,NA
"ENSMUSG00000079737",164.891820536248,-0.432382627139885,0.334460573049564,-1.29277607580912,0.196088517147626,0.391931293551546
"ENSMUSG00000079740",0.346135452362554,-1.88366087937846,7.34072983232995,-0.256604032896357,0.797484461428563,NA
"ENSMUSG00000079741",0.0955714464047436,-2.05289710700376,7.31284035178329,-0.280724999897358,0.778921332345672,NA
"ENSMUSG00000079764",0,NA,NA,NA,NA,NA
"ENSMUSG00000079773",0.750937665930948,0,7.3561311249555,0,1,NA
"ENSMUSG00000079774",0.325398645875003,3.96127898364939,7.23392762654538,0.547597265020072,0.583968467786188,NA
"ENSMUSG00000079794",0.0821652881129979,0,7.3561311249555,0,1,NA
"ENSMUSG00000079800",50.7966113634042,-0.834713304793755,0.5022837699322,-1.66183610692105,0.0965456404300037,NA
"ENSMUSG00000079806",0.0432773486139992,0,7.3561311249555,0,1,NA
"ENSMUSG00000079808",33.8911122993511,0.152694995988449,0.403590689886011,0.378341224946433,0.705177124332773,NA
"ENSMUSG00000079834",92.8583502713639,0.402161142287223,0.379929478085236,1.05851523897022,0.289820606997681,0.501330201902228
"ENSMUSG00000079842",0,NA,NA,NA,NA,NA
"ENSMUSG00000079845",1384.67974991482,-0.561417811586429,0.304648351163502,-1.84283883186068,0.0653525452992306,0.197737958458186
"ENSMUSG00000079852",1.21703809637308,1.15202775094621,4.97863002101542,0.23139452943548,0.817008314733611,NA
"ENSMUSG00000079853",6.36704348446587,0,2.57369289625427,0,1,NA
"ENSMUSG00000079871",0.121268485642892,1.13889173749213,7.35553027175498,0.154834756355424,0.876951590008382,NA
"ENSMUSG00000079875",0,NA,NA,NA,NA,NA
"ENSMUSG00000079884",6.96879180282434,1.42052678046468,7.08054979418799,0.200623796421954,0.84099274951816,NA
"ENSMUSG00000079889",0.559783503141534,-2.9007897627053,7.23896293017301,-0.400718969096305,0.688627043263699,NA
"ENSMUSG00000079890",5.58963927668852,-0.448792389637668,1.12322442113685,-0.399557186606958,0.689482695555873,NA
"ENSMUSG00000079892",0,NA,NA,NA,NA,NA
"ENSMUSG00000079893",0,NA,NA,NA,NA,NA
"ENSMUSG00000079906",0.338387646710662,0,7.3561311249555,0,1,NA
"ENSMUSG00000079915",8.72913340756349,0.81860394831333,0.889910703316367,0.919872011048633,0.357639646685884,NA
"ENSMUSG00000079941",76.4568538360581,-0.43885149512518,0.779093982281889,-0.563284411259123,0.573241231431984,0.747299672071551
"ENSMUSG00000079942",3.42912712108837,4.44072838330281,2.08047096370071,2.13448226905495,0.0328033235514975,NA
"ENSMUSG00000079962",2.84559397630644,-0.0858444960719326,1.60474465789632,-0.0534941778117318,0.957338169442333,NA
"ENSMUSG00000079963",0.0400922426516566,0,7.3561311249555,0,1,NA
"ENSMUSG00000079965",13.1823669484797,1.38004125078715,0.948348092203376,1.45520538516694,0.145612410498625,NA
"ENSMUSG00000079966",0.106344534553023,2.74301426885047,7.26109322690672,0.377768771606727,0.705602374265977,NA
"ENSMUSG00000079988",1.03582248384602,-0.90659353161025,4.00749256001248,-0.226224632493747,0.821026713209821,NA
"ENSMUSG00000079993",0.455358059796655,-2.71096325940275,5.64869938212965,-0.479926984250429,0.631279312890357,NA
"ENSMUSG00000079998",0.574498205689357,1.33370440511128,4.12297297518721,0.323481238692989,0.746330813780097,NA
"ENSMUSG00000080002",4.52879805542442,0.888596306337363,1.29033807865417,0.688653866019496,0.49104111463492,NA
"ENSMUSG00000080006",5.61792752635075,-0.900894997669025,0.972923968676603,-0.925966495505755,0.354463392356405,NA
"ENSMUSG00000080021",16.9632263927117,-0.148628774664077,0.662408716069307,-0.224376236390775,0.822464559929682,NA
"ENSMUSG00000080046",0.249176299120768,0,7.3561311249555,0,1,NA
"ENSMUSG00000080050",0.0762237641594322,0,7.3561311249555,0,1,NA
"ENSMUSG00000080051",0.0710374986746129,2.16226366003378,7.28481246100722,0.296818026765623,0.766605441993722,NA
"ENSMUSG00000080054",3.22729829912365,-0.800698353448071,1.81547792126279,-0.44103998405617,0.659184050759005,NA
"ENSMUSG00000080057",0.0380762098104571,-1.67431590235222,7.3501929692546,-0.227792101425878,0.819807867435575,NA
"ENSMUSG00000080059",95.5012452502716,-0.481721428851915,0.388479966694208,-1.24001614021735,0.214969424353093,0.415714365772977
"ENSMUSG00000080065",0.0406180793754555,0,7.3561311249555,0,1,NA
"ENSMUSG00000080069",0.0380762098104571,-1.67431590235222,7.3501929692546,-0.227792101425878,0.819807867435575,NA
"ENSMUSG00000080071",0,NA,NA,NA,NA,NA
"ENSMUSG00000080072",0.151732177159137,2.15528559836228,7.28523720760216,0.295842885680269,0.767350070098129,NA
"ENSMUSG00000080073",0.111898362226431,-2.56186176886663,7.29448559022355,-0.351205268305714,0.725434358031898,NA
"ENSMUSG00000080076",82.1437703249175,2.80497153202923,2.48761113821713,1.12757636792041,0.259498871728323,0.468862428629953
"ENSMUSG00000080078",0,NA,NA,NA,NA,NA
"ENSMUSG00000080115",174.338831493131,0.821370063675097,0.33806309755935,2.42963538346831,0.0151140190702077,0.080237421325995
"ENSMUSG00000080142",0.232373970589564,2.13192598154766,7.28555043764132,0.292623872388957,0.769809664585046,NA
"ENSMUSG00000080152",0.824894555058116,4.1278322714185,4.82764874644358,0.85503989379082,0.392529062723896,NA
"ENSMUSG00000080155",0.123794823893931,0,7.3561311249555,0,1,NA
"ENSMUSG00000080158",0.0355187493373064,1.16171280725677,7.35565536667627,0.157934643392857,0.874508299155349,NA
"ENSMUSG00000080175",0.15429796795047,2.14088522032066,7.28558972410407,0.293852014921678,0.768870986573148,NA
"ENSMUSG00000080180",0.728673224293059,4.31152540835073,5.58404362391202,0.772115280383536,0.440046152788003,NA
"ENSMUSG00000080186",0.597896495274549,-3.6254922460236,6.03726717755393,-0.600518767746918,0.548160556963587,NA
"ENSMUSG00000080193",0.044481691519064,0,7.3561311249555,0,1,NA
"ENSMUSG00000080198",6.23576968386394,0.815680791302161,1.10589890069302,0.737572657673327,0.460774175772979,NA
"ENSMUSG00000080205",0.700091459444695,-3.50545857433612,5.86881715700246,-0.597302400221063,0.55030550226669,NA
"ENSMUSG00000080222",0.114228629431371,-3.13863321915088,7.26774571323647,-0.431857874916372,0.665844712909321,NA
"ENSMUSG00000080223",0,NA,NA,NA,NA,NA
"ENSMUSG00000080227",0,NA,NA,NA,NA,NA
"ENSMUSG00000080237",1.90367004697951,-0.270847887013342,1.79232618144132,-0.151115287952518,0.879884772949233,NA
"ENSMUSG00000080241",0,NA,NA,NA,NA,NA
"ENSMUSG00000080242",0.555648106305402,1.12866124880382,7.35553696585614,0.153443759992368,0.878048337979884,NA
"ENSMUSG00000080250",0,NA,NA,NA,NA,NA
"ENSMUSG00000080254",0.0737133181360589,1.1634784320592,7.35556743248145,0.158176570704986,0.874317665190408,NA
"ENSMUSG00000080266",0,NA,NA,NA,NA,NA
"ENSMUSG00000080268",959.30164840853,-0.551713557923866,0.283580474938674,-1.9455273077005,0.0517115463653305,0.17118842458851
"ENSMUSG00000080283",1.09312873064317,-1.82742842422433,3.036770369178,-0.60176707556554,0.547329194092254,NA
"ENSMUSG00000080298",1.92794376139573,-1.83517703325463,1.76128774396201,-1.04195185570667,0.297434000536725,NA
"ENSMUSG00000080299",0.468656318877899,0,7.3561311249555,0,1,NA
"ENSMUSG00000080300",0,NA,NA,NA,NA,NA
"ENSMUSG00000080303",0.361215540674239,0,7.3561311249555,0,1,NA
"ENSMUSG00000080316",15.8966324671748,-1.98293653363043,0.780830642448171,-2.5395219216977,0.0111004088568103,NA
"ENSMUSG00000080317",0.192253292078428,2.15005022335127,7.28510585361917,0.295129578972849,0.767894894783046,NA
"ENSMUSG00000080321",0.121301814931107,-0.234582487306013,7.34981978190369,-0.0319167672496663,0.974538427120105,NA
"ENSMUSG00000080694",0.169042348277367,0,7.35613112495549,0,1,NA
"ENSMUSG00000080695",0,NA,NA,NA,NA,NA
"ENSMUSG00000080696",0,NA,NA,NA,NA,NA
"ENSMUSG00000080697",0.28953825641506,1.14880018307963,7.3557829322704,0.156176466007412,0.875893926500843,NA
"ENSMUSG00000080698",0.0406180793754555,0,7.3561311249555,0,1,NA
"ENSMUSG00000080700",0.716015416984923,-0.836552733726578,5.550619271689,-0.150713405618257,0.880201797879663,NA
"ENSMUSG00000080701",0.794491286526929,-3.10922938323476,4.00410117426398,-0.776511193877684,0.437447214038657,NA
"ENSMUSG00000080703",0.399237715880389,3.14743615376625,7.2493177554977,0.434169981220552,0.664165010123612,NA
"ENSMUSG00000080704",0.083086015839427,1.14893700178683,7.35605548741048,0.156189278853752,0.875883827258652,NA
"ENSMUSG00000080705",0,NA,NA,NA,NA,NA
"ENSMUSG00000080706",0.035583895638899,0,7.3561311249555,0,1,NA
"ENSMUSG00000080707",0.0380762098104571,-1.67431590235222,7.3501929692546,-0.227792101425878,0.819807867435575,NA
"ENSMUSG00000080708",0.37818809652542,0,7.3561311249555,0,1,NA
"ENSMUSG00000080709",51.0876591337283,0.140238710922131,0.404003221794699,0.347122753870997,0.728499099958937,NA
"ENSMUSG00000080710",0.114428201347348,-1.67535914391856,7.35021770860511,-0.227933268147577,0.819698119135774,NA
"ENSMUSG00000080711",1.17832493390407,1.27049715974495,2.78526702959587,0.456149139829258,0.648282735894336,NA
"ENSMUSG00000080712",5.2212637103897,2.47201036410985,1.48452971586643,1.66518078937012,0.0958766924310257,NA
"ENSMUSG00000080713",0.0414066693320352,0,7.3561311249555,0,1,NA
"ENSMUSG00000080714",0.450774149104822,0.763312086743283,6.56408757968435,0.116286091170646,0.907425808463929,NA
"ENSMUSG00000080715",10.400260354385,-0.543345392797838,0.892639747027214,-0.608695047030291,0.542726590628883,NA
"ENSMUSG00000080716",2.64067695010961,1.65611693749135,1.98060108616657,0.836168852505654,0.403059918372976,NA
"ENSMUSG00000080717",508.310178728375,-0.668894162363139,0.264367870701704,-2.53016435237653,0.0114009108614697,0.0679722580612953
"ENSMUSG00000080718",7.31091701110748,-0.487777254784483,0.97902768410866,-0.49822621229406,0.618324609112555,NA
"ENSMUSG00000080719",0.156454682908776,0,7.3561311249555,0,1,NA
"ENSMUSG00000080720",0,NA,NA,NA,NA,NA
"ENSMUSG00000080722",0.0786476054215023,1.10313047752987,7.35488840016268,0.149986025281562,0.880775640746228,NA
"ENSMUSG00000080723",5.48023114430196,-1.35441736736069,1.61114484157434,-0.840655248622597,0.400541097844114,NA
"ENSMUSG00000080725",0.0761524196209141,-2.55627499047924,7.29465809108018,-0.350431090609309,0.726015196884991,NA
"ENSMUSG00000080726",0,NA,NA,NA,NA,NA
"ENSMUSG00000080728",0,NA,NA,NA,NA,NA
"ENSMUSG00000080729",0.152154206345318,2.14803645247347,7.28515670937451,0.294851097672255,0.768107630346518,NA
"ENSMUSG00000080730",0.283260119954427,2.12210610460267,7.28579249364196,0.291266338761989,0.770847629671258,NA
"ENSMUSG00000080731",7.1624645145612,0.716848628181683,1.11272105075546,0.644230310638048,0.519426098489666,NA
"ENSMUSG00000080732",0.0816730394201542,-1.65852001004472,7.34979238894539,-0.225655354910331,0.821469484053648,NA
"ENSMUSG00000080733",0.405589311579818,-0.105920541797623,7.14605922445666,-0.014822231172549,0.988174003618042,NA
"ENSMUSG00000080734",0,NA,NA,NA,NA,NA
"ENSMUSG00000080735",0,NA,NA,NA,NA,NA
"ENSMUSG00000080736",0.413428875051406,-3.26109956501849,6.59745290836865,-0.494296755173788,0.621096616402916,NA
"ENSMUSG00000080737",0.173955305921048,1.14929183875894,7.35606453322111,0.156237324124682,0.875845957568489,NA
"ENSMUSG00000080738",2.57456040181376,-1.05455574490611,1.38810311238877,-0.75970994913435,0.447427980383631,NA
"ENSMUSG00000080741",11.639341431174,-0.541596806856839,1.06246172089427,-0.509756536358769,0.610222039055632,NA
"ENSMUSG00000080742",0.114293584131949,-1.67452922078119,7.35019746025428,-0.227820984379821,0.819785412457527,NA
"ENSMUSG00000080743",1.03695169260946,-1.7992874090859,3.05455564805108,-0.589050459838214,0.555827424555775,NA
"ENSMUSG00000080744",0.255173718810874,-0.496096617401445,7.33985272900743,-0.0675894511399185,0.946112452967212,NA
"ENSMUSG00000080746",13.4449035809465,-0.0745983786885874,1.00099288034387,-0.0745243848916897,0.940593138776417,NA
"ENSMUSG00000080747",3.98480928430553,-0.872827002997923,1.22566726811081,-0.712123939104012,0.476388031433003,NA
"ENSMUSG00000080748",9.82961903479334,-0.103259400010359,0.656581113738077,-0.157268306763315,0.875033396944055,NA
"ENSMUSG00000080749",0,NA,NA,NA,NA,NA
"ENSMUSG00000080750",0.114448510005697,-0.215953655585463,7.34975925130644,-0.0293824121582045,0.976559599813393,NA
"ENSMUSG00000080751",0.270252190941101,2.73778363403621,7.26124181125066,0.377040691551444,0.706143365172957,NA
"ENSMUSG00000080752",0.0710374986746129,2.16226366003378,7.28481246100722,0.296818026765623,0.766605441993722,NA
"ENSMUSG00000080753",0.49127805459939,2.71742334645322,7.26101786742373,0.374248266024084,0.708219617626946,NA
"ENSMUSG00000080754",0.0409190281194281,0,7.3561311249555,0,1,NA
"ENSMUSG00000080755",0.12084876184401,-1.67475842761228,7.35020318116873,-0.227851990799795,0.81976130676074,NA
"ENSMUSG00000080756",0.0380762098104571,-1.67431590235222,7.3501929692546,-0.227792101425878,0.819807867435575,NA
"ENSMUSG00000080757",0,NA,NA,NA,NA,NA
"ENSMUSG00000080758",1.65591312988704,0.183537077826425,2.07275801227534,0.0885472769804664,0.929441710279608,NA
"ENSMUSG00000080759",1.2780648040134,-3.12622997825852,3.43354712888923,-0.910495723782268,0.362561135885595,NA
"ENSMUSG00000080760",0.0406180793754555,0,7.3561311249555,0,1,NA
"ENSMUSG00000080762",9.406953967511,0.599089777160277,0.88937976205066,0.673604013406988,0.500563100915895,NA
"ENSMUSG00000080763",9.24647244301651,-0.5762624886438,0.872079728674953,-0.660791060376302,0.508746316610594,NA
"ENSMUSG00000080764",0.0962913869876656,-1.8795730660774,7.34148941542462,-0.256020673697135,0.797934873888981,NA
"ENSMUSG00000080765",0.152499459862428,-1.67565982127739,7.35022552106478,-0.227973933109286,0.819666505325622,NA
"ENSMUSG00000080766",0.254931765190537,0,7.3561311249555,0,1,NA
"ENSMUSG00000080767",0.0812361587509111,0,7.3561311249555,0,1,NA
"ENSMUSG00000080768",4.02479451058804,-0.772215555324898,1.27026814949115,-0.60791538828572,0.543243592932105,NA
"ENSMUSG00000080770",0,NA,NA,NA,NA,NA
"ENSMUSG00000080771",0,NA,NA,NA,NA,NA
"ENSMUSG00000080772",6.79411076156009,0.206498361642928,1.54863395718095,0.133342266379608,0.893922702292435,NA
"ENSMUSG00000080773",0.421438379460116,-1.66683682221982,5.83580384343444,-0.285622489538454,0.775167276557881,NA
"ENSMUSG00000080774",2.55867419076678,-0.394791843940896,1.38324270389957,-0.285410393149313,0.775329745955809,NA
"ENSMUSG00000080775",1.16635311293135,0.270491724904582,2.506352364547,0.107922464826078,0.914057196844699,NA
"ENSMUSG00000080776",4.87020861458493,-1.23467949151172,1.2442905247432,-0.992275892936288,0.321062959700297,NA
"ENSMUSG00000080777",0.471579035866772,-1.84807222199178,7.34275175409106,-0.251686599776727,0.801283315475604,NA
"ENSMUSG00000080778",0.073597304616951,-0.22921649821471,7.34979720597646,-0.031186778599595,0.975120583935769,NA
"ENSMUSG00000080779",30.9615999000761,-0.509900960789918,0.486936720888454,-1.04716062460758,0.295025502303947,NA
"ENSMUSG00000080780",0,NA,NA,NA,NA,NA
"ENSMUSG00000080781",0.86396398106366,-1.27837673698312,4.69628183628203,-0.272210395702143,0.7854602489395,NA
"ENSMUSG00000080782",0.246621058371964,0,7.3561311249555,0,1,NA
"ENSMUSG00000080783",14.3488101834191,-0.105750142899513,0.684662909698968,-0.154455778751049,0.877250376180491,NA
"ENSMUSG00000080785",0.118062976087855,1.14515341678008,7.35595902888449,0.155676970505603,0.876287650698857,NA
"ENSMUSG00000080788",0.192512404905673,-0.231301380681529,7.35001988444527,-0.0314694904664174,0.974895123169439,NA
"ENSMUSG00000080789",0.369304454285004,1.15294235035965,6.97475590364469,0.165302179214211,0.868706143652109,NA
"ENSMUSG00000080790",15.5238624185487,1.29640181840028,0.738325248112567,1.75586819184955,0.0791109173052111,NA
"ENSMUSG00000080791",0.538737439318875,1.13534973212782,5.28921137403553,0.214653877835398,0.830037184447849,NA
"ENSMUSG00000080792",0,NA,NA,NA,NA,NA
"ENSMUSG00000080793",0.477714495228051,3.14816550118169,6.39706467212316,0.492126570941299,0.622629869507375,NA
"ENSMUSG00000080794",0,NA,NA,NA,NA,NA
"ENSMUSG00000080795",0.0450384044921535,0,7.3561311249555,0,1,NA
"ENSMUSG00000080796",3.14917475302227,-0.823809110599783,1.61269100604891,-0.510828861517689,0.609470897661776,NA
"ENSMUSG00000080797",0.859952260970594,0,3.55053110775119,0,1,NA
"ENSMUSG00000080798",0.677819978260824,0.877749454837053,4.30273301581282,0.20399812203343,0.838354966454448,NA
"ENSMUSG00000080799",0.0450384044921535,0,7.3561311249555,0,1,NA
"ENSMUSG00000080800",3.23173818387402,-1.52801255914122,1.31724928246922,-1.16000257466599,0.246047757847594,NA
"ENSMUSG00000080801",1.06350871736394,-1.68435645939886,2.96497348689856,-0.568084830047078,0.569977367949469,NA
"ENSMUSG00000080802",0.166360595480152,-1.66639494281715,7.34999223724808,-0.226720639835814,0.820640976730858,NA
"ENSMUSG00000080803",0,NA,NA,NA,NA,NA
"ENSMUSG00000080805",0,NA,NA,NA,NA,NA
"ENSMUSG00000080806",0.0761524196209141,-2.55627499047924,7.29465809108018,-0.350431090609309,0.726015196884991,NA
"ENSMUSG00000080807",0.439890661975755,1.55092503353839,5.5926097662352,0.277316869648574,0.781536807244808,NA
"ENSMUSG00000080808",0.12815691008207,-1.66904007325847,7.35005938295278,-0.227078447438062,0.820362742766295,NA
"ENSMUSG00000080809",4.22907474527178,0.748043427830062,1.20140132255503,0.622642420801728,0.533519528154845,NA
"ENSMUSG00000080810",13.6358326047582,0.850573234527281,0.819034133510748,1.03850767596381,0.29903376351614,NA
"ENSMUSG00000080811",0.300986807643181,-1.51411244855386,7.27637979634042,-0.208085956331659,0.835161852384597,NA
"ENSMUSG00000080812",0.0488582735869228,-1.88445199085273,7.34129618423011,-0.256691998737325,0.797416548724726,NA
"ENSMUSG00000080813",0.12369332269328,1.15106632320874,7.3561097713962,0.156477589239437,0.875656582833595,NA
"ENSMUSG00000080814",2.01821995777657,3.12312288214702,2.9733746578478,1.0503630526022,0.293551225947793,NA
"ENSMUSG00000080815",0.602943574514811,0,5.42375724964017,0,1,NA
"ENSMUSG00000080816",0.24699797666967,-3.2735999481384,7.26342949164239,-0.450696183105397,0.652208533679178,NA
"ENSMUSG00000080817",0,NA,NA,NA,NA,NA
"ENSMUSG00000080818",0.514117843130387,-0.420914087325513,4.42738648094104,-0.0950705544088953,0.924258786291591,NA
"ENSMUSG00000080819",0.0414066693320352,0,7.3561311249555,0,1,NA
"ENSMUSG00000080820",0.35845809269092,0.337320573583843,7.14375702105726,0.0472189315215427,0.962338739178212,NA
"ENSMUSG00000080822",0,NA,NA,NA,NA,NA
"ENSMUSG00000080823",1.61572816159678,1.14380412913503,2.96759063061086,0.385431911442445,0.699917443512828,NA
"ENSMUSG00000080824",0.298869202175983,2.16137854369126,7.28482928500984,0.296695839961382,0.766698733341123,NA
"ENSMUSG00000080825",3.25113046980864,2.29703344404449,1.86990833398137,1.22842034676304,0.219289213713663,NA
"ENSMUSG00000080826",0,NA,NA,NA,NA,NA
"ENSMUSG00000080827",0,NA,NA,NA,NA,NA
"ENSMUSG00000080828",0,NA,NA,NA,NA,NA
"ENSMUSG00000080829",0.531030273442952,-3.11804679727763,7.26817471661153,-0.428999978516103,0.667923240324338,NA
"ENSMUSG00000080831",2.59308110400649,1.38599147235856,1.65387363744223,0.838027429049561,0.402015298719295,NA
"ENSMUSG00000080832",0.134205134561653,0,7.3561311249555,0,1,NA
"ENSMUSG00000080833",0,NA,NA,NA,NA,NA
"ENSMUSG00000080834",0.344872089647674,0,7.07593525648601,0,1,NA
"ENSMUSG00000080835",0.0381979668618393,0,7.3561311249555,0,1,NA
"ENSMUSG00000080836",5.74899728773361,0.728699009031792,1.23708918681437,0.589043228894648,0.555832275096021,NA
"ENSMUSG00000080839",1.17593427522669,-2.70703059626769,2.7202148024241,-0.995153248138839,0.319661736094619,NA
"ENSMUSG00000080840",1.1743781398241,0.974816044858824,2.54308212528895,0.383320709608646,0.701481985763843,NA
"ENSMUSG00000080841",0,NA,NA,NA,NA,NA
"ENSMUSG00000080842",1.27092799973219,0.580469491665646,2.11529399281773,0.274415515591012,0.783765320785674,NA
"ENSMUSG00000080843",0.0355187493373065,1.16171280725677,7.35565536667627,0.157934643392857,0.874508299155349,NA
"ENSMUSG00000080844",0.152463301744762,1.14706201884169,7.35600671107945,0.155935423103137,0.876083923230515,NA
"ENSMUSG00000080845",0.53321784958194,-0.110862787058294,6.13375114932726,-0.0180742231563231,0.985579641533883,NA
"ENSMUSG00000080846",2.78108912030919,-1.29061100776464,2.2287141033521,-0.579083250661667,0.562533001078464,NA
"ENSMUSG00000080847",0.125705945792424,0,7.3561311249555,0,1,NA
"ENSMUSG00000080848",7.36717448867826,-2.16679712941286,2.38997733236903,-0.906618276276728,0.364608693560148,NA
"ENSMUSG00000080849",0.354556055787076,-1.11565342820012,6.97125050134626,-0.16003634182772,0.87285244650809,NA
"ENSMUSG00000080850",41.7849600474888,0.844700345987914,0.607611180690311,1.39019881929797,0.164468511911078,NA
"ENSMUSG00000080851",2.9541712464674,-0.13255417316249,1.41231391564805,-0.0938560271153788,0.925223524859961,NA
"ENSMUSG00000080852",0.0781740357307607,-1.67187905071618,7.35013125477703,-0.227462475534649,0.82006414469429,NA
"ENSMUSG00000080855",0.988755031499777,-0.527768278755049,2.87738129706495,-0.183419652895289,0.854468756662364,NA
"ENSMUSG00000080857",2.12218406390933,-0.0802713193512213,1.76934838965561,-0.0453677296232459,0.963814202521554,NA
"ENSMUSG00000080859",0,NA,NA,NA,NA,NA
"ENSMUSG00000080860",1.34755380264356,0.695853043247687,1.97686305181876,0.351998608405113,0.724839306107603,NA
"ENSMUSG00000080861",0,NA,NA,NA,NA,NA
"ENSMUSG00000080862",0.0406180793754555,0,7.3561311249555,0,1,NA
"ENSMUSG00000080863",0.0810585696985762,-1.62006393184736,7.34881859174222,-0.220452296055832,0.825518920671925,NA
"ENSMUSG00000080865",1.32165744413543,-1.72044779228983,2.44852913393877,-0.702645424325528,0.48227674679062,NA
"ENSMUSG00000080866",10.4647009465448,0.079187414737193,0.784432262419171,0.100948696950557,0.919591185941926,NA
"ENSMUSG00000080868",0.113783369953943,2.12214793427357,7.2850624682147,0.291301267975762,0.770820917773631,NA
"ENSMUSG00000080869",0,NA,NA,NA,NA,NA
"ENSMUSG00000080870",3.43029289898405,0.738403132949365,1.45398322735611,0.507848453170989,0.611559626687947,NA
"ENSMUSG00000080871",0,NA,NA,NA,NA,NA
"ENSMUSG00000080872",0.277352880503996,-0.840199282788903,7.1920530469042,-0.116823287774631,0.907000089133401,NA
"ENSMUSG00000080873",16.9564466111789,-0.401370795459005,0.718343018511721,-0.558745314029186,0.576335548933264,NA
"ENSMUSG00000080874",0.0400922426516566,0,7.3561311249555,0,1,NA
"ENSMUSG00000080875",6.87875708284845,-6.28043006264079,5.08484791591848,-1.23512643180132,0.216783453657303,NA
"ENSMUSG00000080876",0,NA,NA,NA,NA,NA
"ENSMUSG00000080877",13.1662509038456,-0.509526529834907,0.86618755529049,-0.588240418282192,0.556370931483566,NA
"ENSMUSG00000080878",0.0872760858116156,-1.91045798900766,7.34027487563409,-0.260270633099776,0.794655023571947,NA
"ENSMUSG00000080880",0.0352597853922182,1.155567702399,7.3559553626321,0.157092810577567,0.875171703562209,NA
"ENSMUSG00000080884",0,NA,NA,NA,NA,NA
"ENSMUSG00000080885",14.2591530980019,-0.498919046029993,0.998484615932698,-0.499676247454194,0.617303059991636,NA
"ENSMUSG00000080886",0.276982646468349,-0.107413995957841,7.22388749652648,-0.0148692786272613,0.988136469316746,NA
"ENSMUSG00000080887",0,NA,NA,NA,NA,NA
"ENSMUSG00000080888",1.75220995527528,0.626656663924757,3.10815293092318,0.201617062561535,0.840216105156834,NA
"ENSMUSG00000080889",0.110946637102294,2.15380600295874,7.28501672288457,0.295648738347154,0.767498348733196,NA
"ENSMUSG00000080890",0,NA,NA,NA,NA,NA
"ENSMUSG00000080891",0.0789920553534494,-1.30097853643707,7.34076990547993,-0.177226442619579,0.859330526207292,NA
"ENSMUSG00000080892",0.256110933651802,-1.89377454744388,7.34092864882382,-0.257974792841408,0.796426361326142,NA
"ENSMUSG00000080893",696.28429859729,-7.15385366954254,2.09236754207611,-3.41902343908675,0.000628463125870154,0.0156482569250037
"ENSMUSG00000080894",0,NA,NA,NA,NA,NA
"ENSMUSG00000080895",3.98406786995977,-1.88441829341542,1.8045833446212,-1.04424010064826,0.296374318201564,NA
"ENSMUSG00000080896",67.3631857186318,-0.329726095226681,2.02168153288702,-0.163094973101833,0.870443657688355,0.939310834455453
"ENSMUSG00000080897",0.0355187493373064,1.16171280725677,7.35565536667627,0.157934643392857,0.874508299155349,NA
"ENSMUSG00000080898",0.119186117878652,0,7.3561311249555,0,1,NA
"ENSMUSG00000080899",0.0710374986746129,2.16226366003379,7.28481246100722,0.296818026765623,0.766605441993722,NA
"ENSMUSG00000080902",2.5322991987574,2.36520138959604,2.78639007805417,0.848840730601417,0.395969922496378,NA
"ENSMUSG00000080903",0,NA,NA,NA,NA,NA
"ENSMUSG00000080904",0,NA,NA,NA,NA,NA
"ENSMUSG00000080906",0,NA,NA,NA,NA,NA
"ENSMUSG00000080907",0.10903295632158,1.16130716582186,7.35610013871833,0.15786995064265,0.874559277005228,NA
"ENSMUSG00000080910",0,NA,NA,NA,NA,NA
"ENSMUSG00000080911",0.517242464579107,1.50354831016112,5.42157255060015,0.277326974070408,0.781529049217752,NA
"ENSMUSG00000080912",1.59646369030372,-0.77716221002874,1.89649264404237,-0.40978920349104,0.681960586813859,NA
"ENSMUSG00000080913",0.0902739979800036,0,7.3561311249555,0,1,NA
"ENSMUSG00000080914",4.59363203846167,-0.0090101001696439,1.21340726712107,-0.00742545426732221,0.994075399127692,NA
"ENSMUSG00000080915",0.156381287298762,0.765017490844012,7.27900990905435,0.105099113808378,0.916297162489236,NA
"ENSMUSG00000080916",0.497952690238959,-1.66273631083302,7.34989960776536,-0.22622571729773,0.821025869528939,NA
"ENSMUSG00000080917",0.514680589650411,-1.29707650840575,7.28494776430905,-0.178048841305422,0.858684618677442,NA
"ENSMUSG00000080918",0.160148132659986,-1.67191954315938,7.35013222252383,-0.227467954662901,0.820059884629174,NA
"ENSMUSG00000080919",0,NA,NA,NA,NA,NA
"ENSMUSG00000080921",165.523094664531,-0.297066372422525,2.74943786384056,-0.108046221494734,0.913959027339871,0.962532852642634
"ENSMUSG00000080922",1.09923101700292,-0.150681965441753,2.76975761051349,-0.0544025819695528,0.956614421788987,NA
"ENSMUSG00000080923",0.206303260196613,1.14471257753898,7.35594779114333,0.155617278702987,0.876334704438014,NA
"ENSMUSG00000080924",0,NA,NA,NA,NA,NA
"ENSMUSG00000080925",0.0380762098104571,-1.67431590235222,7.3501929692546,-0.227792101425878,0.819807867435575,NA
"ENSMUSG00000080927",0,NA,NA,NA,NA,NA
"ENSMUSG00000080928",5.07294090857603,0.672830818486547,1.15921122774903,0.580421240219575,0.561630584997149,NA
"ENSMUSG00000080929",1.1266633389319,2.71572995906997,3.55467248828157,0.763988797286593,0.444873918611848,NA
"ENSMUSG00000080930",0.111521345530684,2.15597232033757,7.28496429936921,0.295948234162829,0.767269614513205,NA
"ENSMUSG00000080932",5.52152260099416,-0.0345795431739513,1.75897549721927,-0.019658911240445,0.984315468519672,NA
"ENSMUSG00000080933",0.0761524196209141,-2.55627499047924,7.29465809108018,-0.350431090609309,0.726015196884991,NA
"ENSMUSG00000080934",0,NA,NA,NA,NA,NA
"ENSMUSG00000080935",0.0853868450677151,0,7.3561311249555,0,1,NA
"ENSMUSG00000080936",0.0851549481264175,0,7.3561311249555,0,1,NA
"ENSMUSG00000080937",0.310326659809748,2.69472016993452,7.26209273747369,0.371066615003315,0.710587916094543,NA
"ENSMUSG00000080938",3.48120482960444,-1.82777886809712,1.27524772164496,-1.43327358055534,0.151779669019836,NA
"ENSMUSG00000080939",9.48826954834433,0.742409359944767,0.92055656765373,0.806478804270535,0.419966824622146,NA
"ENSMUSG00000080941",0.0900136660009341,0,7.3561311249555,0,1,NA
"ENSMUSG00000080942",0.256927246212986,0,7.3561311249555,0,1,NA
"ENSMUSG00000080943",0.0831486873533256,0,7.3561311249555,0,1,NA
"ENSMUSG00000080944",1.96996217517972,-0.701035566169198,1.6473551653654,-0.425552170477882,0.670434198687937,NA
"ENSMUSG00000080946",0,NA,NA,NA,NA,NA
"ENSMUSG00000080947",0,NA,NA,NA,NA,NA
"ENSMUSG00000080948",0.164961138887902,-3.26492160380133,7.26336962982136,-0.449505087885997,0.653067338624553,NA
"ENSMUSG00000080949",0.0790680582256538,1.15244639154672,7.35610818860529,0.156665231396661,0.875508689976557,NA
"ENSMUSG00000080950",0.982857194142966,2.56826437677143,3.7234793296793,0.689748525337626,0.490352344257634,NA
"ENSMUSG00000080951",0,NA,NA,NA,NA,NA
"ENSMUSG00000080952",0,NA,NA,NA,NA,NA
"ENSMUSG00000080953",0,NA,NA,NA,NA,NA
"ENSMUSG00000080954",0,NA,NA,NA,NA,NA
"ENSMUSG00000080955",2.25928056274569,0.0199278939693657,1.66467055996576,0.0119710737058842,0.990448693241945,NA
"ENSMUSG00000080956",0.111245378558078,1.15798479402761,7.35583534859028,0.157423968747415,0.874910724636903,NA
"ENSMUSG00000080957",3.55676956287279,0.160561216717118,1.57264329909415,0.10209639834386,0.918680159782534,NA
"ENSMUSG00000080958",0,NA,NA,NA,NA,NA
"ENSMUSG00000080959",0.0761524196209141,-2.55627499047924,7.29465809108018,-0.350431090609309,0.726015196884991,NA
"ENSMUSG00000080960",0,NA,NA,NA,NA,NA
"ENSMUSG00000080961",0,NA,NA,NA,NA,NA
"ENSMUSG00000080962",1.31775120417913,0.578310293345787,4.36528468502302,0.132479399414643,0.89460511628246,NA
"ENSMUSG00000080964",0,NA,NA,NA,NA,NA
"ENSMUSG00000080965",1.25432869732539,-1.29319465739998,2.56961790738317,-0.503263404914912,0.614779091785614,NA
"ENSMUSG00000080966",1.03268708648302,1.3349732606804,2.70081343702485,0.494285626093068,0.621104475001739,NA
"ENSMUSG00000080967",0,NA,NA,NA,NA,NA
"ENSMUSG00000080968",0.153879752793522,-0.231610793474247,7.34991945650885,-0.0315120178996166,0.974861208007535,NA
"ENSMUSG00000080969",0.810713511270798,-2.52743542260179,6.57587013337612,-0.38434995998076,0.700719083560055,NA
"ENSMUSG00000080970",0.0355187493373064,1.16171280725677,7.35565536667627,0.157934643392857,0.874508299155349,NA
"ENSMUSG00000080971",0.0355838956388991,0,7.3561311249555,0,1,NA
"ENSMUSG00000080972",6.78691077058915,0.548688007532801,1.07995312588516,0.508066502500356,0.611406705975933,NA
"ENSMUSG00000080974",0.295669257748727,1.14229405785453,7.35561718331668,0.155295474109959,0.876588383468404,NA
"ENSMUSG00000080976",0.0380762098104571,-1.67431590235222,7.3501929692546,-0.227792101425878,0.819807867435575,NA
"ENSMUSG00000080977",8.98952699734516,0,7.3561311249555,0,1,NA
"ENSMUSG00000080978",0.12355561900976,1.15167034313353,7.35612516879424,0.15655937286373,0.875592123363145,NA
"ENSMUSG00000080979",1.07406131731493,-1.82001195841147,3.56149029262358,-0.511025387934093,0.609333279591759,NA
"ENSMUSG00000080980",0.33214092353342,0,7.35613112495549,0,1,NA
"ENSMUSG00000080981",0,NA,NA,NA,NA,NA
"ENSMUSG00000080982",0.18991759843199,0,7.3561311249555,0,1,NA
"ENSMUSG00000080983",0.0355187493373065,1.16171280725677,7.35565536667627,0.157934643392857,0.874508299155349,NA
"ENSMUSG00000080984",5.9600065203615,0.304671483976869,1.385416045566,0.219913350182398,0.825938638876061,NA
"ENSMUSG00000080985",0.559355955433489,1.34552521087764,5.26743755238499,0.255442081182038,0.798381672438961,NA
"ENSMUSG00000080986",0.0406180793754555,0,7.3561311249555,0,1,NA
"ENSMUSG00000080987",0.404151118083248,2.12953895258032,5.81997891424722,0.365901489327949,0.714438584991675,NA
"ENSMUSG00000080989",6.29027118248117,0.187687913223052,1.11086981855341,0.168955812902958,0.865831397833088,NA
"ENSMUSG00000080990",15.6770614685591,1.01335117814523,0.754905360320998,1.34235525591491,0.179480835173031,NA
"ENSMUSG00000080992",1.21175040720921,-1.6800502557946,2.89884305906785,-0.579558886618317,0.562212125014348,NA
"ENSMUSG00000080993",0,NA,NA,NA,NA,NA
"ENSMUSG00000080994",13.8030912243564,-0.585397248284648,1.2510737428918,-0.467915861563466,0.639844760064345,NA
"ENSMUSG00000080995",0.0787069580627093,-1.67001778510905,7.35008401630854,-0.22721070689853,0.820259902505317,NA
"ENSMUSG00000080996",13.8588341492209,-0.770518519470598,0.6647132263428,-1.15917434607091,0.246385126128653,NA
"ENSMUSG00000080997",0.082026058583871,0,7.3561311249555,0,1,NA
"ENSMUSG00000080998",1.23536536878403,0.143301067121116,2.91281867398347,0.0491967002275299,0.960762540921252,NA
"ENSMUSG00000080999",42.8505137803805,-0.279649490531695,0.928524294579901,-0.301176277415788,0.763280078372083,NA
"ENSMUSG00000081000",0.0380762098104571,-1.67431590235222,7.3501929692546,-0.227792101425878,0.819807867435575,NA
"ENSMUSG00000081001",0.0406180793754555,0,7.3561311249555,0,1,NA
"ENSMUSG00000081002",0.124404930738352,0,7.3561311249555,0,1,NA
"ENSMUSG00000081003",0,NA,NA,NA,NA,NA
"ENSMUSG00000081004",1.00788450271888,1.78178312089305,3.77383581723723,0.472141133632428,0.636826053869454,NA
"ENSMUSG00000081005",1.41525946415283,-1.14627755425629,2.93611479749394,-0.390406245435181,0.696236170364254,NA
"ENSMUSG00000081006",0.0406180793754555,0,7.3561311249555,0,1,NA
"ENSMUSG00000081007",0,NA,NA,NA,NA,NA
"ENSMUSG00000081008",0.159350421600714,0,7.35613112495549,0,1,NA
"ENSMUSG00000081009",0.111917441763331,-2.56251579827575,7.29446568519475,-0.351295887713445,0.725366379729882,NA
"ENSMUSG00000081010",0.0444816915190641,0,7.3561311249555,0,1,NA
"ENSMUSG00000081011",2.43491426034581,0.512063104913629,1.7417603287153,0.293991714285581,0.768764234792949,NA
"ENSMUSG00000081012",0,NA,NA,NA,NA,NA
"ENSMUSG00000081013",0.0840238067999681,-1.66763094662522,7.35002355230901,-0.226887837128268,0.820510960008979,NA
"ENSMUSG00000081014",0.0434922688142794,0,7.3561311249555,0,1,NA
"ENSMUSG00000081016",0.135933817489197,0,7.3561311249555,0,1,NA
"ENSMUSG00000081017",0,NA,NA,NA,NA,NA
"ENSMUSG00000081018",0,NA,NA,NA,NA,NA
"ENSMUSG00000081020",0.106556248011919,2.74727956207311,7.26104728326191,0.378358583121489,0.705164231160339,NA
"ENSMUSG00000081021",2.6356201264638,-0.259254933489402,1.76683757108603,-0.146733880766439,0.883342075057666,NA
"ENSMUSG00000081022",0,NA,NA,NA,NA,NA
"ENSMUSG00000081023",3.50299932898886,-0.0767611399723479,1.31909974638668,-0.0581920663563271,0.953595640145465,NA
"ENSMUSG00000081024",0.978936593423718,-0.247730020541542,3.28278294564058,-0.0754634176683897,0.939846002983652,NA
"ENSMUSG00000081025",0,NA,NA,NA,NA,NA
"ENSMUSG00000081026",0.0839982523845373,0,7.3561311249555,0,1,NA
"ENSMUSG00000081029",0,NA,NA,NA,NA,NA
"ENSMUSG00000081030",0.710739265323415,2.73108767811242,4.03877637062375,0.676216613025949,0.498903126358668,NA
"ENSMUSG00000081033",0.247765710122393,-0.231892728135282,7.34996878615331,-0.0315501650254824,0.974830786131391,NA
"ENSMUSG00000081034",1.61933628243112,-3.5825124314383,2.38775283668298,-1.50036987765243,0.133518617785369,NA
"ENSMUSG00000081036",0.0380762098104571,-1.67431590235222,7.3501929692546,-0.227792101425878,0.819807867435575,NA
"ENSMUSG00000081037",0.0474375977968173,0,7.3561311249555,0,1,NA
"ENSMUSG00000081038",0,NA,NA,NA,NA,NA
"ENSMUSG00000081041",0.144406694277319,2.74471607735745,7.26122270066595,0.377996405082814,0.705433264535897,NA
"ENSMUSG00000081042",5.5831052557358,0.512027694926544,1.15011648526167,0.445196379225926,0.656177843130514,NA
"ENSMUSG00000081043",4.26294597827279,0.577743118926859,1.0883931210367,0.530822097053089,0.595542065987049,NA
"ENSMUSG00000081044",0.248314029356967,2.99545087262975,7.26941769479466,0.412062010795537,0.680293972341668,NA
"ENSMUSG00000081045",0.081236158750911,0,7.3561311249555,0,1,NA
"ENSMUSG00000081046",8.57880323106111,0.502717395123455,0.787133930856721,0.638668180110461,0.523038817021231,NA
"ENSMUSG00000081047",0.316471095279194,0.282545238121551,7.18923932960393,0.0393011312000816,0.96865030474741,NA
"ENSMUSG00000081048",0.798856824362048,1.75380444100702,3.0464475071052,0.575688383573536,0.56482582852157,NA
"ENSMUSG00000081049",11.6417276942971,-0.0271749091715473,0.737623696285415,-0.0368411553321794,0.970611659097779,NA
"ENSMUSG00000081050",0.799145673596681,-1.44493364513106,3.55464379015758,-0.406491826025417,0.684381261688323,NA
"ENSMUSG00000081051",45.9891322094628,-0.322941109271581,0.630995906206041,-0.511795886622012,0.60879386947776,NA
"ENSMUSG00000081052",0.621069235368768,0,7.00136129929672,0,1,NA
"ENSMUSG00000081053",0.231375186525613,-3.13238258865598,7.26787294829402,-0.430990278853353,0.666475438883508,NA
"ENSMUSG00000081054",0.394436222696002,2.7407780187536,6.72010405974268,0.407847556285989,0.683385597011939,NA
"ENSMUSG00000081055",0.335334547084033,-1.89820536108843,7.34075325869888,-0.258584547687805,0.79595580699669,NA
"ENSMUSG00000081056",0.68393572178291,-1.6434552304461,5.22516982778231,-0.314526663173285,0.753121068934848,NA
"ENSMUSG00000081057",0.0380762098104571,-1.67431590235222,7.3501929692546,-0.227792101425878,0.819807867435575,NA
"ENSMUSG00000081058",123.422885755452,-0.665884895991469,0.681125661696486,-0.977624149900539,0.328260248609246,0.537981768705618
"ENSMUSG00000081059",0.371891200216098,-1.66180398175547,7.3498739560011,-0.226099657178287,0.821123911219076,NA
"ENSMUSG00000081060",0,NA,NA,NA,NA,NA
"ENSMUSG00000081061",0.0355838956388991,0,7.3561311249555,0,1,NA
"ENSMUSG00000081062",1.61424866325741,0.426942334909558,2.16784384744072,0.196943306324204,0.843871903737402,NA
"ENSMUSG00000081063",0.118949818681011,1.15083590631337,7.35610390131928,0.156446390881859,0.875681172687669,NA
"ENSMUSG00000081064",2.81139989907064,-1.31046994941681,1.44252840739034,-0.908453478422348,0.363638682131259,NA
"ENSMUSG00000081065",0.0406180793754555,0,7.3561311249555,0,1,NA
"ENSMUSG00000081066",0,NA,NA,NA,NA,NA
"ENSMUSG00000081067",9.88406590682883,-0.400224317758057,0.771066562998359,-0.519052876838221,0.603723868241483,NA
"ENSMUSG00000081068",0.471547005442702,-2.73445861744116,5.59849980416721,-0.488427027434346,0.625247401744765,NA
"ENSMUSG00000081069",3.1283607347069,-2.41864434990561,1.56108652731767,-1.5493339463133,0.121301463416303,NA
"ENSMUSG00000081070",0.973007537899808,-3.36800434065907,3.09277717129311,-1.08899030034255,0.276158163078776,NA
"ENSMUSG00000081071",0.205551571073862,0,7.3561311249555,0,1,NA
"ENSMUSG00000081072",0.12589541966912,0,7.3561311249555,0,1,NA
"ENSMUSG00000081073",0.126059119469323,0,7.3561311249555,0,1,NA
"ENSMUSG00000081076",8.85581783061532,-0.451462576578905,0.793704723789341,-0.568804195121218,0.569489027388983,NA
"ENSMUSG00000081077",0.71059709789667,0.876356098618995,4.51474824176586,0.194109627312513,0.846090043494757,NA
"ENSMUSG00000081078",14.1911382596794,0.273842798172114,0.850415584171415,0.322010559624124,0.747444694825884,NA
"ENSMUSG00000081079",0.0427517828843511,0,7.3561311249555,0,1,NA
"ENSMUSG00000081080",0.18769380114796,2.74165443970763,7.26113866806955,0.377579132562763,0.70574326890016,NA
"ENSMUSG00000081081",0.0889633830381281,0,7.3561311249555,0,1,NA
"ENSMUSG00000081082",0,NA,NA,NA,NA,NA
"ENSMUSG00000081083",0.791696520199397,-0.385397880703685,3.47626691469992,-0.110865445652051,0.911723047015043,NA
"ENSMUSG00000081084",0,NA,NA,NA,NA,NA
"ENSMUSG00000081085",0,NA,NA,NA,NA,NA
"ENSMUSG00000081086",0.305507853422815,-1.50214529807674,7.27647292576465,-0.20643865694297,0.836448277213256,NA
"ENSMUSG00000081087",11.7027762384996,-0.461173555735722,1.29597358713937,-0.355851045354773,0.721952119208138,NA
"ENSMUSG00000081088",4.26356439933708,0.710714894436512,1.23707502089114,0.574512363789012,0.565621136425947,NA
"ENSMUSG00000081089",0.0805414354933536,1.15354404673178,7.35605442092936,0.156815594437384,0.875390182327279,NA
"ENSMUSG00000081092",0.0761524196209141,-2.55627499047924,7.29465809108018,-0.350431090609309,0.726015196884991,NA
"ENSMUSG00000081093",0.953771585305208,0.743114382924007,2.82243898383813,0.263288024003082,0.792328589615844,NA
"ENSMUSG00000081094",10.9314505576153,-1.71637444629243,2.01425613266724,-0.852113302998677,0.394151209170421,NA
"ENSMUSG00000081095",0.0406180793754555,0,7.3561311249555,0,1,NA
"ENSMUSG00000081096",3.86244160906676,-0.111776536520494,1.32076408444516,-0.0846302059822058,0.932555384306158,NA
"ENSMUSG00000081097",0,NA,NA,NA,NA,NA
"ENSMUSG00000081098",0,NA,NA,NA,NA,NA
"ENSMUSG00000081099",2.51420307456805,-1.76738483542899,2.15818932362503,-0.81892020133821,0.41283194341011,NA
"ENSMUSG00000081100",0.431974906693188,-1.86866582068903,5.08783219890695,-0.367281338620108,0.713409172512521,NA
"ENSMUSG00000081101",0.234030150651856,2.73818291417676,7.26119523848999,0.377098098073752,0.706100704567356,NA
"ENSMUSG00000081103",4.04726623914541,-0.385042776406081,1.27725296100321,-0.301461643199991,0.763062494608341,NA
"ENSMUSG00000081104",0.348374947007811,0,7.3561311249555,0,1,NA
"ENSMUSG00000081106",0.161421585014988,0,7.3561311249555,0,1,NA
"ENSMUSG00000081107",0,NA,NA,NA,NA,NA
"ENSMUSG00000081108",0.035343153585345,1.15567482661499,7.35597963161169,0.157106855169715,0.875160635032837,NA
"ENSMUSG00000081110",0,NA,NA,NA,NA,NA
"ENSMUSG00000081111",0.62766209481484,1.35173718842585,5.91549964096419,0.228507695117622,0.819251574523757,NA
"ENSMUSG00000081112",0.164735401003617,1.1385511396514,7.35579073952428,0.154782970311229,0.87699241712367,NA
"ENSMUSG00000081113",5.43299795306433,-1.8461045621831,1.51541056995094,-1.21822072433008,0.223140106201434,NA
"ENSMUSG00000081114",0.316859517677109,-3.12595663862475,7.26800777455246,-0.430098141827763,0.667124251662349,NA
"ENSMUSG00000081115",0,NA,NA,NA,NA,NA
"ENSMUSG00000081116",0,NA,NA,NA,NA,NA
"ENSMUSG00000081117",0.081236158750911,0,7.3561311249555,0,1,NA
"ENSMUSG00000081118",0.94553293257044,-2.88719261487451,4.36533326991863,-0.661391109533391,0.508361525926813,NA
"ENSMUSG00000081119",0,NA,NA,NA,NA,NA
"ENSMUSG00000081120",0.0825922517787004,-1.66951902677348,7.35007137402269,-0.227143240087987,0.820312361915953,NA
"ENSMUSG00000081121",1.29864369882638,0.553254851063141,4.16729529158062,0.132761134585521,0.894382292310613,NA
"ENSMUSG00000081122",0,NA,NA,NA,NA,NA
"ENSMUSG00000081124",0.550612839035672,-0.503397595912605,5.33886149067496,-0.0942893155763372,0.924879337037589,NA
"ENSMUSG00000081125",1.58441513586583,-0.779551351791505,3.14701950894294,-0.247711000702805,0.804358019768151,NA
"ENSMUSG00000081126",0.262244298747468,-0.230239432790818,7.3498978898771,-0.0313255280876655,0.975009931925292,NA
"ENSMUSG00000081127",0.0710374986746129,2.16226366003379,7.28481246100722,0.296818026765623,0.766605441993722,NA
"ENSMUSG00000081128",0.599940629361421,4.47041254026395,7.22771669305661,0.618509652510108,0.536239437014019,NA
"ENSMUSG00000081129",0.0414066693320352,0,7.3561311249555,0,1,NA
"ENSMUSG00000081130",0.827617131239618,1.02069516193123,2.77596518690514,0.367690188171695,0.713104257529968,NA
"ENSMUSG00000081131",0,NA,NA,NA,NA,NA
"ENSMUSG00000081132",0.192498480255043,2.15547137801486,7.28497447878297,0.29587905685772,0.767322445561424,NA
"ENSMUSG00000081133",0.0846557905054049,0,7.3561311249555,0,1,NA
"ENSMUSG00000081134",0.109071889971821,0.770410067670252,7.27888960688632,0.105841702413153,0.915707948859033,NA
"ENSMUSG00000081135",0.0380762098104571,-1.67431590235222,7.3501929692546,-0.227792101425878,0.819807867435575,NA
"ENSMUSG00000081136",0.268790340743472,0,7.3561311249555,0,1,NA
"ENSMUSG00000081137",6.1322286175185,3.4715914639103,2.24823766601182,1.54413900113532,0.122554662344879,NA
"ENSMUSG00000081138",0.213143851295594,-3.26143505324723,7.26324672717146,-0.449032667587397,0.653408091132345,NA
"ENSMUSG00000081139",1.52155780452937,-0.526532446569703,2.14023977897019,-0.246015634202936,0.805670130029577,NA
"ENSMUSG00000081141",0.11121243587428,2.14116864532944,7.28558275378368,0.293891198232214,0.768841044060711,NA
"ENSMUSG00000081142",1.50418185768639,0.343327271017881,1.94713295324012,0.176324513663316,0.860039004616122,NA
"ENSMUSG00000081143",11.7814109281252,1.24992111224397,1.88226707620998,0.664050882067562,0.506657745557963,NA
"ENSMUSG00000081144",0.0710374986746129,2.16226366003379,7.28481246100722,0.296818026765623,0.766605441993722,NA
"ENSMUSG00000081145",2.31105582577436,0.249798894487006,1.65952571685185,0.15052426844031,0.88035100541477,NA
"ENSMUSG00000081146",0.195016983591717,-3.13241486994003,7.26784753218937,-0.430996227709309,0.666471113373822,NA
"ENSMUSG00000081147",0.352806339049093,-0.622210933313394,7.15553897838476,-0.0869551455443049,0.930707165669524,NA
"ENSMUSG00000081148",0.0761524196209141,-2.55627499047924,7.29465809108018,-0.350431090609309,0.726015196884991,NA
"ENSMUSG00000081150",0.0948751955936346,0,7.3561311249555,0,1,NA
"ENSMUSG00000081151",0.275535363511839,-3.5387955892427,7.254423718434,-0.487812089091291,0.625682947690289,NA
"ENSMUSG00000081152",0.5434573677743,1.14904017601258,4.77758008512479,0.240506732600919,0.809937444556701,NA
"ENSMUSG00000081153",1.64299263449224,0.275727120650116,1.96231039195892,0.140511471467501,0.888255889486758,NA
"ENSMUSG00000081154",0,NA,NA,NA,NA,NA
"ENSMUSG00000081155",0,NA,NA,NA,NA,NA
"ENSMUSG00000081156",0.457087377492017,0.484568181805637,7.19925188385688,0.0673081300144811,0.946336404752938,NA
"ENSMUSG00000081157",0.348237124783091,0,7.3561311249555,0,1,NA
"ENSMUSG00000081158",0.0815938204116798,0,7.3561311249555,0,1,NA
"ENSMUSG00000081159",4.65869099423818,0.636110671723359,1.19004837246903,0.534525054980413,0.592978319631356,NA
"ENSMUSG00000081160",0,NA,NA,NA,NA,NA
"ENSMUSG00000081161",0.163280203241891,-3.27355191324187,7.26346788404761,-0.450687187649223,0.652215017868034,NA
"ENSMUSG00000081162",0.190381049052285,-3.87344176364856,7.24606634725706,-0.534557866022689,0.592955625497417,NA
"ENSMUSG00000081163",0,NA,NA,NA,NA,NA
"ENSMUSG00000081164",1.24250019379461,0.830853050846819,2.37203981208369,0.350269437559299,0.726136499498871,NA
"ENSMUSG00000081165",0,NA,NA,NA,NA,NA
"ENSMUSG00000081166",0.0762425183863787,0,7.3561311249555,0,1,NA
"ENSMUSG00000081167",2.09952031968925,3.444239630051,2.41419048468517,1.42666440444535,0.153676650431939,NA
"ENSMUSG00000081168",0.0782162088416965,1.14405360754747,7.35593101114976,0.155528050196959,0.876405042127796,NA
"ENSMUSG00000081169",0.254626940596929,0,7.3561311249555,0,1,NA
"ENSMUSG00000081170",5.44416230440273,-1.91413269796767,1.64069955897832,-1.16665643474642,0.243349142842316,NA
"ENSMUSG00000081171",0.0761527359076405,1.15762552862046,7.35585477213437,0.157374712318384,0.87494954175234,NA
"ENSMUSG00000081172",0.073322300991852,-0.223541369698252,7.35002111471392,-0.0304137044247053,0.975737115361785,NA
"ENSMUSG00000081173",0.0381979668618393,0,7.3561311249555,0,1,NA
"ENSMUSG00000081174",0,NA,NA,NA,NA,NA
"ENSMUSG00000081175",0,NA,NA,NA,NA,NA
"ENSMUSG00000081176",2.35417764170054,2.13592916547568,3.02401950372122,0.706321226714079,0.479988395880269,NA
"ENSMUSG00000081177",0.0787040249219129,-1.67096318591138,7.35010798029053,-0.227338590180186,0.820160467944294,NA
"ENSMUSG00000081179",2.20244367095381,1.96430293478895,2.28561429188765,0.859420131279747,0.390108767000827,NA
"ENSMUSG00000081180",0.192298389890345,2.12668942867349,7.28567932108369,0.291899949881017,0.770363121810177,NA
"ENSMUSG00000081181",0,NA,NA,NA,NA,NA
"ENSMUSG00000081182",0,NA,NA,NA,NA,NA
"ENSMUSG00000081183",0.0791174357676647,0,7.3561311249555,0,1,NA
"ENSMUSG00000081184",0,NA,NA,NA,NA,NA
"ENSMUSG00000081185",0.877074709922705,1.13970062952966,5.10214491675999,0.22337676567866,0.823242285803596,NA
"ENSMUSG00000081186",0,NA,NA,NA,NA,NA
"ENSMUSG00000081187",1.72824089925833,-1.69099703020821,2.72575479167602,-0.620377531893997,0.535009261142827,NA
"ENSMUSG00000081188",0,NA,NA,NA,NA,NA
"ENSMUSG00000081189",0.780388293533215,1.34732924817434,4.29759431395232,0.313507778945112,0.753894911628219,NA
"ENSMUSG00000081191",0.267017809393679,3.15355459760202,7.24937416568399,0.435010598918987,0.663554734168539,NA
"ENSMUSG00000081194",0.12820096797458,-1.65411956154694,7.34968114300216,-0.225060044015906,0.821932563841729,NA
"ENSMUSG00000081195",0,NA,NA,NA,NA,NA
"ENSMUSG00000081196",0.203857799508973,2.11436046830369,7.28624786936346,0.290185086509884,0.771674644829362,NA
"ENSMUSG00000081197",0.993108233271881,-0.253607667220621,2.73576881522219,-0.0927006937901745,0.926141345821439,NA
"ENSMUSG00000081199",0.0888505924634553,0,7.3561311249555,0,1,NA
"ENSMUSG00000081200",0,NA,NA,NA,NA,NA
"ENSMUSG00000081201",12.1626122326638,0.101483897210846,1.36902189242447,0.0741287613970313,0.940907929928304,NA
"ENSMUSG00000081202",0.0419195223311899,0,7.3561311249555,0,1,NA
"ENSMUSG00000081205",0.34233141752738,0,7.3561311249555,0,1,NA
"ENSMUSG00000081206",0.0781726631531199,-1.67245643711788,7.35014589115324,-0.227540577001455,0.820003420693949,NA
"ENSMUSG00000081208",10.7456582922955,-0.260804464548858,0.983122745017356,-0.265281691295073,0.790792467623965,NA
"ENSMUSG00000081209",0.24773927175765,3.15952196174794,7.24933816670918,0.435835918961165,0.662955781152227,NA
"ENSMUSG00000081210",15.1935844944692,-0.940597935843809,0.680508355449822,-1.38219895216726,0.166910621770603,NA
"ENSMUSG00000081211",0.317221526835441,-2.10628119951071,7.25402637640646,-0.290360289612585,0.77154061995433,NA
"ENSMUSG00000081212",0.248142418664937,-0.454675365830081,7.34071856160934,-0.0619388091253019,0.950611561601392,NA
"ENSMUSG00000081214",0.540876838637676,-2.92503602986493,7.27697532802151,-0.401957667576729,0.687715181078763,NA
"ENSMUSG00000081215",0.207179487024141,-3.6453366878979,7.25170886829971,-0.502686574171947,0.615184650476707,NA
"ENSMUSG00000081216",0,NA,NA,NA,NA,NA
"ENSMUSG00000081217",0.625604000514374,-2.60104897252795,4.97786341827308,-0.522523169876424,0.601306118524714,NA
"ENSMUSG00000081218",3.1049472434672,0.6769466530806,2.11507865167326,0.320057437365301,0.748924789923941,NA
"ENSMUSG00000081219",107.663810341325,-0.474654357890333,0.499465905066681,-0.950323842078798,0.34194772790318,0.550513565199175
"ENSMUSG00000081220",19.2555045394811,0.072568168018064,0.570797354178487,0.127134730893255,0.89883376320778,NA
"ENSMUSG00000081221",2.3228169661425,0,4.21618687410719,0,1,NA
"ENSMUSG00000081222",0.0407969102058399,0,7.3561311249555,0,1,NA
"ENSMUSG00000081223",1.78810536292608,0.645767991558731,2.44212745189962,0.264428456040006,0.791449786873663,NA
"ENSMUSG00000081224",0,NA,NA,NA,NA,NA
"ENSMUSG00000081225",0.223583360967656,-2.10740219808764,7.25369702561174,-0.29052801497591,0.771412321702855,NA
"ENSMUSG00000081226",0.575112941615614,-1.47016243438415,6.23134540435791,-0.235930178634615,0.813486850017746,NA
"ENSMUSG00000081227",0,NA,NA,NA,NA,NA
"ENSMUSG00000081228",2.20775406558887,-0.342782656404239,1.86535002928888,-0.183763181720331,0.854199240930693,NA
"ENSMUSG00000081229",0.0763959337236786,0,7.3561311249555,0,1,NA
"ENSMUSG00000081230",9.21571024688015,-0.174613092226134,0.921325950024017,-0.189523688355442,0.849682390898888,NA
"ENSMUSG00000081231",0.462847990913106,0.550365056578285,7.27036498155032,0.0756997837075473,0.939657948077783,NA
"ENSMUSG00000081232",0.501195554335422,-1.67014662263273,7.35008728186434,-0.227228134658165,0.820246351528548,NA
"ENSMUSG00000081233",0.813659574754456,-0.719957789132533,3.21737346851036,-0.223771904685306,0.822934792436052,NA
"ENSMUSG00000081234",42.0479156824703,0.54322418974997,0.604261580318672,0.898988463677416,0.368658805500341,NA
"ENSMUSG00000081235",0.0410826440564989,0,7.3561311249555,0,1,NA
"ENSMUSG00000081236",0.531473710854498,-1.57913594392677,7.12866574062562,-0.221519145571297,0.824688230851943,NA
"ENSMUSG00000081237",0.0761723068039999,1.15283116046476,7.35608933317364,0.156717939145444,0.875467148390412,NA
"ENSMUSG00000081238",1.13309905957805,-0.171406109208784,2.40776533773417,-0.0711888764750164,0.943247434242904,NA
"ENSMUSG00000081239",12.6343770097984,-0.00394158813422944,0.7613281671789,-0.00517725247029147,0.995869168640346,NA
"ENSMUSG00000081240",0.155158719602967,-0.234813074603041,7.35010948184707,-0.0319468812244186,0.974514411891169,NA
"ENSMUSG00000081242",0.687072196029985,-1.82487576021863,4.04379435993643,-0.451278081372892,0.651789140198591,NA
"ENSMUSG00000081243",1.74761165861464,-1.28706516414677,2.27901246270928,-0.564746874010822,0.572245946685213,NA
"ENSMUSG00000081244",1.83397934437136,-4.6524225660503,2.65999450298876,-1.74903465432837,0.0802850293556146,NA
"ENSMUSG00000081245",0.288992522060753,-2.52989488910238,7.29547109189296,-0.346776083029608,0.728759546452038,NA
"ENSMUSG00000081248",1.0996716947133,1.36018995799807,3.19671176390138,0.425496591015151,0.670474706178356,NA
"ENSMUSG00000081249",9.59256680810875,0.226458332721181,0.863301899670744,0.262316499949265,0.793077442182778,NA
"ENSMUSG00000081250",0.11566262400623,2.13893115873372,7.28537872074207,0.29359230874903,0.769069453640215,NA
"ENSMUSG00000081251",3.37984615176798,-1.21639027586883,1.24868214089705,-0.974139243310533,0.329987406674287,NA
"ENSMUSG00000081252",0,NA,NA,NA,NA,NA
"ENSMUSG00000081253",0.0355187493373064,1.16171280725677,7.35565536667627,0.157934643392857,0.874508299155349,NA
"ENSMUSG00000081254",0,NA,NA,NA,NA,NA
"ENSMUSG00000081255",7.23687162998863,0.137008039243195,1.03530972154694,0.132335316081529,0.894719074814329,NA
"ENSMUSG00000081256",1.0002642122786,0.744020371484707,2.92086624005464,0.254725930712523,0.79893478692106,NA
"ENSMUSG00000081257",0.121078824960021,-1.64483760311186,7.34944608064745,-0.223804295597602,0.822909587345272,NA
"ENSMUSG00000081258",0.0450384044921535,0,7.3561311249555,0,1,NA
"ENSMUSG00000081259",0.245131177726703,-0.316860178308929,7.21394420836636,-0.0439232920517255,0.964965548842755,NA
"ENSMUSG00000081260",0.28024753376049,-2.53289963964448,7.29537778174685,-0.347192388855013,0.728446788442705,NA
"ENSMUSG00000081261",0,NA,NA,NA,NA,NA
"ENSMUSG00000081262",2.10967073054075,-0.85414424348812,1.93505092566312,-0.441406596674148,0.658918667404714,NA
"ENSMUSG00000081263",0.576339853328367,0.746612917071441,4.22735170380487,0.176614809787282,0.859810960433795,NA
"ENSMUSG00000081264",0,NA,NA,NA,NA,NA
"ENSMUSG00000081265",0.253109709696529,0,7.3561311249555,0,1,NA
"ENSMUSG00000081268",0.0352597853922181,1.155567702399,7.35595536263211,0.157092810577567,0.875171703562209,NA
"ENSMUSG00000081269",3.89614817236044,0.640499522112439,1.72701311736707,0.370871254926491,0.710733425987079,NA
"ENSMUSG00000081270",0.438657429058692,-2.10525891887459,7.25429630755972,-0.290208564637854,0.77165668440283,NA
"ENSMUSG00000081271",0,NA,NA,NA,NA,NA
"ENSMUSG00000081272",7.6581275442072,2.73275028243393,4.38176131920685,0.623664796723477,0.532847746786214,NA
"ENSMUSG00000081273",0.905898310599041,-0.369435619496912,3.10427558503181,-0.119008641268274,0.905268509696633,NA
"ENSMUSG00000081274",0.88604593153531,0.695424867024081,2.86754367155333,0.242515876540208,0.808380456278531,NA
"ENSMUSG00000081275",3.50035468682937,-0.271970435014961,1.65136209931695,-0.164694608848935,0.869184360551265,NA
"ENSMUSG00000081276",0.531581909081796,-0.221316379645315,4.9078869785992,-0.0450940253128002,0.964032363689647,NA
"ENSMUSG00000081277",0.566796221762249,3.1317971138775,5.20984450206674,0.60113063118009,0.547752982932792,NA
"ENSMUSG00000081278",0.769648726553548,1.58372834315988,3.29076005646508,0.481265214110177,0.630328016853511,NA
"ENSMUSG00000081279",0.246374637240904,-3.12246884944265,7.26808206699406,-0.42961386795871,0.66747654745359,NA
"ENSMUSG00000081280",1.66301020096258,-1.07745541640031,2.04960542795653,-0.525689189589305,0.599104176105867,NA
"ENSMUSG00000081281",2.9101214368605,-0.0999262889314623,1.63047875704432,-0.0612864709213418,0.951131065188872,NA
"ENSMUSG00000081282",0.0705195707844363,2.15212880095346,7.28531419713947,0.295406449566511,0.767683406992175,NA
"ENSMUSG00000081283",0.0352597853922182,1.155567702399,7.3559553626321,0.157092810577567,0.875171703562209,NA
"ENSMUSG00000081284",2.47545415267344,0.0667300509453792,2.14817958127702,0.0310635346909454,0.975218870727187,NA
"ENSMUSG00000081285",2.66454440381399,1.38683458577489,1.8838584063028,0.736167103183006,0.461629009653558,NA
"ENSMUSG00000081286",0,NA,NA,NA,NA,NA
"ENSMUSG00000081287",0.131284295842109,0.643482154510525,7.34324865246064,0.0876290842057896,0.93017148523877,NA
"ENSMUSG00000081288",0,NA,NA,NA,NA,NA
"ENSMUSG00000081289",0.381953214495561,2.74645315866613,7.26105704737793,0.378244261234377,0.705249147854281,NA
"ENSMUSG00000081290",0.0381979668618393,0,7.3561311249555,0,1,NA
"ENSMUSG00000081292",0,NA,NA,NA,NA,NA
"ENSMUSG00000081293",0.0710374986746129,2.16226366003378,7.28481246100722,0.296818026765623,0.766605441993722,NA
"ENSMUSG00000081295",0.153423209389871,2.73336525309751,7.26127396400094,0.37643053638365,0.706596847850189,NA
"ENSMUSG00000081296",0,NA,NA,NA,NA,NA
"ENSMUSG00000081297",0.0869845376285589,0,7.3561311249555,0,1,NA
"ENSMUSG00000081298",0.0352228247148313,1.15095804082454,7.35610697656493,0.156462928623967,0.875668137990874,NA
"ENSMUSG00000081299",0,NA,NA,NA,NA,NA
"ENSMUSG00000081300",0.163898705227708,-2.53831181366652,7.29521017167513,-0.347942246204495,0.727883557302767,NA
"ENSMUSG00000081301",0.0845931563490224,0,7.3561311249555,0,1,NA
"ENSMUSG00000081302",1.57077760977228,1.62354485233975,2.04201931141707,0.79506831461505,0.426573764755223,NA
"ENSMUSG00000081303",0.0406180793754555,0,7.3561311249555,0,1,NA
"ENSMUSG00000081304",0.173606996827376,0,7.3561311249555,0,1,NA
"ENSMUSG00000081305",19.7700875081708,0.824768170349815,0.587090984081604,1.40483876045212,0.160069230273967,NA
"ENSMUSG00000081306",0.462757932407954,1.10946777682956,4.99019734724898,0.222329439023328,0.824057436504507,NA
"ENSMUSG00000081307",0,NA,NA,NA,NA,NA
"ENSMUSG00000081308",0.429648214393452,0,5.78409207037695,0,1,NA
"ENSMUSG00000081309",0.868407813026085,1.12730286286664,5.70053576169,0.197753844549593,0.843237659638916,NA
"ENSMUSG00000081310",0,NA,NA,NA,NA,NA
"ENSMUSG00000081312",0.0839495488125438,0,7.3561311249555,0,1,NA
"ENSMUSG00000081313",0.0787016119395477,-1.6717616872106,7.35012822109627,-0.227446601871831,0.820076486621388,NA
"ENSMUSG00000081314",0.204929319388221,-1.66603483504315,7.3499832091735,-0.226671923952667,0.820678860325704,NA
"ENSMUSG00000081315",0,NA,NA,NA,NA,NA
"ENSMUSG00000081316",0.242168811734309,-0.231454235493563,7.34995885313141,-0.0314905484668058,0.974878329639234,NA
"ENSMUSG00000081317",5.98864269713017,0.657050891713716,0.977111326523281,0.672442201700402,0.501302223988668,NA
"ENSMUSG00000081318",0.530594791841151,-0.215391200698919,4.95556295811708,-0.0434645271423934,0.965331241029046,NA
"ENSMUSG00000081319",1.48146096305597,-3.78991055406531,2.80107678089422,-1.3530191603157,0.176049509336665,NA
"ENSMUSG00000081320",1.79392470085491,0.0537569424430324,2.12505027493363,0.0252967861876639,0.979818237363005,NA
"ENSMUSG00000081321",6.46298828543076,0.020354506712996,0.965972661003236,0.0210715142723152,0.983188608165998,NA
"ENSMUSG00000081323",0.164276696107952,0,7.3561311249555,0,1,NA
"ENSMUSG00000081324",0.0406180793754555,0,7.3561311249555,0,1,NA
"ENSMUSG00000081325",1.02340002898208,-2.88105506042993,4.06636790367975,-0.708508213883647,0.478629713177363,NA
"ENSMUSG00000081326",0.0380762098104571,-1.67431590235222,7.3501929692546,-0.227792101425878,0.819807867435575,NA
"ENSMUSG00000081327",0.081236158750911,0,7.3561311249555,0,1,NA
"ENSMUSG00000081329",2.20490215373467,-0.346942001317493,2.55639587900137,-0.135715287357224,0.892046361977647,NA
"ENSMUSG00000081330",0,NA,NA,NA,NA,NA
"ENSMUSG00000081331",1.89873325815014,-1.31265204026822,2.01065781412954,-0.652847058830098,0.513854882081926,NA
"ENSMUSG00000081332",0.0380762098104571,-1.67431590235222,7.3501929692546,-0.227792101425878,0.819807867435575,NA
"ENSMUSG00000081333",0.0807219372652388,-1.66428413389126,7.34993874752725,-0.226435102530776,0.820863028947534,NA
"ENSMUSG00000081334",0.0355187493373064,1.16171280725677,7.35565536667627,0.157934643392857,0.874508299155349,NA
"ENSMUSG00000081335",0,NA,NA,NA,NA,NA
"ENSMUSG00000081336",0.0761677952520755,1.15391537477052,7.35603622643058,0.156866461671905,0.875350092280764,NA
"ENSMUSG00000081339",0.73724124113094,-0.59304333839079,4.0705016068211,-0.145692938039136,0.884163796510719,NA
"ENSMUSG00000081340",3.78494836073987,1.1223557187631,1.34726767532915,0.833060674812744,0.404810510741543,NA
"ENSMUSG00000081341",0.225479407686784,0,7.3561311249555,0,1,NA
"ENSMUSG00000081342",11.0576917496702,-0.028462473468976,0.793403795479241,-0.0358738811575558,0.971382922274739,NA
"ENSMUSG00000081343",0.520673453620777,0.766482628496171,7.27897345168668,0.105300923761243,0.916137029996711,NA
"ENSMUSG00000081344",0,NA,NA,NA,NA,NA
"ENSMUSG00000081345",0.0355187493373065,1.16171280725677,7.35565536667627,0.157934643392857,0.874508299155349,NA
"ENSMUSG00000081346",0.0380762098104571,-1.67431590235222,7.3501929692546,-0.227792101425878,0.819807867435575,NA
"ENSMUSG00000081348",0.461532409710497,-0.109343448229431,6.36001939743681,-0.0171923136387757,0.986283194112101,NA
"ENSMUSG00000081349",0.878950306930821,1.76112168422405,3.46254549115779,0.508620518841233,0.611018243624374,NA
"ENSMUSG00000081350",3.12867115193167,-0.819433067467373,1.69991802939465,-0.482042694587561,0.629775617143592,NA
"ENSMUSG00000081352",0.62749905383123,1.12165911852722,4.76420203043058,0.23543483491313,0.813871251458109,NA
"ENSMUSG00000081353",0.281708772282435,-3.26876765276172,7.26340963416637,-0.450032122294983,0.652687278836371,NA
"ENSMUSG00000081354",0,NA,NA,NA,NA,NA
"ENSMUSG00000081355",0.122778730747056,-2.75117648011025,7.2850610917799,-0.377646315583344,0.705693353303703,NA
"ENSMUSG00000081357",6.49253363466437,-0.217518387065851,1.51635241103004,-0.143448439481224,0.885936029339115,NA
"ENSMUSG00000081358",1.06144702137716,-4.25335728599938,2.75198672551446,-1.54555879451208,0.122211159176322,NA
"ENSMUSG00000081359",1.10479429093387,-2.52821886437656,2.47441816773046,-1.02174276658154,0.306902664075472,NA
"ENSMUSG00000081360",0.600941416777093,-1.85612552852663,4.72888862741296,-0.392507769746751,0.694683071594902,NA
"ENSMUSG00000081361",0,NA,NA,NA,NA,NA
"ENSMUSG00000081362",0.0736642673084299,-1.67581207538502,7.35022998119146,-0.227994508970911,0.819650509322794,NA
"ENSMUSG00000081363",0.505578174773175,2.73080273686009,6.30851358020913,0.43287578002956,0.665105016341057,NA
"ENSMUSG00000081364",0,NA,NA,NA,NA,NA
"ENSMUSG00000081365",0.680469356849223,-1.85774926811376,4.5664716369114,-0.406823783399271,0.684137417383381,NA
"ENSMUSG00000081367",0.0355187493373064,1.16171280725677,7.35565536667627,0.157934643392857,0.874508299155349,NA
"ENSMUSG00000081369",0,NA,NA,NA,NA,NA
"ENSMUSG00000081370",0.556489419298243,1.15245615081476,5.41912529117937,0.212664607089007,0.831588574701137,NA
"ENSMUSG00000081372",0,NA,NA,NA,NA,NA
"ENSMUSG00000081373",0.661682268628101,1.34770850126885,4.5212528286163,0.298082976634003,0.765639833991804,NA
"ENSMUSG00000081374",0.387204365509955,1.35254007258711,5.79435085903982,0.233423916757993,0.815432243172088,NA
"ENSMUSG00000081375",2.98434400559926,2.1212553354586,7.28607567872446,0.291138251782469,0.770945585712472,NA
"ENSMUSG00000081376",1.10460130177545,-3.35560592375343,2.42775686670159,-1.38218368147896,0.166915309355126,NA
"ENSMUSG00000081377",0.0801844853033132,0,7.3561311249555,0,1,NA
"ENSMUSG00000081378",11.5389406741597,2.28167649969065,1.33256643498647,1.71224221155909,0.0868520413797573,NA
"ENSMUSG00000081379",0.0761524196209141,-2.55627499047924,7.29465809108018,-0.350431090609309,0.726015196884991,NA
"ENSMUSG00000081381",0.359145834398585,-1.69381368512135,7.26785573380319,-0.233055490802236,0.815718316457176,NA
"ENSMUSG00000081382",12.1529367096881,-0.648723543360997,0.959877853277164,-0.675839682253486,0.499142437166703,NA
"ENSMUSG00000081383",4.39982725134225,0.820706162928257,1.16206228294865,0.706249720837486,0.480032854937279,NA
"ENSMUSG00000081384",0.86027343022395,4.47051826636098,3.65170148208643,1.22422883915657,0.22086591282618,NA
"ENSMUSG00000081386",0.0407969102058399,0,7.3561311249555,0,1,NA
"ENSMUSG00000081388",0,NA,NA,NA,NA,NA
"ENSMUSG00000081389",0.088354254970135,0,7.3561311249555,0,1,NA
"ENSMUSG00000081390",0.0841227166719333,0,7.3561311249555,0,1,NA
"ENSMUSG00000081391",0.705220526303925,-3.26048744775022,4.06138062706136,-0.802802728221356,0.422088765036384,NA
"ENSMUSG00000081392",0.0381979668618393,0,7.3561311249555,0,1,NA
"ENSMUSG00000081394",3.74879663749097,-1.30275874926428,1.37936693650244,-0.944461342945907,0.344933947158937,NA
"ENSMUSG00000081395",0.0380762098104571,-1.67431590235222,7.3501929692546,-0.227792101425878,0.819807867435575,NA
"ENSMUSG00000081396",0,NA,NA,NA,NA,NA
"ENSMUSG00000081397",0,NA,NA,NA,NA,NA
"ENSMUSG00000081398",0.0406180793754555,0,7.3561311249555,0,1,NA
"ENSMUSG00000081399",0.293308716809177,0,7.3561311249555,0,1,NA
"ENSMUSG00000081400",10.2644558761007,-0.707418891588424,0.8508840461084,-0.831392825877829,0.405751750541118,NA
"ENSMUSG00000081402",0.91345210250228,-0.701482332633835,3.27690249942224,-0.214068722751902,0.830493466047636,NA
"ENSMUSG00000081404",3.67044247818142,-0.51543536283949,1.41187534500149,-0.365071438257141,0.715058080638958,NA
"ENSMUSG00000081405",4.11275617439858,2.76668150816687,1.50423838093783,1.83925735656469,0.0658773420100794,NA
"ENSMUSG00000081406",4679.89299121525,-1.04538818949564,0.559965197924555,-1.86688064431549,0.0619182573989786,0.192049568368027
"ENSMUSG00000081407",0,NA,NA,NA,NA,NA
"ENSMUSG00000081408",5.90525810045602,2.70700080664531,1.89025496232189,1.43208237015824,0.152120249286184,NA
"ENSMUSG00000081409",0.192500235728623,-1.10628702438637,7.29473887441828,-0.151655466142315,0.879458683654857,NA
"ENSMUSG00000081410",0.0712914710841334,2.16720846450334,7.28457019597735,0.297506703374224,0.766079691007124,NA
"ENSMUSG00000081412",0.116713474565325,-2.55401163796656,7.29472729876892,-0.350117493548742,0.726250522821992,NA
"ENSMUSG00000081413",1.33893577641226,-1.91811769021795,2.56315508029753,-0.748342425693298,0.454253640437234,NA
"ENSMUSG00000081414",0.0355187493373065,1.16171280725677,7.35565536667627,0.157934643392857,0.874508299155349,NA
"ENSMUSG00000081415",0,NA,NA,NA,NA,NA
"ENSMUSG00000081416",2.75140344409985,-3.71575140006017,2.02831064668572,-1.83194394119646,0.0669597730127695,NA
"ENSMUSG00000081417",0,NA,NA,NA,NA,NA
"ENSMUSG00000081418",1.93097346104286,0.578384510702279,1.66111566837602,0.348190388973774,0.727697205215345,NA
"ENSMUSG00000081421",0.924179409012874,0.467393110117692,3.64722550599662,0.128150318467894,0.898030015910202,NA
"ENSMUSG00000081422",0,NA,NA,NA,NA,NA
"ENSMUSG00000081423",3.2368548424019,-0.94733371303019,1.58105646647055,-0.599177659444989,0.549054418875046,NA
"ENSMUSG00000081424",0,NA,NA,NA,NA,NA
"ENSMUSG00000081427",0.16315596342355,1.14466840418987,7.35567763759691,0.15561698875154,0.876334933001449,NA
"ENSMUSG00000081428",4.1931011159278,-0.466616261211919,1.15870103793086,-0.402706346103887,0.68716426483243,NA
"ENSMUSG00000081429",2.97671667232164,0.576832007837181,1.28408654891747,0.449215832315564,0.653275967478961,NA
"ENSMUSG00000081431",6.03888320490403,-0.495736486914951,1.24482531516541,-0.398237793588795,0.690454909665561,NA
"ENSMUSG00000081432",0.112905834044187,2.15976880115108,7.28487260796116,0.296473104936771,0.766868803373152,NA
"ENSMUSG00000081433",0,NA,NA,NA,NA,NA
"ENSMUSG00000081434",77.8451935540977,-3.06001631734231,0.742768946673692,-4.11974185383737,3.79297109095884e-05,0.00459862912441321
"ENSMUSG00000081435",0,NA,NA,NA,NA,NA
"ENSMUSG00000081436",0.174929135434246,0,7.3561311249555,0,1,NA
"ENSMUSG00000081437",0,NA,NA,NA,NA,NA
"ENSMUSG00000081438",0.0881489932588361,0,7.3561311249555,0,1,NA
"ENSMUSG00000081439",0.0869845376285589,0,7.3561311249555,0,1,NA
"ENSMUSG00000081440",0.204032396656771,0,7.3561311249555,0,1,NA
"ENSMUSG00000081441",0.124754480753409,0,7.3561311249555,0,1,NA
"ENSMUSG00000081442",1.35631227934833,-1.34495791298259,2.29518954473493,-0.585989909229009,0.557882295911964,NA
"ENSMUSG00000081443",0,NA,NA,NA,NA,NA
"ENSMUSG00000081444",0,NA,NA,NA,NA,NA
"ENSMUSG00000081445",0.529035846174305,1.12514245887205,7.35544722820391,0.152967239647615,0.878424110174329,NA
"ENSMUSG00000081447",1.69390611964553,-1.52258381750411,2.55476863775326,-0.595977183610298,0.551190469203224,NA
"ENSMUSG00000081449",0,NA,NA,NA,NA,NA
"ENSMUSG00000081450",0.0406180793754555,0,7.3561311249555,0,1,NA
"ENSMUSG00000081451",4.91721031262712,1.88198726621084,1.59923110912234,1.17680756425735,0.239272322770054,NA
"ENSMUSG00000081452",0.0406180793754555,0,7.3561311249555,0,1,NA
"ENSMUSG00000081453",6.43543427469451,-0.309570336765059,0.998413568770963,-0.310062229168357,0.756513634472751,NA
"ENSMUSG00000081455",2.95800875921057,3.13986512398353,3.09448206530509,1.01466580116501,0.310265161384081,NA
"ENSMUSG00000081456",0.159403309823893,1.15003076875336,7.35608336861677,0.156337375628413,0.875767097036865,NA
"ENSMUSG00000081457",0,NA,NA,NA,NA,NA
"ENSMUSG00000081458",0.142074997349226,3.16234199338107,7.24913616833546,0.436237079832259,0.662664727608538,NA
"ENSMUSG00000081459",1.45064809627285,-1.60747648663232,2.97911669522703,-0.539581577723263,0.58948562409155,NA
"ENSMUSG00000081460",0.0414066693320352,0,7.3561311249555,0,1,NA
"ENSMUSG00000081461",3.13968339300429,-0.180037677560659,1.41668006168955,-0.127084217833872,0.898873742520667,NA
"ENSMUSG00000081463",0.461295200561945,-2.29374129475605,7.2490810372702,-0.316418216731622,0.751685091778179,NA
"ENSMUSG00000081464",0.0352597853922181,1.155567702399,7.35595536263211,0.157092810577567,0.875171703562209,NA
"ENSMUSG00000081465",0,NA,NA,NA,NA,NA
"ENSMUSG00000081466",4.09985164617904,0.764665287057122,1.31875752829417,0.579837665871924,0.562024094574764,NA
"ENSMUSG00000081467",0.700363631624913,3.15415800146175,5.76714294977925,0.546918643933125,0.584434626389002,NA
"ENSMUSG00000081469",0.081236158750911,0,7.3561311249555,0,1,NA
"ENSMUSG00000081470",0.445178322683498,-2.88168949101795,7.27780924777301,-0.395955622483475,0.692137766415769,NA
"ENSMUSG00000081471",90.4417333016478,0.208941838174542,0.783606691309614,0.26664121234767,0.789745421170174,0.893805713835929
"ENSMUSG00000081473",4.03564220328584,0.700745390491801,1.35415298925799,0.517478745792065,0.60482200210294,NA
"ENSMUSG00000081474",0.151886719354068,1.15502768572492,7.35597990429715,0.157018874541811,0.875229972882486,NA
"ENSMUSG00000081475",0,NA,NA,NA,NA,NA
"ENSMUSG00000081476",1.23460998610706,3.11751531094508,6.71660915745741,0.464150174271153,0.642540156220528,NA
"ENSMUSG00000081477",0.721762656316712,0.866779458794924,4.26492960046963,0.203234177347143,0.838952000561343,NA
"ENSMUSG00000081478",0.116160669123094,-2.55298619435162,7.29475868705983,-0.349975414386272,0.726357148756595,NA
"ENSMUSG00000081480",2.34993767352985,-0.652144264685159,2.54059087215472,-0.256689997524892,0.797418093713627,NA
"ENSMUSG00000081481",5.5690263693636,0.336149403907106,1.23393706656763,0.272420217379605,0.785298929120566,NA
"ENSMUSG00000081483",1.41211068325059,0.947911526210382,2.19076509942428,0.432685150251612,0.665243519397326,NA
"ENSMUSG00000081484",1.13979480959816,-2.87256924738186,2.69888691281528,-1.06435332052702,0.287168671620587,NA
"ENSMUSG00000081485",1121.58576301393,-0.664118543752661,0.308499937467225,-2.15273477591294,0.0313395287625264,0.126342268277966
"ENSMUSG00000081486",0,NA,NA,NA,NA,NA
"ENSMUSG00000081487",4.50004339552708,0.873277476064202,1.20888560918035,0.722382224945424,0.470059512200098,NA
"ENSMUSG00000081488",0.373033053754259,2.14532250756695,7.28522274256929,0.294475897769236,0.768394278154472,NA
"ENSMUSG00000081490",1.80733431712535,-1.67144335703236,2.82298721282376,-0.592083219307415,0.553794863254002,NA
"ENSMUSG00000081491",1.54027901616903,0.939939581329371,2.14066306510263,0.439088054842628,0.660597734065608,NA
"ENSMUSG00000081492",0.231387159000424,1.15720270084811,7.35587227613953,0.157316856166979,0.874995136365678,NA
"ENSMUSG00000081494",32.4178469983759,-0.611356255758348,0.637790880418346,-0.958552833739706,0.337784063249246,NA
"ENSMUSG00000081495",0,NA,NA,NA,NA,NA
"ENSMUSG00000081496",0.699403694596181,-2.89722954998449,5.28588785196666,-0.548106511360537,0.583618769877745,NA
"ENSMUSG00000081497",1.20225695144698,0.455315585535575,3.34597732928148,0.136078502849077,0.891759221674195,NA
"ENSMUSG00000081498",0.177799677287048,3.16422543336773,7.24911223784201,0.436498336561788,0.662475205853815,NA
"ENSMUSG00000081499",2.20695076219209,-0.272474776502625,1.70254010062812,-0.160040152007051,0.872849445108279,NA
"ENSMUSG00000081500",0.121854238126367,0,7.3561311249555,0,1,NA
"ENSMUSG00000081501",0.0380762098104571,-1.67431590235222,7.3501929692546,-0.227792101425878,0.819807867435575,NA
"ENSMUSG00000081502",0,NA,NA,NA,NA,NA
"ENSMUSG00000081504",1.94055418350295,0.284470791261383,1.95771822700797,0.145307321215549,0.884468234582234,NA
"ENSMUSG00000081505",0.245284617145254,-1.66348951172926,7.34991758789465,-0.226327641342406,0.820946601414898,NA
"ENSMUSG00000081506",0.128158204187596,1.14437243179935,7.35593912973302,0.155571220970787,0.876371011037159,NA
"ENSMUSG00000081507",0,NA,NA,NA,NA,NA
"ENSMUSG00000081508",0.0825853837309945,-1.67045354200642,7.35009506178905,-0.227269651339697,0.820214070395974,NA
"ENSMUSG00000081510",0,NA,NA,NA,NA,NA
"ENSMUSG00000081511",0.285512725399191,1.16070207141463,7.35608629917882,0.157787990000091,0.874623862691945,NA
"ENSMUSG00000081512",0.483388430261476,-1.1062586346375,7.29475463379566,-0.151651246707099,0.879462011784778,NA
"ENSMUSG00000081513",0.197357528437844,-1.11193124347796,7.29457381098137,-0.152432653680745,0.878845704084456,NA
"ENSMUSG00000081514",0.12533952503902,-1.66880080832643,7.35005316920873,-0.227046086593967,0.820387905880171,NA
"ENSMUSG00000081515",0,NA,NA,NA,NA,NA
"ENSMUSG00000081516",0.0400922426516566,0,7.3561311249555,0,1,NA
"ENSMUSG00000081517",0.702602590786674,2.57373010438654,5.78958198611153,0.444545065699146,0.656648554351734,NA
"ENSMUSG00000081519",0,NA,NA,NA,NA,NA
"ENSMUSG00000081520",1.89629976410117,0.278231618675579,1.72121084916126,0.161648771160814,0.871582448512585,NA
"ENSMUSG00000081522",0.122754438449375,0,7.3561311249555,0,1,NA
"ENSMUSG00000081523",0.489764195562404,-0.368954536833557,7.12474672789661,-0.051784933685984,0.958700060619999,NA
"ENSMUSG00000081524",0.552950127627468,1.14350070012242,6.32141563621093,0.180893136273481,0.856451456437759,NA
"ENSMUSG00000081525",0.111474083504936,1.16193487759449,7.35611674785416,0.157954926141355,0.874492316468461,NA
"ENSMUSG00000081526",0,NA,NA,NA,NA,NA
"ENSMUSG00000081528",21.2305164573687,1.38596762521187,0.577740516828727,2.3989448287608,0.016442391860551,NA
"ENSMUSG00000081529",0.123760989565479,0,7.3561311249555,0,1,NA
"ENSMUSG00000081530",0,NA,NA,NA,NA,NA
"ENSMUSG00000081531",0.147798017293832,2.71681105734046,7.26154642653557,0.37413670556626,0.708302611377073,NA
"ENSMUSG00000081532",0.502180763183728,-0.445904787362552,4.37090621291302,-0.102016553465551,0.918743535869693,NA
"ENSMUSG00000081533",0,NA,NA,NA,NA,NA
"ENSMUSG00000081534",313.084794452818,0.0634891735880415,0.355476864068689,0.17860282905999,0.858249572941324,0.932917039882064
"ENSMUSG00000081536",0.147198475145796,-0.113185866369171,7.22271777187582,-0.0156708139434576,0.987497011237076,NA
"ENSMUSG00000081537",0.285134530127258,1.12693247758603,7.35549465253054,0.153209611429508,0.87823297833503,NA
"ENSMUSG00000081538",0.0355187493373064,1.16171280725677,7.35565536667627,0.157934643392857,0.874508299155349,NA
"ENSMUSG00000081539",0.0710374986746129,2.16226366003378,7.28481246100722,0.296818026765623,0.766605441993722,NA
"ENSMUSG00000081540",0.116599899872525,-2.54946795870914,7.29486653829589,-0.349487950920718,0.726723015017373,NA
"ENSMUSG00000081541",1.91388718556424,1.32656381736638,2.54948545179531,0.520326098127852,0.602836308855428,NA
"ENSMUSG00000081542",0,NA,NA,NA,NA,NA
"ENSMUSG00000081543",0.583544985173989,0,5.39447031588149,0,1,NA
"ENSMUSG00000081544",0.161642647874713,-1.66054091442302,7.34984388165105,-0.22592873279507,0.82125684999533,NA
"ENSMUSG00000081546",1.05447634028801,0.745268234592405,2.63999602418983,0.282298998848347,0.777714253174944,NA
"ENSMUSG00000081547",0.0406180793754555,0,7.3561311249555,0,1,NA
"ENSMUSG00000081548",0.146920371745776,2.7417742319382,7.26113671837661,0.377595731670947,0.705730935987892,NA
"ENSMUSG00000081550",14.3190990543188,-0.70991313523943,0.848577588721341,-0.836591897635602,0.402822001475423,NA
"ENSMUSG00000081551",9.69187583500891,0.961557001241286,1.02705135607529,0.936230691438567,0.349154424259481,NA
"ENSMUSG00000081552",36.5709604667775,-1.12401516405884,0.501936475120914,-2.23935740830166,0.0251326703020084,NA
"ENSMUSG00000081553",86.692314821081,0.00724479709821522,0.452821841268385,0.0159992218527314,0.987235012487661,0.999469284969329
"ENSMUSG00000081555",0.0380762098104571,-1.67431590235222,7.3501929692546,-0.227792101425878,0.819807867435575,NA
"ENSMUSG00000081556",1.92459315388424,-3.17981252597915,2.28929287631307,-1.38899332579074,0.164834779576703,NA
"ENSMUSG00000081557",15.1268647038262,-0.0512282208553829,0.842645660476664,-0.0607944991093936,0.951522871294518,NA
"ENSMUSG00000081559",29.2106533442731,-1.78959986747826,1.46359696346222,-1.22274089941049,0.221427574015352,NA
"ENSMUSG00000081560",0.274138112955219,-3.55134474144867,7.25422746967227,-0.489555194718634,0.624448688350085,NA
"ENSMUSG00000081561",0,NA,NA,NA,NA,NA
"ENSMUSG00000081562",2.64628442705209,0.197175586287049,1.8662712421031,0.105652159149628,0.915858339283325,NA
"ENSMUSG00000081563",0.169900776598353,0,7.3561311249555,0,1,NA
"ENSMUSG00000081564",1.6743031285076,-0.0855124472754986,1.91472013414573,-0.0446605463380949,0.964377881761404,NA
"ENSMUSG00000081565",2.26929440486988,-0.262413810316039,2.26708037604911,-0.115749672172344,0.907850938092166,NA
"ENSMUSG00000081566",0,NA,NA,NA,NA,NA
"ENSMUSG00000081567",0.0762057241586818,1.14716085993343,7.35601017505334,0.155948786452721,0.876073389679146,NA
"ENSMUSG00000081568",8.66956412225203,-0.0477712346850779,0.850079154961973,-0.0561962193829055,0.95518549290084,NA
"ENSMUSG00000081569",6.48754695607142,1.24349724028252,1.04367559956819,1.19145953090884,0.233473234651116,NA
"ENSMUSG00000081570",0.158584077386861,1.13662075263732,7.35574154005127,0.15452157290309,0.877198502775479,NA
"ENSMUSG00000081571",0.0763760080512503,1.14882100182573,7.35605250766171,0.156173572799973,0.875896206965128,NA
"ENSMUSG00000081572",5.3660378526336,0.404260525519565,1.19357197960224,0.338698069683477,0.734837194976723,NA
"ENSMUSG00000081573",0,NA,NA,NA,NA,NA
"ENSMUSG00000081574",3.74693169943262,0.170425460440044,1.64180536715756,0.10380369308641,0.917325135645978,NA
"ENSMUSG00000081575",2.4026749541708,-0.933609013729637,1.78996807578399,-0.521578583640787,0.6019637778451,NA
"ENSMUSG00000081576",0,NA,NA,NA,NA,NA
"ENSMUSG00000081577",0.0832660290673223,1.13615218162227,7.35572961622746,0.154458121885803,0.877248528797859,NA
"ENSMUSG00000081578",0.171860554016677,0,7.3561311249555,0,1,NA
"ENSMUSG00000081579",0,NA,NA,NA,NA,NA
"ENSMUSG00000081580",0.0474375977968173,0,7.3561311249555,0,1,NA
"ENSMUSG00000081583",0.0355187493373064,1.16171280725677,7.35565536667627,0.157934643392857,0.874508299155349,NA
"ENSMUSG00000081584",0.122138291711728,0,7.3561311249555,0,1,NA
"ENSMUSG00000081585",0.27092101476224,2.73066109361252,7.26149199133261,0.376046836775675,0.706882076415673,NA
"ENSMUSG00000081586",0.0352597853922182,1.155567702399,7.3559553626321,0.157092810577567,0.875171703562209,NA
"ENSMUSG00000081587",0.322057196936635,-1.66301004742785,7.34990540278965,-0.226262782483793,0.820997043073273,NA
"ENSMUSG00000081588",0.0880952769821188,0,7.3561311249555,0,1,NA
"ENSMUSG00000081589",0.0458031061454344,0,7.3561311249555,0,1,NA
"ENSMUSG00000081590",0,NA,NA,NA,NA,NA
"ENSMUSG00000081591",0,NA,NA,NA,NA,NA
"ENSMUSG00000081592",0,NA,NA,NA,NA,NA
"ENSMUSG00000081593",0.293166805041075,3.74011664408575,7.23729209174095,0.516783984489709,0.605306961196857,NA
"ENSMUSG00000081594",32.4570192660187,0.987520385822176,0.504028802239348,1.95925387881551,0.0500830621390743,NA
"ENSMUSG00000081595",0.359609526218064,2.72758700074729,7.26136744146004,0.375629937850778,0.707192030818972,NA
"ENSMUSG00000081596",0.0881016015159983,0,7.3561311249555,0,1,NA
"ENSMUSG00000081597",0.0707796569082701,2.15722493634817,7.28506251348304,0.296116187384203,0.767141352313003,NA
"ENSMUSG00000081598",0.188090009665809,-1.1158558489063,7.29402103058211,-0.152982263723642,0.878412262139781,NA
"ENSMUSG00000081599",0.0710374986746129,2.16226366003378,7.28481246100722,0.296818026765623,0.766605441993722,NA
"ENSMUSG00000081600",6.37222650869692,-1.31663990579615,1.29762403419216,-1.01465437684794,0.310270609039179,NA
"ENSMUSG00000081601",0.436070003019753,-1.89475563732426,6.67689286541949,-0.28377804998751,0.77658047687403,NA
"ENSMUSG00000081602",0.175584087464176,0,7.3561311249555,0,1,NA
"ENSMUSG00000081603",3.49796994911669,-1.46624983346869,6.2177243422171,-0.235817761091972,0.813574085432472,NA
"ENSMUSG00000081604",201.289313981711,1.52207378729844,7.15025878789487,0.212869748137684,0.831428559071672,0.917057722207484
"ENSMUSG00000081605",0.276540018833498,1.15984825766974,7.35574304895932,0.157679278619423,0.874709529477479,NA
"ENSMUSG00000081606",0,NA,NA,NA,NA,NA
"ENSMUSG00000081607",1.95496500314765,0,2.83551568582336,0,1,NA
"ENSMUSG00000081608",1.50606562069726,-1.52788201704147,2.24526784508215,-0.680489866894065,0.496194335806454,NA
"ENSMUSG00000081609",0,NA,NA,NA,NA,NA
"ENSMUSG00000081610",0,NA,NA,NA,NA,NA
"ENSMUSG00000081611",0.278554797408886,-1.66507364375437,7.34995749984163,-0.226541941744595,0.820779942205129,NA
"ENSMUSG00000081612",0.0856579684924348,-1.66096835886649,7.34985469317896,-0.225986557313568,0.821211875610589,NA
"ENSMUSG00000081613",1.66779122800603,1.95671623104309,2.49419498378519,0.784508125372612,0.432742016078426,NA
"ENSMUSG00000081614",0.994476581401211,2.15044246725311,2.85324798872719,0.753682286204784,0.451040020907802,NA
"ENSMUSG00000081615",0.0474375977968173,0,7.3561311249555,0,1,NA
"ENSMUSG00000081616",0,NA,NA,NA,NA,NA
"ENSMUSG00000081617",0.558427950748604,-4.06650198155445,6.01834605240514,-0.675684306974894,0.499241101631877,NA
"ENSMUSG00000081618",0.0407969102058399,0,7.3561311249555,0,1,NA
"ENSMUSG00000081619",1.34494013855269,1.508486958399,2.58933592360347,0.582576769838229,0.560178247349788,NA
"ENSMUSG00000081620",32.6036565089299,-0.796465346003254,1.26496428627801,-0.629634650276765,0.528933647622859,NA
"ENSMUSG00000081621",0,NA,NA,NA,NA,NA
"ENSMUSG00000081622",4.39566386392135,2.732285762882,1.9395603499748,1.40871397114171,0.158919762050446,NA
"ENSMUSG00000081623",0.608672800819939,0.116525287985218,5.1846313635615,0.0224751346458648,0.982068946667314,NA
"ENSMUSG00000081624",0.0427517828843511,0,7.3561311249555,0,1,NA
"ENSMUSG00000081625",0.0419195223311899,0,7.3561311249555,0,1,NA
"ENSMUSG00000081626",0.114119077195533,-1.68294152905425,7.35040995448053,-0.228958866168872,0.818900886950944,NA
"ENSMUSG00000081627",0.272494320921594,1.35150972439291,7.2550371003952,0.186285708217714,0.852220714488966,NA
"ENSMUSG00000081628",0.32818399116492,-1.64532060497394,7.34945818690865,-0.223869646323684,0.822858735027447,NA
"ENSMUSG00000081629",1.40952949955238,-1.57974356197876,2.67031514014948,-0.591594429521276,0.554122204946229,NA
"ENSMUSG00000081630",0.147367900779091,-1.11320436863737,7.2940643735719,-0.152617842621567,0.878699653464165,NA
"ENSMUSG00000081631",1.86317411025356,-0.25745225496025,1.911006516838,-0.134720762431641,0.892832656797663,NA
"ENSMUSG00000081632",0.450556840317039,0,7.3561311249555,0,1,NA
"ENSMUSG00000081633",0.191362423368669,-1.8816778667274,7.34140597953853,-0.256310286063989,0.797711255354212,NA
"ENSMUSG00000081635",5.04362999226178,0.0134491840089293,1.12471911756056,0.0119578157772402,0.990459270781415,NA
"ENSMUSG00000081636",0.384848156857713,2.73708090220993,7.26121106200333,0.376945509342458,0.706214100122888,NA
"ENSMUSG00000081638",0,NA,NA,NA,NA,NA
"ENSMUSG00000081639",0.0380762098104571,-1.67431590235222,7.3501929692546,-0.227792101425878,0.819807867435575,NA
"ENSMUSG00000081640",109.215455632522,-3.52200133325167,1.42362661958889,-2.47396422965787,0.0133623074895659,0.0745829528708973
"ENSMUSG00000081641",0.490822223312003,-1.58674687909797,5.27318636063353,-0.30090855330729,0.763484227833804,NA
"ENSMUSG00000081642",11.082603781376,-0.844963945810674,0.9023539578779,-0.936399667152575,0.349067449270859,NA
"ENSMUSG00000081643",1.83744519201098,0,2.73904796787099,0,1,NA
"ENSMUSG00000081646",0,NA,NA,NA,NA,NA
"ENSMUSG00000081647",7.16191456000184,-0.714615121437439,1.23058199632568,-0.580713128886306,0.56143381176333,NA
"ENSMUSG00000081648",83.1323725040989,0.0450915524206365,0.477970754384458,0.0943395636804316,0.924839422769457,0.968710341671048
"ENSMUSG00000081649",0.384162266736554,0.394050182802311,7.29564755112205,0.0540116802574581,0.95692585832699,NA
"ENSMUSG00000081650",84.0112398564877,0.643065644375497,0.493661388852005,1.30264521167217,0.192695914858756,0.388338250434007
"ENSMUSG00000081651",5.10045709149837,0.524884938272725,1.34972051180369,0.388884168005493,0.697361834274139,NA
"ENSMUSG00000081652",0.0406180793754555,0,7.3561311249555,0,1,NA
"ENSMUSG00000081653",0.604377079686776,-1.8357841543887,4.57149807515658,-0.401571678300623,0.687999276679238,NA
"ENSMUSG00000081654",0.0829979747142444,0,7.3561311249555,0,1,NA
"ENSMUSG00000081656",0.174236805335833,0,7.3561311249555,0,1,NA
"ENSMUSG00000081657",1.48102612612466,0.420845990440886,2.83519439302851,0.148436379345172,0.881998391497414,NA
"ENSMUSG00000081658",0.127846263447059,0,7.3561311249555,0,1,NA
"ENSMUSG00000081659",4.68747246492994,0.780210487732829,1.21369669660663,0.642838107670736,0.520329153165771,NA
"ENSMUSG00000081660",0.0710374986746129,2.16226366003378,7.28481246100722,0.296818026765623,0.766605441993722,NA
"ENSMUSG00000081661",0.921586834210797,-0.170482839739085,2.75277756782174,-0.0619312078578101,0.950617614914137,NA
"ENSMUSG00000081662",1.36389677814935,0,3.23707519696978,0,1,NA
"ENSMUSG00000081663",0.177214213061022,0,7.3561311249555,0,1,NA
"ENSMUSG00000081664",0.481460801636439,-3.12917305337051,7.26793974893396,-0.430544715760678,0.666799446551223,NA
"ENSMUSG00000081665",4.14773228459195,-1.8192294749219,3.50572412058232,-0.518931157258237,0.603808749401807,NA
"ENSMUSG00000081666",0.298668053887346,-1.65287402574437,7.3496495518814,-0.22489154266155,0.822063648764673,NA
"ENSMUSG00000081667",0,NA,NA,NA,NA,NA
"ENSMUSG00000081668",0,NA,NA,NA,NA,NA
"ENSMUSG00000081669",0,NA,NA,NA,NA,NA
"ENSMUSG00000081670",4.59594092413814,-0.874989782774172,1.32098541156146,-0.662376567610913,0.50772991719757,NA
"ENSMUSG00000081671",1.29841840258691,-3.11499915889017,7.26823872897362,-0.428576891189985,0.668231165704925,NA
"ENSMUSG00000081672",0.0380762098104571,-1.67431590235222,7.3501929692546,-0.227792101425878,0.819807867435575,NA
"ENSMUSG00000081673",0.167316808043538,0,7.3561311249555,0,1,NA
"ENSMUSG00000081674",0.151591326964931,0.769206298910386,7.27891399840904,0.105675970217331,0.915839446562578,NA
"ENSMUSG00000081675",1.22512058826964,2.5962696094896,3.44346083967078,0.753970999053912,0.450866636015404,NA
"ENSMUSG00000081676",2.05219485208455,-1.38241204288214,1.62361020955828,-0.851443305014842,0.394523144578802,NA
"ENSMUSG00000081677",0.442121066037498,-0.120820592446842,7.17259695310547,-0.0168447485947933,0.986560470736396,NA
"ENSMUSG00000081678",0,NA,NA,NA,NA,NA
"ENSMUSG00000081679",0.105779356176654,2.73700805459944,7.26138740136681,0.37692632320984,0.70622835866343,NA
"ENSMUSG00000081680",1.40968560078367,-0.255378400778932,2.74604871279524,-0.0929984961989181,0.925904755905783,NA
"ENSMUSG00000081681",0,NA,NA,NA,NA,NA
"ENSMUSG00000081683",0.294986970162814,-2.55186157443799,7.29479101271215,-0.349819695998285,0.726474016590037,NA
"ENSMUSG00000081684",4.38558487275825,0.133120965426209,1.96917988069055,0.0676022372214804,0.946102274430599,NA
"ENSMUSG00000081685",0.196771188839902,-1.12168383691594,7.29461146876711,-0.153768825347119,0.877792015215135,NA
"ENSMUSG00000081686",0,NA,NA,NA,NA,NA
"ENSMUSG00000081687",0.0355187493373064,1.16171280725677,7.35565536667627,0.157934643392857,0.874508299155349,NA
"ENSMUSG00000081688",0.0737120575915865,1.16413681454508,7.35553539786266,0.158266768029333,0.874246593338661,NA
"ENSMUSG00000081689",0.285134893359444,-0.469246158826311,7.34054401530645,-0.0639252564725233,0.949029741647282,NA
"ENSMUSG00000081690",0,NA,NA,NA,NA,NA
"ENSMUSG00000081691",0.253795298794507,0,7.3561311249555,0,1,NA
"ENSMUSG00000081692",0.24636027185773,1.13001946408318,7.35557331205822,0.1536276529568,0.877903331865064,NA
"ENSMUSG00000081693",0.16651945317518,0,7.3561311249555,0,1,NA
"ENSMUSG00000081694",0.0458889004883164,0,7.3561311249555,0,1,NA
"ENSMUSG00000081695",9.26133025561648,-0.891804482787099,0.793523172334469,-1.12385436730662,0.26107481276947,NA
"ENSMUSG00000081696",0.0427517828843511,0,7.3561311249555,0,1,NA
"ENSMUSG00000081697",0,NA,NA,NA,NA,NA
"ENSMUSG00000081698",0,NA,NA,NA,NA,NA
"ENSMUSG00000081699",0.149361707414002,0.755145586413265,7.27925944871114,0.103739342131427,0.917376204569279,NA
"ENSMUSG00000081700",1.00001031778112,0.0216948130732666,2.84718773082891,0.00761973397059788,0.993920390738194,NA
"ENSMUSG00000081701",0,NA,NA,NA,NA,NA
"ENSMUSG00000081703",6.85605623593701,-0.210986167808464,1.28169350994505,-0.164615148763225,0.869246906899995,NA
"ENSMUSG00000081704",0,NA,NA,NA,NA,NA
"ENSMUSG00000081705",0.249852381127968,-2.73842243609743,7.28506100838073,-0.375895607867546,0.70699450588698,NA
"ENSMUSG00000081706",0.852319507311469,-0.29622177155055,2.7587756063186,-0.107374362333817,0.914491992796032,NA
"ENSMUSG00000081707",1.32669634431712,-0.796752113555316,2.24135531811465,-0.355477825008805,0.722231654634087,NA
"ENSMUSG00000081709",0.22822991248363,1.35049808702154,7.25511889933364,0.186144170172811,0.852331704387644,NA
"ENSMUSG00000081711",0.221194285505131,-0.698065353704397,7.19542872149781,-0.0970151162249423,0.922714390064482,NA
"ENSMUSG00000081712",0.703347620641794,0,4.58161927613704,0,1,NA
"ENSMUSG00000081713",0.0736101933614231,-0.239664701066165,7.35020761543263,-0.0326065212855975,0.973988369363301,NA
"ENSMUSG00000081714",0.0355187493373064,1.16171280725677,7.35565536667627,0.157934643392857,0.874508299155349,NA
"ENSMUSG00000081715",3.61155293341796,-1.78844889891623,1.36531102884596,-1.30992049513284,0.190222732972636,NA
"ENSMUSG00000081716",0,NA,NA,NA,NA,NA
"ENSMUSG00000081717",0,NA,NA,NA,NA,NA
"ENSMUSG00000081718",0.358402389721581,-1.89297362699309,7.3409569806104,-0.25786469420717,0.796511333512935,NA
"ENSMUSG00000081719",0.167334965513464,0,7.3561311249555,0,1,NA
"ENSMUSG00000081720",0.0355187493373064,1.16171280725677,7.35565536667627,0.157934643392857,0.874508299155349,NA
"ENSMUSG00000081721",4.4392333805286,1.73116543508131,1.89689358868485,0.912631813090559,0.361436216816514,NA
"ENSMUSG00000081722",0.0406180793754555,0,7.3561311249555,0,1,NA
"ENSMUSG00000081723",1.6101822193897,1.15181331286292,4.07586200530382,0.28259379521782,0.777488237239987,NA
"ENSMUSG00000081724",5.9461524007137,-0.489492670088172,1.15351834780881,-0.42434753726978,0.671312375379502,NA
"ENSMUSG00000081728",0.0380762098104571,-1.67431590235222,7.3501929692546,-0.227792101425878,0.819807867435575,NA
"ENSMUSG00000081729",0.309801608143318,0.768886145841101,7.22062208652117,0.106484751123645,0.915197753458126,NA
"ENSMUSG00000081730",3.41792291328855,0.418899843576803,1.34931426722334,0.310453875536964,0.75621582976642,NA
"ENSMUSG00000081731",0.249081517648763,-0.466823237297273,7.34093074011938,-0.0635918324015793,0.949295235379477,NA
"ENSMUSG00000081732",0.528990213883563,0.891344841723281,7.1474826131689,0.124707521509884,0.900755102587218,NA
"ENSMUSG00000081733",0.861759916232633,0.0614650187861392,2.69889320198805,0.0227741574734647,0.9818304220259,NA
"ENSMUSG00000081734",0,NA,NA,NA,NA,NA
"ENSMUSG00000081735",0.523304064327643,-0.244786008047873,4.00886789543429,-0.0610611310805877,0.951310524265097,NA
"ENSMUSG00000081736",0,NA,NA,NA,NA,NA
"ENSMUSG00000081737",0.121854238126367,0,7.3561311249555,0,1,NA
"ENSMUSG00000081738",9.75537489365834,3.45245226992768,2.02645337996302,1.70369192998197,0.0884386565847399,NA
"ENSMUSG00000081739",314.121320668348,0.397740322350924,0.379372648189733,1.0484159157199,0.294447023844409,0.505753054856991
"ENSMUSG00000081740",3.20228716095349,0.0809078928621053,1.81632534456892,0.0445448240338835,0.964470123003234,NA
"ENSMUSG00000081741",0.0891455316372748,0,7.3561311249555,0,1,NA
"ENSMUSG00000081742",0.0406180793754555,0,7.3561311249555,0,1,NA
"ENSMUSG00000081743",0.0474375977968173,0,7.3561311249555,0,1,NA
"ENSMUSG00000081744",0.210122607706848,0,7.3561311249555,0,1,NA
"ENSMUSG00000081745",5.792779621642,-1.0404387208689,1.03861561479641,-1.0017553231884,0.316461779765602,NA
"ENSMUSG00000081746",0,NA,NA,NA,NA,NA
"ENSMUSG00000081747",2.08817615414239,-1.02003175012717,1.8374090696258,-0.555146791745674,0.57879425963272,NA
"ENSMUSG00000081748",0.531085450776166,-0.084086697926184,6.2235026868389,-0.0135111531491752,0.989219987488771,NA
"ENSMUSG00000081749",0.0355187493373065,1.16171280725677,7.35565536667627,0.157934643392857,0.874508299155349,NA
"ENSMUSG00000081750",0.879028833874922,0.116005702450463,3.16572802129244,0.0366442415994734,0.970768667506175,NA
"ENSMUSG00000081751",44.1414482141259,0.042235945354448,0.644414052698653,0.0655416268120998,0.947742764162537,NA
"ENSMUSG00000081752",383.684039532136,0.0420000964049187,0.487445869598028,0.0861636112324719,0.931336357122554,0.972279683102978
"ENSMUSG00000081755",0.0380762098104571,-1.67431590235222,7.3501929692546,-0.227792101425878,0.819807867435575,NA
"ENSMUSG00000081756",0.449465604597748,0,7.3561311249555,0,1,NA
"ENSMUSG00000081757",0.0811795149469382,0,7.3561311249555,0,1,NA
"ENSMUSG00000081758",1.36621308623896,-2.13042349515626,2.48652441970883,-0.856787682545959,0.391562234243916,NA
"ENSMUSG00000081761",0.0857140292138548,0,7.3561311249555,0,1,NA
"ENSMUSG00000081762",0,NA,NA,NA,NA,NA
"ENSMUSG00000081763",0.927472552497703,-1.71888416793841,2.59501803855583,-0.662378504657714,0.507728676093711,NA
"ENSMUSG00000081765",0,NA,NA,NA,NA,NA
"ENSMUSG00000081766",0,NA,NA,NA,NA,NA
"ENSMUSG00000081767",0.36146540591062,-2.10722311963877,7.25431975342004,-0.290478389603011,0.771450281014706,NA
"ENSMUSG00000081768",0.860924717887255,-2.51833785635932,4.02918053149048,-0.625024824943183,0.531954765069003,NA
"ENSMUSG00000081769",423.481031232809,-0.594636105904442,0.247077070279022,-2.40668268096641,0.0160981505068138,0.0835329227085852
"ENSMUSG00000081770",0.0839111955512218,0,7.3561311249555,0,1,NA
"ENSMUSG00000081771",0.206441469376812,1.15222803286392,7.35611889108182,0.156635319510784,0.875532265167203,NA
"ENSMUSG00000081772",0.106556248011919,2.74727956207311,7.26104728326191,0.378358583121489,0.705164231160339,NA
"ENSMUSG00000081773",1.93031245308915,-1.70270320805115,1.97768146286743,-0.860959279854102,0.389260470581655,NA
"ENSMUSG00000081774",0.0414066693320352,0,7.3561311249555,0,1,NA
"ENSMUSG00000081775",0.120651184403552,1.15573595856863,7.35594713292614,0.157115859818433,0.875153538490815,NA
"ENSMUSG00000081777",0.304598571807797,3.47956790391451,7.24193519963188,0.480474874187136,0.630889765085039,NA
"ENSMUSG00000081778",0.256427191932524,-0.107088088776697,7.17146525017394,-0.0149325256472657,0.98808601109808,NA
"ENSMUSG00000081779",0,NA,NA,NA,NA,NA
"ENSMUSG00000081781",0,NA,NA,NA,NA,NA
"ENSMUSG00000081782",0.316983214560808,-0.214622811959463,7.34954356903204,-0.029202196019872,0.976703329811375,NA
"ENSMUSG00000081783",5.49380173132714,-2.65330645215591,2.07637774117575,-1.2778534461911,0.201301105342339,NA
"ENSMUSG00000081784",0.0820291175768082,0,7.3561311249555,0,1,NA
"ENSMUSG00000081786",0.0380762098104571,-1.67431590235222,7.3501929692546,-0.227792101425878,0.819807867435575,NA
"ENSMUSG00000081787",0,NA,NA,NA,NA,NA
"ENSMUSG00000081788",0.162354276512539,0,7.3561311249555,0,1,NA
"ENSMUSG00000081789",0.194809542498491,0,7.3561311249555,0,1,NA
"ENSMUSG00000081791",0.167547515131468,-1.93062761142015,7.33949571335623,-0.263046357245886,0.792514848936682,NA
"ENSMUSG00000081792",1.32933932400557,-1.18948809774543,2.34642895570141,-0.506935483750821,0.612200087350697,NA
"ENSMUSG00000081793",0.189848780588849,2.15078219238678,7.28508683434401,0.295230824462842,0.767817556341683,NA
"ENSMUSG00000081796",0.411392107128797,1.76443617900886,7.24316910125417,0.243600025671545,0.807540608411256,NA
"ENSMUSG00000081797",2.56474909702594,-0.683571516928883,1.51677285940847,-0.450674939684424,0.652223846602843,NA
"ENSMUSG00000081798",1.75403060701587,-1.78584909012955,2.82338763262895,-0.632519980427446,0.527047156641033,NA
"ENSMUSG00000081799",0.0736030268770836,-0.234012813702098,7.34998546559501,-0.0318385410144691,0.974600810920613,NA
"ENSMUSG00000081800",13.7752000457959,-0.194873779433243,0.715956525786276,-0.272186609681683,0.78547853722407,NA
"ENSMUSG00000081801",0.284991718933778,1.15280889807631,7.35608720152677,0.156714958169208,0.875469497836205,NA
"ENSMUSG00000081803",0,NA,NA,NA,NA,NA
"ENSMUSG00000081804",0.0355187493373064,1.16171280725677,7.35565536667627,0.157934643392857,0.874508299155349,NA
"ENSMUSG00000081805",12.5188085762021,-0.676489292859466,0.899220374463926,-0.752306455759255,0.451866786441052,NA
"ENSMUSG00000081806",0,NA,NA,NA,NA,NA
"ENSMUSG00000081807",7.93530179698496,0.899535802399561,1.19022440368593,0.755769920036799,0.449787154426942,NA
"ENSMUSG00000081809",3.63215362621215,0.261981091603813,1.29751397097704,0.201910035239574,0.839987056665257,NA
"ENSMUSG00000081810",2.95053216256286,0.0620703458254417,1.48114755541518,0.0419069292579987,0.966572892503294,NA
"ENSMUSG00000081811",0.196029745402828,-1.67464501710054,7.35020033812782,-0.227836649351396,0.819773233827577,NA
"ENSMUSG00000081812",0.0763959337236786,0,7.3561311249555,0,1,NA
"ENSMUSG00000081813",0,NA,NA,NA,NA,NA
"ENSMUSG00000081814",0.0352597853922182,1.155567702399,7.3559553626321,0.157092810577567,0.875171703562209,NA
"ENSMUSG00000081816",0.121962460457861,-2.52786319406837,7.29553428860007,-0.346494594373764,0.728971045979285,NA
"ENSMUSG00000081817",0.407496469341145,2.15514004118064,7.28498443089324,0.295833170492637,0.767357489800719,NA
"ENSMUSG00000081819",0,NA,NA,NA,NA,NA
"ENSMUSG00000081820",0.122023896962018,-1.6670373704865,7.35000823770345,-0.226807551307912,0.82057339161981,NA
"ENSMUSG00000081821",0.0761524196209141,-2.55627499047924,7.29465809108018,-0.350431090609309,0.726015196884991,NA
"ENSMUSG00000081822",0.0352597853922181,1.155567702399,7.35595536263211,0.157092810577567,0.875171703562209,NA
"ENSMUSG00000081823",0.223179867490062,0.473844386959435,7.19882265856217,0.0658224836801407,0.94751915566339,NA
"ENSMUSG00000081824",3.49024749326658,4.45183801027753,2.19061250815313,2.03223436080478,0.0421299359041318,NA
"ENSMUSG00000081827",0.0381979668618393,0,7.3561311249555,0,1,NA
"ENSMUSG00000081828",0.035583895638899,0,7.3561311249555,0,1,NA
"ENSMUSG00000081829",1.0577350668369,2.13960380182072,2.82071021715863,0.758533715659737,0.448131536954164,NA
"ENSMUSG00000081830",0,NA,NA,NA,NA,NA
"ENSMUSG00000081831",0.0406180793754555,0,7.3561311249555,0,1,NA
"ENSMUSG00000081832",0.0356013562036038,1.16280349110367,7.35421680077287,0.158113844424802,0.874367091565744,NA
"ENSMUSG00000081833",0.423799834987899,0,7.3561311249555,0,1,NA
"ENSMUSG00000081834",0.317889117065597,0,7.3561311249555,0,1,NA
"ENSMUSG00000081835",0,NA,NA,NA,NA,NA
"ENSMUSG00000081836",0,NA,NA,NA,NA,NA
"ENSMUSG00000081837",0,NA,NA,NA,NA,NA
"ENSMUSG00000081838",0.340880296101139,2.16463130491063,7.28500575591653,0.297135153689154,0.766363326906682,NA
"ENSMUSG00000081839",1.47264377173084,0.396893191684396,2.16750634853297,0.183110509435428,0.854711309855405,NA
"ENSMUSG00000081840",1.52736035412084,-1.83731699186954,2.45311409616158,-0.748973313040928,0.453873290523711,NA
"ENSMUSG00000081841",0.122412638009703,0,7.3561311249555,0,1,NA
"ENSMUSG00000081842",0.514728635828235,-1.6575474664143,5.63103678591514,-0.294359196970673,0.768483442494383,NA
"ENSMUSG00000081843",11.9666562097499,-0.95684411254262,0.889339512392017,-1.07590419542818,0.281970105413325,NA
"ENSMUSG00000081844",0.0856225924479372,-1.66409336355848,7.34993389108642,-0.226409296766138,0.820883097881461,NA
"ENSMUSG00000081845",0.0380762098104571,-1.67431590235222,7.3501929692546,-0.227792101425878,0.819807867435575,NA
"ENSMUSG00000081847",0.19901157304654,0,7.3561311249555,0,1,NA
"ENSMUSG00000081848",3.02959883916704,-0.23455311952948,1.77773747176355,-0.131939121076634,0.895032444953555,NA
"ENSMUSG00000081849",0.0406180793754555,0,7.3561311249555,0,1,NA
"ENSMUSG00000081851",13.0354640981797,0.124996568916223,0.673843865249659,0.185497821323805,0.852838588945581,NA
"ENSMUSG00000081852",0,NA,NA,NA,NA,NA
"ENSMUSG00000081853",0.0407969102058399,0,7.3561311249555,0,1,NA
"ENSMUSG00000081854",0.189139773006,1.15592186716679,7.35593488789225,0.157141394640322,0.875133414613635,NA
"ENSMUSG00000081855",4.96734660489649,-4.98441194848942,5.0268336716307,-0.991560945535022,0.321411748488334,NA
"ENSMUSG00000081856",0,NA,NA,NA,NA,NA
"ENSMUSG00000081857",1.04106361326971,-1.28386748425823,4.21307029555163,-0.304734408446448,0.760568441094379,NA
"ENSMUSG00000081858",0.122990172443436,0,7.3561311249555,0,1,NA
"ENSMUSG00000081859",0.0711026221409868,1.16237918934277,7.35562102583988,0.158025975680285,0.87443633025227,NA
"ENSMUSG00000081860",1.70822653263354,-0.668005133148727,2.25757858770614,-0.295894520255646,0.767310635994506,NA
"ENSMUSG00000081861",3.41271144713365,-0.286997494383831,1.24491706889941,-0.230535432081076,0.817675734015676,NA
"ENSMUSG00000081862",0.0406180793754555,0,7.3561311249555,0,1,NA
"ENSMUSG00000081863",0.0406180793754555,0,7.3561311249555,0,1,NA
"ENSMUSG00000081864",0.0780347164525013,1.00275295824035,7.3523354660288,0.136385637308517,0.89151642734929,NA
"ENSMUSG00000081865",2.26667410552817,-0.0639501131458047,1.77120663828705,-0.036105393782654,0.971198321517111,NA
"ENSMUSG00000081866",0.288432081516425,3.47808204228525,7.24199254384451,0.480265896606248,0.631038335314202,NA
"ENSMUSG00000081868",0.935290250515315,2.77250647556017,4.66929320828235,0.593774336261926,0.552663056183569,NA
"ENSMUSG00000081869",0.430566773402334,2.07224925063384,7.2358005561608,0.286388387096913,0.77458066814709,NA
"ENSMUSG00000081870",0,NA,NA,NA,NA,NA
"ENSMUSG00000081871",0,NA,NA,NA,NA,NA
"ENSMUSG00000081872",0.209435433646313,0,7.3561311249555,0,1,NA
"ENSMUSG00000081873",5.37026911467762,0.455842914905775,1.43503045325615,0.317653826698554,0.750747539332736,NA
"ENSMUSG00000081874",0.154435343908202,2.09316621607045,7.28651505384222,0.287265750582195,0.773908845018001,NA
"ENSMUSG00000081875",0.356782181401682,1.12465000930951,7.24567386707039,0.155216758295006,0.876650437191037,NA
"ENSMUSG00000081876",0,NA,NA,NA,NA,NA
"ENSMUSG00000081877",0.282990386909754,-0.213165681046137,7.34891849434711,-0.0290064015827781,0.976859485019136,NA
"ENSMUSG00000081878",0,NA,NA,NA,NA,NA
"ENSMUSG00000081879",0.739850282102325,-1.12100542439287,3.2493024959143,-0.344998788448423,0.73009528155905,NA
"ENSMUSG00000081880",0.512089058388638,0.628548858818939,7.15248322177897,0.0878784108021447,0.929973315891644,NA
"ENSMUSG00000081881",0.602441144564799,0.174335953906825,3.86772199512094,0.0450745824355387,0.964047861103247,NA
"ENSMUSG00000081882",0.0761524196209141,-2.55627499047924,7.29465809108018,-0.350431090609309,0.726015196884991,NA
"ENSMUSG00000081883",0,NA,NA,NA,NA,NA
"ENSMUSG00000081884",0.0425919574685933,0,7.3561311249555,0,1,NA
"ENSMUSG00000081885",1.24699265782087,-3.55444028862352,5.17042697054786,-0.687455854007912,0.49179551082094,NA
"ENSMUSG00000081886",2.08283974207463,-2.58435580116087,2.46875673684861,-1.04682480966505,0.295180385617074,NA
"ENSMUSG00000081887",4.94333460613312,2.32316717789085,1.98588950273292,1.16983708040844,0.242066538347242,NA
"ENSMUSG00000081888",0.874208759044674,1.57166680951226,4.23758257612417,0.370887594820572,0.710721255152509,NA
"ENSMUSG00000081889",0,NA,NA,NA,NA,NA
"ENSMUSG00000081890",0.070848142279595,1.17506206345755,7.35551758572499,0.159752464699156,0.873076070723347,NA
"ENSMUSG00000081891",0.0380762098104571,-1.67431590235222,7.3501929692546,-0.227792101425878,0.819807867435575,NA
"ENSMUSG00000081892",2.65623944126768,0,2.38468387181662,0,1,NA
"ENSMUSG00000081893",0,NA,NA,NA,NA,NA
"ENSMUSG00000081894",0.663494777957509,0.982504485210302,7.11349068276722,0.138118475025274,0.890146784756636,NA
"ENSMUSG00000081895",10.5521876156574,-0.239907173453212,1.79451600061009,-0.133689069014514,0.893648449229275,NA
"ENSMUSG00000081896",2.39292081264193,1.98871641184816,2.15508110545419,0.922803511577828,0.356109610515393,NA
"ENSMUSG00000081897",0.417700361312157,-0.482880139311609,5.87162730466202,-0.0822395758886477,0.934456203007943,NA
"ENSMUSG00000081898",0.193484235122884,1.15940055183153,7.35576623305,0.157617917032526,0.874757884308075,NA
"ENSMUSG00000081900",0,NA,NA,NA,NA,NA
"ENSMUSG00000081901",0.0407969102058399,0,7.3561311249555,0,1,NA
"ENSMUSG00000081903",0.0735998499894231,-0.231384242931854,7.34988226214655,-0.031481353670593,0.974885662389554,NA
"ENSMUSG00000081904",0.0829228051578849,1.13900914726464,7.35553341220093,0.154850652350423,0.876939057979141,NA
"ENSMUSG00000081905",0.193790146976258,0,7.3561311249555,0,1,NA
"ENSMUSG00000081906",1.19411605275077,-1.71879254498226,2.32477486892384,-0.739337201187959,0.459702265056874,NA
"ENSMUSG00000081907",0,NA,NA,NA,NA,NA
"ENSMUSG00000081908",0.0831099449043159,1.14717267568695,7.35601051058076,0.155950385611451,0.876072129156784,NA
"ENSMUSG00000081909",0.124718915118135,-0.480331789170913,7.34009249383205,-0.0654394736271431,0.947824096007826,NA
"ENSMUSG00000081910",0.0761916956937092,1.14939613034782,7.3560672347721,0.156251444374329,0.875834827921966,NA
"ENSMUSG00000081911",0.502806778719774,0,7.3561311249555,0,1,NA
"ENSMUSG00000081912",0.127732422189626,0,7.3561311249555,0,1,NA
"ENSMUSG00000081913",0.517818221909449,-1.86739296747421,6.45257671633393,-0.289402675794172,0.772273247580758,NA
"ENSMUSG00000081914",0.114577392496542,1.15332189356335,7.35606333835299,0.156785204329355,0.875414133867373,NA
"ENSMUSG00000081916",0.25727283345671,-1.64360192609915,7.34941477758125,-0.223637116129684,0.823039680538253,NA
"ENSMUSG00000081917",0.210585968471994,-1.8903609570212,7.34106148939774,-0.257505125076439,0.796788859434969,NA
"ENSMUSG00000081918",0.164706618364991,1.14634383655207,7.35598837200838,0.155838179531963,0.87616057534366,NA
"ENSMUSG00000081919",0.0787088995004976,-1.66940622427779,7.35006851478053,-0.227127981313469,0.820324226621473,NA
"ENSMUSG00000081920",0.0827446503793021,0,7.3561311249555,0,1,NA
"ENSMUSG00000081921",0,NA,NA,NA,NA,NA
"ENSMUSG00000081923",0.0355187493373064,1.16171280725677,7.35565536667627,0.157934643392857,0.874508299155349,NA
"ENSMUSG00000081924",1.6374864306423,-0.678829690823445,1.70072123095365,-0.39914224534188,0.68978839595172,NA
"ENSMUSG00000081925",1.22116547175197,-4.32009844050291,6.92531728232507,-0.62381234886216,0.532750828778561,NA
"ENSMUSG00000081926",0,NA,NA,NA,NA,NA
"ENSMUSG00000081928",0,NA,NA,NA,NA,NA
"ENSMUSG00000081929",3.73441358789121,0.209833127802138,1.63554921851297,0.128295208378331,0.89791535693111,NA
"ENSMUSG00000081931",0.127684638313745,-2.74152615287351,7.28506289831482,-0.37632154878274,0.706677861147607,NA
"ENSMUSG00000081932",2.14358047495746,-2.77266795861842,2.43159952046088,-1.14026505404677,0.254175892162955,NA
"ENSMUSG00000081933",0.163130612982915,0,7.3561311249555,0,1,NA
"ENSMUSG00000081934",0.299299579500031,-1.88687636004532,7.3412003921366,-0.257025589720507,0.797159018764372,NA
"ENSMUSG00000081935",0,NA,NA,NA,NA,NA
"ENSMUSG00000081936",0,NA,NA,NA,NA,NA
"ENSMUSG00000081937",0.0710374986746129,2.16226366003378,7.28481246100722,0.296818026765623,0.766605441993722,NA
"ENSMUSG00000081938",1.84410366154204,0.0915051118342765,1.79214776019568,0.0510589103569703,0.95927857804452,NA
"ENSMUSG00000081939",0.735814394566718,0.612674732003202,3.71353844516072,0.164984082176827,0.868956510942605,NA
"ENSMUSG00000081940",0,NA,NA,NA,NA,NA
"ENSMUSG00000081941",0.263222985382024,0.473217427400738,7.19884622344533,0.0657351765425347,0.947588666136873,NA
"ENSMUSG00000081942",0.249858137362349,-0.979784498903339,7.18769615640758,-0.136314123132472,0.891572959453825,NA
"ENSMUSG00000081943",2.31645675890343,1.14708812380115,2.50288537706383,0.45830629493182,0.646732402233742,NA
"ENSMUSG00000081944",5.37935622403646,1.02185811147529,1.23079598486204,0.830241668029031,0.406402160923531,NA
"ENSMUSG00000081945",119.771310686412,0.54322706175422,0.466555067905898,1.16433642912177,0.244287698960992,0.450771682701027
"ENSMUSG00000081946",2.63092739275537,-1.23762691173036,1.67432905538251,-0.739177826336903,0.459799023422289,NA
"ENSMUSG00000081947",7.18364296384268,-0.0875480562860743,0.912470709107281,-0.0959461552160149,0.923563337082896,NA
"ENSMUSG00000081948",51.4361063046457,0.421595482700422,0.847117560847408,0.497682378675614,0.618707930109206,NA
"ENSMUSG00000081949",0,NA,NA,NA,NA,NA
"ENSMUSG00000081950",0,NA,NA,NA,NA,NA
"ENSMUSG00000081951",0.0764848613843558,1.13343961231276,7.35566036790585,0.154090802949274,0.877538139856157,NA
"ENSMUSG00000081952",1.28480363009303,-5.29292326376965,5.67774571729344,-0.932222668522881,0.351221462743162,NA
"ENSMUSG00000081953",1.72801146007168,-0.440268590148043,3.21246311219546,-0.137050162063077,0.890991145556049,NA
"ENSMUSG00000081954",0.119423661126136,-1.64273315832639,7.34939169767495,-0.223519608955675,0.823131123406985,NA
"ENSMUSG00000081955",0.0425774740632087,0,7.3561311249555,0,1,NA
"ENSMUSG00000081957",0,NA,NA,NA,NA,NA
"ENSMUSG00000081958",0.775661507734306,0,5.11383824683579,0,1,NA
"ENSMUSG00000081959",0,NA,NA,NA,NA,NA
"ENSMUSG00000081960",0,NA,NA,NA,NA,NA
"ENSMUSG00000081961",0.0812361587509111,0,7.3561311249555,0,1,NA
"ENSMUSG00000081962",0.0406180793754555,0,7.3561311249555,0,1,NA
"ENSMUSG00000081964",0.0855836072758811,-1.66764366733137,7.35002387473333,-0.226889557878052,0.820509621937312,NA
"ENSMUSG00000081965",0.0380762098104571,-1.67431590235222,7.3501929692546,-0.227792101425878,0.819807867435575,NA
"ENSMUSG00000081966",0.0762745378518966,-1.67898764921016,7.35031039152978,-0.228424047390564,0.819316596452282,NA
"ENSMUSG00000081967",17.8748557649893,-6.66328459921057,2.12251884204995,-3.13932883289512,0.00169335309493956,NA
"ENSMUSG00000081968",14.8398441138374,0.256762744942431,0.736989029910268,0.348394256253303,0.72754411550887,NA
"ENSMUSG00000081969",0.392588350198005,1.14801250703518,7.35576282721842,0.156069810025304,0.875977994834508,NA
"ENSMUSG00000081970",0,NA,NA,NA,NA,NA
"ENSMUSG00000081971",0.935236077970206,-2.19983723137505,3.23637858733099,-0.679721847124575,0.496680600017407,NA
"ENSMUSG00000081972",0.0827446503793021,0,7.3561311249555,0,1,NA
"ENSMUSG00000081973",0.0832879439830665,0,7.3561311249555,0,1,NA
"ENSMUSG00000081974",106.929188229944,0.541044800465323,0.597242174327435,0.905905215207889,0.364986023710638,0.574321369687943
"ENSMUSG00000081975",4.95136821998309,0.359081712656342,1.28094541849804,0.280325537271822,0.779227759983566,NA
"ENSMUSG00000081976",0,NA,NA,NA,NA,NA
"ENSMUSG00000081978",0.224708556091397,-1.88464632634073,7.341288499935,-0.256718739000302,0.797395904610976,NA
"ENSMUSG00000081979",3.11516411035256,1.15497119179569,1.41078658207073,0.818671800876106,0.412973689507583,NA
"ENSMUSG00000081980",0.0406180793754555,0,7.3561311249555,0,1,NA
"ENSMUSG00000081982",0.0756400346057362,1.15361020086126,7.35605117070451,0.156824656883235,0.875383039908978,NA
"ENSMUSG00000081984",5.26556445924958,-0.883064563825166,1.8807551546081,-0.469526595028354,0.638693279672718,NA
"ENSMUSG00000081985",0.217515199132516,0,7.3561311249555,0,1,NA
"ENSMUSG00000081986",0.0380762098104571,-1.67431590235222,7.3501929692546,-0.227792101425878,0.819807867435575,NA
"ENSMUSG00000081987",0.0381979668618393,0,7.3561311249555,0,1,NA
"ENSMUSG00000081988",0.0962908436275792,-1.87887062382478,7.34151728597063,-0.255924020967059,0.798009506098573,NA
"ENSMUSG00000081991",0.149763059098677,-1.67453158368864,7.35019679872693,-0.227821326359408,0.819785146587264,NA
"ENSMUSG00000081992",8.80073077071267,-0.0192049651824184,0.815443489682524,-0.0235515586615272,0.981210312008411,NA
"ENSMUSG00000081993",0,NA,NA,NA,NA,NA
"ENSMUSG00000081994",0,NA,NA,NA,NA,NA
"ENSMUSG00000081995",3.80585028173519,0.911433338726143,1.43486169031392,0.635206406916291,0.525293805208149,NA
"ENSMUSG00000081996",1.27983873971099,-1.72538056709685,2.19982633241774,-0.784325808665341,0.432848959399268,NA
"ENSMUSG00000081998",0.591841639608449,-0.118210681771632,4.60122547917424,-0.0256911299623697,0.979503698788065,NA
"ENSMUSG00000081999",638.526151854228,-1.02980184223931,0.48734731117034,-2.11307586732405,0.0345942748460246,0.134314378182621
"ENSMUSG00000082000",0.241794056091282,-1.66810355927636,7.35003348268185,-0.226951831336108,0.820461197845868,NA
"ENSMUSG00000082001",4.62337711499385,-0.477578399911775,1.16162187762783,-0.411130686421856,0.680976709854798,NA
"ENSMUSG00000082002",0.274920722357456,2.15531124188764,7.28523473589907,0.295846505983812,0.767347305198097,NA
"ENSMUSG00000082005",0.363865097497886,-1.64935378283415,7.0016196481547,-0.235567463775163,0.813768323123306,NA
"ENSMUSG00000082006",0.59299921217397,1.14660076206372,4.77001635219808,0.24037669420889,0.810038243943077,NA
"ENSMUSG00000082007",0.0410826440564989,0,7.3561311249555,0,1,NA
"ENSMUSG00000082008",1.72722091001894,-0.897750009417965,1.90475123478514,-0.471321395163307,0.637411239305661,NA
"ENSMUSG00000082009",0.0381979668618393,0,7.3561311249555,0,1,NA
"ENSMUSG00000082010",0.0425774740632087,0,7.3561311249555,0,1,NA
"ENSMUSG00000082011",0.119366443986827,-1.67315944729818,7.35016365313198,-0.227635672654069,0.819929485147157,NA
"ENSMUSG00000082012",3.75347492970851,0.166001254596145,1.43839022594849,0.115407663095515,0.908122005277222,NA
"ENSMUSG00000082013",5.01323831198643,-1.18924590313323,1.02126051834099,-1.16448827872552,0.244226190720061,NA
"ENSMUSG00000082014",0.0380762098104571,-1.67431590235222,7.3501929692546,-0.227792101425878,0.819807867435575,NA
"ENSMUSG00000082015",0.152059827830588,2.15647949655948,7.28506251239957,0.29601386300928,0.76721949444011,NA
"ENSMUSG00000082016",0,NA,NA,NA,NA,NA
"ENSMUSG00000082017",0.12968600829721,0,7.3561311249555,0,1,NA
"ENSMUSG00000082018",1.77709116551068,1.14704562555346,2.76574385713304,0.41473313683592,0.678337271628393,NA
"ENSMUSG00000082019",0.12239073061752,0,7.3561311249555,0,1,NA
"ENSMUSG00000082020",0,NA,NA,NA,NA,NA
"ENSMUSG00000082021",0.0812361587509111,0,7.3561311249555,0,1,NA
"ENSMUSG00000082022",0.364761109328298,1.12529422331467,6.8448856475776,0.164399272866291,0.869416835954856,NA
"ENSMUSG00000082023",0.676759744204254,0.0981603355939454,5.05602484255109,0.0194145279445299,0.984510420969307,NA
"ENSMUSG00000082024",0,NA,NA,NA,NA,NA
"ENSMUSG00000082025",0.269564924934041,2.7339292639798,7.26126473432453,0.376508688776531,0.706538757205037,NA
"ENSMUSG00000082026",11.4981223090051,-0.162643358238119,0.736342634964634,-0.220879995962655,0.825185873657829,NA
"ENSMUSG00000082027",0.0406180793754555,0,7.3561311249555,0,1,NA
"ENSMUSG00000082028",0.19151592976854,2.72206069412679,7.26145969539272,0.374864119380004,0.707761525030353,NA
"ENSMUSG00000082029",5.03950455032164,2.99156057204268,2.92238716628169,1.02367017161829,0.305991088749621,NA
"ENSMUSG00000082030",1.35810770802756,1.84498719504609,2.63654357343532,0.699774968119393,0.484067849693881,NA
"ENSMUSG00000082031",0.456842396929835,0,6.55716234217605,0,1,NA
"ENSMUSG00000082032",1.39882700078116,-2.58939551138025,2.53229274763625,-1.02254982714668,0.306520742289961,NA
"ENSMUSG00000082033",0.0406180793754555,0,7.3561311249555,0,1,NA
"ENSMUSG00000082035",868.736614008639,-0.55346446801178,0.253046741743713,-2.18720250732306,0.0287277439392851,0.119073838209949
"ENSMUSG00000082036",0.197006682924745,1.15839788233664,7.35581517300737,0.157480558590902,0.874866128708432,NA
"ENSMUSG00000082037",0.0406180793754555,0,7.3561311249555,0,1,NA
"ENSMUSG00000082038",0.490814413634198,1.13883121999021,4.45906520224574,0.255396853003328,0.798416601158861,NA
"ENSMUSG00000082039",1.70678679971342,0.160483157501678,1.91670140275086,0.0837288256122479,0.93327203808626,NA
"ENSMUSG00000082040",0.120091822212379,1.10203391165367,7.35486047714364,0.149837500667539,0.880892822077343,NA
"ENSMUSG00000082042",0.12371207276264,0,7.3561311249555,0,1,NA
"ENSMUSG00000082043",1.02336003701252,1.14822017170192,4.44296082649053,0.25843580813403,0.796070584064444,NA
"ENSMUSG00000082044",1.78582138965584,3.73430044310902,3.50991001106981,1.06393053705979,0.287360168167413,NA
"ENSMUSG00000082045",4.18375667016021,-0.996859429030387,7.09739855378461,-0.14045419902463,0.888301137579257,NA
"ENSMUSG00000082046",0.157940556762799,-1.11030659634079,7.29493637307318,-0.152202368815596,0.879027325687715,NA
"ENSMUSG00000082047",0.081236158750911,0,7.3561311249555,0,1,NA
"ENSMUSG00000082048",0.0381979668618393,0,7.3561311249555,0,1,NA
"ENSMUSG00000082049",1.87091907497731,-1.43048176878482,1.98084357130098,-0.722157867239011,0.470197423857774,NA
"ENSMUSG00000082051",0.492855411521491,-0.8249217422329,7.19159359462682,-0.114706390367948,0.908677848584909,NA
"ENSMUSG00000082052",0.975306655322527,-1.13972438971822,3.4354561358174,-0.331753439619174,0.740075444691824,NA
"ENSMUSG00000082053",0.0380762098104571,-1.67431590235222,7.3501929692546,-0.227792101425878,0.819807867435575,NA
"ENSMUSG00000082054",0.720773056992434,-0.242985146625803,3.71525215842292,-0.0654020605505678,0.947853883512319,NA
"ENSMUSG00000082056",0,NA,NA,NA,NA,NA
"ENSMUSG00000082057",4.54139567361165,0.756662546595848,1.33505742883125,0.566764043445121,0.570874502723953,NA
"ENSMUSG00000082058",0,NA,NA,NA,NA,NA
"ENSMUSG00000082059",0,NA,NA,NA,NA,NA
"ENSMUSG00000082060",0.0406180793754555,0,7.3561311249555,0,1,NA
"ENSMUSG00000082061",9.43000520668028,-1.19214639178382,0.798065234717061,-1.49379566973178,0.13522903370617,NA
"ENSMUSG00000082062",10.6843113718258,-0.540173634903975,1.05178800832902,-0.51357652932567,0.607548092586124,NA
"ENSMUSG00000082063",1.42193967947123,-2.7150050193846,2.77244435799196,-0.979282059009847,0.327440632625238,NA
"ENSMUSG00000082064",20.4231052230373,-0.12657317711578,0.621088176647633,-0.203792604455888,0.838515572356662,NA
"ENSMUSG00000082065",0.156744216817088,0,7.3561311249555,0,1,NA
"ENSMUSG00000082066",1.27898717452844,1.1418855851328,3.19190814627479,0.357743873822145,0.720534996495255,NA
"ENSMUSG00000082068",2.4756018049631,-0.147387265191262,2.15284598545358,-0.0684615927879344,0.945418192827683,NA
"ENSMUSG00000082069",1.52834542624899,0,3.88610998707255,0,1,NA
"ENSMUSG00000082070",105.663232761621,-2.27875027005738,0.573552885754922,-3.97304298636391,7.09602369890059e-05,0.00668039945367927
"ENSMUSG00000082071",0.0410826440564989,0,7.3561311249555,0,1,NA
"ENSMUSG00000082072",0.260263101627116,0,7.3561311249555,0,1,NA
"ENSMUSG00000082073",0,NA,NA,NA,NA,NA
"ENSMUSG00000082074",0.865096490624637,0.459360864691065,4.12825265436434,0.111272468802372,0.911400286519558,NA
"ENSMUSG00000082076",0.410301062638935,-0.112258900208057,7.22340081893765,-0.0155410038874967,0.987600572064894,NA
"ENSMUSG00000082077",0.124620779721564,-1.6698175529101,7.35007897638279,-0.22718362051286,0.820280963665605,NA
"ENSMUSG00000082078",0.204967408168413,0,7.3561311249555,0,1,NA
"ENSMUSG00000082079",0.589212431247199,1.35403494662998,7.25505561668292,0.186633296582371,0.851948158518575,NA
"ENSMUSG00000082080",0.442912814506905,-4.80610652756937,7.23048459997133,-0.664700472163156,0.506242091775869,NA
"ENSMUSG00000082081",0,NA,NA,NA,NA,NA
"ENSMUSG00000082082",7.90941711907392,1.00014016186942,0.891407989189393,1.12197801006798,0.26187178978479,NA
"ENSMUSG00000082083",0.0355187493373064,1.16171280725677,7.35565536667627,0.157934643392857,0.874508299155349,NA
"ENSMUSG00000082084",0.0807835610532014,-1.65235254120476,7.34963637097793,-0.22482099219623,0.822118534679251,NA
"ENSMUSG00000082085",0.297303958470697,0,7.3561311249555,0,1,NA
"ENSMUSG00000082087",1.26780532289032,1.70994454256052,4.52625758850762,0.377783303120475,0.705591578317387,NA
"ENSMUSG00000082088",23.056657787663,-1.06046978238848,0.822449402775142,-1.28940428287771,0.197257573243675,NA
"ENSMUSG00000082089",0,NA,NA,NA,NA,NA
"ENSMUSG00000082090",0.290124896165091,0,7.3561311249555,0,1,NA
"ENSMUSG00000082091",0.362450878645972,1.10487468051094,6.86804347463008,0.160871823917866,0.872194354484927,NA
"ENSMUSG00000082092",0,NA,NA,NA,NA,NA
"ENSMUSG00000082093",0.991782867552043,1.32229677662838,3.66007150739372,0.36127621385462,0.717892973238181,NA
"ENSMUSG00000082095",2.60635211217298,3.73009804935326,2.40877038359779,1.54854861831284,0.121490265747444,NA
"ENSMUSG00000082096",0,NA,NA,NA,NA,NA
"ENSMUSG00000082097",0.975074362462168,3.08016299712274,4.63294317643695,0.664839364486139,0.506153241904854,NA
"ENSMUSG00000082098",0,NA,NA,NA,NA,NA
"ENSMUSG00000082099",0.358241630715105,-1.91041624762401,7.34027445211048,-0.260264961492649,0.79465939815628,NA
"ENSMUSG00000082100",0.207569854612303,1.1510224250861,7.35610864566038,0.156471645611858,0.875661267459884,NA
"ENSMUSG00000082101",0.60647692404841,1.02490568095674,3.96442817954959,0.258525475689961,0.796001390245691,NA
"ENSMUSG00000082103",0.169299389961175,0,7.3561311249555,0,1,NA
"ENSMUSG00000082104",0.0425774740632087,0,7.3561311249555,0,1,NA
"ENSMUSG00000082106",0.0355187493373064,1.16171280725677,7.35565536667627,0.157934643392857,0.874508299155349,NA
"ENSMUSG00000082107",0.713799699714203,-3.15767162340953,5.69838901896628,-0.554134091740607,0.579487080116386,NA
"ENSMUSG00000082108",1.20550224977456,-0.301149543177944,1.92778177884387,-0.156215577137859,0.875863098692794,NA
"ENSMUSG00000082109",6.51247054512898,-1.05983569623221,0.914764440147328,-1.15858864830985,0.24662389819042,NA
"ENSMUSG00000082110",7.60191069863533,-0.52544797721473,1.01949871396791,-0.515398371783794,0.606274670024685,NA
"ENSMUSG00000082111",0.204962275803108,-2.54435672289347,7.29502366474169,-0.348779776437308,0.727254647224596,NA
"ENSMUSG00000082112",0.399404031250756,-3.13556262592034,7.26780932361324,-0.431431602881055,0.666154575137636,NA
"ENSMUSG00000082113",0.248034955794469,0,7.3561311249555,0,1,NA
"ENSMUSG00000082114",0.0355838956388991,0,7.3561311249555,0,1,NA
"ENSMUSG00000082115",0.0832363912625897,0,7.3561311249555,0,1,NA
"ENSMUSG00000082116",4.23967207104484,0.687967991546894,1.34598569244071,0.511125783439335,0.609262982744022,NA
"ENSMUSG00000082117",27.3140802190755,0.752505544699852,0.537792961391488,1.39924766354847,0.161738727994493,NA
"ENSMUSG00000082118",2.43946803026015,-1.67818492747651,1.64651621382662,-1.0192337696914,0.308091998131165,NA
"ENSMUSG00000082119",0,NA,NA,NA,NA,NA
"ENSMUSG00000082120",1.6012659518191,1.14846750740619,2.78404892306724,0.41251699921311,0.679960523556794,NA
"ENSMUSG00000082121",15.2682555835429,-1.62667018555906,1.09881345696099,-1.4803879359632,0.138769747677503,NA
"ENSMUSG00000082122",0,NA,NA,NA,NA,NA
"ENSMUSG00000082123",0.115286877832242,1.14717653574425,7.35600943268623,0.155950933212075,0.876071697515632,NA
"ENSMUSG00000082125",0.0710374986746129,2.16226366003378,7.28481246100722,0.296818026765623,0.766605441993722,NA
"ENSMUSG00000082126",0.17724221037376,-1.86905083485094,7.34190667352325,-0.254572949230097,0.799052954332731,NA
"ENSMUSG00000082127",0.147949849970517,0,7.3561311249555,0,1,NA
"ENSMUSG00000082128",7.78402193687801,-0.250647709648401,0.825188719163289,-0.303745923602238,0.761321467942082,NA
"ENSMUSG00000082129",0.108976289946645,0.763564498309886,7.27905890683288,0.104898793660417,0.916456116207873,NA
"ENSMUSG00000082130",0.402539568168674,2.70674633208803,7.26143561824256,0.372756363120262,0.709329783012093,NA
"ENSMUSG00000082132",1.44129621032501,0,2.91953658925304,0,1,NA
"ENSMUSG00000082134",0,NA,NA,NA,NA,NA
"ENSMUSG00000082135",0.0355187493373064,1.16171280725677,7.35565536667627,0.157934643392857,0.874508299155349,NA
"ENSMUSG00000082136",1.11933299243693,-1.82085367914902,3.6381986401199,-0.500482205416089,0.616735582778553,NA
"ENSMUSG00000082138",0.0406180793754555,0,7.3561311249555,0,1,NA
"ENSMUSG00000082139",0.51038408360944,2.13954649040658,5.45915481137045,0.391918999246969,0.695118064373285,NA
"ENSMUSG00000082140",4.11187811350854,-1.24997853325735,1.35310097438134,-0.923788066761871,0.355596669410338,NA
"ENSMUSG00000082141",2.90553727767671,-0.068397710046041,1.32399928343967,-0.051659929806267,0.958799665963851,NA
"ENSMUSG00000082142",0.399179491595596,-1.11421259707897,6.71522829762043,-0.165923263915509,0.868217339299456,NA
"ENSMUSG00000082143",0.366783527466382,-2.53524884367281,7.29530125720263,-0.347518046793444,0.728202162964228,NA
"ENSMUSG00000082144",0.313284214982239,2.13729111390068,7.28541693325616,0.293365655456788,0.769242674112928,NA
"ENSMUSG00000082145",4.4779294696066,-0.15681379653911,1.23780583409651,-0.126686910191832,0.899188206509063,NA
"ENSMUSG00000082146",0.297733547132565,-3.12097566905747,7.26811186727946,-0.429406663800524,0.667627305120129,NA
"ENSMUSG00000082147",0,NA,NA,NA,NA,NA
"ENSMUSG00000082148",1.78573870013989,-0.641384664118246,2.03802905625543,-0.31470830219501,0.752983140096731,NA
"ENSMUSG00000082149",3.05423993145467,1.0233108981487,1.62626004060762,0.629241863291657,0.529190725696236,NA
"ENSMUSG00000082151",1.67265038187137,0.62458699681524,1.67082859145157,0.373818714864471,0.708539194856111,NA
"ENSMUSG00000082152",0.336738676465904,0,7.3561311249555,0,1,NA
"ENSMUSG00000082154",0.0761524196209141,-2.55627499047924,7.29465809108018,-0.350431090609309,0.726015196884991,NA
"ENSMUSG00000082155",0.0886398496049606,0,7.3561311249555,0,1,NA
"ENSMUSG00000082156",0,NA,NA,NA,NA,NA
"ENSMUSG00000082157",5.33216750749023,-0.328729321522437,1.04039124737568,-0.315967019476217,0.752027541336244,NA
"ENSMUSG00000082158",0.0787011802182292,-1.67190664432297,7.35013189558272,-0.227466209868663,0.820061241219779,NA
"ENSMUSG00000082159",0.0832201922833042,0,7.3561311249555,0,1,NA
"ENSMUSG00000082160",0,NA,NA,NA,NA,NA
"ENSMUSG00000082161",0.241557085077053,1.15684131821334,7.35589309022404,0.157267282711161,0.875034203977252,NA
"ENSMUSG00000082162",0.0406180793754555,0,7.3561311249555,0,1,NA
"ENSMUSG00000082163",38.1549254897602,0.0807854659720362,0.597042274031812,0.135309457111795,0.892367208150688,NA
"ENSMUSG00000082164",0,NA,NA,NA,NA,NA
"ENSMUSG00000082165",10.925976239502,-0.249157398676796,0.755209278203027,-0.329918349612507,0.741461658093076,NA
"ENSMUSG00000082167",0,NA,NA,NA,NA,NA
"ENSMUSG00000082168",0,NA,NA,NA,NA,NA
"ENSMUSG00000082169",0.49627562058018,-2.55046979124247,5.51413707365231,-0.462532896294716,0.643699217397427,NA
"ENSMUSG00000082170",0.081236158750911,0,7.3561311249555,0,1,NA
"ENSMUSG00000082171",2.0851256198189,-3.53179472705717,2.1847028085986,-1.61660190720525,0.10596423996874,NA
"ENSMUSG00000082172",0,NA,NA,NA,NA,NA
"ENSMUSG00000082173",0.116626408926643,-2.55053282180634,7.29483386885237,-0.349635491042045,0.726612272029062,NA
"ENSMUSG00000082174",0.442025469705439,0.273408583379131,5.54326637888162,0.049322649263392,0.960662169979884,NA
"ENSMUSG00000082175",0.194738734956005,-3.11939707429497,7.26814639719845,-0.429187430167526,0.667786829800634,NA
"ENSMUSG00000082176",0.522972349305812,-0.241981802355816,5.56264704306664,-0.0435011965494782,0.965302010722084,NA
"ENSMUSG00000082177",11.4119317514341,-0.00473454049039344,0.765941593228796,-0.00618133357980362,0.995068040778966,NA
"ENSMUSG00000082178",6.50396056318146,-1.31163701292456,0.985912313930423,-1.33037897426761,0.183393438540323,NA
"ENSMUSG00000082179",1.21972553743818,0.755068260481078,2.76147861967783,0.273428972109575,0.784523484476258,NA
"ENSMUSG00000082180",3.15305563186041,0.0974168270094018,1.27415830601317,0.0764558269954839,0.939056456014076,NA
"ENSMUSG00000082181",0,NA,NA,NA,NA,NA
"ENSMUSG00000082183",0.441230238385786,-3.88303869175179,7.24557727276852,-0.535918470753965,0.592014898310662,NA
"ENSMUSG00000082185",1.15169140033238,-1.719388783546,3.10465487942601,-0.553809956443171,0.579708913628677,NA
"ENSMUSG00000082186",3.00941649333395,-0.961307136243206,1.48790097802507,-0.646082736983731,0.518225774620007,NA
"ENSMUSG00000082187",0.035583895638899,0,7.3561311249555,0,1,NA
"ENSMUSG00000082188",0.178436404836793,-2.73280977578185,7.28506288703528,-0.375125076908429,0.707567447865232,NA
"ENSMUSG00000082189",0.0488582735869228,-1.88445199085273,7.34129618423011,-0.256691998737325,0.797416548724726,NA
"ENSMUSG00000082190",3.08874016749632,-1.46363588818072,1.37601081309612,-1.06368051344556,0.287473454997301,NA
"ENSMUSG00000082191",0.0474375977968173,0,7.3561311249555,0,1,NA
"ENSMUSG00000082192",0.729798740355361,-1.84226118045239,7.16733733137196,-0.257035645913954,0.797151255794424,NA
"ENSMUSG00000082193",6.99833721287157,-1.09196571299977,1.75163644182713,-0.623397462467007,0.533023365085015,NA
"ENSMUSG00000082194",0.231536395557026,2.15141307952822,7.28507278334169,0.295317993863798,0.767750972061155,NA
"ENSMUSG00000082195",1.06253442063239,1.76958973123035,6.02200352370592,0.293853984685374,0.768869481340547,NA
"ENSMUSG00000082196",1.07691499218543,-1.79553963462542,3.18270400098097,-0.564155395560504,0.572648380780944,NA
"ENSMUSG00000082197",0.0853823106338046,0,7.3561311249555,0,1,NA
"ENSMUSG00000082198",0.241280801740851,2.15801441796359,7.28491493488437,0.296230558249867,0.767054013436087,NA
"ENSMUSG00000082199",0.892097625464555,-0.39090805528929,3.57427341021123,-0.109367138555354,0.912911297000904,NA
"ENSMUSG00000082200",0.217110013256941,0,7.3561311249555,0,1,NA
"ENSMUSG00000082202",0.254220554942553,-1.94208173588731,7.25893544490419,-0.267543602037495,0.78905064766942,NA
"ENSMUSG00000082203",0.0434922688142794,0,7.3561311249555,0,1,NA
"ENSMUSG00000082204",2.755507149423,0.0916791146327265,1.57787460420185,0.0581029153955498,0.953666652168627,NA
"ENSMUSG00000082205",0.0355187493373064,1.16171280725677,7.35565536667627,0.157934643392857,0.874508299155349,NA
"ENSMUSG00000082207",0.141936173647732,2.7485271405441,7.26119747859738,0.378522571331447,0.70504242943191,NA
"ENSMUSG00000082208",1.93051059874363,1.38517909653298,1.86112150147243,0.744271180273343,0.456712432927786,NA
"ENSMUSG00000082210",0.606169443677328,1.13087828464257,7.13473423985541,0.158503210718818,0.8740602908579,NA
"ENSMUSG00000082211",0,NA,NA,NA,NA,NA
"ENSMUSG00000082212",0.1583052325088,1.1521038869137,7.35612309585417,0.156618353431717,0.87554563710967,NA
"ENSMUSG00000082213",0.876580658966014,0,6.18891192807445,0,1,NA
"ENSMUSG00000082214",12.0807592159712,0.0816485197570603,0.64957507045886,0.125695279068182,0.8999731389863,NA
"ENSMUSG00000082215",0,NA,NA,NA,NA,NA
"ENSMUSG00000082216",0.0842892520731163,0,7.3561311249555,0,1,NA
"ENSMUSG00000082217",0.0406180793754555,0,7.3561311249555,0,1,NA
"ENSMUSG00000082218",0.707348513930557,-1.83733026053372,4.19627576813586,-0.437847835093528,0.66149659235091,NA
"ENSMUSG00000082220",2.04442520275764,-0.0460103105055439,1.93926999395559,-0.023725582641381,0.981071499750167,NA
"ENSMUSG00000082222",0.11820787729423,-1.67740707354351,7.35027032138046,-0.228210256249253,0.819482788469138,NA
"ENSMUSG00000082223",0.0419195223311899,0,7.3561311249555,0,1,NA
"ENSMUSG00000082225",0.174889301678373,-1.88381395908446,7.34132141898486,-0.256604206732165,0.797484327219732,NA
"ENSMUSG00000082226",0,NA,NA,NA,NA,NA
"ENSMUSG00000082227",0.0788599173272288,0,7.3561311249555,0,1,NA
"ENSMUSG00000082228",0.0406180793754555,0,7.3561311249555,0,1,NA
"ENSMUSG00000082229",0.0711026230857471,1.16234035522911,7.35562291712516,0.158020655534555,0.874440522443899,NA
"ENSMUSG00000082233",2.65658591097809,-0.12923442925109,1.53083923439155,-0.0844206408796776,0.932721996815825,NA
"ENSMUSG00000082234",1.50017199275921,0.536844692331808,2.40993152206752,0.222763463366478,0.823719605494129,NA
"ENSMUSG00000082235",0.0827096514758561,0,7.3561311249555,0,1,NA
"ENSMUSG00000082236",0.0801150450201774,1.14738591299188,7.3560160224274,0.155979256909402,0.876049371672161,NA
"ENSMUSG00000082237",0,NA,NA,NA,NA,NA
"ENSMUSG00000082238",0,NA,NA,NA,NA,NA
"ENSMUSG00000082239",0.351374680333459,-3.49324562254692,7.25599575161156,-0.481428840662024,0.630211743039585,NA
"ENSMUSG00000082240",0.108992055521837,0.764698078499194,7.2790308527386,0.10505493024686,0.916332221787554,NA
"ENSMUSG00000082241",1.04906657243829,-1.05624917382106,3.57342016924848,-0.29558493650166,0.767547078794071,NA
"ENSMUSG00000082242",0.0784119160336146,1.14198479993858,7.35587820152209,0.155247921275026,0.876625870513324,NA
"ENSMUSG00000082243",0.116596933266062,-2.54934862458089,7.29487020082011,-0.349471416817572,0.726735425800824,NA
"ENSMUSG00000082244",0.310338863012042,2.14695389505883,7.28517985089482,0.294701563859831,0.76822186842075,NA
"ENSMUSG00000082245",0.407159127681331,1.15310735153395,7.35607173913611,0.156755859978789,0.875437261316598,NA
"ENSMUSG00000082246",2.42352440755837,-0.940935805707104,1.62954983227928,-0.577420700532367,0.563655293662409,NA
"ENSMUSG00000082247",0.404072379504731,-0.108223423477797,6.68765174889998,-0.0161825746227886,0.987088737081278,NA
"ENSMUSG00000082248",0.224798211094265,0,7.3561311249555,0,1,NA
"ENSMUSG00000082249",0,NA,NA,NA,NA,NA
"ENSMUSG00000082250",0.0380762098104571,-1.67431590235222,7.3501929692546,-0.227792101425878,0.819807867435575,NA
"ENSMUSG00000082251",0.0355187493373064,1.16171280725677,7.35565536667627,0.157934643392857,0.874508299155349,NA
"ENSMUSG00000082252",0.167563080322899,0,7.3561311249555,0,1,NA
"ENSMUSG00000082253",0.372638184804623,0.547643746273759,7.27008630543032,0.0753283693296325,0.939953450139741,NA
"ENSMUSG00000082254",0.188487832346611,1.15761971609228,7.35585190737305,0.157373983417468,0.874950116173645,NA
"ENSMUSG00000082255",0.29301131501969,1.12992672694028,7.3555709729497,0.153615094068919,0.877913234862641,NA
"ENSMUSG00000082256",0,NA,NA,NA,NA,NA
"ENSMUSG00000082258",0.0977165471738456,-2.90148482602866,7.2774271891271,-0.398696510542028,0.690116839330893,NA
"ENSMUSG00000082259",0,NA,NA,NA,NA,NA
"ENSMUSG00000082260",10.3434932364705,-0.36672535378792,0.868866854017522,-0.422073131334487,0.672971638943605,NA
"ENSMUSG00000082261",0.0425774740632087,0,7.3561311249555,0,1,NA
"ENSMUSG00000082262",0.464351524760409,-1.6621912311923,7.34988570507005,-0.226151983566996,0.821083214681704,NA
"ENSMUSG00000082263",0.0381979668618393,0,7.3561311249555,0,1,NA
"ENSMUSG00000082264",0.171353628804471,0,7.3561311249555,0,1,NA
"ENSMUSG00000082265",2.25079905939627,-1.07759601290258,1.78067522564394,-0.605161456386804,0.545071723122561,NA
"ENSMUSG00000082266",0.144854736347717,2.74936723677906,7.26101216574825,0.378647931447961,0.704949323697358,NA
"ENSMUSG00000082267",0.204039744703289,-1.66911680057398,7.35006117861762,-0.227088830965065,0.820354668792587,NA
"ENSMUSG00000082268",0.0787112999747978,-1.66866469072433,7.35004971907841,-0.227027673893553,0.82040222329249,NA
"ENSMUSG00000082269",0.116325211992365,0,7.3561311249555,0,1,NA
"ENSMUSG00000082270",0.0380762098104571,-1.67431590235222,7.3501929692546,-0.227792101425878,0.819807867435575,NA
"ENSMUSG00000082271",0.0762379704381253,0,7.3561311249555,0,1,NA
"ENSMUSG00000082272",4.8658493960491,-0.764986710079836,1.56638946776091,-0.488375800415303,0.625283679610112,NA
"ENSMUSG00000082274",0.490313572718877,-1.29493522577312,5.51065556243917,-0.234987509398963,0.814218427869497,NA
"ENSMUSG00000082275",0.0735994016558301,-0.231006552568331,7.34986743911923,-0.0314300297905799,0.974926592666556,NA
"ENSMUSG00000082276",0.743987604607771,2.11590975263038,4.65069173330875,0.454966674629499,0.649133214101816,NA
"ENSMUSG00000082277",130.696842837404,0.850762941434084,0.628059651560132,1.3545893918209,0.175548415156905,0.366620769638156
"ENSMUSG00000082278",0.0406180793754555,0,7.3561311249555,0,1,NA
"ENSMUSG00000082279",4.69579827001253,1.29561446718797,1.73759325420378,0.745637371722912,0.455886500998707,NA
"ENSMUSG00000082280",0.280316214873383,-3.54381461549864,7.25434564676246,-0.488509203732278,0.625189208166397,NA
"ENSMUSG00000082281",0.232508872819461,-1.69088474786477,7.26792928429553,-0.232650137573356,0.816033091200167,NA
"ENSMUSG00000082283",2.6574834372802,1.91860954477496,1.64660481537905,1.165191263171,0.243941581359784,NA
"ENSMUSG00000082284",2.23831183002263,-4.48046779594267,3.41926753151769,-1.31035894519606,0.190074435303124,NA
"ENSMUSG00000082285",0.0840002893707972,0,7.3561311249555,0,1,NA
"ENSMUSG00000082286",39.1836518628911,1.07369479420389,0.630705163840649,1.70237197308751,0.0886856605105995,NA
"ENSMUSG00000082287",0.654799776819114,2.11847184675856,7.28614509868305,0.290753453035332,0.771239887097114,NA
"ENSMUSG00000082288",0.0761524196209141,-2.55627499047924,7.29465809108018,-0.350431090609309,0.726015196884991,NA
"ENSMUSG00000082289",2.47291063979482,0.117531637068124,3.04549441297922,0.0385919726423502,0.969215702430111,NA
"ENSMUSG00000082291",0.0355187493373064,1.16171280725677,7.35565536667627,0.157934643392857,0.874508299155349,NA
"ENSMUSG00000082292",292.608930993753,-0.770142660935391,0.299387201059838,-2.57239674311082,0.0100997078316496,0.0633072998832317
"ENSMUSG00000082294",0.0406180793754555,0,7.3561311249555,0,1,NA
"ENSMUSG00000082295",0.199578691342081,-0.222430068195301,7.34999410904303,-0.0302626185674945,0.975857608970331,NA
"ENSMUSG00000082296",3.756266797167,-0.924182036726599,1.14924282974649,-0.804166023755367,0.421301098137764,NA
"ENSMUSG00000082297",0,NA,NA,NA,NA,NA
"ENSMUSG00000082301",0.114423236575656,0,7.3561311249555,0,1,NA
"ENSMUSG00000082302",0.251809732503846,1.14448460251601,7.35594198889317,0.155586409496443,0.876359038128149,NA
"ENSMUSG00000082303",0.0815406945223228,0,7.3561311249555,0,1,NA
"ENSMUSG00000082304",0.882164948117185,1.15144760767717,2.94752870398116,0.390648479901803,0.69605708564922,NA
"ENSMUSG00000082305",2.52258954244964,0.234130949247946,1.74761328856797,0.133971829339772,0.893424850517243,NA
"ENSMUSG00000082306",0,NA,NA,NA,NA,NA
"ENSMUSG00000082307",0.201320611460434,-3.12821024121138,7.26796218103522,-0.430410913443389,0.666896757989482,NA
"ENSMUSG00000082308",0.205116320003455,-1.66534758204399,7.34996564414711,-0.226578961409178,0.820751153213618,NA
"ENSMUSG00000082309",1.4691702649321,-0.879163202168528,2.27744768989773,-0.386030030928178,0.699474427911659,NA
"ENSMUSG00000082310",0.146700912925732,0,7.3561311249555,0,1,NA
"ENSMUSG00000082311",0.159453435731002,0,7.3561311249555,0,1,NA
"ENSMUSG00000082312",0.826521645643004,0,4.11878399112047,0,1,NA
"ENSMUSG00000082313",0.349620810495915,-0.112025231065643,7.22312777644756,-0.0155092412224693,0.987625911950915,NA
"ENSMUSG00000082314",0.299287401775528,0,7.3561311249555,0,1,NA
"ENSMUSG00000082315",48.7746873646738,0.711384174388494,0.490430512015447,1.45053000773754,0.146910777445959,NA
"ENSMUSG00000082316",0.0761524196209141,-2.55627499047924,7.29465809108018,-0.350431090609309,0.726015196884991,NA
"ENSMUSG00000082317",2.2890629548355,-1.91801926533547,2.1552041418212,-0.889947837477103,0.373493895641732,NA
"ENSMUSG00000082318",0.373827533085055,0,7.3561311249555,0,1,NA
"ENSMUSG00000082319",12.6552405199535,-0.878478049856282,0.853658108042153,-1.02907480357804,0.303444525189148,NA
"ENSMUSG00000082320",0.747410793918206,-1.11717158095841,3.76056217995676,-0.297075683766849,0.766408728332469,NA
"ENSMUSG00000082321",3.12044723902703,0,3.14882066884603,0,1,NA
"ENSMUSG00000082322",2.51476155934786,-0.286667603098832,2.28927508347229,-0.125221999386821,0.900347801332175,NA
"ENSMUSG00000082323",0,NA,NA,NA,NA,NA
"ENSMUSG00000082324",0.0406180793754555,0,7.3561311249555,0,1,NA
"ENSMUSG00000082325",2.46219996316389,0.158869492686644,1.86060210788176,0.0853860650880979,0.931954471151249,NA
"ENSMUSG00000082326",0.121854238126367,0,7.3561311249555,0,1,NA
"ENSMUSG00000082327",0,NA,NA,NA,NA,NA
"ENSMUSG00000082328",4.38111064838319,-0.0260066826909193,1.28808737032255,-0.0201901542473838,0.983891682058591,NA
"ENSMUSG00000082329",0.0889633830381281,0,7.3561311249555,0,1,NA
"ENSMUSG00000082330",0.267543564187115,2.74125165841,7.26124008867879,0.377518388723155,0.705788401408172,NA
"ENSMUSG00000082332",0.157586231635021,1.15840850640153,7.35581653305895,0.157481973781611,0.874865013464927,NA
"ENSMUSG00000082333",0.121854238126367,0,7.3561311249555,0,1,NA
"ENSMUSG00000082334",0.129772906054363,0,7.3561311249555,0,1,NA
"ENSMUSG00000082336",0.113030237853968,1.16175968123562,7.35565120399154,0.157941105283132,0.874503207218145,NA
"ENSMUSG00000082337",0.389063507050231,0.76764654146679,6.8072952879286,0.112768215421485,0.910214317984713,NA
"ENSMUSG00000082338",0.119385910350229,-1.67274415418238,7.35015312567236,-0.227579497403921,0.819973160429119,NA
"ENSMUSG00000082339",0,NA,NA,NA,NA,NA
"ENSMUSG00000082340",0.0917778009766329,0,7.35613112495549,0,1,NA
"ENSMUSG00000082341",0.0380762098104571,-1.67431590235222,7.3501929692546,-0.227792101425878,0.819807867435575,NA
"ENSMUSG00000082342",0.641681736974478,0.194814446218317,6.67909292916377,0.0291677999220034,0.976730762241347,NA
"ENSMUSG00000082343",0.0855669621683431,-1.66919614904822,7.35006322533345,-0.227099563347293,0.820346323577694,NA
"ENSMUSG00000082344",0,NA,NA,NA,NA,NA
"ENSMUSG00000082345",6.16422485541346,0.197624327863166,1.05809861862083,0.186773070473107,0.851838561994648,NA
"ENSMUSG00000082346",0,NA,NA,NA,NA,NA
"ENSMUSG00000082347",0.0381979668618393,0,7.3561311249555,0,1,NA
"ENSMUSG00000082348",0.327569691545894,-0.23293451769275,7.34990334232054,-0.0316921878892638,0.974717524920226,NA
"ENSMUSG00000082350",0.25280401171384,1.10972711688546,7.35505639286887,0.150879484481098,0.880070784216697,NA
"ENSMUSG00000082351",0,NA,NA,NA,NA,NA
"ENSMUSG00000082352",0.256570411412764,1.13675355024236,7.35574394189396,0.154539576040444,0.877184308839377,NA
"ENSMUSG00000082353",0.450173760907171,0.543299541860859,7.27137456473663,0.0747175842784462,0.940439416550216,NA
"ENSMUSG00000082354",0.111742101299907,-1.11390965109893,7.29421831418369,-0.152711312318815,0.878625939467106,NA
"ENSMUSG00000082356",0.087291544042553,-1.91215396294468,7.34020896786534,-0.260504022612421,0.794475012807631,NA
"ENSMUSG00000082357",0.650554888671588,-0.103353428674234,4.99119806639046,-0.0207071383061696,0.983479274696989,NA
"ENSMUSG00000082358",0,NA,NA,NA,NA,NA
"ENSMUSG00000082359",0.0781736950331845,-1.67202117409684,7.35013485749491,-0.227481700201989,0.820049197388279,NA
"ENSMUSG00000082360",11.2837261088781,-1.31040720393245,0.945923476209758,-1.38532052210306,0.165954481286159,NA
"ENSMUSG00000082361",5.35038169177325,0.170833190458952,1.15049587767211,0.148486573289261,0.881958781457235,NA
"ENSMUSG00000082362",1.12033832199454,-2.5627419983363,3.85125817185471,-0.665429811240652,0.505775622776514,NA
"ENSMUSG00000082363",0,NA,NA,NA,NA,NA
"ENSMUSG00000082364",0.0352597853922181,1.155567702399,7.35595536263211,0.157092810577567,0.875171703562209,NA
"ENSMUSG00000082365",0.61369858906253,1.93034675714507,7.29084752117574,0.264763013015774,0.791192031650316,NA
"ENSMUSG00000082367",0.111794312028073,-0.231443657212739,7.34983714342033,-0.0314896306811275,0.974879061563269,NA
"ENSMUSG00000082368",127.788346795492,-0.330120390278185,0.419546517246157,-0.786850508127318,0.431369382454104,0.634159182861216
"ENSMUSG00000082369",0.112616534911142,2.10862394316395,7.28612739304825,0.289402563174479,0.772273333753016,NA
"ENSMUSG00000082370",0.168555281503493,-1.64921243748292,7.34955678167792,-0.224396176051639,0.82244904589901,NA
"ENSMUSG00000082371",0.489136294649846,0.287402312496108,4.72606917533719,0.0608121256446915,0.951508833327624,NA
"ENSMUSG00000082372",0.111529322129162,2.15634903358196,7.28495519081275,0.296000315321279,0.767229840589951,NA
"ENSMUSG00000082373",0.496095273832052,1.14886617631752,5.59041840438187,0.20550629545313,0.837176580006359,NA
"ENSMUSG00000082374",1.02755683240922,-1.50457706352154,2.81760547955578,-0.533991388943051,0.593347491742118,NA
"ENSMUSG00000082375",0.246058222400168,0,7.3561311249555,0,1,NA
"ENSMUSG00000082376",0.34144503517202,0,7.3561311249555,0,1,NA
"ENSMUSG00000082377",0.106556248011919,2.74727956207311,7.26104728326191,0.378358583121489,0.705164231160339,NA
"ENSMUSG00000082378",0.111731441052491,-1.11319230503571,7.29421230705185,-0.152613093528894,0.878703398819483,NA
"ENSMUSG00000082379",0.111741113888453,-1.11384322818643,7.29421775768788,-0.152702217727525,0.878633111784737,NA
"ENSMUSG00000082380",0.126136841184302,0,7.3561311249555,0,1,NA
"ENSMUSG00000082381",0,NA,NA,NA,NA,NA
"ENSMUSG00000082382",0.389957903895119,-1.6477564528661,7.34952002655151,-0.224199192180343,0.822602312021642,NA
"ENSMUSG00000082383",2.36257224305096,0.186350977258143,1.58789335972948,0.11735736289614,0.906576870008987,NA
"ENSMUSG00000082388",0.600706957592736,2.13852174414962,5.91386859165495,0.361611305866228,0.717642514797037,NA
"ENSMUSG00000082389",0.226174370382723,-1.88274360609428,7.34136377596626,-0.256456928651036,0.797598034472634,NA
"ENSMUSG00000082390",0.533762462640814,1.15338753461331,4.37901784085472,0.263389549102222,0.792250344920282,NA
"ENSMUSG00000082392",0,NA,NA,NA,NA,NA
"ENSMUSG00000082393",0.0355187493373064,1.16171280725677,7.35565536667627,0.157934643392857,0.874508299155349,NA
"ENSMUSG00000082394",0.872450059481965,-1.19064786333835,2.4697584985641,-0.482090805246985,0.629741441328468,NA
"ENSMUSG00000082395",0.123007635657807,0,7.3561311249555,0,1,NA
"ENSMUSG00000082396",1.46979201729523,-0.244618421962309,3.52950231970749,-0.0693067746680449,0.944745433301696,NA
"ENSMUSG00000082397",0.0406180793754555,0,7.3561311249555,0,1,NA
"ENSMUSG00000082398",0.249563003083036,0,7.3561311249555,0,1,NA
"ENSMUSG00000082399",0.758116687002169,-2.91151396439209,7.27723562960989,-0.400085157686197,0.689093795781581,NA
"ENSMUSG00000082400",0.40603515403251,1.1554883055125,7.35595130606975,0.157082103651101,0.875180141696917,NA
"ENSMUSG00000082402",4.19113897169438,0.0780073985271785,1.25662554859689,0.0620768840919072,0.950501605310207,NA
"ENSMUSG00000082403",0.152396265225642,-1.12508576810193,7.2944924578407,-0.15423770393958,0.877422314423993,NA
"ENSMUSG00000082404",0.0380762098104571,-1.67431590235222,7.3501929692546,-0.227792101425878,0.819807867435575,NA
"ENSMUSG00000082405",0.257288615068488,-2.70625270222148,7.28506285274473,-0.371479664201095,0.710280299717385,NA
"ENSMUSG00000082406",0,NA,NA,NA,NA,NA
"ENSMUSG00000082407",0.0812361587509111,0,7.3561311249555,0,1,NA
"ENSMUSG00000082408",0.337480698235604,-2.74412755668576,7.28506290143308,-0.376678635972511,0.706412441416473,NA
"ENSMUSG00000082410",0.908218848610449,1.75611598088623,4.34294882315212,0.404360275102583,0.685947807687796,NA
"ENSMUSG00000082411",0,NA,NA,NA,NA,NA
"ENSMUSG00000082412",0,NA,NA,NA,NA,NA
"ENSMUSG00000082413",0.0710374986746129,2.16226366003378,7.28481246100722,0.296818026765623,0.766605441993722,NA
"ENSMUSG00000082414",0.0355838956388991,0,7.3561311249555,0,1,NA
"ENSMUSG00000082415",0.0820004414491288,0,7.3561311249555,0,1,NA
"ENSMUSG00000082416",0.115194012104841,2.14446357146423,7.28524366644104,0.294357151201757,0.768485005575577,NA
"ENSMUSG00000082417",1.73813861088034,0.034550223910716,1.87798650288495,0.0183974825472069,0.985321760740106,NA
"ENSMUSG00000082418",0.299704179918727,-0.228964168877395,7.34983972092517,-0.0311522669297846,0.975148106891215,NA
"ENSMUSG00000082419",61.7769540535001,0.78057461038156,0.395648856300589,1.97289742647083,0.0485072499004205,NA
"ENSMUSG00000082420",10.4808322117445,-1.26910191328347,0.842190369729941,-1.50690622797127,0.131834694854015,NA
"ENSMUSG00000082421",0,NA,NA,NA,NA,NA
"ENSMUSG00000082422",0.0380762098104571,-1.67431590235222,7.3501929692546,-0.227792101425878,0.819807867435575,NA
"ENSMUSG00000082423",15.203221801458,-0.539117441443124,0.692335138468377,-0.778694322284133,0.436159801472984,NA
"ENSMUSG00000082424",2.5458272527984,0,3.56756785321647,0,1,NA
"ENSMUSG00000082426",0.21623974519753,0,7.3561311249555,0,1,NA
"ENSMUSG00000082427",0.131218038981447,1.14591874337747,7.35597850312825,0.155780599806015,0.876205963032164,NA
"ENSMUSG00000082428",0.0710374986746129,2.16226366003378,7.28481246100722,0.296818026765623,0.766605441993722,NA
"ENSMUSG00000082429",0.515101386677974,0,5.52046246792394,0,1,NA
"ENSMUSG00000082431",0.726251250883152,0.753404773057588,3.75655959669555,0.200557119796613,0.84104489016572,NA
"ENSMUSG00000082432",1.36848963644955,0.955185520309847,2.90701710279397,0.328579257202101,0.742473728633373,NA
"ENSMUSG00000082433",0,NA,NA,NA,NA,NA
"ENSMUSG00000082435",0.0406180793754555,0,7.3561311249555,0,1,NA
"ENSMUSG00000082436",3.17114285646026,2.49083793497482,1.8125230053092,1.3742379697685,0.169367816557458,NA
"ENSMUSG00000082437",0.0812361587509111,0,7.3561311249555,0,1,NA
"ENSMUSG00000082440",0,NA,NA,NA,NA,NA
"ENSMUSG00000082442",0.0380762098104571,-1.67431590235222,7.3501929692546,-0.227792101425878,0.819807867435575,NA
"ENSMUSG00000082443",0.0380762098104571,-1.67431590235222,7.3501929692546,-0.227792101425878,0.819807867435575,NA
"ENSMUSG00000082444",0,NA,NA,NA,NA,NA
"ENSMUSG00000082446",0.0432773486139992,0,7.3561311249555,0,1,NA
"ENSMUSG00000082447",0,NA,NA,NA,NA,NA
"ENSMUSG00000082448",0.252143990244511,0,7.3561311249555,0,1,NA
"ENSMUSG00000082449",0,NA,NA,NA,NA,NA
"ENSMUSG00000082450",0.0788271541562687,0,7.3561311249555,0,1,NA
"ENSMUSG00000082451",0.0406180793754555,0,7.3561311249555,0,1,NA
"ENSMUSG00000082453",0.133400766122279,-1.66707012529806,7.35000930263933,-0.226811974877288,0.820569951747902,NA
"ENSMUSG00000082454",2.91938975378534,0.312444389549334,1.53683888463002,0.203303282259514,0.838897990228461,NA
"ENSMUSG00000082455",1.0204393303235,0.69822414474974,2.84314314030717,0.245581777030861,0.80600599712134,NA
"ENSMUSG00000082456",3.68320990417182,-0.345528586305128,1.64831302868511,-0.209625587065074,0.833959907730288,NA
"ENSMUSG00000082457",0.188499789716883,-0.229837128530628,7.34983393439429,-0.0312710641603862,0.975053366572844,NA
"ENSMUSG00000082458",0.0380762098104571,-1.67431590235222,7.3501929692546,-0.227792101425878,0.819807867435575,NA
"ENSMUSG00000082459",0.250846937061228,2.09472577373765,7.23604632782369,0.289484848332592,0.772210373062583,NA
"ENSMUSG00000082460",0,NA,NA,NA,NA,NA
"ENSMUSG00000082461",3.5206076053589,-0.538441333301724,1.32101548826934,-0.407596533184584,0.683569909935503,NA
"ENSMUSG00000082462",0,NA,NA,NA,NA,NA
"ENSMUSG00000082463",0.201208225719314,2.13056642750439,7.28506247895455,0.292456850392055,0.769937346768748,NA
"ENSMUSG00000082464",0.170637083721607,0,7.3561311249555,0,1,NA
"ENSMUSG00000082465",8.25845316209425,-0.421000303667482,0.87681117875099,-0.480149334167014,0.631121210530506,NA
"ENSMUSG00000082467",0.33271994895051,-1.66191158768191,7.34987833356925,-0.226114163018376,0.821112629340044,NA
"ENSMUSG00000082468",0.165258375772606,0,7.3561311249555,0,1,NA
"ENSMUSG00000082472",0.217170979417442,-1.88731334344337,7.34118314200483,-0.257085718600933,0.797112602027241,NA
"ENSMUSG00000082473",0.172522501018274,0,7.3561311249555,0,1,NA
"ENSMUSG00000082474",2.85540226805545,1.01313335297663,2.03731575663942,0.497288331312865,0.618985739133698,NA
"ENSMUSG00000082475",81.122401364611,0.247670663803749,0.515054531680153,0.480862993275343,0.63061387582554,0.787570203731581
"ENSMUSG00000082476",2.99448096873681,-1.61295308471936,1.43721064660789,-1.12228022282346,0.261743312382778,NA
"ENSMUSG00000082478",4.38805026363481,-0.0827345509221042,1.11389390212957,-0.0742750730243969,0.94079151107813,NA
"ENSMUSG00000082479",0.0355187493373064,1.16171280725677,7.35565536667627,0.157934643392857,0.874508299155349,NA
"ENSMUSG00000082480",7.85029112744377,0.498267134728872,1.21129136585207,0.411352007267361,0.680814439733624,NA
"ENSMUSG00000082481",2.77778097939015,-0.78779342912967,1.7609366915647,-0.447371806665954,0.654606628589935,NA
"ENSMUSG00000082482",0,NA,NA,NA,NA,NA
"ENSMUSG00000082483",0.0787531301177157,1.09484331714579,7.35467739410742,0.148863540639183,0.881661310950216,NA
"ENSMUSG00000082484",0.4913015713505,1.11520898840499,7.1441531826016,0.156100934554553,0.875953461726423,NA
"ENSMUSG00000082485",0.164709674232654,0,7.3561311249555,0,1,NA
"ENSMUSG00000082486",0.188084817037496,-1.1147628807117,7.29404123566046,-0.152831995967015,0.878530765000129,NA
"ENSMUSG00000082487",1.34647670221435,0.048761518676386,1.96332901303149,0.0248361422628271,0.980185662585569,NA
"ENSMUSG00000082489",0.159104998533335,0,7.3561311249555,0,1,NA
"ENSMUSG00000082490",0,NA,NA,NA,NA,NA
"ENSMUSG00000082491",0.655963558357817,-2.72941184793287,5.94635109679477,-0.459006170927932,0.646229734676211,NA
"ENSMUSG00000082492",0,NA,NA,NA,NA,NA
"ENSMUSG00000082494",0.0835185014178816,0,7.3561311249555,0,1,NA
"ENSMUSG00000082495",0.127065302257511,0,7.3561311249555,0,1,NA
"ENSMUSG00000082496",0.0406180793754555,0,7.3561311249555,0,1,NA
"ENSMUSG00000082497",0.12828806211241,-1.64186736897704,7.34937074119853,-0.223402441759155,0.823222304100128,NA
"ENSMUSG00000082498",0.163022968168295,0,7.3561311249555,0,1,NA
"ENSMUSG00000082499",2.79286988709211,-1.15426019801106,1.2429521649248,-0.928644102792885,0.353073557906846,NA
"ENSMUSG00000082500",0.507319353515745,0,7.3561311249555,0,1,NA
"ENSMUSG00000082501",0.0756264044904666,1.15731698913711,7.35586984577598,0.157332445163054,0.874982851127297,NA
"ENSMUSG00000082502",0.081236158750911,0,7.3561311249555,0,1,NA
"ENSMUSG00000082503",10.9402593548366,0.0766468986208048,0.72634436790624,0.105524186608271,0.915959878991528,NA
"ENSMUSG00000082504",0,NA,NA,NA,NA,NA
"ENSMUSG00000082505",0.509782066112989,-1.86747494316924,5.53835484803919,-0.337189471315729,0.735974073709692,NA
"ENSMUSG00000082507",3.95354865484949,-0.294544384834402,1.49518378761919,-0.196995437800601,0.843831107938815,NA
"ENSMUSG00000082508",1.09341145870155,-1.15845901144727,2.58972248535666,-0.447329402280617,0.654637240806097,NA
"ENSMUSG00000082510",2.83765466160353,1.09090064792472,1.57444301722583,0.692880362127606,0.488384634572123,NA
"ENSMUSG00000082511",0.11955187970141,0,7.3561311249555,0,1,NA
"ENSMUSG00000082512",0.406286308480372,1.15509497555693,7.35594168429679,0.157028838064715,0.875222120546103,NA
"ENSMUSG00000082513",0.0380762098104571,-1.67431590235222,7.3501929692546,-0.227792101425878,0.819807867435575,NA
"ENSMUSG00000082514",0,NA,NA,NA,NA,NA
"ENSMUSG00000082515",1.88260211872369,0.718758731470538,2.37404430231192,0.302757084512108,0.762074990904408,NA
"ENSMUSG00000082516",5.41886557810334,0.0702903931575307,1.00841366158974,0.0697039278967317,0.944429315379155,NA
"ENSMUSG00000082517",0.0380762098104571,-1.67431590235222,7.3501929692546,-0.227792101425878,0.819807867435575,NA
"ENSMUSG00000082519",0.149575543444665,0.766608320211001,7.2789789157311,0.105318112483364,0.91612339121845,NA
"ENSMUSG00000082520",20.7059449767637,0.971890051409679,0.594122438639097,1.63584134885715,0.101872795639626,NA
"ENSMUSG00000082523",0,NA,NA,NA,NA,NA
"ENSMUSG00000082524",0.368487243532338,2.12954918470934,6.88929875186497,0.309109716592397,0.757238068129073,NA
"ENSMUSG00000082526",0,NA,NA,NA,NA,NA
"ENSMUSG00000082527",0.228942077232968,1.17361432952798,7.35558679054349,0.159554140675331,0.873232306496759,NA
"ENSMUSG00000082528",0.0406180793754555,0,7.3561311249555,0,1,NA
"ENSMUSG00000082529",0,NA,NA,NA,NA,NA
"ENSMUSG00000082530",180.186663883144,-0.831246690213594,0.302341773357501,-2.74936103265722,0.00597115766419696,0.0465863405766274
"ENSMUSG00000082531",0.169519406847012,-1.918380961612,7.33996765291816,-0.261360955841448,0.79381416356445,NA
"ENSMUSG00000082532",7.70911452646692,0.502138206256028,1.0639750699067,0.471945462312441,0.636965716889476,NA
"ENSMUSG00000082533",0.575148830419999,1.15446432306086,4.22835119626643,0.273029431443688,0.784830591744598,NA
"ENSMUSG00000082534",0.55690495630778,-4.35617086540208,6.11677163825054,-0.712168301030115,0.476360563639294,NA
"ENSMUSG00000082535",3.87790209044974,-0.157549379125322,1.26647184158868,-0.124400222690849,0.900998397036697,NA
"ENSMUSG00000082536",12.0167623994667,-0.332740294549623,0.809908253671753,-0.410837021404747,0.681192044756906,NA
"ENSMUSG00000082537",0.192132629117656,0.767689660255771,7.27894680259527,0.105467134336255,0.916005147512088,NA
"ENSMUSG00000082538",0.0474375977968173,0,7.3561311249555,0,1,NA
"ENSMUSG00000082539",0,NA,NA,NA,NA,NA
"ENSMUSG00000082540",0,NA,NA,NA,NA,NA
"ENSMUSG00000082541",2.03922921833655,-0.51761970429394,1.38481951802171,-0.373781346635977,0.708566998476824,NA
"ENSMUSG00000082542",0.713118598415448,0.548143504858167,4.12433793800588,0.132904605077826,0.894268824890713,NA
"ENSMUSG00000082543",4.11091193538663,0.277833158224132,1.23242892976452,0.225435440141134,0.821640543877227,NA
"ENSMUSG00000082544",0,NA,NA,NA,NA,NA
"ENSMUSG00000082545",0.0812361587509111,0,7.3561311249555,0,1,NA
"ENSMUSG00000082546",0.0380762098104571,-1.67431590235222,7.3501929692546,-0.227792101425878,0.819807867435575,NA
"ENSMUSG00000082547",0.0406180793754555,0,7.3561311249555,0,1,NA
"ENSMUSG00000082548",0.0737059985363639,1.16744212210135,7.35537477481911,0.158719597279808,0.873889797506862,NA
"ENSMUSG00000082549",2.18595448340031,0.285869487170813,1.78830378028997,0.159855104217505,0.872995215268713,NA
"ENSMUSG00000082550",0.076550871536119,0,7.3561311249555,0,1,NA
"ENSMUSG00000082551",0.0406180793754555,0,7.3561311249555,0,1,NA
"ENSMUSG00000082552",0.127805903687433,0,7.3561311249555,0,1,NA
"ENSMUSG00000082553",0.0406180793754555,0,7.3561311249555,0,1,NA
"ENSMUSG00000082554",0.201664357434556,0,7.3561311249555,0,1,NA
"ENSMUSG00000082555",0.0736034460765393,-0.234353655794273,7.34999885308445,-0.0318848561038789,0.974563875578388,NA
"ENSMUSG00000082556",0.114228629431371,-3.13863321915088,7.26774571323647,-0.431857874916372,0.665844712909321,NA
"ENSMUSG00000082558",0.0474375977968173,0,7.3561311249555,0,1,NA
"ENSMUSG00000082560",0.441595452989932,-0.446400233547433,6.6772468649653,-0.0668539358473685,0.946697984816768,NA
"ENSMUSG00000082561",0.914502070255767,0.7036473061075,5.28574399511637,0.133121715080718,0.894097121838201,NA
"ENSMUSG00000082562",0.126728510231031,0,7.3561311249555,0,1,NA
"ENSMUSG00000082563",0.120672754215313,0,7.3561311249555,0,1,NA
"ENSMUSG00000082564",0.106615207946204,1.16445643191597,7.35551865780487,0.158310580951402,0.87421207089017,NA
"ENSMUSG00000082565",0.0380762098104571,-1.67431590235222,7.3501929692546,-0.227792101425878,0.819807867435575,NA
"ENSMUSG00000082566",0.393147399335573,2.74230016850844,7.26112692219438,0.377668672906174,0.705676742555521,NA
"ENSMUSG00000082567",0.480726730689206,-3.85764763152107,7.24626610593688,-0.532363506269869,0.594474255586957,NA
"ENSMUSG00000082569",0.333620352883474,-1.30332143981204,7.07933798942883,-0.184102163473225,0.853933309284021,NA
"ENSMUSG00000082570",0.0406180793754555,0,7.3561311249555,0,1,NA
"ENSMUSG00000082571",0.224689801547744,0,7.3561311249555,0,1,NA
"ENSMUSG00000082573",0.0352597853922181,1.155567702399,7.35595536263211,0.157092810577567,0.875171703562209,NA
"ENSMUSG00000082574",2.90320273543817,2.71168660786555,1.84153891684957,1.47251116066805,0.140882895419785,NA
"ENSMUSG00000082575",1.23562254313747,-1.22799832345226,1.99622638818339,-0.615159848963706,0.538449160756018,NA
"ENSMUSG00000082576",7.57026605188965,-0.757619459813447,1.03859376364967,-0.729466598327276,0.465716292416149,NA
"ENSMUSG00000082577",0.0761524196209141,-2.55627499047924,7.29465809108018,-0.350431090609309,0.726015196884991,NA
"ENSMUSG00000082578",1.1576721399475,0.743174253611892,2.56517387103282,0.289716912371583,0.772032816774597,NA
"ENSMUSG00000082579",1.14264516382572,-0.148993229225304,2.4445859601847,-0.0609482471273161,0.951400425186408,NA
"ENSMUSG00000082580",2.22480125038677,-1.74684040708386,2.24213988097222,-0.779095194688034,0.435923640584355,NA
"ENSMUSG00000082581",0.0841957709256386,0,7.3561311249555,0,1,NA
"ENSMUSG00000082583",0.142205237584104,2.16401052579006,7.28476728895925,0.297059664358781,0.76642095824793,NA
"ENSMUSG00000082584",0.0406180793754555,0,7.3561311249555,0,1,NA
"ENSMUSG00000082585",4464.36181372119,-1.77030200702747,1.31858738759886,-1.34257465502623,0.179409741733043,0.371639835924377
"ENSMUSG00000082586",0.0355838956388991,0,7.3561311249555,0,1,NA
"ENSMUSG00000082587",0.584218670446653,2.14453923217374,4.74731402959262,0.451737386405376,0.651458181506062,NA
"ENSMUSG00000082588",124.279912207865,-1.13897709659471,0.505047471462944,-2.25518819705302,0.0241215184645931,0.106494510952435
"ENSMUSG00000082589",0,NA,NA,NA,NA,NA
"ENSMUSG00000082590",0.0380762098104571,-1.67431590235222,7.3501929692546,-0.227792101425878,0.819807867435575,NA
"ENSMUSG00000082591",0.261978451926286,-1.86852779514389,7.34192758471725,-0.254500984051295,0.799108543952429,NA
"ENSMUSG00000082592",0.809063240236888,1.12345653546068,3.65233194332035,0.307599789092375,0.758386880710483,NA
"ENSMUSG00000082593",9.33108103591349,-0.744151760062583,1.25753874112377,-0.591752552607317,0.554016299821671,NA
"ENSMUSG00000082594",0.447208539137716,0.54730006250163,6.60194492034858,0.0828998225681552,0.933931195127042,NA
"ENSMUSG00000082595",0,NA,NA,NA,NA,NA
"ENSMUSG00000082596",2.12986988309229,1.39563367963676,1.65603872252872,0.842754254867708,0.399365896881016,NA
"ENSMUSG00000082597",0.15479344427556,-1.67117377996792,7.35011139333301,-0.227367136433303,0.820138272441906,NA
"ENSMUSG00000082598",1.83304034882809,-1.37795733668669,2.1929149077323,-0.62836790056375,0.529762960021861,NA
"ENSMUSG00000082599",0.807063542466465,0.747354890386941,3.11297990103292,0.240077004717878,0.810270560539909,NA
"ENSMUSG00000082600",0.330893562390984,0,7.3561311249555,0,1,NA
"ENSMUSG00000082601",0.044481691519064,0,7.3561311249555,0,1,NA
"ENSMUSG00000082602",0,NA,NA,NA,NA,NA
"ENSMUSG00000082604",12.6222885886295,1.05934904591153,0.959449846145399,1.10412133595881,0.269540507132553,NA
"ENSMUSG00000082605",0.930386769003855,-1.82630212306155,3.50385545861505,-0.521226444592958,0.602209034313439,NA
"ENSMUSG00000082606",0.0400922426516566,0,7.3561311249555,0,1,NA
"ENSMUSG00000082607",0.0889111953699219,0,7.3561311249555,0,1,NA
"ENSMUSG00000082608",2.29342362714473,-0.422050597964365,1.36573789296669,-0.309027522878183,0.757300590583995,NA
"ENSMUSG00000082609",6.36804586411424,-0.71074652346593,0.915774021969619,-0.776115620682576,0.437680721313318,NA
"ENSMUSG00000082610",0.160404897629389,0,7.3561311249555,0,1,NA
"ENSMUSG00000082611",0.0474375977968173,0,7.3561311249555,0,1,NA
"ENSMUSG00000082612",0,NA,NA,NA,NA,NA
"ENSMUSG00000082613",0.760527729239715,-1.30418889750357,4.02854833575208,-0.32373668845656,0.746137392030756,NA
"ENSMUSG00000082614",0.0894577310508771,0,7.35613112495549,0,1,NA
"ENSMUSG00000082615",0.523365671935889,1.15775736469016,7.35600902163303,0.157389334527099,0.874938018515235,NA
"ENSMUSG00000082616",0.344687135376426,-2.07308287034422,7.25505333294166,-0.285743298527023,0.775074739241801,NA
"ENSMUSG00000082617",3.79715094846739,-0.470750879479237,1.36699119407309,-0.344370089229753,0.730567980125103,NA
"ENSMUSG00000082618",0.230408254501595,-1.69757374568547,7.26767217974972,-0.233578744844258,0.815312030482013,NA
"ENSMUSG00000082619",0.331338012685224,2.10261887414818,7.23591174782501,0.290581055632718,0.771371750585943,NA
"ENSMUSG00000082620",0,NA,NA,NA,NA,NA
"ENSMUSG00000082621",0.208696244339273,0,7.3561311249555,0,1,NA
"ENSMUSG00000082622",2.25640006205234,-2.8368796034055,1.99516074692021,-1.4218802208216,0.155061026044594,NA
"ENSMUSG00000082623",0,NA,NA,NA,NA,NA
"ENSMUSG00000082624",0,NA,NA,NA,NA,NA
"ENSMUSG00000082625",0.273529112803124,-0.229080584573679,7.34982957117913,-0.0311681491870195,0.975135440833978,NA
"ENSMUSG00000082626",2.2430300156575,2.54949673996408,2.5066322181535,1.01710044317637,0.30910564950332,NA
"ENSMUSG00000082628",0,NA,NA,NA,NA,NA
"ENSMUSG00000082629",0.624230140251898,0,7.3561311249555,0,1,NA
"ENSMUSG00000082630",1.68134666382384,0.740118245933335,2.40717464674514,0.307463460091724,0.758490631511881,NA
"ENSMUSG00000082632",0.289466944073572,-2.53262101323749,7.29538642652358,-0.347153785305974,0.72847578822397,NA
"ENSMUSG00000082633",41.4396691300556,-0.370639001026815,0.538886183985295,-0.68778716553054,0.491586819534139,NA
"ENSMUSG00000082634",1.00653233156146,1.74362156044647,2.61817876480762,0.665967344890059,0.505431973118014,NA
"ENSMUSG00000082635",0.0414066693320352,0,7.3561311249555,0,1,NA
"ENSMUSG00000082636",0,NA,NA,NA,NA,NA
"ENSMUSG00000082637",0.0381979668618393,0,7.3561311249555,0,1,NA
"ENSMUSG00000082638",0.221952449282919,0,7.3561311249555,0,1,NA
"ENSMUSG00000082639",0.226095381068493,2.7453215710443,7.26107776410956,0.378087339129463,0.705365713371611,NA
"ENSMUSG00000082641",1.67275775868951,1.4871572670399,2.28417618591487,0.651069421093824,0.515001674870588,NA
"ENSMUSG00000082644",0.0352562618239449,1.15185860584754,7.35612993315599,0.156584864094884,0.875572032085961,NA
"ENSMUSG00000082645",0.845192129611027,4.72843840174766,6.27418216831117,0.753634222740527,0.451068888817141,NA
"ENSMUSG00000082646",1.44659097360329,0.459641960140201,1.76953643623177,0.259752752601697,0.795054498143972,NA
"ENSMUSG00000082647",0.346066277937656,2.14290535853098,7.2852785343392,0.294141857230357,0.768649507400397,NA
"ENSMUSG00000082648",0.502530102150507,-0.47964363065353,7.16045849450491,-0.0669850444663032,0.946593609244143,NA
"ENSMUSG00000082649",0.364684358935083,-0.237159337663094,6.99606575662774,-0.0338989577732915,0.972957724288349,NA
"ENSMUSG00000082650",0.0355187493373064,1.16171280725677,7.35565536667627,0.157934643392857,0.874508299155349,NA
"ENSMUSG00000082651",0.110720225938176,1.18419203726077,7.35507344858781,0.161003427843149,0.872090700837017,NA
"ENSMUSG00000082652",0.0406180793754555,0,7.3561311249555,0,1,NA
"ENSMUSG00000082653",0.123903857760872,0,7.3561311249555,0,1,NA
"ENSMUSG00000082655",1.3337941664636,-5.50469190739234,4.0563839328449,-1.35704410591423,0.174767196638285,NA
"ENSMUSG00000082656",0,NA,NA,NA,NA,NA
"ENSMUSG00000082657",0,NA,NA,NA,NA,NA
"ENSMUSG00000082658",2.14055009481304,1.12152917718835,2.54862846362557,0.440052048854902,0.659899410340966,NA
"ENSMUSG00000082660",0.0380762098104571,-1.67431590235222,7.3501929692546,-0.227792101425878,0.819807867435575,NA
"ENSMUSG00000082661",0.0735973580505619,-0.229262601888041,7.34979901444411,-0.0311930437060231,0.975115587534945,NA
"ENSMUSG00000082662",1.29599118717656,0.431052475490386,3.43095341490413,0.125636353329044,0.900019785150134,NA
"ENSMUSG00000082663",4.36324489991559,-1.09373611609725,2.17997411269505,-0.501719772600918,0.615864653931243,NA
"ENSMUSG00000082664",0.0710374986746129,2.16226366003378,7.28481246100722,0.296818026765623,0.766605441993722,NA
"ENSMUSG00000082665",0.133388690163546,-1.88762208086884,7.34117095740803,-0.25712820091242,0.797079808064296,NA
"ENSMUSG00000082666",0,NA,NA,NA,NA,NA
"ENSMUSG00000082667",0.0761524196209141,-2.55627499047924,7.29465809108018,-0.350431090609309,0.726015196884991,NA
"ENSMUSG00000082669",0.49062735012471,-0.243588177930919,5.62559507342288,-0.0432999842241949,0.965462403799342,NA
"ENSMUSG00000082670",0,NA,NA,NA,NA,NA
"ENSMUSG00000082671",0.173496925557862,0,7.3561311249555,0,1,NA
"ENSMUSG00000082672",0.135484087855522,-1.90003243291057,7.34068317382231,-0.258835913213949,0.795761847120779,NA
"ENSMUSG00000082673",0.413685446521923,-1.90778319109968,6.73806437753968,-0.283135197915144,0.777073201003313,NA
"ENSMUSG00000082674",147.827835234914,1.188979727736,1.16089567381293,1.02419171210349,0.30574473259678,0.516806888118873
"ENSMUSG00000082675",1.05801317873224,-0.455439755257277,2.42196043034591,-0.188045910887252,0.850840661414461,NA
"ENSMUSG00000082676",0.75115058268924,-1.11107318796327,5.84946222918612,-0.189944501636327,0.849352619940234,NA
"ENSMUSG00000082677",0.0710374986746129,2.16226366003378,7.28481246100722,0.296818026765623,0.766605441993722,NA
"ENSMUSG00000082678",0.0710374986746129,2.16226366003378,7.28481246100722,0.296818026765623,0.766605441993722,NA
"ENSMUSG00000082679",0.0736079185909498,-0.237909374476514,7.35013858584245,-0.0323680120718765,0.974178571783643,NA
"ENSMUSG00000082680",0.225799231237516,-1.6746177704984,7.35019874344409,-0.227832991861894,0.819776077315039,NA
"ENSMUSG00000082681",0,NA,NA,NA,NA,NA
"ENSMUSG00000082682",0.0380762098104571,-1.67431590235222,7.3501929692546,-0.227792101425878,0.819807867435575,NA
"ENSMUSG00000082683",0.537351185203359,-3.25001936663063,4.19159507139669,-0.775365776338619,0.438123551984979,NA
"ENSMUSG00000082684",1.85678639076991,1.97582207554726,2.14459763671262,0.921301992375566,0.356892781208137,NA
"ENSMUSG00000082686",1.79115167057746,-0.128521363609065,1.97814630477591,-0.064970605712414,0.948197404034156,NA
"ENSMUSG00000082687",56.2318291142046,-0.58366825065187,0.598648373136367,-0.974976759051368,0.329571788472114,NA
"ENSMUSG00000082688",0.227607692725655,0,7.3561311249555,0,1,NA
"ENSMUSG00000082689",0.0909313055672551,0,7.3561311249555,0,1,NA
"ENSMUSG00000082690",0,NA,NA,NA,NA,NA
"ENSMUSG00000082691",1398.2367418199,-0.514198480165509,0.386558466643721,-1.330195881182,0.183453740886794,0.376731267361535
"ENSMUSG00000082692",0.0737077741686195,1.16644772232939,7.35542306278643,0.158583362557463,0.873997137660518,NA
"ENSMUSG00000082693",0.342659563233558,0,7.3561311249555,0,1,NA
"ENSMUSG00000082696",0,NA,NA,NA,NA,NA
"ENSMUSG00000082698",0.0710374986746129,2.16226366003378,7.28481246100722,0.296818026765623,0.766605441993722,NA
"ENSMUSG00000082699",0.168833556086201,0,7.3561311249555,0,1,NA
"ENSMUSG00000082700",0.0380762098104571,-1.67431590235222,7.3501929692546,-0.227792101425878,0.819807867435575,NA
"ENSMUSG00000082701",0.0804717106190361,1.13982733563736,7.35555411607077,0.154961450578823,0.87685170811428,NA
"ENSMUSG00000082703",0.288802423003278,-1.66612694332426,7.3499851632389,-0.226684395453943,0.820669161902687,NA
"ENSMUSG00000082704",0,NA,NA,NA,NA,NA
"ENSMUSG00000082705",3.05569970211495,-2.54851851576127,1.71447775290777,-1.48646928281161,0.137155035907203,NA
"ENSMUSG00000082706",0.525683849253096,-2.84442819033139,7.19659348393463,-0.395246472748693,0.692660998557375,NA
"ENSMUSG00000082707",1.72564782194444,-2.12974978794012,2.15532224588123,-0.988135204380698,0.323086436481945,NA
"ENSMUSG00000082708",0.506546937445399,-0.410527950992823,4.41257246718541,-0.0930359680312925,0.925874986772566,NA
"ENSMUSG00000082709",0.702549346389304,-0.836241737971585,3.4733956565366,-0.240756257179587,0.80974403416586,NA
"ENSMUSG00000082710",0.0381979668618393,0,7.3561311249555,0,1,NA
"ENSMUSG00000082711",8.405823558449,1.27448917002121,1.19413135701905,1.06729394762964,0.285839120282303,NA
"ENSMUSG00000082712",0,NA,NA,NA,NA,NA
"ENSMUSG00000082713",0.0758187598997681,-2.55009861363489,7.29484718526521,-0.349575330211963,0.726657427802908,NA
"ENSMUSG00000082714",0.0407969102058399,0,7.3561311249555,0,1,NA
"ENSMUSG00000082715",1.29234694094213,0.587649585838724,3.19009297263821,0.184210802280392,0.853848085502062,NA
"ENSMUSG00000082716",0.474915592766407,-1.65213511327424,6.51282152381297,-0.253674249667905,0.799747229239603,NA
"ENSMUSG00000082717",0,NA,NA,NA,NA,NA
"ENSMUSG00000082718",0.078172068851004,-1.67271051223132,7.35015233185975,-0.227574944941052,0.819976699914444,NA
"ENSMUSG00000082720",0,NA,NA,NA,NA,NA
"ENSMUSG00000082721",4.6114484300709,-0.277937320690302,1.04009078531961,-0.267224096793527,0.789296623988813,NA
"ENSMUSG00000082722",0.0761524196209141,-2.55627499047924,7.29465809108018,-0.350431090609309,0.726015196884991,NA
"ENSMUSG00000082723",0,NA,NA,NA,NA,NA
"ENSMUSG00000082724",0.792262710384837,3.96236654559224,7.23387070112304,0.547751917238042,0.583862258264947,NA
"ENSMUSG00000082725",0.0407969102058399,0,7.3561311249555,0,1,NA
"ENSMUSG00000082726",0.625718629258858,1.14465964632431,3.89204005948211,0.294102740164658,0.768679397087819,NA
"ENSMUSG00000082727",22.9766549317228,0.619031583247939,0.907746766511012,0.681943033107383,0.495274973095478,NA
"ENSMUSG00000082728",0.0474375977968173,0,7.3561311249555,0,1,NA
"ENSMUSG00000082729",74.5489978055986,-0.976963672954629,0.482777965098022,-2.02362937744325,0.043008299997216,0.154035161403072
"ENSMUSG00000082730",0.370950865591324,-1.30786730993506,6.89203049838365,-0.189765165758014,0.849493153550599,NA
"ENSMUSG00000082732",0,NA,NA,NA,NA,NA
"ENSMUSG00000082733",0.245621589682462,-2.51511645951925,7.29593054593319,-0.344728673564634,0.730298359634293,NA
"ENSMUSG00000082734",0,NA,NA,NA,NA,NA
"ENSMUSG00000082735",0,NA,NA,NA,NA,NA
"ENSMUSG00000082736",0.234612274846829,0.769201319405021,7.27916758255274,0.105671604710503,0.915842910339075,NA
"ENSMUSG00000082737",0.930363534528983,-3.53840542012813,4.81383852450128,-0.735048631589634,0.462309877030514,NA
"ENSMUSG00000082738",0,NA,NA,NA,NA,NA
"ENSMUSG00000082739",0,NA,NA,NA,NA,NA
"ENSMUSG00000082740",1.07878279594623,-0.0710317326636869,3.69195451419678,-0.0192396012438795,0.984649966217869,NA
"ENSMUSG00000082741",23.9336159758238,-0.476683500947347,0.47629258078795,-1.00082075634844,0.316913472847721,NA
"ENSMUSG00000082743",0.777126091025234,1.14460209127069,4.10504649753996,0.278828045420831,0.780376790524938,NA
"ENSMUSG00000082744",0,NA,NA,NA,NA,NA
"ENSMUSG00000082745",0.0463864331927929,0,7.3561311249555,0,1,NA
"ENSMUSG00000082746",1.2081153894375,0.83589001689799,2.58020624572143,0.323962481016425,0.745966439474409,NA
"ENSMUSG00000082749",0.866542616420142,-1.13213189558334,3.76778025238308,-0.300477156242667,0.763813218530707,NA
"ENSMUSG00000082750",0.0355187493373064,1.16171280725677,7.35565536667627,0.157934643392857,0.874508299155349,NA
"ENSMUSG00000082751",0,NA,NA,NA,NA,NA
"ENSMUSG00000082752",0.151810946037601,2.73220133408045,7.26129302186235,0.376269257535032,0.706716731761618,NA
"ENSMUSG00000082754",0,NA,NA,NA,NA,NA
"ENSMUSG00000082755",1.2512217468614,0.858870905871058,2.34378806304929,0.366445635341985,0.714032572179255,NA
"ENSMUSG00000082757",0,NA,NA,NA,NA,NA
"ENSMUSG00000082758",2.72495247092381,-1.29332443437656,1.68556087252622,-0.767296189332045,0.442905433590642,NA
"ENSMUSG00000082759",0.11625012957774,1.15627980905114,7.35592053857154,0.157190361558158,0.875094824233946,NA
"ENSMUSG00000082760",0,NA,NA,NA,NA,NA
"ENSMUSG00000082762",9.52071274578859,1.98482287107355,0.911009227400987,2.17870775769862,0.029353385095274,NA
"ENSMUSG00000082763",0,NA,NA,NA,NA,NA
"ENSMUSG00000082765",3.3131807186226,3.1298266049217,1.98050289443533,1.5803191268822,0.114033801778848,NA
"ENSMUSG00000082766",5.64150136882549,-0.130204743924164,1.12751029638385,-0.11547987130739,0.90806477410077,NA
"ENSMUSG00000082767",0.0765205583347017,1.14565873673553,7.35597194185167,0.1557453924229,0.876233715739581,NA
"ENSMUSG00000082768",1.69388041500495,1.18735812222368,2.70353822833872,0.439186733066206,0.660526237307231,NA
"ENSMUSG00000082769",2.96557432002245,-0.0803303722904536,1.50719119872533,-0.0532980635491975,0.957494423074527,NA
"ENSMUSG00000082770",0.12570590015972,0,7.3561311249555,0,1,NA
"ENSMUSG00000082771",0.154804864571705,0,7.3561311249555,0,1,NA
"ENSMUSG00000082772",0.0355187493373065,1.16171280725677,7.35565536667627,0.157934643392857,0.874508299155349,NA
"ENSMUSG00000082773",0.0488582735869228,-1.88445199085273,7.34129618423011,-0.256691998737325,0.797416548724726,NA
"ENSMUSG00000082774",15.1325427360471,0.0632876422120986,0.739903297320152,0.0855350184832524,0.931836056747639,NA
"ENSMUSG00000082775",0,NA,NA,NA,NA,NA
"ENSMUSG00000082776",0.77496593964178,0.8582567409571,5.68332688382395,0.151013087668755,0.879965391832583,NA
"ENSMUSG00000082777",0,NA,NA,NA,NA,NA
"ENSMUSG00000082778",5.54547140357854,1.71929518584372,1.51715723697856,1.133234673334,0.257115716947896,NA
"ENSMUSG00000082779",0.041372325189651,0,7.3561311249555,0,1,NA
"ENSMUSG00000082780",0.571458100673907,2.71227099626488,4.63344736170046,0.585367823250609,0.558300419511593,NA
"ENSMUSG00000082781",0,NA,NA,NA,NA,NA
"ENSMUSG00000082782",0,NA,NA,NA,NA,NA
"ENSMUSG00000082783",0.186790598554846,3.1200243243815,7.2496608763743,0.430368313440598,0.666927741196742,NA
"ENSMUSG00000082784",0.351489912751749,3.45084906870784,7.24209262413339,0.476498886138007,0.633719000702313,NA
"ENSMUSG00000082785",0,NA,NA,NA,NA,NA
"ENSMUSG00000082786",0.125709749151799,0,7.3561311249555,0,1,NA
"ENSMUSG00000082788",0,NA,NA,NA,NA,NA
"ENSMUSG00000082789",0.0414066693320352,0,7.3561311249555,0,1,NA
"ENSMUSG00000082790",0.527015995946998,0,4.80732885826098,0,1,NA
"ENSMUSG00000082791",0.133691387727833,-1.66245617729096,7.34989236465358,-0.226187826271564,0.821055338509476,NA
"ENSMUSG00000082792",5.29063603612998,-1.5898002823633,1.14476484297908,-1.38875708152085,0.164906630092804,NA
"ENSMUSG00000082793",0.238111829074585,2.13308021373528,7.28552017901409,0.292783515977296,0.769687628756563,NA
"ENSMUSG00000082794",0,NA,NA,NA,NA,NA
"ENSMUSG00000082795",0,NA,NA,NA,NA,NA
"ENSMUSG00000082796",0,NA,NA,NA,NA,NA
"ENSMUSG00000082797",0.235232864613325,2.16198449155681,7.2848172614607,0.296779509212192,0.766634850323607,NA
"ENSMUSG00000082798",0,NA,NA,NA,NA,NA
"ENSMUSG00000082799",0,NA,NA,NA,NA,NA
"ENSMUSG00000082800",0.0853522032681496,0,7.3561311249555,0,1,NA
"ENSMUSG00000082802",0,NA,NA,NA,NA,NA
"ENSMUSG00000082804",1.12682095128894,0.292446448417232,1.943612876964,0.150465379131489,0.880397463190969,NA
"ENSMUSG00000082806",41.9207628811605,-0.500185629697504,0.37140957499776,-1.34672249551057,0.178069624409873,NA
"ENSMUSG00000082807",0,NA,NA,NA,NA,NA
"ENSMUSG00000082809",35.6580647776891,-2.78409658676212,1.95358309004873,-1.42512320102682,0.154121591130717,NA
"ENSMUSG00000082810",0.822161887752582,-1.6662408243792,3.21478189710529,-0.51830602439299,0.604244770322577,NA
"ENSMUSG00000082812",0.257288566869142,-2.51572229223049,7.29591368514252,-0.344812507493549,0.730235329491296,NA
"ENSMUSG00000082814",0.366241530698043,2.57211927290663,7.22790075929354,0.355859793675147,0.721945567316339,NA
"ENSMUSG00000082815",0.128310186904334,0,7.3561311249555,0,1,NA
"ENSMUSG00000082816",4.36299549992375,-2.34391131673906,1.99755629232468,-1.17338936867271,0.240639698578692,NA
"ENSMUSG00000082817",0.201626231048673,-1.66108719923922,7.34985647827324,-0.226002671501073,0.821199342525436,NA
"ENSMUSG00000082818",0.11815045612872,-2.53055604192821,7.29545054483385,-0.346867685056159,0.728690724736169,NA
"ENSMUSG00000082819",2.29769885002053,-1.70704246282958,1.65491327374633,-1.0314996501087,0.302306572212752,NA
"ENSMUSG00000082820",125.314850116544,-0.50605194824733,0.393964082265025,-1.28451290619662,0.198962550691036,0.395325590669526
"ENSMUSG00000082821",0,NA,NA,NA,NA,NA
"ENSMUSG00000082822",0,NA,NA,NA,NA,NA
"ENSMUSG00000082823",0.0425774740632087,0,7.3561311249555,0,1,NA
"ENSMUSG00000082824",0.0406180793754555,0,7.3561311249555,0,1,NA
"ENSMUSG00000082825",0.0444816915190641,0,7.3561311249555,0,1,NA
"ENSMUSG00000082826",3.38707660510487,-1.80586818518127,1.5732043678982,-1.14789166749767,0.251013288448959,NA
"ENSMUSG00000082827",0.129587838160547,0,7.3561311249555,0,1,NA
"ENSMUSG00000082828",6.73465502730289,0.431668721253418,1.12118793031835,0.385010139317902,0.700229903431531,NA
"ENSMUSG00000082829",0.0737821907984274,0,7.3561311249555,0,1,NA
"ENSMUSG00000082831",5.72058289210087,-0.0887701183550948,1.07710432856894,-0.0824155246623478,0.934316291151506,NA
"ENSMUSG00000082832",0,NA,NA,NA,NA,NA
"ENSMUSG00000082833",0.0865546972279984,0,7.3561311249555,0,1,NA
"ENSMUSG00000082835",0.0488582735869228,-1.88445199085272,7.34129618423011,-0.256691998737325,0.797416548724726,NA
"ENSMUSG00000082836",0.0711026941638402,1.16497240516739,7.35549483720795,0.158381241636436,0.874156394216729,NA
"ENSMUSG00000082837",0.0787090000323267,-1.66937485034352,7.35006771953643,-0.227123737364533,0.820327526579528,NA
"ENSMUSG00000082838",0.111303356520542,2.14552924805185,7.28521770842392,0.294504479333675,0.768372441098943,NA
"ENSMUSG00000082839",0,NA,NA,NA,NA,NA
"ENSMUSG00000082840",0.0824891505141747,0,7.3561311249555,0,1,NA
"ENSMUSG00000082841",0.0832934329054591,0,7.3561311249555,0,1,NA
"ENSMUSG00000082842",0.0380762098104571,-1.67431590235222,7.3501929692546,-0.227792101425878,0.819807867435575,NA
"ENSMUSG00000082843",0.160077647034731,-0.150180322817898,7.34269276983253,-0.0204530309963279,0.983681980064304,NA
"ENSMUSG00000082844",0.501087179454569,-1.65314438645157,4.91300724166284,-0.336483197588785,0.736506520063451,NA
"ENSMUSG00000082845",5.14699680801055,0.102427000750583,0.939562120382406,0.109015677120843,0.913190055900434,NA
"ENSMUSG00000082846",0.0380762098104571,-1.67431590235222,7.3501929692546,-0.227792101425878,0.819807867435575,NA
"ENSMUSG00000082847",0.249636138026342,2.11126061737074,7.28606166856811,0.289767052957932,0.771994454895836,NA
"ENSMUSG00000082849",0.252602562012768,0,7.3561311249555,0,1,NA
"ENSMUSG00000082850",0.437467284922233,-2.42509936066186,7.24588605487152,-0.33468637821477,0.737861678046919,NA
"ENSMUSG00000082851",0.385719112087379,-0.43819400587687,5.93244319684348,-0.0738640036385048,0.941118598511164,NA
"ENSMUSG00000082852",0.625245380908192,1.15335227626172,3.82488419156855,0.301539136480037,0.763003411289699,NA
"ENSMUSG00000082853",0.156989096028047,-1.6742911048818,7.35019108111951,-0.22778878622388,0.819810444840271,NA
"ENSMUSG00000082855",6.26298906961053,-0.260252544716047,2.15709260251605,-0.120649685791183,0.903968512684829,NA
"ENSMUSG00000082856",0,NA,NA,NA,NA,NA
"ENSMUSG00000082857",0,NA,NA,NA,NA,NA
"ENSMUSG00000082858",0,NA,NA,NA,NA,NA
"ENSMUSG00000082859",0.035583895638899,0,7.3561311249555,0,1,NA
"ENSMUSG00000082860",0.506309483657363,0.557461443648748,5.53985287178666,0.10062748173111,0.91984618016433,NA
"ENSMUSG00000082861",2.30159751324609,0.704323632325525,1.95576647563921,0.360126651672627,0.718752422916267,NA
"ENSMUSG00000082862",0.0736091863398001,-0.23889183471711,7.35017721789095,-0.0325015067848469,0.974072114425319,NA
"ENSMUSG00000082863",0.0355187493373065,1.16171280725677,7.35565536667627,0.157934643392857,0.874508299155349,NA
"ENSMUSG00000082864",0,NA,NA,NA,NA,NA
"ENSMUSG00000082865",0.509248250081929,-3.8652861876493,7.24616714913187,-0.533424927702969,0.593739465579744,NA
"ENSMUSG00000082867",3.45504984487342,0.156072815417033,1.47321250063462,0.105940463680427,0.915629589322186,NA
"ENSMUSG00000082868",0.118572699995703,0,7.3561311249555,0,1,NA
"ENSMUSG00000082869",0,NA,NA,NA,NA,NA
"ENSMUSG00000082870",7.19115160769646,-1.86996221186629,1.20873687184025,-1.5470382805642,0.121854015114465,NA
"ENSMUSG00000082871",0.0463864331927929,0,7.3561311249555,0,1,NA
"ENSMUSG00000082872",0.7595582398189,-0.454747177616336,4.3048974398335,-0.105634845887043,0.915872076397087,NA
"ENSMUSG00000082873",0.962900586770047,5.06197667822465,6.90400789368523,0.733193929696199,0.463440157192236,NA
"ENSMUSG00000082874",0.74150727955282,0.755409288121773,3.76767904856854,0.200497250000309,0.84109170851543,NA
"ENSMUSG00000082875",1.88403179480377,-1.69772469576576,1.85637881611556,-0.914535697686006,0.360435429200284,NA
"ENSMUSG00000082876",0.113015624113328,2.13112473884066,7.2855701292728,0.292513104812207,0.769894341633427,NA
"ENSMUSG00000082877",5.79464589010877,-0.786857531299677,0.912222777244781,-0.862571677585437,0.388373007987038,NA
"ENSMUSG00000082878",2.63409766687247,0.405991810753817,1.73681502450525,0.233756505457147,0.815174017722611,NA
"ENSMUSG00000082879",0.998668077453832,-0.301476283755558,2.61889677406339,-0.115115756658021,0.90835337092372,NA
"ENSMUSG00000082882",1.02313776983352,4.61971635980492,4.60648601267052,1.00287211273366,0.315922569486186,NA
"ENSMUSG00000082884",1.56556982160539,-0.0612159517189979,2.12671736687586,-0.0287842440525719,0.977036667098573,NA
"ENSMUSG00000082886",0,NA,NA,NA,NA,NA
"ENSMUSG00000082887",0,NA,NA,NA,NA,NA
"ENSMUSG00000082888",0.0787124866575164,-1.66830379958016,7.35004057166753,-0.226978855873399,0.820440183669911,NA
"ENSMUSG00000082889",0.0352597853922181,1.155567702399,7.35595536263211,0.157092810577567,0.875171703562209,NA
"ENSMUSG00000082890",0.2243884301576,-2.73011382140775,7.28506288352797,-0.374755011048803,0.707842675801346,NA
"ENSMUSG00000082891",0,NA,NA,NA,NA,NA
"ENSMUSG00000082892",0.0380762098104571,-1.67431590235222,7.3501929692546,-0.227792101425878,0.819807867435575,NA
"ENSMUSG00000082893",0.256313017660622,0,7.3561311249555,0,1,NA
"ENSMUSG00000082894",51.9773539760297,-0.0968669946426377,0.901815885898152,-0.107413271552834,0.914461126243769,NA
"ENSMUSG00000082895",14.0209704148048,-0.740270739362155,0.722506506387451,-1.02458695225255,0.30555812360995,NA
"ENSMUSG00000082896",10.405348112075,-1.39806047734033,0.880078200297791,-1.58856392178249,0.112158878888319,NA
"ENSMUSG00000082897",0,NA,NA,NA,NA,NA
"ENSMUSG00000082898",0.164125749525263,-1.66428889626862,7.34993881231828,-0.226435748482603,0.820862526597541,NA
"ENSMUSG00000082899",0,NA,NA,NA,NA,NA
"ENSMUSG00000082900",4.63000906920581,-1.33298197647576,1.56670297958667,-0.850819838759375,0.394869439508198,NA
"ENSMUSG00000082901",15.1609912357983,-1.12122750943891,0.680807995691345,-1.64690708178351,0.0995771460638898,NA
"ENSMUSG00000082902",0,NA,NA,NA,NA,NA
"ENSMUSG00000082903",0.0761524196209141,-2.55627499047924,7.29465809108018,-0.350431090609309,0.726015196884991,NA
"ENSMUSG00000082905",0.169061175445216,0,7.3561311249555,0,1,NA
"ENSMUSG00000082906",0.251077317311064,0,7.3561311249555,0,1,NA
"ENSMUSG00000082907",0.0406180793754555,0,7.3561311249555,0,1,NA
"ENSMUSG00000082908",858.435505003538,-0.777701975333579,0.246322050461159,-3.15725682649029,0.0015926100890539,0.0245599855386862
"ENSMUSG00000082910",0.0356013562036038,1.16280349110367,7.35421680077287,0.158113844424802,0.874367091565744,NA
"ENSMUSG00000082911",0,NA,NA,NA,NA,NA
"ENSMUSG00000082912",1.61952155851744,0,2.70004297637815,0,1,NA
"ENSMUSG00000082913",0.0761600327129036,1.15580976629136,7.3559435232338,0.157125970671298,0.875145570163929,NA
"ENSMUSG00000082915",0.183555601953266,0,7.3561311249555,0,1,NA
"ENSMUSG00000082917",1.35120467182181,-0.38557896497861,2.47168672079865,-0.155998315536534,0.876034348974068,NA
"ENSMUSG00000082918",0,NA,NA,NA,NA,NA
"ENSMUSG00000082919",0.580908168050962,-1.11993526966165,4.78840328861815,-0.233884909469445,0.815074328833825,NA
"ENSMUSG00000082920",4.1525233535886,0.544274005802511,1.53802825354973,0.353877768205065,0.72343048875109,NA
"ENSMUSG00000082922",1.46423896216774,-0.331220048261999,3.36482145001328,-0.0984361438437369,0.921585975395654,NA
"ENSMUSG00000082924",1.782516878085,0.125788036984758,1.60580799282685,0.0783331740448755,0.937563029455649,NA
"ENSMUSG00000082925",1.0758366244313,-4.13275502490952,6.96072370718113,-0.593724905449976,0.552696122439185,NA
"ENSMUSG00000082926",7.96927488710903,-0.195928400021493,0.93227909438162,-0.210160670986033,0.833542274056683,NA
"ENSMUSG00000082927",3.90674884778667,-2.58189278942392,1.94829548207994,-1.32520596242803,0.185102848329455,NA
"ENSMUSG00000082928",0.677318820708536,0.0741671320586894,5.08908982019478,0.0145737518257932,0.988372240038228,NA
"ENSMUSG00000082929",0.624556453821775,2.71058877656357,4.02870597440447,0.672818714938426,0.501062629950196,NA
"ENSMUSG00000082930",0.1819590816294,3.15942172449731,7.2491718985913,0.435832087953559,0.662958560901848,NA
"ENSMUSG00000082931",0.741539703412422,-1.21239617399006,4.41941786946268,-0.274333907722888,0.783828029071316,NA
"ENSMUSG00000082932",0.0380762098104571,-1.67431590235222,7.3501929692546,-0.227792101425878,0.819807867435575,NA
"ENSMUSG00000082933",0,NA,NA,NA,NA,NA
"ENSMUSG00000082934",0.0817071075504284,0,7.3561311249555,0,1,NA
"ENSMUSG00000082935",3.32632339525024,2.48599787767916,1.94904498807471,1.27549537998856,0.202133958354987,NA
"ENSMUSG00000082936",0.710199983133954,-1.66704556306394,4.19962521995339,-0.396951031521438,0.691403571358855,NA
"ENSMUSG00000082937",0.195699336811311,2.15867991487852,7.28489694285667,0.296322642833712,0.766983695543831,NA
"ENSMUSG00000082938",180.632077455314,-0.325293457316139,0.421268546721534,-0.772175990464257,0.440010199736411,0.641519295633396
"ENSMUSG00000082939",0.0406180793754555,0,7.3561311249555,0,1,NA
"ENSMUSG00000082940",0.0406180793754555,0,7.3561311249555,0,1,NA
"ENSMUSG00000082941",0.190279526051804,0,7.3561311249555,0,1,NA
"ENSMUSG00000082943",0,NA,NA,NA,NA,NA
"ENSMUSG00000082945",0.280498948343614,1.34969288942506,7.25511367417651,0.186033320777466,0.852418631207847,NA
"ENSMUSG00000082947",1.58132878246078,1.14363674845911,2.95578415899399,0.386914837803432,0.69881925607355,NA
"ENSMUSG00000082949",0.318696778891299,1.14856365388798,7.35577528427236,0.156144472812235,0.875919144016799,NA
"ENSMUSG00000082950",0.209387315965937,0,7.3561311249555,0,1,NA
"ENSMUSG00000082951",0.505997755744473,-1.82593192191406,5.46880897185419,-0.3338810939112,0.738469286815708,NA
"ENSMUSG00000082952",3.50279133520111,1.40324813742411,1.4101482952486,0.995106785685067,0.319684330703049,NA
"ENSMUSG00000082953",0.0425919574685933,0,7.3561311249555,0,1,NA
"ENSMUSG00000082954",1.35421357474138,0.784717722689583,2.76849566183715,0.283445530909321,0.776835330166447,NA
"ENSMUSG00000082955",0.280942682354284,-1.66871727924783,7.35005009840026,-0.227034817029482,0.820396668900637,NA
"ENSMUSG00000082956",0.294613957299866,0,7.3561311249555,0,1,NA
"ENSMUSG00000082957",0.449977717909958,-2.42538464673299,7.15734324299165,-0.338866610750838,0.734710218562734,NA
"ENSMUSG00000082958",0,NA,NA,NA,NA,NA
"ENSMUSG00000082960",0.569364392349985,1.13961732523392,5.50417657303006,0.20704592414748,0.835973993191332,NA
"ENSMUSG00000082961",4.82604908433745,0.277072251134146,0.959185028243109,0.288862151697306,0.77268686816006,NA
"ENSMUSG00000082962",0,NA,NA,NA,NA,NA
"ENSMUSG00000082963",0.213016552974859,-0.444358982874175,7.34164963599091,-0.0605257680366273,0.951736893541718,NA
"ENSMUSG00000082964",5.5616611712781,1.04239281749463,1.16715391502216,0.893106559536186,0.371800110550778,NA
"ENSMUSG00000082965",2.26258312146865,0.746064284491307,2.13128336717861,0.350054007824846,0.726298166201997,NA
"ENSMUSG00000082966",0.280504397147964,0,7.3561311249555,0,1,NA
"ENSMUSG00000082967",1.20972325879111,-0.839781697512257,2.5052569753436,-0.335207807333649,0.737468333000554,NA
"ENSMUSG00000082968",0,NA,NA,NA,NA,NA
"ENSMUSG00000082969",4.34631408499855,0.70794271801042,1.20827514495057,0.585911843812181,0.557934757780118,NA
"ENSMUSG00000082970",0,NA,NA,NA,NA,NA
"ENSMUSG00000082971",0.391017983399938,-0.229173162886003,6.88455156774006,-0.0332880305465171,0.97344489871149,NA
"ENSMUSG00000082973",0,NA,NA,NA,NA,NA
"ENSMUSG00000082974",0.0872452842740389,0,7.3561311249555,0,1,NA
"ENSMUSG00000082975",0.0833830670452522,0,7.3561311249555,0,1,NA
"ENSMUSG00000082976",1.20970923345966,-0.927831807012922,3.33348373418987,-0.278336983467661,0.780753688612744,NA
"ENSMUSG00000082977",0.0736666242043632,-1.67663614290697,7.35025087338337,-0.228105975127785,0.81956385506009,NA
"ENSMUSG00000082978",37.3611553337936,-0.405489586332214,0.447361953158784,-0.906401591528038,0.364723330723942,NA
"ENSMUSG00000082980",2.10203803400048,2.52776840236474,2.19980656383966,1.14908667149017,0.250520243775495,NA
"ENSMUSG00000082981",1.02170066344746,-1.49844734482857,3.33686597048032,-0.449058295443877,0.653389604135186,NA
"ENSMUSG00000082982",0,NA,NA,NA,NA,NA
"ENSMUSG00000082983",11.2226482140709,-0.20369847955029,0.872151001785437,-0.233558729088525,0.81532757100844,NA
"ENSMUSG00000082985",0.627010905001585,3.73573766843532,7.23727125042636,0.516180413745753,0.605728408590298,NA
"ENSMUSG00000082986",9.76619231968106,1.88702941560857,0.909990191957842,2.07368104874695,0.0381089424101717,NA
"ENSMUSG00000082987",3.32598648521811,-0.658122598276701,1.37451292548154,-0.478804226628963,0.632077909552688,NA
"ENSMUSG00000082988",0.123303588752498,1.15725483320782,7.35587288269625,0.157323930369992,0.874989561386497,NA
"ENSMUSG00000082989",0.277364296271051,-1.11018380675785,7.29503729659678,-0.152183431231498,0.87904226170901,NA
"ENSMUSG00000082990",2.99271916524592,0.632369212199835,1.660512758838,0.380827674363885,0.703331122727353,NA
"ENSMUSG00000082991",0.328556756782135,1.13267557598749,7.17892199357864,0.157777947301926,0.874631776481368,NA
"ENSMUSG00000082993",0.0838066100154091,0,7.3561311249555,0,1,NA
"ENSMUSG00000082994",0,NA,NA,NA,NA,NA
"ENSMUSG00000082995",0.116949828568586,1.15602966522629,7.35593276951295,0.157156094468061,0.875121829782765,NA
"ENSMUSG00000082996",5.09454749262167,1.29388595405415,1.51771604287234,0.852521761320665,0.393924566204986,NA
"ENSMUSG00000082997",0,NA,NA,NA,NA,NA
"ENSMUSG00000082998",1.43693336568195,-0.472647125223362,3.28333115702698,-0.143953534571681,0.885537161409114,NA
"ENSMUSG00000083000",0.253599422416502,1.20933247453248,7.17948725956737,0.168442735645352,0.866234990188614,NA
"ENSMUSG00000083001",0.349574767606179,1.01393057175652,7.16997476426926,0.141413408706726,0.887543362101079,NA
"ENSMUSG00000083004",4.8199288738207,1.02532612577073,1.18996709274737,0.861642420214726,0.388884320051399,NA
"ENSMUSG00000083005",0,NA,NA,NA,NA,NA
"ENSMUSG00000083006",0.326922412575926,0,7.3561311249555,0,1,NA
"ENSMUSG00000083007",4.89494427566707,-2.17604200083115,1.28973709228677,-1.68719812265995,0.0915652622783646,NA
"ENSMUSG00000083008",0,NA,NA,NA,NA,NA
"ENSMUSG00000083009",0.0908914916790086,-1.90471781239245,7.34050003091395,-0.259480662675687,0.795264400163681,NA
"ENSMUSG00000083010",0.0425919574685933,0,7.3561311249555,0,1,NA
"ENSMUSG00000083011",6.82236838912112,-0.165317844235979,1.03528204130168,-0.159683871293779,0.873130106702167,NA
"ENSMUSG00000083012",53.6768620979645,-0.348534017780569,0.73437097884647,-0.474602112311188,0.635070600396732,NA
"ENSMUSG00000083013",0.721225153647454,3.13750487370486,6.5660361957522,0.477838498017209,0.632765157959672,NA
"ENSMUSG00000083014",0.0781708199849284,-1.67325289669308,7.35016608122997,-0.227648311371637,0.819919658840574,NA
"ENSMUSG00000083015",0.754962778963883,0.117900788195612,5.53601569805441,0.0212970473037219,0.983008699216406,NA
"ENSMUSG00000083016",1.51687276870804,0.387065098395102,2.109991427818,0.18344391986245,0.854449717441897,NA
"ENSMUSG00000083017",3.43147307798165,-1.34169208012534,1.35356173454363,-0.991230799367794,0.321572894562518,NA
"ENSMUSG00000083018",0,NA,NA,NA,NA,NA
"ENSMUSG00000083019",4.47750899923356,-1.40150413676185,1.42752034304046,-0.981775246562727,0.326210585537443,NA
"ENSMUSG00000083020",0,NA,NA,NA,NA,NA
"ENSMUSG00000083022",76.0596277658914,-0.404420190000421,0.444423684402041,-0.909987933124125,0.362828873600282,0.571654991319539
"ENSMUSG00000083023",0.0763959337236786,0,7.3561311249555,0,1,NA
"ENSMUSG00000083024",0,NA,NA,NA,NA,NA
"ENSMUSG00000083025",0.52308224697568,0,5.53976319967224,0,1,NA
"ENSMUSG00000083026",0.0488582735869228,-1.88445199085273,7.34129618423011,-0.256691998737325,0.797416548724726,NA
"ENSMUSG00000083027",0.466117018104665,3.16090013002647,7.24915184251002,0.436037235623969,0.662809713862879,NA
"ENSMUSG00000083029",0.330638399849736,1.12579105124515,7.35546389590032,0.153055071329033,0.878354846214416,NA
"ENSMUSG00000083030",0.114228629431371,-3.13863321915088,7.26774571323647,-0.431857874916372,0.665844712909321,NA
"ENSMUSG00000083031",0.080710752904441,0,7.3561311249555,0,1,NA
"ENSMUSG00000083032",0.557949489121971,-0.374419966538523,5.17850731378512,-0.0723026818059756,0.942361030512082,NA
"ENSMUSG00000083033",31.9359610876355,-0.104899767304944,0.585652055580018,-0.179116194172755,0.857846466525146,NA
"ENSMUSG00000083034",0.0833246560530399,0,7.3561311249555,0,1,NA
"ENSMUSG00000083036",0,NA,NA,NA,NA,NA
"ENSMUSG00000083037",1.0168574785665,-1.66933418386793,4.01682515196758,-0.415585473779021,0.677713358014393,NA
"ENSMUSG00000083038",8.19547326804675,7.96899233961127,1.81376460803979,4.39361993518204,1.11478641459571e-05,NA
"ENSMUSG00000083039",0.0812361587509111,0,7.3561311249555,0,1,NA
"ENSMUSG00000083041",7.03111342731346,-0.398610088137062,1.21519058332539,-0.328022693400288,0.742894504236824,NA
"ENSMUSG00000083042",0,NA,NA,NA,NA,NA
"ENSMUSG00000083043",1.88077620981692,-1.20161620594546,1.83928240319234,-0.653307074465498,0.513558332539968,NA
"ENSMUSG00000083044",3.7975356709265,0,2.31484916393577,0,1,NA
"ENSMUSG00000083045",0,NA,NA,NA,NA,NA
"ENSMUSG00000083046",0,NA,NA,NA,NA,NA
"ENSMUSG00000083047",0.259720466290242,1.1667006521501,7.35592224396396,0.158606985426941,0.873978524893926,NA
"ENSMUSG00000083049",1.40829585597637,2.14103762423178,3.13532783444428,0.682875200708083,0.494685705646131,NA
"ENSMUSG00000083050",0.11169266531807,-1.11057865701432,7.29419047310734,-0.152255231215701,0.878985633483729,NA
"ENSMUSG00000083052",0.980657197001217,-3.34947083306496,2.86692799226406,-1.16831355447467,0.242680309875246,NA
"ENSMUSG00000083053",0.128393783702399,0,7.3561311249555,0,1,NA
"ENSMUSG00000083054",1.30728645200507,-4.46149400109161,2.74738726434882,-1.62390430318496,0.104396234034317,NA
"ENSMUSG00000083055",0.23157634779195,2.15373007529015,7.28527319689207,0.295627908121406,0.767514258174586,NA
"ENSMUSG00000083057",0.0450384044921535,0,7.3561311249555,0,1,NA
"ENSMUSG00000083058",0.0380762098104571,-1.67431590235222,7.3501929692546,-0.227792101425878,0.819807867435575,NA
"ENSMUSG00000083059",0.133549127677754,-1.66470778703578,7.34994942884101,-0.22649241374417,0.820818458900995,NA
"ENSMUSG00000083060",0.0425774740632087,0,7.3561311249555,0,1,NA
"ENSMUSG00000083061",4508.91422000755,-0.473948714281478,0.221096788088053,-2.14362550618657,0.0320629053908588,0.128209120446114
"ENSMUSG00000083062",0.0763760080512503,1.14882100182573,7.35605250766171,0.156173572799973,0.875896206965128,NA
"ENSMUSG00000083063",0,NA,NA,NA,NA,NA
"ENSMUSG00000083064",1.8260003534884,0.392879003269786,2.34438500938407,0.167582970244723,0.866911369493182,NA
"ENSMUSG00000083065",0,NA,NA,NA,NA,NA
"ENSMUSG00000083066",0.106556248011919,2.74727956207311,7.26104728326191,0.378358583121489,0.705164231160339,NA
"ENSMUSG00000083067",0,NA,NA,NA,NA,NA
"ENSMUSG00000083068",0.572660141970878,0.209811760365421,7.13887216396704,0.0293900430693284,0.976553513855556,NA
"ENSMUSG00000083069",0.041372325189651,0,7.3561311249555,0,1,NA
"ENSMUSG00000083070",0.159671642794504,0,7.3561311249555,0,1,NA
"ENSMUSG00000083072",1.18814499937535,-3.25964341329783,2.87921528480825,-1.13212910145929,0.257580161670224,NA
"ENSMUSG00000083073",0.177593746686532,3.48428321107886,7.24198032535917,0.481122987710692,0.630429091055055,NA
"ENSMUSG00000083074",0.0458889004883165,0,7.3561311249555,0,1,NA
"ENSMUSG00000083075",0.348241192371746,0.472350975933315,7.1991323241959,0.0656122091749542,0.947686568544868,NA
"ENSMUSG00000083076",1.79251873397024,1.62111313890637,2.03920878371615,0.794971634023728,0.426630002769537,NA
"ENSMUSG00000083077",0.0781727428282621,-1.67242256580289,7.3501450325314,-0.227535995330817,0.820006982919525,NA
"ENSMUSG00000083078",0,NA,NA,NA,NA,NA
"ENSMUSG00000083079",0.259664091683995,0,7.3561311249555,0,1,NA
"ENSMUSG00000083080",0.0425919574685933,0,7.3561311249555,0,1,NA
"ENSMUSG00000083081",0.279119631089147,-2.10816823009999,7.25428130248026,-0.290610212396809,0.771349448668333,NA
"ENSMUSG00000083083",0.0444816915190641,0,7.3561311249555,0,1,NA
"ENSMUSG00000083084",27.0057521740402,0.348042936180661,0.609646985223903,0.570892573269818,0.568072465552954,NA
"ENSMUSG00000083085",0,NA,NA,NA,NA,NA
"ENSMUSG00000083086",2.17625781163286,-1.31980203423825,1.81274875362345,-0.72806671724371,0.466572746545156,NA
"ENSMUSG00000083087",21.5337917151951,-0.444431261664687,0.750640087482751,-0.592069713669402,0.553803906684707,NA
"ENSMUSG00000083088",0.114228629431371,-3.13863321915088,7.26774571323647,-0.431857874916372,0.665844712909321,NA
"ENSMUSG00000083089",2.71483564363839,-0.319583407017518,2.4258055188551,-0.131743210464931,0.89518740635946,NA
"ENSMUSG00000083090",0.114254259194723,-0.235723880488035,7.35015827590198,-0.0320705856445123,0.97441576059432,NA
"ENSMUSG00000083091",0.206632682303942,1.15531557918323,7.35594901172176,0.157058671470156,0.875198608661279,NA
"ENSMUSG00000083093",0.208934105122858,0,7.3561311249555,0,1,NA
"ENSMUSG00000083094",0.41403530027295,1.14798513155682,5.80349488244992,0.19780927782471,0.843194286951465,NA
"ENSMUSG00000083096",0.0352597853922181,1.155567702399,7.35595536263211,0.157092810577567,0.875171703562209,NA
"ENSMUSG00000083097",991.333640550905,-0.838798329413001,0.238155261120338,-3.52206508253103,0.00042819900645075,0.0130238374731251
"ENSMUSG00000083098",0.403730872381209,-3.26429768236166,6.6724348226727,-0.489221366579662,0.624684984172712,NA
"ENSMUSG00000083099",0,NA,NA,NA,NA,NA
"ENSMUSG00000083100",13.192336997653,0.315310074416998,0.727540157737567,0.433391986770212,0.664730021037037,NA
"ENSMUSG00000083101",2.89587938927104,-0.905827671597811,2.34731201745855,-0.385899984689107,0.6995707419635,NA
"ENSMUSG00000083103",0.109306079604027,2.16529117091923,7.28473770536913,0.297236669114844,0.766285828321678,NA
"ENSMUSG00000083104",1.45596898578611,4.58777577229586,2.77364754329011,1.65405867208846,0.0981155921267887,NA
"ENSMUSG00000083105",0.218265575714106,2.7511387020045,7.26115349422251,0.378884526293722,0.704773615283096,NA
"ENSMUSG00000083106",4.65699243286447,-1.96069194980944,1.78485966431845,-1.09851322712149,0.271980445076308,NA
"ENSMUSG00000083107",0.350541538049162,2.15784737868067,7.28491500457393,0.296207625940157,0.767071525370108,NA
"ENSMUSG00000083109",0,NA,NA,NA,NA,NA
"ENSMUSG00000083110",0.0380762098104571,-1.67431590235222,7.3501929692546,-0.227792101425878,0.819807867435575,NA
"ENSMUSG00000083111",3.95328818467856,4.48791261901956,2.9007795730658,1.54714017593427,0.121829447904857,NA
"ENSMUSG00000083112",0.552465886407457,0,3.92189645003964,0,1,NA
"ENSMUSG00000083113",0.439262750131452,-2.5326231733557,7.29538268982588,-0.347154259212157,0.728475432213526,NA
"ENSMUSG00000083114",0.0381979668618393,0,7.3561311249555,0,1,NA
"ENSMUSG00000083115",0.0380762098104571,-1.67431590235222,7.3501929692546,-0.227792101425878,0.819807867435575,NA
"ENSMUSG00000083116",1.24440842558425,-0.244471323367684,2.83314885737393,-0.0862896147272284,0.931236193930636,NA
"ENSMUSG00000083117",0,NA,NA,NA,NA,NA
"ENSMUSG00000083118",0.452290326475367,1.21474574970427,7.18008115132186,0.169182732632575,0.865652911367253,NA
"ENSMUSG00000083119",0,NA,NA,NA,NA,NA
"ENSMUSG00000083120",0,NA,NA,NA,NA,NA
"ENSMUSG00000083121",29.6336994327648,-0.367328811720231,0.510039836431506,-0.720196316997997,0.47140413123089,NA
"ENSMUSG00000083122",1.38525711528921,0.201521529929047,2.13514646282678,0.0943830006220027,0.924804919058273,NA
"ENSMUSG00000083123",0,NA,NA,NA,NA,NA
"ENSMUSG00000083124",0,NA,NA,NA,NA,NA
"ENSMUSG00000083126",0.0410826440564989,0,7.3561311249555,0,1,NA
"ENSMUSG00000083127",0.319089218609856,-2.55193222962235,7.29478726387064,-0.349829561481726,0.726466612280832,NA
"ENSMUSG00000083128",0,NA,NA,NA,NA,NA
"ENSMUSG00000083129",0,NA,NA,NA,NA,NA
"ENSMUSG00000083130",0,NA,NA,NA,NA,NA
"ENSMUSG00000083135",0.124914200096015,0,7.3561311249555,0,1,NA
"ENSMUSG00000083136",0.192976512614886,-1.11085561599475,7.29428471491215,-0.15229123339863,0.878957239006792,NA
"ENSMUSG00000083137",0.290239219305685,2.11314172474997,7.28506245650759,0.290065011434782,0.771766502428991,NA
"ENSMUSG00000083138",0.0707780670806209,2.15719512391859,7.28506251344681,0.296112095117485,0.767144477411749,NA
"ENSMUSG00000083139",2.08891461880931,3.47354717777014,4.16966915002586,0.833051029420068,0.404815950300478,NA
"ENSMUSG00000083140",0.219289987199365,-2.53908901969458,7.2951861484625,-0.348049928819117,0.727802687041688,NA
"ENSMUSG00000083141",0.123843823668858,0,7.3561311249555,0,1,NA
"ENSMUSG00000083142",0.0761503241921165,1.15823347887838,7.35582507945271,0.157457996399849,0.874883908915991,NA
"ENSMUSG00000083143",0,NA,NA,NA,NA,NA
"ENSMUSG00000083144",0,NA,NA,NA,NA,NA
"ENSMUSG00000083145",0.182028227491548,0,7.3561311249555,0,1,NA
"ENSMUSG00000083147",0.119545521109927,0,7.35613112495549,0,1,NA
"ENSMUSG00000083149",1.63960616506727,-1.63449355850141,1.92088563048801,-0.85090623437386,0.394821441399403,NA
"ENSMUSG00000083150",0,NA,NA,NA,NA,NA
"ENSMUSG00000083151",0.0406180793754555,0,7.3561311249555,0,1,NA
"ENSMUSG00000083152",4.17618112591654,0.186438268719928,1.25054418152817,0.149085711223813,0.881486000673852,NA
"ENSMUSG00000083153",0.266077667092343,1.15364590084246,7.3559045321108,0.156832636395216,0.875376750995678,NA
"ENSMUSG00000083154",0.280183964938146,0,7.3561311249555,0,1,NA
"ENSMUSG00000083155",0.0355187493373064,1.16171280725677,7.35565536667627,0.157934643392857,0.874508299155349,NA
"ENSMUSG00000083156",0.488612611958987,0.700401291334282,5.39058577995125,0.129930460236664,0.896621444772608,NA
"ENSMUSG00000083157",2.05745798570605,5.21101253649143,2.65388476447709,1.96354137385396,0.0495833019117677,NA
"ENSMUSG00000083158",0.0406180793754555,0,7.3561311249555,0,1,NA
"ENSMUSG00000083159",0.0832238099233722,0,7.3561311249555,0,1,NA
"ENSMUSG00000083160",0.0788596692165993,1.15142072872424,7.35611880730415,0.156525575359244,0.875618761471679,NA
"ENSMUSG00000083161",1852.12127539315,-0.904518077151144,0.273269030607784,-3.30999116562673,0.000932989158822756,0.0190156656390989
"ENSMUSG00000083162",0,NA,NA,NA,NA,NA
"ENSMUSG00000083163",0,NA,NA,NA,NA,NA
"ENSMUSG00000083165",0.491822965808683,-2.7040194565338,7.28505846180956,-0.371173336591474,0.710508431192491,NA
"ENSMUSG00000083166",2.10429666912553,-0.435257543844356,1.74383939635572,-0.249597264951095,0.802898813911079,NA
"ENSMUSG00000083167",0.523481656436755,2.72489955182399,6.18091504293521,0.440856981999543,0.659316538252873,NA
"ENSMUSG00000083168",0,NA,NA,NA,NA,NA
"ENSMUSG00000083169",0.128470532517814,0,7.3561311249555,0,1,NA
"ENSMUSG00000083170",0.60736241809867,-4.31878647961892,7.23729221501921,-0.596740652623691,0.550680546480083,NA
"ENSMUSG00000083171",0.0352597853922181,1.155567702399,7.35595536263211,0.157092810577567,0.875171703562209,NA
"ENSMUSG00000083172",0.0380762098104571,-1.67431590235222,7.3501929692546,-0.227792101425878,0.819807867435575,NA
"ENSMUSG00000083173",0,NA,NA,NA,NA,NA
"ENSMUSG00000083174",0.119562278528762,0,7.3561311249555,0,1,NA
"ENSMUSG00000083175",0.120879523538668,1.15584877917786,7.35596257649109,0.157130867260232,0.875141711184298,NA
"ENSMUSG00000083176",0.203962729890412,0.533081764115559,7.27216833754755,0.0733043762701641,0.94156390931165,NA
"ENSMUSG00000083177",0.438781188926555,-1.11329680694982,4.99810313072551,-0.222743864588528,0.823734859867872,NA
"ENSMUSG00000083178",0.783426155438428,-2.54734514477897,5.61664863904552,-0.45353471589276,0.650163751060456,NA
"ENSMUSG00000083179",0.593492507197649,0,7.3561311249555,0,1,NA
"ENSMUSG00000083180",0.285275609796599,2.15009355136607,7.28510674737716,0.295135490243868,0.767890379274065,NA
"ENSMUSG00000083181",0,NA,NA,NA,NA,NA
"ENSMUSG00000083182",0.035583895638899,0,7.3561311249555,0,1,NA
"ENSMUSG00000083183",0.616488149085497,0.287535880887068,4.08997523183066,0.0703025971035937,0.94395281543429,NA
"ENSMUSG00000083185",0,NA,NA,NA,NA,NA
"ENSMUSG00000083186",0.160360376450918,1.15103735133106,7.3558399237145,0.156479390969375,0.875655162753651,NA
"ENSMUSG00000083188",0.0425774740632087,0,7.3561311249555,0,1,NA
"ENSMUSG00000083190",0.0406180793754555,0,7.3561311249555,0,1,NA
"ENSMUSG00000083191",0.202835840912509,-3.12285596212422,7.26807396930437,-0.429667608683282,0.667437448951706,NA
"ENSMUSG00000083193",14.5543968173002,-0.380232041909391,0.698268944976096,-0.544535231940478,0.586073210639565,NA
"ENSMUSG00000083195",0.135432435376622,0,7.3561311249555,0,1,NA
"ENSMUSG00000083196",0,NA,NA,NA,NA,NA
"ENSMUSG00000083197",1.30160869991158,0.208058256393789,1.80304938444495,0.115392433612037,0.908134076004802,NA
"ENSMUSG00000083199",0.48589217462617,1.15954312245051,7.35605338381455,0.157631145663222,0.874747459697899,NA
"ENSMUSG00000083200",37.5035715339741,0.264180615382963,0.591807366066098,0.446396294691366,0.65531100886486,NA
"ENSMUSG00000083201",6.86401974928757,0.986127146338189,0.960477140490785,1.02670548289603,0.304559166734571,NA
"ENSMUSG00000083202",0.228050569571685,-0.110565375703761,7.22291237390843,-0.0153075892354945,0.987786787859052,NA
"ENSMUSG00000083203",0,NA,NA,NA,NA,NA
"ENSMUSG00000083204",0.0737824012697334,0,7.3561311249555,0,1,NA
"ENSMUSG00000083205",0.144941530083724,0,7.3561311249555,0,1,NA
"ENSMUSG00000083206",0.0425774740632087,0,7.3561311249555,0,1,NA
"ENSMUSG00000083207",0.307108089085962,1.15630375653791,7.3559718130435,0.157192521386171,0.8750931221001,NA
"ENSMUSG00000083208",0.794553975187755,2.09447619619161,3.31814285284053,0.63121941672843,0.52789706795805,NA
"ENSMUSG00000083209",11.4564158515823,1.56815169958967,0.890123235179129,1.76172426200524,0.078115896556087,NA
"ENSMUSG00000083210",1.04379455171434,1.15071290843081,3.8873156066153,0.296017361305205,0.767216822854928,NA
"ENSMUSG00000083211",0,NA,NA,NA,NA,NA
"ENSMUSG00000083212",0.162992629462129,1.14325165548965,7.35591055086511,0.15541946134122,0.876490642650307,NA
"ENSMUSG00000083213",0,NA,NA,NA,NA,NA
"ENSMUSG00000083214",0.0952187994763784,-1.83381166844969,7.3433316976032,-0.249724749468723,0.802800217164559,NA
"ENSMUSG00000083215",0.628137890109947,-1.66885309535814,4.79998553003784,-0.347678776303516,0.728081437484076,NA
"ENSMUSG00000083216",0.0355187493373064,1.16171280725677,7.35565536667627,0.157934643392857,0.874508299155349,NA
"ENSMUSG00000083218",0.298836089410659,1.15697279292876,7.35588666466912,0.157285293489606,0.875020010094025,NA
"ENSMUSG00000083219",1.68707735411912,-0.00477743049440071,1.80290160064447,-0.00264985648284575,0.997885722898311,NA
"ENSMUSG00000083220",2.79141922127092,1.1514758228417,2.5514640346918,0.451300040755147,0.6517733154952,NA
"ENSMUSG00000083221",0,NA,NA,NA,NA,NA
"ENSMUSG00000083222",0,NA,NA,NA,NA,NA
"ENSMUSG00000083223",0.237423846642797,-3.10848624950817,7.26837596184971,-0.427672738150036,0.668889400585579,NA
"ENSMUSG00000083224",0.0425774740632087,0,7.3561311249555,0,1,NA
"ENSMUSG00000083225",0.159965527834634,0,7.3561311249555,0,1,NA
"ENSMUSG00000083226",0.916128183892901,-2.02043745543016,5.94373856617401,-0.339927039679796,0.733911473153184,NA
"ENSMUSG00000083227",0.0381979668618393,0,7.3561311249555,0,1,NA
"ENSMUSG00000083228",0.0355187493373065,1.16171280725677,7.35565536667627,0.157934643392857,0.874508299155349,NA
"ENSMUSG00000083229",0,NA,NA,NA,NA,NA
"ENSMUSG00000083230",0.12932747660239,-1.64351265181726,7.34941241809059,-0.223625040795336,0.82304907732792,NA
"ENSMUSG00000083231",0.0801844853033133,0,7.3561311249555,0,1,NA
"ENSMUSG00000083232",0,NA,NA,NA,NA,NA
"ENSMUSG00000083233",0.547040609737084,0,7.3561311249555,0,1,NA
"ENSMUSG00000083234",0,NA,NA,NA,NA,NA
"ENSMUSG00000083235",0.154271224414238,1.11993684618392,7.24615914372764,0.154555927349919,0.877171417262693,NA
"ENSMUSG00000083236",19.6412570110716,-0.790695062767723,0.570356382211051,-1.38631755062072,0.165649960040275,NA
"ENSMUSG00000083237",0.168236412084395,-0.237313715802824,7.34870174813425,-0.0322932844380404,0.974238164655447,NA
"ENSMUSG00000083238",0.0736105778106016,-0.23995803576832,7.35021915419008,-0.0326463783915244,0.973956584915387,NA
"ENSMUSG00000083239",0.124554236671941,0,7.3561311249555,0,1,NA
"ENSMUSG00000083240",3.25503935229807,-0.119521825432366,2.54776175972463,-0.0469124811125527,0.962582980557978,NA
"ENSMUSG00000083241",0.114060259592604,1.16895152364207,7.35581528712642,0.158915290557646,0.873735613663258,NA
"ENSMUSG00000083242",0.0784077090854245,1.14244801963745,7.3558900114024,0.155310644648919,0.876576424225455,NA
"ENSMUSG00000083243",0.0406180793754555,0,7.3561311249555,0,1,NA
"ENSMUSG00000083244",0.0765668437144886,1.13913858562444,7.35580571219845,0.154862516792057,0.876929704352022,NA
"ENSMUSG00000083245",2.51163505715138,-2.6193993272338,2.38308625570441,-1.09916261778764,0.271697141013536,NA
"ENSMUSG00000083246",3.78336421741701,-2.64166302827934,2.21107843870174,-1.19473962661877,0.23218877498502,NA
"ENSMUSG00000083248",0,NA,NA,NA,NA,NA
"ENSMUSG00000083249",0.0707790913789625,2.15721433161412,7.28506251347015,0.29611473170277,0.767142463957663,NA
"ENSMUSG00000083250",1.87560123163258,3.25084140340395,2.21321553636084,1.46883181958376,0.141878411174493,NA
"ENSMUSG00000083251",0.0707854052541087,2.15733272453312,7.28506251361405,0.29613098315925,0.767130053409016,NA
"ENSMUSG00000083252",0,NA,NA,NA,NA,NA
"ENSMUSG00000083253",0.414372882977311,0.3080663059673,7.15946358892313,0.0430292440405632,0.965678222062954,NA
"ENSMUSG00000083254",0.0355187493373064,1.16171280725677,7.35565536667627,0.157934643392857,0.874508299155349,NA
"ENSMUSG00000083255",0.214342775288099,-1.4705639329976,7.27705542953638,-0.202082277266822,0.839852402729887,NA
"ENSMUSG00000083256",0.252643521142752,0,7.3561311249555,0,1,NA
"ENSMUSG00000083257",3.29837499502986,-0.708264104138746,1.30913552149312,-0.54101664228845,0.588496111843681,NA
"ENSMUSG00000083258",0.201272010210641,1.15615664055656,7.35592467979016,0.157173528942325,0.875108089830894,NA
"ENSMUSG00000083260",0,NA,NA,NA,NA,NA
"ENSMUSG00000083261",7.48983880492928,-2.82852755153443,2.05552159798339,-1.37606316290202,0.168802078984882,NA
"ENSMUSG00000083262",0.1925594253421,-1.64511034884546,7.34945082422411,-0.223841262182898,0.822880821903344,NA
"ENSMUSG00000083263",1.81218293095346,1.24725570033564,2.00224737252005,0.622927874674063,0.533331919452513,NA
"ENSMUSG00000083264",0.0381979668618393,0,7.3561311249555,0,1,NA
"ENSMUSG00000083267",0.237549157233363,-1.11342168676899,7.29425760065327,-0.152643592772111,0.878679345745312,NA
"ENSMUSG00000083268",0.035583895638899,0,7.3561311249555,0,1,NA
"ENSMUSG00000083269",0.0406180793754555,0,7.3561311249555,0,1,NA
"ENSMUSG00000083270",0.637087676915728,-0.122475164368641,4.55427582483912,-0.0268923466823548,0.978545597774127,NA
"ENSMUSG00000083271",0.0381979668618393,0,7.3561311249555,0,1,NA
"ENSMUSG00000083272",0.0380762098104571,-1.67431590235222,7.3501929692546,-0.227792101425878,0.819807867435575,NA
"ENSMUSG00000083274",0.0450384044921535,0,7.3561311249555,0,1,NA
"ENSMUSG00000083275",0,NA,NA,NA,NA,NA
"ENSMUSG00000083276",0.58020643040258,0.564779405191108,4.24138995158216,0.133159037871637,0.894067605332445,NA
"ENSMUSG00000083277",0,NA,NA,NA,NA,NA
"ENSMUSG00000083278",0.0787020743047027,-1.671607159315,7.35012430401628,-0.227425699236351,0.820092738691572,NA
"ENSMUSG00000083279",0.121010097742927,1.15347804610621,7.35605764314505,0.156806553464288,0.875397307832293,NA
"ENSMUSG00000083280",0.161511780006697,0,7.3561311249555,0,1,NA
"ENSMUSG00000083281",0.119787651835689,-1.67125183304065,7.35011544793781,-0.227377630307772,0.820130113200089,NA
"ENSMUSG00000083282",0.490878386711043,1.15298149182655,7.35607880957809,0.156738599690544,0.875450864885615,NA
"ENSMUSG00000083283",0.725978462779262,-3.22190799287179,3.56740895853975,-0.903150726568397,0.36644590478778,NA
"ENSMUSG00000083284",2.89869806294666,-1.51765701125959,1.52452024884291,-0.995498100081958,0.319494067861663,NA
"ENSMUSG00000083285",0.0381979668618393,0,7.3561311249555,0,1,NA
"ENSMUSG00000083287",0.0425919574685933,0,7.3561311249555,0,1,NA
"ENSMUSG00000083288",0.997548590654123,1.51115497081938,2.84390789283117,0.531365651689581,0.595165418947061,NA
"ENSMUSG00000083289",0,NA,NA,NA,NA,NA
"ENSMUSG00000083290",0,NA,NA,NA,NA,NA
"ENSMUSG00000083291",5.32380331324489,-0.410957905168463,1.4616296259335,-0.281164186793214,0.778584471891829,NA
"ENSMUSG00000083292",0.189000198002438,2.74526406477013,7.26107998698695,0.378079303587083,0.705371682552107,NA
"ENSMUSG00000083293",0,NA,NA,NA,NA,NA
"ENSMUSG00000083294",0.0381979668618393,0,7.3561311249555,0,1,NA
"ENSMUSG00000083296",0.0381979668618393,0,7.3561311249555,0,1,NA
"ENSMUSG00000083297",0.0410826440564989,0,7.3561311249555,0,1,NA
"ENSMUSG00000083298",0,NA,NA,NA,NA,NA
"ENSMUSG00000083299",0.138549479329516,-2.90680051740196,7.27732552544116,-0.399432526034453,0.689574531631453,NA
"ENSMUSG00000083300",0,NA,NA,NA,NA,NA
"ENSMUSG00000083303",0.523739346226973,-1.69244576237836,6.29389542054992,-0.268902746120062,0.788004523684615,NA
"ENSMUSG00000083304",0,NA,NA,NA,NA,NA
"ENSMUSG00000083305",0.496469908949298,1.14606772946721,7.35598230179873,0.155800773091443,0.876190061229086,NA
"ENSMUSG00000083306",33.3632341791284,0.498594999219772,0.573411962223998,0.869523191120663,0.384561028992191,NA
"ENSMUSG00000083307",14.013006855818,-0.295529609411149,0.871701173425915,-0.339026283800529,0.734589929875032,NA
"ENSMUSG00000083309",0,NA,NA,NA,NA,NA
"ENSMUSG00000083310",0.568394625762634,-1.86797961927404,5.51049932913473,-0.338985545175152,0.734620619443612,NA
"ENSMUSG00000083311",0.321157211496472,-1.66832365861042,7.35003874044006,-0.226981614318747,0.820438038720698,NA
"ENSMUSG00000083312",0.0355187493373065,1.16171280725677,7.35565536667627,0.157934643392857,0.874508299155349,NA
"ENSMUSG00000083314",0.0406180793754555,0,7.3561311249555,0,1,NA
"ENSMUSG00000083315",0,NA,NA,NA,NA,NA
"ENSMUSG00000083316",1.4826357532847,0.825408876046587,2.31362461359506,0.356760068680292,0.721271432232291,NA
"ENSMUSG00000083317",1.77373643637675,0.0144753482808326,2.06416427614687,0.00701269198779731,0.994404727193888,NA
"ENSMUSG00000083318",0.0406180793754555,0,7.3561311249555,0,1,NA
"ENSMUSG00000083319",0.19512034740838,0,7.3561311249555,0,1,NA
"ENSMUSG00000083320",4.3955287996432,-0.590608630538404,1.16123206391151,-0.508605169365537,0.61102900481769,NA
"ENSMUSG00000083321",0.0795237419534984,-1.65710523030311,7.34975676417642,-0.225463955267205,0.82161836302177,NA
"ENSMUSG00000083324",0.0434922688142794,0,7.3561311249555,0,1,NA
"ENSMUSG00000083325",0.319668744035758,4.33229740516957,7.22924171706592,0.599274111272612,0.548990108787314,NA
"ENSMUSG00000083326",2.92068362328833,-1.65694818848526,1.79378418853658,-0.92371657587028,0.355633899582904,NA
"ENSMUSG00000083327",3.35892885024833,-2.88665885047511,1.6609730544857,-1.73793237805951,0.0822227297262046,NA
"ENSMUSG00000083328",4.36108058812986,-1.2991278129703,1.22889970139765,-1.05714714674662,0.290444436907732,NA
"ENSMUSG00000083329",0.116176426629817,-2.55360505913704,7.2947397414192,-0.350061160460295,0.726292798395378,NA
"ENSMUSG00000083330",0.120348590247329,-1.6602066516891,7.34983535638738,-0.225883515913903,0.82129201890179,NA
"ENSMUSG00000083331",0.0782878468235146,1.13616348435436,7.35572991952566,0.154459652105827,0.877247322336708,NA
"ENSMUSG00000083332",3.05672456942879,0.576356663039552,1.78623452629514,0.32266572757105,0.746948410350096,NA
"ENSMUSG00000083333",0.0844751171000929,-0.456694535919573,7.3409065048763,-0.062212280678988,0.950393782867412,NA
"ENSMUSG00000083334",0.114228629431371,-3.13863321915088,7.26774571323647,-0.431857874916372,0.665844712909321,NA
"ENSMUSG00000083335",2.8183907335556,1.16396998355802,1.47229518408625,0.790581940455382,0.42918798883149,NA
"ENSMUSG00000083336",0,NA,NA,NA,NA,NA
"ENSMUSG00000083337",8.78892304468724,-0.648469776005883,0.875813542603822,-0.740419900425336,0.459045247338831,NA
"ENSMUSG00000083338",0.233281231378598,1.15028083367295,7.35608809323663,0.156371269497241,0.87574038219068,NA
"ENSMUSG00000083339",0.906627256027336,1.35728106294689,5.02106083936201,0.270317589523442,0.786915934420686,NA
"ENSMUSG00000083340",0.248531515378064,-1.85957095330633,7.34228549586411,-0.253268679671177,0.800060597241936,NA
"ENSMUSG00000083341",0.79111796126132,-1.70148444168613,4.40057114395706,-0.386650820092442,0.699014729482481,NA
"ENSMUSG00000083342",2.1506366079595,-1.80626834779402,1.72720817304796,-1.0457733908279,0.295665669260899,NA
"ENSMUSG00000083343",14.9428253009942,-0.131104870937456,0.675303171001322,-0.194142240947953,0.84606450730444,NA
"ENSMUSG00000083344",10.6942328083357,-0.474813808174673,0.839314091669253,-0.565716473591369,0.571586534782779,NA
"ENSMUSG00000083345",0.109067656234378,0.770108328125002,7.27889706346219,0.10580013996773,0.915740925736032,NA
"ENSMUSG00000083346",0.137455193083911,-1.86677999797728,7.34199898543995,-0.254260454363904,0.799294348888418,NA
"ENSMUSG00000083347",0.0381979668618393,0,7.3561311249555,0,1,NA
"ENSMUSG00000083348",0,NA,NA,NA,NA,NA
"ENSMUSG00000083350",0.0355187493373064,1.16171280725677,7.35565536667627,0.157934643392857,0.874508299155349,NA
"ENSMUSG00000083351",0.0407969102058399,0,7.3561311249555,0,1,NA
"ENSMUSG00000083352",0,NA,NA,NA,NA,NA
"ENSMUSG00000083353",1.26723797262324,-0.253393440654386,3.18352079921545,-0.0795953463589219,0.936559096542521,NA
"ENSMUSG00000083355",0.512849513329907,-1.66754070356748,4.8504587631512,-0.34379030623572,0.731003990888216,NA
"ENSMUSG00000083356",0.0425919574685933,0,7.3561311249555,0,1,NA
"ENSMUSG00000083358",0,NA,NA,NA,NA,NA
"ENSMUSG00000083359",0.0381979668618393,0,7.3561311249555,0,1,NA
"ENSMUSG00000083361",0.653865581944725,-2.55491649395306,6.69305272250161,-0.381726635047054,0.70266414157793,NA
"ENSMUSG00000083362",2.8298727828935,-1.35563768272607,1.43064431264182,-0.947571433896635,0.343347674425021,NA
"ENSMUSG00000083363",0.0381979668618393,0,7.3561311249555,0,1,NA
"ENSMUSG00000083364",803.68664512834,-0.8010874458964,0.2624709849615,-3.05209905778312,0.00227247094031581,0.0287991990320792
"ENSMUSG00000083365",5.53893393101829,-0.870651963390268,1.38184188991625,-0.630066268611262,0.528651227840271,NA
"ENSMUSG00000083366",0.0380762098104571,-1.67431590235222,7.3501929692546,-0.227792101425878,0.819807867435575,NA
"ENSMUSG00000083367",0.631391033473983,-1.70385164927911,4.18175743412891,-0.407448704550227,0.683678461469844,NA
"ENSMUSG00000083368",0,NA,NA,NA,NA,NA
"ENSMUSG00000083369",0,NA,NA,NA,NA,NA
"ENSMUSG00000083371",0.0355187493373064,1.16171280725677,7.35565536667627,0.157934643392857,0.874508299155349,NA
"ENSMUSG00000083372",0.338483069111521,-1.88059290261182,7.341448974036,-0.256160998906726,0.797826522446311,NA
"ENSMUSG00000083373",0.0851549481264175,0,7.3561311249555,0,1,NA
"ENSMUSG00000083374",0.552414376009901,0,5.53712979715143,0,1,NA
"ENSMUSG00000083375",0.0820295589244588,0,7.3561311249555,0,1,NA
"ENSMUSG00000083376",0.0355187493373065,1.16171280725677,7.35565536667627,0.157934643392857,0.874508299155349,NA
"ENSMUSG00000083377",0.0355187493373064,1.16171280725677,7.35565536667627,0.157934643392857,0.874508299155349,NA
"ENSMUSG00000083378",1.26936993920264,0.159508624680291,2.41983390572583,0.0659171789860701,0.947443763475497,NA
"ENSMUSG00000083379",2.87473093892618,1.19410227978235,1.59216671663156,0.749985706464602,0.453263313436972,NA
"ENSMUSG00000083380",2571.44115669665,-0.737923121692419,0.229273249532961,-3.21853126431278,0.00128848923425489,0.0222281257951302
"ENSMUSG00000083381",0.0406180793754555,0,7.3561311249555,0,1,NA
"ENSMUSG00000083382",11.9351435303112,-0.1690787327893,0.773398003870924,-0.21861801031687,0.826947621950538,NA
"ENSMUSG00000083383",0.0352597853922181,1.155567702399,7.35595536263211,0.157092810577567,0.875171703562209,NA
"ENSMUSG00000083384",0,NA,NA,NA,NA,NA
"ENSMUSG00000083385",0.0758652247619046,1.15784306880194,7.35601343113523,0.157400891072496,0.874928911235959,NA
"ENSMUSG00000083386",0.081236158750911,0,7.3561311249555,0,1,NA
"ENSMUSG00000083387",0.122174535986099,-1.65790396099048,7.34977677859558,-0.225572015441165,0.821534308327914,NA
"ENSMUSG00000083388",0.0761643363553615,1.15475488783613,7.35599513062782,0.156981464415077,0.875259456228344,NA
"ENSMUSG00000083389",0,NA,NA,NA,NA,NA
"ENSMUSG00000083390",6.55176700685758,0.0758263563279687,1.33030275984398,0.0569993227232437,0.954545734654298,NA
"ENSMUSG00000083391",3.96055045931027,-2.54334446179343,1.95104607694884,-1.30357990610394,0.192376855498706,NA
"ENSMUSG00000083392",2.79917144374137,-0.88586474310465,1.76434751717526,-0.502091982719441,0.615602819485496,NA
"ENSMUSG00000083393",0.0736048450212178,-0.23548144998124,7.3500431588801,-0.0320381043881,0.974441663576496,NA
"ENSMUSG00000083394",4.93528459203754,0.777930489282756,1.86211589528193,0.417766955995494,0.676117512799706,NA
"ENSMUSG00000083395",0.166535215919862,0,7.3561311249555,0,1,NA
"ENSMUSG00000083396",618.469229972705,-1.8832846106008,0.52872340855598,-3.56194671944698,0.000368115101175945,0.0125476475004283
"ENSMUSG00000083397",0.462085487038864,0.887086841993809,7.1871261433065,0.123427198063021,0.901768820794131,NA
"ENSMUSG00000083398",0.0380762098104571,-1.67431590235222,7.3501929692546,-0.227792101425878,0.819807867435575,NA
"ENSMUSG00000083399",0.0819020406679529,1.13536581665112,7.35544058382239,0.154357282029882,0.877328033920176,NA
"ENSMUSG00000083401",0,NA,NA,NA,NA,NA
"ENSMUSG00000083402",0.152304839241828,-3.55232820134153,7.25421207485117,-0.489691804525086,0.624352002042539,NA
"ENSMUSG00000083403",0.258209393329134,0.473904328612989,7.19891977931068,0.0658299221467873,0.947513233470301,NA
"ENSMUSG00000083404",0.0815938204116798,0,7.3561311249555,0,1,NA
"ENSMUSG00000083405",20.1458173850662,0.76826069867192,2.28204551112734,0.336654415928978,0.736377430177673,NA
"ENSMUSG00000083406",0,NA,NA,NA,NA,NA
"ENSMUSG00000083407",0,NA,NA,NA,NA,NA
"ENSMUSG00000083409",0,NA,NA,NA,NA,NA
"ENSMUSG00000083410",1.39855848516114,-0.922961720475055,3.03853117386196,-0.303752592178271,0.761316387068608,NA
"ENSMUSG00000083411",9.38778210872845,0,7.3561311249555,0,1,NA
"ENSMUSG00000083412",0.450294359784928,3.71108370225926,7.23736262439034,0.512767411950962,0.608114027956029,NA
"ENSMUSG00000083413",0.211842487135052,-2.52488589352549,7.29562704971293,-0.346082094975625,0.729281019097723,NA
"ENSMUSG00000083414",1.54887971534165,2.13941473859362,2.44718280487218,0.874235767893672,0.381989871056591,NA
"ENSMUSG00000083416",0,NA,NA,NA,NA,NA
"ENSMUSG00000083417",0,NA,NA,NA,NA,NA
"ENSMUSG00000083418",0.035583895638899,0,7.3561311249555,0,1,NA
"ENSMUSG00000083419",0.035583895638899,0,7.3561311249555,0,1,NA
"ENSMUSG00000083420",0.0355187493373064,1.16171280725677,7.35565536667627,0.157934643392857,0.874508299155349,NA
"ENSMUSG00000083421",0.571503820508907,-2.72985508284967,4.67719936362984,-0.583651640782553,0.559454709102499,NA
"ENSMUSG00000083422",4.07875857167268,0.311110678571761,1.25242273132853,0.248407083957783,0.803819453119282,NA
"ENSMUSG00000083423",0,NA,NA,NA,NA,NA
"ENSMUSG00000083424",0.540876838637676,-2.92503602986493,7.27697532802151,-0.401957667576729,0.687715181078763,NA
"ENSMUSG00000083425",0.0834451096844905,0,7.3561311249555,0,1,NA
"ENSMUSG00000083427",0.0856938521986047,-1.65788466903449,7.34977654819079,-0.225569397676803,0.821536344533832,NA
"ENSMUSG00000083428",0.132166600690222,0,7.3561311249555,0,1,NA
"ENSMUSG00000083429",4.02171647305887,-0.00553203728368061,1.43165706442934,-0.00386407989813237,0.996916917979881,NA
"ENSMUSG00000083430",0.124840382847599,0,7.3561311249555,0,1,NA
"ENSMUSG00000083431",0.949067812580144,-1.29376454093373,3.42499793991262,-0.377741699011574,0.705622487562315,NA
"ENSMUSG00000083432",0.0736103244923554,-0.239764859829659,7.35021155522564,-0.032620130458585,0.973977516587488,NA
"ENSMUSG00000083434",1.79300572827948,-0.843165613828417,1.81011313506625,-0.465808240100725,0.641352766380722,NA
"ENSMUSG00000083435",0.233883990983635,2.73592516845631,7.26118961362925,0.376787456881856,0.706331562898543,NA
"ENSMUSG00000083436",0,NA,NA,NA,NA,NA
"ENSMUSG00000083437",0.19759360937184,2.12922093710239,7.28561695922957,0.292249915006175,0.770095549923167,NA
"ENSMUSG00000083438",0.304846491431077,-2.10740538478646,7.25378310126065,-0.290525006795449,0.771414622696889,NA
"ENSMUSG00000083439",0.076704744391581,0,7.3561311249555,0,1,NA
"ENSMUSG00000083440",1.36793471405971,0.409961422172305,2.32211634677301,0.176546460620726,0.859864651555482,NA
"ENSMUSG00000083441",0,NA,NA,NA,NA,NA
"ENSMUSG00000083443",0.0380762098104571,-1.67431590235222,7.3501929692546,-0.227792101425878,0.819807867435575,NA
"ENSMUSG00000083444",0.0380762098104571,-1.67431590235222,7.3501929692546,-0.227792101425878,0.819807867435575,NA
"ENSMUSG00000083445",0.0436582907043928,0,7.3561311249555,0,1,NA
"ENSMUSG00000083446",0.0406180793754555,0,7.3561311249555,0,1,NA
"ENSMUSG00000083447",0,NA,NA,NA,NA,NA
"ENSMUSG00000083448",0.121968510304367,-1.67324155517309,7.35016573453661,-0.227646779080224,0.819920850159716,NA
"ENSMUSG00000083449",0.98117372308934,-1.00348827668338,2.24736242288341,-0.446518223525285,0.655222951880826,NA
"ENSMUSG00000083450",0.136124479464172,0,7.3561311249555,0,1,NA
"ENSMUSG00000083451",0,NA,NA,NA,NA,NA
"ENSMUSG00000083452",2.16297948572859,-0.567920727848137,7.07981957225016,-0.080216836326471,0.936064799860332,NA
"ENSMUSG00000083453",0.0736794005558661,-1.68079295906557,7.35035626551649,-0.228668230266722,0.819126789139707,NA
"ENSMUSG00000083454",5.40199061697333,-1.6118032602162,1.10273572160267,-1.46164056232229,0.143839732888772,NA
"ENSMUSG00000083455",0.0406180793754555,0,7.3561311249555,0,1,NA
"ENSMUSG00000083456",0.268608952381764,0.700857951956669,7.17713387345993,0.0976515088492841,0.922209021774527,NA
"ENSMUSG00000083457",0.124702568713518,0,7.3561311249555,0,1,NA
"ENSMUSG00000083458",0.515138029597005,-3.10975699726543,7.26834913926873,-0.427849149467014,0.668760950905814,NA
"ENSMUSG00000083460",2.77704445624086,-1.44452552997452,1.94935167560782,-0.74102869587352,0.458676041348645,NA
"ENSMUSG00000083461",0.0380762098104571,-1.67431590235222,7.3501929692546,-0.227792101425878,0.819807867435575,NA
"ENSMUSG00000083462",1.6075705838731,0.577114458944083,2.62341022779737,0.219986357005489,0.825881779986205,NA
"ENSMUSG00000083463",0.0737821817036168,0,7.3561311249555,0,1,NA
"ENSMUSG00000083465",1.99883454699743,-1.11966902030091,2.06130479828057,-0.543184599014603,0.587002709318171,NA
"ENSMUSG00000083466",0,NA,NA,NA,NA,NA
"ENSMUSG00000083467",0.147197635223647,-0.112742538348973,7.22271917893891,-0.0156094312343922,0.987545981563166,NA
"ENSMUSG00000083468",0.797355070903912,-0.127657783274281,3.89475501077753,-0.0327768455065922,0.973852542898606,NA
"ENSMUSG00000083469",0.0406180793754555,0,7.3561311249555,0,1,NA
"ENSMUSG00000083470",0.211170732460182,-2.72443684990051,7.28506287622035,-0.373975749583922,0.708422358300186,NA
"ENSMUSG00000083471",1.09099728606354,-2.10556380621793,3.49389844509409,-0.602640242498869,0.546748043011244,NA
"ENSMUSG00000083472",0,NA,NA,NA,NA,NA
"ENSMUSG00000083473",0.42946202037229,-0.297714183484961,7.21406437524039,-0.0412685787094935,0.967081782278421,NA
"ENSMUSG00000083474",10.2921679198011,0.257204977309165,1.46097787876221,0.176049877994784,0.860254757362194,NA
"ENSMUSG00000083475",0.0761524196209141,-2.55627499047924,7.29465809108018,-0.350431090609309,0.726015196884991,NA
"ENSMUSG00000083477",0.54280758284961,0,7.23611277927955,0,1,NA
"ENSMUSG00000083478",0.123225415221511,1.14890152849103,7.35605458306671,0.156184475729115,0.875887613137867,NA
"ENSMUSG00000083481",0.253805203167435,3.72526516695926,7.23738794459767,0.514725090802957,0.606745137621715,NA
"ENSMUSG00000083482",3.52259598890013,2.69765388981825,2.08431990243808,1.29426096572928,0.195575294609789,NA
"ENSMUSG00000083483",6.93757603776027,-1.23764000758232,0.947007760511279,-1.30689531721908,0.191248266712191,NA
"ENSMUSG00000083484",0,NA,NA,NA,NA,NA
"ENSMUSG00000083485",0.0488582735869228,-1.88445199085273,7.34129618423011,-0.256691998737325,0.797416548724726,NA
"ENSMUSG00000083486",0.27085129585926,-0.26435051400448,7.16762984084284,-0.0368811615379674,0.970579760442279,NA
"ENSMUSG00000083487",0.0810407495065378,0,7.3561311249555,0,1,NA
"ENSMUSG00000083488",0.518063720363273,1.35034513417345,5.47604482123484,0.246591322433506,0.805224520898319,NA
"ENSMUSG00000083489",0.0355187493373064,1.16171280725677,7.35565536667627,0.157934643392857,0.874508299155349,NA
"ENSMUSG00000083490",0,NA,NA,NA,NA,NA
"ENSMUSG00000083491",0,NA,NA,NA,NA,NA
"ENSMUSG00000083492",0.0414066693320352,0,7.3561311249555,0,1,NA
"ENSMUSG00000083493",0.202479115361564,-1.6722074410597,7.35013827106762,-0.227506936521455,0.820029576082204,NA
"ENSMUSG00000083494",0.153625672714002,1.17350601122457,7.35559323291061,0.159539274952568,0.873244017620631,NA
"ENSMUSG00000083495",0,NA,NA,NA,NA,NA
"ENSMUSG00000083496",8.03901879267254,-1.06774603765914,0.993142422951174,-1.07511874730542,0.282321567063087,NA
"ENSMUSG00000083498",0.183907141010151,3.14116010850967,7.24939693009226,0.433299505986589,0.664797196984408,NA
"ENSMUSG00000083499",0.111538747431906,2.15679368644251,7.28494444246403,0.296061789280168,0.767182894256508,NA
"ENSMUSG00000083500",2.91825692001512,-1.03346173855579,3.06729149683205,-0.336929743920056,0.736169862535317,NA
"ENSMUSG00000083501",0,NA,NA,NA,NA,NA
"ENSMUSG00000083502",7.73356907483194,-0.561891628699264,0.799159256971395,-0.70310344752645,0.481991283841158,NA
"ENSMUSG00000083503",11.759298010177,-0.271216069396408,0.789915390041435,-0.343348253263152,0.731336483765284,NA
"ENSMUSG00000083505",3.08831059040213,-0.0282180383648752,2.18188665119597,-0.0129328617274449,0.989681356948978,NA
"ENSMUSG00000083507",7.52936896763088,-0.211569474862622,0.994022002445317,-0.212841842878886,0.831450325526405,NA
"ENSMUSG00000083508",0.191278209139071,2.15383682706377,7.28501404150564,0.295653078332108,0.767495034007748,NA
"ENSMUSG00000083509",0,NA,NA,NA,NA,NA
"ENSMUSG00000083510",0.239228553837278,1.14904609981207,7.35605826490841,0.156204050924055,0.875872183757254,NA
"ENSMUSG00000083512",1.36612303784344,-4.26042393428583,2.61415224990057,-1.6297535594753,0.103153592563822,NA
"ENSMUSG00000083513",0.21023358433528,-2.53497343041878,7.2953134883738,-0.347479712072503,0.728230957537726,NA
"ENSMUSG00000083514",0.0843707687438967,0,7.3561311249555,0,1,NA
"ENSMUSG00000083515",0.0400922426516566,0,7.3561311249555,0,1,NA
"ENSMUSG00000083516",0,NA,NA,NA,NA,NA
"ENSMUSG00000083517",0.0355187493373064,1.16171280725677,7.35565536667627,0.157934643392857,0.874508299155349,NA
"ENSMUSG00000083518",0.231863188915747,3.14159194210031,7.24930594330448,0.433364513329984,0.664749976840903,NA
"ENSMUSG00000083519",0.126623551701712,0,7.3561311249555,0,1,NA
"ENSMUSG00000083520",0.18290029456754,0.772793193347513,7.27882675656418,0.106170021514881,0.915447455848958,NA
"ENSMUSG00000083522",0,NA,NA,NA,NA,NA
"ENSMUSG00000083524",0,NA,NA,NA,NA,NA
"ENSMUSG00000083527",0,NA,NA,NA,NA,NA
"ENSMUSG00000083528",0,NA,NA,NA,NA,NA
"ENSMUSG00000083530",0,NA,NA,NA,NA,NA
"ENSMUSG00000083533",8.10799653537338,-0.378207568312697,0.894757223304831,-0.422692947832004,0.672519301534976,NA
"ENSMUSG00000083534",0.252628692982404,-1.66764370743344,7.35002384059713,-0.226889564387856,0.820509616875227,NA
"ENSMUSG00000083535",0,NA,NA,NA,NA,NA
"ENSMUSG00000083536",0.298758745684695,0,7.3561311249555,0,1,NA
"ENSMUSG00000083537",0,NA,NA,NA,NA,NA
"ENSMUSG00000083538",0.109021175474948,0.766786999717572,7.27897917558224,0.105342656053998,0.916103916612971,NA
"ENSMUSG00000083539",3.18644126892077,-0.702482431715168,1.31032346567788,-0.536113753676651,0.591879935211362,NA
"ENSMUSG00000083541",0.170065086202473,-0.489510970381916,7.34006994702889,-0.0666902323703413,0.946828310440293,NA
"ENSMUSG00000083542",0,NA,NA,NA,NA,NA
"ENSMUSG00000083543",0.114349916641608,1.15994575903452,7.35573955642794,0.157692608627079,0.87469902508052,NA
"ENSMUSG00000083544",0,NA,NA,NA,NA,NA
"ENSMUSG00000083546",2.55783696130708,-2.28374215789229,1.66924121448708,-1.36813190213137,0.171270792453206,NA
"ENSMUSG00000083547",2.5672593166395,-0.182941352096101,1.7146228810241,-0.106694803924951,0.915031104943912,NA
"ENSMUSG00000083548",0.212360843988598,0,7.3561311249555,0,1,NA
"ENSMUSG00000083549",0,NA,NA,NA,NA,NA
"ENSMUSG00000083550",0.127899917940099,0,7.3561311249555,0,1,NA
"ENSMUSG00000083551",2.42023805854735,1.13377317012753,1.99701682025882,0.567733410468013,0.57021600150884,NA
"ENSMUSG00000083553",1.16249587620096,-1.59008434560864,2.78940085673528,-0.570045119821779,0.568647096029032,NA
"ENSMUSG00000083554",0,NA,NA,NA,NA,NA
"ENSMUSG00000083555",1.21676547671222,0.711212397791186,2.41155125840654,0.294919046531538,0.768055721698895,NA
"ENSMUSG00000083556",0,NA,NA,NA,NA,NA
"ENSMUSG00000083557",0.0869019814920605,0,7.35613112495549,0,1,NA
"ENSMUSG00000083558",5.53893393101829,-0.870651963390268,1.38184188991625,-0.630066268611262,0.528651227840271,NA
"ENSMUSG00000083560",0.237990993365323,2.13333706829048,7.28506248259935,0.29283716829966,0.769646616766912,NA
"ENSMUSG00000083561",0.116943879490179,1.12318512771867,7.35539821914394,0.152702150754441,0.878633164602125,NA
"ENSMUSG00000083562",0.151731258822367,2.15541077861397,7.28523415797074,0.29586019225693,0.76733685273751,NA
"ENSMUSG00000083563",53.0433676070472,-0.199141008713438,0.389598782508535,-0.511143816803574,0.609250356179799,NA
"ENSMUSG00000083564",0.407761111225065,-1.6894810686596,7.26793667812337,-0.232456767784586,0.816183261870785,NA
"ENSMUSG00000083565",0.0380762098104571,-1.67431590235222,7.3501929692546,-0.227792101425878,0.819807867435575,NA
"ENSMUSG00000083566",0,NA,NA,NA,NA,NA
"ENSMUSG00000083567",0.324197533363384,0,7.3561311249555,0,1,NA
"ENSMUSG00000083568",0,NA,NA,NA,NA,NA
"ENSMUSG00000083569",1.68835371529968,0,2.99395463706604,0,1,NA
"ENSMUSG00000083570",0,NA,NA,NA,NA,NA
"ENSMUSG00000083572",0,NA,NA,NA,NA,NA
"ENSMUSG00000083573",0.512721140760364,-1.09585441481236,5.4902212407551,-0.199601139327063,0.841792536660169,NA
"ENSMUSG00000083574",0,NA,NA,NA,NA,NA
"ENSMUSG00000083576",0.0735982460693845,-0.230024989798382,7.34982892316818,-0.0312966454325617,0.975032965656153,NA
"ENSMUSG00000083577",0,NA,NA,NA,NA,NA
"ENSMUSG00000083579",0.949608688240472,-1.66361703473604,3.61913292019058,-0.459672819822389,0.645751081748036,NA
"ENSMUSG00000083580",1.9641550226177,0.785846199855988,1.72031458718093,0.456803776304513,0.647812091250868,NA
"ENSMUSG00000083581",0,NA,NA,NA,NA,NA
"ENSMUSG00000083582",0.329249004134457,0,7.16802406241727,0,1,NA
"ENSMUSG00000083584",0.0406180793754555,0,7.3561311249555,0,1,NA
"ENSMUSG00000083585",0.114688841322014,-0.2383612161177,7.34960176366613,-0.0324318546477001,0.97412765950782,NA
"ENSMUSG00000083586",0.0406180793754555,0,7.3561311249555,0,1,NA
"ENSMUSG00000083587",2.23095192512886,0.364168548806406,1.89854941604384,0.191814100664945,0.847887825325541,NA
"ENSMUSG00000083588",0.288155996176354,0,7.3561311249555,0,1,NA
"ENSMUSG00000083590",0.245952700516926,-1.30594117421795,7.28475363634416,-0.179270465332214,0.857725336403722,NA
"ENSMUSG00000083592",0.537486971814827,-0.117177014036665,7.22306916166663,-0.0162226072344055,0.987056799870959,NA
"ENSMUSG00000083594",182.412884322485,0.106443914863374,0.910452748626459,0.116913167678343,0.906928863417491,0.959643739550621
"ENSMUSG00000083595",5.3936611226031,-2.8215011036661,2.33327014274608,-1.20924750716838,0.226567771137114,NA
"ENSMUSG00000083596",1.23250294793839,0,7.3561311249555,0,1,NA
"ENSMUSG00000083597",0,NA,NA,NA,NA,NA
"ENSMUSG00000083598",0.114228629431371,-3.13863321915088,7.26774571323647,-0.431857874916372,0.665844712909321,NA
"ENSMUSG00000083599",0.169030903997131,-2.53321295910755,7.2953680624506,-0.34723579912932,0.728414178214688,NA
"ENSMUSG00000083601",0.122725366724119,0,7.3561311249555,0,1,NA
"ENSMUSG00000083602",1.1057151599239,-0.631097623077316,3.08313096541931,-0.204693744818423,0.837811407846201,NA
"ENSMUSG00000083603",0,NA,NA,NA,NA,NA
"ENSMUSG00000083605",0,NA,NA,NA,NA,NA
"ENSMUSG00000083606",0.18754020830686,1.15623273054711,7.35591968622588,0.157183979688111,0.875099853710477,NA
"ENSMUSG00000083607",0,NA,NA,NA,NA,NA
"ENSMUSG00000083608",1.27469608865605,0,3.72528418199497,0,1,NA
"ENSMUSG00000083609",0.0474375977968173,0,7.3561311249555,0,1,NA
"ENSMUSG00000083610",0.491237043058902,-2.53132324164389,5.58792021487383,-0.452999173987141,0.650549336313616,NA
"ENSMUSG00000083611",1.6235764470148,-3.1443262457241,2.5012682160808,-1.257092792172,0.208720036858008,NA
"ENSMUSG00000083613",0.0870060766869749,0,7.3561311249555,0,1,NA
"ENSMUSG00000083614",0.307741720933571,-2.87147729561959,7.27800830185892,-0.394541635090766,0.693181194460198,NA
"ENSMUSG00000083615",0,NA,NA,NA,NA,NA
"ENSMUSG00000083616",0,NA,NA,NA,NA,NA
"ENSMUSG00000083617",0,NA,NA,NA,NA,NA
"ENSMUSG00000083618",0.082578947566667,-1.67134000570934,7.35011753205641,-0.227389561924697,0.820120836102309,NA
"ENSMUSG00000083619",6.92670698700467,-0.628022481977737,2.36754914306632,-0.265262701649502,0.790807095336361,NA
"ENSMUSG00000083620",0.0355187493373064,1.16171280725677,7.35565536667627,0.157934643392857,0.874508299155349,NA
"ENSMUSG00000083621",44.6171350667182,-0.576932846183451,0.683549940740303,-0.844024425718796,0.398655756594537,NA
"ENSMUSG00000083622",0.165399425516992,-0.467181392424803,7.3405557388771,-0.0636438723502246,0.949253797447259,NA
"ENSMUSG00000083623",0.472951383039367,-1.88493837268224,7.34127430007745,-0.256759016981883,0.797364809326646,NA
"ENSMUSG00000083624",0.568665544861486,-0.711790461279612,6.04654845585717,-0.117718474676262,0.906290727888706,NA
"ENSMUSG00000083625",0,NA,NA,NA,NA,NA
"ENSMUSG00000083626",1014.89066801897,-0.791200786203527,0.240453648325774,-3.29045032883669,0.0010002715982615,0.0197358977022253
"ENSMUSG00000083627",0.0882964117818649,0,7.35613112495549,0,1,NA
"ENSMUSG00000083628",0.0355187493373065,1.16171280725677,7.35565536667627,0.157934643392857,0.874508299155349,NA
"ENSMUSG00000083629",0.0831276246985415,1.14588273731543,7.35597762824342,0.155775723530723,0.876209806814626,NA
"ENSMUSG00000083630",8.7608133587756,1.44362825214954,1.16046229533319,1.24401133751188,0.213495390282589,NA
"ENSMUSG00000083631",0,NA,NA,NA,NA,NA
"ENSMUSG00000083632",0,NA,NA,NA,NA,NA
"ENSMUSG00000083633",16.683482150326,1.14555054461361,0.627291805501527,1.82618445604869,0.0678224819222256,NA
"ENSMUSG00000083635",0.207910788023897,-1.95728367895517,7.25914104933293,-0.269630203581046,0.78744476154986,NA
"ENSMUSG00000083636",0,NA,NA,NA,NA,NA
"ENSMUSG00000083637",0.0736002775300091,-0.231742821637006,7.34989633648522,-0.0315300802933266,0.97484680346025,NA
"ENSMUSG00000083640",0.0786989270592449,-1.67267404367248,7.35015134843711,-0.227570013783206,0.819980533834712,NA
"ENSMUSG00000083641",0.144516071445363,1.35440223407821,7.25511110089601,0.186682493933269,0.851909582614267,NA
"ENSMUSG00000083642",0.567115582201416,3.73942500182949,7.23726350327744,0.516690459057635,0.605372257365996,NA
"ENSMUSG00000083643",0,NA,NA,NA,NA,NA
"ENSMUSG00000083644",0,NA,NA,NA,NA,NA
"ENSMUSG00000083645",0.403255102706245,-3.10724028288499,7.26840228320026,-0.427499767048788,0.669015354764364,NA
"ENSMUSG00000083646",0.341471082386752,-1.68967644452898,7.16817280056377,-0.235719267872015,0.813650517547655,NA
"ENSMUSG00000083648",0.044481691519064,0,7.3561311249555,0,1,NA
"ENSMUSG00000083649",3.73734803654293,-4.11403932091631,1.95945548356003,-2.09958294813707,0.0357655440758932,NA
"ENSMUSG00000083650",3.33697352390486,0.621083138858891,1.83345378130565,0.338750365671394,0.73479779515645,NA
"ENSMUSG00000083651",0.708215184001281,-0.412071182719659,4.10616681019011,-0.100354223724433,0.920063110412923,NA
"ENSMUSG00000083653",0.0380762098104571,-1.67431590235222,7.3501929692546,-0.227792101425878,0.819807867435575,NA
"ENSMUSG00000083654",0.293111349072478,0.538597544554752,7.26998952661169,0.0740850509595954,0.940942710176567,NA
"ENSMUSG00000083655",0.111511870273036,2.15552434518249,7.28497513392418,0.295886300990211,0.76731691313111,NA
"ENSMUSG00000083657",0.200679848044412,1.12780492655273,7.35551688282706,0.153327759900302,0.878139810265404,NA
"ENSMUSG00000083658",0.688446022264394,0.752770831403105,3.6206701200768,0.207909256142655,0.835299821739278,NA
"ENSMUSG00000083659",0.573885126740949,1.14927832177633,4.8561368120373,0.236665144797306,0.812916577245229,NA
"ENSMUSG00000083660",0.044481691519064,0,7.3561311249555,0,1,NA
"ENSMUSG00000083661",0.960760876578621,-2.36151225465583,3.65692652353709,-0.645764206487721,0.518432071913044,NA
"ENSMUSG00000083662",0.201551073348866,1.15162446880097,7.35612302370419,0.156553182306767,0.875597002550956,NA
"ENSMUSG00000083663",0.956995905583715,-0.11312569751768,3.33396684013498,-0.03393126055,0.97293196522029,NA
"ENSMUSG00000083664",0,NA,NA,NA,NA,NA
"ENSMUSG00000083665",0.150179955705941,-3.14522805370089,7.26760810416686,-0.432773480438163,0.6651793412204,NA
"ENSMUSG00000083666",0,NA,NA,NA,NA,NA
"ENSMUSG00000083667",0.0425919574685933,0,7.3561311249555,0,1,NA
"ENSMUSG00000083668",0,NA,NA,NA,NA,NA
"ENSMUSG00000083669",11.2496925673116,-0.298587301979682,0.827108911981786,-0.361001190598049,0.718098557036173,NA
"ENSMUSG00000083670",0.0812361587509111,0,7.3561311249555,0,1,NA
"ENSMUSG00000083671",0,NA,NA,NA,NA,NA
"ENSMUSG00000083672",0.964666360648915,-4.43393562913809,4.79303665836993,-0.925078597384655,0.354925025105031,NA
"ENSMUSG00000083673",0.233063924174958,0.772518317613033,7.27908928632242,0.10612842997607,0.915480454661289,NA
"ENSMUSG00000083674",9.88142718093781,-1.80521926232201,1.0334791724234,-1.74673985745544,0.0806824732502986,NA
"ENSMUSG00000083676",0.297162824624932,0,7.3561311249555,0,1,NA
"ENSMUSG00000083677",0.0851010582830009,0,7.3561311249555,0,1,NA
"ENSMUSG00000083678",1.81212879586388,2.13784293956024,3.13803359417869,0.681268340634121,0.495701712047588,NA
"ENSMUSG00000083679",0.717250907071576,-3.12820452406648,6.65246328274957,-0.470232512545871,0.638188907903444,NA
"ENSMUSG00000083680",0.147348490054243,-2.56367720091564,7.29442892516253,-0.351456875818215,0.725245619568115,NA
"ENSMUSG00000083681",0,NA,NA,NA,NA,NA
"ENSMUSG00000083682",0,NA,NA,NA,NA,NA
"ENSMUSG00000083683",0.122757084358284,0,7.3561311249555,0,1,NA
"ENSMUSG00000083684",0.155242092342817,2.12131910925716,7.28506246709757,0.291187497545551,0.770907923997043,NA
"ENSMUSG00000083685",0.308439153102042,-0.851175852790639,7.1917050494827,-0.118355222709233,0.905786203436631,NA
"ENSMUSG00000083686",0.130640917001482,-2.73066791116204,7.28506288432918,-0.374831069342716,0.707786106084322,NA
"ENSMUSG00000083687",0.522103554957443,-1.11912049045233,5.50583157156166,-0.203260938135619,0.838931085039357,NA
"ENSMUSG00000083688",0.743614520975857,-3.26208391523232,3.69341566518173,-0.883216028454196,0.377119563067348,NA
"ENSMUSG00000083689",8.31572347414157,-0.577294595478852,0.790111762145133,-0.730649286768636,0.464993399004263,NA
"ENSMUSG00000083691",0.0427517828843511,0,7.3561311249555,0,1,NA
"ENSMUSG00000083692",1.44899748153056,-1.74051103635602,2.55308702184902,-0.681728049792637,0.495410927451622,NA
"ENSMUSG00000083693",0.557914532084414,-1.31565558699606,6.20324953147896,-0.212091353139938,0.832035765453069,NA
"ENSMUSG00000083695",0.202827868596265,0,7.3561311249555,0,1,NA
"ENSMUSG00000083697",0.0406180793754555,0,7.3561311249555,0,1,NA
"ENSMUSG00000083698",0.0381979668618393,0,7.3561311249555,0,1,NA
"ENSMUSG00000083699",0.109000022015292,0.765270181516016,7.27901669709563,0.105133730744341,0.916269694344577,NA
"ENSMUSG00000083700",30.7932478306234,-1.1864339564973,0.589184035636999,-2.0136899249393,0.0440420984637039,NA
"ENSMUSG00000083701",0.0812361587509111,0,7.3561311249555,0,1,NA
"ENSMUSG00000083702",0.122563050974622,-1.66654327075755,7.34999594913276,-0.226740706020959,0.820625372512027,NA
"ENSMUSG00000083704",0.361482595596531,0,7.3561311249555,0,1,NA
"ENSMUSG00000083705",29.4847060809282,-1.24605065082514,0.763308451254963,-1.63243397708554,0.102588096355772,NA
"ENSMUSG00000083706",8.12704187567879,0.192828879953728,1.25493109165786,0.153656946772261,0.877880233032301,NA
"ENSMUSG00000083707",0.462511547131591,2.13584443100773,7.28571391214246,0.293155133012854,0.769403576853353,NA
"ENSMUSG00000083708",7.6298758325165,-1.28479371337151,2.10541289458394,-0.610233611030201,0.541707067787787,NA
"ENSMUSG00000083709",0.0838316671264917,0,7.3561311249555,0,1,NA
"ENSMUSG00000083710",0.0710374986746129,2.16226366003378,7.28481246100722,0.296818026765623,0.766605441993722,NA
"ENSMUSG00000083711",0.085946604030502,0,7.3561311249555,0,1,NA
"ENSMUSG00000083713",10.9017335593834,-0.0626499391855058,0.851695871044529,-0.0735590500264739,0.941361256166018,NA
"ENSMUSG00000083714",0.076176998823364,1.15181609586524,7.35612888800598,0.156579107489981,0.87557656922916,NA
"ENSMUSG00000083715",0,NA,NA,NA,NA,NA
"ENSMUSG00000083716",11.3586548565575,-0.880644866020701,0.94622027424446,-0.930697523601342,0.352010051050556,NA
"ENSMUSG00000083717",0.0380762098104571,-1.67431590235222,7.3501929692546,-0.227792101425878,0.819807867435575,NA
"ENSMUSG00000083718",28.6454856644189,0.580754664013767,0.55698032521564,1.04268434219633,0.29709451204926,NA
"ENSMUSG00000083719",0.485842330173215,0,7.3561311249555,0,1,NA
"ENSMUSG00000083720",0.835431136323586,-2.08561332991084,5.2112053345874,-0.400217069948938,0.688996642960366,NA
"ENSMUSG00000083721",0.0735987130298746,-0.230423043951813,7.34984454136987,-0.0313507371012866,0.974989827916813,NA
"ENSMUSG00000083722",0.116745677425024,-2.5552912173511,7.29468816098188,-0.35029478450072,0.726117478987601,NA
"ENSMUSG00000083723",1.27049800689611,-0.461688691463678,2.6545974485866,-0.173920415582972,0.861928007829779,NA
"ENSMUSG00000083725",0.534962761784719,1.54656025239022,7.23504882853942,0.213759476824766,0.830734627313714,NA
"ENSMUSG00000083728",0.916757129781626,2.34956227224299,5.55673911442409,0.422831128807907,0.672418474248137,NA
"ENSMUSG00000083729",0.126990530826334,-1.66310063952015,7.34990873151591,-0.226275005618626,0.82098753691056,NA
"ENSMUSG00000083731",0.220447149076045,-0.101543537754327,7.17164860409445,-0.0141590230308207,0.988703111591724,NA
"ENSMUSG00000083732",0.339847389811113,3.47619088249889,7.24210368695579,0.479997392022994,0.631229247474925,NA
"ENSMUSG00000083733",0.342001713567451,-0.122469174010858,7.22432247226723,-0.0169523404417498,0.986474637119116,NA
"ENSMUSG00000083734",3.77970419205055,0.327892664088822,1.37287446668987,0.238836595802822,0.811232291920742,NA
"ENSMUSG00000083735",0,NA,NA,NA,NA,NA
"ENSMUSG00000083736",1.88953019507357,0.443935071158814,1.96898839578234,0.225463528434064,0.821618695038336,NA
"ENSMUSG00000083737",0.341587232034981,3.72552408524726,7.23735630092544,0.514763116577648,0.606718562058636,NA
"ENSMUSG00000083738",0.0406180793754555,0,7.3561311249555,0,1,NA
"ENSMUSG00000083740",11.5968462998181,-0.00378772041763851,0.698761572042671,-0.0054206192343491,0.995674992783295,NA
"ENSMUSG00000083741",0,NA,NA,NA,NA,NA
"ENSMUSG00000083742",0.114228629431371,-3.13863321915088,7.26774571323647,-0.431857874916372,0.665844712909321,NA
"ENSMUSG00000083743",0.732014686951659,-2.72605561160953,3.98386643371356,-0.684273847270637,0.493802258164912,NA
"ENSMUSG00000083744",0.142312793390452,0,7.3561311249555,0,1,NA
"ENSMUSG00000083745",0.547713198801451,-1.69040220418079,7.26791455315118,-0.232584215433281,0.816084285470672,NA
"ENSMUSG00000083747",0.0758187598997681,-2.55009861363489,7.29484718526521,-0.349575330211963,0.726657427802908,NA
"ENSMUSG00000083748",1.61117238538486,-1.89347185092815,2.16907485501922,-0.872939837252122,0.382695871005084,NA
"ENSMUSG00000083749",0.043513451473132,0,7.3561311249555,0,1,NA
"ENSMUSG00000083750",0.590886558264208,-0.243935508564959,3.87536574269683,-0.0629451578924281,0.949810175317997,NA
"ENSMUSG00000083751",0.041372325189651,0,7.3561311249555,0,1,NA
"ENSMUSG00000083752",0.133596108375561,-2.90820277636639,7.27729709032831,-0.399626776297405,0.689431431584041,NA
"ENSMUSG00000083753",0.0761587182697603,1.15613429130836,7.35592765356053,0.157170427138276,0.875110534331927,NA
"ENSMUSG00000083754",1.33901964698953,-3.73400465549473,2.8373250108987,-1.31602993705399,0.188163994826793,NA
"ENSMUSG00000083755",0,NA,NA,NA,NA,NA
"ENSMUSG00000083757",16.0320934423215,0.262093097051041,0.702523739545746,0.373073651888989,0.709093628065273,NA
"ENSMUSG00000083760",1.32460895286874,3.34295542589613,2.90441039473304,1.15099279081164,0.249735201406227,NA
"ENSMUSG00000083761",0.758395166174945,-3.8654990273697,5.75070909779652,-0.672177806533602,0.50147050800121,NA
"ENSMUSG00000083763",0.0355187493373064,1.16171280725677,7.35565536667627,0.157934643392857,0.874508299155349,NA
"ENSMUSG00000083764",0.552926100366395,1.34466560030281,3.71365368547965,0.362086967225955,0.71728704246701,NA
"ENSMUSG00000083766",1.22946406213705,1.62535632200835,2.59074451029271,0.62737036228428,0.530416490599523,NA
"ENSMUSG00000083767",0.128435842506206,0,7.3561311249555,0,1,NA
"ENSMUSG00000083768",0.162472317501822,0,7.3561311249555,0,1,NA
"ENSMUSG00000083769",0.569816586195124,-1.67118570910366,4.68878055206094,-0.356422248929756,0.721524369748505,NA
"ENSMUSG00000083771",0,NA,NA,NA,NA,NA
"ENSMUSG00000083772",1.32604305045508,0.204589905515399,2.24341987832576,0.0911955481414753,0.927337212283317,NA
"ENSMUSG00000083773",7469.16055049372,-1.90613996332159,0.67020349310371,-2.84412120040476,0.00445341041670432,0.0398628278994078
"ENSMUSG00000083774",1.20061540916737,-0.810640444124175,2.82339266254055,-0.287115729554508,0.774023708562557,NA
"ENSMUSG00000083775",0.0710374986746129,2.16226366003378,7.28481246100722,0.296818026765623,0.766605441993722,NA
"ENSMUSG00000083776",0,NA,NA,NA,NA,NA
"ENSMUSG00000083777",0.0355187493373064,1.16171280725677,7.35565536667627,0.157934643392857,0.874508299155349,NA
"ENSMUSG00000083778",0.0488582735869228,-1.88445199085272,7.34129618423011,-0.256691998737325,0.797416548724726,NA
"ENSMUSG00000083779",0.871479380576319,-1.10612259827012,3.29276336985543,-0.33592532290551,0.73692718066597,NA
"ENSMUSG00000083780",15.0083784939978,-1.58180714724632,0.826256035357609,-1.91442734401535,0.0555655744681472,NA
"ENSMUSG00000083781",0.0406180793754555,0,7.3561311249555,0,1,NA
"ENSMUSG00000083782",0.525309717732314,-3.93793842977814,7.24463708234085,-0.543566004069003,0.586740159137236,NA
"ENSMUSG00000083783",4.33317637584809,0.36570387467843,1.23163408347047,0.296925750583289,0.766523196146742,NA
"ENSMUSG00000083784",0.0400922426516566,0,7.3561311249555,0,1,NA
"ENSMUSG00000083785",0.387204523532635,-1.46347122304174,6.81998347311608,-0.21458574332484,0.830090310193524,NA
"ENSMUSG00000083786",0.235255974055142,2.10140882699201,7.28630784672732,0.288405166402058,0.773036613454185,NA
"ENSMUSG00000083787",0,NA,NA,NA,NA,NA
"ENSMUSG00000083789",3.32013725833624,0.244143545399972,1.37956201337031,0.176971780198211,0.859530555821663,NA
"ENSMUSG00000083791",0.125307500538861,0,7.3561311249555,0,1,NA
"ENSMUSG00000083792",0.250716823070482,0.496774211020754,7.27361685656482,0.06829809994355,0.945548336624525,NA
"ENSMUSG00000083793",0.256597936908234,0,7.3561311249555,0,1,NA
"ENSMUSG00000083794",0.0761524196209141,-2.55627499047924,7.29465809108018,-0.350431090609309,0.726015196884991,NA
"ENSMUSG00000083795",0.0406180793754555,0,7.3561311249555,0,1,NA
"ENSMUSG00000083796",4.17022403477658,-0.211456202207616,1.12184429532268,-0.188489795856023,0.850492713883032,NA
"ENSMUSG00000083798",10.5134633415319,0.0786373318993441,1.68860235229049,0.0465694790681045,0.962856357802805,NA
"ENSMUSG00000083801",0.0406180793754555,0,7.3561311249555,0,1,NA
"ENSMUSG00000083803",0.0463864331927929,0,7.3561311249555,0,1,NA
"ENSMUSG00000083804",0.327674626810766,-2.73838246892832,7.28506108113228,-0.375890117931957,0.706998587439551,NA
"ENSMUSG00000083805",0.0409190281194281,0,7.3561311249555,0,1,NA
"ENSMUSG00000083806",0,NA,NA,NA,NA,NA
"ENSMUSG00000083807",0.361870479894448,1.15111216809966,7.35611093903648,0.156483796620179,0.87565169032797,NA
"ENSMUSG00000083808",0.125335493831666,0,7.3561311249555,0,1,NA
"ENSMUSG00000083809",0,NA,NA,NA,NA,NA
"ENSMUSG00000083810",0,NA,NA,NA,NA,NA
"ENSMUSG00000083811",0.0753143821867543,1.16382362781021,7.35606800321775,0.158212733664387,0.874289170115921,NA
"ENSMUSG00000083812",0.253019781894442,0,7.3561311249555,0,1,NA
"ENSMUSG00000083813",0.0355187493373064,1.16171280725677,7.35565536667627,0.157934643392857,0.874508299155349,NA
"ENSMUSG00000083814",0.111400641950988,2.15657775150204,7.28506251256079,0.296027350181787,0.767209194546185,NA
"ENSMUSG00000083815",0.217755361498666,3.47950210155977,7.24202729216488,0.480459678096522,0.630900568069597,NA
"ENSMUSG00000083816",8.56202627699165,-0.8352794977753,0.931186556893688,-0.897005537281036,0.369715962300856,NA
"ENSMUSG00000083817",0.712299696839095,-3.86989939381233,6.57702644525525,-0.588396508060892,0.556266181051259,NA
"ENSMUSG00000083818",0.0380762098104571,-1.67431590235222,7.3501929692546,-0.227792101425878,0.819807867435575,NA
"ENSMUSG00000083819",0.275711711798108,-3.5480586138884,7.25427788725569,-0.489098800601728,0.624771750562614,NA
"ENSMUSG00000083820",0.375863900287099,-1.63374089315934,7.34916392045047,-0.222302960016055,0.824078047993567,NA
"ENSMUSG00000083821",0.555733159930843,-2.09529856799978,6.15323239451601,-0.34051997936356,0.733464979450587,NA
"ENSMUSG00000083822",33.2730018241705,-0.608359268790366,0.554868688110221,-1.09640223322445,0.272902787094603,NA
"ENSMUSG00000083823",0,NA,NA,NA,NA,NA
"ENSMUSG00000083825",0.0958543173619968,0,7.3561311249555,0,1,NA
"ENSMUSG00000083826",3.38600333361815,0.214749171887877,1.17808896343911,0.182286039978658,0.855358253628664,NA
"ENSMUSG00000083827",7.59977431344382,0.967237957680432,1.04460082243371,0.925940260536045,0.354477026907064,NA
"ENSMUSG00000083828",0.15949226328654,-1.67292897940156,7.3501578108538,-0.227604498087264,0.819953722762794,NA
"ENSMUSG00000083829",1.08487889839431,-0.439456946523087,2.88365889883007,-0.152395606394841,0.87887492219403,NA
"ENSMUSG00000083830",6.40837806932289,0.0381419825373655,1.34671207580107,0.0283222993412883,0.977405095429917,NA
"ENSMUSG00000083831",3.26708363697008,-2.74458105271202,1.97691442631019,-1.38831555690281,0.165040977075798,NA
"ENSMUSG00000083832",1.76435316973772,-0.534203410733503,1.9209626302157,-0.278091516373496,0.780942107943713,NA
"ENSMUSG00000083833",0.9795392825858,-1.79226457425392,2.99977008861211,-0.597467312931017,0.550195424111357,NA
"ENSMUSG00000083834",0.29188854712261,0,7.3561311249555,0,1,NA
"ENSMUSG00000083835",0,NA,NA,NA,NA,NA
"ENSMUSG00000083836",0.976312053935643,-0.596912231064134,4.09270454322372,-0.145847867775464,0.884041486873266,NA
"ENSMUSG00000083837",3.4277523940661,-1.30067094998121,1.40030611345582,-0.928847583741016,0.352968080518028,NA
"ENSMUSG00000083838",0.506868988716615,1.15049860274588,5.55643658825407,0.207056912190442,0.835965411927686,NA
"ENSMUSG00000083839",0.0789416973904856,-1.65619079358214,7.34973359282139,-0.225340248413871,0.821714591011965,NA
"ENSMUSG00000083841",0.322641422520178,-1.46676624928355,7.27713478756853,-0.201558208292255,0.840262119549703,NA
"ENSMUSG00000083842",0.0352597853922181,1.155567702399,7.35595536263211,0.157092810577567,0.875171703562209,NA
"ENSMUSG00000083843",0.108951028395918,2.16518513425069,7.28506062895391,0.297208938199544,0.766306998337161,NA
"ENSMUSG00000083844",310.31557790733,-0.469499326941272,0.257578727213899,-1.82274107811469,0.0683426155888189,0.203045438759995
"ENSMUSG00000083845",0.536244891659975,-1.11629211633582,5.37570898545491,-0.207654863638671,0.835498462966267,NA
"ENSMUSG00000083846",0,NA,NA,NA,NA,NA
"ENSMUSG00000083847",0,NA,NA,NA,NA,NA
"ENSMUSG00000083848",0.131692397840113,0,7.3561311249555,0,1,NA
"ENSMUSG00000083849",2.24643886361618,-0.00245953284376989,1.73850204070285,-0.00141474256928426,0.998871199123006,NA
"ENSMUSG00000083851",0.358807563662346,0.768503831572418,6.91056253780384,0.111207130731885,0.911452097203207,NA
"ENSMUSG00000083852",2.67404447224101,1.31278978962957,2.27653314393281,0.5766618391339,0.564167916039876,NA
"ENSMUSG00000083853",16.95571906426,0.0871712186098428,0.649565525183409,0.134199268942466,0.893245003983219,NA
"ENSMUSG00000083854",0.31195447009945,0,7.3561311249555,0,1,NA
"ENSMUSG00000083855",24.8279038009495,0.436876225197577,0.629312243249181,0.694212181447409,0.487549154422102,NA
"ENSMUSG00000083856",0.260192612434567,-1.65758441545246,7.34976890659222,-0.225528780090722,0.821567938734452,NA
"ENSMUSG00000083857",2.79005566251493,3.95457503642458,2.10732170325989,1.87658819738207,0.0605745562540514,NA
"ENSMUSG00000083858",0.106556248011919,2.74727956207311,7.26104728326191,0.378358583121489,0.705164231160339,NA
"ENSMUSG00000083859",0.708806735436918,-1.66891573312161,4.67554851095336,-0.356945442703002,0.721132649139615,NA
"ENSMUSG00000083860",0.0419195223311899,0,7.3561311249555,0,1,NA
"ENSMUSG00000083861",0,NA,NA,NA,NA,NA
"ENSMUSG00000083863",12.4958658845222,-0.739893539816564,0.704703851083582,-1.04993542844824,0.293747801451302,NA
"ENSMUSG00000083864",0.209019742871433,-1.67213586059464,7.3501377058909,-0.227497215358901,0.820037134298825,NA
"ENSMUSG00000083866",0.400450710612326,0.498145792436764,7.26991530198817,0.068521540037823,0.945370473900911,NA
"ENSMUSG00000083867",0,NA,NA,NA,NA,NA
"ENSMUSG00000083868",0.078910464404046,-1.66347558443238,7.34991819986743,-0.226325727606382,0.820948089744067,NA
"ENSMUSG00000083869",0.0406180793754555,0,7.3561311249555,0,1,NA
"ENSMUSG00000083870",4.11604558866777,0.3230725592959,1.54414012270143,0.209224897757786,0.83427267692051,NA
"ENSMUSG00000083871",0.111732059362247,-1.11323392624149,7.29421265542095,-0.152618792298872,0.878698904504807,NA
"ENSMUSG00000083872",2.03849299458209,0.586631573728091,2.02938383833061,0.289068811255863,0.772528720221385,NA
"ENSMUSG00000083873",0.0406180793754555,0,7.3561311249555,0,1,NA
"ENSMUSG00000083874",0.0380762098104571,-1.67431590235222,7.3501929692546,-0.227792101425878,0.819807867435575,NA
"ENSMUSG00000083875",2.72147480368352,0.618923416703823,1.51522898809594,0.408468569151104,0.682929701368885,NA
"ENSMUSG00000083876",1.10615240394458,2.71842874532555,3.15916874134078,0.860488618335664,0.389519754838813,NA
"ENSMUSG00000083877",1.87433765942318,-0.175800100289642,2.3870595088509,-0.0736471376762074,0.941291162510919,NA
"ENSMUSG00000083878",6.64695270895332,1.54480662819454,1.10635798522707,1.39629907211044,0.162624453115796,NA
"ENSMUSG00000083879",0,NA,NA,NA,NA,NA
"ENSMUSG00000083880",0,NA,NA,NA,NA,NA
"ENSMUSG00000083882",0.0407969102058399,0,7.3561311249555,0,1,NA
"ENSMUSG00000083884",0.664346199358988,-3.94310414736053,4.45471143527954,-0.885153663631882,0.376073759617876,NA
"ENSMUSG00000083885",3.17259828977438,-0.270384329476831,1.49275536196738,-0.181131038859895,0.856264722045253,NA
"ENSMUSG00000083886",0.0355187493373064,1.16171280725677,7.35565536667627,0.157934643392857,0.874508299155349,NA
"ENSMUSG00000083887",0.117721894716254,1.16989844459475,7.35577099941508,0.159044979063075,0.873633436646438,NA
"ENSMUSG00000083888",0,NA,NA,NA,NA,NA
"ENSMUSG00000083889",0.0402091254864214,0,7.3561311249555,0,1,NA
"ENSMUSG00000083890",4.2040701557147,-2.83829829323031,2.46884992389436,-1.14964391547672,0.250290562740171,NA
"ENSMUSG00000083892",1.25729408534305,2.14235091798828,4.15249621953112,0.515918812378879,0.605911114331723,NA
"ENSMUSG00000083893",0.0474375977968173,0,7.3561311249555,0,1,NA
"ENSMUSG00000083894",2.63840803698183,1.39371913717226,1.88903858356245,0.737792837742846,0.460640346294932,NA
"ENSMUSG00000083895",0.152396180645128,2.14720226149491,7.2850625004365,0.294740403581473,0.768192195885029,NA
"ENSMUSG00000083896",0.137666701464949,0,7.3561311249555,0,1,NA
"ENSMUSG00000083897",1.95458379723685,0.74079680832925,1.85021362773194,0.40038447302831,0.688873358688058,NA
"ENSMUSG00000083898",0.162677032137605,1.15914747708082,7.35578046061475,0.157583207286742,0.874785236869677,NA
"ENSMUSG00000083899",21.2665405397131,0.0602750018058558,0.743421671049718,0.0810778110903693,0.935380071767263,NA
"ENSMUSG00000083900",0.323081548279348,-0.230499602139163,7.34991046196019,-0.0313608721265551,0.974981745310959,NA
"ENSMUSG00000083901",0,NA,NA,NA,NA,NA
"ENSMUSG00000083902",4.67126434045541,1.42772512072426,1.51559757823024,0.942021247085532,0.346181761976099,NA
"ENSMUSG00000083903",0,NA,NA,NA,NA,NA
"ENSMUSG00000083904",0.081236158750911,0,7.3561311249555,0,1,NA
"ENSMUSG00000083905",0.236708449251516,-0.33731725187089,7.2135756206179,-0.0467614494685225,0.962703354270406,NA
"ENSMUSG00000083906",7.34893123310094,1.0834782772814,1.05204647528955,1.02987681887647,0.303067833855281,NA
"ENSMUSG00000083907",0.960803430568007,-0.11704760407098,3.68812439644163,-0.031736349290146,0.974682306935769,NA
"ENSMUSG00000083908",0.163108255625982,-1.66593458313057,7.34997871544472,-0.226658422782898,0.820689359498032,NA
"ENSMUSG00000083909",1.28691263898728,-0.2183293498971,2.82632448883469,-0.0772485080038061,0.93842585309582,NA
"ENSMUSG00000083910",11.6538075475472,-0.588066921979968,0.854114429971671,-0.688510697564813,0.491131236049245,NA
"ENSMUSG00000083911",44.3916547868302,-0.246257456269924,0.455313907224512,-0.540852041553162,0.588609569128488,NA
"ENSMUSG00000083912",0.479738329614441,0.763031142456137,4.34230386353697,0.175720347178702,0.860513649295808,NA
"ENSMUSG00000083913",1.2788242419063,2.11804342757904,5.18602517217028,0.408413641905381,0.682970019694013,NA
"ENSMUSG00000083914",19.3471742026343,-0.30626179373456,0.531680517448269,-0.576025984936262,0.56459761796533,NA
"ENSMUSG00000083915",2.28348596134679,-2.71579873290322,2.43513589231838,-1.11525551467998,0.264740942638084,NA
"ENSMUSG00000083916",0.0406180793754555,0,7.3561311249555,0,1,NA
"ENSMUSG00000083917",0.114225219127423,-0.22986086953063,7.34985445432066,-0.031274206987256,0.975050860185703,NA
"ENSMUSG00000083918",0.126733504849804,0,7.3561311249555,0,1,NA
"ENSMUSG00000083919",0.0355187493373064,1.16171280725677,7.35565536667627,0.157934643392857,0.874508299155349,NA
"ENSMUSG00000083920",0,NA,NA,NA,NA,NA
"ENSMUSG00000083921",1.69469199343872,1.32632532604102,2.7277867768204,0.486227639679016,0.626805776659943,NA
"ENSMUSG00000083922",5.30670747225254,-0.217883711211349,1.23986489718243,-0.175731816995937,0.860504637919474,NA
"ENSMUSG00000083923",0.0786992758509683,-1.67255402626071,7.35014830608439,-0.227553779408258,0.8199931559107,NA
"ENSMUSG00000083924",1.80325539995028,3.1071953267347,2.63502456927614,1.17919026750793,0.238322420640435,NA
"ENSMUSG00000083925",0.146812407169639,1.16034739143029,7.35607559510291,0.157740003678423,0.874661676711175,NA
"ENSMUSG00000083926",0.0380762098104571,-1.67431590235222,7.3501929692546,-0.227792101425878,0.819807867435575,NA
"ENSMUSG00000083927",1.43566206855551,-0.464383962785598,2.71049173693057,-0.171328307870615,0.863965623069544,NA
"ENSMUSG00000083928",0.324084552226006,0,7.19882285845402,0,1,NA
"ENSMUSG00000083929",1.51230117093182,4.96033565404994,3.10576633876325,1.59713742535609,0.110235077365027,NA
"ENSMUSG00000083930",0,NA,NA,NA,NA,NA
"ENSMUSG00000083931",0.213112496023839,3.74732539013341,7.23720591907728,0.517786205344172,0.604607444017711,NA
"ENSMUSG00000083932",1.7227941641708,-0.637649562313459,2.36686983181467,-0.269406265499855,0.787617065177313,NA
"ENSMUSG00000083933",38.1819486642891,-0.60124567989256,0.546357184144549,-1.10046265948521,0.271130590434393,NA
"ENSMUSG00000083934",0,NA,NA,NA,NA,NA
"ENSMUSG00000083935",0.237860576808168,2.10603510911086,7.28619013827622,0.289044764018347,0.772547122083472,NA
"ENSMUSG00000083936",0.0735981185598457,-0.229915958034413,7.34982464544541,-0.0312818290402192,0.975044781641413,NA
"ENSMUSG00000083937",0.147483767943299,1.16293662801268,7.35559175161569,0.158102388942023,0.874376118186017,NA
"ENSMUSG00000083938",0.0355187493373064,1.16171280725677,7.35565536667627,0.157934643392857,0.874508299155349,NA
"ENSMUSG00000083939",0.282723273488443,-3.1332540146294,7.26785723949631,-0.431111111759612,0.666387581492158,NA
"ENSMUSG00000083940",0.344131577467697,-2.42818530643684,7.2457185311155,-0.335120015497347,0.737534554802219,NA
"ENSMUSG00000083941",0.831069197426213,0.870596212313771,3.08179629875727,0.282496352099857,0.777562943328119,NA
"ENSMUSG00000083942",0,NA,NA,NA,NA,NA
"ENSMUSG00000083943",2.44781149364215,-0.608653855554409,1.62669012165759,-0.374167057050911,0.708280031496579,NA
"ENSMUSG00000083944",0.137768071736902,-2.94422719585673,7.2766177941037,-0.404614792086848,0.685760683756367,NA
"ENSMUSG00000083945",0,NA,NA,NA,NA,NA
"ENSMUSG00000083946",0.0406180793754555,0,7.3561311249555,0,1,NA
"ENSMUSG00000083947",3.31517471799505,0.792895592950914,1.44285409777364,0.549532758838453,0.582639889717138,NA
"ENSMUSG00000083948",0.0814166392791374,0,7.3561311249555,0,1,NA
"ENSMUSG00000083949",0.035583895638899,0,7.3561311249555,0,1,NA
"ENSMUSG00000083950",27.3106400974699,0,2.09743623131169,0,1,NA
"ENSMUSG00000083951",2.34544271983376,-1.35287915889999,1.96133182074923,-0.6897757659299,0.490335210837286,NA
"ENSMUSG00000083953",3.40953091752925,0.781384600162204,1.49408125406592,0.52298668364641,0.600983520069415,NA
"ENSMUSG00000083954",0.0406180793754555,0,7.3561311249555,0,1,NA
"ENSMUSG00000083955",0,NA,NA,NA,NA,NA
"ENSMUSG00000083956",0.106213079544143,2.74275124230482,7.26119666768234,0.377727166447933,0.705633284460592,NA
"ENSMUSG00000083957",0.702556347700612,-1.03582669963481,7.114586139352,-0.145591982350944,0.884243497697288,NA
"ENSMUSG00000083958",0.0788301603428172,0,7.3561311249555,0,1,NA
"ENSMUSG00000083960",3.33797657505564,0.0388471319004284,1.41797126964126,0.027396275744188,0.978143668660905,NA
"ENSMUSG00000083961",0.0425919574685933,0,7.3561311249555,0,1,NA
"ENSMUSG00000083962",0.457269437249,0,7.3561311249555,0,1,NA
"ENSMUSG00000083963",0,NA,NA,NA,NA,NA
"ENSMUSG00000083964",0.581452966564211,1.76376774915345,6.14917719887483,0.286829878552887,0.77424258396971,NA
"ENSMUSG00000083966",0,NA,NA,NA,NA,NA
"ENSMUSG00000083967",0,NA,NA,NA,NA,NA
"ENSMUSG00000083969",0.044481691519064,0,7.3561311249555,0,1,NA
"ENSMUSG00000083970",0.0843483482845133,0,7.3561311249555,0,1,NA
"ENSMUSG00000083971",0.423452029530881,0,7.3561311249555,0,1,NA
"ENSMUSG00000083972",0.321530185928233,-1.6735263354054,7.35017310641913,-0.227685295458397,0.819890904742662,NA
"ENSMUSG00000083973",0.0736010613852376,-0.232396264351929,7.34992198778862,-0.0316188749673859,0.974775990867783,NA
"ENSMUSG00000083974",1.19552687590805,-0.321940405571395,3.45414826628078,-0.0932039914771932,0.925741503454801,NA
"ENSMUSG00000083975",0.1721528114988,0,7.3561311249555,0,1,NA
"ENSMUSG00000083976",0,NA,NA,NA,NA,NA
"ENSMUSG00000083977",0.0786993944117454,-1.67251333411093,7.35014727457046,-0.227548275107001,0.819997435464474,NA
"ENSMUSG00000083978",0.0450384044921535,0,7.3561311249555,0,1,NA
"ENSMUSG00000083979",0,NA,NA,NA,NA,NA
"ENSMUSG00000083981",0,NA,NA,NA,NA,NA
"ENSMUSG00000083982",2.21646682578436,-0.620772025059384,1.6073904503317,-0.386198651940033,0.699349552046233,NA
"ENSMUSG00000083983",0.106556248011919,2.74727956207311,7.26104728326191,0.378358583121489,0.705164231160339,NA
"ENSMUSG00000083985",6.65028576537709,-0.320697099983273,0.886650725082711,-0.361694961624666,0.717579992551797,NA
"ENSMUSG00000083986",0.410417814030841,0.246599945465862,7.1402449076289,0.0345366228548247,0.972449238942451,NA
"ENSMUSG00000083987",0.160544450566928,-1.66869718018489,7.35005054255458,-0.227032068762471,0.820398805909429,NA
"ENSMUSG00000083988",0.941207735309502,-1.39505354499241,2.78176583986763,-0.501499272512021,0.616019789704087,NA
"ENSMUSG00000083989",1.72061616170991,2.70863558445364,2.81786661456873,0.961236266631517,0.33643338516004,NA
"ENSMUSG00000083990",0.0712725470775231,-1.64977892293907,7.34957023229736,-0.224472842737006,0.822389396117433,NA
"ENSMUSG00000083991",0.106556248011919,2.74727956207311,7.26104728326191,0.378358583121489,0.705164231160339,NA
"ENSMUSG00000083992",26.1642961796878,-0.389180259868657,0.547556176149324,-0.710758597602822,0.477233840910373,NA
"ENSMUSG00000083993",2.27820878573455,-2.37664979539965,1.88124476403081,-1.2633389555899,0.206467392038603,NA
"ENSMUSG00000083994",0.121300599164081,-1.67171809484395,7.35012717465849,-0.227440703421792,0.820081072734969,NA
"ENSMUSG00000083995",0.957266173657186,0.296471377764995,3.30737681016282,0.0896394317254707,0.928573748536178,NA
"ENSMUSG00000083996",0.0889633830381281,0,7.3561311249555,0,1,NA
"ENSMUSG00000083997",0.161755163506719,1.1509794332097,7.35610754931065,0.156465824553852,0.875665855483965,NA
"ENSMUSG00000083998",0.457202323780143,2.1133400185035,6.561621603241,0.322075874881242,0.747395214339083,NA
"ENSMUSG00000083999",0.0419195223311899,0,7.3561311249555,0,1,NA
"ENSMUSG00000084000",0,NA,NA,NA,NA,NA
"ENSMUSG00000084001",0.153491799225443,0.768221421513499,7.27893985778776,0.105540289729359,0.91594710190783,NA
"ENSMUSG00000084004",0.0781678250239887,1.15154820863633,7.35612205633376,0.156542835996695,0.875605157173495,NA
"ENSMUSG00000084006",0.157068128146816,-0.231513650579764,7.35000770500602,-0.0314984228413914,0.974872049912537,NA
"ENSMUSG00000084007",0.629925698735797,1.13202615513997,3.83948382605949,0.294838110127366,0.768117552130975,NA
"ENSMUSG00000084009",0.176298926961091,3.47389945311357,7.24218717431231,0.479675458463063,0.631458181150471,NA
"ENSMUSG00000084010",0.213112496023839,3.74732539013341,7.23720591907728,0.517786205344172,0.604607444017711,NA
"ENSMUSG00000084011",1.41556508529336,-1.18231196518802,2.45413896223423,-0.481762436187254,0.629974716830676,NA
"ENSMUSG00000084012",5.25646212170416,-1.12033509773274,1.14254625887177,-0.980559945852028,0.326809794591784,NA
"ENSMUSG00000084013",0.812385880543983,2.72019588025172,7.26149046937122,0.374605722024347,0.707953716872859,NA
"ENSMUSG00000084014",0.0838222839162106,0,7.3561311249555,0,1,NA
"ENSMUSG00000084015",0.746640923915566,-1.03283451426555,4.7480037123082,-0.217530266791523,0.827795122175498,NA
"ENSMUSG00000084017",0.85751707833557,-2.71091832979662,2.88860316815742,-0.938487626019553,0.347993873090616,NA
"ENSMUSG00000084018",1.02752293132194,0,3.29131859266141,0,1,NA
"ENSMUSG00000084019",0,NA,NA,NA,NA,NA
"ENSMUSG00000084020",2.41142389077078,-1.79060452449426,2.91276668003081,-0.614743548383118,0.538724095395787,NA
"ENSMUSG00000084021",0.713553790418259,1.14998972116431,3.48237066519204,0.330231854023756,0.741224779608052,NA
"ENSMUSG00000084022",5.96067624846275,-0.604297479857361,1.16177515212012,-0.520150115755687,0.602958950744069,NA
"ENSMUSG00000084024",5.85934147259775,3.14639641164004,1.88672280185467,1.66765165955863,0.0953848967964012,NA
"ENSMUSG00000084025",0.399026428748886,0.276965892762447,5.66893359661099,0.0488567890313662,0.961033425068203,NA
"ENSMUSG00000084026",0.0380762098104571,-1.67431590235222,7.3501929692546,-0.227792101425878,0.819807867435575,NA
"ENSMUSG00000084027",0,NA,NA,NA,NA,NA
"ENSMUSG00000084028",0,NA,NA,NA,NA,NA
"ENSMUSG00000084029",0.0807333752281868,1.14252951036109,7.35589214325307,0.155321677929853,0.876567726484454,NA
"ENSMUSG00000084030",0.673477103391089,-0.403029404137858,4.14345283888331,-0.0972689734406334,0.922512794744356,NA
"ENSMUSG00000084031",1.13664312129568,-2.7583303516434,4.27408502007381,-0.645361601065149,0.518692881318703,NA
"ENSMUSG00000084032",0.770978740302389,3.14263430352487,4.4091881058467,0.71274670712226,0.476002508499441,NA
"ENSMUSG00000084033",3.28370039823162,-0.0372678825946972,2.38807610743859,-0.015605818624713,0.987548863657595,NA
"ENSMUSG00000084034",0.106556248011919,2.74727956207311,7.26104728326191,0.378358583121489,0.705164231160339,NA
"ENSMUSG00000084038",0,NA,NA,NA,NA,NA
"ENSMUSG00000084039",0,NA,NA,NA,NA,NA
"ENSMUSG00000084041",1.15653909979073,-0.488122308093099,7.11420050309603,-0.0686123912139772,0.945298155350376,NA
"ENSMUSG00000084043",0.334505925251934,0,7.3561311249555,0,1,NA
"ENSMUSG00000084044",0.109042076111394,0.768282439014492,7.27894219624806,0.105548638565986,0.915940477499671,NA
"ENSMUSG00000084045",0.525697065428252,-1.19380940114716,6.17112596915557,-0.193450823579691,0.846605915615343,NA
"ENSMUSG00000084046",0.213594825586677,-1.89061670044986,7.34105289718781,-0.25754026390058,0.796761737134141,NA
"ENSMUSG00000084047",1.00448650237032,-0.244943684571452,3.26680731185995,-0.0749795323654992,0.9402309968504,NA
"ENSMUSG00000084048",3.78590292776395,2.10836429280818,2.2370785340957,0.942463244215274,0.345955520748235,NA
"ENSMUSG00000084050",0.241198308051729,1.15416722799213,7.35591803520124,0.156903220300843,0.875321121863361,NA
"ENSMUSG00000084052",0.907548835171669,-1.24201337067722,3.36829962569927,-0.368736011844366,0.712324503735378,NA
"ENSMUSG00000084053",0.0355187493373064,1.16171280725677,7.35565536667627,0.157934643392857,0.874508299155349,NA
"ENSMUSG00000084054",0,NA,NA,NA,NA,NA
"ENSMUSG00000084055",0.26734476451771,0.470579356257038,7.19899907698975,0.0653673311003966,0.947881534435159,NA
"ENSMUSG00000084056",0,NA,NA,NA,NA,NA
"ENSMUSG00000084057",0.0851549481264175,0,7.3561311249555,0,1,NA
"ENSMUSG00000084058",0.0380762098104571,-1.67431590235222,7.3501929692546,-0.227792101425878,0.819807867435575,NA
"ENSMUSG00000084059",0,NA,NA,NA,NA,NA
"ENSMUSG00000084060",1.33198111010326,0.248371071150904,2.56659372313603,0.0967706999795151,0.922908492730004,NA
"ENSMUSG00000084061",0.0488582735869228,-1.88445199085273,7.34129618423011,-0.256691998737325,0.797416548724726,NA
"ENSMUSG00000084063",5.49303107801692,-0.352098609147867,1.03995528292083,-0.338570912548239,0.734932998129504,NA
"ENSMUSG00000084064",0,NA,NA,NA,NA,NA
"ENSMUSG00000084065",0.169146226163182,1.14707435782284,7.35600800422915,0.155937073092275,0.876082622638841,NA
"ENSMUSG00000084066",0.258055014019537,0,7.35613112495549,0,1,NA
"ENSMUSG00000084067",4.374743764365,-0.388605059624019,1.53197742908156,-0.253662392308869,0.799756390497821,NA
"ENSMUSG00000084068",1.97415626350454,0,2.64197690329929,0,1,NA
"ENSMUSG00000084069",0,NA,NA,NA,NA,NA
"ENSMUSG00000084070",0,NA,NA,NA,NA,NA
"ENSMUSG00000084071",9.97249260279341,1.31033184991929,1.19039947587378,1.10074968653483,0.271005614882299,NA
"ENSMUSG00000084072",4.61913524556082,0.60024293522986,1.35780260611144,0.442069364521898,0.658439012361526,NA
"ENSMUSG00000084073",0.248624285572431,-1.31064337869675,7.28441662782838,-0.179924274744219,0.857212017697228,NA
"ENSMUSG00000084074",0.11544067033363,2.15805497912499,7.28491397113182,0.296236165269321,0.767049731733069,NA
"ENSMUSG00000084076",0.16935829799804,0,7.3561311249555,0,1,NA
"ENSMUSG00000084077",0.280606603979487,-2.54767480021685,7.29491790448867,-0.349239680771353,0.726909378425088,NA
"ENSMUSG00000084078",0.114245611253275,-0.234125069685517,7.35007362058738,-0.0318534319207005,0.974588935719679,NA
"ENSMUSG00000084079",1.21761944272301,-0.656658575533866,2.86602618202867,-0.229118135644198,0.818777098148188,NA
"ENSMUSG00000084080",0,NA,NA,NA,NA,NA
"ENSMUSG00000084081",3.58040180761834,3.06381503219576,2.12327663994413,1.44296554417722,0.149030177645382,NA
"ENSMUSG00000084082",0.0355187493373065,1.16171280725677,7.35565536667627,0.157934643392857,0.874508299155349,NA
"ENSMUSG00000084083",0.556158561867545,1.13274380298012,7.35537375205364,0.15400220861161,0.877607994141233,NA
"ENSMUSG00000084086",0.162472317501822,0,7.3561311249555,0,1,NA
"ENSMUSG00000084087",0.0845918262925207,0,7.3561311249555,0,1,NA
"ENSMUSG00000084088",0.30452332805903,-2.9125171628888,7.27721488722509,-0.400224152787027,0.688991426625272,NA
"ENSMUSG00000084089",0.15423181704427,-3.13692799763332,7.26778101979682,-0.43162114943868,0.66601678444407,NA
"ENSMUSG00000084090",0.0355187493373064,1.16171280725677,7.35565536667627,0.157934643392857,0.874508299155349,NA
"ENSMUSG00000084092",0.0815938204116798,0,7.3561311249555,0,1,NA
"ENSMUSG00000084093",0.997937843411451,1.35355188828958,3.07872190142603,0.439647337962754,0.660192549584813,NA
"ENSMUSG00000084094",0.454992341006708,-2.55254602629813,7.29477216644298,-0.349914427490993,0.72640291912634,NA
"ENSMUSG00000084095",0.0736018189510803,-0.23302299508472,7.34994659468271,-0.0317040392175502,0.974708073677719,NA
"ENSMUSG00000084096",0.306745571663449,1.35605685871816,7.25504988438317,0.186912134351706,0.851729525029627,NA
"ENSMUSG00000084097",0,NA,NA,NA,NA,NA
"ENSMUSG00000084098",0.537147034667725,0,6.29708595956116,0,1,NA
"ENSMUSG00000084099",0.157818876788953,-2.46626040323625,7.29749074266014,-0.337960059177442,0.73539328678847,NA
"ENSMUSG00000084101",0.124642906428044,0,7.3561311249555,0,1,NA
"ENSMUSG00000084102",0,NA,NA,NA,NA,NA
"ENSMUSG00000084103",0.0407969102058399,0,7.3561311249555,0,1,NA
"ENSMUSG00000084104",1.17847811502145,-2.30566679292652,3.4424551719889,-0.669773948456216,0.503001903146825,NA
"ENSMUSG00000084105",1.44253657520787,-2.04368707626239,2.56723851937514,-0.7960643550798,0.425994630908504,NA
"ENSMUSG00000084106",27.5695471544932,2.04717761855613,1.48151340087579,1.38181512050174,0.167028475115793,NA
"ENSMUSG00000084107",0.123234648679608,1.15516334256142,7.35594484948181,0.157038064612841,0.87521484903671,NA
"ENSMUSG00000084108",2.04341144837206,0.240162878296236,2.81222897429044,0.0853994751109595,0.931943810440543,NA
"ENSMUSG00000084110",0.0352597853922181,1.155567702399,7.35595536263211,0.157092810577567,0.875171703562209,NA
"ENSMUSG00000084111",5.47811704069073,1.53420091852958,3.02197668120838,0.507681256466912,0.611676895291518,NA
"ENSMUSG00000084112",0,NA,NA,NA,NA,NA
"ENSMUSG00000084113",1.85694299949351,-0.700930041968756,2.87290128024758,-0.243979856456589,0.80724642079185,NA
"ENSMUSG00000084114",0.192532962068167,1.17562290695996,7.35548816675964,0.15982935194876,0.873015501788351,NA
"ENSMUSG00000084115",0.0769553460033003,1.15511518817961,7.355977499923,0.157030821286729,0.875220557553583,NA
"ENSMUSG00000084116",15.6704916722069,-0.731653994452711,0.638313078310159,-1.14623061835057,0.251699742128025,NA
"ENSMUSG00000084117",0.0735988207767596,-0.23051461723587,7.34984813460732,-0.0313631809819953,0.9749799040166,NA
"ENSMUSG00000084118",0.703685947187448,-1.85490335534012,4.24525315948596,-0.436935863576324,0.662157861910761,NA
"ENSMUSG00000084119",0.211620345342212,-0.522700381698564,7.20637751571857,-0.0725330279406606,0.942177722184846,NA
"ENSMUSG00000084120",0.187980629773934,-2.10889543584816,7.25378865660016,-0.290730201234812,0.771257671570822,NA
"ENSMUSG00000084123",0.0735973801118484,-0.229281629174397,7.34979976081696,-0.0311956293553379,0.975113525488796,NA
"ENSMUSG00000084124",4.56446994113681,-0.643341144529017,1.14380978996647,-0.562454658259112,0.573806287881798,NA
"ENSMUSG00000084125",3.92629040069899,-1.25387160852649,1.24942145355322,-1.00356177249927,0.315589888206637,NA
"ENSMUSG00000084126",0.0807236233708188,-1.66399599158721,7.34993144472287,-0.226396124113774,0.820893342191606,NA
"ENSMUSG00000084127",1.99507353232854,0.843084246667874,7.08503335837557,0.118995099108633,0.905279238539182,NA
"ENSMUSG00000084128",8.40903895072579,1.26829717852675,1.12260014946275,1.12978532840364,0.258566691859079,NA
"ENSMUSG00000084129",4.49771886957,0,2.26106237031851,0,1,NA
"ENSMUSG00000084130",0,NA,NA,NA,NA,NA
"ENSMUSG00000084131",10.3519415714957,-0.635970452306986,1.11390013908561,-0.570940275516122,0.568040128479578,NA
"ENSMUSG00000084132",5.67837501149018,-0.268079661876953,1.25547878982463,-0.21352783021878,0.830915284240431,NA
"ENSMUSG00000084133",1.12160577326697,-3.14200503816606,4.12353741443103,-0.761968359295122,0.446078888691157,NA
"ENSMUSG00000084134",0.173081546477867,0,7.3561311249555,0,1,NA
"ENSMUSG00000084135",0,NA,NA,NA,NA,NA
"ENSMUSG00000084136",0.0425919574685933,0,7.3561311249555,0,1,NA
"ENSMUSG00000084137",6.77895524152085,-0.149916404083195,1.12249496928199,-0.133556415116131,0.893753351021116,NA
"ENSMUSG00000084138",0.303513401485305,-1.50950997063052,7.27626821897283,-0.207456614462683,0.835653272207531,NA
"ENSMUSG00000084139",3.21775569001183,-0.723434980505624,1.62644137050797,-0.444796224212916,0.656467023263737,NA
"ENSMUSG00000084140",2.09806140374676,-3.25098393773285,2.0891747355894,-1.55610915753089,0.119682137795066,NA
"ENSMUSG00000084142",0.701332468328451,-0.730022566840037,3.78906701390064,-0.19266552007707,0.847220928466861,NA
"ENSMUSG00000084143",1.2725867753049,-1.41214900340679,2.57308761526823,-0.548814970398736,0.583132435560377,NA
"ENSMUSG00000084144",0.359598857322131,-1.90143773333548,7.3406250829789,-0.259029403060571,0.795612554149734,NA
"ENSMUSG00000084145",0.45147418096156,2.73872002307863,7.26118647724957,0.377172522928514,0.706045398474462,NA
"ENSMUSG00000084146",0.195395889337425,-3.13565326561652,7.26780745020452,-0.431444185485168,0.666145427876061,NA
"ENSMUSG00000084147",0.0406180793754555,0,7.3561311249555,0,1,NA
"ENSMUSG00000084148",4.59667587299375,-0.841998642091123,1.38334250129708,-0.608669683250267,0.542743405836791,NA
"ENSMUSG00000084149",2.35096081799753,-0.966709544563891,2.53072572763068,-0.381989061086025,0.702469478506974,NA
"ENSMUSG00000084150",0.109024114608064,0.766997489256645,7.27897396978107,0.105371648867116,0.916080911728578,NA
"ENSMUSG00000084151",0.203560843461752,0,7.3561311249555,0,1,NA
"ENSMUSG00000084152",0.111482132325517,2.15411494736934,7.28500924202986,0.295691450182584,0.767465727144369,NA
"ENSMUSG00000084153",0.440231874143863,1.35144705191864,7.2550178955848,0.186277562835661,0.852227101774447,NA
"ENSMUSG00000084154",1.86284549760311,0.155980746779847,1.94243761576509,0.0803015476604685,0.93599742733598,NA
"ENSMUSG00000084155",0.0406180793754555,0,7.3561311249555,0,1,NA
"ENSMUSG00000084157",0.181722202588591,0,7.3561311249555,0,1,NA
"ENSMUSG00000084158",0,NA,NA,NA,NA,NA
"ENSMUSG00000084159",203.51128978607,-1.06982561620886,0.482215796617776,-2.21856194615053,0.0265165408576349,0.113371975076869
"ENSMUSG00000084160",0.0352597853922181,1.155567702399,7.35595536263211,0.157092810577567,0.875171703562209,NA
"ENSMUSG00000084161",0,NA,NA,NA,NA,NA
"ENSMUSG00000084162",0.182878199280862,-2.5574658823332,7.29461728674186,-0.350596307085426,0.72589122741689,NA
"ENSMUSG00000084163",0.0736047460667196,-0.235402156000818,7.35004004335378,-0.032027329730493,0.974450256099945,NA
"ENSMUSG00000084164",1.44791157229424,0.637913764129907,2.58739029313335,0.246547173738288,0.805258691778458,NA
"ENSMUSG00000084166",4.47254539989608,-2.51094776300496,1.60524091565573,-1.56421864065136,0.117766231036945,NA
"ENSMUSG00000084167",0.146375822743311,0,7.35613112495549,0,1,NA
"ENSMUSG00000084168",3.49231779957035,0.606107286755708,1.59799371977009,0.379292658824035,0.704470550523181,NA
"ENSMUSG00000084169",0.0381979668618393,0,7.3561311249555,0,1,NA
"ENSMUSG00000084170",4.59834508860483,-0.645221529483559,1.48649132137956,-0.434056708036983,0.664247261810915,NA
"ENSMUSG00000084171",0,NA,NA,NA,NA,NA
"ENSMUSG00000084172",13.1729187695999,0.678918342784563,0.789323709601323,0.860126630590478,0.389719242901774,NA
"ENSMUSG00000084173",0.11326365487339,2.14358956315533,7.28526496941262,0.294236321143466,0.768577328127433,NA
"ENSMUSG00000084174",0.119808456859686,0,7.3561311249555,0,1,NA
"ENSMUSG00000084175",0.0812361587509111,0,7.3561311249555,0,1,NA
"ENSMUSG00000084177",1.39628616514153,1.32718384356867,2.28292655708176,0.58135196660255,0.561003263390325,NA
"ENSMUSG00000084178",3.52435532870369,-1.68383869019516,1.51495693023313,-1.11147627803257,0.266363395350785,NA
"ENSMUSG00000084179",0.0406180793754555,0,7.3561311249555,0,1,NA
"ENSMUSG00000084180",0.0761524196209141,-2.55627499047924,7.29465809108018,-0.350431090609309,0.726015196884991,NA
"ENSMUSG00000084181",0.0762310746419001,0,7.3561311249555,0,1,NA
"ENSMUSG00000084182",0,NA,NA,NA,NA,NA
"ENSMUSG00000084183",0.621499460284108,-0.112118855135869,5.13023983353943,-0.0218545055930683,0.982564015375153,NA
"ENSMUSG00000084184",0.0400922426516566,0,7.3561311249555,0,1,NA
"ENSMUSG00000084185",1.20368976482855,0.0648423375006701,2.39120378431126,0.0271170269661257,0.978366394199262,NA
"ENSMUSG00000084186",1.90875822739416,-0.150336671726672,1.84055952173206,-0.0816798750334341,0.934901282272976,NA
"ENSMUSG00000084188",0.119592021782223,-1.91247308493136,7.34019562294526,-0.260547972175703,0.794441116217033,NA
"ENSMUSG00000084189",0,NA,NA,NA,NA,NA
"ENSMUSG00000084190",1.1133086376212,3.08322376892151,4.73396629027853,0.651298209548531,0.514854003953705,NA
"ENSMUSG00000084191",0.0355187493373064,1.16171280725677,7.35565536667627,0.157934643392857,0.874508299155349,NA
"ENSMUSG00000084192",0,NA,NA,NA,NA,NA
"ENSMUSG00000084193",0.334001300432322,-1.82125137839191,7.26309984776714,-0.250754005392313,0.802004303953272,NA
"ENSMUSG00000084195",0.0355187493373065,1.16171280725677,7.35565536667627,0.157934643392857,0.874508299155349,NA
"ENSMUSG00000084196",0,NA,NA,NA,NA,NA
"ENSMUSG00000084197",0.0840026745325243,0,7.3561311249555,0,1,NA
"ENSMUSG00000084198",0.0912557759687107,-1.82926056538652,7.34351790358612,-0.249098673061479,0.803284455856894,NA
"ENSMUSG00000084199",0.922882050371407,-2.3691184399172,2.89244686736473,-0.819070686015979,0.412746085549197,NA
"ENSMUSG00000084200",0.0425774740632087,0,7.3561311249555,0,1,NA
"ENSMUSG00000084201",0.0355187493373064,1.16171280725677,7.35565536667627,0.157934643392857,0.874508299155349,NA
"ENSMUSG00000084202",0.111728696751405,-1.11300755283824,7.29421076093242,-0.152587797270607,0.878723348670796,NA
"ENSMUSG00000084203",0.583933511316325,-0.238631366550239,4.28199244375063,-0.055729048961427,0.955557657731533,NA
"ENSMUSG00000084204",0.0762747541384489,-1.67967153321879,7.35032773096304,-0.228516549832631,0.819244691556552,NA
"ENSMUSG00000084205",0.418833134847418,0.738054081235239,7.27965421255246,0.101385870768779,0.919244152170505,NA
"ENSMUSG00000084206",0.125472015089071,-1.9225974621077,7.33980475894606,-0.261941226674232,0.793366754667329,NA
"ENSMUSG00000084207",0.0734209427986839,1.17353015418485,7.35559205688419,0.159542582719296,0.873241411780186,NA
"ENSMUSG00000084208",297.248930061237,-0.138804995617697,0.34375449694068,-0.403791068489351,0.68636636488244,0.828727065247771
"ENSMUSG00000084209",0,NA,NA,NA,NA,NA
"ENSMUSG00000084210",0.202242568360212,1.15585190924637,7.35596264801066,0.157131291246966,0.875141377042407,NA
"ENSMUSG00000084211",0.496423192848183,-1.08494158036918,5.5424156385063,-0.19575247529822,0.844803909527273,NA
"ENSMUSG00000084212",0.325141704029516,1.12005527825524,7.24549909446089,0.154586352665685,0.877147429650319,NA
"ENSMUSG00000084213",0.281872401610353,0,7.3561311249555,0,1,NA
"ENSMUSG00000084214",0.0380762098104571,-1.67431590235222,7.3501929692546,-0.227792101425878,0.819807867435575,NA
"ENSMUSG00000084215",0.689098818201053,-1.85832615317234,4.64654741739407,-0.399936982503569,0.689202932288821,NA
"ENSMUSG00000084216",0.988687892004413,-1.14537617787136,3.20641693905209,-0.35721373721596,0.720931802619666,NA
"ENSMUSG00000084217",1.11183127566486,1.14502961893659,3.81870177331978,0.299847876819447,0.764293194124473,NA
"ENSMUSG00000084218",2.62989097053791,0.720666172838739,1.3993341177555,0.515006504661426,0.606548474614269,NA
"ENSMUSG00000084219",0,NA,NA,NA,NA,NA
"ENSMUSG00000084220",0.199430487110711,-2.54918863258322,7.29487511152061,-0.34944924945423,0.726752065119217,NA
"ENSMUSG00000084221",2.8812989440334,-1.86789482503494,1.64067312865925,-1.13849297121199,0.254914692197969,NA
"ENSMUSG00000084222",0.0400922426516566,0,7.3561311249555,0,1,NA
"ENSMUSG00000084223",1.17721542645471,-1.30660594617858,2.63689054175458,-0.495510119016608,0.620240080948156,NA
"ENSMUSG00000084224",0.254933943915225,0,7.3561311249555,0,1,NA
"ENSMUSG00000084226",0.15475520201138,-1.66354969340182,7.34991847637338,-0.226335802056767,0.820940254763514,NA
"ENSMUSG00000084228",0.0761520198067134,1.15780563110734,7.35584597462114,0.157399384802503,0.874930098269815,NA
"ENSMUSG00000084230",10.6731457523026,0.0978527862777453,1.33371062380841,0.0733688286881351,0.941512621826704,NA
"ENSMUSG00000084231",0.499792323382804,-2.71198056856156,7.28506286007376,-0.372265911859832,0.709694876069139,NA
"ENSMUSG00000084234",0,NA,NA,NA,NA,NA
"ENSMUSG00000084235",32.3248751461774,0.948337565123547,1.08163990998472,0.876759036320084,0.380617533144457,NA
"ENSMUSG00000084236",0.0406180793754555,0,7.3561311249555,0,1,NA
"ENSMUSG00000084237",0.0380762098104571,-1.67431590235222,7.3501929692546,-0.227792101425878,0.819807867435575,NA
"ENSMUSG00000084238",0.0914384276956519,0,7.3561311249555,0,1,NA
"ENSMUSG00000084239",1.18048292050063,-0.0141986113104262,2.7897962219898,-0.00508947972561921,0.995939200235433,NA
"ENSMUSG00000084240",0.152297302314951,2.15904029028569,7.28489016880324,0.296372387264196,0.766945710358284,NA
"ENSMUSG00000084241",0.0763959337236786,0,7.3561311249555,0,1,NA
"ENSMUSG00000084243",0,NA,NA,NA,NA,NA
"ENSMUSG00000084244",0.289504150417909,-0.23479738412398,7.34920064246242,-0.0319486969463536,0.974512963893816,NA
"ENSMUSG00000084245",0,NA,NA,NA,NA,NA
"ENSMUSG00000084246",0.233395512490475,2.14511039451603,7.28506069901274,0.294453331707549,0.768411519339931,NA
"ENSMUSG00000084247",0.233084243403644,-1.10824874502171,7.29515240867056,-0.151915776797825,0.87925336463708,NA
"ENSMUSG00000084248",0.0380762098104571,-1.67431590235222,7.3501929692546,-0.227792101425878,0.819807867435575,NA
"ENSMUSG00000084249",1.7906297671252,-0.593417085715721,2.00527654989785,-0.295927803946019,0.76728521705775,NA
"ENSMUSG00000084250",0.0814860571961393,0,7.3561311249555,0,1,NA
"ENSMUSG00000084251",0,NA,NA,NA,NA,NA
"ENSMUSG00000084252",4.65303602258414,-0.433057938133368,1.67873003257136,-0.257967588433526,0.796431921487474,NA
"ENSMUSG00000084253",0.0851549481264174,0,7.3561311249555,0,1,NA
"ENSMUSG00000084254",0.0770754599081809,1.13779282089542,7.35577144252165,0.154680284697014,0.877073373442861,NA
"ENSMUSG00000084256",0.322066517589666,-0.228412657796102,7.34999879033771,-0.0310765571956791,0.975208485285709,NA
"ENSMUSG00000084257",0.214309371695953,-1.66893361477704,7.35005668441099,-0.227064046773509,0.820373940398288,NA
"ENSMUSG00000084259",0,NA,NA,NA,NA,NA
"ENSMUSG00000084260",0.330677713438935,-1.66008745382249,7.34983233561063,-0.225867390985127,0.821304560678804,NA
"ENSMUSG00000084261",0.0711027057180256,1.16511349371811,7.35548797763503,0.158400570738575,0.874141164072288,NA
"ENSMUSG00000084262",2.39740248672703,0.860613248799728,1.94614039365339,0.442215398028989,0.658333344604927,NA
"ENSMUSG00000084264",0,NA,NA,NA,NA,NA
"ENSMUSG00000084265",1.25914167555208,2.07970098702997,2.92053559624998,0.71209575041658,0.476405485613228,NA
"ENSMUSG00000084267",0,NA,NA,NA,NA,NA
"ENSMUSG00000084269",0.1207140606223,0,7.3561311249555,0,1,NA
"ENSMUSG00000084270",0,NA,NA,NA,NA,NA
"ENSMUSG00000084271",0.0841028465677898,-1.65933432735095,7.34981328382276,-0.225765507676667,0.821383805355243,NA
"ENSMUSG00000084272",0,NA,NA,NA,NA,NA
"ENSMUSG00000084273",0.269432877860838,-3.38875734414512,7.25914656961976,-0.466825860539502,0.640624472174824,NA
"ENSMUSG00000084274",21.1097071017575,0.17211045283146,0.769553721177724,0.22364969214633,0.823029894154364,NA
"ENSMUSG00000084275",1.92961072818908,1.13557831332647,2.79755458552015,0.405918196986792,0.68480270711435,NA
"ENSMUSG00000084276",5.61619577053543,-0.330653004832566,1.66798059370907,-0.198235522691122,0.842860795847745,NA
"ENSMUSG00000084277",1.54038227589984,-1.12184655881451,1.97627454060984,-0.567657243850507,0.570267729183482,NA
"ENSMUSG00000084278",0.0425919574685933,0,7.3561311249555,0,1,NA
"ENSMUSG00000084279",2.98537954858175,0,3.88416093425645,0,1,NA
"ENSMUSG00000084280",10.6978576815333,0.184554072066726,1.08864536454036,0.169526347218359,0.865382650193518,NA
"ENSMUSG00000084281",0,NA,NA,NA,NA,NA
"ENSMUSG00000084282",0.115299165705505,1.14664293637289,7.35599581343038,0.155878682567951,0.876128648739258,NA
"ENSMUSG00000084283",11.4668247963438,0.515225447835804,0.970477482666258,0.530898920416258,0.595488825932978,NA
"ENSMUSG00000084284",10.0977417784438,-0.203779226711756,1.06211028822438,-0.19186258618437,0.847849844826037,NA
"ENSMUSG00000084285",0.0380762098104571,-1.67431590235222,7.3501929692546,-0.227792101425878,0.819807867435575,NA
"ENSMUSG00000084286",0.0736006519804708,-0.23205561056431,7.34990861465472,-0.0315725844674616,0.97481290691192,NA
"ENSMUSG00000084287",0.204644474963015,-0.231486736630588,7.34997897815757,-0.0314948841783783,0.974874871956985,NA
"ENSMUSG00000084288",1.78709773153621,-1.29914914612606,1.98754026143794,-0.653646706601134,0.513339445521512,NA
"ENSMUSG00000084289",1.56995902036224,-1.04141050786289,2.46230304946835,-0.422941647287384,0.672337835849948,NA
"ENSMUSG00000084291",12.6625610624144,-0.488872066140934,1.00221835872107,-0.487789973000278,0.625698614417353,NA
"ENSMUSG00000084292",0.509803532528629,-0.122693144827626,4.72488605484862,-0.0259674293524433,0.979283317297471,NA
"ENSMUSG00000084293",0,NA,NA,NA,NA,NA
"ENSMUSG00000084294",0.0355187493373065,1.16171280725677,7.35565536667627,0.157934643392857,0.874508299155349,NA
"ENSMUSG00000084295",0.0380762098104571,-1.67431590235222,7.3501929692546,-0.227792101425878,0.819807867435575,NA
"ENSMUSG00000084296",0,NA,NA,NA,NA,NA
"ENSMUSG00000084297",0.178353310994375,3.06600111680702,7.25035293370361,0.422876119940943,0.672385646587235,NA
"ENSMUSG00000084298",0.0833830670452522,0,7.3561311249555,0,1,NA
"ENSMUSG00000084299",2.41644629401692,-0.274124857011177,1.89256471015847,-0.144843056377303,0.884834786582566,NA
"ENSMUSG00000084300",2.84144570877776,0.213768479274788,1.61986851153291,0.131966562565313,0.895010739600284,NA
"ENSMUSG00000084301",0.700865392967878,2.73553052443475,3.34086549725734,0.818808936391024,0.412895431563319,NA
"ENSMUSG00000084302",1.15121834698072,3.72878607745928,3.48101617080045,1.07117746499921,0.284089642171464,NA
"ENSMUSG00000084303",0.559335954361808,0.555454095439108,4.78994603309975,0.115962495527252,0.907682265446035,NA
"ENSMUSG00000084304",0.658592472266427,1.13164157932517,3.91339529126297,0.289171293748851,0.772450298148593,NA
"ENSMUSG00000084305",0,NA,NA,NA,NA,NA
"ENSMUSG00000084306",0.578677789645374,0.766447897587311,6.13617254268355,0.124906510085213,0.900597564435383,NA
"ENSMUSG00000084307",0.222634506766095,-1.86306133881246,7.34214789609063,-0.253748816447086,0.799689617926015,NA
"ENSMUSG00000084308",0.65366843540217,0.277847815377431,3.56545020433445,0.0779278350430071,0.937885457570375,NA
"ENSMUSG00000084309",0.0355187493373064,1.16171280725677,7.35565536667627,0.157934643392857,0.874508299155349,NA
"ENSMUSG00000084310",0.0380762098104571,-1.67431590235222,7.3501929692546,-0.227792101425878,0.819807867435575,NA
"ENSMUSG00000084311",0.0406180793754555,0,7.3561311249555,0,1,NA
"ENSMUSG00000084312",0,NA,NA,NA,NA,NA
"ENSMUSG00000084313",0.657584407406212,0.559502974846046,4.57314548734786,0.122345325858094,0.902625536751213,NA
"ENSMUSG00000084314",6.12566650960975,-0.450379616242898,1.648396707455,-0.273222831740699,0.784681930257472,NA
"ENSMUSG00000084315",7.12538529524761,-0.320493343126782,1.36587630129656,-0.234643022082272,0.814485814806446,NA
"ENSMUSG00000084316",1.2247801877233,-1.67443932675257,4.24830805438221,-0.394142634036473,0.69347573594001,NA
"ENSMUSG00000084318",0.158279124274828,1.14903019581568,7.35605791206544,0.15620189638951,0.8758738819824,NA
"ENSMUSG00000084319",4886.98490144379,-0.864014097378371,0.237832425854247,-3.63286921148368,0.000280287105162327,0.0109675822190083
"ENSMUSG00000084320",4.10997496601729,0.777147206445762,1.67104701199133,0.46506603397092,0.641884168899215,NA
"ENSMUSG00000084323",0.253805203167435,3.72526516695926,7.23738794459767,0.514725090802957,0.606745137621715,NA
"ENSMUSG00000084324",0.489604559986343,0.758405767098835,4.8422085461699,0.156623937169893,0.875541236240624,NA
"ENSMUSG00000084325",1.77381942275181,3.55489501969932,2.51692486356155,1.41239616293869,0.15783334564357,NA
"ENSMUSG00000084326",0.0419195223311899,0,7.3561311249555,0,1,NA
"ENSMUSG00000084327",0,NA,NA,NA,NA,NA
"ENSMUSG00000084328",14.7068338137101,-0.245951766593285,0.775389827184684,-0.317197566914563,0.751093695994445,NA
"ENSMUSG00000084329",2.04530057086605,0.406173529313894,2.22692272645047,0.182392287118692,0.855274878274529,NA
"ENSMUSG00000084330",0.0380762098104571,-1.67431590235222,7.3501929692546,-0.227792101425878,0.819807867435575,NA
"ENSMUSG00000084331",0.117048509220501,1.15529984360192,7.35596846562108,0.157056116947937,0.875200621891168,NA
"ENSMUSG00000084332",1.69576920531123,0.65726567007844,1.92555696195114,0.34133795211773,0.7328491799829,NA
"ENSMUSG00000084333",7.37343258940571,0.135533585099685,0.810369783319483,0.167249060724482,0.867174083139179,NA
"ENSMUSG00000084334",0.0761524196209141,-2.55627499047924,7.29465809108018,-0.350431090609309,0.726015196884991,NA
"ENSMUSG00000084335",0,NA,NA,NA,NA,NA
"ENSMUSG00000084336",14.7860846850327,0.0297279878939119,0.978942959128263,0.0303674362399872,0.975774014988086,NA
"ENSMUSG00000084337",0.0355187493373064,1.16171280725677,7.35565536667627,0.157934643392857,0.874508299155349,NA
"ENSMUSG00000084338",0.0737822710212822,0,7.3561311249555,0,1,NA
"ENSMUSG00000084339",0.12440485192662,0,7.3561311249555,0,1,NA
"ENSMUSG00000084340",1.52294644806029,0.139479364230732,2.52588515055051,0.0552199945434307,0.955963199895252,NA
"ENSMUSG00000084341",0.198055297109463,2.7369085697052,7.26121603781552,0.37692151775291,0.706231929946586,NA
"ENSMUSG00000084342",0.408787505399738,0,7.3561311249555,0,1,NA
"ENSMUSG00000084343",1.01696110630362,3.13191723651756,3.23236970629145,0.968922963985719,0.332583626868372,NA
"ENSMUSG00000084344",0,NA,NA,NA,NA,NA
"ENSMUSG00000084345",2.65850601056364,0.458848863079758,1.95761085382225,0.234392275759941,0.814680454697961,NA
"ENSMUSG00000084346",0.184928237003665,-0.693870801318756,7.19583376511325,-0.0964267413573075,0.923181654545929,NA
"ENSMUSG00000084347",2.37411722023576,2.15116248993495,2.75814188692264,0.779931772232023,0.435431035790626,NA
"ENSMUSG00000084348",0.653564496116797,-0.233744543727262,5.26409232407052,-0.0444035798267527,0.964582708176054,NA
"ENSMUSG00000084349",2213.68761120043,-15.3306966897328,1.56723660227612,-9.78199250034605,1.34535522663289e-22,2.65976728305322e-19
"ENSMUSG00000084350",12.4800296116668,-3.67975281318614,1.12730851793623,-3.26419321298369,0.00109776276322626,NA
"ENSMUSG00000084351",0.0488582735869228,-1.88445199085272,7.34129618423011,-0.256691998737325,0.797416548724726,NA
"ENSMUSG00000084352",0.0784775757737354,1.11764595507996,7.35525809318056,0.151951969723019,0.879224818250614,NA
"ENSMUSG00000084353",287.115817535301,-2.62730948543096,1.44504803728151,-1.81814681425648,0.0690416964514507,0.204615731001121
"ENSMUSG00000084355",0,NA,NA,NA,NA,NA
"ENSMUSG00000084356",0,NA,NA,NA,NA,NA
"ENSMUSG00000084357",0,NA,NA,NA,NA,NA
"ENSMUSG00000084358",0.0380762098104571,-1.67431590235222,7.3501929692546,-0.227792101425878,0.819807867435575,NA
"ENSMUSG00000084359",0,NA,NA,NA,NA,NA
"ENSMUSG00000084360",0.0409190281194281,0,7.3561311249555,0,1,NA
"ENSMUSG00000084361",0.0858289445487375,-1.64694858366248,7.34949945953595,-0.224089897921629,0.822687352905241,NA
"ENSMUSG00000084362",5.6104665001042,1.39605681766258,1.20195296924036,1.16149038555551,0.245442530843648,NA
"ENSMUSG00000084363",0.0406180793754555,0,7.3561311249555,0,1,NA
"ENSMUSG00000084366",0,NA,NA,NA,NA,NA
"ENSMUSG00000084367",0.152563532850664,1.15314824335004,7.35607051287354,0.156761445031279,0.875432859506507,NA
"ENSMUSG00000084368",2.46379506107994,-2.94622817535214,1.61433587781615,-1.82504038709574,0.0679949349439177,NA
"ENSMUSG00000084369",0.0355187493373064,1.16171280725677,7.35565536667627,0.157934643392857,0.874508299155349,NA
"ENSMUSG00000084370",0.0380762098104571,-1.67431590235222,7.3501929692546,-0.227792101425878,0.819807867435575,NA
"ENSMUSG00000084371",0.236670819486702,0,7.3561311249555,0,1,NA
"ENSMUSG00000084372",3.2465407273207,-0.420001045849175,1.8975251306837,-0.221341493220616,0.824826544166549,NA
"ENSMUSG00000084373",7.37374466098989,-0.874770645720801,0.97683894742953,-0.895511637842335,0.370513647437911,NA
"ENSMUSG00000084374",1.09163636340063,2.07225354819316,2.78387956176707,0.744376149260492,0.456648944050213,NA
"ENSMUSG00000084375",0.035583895638899,0,7.3561311249555,0,1,NA
"ENSMUSG00000084376",0.0355187493373065,1.16171280725677,7.35565536667627,0.157934643392857,0.874508299155349,NA
"ENSMUSG00000084377",1.14957884879007,0.564758419401767,4.49864189476817,0.1255397590234,0.900096250848947,NA
"ENSMUSG00000084378",0.501772182646608,-2.54663373352903,7.29495359896608,-0.349095261399601,0.727017793923822,NA
"ENSMUSG00000084379",0.0762752313187009,-1.6808649475505,7.35035798989203,-0.2286779704964,0.819119218120832,NA
"ENSMUSG00000084380",0.255519623885224,-1.88617304895172,7.3412281661025,-0.256928814399335,0.797233726378846,NA
"ENSMUSG00000084381",11.5018634522041,1.69309259973813,0.917712066433843,1.84490611125705,0.0650511975383677,NA
"ENSMUSG00000084382",0.0891468713191031,0,7.35613112495549,0,1,NA
"ENSMUSG00000084383",15.2296250239106,-1.58071209417433,0.99582026715711,-1.58734677964226,0.112434125791636,NA
"ENSMUSG00000084384",1.94963321546578,-0.449794188191889,2.3193145678149,-0.193934102097955,0.846227480972917,NA
"ENSMUSG00000084385",0.0814215259892419,0,7.3561311249555,0,1,NA
"ENSMUSG00000084386",0,NA,NA,NA,NA,NA
"ENSMUSG00000084387",0.0761524196209141,-2.55627499047924,7.29465809108018,-0.350431090609309,0.726015196884991,NA
"ENSMUSG00000084390",0.309788099096107,-1.11215299646524,7.29456483597229,-0.152463240984683,0.878821580897849,NA
"ENSMUSG00000084391",0.106556248011919,2.74727956207311,7.26104728326191,0.378358583121489,0.705164231160339,NA
"ENSMUSG00000084392",0.778770657685677,-2.84676311597666,3.51431517322609,-0.810047754869799,0.417912729745522,NA
"ENSMUSG00000084393",0.230021650479799,2.73669754703408,7.26134224365414,0.376885905553584,0.706258396153284,NA
"ENSMUSG00000084394",0.0845815337503606,0,7.3561311249555,0,1,NA
"ENSMUSG00000084395",0,NA,NA,NA,NA,NA
"ENSMUSG00000084396",0.0355187493373065,1.16171280725677,7.35565536667627,0.157934643392857,0.874508299155349,NA
"ENSMUSG00000084397",0,NA,NA,NA,NA,NA
"ENSMUSG00000084399",3.4782554694574,-1.05000127599183,1.69155230946279,-0.620732371158711,0.534775726756352,NA
"ENSMUSG00000084400",0.167678089324759,0,7.3561311249555,0,1,NA
"ENSMUSG00000084401",2.97838112758479,0.161565250067314,1.81939016756018,0.088801870510257,0.929239371113965,NA
"ENSMUSG00000084403",112.007856963499,-6.05386308366518,1.32295757830718,-4.57600695814566,4.73934787903442e-06,0.00104107675076123
"ENSMUSG00000084404",0.261363596845157,0,7.3561311249555,0,1,NA
"ENSMUSG00000084405",0.0432773486139992,0,7.3561311249555,0,1,NA
"ENSMUSG00000084407",1.62022917821557,-1.32035149198856,2.45161598494753,-0.538563747379393,0.590187907807312,NA
"ENSMUSG00000084408",0.72134503641182,0.755784695398595,3.04580664194703,0.248139420602045,0.804026535957173,NA
"ENSMUSG00000084411",6.60674939371205,1.71609053614017,1.01676609567849,1.68779283990092,0.0914510025424247,NA
"ENSMUSG00000084412",0,NA,NA,NA,NA,NA
"ENSMUSG00000084413",4.07639898261838,-0.741502198302012,1.5901361572765,-0.466313651764272,0.640991008370262,NA
"ENSMUSG00000084414",0.331104364392003,2.14856228131653,7.28506062650349,0.294927165533795,0.768049519362245,NA
"ENSMUSG00000084415",0.0787115839375303,-1.66857799800935,7.35004752169417,-0.227015946915231,0.820411342028719,NA
"ENSMUSG00000084416",1678.02565366634,-0.628279411866169,1.21482368778194,-0.517177445735601,0.605032294956244,0.770486897355959
"ENSMUSG00000084755",1.16859685482682,-0.237037532602521,2.30671193077764,-0.102759919624039,0.918153516312998,NA
"ENSMUSG00000084782",0.0977165471738455,-2.90148482602865,7.2774271891271,-0.398696510542028,0.690116839330894,NA
"ENSMUSG00000084786",6602.25981675507,-0.785578084870409,0.230309781038259,-3.41096275342256,0.000647339337600507,0.0159769589443781
"ENSMUSG00000084793",0.176710354773205,-3.38403214403431,7.25930170750132,-0.466164967428955,0.641097423163713,NA
"ENSMUSG00000084817",9.81347580342231,-2.87798894110456,1.64806655870509,-1.74628198473115,0.0807619647200712,NA
"ENSMUSG00000084830",0,NA,NA,NA,NA,NA
"ENSMUSG00000084831",0.0444816915190641,0,7.3561311249555,0,1,NA
"ENSMUSG00000084836",0,NA,NA,NA,NA,NA
"ENSMUSG00000084838",0,NA,NA,NA,NA,NA
"ENSMUSG00000084842",0.0710374986746129,2.16226366003378,7.28481246100722,0.296818026765623,0.766605441993722,NA
"ENSMUSG00000084845",27.7185837707659,-0.253311742715415,0.553937489103623,-0.457293011753586,0.647460451967586,NA
"ENSMUSG00000084852",0,NA,NA,NA,NA,NA
"ENSMUSG00000084855",0.343128239991926,-1.87263249558967,7.08647286644532,-0.264254521379267,0.79158380166146,NA
"ENSMUSG00000084858",0.784447719187738,2.15472582986029,6.71695694936563,0.320788989136485,0.748370304177335,NA
"ENSMUSG00000084874",0.238851602631919,-0.455324237631388,7.34066715916353,-0.0620276369652582,0.950540823255475,NA
"ENSMUSG00000084883",36.1063201541619,0.494068159715771,0.574829455782568,0.859503901106027,0.390062568652681,NA
"ENSMUSG00000084893",0.37455344905064,-0.0905983585902464,7.1725478472858,-0.0126312658373593,0.989921975995255,NA
"ENSMUSG00000084897",21.3385393305077,0.433994855924585,0.711780523976734,0.609731288375026,0.542039824623082,NA
"ENSMUSG00000084902",0.432298864415244,-2.68962644360847,7.24044921712371,-0.37147231655841,0.710285771426282,NA
"ENSMUSG00000084924",0,NA,NA,NA,NA,NA
"ENSMUSG00000084927",0.115736078835392,1.160727462636,7.3557033912449,0.157799655709004,0.874614669962643,NA
"ENSMUSG00000084955",0.0355187493373064,1.16171280725677,7.35565536667627,0.157934643392857,0.874508299155349,NA
"ENSMUSG00000084957",2185.32746951392,-0.855331326453925,0.232216086612318,-3.6833422650942,0.000230195747189677,0.0100685175264157
"ENSMUSG00000084965",0.121314189076355,-1.6683650974787,7.35004212533573,-0.226987147696448,0.820433736006133,NA
"ENSMUSG00000084982",0.0787124809545875,-1.66830552521594,7.35004061540657,-0.226979089301762,0.820440002157478,NA
"ENSMUSG00000084989",0.452371920142107,-0.227863338361221,7.34976254955375,-0.0310028163256861,0.975267293650721,NA
"ENSMUSG00000084991",0.15429258840348,2.14063579260126,7.28559585944753,0.293817531729462,0.768897337705129,NA
"ENSMUSG00000085006",0.433399830605367,0.606576209688741,7.19896552474401,0.084258801851994,0.932850667233968,NA
"ENSMUSG00000085028",250.974908712559,0.291154839826095,0.288996365537584,1.00746886309278,0.313709513384365,0.5253292461129
"ENSMUSG00000085042",0.12239073061752,0,7.3561311249555,0,1,NA
"ENSMUSG00000085066",0.0860074024909386,0,7.3561311249555,0,1,NA
"ENSMUSG00000085073",0.204673921156072,-2.50443072605278,7.2962692461279,-0.343248123331232,0.731411804125462,NA
"ENSMUSG00000085079",1.74586637318947,1.65182336478944,2.6948125959716,0.612964095261652,0.539900080743321,NA
"ENSMUSG00000085082",0,NA,NA,NA,NA,NA
"ENSMUSG00000085094",0.453209575043461,1.14122820960057,6.56697292980513,0.173782992833874,0.862036010761632,NA
"ENSMUSG00000085099",9.74131644464281,-0.129906907151584,0.80727111311399,-0.160921040083396,0.872155590679806,NA
"ENSMUSG00000085103",0,NA,NA,NA,NA,NA
"ENSMUSG00000085107",0.204835999315449,-2.53122444886489,7.29542977845751,-0.346960292365403,0.728621149962015,NA
"ENSMUSG00000085111",3.33378341663584,-1.82222834436195,1.84318962385414,-0.988627714033913,0.322845321540916,NA
"ENSMUSG00000085115",0.261144876896369,-1.88772658078764,7.3411668336377,-0.257142580132896,0.797068708193317,NA
"ENSMUSG00000085116",2.08307953137503,-0.664271718591941,1.85665026402258,-0.357779669905492,0.720508205913778,NA
"ENSMUSG00000085139",0.357783456125615,1.15606620906707,7.35596603613549,0.157160351663942,0.875118474721627,NA
"ENSMUSG00000085155",0.0409190281194281,0,7.3561311249555,0,1,NA
"ENSMUSG00000085172",21.9807654709328,0.54462270605563,0.627533410782577,0.867878421606983,0.385460892968375,NA
"ENSMUSG00000085173",1.05630244029627,-0.725065658295266,4.70693547429947,-0.154041979596752,0.877576635656544,NA
"ENSMUSG00000085202",0.0414066693320352,0,7.3561311249555,0,1,NA
"ENSMUSG00000085226",0.0787026707326064,-1.67140890674631,7.35011927859447,-0.227398882030922,0.820113589529744,NA
"ENSMUSG00000085232",0.580520220696689,-0.475868957269807,5.47468997750668,-0.086921626471081,0.930733809140594,NA
"ENSMUSG00000085254",0,NA,NA,NA,NA,NA
"ENSMUSG00000085272",0.704595710066437,-1.71156560812871,4.64393887427039,-0.368559030268806,0.712456437997341,NA
"ENSMUSG00000085276",0.116908157261301,-1.67458073606684,7.35019866944958,-0.227827955593511,0.819779992727558,NA
"ENSMUSG00000085281",0,NA,NA,NA,NA,NA
"ENSMUSG00000085288",0,NA,NA,NA,NA,NA
"ENSMUSG00000085290",0.0828944625413878,0,7.3561311249555,0,1,NA
"ENSMUSG00000085300",0,NA,NA,NA,NA,NA
"ENSMUSG00000085302",14.6676343121377,0.733566961839047,1.32408465663577,0.554018172601508,0.579566408924131,NA
"ENSMUSG00000085328",281.173700649785,-0.192810107905175,1.14957727903556,-0.167722615452989,0.866801503662918,0.937249380726982
"ENSMUSG00000085340",1.68288525668106,0.00954811665105316,1.95040659347564,0.00489544932989503,0.996094012162933,NA
"ENSMUSG00000085342",4.87018492718747,-1.95314043351574,1.4983494844539,-1.30352795110921,0.192394580215293,NA
"ENSMUSG00000085361",9.67070404036946,0.0447777349213589,0.809504464096754,0.0553149944285013,0.95588751662913,NA
"ENSMUSG00000085366",0,NA,NA,NA,NA,NA
"ENSMUSG00000085371",1.73058875505335,1.1447009974302,3.12157416889963,0.366706326838204,0.713838086725703,NA
"ENSMUSG00000085401",0,NA,NA,NA,NA,NA
"ENSMUSG00000085441",0.122182971981972,1.14819389617105,7.35603654363343,0.156088661245817,0.875963135831512,NA
"ENSMUSG00000085442",28.8620463520161,-0.676459104925858,0.738148502218587,-0.916426847568864,0.359443059251858,NA
"ENSMUSG00000085466",1.3289289670372,-0.259202653008074,2.8366346417112,-0.091376819981198,0.927193179657254,NA
"ENSMUSG00000085481",0,NA,NA,NA,NA,NA
"ENSMUSG00000085484",0,NA,NA,NA,NA,NA
"ENSMUSG00000085486",1.96702319933266,0.956874601766282,1.99285097040226,0.480153617093171,0.63111816531283,NA
"ENSMUSG00000085487",0.293730924842116,-1.65149675095518,7.34961370837997,-0.224705245266449,0.822208583824994,NA
"ENSMUSG00000085507",0,NA,NA,NA,NA,NA
"ENSMUSG00000085513",0.48478550245065,1.54081896813187,7.2341650004591,0.212991958026128,0.831333235336574,NA
"ENSMUSG00000085521",24.1654943279934,0.735448825154657,0.679023265993673,1.08309812341763,0.278764871849115,NA
"ENSMUSG00000085530",0,NA,NA,NA,NA,NA
"ENSMUSG00000085547",0.0381979668618393,0,7.3561311249555,0,1,NA
"ENSMUSG00000085552",0.0355187493373065,1.16171280725677,7.35565536667627,0.157934643392857,0.874508299155349,NA
"ENSMUSG00000085576",0.197285455355802,-0.228457143375516,7.34979484472538,-0.0310834721515349,0.975202970613333,NA
"ENSMUSG00000085577",0.215050922492064,2.0923611132832,7.23602281136133,0.289158999056494,0.772459706220741,NA
"ENSMUSG00000085584",0.274241596740892,-1.10995361495058,7.29422917813077,-0.152168733370538,0.879053853901817,NA
"ENSMUSG00000085601",1.09388554582085,-4.02332533306972,4.18644066067656,-0.961037229277129,0.336533449085935,NA
"ENSMUSG00000085603",1243.53907619316,-0.180371813542164,0.221680684180115,-0.813655976429651,0.415842060742753,0.620186899583904
"ENSMUSG00000085608",0.0933404810920573,0,7.35613112495549,0,1,NA
"ENSMUSG00000085610",1.48773547930459,-0.344484179728599,2.66815676993738,-0.129109422508439,0.897271066330377,NA
"ENSMUSG00000085611",0.198628016879091,0,7.3561311249555,0,1,NA
"ENSMUSG00000085625",0.813025461207535,0,3.78179132832835,0,1,NA
"ENSMUSG00000085627",1.02115337134807,0.763172183855562,3.57596928210644,0.213416873482205,0.831001820523992,NA
"ENSMUSG00000085642",11.5424051297948,0.0891312458622214,0.954546902335366,0.0933754492777208,0.925605293928405,NA
"ENSMUSG00000085666",0.5891574685027,0,5.37444095417804,0,1,NA
"ENSMUSG00000085679",0.242780671557402,2.07287902974668,7.28702987218764,0.284461442604788,0.7760567783667,NA
"ENSMUSG00000085682",1.56599806578207,-1.83200410541842,2.77387658182732,-0.660449032743758,0.508965715339069,NA
"ENSMUSG00000085683",0.251103219418791,2.12232320531799,7.2857871252584,0.291296351215136,0.770824677819112,NA
"ENSMUSG00000085686",0.120547365298376,-2.52320140375027,7.29567961190067,-0.345848712933396,0.729456413890534,NA
"ENSMUSG00000085699",0.126129500523455,0,7.35613112495549,0,1,NA
"ENSMUSG00000085700",0,NA,NA,NA,NA,NA
"ENSMUSG00000085706",0.313180874713263,-0.696191292314937,7.19613330391941,-0.0967451911897953,0.922928750748393,NA
"ENSMUSG00000085711",0.183874394366263,0,7.3561311249555,0,1,NA
"ENSMUSG00000085718",6.59618998155114,-0.349635729426601,1.16474687991461,-0.300181726567264,0.764038542804337,NA
"ENSMUSG00000085722",0.0380762098104571,-1.67431590235222,7.3501929692546,-0.227792101425878,0.819807867435575,NA
"ENSMUSG00000085738",1.65485777629953,-3.45563106318248,2.77813546472874,-1.2438670133459,0.213548511596194,NA
"ENSMUSG00000085756",0.119198328492608,0,7.3561311249555,0,1,NA
"ENSMUSG00000085775",0,NA,NA,NA,NA,NA
"ENSMUSG00000085783",0.332383861235769,-3.86402032774362,7.24618524926011,-0.533248901984416,0.59386129411733,NA
"ENSMUSG00000085787",2992.93224743295,-0.512028688734735,0.236017537906989,-2.1694518690239,0.0300483947060895,0.122942210956
"ENSMUSG00000085791",12.3603001191017,-0.29067210426011,5.56025183543253,-0.0522767876101962,0.958308148824702,NA
"ENSMUSG00000085793",223.015994002798,-0.0493136769299496,0.299581156491831,-0.164608740774703,0.869251950930772,0.938871889745485
"ENSMUSG00000085795",63.3645359796243,-0.251694181043458,0.415302895765761,-0.606049665460118,0.544481773742313,NA
"ENSMUSG00000085799",0.306175316438066,2.72207294864733,7.261458260822,0.374865881049516,0.707760214792473,NA
"ENSMUSG00000085812",19.0316529351506,-0.555282780022048,0.578071774548344,-0.960577569205655,0.33676461147782,NA
"ENSMUSG00000085815",0.969420784898242,-1.90014422574489,3.28736876034326,-0.578013713784418,0.563254860527678,NA
"ENSMUSG00000085841",0.242247909017291,-3.26456257439379,7.26326905307089,-0.449461881494469,0.653098500000644,NA
"ENSMUSG00000085867",0.157703653933113,1.15902379219498,7.35578649704619,0.157566263330291,0.874798589387492,NA
"ENSMUSG00000085875",0.122624364942119,0,7.3561311249555,0,1,NA
"ENSMUSG00000085877",0.0380762098104571,-1.67431590235222,7.3501929692546,-0.227792101425878,0.819807867435575,NA
"ENSMUSG00000085880",0.123446689556502,0,7.3561311249555,0,1,NA
"ENSMUSG00000085893",3.42923395940148,-0.187649081926115,1.21663221955176,-0.154236488982061,0.877423272357625,NA
"ENSMUSG00000085897",6.13443171443259,-0.598218502203296,1.16787621393812,-0.51222766168521,0.608491685696718,NA
"ENSMUSG00000085898",1.99003172959749,-0.68222261767774,1.63185079157387,-0.418066787233505,0.675898287237346,NA
"ENSMUSG00000085915",0.299708308762633,0,7.3561311249555,0,1,NA
"ENSMUSG00000085917",0,NA,NA,NA,NA,NA
"ENSMUSG00000085924",0.187865040736418,-0.110267368062761,7.22287589220968,-0.0152664076897253,0.987819642139488,NA
"ENSMUSG00000085925",0.363433731046273,1.35732550881598,7.25503990611202,0.187087256084216,0.851592219916922,NA
"ENSMUSG00000085934",0.0815938204116798,0,7.3561311249555,0,1,NA
"ENSMUSG00000085938",0.246458330461303,1.15220941088977,7.35586979838291,0.156638092091171,0.875530079940554,NA
"ENSMUSG00000085939",1.80691384560009,0.330672787385019,4.2241163839202,0.0782821204083723,0.937603639660241,NA
"ENSMUSG00000085957",0.462852252358982,2.0926174075254,7.23594657464503,0.289197465174493,0.772430271515628,NA
"ENSMUSG00000085966",0,NA,NA,NA,NA,NA
"ENSMUSG00000085977",0.640908945996878,-1.67106161709897,5.88700127577975,-0.283856166971466,0.776520608997936,NA
"ENSMUSG00000085978",1.73751780642687,-1.43291903463951,4.1479186632142,-0.345454950056602,0.729752372597155,NA
"ENSMUSG00000085993",0,NA,NA,NA,NA,NA
"ENSMUSG00000085998",1693.8130863673,-0.277919858216539,0.328057306223611,-0.847168628602659,0.396901136804532,0.603409372087481
"ENSMUSG00000086004",2.65490389548594,-1.29105214800503,1.92280264775582,-0.671442880272641,0.501938435906354,NA
"ENSMUSG00000086022",0.185283608271936,-0.692079026037784,7.19555306250888,-0.0961814915442338,0.92337643026533,NA
"ENSMUSG00000086040",1.80380875232924,1.21276470911411,2.73976349608799,0.442653065071411,0.658016695872307,NA
"ENSMUSG00000086056",0.161681703600765,-1.66616590562283,7.34998638463379,-0.22668965878715,0.820665068896706,NA
"ENSMUSG00000086076",0.122893054284605,0,7.3561311249555,0,1,NA
"ENSMUSG00000086081",0.0380762098104571,-1.67431590235222,7.3501929692546,-0.227792101425878,0.819807867435575,NA
"ENSMUSG00000086097",0.0787121082224097,-1.66841849085193,7.35004347870773,-0.226994370262591,0.820428119798958,NA
"ENSMUSG00000086112",0.119422632573999,1.15492152068758,7.35593893104891,0.157005316590209,0.875240658038154,NA
"ENSMUSG00000086115",0.374757139767121,-1.8892726203172,6.89020584942356,-0.274196832664332,0.783933362048995,NA
"ENSMUSG00000086123",4.8330643767327,0.199878104740434,1.26742592214201,0.157703974053672,0.874690068842598,NA
"ENSMUSG00000086133",0.0758598423175727,1.15883726058341,7.35603877156539,0.157535501996383,0.874822830644478,NA
"ENSMUSG00000086142",0.081236158750911,0,7.3561311249555,0,1,NA
"ENSMUSG00000086147",6.66609750009872,1.72826425045033,1.5947005487043,1.08375472238631,0.278473565436376,NA
"ENSMUSG00000086158",121.466397724723,-0.665706996746476,0.422514035985005,-1.57558551917575,0.115121355533069,0.282491590532509
"ENSMUSG00000086162",0.0788273639814027,0,7.3561311249555,0,1,NA
"ENSMUSG00000086167",5.78673261146985,-1.5159762754412,1.23724622350914,-1.22528260473612,0.220468760192168,NA
"ENSMUSG00000086174",2.16095076710013,-1.24879003579327,1.76813040741716,-0.706277110870727,0.480015824812222,NA
"ENSMUSG00000086176",0,NA,NA,NA,NA,NA
"ENSMUSG00000086194",0.13115257487481,0,7.3561311249555,0,1,NA
"ENSMUSG00000086195",0.114228629431371,-3.13863321915088,7.26774571323647,-0.431857874916372,0.665844712909321,NA
"ENSMUSG00000086225",0.323385614654348,1.1461431311784,7.35601610893138,0.155810307400877,0.87618254572742,NA
"ENSMUSG00000086228",0.861689745079215,3.80025621820338,4.20426763382872,0.903904448809455,0.366046069967817,NA
"ENSMUSG00000086229",0.194298320827852,-0.112363428360816,7.2232322419314,-0.0155558376911292,0.987588737832567,NA
"ENSMUSG00000086232",0.196168033748476,2.25474731448077,7.31743901896605,0.308133393204466,0.757980832491494,NA
"ENSMUSG00000086235",0.243918346726322,1.13566493496308,7.35571666083807,0.154392153385866,0.877300540172618,NA
"ENSMUSG00000086240",12.3262802227305,1.19643464977374,3.00137214508696,0.398629224214072,0.690166424891352,NA
"ENSMUSG00000086246",0.120159552676605,0,7.3561311249555,0,1,NA
"ENSMUSG00000086260",0.242168850940238,0,7.3561311249555,0,1,NA
"ENSMUSG00000086261",0.499232787688532,-0.522266196145305,7.15778870466231,-0.0729647406055896,0.941834175614302,NA
"ENSMUSG00000086265",0,NA,NA,NA,NA,NA
"ENSMUSG00000086277",6.83826967788978,-0.102226433275297,0.875968172873266,-0.11670108166143,0.90709693309254,NA
"ENSMUSG00000086278",19.8912361874408,-0.202765206383539,0.690118119835724,-0.293812320754316,0.768901319816,NA
"ENSMUSG00000086316",750.37461399773,-0.585624065973685,0.254871884100091,-2.29771937395693,0.0215777661573346,0.0995524173610737
"ENSMUSG00000086322",122.881552642147,-0.288794329466974,0.404230391356523,-0.714430027138319,0.474961309999022,0.670425895950355
"ENSMUSG00000086338",0.433986173774074,-2.55506596275591,7.29468988326527,-0.350263822539938,0.726140713069117,NA
"ENSMUSG00000086361",0.0474375977968173,0,7.3561311249555,0,1,NA
"ENSMUSG00000086367",0.263514933728856,3.14510323509649,7.24926429482742,0.433851368523096,0.664396376445053,NA
"ENSMUSG00000086373",0.495359915388464,0.460483092324445,5.35027327664661,0.0860672097506507,0.931412989700669,NA
"ENSMUSG00000086377",20.0459584646067,-0.254342264059381,0.623249985130726,-0.408090285001825,0.68320739215875,NA
"ENSMUSG00000086409",0.0895264699323556,-1.89245060751568,7.34098070975329,-0.2577926141396,0.796566964946335,NA
"ENSMUSG00000086414",36.3256087179134,0.400089444989514,0.686698674025578,0.582627373727259,0.560144173695236,NA
"ENSMUSG00000086415",0.035583895638899,0,7.3561311249555,0,1,NA
"ENSMUSG00000086420",0.125436497215571,0,7.3561311249555,0,1,NA
"ENSMUSG00000086422",0,NA,NA,NA,NA,NA
"ENSMUSG00000086436",1.34058998188072,0,5.11703667525941,0,1,NA
"ENSMUSG00000086452",0,NA,NA,NA,NA,NA
"ENSMUSG00000086458",0.156933798447472,-0.232188952608521,7.34990873398029,-0.0315907259548759,0.974798439315999,NA
"ENSMUSG00000086473",0.474607862506402,-1.08808600007055,7.29520289044531,-0.14915088948323,0.881434570940132,NA
"ENSMUSG00000086489",0,NA,NA,NA,NA,NA
"ENSMUSG00000086497",0.19603950224181,-2.53093024885821,7.29543891651694,-0.346919531205745,0.728651773062897,NA
"ENSMUSG00000086513",15.3374001449273,-1.83753836223835,1.39075429685014,-1.32125305411611,0.18641700160323,NA
"ENSMUSG00000086518",0.272818092308274,-2.10825402779468,7.25399277560475,-0.290633599041449,0.771331560433608,NA
"ENSMUSG00000086521",0.157400610846514,-2.55305955378886,7.29475643870173,-0.349985578715666,0.726349520571548,NA
"ENSMUSG00000086524",0.0812361587509111,0,7.3561311249555,0,1,NA
"ENSMUSG00000086525",0.121854238126367,0,7.3561311249555,0,1,NA
"ENSMUSG00000086545",0.0762288898562912,0,7.3561311249555,0,1,NA
"ENSMUSG00000086562",0,NA,NA,NA,NA,NA
"ENSMUSG00000086564",43.8647156050731,-0.0561117944426682,0.479175445891573,-0.117100729855354,0.906780231375615,NA
"ENSMUSG00000086567",46.4411461516821,-0.220647395122938,0.527791702848791,-0.41805771847488,0.675904917576865,NA
"ENSMUSG00000086577",0.0406180793754555,0,7.3561311249555,0,1,NA
"ENSMUSG00000086580",39.8055945968516,-0.229379501214652,0.606070651610566,-0.378469903805936,0.705081547247219,NA
"ENSMUSG00000086583",24148.3206666576,-0.578287082587973,0.188175054252284,-3.07313360363202,0.00211823629210769,0.0279930023362093
"ENSMUSG00000086596",0.273128962579784,2.16132119937452,7.28483192261094,0.296687860795542,0.766704825664372,NA
"ENSMUSG00000086598",3.95031795342608,-0.0985809839107283,1.52940212411384,-0.0644572034760626,0.94860618289042,NA
"ENSMUSG00000086668",0.18893999035607,-0.113291632804117,7.22404965824676,-0.0156825656195188,0.987487635908288,NA
"ENSMUSG00000086670",1.8625357724355,1.85318147490189,1.93177201181327,0.959316867399065,0.337399140575566,NA
"ENSMUSG00000086688",2.47676906200491,0.820307929426515,1.7813076744256,0.460508839210515,0.64515102835296,NA
"ENSMUSG00000086691",1.83496398763837,0,5.5461093783957,0,1,NA
"ENSMUSG00000086697",3.96301583721697,1.59917066178866,1.32897811348136,1.20330850114567,0.228856960552156,NA
"ENSMUSG00000086699",0.130879369803417,0,7.3561311249555,0,1,NA
"ENSMUSG00000086721",6.08547431395653,-1.73617642926655,0.998508592726656,-1.73876964295873,0.0820752903480879,NA
"ENSMUSG00000086724",0,NA,NA,NA,NA,NA
"ENSMUSG00000086726",0,NA,NA,NA,NA,NA
"ENSMUSG00000086727",1.55717169984663,-0.943993393944759,2.01477333296733,-0.468535779434035,0.639401490568518,NA
"ENSMUSG00000086743",1.02047317313206,-2.29902638571459,3.53420724020982,-0.650506953739955,0.515364811481527,NA
"ENSMUSG00000086784",45.6935316341736,0.266584567212907,0.516090315266505,0.516546347271107,0.60547287732657,NA
"ENSMUSG00000086785",0.0380762098104571,-1.67431590235222,7.3501929692546,-0.227792101425878,0.819807867435575,NA
"ENSMUSG00000086815",0.0763959337236786,0,7.3561311249555,0,1,NA
"ENSMUSG00000086821",0,NA,NA,NA,NA,NA
"ENSMUSG00000086842",0,NA,NA,NA,NA,NA
"ENSMUSG00000086846",1.43906886821812,2.69088480791784,3.73138689941715,0.721148698983254,0.470818031246624,NA
"ENSMUSG00000086848",0.202558645979659,-1.97097683592345,7.31639909354891,-0.269391651647505,0.787628309806599,NA
"ENSMUSG00000086858",3.69456435072297,-4.35003463348792,2.3950050598306,-1.8162945483696,0.0693252010791576,NA
"ENSMUSG00000086875",0.0406180793754555,0,7.3561311249555,0,1,NA
"ENSMUSG00000086882",2.67885767779066,-1.32349169928107,1.75963817480836,-0.752138546565238,0.451967745252144,NA
"ENSMUSG00000086906",2.72226872009061,-0.398496458892319,1.65171359987058,-0.241262443394268,0.809351717043391,NA
"ENSMUSG00000086922",0,NA,NA,NA,NA,NA
"ENSMUSG00000086925",2.81880596966355,3.45753184246951,2.63798472753969,1.31067166779778,0.189968714677542,NA
"ENSMUSG00000086926",0.0458889004883165,0,7.3561311249555,0,1,NA
"ENSMUSG00000086936",0.113944934211632,-0.226263365109293,7.35001430708787,-0.0307840713848814,0.975441743593591,NA
"ENSMUSG00000086941",0,NA,NA,NA,NA,NA
"ENSMUSG00000086962",22.7089765328115,1.87453746486311,1.11675339807381,1.67855989343425,0.0932378485208619,NA
"ENSMUSG00000086965",5.16829773416907,-0.946410973850527,1.39103714764651,-0.680363551362919,0.496274293797579,NA
"ENSMUSG00000086984",0.125882458485021,0,7.3561311249555,0,1,NA
"ENSMUSG00000086986",0.194983770224916,0.772880276170054,7.27886830077703,0.106181379334415,0.915438444556936,NA
"ENSMUSG00000086989",0.161887096020804,0,7.3561311249555,0,1,NA
"ENSMUSG00000086996",0.114228629431371,-3.13863321915088,7.26774571323647,-0.431857874916372,0.665844712909321,NA
"ENSMUSG00000087006",1.6014592421394,3.12011983905579,2.34983500566929,1.32780379538482,0.184242932800401,NA
"ENSMUSG00000087007",0.288393692142729,2.13827170753593,7.28565406062456,0.293490699632892,0.769147107293493,NA
"ENSMUSG00000087008",0.0885504026468325,0,7.3561311249555,0,1,NA
"ENSMUSG00000087021",0,NA,NA,NA,NA,NA
"ENSMUSG00000087034",0,NA,NA,NA,NA,NA
"ENSMUSG00000087052",6.01796088452715,0.464981424384187,1.69267803302081,0.274701635699948,0.783545474385287,NA
"ENSMUSG00000087075",11.7047612736343,0,2.25090754807105,0,1,NA
"ENSMUSG00000087076",0.238426144409428,0,7.3561311249555,0,1,NA
"ENSMUSG00000087119",0.239114908856823,-3.54850594582578,7.25427196478676,-0.489160864529303,0.624727813878751,NA
"ENSMUSG00000087121",1.2361756476441,0.0672119173042649,2.49845699731061,0.0269013704765033,0.978538400431993,NA
"ENSMUSG00000087123",0.0812361587509111,0,7.3561311249555,0,1,NA
"ENSMUSG00000087141",629.619078281181,0.741426255012053,0.227964609280791,3.25237438105498,0.00114445170899189,0.0209111000801938
"ENSMUSG00000087144",0.118803921149937,-1.66877641029032,7.35005255079389,-0.22704278626009,0.820390472160987,NA
"ENSMUSG00000087149",0.863506470143133,0.998071902615823,7.12625716728269,0.140055554997098,0.888616096362276,NA
"ENSMUSG00000087150",688.202550373341,-0.355664211602086,0.351661389848333,-1.01138260232515,0.311833344731221,0.522984834181901
"ENSMUSG00000087152",0.0355187493373064,1.16171280725677,7.35565536667627,0.157934643392857,0.874508299155349,NA
"ENSMUSG00000087153",13.0666095753356,-0.240584445241152,0.831019558609585,-0.289505153938475,0.77219483640916,NA
"ENSMUSG00000087166",4.53832706143657,1.8280078749805,1.47038785063105,1.24321475738253,0.213788706034994,NA
"ENSMUSG00000087181",0.200699380674615,-3.10971851369703,7.26834995661785,-0.427843806676594,0.668764840988486,NA
"ENSMUSG00000087194",0.306842727689622,-0.652706589756484,7.19599664968802,-0.0907041264096172,0.927727691749466,NA
"ENSMUSG00000087198",0.121806004306688,1.13186832027124,7.35562046666679,0.153878020950168,0.877705914422146,NA
"ENSMUSG00000087204",2.58027172767904,-0.401857884916018,1.54915588277607,-0.259404421068262,0.795323218919099,NA
"ENSMUSG00000087207",21.9636616654667,0.768271267808716,0.5939799452314,1.29342964181967,0.195862503655689,NA
"ENSMUSG00000087208",0,NA,NA,NA,NA,NA
"ENSMUSG00000087224",0.352209406958022,2.74007597866293,7.26116437356403,0.377360411869867,0.70590578262717,NA
"ENSMUSG00000087230",1.21824310295966,-0.549919443917237,5.02977585446316,-0.109332793315087,0.91293853718891,NA
"ENSMUSG00000087233",7.68459778513945,0.828019677176756,1.14431068440954,0.72359691162371,0.469313237991395,NA
"ENSMUSG00000087235",14.1863664153735,-0.424272490891342,0.894119784162664,-0.474514151690167,0.635133308781227,NA
"ENSMUSG00000087236",1.5838101690373,1.11365901145624,2.20500662593642,0.505059258487847,0.613517215587,NA
"ENSMUSG00000087239",0.428977271780146,-0.449001776109925,6.72618364325438,-0.0667543141734206,0.946777294244003,NA
"ENSMUSG00000087244",0.0434922688142794,0,7.3561311249555,0,1,NA
"ENSMUSG00000087247",0.0406180793754555,0,7.3561311249555,0,1,NA
"ENSMUSG00000087255",0.872526950297553,-1.84057220590408,5.63946620473063,-0.3263734791708,0.744141800478845,NA
"ENSMUSG00000087260",6825.27307516992,-0.819952362228312,0.237565667272318,-3.45147668702656,0.000557527919535541,0.0148460518370694
"ENSMUSG00000087270",0.389209942574649,-2.51282284097447,7.29599915361606,-0.344411065306807,0.730537168420963,NA
"ENSMUSG00000087279",0.841653450048025,1.83293473080342,4.3619416228358,0.420210743125854,0.674331507316027,NA
"ENSMUSG00000087286",8.36906200544691,-0.281850773323968,0.988539688918046,-0.285118317942756,0.775553496568096,NA
"ENSMUSG00000087298",1.06583306923751,2.14590632408216,4.28878445624451,0.500353036151701,0.616826515819377,NA
"ENSMUSG00000087303",42.757610671411,-0.068163071300953,0.413084671998704,-0.16500992634548,0.868936169066306,NA
"ENSMUSG00000087321",0.444950584753672,-1.3064729316277,6.60228006534082,-0.197882082961934,0.843137322711069,NA
"ENSMUSG00000087325",0,NA,NA,NA,NA,NA
"ENSMUSG00000087350",0.373942467205468,-0.235437774841101,7.16744500930569,-0.0328482150243811,0.973795628909079,NA
"ENSMUSG00000087370",149.135806560373,-0.282437479522727,0.399146250277137,-0.707603990583963,0.479191214006727,0.673350382613513
"ENSMUSG00000087376",0.250191037429319,-0.947458965226961,7.18748156651047,-0.131820715845947,0.895126100662728,NA
"ENSMUSG00000087385",18.1571291272746,1.75207564726835,0.73568507420325,2.38155660445585,0.0172396410357675,NA
"ENSMUSG00000087403",842.878245950282,0.503545605533098,0.335168673964173,1.50236476332189,0.133002931318256,0.308261190171386
"ENSMUSG00000087408",0.311407611298947,-3.05351555756451,7.31643233111508,-0.417350345000613,0.676422169006039,NA
"ENSMUSG00000087412",222.610699217962,1.20711655843409,1.24233429558111,0.971651964151449,0.331223721588485,0.540466571129445
"ENSMUSG00000087415",0.12863087691401,0,7.3561311249555,0,1,NA
"ENSMUSG00000087444",1.69071697231109,0.463725867515634,2.03061871529789,0.228366784971548,0.819361108992811,NA
"ENSMUSG00000087457",2.57341949826898,-0.262715403573006,1.46390285745917,-0.179462320354364,0.857574700982518,NA
"ENSMUSG00000087468",0.189650634282094,-0.113264044665369,7.2237538528889,-0.015679388718384,0.987490170397029,NA
"ENSMUSG00000087512",0.0355187493373064,1.16171280725677,7.35565536667627,0.157934643392857,0.874508299155349,NA
"ENSMUSG00000087520",0.133236189355169,0,7.3561311249555,0,1,NA
"ENSMUSG00000087522",2.64570203735254,0.2264315888034,6.75462818763616,0.0335224356564683,0.973257974817899,NA
"ENSMUSG00000087542",5.35774864877826,1.60174493359791,1.03243193175905,1.55142909118364,0.120798888127218,NA
"ENSMUSG00000087569",13.2678018658722,-0.42565854985365,0.882980499947446,-0.482070158830217,0.629756107588708,NA
"ENSMUSG00000087582",0,NA,NA,NA,NA,NA
"ENSMUSG00000087584",0.154194558152644,2.14372457482637,7.28526167779643,0.294254986249826,0.768563066476161,NA
"ENSMUSG00000087588",0,NA,NA,NA,NA,NA
"ENSMUSG00000087598",6.06906329317323,0.815142190973696,1.05829565633509,0.770240514637052,0.441157235137208,NA
"ENSMUSG00000087610",3.6404049548241,-0.540953580095314,1.72530703182648,-0.313540471415479,0.753870077850131,NA
"ENSMUSG00000087632",0.52983534740344,-0.245610925080381,3.94399006100159,-0.0622747322588352,0.950344050148028,NA
"ENSMUSG00000087635",0.354482323290982,0,7.35613112495549,0,1,NA
"ENSMUSG00000087636",0.338983353935822,0,7.3561311249555,0,1,NA
"ENSMUSG00000087642",11.4444960885871,-1.66829055224724,7.35003999950001,-0.226977071194269,0.820441571425543,NA
"ENSMUSG00000087649",0.074605787053475,-2.52741921316435,7.29554810731275,-0.346433081653038,0.729017266970314,NA
"ENSMUSG00000087651",2822.21562088235,0.0290787805541025,0.547835915092895,0.0530793614529119,0.957668675442428,0.986459213343629
"ENSMUSG00000087663",0,NA,NA,NA,NA,NA
"ENSMUSG00000087666",13.0173016700512,-0.562737755168035,1.13404890803807,-0.496220005309632,0.619739198039695,NA
"ENSMUSG00000087687",2438.42180063581,-0.360873964381371,0.172410652139161,-2.09310712478537,0.0363395928471639,0.138598099805272
"ENSMUSG00000087701",21.0967875408966,-0.500590294898803,0.789051637787034,-0.634420196253256,0.525806632663214,NA
"ENSMUSG00000089627",0.0474375977968173,0,7.3561311249555,0,1,NA
"ENSMUSG00000089628",44.8849396501965,0.143293873800627,0.683785482712278,0.209559690024777,0.834011343695424,NA
"ENSMUSG00000089630",0.109260112685014,2.16332136515299,7.28478507356152,0.296964336395355,0.766493736980369,NA
"ENSMUSG00000089631",2.71463929402016,0,3.15330404310226,0,1,NA
"ENSMUSG00000089634",0.540769360915453,1.15590405887112,7.34972623264203,0.157271716290255,0.875030709971076,NA
"ENSMUSG00000089639",5.43074085318614,3.11766277708895,1.96117720171559,1.58968948566284,0.11190481486294,NA
"ENSMUSG00000089640",2.69562220195334,1.05167997566615,2.6822997210819,0.392081454358114,0.694998029983649,NA
"ENSMUSG00000089643",3.42490038069777,3.11498005472955,1.83729803783354,1.69541358592131,0.0899969904368711,NA
"ENSMUSG00000089645",12.9801906601273,-0.390890602144433,0.676571960309689,-0.577751702812972,0.563431766933457,NA
"ENSMUSG00000089646",1.27375984079153,-0.0744096608342983,2.41667538732783,-0.0307900933755835,0.975436941016772,NA
"ENSMUSG00000089648",0.159366524682657,-0.230992914440839,7.34995051967955,-0.0314278189795093,0.974928355767585,NA
"ENSMUSG00000089651",0.739532700934152,-1.33112319589428,4.93130238096972,-0.269933395492273,0.787211494599015,NA
"ENSMUSG00000089654",0.0380762098104571,-1.67431590235222,7.3501929692546,-0.227792101425878,0.819807867435575,NA
"ENSMUSG00000089657",7.01315501927312,0.241784064997128,0.889272145132925,0.271889844206227,0.785706720335615,NA
"ENSMUSG00000089659",0.145179267958227,0,7.3561311249555,0,1,NA
"ENSMUSG00000089661",2.51450644588507,2.79306102340425,2.24263294150246,1.24543832907985,0.212970671510324,NA
"ENSMUSG00000089662",18.3359628946168,0.753596397764629,0.890525716904213,0.846237658789238,0.397420177547695,NA
"ENSMUSG00000089664",0.044481691519064,0,7.3561311249555,0,1,NA
"ENSMUSG00000089665",9.25582715424038,-1.88802051806718,1.40403453332432,-1.34471088371091,0.178718618525499,NA
"ENSMUSG00000089666",0.273349191834934,-0.215038542832217,7.34988998668107,-0.0292573825216288,0.976659316159886,NA
"ENSMUSG00000089667",0.461048377942767,1.52416221402718,6.34812432633571,0.240096465613326,0.810255474121173,NA
"ENSMUSG00000089669",6.50633412212771,0,2.65052783870811,0,1,NA
"ENSMUSG00000089670",0.509698725154535,2.1515047380398,7.28506061113123,0.29533106900338,0.767740984773565,NA
"ENSMUSG00000089673",0.697327785777606,2.35600844338185,4.40750451867407,0.534544759602564,0.592964690655568,NA
"ENSMUSG00000089675",1.029679930952,0,7.3561311249555,0,1,NA
"ENSMUSG00000089678",0.215738885780885,0.930995517341709,7.35051420072585,0.126657195934643,0.899211725605687,NA
"ENSMUSG00000089682",18.9423617977962,2.20800603108068,1.11041606805729,1.98844928004659,0.0467620231845158,NA
"ENSMUSG00000089684",0.237236060969665,-3.90830381584465,7.2453316319017,-0.539423730259097,0.589594510611642,NA
"ENSMUSG00000089686",0.128156611408911,0,7.35613112495549,0,1,NA
"ENSMUSG00000089687",6.68477201046231,-1.29071123722024,1.59699938246096,-0.808210229381094,0.418969569994529,NA
"ENSMUSG00000089689",0.152305838683841,2.15790237628488,7.28491764085113,0.29621506826435,0.767065842131443,NA
"ENSMUSG00000089690",0.0355187493373064,1.16171280725677,7.35565536667627,0.157934643392857,0.874508299155349,NA
"ENSMUSG00000089694",0.0405034654719276,0,7.3561311249555,0,1,NA
"ENSMUSG00000089695",2.57752130553986,-1.60229612426936,1.82816537277841,-0.876450319061795,0.38078527338612,NA
"ENSMUSG00000089696",0,NA,NA,NA,NA,NA
"ENSMUSG00000089698",0,NA,NA,NA,NA,NA
"ENSMUSG00000089700",0.246378037600462,-2.55247581201635,7.29477431515488,-0.349904699136969,0.726410220299287,NA
"ENSMUSG00000089703",0.0355187493373064,1.16171280725677,7.35565536667627,0.157934643392857,0.874508299155349,NA
"ENSMUSG00000089704",257.134043872768,-0.260728947108723,0.367840516686325,-0.708809756623571,0.478442542365842,0.672746021520107
"ENSMUSG00000089705",0.0434922688142794,0,7.3561311249555,0,1,NA
"ENSMUSG00000089715",128.084693935096,0.704648760269509,0.372853550715986,1.88988078272657,0.0587739062554093,0.1850254978773
"ENSMUSG00000089716",3.89075839665157,1.39976545034898,1.49291087019162,0.937608184318008,0.348445803851116,NA
"ENSMUSG00000089717",0.177840122737053,-0.235869685851102,7.34153544138725,-0.0321281137623348,0.974369883438576,NA
"ENSMUSG00000089722",0.0831229640147945,1.14622168310839,7.35598626834609,0.155821618107248,0.876173629980022,NA
"ENSMUSG00000089724",0.260826961354726,2.12877164777655,7.22182845155749,0.294769068810746,0.768170296614332,NA
"ENSMUSG00000089727",0.0434922688142794,0,7.3561311249555,0,1,NA
"ENSMUSG00000089728",1.8050897286418,-2.5542948929047,3.73510679812349,-0.683861273843086,0.494062770086916,NA
"ENSMUSG00000089731",0.0458889004883165,0,7.3561311249555,0,1,NA
"ENSMUSG00000089732",0.0381979668618393,0,7.3561311249555,0,1,NA
"ENSMUSG00000089735",0.395271191073009,4.47102312318239,7.22776640522125,0.618589875836688,0.536186573093759,NA
"ENSMUSG00000089736",14.3682063502627,0.966888772206364,0.777383026436559,1.24377396897702,0.213582763440261,NA
"ENSMUSG00000089739",1.40646199252519,0,7.3561311249555,0,1,NA
"ENSMUSG00000089748",0.209795687348295,-3.26193178922202,7.26325984572267,-0.449100246791111,0.653359342428755,NA
"ENSMUSG00000089749",0.0380762098104571,-1.67431590235222,7.3501929692546,-0.227792101425878,0.819807867435575,NA
"ENSMUSG00000089753",0.0776179982564055,0,7.3561311249555,0,1,NA
"ENSMUSG00000089754",0.0736045662521378,-0.235257882058952,7.35003437487927,-0.0320077254145926,0.974465890065511,NA
"ENSMUSG00000089756",13.6014559430086,1.15856951723402,1.44668062677509,0.800846776953585,0.423220355101131,NA
"ENSMUSG00000089762",9.23114300933372,-0.88611027564482,1.14593381999475,-0.773264790848811,0.439365688645415,NA
"ENSMUSG00000089764",30.2430821346348,0.872192751648074,0.802243751478586,1.08719170456681,0.276952096156076,NA
"ENSMUSG00000089768",472.223412827641,-0.722058577029769,0.310667016155028,-2.32422027277415,0.0201136913051261,0.0958419900695648
"ENSMUSG00000089769",0.15159407581532,2.15506846035198,7.2849861630261,0.295823274351531,0.767365047723384,NA
"ENSMUSG00000089773",0.357501999763937,-2.92151138799474,7.24703302102278,-0.403132065152703,0.686851072865075,NA
"ENSMUSG00000089774",131.287020348799,0.342836141043054,0.356283393862583,0.962256863353234,0.335920591689293,0.544624413457219
"ENSMUSG00000089775",0.290727962736526,0,7.3561311249555,0,1,NA
"ENSMUSG00000089782",12.2107884120286,0.0861120087685813,0.891949554955886,0.0965435862265105,0.923088858771541,NA
"ENSMUSG00000089785",1.91484366043277,-1.24622015030999,1.987670489152,-0.626975224068282,0.530675475925794,NA
"ENSMUSG00000089789",48.4605783471481,0.47179598554759,0.558343280352369,0.844992681294276,0.398114925313958,NA
"ENSMUSG00000089790",13.3952982089606,0.920292672190308,0.698868167462903,1.31683300948052,0.187894605495905,NA
"ENSMUSG00000089791",3.53068931037112,1.7468831740612,2.42981529773724,0.71893661040326,0.47217997779901,NA
"ENSMUSG00000089792",0.0380762098104571,-1.67431590235222,7.3501929692546,-0.227792101425878,0.819807867435575,NA
"ENSMUSG00000089793",0.220819958529966,-0.118151308333999,7.17146310593907,-0.0164752027011269,0.986855284781419,NA
"ENSMUSG00000089795",0.926139530913781,1.35606146809391,3.8253824578584,0.354490428874158,0.72297137561169,NA
"ENSMUSG00000089798",6.48065602654557,2.39645460456861,1.27552803836041,1.87879414054203,0.06027260743495,NA
"ENSMUSG00000089800",2.71069535052157,0.763505231247301,1.33970028399797,0.569907493763329,0.568740441974697,NA
"ENSMUSG00000089802",0.070778266710888,2.15719886741415,7.28506251345135,0.296112608976386,0.76714408499826,NA
"ENSMUSG00000089803",0,NA,NA,NA,NA,NA
"ENSMUSG00000089806",0.832385260723672,0.759530007202476,4.00424489487542,0.189681207604089,0.849558947620452,NA
"ENSMUSG00000089807",0.19150699849626,1.14935541646081,7.35606446473961,0.156245968475412,0.875839144048076,NA
"ENSMUSG00000089808",0.410837279348425,2.70866075272419,7.26139922518266,0.373021874810368,0.709132163333664,NA
"ENSMUSG00000089809",20.2523717712725,0.0670528112006001,0.886549325317626,0.0756334806036617,0.93971069907303,NA
"ENSMUSG00000089811",0.240330863805448,-0.222667348646643,7.34981717645649,-0.0302956309389448,0.975831280980688,NA
"ENSMUSG00000089814",0.150720092713178,0,7.3561311249555,0,1,NA
"ENSMUSG00000089816",0.257764665681176,-1.86666002840887,7.34200378384144,-0.254243948023711,0.799307100161519,NA
"ENSMUSG00000089817",2.96868067969849,-0.857225899489654,1.71227652647637,-0.500635198949849,0.616627885448102,NA
"ENSMUSG00000089818",350.328710553242,0.284894861957759,0.292511906506271,0.973959882045525,0.330076459022965,0.539342156949277
"ENSMUSG00000089824",335.915994600812,-0.0494732744029579,0.251290601363349,-0.196876740055323,0.843923996178021,0.925667862339776
"ENSMUSG00000089826",0.0834097700203647,0,7.3561311249555,0,1,NA
"ENSMUSG00000089828",0.624478903318191,-0.230576236534356,5.33781067233737,-0.043196780606943,0.965544671398555,NA
"ENSMUSG00000089831",0,NA,NA,NA,NA,NA
"ENSMUSG00000089832",242.343134888508,-0.216948043015099,0.259852692828571,-0.834888569572083,0.403780451136406,0.60871888965737
"ENSMUSG00000089834",0.82922402951564,-1.68145194928568,3.00222796022111,-0.560068046652206,0.575433024534078,NA
"ENSMUSG00000089836",0.081236158750911,0,7.3561311249555,0,1,NA
"ENSMUSG00000089837",0.123302401044546,0,7.3561311249555,0,1,NA
"ENSMUSG00000089838",4.52290269898313,-0.610605695481796,1.41780788813103,-0.430668851960404,0.66670917007736,NA
"ENSMUSG00000089839",2.13127321248474,-0.261215398354945,1.62585031927654,-0.160663866321457,0.872358150147506,NA
"ENSMUSG00000089840",0.19299290356516,1.15682465948962,7.35598646600916,0.157263021735443,0.8750375619608,NA
"ENSMUSG00000089844",14.3820459650303,-2.3340193715756,1.06018861731804,-2.20151332833583,0.0276997041902686,NA
"ENSMUSG00000089847",4042.24395500918,-0.639896564192263,0.185538710725267,-3.44885744700348,0.000562963818208751,0.0148460518370694
"ENSMUSG00000089857",101.601578715722,-0.0466481897119278,0.370248708517206,-0.125991498792115,0.899738653931415,0.955139575217438
"ENSMUSG00000089859",37.2449941163246,0.414881932000607,0.567126191494204,0.731551351750341,0.464442450496511,NA
"ENSMUSG00000089861",1.23400077172742,-1.36148894560738,2.33222615712957,-0.583772264728844,0.559373540650518,NA
"ENSMUSG00000089862",236.209631209325,-0.345792390784962,0.354578378473609,-0.975221310090964,0.329450493711468,0.538732414186308
"ENSMUSG00000089865",0.124220007996106,0,7.3561311249555,0,1,NA
"ENSMUSG00000089868",1.4723304404391,2.89901697078317,2.71665782587728,1.06712628405714,0.285914814317256,NA
"ENSMUSG00000089872",39.9621575830832,-0.522421732796198,0.563538993491639,-0.927037416806454,0.353907107614502,NA
"ENSMUSG00000089873",0.0815693542306813,1.17545168700745,7.35498886287438,0.159816922761196,0.873025292992748,NA
"ENSMUSG00000089876",0.197164363540029,0.768162257588512,7.27898304494947,0.105531535496775,0.915954047984833,NA
"ENSMUSG00000089877",0,NA,NA,NA,NA,NA
"ENSMUSG00000089883",3.00842397981339,-0.329171920320625,1.67172277867297,-0.196905805507972,0.843901250484416,NA
"ENSMUSG00000089885",0.0400922426516566,0,7.3561311249555,0,1,NA
"ENSMUSG00000089886",0.0783022035052347,0,7.3561311249555,0,1,NA
"ENSMUSG00000089888",0.314400315239001,1.15313384040978,7.35589169881585,0.156763297724382,0.875431399323553,NA
"ENSMUSG00000089891",0.0406180793754555,0,7.3561311249555,0,1,NA
"ENSMUSG00000089892",0.602345849502812,1.24115143456988,6.09260904214818,0.203714275113288,0.838576786189678,NA
"ENSMUSG00000089893",0.0409190281194281,0,7.3561311249555,0,1,NA
"ENSMUSG00000089901",153.211536955441,0.640232940222302,0.36933002415718,1.73349822203957,0.083007153240705,0.228813639092127
"ENSMUSG00000089904",0.0406180793754555,0,7.3561311249555,0,1,NA
"ENSMUSG00000089905",0.080712750024614,0,7.3561311249555,0,1,NA
"ENSMUSG00000089906",1.183648397184,-0.183101672216239,3.23015481744731,-0.0566851072361102,0.95479603764325,NA
"ENSMUSG00000089908",1.47611937627858,-0.166312385856389,2.46275496647282,-0.067531032571455,0.94615895798641,NA
"ENSMUSG00000089909",0.0829038831814046,0,7.3561311249555,0,1,NA
"ENSMUSG00000089910",0.044481691519064,0,7.3561311249555,0,1,NA
"ENSMUSG00000089911",915.82074267141,0.346314777046035,0.21284587925157,1.6270682724222,0.103722598575357,0.263504982502546
"ENSMUSG00000089917",665.536994555878,0.00238504479989573,0.205079606935896,0.0116298486989067,0.990720932450017,1
"ENSMUSG00000089922",0.159007684509924,-0.228449540522317,7.3498007450721,-0.0310824127681948,0.975203815470716,NA
"ENSMUSG00000089927",0.0406180793754555,0,7.3561311249555,0,1,NA
"ENSMUSG00000089929",2878.25881791471,-0.478328821750988,0.256758899373484,-1.8629493385357,0.0624693942735933,0.192869559427776
"ENSMUSG00000089931",0.472581204447029,0,7.3561311249555,0,1,NA
"ENSMUSG00000089932",0,NA,NA,NA,NA,NA
"ENSMUSG00000089933",0,NA,NA,NA,NA,NA
"ENSMUSG00000089936",48.5417453200999,-1.0037055820637,0.405273389878748,-2.47661358265836,0.0132635415009456,NA
"ENSMUSG00000089937",1.1032694354421,-3.84461416864799,4.82676078018345,-0.796520553583735,0.425729533897513,NA
"ENSMUSG00000089938",0,NA,NA,NA,NA,NA
"ENSMUSG00000089942",11.3455310201869,-0.7689853706735,1.39838933843687,-0.549907918729613,0.582382532587608,NA
"ENSMUSG00000089943",0.829038824675625,0,7.3561311249555,0,1,NA
"ENSMUSG00000089945",0.876043290529942,0.216567990617922,7.13845168442802,0.0303382302201959,0.975797307288354,NA
"ENSMUSG00000089950",0.0406180793754555,0,7.3561311249555,0,1,NA
"ENSMUSG00000089951",222.392564393537,-0.00727844258996457,0.432809925151586,-0.0168167183028794,0.986582832506075,0.999320760254386
"ENSMUSG00000089953",0.271263315082957,-2.93464544725973,7.27226729703077,-0.403539271508616,0.686551550561294,NA
"ENSMUSG00000089958",0.619066238881236,1.14471124504959,5.46266357775873,0.209551847510853,0.834017465220579,NA
"ENSMUSG00000089960",0.346731448321038,-0.6925801225933,7.19581333670296,-0.0962476498745078,0.92332388732018,NA
"ENSMUSG00000089963",0,NA,NA,NA,NA,NA
"ENSMUSG00000089965",1.65562891173518,0,3.02302631521064,0,1,NA
"ENSMUSG00000089966",0.363240594948802,1.1189882911662,7.24602285765697,0.154427927312394,0.877272334961964,NA
"ENSMUSG00000089967",0,NA,NA,NA,NA,NA
"ENSMUSG00000089972",0.266218710243061,0,7.3561311249555,0,1,NA
"ENSMUSG00000089973",0,NA,NA,NA,NA,NA
"ENSMUSG00000089975",0.637321721431186,3.13116393043015,7.20977555137626,0.434294231230603,0.664074792424221,NA
"ENSMUSG00000089976",0.216327592757858,0,7.3561311249555,0,1,NA
"ENSMUSG00000089978",3.58717073706025,1.65500372345478,1.96979331405408,0.840191563067383,0.400800988122033,NA
"ENSMUSG00000089984",1.03016200016526,1.71728587672972,3.38363715496957,0.507526604679682,0.611785373990084,NA
"ENSMUSG00000089987",5.06701243049611,0.31958532396282,1.20288378410859,0.265682627187173,0.79048364416076,NA
"ENSMUSG00000089988",7.02402954821191,-0.394546966508578,0.972889955143857,-0.405541206816384,0.685079735357225,NA
"ENSMUSG00000089989",29.1640528259973,-1.36064586714831,0.78792717833385,-1.72686753873058,0.0841914554658576,NA
"ENSMUSG00000089991",0.320217945541535,-3.54900259995534,7.25426413773701,-0.489229856064004,0.624678974525424,NA
"ENSMUSG00000089992",0.250529560907357,0,7.3561311249555,0,1,NA
"ENSMUSG00000089993",12.4763551039394,0.109241354910128,0.733039059148355,0.149025285278856,0.881533680979894,NA
"ENSMUSG00000089996",267.42975641762,-0.938349057843119,0.32670566922589,-2.87215419330335,0.00407683993556341,0.0380922028076377
"ENSMUSG00000089999",5.55736198846344,-1.35749848699089,1.17418143818251,-1.15612327264527,0.247630737994775,NA
"ENSMUSG00000090000",4773.01412807179,-0.556995605832886,0.206187049215629,-2.70140926868003,0.00690463163107861,0.0502317668106314
"ENSMUSG00000090001",1.59085921814025,-3.00964478411974,2.91953959273969,-1.03086280850725,0.302605159480954,NA
"ENSMUSG00000090004",0.499825970087188,-0.471154413179779,5.64369260500991,-0.0834833585304653,0.93346720916628,NA
"ENSMUSG00000090007",3.38505350603322,-0.934673064079727,1.19425631109612,-0.782640255190997,0.433838395347259,NA
"ENSMUSG00000090008",3.96448815311173,0.176954752819092,1.24511108092986,0.142119651434585,0.886985496130164,NA
"ENSMUSG00000090015",512.702394251937,-0.76879881325607,0.502366248545066,-1.53035522486361,0.125928825579388,0.298240952552698
"ENSMUSG00000090019",4482.24300470393,-0.419420837573229,0.200499840226602,-2.09187616857553,0.036449594431381,0.138631874164756
"ENSMUSG00000090021",0.217964317565756,3.48169390162599,7.24200574223432,0.480763758763854,0.630684410452206,NA
"ENSMUSG00000090027",0.289099967134366,-1.82425379828119,7.2632586885005,-0.25116189254961,0.801688945715411,NA
"ENSMUSG00000090035",65.3843531887656,0.87244086574016,0.404327769703071,2.15775648153195,0.0309467700198651,0.12532110677852
"ENSMUSG00000090036",0.224263566840151,2.12917892385867,7.28561397709066,0.292244268026524,0.770099867201953,NA
"ENSMUSG00000090040",0.0406180793754555,0,7.3561311249555,0,1,NA
"ENSMUSG00000090041",0.547792783755686,-2.54205260892145,4.82655128069406,-0.526680949001727,0.598415167470438,NA
"ENSMUSG00000090042",0.124846922171123,0,7.3561311249555,0,1,NA
"ENSMUSG00000090043",0.0458889004883165,0,7.3561311249555,0,1,NA
"ENSMUSG00000090044",0.0439625472157095,0,7.35613112495549,0,1,NA
"ENSMUSG00000090047",0.296907003919726,0,7.3561311249555,0,1,NA
"ENSMUSG00000090051",1.7153335746085,-0.0540827008586047,3.07449172331762,-0.0175907778344074,0.985965313762089,NA
"ENSMUSG00000090053",2.11674889115511,0.542188683937331,1.75655566945755,0.308665813082238,0.757575751955743,NA
"ENSMUSG00000090059",34.6523943441448,0.107510848152148,0.444196631490446,0.242034361655127,0.808753537879972,NA
"ENSMUSG00000090061",0.653518228539488,0.407162753523855,6.04015110840602,0.067409365463922,0.946255813587551,NA
"ENSMUSG00000090066",1.11351903154495,1.74888935136801,6.76305034981307,0.258594755459177,0.795947930181387,NA
"ENSMUSG00000090067",0.208485232046673,1.1179194474234,7.35526502632605,0.151989009698785,0.879195603933888,NA
"ENSMUSG00000090071",0.0406180793754555,0,7.3561311249555,0,1,NA
"ENSMUSG00000090074",1.5970142357778,3.21385537541256,2.30863554797416,1.39210165858909,0.163891616083784,NA
"ENSMUSG00000090077",4524.694073039,-0.420005292293066,0.255038727706466,-1.64682946809736,0.0995931025415518,0.257312550607224
"ENSMUSG00000090078",6.92238689173749,0.526020055537893,0.848365564328482,0.620039376485372,0.535231863039588,NA
"ENSMUSG00000090083",395.358006572823,0.308362150020618,0.135738367886289,2.27173904344377,0.0231022765091319,0.103794103830379
"ENSMUSG00000090084",0.274661280055048,1.4489108667544,7.25563119523381,0.199694668563941,0.841719383664026,NA
"ENSMUSG00000090089",0.0406180793754555,0,7.3561311249555,0,1,NA
"ENSMUSG00000090090",0.411593053649513,0.210056166241835,7.13885940394381,0.0294243315852096,0.976526167405048,NA
"ENSMUSG00000090093",29.9245459247208,-1.39817130641642,1.05439520259502,-1.32604103563381,0.184826105342271,NA
"ENSMUSG00000090095",0.122785297065901,-1.66873395639578,7.35005153221085,-0.2270370417245,0.82039493901409,NA
"ENSMUSG00000090097",0.185406568572201,-0.109391036864738,7.22270688944146,-0.0151454348818518,0.987916153316804,NA
"ENSMUSG00000090098",16.3014302945474,1.94585221731313,1.03112331569381,1.88711882245028,0.0591443455790778,NA
"ENSMUSG00000090099",0.0406180793754555,0,7.3561311249555,0,1,NA
"ENSMUSG00000090100",52.2405247457208,0.324861367109753,0.389891734521861,0.833209166406523,0.404726773811596,NA
"ENSMUSG00000090102",0.0786984577579565,-1.67283625578874,7.35015546040845,-0.22759195568032,0.819963474287267,NA
"ENSMUSG00000090106",0.0710374986746129,2.16226366003378,7.28481246100722,0.296818026765623,0.766605441993722,NA
"ENSMUSG00000090109",0,NA,NA,NA,NA,NA
"ENSMUSG00000090110",334.344461368432,-0.348516190103061,0.28052528440486,-1.24236997332503,0.214100088912793,0.414732388575928
"ENSMUSG00000090111",0.0736138798937904,-0.242439838986575,7.35031681562908,-0.0329835903768218,0.973687673503881,NA
"ENSMUSG00000090112",444.441514897562,0.73002588279231,0.244148584831143,2.99008852866056,0.00278896602980369,0.0314874041546399
"ENSMUSG00000090113",1.17121749387024,-3.55100306361842,3.90342124717664,-0.909715564567076,0.362972533641371,NA
"ENSMUSG00000090114",4.41486215020434,-0.836713980125192,1.47619665122199,-0.566803873611665,0.570847438540822,NA
"ENSMUSG00000090115",54.7438960299484,0.586426247018571,0.561899847505691,1.04364905885231,0.296647786373387,NA
"ENSMUSG00000090119",1.30948499976476,-1.91387337912506,2.45689786851374,-0.77897962453068,0.435991717404318,NA
"ENSMUSG00000090121",25.1211248356389,0.27870844267691,0.648145533752653,0.430009046059818,0.667189060853742,NA
"ENSMUSG00000090122",0.121854238126367,0,7.3561311249555,0,1,NA
"ENSMUSG00000090124",9.20345932602729,0.222521273839513,1.98839132741066,0.111910201363273,0.910894607899382,NA
"ENSMUSG00000090125",0.851705389266233,-0.0350255429803062,5.10923012918224,-0.00685534651889172,0.994530267696042,NA
"ENSMUSG00000090126",1.36700908905978,0.369796535815505,2.97947023427775,0.124114861615708,0.90122433127689,NA
"ENSMUSG00000090128",0,NA,NA,NA,NA,NA
"ENSMUSG00000090129",5.03618827371889,-0.290937487891212,0.970809625752397,-0.299685417381116,0.764417122896985,NA
"ENSMUSG00000090131",0,NA,NA,NA,NA,NA
"ENSMUSG00000090132",0.0380762098104571,-1.67431590235222,7.3501929692546,-0.227792101425878,0.819807867435575,NA
"ENSMUSG00000090136",8243.37578307342,-0.849737862139908,0.229026312410663,-3.71021937696075,0.000207079725209718,0.00965558058348141
"ENSMUSG00000090137",12395.895849873,-0.695662321766625,0.201330285362411,-3.45532874259019,0.000549622231976684,0.0148460518370694
"ENSMUSG00000090138",0.294835836385866,0,7.3561311249555,0,1,NA
"ENSMUSG00000090141",5.13474463388351,1.48315536321779,1.41561744346804,1.04770916045248,0.294772625772937,NA
"ENSMUSG00000090142",1.19116167072879,-3.30358218628312,3.2816254523922,-1.00669081045642,0.314083379564691,NA
"ENSMUSG00000090145",0.284326555628189,0,7.3561311249555,0,1,NA
"ENSMUSG00000090147",0.161424078679061,0,7.3561311249555,0,1,NA
"ENSMUSG00000090150",87.6571852877083,-0.0147888818374507,0.454406814527167,-0.0325454666713995,0.974037058056365,0.993535890918086
"ENSMUSG00000090152",0,NA,NA,NA,NA,NA
"ENSMUSG00000090159",0.561344959728488,1.11920028959925,6.3210604386486,0.177058944533447,0.859462089862484,NA
"ENSMUSG00000090162",0.410030121406518,1.14903262753162,7.35605621569512,0.156202262984343,0.875873593028737,NA
"ENSMUSG00000090164",322.886055774588,-1.26684707712946,0.433103576390524,-2.92504413768028,0.00344407370181393,0.035148104076799
"ENSMUSG00000090165",1.79516668543452,4.61342527711131,6.03074603018059,0.764984175096022,0.444280967941184,NA
"ENSMUSG00000090166",0,NA,NA,NA,NA,NA
"ENSMUSG00000090171",1.09650077476889,-1.42737524464089,7.17384108300587,-0.198969454177373,0.842286638873708,NA
"ENSMUSG00000090173",20.6872544660149,-0.176321386778282,0.728932826489585,-0.241889760442557,0.80886558455462,NA
"ENSMUSG00000090175",4.35979962180939,0,3.2349986600787,0,1,NA
"ENSMUSG00000090176",3.91110391189287,-0.0394428599656761,1.67371856461472,-0.0235660049422679,0.981198788742291,NA
"ENSMUSG00000090179",0.493042036332126,-1.65278491849586,5.66662855712143,-0.291669888335765,0.770539034235359,NA
"ENSMUSG00000090180",0.04090459384625,0,7.3561311249555,0,1,NA
"ENSMUSG00000090186",2.79460257471287,-4.20668274296013,2.98558631971046,-1.40899719267473,0.158835998243269,NA
"ENSMUSG00000090188",0.139159299578379,0,7.3561311249555,0,1,NA
"ENSMUSG00000090197",0.332887497598518,-0.472036160620931,7.20614179385698,-0.0655047005907276,0.94777216384606,NA
"ENSMUSG00000090202",0.574052814703079,1.30481419863958,7.19608650323702,0.181322750644066,0.856114249570977,NA
"ENSMUSG00000090206",11.624686686087,0.424746977785394,1.31391762782221,0.323267584505585,0.746492600981778,NA
"ENSMUSG00000090210",8.79842371102568,-0.344023455803749,0.997799300100074,-0.34478221799639,0.73025810229629,NA
"ENSMUSG00000090213",837.079583381412,-0.0390694365888055,0.181476063745819,-0.215286995884633,0.82954356770914,0.916205381765905
"ENSMUSG00000090215",17.466724954307,-3.07250335472081,1.16777359329818,-2.63107795239918,0.00851145107329011,NA
"ENSMUSG00000090219",22.5725980149905,0.457579951051114,0.776043493119037,0.589631837787894,0.5554375019766,NA
"ENSMUSG00000090222",1.1769225408595,-1.29070535519862,2.92148036917466,-0.441798400844039,0.658635095873193,NA
"ENSMUSG00000090223",1.95271953687502,-2.55521686473601,3.60597878100201,-0.70860562968315,0.478569241772797,NA
"ENSMUSG00000090224",2.75001584866263,-3.84882099170838,2.18590845341773,-1.76074207759736,0.0782820674385704,NA
"ENSMUSG00000090225",0.435716308406891,-1.88351335594282,6.69689143429578,-0.28125188744991,0.778517209648805,NA
"ENSMUSG00000090228",0,NA,NA,NA,NA,NA
"ENSMUSG00000090231",17.0604415807225,2.83589477524856,1.6576529311648,1.71078922609923,0.0871200291767083,NA
"ENSMUSG00000090236",21.8869633521347,0.454417363811673,0.755399284288587,0.601559166473965,0.5474676165525,NA
"ENSMUSG00000090242",0.0756968191368161,0,7.3561311249555,0,1,NA
"ENSMUSG00000090243",2.54779909688462,0.959331742382525,1.54376975302381,0.62142151736259,0.534322318115601,NA
"ENSMUSG00000090247",2561.49252491287,-0.611738688660809,0.231195928425446,-2.64597518142746,0.00814557925231579,0.055074590225131
"ENSMUSG00000090256",1.0579357173501,0,7.3561311249555,0,1,NA
"ENSMUSG00000090258",13999.4608108037,-0.279713751241823,0.164340934404071,-1.70203335070543,0.0887491165437456,0.239004173014509
"ENSMUSG00000090259",0,NA,NA,NA,NA,NA
"ENSMUSG00000090264",159.480959224211,0.202949511672444,0.28254896030852,0.718280865202406,0.472584126014145,0.66831102798996
"ENSMUSG00000090265",0.347939588203219,-4.54251815839987,7.23395903317194,-0.627943583530092,0.530040898481617,NA
"ENSMUSG00000090266",2986.01634331755,-0.46437024196498,0.184962633713655,-2.51061651016433,0.0120520543860987,0.0703689058514975
"ENSMUSG00000090268",0.533276618223166,-1.51991780154016,7.13720290010257,-0.212957067749653,0.831360449505528,NA
"ENSMUSG00000090272",1555.54350490705,0.457496100058715,0.24316448638544,1.88142646510287,0.0599139295956496,0.187711593953317
"ENSMUSG00000090273",4.56076649153092,0.200326273707506,1.20978076538632,0.165588906220984,0.868480478313903,NA
"ENSMUSG00000090277",0.0355187493373064,1.16171280725677,7.35565536667627,0.157934643392857,0.874508299155349,NA
"ENSMUSG00000090290",77.5774228399092,0.344249837897354,0.402241125303449,0.855829541640362,0.392092072227161,0.599540925113333
"ENSMUSG00000090291",1.0511299285766,0.603784676866614,3.09674957005364,0.194973685539627,0.845413548162051,NA
"ENSMUSG00000090292",0,NA,NA,NA,NA,NA
"ENSMUSG00000090298",0.114355636001008,1.1592461661323,7.3557736899431,0.157596768877928,0.874774549817147,NA
"ENSMUSG00000090300",0.826090461885544,0,4.95190659632512,0,1,NA
"ENSMUSG00000090302",0.0787026969054157,-1.67140023448645,7.35011905876551,-0.227397708951828,0.820114501621805,NA
"ENSMUSG00000090303",0.326539923394755,-2.20240939825015,7.2515254956952,-0.303716700652517,0.76134373340305,NA
"ENSMUSG00000090304",0.116811200398001,1.16006461447174,7.35573571463241,0.157708849186096,0.874686227122305,NA
"ENSMUSG00000090305",2.95915455949236,-3.05100025085751,1.81744360652694,-1.67873173060255,0.093204338983324,NA
"ENSMUSG00000090306",0.39324015289678,1.47630214178121,7.30676060871025,0.202046053078752,0.839880721384421,NA
"ENSMUSG00000090308",0.12239073061752,0,7.3561311249555,0,1,NA
"ENSMUSG00000090314",0.0355187493373064,1.16171280725677,7.35565536667627,0.157934643392857,0.874508299155349,NA
"ENSMUSG00000090315",0.255283746967097,-3.73843914319293,7.24926453441657,-0.515699092707175,0.606064588416267,NA
"ENSMUSG00000090317",2.83026651417942,-1.32438875151112,1.67723763445191,-0.789624990703185,0.429746809030804,NA
"ENSMUSG00000090318",0,NA,NA,NA,NA,NA
"ENSMUSG00000090319",2.5190744166032,-0.320022840143156,2.07698009223664,-0.154080841380878,0.877545994241009,NA
"ENSMUSG00000090323",0.508386357757232,-0.224819497676833,4.95503175557341,-0.0453719590038867,0.963810831435385,NA
"ENSMUSG00000090326",0.361929463843225,-1.67113146010197,7.350110291752,-0.227361412790941,0.820142722720812,NA
"ENSMUSG00000090328",0.0474375977968173,0,7.3561311249555,0,1,NA
"ENSMUSG00000090331",1.16214272773319,-1.8178371596428,3.49747603352289,-0.519756859580751,0.603233051037029,NA
"ENSMUSG00000090332",0.0869845376285589,0,7.3561311249555,0,1,NA
"ENSMUSG00000090333",0.0753709823806939,0,7.3561311249555,0,1,NA
"ENSMUSG00000090334",0.694079743342333,0,5.21336629341264,0,1,NA
"ENSMUSG00000090336",16.5720675228425,0.572652828555942,0.644874972967831,0.888005974120054,0.374537537779,NA
"ENSMUSG00000090338",0.150244162928293,-3.14637486038019,7.26758448324122,-0.432932684530274,0.665063674294986,NA
"ENSMUSG00000090341",0,NA,NA,NA,NA,NA
"ENSMUSG00000090342",0.164143078056739,1.15819343883183,7.35582703457795,0.157452511238701,0.874888231524501,NA
"ENSMUSG00000090346",0.0794699993403773,-1.66870585962257,7.3500508200615,-0.227033241058407,0.820397894350559,NA
"ENSMUSG00000090350",0,NA,NA,NA,NA,NA
"ENSMUSG00000090351",0.0406180793754555,0,7.3561311249555,0,1,NA
"ENSMUSG00000090352",0.269534594045683,0,7.3561311249555,0,1,NA
"ENSMUSG00000090353",74.9659572911311,0.126597318334162,0.737861004479445,0.171573396026635,0.863772924160512,0.935714559487853
"ENSMUSG00000090355",0.0352861343070547,1.15769954902118,7.35597342860912,0.157382236390171,0.874943612298499,NA
"ENSMUSG00000090356",11.6994039954994,0.693876030344792,0.777052862213343,0.892958592763391,0.371879347506018,NA
"ENSMUSG00000090362",0.238800856542614,-3.13586685872779,7.26780301477926,-0.431473837740364,0.666123871570157,NA
"ENSMUSG00000090363",5.38396405664969,0,2.96457110597695,0,1,NA
"ENSMUSG00000090364",0,NA,NA,NA,NA,NA
"ENSMUSG00000090365",0.153834975605667,-1.10681592643316,7.29510491920358,-0.151720357512554,0.879407500079813,NA
"ENSMUSG00000090369",0.201757777025184,-1.10656781584182,7.29476055072623,-0.151693507709674,0.879428678010414,NA
"ENSMUSG00000090379",0.268479643746092,-4.13539456783241,7.24063075360073,-0.571137337140952,0.56790655089281,NA
"ENSMUSG00000090381",343.086884536515,0.189876722268776,0.266028865179259,0.713744811642268,0.475384991331395,0.670545182550063
"ENSMUSG00000090383",0.20418913697138,0,7.3561311249555,0,1,NA
"ENSMUSG00000090385",0.0355187493373064,1.16171280725677,7.35565536667627,0.157934643392857,0.874508299155349,NA
"ENSMUSG00000090389",0.610094471784167,2.58380674167114,6.8418018384563,0.377650040541676,0.705690585773663,NA
"ENSMUSG00000090394",3130.77301648431,0.0650829812422909,0.124684185250021,0.521982648495352,0.601682411783199,0.768427731327768
"ENSMUSG00000090395",0,NA,NA,NA,NA,NA
"ENSMUSG00000090396",0,NA,NA,NA,NA,NA
"ENSMUSG00000090404",0,NA,NA,NA,NA,NA
"ENSMUSG00000090408",1.92241934051155,0.10595388435429,1.71480623276857,0.0617876715920413,0.950731921373065,NA
"ENSMUSG00000090411",0.0783781545778512,0,7.3561311249555,0,1,NA
"ENSMUSG00000090417",0.160193470914277,-1.67377417627495,7.35017641274848,-0.227718912075618,0.819864768968636,NA
"ENSMUSG00000090429",0.0767215697288118,1.14078662451568,7.35584771802764,0.155085677170811,0.876753773530159,NA
"ENSMUSG00000090436",0.184928507554805,1.35493251744422,7.25515446178542,0.186754468782293,0.851853147390954,NA
"ENSMUSG00000090439",19.9807910973356,-0.856771177823617,0.616387201726489,-1.38998859065181,0.164532341963746,NA
"ENSMUSG00000090440",0.978188372269985,2.04704512766521,4.54520430051039,0.450374722965772,0.652440267896554,NA
"ENSMUSG00000090441",0,NA,NA,NA,NA,NA
"ENSMUSG00000090448",0,NA,NA,NA,NA,NA
"ENSMUSG00000090449",0.325287060237714,2.16371118294394,7.2847720876756,0.297018377088902,0.766452479020478,NA
"ENSMUSG00000090451",1.59391900034002,-1.98667627133726,2.4102754991289,-0.824252776105997,0.409795945183311,NA
"ENSMUSG00000090455",0,NA,NA,NA,NA,NA
"ENSMUSG00000090460",4.43194152678036,0.0330404595523522,1.05813398286684,0.0312252135243161,0.975089932230907,NA
"ENSMUSG00000090461",0.0355187493373064,1.16171280725677,7.35565536667627,0.157934643392857,0.874508299155349,NA
"ENSMUSG00000090462",0.0761524196209141,-2.55627499047924,7.29465809108018,-0.350431090609309,0.726015196884991,NA
"ENSMUSG00000090465",0,NA,NA,NA,NA,NA
"ENSMUSG00000090466",0.204392705207451,-3.13434391561811,7.26783460920581,-0.431262416407769,0.666277574604864,NA
"ENSMUSG00000090467",5.60615103886514,-0.923868391783771,1.57634824115032,-0.586081404899205,0.557820811639959,NA
"ENSMUSG00000090468",0.362948522397764,2.12815545221143,7.28564319380793,0.292102618203997,0.770208164906616,NA
"ENSMUSG00000090470",0.587718190810551,-0.430683906942634,5.89381108805773,-0.0730739245808715,0.941747291340983,NA
"ENSMUSG00000090471",0,NA,NA,NA,NA,NA
"ENSMUSG00000090472",0,NA,NA,NA,NA,NA
"ENSMUSG00000090474",1.57718198839461,0.859620869486849,1.86222086521127,0.461610588489096,0.644360599992776,NA
"ENSMUSG00000090475",0.165549628196211,0,7.3561311249555,0,1,NA
"ENSMUSG00000090476",0.0463864331927929,0,7.3561311249555,0,1,NA
"ENSMUSG00000090478",0.0865546972279984,0,7.3561311249555,0,1,NA
"ENSMUSG00000090481",0,NA,NA,NA,NA,NA
"ENSMUSG00000090482",0.120833086652166,-0.229307112082266,7.34987668289483,-0.0311987699896961,0.975111020844269,NA
"ENSMUSG00000090485",0.0406180793754555,0,7.3561311249555,0,1,NA
"ENSMUSG00000090486",3.76465424667218,-0.622045396610612,1.44346642749547,-0.430938596673781,0.666513018301508,NA
"ENSMUSG00000090487",0.177593746686532,3.48428321107886,7.24198032535917,0.481122987710692,0.630429091055055,NA
"ENSMUSG00000090489",3.49650881845186,0.0731185031195035,1.35222575819817,0.0540727039669274,0.956877239500296,NA
"ENSMUSG00000090494",0.160569573657345,-2.52331206686946,7.29567615698847,-0.345864045027876,0.729444890849033,NA
"ENSMUSG00000090505",0.0407969102058399,0,7.3561311249555,0,1,NA
"ENSMUSG00000090509",3.2826994460521,0.781088449557528,1.85460977341872,0.421160537786717,0.673637858206241,NA
"ENSMUSG00000090512",0.112985956881655,0.779724705139822,7.34641859204305,0.106136710748329,0.915473884667953,NA
"ENSMUSG00000090515",0.175557928636712,-1.64103535773017,7.3493496840029,-0.223289873021305,0.823309908474462,NA
"ENSMUSG00000090516",90.8540745048932,1.27239368880464,0.402420114914057,3.16185409637483,0.00156768090658954,0.024426080592313
"ENSMUSG00000090519",0.106556248011919,2.74727956207311,7.26104728326191,0.378358583121489,0.705164231160339,NA
"ENSMUSG00000090523",224.076506929435,-0.417919660107152,0.303182192735899,-1.37844395258135,0.168066261071608,0.355765228226043
"ENSMUSG00000090527",5.34622963331527,1.0619765320691,5.1249202932016,0.207218155856561,0.835839488709424,NA
"ENSMUSG00000090533",0,NA,NA,NA,NA,NA
"ENSMUSG00000090535",0.299188957376976,0.885773188930844,7.18685563663503,0.123249058241216,0.901909878808731,NA
"ENSMUSG00000090538",0.16134302854611,1.1427537591509,7.35589785933197,0.155352042810268,0.876543789360237,NA
"ENSMUSG00000090539",0.0435375576652932,0,7.3561311249555,0,1,NA
"ENSMUSG00000090544",12.1374518149105,-1.19761561247563,1.04628844066913,-1.14463236515327,0.252361479388441,NA
"ENSMUSG00000090546",0.235382637933923,1.15368845952475,7.3560441804731,0.15683544459769,0.875374537761713,NA
"ENSMUSG00000090547",0.116128987403045,-2.53788604294363,7.29504439923131,-0.347891788459992,0.72792145240084,NA
"ENSMUSG00000090549",0.348185879205317,1.34290561120279,7.25522860408683,0.185094872192771,0.8531546235139,NA
"ENSMUSG00000090550",0,NA,NA,NA,NA,NA
"ENSMUSG00000090552",0.0355187493373064,1.16171280725677,7.35565536667627,0.157934643392857,0.874508299155349,NA
"ENSMUSG00000090553",12132.15691395,-0.753745561936597,0.237542443434461,-3.17309846206309,0.00150821365913111,0.0238921346482548
"ENSMUSG00000090555",0.347606825594114,-0.109062061022749,7.17163328074091,-0.0152074230169618,0.987866699636367,NA
"ENSMUSG00000090556",0.601314311549409,-0.792978880102964,6.04823644604316,-0.131109107121919,0.895688996912773,NA
"ENSMUSG00000090559",41.5369149317915,0.927571831519055,0.561930343049442,1.65068828012628,0.0988022421535234,NA
"ENSMUSG00000090572",0.0380762098104571,-1.67431590235222,7.3501929692546,-0.227792101425878,0.819807867435575,NA
"ENSMUSG00000090574",0.0406180793754555,0,7.3561311249555,0,1,NA
"ENSMUSG00000090577",0.114228629431371,-3.13863321915088,7.26774571323647,-0.431857874916372,0.665844712909321,NA
"ENSMUSG00000090578",0,NA,NA,NA,NA,NA
"ENSMUSG00000090581",0.0773093340864022,-2.57748762371553,7.29401442995934,-0.353370239182526,0.723810894166446,NA
"ENSMUSG00000090584",0.577268283895124,1.77959967596011,7.13704916831626,0.249346702536441,0.803092608457603,NA
"ENSMUSG00000090588",0.123328626606948,1.15512074245921,7.35594402625106,0.157032290938722,0.87521939930986,NA
"ENSMUSG00000090592",0.815309728397716,-3.12752006462759,7.26836376554178,-0.430292176549376,0.666983117375094,NA
"ENSMUSG00000090594",0.203090396877278,0,7.3561311249555,0,1,NA
"ENSMUSG00000090598",2.68641023057489,0.066455465945141,2.28418846965026,0.0290936876830117,0.976789870167771,NA
"ENSMUSG00000090602",6.39155483029227,-0.763077206705004,1.05775056144567,-0.72141508075597,0.470654170759224,NA
"ENSMUSG00000090603",0,NA,NA,NA,NA,NA
"ENSMUSG00000090607",0.0691872495219376,2.1249549016674,7.28572211043348,0.291660163461954,0.77054647044541,NA
"ENSMUSG00000090610",1.03987867145077,0.121669245896661,4.69899273292932,0.0258926226984847,0.979342984309282,NA
"ENSMUSG00000090618",0.385417017327309,0,7.3561311249555,0,1,NA
"ENSMUSG00000090619",0.114228629431371,-3.13863321915088,7.26774571323647,-0.431857874916372,0.665844712909321,NA
"ENSMUSG00000090622",0.390423866891397,-2.10620849575241,7.25384085628883,-0.290357692907806,0.771542606302225,NA
"ENSMUSG00000090623",0.194435635732118,-0.231076212589743,7.34991999043734,-0.0314392827255789,0.974919213539276,NA
"ENSMUSG00000090624",1.18465481027252,0.621171712123935,2.52093333030534,0.246405450178525,0.805368387652837,NA
"ENSMUSG00000090625",1330.82380041128,-0.178831650305921,0.43437312728862,-0.411700538249678,0.680558930426846,0.824629201675579
"ENSMUSG00000090626",279.011952201872,0.112437084069844,0.241423201690683,0.465726091288861,0.641411574004476,0.796026793350188
"ENSMUSG00000090627",0.307395992762061,3.48050695880689,7.24203696846218,0.480597789539586,0.630802386783059,NA
"ENSMUSG00000090628",0.461597095994983,3.74046304935211,7.23729126268466,0.516831907627909,0.605273504169139,NA
"ENSMUSG00000090629",0.0204832242163215,0.651204092080281,7.34344308742337,0.0886783058475057,0.929337574024049,NA
"ENSMUSG00000090631",0.296287572704342,3.46807508847015,7.24213942557626,0.478874388446919,0.63202799216637,NA
"ENSMUSG00000090634",0.480830914228383,0.379565169595639,7.12183711255866,0.0532959633303482,0.957496096428392,NA
"ENSMUSG00000090635",0,NA,NA,NA,NA,NA
"ENSMUSG00000090636",0,NA,NA,NA,NA,NA
"ENSMUSG00000090637",1.45599175725937,2.22664047599382,2.66273081510142,0.836224399164062,0.403028674615096,NA
"ENSMUSG00000090641",67.0349601503264,-0.452541588248656,0.412318218585279,-1.09755418958054,0.272399205871744,0.483162775891296
"ENSMUSG00000090643",0,NA,NA,NA,NA,NA
"ENSMUSG00000090655",0.311541627472802,-2.10622153134576,7.25412393001813,-0.290348159428329,0.771549898944959,NA
"ENSMUSG00000090657",0.106556248011919,2.74727956207311,7.26104728326191,0.378358583121489,0.705164231160339,NA
"ENSMUSG00000090658",0.105613814733135,-0.541661254324271,7.29140902623607,-0.0742875968657438,0.940781546028596,NA
"ENSMUSG00000090659",22.7605102079062,-1.02971319124652,0.929952337226953,-1.10727523339212,0.268174948827522,NA
"ENSMUSG00000090660",0.0355187493373064,1.16171280725677,7.35565536667627,0.157934643392857,0.874508299155349,NA
"ENSMUSG00000090662",0,NA,NA,NA,NA,NA
"ENSMUSG00000090665",0.658995947775399,3.73532008798321,7.23730463840642,0.516120334103511,0.605770366799157,NA
"ENSMUSG00000090667",0.339738791043845,0.888829273106846,7.18686738653866,0.123674088486962,0.901573328517181,NA
"ENSMUSG00000090671",0.0406180793754555,0,7.3561311249555,0,1,NA
"ENSMUSG00000090674",1.60993435158135,3.34843653978491,2.4137015362184,1.38726204940441,0.165361870854187,NA
"ENSMUSG00000090675",0.282186346728467,1.00584492030261,7.35214372948124,0.136809746559945,0.891181179446734,NA
"ENSMUSG00000090681",0.041372325189651,0,7.3561311249555,0,1,NA
"ENSMUSG00000090682",0,NA,NA,NA,NA,NA
"ENSMUSG00000090684",0,NA,NA,NA,NA,NA
"ENSMUSG00000090685",0.308098083525676,-3.49043791668637,7.25603169979912,-0.481039507694405,0.630488419943264,NA
"ENSMUSG00000090688",0.266596605527675,0.704700435401012,7.17706318277168,0.098187854482405,0.921783126579635,NA
"ENSMUSG00000090690",0.171924645743595,-1.8890108752341,7.34111618287069,-0.25731929970565,0.796932294939508,NA
"ENSMUSG00000090691",1.26806220368357,-0.584905879962034,3.75757050286888,-0.155660653476884,0.876300513011398,NA
"ENSMUSG00000090693",0,NA,NA,NA,NA,NA
"ENSMUSG00000090698",4.38080428641284,0.749233241849464,1.46423371845507,0.511689652004455,0.608868229490742,NA
"ENSMUSG00000090699",0.160928827034305,0,7.3561311249555,0,1,NA
"ENSMUSG00000090700",0.186895842500223,1.1614195225811,7.35566650539457,0.157894532294161,0.874539906616663,NA
"ENSMUSG00000090701",0,NA,NA,NA,NA,NA
"ENSMUSG00000090704",0,NA,NA,NA,NA,NA
"ENSMUSG00000090707",0.704334928742511,-3.21953045007796,7.18391091149453,-0.448158459889389,0.654038839891448,NA
"ENSMUSG00000090710",0,NA,NA,NA,NA,NA
"ENSMUSG00000090713",0.083124363802953,0,7.3561311249555,0,1,NA
"ENSMUSG00000090714",0.18009153035288,1.77211160815597,7.24313398786741,0.244660890040739,0.806719013010671,NA
"ENSMUSG00000090715",0,NA,NA,NA,NA,NA
"ENSMUSG00000090716",0.610979815692478,-0.693343520329748,7.16458169807733,-0.0967737614766556,0.922906061419843,NA
"ENSMUSG00000090718",0,NA,NA,NA,NA,NA
"ENSMUSG00000090726",0.157590611990792,-2.54557035811059,7.29498630622132,-0.348947928242124,0.727128402431552,NA
"ENSMUSG00000090727",0.155092496437571,0,7.3561311249555,0,1,NA
"ENSMUSG00000090728",16.2224972547909,0.815868293959446,0.769244484118571,1.06060987215826,0.288867234216651,NA
"ENSMUSG00000090731",0.152364958557173,-1.67799563476228,7.35028414938354,-0.228289900180664,0.819420875762174,NA
"ENSMUSG00000090733",14019.6986506357,-0.618166800708482,0.231251495521047,-2.6731364453045,0.00751456788911943,0.0525935363964222
"ENSMUSG00000090736",0.0761524196209141,-2.55627499047924,7.29465809108018,-0.350431090609309,0.726015196884991,NA
"ENSMUSG00000090737",1.39782271660648,-3.33662652640987,2.31927281792241,-1.43865202085143,0.150249139496461,NA
"ENSMUSG00000090738",0,NA,NA,NA,NA,NA
"ENSMUSG00000090740",0.11120599190931,1.16125831856931,7.35567563577182,0.157872420708972,0.874557330584828,NA
"ENSMUSG00000090742",0,NA,NA,NA,NA,NA
"ENSMUSG00000090743",0.116719595419951,-2.55425514358601,7.2947198482774,-0.350151232221643,0.72622520379028,NA
"ENSMUSG00000090744",16.7171773360714,-0.0607119527949425,0.791963921051395,-0.0766599982412614,0.938894027633381,NA
"ENSMUSG00000090747",0.0710374986746129,2.16226366003378,7.28481246100722,0.296818026765623,0.766605441993722,NA
"ENSMUSG00000090750",0.114593900585518,0,7.3561311249555,0,1,NA
"ENSMUSG00000090751",0.154311947966456,-0.228598030127839,7.34979114287027,-0.0311026566176091,0.975187671021492,NA
"ENSMUSG00000090753",0.680883554985283,0.516632711299847,4.35600163207253,0.118602506366381,0.905590279577215,NA
"ENSMUSG00000090762",0.0865546972279984,0,7.3561311249555,0,1,NA
"ENSMUSG00000090764",0,NA,NA,NA,NA,NA
"ENSMUSG00000090765",0.170201411545665,0,7.35613112495549,0,1,NA
"ENSMUSG00000090772",0.116182195316405,-2.5538314011094,7.29473281420255,-0.350092521022455,0.726269263531961,NA
"ENSMUSG00000090773",0.21872129159532,3.48134563072535,7.24200916431109,0.480715441217826,0.630718755166615,NA
"ENSMUSG00000090774",0.158674158976814,-2.55567676179897,7.29467637489983,-0.350348203327123,0.726077393702539,NA
"ENSMUSG00000090777",0.0406057380093861,0,7.3561311249555,0,1,NA
"ENSMUSG00000090781",0.0858225184581893,0,7.3561311249555,0,1,NA
"ENSMUSG00000090782",0.159794382809064,1.14931897555165,7.35579605147571,0.156246715856278,0.875838554959178,NA
"ENSMUSG00000090788",0,NA,NA,NA,NA,NA
"ENSMUSG00000090790",0.041372325189651,0,7.3561311249555,0,1,NA
"ENSMUSG00000090793",0,NA,NA,NA,NA,NA
"ENSMUSG00000090795",0.0380762098104571,-1.67431590235222,7.3501929692546,-0.227792101425878,0.819807867435575,NA
"ENSMUSG00000090796",0.157414166824922,-2.54967467041071,7.29486019248084,-0.34951659156385,0.726701517025574,NA
"ENSMUSG00000090798",0,NA,NA,NA,NA,NA
"ENSMUSG00000090799",0.313845809873917,-2.48120226025749,7.29700896619009,-0.34003004131609,0.733833904699689,NA
"ENSMUSG00000090801",0.190519391072381,-3.13912547234257,7.267734114271,-0.431926295456868,0.665794982513119,NA
"ENSMUSG00000090802",0.0762870019022598,0,7.3561311249555,0,1,NA
"ENSMUSG00000090805",0,NA,NA,NA,NA,NA
"ENSMUSG00000090806",0.16309921421043,0,7.3561311249555,0,1,NA
"ENSMUSG00000090808",0,NA,NA,NA,NA,NA
"ENSMUSG00000090812",409.200916866091,0.366040865937789,0.274776835832922,1.3321387329766,0.182814604583423,0.37612893750844
"ENSMUSG00000090816",0.0400922426516566,0,7.3561311249555,0,1,NA
"ENSMUSG00000090817",0.121854238126367,0,7.3561311249555,0,1,NA
"ENSMUSG00000090818",19.5358879995088,-0.653532332277172,0.670853658051994,-0.97418017243117,0.329967087664617,NA
"ENSMUSG00000090821",0,NA,NA,NA,NA,NA
"ENSMUSG00000090824",1.24491424796611,0.592761219256995,2.58067669015108,0.229692166213309,0.81833098263177,NA
"ENSMUSG00000090827",0.254245042775522,-2.9733870201547,7.2713608100223,-0.408917546225517,0.68260017200717,NA
"ENSMUSG00000090840",2.13758263226425,-0.46978236570432,1.83238367231712,-0.256377729621582,0.797659182510118,NA
"ENSMUSG00000090841",40116.2763679785,-0.824339555678448,0.218863716122498,-3.76645142595068,0.000165584281308452,0.0088785712866724
"ENSMUSG00000090843",0.812366981770112,0.694862357744402,4.7626960867862,0.145896850246702,0.884002818123317,NA
"ENSMUSG00000090849",0.189466322764461,-3.86656591268065,7.24615304829459,-0.53360257324273,0.593616527550551,NA
"ENSMUSG00000090853",0,NA,NA,NA,NA,NA
"ENSMUSG00000090854",0,NA,NA,NA,NA,NA
"ENSMUSG00000090855",0,NA,NA,NA,NA,NA
"ENSMUSG00000090862",11280.7705205038,0.129239321181364,0.817268982753483,0.158135600284181,0.874349948563611,0.941693176872087
"ENSMUSG00000090863",0.285285804396752,0,7.35613112495549,0,1,NA
"ENSMUSG00000090864",0.37151450541758,4.15841476804637,7.23125796450184,0.575061045873343,0.565250011789553,NA
"ENSMUSG00000090865",0,NA,NA,NA,NA,NA
"ENSMUSG00000090868",11.367699276787,-6.89140251177809,2.11467997770574,-3.25883943879523,0.00111868960922343,NA
"ENSMUSG00000090872",0.482491472457778,2.47905997436896,7.25974463222373,0.341480327471188,0.732742012223602,NA
"ENSMUSG00000090874",10.1518988550855,0.453886087466609,0.868547825767619,0.52258041986976,0.60126626917909,NA
"ENSMUSG00000090877",43.6451670680919,-2.63495782202051,0.693381250438614,-3.80015730213891,0.000144604267544309,NA
"ENSMUSG00000090882",0.0380762098104571,-1.67431590235222,7.3501929692546,-0.227792101425878,0.819807867435575,NA
"ENSMUSG00000090889",0,NA,NA,NA,NA,NA
"ENSMUSG00000090891",2.24725489874033,-0.546089270193719,1.76376658165787,-0.309615385546321,0.756853454889188,NA
"ENSMUSG00000090892",0.0407969102058399,0,7.3561311249555,0,1,NA
"ENSMUSG00000090894",0.9455604171317,-0.223396369208562,3.09353243003715,-0.0722140059174615,0.9424315991648,NA
"ENSMUSG00000090897",0,NA,NA,NA,NA,NA
"ENSMUSG00000090900",0.474959957981997,3.74074492470532,7.23728279961749,0.516871459673102,0.605245891954884,NA
"ENSMUSG00000090919",0.981855605450613,-0.862435146206439,2.82276509302741,-0.305528486354307,0.759963677516921,NA
"ENSMUSG00000090927",0.0355187493373064,1.16171280725677,7.35565536667627,0.157934643392857,0.874508299155349,NA
"ENSMUSG00000090935",1359.76486825431,-0.51511646884983,0.160886873852003,-3.20173085918542,0.00136604565163714,0.0230826688315095
"ENSMUSG00000090939",0.445796215500122,2.68172356694816,7.26213403657407,0.369274865134997,0.711922858389166,NA
"ENSMUSG00000090941",2.38003846932828,1.49983322355859,1.74664220857917,0.858695167328317,0.390508717405321,NA
"ENSMUSG00000090942",38.6610307844065,0.253966106354171,0.665617588969003,0.38154957225146,0.702795494698324,NA
"ENSMUSG00000090946",298.984433180346,-0.607078484566212,0.178031446057181,-3.40995087110188,0.000649745826569549,0.0159769589443781
"ENSMUSG00000090947",0.0406180793754555,0,7.3561311249555,0,1,NA
"ENSMUSG00000090949",0.202049121569319,-1.6740093997485,7.35018418198608,-0.227750673765589,0.819840075521137,NA
"ENSMUSG00000090951",0.306595316157639,1.27959207334645,7.25528294206135,0.176366943035153,0.860005673192853,NA
"ENSMUSG00000090955",0.0463864331927929,0,7.3561311249555,0,1,NA
"ENSMUSG00000090957",0.188191042511163,2.73468274459663,7.26124879456521,0.376613282641334,0.706461015298084,NA
"ENSMUSG00000090958",20.6724029816832,2.03745684852434,1.73704615428159,1.1729434151777,0.240818497822631,NA
"ENSMUSG00000090961",0.252247053821969,-2.54798842615384,7.29491196717269,-0.349282957439358,0.726876891732151,NA
"ENSMUSG00000090963",270.69911050286,-0.0470312173558576,0.437305243306032,-0.107547801165843,0.914354405349721,0.962532852642634
"ENSMUSG00000090966",0,NA,NA,NA,NA,NA
"ENSMUSG00000090967",0,NA,NA,NA,NA,NA
"ENSMUSG00000090968",0.122039954228917,0,7.3561311249555,0,1,NA
"ENSMUSG00000090975",0,NA,NA,NA,NA,NA
"ENSMUSG00000090981",46.4267473338381,0.670615569306401,0.498027372178031,1.34654359734002,0.178127270079671,NA
"ENSMUSG00000090989",0.268588199599937,-0.694114425561821,7.19576409359348,-0.0964615316085478,0.923154024739797,NA
"ENSMUSG00000090991",0.0841318090420369,0,7.3561311249555,0,1,NA
"ENSMUSG00000090994",0.745746954647799,1.14852498099098,4.93027416368507,0.232953572734488,0.815797457556296,NA
"ENSMUSG00000090996",48.4545607089933,-0.975521649528033,1.7779008297054,-0.54869294913917,0.583216185753866,NA
"ENSMUSG00000091002",0.243991763959654,-1.67246086711749,7.35014594451104,-0.22754117805871,0.820002953375272,NA
"ENSMUSG00000091003",0.2814705955254,-4.15905622076027,7.23992889821251,-0.574460920712511,0.565655938155381,NA
"ENSMUSG00000091004",0.162472317501822,0,7.3561311249555,0,1,NA
"ENSMUSG00000091005",0.0463864331927929,0,7.3561311249555,0,1,NA
"ENSMUSG00000091006",0.809684596263386,-0.463437140370847,7.11293885011651,-0.0651541015797227,0.948051305068828,NA
"ENSMUSG00000091007",0.896628878957938,3.45895270049703,5.56879221554129,0.621131578736919,0.534513053231087,NA
"ENSMUSG00000091008",0.0858689461030432,0,7.3561311249555,0,1,NA
"ENSMUSG00000091010",0.142205301279629,2.16496999191482,7.2847442194463,0.297192314060325,0.766319689429416,NA
"ENSMUSG00000091011",0.081236158750911,0,7.3561311249555,0,1,NA
"ENSMUSG00000091012",0.0380762098104571,-1.67431590235222,7.3501929692546,-0.227792101425878,0.819807867435575,NA
"ENSMUSG00000091013",0.116244473064531,1.15771239981952,7.35585052853783,0.157386612918254,0.874940163315331,NA
"ENSMUSG00000091014",1.95675289342359,0.284939772844853,2.75621730058992,0.103380735903467,0.917660800739729,NA
"ENSMUSG00000091016",0.0352597853922181,1.155567702399,7.35595536263211,0.157092810577567,0.875171703562209,NA
"ENSMUSG00000091017",0.29842790971579,1.15168413402462,7.35612552227917,0.156561240089849,0.875590651679542,NA
"ENSMUSG00000091019",2.94820984756834,-0.141964636206753,1.50809937624778,-0.0941348020181322,0.925002075103376,NA
"ENSMUSG00000091020",1.14279487463675,-1.82326021631954,3.58223937268774,-0.508972189357506,0.610771717866487,NA
"ENSMUSG00000091022",0.226704766186382,2.74217743951291,7.2611279930424,0.377651715014589,0.705689341692804,NA
"ENSMUSG00000091027",0,NA,NA,NA,NA,NA
"ENSMUSG00000091028",377.179828733306,-0.262068746412388,1.1224522116905,-0.233478756318446,0.815389663765474,0.907365397537061
"ENSMUSG00000091031",0,NA,NA,NA,NA,NA
"ENSMUSG00000091034",0.14503630899366,0,7.3561311249555,0,1,NA
"ENSMUSG00000091037",0,NA,NA,NA,NA,NA
"ENSMUSG00000091039",0.185885620560054,-3.83341368185611,7.24703340195484,-0.528963159024777,0.596831006814756,NA
"ENSMUSG00000091040",0,NA,NA,NA,NA,NA
"ENSMUSG00000091041",0,NA,NA,NA,NA,NA
"ENSMUSG00000091043",0,NA,NA,NA,NA,NA
"ENSMUSG00000091045",4.30311394440637,-0.298705180698212,1.62640940297108,-0.183659280469325,0.854280754921938,NA
"ENSMUSG00000091048",0.0812361587509111,0,7.3561311249555,0,1,NA
"ENSMUSG00000091049",0.196378817095535,2.28556125193075,7.31671101861303,0.312375498515179,0.754755168749029,NA
"ENSMUSG00000091055",0.248039916058122,1.15508921885502,7.35597877036412,0.157027263796445,0.875223361239378,NA
"ENSMUSG00000091058",4.78433386686074,-0.0454269651503315,2.2708577640122,-0.0200043198963153,0.984039926477057,NA
"ENSMUSG00000091059",0.251510722488346,0,7.3561311249555,0,1,NA
"ENSMUSG00000091060",0.0710374986746129,2.16226366003378,7.28481246100722,0.296818026765623,0.766605441993722,NA
"ENSMUSG00000091071",5.22482172068875,2.34738176644038,2.09019426027831,1.12304478633858,0.261418473859758,NA
"ENSMUSG00000091076",0.193105997501991,0,7.3561311249555,0,1,NA
"ENSMUSG00000091077",0.250969004614935,0,7.3561311249555,0,1,NA
"ENSMUSG00000091080",0.0411754451543111,0,7.3561311249555,0,1,NA
"ENSMUSG00000091083",0.823534706847044,-0.163043622911319,5.30160454976109,-0.0307536372019045,0.975466015066415,NA
"ENSMUSG00000091086",3.38219958461239,0.72514819527373,2.21126218312105,0.327934064449215,0.74296151694692,NA
"ENSMUSG00000091087",0.0877513055912437,0,7.3561311249555,0,1,NA
"ENSMUSG00000091091",3.25957511181659,0.847707094995159,1.15380204950083,0.734707565619164,0.462517611703668,NA
"ENSMUSG00000091096",0.111177119751328,2.14544147826738,7.28547782862376,0.294481917141824,0.768389679182627,NA
"ENSMUSG00000091099",0.0425774740632087,0,7.3561311249555,0,1,NA
"ENSMUSG00000091101",0.142074997349226,3.16234199338107,7.24913616833546,0.436237079832259,0.662664727608538,NA
"ENSMUSG00000091105",1.62468473098949,-0.643206804392724,2.13803119453817,-0.300840701499522,0.763535969941178,NA
"ENSMUSG00000091109",0,NA,NA,NA,NA,NA
"ENSMUSG00000091110",0.248226841279587,0,7.3561311249555,0,1,NA
"ENSMUSG00000091114",0.0463864331927929,0,7.3561311249555,0,1,NA
"ENSMUSG00000091116",0.0736017582353432,-0.232972936499165,7.34994462911654,-0.0316972369528134,0.974713498373325,NA
"ENSMUSG00000091117",0.0406180793754555,0,7.3561311249555,0,1,NA
"ENSMUSG00000091119",0.642344517588652,2.57928209558979,5.97357921666577,0.431781684319816,0.665900092578076,NA
"ENSMUSG00000091122",0.152445578278372,-3.19871935827177,7.3132144095565,-0.437388975508753,0.661829277968815,NA
"ENSMUSG00000091123",0,NA,NA,NA,NA,NA
"ENSMUSG00000091129",0.0406180793754555,0,7.3561311249555,0,1,NA
"ENSMUSG00000091131",0.391979317297538,-0.693579135201135,7.19602546468765,-0.0963836410258228,0.923215884200291,NA
"ENSMUSG00000091132",0,NA,NA,NA,NA,NA
"ENSMUSG00000091135",0.0395071136558552,0,7.3561311249555,0,1,NA
"ENSMUSG00000091140",0.352266393874857,-4.34040792404124,7.23689250722023,-0.599761281476936,0.548665340662871,NA
"ENSMUSG00000091142",0.187936165823615,-2.10784511658406,7.2537719357388,-0.290586075114778,0.771367911186359,NA
"ENSMUSG00000091144",890.748840584557,-0.837214750476578,0.338833528183092,-2.47087339604769,0.0134783526465534,0.0748082627238518
"ENSMUSG00000091146",0.209391660754347,-3.63152928413891,7.25176390522123,-0.500778752811331,0.616526840523602,NA
"ENSMUSG00000091148",0.385729119906783,4.60337932508021,7.22642672225706,0.637020134847837,0.524111728425411,NA
"ENSMUSG00000091149",0.114906888943089,1.16681917573503,7.35591949912663,0.158623157291697,0.873965782911228,NA
"ENSMUSG00000091151",0,NA,NA,NA,NA,NA
"ENSMUSG00000091155",5.07742437662963,0.433931745764072,1.0405744984919,0.417011704969675,0.676669846216379,NA
"ENSMUSG00000091157",0.312584805311086,0.770175136580358,7.27889329203408,0.105809373167103,0.915733599829249,NA
"ENSMUSG00000091159",0.0410826440564989,0,7.3561311249555,0,1,NA
"ENSMUSG00000091163",0.235932065823625,2.17113924406662,7.28459936661527,0.298045113368455,0.765668731892585,NA
"ENSMUSG00000091174",0,NA,NA,NA,NA,NA
"ENSMUSG00000091175",0.0380762098104571,-1.67431590235222,7.3501929692546,-0.227792101425878,0.819807867435575,NA
"ENSMUSG00000091183",197.79808815827,-0.421029195814839,0.493234332825719,-0.853608858496893,0.393321748580429,0.600536931827655
"ENSMUSG00000091185",0.114228629431371,-3.13863321915088,7.26774571323647,-0.431857874916372,0.665844712909321,NA
"ENSMUSG00000091189",0,NA,NA,NA,NA,NA
"ENSMUSG00000091191",31.2607219510538,0.972987014944686,0.541228811128517,1.79773691817313,0.0722187080695531,NA
"ENSMUSG00000091193",4.79276880746268,0.614348657369818,1.52798191217021,0.402065399123247,0.687635896434979,NA
"ENSMUSG00000091194",1.01202744817382,-1.65358642479531,2.55746398196757,-0.646572712833725,0.517908523073375,NA
"ENSMUSG00000091195",0,NA,NA,NA,NA,NA
"ENSMUSG00000091198",2.78461972903792,-0.142855143400454,1.76620024038378,-0.0808827561757169,0.935535193607648,NA
"ENSMUSG00000091199",0.811264041198396,1.33678080474399,5.55764653229137,0.240530015174039,0.809919397380142,NA
"ENSMUSG00000091204",0.081236158750911,0,7.3561311249555,0,1,NA
"ENSMUSG00000091205",0.0963106866480271,-2.24461978012085,7.32859559707647,-0.306282390723848,0.759389645549958,NA
"ENSMUSG00000091206",0.0434922688142794,0,7.3561311249555,0,1,NA
"ENSMUSG00000091212",0,NA,NA,NA,NA,NA
"ENSMUSG00000091215",0.57944987797299,5.00999019149324,7.22627370266285,0.69330202503222,0.488120032486774,NA
"ENSMUSG00000091216",0.163376652078784,-2.74869493277626,7.28506108866666,-0.377305680669225,0.705946451071812,NA
"ENSMUSG00000091221",0,NA,NA,NA,NA,NA
"ENSMUSG00000091223",0.237562385975678,-0.228149934132051,7.34997861345334,-0.0310408976856677,0.975236923738383,NA
"ENSMUSG00000091227",22.779210316655,0.668922056348496,0.831803838390545,0.80418245922355,0.421291607533962,NA
"ENSMUSG00000091228",7390.28969009804,-0.524898006925049,0.238145681884694,-2.20410465884154,0.0275169845924008,0.116291317954631
"ENSMUSG00000091230",0.0801844853033132,0,7.3561311249555,0,1,NA
"ENSMUSG00000091233",0.996216679585716,-0.805585376281499,3.37114993134731,-0.238964564818254,0.811133059967596,NA
"ENSMUSG00000091239",0.0425774740632087,0,7.3561311249555,0,1,NA
"ENSMUSG00000091243",0.431875178627054,-0.698679669419483,5.60834677659852,-0.124578542884475,0.900857216338451,NA
"ENSMUSG00000091248",0.12404203722442,1.12990944434926,7.35557053267127,0.153612753671593,0.877915080326648,NA
"ENSMUSG00000091255",2.30750125900596,0.0662430486775878,7.08625651862572,0.00934810199199997,0.992541402378689,NA
"ENSMUSG00000091259",0.347647115272323,-0.10900747991519,7.17166847781852,-0.0151997377252368,0.987872830903322,NA
"ENSMUSG00000091260",0.334863997177815,-0.105996570588326,7.1457150022656,-0.0148335849603181,0.988164945601907,NA
"ENSMUSG00000091264",172.528261463834,0.018280050171714,0.297504431118585,0.0614446316076134,0.951005108602016,0.982924218426153
"ENSMUSG00000091268",0.133845611544001,0,7.3561311249555,0,1,NA
"ENSMUSG00000091269",24.4834296305241,-1.40618511107866,1.87882917089614,-0.748436916384451,0.454196662369303,NA
"ENSMUSG00000091273",0.0380762098104571,-1.67431590235222,7.3501929692546,-0.227792101425878,0.819807867435575,NA
"ENSMUSG00000091275",0.118394900993096,-2.54198538964086,7.29509674119846,-0.348451224133219,0.727501338659954,NA
"ENSMUSG00000091277",0.272648409803293,0,7.3561311249555,0,1,NA
"ENSMUSG00000091281",0.152292554460414,-1.11576509654888,7.29459256303097,-0.152957836494335,0.878431525545021,NA
"ENSMUSG00000091285",1.03500338898285,2.13610137847735,2.95100566227659,0.723855398105007,0.469154514717804,NA
"ENSMUSG00000091286",0.080952227530472,0,7.3561311249555,0,1,NA
"ENSMUSG00000091288",0,NA,NA,NA,NA,NA
"ENSMUSG00000091289",0,NA,NA,NA,NA,NA
"ENSMUSG00000091290",0.259361205122166,0,7.3561311249555,0,1,NA
"ENSMUSG00000091292",0,NA,NA,NA,NA,NA
"ENSMUSG00000091293",0.0406180793754555,0,7.3561311249555,0,1,NA
"ENSMUSG00000091296",0,NA,NA,NA,NA,NA
"ENSMUSG00000091297",0.3031393610616,0,7.3561311249555,0,1,NA
"ENSMUSG00000091304",14.459877714405,0.36790037859971,0.849131190518659,0.433266829328213,0.664820933212857,NA
"ENSMUSG00000091305",0.0409190281194281,0,7.3561311249555,0,1,NA
"ENSMUSG00000091306",0.129761781738045,0,7.3561311249555,0,1,NA
"ENSMUSG00000091307",0,NA,NA,NA,NA,NA
"ENSMUSG00000091311",0.314871043200282,2.16123948067007,7.28483715033143,0.296676430244119,0.766713553245187,NA
"ENSMUSG00000091312",0.0783116933815841,0,7.3561311249555,0,1,NA
"ENSMUSG00000091313",9.27486024329767,0.90184000392919,0.945442810746429,0.953881074220857,0.340143844464357,NA
"ENSMUSG00000091315",2.23577185016505,-0.718816168992409,1.7828234658291,-0.403189762065492,0.68680863067342,NA
"ENSMUSG00000091318",1.92406572207208,-0.0326830836444416,1.96546955191723,-0.0166286390000602,0.986732877096479,NA
"ENSMUSG00000091325",0,NA,NA,NA,NA,NA
"ENSMUSG00000091326",0.0352597853922181,1.155567702399,7.35595536263211,0.157092810577567,0.875171703562209,NA
"ENSMUSG00000091336",0.0400922426516566,0,7.3561311249555,0,1,NA
"ENSMUSG00000091337",590.421248108825,-0.427112012863586,0.198609176226118,-2.15051500126719,0.0315145006854666,0.126840732604168
"ENSMUSG00000091345",1.34720446635017,-4.23289385175387,4.30340757723068,-0.983614444086148,0.325305120477679,NA
"ENSMUSG00000091347",0.297767040120733,-1.51029515793872,7.27631195745696,-0.207563277491275,0.835569980161595,NA
"ENSMUSG00000091350",0.0763959337236785,0,7.3561311249555,0,1,NA
"ENSMUSG00000091355",0,NA,NA,NA,NA,NA
"ENSMUSG00000091358",26.6719409008545,0.860269533100698,0.685793266429727,1.25441525195968,0.209691111715526,NA
"ENSMUSG00000091361",1.97526152036346,-0.0949603922285867,1.85377538890498,-0.0512254034641595,0.959145909377254,NA
"ENSMUSG00000091363",0.629022480152814,1.76482027032009,5.83501128668196,0.30245361724461,0.762306286701733,NA
"ENSMUSG00000091366",5.28321054046909,-1.27680277650753,2.27051916655481,-0.562339572074568,0.573884681668103,NA
"ENSMUSG00000091367",0.42641320027107,0,7.3561311249555,0,1,NA
"ENSMUSG00000091368",0.191636896514886,2.15060362706311,7.28509435603075,0.295206008592435,0.767836512238766,NA
"ENSMUSG00000091373",0.484559193881148,-1.87724906157378,6.48478366550227,-0.289485225476427,0.772210084493505,NA
"ENSMUSG00000091375",0.0801844853033132,0,7.3561311249555,0,1,NA
"ENSMUSG00000091376",0.162149624642863,1.14857631336751,7.35604630528242,0.156140440897267,0.875922322041547,NA
"ENSMUSG00000091381",0.0786961240204379,-1.67365575156914,7.35017623433837,-0.227702805784465,0.819877291036041,NA
"ENSMUSG00000091382",0.328951793223712,1.14877313178705,7.35605029646958,0.156167112171376,0.87590129932157,NA
"ENSMUSG00000091383",35.2026479322353,-7.91531887030506,1.66757094644499,-4.74661596088569,2.06848157338294e-06,NA
"ENSMUSG00000091386",0.149830932367196,2.16095097577036,7.28484216192966,0.296636622693545,0.766743947776681,NA
"ENSMUSG00000091387",10.7163357541653,2.12953148877373,1.515486963103,1.40517968192445,0.159967854376978,NA
"ENSMUSG00000091396",0.0425774740632087,0,7.3561311249555,0,1,NA
"ENSMUSG00000091400",0.0355187493373065,1.16171280725677,7.35565536667627,0.157934643392857,0.874508299155349,NA
"ENSMUSG00000091401",0.350676539114769,1.15617848699608,7.35592045755469,0.157176589071005,0.875105678174974,NA
"ENSMUSG00000091402",0.44607455623525,0,7.3561311249555,0,1,NA
"ENSMUSG00000091404",0,NA,NA,NA,NA,NA
"ENSMUSG00000091405",56.7510065912538,0.848818760655464,0.459201682442454,1.84846613832221,0.064534938565599,NA
"ENSMUSG00000091407",0.125778950675314,0,7.3561311249555,0,1,NA
"ENSMUSG00000091408",11.2072229634769,0.0908464651306762,0.716253396342818,0.126835650057001,0.899070478925201,NA
"ENSMUSG00000091410",2.73441932410329,-2.23554921510053,1.68649793084342,-1.32555704588533,0.184986462062043,NA
"ENSMUSG00000091411",0.0375605530820568,0,7.3561311249555,0,1,NA
"ENSMUSG00000091415",81.7153767436375,0.100298239448793,0.427729788653,0.234489722506003,0.814604811056057,0.906900389378209
"ENSMUSG00000091416",0,NA,NA,NA,NA,NA
"ENSMUSG00000091418",0.162472317501822,0,7.3561311249555,0,1,NA
"ENSMUSG00000091419",2.54377943354189,0.224402836202751,1.69470235236674,0.132414306199174,0.894656599603375,NA
"ENSMUSG00000091421",13.5395191018752,0,7.3561311249555,0,1,NA
"ENSMUSG00000091423",64.9871546060001,0.665593760461027,0.374129988916259,1.77904412952581,0.0752325273406246,NA
"ENSMUSG00000091426",0.963297108520093,-0.308103400990557,2.72573953182988,-0.113034791986789,0.910002971948662,NA
"ENSMUSG00000091429",0.0488582735869228,-1.88445199085272,7.34129618423011,-0.256691998737325,0.797416548724726,NA
"ENSMUSG00000091435",0,NA,NA,NA,NA,NA
"ENSMUSG00000091441",0.459964248195528,0.767515558557495,6.4172652116814,0.11960165790879,0.904798706332144,NA
"ENSMUSG00000091442",0.154358694047022,1.15814115813914,7.35582770801415,0.157445389439634,0.87489384389923,NA
"ENSMUSG00000091449",15.9658404807193,-0.703479189720334,0.726458834245468,-0.968367588854499,0.332860820310177,NA
"ENSMUSG00000091450",0.170668699513502,0,7.3561311249555,0,1,NA
"ENSMUSG00000091453",0.222383976229441,0.468160349062567,7.20078135745121,0.0650152151305253,0.948161885963014,NA
"ENSMUSG00000091455",1.34924433851767,0.406411598364247,2.97854214054007,0.136446482603921,0.891468329451156,NA
"ENSMUSG00000091459",0,NA,NA,NA,NA,NA
"ENSMUSG00000091460",7.50384437844427,-0.92090147080868,1.36810292488533,-0.673122945692016,0.500869077168799,NA
"ENSMUSG00000091462",48.8224964818548,0.31978687861295,0.43168089676161,0.740794603170842,0.458817987931865,NA
"ENSMUSG00000091466",0,NA,NA,NA,NA,NA
"ENSMUSG00000091468",0.407985339443336,2.73694785400167,7.26138839103742,0.376917981329827,0.706234558122894,NA
"ENSMUSG00000091470",0.0474375977968173,0,7.3561311249555,0,1,NA
"ENSMUSG00000091471",1.72737170896282,2.42038185798903,2.50038870261025,0.96800223719708,0.333043252395556,NA
"ENSMUSG00000091472",8.7054209945007,0.75833204084235,1.35586952466112,0.559295733881095,0.575959906385757,NA
"ENSMUSG00000091474",162.153215105358,-0.0537593412596873,0.397702549927938,-0.135174746225359,0.892473713406428,0.952245958217914
"ENSMUSG00000091476",0.911838830598936,0.655045166298355,2.34785710142844,0.278997033465037,0.780247101364723,NA
"ENSMUSG00000091477",0.608154536151657,-1.20714232783597,6.92691621124666,-0.174268359977566,0.8616545638166,NA
"ENSMUSG00000091478",160.276200289881,0.0981419654439591,2.20213298103817,0.0445667751625478,0.964452625912984,0.98906672965555
"ENSMUSG00000091481",0.316197560500863,0,7.3561311249555,0,1,NA
"ENSMUSG00000091483",0,NA,NA,NA,NA,NA
"ENSMUSG00000091486",0,NA,NA,NA,NA,NA
"ENSMUSG00000091487",0,NA,NA,NA,NA,NA
"ENSMUSG00000091490",21.1521880724063,-0.0368277753665593,0.637393753847039,-0.0577786888313267,0.9539249136637,NA
"ENSMUSG00000091491",1.75414023602332,4.32772000521815,4.04487662385017,1.06992633092941,0.284652469931332,NA
"ENSMUSG00000091494",0.266533468673199,-4.35791971221274,7.23673332128171,-0.60219432148992,0.547044795131269,NA
"ENSMUSG00000091496",0,NA,NA,NA,NA,NA
"ENSMUSG00000091497",0.0406180793754555,0,7.3561311249555,0,1,NA
"ENSMUSG00000091498",0.53046448723508,0,7.3561311249555,0,1,NA
"ENSMUSG00000091504",0,NA,NA,NA,NA,NA
"ENSMUSG00000091507",0.0733094656733004,-0.211332096859998,7.34969770805033,-0.0287538488322479,0.977060908941536,NA
"ENSMUSG00000091511",0.630028103205993,0,5.36580383426174,0,1,NA
"ENSMUSG00000091512",1882.81599318081,-0.517914638937825,0.242592488784076,-2.13491621910357,0.0327678542464445,0.129615942067268
"ENSMUSG00000091515",0.490438296636001,0,7.3561311249555,0,1,NA
"ENSMUSG00000091519",0.119337780321069,-1.6737719298789,7.35017917943252,-0.227718520735181,0.819865073221336,NA
"ENSMUSG00000091528",0.155372653919881,2.15383430785546,7.28501603738699,0.295652651524979,0.767495359987596,NA
"ENSMUSG00000091530",0.206119124854966,0,7.3561311249555,0,1,NA
"ENSMUSG00000091531",20.2766223705524,0.65780396265873,0.969140864338968,0.678749588283439,0.497296540360067,NA
"ENSMUSG00000091534",1.5374644039433,0.11093607118615,2.28489524458486,0.0485519287805714,0.961276380025124,NA
"ENSMUSG00000091537",17841.7640189574,-0.626399957460777,0.19140476023546,-3.27264565776839,0.0010654595834729,0.0201763754456505
"ENSMUSG00000091539",0.0710374986746129,2.16226366003378,7.28481246100722,0.296818026765623,0.766605441993722,NA
"ENSMUSG00000091541",0,NA,NA,NA,NA,NA
"ENSMUSG00000091548",0.0400922426516566,0,7.3561311249555,0,1,NA
"ENSMUSG00000091549",58.761647848231,0.641682202428792,0.474125688103459,1.35340104645157,0.175927543332564,NA
"ENSMUSG00000091550",0.0812361587509111,0,7.3561311249555,0,1,NA
"ENSMUSG00000091552",0.0710374986746129,2.16226366003378,7.28481246100722,0.296818026765623,0.766605441993722,NA
"ENSMUSG00000091553",0.109077009294117,0.770774748681351,7.27888059562173,0.105891934694598,0.915668093270592,NA
"ENSMUSG00000091556",14.0809160044798,-0.594175495272445,1.24254436150459,-0.478192581030237,0.632513142457788,NA
"ENSMUSG00000091557",0.0406180793754555,0,7.3561311249555,0,1,NA
"ENSMUSG00000091561",0.0352597853922181,1.155567702399,7.35595536263211,0.157092810577567,0.875171703562209,NA
"ENSMUSG00000091563",0.213184643573495,0,7.3561311249555,0,1,NA
"ENSMUSG00000091568",0.443997459447344,-1.75501587481757,7.16198769201672,-0.2450459216474,0.806420874710759,NA
"ENSMUSG00000091569",0.0782223922373165,1.14334801085909,7.35591302642445,0.155432508072332,0.876480357844499,NA
"ENSMUSG00000091570",0.429310258891515,2.15407553330123,7.28505869077653,0.295684032858714,0.767471392169637,NA
"ENSMUSG00000091572",0.0786960803211524,-1.67367130738343,7.35017662867677,-0.227704909954624,0.819875655116119,NA
"ENSMUSG00000091573",0.128135145543005,1.14634544852191,7.35598942325404,0.155838376398154,0.876160420162978,NA
"ENSMUSG00000091577",25.7844861433735,0.278808128876355,0.755276524350079,0.369147087043744,0.712018093184444,NA
"ENSMUSG00000091584",0.185308177894019,-0.693685345894522,7.19555582452248,-0.0964046923978325,0.923199165490045,NA
"ENSMUSG00000091585",0,NA,NA,NA,NA,NA
"ENSMUSG00000091586",15.4828719753481,-0.442160067725745,0.706371177513495,-0.625959951087186,0.531341210200722,NA
"ENSMUSG00000091594",4.04268164679675,-0.710095168433408,1.50738846549591,-0.47107642435077,0.637586160142398,NA
"ENSMUSG00000091595",0.0870483774825658,0,7.3561311249555,0,1,NA
"ENSMUSG00000091601",1.76985414530957,2.38184077416063,3.12012040169248,0.763381045445752,0.44523618070117,NA
"ENSMUSG00000091604",3.48369979016865,0.900233528807429,1.22805172648156,0.733058314560289,0.463522863236216,NA
"ENSMUSG00000091605",0.0474375977968173,0,7.3561311249555,0,1,NA
"ENSMUSG00000091606",0.121854238126367,0,7.3561311249555,0,1,NA
"ENSMUSG00000091613",0.392190704348027,0.886420425617304,7.18767824240079,0.123325000886688,0.901849744099961,NA
"ENSMUSG00000091614",0,NA,NA,NA,NA,NA
"ENSMUSG00000091615",0,NA,NA,NA,NA,NA
"ENSMUSG00000091617",0,NA,NA,NA,NA,NA
"ENSMUSG00000091618",13.8024670572596,1.09901963299491,0.937309059651668,1.17252641663715,0.240985772591093,NA
"ENSMUSG00000091620",0.082691333463656,0,7.3561311249555,0,1,NA
"ENSMUSG00000091623",16.0466728711513,-0.555964321363273,0.948093522696008,-0.586402404461458,0.557605128881212,NA
"ENSMUSG00000091624",0.116757758927839,-2.55540426617689,7.294684704792,-0.35031044789341,0.726105725159306,NA
"ENSMUSG00000091625",5418.57460219084,-0.922623294544453,0.305681292260427,-3.01825240178067,0.0025423705897025,0.0303321023526459
"ENSMUSG00000091627",0.0381979668618393,0,7.3561311249555,0,1,NA
"ENSMUSG00000091631",0.267683169953138,3.48123106289149,7.24201029019939,0.480699546588968,0.630730053441449,NA
"ENSMUSG00000091635",0.196302926875285,-3.12912693896921,7.2679430878483,-0.430538173063157,0.666804204778723,NA
"ENSMUSG00000091636",0.0381979668618393,0,7.3561311249555,0,1,NA
"ENSMUSG00000091638",0.142231727175411,2.19085824864994,7.28412725916241,0.30077155034519,0.763588703984778,NA
"ENSMUSG00000091639",15.9551185539764,-2.47267583645485,1.14723240189334,-2.15533995760062,0.0311352411460674,NA
"ENSMUSG00000091648",0.18504967893696,-0.219961881044832,7.3498562318307,-0.0299273719249395,0.976124975983495,NA
"ENSMUSG00000091649",4904.73188599672,-1.33861747266617,0.306257878022628,-4.3708833918299,1.23744868736928e-05,0.00235234236050873
"ENSMUSG00000091650",0.155117737835158,-1.11221639017678,7.29463662311953,-0.152470431035829,0.87881591036061,NA
"ENSMUSG00000091651",0.0406180793754555,0,7.3561311249555,0,1,NA
"ENSMUSG00000091652",0.0480127631773674,0,7.3561311249555,0,1,NA
"ENSMUSG00000091655",120.205058198093,-1.35048650543135,3.96930418908736,-0.340232554900726,0.733681403728453,0.855745212490355
"ENSMUSG00000091656",0.223475409355887,3.16098684988918,7.24915181329853,0.436049200140955,0.662801033293224,NA
"ENSMUSG00000091657",0,NA,NA,NA,NA,NA
"ENSMUSG00000091662",0.157644423195438,0,7.3561311249555,0,1,NA
"ENSMUSG00000091665",0.0380762098104571,-1.67431590235222,7.3501929692546,-0.227792101425878,0.819807867435575,NA
"ENSMUSG00000091668",0.583073353569613,-0.304356692449403,4.13909926824196,-0.0735321075250934,0.941382695112305,NA
"ENSMUSG00000091669",0.25199821943327,-1.64536548811033,7.34945945361731,-0.223875714737157,0.82285401296172,NA
"ENSMUSG00000091670",0.116956818752759,0,7.3561311249555,0,1,NA
"ENSMUSG00000091671",0.432078147334606,2.6941458084017,7.26192235033571,0.370996229156478,0.710640340314256,NA
"ENSMUSG00000091672",0.297622779021555,-0.528246210557662,7.15766836008515,-0.0738014370019481,0.941168383583439,NA
"ENSMUSG00000091676",0.185361989787113,-0.697189943302509,7.19556191693929,-0.0968916606305941,0.922812431499776,NA
"ENSMUSG00000091679",14.7998146936957,2.26063928108566,0.796677398901198,2.83758430225786,0.00454563411242679,NA
"ENSMUSG00000091680",0.577505553087729,1.13936140713997,7.24608134784149,0.157238285418832,0.875057056165669,NA
"ENSMUSG00000091682",3.67373151700166,-0.168640981167119,2.0662697245633,-0.0816161506711135,0.934951957764492,NA
"ENSMUSG00000091685",0.147800982498151,0.111496481704665,7.28427005666993,0.0153064728294323,0.987787678517864,NA
"ENSMUSG00000091692",0.346040523547595,0.51516549618466,7.28542208956647,0.0707118255951752,0.943627108935247,NA
"ENSMUSG00000091694",4.06270786637904,-0.988516050725187,2.66172377603062,-0.371381906577603,0.710353099969503,NA
"ENSMUSG00000091695",2.67016302749267,-4.50024254380198,2.2701978714802,-1.9823129077589,0.0474442302540015,NA
"ENSMUSG00000091697",0,NA,NA,NA,NA,NA
"ENSMUSG00000091698",0.16196976377629,-0.808817400265769,7.27187751679594,-0.111225388271135,0.911437619609054,NA
"ENSMUSG00000091700",0.142907104741537,3.16576667440742,7.25513432676251,0.436348457771436,0.662583928798979,NA
"ENSMUSG00000091703",0,NA,NA,NA,NA,NA
"ENSMUSG00000091705",6.7994232549208,-0.457651183804128,1.48157666108638,-0.308894703746584,0.757401625731544,NA
"ENSMUSG00000091707",0.0708203916136288,2.15572768360456,7.28491683842482,0.295916580987448,0.767293788064745,NA
"ENSMUSG00000091712",0.232747194649182,0.771218483256093,7.27886386279535,0.105953140186897,0.915619531540008,NA
"ENSMUSG00000091713",0.193270492224018,2.15186977047263,7.28506364206368,0.295381053097164,0.767702805382223,NA
"ENSMUSG00000091718",0.0765423082040797,0,7.3561311249555,0,1,NA
"ENSMUSG00000091721",0.573383800668159,-4.83931863030707,7.23729187372158,-0.668664289729492,0.503709651996015,NA
"ENSMUSG00000091722",1.31344490154118,-1.67584324720017,3.02941535912199,-0.553190318440149,0.580133095742442,NA
"ENSMUSG00000091723",0.131155273243283,0,7.3561311249555,0,1,NA
"ENSMUSG00000091725",0.428877915297022,3.91342600638253,7.23833004657449,0.540653159112928,0.588746669850981,NA
"ENSMUSG00000091730",0.454365455930769,-1.82263880110767,6.48917249565747,-0.280873840590209,0.778807165487349,NA
"ENSMUSG00000091731",0.0815938204116798,0,7.3561311249555,0,1,NA
"ENSMUSG00000091732",19.7552508248695,0.0809764671978755,0.533577558955814,0.151761380962765,0.879375142773058,NA
"ENSMUSG00000091733",0.331535727033762,-0.428404526724255,7.13752603275628,-0.0600214310614317,0.952138565941163,NA
"ENSMUSG00000091734",0.1228835832536,1.1519355895681,7.3561311249555,0.156595303971702,0.875563803771386,NA
"ENSMUSG00000091735",1.9682619263654,2.15197702574133,2.63167260044389,0.817722168547237,0.413515849078545,NA
"ENSMUSG00000091736",99.9340413198988,0.511264552015371,0.36859221590047,1.38707365473346,0.165419304505979,0.352630260284057
"ENSMUSG00000091740",0,NA,NA,NA,NA,NA
"ENSMUSG00000091741",0.040797218999862,0,7.3561311249555,0,1,NA
"ENSMUSG00000091742",5.67188846023746,-0.893555543258513,1.05432609741674,-0.847513445268838,0.396708996068645,NA
"ENSMUSG00000091743",0.0458889004883165,0,7.3561311249555,0,1,NA
"ENSMUSG00000091749",0.0488582735869228,-1.88445199085273,7.34129618423011,-0.256691998737325,0.797416548724726,NA
"ENSMUSG00000091752",0.204687726303028,0,7.3561311249555,0,1,NA
"ENSMUSG00000091754",72.0604186330123,-0.543312769404823,0.501206399144595,-1.08401004123669,0.27836034674201,0.488995461193947
"ENSMUSG00000091756",0,NA,NA,NA,NA,NA
"ENSMUSG00000091757",0.196512173978608,-2.5536392460944,7.2947386928813,-0.350065897300257,0.726289243567487,NA
"ENSMUSG00000091762",0.259117353757883,-1.8904172859597,7.34106075181671,-0.257512824082251,0.796782916848824,NA
"ENSMUSG00000091764",55.9807252369241,0.953025695729531,0.434355903747639,2.19411244904649,0.0282273265168577,NA
"ENSMUSG00000091768",0,NA,NA,NA,NA,NA
"ENSMUSG00000091771",0.223114350338721,-2.10862143453082,7.2540974832352,-0.29068005212282,0.771296029248928,NA
"ENSMUSG00000091775",0.38704006821266,0,7.3561311249555,0,1,NA
"ENSMUSG00000091776",0.228454492180602,2.74326973790761,7.26111239080579,0.377802957764599,0.705576976317832,NA
"ENSMUSG00000091779",0.345916845064862,-1.59722302514503,7.28169988934342,-0.219347549255981,0.826379324682142,NA
"ENSMUSG00000091780",98.9589663752893,0.0394377285023308,0.436155957958545,0.0904211619323547,0.927952540783129,0.970265284226906
"ENSMUSG00000091784",0.488660509023741,-0.361862451215405,6.23727128817484,-0.0580161475261554,0.953735766324973,NA
"ENSMUSG00000091785",0.630434098507333,0,7.0378233508451,0,1,NA
"ENSMUSG00000091786",2.4175995280052,1.96447446864119,1.7626442103869,1.11450425279528,0.26506292101186,NA
"ENSMUSG00000091788",0,NA,NA,NA,NA,NA
"ENSMUSG00000091792",0.247536883863723,0,7.3561311249555,0,1,NA
"ENSMUSG00000091794",0.599713656061564,1.21183729471043,7.17962640991577,0.168788349911462,0.865963122269405,NA
"ENSMUSG00000091800",0.0710374986746129,2.16226366003379,7.28481246100722,0.296818026765623,0.766605441993722,NA
"ENSMUSG00000091803",2285.15567144087,-0.552274401315893,0.214776481325773,-2.57139142007919,0.010129077236868,0.0634029101556129
"ENSMUSG00000091805",0.081236158750911,0,7.3561311249555,0,1,NA
"ENSMUSG00000091806",0.760015993891722,-0.647977922491787,4.26301584603029,-0.151999885971614,0.879187025588041,NA
"ENSMUSG00000091808",0,NA,NA,NA,NA,NA
"ENSMUSG00000091809",1.20427320601789,-2.57166994687409,3.30155480841322,-0.778926928706683,0.436022760013643,NA
"ENSMUSG00000091811",75.0327818974178,-0.348222043180297,0.363416351012747,-0.958190357175436,0.337966778769895,0.546597121750722
"ENSMUSG00000091812",0,NA,NA,NA,NA,NA
"ENSMUSG00000091813",0.370063831087885,-3.64802973573989,7.25162129842456,-0.503064016392091,0.614919264744898,NA
"ENSMUSG00000091814",1.88181789928307,0.891658778407216,4.65661532264709,0.19148216389503,0.848147853148935,NA
"ENSMUSG00000091815",0.159447700165434,1.16370574639267,7.3560718415313,0.158196626061012,0.874301862291492,NA
"ENSMUSG00000091817",0.0873560384278267,0,7.3561311249555,0,1,NA
"ENSMUSG00000091818",17.0189358470735,-0.488741457845747,0.643438056374294,-0.759578102358065,0.447506812429429,NA
"ENSMUSG00000091821",0.437295590799491,2.14709259020309,7.28517966108025,0.29472060952368,0.768207317987188,NA
"ENSMUSG00000091825",1.22766233828587,0.743467678124213,2.41397317175393,0.307985062478564,0.758093698665693,NA
"ENSMUSG00000091827",0,NA,NA,NA,NA,NA
"ENSMUSG00000091831",153.796763192536,0.781024399088737,0.425508003509684,1.83551047840857,0.0664300879572783,0.199714543630686
"ENSMUSG00000091832",0.149774138862592,2.14739134812624,7.28517046660957,0.294761990535221,0.768175704161474,NA
"ENSMUSG00000091834",0.325382375018526,-3.93080050604321,7.23835708208373,-0.543051477216103,0.587094360010886,NA
"ENSMUSG00000091842",2.47559840980808,1.16235716883372,1.729893726233,0.671924032792963,0.501632059749102,NA
"ENSMUSG00000091844",6.25833149611983,2.73215106483267,1.35319232576158,2.01904120561356,0.0434829369031474,NA
"ENSMUSG00000091845",304.174303657858,-0.505944896721429,0.258165553825445,-1.95976918386067,0.0500227746258917,0.168330151502391
"ENSMUSG00000091847",0.0444816915190641,0,7.3561311249555,0,1,NA
"ENSMUSG00000091859",0.441913958618036,-0.11001888132875,7.22284169591438,-0.0152320770633783,0.987847030831552,NA
"ENSMUSG00000091863",0,NA,NA,NA,NA,NA
"ENSMUSG00000091866",0,NA,NA,NA,NA,NA
"ENSMUSG00000091867",0.321703244481853,-0.228420745863579,7.34979181856548,-0.0310785327669542,0.975206909768901,NA
"ENSMUSG00000091873",0.325047760250068,-1.67165601212113,7.35012554225797,-0.227432307449757,0.820087600711591,NA
"ENSMUSG00000091874",0.154470084264039,-2.55720136426821,7.29462758754172,-0.350559549967373,0.725918807340449,NA
"ENSMUSG00000091876",1.27713614893209,-2.90843238968791,4.7421216305722,-0.613318808808572,0.539665559076921,NA
"ENSMUSG00000091879",0.119573677894868,-1.67404184230348,7.35018504481227,-0.227755060872245,0.819836664734682,NA
"ENSMUSG00000091882",0.471142367551068,-1.37917666667125,7.25103855210777,-0.190204017915523,0.849149262754988,NA
"ENSMUSG00000091887",0.367871585567351,-2.51036933103536,7.29607975275619,-0.344070982788673,0.730792904504837,NA
"ENSMUSG00000091888",0.202590859033835,-0.229678962098111,7.34990303449899,-0.031249250639096,0.975070762742875,NA
"ENSMUSG00000091894",0.0812361587509111,0,7.3561311249555,0,1,NA
"ENSMUSG00000091896",3434.68303243591,-0.518119998982274,0.207228482300848,-2.50023545619604,0.0124110787866431,0.0714362673063497
"ENSMUSG00000091897",0.244370169028152,-0.227278030329674,7.3500707543158,-0.0309218833296566,0.975331837893058,NA
"ENSMUSG00000091898",17.449892897365,1.25941235791787,0.832189739584583,1.51337164832932,0.130185282455941,NA
"ENSMUSG00000091900",0.767004459238877,3.14883976160285,7.24943063475978,0.434356837143141,0.664029336232832,NA
"ENSMUSG00000091902",0.0761524196209141,-2.55627499047924,7.29465809108018,-0.350431090609309,0.726015196884991,NA
"ENSMUSG00000091903",6.33434904656101,-4.28564791704866,4.24715255759417,-1.00906380426238,0.312944035534186,NA
"ENSMUSG00000091905",0.541293710230542,2.71968639491421,7.26167389644797,0.374526098761409,0.708012943139375,NA
"ENSMUSG00000091911",0,NA,NA,NA,NA,NA
"ENSMUSG00000091922",0.09021830874319,0,7.3561311249555,0,1,NA
"ENSMUSG00000091923",0.167265444331879,0,7.3561311249555,0,1,NA
"ENSMUSG00000091924",0.109074002383135,0.77056057092211,7.27888588785701,0.105862433179176,0.915691500508586,NA
"ENSMUSG00000091926",0.0810247089775078,0,7.3561311249555,0,1,NA
"ENSMUSG00000091929",0,NA,NA,NA,NA,NA
"ENSMUSG00000091930",0.27162375668647,-0.820272685623259,7.19114217232134,-0.114067093372244,0.909184607610343,NA
"ENSMUSG00000091931",1322.8350137202,-0.521398108581614,0.224228748259767,-2.32529554139766,0.020056162545628,0.0957448323149056
"ENSMUSG00000091933",5.53056578275638,0,2.60506725022979,0,1,NA
"ENSMUSG00000091936",0.11177049995516,-1.11581966631299,7.29423440205655,-0.152972828237929,0.8784197029909,NA
"ENSMUSG00000091937",0,NA,NA,NA,NA,NA
"ENSMUSG00000091938",0.493538996928715,2.15288319198224,7.28529579324409,0.29551074562802,0.767603744859022,NA
"ENSMUSG00000091941",0.825649783184955,-1.6964285104468,4.98168074735762,-0.340533365440292,0.733454900546281,NA
"ENSMUSG00000091942",0.176549834974232,-1.64330907624064,7.34940723109579,-0.22359749903199,0.823070509885907,NA
"ENSMUSG00000091945",0.197608784287485,0.766391956137523,7.27924012686425,0.105284609764298,0.916149974727437,NA
"ENSMUSG00000091950",0,NA,NA,NA,NA,NA
"ENSMUSG00000091952",0.389946971498967,-4.13482015635219,7.2406360629781,-0.571057586707586,0.567960607656147,NA
"ENSMUSG00000091955",68.8429564090592,-0.979390165370063,0.509616925682186,-1.92181639975757,0.0546288640191356,0.177156793561974
"ENSMUSG00000091956",0.0710374986746129,2.16226366003379,7.28481246100722,0.296818026765623,0.766605441993722,NA
"ENSMUSG00000091957",267.429256239381,-0.397503986326073,0.367358749201657,-1.08205939613505,0.279226136401847,0.489735691684219
"ENSMUSG00000091960",0,NA,NA,NA,NA,NA
"ENSMUSG00000091961",0.0789207054468481,-1.66095657207426,7.34985436080739,-0.225984963856046,0.821213114951931,NA
"ENSMUSG00000091962",0.289197025714638,1.47507865246012,7.17469821432801,0.205594522361144,0.837107656646696,NA
"ENSMUSG00000091967",0.156503388837491,0.771137163589661,7.27886791062411,0.105941909244448,0.91562844238342,NA
"ENSMUSG00000091970",0,NA,NA,NA,NA,NA
"ENSMUSG00000091971",8.36098224359391,-1.26076390241627,1.04614989629359,-1.20514651569822,0.228146745378803,NA
"ENSMUSG00000091972",0.254225125588875,-1.88889888022163,7.3411190169087,-0.257303944517308,0.796944147660153,NA
"ENSMUSG00000091983",1.48571291785179,1.78883190101418,2.67764921084667,0.668060586042395,0.504094919519065,NA
"ENSMUSG00000091987",0,NA,NA,NA,NA,NA
"ENSMUSG00000091989",1.98786526505653,4.44695368005711,7.22783448224901,0.61525394514477,0.538387027190777,NA
"ENSMUSG00000091990",0.11198795674603,-2.56492588861222,7.29439240877403,-0.351629819849972,0.725115898656384,NA
"ENSMUSG00000091995",0.116128987403045,-2.53788604294363,7.29504439923131,-0.347891788459992,0.72792145240084,NA
"ENSMUSG00000091996",8.58455199818826,-0.972210660972743,1.00779313537947,-0.964692680315465,0.334698762562726,NA
"ENSMUSG00000091997",2.3043903196274,2.82033084387559,2.06836608816482,1.36355496254435,0.172707674936177,NA
"ENSMUSG00000091998",0.559522691810121,0.897473845729258,7.18868792779928,0.124845292318039,0.900646029785524,NA
"ENSMUSG00000092004",0,NA,NA,NA,NA,NA
"ENSMUSG00000092008",0.295050614861846,2.15496486823069,7.28498866958368,0.295808952624472,0.767375985612417,NA
"ENSMUSG00000092009",0.282245559469641,0.772476500817198,7.27883705823334,0.106126362581976,0.91548209493981,NA
"ENSMUSG00000092014",0.713086747742803,1.74540396009328,5.13860299311372,0.339665072867531,0.734108767308626,NA
"ENSMUSG00000092019",0.984009606225553,-2.22028501701706,5.23400267397117,-0.424204028029752,0.671417023459344,NA
"ENSMUSG00000092021",19.7619846585654,-0.872403676436962,1.1016326962539,-0.791918830480951,0.428408006433809,NA
"ENSMUSG00000092027",0,NA,NA,NA,NA,NA
"ENSMUSG00000092029",0.698236880027738,3.11010421646017,7.24978606780168,0.428992550590286,0.66792864592949,NA
"ENSMUSG00000092031",0.337691463712653,0.307429425569733,7.15944664763775,0.042940389208874,0.965749052494555,NA
"ENSMUSG00000092032",0.298362079820759,0.890083885672804,7.18675303626911,0.123850629231428,0.901433544040815,NA
"ENSMUSG00000092035",0.611218721991426,-4.13540178100792,7.2406285765877,-0.571138505071174,0.567905759259886,NA
"ENSMUSG00000092036",0.704922096921991,3.4736377353838,7.2420851124381,0.479646080024372,0.63147907453226,NA
"ENSMUSG00000092039",0.0414066693320352,0,7.3561311249555,0,1,NA
"ENSMUSG00000092040",0.381948720882394,1.20988484877333,7.17989552224792,0.168510091132152,0.866182005612063,NA
"ENSMUSG00000092043",0.32790385295416,-1.6610902535177,7.34985674960481,-0.22600307871402,0.821199025809188,NA
"ENSMUSG00000092045",0,NA,NA,NA,NA,NA
"ENSMUSG00000092047",0,NA,NA,NA,NA,NA
"ENSMUSG00000092048",0.21965421745917,-1.67216601710884,7.35013847032474,-0.227501294548395,0.820033962721614,NA
"ENSMUSG00000092049",0.170640737014935,0,7.3561311249555,0,1,NA
"ENSMUSG00000092051",19.6899715004554,1.00293765009161,0.761856574705618,1.31643892484506,0.188026764954624,NA
"ENSMUSG00000092054",0.385156019426638,1.40223198123537,7.16743129502738,0.195639403227794,0.844892416877619,NA
"ENSMUSG00000092055",0,NA,NA,NA,NA,NA
"ENSMUSG00000092056",1.15414951636766,0.060000993301925,2.66239970511254,0.0225364332736015,0.982020049823598,NA
"ENSMUSG00000092060",160.334058485462,-0.00558943856956296,0.289114310818766,-0.0193329709405729,0.984575481832383,0.998515300904187
"ENSMUSG00000092072",23.5222501492351,0.0439544036673532,0.677816082552776,0.0648470946599749,0.948295744216166,NA
"ENSMUSG00000092073",0,NA,NA,NA,NA,NA
"ENSMUSG00000092074",787.853473149608,-0.523647637376328,0.345971260111142,-1.51355819904841,0.130137929759456,0.30462075199437
"ENSMUSG00000092075",0.49695574068382,2.14010466517374,6.36870870292198,0.33603431480417,0.736844990062474,NA
"ENSMUSG00000092077",2.01159495301583,1.2133835793,2.0363201198215,0.595870741289127,0.551261580713747,NA
"ENSMUSG00000092080",0.380721030110708,-1.68965910001457,7.16819999277306,-0.235715954035612,0.813653089161877,NA
"ENSMUSG00000092083",1.13499771348997,-0.349832568135636,3.98717411240513,-0.0877394761987484,0.930083743125239,NA
"ENSMUSG00000092086",9.84804847890844,1.84631448644666,1.54078116352565,1.19829767533105,0.230801151287473,NA
"ENSMUSG00000092093",0,NA,NA,NA,NA,NA
"ENSMUSG00000092094",0.0820197783333902,0,7.3561311249555,0,1,NA
"ENSMUSG00000092097",0.0388552182011926,0,7.35613112495549,0,1,NA
"ENSMUSG00000092107",0.11181386925423,-1.11872687315446,7.29425886536519,-0.153370876164875,0.878105810591456,NA
"ENSMUSG00000092109",0.0763767615440988,1.14870368880873,7.35604951618518,0.156157688482288,0.875908727212312,NA
"ENSMUSG00000092111",0,NA,NA,NA,NA,NA
"ENSMUSG00000092116",3.52320926951803,-1.01430614129506,1.38925182691209,-0.730109632858699,0.465323173670157,NA
"ENSMUSG00000092118",151.031575950435,-0.402483246782178,0.298804570105189,-1.34697821603094,0.177987248681088,0.369700347386542
"ENSMUSG00000092120",0.0355187493373064,1.16171280725677,7.35565536667627,0.157934643392857,0.874508299155349,NA
"ENSMUSG00000092123",0,NA,NA,NA,NA,NA
"ENSMUSG00000092124",5.09859222568236,-0.213974216545883,1.71549366954391,-0.124730402883254,0.900736987331743,NA
"ENSMUSG00000092125",0.106653488019352,2.16353975653597,7.28477989627345,0.296994526580376,0.766470687871033,NA
"ENSMUSG00000092142",0.0835576962698198,0,7.3561311249555,0,1,NA
"ENSMUSG00000092144",0,NA,NA,NA,NA,NA
"ENSMUSG00000092147",0.111738187263077,1.16047772865656,7.3557136889396,0.157765483776442,0.874641597934691,NA
"ENSMUSG00000092148",0,NA,NA,NA,NA,NA
"ENSMUSG00000092152",0.0884306402698933,0,7.3561311249555,0,1,NA
"ENSMUSG00000092157",0.0761524196209141,-2.55627499047924,7.29465809108018,-0.350431090609309,0.726015196884991,NA
"ENSMUSG00000092162",0.331020555758918,-1.11012343764968,7.29439425851099,-0.152188570881593,0.879038208076643,NA
"ENSMUSG00000092164",0.116920565296508,1.15687838720559,7.35589127862942,0.157272360803726,0.875030202044386,NA
"ENSMUSG00000092165",0.160022102495739,-1.673305405567,7.35016735311072,-0.227655415880949,0.819914135263568,NA
"ENSMUSG00000092166",0,NA,NA,NA,NA,NA
"ENSMUSG00000092167",1.9200036533547,0,7.3561311249555,0,1,NA
"ENSMUSG00000092168",0.119561151923934,-0.232886923808927,7.35004149467052,-0.0316851168769309,0.974723163939816,NA
"ENSMUSG00000092172",0.0711677912777981,0,7.3561311249555,0,1,NA
"ENSMUSG00000092173",0,NA,NA,NA,NA,NA
"ENSMUSG00000092175",0,NA,NA,NA,NA,NA
"ENSMUSG00000092179",0,NA,NA,NA,NA,NA
"ENSMUSG00000092181",1.87058390968099,1.32960567658996,2.50438847237577,0.530910316532737,0.595480928392114,NA
"ENSMUSG00000092184",0.0406180793754555,0,7.3561311249555,0,1,NA
"ENSMUSG00000092186",2.72501637284673,-1.88513525689486,1.63450751138181,-1.15333532808373,0.248772774965985,NA
"ENSMUSG00000092191",0.0763959337236786,0,7.3561311249555,0,1,NA
"ENSMUSG00000092192",87.3022022212678,0.0622306462744447,0.369700870975741,0.168327021005391,0.866326017453265,0.937249380726982
"ENSMUSG00000092193",0.0857555694268433,0,7.3561311249555,0,1,NA
"ENSMUSG00000092195",0.120790651530901,-1.67440798561987,7.35019428940702,-0.227804588517204,0.8197981593605,NA
"ENSMUSG00000092197",0.0406180793754555,0,7.3561311249555,0,1,NA
"ENSMUSG00000092199",0.187621006316656,2.15874710357812,7.28505931528662,0.296325261078974,0.766981696219976,NA
"ENSMUSG00000092200",0.327106799915321,0,7.3561311249555,0,1,NA
"ENSMUSG00000092202",0.0434922688142794,0,7.3561311249555,0,1,NA
"ENSMUSG00000092204",0.604255883832303,-0.104197777675991,7.11980832992483,-0.0146349133077142,0.988323445439988,NA
"ENSMUSG00000092208",0,NA,NA,NA,NA,NA
"ENSMUSG00000092210",0,NA,NA,NA,NA,NA
"ENSMUSG00000092211",0,NA,NA,NA,NA,NA
"ENSMUSG00000092212",7.81770882714899,0.321545205686469,1.18837486507101,0.27057556932362,0.786717487977401,NA
"ENSMUSG00000092213",0.14999297814207,1.16381381963318,7.35554901814695,0.158222563232456,0.874281424808017,NA
"ENSMUSG00000092214",0.108964536341674,2.16028406362506,7.28506061099613,0.296536182604206,0.766820639080564,NA
"ENSMUSG00000092216",1.30873487196295,1.15218489559292,3.56999990551282,0.322740875654845,0.746891492980823,NA
"ENSMUSG00000092217",0.195347752376424,-3.13354886295452,7.26785112194023,-0.43115204348297,0.666357821146543,NA
"ENSMUSG00000092221",0,NA,NA,NA,NA,NA
"ENSMUSG00000092223",0.789846206145752,1.1806799436821,3.35986117286184,0.351407359690527,0.725282761805979,NA
"ENSMUSG00000092224",0.311571832812301,-1.11357096364165,7.29483793438875,-0.152651912716544,0.878672784282582,NA
"ENSMUSG00000092225",1.43220001640239,-1.98191598230023,2.4254793695339,-0.817123413703204,0.413857903848945,NA
"ENSMUSG00000092227",0.0355187493373064,1.16171280725677,7.35565536667627,0.157934643392857,0.874508299155349,NA
"ENSMUSG00000092228",0,NA,NA,NA,NA,NA
"ENSMUSG00000092229",1.54518746829467,-3.73407082839703,3.29885472709897,-1.13192945349272,0.257664094694754,NA
"ENSMUSG00000092230",0.49523604969614,-1.3026282210777,5.51047196098151,-0.236391407179155,0.813128963353019,NA
"ENSMUSG00000092231",0.142310058089818,2.75067700106009,7.26099101941504,0.378829417872174,0.70481454043726,NA
"ENSMUSG00000092232",0.433055386556001,4.15688908752892,7.23126642334815,0.574849389327884,0.565393160895697,NA
"ENSMUSG00000092233",0.607965423239759,-2.89848273075372,6.08911048125452,-0.476010862288798,0.63406663934704,NA
"ENSMUSG00000092237",0.0711677912777981,0,7.3561311249555,0,1,NA
"ENSMUSG00000092238",0.120836910359323,1.14144787189029,7.35586457261127,0.155175215723838,0.876683186585192,NA
"ENSMUSG00000092240",0.420894796851177,-1.68962051551112,7.2678018279941,-0.232480267830508,0.816165011412034,NA
"ENSMUSG00000092243",0.905195156126603,0.848030165879391,3.2744023063157,0.258987774423351,0.795644673358269,NA
"ENSMUSG00000092244",0.0406180793754555,0,7.3561311249555,0,1,NA
"ENSMUSG00000092245",0,NA,NA,NA,NA,NA
"ENSMUSG00000092246",0.163660612550085,-2.50125724425643,7.29636964483021,-0.342808460372985,0.731742560761083,NA
"ENSMUSG00000092247",0.0710374986746129,2.16226366003378,7.28481246100722,0.296818026765623,0.766605441993722,NA
"ENSMUSG00000092248",1.0330852237743,-0.225538402753242,2.61061747258458,-0.08639274237675,0.931154216105623,NA
"ENSMUSG00000092251",22.7723999158352,0.130279291797713,0.706514446953458,0.184397208520628,0.85370185955002,NA
"ENSMUSG00000092253",0.576918687152574,3.12650306920311,7.05756188304922,0.443000447039977,0.657765411357105,NA
"ENSMUSG00000092256",0.763404837721631,-0.149176572380642,3.00002681221707,-0.0497250797136702,0.960341470456144,NA
"ENSMUSG00000092257",8.30312435844854,-0.858697883603844,1.13646109110069,-0.755589338102352,0.449895450338381,NA
"ENSMUSG00000092259",0.0352597853922181,1.155567702399,7.35595536263211,0.157092810577567,0.875171703562209,NA
"ENSMUSG00000092260",76.5802923041988,-0.40141010178106,0.422025723465431,-0.951150793569909,0.341527833206475,0.550027245563128
"ENSMUSG00000092261",0.0834231374484449,0,7.3561311249555,0,1,NA
"ENSMUSG00000092263",0,NA,NA,NA,NA,NA
"ENSMUSG00000092264",0.207952962435041,0,7.3561311249555,0,1,NA
"ENSMUSG00000092265",0.423658362817139,1.13727123636804,5.78351556717947,0.196640127126462,0.844109166729255,NA
"ENSMUSG00000092269",0.643690831503965,-2.91213374119748,6.92730727286036,-0.420384664125781,0.674204469508503,NA
"ENSMUSG00000092270",0,NA,NA,NA,NA,NA
"ENSMUSG00000092271",0.289659962473946,3.74890734447751,7.23719189274035,0.518005795623306,0.604454225678981,NA
"ENSMUSG00000092277",37.4825689928112,-0.605578319084852,0.415433411405221,-1.4577024920467,0.144922564768087,NA
"ENSMUSG00000092278",45.3005905892779,0.386062127172879,0.688868777468189,0.560429126417632,0.575186769359079,NA
"ENSMUSG00000092281",6.4488385213653,-4.02003078169264,1.83244847695832,-2.19380289936746,0.0282495823050341,NA
"ENSMUSG00000092284",0.0758691032565153,1.15713609754623,7.35599541185645,0.157305168472665,0.875004347120377,NA
"ENSMUSG00000092285",0.152304839241828,-3.55232820134153,7.25421207485117,-0.489691804525086,0.624352002042539,NA
"ENSMUSG00000092287",0,NA,NA,NA,NA,NA
"ENSMUSG00000092289",0,NA,NA,NA,NA,NA
"ENSMUSG00000092290",0.111498285086415,0,7.3561311249555,0,1,NA
"ENSMUSG00000092292",2.97756544125033,1.29353289237728,1.29858206968349,0.99611177651064,0.319195838544941,NA
"ENSMUSG00000092293",0,NA,NA,NA,NA,NA
"ENSMUSG00000092294",0.0696313570767013,2.13399850361496,7.28549954745693,0.292910388603325,0.769590647995766,NA
"ENSMUSG00000092295",0.0380762098104571,-1.67431590235222,7.3501929692546,-0.227792101425878,0.819807867435575,NA
"ENSMUSG00000092296",0,NA,NA,NA,NA,NA
"ENSMUSG00000092297",0,NA,NA,NA,NA,NA
"ENSMUSG00000092298",0.0352597853922181,1.155567702399,7.35595536263211,0.157092810577567,0.875171703562209,NA
"ENSMUSG00000092300",8.56171807114725,-0.135960099864827,0.833348876354464,-0.163149076842334,0.87040105967686,NA
"ENSMUSG00000092301",0.710588681856708,-3.2781413427701,6.67765375557365,-0.490912147104652,0.623488585288456,NA
"ENSMUSG00000092303",0.0355187493373064,1.16171280725677,7.35565536667627,0.157934643392857,0.874508299155349,NA
"ENSMUSG00000092304",0.0762062723881421,1.1470748324321,7.35600798145908,0.155937138094917,0.876082571400998,NA
"ENSMUSG00000092305",0.321714521490931,2.7357551854139,7.26120559149773,0.376763218027767,0.706349577555581,NA
"ENSMUSG00000092306",0.0869845376285589,0,7.3561311249555,0,1,NA
"ENSMUSG00000092307",0.0825787311091093,-1.6713700034139,7.35011829245292,-0.227393619655083,0.820117681132336,NA
"ENSMUSG00000092308",0,NA,NA,NA,NA,NA
"ENSMUSG00000092310",0.253912476329152,-1.66819254431596,7.3500368003823,-0.226963835640821,0.820451863328916,NA
"ENSMUSG00000092311",0.0380762098104571,-1.67431590235222,7.3501929692546,-0.227792101425878,0.819807867435575,NA
"ENSMUSG00000092312",0.0406180793754555,0,7.3561311249555,0,1,NA
"ENSMUSG00000092313",0,NA,NA,NA,NA,NA
"ENSMUSG00000092314",0.414104644090912,-0.447444715557067,7.34130173867974,-0.0609489612992716,0.951399856417026,NA
"ENSMUSG00000092316",0,NA,NA,NA,NA,NA
"ENSMUSG00000092317",0,NA,NA,NA,NA,NA
"ENSMUSG00000092318",0.0406180793754555,0,7.3561311249555,0,1,NA
"ENSMUSG00000092322",0.0380762098104571,-1.67431590235222,7.3501929692546,-0.227792101425878,0.819807867435575,NA
"ENSMUSG00000092325",1.29041784819229,2.72180742397421,2.71665885361219,1.00189518472486,0.316394218512785,NA
"ENSMUSG00000092326",0.0833665417514643,1.12945041991308,7.35555883634795,0.153550592829443,0.877964096006117,NA
"ENSMUSG00000092328",0.160123116189441,-0.228825347898298,7.34981463202525,-0.0311334855849616,0.975163084971058,NA
"ENSMUSG00000092329",266.16059690161,0.492896729987702,0.292959079781224,1.6824763729999,0.0924765027073913,0.245484164914085
"ENSMUSG00000092330",0.0839042627905303,0,7.3561311249555,0,1,NA
"ENSMUSG00000092331",0.0355187493373064,1.16171280725677,7.35565536667627,0.157934643392857,0.874508299155349,NA
"ENSMUSG00000092332",0.0381979668618393,0,7.3561311249555,0,1,NA
"ENSMUSG00000092335",0.96021332886514,2.14885110840391,4.72184536023697,0.455087141671254,0.649046548235592,NA
"ENSMUSG00000092336",0,NA,NA,NA,NA,NA
"ENSMUSG00000092339",0.263743016389117,0,7.3561311249555,0,1,NA
"ENSMUSG00000092340",0.121549414069172,0,7.3561311249555,0,1,NA
"ENSMUSG00000092342",0.268920156355132,-0.693523354500255,7.19589670288981,-0.0963776139562623,0.923220670822325,NA
"ENSMUSG00000092343",0,NA,NA,NA,NA,NA
"ENSMUSG00000092344",0.424453087807808,2.11158822536827,7.2215102080842,0.29240258125017,0.769978834877659,NA
"ENSMUSG00000092345",54.0400552992193,1.54590659496603,1.8641046508328,0.829302471980521,0.406933272451804,NA
"ENSMUSG00000092350",0.522048247330836,1.76238685787291,4.70114780576493,0.374884375196995,0.7077464598626,NA
"ENSMUSG00000092351",0.0761524196209141,-2.55627499047924,7.29465809108018,-0.350431090609309,0.726015196884991,NA
"ENSMUSG00000092356",0,NA,NA,NA,NA,NA
"ENSMUSG00000092357",0,NA,NA,NA,NA,NA
"ENSMUSG00000092358",6.65413896391636,-0.797185290034581,1.40756379721574,-0.566358193931578,0.571150308063858,NA
"ENSMUSG00000092359",0.0406180793754555,0,7.3561311249555,0,1,NA
"ENSMUSG00000092360",0.0948751955936346,0,7.3561311249555,0,1,NA
"ENSMUSG00000092362",0.0410826440564989,0,7.3561311249555,0,1,NA
"ENSMUSG00000092363",0,NA,NA,NA,NA,NA
"ENSMUSG00000092366",0.253835729608918,0,7.3561311249555,0,1,NA
"ENSMUSG00000092367",0.0410826440564989,0,7.3561311249555,0,1,NA
"ENSMUSG00000092370",0.113543611149736,-3.1301037899052,7.26792274833554,-0.430673783733053,0.66670558360804,NA
"ENSMUSG00000092372",0.0406180793754555,0,7.3561311249555,0,1,NA
"ENSMUSG00000092374",0.465498685575414,1.20837850052297,7.18073379222215,0.168280643105281,0.866362501263696,NA
"ENSMUSG00000092376",9.96595416244622,0.464701419685277,0.971400476140217,0.478382944109449,0.63237767082773,NA
"ENSMUSG00000092377",0.0406180793754555,0,7.3561311249555,0,1,NA
"ENSMUSG00000092382",0,NA,NA,NA,NA,NA
"ENSMUSG00000092383",0,NA,NA,NA,NA,NA
"ENSMUSG00000092385",0,NA,NA,NA,NA,NA
"ENSMUSG00000092387",0.310386057079521,-0.110857872387588,7.22289738832173,-0.0153481167497724,0.987754455379493,NA
"ENSMUSG00000092388",0.0355187493373064,1.16171280725677,7.35565536667627,0.157934643392857,0.874508299155349,NA
"ENSMUSG00000092390",6.31856952721003,0.0669871733176673,1.1789800837709,0.0568179006921075,0.95469025428224,NA
"ENSMUSG00000092393",0.0410826440564989,0,7.3561311249555,0,1,NA
"ENSMUSG00000092394",0.248979620867805,0,7.3561311249555,0,1,NA
"ENSMUSG00000092396",0,NA,NA,NA,NA,NA
"ENSMUSG00000092398",0,NA,NA,NA,NA,NA
"ENSMUSG00000092401",1.89792309693171,1.68232630563594,1.86882079397735,0.900207398728424,0.368009889509614,NA
"ENSMUSG00000092406",0,NA,NA,NA,NA,NA
"ENSMUSG00000092408",0.0881602787929577,0,7.3561311249555,0,1,NA
"ENSMUSG00000092409",2.10983816510523,0.0535628456179372,1.74519174359588,0.0306916680155578,0.975515435994187,NA
"ENSMUSG00000092410",0.0761534418064915,1.1574483311671,7.35586342872414,0.157350437835393,0.874968671658408,NA
"ENSMUSG00000092411",0.0855766936954217,-1.66828572652337,7.35004014876489,-0.226976410027327,0.820442085545077,NA
"ENSMUSG00000092413",3.86989340387614,-0.681253797645872,1.39041893504876,-0.489962974808007,0.624160099014335,NA
"ENSMUSG00000092414",0.0400922426516566,0,7.3561311249555,0,1,NA
"ENSMUSG00000092416",222.332077368773,-0.0950109842874586,0.280509768855944,-0.338708290534622,0.734829494528108,0.856297846373442
"ENSMUSG00000092417",531.655707026258,-0.766756075083639,0.318068424503835,-2.41066392012891,0.0159235140049777,0.0830720782980919
"ENSMUSG00000092419",0.0380762098104571,-1.67431590235222,7.3501929692546,-0.227792101425878,0.819807867435575,NA
"ENSMUSG00000092422",0.148039081378773,2.71828751658789,7.26152200251292,0.37434129038612,0.708150416179948,NA
"ENSMUSG00000092425",0.0825771271327728,-1.67159267011782,7.35012393673485,-0.227423739314577,0.820094262560132,NA
"ENSMUSG00000092426",0.0380762098104571,-1.67431590235222,7.3501929692546,-0.227792101425878,0.819807867435575,NA
"ENSMUSG00000092427",0,NA,NA,NA,NA,NA
"ENSMUSG00000092428",5.19381953553324,-1.34318636186675,1.28330030263175,-1.04666566283214,0.29525380574395,NA
"ENSMUSG00000092429",0,NA,NA,NA,NA,NA
"ENSMUSG00000092431",0.0406180793754555,0,7.3561311249555,0,1,NA
"ENSMUSG00000092433",0.141682702275809,3.15843388419364,7.2492329943473,0.43569214655626,0.663060104483228,NA
"ENSMUSG00000092435",0,NA,NA,NA,NA,NA
"ENSMUSG00000092437",0.11961953755731,0.527484520346442,7.26957939887718,0.072560528113623,0.942155837886175,NA
"ENSMUSG00000092438",0,NA,NA,NA,NA,NA
"ENSMUSG00000092439",0.0406180793754555,0,7.3561311249555,0,1,NA
"ENSMUSG00000092440",0,NA,NA,NA,NA,NA
"ENSMUSG00000092441",0.0761524196209141,-2.55627499047924,7.29465809108018,-0.350431090609309,0.726015196884991,NA
"ENSMUSG00000092444",0.583797740117807,-2.8076163540295,6.09243228805805,-0.460836693997041,0.644915773423771,NA
"ENSMUSG00000092447",0,NA,NA,NA,NA,NA
"ENSMUSG00000092450",0.0425919574685933,0,7.3561311249555,0,1,NA
"ENSMUSG00000092451",0.0434922688142794,0,7.3561311249555,0,1,NA
"ENSMUSG00000092452",0.114020849397551,-3.13605139944566,7.26779919485889,-0.431499456075237,0.666105248026185,NA
"ENSMUSG00000092454",1.58608879157419,-1.6625145861821,3.28727692511232,-0.505742176292402,0.613037655979719,NA
"ENSMUSG00000092456",0.345573580550176,-2.69165195946964,7.24059050297332,-0.371744812576311,0.710082856627025,NA
"ENSMUSG00000092457",1.03659237966524,2.56840129277897,4.04944087765218,0.63426072151178,0.525910685653033,NA
"ENSMUSG00000092458",0.317087161949355,1.34617268975149,7.25509401951999,0.185548620890313,0.852798748323953,NA
"ENSMUSG00000092460",0,NA,NA,NA,NA,NA
"ENSMUSG00000092461",0.0736678163374443,-1.67704539357641,7.35026124907573,-0.228161331515569,0.819520821588371,NA
"ENSMUSG00000092462",0.0840843596325046,0,7.3561311249555,0,1,NA
"ENSMUSG00000092463",2.21330913960553,0,3.87162076145219,0,1,NA
"ENSMUSG00000092464",0.0786990545052976,-1.67263013700991,7.35015023543463,-0.227564074669693,0.819985151434988,NA
"ENSMUSG00000092465",0.777537730758648,-1.69954342259231,5.08743633036897,-0.334066770024629,0.738329174664404,NA
"ENSMUSG00000092466",0,NA,NA,NA,NA,NA
"ENSMUSG00000092467",0.20337463495175,-1.67118353342473,7.35011332674143,-0.227368403606046,0.820137287183343,NA
"ENSMUSG00000092468",0.115364121982532,2.15389907778941,7.2850144689869,0.295661606021345,0.767488520875779,NA
"ENSMUSG00000092470",4.82588519579493,0.31156078555612,1.40102306592627,0.222380910873966,0.824017370716469,NA
"ENSMUSG00000092471",0.160048706797109,-1.67301250853625,7.35015992828958,-0.227615796779754,0.819944938230615,NA
"ENSMUSG00000092472",0.0380762098104571,-1.67431590235222,7.3501929692546,-0.227792101425878,0.819807867435575,NA
"ENSMUSG00000092473",0,NA,NA,NA,NA,NA
"ENSMUSG00000092476",0.0381979668618393,0,7.3561311249555,0,1,NA
"ENSMUSG00000092477",0.0425774740632087,0,7.3561311249555,0,1,NA
"ENSMUSG00000092480",0,NA,NA,NA,NA,NA
"ENSMUSG00000092485",0.121817818034267,0,7.3561311249555,0,1,NA
"ENSMUSG00000092487",0.0380732476519614,0,7.3561311249555,0,1,NA
"ENSMUSG00000092488",0,NA,NA,NA,NA,NA
"ENSMUSG00000092489",0.0380762098104571,-1.67431590235222,7.3501929692546,-0.227792101425878,0.819807867435575,NA
"ENSMUSG00000092490",2.82405078645051,2.99457894554923,2.81861317443829,1.06242991152768,0.28804056070072,NA
"ENSMUSG00000092493",0,NA,NA,NA,NA,NA
"ENSMUSG00000092496",0.0735989172954562,-0.230596561105049,7.34985135007101,-0.0313743163122368,0.974971023678715,NA
"ENSMUSG00000092502",0.0793307290260608,0,7.3561311249555,0,1,NA
"ENSMUSG00000092504",0.121647730425604,0,7.3561311249555,0,1,NA
"ENSMUSG00000092505",12.1919002563754,0.184386853532951,0.733833498889366,0.251265244516658,0.801609044198536,NA
"ENSMUSG00000092506",0,NA,NA,NA,NA,NA
"ENSMUSG00000092508",0.137998477436399,0,7.3561311249555,0,1,NA
"ENSMUSG00000092510",0.374407909656105,3.95121310042494,7.23391467824219,0.546206760263457,0.584923819710409,NA
"ENSMUSG00000092511",0.0763959337236786,0,7.3561311249555,0,1,NA
"ENSMUSG00000092512",0.972897377118966,-0.520549759678053,4.32698665603759,-0.120303065633843,0.904243075727113,NA
"ENSMUSG00000092513",0.0380762098104571,-1.67431590235222,7.3501929692546,-0.227792101425878,0.819807867435575,NA
"ENSMUSG00000092514",0.0355187493373064,1.16171280725677,7.35565536667627,0.157934643392857,0.874508299155349,NA
"ENSMUSG00000092516",0.0406180793754555,0,7.3561311249555,0,1,NA
"ENSMUSG00000092517",33.3871025970595,0.712685944120416,0.651363771993977,1.09414427814847,0.273891705460815,NA
"ENSMUSG00000092518",0.233975995761675,-1.11032616085919,7.29436435236912,-0.152216986597135,0.87901579671244,NA
"ENSMUSG00000092519",0.12726248914356,0,7.3561311249555,0,1,NA
"ENSMUSG00000092520",0,NA,NA,NA,NA,NA
"ENSMUSG00000092521",4.10752749958958,-0.242400841631022,1.2980472382652,-0.186742696633277,0.851862377839276,NA
"ENSMUSG00000092523",0.359593477938601,0,7.3561311249555,0,1,NA
"ENSMUSG00000092524",2.09060130272355,0.511310659084188,2.25313392074103,0.226933097219549,0.820475765498286,NA
"ENSMUSG00000092526",1.80161179503701,0.284040541321941,2.59260957866423,0.109557776712483,0.912760098311306,NA
"ENSMUSG00000092528",0.817315151246304,1.35623106741454,6.48313228788411,0.209193798181338,0.834296953657632,NA
"ENSMUSG00000092529",0.0380762098104571,-1.67431590235222,7.3501929692546,-0.227792101425878,0.819807867435575,NA
"ENSMUSG00000092530",0.0380762098104571,-1.67431590235222,7.3501929692546,-0.227792101425878,0.819807867435575,NA
"ENSMUSG00000092532",0.0406180793754555,0,7.3561311249555,0,1,NA
"ENSMUSG00000092533",0.0761524196209141,-2.55627499047924,7.29465809108018,-0.350431090609309,0.726015196884991,NA
"ENSMUSG00000092534",0,NA,NA,NA,NA,NA
"ENSMUSG00000092535",0.0474375977968173,0,7.3561311249555,0,1,NA
"ENSMUSG00000092538",0,NA,NA,NA,NA,NA
"ENSMUSG00000092540",14.8742734453751,0.915863467316535,0.763923319036962,1.19889450222715,0.230568969768088,NA
"ENSMUSG00000092541",45.4917993869805,-0.581525176748321,0.389217041759984,-1.49408970922431,0.135152173339271,NA
"ENSMUSG00000092542",0,NA,NA,NA,NA,NA
"ENSMUSG00000092543",0.0406180793754555,0,7.3561311249555,0,1,NA
"ENSMUSG00000092544",3.01109663773353,0,3.03526961427108,0,1,NA
"ENSMUSG00000092547",0.336000911684866,2.14798646781572,7.28515792437329,0.294844187334552,0.768112909467427,NA
"ENSMUSG00000092548",0.12132344356108,0,7.3561311249555,0,1,NA
"ENSMUSG00000092549",0.117377910322788,-1.67298373968459,7.3501581847697,-0.227611936726911,0.819947939350412,NA
"ENSMUSG00000092551",0,NA,NA,NA,NA,NA
"ENSMUSG00000092552",0.0707792226222178,2.15721679267744,7.28506251347314,0.296115069525874,0.767142205975866,NA
"ENSMUSG00000092553",0.336703935492464,-1.32482510062436,7.05180816616598,-0.187870269497795,0.850978349225112,NA
"ENSMUSG00000092554",0.574194275210261,0.50668427535271,6.12507610457184,0.0827229354708776,0.934071847505374,NA
"ENSMUSG00000092555",0.0381979668618393,0,7.3561311249555,0,1,NA
"ENSMUSG00000092556",0.842112913439264,3.47509244478696,5.68251912670636,0.611540826753214,0.540841598613709,NA
"ENSMUSG00000092557",0.995686930133217,-0.152817551908316,3.1942332044925,-0.0478417016307348,0.961842401493855,NA
"ENSMUSG00000092558",427.926917395076,-0.29695016184942,0.222990968242567,-1.33166900969012,0.182968977075623,0.376253034822661
"ENSMUSG00000092560",6.83272302796107,5.60755420767735,5.01593829350891,1.11794720739169,0.263589541388307,NA
"ENSMUSG00000092561",0.272595102640437,1.35569925578511,7.25505076563387,0.186862821443906,0.851768189884741,NA
"ENSMUSG00000092562",0.0800560093892709,1.15362427794449,7.3560504812901,0.156826585255049,0.87538152009562,NA
"ENSMUSG00000092563",6.79160908742969,0.290371301701884,1.07484801488832,0.270151033150537,0.787044062346198,NA
"ENSMUSG00000092565",0,NA,NA,NA,NA,NA
"ENSMUSG00000092566",0,NA,NA,NA,NA,NA
"ENSMUSG00000092567",0.118129900425838,-2.53029608681765,7.29545862265467,-0.346831668534216,0.728717784126011,NA
"ENSMUSG00000092568",0,NA,NA,NA,NA,NA
"ENSMUSG00000092571",0.0839287110546936,0,7.3561311249555,0,1,NA
"ENSMUSG00000092572",19.5424346821927,0.375672940277883,2.16945214046527,0.173164889545484,0.862521820763395,NA
"ENSMUSG00000092573",0,NA,NA,NA,NA,NA
"ENSMUSG00000092574",1.64045568798234,-3.0304251573593,4.55599196153446,-0.665151559297013,0.505953559815287,NA
"ENSMUSG00000092575",0,NA,NA,NA,NA,NA
"ENSMUSG00000092577",0.585385140154706,0,5.39523489301445,0,1,NA
"ENSMUSG00000092579",0.106556248011919,2.74727956207311,7.26104728326191,0.378358583121489,0.705164231160339,NA
"ENSMUSG00000092580",0,NA,NA,NA,NA,NA
"ENSMUSG00000092583",0.240410397081297,2.73919535196041,7.2611787266141,0.377238387194706,0.705996455162921,NA
"ENSMUSG00000092584",0,NA,NA,NA,NA,NA
"ENSMUSG00000092586",3.97852271387037,0.314967260397917,1.39638171634413,0.22555957064701,0.821543988416756,NA
"ENSMUSG00000092587",0,NA,NA,NA,NA,NA
"ENSMUSG00000092588",0,NA,NA,NA,NA,NA
"ENSMUSG00000092592",13.871035823562,0.87521487125727,0.964009586154884,0.907890215851705,0.363936227433606,NA
"ENSMUSG00000092597",0,NA,NA,NA,NA,NA
"ENSMUSG00000092601",0.554644253484596,1.7609702946664,5.31241120412132,0.331482301915983,0.740280207087245,NA
"ENSMUSG00000092603",0,NA,NA,NA,NA,NA
"ENSMUSG00000092606",0,NA,NA,NA,NA,NA
"ENSMUSG00000092607",1166.15842315715,-0.569370057645025,0.214093694085498,-2.65944338097902,0.00782698842552179,0.0538411834281718
"ENSMUSG00000092608",0.0867850656990539,0,7.3561311249555,0,1,NA
"ENSMUSG00000092609",0.327740194434624,-1.65221853086516,7.34963294354544,-0.224802863429549,0.82213263839713,NA
"ENSMUSG00000092610",0,NA,NA,NA,NA,NA
"ENSMUSG00000092611",0.0769407330567638,1.15828535376306,7.35582254638009,0.157465102843335,0.874878308653426,NA
"ENSMUSG00000092612",0.109023179805646,0.76693054918619,7.27897562530616,0.105362428542812,0.916088227757998,NA
"ENSMUSG00000092614",0.0380311003112958,0,7.3561311249555,0,1,NA
"ENSMUSG00000092615",0.15766957377795,-2.54882336596545,7.29488632285486,-0.349398640795812,0.726790053592429,NA
"ENSMUSG00000092616",0.0380762098104571,-1.67431590235222,7.3501929692546,-0.227792101425878,0.819807867435575,NA
"ENSMUSG00000092617",0.548618739831811,2.08431713050529,5.29526803834386,0.393618815027384,0.693862488012151,NA
"ENSMUSG00000092618",0.300605212775963,2.09096190971045,7.23593169369549,0.288969271439124,0.772604892711561,NA
"ENSMUSG00000092619",1.13486537138482,-1.39656433056265,2.68292335720476,-0.520538287764465,0.602688449103937,NA
"ENSMUSG00000092620",0.394893907016759,2.1530678567887,7.28503141307565,0.295546818497479,0.76757619269556,NA
"ENSMUSG00000092621",0.0381979668618393,0,7.3561311249555,0,1,NA
"ENSMUSG00000092622",19.2906529671967,0.207637384877606,0.773173334780059,0.268552180393898,0.788274315235724,NA
"ENSMUSG00000092624",0.035583895638899,0,7.3561311249555,0,1,NA
"ENSMUSG00000092629",0.0801272245229418,0,7.3561311249555,0,1,NA
"ENSMUSG00000093376",0.0406180793754555,0,7.3561311249555,0,1,NA
"ENSMUSG00000093381",0,NA,NA,NA,NA,NA
"ENSMUSG00000093382",0.0380762098104571,-1.67431590235222,7.3501929692546,-0.227792101425878,0.819807867435575,NA
"ENSMUSG00000093384",46.6639816550844,0.9543067911921,1.19784420629105,0.796686903171634,0.425632892091501,NA
"ENSMUSG00000093385",23.6484492015452,-0.202020227441402,1.04970987621813,-0.192453393092991,0.847387072345251,NA
"ENSMUSG00000093392",27.75103296627,-3.77653453681569,1.24016638948808,-3.04518375020191,0.00232538191045107,NA
"ENSMUSG00000093395",0,NA,NA,NA,NA,NA
"ENSMUSG00000093397",0,NA,NA,NA,NA,NA
"ENSMUSG00000093398",0.0488582735869228,-1.88445199085273,7.34129618423011,-0.256691998737325,0.797416548724726,NA
"ENSMUSG00000093401",0.0761521105132907,1.15778279877415,7.35584708986254,0.157396256968113,0.874932563197542,NA
"ENSMUSG00000093402",0,NA,NA,NA,NA,NA
"ENSMUSG00000093406",0.0463864331927929,0,7.3561311249555,0,1,NA
"ENSMUSG00000093416",8.02202760851197,-0.156283437110079,1.27955748139663,-0.122138660734098,0.902789204232749,NA
"ENSMUSG00000093419",0.335097514700296,0,7.3561311249555,0,1,NA
"ENSMUSG00000093420",0.164398020434564,2.13369216801676,7.2855070645352,0.292868039124314,0.769623019311717,NA
"ENSMUSG00000093421",0.0709560565268496,2.16064162509904,7.28485154374434,0.296593775744741,0.766776663401767,NA
"ENSMUSG00000093426",0.51734203809358,1.35550851508392,7.25505207964856,0.186836496858005,0.851788830393251,NA
"ENSMUSG00000093427",0.106751686916697,0,7.3561311249555,0,1,NA
"ENSMUSG00000093429",1.38718073694999,1.34216515602959,2.96934646848287,0.452006921481057,0.651263996186995,NA
"ENSMUSG00000093433",0,NA,NA,NA,NA,NA
"ENSMUSG00000093434",0.198319152772313,0,7.3561311249555,0,1,NA
"ENSMUSG00000093437",2.265121246301,1.33108483750633,1.77646244644017,0.749289600899628,0.453682674240329,NA
"ENSMUSG00000093444",0.081236158750911,0,7.3561311249555,0,1,NA
"ENSMUSG00000093445",585.3759915449,-0.150051938313069,0.258029600846914,-0.581529940055572,0.560883345620766,0.738554931592017
"ENSMUSG00000093446",0.0710374986746129,2.16226366003378,7.28481246100722,0.296818026765623,0.766605441993722,NA
"ENSMUSG00000093447",0.637125349898487,1.15674492157283,4.78582697140216,0.241702202876324,0.809010922518509,NA
"ENSMUSG00000093449",0.035583895638899,0,7.3561311249555,0,1,NA
"ENSMUSG00000093453",0,NA,NA,NA,NA,NA
"ENSMUSG00000093454",0.0425774740632087,0,7.3561311249555,0,1,NA
"ENSMUSG00000093456",0.428496206879418,2.63198814356952,7.25347690973177,0.362858829816948,0.71671034265886,NA
"ENSMUSG00000093461",0.035583895638899,0,7.3561311249555,0,1,NA
"ENSMUSG00000093469",0.123528395997546,-1.66909033114323,7.35006050775701,-0.22708525043865,0.820357452919194,NA
"ENSMUSG00000093473",0.830814975882397,-1.60272440505213,2.67485762754233,-0.599181200729821,0.549052057627122,NA
"ENSMUSG00000093474",0.172908867728517,-1.66141884769364,7.34986610962649,-0.22604749840512,0.82116447787363,NA
"ENSMUSG00000093484",59.4752081171639,-0.682092613722149,0.55821243006716,-1.22192301171094,0.221736742379683,NA
"ENSMUSG00000093485",58.6836469635561,3.07577907799673,0.732476834448032,4.19914860558631,2.67920452810333e-05,NA
"ENSMUSG00000093487",0,NA,NA,NA,NA,NA
"ENSMUSG00000093490",0.533907401367537,-3.10414218775306,6.23485780298608,-0.497868962828052,0.618576404616477,NA
"ENSMUSG00000093492",0.114228629431371,-3.13863321915088,7.26774571323647,-0.431857874916372,0.665844712909321,NA
"ENSMUSG00000093493",0.282192882481332,-1.69277552561833,7.26740606607467,-0.232927059562621,0.815818045789583,NA
"ENSMUSG00000093503",0.187697846601638,-0.112487482489714,7.22285904966446,-0.0155738166446623,0.987574394440672,NA
"ENSMUSG00000093504",0.0873388010000679,-2.74496642685655,7.28506290959571,-0.376793784888384,0.706326859862234,NA
"ENSMUSG00000093505",0,NA,NA,NA,NA,NA
"ENSMUSG00000093509",0,NA,NA,NA,NA,NA
"ENSMUSG00000093510",0.167892995802703,0,7.3561311249555,0,1,NA
"ENSMUSG00000093513",0,NA,NA,NA,NA,NA
"ENSMUSG00000093518",0,NA,NA,NA,NA,NA
"ENSMUSG00000093519",0.266533468673199,-4.35791971221274,7.23673332128171,-0.60219432148992,0.547044795131269,NA
"ENSMUSG00000093520",0.108960884282898,0.762454997022878,7.27908637238863,0.10474597470296,0.916577380053792,NA
"ENSMUSG00000093522",0,NA,NA,NA,NA,NA
"ENSMUSG00000093525",8.47253901767374,0.73969734306329,1.01756020420697,0.726932264061734,0.467267451273155,NA
"ENSMUSG00000093530",0,NA,NA,NA,NA,NA
"ENSMUSG00000093531",0.0753454212273721,1.1568780283379,7.35598880605276,0.157270226864127,0.875031883754779,NA
"ENSMUSG00000093533",0.197588838029979,-1.67350543495006,7.35017150659571,-0.227682501482902,0.819893076972377,NA
"ENSMUSG00000093534",0,NA,NA,NA,NA,NA
"ENSMUSG00000093536",2.73942959339475,1.57331456665826,1.96590719706751,0.800299510071037,0.423537286882356,NA
"ENSMUSG00000093537",0.433985538956247,2.15301148249534,7.28528953441715,0.295528609031128,0.76759010090072,NA
"ENSMUSG00000093541",0.0834744045380851,0,7.3561311249555,0,1,NA
"ENSMUSG00000093543",0.663148443712317,2.57289728416398,4.98589300357526,0.516035398737803,0.60582968588039,NA
"ENSMUSG00000093544",0.198379676829413,-3.1298609839337,7.26792779663488,-0.430640076719372,0.666730096076095,NA
"ENSMUSG00000093545",0.222609045540974,1.35296921506257,7.254825763421,0.186492309971698,0.852058708830942,NA
"ENSMUSG00000093546",0.157797318945445,0,7.3561311249555,0,1,NA
"ENSMUSG00000093547",0.0410826440564989,0,7.3561311249555,0,1,NA
"ENSMUSG00000093548",3.82721250915636,-1.84970036690699,1.17868276663832,-1.56929448640575,0.116579336448713,NA
"ENSMUSG00000093549",0,NA,NA,NA,NA,NA
"ENSMUSG00000093550",0.375478776813236,0.382150878796569,7.13111316171951,0.0535892321619563,0.957262435675247,NA
"ENSMUSG00000093552",8.10423897456628,-0.285673522550475,0.966963154656816,-0.295433720690074,0.767662576861441,NA
"ENSMUSG00000093554",0.190616550916333,-2.5610608904894,7.29450752240272,-0.351094420373675,0.725517513737437,NA
"ENSMUSG00000093560",0,NA,NA,NA,NA,NA
"ENSMUSG00000093563",1.09931420772548,-2.71616257889701,2.89382728457329,-0.93860562908388,0.347933261608182,NA
"ENSMUSG00000093564",0.124157156432713,1.09736605433447,7.3547415778373,0.149205249799838,0.881391677624006,NA
"ENSMUSG00000093567",0.0474375977968173,0,7.3561311249555,0,1,NA
"ENSMUSG00000093574",0,NA,NA,NA,NA,NA
"ENSMUSG00000093575",2.03621320366256,0,3.89723280618413,0,1,NA
"ENSMUSG00000093580",0.0380762098104571,-1.67431590235222,7.3501929692546,-0.227792101425878,0.819807867435575,NA
"ENSMUSG00000093581",0.125535185571453,0,7.3561311249555,0,1,NA
"ENSMUSG00000093584",0.0380762098104571,-1.67431590235222,7.3501929692546,-0.227792101425878,0.819807867435575,NA
"ENSMUSG00000093588",0,NA,NA,NA,NA,NA
"ENSMUSG00000093589",0.490920505283389,2.12063289440297,5.48997921476167,0.386273392201729,0.699294204161608,NA
"ENSMUSG00000093592",0,NA,NA,NA,NA,NA
"ENSMUSG00000093593",5.57714957654916,-3.60960920665565,2.12671954771111,-1.69726620068005,0.0896463442493386,NA
"ENSMUSG00000093595",0.0711026204401688,1.16349207529413,7.35556684623142,0.158178438129515,0.874316193724957,NA
"ENSMUSG00000093601",0,NA,NA,NA,NA,NA
"ENSMUSG00000093602",0,NA,NA,NA,NA,NA
"ENSMUSG00000093607",0.081236158750911,0,7.3561311249555,0,1,NA
"ENSMUSG00000093610",0.111087467968526,2.1603266263302,7.28485915494056,0.296550225664291,0.766809916326399,NA
"ENSMUSG00000093614",0.0380762098104571,-1.67431590235222,7.3501929692546,-0.227792101425878,0.819807867435575,NA
"ENSMUSG00000093621",0.073599085582622,-0.230739240901058,7.34985694896945,-0.0313937050071989,0.974955561355082,NA
"ENSMUSG00000093623",0.191478164700439,0,7.35613112495549,0,1,NA
"ENSMUSG00000093624",0.219097182123235,0,7.3561311249555,0,1,NA
"ENSMUSG00000093625",0,NA,NA,NA,NA,NA
"ENSMUSG00000093626",0.15528314975557,-0.237091452155828,7.35013420928153,-0.0322567514286251,0.974267298601588,NA
"ENSMUSG00000093627",0,NA,NA,NA,NA,NA
"ENSMUSG00000093639",1.2938160493008,1.1541242370937,4.13313435182274,0.279237048412114,0.780062913418203,NA
"ENSMUSG00000093642",0.0380762098104571,-1.67431590235222,7.3501929692546,-0.227792101425878,0.819807867435575,NA
"ENSMUSG00000093644",0.0406180793754555,0,7.3561311249555,0,1,NA
"ENSMUSG00000093648",0,NA,NA,NA,NA,NA
"ENSMUSG00000093649",0.0355187493373064,1.16171280725677,7.35565536667627,0.157934643392857,0.874508299155349,NA
"ENSMUSG00000093651",0.757908650089796,-0.467602344255684,5.61935741614582,-0.0832127785486905,0.933682352167693,NA
"ENSMUSG00000093652",0,NA,NA,NA,NA,NA
"ENSMUSG00000093661",810.93414914619,-0.439607120985224,0.238950136002787,-1.8397441756639,0.0658058046572003,0.19868368327319
"ENSMUSG00000093663",0,NA,NA,NA,NA,NA
"ENSMUSG00000093664",0.0406180793754555,0,7.3561311249555,0,1,NA
"ENSMUSG00000093665",0.127732422189626,0,7.3561311249555,0,1,NA
"ENSMUSG00000093666",0.035583895638899,0,7.3561311249555,0,1,NA
"ENSMUSG00000093668",46.4299356257238,1.0182618611717,0.626306031283704,1.62582157972297,0.103987616294485,NA
"ENSMUSG00000093669",0.690204899233022,-1.29737016284521,3.10834329561632,-0.417383165068957,0.676398166666383,NA
"ENSMUSG00000093671",60.542517917888,-0.202855951926842,0.425944997856378,-0.476249170544883,0.63389687287844,NA
"ENSMUSG00000093674",35066.0720706454,-0.597504314228797,0.226911373594356,-2.6332056642385,0.00845831123254249,0.0566082644100762
"ENSMUSG00000093681",0.0711517113395543,2.16453529421578,7.28475779824513,0.297132087869443,0.766365667441432,NA
"ENSMUSG00000093683",0.0787063779466171,-1.67020267002167,7.3500887027209,-0.227235716135423,0.820240456557969,NA
"ENSMUSG00000093685",0.210392382416207,0,7.3561311249555,0,1,NA
"ENSMUSG00000093686",1.34192250097479,-0.655362011232015,3.576181110997,-0.183257500358898,0.854595979427277,NA
"ENSMUSG00000093687",17.6503778342682,0.959386379287519,0.61660978286302,1.55590521907215,0.119730632166596,NA
"ENSMUSG00000093688",0.534156142778025,-1.11099806526727,7.29490419958841,-0.152297828027673,0.878952037921199,NA
"ENSMUSG00000093689",0,NA,NA,NA,NA,NA
"ENSMUSG00000093696",0.116307605774665,-0.232402775247223,7.3497673893244,-0.0316204259178039,0.974774754006852,NA
"ENSMUSG00000093699",0.0977165471738455,-2.90148482602865,7.2774271891271,-0.398696510542028,0.690116839330894,NA
"ENSMUSG00000093701",0,NA,NA,NA,NA,NA
"ENSMUSG00000093702",0,NA,NA,NA,NA,NA
"ENSMUSG00000093703",0.157149375739796,0,7.3561311249555,0,1,NA
"ENSMUSG00000093705",0,NA,NA,NA,NA,NA
"ENSMUSG00000093707",0.152304839241828,-3.55232820134153,7.25421207485117,-0.489691804525086,0.624352002042539,NA
"ENSMUSG00000093708",0,NA,NA,NA,NA,NA
"ENSMUSG00000093711",0.0397212453292469,0,7.3561311249555,0,1,NA
"ENSMUSG00000093714",0.0763959337236786,0,7.3561311249555,0,1,NA
"ENSMUSG00000093716",1.14963795300286,-2.3677783522795,2.81165325403467,-0.84213028362647,0.399715031799596,NA
"ENSMUSG00000093719",0.390390798838332,-0.112718602364363,7.22276531435898,-0.0156060175650836,0.987548704945473,NA
"ENSMUSG00000093722",0.0736852675575501,-1.68255630941343,7.35040097679496,-0.228906737839911,0.818941403563491,NA
"ENSMUSG00000093724",0,NA,NA,NA,NA,NA
"ENSMUSG00000093725",0,NA,NA,NA,NA,NA
"ENSMUSG00000093727",0.0838390446623798,0,7.3561311249555,0,1,NA
"ENSMUSG00000093728",0,NA,NA,NA,NA,NA
"ENSMUSG00000093729",0.0808357102611705,-1.64521352513066,7.34945550492197,-0.223855158253404,0.822870008777636,NA
"ENSMUSG00000093730",0.254182113812795,-0.509710719659163,7.15965697086518,-0.0711920587443409,0.943244901585339,NA
"ENSMUSG00000093731",0.0474375977968173,0,7.3561311249555,0,1,NA
"ENSMUSG00000093736",0,NA,NA,NA,NA,NA
"ENSMUSG00000093740",0.170285044312412,0,7.3561311249555,0,1,NA
"ENSMUSG00000093741",0.0406180793754555,0,7.3561311249555,0,1,NA
"ENSMUSG00000093743",0.0948751955936346,0,7.3561311249555,0,1,NA
"ENSMUSG00000093747",0.43338491069544,1.75829472054458,7.24287684205237,0.242761924424265,0.808189833213892,NA
"ENSMUSG00000093748",0.411468422169628,3.48276401330382,7.24199398872734,0.480912303810937,0.630578827776702,NA
"ENSMUSG00000093751",4.34134147551139,0.358664314169341,1.67327624673346,0.21434853621422,0.830275271049263,NA
"ENSMUSG00000093752",1131.25673229458,-0.0493506262431765,0.152217935259373,-0.324210324881133,0.745778805782117,0.863841515720205
"ENSMUSG00000093756",0.215086374765807,2.09209176925433,7.23602413773202,0.289121723398514,0.772488230284847,NA
"ENSMUSG00000093758",1.47421739292319,4.71486025701099,3.32961202351102,1.41603893298032,0.156764105813855,NA
"ENSMUSG00000093761",0.155290306460903,0.764697543410892,7.27901431826895,0.105055095370763,0.916332090762771,NA
"ENSMUSG00000093766",0.127497232977778,1.15695077974195,7.355887740655,0.157282277888451,0.875022386617633,NA
"ENSMUSG00000093767",0.0801844853033132,0,7.3561311249555,0,1,NA
"ENSMUSG00000093769",7.33567348063264,0.458408051837017,0.919255834538,0.498672985923885,0.618009778522425,NA
"ENSMUSG00000093770",0.180382703712903,3.16384675742638,7.24911682207527,0.436445822998979,0.662513298687969,NA
"ENSMUSG00000093773",0.0736057070785051,-0.236169200165896,7.3500701839106,-0.032131557149328,0.974367137431011,NA
"ENSMUSG00000093774",1.06171246820176,-0.11719662759535,2.9832302219983,-0.0392851435773021,0.968663051181059,NA
"ENSMUSG00000093775",2.76538189592597,0.742799278940501,1.58573446780824,0.468426015843106,0.639479967157507,NA
"ENSMUSG00000093776",0,NA,NA,NA,NA,NA
"ENSMUSG00000093779",0.300485409378706,1.12043079073977,7.35505916750408,0.152334708018397,0.878922951318736,NA
"ENSMUSG00000093781",0.106751686916697,0,7.3561311249555,0,1,NA
"ENSMUSG00000093788",0.0812361587509111,0,7.3561311249555,0,1,NA
"ENSMUSG00000093789",0.211067078456345,0,7.3561311249555,0,1,NA
"ENSMUSG00000093796",0.261446893555242,-3.52418247050797,7.25584476531053,-0.485702572821945,0.627178059242943,NA
"ENSMUSG00000093798",10.0257507395138,-1.51073293705743,1.02141801698831,-1.47905452217484,0.139125743490124,NA
"ENSMUSG00000093800",9.69721189283619,0.950830455387362,0.809855928001424,1.17407358829099,0.240365551482877,NA
"ENSMUSG00000093801",86.8002392706466,-0.462779161502884,0.845314982118367,-0.547463574279915,0.58406028897537,0.754258856821975
"ENSMUSG00000093803",89.4806413589816,0.00660657720213564,0.292326756684915,0.0225999743473929,0.98196936429117,0.997202297721205
"ENSMUSG00000093804",3.89179752141152,0.626782455341073,1.1212171445906,0.559019685317008,0.57614828555326,NA
"ENSMUSG00000093805",0.762391639325116,0.870081164419963,3.8657690548095,0.22507323952461,0.821922298660835,NA
"ENSMUSG00000093806",0,NA,NA,NA,NA,NA
"ENSMUSG00000093813",7.12840012671817,-3.10780952388497,1.36256131809872,-2.28085847044413,0.0225568231100591,NA
"ENSMUSG00000093814",0.0381979668618393,0,7.3561311249555,0,1,NA
"ENSMUSG00000093818",0,NA,NA,NA,NA,NA
"ENSMUSG00000093820",0.113811826970759,1.16146371156062,7.35566554689475,0.157900560344392,0.874535156512991,NA
"ENSMUSG00000093825",0,NA,NA,NA,NA,NA
"ENSMUSG00000093826",5.31412469636227,-0.335256944654785,1.46858438384614,-0.228285788915149,0.819424071704141,NA
"ENSMUSG00000093827",0,NA,NA,NA,NA,NA
"ENSMUSG00000093828",2.46575409184019,-4.85350726722505,3.81203729900152,-1.27320560806063,0.202945091074269,NA
"ENSMUSG00000093833",0.322744781717027,-1.67303288571762,7.35016044481851,-0.227618553129275,0.819942795221382,NA
"ENSMUSG00000093838",6.87002154588972,0,7.3561311249555,0,1,NA
"ENSMUSG00000093839",0.724926259699854,1.60561356969536,4.14802918225598,0.387078658116411,0.698697976842749,NA
"ENSMUSG00000093847",0.7781184357784,-1.1077904803129,5.64961775743793,-0.196082377228876,0.844545689444707,NA
"ENSMUSG00000093848",0.144016689090023,0,7.3561311249555,0,1,NA
"ENSMUSG00000093849",0.760546170006781,2.1175165311595,3.41612159546995,0.619859824067006,0.535350078285739,NA
"ENSMUSG00000093851",0.0917778009766329,0,7.35613112495549,0,1,NA
"ENSMUSG00000093853",0,NA,NA,NA,NA,NA
"ENSMUSG00000093859",224.871966610376,0.692137789667686,0.351948703028448,1.96658712963559,0.0492308284441873,0.166705743881952
"ENSMUSG00000093861",134.062964458821,0,3.00605315868109,0,1,1
"ENSMUSG00000093862",0.446715646139814,-0.820275922147398,7.19115665810287,-0.114067313666867,0.909184432980451,NA
"ENSMUSG00000093863",0.151937725928217,2.15217309191916,7.28497352210089,0.29542634374579,0.767668211475723,NA
"ENSMUSG00000093865",0.186042076321027,-2.70822813731208,7.27805189557651,-0.37210893466672,0.709811744342924,NA
"ENSMUSG00000093866",17.3757117445634,0.452841214885965,0.753788623739552,0.60075358081078,0.548004125737477,NA
"ENSMUSG00000093867",1.41564863169974,-1.13652434722191,2.42385060049372,-0.468892078988039,0.639146778416901,NA
"ENSMUSG00000093868",0,NA,NA,NA,NA,NA
"ENSMUSG00000093871",0.0787002210716157,-1.67223105602295,7.35014011907129,-0.227510092179609,0.820027122557449,NA
"ENSMUSG00000093876",0,NA,NA,NA,NA,NA
"ENSMUSG00000093877",1.96628269714532,2.59197769130396,2.11861986293679,1.22342744757949,0.221168291671622,NA
"ENSMUSG00000093880",0.124561817154029,-1.66508093128485,7.34995888600087,-0.226542890526402,0.820779204365299,NA
"ENSMUSG00000093883",0,NA,NA,NA,NA,NA
"ENSMUSG00000093884",8.0074026328322,1.18813907949877,0.902434909638001,1.31659255067534,0.187975237138712,NA
"ENSMUSG00000093885",5.90634897592664,-0.473704716575487,1.2289888838821,-0.385442637267117,0.699909498200938,NA
"ENSMUSG00000093887",0.224978070314529,0.532273887156175,7.24223140976885,0.0734958408589658,0.941411553639694,NA
"ENSMUSG00000093889",0.0474375977968173,0,7.3561311249555,0,1,NA
"ENSMUSG00000093890",0.0761034862957571,-2.55537084264567,7.29468572458408,-0.350305817018782,0.726109200166358,NA
"ENSMUSG00000093891",0,NA,NA,NA,NA,NA
"ENSMUSG00000093892",0.0474375977968173,0,7.3561311249555,0,1,NA
"ENSMUSG00000093894",42.5890893374374,0.506652533057716,3.49255710232672,0.145066356315316,0.884658481028372,NA
"ENSMUSG00000093895",0,NA,NA,NA,NA,NA
"ENSMUSG00000093896",55.1350920076483,0,3.82334486065854,0,1,NA
"ENSMUSG00000093898",0.211558712353309,3.73691317891267,7.23737888080582,0.516335159517943,0.605620343775252,NA
"ENSMUSG00000093899",0.0377158354555582,-1.6655272028213,7.34997019670999,-0.226603259366525,0.820732257612145,NA
"ENSMUSG00000093901",7.0771931063603,-0.160176193294736,1.06520363134191,-0.15037143000813,0.880471580507298,NA
"ENSMUSG00000093903",0,NA,NA,NA,NA,NA
"ENSMUSG00000093904",4871.73021912706,-0.748355030465618,0.211102177578807,-3.54498963037104,0.000392628532152119,0.0126855789643276
"ENSMUSG00000093906",3.8594068670454,1.1274770937314,3.116943789245,0.361725192998909,0.717557398835569,NA
"ENSMUSG00000093909",0.360388432004548,0,7.3561311249555,0,1,NA
"ENSMUSG00000093910",0.539845518802343,1.31842994596647,7.25041424772677,0.181842016320632,0.855706709929119,NA
"ENSMUSG00000093913",1.68364919386095,0.410160434640192,7.08690927713521,0.057875784576996,0.95384757189054,NA
"ENSMUSG00000093915",82.1400649382722,0.95027492324596,2.47306179249587,0.384250375841568,0.700792884262098,0.836907676289147
"ENSMUSG00000093916",0,NA,NA,NA,NA,NA
"ENSMUSG00000093917",0,NA,NA,NA,NA,NA
"ENSMUSG00000093918",0,NA,NA,NA,NA,NA
"ENSMUSG00000093919",0.258856759270586,-1.8628302657598,7.34215716098258,-0.253717024154589,0.799714180952797,NA
"ENSMUSG00000093920",0.284959774105884,1.15588607599211,7.35596348017507,0.157135918239306,0.875137730533607,NA
"ENSMUSG00000093922",0.254114264572896,1.12491544325246,7.3554431218849,0.152936461422082,0.878448382066735,NA
"ENSMUSG00000093923",0.241805295344351,3.00535067436196,7.25720496625932,0.414119580242619,0.678786533763649,NA
"ENSMUSG00000093924",0.302166955405608,-0.107802844115432,7.17149792115872,-0.0150321237348994,0.988006552240272,NA
"ENSMUSG00000093926",0.0810432340225962,0,7.3561311249555,0,1,NA
"ENSMUSG00000093927",0.0407969102058399,0,7.3561311249555,0,1,NA
"ENSMUSG00000093930",897.654741126771,-0.258639276138087,0.168475557657818,-1.53517388358135,0.124741121642503,0.296196489895783
"ENSMUSG00000093931",1.01980271814141,3.15441956178378,2.67191672082491,1.18058303883435,0.23776840483106,NA
"ENSMUSG00000093934",0.0406180793754555,0,7.3561311249555,0,1,NA
"ENSMUSG00000093938",1791.78175910784,-0.252933882740843,0.285795080326144,-0.885018323101291,0.376146749008056,0.585021339163441
"ENSMUSG00000093939",6.01384166304816,-0.260361876155861,1.05769367782975,-0.24616000039831,0.805558378029108,NA
"ENSMUSG00000093940",0,NA,NA,NA,NA,NA
"ENSMUSG00000093941",0.0705926450486007,2.15352586137438,7.28519873859662,0.29560289823874,0.767533360029904,NA
"ENSMUSG00000093942",159.17569552132,0.0252295615834646,0.739668090190231,0.0341093010744535,0.972789991617265,0.992580263211719
"ENSMUSG00000093945",0.149875763041604,0.809729027965985,7.27825332222416,0.111253207619674,0.91141555988895,NA
"ENSMUSG00000093948",0,NA,NA,NA,NA,NA
"ENSMUSG00000093949",0,NA,NA,NA,NA,NA
"ENSMUSG00000093950",0.043195841446008,0,7.3561311249555,0,1,NA
"ENSMUSG00000093953",91.7052191099298,0.267948089221018,0.890981170397381,0.3007337283026,0.763617547195709,0.875691560349293
"ENSMUSG00000093954",214.410993402821,0.259769549241263,0.23823102826017,1.09041022547899,0.275532479511324,0.485756832525314
"ENSMUSG00000093955",10.4500033963729,0,2.48784926007833,0,1,NA
"ENSMUSG00000093957",0.0406180793754555,0,7.3561311249555,0,1,NA
"ENSMUSG00000093961",0,NA,NA,NA,NA,NA
"ENSMUSG00000093962",0.0893254964026358,-1.48444845457961,7.34539079191589,-0.202092508980373,0.839844404013649,NA
"ENSMUSG00000093963",0.193757511351114,-0.237123494862273,7.34962064479833,-0.0322633651888001,0.974262024329667,NA
"ENSMUSG00000093966",35.4909906983902,-0.576554319270226,0.708189354705696,-0.814124521131536,0.415573619652218,NA
"ENSMUSG00000093968",0.209307196306031,0,7.3561311249555,0,1,NA
"ENSMUSG00000093969",15.5032110594513,-0.0223903020681482,0.900696449344744,-0.0248588767996555,0.980167528648436,NA
"ENSMUSG00000093973",3.66015028521279,0,7.3561311249555,0,1,NA
"ENSMUSG00000093975",0.285840564114177,-1.6526938547806,7.34964476677533,-0.22486717483976,0.822082606020797,NA
"ENSMUSG00000093976",0.121078404399685,-0.228983888479271,7.34984148114992,-0.0311549424659762,0.975145973157891,NA
"ENSMUSG00000093977",0.0355187493373064,1.16171280725677,7.35565536667627,0.157934643392857,0.874508299155349,NA
"ENSMUSG00000093978",0,NA,NA,NA,NA,NA
"ENSMUSG00000093979",61.5168670631221,-0.82293468204952,0.549554452058717,-1.49745794791886,0.134274139790552,NA
"ENSMUSG00000093980",0,NA,NA,NA,NA,NA
"ENSMUSG00000093984",0,NA,NA,NA,NA,NA
"ENSMUSG00000093985",0.394154348916985,3.15114092689862,7.24940407926053,0.434675856449162,0.663797725511403,NA
"ENSMUSG00000093986",0,NA,NA,NA,NA,NA
"ENSMUSG00000093987",0,NA,NA,NA,NA,NA
"ENSMUSG00000093989",4033.82245192345,-0.879903397014043,0.241805280959335,-3.63889239111374,0.000273813176770334,0.0109393413621785
"ENSMUSG00000093990",0.662008660612183,-0.947931984242634,2.90124720020995,-0.326732580448173,0.743870155860912,NA
"ENSMUSG00000093993",0,NA,NA,NA,NA,NA
"ENSMUSG00000093996",0.106556248011919,2.74727956207311,7.26104728326191,0.378358583121489,0.705164231160339,NA
"ENSMUSG00000094001",0,NA,NA,NA,NA,NA
"ENSMUSG00000094004",0.256235467825211,3.44054355140768,7.24241574578358,0.475054687852007,0.634747994215484,NA
"ENSMUSG00000094005",0.842856306689628,-3.39553655361719,3.51571851849177,-0.965815817096149,0.334136352345157,NA
"ENSMUSG00000094006",204.599748266205,0,2.91722981492832,0,1,1
"ENSMUSG00000094010",0.161724964405553,-1.66999586958814,7.35008346075725,-0.227207742402436,0.820262207558382,NA
"ENSMUSG00000094011",0.0708837319894119,2.15919964712558,7.28488632327391,0.296394418705934,0.766928887178416,NA
"ENSMUSG00000094012",0.0711026506398147,1.16431356485224,7.35552687743177,0.158290980952648,0.87422751470489,NA
"ENSMUSG00000094015",0.44663949256515,-0.448551310659672,5.02992638724106,-0.0891765159421556,0.928941628569885,NA
"ENSMUSG00000094016",25.9963362512961,-0.631073747758908,1.04585304544127,-0.603405756200328,0.546238793866029,NA
"ENSMUSG00000094017",14.5926729375284,2.1397682405602,1.91142127035057,1.11946449155489,0.262942031177106,NA
"ENSMUSG00000094018",46.9621150036061,0.0919316139032954,0.819186279385599,0.112223087979752,0.910646523240557,NA
"ENSMUSG00000094021",0.0314457486737077,0,7.3561311249555,0,1,NA
"ENSMUSG00000094023",100.260350513842,-1.67684957767139,0.85701182765749,-1.95662361189904,0.0503917368503364,0.168902279818444
"ENSMUSG00000094024",0.109077944333887,0.770841336753413,7.27887895031593,0.105901106752154,0.91566081594631,NA
"ENSMUSG00000094025",7.21713083485252,-2.89944353526666,2.68969197263371,-1.07798348835743,0.281041124833795,NA
"ENSMUSG00000094027",0,NA,NA,NA,NA,NA
"ENSMUSG00000094028",0,NA,NA,NA,NA,NA
"ENSMUSG00000094029",1.37153224289786,2.16673455414846,7.28470497094993,0.297436143644663,0.766133552919985,NA
"ENSMUSG00000094030",36.4094110236006,0.334708779348234,0.94574496996167,0.353910187184817,0.723406192253213,NA
"ENSMUSG00000094035",0.0406180793754555,0,7.3561311249555,0,1,NA
"ENSMUSG00000094036",1.656897014529,0,7.28344575717194,0,1,NA
"ENSMUSG00000094043",0.142182848634736,2.7481334817114,7.26103220152652,0.37847697206654,0.705076297384117,NA
"ENSMUSG00000094051",48.1501871539032,-3.13503627166899,7.26818967630818,-0.431336606677746,0.666223636778369,NA
"ENSMUSG00000094052",0.2519798983877,0,7.3561311249555,0,1,NA
"ENSMUSG00000094053",0.118769734914818,2.25251518553691,7.2827027687817,0.309296597300748,0.757095919123857,NA
"ENSMUSG00000094054",0.286187519089145,-2.54870856022307,7.29488984992521,-0.349382734031166,0.726801993856083,NA
"ENSMUSG00000094057",0,NA,NA,NA,NA,NA
"ENSMUSG00000094063",0.0400922426516566,0,7.3561311249555,0,1,NA
"ENSMUSG00000094065",0,NA,NA,NA,NA,NA
"ENSMUSG00000094066",0.106556248011919,2.74727956207311,7.26104728326191,0.378358583121489,0.705164231160339,NA
"ENSMUSG00000094071",0,NA,NA,NA,NA,NA
"ENSMUSG00000094072",0,NA,NA,NA,NA,NA
"ENSMUSG00000094074",0,NA,NA,NA,NA,NA
"ENSMUSG00000094075",69.4247517186225,0,7.3561311249555,0,1,1
"ENSMUSG00000094076",58.2716009791282,-8.11221470565675,2.06628482769028,-3.92599054929165,8.6373546795326e-05,NA
"ENSMUSG00000094079",0.202221323784171,2.13376383428404,7.28550530963134,0.292877946497854,0.769615446225807,NA
"ENSMUSG00000094080",0.187180503512688,1.31150213070345,7.30032752150392,0.179649765964647,0.857427532630331,NA
"ENSMUSG00000094081",0,NA,NA,NA,NA,NA
"ENSMUSG00000094082",0,NA,NA,NA,NA,NA
"ENSMUSG00000094083",0.593857773693762,-2.54425888932994,5.30757166348633,-0.479364020053328,0.631679685151176,NA
"ENSMUSG00000094084",0.0761524196209141,-2.55627499047924,7.29465809108018,-0.350431090609309,0.726015196884991,NA
"ENSMUSG00000094085",0.038176950441921,-1.67675951848744,7.35025491880284,-0.228122634794351,0.819550903953937,NA
"ENSMUSG00000094087",0.63673161710974,0,7.3561311249555,0,1,NA
"ENSMUSG00000094088",133.822506997904,0.603931445225415,2.79678014125315,0.215938119810452,0.829035982686441,0.916138671453452
"ENSMUSG00000094090",26.5584461245938,-2.53563139852675,2.63453075187116,-0.962460353414294,0.335818409359415,NA
"ENSMUSG00000094091",0.440015215213106,-1.88378113396449,7.34132271736607,-0.256599690067889,0.797487814283645,NA
"ENSMUSG00000094092",3.17763106260655,0.826663722660105,1.31131885217989,0.63040634341975,0.528428761599747,NA
"ENSMUSG00000094094",8.14945209163094,0,7.3561311249555,0,1,NA
"ENSMUSG00000094098",0.113328274779702,2.15244275931249,7.28504975105765,0.295460269025616,0.767642298969246,NA
"ENSMUSG00000094102",18.4857812112198,0,7.3561311249555,0,1,NA
"ENSMUSG00000094103",11.0113589421395,7.49235772104452,7.21507565121574,1.03843093035096,0.299069475832446,NA
"ENSMUSG00000094105",5.44531096938711,0,5.18172877732192,0,1,NA
"ENSMUSG00000094107",0.0710374986746129,2.16226366003378,7.28481246100722,0.296818026765623,0.766605441993722,NA
"ENSMUSG00000094108",0,NA,NA,NA,NA,NA
"ENSMUSG00000094111",4.35792552765873,-0.455768417455195,2.21865873543491,-0.205425201350695,0.837239932280174,NA
"ENSMUSG00000094112",0.0851012912102153,0,7.3561311249555,0,1,NA
"ENSMUSG00000094113",0,NA,NA,NA,NA,NA
"ENSMUSG00000094116",0.242551544637521,-1.6649058835079,7.3499544494483,-0.226519211099719,0.820797619209466,NA
"ENSMUSG00000094117",124.069554703406,0,4.72631246461237,0,1,1
"ENSMUSG00000094118",0,NA,NA,NA,NA,NA
"ENSMUSG00000094119",0.839709090160574,0.439109410831112,3.28906629070221,0.13350579526853,0.893793381338983,NA
"ENSMUSG00000094120",0,NA,NA,NA,NA,NA
"ENSMUSG00000094121",0,NA,NA,NA,NA,NA
"ENSMUSG00000094122",8.10867121778212,-0.340811555786256,1.60448963842353,-0.212411191462175,0.831786255459918,NA
"ENSMUSG00000094124",27.8665447307755,0,6.69983076241529,0,1,NA
"ENSMUSG00000094125",0.0721541203040059,0,7.3561311249555,0,1,NA
"ENSMUSG00000094127",892.641592284807,0.0716228036915172,0.247233432055628,0.289697081402009,0.772047989332742,0.881577154533108
"ENSMUSG00000094132",0.0946136521381489,0,7.3561311249555,0,1,NA
"ENSMUSG00000094133",5.19150788048213,0.241044797755285,1.21422049366986,0.198518143131278,0.84263969105669,NA
"ENSMUSG00000094134",0.704227417960632,0,7.3561311249555,0,1,NA
"ENSMUSG00000094136",0.254817390339971,0,7.3561311249555,0,1,NA
"ENSMUSG00000094140",3.16788033810572,1.04605184050458,1.51584240245225,0.690079548383347,0.490144163661565,NA
"ENSMUSG00000094144",0.152062109780462,-0.23657775750179,7.34203417436485,-0.0322223721496442,0.974294715045614,NA
"ENSMUSG00000094145",0.0737156963305437,1.16226083178993,7.35562671192746,0.158009762771848,0.874449105781546,NA
"ENSMUSG00000094146",0.0406180793754555,0,7.3561311249555,0,1,NA
"ENSMUSG00000094149",0.0405502915305888,0,7.3561311249555,0,1,NA
"ENSMUSG00000094151",0.118336822097581,2.15385317727077,7.28501558049257,0.295655260235577,0.767493367549441,NA
"ENSMUSG00000094152",0.345313838812084,-3.24724911854896,7.25951009491647,-0.447309677387579,0.654651480632371,NA
"ENSMUSG00000094153",3.74491561489655,0.748013377984617,2.14875786144558,0.348114318232855,0.727754331670691,NA
"ENSMUSG00000094156",0.191313643941152,1.17253978304766,7.35512646464279,0.159418031584397,0.873339533428304,NA
"ENSMUSG00000094157",0.0698223498381506,2.13787041705707,7.28540468665292,0.293445664174801,0.769181525889416,NA
"ENSMUSG00000094160",0.0425774740632087,0,7.3561311249555,0,1,NA
"ENSMUSG00000094161",0,NA,NA,NA,NA,NA
"ENSMUSG00000094162",0,NA,NA,NA,NA,NA
"ENSMUSG00000094163",0.0754972964810918,-2.55233159661753,7.29503086561289,-0.349872624754563,0.726434292441932,NA
"ENSMUSG00000094164",2.07596566131627,0,7.3561311249555,0,1,NA
"ENSMUSG00000094167",0,NA,NA,NA,NA,NA
"ENSMUSG00000094168",0,NA,NA,NA,NA,NA
"ENSMUSG00000094172",0,NA,NA,NA,NA,NA
"ENSMUSG00000094174",0.621101087850895,-1.67006048646965,5.39864622506712,-0.309348013714102,0.757056811166848,NA
"ENSMUSG00000094176",79.7152139444799,-1.00808737323935,0.535885653093669,-1.8811613399606,0.0599499749226728,0.187711593953317
"ENSMUSG00000094177",0,NA,NA,NA,NA,NA
"ENSMUSG00000094180",0.0414066693320352,0,7.3561311249555,0,1,NA
"ENSMUSG00000094181",0,NA,NA,NA,NA,NA
"ENSMUSG00000094182",0.0711677912777981,0,7.3561311249555,0,1,NA
"ENSMUSG00000094185",5.1282891153382,-0.0183253153687148,1.29442694626991,-0.0141570873671335,0.988704655873111,NA
"ENSMUSG00000094186",0,NA,NA,NA,NA,NA
"ENSMUSG00000094187",0,NA,NA,NA,NA,NA
"ENSMUSG00000094189",1.9249971336353,-1.15948960203332,1.74936861893748,-0.662804619610457,0.507455694599533,NA
"ENSMUSG00000094191",6.5358779558429,-1.4035408439628,1.04039157559359,-1.34905056604483,0.177320724840308,NA
"ENSMUSG00000094192",0.194896699601038,-3.13781684850213,7.26776260781858,-0.431744543379348,0.665927089391344,NA
"ENSMUSG00000094194",21.6891427220824,-1.68710178776316,5.63364634347793,-0.29946888478655,0.764582309621739,NA
"ENSMUSG00000094195",0.0919190415531811,-2.83105198813736,7.27480844364669,-0.389158286443927,0.697159058631914,NA
"ENSMUSG00000094196",0.0380762098104571,-1.67431590235222,7.3501929692546,-0.227792101425878,0.819807867435575,NA
"ENSMUSG00000094197",0.0432773486139992,0,7.3561311249555,0,1,NA
"ENSMUSG00000094198",32.191264251658,0,3.20946709957441,0,1,NA
"ENSMUSG00000094200",1.14038815093733,0.588389423971979,3.75846945613029,0.156550274211296,0.87559929461517,NA
"ENSMUSG00000094202",0.0338725897463678,0,7.35613112495549,0,1,NA
"ENSMUSG00000094204",0,NA,NA,NA,NA,NA
"ENSMUSG00000094205",3.18778131143452,-3.88248678235772,3.55385828163068,-1.09247090758393,0.274626171014835,NA
"ENSMUSG00000094208",0.0729963238563096,-0.233018849885769,7.34997852971398,-0.0317033374919037,0.974708633292466,NA
"ENSMUSG00000094212",30.5838040353107,-0.401540222451171,0.84540829363462,-0.474966031767739,0.634811184836517,NA
"ENSMUSG00000094215",0.884383270773309,-2.56886394247454,3.2599378909865,-0.788010087424447,0.430690805471676,NA
"ENSMUSG00000094217",0,NA,NA,NA,NA,NA
"ENSMUSG00000094219",0.0881081445735429,0,7.3561311249555,0,1,NA
"ENSMUSG00000094220",38.0252358896811,-0.529333029489978,0.76480270442226,-0.692117099520251,0.488863794077261,NA
"ENSMUSG00000094221",0.0380762098104571,-1.67431590235222,7.3501929692546,-0.227792101425878,0.819807867435575,NA
"ENSMUSG00000094222",0.0352567090712506,1.15187051486078,7.35613024653672,0.156586476347816,0.875570761368529,NA
"ENSMUSG00000094226",0.16479918855056,0,7.3561311249555,0,1,NA
"ENSMUSG00000094227",0,NA,NA,NA,NA,NA
"ENSMUSG00000094231",13.7092965976565,1.54966358368258,2.70941264702953,0.571955543715925,0.567352093035226,NA
"ENSMUSG00000094233",0.171374775936837,0,7.3561311249555,0,1,NA
"ENSMUSG00000094235",0.643034647329155,-4.67039918192874,7.23195648375638,-0.645800232954785,0.518408737127845,NA
"ENSMUSG00000094237",1.39199712042768,0.358758711821383,2.48363963392779,0.14444877868776,0.885146100840332,NA
"ENSMUSG00000094238",0.662008660612183,-0.947931984242634,2.90124720020995,-0.326732580448173,0.743870155860912,NA
"ENSMUSG00000094240",0,NA,NA,NA,NA,NA
"ENSMUSG00000094241",0,NA,NA,NA,NA,NA
"ENSMUSG00000094242",0.0406180793754555,0,7.3561311249555,0,1,NA
"ENSMUSG00000094243",0,NA,NA,NA,NA,NA
"ENSMUSG00000094248",21.8314196297624,0,2.43887111507245,0,1,NA
"ENSMUSG00000094249",0.272452144495536,2.13464048990915,7.28548194863421,0.292999214734081,0.769522751918469,NA
"ENSMUSG00000094250",1.14743807567141,-0.736376856398524,2.28020066483863,-0.322943882858064,0.746737741658497,NA
"ENSMUSG00000094254",0.196361670581766,1.55961242422302,7.33853334885478,0.212523722395621,0.831698472659667,NA
"ENSMUSG00000094256",0.945052329959079,-0.602952175939078,5.10875636999056,-0.118023278518602,0.906049213198175,NA
"ENSMUSG00000094257",1.83118008588832,0.159450131838293,3.89351068763036,0.0409527916142273,0.967333531096394,NA
"ENSMUSG00000094258",0.0402556953674829,0,7.3561311249555,0,1,NA
"ENSMUSG00000094259",1.81034384010341,-1.50232186388196,2.49527120654539,-0.602067566820469,0.547129162549877,NA
"ENSMUSG00000094262",2.2759183409906,1.16550646856364,7.3559856123226,0.15844327735106,0.874107514051911,NA
"ENSMUSG00000094264",0.0355187493373064,1.16171280725677,7.35565536667627,0.157934643392857,0.874508299155349,NA
"ENSMUSG00000094266",0.0355187493373064,1.16171280725677,7.35565536667627,0.157934643392857,0.874508299155349,NA
"ENSMUSG00000094268",0,NA,NA,NA,NA,NA
"ENSMUSG00000094269",0.0823836446195414,-2.10953501572294,7.34685608056439,-0.287134386816637,0.774009423367241,NA
"ENSMUSG00000094271",0.0419195223311899,0,7.3561311249555,0,1,NA
"ENSMUSG00000094273",0.133344991237611,0,7.3561311249555,0,1,NA
"ENSMUSG00000094276",3.17033937570777,-0.308405591921142,1.81430063477568,-0.169985936183765,0.865021196983069,NA
"ENSMUSG00000094277",0.0406180793754555,0,7.3561311249555,0,1,NA
"ENSMUSG00000094278",0,NA,NA,NA,NA,NA
"ENSMUSG00000094280",0.295225792237192,-1.88777258965977,7.34116349906237,-0.257148964179981,0.797063780116033,NA
"ENSMUSG00000094281",4.14855158160453,-0.474198026434457,1.35079187000281,-0.35105188072643,0.725549426914105,NA
"ENSMUSG00000094282",0.297567965079942,-1.88055039081668,7.34145065932744,-0.256155149449572,0.797831038999033,NA
"ENSMUSG00000094284",0.0404375189352384,0,7.3561311249555,0,1,NA
"ENSMUSG00000094285",0.0945417583389474,0,7.3561311249555,0,1,NA
"ENSMUSG00000094286",3.88766874117467,0.411124803030698,1.99688342428873,0.205883226847424,0.836882127810401,NA
"ENSMUSG00000094293",0.28284973720553,-0.235122978030099,7.34980427600165,-0.0319903726957485,0.974479728445321,NA
"ENSMUSG00000094294",0,NA,NA,NA,NA,NA
"ENSMUSG00000094295",0.114813225514705,1.43125536737416,7.30739807285642,0.195863883848152,0.844716706216337,NA
"ENSMUSG00000094296",3.9703017259637,0.571283400174494,1.41403082956845,0.404010569096887,0.686204947134815,NA
"ENSMUSG00000094298",0.184924156738615,-0.695208985102407,7.19569977875104,-0.0966145067857561,0.923032535643107,NA
"ENSMUSG00000094303",0,NA,NA,NA,NA,NA
"ENSMUSG00000094305",0,NA,NA,NA,NA,NA
"ENSMUSG00000094307",0.369092364533291,0,7.3561311249555,0,1,NA
"ENSMUSG00000094311",0.0406180793754555,0,7.3561311249555,0,1,NA
"ENSMUSG00000094314",0.0406180793754555,0,7.3561311249555,0,1,NA
"ENSMUSG00000094315",1.33465948107554,2.10788409108729,5.01128027416164,0.420627858704216,0.674026847500005,NA
"ENSMUSG00000094317",0.0348525595744998,0,7.3561311249555,0,1,NA
"ENSMUSG00000094318",0.0758543524328679,1.15986764135758,7.35606503498484,0.1576750118224,0.874712891830525,NA
"ENSMUSG00000094319",0.247924222504107,0,7.3561311249555,0,1,NA
"ENSMUSG00000094320",3.59853124811461,-0.757029749054193,1.34850462692825,-0.561384613695115,0.574535370714929,NA
"ENSMUSG00000094321",0.235638018710916,-1.11684875283532,7.29480556242038,-0.153101922083959,0.878317900145353,NA
"ENSMUSG00000094322",0.462635404075923,0,7.3561311249555,0,1,NA
"ENSMUSG00000094323",1.00443101263124,-1.67076453858879,3.87915773271739,-0.430702913804539,0.666684399877802,NA
"ENSMUSG00000094325",0,NA,NA,NA,NA,NA
"ENSMUSG00000094326",7.85827313023775,-0.644117433127687,1.53431031645664,-0.419809100036049,0.674624916548575,NA
"ENSMUSG00000094328",0,NA,NA,NA,NA,NA
"ENSMUSG00000094334",0.243362787810362,1.15383327742323,7.35591022917576,0.156857987859446,0.875356770733198,NA
"ENSMUSG00000094335",287.021488673376,-1.77643346691571,2.74553282505146,-0.647026854207221,0.517614563513242,0.70467152738306
"ENSMUSG00000094336",0.0721541203040059,0,7.3561311249555,0,1,NA
"ENSMUSG00000094337",0.249068123757888,0,7.3561311249555,0,1,NA
"ENSMUSG00000094338",40.9839629875743,-5.88791662059037,1.66011417840458,-3.54669377394804,0.000390097742620242,NA
"ENSMUSG00000094344",5.32911016838539,0.0329463153249473,0.954298484984352,0.0345241199093882,0.972459208903982,NA
"ENSMUSG00000094345",109.168310340397,0,3.7994872228127,0,1,1
"ENSMUSG00000094347",416.045884213462,-0.0513363515162023,0.264018689568245,-0.194442111655632,0.845829718753416,0.926019134995849
"ENSMUSG00000094349",0.0353515102846428,1.15197094459134,7.35596414209437,0.156603665044967,0.875557213900552,NA
"ENSMUSG00000094350",0.278056704739435,0.758980617332204,7.27915082272546,0.104267741638581,0.916956876788374,NA
"ENSMUSG00000094353",0.109064937321911,0.769914481609325,7.2789018540737,0.105773439049523,0.915762111113031,NA
"ENSMUSG00000094354",0.176422354694304,2.73849588942182,7.26123170580412,0.377139306439272,0.706070081894676,NA
"ENSMUSG00000094356",96.6330415703795,1.25272493067782,4.18690629441869,0.299200613194461,0.764786981452181,0.876309181830858
"ENSMUSG00000094358",0.0809433632928946,0,7.3561311249555,0,1,NA
"ENSMUSG00000094360",0,NA,NA,NA,NA,NA
"ENSMUSG00000094362",0,NA,NA,NA,NA,NA
"ENSMUSG00000094370",0,NA,NA,NA,NA,NA
"ENSMUSG00000094371",0.0731028806186758,-0.232228335351575,7.35005533769637,-0.0315954540043449,0.974794668760534,NA
"ENSMUSG00000094372",1.3794908550643,1.26788730729197,3.26538054239942,0.388281638488702,0.697807623812184,NA
"ENSMUSG00000094374",0.15721615056437,-2.55167679747522,7.29479879751694,-0.349793992720372,0.726493307707641,NA
"ENSMUSG00000094378",0.728596160533237,0.535422990435315,7.13449474576486,0.0750470789474125,0.940177253894175,NA
"ENSMUSG00000094379",0,NA,NA,NA,NA,NA
"ENSMUSG00000094380",13.0728138826748,-0.00764098907787497,0.935399946376096,-0.00816868667512491,0.993482403503719,NA
"ENSMUSG00000094383",0.304609678483656,-4.55026594716457,7.23381148369925,-0.62902744388877,0.529331089459751,NA
"ENSMUSG00000094385",0.0710374986746129,2.16226366003378,7.28481246100722,0.296818026765623,0.766605441993722,NA
"ENSMUSG00000094388",0.0434922688142794,0,7.3561311249555,0,1,NA
"ENSMUSG00000094391",0.146732874189123,2.73172428942839,7.26130083723934,0.37620315569613,0.706765869550613,NA
"ENSMUSG00000094392",54.3658068253917,-1.30416813044275,0.713220559423174,-1.82856216525434,0.0674652249351089,NA
"ENSMUSG00000094396",0.187961459939341,1.16104485370753,7.35568476534531,0.157843204371338,0.874580353203741,NA
"ENSMUSG00000094399",0,NA,NA,NA,NA,NA
"ENSMUSG00000094401",0.152304839241828,-3.55232820134153,7.25421207485117,-0.489691804525086,0.624352002042539,NA
"ENSMUSG00000094404",0,NA,NA,NA,NA,NA
"ENSMUSG00000094409",0,NA,NA,NA,NA,NA
"ENSMUSG00000094410",15.1376910760821,1.48031116304942,1.14341447301893,1.29464091803997,0.195444130041978,NA
"ENSMUSG00000094412",0,NA,NA,NA,NA,NA
"ENSMUSG00000094413",3.13133073668421,-6.31041258356718,7.21937833506373,-0.874093625612914,0.382067268613976,NA
"ENSMUSG00000094416",0.0352647083353748,0,7.3561311249555,0,1,NA
"ENSMUSG00000094417",0.20603910495878,0,7.3561311249555,0,1,NA
"ENSMUSG00000094420",403.334123124631,0,2.8779055177,0,1,1
"ENSMUSG00000094421",0.162140531181541,0,7.3561311249555,0,1,NA
"ENSMUSG00000094422",0.153456562001264,-0.235102839220409,7.34370326795513,-0.0320142073613322,0.974460720869405,NA
"ENSMUSG00000094423",0,NA,NA,NA,NA,NA
"ENSMUSG00000094424",0,NA,NA,NA,NA,NA
"ENSMUSG00000094426",2.71155006335095,0.959613438426551,1.51785585662519,0.632216448115278,0.527245450870643,NA
"ENSMUSG00000094427",0,NA,NA,NA,NA,NA
"ENSMUSG00000094429",1.07813581061984,1.29136357819614,3.25636002496903,0.396566586094367,0.691687096758613,NA
"ENSMUSG00000094430",0.081236158750911,0,7.3561311249555,0,1,NA
"ENSMUSG00000094433",43.6621104010969,0,3.8028587966329,0,1,NA
"ENSMUSG00000094436",0.122170539412565,-1.63349760908368,7.34915872309494,-0.222270013566365,0.824103693965329,NA
"ENSMUSG00000094437",413.985380887911,-1.04744851832772,0.370194339454222,-2.82945579306256,0.00466272411390206,0.0407524561148735
"ENSMUSG00000094439",0,NA,NA,NA,NA,NA
"ENSMUSG00000094441",78.1578732082222,0.620595603652868,0.379786302743281,1.63406526030604,0.10224514832919,0.261416040136202
"ENSMUSG00000094443",0.471273273413655,0.308187885623644,7.15935539076176,0.043046876262257,0.965664166608803,NA
"ENSMUSG00000094445",0.0705195707844363,2.15212880095346,7.28531419713947,0.295406449566511,0.767683406992174,NA
"ENSMUSG00000094446",0.945737129758619,-0.0951500252246279,7.22466319789093,-0.0131701676075924,0.989492030377288,NA
"ENSMUSG00000094447",2.66680658423898,0,2.84123560948559,0,1,NA
"ENSMUSG00000094449",0.243922860500722,3.32743406666969,7.24362645974102,0.459360250720142,0.64597548765417,NA
"ENSMUSG00000094460",0.16054051425451,-0.445788739398202,7.3410181129144,-0.0607257375668323,0.951577633888287,NA
"ENSMUSG00000094461",0,NA,NA,NA,NA,NA
"ENSMUSG00000094462",0,NA,NA,NA,NA,NA
"ENSMUSG00000094463",0,NA,NA,NA,NA,NA
"ENSMUSG00000094464",1.20547397011094,-1.65580391539164,4.35918302762184,-0.379842714770105,0.704062172686846,NA
"ENSMUSG00000094468",21.0181469620289,-1.96544265790542,1.0471474448473,-1.87694929455903,0.0605250437468449,NA
"ENSMUSG00000094472",134.392658211644,0.0845155038561826,1.01108934933315,0.0835885611018689,0.933383562024202,0.973312732367951
"ENSMUSG00000094474",0,NA,NA,NA,NA,NA
"ENSMUSG00000094475",13.3351122212772,-1.25298322021473,1.16512615167072,-1.07540562746619,0.282193163411199,NA
"ENSMUSG00000094478",0.329431418139681,0,7.3561311249555,0,1,NA
"ENSMUSG00000094482",0.0704359813891321,2.15024026982225,7.28510316318283,0.295155774964046,0.767874884216953,NA
"ENSMUSG00000094483",1141.81468733345,0.075927339664572,0.213302875809812,0.355960224991395,0.72187035261164,0.848977855582711
"ENSMUSG00000094484",63.8737395809277,0.379387791731066,0.627832131281666,0.604282216261499,0.545656027719953,NA
"ENSMUSG00000094485",0.0355187493373064,1.16171280725677,7.35565536667627,0.157934643392857,0.874508299155349,NA
"ENSMUSG00000094487",2.19327499320828,2.82810936537795,2.37487901235993,1.19084355483341,0.233715006807263,NA
"ENSMUSG00000094488",8.51998246932433,0.582766899643492,1.30887871400861,0.445241330160143,0.656145361644134,NA
"ENSMUSG00000094491",63.838018507998,0,5.36215097982339,0,1,NA
"ENSMUSG00000094493",0.0711677912777981,0,7.3561311249555,0,1,NA
"ENSMUSG00000094496",0.118200251438523,2.14528609606924,7.28522362956692,0.294470863922783,0.768398124162581,NA
"ENSMUSG00000094497",0.9795392825858,-1.79226457425392,2.99977008861211,-0.597467312931017,0.550195424111357,NA
"ENSMUSG00000094498",0.090010508050056,0,7.35613112495549,0,1,NA
"ENSMUSG00000094499",0.15733258546649,2.10880627457397,7.28638714920356,0.28941726968275,0.772262080922113,NA
"ENSMUSG00000094500",0.430299092783561,0,7.3561311249555,0,1,NA
"ENSMUSG00000094501",2.41438585503964,-1.46149729311266,2.44229561049643,-0.598411300757976,0.54956552719129,NA
"ENSMUSG00000094502",0.574227196053144,0,7.3561311249555,0,1,NA
"ENSMUSG00000094504",0,NA,NA,NA,NA,NA
"ENSMUSG00000094505",1.72920016392245,2.86810732359057,2.03977829120419,1.40608777726395,0.159698061386625,NA
"ENSMUSG00000094507",0,NA,NA,NA,NA,NA
"ENSMUSG00000094509",42.7151766639162,0,7.3561311249555,0,1,NA
"ENSMUSG00000094511",0,NA,NA,NA,NA,NA
"ENSMUSG00000094514",0.0977165471738455,-2.90148482602865,7.2774271891271,-0.398696510542028,0.690116839330894,NA
"ENSMUSG00000094520",274.137852602987,0.264686002295152,0.580679039268351,0.455821519971952,0.64851832784782,0.800551250411946
"ENSMUSG00000094525",625.189073883433,-0.53143655430529,0.401958380810653,-1.32211835771035,0.186128741692952,0.379905556810827
"ENSMUSG00000094526",1.50475019349921,2.75563507183663,2.85454220572066,0.965350964618489,0.334369053051867,NA
"ENSMUSG00000094529",0,NA,NA,NA,NA,NA
"ENSMUSG00000094530",11.1427923612531,-1.2808234070441,1.10804952474195,-1.15592613727476,0.247711370571157,NA
"ENSMUSG00000094531",22.3246794625941,-0.0884697261482144,0.921531356461775,-0.0960029471898758,0.92351823185758,NA
"ENSMUSG00000094532",0,NA,NA,NA,NA,NA
"ENSMUSG00000094533",0.0815536125403956,0,7.35613112495549,0,1,NA
"ENSMUSG00000094534",0.365306444289562,0,7.3561311249555,0,1,NA
"ENSMUSG00000094535",0.0761558541826765,1.15684528313171,7.35589289658304,0.157267825863681,0.875033775930566,NA
"ENSMUSG00000094539",0.114217173141176,-0.228092213794349,7.349764065906,-0.0310339504437184,0.975242464166225,NA
"ENSMUSG00000094542",0.0867317390279542,0,7.3561311249555,0,1,NA
"ENSMUSG00000094543",0.2970181129792,-0.843469723581212,7.14952392512092,-0.117975648786565,0.906086952570167,NA
"ENSMUSG00000094545",0.122444422734483,1.13724806317832,7.35575759670481,0.154606517170683,0.877131531822275,NA
"ENSMUSG00000094546",98.2654226719687,0,3.25982752714527,0,1,1
"ENSMUSG00000094552",0,NA,NA,NA,NA,NA
"ENSMUSG00000094553",0.0380762098104571,-1.67431590235222,7.3501929692546,-0.227792101425878,0.819807867435575,NA
"ENSMUSG00000094555",0,NA,NA,NA,NA,NA
"ENSMUSG00000094556",0.0519243644297919,1.72074718250085,7.29749225322173,0.235799795709433,0.813588026688048,NA
"ENSMUSG00000094557",3.12207956213548,-0.340720230140553,1.48292420183183,-0.229762404389696,0.818276400131651,NA
"ENSMUSG00000094558",0.162348631009805,0,7.3561311249555,0,1,NA
"ENSMUSG00000094559",0.152536592718011,-3.14068021719492,7.26770189585626,-0.432142135464528,0.665638112222094,NA
"ENSMUSG00000094560",0.393383410309005,0,7.35613112495549,0,1,NA
"ENSMUSG00000094561",44.9648249065899,0,7.3561311249555,0,1,NA
"ENSMUSG00000094562",15.6183894502829,-0.0548814821798213,0.917820668517981,-0.0597954307004649,0.952318564839704,NA
"ENSMUSG00000094566",0.0762516963462484,0,7.3561311249555,0,1,NA
"ENSMUSG00000094568",17.1925881718006,0,3.85690454095736,0,1,NA
"ENSMUSG00000094569",0,NA,NA,NA,NA,NA
"ENSMUSG00000094570",0,NA,NA,NA,NA,NA
"ENSMUSG00000094574",1.81034384010341,-1.50232186388196,2.49527120654539,-0.602067566820469,0.547129162549877,NA
"ENSMUSG00000094575",0,NA,NA,NA,NA,NA
"ENSMUSG00000094576",0,NA,NA,NA,NA,NA
"ENSMUSG00000094577",0.154992316880604,-2.55663715907838,7.29464482597071,-0.350481376416865,0.725977464386849,NA
"ENSMUSG00000094578",0.148126445603263,0,7.3561311249555,0,1,NA
"ENSMUSG00000094582",0.11427640181938,2.15408041684488,7.28501008495717,0.295686676027099,0.767469373432621,NA
"ENSMUSG00000094584",0.157701284127458,0,7.3561311249555,0,1,NA
"ENSMUSG00000094586",0.0400922426516566,0,7.3561311249555,0,1,NA
"ENSMUSG00000094588",61.7557140885972,0.404413538805484,0.453472326049509,0.891815256574953,0.372491962808264,NA
"ENSMUSG00000094589",0.267832915656535,-4.12621124876804,7.240705295983,-0.569863166652726,0.568770508741531,NA
"ENSMUSG00000094590",0.713228460953518,-1.80104900665885,5.24078372103432,-0.34366024291943,0.731101813572404,NA
"ENSMUSG00000094592",0,NA,NA,NA,NA,NA
"ENSMUSG00000094594",0.167022931376,0,7.3561311249555,0,1,NA
"ENSMUSG00000094595",32.6646857085121,-2.0576100194802,0.947139820966286,-2.17244589862244,0.0298220461811818,NA
"ENSMUSG00000094596",0,NA,NA,NA,NA,NA
"ENSMUSG00000094597",0.337256828811852,-2.54525003008185,7.29499616524424,-0.348903545996125,0.727161722956998,NA
"ENSMUSG00000094601",0.041372325189651,0,7.3561311249555,0,1,NA
"ENSMUSG00000094602",0.0378198033864291,-1.66807037704754,7.35003465523853,-0.226947280562638,0.820464736522445,NA
"ENSMUSG00000094606",0.527825617587403,0.307683545818902,7.15945334007393,0.0429758434343989,0.96572079020504,NA
"ENSMUSG00000094607",23.9816042532115,-8.18564924816657,7.21495137733278,-1.13453976611449,0.256568202983289,NA
"ENSMUSG00000094612",0,NA,NA,NA,NA,NA
"ENSMUSG00000094613",0.252720859187878,0,7.3561311249555,0,1,NA
"ENSMUSG00000094615",0.120616122901137,-1.6726029815412,7.35014960596668,-0.227560399611924,0.819988008758105,NA
"ENSMUSG00000094616",0,NA,NA,NA,NA,NA
"ENSMUSG00000094618",0,NA,NA,NA,NA,NA
"ENSMUSG00000094619",79.0173599813873,-0.230465127416029,0.468621793343881,-0.491793447700181,0.622865369017528,0.782937967031824
"ENSMUSG00000094622",69.5429488872357,-0.507125664993441,0.629211240311809,-0.805970447606964,0.420259889164175,0.624984053616348
"ENSMUSG00000094623",0,NA,NA,NA,NA,NA
"ENSMUSG00000094624",0,NA,NA,NA,NA,NA
"ENSMUSG00000094626",1.68474392070321,-0.43782827371623,2.67749571129297,-0.163521559294973,0.87010779974407,NA
"ENSMUSG00000094627",0,NA,NA,NA,NA,NA
"ENSMUSG00000094628",0.308603193801382,-4.1355529962765,7.24062908811635,-0.571159348994131,0.56789163116246,NA
"ENSMUSG00000094632",7.50768391799859,0.292728269108774,1.22877138346195,0.238228423162036,0.8117039331288,NA
"ENSMUSG00000094634",13.6679315453584,4.61498284730128,1.80197202765742,2.56107352193518,0.0104349270656496,NA
"ENSMUSG00000094635",0.185420925149625,-0.11001710238333,7.22269040532095,-0.0152321498236004,0.987846972784028,NA
"ENSMUSG00000094637",0.147473029972361,2.70915563782118,7.26167345380507,0.373075938357102,0.709091926370697,NA
"ENSMUSG00000094638",1.33769102945482,0,7.3561311249555,0,1,NA
"ENSMUSG00000094643",0.146111250761424,2.73551769598273,7.26123875941871,0.376728790584724,0.706375164797907,NA
"ENSMUSG00000094647",0,NA,NA,NA,NA,NA
"ENSMUSG00000094648",0.0763959337236785,0,7.3561311249555,0,1,NA
"ENSMUSG00000094649",44.8875996392765,-1.43965643177429,1.20672896789294,-1.19302384386119,0.232860035006002,NA
"ENSMUSG00000094651",0.677190731681075,-5.65240971068471,7.2266799644773,-0.782158576063849,0.434121385585125,NA
"ENSMUSG00000094652",15.0805292055024,0,7.3561311249555,0,1,NA
"ENSMUSG00000094658",0,NA,NA,NA,NA,NA
"ENSMUSG00000094660",0,NA,NA,NA,NA,NA
"ENSMUSG00000094661",0,NA,NA,NA,NA,NA
"ENSMUSG00000094662",0,NA,NA,NA,NA,NA
"ENSMUSG00000094664",0.540876838637676,-2.92503602986493,7.27697532802151,-0.401957667576729,0.687715181078763,NA
"ENSMUSG00000094669",0.523663752085202,1.97068786985991,6.2110947328889,0.317285109084676,0.751027275328961,NA
"ENSMUSG00000094672",0.519888702568817,-3.13315917755297,7.26785773718332,-0.431098033403063,0.666397090521109,NA
"ENSMUSG00000094673",0.465980860464762,-0.979511614824026,7.26189789573133,-0.134883694164827,0.892703831896865,NA
"ENSMUSG00000094676",0.0380762098104571,-1.67431590235222,7.3501929692546,-0.227792101425878,0.819807867435575,NA
"ENSMUSG00000094678",0.127908523914684,2.03766510815683,7.32302578398559,0.278254531427831,0.78081697695665,NA
"ENSMUSG00000094679",0.0413014483274456,0,7.3561311249555,0,1,NA
"ENSMUSG00000094680",0.0703946437525386,0,7.3561311249555,0,1,NA
"ENSMUSG00000094682",0.202272623649804,0,7.3561311249555,0,1,NA
"ENSMUSG00000094683",0,NA,NA,NA,NA,NA
"ENSMUSG00000094684",0.105425752268968,1.14918357551117,7.35606018330396,0.156222698955002,0.875857485221219,NA
"ENSMUSG00000094685",0,NA,NA,NA,NA,NA
"ENSMUSG00000094686",0.284149994698452,4.16237092812408,7.23123356925771,0.57561007928435,0.564878766711685,NA
"ENSMUSG00000094687",0.0400922426516566,0,7.3561311249555,0,1,NA
"ENSMUSG00000094689",72.7717431235575,0,5.07502649843193,0,1,1
"ENSMUSG00000094690",2.68664630179284,0,6.9251837568952,0,1,NA
"ENSMUSG00000094692",0.0444816915190641,0,7.3561311249555,0,1,NA
"ENSMUSG00000094693",0,NA,NA,NA,NA,NA
"ENSMUSG00000094694",49.9102008603231,2.10930385989022,5.18173177356092,0.407065427556991,0.68395993472396,NA
"ENSMUSG00000094695",0.202537808503758,1.16053793743754,7.35608212898975,0.157765766761079,0.874641374938151,NA
"ENSMUSG00000094696",0.0761524196209141,-2.55627499047924,7.29465809108018,-0.350431090609309,0.726015196884991,NA
"ENSMUSG00000094698",0.038034614287408,0,7.35613112495549,0,1,NA
"ENSMUSG00000094699",0.0414066693320352,0,7.3561311249555,0,1,NA
"ENSMUSG00000094700",0.151841196814214,-3.13504437863697,7.26781860568573,-0.431359744749873,0.666206815285136,NA
"ENSMUSG00000094701",4.41817602597351,1.36835484992243,1.23664230843869,1.10650819609272,0.268506618479447,NA
"ENSMUSG00000094706",0.192649781064087,0,7.35613112495549,0,1,NA
"ENSMUSG00000094708",0,NA,NA,NA,NA,NA
"ENSMUSG00000094714",0.0761524196209141,-2.55627499047924,7.29465809108018,-0.350431090609309,0.726015196884991,NA
"ENSMUSG00000094715",0.0410826440564989,0,7.3561311249555,0,1,NA
"ENSMUSG00000094719",1.47440966226482,-0.747528514644508,2.61833630545301,-0.285497517292827,0.775263006207288,NA
"ENSMUSG00000094721",0.0929715347838481,2.11959025421815,7.32110034228141,0.289517989799555,0.772185015211535,NA
"ENSMUSG00000094722",0,NA,NA,NA,NA,NA
"ENSMUSG00000094724",12830.6411844658,-0.491655777935854,0.229944030724266,-2.13815412553769,0.0325042362239471,0.129089744907078
"ENSMUSG00000094725",0.0406180793754555,0,7.3561311249555,0,1,NA
"ENSMUSG00000094728",8.32966896986059,-1.01916862583097,1.30389231871731,-0.781635577724363,0.434428771931173,NA
"ENSMUSG00000094729",0,NA,NA,NA,NA,NA
"ENSMUSG00000094733",0.184544705182343,0,7.3561311249555,0,1,NA
"ENSMUSG00000094734",0.0381979668618393,0,7.3561311249555,0,1,NA
"ENSMUSG00000094735",0.105672615972246,2.73542811588995,7.2612402302741,0.376716377525317,0.706384390541483,NA
"ENSMUSG00000094736",0.24383663870956,0,7.3561311249555,0,1,NA
"ENSMUSG00000094737",0,NA,NA,NA,NA,NA
"ENSMUSG00000094739",0,NA,NA,NA,NA,NA
"ENSMUSG00000094741",0,NA,NA,NA,NA,NA
"ENSMUSG00000094743",0.0352567090712506,1.15187051486078,7.35613024653672,0.156586476347816,0.875570761368529,NA
"ENSMUSG00000094745",4.73195260053854,-0.863186433460002,1.34222486952222,-0.643101206854605,0.5201584314664,NA
"ENSMUSG00000094746",0,NA,NA,NA,NA,NA
"ENSMUSG00000094747",304.116214471866,0.197333253227758,0.784438787089896,0.251559785767126,0.801381345426452,0.90016817124897
"ENSMUSG00000094748",0.141278521556644,3.15439682428496,7.2493334823434,0.435129220081799,0.663468634923498,NA
"ENSMUSG00000094752",0.0736019161497041,0,7.3561311249555,0,1,NA
"ENSMUSG00000094755",0.0444816915190641,0,7.3561311249555,0,1,NA
"ENSMUSG00000094757",0.0405502915305888,0,7.3561311249555,0,1,NA
"ENSMUSG00000094758",17.6602678038782,-0.938860585855051,0.895816601246528,-1.04804999656026,0.294615572576035,NA
"ENSMUSG00000094759",0,NA,NA,NA,NA,NA
"ENSMUSG00000094762",0.0380762098104571,-1.67431590235222,7.3501929692546,-0.227792101425878,0.819807867435575,NA
"ENSMUSG00000094764",0.277706771621384,1.35168525923205,7.25518652035518,0.186306066072837,0.852204750708949,NA
"ENSMUSG00000094766",275.382778237482,-1.48534485550275,0.875462765372654,-1.69663966790237,0.0897648054088725,0.240924545605948
"ENSMUSG00000094767",0.0734301433112732,-0.229804266542927,7.3498785933673,-0.0312664030600869,0.975057083775148,NA
"ENSMUSG00000094772",12.3104293514231,-0.805882435759943,0.725190246220831,-1.11127037347733,0.266451987748599,NA
"ENSMUSG00000094773",0,NA,NA,NA,NA,NA
"ENSMUSG00000094775",0,NA,NA,NA,NA,NA
"ENSMUSG00000094777",76461.7684820528,-0.359168135464543,0.302020632105192,-1.18921721658885,0.234354201329512,0.438748348511785
"ENSMUSG00000094778",1.75650773886522,-0.412873755680168,2.38022052935236,-0.173460295207398,0.862289634582581,NA
"ENSMUSG00000094779",17.6602678038782,-0.938860585855051,0.895816601246528,-1.04804999656026,0.294615572576035,NA
"ENSMUSG00000094782",0,NA,NA,NA,NA,NA
"ENSMUSG00000094784",0.411356736301662,-1.52029758863719,7.13710979060318,-0.213013058961042,0.831316776854676,NA
"ENSMUSG00000094786",14.8990619701642,-0.572963086852166,0.866063212533876,-0.661571902096875,0.508245619862661,NA
"ENSMUSG00000094787",7.5947870551062,-2.55186067241788,3.02857181877454,-0.8425953964831,0.399454766590491,NA
"ENSMUSG00000094789",0,NA,NA,NA,NA,NA
"ENSMUSG00000094790",0.246921334854546,-1.10465529113234,7.29533368492507,-0.151419433139155,0.879644860776019,NA
"ENSMUSG00000094791",0.14056896565917,3.1470765554816,7.24926429637498,0.434123578175416,0.664198704536001,NA
"ENSMUSG00000094792",71.2739850251883,-3.33632819587902,0.779156176169824,-4.28197619157656,1.85240805878036e-05,0.0028720445932343
"ENSMUSG00000094793",0,NA,NA,NA,NA,NA
"ENSMUSG00000094794",0,NA,NA,NA,NA,NA
"ENSMUSG00000094796",279.924555931906,-0.517869806853877,0.325849318148037,-1.58929228330809,0.11199442011025,0.277204813174497
"ENSMUSG00000094797",675.85758673403,0,2.42080106582068,0,1,1
"ENSMUSG00000094799",0,NA,NA,NA,NA,NA
"ENSMUSG00000094800",0.900111791200048,3.18551261727971,4.89061078908026,0.651352715368868,0.514818826557981,NA
"ENSMUSG00000094802",0.154992316880604,-2.55663715907838,7.29464482597071,-0.350481376416865,0.725977464386849,NA
"ENSMUSG00000094804",0.114228629431371,-3.13863321915088,7.26774571323647,-0.431857874916372,0.665844712909321,NA
"ENSMUSG00000094805",0.142412420200039,0.672845123926675,7.2816559635555,0.0924027621318897,0.926378044955493,NA
"ENSMUSG00000094806",0.187985106777584,1.16060920050425,7.35570600459771,0.157783522041094,0.874627383505826,NA
"ENSMUSG00000094808",1.08531394151801,0,7.3561311249555,0,1,NA
"ENSMUSG00000094810",57.3307286365183,-0.115213356037553,0.382983552929577,-0.300831080489608,0.763543306770454,NA
"ENSMUSG00000094811",0.263790580836669,2.04053149978829,7.25062955929125,0.281428182629118,0.778382004630132,NA
"ENSMUSG00000094813",0.0705195707844363,2.15212880095346,7.28531419713947,0.295406449566511,0.767683406992175,NA
"ENSMUSG00000094814",0,NA,NA,NA,NA,NA
"ENSMUSG00000094817",3.42486907404917,-2.65408870063148,7.3168219969804,-0.362737907485901,0.716800679536382,NA
"ENSMUSG00000094818",0.0703755292209588,2.14902635260578,7.28513264216067,0.294987951237688,0.768003083906745,NA
"ENSMUSG00000094819",0.21729246559781,-1.56791210385359,7.3474981633417,-0.21339401099496,0.83101965146419,NA
"ENSMUSG00000094821",0,NA,NA,NA,NA,NA
"ENSMUSG00000094822",15.3828802960741,1.03947397438881,0.828610820449266,1.25447791500624,0.209668348123085,NA
"ENSMUSG00000094825",1.06517603845413,0.069080034669792,2.92380263744624,0.0236267776029264,0.981150312672007,NA
"ENSMUSG00000094827",0.241995654607871,0,7.3561311249555,0,1,NA
"ENSMUSG00000094828",317.718533403918,-1.14359006557613,0.548409704659428,-2.08528415135599,0.0370435151715406,0.139921722380848
"ENSMUSG00000094836",0,NA,NA,NA,NA,NA
"ENSMUSG00000094838",0,NA,NA,NA,NA,NA
"ENSMUSG00000094840",3.48699958662164,3.47412230759545,2.16774932162563,1.60264024670073,0.109014102750961,NA
"ENSMUSG00000094843",0.246812205433734,0,7.3561311249555,0,1,NA
"ENSMUSG00000094845",0.210147185421922,-1.66716534565537,7.35001171603271,-0.226824855533053,0.820559935465757,NA
"ENSMUSG00000094846",9.30115799798877,-0.00796731142664959,0.866635271333367,-0.00919338468002974,0.992664843628279,NA
"ENSMUSG00000094849",0.114228629431371,-3.13863321915088,7.26774571323647,-0.431857874916372,0.665844712909321,NA
"ENSMUSG00000094852",1.6147266453431,-2.22671671671027,2.2437701716047,-0.992399642748509,0.32100261317267,NA
"ENSMUSG00000094854",0,NA,NA,NA,NA,NA
"ENSMUSG00000094855",0,NA,NA,NA,NA,NA
"ENSMUSG00000094856",21.0714873359006,0.24593632487786,2.37727259173405,0.103453144470264,0.91760333518422,NA
"ENSMUSG00000094858",5.85211501770615,1.18564331207467,0.996973778201434,1.18924222281312,0.234344363847858,NA
"ENSMUSG00000094860",0.106380203549664,2.74492617613694,7.26108547397798,0.378032483707031,0.705406462931529,NA
"ENSMUSG00000094861",0,NA,NA,NA,NA,NA
"ENSMUSG00000094862",0.74837497714628,-1.26596619233228,7.1108926299696,-0.17803196563491,0.858697871789865,NA
"ENSMUSG00000094864",0,NA,NA,NA,NA,NA
"ENSMUSG00000094865",0.725261707413766,-3.51503389635929,7.25495575532825,-0.484501079662374,0.628030298301274,NA
"ENSMUSG00000094870",674.196180746729,-0.127853336757063,0.215633952363397,-0.592918394138591,0.553235767302393,0.7326128626797
"ENSMUSG00000094872",275.781468845193,0,2.47126383973639,0,1,1
"ENSMUSG00000094873",0.16582697479311,0,7.3561311249555,0,1,NA
"ENSMUSG00000094874",0,NA,NA,NA,NA,NA
"ENSMUSG00000094876",0.162334974869611,0,7.3561311249555,0,1,NA
"ENSMUSG00000094877",91.7052191099298,0.267948089221018,0.890981170397381,0.3007337283026,0.763617547195709,0.875691560349293
"ENSMUSG00000094878",0.277973556322988,-1.31359119922109,7.18312347710403,-0.18287186673153,0.854898557721852,NA
"ENSMUSG00000094879",0,NA,NA,NA,NA,NA
"ENSMUSG00000094880",0,NA,NA,NA,NA,NA
"ENSMUSG00000094881",0,NA,NA,NA,NA,NA
"ENSMUSG00000094884",3.30102646913574,0.714091868126603,1.61055613089237,0.443382167457237,0.657489332145331,NA
"ENSMUSG00000094885",0,NA,NA,NA,NA,NA
"ENSMUSG00000094886",1.40192047845767,0.741944333214867,2.15011895547155,0.345071295393584,0.730040772527215,NA
"ENSMUSG00000094887",0,NA,NA,NA,NA,NA
"ENSMUSG00000094891",1.4175699317859,2.34216464718432,2.77130674341934,0.845148106663382,0.398028151721879,NA
"ENSMUSG00000094892",0.363320000266921,-0.228845940919855,7.34981572287495,-0.0311362828060592,0.97516085419303,NA
"ENSMUSG00000094893",3.44509683274491,-0.152050492254046,1.75599524003746,-0.0865893533121432,0.930997928939457,NA
"ENSMUSG00000094898",0,NA,NA,NA,NA,NA
"ENSMUSG00000094902",3.36168357235092,-1.55716867383877,3.64285491466924,-0.427458328787206,0.669045530680458,NA
"ENSMUSG00000094904",0,NA,NA,NA,NA,NA
"ENSMUSG00000094905",0.0729963238563096,-0.233018849885769,7.34997852971398,-0.0317033374919037,0.974708633292466,NA
"ENSMUSG00000094910",3.43108035259709,0.313577347021326,1.31623406007854,0.238238286435633,0.81169628356059,NA
"ENSMUSG00000094911",0.0779252621639874,1.15418883763937,7.35592025427272,0.156906110689408,0.875318843881153,NA
"ENSMUSG00000094913",0.151936142175141,2.7352101314534,7.26124378671494,0.376686172754273,0.706406839778224,NA
"ENSMUSG00000094914",7.12840012671817,-3.10780952388497,1.36256131809872,-2.28085847044413,0.0225568231100591,NA
"ENSMUSG00000094915",2.34265276952167,-3.52456099137355,3.77534660789276,-0.933572823222399,0.350524289460167,NA
"ENSMUSG00000094918",0.266615896733935,-0.692087213527637,7.19556088054611,-0.0961825248951422,0.923375609575479,NA
"ENSMUSG00000094920",0.309851094841673,-2.42753702754898,7.24575143342195,-0.335029023539457,0.737603192527035,NA
"ENSMUSG00000094921",0.229810974101555,3.15739353778749,7.2491967540481,0.435550812719263,0.663162664723932,NA
"ENSMUSG00000094925",0.0355187493373064,1.16171280725677,7.35565536667627,0.157934643392857,0.874508299155349,NA
"ENSMUSG00000094926",0.0423128113044406,0,7.3561311249555,0,1,NA
"ENSMUSG00000094928",0.191751674450291,0,7.3561311249555,0,1,NA
"ENSMUSG00000094929",0.570221944673996,3.47691081497855,7.24205151644643,0.48010025986181,0.63115610346362,NA
"ENSMUSG00000094930",106.82478806686,2.10385991325178,2.66415387887863,0.789691590238518,0.429707903899971,0.632290201059454
"ENSMUSG00000094931",0.119409995824298,-1.67223105581776,7.35014011904762,-0.227510092152425,0.820027122578584,NA
"ENSMUSG00000094932",13.3351122212772,-1.25298322021473,1.16512615167072,-1.07540562746619,0.282193163411199,NA
"ENSMUSG00000094934",0.0711677912777981,0,7.3561311249555,0,1,NA
"ENSMUSG00000094935",0,NA,NA,NA,NA,NA
"ENSMUSG00000094936",596.74596097072,-1.39499542417161,0.438091963311941,-3.18425248805195,0.00145128364226062,0.0237909432897948
"ENSMUSG00000094939",0.0779252621639874,1.15418883763937,7.35592025427272,0.156906110689408,0.875318843881153,NA
"ENSMUSG00000094940",1.59294184858522,0,7.3561311249555,0,1,NA
"ENSMUSG00000094941",0.163857854235438,0,7.3561311249555,0,1,NA
"ENSMUSG00000094942",106.547206464323,-0.612950295658192,0.493153959168217,-1.24291873615297,0.21389778066797,0.414502952735323
"ENSMUSG00000094945",0.285974304335343,0,7.3561311249555,0,1,NA
"ENSMUSG00000094948",0,NA,NA,NA,NA,NA
"ENSMUSG00000094950",0.0830747708402322,0,7.3561311249555,0,1,NA
"ENSMUSG00000094951",34.4609049785367,0,6.34827735794258,0,1,NA
"ENSMUSG00000094954",0,NA,NA,NA,NA,NA
"ENSMUSG00000094955",0,NA,NA,NA,NA,NA
"ENSMUSG00000094957",0,NA,NA,NA,NA,NA
"ENSMUSG00000094958",0.773990198190961,0.47293119086734,6.64774163053912,0.0711416323243877,0.943285034288032,NA
"ENSMUSG00000094962",0,NA,NA,NA,NA,NA
"ENSMUSG00000094964",0.283627869466861,-3.13233773389917,7.26787628366445,-0.430983909417876,0.666480070215681,NA
"ENSMUSG00000094966",23.148388807251,0.374860672092952,0.704593538250011,0.532023999288991,0.594709373714368,NA
"ENSMUSG00000094967",0,NA,NA,NA,NA,NA
"ENSMUSG00000094970",5.16123803475301,-0.504769552850799,1.4249150226766,-0.354245372403068,0.723155003069417,NA
"ENSMUSG00000094973",1.23971207358622,-3.36267412391644,3.68744000920223,-0.91192646267456,0.36180743008847,NA
"ENSMUSG00000094974",10.9812753376161,-0.296066400934313,0.796130323578263,-0.371881829100067,0.709980834716037,NA
"ENSMUSG00000094975",0.038034614287408,0,7.35613112495549,0,1,NA
"ENSMUSG00000094978",0,NA,NA,NA,NA,NA
"ENSMUSG00000094981",0.184924156738615,-0.695208985102407,7.19569977875104,-0.0966145067857561,0.923032535643107,NA
"ENSMUSG00000094985",0.509138235923865,2.36684396726026,7.26807368941791,0.325649418044057,0.744689618258922,NA
"ENSMUSG00000094986",0.806068418954456,-2.91183068156076,5.46357294985018,-0.532953565055009,0.59406572440389,NA
"ENSMUSG00000094989",4.60095572229549,-0.803786483755867,3.1553951276637,-0.254734019428813,0.798928539086038,NA
"ENSMUSG00000094992",0.31382748704851,-1.11142035577498,7.29449996034324,-0.152364159547228,0.878899723531356,NA
"ENSMUSG00000094993",1.99270682844404,0,7.3561311249555,0,1,NA
"ENSMUSG00000094995",0.0756175435191524,1.159815942653,7.35574784450027,0.157674782655874,0.874713072420095,NA
"ENSMUSG00000095002",1.42160472970298,1.63018737489133,2.87755407661688,0.566518415114522,0.571041418115487,NA
"ENSMUSG00000095007",159.807506129022,0,4.06875784277973,0,1,1
"ENSMUSG00000095011",0,NA,NA,NA,NA,NA
"ENSMUSG00000095015",0.28325475544266,-1.06898691228209,7.19261882317576,-0.14862276711198,0.881851306975542,NA
"ENSMUSG00000095017",0.662008660612183,-0.947931984242634,2.90124720020995,-0.326732580448173,0.743870155860912,NA
"ENSMUSG00000095019",0,NA,NA,NA,NA,NA
"ENSMUSG00000095022",0.152062109780462,-0.23657775750179,7.34203417436485,-0.0322223721496442,0.974294715045614,NA
"ENSMUSG00000095024",0,NA,NA,NA,NA,NA
"ENSMUSG00000095026",0.490984161455535,0,7.3561311249555,0,1,NA
"ENSMUSG00000095028",23.9642956344785,1.05003734919731,1.06247266436632,0.988295872838829,0.323007766107544,NA
"ENSMUSG00000095029",0.714027857393741,0,7.3561311249555,0,1,NA
"ENSMUSG00000095030",0.0892405770863554,0.60449829034239,7.3422658159275,0.0823313001050791,0.934383265017953,NA
"ENSMUSG00000095032",0,NA,NA,NA,NA,NA
"ENSMUSG00000095034",0.167978318474623,-1.64319770909764,7.34940443219116,-0.223582430965462,0.823082235669184,NA
"ENSMUSG00000095040",2.89995457371399,0.355430321916467,2.18918467675881,0.162357395285033,0.871024419271575,NA
"ENSMUSG00000095041",1504.4357835958,1.31676386142753,0.373096770665298,3.52928238719275,0.000416688241733726,0.0128292625834439
"ENSMUSG00000095042",3.92407314897832,0,6.61222390963648,0,1,NA
"ENSMUSG00000095044",0.0407969102058399,0,7.3561311249555,0,1,NA
"ENSMUSG00000095048",0.117236425034456,1.29672378231079,7.34982311955697,0.176429250230577,0.859956726714705,NA
"ENSMUSG00000095049",0,NA,NA,NA,NA,NA
"ENSMUSG00000095054",0.114251608828206,-3.13891847116809,7.26773980996671,-0.431897474764231,0.665815930202172,NA
"ENSMUSG00000095056",0.110747495678947,0,7.3561311249555,0,1,NA
"ENSMUSG00000095057",0.238725293248074,-2.55463901703264,7.29470810320998,-0.350204419544696,0.726185290216067,NA
"ENSMUSG00000095061",0.81366705618283,1.45951213660405,4.28152165831777,0.340886314044128,0.733189168224385,NA
"ENSMUSG00000095063",0.120389405352694,1.1467968521057,7.35599991921407,0.155899519399155,0.876112224141192,NA
"ENSMUSG00000095064",0.0711677912777981,0,7.3561311249555,0,1,NA
"ENSMUSG00000095065",0.0377158354555582,-1.6655272028213,7.34997019670999,-0.226603259366525,0.820732257612145,NA
"ENSMUSG00000095066",0.0703755292209588,2.14902635260578,7.28513264216067,0.294987951237688,0.768003083906745,NA
"ENSMUSG00000095071",0.95402603313562,0,3.79942385781335,0,1,NA
"ENSMUSG00000095074",0.955795422394612,0.546817072567103,7.10295851915663,0.0769844102414988,0.938635946983859,NA
"ENSMUSG00000095075",0.563813759438578,-0.824720717450532,4.60512460204028,-0.179087601035842,0.857868917558076,NA
"ENSMUSG00000095076",0.204300527868013,0,7.3561311249555,0,1,NA
"ENSMUSG00000095078",0.179800580764603,3.15959456930494,7.24929230466564,0.435848692053903,0.662946513128022,NA
"ENSMUSG00000095079",173.128342767914,2.50144396977475,3.1290581627752,0.799423928750555,0.424044640018836,0.627492665629392
"ENSMUSG00000095081",0.113789535240671,-3.13000147110445,7.2678589621459,-0.430663485272187,0.666713072833367,NA
"ENSMUSG00000095082",0,NA,NA,NA,NA,NA
"ENSMUSG00000095088",12.2896721747736,0.780641378209407,1.62747464218257,0.479664234376337,0.631466163470792,NA
"ENSMUSG00000095089",0,NA,NA,NA,NA,NA
"ENSMUSG00000095092",0,NA,NA,NA,NA,NA
"ENSMUSG00000095093",0.237717537324159,-1.69268883755642,7.26750688448141,-0.232911900114038,0.815829817590418,NA
"ENSMUSG00000095095",0.0787000951988321,-1.67227387575471,7.35014120451037,-0.227515884283764,0.820022619200061,NA
"ENSMUSG00000095096",0.576407950563404,0.751066180715894,5.39771493067854,0.139145210586636,0.889335402810204,NA
"ENSMUSG00000095098",300.372939296378,-0.875253520883201,0.303108095005672,-2.8875953341557,0.00388198945705653,0.0374384901026016
"ENSMUSG00000095101",10.7583529722029,0.0536507189880434,0.870433192428554,0.0616368027491635,0.950852068291651,NA
"ENSMUSG00000095103",0,NA,NA,NA,NA,NA
"ENSMUSG00000095104",0.192300956961695,2.74160265857265,7.2611395109019,0.377571957467061,0.705748599922888,NA
"ENSMUSG00000095105",31.1064112139434,-2.4306370925191,1.07299507123867,-2.26528262586814,0.0234953415251463,NA
"ENSMUSG00000095107",0.108453625750692,0.766995740556487,7.27896534690863,0.105371533453203,0.916081003305745,NA
"ENSMUSG00000095108",0.167978318474623,-1.64319770909764,7.34940443219116,-0.223582430965462,0.823082235669184,NA
"ENSMUSG00000095113",0,NA,NA,NA,NA,NA
"ENSMUSG00000095115",38.7652011182001,-0.198496619012181,0.603442482027119,-0.328940412589746,0.742200727640958,NA
"ENSMUSG00000095117",0.076294097399511,0,7.3561311249555,0,1,NA
"ENSMUSG00000095125",0.146920652953902,2.74178035438618,7.26113661873243,0.377596580033059,0.705730305668424,NA
"ENSMUSG00000095126",94.4846530335358,0.517073709186981,0.420962082712547,1.22831421266049,0.219329037682918,0.421475026729324
"ENSMUSG00000095127",108.353680747663,0,3.14825431916876,0,1,1
"ENSMUSG00000095128",0.683186397029183,-4.75557960441801,7.23105688053837,-0.657660378418148,0.510756387521918,NA
"ENSMUSG00000095130",11.3017423647345,0,7.3561311249555,0,1,NA
"ENSMUSG00000095134",0.664971640437042,0,7.3561311249555,0,1,NA
"ENSMUSG00000095135",0.0352597853922182,1.155567702399,7.3559553626321,0.157092810577567,0.875171703562209,NA
"ENSMUSG00000095136",0.590371133226083,-1.68455813601443,4.28948416099037,-0.392718115463443,0.694527689279414,NA
"ENSMUSG00000095137",0.265139752254901,1.12264772793273,7.35538350542507,0.152629394117207,0.878690543428883,NA
"ENSMUSG00000095138",0,NA,NA,NA,NA,NA
"ENSMUSG00000095139",1.39097573850098,0.196706716091807,3.54938105509234,0.0554200050765443,0.955803858582081,NA
"ENSMUSG00000095141",0,NA,NA,NA,NA,NA
"ENSMUSG00000095143",0.0377710316795795,-1.66687820078624,7.3500044436587,-0.226786012656681,0.820590140632455,NA
"ENSMUSG00000095148",0.0432773486139992,0,7.3561311249555,0,1,NA
"ENSMUSG00000095150",1.64041062360834,-0.895487020437097,2.29601087028388,-0.390018632762997,0.696522768881474,NA
"ENSMUSG00000095152",0,NA,NA,NA,NA,NA
"ENSMUSG00000095153",0,NA,NA,NA,NA,NA
"ENSMUSG00000095156",2.11798042461224,1.02751428402646,1.87944682187108,0.546711017342606,0.584577283887935,NA
"ENSMUSG00000095159",1.84314056967035,0.297294507233926,2.53271745075674,0.117381631790431,0.906557639148457,NA
"ENSMUSG00000095163",0.0705926450486007,2.15352586137438,7.28519873859662,0.29560289823874,0.767533360029904,NA
"ENSMUSG00000095168",0.938487770891407,-1.84998179536122,4.48838774402665,-0.412170672603601,0.680214331337495,NA
"ENSMUSG00000095170",0.114274122954315,-0.238878341268528,7.35009083672208,-0.0325000529347282,0.974073273817388,NA
"ENSMUSG00000095171",0.221038114697092,-0.694599481344851,7.19548010069356,-0.0965327499520011,0.923097464672237,NA
"ENSMUSG00000095172",0,NA,NA,NA,NA,NA
"ENSMUSG00000095179",0.0352597853922181,1.155567702399,7.35595536263211,0.157092810577567,0.875171703562209,NA
"ENSMUSG00000095180",0.119933193291211,0,7.3561311249555,0,1,NA
"ENSMUSG00000095185",0.035009004773496,1.14518135558415,7.35595970154411,0.155680754388005,0.876284667962064,NA
"ENSMUSG00000095186",782.287718775429,0.105547823629272,1.25869086134291,0.0838552394959489,0.933171527866708,0.973243358615995
"ENSMUSG00000095187",15.620145588526,0.468262674773682,1.14001076152385,0.410752854778106,0.68125376616806,NA
"ENSMUSG00000095189",0.232546756666476,-1.86607138303366,7.35506298315304,-0.253712495366518,0.799717679953546,NA
"ENSMUSG00000095190",0.426316918376849,-2.69010052827854,7.24054919537863,-0.371532663571367,0.710240832110201,NA
"ENSMUSG00000095191",0.0376000387973365,-1.66583708000069,7.34989822304794,-0.226647639116543,0.820697745429395,NA
"ENSMUSG00000095193",164.242820257718,-0.755397610909453,0.324867515738968,-2.32524821446419,0.020058691595142,0.0957448323149056
"ENSMUSG00000095194",0.0759836482279383,-2.55315417578364,7.29475354173076,-0.349998688945134,0.726339681570353,NA
"ENSMUSG00000095195",0.39111925088627,2.73756328296953,7.26137827281685,0.377003260278791,0.706171182034978,NA
"ENSMUSG00000095196",0.489772674971793,0,7.3561311249555,0,1,NA
"ENSMUSG00000095197",41.0691176891886,-40.0865316927895,5.341793178603,-7.50432118064014,6.17477380984268e-14,NA
"ENSMUSG00000095199",0.27120195471619,0,7.3561311249555,0,1,NA
"ENSMUSG00000095200",1.73955677513614,0,7.2785146191671,0,1,NA
"ENSMUSG00000095201",0,NA,NA,NA,NA,NA
"ENSMUSG00000095202",0.362275447865476,1.16684989304239,7.35591671425888,0.158627393208591,0.873962445393061,NA
"ENSMUSG00000095203",0.16582697479311,0,7.3561311249555,0,1,NA
"ENSMUSG00000095204",50.310518793952,0.467673054883383,4.56107454064861,0.102535718439909,0.918331463027743,NA
"ENSMUSG00000095207",0.354357960612198,-0.230332090405879,7.35001157487407,-0.0313376500240172,0.975000264765568,NA
"ENSMUSG00000095210",4.29453092826123,0,7.30722651586502,0,1,NA
"ENSMUSG00000095212",0.0380762098104571,-1.67431590235222,7.3501929692546,-0.227792101425878,0.819807867435575,NA
"ENSMUSG00000095213",0.0380762098104571,-1.67431590235222,7.3501929692546,-0.227792101425878,0.819807867435575,NA
"ENSMUSG00000095217",48.9219646748562,0.0705826583731568,0.63327847446976,0.111455956926777,0.911254789209295,NA
"ENSMUSG00000095218",0.957672240647485,0.429146069069475,2.76435355409285,0.155242830076525,0.876629884044108,NA
"ENSMUSG00000095226",0,NA,NA,NA,NA,NA
"ENSMUSG00000095231",0,NA,NA,NA,NA,NA
"ENSMUSG00000095232",0.0812361587509111,0,7.3561311249555,0,1,NA
"ENSMUSG00000095234",0.202537808503758,1.16053793743754,7.35608212898975,0.157765766761079,0.874641374938151,NA
"ENSMUSG00000095236",0.226969732710828,0.944323767017182,7.21825880283102,0.130824315504844,0.895914287315544,NA
"ENSMUSG00000095238",0,NA,NA,NA,NA,NA
"ENSMUSG00000095239",0.0380762098104571,-1.67431590235222,7.3501929692546,-0.227792101425878,0.819807867435575,NA
"ENSMUSG00000095240",0.0781717779268783,-1.67283581995233,7.35015550837691,-0.227591894898797,0.819963521544015,NA
"ENSMUSG00000095241",0.190587264993935,-0.110012082012642,7.22285450086088,-0.0152311086980265,0.987847803385693,NA
"ENSMUSG00000095242",0,NA,NA,NA,NA,NA
"ENSMUSG00000095247",1.18217384937081,0,4.71527278518407,0,1,NA
"ENSMUSG00000095248",0.71320815046827,2.30637649359772,4.93560819052768,0.467293270568777,0.640290070395945,NA
"ENSMUSG00000095250",0,NA,NA,NA,NA,NA
"ENSMUSG00000095251",0.0754972964810918,-2.55233159661753,7.29503086561289,-0.349872624754563,0.726434292441932,NA
"ENSMUSG00000095253",112.611932037992,0.643806162315745,0.30290145292156,2.12546409436493,0.0335479070389795,0.131614806204181
"ENSMUSG00000095257",0,NA,NA,NA,NA,NA
"ENSMUSG00000095259",0.145705479489813,-0.11324175874781,7.22351396357905,-0.0156768242324684,0.987492216309286,NA
"ENSMUSG00000095261",0.0425774740632087,0,7.3561311249555,0,1,NA
"ENSMUSG00000095262",0.035583895638899,0,7.3561311249555,0,1,NA
"ENSMUSG00000095263",0,NA,NA,NA,NA,NA
"ENSMUSG00000095266",0,NA,NA,NA,NA,NA
"ENSMUSG00000095267",0,NA,NA,NA,NA,NA
"ENSMUSG00000095270",0,NA,NA,NA,NA,NA
"ENSMUSG00000095273",0.0708837319894119,2.15919964712558,7.28488632327391,0.296394418705934,0.766928887178416,NA
"ENSMUSG00000095274",0.539193319567446,-5.12321155310959,7.22706362676272,-0.70889254857778,0.47839115951096,NA
"ENSMUSG00000095275",0.0729963238563096,-0.233018849885769,7.34997852971398,-0.0317033374919037,0.974708633292466,NA
"ENSMUSG00000095276",0.0406180793754555,0,7.3561311249555,0,1,NA
"ENSMUSG00000095277",0.0347303293544297,1.14787333728359,7.35576664256777,0.156050809257713,0.875992971758487,NA
"ENSMUSG00000095280",220.167500886896,-0.1726419996537,1.16935927277385,-0.147638115738523,0.882628372702098,0.946802112225745
"ENSMUSG00000095285",0.587885917269616,0,7.3561311249555,0,1,NA
"ENSMUSG00000095286",6.00117018278781,0.834360612635829,1.0585134587103,0.788238076493067,0.430557460899607,NA
"ENSMUSG00000095287",0.190804203590709,-3.55608196671988,7.25415226771795,-0.490213306183958,0.62398296599064,NA
"ENSMUSG00000095288",10.3703185736435,-0.714182774803706,0.776136988075385,-0.920176187678789,0.357480695836989,NA
"ENSMUSG00000095291",0.677744855369045,-3.39845187291164,4.02645496541509,-0.84403076704008,0.398652213131504,NA
"ENSMUSG00000095293",0,NA,NA,NA,NA,NA
"ENSMUSG00000095294",0.781422321203679,3.7406983602263,7.23725000975157,0.516867367464994,0.605248748795561,NA
"ENSMUSG00000095295",0.446532655408219,-2.46885972610942,7.2870354037739,-0.338801664780004,0.734759147063627,NA
"ENSMUSG00000095296",4.47758014483004,0,2.75883988318441,0,1,NA
"ENSMUSG00000095298",0,NA,NA,NA,NA,NA
"ENSMUSG00000095300",0.152369132759804,2.1616502119031,7.28482723800427,0.296733215665838,0.766670196104814,NA
"ENSMUSG00000095301",0.17061531338908,-2.92938425639189,7.2845463421162,-0.402136813854202,0.687583340913581,NA
"ENSMUSG00000095302",0.0352597853922181,1.155567702399,7.35595536263211,0.157092810577567,0.875171703562209,NA
"ENSMUSG00000095304",0.0245304099096537,-0.961005139335105,7.34019805716336,-0.130923597953498,0.895835746890936,NA
"ENSMUSG00000095307",3.20494300487164,0.806977159884323,1.52358728428732,0.529656008688597,0.596350453895772,NA
"ENSMUSG00000095309",0,NA,NA,NA,NA,NA
"ENSMUSG00000095312",0,NA,NA,NA,NA,NA
"ENSMUSG00000095315",13.8689117655995,-1.13444391527198,0.714947671591876,-1.58675097541903,0.112569056142876,NA
"ENSMUSG00000095316",0,NA,NA,NA,NA,NA
"ENSMUSG00000095318",0,NA,NA,NA,NA,NA
"ENSMUSG00000095320",0,NA,NA,NA,NA,NA
"ENSMUSG00000095321",0,NA,NA,NA,NA,NA
"ENSMUSG00000095322",0.142074997349226,3.16234199338107,7.24913616833546,0.436237079832259,0.662664727608538,NA
"ENSMUSG00000095324",0,NA,NA,NA,NA,NA
"ENSMUSG00000095325",78.4870386544921,0.138762166041666,0.507275938441975,0.273543757008965,0.784435261168547,0.889950941885813
"ENSMUSG00000095327",0.0355187493373064,1.16171280725677,7.35565536667627,0.157934643392857,0.874508299155349,NA
"ENSMUSG00000095328",0,NA,NA,NA,NA,NA
"ENSMUSG00000095330",0.0758585930411247,1.15907025491629,7.3560447103156,0.157567048673711,0.874797970504566,NA
"ENSMUSG00000095331",0.0380762098104571,-1.67431590235222,7.3501929692546,-0.227792101425878,0.819807867435575,NA
"ENSMUSG00000095332",2.06603901714078,1.17563087541919,1.7225155208198,0.682508146492446,0.494917693321636,NA
"ENSMUSG00000095335",82.1829947813931,2.10962246880701,4.20588704986251,0.50158799886839,0.615957363031858,0.778909880205951
"ENSMUSG00000095338",0.670201700881133,0,7.3561311249555,0,1,NA
"ENSMUSG00000095339",0.141797861619863,3.15955370508023,7.24917028038463,0.435850391544753,0.662945279998898,NA
"ENSMUSG00000095341",0.043305555640439,0,7.3561311249555,0,1,NA
"ENSMUSG00000095344",0,NA,NA,NA,NA,NA
"ENSMUSG00000095346",0,NA,NA,NA,NA,NA
"ENSMUSG00000095351",84.8573787207499,0,2.66328516286339,0,1,1
"ENSMUSG00000095353",0,NA,NA,NA,NA,NA
"ENSMUSG00000095356",0,NA,NA,NA,NA,NA
"ENSMUSG00000095358",0.0729963238563096,-0.233018849885769,7.34997852971398,-0.0317033374919037,0.974708633292466,NA
"ENSMUSG00000095360",0,NA,NA,NA,NA,NA
"ENSMUSG00000095362",83.7630026316516,-0.850748913650312,0.439431266831193,-1.93602271359795,0.0528649191560422,0.173380798227431
"ENSMUSG00000095363",0.198023380452632,1.15862419825408,7.35603339306399,0.157506652885309,0.874845565094198,NA
"ENSMUSG00000095365",0,NA,NA,NA,NA,NA
"ENSMUSG00000095366",1.96281237181479,1.37813011319051,2.0614466796017,0.66852571392086,0.503798073618617,NA
"ENSMUSG00000095368",0.132879978419421,0,7.3561311249555,0,1,NA
"ENSMUSG00000095370",163.934693575708,0.87740614641124,0.48453742870847,1.81081190930896,0.0701699721780167,0.206069570701038
"ENSMUSG00000095371",0.140999904487134,3.15149514619264,7.24926923201501,0.43473280482875,0.663756383882505,NA
"ENSMUSG00000095377",0.411125604611186,2.1967722399029,7.23858463835489,0.303480908168555,0.761523394923949,NA
"ENSMUSG00000095383",0.114228629431371,-3.13863321915088,7.26774571323647,-0.431857874916372,0.665844712909321,NA
"ENSMUSG00000095384",0,NA,NA,NA,NA,NA
"ENSMUSG00000095386",0,NA,NA,NA,NA,NA
"ENSMUSG00000095387",18.5248462063358,-1.59213151298252,1.19924599169678,-1.32761045190559,0.184306829891506,NA
"ENSMUSG00000095388",0.0377710316795795,-1.66687820078624,7.3500044436587,-0.226786012656681,0.820590140632455,NA
"ENSMUSG00000095390",0.301039492129115,-0.988467568156543,7.30136404842618,-0.135381219399628,0.892310472171344,NA
"ENSMUSG00000095392",0.0711677912777981,0,7.3561311249555,0,1,NA
"ENSMUSG00000095398",0.037884677235805,-1.66965411815984,7.35007479826571,-0.227161513860213,0.820298152904591,NA
"ENSMUSG00000095399",0,NA,NA,NA,NA,NA
"ENSMUSG00000095401",32.7426687980747,0.250832382599335,0.773110104274311,0.324445872861514,0.7456004948353,NA
"ENSMUSG00000095403",38.7575114609361,1.15274359337646,0.706617323295189,1.63135484423285,0.102815467147298,NA
"ENSMUSG00000095407",0.237087296014488,0.771660078173432,7.27885607778036,0.106013921683247,0.915571306528419,NA
"ENSMUSG00000095408",0,NA,NA,NA,NA,NA
"ENSMUSG00000095409",0.076211692600074,1.16079347357143,7.35570017470793,0.157808698832335,0.874607543876297,NA
"ENSMUSG00000095411",0.0406180793754555,0,7.3561311249555,0,1,NA
"ENSMUSG00000095412",0,NA,NA,NA,NA,NA
"ENSMUSG00000095413",0.582191130963186,0,7.3561311249555,0,1,NA
"ENSMUSG00000095416",7.58447101711421,0,7.3561311249555,0,1,NA
"ENSMUSG00000095419",0.886255074931629,0,4.95551075149028,0,1,NA
"ENSMUSG00000095423",0,NA,NA,NA,NA,NA
"ENSMUSG00000095426",9.88937363796687,-2.52173815327082,1.1797264695224,-2.13756173012861,0.0325523305771135,NA
"ENSMUSG00000095427",16.3469015465552,-0.74107377855576,1.16867779656543,-0.63411299567226,0.526007082190368,NA
"ENSMUSG00000095429",0.703891737713303,1.12061122943304,7.35533359972755,0.152353555992967,0.878908086314546,NA
"ENSMUSG00000095430",0.0406180793754555,0,7.3561311249555,0,1,NA
"ENSMUSG00000095432",220.925917017147,-0.471193251466017,0.311601537528329,-1.51216600278546,0.130491637403519,0.305026475646512
"ENSMUSG00000095436",0.0355187493373064,1.16171280725677,7.35565536667627,0.157934643392857,0.874508299155349,NA
"ENSMUSG00000095440",0.31469084800759,2.16082631015887,7.28484516519371,0.296619387393858,0.766757107674334,NA
"ENSMUSG00000095442",7.73540777094872,1.13174005827899,7.35561621778295,0.153860672548806,0.87771959354951,NA
"ENSMUSG00000095444",0,NA,NA,NA,NA,NA
"ENSMUSG00000095445",0,NA,NA,NA,NA,NA
"ENSMUSG00000095448",9.8769986951605,0.0370082833387284,1.26551372403551,0.0292436839173228,0.976670241389987,NA
"ENSMUSG00000095450",8.32966896986059,-1.01916862583097,1.30389231871731,-0.781635577724363,0.434428771931173,NA
"ENSMUSG00000095452",0,NA,NA,NA,NA,NA
"ENSMUSG00000095455",0,NA,NA,NA,NA,NA
"ENSMUSG00000095456",0,NA,NA,NA,NA,NA
"ENSMUSG00000095457",5.57729004714836,3.47530754036003,2.47542459795016,1.40392381300479,0.160341537765409,NA
"ENSMUSG00000095460",0,NA,NA,NA,NA,NA
"ENSMUSG00000095462",0,NA,NA,NA,NA,NA
"ENSMUSG00000095463",178.750556492993,-0.363934477156481,0.264448420004057,-1.37620212346475,0.168759064870909,0.356624443140889
"ENSMUSG00000095464",0.896173270440634,-0.474343064924134,6.29853888220123,-0.0753100161474846,0.939968052382498,NA
"ENSMUSG00000095465",0.239452563186849,-1.65989510538422,7.3498254305365,-0.225841432707751,0.821324750812869,NA
"ENSMUSG00000095466",0.486577470707355,-0.977238527104205,7.28862606458825,-0.134077193485356,0.89334153375423,NA
"ENSMUSG00000095469",0,NA,NA,NA,NA,NA
"ENSMUSG00000095470",0.0814240647049382,0,7.35613112495549,0,1,NA
"ENSMUSG00000095474",0.333105859690451,-3.90013692214396,7.24541057321486,-0.53829067141649,0.590376390601293,NA
"ENSMUSG00000095475",0.188089237189111,-3.55477171377927,7.25417277111022,-0.49003130004515,0.624111750318289,NA
"ENSMUSG00000095478",0.076997015932716,1.14815279516173,7.35603549111681,0.156083096193357,0.875967522340353,NA
"ENSMUSG00000095483",0.262725919775527,-3.47487353239417,7.26151277594224,-0.478533005396149,0.632270888609309,NA
"ENSMUSG00000095484",0.134662186108417,-1.45232134933982,7.34458032706682,-0.197740549448089,0.843248062203078,NA
"ENSMUSG00000095486",0.306847891687485,-3.55283844623647,7.25420223623622,-0.489762806513625,0.624301752566764,NA
"ENSMUSG00000095487",0,NA,NA,NA,NA,NA
"ENSMUSG00000095490",0.0380238029362655,-1.67621737847141,7.35001723211208,-0.228056251507554,0.819602510141023,NA
"ENSMUSG00000095492",0.189650634282094,-0.113264044665369,7.2237538528889,-0.015679388718384,0.987490170397029,NA
"ENSMUSG00000095493",0.0474375977968173,0,7.3561311249555,0,1,NA
"ENSMUSG00000095494",0,NA,NA,NA,NA,NA
"ENSMUSG00000095495",21.3101957065869,-0.482283595773203,0.800702455128888,-0.602325611322835,0.546957415914704,NA
"ENSMUSG00000095497",1.18376020728548,-1.65289345040446,7.3496500439068,-0.224894170542825,0.8220616043773,NA
"ENSMUSG00000095498",0.167967775445454,0,7.3561311249555,0,1,NA
"ENSMUSG00000095499",0.662008660612183,-0.947931984242634,2.90124720020995,-0.326732580448173,0.743870155860912,NA
"ENSMUSG00000095500",0,NA,NA,NA,NA,NA
"ENSMUSG00000095503",0,NA,NA,NA,NA,NA
"ENSMUSG00000095505",0.155031957343326,0,7.3561311249555,0,1,NA
"ENSMUSG00000095508",0,NA,NA,NA,NA,NA
"ENSMUSG00000095510",0.0258431066065908,0,7.3561311249555,0,1,NA
"ENSMUSG00000095512",0.425186697126358,0,5.76615045233742,0,1,NA
"ENSMUSG00000095514",0.881559377801377,0.304452236889559,2.9267560272125,0.104023784032154,0.91715047403272,NA
"ENSMUSG00000095517",0.146306957756509,2.73326982807839,7.26140632371924,0.376410533473415,0.706611716280773,NA
"ENSMUSG00000095518",0,NA,NA,NA,NA,NA
"ENSMUSG00000095519",13.8191613860095,0,4.02002532808064,0,1,NA
"ENSMUSG00000095520",0.0352597853922181,1.155567702399,7.35595536263211,0.157092810577567,0.875171703562209,NA
"ENSMUSG00000095522",0.0763491063424948,1.15357933192358,7.35605268250734,0.156820428253156,0.875386372633268,NA
"ENSMUSG00000095523",0,NA,NA,NA,NA,NA
"ENSMUSG00000095524",3.27566882841714,-0.636321055194598,1.74503804581365,-0.364645949537395,0.715375710309032,NA
"ENSMUSG00000095525",0.0450384044921535,0,7.3561311249555,0,1,NA
"ENSMUSG00000095526",0.540876838637676,-2.92503602986493,7.27697532802151,-0.401957667576729,0.687715181078763,NA
"ENSMUSG00000095527",0.106556248011919,2.74727956207311,7.26104728326191,0.378358583121489,0.705164231160339,NA
"ENSMUSG00000095528",0.158437681717455,-2.61802765683676,7.29280663873191,-0.358987669155038,0.719604313877533,NA
"ENSMUSG00000095532",0,NA,NA,NA,NA,NA
"ENSMUSG00000095533",0.132879978419421,0,7.3561311249555,0,1,NA
"ENSMUSG00000095534",0.194703066657562,-3.13157707608235,7.2678920971423,-0.430878311651555,0.666556854121209,NA
"ENSMUSG00000095538",0.152304839241828,-3.55232820134153,7.25421207485117,-0.489691804525086,0.624352002042539,NA
"ENSMUSG00000095540",0.0781713122594827,-1.67303769857049,7.35016062596607,-0.227619202315133,0.819942290491943,NA
"ENSMUSG00000095543",0.0865739041300569,0,7.3561311249555,0,1,NA
"ENSMUSG00000095544",0.0810204755745974,0,7.3561311249555,0,1,NA
"ENSMUSG00000095545",97.5412590115594,-0.981178317885943,0.607820902053474,-1.6142556377563,0.106471988259585,0.268214985715087
"ENSMUSG00000095546",0,NA,NA,NA,NA,NA
"ENSMUSG00000095547",1233.38590509371,-0.0840067025505258,1.17771832687703,-0.071330046101335,0.943135082795451,0.979089507816953
"ENSMUSG00000095549",0,NA,NA,NA,NA,NA
"ENSMUSG00000095550",0.82586654345721,-0.273691652415567,7.10447503381869,-0.0385238390046754,0.969270024811789,NA
"ENSMUSG00000095551",0.0380762098104571,-1.67431590235222,7.3501929692546,-0.227792101425878,0.819807867435575,NA
"ENSMUSG00000095552",0.15730483434766,1.15719446671278,7.3558758323474,0.157315660716298,0.87499607846714,NA
"ENSMUSG00000095554",0,NA,NA,NA,NA,NA
"ENSMUSG00000095557",0.318405517208071,1.1551852382809,7.35594561774271,0.157041024813257,0.875212516083559,NA
"ENSMUSG00000095560",86.8002392706466,-0.462779161502884,0.845314982118367,-0.547463574279915,0.58406028897537,0.754258856821975
"ENSMUSG00000095561",0.116448380626016,-0.231551013218804,7.35004972155874,-0.0315033260985476,0.974868139619938,NA
"ENSMUSG00000095562",45.3985439182822,3.28885141902776,1.36277920854846,2.41334135302138,0.0158070076913843,NA
"ENSMUSG00000095564",0.187484047678175,-1.09446078561804,7.2944299813724,-0.150040618446258,0.880732569082144,NA
"ENSMUSG00000095565",9.56446920764262,0,7.3561311249555,0,1,NA
"ENSMUSG00000095567",982.359534076185,0.113203291390806,0.179272116385116,0.631460673714703,0.527739355069645,0.713639333086654
"ENSMUSG00000095569",0.116438299774647,-1.66297288588916,7.34990426205537,-0.226257761543158,0.82100094796121,NA
"ENSMUSG00000095570",0,NA,NA,NA,NA,NA
"ENSMUSG00000095571",76.7107745425449,1.12452839514419,4.24904685993037,0.264654270054959,0.791275808796705,0.894351566089069
"ENSMUSG00000095572",6.01384166304816,-0.260361876155861,1.05769367782975,-0.24616000039831,0.805558378029108,NA
"ENSMUSG00000095573",0,NA,NA,NA,NA,NA
"ENSMUSG00000095574",236.867242020853,-0.531929964694294,0.544194844546851,-0.977462337294338,0.328340314678907,0.537981768705618
"ENSMUSG00000095576",0.112349970332263,2.15774052210565,7.2849215656609,0.296192690979219,0.767082930305794,NA
"ENSMUSG00000095577",0.0380762098104571,-1.67431590235222,7.3501929692546,-0.227792101425878,0.819807867435575,NA
"ENSMUSG00000095578",0,NA,NA,NA,NA,NA
"ENSMUSG00000095583",42.2640663345393,0,7.3561311249555,0,1,NA
"ENSMUSG00000095585",0.0383761966918951,-1.6815756934228,7.35037702719684,-0.228774073384381,0.819044518858441,NA
"ENSMUSG00000095586",0.0761524196209141,-2.55627499047924,7.29465809108018,-0.350431090609309,0.726015196884991,NA
"ENSMUSG00000095588",2.26899494197221,-0.687455655290634,2.34760659505292,-0.292832562636048,0.769650137324154,NA
"ENSMUSG00000095589",31.2826549293865,1.17701657162057,3.6466458939072,0.32276689480246,0.746871786327205,NA
"ENSMUSG00000095591",0.277046085984625,0.769973768056644,7.2789625820972,0.105780701490404,0.915756348850288,NA
"ENSMUSG00000095592",0,NA,NA,NA,NA,NA
"ENSMUSG00000095593",0.121854238126367,0,7.3561311249555,0,1,NA
"ENSMUSG00000095595",2015.01313656983,-0.406053895130074,0.13862030682168,-2.92925260692446,0.00339778167698725,0.0349501268231206
"ENSMUSG00000095597",3132.74345041503,-0.650336956502388,0.260073965429179,-2.50058461418539,0.0123988510359785,0.0714234513348761
"ENSMUSG00000095599",0.113458059428225,-3.130112278798,7.26794501009525,-0.430673632567424,0.666705693538155,NA
"ENSMUSG00000095600",1.36849789964482,-0.0832341278216588,2.40977756651178,-0.0345401704200204,0.97244641008273,NA
"ENSMUSG00000095601",0.0516553873225522,1.71317387804007,7.29739565641716,0.234765107813984,0.814391050846786,NA
"ENSMUSG00000095603",0.120235307422739,0,7.3561311249555,0,1,NA
"ENSMUSG00000095605",0.423809377022372,-1.68080552467151,5.76539353631747,-0.291533529165659,0.770643304396015,NA
"ENSMUSG00000095606",0,NA,NA,NA,NA,NA
"ENSMUSG00000095607",90.2783692421969,0.527019863370951,0.67042332517945,0.786100130436072,0.431808827904754,0.634427803780989
"ENSMUSG00000095608",0,NA,NA,NA,NA,NA
"ENSMUSG00000095609",2.92272782627141,0,3.93284620240918,0,1,NA
"ENSMUSG00000095612",74.6555647419022,0,4.12256784784802,0,1,1
"ENSMUSG00000095614",0.0419195223311899,0,7.3561311249555,0,1,NA
"ENSMUSG00000095619",0.22950680322835,-3.86213865793642,7.24619800735199,-0.532988286273421,0.594041688934629,NA
"ENSMUSG00000095620",22.3592077098825,-0.137394092486465,0.724855053491845,-0.18954698849735,0.849664131019387,NA
"ENSMUSG00000095621",0,NA,NA,NA,NA,NA
"ENSMUSG00000095623",0,NA,NA,NA,NA,NA
"ENSMUSG00000095625",0,NA,NA,NA,NA,NA
"ENSMUSG00000095627",0.223084837343592,0.474286333442363,7.19884828524087,0.0658836406393989,0.947470465160609,NA
"ENSMUSG00000095629",0.0948751955936346,0,7.3561311249555,0,1,NA
"ENSMUSG00000095630",326.652609383761,-2.70578431536314,2.79761282379778,-0.967176119706951,0.333455997920084,0.541872848831174
"ENSMUSG00000095632",0.0880108891472707,0,7.3561311249555,0,1,NA
"ENSMUSG00000095633",0.832260675346915,0,7.3561311249555,0,1,NA
"ENSMUSG00000095634",0.0406019005613512,0,7.3561311249555,0,1,NA
"ENSMUSG00000095638",1.01576253115796,2.06245054465957,2.79840341255145,0.737009730408785,0.461116432088202,NA
"ENSMUSG00000095640",0.422910420821865,-0.128652731491858,7.16479012849464,-0.0179562456379847,0.985673758700193,NA
"ENSMUSG00000095642",16.7407371399143,0,6.50715946523786,0,1,NA
"ENSMUSG00000095643",16.9027438278367,0.226680181061633,1.76679749380644,0.128300035434885,0.89791153706497,NA
"ENSMUSG00000095646",45.4403572125088,-0.177491926019067,0.854683855818075,-0.207669683720862,0.835486890484676,NA
"ENSMUSG00000095647",0.520415101644882,0.155611138422355,7.12535983597058,0.0218390568342656,0.982576338760071,NA
"ENSMUSG00000095648",7.22277547132533,1.14200733800109,1.28814400957577,0.886552535672768,0.375319857698981,NA
"ENSMUSG00000095649",9.96499724654776,-5.04303655512577,1.84798354985122,-2.72894017673036,0.00635382292845653,NA
"ENSMUSG00000095650",0.133863359316634,0,7.3561311249555,0,1,NA
"ENSMUSG00000095653",0.0380762098104571,-1.67431590235222,7.3501929692546,-0.227792101425878,0.819807867435575,NA
"ENSMUSG00000095654",0.0820795454768828,1.14449754322093,7.35594231886206,0.155588161735066,0.876357656864,NA
"ENSMUSG00000095655",0,NA,NA,NA,NA,NA
"ENSMUSG00000095656",0,NA,NA,NA,NA,NA
"ENSMUSG00000095657",0.0406180793754555,0,7.3561311249555,0,1,NA
"ENSMUSG00000095658",0.321914288126861,3.96801761695042,7.23380662874967,0.548537971858432,0.583322563639679,NA
"ENSMUSG00000095659",0.177593746686532,3.48428321107886,7.24198032535917,0.481122987710692,0.630429091055055,NA
"ENSMUSG00000095661",6.79671324027604,-7.66072440997351,2.81117661065855,-2.72509538565736,0.0064282912756751,NA
"ENSMUSG00000095662",0,NA,NA,NA,NA,NA
"ENSMUSG00000095663",0.239078183178761,-0.227333398541949,7.34960623201468,-0.0309313712007714,0.97532427128661,NA
"ENSMUSG00000095664",0.0710374986746129,2.16226366003378,7.28481246100722,0.296818026765623,0.766605441993722,NA
"ENSMUSG00000095666",0,NA,NA,NA,NA,NA
"ENSMUSG00000095667",0.122084730048953,1.15343456327988,7.35605977287841,0.156800596908221,0.875402002406603,NA
"ENSMUSG00000095668",0,NA,NA,NA,NA,NA
"ENSMUSG00000095670",0.0355187493373064,1.16171280725677,7.35565536667627,0.157934643392857,0.874508299155349,NA
"ENSMUSG00000095672",0.0899510492909844,0,7.3561311249555,0,1,NA
"ENSMUSG00000095673",0.0406180793754555,0,7.3561311249555,0,1,NA
"ENSMUSG00000095675",0,NA,NA,NA,NA,NA
"ENSMUSG00000095677",2769.3365110713,-0.980063912844942,0.225593022694195,-4.34438929511343,1.39663652294287e-05,0.0023967377612348
"ENSMUSG00000095680",0.844053214466907,-3.39392705993588,3.31524188226599,-1.02373437005933,0.305960756714911,NA
"ENSMUSG00000095681",0.279731622519793,3.15879894843527,7.24917952514058,0.43574571956459,0.663021230371599,NA
"ENSMUSG00000095682",42.8346958653564,0,3.15051941185415,0,1,NA
"ENSMUSG00000095683",1.69492124115265,-0.520932096633384,4.21687321701148,-0.123535157408069,0.901683335909894,NA
"ENSMUSG00000095686",0.32412601005542,4.1575181214374,7.23126350231492,0.574936609640413,0.56533416930446,NA
"ENSMUSG00000095687",2192.41023860227,-0.512446181576007,0.206317566758183,-2.48377387164819,0.0129998328732727,0.0733048191399319
"ENSMUSG00000095689",26.4703087623538,-0.60732277176521,0.69111802359673,-0.878754063748142,0.3795346380178,NA
"ENSMUSG00000095690",252.646236129101,-2.09989806414623,2.21416823355488,-0.948391378903857,0.342930246646093,0.551562821229558
"ENSMUSG00000095693",0.281343361737403,1.15167523875248,7.3558551853315,0.156565784634949,0.875587069826718,NA
"ENSMUSG00000095696",0.632857175761023,1.45886412791358,5.69527778232866,0.256153287630701,0.797832476570276,NA
"ENSMUSG00000095698",0,NA,NA,NA,NA,NA
"ENSMUSG00000095700",16.3108785985364,0,7.3561311249555,0,1,NA
"ENSMUSG00000095702",0.188175569327987,-2.11349396905061,7.25386203705817,-0.291361202936215,0.770775083521044,NA
"ENSMUSG00000095704",0.0407969102058399,0,7.3561311249555,0,1,NA
"ENSMUSG00000095706",0,NA,NA,NA,NA,NA
"ENSMUSG00000095710",3.24493600305549,0,7.3561311249555,0,1,NA
"ENSMUSG00000095711",89.834216576609,0.577256891249441,0.772558652208269,0.747201380243972,0.454942011064952,0.653948621681789
"ENSMUSG00000095716",0.0380069620103395,-1.67131981851691,7.35015030462762,-0.22738580154812,0.820123759876094,NA
"ENSMUSG00000095717",0.0397764939060402,0,7.3561311249555,0,1,NA
"ENSMUSG00000095718",0.370540863596853,-3.66347234946462,7.24890435254843,-0.505382906339036,0.613289922454117,NA
"ENSMUSG00000095721",0.0710374986746129,2.16226366003378,7.28481246100722,0.296818026765623,0.766605441993722,NA
"ENSMUSG00000095724",7.5129322450296,0.0701944180895012,1.09007879304964,0.0643938938515839,0.948656591938512,NA
"ENSMUSG00000095728",0.126693392151163,1.15043213108148,7.35609360327569,0.156391719997851,0.875724263356337,NA
"ENSMUSG00000095730",5.8208891734198,0.746540970089085,1.31962737388654,0.565721039788972,0.571583430227071,NA
"ENSMUSG00000095736",14.5002044569517,0.841953084905809,1.26384668541137,0.666182927584893,0.505294183891513,NA
"ENSMUSG00000095737",54.073705604432,0,7.3561311249555,0,1,NA
"ENSMUSG00000095741",0.120703048493046,0,7.3561311249555,0,1,NA
"ENSMUSG00000095742",245.724974914951,-0.506542527406925,0.530401076204348,-0.955017910279971,0.339568639738698,0.548290755278836
"ENSMUSG00000095743",0.326439996744245,3.14539928099098,7.24934444300912,0.433887409505591,0.664370203034853,NA
"ENSMUSG00000095745",0.0787002210716157,-1.67223105602295,7.35014011907129,-0.227510092179609,0.820027122557449,NA
"ENSMUSG00000095753",47.5262059421651,0,3.06571881907401,0,1,NA
"ENSMUSG00000095754",0.162964853092718,2.15234154905637,7.28505219108041,0.29544627719917,0.767652986050609,NA
"ENSMUSG00000095755",0.28284973720553,-0.235122978030099,7.34980427600165,-0.0319903726957485,0.974479728445321,NA
"ENSMUSG00000095756",163.934693575708,0.87740614641124,0.48453742870847,1.81081190930896,0.0701699721780167,0.206069570701038
"ENSMUSG00000095758",0,NA,NA,NA,NA,NA
"ENSMUSG00000095759",0,NA,NA,NA,NA,NA
"ENSMUSG00000095761",1.40525529483744,0,7.3561311249555,0,1,NA
"ENSMUSG00000095762",5.08672605221592,-1.37767322495421,2.21605171658093,-0.62167918494239,0.534152841233299,NA
"ENSMUSG00000095763",0,NA,NA,NA,NA,NA
"ENSMUSG00000095765",1.12607176361497,1.43784210947329,2.61483308691568,0.54987911720564,0.582402288355783,NA
"ENSMUSG00000095766",1.11669313460509,-3.869451336275,7.1008000952982,-0.544931737880801,0.585800466979264,NA
"ENSMUSG00000095768",0.0406087823861465,0,7.3561311249555,0,1,NA
"ENSMUSG00000095769",0,NA,NA,NA,NA,NA
"ENSMUSG00000095770",0.451239477247514,-1.52283828060727,7.13716143685229,-0.213367498280785,0.831040329402964,NA
"ENSMUSG00000095771",376.872982303389,0.109456759656019,2.87137374462896,0.0381199973917584,0.96959200728393,0.991149637228712
"ENSMUSG00000095773",0.619670064362742,-0.106919721866997,7.17159820483506,-0.0149087719101318,0.988104961728633,NA
"ENSMUSG00000095774",1.1399833952574,-0.177193666607079,2.25794210071856,-0.0784757352948461,0.937449631116076,NA
"ENSMUSG00000095779",0.365095564850323,1.15651015167731,7.35597953450251,0.157220414528454,0.875071139910258,NA
"ENSMUSG00000095785",0.172783063071988,0,7.3561311249555,0,1,NA
"ENSMUSG00000095787",8.32966896986059,-1.01916862583097,1.30389231871731,-0.781635577724363,0.434428771931173,NA
"ENSMUSG00000095788",20.8432996218081,-2.88654422705561,1.92653356276568,-1.49830985706357,0.134052764263753,NA
"ENSMUSG00000095789",10.8003609876038,0.000865131237259115,0.945830817542684,0.000914678630906497,0.999270192144067,NA
"ENSMUSG00000095793",0,NA,NA,NA,NA,NA
"ENSMUSG00000095794",239.34770198454,-36.9120795526253,3.4489779313266,-10.7023240761728,9.92569801069521e-27,3.27051749452407e-23
"ENSMUSG00000095797",0.123418367365562,-2.69358255006175,7.2915989685429,-0.369409036575144,0.711822863378173,NA
"ENSMUSG00000095799",0.109817198288165,0,7.3561311249555,0,1,NA
"ENSMUSG00000095802",0,NA,NA,NA,NA,NA
"ENSMUSG00000095804",0.999439475835518,0.435969135184279,3.14474681307337,0.138634097146347,0.889739297845638,NA
"ENSMUSG00000095806",0,NA,NA,NA,NA,NA
"ENSMUSG00000095807",0,NA,NA,NA,NA,NA
"ENSMUSG00000095809",8.07592084454651,0.409785513598958,1.28088834538793,0.319922899661368,0.749026778038147,NA
"ENSMUSG00000095812",1.21380470712645,-3.14811410157727,3.14010843427385,-1.00254948753235,0.316078277952788,NA
"ENSMUSG00000095813",0,NA,NA,NA,NA,NA
"ENSMUSG00000095814",0,NA,NA,NA,NA,NA
"ENSMUSG00000095816",0.0425774740632087,0,7.3561311249555,0,1,NA
"ENSMUSG00000095817",0,NA,NA,NA,NA,NA
"ENSMUSG00000095820",0.0754755335805468,1.14841653755053,7.35604223282331,0.156118806989198,0.875939374294268,NA
"ENSMUSG00000095821",0.0406180793754555,0,7.3561311249555,0,1,NA
"ENSMUSG00000095822",0.114228629431371,-3.13863321915088,7.26774571323647,-0.431857874916372,0.665844712909321,NA
"ENSMUSG00000095824",0.0721541203040059,0,7.3561311249555,0,1,NA
"ENSMUSG00000095826",4.96948031994895,-0.0758965804234972,1.06745863254181,-0.0711002544827183,0.943317965637161,NA
"ENSMUSG00000095827",0.0899626045295708,-1.88817734575462,7.34114904940253,-0.257204605579871,0.797020828845725,NA
"ENSMUSG00000095829",4.88208411873934,0,2.92885284475585,0,1,NA
"ENSMUSG00000095831",0.952070577291343,-1.47168383301324,3.84004163546698,-0.383246842799994,0.701536748995248,NA
"ENSMUSG00000095834",0,NA,NA,NA,NA,NA
"ENSMUSG00000095836",1.65031317962414,1.13007279757725,2.41003896993759,0.468902292317087,0.639139477718619,NA
"ENSMUSG00000095837",0,NA,NA,NA,NA,NA
"ENSMUSG00000095839",0.0406180793754555,0,7.3561311249555,0,1,NA
"ENSMUSG00000095841",0,NA,NA,NA,NA,NA
"ENSMUSG00000095845",3.23340566502184,0.76524700137738,1.56596872449528,0.48867323427805,0.625073056056765,NA
"ENSMUSG00000095847",3.74598594496937,-1.62551699475371,1.1517533569029,-1.41134122597634,0.158144024070746,NA
"ENSMUSG00000095852",0,NA,NA,NA,NA,NA
"ENSMUSG00000095854",199.394392321449,0.256865567663168,0.43777735424852,0.586749326273622,0.55737207435354,0.735824697134383
"ENSMUSG00000095858",0.909048652661752,0.478609701004347,4.60586443883655,0.103913110635372,0.91723830265315,NA
"ENSMUSG00000095859",0.0706338799057252,0,7.3561311249555,0,1,NA
"ENSMUSG00000095862",79.7152139444799,-1.00808737323935,0.535885653093669,-1.8811613399606,0.0599499749226728,0.187711593953317
"ENSMUSG00000095863",0.836843103255535,0,7.3561311249555,0,1,NA
"ENSMUSG00000095864",0.0380762098104571,-1.67431590235222,7.3501929692546,-0.227792101425878,0.819807867435575,NA
"ENSMUSG00000095865",74.5117712998861,5.88723053239535,1.59015751792204,3.70229393380384,0.000213658880085392,0.00982333967276326
"ENSMUSG00000095866",0.0841175555054403,0,7.3561311249555,0,1,NA
"ENSMUSG00000095867",0.0821652881129978,0,7.3561311249555,0,1,NA
"ENSMUSG00000095869",1.67275637119502,-3.47039334549938,3.78013270664611,-0.918061246738202,0.358586802012776,NA
"ENSMUSG00000095870",0,NA,NA,NA,NA,NA
"ENSMUSG00000095872",0.138288696562673,0,7.35613112495549,0,1,NA
"ENSMUSG00000095873",0,NA,NA,NA,NA,NA
"ENSMUSG00000095874",0,NA,NA,NA,NA,NA
"ENSMUSG00000095879",0,NA,NA,NA,NA,NA
"ENSMUSG00000095886",0,NA,NA,NA,NA,NA
"ENSMUSG00000095887",0,NA,NA,NA,NA,NA
"ENSMUSG00000095889",0.136030919744589,0,7.3561311249555,0,1,NA
"ENSMUSG00000095890",0,NA,NA,NA,NA,NA
"ENSMUSG00000095891",501.110006347763,-0.285014481454032,1.18218124429888,-0.241092034600047,0.809483786191964,0.904152228983906
"ENSMUSG00000095893",0.0381979668618393,0,7.3561311249555,0,1,NA
"ENSMUSG00000095895",2.3497760301283,-0.725139373687604,1.80237057314524,-0.402325351119217,0.687444599841666,NA
"ENSMUSG00000095896",0.0355187493373064,1.16171280725677,7.35565536667627,0.157934643392857,0.874508299155349,NA
"ENSMUSG00000095897",0,NA,NA,NA,NA,NA
"ENSMUSG00000095899",0,NA,NA,NA,NA,NA
"ENSMUSG00000095900",0.105779356176654,2.73700805459944,7.26138740136681,0.37692632320984,0.70622835866343,NA
"ENSMUSG00000095901",0.259360802890412,-0.145761376169755,7.34234260914886,-0.0198521621679885,0.984161306674636,NA
"ENSMUSG00000095903",0.475737903399581,-3.87241449540725,7.24607781895804,-0.534415250865204,0.593054269802493,NA
"ENSMUSG00000095905",0.203804788036438,-1.63972896050742,7.34931560917632,-0.223113150625898,0.82344744359444,NA
"ENSMUSG00000095906",0,NA,NA,NA,NA,NA
"ENSMUSG00000095907",0.0888828361408956,0,7.3561311249555,0,1,NA
"ENSMUSG00000095909",0.812025714676877,-1.29297231966716,3.81972157749427,-0.338499100899219,0.734987104524039,NA
"ENSMUSG00000095910",0.522761140701872,-2.98102328741225,7.27456212931005,-0.409787315638059,0.681961971793767,NA
"ENSMUSG00000095912",0.0406180793754555,0,7.3561311249555,0,1,NA
"ENSMUSG00000095914",0,NA,NA,NA,NA,NA
"ENSMUSG00000095916",0,NA,NA,NA,NA,NA
"ENSMUSG00000095917",24.7040942158797,0.397920820701603,0.820433149001104,0.485013094834211,0.627667056700671,NA
"ENSMUSG00000095918",4.36557226229853,-2.8510639596715,2.78515578959952,-1.0236640874159,0.305993963474835,NA
"ENSMUSG00000095920",0.471625947578985,-1.86032990552599,5.71331383060869,-0.325613113629326,0.744717089237926,NA
"ENSMUSG00000095922",0,NA,NA,NA,NA,NA
"ENSMUSG00000095923",0.0875853476336714,0,7.3561311249555,0,1,NA
"ENSMUSG00000095925",0,NA,NA,NA,NA,NA
"ENSMUSG00000095927",0,NA,NA,NA,NA,NA
"ENSMUSG00000095928",43.0590354473831,0.337053486501535,0.744244667936498,0.45287994798277,0.650635190677044,NA
"ENSMUSG00000095929",4.02818925125464,0.502075694386365,1.44530187919489,0.347384654800316,0.728302360093301,NA
"ENSMUSG00000095930",15.7231078912018,0.965931802726183,0.702836642185898,1.37433330129464,0.169338232408521,NA
"ENSMUSG00000095931",0.122456208451393,0,7.3561311249555,0,1,NA
"ENSMUSG00000095932",0.0380762098104571,-1.67431590235222,7.3501929692546,-0.227792101425878,0.819807867435575,NA
"ENSMUSG00000095934",0.0400922426516566,0,7.3561311249555,0,1,NA
"ENSMUSG00000095935",0.118462448780467,-1.66584499763551,7.34997825118007,-0.226646248561083,0.820698826798046,NA
"ENSMUSG00000095936",0.120824159343987,-2.56462198007625,7.29440375282048,-0.351587609759687,0.725147558642055,NA
"ENSMUSG00000095937",0,NA,NA,NA,NA,NA
"ENSMUSG00000095940",2.44500638879666,-0.818925887047931,1.74059041515012,-0.47048741617786,0.63800682265833,NA
"ENSMUSG00000095941",0.114228629431371,-3.13863321915088,7.26774571323647,-0.431857874916372,0.665844712909321,NA
"ENSMUSG00000095948",0,NA,NA,NA,NA,NA
"ENSMUSG00000095950",0,NA,NA,NA,NA,NA
"ENSMUSG00000095952",0.242033025066459,0,7.3561311249555,0,1,NA
"ENSMUSG00000095953",0.524958970101442,1.30478731542139,7.1414497103378,0.182706224694492,0.855028531378041,NA
"ENSMUSG00000095954",1.71975764108332,-5.33985143659967,3.70232619023123,-1.44229631918687,0.149218798129745,NA
"ENSMUSG00000095957",3.63754307654751,2.31431832883985,1.59518077502911,1.45081884452728,0.146830310837787,NA
"ENSMUSG00000095958",122.448059651102,-0.936188904257043,0.619378922615149,-1.51149622642026,0.130662069317458,0.305125101630776
"ENSMUSG00000095959",0,NA,NA,NA,NA,NA
"ENSMUSG00000095960",0,NA,NA,NA,NA,NA
"ENSMUSG00000095961",0.214521247197665,0,7.3561311249555,0,1,NA
"ENSMUSG00000095962",0.0729963238563096,-0.233018849885769,7.34997852971398,-0.0317033374919037,0.974708633292466,NA
"ENSMUSG00000095963",0.0435857157392683,0,7.3561311249555,0,1,NA
"ENSMUSG00000095964",0.0731028806186758,-0.232228335351575,7.35005533769637,-0.0315954540043449,0.974794668760534,NA
"ENSMUSG00000095970",0.0827185674759354,0,7.3561311249555,0,1,NA
"ENSMUSG00000095973",0.15232135901714,-3.55248265659366,7.25420966074066,-0.489713259298181,0.624336817901887,NA
"ENSMUSG00000095974",0,NA,NA,NA,NA,NA
"ENSMUSG00000095975",1.93880526369492,-1.86121566964196,2.89346086148527,-0.643248952981021,0.520062573556109,NA
"ENSMUSG00000095976",1.69492124115265,-0.520932096633384,4.21687321701148,-0.123535157408069,0.901683335909894,NA
"ENSMUSG00000095978",0,NA,NA,NA,NA,NA
"ENSMUSG00000095979",0,NA,NA,NA,NA,NA
"ENSMUSG00000095981",14.1021085194922,1.10908092640154,7.35503994512163,0.150791965057533,0.880139824744487,NA
"ENSMUSG00000095984",0,NA,NA,NA,NA,NA
"ENSMUSG00000095987",0.265396606413712,-4.35179936295794,7.23678874281702,-0.601343982478054,0.547610900757433,NA
"ENSMUSG00000095988",0.212668999423729,-0.448332273702375,7.34094305816478,-0.061072844476532,0.95130119573741,NA
"ENSMUSG00000095990",325.782212845515,-0.292592132602133,0.260333499654731,-1.12391272344967,0.261050053098273,0.470785824068282
"ENSMUSG00000095991",0.222553767377639,0,7.3561311249555,0,1,NA
"ENSMUSG00000095992",0,NA,NA,NA,NA,NA
"ENSMUSG00000095993",2.98668051293661,-0.976694003290502,1.7563295828988,-0.55609950023075,0.578142836733517,NA
"ENSMUSG00000095994",0.361769025593094,0.891538525615038,7.14744521864983,0.124735272302437,0.900733132203887,NA
"ENSMUSG00000095996",6.869705341392,0.00453019596092466,2.27677038954985,0.00198974652064952,0.99841241301883,NA
"ENSMUSG00000096000",0,NA,NA,NA,NA,NA
"ENSMUSG00000096001",6.16292124531164,1.03405794652987,1.71857513277521,0.601694931347013,0.547377224566888,NA
"ENSMUSG00000096002",0.304925722328128,-1.11051112917481,7.29419722420872,-0.152245832548801,0.878993046121831,NA
"ENSMUSG00000096003",0,NA,NA,NA,NA,NA
"ENSMUSG00000096006",7400.36078844871,-0.698710705179418,0.282539668528319,-2.47296497804657,0.0133997273614511,0.0746653353821555
"ENSMUSG00000096009",0.242715721950395,1.80676544811098,7.24012788225456,0.249548830834789,0.802936273762921,NA
"ENSMUSG00000096010",169.690605657276,0.112326740814305,0.38380402333015,0.292666918495748,0.769776758428289,0.879884742953704
"ENSMUSG00000096011",0,NA,NA,NA,NA,NA
"ENSMUSG00000096014",1.70375365426429,2.91367809714376,2.18255382718383,1.33498567634563,0.181881034506662,NA
"ENSMUSG00000096016",0,NA,NA,NA,NA,NA
"ENSMUSG00000096020",34.4307062081897,-3.10483933321764,3.95253275672443,-0.785531588052088,0.432141957378465,NA
"ENSMUSG00000096023",0.279700395118306,1.15891134645191,7.35579010551333,0.157550899336195,0.874810696862369,NA
"ENSMUSG00000096024",4.49020768883259,-0.329615071924097,1.39560486686471,-0.236180798555534,0.813292378623252,NA
"ENSMUSG00000096029",1.57922088123775,0.80516287988451,3.08424004969314,0.261057137872461,0.794048444809722,NA
"ENSMUSG00000096033",1.25711304298738,-3.69958100576806,2.82979251638811,-1.3073682909057,0.191087661118078,NA
"ENSMUSG00000096035",0.497904789440875,2.74554208893361,7.25502009723131,0.378433422945496,0.705108643178194,NA
"ENSMUSG00000096036",75.8632420288279,0.194891159775681,0.715768618328042,0.272282347654366,0.785404928183662,0.890744345467588
"ENSMUSG00000096038",9.30639764897948,0,7.29686411409889,0,1,NA
"ENSMUSG00000096039",0.95362421584045,3.3085143669355,5.50400493289786,0.601110356417062,0.547766485942951,NA
"ENSMUSG00000096042",0.0355187493373064,1.16171280725677,7.35565536667627,0.157934643392857,0.874508299155349,NA
"ENSMUSG00000096044",1.8484254343102,-2.46094255671602,3.16958770324492,-0.776423556349802,0.437498940380316,NA
"ENSMUSG00000096045",0.681286333403666,2.54280914421384,6.70986631330149,0.378965694021806,0.704713339268402,NA
"ENSMUSG00000096049",0.154439452969051,-3.12087139543711,7.26811550507474,-0.429392102156061,0.667637900390526,NA
"ENSMUSG00000096051",0.0380762098104571,-1.67431590235222,7.3501929692546,-0.227792101425878,0.819807867435575,NA
"ENSMUSG00000096054",174.621820840458,0.9884033950562,0.493728519395033,2.00191675430719,0.0452936854009525,0.158487815995899
"ENSMUSG00000096055",26.4703087623538,-0.60732277176521,0.69111802359673,-0.878754063748142,0.3795346380178,NA
"ENSMUSG00000096065",0.127085075880448,-1.6599246178388,7.3498282426515,-0.22584536169242,0.821321694873393,NA
"ENSMUSG00000096066",0.173249698726899,0,7.3561311249555,0,1,NA
"ENSMUSG00000096068",0,NA,NA,NA,NA,NA
"ENSMUSG00000096069",0.135654216461882,1.65317200291581,7.33510692542492,0.225378037392419,0.821685195771775,NA
"ENSMUSG00000096071",0.105672615972246,2.73542811588995,7.2612402302741,0.376716377525317,0.706384390541483,NA
"ENSMUSG00000096072",0,NA,NA,NA,NA,NA
"ENSMUSG00000096073",0.0705926450486007,2.15352586137438,7.28519873859662,0.29560289823874,0.767533360029904,NA
"ENSMUSG00000096074",20.5692602703078,-1.6482916004397,4.22898463524314,-0.389760602746889,0.696713578774449,NA
"ENSMUSG00000096078",13.7884745167763,0,7.3561311249555,0,1,NA
"ENSMUSG00000096081",0,NA,NA,NA,NA,NA
"ENSMUSG00000096083",0.299237650029879,-0.508163418351086,7.2068130750767,-0.0705115302779902,0.943786523558986,NA
"ENSMUSG00000096084",0.0380762098104571,-1.67431590235222,7.3501929692546,-0.227792101425878,0.819807867435575,NA
"ENSMUSG00000096086",2.00867341594583,0.265409920476273,1.66782837814872,0.159135030890215,0.873562489215472,NA
"ENSMUSG00000096088",0.423809377022372,-1.68080552467151,5.76539353631747,-0.291533529165659,0.770643304396015,NA
"ENSMUSG00000096094",3.69575390738829,-0.14353071136124,1.5007542000856,-0.0956390535858922,0.923807247073796,NA
"ENSMUSG00000096096",30.6944886282993,-0.457523915051266,0.639457630506001,-0.715487458784765,0.474307887524782,NA
"ENSMUSG00000096097",0,NA,NA,NA,NA,NA
"ENSMUSG00000096099",0.0781835672539312,-1.66607305201431,7.34998403127881,-0.226677098198326,0.820674836586815,NA
"ENSMUSG00000096100",0.0822864135553719,1.16880371353909,7.35582445922286,0.158894998109101,0.873751601561064,NA
"ENSMUSG00000096102",0.544676920229528,-1.66006743327577,6.1655273026901,-0.269249871385934,0.787737404932423,NA
"ENSMUSG00000096105",0.0381979668618393,0,7.3561311249555,0,1,NA
"ENSMUSG00000096106",42.2647287657831,-1.99051111330844,0.745285198130733,-2.67080457025161,0.007566968843671,NA
"ENSMUSG00000096107",13.3098918616961,1.4790855110187,1.24141629560171,1.19145005286224,0.233476953464474,NA
"ENSMUSG00000096108",4.29575954668294,0,7.3561311249555,0,1,NA
"ENSMUSG00000096109",4.52770206199805,1.06416607888265,1.57477879030635,0.675755912788002,0.499195630117461,NA
"ENSMUSG00000096119",0.195016983591717,-3.13241486994003,7.26784753218937,-0.430996227709309,0.666471113373822,NA
"ENSMUSG00000096120",0,NA,NA,NA,NA,NA
"ENSMUSG00000096122",0,NA,NA,NA,NA,NA
"ENSMUSG00000096127",0.037884677235805,-1.66965411815984,7.35007479826571,-0.227161513860213,0.820298152904591,NA
"ENSMUSG00000096129",214.188091850099,-0.700730177392383,0.564833005978241,-1.24059707909381,0.214754631528022,0.415460708650057
"ENSMUSG00000096131",0.0881445856062901,0,7.3561311249555,0,1,NA
"ENSMUSG00000096135",0.265139752254901,1.12264772793273,7.35538350542507,0.152629394117207,0.878690543428883,NA
"ENSMUSG00000096137",0.0757003621112326,0,7.3561311249555,0,1,NA
"ENSMUSG00000096138",16.1878028481536,1.00201774166087,0.921535934132223,1.08733442131525,0.276889041617141,NA
"ENSMUSG00000096139",0.36845685700511,1.31722429345587,7.25508896009718,0.181558668777264,0.855929087198137,NA
"ENSMUSG00000096140",0.424002583720785,0,7.3561311249555,0,1,NA
"ENSMUSG00000096141",7.785845272878,0.623343674992226,1.69499115401317,0.367756299799181,0.71305495659262,NA
"ENSMUSG00000096145",397.563611376099,-0.418236334310235,0.224960497023391,-1.85915456199738,0.0630052332772369,0.193960364666922
"ENSMUSG00000096146",0.135334140494613,0,7.3561311249555,0,1,NA
"ENSMUSG00000096149",61.6345049639545,-0.657932889384258,0.501590819169516,-1.31169244778762,0.189623925967688,NA
"ENSMUSG00000096150",31.9853198053645,0,5.61686987737108,0,1,NA
"ENSMUSG00000096151",12.0332504073208,0.746457563134186,1.06167606489464,0.703093521476597,0.481997469277226,NA
"ENSMUSG00000096152",0.174306763741936,0,7.3561311249555,0,1,NA
"ENSMUSG00000096154",0,NA,NA,NA,NA,NA
"ENSMUSG00000096156",0.271771237866499,0,7.3561311249555,0,1,NA
"ENSMUSG00000096157",0.0488582735869228,-1.88445199085273,7.34129618423011,-0.256691998737325,0.797416548724726,NA
"ENSMUSG00000096158",0.0810056039720248,1.12075366440299,7.35533722856053,0.152372845673363,0.878892872990388,NA
"ENSMUSG00000096160",0.0818380562388563,0,7.3561311249555,0,1,NA
"ENSMUSG00000096164",0.038176950441921,-1.67675951848744,7.35025491880284,-0.228122634794351,0.819550903953937,NA
"ENSMUSG00000096167",18.0217100823692,0.373634339095866,0.605734118516309,0.61682894800618,0.537347555972054,NA
"ENSMUSG00000096168",42.2647287657831,-1.99051111330844,0.745285198130733,-2.67080457025161,0.007566968843671,NA
"ENSMUSG00000096169",15.4338045405548,1.11805146803958,0.961398178137609,1.16294319405248,0.244852550865216,NA
"ENSMUSG00000096171",4.22279058204681,-3.90961294877377,2.14446071179819,-1.82312174210711,0.0682849542866936,NA
"ENSMUSG00000096173",0.201826890749764,0,7.3561311249555,0,1,NA
"ENSMUSG00000096175",1.35131638162214,-0.127735905333217,2.97601853722367,-0.0429217438451784,0.965763915639109,NA
"ENSMUSG00000096176",0,NA,NA,NA,NA,NA
"ENSMUSG00000096177",2.99510462217153,-0.333171909210843,1.51278115645093,-0.220238008511742,0.825685796739995,NA
"ENSMUSG00000096178",0,NA,NA,NA,NA,NA
"ENSMUSG00000096179",0.0917778009766329,0,7.35613112495549,0,1,NA
"ENSMUSG00000096180",0.229913023997464,0.474966101284337,7.1989189252752,0.065977420528622,0.947395802085413,NA
"ENSMUSG00000096183",0,NA,NA,NA,NA,NA
"ENSMUSG00000096188",138.028556641384,0.224126693380231,0.399351725201665,0.561226305625827,0.57464327231241,0.748399044375254
"ENSMUSG00000096192",0.686069999440085,-1.23472767097696,5.90634576772381,-0.209051030795443,0.834408401777299,NA
"ENSMUSG00000096194",0.0475722507710422,0,7.3561311249555,0,1,NA
"ENSMUSG00000096197",0.0759436179413185,-2.55241296670385,7.29477624033729,-0.349895991681005,0.72641675530478,NA
"ENSMUSG00000096199",884.951495833284,-0.575706656088005,0.251919273384951,-2.28528229838248,0.0222962802072182,0.101546584478231
"ENSMUSG00000096201",57.8217658619726,0.191130963332629,1.14761684711497,0.166545972040336,0.867727307852224,NA
"ENSMUSG00000096209",7.66022038066871,-0.0536396464069119,1.34635704315334,-0.0398405806837694,0.968220223192272,NA
"ENSMUSG00000096210",438.354882060877,-0.694856300038214,0.35403821379841,-1.96265903780055,0.0496858057790285,0.16774050209211
"ENSMUSG00000096213",0.0754755335805468,1.14841653755053,7.35604223282331,0.156118806989198,0.875939374294268,NA
"ENSMUSG00000096215",0.117328746366209,1.14717048943387,7.35601053436934,0.155950087900768,0.876072363824505,NA
"ENSMUSG00000096216",0.607260080462524,-0.635232260413177,3.43679073578133,-0.184832976241354,0.85336004216781,NA
"ENSMUSG00000096217",0,NA,NA,NA,NA,NA
"ENSMUSG00000096218",3.14072965926148,0.281634875751373,1.34561525611625,0.209298218395825,0.834215442494403,NA
"ENSMUSG00000096220",39.1262542907336,0.250120265255681,0.856747696952802,0.291941567097624,0.770331301215069,NA
"ENSMUSG00000096223",1.74310405880791,-5.35889106633112,7.22498026682972,-0.741717052285122,0.458258785944961,NA
"ENSMUSG00000096225",0.155745961841497,0.133486564615914,7.27173132612611,0.0183569164796174,0.985354122314065,NA
"ENSMUSG00000096228",0.733411200035981,1.35572612684599,4.35596269507059,0.311234558638482,0.755622312759841,NA
"ENSMUSG00000096229",2.05268678743683,-0.0275959226931974,2.1995231330922,-0.0125463207356231,0.989989747010115,NA
"ENSMUSG00000096230",0.563217153584955,-0.898952780399329,7.15980694986659,-0.125555449566427,0.900083829884543,NA
"ENSMUSG00000096233",0.362713951194238,2.09125199616737,7.23601807655519,0.289005910991718,0.772576854169601,NA
"ENSMUSG00000096235",0.0759610100839821,-2.5527350501268,7.2947663755832,-0.349940617518777,0.726383263517569,NA
"ENSMUSG00000096236",0,NA,NA,NA,NA,NA
"ENSMUSG00000096237",0.0406180793754555,0,7.3561311249555,0,1,NA
"ENSMUSG00000096240",0.326887206518007,2.13350143552998,7.28506064637248,0.292859804343885,0.769629313902817,NA
"ENSMUSG00000096244",0.111734238525822,-1.11338060167761,7.29421388326116,-0.152638875072283,0.878683066328141,NA
"ENSMUSG00000096250",0,NA,NA,NA,NA,NA
"ENSMUSG00000096254",0,NA,NA,NA,NA,NA
"ENSMUSG00000096255",3390.5416465513,0.134040200388736,0.247937823772242,0.540620218203845,0.588769379274135,0.758106723215426
"ENSMUSG00000096256",0.15730483434766,1.15719446671278,7.3558758323474,0.157315660716298,0.87499607846714,NA
"ENSMUSG00000096257",0,NA,NA,NA,NA,NA
"ENSMUSG00000096258",3.35922258624197,-0.309929688104979,1.24792424991826,-0.248356170757383,0.803858842023612,NA
"ENSMUSG00000096259",1.27783425167401,1.00826148411019,5.56106920422712,0.181307127655198,0.856126511687704,NA
"ENSMUSG00000096265",0.562871109279599,-3.50718092978937,7.22870706330643,-0.48517402892035,0.627552903016995,NA
"ENSMUSG00000096268",0,NA,NA,NA,NA,NA
"ENSMUSG00000096269",35.2599011076566,-0.481509458191703,0.585060479304367,-0.82300800553853,0.410503440935131,NA
"ENSMUSG00000096270",0.035403213677745,1.15734676211763,7.35586839114506,0.157336523789746,0.874979636884159,NA
"ENSMUSG00000096271",0,NA,NA,NA,NA,NA
"ENSMUSG00000096273",0.0894942627560043,-1.88736689108321,7.34118102862651,-0.257093086755868,0.797106914199009,NA
"ENSMUSG00000096275",0,NA,NA,NA,NA,NA
"ENSMUSG00000096276",0.676696265767957,0.631209139738649,6.60655677262116,0.0955428313814696,0.923883671318055,NA
"ENSMUSG00000096277",0.299960384836952,-0.521029953222026,7.15785226943779,-0.0727913812145427,0.941972129557541,NA
"ENSMUSG00000096278",0.0711026458975778,1.16422092175984,7.35553138385332,0.158278288950749,0.874237515390561,NA
"ENSMUSG00000096283",0.263737960667119,-2.6903319565828,7.24055384423667,-0.371564387816029,0.71021720804987,NA
"ENSMUSG00000096284",0.210506742330162,-2.64221151861432,7.29210478921679,-0.36233866558274,0.717098967441228,NA
"ENSMUSG00000096286",0,NA,NA,NA,NA,NA
"ENSMUSG00000096289",12.7115657293192,1.7728998862262,0.734226138856642,2.41465100791291,0.0157502926671901,NA
"ENSMUSG00000096293",0.185084653964531,-0.692328151010046,7.19570027552103,-0.0962141451840718,0.923350496703143,NA
"ENSMUSG00000096294",0.229040852395268,0,7.3561311249555,0,1,NA
"ENSMUSG00000096295",0,NA,NA,NA,NA,NA
"ENSMUSG00000096301",0,NA,NA,NA,NA,NA
"ENSMUSG00000096304",0.174306763741936,0,7.3561311249555,0,1,NA
"ENSMUSG00000096308",0.037884677235805,-1.66965411815984,7.35007479826571,-0.227161513860213,0.820298152904591,NA
"ENSMUSG00000096311",0,NA,NA,NA,NA,NA
"ENSMUSG00000096316",0.780500938427605,2.12872580382394,3.66805897295225,0.580341215754944,0.56168453835113,NA
"ENSMUSG00000096320",3.19272749663255,-0.466977858067081,1.66439549220763,-0.280569047593183,0.779040959216467,NA
"ENSMUSG00000096323",0,NA,NA,NA,NA,NA
"ENSMUSG00000096326",1.24806122616025,0,7.3561311249555,0,1,NA
"ENSMUSG00000096329",7.41952904889677,-0.718087912379568,1.32730539149162,-0.541011825147929,0.588499432096552,NA
"ENSMUSG00000096330",0.155307100502503,-1.97733265593543,7.35280544055455,-0.268922205533878,0.787989548677168,NA
"ENSMUSG00000096332",0.0425919574685933,0,7.3561311249555,0,1,NA
"ENSMUSG00000096333",0.0406781970142195,0,7.3561311249555,0,1,NA
"ENSMUSG00000096336",195.899103313666,35.7377394866692,3.07736661541211,11.613091305952,3.53596574491834e-31,1.74765106942589e-27
"ENSMUSG00000096337",0.0721541203040059,0,7.3561311249555,0,1,NA
"ENSMUSG00000096340",0,NA,NA,NA,NA,NA
"ENSMUSG00000096344",0.229068914712971,-1.66679167824526,7.35000224516302,-0.226774308721084,0.820599241949996,NA
"ENSMUSG00000096345",0.23024488627751,-3.12892165345682,7.2679449373196,-0.430509818172998,0.666824826247353,NA
"ENSMUSG00000096347",0,NA,NA,NA,NA,NA
"ENSMUSG00000096348",0.038176950441921,-1.67675951848744,7.35025491880284,-0.228122634794351,0.819550903953937,NA
"ENSMUSG00000096351",8.44251470654259,-0.686215598662195,0.957599010462052,-0.716600154307896,0.473620849248696,NA
"ENSMUSG00000096354",0.127085075880448,-1.6599246178388,7.3498282426515,-0.22584536169242,0.821321694873393,NA
"ENSMUSG00000096355",1.94299624955769,-1.72429561644367,7.35146073629031,-0.234551428389153,0.81455691237473,NA
"ENSMUSG00000096356",701.268841207078,0.553195260593546,0.360461383995188,1.53468661320163,0.124860825685801,0.296338358200274
"ENSMUSG00000096361",0,NA,NA,NA,NA,NA
"ENSMUSG00000096362",0.44663949256515,-0.448551310659672,5.02992638724106,-0.0891765159421556,0.928941628569885,NA
"ENSMUSG00000096363",0.677744855369045,-3.39845187291164,4.02645496541509,-0.84403076704008,0.398652213131504,NA
"ENSMUSG00000096365",0.46361190640423,-0.447105620642958,5.61696409537491,-0.0795991594482704,0.936556063760069,NA
"ENSMUSG00000096366",0.311963916786457,-3.86773633373836,7.24613826131578,-0.533765185572935,0.593504003336921,NA
"ENSMUSG00000096370",193.961879335079,0.650154005344175,0.504150135308485,1.28960394892357,0.197188203943001,0.393274487003645
"ENSMUSG00000096372",0.347977075029953,2.74247302150933,7.26112405937769,0.377692627075755,0.705658945558888,NA
"ENSMUSG00000096373",0.480090141378385,-3.13138576795921,7.26789606939278,-0.430851753803468,0.666576165830474,NA
"ENSMUSG00000096374",0.075859162436389,1.15896395421708,7.3560420008326,0.157552655910054,0.874809312606652,NA
"ENSMUSG00000096375",0,NA,NA,NA,NA,NA
"ENSMUSG00000096376",0.038034614287408,0,7.35613112495549,0,1,NA
"ENSMUSG00000096380",0.119435536218411,-1.67168785133799,7.35012634943319,-0.2274366142654,0.820084252105284,NA
"ENSMUSG00000096385",329.366071625473,-0.0023731290693517,1.12146705043568,-0.00211609344066754,0.99831160297454,1
"ENSMUSG00000096386",0.0865739041300569,0,7.3561311249555,0,1,NA
"ENSMUSG00000096393",25.087631064987,-0.658151402792648,0.922509401040852,-0.713435984554809,0.475576012556874,NA
"ENSMUSG00000096396",0,NA,NA,NA,NA,NA
"ENSMUSG00000096397",41.0593015436948,-0.320460771305844,0.938479876494486,-0.341467919912001,0.732751351345732,NA
"ENSMUSG00000096399",0.0407969102058399,0,7.3561311249555,0,1,NA
"ENSMUSG00000096400",0.549271845308411,-0.244033902590744,4.89300621832793,-0.0498740225746407,0.960222778516057,NA
"ENSMUSG00000096401",59.3548445930687,0.643830933432551,0.46797836764709,1.37577071493628,0.168892630751595,NA
"ENSMUSG00000096403",0.779966409501633,2.14777931731219,6.68143572552964,0.321454759956093,0.747865790727964,NA
"ENSMUSG00000096405",0.320842519670036,-0.693274029148969,7.19588286931457,-0.0963431509016496,0.923248040995634,NA
"ENSMUSG00000096407",0.0927728663855858,0,7.3561311249555,0,1,NA
"ENSMUSG00000096409",4.78489852786226,0.940758474824888,1.39220691842143,0.675731791285432,0.499210947639984,NA
"ENSMUSG00000096410",19.0237353089887,0,3.31903988054623,0,1,NA
"ENSMUSG00000096413",0.111569355173545,-1.110245057297,7.29445515637113,-0.152203973223043,0.879026060297884,NA
"ENSMUSG00000096414",0,NA,NA,NA,NA,NA
"ENSMUSG00000096417",38.475740082675,-9.55496822319402,3.55868576083677,-2.68497104418326,0.00725360901067286,NA
"ENSMUSG00000096420",0,NA,NA,NA,NA,NA
"ENSMUSG00000096421",0,NA,NA,NA,NA,NA
"ENSMUSG00000096422",520.360662399785,0,3.76921655289991,0,1,1
"ENSMUSG00000096424",0.124426318274056,-1.65160693822876,7.34961744798476,-0.224720123178877,0.822197008930582,NA
"ENSMUSG00000096426",0.0353483935809347,1.15670772576334,7.35607680989134,0.157245194096937,0.875051611564629,NA
"ENSMUSG00000096427",0,NA,NA,NA,NA,NA
"ENSMUSG00000096429",0,NA,NA,NA,NA,NA
"ENSMUSG00000096433",288.062301884137,-0.0510648218266897,0.272566287615316,-0.187348267731333,0.85138758071647,0.9289215213002
"ENSMUSG00000096436",3.10007235487801,-2.04333195630566,1.63062132882106,-1.25310022639223,0.210169233673257,NA
"ENSMUSG00000096437",0.277015862750051,1.12010308681126,7.35531885904509,0.152284776265522,0.878962331656453,NA
"ENSMUSG00000096438",0,NA,NA,NA,NA,NA
"ENSMUSG00000096439",0,NA,NA,NA,NA,NA
"ENSMUSG00000096440",0.379803461217387,-0.118243263053369,7.17242881008907,-0.016485805043759,0.986846826484669,NA
"ENSMUSG00000096442",0,NA,NA,NA,NA,NA
"ENSMUSG00000096445",0,NA,NA,NA,NA,NA
"ENSMUSG00000096446",0.12343657143346,-1.67102496809067,7.35010960467693,-0.227346945551313,0.82015397139693,NA
"ENSMUSG00000096448",1.01996043639544,0.116175239390663,4.34367164523907,0.0267458613079094,0.978662434166994,NA
"ENSMUSG00000096449",1.37814155148228,1.63640155449251,2.34377205601705,0.698191426206082,0.485057487648036,NA
"ENSMUSG00000096450",0.607587474143632,-4.40819633965988,5.86015730320342,-0.752231742525097,0.451911707714964,NA
"ENSMUSG00000096452",19.7938518042241,0,6.20138436706285,0,1,NA
"ENSMUSG00000096453",0.222050649815806,0.474208865402603,7.19915984206083,0.0658700286986344,0.947481302377012,NA
"ENSMUSG00000096457",0,NA,NA,NA,NA,NA
"ENSMUSG00000096458",23.9005216539269,-1.95717640657902,1.27367812194199,-1.53663344989776,0.124383096448493,NA
"ENSMUSG00000096459",198.657737392054,0,2.33189103751526,0,1,1
"ENSMUSG00000096461",0.30843684600126,2.74338418198784,7.2612827784188,0.377809853396899,0.705571853380263,NA
"ENSMUSG00000096463",84.7660241122231,0.00305064860060433,0.79647618091428,0.00383018183557287,0.996943964520487,1
"ENSMUSG00000096464",14.8312155172616,0,7.35613112495549,0,1,NA
"ENSMUSG00000096465",1.75388721244957,1.94540937253435,2.19783040992349,0.885149902262965,0.37607578801274,NA
"ENSMUSG00000096467",0,NA,NA,NA,NA,NA
"ENSMUSG00000096468",0.0586415889065188,-2.18988243081172,7.30729713308681,-0.299684327998122,0.764417953930305,NA
"ENSMUSG00000096470",0.279700395118306,1.15891134645191,7.35579010551333,0.157550899336195,0.874810696862369,NA
"ENSMUSG00000096472",2944.48114298328,-0.787572528635202,0.306409526960585,-2.57032650533908,0.0101602704651197,0.0634810068938624
"ENSMUSG00000096474",1.87416691947341,-0.273032020433163,2.08099445717678,-0.131202665865616,0.895614987134185,NA
"ENSMUSG00000096476",0.0380762098104571,-1.67431590235222,7.3501929692546,-0.227792101425878,0.819807867435575,NA
"ENSMUSG00000096477",0.128210618787211,1.54476762288148,7.33909776478406,0.21048467705307,0.833289409734074,NA
"ENSMUSG00000096478",28.1102379788795,-1.98709289779271,1.35022973667364,-1.4716702230896,0.141109952312184,NA
"ENSMUSG00000096481",0,NA,NA,NA,NA,NA
"ENSMUSG00000096483",0.590371133226083,-1.68455813601443,4.28948416099037,-0.392718115463443,0.694527689279414,NA
"ENSMUSG00000096484",0.0721541203040059,0,7.3561311249555,0,1,NA
"ENSMUSG00000096485",0.121854238126367,0,7.3561311249555,0,1,NA
"ENSMUSG00000096486",1.48441051218534,0.517342559704933,2.41095624663593,0.21457982094316,0.830094928021414,NA
"ENSMUSG00000096488",1.2768834523745,0.199611412694554,3.23434835806981,0.0617161142202004,0.950788907139804,NA
"ENSMUSG00000096490",63.188660408234,1.120502415924,2.91231999985221,0.384745637835423,0.700425879001106,NA
"ENSMUSG00000096497",4.57935886210714,0.173105804176551,1.21970565341991,0.141924245157987,0.887139843296144,NA
"ENSMUSG00000096498",1.19451346952434,-1.60602710333792,4.43368717004528,-0.362232841818092,0.717178039397444,NA
"ENSMUSG00000096499",0.852671337602827,0,5.77150284454015,0,1,NA
"ENSMUSG00000096505",15.5032110594513,-0.0223903020681482,0.900696449344744,-0.0248588767996555,0.980167528648436,NA
"ENSMUSG00000096506",0.0423082021326893,0,7.35613112495549,0,1,NA
"ENSMUSG00000096507",0.0761524196209141,-2.55627499047924,7.29465809108018,-0.350431090609309,0.726015196884991,NA
"ENSMUSG00000096508",0.706998023154995,-0.114261603379992,5.73851562988436,-0.0199113517762249,0.98411408953309,NA
"ENSMUSG00000096513",0.147544116968613,2.71083875332447,7.26164546963944,0.373309157636288,0.708918361498986,NA
"ENSMUSG00000096515",31.1596808216584,0,4.25253028877657,0,1,NA
"ENSMUSG00000096516",7.5179623279215,1.1135944034831,0.884343858972864,1.25923235875296,0.207946416870629,NA
"ENSMUSG00000096517",0.28290870996872,-0.218120346145921,7.34901576381245,-0.0296802120387298,0.976322093474422,NA
"ENSMUSG00000096518",0,NA,NA,NA,NA,NA
"ENSMUSG00000096519",323.073925528255,-0.187739809668538,1.2584744907969,-0.149180464952973,0.88141123420485,0.946071103134893
"ENSMUSG00000096520",0,NA,NA,NA,NA,NA
"ENSMUSG00000096521",0.0400922426516566,0,7.3561311249555,0,1,NA
"ENSMUSG00000096524",0.14232442203514,2.75096363839872,7.26098638288345,0.378869136138811,0.704785044384235,NA
"ENSMUSG00000096525",0.342067716286824,-2.52388843462656,7.29565816689771,-0.345943899356208,0.729384876244162,NA
"ENSMUSG00000096527",0.162679994855461,0,7.3561311249555,0,1,NA
"ENSMUSG00000096528",13.5081227159318,-0.00821495496272447,1.34389906196652,-0.00611277676665954,0.995122740168248,NA
"ENSMUSG00000096530",0,NA,NA,NA,NA,NA
"ENSMUSG00000096531",214.188091850099,-0.700730177392383,0.564833005978241,-1.24059707909381,0.214754631528022,0.415460708650057
"ENSMUSG00000096534",0,NA,NA,NA,NA,NA
"ENSMUSG00000096537",0.127814331366021,0,7.3561311249555,0,1,NA
"ENSMUSG00000096538",0,NA,NA,NA,NA,NA
"ENSMUSG00000096539",0,NA,NA,NA,NA,NA
"ENSMUSG00000096541",21.3101957065869,-0.482283595773203,0.800702455128888,-0.602325611322835,0.546957415914704,NA
"ENSMUSG00000096544",5.0009667834172,-0.208892889217775,1.76509645581039,-0.118346444201469,0.905793158789931,NA
"ENSMUSG00000096546",2.09515407417803,-1.44962112997696,1.75357565197516,-0.826665863171723,0.408426475059894,NA
"ENSMUSG00000096549",1.41646038963946,1.34291491218825,3.06515412598063,0.438123127579634,0.661297029920418,NA
"ENSMUSG00000096550",0,NA,NA,NA,NA,NA
"ENSMUSG00000096551",108.719174417846,0.160400467687751,0.702518323587598,0.228322112466225,0.819395835256266,0.909979533929693
"ENSMUSG00000096553",3.49504144464922,5.1514893716856,2.29055087777774,2.24901765844359,0.02451137262317,NA
"ENSMUSG00000096554",0.0735989425936338,-0.230618025611729,7.34985219234624,-0.0313772331165902,0.974968697550802,NA
"ENSMUSG00000096555",0.113011148906236,0,7.3561311249555,0,1,NA
"ENSMUSG00000096557",1.23305965257451,-2.49780794355891,2.8810770810797,-0.866970189712118,0.385958343397974,NA
"ENSMUSG00000096566",0.121649745064865,-1.66752670946058,7.35002087521712,-0.22687373788055,0.820521923739988,NA
"ENSMUSG00000096568",0,NA,NA,NA,NA,NA
"ENSMUSG00000096569",1.01980271814141,3.15441956178378,2.67191672082491,1.18058303883435,0.23776840483106,NA
"ENSMUSG00000096574",0.469562588653995,-4.35653177146544,7.23674586918785,-0.602001486609389,0.547173147836588,NA
"ENSMUSG00000096576",0.268271803495176,2.35733518265929,7.26826940515111,0.324332389356484,0.745686400690437,NA
"ENSMUSG00000096577",12.775753434111,0,7.3561311249555,0,1,NA
"ENSMUSG00000096578",0,NA,NA,NA,NA,NA
"ENSMUSG00000096579",0.425186697126358,0,5.76615045233742,0,1,NA
"ENSMUSG00000096580",0.935430882260537,1.12505963743663,7.35544612724501,0.152956002664385,0.878432971713147,NA
"ENSMUSG00000096582",0,NA,NA,NA,NA,NA
"ENSMUSG00000096584",0.249047660290763,0,7.3561311249555,0,1,NA
"ENSMUSG00000096589",0.111793843848803,-1.11738554464732,7.29424756567684,-0.153187225219116,0.87825063156789,NA
"ENSMUSG00000096591",0.181380245329771,3.15118893371925,7.24940348459408,0.434682514280787,0.663792892211231,NA
"ENSMUSG00000096592",0.0434922688142794,0,7.3561311249555,0,1,NA
"ENSMUSG00000096593",0.2259829793197,-2.42777951452303,7.24560936467656,-0.3350690593891,0.737572992131816,NA
"ENSMUSG00000096594",51.2736987988755,1.31802787695333,3.13698714141749,0.420157245642314,0.674370585563002,NA
"ENSMUSG00000096596",0,NA,NA,NA,NA,NA
"ENSMUSG00000096597",0.0450384044921535,0,7.3561311249555,0,1,NA
"ENSMUSG00000096600",14.4264029435551,-0.126090824605528,1.78264203918593,-0.0707325541717334,0.943610611233361,NA
"ENSMUSG00000096601",0.0376000387973365,-1.66583708000069,7.34989822304794,-0.226647639116543,0.820697745429395,NA
"ENSMUSG00000096606",4.28510650924817,-0.582375345921135,2.01255722130847,-0.289370826208112,0.772297617771313,NA
"ENSMUSG00000096607",1.37797288967819,1.33299287653652,2.57503291737432,0.51766051903357,0.604695149035344,NA
"ENSMUSG00000096614",0,NA,NA,NA,NA,NA
"ENSMUSG00000096615",4.8500745881964,-6.24035221433374,7.21973931024325,-0.864345919731482,0.387397891715982,NA
"ENSMUSG00000096617",8.08542647222376,-1.67899004756689,1.77608055996996,-0.945334398342428,0.344488182269117,NA
"ENSMUSG00000096618",0.162981903314668,1.12815496411149,7.35552582764665,0.153375161823399,0.878102431113565,NA
"ENSMUSG00000096619",0,NA,NA,NA,NA,NA
"ENSMUSG00000096620",0.0432773486139992,0,7.3561311249555,0,1,NA
"ENSMUSG00000096621",0.121854238126367,0,7.3561311249555,0,1,NA
"ENSMUSG00000096626",0,NA,NA,NA,NA,NA
"ENSMUSG00000096629",1.823695267005,-0.867989899400334,1.85804413295899,-0.467152466404569,0.640390799025116,NA
"ENSMUSG00000096630",0.190938680441755,-1.69271052762151,7.26748474785356,-0.232915594094841,0.815826949091335,NA
"ENSMUSG00000096632",54.5910560245709,0,4.76111860428384,0,1,NA
"ENSMUSG00000096638",1.2610753257803,0,7.3561311249555,0,1,NA
"ENSMUSG00000096640",0.0406180793754555,0,7.3561311249555,0,1,NA
"ENSMUSG00000096641",0.188278643521887,-1.36677012712453,7.29000278587552,-0.187485542498374,0.851279958121665,NA
"ENSMUSG00000096644",0.114434073546516,-2.55936475073128,7.29456157652764,-0.350859297557618,0.725693908467238,NA
"ENSMUSG00000096645",0.226223924007327,-2.43207866168824,7.24568461341604,-0.335658918576862,0.737128088377855,NA
"ENSMUSG00000096646",0,NA,NA,NA,NA,NA
"ENSMUSG00000096647",0,NA,NA,NA,NA,NA
"ENSMUSG00000096649",23.1306004538614,0,7.3561311249555,0,1,NA
"ENSMUSG00000096650",0,NA,NA,NA,NA,NA
"ENSMUSG00000096652",0,NA,NA,NA,NA,NA
"ENSMUSG00000096653",29.702848270826,-0.393935594337017,1.17031312759941,-0.336607002901072,0.736413176434921,NA
"ENSMUSG00000096654",0,NA,NA,NA,NA,NA
"ENSMUSG00000096656",145.649966601796,0.336835160585333,0.734133866560212,0.458819809203975,0.646363568327112,0.799082055205871
"ENSMUSG00000096658",0.258877451238745,-0.520629661721793,7.15777476735894,-0.0727362453616145,0.94201600529781,NA
"ENSMUSG00000096661",3.17033937570777,-0.308405591921142,1.81430063477568,-0.169985936183765,0.865021196983069,NA
"ENSMUSG00000096663",0,NA,NA,NA,NA,NA
"ENSMUSG00000096664",0,NA,NA,NA,NA,NA
"ENSMUSG00000096666",0,NA,NA,NA,NA,NA
"ENSMUSG00000096668",0.297148468946054,2.14109642632522,7.22198137712308,0.296469391780423,0.766871638660613,NA
"ENSMUSG00000096670",0.39813985642375,0,7.3561311249555,0,1,NA
"ENSMUSG00000096672",5.0297781030235,0,7.3561311249555,0,1,NA
"ENSMUSG00000096674",0.0379905767487924,-1.67223423014816,7.350140199559,-0.227510521533793,0.820026788734634,NA
"ENSMUSG00000096678",28.4241667389484,-0.816256626990667,0.790380191528642,-1.03273922567819,0.301725951513852,NA
"ENSMUSG00000096679",0.243616090847041,-2.54737839178885,7.29493071100891,-0.349198435558072,0.726940340613656,NA
"ENSMUSG00000096680",0,NA,NA,NA,NA,NA
"ENSMUSG00000096681",10.9812753376161,-0.296066400934313,0.796130323578263,-0.371881829100067,0.709980834716037,NA
"ENSMUSG00000096682",0.144449942389486,1.3521241720638,7.25515660157136,0.186367331033344,0.852156709650128,NA
"ENSMUSG00000096685",0.301590590029473,3.28570386507618,7.25372509544929,0.452967795421074,0.650571931495196,NA
"ENSMUSG00000096686",0,NA,NA,NA,NA,NA
"ENSMUSG00000096687",37.2685627439352,1.07105983841257,0.469846082210343,2.27959725315549,0.0226315860278417,NA
"ENSMUSG00000096688",0,NA,NA,NA,NA,NA
"ENSMUSG00000096690",0.510661676771468,1.30497290292712,7.14119321667719,0.182738775346332,0.855002989681236,NA
"ENSMUSG00000096691",0,NA,NA,NA,NA,NA
"ENSMUSG00000096695",0.0406180793754555,0,7.3561311249555,0,1,NA
"ENSMUSG00000096696",152.297088531418,-0.146153434987421,0.447987779405299,-0.32624424528151,0.744239568131062,0.86276628720248
"ENSMUSG00000096697",0.0406180793754555,0,7.3561311249555,0,1,NA
"ENSMUSG00000096699",7.36602092713894,-1.19920147509827,1.02174128758683,-1.17368407214958,0.240521592390546,NA
"ENSMUSG00000096700",0.0429778779678376,0,7.3561311249555,0,1,NA
"ENSMUSG00000096701",0,NA,NA,NA,NA,NA
"ENSMUSG00000096703",7.54706927239288,0.416305890646555,0.917327014552932,0.453824954505941,0.649954821045991,NA
"ENSMUSG00000096705",0.0355187493373064,1.16171280725677,7.35565536667627,0.157934643392857,0.874508299155349,NA
"ENSMUSG00000096706",32.5410834299002,0.672220672841724,0.770340518803823,0.872627956641228,0.382865897323315,NA
"ENSMUSG00000096707",0,NA,NA,NA,NA,NA
"ENSMUSG00000096708",0.0851549481264175,0,7.3561311249555,0,1,NA
"ENSMUSG00000096709",0.539089973955531,-5.00710422634725,7.22823810410531,-0.692714345353876,0.488488834703476,NA
"ENSMUSG00000096712",1.54536352432778,-2.56570797748921,3.39873209640663,-0.754901505829732,0.450308082205932,NA
"ENSMUSG00000096714",5.55628783702209,1.32830008791739,1.29798011729076,1.0233593490553,0.306137972230827,NA
"ENSMUSG00000096715",172.447335411762,0,3.2338938707973,0,1,1
"ENSMUSG00000096716",0.0759610100839821,-2.5527350501268,7.2947663755832,-0.349940617518777,0.726383263517569,NA
"ENSMUSG00000096717",0.282897527150933,-0.230801268202352,7.34995376958162,-0.0314017306010198,0.97494916101324,NA
"ENSMUSG00000096718",35.9150910426357,0.770442323041083,1.29352258703202,0.595615670545699,0.551432005590453,NA
"ENSMUSG00000096719",11.9465195987073,0,2.3753529963999,0,1,NA
"ENSMUSG00000096722",7.18612377764452,0.0322198208491837,1.22992664388955,0.0261965386385084,0.979100576702817,NA
"ENSMUSG00000096724",0,NA,NA,NA,NA,NA
"ENSMUSG00000096726",13.4136139958068,-0.832222108583908,0.794630148522842,-1.04730749283921,0.29495778140295,NA
"ENSMUSG00000096727",8968.60191504941,-0.718185889635101,0.194344987771742,-3.69541760695475,0.000219525663579509,0.0098752866586023
"ENSMUSG00000096728",0.0433911641865266,0,7.3561311249555,0,1,NA
"ENSMUSG00000096729",0.0721541203040059,0,7.3561311249555,0,1,NA
"ENSMUSG00000096730",0.335613060883876,2.57232955082891,7.25799272643401,0.354413354736543,0.723029127633595,NA
"ENSMUSG00000096732",7.91122709796925,0,2.59770777106377,0,1,NA
"ENSMUSG00000096733",0.0406180793754555,0,7.3561311249555,0,1,NA
"ENSMUSG00000096734",0,NA,NA,NA,NA,NA
"ENSMUSG00000096735",0.0352597853922181,1.155567702399,7.35595536263211,0.157092810577567,0.875171703562209,NA
"ENSMUSG00000096736",49.6973916325698,-0.0297124510216773,1.14103317399038,-0.0260399537007045,0.979225470800699,NA
"ENSMUSG00000096737",0.141696594339834,2.15896359018233,7.2848888927986,0.296361910518162,0.766953710426284,NA
"ENSMUSG00000096740",259.695079508448,-0.920394562058876,0.490078771537219,-1.87805433639146,0.060373732233669,0.188383489265372
"ENSMUSG00000096741",0.190804203590709,-3.55608196671988,7.25415226771795,-0.490213306183958,0.62398296599064,NA
"ENSMUSG00000096742",0.258885235688718,-0.521112945424029,7.15777491110233,-0.0728037626072507,0.941962276777415,NA
"ENSMUSG00000096743",0.261341270174773,1.77237111160518,7.24312245196309,0.244697107271025,0.806690968028662,NA
"ENSMUSG00000096744",0,NA,NA,NA,NA,NA
"ENSMUSG00000096745",0.0488582735869228,-1.88445199085273,7.34129618423011,-0.256691998737325,0.797416548724726,NA
"ENSMUSG00000096746",44.3989232858201,-1.64490443104009,0.791929166937722,-2.07708529968748,0.0377936871089321,NA
"ENSMUSG00000096747",0.106556248011919,2.74727956207311,7.26104728326191,0.378358583121489,0.705164231160339,NA
"ENSMUSG00000096749",0,NA,NA,NA,NA,NA
"ENSMUSG00000096750",0.0406781970142195,0,7.3561311249555,0,1,NA
"ENSMUSG00000096753",0.132280939051026,-1.41204128563634,7.34356522375136,-0.192282800331011,0.847520690362437,NA
"ENSMUSG00000096755",16.6802490647786,-0.715441913791338,0.651131802899378,-1.09876665616024,0.271869859723649,NA
"ENSMUSG00000096756",0,NA,NA,NA,NA,NA
"ENSMUSG00000096757",9.07243375404624,-0.152701679873643,1.14411828263619,-0.133466689756762,0.893824306272913,NA
"ENSMUSG00000096760",0,NA,NA,NA,NA,NA
"ENSMUSG00000096761",0.141278521556644,3.15439682428496,7.2493334823434,0.435129220081799,0.663468634923498,NA
"ENSMUSG00000096763",0.662008660612183,-0.947931984242634,2.90124720020995,-0.326732580448173,0.743870155860912,NA
"ENSMUSG00000096764",0.413439812324466,2.16007216649896,7.28486203257827,0.296515178577028,0.766836677051552,NA
"ENSMUSG00000096767",0.997449533912471,0,7.3561311249555,0,1,NA
"ENSMUSG00000096768",1895.67192509563,-0.878242505281534,0.707943371352807,-1.24055474042126,0.214770280344136,0.415460708650057
"ENSMUSG00000096769",0,NA,NA,NA,NA,NA
"ENSMUSG00000096770",1.01980271814141,3.15441956178378,2.67191672082491,1.18058303883435,0.23776840483106,NA
"ENSMUSG00000096773",10.7024721158588,1.59359597913844,0.981126239625973,1.62425171682897,0.104322097378382,NA
"ENSMUSG00000096775",0.343859268288592,-1.8788418196023,7.34151842901456,-0.25592005765141,0.798012566486135,NA
"ENSMUSG00000096776",0,NA,NA,NA,NA,NA
"ENSMUSG00000096780",185.226704973013,1.23365311430003,0.294682709338308,4.18637767064828,2.83441580900609e-05,0.00383810962630482
"ENSMUSG00000096788",0,NA,NA,NA,NA,NA
"ENSMUSG00000096792",0.117026129560905,1.14409341244198,7.35593196225311,0.155533441352215,0.876400792321365,NA
"ENSMUSG00000096793",0.749519688787465,0,7.3561311249555,0,1,NA
"ENSMUSG00000096794",21.5541300861726,0.222249522775442,0.75086059453005,0.295993057026177,0.767235383649398,NA
"ENSMUSG00000096795",300.557984706262,0.286865558043886,0.266462340695913,1.07657073526671,0.281672084095597,0.492648622614556
"ENSMUSG00000096797",0,NA,NA,NA,NA,NA
"ENSMUSG00000096798",0.0380762098104571,-1.67431590235222,7.3501929692546,-0.227792101425878,0.819807867435575,NA
"ENSMUSG00000096800",0.350722900208897,0.468943908792655,7.19953432281465,0.0651353112251463,0.948066265823461,NA
"ENSMUSG00000096803",0.111906664520237,0,7.3561311249555,0,1,NA
"ENSMUSG00000096805",0.420650573991661,0,7.3561311249555,0,1,NA
"ENSMUSG00000096806",0.452313945426063,-2.14928842226416,7.2574548990134,-0.296149056683265,0.767116251494751,NA
"ENSMUSG00000096808",41.1826289154849,0.352697430442279,1.11690979604546,0.315779691154149,0.752169734077221,NA
"ENSMUSG00000096810",3.14566718464193,0,2.78227017494822,0,1,NA
"ENSMUSG00000096813",0,NA,NA,NA,NA,NA
"ENSMUSG00000096818",0.171234366143794,0,7.3561311249555,0,1,NA
"ENSMUSG00000096819",0.134565897132575,0,7.35613112495549,0,1,NA
"ENSMUSG00000096820",0,NA,NA,NA,NA,NA
"ENSMUSG00000096822",171.204741710905,0.310052659595129,0.585101104636878,0.529912962286326,0.596172278513325,0.76405587619658
"ENSMUSG00000096824",0.229444502441582,0,7.3561311249555,0,1,NA
"ENSMUSG00000096825",64.0973261967018,-0.421485631070058,1.14696526938636,-0.36747898329612,0.713261765816312,NA
"ENSMUSG00000096826",0.114593900585518,0,7.3561311249555,0,1,NA
"ENSMUSG00000096827",199.394537728389,0.256865576243894,0.437777780301326,0.586748774839807,0.557372444757148,0.735824697134383
"ENSMUSG00000096828",0,NA,NA,NA,NA,NA
"ENSMUSG00000096831",0.265139752254901,1.12264772793273,7.35538350542507,0.152629394117207,0.878690543428883,NA
"ENSMUSG00000096833",88.2867534689353,0,3.60298707789644,0,1,1
"ENSMUSG00000096834",0.246333683919045,0,7.3561311249555,0,1,NA
"ENSMUSG00000096839",0,NA,NA,NA,NA,NA
"ENSMUSG00000096840",0.152304839241828,-3.55232820134153,7.25421207485117,-0.489691804525086,0.624352002042539,NA
"ENSMUSG00000096842",0,NA,NA,NA,NA,NA
"ENSMUSG00000096844",4.63055356390445,2.67572492660304,7.26223588815021,0.3684436815071,0.712542431545472,NA
"ENSMUSG00000096846",4.78416971647581,0,2.87711328624579,0,1,NA
"ENSMUSG00000096847",1.32149204758066,0.607013326696796,3.5548577828819,0.170756008755066,0.864415620875964,NA
"ENSMUSG00000096850",1.96281237181479,1.37813011319051,2.0614466796017,0.66852571392086,0.503798073618617,NA
"ENSMUSG00000096852",0.153547575617803,2.73704867845007,7.26122601869195,0.376940295124312,0.70621797515839,NA
"ENSMUSG00000096854",3.01291799823626,-0.400001892716428,3.34402509807747,-0.119616893110759,0.904786637043141,NA
"ENSMUSG00000096856",340.750750233636,1.34665994314957,0.550121097099305,2.44793364633764,0.0143678112620262,0.0780392314781036
"ENSMUSG00000096857",0.162629719214705,0,7.3561311249555,0,1,NA
"ENSMUSG00000096858",0.712745991368005,-5.59336755160174,7.23332144595792,-0.773277890854331,0.439357937450489,NA
"ENSMUSG00000096859",0,NA,NA,NA,NA,NA
"ENSMUSG00000096861",0.240167093823554,-1.67399847193364,7.35018336897652,-0.227749212216829,0.819841211813101,NA
"ENSMUSG00000096862",0.116877448811307,2.15949819888073,7.28487913583793,0.296435693525385,0.766897370076387,NA
"ENSMUSG00000096864",0.21199869957674,3.39300368985351,7.24290391821233,0.468459022536772,0.639456368263904,NA
"ENSMUSG00000096867",0.177593746686532,3.48428321107886,7.24198032535917,0.481122987710692,0.630429091055055,NA
"ENSMUSG00000096869",0.28325475544266,-1.06898691228209,7.19261882317576,-0.14862276711198,0.881851306975542,NA
"ENSMUSG00000096871",0.0380762098104571,-1.67431590235222,7.3501929692546,-0.227792101425878,0.819807867435575,NA
"ENSMUSG00000096872",0.744736909509151,2.14592507897996,4.47001438911094,0.48007117923546,0.631176780829981,NA
"ENSMUSG00000096873",0,NA,NA,NA,NA,NA
"ENSMUSG00000096874",0,NA,NA,NA,NA,NA
"ENSMUSG00000096875",0,NA,NA,NA,NA,NA
"ENSMUSG00000096878",0.12410514917576,0,7.3561311249555,0,1,NA
"ENSMUSG00000096879",0.293455312452085,0.34018830900034,7.29237847785203,0.0466498427136688,0.962792306503036,NA
"ENSMUSG00000096881",0,NA,NA,NA,NA,NA
"ENSMUSG00000096883",1.16005377493835,3.47182799700747,3.31113040190954,1.04853254797976,0.294393314583298,NA
"ENSMUSG00000096884",0,NA,NA,NA,NA,NA
"ENSMUSG00000096885",0,NA,NA,NA,NA,NA
"ENSMUSG00000096887",4814.79443511193,0.276331456150988,0.198510698926226,1.39202298740423,0.163915437067032,0.350791100975886
"ENSMUSG00000096890",0.0711026981621288,1.16502232828305,7.35549240992989,0.158388081090299,0.874151005142135,NA
"ENSMUSG00000096891",0.0352567090712506,1.15187051486078,7.35613024653672,0.156586476347816,0.875570761368529,NA
"ENSMUSG00000096898",0.123618920615702,0,7.3561311249555,0,1,NA
"ENSMUSG00000096899",0,NA,NA,NA,NA,NA
"ENSMUSG00000096900",95.2397303893437,0.01046078697704,0.548532462834002,0.019070497528978,0.984784866710164,0.998605566264843
"ENSMUSG00000096901",0.13126007024622,1.62430252179273,7.29231849554017,0.222741577015062,0.823736640365909,NA
"ENSMUSG00000096902",0,NA,NA,NA,NA,NA
"ENSMUSG00000096903",0.239292067469202,0,7.3561311249555,0,1,NA
"ENSMUSG00000096904",0.955293277220882,1.75581959418294,7.15674763058367,0.245337642853244,0.806195007399019,NA
"ENSMUSG00000096905",0.24993136214378,-1.89329541785109,7.34094489580759,-0.257908953782278,0.796477174462364,NA
"ENSMUSG00000096907",0,NA,NA,NA,NA,NA
"ENSMUSG00000096908",134.557996213224,-1.45809388627364,0.65414029971928,-2.22902317270374,0.0258123630052731,0.111252625300406
"ENSMUSG00000096910",78.1859879128646,1.24164515099131,0.531253912665206,2.3371971883693,0.0194289333077278,0.0941907826125011
"ENSMUSG00000096914",36.904882467451,0.0562826017692745,0.489260364897018,0.11503609490444,0.908416512345677,NA
"ENSMUSG00000096915",0.188589456842868,-3.85994373046733,7.24623693293104,-0.532682517311233,0.59425337019471,NA
"ENSMUSG00000096916",160.150175380483,0.379504078200779,0.302154069057318,1.25599525892464,0.209117689024871,0.40884658940088
"ENSMUSG00000096920",1.54807059791206,-0.0507105280691428,1.88975556638094,-0.026834437729033,0.978591785765307,NA
"ENSMUSG00000096923",8.62023968883013,1.105614624282,1.16309886287662,0.950576653086526,0.341819324998248,NA
"ENSMUSG00000096927",0.156346625621546,1.15777130342859,7.35584765127098,0.157394682206142,0.874933804208222,NA
"ENSMUSG00000096930",0.454391430810987,-1.3004140193307,7.14080147438621,-0.182110372903551,0.855496108453552,NA
"ENSMUSG00000096939",0.0909076406043376,0,7.3561311249555,0,1,NA
"ENSMUSG00000096942",16.820705757585,-0.629833195322148,1.12053184412116,-0.56208415550754,0.574058683071396,NA
"ENSMUSG00000096949",0,NA,NA,NA,NA,NA
"ENSMUSG00000096955",0,NA,NA,NA,NA,NA
"ENSMUSG00000096962",0.427552716466332,2.68687566627827,7.26100438205212,0.370041873672428,0.711351290708033,NA
"ENSMUSG00000096964",5.27703305056417,-1.17627577737299,1.29347524716753,-0.909391795435449,0.363143351084689,NA
"ENSMUSG00000096966",0.121094507956414,-0.229610716835271,7.3498845744616,-0.0312400439094094,0.975078105065582,NA
"ENSMUSG00000096968",2.18826232943653,1.02263295960367,2.50397328005389,0.408404102292041,0.682977022162292,NA
"ENSMUSG00000096973",0.331100589455208,-0.232874629253421,7.34989309546334,-0.0316840838674458,0.974723987748515,NA
"ENSMUSG00000097012",0,NA,NA,NA,NA,NA
"ENSMUSG00000097024",0.0948751955936346,0,7.3561311249555,0,1,NA
"ENSMUSG00000097025",6.51221374286761,0.898184593039071,1.17486085759101,0.76450295133736,0.444567578581658,NA
"ENSMUSG00000097041",0.24837552404463,0,7.3561311249555,0,1,NA
"ENSMUSG00000097050",3.16807774116255,-1.0158835933922,1.76059574998629,-0.577011272122017,0.563931840876108,NA
"ENSMUSG00000097053",16.4371584881399,1.16509487433016,0.670656968552708,1.73724411876978,0.0823440905190761,NA
"ENSMUSG00000097054",0.0785821008689545,1.10853502203821,7.35502603258347,0.150718028342427,0.880198151133849,NA
"ENSMUSG00000097075",17.903086409225,-0.708511524740826,0.741327951684682,-0.95573291568289,0.339207188316252,NA
"ENSMUSG00000097078",1.23107987237952,-1.02445391594084,2.49591116083098,-0.410452876696046,0.681473764661812,NA
"ENSMUSG00000097084",0.361349323543735,1.15437219521126,7.35592316763996,0.1569309750664,0.87529924773212,NA
"ENSMUSG00000097086",0.158141912411076,1.15255153579482,7.3558775469012,0.1566844375054,0.875493552651719,NA
"ENSMUSG00000097106",0.733243892492508,-1.47396786071418,3.69425589132242,-0.398989107434718,0.689901230301148,NA
"ENSMUSG00000097116",0.329417956621079,-1.90299990267319,7.34056463799016,-0.259244349245895,0.795446714661662,NA
"ENSMUSG00000097129",4.05323162378217,-2.02750132362815,1.83313606880566,-1.10602882029871,0.268714045272289,NA
"ENSMUSG00000097130",0.20370432932777,0,7.3561311249555,0,1,NA
"ENSMUSG00000097148",18.9298981770865,0.236020413988933,0.80646376831875,0.292660902151834,0.769781357536036,NA
"ENSMUSG00000097169",0.188735858471827,1.14591093338415,7.35597670667208,0.15577957612954,0.876206769957176,NA
"ENSMUSG00000097175",0.373554139349575,-1.89419411803448,6.9435027028126,-0.272800947750362,0.785006230988132,NA
"ENSMUSG00000097186",0.156759688942122,-1.67122591943193,7.35011367095591,-0.227374159672632,0.820132811700899,NA
"ENSMUSG00000097187",0.0355187493373065,1.16171280725677,7.35565536667627,0.157934643392857,0.874508299155349,NA
"ENSMUSG00000097190",0,NA,NA,NA,NA,NA
"ENSMUSG00000097199",0.0381979668618393,0,7.3561311249555,0,1,NA
"ENSMUSG00000097202",0,NA,NA,NA,NA,NA
"ENSMUSG00000097214",0.0406180793754555,0,7.3561311249555,0,1,NA
"ENSMUSG00000097221",4.538240745204,-1.49824177778974,1.32631689245895,-1.12962579780768,0.258633935808704,NA
"ENSMUSG00000097239",103.916020047958,0.134508996185018,0.622938243592756,0.215926695091388,0.829044888235676,0.916138671453452
"ENSMUSG00000097244",0.725857809253133,-0.227713080169194,4.57159194226969,-0.0498104561922339,0.960273434191412,NA
"ENSMUSG00000097245",0.757565269049839,3.96154136963579,3.47046198502387,1.14150259727122,0.253660831782463,NA
"ENSMUSG00000097255",2.60297854628395,0.414243104985102,1.70998819553968,0.242249102108196,0.808587149875007,NA
"ENSMUSG00000097260",0.325498194372497,-2.53981531278032,7.2951637144378,-0.348150557300556,0.727727117214619,NA
"ENSMUSG00000097264",1.11653148248351,-0.104541552917491,3.14562487545034,-0.0332339541607054,0.97348802156496,NA
"ENSMUSG00000097271",4.50549341432263,-0.607341535783813,1.4168368827367,-0.428660167718602,0.668170552154928,NA
"ENSMUSG00000097291",0.343796209098146,0.655062019915416,7.20545528156303,0.0909119541122623,0.927562551521531,NA
"ENSMUSG00000097295",96.1468871019232,1.0672869348238,0.610987089769791,1.7468240371919,0.0806678656889548,0.225445816323245
"ENSMUSG00000097304",3.08491021576159,-1.27959558894966,1.50466642484582,-0.850418117810249,0.395092666691832,NA
"ENSMUSG00000097327",409.283055261103,-0.65339614896167,0.266485033396157,-2.45190561223876,0.0142101931206846,0.0776064966839596
"ENSMUSG00000097328",1.54425125902797,0,3.03734973292045,0,1,NA
"ENSMUSG00000097333",467.035537834518,-0.541809389659022,0.27592252293763,-1.96362871682459,0.0495731646482378,0.167474618095636
"ENSMUSG00000097349",0.0710374986746129,2.16226366003379,7.28481246100722,0.296818026765623,0.766605441993722,NA
"ENSMUSG00000097352",199.464645137258,0.372501573082993,0.246949304451633,1.50841312920543,0.131448824835554,0.3063162109004
"ENSMUSG00000097366",0.978703416938881,0.708100310351879,2.2750418455951,0.311247158694197,0.755612734705772,NA
"ENSMUSG00000097371",0.248083275283376,-1.66590786168067,7.34997961081764,-0.226654759589918,0.820692208182246,NA
"ENSMUSG00000097382",0,NA,NA,NA,NA,NA
"ENSMUSG00000097386",0.40437911279462,2.15384765856222,7.28501258737285,0.295654624165715,0.767493853356297,NA
"ENSMUSG00000097388",5.44505903116724,1.13745599458934,1.19105205888892,0.955001073295176,0.339577154191296,NA
"ENSMUSG00000097392",372.058267591696,0.63152485482815,0.187898201578948,3.36099467435725,0.000776623229894393,0.0176076560237511
"ENSMUSG00000097405",0.282440627642975,-2.5500559796517,7.29484849511654,-0.349569423046799,0.726661861679474,NA
"ENSMUSG00000097411",15.1578682181181,0.139200770661783,0.698074955977394,0.19940662456066,0.841944678893114,NA
"ENSMUSG00000097412",201.476990140691,-0.472999895949648,0.368170030504394,-1.28473220729465,0.198885879444615,0.395252697689992
"ENSMUSG00000097425",0.0474375977968173,0,7.3561311249555,0,1,NA
"ENSMUSG00000097426",0.313689548552824,0,7.3561311249555,0,1,NA
"ENSMUSG00000097427",0.105084616639158,0.41428017153559,7.32637552741834,0.0565464014211641,0.954906531643799,NA
"ENSMUSG00000097470",1.29857520597316,-0.117144341558244,4.09899862467836,-0.0285787706424118,0.977200543741214,NA
"ENSMUSG00000097473",2.75567996186189,-1.27776593126614,2.40476103093257,-0.531348402119865,0.595177370075471,NA
"ENSMUSG00000097480",0.150037342648831,-0.231457966788628,7.34994843975086,-0.0314911007452555,0.974877889203224,NA
"ENSMUSG00000097487",57.9982893156679,0.759855555134445,0.515779893500559,1.47321670485711,0.140692612123677,NA
"ENSMUSG00000097529",1.66137337567832,-0.980989887183854,1.8055482820106,-0.543319664701214,0.58690972708488,NA
"ENSMUSG00000097530",2.10010379715323,0,7.3561311249555,0,1,NA
"ENSMUSG00000097550",0.113901603392107,-0.231426357268987,7.3499940754204,-0.0314866046005283,0.974881474829584,NA
"ENSMUSG00000097552",1.47183047363052,0.861458599313435,1.95788658578664,0.439994127120146,0.659941360875994,NA
"ENSMUSG00000097565",0,NA,NA,NA,NA,NA
"ENSMUSG00000097586",9.19742156105282,1.26258558243917,1.01008982155596,1.24997357214654,0.211309201539699,NA
"ENSMUSG00000097594",0.359199859974259,2.73355139246751,7.26122622408155,0.376458645979353,0.706575953801131,NA
"ENSMUSG00000097602",2.15458271593206,4.82113008583639,2.21980964857499,2.17186644311206,0.0298657382402746,NA
"ENSMUSG00000097608",0.157057205201299,-0.232796434430915,7.3500466158418,-0.0316727833982932,0.974732999695398,NA
"ENSMUSG00000097612",0.410681834383583,1.76975928224476,7.24322354469254,0.244333102702808,0.806972847970321,NA
"ENSMUSG00000097628",1.22845738958611,-1.78033384966223,2.76701282420352,-0.643413660424469,0.519955721856115,NA
"ENSMUSG00000097630",0.0786546854937519,1.10255893268791,7.35487384623148,0.149908612403031,0.880836716789813,NA
"ENSMUSG00000097642",0.0380762098104571,-1.67431590235222,7.3501929692546,-0.227792101425878,0.819807867435575,NA
"ENSMUSG00000097643",23.7669907620296,0.176444503804881,0.660016455994241,0.267333491767394,0.789212402119661,NA
"ENSMUSG00000097646",0.134068858873996,0,7.3561311249555,0,1,NA
"ENSMUSG00000097653",0.202005896479771,0,7.3561311249555,0,1,NA
"ENSMUSG00000097656",65.618983529248,-0.763202913682807,0.424448386799771,-1.79810534665276,0.0721603151250951,0.209918986171738
"ENSMUSG00000097657",11.8141194925072,-1.06627617449121,0.8453518944215,-1.26134001890526,0.207186368713467,NA
"ENSMUSG00000097669",11.724258896113,-0.322157489315576,0.863807254711197,-0.37295066411926,0.709185163350527,NA
"ENSMUSG00000097670",0.0381979668618393,0,7.3561311249555,0,1,NA
"ENSMUSG00000097679",2.66525256402121,-0.693400346572885,1.65545398268451,-0.418858122198272,0.675319824251877,NA
"ENSMUSG00000097693",0.0761524196209141,-2.55627499047924,7.29465809108018,-0.350431090609309,0.726015196884991,NA
"ENSMUSG00000097704",0.18312381322739,2.75524065859563,7.26091638449766,0.379461835489275,0.704344939674661,NA
"ENSMUSG00000097711",9.76900231993738,-0.657788641877002,1.07661087517498,-0.610980863229805,0.54121224941157,NA
"ENSMUSG00000097713",2.52618103425539,4.46934993989596,1.97052416529667,2.26810207081276,0.0233229861924957,NA
"ENSMUSG00000097715",166.057546096436,-0.40731828479287,0.435992718722843,-0.934231851362177,0.350184309018463,0.558858878696723
"ENSMUSG00000097719",3.44294704249383,-0.419191008458917,1.26550887005817,-0.331243042523794,0.740460910362233,NA
"ENSMUSG00000097739",8.98390811609971,0.914893058651487,1.08223045600584,0.845377297944522,0.397900215602436,NA
"ENSMUSG00000097780",0.0812361587509111,0,7.3561311249555,0,1,NA
"ENSMUSG00000097789",4.96770111587244,1.67052610794726,1.35689785822881,1.23113622577888,0.218271918705506,NA
"ENSMUSG00000097790",1.01305502833646,-0.258581319435129,2.95304480115969,-0.087564306282648,0.93022297262807,NA
"ENSMUSG00000097795",0.0809837692089635,0,7.3561311249555,0,1,NA
"ENSMUSG00000097798",0,NA,NA,NA,NA,NA
"ENSMUSG00000097803",6.54856777197316,-0.98994805898907,1.07579060785425,-0.920205151226966,0.357465562935299,NA
"ENSMUSG00000097821",0.0380762098104571,-1.67431590235222,7.3501929692546,-0.227792101425878,0.819807867435575,NA
"ENSMUSG00000097833",0.725125595620929,1.14751680915128,4.64344190075143,0.247126341554007,0.804810448232303,NA
"ENSMUSG00000097853",0.262882231874951,-1.69413490279556,7.2672444223977,-0.23311929588803,0.815668771688301,NA
"ENSMUSG00000097854",0,NA,NA,NA,NA,NA
"ENSMUSG00000097871",0.0735991686857271,-0.230809607496723,7.34985971030349,-0.0314032670818409,0.974947935683223,NA
"ENSMUSG00000097878",0.105084616639158,0.41428017153559,7.32637552741834,0.0565464014211641,0.954906531643799,NA
"ENSMUSG00000097883",0.44937214981714,-1.6697942667756,6.60679923876092,-0.252738762966978,0.800470091559719,NA
"ENSMUSG00000097886",0.132683611592763,0,7.3561311249555,0,1,NA
"ENSMUSG00000097891",59.5672787119596,0.422928683764882,0.407641988118985,1.03750029705339,0.299502757345364,NA
"ENSMUSG00000097895",0.457061226349256,-1.89497771142413,7.34087814808429,-0.25814046673948,0.796298501678062,NA
"ENSMUSG00000097897",0.829778379604024,-1.74471940146479,3.25575291577426,-0.535888148333234,0.592035855879575,NA
"ENSMUSG00000097900",0.284775462058616,-1.29564783477918,7.28489745504741,-0.177853956459124,0.858837671659279,NA
"ENSMUSG00000097906",1244.61007300859,-6.34704169992123,1.16867462873926,-5.43097415126424,5.60472532048275e-08,2.87161079137712e-05
"ENSMUSG00000097918",0.13147521137562,0,7.3561311249555,0,1,NA
"ENSMUSG00000097919",4.39149189141475,-0.288262054857002,2.34619541012176,-0.122863617247483,0.902215096519317,NA
"ENSMUSG00000097920",0.297028388424712,0,7.3561311249555,0,1,NA
"ENSMUSG00000097929",3.45615272261018,1.23266338306307,1.17995618063602,1.04466877947844,0.296176079057475,NA
"ENSMUSG00000097931",0,NA,NA,NA,NA,NA
"ENSMUSG00000097935",4.23328111672066,-4.65572946749469,1.99552753576941,-2.3330820467479,0.0196438395393413,NA
"ENSMUSG00000097936",0.821392294596864,-0.246128969569404,3.21382427679178,-0.0765844515354475,0.938954128499304,NA
"ENSMUSG00000097937",0.751700634023246,-0.230509457519922,4.72452725875543,-0.0487899518608438,0.96108668989254,NA
"ENSMUSG00000097938",0,NA,NA,NA,NA,NA
"ENSMUSG00000097939",0.618201359772464,0.884362468216621,5.11534246587455,0.172884313047733,0.862742362353616,NA
"ENSMUSG00000097940",0.0808487697512429,-1.67035458168635,7.35009255335205,-0.227256265082619,0.820224478794291,NA
"ENSMUSG00000097941",0.702972139179718,-1.66775165679868,5.29421725643235,-0.315013830377361,0.752751152960558,NA
"ENSMUSG00000097943",0.59314789741825,0,5.41111195277129,0,1,NA
"ENSMUSG00000097945",1.49017385887055,2.13115279028696,3.33275959412552,0.639455901362771,0.52252639283403,NA
"ENSMUSG00000097946",0.380510161741597,0,7.3561311249555,0,1,NA
"ENSMUSG00000097947",0.0938187197203632,0,7.3561311249555,0,1,NA
"ENSMUSG00000097948",0.231117182214178,-1.69518276392408,7.2674905381106,-0.233255585959771,0.815562944660279,NA
"ENSMUSG00000097949",0.0400922426516566,0,7.3561311249555,0,1,NA
"ENSMUSG00000097950",0.118265541974472,1.15370010722141,7.35604676766587,0.156836972855121,0.875373333293681,NA
"ENSMUSG00000097951",1.75556446642538,1.73661091369874,2.08652556647218,0.832297931836483,0.405240797705414,NA
"ENSMUSG00000097952",0.0819807842456414,0,7.3561311249555,0,1,NA
"ENSMUSG00000097954",14.6562028401021,-0.467888968068782,0.875554396923264,-0.53439166054441,0.593070587522147,NA
"ENSMUSG00000097955",0,NA,NA,NA,NA,NA
"ENSMUSG00000097957",0.158401165842157,2.14967819720905,7.28511682133794,0.295078068056876,0.767934243338335,NA
"ENSMUSG00000097958",5.51788040377634,-1.9126996125148,1.5343601341428,-1.24657801643378,0.212552266558924,NA
"ENSMUSG00000097959",0.343582690170857,0,7.09615044154484,0,1,NA
"ENSMUSG00000097963",0.221066043478875,-0.695158962992689,7.19547025371866,-0.0966106367590674,0.92303560910032,NA
"ENSMUSG00000097964",0.0398077698927449,0,7.3561311249555,0,1,NA
"ENSMUSG00000097965",2.01833286418524,-3.26662824314364,2.25661746130171,-1.44757731390562,0.147735299579883,NA
"ENSMUSG00000097966",1.19573564544718,-2.7216736810589,2.3684865641933,-1.14911932463754,0.250506780965812,NA
"ENSMUSG00000097968",0.041372325189651,0,7.3561311249555,0,1,NA
"ENSMUSG00000097972",0,NA,NA,NA,NA,NA
"ENSMUSG00000097973",5.2409890967478,-2.82925770886816,1.87730570301169,-1.50708417085683,0.131789083621436,NA
"ENSMUSG00000097975",0.32811207529306,1.14715602888189,7.35600890487351,0.155948156631768,0.876073886129884,NA
"ENSMUSG00000097977",1.82454884039079,-0.712898495647294,2.18877569920269,-0.325706510679455,0.74464641781764,NA
"ENSMUSG00000097979",4.23541472625424,-1.35676955616628,1.71279809940202,-0.792136304121284,0.428281203717693,NA
"ENSMUSG00000097981",0.289345779947534,0,7.3561311249555,0,1,NA
"ENSMUSG00000097982",0.0406180793754555,0,7.3561311249555,0,1,NA
"ENSMUSG00000097984",0.153313570642268,2.73065030470417,7.26131844139234,0.376054338718765,0.706876499344882,NA
"ENSMUSG00000097985",0.290154428847343,0,7.3561311249555,0,1,NA
"ENSMUSG00000097987",3.84769430873044,-1.20910886263832,1.54584739205215,-0.782165735670194,0.43411717847985,NA
"ENSMUSG00000097989",2.93687444075347,-1.6405477970469,1.7513143429174,-0.936752333287023,0.348885969687454,NA
"ENSMUSG00000097991",0.951919061386337,0.291347806400451,2.29781378829794,0.126793479908684,0.899103856366622,NA
"ENSMUSG00000097996",0.376025262359066,1.1501675312974,7.35608584063213,0.156355914845953,0.875752484572823,NA
"ENSMUSG00000097999",0.68094292288124,2.72546108549755,5.18183517277248,0.525964449779927,0.598912907544482,NA
"ENSMUSG00000098000",0.152304839241828,-3.55232820134153,7.25421207485117,-0.489691804525086,0.624352002042539,NA
"ENSMUSG00000098002",1.75570652483413,-2.83585956315544,2.500329635279,-1.13419427708339,0.256713064071913,NA
"ENSMUSG00000098003",0.401466766898614,-1.66455745865932,7.3499436934631,-0.226472137485862,0.82083422736816,NA
"ENSMUSG00000098004",0,NA,NA,NA,NA,NA
"ENSMUSG00000098005",0.284677478509207,-1.66340037465349,7.34991470358675,-0.22631560252553,0.820955964118339,NA
"ENSMUSG00000098006",0.63949594115483,-1.88862501396686,7.08508049173168,-0.266563663767956,0.789805135665406,NA
"ENSMUSG00000098007",0.0381979668618393,0,7.3561311249555,0,1,NA
"ENSMUSG00000098009",0.0380762098104571,-1.67431590235222,7.3501929692546,-0.227792101425878,0.819807867435575,NA
"ENSMUSG00000098010",0.0409190281194281,0,7.3561311249555,0,1,NA
"ENSMUSG00000098011",0.161150201005125,0,7.3561311249555,0,1,NA
"ENSMUSG00000098012",1.16177081976707,1.14786274756493,3.23776806416302,0.354522845620093,0.72294708605946,NA
"ENSMUSG00000098013",1.2120411206804,2.72797774616325,2.77780490423969,0.982062398262604,0.326069108558983,NA
"ENSMUSG00000098015",0.0406180793754555,0,7.3561311249555,0,1,NA
"ENSMUSG00000098016",0.417443635772302,-1.30141635178332,6.69157642156987,-0.194485763861007,0.845795541704284,NA
"ENSMUSG00000098017",0.340000333541067,0,7.3561311249555,0,1,NA
"ENSMUSG00000098019",6.11848872893258,-0.767302128778775,1.20276980385265,-0.637945953016937,0.523508862899025,NA
"ENSMUSG00000098021",5.65739140763549,2.16415182284958,1.38025890027655,1.56793180063246,0.116897049311594,NA
"ENSMUSG00000098022",106.009554203655,0.64472104750328,0.649056046512883,0.993321071372969,0.320553512031624,0.531032590318855
"ENSMUSG00000098023",0.0381979668618393,0,7.3561311249555,0,1,NA
"ENSMUSG00000098025",0,NA,NA,NA,NA,NA
"ENSMUSG00000098026",0.203271644329318,0,7.3561311249555,0,1,NA
"ENSMUSG00000098028",7.91560332666964,-2.54211300902746,1.33067439013075,-1.9103944795824,0.0560824411022988,NA
"ENSMUSG00000098029",0.564108511383514,2.9408645439919,4.68736898983924,0.627401971205336,0.53039577594622,NA
"ENSMUSG00000098030",1.44916323774654,1.029202790268,2.14030215972164,0.480867986603283,0.630610326720583,NA
"ENSMUSG00000098031",0.785102111730354,0.754608424312176,3.40008849519078,0.221937877610987,0.824362243668531,NA
"ENSMUSG00000098033",0.65402781558562,-1.66837673220016,6.96749489260229,-0.239451446741864,0.810755541291691,NA
"ENSMUSG00000098035",2.25629288607179,1.14712913833497,2.40695253282357,0.47658984657636,0.633654214927864,NA
"ENSMUSG00000098036",0.238723324462508,2.15421872895141,7.28500672927111,0.29570579808743,0.76745476888188,NA
"ENSMUSG00000098037",0.251529279889853,0,7.3561311249555,0,1,NA
"ENSMUSG00000098038",0.124297993656765,0,7.3561311249555,0,1,NA
"ENSMUSG00000098039",0.498268864802325,3.73863321407903,6.22473154020013,0.600609550778929,0.54810007516993,NA
"ENSMUSG00000098042",0.0434922688142794,0,7.3561311249555,0,1,NA
"ENSMUSG00000098043",1.37609397286769,0.489678319396035,2.26650655855697,0.21604981355439,0.828948918759015,NA
"ENSMUSG00000098044",0.9506329970471,0,4.93122087205826,0,1,NA
"ENSMUSG00000098046",0.372590982512347,-2.73899990173316,5.89618997524101,-0.464537254266676,0.642262874930495,NA
"ENSMUSG00000098047",0.497868698732976,-2.54515774596786,6.32180292152211,-0.402599982562421,0.687242522493085,NA
"ENSMUSG00000098048",4.7644614517228,0.300366328850534,1.58603799707249,0.189381546599104,0.849793786444719,NA
"ENSMUSG00000098050",0.243053108074771,0,7.3561311249555,0,1,NA
"ENSMUSG00000098052",0.208880584512664,0,7.35613112495549,0,1,NA
"ENSMUSG00000098054",0.0827791245401048,0,7.3561311249555,0,1,NA
"ENSMUSG00000098056",2.31976510843445,0.739217130298295,2.2663728868992,0.326167478693092,0.744297645322571,NA
"ENSMUSG00000098057",2.35352960958218,-3.39973077794615,2.1086914138245,-1.61224670222378,0.106908266202098,NA
"ENSMUSG00000098058",0.747732398071285,2.14543442224335,4.00198355117546,0.536092763702938,0.591894441034678,NA
"ENSMUSG00000098059",0,NA,NA,NA,NA,NA
"ENSMUSG00000098060",0,NA,NA,NA,NA,NA
"ENSMUSG00000098062",0.994848398383116,3.07636938728249,3.58325200567214,0.858541175003243,0.390593704449985,NA
"ENSMUSG00000098064",0.150978292013061,0.769916038551074,7.27890126334083,0.105773661531672,0.91576193458821,NA
"ENSMUSG00000098065",169.257682899283,-1.26627372198467,0.632120341393749,-2.00321622176038,0.0451540852323917,0.158281160089588
"ENSMUSG00000098067",0.0762741143760475,-1.6766653526607,7.3502515133535,-0.22810992924727,0.819560781151306,NA
"ENSMUSG00000098068",0.845382975863833,0.754371574042754,5.61947262383741,0.134242414642748,0.893210887392517,NA
"ENSMUSG00000098069",0.0736684676290359,-1.67726692046796,7.35026686546829,-0.228191295794686,0.819497527900702,NA
"ENSMUSG00000098070",0.155732908273585,0,7.3561311249555,0,1,NA
"ENSMUSG00000098071",0.336504125032171,1.15458936540067,7.35600323132951,0.156958789860672,0.875277326386533,NA
"ENSMUSG00000098073",0.0846181086344231,-1.65842344117714,7.34979020100614,-0.225642283088586,0.821479651680696,NA
"ENSMUSG00000098074",0.0789685683526389,0,7.3561311249555,0,1,NA
"ENSMUSG00000098076",3.40864180325726,-3.58573105260304,2.30992063534671,-1.55231785790979,0.120586187035679,NA
"ENSMUSG00000098077",1.23654998118184,-0.151680847190079,2.7763386040739,-0.0546334106969186,0.95643052061145,NA
"ENSMUSG00000098078",4.67285676544474,-0.351302910749613,2.51620168518467,-0.139616356199932,0.888963116823313,NA
"ENSMUSG00000098079",0.167681987122005,-0.457725420381564,7.34090703216411,-0.0623527063312537,0.950281956511406,NA
"ENSMUSG00000098080",0.931085438762066,-0.251544323665595,2.83045158337622,-0.0888707389106964,0.929184638479146,NA
"ENSMUSG00000098081",1.32488167207505,3.45654467953841,2.6352623886918,1.31165105014621,0.189637899865776,NA
"ENSMUSG00000098082",0.0355187493373064,1.16171280725677,7.35565536667627,0.157934643392857,0.874508299155349,NA
"ENSMUSG00000098083",0.0407969102058399,0,7.3561311249555,0,1,NA
"ENSMUSG00000098084",0,NA,NA,NA,NA,NA
"ENSMUSG00000098085",0.383371319297123,-1.65741591973215,7.34976477628173,-0.225505981508519,0.821585672632514,NA
"ENSMUSG00000098089",0.0380762098104571,-1.67431590235222,7.3501929692546,-0.227792101425878,0.819807867435575,NA
"ENSMUSG00000098090",544.508091839036,0.711510825932676,0.347565462761518,2.04712752607666,0.0406455649543291,0.147931299548433
"ENSMUSG00000098091",3.26685068437144,-0.257814671306801,2.54298501922674,-0.101382693707412,0.919246674104164,NA
"ENSMUSG00000098092",1.48091580829943,1.14803366720566,2.8643449228876,0.400801474023703,0.688566293555,NA
"ENSMUSG00000098093",0.187261654611194,-0.10789208826887,7.22328145960457,-0.0149367138567485,0.988082669763047,NA
"ENSMUSG00000098094",0.0355187493373064,1.16171280725677,7.35565536667627,0.157934643392857,0.874508299155349,NA
"ENSMUSG00000098095",0.2593538517011,0,7.3561311249555,0,1,NA
"ENSMUSG00000098099",1.03406972556057,-1.67028807372673,3.73914142534369,-0.446703636938045,0.655089055532563,NA
"ENSMUSG00000098100",0.32234458054272,-3.10532377347981,7.26844140580572,-0.427233790589466,0.669209051800542,NA
"ENSMUSG00000098101",0.538232419018298,1.15502906028961,7.35593872610144,0.157019940390635,0.875229132877457,NA
"ENSMUSG00000098102",0.844270528448908,1.14548779492165,4.36474340659289,0.262441039074922,0.792981436511431,NA
"ENSMUSG00000098103",0.0407969102058399,0,7.3561311249555,0,1,NA
"ENSMUSG00000098104",3.17884227459986,0.863446472293951,1.30222459857996,0.663054954756281,0.507295358650105,NA
"ENSMUSG00000098105",2.59667541885576,-2.628507685655,2.26293434671124,-1.16154836284802,0.245418967401617,NA
"ENSMUSG00000098106",0.328269329152224,2.14029025108372,7.28534549728345,0.293780199152092,0.768925866561922,NA
"ENSMUSG00000098110",0.214238153126099,0,7.3561311249555,0,1,NA
"ENSMUSG00000098111",4.23930638131295,2.72934812095271,2.15307523617262,1.26765106722629,0.204922586520184,NA
"ENSMUSG00000098112",3381.56823548892,-0.258817324986222,0.197017342709341,-1.31367787945478,0.188954628082222,0.383456476820523
"ENSMUSG00000098113",2.94374865308177,0,2.61688131559374,0,1,NA
"ENSMUSG00000098114",0.0763959337236786,0,7.3561311249555,0,1,NA
"ENSMUSG00000098115",0,NA,NA,NA,NA,NA
"ENSMUSG00000098116",0.681784102619486,0,4.62519232444696,0,1,NA
"ENSMUSG00000098118",0,NA,NA,NA,NA,NA
"ENSMUSG00000098119",0.0450384044921535,0,7.3561311249555,0,1,NA
"ENSMUSG00000098121",0.802044082329576,-1.30406437304725,3.14309800848345,-0.414897775865557,0.678216738083719,NA
"ENSMUSG00000098122",0.0410826440564989,0,7.3561311249555,0,1,NA
"ENSMUSG00000098123",12.7015995589184,1.29955047697115,1.0616501294225,1.22408545052226,0.220919994044334,NA
"ENSMUSG00000098124",0,NA,NA,NA,NA,NA
"ENSMUSG00000098125",0.0828579623891778,0,7.3561311249555,0,1,NA
"ENSMUSG00000098126",0.205086363288601,0,7.3561311249555,0,1,NA
"ENSMUSG00000098130",0.0381979668618393,0,7.3561311249555,0,1,NA
"ENSMUSG00000098131",0.0761620376167187,1.15531689164868,7.35596763165056,0.15705845233436,0.875198781363106,NA
"ENSMUSG00000098132",0.279126585923552,2.74055273284768,7.2611566066376,0.377426473675347,0.705856696007179,NA
"ENSMUSG00000098134",410.720406354249,-0.598596895513729,0.235723837761788,-2.5393990747709,0.0111043078482814,0.06681740451228
"ENSMUSG00000098135",2.07800345888296,-1.6878380264325,2.57686324974176,-0.654997127457829,0.512469603520695,NA
"ENSMUSG00000098136",1.19603150398638,-1.6808349937426,2.92558341972764,-0.574529846733639,0.565609309282167,NA
"ENSMUSG00000098137",0.777096200087835,2.56832613836223,5.69798829444334,0.450742613997094,0.652175065347583,NA
"ENSMUSG00000098138",1.94300558483592,0.419889201994918,1.76942644963097,0.237302433272934,0.812422174532871,NA
"ENSMUSG00000098139",0.195614374909664,-3.12941222444856,7.26793714638628,-0.430577777630417,0.666775402255112,NA
"ENSMUSG00000098140",0.0769289219936248,0,7.3561311249555,0,1,NA
"ENSMUSG00000098141",1.38108663335221,2.14603119580874,2.6928811509074,0.79692755660071,0.425493105682092,NA
"ENSMUSG00000098142",2.38928251394499,0.942866620001616,1.78965819961213,0.526841728887652,0.598303502153734,NA
"ENSMUSG00000098143",0.112021511666048,0,7.3561311249555,0,1,NA
"ENSMUSG00000098147",0.130801843520768,0,7.35613112495549,0,1,NA
"ENSMUSG00000098149",11.8055876372093,0.0309886773590813,0.995930168809486,0.0311153114240173,0.975177578831475,NA
"ENSMUSG00000098152",0.0381979668618393,0,7.3561311249555,0,1,NA
"ENSMUSG00000098153",0.116750335927991,2.15219788615961,7.28505568691144,0.295426415205901,0.767668156893422,NA
"ENSMUSG00000098154",6.7267928382748,-1.80688684938353,1.50047823488588,-1.2042073036274,0.228509463764726,NA
"ENSMUSG00000098156",0.211899906272214,0,7.3561311249555,0,1,NA
"ENSMUSG00000098157",0.474051952682047,0.628196775412048,5.59140741066182,0.112350385023668,0.910545593183255,NA
"ENSMUSG00000098158",3.33651256515146,-0.0366051613191861,1.76854923726556,-0.0206978468836882,0.983486686591021,NA
"ENSMUSG00000098159",0.233790147173879,-3.13472043193447,7.26782538319281,-0.431314769777444,0.666239512467218,NA
"ENSMUSG00000098162",0.292815207574706,-0.233180016933712,7.34976816277944,-0.0317261730940818,0.974690422278908,NA
"ENSMUSG00000098163",0,NA,NA,NA,NA,NA
"ENSMUSG00000098164",6.45036643129245,0.359949358365277,0.920983242194339,0.390831604609504,0.695921712214939,NA
"ENSMUSG00000098165",0.0866743040546567,0,7.3561311249555,0,1,NA
"ENSMUSG00000098167",0.0787013108665107,-1.67186270824758,7.35013078185529,-0.227460266744475,0.820065862047446,NA
"ENSMUSG00000098169",0.329409763622626,0,7.3561311249555,0,1,NA
"ENSMUSG00000098170",0,NA,NA,NA,NA,NA
"ENSMUSG00000098171",0.448136942581724,0,6.65948320482832,0,1,NA
"ENSMUSG00000098173",0.160974590935766,-1.66902564377623,7.35005892568479,-0.227076498386131,0.820364258302979,NA
"ENSMUSG00000098174",0.154707207780062,2.15034078106348,7.28510073538429,0.295169670148706,0.767864270040766,NA
"ENSMUSG00000098175",0.55702560958785,0,6.25277187988299,0,1,NA
"ENSMUSG00000098176",179.346480185335,-0.751991204194715,0.353817792910435,-2.12536288242879,0.0335563449443294,0.131614806204181
"ENSMUSG00000098177",0.631855235535248,-0.115083672494892,4.48076007610694,-0.0256839622162677,0.979509415935475,NA
"ENSMUSG00000098179",0.0737821728340876,0,7.3561311249555,0,1,NA
"ENSMUSG00000098180",2.86164155547022,-3.3321614393238,1.99231037049492,-1.67251121545687,0.0944235581488884,NA
"ENSMUSG00000098181",5.76280083510298,-0.139985892959758,0.972417374723698,-0.143956593740968,0.885534745705681,NA
"ENSMUSG00000098185",0.311457126905034,0,7.3561311249555,0,1,NA
"ENSMUSG00000098186",0.805463157718475,0,3.78928629908229,0,1,NA
"ENSMUSG00000098187",13.2029927953878,-0.417928367209271,0.900653899659181,-0.464027710719312,0.642627892265963,NA
"ENSMUSG00000098188",26.3584973550015,-0.762923398563608,0.829900466496463,-0.919295059303186,0.357941261375046,NA
"ENSMUSG00000098189",0.0788282016986569,0,7.3561311249555,0,1,NA
"ENSMUSG00000098190",0.799935852799031,-2.88631082936023,4.42598264068884,-0.652128818316155,0.51431807464501,NA
"ENSMUSG00000098192",4.25256915698582,-0.291775150562847,1.53222092659037,-0.190426292644449,0.848975096061238,NA
"ENSMUSG00000098193",0.645318034804577,0,4.72139400611962,0,1,NA
"ENSMUSG00000098194",1.01399112090825,0,3.60040654616033,0,1,NA
"ENSMUSG00000098195",0.0352491936835511,1.15166835864525,7.35612507932084,0.156559104994389,0.87559233448861,NA
"ENSMUSG00000098198",2.11429981978733,-0.250244141079821,3.09536965916121,-0.0808446707937404,0.935565482156354,NA
"ENSMUSG00000098199",0.333363417499072,1.14740673411446,7.14067672906609,0.160685993449886,0.872340721682016,NA
"ENSMUSG00000098200",3.35376315142787,2.14561631877529,2.02671460742483,1.05866721980237,0.289751361691594,NA
"ENSMUSG00000098201",7.13449045845229,-0.873541860065712,0.930079151406159,-0.939212387187725,0.34762171037929,NA
"ENSMUSG00000098203",0.525503013575615,1.14813249834018,6.3203833578726,0.181655515706983,0.855853078349196,NA
"ENSMUSG00000098205",0,NA,NA,NA,NA,NA
"ENSMUSG00000098207",0.0840107991841011,0,7.3561311249555,0,1,NA
"ENSMUSG00000098208",3.99715363497511,-2.242005313326,1.89645415092318,-1.18220907804948,0.237122751464912,NA
"ENSMUSG00000098209",0.47777159350058,-2.53676191186003,7.29525368220723,-0.347727717549709,0.728044678583286,NA
"ENSMUSG00000098210",0,NA,NA,NA,NA,NA
"ENSMUSG00000098212",0.079779952199224,0,7.3561311249555,0,1,NA
"ENSMUSG00000098213",0,NA,NA,NA,NA,NA
"ENSMUSG00000098214",0.175529957001106,-1.66408557123956,7.34993365923458,-0.226408243719149,0.820883916830057,NA
"ENSMUSG00000098215",0.324589701310014,-1.66942447078819,7.35006773027484,-0.227130488051403,0.820322277464256,NA
"ENSMUSG00000098216",0.164073658548068,0,7.3561311249555,0,1,NA
"ENSMUSG00000098217",1.40331767516752,-0.239646287139871,2.0363489270091,-0.117684294651729,0.906317811349392,NA
"ENSMUSG00000098218",0.200970864449628,-0.232856840729446,7.35008898223155,-0.0316808192788367,0.974726591206389,NA
"ENSMUSG00000098219",0.637455451975341,-0.11811167757621,5.20629632485459,-0.022686314840043,0.98190049220317,NA
"ENSMUSG00000098222",2.39994463232055,-3.33801970149566,2.09778744617987,-1.59120968502995,0.111562393983979,NA
"ENSMUSG00000098223",0.80967906266882,-1.43109001653761,2.9493382961929,-0.485224098702039,0.627517389362801,NA
"ENSMUSG00000098224",4.49752018545036,-1.75235581657875,2.35603936552149,-0.743771875047121,0.45701449792309,NA
"ENSMUSG00000098225",0.080112419739122,0,7.3561311249555,0,1,NA
"ENSMUSG00000098226",0.637430936802677,-1.70090889058967,4.6121977867677,-0.368784898052191,0.712288062104781,NA
"ENSMUSG00000098227",0.815951880907759,2.72926516359033,3.60400485604704,0.757286760868534,0.44887808079676,NA
"ENSMUSG00000098228",0.18532729725891,-0.694932648397967,7.19555798240783,-0.0965780068893871,0.923061522793743,NA
"ENSMUSG00000098229",0.115911814298444,0,7.3561311249555,0,1,NA
"ENSMUSG00000098231",0.206229841624456,-1.6669351831636,7.350005882368,-0.226793720963194,0.820584146444409,NA
"ENSMUSG00000098232",4.41799549649581,-0.40421619090975,1.81097275151799,-0.223203905509306,0.823376812458513,NA
"ENSMUSG00000098235",4.10136797387594,-1.84088700646711,1.48798659971206,-1.23716638766998,0.216025317331089,NA
"ENSMUSG00000098236",0.456346211013445,-3.11593102732305,6.4611893027084,-0.482253480178474,0.629625889682283,NA
"ENSMUSG00000098237",0,NA,NA,NA,NA,NA
"ENSMUSG00000098238",5.43627239069495,-2.83176683726675,1.80343377277692,-1.57020838802769,0.116366638762918,NA
"ENSMUSG00000098240",2.01031638550982,0.584995971873231,2.25790949259289,0.259087431888798,0.795567781702154,NA
"ENSMUSG00000098241",1.36943672227888,-0.652465716632894,2.65018416232439,-0.246196368504684,0.805530226575531,NA
"ENSMUSG00000098242",0.24569576494643,-1.66827362232236,7.35003883482789,-0.226974803781622,0.820443334552632,NA
"ENSMUSG00000098244",0.0419195223311899,0,7.3561311249555,0,1,NA
"ENSMUSG00000098245",0.2328814160011,-0.230891125372388,7.34989101824615,-0.0314142243468915,0.974939197361892,NA
"ENSMUSG00000098246",0.125341362890933,-1.89127140047397,7.34102560854431,-0.25763040497675,0.796692161842382,NA
"ENSMUSG00000098272",0.0432773486139992,0,7.3561311249555,0,1,NA
"ENSMUSG00000098274",11561.4194566474,-0.650362513323632,0.224716468271637,-2.89414709267091,0.00380190014698126,0.0370263871457239
"ENSMUSG00000098275",0.205889623651454,0,7.3561311249555,0,1,NA
"ENSMUSG00000098278",0.0710374986746129,2.16226366003378,7.28481246100722,0.296818026765623,0.766605441993722,NA
"ENSMUSG00000098290",0,NA,NA,NA,NA,NA
"ENSMUSG00000098306",0,NA,NA,NA,NA,NA
"ENSMUSG00000098309",0,NA,NA,NA,NA,NA
"ENSMUSG00000098313",0.0355187493373064,1.16171280725677,7.35565536667627,0.157934643392857,0.874508299155349,NA
"ENSMUSG00000098330",0.0400922426516566,0,7.3561311249555,0,1,NA
"ENSMUSG00000098333",0,NA,NA,NA,NA,NA
"ENSMUSG00000098335",0,NA,NA,NA,NA,NA
"ENSMUSG00000098348",0.0761524196209141,-2.55627499047924,7.29465809108018,-0.350431090609309,0.726015196884991,NA
"ENSMUSG00000098354",19.4702608462852,1.24133994221362,0.813908998098173,1.52515815049865,0.127219655996468,NA
"ENSMUSG00000098369",0,NA,NA,NA,NA,NA
"ENSMUSG00000098374",186.021653397242,-0.16634495521211,0.423358357353948,-0.392917612992904,0.694380332375589,0.83378365485792
"ENSMUSG00000098382",0,NA,NA,NA,NA,NA
"ENSMUSG00000098386",0,NA,NA,NA,NA,NA
"ENSMUSG00000098387",29.0404741678413,0.873759927038072,0.773639157571646,1.12941533334571,0.25872266749948,NA
"ENSMUSG00000098404",6.85277501918763,0.0944493216891548,1.58152609885119,0.0597203686728673,0.952378348832744,NA
"ENSMUSG00000098412",3.0840010860122,-2.01794079666867,1.86679663580611,-1.08096444891936,0.279712927985964,NA
"ENSMUSG00000098420",0.0781739508936734,-1.67191436865023,7.35013215005821,-0.227467252903335,0.820060430252435,NA
"ENSMUSG00000098421",0.0415181309300755,0,7.3561311249555,0,1,NA
"ENSMUSG00000098426",0.857910511121622,-0.235795168852766,3.83991438415389,-0.0614063609922704,0.951035586582751,NA
"ENSMUSG00000098428",0,NA,NA,NA,NA,NA
"ENSMUSG00000098438",1.48051539578071,1.58938497647219,2.82658459580065,0.562298746987256,0.573912491899984,NA
"ENSMUSG00000098456",0.512515706347016,0,5.60422756113233,0,1,NA
"ENSMUSG00000098463",0.533251007118469,-0.663128637458751,7.18239309780777,-0.0923269763195157,0.926438255898653,NA
"ENSMUSG00000098468",0.540769350114282,2.11258260288157,7.28602874930724,0.28994980332495,0.771854639800951,NA
"ENSMUSG00000098469",0,NA,NA,NA,NA,NA
"ENSMUSG00000098470",0.357525908229411,-3.13191551670261,7.26788506017583,-0.43092529542932,0.666522690107706,NA
"ENSMUSG00000098471",0,NA,NA,NA,NA,NA
"ENSMUSG00000098485",0.119811332908957,-1.665298986386,7.34996455851776,-0.226572383190081,0.820756268863443,NA
"ENSMUSG00000098488",202.398388455622,9.54176976615023,2.54856652499321,3.74397516116463,0.000181131567431397,0.00895242772029678
"ENSMUSG00000098492",4.33051619437282,1.64829602791245,1.87746647263244,0.87793633172119,0.379978271257922,NA
"ENSMUSG00000098505",0.291772372767858,0.628833682841308,7.15217205151134,0.0879220575668936,0.929938625089524,NA
"ENSMUSG00000098506",0.292434561979136,-0.22929075327065,7.34986901583384,-0.0311965768065646,0.975112769899848,NA
"ENSMUSG00000098508",0,NA,NA,NA,NA,NA
"ENSMUSG00000098509",0.670209468904996,-0.298442352743446,4.50451314554446,-0.0662540752131323,0.947175545514048,NA
"ENSMUSG00000098520",0.442820404583976,-1.6639899624812,5.73795280432074,-0.289997150417165,0.771818417617055,NA
"ENSMUSG00000098524",0.16622979149558,-1.89110306741077,7.34103223311246,-0.257607242055246,0.796710039963965,NA
"ENSMUSG00000098528",0.0406180793754555,0,7.3561311249555,0,1,NA
"ENSMUSG00000098530",0.231615186172674,-1.86465728907453,7.34208394381284,-0.253968396894437,0.799519973401166,NA
"ENSMUSG00000098549",0.445940564482585,-2.36752492178955,7.23294515873907,-0.327325158677449,0.743421965708213,NA
"ENSMUSG00000098557",59.3428530119402,-0.404998931293126,0.674136817123503,-0.600766670809094,0.547995405898829,NA
"ENSMUSG00000098559",8.03008876157246,-0.988710044996996,0.898525268742291,-1.10036977188292,0.271171043438513,NA
"ENSMUSG00000098561",0,NA,NA,NA,NA,NA
"ENSMUSG00000098564",0,NA,NA,NA,NA,NA
"ENSMUSG00000098590",0.725286911910847,4.48063495510275,6.56687117398198,0.682308946893169,0.495043616908265,NA
"ENSMUSG00000098640",11.9855994135456,-0.617209117196594,0.714733500986539,-0.863551402508301,0.387834370452243,NA
"ENSMUSG00000098644",0,NA,NA,NA,NA,NA
"ENSMUSG00000098650",464.624197202191,-1.13727417812649,0.38185942441584,-2.97825352841892,0.00289896081544665,0.0322095396705202
"ENSMUSG00000098668",0,NA,NA,NA,NA,NA
"ENSMUSG00000098678",0.635982304606591,2.73853771270479,4.47456063054041,0.612023825090968,0.540521994512458,NA
"ENSMUSG00000098692",44.3340318514092,-0.982600631415954,0.513604481630449,-1.91314652920603,0.0557292965445443,NA
"ENSMUSG00000098707",0.0815584309180549,1.14580922035038,7.3559757542243,0.155765769033752,0.876217653575277,NA
"ENSMUSG00000098713",8.64241939982303,-1.8646593084521,0.915467412986442,-2.03683853952726,0.0416662248061028,NA
"ENSMUSG00000098715",83.0358022522484,0.0908291798581065,0.521071061255254,0.174312462563743,0.861619905472842,0.934098789822224
"ENSMUSG00000098741",0,NA,NA,NA,NA,NA
"ENSMUSG00000098744",0,NA,NA,NA,NA,NA
"ENSMUSG00000098748",0,NA,NA,NA,NA,NA
"ENSMUSG00000098754",0,NA,NA,NA,NA,NA
"ENSMUSG00000098761",1.040802983368,0.204887175750824,2.85692585361069,0.0717159584284903,0.942827955875189,NA
"ENSMUSG00000098773",0,NA,NA,NA,NA,NA
"ENSMUSG00000098779",0,NA,NA,NA,NA,NA
"ENSMUSG00000098781",5.83556398143539,-5.57296479742553,2.33277717869542,-2.3889829034345,0.0168950885546428,NA
"ENSMUSG00000098782",0.116952737157226,0,7.3561311249555,0,1,NA
"ENSMUSG00000098789",203.323158050692,0.45169649942304,0.299958308163109,1.50586427223553,0.132102019864327,0.307037024772837
"ENSMUSG00000098794",0,NA,NA,NA,NA,NA
"ENSMUSG00000098796",0.151636695485875,-1.08725746205053,7.29534997730106,-0.14903431164145,0.881526558519835,NA
"ENSMUSG00000098799",0.286123594743103,-1.29507246060554,7.28463976418599,-0.177781263388288,0.858894762583815,NA
"ENSMUSG00000098814",421.878532706998,-1.79221036841953,2.21614296318908,-0.808707018540224,0.418683690126864,0.623202571435635
"ENSMUSG00000098832",0.409710531022838,-1.6682328006304,7.35003892036521,-0.226969247197879,0.820447655324166,NA
"ENSMUSG00000098837",1.19141875293493,-0.342842823127511,2.60089535185343,-0.131817230894429,0.895128857198287,NA
"ENSMUSG00000098847",0.0832296697805072,-1.66031804555615,7.34983795144446,-0.225898592122,0.821280292848517,NA
"ENSMUSG00000098861",0.0851549481264175,0,7.3561311249555,0,1,NA
"ENSMUSG00000098888",0,NA,NA,NA,NA,NA
"ENSMUSG00000098893",4.3800190396605,-0.738865573601342,1.70484588175777,-0.433391417668521,0.664730434411387,NA
"ENSMUSG00000098895",0.149822357680633,2.16044463060697,7.2848543692972,0.296566619054513,0.766797399004753,NA
"ENSMUSG00000098897",0,NA,NA,NA,NA,NA
"ENSMUSG00000098900",5.36095059168401,-1.32678445160124,1.42352957847758,-0.932038555194749,0.351316600545373,NA
"ENSMUSG00000098905",103.058656792734,-0.173161414475489,0.304292297340569,-0.569062759684923,0.569313549785328,0.74430160555852
"ENSMUSG00000098909",0.137837538196686,0,7.3561311249555,0,1,NA
"ENSMUSG00000098915",9.18719550436847,-0.881199693167336,1.57147296396479,-0.560747600101301,0.574969612741393,NA
"ENSMUSG00000098923",157.182032924283,0.166744890081139,0.290982466833253,0.573041021666409,0.566616919077161,0.742740783062955
"ENSMUSG00000098924",0.11303988656812,2.1316394109263,7.28555747939615,0.292584255488295,0.769839949686482,NA
"ENSMUSG00000098934",223.290914676827,-0.0558822475999561,0.621040535581831,-0.0899816427402794,0.928301802615532,0.970417017645361
"ENSMUSG00000098935",0,NA,NA,NA,NA,NA
"ENSMUSG00000098945",0.195401184804084,-3.13588362816406,7.26780267330875,-0.431476165372609,0.666122179462551,NA
"ENSMUSG00000098947",0.121136587509797,0,7.3561311249555,0,1,NA
"ENSMUSG00000098949",0.0432773486139992,0,7.3561311249555,0,1,NA
"ENSMUSG00000098950",1.01543657175767,0,5.54015499007105,0,1,NA
"ENSMUSG00000098985",0.56900295813587,-1.69690472602956,5.3444224531874,-0.317509467279768,0.750857056985524,NA
"ENSMUSG00000098987",0.0847305536610302,0,7.3561311249555,0,1,NA
"ENSMUSG00000099008",0.329412928715683,0,7.3561311249555,0,1,NA
"ENSMUSG00000099009",0.818532661008063,0,7.3561311249555,0,1,NA
"ENSMUSG00000099019",2.90932803026609,-3.4386056401206,2.39069247882362,-1.43833038777644,0.150340333719998,NA
"ENSMUSG00000099032",2.46881734914036,1.34163300031776,1.79120647482555,0.749010803150665,0.453850694108977,NA
"ENSMUSG00000099034",155.223181176746,0.201853377464413,0.343472734839257,0.587683845004114,0.556744521036799,0.735358042550608
"ENSMUSG00000099041",1.21458599884137,0.145850763604137,3.24686403649184,0.0449205023570143,0.964170674820641,NA
"ENSMUSG00000099055",0.290593606447869,2.12351311200949,7.28506246978502,0.291488662014473,0.7706776139966,NA
"ENSMUSG00000099056",0,NA,NA,NA,NA,NA
"ENSMUSG00000099057",0.0380762098104571,-1.67431590235222,7.3501929692546,-0.227792101425878,0.819807867435575,NA
"ENSMUSG00000099064",0.0410826440564989,0,7.3561311249555,0,1,NA
"ENSMUSG00000099083",356.024357964817,0.690525762935253,0.251854378810193,2.74176596093912,0.00611098659634617,0.0471309794601637
"ENSMUSG00000099085",0.0380762098104571,-1.67431590235222,7.3501929692546,-0.227792101425878,0.819807867435575,NA
"ENSMUSG00000099087",0,NA,NA,NA,NA,NA
"ENSMUSG00000099102",0.857894174977232,0.078648619543211,3.62445974309911,0.0216994049093679,0.982687738475485,NA
"ENSMUSG00000099104",5.22982266431982,-2.55959950160915,1.26221794790783,-2.02785858484406,0.0425746830646073,NA
"ENSMUSG00000099115",0.923547425724207,1.08188993942028,4.10368595847064,0.263638580137227,0.792058427276553,NA
"ENSMUSG00000099120",0.0736018038223677,-0.233010524616308,7.34994610502338,-0.0317023446548886,0.974709425063799,NA
"ENSMUSG00000099138",0.0450384044921535,0,7.3561311249555,0,1,NA
"ENSMUSG00000099178",0.0410826440564989,0,7.3561311249555,0,1,NA
"ENSMUSG00000099182",0,NA,NA,NA,NA,NA
"ENSMUSG00000099188",0.450511344788104,0.524871816802031,5.56296461890664,0.0943510974378965,0.924830261027837,NA
"ENSMUSG00000099198",0.109035406672458,0.767805590787552,7.27895398634961,0.105482957060511,0.915992592834585,NA
"ENSMUSG00000099216",0.739245646274582,-0.238732500361614,4.16749159354309,-0.0572844587692739,0.95431860012841,NA
"ENSMUSG00000099220",0.211789479397287,3.47785070593224,7.24234029852299,0.480210893520361,0.631077441610314,NA
"ENSMUSG00000099239",0.0474375977968173,0,7.3561311249555,0,1,NA
"ENSMUSG00000099241",98.7632783726513,-8.41108557539668,2.00335574855514,-4.19849823550457,2.68690946767018e-05,0.00368890278998885
"ENSMUSG00000099242",0.0380762098104571,-1.67431590235222,7.3501929692546,-0.227792101425878,0.819807867435575,NA
"ENSMUSG00000099253",1.198356379094,1.55410703293238,2.99805123554155,0.518372406217953,0.604198463274548,NA
"ENSMUSG00000099256",0,NA,NA,NA,NA,NA
"ENSMUSG00000099269",0.0787097019072224,-1.66915659630817,7.35006218740556,-0.227094214137167,0.820350482978634,NA
"ENSMUSG00000099274",0.0406180793754555,0,7.3561311249555,0,1,NA
"ENSMUSG00000099276",0.0812361587509111,0,7.3561311249555,0,1,NA
"ENSMUSG00000099294",4.34543750232894,0,2.35855511479851,0,1,NA
"ENSMUSG00000099298",0,NA,NA,NA,NA,NA
"ENSMUSG00000099310",10.4006603212794,2.17963708205987,0.92805617725221,2.34860468092928,0.0188439014790388,NA
"ENSMUSG00000099313",0.162467036922039,0,7.35613112495549,0,1,NA
"ENSMUSG00000099325",0.16622979149558,-1.89110306741077,7.34103223311246,-0.257607242055246,0.796710039963965,NA
"ENSMUSG00000099335",0,NA,NA,NA,NA,NA
"ENSMUSG00000099337",12.6478275926855,0,2.18043780031913,0,1,NA
"ENSMUSG00000099339",0,NA,NA,NA,NA,NA
"ENSMUSG00000099342",2.72349800880778,0,3.24704712775652,0,1,NA
"ENSMUSG00000099344",1.73264222638758,-1.18328679910954,2.42295547721143,-0.4883650608683,0.625291285239775,NA
"ENSMUSG00000099346",0,NA,NA,NA,NA,NA
"ENSMUSG00000099347",0,NA,NA,NA,NA,NA
"ENSMUSG00000099350",0,NA,NA,NA,NA,NA
"ENSMUSG00000099351",0,NA,NA,NA,NA,NA
"ENSMUSG00000099352",0,NA,NA,NA,NA,NA
"ENSMUSG00000099353",0.219429804073557,0.94172782938498,7.18721782811974,0.13102814634343,0.895753041785616,NA
"ENSMUSG00000099357",0,NA,NA,NA,NA,NA
"ENSMUSG00000099359",0,NA,NA,NA,NA,NA
"ENSMUSG00000099363",0,NA,NA,NA,NA,NA
"ENSMUSG00000099366",0.199568024213546,1.14597694755969,7.35598002227217,0.155788480133163,0.876199751275981,NA
"ENSMUSG00000099367",0,NA,NA,NA,NA,NA
"ENSMUSG00000099368",0,NA,NA,NA,NA,NA
"ENSMUSG00000099369",0,NA,NA,NA,NA,NA
"ENSMUSG00000099371",0,NA,NA,NA,NA,NA
"ENSMUSG00000099374",0.0414066693320352,0,7.3561311249555,0,1,NA
"ENSMUSG00000099376",0,NA,NA,NA,NA,NA
"ENSMUSG00000099377",0.0864642818037434,0,7.3561311249555,0,1,NA
"ENSMUSG00000099381",0.280758775683437,-2.5482620896435,7.29490356102371,-0.349320874268816,0.726848428937158,NA
"ENSMUSG00000099382",0,NA,NA,NA,NA,NA
"ENSMUSG00000099383",0.035583895638899,0,7.3561311249555,0,1,NA
"ENSMUSG00000099385",0.216740204946209,1.11747613289462,7.3552535664248,0.151928974684934,0.879242955071065,NA
"ENSMUSG00000099386",0,NA,NA,NA,NA,NA
"ENSMUSG00000099389",0.130006794598958,0,7.3561311249555,0,1,NA
"ENSMUSG00000099393",0,NA,NA,NA,NA,NA
"ENSMUSG00000099394",1.10814273351849,0.898627891669695,2.40551834933389,0.373569335656298,0.708724751407579,NA
"ENSMUSG00000099396",0,NA,NA,NA,NA,NA
"ENSMUSG00000099397",0.678233845542742,-0.415906123955645,4.16784744332597,-0.0997891908499771,0.920511689667058,NA
"ENSMUSG00000099398",0.434654376303531,-0.109458239597031,7.22271628678912,-0.0151547195335968,0.987908746086645,NA
"ENSMUSG00000099400",0.36352724045648,-2.50841390709681,7.24420356253475,-0.346264966941254,0.729143594298058,NA
"ENSMUSG00000099403",0.237345063178547,-0.237298709957097,7.35012995839058,-0.0322849679257994,0.974244796813959,NA
"ENSMUSG00000099405",0.868264584467385,-0.935189277572012,2.84245252237289,-0.329007879713436,0.742149732157174,NA
"ENSMUSG00000099409",0,NA,NA,NA,NA,NA
"ENSMUSG00000099410",0,NA,NA,NA,NA,NA
"ENSMUSG00000099412",0,NA,NA,NA,NA,NA
"ENSMUSG00000099414",0,NA,NA,NA,NA,NA
"ENSMUSG00000099417",22.7433931148188,0.549127815442852,0.53674110442526,1.02307762702627,0.306271144225063,NA
"ENSMUSG00000099418",0.200404563015313,1.37410398947992,7.34597338257082,0.187055400001876,0.851617196510726,NA
"ENSMUSG00000099420",0,NA,NA,NA,NA,NA
"ENSMUSG00000099422",2.61293263864997,0.376575423517954,1.72901013733052,0.217798273929938,0.827586289487966,NA
"ENSMUSG00000099423",1.73343093157823,0.394764535598944,2.12005039379207,0.186205260381967,0.852283798915194,NA
"ENSMUSG00000099425",0,NA,NA,NA,NA,NA
"ENSMUSG00000099427",0.0380762098104571,-1.67431590235222,7.3501929692546,-0.227792101425878,0.819807867435575,NA
"ENSMUSG00000099428",0.269529032169382,1.17443658484249,7.35554676696436,0.159666795963718,0.873143558264751,NA
"ENSMUSG00000099432",0.307779000194072,1.77038655962722,7.24304421870283,0.244425756100696,0.806901096121576,NA
"ENSMUSG00000099433",0.0736109860133733,-0.240268468888837,7.35023136651914,-0.0326885586191583,0.973922947915867,NA
"ENSMUSG00000099434",0,NA,NA,NA,NA,NA
"ENSMUSG00000099435",0.180929049950021,-0.0474462111604645,7.33898333315964,-0.00646495693021795,0.994841746611256,NA
"ENSMUSG00000099438",0,NA,NA,NA,NA,NA
"ENSMUSG00000099439",0,NA,NA,NA,NA,NA
"ENSMUSG00000099441",0,NA,NA,NA,NA,NA
"ENSMUSG00000099443",0,NA,NA,NA,NA,NA
"ENSMUSG00000099444",0.162730697965152,-1.66051918047948,7.34984327638996,-0.225925794338172,0.821259135465261,NA
"ENSMUSG00000099445",0.0488582735869228,-1.88445199085272,7.34129618423011,-0.256691998737325,0.797416548724726,NA
"ENSMUSG00000099448",0,NA,NA,NA,NA,NA
"ENSMUSG00000099450",0.0406180793754555,0,7.3561311249555,0,1,NA
"ENSMUSG00000099451",0.0381979668618393,0,7.3561311249555,0,1,NA
"ENSMUSG00000099453",0.0786969508541233,-1.6733629053909,7.35016881074346,-0.227663193659581,0.819908088246872,NA
"ENSMUSG00000099454",0.252968766815222,-0.233181328466377,7.34992881497508,-0.0317256580759371,0.974690832997181,NA
"ENSMUSG00000099455",0.649846507181479,-4.5214169911411,7.23404225662839,-0.625019433221892,0.531958303725021,NA
"ENSMUSG00000099457",0,NA,NA,NA,NA,NA
"ENSMUSG00000099458",0,NA,NA,NA,NA,NA
"ENSMUSG00000099460",0,NA,NA,NA,NA,NA
"ENSMUSG00000099464",0.0711677912777981,0,7.3561311249555,0,1,NA
"ENSMUSG00000099466",0,NA,NA,NA,NA,NA
"ENSMUSG00000099467",0,NA,NA,NA,NA,NA
"ENSMUSG00000099469",0.169422257539106,-0.233167028240695,7.34998744697733,-0.0317234593831292,0.974692586417642,NA
"ENSMUSG00000099471",3.82977017164815,0.273842517581157,1.52684503773106,0.179351873185569,0.857661418203375,NA
"ENSMUSG00000099473",0,NA,NA,NA,NA,NA
"ENSMUSG00000099476",0.12225705962807,0,7.3561311249555,0,1,NA
"ENSMUSG00000099477",0,NA,NA,NA,NA,NA
"ENSMUSG00000099481",223.006136341154,0.756782221365051,0.239187850984447,3.16396597172596,0.00155634991032657,0.024342593138573
"ENSMUSG00000099483",0,NA,NA,NA,NA,NA
"ENSMUSG00000099484",0,NA,NA,NA,NA,NA
"ENSMUSG00000099486",0.344233641356868,-1.44585757839795,7.23941874960645,-0.19972011958509,0.841699477628238,NA
"ENSMUSG00000099487",0,NA,NA,NA,NA,NA
"ENSMUSG00000099488",1.02447054028387,-0.936194913768154,3.28837234294431,-0.284698573072754,0.77587508395084,NA
"ENSMUSG00000099489",0,NA,NA,NA,NA,NA
"ENSMUSG00000099490",0.0355187493373064,1.16171280725677,7.35565536667627,0.157934643392857,0.874508299155349,NA
"ENSMUSG00000099492",2.47792461319057,-2.29409584999716,1.63235282623143,-1.4053921512137,0.159904699387711,NA
"ENSMUSG00000099493",0,NA,NA,NA,NA,NA
"ENSMUSG00000099495",0,NA,NA,NA,NA,NA
"ENSMUSG00000099497",0,NA,NA,NA,NA,NA
"ENSMUSG00000099499",0,NA,NA,NA,NA,NA
"ENSMUSG00000099504",0,NA,NA,NA,NA,NA
"ENSMUSG00000099507",0.0406180793754555,0,7.3561311249555,0,1,NA
"ENSMUSG00000099509",0,NA,NA,NA,NA,NA
"ENSMUSG00000099511",0.0407969102058399,0,7.3561311249555,0,1,NA
"ENSMUSG00000099513",0,NA,NA,NA,NA,NA
"ENSMUSG00000099514",0.0450384044921535,0,7.3561311249555,0,1,NA
"ENSMUSG00000099517",81.2175030370092,-0.84522112825872,1.38330091726701,-0.61101754340525,0.541187966204009,0.723915788310343
"ENSMUSG00000099518",0.0812361587509111,0,7.3561311249555,0,1,NA
"ENSMUSG00000099522",0,NA,NA,NA,NA,NA
"ENSMUSG00000099523",0,NA,NA,NA,NA,NA
"ENSMUSG00000099524",0,NA,NA,NA,NA,NA
"ENSMUSG00000099525",0,NA,NA,NA,NA,NA
"ENSMUSG00000099527",0,NA,NA,NA,NA,NA
"ENSMUSG00000099529",0,NA,NA,NA,NA,NA
"ENSMUSG00000099530",0,NA,NA,NA,NA,NA
"ENSMUSG00000099531",0,NA,NA,NA,NA,NA
"ENSMUSG00000099534",0,NA,NA,NA,NA,NA
"ENSMUSG00000099535",0,NA,NA,NA,NA,NA
"ENSMUSG00000099536",0,NA,NA,NA,NA,NA
"ENSMUSG00000099539",0.0710374986746129,2.16226366003378,7.28481246100722,0.296818026765623,0.766605441993722,NA
"ENSMUSG00000099541",0,NA,NA,NA,NA,NA
"ENSMUSG00000099542",0,NA,NA,NA,NA,NA
"ENSMUSG00000099544",0,NA,NA,NA,NA,NA
"ENSMUSG00000099545",0,NA,NA,NA,NA,NA
"ENSMUSG00000099546",0,NA,NA,NA,NA,NA
"ENSMUSG00000099547",0,NA,NA,NA,NA,NA
"ENSMUSG00000099549",0,NA,NA,NA,NA,NA
"ENSMUSG00000099550",0.245710709423916,0,7.3561311249555,0,1,NA
"ENSMUSG00000099560",0.157400544897765,-2.55307659738306,7.2947559168598,-0.349987940169778,0.726347748337616,NA
"ENSMUSG00000099562",9.49482215605283,-0.284091224112505,0.834346842516728,-0.340495354732297,0.733483520425157,NA
"ENSMUSG00000099563",0.238277588397159,1.14996318778084,7.3560806353896,0.156328246627483,0.875774292458464,NA
"ENSMUSG00000099564",0.249476420950519,-1.67151795196041,7.35012219382196,-0.227413627676201,0.820102124521345,NA
"ENSMUSG00000099565",0,NA,NA,NA,NA,NA
"ENSMUSG00000099566",0,NA,NA,NA,NA,NA
"ENSMUSG00000099569",1.11499861907688,1.15157424223809,3.46820961599515,0.332037093988525,0.739861249459868,NA
"ENSMUSG00000099570",0,NA,NA,NA,NA,NA
"ENSMUSG00000099571",0.822086027783113,2.34605394338836,3.94756135949252,0.594304617392941,0.55230839089644,NA
"ENSMUSG00000099572",0,NA,NA,NA,NA,NA
"ENSMUSG00000099573",0,NA,NA,NA,NA,NA
"ENSMUSG00000099575",0.0380762098104571,-1.67431590235222,7.3501929692546,-0.227792101425878,0.819807867435575,NA
"ENSMUSG00000099577",0,NA,NA,NA,NA,NA
"ENSMUSG00000099578",0.133532720370387,-1.90078967680338,7.34065353698703,-0.25894011578478,0.795681445531269,NA
"ENSMUSG00000099581",0.0355187493373064,1.16171280725677,7.35565536667627,0.157934643392857,0.874508299155349,NA
"ENSMUSG00000099582",0,NA,NA,NA,NA,NA
"ENSMUSG00000099583",54.5244915095381,0,2.09873294215985,0,1,NA
"ENSMUSG00000099584",0.0808647401017133,-1.66748752731746,7.35001988212808,-0.226868437644914,0.820526045270927,NA
"ENSMUSG00000099585",0,NA,NA,NA,NA,NA
"ENSMUSG00000099586",0,NA,NA,NA,NA,NA
"ENSMUSG00000099588",0,NA,NA,NA,NA,NA
"ENSMUSG00000099589",0,NA,NA,NA,NA,NA
"ENSMUSG00000099591",0.406417080423881,-3.54589004779656,7.25431300523123,-0.488797498155862,0.624985069426937,NA
"ENSMUSG00000099592",0.0808956131048132,0,7.3561311249555,0,1,NA
"ENSMUSG00000099594",0,NA,NA,NA,NA,NA
"ENSMUSG00000099596",0.391073282738152,-0.113160397356975,7.17184580314657,-0.0157784202927685,0.987411164406411,NA
"ENSMUSG00000099598",0.0406180793754555,0,7.3561311249555,0,1,NA
"ENSMUSG00000099600",0,NA,NA,NA,NA,NA
"ENSMUSG00000099603",0.123301705235614,-2.54183432671161,7.29510140027058,-0.34843029414469,0.727517054767652,NA
"ENSMUSG00000099604",4.80268722602908,-3.69370071084063,1.87383393872027,-1.97119960019682,0.0487010496436229,NA
"ENSMUSG00000099606",0,NA,NA,NA,NA,NA
"ENSMUSG00000099607",0,NA,NA,NA,NA,NA
"ENSMUSG00000099610",0.0400922426516566,0,7.3561311249555,0,1,NA
"ENSMUSG00000099611",0,NA,NA,NA,NA,NA
"ENSMUSG00000099612",0.0380762098104571,-1.67431590235222,7.3501929692546,-0.227792101425878,0.819807867435575,NA
"ENSMUSG00000099614",0,NA,NA,NA,NA,NA
"ENSMUSG00000099615",31.1818218602846,0.145267769733626,0.735580290430526,0.197487305768623,0.843446214358583,NA
"ENSMUSG00000099617",0.691147530401543,-0.301583916145258,4.51691686568636,-0.0667676481797348,0.946766678928992,NA
"ENSMUSG00000099618",0.805444890674106,-1.31161036437316,3.20196016278329,-0.409627321294669,0.68207935185583,NA
"ENSMUSG00000099620",0.0380762098104571,-1.67431590235222,7.3501929692546,-0.227792101425878,0.819807867435575,NA
"ENSMUSG00000099621",0,NA,NA,NA,NA,NA
"ENSMUSG00000099623",0.0409190281194281,0,7.3561311249555,0,1,NA
"ENSMUSG00000099624",0.60254482493829,0,7.05820996538142,0,1,NA
"ENSMUSG00000099626",0,NA,NA,NA,NA,NA
"ENSMUSG00000099627",0.322437962602433,-1.6721402372161,7.35013656247297,-0.227497846196956,0.820036643820904,NA
"ENSMUSG00000099631",0.135310647775522,-1.89434230584216,7.34090633681952,-0.258052918662207,0.796366066657468,NA
"ENSMUSG00000099634",0.620036625506293,-3.81901941478739,7.24676375110046,-0.526996538862945,0.598195992014802,NA
"ENSMUSG00000099637",0,NA,NA,NA,NA,NA
"ENSMUSG00000099641",0,NA,NA,NA,NA,NA
"ENSMUSG00000099645",0,NA,NA,NA,NA,NA
"ENSMUSG00000099647",555.756285971389,-0.795096976993332,0.293388189078595,-2.7100510742794,0.00672728480988841,0.0494550107658297
"ENSMUSG00000099648",0,NA,NA,NA,NA,NA
"ENSMUSG00000099652",0,NA,NA,NA,NA,NA
"ENSMUSG00000099655",8.53006833306611,-1.15387470554527,1.23732904498122,-0.932552832430096,0.35105089638681,NA
"ENSMUSG00000099656",0.0835468230988541,0,7.3561311249555,0,1,NA
"ENSMUSG00000099657",0.0380762098104571,-1.67431590235222,7.3501929692546,-0.227792101425878,0.819807867435575,NA
"ENSMUSG00000099658",0,NA,NA,NA,NA,NA
"ENSMUSG00000099659",0,NA,NA,NA,NA,NA
"ENSMUSG00000099660",2.71751904141403,5.39291004541544,7.22086087246815,0.746851399114701,0.455153265586191,NA
"ENSMUSG00000099661",0,NA,NA,NA,NA,NA
"ENSMUSG00000099662",0.689212496631781,-3.12901448371905,7.26794401564875,-0.430522645328845,0.666815497497547,NA
"ENSMUSG00000099663",2.469335876465,-0.764701851835739,1.48202074026467,-0.515985931275951,0.60586423528306,NA
"ENSMUSG00000099667",0,NA,NA,NA,NA,NA
"ENSMUSG00000099670",0,NA,NA,NA,NA,NA
"ENSMUSG00000099671",0.0400922426516566,0,7.3561311249555,0,1,NA
"ENSMUSG00000099673",0,NA,NA,NA,NA,NA
"ENSMUSG00000099675",0,NA,NA,NA,NA,NA
"ENSMUSG00000099676",0,NA,NA,NA,NA,NA
"ENSMUSG00000099677",0,NA,NA,NA,NA,NA
"ENSMUSG00000099679",0,NA,NA,NA,NA,NA
"ENSMUSG00000099682",0,NA,NA,NA,NA,NA
"ENSMUSG00000099684",0.984800036259086,1.11872987724956,4.5643241297376,0.245103074507961,0.806376622411313,NA
"ENSMUSG00000099685",1.11384038574058,0.629984150869555,4.44487858609867,0.141732589240981,0.887291232292831,NA
"ENSMUSG00000099686",0,NA,NA,NA,NA,NA
"ENSMUSG00000099687",0.197619966367598,0,7.3561311249555,0,1,NA
"ENSMUSG00000099688",0,NA,NA,NA,NA,NA
"ENSMUSG00000099689",19.0444424218162,0.105499517919852,0.716413181368297,0.147260715832107,0.882926238595003,NA
"ENSMUSG00000099691",0.147357670876139,-2.56587553347014,7.29436213540986,-0.351761468081536,0.72501715795988,NA
"ENSMUSG00000099692",0.135352198819053,-1.8374444504985,7.34318345510569,-0.250224505724548,0.802413735096366,NA
"ENSMUSG00000099693",0.0414066693320352,0,7.3561311249555,0,1,NA
"ENSMUSG00000099694",0.165075888471515,-1.65873617132197,7.34979716618613,-0.225684618747473,0.821446721934751,NA
"ENSMUSG00000099698",0.0920117354979734,0,7.3561311249555,0,1,NA
"ENSMUSG00000099701",0.152290155321197,-1.1108147377111,7.29428221895853,-0.152285681355184,0.878961617824721,NA
"ENSMUSG00000099702",47.7203179021553,0.121357939574287,0.429068119873595,0.282840728437338,0.777298931751063,NA
"ENSMUSG00000099709",0,NA,NA,NA,NA,NA
"ENSMUSG00000099711",0,NA,NA,NA,NA,NA
"ENSMUSG00000099712",0,NA,NA,NA,NA,NA
"ENSMUSG00000099713",0,NA,NA,NA,NA,NA
"ENSMUSG00000099714",0.114228629431371,-3.13863321915088,7.26774571323647,-0.431857874916372,0.665844712909321,NA
"ENSMUSG00000099717",0.295435657618651,0,7.3561311249555,0,1,NA
"ENSMUSG00000099719",6.70019286323353,1.15483823586913,1.04037981917379,1.11001599087748,0.266992135816514,NA
"ENSMUSG00000099721",0,NA,NA,NA,NA,NA
"ENSMUSG00000099725",0,NA,NA,NA,NA,NA
"ENSMUSG00000099726",0,NA,NA,NA,NA,NA
"ENSMUSG00000099727",0,NA,NA,NA,NA,NA
"ENSMUSG00000099728",0.346254255548435,0,7.35613112495549,0,1,NA
"ENSMUSG00000099729",0,NA,NA,NA,NA,NA
"ENSMUSG00000099731",0,NA,NA,NA,NA,NA
"ENSMUSG00000099732",0.154531475003943,-1.67458660953901,7.35019812406833,-0.227828771588558,0.819779358337467,NA
"ENSMUSG00000099733",0,NA,NA,NA,NA,NA
"ENSMUSG00000099734",0,NA,NA,NA,NA,NA
"ENSMUSG00000099736",0,NA,NA,NA,NA,NA
"ENSMUSG00000099738",0,NA,NA,NA,NA,NA
"ENSMUSG00000099739",0,NA,NA,NA,NA,NA
"ENSMUSG00000099740",0,NA,NA,NA,NA,NA
"ENSMUSG00000099741",0.12027672795497,0,7.3561311249555,0,1,NA
"ENSMUSG00000099742",0,NA,NA,NA,NA,NA
"ENSMUSG00000099744",0.0909207720114378,-1.90942331865202,7.34031665815405,-0.260128194405745,0.794764890344037,NA
"ENSMUSG00000099745",0,NA,NA,NA,NA,NA
"ENSMUSG00000099748",0,NA,NA,NA,NA,NA
"ENSMUSG00000099750",0.0407969102058399,0,7.3561311249555,0,1,NA
"ENSMUSG00000099753",0.0474375977968173,0,7.3561311249555,0,1,NA
"ENSMUSG00000099754",0.111750646970508,1.15956752316176,7.35575808603564,0.157640791010123,0.87473985885073,NA
"ENSMUSG00000099755",0,NA,NA,NA,NA,NA
"ENSMUSG00000099762",0.193786696999934,-2.55736021333072,7.29468865931463,-0.350578391041435,0.72590467029593,NA
"ENSMUSG00000099764",8.45744998453707,0.637699183731118,1.38175223838294,0.461514854846492,0.64442926627992,NA
"ENSMUSG00000099765",0.113765971052906,1.15455235494773,7.35600316177912,0.156953760018299,0.875281290489761,NA
"ENSMUSG00000099766",0,NA,NA,NA,NA,NA
"ENSMUSG00000099768",0.266855006425509,-4.13742307488573,7.2406086876517,-0.571419234675917,0.56771549369296,NA
"ENSMUSG00000099770",0.0380762098104571,-1.67431590235222,7.3501929692546,-0.227792101425878,0.819807867435575,NA
"ENSMUSG00000099771",0.0406180793754555,0,7.3561311249555,0,1,NA
"ENSMUSG00000099772",0,NA,NA,NA,NA,NA
"ENSMUSG00000099773",3.07658636779789,0.155862784362908,1.30076415905728,0.119824015197243,0.904622557626044,NA
"ENSMUSG00000099775",10.5755961617567,-1.22784561975565,1.88594806445383,-0.651049539962403,0.515014508134407,NA
"ENSMUSG00000099777",0,NA,NA,NA,NA,NA
"ENSMUSG00000099779",0.410818934753578,1.15135483169918,5.71314845393491,0.201527203604554,0.840286360353616,NA
"ENSMUSG00000099781",0.751394278455771,3.4795927509887,6.65580064515954,0.522791011404353,0.601119695406391,NA
"ENSMUSG00000099782",0,NA,NA,NA,NA,NA
"ENSMUSG00000099783",0,NA,NA,NA,NA,NA
"ENSMUSG00000099787",0.0737136964720634,1.16328262329132,7.35557696243858,0.158149745319999,0.874338802706918,NA
"ENSMUSG00000099791",0,NA,NA,NA,NA,NA
"ENSMUSG00000099792",0,NA,NA,NA,NA,NA
"ENSMUSG00000099795",0.081012070078163,-1.62478446823089,7.34893810976992,-0.221091053423194,0.825021536235769,NA
"ENSMUSG00000099796",0,NA,NA,NA,NA,NA
"ENSMUSG00000099797",0.454533897592791,1.10696915577076,5.66115320182567,0.195537749342974,0.844971988295642,NA
"ENSMUSG00000099801",0.0381979668618393,0,7.3561311249555,0,1,NA
"ENSMUSG00000099805",0,NA,NA,NA,NA,NA
"ENSMUSG00000099806",0,NA,NA,NA,NA,NA
"ENSMUSG00000099809",0.154027488397704,2.14344049475706,7.28552692851409,0.294205280659668,0.768601045741672,NA
"ENSMUSG00000099816",0.0381979668618393,0,7.3561311249555,0,1,NA
"ENSMUSG00000099817",0,NA,NA,NA,NA,NA
"ENSMUSG00000099818",0,NA,NA,NA,NA,NA
"ENSMUSG00000099819",0,NA,NA,NA,NA,NA
"ENSMUSG00000099820",0.409887796106641,1.15893009892283,7.35579106993512,0.157553428027565,0.87480870414498,NA
"ENSMUSG00000099821",0,NA,NA,NA,NA,NA
"ENSMUSG00000099826",0.0406180793754555,0,7.3561311249555,0,1,NA
"ENSMUSG00000099828",0,NA,NA,NA,NA,NA
"ENSMUSG00000099831",0,NA,NA,NA,NA,NA
"ENSMUSG00000099833",0,NA,NA,NA,NA,NA
"ENSMUSG00000099834",0,NA,NA,NA,NA,NA
"ENSMUSG00000099835",0.762044651679611,2.70411680555948,4.34443136032739,0.622432852836166,0.53365728363028,NA
"ENSMUSG00000099838",0,NA,NA,NA,NA,NA
"ENSMUSG00000099840",0,NA,NA,NA,NA,NA
"ENSMUSG00000099841",0,NA,NA,NA,NA,NA
"ENSMUSG00000099842",51.1389933749187,-0.412706232001748,0.46604175906908,-0.885556334750197,0.375856650070281,NA
"ENSMUSG00000099845",0,NA,NA,NA,NA,NA
"ENSMUSG00000099846",0,NA,NA,NA,NA,NA
"ENSMUSG00000099850",3.47634210842487,0.630118119081938,1.60196107733804,0.393341715972899,0.694067111229666,NA
"ENSMUSG00000099852",0,NA,NA,NA,NA,NA
"ENSMUSG00000099856",0,NA,NA,NA,NA,NA
"ENSMUSG00000099858",0.0870046572663241,0,7.35613112495549,0,1,NA
"ENSMUSG00000099861",0.0423138913998709,0,7.3561311249555,0,1,NA
"ENSMUSG00000099862",0,NA,NA,NA,NA,NA
"ENSMUSG00000099864",0.152510427138104,-1.67614187664172,7.35023774363924,-0.228039137658128,0.819615814527824,NA
"ENSMUSG00000099867",0,NA,NA,NA,NA,NA
"ENSMUSG00000099870",0.292402757432278,-2.55198588252408,7.29478712287039,-0.349836923208242,0.726461087124817,NA
"ENSMUSG00000099871",0.0406180793754555,0,7.3561311249555,0,1,NA
"ENSMUSG00000099873",0,NA,NA,NA,NA,NA
"ENSMUSG00000099875",2.10746228163906,1.34068177694851,3.43800721809476,0.389958976785241,0.696566882007068,NA
"ENSMUSG00000099882",0,NA,NA,NA,NA,NA
"ENSMUSG00000099883",0,NA,NA,NA,NA,NA
"ENSMUSG00000099884",0.149795453525739,-1.69316895946584,7.26728663956585,-0.232985025008864,0.815773034134099,NA
"ENSMUSG00000099886",0.0355838956388991,0,7.3561311249555,0,1,NA
"ENSMUSG00000099888",0,NA,NA,NA,NA,NA
"ENSMUSG00000099889",0.0406180793754555,0,7.3561311249555,0,1,NA
"ENSMUSG00000099891",129.798835953999,-2.28676334661159,0.404091251903161,-5.65902710301585,1.5223351508013e-08,1.00321886437806e-05
"ENSMUSG00000099892",0,NA,NA,NA,NA,NA
"ENSMUSG00000099894",0,NA,NA,NA,NA,NA
"ENSMUSG00000099898",0.0349416806099279,1.1433547781393,7.3559132217524,0.155433423923252,0.876479635875251,NA
"ENSMUSG00000099900",0.0899159245083943,0,7.3561311249555,0,1,NA
"ENSMUSG00000099901",0.26830532961614,2.74238508748013,7.2611254889244,0.377680442469031,0.705667998217639,NA
"ENSMUSG00000099902",0.804936537547679,1.13811551894101,5.17545971927496,0.219906168857296,0.825944231857051,NA
"ENSMUSG00000099904",0,NA,NA,NA,NA,NA
"ENSMUSG00000099905",0,NA,NA,NA,NA,NA
"ENSMUSG00000099908",0.412607337841806,0,7.3561311249555,0,1,NA
"ENSMUSG00000099910",0,NA,NA,NA,NA,NA
"ENSMUSG00000099912",0,NA,NA,NA,NA,NA
"ENSMUSG00000099913",12.4524630898954,1.36712080419556,1.09029988307083,1.25389429589322,0.209880428603716,NA
"ENSMUSG00000099914",0,NA,NA,NA,NA,NA
"ENSMUSG00000099915",0,NA,NA,NA,NA,NA
"ENSMUSG00000099917",0.0355187493373064,1.16171280725677,7.35565536667627,0.157934643392857,0.874508299155349,NA
"ENSMUSG00000099918",0,NA,NA,NA,NA,NA
"ENSMUSG00000099920",0,NA,NA,NA,NA,NA
"ENSMUSG00000099925",0,NA,NA,NA,NA,NA
"ENSMUSG00000099926",0,NA,NA,NA,NA,NA
"ENSMUSG00000099927",0.483312741646126,2.1513268825478,7.28533378897924,0.295295582173899,0.767768091049741,NA
"ENSMUSG00000099929",0,NA,NA,NA,NA,NA
"ENSMUSG00000099932",0,NA,NA,NA,NA,NA
"ENSMUSG00000099934",0.0406180793754555,0,7.3561311249555,0,1,NA
"ENSMUSG00000099935",0,NA,NA,NA,NA,NA
"ENSMUSG00000099939",0.555251329976746,0.0988383905236421,7.18237415984235,0.0137612422193571,0.989020463832532,NA
"ENSMUSG00000099941",0.119028249141688,-1.67116938568619,7.35011221207535,-0.227366513254132,0.820138756979432,NA
"ENSMUSG00000099942",0,NA,NA,NA,NA,NA
"ENSMUSG00000099943",0.195370328944301,-3.13453817905185,7.2678305834775,-0.43128938450737,0.666257968051466,NA
"ENSMUSG00000099944",0,NA,NA,NA,NA,NA
"ENSMUSG00000099946",0.241260083125179,1.14935623636524,7.35606617163079,0.156246043679952,0.875839084771522,NA
"ENSMUSG00000099947",0,NA,NA,NA,NA,NA
"ENSMUSG00000099948",0,NA,NA,NA,NA,NA
"ENSMUSG00000099949",0.172075273855788,0,7.3561311249555,0,1,NA
"ENSMUSG00000099951",0,NA,NA,NA,NA,NA
"ENSMUSG00000099952",0.111554085809247,0,7.3561311249555,0,1,NA
"ENSMUSG00000099953",0,NA,NA,NA,NA,NA
"ENSMUSG00000099956",0,NA,NA,NA,NA,NA
"ENSMUSG00000099959",0.404770934468719,1.09424943534355,6.66816624869027,0.164100502976883,0.869652025862952,NA
"ENSMUSG00000099961",0.0355187493373064,1.16171280725677,7.35565536667627,0.157934643392857,0.874508299155349,NA
"ENSMUSG00000099965",0,NA,NA,NA,NA,NA
"ENSMUSG00000099970",0,NA,NA,NA,NA,NA
"ENSMUSG00000099972",0,NA,NA,NA,NA,NA
"ENSMUSG00000099973",0,NA,NA,NA,NA,NA
"ENSMUSG00000099974",2266.62038196768,-1.09209390140231,0.366514571159756,-2.97967389931214,0.00288555390587281,0.0321937927308721
"ENSMUSG00000099975",0,NA,NA,NA,NA,NA
"ENSMUSG00000099976",0,NA,NA,NA,NA,NA
"ENSMUSG00000099978",0,NA,NA,NA,NA,NA
"ENSMUSG00000099979",0.533112896109993,2.73546198918533,4.71880731438572,0.579693512987068,0.562121318712786,NA
"ENSMUSG00000099980",2.22666375155382,-4.21507504695163,3.0642485181324,-1.37556566381915,0.168956143234339,NA
"ENSMUSG00000099981",0.306330743026219,-2.427549701088,7.24573759236263,-0.335031412626198,0.737601390346752,NA
"ENSMUSG00000099986",0,NA,NA,NA,NA,NA
"ENSMUSG00000099989",0.0355187493373064,1.16171280725677,7.35565536667627,0.157934643392857,0.874508299155349,NA
"ENSMUSG00000099992",0,NA,NA,NA,NA,NA
"ENSMUSG00000099993",0,NA,NA,NA,NA,NA
"ENSMUSG00000099997",1.66990222930355,-1.13867093280145,2.51718465041041,-0.452358921152565,0.651010435247035,NA
"ENSMUSG00000099998",2.26965126436026,4.95330397734079,3.78403863950943,1.3089993124338,0.190534583638973,NA
"ENSMUSG00000099999",0,NA,NA,NA,NA,NA
"ENSMUSG00000100004",0,NA,NA,NA,NA,NA
"ENSMUSG00000100007",1.46437129397527,0,3.50102086106374,0,1,NA
"ENSMUSG00000100008",0,NA,NA,NA,NA,NA
"ENSMUSG00000100013",0,NA,NA,NA,NA,NA
"ENSMUSG00000100015",0.0414066693320352,0,7.3561311249555,0,1,NA
"ENSMUSG00000100016",0.338234625284082,-3.25255938493739,7.26435557721314,-0.447742315249549,0.654339178867959,NA
"ENSMUSG00000100018",1.39144920345857,0.64793232552786,2.62844552944401,0.246507800245309,0.805289166988549,NA
"ENSMUSG00000100019",0.0380762098104571,-1.67431590235222,7.3501929692546,-0.227792101425878,0.819807867435575,NA
"ENSMUSG00000100020",0,NA,NA,NA,NA,NA
"ENSMUSG00000100021",0.396085549143166,-2.10646020892015,7.25420295581824,-0.29037789840587,0.771527150157089,NA
"ENSMUSG00000100024",0,NA,NA,NA,NA,NA
"ENSMUSG00000100025",2.04061005702795,-0.581281431277939,1.82839817655102,-0.317918404608363,0.750546831476331,NA
"ENSMUSG00000100026",0,NA,NA,NA,NA,NA
"ENSMUSG00000100027",0.0737102225497167,1.16511237327419,7.35548795510783,0.158400418896086,0.874141283714655,NA
"ENSMUSG00000100028",0,NA,NA,NA,NA,NA
"ENSMUSG00000100031",0,NA,NA,NA,NA,NA
"ENSMUSG00000100032",0,NA,NA,NA,NA,NA
"ENSMUSG00000100033",5.91920985557973,-1.19106096424658,0.999540115653838,-1.19160896655705,0.233414607520563,NA
"ENSMUSG00000100036",0,NA,NA,NA,NA,NA
"ENSMUSG00000100040",0.158487500587148,1.13436272081189,7.35568303487633,0.154215824068738,0.877439565642421,NA
"ENSMUSG00000100041",0.309437008192392,1.87805583504611,7.22683378419516,0.25987256537619,0.794962074054824,NA
"ENSMUSG00000100042",0.173186451891232,-0.488047206026242,7.34040476107597,-0.0664877785233607,0.946989487505128,NA
"ENSMUSG00000100044",0.0380762098104571,-1.67431590235222,7.3501929692546,-0.227792101425878,0.819807867435575,NA
"ENSMUSG00000100045",0,NA,NA,NA,NA,NA
"ENSMUSG00000100047",0,NA,NA,NA,NA,NA
"ENSMUSG00000100048",0,NA,NA,NA,NA,NA
"ENSMUSG00000100049",0.0352597853922181,1.155567702399,7.35595536263211,0.157092810577567,0.875171703562209,NA
"ENSMUSG00000100050",0,NA,NA,NA,NA,NA
"ENSMUSG00000100052",0,NA,NA,NA,NA,NA
"ENSMUSG00000100055",0,NA,NA,NA,NA,NA
"ENSMUSG00000100058",0,NA,NA,NA,NA,NA
"ENSMUSG00000100059",0.0815485092092035,0,7.3561311249555,0,1,NA
"ENSMUSG00000100060",0.0860777921482749,0,7.3561311249555,0,1,NA
"ENSMUSG00000100061",0,NA,NA,NA,NA,NA
"ENSMUSG00000100064",0,NA,NA,NA,NA,NA
"ENSMUSG00000100065",0.168742131003018,0,7.3561311249555,0,1,NA
"ENSMUSG00000100066",0,NA,NA,NA,NA,NA
"ENSMUSG00000100068",0.744674732581797,1.75865805752457,3.50961049564154,0.501097788403753,0.616302303246084,NA
"ENSMUSG00000100069",0.0380762098104571,-1.67431590235222,7.3501929692546,-0.227792101425878,0.819807867435575,NA
"ENSMUSG00000100072",0,NA,NA,NA,NA,NA
"ENSMUSG00000100074",0,NA,NA,NA,NA,NA
"ENSMUSG00000100077",0,NA,NA,NA,NA,NA
"ENSMUSG00000100078",14.700126544592,-0.158091299851463,0.695248519834806,-0.227388186153961,0.820121905793399,NA
"ENSMUSG00000100079",0.168104320224117,0,7.3561311249555,0,1,NA
"ENSMUSG00000100082",0,NA,NA,NA,NA,NA
"ENSMUSG00000100086",0,NA,NA,NA,NA,NA
"ENSMUSG00000100087",0,NA,NA,NA,NA,NA
"ENSMUSG00000100088",0,NA,NA,NA,NA,NA
"ENSMUSG00000100090",2.11432050122136,0.114890384660589,1.72254582414747,0.0666980135158093,0.94682211577705,NA
"ENSMUSG00000100091",0,NA,NA,NA,NA,NA
"ENSMUSG00000100092",0,NA,NA,NA,NA,NA
"ENSMUSG00000100093",0.13083461617304,-1.87982621837285,7.34147937424792,-0.25605550632844,0.797907977675226,NA
"ENSMUSG00000100095",0,NA,NA,NA,NA,NA
"ENSMUSG00000100098",0,NA,NA,NA,NA,NA
"ENSMUSG00000100099",0,NA,NA,NA,NA,NA
"ENSMUSG00000100103",0,NA,NA,NA,NA,NA
"ENSMUSG00000100104",0.621575499384319,-0.37359319538335,5.02222762293611,-0.0743879456353551,0.940701700217868,NA
"ENSMUSG00000100105",0,NA,NA,NA,NA,NA
"ENSMUSG00000100107",0,NA,NA,NA,NA,NA
"ENSMUSG00000100109",0,NA,NA,NA,NA,NA
"ENSMUSG00000100112",0,NA,NA,NA,NA,NA
"ENSMUSG00000100116",0,NA,NA,NA,NA,NA
"ENSMUSG00000100122",0.0933585080372713,0,7.3561311249555,0,1,NA
"ENSMUSG00000100125",0,NA,NA,NA,NA,NA
"ENSMUSG00000100127",1.06772674598399,-0.517003536568845,4.41785177347874,-0.117026003378502,0.906839447341707,NA
"ENSMUSG00000100128",0.133977054294068,0,7.3561311249555,0,1,NA
"ENSMUSG00000100131",0,NA,NA,NA,NA,NA
"ENSMUSG00000100132",0,NA,NA,NA,NA,NA
"ENSMUSG00000100133",0.0406180793754555,0,7.3561311249555,0,1,NA
"ENSMUSG00000100136",0,NA,NA,NA,NA,NA
"ENSMUSG00000100137",0,NA,NA,NA,NA,NA
"ENSMUSG00000100141",1.29880985914662,-1.11068782052483,3.83593109433158,-0.289548428585204,0.772161725503526,NA
"ENSMUSG00000100142",0,NA,NA,NA,NA,NA
"ENSMUSG00000100145",0,NA,NA,NA,NA,NA
"ENSMUSG00000100148",0,NA,NA,NA,NA,NA
"ENSMUSG00000100152",0.365534113792637,0,7.3561311249555,0,1,NA
"ENSMUSG00000100153",44.8553978910431,-0.711882278530252,0.702874580307696,-1.01281551285951,0.31114828954988,NA
"ENSMUSG00000100159",0,NA,NA,NA,NA,NA
"ENSMUSG00000100160",0.082744650379302,0,7.3561311249555,0,1,NA
"ENSMUSG00000100162",0.969827001950182,-1.58978633021954,5.25098612460597,-0.302759575533794,0.762073092392665,NA
"ENSMUSG00000100165",0.0795057123617234,-1.66842566072721,7.35004371781796,-0.226995338365488,0.820427367010922,NA
"ENSMUSG00000100171",0,NA,NA,NA,NA,NA
"ENSMUSG00000100172",0.154438961445819,-3.11562114540426,7.26822565451009,-0.428663238251409,0.668168317282117,NA
"ENSMUSG00000100177",0.121653907105834,-1.66096115930904,7.34985355197602,-0.225985612851087,0.821212610183865,NA
"ENSMUSG00000100178",0.207438419292945,1.15116761600969,7.35611235276705,0.156491304211343,0.875645773034652,NA
"ENSMUSG00000100179",0,NA,NA,NA,NA,NA
"ENSMUSG00000100184",0.0698739539507107,2.1391282065144,7.28563296166082,0.293609109568261,0.769056614021431,NA
"ENSMUSG00000100186",0.157819138717475,0,7.3561311249555,0,1,NA
"ENSMUSG00000100190",0.0381979668618393,0,7.3561311249555,0,1,NA
"ENSMUSG00000100191",0.0435857157392683,0,7.3561311249555,0,1,NA
"ENSMUSG00000100193",0,NA,NA,NA,NA,NA
"ENSMUSG00000100194",0.0406180793754555,0,7.3561311249555,0,1,NA
"ENSMUSG00000100195",0,NA,NA,NA,NA,NA
"ENSMUSG00000100196",0,NA,NA,NA,NA,NA
"ENSMUSG00000100200",2.69547748625658,-1.12413920435596,3.66536845052904,-0.306692006418539,0.759077814719814,NA
"ENSMUSG00000100202",0.362995815250708,-1.29690931707679,5.93903924746044,-0.218370221687179,0.827140665322466,NA
"ENSMUSG00000100203",0,NA,NA,NA,NA,NA
"ENSMUSG00000100204",1.61925957792227,-0.585523483598139,2.05469710747933,-0.284968271706213,0.775668450021882,NA
"ENSMUSG00000100205",0.0791936585943278,-1.66488451927145,7.34995390804613,-0.226516321068201,0.820799866714902,NA
"ENSMUSG00000100207",0,NA,NA,NA,NA,NA
"ENSMUSG00000100210",50.4622698331402,0.321787889045385,0.503913889255936,0.638577137694155,0.523098058070895,NA
"ENSMUSG00000100212",0.0355187493373064,1.16171280725677,7.35565536667627,0.157934643392857,0.874508299155349,NA
"ENSMUSG00000100215",6.01161598873539,-0.239427855377948,1.05749278827404,-0.226410863537636,0.820881879412627,NA
"ENSMUSG00000100216",0,NA,NA,NA,NA,NA
"ENSMUSG00000100218",0.128512155720215,0,7.3561311249555,0,1,NA
"ENSMUSG00000100222",3.89220469941656,0.912219121313351,1.16867220471938,0.780560295375893,0.435061151748962,NA
"ENSMUSG00000100223",0,NA,NA,NA,NA,NA
"ENSMUSG00000100225",0.154944244572082,0,7.3561311249555,0,1,NA
"ENSMUSG00000100226",0,NA,NA,NA,NA,NA
"ENSMUSG00000100228",23.6514612816733,-0.0390617797889769,0.525273995008638,-0.0743645795530664,0.940720292159274,NA
"ENSMUSG00000100229",0,NA,NA,NA,NA,NA
"ENSMUSG00000100230",0,NA,NA,NA,NA,NA
"ENSMUSG00000100231",0.0450384044921535,0,7.3561311249555,0,1,NA
"ENSMUSG00000100233",0,NA,NA,NA,NA,NA
"ENSMUSG00000100234",0,NA,NA,NA,NA,NA
"ENSMUSG00000100235",60.2094362777224,-1.36371334862778,0.556141702252384,-2.45209690822449,0.0142026406446809,NA
"ENSMUSG00000100236",0.787188613724796,-1.10551006979012,4.14135010267364,-0.266944364128116,0.789511997984543,NA
"ENSMUSG00000100239",0,NA,NA,NA,NA,NA
"ENSMUSG00000100240",0,NA,NA,NA,NA,NA
"ENSMUSG00000100241",0.231202921766408,-1.11055684355111,7.29420482283793,-0.152251941167595,0.87898822831179,NA
"ENSMUSG00000100244",0,NA,NA,NA,NA,NA
"ENSMUSG00000100245",0,NA,NA,NA,NA,NA
"ENSMUSG00000100246",0.0414066693320352,0,7.3561311249555,0,1,NA
"ENSMUSG00000100249",0,NA,NA,NA,NA,NA
"ENSMUSG00000100250",0,NA,NA,NA,NA,NA
"ENSMUSG00000100251",0,NA,NA,NA,NA,NA
"ENSMUSG00000100254",1.56068827625126,-3.86960793637336,7.24611463991905,-0.534025216086919,0.593324088144218,NA
"ENSMUSG00000100257",0.409329679727471,-1.68293160343101,7.26788173653078,-0.231557373171338,0.816881818927599,NA
"ENSMUSG00000100258",0,NA,NA,NA,NA,NA
"ENSMUSG00000100260",0,NA,NA,NA,NA,NA
"ENSMUSG00000100261",0.0409190281194281,0,7.3561311249555,0,1,NA
"ENSMUSG00000100263",0,NA,NA,NA,NA,NA
"ENSMUSG00000100265",0.122149793720786,0,7.3561311249555,0,1,NA
"ENSMUSG00000100266",0.167079587234747,0,7.3561311249555,0,1,NA
"ENSMUSG00000100267",0,NA,NA,NA,NA,NA
"ENSMUSG00000100268",0,NA,NA,NA,NA,NA
"ENSMUSG00000100270",0,NA,NA,NA,NA,NA
"ENSMUSG00000100271",0,NA,NA,NA,NA,NA
"ENSMUSG00000100272",0,NA,NA,NA,NA,NA
"ENSMUSG00000100273",0,NA,NA,NA,NA,NA
"ENSMUSG00000100275",0,NA,NA,NA,NA,NA
"ENSMUSG00000100276",0,NA,NA,NA,NA,NA
"ENSMUSG00000100283",0,NA,NA,NA,NA,NA
"ENSMUSG00000100284",0,NA,NA,NA,NA,NA
"ENSMUSG00000100285",8.54396440542739,0.126882529954511,2.16817676917711,0.0585203806987872,0.953334128862655,NA
"ENSMUSG00000100289",0,NA,NA,NA,NA,NA
"ENSMUSG00000100290",0,NA,NA,NA,NA,NA
"ENSMUSG00000100295",0,NA,NA,NA,NA,NA
"ENSMUSG00000100296",0.044481691519064,0,7.3561311249555,0,1,NA
"ENSMUSG00000100299",0,NA,NA,NA,NA,NA
"ENSMUSG00000100300",0,NA,NA,NA,NA,NA
"ENSMUSG00000100304",0.0711677912777981,0,7.3561311249555,0,1,NA
"ENSMUSG00000100305",0.393465472965901,1.76927268480668,7.24312174428404,0.24426935612437,0.807022214991455,NA
"ENSMUSG00000100307",0,NA,NA,NA,NA,NA
"ENSMUSG00000100308",0.0352597853922181,1.155567702399,7.35595536263211,0.157092810577567,0.875171703562209,NA
"ENSMUSG00000100309",1.59922008065529,-4.48824357507889,4.3582454194158,-1.02982809437118,0.303090709955302,NA
"ENSMUSG00000100310",0.0833876408539284,0,7.35613112495549,0,1,NA
"ENSMUSG00000100312",0,NA,NA,NA,NA,NA
"ENSMUSG00000100316",0,NA,NA,NA,NA,NA
"ENSMUSG00000100317",0,NA,NA,NA,NA,NA
"ENSMUSG00000100318",0,NA,NA,NA,NA,NA
"ENSMUSG00000100319",2.41255401660202,-1.40298912199144,2.42033164108141,-0.579668132324456,0.562138437581502,NA
"ENSMUSG00000100322",0,NA,NA,NA,NA,NA
"ENSMUSG00000100324",0,NA,NA,NA,NA,NA
"ENSMUSG00000100326",0,NA,NA,NA,NA,NA
"ENSMUSG00000100330",0,NA,NA,NA,NA,NA
"ENSMUSG00000100331",0,NA,NA,NA,NA,NA
"ENSMUSG00000100337",0.138474531811708,-2.89744323143438,7.27750483013632,-0.39813690255979,0.690529273749205,NA
"ENSMUSG00000100338",0,NA,NA,NA,NA,NA
"ENSMUSG00000100339",0,NA,NA,NA,NA,NA
"ENSMUSG00000100340",0.0793681190574169,0,7.3561311249555,0,1,NA
"ENSMUSG00000100343",0,NA,NA,NA,NA,NA
"ENSMUSG00000100344",0.599154125979487,0,7.3561311249555,0,1,NA
"ENSMUSG00000100346",0.0355187493373064,1.16171280725677,7.35565536667627,0.157934643392857,0.874508299155349,NA
"ENSMUSG00000100347",0,NA,NA,NA,NA,NA
"ENSMUSG00000100349",1.68354373025602,-0.729963515031523,2.01862521015708,-0.361614187397729,0.717640361180192,NA
"ENSMUSG00000100351",1.84850105536915,0.946183919247282,2.11075638103767,0.44826770523945,0.65396000486202,NA
"ENSMUSG00000100353",0,NA,NA,NA,NA,NA
"ENSMUSG00000100355",0,NA,NA,NA,NA,NA
"ENSMUSG00000100356",0.0407969102058399,0,7.3561311249555,0,1,NA
"ENSMUSG00000100358",0.0380762098104571,-1.67431590235222,7.3501929692546,-0.227792101425878,0.819807867435575,NA
"ENSMUSG00000100359",0,NA,NA,NA,NA,NA
"ENSMUSG00000100360",0,NA,NA,NA,NA,NA
"ENSMUSG00000100361",0.0895057710660306,-1.8892061815598,7.34110847729892,-0.257346174273522,0.796911550484432,NA
"ENSMUSG00000100362",0.0474375977968173,0,7.3561311249555,0,1,NA
"ENSMUSG00000100363",0,NA,NA,NA,NA,NA
"ENSMUSG00000100365",0,NA,NA,NA,NA,NA
"ENSMUSG00000100374",0.2943870453433,-0.106539614035255,7.14568779100275,-0.0149096374136862,0.988104271233457,NA
"ENSMUSG00000100375",0,NA,NA,NA,NA,NA
"ENSMUSG00000100376",0,NA,NA,NA,NA,NA
"ENSMUSG00000100377",0,NA,NA,NA,NA,NA
"ENSMUSG00000100378",0,NA,NA,NA,NA,NA
"ENSMUSG00000100379",0.270030498387105,-3.34523940928205,7.2579896101578,-0.460904408653366,0.644867188636614,NA
"ENSMUSG00000100380",1.09159768653212,0,3.92514035439569,0,1,NA
"ENSMUSG00000100381",0,NA,NA,NA,NA,NA
"ENSMUSG00000100382",0.171904042057966,0,7.3561311249555,0,1,NA
"ENSMUSG00000100383",0.0381979668618393,0,7.3561311249555,0,1,NA
"ENSMUSG00000100384",0,NA,NA,NA,NA,NA
"ENSMUSG00000100385",0,NA,NA,NA,NA,NA
"ENSMUSG00000100386",0,NA,NA,NA,NA,NA
"ENSMUSG00000100389",0.0885386431684788,0,7.3561311249555,0,1,NA
"ENSMUSG00000100390",0,NA,NA,NA,NA,NA
"ENSMUSG00000100391",0,NA,NA,NA,NA,NA
"ENSMUSG00000100397",0.0814204526428364,0,7.3561311249555,0,1,NA
"ENSMUSG00000100398",0.0434922688142794,0,7.3561311249555,0,1,NA
"ENSMUSG00000100403",0.0352251232487526,1.15463387648766,7.35593163755473,0.156966368555252,0.875271353495994,NA
"ENSMUSG00000100404",0,NA,NA,NA,NA,NA
"ENSMUSG00000100405",2.33999750533981,2.15914483776322,3.78535515721052,0.570394255780831,0.568410324701748,NA
"ENSMUSG00000100406",0,NA,NA,NA,NA,NA
"ENSMUSG00000100408",0,NA,NA,NA,NA,NA
"ENSMUSG00000100411",0,NA,NA,NA,NA,NA
"ENSMUSG00000100412",0,NA,NA,NA,NA,NA
"ENSMUSG00000100413",0,NA,NA,NA,NA,NA
"ENSMUSG00000100418",0.040977912003107,0,7.3561311249555,0,1,NA
"ENSMUSG00000100428",0,NA,NA,NA,NA,NA
"ENSMUSG00000100432",0.598268608397033,-1.29980367825985,3.77547685618157,-0.344275366469717,0.730639207974573,NA
"ENSMUSG00000100433",0,NA,NA,NA,NA,NA
"ENSMUSG00000100434",0,NA,NA,NA,NA,NA
"ENSMUSG00000100436",0.327074914243566,0,7.3561311249555,0,1,NA
"ENSMUSG00000100438",0,NA,NA,NA,NA,NA
"ENSMUSG00000100439",0.108944997896181,2.16872705891548,7.28506064183547,0.297695127815583,0.765935862368922,NA
"ENSMUSG00000100441",1.69421876903678,-2.50744566481985,2.17832800593014,-1.15108728253676,0.249696329401052,NA
"ENSMUSG00000100442",0,NA,NA,NA,NA,NA
"ENSMUSG00000100443",0,NA,NA,NA,NA,NA
"ENSMUSG00000100445",0,NA,NA,NA,NA,NA
"ENSMUSG00000100447",0,NA,NA,NA,NA,NA
"ENSMUSG00000100448",0.666466645959577,3.74287980103635,6.72283679101772,0.556741137318275,0.57770430608228,NA
"ENSMUSG00000100449",0,NA,NA,NA,NA,NA
"ENSMUSG00000100450",29.6544358998274,0.648012880068388,0.561795812007801,1.15346691131864,0.248718791317621,NA
"ENSMUSG00000100453",0,NA,NA,NA,NA,NA
"ENSMUSG00000100456",0,NA,NA,NA,NA,NA
"ENSMUSG00000100458",0.0796299094979179,0,7.3561311249555,0,1,NA
"ENSMUSG00000100460",0.0450384044921535,0,7.3561311249555,0,1,NA
"ENSMUSG00000100462",0.0355187493373064,1.16171280725677,7.35565536667627,0.157934643392857,0.874508299155349,NA
"ENSMUSG00000100463",0,NA,NA,NA,NA,NA
"ENSMUSG00000100464",0,NA,NA,NA,NA,NA
"ENSMUSG00000100467",0,NA,NA,NA,NA,NA
"ENSMUSG00000100468",0,NA,NA,NA,NA,NA
"ENSMUSG00000100469",0,NA,NA,NA,NA,NA
"ENSMUSG00000100470",0.0799632787855912,1.14473344839257,7.35533010433798,0.155633184663926,0.876322166075048,NA
"ENSMUSG00000100471",0,NA,NA,NA,NA,NA
"ENSMUSG00000100472",0,NA,NA,NA,NA,NA
"ENSMUSG00000100473",0,NA,NA,NA,NA,NA
"ENSMUSG00000100474",0,NA,NA,NA,NA,NA
"ENSMUSG00000100476",0,NA,NA,NA,NA,NA
"ENSMUSG00000100477",0,NA,NA,NA,NA,NA
"ENSMUSG00000100479",0,NA,NA,NA,NA,NA
"ENSMUSG00000100481",0.0817254918460531,1.148980071593,7.35578750356934,0.156200824321729,0.875874726996897,NA
"ENSMUSG00000100484",0.157586277181514,-2.55211185265439,7.29478546674634,-0.349854271148661,0.726448067127016,NA
"ENSMUSG00000100485",0,NA,NA,NA,NA,NA
"ENSMUSG00000100486",0.0740023718454996,1.10312734670716,7.35488724210732,0.149985623218215,0.880775957958263,NA
"ENSMUSG00000100488",0,NA,NA,NA,NA,NA
"ENSMUSG00000100489",0,NA,NA,NA,NA,NA
"ENSMUSG00000100490",0.165504791945322,2.14583806569326,7.28546809895198,0.294536745827209,0.768347788883027,NA
"ENSMUSG00000100494",0,NA,NA,NA,NA,NA
"ENSMUSG00000100495",0,NA,NA,NA,NA,NA
"ENSMUSG00000100497",0.241879177477276,-3.12699000132884,7.26798762249419,-0.430241514398141,0.667019966172231,NA
"ENSMUSG00000100503",0.772009443436298,-0.313036541558294,3.27157539576945,-0.0956837314411548,0.923771762038483,NA
"ENSMUSG00000100504",0.0381979668618393,0,7.3561311249555,0,1,NA
"ENSMUSG00000100505",1.01577383481023,0,7.20430976264255,0,1,NA
"ENSMUSG00000100506",0,NA,NA,NA,NA,NA
"ENSMUSG00000100507",0,NA,NA,NA,NA,NA
"ENSMUSG00000100509",0,NA,NA,NA,NA,NA
"ENSMUSG00000100512",0.702484634666944,2.73197060857432,4.9650290968634,0.550242617973823,0.58215297599413,NA
"ENSMUSG00000100513",0.0380762098104571,-1.67431590235222,7.3501929692546,-0.227792101425878,0.819807867435575,NA
"ENSMUSG00000100514",1.87941257403054,0.73096673956755,3.19244095835979,0.228967974381304,0.818893807665369,NA
"ENSMUSG00000100515",0.117276650060499,-2.65441665996738,7.29175166582717,-0.364030041287241,0.715835576498213,NA
"ENSMUSG00000100516",0,NA,NA,NA,NA,NA
"ENSMUSG00000100517",0.0764098731368977,-2.56345718815707,7.29451325538287,-0.351422651301018,0.725271291441144,NA
"ENSMUSG00000100519",0,NA,NA,NA,NA,NA
"ENSMUSG00000100520",0,NA,NA,NA,NA,NA
"ENSMUSG00000100521",0,NA,NA,NA,NA,NA
"ENSMUSG00000100522",0.344844759628237,0,7.3561311249555,0,1,NA
"ENSMUSG00000100523",0,NA,NA,NA,NA,NA
"ENSMUSG00000100524",0,NA,NA,NA,NA,NA
"ENSMUSG00000100525",0,NA,NA,NA,NA,NA
"ENSMUSG00000100527",0.256235428063675,1.35584915677055,7.25507523470834,0.18688285274895,0.851752483862505,NA
"ENSMUSG00000100530",0.0761524196209141,-2.55627499047924,7.29465809108018,-0.350431090609309,0.726015196884991,NA
"ENSMUSG00000100535",0,NA,NA,NA,NA,NA
"ENSMUSG00000100539",0,NA,NA,NA,NA,NA
"ENSMUSG00000100540",0,NA,NA,NA,NA,NA
"ENSMUSG00000100541",0.125897583935971,0,7.3561311249555,0,1,NA
"ENSMUSG00000100542",0.258910579409059,-0.448575363300509,7.34125433403827,-0.0611033677474783,0.951276887090098,NA
"ENSMUSG00000100543",0.0406180793754555,0,7.3561311249555,0,1,NA
"ENSMUSG00000100547",0,NA,NA,NA,NA,NA
"ENSMUSG00000100549",0,NA,NA,NA,NA,NA
"ENSMUSG00000100551",0.488013449126913,0,6.48280432966342,0,1,NA
"ENSMUSG00000100554",0.40955724374586,2.14941619723082,7.28512318377389,0.295041846652394,0.767961912781963,NA
"ENSMUSG00000100555",0.926706939605716,0.707644878607704,2.92847963949135,0.241642410302233,0.809057257043785,NA
"ENSMUSG00000100559",0,NA,NA,NA,NA,NA
"ENSMUSG00000100560",0,NA,NA,NA,NA,NA
"ENSMUSG00000100561",8.7654894971369,0.27703506339017,1.03286746997904,0.268219371257566,0.788530465013346,NA
"ENSMUSG00000100563",0,NA,NA,NA,NA,NA
"ENSMUSG00000100564",0,NA,NA,NA,NA,NA
"ENSMUSG00000100566",0,NA,NA,NA,NA,NA
"ENSMUSG00000100567",0,NA,NA,NA,NA,NA
"ENSMUSG00000100568",0.371635240994803,-3.11032418832978,7.2683357717659,-0.427927972234296,0.668703561127063,NA
"ENSMUSG00000100569",0,NA,NA,NA,NA,NA
"ENSMUSG00000100571",0.316053515417511,3.12905646714501,7.24977896731952,0.431607153990506,0.666026958036704,NA
"ENSMUSG00000100575",0,NA,NA,NA,NA,NA
"ENSMUSG00000100576",0,NA,NA,NA,NA,NA
"ENSMUSG00000100577",0,NA,NA,NA,NA,NA
"ENSMUSG00000100581",0,NA,NA,NA,NA,NA
"ENSMUSG00000100586",0.0735970294606628,-0.228978669599944,7.34978787723763,-0.0311544596149629,0.975146358230336,NA
"ENSMUSG00000100587",0,NA,NA,NA,NA,NA
"ENSMUSG00000100590",0,NA,NA,NA,NA,NA
"ENSMUSG00000100591",0,NA,NA,NA,NA,NA
"ENSMUSG00000100592",0.0410826440564989,0,7.3561311249555,0,1,NA
"ENSMUSG00000100595",23.688028008939,-1.63200538964557,1.24285444267616,-1.31311063758317,0.18914566987453,NA
"ENSMUSG00000100598",0,NA,NA,NA,NA,NA
"ENSMUSG00000100602",0.0370396796227943,-1.67610043618348,7.34954719403955,-0.228054925280675,0.819603541154162,NA
"ENSMUSG00000100604",0,NA,NA,NA,NA,NA
"ENSMUSG00000100608",0,NA,NA,NA,NA,NA
"ENSMUSG00000100610",0,NA,NA,NA,NA,NA
"ENSMUSG00000100611",0,NA,NA,NA,NA,NA
"ENSMUSG00000100613",0,NA,NA,NA,NA,NA
"ENSMUSG00000100615",77.1298552282892,-0.347264296002892,0.42536764735725,-0.816386244135858,0.414279261650672,0.618789740316846
"ENSMUSG00000100617",0.124405592127782,0,7.3561311249555,0,1,NA
"ENSMUSG00000100619",0.0450384044921535,0,7.3561311249555,0,1,NA
"ENSMUSG00000100621",3.99547075912313,-1.30345442252011,2.09128359883522,-0.623279608392708,0.533100795555824,NA
"ENSMUSG00000100622",32.7724201655904,0.527112549367005,0.538292563138119,0.979230599609371,0.327466052474214,NA
"ENSMUSG00000100623",0.343006466203824,-1.62927468812373,7.09244391883134,-0.229719784431119,0.81830952024715,NA
"ENSMUSG00000100624",0,NA,NA,NA,NA,NA
"ENSMUSG00000100626",0.0355187493373064,1.16171280725677,7.35565536667627,0.157934643392857,0.874508299155349,NA
"ENSMUSG00000100634",0,NA,NA,NA,NA,NA
"ENSMUSG00000100636",0.67218194879632,1.13644092341046,4.19572001660111,0.270857187542051,0.786500873908931,NA
"ENSMUSG00000100637",0,NA,NA,NA,NA,NA
"ENSMUSG00000100639",0,NA,NA,NA,NA,NA
"ENSMUSG00000100640",0,NA,NA,NA,NA,NA
"ENSMUSG00000100641",0,NA,NA,NA,NA,NA
"ENSMUSG00000100642",0,NA,NA,NA,NA,NA
"ENSMUSG00000100643",0,NA,NA,NA,NA,NA
"ENSMUSG00000100644",0,NA,NA,NA,NA,NA
"ENSMUSG00000100645",0,NA,NA,NA,NA,NA
"ENSMUSG00000100646",0,NA,NA,NA,NA,NA
"ENSMUSG00000100648",1.7965482858344,-0.00829860404082889,1.9039083682882,-0.00435872029297826,0.996522255385333,NA
"ENSMUSG00000100649",0,NA,NA,NA,NA,NA
"ENSMUSG00000100652",1.55996630539222,-0.769790208083072,2.14376216159112,-0.359083774252142,0.719532419527809,NA
"ENSMUSG00000100654",0,NA,NA,NA,NA,NA
"ENSMUSG00000100655",0,NA,NA,NA,NA,NA
"ENSMUSG00000100656",0.0407969102058399,0,7.3561311249555,0,1,NA
"ENSMUSG00000100657",0.188597309122339,-2.123397745058,7.25402069327602,-0.292720111348214,0.769736096268072,NA
"ENSMUSG00000100659",0,NA,NA,NA,NA,NA
"ENSMUSG00000100660",0.0856883923067317,0,7.3561311249555,0,1,NA
"ENSMUSG00000100661",0,NA,NA,NA,NA,NA
"ENSMUSG00000100662",0.74774355729297,0.746131029642455,3.32401753858047,0.224466634421277,0.822394226399938,NA
"ENSMUSG00000100663",0.0786354921334636,1.10411385869038,7.35491344165022,0.150119218594454,0.880670557558003,NA
"ENSMUSG00000100665",0.20185031551681,1.1573298534164,7.35586921712896,0.157334207454563,0.874981462318061,NA
"ENSMUSG00000100667",0,NA,NA,NA,NA,NA
"ENSMUSG00000100669",0,NA,NA,NA,NA,NA
"ENSMUSG00000100673",0,NA,NA,NA,NA,NA
"ENSMUSG00000100675",0.0488410201241182,-1.88397263600698,7.34131514228764,-0.256626040360925,0.7974674707529,NA
"ENSMUSG00000100676",0,NA,NA,NA,NA,NA
"ENSMUSG00000100677",0,NA,NA,NA,NA,NA
"ENSMUSG00000100678",0,NA,NA,NA,NA,NA
"ENSMUSG00000100679",5.62505858393925,0.743991163466123,1.67074322239105,0.445305510443056,0.656098986182205,NA
"ENSMUSG00000100683",0,NA,NA,NA,NA,NA
"ENSMUSG00000100687",0,NA,NA,NA,NA,NA
"ENSMUSG00000100689",0.0812361587509111,0,7.3561311249555,0,1,NA
"ENSMUSG00000100690",0.167672665191781,0,7.3561311249555,0,1,NA
"ENSMUSG00000100692",0,NA,NA,NA,NA,NA
"ENSMUSG00000100695",0,NA,NA,NA,NA,NA
"ENSMUSG00000100696",2.50551828178836,-0.108244874759831,1.33909369777616,-0.080834429240906,0.935573627076053,NA
"ENSMUSG00000100697",0,NA,NA,NA,NA,NA
"ENSMUSG00000100698",0,NA,NA,NA,NA,NA
"ENSMUSG00000100699",0,NA,NA,NA,NA,NA
"ENSMUSG00000100700",0.0419195223311899,0,7.3561311249555,0,1,NA
"ENSMUSG00000100701",4.78689870667317,-4.3015768293594,1.98972116075206,-2.16189932248271,0.0306259372450918,NA
"ENSMUSG00000100702",8.92399981337108,0.692292458045922,0.926633664961939,0.7471047990409,0.45500030359261,NA
"ENSMUSG00000100703",0,NA,NA,NA,NA,NA
"ENSMUSG00000100704",0,NA,NA,NA,NA,NA
"ENSMUSG00000100705",0,NA,NA,NA,NA,NA
"ENSMUSG00000100708",0,NA,NA,NA,NA,NA
"ENSMUSG00000100710",0,NA,NA,NA,NA,NA
"ENSMUSG00000100712",0,NA,NA,NA,NA,NA
"ENSMUSG00000100713",0,NA,NA,NA,NA,NA
"ENSMUSG00000100718",0,NA,NA,NA,NA,NA
"ENSMUSG00000100720",12.6528076221443,0.634561303215628,1.10018810863499,0.576775278913829,0.564091271480582,NA
"ENSMUSG00000100721",0.0759185827155853,0,7.3561311249555,0,1,NA
"ENSMUSG00000100723",0,NA,NA,NA,NA,NA
"ENSMUSG00000100724",0.270887974843884,-1.87956422372942,7.34148976602588,-0.256019457035472,0.797935813345518,NA
"ENSMUSG00000100726",0,NA,NA,NA,NA,NA
"ENSMUSG00000100730",0,NA,NA,NA,NA,NA
"ENSMUSG00000100731",0,NA,NA,NA,NA,NA
"ENSMUSG00000100732",0,NA,NA,NA,NA,NA
"ENSMUSG00000100734",0.146666596230032,0,7.3561311249555,0,1,NA
"ENSMUSG00000100736",1.21737211047148,-1.70872592357476,3.24036211289704,-0.527325608694727,0.597967493610227,NA
"ENSMUSG00000100737",0,NA,NA,NA,NA,NA
"ENSMUSG00000100740",0,NA,NA,NA,NA,NA
"ENSMUSG00000100741",0,NA,NA,NA,NA,NA
"ENSMUSG00000100742",0,NA,NA,NA,NA,NA
"ENSMUSG00000100743",0,NA,NA,NA,NA,NA
"ENSMUSG00000100744",26.1681058389136,-0.587486654578406,0.738079040495825,-0.795967128647557,0.426051141649585,NA
"ENSMUSG00000100746",0,NA,NA,NA,NA,NA
"ENSMUSG00000100749",0,NA,NA,NA,NA,NA
"ENSMUSG00000100751",0,NA,NA,NA,NA,NA
"ENSMUSG00000100752",0,NA,NA,NA,NA,NA
"ENSMUSG00000100753",0,NA,NA,NA,NA,NA
"ENSMUSG00000100754",0,NA,NA,NA,NA,NA
"ENSMUSG00000100755",13840.0291601266,-0.70445964865905,0.2282807000269,-3.08593608034335,0.00202912437408425,0.0274990606267108
"ENSMUSG00000100756",0,NA,NA,NA,NA,NA
"ENSMUSG00000100757",0,NA,NA,NA,NA,NA
"ENSMUSG00000100758",0,NA,NA,NA,NA,NA
"ENSMUSG00000100761",0.0474375977968173,0,7.3561311249555,0,1,NA
"ENSMUSG00000100762",0.0735976827617773,-0.229542206240479,7.34980998270938,-0.0312310395480268,0.975085286002581,NA
"ENSMUSG00000100767",2.02768542791832,-0.620574989234486,1.5708847928051,-0.39504805958834,0.692807420063438,NA
"ENSMUSG00000100770",0.111895954039152,-2.5617791598743,7.29448810498818,-0.351193822376993,0.725442944368594,NA
"ENSMUSG00000100771",0,NA,NA,NA,NA,NA
"ENSMUSG00000100772",0,NA,NA,NA,NA,NA
"ENSMUSG00000100773",0,NA,NA,NA,NA,NA
"ENSMUSG00000100774",0.114593900585518,0,7.3561311249555,0,1,NA
"ENSMUSG00000100776",0.466899088970897,-0.522853481192475,7.15825235143981,-0.0730420576870705,0.94177264967848,NA
"ENSMUSG00000100785",0,NA,NA,NA,NA,NA
"ENSMUSG00000100788",0.429050538832552,3.47856995819884,7.24203646673854,0.480330356547544,0.630992506662996,NA
"ENSMUSG00000100792",0,NA,NA,NA,NA,NA
"ENSMUSG00000100794",1.00911170317407,2.12766395359751,3.66849326085335,0.579983061793217,0.561926040300459,NA
"ENSMUSG00000100797",0.0414066693320352,0,7.3561311249555,0,1,NA
"ENSMUSG00000100800",0,NA,NA,NA,NA,NA
"ENSMUSG00000100801",2686.13911792932,-6.64049517000204,0.501102174198208,-13.2517788026508,4.40633944414682e-40,4.35566654053913e-36
"ENSMUSG00000100802",0,NA,NA,NA,NA,NA
"ENSMUSG00000100803",0,NA,NA,NA,NA,NA
"ENSMUSG00000100804",0,NA,NA,NA,NA,NA
"ENSMUSG00000100806",0,NA,NA,NA,NA,NA
"ENSMUSG00000100808",0.0444816915190641,0,7.3561311249555,0,1,NA
"ENSMUSG00000100810",0,NA,NA,NA,NA,NA
"ENSMUSG00000100814",0.539999723014779,-0.243814796140386,3.94444304317678,-0.0618122237972595,0.950712368920952,NA
"ENSMUSG00000100818",0,NA,NA,NA,NA,NA
"ENSMUSG00000100819",0.168607551644265,0,7.3561311249555,0,1,NA
"ENSMUSG00000100821",0,NA,NA,NA,NA,NA
"ENSMUSG00000100825",0.0355187493373064,1.16171280725677,7.35565536667627,0.157934643392857,0.874508299155349,NA
"ENSMUSG00000100831",0.0406180793754555,0,7.3561311249555,0,1,NA
"ENSMUSG00000100834",0,NA,NA,NA,NA,NA
"ENSMUSG00000100835",0,NA,NA,NA,NA,NA
"ENSMUSG00000100838",56.7822965625455,1.7661223696121,1.01365283076791,1.74233457057891,0.0814499175595379,NA
"ENSMUSG00000100839",0.454137333112701,-0.23674181021495,5.00770703669256,-0.0472754912538397,0.962293661382703,NA
"ENSMUSG00000100841",0.121677219715869,0,7.3561311249555,0,1,NA
"ENSMUSG00000100842",0,NA,NA,NA,NA,NA
"ENSMUSG00000100843",0.0409190281194281,0,7.3561311249555,0,1,NA
"ENSMUSG00000100845",0,NA,NA,NA,NA,NA
"ENSMUSG00000100846",0,NA,NA,NA,NA,NA
"ENSMUSG00000100848",0.0410826440564989,0,7.3561311249555,0,1,NA
"ENSMUSG00000100853",0,NA,NA,NA,NA,NA
"ENSMUSG00000100854",0,NA,NA,NA,NA,NA
"ENSMUSG00000100856",0,NA,NA,NA,NA,NA
"ENSMUSG00000100858",0,NA,NA,NA,NA,NA
"ENSMUSG00000100861",0,NA,NA,NA,NA,NA
"ENSMUSG00000100862",37.539615038616,-1.6388804011935,0.849638710136124,-1.92891446875217,0.0537414813082482,NA
"ENSMUSG00000100863",1.12954008176223,0,7.3561311249555,0,1,NA
"ENSMUSG00000100864",0,NA,NA,NA,NA,NA
"ENSMUSG00000100865",7.23384418843218,-0.496429662764746,1.07787917159554,-0.460561513615575,0.645113228999887,NA
"ENSMUSG00000100866",0,NA,NA,NA,NA,NA
"ENSMUSG00000100867",0.0761473832605907,1.15898026653119,7.35578862150898,0.157560300623951,0.874803288247911,NA
"ENSMUSG00000100869",0,NA,NA,NA,NA,NA
"ENSMUSG00000100870",0,NA,NA,NA,NA,NA
"ENSMUSG00000100873",0,NA,NA,NA,NA,NA
"ENSMUSG00000100874",0,NA,NA,NA,NA,NA
"ENSMUSG00000100877",0,NA,NA,NA,NA,NA
"ENSMUSG00000100878",0,NA,NA,NA,NA,NA
"ENSMUSG00000100880",0.385257142480275,2.13113209892251,7.28556551327397,0.292514300371013,0.769893427665492,NA
"ENSMUSG00000100881",0,NA,NA,NA,NA,NA
"ENSMUSG00000100882",0,NA,NA,NA,NA,NA
"ENSMUSG00000100883",0,NA,NA,NA,NA,NA
"ENSMUSG00000100884",0.420870971500371,-0.45589845237673,6.74359783505781,-0.067604632353172,0.946100367753954,NA
"ENSMUSG00000100886",0.304920335128931,0,7.3561311249555,0,1,NA
"ENSMUSG00000100888",0,NA,NA,NA,NA,NA
"ENSMUSG00000100889",0,NA,NA,NA,NA,NA
"ENSMUSG00000100892",0,NA,NA,NA,NA,NA
"ENSMUSG00000100894",1.95481416362216,4.45243784920289,1.9968527756688,2.22972765115928,0.0257655290202332,NA
"ENSMUSG00000100895",0.434777718459816,-1.8870147016751,7.34119493039429,-0.257044625509454,0.797144323931006,NA
"ENSMUSG00000100897",0,NA,NA,NA,NA,NA
"ENSMUSG00000100898",0.122878292077203,2.71455341480899,7.2738585978526,0.373193041669848,0.709004774648493,NA
"ENSMUSG00000100899",88.3281807531998,0.907140071405157,0.495361409730996,1.83126915739717,0.0670603787975228,0.200876316488943
"ENSMUSG00000100901",2.70169047838298,1.0909791602237,1.80360814165735,0.604887023420279,0.545254065936601,NA
"ENSMUSG00000100902",0,NA,NA,NA,NA,NA
"ENSMUSG00000100903",0.0406180793754555,0,7.3561311249555,0,1,NA
"ENSMUSG00000100904",0.0761524196209141,-2.55627499047924,7.29465809108018,-0.350431090609309,0.726015196884991,NA
"ENSMUSG00000100906",0,NA,NA,NA,NA,NA
"ENSMUSG00000100907",0,NA,NA,NA,NA,NA
"ENSMUSG00000100912",3.12070013825311,-0.589286035474739,1.42704517618466,-0.412941401792373,0.679649546720259,NA
"ENSMUSG00000100913",0.16744961199816,0,7.3561311249555,0,1,NA
"ENSMUSG00000100916",0.166649623011389,0,7.3561311249555,0,1,NA
"ENSMUSG00000100917",0.0406180793754555,0,7.3561311249555,0,1,NA
"ENSMUSG00000100918",0.0355187493373064,1.16171280725677,7.35565536667627,0.157934643392857,0.874508299155349,NA
"ENSMUSG00000100919",0,NA,NA,NA,NA,NA
"ENSMUSG00000100920",0.0380762098104571,-1.67431590235222,7.3501929692546,-0.227792101425878,0.819807867435575,NA
"ENSMUSG00000100922",4.86647540722678,-0.0150644663265951,1.32149199890188,-0.0113995895087622,0.990904640523194,NA
"ENSMUSG00000100923",0.500705519026885,1.1569062172653,5.58168278779115,0.207268356380948,0.835800285475703,NA
"ENSMUSG00000100926",0.0355187493373064,1.16171280725677,7.35565536667627,0.157934643392857,0.874508299155349,NA
"ENSMUSG00000100929",0.108849560643647,0.77139364723954,7.27902217880708,0.105974899964649,0.915602266948526,NA
"ENSMUSG00000100933",0,NA,NA,NA,NA,NA
"ENSMUSG00000100935",0.0444816915190641,0,7.3561311249555,0,1,NA
"ENSMUSG00000100937",3.97052037621793,1.02839574878644,1.7913761603192,0.574081408230415,0.565912713728068,NA
"ENSMUSG00000100939",0,NA,NA,NA,NA,NA
"ENSMUSG00000100940",0,NA,NA,NA,NA,NA
"ENSMUSG00000100941",0,NA,NA,NA,NA,NA
"ENSMUSG00000100942",0,NA,NA,NA,NA,NA
"ENSMUSG00000100944",8.99734007108083,0,7.3561311249555,0,1,NA
"ENSMUSG00000100946",0,NA,NA,NA,NA,NA
"ENSMUSG00000100947",0,NA,NA,NA,NA,NA
"ENSMUSG00000100949",0,NA,NA,NA,NA,NA
"ENSMUSG00000100950",0.182374163204088,3.15784030502739,7.24919127599768,0.43561277179747,0.663117702753249,NA
"ENSMUSG00000100951",0,NA,NA,NA,NA,NA
"ENSMUSG00000100955",0.10905057857019,0.768889869638156,7.27892717943674,0.105632306888617,0.915874090953651,NA
"ENSMUSG00000100956",0,NA,NA,NA,NA,NA
"ENSMUSG00000100959",0.0736006879959236,-0.232085633623111,7.34990979322905,-0.0315766642247657,0.974809653358786,NA
"ENSMUSG00000100960",0.915643820789513,0.468992042356958,4.21630406161044,0.111232974544493,0.91143160396656,NA
"ENSMUSG00000100962",0.118182606877859,2.14415904967591,7.28525108741632,0.294315051595061,0.768517172224739,NA
"ENSMUSG00000100963",0,NA,NA,NA,NA,NA
"ENSMUSG00000100964",0,NA,NA,NA,NA,NA
"ENSMUSG00000100966",0,NA,NA,NA,NA,NA
"ENSMUSG00000100967",2461.7434024765,0.365020154045987,0.295021695816992,1.23726545952884,0.215988546589602,0.416897455258374
"ENSMUSG00000100968",0,NA,NA,NA,NA,NA
"ENSMUSG00000100972",0,NA,NA,NA,NA,NA
"ENSMUSG00000100973",0,NA,NA,NA,NA,NA
"ENSMUSG00000100974",0,NA,NA,NA,NA,NA
"ENSMUSG00000100976",0,NA,NA,NA,NA,NA
"ENSMUSG00000100977",0,NA,NA,NA,NA,NA
"ENSMUSG00000100978",0,NA,NA,NA,NA,NA
"ENSMUSG00000100981",0.770826869912257,-0.123423646793446,4.34039868643257,-0.0284360160690423,0.977314399138276,NA
"ENSMUSG00000100982",0,NA,NA,NA,NA,NA
"ENSMUSG00000100983",0,NA,NA,NA,NA,NA
"ENSMUSG00000100986",0,NA,NA,NA,NA,NA
"ENSMUSG00000100988",0.2999232558337,1.21608479844155,7.18792108471464,0.169184494947725,0.865651525223697,NA
"ENSMUSG00000100989",0,NA,NA,NA,NA,NA
"ENSMUSG00000100990",0.185275089998726,2.73792389046225,7.26119817905979,0.377062273049923,0.706127327169323,NA
"ENSMUSG00000100991",0,NA,NA,NA,NA,NA
"ENSMUSG00000100993",0,NA,NA,NA,NA,NA
"ENSMUSG00000100994",0,NA,NA,NA,NA,NA
"ENSMUSG00000100995",0,NA,NA,NA,NA,NA
"ENSMUSG00000100996",0,NA,NA,NA,NA,NA
"ENSMUSG00000100999",0.0410826440564989,0,7.3561311249555,0,1,NA
"ENSMUSG00000101000",0.166978302087491,0,7.3561311249555,0,1,NA
"ENSMUSG00000101001",0,NA,NA,NA,NA,NA
"ENSMUSG00000101004",0.195820413183437,1.15191217494995,7.35613035830078,0.156592137284532,0.875566299632574,NA
"ENSMUSG00000101005",0,NA,NA,NA,NA,NA
"ENSMUSG00000101006",0.0879014387518239,0,7.3561311249555,0,1,NA
"ENSMUSG00000101010",0,NA,NA,NA,NA,NA
"ENSMUSG00000101015",0.0406180793754555,0,7.3561311249555,0,1,NA
"ENSMUSG00000101016",0,NA,NA,NA,NA,NA
"ENSMUSG00000101017",0,NA,NA,NA,NA,NA
"ENSMUSG00000101018",0,NA,NA,NA,NA,NA
"ENSMUSG00000101019",0,NA,NA,NA,NA,NA
"ENSMUSG00000101020",0,NA,NA,NA,NA,NA
"ENSMUSG00000101022",0,NA,NA,NA,NA,NA
"ENSMUSG00000101023",0.116465526058058,-2.55207921776427,7.29478646665741,-0.34984974946548,0.726451460738682,NA
"ENSMUSG00000101024",0.305365647611563,0,7.3561311249555,0,1,NA
"ENSMUSG00000101025",0,NA,NA,NA,NA,NA
"ENSMUSG00000101026",0.991972138591971,-0.887684371939792,6.0030225592774,-0.147872902887549,0.882443073439325,NA
"ENSMUSG00000101027",0.0406180793754555,0,7.3561311249555,0,1,NA
"ENSMUSG00000101030",0,NA,NA,NA,NA,NA
"ENSMUSG00000101031",0,NA,NA,NA,NA,NA
"ENSMUSG00000101032",0.0220491087917145,-0.697449756138268,7.31310131829465,-0.0953699020131869,0.924021021800143,NA
"ENSMUSG00000101033",0.25859135774825,1.36530617405432,7.25508904852795,0.188185998121049,0.850730848277375,NA
"ENSMUSG00000101035",0.41635941237791,0.475041436338158,7.19885368284384,0.0659884833428781,0.947386994430766,NA
"ENSMUSG00000101038",0,NA,NA,NA,NA,NA
"ENSMUSG00000101039",0,NA,NA,NA,NA,NA
"ENSMUSG00000101043",0,NA,NA,NA,NA,NA
"ENSMUSG00000101044",0,NA,NA,NA,NA,NA
"ENSMUSG00000101045",0,NA,NA,NA,NA,NA
"ENSMUSG00000101046",0.083917543064328,0,7.3561311249555,0,1,NA
"ENSMUSG00000101049",0.281487588561376,-0.232413440857801,7.3500789989668,-0.0316205364446384,0.974774665863274,NA
"ENSMUSG00000101052",0,NA,NA,NA,NA,NA
"ENSMUSG00000101053",0.0432773486139992,0,7.3561311249555,0,1,NA
"ENSMUSG00000101054",0,NA,NA,NA,NA,NA
"ENSMUSG00000101055",0,NA,NA,NA,NA,NA
"ENSMUSG00000101056",0,NA,NA,NA,NA,NA
"ENSMUSG00000101057",0,NA,NA,NA,NA,NA
"ENSMUSG00000101058",0,NA,NA,NA,NA,NA
"ENSMUSG00000101059",21.1102317230594,2.06116832641149,2.18255276343411,0.944384191275346,0.344973356966088,NA
"ENSMUSG00000101063",0.0458889004883165,0,7.3561311249555,0,1,NA
"ENSMUSG00000101064",0,NA,NA,NA,NA,NA
"ENSMUSG00000101065",0,NA,NA,NA,NA,NA
"ENSMUSG00000101066",0.93832357011467,2.14392753387055,5.72142297166554,0.374719286528547,0.707869247109077,NA
"ENSMUSG00000101068",0,NA,NA,NA,NA,NA
"ENSMUSG00000101070",0,NA,NA,NA,NA,NA
"ENSMUSG00000101071",0,NA,NA,NA,NA,NA
"ENSMUSG00000101072",0,NA,NA,NA,NA,NA
"ENSMUSG00000101073",0.0737137745243365,1.16324232838044,7.35557892372714,0.158144225008331,0.874343152541134,NA
"ENSMUSG00000101074",0,NA,NA,NA,NA,NA
"ENSMUSG00000101075",0.0781735619438773,-1.67207690389212,7.35013627020554,-0.227489238624057,0.820043336233102,NA
"ENSMUSG00000101076",0,NA,NA,NA,NA,NA
"ENSMUSG00000101077",1.06955656922889,0,3.88727265091095,0,1,NA
"ENSMUSG00000101078",0.241183658110985,2.15355196155092,7.28502287533949,0.295613616923689,0.767525173378078,NA
"ENSMUSG00000101082",0.214612319094271,-1.9441842872146,7.25889475317944,-0.267834753543304,0.788826518246403,NA
"ENSMUSG00000101083",0,NA,NA,NA,NA,NA
"ENSMUSG00000101085",0.0380762098104571,-1.67431590235222,7.3501929692546,-0.227792101425878,0.819807867435575,NA
"ENSMUSG00000101087",0.39549755828189,1.54718237231137,6.68031504650121,0.231603204570673,0.816846218296564,NA
"ENSMUSG00000101088",0.660783868478843,-1.96697579780354,6.81719407172735,-0.288531583098257,0.772939858144749,NA
"ENSMUSG00000101092",0,NA,NA,NA,NA,NA
"ENSMUSG00000101093",0.088324131967613,0,7.3561311249555,0,1,NA
"ENSMUSG00000101094",0,NA,NA,NA,NA,NA
"ENSMUSG00000101096",0,NA,NA,NA,NA,NA
"ENSMUSG00000101097",0.267123584938516,-1.82214930204289,7.26288956427689,-0.250884897246033,0.801903101308944,NA
"ENSMUSG00000101098",0,NA,NA,NA,NA,NA
"ENSMUSG00000101101",0,NA,NA,NA,NA,NA
"ENSMUSG00000101103",0,NA,NA,NA,NA,NA
"ENSMUSG00000101105",0,NA,NA,NA,NA,NA
"ENSMUSG00000101106",0.218400112904971,0,7.3561311249555,0,1,NA
"ENSMUSG00000101108",0,NA,NA,NA,NA,NA
"ENSMUSG00000101111",2673.13988782759,-1.13367421960455,1.28348645811227,-0.883277117915161,0.377086563786927,0.586038696036175
"ENSMUSG00000101113",0.0761738664299754,1.15245901372778,7.35610756998853,0.156666960449245,0.875507327219175,NA
"ENSMUSG00000101114",0,NA,NA,NA,NA,NA
"ENSMUSG00000101116",0,NA,NA,NA,NA,NA
"ENSMUSG00000101117",0.318391438041288,-0.107276846526947,7.22449291696117,-0.0148490486128223,0.988152608751082,NA
"ENSMUSG00000101118",0,NA,NA,NA,NA,NA
"ENSMUSG00000101120",0,NA,NA,NA,NA,NA
"ENSMUSG00000101122",29.3899836193876,1.00816277780744,0.67591439795706,1.49155393176206,0.135816122806403,NA
"ENSMUSG00000101123",0.0815938204116798,0,7.3561311249555,0,1,NA
"ENSMUSG00000101124",0.0414066693320352,0,7.3561311249555,0,1,NA
"ENSMUSG00000101128",0,NA,NA,NA,NA,NA
"ENSMUSG00000101129",0.235760377428334,0,7.3561311249555,0,1,NA
"ENSMUSG00000101130",0.0380762098104571,-1.67431590235222,7.3501929692546,-0.227792101425878,0.819807867435575,NA
"ENSMUSG00000101132",4.26756176198443,0.811222636792278,1.65162697075306,0.49116577239133,0.623309205201796,NA
"ENSMUSG00000101135",1.54004101482105,0.776744076782893,2.45101052742498,0.316907686887391,0.75131364915081,NA
"ENSMUSG00000101137",0,NA,NA,NA,NA,NA
"ENSMUSG00000101139",0,NA,NA,NA,NA,NA
"ENSMUSG00000101140",0.0380762098104571,-1.67431590235222,7.3501929692546,-0.227792101425878,0.819807867435575,NA
"ENSMUSG00000101141",0,NA,NA,NA,NA,NA
"ENSMUSG00000101142",0,NA,NA,NA,NA,NA
"ENSMUSG00000101143",0,NA,NA,NA,NA,NA
"ENSMUSG00000101145",0,NA,NA,NA,NA,NA
"ENSMUSG00000101146",0,NA,NA,NA,NA,NA
"ENSMUSG00000101147",0,NA,NA,NA,NA,NA
"ENSMUSG00000101148",0,NA,NA,NA,NA,NA
"ENSMUSG00000101149",0,NA,NA,NA,NA,NA
"ENSMUSG00000101151",0.160680772843248,0,7.3561311249555,0,1,NA
"ENSMUSG00000101152",0,NA,NA,NA,NA,NA
"ENSMUSG00000101154",0.162472317501822,0,7.3561311249555,0,1,NA
"ENSMUSG00000101155",0.1858998654445,0,7.3561311249555,0,1,NA
"ENSMUSG00000101157",0,NA,NA,NA,NA,NA
"ENSMUSG00000101158",0,NA,NA,NA,NA,NA
"ENSMUSG00000101159",0,NA,NA,NA,NA,NA
"ENSMUSG00000101161",0,NA,NA,NA,NA,NA
"ENSMUSG00000101163",0,NA,NA,NA,NA,NA
"ENSMUSG00000101164",0.040805855113507,0,7.3561311249555,0,1,NA
"ENSMUSG00000101167",0.0846289594379617,0,7.3561311249555,0,1,NA
"ENSMUSG00000101171",0.163808101969238,0,7.3561311249555,0,1,NA
"ENSMUSG00000101173",0.13117444333884,0,7.3561311249555,0,1,NA
"ENSMUSG00000101174",0.249105825101679,0.764872295288651,7.18536930567624,0.106448571082411,0.915226457808493,NA
"ENSMUSG00000101177",0.0294077231399777,0,7.3561311249555,0,1,NA
"ENSMUSG00000101178",0,NA,NA,NA,NA,NA
"ENSMUSG00000101180",0,NA,NA,NA,NA,NA
"ENSMUSG00000101181",0,NA,NA,NA,NA,NA
"ENSMUSG00000101183",0,NA,NA,NA,NA,NA
"ENSMUSG00000101184",0,NA,NA,NA,NA,NA
"ENSMUSG00000101185",0,NA,NA,NA,NA,NA
"ENSMUSG00000101188",578.735532611068,-27.1470424321959,3.22086158832438,-8.42850327086513,3.50114387517881e-17,4.32610090076781e-14
"ENSMUSG00000101193",0,NA,NA,NA,NA,NA
"ENSMUSG00000101194",0,NA,NA,NA,NA,NA
"ENSMUSG00000101195",0.149696892928228,0.771877276435716,7.27885227449547,0.106043816707246,0.915547587452112,NA
"ENSMUSG00000101196",0.33992502518222,-1.14600121640585,7.16976657921206,-0.15983800919385,0.873008681977087,NA
"ENSMUSG00000101197",0,NA,NA,NA,NA,NA
"ENSMUSG00000101199",4.35000715500185,0.483438861124904,1.12432368809131,0.429981922684212,0.667208791173244,NA
"ENSMUSG00000101200",0,NA,NA,NA,NA,NA
"ENSMUSG00000101201",0,NA,NA,NA,NA,NA
"ENSMUSG00000101202",0,NA,NA,NA,NA,NA
"ENSMUSG00000101203",0,NA,NA,NA,NA,NA
"ENSMUSG00000101205",0,NA,NA,NA,NA,NA
"ENSMUSG00000101206",0.0380762098104571,-1.67431590235222,7.3501929692546,-0.227792101425878,0.819807867435575,NA
"ENSMUSG00000101208",0.0793337363017399,0,7.3561311249555,0,1,NA
"ENSMUSG00000101209",3.00867503055873,3.42911238884137,2.39472267883263,1.43194551049768,0.152159416213934,NA
"ENSMUSG00000101212",0,NA,NA,NA,NA,NA
"ENSMUSG00000101213",0.0698739539507107,2.1391282065144,7.28563296166082,0.293609109568261,0.769056614021431,NA
"ENSMUSG00000101215",0,NA,NA,NA,NA,NA
"ENSMUSG00000101216",0,NA,NA,NA,NA,NA
"ENSMUSG00000101219",10.9584427878911,-0.40411665274908,0.985188291047178,-0.410192301737098,0.681664887604788,NA
"ENSMUSG00000101220",0.0770241726127788,0,7.3561311249555,0,1,NA
"ENSMUSG00000101221",0,NA,NA,NA,NA,NA
"ENSMUSG00000101226",0.13633139090185,-3.3861318819561,7.25924095005435,-0.466458119416845,0.640887618563724,NA
"ENSMUSG00000101228",0,NA,NA,NA,NA,NA
"ENSMUSG00000101230",0,NA,NA,NA,NA,NA
"ENSMUSG00000101231",0,NA,NA,NA,NA,NA
"ENSMUSG00000101232",0.0349416806099279,1.1433547781393,7.3559132217524,0.155433423923252,0.876479635875251,NA
"ENSMUSG00000101234",7.2896096053717,1.5044254066939,1.03615635865613,1.45192894308452,0.146521363852034,NA
"ENSMUSG00000101235",0.168494234639288,-0.469020795474337,7.34058862232048,-0.063894167022,0.949054496832526,NA
"ENSMUSG00000101236",1.20950606998744,0,5.39356084643171,0,1,NA
"ENSMUSG00000101238",0,NA,NA,NA,NA,NA
"ENSMUSG00000101239",0,NA,NA,NA,NA,NA
"ENSMUSG00000101240",0.711397538987767,-1.95204190040696,3.35389514371298,-0.582022340223172,0.560551633118497,NA
"ENSMUSG00000101241",0,NA,NA,NA,NA,NA
"ENSMUSG00000101243",0,NA,NA,NA,NA,NA
"ENSMUSG00000101246",0,NA,NA,NA,NA,NA
"ENSMUSG00000101248",0.0355187493373064,1.16171280725677,7.35565536667627,0.157934643392857,0.874508299155349,NA
"ENSMUSG00000101249",67876.1002402531,-0.110886148060286,0.146661351474865,-0.756069318502695,0.449607636197707,0.650018644018633
"ENSMUSG00000101250",0.0352597853922181,1.155567702399,7.35595536263211,0.157092810577567,0.875171703562209,NA
"ENSMUSG00000101251",0,NA,NA,NA,NA,NA
"ENSMUSG00000101252",0.116853926750074,0,7.3561311249555,0,1,NA
"ENSMUSG00000101254",0,NA,NA,NA,NA,NA
"ENSMUSG00000101255",0,NA,NA,NA,NA,NA
"ENSMUSG00000101259",0,NA,NA,NA,NA,NA
"ENSMUSG00000101260",0,NA,NA,NA,NA,NA
"ENSMUSG00000101262",2.34125394076794,-3.32535731220053,2.02784904422379,-1.63984460365657,0.101037481413719,NA
"ENSMUSG00000101263",0,NA,NA,NA,NA,NA
"ENSMUSG00000101267",0,NA,NA,NA,NA,NA
"ENSMUSG00000101270",0,NA,NA,NA,NA,NA
"ENSMUSG00000101271",0,NA,NA,NA,NA,NA
"ENSMUSG00000101273",0,NA,NA,NA,NA,NA
"ENSMUSG00000101276",0,NA,NA,NA,NA,NA
"ENSMUSG00000101277",0,NA,NA,NA,NA,NA
"ENSMUSG00000101279",0.58307961586576,0,7.3561311249555,0,1,NA
"ENSMUSG00000101280",0.278741488652079,-0.232476283600605,7.3500379223106,-0.0316292631490972,0.974767706441568,NA
"ENSMUSG00000101281",1.08799268318534,-1.18585404622689,2.4470909170333,-0.484597461407172,0.627961914808373,NA
"ENSMUSG00000101283",0,NA,NA,NA,NA,NA
"ENSMUSG00000101286",0,NA,NA,NA,NA,NA
"ENSMUSG00000101289",0.0380762098104571,-1.67431590235222,7.3501929692546,-0.227792101425878,0.819807867435575,NA
"ENSMUSG00000101290",0,NA,NA,NA,NA,NA
"ENSMUSG00000101292",0,NA,NA,NA,NA,NA
"ENSMUSG00000101294",0.313915660641482,0,7.3561311249555,0,1,NA
"ENSMUSG00000101296",0,NA,NA,NA,NA,NA
"ENSMUSG00000101297",0.0711677912777981,0,7.3561311249555,0,1,NA
"ENSMUSG00000101298",0.375486193923637,3.73483322343136,7.23730804299178,0.516052819811639,0.605817518744963,NA
"ENSMUSG00000101301",0.106688530955732,2.16493156355036,7.28474642518055,0.297186948891869,0.766323785284813,NA
"ENSMUSG00000101303",0.0832719525625756,0,7.3561311249555,0,1,NA
"ENSMUSG00000101305",0,NA,NA,NA,NA,NA
"ENSMUSG00000101306",0.0380762098104571,-1.67431590235222,7.3501929692546,-0.227792101425878,0.819807867435575,NA
"ENSMUSG00000101307",0.157600859077419,1.15919952865724,7.355777923466,0.157590337924589,0.874779617651489,NA
"ENSMUSG00000101309",1.00441868524299,1.11596498844688,4.39086520426001,0.25415605729918,0.799374997314394,NA
"ENSMUSG00000101310",0,NA,NA,NA,NA,NA
"ENSMUSG00000101312",0,NA,NA,NA,NA,NA
"ENSMUSG00000101315",0.0380762098104571,-1.67431590235222,7.3501929692546,-0.227792101425878,0.819807867435575,NA
"ENSMUSG00000101316",0.350296969548187,0,7.3561311249555,0,1,NA
"ENSMUSG00000101318",0,NA,NA,NA,NA,NA
"ENSMUSG00000101319",0.0828133386640704,0,7.3561311249555,0,1,NA
"ENSMUSG00000101323",0,NA,NA,NA,NA,NA
"ENSMUSG00000101325",0.116934083271571,-1.67515690109209,7.35021328350761,-0.227905890139379,0.81971940354941,NA
"ENSMUSG00000101326",0,NA,NA,NA,NA,NA
"ENSMUSG00000101327",0.0380762098104571,-1.67431590235222,7.3501929692546,-0.227792101425878,0.819807867435575,NA
"ENSMUSG00000101328",0.828870102601,2.3417891082476,3.41726975824014,0.685280728160485,0.493166790465951,NA
"ENSMUSG00000101330",307.163661809737,-0.758739825318524,0.252113674000598,-3.00951476878928,0.00261665356834129,0.0306725247438826
"ENSMUSG00000101331",0,NA,NA,NA,NA,NA
"ENSMUSG00000101333",0.0406180793754555,0,7.3561311249555,0,1,NA
"ENSMUSG00000101336",0,NA,NA,NA,NA,NA
"ENSMUSG00000101337",3.6151603931907,2.30147628813332,1.85463228785534,1.24093401328341,0.214630126424426,NA
"ENSMUSG00000101339",0,NA,NA,NA,NA,NA
"ENSMUSG00000101340",0,NA,NA,NA,NA,NA
"ENSMUSG00000101341",0,NA,NA,NA,NA,NA
"ENSMUSG00000101343",0,NA,NA,NA,NA,NA
"ENSMUSG00000101346",0,NA,NA,NA,NA,NA
"ENSMUSG00000101347",0,NA,NA,NA,NA,NA
"ENSMUSG00000101348",1.62254136734073,-1.85602770040698,2.94087271175074,-0.631114598394862,0.527965596576566,NA
"ENSMUSG00000101349",0,NA,NA,NA,NA,NA
"ENSMUSG00000101351",0,NA,NA,NA,NA,NA
"ENSMUSG00000101352",0.0406180793754555,0,7.3561311249555,0,1,NA
"ENSMUSG00000101354",0,NA,NA,NA,NA,NA
"ENSMUSG00000101355",50.6301460783471,4.81701899556329,1.73411418647463,2.77779804417382,0.00547286223379011,NA
"ENSMUSG00000101357",0.16865662121524,-1.63835524201417,7.34928178054252,-0.222927258871986,0.823592120667467,NA
"ENSMUSG00000101358",0,NA,NA,NA,NA,NA
"ENSMUSG00000101359",0.035583895638899,0,7.3561311249555,0,1,NA
"ENSMUSG00000101361",0.035480781857948,1.16027875572934,7.35572527304764,0.157738185244731,0.874663109672784,NA
"ENSMUSG00000101362",0.120553284795103,-2.55266753993173,7.29476844518497,-0.349931263632729,0.72639028358584,NA
"ENSMUSG00000101363",0.0406180793754555,0,7.3561311249555,0,1,NA
"ENSMUSG00000101364",0,NA,NA,NA,NA,NA
"ENSMUSG00000101367",0,NA,NA,NA,NA,NA
"ENSMUSG00000101368",0,NA,NA,NA,NA,NA
"ENSMUSG00000101369",0,NA,NA,NA,NA,NA
"ENSMUSG00000101371",0.634112753766429,-1.83537500506453,3.89776219107803,-0.470879164784783,0.637727027547688,NA
"ENSMUSG00000101372",0,NA,NA,NA,NA,NA
"ENSMUSG00000101373",1.36947932547238,0.457712741934063,2.73000752811642,0.167659882699981,0.866850858321363,NA
"ENSMUSG00000101374",0,NA,NA,NA,NA,NA
"ENSMUSG00000101375",0,NA,NA,NA,NA,NA
"ENSMUSG00000101376",0,NA,NA,NA,NA,NA
"ENSMUSG00000101380",0,NA,NA,NA,NA,NA
"ENSMUSG00000101381",0.228457258862742,-4.13592491692283,7.24062517585967,-0.571211023422681,0.567856606745847,NA
"ENSMUSG00000101382",0,NA,NA,NA,NA,NA
"ENSMUSG00000101383",0,NA,NA,NA,NA,NA
"ENSMUSG00000101385",0.116257112650486,1.15451707153127,7.35600676993101,0.156948886486968,0.875285131404617,NA
"ENSMUSG00000101387",0.0406180793754555,0,7.3561311249555,0,1,NA
"ENSMUSG00000101389",112.209046241052,-0.283118264717675,0.540860235888605,-0.523459196907916,0.600654738590848,0.76756082500379
"ENSMUSG00000101390",0.0352597853922181,1.155567702399,7.35595536263211,0.157092810577567,0.875171703562209,NA
"ENSMUSG00000101391",4.8186762450778,-0.0654363949117463,1.23194450204096,-0.0531163496434603,0.957639204710185,NA
"ENSMUSG00000101395",0.0381979668618393,0,7.3561311249555,0,1,NA
"ENSMUSG00000101396",0.650757860849998,2.93767283646107,5.78621581674429,0.50770191252804,0.61166240698223,NA
"ENSMUSG00000101397",0.899936499423866,-1.08922975322982,4.78409077647714,-0.227677484420957,0.819896977586664,NA
"ENSMUSG00000101398",0.259334769615857,1.15022364549203,7.35608828595516,0.156363491135381,0.875746513013853,NA
"ENSMUSG00000101399",0.0352597853922182,1.155567702399,7.3559553626321,0.157092810577567,0.875171703562209,NA
"ENSMUSG00000101400",0.53040419189157,-1.65848585223029,7.34979188953508,-0.225650722790084,0.821473087042366,NA
"ENSMUSG00000101401",0.126125943515754,0,7.3561311249555,0,1,NA
"ENSMUSG00000101403",0,NA,NA,NA,NA,NA
"ENSMUSG00000101408",0,NA,NA,NA,NA,NA
"ENSMUSG00000101410",0.118366782506322,-1.67485511635412,7.35020663934347,-0.227865038159488,0.819751163244706,NA
"ENSMUSG00000101413",0.333249029860211,2.06871148886836,7.28713648585942,0.283885377045245,0.776498223104975,NA
"ENSMUSG00000101415",0.358947535923497,0.771242054179301,7.27886273741367,0.105956394838315,0.915616949239633,NA
"ENSMUSG00000101417",0,NA,NA,NA,NA,NA
"ENSMUSG00000101418",0,NA,NA,NA,NA,NA
"ENSMUSG00000101419",0,NA,NA,NA,NA,NA
"ENSMUSG00000101420",0,NA,NA,NA,NA,NA
"ENSMUSG00000101421",0,NA,NA,NA,NA,NA
"ENSMUSG00000101427",0.0406180793754555,0,7.3561311249555,0,1,NA
"ENSMUSG00000101428",0,NA,NA,NA,NA,NA
"ENSMUSG00000101431",0.72615710940265,0.472932592121561,6.76917213882593,0.0698656471459726,0.944300595895614,NA
"ENSMUSG00000101433",0.766384267564437,-1.08812946567933,4.34192415235189,-0.250609966341749,0.802115675554049,NA
"ENSMUSG00000101434",0,NA,NA,NA,NA,NA
"ENSMUSG00000101436",2.31181746318676,-0.415864455422658,2.06600439082846,-0.201289240850015,0.840472414953238,NA
"ENSMUSG00000101437",0.153403228254607,-1.08783241348273,7.29531466425273,-0.149113844096834,0.881463802011637,NA
"ENSMUSG00000101439",2.37810506299779,6.10987562042924,7.21793915894555,0.846484777148193,0.397282362521119,NA
"ENSMUSG00000101442",0,NA,NA,NA,NA,NA
"ENSMUSG00000101443",0,NA,NA,NA,NA,NA
"ENSMUSG00000101444",0.109165883647405,2.77207449151621,7.27291175492886,0.381150574202632,0.703091521864944,NA
"ENSMUSG00000101446",0,NA,NA,NA,NA,NA
"ENSMUSG00000101449",0.232346540285438,-0.693450020288031,7.19583934116882,-0.0963681910351536,0.923228154392066,NA
"ENSMUSG00000101452",12.0793965218489,-0.74172043586161,0.716962030987054,-1.03453237940714,0.300887347703276,NA
"ENSMUSG00000101454",0,NA,NA,NA,NA,NA
"ENSMUSG00000101455",0,NA,NA,NA,NA,NA
"ENSMUSG00000101457",0.187939890860961,2.16087473560713,7.28484268419875,0.29662613583876,0.766751954936409,NA
"ENSMUSG00000101459",0.0406180793754555,0,7.3561311249555,0,1,NA
"ENSMUSG00000101462",109.374231349128,0.588382687304743,0.459696138508845,1.27993828534938,0.200566841491619,0.397156095381542
"ENSMUSG00000101464",1.81432354357342,-1.03105369483898,2.06938985164404,-0.498240432569944,0.618314587347324,NA
"ENSMUSG00000101466",0,NA,NA,NA,NA,NA
"ENSMUSG00000101467",0,NA,NA,NA,NA,NA
"ENSMUSG00000101468",0.035583895638899,0,7.3561311249555,0,1,NA
"ENSMUSG00000101469",0,NA,NA,NA,NA,NA
"ENSMUSG00000101470",0.0811844182018747,0,7.3561311249555,0,1,NA
"ENSMUSG00000101471",0,NA,NA,NA,NA,NA
"ENSMUSG00000101473",0,NA,NA,NA,NA,NA
"ENSMUSG00000101475",0,NA,NA,NA,NA,NA
"ENSMUSG00000101477",0,NA,NA,NA,NA,NA
"ENSMUSG00000101478",0,NA,NA,NA,NA,NA
"ENSMUSG00000101479",0,NA,NA,NA,NA,NA
"ENSMUSG00000101480",25.8527914212857,-0.0296372145192517,0.829555953178034,-0.0357266009673144,0.971500359583231,NA
"ENSMUSG00000101482",0.0761524196209141,-2.55627499047924,7.29465809108018,-0.350431090609309,0.726015196884991,NA
"ENSMUSG00000101486",0.717020796988619,-1.67057816200397,5.24117546557836,-0.318741124577026,0.749922826970962,NA
"ENSMUSG00000101487",0,NA,NA,NA,NA,NA
"ENSMUSG00000101489",0,NA,NA,NA,NA,NA
"ENSMUSG00000101490",0,NA,NA,NA,NA,NA
"ENSMUSG00000101494",0,NA,NA,NA,NA,NA
"ENSMUSG00000101495",0.0865935282158165,0,7.3561311249555,0,1,NA
"ENSMUSG00000101496",2.12121742456281,-0.420095695756832,1.80592319157176,-0.232621020493794,0.81605570304597,NA
"ENSMUSG00000101497",0,NA,NA,NA,NA,NA
"ENSMUSG00000101498",0.121854238126367,0,7.3561311249555,0,1,NA
"ENSMUSG00000101499",0.0406180793754555,0,7.3561311249555,0,1,NA
"ENSMUSG00000101500",0.290649150722484,0,7.3561311249555,0,1,NA
"ENSMUSG00000101501",3.30037020593506,1.40635024164671,1.56402774207861,0.899184972114148,0.368554143559052,NA
"ENSMUSG00000101502",2.02760089849185,1.27505377362388,2.55847623016815,0.498364518141362,0.618227140828935,NA
"ENSMUSG00000101504",0,NA,NA,NA,NA,NA
"ENSMUSG00000101506",0.119595502501286,-1.66830615639004,7.35004063138619,-0.226979174681841,0.820439935766465,NA
"ENSMUSG00000101509",0,NA,NA,NA,NA,NA
"ENSMUSG00000101510",0,NA,NA,NA,NA,NA
"ENSMUSG00000101511",0.187738797146127,2.74424205482425,7.26109658716831,0.377937687769342,0.705476884447529,NA
"ENSMUSG00000101515",0,NA,NA,NA,NA,NA
"ENSMUSG00000101518",0,NA,NA,NA,NA,NA
"ENSMUSG00000101519",0.270968123563024,2.71091553874019,7.26164419384157,0.373319797331747,0.708910443657263,NA
"ENSMUSG00000101520",0,NA,NA,NA,NA,NA
"ENSMUSG00000101522",0.113818923894987,2.14188245503245,7.28556520459776,0.293989882031493,0.768765634888246,NA
"ENSMUSG00000101523",18.1762996302718,-1.5856355390127,1.81775627395055,-0.872303708553081,0.383042715023389,NA
"ENSMUSG00000101527",0,NA,NA,NA,NA,NA
"ENSMUSG00000101528",0,NA,NA,NA,NA,NA
"ENSMUSG00000101530",0,NA,NA,NA,NA,NA
"ENSMUSG00000101532",0.240046184642936,0.77139027016211,7.27886162637712,0.105976773533755,0.915600780427611,NA
"ENSMUSG00000101534",0,NA,NA,NA,NA,NA
"ENSMUSG00000101535",0.198834607294708,1.14295169902568,7.35590290483854,0.155378845236507,0.876522660669837,NA
"ENSMUSG00000101538",0,NA,NA,NA,NA,NA
"ENSMUSG00000101543",0.0917778009766329,0,7.35613112495549,0,1,NA
"ENSMUSG00000101544",0,NA,NA,NA,NA,NA
"ENSMUSG00000101545",0.182481407594351,0,7.3561311249555,0,1,NA
"ENSMUSG00000101548",0.170184962823353,-1.88720498259458,7.34118741920675,-0.257070808144345,0.797124112148777,NA
"ENSMUSG00000101550",0.078288102922215,1.13771869808721,7.3557695534964,0.154670247594477,0.877081286663893,NA
"ENSMUSG00000101551",1.36185665797018,0.260855127067212,2.33636241310642,0.111650112843743,0.911100836089681,NA
"ENSMUSG00000101552",0,NA,NA,NA,NA,NA
"ENSMUSG00000101554",0.0820092186270224,0,7.3561311249555,0,1,NA
"ENSMUSG00000101557",0,NA,NA,NA,NA,NA
"ENSMUSG00000101558",0,NA,NA,NA,NA,NA
"ENSMUSG00000101562",0,NA,NA,NA,NA,NA
"ENSMUSG00000101563",0.144571238356529,1.35629902870097,7.2550732320624,0.186944912245277,0.851703825008279,NA
"ENSMUSG00000101564",0.965556088844067,0.479870011260931,6.10474199547145,0.078606108434542,0.937345928747794,NA
"ENSMUSG00000101567",2.8241125084506,1.12140755875356,2.57230458005976,0.435954422911889,0.662869797890492,NA
"ENSMUSG00000101571",0.282454991163514,1.15780866748292,7.35601086736374,0.157396269304025,0.874932553476075,NA
"ENSMUSG00000101573",0,NA,NA,NA,NA,NA
"ENSMUSG00000101575",0,NA,NA,NA,NA,NA
"ENSMUSG00000101576",0.152578101253894,2.15357985193457,7.28527879801798,0.295607060709944,0.767530180839951,NA
"ENSMUSG00000101578",0,NA,NA,NA,NA,NA
"ENSMUSG00000101579",0.543067054591778,-1.63712934680897,6.40180779804254,-0.255729225002592,0.798159927047527,NA
"ENSMUSG00000101582",0,NA,NA,NA,NA,NA
"ENSMUSG00000101587",2.65235711690036,0.924378361710274,1.59768904250248,0.57857213582839,0.562877910618031,NA
"ENSMUSG00000101589",0.554196895918935,-4.13229829503081,6.15053112853903,-0.67186039850389,0.501672573503611,NA
"ENSMUSG00000101590",0.0380762098104571,-1.67431590235222,7.3501929692546,-0.227792101425878,0.819807867435575,NA
"ENSMUSG00000101593",0,NA,NA,NA,NA,NA
"ENSMUSG00000101594",0,NA,NA,NA,NA,NA
"ENSMUSG00000101597",5.41075077218082,-0.985174052832248,1.38736149327876,-0.710106239509345,0.477638257359694,NA
"ENSMUSG00000101602",0.0410826440564989,0,7.3561311249555,0,1,NA
"ENSMUSG00000101605",0.236574797223195,0,7.3561311249555,0,1,NA
"ENSMUSG00000101607",0,NA,NA,NA,NA,NA
"ENSMUSG00000101610",1.00662754152674,-1.12998213278165,3.96971371285238,-0.284650787063866,0.775911697622237,NA
"ENSMUSG00000101611",0,NA,NA,NA,NA,NA
"ENSMUSG00000101612",0.230139566495302,1.15810395459844,7.35582747792135,0.157440336668378,0.874897825768505,NA
"ENSMUSG00000101615",0.849862040645981,1.18672239607409,3.63536156376205,0.326438615598393,0.744092525217852,NA
"ENSMUSG00000101616",0.0352597853922181,1.155567702399,7.35595536263211,0.157092810577567,0.875171703562209,NA
"ENSMUSG00000101617",0,NA,NA,NA,NA,NA
"ENSMUSG00000101618",0,NA,NA,NA,NA,NA
"ENSMUSG00000101619",0,NA,NA,NA,NA,NA
"ENSMUSG00000101622",0.0410826440564989,0,7.3561311249555,0,1,NA
"ENSMUSG00000101623",0,NA,NA,NA,NA,NA
"ENSMUSG00000101624",0,NA,NA,NA,NA,NA
"ENSMUSG00000101631",0,NA,NA,NA,NA,NA
"ENSMUSG00000101637",0,NA,NA,NA,NA,NA
"ENSMUSG00000101638",0.0409190281194281,0,7.3561311249555,0,1,NA
"ENSMUSG00000101639",0.122020205209614,0,7.3561311249555,0,1,NA
"ENSMUSG00000101644",0,NA,NA,NA,NA,NA
"ENSMUSG00000101645",0.0352597853922181,1.155567702399,7.35595536263211,0.157092810577567,0.875171703562209,NA
"ENSMUSG00000101646",0,NA,NA,NA,NA,NA
"ENSMUSG00000101647",0,NA,NA,NA,NA,NA
"ENSMUSG00000101650",0.243134323655078,-3.13350431343066,7.26785204095704,-0.431145859295457,0.666362317467833,NA
"ENSMUSG00000101652",3.76527058622112,-1.42907290540489,1.41069811832274,-1.01302531480229,0.311048069454512,NA
"ENSMUSG00000101653",0,NA,NA,NA,NA,NA
"ENSMUSG00000101656",0.0760812653122585,1.151481467737,7.35585118100007,0.156539527432425,0.875607764878214,NA
"ENSMUSG00000101657",0,NA,NA,NA,NA,NA
"ENSMUSG00000101658",0,NA,NA,NA,NA,NA
"ENSMUSG00000101660",0.128114765103359,0,7.3561311249555,0,1,NA
"ENSMUSG00000101661",5.10260855264898,-0.188587206490126,1.1800500793754,-0.159812884034502,0.873028474540248,NA
"ENSMUSG00000101664",0,NA,NA,NA,NA,NA
"ENSMUSG00000101665",0,NA,NA,NA,NA,NA
"ENSMUSG00000101666",0,NA,NA,NA,NA,NA
"ENSMUSG00000101667",0,NA,NA,NA,NA,NA
"ENSMUSG00000101669",0,NA,NA,NA,NA,NA
"ENSMUSG00000101670",0,NA,NA,NA,NA,NA
"ENSMUSG00000101672",0,NA,NA,NA,NA,NA
"ENSMUSG00000101673",0.0406180793754555,0,7.3561311249555,0,1,NA
"ENSMUSG00000101676",0,NA,NA,NA,NA,NA
"ENSMUSG00000101678",15.8360685051161,0.0221062027702372,0.94329216319881,0.0234351599988625,0.981303159077752,NA
"ENSMUSG00000101679",0,NA,NA,NA,NA,NA
"ENSMUSG00000101682",5.55332996026425,-1.25938869493052,1.08309682626783,-1.162766489927,0.24492425652507,NA
"ENSMUSG00000101684",0,NA,NA,NA,NA,NA
"ENSMUSG00000101685",0.202811657455748,0,7.3561311249555,0,1,NA
"ENSMUSG00000101686",0.0470946572662909,-0.0274633662913022,7.33165524187251,-0.00374586166224151,0.997011241802246,NA
"ENSMUSG00000101687",0.204389994188445,1.14346069608511,7.35591592109386,0.155447765900384,0.876468330045962,NA
"ENSMUSG00000101688",0,NA,NA,NA,NA,NA
"ENSMUSG00000101689",0,NA,NA,NA,NA,NA
"ENSMUSG00000101690",0,NA,NA,NA,NA,NA
"ENSMUSG00000101691",0,NA,NA,NA,NA,NA
"ENSMUSG00000101699",0.0414066693320352,0,7.3561311249555,0,1,NA
"ENSMUSG00000101703",0.113691745820433,-0.228921140036275,7.3497962073088,-0.0311465969367465,0.975152628696863,NA
"ENSMUSG00000101704",0,NA,NA,NA,NA,NA
"ENSMUSG00000101707",0,NA,NA,NA,NA,NA
"ENSMUSG00000101708",0.405388924710089,-1.18646382996023,7.34694857018888,-0.161490694895354,0.87170693956764,NA
"ENSMUSG00000101709",0,NA,NA,NA,NA,NA
"ENSMUSG00000101710",0,NA,NA,NA,NA,NA
"ENSMUSG00000101712",0,NA,NA,NA,NA,NA
"ENSMUSG00000101715",0,NA,NA,NA,NA,NA
"ENSMUSG00000101717",0,NA,NA,NA,NA,NA
"ENSMUSG00000101718",0,NA,NA,NA,NA,NA
"ENSMUSG00000101721",0.0463864331927929,0,7.3561311249555,0,1,NA
"ENSMUSG00000101725",0,NA,NA,NA,NA,NA
"ENSMUSG00000101726",1.12291209461769,-0.378831880817131,3.36604382744713,-0.112545142082848,0.910391178871267,NA
"ENSMUSG00000101727",0,NA,NA,NA,NA,NA
"ENSMUSG00000101729",0.190388856764472,2.73542867331131,7.26124021439741,0.376716455115694,0.706384332873944,NA
"ENSMUSG00000101730",4.79816867030013,0.73192510886839,2.13227390377869,0.343260360487139,0.731402598877063,NA
"ENSMUSG00000101732",0,NA,NA,NA,NA,NA
"ENSMUSG00000101733",0,NA,NA,NA,NA,NA
"ENSMUSG00000101735",3.12389206039526,0.704136865499686,1.56249002313073,0.450650471411536,0.652241484282522,NA
"ENSMUSG00000101736",0.205295941877741,0,7.3561311249555,0,1,NA
"ENSMUSG00000101737",0,NA,NA,NA,NA,NA
"ENSMUSG00000101739",0.042751782884351,0,7.3561311249555,0,1,NA
"ENSMUSG00000101742",0,NA,NA,NA,NA,NA
"ENSMUSG00000101747",0,NA,NA,NA,NA,NA
"ENSMUSG00000101748",0,NA,NA,NA,NA,NA
"ENSMUSG00000101750",39.1199320310357,-0.0906489877348911,0.577515130808103,-0.156963831593552,0.875273352915338,NA
"ENSMUSG00000101751",0,NA,NA,NA,NA,NA
"ENSMUSG00000101752",0,NA,NA,NA,NA,NA
"ENSMUSG00000101754",0.209476779346406,-0.464703020388113,7.20535644110589,-0.0644941057651258,0.948576800260649,NA
"ENSMUSG00000101756",0.0414066693320352,0,7.3561311249555,0,1,NA
"ENSMUSG00000101757",0,NA,NA,NA,NA,NA
"ENSMUSG00000101759",0.0735989631655744,-0.230635475960783,7.34985287710796,-0.0313796044379508,0.974966806441327,NA
"ENSMUSG00000101760",0,NA,NA,NA,NA,NA
"ENSMUSG00000101763",0,NA,NA,NA,NA,NA
"ENSMUSG00000101765",0,NA,NA,NA,NA,NA
"ENSMUSG00000101766",0,NA,NA,NA,NA,NA
"ENSMUSG00000101769",0,NA,NA,NA,NA,NA
"ENSMUSG00000101772",0,NA,NA,NA,NA,NA
"ENSMUSG00000101777",0.08873512266335,0,7.3561311249555,0,1,NA
"ENSMUSG00000101780",0.0380762098104571,-1.67431590235222,7.3501929692546,-0.227792101425878,0.819807867435575,NA
"ENSMUSG00000101783",0,NA,NA,NA,NA,NA
"ENSMUSG00000101784",0.0880921487823864,0,7.3561311249555,0,1,NA
"ENSMUSG00000101786",0,NA,NA,NA,NA,NA
"ENSMUSG00000101787",0,NA,NA,NA,NA,NA
"ENSMUSG00000101788",0,NA,NA,NA,NA,NA
"ENSMUSG00000101789",0.353385605030165,3.42710396932756,7.24266019094806,0.473183040343489,0.636082596387766,NA
"ENSMUSG00000101790",0,NA,NA,NA,NA,NA
"ENSMUSG00000101793",0,NA,NA,NA,NA,NA
"ENSMUSG00000101795",5.19135889792842,-0.697112379371833,1.00322322202731,-0.694872650538442,0.487135113679655,NA
"ENSMUSG00000101798",4.39141798548976,0.798636720856855,1.0616998412719,0.752224583456755,0.451916012231788,NA
"ENSMUSG00000101800",1.5045592638961,-6.03956846976288,7.22053280211244,-0.836443602610038,0.402905391724039,NA
"ENSMUSG00000101803",0.0409190281194281,0,7.3561311249555,0,1,NA
"ENSMUSG00000101805",0,NA,NA,NA,NA,NA
"ENSMUSG00000101806",0,NA,NA,NA,NA,NA
"ENSMUSG00000101807",1.04666097366033,-1.79931888756159,3.09851171127821,-0.580704239720086,0.561439803795505,NA
"ENSMUSG00000101813",1.35983632738478,3.43702425513299,2.88437845199729,1.19159961576922,0.233418275749084,NA
"ENSMUSG00000101814",0.379532245796479,-1.63314401898889,7.34914882999759,-0.222222199708728,0.82414091326695,NA
"ENSMUSG00000101816",0,NA,NA,NA,NA,NA
"ENSMUSG00000101817",0.0380762098104571,-1.67431590235222,7.3501929692546,-0.227792101425878,0.819807867435575,NA
"ENSMUSG00000101818",0,NA,NA,NA,NA,NA
"ENSMUSG00000101819",0,NA,NA,NA,NA,NA
"ENSMUSG00000101821",0,NA,NA,NA,NA,NA
"ENSMUSG00000101822",0.116665009180357,-2.55207863954511,7.29478648437276,-0.349849669351158,0.726451520866096,NA
"ENSMUSG00000101824",0.0761524196209141,-2.55627499047924,7.29465809108018,-0.350431090609309,0.726015196884991,NA
"ENSMUSG00000101825",0,NA,NA,NA,NA,NA
"ENSMUSG00000101826",0.0400922426516566,0,7.3561311249555,0,1,NA
"ENSMUSG00000101827",0.214379705003937,-1.88567483867558,7.34124635014556,-0.256860313458653,0.797286608151461,NA
"ENSMUSG00000101829",0,NA,NA,NA,NA,NA
"ENSMUSG00000101830",0,NA,NA,NA,NA,NA
"ENSMUSG00000101831",0,NA,NA,NA,NA,NA
"ENSMUSG00000101833",0,NA,NA,NA,NA,NA
"ENSMUSG00000101834",0.705154241459215,0,7.3561311249555,0,1,NA
"ENSMUSG00000101835",0,NA,NA,NA,NA,NA
"ENSMUSG00000101836",0,NA,NA,NA,NA,NA
"ENSMUSG00000101837",0,NA,NA,NA,NA,NA
"ENSMUSG00000101838",0.162078183571957,-1.66620112308789,7.34998727724807,-0.226694422757116,0.82066136422238,NA
"ENSMUSG00000101839",0,NA,NA,NA,NA,NA
"ENSMUSG00000101841",0.471847580643088,0,7.3561311249555,0,1,NA
"ENSMUSG00000101842",0,NA,NA,NA,NA,NA
"ENSMUSG00000101844",0,NA,NA,NA,NA,NA
"ENSMUSG00000101846",0.035583895638899,0,7.3561311249555,0,1,NA
"ENSMUSG00000101847",0,NA,NA,NA,NA,NA
"ENSMUSG00000101850",0,NA,NA,NA,NA,NA
"ENSMUSG00000101851",0,NA,NA,NA,NA,NA
"ENSMUSG00000101852",0,NA,NA,NA,NA,NA
"ENSMUSG00000101853",0,NA,NA,NA,NA,NA
"ENSMUSG00000101855",0.620968252295827,2.50412756014419,7.25926371372464,0.344956135897059,0.730127347390285,NA
"ENSMUSG00000101857",0,NA,NA,NA,NA,NA
"ENSMUSG00000101858",0,NA,NA,NA,NA,NA
"ENSMUSG00000101860",0.159371114157198,-1.73449980222522,7.35171768858644,-0.23593123072694,0.813486033610628,NA
"ENSMUSG00000101862",0.153953493511848,-1.10848731708666,7.29501758479962,-0.151951287875765,0.879225356041428,NA
"ENSMUSG00000101863",0,NA,NA,NA,NA,NA
"ENSMUSG00000101864",0,NA,NA,NA,NA,NA
"ENSMUSG00000101865",1.03162748493265,0,4.06885341350441,0,1,NA
"ENSMUSG00000101868",0.0463864331927929,0,7.3561311249555,0,1,NA
"ENSMUSG00000101870",0,NA,NA,NA,NA,NA
"ENSMUSG00000101871",0,NA,NA,NA,NA,NA
"ENSMUSG00000101873",0,NA,NA,NA,NA,NA
"ENSMUSG00000101874",0.427358574331542,-1.60836152563946,6.66514745844524,-0.241309218688259,0.809315466499739,NA
"ENSMUSG00000101875",2.683431746528,-0.405293516874679,1.42422568342891,-0.284571133346585,0.775972729459676,NA
"ENSMUSG00000101877",0.123700440269084,1.15061575880691,7.35609828466288,0.156416583123405,0.875704666614445,NA
"ENSMUSG00000101878",0.805155182351972,0,7.3561311249555,0,1,NA
"ENSMUSG00000101881",0,NA,NA,NA,NA,NA
"ENSMUSG00000101882",0,NA,NA,NA,NA,NA
"ENSMUSG00000101883",0,NA,NA,NA,NA,NA
"ENSMUSG00000101884",0,NA,NA,NA,NA,NA
"ENSMUSG00000101887",0,NA,NA,NA,NA,NA
"ENSMUSG00000101890",0.116707202632422,-2.55376197851658,7.29473493877802,-0.350082902250644,0.726276482012872,NA
"ENSMUSG00000101892",423.924445349339,-0.381514092278333,0.267110913161707,-1.42829840893609,0.153205985613145,0.336916833767728
"ENSMUSG00000101896",0.118498577110952,0,7.3561311249555,0,1,NA
"ENSMUSG00000101898",0,NA,NA,NA,NA,NA
"ENSMUSG00000101900",0.0352597853922182,1.155567702399,7.3559553626321,0.157092810577567,0.875171703562209,NA
"ENSMUSG00000101901",0.0380762098104571,-1.67431590235222,7.3501929692546,-0.227792101425878,0.819807867435575,NA
"ENSMUSG00000101902",0,NA,NA,NA,NA,NA
"ENSMUSG00000101904",0.475786403147647,-0.759346584548565,7.11826079226794,-0.106675858992605,0.915046135034648,NA
"ENSMUSG00000101906",65.1458635717366,0.203190224632237,1.06485212026294,0.190815438844282,0.848670192482268,NA
"ENSMUSG00000101908",0,NA,NA,NA,NA,NA
"ENSMUSG00000101909",0.171106677872612,0,7.3561311249555,0,1,NA
"ENSMUSG00000101911",0.211362083050333,-1.52753193141401,7.27616511759083,-0.209936402861592,0.833717309899942,NA
"ENSMUSG00000101914",0,NA,NA,NA,NA,NA
"ENSMUSG00000101915",0,NA,NA,NA,NA,NA
"ENSMUSG00000101916",0.753242418034938,0.892817383760753,5.74271459480555,0.155469572624823,0.876451139779313,NA
"ENSMUSG00000101917",0,NA,NA,NA,NA,NA
"ENSMUSG00000101918",0.235203312897252,0.39485947675672,7.3272379517741,0.0538892662358692,0.957023388543111,NA
"ENSMUSG00000101921",0.0406180793754555,0,7.3561311249555,0,1,NA
"ENSMUSG00000101923",0.0862520684850912,0,7.3561311249555,0,1,NA
"ENSMUSG00000101927",0,NA,NA,NA,NA,NA
"ENSMUSG00000101928",0,NA,NA,NA,NA,NA
"ENSMUSG00000101932",3.67646931713449,-4.4926843891386,7.23466274704775,-0.620994308403931,0.534603368024482,NA
"ENSMUSG00000101933",0,NA,NA,NA,NA,NA
"ENSMUSG00000101934",0.759751260954122,1.12918949781245,3.4926588140474,0.323303694386313,0.746465256400688,NA
"ENSMUSG00000101935",0.60926292656718,0,7.3561311249555,0,1,NA
"ENSMUSG00000101936",0.0355187493373064,1.16171280725677,7.35565536667627,0.157934643392857,0.874508299155349,NA
"ENSMUSG00000101937",0.502343958182233,-1.66959453600673,4.92070582073522,-0.339299807147843,0.734383887914066,NA
"ENSMUSG00000101938",0.0474375977968173,0,7.3561311249555,0,1,NA
"ENSMUSG00000101939",1.56346475478153,-6.90740893444565,7.21729826957655,-0.95706297238162,0.338535471412003,NA
"ENSMUSG00000101940",0.113077877265884,2.15042096609297,7.28535592403175,0.295170337388666,0.76786376035432,NA
"ENSMUSG00000101944",0.157683234828487,1.15691196965574,7.35588963734518,0.157276961277696,0.875026576514973,NA
"ENSMUSG00000101945",0.124600221157602,0,7.3561311249555,0,1,NA
"ENSMUSG00000101947",0,NA,NA,NA,NA,NA
"ENSMUSG00000101948",0.231162281984049,-3.55268621614035,7.25420533420968,-0.489741612273704,0.624316751955915,NA
"ENSMUSG00000101949",0.160357427175884,0.543965631289644,7.27034895159325,0.0748197417911334,0.940358134164548,NA
"ENSMUSG00000101950",0,NA,NA,NA,NA,NA
"ENSMUSG00000101953",0.0900471188736782,0,7.3561311249555,0,1,NA
"ENSMUSG00000101955",0.0380762098104571,-1.67431590235222,7.3501929692546,-0.227792101425878,0.819807867435575,NA
"ENSMUSG00000101956",0,NA,NA,NA,NA,NA
"ENSMUSG00000101957",0,NA,NA,NA,NA,NA
"ENSMUSG00000101958",1.99664453996339,-2.25583965359134,1.95231874550218,-1.15546688202857,0.247899287046968,NA
"ENSMUSG00000101959",1.19963346065095,-0.0471664625357239,2.29174841034679,-0.0205809949830342,0.98357990106227,NA
"ENSMUSG00000101963",0.374034019807652,-1.32735572958141,7.23606732424869,-0.183436066872033,0.854455878681156,NA
"ENSMUSG00000101964",4.55787384776682,1.89414127305821,1.84166051885376,1.02849643225078,0.303716368223862,NA
"ENSMUSG00000101972",72.4428533093323,0.288272297114471,0.741642541228038,0.388694392634409,0.697502230864923,0.83543069818245
"ENSMUSG00000101973",0.336716247669296,0,7.3561311249555,0,1,NA
"ENSMUSG00000101974",0,NA,NA,NA,NA,NA
"ENSMUSG00000101975",0.0444816915190641,0,7.3561311249555,0,1,NA
"ENSMUSG00000101977",0,NA,NA,NA,NA,NA
"ENSMUSG00000101980",0,NA,NA,NA,NA,NA
"ENSMUSG00000101982",0,NA,NA,NA,NA,NA
"ENSMUSG00000101983",0,NA,NA,NA,NA,NA
"ENSMUSG00000101985",0.58504486573828,-1.29046922900759,3.78092617105508,-0.341310348476727,0.732869958201264,NA
"ENSMUSG00000101986",0.658334771005054,3.73836896982062,5.79774378994486,0.644797201336173,0.519058615819482,NA
"ENSMUSG00000101987",0,NA,NA,NA,NA,NA
"ENSMUSG00000101988",0,NA,NA,NA,NA,NA
"ENSMUSG00000101990",0,NA,NA,NA,NA,NA
"ENSMUSG00000101991",0,NA,NA,NA,NA,NA
"ENSMUSG00000101992",0,NA,NA,NA,NA,NA
"ENSMUSG00000101994",0.125709594711373,0,7.3561311249555,0,1,NA
"ENSMUSG00000101996",0.0355187493373064,1.16171280725677,7.35565536667627,0.157934643392857,0.874508299155349,NA
"ENSMUSG00000101998",0,NA,NA,NA,NA,NA
"ENSMUSG00000102001",0,NA,NA,NA,NA,NA
"ENSMUSG00000102002",0,NA,NA,NA,NA,NA
"ENSMUSG00000102003",0.0406180793754555,0,7.3561311249555,0,1,NA
"ENSMUSG00000102006",0,NA,NA,NA,NA,NA
"ENSMUSG00000102008",0,NA,NA,NA,NA,NA
"ENSMUSG00000102010",0,NA,NA,NA,NA,NA
"ENSMUSG00000102015",0,NA,NA,NA,NA,NA
"ENSMUSG00000102017",0.152286263766993,2.16053168387022,7.28485419419723,0.296578576080657,0.766788269147478,NA
"ENSMUSG00000102018",1.40661499328256,1.61144779281782,2.76348027836799,0.583122595602338,0.559810773714892,NA
"ENSMUSG00000102019",0,NA,NA,NA,NA,NA
"ENSMUSG00000102023",0.040691365832665,0,7.3561311249555,0,1,NA
"ENSMUSG00000102025",0,NA,NA,NA,NA,NA
"ENSMUSG00000102028",0,NA,NA,NA,NA,NA
"ENSMUSG00000102030",0.570581798391416,-2.42704138803405,7.10926376652804,-0.341391382812534,0.732808961401246,NA
"ENSMUSG00000102032",0,NA,NA,NA,NA,NA
"ENSMUSG00000102033",0.044481691519064,0,7.3561311249555,0,1,NA
"ENSMUSG00000102035",0,NA,NA,NA,NA,NA
"ENSMUSG00000102036",0.15743471679239,1.47044093329961,7.30589654111434,0.201267691791776,0.840489263834341,NA
"ENSMUSG00000102037",16.5342119636407,-4.76793702804885,1.76467646074726,-2.70187602889531,0.00689494653834465,NA
"ENSMUSG00000102038",0.0419195223311899,0,7.3561311249555,0,1,NA
"ENSMUSG00000102039",0,NA,NA,NA,NA,NA
"ENSMUSG00000102041",0.0380762098104571,-1.67431590235222,7.3501929692546,-0.227792101425878,0.819807867435575,NA
"ENSMUSG00000102042",0.0815938204116798,0,7.3561311249555,0,1,NA
"ENSMUSG00000102043",0.044481691519064,0,7.3561311249555,0,1,NA
"ENSMUSG00000102044",0,NA,NA,NA,NA,NA
"ENSMUSG00000102045",0,NA,NA,NA,NA,NA
"ENSMUSG00000102047",0.575332483185288,0,7.3561311249555,0,1,NA
"ENSMUSG00000102048",6.97111561565822,-0.793679191467688,1.01977810939745,-0.778286162601236,0.436400331177475,NA
"ENSMUSG00000102050",0,NA,NA,NA,NA,NA
"ENSMUSG00000102051",1541.08330590227,2.41721270485649,1.49268779003873,1.61936924853775,0.105367839225553,0.266315799218765
"ENSMUSG00000102053",0,NA,NA,NA,NA,NA
"ENSMUSG00000102056",0,NA,NA,NA,NA,NA
"ENSMUSG00000102059",145.189186955237,-0.42493523932244,0.288074571662519,-1.47508763744776,0.140188983668698,0.318340588665057
"ENSMUSG00000102065",0,NA,NA,NA,NA,NA
"ENSMUSG00000102068",0.119406350613992,-1.67230865825042,7.35014208619559,-0.22752058921299,0.820018961124873,NA
"ENSMUSG00000102070",21.9595389413897,-21.0896809218477,3.8632983412036,-5.45898324675523,4.78868938328162e-08,NA
"ENSMUSG00000102071",0,NA,NA,NA,NA,NA
"ENSMUSG00000102072",0.0352597853922181,1.155567702399,7.35595536263211,0.157092810577567,0.875171703562209,NA
"ENSMUSG00000102073",0.0355187493373064,1.16171280725677,7.35565536667627,0.157934643392857,0.874508299155349,NA
"ENSMUSG00000102075",0.375539474732271,0,7.3561311249555,0,1,NA
"ENSMUSG00000102076",0.2081678101616,-1.62821422987812,7.3490249555041,-0.221555136870049,0.824660210068442,NA
"ENSMUSG00000102077",0,NA,NA,NA,NA,NA
"ENSMUSG00000102079",0,NA,NA,NA,NA,NA
"ENSMUSG00000102083",4.01397606815346,-0.908374025313089,1.24832971395309,-0.727671555967805,0.466814666251536,NA
"ENSMUSG00000102087",0,NA,NA,NA,NA,NA
"ENSMUSG00000102088",0.93651235514934,1.1135903967696,7.10355733132396,0.156765173395461,0.875429921031152,NA
"ENSMUSG00000102090",0.657987074707292,1.15041261816357,3.92404997058023,0.293169716692846,0.769392430196286,NA
"ENSMUSG00000102091",1.04456748083568,-2.57436850480642,3.89614593102415,-0.660747454120569,0.508774285736674,NA
"ENSMUSG00000102092",0,NA,NA,NA,NA,NA
"ENSMUSG00000102093",1.19502097825168,-0.199756998441621,2.11623060933695,-0.0943928310838524,0.924797110346341,NA
"ENSMUSG00000102100",0.0427517828843511,0,7.3561311249555,0,1,NA
"ENSMUSG00000102102",0.0425919574685933,0,7.3561311249555,0,1,NA
"ENSMUSG00000102103",0,NA,NA,NA,NA,NA
"ENSMUSG00000102105",0,NA,NA,NA,NA,NA
"ENSMUSG00000102107",0,NA,NA,NA,NA,NA
"ENSMUSG00000102108",0,NA,NA,NA,NA,NA
"ENSMUSG00000102109",0,NA,NA,NA,NA,NA
"ENSMUSG00000102113",0.088127105839562,0,7.3561311249555,0,1,NA
"ENSMUSG00000102115",0.327209729223864,2.11245618781634,7.28629556442632,0.289921836019105,0.771876036003111,NA
"ENSMUSG00000102117",18.0195079505718,-0.042130263182776,0.571585703226746,-0.0737076923809326,0.941242977806582,NA
"ENSMUSG00000102118",0,NA,NA,NA,NA,NA
"ENSMUSG00000102120",0,NA,NA,NA,NA,NA
"ENSMUSG00000102122",0,NA,NA,NA,NA,NA
"ENSMUSG00000102126",0.0406180793754555,0,7.3561311249555,0,1,NA
"ENSMUSG00000102128",0.0787003780422382,-1.67217773794499,7.35013876751078,-0.227502879991379,0.82003273003762,NA
"ENSMUSG00000102129",0.633153027409191,5.04432962865422,7.22458069822652,0.698217632186251,0.485041101251674,NA
"ENSMUSG00000102131",0,NA,NA,NA,NA,NA
"ENSMUSG00000102132",0,NA,NA,NA,NA,NA
"ENSMUSG00000102135",22.9839644120271,-0.381670431457716,0.55734880994918,-0.684796351305599,0.493472438116971,NA
"ENSMUSG00000102137",25.0788241709936,0.272181903041837,0.567386704102914,0.479711457941511,0.631432579413716,NA
"ENSMUSG00000102141",0,NA,NA,NA,NA,NA
"ENSMUSG00000102149",0.081012070078163,-1.62478446823089,7.34893810976992,-0.221091053423194,0.825021536235769,NA
"ENSMUSG00000102159",0,NA,NA,NA,NA,NA
"ENSMUSG00000102162",5.45987626528852,-0.423445756125447,1.00173059148705,-0.422714210511283,0.672503786293236,NA
"ENSMUSG00000102167",0.0938184630404407,0,7.3561311249555,0,1,NA
"ENSMUSG00000102169",0.118487331705299,1.15076558910284,7.35610112764936,0.156436890838471,0.875688660435181,NA
"ENSMUSG00000102170",0,NA,NA,NA,NA,NA
"ENSMUSG00000102174",0,NA,NA,NA,NA,NA
"ENSMUSG00000102175",0.826311041562623,-0.387900186527684,5.119015276052,-0.0757763291589254,0.939597048562188,NA
"ENSMUSG00000102182",0.0761999949818095,1.14806463402133,7.35603331335924,0.156071157526752,0.875976932698749,NA
"ENSMUSG00000102185",0.111655754675962,0,7.3561311249555,0,1,NA
"ENSMUSG00000102186",1.52282935486801,1.12798095904786,2.60789205642702,0.432525938436757,0.665359204324724,NA
"ENSMUSG00000102187",0.220441171085543,0,7.3561311249555,0,1,NA
"ENSMUSG00000102193",15.2502818936756,-0.174770994494981,0.65199486768053,-0.268055782581124,0.788656381007698,NA
"ENSMUSG00000102206",0.323142701956956,-0.419867293684848,7.22037334180325,-0.0581503578567017,0.953628862455469,NA
"ENSMUSG00000102208",0,NA,NA,NA,NA,NA
"ENSMUSG00000102213",0,NA,NA,NA,NA,NA
"ENSMUSG00000102214",0,NA,NA,NA,NA,NA
"ENSMUSG00000102216",0.0784173281625515,0,7.3561311249555,0,1,NA
"ENSMUSG00000102218",6.72249681908783,0.568650336164431,1.09162797612269,0.520919533579742,0.602422827250088,NA
"ENSMUSG00000102219",0.439717052278234,2.73518208183444,7.26124424505984,0.376682286055218,0.706409728526739,NA
"ENSMUSG00000102220",1.89076153448033,-1.4648007948073,1.64989958208827,-0.887812089117151,0.374641838955049,NA
"ENSMUSG00000102221",0.0400922426516566,0,7.3561311249555,0,1,NA
"ENSMUSG00000102222",0.396462812690842,1.16136502235815,7.35566903041448,0.157887068811294,0.874545787847538,NA
"ENSMUSG00000102223",0.0381979668618393,0,7.3561311249555,0,1,NA
"ENSMUSG00000102230",0,NA,NA,NA,NA,NA
"ENSMUSG00000102232",1.38869594860142,-0.86140101416702,2.41327211438926,-0.356943176457753,0.721134345743289,NA
"ENSMUSG00000102242",0,NA,NA,NA,NA,NA
"ENSMUSG00000102245",0.315431376415427,1.14239550506485,7.35588672175005,0.155303574983964,0.87658199738194,NA
"ENSMUSG00000102247",0.0355187493373064,1.16171280725677,7.35565536667627,0.157934643392857,0.874508299155349,NA
"ENSMUSG00000102248",0,NA,NA,NA,NA,NA
"ENSMUSG00000102252",72.780855648052,-0.850595492207812,0.688747327423604,-1.23498917286494,0.216834533704174,0.418063071126539
"ENSMUSG00000102254",1.82966018865301,1.7546258103858,2.93197208740789,0.598445605236657,0.549542643459405,NA
"ENSMUSG00000102255",0,NA,NA,NA,NA,NA
"ENSMUSG00000102261",0.0763959337236785,0,7.3561311249555,0,1,NA
"ENSMUSG00000102262",0,NA,NA,NA,NA,NA
"ENSMUSG00000102264",0,NA,NA,NA,NA,NA
"ENSMUSG00000102265",0,NA,NA,NA,NA,NA
"ENSMUSG00000102268",0.0888804162019462,0,7.3561311249555,0,1,NA
"ENSMUSG00000102269",0.123616106332476,1.1577465223139,7.35584886175916,0.157391287405682,0.874936479523825,NA
"ENSMUSG00000102270",0,NA,NA,NA,NA,NA
"ENSMUSG00000102272",0.26648010446393,-2.42942184511022,7.24576903809033,-0.335288336177841,0.737407591422151,NA
"ENSMUSG00000102274",0.167398726861265,0,7.3561311249555,0,1,NA
"ENSMUSG00000102281",0.0917778009766329,0,7.35613112495549,0,1,NA
"ENSMUSG00000102283",0.122985725250126,0,7.3561311249555,0,1,NA
"ENSMUSG00000102285",0,NA,NA,NA,NA,NA
"ENSMUSG00000102288",0,NA,NA,NA,NA,NA
"ENSMUSG00000102290",0,NA,NA,NA,NA,NA
"ENSMUSG00000102295",0.496032393206881,3.91338471197726,6.19238319366234,0.631967465447303,0.527408136846212,NA
"ENSMUSG00000102298",0.0764762168378879,0,7.3561311249555,0,1,NA
"ENSMUSG00000102301",0.0948751955936346,0,7.3561311249555,0,1,NA
"ENSMUSG00000102304",0,NA,NA,NA,NA,NA
"ENSMUSG00000102308",0,NA,NA,NA,NA,NA
"ENSMUSG00000102311",0.0786990798208444,-1.67262142280721,7.35015001453596,-0.227562895927208,0.819986067896009,NA
"ENSMUSG00000102312",0.155063489377505,0,7.3561311249555,0,1,NA
"ENSMUSG00000102313",0.0463864331927929,0,7.3561311249555,0,1,NA
"ENSMUSG00000102315",0.035583895638899,0,7.3561311249555,0,1,NA
"ENSMUSG00000102318",0,NA,NA,NA,NA,NA
"ENSMUSG00000102320",0,NA,NA,NA,NA,NA
"ENSMUSG00000102327",1.33582862517375,-1.21413562397837,2.55223618134004,-0.475714447140582,0.634277826983558,NA
"ENSMUSG00000102328",0,NA,NA,NA,NA,NA
"ENSMUSG00000102334",0.116886647675361,1.15786384498779,7.35584313121152,0.157407359609787,0.87492381363196,NA
"ENSMUSG00000102337",0.13669932028139,0,7.3561311249555,0,1,NA
"ENSMUSG00000102339",0,NA,NA,NA,NA,NA
"ENSMUSG00000102341",0.0463864331927929,0,7.3561311249555,0,1,NA
"ENSMUSG00000102342",0.0425774740632087,0,7.3561311249555,0,1,NA
"ENSMUSG00000102345",0.338769747030942,-1.90428597027345,7.34051541861297,-0.259421288789183,0.79531020573606,NA
"ENSMUSG00000102347",0,NA,NA,NA,NA,NA
"ENSMUSG00000102354",0,NA,NA,NA,NA,NA
"ENSMUSG00000102358",0,NA,NA,NA,NA,NA
"ENSMUSG00000102364",0.189750391187269,0,7.3561311249555,0,1,NA
"ENSMUSG00000102366",0,NA,NA,NA,NA,NA
"ENSMUSG00000102371",0,NA,NA,NA,NA,NA
"ENSMUSG00000102381",0.759545709384563,2.20710462086149,6.40873946839635,0.344389818270109,0.730553144942671,NA
"ENSMUSG00000102387",0,NA,NA,NA,NA,NA
"ENSMUSG00000102388",0.105779356176654,2.73700805459944,7.26138740136681,0.37692632320984,0.70622835866343,NA
"ENSMUSG00000102390",0.0352597853922182,1.155567702399,7.3559553626321,0.157092810577567,0.875171703562209,NA
"ENSMUSG00000102393",0.0425774740632087,0,7.3561311249555,0,1,NA
"ENSMUSG00000102394",0.0352597853922181,1.155567702399,7.35595536263211,0.157092810577567,0.875171703562209,NA
"ENSMUSG00000102399",1.59742886560824,0,3.40499947044723,0,1,NA
"ENSMUSG00000102402",0,NA,NA,NA,NA,NA
"ENSMUSG00000102409",0.117248710832674,0,7.3561311249555,0,1,NA
"ENSMUSG00000102416",3.19143839122142,-0.619950260502764,1.68112948057527,-0.368770084437887,0.71229910466449,NA
"ENSMUSG00000102418",7.15020392490548,-1.69955141047343,2.40535218657083,-0.706570713412399,0.479833294139729,NA
"ENSMUSG00000102421",0,NA,NA,NA,NA,NA
"ENSMUSG00000102422",0,NA,NA,NA,NA,NA
"ENSMUSG00000102428",13.6570727214433,0.800354389305037,0.92961728740241,0.860950414919061,0.389265353244005,NA
"ENSMUSG00000102430",0.373721402896434,1.09753744670216,7.2473180376294,0.151440497160956,0.879628245714783,NA
"ENSMUSG00000102433",0.0406180793754555,0,7.3561311249555,0,1,NA
"ENSMUSG00000102438",0,NA,NA,NA,NA,NA
"ENSMUSG00000102439",3.2011965126171,2.77228352391583,2.55323459665474,1.08579271467968,0.277570710314153,NA
"ENSMUSG00000102440",0.440046125551526,0,7.3561311249555,0,1,NA
"ENSMUSG00000102442",0.160967363564727,-1.65979408860947,7.3498249013707,-0.225827704861367,0.821335428266422,NA
"ENSMUSG00000102443",135.615832807429,0.156432888865626,0.643930805486192,0.242934314576724,0.808056282500953,0.903688128781776
"ENSMUSG00000102445",0,NA,NA,NA,NA,NA
"ENSMUSG00000102446",0.210327246041409,1.13955164484143,7.35581629921379,0.154918447999201,0.876885609827766,NA
"ENSMUSG00000102447",0.820715016720976,-1.39083207243971,3.64798315699119,-0.381260552087322,0.703009921877872,NA
"ENSMUSG00000102453",0.0834342210135211,0,7.35613112495549,0,1,NA
"ENSMUSG00000102462",0,NA,NA,NA,NA,NA
"ENSMUSG00000102463",0.216349254882597,0,7.3561311249555,0,1,NA
"ENSMUSG00000102471",3.63293059987825,0.507896381183656,1.25997719246397,0.403099662614074,0.686874908797787,NA
"ENSMUSG00000102475",0.301566623760543,0,7.3561311249555,0,1,NA
"ENSMUSG00000102478",17.4862656319189,-0.0129033796731857,0.732503088377748,-0.017615461119437,0.98594562240117,NA
"ENSMUSG00000102479",0.0381979668618393,0,7.3561311249555,0,1,NA
"ENSMUSG00000102483",0.394026146725429,1.77046751140077,7.24310146106847,0.24443500079586,0.806893937013279,NA
"ENSMUSG00000102485",0.0355187493373065,1.16171280725677,7.35565536667627,0.157934643392857,0.874508299155349,NA
"ENSMUSG00000102486",0,NA,NA,NA,NA,NA
"ENSMUSG00000102487",0,NA,NA,NA,NA,NA
"ENSMUSG00000102489",0,NA,NA,NA,NA,NA
"ENSMUSG00000102490",0.895479781265814,-0.490576911845679,3.73720767189387,-0.131268303748578,0.895563064734802,NA
"ENSMUSG00000102493",0.26357264670992,1.77102375486841,7.243064775914,0.244513035525756,0.80683350742501,NA
"ENSMUSG00000102497",0,NA,NA,NA,NA,NA
"ENSMUSG00000102499",0,NA,NA,NA,NA,NA
"ENSMUSG00000102502",0,NA,NA,NA,NA,NA
"ENSMUSG00000102506",0,NA,NA,NA,NA,NA
"ENSMUSG00000102507",0,NA,NA,NA,NA,NA
"ENSMUSG00000102510",0,NA,NA,NA,NA,NA
"ENSMUSG00000102511",0.266533468673199,-4.35791971221274,7.23673332128171,-0.60219432148992,0.547044795131269,NA
"ENSMUSG00000102512",0,NA,NA,NA,NA,NA
"ENSMUSG00000102513",0,NA,NA,NA,NA,NA
"ENSMUSG00000102514",0.160158040100658,-1.67430750891169,7.35019184440793,-0.227790994351462,0.819808728130665,NA
"ENSMUSG00000102515",0.035583895638899,0,7.3561311249555,0,1,NA
"ENSMUSG00000102524",81.1296861527266,1.13261922671019,7.35537061596942,0.153985337496269,0.877621296676179,0.943786609839429
"ENSMUSG00000102525",0,NA,NA,NA,NA,NA
"ENSMUSG00000102528",0,NA,NA,NA,NA,NA
"ENSMUSG00000102529",0,NA,NA,NA,NA,NA
"ENSMUSG00000102532",0,NA,NA,NA,NA,NA
"ENSMUSG00000102534",0,NA,NA,NA,NA,NA
"ENSMUSG00000102535",1.57045231109845,0,7.3561311249555,0,1,NA
"ENSMUSG00000102537",0.0355187493373065,1.16171280725677,7.35565536667627,0.157934643392857,0.874508299155349,NA
"ENSMUSG00000102541",0.0737822630891411,0,7.3561311249555,0,1,NA
"ENSMUSG00000102543",3.48786335195646,4.26195759606706,1.918280999473,2.22175875027586,0.0262996137877768,NA
"ENSMUSG00000102546",1.520880311853,-2.03209354352965,3.0457424979202,-0.6671915123873,0.504649811929146,NA
"ENSMUSG00000102550",1.34193571295902,-1.03369489302641,2.3356704332537,-0.442568813780131,0.658077646266363,NA
"ENSMUSG00000102552",0,NA,NA,NA,NA,NA
"ENSMUSG00000102554",0.573235410847675,-0.482432512935453,7.15964015705975,-0.0673822290439766,0.946277416200682,NA
"ENSMUSG00000102566",0,NA,NA,NA,NA,NA
"ENSMUSG00000102580",0,NA,NA,NA,NA,NA
"ENSMUSG00000102583",0,NA,NA,NA,NA,NA
"ENSMUSG00000102587",0,NA,NA,NA,NA,NA
"ENSMUSG00000102589",0,NA,NA,NA,NA,NA
"ENSMUSG00000102596",0,NA,NA,NA,NA,NA
"ENSMUSG00000102601",0.0406180793754555,0,7.3561311249555,0,1,NA
"ENSMUSG00000102603",0,NA,NA,NA,NA,NA
"ENSMUSG00000102606",0.954628942461162,2.34084263721079,4.61860455345117,0.506828980511362,0.612274820163033,NA
"ENSMUSG00000102609",0.0800942731390162,0,7.3561311249555,0,1,NA
"ENSMUSG00000102612",0.0710374986746129,2.16226366003379,7.28481246100722,0.296818026765623,0.766605441993722,NA
"ENSMUSG00000102613",0,NA,NA,NA,NA,NA
"ENSMUSG00000102616",0,NA,NA,NA,NA,NA
"ENSMUSG00000102622",0.120093771700459,-2.50274261606227,7.29632262845958,-0.343014247519734,0.731587741726835,NA
"ENSMUSG00000102626",1.18674954946327,0,3.96963286909993,0,1,NA
"ENSMUSG00000102627",1.17250785845404,-1.96283577322189,3.43535776527283,-0.571362841175876,0.567753712154777,NA
"ENSMUSG00000102637",0.36959919333148,-0.229096947943851,7.34979500055068,-0.0311705221610515,0.975133548394136,NA
"ENSMUSG00000102641",0.035583895638899,0,7.3561311249555,0,1,NA
"ENSMUSG00000102644",101.723570222382,0.132149328471161,0.352572187897908,0.374814954234072,0.707798091850085,0.840430527079651
"ENSMUSG00000102645",0,NA,NA,NA,NA,NA
"ENSMUSG00000102646",0.0406180793754555,0,7.3561311249555,0,1,NA
"ENSMUSG00000102648",1.01500463500156,-3.55386366304645,2.70606813957541,-1.31329422606634,0.189083823400844,NA
"ENSMUSG00000102654",0,NA,NA,NA,NA,NA
"ENSMUSG00000102655",0,NA,NA,NA,NA,NA
"ENSMUSG00000102656",0.0406180793754555,0,7.3561311249555,0,1,NA
"ENSMUSG00000102663",0,NA,NA,NA,NA,NA
"ENSMUSG00000102666",1.71988613718565,0.693595206519667,1.70353815865846,0.40714979174043,0.683897975078782,NA
"ENSMUSG00000102667",0.0488582735869228,-1.88445199085272,7.34129618423011,-0.256691998737325,0.797416548724726,NA
"ENSMUSG00000102668",0,NA,NA,NA,NA,NA
"ENSMUSG00000102678",0.0710374986746129,2.16226366003379,7.28481246100722,0.296818026765623,0.766605441993722,NA
"ENSMUSG00000102692",0.510448076532081,-2.42655992755136,7.24560645659097,-0.334900872975794,0.73769986355399,NA
"ENSMUSG00000102696",0,NA,NA,NA,NA,NA
"ENSMUSG00000102697",0.3993245004485,3.16024052954368,7.24916187165732,0.435945642474828,0.662876168585802,NA
"ENSMUSG00000102706",0,NA,NA,NA,NA,NA
"ENSMUSG00000102707",0,NA,NA,NA,NA,NA
"ENSMUSG00000102710",0.254134848218847,0,7.3561311249555,0,1,NA
"ENSMUSG00000102730",0,NA,NA,NA,NA,NA
"ENSMUSG00000102731",0.733436895881776,3.11737029355832,3.266196607935,0.954434367479557,0.33986381681833,NA
"ENSMUSG00000102735",0.373006355666962,1.14993568391973,7.35581184391693,0.156330220011093,0.875772737048941,NA
"ENSMUSG00000102739",0,NA,NA,NA,NA,NA
"ENSMUSG00000102741",0.206523752394522,1.13644449272541,7.35573696216858,0.154497706833493,0.87721731919375,NA
"ENSMUSG00000102742",0.081236158750911,0,7.3561311249555,0,1,NA
"ENSMUSG00000102746",36.5495366746763,-0.292087216338039,0.982624087522187,-0.297252245336846,0.766273937378482,NA
"ENSMUSG00000102748",0.270385978934383,0.893385251562693,7.27539477728436,0.122795432950535,0.902269090868124,NA
"ENSMUSG00000102752",1.04734512076782,-1.12942975500293,4.04883565618821,-0.278951740922533,0.780281860335384,NA
"ENSMUSG00000102754",0,NA,NA,NA,NA,NA
"ENSMUSG00000102757",0,NA,NA,NA,NA,NA
"ENSMUSG00000102758",1.92617746247854,0.104839455980544,1.79145348335161,0.0585220085002716,0.953332832287095,NA
"ENSMUSG00000102765",0.254599194176532,0,7.3561311249555,0,1,NA
"ENSMUSG00000102768",0.119625951360018,0,7.3561311249555,0,1,NA
"ENSMUSG00000102769",0.0710374986746129,2.16226366003379,7.28481246100722,0.296818026765623,0.766605441993722,NA
"ENSMUSG00000102773",0.0355187493373065,1.16171280725677,7.35565536667627,0.157934643392857,0.874508299155349,NA
"ENSMUSG00000102779",0.41516805872114,2.11046600049308,7.28608145960673,0.289657206304003,0.77207849779946,NA
"ENSMUSG00000102792",0,NA,NA,NA,NA,NA
"ENSMUSG00000102795",0,NA,NA,NA,NA,NA
"ENSMUSG00000102799",0.0414066693320352,0,7.3561311249555,0,1,NA
"ENSMUSG00000102802",0.337719319487149,0.662758863985115,7.2820905927523,0.0910121695883246,0.927482921257098,NA
"ENSMUSG00000102804",0,NA,NA,NA,NA,NA
"ENSMUSG00000102805",0.660836287379258,-3.45990836748053,6.00078858444155,-0.576575614820217,0.564226176069977,NA
"ENSMUSG00000102806",0,NA,NA,NA,NA,NA
"ENSMUSG00000102809",1.12139248572082,-2.03133337237319,2.71372641485862,-0.748540221759613,0.454134373640745,NA
"ENSMUSG00000102817",3.39614317211167,1.5903310254119,1.53636118197121,1.03512835658308,0.300608971325736,NA
"ENSMUSG00000102821",0.410787711946449,-1.63348899529268,7.34915853300285,-0.222268847237023,0.824104601855649,NA
"ENSMUSG00000102824",20.8505613210486,-2.52377721372775,7.0730075243238,-0.356818115214578,0.721227973820792,NA
"ENSMUSG00000102826",0,NA,NA,NA,NA,NA
"ENSMUSG00000102827",4.70195636682588,-0.129753799866739,1.96261675188057,-0.0661126527848137,0.947288137426166,NA
"ENSMUSG00000102832",0.0927728663855858,0,7.3561311249555,0,1,NA
"ENSMUSG00000102836",0,NA,NA,NA,NA,NA
"ENSMUSG00000102842",0,NA,NA,NA,NA,NA
"ENSMUSG00000102846",0,NA,NA,NA,NA,NA
"ENSMUSG00000102847",0,NA,NA,NA,NA,NA
"ENSMUSG00000102848",0.0434922688142794,0,7.3561311249555,0,1,NA
"ENSMUSG00000102849",0,NA,NA,NA,NA,NA
"ENSMUSG00000102851",0.116355784030664,0,7.3561311249555,0,1,NA
"ENSMUSG00000102853",0.349540435377881,-0.109398749752512,7.22366774829792,-0.0151444880307914,0.98791690870801,NA
"ENSMUSG00000102855",0,NA,NA,NA,NA,NA
"ENSMUSG00000102857",0.0380762098104571,-1.67431590235222,7.3501929692546,-0.227792101425878,0.819807867435575,NA
"ENSMUSG00000102859",0.332061918984836,2.14546183388168,7.07430793805496,0.303275154639588,0.76168017883929,NA
"ENSMUSG00000102866",0.602357849736189,-1.22880964557145,5.10332351116681,-0.240786154920933,0.809720860739706,NA
"ENSMUSG00000102870",0.117006880837968,1.15437773632309,7.35601359019183,0.156929799295407,0.875300174380746,NA
"ENSMUSG00000102878",0,NA,NA,NA,NA,NA
"ENSMUSG00000102884",0.0380762098104571,-1.67431590235222,7.3501929692546,-0.227792101425878,0.819807867435575,NA
"ENSMUSG00000102888",1.14996591598031,0,7.3561311249555,0,1,NA
"ENSMUSG00000102890",0.760167944703948,-1.27635386018866,3.14651397800288,-0.405640613425393,0.685006683084158,NA
"ENSMUSG00000102891",0.121854238126367,0,7.3561311249555,0,1,NA
"ENSMUSG00000102901",0.246437410345427,-1.65607731187678,7.34973071720061,-0.225324896325936,0.82172653314514,NA
"ENSMUSG00000102903",0.219775587632258,2.17239136784499,7.2850586821975,0.298198197518115,0.765551897421767,NA
"ENSMUSG00000102905",0.108987457691078,0.764367676069969,7.27903902882542,0.10500942130452,0.916368332934953,NA
"ENSMUSG00000102906",0,NA,NA,NA,NA,NA
"ENSMUSG00000102908",3.70517399100371,-1.41737694495325,1.51006529306655,-0.938619642118204,0.347926064353011,NA
"ENSMUSG00000102910",0.035583895638899,0,7.3561311249555,0,1,NA
"ENSMUSG00000102911",0,NA,NA,NA,NA,NA
"ENSMUSG00000102913",0,NA,NA,NA,NA,NA
"ENSMUSG00000102914",0.370583268716094,0,7.3561311249555,0,1,NA
"ENSMUSG00000102915",0.218526959220705,0,7.3561311249555,0,1,NA
"ENSMUSG00000102918",4.73046252208208,-0.979397724661709,1.65020923266986,-0.593499118337346,0.552847172847569,NA
"ENSMUSG00000102920",0.299429343180075,3.4563776414378,7.24213257696017,0.477259647584164,0.633177241543803,NA
"ENSMUSG00000102922",0.176386159175762,0,7.3561311249555,0,1,NA
"ENSMUSG00000102928",0.0406180793754555,0,7.3561311249555,0,1,NA
"ENSMUSG00000102932",0,NA,NA,NA,NA,NA
"ENSMUSG00000102933",0.119748429894696,0.544494933749166,7.26969797767119,0.0748992510310026,0.940294872475686,NA
"ENSMUSG00000102942",0,NA,NA,NA,NA,NA
"ENSMUSG00000102943",0.0783319907117727,0,7.3561311249555,0,1,NA
"ENSMUSG00000102948",0.0425774740632087,0,7.3561311249555,0,1,NA
"ENSMUSG00000102949",0,NA,NA,NA,NA,NA
"ENSMUSG00000102952",0.0782948991502898,1.1369908600879,7.35575100466782,0.154571689466702,0.877158990243727,NA
"ENSMUSG00000102955",30.5197174517503,-0.243808455287743,0.692658203550929,-0.351989558541071,0.724846093103849,NA
"ENSMUSG00000102957",0,NA,NA,NA,NA,NA
"ENSMUSG00000102962",0.0406180793754555,0,7.3561311249555,0,1,NA
"ENSMUSG00000102965",0,NA,NA,NA,NA,NA
"ENSMUSG00000102966",0.0407969102058399,0,7.3561311249555,0,1,NA
"ENSMUSG00000102972",1.7029767537959,0.193504384345733,2.83174225597724,0.0683340385013091,0.945519728640057,NA
"ENSMUSG00000102976",1353.73954268975,0.5451200768869,0.275701242889373,1.97721298306092,0.0480175606768585,0.164410664111793
"ENSMUSG00000102984",3.91865447712869,1.87766056205911,1.73694170640789,1.08101530128045,0.279690307280761,NA
"ENSMUSG00000102986",0.0380762098104571,-1.67431590235222,7.3501929692546,-0.227792101425878,0.819807867435575,NA
"ENSMUSG00000102988",0.688655460546155,-2.75383533623414,4.52501944211486,-0.608579779924013,0.542803010365455,NA
"ENSMUSG00000102991",0,NA,NA,NA,NA,NA
"ENSMUSG00000102993",0,NA,NA,NA,NA,NA
"ENSMUSG00000102998",0.0355187493373064,1.16171280725677,7.35565536667627,0.157934643392857,0.874508299155349,NA
"ENSMUSG00000103003",0,NA,NA,NA,NA,NA
"ENSMUSG00000103007",0,NA,NA,NA,NA,NA
"ENSMUSG00000103008",0,NA,NA,NA,NA,NA
"ENSMUSG00000103011",1.07177918359176,-1.78933292892861,2.87011232004194,-0.623436552093703,0.532997684342444,NA
"ENSMUSG00000103018",0,NA,NA,NA,NA,NA
"ENSMUSG00000103020",0.0801844853033132,0,7.3561311249555,0,1,NA
"ENSMUSG00000103021",0.151816956864357,1.15946256590129,7.35576180662695,0.157626442560539,0.874751165900019,NA
"ENSMUSG00000103023",0,NA,NA,NA,NA,NA
"ENSMUSG00000103027",0,NA,NA,NA,NA,NA
"ENSMUSG00000103028",0,NA,NA,NA,NA,NA
"ENSMUSG00000103031",0.278797404496435,1.13869720494683,7.35579352465289,0.154802768882853,0.876976808274217,NA
"ENSMUSG00000103033",0.124132048456028,-1.65761406623466,7.34976965802054,-0.225532791279488,0.821564818637026,NA
"ENSMUSG00000103034",16474.8366065586,-1.38407790076572,0.33606990187673,-4.11842266456043,3.81474545474844e-05,0.00459862912441321
"ENSMUSG00000103037",0.233498101051929,3.35385738012374,7.24694093742613,0.462796290059861,0.64351039072814,NA
"ENSMUSG00000103042",0.0417763919535808,0,7.3561311249555,0,1,NA
"ENSMUSG00000103045",12.2522833515775,-0.267156728066887,0.832552916747692,-0.320888585809675,0.748294824107514,NA
"ENSMUSG00000103051",0.755892221802505,-2.78635498255721,5.08456657660878,-0.548002458139826,0.583690214975685,NA
"ENSMUSG00000103058",0,NA,NA,NA,NA,NA
"ENSMUSG00000103059",4.02266352674137,-0.587970094068112,1.43608873384905,-0.409424626911608,0.682228069905121,NA
"ENSMUSG00000103063",0,NA,NA,NA,NA,NA
"ENSMUSG00000103064",0,NA,NA,NA,NA,NA
"ENSMUSG00000103073",0.0406180793754555,0,7.3561311249555,0,1,NA
"ENSMUSG00000103074",0,NA,NA,NA,NA,NA
"ENSMUSG00000103078",0,NA,NA,NA,NA,NA
"ENSMUSG00000103081",0.200743106811116,-3.13656126343102,7.26778862582303,-0.431570237511664,0.666053793714912,NA
"ENSMUSG00000103084",0,NA,NA,NA,NA,NA
"ENSMUSG00000103086",0,NA,NA,NA,NA,NA
"ENSMUSG00000103088",0.929905847780168,0.468228163482745,7.19913241416799,0.0650395265075644,0.948142529259399,NA
"ENSMUSG00000103090",0.162472317501822,0,7.3561311249555,0,1,NA
"ENSMUSG00000103092",0.0381979668618393,0,7.3561311249555,0,1,NA
"ENSMUSG00000103095",0,NA,NA,NA,NA,NA
"ENSMUSG00000103096",0.0410826440564989,0,7.3561311249555,0,1,NA
"ENSMUSG00000103098",0.0381979668618393,0,7.3561311249555,0,1,NA
"ENSMUSG00000103099",0.0380762098104571,-1.67431590235222,7.3501929692546,-0.227792101425878,0.819807867435575,NA
"ENSMUSG00000103105",40.0839406854574,0.0174069569234408,0.617470881471253,0.0281907332730656,0.97751002806532,NA
"ENSMUSG00000103110",0,NA,NA,NA,NA,NA
"ENSMUSG00000103111",0.0355187493373064,1.16171280725677,7.35565536667627,0.157934643392857,0.874508299155349,NA
"ENSMUSG00000103112",0,NA,NA,NA,NA,NA
"ENSMUSG00000103113",0,NA,NA,NA,NA,NA
"ENSMUSG00000103120",0.341664460548326,0,7.3561311249555,0,1,NA
"ENSMUSG00000103121",0,NA,NA,NA,NA,NA
"ENSMUSG00000103124",0,NA,NA,NA,NA,NA
"ENSMUSG00000103125",0,NA,NA,NA,NA,NA
"ENSMUSG00000103137",0.7061971665703,0,6.75530887687283,0,1,NA
"ENSMUSG00000103144",0.780149876352939,1.91142458559463,7.16883199631548,0.26662984801109,0.789754171938244,NA
"ENSMUSG00000103147",0,NA,NA,NA,NA,NA
"ENSMUSG00000103150",0.0380762098104571,-1.67431590235222,7.3501929692546,-0.227792101425878,0.819807867435575,NA
"ENSMUSG00000103152",0,NA,NA,NA,NA,NA
"ENSMUSG00000103153",0,NA,NA,NA,NA,NA
"ENSMUSG00000103154",0.0355187493373065,1.16171280725677,7.35565536667627,0.157934643392857,0.874508299155349,NA
"ENSMUSG00000103155",0.17131899664194,-1.88316051652724,7.34134727418647,-0.256514294474091,0.797553744206731,NA
"ENSMUSG00000103157",0.0355187493373064,1.16171280725677,7.35565536667627,0.157934643392857,0.874508299155349,NA
"ENSMUSG00000103167",0.0488582735869228,-1.88445199085273,7.34129618423011,-0.256691998737325,0.797416548724726,NA
"ENSMUSG00000103177",0,NA,NA,NA,NA,NA
"ENSMUSG00000103178",0,NA,NA,NA,NA,NA
"ENSMUSG00000103180",0,NA,NA,NA,NA,NA
"ENSMUSG00000103184",0.0380762098104571,-1.67431590235222,7.3501929692546,-0.227792101425878,0.819807867435575,NA
"ENSMUSG00000103185",0,NA,NA,NA,NA,NA
"ENSMUSG00000103193",0.2158731553413,0,7.3561311249555,0,1,NA
"ENSMUSG00000103198",0.222169894355977,0,7.3561311249555,0,1,NA
"ENSMUSG00000103203",0,NA,NA,NA,NA,NA
"ENSMUSG00000103206",0.0816370039417357,-1.66356940823071,7.34992034651243,-0.22633842678582,0.820938213493693,NA
"ENSMUSG00000103208",0.0458889004883165,0,7.3561311249555,0,1,NA
"ENSMUSG00000103210",0.0406168133292323,0,7.3561311249555,0,1,NA
"ENSMUSG00000103211",0.0406180793754555,0,7.3561311249555,0,1,NA
"ENSMUSG00000103218",0,NA,NA,NA,NA,NA
"ENSMUSG00000103221",0.0406180793754555,0,7.3561311249555,0,1,NA
"ENSMUSG00000103224",1.01536168980651,-3.80227770698503,3.08383009251431,-1.23297250267279,0.217586023320978,NA
"ENSMUSG00000103226",0.495439240997237,-1.87345708962604,5.5901979913088,-0.335132510966292,0.737525129291351,NA
"ENSMUSG00000103230",1.22397536157605,2.56379866463172,3.34603042700042,0.766220965578626,0.443544835569234,NA
"ENSMUSG00000103231",0,NA,NA,NA,NA,NA
"ENSMUSG00000103237",0.0808537065131038,-1.66945315147763,7.35006970425886,-0.227134329149327,0.820319290754619,NA
"ENSMUSG00000103239",0,NA,NA,NA,NA,NA
"ENSMUSG00000103240",0,NA,NA,NA,NA,NA
"ENSMUSG00000103242",0.0381979668618393,0,7.3561311249555,0,1,NA
"ENSMUSG00000103243",0,NA,NA,NA,NA,NA
"ENSMUSG00000103245",0.0380762098104571,-1.67431590235222,7.3501929692546,-0.227792101425878,0.819807867435575,NA
"ENSMUSG00000103249",0,NA,NA,NA,NA,NA
"ENSMUSG00000103250",0,NA,NA,NA,NA,NA
"ENSMUSG00000103254",32.0807508859874,0,6.58963056808674,0,1,NA
"ENSMUSG00000103255",0.49678845039723,-1.10959458473553,7.29430057129994,-0.15211802336489,0.879093849047333,NA
"ENSMUSG00000103257",0.214495908870168,0,7.3561311249555,0,1,NA
"ENSMUSG00000103260",2.44543226410263,-3.27013382392558,2.60442410954446,-1.25560726148306,0.209258397330639,NA
"ENSMUSG00000103262",0,NA,NA,NA,NA,NA
"ENSMUSG00000103264",0.456840126759173,-3.25106186077456,4.85034763436052,-0.670273989794794,0.502683144777073,NA
"ENSMUSG00000103265",0.146863411832112,2.16648066612303,7.28496222129053,0.297390789452747,0.766168174731335,NA
"ENSMUSG00000103267",0.0763906375148114,1.14657514129686,7.35599524006311,0.15586947841568,0.876135903914198,NA
"ENSMUSG00000103269",0,NA,NA,NA,NA,NA
"ENSMUSG00000103271",0.497583231854797,-2.7014887729277,7.28506284654647,-0.370825733398904,0.710767333265442,NA
"ENSMUSG00000103274",0,NA,NA,NA,NA,NA
"ENSMUSG00000103275",0,NA,NA,NA,NA,NA
"ENSMUSG00000103279",0.158037102433654,1.15164852243137,7.35612457012533,0.156556419273871,0.875594451282276,NA
"ENSMUSG00000103282",0,NA,NA,NA,NA,NA
"ENSMUSG00000103286",0.973929782123871,-1.39168296338827,2.40334746871323,-0.579060240562463,0.562548526516145,NA
"ENSMUSG00000103289",0,NA,NA,NA,NA,NA
"ENSMUSG00000103290",0.43763536736466,0,7.3561311249555,0,1,NA
"ENSMUSG00000103293",3.90568894319958,0.720661013710567,1.74705839398975,0.412499671556369,0.679973221384913,NA
"ENSMUSG00000103294",0.118792901410559,-1.67223573020445,7.3501402963232,-0.227510722624025,0.820026632387019,NA
"ENSMUSG00000103295",0.249112945587795,1.12762542800847,7.35551235680173,0.153303450977925,0.878158979358911,NA
"ENSMUSG00000103297",0.0860268703127247,0,7.3561311249555,0,1,NA
"ENSMUSG00000103300",0.146706015955701,2.71919652568864,7.26150697745885,0.374467246830384,0.708056720176532,NA
"ENSMUSG00000103304",0.114228629431371,-3.13863321915088,7.26774571323647,-0.431857874916372,0.665844712909321,NA
"ENSMUSG00000103306",0.117632932247887,0,7.3561311249555,0,1,NA
"ENSMUSG00000103310",0.0406180793754555,0,7.3561311249555,0,1,NA
"ENSMUSG00000103311",0,NA,NA,NA,NA,NA
"ENSMUSG00000103312",0.0419195223311899,0,7.3561311249555,0,1,NA
"ENSMUSG00000103314",5.84350193523582,-1.28401717496053,1.5366634126857,-0.83558778347979,0.403386843742449,NA
"ENSMUSG00000103318",85.5020708357542,0.370392376920203,1.41198050653779,0.262321168886683,0.793073842900084,0.895016157844721
"ENSMUSG00000103323",0.211690755101945,0,7.3561311249555,0,1,NA
"ENSMUSG00000103327",0,NA,NA,NA,NA,NA
"ENSMUSG00000103330",0,NA,NA,NA,NA,NA
"ENSMUSG00000103332",0.70879171598747,-0.111321464709548,6.42042484176394,-0.0173386446307132,0.986166456273854,NA
"ENSMUSG00000103333",0.117765404559685,-1.67042736955751,7.35009339510509,-0.227266142042489,0.820216799024444,NA
"ENSMUSG00000103338",0,NA,NA,NA,NA,NA
"ENSMUSG00000103339",0.201288395364229,-1.66882163174083,7.35005273152036,-0.227048933211617,0.820385692402553,NA
"ENSMUSG00000103340",0,NA,NA,NA,NA,NA
"ENSMUSG00000103350",0.311832715744087,-2.42756943053333,7.2461233945011,-0.335016297455762,0.737612792327154,NA
"ENSMUSG00000103351",0.122110421101162,0,7.3561311249555,0,1,NA
"ENSMUSG00000103353",0.112035765720004,2.07253271087453,7.28703872064404,0.284413571867415,0.776093459432602,NA
"ENSMUSG00000103355",0.0881516387133207,0,7.3561311249555,0,1,NA
"ENSMUSG00000103357",0.155385119136502,1.10042590949378,7.35481948846421,0.149619703273448,0.88106466220669,NA
"ENSMUSG00000103361",0,NA,NA,NA,NA,NA
"ENSMUSG00000103362",0,NA,NA,NA,NA,NA
"ENSMUSG00000103367",1.11471226129223,0,3.46064568930681,0,1,NA
"ENSMUSG00000103369",0.349750080543457,2.14126367927154,7.28505944872464,0.293925354259999,0.768814943502816,NA
"ENSMUSG00000103371",0,NA,NA,NA,NA,NA
"ENSMUSG00000103372",0,NA,NA,NA,NA,NA
"ENSMUSG00000103374",0.248805083240191,0,7.3561311249555,0,1,NA
"ENSMUSG00000103379",0.120850662503347,-1.6551019475348,7.34970600267319,-0.225192946076049,0.821829176747078,NA
"ENSMUSG00000103389",0.248792108497549,2.12398320204115,7.28506247046007,0.291553189921653,0.770628270093126,NA
"ENSMUSG00000103392",0.0381979668618393,0,7.3561311249555,0,1,NA
"ENSMUSG00000103395",0.127386559339176,-1.6680662869297,7.35003455152322,-0.226946727289059,0.820465166747636,NA
"ENSMUSG00000103396",1.43492862514839,-1.79338710177183,2.75835675758093,-0.650165029176512,0.515585627604326,NA
"ENSMUSG00000103397",0,NA,NA,NA,NA,NA
"ENSMUSG00000103399",0,NA,NA,NA,NA,NA
"ENSMUSG00000103406",0.119643997013123,-1.67462486529452,7.35020080364611,-0.227833893254156,0.819775376534244,NA
"ENSMUSG00000103411",0,NA,NA,NA,NA,NA
"ENSMUSG00000103415",0.634160066902664,1.13115207132024,6.10169153020392,0.185383358978561,0.852928359807667,NA
"ENSMUSG00000103417",0,NA,NA,NA,NA,NA
"ENSMUSG00000103419",0.196894424251945,-3.12451855472268,7.26803921451747,-0.42989841723496,0.667269536871097,NA
"ENSMUSG00000103421",0,NA,NA,NA,NA,NA
"ENSMUSG00000103423",1.93707722496958,0.64340565635561,1.79849679678847,0.357746345450557,0.72053314666279,NA
"ENSMUSG00000103430",0.0710374986746129,2.16226366003379,7.28481246100722,0.296818026765623,0.766605441993722,NA
"ENSMUSG00000103433",1.69653889584684,0.280107262084383,1.80229369559136,0.155417101424458,0.876492502987159,NA
"ENSMUSG00000103439",0.857600287241281,-0.549051061484273,7.10151820540198,-0.0773146031036886,0.938373274083227,NA
"ENSMUSG00000103441",2.64218536150393,2.3231944313045,2.34999156646265,0.988596922839819,0.322860392358029,NA
"ENSMUSG00000103442",0.0414066693320352,0,7.3561311249555,0,1,NA
"ENSMUSG00000103444",0.11108503964253,2.16021510658073,7.28486184405532,0.296534807773126,0.76682168885243,NA
"ENSMUSG00000103446",0.0425774740632087,0,7.3561311249555,0,1,NA
"ENSMUSG00000103454",3.80034078674707,0.433621875726731,1.13120330637814,0.383327977633914,0.701476597493144,NA
"ENSMUSG00000103458",0.159655416678942,-1.6737605028698,7.35017763107829,-0.227717014047762,0.819866244615268,NA
"ENSMUSG00000103460",0.197247780740923,2.1565788151293,7.28494769699055,0.296032161771072,0.767205520038056,NA
"ENSMUSG00000103461",0.0736092437386265,-0.238936064395147,7.35017895731627,-0.0325075165900978,0.974067321826959,NA
"ENSMUSG00000103465",0.081236158750911,0,7.3561311249555,0,1,NA
"ENSMUSG00000103468",0,NA,NA,NA,NA,NA
"ENSMUSG00000103470",0,NA,NA,NA,NA,NA
"ENSMUSG00000103471",0,NA,NA,NA,NA,NA
"ENSMUSG00000103472",0.0763959337236786,0,7.3561311249555,0,1,NA
"ENSMUSG00000103476",0,NA,NA,NA,NA,NA
"ENSMUSG00000103483",0,NA,NA,NA,NA,NA
"ENSMUSG00000103487",0,NA,NA,NA,NA,NA
"ENSMUSG00000103498",0.0381979668618393,0,7.3561311249555,0,1,NA
"ENSMUSG00000103499",0.235056268761992,-0.947278913518075,7.26152360623914,-0.130451812165723,0.896208976589227,NA
"ENSMUSG00000103501",0.408361785469836,1.13585934391323,5.72163160522758,0.198520181354467,0.842638096521685,NA
"ENSMUSG00000103511",0.0733863247793664,-0.233435374346457,7.35003809133702,-0.0317597502823273,0.974663645052788,NA
"ENSMUSG00000103512",0,NA,NA,NA,NA,NA
"ENSMUSG00000103514",0,NA,NA,NA,NA,NA
"ENSMUSG00000103516",0.0710374986746129,2.16226366003378,7.28481246100722,0.296818026765623,0.766605441993722,NA
"ENSMUSG00000103518",0.0897576519801523,0,7.3561311249555,0,1,NA
"ENSMUSG00000103521",0.0425774740632087,0,7.3561311249555,0,1,NA
"ENSMUSG00000103523",3.43913755759801,-0.862868090146782,1.63993794135887,-0.526158989547984,0.598777745446365,NA
"ENSMUSG00000103526",0,NA,NA,NA,NA,NA
"ENSMUSG00000103528",0,NA,NA,NA,NA,NA
"ENSMUSG00000103533",0,NA,NA,NA,NA,NA
"ENSMUSG00000103534",0.152445387193312,-2.55689921982911,7.2946369184481,-0.350517681471263,0.725950222911019,NA
"ENSMUSG00000103535",0,NA,NA,NA,NA,NA
"ENSMUSG00000103537",0.0710374986746129,2.16226366003378,7.28481246100722,0.296818026765623,0.766605441993722,NA
"ENSMUSG00000103538",0,NA,NA,NA,NA,NA
"ENSMUSG00000103542",0,NA,NA,NA,NA,NA
"ENSMUSG00000103548",0.035583895638899,0,7.3561311249555,0,1,NA
"ENSMUSG00000103549",0.0816091634016708,-1.6677263928495,7.35002593645988,-0.226900749366982,0.820500919340072,NA
"ENSMUSG00000103554",0,NA,NA,NA,NA,NA
"ENSMUSG00000103557",0.0735978953989051,-0.229724784059616,7.3498171452766,-0.0312558502502677,0.975065499585962,NA
"ENSMUSG00000103564",0.440122354440093,1.15285170244917,6.59909209542399,0.174698532128168,0.861316521230402,NA
"ENSMUSG00000103567",0.33112511639231,3.96755109792971,7.23380901711848,0.548473299272994,0.583366958194587,NA
"ENSMUSG00000103568",0.119123154343931,-1.67153272869085,7.35012141253851,-0.227415662255509,0.820100542601808,NA
"ENSMUSG00000103573",0.15737185001409,-2.54839675413457,7.29489942515846,-0.349339532406125,0.726834423085474,NA
"ENSMUSG00000103574",1.21307505855147,0.733319100879778,2.41129574649924,0.304118274145518,0.76103778505686,NA
"ENSMUSG00000103584",0,NA,NA,NA,NA,NA
"ENSMUSG00000103585",2.58829797136303,0.416593290517194,1.41083589857413,0.295281181133984,0.767779091227729,NA
"ENSMUSG00000103588",0.117810090603562,-0.224001210646922,7.35000419150206,-0.0304763378102434,0.975687164305646,NA
"ENSMUSG00000103592",0,NA,NA,NA,NA,NA
"ENSMUSG00000103597",0.127007648139635,0,7.3561311249555,0,1,NA
"ENSMUSG00000103598",0,NA,NA,NA,NA,NA
"ENSMUSG00000103600",3.46046670524578,-0.110646759873643,1.28142657308001,-0.0863465470422503,0.931190937428738,NA
"ENSMUSG00000103601",0,NA,NA,NA,NA,NA
"ENSMUSG00000103602",0,NA,NA,NA,NA,NA
"ENSMUSG00000103604",0,NA,NA,NA,NA,NA
"ENSMUSG00000103606",0.0406180793754555,0,7.3561311249555,0,1,NA
"ENSMUSG00000103626",0,NA,NA,NA,NA,NA
"ENSMUSG00000103628",4.83512215029152,-1.6399674167425,1.34885418979234,-1.21582260644123,0.224052505198644,NA
"ENSMUSG00000103629",0,NA,NA,NA,NA,NA
"ENSMUSG00000103633",0,NA,NA,NA,NA,NA
"ENSMUSG00000103639",0,NA,NA,NA,NA,NA
"ENSMUSG00000103641",3.50215556917829,0.372816080126256,1.35142585222656,0.275868690473856,0.782648922469091,NA
"ENSMUSG00000103643",0.271465045283209,1.1259787053034,7.24565471011179,0.155400546997088,0.876505552962927,NA
"ENSMUSG00000103650",0.0736102255759745,-0.239689316961574,7.35020858370097,-0.0326098659966035,0.973985702088455,NA
"ENSMUSG00000103653",8.70208998295748,0.744693777499682,1.02320992749268,0.727801556152326,0.466735071809292,NA
"ENSMUSG00000103654",0,NA,NA,NA,NA,NA
"ENSMUSG00000103658",1.32183587279967,-3.24773610030545,2.60878123172659,-1.24492466474698,0.213159443555417,NA
"ENSMUSG00000103665",0.246012777441956,-3.11473966068462,7.26824418561816,-0.428540866423809,0.668257387316559,NA
"ENSMUSG00000103666",0,NA,NA,NA,NA,NA
"ENSMUSG00000103667",0.0419195223311899,0,7.3561311249555,0,1,NA
"ENSMUSG00000103675",0,NA,NA,NA,NA,NA
"ENSMUSG00000103677",0.509644813775806,2.03719399954608,7.19636631059887,0.283086478872773,0.777110546141769,NA
"ENSMUSG00000103688",0.0810221390527815,0,7.3561311249555,0,1,NA
"ENSMUSG00000103689",0,NA,NA,NA,NA,NA
"ENSMUSG00000103691",0.0425774740632087,0,7.3561311249555,0,1,NA
"ENSMUSG00000103698",0.195833468446915,-2.55666761042661,7.29464389604533,-0.350485595576868,0.725974298524866,NA
"ENSMUSG00000103699",0,NA,NA,NA,NA,NA
"ENSMUSG00000103700",0.11430918734881,-1.67465355145914,7.35020061405935,-0.227837801903785,0.819772337784959,NA
"ENSMUSG00000103702",0,NA,NA,NA,NA,NA
"ENSMUSG00000103707",0.0380762098104571,-1.67431590235222,7.3501929692546,-0.227792101425878,0.819807867435575,NA
"ENSMUSG00000103709",0,NA,NA,NA,NA,NA
"ENSMUSG00000103711",14.2906176439668,0.930505900691034,0.875353118284382,1.06300632425317,0.287779083343545,NA
"ENSMUSG00000103712",0.0781798864813785,-1.6695487046323,7.35007218407178,-0.22714725281887,0.82030924175935,NA
"ENSMUSG00000103714",0,NA,NA,NA,NA,NA
"ENSMUSG00000103716",0.147237168301697,0,7.3561311249555,0,1,NA
"ENSMUSG00000103717",0,NA,NA,NA,NA,NA
"ENSMUSG00000103723",0.481915338048822,0.318983931434642,7.12130372742934,0.0447929120346324,0.964272374800929,NA
"ENSMUSG00000103725",0.203828620954809,2.14556766293733,7.28521677295507,0.294509790141362,0.768368383524563,NA
"ENSMUSG00000103727",0.284096844441538,-1.29326875806646,7.28489087425517,-0.177527540273373,0.859094034773034,NA
"ENSMUSG00000103729",1.89196976031028,-0.0196270470538087,1.90960254725323,-0.0102780796360165,0.99179942332732,NA
"ENSMUSG00000103733",0.261331723814159,1.77214415521745,7.24312495435658,0.244665688688905,0.806715297140691,NA
"ENSMUSG00000103735",0.0458889004883165,0,7.3561311249555,0,1,NA
"ENSMUSG00000103737",0.0812361587509111,0,7.3561311249555,0,1,NA
"ENSMUSG00000103741",1.30657565734367,3.2150718795425,3.15734981650875,1.01828180796817,0.30854405128049,NA
"ENSMUSG00000103745",0.0474375977968173,0,7.3561311249555,0,1,NA
"ENSMUSG00000103749",1.30165891704337,1.97900241932859,2.4246836612575,0.81618994302219,0.414391507920543,NA
"ENSMUSG00000103758",0,NA,NA,NA,NA,NA
"ENSMUSG00000103759",0,NA,NA,NA,NA,NA
"ENSMUSG00000103760",4.43614037402864,2.45586256945743,1.41976237004664,1.72977015116745,0.0836713493910552,NA
"ENSMUSG00000103764",0.204634528490694,0,7.3561311249555,0,1,NA
"ENSMUSG00000103766",0.547633985469811,-1.67820766452008,6.27317042456922,-0.267521452621036,0.789067699080676,NA
"ENSMUSG00000103769",0,NA,NA,NA,NA,NA
"ENSMUSG00000103770",0,NA,NA,NA,NA,NA
"ENSMUSG00000103771",0.163427388188617,1.14754026351982,7.35575080873176,0.156005864439781,0.876028398668295,NA
"ENSMUSG00000103781",0.0380762098104571,-1.67431590235222,7.3501929692546,-0.227792101425878,0.819807867435575,NA
"ENSMUSG00000103790",0.118630437551034,1.15752509067567,7.35600530137791,0.157357838018257,0.874962839814694,NA
"ENSMUSG00000103792",2.55321187436609,-0.950960688291749,1.52117929487539,-0.625147010280367,0.531874576458267,NA
"ENSMUSG00000103793",0.236794019952664,-0.116685163955647,7.22335859666888,-0.0161538656006166,0.987111640573012,NA
"ENSMUSG00000103795",0,NA,NA,NA,NA,NA
"ENSMUSG00000103797",0.119605601589962,-1.6682219870258,7.35003855527357,-0.226967787240908,0.820448790580257,NA
"ENSMUSG00000103798",0.088139582296361,0,7.3561311249555,0,1,NA
"ENSMUSG00000103800",0.0488582735869228,-1.88445199085272,7.34129618423011,-0.256691998737325,0.797416548724726,NA
"ENSMUSG00000103801",0.18803081603986,-0.231164759544897,7.3498591477026,-0.0314515904181856,0.974909398275308,NA
"ENSMUSG00000103802",0,NA,NA,NA,NA,NA
"ENSMUSG00000103807",0.165497644021666,0,7.35613112495549,0,1,NA
"ENSMUSG00000103814",0.0406180793754555,0,7.3561311249555,0,1,NA
"ENSMUSG00000103815",13.6384667744867,0.347278316056704,0.681561216791388,0.50953356426529,0.610378277953031,NA
"ENSMUSG00000103817",0.639224819517252,0.875421534163267,4.5486777456233,0.192456266000727,0.847384822156995,NA
"ENSMUSG00000103819",0,NA,NA,NA,NA,NA
"ENSMUSG00000103823",1.90281981128931,0.347628044223497,3.59356317001751,0.0967363109472771,0.922935803078883,NA
"ENSMUSG00000103841",0,NA,NA,NA,NA,NA
"ENSMUSG00000103845",0.523488835992554,1.35360597136835,6.2690460775556,0.215918969907483,0.829050910015946,NA
"ENSMUSG00000103847",0,NA,NA,NA,NA,NA
"ENSMUSG00000103848",0,NA,NA,NA,NA,NA
"ENSMUSG00000103850",0.702618587480364,-1.72635900041343,3.81616520483952,-0.452380572576923,0.65099484008569,NA
"ENSMUSG00000103852",0,NA,NA,NA,NA,NA
"ENSMUSG00000103856",0.149542652102283,0.765172558493061,7.27901350388195,0.105120365291944,0.916280299667076,NA
"ENSMUSG00000103859",0.0736133854268972,-0.242072391565864,7.35030235214237,-0.0329336644900476,0.973727486968136,NA
"ENSMUSG00000103860",0.0434922688142794,0,7.3561311249555,0,1,NA
"ENSMUSG00000103863",0,NA,NA,NA,NA,NA
"ENSMUSG00000103873",0.873392761426788,0,7.3561311249555,0,1,NA
"ENSMUSG00000103874",0.0474375977968173,0,7.3561311249555,0,1,NA
"ENSMUSG00000103875",0,NA,NA,NA,NA,NA
"ENSMUSG00000103876",0,NA,NA,NA,NA,NA
"ENSMUSG00000103877",1.62397958243625,0.408857477711339,3.87125151527268,0.105613772729138,0.915888796813181,NA
"ENSMUSG00000103878",0.0936010030481514,0.605520128647076,7.34229309603812,0.0824701657543217,0.934272841777872,NA
"ENSMUSG00000103880",18.0784736534244,-0.785811106992983,0.627791418828079,-1.25170730823286,0.210676536093721,NA
"ENSMUSG00000103886",0.0425919574685933,0,7.3561311249555,0,1,NA
"ENSMUSG00000103890",0.0711677912777981,0,7.3561311249555,0,1,NA
"ENSMUSG00000103892",0,NA,NA,NA,NA,NA
"ENSMUSG00000103893",0,NA,NA,NA,NA,NA
"ENSMUSG00000103894",0,NA,NA,NA,NA,NA
"ENSMUSG00000103896",0,NA,NA,NA,NA,NA
"ENSMUSG00000103897",0,NA,NA,NA,NA,NA
"ENSMUSG00000103902",0.0761647172030873,1.15466209339594,7.35599967202283,0.156968752702299,0.875269474513004,NA
"ENSMUSG00000103903",2.06180541555168,-1.58960866683381,2.09921917690935,-0.757238064666583,0.448907249213482,NA
"ENSMUSG00000103905",0,NA,NA,NA,NA,NA
"ENSMUSG00000103906",10.4209803938906,-0.486206531739374,0.94982096511467,-0.511892819380625,0.608726023923969,NA
"ENSMUSG00000103909",0,NA,NA,NA,NA,NA
"ENSMUSG00000103913",0,NA,NA,NA,NA,NA
"ENSMUSG00000103915",0,NA,NA,NA,NA,NA
"ENSMUSG00000103918",0,NA,NA,NA,NA,NA
"ENSMUSG00000103919",0,NA,NA,NA,NA,NA
"ENSMUSG00000103921",0.416096255742027,-0.42737949165301,7.13749455643926,-0.0598780830266889,0.952252735778683,NA
"ENSMUSG00000103922",1.48116405606001,0,3.36174076069583,0,1,NA
"ENSMUSG00000103930",0.36152865602424,0.0425261712701902,7.15051973883,0.00594728394906138,0.995254781931558,NA
"ENSMUSG00000103933",1.29460991900055,-0.51961346255725,1.95733327437716,-0.265470101264484,0.790647339532808,NA
"ENSMUSG00000103934",0,NA,NA,NA,NA,NA
"ENSMUSG00000103936",0.40474338357627,-0.326577147006489,7.21414099166495,-0.0452690275091392,0.963892874586402,NA
"ENSMUSG00000103939",0,NA,NA,NA,NA,NA
"ENSMUSG00000103944",0.449177794204191,-0.472353636794094,6.53529150987096,-0.0722773630037234,0.942381179277469,NA
"ENSMUSG00000103950",0.12330471162111,-2.54198832615004,7.29509665063418,-0.348451630990942,0.727501033155915,NA
"ENSMUSG00000103953",0.345319159998789,3.73566809668246,7.23735573694279,0.516164775155917,0.605739330088303,NA
"ENSMUSG00000103958",0.1229720373918,-1.67710284741548,7.34989154043585,-0.228180625277095,0.819505822949481,NA
"ENSMUSG00000103960",0.151122839735889,2.10530754135766,7.28620832976575,0.288944186890322,0.772624088918854,NA
"ENSMUSG00000103962",0,NA,NA,NA,NA,NA
"ENSMUSG00000103964",2.93430902407656,0.200170035249424,1.7025162235134,0.117573055977312,0.906405955055551,NA
"ENSMUSG00000103969",0,NA,NA,NA,NA,NA
"ENSMUSG00000103979",0.730256839586602,-1.64486373765957,5.92621557541334,-0.277557189192336,0.7813522993113,NA
"ENSMUSG00000103980",0.151439906835843,2.70889488973711,7.26096509121267,0.373076423823529,0.709091565064473,NA
"ENSMUSG00000103981",0.212939569536107,1.14203721565858,7.35561063919655,0.155260694410998,0.876615801115453,NA
"ENSMUSG00000103986",2.97719008609743,1.51699752190203,1.75799134075466,0.86291524123823,0.388184070177897,NA
"ENSMUSG00000103987",0,NA,NA,NA,NA,NA
"ENSMUSG00000103989",0.0380762098104571,-1.67431590235222,7.3501929692546,-0.227792101425878,0.819807867435575,NA
"ENSMUSG00000103990",0,NA,NA,NA,NA,NA
"ENSMUSG00000103993",0.204964600882587,-3.63001766996691,7.25183295337117,-0.500565538851722,0.616676920527896,NA
"ENSMUSG00000103997",0.0710374986746129,2.16226366003378,7.28481246100722,0.296818026765623,0.766605441993722,NA
"ENSMUSG00000104001",0.0406180793754555,0,7.3561311249555,0,1,NA
"ENSMUSG00000104007",0,NA,NA,NA,NA,NA
"ENSMUSG00000104013",0,NA,NA,NA,NA,NA
"ENSMUSG00000104023",0.0425774740632087,0,7.3561311249555,0,1,NA
"ENSMUSG00000104024",0,NA,NA,NA,NA,NA
"ENSMUSG00000104028",9.72535745288361,-0.843185072992295,0.787177094281257,-1.07115041725417,0.284101801737548,NA
"ENSMUSG00000104031",4.22865257166094,1.59623564457693,1.85101108475256,0.862358771228164,0.388490120830853,NA
"ENSMUSG00000104032",0,NA,NA,NA,NA,NA
"ENSMUSG00000104038",0,NA,NA,NA,NA,NA
"ENSMUSG00000104043",10.6161095962258,-0.799352916842438,0.741137561570744,-1.07854865046688,0.280788982838889,NA
"ENSMUSG00000104054",0,NA,NA,NA,NA,NA
"ENSMUSG00000104059",0,NA,NA,NA,NA,NA
"ENSMUSG00000104063",0.723985116525297,3.73330254526845,7.23740891254116,0.515834132129704,0.605970261384838,NA
"ENSMUSG00000104065",0.0736061059497392,-0.236485602296156,7.35008261853963,-0.0321745502152114,0.974332851654746,NA
"ENSMUSG00000104070",0,NA,NA,NA,NA,NA
"ENSMUSG00000104073",0,NA,NA,NA,NA,NA
"ENSMUSG00000104074",4.63430011455747,-0.428734408018419,1.16901707891393,-0.366747771056291,0.713807169525693,NA
"ENSMUSG00000104082",0.234318224061569,1.15590466594086,7.35593566318876,0.157139039663621,0.875135270556699,NA
"ENSMUSG00000104083",0.0352597853922181,1.155567702399,7.35595536263211,0.157092810577567,0.875171703562209,NA
"ENSMUSG00000104085",0,NA,NA,NA,NA,NA
"ENSMUSG00000104089",0.365553126267678,-0.241759596966945,6.94604197940096,-0.0348053751595373,0.972234934472564,NA
"ENSMUSG00000104091",2.44697593713016,0.255722010615546,2.09089166926013,0.122302850202676,0.902659174810881,NA
"ENSMUSG00000104097",0.674846814196653,-1.39279655750157,5.81364098874531,-0.239573884971207,0.810660612016681,NA
"ENSMUSG00000104098",0,NA,NA,NA,NA,NA
"ENSMUSG00000104103",0,NA,NA,NA,NA,NA
"ENSMUSG00000104105",0.0355187493373064,1.16171280725677,7.35565536667627,0.157934643392857,0.874508299155349,NA
"ENSMUSG00000104115",0,NA,NA,NA,NA,NA
"ENSMUSG00000104126",5.83470048720217,0.270473466792288,1.04803450107527,0.258076872960562,0.796347579844194,NA
"ENSMUSG00000104127",0,NA,NA,NA,NA,NA
"ENSMUSG00000104129",0.0474375977968173,0,7.3561311249555,0,1,NA
"ENSMUSG00000104134",0.0710374986746129,2.16226366003378,7.28481246100722,0.296818026765623,0.766605441993722,NA
"ENSMUSG00000104135",1.82019899236926,0,2.89486079196361,0,1,NA
"ENSMUSG00000104141",0.675263489371279,1.15061049922811,5.88122925594532,0.195641157512259,0.844891043693593,NA
"ENSMUSG00000104144",0,NA,NA,NA,NA,NA
"ENSMUSG00000104146",0,NA,NA,NA,NA,NA
"ENSMUSG00000104148",0,NA,NA,NA,NA,NA
"ENSMUSG00000104152",0.0801844853033132,0,7.3561311249555,0,1,NA
"ENSMUSG00000104158",0.555849019292923,2.68355966232467,6.19831482830061,0.432949880195166,0.665051181564909,NA
"ENSMUSG00000104162",0.0710374986746129,2.16226366003378,7.28481246100722,0.296818026765623,0.766605441993722,NA
"ENSMUSG00000104163",0.189750391187269,0,7.3561311249555,0,1,NA
"ENSMUSG00000104166",6.89149624757415,0.375439730690769,0.948436191327413,0.395851333093174,0.692214705077157,NA
"ENSMUSG00000104169",0.192728883016178,-3.54985338947351,7.25425079809451,-0.489348037209571,0.624595317501699,NA
"ENSMUSG00000104171",0,NA,NA,NA,NA,NA
"ENSMUSG00000104176",0.0425919574685933,0,7.3561311249555,0,1,NA
"ENSMUSG00000104177",0.0761524196209141,-2.55627499047924,7.29465809108018,-0.350431090609309,0.726015196884991,NA
"ENSMUSG00000104181",1.96385119929741,2.00828601656061,2.62140958448408,0.766109206454232,0.443611325469329,NA
"ENSMUSG00000104182",0.382409856928904,0,7.3561311249555,0,1,NA
"ENSMUSG00000104185",0.165444440348928,-1.66204742050255,7.34988206056772,-0.226132529312201,0.821098345056345,NA
"ENSMUSG00000104191",0,NA,NA,NA,NA,NA
"ENSMUSG00000104198",0,NA,NA,NA,NA,NA
"ENSMUSG00000104202",3.62008874453522,-0.31297056291292,2.42507650974941,-0.129055954174931,0.897313373943903,NA
"ENSMUSG00000104207",0,NA,NA,NA,NA,NA
"ENSMUSG00000104213",138.871752744622,0.399561923905112,0.36942179307018,1.08158731130734,0.27943594516282,0.489962654596515
"ENSMUSG00000104215",0.0856826019161675,-1.65884254703494,7.34980082152753,-0.225698979784077,0.821435551628821,NA
"ENSMUSG00000104217",19.3359498828379,-1.41092531628367,2.70372334101533,-0.521845299361815,0.601778046667571,NA
"ENSMUSG00000104218",40.7792130697443,-0.704054716558095,1.15580877360854,-0.609144637620261,0.542428572498923,NA
"ENSMUSG00000104223",0.0406180793754555,0,7.3561311249555,0,1,NA
"ENSMUSG00000104224",0,NA,NA,NA,NA,NA
"ENSMUSG00000104226",0.525325986407185,-2.54911112983862,7.2948753697994,-0.349438612809189,0.72676004926849,NA
"ENSMUSG00000104227",0.971440736454168,0.934148467929652,3.99330231086994,0.233928812598751,0.81504024449395,NA
"ENSMUSG00000104228",0,NA,NA,NA,NA,NA
"ENSMUSG00000104229",0,NA,NA,NA,NA,NA
"ENSMUSG00000104233",0,NA,NA,NA,NA,NA
"ENSMUSG00000104240",0.119509123889306,0,7.3561311249555,0,1,NA
"ENSMUSG00000104241",2.31134597052288,-0.255630491829199,1.44290786279568,-0.177163420077223,0.859380027664263,NA
"ENSMUSG00000104242",0,NA,NA,NA,NA,NA
"ENSMUSG00000104243",0.460914824579134,-3.3556393084133,6.47216228647517,-0.518472677272872,0.604128518587167,NA
"ENSMUSG00000104247",0,NA,NA,NA,NA,NA
"ENSMUSG00000104249",0.0865536966904482,0,7.3561311249555,0,1,NA
"ENSMUSG00000104251",0.0406180793754555,0,7.3561311249555,0,1,NA
"ENSMUSG00000104252",0,NA,NA,NA,NA,NA
"ENSMUSG00000104254",0,NA,NA,NA,NA,NA
"ENSMUSG00000104255",0,NA,NA,NA,NA,NA
"ENSMUSG00000104260",0,NA,NA,NA,NA,NA
"ENSMUSG00000104261",0.0406180793754555,0,7.3561311249555,0,1,NA
"ENSMUSG00000104264",0.109178019226441,-1.6761476948572,7.3502377674133,-0.22803992848888,0.819615199731144,NA
"ENSMUSG00000104265",0.13636267798691,-1.87347857092418,7.34173164543145,-0.25518210980784,0.798582448073272,NA
"ENSMUSG00000104267",0,NA,NA,NA,NA,NA
"ENSMUSG00000104270",0.0687164454865082,2.12493421990745,7.28621881694836,0.29163744231297,0.770563844453462,NA
"ENSMUSG00000104274",1.0013595178373,3.94547056901228,4.65342657870057,0.847863504943065,0.396513991222897,NA
"ENSMUSG00000104278",0,NA,NA,NA,NA,NA
"ENSMUSG00000104280",23.5963904347427,0.0731975062249442,0.642143671335834,0.113989297866431,0.909246277209922,NA
"ENSMUSG00000104290",0.323630815193214,-2.52333394250995,7.29567547390551,-0.345867075849957,0.729442613001229,NA
"ENSMUSG00000104294",0.0761524196209141,-2.55627499047924,7.29465809108018,-0.350431090609309,0.726015196884991,NA
"ENSMUSG00000104295",0,NA,NA,NA,NA,NA
"ENSMUSG00000104298",0.0909664263444593,0,7.3561311249555,0,1,NA
"ENSMUSG00000104301",5.29441446383435,-0.969037600897742,1.5897805995309,-0.6095417198975,0.542165428187285,NA
"ENSMUSG00000104307",0.0458889004883165,0,7.3561311249555,0,1,NA
"ENSMUSG00000104309",0,NA,NA,NA,NA,NA
"ENSMUSG00000104318",0.236267753770734,-2.55634412393162,7.29465376815846,-0.350440775556778,0.726007929628483,NA
"ENSMUSG00000104319",0,NA,NA,NA,NA,NA
"ENSMUSG00000104320",0,NA,NA,NA,NA,NA
"ENSMUSG00000104321",0,NA,NA,NA,NA,NA
"ENSMUSG00000104326",0.0381979668618393,0,7.3561311249555,0,1,NA
"ENSMUSG00000104337",0.125555446093291,-2.76283300614116,7.28506106178629,-0.379246375934111,0.704504916200316,NA
"ENSMUSG00000104338",0.081236158750911,0,7.3561311249555,0,1,NA
"ENSMUSG00000104341",2.35503417828418,-2.40018005840459,1.77063921585477,-1.35554439149023,0.175244175257513,NA
"ENSMUSG00000104346",0.849642612429316,2.11467047177377,7.13353936588599,0.296440569443907,0.766893646891829,NA
"ENSMUSG00000104349",0.117707955668364,2.11180359203474,7.28604814099078,0.289842113470797,0.77193702816291,NA
"ENSMUSG00000104352",0.0380762098104571,-1.67431590235222,7.3501929692546,-0.227792101425878,0.819807867435575,NA
"ENSMUSG00000104355",0,NA,NA,NA,NA,NA
"ENSMUSG00000104356",0.0414066693320352,0,7.3561311249555,0,1,NA
"ENSMUSG00000104360",15.5623652017837,-0.531263034718772,0.792621740354017,-0.670260488289772,0.502691750097995,NA
"ENSMUSG00000104361",0.158434220531816,0,7.3561311249555,0,1,NA
"ENSMUSG00000104364",0.0710374986746129,2.16226366003378,7.28481246100722,0.296818026765623,0.766605441993722,NA
"ENSMUSG00000104373",0.0818380562388562,0,7.3561311249555,0,1,NA
"ENSMUSG00000104375",0.0355187493373064,1.16171280725677,7.35565536667627,0.157934643392857,0.874508299155349,NA
"ENSMUSG00000104377",375.128708989945,0.213676596492536,0.840641703379495,0.254182722119932,0.799354398104306,0.898757209903927
"ENSMUSG00000104385",0.70937406271223,-1.13426702750109,3.65122173220642,-0.310654107225544,0.756063589207538,NA
"ENSMUSG00000104386",0.0406180793754555,0,7.3561311249555,0,1,NA
"ENSMUSG00000104390",0.109038055194803,0.767994992695564,7.27894930321482,0.105509045427253,0.915971892839964,NA
"ENSMUSG00000104393",0.07368260382488,-1.68176561042807,7.35038092770004,-0.228799789693934,0.819024530254248,NA
"ENSMUSG00000104404",0,NA,NA,NA,NA,NA
"ENSMUSG00000104408",0,NA,NA,NA,NA,NA
"ENSMUSG00000104418",3.17928851643429,-0.117098222814584,1.5156260108241,-0.0772606315663016,0.938416208715594,NA
"ENSMUSG00000104422",3.72863398466442,1.12197435692779,3.1990575089565,0.350720283641841,0.725798206859744,NA
"ENSMUSG00000104423",0.081236158750911,0,7.3561311249555,0,1,NA
"ENSMUSG00000104424",0.152340388517985,2.153424671589,7.28502594477107,0.295596019549477,0.767538613806907,NA
"ENSMUSG00000104426",0,NA,NA,NA,NA,NA
"ENSMUSG00000104428",0.0355187493373064,1.16171280725677,7.35565536667627,0.157934643392857,0.874508299155349,NA
"ENSMUSG00000104434",3.42173915229243,-0.129769338119646,1.61528283095,-0.0803384618675875,0.93596806891299,NA
"ENSMUSG00000104437",0.367587808683672,-1.95917922402791,7.25906646971635,-0.269894101700444,0.787241725011969,NA
"ENSMUSG00000104439",0,NA,NA,NA,NA,NA
"ENSMUSG00000104440",0.412034001610506,0,7.3561311249555,0,1,NA
"ENSMUSG00000104445",0.49297011957232,-1.67188735710516,7.35013140651532,-0.227463600939591,0.820063269682703,NA
"ENSMUSG00000104446",0,NA,NA,NA,NA,NA
"ENSMUSG00000104452",54.2606938877079,-0.405170353158529,3.9828584214352,-0.101728535209275,0.918972151815763,NA
"ENSMUSG00000104457",0.0355187493373064,1.16171280725677,7.35565536667627,0.157934643392857,0.874508299155349,NA
"ENSMUSG00000104460",0.260930738658433,-1.42763926759004,7.17393423883259,-0.199003673585717,0.842259870963238,NA
"ENSMUSG00000104464",0,NA,NA,NA,NA,NA
"ENSMUSG00000104468",0,NA,NA,NA,NA,NA
"ENSMUSG00000104471",0,NA,NA,NA,NA,NA
"ENSMUSG00000104473",0.0425774740632087,0,7.3561311249555,0,1,NA
"ENSMUSG00000104477",0,NA,NA,NA,NA,NA
"ENSMUSG00000104480",0,NA,NA,NA,NA,NA
"ENSMUSG00000104489",0.152428868179634,2.15533620633213,7.28497968508442,0.295860290557167,0.767336777663949,NA
"ENSMUSG00000104490",0.0352597853922181,1.155567702399,7.35595536263211,0.157092810577567,0.875171703562209,NA
"ENSMUSG00000104491",0.215681551336025,-1.64176203622628,7.34936804321489,-0.223388191552332,0.823233393917507,NA
"ENSMUSG00000104496",0.512279551273173,-1.94455681658079,7.16403284151041,-0.27143326386131,0.786057821123036,NA
"ENSMUSG00000104504",0.0474375977968173,0,7.3561311249555,0,1,NA
"ENSMUSG00000104510",0,NA,NA,NA,NA,NA
"ENSMUSG00000104511",0.293237000392105,3.94858368564352,7.23392233643223,0.545842698055694,0.585174070079864,NA
"ENSMUSG00000104513",0.0406180793754555,0,7.3561311249555,0,1,NA
"ENSMUSG00000104514",3.48562216834798,-0.883674268283562,1.63214290309615,-0.541419667730837,0.588218353966351,NA
"ENSMUSG00000104517",2.46146845732993,0.495582649058075,2.25810927541158,0.219467965724442,0.826285531227887,NA
"ENSMUSG00000104530",1.07353633066209,0.875465019337813,2.49580826604167,0.350774148499112,0.725757792906242,NA
"ENSMUSG00000104532",0,NA,NA,NA,NA,NA
"ENSMUSG00000104533",0.0810731970418801,-1.61862283198948,7.34878210762721,-0.220257290022183,0.825670780973295,NA
"ENSMUSG00000104534",0.0841718091415032,0,7.3561311249555,0,1,NA
"ENSMUSG00000104539",0.0380762098104571,-1.67431590235222,7.3501929692546,-0.227792101425878,0.819807867435575,NA
"ENSMUSG00000104540",0.0400922426516566,0,7.3561311249555,0,1,NA
"ENSMUSG00000104542",0,NA,NA,NA,NA,NA
"ENSMUSG00000104549",0.15651445084449,2.13402288576179,7.28549703518726,0.292913836277052,0.769588012662591,NA
"ENSMUSG00000104551",0,NA,NA,NA,NA,NA
"ENSMUSG00000104555",0.902668960928128,-0.834037272362308,3.14376439987578,-0.26529891120189,0.790779203203958,NA
"ENSMUSG00000104560",0.126161043191677,0,7.3561311249555,0,1,NA
"ENSMUSG00000104564",0,NA,NA,NA,NA,NA
"ENSMUSG00000104572",0.300592041908034,-1.23377657829028,7.3390842630922,-0.168110425505655,0.866496407709926,NA
"ENSMUSG00000104573",0,NA,NA,NA,NA,NA
"ENSMUSG00000104575",0.0838390446623798,0,7.3561311249555,0,1,NA
"ENSMUSG00000104577",36.4323357664784,0.210329979238585,0.602056691897616,0.349352448148443,0.726824727853274,NA
"ENSMUSG00000104578",0.683687931078377,-0.110344104297877,4.90795465856268,-0.0224827065395489,0.982062906696444,NA
"ENSMUSG00000104584",0.637548801693469,-4.10613778391333,4.47753074542099,-0.917054067828015,0.359114308496616,NA
"ENSMUSG00000104590",0,NA,NA,NA,NA,NA
"ENSMUSG00000104593",0,NA,NA,NA,NA,NA
"ENSMUSG00000104595",0.0406180793754555,0,7.3561311249555,0,1,NA
"ENSMUSG00000104596",0.125243262819247,1.13329536136358,7.35538783437216,0.154076900753978,0.877549101305293,NA
"ENSMUSG00000104601",0.363437108241422,0,7.3561311249555,0,1,NA
"ENSMUSG00000104602",0.289243189752977,0,7.3561311249555,0,1,NA
"ENSMUSG00000104604",0.181380077703315,3.15124286034205,7.24927233988454,0.43469781691113,0.663781783211028,NA
"ENSMUSG00000104609",0.0761524196209141,-2.55627499047924,7.29465809108018,-0.350431090609309,0.726015196884991,NA
"ENSMUSG00000104613",0.110376019053797,-2.54847218464617,7.29502016493817,-0.349344090492691,0.72683100154213,NA
"ENSMUSG00000104614",0.664864137709751,1.12759493977234,5.93157439823553,0.190100446199876,0.849230420439838,NA
"ENSMUSG00000104616",4.96717681743568,-0.626975719075075,1.14784393553916,-0.546220352491189,0.584914477600175,NA
"ENSMUSG00000104620",69.2491141574158,-2.38332643037992,0.88717410599782,-2.68642469867777,0.00722212251730813,0.0513971786058969
"ENSMUSG00000104623",16.7424870426401,-1.12391434575208,0.67254137992145,-1.67114526972801,0.0946929875139941,NA
"ENSMUSG00000104624",0,NA,NA,NA,NA,NA
"ENSMUSG00000104629",9.31000757291271,0.146102139806671,1.26674194473392,0.11533694010374,0.908178059752185,NA
"ENSMUSG00000104630",0.0466947161726746,0,7.3561311249555,0,1,NA
"ENSMUSG00000104633",1.89572579653476,-0.119651705228945,3.01408863651408,-0.0396974739824928,0.968334315561138,NA
"ENSMUSG00000104636",0,NA,NA,NA,NA,NA
"ENSMUSG00000104637",0.0711677912777981,0,7.3561311249555,0,1,NA
"ENSMUSG00000104640",0,NA,NA,NA,NA,NA
"ENSMUSG00000104642",0.189750391187269,0,7.3561311249555,0,1,NA
"ENSMUSG00000104643",0.163913154402607,1.14732468886825,7.35601337344057,0.155970990076058,0.876055887902596,NA
"ENSMUSG00000104644",0.0761524196209141,-2.55627499047924,7.29465809108018,-0.350431090609309,0.726015196884991,NA
"ENSMUSG00000104646",0.695844407411848,1.12958033534663,3.77446692782693,0.29926883900317,0.764734928534095,NA
"ENSMUSG00000104648",0.847604145239834,0.560487064053202,5.25076804682319,0.106743824723377,0.914992214101593,NA
"ENSMUSG00000104649",10.4962363745476,1.06901586607493,0.832379863378213,1.28428847586044,0.199041037567626,NA
"ENSMUSG00000104650",0.414370064541793,-1.68897889174847,7.26785515593803,-0.232390279595559,0.816234898052524,NA
"ENSMUSG00000104651",0.0710374986746129,2.16226366003378,7.28481246100722,0.296818026765623,0.766605441993722,NA
"ENSMUSG00000104663",0.20436794340249,2.1586011419306,7.28489884340461,0.296311752342985,0.766992011671356,NA
"ENSMUSG00000104664",0.172086363635832,0,7.3561311249555,0,1,NA
"ENSMUSG00000104668",0,NA,NA,NA,NA,NA
"ENSMUSG00000104670",0.346121495783758,0.89329715190265,7.18716534716089,0.124290608154093,0.901085183248257,NA
"ENSMUSG00000104673",0.0380762098104571,-1.67431590235222,7.3501929692546,-0.227792101425878,0.819807867435575,NA
"ENSMUSG00000104678",0.262048995726054,1.34448731548111,7.25518982456046,0.185313871586064,0.852982858511896,NA
"ENSMUSG00000104679",1.18926036642489,0,7.3561311249555,0,1,NA
"ENSMUSG00000104680",0.198596314099698,1.1545669409009,7.35600432897593,0.156955717977621,0.875279747388772,NA
"ENSMUSG00000104685",27.9117817450764,-0.188185042000678,0.612301624527848,-0.30734042580042,0.758584268340769,NA
"ENSMUSG00000104688",0.157675991308804,0,7.3561311249555,0,1,NA
"ENSMUSG00000104692",0.0432773486139992,0,7.3561311249555,0,1,NA
"ENSMUSG00000104695",3.47550256230687,-1.77567778757742,1.77833994616591,-0.998503009171995,0.31803550602514,NA
"ENSMUSG00000104697",0.0736078627655323,-0.237865863670932,7.35013687515503,-0.0323620998780265,0.974183286561832,NA
"ENSMUSG00000104699",10.2121904390918,-0.499494087153002,0.785022801758101,-0.636279718288893,0.524594121849943,NA
"ENSMUSG00000104707",1.55934861020159,-1.07196900651013,1.83139356163871,-0.585329679520632,0.558326062071291,NA
"ENSMUSG00000104711",0,NA,NA,NA,NA,NA
"ENSMUSG00000104712",0.568465839166153,1.14030208212466,7.35583536751606,0.155020065723647,0.876805498370187,NA
"ENSMUSG00000104713",833.676151435169,0.230829287718988,0.288890400106771,0.799020277702811,0.424278654130845,0.627492665629392
"ENSMUSG00000104714",0,NA,NA,NA,NA,NA
"ENSMUSG00000104716",9.37991005982243,-1.01223729620683,0.805997451686571,-1.25588150941259,0.209158933484979,NA
"ENSMUSG00000104722",0.103811436583903,2.71014222084622,7.26165704686922,0.373212643251263,0.708990186948405,NA
"ENSMUSG00000104723",0,NA,NA,NA,NA,NA
"ENSMUSG00000104725",0.0707785975092969,2.15720507057395,7.28506251345889,0.296113460466344,0.76714343474957,NA
"ENSMUSG00000104726",0,NA,NA,NA,NA,NA
"ENSMUSG00000104730",3.43702020888496,0.0886966676197532,1.42002038893009,0.0624615451378003,0.950195284650781,NA
"ENSMUSG00000104731",0.0432773486139992,0,7.3561311249555,0,1,NA
"ENSMUSG00000104733",0,NA,NA,NA,NA,NA
"ENSMUSG00000104738",0.0710374986746129,2.16226366003379,7.28481246100722,0.296818026765623,0.766605441993722,NA
"ENSMUSG00000104739",0.0406180793754555,0,7.3561311249555,0,1,NA
"ENSMUSG00000104742",0.0355187493373065,1.16171280725677,7.35565536667627,0.157934643392857,0.874508299155349,NA
"ENSMUSG00000104744",0.236925256175217,-3.11374981389362,7.26826500784757,-0.428403451240659,0.668357412433936,NA
"ENSMUSG00000104752",0.0812361587509111,0,7.3561311249555,0,1,NA
"ENSMUSG00000104754",0,NA,NA,NA,NA,NA
"ENSMUSG00000104756",3.30413749775889,-0.599155137364625,1.41654858261051,-0.422968294006876,0.67231839397503,NA
"ENSMUSG00000104759",0,NA,NA,NA,NA,NA
"ENSMUSG00000104760",0,NA,NA,NA,NA,NA
"ENSMUSG00000104765",2.61821769266773,1.3738287026897,1.87858532983458,0.731310247595021,0.464589672571168,NA
"ENSMUSG00000104769",0.165715001976194,0,7.3561311249555,0,1,NA
"ENSMUSG00000104770",0.302432208528472,-2.72374744288242,7.28506287522869,-0.373881116681084,0.708492766000468,NA
"ENSMUSG00000104772",0,NA,NA,NA,NA,NA
"ENSMUSG00000104774",0,NA,NA,NA,NA,NA
"ENSMUSG00000104775",0.705236115802251,-0.234409149738916,3.50688885376333,-0.0668424804759256,0.946707104481554,NA
"ENSMUSG00000104777",0,NA,NA,NA,NA,NA
"ENSMUSG00000104779",0.0710374986746129,2.16226366003378,7.28481246100722,0.296818026765623,0.766605441993722,NA
"ENSMUSG00000104780",0.397240587882654,2.72747836202585,7.26136922647773,0.375614884322425,0.707203223666439,NA
"ENSMUSG00000104787",0.388163955826846,-1.11868700521964,7.29466356337913,-0.153356902001033,0.878116830005066,NA
"ENSMUSG00000104788",0.0409190281194281,0,7.3561311249555,0,1,NA
"ENSMUSG00000104790",0.0474375977968173,0,7.3561311249555,0,1,NA
"ENSMUSG00000104792",0.225592299716268,0.788382928226631,7.27869313567267,0.108313802152585,0.913746774494152,NA
"ENSMUSG00000104798",0.118494031360311,1.15714261474006,7.35587836607509,0.157308557476526,0.875001676336664,NA
"ENSMUSG00000104799",0,NA,NA,NA,NA,NA
"ENSMUSG00000104802",6.63335737819526,-0.573146147524572,1.06048921216226,-0.540454481716008,0.58888364394567,NA
"ENSMUSG00000104805",0,NA,NA,NA,NA,NA
"ENSMUSG00000104810",0.0381979668618393,0,7.3561311249555,0,1,NA
"ENSMUSG00000104815",0.124308341368242,1.09489610070388,7.3546786916914,0.148870691243221,0.881655668464083,NA
"ENSMUSG00000104819",0.117443684645085,-2.55157654649322,7.29480186995954,-0.349780102596175,0.726503732754434,NA
"ENSMUSG00000104824",0.253350363238038,0,7.3561311249555,0,1,NA
"ENSMUSG00000104831",0.118330448650411,2.15345932485519,7.28502511924943,0.295600809826317,0.767534955107828,NA
"ENSMUSG00000104832",0.0380762098104571,-1.67431590235222,7.3501929692546,-0.227792101425878,0.819807867435575,NA
"ENSMUSG00000104834",0.339994650262251,-1.66346853404196,7.34991816550426,-0.226324769417052,0.820948834936495,NA
"ENSMUSG00000104838",0.287208409121743,1.14360565232882,7.35591852003121,0.155467417048546,0.876452839020044,NA
"ENSMUSG00000104841",0.19742547067906,0.766915141997048,7.27891345800367,0.105361211727799,0.916089193261926,NA
"ENSMUSG00000104842",0,NA,NA,NA,NA,NA
"ENSMUSG00000104843",1.25834602955194,1.14917179183113,3.02168661908647,0.380308065228337,0.703716749330724,NA
"ENSMUSG00000104849",0.0761524196209141,-2.55627499047924,7.29465809108018,-0.350431090609309,0.726015196884991,NA
"ENSMUSG00000104853",0.0710374986746129,2.16226366003378,7.28481246100722,0.296818026765623,0.766605441993722,NA
"ENSMUSG00000104855",0.0761524196209141,-2.55627499047924,7.29465809108018,-0.350431090609309,0.726015196884991,NA
"ENSMUSG00000104862",2.85963402509372,-2.28791345574978,1.5687698352727,-1.45841244796249,0.144726891600366,NA
"ENSMUSG00000104864",3.73740154400184,-2.70483131130619,2.28649017549293,-1.18296214009451,0.236824152351213,NA
"ENSMUSG00000104876",68.4821288687021,-0.933368381549947,0.747275251222597,-1.24902889534062,0.211654505428468,0.411243125923501
"ENSMUSG00000104881",0.0829496284890748,0,7.3561311249555,0,1,NA
"ENSMUSG00000104882",0.368616963286189,0,7.3561311249555,0,1,NA
"ENSMUSG00000104883",0.117813213131763,0,7.3561311249555,0,1,NA
"ENSMUSG00000104887",0.216879549365774,0,7.3561311249555,0,1,NA
"ENSMUSG00000104889",0.0812361587509111,0,7.3561311249555,0,1,NA
"ENSMUSG00000104892",0.147152754598312,0.780107394194184,7.27890368351116,0.107173748700832,0.914651140960206,NA
"ENSMUSG00000104893",0.744106883741465,-2.57661594566709,3.13799357799941,-0.821103001526786,0.411587600494705,NA
"ENSMUSG00000104895",0.128328647817667,0,7.3561311249555,0,1,NA
"ENSMUSG00000104899",0.216678032303063,-1.65429744797998,7.34968561797398,-0.225084110255589,0.821913842016969,NA
"ENSMUSG00000104902",0.081236158750911,0,7.3561311249555,0,1,NA
"ENSMUSG00000104913",1.12073306295569,-2.87184067063537,3.25664454796485,-0.881840381514783,0.37786313091375,NA
"ENSMUSG00000104915",7.86316649253914,0.195952614542083,1.107146024127,0.176988952018859,0.859517067593351,NA
"ENSMUSG00000104920",7.18719373524729,-1.35360871570089,1.57431424316712,-0.859808466813957,0.389894631280965,NA
"ENSMUSG00000104922",0,NA,NA,NA,NA,NA
"ENSMUSG00000104923",12.1241191893188,-0.0142162451839925,0.811148874054738,-0.0175260616623049,0.986016941837602,NA
"ENSMUSG00000104930",0,NA,NA,NA,NA,NA
"ENSMUSG00000104931",0.106556248011919,2.74727956207311,7.26104728326191,0.378358583121489,0.705164231160339,NA
"ENSMUSG00000104934",0,NA,NA,NA,NA,NA
"ENSMUSG00000104942",0,NA,NA,NA,NA,NA
"ENSMUSG00000104944",0,NA,NA,NA,NA,NA
"ENSMUSG00000104946",0.519232101572007,2.15625532161203,7.28521174364127,0.295977028189204,0.767247624692393,NA
"ENSMUSG00000104949",0.156856045596831,1.14816860117975,7.3560348850554,0.156085257767386,0.875965818535011,NA
"ENSMUSG00000104952",0.11966183569537,1.15643318271324,7.35591304023557,0.157211372182861,0.875078266044019,NA
"ENSMUSG00000104954",0.280129502849356,-2.54032936220761,7.29514416306239,-0.348221954964249,0.727673500709066,NA
"ENSMUSG00000104957",0,NA,NA,NA,NA,NA
"ENSMUSG00000104959",0.157753546251628,1.13073737454463,7.35558994539157,0.15372490621953,0.877826645879098,NA
"ENSMUSG00000104962",0.515637668551764,0,6.33774299907174,0,1,NA
"ENSMUSG00000104967",0.759389593912194,-2.73230285413521,3.53999310273252,-0.771838468280107,0.440210104746327,NA
"ENSMUSG00000104972",0.424427348106895,-3.09353355623601,7.26869328772687,-0.425596931082429,0.670401576907139,NA
"ENSMUSG00000104975",0,NA,NA,NA,NA,NA
"ENSMUSG00000104976",0.0761524196209141,-2.55627499047924,7.29465809108018,-0.350431090609309,0.726015196884991,NA
"ENSMUSG00000104978",2.64993838943404,-0.235037981170186,2.54053417320948,-0.0925151819049378,0.926288729535,NA
"ENSMUSG00000104984",0.645190157043533,-3.72663851652401,5.18397894255996,-0.718876090704897,0.472217269260339,NA
"ENSMUSG00000104992",0,NA,NA,NA,NA,NA
"ENSMUSG00000104993",0.0355187493373064,1.16171280725677,7.35565536667627,0.157934643392857,0.874508299155349,NA
"ENSMUSG00000104995",0.0380762098104571,-1.67431590235222,7.3501929692546,-0.227792101425878,0.819807867435575,NA
"ENSMUSG00000105005",0.0380762098104571,-1.67431590235222,7.3501929692546,-0.227792101425878,0.819807867435575,NA
"ENSMUSG00000105007",0.111443338985718,2.14352061723679,7.28526665041513,0.29422678950463,0.768584611100827,NA
"ENSMUSG00000105009",0.0711677912777981,0,7.3561311249555,0,1,NA
"ENSMUSG00000105013",0.260851111169427,0,7.3561311249555,0,1,NA
"ENSMUSG00000105015",0.134966733857958,0,7.3561311249555,0,1,NA
"ENSMUSG00000105016",0,NA,NA,NA,NA,NA
"ENSMUSG00000105020",0.264097556631486,-0.693841671041484,7.19557528175154,-0.0964261568913208,0.923182118719336,NA
"ENSMUSG00000105021",0.320687692009494,-1.68835200015495,7.26776112263243,-0.232307029863333,0.816299552740177,NA
"ENSMUSG00000105024",0.878823321126741,-1.31086097041367,4.16032664929482,-0.315086069175809,0.752696305401263,NA
"ENSMUSG00000105026",0.244080120509324,-3.64678154882619,7.25165598310413,-0.502889485839227,0.615041973739502,NA
"ENSMUSG00000105028",0.0380762098104571,-1.67431590235222,7.3501929692546,-0.227792101425878,0.819807867435575,NA
"ENSMUSG00000105031",5.08929658440628,-0.397316767238695,0.949249896496137,-0.418558662692793,0.675538705532815,NA
"ENSMUSG00000105032",0.131030666156734,-1.9104579017651,7.34027641527845,-0.260270566621792,0.794655074847244,NA
"ENSMUSG00000105035",0.0838390446623798,0,7.3561311249555,0,1,NA
"ENSMUSG00000105038",0.0425774740632087,0,7.3561311249555,0,1,NA
"ENSMUSG00000105040",0.99429736081994,-0.373047027531267,2.82265138739771,-0.13216192024166,0.894856220103687,NA
"ENSMUSG00000105043",0,NA,NA,NA,NA,NA
"ENSMUSG00000105045",0.586257858983531,-1.11693314921577,5.98041435298361,-0.186765177676784,0.851844750649667,NA
"ENSMUSG00000105047",2.3301840950969,0.62177389724107,1.93792239035405,0.320845612980133,0.748327391085976,NA
"ENSMUSG00000105051",0.295785123901477,-1.64589828185641,7.34947282107634,-0.22394780168945,0.822797919824687,NA
"ENSMUSG00000105053",1.29767850657249,0,6.55722724828961,0,1,NA
"ENSMUSG00000105054",0.823353524785737,-1.52365710329178,6.37076437870372,-0.239163939006295,0.81097846382445,NA
"ENSMUSG00000105056",0,NA,NA,NA,NA,NA
"ENSMUSG00000105061",0.242695421865478,-2.54587669872141,7.2949746870176,-0.348990477410722,0.727096458596361,NA
"ENSMUSG00000105066",0,NA,NA,NA,NA,NA
"ENSMUSG00000105067",0,NA,NA,NA,NA,NA
"ENSMUSG00000105070",0,NA,NA,NA,NA,NA
"ENSMUSG00000105073",0.313435954120899,-1.82872200669059,7.26316467529794,-0.251780331087643,0.801210861171643,NA
"ENSMUSG00000105074",0.117117820142629,-2.48184192027969,7.29698844592228,-0.340118658357832,0.733767171168092,NA
"ENSMUSG00000105075",0,NA,NA,NA,NA,NA
"ENSMUSG00000105077",3.88603451310688,-0.449924570074891,1.13474328688825,-0.39649899256835,0.691736950907989,NA
"ENSMUSG00000105078",1.20343754951621,3.82551524620327,3.49601658549864,1.09424974185517,0.273845460986596,NA
"ENSMUSG00000105080",7.43012138543896,-6.34858217868931,4.62194131973767,-1.37357481186058,0.169573721045691,NA
"ENSMUSG00000105081",5.0952067748788,4.13772424156894,2.98930781456668,1.38417469803749,0.166304968803087,NA
"ENSMUSG00000105082",0.619601188982208,3.14653053241685,5.22743473448335,0.601926316106908,0.547223186064808,NA
"ENSMUSG00000105088",0.0852606947487214,0,7.3561311249555,0,1,NA
"ENSMUSG00000105089",0,NA,NA,NA,NA,NA
"ENSMUSG00000105090",0.0488582735869228,-1.88445199085273,7.34129618423011,-0.256691998737325,0.797416548724726,NA
"ENSMUSG00000105091",0,NA,NA,NA,NA,NA
"ENSMUSG00000105093",3.11126227821584,1.57788485918417,1.76932703410329,0.891799440561793,0.372500441629135,NA
"ENSMUSG00000105094",0.114453492955186,0,7.3561311249555,0,1,NA
"ENSMUSG00000105096",55.1987601975749,-1.17226758177483,0.91396894088487,-1.28261205532858,0.199628024521555,NA
"ENSMUSG00000105103",0.0488582735869228,-1.88445199085273,7.34129618423011,-0.256691998737325,0.797416548724726,NA
"ENSMUSG00000105110",0,NA,NA,NA,NA,NA
"ENSMUSG00000105111",0.620351246913433,0.562522521519769,5.18340375141061,0.108523770961636,0.913580225367602,NA
"ENSMUSG00000105113",0.0870801234940308,-2.74058609684442,7.28506289674443,-0.376192510028861,0.70677378328059,NA
"ENSMUSG00000105114",0,NA,NA,NA,NA,NA
"ENSMUSG00000105117",0,NA,NA,NA,NA,NA
"ENSMUSG00000105121",0,NA,NA,NA,NA,NA
"ENSMUSG00000105123",0.217233246780498,-1.6414603462702,7.34936052788476,-0.223347370161283,0.82326516219723,NA
"ENSMUSG00000105124",2.67752514896249,1.9904343543974,1.67207872081156,1.19039512292299,0.233891129047285,NA
"ENSMUSG00000105126",0.0450384044921535,0,7.3561311249555,0,1,NA
"ENSMUSG00000105129",0.792971176038117,-0.5901681205352,3.54673598516887,-0.166397533676897,0.867844114739526,NA
"ENSMUSG00000105132",0.334036333694437,-0.492993408680822,7.33989702414596,-0.0671662568369867,0.946449347583756,NA
"ENSMUSG00000105141",0.0380762098104571,-1.67431590235222,7.3501929692546,-0.227792101425878,0.819807867435575,NA
"ENSMUSG00000105143",0.112050757616565,-2.56706300357156,7.29432752834258,-0.351925930608007,0.724893811839096,NA
"ENSMUSG00000105144",4.00211544576208,0.621293457689204,1.77033695771867,0.350946442698585,0.725628528411715,NA
"ENSMUSG00000105147",1.60259207766071,2.14865283538972,2.49358720860295,0.86167142178818,0.388868356111728,NA
"ENSMUSG00000105150",4.91559803256494,0.790987186937953,1.09682522966825,0.721160642135484,0.470810683933413,NA
"ENSMUSG00000105154",0.0787099154785972,-1.66909045513728,7.35006051091717,-0.227085267210814,0.820357439877578,NA
"ENSMUSG00000105156",8.19444492658966,0.328738217834208,0.88471000804416,0.37157736981065,0.710207540841706,NA
"ENSMUSG00000105159",0.0355187493373064,1.16171280725677,7.35565536667627,0.157934643392857,0.874508299155349,NA
"ENSMUSG00000105163",0.10665544408596,2.16361755364577,7.28477802454367,0.29700528229634,0.766462476322619,NA
"ENSMUSG00000105170",0,NA,NA,NA,NA,NA
"ENSMUSG00000105171",1.47263295021526,-2.36828142503582,3.99976237806043,-0.592105530575106,0.553779923695896,NA
"ENSMUSG00000105173",0.0790510981949634,1.15513809154753,7.35597637931902,0.157033958781481,0.875218084870837,NA
"ENSMUSG00000105175",0.120528253773495,-2.55154318487433,7.29480289243411,-0.349775480228629,0.726507202021756,NA
"ENSMUSG00000105177",0,NA,NA,NA,NA,NA
"ENSMUSG00000105180",0.218198073136984,2.16078166075454,7.28484429216951,0.296613293859577,0.766761760367725,NA
"ENSMUSG00000105181",6.93954152353794,-0.238089003529558,0.952239839251576,-0.250030500421708,0.802563761642836,NA
"ENSMUSG00000105188",0.13105493151118,0,7.3561311249555,0,1,NA
"ENSMUSG00000105189",0.0400922426516566,0,7.3561311249555,0,1,NA
"ENSMUSG00000105191",0.0711677912777981,0,7.3561311249555,0,1,NA
"ENSMUSG00000105193",0,NA,NA,NA,NA,NA
"ENSMUSG00000105194",0.242695421865478,-2.54587669872141,7.2949746870176,-0.348990477410722,0.727096458596361,NA
"ENSMUSG00000105204",0.788448426769037,0,7.3561311249555,0,1,NA
"ENSMUSG00000105206",1.09032569926958,2.7322102517081,3.06173243958849,0.892373943712508,0.372192532441871,NA
"ENSMUSG00000105207",394.720622035365,0.0645287287617113,1.07024373454998,0.0602934889302056,0.951921887594423,0.983254739693926
"ENSMUSG00000105213",0.044481691519064,0,7.3561311249555,0,1,NA
"ENSMUSG00000105216",5.74390817212534,-1.97318551899394,1.59082245357101,-1.24035558749163,0.214843900376058,NA
"ENSMUSG00000105221",0.491501860814668,3.47422629982771,5.36172677330287,0.64796779968845,0.517005777134362,NA
"ENSMUSG00000105223",0,NA,NA,NA,NA,NA
"ENSMUSG00000105225",0.0977165471738455,-2.90148482602865,7.2774271891271,-0.398696510542028,0.690116839330894,NA
"ENSMUSG00000105231",14.1327737630988,0,2.24159173662779,0,1,NA
"ENSMUSG00000105233",1.36529900416564,0.687150947333648,2.38946296222083,0.287575475409333,0.773671719980077,NA
"ENSMUSG00000105235",0.0827338934234952,0,7.3561311249555,0,1,NA
"ENSMUSG00000105237",0.248853409591843,0.53695248288188,7.2700082175699,0.0738585799097438,0.941122914232347,NA
"ENSMUSG00000105240",0.0355187493373064,1.16171280725677,7.35565536667627,0.157934643392857,0.874508299155349,NA
"ENSMUSG00000105241",0,NA,NA,NA,NA,NA
"ENSMUSG00000105242",0.263932158977822,3.15956249458598,7.24916456238925,0.435851947820125,0.66294415078592,NA
"ENSMUSG00000105244",1.10680783401647,-1.15403723120172,2.95150486227694,-0.390999603609473,0.69579752885676,NA
"ENSMUSG00000105246",0.0736642612110365,-1.67580991674055,7.35022992646492,-0.227994216984519,0.819650736317144,NA
"ENSMUSG00000105248",0,NA,NA,NA,NA,NA
"ENSMUSG00000105250",1.89941869423762,-0.945479235718383,1.72490002277286,-0.548135673509052,0.583598747273131,NA
"ENSMUSG00000105253",2.2039550717238,-0.0954858202903363,1.530026532783,-0.062407950610278,0.950237963632292,NA
"ENSMUSG00000105262",0.0790228233454075,0,7.3561311249555,0,1,NA
"ENSMUSG00000105266",0,NA,NA,NA,NA,NA
"ENSMUSG00000105267",0.0419195223311899,0,7.3561311249555,0,1,NA
"ENSMUSG00000105269",0.0380762098104571,-1.67431590235222,7.3501929692546,-0.227792101425878,0.819807867435575,NA
"ENSMUSG00000105273",0.0710374986746129,2.16226366003379,7.28481246100722,0.296818026765623,0.766605441993722,NA
"ENSMUSG00000105275",0.035583895638899,0,7.3561311249555,0,1,NA
"ENSMUSG00000105277",0.162291587532537,1.13336785457381,7.3553896812255,0.154086717861694,0.87754136081838,NA
"ENSMUSG00000105280",0.184380268135838,3.15589508423382,7.24921513960602,0.435343002443343,0.66331347568962,NA
"ENSMUSG00000105281",0,NA,NA,NA,NA,NA
"ENSMUSG00000105291",0.426000280814097,-1.69384662213152,7.26747747437105,-0.233072153041397,0.81570537812611,NA
"ENSMUSG00000105294",0.369062333969601,-0.240431868239292,7.34886041425036,-0.0327168914207521,0.973900353696043,NA
"ENSMUSG00000105295",7.2822772771904,0.719797789445336,1.96489316264129,0.366329224983283,0.714119424594006,NA
"ENSMUSG00000105298",0,NA,NA,NA,NA,NA
"ENSMUSG00000105301",0,NA,NA,NA,NA,NA
"ENSMUSG00000105303",0,NA,NA,NA,NA,NA
"ENSMUSG00000105305",0,NA,NA,NA,NA,NA
"ENSMUSG00000105306",0,NA,NA,NA,NA,NA
"ENSMUSG00000105309",0.0828133386640704,0,7.3561311249555,0,1,NA
"ENSMUSG00000105310",0.090076808984307,0,7.35613112495549,0,1,NA
"ENSMUSG00000105313",0.0380762098104571,-1.67431590235222,7.3501929692546,-0.227792101425878,0.819807867435575,NA
"ENSMUSG00000105314",0,NA,NA,NA,NA,NA
"ENSMUSG00000105315",0.0871381509647896,-1.89460808364753,7.3408943262138,-0.258089545967447,0.79633779945317,NA
"ENSMUSG00000105317",0.197442054592389,0,7.3561311249555,0,1,NA
"ENSMUSG00000105319",0,NA,NA,NA,NA,NA
"ENSMUSG00000105323",0.0419195223311899,0,7.3561311249555,0,1,NA
"ENSMUSG00000105325",0.293509160516861,0,7.3561311249555,0,1,NA
"ENSMUSG00000105327",0.763414902416857,2.13126326545011,3.89319139045736,0.547433468252824,0.584080967259896,NA
"ENSMUSG00000105336",2.17184038315812,-3.58841389371613,2.32849769331561,-1.54108544063297,0.123295992824986,NA
"ENSMUSG00000105338",0,NA,NA,NA,NA,NA
"ENSMUSG00000105340",0.951039268672482,0,7.3561311249555,0,1,NA
"ENSMUSG00000105343",0.129800474240415,0,7.3561311249555,0,1,NA
"ENSMUSG00000105346",0.212941773609143,-1.89155635659595,7.34101439871173,-0.257669615377392,0.796661897841468,NA
"ENSMUSG00000105348",0.0763959337236786,0,7.3561311249555,0,1,NA
"ENSMUSG00000105351",0.0355187493373064,1.16171280725677,7.35565536667627,0.157934643392857,0.874508299155349,NA
"ENSMUSG00000105357",0.867718103012201,2.69977165174893,4.39636141538118,0.614092290570895,0.539154342427118,NA
"ENSMUSG00000105359",6.55957538516796,0.0629238359671408,1.24879270717743,0.0503877349743368,0.959813410044436,NA
"ENSMUSG00000105360",1.25387565370428,-3.32715676086281,2.50544674819342,-1.32796945824608,0.184188196781788,NA
"ENSMUSG00000105363",0.115139586893841,-0.239236554015459,7.34980747788841,-0.0325500436215768,0.974033408112291,NA
"ENSMUSG00000105364",0.649784619373088,2.05794714329901,7.16670193774501,0.287154002102471,0.773994404730115,NA
"ENSMUSG00000105369",0.044481691519064,0,7.3561311249555,0,1,NA
"ENSMUSG00000105370",64.5372143105583,0.493313191095328,0.819086169081439,0.602272642020744,0.546992668507048,NA
"ENSMUSG00000105375",0,NA,NA,NA,NA,NA
"ENSMUSG00000105380",0.599099388131134,-0.517020621414448,5.85553152381756,-0.0882961041728579,0.92964133528346,NA
"ENSMUSG00000105384",0.0488582735869228,-1.88445199085273,7.34129618423011,-0.256691998737325,0.797416548724726,NA
"ENSMUSG00000105386",0.0977165471738455,-2.90148482602865,7.2774271891271,-0.398696510542028,0.690116839330894,NA
"ENSMUSG00000105388",877.745061830955,-0.846659625082936,0.311330801516921,-2.71948557919002,0.00653835459367065,0.0488518370896217
"ENSMUSG00000105390",0.331310443927711,0,7.3561311249555,0,1,NA
"ENSMUSG00000105393",69.2758055148488,-0.879697560195404,1.03747280957736,-0.847923484909233,0.396480584486532,0.603069320386351
"ENSMUSG00000105394",0,NA,NA,NA,NA,NA
"ENSMUSG00000105395",1.47307155401977,0.455287153801941,2.38193700624774,0.19114155941477,0.848414688138478,NA
"ENSMUSG00000105396",2.75268254068554,-4.62868832775119,1.93826022705455,-2.38806341023935,0.0169374191458538,NA
"ENSMUSG00000105397",1.63895285958973,0.191023118555038,2.65458211235086,0.0719597701145777,0.94263392361119,NA
"ENSMUSG00000105404",0.267321465692117,0,7.3561311249555,0,1,NA
"ENSMUSG00000105405",0,NA,NA,NA,NA,NA
"ENSMUSG00000105406",4.86008348638934,-0.709834929175038,1.20573938149536,-0.588713398657263,0.556053548243569,NA
"ENSMUSG00000105407",0.0737814133315991,0,7.3561311249555,0,1,NA
"ENSMUSG00000105408",50.2537441031378,-0.0137583802798913,0.414434027632859,-0.0331979986259228,0.973516694109449,NA
"ENSMUSG00000105410",0.0355187493373064,1.16171280725677,7.35565536667627,0.157934643392857,0.874508299155349,NA
"ENSMUSG00000105422",0.0406180793754555,0,7.3561311249555,0,1,NA
"ENSMUSG00000105432",2.27153123549881,-1.63143183253027,7.34910652632577,-0.221990500026935,0.824321278720115,NA
"ENSMUSG00000105436",0,NA,NA,NA,NA,NA
"ENSMUSG00000105441",2.10591529068805,2.13362316925668,2.49467417426039,0.855271278017397,0.3924009843009,NA
"ENSMUSG00000105451",0,NA,NA,NA,NA,NA
"ENSMUSG00000105452",0.499336061299728,0.570481509103005,4.82618266990607,0.118205535952933,0.90590480365664,NA
"ENSMUSG00000105461",5.68714290439961,-6.56331219769348,2.20085318563036,-2.98216720703869,0.00286215632746956,NA
"ENSMUSG00000105462",12.6718983378708,0,4.86132645871955,0,1,NA
"ENSMUSG00000105463",0,NA,NA,NA,NA,NA
"ENSMUSG00000105464",0.035583895638899,0,7.3561311249555,0,1,NA
"ENSMUSG00000105467",0.0395777740753473,0,7.3561311249555,0,1,NA
"ENSMUSG00000105473",0.0381979668618393,0,7.3561311249555,0,1,NA
"ENSMUSG00000105474",0.282917753674709,2.11018843781099,7.28505941257483,0.28965974308577,0.772076556895374,NA
"ENSMUSG00000105480",0.519348706249143,0,7.3561311249555,0,1,NA
"ENSMUSG00000105486",0.281935166486699,-3.13390174263784,7.26784379444572,-0.431201031732803,0.666322203809532,NA
"ENSMUSG00000105487",0,NA,NA,NA,NA,NA
"ENSMUSG00000105491",0,NA,NA,NA,NA,NA
"ENSMUSG00000105492",0.0355187493373064,1.16171280725677,7.35565536667627,0.157934643392857,0.874508299155349,NA
"ENSMUSG00000105493",0.268197659650677,-0.236855916501623,7.35008717949213,-0.0322249125374305,0.974292689161495,NA
"ENSMUSG00000105498",0,NA,NA,NA,NA,NA
"ENSMUSG00000105499",14.1198781523256,0,2.45364856308665,0,1,NA
"ENSMUSG00000105504",123.547937886676,0.134857607651524,0.302031072026464,0.446502430186083,0.655234357557588,0.805214651862387
"ENSMUSG00000105505",0.0457933870972339,0,7.3561311249555,0,1,NA
"ENSMUSG00000105506",2.47417109524896,1.16235573520343,1.46528348938428,0.793263381198579,0.427624387000253,NA
"ENSMUSG00000105507",0,NA,NA,NA,NA,NA
"ENSMUSG00000105518",8.39858062348873,0,2.26387367627789,0,1,NA
"ENSMUSG00000105521",0.154043138383323,2.14384668982314,7.28525870090799,0.294271868417788,0.768550167201529,NA
"ENSMUSG00000105522",2.99963044722474,0.329480094876249,1.70998231120183,0.192680411205354,0.847209265567253,NA
"ENSMUSG00000105523",0.0355187493373064,1.16171280725677,7.35565536667627,0.157934643392857,0.874508299155349,NA
"ENSMUSG00000105525",0,NA,NA,NA,NA,NA
"ENSMUSG00000105529",5.76894956446657,-0.977386022704842,1.34611541236949,-0.726078918437166,0.467790391986305,NA
"ENSMUSG00000105532",0.0761524196209141,-2.55627499047924,7.29465809108018,-0.350431090609309,0.726015196884991,NA
"ENSMUSG00000105533",57.7611942265168,6.39718917977943,2.30990592840733,2.76945874769466,0.00561495142090359,NA
"ENSMUSG00000105536",4.66211042567178,0.283578899178954,1.28469957118242,0.220735575491749,0.825298329382883,NA
"ENSMUSG00000105538",0.0853688466798202,0,7.3561311249555,0,1,NA
"ENSMUSG00000105539",0,NA,NA,NA,NA,NA
"ENSMUSG00000105540",0.548682044642845,-1.66972536081272,6.14123276629999,-0.271887652585869,0.785708405542036,NA
"ENSMUSG00000105542",0.730670856544013,-0.0944875866178753,7.13020426533818,-0.0132517362899692,0.989426953664135,NA
"ENSMUSG00000105547",583.198527166714,1.21623580838447,1.47618379479,0.823905405734041,0.409993308649879,0.614430542147371
"ENSMUSG00000105548",0,NA,NA,NA,NA,NA
"ENSMUSG00000105549",122.879766254645,-0.270915049879447,0.830244665984384,-0.326307486189309,0.744191724785286,0.86276628720248
"ENSMUSG00000105551",0.0458889004883165,0,7.3561311249555,0,1,NA
"ENSMUSG00000105554",0.47552112187567,0,7.3561311249555,0,1,NA
"ENSMUSG00000105558",4.96799962192171,0.347036912837285,1.48518871933298,0.233665195755825,0.815244909560522,NA
"ENSMUSG00000105559",0,NA,NA,NA,NA,NA
"ENSMUSG00000105564",0.262898313732586,0,7.3561311249555,0,1,NA
"ENSMUSG00000105566",0.0474375977968173,0,7.3561311249555,0,1,NA
"ENSMUSG00000105573",1.63002755913544,1.28523231775805,2.00268822723177,0.641753569168663,0.521033201125405,NA
"ENSMUSG00000105576",0,NA,NA,NA,NA,NA
"ENSMUSG00000105582",0,NA,NA,NA,NA,NA
"ENSMUSG00000105588",1.44442578891254,2.00480636013349,2.40522536388341,0.833521211873711,0.404550839836661,NA
"ENSMUSG00000105589",0.670927164213388,-0.113157092170477,5.93194913730604,-0.0190758702664579,0.984780580665552,NA
"ENSMUSG00000105591",0,NA,NA,NA,NA,NA
"ENSMUSG00000105595",0.0406180793754555,0,7.3561311249555,0,1,NA
"ENSMUSG00000105599",1.63518541094145,-0.30751827760929,2.0603023908986,-0.149258807332242,0.881349418089539,NA
"ENSMUSG00000105600",24.0670175717825,0.792220907440719,0.551404988237861,1.43673148473401,0.150794305137598,NA
"ENSMUSG00000105603",0.106556248011919,2.74727956207311,7.26104728326191,0.378358583121489,0.705164231160339,NA
"ENSMUSG00000105605",0.0889633830381281,0,7.3561311249555,0,1,NA
"ENSMUSG00000105606",209.994767420943,0,4.39689726555251,0,1,1
"ENSMUSG00000105608",0.0791817117647342,1.140379828386,7.35583734929385,0.155030593287312,0.876797198921001,NA
"ENSMUSG00000105614",0.168700580399498,0,7.3561311249555,0,1,NA
"ENSMUSG00000105616",0.0432773486139992,0,7.3561311249555,0,1,NA
"ENSMUSG00000105625",0,NA,NA,NA,NA,NA
"ENSMUSG00000105629",69.2758055148488,-0.879697560195404,1.03747280957736,-0.847923484909233,0.396480584486532,0.603069320386351
"ENSMUSG00000105630",0.120834342952245,-1.66208203108032,7.34988288268771,-0.226137213015363,0.821094702341543,NA
"ENSMUSG00000105633",1.1477417240004,-0.344442689979229,2.30876354677483,-0.149189244806117,0.881404306418944,NA
"ENSMUSG00000105634",0.0787037113118443,-1.67106587209478,7.35011058320879,-0.227352480371153,0.820149667918135,NA
"ENSMUSG00000105641",3.53045141921777,-0.956218729262075,1.76334512987126,-0.542275424738825,0.587628782637952,NA
"ENSMUSG00000105644",0.290712597019353,0,7.3561311249555,0,1,NA
"ENSMUSG00000105645",0,NA,NA,NA,NA,NA
"ENSMUSG00000105649",0.0409190281194281,0,7.3561311249555,0,1,NA
"ENSMUSG00000105654",0.205921944134235,1.12688836201936,7.3554935285035,0.15320363720701,0.878237689458819,NA
"ENSMUSG00000105658",0.164560488331287,0,7.3561311249555,0,1,NA
"ENSMUSG00000105661",0,NA,NA,NA,NA,NA
"ENSMUSG00000105665",0,NA,NA,NA,NA,NA
"ENSMUSG00000105666",0.191373402151374,2.1505161717873,7.28506061572993,0.295195371078163,0.767844637872794,NA
"ENSMUSG00000105667",0.0474375977968173,0,7.3561311249555,0,1,NA
"ENSMUSG00000105668",0.238690309046149,-1.08303154675073,7.29550227225144,-0.148451951124743,0.881986103154451,NA
"ENSMUSG00000105669",0,NA,NA,NA,NA,NA
"ENSMUSG00000105671",0.891293896044024,0.170612001409199,7.07687689145189,0.0241083749266969,0.980766163039711,NA
"ENSMUSG00000105672",0.0406180793754555,0,7.3561311249555,0,1,NA
"ENSMUSG00000105675",0.0761524196209141,-2.55627499047924,7.29465809108018,-0.350431090609309,0.726015196884991,NA
"ENSMUSG00000105680",0.07360152325057,-0.232778917519299,7.34993701114717,-0.031670872439622,0.974734523655281,NA
"ENSMUSG00000105684",0,NA,NA,NA,NA,NA
"ENSMUSG00000105685",0.0826030855252657,-1.66806789809173,7.35003459237899,-0.226946945232243,0.820464997275146,NA
"ENSMUSG00000105687",0.149946638815073,-0.228422328095374,7.34974584992796,-0.0310789424232421,0.97520658306829,NA
"ENSMUSG00000105696",0.0406180793754555,0,7.3561311249555,0,1,NA
"ENSMUSG00000105705",0.45838438208906,-1.66500671093141,7.3499570047724,-0.226532850443928,0.820787012251488,NA
"ENSMUSG00000105706",0.151781391582266,0.748663649460802,7.27940327413437,0.102846843520952,0.918084526602716,NA
"ENSMUSG00000105712",0.0355187493373065,1.16171280725677,7.35565536667627,0.157934643392857,0.874508299155349,NA
"ENSMUSG00000105713",0.195418728654695,-3.136645225428,7.26778688572023,-0.431581893463454,0.666045320613297,NA
"ENSMUSG00000105714",0.114651122744005,-1.66703712758504,7.35000750495449,-0.226807540871396,0.820573399735494,NA
"ENSMUSG00000105721",10.9741322612216,2.9933429542701,3.66479401941627,0.816783409493472,0.414052214895235,NA
"ENSMUSG00000105722",0.0711026175631127,1.1633246916317,7.35557499267728,0.158155506916839,0.874334262751527,NA
"ENSMUSG00000105725",0,NA,NA,NA,NA,NA
"ENSMUSG00000105727",0.0474375977968173,0,7.3561311249555,0,1,NA
"ENSMUSG00000105732",0,NA,NA,NA,NA,NA
"ENSMUSG00000105734",0.209019469827921,0,7.3561311249555,0,1,NA
"ENSMUSG00000105737",0.119465093963816,-1.6710603400806,7.35011044296309,-0.22735173206553,0.820150249746581,NA
"ENSMUSG00000105739",0.827800939824287,-1.21626204115391,2.88163236158029,-0.422073980487543,0.672971019157112,NA
"ENSMUSG00000105744",0.0380762098104571,-1.67431590235222,7.3501929692546,-0.227792101425878,0.819807867435575,NA
"ENSMUSG00000105746",0.0763959337236786,0,7.3561311249555,0,1,NA
"ENSMUSG00000105747",0,NA,NA,NA,NA,NA
"ENSMUSG00000105749",0,NA,NA,NA,NA,NA
"ENSMUSG00000105751",0,NA,NA,NA,NA,NA
"ENSMUSG00000105752",0.0763959337236786,0,7.3561311249555,0,1,NA
"ENSMUSG00000105757",0.618417778697459,0,7.3561311249555,0,1,NA
"ENSMUSG00000105763",0.0355187493373064,1.16171280725677,7.35565536667627,0.157934643392857,0.874508299155349,NA
"ENSMUSG00000105764",0,NA,NA,NA,NA,NA
"ENSMUSG00000105775",1.69847813399018,-1.79630662827956,2.95622012922449,-0.607636288827648,0.543428727158336,NA
"ENSMUSG00000105779",0.453206882701394,0.763510302983741,7.27904227652067,0.104891587928611,0.916461834006869,NA
"ENSMUSG00000105781",0.465100056216695,-2.50396269666863,7.29628404029578,-0.343183281083877,0.731460581545145,NA
"ENSMUSG00000105785",0.123922239679134,0,7.3561311249555,0,1,NA
"ENSMUSG00000105786",0.114222240009735,-0.229211016914555,7.34982122504383,-0.0311859309085696,0.975121259966521,NA
"ENSMUSG00000105787",0.123452097792005,1.12411398641337,7.35542289284369,0.152827920677008,0.878533978858052,NA
"ENSMUSG00000105792",0.193589228678798,-1.67671366889852,7.35025224174908,-0.228116480054231,0.819555688599345,NA
"ENSMUSG00000105793",0.180182492584015,0,7.3561311249555,0,1,NA
"ENSMUSG00000105794",0.044481691519064,0,7.3561311249555,0,1,NA
"ENSMUSG00000105796",12.6928242528963,1.2506848337652,7.07048754533032,0.176888061218807,0.859596316512463,NA
"ENSMUSG00000105798",2.86670769141295,0.999438705445684,2.27109807351538,0.440068492462185,0.659887501049235,NA
"ENSMUSG00000105800",0.547035902441623,0,7.3561311249555,0,1,NA
"ENSMUSG00000105806",0,NA,NA,NA,NA,NA
"ENSMUSG00000105807",0,NA,NA,NA,NA,NA
"ENSMUSG00000105808",0.0838390446623798,0,7.3561311249555,0,1,NA
"ENSMUSG00000105817",0,NA,NA,NA,NA,NA
"ENSMUSG00000105819",0.0355187493373065,1.16171280725677,7.35565536667627,0.157934643392857,0.874508299155349,NA
"ENSMUSG00000105823",1.04763090327508,-3.67627264751557,4.62502304977041,-0.794865800225161,0.426691570057464,NA
"ENSMUSG00000105827",121.802042720087,-0.439986789025321,0.491492515173423,-0.895205471989887,0.370677260151445,0.580012356133612
"ENSMUSG00000105829",0.323345178659278,-0.216399750814601,7.20611983480465,-0.0300299961387566,0.976043130494177,NA
"ENSMUSG00000105830",1.76139947289492,-1.68194481734799,3.08074416241169,-0.545954071055129,0.585097508831931,NA
"ENSMUSG00000105832",17.8046618651133,-0.592979653912243,0.706583685352437,-0.839220698418009,0.401345474273369,NA
"ENSMUSG00000105833",0.160162352332121,-1.66896706503079,7.35005738329485,-0.227068576202412,0.820370418412573,NA
"ENSMUSG00000105835",0.624895482059761,3.43151528953416,7.24250724458357,0.473802120405262,0.635641022382671,NA
"ENSMUSG00000105836",0,NA,NA,NA,NA,NA
"ENSMUSG00000105840",0.0380762098104571,-1.67431590235222,7.3501929692546,-0.227792101425878,0.819807867435575,NA
"ENSMUSG00000105854",5.19565943889625,-1.31040596804327,0.987570119420166,-1.32689916622088,0.184542040226255,NA
"ENSMUSG00000105859",0.225062648436391,0,7.3561311249555,0,1,NA
"ENSMUSG00000105860",0.0355187493373064,1.16171280725677,7.35565536667627,0.157934643392857,0.874508299155349,NA
"ENSMUSG00000105862",0,NA,NA,NA,NA,NA
"ENSMUSG00000105865",0.291823786067772,-3.24284395371191,7.26354811377342,-0.446454529235196,0.655268951288792,NA
"ENSMUSG00000105866",24.408997978893,0.277036918657467,0.605065817791511,0.457862451507592,0.64705126469264,NA
"ENSMUSG00000105867",0.134934656469702,0,7.3561311249555,0,1,NA
"ENSMUSG00000105869",0.081236158750911,0,7.3561311249555,0,1,NA
"ENSMUSG00000105872",0.271751096389295,-3.81943727146652,7.24675829815903,-0.52705459659622,0.598155675201337,NA
"ENSMUSG00000105875",4.87096490929564,0.315089582642826,1.62113626021068,0.19436341680611,0.845891332816332,NA
"ENSMUSG00000105879",14.3522312784415,-0.822062242000027,0.722094221176761,-1.13844179594784,0.254936049868466,NA
"ENSMUSG00000105883",0,NA,NA,NA,NA,NA
"ENSMUSG00000105885",0,NA,NA,NA,NA,NA
"ENSMUSG00000105887",0.0884382320942481,-1.88453303432596,7.34129302470109,-0.256703148612256,0.797407940741058,NA
"ENSMUSG00000105889",0.515887061159803,-1.8889289942311,7.34111618348658,-0.257308145930197,0.796940904571001,NA
"ENSMUSG00000105892",0.044481691519064,0,7.3561311249555,0,1,NA
"ENSMUSG00000105893",10.4758610387869,0.811014788793031,1.01999868341998,0.795113564336928,0.426547444985163,NA
"ENSMUSG00000105897",0,NA,NA,NA,NA,NA
"ENSMUSG00000105898",0.116620203623234,-2.55028379499769,7.29484150683012,-0.34960098757593,0.726638169672479,NA
"ENSMUSG00000105901",185.325101729727,-0.59290532274092,0.257565690537363,-2.30195769282754,0.0213375581621252,0.0990562196751202
"ENSMUSG00000105905",0.601939630189065,0,5.3405675476752,0,1,NA
"ENSMUSG00000105906",1235.98811351306,3.33882563067273,2.04628259326207,1.63165422100873,0.102752349018329,0.261944071688585
"ENSMUSG00000105914",0.435437979762317,-1.57786803606469,7.17054177183007,-0.220048649917004,0.825833265985251,NA
"ENSMUSG00000105915",0.158882340897863,2.08394555477076,7.28674818784729,0.285991158339509,0.774884893487505,NA
"ENSMUSG00000105916",2.25409986418851,0.790940173219427,1.79996415898785,0.439419956930801,0.660357268569222,NA
"ENSMUSG00000105919",0.0380762098104571,-1.67431590235222,7.3501929692546,-0.227792101425878,0.819807867435575,NA
"ENSMUSG00000105920",0.0977165471738456,-2.90148482602866,7.2774271891271,-0.398696510542028,0.690116839330893,NA
"ENSMUSG00000105921",0,NA,NA,NA,NA,NA
"ENSMUSG00000105928",0.672367900785453,-4.17285913783627,7.22313177810015,-0.577707740358272,0.563461452436068,NA
"ENSMUSG00000105930",0.035583895638899,0,7.3561311249555,0,1,NA
"ENSMUSG00000105934",0,NA,NA,NA,NA,NA
"ENSMUSG00000105937",0.0381979668618393,0,7.3561311249555,0,1,NA
"ENSMUSG00000105938",0.0406180793754555,0,7.3561311249555,0,1,NA
"ENSMUSG00000105943",0.12690225719584,0,7.3561311249555,0,1,NA
"ENSMUSG00000105944",4.24131862093939,-0.469534733934746,1.6266878638877,-0.288644640658092,0.77285333048179,NA
"ENSMUSG00000105948",0.192856952206378,2.70154997520396,7.26180030373759,0.372022069212437,0.7098764179181,NA
"ENSMUSG00000105949",0.0825330177258275,0,7.3561311249555,0,1,NA
"ENSMUSG00000105953",7.86316649253914,0.195952614542083,1.107146024127,0.176988952018859,0.859517067593351,NA
"ENSMUSG00000105955",0.7092940162419,0,7.3561311249555,0,1,NA
"ENSMUSG00000105956",0,NA,NA,NA,NA,NA
"ENSMUSG00000105965",1.40735341568505,-0.257609128522641,2.01532501274089,-0.127825103590754,0.898287383234075,NA
"ENSMUSG00000105968",0.121854238126367,0,7.3561311249555,0,1,NA
"ENSMUSG00000105969",0.0380762098104571,-1.67431590235222,7.3501929692546,-0.227792101425878,0.819807867435575,NA
"ENSMUSG00000105977",0,NA,NA,NA,NA,NA
"ENSMUSG00000105989",0.0355187493373064,1.16171280725677,7.35565536667627,0.157934643392857,0.874508299155349,NA
"ENSMUSG00000105993",2.23052136378234,0,2.77642859211318,0,1,NA
"ENSMUSG00000105994",0,NA,NA,NA,NA,NA
"ENSMUSG00000105995",0,NA,NA,NA,NA,NA
"ENSMUSG00000105999",0.117069867697691,1.15134251418135,7.35611681333003,0.156514985201839,0.875627108322925,NA
"ENSMUSG00000106003",0,NA,NA,NA,NA,NA
"ENSMUSG00000106006",0.351325350297674,1.11903573720134,7.24600380719601,0.154434881208595,0.87726685232477,NA
"ENSMUSG00000106009",1.91048147435992,-1.76896328795025,2.54084859354434,-0.696209641316192,0.486297550628835,NA
"ENSMUSG00000106011",0,NA,NA,NA,NA,NA
"ENSMUSG00000106012",0.152423517273903,-1.09979704504209,7.29495170596932,-0.150761388062672,0.880163945911843,NA
"ENSMUSG00000106016",4.08002039052012,1.14852326098448,7.35604323976278,0.156133293884977,0.875927955444515,NA
"ENSMUSG00000106028",0.16302378155558,0,7.3561311249555,0,1,NA
"ENSMUSG00000106029",0.119711308378389,1.15588202600455,7.35593803602858,0.157135911197615,0.875137736083124,NA
"ENSMUSG00000106031",0.168882899561644,0,7.3561311249555,0,1,NA
"ENSMUSG00000106033",0,NA,NA,NA,NA,NA
"ENSMUSG00000106037",1867.83556199582,-0.744657656018412,0.332324091468309,-2.24075736648609,0.025041795925673,0.109084108785424
"ENSMUSG00000106038",1.75749260602603,1.40200593425372,2.11474239886391,0.662967714179709,0.507351231925258,NA
"ENSMUSG00000106039",0.329853832826785,0,7.3561311249555,0,1,NA
"ENSMUSG00000106040",0.252686974075168,-2.53205403563692,7.29540402279971,-0.347075230888338,0.72853480112073,NA
"ENSMUSG00000106041",0.0710374986746129,2.16226366003378,7.28481246100722,0.296818026765623,0.766605441993722,NA
"ENSMUSG00000106042",0,NA,NA,NA,NA,NA
"ENSMUSG00000106050",0.192953379575984,2.15122067707262,7.28533638331971,0.29528089903961,0.76777930670488,NA
"ENSMUSG00000106051",0.164730800735891,1.117086476116,7.35524394525524,0.151876196687755,0.879284582771988,NA
"ENSMUSG00000106058",0.0763959337236786,0,7.3561311249555,0,1,NA
"ENSMUSG00000106059",0.937728363134681,0,3.70146054963315,0,1,NA
"ENSMUSG00000106065",0.0406180793754555,0,7.3561311249555,0,1,NA
"ENSMUSG00000106066",0,NA,NA,NA,NA,NA
"ENSMUSG00000106067",0.256380039591531,0,7.3561311249555,0,1,NA
"ENSMUSG00000106068",1.14481682072128,-0.363664816796484,2.75316492062313,-0.132089732101546,0.894913317344771,NA
"ENSMUSG00000106072",0.154454443988244,-1.67350368468382,7.35017147021406,-0.227682264483972,0.819893261231794,NA
"ENSMUSG00000106075",0.313385572721308,1.32878975690532,7.25534660591421,0.183146282194452,0.854683241934336,NA
"ENSMUSG00000106076",0.268667494242821,-1.88330074103522,7.34134172482408,-0.256533589039591,0.797538847653537,NA
"ENSMUSG00000106077",0.227659379097897,2.73658846620176,7.2613943017119,0.376868181577276,0.706271568356746,NA
"ENSMUSG00000106079",0,NA,NA,NA,NA,NA
"ENSMUSG00000106080",0.251311998110809,0.766725233862887,7.27896755305503,0.105334338733395,0.916110516157975,NA
"ENSMUSG00000106083",0.035583895638899,0,7.3561311249555,0,1,NA
"ENSMUSG00000106084",0.78154024803363,0.609175370041801,3.3540079691663,0.181626095000967,0.855876168604239,NA
"ENSMUSG00000106085",0.20478426353834,1.15208135994169,7.35612608095817,0.156615227534494,0.875548100812888,NA
"ENSMUSG00000106089",0.157807286306466,-1.10766978237372,7.29509572045271,-0.15183759402474,0.879315030143015,NA
"ENSMUSG00000106090",0.169687366247268,-1.64209177953213,7.34937642565995,-0.223432803604787,0.823198675976717,NA
"ENSMUSG00000106094",0.3988935706105,-3.54656817062429,7.25430129004753,-0.488891766253212,0.624918325258309,NA
"ENSMUSG00000106096",0.0484366832826377,0,7.35613112495549,0,1,NA
"ENSMUSG00000106098",0.0761524196209141,-2.55627499047924,7.29465809108018,-0.350431090609309,0.726015196884991,NA
"ENSMUSG00000106100",0.460785054602878,-1.66660715333435,5.7466202934535,-0.290015186009928,0.771804619887692,NA
"ENSMUSG00000106101",0.0851876249913416,0,7.3561311249555,0,1,NA
"ENSMUSG00000106102",2.22879938446221,1.64349190691229,2.28628137843436,0.718849360544478,0.472233740558649,NA
"ENSMUSG00000106105",3.15955153411887,-0.468438295285737,1.31707182939418,-0.355666475306216,0.722090354266379,NA
"ENSMUSG00000106111",0,NA,NA,NA,NA,NA
"ENSMUSG00000106113",0.0355187493373064,1.16171280725677,7.35565536667627,0.157934643392857,0.874508299155349,NA
"ENSMUSG00000106114",0,NA,NA,NA,NA,NA
"ENSMUSG00000106116",0.165226831964283,-1.67303711094935,7.35007700012935,-0.227621712115384,0.819940339171527,NA
"ENSMUSG00000106117",0.159804131225551,-2.54327101096182,7.29505710867666,-0.348629349033729,0.727367591189515,NA
"ENSMUSG00000106118",0.253349698502058,-0.445453771778119,7.3413402862136,-0.0606774450456469,0.951616094821849,NA
"ENSMUSG00000106119",0.94740730533036,1.57915837707374,3.25695571469981,0.484857184255358,0.627777655610506,NA
"ENSMUSG00000106124",0,NA,NA,NA,NA,NA
"ENSMUSG00000106129",0,NA,NA,NA,NA,NA
"ENSMUSG00000106131",0,NA,NA,NA,NA,NA
"ENSMUSG00000106132",0,NA,NA,NA,NA,NA
"ENSMUSG00000106133",38.2166580707377,-2.41731693680879,2.49171032289912,-0.970143645749407,0.331974896129557,NA
"ENSMUSG00000106135",2.72947877866563,-0.293998151983605,1.77346320260387,-0.165776291017454,0.868333004957938,NA
"ENSMUSG00000106141",0.0380762098104571,-1.67431590235222,7.3501929692546,-0.227792101425878,0.819807867435575,NA
"ENSMUSG00000106142",0.106556248011919,2.74727956207311,7.26104728326191,0.378358583121489,0.705164231160339,NA
"ENSMUSG00000106156",0,NA,NA,NA,NA,NA
"ENSMUSG00000106159",0,NA,NA,NA,NA,NA
"ENSMUSG00000106161",0,NA,NA,NA,NA,NA
"ENSMUSG00000106165",0.110376019053797,-2.54847218464617,7.29502016493817,-0.349344090492691,0.72683100154213,NA
"ENSMUSG00000106170",0,NA,NA,NA,NA,NA
"ENSMUSG00000106172",0.116702849803793,0,7.3561311249555,0,1,NA
"ENSMUSG00000106174",0,NA,NA,NA,NA,NA
"ENSMUSG00000106176",0,NA,NA,NA,NA,NA
"ENSMUSG00000106177",0,NA,NA,NA,NA,NA
"ENSMUSG00000106180",0.106102622938524,2.74129070882641,7.26124507114723,0.377523507603264,0.705784598054204,NA
"ENSMUSG00000106181",0.226660839992932,0.769640155834979,7.27890262891835,0.105735739997026,0.915792022869383,NA
"ENSMUSG00000106182",0.156654734010157,-1.6710337383209,7.35010885973481,-0.227348161804122,0.820153025725545,NA
"ENSMUSG00000106185",0.106131311723431,2.74167022298741,7.26123244647657,0.377576429786073,0.705745277033904,NA
"ENSMUSG00000106187",0,NA,NA,NA,NA,NA
"ENSMUSG00000106188",0.281714584143774,-0.117283984658542,7.22383934080677,-0.0162356856410159,0.987046366186374,NA
"ENSMUSG00000106189",0.782504453873958,0.0255095897113176,5.49583978268564,0.00464161815482398,0.996296537835409,NA
"ENSMUSG00000106190",723.633964309634,-0.191652621782898,0.383083159580809,-0.500289863936111,0.616870990161807,0.779466922887571
"ENSMUSG00000106192",0.22152107228947,1.77008057856699,7.24323983792983,0.244376911185215,0.806938921979094,NA
"ENSMUSG00000106201",0.126710168232316,0,7.3561311249555,0,1,NA
"ENSMUSG00000106204",0.0786972610895314,-1.67325374493272,7.35016604356005,-0.227648427942491,0.8199195682096,NA
"ENSMUSG00000106207",0.044481691519064,0,7.3561311249555,0,1,NA
"ENSMUSG00000106208",3.5688994504739,0.676788410179567,1.28296959323692,0.527517108548173,0.59783453883363,NA
"ENSMUSG00000106213",0.132477720865429,0,7.3561311249555,0,1,NA
"ENSMUSG00000106216",0,NA,NA,NA,NA,NA
"ENSMUSG00000106217",0.0409190281194281,0,7.3561311249555,0,1,NA
"ENSMUSG00000106225",1.24053871786043,2.11528544060091,3.26498244960433,0.647870386212107,0.517068785886118,NA
"ENSMUSG00000106226",0.0828133386640704,0,7.3561311249555,0,1,NA
"ENSMUSG00000106231",0.0812361587509111,0,7.3561311249555,0,1,NA
"ENSMUSG00000106238",0,NA,NA,NA,NA,NA
"ENSMUSG00000106239",0.154267578376343,0,7.3561311249555,0,1,NA
"ENSMUSG00000106240",1.73922592888144,0.0186218034181659,1.59399566315994,0.0116824680571903,0.990678951128462,NA
"ENSMUSG00000106243",1.83369946622262,-2.04034663150247,1.9318610806712,-1.05615597928686,0.290896958685635,NA
"ENSMUSG00000106246",0.161176908121487,1.15615614755298,7.35597041819706,0.15717248463818,0.875108912836509,NA
"ENSMUSG00000106247",1.72586384963237,-0.925665012022737,3.53331210732316,-0.261982237601993,0.793335136393642,NA
"ENSMUSG00000106248",0.980418249147141,2.07458875510992,3.08149016850077,0.673242049030864,0.500793313958725,NA
"ENSMUSG00000106250",0,NA,NA,NA,NA,NA
"ENSMUSG00000106256",0.085100560105563,0,7.3561311249555,0,1,NA
"ENSMUSG00000106257",0.0786993656749185,-1.67252319227523,7.35014752446706,-0.227549608590543,0.819996398690329,NA
"ENSMUSG00000106258",1.14628997126939,-1.30477699664879,3.58174120585401,-0.364285670476766,0.715644699145577,NA
"ENSMUSG00000106259",5.16661945344095,2.29955791056061,2.34204415852919,0.98185933095503,0.326169153807216,NA
"ENSMUSG00000106260",0.125626676355017,1.15723617860819,7.35599794837711,0.157318719598543,0.8749936678474,NA
"ENSMUSG00000106267",0.750025090918186,0.487362840556395,3.36616773372418,0.144782696261306,0.884882444645065,NA
"ENSMUSG00000106268",72.1436110997038,0.65795947207234,0.515920897396702,1.27531076060759,0.202199270529456,0.398870442862437
"ENSMUSG00000106271",5.98031919605647,0.199271799412083,1.46636902359055,0.135894714226946,0.891904514147998,NA
"ENSMUSG00000106273",0,NA,NA,NA,NA,NA
"ENSMUSG00000106274",0.0406180793754555,0,7.3561311249555,0,1,NA
"ENSMUSG00000106276",0.0406180793754555,0,7.3561311249555,0,1,NA
"ENSMUSG00000106282",1.62736075084472,-1.69501151050159,2.98010208903911,-0.568776323715851,0.569507944157158,NA
"ENSMUSG00000106283",0.835964098509288,0,6.65225516575807,0,1,NA
"ENSMUSG00000106284",0.0425774740632087,0,7.3561311249555,0,1,NA
"ENSMUSG00000106286",0,NA,NA,NA,NA,NA
"ENSMUSG00000106289",0.758784725843804,-2.88509352122459,5.61225029226059,-0.514070715128867,0.607202551052599,NA
"ENSMUSG00000106294",0.795758548494756,3.43209470466335,7.24250133666186,0.47388250897379,0.635583692765965,NA
"ENSMUSG00000106295",0.15897038744042,-0.233912829133278,7.34985052415625,-0.0318255219428603,0.974611193375355,NA
"ENSMUSG00000106298",0.0381979668618393,0,7.3561311249555,0,1,NA
"ENSMUSG00000106301",0.305290821979952,-1.88232936258979,7.34138017659269,-0.256399929892124,0.797642041985737,NA
"ENSMUSG00000106303",0.106556248011919,2.74727956207311,7.26104728326191,0.378358583121489,0.705164231160339,NA
"ENSMUSG00000106305",0.0762740804593702,-1.67563343383436,7.35022535173517,-0.227970348342965,0.81966929218778,NA
"ENSMUSG00000106308",0.0912480767533169,-1.82494761873546,7.34369486941577,-0.248505371095387,0.803743414864298,NA
"ENSMUSG00000106309",0.426570660641136,3.71906534938253,7.23716718705983,0.513884128037318,0.607333005011641,NA
"ENSMUSG00000106313",3.19128778939062,0.116181066663343,1.59809699293925,0.0726996341127334,0.942045139716193,NA
"ENSMUSG00000106314",0.387663071431545,0,6.8260817574343,0,1,NA
"ENSMUSG00000106315",0.0927728663855858,0,7.3561311249555,0,1,NA
"ENSMUSG00000106316",0.596971989653297,0.051680690004136,4.37137395447781,0.011822527777839,0.990567207357216,NA
"ENSMUSG00000106318",0,NA,NA,NA,NA,NA
"ENSMUSG00000106322",0.216688134801228,0,7.3561311249555,0,1,NA
"ENSMUSG00000106324",0,NA,NA,NA,NA,NA
"ENSMUSG00000106325",0.0425774740632087,0,7.3561311249555,0,1,NA
"ENSMUSG00000106326",0,NA,NA,NA,NA,NA
"ENSMUSG00000106327",0.507885175052946,-1.87022808457493,6.26738615577835,-0.298406391131753,0.76539301173415,NA
"ENSMUSG00000106330",0.118887877749439,0,7.3561311249555,0,1,NA
"ENSMUSG00000106331",0.170749187284177,0,7.35613112495549,0,1,NA
"ENSMUSG00000106335",0.085730618720658,0,7.3561311249555,0,1,NA
"ENSMUSG00000106343",0.0488582735869228,-1.88445199085272,7.34129618423011,-0.256691998737325,0.797416548724726,NA
"ENSMUSG00000106345",0,NA,NA,NA,NA,NA
"ENSMUSG00000106346",0,NA,NA,NA,NA,NA
"ENSMUSG00000106350",0.298058453451398,1.35355019968455,7.25523456623874,0.186561879885057,0.852004157360753,NA
"ENSMUSG00000106351",0.138254875366774,0,7.3561311249555,0,1,NA
"ENSMUSG00000106353",0.540453579893523,3.14234705281714,7.24951148012422,0.433456386879644,0.664683243845831,NA
"ENSMUSG00000106358",0.323486414277678,2.14472391747931,7.28523732293592,0.294393143614847,0.768457505508266,NA
"ENSMUSG00000106363",0.035583895638899,0,7.3561311249555,0,1,NA
"ENSMUSG00000106369",0.0406180793754555,0,7.3561311249555,0,1,NA
"ENSMUSG00000106370",0.109057878170231,0.769410943057559,7.27891429927454,0.105704080501984,0.915817142720194,NA
"ENSMUSG00000106372",0,NA,NA,NA,NA,NA
"ENSMUSG00000106373",0.536882927557349,-3.12756469808786,7.26797563751214,-0.430321296338087,0.666961937643423,NA
"ENSMUSG00000106376",0,NA,NA,NA,NA,NA
"ENSMUSG00000106379",13.4229760701959,-3.30778012356679,0.87520795095001,-3.77942193049811,0.000157192867579571,NA
"ENSMUSG00000106381",0.0807780365634551,0,7.3561311249555,0,1,NA
"ENSMUSG00000106382",0.162147294815749,-1.65624505025772,7.34973496761386,-0.225347588390038,0.821708881381513,NA
"ENSMUSG00000106387",1.77911991791175,0,3.02306880128288,0,1,NA
"ENSMUSG00000106388",0.0787124312212299,-1.66832057745271,7.35004099692999,-0.226981125431756,0.820438418875954,NA
"ENSMUSG00000106389",0,NA,NA,NA,NA,NA
"ENSMUSG00000106390",0.0408977597951014,0,7.3561311249555,0,1,NA
"ENSMUSG00000106392",1.11508262235131,0.0646417266600614,2.13423426566889,0.0302880183773088,0.975837352140015,NA
"ENSMUSG00000106394",0.0871415678131861,0,7.3561311249555,0,1,NA
"ENSMUSG00000106397",0.0474375977968173,0,7.3561311249555,0,1,NA
"ENSMUSG00000106399",0,NA,NA,NA,NA,NA
"ENSMUSG00000106401",0.0355187493373065,1.16171280725677,7.35565536667627,0.157934643392857,0.874508299155349,NA
"ENSMUSG00000106402",0.0761599158444505,1.15583857532028,7.35594211430486,0.157129917196134,0.875142459925292,NA
"ENSMUSG00000106403",1.34512267913268,0,6.66411576018143,0,1,NA
"ENSMUSG00000106405",0.215673037091663,0,7.3561311249555,0,1,NA
"ENSMUSG00000106410",0.302022278853645,-0.695077305071896,7.19572497211981,-0.0965958687644411,0.92304733740199,NA
"ENSMUSG00000106416",12.6409037191807,0.606323013776834,0.827726794234947,0.732515871178543,0.4638537591594,NA
"ENSMUSG00000106417",0.0832839340830279,0,7.3561311249555,0,1,NA
"ENSMUSG00000106419",1.53111717450073,2.55214481708449,2.36792084037447,1.07779988822637,0.28112306944892,NA
"ENSMUSG00000106420",0.152304839241828,-3.55232820134153,7.25421207485117,-0.489691804525086,0.62435200204254,NA
"ENSMUSG00000106421",2.75819433838125,-1.06618857235183,1.44505999411309,-0.737816129915221,0.460626190157459,NA
"ENSMUSG00000106428",0.0889633830381281,0,7.3561311249555,0,1,NA
"ENSMUSG00000106433",0.0381979668618393,0,7.3561311249555,0,1,NA
"ENSMUSG00000106434",0,NA,NA,NA,NA,NA
"ENSMUSG00000106435",0,NA,NA,NA,NA,NA
"ENSMUSG00000106444",0.0458889004883165,0,7.3561311249555,0,1,NA
"ENSMUSG00000106445",0.278871898235974,-3.54489171742471,7.25430204483058,-0.488660617591847,0.625081989761785,NA
"ENSMUSG00000106447",0.829695351459545,-1.12011411133713,4.14308509100367,-0.270357496100999,0.786885236079653,NA
"ENSMUSG00000106452",0,NA,NA,NA,NA,NA
"ENSMUSG00000106453",0.129883110126795,0,7.3561311249555,0,1,NA
"ENSMUSG00000106454",0.20768127845572,-1.64282049325765,7.34939485466428,-0.223531396223055,0.823121950568896,NA
"ENSMUSG00000106455",2.92457869175469,-0.842310021000508,1.52781845589546,-0.551315516415087,0.581417403637753,NA
"ENSMUSG00000106456",0,NA,NA,NA,NA,NA
"ENSMUSG00000106459",0,NA,NA,NA,NA,NA
"ENSMUSG00000106460",0,NA,NA,NA,NA,NA
"ENSMUSG00000106462",0.080191482972871,0,7.3561311249555,0,1,NA
"ENSMUSG00000106473",0.0352597853922181,1.155567702399,7.35595536263211,0.157092810577567,0.875171703562209,NA
"ENSMUSG00000106476",1.2296337107853,-4.54739750833912,2.70809073995333,-1.67918948994209,0.0931151196386781,NA
"ENSMUSG00000106477",0.299518638314685,0,7.3561311249555,0,1,NA
"ENSMUSG00000106480",0,NA,NA,NA,NA,NA
"ENSMUSG00000106481",0.0355187493373064,1.16171280725677,7.35565536667627,0.157934643392857,0.874508299155349,NA
"ENSMUSG00000106482",0,NA,NA,NA,NA,NA
"ENSMUSG00000106484",0.346113141046447,2.15033063695524,7.2853542307718,0.295158007262392,0.767873179018403,NA
"ENSMUSG00000106486",0.167592367695893,-1.66527225791552,7.3499637913053,-0.226568770295911,0.820759078487522,NA
"ENSMUSG00000106487",0,NA,NA,NA,NA,NA
"ENSMUSG00000106494",0,NA,NA,NA,NA,NA
"ENSMUSG00000106496",0.285416849114338,0,7.3561311249555,0,1,NA
"ENSMUSG00000106499",10.624411320265,0.0395900106728067,0.743913857163982,0.0532185417593045,0.957557782361541,NA
"ENSMUSG00000106502",0,NA,NA,NA,NA,NA
"ENSMUSG00000106504",0.073605672057682,-0.236141365608912,7.35006909006033,-0.0321277749522452,0.974370153630433,NA
"ENSMUSG00000106509",0.172413220263482,0,7.3561311249555,0,1,NA
"ENSMUSG00000106510",0,NA,NA,NA,NA,NA
"ENSMUSG00000106520",0.245513759035,-2.54625169743529,7.29496314747195,-0.349042434617053,0.727057452309739,NA
"ENSMUSG00000106527",0,NA,NA,NA,NA,NA
"ENSMUSG00000106529",5.49244036823426,0.434573604219801,1.09033892593682,0.398567448966766,0.690211950322014,NA
"ENSMUSG00000106530",0.492786624058112,0,6.41279975544615,0,1,NA
"ENSMUSG00000106531",0.119765391527064,0,7.3561311249555,0,1,NA
"ENSMUSG00000106532",15.4670550191278,-0.157994578047453,0.770373502394457,-0.205088281926076,0.837503151516601,NA
"ENSMUSG00000106533",0,NA,NA,NA,NA,NA
"ENSMUSG00000106534",0.0827907076369942,1.14848129511293,7.35577479165964,0.156133286790555,0.875927961036469,NA
"ENSMUSG00000106545",0.492280277157393,-0.50940682705473,7.1601470554639,-0.0711447436915423,0.943282558050708,NA
"ENSMUSG00000106546",0.0427517828843511,0,7.3561311249555,0,1,NA
"ENSMUSG00000106548",0.0737104040674005,1.16501493841672,7.35549269218001,0.158387070339326,0.874151801552197,NA
"ENSMUSG00000106551",0.26328075111267,0,7.3561311249555,0,1,NA
"ENSMUSG00000106552",0,NA,NA,NA,NA,NA
"ENSMUSG00000106558",0.796056900640638,-2.55055822756729,3.44290570153935,-0.7408155926045,0.458805259582964,NA
"ENSMUSG00000106559",0,NA,NA,NA,NA,NA
"ENSMUSG00000106562",4.58816743619064,-1.56561249335057,1.19204804673224,-1.31338036050005,0.189054811953645,NA
"ENSMUSG00000106564",0.78261989689268,2.71028164452117,6.25376223775261,0.433384184029221,0.66473568866744,NA
"ENSMUSG00000106565",1.62130632990989,4.12365769379365,2.41944402507373,1.7043823502666,0.0883096790915134,NA
"ENSMUSG00000106568",7.84959883454018,-1.50744576665521,0.922459965240439,-1.63415847132433,0.10222557997284,NA
"ENSMUSG00000106569",0,NA,NA,NA,NA,NA
"ENSMUSG00000106572",0.529352228357061,1.20367471335078,4.34665333257286,0.276919878641046,0.781841628322519,NA
"ENSMUSG00000106574",7.09974047677063,3.14556053018152,1.8453891085424,1.70455136839193,0.088278127912057,NA
"ENSMUSG00000106576",1.47297362145528,-2.93284034069653,2.19312644656502,-1.33728738955753,0.181128845671715,NA
"ENSMUSG00000106582",0,NA,NA,NA,NA,NA
"ENSMUSG00000106592",1.39136418358999,4.70903083821698,3.69084654979061,1.27586741271705,0.202002392310015,NA
"ENSMUSG00000106593",0.328682399422752,-2.54659189169824,7.29495488784972,-0.34908946399926,0.727022146141423,NA
"ENSMUSG00000106599",0.138486678048069,0,7.3561311249555,0,1,NA
"ENSMUSG00000106601",0.0400922426516566,0,7.3561311249555,0,1,NA
"ENSMUSG00000106606",0.0488582735869228,-1.88445199085272,7.34129618423011,-0.256691998737325,0.797416548724726,NA
"ENSMUSG00000106610",1.12081472109436,-0.160990361575637,2.49234039722863,-0.0645940505376597,0.948497221801964,NA
"ENSMUSG00000106613",0,NA,NA,NA,NA,NA
"ENSMUSG00000106614",0,NA,NA,NA,NA,NA
"ENSMUSG00000106615",0.119674496429075,1.15444830103567,7.35601013606544,0.156939465781263,0.87529255603506,NA
"ENSMUSG00000106616",0.0380762098104571,-1.67431590235222,7.3501929692546,-0.227792101425878,0.819807867435575,NA
"ENSMUSG00000106619",0.0434922688142794,0,7.3561311249555,0,1,NA
"ENSMUSG00000106620",80.0538360946844,-0.363101553481541,1.02409216591031,-0.354559448425019,0.722919660269513,0.849335465636689
"ENSMUSG00000106622",0,NA,NA,NA,NA,NA
"ENSMUSG00000106624",0.115805011261124,2.14717234370646,7.28517772132554,0.29473163536164,0.768198894546921,NA
"ENSMUSG00000106627",0.177455113886289,-1.88424631988181,7.34130431750168,-0.256663698763961,0.797438397126024,NA
"ENSMUSG00000106630",0.411704228781976,1.11297303250688,7.35513902773119,0.151319101965391,0.879724001593959,NA
"ENSMUSG00000106631",222.311846489691,0.246373485204954,0.650405807109549,0.378799639412594,0.704836655163295,0.838828598156654
"ENSMUSG00000106633",0.0434922688142794,0,7.3561311249555,0,1,NA
"ENSMUSG00000106640",0.31103471567905,-0.481413116915997,7.34036840778056,-0.0655843263133379,0.947708768034567,NA
"ENSMUSG00000106645",0.0434922688142794,0,7.3561311249555,0,1,NA
"ENSMUSG00000106654",0.725201555675482,-0.0697555292529267,4.93058321734897,-0.0141475209276423,0.988712288023131,NA
"ENSMUSG00000106660",0.246296979607558,-1.64651137341479,7.34948835258608,-0.224030748050023,0.822733377759144,NA
"ENSMUSG00000106661",0.07557198241085,1.15178308400069,7.35591791220785,0.156579110553858,0.875576566814325,NA
"ENSMUSG00000106664",0.111644736299559,0,7.3561311249555,0,1,NA
"ENSMUSG00000106666",23.379098125883,0.0703097717396538,0.643198951192403,0.109312634309041,0.912954525918257,NA
"ENSMUSG00000106667",0.584138845657284,0,7.3561311249555,0,1,NA
"ENSMUSG00000106668",26.090796048006,0,2.39309575517113,0,1,NA
"ENSMUSG00000106669",0.116943546140688,1.15621175705935,7.35592386583637,0.157181039138976,0.875102171124274,NA
"ENSMUSG00000106677",0,NA,NA,NA,NA,NA
"ENSMUSG00000106689",0.0735974826074831,-0.229369970330498,7.34980322617612,-0.0312076341736066,0.975103951691025,NA
"ENSMUSG00000106690",0.504918089129771,3.15168403215859,7.24926690774889,0.434759000084504,0.663737367801996,NA
"ENSMUSG00000106699",0.122572118278865,-1.30503755247543,7.28499239601363,-0.179140551085482,0.857827341821961,NA
"ENSMUSG00000106701",0.18078449251916,3.1506472715598,7.24927967582083,0.434615218677303,0.663841746576541,NA
"ENSMUSG00000106703",0,NA,NA,NA,NA,NA
"ENSMUSG00000106704",0.0781739508936734,-1.67191436865023,7.35013215005821,-0.227467252903335,0.820060430252435,NA
"ENSMUSG00000106705",0.335690327537586,-2.53898636082699,7.29518932292052,-0.348035705235207,0.727813368861056,NA
"ENSMUSG00000106715",128.744781666579,0.361094257316525,0.355126370897223,1.01680496552319,0.309246219485177,0.520754907340159
"ENSMUSG00000106721",0.079458625455264,-1.67158217121802,7.35012372915108,-0.227422317339831,0.820095368167239,NA
"ENSMUSG00000106730",0,NA,NA,NA,NA,NA
"ENSMUSG00000106736",2.83273093842425,-1.05886188053764,1.70986969712406,-0.619264662283101,0.535742020033456,NA
"ENSMUSG00000106742",0.590935747303911,-0.414492606661736,4.37459396278042,-0.0947499608394034,0.924513433437878,NA
"ENSMUSG00000106752",1.72899181809765,-1.64491977254263,1.83836507093764,-0.894773186537785,0.370908346590332,NA
"ENSMUSG00000106755",0.111947281987668,0,7.3561311249555,0,1,NA
"ENSMUSG00000106759",0,NA,NA,NA,NA,NA
"ENSMUSG00000106763",0.0406180793754555,0,7.3561311249555,0,1,NA
"ENSMUSG00000106771",0.0850331289038318,-1.62465157403332,7.34893474486948,-0.221073071191378,0.825035537591421,NA
"ENSMUSG00000106780",0.395841828323662,-2.10029672509643,7.25418708142193,-0.289528888836534,0.772176675979157,NA
"ENSMUSG00000106784",1.26367919716942,-0.935895623641669,2.44393280290309,-0.382946545228224,0.701759398986974,NA
"ENSMUSG00000106803",0.300712239926397,1.7634473547735,7.24296719817486,0.243470294221112,0.807641094621597,NA
"ENSMUSG00000106805",0.409198656553162,1.47348572527363,7.17505997317558,0.205362147603275,0.837289191810733,NA
"ENSMUSG00000106806",1.13875346703279,0.867406502608508,2.98769647692325,0.290326179151159,0.771566712852443,NA
"ENSMUSG00000106810",0,NA,NA,NA,NA,NA
"ENSMUSG00000106813",0.0833819024807954,0,7.3561311249555,0,1,NA
"ENSMUSG00000106814",0.162503241574848,1.14463247543734,7.35594578549988,0.15560643169688,0.876343254942024,NA
"ENSMUSG00000106817",0.278010646923734,-0.504557692634354,7.33927005590393,-0.068747666837586,0.945190475279204,NA
"ENSMUSG00000106819",61.5158522123119,0.139923965828008,0.887384082072454,0.157681401610474,0.874707856503163,NA
"ENSMUSG00000106821",0.37285449950016,0,7.3561311249555,0,1,NA
"ENSMUSG00000106824",0.366474697195961,-3.86792178082213,7.24613591944756,-0.533790950628072,0.593486175372559,NA
"ENSMUSG00000106827",0.328176302931081,0,7.3561311249555,0,1,NA
"ENSMUSG00000106829",0.0488582735869228,-1.88445199085273,7.34129618423011,-0.256691998737325,0.797416548724726,NA
"ENSMUSG00000106831",1196.17582074604,-1.30978935096543,0.361407510374848,-3.62413428986832,0.000289930942521448,0.0111516239954261
"ENSMUSG00000106833",0.0815554472165496,0,7.3561311249555,0,1,NA
"ENSMUSG00000106835",0.215132423986792,1.13000554010727,7.35557298123797,0.153625766883097,0.877904819080188,NA
"ENSMUSG00000106836",0.329280427861137,-0.0881335223022839,7.14747936124529,-0.012330713787039,0.990161763157858,NA
"ENSMUSG00000106846",0.0865470247959816,0,7.3561311249555,0,1,NA
"ENSMUSG00000106853",0.115967951564039,0,7.3561311249555,0,1,NA
"ENSMUSG00000106854",0.0784340101208318,1.1395854135,7.35581703115447,0.154923023326091,0.876882002791062,NA
"ENSMUSG00000106864",801.183524695804,0.618231341140137,0.250125959434662,2.4716800388791,0.0134479817299175,0.074807709285444
"ENSMUSG00000106866",0.167260862024255,0,7.3561311249555,0,1,NA
"ENSMUSG00000106868",0.188693901882682,0,7.3561311249555,0,1,NA
"ENSMUSG00000106872",0.579883370519727,1.54379303075704,5.26829579316309,0.29303461524702,0.76949569330179,NA
"ENSMUSG00000106876",0.195787744758861,-1.08806612596836,7.29534325940017,-0.149145295468636,0.881438984948812,NA
"ENSMUSG00000106878",0.158205031703666,0,7.3561311249555,0,1,NA
"ENSMUSG00000106879",0.0458889004883165,0,7.3561311249555,0,1,NA
"ENSMUSG00000106883",2.05989554075517,0,3.01881134382902,0,1,NA
"ENSMUSG00000106884",0.160399450515679,0.548700458514007,7.26972689556169,0.0754774514086629,0.939834837522321,NA
"ENSMUSG00000106885",1.32635951992491,-1.88119561680065,2.29028277610498,-0.821381375447423,0.411429068801821,NA
"ENSMUSG00000106889",0.574689967108363,-3.53640695632009,7.25446067665073,-0.487480339882798,0.625917971896964,NA
"ENSMUSG00000106892",0.980143292918383,1.77769655522942,6.1327694910746,0.289868477498887,0.771916858066944,NA
"ENSMUSG00000106893",0.035258948814401,1.16145981926063,7.35595478892183,0.157893822432107,0.87454046598827,NA
"ENSMUSG00000106895",3.23014227129411,0.819563061548269,1.46011955241942,0.561298600645577,0.574593995377482,NA
"ENSMUSG00000106898",0.157787036185356,-2.55122926965147,7.29481031683553,-0.349732091561524,0.72653976718394,NA
"ENSMUSG00000106900",0.164857981626482,1.12381096722938,7.35541514874489,0.15278688483289,0.878566340684356,NA
"ENSMUSG00000106910",0,NA,NA,NA,NA,NA
"ENSMUSG00000106916",0.0756482449880714,-2.54693195317428,7.2949444419586,-0.349136579920335,0.726986775587384,NA
"ENSMUSG00000106917",0.53918260693496,0,4.33773211504012,0,1,NA
"ENSMUSG00000106918",8986.2624954614,-0.598474176267037,0.188991453348774,-3.16667323131583,0.00154193476384756,0.0241936906994177
"ENSMUSG00000106924",387.746056806336,0.220498109484524,0.739700826367604,0.298090933015863,0.765633761584679,0.876974476623934
"ENSMUSG00000106925",5.21147842488914,-1.14464990439723,1.22012716355159,-0.938139841969697,0.348172549080963,NA
"ENSMUSG00000106926",12.106608155649,-1.09023545464838,0.878006534270452,-1.24171678921988,0.214341073216978,NA
"ENSMUSG00000106930",3.45872886524307,0.609631773760422,1.30264854529149,0.467994054086174,0.639788841761301,NA
"ENSMUSG00000106935",0,NA,NA,NA,NA,NA
"ENSMUSG00000106936",0.202549585129644,0,7.3561311249555,0,1,NA
"ENSMUSG00000106939",0.0406180793754555,0,7.3561311249555,0,1,NA
"ENSMUSG00000106945",0.15977777607908,0,7.3561311249555,0,1,NA
"ENSMUSG00000106948",335.344635238206,0.243603415878165,0.772331075211857,0.315413199982071,0.75244794582823,0.868716181325865
"ENSMUSG00000106954",0.0355187493373064,1.16171280725677,7.35565536667627,0.157934643392857,0.874508299155349,NA
"ENSMUSG00000106955",0,NA,NA,NA,NA,NA
"ENSMUSG00000106956",0.0380762098104571,-1.67431590235222,7.3501929692546,-0.227792101425878,0.819807867435575,NA
"ENSMUSG00000106958",0.0406180793754555,0,7.3561311249555,0,1,NA
"ENSMUSG00000106960",0.0380762098104571,-1.67431590235222,7.3501929692546,-0.227792101425878,0.819807867435575,NA
"ENSMUSG00000106963",0.476614789291062,-0.11063284784997,7.22324812468597,-0.0153162186789451,0.987779903366452,NA
"ENSMUSG00000106965",0.0463864331927929,0,7.3561311249555,0,1,NA
"ENSMUSG00000106971",0.158757885906809,0,7.3561311249555,0,1,NA
"ENSMUSG00000106974",0.951005656821992,0.562219014762978,3.51520199950265,0.159939319231875,0.872928874918592,NA
"ENSMUSG00000106975",0.117143432948787,1.15091702303611,7.3561060437033,0.156457372446564,0.875672517248035,NA
"ENSMUSG00000106982",0.122085849893785,0,7.3561311249555,0,1,NA
"ENSMUSG00000106988",1.46937468303156,0,4.55227078376746,0,1,NA
"ENSMUSG00000106989",0,NA,NA,NA,NA,NA
"ENSMUSG00000106996",0.0406180793754555,0,7.3561311249555,0,1,NA
"ENSMUSG00000107002",1898.43048568885,-0.539670613597462,0.179136679953064,-3.01261926780636,0.00259003637890312,0.0304986676223161
"ENSMUSG00000107004",0.712032686683397,-3.7226342232443,3.59430741650123,-1.03570279107289,0.300340819856668,NA
"ENSMUSG00000107006",0.420256352235737,-1.10916414333467,7.29505519302993,-0.152043283290635,0.879152797348132,NA
"ENSMUSG00000107011",0.114593900585518,0,7.3561311249555,0,1,NA
"ENSMUSG00000107020",3.81800500757783,0.275260399540476,2.00888480253284,0.137021495305964,0.891013804562321,NA
"ENSMUSG00000107023",194.712272711693,0.527153979930355,0.301889808992121,1.74618011018753,0.0807796598473092,0.22553843115811
"ENSMUSG00000107026",9.19867120109563,-0.61216553224089,0.834034458369044,-0.733981103656054,0.462960254874316,NA
"ENSMUSG00000107028",0.109276073172564,2.16400633977763,7.28476859487833,0.297059036480454,0.766421437598841,NA
"ENSMUSG00000107030",0.548023231536459,0.561349181156357,5.39477392399698,0.104054254926118,0.917126293000815,NA
"ENSMUSG00000107032",0.249104233728149,0,7.3561311249555,0,1,NA
"ENSMUSG00000107034",0.0380762098104571,-1.67431590235222,7.3501929692546,-0.227792101425878,0.819807867435575,NA
"ENSMUSG00000107035",1.51349531313062,-2.84228227766564,2.6205264641167,-1.0846226193803,0.278088832603462,NA
"ENSMUSG00000107037",0.453136050636886,-0.307903425173048,4.86484240462949,-0.0632915518249966,0.949534342944207,NA
"ENSMUSG00000107046",0.0812361587509111,0,7.3561311249555,0,1,NA
"ENSMUSG00000107056",0.0761524196209141,-2.55627499047924,7.29465809108018,-0.350431090609309,0.726015196884991,NA
"ENSMUSG00000107059",0.196048279154553,-0.234063992914512,7.35006158445253,-0.0318451743873308,0.974595520937268,NA
"ENSMUSG00000107062",0,NA,NA,NA,NA,NA
"ENSMUSG00000107064",0.147064644490761,2.74148638515375,7.26120753287147,0.377552407467084,0.705763125446219,NA
"ENSMUSG00000107065",1.44424414183359,1.39171692665831,1.91109726843472,0.728229248005883,0.466473264597802,NA
"ENSMUSG00000107066",0.120596048403897,1.15268473490939,7.35588185792463,0.156702453515833,0.875479353346141,NA
"ENSMUSG00000107067",0.26964131669322,0.768617350864857,7.27892635272454,0.105594879466964,0.91590378763103,NA
"ENSMUSG00000107068",1022.54147845652,-0.842367729938941,0.361771047170988,-2.32845534911146,0.019887937562363,0.0954525651078745
"ENSMUSG00000107069",0.709442889039501,1.0053059697793,3.12781195595265,0.321408698456463,0.747900692127198,NA
"ENSMUSG00000107071",34.4783615986672,0.243349701141983,0.472963337096689,0.514521279039931,0.606887587039311,NA
"ENSMUSG00000107072",0,NA,NA,NA,NA,NA
"ENSMUSG00000107074",0.0734225642090733,1.17234199602039,7.35564992093265,0.159379797655154,0.873369654589719,NA
"ENSMUSG00000107079",0.221799757807622,-2.90378020595698,7.27738327818738,-0.399014329046063,0.689882646158305,NA
"ENSMUSG00000107082",1.90036807236973,-1.18446090487982,1.83560456854733,-0.645270187912627,0.518752108567167,NA
"ENSMUSG00000107085",0.746499528035905,1.1107333342422,5.32709390500662,0.208506430344373,0.834833562285875,NA
"ENSMUSG00000107092",5.47545498457175,0.356702681469501,0.99841340255581,0.357269524383776,0.72089004250325,NA
"ENSMUSG00000107097",0.0400922426516566,0,7.3561311249555,0,1,NA
"ENSMUSG00000107098",0,NA,NA,NA,NA,NA
"ENSMUSG00000107100",0.0432773486139992,0,7.3561311249555,0,1,NA
"ENSMUSG00000107105",0.244085584983338,-1.66355713305199,7.34992003533669,-0.226336766257864,0.820939504897554,NA
"ENSMUSG00000107108",8.91863971592358,-0.136328485444973,0.955245777876134,-0.142715611628331,0.88651478663634,NA
"ENSMUSG00000107114",0.0783890425211433,1.1259205703189,7.35546889703278,0.153072575804528,0.878341042317036,NA
"ENSMUSG00000107122",0.441533042106114,-1.10929252511773,7.29464888928456,-0.152069351377175,0.879132237091683,NA
"ENSMUSG00000107123",0.16167164689042,-2.55395232062248,7.29472911172046,-0.350109274999539,0.726256690439696,NA
"ENSMUSG00000107127",0.290458937812732,0,7.3561311249555,0,1,NA
"ENSMUSG00000107130",0.124264832721927,1.09560542352636,7.35469675097974,0.148966770571528,0.88157985359469,NA
"ENSMUSG00000107135",0.167500333382795,0,7.3561311249555,0,1,NA
"ENSMUSG00000107139",0,NA,NA,NA,NA,NA
"ENSMUSG00000107145",0.0474375977968173,0,7.3561311249555,0,1,NA
"ENSMUSG00000107149",0.337163740599804,0,7.3561311249555,0,1,NA
"ENSMUSG00000107154",0.335929435300997,0,7.3561311249555,0,1,NA
"ENSMUSG00000107157",1.72899181809765,-1.64491977254263,1.83836507093764,-0.894773186537785,0.370908346590332,NA
"ENSMUSG00000107159",0.149824101276266,-1.69417123656521,7.2673000088661,-0.233122512418412,0.815666274065932,NA
"ENSMUSG00000107160",0.199642830447123,-2.53723479792635,7.29524347866672,-0.347793025050626,0.727995628253595,NA
"ENSMUSG00000107161",0.197470796664401,-0.220515380364423,7.34984373333314,-0.0300027304477697,0.976064875569886,NA
"ENSMUSG00000107162",0.116890811024881,1.15774277993097,7.35584904457937,0.157390774731046,0.874936883543705,NA
"ENSMUSG00000107167",0.661295880374178,0,6.86635996668118,0,1,NA
"ENSMUSG00000107176",5140.36172090779,-0.640563557500823,0.221997980002198,-2.88544768512975,0.00390857415779646,0.0375109277182699
"ENSMUSG00000107180",0.0756146099152843,1.16066009056708,7.35570667601803,0.157790426085261,0.874621943023968,NA
"ENSMUSG00000107183",0.212713862424712,2.74581985216207,7.26119935724322,0.378149630256749,0.705319441194716,NA
"ENSMUSG00000107184",0.278512773210222,2.15339889533127,7.28502658284853,0.295592455407248,0.767541336017006,NA
"ENSMUSG00000107185",0.193865580662924,-1.67814000248569,7.35028840735583,-0.228309409030303,0.819405710362869,NA
"ENSMUSG00000107187",0.15401171528409,1.16112727430019,7.35568194526707,0.157854469910476,0.874571475890467,NA
"ENSMUSG00000107189",0.719526495388856,1.33228256900903,4.08572015232753,0.326082678043935,0.744361802313415,NA
"ENSMUSG00000107203",1.28421397324835,-1.83644776873052,2.37024302611568,-0.774793026915918,0.438461970356586,NA
"ENSMUSG00000107211",0.533976285978744,-2.54561968865746,7.29498479041447,-0.348954763004082,0.727123271194509,NA
"ENSMUSG00000107212",1.28582764236939,-1.12724228097481,2.39982972352884,-0.46971760951325,0.638556785018718,NA
"ENSMUSG00000107213",0.0756482449880714,-2.54693195317428,7.2949444419586,-0.349136579920335,0.726986775587384,NA
"ENSMUSG00000107220",0.0414066693320352,0,7.3561311249555,0,1,NA
"ENSMUSG00000107223",0,NA,NA,NA,NA,NA
"ENSMUSG00000107238",0,NA,NA,NA,NA,NA
"ENSMUSG00000107243",0,NA,NA,NA,NA,NA
"ENSMUSG00000107247",0.227899259209306,0.474269126616681,7.19920747902326,0.0658779633728554,0.947474985144283,NA
"ENSMUSG00000107252",0.285158765028961,-2.34905989425025,7.30143633745062,-0.321725724321038,0.747660487957168,NA
"ENSMUSG00000107257",6.75353714512211,-0.674861623882656,1.15818319150592,-0.582689879141804,0.560102087646767,NA
"ENSMUSG00000107258",0.19256660277814,0.750950305699144,7.27935338767476,0.103161677377916,0.917834654607923,NA
"ENSMUSG00000107259",0.162085889965489,-1.66995489661273,7.35008242218772,-0.227202200015014,0.820266517062952,NA
"ENSMUSG00000107261",1.31624513833046,-1.08920887019835,4.98774082426058,-0.218377198931506,0.8271352294548,NA
"ENSMUSG00000107262",0.270265983995148,2.73651474753025,7.26112269124196,0.376872126238952,0.706268636733492,NA
"ENSMUSG00000107270",0,NA,NA,NA,NA,NA
"ENSMUSG00000107272",0.414949807143324,-1.8983029999791,7.34074942962486,-0.258597983513532,0.7959454392612,NA
"ENSMUSG00000107280",0.734049484262632,0.478935029538376,7.13365505166577,0.0671373967579972,0.946472322735058,NA
"ENSMUSG00000107282",0.0355187493373065,1.16171280725677,7.35565536667627,0.157934643392857,0.874508299155349,NA
"ENSMUSG00000107283",1223.14652740975,-0.0249728116206249,0.222771334509304,-0.112100650990992,0.910743601264375,0.961220222599063
"ENSMUSG00000107285",0,NA,NA,NA,NA,NA
"ENSMUSG00000107289",0.0352597853922181,1.155567702399,7.35595536263211,0.157092810577567,0.875171703562209,NA
"ENSMUSG00000107299",0,NA,NA,NA,NA,NA
"ENSMUSG00000107303",0.085100409790985,0,7.3561311249555,0,1,NA
"ENSMUSG00000107307",0,NA,NA,NA,NA,NA
"ENSMUSG00000107308",0,NA,NA,NA,NA,NA
"ENSMUSG00000107309",0,NA,NA,NA,NA,NA
"ENSMUSG00000107310",0.725171058604204,-2.89603735512358,5.85052744948874,-0.495004489787781,0.620596951241529,NA
"ENSMUSG00000107315",0.514221700915058,2.05814269676146,7.16683990259228,0.28717576013063,0.773977745580149,NA
"ENSMUSG00000107316",0.0710374986746129,2.16226366003378,7.28481246100722,0.296818026765623,0.766605441993722,NA
"ENSMUSG00000107326",0.0380762098104571,-1.67431590235222,7.3501929692546,-0.227792101425878,0.819807867435575,NA
"ENSMUSG00000107327",0.284320675192453,-0.235451764787299,7.34925256858878,-0.0320375116503189,0.974442136270166,NA
"ENSMUSG00000107333",21.9589064970497,-0.57059682707214,0.644360562563899,-0.885524130778187,0.375874010747082,NA
"ENSMUSG00000107337",1.21721339182337,0.84167765364513,2.09794003844082,0.401192426009784,0.688278456620611,NA
"ENSMUSG00000107344",0.121502991948248,0,7.3561311249555,0,1,NA
"ENSMUSG00000107346",0,NA,NA,NA,NA,NA
"ENSMUSG00000107348",0.0749534640377064,1.15271931740112,7.35588279581716,0.156707134873954,0.875475663743689,NA
"ENSMUSG00000107349",0.035583895638899,0,7.3561311249555,0,1,NA
"ENSMUSG00000107356",0.0441775116964548,0,7.3561311249555,0,1,NA
"ENSMUSG00000107357",0.470428388984921,3.47368132241373,7.24208338418552,0.479652213063327,0.63147471280834,NA
"ENSMUSG00000107359",5.94054305699813,-3.74755293383647,1.86699167623292,-2.00726815311679,0.0447211182277278,NA
"ENSMUSG00000107369",0.0815433556175433,0,7.3561311249555,0,1,NA
"ENSMUSG00000107376",0.147064644490761,2.74148638515375,7.26120753287147,0.377552407467084,0.705763125446219,NA
"ENSMUSG00000107378",0,NA,NA,NA,NA,NA
"ENSMUSG00000107380",0.0787006080060515,-1.67209978698631,7.35013679153427,-0.227492335776961,0.820040928186478,NA
"ENSMUSG00000107383",8.00891147325246,-0.63406035606446,7.07488740486802,-0.0896212645911766,0.928588185704308,NA
"ENSMUSG00000107389",0.586222139296601,2.10383097324213,6.08225139856171,0.345896747007142,0.729420313441518,NA
"ENSMUSG00000107392",0.483406048457723,0.701314457665766,7.13016063654547,0.0983588580138288,0.921647342764314,NA
"ENSMUSG00000107395",0.288492223930801,0,7.3561311249555,0,1,NA
"ENSMUSG00000107398",0,NA,NA,NA,NA,NA
"ENSMUSG00000107399",0,NA,NA,NA,NA,NA
"ENSMUSG00000107400",0,NA,NA,NA,NA,NA
"ENSMUSG00000107401",0.197199510637906,2.15533143330431,7.28497980051971,0.29585963068155,0.767337281622209,NA
"ENSMUSG00000107403",0.044481691519064,0,7.3561311249555,0,1,NA
"ENSMUSG00000107404",0,NA,NA,NA,NA,NA
"ENSMUSG00000107407",0,NA,NA,NA,NA,NA
"ENSMUSG00000107409",0,NA,NA,NA,NA,NA
"ENSMUSG00000107410",0,NA,NA,NA,NA,NA
"ENSMUSG00000107411",8.25395011989212,1.62067419568372,1.16147333725378,1.39536065418056,0.162907109955901,NA
"ENSMUSG00000107413",0,NA,NA,NA,NA,NA
"ENSMUSG00000107415",0,NA,NA,NA,NA,NA
"ENSMUSG00000107416",0,NA,NA,NA,NA,NA
"ENSMUSG00000107417",2.45546766859638,0.409071115279868,1.78691173942425,0.228926312505884,0.818926189146914,NA
"ENSMUSG00000107418",0.152306028998418,-1.11084605270246,7.29427230337698,-0.152290181460346,0.878958068655314,NA
"ENSMUSG00000107423",0.0355187493373064,1.16171280725677,7.35565536667627,0.157934643392857,0.874508299155349,NA
"ENSMUSG00000107424",0,NA,NA,NA,NA,NA
"ENSMUSG00000107425",0.6368473782075,0,4.1609123196765,0,1,NA
"ENSMUSG00000107430",0.845090453259671,2.71863542000057,5.59264570821769,0.486109001327561,0.626889885243995,NA
"ENSMUSG00000107432",1.87490506198628,0.69983173075313,1.77194411472059,0.3949513559368,0.692878787909006,NA
"ENSMUSG00000107435",0,NA,NA,NA,NA,NA
"ENSMUSG00000107438",0.0355187493373064,1.16171280725677,7.35565536667627,0.157934643392857,0.874508299155349,NA
"ENSMUSG00000107443",6.08797585320325,-1.38226418478411,1.32276019059767,-1.04498471802327,0.29603003258195,NA
"ENSMUSG00000107445",0,NA,NA,NA,NA,NA
"ENSMUSG00000107447",0,NA,NA,NA,NA,NA
"ENSMUSG00000107449",0.0380762098104571,-1.67431590235222,7.3501929692546,-0.227792101425878,0.819807867435575,NA
"ENSMUSG00000107450",0.551121089546325,1.12812318067895,4.34528715194022,0.259619937930968,0.795156955313297,NA
"ENSMUSG00000107452",0.195753449340684,-3.1244939041497,7.2680397353416,-0.429894994788832,0.667272026562071,NA
"ENSMUSG00000107457",0.116725513249756,-2.55449044097601,7.29471265005681,-0.350183833623126,0.726200738502821,NA
"ENSMUSG00000107459",0.451090924382507,-0.232645108301991,7.34997380575173,-0.031652508491926,0.974749168623266,NA
"ENSMUSG00000107462",5.65668527823752,0.587011143395927,0.989934453702801,0.592979809117908,0.55319466483733,NA
"ENSMUSG00000107464",0.631414135237061,-0.118043522310418,5.12968525223481,-0.0230118450754831,0.981640824447962,NA
"ENSMUSG00000107465",0.0733224103067528,-0.223625438136582,7.35002107937326,-0.0304251424209045,0.97572799338266,NA
"ENSMUSG00000107466",0.119439722826874,1.10863946584087,7.35502869250667,0.150732174161381,0.880186991884195,NA
"ENSMUSG00000107467",0.111425013642863,2.15139308234696,7.28507520255909,0.295315150843086,0.767753143673323,NA
"ENSMUSG00000107469",0.041372325189651,0,7.3561311249555,0,1,NA
"ENSMUSG00000107470",709.004549124502,-8.69388619207574,2.09779500581585,-4.14429730644469,3.40857291863597e-05,0.00431971067957904
"ENSMUSG00000107471",0.0406180793754555,0,7.3561311249555,0,1,NA
"ENSMUSG00000107474",0,NA,NA,NA,NA,NA
"ENSMUSG00000107475",0,NA,NA,NA,NA,NA
"ENSMUSG00000107476",11.6472372862804,-1.6969467859416,0.869617571950438,-1.95137131617013,0.0510128910647996,NA
"ENSMUSG00000107478",0.31966262821415,2.14842446965582,7.2854047526309,0.294894318518128,0.768074612222858,NA
"ENSMUSG00000107482",0.879587720393615,0,7.3561311249555,0,1,NA
"ENSMUSG00000107484",0.0406180793754555,0,7.3561311249555,0,1,NA
"ENSMUSG00000107486",977.830981511423,-0.455453850374752,0.357004049494623,-1.27576662231001,0.202038029768857,0.398870442862437
"ENSMUSG00000107487",0,NA,NA,NA,NA,NA
"ENSMUSG00000107489",0,NA,NA,NA,NA,NA
"ENSMUSG00000107490",0.0839386536694763,0,7.3561311249555,0,1,NA
"ENSMUSG00000107491",0.91274945474392,2.76328257555764,4.21945958942795,0.654890162351874,0.512538474557694,NA
"ENSMUSG00000107492",0.0380762098104571,-1.67431590235222,7.3501929692546,-0.227792101425878,0.819807867435575,NA
"ENSMUSG00000107493",0,NA,NA,NA,NA,NA
"ENSMUSG00000107499",2.50966092808843,1.26245595061018,2.33701599621827,0.540199961255326,0.589059139396377,NA
"ENSMUSG00000107500",0.915340584745398,1.13105428012799,3.16668105193646,0.357173413292235,0.720961988067723,NA
"ENSMUSG00000107501",0.076774213605269,0,7.3561311249555,0,1,NA
"ENSMUSG00000107504",1.39571119730519,4.36350180559649,2.96719530728572,1.47058125728436,0.141404395759586,NA
"ENSMUSG00000107505",0.233714736773825,0,7.3561311249555,0,1,NA
"ENSMUSG00000107506",0.0406180793754555,0,7.3561311249555,0,1,NA
"ENSMUSG00000107508",2.12044367007325,-0.264909718327456,1.80380730027981,-0.146861429314741,0.883241396692315,NA
"ENSMUSG00000107510",0,NA,NA,NA,NA,NA
"ENSMUSG00000107513",0.0406180793754555,0,7.3561311249555,0,1,NA
"ENSMUSG00000107514",0.372419616553945,2.34930680153941,7.23120883136478,0.324884380513184,0.745268578750862,NA
"ENSMUSG00000107518",0,NA,NA,NA,NA,NA
"ENSMUSG00000107519",0,NA,NA,NA,NA,NA
"ENSMUSG00000107520",0,NA,NA,NA,NA,NA
"ENSMUSG00000107522",0.0841207654462634,0,7.3561311249555,0,1,NA
"ENSMUSG00000107523",0,NA,NA,NA,NA,NA
"ENSMUSG00000107527",0,NA,NA,NA,NA,NA
"ENSMUSG00000107530",0,NA,NA,NA,NA,NA
"ENSMUSG00000107532",0.118942063430575,0,7.3561311249555,0,1,NA
"ENSMUSG00000107533",0.120565952908804,-2.55323526520354,7.29475106119879,-0.350009924092454,0.726331249821906,NA
"ENSMUSG00000107536",0.0355187493373064,1.16171280725677,7.35565536667627,0.157934643392857,0.874508299155349,NA
"ENSMUSG00000107539",0,NA,NA,NA,NA,NA
"ENSMUSG00000107540",0,NA,NA,NA,NA,NA
"ENSMUSG00000107541",0.415673197890164,-0.237119525108679,6.78032953734368,-0.034971681509388,0.972102321936985,NA
"ENSMUSG00000107543",0.128850876982562,0,7.3561311249555,0,1,NA
"ENSMUSG00000107544",0,NA,NA,NA,NA,NA
"ENSMUSG00000107545",0.0352597853922181,1.155567702399,7.35595536263211,0.157092810577567,0.875171703562209,NA
"ENSMUSG00000107550",0.0352597853922181,1.155567702399,7.35595536263211,0.157092810577567,0.875171703562209,NA
"ENSMUSG00000107551",0.239588348134991,2.13855723154054,7.2853878665819,0.293540614542996,0.769108960081132,NA
"ENSMUSG00000107555",0.0355187493373064,1.16171280725677,7.35565536667627,0.157934643392857,0.874508299155349,NA
"ENSMUSG00000107557",0.162830790789502,0,7.3561311249555,0,1,NA
"ENSMUSG00000107562",0.0406180793754555,0,7.3561311249555,0,1,NA
"ENSMUSG00000107565",0,NA,NA,NA,NA,NA
"ENSMUSG00000107566",0.035583895638899,0,7.3561311249555,0,1,NA
"ENSMUSG00000107568",0.149958837247467,1.16439425512804,7.35552078227915,0.158302082149408,0.874218767513453,NA
"ENSMUSG00000107573",1.01882986057312,1.1530966227461,3.16137661302675,0.364745098067296,0.715301690979995,NA
"ENSMUSG00000107574",0.0948751955936346,0,7.3561311249555,0,1,NA
"ENSMUSG00000107575",0,NA,NA,NA,NA,NA
"ENSMUSG00000107578",0.788657424908979,2.70900737198493,4.48559651105644,0.603934697493982,0.545887059159019,NA
"ENSMUSG00000107581",0,NA,NA,NA,NA,NA
"ENSMUSG00000107582",0.158348710556454,0.702626862882547,7.34473914976589,0.0956639641729063,0.923787462017185,NA
"ENSMUSG00000107584",43.3246824741999,0.567632958133032,0.663948547118171,0.854935161160919,0.392587043849205,NA
"ENSMUSG00000107587",0.0948751955936345,0,7.3561311249555,0,1,NA
"ENSMUSG00000107588",0.303226333727328,0,7.3561311249555,0,1,NA
"ENSMUSG00000107590",0,NA,NA,NA,NA,NA
"ENSMUSG00000107591",3.81489977438215,0.074707776299476,1.38464226331077,0.053954568829096,0.956971360305167,NA
"ENSMUSG00000107592",0,NA,NA,NA,NA,NA
"ENSMUSG00000107594",0,NA,NA,NA,NA,NA
"ENSMUSG00000107596",0.734969164297116,-2.89669669138455,5.81680201939185,-0.497987843101354,0.618492610803024,NA
"ENSMUSG00000107600",0.0400922426516566,0,7.3561311249555,0,1,NA
"ENSMUSG00000107601",0.130293593481657,-1.88749503955636,7.34117597094122,-0.257110720002856,0.797093302303144,NA
"ENSMUSG00000107602",0.0406180793754555,0,7.3561311249555,0,1,NA
"ENSMUSG00000107604",10.6207567421869,0.662788098456826,0.779496165473241,0.850277561089013,0.395170788874086,NA
"ENSMUSG00000107609",0.465619103002616,-3.23972443927947,7.26350386930989,-0.44602777083497,0.655577185865244,NA
"ENSMUSG00000107611",0.687797972431384,-0.481660576137794,6.74452855134592,-0.0714150103259145,0.943067463599348,NA
"ENSMUSG00000107612",0.28952221666413,-2.5370542955057,7.29524695707483,-0.347768116752415,0.728014335930963,NA
"ENSMUSG00000107613",0.0380762098104571,-1.67431590235222,7.3501929692546,-0.227792101425878,0.819807867435575,NA
"ENSMUSG00000107615",0.0788215430956705,0,7.3561311249555,0,1,NA
"ENSMUSG00000107616",0,NA,NA,NA,NA,NA
"ENSMUSG00000107618",0.0380762098104571,-1.67431590235222,7.3501929692546,-0.227792101425878,0.819807867435575,NA
"ENSMUSG00000107625",0,NA,NA,NA,NA,NA
"ENSMUSG00000107626",0.0710374986746129,2.16226366003378,7.28481246100722,0.296818026765623,0.766605441993722,NA
"ENSMUSG00000107627",8.60048078254844,-0.735139883081438,0.884180513753834,-0.831436422366247,0.405727130516641,NA
"ENSMUSG00000107628",1.80624881391305,1.12251570582497,3.34838374091023,0.335241057382456,0.737443252838624,NA
"ENSMUSG00000107629",0.525435105157469,-0.445359967080652,6.26393858626829,-0.0710990315353607,0.943318938944752,NA
"ENSMUSG00000107630",0.0355187493373064,1.16171280725677,7.35565536667627,0.157934643392857,0.874508299155349,NA
"ENSMUSG00000107631",0,NA,NA,NA,NA,NA
"ENSMUSG00000107639",0.306716004824169,-1.86796066982655,7.34195178081135,-0.254422900829801,0.799168860615829,NA
"ENSMUSG00000107641",0.580997403233801,3.13610716262844,5.97029680504235,0.525284967403927,0.599385105957032,NA
"ENSMUSG00000107642",0.133445074557192,0,7.3561311249555,0,1,NA
"ENSMUSG00000107644",10.0695090262711,1.10920434352188,1.0746490332988,1.03215497260255,0.301999524755423,NA
"ENSMUSG00000107645",2.63222945561698,-0.545299878792831,1.61464214038184,-0.337721817828857,0.735572831564406,NA
"ENSMUSG00000107646",0,NA,NA,NA,NA,NA
"ENSMUSG00000107648",0.244781068617091,1.15822524922123,7.35582548114649,0.157456869006728,0.87488479736344,NA
"ENSMUSG00000107649",0,NA,NA,NA,NA,NA
"ENSMUSG00000107650",0.0380762098104571,-1.67431590235222,7.3501929692546,-0.227792101425878,0.819807867435575,NA
"ENSMUSG00000107653",1.95938627364411,-2.72924300609325,2.78996556529714,-0.978235373239303,0.327957925071892,NA
"ENSMUSG00000107657",0.0761524196209141,-2.55627499047924,7.29465809108018,-0.350431090609309,0.726015196884991,NA
"ENSMUSG00000107658",6.75533780972129,-0.664142121796432,1.24258753850921,-0.534483166146374,0.593007293102579,NA
"ENSMUSG00000107661",0.155506606069962,0,7.3561311249555,0,1,NA
"ENSMUSG00000107662",0.166419011674204,0,7.3561311249555,0,1,NA
"ENSMUSG00000107664",0,NA,NA,NA,NA,NA
"ENSMUSG00000107669",0,NA,NA,NA,NA,NA
"ENSMUSG00000107671",0.0428683848750347,0,7.3561311249555,0,1,NA
"ENSMUSG00000107672",0.170369373064064,1.14975194601305,7.3560762652461,0.156299622863492,0.875796853597304,NA
"ENSMUSG00000107673",0.0761524196209141,-2.55627499047924,7.29465809108018,-0.350431090609309,0.726015196884991,NA
"ENSMUSG00000107674",0.136679763235876,-2.91947500495922,7.27708272724978,-0.401187551987962,0.688282044823095,NA
"ENSMUSG00000107677",2.67328721047973,-2.46852823229416,1.90320318302532,-1.29703872624372,0.194617862403658,NA
"ENSMUSG00000107678",0,NA,NA,NA,NA,NA
"ENSMUSG00000107683",0,NA,NA,NA,NA,NA
"ENSMUSG00000107684",0.465266519900451,0,7.3561311249555,0,1,NA
"ENSMUSG00000107685",0.0872331551967103,0,7.3561311249555,0,1,NA
"ENSMUSG00000107686",0,NA,NA,NA,NA,NA
"ENSMUSG00000107687",1.09474833067617,0.347830600970227,3.15678684149251,0.11018501357088,0.91226264733915,NA
"ENSMUSG00000107691",0.035583895638899,0,7.3561311249555,0,1,NA
"ENSMUSG00000107692",0.223557301553014,1.16113043791641,7.35567921141473,0.157854958671191,0.874571090744412,NA
"ENSMUSG00000107693",0.119674865727383,-1.6597277719131,7.34982322083967,-0.225818733599892,0.821342406088766,NA
"ENSMUSG00000107694",0,NA,NA,NA,NA,NA
"ENSMUSG00000107695",0.0474375977968173,0,7.3561311249555,0,1,NA
"ENSMUSG00000107697",0.0355187493373064,1.16171280725677,7.35565536667627,0.157934643392857,0.874508299155349,NA
"ENSMUSG00000107700",0,NA,NA,NA,NA,NA
"ENSMUSG00000107701",1.0655200748356,-1.98750958987099,2.33821057001741,-0.850013089221554,0.395317809074341,NA
"ENSMUSG00000107705",84.9676331992107,3.5299569243417,2.1270016870301,1.65959291234532,0.0969963751459351,0.252983949424161
"ENSMUSG00000107708",1.74039557642408,4.0122084684439,2.34851179918453,1.7084046458004,0.0875612858243887,NA
"ENSMUSG00000107710",0.118873145331945,-0.233856278905346,7.34975277132607,-0.0318182510597771,0.974616991764149,NA
"ENSMUSG00000107711",0.368647158946777,0.60490341705968,7.28441844960097,0.0830407288165627,0.933819154518984,NA
"ENSMUSG00000107713",3.50985095616963,-0.135473467022549,1.52923842465435,-0.0885888458192312,0.929408672976675,NA
"ENSMUSG00000107718",0.118328879184991,2.15336225159047,7.28502747065978,0.295587389376783,0.767545205339832,NA
"ENSMUSG00000107721",1.15815493294257,0.362771333983804,3.00943165596381,0.120544798970562,0.904051593903656,NA
"ENSMUSG00000107724",0,NA,NA,NA,NA,NA
"ENSMUSG00000107725",0.0474375977968173,0,7.3561311249555,0,1,NA
"ENSMUSG00000107727",0.0427517828843511,0,7.3561311249555,0,1,NA
"ENSMUSG00000107731",0.0458889004883165,0,7.3561311249555,0,1,NA
"ENSMUSG00000107733",0.713154988904137,0.589758047913427,3.61004826894575,0.163365695962192,0.87023051065704,NA
"ENSMUSG00000107735",0.0380762098104571,-1.67431590235222,7.3501929692546,-0.227792101425878,0.819807867435575,NA
"ENSMUSG00000107738",0.165860956650955,0,7.3561311249555,0,1,NA
"ENSMUSG00000107739",0.169025443706461,0,7.3561311249555,0,1,NA
"ENSMUSG00000107740",0.0784159273697388,0,7.3561311249555,0,1,NA
"ENSMUSG00000107741",122.218008402922,-0.107631922536289,0.451547119607524,-0.23836254925032,0.811599911734527,0.905391833869985
"ENSMUSG00000107746",0,NA,NA,NA,NA,NA
"ENSMUSG00000107747",0.747866483941663,-3.11004213930686,5.65229997028355,-0.550225953268161,0.582164404637864,NA
"ENSMUSG00000107748",0,NA,NA,NA,NA,NA
"ENSMUSG00000107751",1.54152099437131,-3.26557241486645,3.20023636937709,-1.02041600617835,0.307531205890085,NA
"ENSMUSG00000107752",0,NA,NA,NA,NA,NA
"ENSMUSG00000107754",0,NA,NA,NA,NA,NA
"ENSMUSG00000107755",0.280235444560388,-0.694508218765279,7.19596180807443,-0.096513605448265,0.92311266878471,NA
"ENSMUSG00000107757",0,NA,NA,NA,NA,NA
"ENSMUSG00000107758",0.124797636595047,1.12153612816053,7.3553571937794,0.152478812192703,0.878809300448554,NA
"ENSMUSG00000107762",0.0406180793754555,0,7.3561311249555,0,1,NA
"ENSMUSG00000107763",0.169489599977338,0,7.3561311249555,0,1,NA
"ENSMUSG00000107764",0.0710374986746129,2.16226366003378,7.28481246100722,0.296818026765623,0.766605441993722,NA
"ENSMUSG00000107765",0,NA,NA,NA,NA,NA
"ENSMUSG00000107769",0,NA,NA,NA,NA,NA
"ENSMUSG00000107770",3.34608450308385,0,7.3561311249555,0,1,NA
"ENSMUSG00000107771",62.4899186027657,0.176410164050074,0.603099969042743,0.292505675850186,0.769900020853564,NA
"ENSMUSG00000107772",0.559450378956782,0,7.3561311249555,0,1,NA
"ENSMUSG00000107775",1.18917550023412,-0.152034289248944,3.00784851469203,-0.0505458597752922,0.959687405270049,NA
"ENSMUSG00000107777",0,NA,NA,NA,NA,NA
"ENSMUSG00000107778",0,NA,NA,NA,NA,NA
"ENSMUSG00000107781",0,NA,NA,NA,NA,NA
"ENSMUSG00000107783",0,NA,NA,NA,NA,NA
"ENSMUSG00000107784",0.0884119373967709,0,7.3561311249555,0,1,NA
"ENSMUSG00000107786",0.0434922688142794,0,7.3561311249555,0,1,NA
"ENSMUSG00000107787",0.0355187493373064,1.16171280725677,7.35565536667627,0.157934643392857,0.874508299155349,NA
"ENSMUSG00000107788",4.31865482505352,0.701797279941073,1.57149740216509,0.446578708290698,0.655179271571939,NA
"ENSMUSG00000107789",0,NA,NA,NA,NA,NA
"ENSMUSG00000107790",0.0814212229465016,0,7.3561311249555,0,1,NA
"ENSMUSG00000107800",0.0463864331927929,0,7.3561311249555,0,1,NA
"ENSMUSG00000107803",0,NA,NA,NA,NA,NA
"ENSMUSG00000107805",0.0355187493373064,1.16171280725677,7.35565536667627,0.157934643392857,0.874508299155349,NA
"ENSMUSG00000107806",0.221812548098179,0,7.3561311249555,0,1,NA
"ENSMUSG00000107808",0,NA,NA,NA,NA,NA
"ENSMUSG00000107810",0.194685103022517,0,7.3561311249555,0,1,NA
"ENSMUSG00000107814",0.0841784749044484,-0.453553785547103,7.34077915509857,-0.06178551022504,0.950733642605814,NA
"ENSMUSG00000107816",0.118095838235439,1.15177850880664,7.35612792802217,0.156574018298282,0.875580580345348,NA
"ENSMUSG00000107817",0.165824329863828,1.14623753672917,7.35598669393533,0.155823764291769,0.876171938236079,NA
"ENSMUSG00000107818",0,NA,NA,NA,NA,NA
"ENSMUSG00000107819",0.035583895638899,0,7.3561311249555,0,1,NA
"ENSMUSG00000107821",0.455531890280803,-0.427497633011176,7.13744743789797,-0.0598950306437671,0.952239237763028,NA
"ENSMUSG00000107822",0.152987850787398,2.14851014598421,7.2851451848959,0.294916585936908,0.76805760142002,NA
"ENSMUSG00000107824",3.89606208672886,0.248597195802615,1.24568922294354,0.199565984214895,0.841820033247353,NA
"ENSMUSG00000107828",0.292058864752228,1.15896700963282,7.35578598387751,0.157558554880887,0.874804663966839,NA
"ENSMUSG00000107829",0,NA,NA,NA,NA,NA
"ENSMUSG00000107831",0.0805445145577703,1.13376562253755,7.35539978544865,0.154140584551299,0.877498888801966,NA
"ENSMUSG00000107832",0.106203609780373,2.74262609624152,7.26120079601351,0.377709716793297,0.705646248675904,NA
"ENSMUSG00000107833",0.427645757575247,0,7.3561311249555,0,1,NA
"ENSMUSG00000107834",0.0474375977968173,0,7.3561311249555,0,1,NA
"ENSMUSG00000107836",0.974388239632623,0.847332922058743,2.79232386316055,0.303450804270129,0.761546333443263,NA
"ENSMUSG00000107837",0,NA,NA,NA,NA,NA
"ENSMUSG00000107844",0.0381979668618393,0,7.3561311249555,0,1,NA
"ENSMUSG00000107845",1.51078128323867,0.53854359362148,2.10183752134363,0.2562251307024,0.797777004682144,NA
"ENSMUSG00000107850",0.509064999925989,0,5.54970441672792,0,1,NA
"ENSMUSG00000107851",0,NA,NA,NA,NA,NA
"ENSMUSG00000107852",0.0870985527039179,-2.74086736594333,7.28506289709698,-0.37623111902514,0.706745082443302,NA
"ENSMUSG00000107853",1.40907069467559,-0.599542004272452,3.16293858041261,-0.189552211979481,0.84966003748653,NA
"ENSMUSG00000107854",0.0400922426516566,0,7.3561311249555,0,1,NA
"ENSMUSG00000107856",0.041372325189651,0,7.3561311249555,0,1,NA
"ENSMUSG00000107857",0.162058732326299,0,7.3561311249555,0,1,NA
"ENSMUSG00000107863",23.8393986706768,-0.536137621265503,0.599379976998424,-0.894487039674522,0.371061361033078,NA
"ENSMUSG00000107866",0,NA,NA,NA,NA,NA
"ENSMUSG00000107869",0.11420060010804,1.13652878860339,7.35546926998491,0.154514789864077,0.877203850632622,NA
"ENSMUSG00000107872",0,NA,NA,NA,NA,NA
"ENSMUSG00000107873",1.14637955606924,-1.11523105163402,4.18434779685332,-0.266524463495288,0.789835321400983,NA
"ENSMUSG00000107874",0.728153420226897,-1.76038416468841,4.9323394934115,-0.356906528238757,0.72116178228611,NA
"ENSMUSG00000107877",1.3917368831323,1.37248875230953,3.51829174491577,0.390100893222652,0.696461942360848,NA
"ENSMUSG00000107885",0.147224610681708,-0.126134102336999,7.22267744762249,-0.0174636211088893,0.986066754567471,NA
"ENSMUSG00000107888",0.0815557360655841,0,7.3561311249555,0,1,NA
"ENSMUSG00000107889",0.0355187493373064,1.16171280725677,7.35565536667627,0.157934643392857,0.874508299155349,NA
"ENSMUSG00000107890",0,NA,NA,NA,NA,NA
"ENSMUSG00000107891",2.64395351594439,-1.91851878806938,2.14061438573819,-0.896246797578997,0.370120966797797,NA
"ENSMUSG00000107892",0.36583319974189,0,7.3561311249555,0,1,NA
"ENSMUSG00000107896",0.401461535394896,2.14912873950443,7.28538752068678,0.294991684848885,0.768000231751128,NA
"ENSMUSG00000107898",0.081236158750911,0,7.3561311249555,0,1,NA
"ENSMUSG00000107900",0,NA,NA,NA,NA,NA
"ENSMUSG00000107901",0,NA,NA,NA,NA,NA
"ENSMUSG00000107904",0.0801302720666154,0,7.3561311249555,0,1,NA
"ENSMUSG00000107906",5.20999673215452,-0.87189715862559,1.63213580356666,-0.534206257053034,0.593198840594814,NA
"ENSMUSG00000107907",0.112283249084125,1.15949306188893,7.3560545014436,0.157624316358909,0.874752841418876,NA
"ENSMUSG00000107908",0.0355838956388991,0,7.3561311249555,0,1,NA
"ENSMUSG00000107911",13.7986150810301,-0.385011876665921,0.704171357853086,-0.546758785872469,0.584544461325022,NA
"ENSMUSG00000107914",0.0410826440564989,0,7.3561311249555,0,1,NA
"ENSMUSG00000107916",0,NA,NA,NA,NA,NA
"ENSMUSG00000107918",0.152310962250178,2.1572256387379,7.2849339887752,0.296121508041364,0.767137289147771,NA
"ENSMUSG00000107919",0.0796034011192069,0,7.3561311249555,0,1,NA
"ENSMUSG00000107920",0.931791370919581,-0.138702819979208,3.54502078355428,-0.0391260950070208,0.968789856087432,NA
"ENSMUSG00000107921",0.0380762098104571,-1.67431590235222,7.3501929692546,-0.227792101425878,0.819807867435575,NA
"ENSMUSG00000107922",0.527149740575217,0.765271668131353,7.27900252636822,0.105134139651574,0.91626936988194,NA
"ENSMUSG00000107923",0,NA,NA,NA,NA,NA
"ENSMUSG00000107925",0,NA,NA,NA,NA,NA
"ENSMUSG00000107928",32.0964513826439,7.40979364282604,3.81101129145537,1.94431164752502,0.0518578809234222,NA
"ENSMUSG00000107930",0.342229461879771,-1.64769058840386,7.34951822634194,-0.224190285357515,0.822609242262718,NA
"ENSMUSG00000107931",0.0406180793754555,0,7.3561311249555,0,1,NA
"ENSMUSG00000107934",0.209141867126928,-0.456705543862021,7.34069108398752,-0.062215605947272,0.950391134816888,NA
"ENSMUSG00000107936",0,NA,NA,NA,NA,NA
"ENSMUSG00000107938",0,NA,NA,NA,NA,NA
"ENSMUSG00000107940",0.0761524196209141,-2.55627499047924,7.29465809108018,-0.350431090609309,0.726015196884991,NA
"ENSMUSG00000107941",0.249291684403054,-1.65623886699957,7.34973481085744,-0.225346751906324,0.821709532066103,NA
"ENSMUSG00000107942",0,NA,NA,NA,NA,NA
"ENSMUSG00000107943",0.0419195223311899,0,7.3561311249555,0,1,NA
"ENSMUSG00000107945",1.74973934778925,-2.43239058282152,2.47216922564698,-0.983909417521752,0.325160052828095,NA
"ENSMUSG00000107950",3.72776858794884,1.10593951326336,1.66488477394784,0.664273906860777,0.506515018267657,NA
"ENSMUSG00000107951",11.0761637065608,0.858631690929501,0.755558886333338,1.13641928704772,0.255781127613035,NA
"ENSMUSG00000107952",0.0380762098104571,-1.67431590235222,7.3501929692546,-0.227792101425878,0.819807867435575,NA
"ENSMUSG00000107953",0.0380762098104571,-1.67431590235222,7.3501929692546,-0.227792101425878,0.819807867435575,NA
"ENSMUSG00000107957",0,NA,NA,NA,NA,NA
"ENSMUSG00000107959",0.641816985470595,-3.69645866771453,5.78173448158514,-0.639333867628784,0.522605760674347,NA
"ENSMUSG00000107965",0.0827883388399847,0,7.3561311249555,0,1,NA
"ENSMUSG00000107968",85.5284672313333,-0.568025689311473,0.506029783905013,-1.12251434081219,0.261643813538136,0.471235594251951
"ENSMUSG00000107972",0,NA,NA,NA,NA,NA
"ENSMUSG00000107973",0.114228629431371,-3.13863321915088,7.26774571323647,-0.431857874916372,0.665844712909321,NA
"ENSMUSG00000107975",0.0896095956374853,-1.90475524583014,7.34049856993863,-0.25948581389698,0.795260426149539,NA
"ENSMUSG00000107981",2.5918936370282,-0.353011819519448,1.48290022803537,-0.238055003867076,0.811838433268909,NA
"ENSMUSG00000107982",0.0737070716346806,1.16683844482832,7.3554040857061,0.158636892172363,0.87395496107965,NA
"ENSMUSG00000107983",0.134749166106979,-1.85961778339967,7.34228610921606,-0.253275036649072,0.800055685206421,NA
"ENSMUSG00000107984",0.209931036554489,0,7.3561311249555,0,1,NA
"ENSMUSG00000107986",0.0355187493373064,1.16171280725677,7.35565536667627,0.157934643392857,0.874508299155349,NA
"ENSMUSG00000107987",0.0814271294605984,0,7.3561311249555,0,1,NA
"ENSMUSG00000107990",31.8437035374784,1.1717099059064,0.531432216163702,2.20481534665837,0.0274670546917909,NA
"ENSMUSG00000107991",0.421292910095952,3.14605399866169,7.24906031609882,0.433994733313901,0.664292265573255,NA
"ENSMUSG00000107992",0.723552926675397,0,7.3561311249555,0,1,NA
"ENSMUSG00000107995",2.8154326559578,1.50600305018038,1.6732850294709,0.900027803784618,0.36810545452469,NA
"ENSMUSG00000107998",0.0833875224252639,0,7.3561311249555,0,1,NA
"ENSMUSG00000108000",0.0763959337236786,0,7.3561311249555,0,1,NA
"ENSMUSG00000108002",0,NA,NA,NA,NA,NA
"ENSMUSG00000108007",0.0352597853922182,1.155567702399,7.3559553626321,0.157092810577567,0.875171703562209,NA
"ENSMUSG00000108009",2.68207698413302,0.653959504494772,2.3260947413822,0.281140528311491,0.778602617108998,NA
"ENSMUSG00000108011",0,NA,NA,NA,NA,NA
"ENSMUSG00000108013",0.0834128377692916,0,7.3561311249555,0,1,NA
"ENSMUSG00000108016",0.0761524196209141,-2.55627499047924,7.29465809108018,-0.350431090609309,0.726015196884991,NA
"ENSMUSG00000108017",0.164189789762297,-2.54145314826785,7.29511315853568,-0.348377481340945,0.727556711854579,NA
"ENSMUSG00000108018",0.114679874994043,-0.237826564105905,7.34963444728252,-0.0323589650358515,0.974185786494691,NA
"ENSMUSG00000108019",0.163976025792828,0,7.3561311249555,0,1,NA
"ENSMUSG00000108022",0.351082766417538,0.308357007536645,7.15949025172839,0.043069687463043,0.96564598276826,NA
"ENSMUSG00000108023",1.81805816472755,2.25170441980489,1.89912603021727,1.18565297088118,0.235759374098169,NA
"ENSMUSG00000108028",0.116711279432395,-2.55392427542749,7.2947299720714,-0.350105389124127,0.726259606604604,NA
"ENSMUSG00000108029",0.0765759411780965,1.13791435076255,7.35577450957473,0.154696741897317,0.877060398662914,NA
"ENSMUSG00000108032",0.0406180793754555,0,7.3561311249555,0,1,NA
"ENSMUSG00000108036",0.124156670842474,1.13430480366855,7.35541364058232,0.154213598187083,0.87744132064556,NA
"ENSMUSG00000108039",0.0711026980852639,1.16502138001549,7.35549245603425,0.158387951177862,0.874151107505197,NA
"ENSMUSG00000108041",0,NA,NA,NA,NA,NA
"ENSMUSG00000108044",0,NA,NA,NA,NA,NA
"ENSMUSG00000108045",2.54947997874076,-3.57003637710202,2.86653668696096,-1.24541799633721,0.212978141514198,NA
"ENSMUSG00000108047",0,NA,NA,NA,NA,NA
"ENSMUSG00000108052",1.05768166572235,-0.720155139473599,2.98127081781299,-0.241559785568858,0.809121285791981,NA
"ENSMUSG00000108054",0.0380762098104571,-1.67431590235222,7.3501929692546,-0.227792101425878,0.819807867435575,NA
"ENSMUSG00000108056",1.92428862611597,1.00746413801697,1.74892363070604,0.576048102003321,0.5645826688984,NA
"ENSMUSG00000108058",0,NA,NA,NA,NA,NA
"ENSMUSG00000108065",0,NA,NA,NA,NA,NA
"ENSMUSG00000108066",0.0789354469549652,-1.78319237620105,7.35295675975803,-0.242513649197596,0.808382181941253,NA
"ENSMUSG00000108068",9.32890118871699,-5.778394610193,2.03655286288437,-2.83734083976051,0.00454910210063763,NA
"ENSMUSG00000108069",0.229077393359582,-0.110840193349668,7.22289610666329,-0.0153456718347943,0.987756405909692,NA
"ENSMUSG00000108073",0.390468845805864,0,7.3561311249555,0,1,NA
"ENSMUSG00000108078",0.601591700898369,-1.12412875953591,4.70242889121856,-0.239052792831199,0.811064646438939,NA
"ENSMUSG00000108082",0,NA,NA,NA,NA,NA
"ENSMUSG00000108083",0.686472471546146,-0.106051025230094,6.77698477073789,-0.0156487034894941,0.987514650663952,NA
"ENSMUSG00000108086",0.11922307011158,0,7.3561311249555,0,1,NA
"ENSMUSG00000108089",1.45726593729088,0.480379361488343,2.23745210883225,0.214699282095052,0.83000178233314,NA
"ENSMUSG00000108090",1656.68102952823,0.153242408508431,1.13603291157938,0.134892578328021,0.892696807555058,0.952245958217914
"ENSMUSG00000108091",0.117524038124738,0,7.3561311249555,0,1,NA
"ENSMUSG00000108096",0.0406180793754555,0,7.3561311249555,0,1,NA
"ENSMUSG00000108097",1.67913979112376,2.37571811973406,2.78043803381312,0.854440232381651,0.392861112050993,NA
"ENSMUSG00000108098",0.0474375977968173,0,7.3561311249555,0,1,NA
"ENSMUSG00000108099",0.130714783259244,0,7.3561311249555,0,1,NA
"ENSMUSG00000108100",4.27596877832399,-1.89770957459855,1.26694511475512,-1.49786249814409,0.134168978898882,NA
"ENSMUSG00000108104",0,NA,NA,NA,NA,NA
"ENSMUSG00000108105",1.60166598089118,-0.357981370989175,1.74970747797138,-0.20459498258773,0.837888575798131,NA
"ENSMUSG00000108106",0.784381525836581,0.496141687083519,4.83273647250162,0.102662681879423,0.918230692642434,NA
"ENSMUSG00000108107",4.25170578628868,-1.26972110759638,1.10649437768671,-1.1475169989123,0.251168011676783,NA
"ENSMUSG00000108110",0.155374288550904,0,7.3561311249555,0,1,NA
"ENSMUSG00000108114",0.121342838784017,0,7.3561311249555,0,1,NA
"ENSMUSG00000108115",0.736341605336402,0.187838890378336,4.77431464223429,0.0393436345222591,0.968616418211519,NA
"ENSMUSG00000108117",0.348345271389509,0,7.3561311249555,0,1,NA
"ENSMUSG00000108125",0.0761524196209141,-2.55627499047924,7.29465809108018,-0.350431090609309,0.726015196884991,NA
"ENSMUSG00000108127",0.222089687899324,1.10229619649127,7.26055060313596,0.15181991790198,0.879328972024885,NA
"ENSMUSG00000108131",0,NA,NA,NA,NA,NA
"ENSMUSG00000108134",0.0794669354633739,-1.66946172365076,7.3500699793015,-0.227135486920822,0.82031839051063,NA
"ENSMUSG00000108135",0.0355187493373065,1.16171280725677,7.35565536667627,0.157934643392857,0.874508299155349,NA
"ENSMUSG00000108138",0.0758695421828998,1.15705657398052,7.35599338497795,0.157294401099301,0.875012832610099,NA
"ENSMUSG00000108139",0,NA,NA,NA,NA,NA
"ENSMUSG00000108140",0.0857666193868507,-1.65187134940209,7.34962417906389,-0.224755893520052,0.822169180055536,NA
"ENSMUSG00000108142",1.5796050577965,1.74365301803381,2.33819965974242,0.745724605154503,0.455833792525413,NA
"ENSMUSG00000108144",0.0761806207562446,1.15121201917846,7.35611349778392,0.156497316079377,0.875641034637457,NA
"ENSMUSG00000108149",0.0380762098104571,-1.67431590235222,7.3501929692546,-0.227792101425878,0.819807867435575,NA
"ENSMUSG00000108150",0,NA,NA,NA,NA,NA
"ENSMUSG00000108153",3.3943250813085,-0.441486257969349,1.40355125851146,-0.314549436860303,0.753103775147119,NA
"ENSMUSG00000108156",0.114228629431371,-3.13863321915088,7.26774571323647,-0.431857874916372,0.665844712909321,NA
"ENSMUSG00000108157",0.035583895638899,0,7.3561311249555,0,1,NA
"ENSMUSG00000108160",0.11960308792907,0,7.3561311249555,0,1,NA
"ENSMUSG00000108162",54.0404219913494,1.16679768314754,0.580894695313307,2.00862168747853,0.044577269539148,NA
"ENSMUSG00000108163",1.53242625425283,-0.334209184697197,1.88836214743213,-0.176983628459016,0.859521249171809,NA
"ENSMUSG00000108164",0,NA,NA,NA,NA,NA
"ENSMUSG00000108167",0.239046511325326,3.15882976452656,7.25521772006667,0.435387315226914,0.663281316107831,NA
"ENSMUSG00000108172",0.0410826440564989,0,7.3561311249555,0,1,NA
"ENSMUSG00000108174",0.0817335373245762,0,7.3561311249555,0,1,NA
"ENSMUSG00000108177",0.346681983384688,-3.36600741977499,7.25926485168884,-0.463684338365462,0.642873919657104,NA
"ENSMUSG00000108183",2.02713385627998,2.10159501628475,2.38746277867597,0.880262944853218,0.378716881459411,NA
"ENSMUSG00000108185",0.0825349625455039,0,7.3561311249555,0,1,NA
"ENSMUSG00000108186",1.15601484073841,0,3.3095830837355,0,1,NA
"ENSMUSG00000108188",0.205259056005229,1.14431375213256,7.35593766229962,0.155563274821829,0.876377274890007,NA
"ENSMUSG00000108191",0.0833875858739651,0,7.35613112495549,0,1,NA
"ENSMUSG00000108193",0,NA,NA,NA,NA,NA
"ENSMUSG00000108198",0.035583895638899,0,7.3561311249555,0,1,NA
"ENSMUSG00000108201",0.0400922426516566,0,7.3561311249555,0,1,NA
"ENSMUSG00000108202",2.08207096761227,1.14048478203464,2.38941330836832,0.477307453691824,0.633143204064154,NA
"ENSMUSG00000108203",0,NA,NA,NA,NA,NA
"ENSMUSG00000108204",2.06357361632536,-3.18187858548498,2.26627658979704,-1.40401158438032,0.160315399994572,NA
"ENSMUSG00000108205",0.0883647140483343,0,7.3561311249555,0,1,NA
"ENSMUSG00000108208",0.0434922688142794,0,7.3561311249555,0,1,NA
"ENSMUSG00000108209",0.480307650335728,-1.85523970133336,5.63500935379447,-0.329234538019726,0.741978419226986,NA
"ENSMUSG00000108212",0.169334236873559,0,7.3561311249555,0,1,NA
"ENSMUSG00000108215",0.92354743552878,1.90243680674531,3.57582600445367,0.532027230736574,0.594707135645851,NA
"ENSMUSG00000108218",116.382218025499,0.243075751269608,0.593915911315098,0.409276375053448,0.682336850972044,0.825973520923176
"ENSMUSG00000108221",0.196550546870441,1.08226115586814,7.24563363013742,0.149367358482852,0.881263766914428,NA
"ENSMUSG00000108222",0,NA,NA,NA,NA,NA
"ENSMUSG00000108223",0,NA,NA,NA,NA,NA
"ENSMUSG00000108224",2.08558552722031,-1.37805062823567,2.24089865333505,-0.61495446310558,0.538584793583717,NA
"ENSMUSG00000108225",0.0406180793754555,0,7.3561311249555,0,1,NA
"ENSMUSG00000108226",0.131822861114282,0,7.3561311249555,0,1,NA
"ENSMUSG00000108230",0.0406180793754555,0,7.3561311249555,0,1,NA
"ENSMUSG00000108231",29.9701346684262,-0.441761317964265,0.554500269230848,-0.796683685252373,0.425634761439819,NA
"ENSMUSG00000108233",0.120171526372301,0,7.3561311249555,0,1,NA
"ENSMUSG00000108235",2.39931316371367,0.470772629854881,1.87372644495448,0.251249391885653,0.801621299749913,NA
"ENSMUSG00000108240",0.0380762098104571,-1.67431590235222,7.3501929692546,-0.227792101425878,0.819807867435575,NA
"ENSMUSG00000108241",0,NA,NA,NA,NA,NA
"ENSMUSG00000108245",0,NA,NA,NA,NA,NA
"ENSMUSG00000108247",0.0815938204116798,0,7.3561311249555,0,1,NA
"ENSMUSG00000108248",0.0844816714592175,-0.457783171217816,7.34087943029426,-0.0623608077975837,0.950275505031557,NA
"ENSMUSG00000108249",154.886383394816,0.137403285850278,0.455763948452185,0.301479058001213,0.763049216894871,0.875691560349293
"ENSMUSG00000108250",0.0407969102058399,0,7.3561311249555,0,1,NA
"ENSMUSG00000108251",0.0355187493373064,1.16171280725677,7.35565536667627,0.157934643392857,0.874508299155349,NA
"ENSMUSG00000108252",0,NA,NA,NA,NA,NA
"ENSMUSG00000108253",0.0355187493373064,1.16171280725677,7.35565536667627,0.157934643392857,0.874508299155349,NA
"ENSMUSG00000108257",0.606035097023617,0,7.05038385073742,0,1,NA
"ENSMUSG00000108259",0.126355755838648,0,7.3561311249555,0,1,NA
"ENSMUSG00000108261",0.118199591081677,2.14524400173855,7.28522465472893,0.2944650444439,0.768402570424291,NA
"ENSMUSG00000108262",0.111101565762655,-1.0970962120318,7.29496892939618,-0.150390799830673,0.88045629939274,NA
"ENSMUSG00000108265",21.5834521573594,0.606540264843574,0.683101732421667,0.887920841151032,0.374583333172903,NA
"ENSMUSG00000108266",0.991279917810729,1.65162013083194,2.71513212940828,0.608301936006292,0.54298723724066,NA
"ENSMUSG00000108269",12.1712118157555,0.890640219877672,0.896899089059715,0.993021657332036,0.320699400342596,NA
"ENSMUSG00000108270",0.294539385856581,-1.64598866624443,7.34947511076319,-0.223960029993693,0.822788404684311,NA
"ENSMUSG00000108272",0.0474375977968173,0,7.3561311249555,0,1,NA
"ENSMUSG00000108275",0.0474375977968173,0,7.3561311249555,0,1,NA
"ENSMUSG00000108279",2.54508262194362,-0.500599008960596,1.69040658112167,-0.29614118552971,0.767122262321545,NA
"ENSMUSG00000108280",0.0710374986746129,2.16226366003378,7.28481246100722,0.296818026765623,0.766605441993722,NA
"ENSMUSG00000108284",0.0355187493373064,1.16171280725677,7.35565536667627,0.157934643392857,0.874508299155349,NA
"ENSMUSG00000108287",0,NA,NA,NA,NA,NA
"ENSMUSG00000108292",1.8163462813204,-2.83496832252483,2.53597476489048,-1.11790084103903,0.263609345817781,NA
"ENSMUSG00000108293",0.394881422769495,0.473423611228816,7.19957186477286,0.0657571894719538,0.947571140279604,NA
"ENSMUSG00000108294",0,NA,NA,NA,NA,NA
"ENSMUSG00000108296",0.204956594504634,-1.66051349328587,7.34984313224013,-0.225925024984821,0.821259733852356,NA
"ENSMUSG00000108299",0,NA,NA,NA,NA,NA
"ENSMUSG00000108300",0,NA,NA,NA,NA,NA
"ENSMUSG00000108301",0,NA,NA,NA,NA,NA
"ENSMUSG00000108302",0.334857944799693,0,7.3561311249555,0,1,NA
"ENSMUSG00000108304",1.39292918255431,0.663216228122696,2.24823868251996,0.294993691407944,0.767998698915075,NA
"ENSMUSG00000108305",1.73150824202219,0.669697611313747,2.1150786458373,0.316630122776656,0.751524276259178,NA
"ENSMUSG00000108306",1.26919862514427,-2.57354855691005,2.70834963480517,-0.95022759389601,0.341996620538104,NA
"ENSMUSG00000108307",1.44715827335217,4.90039706200411,4.50846418846376,1.08693267976781,0.277066562443789,NA
"ENSMUSG00000108309",0.342196132157114,-1.89223271149636,7.34098777930831,-0.257762683767149,0.796590065527018,NA
"ENSMUSG00000108312",117.255495910135,-1.26764267247876,1.28775858960239,-0.984379124095117,0.324929138478236,0.535738566773575
"ENSMUSG00000108314",28.0228300731115,0.721126996820018,0.792136634734574,0.910356831383831,0.362634355999631,NA
"ENSMUSG00000108316",0,NA,NA,NA,NA,NA
"ENSMUSG00000108323",0.0380762098104571,-1.67431590235222,7.3501929692546,-0.227792101425878,0.819807867435575,NA
"ENSMUSG00000108326",0.0488582735869228,-1.88445199085273,7.34129618423011,-0.256691998737325,0.797416548724726,NA
"ENSMUSG00000108328",0.109056969525952,0.769346101804544,7.27891590196669,0.105695149135694,0.915824229222041,NA
"ENSMUSG00000108331",0.1632294350907,-1.30892113618651,7.28502840754283,-0.179672756640354,0.857409482402758,NA
"ENSMUSG00000108335",0.131489349713671,0,7.3561311249555,0,1,NA
"ENSMUSG00000108336",0.108849915620677,0.771108502643948,7.27902625413194,0.105935667178866,0.915633394961594,NA
"ENSMUSG00000108337",5.51275876140894,-0.340961040365753,1.00494725028682,-0.339282524797635,0.734396905942004,NA
"ENSMUSG00000108339",0.0762032611883775,1.14754716583775,7.3560201304489,0.156001091009483,0.876032161249796,NA
"ENSMUSG00000108340",0.206984435381767,-2.54897518001003,7.29488166405888,-0.349419674971365,0.726774264587776,NA
"ENSMUSG00000108342",0.197002112285115,2.14837750445859,7.28514841953502,0.294898247878897,0.76807161044871,NA
"ENSMUSG00000108343",0.152599798169094,1.15958228452933,7.35575736578448,0.157642813223172,0.87473826528252,NA
"ENSMUSG00000108344",0.087810538412885,0,7.3561311249555,0,1,NA
"ENSMUSG00000108346",0,NA,NA,NA,NA,NA
"ENSMUSG00000108347",0.878577321280933,-0.22998729969295,4.58617914125412,-0.0501479101904552,0.960004520929091,NA
"ENSMUSG00000108348",177.684024762094,0.625161029762398,0.422224885222865,1.48063520564975,0.138703808617373,0.316617231192861
"ENSMUSG00000108349",0,NA,NA,NA,NA,NA
"ENSMUSG00000108352",0,NA,NA,NA,NA,NA
"ENSMUSG00000108355",0.0406180793754555,0,7.3561311249555,0,1,NA
"ENSMUSG00000108357",0.0835005544295616,0,7.3561311249555,0,1,NA
"ENSMUSG00000108362",1.90295229103472,1.14114722911903,3.08108944430113,0.370371340965037,0.711105824507257,NA
"ENSMUSG00000108363",0.0407969102058399,0,7.3561311249555,0,1,NA
"ENSMUSG00000108366",75.8767962846806,-0.104051150278967,0.444351183643938,-0.234164224399466,0.814857487734966,0.907079534488754
"ENSMUSG00000108367",0.206391505007661,0,7.3561311249555,0,1,NA
"ENSMUSG00000108370",3.64178759889494,-1.19201132901495,1.17655374710587,-1.01313801596154,0.310994242135635,NA
"ENSMUSG00000108374",0.111526856988421,2.15623265134706,7.28495800457861,0.295984225302585,0.767242128330453,NA
"ENSMUSG00000108377",0.166598104790108,0,7.3561311249555,0,1,NA
"ENSMUSG00000108380",0,NA,NA,NA,NA,NA
"ENSMUSG00000108381",0.0801844853033132,0,7.3561311249555,0,1,NA
"ENSMUSG00000108392",0,NA,NA,NA,NA,NA
"ENSMUSG00000108396",7.99385029540438,-0.0781060219455115,1.00952175897542,-0.077369329834735,0.938329738873401,NA
"ENSMUSG00000108397",0.076975735254063,1.15119579478151,7.35611307128387,0.156495119586381,0.875642765855289,NA
"ENSMUSG00000108398",0.0381979668618393,0,7.3561311249555,0,1,NA
"ENSMUSG00000108400",0.121854238126367,0,7.3561311249555,0,1,NA
"ENSMUSG00000108401",3.5303480849517,-0.781270110846762,1.2748029205348,-0.612855601647829,0.539971822339285,NA
"ENSMUSG00000108403",0.0787014114846286,-1.6718289119405,7.35012992515979,-0.227455695200402,0.820069416464605,NA
"ENSMUSG00000108404",0.162051065473278,2.10318545203219,7.28626334186462,0.288650760115674,0.772848647086379,NA
"ENSMUSG00000108405",0.542770480755992,2.09221070465215,6.22989295788651,0.335834133715506,0.73699594858964,NA
"ENSMUSG00000108406",0.076274210538389,-1.67749533805505,7.35027255594822,-0.22822219520248,0.819473507427748,NA
"ENSMUSG00000108423",0.0407969102058399,0,7.3561311249555,0,1,NA
"ENSMUSG00000108424",0,NA,NA,NA,NA,NA
"ENSMUSG00000108426",1.82312344630148,0.653452150444618,1.95747223619435,0.333824479531335,0.738512010046536,NA
"ENSMUSG00000108429",0.114593900585518,0,7.3561311249555,0,1,NA
"ENSMUSG00000108430",0.0381979668618393,0,7.3561311249555,0,1,NA
"ENSMUSG00000108433",0,NA,NA,NA,NA,NA
"ENSMUSG00000108437",0.492335277972887,1.16295794640484,7.35611042003402,0.158094139429661,0.87438261859573,NA
"ENSMUSG00000108438",0.331631405541147,0,7.3561311249555,0,1,NA
"ENSMUSG00000108440",0.081236158750911,0,7.3561311249555,0,1,NA
"ENSMUSG00000108442",4.98419681013611,0.450978109358922,1.13290330637651,0.398072904210453,0.690576446772158,NA
"ENSMUSG00000108444",0.358245149394891,-2.13559837824195,7.29715519066411,-0.292661773313278,0.769780691588673,NA
"ENSMUSG00000108445",0.0380762098104571,-1.67431590235222,7.3501929692546,-0.227792101425878,0.819807867435575,NA
"ENSMUSG00000108450",0.0810376048863041,-1.62216507829832,7.34887178843696,-0.220736614408039,0.825297520398304,NA
"ENSMUSG00000108451",0,NA,NA,NA,NA,NA
"ENSMUSG00000108454",0,NA,NA,NA,NA,NA
"ENSMUSG00000108457",0,NA,NA,NA,NA,NA
"ENSMUSG00000108459",0.149972370689674,-1.11319751075675,7.29407263043942,-0.15261672965953,0.878700531197537,NA
"ENSMUSG00000108462",0.0833608292500318,0,7.3561311249555,0,1,NA
"ENSMUSG00000108464",0,NA,NA,NA,NA,NA
"ENSMUSG00000108471",0,NA,NA,NA,NA,NA
"ENSMUSG00000108482",0.0352597853922181,1.155567702399,7.35595536263211,0.157092810577567,0.875171703562209,NA
"ENSMUSG00000108484",8.91248401325282,-2.21442626326371,2.63274371808599,-0.841109694062285,0.400286484819685,NA
"ENSMUSG00000108485",0.073600965936826,-0.232316968172013,7.34991887472983,-0.0316080996445764,0.974784584036357,NA
"ENSMUSG00000108487",0.0406180793754555,0,7.3561311249555,0,1,NA
"ENSMUSG00000108488",0,NA,NA,NA,NA,NA
"ENSMUSG00000108491",0.0757158324990179,0,7.3561311249555,0,1,NA
"ENSMUSG00000108492",87.959630824495,-0.442301995000787,0.394514575090825,-1.12112966903431,0.262232671362482,0.471797988534268
"ENSMUSG00000108496",1.67058308449199,-1.04121131915463,2.35100562149819,-0.442879127822378,0.657853165234916,NA
"ENSMUSG00000108498",0.0406180793754555,0,7.3561311249555,0,1,NA
"ENSMUSG00000108502",0.0736001155118319,-0.231607118744503,7.3498910099418,-0.0315116398911522,0.974861509464942,NA
"ENSMUSG00000108503",0,NA,NA,NA,NA,NA
"ENSMUSG00000108506",4.01936100249011,-1.1236796118379,2.07745056826035,-0.540893549529249,0.588580957232916,NA
"ENSMUSG00000108508",2.47096543208679,-0.0798675210585699,1.53772461999545,-0.0519387672018973,0.958577484187676,NA
"ENSMUSG00000108510",0,NA,NA,NA,NA,NA
"ENSMUSG00000108512",0,NA,NA,NA,NA,NA
"ENSMUSG00000108515",0.163279433140879,-1.31345781852823,7.28496198001018,-0.180297141170034,0.856919299911572,NA
"ENSMUSG00000108516",0,NA,NA,NA,NA,NA
"ENSMUSG00000108517",0,NA,NA,NA,NA,NA
"ENSMUSG00000108518",0.252321883949951,0,7.3561311249555,0,1,NA
"ENSMUSG00000108525",0.31155252175833,0.463997030267426,7.19929922014658,0.0644503049642628,0.948611675685299,NA
"ENSMUSG00000108527",0.784737867237902,-3.48094789403846,4.02331933269572,-0.865193042409125,0.386932843526219,NA
"ENSMUSG00000108528",3.61207480757706,4.94187718751541,2.04216685234091,2.41991842236133,0.0155239892950739,NA
"ENSMUSG00000108529",0.258035627376471,-1.87954777512161,7.34149041851479,-0.256017193781457,0.797937560938782,NA
"ENSMUSG00000108534",0.0355187493373065,1.16171280725677,7.35565536667627,0.157934643392857,0.874508299155349,NA
"ENSMUSG00000108535",0,NA,NA,NA,NA,NA
"ENSMUSG00000108537",0,NA,NA,NA,NA,NA
"ENSMUSG00000108538",0,NA,NA,NA,NA,NA
"ENSMUSG00000108539",0.0406180793754555,0,7.3561311249555,0,1,NA
"ENSMUSG00000108540",0,NA,NA,NA,NA,NA
"ENSMUSG00000108541",0,NA,NA,NA,NA,NA
"ENSMUSG00000108544",0.218679444573736,-1.66845678347309,7.35004444922592,-0.226999550138612,0.820424091976249,NA
"ENSMUSG00000108547",8.79682056271574,-1.49339721921869,1.10060524332679,-1.35688724751539,0.174817039445851,NA
"ENSMUSG00000108552",0,NA,NA,NA,NA,NA
"ENSMUSG00000108554",0.0425774740632087,0,7.3561311249555,0,1,NA
"ENSMUSG00000108556",0,NA,NA,NA,NA,NA
"ENSMUSG00000108558",0.108886483588894,1.99964857896972,7.28894656880381,0.274339859689475,0.783823455474392,NA
"ENSMUSG00000108559",0.0381979668618393,0,7.3561311249555,0,1,NA
"ENSMUSG00000108561",0.117885655198861,2.12441618857602,7.28573540978399,0.291585690268569,0.770603417725077,NA
"ENSMUSG00000108562",0.316923996091208,-3.53572277495515,7.25447338336348,-0.487385174375792,0.625985397907433,NA
"ENSMUSG00000108565",0,NA,NA,NA,NA,NA
"ENSMUSG00000108566",0.0488582735869228,-1.88445199085272,7.34129618423011,-0.256691998737325,0.797416548724726,NA
"ENSMUSG00000108567",0,NA,NA,NA,NA,NA
"ENSMUSG00000108568",0.078712455119726,-1.66831334357087,7.35004081357547,-0.226980146897892,0.82043917977747,NA
"ENSMUSG00000108570",0.0355187493373064,1.16171280725677,7.35565536667627,0.157934643392857,0.874508299155349,NA
"ENSMUSG00000108571",3.25511968554314,-1.70618841430694,1.71004253985507,-0.997746181478939,0.318402453201012,NA
"ENSMUSG00000108577",0,NA,NA,NA,NA,NA
"ENSMUSG00000108578",4.93204788366812,-1.21006360672402,4.6057829587804,-0.262727014614784,0.79276099338297,NA
"ENSMUSG00000108582",0.0406180793754555,0,7.3561311249555,0,1,NA
"ENSMUSG00000108586",0.207692719630274,0,7.35613112495549,0,1,NA
"ENSMUSG00000108589",0.164688482061982,-2.54317461058142,7.29506007930049,-0.348615992594441,0.727377619763093,NA
"ENSMUSG00000108590",0,NA,NA,NA,NA,NA
"ENSMUSG00000108596",71.2453861226886,0,2.06666406058602,0,1,1
"ENSMUSG00000108598",0,NA,NA,NA,NA,NA
"ENSMUSG00000108602",0.255357123653838,-0.479298925864197,7.20563349258667,-0.0665172501983776,0.946966024451727,NA
"ENSMUSG00000108605",0.0763959337236786,0,7.3561311249555,0,1,NA
"ENSMUSG00000108606",0.0851549481264175,0,7.3561311249555,0,1,NA
"ENSMUSG00000108608",8.24565588075137,-0.771512897724595,1.04230826630765,-0.740196468418749,0.459180790170214,NA
"ENSMUSG00000108609",6.65791204755383,-0.402036437767883,0.984061584617405,-0.408548046232484,0.682871364294006,NA
"ENSMUSG00000108610",0.307109056099839,-1.86167474844011,7.34220351233873,-0.253558042256868,0.799837014847383,NA
"ENSMUSG00000108611",0,NA,NA,NA,NA,NA
"ENSMUSG00000108612",0,NA,NA,NA,NA,NA
"ENSMUSG00000108615",0.525823835158962,2.15159441557165,5.4532950088233,0.394549426005823,0.693175443689512,NA
"ENSMUSG00000108622",0.651807669069843,-0.353329583385749,4.56324772913021,-0.0774294108843169,0.938281944506133,NA
"ENSMUSG00000108628",0.539427092668746,2.14110264977898,5.31318113460821,0.402979419585863,0.686963364610934,NA
"ENSMUSG00000108629",0.0355187493373064,1.16171280725677,7.35565536667627,0.157934643392857,0.874508299155349,NA
"ENSMUSG00000108636",0,NA,NA,NA,NA,NA
"ENSMUSG00000108637",0,NA,NA,NA,NA,NA
"ENSMUSG00000108638",0,NA,NA,NA,NA,NA
"ENSMUSG00000108639",0,NA,NA,NA,NA,NA
"ENSMUSG00000108641",0,NA,NA,NA,NA,NA
"ENSMUSG00000108642",0,NA,NA,NA,NA,NA
"ENSMUSG00000108646",0.0381979668618393,0,7.3561311249555,0,1,NA
"ENSMUSG00000108647",0.263057951152827,1.35466205945703,7.25510613654532,0.186718434432453,0.851881401701789,NA
"ENSMUSG00000108649",0.070782868797727,2.15728516393275,7.28506251355624,0.296124454652024,0.767135038946157,NA
"ENSMUSG00000108651",0.149104143327132,-1.6860588269426,7.26783125443269,-0.231989264461013,0.816546352086701,NA
"ENSMUSG00000108654",0.16005319715972,-1.67296309084756,7.35015867557637,-0.227609112223197,0.819950135351556,NA
"ENSMUSG00000108662",11.2667668898892,0.27225312966114,0.776612377206012,0.350565014995788,0.725914706749852,NA
"ENSMUSG00000108663",0,NA,NA,NA,NA,NA
"ENSMUSG00000108666",0,NA,NA,NA,NA,NA
"ENSMUSG00000108667",0,NA,NA,NA,NA,NA
"ENSMUSG00000108673",0.260919874398398,1.13136419945223,7.35560762091191,0.153809754103219,0.877759742699025,NA
"ENSMUSG00000108674",0.0815376306613057,0,7.3561311249555,0,1,NA
"ENSMUSG00000108679",0.380762098104571,-4.87177114237012,7.22971669319749,-0.673853672157585,0.500404348102953,NA
"ENSMUSG00000108681",0.971665633675151,3.47306649899218,3.2392998514422,1.07216579454536,0.283645571018848,NA
"ENSMUSG00000108682",0.0407969102058399,0,7.3561311249555,0,1,NA
"ENSMUSG00000108686",2.26370176861278,-0.700627499998954,2.03705177531773,-0.343941920616953,0.730889964827362,NA
"ENSMUSG00000108687",0,NA,NA,NA,NA,NA
"ENSMUSG00000108691",0.120201371950446,0,7.3561311249555,0,1,NA
"ENSMUSG00000108692",0.237268389427839,-1.69464244258056,7.26783127243985,-0.233170306114118,0.815629162682077,NA
"ENSMUSG00000108694",3.33113762975673,1.12832128842583,1.36919141679026,0.824078558037493,0.409894922619349,NA
"ENSMUSG00000108696",0.810945405102733,0,5.01815263042979,0,1,NA
"ENSMUSG00000108698",0,NA,NA,NA,NA,NA
"ENSMUSG00000108699",0.858920423068221,1.14957283378334,3.52245111922237,0.32635593649831,0.744155071569398,NA
"ENSMUSG00000108700",0.372008488773623,-1.65542269620906,7.34971294901628,-0.22523637422202,0.821795393819242,NA
"ENSMUSG00000108702",4.43931080539546,-5.01038702225829,2.50266451405843,-2.00202104361692,0.0452824683191892,NA
"ENSMUSG00000108705",0,NA,NA,NA,NA,NA
"ENSMUSG00000108707",0,NA,NA,NA,NA,NA
"ENSMUSG00000108708",0,NA,NA,NA,NA,NA
"ENSMUSG00000108712",0,NA,NA,NA,NA,NA
"ENSMUSG00000108716",0.201240304509552,-3.26768582009154,7.26333146767005,-0.449888021032277,0.652791185484229,NA
"ENSMUSG00000108727",0.0710374986746129,2.16226366003378,7.28481246100722,0.296818026765623,0.766605441993722,NA
"ENSMUSG00000108728",2.27366694427181,1.05342835724443,1.74633899731215,0.603221000542161,0.546361678909892,NA
"ENSMUSG00000108729",0.539137112235968,0,7.3561311249555,0,1,NA
"ENSMUSG00000108730",0.238672099655569,2.73657748063057,7.26122144458757,0.376875640209318,0.706266025198307,NA
"ENSMUSG00000108731",0.0355187493373064,1.16171280725677,7.35565536667627,0.157934643392857,0.874508299155349,NA
"ENSMUSG00000108735",0.0381979668618393,0,7.3561311249555,0,1,NA
"ENSMUSG00000108740",0.278503689753736,-1.1118689996342,7.29488728688179,-0.152417570814788,0.878857599479269,NA
"ENSMUSG00000108742",0,NA,NA,NA,NA,NA
"ENSMUSG00000108743",0.0355187493373064,1.16171280725677,7.35565536667627,0.157934643392857,0.874508299155349,NA
"ENSMUSG00000108744",2.22508823510432,1.40197782594654,1.70353917759893,0.822979503132164,0.410519649467696,NA
"ENSMUSG00000108745",0,NA,NA,NA,NA,NA
"ENSMUSG00000108746",0.0458889004883165,0,7.3561311249555,0,1,NA
"ENSMUSG00000108758",0.0474375977968173,0,7.3561311249555,0,1,NA
"ENSMUSG00000108759",0,NA,NA,NA,NA,NA
"ENSMUSG00000108761",0.27847866678372,0.747733544265916,7.27941471217071,0.102718909944196,0.918186065066927,NA
"ENSMUSG00000108763",13.6977348676484,0.2213980272648,0.986014272850575,0.224538359495281,0.822338422243474,NA
"ENSMUSG00000108764",0.652554650046748,-0.6957415167356,4.53279109556111,-0.153490752621917,0.878011282237895,NA
"ENSMUSG00000108765",0.117055751843496,0,7.35613112495549,0,1,NA
"ENSMUSG00000108767",0.520045726632371,-1.45999521034255,5.45809116609363,-0.267491906220297,0.789090445111697,NA
"ENSMUSG00000108768",0.21408560764674,0,7.3561311249555,0,1,NA
"ENSMUSG00000108772",17.2515414215894,-0.686710722735207,0.672644631918164,-1.02091162279394,0.307296311969116,NA
"ENSMUSG00000108775",0.0463864331927929,0,7.3561311249555,0,1,NA
"ENSMUSG00000108785",0.157341734759754,2.15114632675521,7.2850811881503,0.295281036847496,0.767779201440635,NA
"ENSMUSG00000108786",0.0762177012083082,0,7.3561311249555,0,1,NA
"ENSMUSG00000108792",0.0355187493373064,1.16171280725677,7.35565536667627,0.157934643392857,0.874508299155349,NA
"ENSMUSG00000108793",0.114228629431371,-3.13863321915088,7.26774571323647,-0.431857874916372,0.665844712909321,NA
"ENSMUSG00000108794",0.220447250253467,1.76927808005257,7.24315648349548,0.244268929448661,0.807022545422897,NA
"ENSMUSG00000108796",0.271997905776013,-1.69518825190145,7.26762559258819,-0.233252006491676,0.815565724016132,NA
"ENSMUSG00000108797",0,NA,NA,NA,NA,NA
"ENSMUSG00000108798",41.5318409190725,0.555956767856217,0.609640520072114,0.911941955220517,0.361799274073821,NA
"ENSMUSG00000108799",0.212675449164986,0,7.3561311249555,0,1,NA
"ENSMUSG00000108805",0,NA,NA,NA,NA,NA
"ENSMUSG00000108809",0.16826473273352,0,7.3561311249555,0,1,NA
"ENSMUSG00000108810",0.53981357068475,-0.939741478782883,6.06257392076066,-0.155007013698395,0.876815788008111,NA
"ENSMUSG00000108813",5.73692032918549,-0.412095852428562,1.04518665152105,-0.394279674189144,0.693374568051654,NA
"ENSMUSG00000108815",0,NA,NA,NA,NA,NA
"ENSMUSG00000108816",0.285829336023565,0,7.3561311249555,0,1,NA
"ENSMUSG00000108818",0,NA,NA,NA,NA,NA
"ENSMUSG00000108823",8.28398801113769,0.851035494690288,1.01862651515543,0.835473534242755,0.403451142175267,NA
"ENSMUSG00000108827",31.8177699423935,0.504748218952783,0.544764198491833,0.926544402789623,0.354163132732291,NA
"ENSMUSG00000108829",0,NA,NA,NA,NA,NA
"ENSMUSG00000108831",0.180099464068386,1.77229125925085,7.24313083685386,0.244685799438171,0.806699724275344,NA
"ENSMUSG00000108833",0.668643795941289,-0.41606847077945,4.61601303859325,-0.0901358959129475,0.928179224489977,NA
"ENSMUSG00000108834",0.0793652423685212,0,7.3561311249555,0,1,NA
"ENSMUSG00000108835",0,NA,NA,NA,NA,NA
"ENSMUSG00000108837",0,NA,NA,NA,NA,NA
"ENSMUSG00000108838",0.163638109778646,-1.66480337025586,7.34995185132122,-0.22650534369917,0.820808403554438,NA
"ENSMUSG00000108840",0.505398031852211,0,7.3561311249555,0,1,NA
"ENSMUSG00000108841",1.68401770505851,0.739291899659324,2.13839465447715,0.345722852473219,0.729551008318882,NA
"ENSMUSG00000108843",0,NA,NA,NA,NA,NA
"ENSMUSG00000108844",6.12465088022003,1.1489823068407,0.999138789487757,1.14997267539754,0.250155125704472,NA
"ENSMUSG00000108852",0,NA,NA,NA,NA,NA
"ENSMUSG00000108853",0,NA,NA,NA,NA,NA
"ENSMUSG00000108855",0.532973614669082,1.14653230861207,6.30818296989549,0.181753179019008,0.855776430129094,NA
"ENSMUSG00000108857",62.1333533340792,-0.194068600058099,0.740966518755635,-0.26191277897956,0.793388687240613,NA
"ENSMUSG00000108858",2.1524546071488,2.13040349299279,3.02542019593875,0.704167803154281,0.481328279241611,NA
"ENSMUSG00000108859",0.131683865392527,-1.65016554112261,7.34958096026711,-0.224525119193004,0.822348723509235,NA
"ENSMUSG00000108860",0.79151960134049,2.69461232884195,3.283345332674,0.820691110991794,0.411822235298465,NA
"ENSMUSG00000108862",0,NA,NA,NA,NA,NA
"ENSMUSG00000108863",0.0858217803726922,-1.64750461681053,7.34951354603443,-0.22416512419376,0.822628819793317,NA
"ENSMUSG00000108873",3.90048863983136,-0.901878395703254,1.39660591137784,-0.645764412391391,0.518431938545165,NA
"ENSMUSG00000108874",1.08418104118662,-0.323707160713849,2.8540364694973,-0.113420821413282,0.909696933123317,NA
"ENSMUSG00000108877",0.0425919574685933,0,7.3561311249555,0,1,NA
"ENSMUSG00000108879",0,NA,NA,NA,NA,NA
"ENSMUSG00000108881",0,NA,NA,NA,NA,NA
"ENSMUSG00000108882",0.0474375977968173,0,7.3561311249555,0,1,NA
"ENSMUSG00000108887",0,NA,NA,NA,NA,NA
"ENSMUSG00000108889",13.3617577779866,0.449406707285342,0.723300398607095,0.62132788555183,0.534383909720159,NA
"ENSMUSG00000108891",1.63920897932714,-0.167802999614548,2.23534296549123,-0.0750681225230561,0.940160510778923,NA
"ENSMUSG00000108892",0,NA,NA,NA,NA,NA
"ENSMUSG00000108895",0.0879689341191842,0,7.3561311249555,0,1,NA
"ENSMUSG00000108896",0.573181271480428,-0.688037745599634,6.96975554173316,-0.0987176295466656,0.921362470884005,NA
"ENSMUSG00000108900",0.321425561648776,-2.54972875665578,7.294856329579,-0.349524190944954,0.726695812879991,NA
"ENSMUSG00000108902",0.168222076771993,1.11646803863265,7.35522808802475,0.151792442772836,0.879350642858639,NA
"ENSMUSG00000108904",0.219518538187866,1.33065165697404,7.25523480781902,0.183405732856501,0.854479677994799,NA
"ENSMUSG00000108906",0.0735967959177637,-0.228776256760492,7.34977993813395,-0.031126953281077,0.975168294470624,NA
"ENSMUSG00000108907",0.250602254290128,0,7.3561311249555,0,1,NA
"ENSMUSG00000108908",6.3556938733719,0.680827684910402,1.07954368908483,0.630662465812352,0.528261245870244,NA
"ENSMUSG00000108909",0.212523232569776,1.13644173228624,7.35573689181793,0.154497333034077,0.877217613904167,NA
"ENSMUSG00000108911",0.498977725115573,1.13119322595023,7.35560322219002,0.153786602101879,0.877777998135694,NA
"ENSMUSG00000108913",0,NA,NA,NA,NA,NA
"ENSMUSG00000108914",0.108919428583277,0.759460498819503,7.27916053721126,0.104333527875518,0.91690467169902,NA
"ENSMUSG00000108915",0,NA,NA,NA,NA,NA
"ENSMUSG00000108916",0.0765286916674413,1.14447514033909,7.35594173862915,0.155585128458667,0.87636004795178,NA
"ENSMUSG00000108919",5.61850176789535,1.16114623124878,1.29885171867347,0.893979054387105,0.371333098052809,NA
"ENSMUSG00000108921",0,NA,NA,NA,NA,NA
"ENSMUSG00000108922",0,NA,NA,NA,NA,NA
"ENSMUSG00000108925",1.11821396783772,-0.251872331206079,3.33220449278382,-0.0755872971636437,0.939747442945435,NA
"ENSMUSG00000108926",0.793315830445494,1.14599934362071,4.45026220146732,0.25751276930219,0.796782959131545,NA
"ENSMUSG00000108928",0.0797258317537958,1.15718792932608,7.35599673293495,0.157312186415882,0.874998816467755,NA
"ENSMUSG00000108929",1.57744012427065,0.513247809034467,3.03119034675435,0.169322196998954,0.865543217377402,NA
"ENSMUSG00000108931",6.17074775163651,1.13877951328528,1.83197485344572,0.621613070257695,0.534196324560167,NA
"ENSMUSG00000108933",0.0770234374499469,1.1445240563035,7.35594298556097,0.155591751941267,0.876354826757996,NA
"ENSMUSG00000108936",0.0355187493373064,1.16171280725677,7.35565536667627,0.157934643392857,0.874508299155349,NA
"ENSMUSG00000108937",0.121854238126367,0,7.3561311249555,0,1,NA
"ENSMUSG00000108938",0.158009451938675,-0.209034877105157,7.34964325864417,-0.0284414997774625,0.977310025540951,NA
"ENSMUSG00000108939",0,NA,NA,NA,NA,NA
"ENSMUSG00000108944",0.0761524196209141,-2.55627499047924,7.29465809108018,-0.350431090609309,0.726015196884991,NA
"ENSMUSG00000108945",0,NA,NA,NA,NA,NA
"ENSMUSG00000108946",0.286294158964666,-1.66091479979983,7.34985168391778,-0.225979362744704,0.821217471324408,NA
"ENSMUSG00000108947",0,NA,NA,NA,NA,NA
"ENSMUSG00000108948",6.72284795759101,0.859587279255329,0.849887768496806,1.01141269602653,0.311818947125283,NA
"ENSMUSG00000108958",0.841745458242826,-3.42717291456776,6.40165889718043,-0.535357001929178,0.59240301692386,NA
"ENSMUSG00000108960",0,NA,NA,NA,NA,NA
"ENSMUSG00000108962",0.0355838956388991,0,7.3561311249555,0,1,NA
"ENSMUSG00000108963",0.213112496023839,3.74732539013341,7.23720591907728,0.517786205344172,0.604607444017711,NA
"ENSMUSG00000108964",0.288246158443364,-0.236038188495022,7.34963609517865,-0.0321156293234522,0.97437983944191,NA
"ENSMUSG00000108965",0,NA,NA,NA,NA,NA
"ENSMUSG00000108966",0,NA,NA,NA,NA,NA
"ENSMUSG00000108971",0.282207977685684,-2.55480676883782,7.29470076734367,-0.350227768118327,0.726167768887976,NA
"ENSMUSG00000108972",0.330461223689681,-1.88349262023624,7.34133160802279,-0.2565600793973,0.797518395640493,NA
"ENSMUSG00000108973",0.159649165185521,0,7.3561311249555,0,1,NA
"ENSMUSG00000108974",0,NA,NA,NA,NA,NA
"ENSMUSG00000108975",0,NA,NA,NA,NA,NA
"ENSMUSG00000108976",0.584514895553465,0.29877057741362,5.24336572630546,0.0569806862631606,0.954560580270235,NA
"ENSMUSG00000108981",0.291180453855791,0.197680812331653,7.26879861491761,0.0271958026084196,0.978303563502701,NA
"ENSMUSG00000108982",0.187573480208245,-0.116778717086822,7.22300422535483,-0.0161676102413031,0.987100675368396,NA
"ENSMUSG00000108989",20.6146846283559,0.623078629404773,0.962982993839685,0.647029733017799,0.517612700373578,NA
"ENSMUSG00000108990",0.134669254581772,-1.64732267975503,7.34950890591747,-0.224140510725646,0.822647971276855,NA
"ENSMUSG00000108992",0.129024252857744,0,7.3561311249555,0,1,NA
"ENSMUSG00000108994",7.77719350491682,1.08267266053847,1.18309462968229,0.91511924183885,0.360129034508528,NA
"ENSMUSG00000108995",0.0735987721055723,-0.23047326460975,7.34984651196379,-0.0313575615809929,0.974984385445677,NA
"ENSMUSG00000108998",0,NA,NA,NA,NA,NA
"ENSMUSG00000109000",0,NA,NA,NA,NA,NA
"ENSMUSG00000109004",0,NA,NA,NA,NA,NA
"ENSMUSG00000109007",0,NA,NA,NA,NA,NA
"ENSMUSG00000109011",0,NA,NA,NA,NA,NA
"ENSMUSG00000109012",0.119185523527468,-0.238460667874152,7.34907595963567,-0.0324477076007762,0.974115017334996,NA
"ENSMUSG00000109019",0,NA,NA,NA,NA,NA
"ENSMUSG00000109020",0,NA,NA,NA,NA,NA
"ENSMUSG00000109022",11.4704578762509,0.931148335131539,0.786704316798173,1.18360649007399,0.23656887010167,NA
"ENSMUSG00000109023",0,NA,NA,NA,NA,NA
"ENSMUSG00000109024",0,NA,NA,NA,NA,NA
"ENSMUSG00000109025",0.174181977735752,0,7.3561311249555,0,1,NA
"ENSMUSG00000109026",0.0825932270514926,-1.66938725704038,7.35006803401246,-0.227125415617282,0.820326221623843,NA
"ENSMUSG00000109027",0.201143090403533,1.15531683632941,7.35596567901144,0.157058486505157,0.875198754432959,NA
"ENSMUSG00000109030",0.041372325189651,0,7.3561311249555,0,1,NA
"ENSMUSG00000109032",5.42830115877871,1.59934116445299,1.35654052821453,1.17898516939854,0.238404081366011,NA
"ENSMUSG00000109033",1.04692885133259,5.28871916990718,3.78920020072099,1.39573495454288,0.162794324161085,NA
"ENSMUSG00000109034",0,NA,NA,NA,NA,NA
"ENSMUSG00000109035",0.929212271796184,-1.05493805012047,3.82782880866837,-0.275596977516731,0.782857631388482,NA
"ENSMUSG00000109041",0,NA,NA,NA,NA,NA
"ENSMUSG00000109043",0.106074952796781,2.74017478846396,7.26115198642379,0.377374663632889,0.705895192881556,NA
"ENSMUSG00000109046",3.10662451568013,0.738935343848431,2.37876373532177,0.310638392908104,0.756075536806526,NA
"ENSMUSG00000109047",0,NA,NA,NA,NA,NA
"ENSMUSG00000109050",0.565085322008218,0.286965612009515,4.06973689571011,0.0705120796167449,0.943786086338339,NA
"ENSMUSG00000109053",0.114549082347844,-2.56358049807954,7.29443321440852,-0.351443412082485,0.725255718704101,NA
"ENSMUSG00000109055",5.38727586045334,-1.41055681489591,1.82719946021226,-0.771977469133039,0.440127772095345,NA
"ENSMUSG00000109058",3.96088112959354,0.342181980002199,1.28939206378018,0.265382415181776,0.790714881307618,NA
"ENSMUSG00000109059",6.45093111252088,-1.50864452847438,1.12143831496107,-1.34527642612849,0.178535983458218,NA
"ENSMUSG00000109060",0.268867820961732,-1.10721594612092,7.18232706957421,-0.154158385631213,0.877484853345394,NA
"ENSMUSG00000109061",2.32900766614038,2.74331713546575,7.26110638468407,0.377809797863899,0.705571894637063,NA
"ENSMUSG00000109063",0.0380762098104571,-1.67431590235222,7.3501929692546,-0.227792101425878,0.819807867435575,NA
"ENSMUSG00000109065",0,NA,NA,NA,NA,NA
"ENSMUSG00000109066",0.0406180793754555,0,7.3561311249555,0,1,NA
"ENSMUSG00000109068",0,NA,NA,NA,NA,NA
"ENSMUSG00000109069",0.366779345857612,0,7.3561311249555,0,1,NA
"ENSMUSG00000109070",0.0406180793754555,0,7.3561311249555,0,1,NA
"ENSMUSG00000109072",0.0400922426516566,0,7.3561311249555,0,1,NA
"ENSMUSG00000109074",3.71641073248429,-2.23596856934592,1.99776430397609,-1.11923541976185,0.263039718514873,NA
"ENSMUSG00000109077",0,NA,NA,NA,NA,NA
"ENSMUSG00000109078",0.0380762098104571,-1.67431590235222,7.3501929692546,-0.227792101425878,0.819807867435575,NA
"ENSMUSG00000109081",0.0406180793754555,0,7.3561311249555,0,1,NA
"ENSMUSG00000109085",0,NA,NA,NA,NA,NA
"ENSMUSG00000109086",0.133445074557192,0,7.3561311249555,0,1,NA
"ENSMUSG00000109087",47.1837674752795,0.0572416155935291,0.815561133353774,0.0701867870507003,0.944044990795452,NA
"ENSMUSG00000109092",0.146672693607716,2.73635875775145,7.26122501714199,0.376845332749167,0.706288549405948,NA
"ENSMUSG00000109098",0,NA,NA,NA,NA,NA
"ENSMUSG00000109099",0.0895418669776594,-1.89481379489236,7.34088781420929,-0.258117797580926,0.796315996390162,NA
"ENSMUSG00000109100",0.11716095053358,-0.232668554942707,7.35006102124248,-0.0316553228973568,0.974746924177341,NA
"ENSMUSG00000109103",0.0380762098104571,-1.67431590235222,7.3501929692546,-0.227792101425878,0.819807867435575,NA
"ENSMUSG00000109104",3.02974375733545,-1.84572875706904,1.95211437228873,-0.945502365675962,0.344402463637596,NA
"ENSMUSG00000109112",0.0758730580786076,1.15642304711507,7.35597723791718,0.157208622282593,0.875080433200218,NA
"ENSMUSG00000109116",0.299568232256687,-1.68955239302685,7.16816648782234,-0.235702169571138,0.81366378624888,NA
"ENSMUSG00000109117",0.152304778495856,2.15804298839704,7.28491424500798,0.296234508165399,0.767050997150957,NA
"ENSMUSG00000109126",0.0761524196209141,-2.55627499047924,7.29465809108018,-0.350431090609309,0.726015196884991,NA
"ENSMUSG00000109129",101.387919299997,-0.00202772719834069,0.376177768411722,-0.00539034299369166,0.995699149375353,1
"ENSMUSG00000109135",2.67330234501287,0.403677533110762,1.5092217192871,0.267473975461633,0.789104249032733,NA
"ENSMUSG00000109138",0.199717120552261,-1.6678269725339,7.35002848572704,-0.22691435492701,0.820490339570321,NA
"ENSMUSG00000109142",0.0763959337236786,0,7.3561311249555,0,1,NA
"ENSMUSG00000109143",4.88474302977175,-1.47574098544844,2.3690619487997,-0.62292207521046,0.533335730699071,NA
"ENSMUSG00000109147",51.6089371370765,0.449590281287727,0.467381789243943,0.961933673143328,0.336082922456982,NA
"ENSMUSG00000109148",0.081236158750911,0,7.3561311249555,0,1,NA
"ENSMUSG00000109152",0.942773417694516,-1.65822950193384,3.18923685419663,-0.519945547396964,0.603101528280157,NA
"ENSMUSG00000109155",0.0380762098104571,-1.67431590235222,7.3501929692546,-0.227792101425878,0.819807867435575,NA
"ENSMUSG00000109156",0.255761747065007,0.873863603511319,7.20501997548713,0.121285382481155,0.90346499763324,NA
"ENSMUSG00000109159",0,NA,NA,NA,NA,NA
"ENSMUSG00000109163",0.0788790293254869,1.14925156430148,7.3560635094692,0.156231870867087,0.875850255858091,NA
"ENSMUSG00000109164",0.0425774740632087,0,7.3561311249555,0,1,NA
"ENSMUSG00000109166",0.0406180793754555,0,7.3561311249555,0,1,NA
"ENSMUSG00000109169",0,NA,NA,NA,NA,NA
"ENSMUSG00000109171",3.1230282606162,-1.00690642195213,1.28668664150837,-0.782557609187377,0.433886942938181,NA
"ENSMUSG00000109172",0.0405590659482694,0,7.3561311249555,0,1,NA
"ENSMUSG00000109173",0,NA,NA,NA,NA,NA
"ENSMUSG00000109174",0.0381979668618393,0,7.3561311249555,0,1,NA
"ENSMUSG00000109176",0.132042244136046,0.960872173758511,7.35127127750022,0.130708300304387,0.896006065988886,NA
"ENSMUSG00000109177",0.457679253918024,0.628101970117427,7.15245227101134,0.0878163105908591,0.930022673871849,NA
"ENSMUSG00000109178",0.0787028408371188,-1.67135258438561,7.35011785090679,-0.227391263417555,0.820119513155784,NA
"ENSMUSG00000109179",4.4756588065587,1.14546070125485,1.37245102228733,0.834609528976722,0.403937595191506,NA
"ENSMUSG00000109180",0,NA,NA,NA,NA,NA
"ENSMUSG00000109181",0.827768084824267,-1.29940300058471,3.59630677009971,-0.361315950960624,0.717863270874469,NA
"ENSMUSG00000109182",0,NA,NA,NA,NA,NA
"ENSMUSG00000109184",0,NA,NA,NA,NA,NA
"ENSMUSG00000109185",0.0787000626700372,-1.67228495087022,7.35014148525409,-0.22751738238307,0.820021454429745,NA
"ENSMUSG00000109188",0,NA,NA,NA,NA,NA
"ENSMUSG00000109189",0.0355187493373064,1.16171280725677,7.35565536667627,0.157934643392857,0.874508299155349,NA
"ENSMUSG00000109192",0.0832179846380702,1.13945969831502,7.35581391144977,0.154905998443133,0.876895424659796,NA
"ENSMUSG00000109195",59.2176159608689,0.0767756219004424,0.952283615665513,0.0806226429158786,0.935742058377955,NA
"ENSMUSG00000109196",93.2980134396255,-0.121623205616824,0.799221194191239,-0.152177152584021,0.879047213670774,0.944515875747316
"ENSMUSG00000109201",0.0406180793754555,0,7.3561311249555,0,1,NA
"ENSMUSG00000109202",0.234322279885112,-1.11151476419752,7.29459583488172,-0.152375099232011,0.878891095663793,NA
"ENSMUSG00000109204",0.0458889004883164,0,7.3561311249555,0,1,NA
"ENSMUSG00000109205",0.525691419752947,-1.88820571867753,7.34114792988793,-0.25720850971959,0.797017815145913,NA
"ENSMUSG00000109207",0.132181369995467,-1.87259587553655,7.3417668077838,-0.2550606583624,0.798676249469717,NA
"ENSMUSG00000109210",0.208950990066938,0,7.3561311249555,0,1,NA
"ENSMUSG00000109211",0.0381979668618393,0,7.3561311249555,0,1,NA
"ENSMUSG00000109212",3.07937955864074,1.6468307814726,1.16994973668654,1.40760814745482,0.15924713356864,NA
"ENSMUSG00000109213",0.0783070011621828,1.13415079837066,7.35567861237849,0.154187106062798,0.877462208487514,NA
"ENSMUSG00000109218",0.0847342053339908,-1.91251541295833,7.34019498462621,-0.260553761441491,0.79443665121019,NA
"ENSMUSG00000109219",0.118789226568126,-1.67342281138038,7.35017038855394,-0.227671295074509,0.81990178962292,NA
"ENSMUSG00000109220",0,NA,NA,NA,NA,NA
"ENSMUSG00000109221",0,NA,NA,NA,NA,NA
"ENSMUSG00000109222",2.29895897173994,-2.80588920544508,3.49380693035336,-0.80310368070662,0.421914810476023,NA
"ENSMUSG00000109223",0.160613064159093,1.11593529163146,7.35521354244672,0.151720311747773,0.879407536176964,NA
"ENSMUSG00000109227",0.0425774740632087,0,7.3561311249555,0,1,NA
"ENSMUSG00000109228",0.464733333134426,1.1584713969704,7.3558115820187,0.157490629559121,0.87485819226978,NA
"ENSMUSG00000109229",0,NA,NA,NA,NA,NA
"ENSMUSG00000109230",0,NA,NA,NA,NA,NA
"ENSMUSG00000109234",0,NA,NA,NA,NA,NA
"ENSMUSG00000109235",0.0380762098104571,-1.67431590235222,7.3501929692546,-0.227792101425878,0.819807867435575,NA
"ENSMUSG00000109236",0.0789412944057089,-1.65627796671317,7.34973580172149,-0.225352041406064,0.821705417468069,NA
"ENSMUSG00000109238",0.248041173176632,1.00187947257607,7.352044803986,0.136272220761343,0.89160608362121,NA
"ENSMUSG00000109240",0,NA,NA,NA,NA,NA
"ENSMUSG00000109241",8.19506020877117,-0.537826047345832,0.880176734517881,-0.611043244218933,0.541170951936991,NA
"ENSMUSG00000109246",0.0710374986746129,2.16226366003378,7.28481246100722,0.296818026765623,0.766605441993722,NA
"ENSMUSG00000109247",0.258745322859246,3.47897060392601,7.24204262358501,0.480385270392654,0.630953466054914,NA
"ENSMUSG00000109250",0.199021802422286,0.766223580064381,7.27888209974705,0.105266656275558,0.916164220377805,NA
"ENSMUSG00000109252",0.0355187493373065,1.16171280725677,7.35565536667627,0.157934643392857,0.874508299155349,NA
"ENSMUSG00000109253",0,NA,NA,NA,NA,NA
"ENSMUSG00000109255",1.67776049490022,-1.217473615923,1.95504134961157,-0.622735481356897,0.533458362349674,NA
"ENSMUSG00000109259",0,NA,NA,NA,NA,NA
"ENSMUSG00000109261",0.124006202657463,-1.6599755349491,7.34982949952265,-0.225852250730022,0.821316336629976,NA
"ENSMUSG00000109263",0.278836764902782,2.70951117544535,7.26133620342791,0.373142228859511,0.709042590565546,NA
"ENSMUSG00000109264",0.130768345960265,0,7.3561311249555,0,1,NA
"ENSMUSG00000109266",7.12981170905545,-0.6714997339426,0.801401728480849,-0.837906520635421,0.402083206299952,NA
"ENSMUSG00000109267",0,NA,NA,NA,NA,NA
"ENSMUSG00000109269",0.0414066693320352,0,7.3561311249555,0,1,NA
"ENSMUSG00000109272",0,NA,NA,NA,NA,NA
"ENSMUSG00000109273",0.125941919944147,-1.91710828268196,7.3400169125945,-0.261185812718287,0.793949218313103,NA
"ENSMUSG00000109275",0.0458889004883164,0,7.3561311249555,0,1,NA
"ENSMUSG00000109276",0.117758721481624,2.1231191047728,7.28506246946464,0.291434577764001,0.770718972445785,NA
"ENSMUSG00000109281",0.0381979668618393,0,7.3561311249555,0,1,NA
"ENSMUSG00000109285",0,NA,NA,NA,NA,NA
"ENSMUSG00000109287",0,NA,NA,NA,NA,NA
"ENSMUSG00000109289",0.109058354774545,0.769444951334983,7.27891345869617,0.105708764872829,0.915813425956411,NA
"ENSMUSG00000109290",0.0832332683418645,0,7.3561311249555,0,1,NA
"ENSMUSG00000109292",0,NA,NA,NA,NA,NA
"ENSMUSG00000109293",0.50187717712582,2.74026277703692,7.26116132996836,0.377386295733063,0.705886549713689,NA
"ENSMUSG00000109295",0.0380762098104571,-1.67431590235222,7.3501929692546,-0.227792101425878,0.819807867435575,NA
"ENSMUSG00000109300",0.0380762098104571,-1.67431590235222,7.3501929692546,-0.227792101425878,0.819807867435575,NA
"ENSMUSG00000109301",0.0763959337236786,0,7.3561311249555,0,1,NA
"ENSMUSG00000109305",0.69222063450332,4.15031734830151,5.72865194071542,0.724484117948209,0.468768574115545,NA
"ENSMUSG00000109306",0.0474375977968173,0,7.3561311249555,0,1,NA
"ENSMUSG00000109308",0.0380762098104571,-1.67431590235222,7.3501929692546,-0.227792101425878,0.819807867435575,NA
"ENSMUSG00000109309",0,NA,NA,NA,NA,NA
"ENSMUSG00000109310",0.183157641488687,-1.65033262665349,7.34958516200361,-0.224547724841055,0.822331135803262,NA
"ENSMUSG00000109318",0,NA,NA,NA,NA,NA
"ENSMUSG00000109319",0,NA,NA,NA,NA,NA
"ENSMUSG00000109322",0.0828001831947047,0,7.3561311249555,0,1,NA
"ENSMUSG00000109324",362.029453412503,-0.645368380868532,0.406179687232992,-1.58887408985161,0.11208882190749,0.277276777916803
"ENSMUSG00000109325",0,NA,NA,NA,NA,NA
"ENSMUSG00000109326",0.214549503905014,1.15277128562892,7.35609226685198,0.156709737155356,0.875473612762304,NA
"ENSMUSG00000109328",84.0203517947775,0.789894944728242,0.581535089044592,1.35829283496197,0.174370782917407,0.364717560122423
"ENSMUSG00000109330",0.126930708997671,0,7.3561311249555,0,1,NA
"ENSMUSG00000109331",0.460226515700836,2.13358410348921,7.28550972022398,0.292853099566466,0.769634438984774,NA
"ENSMUSG00000109335",71.6565135407782,-0.0422215362061128,0.759015565016517,-0.0556267066870941,0.955639188580235,0.985241278589448
"ENSMUSG00000109336",147.614676650095,-0.259823379034059,0.303256298252868,-0.856778179153951,0.391567487346868,0.599263757922866
"ENSMUSG00000109339",0.0406180793754555,0,7.3561311249555,0,1,NA
"ENSMUSG00000109340",0.119860102147603,-1.66370658814586,7.34992310167491,-0.226357006070817,0.820923764290752,NA
"ENSMUSG00000109342",0.697447504516802,2.71508181065196,5.1196776856337,0.530322801037013,0.59588814053782,NA
"ENSMUSG00000109343",0,NA,NA,NA,NA,NA
"ENSMUSG00000109344",0.0355187493373064,1.16171280725677,7.35565536667627,0.157934643392857,0.874508299155349,NA
"ENSMUSG00000109345",0.121854238126367,0,7.3561311249555,0,1,NA
"ENSMUSG00000109348",0,NA,NA,NA,NA,NA
"ENSMUSG00000109350",0,NA,NA,NA,NA,NA
"ENSMUSG00000109352",0,NA,NA,NA,NA,NA
"ENSMUSG00000109354",0.265302368813196,-0.815580856848398,7.2267478171586,-0.112855862344048,0.910144829443162,NA
"ENSMUSG00000109355",0.121585303760868,0,7.3561311249555,0,1,NA
"ENSMUSG00000109356",0.244437810076248,2.11981268427338,7.2858492523408,0.290949292368673,0.77109010134099,NA
"ENSMUSG00000109360",0,NA,NA,NA,NA,NA
"ENSMUSG00000109365",0.0881143814375422,0,7.3561311249555,0,1,NA
"ENSMUSG00000109367",0.452467620855901,1.15358015927491,6.50567590425952,0.177319032834023,0.859257801636995,NA
"ENSMUSG00000109368",3.12571423534961,1.21306163666642,1.55589479526567,0.779655308545002,0.435593791302036,NA
"ENSMUSG00000109369",0,NA,NA,NA,NA,NA
"ENSMUSG00000109372",0.606785386304725,1.69830789502844,7.17128617928768,0.236820544121296,0.812796012954099,NA
"ENSMUSG00000109373",0,NA,NA,NA,NA,NA
"ENSMUSG00000109375",0,NA,NA,NA,NA,NA
"ENSMUSG00000109376",0.106556248011919,2.74727956207311,7.26104728326191,0.378358583121489,0.705164231160339,NA
"ENSMUSG00000109377",0,NA,NA,NA,NA,NA
"ENSMUSG00000109378",83.6857939197593,0.00504118361682423,0.499054816612992,0.0101014627031114,0.991940335935309,1
"ENSMUSG00000109380",0,NA,NA,NA,NA,NA
"ENSMUSG00000109384",0.0355187493373064,1.16171280725677,7.35565536667627,0.157934643392857,0.874508299155349,NA
"ENSMUSG00000109389",0.352818214874951,-0.229156828031654,7.3498355213896,-0.0311784974459303,0.975127188128827,NA
"ENSMUSG00000109391",0,NA,NA,NA,NA,NA
"ENSMUSG00000109392",0.241986691965,1.15021079429983,7.35608694739259,0.1563617725736,0.875747867567215,NA
"ENSMUSG00000109396",0.268867820961732,-1.10721594612092,7.18232706957421,-0.154158385631213,0.877484853345394,NA
"ENSMUSG00000109398",51.7678310840783,0.372037948362114,0.492056352908275,0.756088090648972,0.449596381840806,NA
"ENSMUSG00000109400",0.079554643353032,-1.65789413616852,7.34977680859074,-0.22557067776952,0.821535348824364,NA
"ENSMUSG00000109403",0.278805280932183,-1.55568675625766,7.34718792313172,-0.211739072490548,0.832310603710827,NA
"ENSMUSG00000109404",0.202354516550883,-0.231747358960521,7.35002805532779,-0.0315301325676621,0.974846761772092,NA
"ENSMUSG00000109405",0.111679279878992,2.1570280144283,7.28496356554704,0.296093178094889,0.767158923626782,NA
"ENSMUSG00000109406",0,NA,NA,NA,NA,NA
"ENSMUSG00000109409",0.146766450544203,2.74415040508106,7.2611321388618,0.377923215361181,0.705487635857278,NA
"ENSMUSG00000109410",0.111751662158856,1.15947545898669,7.3557625780155,0.157628178817525,0.874749797671158,NA
"ENSMUSG00000109411",0.32517131574843,-2.53538607632348,7.29530070552324,-0.347536884175857,0.728188013676304,NA
"ENSMUSG00000109415",0.0425774740632087,0,7.3561311249555,0,1,NA
"ENSMUSG00000109417",0,NA,NA,NA,NA,NA
"ENSMUSG00000109423",0,NA,NA,NA,NA,NA
"ENSMUSG00000109425",0,NA,NA,NA,NA,NA
"ENSMUSG00000109426",0,NA,NA,NA,NA,NA
"ENSMUSG00000109433",0,NA,NA,NA,NA,NA
"ENSMUSG00000109435",0.243937674924141,-1.67041545574293,7.35009385816197,-0.227264506818237,0.820218070481887,NA
"ENSMUSG00000109439",0,NA,NA,NA,NA,NA
"ENSMUSG00000109443",0,NA,NA,NA,NA,NA
"ENSMUSG00000109444",0,NA,NA,NA,NA,NA
"ENSMUSG00000109446",0.750544656010991,-3.2746700282047,5.69908588393065,-0.574595662339127,0.565564786347443,NA
"ENSMUSG00000109447",0.0425774740632087,0,7.3561311249555,0,1,NA
"ENSMUSG00000109448",0.338053621656911,2.10431795141591,7.28649824607366,0.288796878877975,0.772736820687808,NA
"ENSMUSG00000109449",8.65654119420549,0.646939066563887,0.947473082090934,0.682804692600014,0.494730264067244,NA
"ENSMUSG00000109451",0.0710374986746129,2.16226366003378,7.28481246100722,0.296818026765623,0.766605441993722,NA
"ENSMUSG00000109454",2.58813000052075,-1.91163905801655,1.96071370009113,-0.974971031174877,0.329574629785674,NA
"ENSMUSG00000109457",0.0400922426516566,0,7.3561311249555,0,1,NA
"ENSMUSG00000109462",0,NA,NA,NA,NA,NA
"ENSMUSG00000109463",0.15208198337838,2.1561401484253,7.28506251196249,0.295967281665022,0.767255068031973,NA
"ENSMUSG00000109465",0.0763959337236786,0,7.3561311249555,0,1,NA
"ENSMUSG00000109466",0.0450384044921535,0,7.3561311249555,0,1,NA
"ENSMUSG00000109467",0.459004274167663,1.12305246423225,7.35539412368392,0.152684199561257,0.878647321579877,NA
"ENSMUSG00000109469",0.540334191493954,-0.846361172306821,7.14987812034515,-0.1183742097503,0.905771159722448,NA
"ENSMUSG00000109471",0.317666353233915,2.15968219976719,7.28487469675581,0.296461132094553,0.766877945592816,NA
"ENSMUSG00000109472",0.166804833455816,0,7.3561311249555,0,1,NA
"ENSMUSG00000109475",0,NA,NA,NA,NA,NA
"ENSMUSG00000109476",0.0405590659482694,0,7.3561311249555,0,1,NA
"ENSMUSG00000109477",0.0407969102058399,0,7.3561311249555,0,1,NA
"ENSMUSG00000109480",0.421549980960362,3.45425559469242,7.24236139429916,0.476951564086742,0.633396612597782,NA
"ENSMUSG00000109482",4.04771692794943,1.26527015427299,1.23865134418752,1.02149015557153,0.30702227083365,NA
"ENSMUSG00000109484",1.53447049649742,1.11643480708238,4.52840546586702,0.246540380603622,0.805263949665403,NA
"ENSMUSG00000109487",0.150863829993471,1.62525736257957,7.30032150299227,0.222628189993195,0.823824894567723,NA
"ENSMUSG00000109488",0.165065489581808,0,7.3561311249555,0,1,NA
"ENSMUSG00000109489",1.24467408408669,5.40378808657835,4.98013583717624,1.08506841243959,0.277891356298185,NA
"ENSMUSG00000109490",0.0488582735869228,-1.88445199085272,7.34129618423011,-0.256691998737325,0.797416548724726,NA
"ENSMUSG00000109492",2.20199447341613,-0.0756740201744841,1.59628076985727,-0.0474064598179995,0.962189280620454,NA
"ENSMUSG00000109493",0.432038185917446,3.73599482081992,7.23729208997759,0.516214458995462,0.605704632766342,NA
"ENSMUSG00000109494",0.176960278288497,3.48103250643497,7.24203194632478,0.480670691904575,0.6307505642482,NA
"ENSMUSG00000109495",3.79998937515532,0.422462479125948,1.45729446199634,0.289895069351473,0.771896513827431,NA
"ENSMUSG00000109496",0,NA,NA,NA,NA,NA
"ENSMUSG00000109497",0,NA,NA,NA,NA,NA
"ENSMUSG00000109502",0,NA,NA,NA,NA,NA
"ENSMUSG00000109504",0.0733131581870288,-0.215358581578833,7.34985602471299,-0.0293010612527261,0.976624480509739,NA
"ENSMUSG00000109507",0,NA,NA,NA,NA,NA
"ENSMUSG00000109509",27.5091509479618,-0.562561616037832,0.864769141788216,-0.650533869507111,0.515347431266378,NA
"ENSMUSG00000109510",18.7525790584791,-0.694691797381562,2.84942283671002,-0.243800880807027,0.807385038126805,NA
"ENSMUSG00000109511",625.584057883822,-0.0850932686788037,0.176283653437234,-0.482706518838408,0.629304133960483,0.787028259640609
"ENSMUSG00000109512",0.170910216353171,0,7.3561311249555,0,1,NA
"ENSMUSG00000109514",0.0733182817251701,-0.220367262886987,7.3500224582607,-0.0299818489179331,0.976081529128214,NA
"ENSMUSG00000109516",5.36704485326744,0.819501126536729,1.65791288325183,0.494296856496682,0.621096544855787,NA
"ENSMUSG00000109519",0.152292488015841,2.15968792410065,7.28487454256193,0.296461924152936,0.766877340792085,NA
"ENSMUSG00000109520",0.0761524196209141,-2.55627499047924,7.29465809108018,-0.350431090609309,0.726015196884991,NA
"ENSMUSG00000109521",1.41414838676256,0.230954872090469,2.33809356668948,0.0987791401425734,0.921313631234316,NA
"ENSMUSG00000109522",0,NA,NA,NA,NA,NA
"ENSMUSG00000109523",0.702457406190144,-3.26183759474186,3.95811718152756,-0.824088182625005,0.409889454290979,NA
"ENSMUSG00000109525",0.0406180793754555,0,7.3561311249555,0,1,NA
"ENSMUSG00000109526",0.0808190032194362,-1.64742897387475,7.34951162969188,-0.22415489040376,0.822636782586042,NA
"ENSMUSG00000109527",0,NA,NA,NA,NA,NA
"ENSMUSG00000109528",10.4381977858326,-0.425234356269773,1.14960156827438,-0.369897160899035,0.711459116925055,NA
"ENSMUSG00000109530",0.121854238126367,0,7.3561311249555,0,1,NA
"ENSMUSG00000109533",0.0937026614060901,0,7.3561311249555,0,1,NA
"ENSMUSG00000109535",0,NA,NA,NA,NA,NA
"ENSMUSG00000109537",0.0832667051552678,0,7.35613112495549,0,1,NA
"ENSMUSG00000109538",0.0761922137191954,1.14931230558722,7.35606509921823,0.156240094409899,0.875843774014844,NA
"ENSMUSG00000109540",6.17558260567802,0.273714022940178,1.2544870502164,0.218188001935104,0.827282632963049,NA
"ENSMUSG00000109541",4.27095035354066,-0.53657831739539,1.49435657473279,-0.359069800654063,0.719542872750009,NA
"ENSMUSG00000109542",0.0710374986746129,2.16226366003378,7.28481246100722,0.296818026765623,0.766605441993722,NA
"ENSMUSG00000109543",1.45257311161445,-0.340903784806492,1.77056798785714,-0.192539223087997,0.847319847038158,NA
"ENSMUSG00000109544",0,NA,NA,NA,NA,NA
"ENSMUSG00000109546",0.0793652423685212,0,7.3561311249555,0,1,NA
"ENSMUSG00000109547",0.147226224795731,0,7.3561311249555,0,1,NA
"ENSMUSG00000109549",0,NA,NA,NA,NA,NA
"ENSMUSG00000109553",0,NA,NA,NA,NA,NA
"ENSMUSG00000109557",0.0710374986746129,2.16226366003378,7.28481246100722,0.296818026765623,0.766605441993722,NA
"ENSMUSG00000109558",0.0355187493373065,1.16171280725677,7.35565536667627,0.157934643392857,0.874508299155349,NA
"ENSMUSG00000109560",1.01199308787405,0.871190261582678,3.43229889455266,0.253821210899007,0.799633686025075,NA
"ENSMUSG00000109561",0.995332705522441,1.46363435902563,7.07804460438562,0.206785127931908,0.836177671319822,NA
"ENSMUSG00000109564",2.21513085414336,-2.32484750072007,4.00410768926206,-0.580615628034851,0.561499537080591,NA
"ENSMUSG00000109565",0.602994085254861,3.46128236484779,6.10347372911072,0.567100395359955,0.570645974310368,NA
"ENSMUSG00000109567",0.276371312726735,2.13495821015989,7.28547601137768,0.293043063600201,0.769489235788532,NA
"ENSMUSG00000109569",0.114260466975363,-0.240914865130328,7.35018182601947,-0.0327767218325804,0.973852641523199,NA
"ENSMUSG00000109571",0.0812361587509111,0,7.3561311249555,0,1,NA
"ENSMUSG00000109572",0.32659632772869,-0.229956199749644,7.3499125413092,-0.0312869300766785,0.975040713594389,NA
"ENSMUSG00000109573",0.0380762098104571,-1.67431590235222,7.3501929692546,-0.227792101425878,0.819807867435575,NA
"ENSMUSG00000109577",0.0458889004883165,0,7.3561311249555,0,1,NA
"ENSMUSG00000109578",0,NA,NA,NA,NA,NA
"ENSMUSG00000109580",1.43207777847074,-2.7104563656623,2.70435077044292,-1.00225769352338,0.316219149755025,NA
"ENSMUSG00000109581",0.163987004234508,0,7.3561311249555,0,1,NA
"ENSMUSG00000109584",0.359892587506512,1.14800469210934,6.97742151672679,0.16453136582866,0.869312856829517,NA
"ENSMUSG00000109586",4.26978212925824,-0.543106088013362,1.45462686615616,-0.373364538115891,0.708877148833486,NA
"ENSMUSG00000109588",0.0355187493373064,1.16171280725677,7.35565536667627,0.157934643392857,0.874508299155349,NA
"ENSMUSG00000109591",0.0761524196209141,-2.55627499047924,7.29465809108018,-0.350431090609309,0.726015196884991,NA
"ENSMUSG00000109592",0.106556248011919,2.74727956207311,7.26104728326191,0.378358583121489,0.705164231160339,NA
"ENSMUSG00000109595",0.117089932639126,0,7.3561311249555,0,1,NA
"ENSMUSG00000109596",0,NA,NA,NA,NA,NA
"ENSMUSG00000109597",3.55936039030519,-0.0262399541304058,1.78635143142615,-0.0146891332068164,0.9882801888694,NA
"ENSMUSG00000109600",0.160830767656393,0,7.3561311249555,0,1,NA
"ENSMUSG00000109601",1.26320022187291,2.19568056493964,3.40493078315151,0.644853215755352,0.519022312179348,NA
"ENSMUSG00000109609",0.130903630224433,-1.88771460477931,7.34116730631989,-0.257140932226706,0.797069980273134,NA
"ENSMUSG00000109610",3.26796421725488,-2.6165322541101,2.25180920580584,-1.1619688947731,0.245248100057104,NA
"ENSMUSG00000109611",2.15459577059165,-4.01267821491407,2.31286756287023,-1.7349364396526,0.0827520639095044,NA
"ENSMUSG00000109613",3.62067340515044,-0.755429370602691,1.48998472233086,-0.507004776143564,0.61215146737747,NA
"ENSMUSG00000109614",0.172548348440723,0,7.3561311249555,0,1,NA
"ENSMUSG00000109617",0.818038045197638,-1.13728499233127,3.61136679889477,-0.314918161367417,0.752823791910513,NA
"ENSMUSG00000109620",0.822301668496383,2.12326714458442,4.27526654578762,0.496639711663465,0.619443143809151,NA
"ENSMUSG00000109624",0.0419195223311899,0,7.3561311249555,0,1,NA
"ENSMUSG00000109626",0,NA,NA,NA,NA,NA
"ENSMUSG00000109627",0.198596134156941,-1.11022323959121,7.29509442744482,-0.152187644811621,0.879038938466054,NA
"ENSMUSG00000109630",0.0406180793754555,0,7.3561311249555,0,1,NA
"ENSMUSG00000109631",0,NA,NA,NA,NA,NA
"ENSMUSG00000109637",0.171616777477361,0,7.3561311249555,0,1,NA
"ENSMUSG00000109639",0,NA,NA,NA,NA,NA
"ENSMUSG00000109645",5.44276655604378,-2.81680211982882,2.22006203556297,-1.26879432858485,0.204514428431117,NA
"ENSMUSG00000109646",0.0844979581761729,-0.46046001091392,7.34078944176749,-0.0627262250969907,0.949984513902414,NA
"ENSMUSG00000109649",0.204673333720251,1.14438847012523,7.35593954640205,0.155573392481858,0.876369299262667,NA
"ENSMUSG00000109650",0,NA,NA,NA,NA,NA
"ENSMUSG00000109653",0.0355187493373064,1.16171280725677,7.35565536667627,0.157934643392857,0.874508299155349,NA
"ENSMUSG00000109654",4.86542914978164,1.14777630069387,1.3046741799096,0.879741715110353,0.378999245596478,NA
"ENSMUSG00000109655",0.0406180793754555,0,7.3561311249555,0,1,NA
"ENSMUSG00000109658",1.23115163545867,0.173099334609756,2.70800005581236,0.0639214664114283,0.949032759506429,NA
"ENSMUSG00000109659",0.206617375967765,1.65170557491978,7.27236666890549,0.22712077788679,0.820329827776021,NA
"ENSMUSG00000109661",0.0380762098104571,-1.67431590235222,7.3501929692546,-0.227792101425878,0.819807867435575,NA
"ENSMUSG00000109662",0.086513213130528,0,7.3561311249555,0,1,NA
"ENSMUSG00000109663",4.24147554791934,-0.523360629624211,1.7219854820237,-0.303928595849223,0.76118229133894,NA
"ENSMUSG00000109664",0.883879410406659,2.33556782914161,4.39092160755969,0.531908341319632,0.594789479809033,NA
"ENSMUSG00000109668",0.166652183954543,0.546374764231213,7.27071293934154,0.0751473437047419,0.940097479457398,NA
"ENSMUSG00000109670",0,NA,NA,NA,NA,NA
"ENSMUSG00000109671",0.0749599330658047,1.14040624402455,7.35583802259332,0.155034170208997,0.876794379042798,NA
"ENSMUSG00000109673",1.75465993837646,0.755368821965301,2.33803890598227,0.323077952224218,0.746636207229376,NA
"ENSMUSG00000109675",21.1209900843442,0,2.16024344746318,0,1,NA
"ENSMUSG00000109676",0,NA,NA,NA,NA,NA
"ENSMUSG00000109677",0.16525982714334,-1.66879923069949,7.35005318671642,-0.22704587141158,0.820388073202102,NA
"ENSMUSG00000109678",0.400353735492896,-2.88415199096446,6.74998657556311,-0.427282626221202,0.669173485660463,NA
"ENSMUSG00000109681",0,NA,NA,NA,NA,NA
"ENSMUSG00000109683",0,NA,NA,NA,NA,NA
"ENSMUSG00000109686",0.111706646983341,-1.11152187109347,7.29419834295254,-0.15238437712177,0.878883778425465,NA
"ENSMUSG00000109687",0.213745851688846,0,7.3561311249555,0,1,NA
"ENSMUSG00000109690",0.600665832476561,0,7.07848717118014,0,1,NA
"ENSMUSG00000109691",0,NA,NA,NA,NA,NA
"ENSMUSG00000109692",0.210172100278334,0,7.3561311249555,0,1,NA
"ENSMUSG00000109694",0.223045639351558,3.15605903280512,7.24921312537805,0.435365739456106,0.663296974441066,NA
"ENSMUSG00000109695",7.15317281614287,-0.726994457252874,1.15729025965226,-0.62818679340766,0.52988158075807,NA
"ENSMUSG00000109702",0.0432773486139992,0,7.3561311249555,0,1,NA
"ENSMUSG00000109703",5.07384752779426,0.0109806929989105,1.14578404868144,0.00958356246235669,0.992353540521732,NA
"ENSMUSG00000109705",0.106556248011919,2.74727956207311,7.26104728326191,0.378358583121489,0.705164231160339,NA
"ENSMUSG00000109706",0.24121876725103,-0.213362044880649,7.34960253707231,-0.0290304195096843,0.976840329552877,NA
"ENSMUSG00000109707",0.171484220362158,0,7.3561311249555,0,1,NA
"ENSMUSG00000109710",1.50083128724473,-0.166960160749341,2.05376932562734,-0.0812945050186403,0.935207743887756,NA
"ENSMUSG00000109711",0.384150362734596,0.488736873140745,7.26883803338034,0.0672372765628209,0.946392809849649,NA
"ENSMUSG00000109712",0.113522913350167,2.13759982526944,7.28567061840157,0.293397812944009,0.769218096953481,NA
"ENSMUSG00000109713",26.0863851311087,1.14599261578443,2.20883654892455,0.518821827872413,0.603884994829844,NA
"ENSMUSG00000109718",0.0406180793754555,0,7.3561311249555,0,1,NA
"ENSMUSG00000109720",0.12239073061752,0,7.3561311249555,0,1,NA
"ENSMUSG00000109723",0.245947390644073,-1.66953733292617,7.35007082542107,-0.227145747650742,0.82031041212414,NA
"ENSMUSG00000109724",39.4266719730391,-0.0583865921560727,0.480529122854557,-0.121504794151144,0.90329121765633,NA
"ENSMUSG00000109730",0.297060017606851,-0.844888842730769,7.14952655547249,-0.118174096728694,0.9059297139355,NA
"ENSMUSG00000109736",0,NA,NA,NA,NA,NA
"ENSMUSG00000109737",0.135589696206535,0,7.3561311249555,0,1,NA
"ENSMUSG00000109738",0,NA,NA,NA,NA,NA
"ENSMUSG00000109739",9.12059654613484,1.12493274420662,1.08467649275803,1.03711360181341,0.299682916865852,NA
"ENSMUSG00000109740",1.85858926963814,-1.23991673722349,2.23112224095179,-0.555736801177932,0.578390794784659,NA
"ENSMUSG00000109745",0.0756416601326978,1.15317840771884,7.35607232041776,0.156765507119613,0.875429658009667,NA
"ENSMUSG00000109746",0.346204131045864,-2.42005688202173,7.24607326508557,-0.333981840023963,0.738393262202051,NA
"ENSMUSG00000109747",0.0807120039871274,0,7.3561311249555,0,1,NA
"ENSMUSG00000109749",0.0380762098104571,-1.67431590235222,7.3501929692546,-0.227792101425878,0.819807867435575,NA
"ENSMUSG00000109750",2.71349712487166,-3.43084605368442,2.3159161827388,-1.48142064866402,0.138494515713347,NA
"ENSMUSG00000109752",0.0406180793754555,0,7.3561311249555,0,1,NA
"ENSMUSG00000109755",12.0125089467293,2.3711823684266,0.889855228934996,2.66468330052351,0.00770608568578055,NA
"ENSMUSG00000109756",0.55492730318821,0,7.3561311249555,0,1,NA
"ENSMUSG00000109757",0.497328269322293,1.13824709302422,6.48705971381222,0.175464253951705,0.86071485622216,NA
"ENSMUSG00000109758",0.22498340914211,-1.67007475984917,7.2669314208699,-0.229818428594617,0.818232864023877,NA
"ENSMUSG00000109760",0.483365961386938,2.94107233504663,7.22318590763879,0.407171070031069,0.683882347985242,NA
"ENSMUSG00000109762",0,NA,NA,NA,NA,NA
"ENSMUSG00000109763",0.0381556965949326,-1.67774869432933,7.35024185942525,-0.228257617424921,0.819445971233449,NA
"ENSMUSG00000109764",50.2080394674651,-0.327997812807235,0.614607373686245,-0.533670481107304,0.593569535590265,NA
"ENSMUSG00000109765",0.202663154697729,0,7.3561311249555,0,1,NA
"ENSMUSG00000109768",0.325834668525193,-3.27135482132397,7.26356024861649,-0.450378975234228,0.652437202301826,NA
"ENSMUSG00000109771",69.8523707140082,-0.23513076598956,0.458055654639291,-0.513323574565889,0.607724995986873,0.77185681425289
"ENSMUSG00000109777",0,NA,NA,NA,NA,NA
"ENSMUSG00000109779",0.202534976693284,-2.52172075142541,7.29572586112268,-0.34564357261052,0.729610595732066,NA
"ENSMUSG00000109786",0.127531306107475,0,7.3561311249555,0,1,NA
"ENSMUSG00000109788",0.12120364655495,-0.232957874575193,7.3500125209562,-0.0316948949285445,0.974715366099897,NA
"ENSMUSG00000109789",8.52728433717953,0.882191092968635,0.9514176888429,0.927238481388277,0.353802727162366,NA
"ENSMUSG00000109790",0.127969815434164,0,7.3561311249555,0,1,NA
"ENSMUSG00000109793",1.15941462956265,-0.828890858685112,2.32492251369827,-0.356524079319353,0.72144812255024,NA
"ENSMUSG00000109795",2.1704525774185,1.22699883593546,1.82823736814345,0.671137598057883,0.50213287714368,NA
"ENSMUSG00000109796",0,NA,NA,NA,NA,NA
"ENSMUSG00000109797",0.0710374986746129,2.16226366003378,7.28481246100722,0.296818026765623,0.766605441993722,NA
"ENSMUSG00000109798",0.662296400353435,2.72086378744228,5.9557158155025,0.456849163346576,0.647779465884909,NA
"ENSMUSG00000109800",0.133546069246851,0,7.3561311249555,0,1,NA
"ENSMUSG00000109801",4.56296661178131,-1.187303886118,1.6191848905106,-0.733272582443374,0.463392193913041,NA
"ENSMUSG00000109806",0,NA,NA,NA,NA,NA
"ENSMUSG00000109811",0.423015423473214,-0.366935449806247,7.16288347859878,-0.0512273375523383,0.959144368221589,NA
"ENSMUSG00000109813",0.568488504722036,-1.66668581958604,5.40252259548991,-0.308501406542457,0.757700830136236,NA
"ENSMUSG00000109815",1.56391734557121,-0.0050738893060096,1.74603959900323,-0.00290594171455569,0.997681397234603,NA
"ENSMUSG00000109818",0.124396541977247,0,7.3561311249555,0,1,NA
"ENSMUSG00000109820",0.681238324250161,-3.24609351130053,4.04087176830554,-0.803315150151799,0.421792603456868,NA
"ENSMUSG00000109821",0.134960041870617,0,7.3561311249555,0,1,NA
"ENSMUSG00000109822",3.43908076700351,1.18930219170132,1.71815879109054,0.692195737593297,0.488814415120083,NA
"ENSMUSG00000109824",0.0825711463820376,-1.67242892050348,7.35014513475526,-0.227536856734349,0.820006313182384,NA
"ENSMUSG00000109826",0,NA,NA,NA,NA,NA
"ENSMUSG00000109830",0.129629528358572,0,7.3561311249555,0,1,NA
"ENSMUSG00000109832",0,NA,NA,NA,NA,NA
"ENSMUSG00000109833",2.93823716523656,0,2.54580929346529,0,1,NA
"ENSMUSG00000109834",2.15105568084433,-0.385892579639077,1.91075994204406,-0.201957645828739,0.839949835587498,NA
"ENSMUSG00000109835",0.694196333119446,-1.14131137521759,3.96981316485998,-0.28749750374155,0.773731413027668,NA
"ENSMUSG00000109837",0,NA,NA,NA,NA,NA
"ENSMUSG00000109840",0,NA,NA,NA,NA,NA
"ENSMUSG00000109843",3.20187794432833,0.36958540144298,2.26819421798516,0.162942572779893,0.870563650500472,NA
"ENSMUSG00000109845",0,NA,NA,NA,NA,NA
"ENSMUSG00000109850",0.409620666339467,2.14422022101612,7.28550778774282,0.294313077891916,0.768518680263254,NA
"ENSMUSG00000109851",1.45607766845348,0.701299400625349,2.10316702271962,0.333449218749396,0.738795215628336,NA
"ENSMUSG00000109856",0,NA,NA,NA,NA,NA
"ENSMUSG00000109858",0.0425774740632087,0,7.3561311249555,0,1,NA
"ENSMUSG00000109859",0,NA,NA,NA,NA,NA
"ENSMUSG00000109860",0.0355187493373064,1.16171280725677,7.35565536667627,0.157934643392857,0.874508299155349,NA
"ENSMUSG00000109864",3.86795676367221,2.47731365032466,2.10066837086561,1.17929782953025,0.238279602236118,NA
"ENSMUSG00000109865",2134.18895538577,-0.152658454132772,0.200802515211676,-0.760241742847925,0.447110097616865,0.648081919677263
"ENSMUSG00000109867",1.14001434291348,1.13995847012487,2.88297805645874,0.395410040520781,0.692540300281478,NA
"ENSMUSG00000109872",0.0812361587509111,0,7.3561311249555,0,1,NA
"ENSMUSG00000109875",1.5229489051537,2.53032822698373,2.33092098700927,1.0855486913052,0.277678710422239,NA
"ENSMUSG00000109878",0.114228629431371,-3.13863321915088,7.26774571323647,-0.431857874916372,0.665844712909321,NA
"ENSMUSG00000109882",0.119614918699342,0,7.3561311249555,0,1,NA
"ENSMUSG00000109883",0.0380762098104571,-1.67431590235222,7.3501929692546,-0.227792101425878,0.819807867435575,NA
"ENSMUSG00000109884",0.166265798031493,1.26025832325996,7.35100096484016,0.171440369724855,0.863877514188004,NA
"ENSMUSG00000109885",0,NA,NA,NA,NA,NA
"ENSMUSG00000109889",0,NA,NA,NA,NA,NA
"ENSMUSG00000109892",0,NA,NA,NA,NA,NA
"ENSMUSG00000109893",1.06126452739211,1.57666048088893,4.82401769096329,0.326835551171889,0.743792268830704,NA
"ENSMUSG00000109894",0.477064405853021,0,7.3561311249555,0,1,NA
"ENSMUSG00000109895",0.177909175800354,0,7.3561311249555,0,1,NA
"ENSMUSG00000109897",0.0407969102058399,0,7.3561311249555,0,1,NA
"ENSMUSG00000109899",6.14791952407352,1.75248236000514,1.27766830438992,1.37162544768764,0.170180067641242,NA
"ENSMUSG00000109900",0.204067287063877,0,7.3561311249555,0,1,NA
"ENSMUSG00000109901",789.032995742708,-0.54056165207687,0.225077056269515,-2.4016737247069,0.0163202576894177,0.0842872242737166
"ENSMUSG00000109903",0.154310993623256,-0.228394685461528,7.34978057911082,-0.0310750345541825,0.975209699591378,NA
"ENSMUSG00000109905",2.0922098795219,-3.24248295570463,2.24052956543851,-1.44719489790353,0.147842345126264,NA
"ENSMUSG00000109906",0,NA,NA,NA,NA,NA
"ENSMUSG00000109911",0.117229871044283,1.14916513235353,7.35606134976092,0.156220166977112,0.875859480945138,NA
"ENSMUSG00000109912",0.153912235126116,2.13705557497851,7.28542461870245,0.293333015826211,0.769267619999529,NA
"ENSMUSG00000109913",0.28169566327772,1.15288294619601,7.35608491528157,0.156725073116136,0.875461525781301,NA
"ENSMUSG00000109914",0.0406180793754555,0,7.3561311249555,0,1,NA
"ENSMUSG00000109916",274.794393996649,-0.0481282524050782,0.26095840402255,-0.184428827212322,0.853677056837531,0.930385634712127
"ENSMUSG00000109918",0.0761524196209141,-2.55627499047924,7.29465809108018,-0.350431090609309,0.726015196884991,NA
"ENSMUSG00000109919",0,NA,NA,NA,NA,NA
"ENSMUSG00000109920",0.0815938204116798,0,7.3561311249555,0,1,NA
"ENSMUSG00000109922",0,NA,NA,NA,NA,NA
"ENSMUSG00000109923",0.528812681301251,2.73328692205559,6.28139063204797,0.435140414307339,0.663460510006103,NA
"ENSMUSG00000109924",0.117160854385996,-0.232661708772551,7.35006059026033,-0.031654393309472,0.97474766550965,NA
"ENSMUSG00000109925",5.57686653578073,0.28757069461653,4.76334463178131,0.0603715911500171,0.95185968435255,NA
"ENSMUSG00000109926",0,NA,NA,NA,NA,NA
"ENSMUSG00000109928",0.0425919574685933,0,7.3561311249555,0,1,NA
"ENSMUSG00000109929",17.072771787541,0.484104634001692,0.825325916941851,0.586561774038898,0.55749806197641,NA
"ENSMUSG00000109932",0.0881303742140076,0,7.3561311249555,0,1,NA
"ENSMUSG00000109933",4.98956121180673,-0.952563620957116,1.17323502351919,-0.811912022622583,0.416842115272007,NA
"ENSMUSG00000109934",0.0406180793754555,0,7.3561311249555,0,1,NA
"ENSMUSG00000109935",1.35559184506228,1.33672472993258,2.83600681195384,0.471340451051899,0.637397633339375,NA
"ENSMUSG00000109937",0.0381979668618393,0,7.3561311249555,0,1,NA
"ENSMUSG00000109938",0.0381979668618393,0,7.3561311249555,0,1,NA
"ENSMUSG00000109939",0,NA,NA,NA,NA,NA
"ENSMUSG00000109941",745.711447021941,-0.87496537552239,0.246969330786004,-3.54280984095364,0.000395888058266776,0.0126855789643276
"ENSMUSG00000109943",0.196866247767013,-3.13055726633957,7.26791331067228,-0.430736737289179,0.666659803375836,NA
"ENSMUSG00000109946",4.23535799629539,2.22507995245668,1.58369213011182,1.40499527032415,0.160022684704263,NA
"ENSMUSG00000109948",0.0355187493373065,1.16171280725677,7.35565536667627,0.157934643392857,0.874508299155349,NA
"ENSMUSG00000109949",0,NA,NA,NA,NA,NA
"ENSMUSG00000109950",0.190381049052285,-3.87344176364855,7.24606634725706,-0.534557866022689,0.592955625497417,NA
"ENSMUSG00000109951",0.202140486883952,-1.86996630880204,7.35516462248962,-0.254238539146263,0.799311278572047,NA
"ENSMUSG00000109952",0.0406180793754555,0,7.3561311249555,0,1,NA
"ENSMUSG00000109955",0,NA,NA,NA,NA,NA
"ENSMUSG00000109960",0.0380762098104571,-1.67431590235222,7.3501929692546,-0.227792101425878,0.819807867435575,NA
"ENSMUSG00000109968",0,NA,NA,NA,NA,NA
"ENSMUSG00000109969",0.238663998058747,-1.67324440997402,7.35016479060072,-0.227647196715064,0.819920525458789,NA
"ENSMUSG00000109970",2.47667217219177,1.30186966769308,1.87171325343729,0.695549740486302,0.486710850715778,NA
"ENSMUSG00000109971",0,NA,NA,NA,NA,NA
"ENSMUSG00000109972",0.0400922426516566,0,7.3561311249555,0,1,NA
"ENSMUSG00000109974",0.402899653913434,-1.64844309728519,7.34953633903661,-0.224292121467525,0.82253000621488,NA
"ENSMUSG00000109975",32.3844470507323,0.0473219864921513,0.512160985936746,0.0923967029733807,0.926382858870687,NA
"ENSMUSG00000109976",0.0406228561887702,0,7.3561311249555,0,1,NA
"ENSMUSG00000109977",0,NA,NA,NA,NA,NA
"ENSMUSG00000109978",0,NA,NA,NA,NA,NA
"ENSMUSG00000109979",0,NA,NA,NA,NA,NA
"ENSMUSG00000109983",0.0355187493373064,1.16171280725677,7.35565536667627,0.157934643392857,0.874508299155349,NA
"ENSMUSG00000109985",0.416213181828385,1.21171143484364,7.17955732392169,0.168772443783731,0.865975634037675,NA
"ENSMUSG00000109987",0.0406180793754555,0,7.3561311249555,0,1,NA
"ENSMUSG00000109988",0.30617632230118,-0.122834995561844,7.22376365870009,-0.0170042932417792,0.986433190756249,NA
"ENSMUSG00000109990",0.0380762098104571,-1.67431590235222,7.3501929692546,-0.227792101425878,0.819807867435575,NA
"ENSMUSG00000109991",0.250844048935291,-2.55372203639683,7.29473616101136,-0.350077368122767,0.726280635152501,NA
"ENSMUSG00000110003",0,NA,NA,NA,NA,NA
"ENSMUSG00000110005",0.0710374986746129,2.16226366003378,7.28481246100722,0.296818026765623,0.766605441993722,NA
"ENSMUSG00000110008",0.0355187493373064,1.16171280725677,7.35565536667627,0.157934643392857,0.874508299155349,NA
"ENSMUSG00000110011",0.0419195223311899,0,7.3561311249555,0,1,NA
"ENSMUSG00000110012",0.101790828933331,0,7.3561311249555,0,1,NA
"ENSMUSG00000110014",0.270398877913432,-1.88555747310686,7.34125248559537,-0.256844111656233,0.797299115853458,NA
"ENSMUSG00000110019",0.722681051673644,-0.434645169994896,4.75746102361447,-0.0913607421768586,0.927205954454038,NA
"ENSMUSG00000110022",0.0380762098104571,-1.67431590235222,7.3501929692546,-0.227792101425878,0.819807867435575,NA
"ENSMUSG00000110024",0.13101529240552,1.14907443007284,7.35605903899948,0.156207885768835,0.8758691610966,NA
"ENSMUSG00000110025",0.0444816915190641,0,7.3561311249555,0,1,NA
"ENSMUSG00000110031",0.0851549481264175,0,7.3561311249555,0,1,NA
"ENSMUSG00000110032",0.267511015608743,0,7.3561311249555,0,1,NA
"ENSMUSG00000110033",0.111793511518891,-0.230185889165734,7.34978570773405,-0.0313187211599263,0.975015360404314,NA
"ENSMUSG00000110036",0.152346217246321,-1.11355185143268,7.29486788963756,-0.152648665922312,0.878675344841883,NA
"ENSMUSG00000110039",0,NA,NA,NA,NA,NA
"ENSMUSG00000110040",5.49254999928605,-1.12881158264523,2.48201556330467,-0.454796335419539,0.649255766889406,NA
"ENSMUSG00000110041",0,NA,NA,NA,NA,NA
"ENSMUSG00000110043",0.0407969102058399,0,7.3561311249555,0,1,NA
"ENSMUSG00000110044",0.0837405293007823,0,7.3561311249555,0,1,NA
"ENSMUSG00000110048",0.0355187493373064,1.16171280725677,7.35565536667627,0.157934643392857,0.874508299155349,NA
"ENSMUSG00000110049",0.309568748146431,1.77067936229491,7.24313407916571,0.244463148540647,0.806872139449518,NA
"ENSMUSG00000110054",0,NA,NA,NA,NA,NA
"ENSMUSG00000110055",0.0801844853033132,0,7.3561311249555,0,1,NA
"ENSMUSG00000110057",25.7425302079793,-0.112847596329073,0.646220454332654,-0.174627088283068,0.86137266225696,NA
"ENSMUSG00000110059",0.178985171506972,0,7.3561311249555,0,1,NA
"ENSMUSG00000110061",0,NA,NA,NA,NA,NA
"ENSMUSG00000110064",0.0355187493373064,1.16171280725677,7.35565536667627,0.157934643392857,0.874508299155349,NA
"ENSMUSG00000110065",1.11706104561991,3.45147599224488,4.80288286731389,0.718625893571955,0.472371454739935,NA
"ENSMUSG00000110066",0,NA,NA,NA,NA,NA
"ENSMUSG00000110069",0.298080633112629,3.43990088174516,7.24234907071494,0.474970323600487,0.63480812572317,NA
"ENSMUSG00000110072",0,NA,NA,NA,NA,NA
"ENSMUSG00000110073",0.0768518144026124,1.17149335418834,7.35600116850953,0.159256820023821,0.873466539130153,NA
"ENSMUSG00000110074",0,NA,NA,NA,NA,NA
"ENSMUSG00000110076",0.0406180793754555,0,7.3561311249555,0,1,NA
"ENSMUSG00000110081",0,NA,NA,NA,NA,NA
"ENSMUSG00000110082",0.0406180793754555,0,7.3561311249555,0,1,NA
"ENSMUSG00000110083",0.0406180793754555,0,7.3561311249555,0,1,NA
"ENSMUSG00000110085",0.323356974817195,1.14955122290211,7.35579998927648,0.156278205576274,0.87581373468535,NA
"ENSMUSG00000110086",0.163382827428862,1.15528800295962,7.35596904485426,0.157054494916314,0.875201900221649,NA
"ENSMUSG00000110091",0,NA,NA,NA,NA,NA
"ENSMUSG00000110092",1.02489743476544,0.693039799810903,2.91020240372791,0.238141442987997,0.811771392318902,NA
"ENSMUSG00000110095",0.159341887930259,1.15192578103132,7.3561311249555,0.156593970589164,0.875564854692133,NA
"ENSMUSG00000110096",0.0406180793754555,0,7.3561311249555,0,1,NA
"ENSMUSG00000110097",0.0710374986746129,2.16226366003378,7.28481246100722,0.296818026765623,0.766605441993722,NA
"ENSMUSG00000110098",0.0355187493373064,1.16171280725677,7.35565536667627,0.157934643392857,0.874508299155349,NA
"ENSMUSG00000110099",1.44227709344372,0,3.5168514534449,0,1,NA
"ENSMUSG00000110100",0,NA,NA,NA,NA,NA
"ENSMUSG00000110102",2.59593641987142,-0.957544400719414,1.64962401182513,-0.580462210694905,0.56160296323233,NA
"ENSMUSG00000110103",0.551725030764588,1.76934262998898,6.24776278654559,0.283196192051212,0.777026447229706,NA
"ENSMUSG00000110104",0.0801844853033132,0,7.3561311249555,0,1,NA
"ENSMUSG00000110105",14.2770180877468,0.0114399304910838,1.12351948716539,0.0101822270301216,0.99187589863974,NA
"ENSMUSG00000110108",0.160229821489131,0,7.3561311249555,0,1,NA
"ENSMUSG00000110109",2.90205863754047,-1.57911438191906,1.60524275791137,-0.983723099909015,0.325251678752086,NA
"ENSMUSG00000110111",0.106751686916697,0,7.3561311249555,0,1,NA
"ENSMUSG00000110112",0,NA,NA,NA,NA,NA
"ENSMUSG00000110113",0,NA,NA,NA,NA,NA
"ENSMUSG00000110114",0.276407961046389,-1.66446824499224,7.26827704663403,-0.22900451294204,0.818865408508447,NA
"ENSMUSG00000110117",0.0380762098104571,-1.67431590235222,7.3501929692546,-0.227792101425878,0.819807867435575,NA
"ENSMUSG00000110118",0,NA,NA,NA,NA,NA
"ENSMUSG00000110121",0.193097032502571,-2.5492165195034,7.29487057719781,-0.349453289475991,0.726749032578979,NA
"ENSMUSG00000110122",0.122119466350231,0,7.3561311249555,0,1,NA
"ENSMUSG00000110123",0,NA,NA,NA,NA,NA
"ENSMUSG00000110124",2.2247977086234,-2.71859489112382,2.20032651648496,-1.23554157565069,0.21662901319174,NA
"ENSMUSG00000110126",0.80138247479807,0,3.98488478746984,0,1,NA
"ENSMUSG00000110128",0,NA,NA,NA,NA,NA
"ENSMUSG00000110131",0.0381979668618393,0,7.3561311249555,0,1,NA
"ENSMUSG00000110133",0.467168645166699,-1.10868995703327,7.18248858399399,-0.154360141901785,0.877325779095602,NA
"ENSMUSG00000110136",0.141743769467152,2.1623089411695,7.28507759875092,0.296813439782748,0.766608944158691,NA
"ENSMUSG00000110139",0,NA,NA,NA,NA,NA
"ENSMUSG00000110143",0.0474375977968173,0,7.3561311249555,0,1,NA
"ENSMUSG00000110149",0.260048285068804,0,7.3561311249555,0,1,NA
"ENSMUSG00000110150",0.0765494800967672,1.14152503890841,7.35586653957582,0.155185664770672,0.876674949233258,NA
"ENSMUSG00000110152",0,NA,NA,NA,NA,NA
"ENSMUSG00000110153",0.0406180793754555,0,7.3561311249555,0,1,NA
"ENSMUSG00000110154",0.331510404968863,2.14346366298953,7.28506249547983,0.294227216900265,0.768584284534194,NA
"ENSMUSG00000110155",0.0474375977968173,0,7.3561311249555,0,1,NA
"ENSMUSG00000110158",0,NA,NA,NA,NA,NA
"ENSMUSG00000110164",2.37686910018915,-0.541049361400547,1.80229092172837,-0.300200902572205,0.76402391665482,NA
"ENSMUSG00000110165",44.4050312406133,-1.43128142316772,0.416413601823434,-3.43716299587786,0.000587841735415471,NA
"ENSMUSG00000110169",0.0977165471738456,-2.90148482602866,7.2774271891271,-0.398696510542028,0.690116839330893,NA
"ENSMUSG00000110170",0.137081946820737,0,7.3561311249555,0,1,NA
"ENSMUSG00000110171",12.0535613369528,0.536404610659124,0.803510768957677,0.667576131375257,0.50440419791299,NA
"ENSMUSG00000110172",2.23344712377157,2.56928423640149,2.21966633871932,1.15750921279632,0.247064377516736,NA
"ENSMUSG00000110173",0.634316149506728,-3.11196067604659,4.1224705746796,-0.754877595769971,0.450322429750413,NA
"ENSMUSG00000110174",0.520181213347866,-3.62572870763988,5.34212549663864,-0.678705266269252,0.497324628703755,NA
"ENSMUSG00000110175",1.03387447241474,3.07581628672769,2.78106581518941,1.10598471633732,0.268733134663895,NA
"ENSMUSG00000110177",0.113947642860113,-0.228586900048585,7.35001635522126,-0.031100189305865,0.975189638699543,NA
"ENSMUSG00000110182",0,NA,NA,NA,NA,NA
"ENSMUSG00000110184",0,NA,NA,NA,NA,NA
"ENSMUSG00000110185",70.5428755542847,0.345881950753221,0.475503251181809,0.727401862960076,0.46697981360354,0.664281976898977
"ENSMUSG00000110186",0.416519647489077,0,7.3561311249555,0,1,NA
"ENSMUSG00000110188",0,NA,NA,NA,NA,NA
"ENSMUSG00000110189",1.1529613415341,0.746654089420598,2.38714547174652,0.312781143109104,0.754446942702942,NA
"ENSMUSG00000110190",0.189910462773645,-3.86990853692042,7.24611084908439,-0.534066979862642,0.593295194103099,NA
"ENSMUSG00000110192",0,NA,NA,NA,NA,NA
"ENSMUSG00000110193",0.553475963679017,0,7.23140455945478,0,1,NA
"ENSMUSG00000110194",1.28737842205289,-2.84891562164443,2.68175484077,-1.06233261084612,0.288084714883785,NA
"ENSMUSG00000110195",132.143496596705,-0.146270148195331,0.487231050544304,-0.300206951161932,0.76401930322032,0.875835650276338
"ENSMUSG00000110196",0.0474375977968173,0,7.3561311249555,0,1,NA
"ENSMUSG00000110199",0.761510103919021,-1.1219148076047,3.56827730959181,-0.31441356998485,0.753206951004755,NA
"ENSMUSG00000110200",0,NA,NA,NA,NA,NA
"ENSMUSG00000110203",0.1254634782684,0,7.3561311249555,0,1,NA
"ENSMUSG00000110204",0.111637729004533,0,7.3561311249555,0,1,NA
"ENSMUSG00000110206",1040.55868040204,-0.106589222629659,0.171310892395166,-0.622197579730005,0.533811957297538,0.71870487576766
"ENSMUSG00000110213",0.57759211523919,-1.11964689466819,4.75423549456569,-0.235505139774417,0.813816690065547,NA
"ENSMUSG00000110215",1.25357382702248,0.443170589424098,4.08481662585394,0.108492162565915,0.913605297185704,NA
"ENSMUSG00000110218",16.7180858739443,0.293550326359804,0.805251482783775,0.364544906325404,0.715451146866215,NA
"ENSMUSG00000110219",0,NA,NA,NA,NA,NA
"ENSMUSG00000110220",0,NA,NA,NA,NA,NA
"ENSMUSG00000110221",0.186701983798837,2.7451772588607,7.26108139647536,0.378067275239919,0.705380617810514,NA
"ENSMUSG00000110224",0.0380762098104571,-1.67431590235222,7.3501929692546,-0.227792101425878,0.819807867435575,NA
"ENSMUSG00000110226",0.0380762098104571,-1.67431590235222,7.3501929692546,-0.227792101425878,0.819807867435575,NA
"ENSMUSG00000110228",0.182820862221611,1.35676743683997,7.25506903046603,0.187009583388184,0.851653119046663,NA
"ENSMUSG00000110232",0.114471277885179,-2.56073260742133,7.29451988894394,-0.35104882108863,0.725551722267958,NA
"ENSMUSG00000110234",72.0196175823585,1.42367198110689,1.08030392612086,1.31784393880617,0.187555895706552,0.381793663315335
"ENSMUSG00000110237",0.349458934400714,-0.116706283137654,7.22326825003325,-0.0161569914196551,0.98710914685571,NA
"ENSMUSG00000110241",0,NA,NA,NA,NA,NA
"ENSMUSG00000110244",1.2975692135006,3.45768349300482,3.56513578802329,0.969860251780748,0.33211615508958,NA
"ENSMUSG00000110247",4.41681659246434,0.69258705894267,1.41811006869764,0.488387378547228,0.625275480148468,NA
"ENSMUSG00000110250",0.200168265625182,-2.55319665634466,7.29475003474693,-0.350004680651574,0.726335184912999,NA
"ENSMUSG00000110251",0.261886009721632,1.13453997847587,7.35568841538969,0.154239809302167,0.877420654450634,NA
"ENSMUSG00000110252",90.9042425035985,-0.162377983520917,0.41870098160496,-0.387813715885,0.698153894583567,0.835836698336929
"ENSMUSG00000110253",0.445217867087843,1.83014735765818,7.29374758891868,0.250920029154656,0.801875938671127,NA
"ENSMUSG00000110254",0,NA,NA,NA,NA,NA
"ENSMUSG00000110255",0,NA,NA,NA,NA,NA
"ENSMUSG00000110257",0.760000872427455,-0.121658715471874,3.88496953416461,-0.0313152302487835,0.975018144382886,NA
"ENSMUSG00000110259",0.258690654474964,-1.09776779160904,7.33962873891034,-0.149567209822116,0.881106079892016,NA
"ENSMUSG00000110261",0,NA,NA,NA,NA,NA
"ENSMUSG00000110262",0.0410826440564989,0,7.3561311249555,0,1,NA
"ENSMUSG00000110265",0,NA,NA,NA,NA,NA
"ENSMUSG00000110266",19.6904503971721,0.336541803863234,0.865650558615178,0.388773276368719,0.697443871099689,NA
"ENSMUSG00000110267",0,NA,NA,NA,NA,NA
"ENSMUSG00000110271",0.111767637489788,-1.11562748690313,7.29423278855064,-0.152946515314711,0.878440453494418,NA
"ENSMUSG00000110275",8.72942027824787,-0.250874956873978,0.943305048231827,-0.26595315835978,0.790275284359136,NA
"ENSMUSG00000110277",373.064967390966,-0.398815144725565,0.276845311619015,-1.44057034014143,0.14970610472802,0.332474690010441
"ENSMUSG00000110280",0.0380762098104571,-1.67431590235222,7.3501929692546,-0.227792101425878,0.819807867435575,NA
"ENSMUSG00000110283",0,NA,NA,NA,NA,NA
"ENSMUSG00000110284",0,NA,NA,NA,NA,NA
"ENSMUSG00000110287",0.568746457849481,0,3.88326356672477,0,1,NA
"ENSMUSG00000110288",0.0381979668618393,0,7.3561311249555,0,1,NA
"ENSMUSG00000110291",1.46065495238282,0.44482764947471,2.30457748574353,0.193019176932206,0.846943949474378,NA
"ENSMUSG00000110292",0.0355187493373064,1.16171280725677,7.35565536667627,0.157934643392857,0.874508299155349,NA
"ENSMUSG00000110295",0.660136120079981,-4.0184566541653,3.93271334229391,-1.02180258371473,0.3068743462615,NA
"ENSMUSG00000110297",3.95536246756116,-0.971746934980645,3.16707630878219,-0.306827761707549,0.758974476039455,NA
"ENSMUSG00000110298",23.4585201509243,0.851219125131428,0.707443029285902,1.20323346176816,0.228885989430206,NA
"ENSMUSG00000110299",1.08993337938401,-0.145247082511845,3.20462250391295,-0.0453242409470986,0.963848865808155,NA
"ENSMUSG00000110300",0.0406180793754555,0,7.3561311249555,0,1,NA
"ENSMUSG00000110305",0.0761524196209141,-2.55627499047924,7.29465809108018,-0.350431090609309,0.726015196884991,NA
"ENSMUSG00000110306",0.0761524196209141,-2.55627499047924,7.29465809108018,-0.350431090609309,0.726015196884991,NA
"ENSMUSG00000110307",0,NA,NA,NA,NA,NA
"ENSMUSG00000110309",0.157444853374666,-1.10051514422492,7.29496861120059,-0.150859476288246,0.880086567789128,NA
"ENSMUSG00000110313",3.87393988374663,-1.04797818050895,1.69124178564305,-0.619650123007391,0.535488159707443,NA
"ENSMUSG00000110315",5.2299644200269,-0.403365268206566,1.45669180080666,-0.276905017233707,0.781853039988191,NA
"ENSMUSG00000110318",0.74139748924592,1.8969793969124,5.60085538348733,0.338694586277867,0.734839819400832,NA
"ENSMUSG00000110319",0,NA,NA,NA,NA,NA
"ENSMUSG00000110323",0,NA,NA,NA,NA,NA
"ENSMUSG00000110324",0.0476607079255596,0,7.3561311249555,0,1,NA
"ENSMUSG00000110327",2.38191329919847,0.21409871424888,1.40403960443242,0.152487660300316,0.878802322278686,NA
"ENSMUSG00000110328",11.5260251697964,1.36240519955053,0.863094758658396,1.57851172873332,0.114448095795644,NA
"ENSMUSG00000110330",0.0407969102058399,0,7.3561311249555,0,1,NA
"ENSMUSG00000110331",2.34051155840345,4.83410918717125,7.22444743179942,0.669132031592235,0.503411258570372,NA
"ENSMUSG00000110332",0.0786998044261947,-1.67237301282544,7.35014371754422,-0.227529294268575,0.820012192967962,NA
"ENSMUSG00000110333",0.634774504502958,1.60015514318282,7.1809035626843,0.222834790805165,0.823664089563976,NA
"ENSMUSG00000110334",0.0355187493373065,1.16171280725677,7.35565536667627,0.157934643392857,0.874508299155349,NA
"ENSMUSG00000110337",0,NA,NA,NA,NA,NA
"ENSMUSG00000110339",0.162093644234842,0,7.3561311249555,0,1,NA
"ENSMUSG00000110344",564.32960638814,-0.47065792582493,0.253511565722758,-1.85655405694447,0.0633746254863233,0.194612666334982
"ENSMUSG00000110346",0,NA,NA,NA,NA,NA
"ENSMUSG00000110347",3.31192348384825,1.07578915606932,1.7270800272592,0.622894792997262,0.5333536599973,NA
"ENSMUSG00000110348",0,NA,NA,NA,NA,NA
"ENSMUSG00000110349",0.0761524196209141,-2.55627499047924,7.29465809108018,-0.350431090609309,0.726015196884991,NA
"ENSMUSG00000110352",0.0409190281194281,0,7.3561311249555,0,1,NA
"ENSMUSG00000110353",2.21610858051665,0.97335493485481,1.50082435547426,0.648546867796018,0.516631307785472,NA
"ENSMUSG00000110355",0.338111743175424,0,7.3561311249555,0,1,NA
"ENSMUSG00000110358",1.53073112413939,-1.71062208135652,4.31444311152281,-0.396487341967235,0.691745544037656,NA
"ENSMUSG00000110359",0.0735980265368485,-0.229837179628512,7.34982155475187,-0.0312711237839394,0.975053319023386,NA
"ENSMUSG00000110360",12.4015016682617,0.00527553140651608,0.708338193069334,0.00744775794688751,0.994057603858192,NA
"ENSMUSG00000110361",0.07822299393057,0,7.3561311249555,0,1,NA
"ENSMUSG00000110370",0.0405535451398285,0,7.3561311249555,0,1,NA
"ENSMUSG00000110371",3.04167478352988,-0.656659198371243,1.53589024638443,-0.427543048676203,0.66898383705449,NA
"ENSMUSG00000110372",0.42893244456275,1.15676238450133,7.35598381074803,0.157254612606835,0.875044189021246,NA
"ENSMUSG00000110376",0,NA,NA,NA,NA,NA
"ENSMUSG00000110379",0.154905297716821,0.768614973373508,7.27892920080721,0.105594511523518,0.915904079575256,NA
"ENSMUSG00000110385",0.167714050081161,-1.67258963454733,7.35014920868206,-0.227558596031173,0.819989411026181,NA
"ENSMUSG00000110387",0.122149580226609,0,7.3561311249555,0,1,NA
"ENSMUSG00000110391",0.487454131936825,2.1545240965261,5.55753843245955,0.387675968904202,0.698255841693129,NA
"ENSMUSG00000110394",0.0419195223311899,0,7.3561311249555,0,1,NA
"ENSMUSG00000110395",0,NA,NA,NA,NA,NA
"ENSMUSG00000110398",0,NA,NA,NA,NA,NA
"ENSMUSG00000110401",0.196247565950744,-2.5552100840313,7.2946885200897,-0.35028364501023,0.726125838113607,NA
"ENSMUSG00000110402",0.106556248011919,2.74727956207311,7.26104728326191,0.378358583121489,0.705164231160339,NA
"ENSMUSG00000110404",5.95013440729802,-0.369653531654055,1.15715498951059,-0.319450319970013,0.749385058203963,NA
"ENSMUSG00000110407",1.25905955201689,0.101848487293238,2.48720784149235,0.0409489249728835,0.967336613644066,NA
"ENSMUSG00000110413",0,NA,NA,NA,NA,NA
"ENSMUSG00000110415",0.332311875858041,0,7.3561311249555,0,1,NA
"ENSMUSG00000110416",22.0521075621296,-0.559896320205761,0.621370860075941,-0.901066265220955,0.367553088084581,NA
"ENSMUSG00000110420",0,NA,NA,NA,NA,NA
"ENSMUSG00000110421",0,NA,NA,NA,NA,NA
"ENSMUSG00000110422",0,NA,NA,NA,NA,NA
"ENSMUSG00000110425",0.0355187493373064,1.16171280725677,7.35565536667627,0.157934643392857,0.874508299155349,NA
"ENSMUSG00000110429",0.486901376101422,-1.1139288171361,5.59214021568209,-0.199195437555785,0.842109868213938,NA
"ENSMUSG00000110430",0.243295326234253,0.844904836979335,7.28248365314498,0.116018775629446,0.907637661479916,NA
"ENSMUSG00000110431",0.114228629431371,-3.13863321915088,7.26774571323647,-0.431857874916372,0.665844712909321,NA
"ENSMUSG00000110432",0.0736137749873889,-0.242362001249321,7.35031375165763,-0.0329730144097133,0.97369610731733,NA
"ENSMUSG00000110434",0.0427517828843511,0,7.3561311249555,0,1,NA
"ENSMUSG00000110435",0.119635427706309,1.10001559739098,7.35480908466885,0.149564126645241,0.88110851254937,NA
"ENSMUSG00000110438",1.60307906537795,0.124811206395671,2.60604352374028,0.0478929861526404,0.961801529217424,NA
"ENSMUSG00000110439",0.121854238126367,0,7.3561311249555,0,1,NA
"ENSMUSG00000110443",1.20767018124496,-0.645250574186277,2.63665848497116,-0.244722848205096,0.806671035566822,NA
"ENSMUSG00000110444",263.030407092783,0.371531956555039,0.323462157984514,1.14861026980728,0.250716720429694,0.458992624382974
"ENSMUSG00000110446",0.806621478504971,1.1781096126977,3.13937915956366,0.375268342184398,0.707460907881411,NA
"ENSMUSG00000110448",0.0769581807337329,1.15451087071341,7.3560070734907,0.156948037050425,0.87528580086064,NA
"ENSMUSG00000110449",0,NA,NA,NA,NA,NA
"ENSMUSG00000110450",0.0761524196209141,-2.55627499047924,7.29465809108018,-0.350431090609309,0.726015196884991,NA
"ENSMUSG00000110452",0,NA,NA,NA,NA,NA
"ENSMUSG00000110458",3.06459631147561,-0.307722644695613,2.13118895860957,-0.144390127141226,0.885192412515911,NA
"ENSMUSG00000110460",0.749321847374585,-0.442130731600325,4.71796533523091,-0.0937121619565027,0.925337808951845,NA
"ENSMUSG00000110461",2.1448919778622,-0.00501075876995818,1.51711513416644,-0.00330282037078965,0.997364735410227,NA
"ENSMUSG00000110466",0,NA,NA,NA,NA,NA
"ENSMUSG00000110469",2.59842882274356,3.47228844437709,3.6265137939744,0.957472835246467,0.33832865110075,NA
"ENSMUSG00000110472",31.5913488173217,0.674053102124265,0.877485662563185,0.768164234336682,0.442389619011911,NA
"ENSMUSG00000110473",0,NA,NA,NA,NA,NA
"ENSMUSG00000110477",0.0830259223065155,1.15404489967263,7.35602988450587,0.156884204902894,0.875336108364895,NA
"ENSMUSG00000110478",1.0746287992561,-1.29696058154735,3.18294462459951,-0.407471927574151,0.683661408218336,NA
"ENSMUSG00000110479",0.106556248011919,2.74727956207311,7.26104728326191,0.378358583121489,0.705164231160339,NA
"ENSMUSG00000110480",0.179946143219303,1.7688151501309,7.2431918253927,0.244203825160326,0.807072964688863,NA
"ENSMUSG00000110482",0,NA,NA,NA,NA,NA
"ENSMUSG00000110484",0.0432773486139992,0,7.3561311249555,0,1,NA
"ENSMUSG00000110487",0,NA,NA,NA,NA,NA
"ENSMUSG00000110490",0.0380762098104571,-1.67431590235222,7.3501929692546,-0.227792101425878,0.819807867435575,NA
"ENSMUSG00000110492",0.0938300730016034,-1.85013047336192,7.34266848896026,-0.251969767686449,0.80106443190017,NA
"ENSMUSG00000110493",0.116905972409131,-1.67455458262305,7.35019800572237,-0.227824417970694,0.819782743030985,NA
"ENSMUSG00000110495",0.205041777645212,0,7.3561311249555,0,1,NA
"ENSMUSG00000110501",0.113235955471831,2.150321683503,7.28535835068336,0.295156611383612,0.767874245296207,NA
"ENSMUSG00000110502",0.17310423471002,0,7.3561311249555,0,1,NA
"ENSMUSG00000110506",0.11443607470253,-2.55943842595345,7.29455933021024,-0.35086950562642,0.725686249828942,NA
"ENSMUSG00000110508",0.441227057843476,2.0881408569644,6.5780505357216,0.317440683318699,0.750909241407941,NA
"ENSMUSG00000110509",17.5378076976946,-0.882080382600158,0.666847418210723,-1.32276193700644,0.185914558876182,NA
"ENSMUSG00000110510",1.9232282002729,0.114088770413703,1.62094568267574,0.0703840798819204,0.943887962234984,NA
"ENSMUSG00000110513",0,NA,NA,NA,NA,NA
"ENSMUSG00000110514",2.63443394503122,-1.35436015430691,1.62240097373646,-0.834787562527007,0.403837329875453,NA
"ENSMUSG00000110515",2.15036029734421,-0.258666986580822,1.60748856626971,-0.160913733390389,0.872161345583012,NA
"ENSMUSG00000110518",0,NA,NA,NA,NA,NA
"ENSMUSG00000110519",66.6629234162939,0.121048462079723,0.877901705577751,0.137883844296738,0.89033221882558,0.951061263255568
"ENSMUSG00000110521",1.10998064546337,2.72716012323175,3.70751323858114,0.735576637961089,0.461988384388377,NA
"ENSMUSG00000110522",0.315922299985716,2.13783441081001,7.28540243656374,0.293440812559745,0.769185233789981,NA
"ENSMUSG00000110525",0.726315204662831,2.07576170057939,3.89717937901209,0.532631808471076,0.594288478828536,NA
"ENSMUSG00000110526",0,NA,NA,NA,NA,NA
"ENSMUSG00000110527",0,NA,NA,NA,NA,NA
"ENSMUSG00000110528",71.730310493837,0.61540213462611,0.34840855422759,1.76632326376267,0.0773416308222069,0.219475805847237
"ENSMUSG00000110531",0.069473934188423,2.13079932711583,7.28557815157349,0.29246811753102,0.769928733258515,NA
"ENSMUSG00000110532",3.56828726326531,-0.304201238614737,1.45748497537535,-0.208716551974332,0.834669518099311,NA
"ENSMUSG00000110533",0.937161715422174,-1.29837584585777,3.37872360941417,-0.384279981422598,0.700770943599048,NA
"ENSMUSG00000110535",0,NA,NA,NA,NA,NA
"ENSMUSG00000110536",0.210330859365235,0,7.3561311249555,0,1,NA
"ENSMUSG00000110538",0.695554931561216,-1.65825152890013,4.09179831448908,-0.405262283585254,0.685284727150157,NA
"ENSMUSG00000110543",0.0352597853922181,1.155567702399,7.35595536263211,0.157092810577567,0.875171703562209,NA
"ENSMUSG00000110544",4.63742628233971,0.29814597806153,1.60727557513629,0.185497734597409,0.85283865696289,NA
"ENSMUSG00000110545",10.5603123954821,0.123138439488179,0.842858091420423,0.146096289211225,0.883845375767915,NA
"ENSMUSG00000110546",7.10094228272159,-0.966659925540145,1.36499062720991,-0.708180632357921,0.478833091863837,NA
"ENSMUSG00000110549",0,NA,NA,NA,NA,NA
"ENSMUSG00000110550",3.33545455417831,0.0375642298881788,1.61635302296715,0.023240114847697,0.98145874021824,NA
"ENSMUSG00000110551",0.186976660264692,0.748079661879898,7.27940817021032,0.102766549750745,0.918148254095996,NA
"ENSMUSG00000110553",0,NA,NA,NA,NA,NA
"ENSMUSG00000110555",0,NA,NA,NA,NA,NA
"ENSMUSG00000110557",0.183181884723774,-1.43087103803874,7.3440396627141,-0.194834328755509,0.845522646787891,NA
"ENSMUSG00000110560",0.0355187493373064,1.16171280725677,7.35565536667627,0.157934643392857,0.874508299155349,NA
"ENSMUSG00000110561",0.561275386272669,-1.82596596268833,4.67263418811732,-0.390778710503773,0.695960812752744,NA
"ENSMUSG00000110562",1.31582001242747,0,3.14696016176533,0,1,NA
"ENSMUSG00000110563",0.391774383787945,-1.62820440681494,6.8751402553124,-0.236824900489388,0.812792633193594,NA
"ENSMUSG00000110565",0.0762741728507137,-1.67722791952911,7.35026577604829,-0.228186023557754,0.819501626430621,NA
"ENSMUSG00000110566",0,NA,NA,NA,NA,NA
"ENSMUSG00000110568",0.222000777798288,-3.25842078243531,7.31197919248076,-0.445627742730189,0.655866167244457,NA
"ENSMUSG00000110569",36.957077707941,-2.57184653775601,0.64238044542573,-4.0036189707667,6.23808077707129e-05,NA
"ENSMUSG00000110570",11.0826490094383,0.264039603386873,0.687403727676852,0.38411139299349,0.700895887631577,NA
"ENSMUSG00000110571",0.0833642235994361,1.12960185965592,7.35556269515256,0.153571100739899,0.877947924854861,NA
"ENSMUSG00000110572",0,NA,NA,NA,NA,NA
"ENSMUSG00000110573",0.0406180793754555,0,7.3561311249555,0,1,NA
"ENSMUSG00000110574",0.114517798439915,-0.233581094908909,7.34999703022712,-0.0317797536445659,0.974647692731401,NA
"ENSMUSG00000110576",2.45679149389535,-1.40480847362428,1.75525832535044,-0.800342863118914,0.423512175313368,NA
"ENSMUSG00000110578",0,NA,NA,NA,NA,NA
"ENSMUSG00000110581",0,NA,NA,NA,NA,NA
"ENSMUSG00000110583",0.041372325189651,0,7.3561311249555,0,1,NA
"ENSMUSG00000110585",0.647552788707378,1.34250532421885,4.0220381214741,0.333787319680305,0.738540052634772,NA
"ENSMUSG00000110587",0,NA,NA,NA,NA,NA
"ENSMUSG00000110589",0.534022700009966,-0.211525558887587,6.35825966546959,-0.033267839002603,0.973461000314542,NA
"ENSMUSG00000110590",0.116406611771277,-0.233209054175917,7.34956568423283,-0.0317309980202265,0.974686574482112,NA
"ENSMUSG00000110591",0.278557534015909,0,7.3561311249555,0,1,NA
"ENSMUSG00000110595",4.09588311708085,-0.0584629273459542,1.0627495312215,-0.0550110121232031,0.956129690673314,NA
"ENSMUSG00000110596",0.0380762098104571,-1.67431590235222,7.3501929692546,-0.227792101425878,0.819807867435575,NA
"ENSMUSG00000110597",1.43278327185356,1.0439365985981,3.21361079496129,0.324848485147895,0.745295746966147,NA
"ENSMUSG00000110600",0.119831150000769,-2.48850085129794,7.2967753328767,-0.341041177475429,0.733072582813076,NA
"ENSMUSG00000110601",0.196812358288467,0,7.3561311249555,0,1,NA
"ENSMUSG00000110602",0.0812361587509111,0,7.3561311249555,0,1,NA
"ENSMUSG00000110608",0.761457827092065,-1.8173688623966,4.68055785936972,-0.388280396696415,0.697808542676603,NA
"ENSMUSG00000110609",0,NA,NA,NA,NA,NA
"ENSMUSG00000110610",0.0733251581198553,-0.225702568457004,7.35002021019049,-0.0307077480064718,0.975502612062222,NA
"ENSMUSG00000110612",0.974466886875898,-3.53740599336652,4.71472036182119,-0.750289671899034,0.453080261602407,NA
"ENSMUSG00000110617",0.290771452659201,-2.54501515820609,7.29500127494076,-0.348871105334626,0.727186078515161,NA
"ENSMUSG00000110619",0.0381979668618393,0,7.3561311249555,0,1,NA
"ENSMUSG00000110621",3.23329306042709,1.13087059122094,1.35495521180377,0.83461842972321,0.403932582096207,NA
"ENSMUSG00000110622",0.329434752160474,3.74369897776521,7.23727029329677,0.517280525121835,0.604960346846093,NA
"ENSMUSG00000110627",0.289519354977988,0,7.3561311249555,0,1,NA
"ENSMUSG00000110628",0,NA,NA,NA,NA,NA
"ENSMUSG00000110632",12.5268458870675,1.03882546149384,0.843562408008431,1.2314743421846,0.218145507196421,NA
"ENSMUSG00000110637",0.203373667373438,-0.235284431880855,7.34964275961326,-0.0320130432969827,0.974461649182554,NA
"ENSMUSG00000110639",0.0737151178705333,1.16255414051555,7.35561242787173,0.158049945115437,0.874417442755959,NA
"ENSMUSG00000110641",0,NA,NA,NA,NA,NA
"ENSMUSG00000110642",0.457020868152629,2.12234512552452,7.28578658308222,0.291299381518072,0.7708223604234,NA
"ENSMUSG00000110643",0,NA,NA,NA,NA,NA
"ENSMUSG00000110644",0.127275403921591,-1.66873300196939,7.35005148580856,-0.227036913304808,0.820395038871124,NA
"ENSMUSG00000110645",0.081236158750911,0,7.3561311249555,0,1,NA
"ENSMUSG00000110646",0.0737135354201447,1.1633658764055,7.35557291038867,0.158161150814291,0.874329815543528,NA
"ENSMUSG00000110648",5.1990429547172,0.153025623467298,1.56423687077493,0.0978276540633443,0.922069147935305,NA
"ENSMUSG00000110649",21.1388205867226,0.36986212394202,0.662023808687392,0.558684021765551,0.576377385938356,NA
"ENSMUSG00000110650",0.0380762098104571,-1.67431590235222,7.3501929692546,-0.227792101425878,0.819807867435575,NA
"ENSMUSG00000110651",0.121854238126367,0,7.3561311249555,0,1,NA
"ENSMUSG00000110657",0.309847905442023,1.15610104015869,7.3559673246228,0.157165059215101,0.875114764741802,NA
"ENSMUSG00000110658",0.331510690153358,2.12697496035157,7.28567228190523,0.291939422753636,0.770332940774709,NA
"ENSMUSG00000110659",0.0355187493373064,1.16171280725677,7.35565536667627,0.157934643392857,0.874508299155349,NA
"ENSMUSG00000110660",0.850492644375325,0.294594051610168,3.84251967929448,0.076666894693499,0.938888541206972,NA
"ENSMUSG00000110662",0.0853269776368012,0,7.3561311249555,0,1,NA
"ENSMUSG00000110664",0.0458889004883165,0,7.3561311249555,0,1,NA
"ENSMUSG00000110666",0.333010555320035,2.14616964852586,7.2852021179448,0.294593013862916,0.768304799592055,NA
"ENSMUSG00000110668",0.0839572933772698,0,7.3561311249555,0,1,NA
"ENSMUSG00000110669",34.2238402536086,1.35719158160615,0.601527419672491,2.25624225466743,0.0240554636027515,NA
"ENSMUSG00000110671",0,NA,NA,NA,NA,NA
"ENSMUSG00000110675",0.0793189616648533,0,7.3561311249555,0,1,NA
"ENSMUSG00000110677",0.0814250963728069,0,7.3561311249555,0,1,NA
"ENSMUSG00000110678",0,NA,NA,NA,NA,NA
"ENSMUSG00000110679",5.58640583991114,1.54389890494391,2.4657674948701,0.626133205241739,0.531227574115725,NA
"ENSMUSG00000110680",0.26424885879796,3.15449586620051,7.24923140458932,0.435149009618243,0.663454271442288,NA
"ENSMUSG00000110681",0,NA,NA,NA,NA,NA
"ENSMUSG00000110683",0.306342731241454,0,7.3561311249555,0,1,NA
"ENSMUSG00000110685",11.0310671639502,-0.59267191055012,1.546625656792,-0.383203206249298,0.70156910090507,NA
"ENSMUSG00000110686",8.58533800277814,-0.771557899900312,0.93375078459846,-0.826299600093085,0.408634160299418,NA
"ENSMUSG00000110690",2.95583856512905,-0.940510190332577,1.42532351343383,-0.659857345696024,0.509345378857268,NA
"ENSMUSG00000110691",0.0406180793754555,0,7.3561311249555,0,1,NA
"ENSMUSG00000110694",0.0474375977968173,0,7.3561311249555,0,1,NA
"ENSMUSG00000110699",0.600529547034271,3.44002383545451,7.242226727869,0.474995324603257,0.634790305744224,NA
"ENSMUSG00000110700",0.365424674103322,-1.1117603547737,6.92009366350705,-0.160656836284824,0.872363687379246,NA
"ENSMUSG00000110701",0.0710374986746129,2.16226366003378,7.28481246100722,0.296818026765623,0.766605441993722,NA
"ENSMUSG00000110705",0,NA,NA,NA,NA,NA
"ENSMUSG00000110707",0.74436492453431,-1.89541717521636,3.00832562215873,-0.630057185716565,0.528657170237931,NA
"ENSMUSG00000110708",0.176332145120801,0,7.3561311249555,0,1,NA
"ENSMUSG00000110714",0.198216582407253,1.15939656083643,7.35576635048307,0.157617371949327,0.87475831385261,NA
"ENSMUSG00000110715",0.261059141494665,0,7.3561311249555,0,1,NA
"ENSMUSG00000110719",0.196384071503657,-3.54699765950019,7.25429560394038,-0.4889513542257,0.624876137071391,NA
"ENSMUSG00000110720",838.128392564149,1.28539498231276,0.367224315737739,3.50029921011753,0.000464736200449297,0.0135513785883224
"ENSMUSG00000110723",0.22211052742072,-1.86959533874784,7.34188648445881,-0.254647813297763,0.798995126542383,NA
"ENSMUSG00000110725",0,NA,NA,NA,NA,NA
"ENSMUSG00000110726",0.0924601818247947,0,7.3561311249555,0,1,NA
"ENSMUSG00000110732",3.96668929805824,0.624222470371402,1.62086359307093,0.385117213465654,0.700150575269879,NA
"ENSMUSG00000110734",0.0355187493373064,1.16171280725677,7.35565536667627,0.157934643392857,0.874508299155349,NA
"ENSMUSG00000110736",0,NA,NA,NA,NA,NA
"ENSMUSG00000110739",0.166489507389064,-1.64567823171018,7.34946737652945,-0.223918026626754,0.822821088632731,NA
"ENSMUSG00000110744",0.47011028331336,1.15261898214667,6.50553646163699,0.177175086012298,0.859370864539625,NA
"ENSMUSG00000110745",0.381653275419255,1.12682512071206,7.35549202488377,0.153195070690036,0.878244444809306,NA
"ENSMUSG00000110748",0,NA,NA,NA,NA,NA
"ENSMUSG00000110753",0.0488582735869228,-1.88445199085273,7.34129618423011,-0.256691998737325,0.797416548724726,NA
"ENSMUSG00000110756",0.0927728663855858,0,7.3561311249555,0,1,NA
"ENSMUSG00000110757",0.0380762098104571,-1.67431590235222,7.3501929692546,-0.227792101425878,0.819807867435575,NA
"ENSMUSG00000110759",1.52572604663056,0.455177440764498,1.78763073095966,0.254626099720351,0.799011898803698,NA
"ENSMUSG00000110761",129.873366891906,0.719032691855349,0.324751948329993,2.21409816185217,0.0268220270631463,0.114381250008283
"ENSMUSG00000110762",0.217397995083327,-1.87146554002957,7.34181033858857,-0.254905187374991,0.798796329644034,NA
"ENSMUSG00000110768",0.171394026943133,0,7.3561311249555,0,1,NA
"ENSMUSG00000110769",0,NA,NA,NA,NA,NA
"ENSMUSG00000110770",0.135836037312105,-1.86727078805874,7.34197935877798,-0.254327981163044,0.799242184480798,NA
"ENSMUSG00000110776",0.110787463647263,1.15185952649814,7.35612834081327,0.156585023144225,0.875571906729208,NA
"ENSMUSG00000110778",0.529251028760706,0.281093654712923,4.60715595511478,0.0610124027602882,0.951349331484271,NA
"ENSMUSG00000110780",0.155130339066053,-3.10458187563571,7.26845851617071,-0.427130713992341,0.669284123127065,NA
"ENSMUSG00000110782",0.0761887737649276,1.14987077307254,7.35607932701699,0.156315711393888,0.875784172668139,NA
"ENSMUSG00000110786",1.75932854304295,-1.68281404165315,2.51130607373373,-0.670095158552777,0.502797130994806,NA
"ENSMUSG00000110787",0,NA,NA,NA,NA,NA
"ENSMUSG00000110788",0.121854238126367,0,7.3561311249555,0,1,NA
"ENSMUSG00000110792",0.0355838956388991,0,7.3561311249555,0,1,NA
"ENSMUSG00000110793",0.081236158750911,0,7.3561311249555,0,1,NA
"ENSMUSG00000110801",0.0444816915190641,0,7.3561311249555,0,1,NA
"ENSMUSG00000110804",0.32986232597867,0.213256000226905,7.13841945411223,0.0298744002923581,0.976167222341613,NA
"ENSMUSG00000110808",0.073667559831384,-1.67695775180025,7.35025902709367,-0.228149476857733,0.819530037228547,NA
"ENSMUSG00000110809",0.167361369843214,0,7.3561311249555,0,1,NA
"ENSMUSG00000110810",0.0380762098104571,-1.67431590235222,7.3501929692546,-0.227792101425878,0.819807867435575,NA
"ENSMUSG00000110811",0,NA,NA,NA,NA,NA
"ENSMUSG00000110812",3.24608181339157,0.128423695066662,2.31045426354433,0.0555837425968586,0.955673416008982,NA
"ENSMUSG00000110816",0.561803141399639,-2.50857410244214,6.02542803243236,-0.416331269569486,0.677167614141666,NA
"ENSMUSG00000110819",0.239026410527811,-0.226209854256408,7.34956549070567,-0.0307786704591551,0.975446050867803,NA
"ENSMUSG00000110822",0.0406180793754555,0,7.3561311249555,0,1,NA
"ENSMUSG00000110825",5.18725961562625,-0.887846334293569,1.09690919761494,-0.809407320336138,0.418280892903398,NA
"ENSMUSG00000110828",0.035583895638899,0,7.3561311249555,0,1,NA
"ENSMUSG00000110829",5.49489656981155,0.289295976992625,0.978935441051404,0.29552099644274,0.767595915340476,NA
"ENSMUSG00000110833",0,NA,NA,NA,NA,NA
"ENSMUSG00000110837",0,NA,NA,NA,NA,NA
"ENSMUSG00000110840",2.63627526257201,1.40326476819207,1.56270849794983,0.897969627754032,0.36920174198623,NA
"ENSMUSG00000110841",6.52481287017182,-0.798444839849942,6.04765994667382,-0.132025419234936,0.894964186093422,NA
"ENSMUSG00000110845",1.52234565036614,-0.814081044676896,1.75236227113235,-0.464562070347959,0.642245099853011,NA
"ENSMUSG00000110846",0.155735324932624,-0.230858521246122,7.34997636215295,-0.0314094236322822,0.974943025888685,NA
"ENSMUSG00000110847",0.205251601125121,0,7.3561311249555,0,1,NA
"ENSMUSG00000110849",0,NA,NA,NA,NA,NA
"ENSMUSG00000110854",0,NA,NA,NA,NA,NA
"ENSMUSG00000110855",0,NA,NA,NA,NA,NA
"ENSMUSG00000110856",0,NA,NA,NA,NA,NA
"ENSMUSG00000110857",0,NA,NA,NA,NA,NA
"ENSMUSG00000110858",0,NA,NA,NA,NA,NA
"ENSMUSG00000110865",0,NA,NA,NA,NA,NA
"ENSMUSG00000110867",0.0822018274922083,0,7.3561311249555,0,1,NA
"ENSMUSG00000110870",0,NA,NA,NA,NA,NA
"ENSMUSG00000110872",0.171385592385514,0,7.3561311249555,0,1,NA
"ENSMUSG00000110873",0,NA,NA,NA,NA,NA
"ENSMUSG00000110875",0,NA,NA,NA,NA,NA
"ENSMUSG00000110878",0.114228629431371,-3.13863321915088,7.26774571323647,-0.431857874916372,0.665844712909321,NA
"ENSMUSG00000110879",0.081236158750911,0,7.3561311249555,0,1,NA
"ENSMUSG00000110880",0.304609678483656,-4.55026594716457,7.23381148369925,-0.62902744388877,0.529331089459751,NA
"ENSMUSG00000110881",0.344511780805447,-2.6929300023056,7.24016054865282,-0.371943409846992,0.709934983651296,NA
"ENSMUSG00000110882",0.0425774740632087,0,7.3561311249555,0,1,NA
"ENSMUSG00000110885",0,NA,NA,NA,NA,NA
"ENSMUSG00000110886",0,NA,NA,NA,NA,NA
"ENSMUSG00000110887",0.606867975234881,1.13911500812612,4.81713541068309,0.23647145263965,0.813066856678332,NA
"ENSMUSG00000110889",0.918629860445901,0,6.44954804089423,0,1,NA
"ENSMUSG00000110892",0,NA,NA,NA,NA,NA
"ENSMUSG00000110897",0.15321919214252,1.15085504580129,7.3561034074311,0.156449003237054,0.875679113682591,NA
"ENSMUSG00000110908",0.978525475726515,-0.722687805410278,3.11591311564211,-0.231934517616147,0.816588874241385,NA
"ENSMUSG00000110912",0.0410826440564989,0,7.3561311249555,0,1,NA
"ENSMUSG00000110913",0.266875293163924,-0.663586242888812,7.19647815009045,-0.0922098600244442,0.926531304256271,NA
"ENSMUSG00000110918",1.32189637443102,0,5.77730310875111,0,1,NA
"ENSMUSG00000110919",0,NA,NA,NA,NA,NA
"ENSMUSG00000110920",0.0762754461314739,-1.68131893275678,7.35036950088135,-0.228739375966771,0.819071488425694,NA
"ENSMUSG00000110926",1.22106892330004,-2.88930928188373,5.97726356263518,-0.483383282601969,0.62882361594991,NA
"ENSMUSG00000110927",0.0458889004883165,0,7.3561311249555,0,1,NA
"ENSMUSG00000110930",0.127483428317604,0,7.3561311249555,0,1,NA
"ENSMUSG00000110932",0,NA,NA,NA,NA,NA
"ENSMUSG00000110935",0.0444816915190641,0,7.3561311249555,0,1,NA
"ENSMUSG00000110936",0.141039141568873,3.15200050475122,7.24939342034489,0.434795067943941,0.66371118519694,NA
"ENSMUSG00000110940",0.111774796670261,-1.11610806863391,7.2942368242781,-0.15301231582159,0.878388563040658,NA
"ENSMUSG00000110941",0.0401195893247821,0,7.3561311249555,0,1,NA
"ENSMUSG00000110942",0.0400922426516566,0,7.3561311249555,0,1,NA
"ENSMUSG00000110943",0.259178441966179,1.15324220785811,7.35589612417145,0.156777935467109,0.875419862736759,NA
"ENSMUSG00000110944",0.0406180793754555,0,7.3561311249555,0,1,NA
"ENSMUSG00000110947",0.306868394276572,-3.72738736229755,7.26975164575599,-0.5127255433098,0.608143319278124,NA
"ENSMUSG00000110949",297.982787769278,-0.543275979648531,0.288414213414461,-1.8836657639609,0.0596102001486235,0.187181330517517
"ENSMUSG00000110952",0,NA,NA,NA,NA,NA
"ENSMUSG00000110953",0.0735992493319929,-0.230877836371918,7.34986238779818,-0.031412538655854,0.974940541685292,NA
"ENSMUSG00000110957",0,NA,NA,NA,NA,NA
"ENSMUSG00000110960",2.90315997838425,-3.17083187789505,2.35675315092544,-1.34542384154655,0.17848840025948,NA
"ENSMUSG00000110962",0.850074566239356,3.47288232263796,3.65771254376827,0.94946835790986,0.342382457809008,NA
"ENSMUSG00000110964",0.883539298334974,-2.51389566182057,3.45252256198297,-0.728133014828644,0.466532165649317,NA
"ENSMUSG00000110966",0.201224053496948,-2.533738328018,7.29535176959718,-0.347308588816397,0.728359498983971,NA
"ENSMUSG00000110968",0.24951474751201,-1.66428975823305,7.3499388899888,-0.226435863364789,0.820862437254871,NA
"ENSMUSG00000110970",0.3790088352519,3.17191091317452,7.25505941199529,0.437199853653876,0.66196641586838,NA
"ENSMUSG00000110973",3.65143173752878,0.334549335571853,1.46940023569448,0.22767747509836,0.819896984834706,NA
"ENSMUSG00000110977",0.081236158750911,0,7.3561311249555,0,1,NA
"ENSMUSG00000110978",0.075621198174631,1.15877622092952,7.3557985812407,0.15753234786563,0.8748253162421,NA
"ENSMUSG00000110983",0.0795187220023327,-1.65808360616424,7.34978155628274,-0.225596311055922,0.821515410246369,NA
"ENSMUSG00000110985",0.0355187493373065,1.16171280725677,7.35565536667627,0.157934643392857,0.874508299155349,NA
"ENSMUSG00000110987",0.20075598767468,1.15130476569888,7.35611487306473,0.156509894905871,0.875631120349729,NA
"ENSMUSG00000110989",0,NA,NA,NA,NA,NA
"ENSMUSG00000110991",0,NA,NA,NA,NA,NA
"ENSMUSG00000110995",0.12027672795497,0,7.3561311249555,0,1,NA
"ENSMUSG00000110999",0.0827533760082119,0,7.3561311249555,0,1,NA
"ENSMUSG00000111001",0.788155307754833,1.14918461794769,3.56644020309753,0.322221754047524,0.747284705294608,NA
"ENSMUSG00000111004",2.0305750904121,3.54648880742339,2.42042325023924,1.46523497783821,0.142856819622133,NA
"ENSMUSG00000111010",0,NA,NA,NA,NA,NA
"ENSMUSG00000111012",4.41517587449652,0.348520343807159,1.47217663368893,0.236738130351824,0.812859951918559,NA
"ENSMUSG00000111015",0.319901818716109,0.765968460346603,7.27898351419428,0.105230140836689,0.916193194560699,NA
"ENSMUSG00000111018",0.0381979668618393,0,7.3561311249555,0,1,NA
"ENSMUSG00000111019",0.0917778009766329,0,7.35613112495549,0,1,NA
"ENSMUSG00000111021",1.06100153568594,1.76670739221789,6.90412396719505,0.255891609219707,0.798034533847642,NA
"ENSMUSG00000111023",47.1800277821283,0.496165379692351,0.522957922715468,0.948767306394373,0.342738973298814,NA
"ENSMUSG00000111025",0,NA,NA,NA,NA,NA
"ENSMUSG00000111027",0,NA,NA,NA,NA,NA
"ENSMUSG00000111029",0.0355187493373064,1.16171280725677,7.35565536667627,0.157934643392857,0.874508299155349,NA
"ENSMUSG00000111031",0,NA,NA,NA,NA,NA
"ENSMUSG00000111032",1.444327051422,2.28633745017907,2.19676080392718,1.04077669543801,0.297979198351191,NA
"ENSMUSG00000111036",0.141690043217665,2.16943357057539,7.28489101623455,0.297799042668004,0.765856545262702,NA
"ENSMUSG00000111041",0.041372325189651,0,7.3561311249555,0,1,NA
"ENSMUSG00000111042",0.331007666467054,-2.93410787063659,7.25156297689152,-0.404617305260492,0.685758836137099,NA
"ENSMUSG00000111046",0.130802227518085,0,7.3561311249555,0,1,NA
"ENSMUSG00000111047",0.449993787746807,0.85222486754944,5.14710877521551,0.165573510249695,0.86849259527179,NA
"ENSMUSG00000111048",0,NA,NA,NA,NA,NA
"ENSMUSG00000111051",0,NA,NA,NA,NA,NA
"ENSMUSG00000111057",0.154619663708289,-1.67138689831261,7.35011780763037,-0.227395933243069,0.820115882270745,NA
"ENSMUSG00000111060",0.649973863342972,-0.18288597734337,6.68726627874958,-0.0273483916626043,0.978181860320177,NA
"ENSMUSG00000111063",3.50560329851008,0.935141794762256,1.24768920431616,0.74949898702922,0.453556508959488,NA
"ENSMUSG00000111064",80.9172393926908,1.14892551746942,0.625720364586384,1.83616449534752,0.0663333319614728,0.199663164658973
"ENSMUSG00000111071",0,NA,NA,NA,NA,NA
"ENSMUSG00000111072",0.0419195223311899,0,7.3561311249555,0,1,NA
"ENSMUSG00000111073",0,NA,NA,NA,NA,NA
"ENSMUSG00000111075",0,NA,NA,NA,NA,NA
"ENSMUSG00000111081",0.0820409687257304,0,7.3561311249555,0,1,NA
"ENSMUSG00000111084",0,NA,NA,NA,NA,NA
"ENSMUSG00000111087",2.3718102260314,-1.11824001515458,2.44073760375036,-0.458156588990282,0.646839945538314,NA
"ENSMUSG00000111092",0.127058809795649,0,7.3561311249555,0,1,NA
"ENSMUSG00000111093",0,NA,NA,NA,NA,NA
"ENSMUSG00000111095",0,NA,NA,NA,NA,NA
"ENSMUSG00000111096",0,NA,NA,NA,NA,NA
"ENSMUSG00000111104",0.0789818383937639,1.1384307196791,7.35578769955613,0.154766663500607,0.877005273165414,NA
"ENSMUSG00000111105",0,NA,NA,NA,NA,NA
"ENSMUSG00000111106",0.129123851754962,0,7.3561311249555,0,1,NA
"ENSMUSG00000111108",0,NA,NA,NA,NA,NA
"ENSMUSG00000111112",0.609351693141044,-0.124974593417494,4.11854635295336,-0.0303443454819627,0.975792430260802,NA
"ENSMUSG00000111114",0.0406180793754555,0,7.3561311249555,0,1,NA
"ENSMUSG00000111118",29.0101686073851,0.211868226622552,0.673291107086683,0.31467551612155,0.753008035843691,NA
"ENSMUSG00000111119",0.1485043584506,2.15766400002443,7.28492155504609,0.296182187237125,0.767090951415113,NA
"ENSMUSG00000111120",0,NA,NA,NA,NA,NA
"ENSMUSG00000111121",1.47730487428117,0.744380584797175,1.7946291250831,0.414782405118219,0.678301201063497,NA
"ENSMUSG00000111122",0.126200913444013,-1.6694271250562,7.35006907995891,-0.227130807465218,0.820322029098626,NA
"ENSMUSG00000111124",0,NA,NA,NA,NA,NA
"ENSMUSG00000111127",0.0355187493373064,1.16171280725677,7.35565536667627,0.157934643392857,0.874508299155349,NA
"ENSMUSG00000111132",0,NA,NA,NA,NA,NA
"ENSMUSG00000111133",0.685639404716766,0,7.3561311249555,0,1,NA
"ENSMUSG00000111135",0,NA,NA,NA,NA,NA
"ENSMUSG00000111137",0.0381979668618393,0,7.3561311249555,0,1,NA
"ENSMUSG00000111139",0,NA,NA,NA,NA,NA
"ENSMUSG00000111141",0.204567087140429,-1.67082309494898,7.3501044291639,-0.227319640292381,0.820175202086429,NA
"ENSMUSG00000111148",1.34372847929426,0,5.13882682928305,0,1,NA
"ENSMUSG00000111151",0.440693403906546,-3.87112454817265,7.24609467167098,-0.534235988291325,0.593178273122155,NA
"ENSMUSG00000111152",0.0401195893247821,0,7.3561311249555,0,1,NA
"ENSMUSG00000111153",0,NA,NA,NA,NA,NA
"ENSMUSG00000111154",0.0380762098104571,-1.67431590235222,7.3501929692546,-0.227792101425878,0.819807867435575,NA
"ENSMUSG00000111159",0.0800355743649903,1.15654908043049,7.35590737460941,0.157227249002968,0.875065753772526,NA
"ENSMUSG00000111161",1.31174264344723,-1.05134654778023,2.39742642191165,-0.438531309312054,0.661001178975105,NA
"ENSMUSG00000111162",4.14680506858502,1.03426642071453,1.64791999997712,0.627619314486682,0.530253352891358,NA
"ENSMUSG00000111163",29.5947463300008,0.308450483428599,0.521486738817287,0.591482890107912,0.554196915970774,NA
"ENSMUSG00000111164",114.847334806714,0.534176124835172,0.580624470033576,0.920002777017445,0.357571308037364,0.56680442269874
"ENSMUSG00000111166",0.0425774740632087,0,7.3561311249555,0,1,NA
"ENSMUSG00000111168",0.0401195893247821,0,7.3561311249555,0,1,NA
"ENSMUSG00000111173",0.957758397730147,-1.09101891775285,3.18281265928936,-0.342784522541282,0.731760570525059,NA
"ENSMUSG00000111174",0.792294164721224,3.21996865376217,6.46576867759393,0.498002451730209,0.618482314123823,NA
"ENSMUSG00000111175",0.0380762098104571,-1.67431590235222,7.3501929692546,-0.227792101425878,0.819807867435575,NA
"ENSMUSG00000111177",0.200343161318448,-1.67227123895119,7.35014012586106,-0.227515558930285,0.820022872162031,NA
"ENSMUSG00000111179",0.0355187493373065,1.16171280725677,7.35565536667627,0.157934643392857,0.874508299155349,NA
"ENSMUSG00000111181",0.474980837467068,2.11370097053269,6.46039621394358,0.327178225690037,0.743533088789389,NA
"ENSMUSG00000111184",0.0400922426516566,0,7.3561311249555,0,1,NA
"ENSMUSG00000111188",0.0380762098104571,-1.67431590235222,7.3501929692546,-0.227792101425878,0.819807867435575,NA
"ENSMUSG00000111190",0.0352597853922181,1.155567702399,7.35595536263211,0.157092810577567,0.875171703562209,NA
"ENSMUSG00000111191",0.0735971409980722,-0.229075160388969,7.34979166198179,-0.0311675719427402,0.975135901184621,NA
"ENSMUSG00000111194",0,NA,NA,NA,NA,NA
"ENSMUSG00000111196",0,NA,NA,NA,NA,NA
"ENSMUSG00000111197",0.894550907311597,-1.66710724817097,3.69356463863224,-0.451354561589131,0.651734026542231,NA
"ENSMUSG00000111201",0.0380762098104571,-1.67431590235222,7.3501929692546,-0.227792101425878,0.819807867435575,NA
"ENSMUSG00000111207",1.11528369875813,0.289274268989454,2.22672234715711,0.129910345292386,0.896637359294629,NA
"ENSMUSG00000111209",0.116734986171033,-2.55486682330571,7.29470113806343,-0.350235982934863,0.726161604327243,NA
"ENSMUSG00000111210",0,NA,NA,NA,NA,NA
"ENSMUSG00000111213",2.57649308009779,-0.0037521656538206,2.1761822106482,-0.0017241964553616,0.998624290950106,NA
"ENSMUSG00000111216",0.126365032716541,-1.61758139295141,7.34875582545183,-0.22011636137767,0.825780532748023,NA
"ENSMUSG00000111217",0.0355187493373064,1.16171280725677,7.35565536667627,0.157934643392857,0.874508299155349,NA
"ENSMUSG00000111224",0.0355187493373064,1.16171280725677,7.35565536667627,0.157934643392857,0.874508299155349,NA
"ENSMUSG00000111228",6441.88682182191,0.155918787442044,0.296556369291487,0.525764419811841,0.599051898538531,0.766273978620489
"ENSMUSG00000111238",0.301424243405,0,7.3561311249555,0,1,NA
"ENSMUSG00000111239",0.152304839241828,-3.55232820134153,7.25421207485117,-0.489691804525086,0.624352002042539,NA
"ENSMUSG00000111241",1.7256376555268,0.886428902964439,3.34740845155055,0.264810499165059,0.791155448392147,NA
"ENSMUSG00000111242",0.156129805875465,2.15667526894669,7.28494730454449,0.296045417871632,0.767195396663819,NA
"ENSMUSG00000111244",0.640544243343235,3.4629410101601,5.13601642530038,0.674246482760725,0.500154622067136,NA
"ENSMUSG00000111248",0,NA,NA,NA,NA,NA
"ENSMUSG00000111249",0.245230094492381,-0.210173176113526,7.34891257825048,-0.0285992211603586,0.977184233255577,NA
"ENSMUSG00000111251",0.577753158087701,2.72537147545536,5.99929734929245,0.45428177947819,0.649626028584673,NA
"ENSMUSG00000111252",0,NA,NA,NA,NA,NA
"ENSMUSG00000111257",0.352449142311751,0.791267729297106,7.27862528566023,0.108711150559708,0.913431597408443,NA
"ENSMUSG00000111259",6.04197745767141,1.2288445311528,1.15310001107098,1.06568772817153,0.286564826912499,NA
"ENSMUSG00000111260",0.0488582735869228,-1.88445199085272,7.34129618423011,-0.256691998737325,0.797416548724726,NA
"ENSMUSG00000111263",0.108863645426712,2.15846943239279,7.2851577874866,0.296283141059799,0.767013859765995,NA
"ENSMUSG00000111267",2.02961217991535,2.66238901278602,2.15483129756421,1.23554406128941,0.216628088731027,NA
"ENSMUSG00000111269",306.43813452262,0.220150035110537,0.467634953471531,0.470773267644417,0.63780265642862,0.793540498275256
"ENSMUSG00000111272",0.0781946324019133,1.14829216121088,7.3560390440727,0.156101966606083,0.875952648240442,NA
"ENSMUSG00000111273",9.55879454138052,-0.478345421590668,1.13933543104418,-0.419845998427585,0.674597959386343,NA
"ENSMUSG00000111286",0,NA,NA,NA,NA,NA
"ENSMUSG00000111295",0.035583895638899,0,7.3561311249555,0,1,NA
"ENSMUSG00000111297",0.178771047665248,-1.86222944564634,7.3421812574989,-0.253634360190218,0.799778048843143,NA
"ENSMUSG00000111298",0.0463864331927929,0,7.3561311249555,0,1,NA
"ENSMUSG00000111300",0,NA,NA,NA,NA,NA
"ENSMUSG00000111301",2.28542318836574,0.158471936086148,1.47401040523102,0.107510730944475,0.914383812603308,NA
"ENSMUSG00000111302",0,NA,NA,NA,NA,NA
"ENSMUSG00000111305",0,NA,NA,NA,NA,NA
"ENSMUSG00000111306",1.86229551270535,-0.548089836189994,1.91779384746324,-0.285791841972472,0.775037556814154,NA
"ENSMUSG00000111309",0.12506492024424,-0.451185746803975,7.34088006551413,-0.0614620784943141,0.950991214261361,NA
"ENSMUSG00000111310",0,NA,NA,NA,NA,NA
"ENSMUSG00000111313",0.244407857298411,0.768242593497262,7.27892462380304,0.105543419282707,0.915944618754144,NA
"ENSMUSG00000111315",0,NA,NA,NA,NA,NA
"ENSMUSG00000111316",0.122121176626588,0,7.3561311249555,0,1,NA
"ENSMUSG00000111317",0.162210661091211,0,7.3561311249555,0,1,NA
"ENSMUSG00000111320",0,NA,NA,NA,NA,NA
"ENSMUSG00000111322",0,NA,NA,NA,NA,NA
"ENSMUSG00000111326",35.4605261243973,-0.0842763749009425,0.541048080342759,-0.155765038196888,0.876218229667343,NA
"ENSMUSG00000111327",80.4267091429617,-0.0317647556860759,0.983045165399448,-0.0323126106552476,0.974222752608302,0.993622772341422
"ENSMUSG00000111330",2.72309854052816,0.721104128344556,2.17137988843494,0.332094873027632,0.739817621387569,NA
"ENSMUSG00000111333",27.7765725258945,0.795191424564299,0.716316380412973,1.11011202076079,0.266950757912189,NA
"ENSMUSG00000111336",0.679712148494566,-1.84809614913515,4.56971470399686,-0.404422654114211,0.685901944110203,NA
"ENSMUSG00000111337",0.0425919574685933,0,7.3561311249555,0,1,NA
"ENSMUSG00000111338",0,NA,NA,NA,NA,NA
"ENSMUSG00000111344",0.731813068591128,-0.915881531561139,7.12905813496231,-0.128471603712905,0.897775768935984,NA
"ENSMUSG00000111346",0.0407969102058399,0,7.3561311249555,0,1,NA
"ENSMUSG00000111349",0.562509761788034,4.13647921358508,7.23145986708889,0.572011639366295,0.567314089305379,NA
"ENSMUSG00000111350",0,NA,NA,NA,NA,NA
"ENSMUSG00000111351",1.42634843735481,-0.261022104455053,2.03455114798349,-0.128294687854744,0.897915768844889,NA
"ENSMUSG00000111352",0.073601785478102,-0.232995401128086,7.34994551119405,-0.0317002895835392,0.974711063949775,NA
"ENSMUSG00000111353",0.0406180793754555,0,7.3561311249555,0,1,NA
"ENSMUSG00000111355",0.20886036984153,0,7.3561311249555,0,1,NA
"ENSMUSG00000111356",6.56618383133156,-0.832196078231551,0.994009754041735,-0.837211179113449,0.402473874790943,NA
"ENSMUSG00000111373",0,NA,NA,NA,NA,NA
"ENSMUSG00000111374",0,NA,NA,NA,NA,NA
"ENSMUSG00000111375",40.7967296417867,2.01117758156618,0.589357787669087,3.41249004194955,0.00064372278803452,NA
"ENSMUSG00000111376",0.0380762098104571,-1.67431590235222,7.3501929692546,-0.227792101425878,0.819807867435575,NA
"ENSMUSG00000111380",0.207846624916634,1.1486358183679,7.35577874342041,0.156154209966597,0.875911469032452,NA
"ENSMUSG00000111381",0.220474695875843,1.13683951191214,7.25760438706891,0.156641151994683,0.87552766825948,NA
"ENSMUSG00000111382",0.162923415054342,1.12966250800101,7.35556077088011,0.153579386152749,0.877941391553066,NA
"ENSMUSG00000111383",0.134974208092839,0,7.3561311249555,0,1,NA
"ENSMUSG00000111384",0.044481691519064,0,7.3561311249555,0,1,NA
"ENSMUSG00000111388",0.872476389147161,-3.3699031802031,3.47637146009215,-0.969373733183788,0.332358752959833,NA
"ENSMUSG00000111395",0,NA,NA,NA,NA,NA
"ENSMUSG00000111396",0.0806940513089598,-1.6692631214534,7.35006494520478,-0.227108622018699,0.820339279811638,NA
"ENSMUSG00000111404",0,NA,NA,NA,NA,NA
"ENSMUSG00000111405",0.732268943588534,0.740913006731409,7.11735717810255,0.104099455484814,0.917090422971863,NA
"ENSMUSG00000111406",0,NA,NA,NA,NA,NA
"ENSMUSG00000111409",0.505973196345568,-4.82049727995056,7.23024440717993,-0.666712908786819,0.504955531643135,NA
"ENSMUSG00000111410",0.258207232307702,0,7.3561311249555,0,1,NA
"ENSMUSG00000111411",0,NA,NA,NA,NA,NA
"ENSMUSG00000111414",0.941307302050733,-3.1635240224772,3.41485316372079,-0.926401186465732,0.354237527749703,NA
"ENSMUSG00000111416",1.46141487047171,3.70234754109237,5.47105186514437,0.676715855077107,0.498586254833159,NA
"ENSMUSG00000111418",0.140042198589242,-2.91172387942737,7.27723163303759,-0.40011422286032,0.689072388963822,NA
"ENSMUSG00000111420",0.168540528354314,0,7.3561311249555,0,1,NA
"ENSMUSG00000111423",0,NA,NA,NA,NA,NA
"ENSMUSG00000111425",4.07843597681665,0.746496216636998,1.66730669967842,0.447725794409018,0.654351103407246,NA
"ENSMUSG00000111426",0,NA,NA,NA,NA,NA
"ENSMUSG00000111427",2.1265589635601,-1.29696210838128,1.57892973095926,-0.821418510875289,0.411407923216391,NA
"ENSMUSG00000111428",0.166632723954065,1.1240966850229,7.35542242807847,0.152825578138353,0.878535826233354,NA
"ENSMUSG00000111430",0,NA,NA,NA,NA,NA
"ENSMUSG00000111431",0.160691716718916,1.11607591132239,7.3552180646932,0.151739336822632,0.879392530096008,NA
"ENSMUSG00000111432",2.34258034315251,2.70734278525705,2.34016639020815,1.15690183253006,0.247312469953335,NA
"ENSMUSG00000111436",50.1532820729798,0.585003883935198,1.00472899973265,0.582250421845952,0.56039801483875,NA
"ENSMUSG00000111437",1.70231757354043,1.73959889946587,1.9493599791946,0.892394897829292,0.372181304911822,NA
"ENSMUSG00000111438",0.291771472863841,2.7242787833193,7.2614231414703,0.375171468490911,0.707532947891426,NA
"ENSMUSG00000111440",0.119504310110505,0,7.3561311249555,0,1,NA
"ENSMUSG00000111441",0.0355187493373064,1.16171280725677,7.35565536667627,0.157934643392857,0.874508299155349,NA
"ENSMUSG00000111446",4.12686953471246,-0.279393678735305,1.4829418963567,-0.188405007250602,0.850559174769368,NA
"ENSMUSG00000111448",8.82211713252029,0.544496644167527,0.70897783737195,0.768002348544314,0.442485789619526,NA
"ENSMUSG00000111451",1.39858167587536,-1.48995899200242,2.1044722236685,-0.707996511070664,0.478947424109383,NA
"ENSMUSG00000111453",0.126710251027684,0,7.3561311249555,0,1,NA
"ENSMUSG00000111454",0.17034741054969,-2.80128897119367,7.28774187829856,-0.384383670274513,0.700694101874807,NA
"ENSMUSG00000111455",0.0355838956388991,0,7.3561311249555,0,1,NA
"ENSMUSG00000111456",2.54221894624308,0.345565616435425,1.64726936896854,0.209780879159919,0.833838697224684,NA
"ENSMUSG00000111457",0.700830269042599,2.14302389262813,3.3714677780271,0.635635288165849,0.525014163578557,NA
"ENSMUSG00000111458",0,NA,NA,NA,NA,NA
"ENSMUSG00000111459",7.36992305796991,0.208162080154656,1.17538730641857,0.177100840733877,0.859429181554637,NA
"ENSMUSG00000111460",0,NA,NA,NA,NA,NA
"ENSMUSG00000111464",0.11140981463239,2.15552184538177,7.28506251120082,0.295882408979696,0.767319885504449,NA
"ENSMUSG00000111466",0.2039845510292,0,7.3561311249555,0,1,NA
"ENSMUSG00000111472",138.8585868743,0.503025970716537,1.09263698815578,0.460377944522615,0.645244962848084,0.798150643292921
"ENSMUSG00000111473",0.111618128043122,2.16051824676549,7.28485453479294,0.296576717688282,0.766789688131724,NA
"ENSMUSG00000111477",7.26330617395429,-0.499679041491298,1.28165639444254,-0.389869737051196,0.696632873011321,NA
"ENSMUSG00000111478",0.205205079655725,0,7.3561311249555,0,1,NA
"ENSMUSG00000111480",0.0401195893247821,0,7.3561311249555,0,1,NA
"ENSMUSG00000111483",3.04180210897788,0.416941342579913,1.69696299733162,0.24569854689556,0.805915597133614,NA
"ENSMUSG00000111484",0,NA,NA,NA,NA,NA
"ENSMUSG00000111485",102.945501293291,0.305210860545594,0.894319865065068,0.341277067040647,0.732895010553288,0.855332606767326
"ENSMUSG00000111492",0,NA,NA,NA,NA,NA
"ENSMUSG00000111493",0,NA,NA,NA,NA,NA
"ENSMUSG00000111495",0.279803093736279,1.15815259942237,7.35582714969407,0.157446956794049,0.874892608736026,NA
"ENSMUSG00000111497",37.8686383297975,-0.992506045653633,0.935676750522821,-1.06073603421166,0.288809879085561,NA
"ENSMUSG00000111499",0,NA,NA,NA,NA,NA
"ENSMUSG00000111506",2.15415293885508,0.957108426668249,2.18151334608842,0.438735994159466,0.660852842915563,NA
"ENSMUSG00000111507",0,NA,NA,NA,NA,NA
"ENSMUSG00000111508",0.0851015828217855,0,7.3561311249555,0,1,NA
"ENSMUSG00000111512",0.382126886516829,-1.29850397759923,6.82305534143794,-0.19031121874582,0.849065263018638,NA
"ENSMUSG00000111515",4.06706833569512,0.240343897800509,1.12157479247288,0.214291458236674,0.830319778672211,NA
"ENSMUSG00000111517",25.4163856665806,0.845141324217552,0.656124481702025,1.28808076483476,0.197717850345561,NA
"ENSMUSG00000111518",0,NA,NA,NA,NA,NA
"ENSMUSG00000111526",0,NA,NA,NA,NA,NA
"ENSMUSG00000111529",50.514641219599,3.11221717587994,1.63143425179842,1.9076571258996,0.0564355465173948,NA
"ENSMUSG00000111530",0.463474815979525,-1.65443839864173,5.71217936385911,-0.289633481943746,0.772096649492083,NA
"ENSMUSG00000111534",0.186728255006047,0,7.3561311249555,0,1,NA
"ENSMUSG00000111537",0.516480592377322,0.467637868727926,5.38761510075296,0.0867986780760509,0.930831538402158,NA
"ENSMUSG00000111541",0,NA,NA,NA,NA,NA
"ENSMUSG00000111542",0.0763816457864917,1.14794764624569,7.35603023737535,0.156055319133011,0.87598941694758,NA
"ENSMUSG00000111543",0,NA,NA,NA,NA,NA
"ENSMUSG00000111545",0.105754613811486,1.17856469883356,7.35534616502018,0.160232390480608,0.872698015106416,NA
"ENSMUSG00000111548",0.746082528286046,-1.66571603583253,4.12678528732954,-0.403635255981642,0.686480955954796,NA
"ENSMUSG00000111549",0,NA,NA,NA,NA,NA
"ENSMUSG00000111551",308.838008192731,-0.204973636090691,1.60715263267169,-0.127538375586611,0.898514301837125,0.955008516368006
"ENSMUSG00000111552",0.0380762098104571,-1.67431590235222,7.3501929692546,-0.227792101425878,0.819807867435575,NA
"ENSMUSG00000111553",0.0488582735869228,-1.88445199085273,7.34129618423011,-0.256691998737325,0.797416548724726,NA
"ENSMUSG00000111554",0.167631537905575,0,7.3561311249555,0,1,NA
"ENSMUSG00000111557",0.0700620825363109,1.1460829595541,7.35598175684117,0.155802855069377,0.876188420091065,NA
"ENSMUSG00000111558",0.0735982910954264,-0.230063456194996,7.34983043237798,-0.0313018726502185,0.975028796982296,NA
"ENSMUSG00000111560",0.369150599503002,-1.64055497280418,6.98024447744685,-0.235028297089709,0.814186770384024,NA
"ENSMUSG00000111562",0.109193648508596,-0.233009199426083,7.34987977476696,-0.0317024504572213,0.974709340688162,NA
"ENSMUSG00000111564",0.24266898105102,1.13864070709883,7.35552399858589,0.15480076026096,0.876978391834595,NA
"ENSMUSG00000111566",0.081236158750911,0,7.3561311249555,0,1,NA
"ENSMUSG00000111567",0.228198265884509,-2.30944827172106,7.26374053471032,-0.317942010825578,0.750528924704471,NA
"ENSMUSG00000111568",0.0380762098104571,-1.67431590235222,7.3501929692546,-0.227792101425878,0.819807867435575,NA
"ENSMUSG00000111569",0.0406180793754555,0,7.3561311249555,0,1,NA
"ENSMUSG00000111572",0.204928862388524,-1.10275260351329,7.29489825151116,-0.151167646962705,0.879843470953876,NA
"ENSMUSG00000111573",0.0711026857350024,1.16486284382507,7.35550016438508,0.158366231771058,0.874168221100241,NA
"ENSMUSG00000111574",0.0788584245564079,0,7.3561311249555,0,1,NA
"ENSMUSG00000111578",0.0700620825363109,1.1460829595541,7.35598175684117,0.155802855069377,0.876188420091065,NA
"ENSMUSG00000111580",0.041372325189651,0,7.3561311249555,0,1,NA
"ENSMUSG00000111581",0.914475688669508,-1.40311617323034,5.55584102641348,-0.252547934067888,0.800617568455603,NA
"ENSMUSG00000111582",0,NA,NA,NA,NA,NA
"ENSMUSG00000111585",106.39127005293,-0.208444458510354,0.755131013518912,-0.276037475323656,0.782519282852595,0.889308244538733
"ENSMUSG00000111589",0.118793730136596,1.1497457762737,7.35607602788066,0.156298789179991,0.875797510704892,NA
"ENSMUSG00000111590",76.4015392518673,0.149592773711472,0.487075426543447,0.307124452516655,0.758748646146771,0.872931839753356
"ENSMUSG00000111591",0,NA,NA,NA,NA,NA
"ENSMUSG00000111594",57.1644528535637,1.17301522484204,0.467167791512334,2.51090774268643,0.0120421163698175,NA
"ENSMUSG00000111596",0.0769846159480277,1.14505986045359,7.35595664400309,0.155664302533254,0.876297636547148,NA
"ENSMUSG00000111597",0.162081176800893,0,7.3561311249555,0,1,NA
"ENSMUSG00000111600",0.25855825901147,-3.38206001714615,7.25932597427284,-0.465891741069655,0.641292993098472,NA
"ENSMUSG00000111601",0.127916402998179,0,7.3561311249555,0,1,NA
"ENSMUSG00000111604",0.0769754730913193,1.15123400813723,7.35611404555753,0.156500293634311,0.875638687808162,NA
"ENSMUSG00000111606",0.54231766644143,-2.55077072676408,5.44622912061206,-0.468355383197212,0.639530468815513,NA
"ENSMUSG00000111608",0,NA,NA,NA,NA,NA
"ENSMUSG00000111609",0.171499863064662,1.15309776520868,7.3560762709286,0.156754460223006,0.875438364522434,NA
"ENSMUSG00000111611",25.7413719648075,0.185309762670602,0.659221275329876,0.28110403836386,0.778630603842475,NA
"ENSMUSG00000111612",0.122499924407012,0,7.3561311249555,0,1,NA
"ENSMUSG00000111613",3.94362354428869,-0.216491275193779,1.14179773055975,-0.189605627511317,0.849618177092675,NA
"ENSMUSG00000111615",1.48240274470145,0.631789805453122,2.93374791841044,0.215352451207,0.829492538654764,NA
"ENSMUSG00000111616",0.155187340483554,1.15405090360376,7.35602763633898,0.156885069042253,0.875335427314501,NA
"ENSMUSG00000111618",0.0710374986746129,2.16226366003379,7.28481246100722,0.296818026765623,0.766605441993722,NA
"ENSMUSG00000111619",32.3986117662283,0.343694888932547,0.923294631290997,0.372248334696775,0.709707961787975,NA
"ENSMUSG00000111620",0,NA,NA,NA,NA,NA
"ENSMUSG00000111621",0.343902349405582,0,7.3561311249555,0,1,NA
"ENSMUSG00000111622",0.127411396673548,0,7.3561311249555,0,1,NA
"ENSMUSG00000111625",0.443809575743908,-1.66315566846256,7.34990778588959,-0.226282521755647,0.82098169148196,NA
"ENSMUSG00000111626",0.387592117387242,1.13528024538123,7.3557049233579,0.154340101623186,0.877341579583917,NA
"ENSMUSG00000111630",0,NA,NA,NA,NA,NA
"ENSMUSG00000111635",0.330540325809084,0,7.35613112495549,0,1,NA
"ENSMUSG00000111643",0,NA,NA,NA,NA,NA
"ENSMUSG00000111648",0.415940881995215,-1.31508597976235,6.63917319530814,-0.198079782086678,0.842982642980644,NA
"ENSMUSG00000111651",0.0872445768155919,0,7.3561311249555,0,1,NA
"ENSMUSG00000111660",0,NA,NA,NA,NA,NA
"ENSMUSG00000111661",2.38508445260698,-0.887587109931292,2.52446501342825,-0.351594141812225,0.72514265919774,NA
"ENSMUSG00000111662",9.18191288568099,-0.957297585881949,0.893060973868755,-1.07192858482542,0.283752109974957,NA
"ENSMUSG00000111667",0.684842402002028,1.1427458092827,4.12711773814793,0.276887135717023,0.781866770774954,NA
"ENSMUSG00000111668",0.131012679325888,0,7.3561311249555,0,1,NA
"ENSMUSG00000111670",0,NA,NA,NA,NA,NA
"ENSMUSG00000111671",3.48065606136773,-0.858871877008494,1.62072884110365,-0.529929409057493,0.596160874907656,NA
"ENSMUSG00000111672",0,NA,NA,NA,NA,NA
"ENSMUSG00000111678",0,NA,NA,NA,NA,NA
"ENSMUSG00000111680",0.0380762098104571,-1.67431590235222,7.3501929692546,-0.227792101425878,0.819807867435575,NA
"ENSMUSG00000111684",6.76050961124745,2.17594050461649,1.36985628634151,1.58844436917379,0.112185891191964,NA
"ENSMUSG00000111686",0.327203272707168,-1.66365113925941,7.34992110439465,-0.226349523434297,0.82092958356732,NA
"ENSMUSG00000111687",0.0425774740632087,0,7.3561311249555,0,1,NA
"ENSMUSG00000111689",0.14218933806505,2.74826345493172,7.26103009542339,0.378494981953585,0.705062920826848,NA
"ENSMUSG00000111692",10.1371981828639,-1.2324662427522,0.929809532580659,-1.32550398717846,0.18500404786717,NA
"ENSMUSG00000111693",0.695008547989849,0,4.63634824375242,0,1,NA
"ENSMUSG00000111696",81.9971780132044,0.259742735603137,0.785475558007939,0.330682136388656,0.740884596988234,0.860403227064086
"ENSMUSG00000111698",0,NA,NA,NA,NA,NA
"ENSMUSG00000111700",0.0380762098104571,-1.67431590235222,7.3501929692546,-0.227792101425878,0.819807867435575,NA
"ENSMUSG00000111702",0.0776831029543832,0,7.3561311249555,0,1,NA
"ENSMUSG00000111704",0.0406180793754555,0,7.3561311249555,0,1,NA
"ENSMUSG00000111707",0.0425919574685933,0,7.3561311249555,0,1,NA
"ENSMUSG00000111708",0.194478542395835,2.14343239541405,7.28526880141973,0.294214593014926,0.768593930274107,NA
"ENSMUSG00000111709",0,NA,NA,NA,NA,NA
"ENSMUSG00000111710",12.0033438305934,1.05398452295821,0.901720475353683,1.16885947670735,0.242460252575836,NA
"ENSMUSG00000111711",0.0474375977968173,0,7.3561311249555,0,1,NA
"ENSMUSG00000111715",21.2448703315501,-0.218853662784817,0.666993094954994,-0.328119832784153,0.742821058991699,NA
"ENSMUSG00000111716",0,NA,NA,NA,NA,NA
"ENSMUSG00000111719",0,NA,NA,NA,NA,NA
"ENSMUSG00000111725",0.229421917976758,-0.231378408776154,7.34985824957722,-0.0314806627446812,0.974886213395566,NA
"ENSMUSG00000111728",23.189753336683,0.381430586600962,1.00097965108946,0.381057283418113,0.703160743251917,NA
"ENSMUSG00000111730",0.0764456360443803,0,7.3561311249555,0,1,NA
"ENSMUSG00000111732",0.0736631519260658,-1.67541481588832,7.35021990980921,-0.227940774078392,0.81969228384272,NA
"ENSMUSG00000111736",0.0761932599650924,1.14914330109489,7.35606079359921,0.156217210996244,0.875861810872376,NA
"ENSMUSG00000111738",0.78523089678077,2.71891813894989,4.13023480552051,0.658296263281632,0.510347778640999,NA
"ENSMUSG00000111739",0,NA,NA,NA,NA,NA
"ENSMUSG00000111741",0.167209362424856,-1.66539938168744,7.34996695704249,-0.226585968538499,0.82074570402377,NA
"ENSMUSG00000111743",3.59987948182512,0.0133184419400616,1.66714555509704,0.00798876972640001,0.993625951774664,NA
"ENSMUSG00000111744",1.76141651736643,-0.84419736250493,2.05718886446841,-0.410364540215939,0.681538554200714,NA
"ENSMUSG00000111747",0.119476672992802,1.19505701693679,7.35404776420872,0.162503298218022,0.870909531196321,NA
"ENSMUSG00000111750",0.0380762098104571,-1.67431590235222,7.3501929692546,-0.227792101425878,0.819807867435575,NA
"ENSMUSG00000111754",0.0869845376285589,0,7.3561311249555,0,1,NA
"ENSMUSG00000111759",0.240743441818578,0.767175524542802,7.27895810316978,0.105396337452295,0.916061322168943,NA
"ENSMUSG00000111760",1.77588058630658,0,2.57867828888477,0,1,NA
"ENSMUSG00000111762",0.0406180793754555,0,7.3561311249555,0,1,NA
"ENSMUSG00000111764",0.0855035657687021,0,7.3561311249555,0,1,NA
"ENSMUSG00000111766",0.125355109368019,-1.66076951329785,7.34984962033266,-0.225959658916488,0.821232796401004,NA
"ENSMUSG00000111770",0,NA,NA,NA,NA,NA
"ENSMUSG00000111772",2.83790965819025,5.3205137201475,1.97365749155132,2.69576344574635,0.00702275198751604,NA
"ENSMUSG00000111776",0,NA,NA,NA,NA,NA
"ENSMUSG00000111777",187.744941921652,0.275535666493918,0.693492931803354,0.397315753135965,0.691134632102932,0.832163748340758
"ENSMUSG00000111781",0.0795037486831961,-1.66890110440153,7.35005576898914,-0.227059651906703,0.820377357754896,NA
"ENSMUSG00000111782",2.47282579124622,-1.1454560942801,1.98421769624956,-0.577283478745888,0.563747972432167,NA
"ENSMUSG00000111783",0.16930673288379,-2.73675323362974,7.28506289213208,-0.375666383962925,0.707164932067192,NA
"ENSMUSG00000111787",0.0700620825363109,1.1460829595541,7.35598175684117,0.155802855069377,0.876188420091065,NA
"ENSMUSG00000111788",0.85691688790965,-1.13938949175997,3.41892551486169,-0.333259524610049,0.738938389397226,NA
"ENSMUSG00000111795",0.374721124496482,-1.31848368631662,6.87341238315459,-0.191823742388565,0.847880272578909,NA
"ENSMUSG00000111799",0,NA,NA,NA,NA,NA
"ENSMUSG00000111801",0.0406180793754555,0,7.3561311249555,0,1,NA
"ENSMUSG00000111802",0,NA,NA,NA,NA,NA
"ENSMUSG00000111805",0.152304839241828,-3.55232820134153,7.25421207485117,-0.489691804525086,0.624352002042539,NA
"ENSMUSG00000111808",1.04433998030677,0,5.02492586038155,0,1,NA
"ENSMUSG00000111810",0.196834178478317,1.09204543158441,7.24627349465902,0.150704418262617,0.880208887776004,NA
"ENSMUSG00000111812",0.0352597853922181,1.155567702399,7.35595536263211,0.157092810577567,0.875171703562209,NA
"ENSMUSG00000111814",0.480124724316025,2.09376374163276,7.23594945133314,0.289355772274917,0.772309136593241,NA
"ENSMUSG00000111815",0.0380762098104571,-1.67431590235222,7.3501929692546,-0.227792101425878,0.819807867435575,NA
"ENSMUSG00000111816",0.0761524196209141,-2.55627499047924,7.29465809108018,-0.350431090609309,0.726015196884991,NA
"ENSMUSG00000111817",0.29532497916049,2.10438774198906,7.28649831589413,0.288806454178235,0.772729492763197,NA
"ENSMUSG00000111819",0.0380762098104571,-1.67431590235222,7.3501929692546,-0.227792101425878,0.819807867435575,NA
"ENSMUSG00000111823",0,NA,NA,NA,NA,NA
"ENSMUSG00000111824",197.006993730556,-0.172131002545297,1.21044755924677,-0.142204427800581,0.886918534456197,0.949240982362441
"ENSMUSG00000111827",0.0406180793754555,0,7.3561311249555,0,1,NA
"ENSMUSG00000111833",1.46763057399383,1.44259812935256,2.20151753743266,0.655274420859204,0.512291086605345,NA
"ENSMUSG00000111834",4.24084666140209,1.36946120264541,1.26011281249944,1.08677666718512,0.27713552190196,NA
"ENSMUSG00000111837",0.11623137152808,-1.01170127573782,7.33352887357791,-0.137955586345735,0.890275518794645,NA
"ENSMUSG00000111842",0,NA,NA,NA,NA,NA
"ENSMUSG00000111845",0.253214476588915,0,7.3561311249555,0,1,NA
"ENSMUSG00000111847",18.6616141753306,0.330493588350692,0.738264372445066,0.447662924943982,0.654396482619516,NA
"ENSMUSG00000111850",0.0400922426516566,0,7.3561311249555,0,1,NA
"ENSMUSG00000111863",0.0737159522837924,1.16213161972158,7.35563300536257,0.157992061169221,0.874463054416945,NA
"ENSMUSG00000111864",0.210920656906823,0,7.3561311249555,0,1,NA
"ENSMUSG00000111869",0.314325266260042,1.43051872765829,7.25018036731594,0.197308019274544,0.843586504228212,NA
"ENSMUSG00000111870",0.084642264933224,-0.483408440174958,7.34002049864963,-0.0658592765870193,0.947489862732649,NA
"ENSMUSG00000111875",2.05430082430753,-2.70486918491101,2.10066360321791,-1.28762605338977,0.197876165624684,NA
"ENSMUSG00000111876",0.0406180793754555,0,7.3561311249555,0,1,NA
"ENSMUSG00000111877",10.6751391338406,0.0806373310310862,0.782501908414342,0.103050650949196,0.917922771255366,NA
"ENSMUSG00000111880",4.36837962991141,-1.29946417229572,1.51399935152626,-0.85829902832239,0.390727365854883,NA
"ENSMUSG00000111881",0,NA,NA,NA,NA,NA
"ENSMUSG00000111882",0,NA,NA,NA,NA,NA
"ENSMUSG00000111884",0.0406180793754555,0,7.3561311249555,0,1,NA
"ENSMUSG00000111886",0.160515243441652,0,7.3561311249555,0,1,NA
"ENSMUSG00000111887",0,NA,NA,NA,NA,NA
"ENSMUSG00000111890",8.68779242364567,-1.09988939045732,7.07351700133783,-0.15549399121389,0.87643189064586,NA
"ENSMUSG00000111891",0.120906899796264,0,7.3561311249555,0,1,NA
"ENSMUSG00000111893",0.0845637289562274,-0.471085060474721,7.3404328621239,-0.0641767412526155,0.948829497000948,NA
"ENSMUSG00000111896",0,NA,NA,NA,NA,NA
"ENSMUSG00000111897",0.544309178638932,-1.97438440125898,4.68617289885304,-0.421321287941003,0.673520487422451,NA
"ENSMUSG00000111898",0.111447623214329,2.1375748924805,7.28541190466933,0.293404809563409,0.769212749643794,NA
"ENSMUSG00000111899",0.11179340762702,-0.229627821945792,7.34978212915391,-0.0312428066452395,0.975075901796804,NA
"ENSMUSG00000111900",20.1384265023958,-0.205640356740722,0.949849247344252,-0.216497888813079,0.828599670624584,NA
"ENSMUSG00000111901",0.841268720280413,1.04597513662227,5.05138043820545,0.207067186765656,0.83595738787418,NA
"ENSMUSG00000111902",0.0407969102058399,0,7.3561311249555,0,1,NA
"ENSMUSG00000111904",2.33810789334936,0.561013590055325,2.18113607909846,0.257211640956951,0.7970153980703,NA
"ENSMUSG00000111906",0.115797872433282,1.15887914876636,7.3557935570034,0.157546448222844,0.874814204532761,NA
"ENSMUSG00000111908",0,NA,NA,NA,NA,NA
"ENSMUSG00000111909",0,NA,NA,NA,NA,NA
"ENSMUSG00000111911",0.0409190281194281,0,7.3561311249555,0,1,NA
"ENSMUSG00000111914",0.251687664269602,-1.89021974121043,7.3410670265212,-0.257485694434011,0.796803857302568,NA
"ENSMUSG00000111915",0.152724829942865,2.15045230022829,7.28509801653134,0.295185088155092,0.76785249267096,NA
"ENSMUSG00000111917",150.088121100674,0.104051860860035,0.629632278093822,0.165258142697268,0.868740803056565,0.938530695925694
"ENSMUSG00000111919",0.241983151083521,0.499433210805098,7.27036320573188,0.0686943962319999,0.945232878827555,NA
"ENSMUSG00000111920",1.77503883092285,0.220320420835614,2.09325893911733,0.105252349204593,0.916175572704907,NA
"ENSMUSG00000111921",0,NA,NA,NA,NA,NA
"ENSMUSG00000111928",252.40313406137,0.0403851580982873,1.07235360012004,0.0376602998243923,0.969958529676506,0.991216795808152
"ENSMUSG00000111930",0,NA,NA,NA,NA,NA
"ENSMUSG00000111932",1.26779336419466,1.07649231271943,2.38157434973626,0.452008694516987,0.651262718889633,NA
"ENSMUSG00000111937",6.6683171280326,-3.41997483025867,1.44445252225031,-2.36766164174832,0.0179008985707539,NA
"ENSMUSG00000111939",115.196729757251,0.0122260539045856,0.610709441317486,0.0200194283523934,0.984027874086798,0.998062336891853
"ENSMUSG00000111940",13.7793947873082,0.438178187440216,0.809627136775182,0.54120985764573,0.588362943738444,NA
"ENSMUSG00000111942",0.111908285968196,1.16197926217825,7.35563910198632,0.157971217193687,0.874479479251827,NA
"ENSMUSG00000111944",0.193120929618252,-1.11468712189118,7.29475950289709,-0.152806562224359,0.87855082260796,NA
"ENSMUSG00000111945",0.0710374986746129,2.16226366003378,7.28481246100722,0.296818026765623,0.766605441993722,NA
"ENSMUSG00000111946",24.4402563076097,0.249432115671482,1.01091089650268,0.246739961488604,0.805109477711538,NA
"ENSMUSG00000111948",0.318024713827643,2.67331094716078,7.26227699196731,0.368109196346778,0.712791813927772,NA
"ENSMUSG00000111949",0.0352597853922181,1.155567702399,7.35595536263211,0.157092810577567,0.875171703562209,NA
"ENSMUSG00000111953",0.288411791230034,3.96477939327015,7.23385829183113,0.548086406081163,0.583632574261695,NA
"ENSMUSG00000111954",0,NA,NA,NA,NA,NA
"ENSMUSG00000111955",0,NA,NA,NA,NA,NA
"ENSMUSG00000111956",0.152559411884554,0,7.3561311249555,0,1,NA
"ENSMUSG00000111958",0.190856041546017,2.15780766554376,7.28491800460287,0.296202052539285,0.767075781436839,NA
"ENSMUSG00000111959",0,NA,NA,NA,NA,NA
"ENSMUSG00000111964",3.7717371718553,-1.66924013333583,1.1856533257,-1.40786526479005,0.159170970257077,NA
"ENSMUSG00000111965",0.284319717513769,-1.66509252354797,7.34995821061263,-0.226544488531069,0.820777961644221,NA
"ENSMUSG00000111966",2.20872170973241,-2.06285894363653,2.06315184524356,-0.999858031968076,0.317379216954902,NA
"ENSMUSG00000111967",0.184993377722847,-1.8818679571207,7.34139844975285,-0.256336441891948,0.797691060459287,NA
"ENSMUSG00000111968",9.65471539063706,1.69648333998597,1.00916351504755,1.68107874956818,0.0927476194296814,NA
"ENSMUSG00000111969",0.0450384044921535,0,7.3561311249555,0,1,NA
"ENSMUSG00000111973",0.162268679709069,0,7.3561311249555,0,1,NA
"ENSMUSG00000111974",0.123680107062503,1.15190844604118,7.3561311249555,0.156591614052849,0.875566712023807,NA
"ENSMUSG00000111975",0.679562639985663,-1.31934947447541,4.76993721164111,-0.276596822124937,0.782089705111562,NA
"ENSMUSG00000111976",0.0355187493373064,1.16171280725677,7.35565536667627,0.157934643392857,0.874508299155349,NA
"ENSMUSG00000111978",0.613548440076249,2.14638082099171,4.76659446177621,0.45029650376254,0.652496659639597,NA
"ENSMUSG00000111980",0.0836396116558029,0,7.3561311249555,0,1,NA
"ENSMUSG00000111981",0.0761524196209141,-2.55627499047924,7.29465809108018,-0.350431090609309,0.726015196884991,NA
"ENSMUSG00000111983",0,NA,NA,NA,NA,NA
"ENSMUSG00000111984",0.213484147417481,1.1515244656294,7.35585235280103,0.156545347894444,0.875603177376793,NA
"ENSMUSG00000111985",2.95326806561541,0.211178091882528,1.83983903857152,0.11478074301896,0.908618913007902,NA
"ENSMUSG00000111988",0,NA,NA,NA,NA,NA
"ENSMUSG00000111989",0.161271299453701,-2.48721427844089,7.29681643642693,-0.340862936612233,0.733206767926916,NA
"ENSMUSG00000111991",0.119716021121864,0,7.3561311249555,0,1,NA
"ENSMUSG00000111992",0.379131539740031,0,7.3561311249555,0,1,NA
"ENSMUSG00000111993",0.0790115915112125,-1.66936641158266,7.35006750563672,-0.227122595854043,0.820328414181876,NA
"ENSMUSG00000111996",0.0406180793754555,0,7.3561311249555,0,1,NA
"ENSMUSG00000111997",9.6267594058363,0.658736060022185,0.994925724515469,0.662095716082716,0.507909881129387,NA
"ENSMUSG00000111998",0.0756183718133214,1.15957915624858,7.35575939635594,0.157642344422391,0.874738634712403,NA
"ENSMUSG00000111999",0.12012486480563,0,7.3561311249555,0,1,NA
"ENSMUSG00000112001",0.385707851460193,0.775285073611196,7.27902394823023,0.106509482469788,0.91517813228307,NA
"ENSMUSG00000112002",0.226332272054528,-1.67641881835874,7.35024383401069,-0.228076626601379,0.819586670515244,NA
"ENSMUSG00000112003",0.202923173707837,1.15737315521734,7.35586522189613,0.157340179612345,0.874976755841976,NA
"ENSMUSG00000112004",0,NA,NA,NA,NA,NA
"ENSMUSG00000112005",0,NA,NA,NA,NA,NA
"ENSMUSG00000112007",3.71629459966379,0.315032479965133,1.24708247982264,0.252615592843496,0.800565279407675,NA
"ENSMUSG00000112010",0,NA,NA,NA,NA,NA
"ENSMUSG00000112011",0.136066499857503,0,7.3561311249555,0,1,NA
"ENSMUSG00000112013",146.239565170625,0.300222503555536,0.701802069177645,0.427787999980293,0.668805474343901,0.816190384430798
"ENSMUSG00000112017",5.61960573662791,0.958826871423549,1.89640535696438,0.505602279545531,0.613135881010013,NA
"ENSMUSG00000112022",132.771548601781,-0.332326867630221,1.07919902908257,-0.307938442006134,0.758129173664664,0.872372613783363
"ENSMUSG00000112023",292.730568161528,-0.971083653741394,0.729408738745685,-1.33132988701411,0.18308048829172,0.376404040508247
"ENSMUSG00000112024",0.0791256189799945,1.12485022368359,7.35544162651377,0.152927625668172,0.878455350016128,NA
"ENSMUSG00000112025",24.0502197553272,0.488112645944177,0.530948019283133,0.919322849350129,0.357926729825689,NA
"ENSMUSG00000112027",0.412302275995106,-3.13419250981051,7.26784444847421,-0.431241000276016,0.666293144886712,NA
"ENSMUSG00000112031",0.0380762098104571,-1.67431590235222,7.3501929692546,-0.227792101425878,0.819807867435575,NA
"ENSMUSG00000112033",3.42371939582527,0.182898019672417,1.32825290451919,0.137698189140135,0.890478950624026,NA
"ENSMUSG00000112037",0.0355187493373065,1.16171280725677,7.35565536667627,0.157934643392857,0.874508299155349,NA
"ENSMUSG00000112038",218.445918969547,0.194703794681478,0.501146955286219,0.388516367559845,0.697633943953323,0.835487222677319
"ENSMUSG00000112039",0.0406180793754555,0,7.3561311249555,0,1,NA
"ENSMUSG00000112042",0.646905163178236,-2.7267512256169,3.67005294716919,-0.742973266290372,0.457497865989522,NA
"ENSMUSG00000112043",170.453351409491,0.306507238728195,1.0454238797966,0.293189436984958,0.769377357578933,0.87963164233955
"ENSMUSG00000112044",0,NA,NA,NA,NA,NA
"ENSMUSG00000112045",0.0474375977968173,0,7.3561311249555,0,1,NA
"ENSMUSG00000112046",1.59523426888323,-1.42302072925173,1.80437770670784,-0.788649030611274,0.430317165595717,NA
"ENSMUSG00000112047",0.157683888111442,1.12291163930181,7.3553912549346,0.152665113300189,0.878662373756885,NA
"ENSMUSG00000112048",1.00777797056025,-3.36022339178722,3.34005925548239,-1.00603705945388,0.31439774339541,NA
"ENSMUSG00000112049",461.317463028459,0.458499626957073,0.788271858942888,0.58165164943468,0.560801345494659,0.738545337092287
"ENSMUSG00000112050",0.0841408481018861,0,7.3561311249555,0,1,NA
"ENSMUSG00000112051",0.385707851460193,0.775285073611196,7.27902394823023,0.106509482469788,0.91517813228307,NA
"ENSMUSG00000112052",0.232714593396874,-0.231456758679272,7.34994563956582,-0.0314909483729113,0.974878010718497,NA
"ENSMUSG00000112057",0.0756370485710814,1.15440891168939,7.35601206418919,0.156934069930271,0.875296808608846,NA
"ENSMUSG00000112059",0,NA,NA,NA,NA,NA
"ENSMUSG00000112061",0.668785200390592,1.49027427627002,7.17611122190717,0.207671568930053,0.835485418393594,NA
"ENSMUSG00000112063",0.0792665616691487,1.11040016035262,7.35483457790944,0.150975545213179,0.879995006846119,NA
"ENSMUSG00000112064",0.71138458999332,1.15285720232798,4.45438261223069,0.25881413939667,0.795778647839322,NA
"ENSMUSG00000112065",0.222755914801892,2.1332343949167,7.28551518935588,0.292804879198295,0.769671298571741,NA
"ENSMUSG00000112066",3.48049981596682,-1.26359974430331,1.32786767455311,-0.951600651569869,0.341299550970355,NA
"ENSMUSG00000112068",0.158154282967985,0,7.3561311249555,0,1,NA
"ENSMUSG00000112069",0.0787025261992121,-1.6714568388978,7.35012049360441,-0.227405365715051,0.820108548342232,NA
"ENSMUSG00000112070",0,NA,NA,NA,NA,NA
"ENSMUSG00000112072",0.0855035657687021,0,7.3561311249555,0,1,NA
"ENSMUSG00000112076",0.246233712568569,-1.30610026231536,7.28505603440061,-0.179284861523075,0.857714033020794,NA
"ENSMUSG00000112077",0.0380762098104571,-1.67431590235222,7.3501929692546,-0.227792101425878,0.819807867435575,NA
"ENSMUSG00000112078",0.0380762098104571,-1.67431590235222,7.3501929692546,-0.227792101425878,0.819807867435575,NA
"ENSMUSG00000112079",0,NA,NA,NA,NA,NA
"ENSMUSG00000112081",10.3589621929807,0.359399175467828,0.897625103619749,0.400388953047904,0.688870059483794,NA
"ENSMUSG00000112085",9.89125820297002,0.498264963127451,1.33229007587499,0.373991349293969,0.708410752219857,NA
"ENSMUSG00000112086",0.597509880192783,-0.420853609852664,4.88668335233212,-0.0861225456017763,0.9313690014097,NA
"ENSMUSG00000112088",0.081236158750911,0,7.3561311249555,0,1,NA
"ENSMUSG00000112091",0,NA,NA,NA,NA,NA
"ENSMUSG00000112092",0.0419195223311899,0,7.3561311249555,0,1,NA
"ENSMUSG00000112094",0.0380762098104571,-1.67431590235222,7.3501929692546,-0.227792101425878,0.819807867435575,NA
"ENSMUSG00000112098",0.121327780591998,-1.66666646597596,7.34999907158695,-0.226757370952444,0.820612413289686,NA
"ENSMUSG00000112099",4.87130218111789,-1.09074807409891,1.20953969869901,-0.901787742289177,0.367169632454818,NA
"ENSMUSG00000112100",0.273043016666191,2.13948150596821,7.28505933452528,0.293680724854058,0.769001884485908,NA
"ENSMUSG00000112101",100.144142291221,0.393632877439738,0.757368415327405,0.519737646135631,0.603246444280277,0.769629724020462
"ENSMUSG00000112105",2.33522092221145,-0.81381866774902,2.55539687159416,-0.318470558055167,0.750128024237748,NA
"ENSMUSG00000112107",0.0406180793754555,0,7.3561311249555,0,1,NA
"ENSMUSG00000112111",77.7303316077591,1.03960240912378,0.461180735625649,2.25421907034652,0.0241823896509704,0.106715590044572
"ENSMUSG00000112114",0,NA,NA,NA,NA,NA
"ENSMUSG00000112115",0.0406180793754555,0,7.3561311249555,0,1,NA
"ENSMUSG00000112116",0.514282498688054,2.06748994365386,5.4001107637775,0.382860654918791,0.701823085452894,NA
"ENSMUSG00000112118",0,NA,NA,NA,NA,NA
"ENSMUSG00000112119",0.0380762098104571,-1.67431590235222,7.3501929692546,-0.227792101425878,0.819807867435575,NA
"ENSMUSG00000112122",136.640931418734,0.254746958047927,0.681859947348452,0.373605986153845,0.708697479646312,0.840844851416348
"ENSMUSG00000112123",0.0705195707844363,2.15212880095346,7.28531419713947,0.295406449566511,0.767683406992175,NA
"ENSMUSG00000112124",0.157758084061674,1.1557593512498,7.35594598882757,0.157119064360342,0.875151013001458,NA
"ENSMUSG00000112127",0.0355187493373064,1.16171280725677,7.35565536667627,0.157934643392857,0.874508299155349,NA
"ENSMUSG00000112128",0,NA,NA,NA,NA,NA
"ENSMUSG00000112129",537.541858870621,0.0765983108465201,0.356952221533855,0.214589814057945,0.830087136145358,0.916212779772523
"ENSMUSG00000112133",0.445170039847691,-0.813358472259591,5.54639527718109,-0.146646322811845,0.883411188591232,NA
"ENSMUSG00000112135",0.731792420356314,0.468729345360612,5.73503600184259,0.0817308461899831,0.934860748696512,NA
"ENSMUSG00000112136",0.289944105152835,-3.27036521409281,7.26341998216299,-0.450251427306138,0.652529158187372,NA
"ENSMUSG00000112138",0.211558712353309,3.73691317891267,7.23737888080582,0.516335159517943,0.605620343775252,NA
"ENSMUSG00000112140",0.192143435128732,0.768455900852604,7.27892762452512,0.105572680550281,0.915921401351486,NA
"ENSMUSG00000112145",19.1789787876337,-0.147855932940882,0.657324028852313,-0.224936144809796,0.822028950226672,NA
"ENSMUSG00000112147",0.0808510542430021,0,7.35613112495549,0,1,NA
"ENSMUSG00000112148",149.597596026011,0.562950419502393,0.864329524581514,0.651314577938268,0.514843439862183,0.702634797400568
"ENSMUSG00000112149",119.625856157478,-0.0311675613554101,0.804346303157976,-0.0387489334295961,0.969090559446089,0.990957257358987
"ENSMUSG00000112152",0,NA,NA,NA,NA,NA
"ENSMUSG00000112154",0.121521605741653,-0.238741955957564,7.34941818187861,-0.0324844702055773,0.974085700474957,NA
"ENSMUSG00000112159",0.044481691519064,0,7.3561311249555,0,1,NA
"ENSMUSG00000112160",40.5234542120096,-0.358044641649166,0.824822944402265,-0.434086665603895,0.664225508162715,NA
"ENSMUSG00000112162",0.2007238832147,-1.66027126349985,7.3498360358022,-0.225892285952014,0.821285197690072,NA
"ENSMUSG00000112163",0.971993854775937,-0.235795894022942,4.10376834987201,-0.057458383105444,0.954180056780055,NA
"ENSMUSG00000112165",0.0409190281194281,0,7.3561311249555,0,1,NA
"ENSMUSG00000112167",0,NA,NA,NA,NA,NA
"ENSMUSG00000112170",0,NA,NA,NA,NA,NA
"ENSMUSG00000112171",0.198055588751274,-0.232720310455986,7.34980551496893,-0.0316634651055756,0.974740430890095,NA
"ENSMUSG00000112173",0.476841589001658,0,7.3561311249555,0,1,NA
"ENSMUSG00000112177",0.20438090285109,1.14357827714912,7.35591889549505,0.155463687595777,0.876455778948924,NA
"ENSMUSG00000112178",0.542543317870687,0,7.3561311249555,0,1,NA
"ENSMUSG00000112179",0.0879996508324931,0,7.3561311249555,0,1,NA
"ENSMUSG00000112180",0.570653190763359,2.15985773384437,7.20988243454863,0.299569064190931,0.764505884194249,NA
"ENSMUSG00000112181",0.162588709922017,-1.63691679375014,7.34924534744843,-0.222732636667036,0.823743598958608,NA
"ENSMUSG00000112182",0.0766147924619406,1.13286938152631,7.35564593633349,0.154013582400759,0.87759902615687,NA
"ENSMUSG00000112184",0.0856666002478511,-1.66021891973816,7.34983570081353,-0.22588517448824,0.821290728885071,NA
"ENSMUSG00000112185",0,NA,NA,NA,NA,NA
"ENSMUSG00000112186",0,NA,NA,NA,NA,NA
"ENSMUSG00000112187",0,NA,NA,NA,NA,NA
"ENSMUSG00000112190",0.132913545311002,0,7.3561311249555,0,1,NA
"ENSMUSG00000112191",0.200668502344627,-0.206714646160508,7.34954159174819,-0.0281261958422822,0.977561501074429,NA
"ENSMUSG00000112194",0,NA,NA,NA,NA,NA
"ENSMUSG00000112195",6.28696671225421,-0.856479247064722,1.56724595551464,-0.546486812775648,0.584731350081647,NA
"ENSMUSG00000112196",1.68456080107904,-3.28714108150406,2.80798600625704,-1.17064012220122,0.241743462788554,NA
"ENSMUSG00000112199",0,NA,NA,NA,NA,NA
"ENSMUSG00000112200",0.0736001649494635,-0.231648550087025,7.34989263616417,-0.031517269918642,0.974857019583072,NA
"ENSMUSG00000112204",0.49672558287418,-0.820411643840718,6.10998187080865,-0.134273989872271,0.893185920042994,NA
"ENSMUSG00000112205",0,NA,NA,NA,NA,NA
"ENSMUSG00000112207",0.0425774740632087,0,7.3561311249555,0,1,NA
"ENSMUSG00000112209",0.0380762098104571,-1.67431590235222,7.3501929692546,-0.227792101425878,0.819807867435575,NA
"ENSMUSG00000112214",0.041372325189651,0,7.3561311249555,0,1,NA
"ENSMUSG00000112215",0.0817060422605592,0,7.3561311249555,0,1,NA
"ENSMUSG00000112216",0.264898068523086,-1.88242647169135,7.34137633148243,-0.256413291826335,0.797631725466642,NA
"ENSMUSG00000112217",0,NA,NA,NA,NA,NA
"ENSMUSG00000112218",0.457604779985657,-0.432362522164634,5.75604157013492,-0.0751145586591897,0.940123564414725,NA
"ENSMUSG00000112221",0,NA,NA,NA,NA,NA
"ENSMUSG00000112222",6.81097257608847,1.144859774837,2.29355208517643,0.49916449782693,0.617663502973812,NA
"ENSMUSG00000112223",0.0761524196209141,-2.55627499047924,7.29465809108018,-0.350431090609309,0.726015196884991,NA
"ENSMUSG00000112226",164.504565929095,0.00626368192268233,0.924458162660815,0.00677551691972078,0.9945939610214,1
"ENSMUSG00000112231",0.329773174882405,-1.30640363028416,7.09134933112615,-0.184224971762419,0.853836970107653,NA
"ENSMUSG00000112233",0,NA,NA,NA,NA,NA
"ENSMUSG00000112236",0.0380762098104571,-1.67431590235222,7.3501929692546,-0.227792101425878,0.819807867435575,NA
"ENSMUSG00000112237",32.3645599910318,-0.510769349913543,0.539946645973919,-0.945962631163773,0.344167646484924,NA
"ENSMUSG00000112239",5.65530320837773,1.02842024440305,1.16288010685718,0.884373409037395,0.376494672404199,NA
"ENSMUSG00000112240",0,NA,NA,NA,NA,NA
"ENSMUSG00000112241",0.532276067247247,0,7.3561311249555,0,1,NA
"ENSMUSG00000112244",0.0781720843700102,-1.67270384522186,7.35015216285311,-0.227574043116485,0.819977401072672,NA
"ENSMUSG00000112245",0.528932413511868,0.27577768300767,7.18932026086545,0.0383593542923447,0.96940116768968,NA
"ENSMUSG00000112247",0.309084526183747,1.32835653698494,7.25530614380295,0.183087592812268,0.854729290728111,NA
"ENSMUSG00000112250",0,NA,NA,NA,NA,NA
"ENSMUSG00000112251",0.106556248011919,2.74727956207311,7.26104728326191,0.378358583121489,0.705164231160339,NA
"ENSMUSG00000112252",0.264898068523086,-1.88242647169135,7.34137633148243,-0.256413291826335,0.797631725466642,NA
"ENSMUSG00000112253",0.0400922426516566,0,7.3561311249555,0,1,NA
"ENSMUSG00000112259",0.778292318015122,-1.29513304458065,3.88434339127279,-0.33342393143987,0.738814300984397,NA
"ENSMUSG00000112262",0.0355187493373064,1.16171280725677,7.35565536667627,0.157934643392857,0.874508299155349,NA
"ENSMUSG00000112263",0.121724293085404,0,7.3561311249555,0,1,NA
"ENSMUSG00000112268",0,NA,NA,NA,NA,NA
"ENSMUSG00000112269",0.0852798984547152,0,7.3561311249555,0,1,NA
"ENSMUSG00000112271",0.287811913469082,-0.236262742394502,7.34921627816109,-0.0321480187073253,0.974354009789993,NA
"ENSMUSG00000112272",0,NA,NA,NA,NA,NA
"ENSMUSG00000112273",1.23345694885412,-1.15603354516181,2.23768398617191,-0.516620556032792,0.605421063261381,NA
"ENSMUSG00000112279",0.118774068144491,1.16196359154372,7.3561183729022,0.157958794657799,0.874489268106001,NA
"ENSMUSG00000112282",0.114348502693375,1.1601083456274,7.35573162583642,0.15771488203194,0.874681473100393,NA
"ENSMUSG00000112292",0.722614185707872,0,5.08125910943915,0,1,NA
"ENSMUSG00000112293",0,NA,NA,NA,NA,NA
"ENSMUSG00000112296",0,NA,NA,NA,NA,NA
"ENSMUSG00000112297",4.91916170107707,5.24067067415895,1.96709921521873,2.66416184481891,0.00771804199641991,NA
"ENSMUSG00000112298",1.33241118463387,3.1173153704153,3.64291853357724,0.855719210210883,0.392153111812095,NA
"ENSMUSG00000112299",0.0425774740632087,0,7.3561311249555,0,1,NA
"ENSMUSG00000112305",0.0762754685848077,-1.68136425718283,7.35037065010852,-0.228745506481093,0.819066723291286,NA
"ENSMUSG00000112306",0,NA,NA,NA,NA,NA
"ENSMUSG00000112311",0.614925089082418,-1.66357686911464,7.34992167791896,-0.226339400882658,0.820937455932197,NA
"ENSMUSG00000112312",0,NA,NA,NA,NA,NA
"ENSMUSG00000112313",0,NA,NA,NA,NA,NA
"ENSMUSG00000112315",0.0463864331927929,0,7.3561311249555,0,1,NA
"ENSMUSG00000112316",0.0825360745890249,0,7.3561311249555,0,1,NA
"ENSMUSG00000112318",0.360788041328723,-2.10733363092422,7.25421899959906,-0.290497658127042,0.771435542120165,NA
"ENSMUSG00000112321",0.108947751201111,2.16693573134786,7.28506063532656,0.297449237531395,0.766123557589526,NA
"ENSMUSG00000112325",0.114228629431371,-3.13863321915088,7.26774571323647,-0.431857874916372,0.665844712909321,NA
"ENSMUSG00000112326",0.367745444938718,-0.242828190734428,7.34932841345445,-0.0330408681002581,0.973641997388543,NA
"ENSMUSG00000112328",3.54198212458272,5.81874984169036,3.58702655163213,1.62216525524261,0.104767968942902,NA
"ENSMUSG00000112330",0.133995713533016,-1.65768314777535,7.34977140855068,-0.225542136704662,0.821557549322415,NA
"ENSMUSG00000112334",0.119559417882307,-1.65781560876245,7.34977476512629,-0.2255600561569,0.821543610766058,NA
"ENSMUSG00000112335",0.106556248011919,2.74727956207311,7.26104728326191,0.378358583121489,0.705164231160339,NA
"ENSMUSG00000112339",0.16174470766828,0.500339484067634,7.27013087109851,0.0688212486045706,0.945131904246016,NA
"ENSMUSG00000112341",12.1952510847547,-0.585061649962868,0.832229682500687,-0.703005026454803,0.482052617019442,NA
"ENSMUSG00000112349",190.082274120077,-0.0225653613443463,1.75816304830462,-0.012834623822919,0.989759732951134,1
"ENSMUSG00000112351",0,NA,NA,NA,NA,NA
"ENSMUSG00000112357",0.315954091441019,-0.229843993932035,7.34985612584037,-0.0312719038300569,0.975052696940876,NA
"ENSMUSG00000112359",0.0735974805933528,-0.229368235277119,7.34980315811439,-0.0312073983945937,0.975104139723873,NA
"ENSMUSG00000112362",0.385703878041163,1.3061879799545,7.15333673839185,0.18259841913274,0.855113124838318,NA
"ENSMUSG00000112363",0,NA,NA,NA,NA,NA
"ENSMUSG00000112364",0.645589219570231,2.14063142098449,3.82452775669861,0.55971130481017,0.575676370171237,NA
"ENSMUSG00000112368",28.8916296200455,-0.322972561369034,0.581897676019689,-0.555033255293679,0.578871914181482,NA
"ENSMUSG00000112370",0.25919248244446,-1.87473322164808,7.34168021545054,-0.255354791632399,0.79844908458539,NA
"ENSMUSG00000112371",0,NA,NA,NA,NA,NA
"ENSMUSG00000112373",0,NA,NA,NA,NA,NA
"ENSMUSG00000112377",0.274961730486401,-3.09726737364182,7.26861232317644,-0.426115362318331,0.670023786596851,NA
"ENSMUSG00000112378",0.261569253602046,0,7.3561311249555,0,1,NA
"ENSMUSG00000112380",0.156384754565367,0.765201736333412,7.27900559999169,0.10512448792927,0.916277028403349,NA
"ENSMUSG00000112381",3.7282861042698,-0.76774940537822,1.28858305029633,-0.595809020770268,0.551302816748312,NA
"ENSMUSG00000112382",0,NA,NA,NA,NA,NA
"ENSMUSG00000112385",0,NA,NA,NA,NA,NA
"ENSMUSG00000112389",0,NA,NA,NA,NA,NA
"ENSMUSG00000112394",0.086557084991326,0,7.3561311249555,0,1,NA
"ENSMUSG00000112395",1.22866461333691,1.1785799073611,3.15991869264005,0.372977921902295,0.709164876020356,NA
"ENSMUSG00000112401",0,NA,NA,NA,NA,NA
"ENSMUSG00000112403",0,NA,NA,NA,NA,NA
"ENSMUSG00000112405",0.247160354115383,-0.211921429849606,7.34940172846331,-0.0288351947110009,0.976996031222241,NA
"ENSMUSG00000112408",0,NA,NA,NA,NA,NA
"ENSMUSG00000112413",1.27450876908556,1.2064656073609,2.65893768972047,0.453739706659969,0.650016184367924,NA
"ENSMUSG00000112418",0.220789373386438,-0.107568464741727,7.17148640371839,-0.0149994657573293,0.988032606598904,NA
"ENSMUSG00000112419",0.34795791994146,2.16026130270052,7.28486800947914,0.296540898186428,0.766817038433801,NA
"ENSMUSG00000112423",0.242124686526403,0,7.3561311249555,0,1,NA
"ENSMUSG00000112424",0.268969483497408,-0.692531581177788,7.19569521740691,-0.0962424839093384,0.923327990117619,NA
"ENSMUSG00000112427",0.0827071084369153,0,7.3561311249555,0,1,NA
"ENSMUSG00000112428",1.43208560288287,-0.941576666385912,2.19474775464208,-0.4290136141588,0.667913317154775,NA
"ENSMUSG00000112432",0,NA,NA,NA,NA,NA
"ENSMUSG00000112434",1.06771102303697,-0.245061356526296,3.35538784103371,-0.0730351804728479,0.941778122284852,NA
"ENSMUSG00000112435",0.178561531606687,0,7.35613112495549,0,1,NA
"ENSMUSG00000112436",0.0890945641649023,-1.90515823326198,7.34048284413937,-0.259541269111889,0.7952176444357,NA
"ENSMUSG00000112438",0.126831774809698,-1.6272664895871,7.34900097294621,-0.221426898101869,0.824760050518655,NA
"ENSMUSG00000112440",0.126881255411618,0,7.3561311249555,0,1,NA
"ENSMUSG00000112443",0.210274523347747,0,7.3561311249555,0,1,NA
"ENSMUSG00000112445",0.117793268333504,1.14244793144771,7.35589006378021,0.155310631554029,0.87657643454841,NA
"ENSMUSG00000112446",0.0355187493373065,1.16171280725677,7.35565536667627,0.157934643392857,0.874508299155349,NA
"ENSMUSG00000112447",1.14034228983484,3.44987161296195,2.9140556337631,1.18387294085629,0.236463362992482,NA
"ENSMUSG00000112449",267.245262879753,0.353642132440475,0.319772962377665,1.10591630327648,0.268762747536046,0.479033494301085
"ENSMUSG00000112450",0.194352064887077,1.15161266349674,7.35612272248926,0.156551583890249,0.875598262369611,NA
"ENSMUSG00000112451",0,NA,NA,NA,NA,NA
"ENSMUSG00000112453",0.0735998063112799,-0.231347522726451,7.34988082094146,-0.031476363816307,0.974889641745153,NA
"ENSMUSG00000112455",0.0406180793754555,0,7.3561311249555,0,1,NA
"ENSMUSG00000112456",0,NA,NA,NA,NA,NA
"ENSMUSG00000112457",0,NA,NA,NA,NA,NA
"ENSMUSG00000112460",0.0444816915190641,0,7.3561311249555,0,1,NA
"ENSMUSG00000112463",1.62969412894804,-0.134564515278988,2.35323510174793,-0.0571827758216918,0.954399598610813,NA
"ENSMUSG00000112464",0.0380762098104571,-1.67431590235222,7.3501929692546,-0.227792101425878,0.819807867435575,NA
"ENSMUSG00000112465",0.0355187493373064,1.16171280725677,7.35565536667627,0.157934643392857,0.874508299155349,NA
"ENSMUSG00000112467",0.081236158750911,0,7.3561311249555,0,1,NA
"ENSMUSG00000112471",3.70690551846405,1.04810004452749,1.40439378001089,0.746300688201114,0.45548579581212,NA
"ENSMUSG00000112472",0,NA,NA,NA,NA,NA
"ENSMUSG00000112473",0.0834385993377693,1.12481176701373,7.3554406467191,0.152922417709326,0.878459457060419,NA
"ENSMUSG00000112474",5.30500482147798,-0.979539520203392,1.4298434015612,-0.685067692821372,0.493301205846516,NA
"ENSMUSG00000112475",0.413690257644737,-0.460916633194622,5.8390760916335,-0.0789365690669872,0.93708307606915,NA
"ENSMUSG00000112479",0.319125484816114,2.15238488287433,7.28504929177214,0.295452343102918,0.767648352854004,NA
"ENSMUSG00000112480",0.0425774740632087,0,7.3561311249555,0,1,NA
"ENSMUSG00000112486",0.0380762098104571,-1.67431590235222,7.3501929692546,-0.227792101425878,0.819807867435575,NA
"ENSMUSG00000112487",0,NA,NA,NA,NA,NA
"ENSMUSG00000112490",3.74615516880729,0.650528485897385,1.29362267579753,0.502873440662541,0.61505325532789,NA
"ENSMUSG00000112491",0.147061734252792,2.74484457999416,7.26108679920792,0.378021177255942,0.705414862076913,NA
"ENSMUSG00000112492",0.089937718839854,0,7.35613112495549,0,1,NA
"ENSMUSG00000112495",0,NA,NA,NA,NA,NA
"ENSMUSG00000112499",2.87197030837734,1.71444777369045,1.66613929437011,1.02899426205454,0.303482371196332,NA
"ENSMUSG00000112502",0.887748947378573,0.874898026082473,4.80698457105599,0.182005582325029,0.85557834501269,NA
"ENSMUSG00000112503",0.0812361587509111,0,7.3561311249555,0,1,NA
"ENSMUSG00000112504",0.198006108692539,-2.55069573676226,7.29482887261123,-0.349658063445322,0.72659532978284,NA
"ENSMUSG00000112506",0.256495196574174,0,7.3561311249555,0,1,NA
"ENSMUSG00000112507",0,NA,NA,NA,NA,NA
"ENSMUSG00000112509",0.110843009339296,2.16272574642817,7.2850564024503,0.296871517110113,0.766564602426402,NA
"ENSMUSG00000112511",0.044481691519064,0,7.3561311249555,0,1,NA
"ENSMUSG00000112515",1.78628956918173,1.16447882334559,2.43093583783015,0.479024910992714,0.631920906927522,NA
"ENSMUSG00000112516",101.906078031976,0.207052896548444,0.781343549583702,0.264995976045059,0.791012561690287,0.894333658047408
"ENSMUSG00000112518",0.122068174690137,1.10800427625999,7.35501247589512,0.150646145046156,0.880254858267703,NA
"ENSMUSG00000112520",0.0406180793754555,0,7.3561311249555,0,1,NA
"ENSMUSG00000112521",0.0406180793754555,0,7.3561311249555,0,1,NA
"ENSMUSG00000112522",74.6954697978501,0.153420395493915,0.745666492396962,0.205749349150371,0.836986708105349,0.920825109585016
"ENSMUSG00000112525",0.150210464521962,0.787100099148319,7.27871575533789,0.108137221675554,0.913886842631328,NA
"ENSMUSG00000112528",0.187441796488879,2.74170994915556,7.26121052191103,0.37758304085556,0.705740365084657,NA
"ENSMUSG00000112529",0.0938205250868769,0,7.3561311249555,0,1,NA
"ENSMUSG00000112531",0.0419195223311899,0,7.3561311249555,0,1,NA
"ENSMUSG00000112534",0.111942878521095,-1.12732677513221,7.29433189071868,-0.154548324921522,0.877177411108174,NA
"ENSMUSG00000112536",0.194657504603586,2.14509090685414,7.28506249771074,0.294450583989941,0.768413618690987,NA
"ENSMUSG00000112541",0,NA,NA,NA,NA,NA
"ENSMUSG00000112546",0.611504737193082,2.1532619990452,4.20162981111163,0.512482559351298,0.608313323388525,NA
"ENSMUSG00000112550",4.05979240264155,0.574973315560563,1.28268109163871,0.448258978251561,0.653966302400981,NA
"ENSMUSG00000112551",0.21864044865669,0,7.3561311249555,0,1,NA
"ENSMUSG00000112553",5.29824382932561,-0.315166251053817,1.19936354826025,-0.262777913761832,0.792721759709916,NA
"ENSMUSG00000112557",262.692831780491,-0.141127610857178,1.11939382266356,-0.126075030967537,0.899672532141244,0.955139575217438
"ENSMUSG00000112559",0.035583895638899,0,7.3561311249555,0,1,NA
"ENSMUSG00000112560",0,NA,NA,NA,NA,NA
"ENSMUSG00000112561",0.49635548257563,0,7.3561311249555,0,1,NA
"ENSMUSG00000112562",0,NA,NA,NA,NA,NA
"ENSMUSG00000112565",0,NA,NA,NA,NA,NA
"ENSMUSG00000112566",0.147219890757435,-0.123905228307421,7.22268428260887,-0.0171550109985793,0.986312952924013,NA
"ENSMUSG00000112567",1.22941050600522,0.207741976321335,5.03448395271561,0.0412638074274284,0.967085585970685,NA
"ENSMUSG00000112568",0,NA,NA,NA,NA,NA
"ENSMUSG00000112570",0.134172184700313,-1.62190656587862,7.34886532870059,-0.220701631249705,0.825324761227928,NA
"ENSMUSG00000112572",0.511900748281993,-1.72978818846947,7.16774194388117,-0.241329584967288,0.809299682895973,NA
"ENSMUSG00000112574",1.03752985150248,0.746910674544992,2.69719905432936,0.276920857341286,0.781840876807189,NA
"ENSMUSG00000112575",0.0865397704035736,0,7.3561311249555,0,1,NA
"ENSMUSG00000112577",0.044481691519064,0,7.3561311249555,0,1,NA
"ENSMUSG00000112579",0.120640793690973,0,7.3561311249555,0,1,NA
"ENSMUSG00000112582",0.549388922267522,1.13083687874362,5.32301248842421,0.21244302567443,0.831761422108186,NA
"ENSMUSG00000112583",0.201837408903227,-3.12852299302533,7.26795566361974,-0.430454331014342,0.666865180745123,NA
"ENSMUSG00000112584",1.08469243027726,0.187993020013797,2.54005420888647,0.0740114204476806,0.941001297982229,NA
"ENSMUSG00000112585",0.081236158750911,0,7.3561311249555,0,1,NA
"ENSMUSG00000112588",0.1615332166335,0,7.3561311249555,0,1,NA
"ENSMUSG00000112589",0,NA,NA,NA,NA,NA
"ENSMUSG00000112590",0.136482480317443,-1.87606850093047,7.34162859048103,-0.255538465043429,0.798307238665604,NA
"ENSMUSG00000112591",0.113479890242672,2.15474887178153,7.28499389681911,0.295779090868199,0.767398791989716,NA
"ENSMUSG00000112594",9.0010172429692,-0.576067744229016,1.13153260452769,-0.509103972721558,0.610679347321023,NA
"ENSMUSG00000112595",0,NA,NA,NA,NA,NA
"ENSMUSG00000112597",4.63978348576897,0.400644210214819,1.513075357351,0.264788008256404,0.791172775297095,NA
"ENSMUSG00000112600",0.142074997349226,3.16234199338107,7.24913616833546,0.436237079832259,0.662664727608538,NA
"ENSMUSG00000112602",0,NA,NA,NA,NA,NA
"ENSMUSG00000112603",0,NA,NA,NA,NA,NA
"ENSMUSG00000112605",5.18640618595177,-0.252601039639218,1.15942996104333,-0.217866579376569,0.827533067443871,NA
"ENSMUSG00000112606",0.15766905966887,2.08328616183135,7.28676491428274,0.285900009995919,0.774954706089449,NA
"ENSMUSG00000112608",0.0812361587509111,0,7.3561311249555,0,1,NA
"ENSMUSG00000112611",0.0711677912777981,0,7.3561311249555,0,1,NA
"ENSMUSG00000112612",0,NA,NA,NA,NA,NA
"ENSMUSG00000112613",0.174308378152952,0,7.3561311249555,0,1,NA
"ENSMUSG00000112614",0.488314865057457,0.473301403713356,7.1990341030843,0.0657451259344053,0.947580744806292,NA
"ENSMUSG00000112615",0.0762056093557042,0,7.3561311249555,0,1,NA
"ENSMUSG00000112617",1.42495461436883,-1.5865438992686,2.52164072261931,-0.62917127132235,0.529236934696217,NA
"ENSMUSG00000112620",0.207187376268496,-1.66103004796189,7.34985622276394,-0.225994903521698,0.821205384198658,NA
"ENSMUSG00000112621",5.00415058415889,-0.78007850790648,1.10498986982557,-0.705959872763014,0.480213092100687,NA
"ENSMUSG00000112624",0.0761524196209141,-2.55627499047924,7.29465809108018,-0.350431090609309,0.726015196884991,NA
"ENSMUSG00000112625",24.1601816667558,-0.224195797541385,0.587523116926079,-0.381594853176803,0.702761902433052,NA
"ENSMUSG00000112626",2.68186861348404,0.575361891016064,1.60718434318782,0.357993713325283,0.72034801823914,NA
"ENSMUSG00000112628",0,NA,NA,NA,NA,NA
"ENSMUSG00000112631",0.0858471360010738,0,7.3561311249555,0,1,NA
"ENSMUSG00000112632",4.25637022822166,0.0510615575202199,1.01127170978766,0.0504924215974967,0.959729988392405,NA
"ENSMUSG00000112638",0,NA,NA,NA,NA,NA
"ENSMUSG00000112640",241.86688831463,0.672719401575941,0.498451561263227,1.34961840599128,0.177138417038847,0.368506704039452
"ENSMUSG00000112642",0.666308652506929,1.77078317052554,6.9151416522593,0.256073304000503,0.79789423519443,NA
"ENSMUSG00000112643",2.28986519882726,0.338082230243186,1.63813964998601,0.206381812592152,0.83649267647758,NA
"ENSMUSG00000112644",0.417819021408001,-1.65448616882068,5.80653928180427,-0.284934982530003,0.775693954198758,NA
"ENSMUSG00000112645",0.0474375977968173,0,7.3561311249555,0,1,NA
"ENSMUSG00000112646",1.71949613553043,-2.01579932004168,1.96285679388708,-1.02697217969211,0.30443356424532,NA
"ENSMUSG00000112648",0.0857989973904234,-1.64928950289438,7.34955876547233,-0.22440660120205,0.822440934650111,NA
"ENSMUSG00000112649",0.208987095759264,2.3595791442319,7.26822342307305,0.324643177140289,0.745451145040458,NA
"ENSMUSG00000112650",0.151780687096832,-1.11123981667968,7.2942463539041,-0.152344706055193,0.878915066070457,NA
"ENSMUSG00000112651",0,NA,NA,NA,NA,NA
"ENSMUSG00000112653",0,NA,NA,NA,NA,NA
"ENSMUSG00000112656",0.128518815239543,0,7.3561311249555,0,1,NA
"ENSMUSG00000112657",0.283643195138286,0.681146349531053,7.17191695455374,0.0949740988144829,0.924335400057071,NA
"ENSMUSG00000112658",0.200391254895319,-3.13147445584252,7.26789422507827,-0.430864065830402,0.666567213033789,NA
"ENSMUSG00000112661",0.645247958636313,-1.29805392441998,5.09060273297467,-0.254990222672801,0.798730650862097,NA
"ENSMUSG00000112665",0.0380762098104571,-1.67431590235222,7.3501929692546,-0.227792101425878,0.819807867435575,NA
"ENSMUSG00000112667",116.344676184935,-0.25989109262381,1.03627134303769,-0.25079444140757,0.801973039378932,0.900545665598176
"ENSMUSG00000112668",0.459129575353679,-0.520625323360221,6.48028894149673,-0.0803398317668184,0.935966979413245,NA
"ENSMUSG00000112670",0.248322558926843,1.14896900353915,7.3557872694126,0.156199324621156,0.875875909076055,NA
"ENSMUSG00000112671",0,NA,NA,NA,NA,NA
"ENSMUSG00000112672",0,NA,NA,NA,NA,NA
"ENSMUSG00000112673",1.41976646354311,-0.951312477120376,2.34005550021909,-0.406534151446968,0.684350169079575,NA
"ENSMUSG00000112675",0,NA,NA,NA,NA,NA
"ENSMUSG00000112676",0.0488582735869228,-1.88445199085273,7.34129618423011,-0.256691998737325,0.797416548724726,NA
"ENSMUSG00000112678",0.165996649038942,0,7.3561311249555,0,1,NA
"ENSMUSG00000112680",0,NA,NA,NA,NA,NA
"ENSMUSG00000112683",1.70895450736031,-2.19385914471781,1.93784459360674,-1.1321130455743,0.257586910944831,NA
"ENSMUSG00000112686",2.24242805050231,3.13329037735215,2.13836626893617,1.46527300905797,0.142846447398697,NA
"ENSMUSG00000112687",0.035583895638899,0,7.3561311249555,0,1,NA
"ENSMUSG00000112688",0,NA,NA,NA,NA,NA
"ENSMUSG00000112689",220.270824806725,0.264504603249725,0.665832945065896,0.397253703364809,0.691180383754602,0.832163748340758
"ENSMUSG00000112690",25.7985140912882,-1.74820576858666,3.29208274715234,-0.531033361812932,0.595395660709171,NA
"ENSMUSG00000112691",2.09597989473825,1.1494338463872,2.7625444441723,0.416077956252244,0.67735295982422,NA
"ENSMUSG00000112692",0.0380762098104571,-1.67431590235222,7.3501929692546,-0.227792101425878,0.819807867435575,NA
"ENSMUSG00000112693",40.9648540610248,-8.9736171470727,2.17302832210654,-4.12954449593812,3.63482653679415e-05,NA
"ENSMUSG00000112696",0.041372325189651,0,7.3561311249555,0,1,NA
"ENSMUSG00000112697",0.975797528981842,0,4.49562950664891,0,1,NA
"ENSMUSG00000112698",8.29629411802916,-0.316986491543859,2.13120146464655,-0.148736051847838,0.881761912373621,NA
"ENSMUSG00000112699",0.0355187493373064,1.16171280725677,7.35565536667627,0.157934643392857,0.874508299155349,NA
"ENSMUSG00000112703",0.11946712164275,-1.67101733695676,7.35010935290717,-0.227345915104764,0.820154772598832,NA
"ENSMUSG00000112706",0.126904089577818,0,7.3561311249555,0,1,NA
"ENSMUSG00000112708",1.80135233648957,-2.5053174823288,2.42934136594637,-1.03127436820837,0.30241217466304,NA
"ENSMUSG00000112710",1.67738930576666,1.34850424403435,2.81708815621956,0.478687271840295,0.632161122032905,NA
"ENSMUSG00000112712",0.420781099938418,-2.5488875153714,6.68164698553197,-0.381475932639155,0.702850126477446,NA
"ENSMUSG00000112714",0.0425774740632087,0,7.3561311249555,0,1,NA
"ENSMUSG00000112715",0,NA,NA,NA,NA,NA
"ENSMUSG00000112717",0.129716778647215,0,7.3561311249555,0,1,NA
"ENSMUSG00000112718",0.0406180793754555,0,7.3561311249555,0,1,NA
"ENSMUSG00000112719",0.11369685442843,2.1279923983658,7.28506247574222,0.292103520793621,0.770207474821783,NA
"ENSMUSG00000112720",0.116644547386272,-1.65327954200152,7.34965886866608,-0.224946432418785,0.822020946962212,NA
"ENSMUSG00000112723",0,NA,NA,NA,NA,NA
"ENSMUSG00000112724",0.380365015364138,-0.451849394606927,5.95990542741121,-0.0758148598346459,0.939566393713132,NA
"ENSMUSG00000112725",0,NA,NA,NA,NA,NA
"ENSMUSG00000112727",10.3452484538903,0.448133456123134,0.974364360536662,0.459923899388428,0.645570844998007,NA
"ENSMUSG00000112729",1.51494586427133,0.321557108857176,2.38709303021595,0.134706567690027,0.892843880258991,NA
"ENSMUSG00000112735",0,NA,NA,NA,NA,NA
"ENSMUSG00000112737",0.154854431192414,-1.1128740969036,7.29484881460346,-0.152556156431336,0.878748302273568,NA
"ENSMUSG00000112738",0.330412907660332,3.17356641128423,7.24912609471407,0.43778606825426,0.661541371089633,NA
"ENSMUSG00000112740",0,NA,NA,NA,NA,NA
"ENSMUSG00000112743",0,NA,NA,NA,NA,NA
"ENSMUSG00000112746",0.453058466527345,-1.88241703123951,6.62985184468774,-0.283930482209466,0.776463655964382,NA
"ENSMUSG00000112748",0,NA,NA,NA,NA,NA
"ENSMUSG00000112750",0,NA,NA,NA,NA,NA
"ENSMUSG00000112754",0.0838390446623797,0,7.3561311249555,0,1,NA
"ENSMUSG00000112755",0.289381309367407,0,7.3561311249555,0,1,NA
"ENSMUSG00000112760",0,NA,NA,NA,NA,NA
"ENSMUSG00000112764",0.123247932169497,0,7.3561311249555,0,1,NA
"ENSMUSG00000112768",0,NA,NA,NA,NA,NA
"ENSMUSG00000112769",0.0406180793754555,0,7.3561311249555,0,1,NA
"ENSMUSG00000112772",0.0381979668618393,0,7.3561311249555,0,1,NA
"ENSMUSG00000112776",2.27316440028373,2.71448841348484,2.87180327964181,0.945220876627527,0.344546123421459,NA
"ENSMUSG00000112777",0.0762741520344823,-1.67705641080606,7.3502614277863,-0.228162824857665,0.819519660687513,NA
"ENSMUSG00000112779",8.16039591407729,0.914917494329511,1.12656221676625,0.812132237983043,0.416715756576113,NA
"ENSMUSG00000112781",0,NA,NA,NA,NA,NA
"ENSMUSG00000112782",0.966032718137639,-0.656430637316247,2.71984433323295,-0.241348605615226,0.809284942209017,NA
"ENSMUSG00000112786",1.59666045282637,1.5638418638361,2.10520019960356,0.742847100304568,0.457574255796022,NA
"ENSMUSG00000112789",10.451542191343,-1.21861854287104,0.8772590529637,-1.38912050979025,0.164796108036258,NA
"ENSMUSG00000112791",3.09599256792146,1.63183615724694,2.54538818219563,0.641095204519783,0.521460829686195,NA
"ENSMUSG00000112795",0.153823534569999,-0.229221364425178,7.34980979884709,-0.0311873872519986,0.975120098537528,NA
"ENSMUSG00000112799",0.152548207826427,-2.55964355558632,7.29455157908991,-0.350897999395004,0.725664872427415,NA
"ENSMUSG00000112801",0,NA,NA,NA,NA,NA
"ENSMUSG00000112802",0.0380762098104571,-1.67431590235222,7.3501929692546,-0.227792101425878,0.819807867435575,NA
"ENSMUSG00000112804",0.170221907187018,0,7.3561311249555,0,1,NA
"ENSMUSG00000112808",17245.9260287321,-0.802342891690612,0.334587300943491,-2.39800760348081,0.0164845230547802,0.0846506341771328
"ENSMUSG00000112811",0.674181894808634,-1.83752832260971,4.09066940010956,-0.449199909081018,0.653287453079532,NA
"ENSMUSG00000112814",0.34795791994146,2.16026130270052,7.28486800947914,0.296540898186428,0.766817038433801,NA
"ENSMUSG00000112815",0.0488582735869228,-1.88445199085273,7.34129618423011,-0.256691998737325,0.797416548724726,NA
"ENSMUSG00000112817",0.11210820240002,-2.56901025323295,7.29426849083532,-0.35219573511185,0.724691475194715,NA
"ENSMUSG00000112823",0.121854238126367,0,7.3561311249555,0,1,NA
"ENSMUSG00000112825",1.95898596349529,-1.03621412145229,2.16520613075439,-0.478575275921306,0.632240810680131,NA
"ENSMUSG00000112827",0,NA,NA,NA,NA,NA
"ENSMUSG00000112829",0,NA,NA,NA,NA,NA
"ENSMUSG00000112834",0.226750243525113,1.14984814599548,7.35607864125846,0.15631264999619,0.87578658564974,NA
"ENSMUSG00000112836",0.48749946728456,2.09013931623031,7.23603530026701,0.28885145380001,0.772695055071629,NA
"ENSMUSG00000112838",0.116907976931355,1.12986391072834,7.35556838797328,0.153606608100568,0.877919926271995,NA
"ENSMUSG00000112839",0,NA,NA,NA,NA,NA
"ENSMUSG00000112840",0.0355187493373064,1.16171280725677,7.35565536667627,0.157934643392857,0.874508299155349,NA
"ENSMUSG00000112842",0.249102082705105,-1.1634021746271,7.33732053323063,-0.158559540823938,0.874015907185294,NA
"ENSMUSG00000112844",152.908700793973,-0.031203348930421,1.14364082181704,-0.0272842210029234,0.978233041999833,0.995617249128999
"ENSMUSG00000112849",0,NA,NA,NA,NA,NA
"ENSMUSG00000112850",0.128941747554604,-0.453679112564279,7.34090500035517,-0.0618015234555316,0.950720890266705,NA
"ENSMUSG00000112851",0.161900306249213,-1.67072610864168,7.35008849262215,-0.227306937912205,0.820185078627664,NA
"ENSMUSG00000112855",86.8123998757169,0.172602423505066,0.747623387002466,0.230868143647968,0.81741723989888,0.908835110366598
"ENSMUSG00000112856",0,NA,NA,NA,NA,NA
"ENSMUSG00000112858",0.502067313095332,3.05287611819073,7.24927660184035,0.421128380922271,0.673661338306396,NA
"ENSMUSG00000112861",0.165371265550899,1.14297163056003,7.35590341291644,0.155381544101444,0.87652053312547,NA
"ENSMUSG00000112862",0.0761732127457806,1.15261473543789,7.35609993842199,0.156688292041496,0.875490514698516,NA
"ENSMUSG00000112863",0.233004819763533,0.766199049985939,7.27898217644219,0.105261839006239,0.916168042766739,NA
"ENSMUSG00000112864",0.078700862926975,-1.6720135979654,7.35013460673569,-0.227480677215511,0.820049992765385,NA
"ENSMUSG00000112867",0.0762779494033637,-1.68510226797089,7.35046543387906,-0.229251097516094,0.818673759828564,NA
"ENSMUSG00000112869",0.0355187493373064,1.16171280725677,7.35565536667627,0.157934643392857,0.874508299155349,NA
"ENSMUSG00000112872",0.296987028287096,-0.443315832221421,7.34145302127545,-0.0603852985147077,0.95184876737527,NA
"ENSMUSG00000112877",0,NA,NA,NA,NA,NA
"ENSMUSG00000112879",2.63357656729595,-0.290930644727345,1.72516562727181,-0.168639254184206,0.866080402363144,NA
"ENSMUSG00000112882",0.215456488328898,2.09179518782061,7.23600650265795,0.289081441130856,0.772519055411213,NA
"ENSMUSG00000112885",0.0488582735869228,-1.88445199085272,7.34129618423011,-0.256691998737325,0.797416548724726,NA
"ENSMUSG00000112886",0,NA,NA,NA,NA,NA
"ENSMUSG00000112887",0.0425774740632087,0,7.3561311249555,0,1,NA
"ENSMUSG00000112890",0,NA,NA,NA,NA,NA
"ENSMUSG00000112892",0.216160998145874,-1.66619180635306,7.34998704106975,-0.226693162456318,0.820662344287785,NA
"ENSMUSG00000112893",0.109253288440672,2.16302815527658,7.28479212970142,0.296923799164772,0.766524686008058,NA
"ENSMUSG00000112901",1.52040527474728,0,4.07811596648429,0,1,NA
"ENSMUSG00000112903",11.3986988093803,-6.14593808499109,3.59310481866088,-1.71048115631695,0.0871769350524079,NA
"ENSMUSG00000112906",0.081236158750911,0,7.3561311249555,0,1,NA
"ENSMUSG00000112908",1.82435222063825,1.11762285084862,2.73473853128777,0.408676309658877,0.682777221486462,NA
"ENSMUSG00000112909",434.559350999564,-0.821208255830388,0.297166365438782,-2.7634630003225,0.00571915760282594,0.0455184161867427
"ENSMUSG00000112912",0.0406180793754555,0,7.3561311249555,0,1,NA
"ENSMUSG00000112915",0.0355187493373064,1.16171280725677,7.35565536667627,0.157934643392857,0.874508299155349,NA
"ENSMUSG00000112916",0.17149155327373,0,7.3561311249555,0,1,NA
"ENSMUSG00000112917",88.0969879064778,0.0495550342970549,0.842929500279441,0.0587890615770677,0.953120120989355,0.984081094211382
"ENSMUSG00000112918",0.732449884332344,1.34606650617599,4.69240074018956,0.286860944046653,0.774218796328229,NA
"ENSMUSG00000112919",0.412302275995106,-3.13419250981051,7.26784444847421,-0.431241000276016,0.666293144886712,NA
"ENSMUSG00000112920",0,NA,NA,NA,NA,NA
"ENSMUSG00000112923",0.977787195081589,-1.22343489975041,2.26731714479219,-0.539595840202824,0.589475785988215,NA
"ENSMUSG00000112926",3.83406516900542,-0.460589524937724,1.41173554779289,-0.326257651907832,0.744229425596812,NA
"ENSMUSG00000112930",0.156648426509615,-2.54083230902769,7.29513011923163,-0.348291568142079,0.727621225557367,NA
"ENSMUSG00000112931",0,NA,NA,NA,NA,NA
"ENSMUSG00000112933",0.0406180793754555,0,7.3561311249555,0,1,NA
"ENSMUSG00000112938",2.30976542499947,0.754017291053172,1.8257843176026,0.412982674779055,0.679619307249941,NA
"ENSMUSG00000112939",0,NA,NA,NA,NA,NA
"ENSMUSG00000112942",1.40216660902625,4.13983974556752,2.79764448733152,1.47975904884048,0.138937560915253,NA
"ENSMUSG00000112943",0.272887420246768,-0.10991809733604,7.22280223495413,-0.0152182066960245,0.987858096500903,NA
"ENSMUSG00000112946",1.75356639873116,-0.851209814424191,2.03585625301157,-0.418108996234398,0.67586742777593,NA
"ENSMUSG00000112949",0.16437549351168,-1.67289063014978,7.35015585862052,-0.227599341065368,0.819957732262979,NA
"ENSMUSG00000112951",0.0761524196209141,-2.55627499047924,7.29465809108018,-0.350431090609309,0.726015196884991,NA
"ENSMUSG00000112953",0,NA,NA,NA,NA,NA
"ENSMUSG00000112956",0.0934551130557449,0,7.3561311249555,0,1,NA
"ENSMUSG00000112958",0.0710374986746129,2.16226366003378,7.28481246100722,0.296818026765623,0.766605441993722,NA
"ENSMUSG00000112960",0.127732422189626,0,7.3561311249555,0,1,NA
"ENSMUSG00000112961",0,NA,NA,NA,NA,NA
"ENSMUSG00000112962",0.258150047599453,2.1343508150442,7.28505872413577,0.292976473610705,0.769540134394897,NA
"ENSMUSG00000112966",0.154701579200709,-3.13583189466489,7.26780373983696,-0.431468983879749,0.666127400163304,NA
"ENSMUSG00000112969",0.174829721813243,0,7.3561311249555,0,1,NA
"ENSMUSG00000112970",0,NA,NA,NA,NA,NA
"ENSMUSG00000112972",91.4891361501523,-0.158130003204305,1.15622218139601,-0.13676437431202,0.89121704416149,0.951061263255568
"ENSMUSG00000112973",0.0355187493373065,1.16171280725677,7.35565536667627,0.157934643392857,0.874508299155349,NA
"ENSMUSG00000112974",0.700466247016439,1.34707916780968,4.03874951715446,0.333538676287796,0.73872769969483,NA
"ENSMUSG00000112975",0.370221172365548,-1.91375551561303,7.34014478615472,-0.260724491323772,0.794304977767167,NA
"ENSMUSG00000112976",0,NA,NA,NA,NA,NA
"ENSMUSG00000112978",0,NA,NA,NA,NA,NA
"ENSMUSG00000112979",0.25390079332013,1.14949074921641,7.35606960403881,0.156264256741846,0.875824729175477,NA
"ENSMUSG00000112982",0.0400922426516566,0,7.3561311249555,0,1,NA
"ENSMUSG00000112986",0.929208721452668,0.560289062176211,4.43909347036385,0.126217000366583,0.899560154637523,NA
"ENSMUSG00000112987",0.131002159857185,0,7.3561311249555,0,1,NA
"ENSMUSG00000112989",0.26960112208021,-1.69601634751279,7.26784934337427,-0.233358765073874,0.815482829990733,NA
"ENSMUSG00000112992",0.0818192239559415,-1.67117908280418,7.35011352427806,-0.227367791978196,0.820137762739288,NA
"ENSMUSG00000112993",0.0408637855333217,0,7.3561311249555,0,1,NA
"ENSMUSG00000112994",2.47292246650033,-2.34273493174183,1.69845301154862,-1.37933455668918,0.167791626634377,NA
"ENSMUSG00000112996",0.0737024130774595,1.16952375453976,7.35527378940457,0.159004788676185,0.873665101014899,NA
"ENSMUSG00000112997",0.044348485225543,0,7.3561311249555,0,1,NA
"ENSMUSG00000112999",2.45769216883114,2.84062520450608,2.07031916714421,1.37207115192022,0.170041288972588,NA
"ENSMUSG00000113000",0,NA,NA,NA,NA,NA
"ENSMUSG00000113002",10.7747047005597,-0.724319525383544,0.729270471637885,-0.993211097326865,0.320607091411146,NA
"ENSMUSG00000113004",66.4034218284435,0.340919813369566,0.683083632607567,0.499089419063017,0.617716391294569,0.780068854982945
"ENSMUSG00000113006",0,NA,NA,NA,NA,NA
"ENSMUSG00000113007",0.134136012895545,-1.88517454323507,7.34126761892057,-0.256791420922515,0.797339793168782,NA
"ENSMUSG00000113008",0,NA,NA,NA,NA,NA
"ENSMUSG00000113011",0.473971367087588,1.35556212274731,7.25505246738368,0.18684387588394,0.851783044656763,NA
"ENSMUSG00000113014",0.306448816796067,-3.5589262151391,7.25410674518072,-0.490608470505825,0.623703394258037,NA
"ENSMUSG00000113015",1.21376191696396,-1.03565671895841,2.98604924843092,-0.346831760896984,0.728717714732978,NA
"ENSMUSG00000113018",2.18029262160086,-0.690897099220773,1.4241007531131,-0.485146221368442,0.627572626818585,NA
"ENSMUSG00000113021",0,NA,NA,NA,NA,NA
"ENSMUSG00000113022",3.6366263378594,0.471771620732617,1.95626911465057,0.241158855496671,0.809431998435357,NA
"ENSMUSG00000113023",0.0736745347851464,-1.67926585691245,7.35031754605733,-0.22846167480386,0.819287347362967,NA
"ENSMUSG00000113025",0,NA,NA,NA,NA,NA
"ENSMUSG00000113026",0.11195434904208,-1.12808831100025,7.29433841871749,-0.154652587560996,0.877095209810258,NA
"ENSMUSG00000113027",0,NA,NA,NA,NA,NA
"ENSMUSG00000113028",0,NA,NA,NA,NA,NA
"ENSMUSG00000113033",0,NA,NA,NA,NA,NA
"ENSMUSG00000113034",0,NA,NA,NA,NA,NA
"ENSMUSG00000113036",10.8266985248283,-6.04890373216536,6.31146667089104,-0.958399061198147,0.337861568453366,NA
"ENSMUSG00000113039",0.0432773486139992,0,7.3561311249555,0,1,NA
"ENSMUSG00000113040",0.0406180793754555,0,7.3561311249555,0,1,NA
"ENSMUSG00000113043",0.0787006492058621,-1.67208584154364,7.35013643803205,-0.227490449414205,0.820042394839556,NA
"ENSMUSG00000113044",0,NA,NA,NA,NA,NA
"ENSMUSG00000113046",0.0380762098104571,-1.67431590235222,7.3501929692546,-0.227792101425878,0.819807867435575,NA
"ENSMUSG00000113048",0,NA,NA,NA,NA,NA
"ENSMUSG00000113051",0,NA,NA,NA,NA,NA
"ENSMUSG00000113053",4.75797769324177,1.31029510068599,1.20554055134474,1.08689425604506,0.277083545111079,NA
"ENSMUSG00000113059",6.31551931928826,-0.175519681283289,0.947671220997604,-0.185211576962864,0.853063089082422,NA
"ENSMUSG00000113060",0.0406180793754555,0,7.3561311249555,0,1,NA
"ENSMUSG00000113061",191.922169515371,-0.727289077482037,0.291899640319538,-2.49157236605665,0.0127179056422976,0.0724774815146338
"ENSMUSG00000113062",0.0736780907848701,-1.6803880017803,7.3503459977424,-0.228613456059949,0.81916936509795,NA
"ENSMUSG00000113066",0.0355187493373064,1.16171280725677,7.35565536667627,0.157934643392857,0.874508299155349,NA
"ENSMUSG00000113069",167.282563532289,0.405408800382941,0.70838834866856,0.572297386235841,0.567120520196758,0.74310848761605
"ENSMUSG00000113071",0.32257974334566,1.14753806873159,7.35601880743181,0.155999882378255,0.876033113934834,NA
"ENSMUSG00000113072",6.26053352729981,3.45470294783884,1.830772130752,1.88701962948267,0.0591576854936606,NA
"ENSMUSG00000113075",0.411867743572458,-0.224368571755481,7.34979691025538,-0.0305271797976368,0.975646617134935,NA
"ENSMUSG00000113077",0.0406180793754555,0,7.3561311249555,0,1,NA
"ENSMUSG00000113080",0.691351613534743,-0.235661233387423,7.34967271203733,-0.0320641806269082,0.974420868432065,NA
"ENSMUSG00000113081",0.501380999686459,0,7.35613112495549,0,1,NA
"ENSMUSG00000113083",0.161191141036595,-1.66619419305863,7.34998613746259,-0.22669351504843,0.820662070096602,NA
"ENSMUSG00000113084",0,NA,NA,NA,NA,NA
"ENSMUSG00000113085",0,NA,NA,NA,NA,NA
"ENSMUSG00000113089",0.0406180793754555,0,7.3561311249555,0,1,NA
"ENSMUSG00000113091",0.308649692597742,-1.11129290131373,7.29432722359838,-0.152350294584881,0.878910658515984,NA
"ENSMUSG00000113097",0.106556248011919,2.74727956207311,7.26104728326191,0.378358583121489,0.705164231160339,NA
"ENSMUSG00000113103",0.0825335185921629,0,7.3561311249555,0,1,NA
"ENSMUSG00000113107",0.700359845567405,2.11930518341903,3.60417829480325,0.588013413896527,0.556523289229726,NA
"ENSMUSG00000113108",1.05463726957725,2.73140620879547,2.69696706391533,1.01276958304049,0.311170232564158,NA
"ENSMUSG00000113109",0.114228629431371,-3.13863321915088,7.26774571323647,-0.431857874916372,0.665844712909321,NA
"ENSMUSG00000113110",0.666347797750988,-0.11554178044392,5.79121103207124,-0.0199512295103839,0.984082278023977,NA
"ENSMUSG00000113111",0.49096849534023,1.35465729158484,7.25505845678004,0.186719004354662,0.85188095482783,NA
"ENSMUSG00000113112",0.236082902692057,1.15923993924467,7.35604799858103,0.157590045560916,0.874779848045237,NA
"ENSMUSG00000113113",10.3917334049769,-0.596782708653794,0.813979829232357,-0.73316645845709,0.463456910096894,NA
"ENSMUSG00000113114",0,NA,NA,NA,NA,NA
"ENSMUSG00000113116",0.962191441138803,-0.0890798746254845,2.47847408779173,-0.0359414185785791,0.971329069937938,NA
"ENSMUSG00000113117",0.0419195223311899,0,7.3561311249555,0,1,NA
"ENSMUSG00000113118",0.735905516819019,-1.84700417339641,4.5364219752152,-0.407149992546448,0.68389782760322,NA
"ENSMUSG00000113122",0,NA,NA,NA,NA,NA
"ENSMUSG00000113125",0.912753689868578,-2.19695687267212,2.68180198279024,-0.819209205888621,0.412667063468044,NA
"ENSMUSG00000113127",0.0400922426516566,0,7.3561311249555,0,1,NA
"ENSMUSG00000113129",0.117380327265076,1.15938113735519,7.35580343802034,0.157614480474374,0.874760592436146,NA
"ENSMUSG00000113130",0.0761524196209141,-2.55627499047924,7.29465809108018,-0.350431090609309,0.726015196884991,NA
"ENSMUSG00000113131",0.0710374986746129,2.16226366003378,7.28481246100722,0.296818026765623,0.766605441993722,NA
"ENSMUSG00000113132",0.587600136380929,-1.66717982273959,5.50671080743892,-0.302754199564544,0.762077189645316,NA
"ENSMUSG00000113133",0.247418888012806,0,7.3561311249555,0,1,NA
"ENSMUSG00000113134",0.298217816803247,1.77235214434032,7.24312534521333,0.244694390869764,0.806693071478088,NA
"ENSMUSG00000113137",5.08201422836238,1.98416114424907,1.36744661943415,1.45099714756698,0.146780654490879,NA
"ENSMUSG00000113139",0,NA,NA,NA,NA,NA
"ENSMUSG00000113141",2.7408914624936,0.55124248921201,1.55926584950089,0.353526943072895,0.723693433482945,NA
"ENSMUSG00000113142",0.0736027941088888,-0.233822967419255,7.3499780093978,-0.0318127438096121,0.974621383690654,NA
"ENSMUSG00000113143",0.984729057736924,-2.51828359726425,3.236833395941,-0.778008407977433,0.436564056493779,NA
"ENSMUSG00000113144",0.389506089868806,0,7.3561311249555,0,1,NA
"ENSMUSG00000113145",0.114228629431371,-3.13863321915088,7.26774571323647,-0.431857874916372,0.665844712909321,NA
"ENSMUSG00000113146",125.108965799085,-0.210789572185649,1.18673097709055,-0.177622035874071,0.85901981760309,0.932917039882064
"ENSMUSG00000113148",0.0406180793754555,0,7.3561311249555,0,1,NA
"ENSMUSG00000113149",233.032965655545,-0.076450262903126,0.383243966911653,-0.199481973634694,0.841885742942641,0.924568444504833
"ENSMUSG00000113150",0.157393656132068,-2.55489109954942,7.29470039351885,-0.350239346611051,0.72615908016325,NA
"ENSMUSG00000113151",8.23584306249488,-0.156206344519011,0.985418819133878,-0.158517720065775,0.874048858600879,NA
"ENSMUSG00000113153",0,NA,NA,NA,NA,NA
"ENSMUSG00000113155",0.111909216440342,-1.12508987094931,7.29431280828781,-0.154242065088157,0.877418875876526,NA
"ENSMUSG00000113160",0,NA,NA,NA,NA,NA
"ENSMUSG00000113162",0.124924985929449,0,7.3561311249555,0,1,NA
"ENSMUSG00000113163",0,NA,NA,NA,NA,NA
"ENSMUSG00000113166",0.0463864331927929,0,7.3561311249555,0,1,NA
"ENSMUSG00000113168",1.92983948024311,-0.37581473223511,2.7287170683161,-0.137725796711869,0.890457130854362,NA
"ENSMUSG00000113169",0.0425774740632087,0,7.3561311249555,0,1,NA
"ENSMUSG00000113171",0,NA,NA,NA,NA,NA
"ENSMUSG00000113174",0.243521848026221,0,7.3561311249555,0,1,NA
"ENSMUSG00000113175",633.923113345602,0.0234136071452349,0.126541765319691,0.185026714982863,0.853208081810426,0.930079608369658
"ENSMUSG00000113177",0.257276603699704,0,7.3561311249555,0,1,NA
"ENSMUSG00000113178",0.209997993097944,0,7.3561311249555,0,1,NA
"ENSMUSG00000113180",0,NA,NA,NA,NA,NA
"ENSMUSG00000113181",1.67084562617433,0.112953784962563,2.62118758402986,0.0430925988093173,0.9656277191152,NA
"ENSMUSG00000113182",0.0458889004883165,0,7.3561311249555,0,1,NA
"ENSMUSG00000113187",0,NA,NA,NA,NA,NA
"ENSMUSG00000113188",0.317293624541161,2.73352186911799,7.26144479414742,0.376443248776214,0.706587398617035,NA
"ENSMUSG00000113191",0,NA,NA,NA,NA,NA
"ENSMUSG00000113192",0.0474375977968173,0,7.3561311249555,0,1,NA
"ENSMUSG00000113194",0.0400922426516566,0,7.3561311249555,0,1,NA
"ENSMUSG00000113197",0,NA,NA,NA,NA,NA
"ENSMUSG00000113198",8.64393792994202,-0.596556301460366,1.68028383076075,-0.355033054856139,0.722564828030438,NA
"ENSMUSG00000113199",0,NA,NA,NA,NA,NA
"ENSMUSG00000113201",0.0761524196209141,-2.55627499047924,7.29465809108018,-0.350431090609309,0.726015196884991,NA
"ENSMUSG00000113202",0.90199507691615,3.13986595194075,3.15485467711944,0.995248996637662,0.31961517706507,NA
"ENSMUSG00000113205",0,NA,NA,NA,NA,NA
"ENSMUSG00000113206",0,NA,NA,NA,NA,NA
"ENSMUSG00000113207",0.0410289855442187,0,7.3561311249555,0,1,NA
"ENSMUSG00000113212",0.157865168406855,1.15604063796899,7.3559674590768,0.157156845024173,0.87512123827549,NA
"ENSMUSG00000113213",0,NA,NA,NA,NA,NA
"ENSMUSG00000113215",0.0380762098104571,-1.67431590235222,7.3501929692546,-0.227792101425878,0.819807867435575,NA
"ENSMUSG00000113217",0.188126053567514,-1.12717005139455,7.29375547473433,-0.154539051288336,0.877184722561036,NA
"ENSMUSG00000113219",0.0414066693320352,0,7.3561311249555,0,1,NA
"ENSMUSG00000113221",0.155360486726676,-3.13158037058196,7.26789202261012,-0.430878769365277,0.666556521293682,NA
"ENSMUSG00000113222",5.14281915294598,-0.335410708029652,1.07809581810146,-0.311114005265611,0.755713954469457,NA
"ENSMUSG00000113223",0.43166382163457,2.72711492680124,5.65820534187925,0.481975248691751,0.629823529242329,NA
"ENSMUSG00000113229",0,NA,NA,NA,NA,NA
"ENSMUSG00000113230",0,NA,NA,NA,NA,NA
"ENSMUSG00000113231",0.108916456898878,0.759245341710782,7.27916586806103,0.104303893532931,0.916928188176903,NA
"ENSMUSG00000113232",2.83385790390088,0,7.3561311249555,0,1,NA
"ENSMUSG00000113234",0.408207494151556,1.08204275497408,7.24461730710437,0.14935816608463,0.881271020028415,NA
"ENSMUSG00000113237",2.14705771334016,0.735917491322054,1.79533023674457,0.409906476402067,0.681874554341344,NA
"ENSMUSG00000113239",0.0450384044921535,0,7.3561311249555,0,1,NA
"ENSMUSG00000113240",1.10672842240878,-1.84644107638419,2.49813219919626,-0.739128648587235,0.459828882119814,NA
"ENSMUSG00000113242",0.0867868237773079,0,7.3561311249555,0,1,NA
"ENSMUSG00000113247",0.226154736101695,1.35683199966701,7.25484506614399,0.187024255831307,0.851641615077733,NA
"ENSMUSG00000113248",0.111783337288289,-1.11668108150287,7.29424163988188,-0.153090771684519,0.878326693222492,NA
"ENSMUSG00000113249",2.04111163909367,-1.3164380586534,2.05127741527775,-0.641765004015877,0.521025775427884,NA
"ENSMUSG00000113251",0.0825789961850521,-1.67133326961725,7.35011736130672,-0.227388650746675,0.820121544562618,NA
"ENSMUSG00000113253",0.327966586895931,1.11052417330367,7.35507669286465,0.150987436253522,0.879985626692443,NA
"ENSMUSG00000113254",0.194605631220184,-1.10895466849275,7.29500546505023,-0.152015604896482,0.879174627765421,NA
"ENSMUSG00000113255",26.8914687149942,-0.63879206506596,0.750916753068173,-0.850682931837541,0.394945506998735,NA
"ENSMUSG00000113256",0,NA,NA,NA,NA,NA
"ENSMUSG00000113258",0.939922744683394,3.95603672376852,5.52233601013015,0.716370158663214,0.473762816091525,NA
"ENSMUSG00000113260",1.28010784414599,0.796263312861319,2.32460867866956,0.342536496644693,0.731947182916962,NA
"ENSMUSG00000113262",31.7138410988277,0.179696136336394,0.562923473472395,0.319219476189078,0.74956008909272,NA
"ENSMUSG00000113263",8.4364442300936,-4.43129517839317,1.41873356120604,-3.12341605186686,0.00178764852865741,NA
"ENSMUSG00000113264",0.196711219118028,0,7.3561311249555,0,1,NA
"ENSMUSG00000113266",0.60230800679378,-3.37139557652549,4.6404893266213,-0.726517256959228,0.467521732243918,NA
"ENSMUSG00000113267",0.274888936443565,-3.13444000567089,7.26783114628754,-0.431275843175304,0.66626781294545,NA
"ENSMUSG00000113270",0.0825341192744011,0,7.3561311249555,0,1,NA
"ENSMUSG00000113275",0.155663435015034,-3.11561306200275,7.26822582439415,-0.428662116075962,0.668169134051878,NA
"ENSMUSG00000113277",0.629301846886939,1.89358172636176,3.96434024098819,0.477653685418723,0.632896713656595,NA
"ENSMUSG00000113279",0.0414066693320352,0,7.3561311249555,0,1,NA
"ENSMUSG00000113280",0.137839079214032,0,7.3561311249555,0,1,NA
"ENSMUSG00000113281",0,NA,NA,NA,NA,NA
"ENSMUSG00000113282",0.120165568117467,-1.66010438175486,7.34983281902507,-0.225869679301776,0.821302780850664,NA
"ENSMUSG00000113285",0.847968524446836,0.415638574748348,3.04226702760676,0.136621332373745,0.891330113815995,NA
"ENSMUSG00000113286",0.658047435678791,-0.327026924096954,7.11589779852144,-0.0459572261092486,0.963344342482577,NA
"ENSMUSG00000113287",0,NA,NA,NA,NA,NA
"ENSMUSG00000113289",0,NA,NA,NA,NA,NA
"ENSMUSG00000113291",22.6147847456011,-0.50502334873267,0.831205281105021,-0.607579571753059,0.54346635296842,NA
"ENSMUSG00000113292",0.217865576825275,0,7.3561311249555,0,1,NA
"ENSMUSG00000113293",0,NA,NA,NA,NA,NA
"ENSMUSG00000113294",0.920629068213825,2.74148170984349,6.23803374240924,0.439478499644133,0.660314857581826,NA
"ENSMUSG00000113296",0,NA,NA,NA,NA,NA
"ENSMUSG00000113297",0,NA,NA,NA,NA,NA
"ENSMUSG00000113301",0.114254309680494,-0.240135527419616,7.35020996995554,-0.0326705670179744,0.973937295473365,NA
"ENSMUSG00000113304",0.0355187493373065,1.16171280725677,7.35565536667627,0.157934643392857,0.874508299155349,NA
"ENSMUSG00000113305",0.0380762098104571,-1.67431590235222,7.3501929692546,-0.227792101425878,0.819807867435575,NA
"ENSMUSG00000113306",0.177451942970407,0,7.3561311249555,0,1,NA
"ENSMUSG00000113307",0.306925959761246,-1.62725937024849,7.34900077648578,-0.221425935272064,0.824760800141705,NA
"ENSMUSG00000113308",0.0914654153693612,-1.88768364456645,7.34116852805871,-0.257136672091307,0.797073268831918,NA
"ENSMUSG00000113312",0.0791059543275458,0,7.3561311249555,0,1,NA
"ENSMUSG00000113315",0,NA,NA,NA,NA,NA
"ENSMUSG00000113318",5.4621881193996,-0.00975702196776355,1.39812220271918,-0.00697866177132965,0.994431878713808,NA
"ENSMUSG00000113319",0.161442834363748,1.15925660308548,7.35577513516004,0.157598156793066,0.874773456088224,NA
"ENSMUSG00000113323",0,NA,NA,NA,NA,NA
"ENSMUSG00000113325",0.0427517828843511,0,7.3561311249555,0,1,NA
"ENSMUSG00000113332",0,NA,NA,NA,NA,NA
"ENSMUSG00000113333",0.0787011629661439,-1.67191245056486,7.35013204276415,-0.227466995264497,0.820060630568562,NA
"ENSMUSG00000113337",23.9731538775752,-0.00884801925114837,0.593921936576778,-0.0148976131478595,0.988113864144077,NA
"ENSMUSG00000113339",0.151617337212499,2.14087015856574,7.28533133061178,0.293860369750124,0.768864602077188,NA
"ENSMUSG00000113340",1.19060045771567,-1.48385089627207,4.63607463256345,-0.320066222801851,0.748918130158446,NA
"ENSMUSG00000113344",0.0793482927039878,0,7.3561311249555,0,1,NA
"ENSMUSG00000113345",0.0761524196209141,-2.55627499047924,7.29465809108018,-0.350431090609309,0.726015196884991,NA
"ENSMUSG00000113347",0.116304170627566,1.14556915403818,7.35596962679666,0.155733263207756,0.876243276796673,NA
"ENSMUSG00000113348",0.114357871185997,2.13744915131833,7.28541498270149,0.293387426302207,0.769226035177468,NA
"ENSMUSG00000113350",3.12127673481253,0.612408825906845,1.42365448837581,0.430166751067191,0.667074346278103,NA
"ENSMUSG00000113351",0,NA,NA,NA,NA,NA
"ENSMUSG00000113353",0.36407405122644,2.73518370855978,7.26121986676239,0.376683774730449,0.706408622083908,NA
"ENSMUSG00000113354",1.00852477117221,-1.43662758617406,4.21240010981933,-0.341047276782945,0.733067991214176,NA
"ENSMUSG00000113356",0.415448594169608,0,7.3561311249555,0,1,NA
"ENSMUSG00000113357",11.1036894626599,0.69406941644782,1.00013197429141,0.693977829215554,0.487696112881231,NA
"ENSMUSG00000113360",0,NA,NA,NA,NA,NA
"ENSMUSG00000113364",0.251610478385062,-1.6501607241988,7.34958058924573,-0.224524475126294,0.822349224609025,NA
"ENSMUSG00000113365",0,NA,NA,NA,NA,NA
"ENSMUSG00000113367",0,NA,NA,NA,NA,NA
"ENSMUSG00000113368",17.1659885323581,-0.7228428567976,0.602181527353648,-1.20037368129542,0.229994245587606,NA
"ENSMUSG00000113369",0,NA,NA,NA,NA,NA
"ENSMUSG00000113371",0.0406180793754555,0,7.3561311249555,0,1,NA
"ENSMUSG00000113372",0.127596705514645,-1.67457949165931,7.34984628686101,-0.227838709314627,0.819771632325837,NA
"ENSMUSG00000113373",0,NA,NA,NA,NA,NA
"ENSMUSG00000113374",0,NA,NA,NA,NA,NA
"ENSMUSG00000113376",0,NA,NA,NA,NA,NA
"ENSMUSG00000113377",0.0380762098104571,-1.67431590235222,7.3501929692546,-0.227792101425878,0.819807867435575,NA
"ENSMUSG00000113378",0,NA,NA,NA,NA,NA
"ENSMUSG00000113381",0.347775547567178,-0.230050896836326,7.34991424689609,-0.031299806924071,0.975030444386083,NA
"ENSMUSG00000113382",0,NA,NA,NA,NA,NA
"ENSMUSG00000113388",326.597112872531,0.441987159737842,0.806011523180963,0.548363326114146,0.583442452984772,0.754258856821975
"ENSMUSG00000113389",1.5668246568958,-2.33720900082668,2.61000573534354,-0.89548040802257,0.370530334362998,NA
"ENSMUSG00000113392",6.20122345978226,0.201930339479776,1.32303653404447,0.152626427376486,0.878692883134128,NA
"ENSMUSG00000113393",205.685018829364,0.150981476465133,1.1981046468504,0.126016935884553,0.8997185185496,0.955139575217438
"ENSMUSG00000113395",97.4077286518615,-0.343309073121741,1.4834314021981,-0.231429018297062,0.816981523643814,0.908625378174966
"ENSMUSG00000113397",10.7916646460844,1.15907159903823,1.1810241227402,0.981412298631943,0.326389463690086,NA
"ENSMUSG00000113398",0.0766563371926571,1.1500887303041,7.35608485584483,0.156345223422795,0.875760911462484,NA
"ENSMUSG00000113400",0.27522446780367,2.15542974820045,7.28522974322183,0.295862975386036,0.767334727215379,NA
"ENSMUSG00000113401",0.0380762098104571,-1.67431590235222,7.3501929692546,-0.227792101425878,0.819807867435575,NA
"ENSMUSG00000113402",0.0380762098104571,-1.67431590235222,7.3501929692546,-0.227792101425878,0.819807867435575,NA
"ENSMUSG00000113403",0.45107255805099,-3.8586274524602,7.24625365128049,-0.532499638869022,0.594379991869261,NA
"ENSMUSG00000113405",0.0737821169067954,0,7.3561311249555,0,1,NA
"ENSMUSG00000113407",0.208180058079712,0.496168368265683,7.26909965370331,0.0682571971637375,0.945580896338465,NA
"ENSMUSG00000113408",0.0934551130557449,0,7.3561311249555,0,1,NA
"ENSMUSG00000113409",2.58238158827008,-3.7885708586885,2.25459954507916,-1.68037417862403,0.0928845367153473,NA
"ENSMUSG00000113411",0.953719396901259,-1.68484188775382,3.63883511894382,-0.463016826176737,0.643352306357512,NA
"ENSMUSG00000113412",0.463254960329252,0,6.5852951926128,0,1,NA
"ENSMUSG00000113413",0.0400922426516566,0,7.3561311249555,0,1,NA
"ENSMUSG00000113414",0.119644821998627,0,7.3561311249555,0,1,NA
"ENSMUSG00000113416",37.2054565855788,-0.124421629229599,0.494320726476481,-0.251702230081422,0.801271233131203,NA
"ENSMUSG00000113417",0.0766193276470305,1.15757747070221,7.3560066367239,0.157364930167838,0.874957250728378,NA
"ENSMUSG00000113418",0.0458889004883164,0,7.3561311249555,0,1,NA
"ENSMUSG00000113419",1.09920266028578,0.641240672751822,2.75217028437701,0.232994548481209,0.815765638971739,NA
"ENSMUSG00000113420",0,NA,NA,NA,NA,NA
"ENSMUSG00000113422",0,NA,NA,NA,NA,NA
"ENSMUSG00000113423",16.6069856190727,0.58194388577556,0.771361089151438,0.754437699749345,0.450586441324507,NA
"ENSMUSG00000113426",0.0381979668618393,0,7.3561311249555,0,1,NA
"ENSMUSG00000113428",0.898198460861321,3.14974207023962,4.33733865821555,0.726192330929372,0.467720872734392,NA
"ENSMUSG00000113430",0.0801826647143906,0,7.3561311249555,0,1,NA
"ENSMUSG00000113431",5.42967456041506,1.51499649443106,1.34663220692178,1.1250261850592,0.260577938432026,NA
"ENSMUSG00000113435",0.041372325189651,0,7.3561311249555,0,1,NA
"ENSMUSG00000113436",0,NA,NA,NA,NA,NA
"ENSMUSG00000113437",0,NA,NA,NA,NA,NA
"ENSMUSG00000113438",0,NA,NA,NA,NA,NA
"ENSMUSG00000113439",0.130278179444875,-1.65308887525333,7.34965502765479,-0.224920607706512,0.822041037380044,NA
"ENSMUSG00000113442",0.0380762098104571,-1.67431590235222,7.3501929692546,-0.227792101425878,0.819807867435575,NA
"ENSMUSG00000113443",0.081236158750911,0,7.3561311249555,0,1,NA
"ENSMUSG00000113444",0,NA,NA,NA,NA,NA
"ENSMUSG00000113445",0,NA,NA,NA,NA,NA
"ENSMUSG00000113446",0.0733089356190323,-0.21073246511352,7.34967414573892,-0.0286723548466016,0.97712590493622,NA
"ENSMUSG00000113448",1.41812824682165,-1.29864926257638,2.56766550350121,-0.505770420954587,0.613017825533964,NA
"ENSMUSG00000113450",2042.14097216924,0.185966791306558,0.306264798160211,0.607209161561154,0.543712113030794,0.726198383638616
"ENSMUSG00000113451",7.01908785756669,0.87983959754106,2.14073074429456,0.410999655087869,0.681072787612992,NA
"ENSMUSG00000113452",0.0380040430276095,-1.6725618910431,7.3501485081732,-0.227554843168577,0.819992328845489,NA
"ENSMUSG00000113456",0.0817058135071191,0,7.3561311249555,0,1,NA
"ENSMUSG00000113461",0,NA,NA,NA,NA,NA
"ENSMUSG00000113462",0.49960178316208,-0.840839850821778,7.15077656392104,-0.117587207949442,0.906394741200285,NA
"ENSMUSG00000113464",0,NA,NA,NA,NA,NA
"ENSMUSG00000113466",0,NA,NA,NA,NA,NA
"ENSMUSG00000113467",4.18519039396847,1.65288562072818,1.40542635102177,1.17607416391937,0.239565241095992,NA
"ENSMUSG00000113468",2.23172736951427,0.051750948312655,1.75422717727118,0.0295007106167156,0.976465252199215,NA
"ENSMUSG00000113469",1.75346370242828,0.266372696527799,1.80576542793416,0.147512347067435,0.882727634789347,NA
"ENSMUSG00000113473",1.47204908944053,0,3.56637025229492,0,1,NA
"ENSMUSG00000113474",4.03263362326989,-2.2076133071557,1.60130458759675,-1.37863422377932,0.168007559056682,NA
"ENSMUSG00000113475",0,NA,NA,NA,NA,NA
"ENSMUSG00000113477",0,NA,NA,NA,NA,NA
"ENSMUSG00000113478",0.342079290298279,1.15367140479899,7.35590606522138,0.156836070848367,0.875374044193706,NA
"ENSMUSG00000113480",0,NA,NA,NA,NA,NA
"ENSMUSG00000113481",0.0409190281194281,0,7.3561311249555,0,1,NA
"ENSMUSG00000113482",0,NA,NA,NA,NA,NA
"ENSMUSG00000113486",0.171568465250355,-1.88531278458916,7.34126215523065,-0.256810442771871,0.79732510821272,NA
"ENSMUSG00000113487",0.273509308909962,-1.08549374278715,7.29485279019788,-0.148802693351911,0.881709325315204,NA
"ENSMUSG00000113489",0.477058968705964,-1.85724528409096,4.97163978559815,-0.373567950250745,0.708725782299939,NA
"ENSMUSG00000113490",0,NA,NA,NA,NA,NA
"ENSMUSG00000113491",1.49579660263277,-0.717695042415638,2.21430129739154,-0.32411806074498,0.745848653886274,NA
"ENSMUSG00000113493",0.443174317793146,2.14333062477451,6.57454610411091,0.326004349324486,0.744421064461135,NA
"ENSMUSG00000113496",0.0406180793754555,0,7.3561311249555,0,1,NA
"ENSMUSG00000113497",0.0710374986746129,2.16226366003378,7.28481246100722,0.296818026765623,0.766605441993722,NA
"ENSMUSG00000113498",0,NA,NA,NA,NA,NA
"ENSMUSG00000113499",0.0381979668618393,0,7.3561311249555,0,1,NA
"ENSMUSG00000113501",0.111737119322046,-1.11357446959823,7.29421550655822,-0.152665419413097,0.878662132343845,NA
"ENSMUSG00000113503",0.247921372980024,-1.66377278822168,7.34992293574425,-0.226366018088489,0.820916755621385,NA
"ENSMUSG00000113504",0.522288090465327,-0.317862051237057,7.08597468831367,-0.0448579151378118,0.964220561908944,NA
"ENSMUSG00000113506",1.5013546166781,2.73089248263386,4.37787848401997,0.623793577780219,0.532763157863125,NA
"ENSMUSG00000113508",0.728799728819082,-2.45144665263166,6.75852852782915,-0.362718991646998,0.716814811261688,NA
"ENSMUSG00000113509",0,NA,NA,NA,NA,NA
"ENSMUSG00000113510",0.243962416348504,0,7.3561311249555,0,1,NA
"ENSMUSG00000113511",1.22338703022423,3.73435007888434,2.71146438331262,1.37724474710675,0.168436591511172,NA
"ENSMUSG00000113512",0.382546356121785,0,7.3561311249555,0,1,NA
"ENSMUSG00000113513",0.0425774740632087,0,7.3561311249555,0,1,NA
"ENSMUSG00000113514",0.538735597439175,1.69674832003507,6.0120511067293,0.282224533676351,0.777771347476889,NA
"ENSMUSG00000113518",0,NA,NA,NA,NA,NA
"ENSMUSG00000113520",0.196996558355177,0,7.3561311249555,0,1,NA
"ENSMUSG00000113521",0.0735993500303462,-0.230962950657882,7.34986572799239,-0.031424104766737,0.974931317817604,NA
"ENSMUSG00000113523",70.4487508422991,0.12059065975495,0.87949717578069,0.137113185892731,0.890941330072125,0.951061263255568
"ENSMUSG00000113530",0.0406180793754555,0,7.3561311249555,0,1,NA
"ENSMUSG00000113531",0,NA,NA,NA,NA,NA
"ENSMUSG00000113532",0,NA,NA,NA,NA,NA
"ENSMUSG00000113533",0,NA,NA,NA,NA,NA
"ENSMUSG00000113534",0.0380762098104571,-1.67431590235222,7.3501929692546,-0.227792101425878,0.819807867435575,NA
"ENSMUSG00000113536",10.763096337813,-0.464841582134586,0.980410536383385,-0.474129525218415,0.635407545233694,NA
"ENSMUSG00000113541",0.0445137058296725,0,7.3561311249555,0,1,NA
"ENSMUSG00000113542",0.271912128647745,0.768320563122314,7.27893318440967,0.105554006838246,0.915936218031866,NA
"ENSMUSG00000113545",7.01908785756669,0.87983959754106,2.14073074429456,0.410999655087869,0.681072787612992,NA
"ENSMUSG00000113546",0.0463864331927929,0,7.3561311249555,0,1,NA
"ENSMUSG00000113547",0.0406180793754555,0,7.3561311249555,0,1,NA
"ENSMUSG00000113549",0.247301266924128,0,7.3561311249555,0,1,NA
"ENSMUSG00000113551",0.287847838161361,-1.66398944215933,7.349931367754,-0.226395235397663,0.820894033343069,NA
"ENSMUSG00000113552",0.419314905414186,0,7.3561311249555,0,1,NA
"ENSMUSG00000113554",1.4437654500618,-0.198646274815926,2.0412626573292,-0.0973153915801486,0.922475933301948,NA
"ENSMUSG00000113555",3.84593892986356,1.85618242949348,7.0823600276599,0.26208529674349,0.793255682189106,NA
"ENSMUSG00000113556",0,NA,NA,NA,NA,NA
"ENSMUSG00000113558",0.122091347429274,0,7.3561311249555,0,1,NA
"ENSMUSG00000113560",0.0352597853922181,1.155567702399,7.35595536263211,0.157092810577567,0.875171703562209,NA
"ENSMUSG00000113561",0.0735968252148749,-0.228801676682334,7.34978093513912,-0.0311304076545246,0.975165539614427,NA
"ENSMUSG00000113562",0.0355187493373064,1.16171280725677,7.35565536667627,0.157934643392857,0.874508299155349,NA
"ENSMUSG00000113563",0.16146654686941,-2.53444453319661,7.29532987499805,-0.347406433516111,0.728286000737262,NA
"ENSMUSG00000113564",0,NA,NA,NA,NA,NA
"ENSMUSG00000113565",0.120436545014561,-1.65653709001639,7.34974236770758,-0.225387096191926,0.821678149162105,NA
"ENSMUSG00000113567",0.241655134102881,-2.54284209027319,7.2950703251185,-0.348569921460199,0.727412212257056,NA
"ENSMUSG00000113568",2.32165041128443,-1.15887161748491,1.89610788025656,-0.611184431831009,0.541077488699846,NA
"ENSMUSG00000113569",12.583187116593,0.552727065094155,0.850010609630512,0.650259018924973,0.515524923790524,NA
"ENSMUSG00000113572",0.322664216672123,-0.232643858029821,7.34990268831685,-0.0316526446533263,0.974749060036596,NA
"ENSMUSG00000113574",0,NA,NA,NA,NA,NA
"ENSMUSG00000113577",1.58029932050968,1.34074232382848,2.92751357652713,0.457979882511417,0.646966894539023,NA
"ENSMUSG00000113578",0.0381979668618393,0,7.3561311249555,0,1,NA
"ENSMUSG00000113579",0,NA,NA,NA,NA,NA
"ENSMUSG00000113583",0.0380762098104571,-1.67431590235222,7.3501929692546,-0.227792101425878,0.819807867435575,NA
"ENSMUSG00000113590",0,NA,NA,NA,NA,NA
"ENSMUSG00000113592",0.0474375977968173,0,7.3561311249555,0,1,NA
"ENSMUSG00000113593",0.340324409493324,0.0542107847161685,7.29871144999428,0.00742744593858564,0.994073810047762,NA
"ENSMUSG00000113594",0.626732869500019,0,6.04759846000701,0,1,NA
"ENSMUSG00000113596",1.76264582145825,5.00988498200288,2.24308076072373,2.23348399653093,0.0255170445128904,NA
"ENSMUSG00000113600",1.36930092017659,0.885231931621646,2.82399646558672,0.313467790207637,0.753925288125787,NA
"ENSMUSG00000113602",0.106556248011919,2.74727956207311,7.26104728326191,0.378358583121489,0.705164231160339,NA
"ENSMUSG00000113604",0,NA,NA,NA,NA,NA
"ENSMUSG00000113606",0,NA,NA,NA,NA,NA
"ENSMUSG00000113607",0.0408637855333217,0,7.3561311249555,0,1,NA
"ENSMUSG00000113609",0.0834067550736707,0,7.3561311249555,0,1,NA
"ENSMUSG00000113611",0.160368970606626,0,7.3561311249555,0,1,NA
"ENSMUSG00000113612",0.233535131526676,-0.126931135324334,7.22552478215522,-0.017567047259711,0.985984245095969,NA
"ENSMUSG00000113614",0,NA,NA,NA,NA,NA
"ENSMUSG00000113617",0.329635982992105,2.14167268938283,7.28531173403683,0.293971317572724,0.768779820742443,NA
"ENSMUSG00000113623",2.92184105014145,0.997647319153945,1.93308806125224,0.516089949108514,0.605791587460307,NA
"ENSMUSG00000113624",0.382312674609897,2.09066478325444,7.23593002341338,0.28892827549322,0.772636265350193,NA
"ENSMUSG00000113625",6.40250499916981,-0.759217710643066,1.43640968651119,-0.528552346710417,0.597116024922964,NA
"ENSMUSG00000113626",107.177665007959,-0.307288444779034,0.294898773104228,-1.04201330356308,0.297405511089351,0.508713181712794
"ENSMUSG00000113627",0.0801844853033132,0,7.3561311249555,0,1,NA
"ENSMUSG00000113632",0.0381979668618393,0,7.3561311249555,0,1,NA
"ENSMUSG00000113633",3.1575884932247,-0.13217546947686,2.00669306336798,-0.0658673077062521,0.947483468710208,NA
"ENSMUSG00000113635",0,NA,NA,NA,NA,NA
"ENSMUSG00000113636",0.203448469289778,1.15156218380417,7.35612241340035,0.156544728198978,0.875603665800678,NA
"ENSMUSG00000113637",0,NA,NA,NA,NA,NA
"ENSMUSG00000113638",0,NA,NA,NA,NA,NA
"ENSMUSG00000113639",0,NA,NA,NA,NA,NA
"ENSMUSG00000113640",75.2424258401185,-0.0482536812801566,0.446762379849337,-0.108007485537232,0.913989754349179,0.962532852642634
"ENSMUSG00000113641",0.0355187493373064,1.16171280725677,7.35565536667627,0.157934643392857,0.874508299155349,NA
"ENSMUSG00000113642",1.85672514516761,-0.874431418954382,2.4533607428861,-0.356421868039558,0.721524654951572,NA
"ENSMUSG00000113643",0.720696595936236,2.72870808551998,4.08364425716433,0.668204161205458,0.504003279607275,NA
"ENSMUSG00000113646",0.0380762098104571,-1.67431590235222,7.3501929692546,-0.227792101425878,0.819807867435575,NA
"ENSMUSG00000113648",0.0488582735869228,-1.88445199085272,7.34129618423011,-0.256691998737325,0.797416548724726,NA
"ENSMUSG00000113651",0.0410826440564989,0,7.3561311249555,0,1,NA
"ENSMUSG00000113653",0.157559049230013,-1.11244374752335,7.29450229096697,-0.152504407175378,0.878789114673626,NA
"ENSMUSG00000113657",0.11159747749518,2.15955278806421,7.28487781886283,0.296443240608984,0.766891607229067,NA
"ENSMUSG00000113658",0,NA,NA,NA,NA,NA
"ENSMUSG00000113659",0.0380762098104571,-1.67431590235222,7.3501929692546,-0.227792101425878,0.819807867435575,NA
"ENSMUSG00000113660",0.362527435190413,2.72973803828381,7.26133212140451,0.375927996770353,0.706970426174891,NA
"ENSMUSG00000113661",0,NA,NA,NA,NA,NA
"ENSMUSG00000113664",2.39082153497919,1.8767854405294,2.18270185350221,0.859845075734024,0.38987444810191,NA
"ENSMUSG00000113667",57.9343771064351,0.226757573510496,0.757454056624213,0.299368089097177,0.764659207518235,NA
"ENSMUSG00000113668",0.0380762098104571,-1.67431590235222,7.3501929692546,-0.227792101425878,0.819807867435575,NA
"ENSMUSG00000113670",3.11118441033777,-0.93717043350355,1.54071871801761,-0.608268350701533,0.543009508384725,NA
"ENSMUSG00000113672",0.0355187493373064,1.16171280725677,7.35565536667627,0.157934643392857,0.874508299155349,NA
"ENSMUSG00000113674",0.167101352805788,-1.63799189867144,7.34927257763679,-0.222878098664582,0.823630382403929,NA
"ENSMUSG00000113675",3.35980377906613,1.58905899431926,1.37643749597104,1.15447232364026,0.248306578926516,NA
"ENSMUSG00000113676",0.132536221671887,0,7.3561311249555,0,1,NA
"ENSMUSG00000113677",0.0355187493373064,1.16171280725677,7.35565536667627,0.157934643392857,0.874508299155349,NA
"ENSMUSG00000113678",4.06071736227461,-0.156793744083754,1.2051429132375,-0.130103859352699,0.896484256754253,NA
"ENSMUSG00000113681",1.7077151430893,-2.30517982253108,2.20435233431878,-1.04574018710283,0.295681003176589,NA
"ENSMUSG00000113684",84.4803090027089,-0.232107791168961,0.744328872867632,-0.311834996101566,0.755165926199831,0.870532382563887
"ENSMUSG00000113685",0.149824466334371,-1.69418400406647,7.26730017923978,-0.233124263795539,0.815664914129716,NA
"ENSMUSG00000113686",0.0710374986746129,2.16226366003378,7.28481246100722,0.296818026765623,0.766605441993722,NA
"ENSMUSG00000113690",4.66005862348148,-0.200874360490776,2.00977505918963,-0.0999486781230984,0.920385070250034,NA
"ENSMUSG00000113691",20.0473267772883,-0.823122543513519,0.66417517965139,-1.2393154226955,0.215228709361373,NA
"ENSMUSG00000113692",0.924487237713601,-0.0891331230210556,3.79672935506828,-0.0234762909560754,0.981270350348471,NA
"ENSMUSG00000113693",0.403591866763131,1.11849778459962,6.82959803231026,0.163772125285865,0.869910536160353,NA
"ENSMUSG00000113700",0.0851549481264175,0,7.3561311249555,0,1,NA
"ENSMUSG00000113701",2.47786282301059,-0.752172792698449,2.81079385984346,-0.267601549670505,0.789006037991504,NA
"ENSMUSG00000113703",0.117039299017638,1.15344096623819,7.35605945928127,0.156801474025998,0.875401311118521,NA
"ENSMUSG00000113705",0,NA,NA,NA,NA,NA
"ENSMUSG00000113706",1.51948125697157,1.00853670172911,2.72586164171373,0.369988221814167,0.711391266304703,NA
"ENSMUSG00000113709",0.090076808984307,0,7.35613112495549,0,1,NA
"ENSMUSG00000113711",0.269648582229708,0.769776065920325,7.27899108272903,0.105753126658828,0.915778227664577,NA
"ENSMUSG00000113712",3.46788218460607,-0.708370818608441,1.49089986719908,-0.475129708032802,0.634694524816775,NA
"ENSMUSG00000113713",0.630922122954465,1.06211990365226,7.1255888917188,0.149057140370059,0.881508545026574,NA
"ENSMUSG00000113714",0.0380762098104571,-1.67431590235222,7.3501929692546,-0.227792101425878,0.819807867435575,NA
"ENSMUSG00000113715",0.382711988511845,0,7.3561311249555,0,1,NA
"ENSMUSG00000113718",0.124262647544535,1.14675082216299,7.35573068968301,0.15589896783081,0.876112658913349,NA
"ENSMUSG00000113719",0,NA,NA,NA,NA,NA
"ENSMUSG00000113720",0.16716956817328,-1.67177897175829,7.35012869817494,-0.227448938706801,0.820074669706693,NA
"ENSMUSG00000113721",0.0380762098104571,-1.67431590235222,7.3501929692546,-0.227792101425878,0.819807867435575,NA
"ENSMUSG00000113723",0.223480296620091,-2.89559774237988,7.27754032596047,-0.397881373745288,0.690717630577789,NA
"ENSMUSG00000113724",1.9345770976976,-2.56144418453422,2.79628957769878,-0.916015352974342,0.359658842403953,NA
"ENSMUSG00000113728",11.1665544894525,-5.19528984940416,1.77428663263262,-2.92810065400515,0.00341039621091036,NA
"ENSMUSG00000113729",0.11128676122956,2.14472216707409,7.28523736582216,0.294392901614407,0.768457690408159,NA
"ENSMUSG00000113731",0.1321351275887,0,7.3561311249555,0,1,NA
"ENSMUSG00000113732",1.03945649604399,0.206229602755295,5.56654674507528,0.0370480321462756,0.970446707891737,NA
"ENSMUSG00000113736",0.230514358477642,-3.10428293845524,7.26846238371153,-0.427089358735882,0.66931424334656,NA
"ENSMUSG00000113740",0.0710374986746129,2.16226366003378,7.28481246100722,0.296818026765623,0.766605441993722,NA
"ENSMUSG00000113743",1.78110172570067,-0.249264075174184,3.059536801214,-0.0814711805640901,0.935067243248815,NA
"ENSMUSG00000113745",0.118630014294339,1.15758999912486,7.35600695608306,0.157366626491237,0.874955913913462,NA
"ENSMUSG00000113748",0.162472317501822,0,7.3561311249555,0,1,NA
"ENSMUSG00000113749",0,NA,NA,NA,NA,NA
"ENSMUSG00000113750",0.845175029008468,-0.20655628873557,4.09754263140685,-0.05040979614278,0.959795830119743,NA
"ENSMUSG00000113751",0.0710374986746129,2.16226366003378,7.28481246100722,0.296818026765623,0.766605441993722,NA
"ENSMUSG00000113753",30.2836572663429,-1.06454605695049,0.53065490510262,-2.0060985900896,0.0448457302663611,NA
"ENSMUSG00000113754",0.044481691519064,0,7.3561311249555,0,1,NA
"ENSMUSG00000113755",0.0355187493373064,1.16171280725677,7.35565536667627,0.157934643392857,0.874508299155349,NA
"ENSMUSG00000113756",1.76898862598694,-1.44227974802938,3.10853240661003,-0.463974493224677,0.642666020205126,NA
"ENSMUSG00000113761",1.22774984984326,1.58317035886793,3.40780252376576,0.464572212687507,0.642237835232728,NA
"ENSMUSG00000113762",0,NA,NA,NA,NA,NA
"ENSMUSG00000113763",0,NA,NA,NA,NA,NA
"ENSMUSG00000113767",0.111933013728285,2.13702067030739,7.28542547345758,0.29332819038408,0.769271308019017,NA
"ENSMUSG00000113768",0.469738597127555,1.35048919824899,5.57954322072774,0.242042967465865,0.808746869646806,NA
"ENSMUSG00000113773",0.0380762098104571,-1.67431590235222,7.3501929692546,-0.227792101425878,0.819807867435575,NA
"ENSMUSG00000113777",0,NA,NA,NA,NA,NA
"ENSMUSG00000113782",0.360838519337894,0,7.35613112495549,0,1,NA
"ENSMUSG00000113783",0.0380762098104571,-1.67431590235222,7.3501929692546,-0.227792101425878,0.819807867435575,NA
"ENSMUSG00000113786",301.826186531044,-0.0744571668782619,0.239423407612528,-0.310985327711816,0.755811775774023,0.870892320053431
"ENSMUSG00000113787",0,NA,NA,NA,NA,NA
"ENSMUSG00000113790",0.305483232700836,-1.88002795166321,7.34147137368951,-0.25608326396271,0.797886544632292,NA
"ENSMUSG00000113793",0.832762686119426,1.55984844397945,3.97852144008069,0.392067371628343,0.695008435090015,NA
"ENSMUSG00000113795",445.473413031908,0.343320704657895,0.730311426940008,0.470101783969618,0.638282299681308,0.793737644024372
"ENSMUSG00000113797",0.0408637855333217,0,7.3561311249555,0,1,NA
"ENSMUSG00000113798",0,NA,NA,NA,NA,NA
"ENSMUSG00000113801",0.0787078728324381,-1.66972827002226,7.35007667780113,-0.227171544354797,0.820290353586991,NA
"ENSMUSG00000113803",0.151965955744161,1.15853267272169,7.35580725278794,0.157499052504753,0.874851554566982,NA
"ENSMUSG00000113804",1.23418665765349,-1.39531950467167,2.31055023503263,-0.603890572693811,0.545916396918284,NA
"ENSMUSG00000113805",0.211120521079597,0,7.3561311249555,0,1,NA
"ENSMUSG00000113806",0,NA,NA,NA,NA,NA
"ENSMUSG00000113807",0.0425774740632087,0,7.3561311249555,0,1,NA
"ENSMUSG00000113809",0.114228629431371,-3.13863321915088,7.26774571323647,-0.431857874916372,0.665844712909321,NA
"ENSMUSG00000113814",0.176742840196678,3.47746737682902,7.24211621437555,0.480172821574758,0.631104510747029,NA
"ENSMUSG00000113815",0.0380762098104571,-1.67431590235222,7.3501929692546,-0.227792101425878,0.819807867435575,NA
"ENSMUSG00000113817",16.1158282435038,2.11119563047812,0.902651185316273,2.33888313096093,0.0193414827682728,NA
"ENSMUSG00000113818",0.0761645303538858,1.15470760846759,7.35599744446466,0.156974987713801,0.875264560607779,NA
"ENSMUSG00000113819",0.296010280758271,1.14473493381208,7.35567919928235,0.155626000373122,0.876327829309414,NA
"ENSMUSG00000113820",0,NA,NA,NA,NA,NA
"ENSMUSG00000113821",0.0833921704633738,0,7.3561311249555,0,1,NA
"ENSMUSG00000113823",0.0380762098104571,-1.67431590235222,7.3501929692546,-0.227792101425878,0.819807867435575,NA
"ENSMUSG00000113824",0.0352597853922181,1.155567702399,7.35595536263211,0.157092810577567,0.875171703562209,NA
"ENSMUSG00000113826",0.132380412159885,0,7.3561311249555,0,1,NA
"ENSMUSG00000113828",1.40883164920229,-0.617699414025784,3.11012595177437,-0.198609131464074,0.842568510039152,NA
"ENSMUSG00000113829",0.146967171576721,-1.1087890908484,7.29464916057697,-0.15200033153626,0.879186674162107,NA
"ENSMUSG00000113836",68.8880610286689,-0.564678084746294,0.679899542563775,-0.830531643861677,0.406238264407167,0.611212365854619
"ENSMUSG00000113838",0,NA,NA,NA,NA,NA
"ENSMUSG00000113840",0.127141597996891,-2.74309869547711,7.28506290034058,-0.37653740715799,0.706517411272005,NA
"ENSMUSG00000113843",1.85585157890447,0.64526789141157,2.78188980748476,0.231953073653549,0.816574461611643,NA
"ENSMUSG00000113844",0.0839713458031114,0,7.3561311249555,0,1,NA
"ENSMUSG00000113846",0.289089473119398,-1.66207508099507,7.34988170510235,-0.226136303641628,0.821095409599804,NA
"ENSMUSG00000113848",0.64032704545698,2.72954947330642,4.57711219659589,0.596347512594612,0.550943096621432,NA
"ENSMUSG00000113850",7.80231829209732,0.499956770625036,1.22618483897411,0.407733609757665,0.683469259554377,NA
"ENSMUSG00000113854",14.1520608911172,-0.0662952214254148,0.773784637571434,-0.0856765800281148,0.931723520087255,NA
"ENSMUSG00000113855",0,NA,NA,NA,NA,NA
"ENSMUSG00000113857",0,NA,NA,NA,NA,NA
"ENSMUSG00000113858",9.58608917147418,0.081082042287619,0.973877910264104,0.0832568861384591,0.933647281100296,NA
"ENSMUSG00000113859",0.525130614152853,-0.236553745200013,4.85471985360689,-0.048726549076619,0.961137217897659,NA
"ENSMUSG00000113861",0.228540655643025,2.73913789614006,7.2612153862178,0.377228569935977,0.706003750227469,NA
"ENSMUSG00000113862",0.123342665543036,0,7.3561311249555,0,1,NA
"ENSMUSG00000113863",0.106556248011919,2.74727956207311,7.26104728326191,0.378358583121489,0.705164231160339,NA
"ENSMUSG00000113865",0.169465618338064,-0.523872115993576,7.20551882045813,-0.0727042880668332,0.942041436198625,NA
"ENSMUSG00000113869",0.118219802868295,1.15129140293379,7.35584633543131,0.156513791946455,0.875628048812663,NA
"ENSMUSG00000113870",0,NA,NA,NA,NA,NA
"ENSMUSG00000113871",2.00064907741731,2.91004678032563,2.21925464254512,1.31127213819334,0.1897658379921,NA
"ENSMUSG00000113872",0.4589074546942,-3.7277223882091,7.2492626516971,-0.51422090318888,0.607097554876396,NA
"ENSMUSG00000113873",0,NA,NA,NA,NA,NA
"ENSMUSG00000113876",0.126666817152102,0,7.3561311249555,0,1,NA
"ENSMUSG00000113878",1.25411765401296,-0.289048688317705,2.39556406824449,-0.120659969879046,0.903960366679311,NA
"ENSMUSG00000113879",0.0400922426516566,0,7.3561311249555,0,1,NA
"ENSMUSG00000113880",6.2899512834299,1.01482533095568,1.01328809933696,1.00151707260722,0.316576890444739,NA
"ENSMUSG00000113881",0.0406180793754555,0,7.3561311249555,0,1,NA
"ENSMUSG00000113887",0.0787042501227853,-1.67088964402938,7.35010611613418,-0.227328642284717,0.820168202742375,NA
"ENSMUSG00000113888",0.0355187493373064,1.16171280725677,7.35565536667627,0.157934643392857,0.874508299155349,NA
"ENSMUSG00000113889",188.751357672697,0.0877722584685327,0.93475942970382,0.093898232721058,0.92518999772071,0.9688032974014
"ENSMUSG00000113890",333.07079430839,0.329249406997643,0.456839245701158,0.720711738529185,0.471086888652737,0.667405991988248
"ENSMUSG00000113893",80.9422679490494,0.424798679642002,0.761494475034563,0.557848669384924,0.576947725336859,0.750115515580015
"ENSMUSG00000113896",0.114593900585518,0,7.3561311249555,0,1,NA
"ENSMUSG00000113898",1.36217846843981,1.34081042301035,3.20757762297759,0.418013398461634,0.675937321131396,NA
"ENSMUSG00000113899",0.834548648021052,-1.86129881975788,5.67739983589055,-0.327843532877743,0.743029970246912,NA
"ENSMUSG00000113901",0,NA,NA,NA,NA,NA
"ENSMUSG00000113903",0.416832233969579,2.14429265493924,7.28506249647464,0.294341010248972,0.768497338193922,NA
"ENSMUSG00000113911",0.133988332360511,0,7.3561311249555,0,1,NA
"ENSMUSG00000113912",0,NA,NA,NA,NA,NA
"ENSMUSG00000113914",2.07149189494683,-1.19477068410041,1.96361044190088,-0.608456065727479,0.542885036314945,NA
"ENSMUSG00000113915",0,NA,NA,NA,NA,NA
"ENSMUSG00000113916",0.314285821801365,0.768215719171759,7.27892917434226,0.105539661229246,0.915947600593268,NA
"ENSMUSG00000113920",0.16819112928103,-2.73974343370184,7.28506289598396,-0.37607684007947,0.706859771548885,NA
"ENSMUSG00000113921",311.411472348396,0.407905990978302,0.54816086150776,0.744135562426554,0.456794466640906,0.655167339342042
"ENSMUSG00000113923",6.92153276958615,0.152853162363621,1.06131937701959,0.144021833270269,0.885483228916234,NA
"ENSMUSG00000113924",136.549567664977,1.4956957594064,2.84590710355269,0.525560288858073,0.599193754176839,0.766338499163935
"ENSMUSG00000113925",0.342955717843127,-0.233679712016074,7.34945587369992,-0.031795511944265,0.974635125778132,NA
"ENSMUSG00000113926",1.91970268972944,-3.25587090098652,2.5622635227282,-1.27070103137549,0.20383502853939,NA
"ENSMUSG00000113929",0.164094849605628,1.14966546586098,7.35607406065918,0.156287913414232,0.875806082968511,NA
"ENSMUSG00000113931",4.6054113570169,-0.380455198111523,1.04567300402523,-0.363837640110237,0.715979253448919,NA
"ENSMUSG00000113934",0.158063528395258,-1.66848351352125,7.35004230590068,-0.227003253053628,0.820421212627381,NA
"ENSMUSG00000113936",0.0474375977968173,0,7.3561311249555,0,1,NA
"ENSMUSG00000113937",0.293350543838138,-0.498411895973131,7.20619826420077,-0.0691643329394864,0.944858813284728,NA
"ENSMUSG00000113938",1.71688485247186,1.23345472341277,2.1458959861691,0.574797069085702,0.565428549190524,NA
"ENSMUSG00000113941",0.121612130278265,0,7.3561311249555,0,1,NA
"ENSMUSG00000113942",0.149796848067199,-1.69321776542087,7.2672872903374,-0.232991719987756,0.81576783535046,NA
"ENSMUSG00000113945",0.251240310783268,0.431024427618288,7.27538059838014,0.0592442445848476,0.952757569425583,NA
"ENSMUSG00000113946",0.427409266067151,-0.903071523061742,7.14921213808209,-0.126317628518995,0.899480502490385,NA
"ENSMUSG00000113948",1046.28844667971,-0.139735690593016,0.46969838662119,-0.297500895411235,0.766084124484767,0.877054827392486
"ENSMUSG00000113949",690.267662179349,-0.157006812172769,0.250438062734589,-0.626928712266725,0.530705965364126,0.716279146316819
"ENSMUSG00000113951",0.477058968705964,-1.85724528409096,4.97163978559815,-0.373567950250745,0.708725782299939,NA
"ENSMUSG00000113952",0.476884117811307,-0.110188761475155,6.32291140693055,-0.0174269026376642,0.986096047210997,NA
"ENSMUSG00000113953",0.215788074563287,0,7.3561311249555,0,1,NA
"ENSMUSG00000113954",0.549625477087018,1.13867332972477,4.88348039174318,0.233168404167241,0.815630639519179,NA
"ENSMUSG00000113956",0.638855270644541,-2.91133598191185,7.23646394255082,-0.402314722359497,0.687452421068682,NA
"ENSMUSG00000113957",0.259701492692736,-1.63184199645034,7.3491169139549,-0.222045997574445,0.8242780760878,NA
"ENSMUSG00000113958",0.0407969102058399,0,7.3561311249555,0,1,NA
"ENSMUSG00000113961",234.00383172393,0.152205288321935,0.864629828477732,0.176035204094113,0.860266285416973,0.933467963091969
"ENSMUSG00000113962",0.0761844656916963,1.15057634781274,7.35609730277153,0.156411246406331,0.875708872928214,NA
"ENSMUSG00000113963",0.759264038860525,-1.69846285138507,5.04360347667405,-0.336755825322157,0.736300976181738,NA
"ENSMUSG00000113964",0,NA,NA,NA,NA,NA
"ENSMUSG00000113968",0.0380762098104571,-1.67431590235222,7.3501929692546,-0.227792101425878,0.819807867435575,NA
"ENSMUSG00000113969",0.171678521912224,0,7.3561311249555,0,1,NA
"ENSMUSG00000113971",0.035583895638899,0,7.3561311249555,0,1,NA
"ENSMUSG00000113972",0.291157680890043,1.15307683417469,7.35589092650446,0.15675556444427,0.875437494239643,NA
"ENSMUSG00000113973",0.113928363912934,2.14773370924842,7.28542166185162,0.294798820018136,0.76814756788858,NA
"ENSMUSG00000113976",0.0444816915190641,0,7.3561311249555,0,1,NA
"ENSMUSG00000113978",98.6289776582803,0.376650727123794,0.627803748916056,0.599949789682055,0.548539698630705,0.730278103833605
"ENSMUSG00000113979",0,NA,NA,NA,NA,NA
"ENSMUSG00000113980",1.6541121486349,-1.60633863205263,2.74336501723745,-0.585535873629459,0.558187452536326,NA
"ENSMUSG00000113983",0.0818361232241199,0,7.3561311249555,0,1,NA
"ENSMUSG00000113990",0.0406180793754555,0,7.3561311249555,0,1,NA
"ENSMUSG00000113991",0.0896488043703647,-1.88163130163719,7.34140782423577,-0.256303878858965,0.797716202372996,NA
"ENSMUSG00000113992",0.0761524196209141,-2.55627499047924,7.29465809108018,-0.350431090609309,0.726015196884991,NA
"ENSMUSG00000113993",30.4242482162108,0.734477055043288,0.616917095515693,1.19056038547501,0.233826211014513,NA
"ENSMUSG00000113996",0.427618370618912,0,6.63570606385778,0,1,NA
"ENSMUSG00000113999",1.4613271538138,0,3.62013882025872,0,1,NA
"ENSMUSG00000114002",0,NA,NA,NA,NA,NA
"ENSMUSG00000114003",9.03970669376497,-0.430200605848562,1.17052651355224,-0.367527433909221,0.713225632174567,NA
"ENSMUSG00000114004",1.20120567702026,-0.51763328696082,4.10034432298294,-0.126241419302136,0.89954082575233,NA
"ENSMUSG00000114007",0.0835299129373486,-1.63129672977396,7.34910298662199,-0.221972223377943,0.824335506480581,NA
"ENSMUSG00000114008",0,NA,NA,NA,NA,NA
"ENSMUSG00000114011",0.0787034573709079,-1.67114925557596,7.35011269684148,-0.227363759509986,0.820140898085796,NA
"ENSMUSG00000114012",0.035583895638899,0,7.3561311249555,0,1,NA
"ENSMUSG00000114013",0.0710374986746129,2.16226366003378,7.28481246100722,0.296818026765623,0.766605441993722,NA
"ENSMUSG00000114015",0,NA,NA,NA,NA,NA
"ENSMUSG00000114020",1.15123954657461,-2.71326963083938,3.53608405036837,-0.767309145425071,0.442897732221397,NA
"ENSMUSG00000114022",0,NA,NA,NA,NA,NA
"ENSMUSG00000114023",1.74844555327461,-2.71170826872781,2.5155627757131,-1.07797280787759,0.28104589131321,NA
"ENSMUSG00000114025",13.9117403324773,-0.736894151517634,0.646385732381517,-1.14002230340489,0.254277009297758,NA
"ENSMUSG00000114027",0.235545031206019,-3.13767775428938,7.26776548831416,-0.431725233750931,0.66594112524447,NA
"ENSMUSG00000114029",0.0807165544915255,-1.66289010528926,7.34989102120824,-0.226246906313435,0.821009390309929,NA
"ENSMUSG00000114030",0,NA,NA,NA,NA,NA
"ENSMUSG00000114031",0.76607589479473,0.170308796595682,4.31684265762197,0.039452166804129,0.968529889160537,NA
"ENSMUSG00000114032",0.182669436539078,0.472775154238225,7.19873612824703,0.0656747442628309,0.947636780150134,NA
"ENSMUSG00000114034",1.12271293480185,-1.83969090557152,2.81581892145341,-0.653341339372046,0.513536247198966,NA
"ENSMUSG00000114037",0.119394213186469,-1.67256718488453,7.35014863962688,-0.227555559334843,0.819991772032008,NA
"ENSMUSG00000114039",0.0761742917897595,1.15235781593504,7.35611252986541,0.156653097849786,0.875518253074104,NA
"ENSMUSG00000114040",0.122584797144875,1.12518389392249,7.3554501277311,0.152972812592446,0.878419715328981,NA
"ENSMUSG00000114041",0.333252141920357,-0.835072710922113,7.19205326849863,-0.116110473566673,0.907564988254165,NA
"ENSMUSG00000114042",0.081236158750911,0,7.3561311249555,0,1,NA
"ENSMUSG00000114043",0.0927728663855858,0,7.3561311249555,0,1,NA
"ENSMUSG00000114044",0.12766670746447,0,7.3561311249555,0,1,NA
"ENSMUSG00000114046",9.02053328058774,-6.26690047481995,2.30807307012193,-2.71520887096043,0.00662339822454035,NA
"ENSMUSG00000114047",0.111058029944319,2.15897256310364,7.28489181936792,0.296363023176775,0.766952860796362,NA
"ENSMUSG00000114054",0.415085142753288,0,5.85286936739737,0,1,NA
"ENSMUSG00000114056",0,NA,NA,NA,NA,NA
"ENSMUSG00000114058",0,NA,NA,NA,NA,NA
"ENSMUSG00000114059",0.0896488043703647,-1.88163130163719,7.34140782423577,-0.256303878858965,0.797716202372996,NA
"ENSMUSG00000114060",0.274692328686821,0,7.3561311249555,0,1,NA
"ENSMUSG00000114063",0.07620042738433,1.14799591971947,7.35603156280198,0.156061853448898,0.875984266419943,NA
"ENSMUSG00000114064",5.03210850366774,-0.595972541244594,1.33002430591281,-0.448091466144727,0.654087186685265,NA
"ENSMUSG00000114065",0.437202633468669,-2.55642394551876,7.29464983408084,-0.350451907036725,0.725999576973471,NA
"ENSMUSG00000114066",0.796940035302892,0.543932411980856,3.06932544279307,0.177215620213242,0.859339026695909,NA
"ENSMUSG00000114067",0.528066760108173,0.263789077627844,6.1634447347088,0.0427989685933813,0.965861786181019,NA
"ENSMUSG00000114070",0.423399293320511,2.69420091895419,7.26192349070878,0.371003759871784,0.710634731282115,NA
"ENSMUSG00000114072",0,NA,NA,NA,NA,NA
"ENSMUSG00000114073",0.455037578263103,-2.82291686004939,7.22912947837427,-0.390491949064415,0.696172807460801,NA
"ENSMUSG00000114074",0,NA,NA,NA,NA,NA
"ENSMUSG00000114075",0.0355187493373064,1.16171280725677,7.35565536667627,0.157934643392857,0.874508299155349,NA
"ENSMUSG00000114077",0,NA,NA,NA,NA,NA
"ENSMUSG00000114078",0.0474375977968173,0,7.3561311249555,0,1,NA
"ENSMUSG00000114083",8.60516596103888,0.976065814424352,1.24329413833878,0.785064277491504,0.432415882905654,NA
"ENSMUSG00000114084",0.0790878842074824,-1.65183421348801,7.34962298719915,-0.224750877203499,0.822173082673166,NA
"ENSMUSG00000114085",0.0812361587509111,0,7.3561311249555,0,1,NA
"ENSMUSG00000114086",0.151693444106589,1.16129749810666,7.3560997991074,0.15786864368637,0.874560306891389,NA
"ENSMUSG00000114087",0.0407969102058399,0,7.3561311249555,0,1,NA
"ENSMUSG00000114090",0.202611732596857,1.14164125846922,7.35586944288176,0.155201403088249,0.876662542187968,NA
"ENSMUSG00000114096",84.9754827685262,0.329011039107981,0.363573675923356,0.904936360621825,0.365499102681878,0.574671326548491
"ENSMUSG00000114100",0,NA,NA,NA,NA,NA
"ENSMUSG00000114101",0.152331594577163,1.14659377681232,7.35599473665228,0.155872022460709,0.876133898569134,NA
"ENSMUSG00000114102",0.0761524196209141,-2.55627499047924,7.29465809108018,-0.350431090609309,0.726015196884991,NA
"ENSMUSG00000114103",3.10653621136961,0.404079571136449,1.29944337154217,0.310963586398451,0.755828304013198,NA
"ENSMUSG00000114106",0.0737813491727315,0,7.3561311249555,0,1,NA
"ENSMUSG00000114107",0.277965517904747,-2.54748010135445,7.29492548129137,-0.34921262840693,0.726929686195763,NA
"ENSMUSG00000114108",0.0474375977968173,0,7.3561311249555,0,1,NA
"ENSMUSG00000114109",0.0761524196209141,-2.55627499047924,7.29465809108018,-0.350431090609309,0.726015196884991,NA
"ENSMUSG00000114110",0.240383270816937,0,7.3561311249555,0,1,NA
"ENSMUSG00000114111",0.15026355543481,0.765937015772692,7.27899049061962,0.105225720072,0.916196702346022,NA
"ENSMUSG00000114114",70.7891271235421,-0.211418984276769,3.16434742910804,-0.0668128228689363,0.946730715047747,0.981027767067845
"ENSMUSG00000114119",0.0352597853922181,1.155567702399,7.35595536263211,0.157092810577567,0.875171703562209,NA
"ENSMUSG00000114120",0.142594691808262,0,7.3561311249555,0,1,NA
"ENSMUSG00000114122",0.259904854186599,1.1266782098369,7.35548820066384,0.153175177377787,0.878260132233954,NA
"ENSMUSG00000114123",624.372007386811,0.0313637530965475,1.00995333520247,0.0310546556987802,0.975225951721725,0.994111133335213
"ENSMUSG00000114124",0.0380762098104571,-1.67431590235222,7.3501929692546,-0.227792101425878,0.819807867435575,NA
"ENSMUSG00000114127",3.17146513042128,-1.69383253269218,1.5345230861055,-1.10381691095375,0.269672567547048,NA
"ENSMUSG00000114128",0,NA,NA,NA,NA,NA
"ENSMUSG00000114129",0.350783909961504,-1.47954283510084,7.27687127732002,-0.203321287228505,0.838883918207745,NA
"ENSMUSG00000114130",0.311516632881568,-1.69327309923954,7.26754808171554,-0.232990973049034,0.815768415362761,NA
"ENSMUSG00000114132",0.0355187493373064,1.16171280725677,7.35565536667627,0.157934643392857,0.874508299155349,NA
"ENSMUSG00000114133",424.058655257806,-0.566604137975443,0.297289382573219,-1.9059010216616,0.0566630484882434,0.180682011066544
"ENSMUSG00000114135",0.568327579861623,-0.0911879986810134,7.17339001180401,-0.0127119811596694,0.98985757965605,NA
"ENSMUSG00000114137",0.479864591920085,2.12172355680944,7.2857974241325,0.291213635693703,0.77088793452725,NA
"ENSMUSG00000114139",0.985373323350529,0.868854768130036,3.82855309111543,0.226940765206131,0.820469802863049,NA
"ENSMUSG00000114140",0.0432773486139992,0,7.3561311249555,0,1,NA
"ENSMUSG00000114142",0,NA,NA,NA,NA,NA
"ENSMUSG00000114144",0.0710374986746129,2.16226366003378,7.28481246100722,0.296818026765623,0.766605441993722,NA
"ENSMUSG00000114145",0.0406180793754555,0,7.3561311249555,0,1,NA
"ENSMUSG00000114147",1.01637510795549,3.66625340791712,7.16464143643391,0.511714848599868,0.608850592508987,NA
"ENSMUSG00000114151",0,NA,NA,NA,NA,NA
"ENSMUSG00000114152",0.511313531659215,-0.13991797461867,6.45527552248752,-0.021674981049415,0.982707221313993,NA
"ENSMUSG00000114155",2.1878637934898,-0.912169187025675,1.60351412719345,-0.568856345919569,0.569453632614385,NA
"ENSMUSG00000114156",0,NA,NA,NA,NA,NA
"ENSMUSG00000114158",0.152304839241828,-3.55232820134153,7.25421207485117,-0.489691804525086,0.624352002042539,NA
"ENSMUSG00000114160",0.403591866763131,1.11849778459962,6.82959803231026,0.163772125285865,0.869910536160353,NA
"ENSMUSG00000114162",0.866220972749002,0.111230622943115,2.72476255347271,0.0408221343182184,0.967437693430667,NA
"ENSMUSG00000114164",0,NA,NA,NA,NA,NA
"ENSMUSG00000114166",0.116908688926852,-1.67458846714257,7.3501988656115,-0.227829001331824,0.819779179725067,NA
"ENSMUSG00000114167",1.76611141638287,3.9610757780743,2.49320847479097,1.58874631549068,0.112117677840481,NA
"ENSMUSG00000114170",0,NA,NA,NA,NA,NA
"ENSMUSG00000114171",0.231207038494031,3.14649278552719,7.24924832408859,0.434044006338102,0.66425648521841,NA
"ENSMUSG00000114172",41.8838487511919,-0.572752007597818,0.482805269229163,-1.18630024173568,0.235503751217144,NA
"ENSMUSG00000114173",0,NA,NA,NA,NA,NA
"ENSMUSG00000114174",0.545767116776476,0,4.36673822623486,0,1,NA
"ENSMUSG00000114176",0.165015962442714,-1.66131214426355,7.34986337175357,-0.226033064865964,0.821175703689893,NA
"ENSMUSG00000114177",0.198754388993953,-0.472931680032123,7.34036413307696,-0.064428912715789,0.948628708828588,NA
"ENSMUSG00000114179",5.20296321019176,-2.28828582568724,1.2923194753426,-1.77068122035429,0.0766137270956385,NA
"ENSMUSG00000114182",0,NA,NA,NA,NA,NA
"ENSMUSG00000114183",0.0380762098104571,-1.67431590235222,7.3501929692546,-0.227792101425878,0.819807867435575,NA
"ENSMUSG00000114184",12.6409920973376,0.47425109828149,0.799002596758872,0.593553888567164,0.55281052998781,NA
"ENSMUSG00000114187",0.040674218089001,0,7.3561311249555,0,1,NA
"ENSMUSG00000114191",0.089413716532415,0,7.3561311249555,0,1,NA
"ENSMUSG00000114194",5.28151063036777,-0.0822167354046245,1.09213422779692,-0.075280797279355,0.939991299673696,NA
"ENSMUSG00000114278",0.203478153905667,2.05646181412182,7.32250982787359,0.28084111356106,0.778832268039042,NA
"ENSMUSG00000114326",0.925561068015351,1.13017946034797,4.04494970093375,0.279405071486321,0.77993397952265,NA
"ENSMUSG00000114515",0.942606556236567,0,4.96775678520034,0,1,NA
"ENSMUSG00000114702",0,NA,NA,NA,NA,NA
"ENSMUSG00000114755",1.80233139004317,-2.58827641078563,2.913188694563,-0.888468507246454,0.374288788836035,NA
"ENSMUSG00000114797",247.024401749389,-0.175855326852393,0.269980294534033,-0.651363563981242,0.514811825144082,0.702634797400568
"ENSMUSG00000114940",0.201395401341435,1.153208998205,7.3558952241342,0.156773439950776,0.875423405829031,NA
"ENSMUSG00000114942",0,NA,NA,NA,NA,NA
"ENSMUSG00000114951",0.201395401341435,1.153208998205,7.3558952241342,0.156773439950776,0.875423405829031,NA
"ENSMUSG00000114982",0.0425774740632087,0,7.3561311249555,0,1,NA
"ENSMUSG00000115020",0.118062060582768,0,7.3561311249555,0,1,NA
"ENSMUSG00000115021",0.0380762098104571,-1.67431590235222,7.3501929692546,-0.227792101425878,0.819807867435575,NA
"ENSMUSG00000115022",0,NA,NA,NA,NA,NA
"ENSMUSG00000115027",0.0761566650409944,1.15664344910796,7.35590276168885,0.157240176573841,0.875055565780905,NA
"ENSMUSG00000115067",0.166427879204729,0,7.3561311249555,0,1,NA
"ENSMUSG00000115072",0,NA,NA,NA,NA,NA
"ENSMUSG00000115157",0.242019429684396,2.1447436263022,7.28549494493428,0.294385438808585,0.768463392354699,NA
"ENSMUSG00000115181",0.0406180793754555,0,7.3561311249555,0,1,NA
"ENSMUSG00000115219",347.425211703716,-0.888330144458471,0.307048827080068,-2.89312339312999,0.00381431414682366,0.03704177479703
"ENSMUSG00000115232",10.5580691580392,2.04337339080972,2.30876108485002,0.885051902606224,0.376128638705461,NA
"ENSMUSG00000115236",0.234548521132814,-3.54194505178666,7.25437512549954,-0.488249503301328,0.625373124367821,NA
"ENSMUSG00000115267",0.0406180793754555,0,7.3561311249555,0,1,NA
"ENSMUSG00000115293",0,NA,NA,NA,NA,NA
"ENSMUSG00000115317",0.0432773486139992,0,7.3561311249555,0,1,NA
"ENSMUSG00000115338",2352.69894738101,-0.791680299561028,0.264781949168176,-2.98993304508909,0.00279038604344608,0.0314874041546399
"ENSMUSG00000115343",0.208773258278957,1.13779931293588,7.35577149861884,0.154681166095157,0.87707267855184,NA
"ENSMUSG00000115404",0,NA,NA,NA,NA,NA
"ENSMUSG00000115466",0.195422418885262,-3.55135685405249,7.25431231602688,-0.489551138597454,0.624451559189995,NA
"ENSMUSG00000115467",0.282080076069478,-0.233014410544529,7.35007487375265,-0.031702317941907,0.974709446366967,NA
"ENSMUSG00000115668",0.116702924393482,-2.55359159624335,7.29474015348411,-0.35005929512427,0.726294198264541,NA
"ENSMUSG00000115701",0.154989447396047,-2.55666230754422,7.29464405528852,-0.350484860970108,0.725974849739371,NA
"ENSMUSG00000115744",0,NA,NA,NA,NA,NA
"ENSMUSG00000115791",0.0376578434287409,-1.66410594301674,7.34993417561206,-0.226410999507783,0.820881773669476,NA
"ENSMUSG00000115799",0.0355187493373064,1.16171280725677,7.35565536667627,0.157934643392857,0.874508299155349,NA
"ENSMUSG00000115958",0.0711677912777981,0,7.3561311249555,0,1,NA
"ENSMUSG00000115987",7251.83380769522,-0.558868101857757,0.240258474838765,-2.32611191856108,0.020012580890485,0.0957125136611399
"ENSMUSG00000116048",1547.58669359031,0.0322452279656395,0.178263651912007,0.180885040891881,0.856457810802531,0.932556203012894
"ENSMUSG00000116057",0.0425774740632087,0,7.3561311249555,0,1,NA
"ENSMUSG00000116069",0.280236517399488,0.768811767054976,7.27903311241931,0.105620039802161,0.915883824224305,NA
"ENSMUSG00000116121",1.56139428254167,0.239677370499433,6.11515778200747,0.0391939797865284,0.968735733384687,NA
"ENSMUSG00000116138",64.3579351909258,-0.468318712394854,0.322105359378422,-1.45393020873228,0.145965656539271,NA
"ENSMUSG00000116158",0.0380762098104571,-1.67431590235222,7.3501929692546,-0.227792101425878,0.819807867435575,NA
"ENSMUSG00000116165",148.02419345023,-0.0375777919046394,0.348287520662219,-0.107893018484242,0.914080555236075,0.962532852642634
"ENSMUSG00000116166",0,NA,NA,NA,NA,NA
"ENSMUSG00000116179",0.114448544154627,-2.55989724727935,7.2945453434304,-0.35093307762969,0.725638555334905,NA
"ENSMUSG00000116184",7.08028402675167,-4.72764582843332,2.43635246920319,-1.94046054016951,0.0523237452759799,NA
"ENSMUSG00000116207",18.6674611589396,0.386013671106297,3.36465925547082,0.114725932641961,0.908662358366324,NA
"ENSMUSG00000116275",462.345085150074,0.408386504389925,0.887431646784074,0.460189250484654,0.645380386091108,0.798150643292921
"ENSMUSG00000116347",0.0927728663855858,0,7.3561311249555,0,1,NA
"ENSMUSG00000116358",0.263907767259938,0,7.3561311249555,0,1,NA
"ENSMUSG00000116378",12.9605087119009,0,2.53194857230211,0,1,NA
"ENSMUSG00000116461",6.0242739200869,5.85228086319132,7.21884832193578,0.810694532174627,0.41754111414617,NA
"ENSMUSG00000116564",475.550675971812,-0.333616119518402,0.284410968166619,-1.17300722144779,0.240792909795253,0.446573717321965
"ENSMUSG00000116589",0.300721105073086,-3.84550953032337,7.24636050384738,-0.530681509466943,0.595639501484252,NA
"ENSMUSG00000116780",7.97844901471651,0.0610619944448294,4.07469853475026,0.0149856471402913,0.988043631021004,NA
"ENSMUSG00000116895",147.838559495024,-1.31418901246016,0.43564009644825,-3.01668515633587,0.00255555091782465,0.0303321023526459
"ENSMUSG00000116908",51.0284662382501,1.24441307107741,0.541669983914111,2.2973639079745,0.02159801888389,NA
"ENSMUSG00000116933",0.315579120815295,3.13621736301207,7.24945831746858,0.432614027927427,0.665295196618293,NA
"ENSMUSG00000116953",189.724245269265,0.322724060749396,0.326079914828136,0.98970849191828,0.322316623106263,0.532965802717648
"ENSMUSG00000117042",23.4214870426657,-0.00954521541468364,0.646537888112553,-0.0147635824445635,0.988220793412818,NA
"ENSMUSG00000117063",0,NA,NA,NA,NA,NA
"ENSMUSG00000117081",0.0783795109106929,1.15698276699685,7.35594836454209,0.15728533013824,0.875019981212114,NA
"ENSMUSG00000117091",0,NA,NA,NA,NA,NA
"ENSMUSG00000117120",1.06449468582105,2.13162546796949,4.1566131298107,0.512827487523856,0.608072000153977,NA
"ENSMUSG00000117148",0,NA,NA,NA,NA,NA
"ENSMUSG00000117286",9.00946158794655,0.884366350279212,1.14425543741907,0.772874938024284,0.439596398165879,NA
"ENSMUSG00000117310",1353.15198631202,-0.641492727326884,0.239847205290244,-2.67458912665087,0.00748208854177271,0.0525287253092495
"ENSMUSG00000117406",1.96051099145301,-0.160282001498136,2.61400525558054,-0.0613166332225062,0.951107044330639,NA
"ENSMUSG00000117569",3.26233913610499,-0.237878074155438,1.64486654008855,-0.144618464998767,0.88501211754032,NA
"ENSMUSG00000117652",0,NA,NA,NA,NA,NA
"ENSMUSG00000117679",106.480292238191,0.550621449343037,0.335029702703779,1.64350039682862,0.100279443311585,0.258468517632858
"ENSMUSG00000117732",3.16726240455996,-5.98194228785921,7.22088049258053,-0.828422834861438,0.407431078951104,NA
"ENSMUSG00000117744",0.0406180793754555,0,7.3561311249555,0,1,NA
"ENSMUSG00000117748",9.1543568901045,0.604046015337672,1.08182442945549,0.558358638325169,0.576599510854668,NA
"ENSMUSG00000117757",1.06858447800518,-1.2908454526783,2.85577154408525,-0.452012856333638,0.651259720715591,NA
"ENSMUSG00000117784",0.24015317393831,2.15672505539386,7.28494610112861,0.296052300930508,0.767190140248264,NA
"ENSMUSG00000117819",6.04713899749164,1.42622065283412,2.40571392337951,0.592847154008481,0.553283447203093,NA
"ENSMUSG00000117853",0.0400922426516566,0,7.3561311249555,0,1,NA
"ENSMUSG00000117863",4.15790300796729,0.0784514138142824,1.16987608845498,0.0670595925401733,0.946534261930584,NA
"ENSMUSG00000117924",1541.9595384335,-0.273927784358541,0.197365948155006,-1.3879181637929,0.165161966173088,0.352466760712646
"ENSMUSG00000117942",54.2983370267584,-1.37035053422629,1.15310446985289,-1.1884010252784,0.234675452690386,NA
"ENSMUSG00000117975",153.196448306419,0.286417262489406,0.288275397479063,0.993554306035458,0.320439899421068,0.531022364757293
"ENSMUSG00000117994",2.56992716612402,-0.685959943973324,1.64913177949286,-0.415952171017085,0.677445002317144,NA
"ENSMUSG00000118125",35.2650065067595,-0.196554341254848,0.809942396292439,-0.242676938699083,0.808255673742776,NA
"ENSMUSG00000118193",47.9412873413841,0.629419927272892,0.571051688863681,1.10221183046557,0.270369589915223,NA
"ENSMUSG00000118215",0.367415836980691,2.14635864556913,7.28519558571572,0.294619220625669,0.768284777630218,NA
"ENSMUSG00000118219",0.563248249678872,-2.55504974246994,7.29469554408766,-0.350261327155841,0.726142585634542,NA
"ENSMUSG00000118234",74.8964777848565,0.639284637953251,0.475905260794655,1.34330231375419,0.179174103212854,0.371307339676952
"ENSMUSG00000118257",1.29004000786945,0.844573827959347,3.37379497132613,0.250333477623085,0.802329469059687,NA
"ENSMUSG00000118272",0,NA,NA,NA,NA,NA
"ENSMUSG00000118298",0.0406180793754555,0,7.3561311249555,0,1,NA
"ENSMUSG00000118318",0.0406180793754555,0,7.3561311249555,0,1,NA
"ENSMUSG00000118332",103.566791450795,-0.574656729124685,0.345307333183847,-1.66418918424396,0.0960746288052983,0.251309263228466
"ENSMUSG00000118346",3171.51614943073,-0.612876535894862,0.177692166341732,-3.44909147382556,0.000562476124642821,0.0148460518370694
"ENSMUSG00000118388",0.0761545340518089,1.15717481071255,7.35587679286858,0.157312968025023,0.874998200502954,NA
"ENSMUSG00000118396",0.467935171584917,3.15095753871024,6.41890638579135,0.490886975028189,0.623506389815639,NA
"ENSMUSG00000118409",0,NA,NA,NA,NA,NA
"ENSMUSG00000118423",84.8834073018584,-0.109804853563313,0.372670120434388,-0.294643566903952,0.768266177216684,0.878869478276463
"ENSMUSG00000118449",0.595565617373345,-0.427955461305197,4.34894558212381,-0.0984044185478643,0.921611166217385,NA
"ENSMUSG00000118461",0,NA,NA,NA,NA,NA
"ENSMUSG00000118488",0.0711026927837701,1.1649548813794,7.3554956892384,0.158378840882717,0.874158285866355,NA
"ENSMUSG00000118491",58.3112172310313,-0.382912361406242,1.66025182062955,-0.230635110076884,0.817598288953339,NA
"ENSMUSG00000118506",222.25004143763,0.55004237106995,0.30757686519325,1.78830865814423,0.0737262237584577,0.212885705001207
"ENSMUSG00000118531",0,NA,NA,NA,NA,NA
"ENSMUSG00000118537",223.889761195265,-0.595723887196884,0.36385191454281,-1.63727017334904,0.101574030206153,0.260253833226497
"ENSMUSG00000118560",5.29184823537087,0,2.28370632158418,0,1,NA
"ENSMUSG00000118607",1.66355045041017,-0.46451883643727,4.29707837572452,-0.108101085393619,0.913915507181453,NA
"ENSMUSG00000118613",0.073709561990471,1.16546873185246,7.35547063221476,0.158449240045641,0.874102815856271,NA
"ENSMUSG00000118618",10.6658659478525,0.165826533921745,0.883855873757428,0.18761716570009,0.851176768921333,NA
"ENSMUSG00000118623",13.8374167983644,-7.95039889614909,2.46518227789773,-3.22507547106377,0.0012593946401564,NA
"ENSMUSG00000118627",0.0899438034484157,-1.88495355129047,7.34127635419513,-0.256761012710457,0.797363268598728,NA
"ENSMUSG00000118643",1.06580604157819,1.47255656944797,2.456068622484,0.599558398314893,0.548800579576023,NA
"ENSMUSG00000118655",0.196315085523549,2.13838761199593,7.2853920160891,0.293517165208612,0.769126881044272,NA
