gene_names,1,10,wilcoxon_logfc,wilcoxon_padj,wilcoxon_score,t-test_logfc,t-test_padj,t-test_score,t-test_overestim_var_logfc,t-test_overestim_var_padj,t-test_overestim_var_score
Mrpl15,0.6756196618080139,0.7719353437423706,-0.27005428075790405,0.00033278736805580423,-4.096653461456299,-0.27005428075790405,5.610151188789129e-05,-4.596055030822754,-0.27005428075790405,4.696281749220182e-09,-6.272746562957764
Lypla1,0.35322457551956177,0.39123180508613586,-0.17655131220817566,0.1340239362419678,-1.9903501272201538,-0.17655131220817566,0.1124357392897709,-2.1514298915863037,-0.17655131220817566,0.013100951093021616,-2.897094964981079
Gm37988,0.0010160051751881838,0.0,19.955211639404297,0.9979940091511154,0.19574879109859467,19.955211639404297,0.2725514880892354,1.628477931022644,19.955211639404297,0.19959611691843018,1.628477931022644
Tcea1,0.493069589138031,0.5818923711776733,-0.3087449073791504,0.0010496555613084455,-3.7828140258789062,-0.3087449073791504,4.5201084224073675e-05,-4.645528316497803,-0.3087449073791504,6.357002156492908e-09,-6.223334312438965
Atp6v1h,0.3022817373275757,0.3766278028488159,-0.3739032745361328,0.0005024663384499465,-3.9848859310150146,-0.3739032745361328,0.0007795807517757862,-3.9224581718444824,-0.3739032745361328,4.937327080109286e-07,-5.439654350280762
Rb1cc1,0.31584930419921875,0.33883342146873474,-0.11882215738296509,0.1548596645416274,-1.915719747543335,-0.11882215738296509,0.47421990543028425,-1.1728609800338745,-0.11882215738296509,0.20685052795928963,-1.6057766675949097
Pcmtd1,0.15115436911582947,0.15190018713474274,-0.007652373053133488,0.41610575368392727,-1.3087025880813599,-0.007652373053133488,1.0,-0.04672086238861084,-0.007652373053133488,1.0,-0.06674833595752716
Rrs1,0.1658889502286911,0.2804231345653534,-0.8430765867233276,6.227617435794548e-12,-7.35438346862793,-0.8430765867233276,4.215070974943303e-11,-7.253970146179199,-0.8430765867233276,1.8448266609117975e-23,-10.466964721679688
Adhfe1,0.0007186077418737113,0.0006914539262652397,0.055590901523828506,0.9979940091511154,0.05521576479077339,0.055590901523828506,1.0,0.027228739112615585,0.055590901523828506,1.0,0.033154238015413284
Mybl1,0.04236077517271042,0.03035072423517704,0.48971378803253174,0.9052690777847262,-0.6303502917289734,0.48971378803253174,0.21784393693985582,1.7805646657943726,0.48971378803253174,0.06989946202235711,2.2110331058502197
Vcpip1,0.2269153594970703,0.23540866374969482,-0.05937567353248596,0.17082535376385827,-1.8599697351455688,-0.05937567353248596,0.765759809977512,-0.5730674266815186,-0.05937567353248596,0.6003377597687454,-0.7619171738624573
Sgk3,0.027427634224295616,0.05969025939702988,-1.1453067064285278,0.0003391207327810069,-4.091487884521484,-1.1453067064285278,0.0002633263855637652,-4.221930503845215,-1.1453067064285278,3.068664432184576e-09,-6.342778205871582
Mcmdc2,0.0009615980088710785,0.0012951665557920933,-0.4298720359802246,0.9979940091511154,0.024936150759458542,-0.4298720359802246,0.9200266945188863,-0.3028582036495209,-0.4298720359802246,0.8136509827231252,-0.42880979180336
Ppp1r42,0.0,0.0,0.0,0.9979940091511154,0.11319231241941452,0.0,1.0,0.0,0.0,1.0,0.0
Cops5,0.5228999257087708,0.6274406909942627,-0.34554365277290344,0.00015133675505600138,-4.297033309936523,-0.34554365277290344,2.6719248848027702e-06,-5.264617443084717,-0.34554365277290344,1.4795791404064e-11,-7.170917510986328
Cspp1,0.32063591480255127,0.2872856855392456,0.18372400104999542,0.803123562426361,0.7576137185096741,0.18372400104999542,0.17691566997889094,1.903397560119629,0.18372400104999542,0.03632873658064555,2.5026140213012695
Arfgef1,0.29756438732147217,0.3005865812301636,-0.01686740107834339,0.7454647849586286,-0.832422137260437,-0.01686740107834339,0.9875537031190433,-0.17865334451198578,-0.01686740107834339,0.9320645534933123,-0.24107034504413605
Prex2,0.002015308476984501,0.0031112597789615393,-0.6272886991500854,0.9979940091511154,-0.14694517850875854,-0.6272886991500854,0.704333395490448,-0.6770516037940979,-0.6272886991500854,0.48600433025323425,-0.9550020694732666
A830018L16Rik,0.0003063702315557748,0.0,18.225141525268555,0.9979940091511154,0.14071114361286163,18.225141525268555,0.5196272646011879,1.0,18.225141525268555,0.46147875269036936,1.0
Slco5a1,0.0,0.0,0.0,0.9979940091511154,0.11319231241941452,0.0,1.0,0.0,0.0,1.0,0.0
Ncoa2,0.31422367691993713,0.2767763137817383,0.2114122062921524,0.7204864614833332,0.8646610379219055,0.2114122062921524,0.12082424931739753,2.114366292953491,0.2114122062921524,0.016226212128500575,2.817887544631958
Tram1,0.9368957877159119,0.9381107687950134,-0.002881155349314213,0.9979940091511154,0.15789927542209625,-0.002881155349314213,1.0,-0.058323536068201065,-0.002881155349314213,1.0,-0.07806330174207687
Lactb2,0.14876435697078705,0.1545606404542923,-0.05943090468645096,0.09648933698484871,-2.1547505855560303,-0.05943090468645096,0.8300265837683635,-0.4630979001522064,-0.05943090468645096,0.6886773410199539,-0.6211190819740295
Xkr9,0.0003905721823684871,0.0,18.575515747070312,0.9979940091511154,0.14071114361286163,18.575515747070312,0.5196272646011879,1.0,18.575515747070312,0.46147875269036936,1.0
Eya1,0.0,0.0,0.0,0.9979940091511154,0.11319231241941452,0.0,1.0,0.0,0.0,1.0,0.0
Msc,0.01508705411106348,0.013863211497664452,0.12293471395969391,0.9977051186805446,-0.5112801790237427,0.12293471395969391,0.9480640419514305,0.25462713837623596,0.12293471395969391,0.8809138509074946,0.32287490367889404
Trpa1,0.0,0.0,0.0,0.9979940091511154,0.11319231241941452,0.0,1.0,0.0,0.0,1.0,0.0
Terf1,0.3739137649536133,0.28663837909698486,0.4498889148235321,0.002019512802816673,3.5912511348724365,0.4498889148235321,9.00187637104895e-06,4.999283790588379,0.4498889148235321,9.438398778501654e-10,6.535815715789795
Sbspon,0.0,0.0006003959570080042,-19.19598960876465,0.9979940091511154,0.027607882395386696,-19.19598960876465,0.5196272646011879,-1.0,-19.19598960876465,0.16021537352752957,-1.759765386581421
4930444P10Rik,0.0,0.0,0.0,0.9979940091511154,0.11319231241941452,0.0,1.0,0.0,0.0,1.0,0.0
Rpl7,3.0493457317352295,3.2318360805511475,-0.27520042657852173,5.892430593025264e-35,-12.771851539611816,-0.27520042657852173,1.1434027750516578e-41,-14.973388671875,-0.27520042657852173,3.8038316398735283e-75,-19.62609100341797
Rdh10,0.018730351701378822,0.024187738075852394,-0.3728484809398651,0.4729306928530162,-1.215103030204773,-0.3728484809398651,0.5196272646011879,-1.0444941520690918,-0.3728484809398651,0.25892624526011304,-1.46506929397583
Stau2,0.007029577624052763,0.009341242723166943,-0.4118461608886719,0.9979940091511154,-0.4608735144138336,-0.4118461608886719,0.6904982138054446,-0.701873779296875,-0.4118461608886719,0.49064850467841215,-0.9468847513198853
Ube2w,0.11970721185207367,0.08953829109668732,0.4410752058029175,0.9744580144407139,0.5394223928451538,0.4410752058029175,0.03288866311359022,2.705223321914673,0.4410752058029175,0.0016467927017982736,3.568793535232544
Eloc,1.1072094440460205,1.1452966928482056,-0.08131872117519379,0.35861125710987013,-1.4121876955032349,-0.08131872117519379,0.19776227073239,-1.838042974472046,-0.08131872117519379,0.03546075031688925,-2.512195587158203
Tmem70,0.2232835292816162,0.30144235491752625,-0.4918474853038788,2.147237460811133e-06,-5.2419352531433105,-0.4918474853038788,4.241261493032582e-06,-5.167842388153076,-0.4918474853038788,3.9086330067790675e-11,-7.027298450469971
Ly96,0.03123568743467331,0.042847342789173126,-0.4644382894039154,0.43303080619272016,-1.2799370288848877,-0.4644382894039154,0.39931786421105225,-1.3199416399002075,-0.4644382894039154,0.10680626015477586,-2.002998113632202
Pi15,0.0007945155375637114,0.0,19.600290298461914,0.9979940091511154,0.16822996735572815,19.600290298461914,0.37940041285308546,1.3615427017211914,19.600290298461914,0.29809070876203986,1.3615427017211914
Il17a,0.0003786676679737866,0.0,18.53084945678711,0.9979940091511154,0.14071114361286163,18.53084945678711,0.5196272646011879,1.0,18.53084945678711,0.46147875269036936,1.0
Il17f,0.0008339669439010322,0.0010987971909344196,-0.39805373549461365,0.9984208920935209,-0.0025826727505773306,-0.39805373549461365,0.9393614836723768,-0.26964253187179565,-0.39805373549461365,0.8589839142136283,-0.3569173216819763
Mcm3,0.8159989714622498,1.15300714969635,-0.7811037302017212,2.967080088287906e-24,-10.60178279876709,-0.7811037302017212,2.0299006904435955e-24,-11.187634468078613,-0.7811037302017212,1.5303141982598774e-49,-15.574152946472168
Paqr8,0.002107759239152074,0.0018049124628305435,0.22399942576885223,0.9984208920935209,-0.004630999639630318,0.22399942576885223,0.9698270547547229,0.2111559361219406,0.22399942576885223,0.9179731998200895,0.2629701793193817
Efhc1,0.0,0.0013931005960330367,-20.410873413085938,0.9979940091511154,-0.05797655135393143,-20.410873413085938,0.3638958391578176,-1.4007635116577148,-20.410873413085938,0.03948397259114544,-2.465015172958374
Tram2,0.038748595863580704,0.04331352189183235,-0.16398896276950836,0.263916376199837,-1.6089160442352295,-0.16398896276950836,0.7373534230976673,-0.6221109628677368,-0.16398896276950836,0.5409617992121435,-0.8606932759284973
Tmem14a,0.016897208988666534,0.023683622479438782,-0.4920167922973633,0.3280467220934826,-1.4726577997207642,-0.4920167922973633,0.36324432907016607,-1.4015138149261475,-0.4920167922973633,0.11521851480744989,-1.9630961418151855
Gsta3,0.00035292550455778837,0.0,18.429262161254883,0.9979940091511154,0.14071114361286163,18.429262161254883,0.5196272646011879,1.0,18.429262161254883,0.46147875269036936,1.0
Khdc1a,0.0003194429737050086,0.0014437156496569514,-2.176964044570923,0.9979940091511154,0.05503764748573303,-2.176964044570923,0.6564012824983994,-0.760345458984375,-2.176964044570923,0.3370112207822566,-1.2770024538040161
Khdc1c,0.0,0.0,0.0,0.9979940091511154,0.11319231241941452,0.0,1.0,0.0,0.0,1.0,0.0
Khdc1b,0.0,0.0,0.0,0.9979940091511154,0.11319231241941452,0.0,1.0,0.0,0.0,1.0,0.0
Kcnq5,0.019772058352828026,0.017542190849781036,0.17424774169921875,0.8237117319120503,-0.7328556776046753,0.17424774169921875,0.7987084380696816,0.5160284042358398,0.17424774169921875,0.6627689005288432,0.6617441773414612
Ogfrl1,0.03799295797944069,0.07066177576780319,-0.9189769625663757,0.004523198994760605,-3.3419785499572754,-0.9189769625663757,0.007500040766813776,-3.2482826709747314,-0.9189769625663757,8.953686893537511e-06,-4.859376907348633
B3gat2,0.0070760794915258884,0.010748510248959064,-0.6057676672935486,0.9277298330609342,-0.5991801023483276,-0.6057676672935486,0.5196272646011879,-1.0786212682724,-0.6057676672935486,0.22236131581231933,-1.5627636909484863
Smap1,0.8615725636482239,0.8477519154548645,0.034702811390161514,0.48193510305680265,1.2018333673477173,0.034702811390161514,0.7538855727092764,0.5937096476554871,0.034702811390161514,0.5801437916758587,0.7947155833244324
Sdhaf4,0.337272584438324,0.3348113000392914,0.012441443279385567,0.9979940091511154,-0.03410909324884415,0.012441443279385567,1.0,0.1441705971956253,0.012441443279385567,0.9605407235668443,0.19284772872924805
Fam135a,0.0,0.0,0.0,0.9979940091511154,0.11319231241941452,0.0,1.0,0.0,0.0,1.0,0.0
Lmbrd1,0.11510488390922546,0.10603460669517517,0.1250770092010498,0.27615607187756314,-1.5813082456588745,0.1250770092010498,0.6123249953979719,0.8335135579109192,0.1250770092010498,0.43327913346050334,1.0888240337371826
Phf3,0.5534440279006958,0.5826292037963867,-0.09717562794685364,0.7772640461080915,-0.7908322215080261,-0.09717562794685364,0.38848817239556316,-1.3437386751174927,-0.09717562794685364,0.14492384760362512,-1.842797040939331
Ptp4a1,0.0032460519578307867,0.0010156104108318686,1.6779476404190063,0.9979940091511154,0.19129590690135956,1.6779476404190063,0.24427356356813346,1.7047016620635986,1.6779476404190063,0.1280556305690642,1.9099334478378296
Ptp4a1-1,0.016672583296895027,0.01405409350991249,0.24838078022003174,0.9979940091511154,-0.5063819885253906,0.24838078022003174,0.7106015233931993,0.665851891040802,0.24838078022003174,0.5516011441331147,0.8432198762893677
Prim2,0.23170126974582672,0.2537764608860016,-0.14785969257354736,0.04335377094233379,-2.5132079124450684,-0.14785969257354736,0.3213477202146693,-1.5125854015350342,-0.14785969257354736,0.10764193537813929,-1.9991909265518188
Rab23,0.021593092009425163,0.030715834349393845,-0.515021800994873,0.1324202356416585,-1.997029423713684,-0.515021800994873,0.34625656032449403,-1.457429051399231,-0.515021800994873,0.09827960833872298,-2.0459811687469482
Bag2,0.023009037598967552,0.05294132977724075,-1.2239216566085815,0.0001707964917724858,-4.266664505004883,-1.2239216566085815,8.593205658786925e-05,-4.502189636230469,-1.2239216566085815,1.139137027821145e-09,-6.501828670501709
Zfp451,0.15396079421043396,0.1639999896287918,-0.09856618940830231,0.024655084797210097,-2.743154764175415,-0.09856618940830231,0.658014781977455,-0.7570815682411194,-0.09856618940830231,0.46147875269036936,-1.0150238275527954
Bend6,0.0006201585638336837,0.002554511185735464,-2.043732166290283,0.9979940091511154,0.05503764748573303,-2.043732166290283,0.6705905456029836,-0.7358558177947998,-2.043732166290283,0.3617195895129266,-1.2254037857055664
Dst,0.004211001098155975,0.003272861009463668,0.3642879128456116,0.9979940091511154,-0.03437626361846924,0.3642879128456116,0.8712340557949377,0.3907575309276581,0.3642879128456116,0.7826549879606334,0.47669053077697754
Ccdc115,0.22843177616596222,0.26765069365501404,-0.25804686546325684,0.0015622390646971081,-3.668107748031616,-0.25804686546325684,0.04761666143519493,-2.554884672164917,-0.25804686546325684,0.002724208899415177,-3.418574810028076
Imp4,0.40252426266670227,0.49519726634025574,-0.37076136469841003,6.370244671286537e-05,-4.506853103637695,-0.37076136469841003,7.877615088246782e-06,-5.036232948303223,-0.37076136469841003,1.0613466519535324e-10,-6.875636577606201
Ptpn18,1.462644100189209,1.279749870300293,0.35388973355293274,3.344081638838152e-11,7.117489814758301,0.35388973355293274,4.476715145690291e-08,6.055506706237793,0.35388973355293274,1.2660986315107292e-15,8.4266939163208
Prss39,0.0,0.0,0.0,0.9979940091511154,0.11319231241941452,0.0,1.0,0.0,0.0,1.0,0.0
Arhgef4,0.006843539420515299,0.008945595473051071,-0.3879529535770416,0.9979940091511154,-0.4599829316139221,-0.3879529535770416,0.7213754963092268,-0.6496827006340027,-0.3879529535770416,0.5239952658388151,-0.8896631598472595
Fam168b,0.30545487999916077,0.2803206145763397,0.14289577305316925,0.6254627979178076,0.9899652004241943,0.14289577305316925,0.30130963621030443,1.560499668121338,0.14289577305316925,0.09236239397743112,2.077544927597046
Plekhb2,0.262930303812027,0.28436219692230225,-0.12921342253684998,0.05571364050145788,-2.4080307483673096,-0.12921342253684998,0.360448744754075,-1.4244130849838257,-0.12921342253684998,0.14109746714523283,-1.8573793172836304
Hs6st1,0.011562001891434193,0.019415605813264847,-0.7535053491592407,0.3710096299352718,-1.3897451162338257,-0.7535053491592407,0.2614311980238718,-1.6586030721664429,-0.7535053491592407,0.04380952357931938,-2.4178426265716553
Uggt1,0.26924756169319153,0.3315768837928772,-0.34761887788772583,0.00027946364588164345,-4.142251014709473,-0.34761887788772583,0.0011510601857455634,-3.814262628555298,-0.34761887788772583,2.0260726419782266e-06,-5.165178298950195
Neurl3,0.11725511401891708,0.1461966633796692,-0.33959445357322693,0.09384019996754424,-2.168020248413086,-0.33959445357322693,0.2899596075547489,-1.5882840156555176,-0.33959445357322693,0.044899633442120584,-2.4077041149139404
Arid5a,0.24159587919712067,0.1937962919473648,0.3537850081920624,0.5048164921420456,1.166833758354187,0.3537850081920624,0.03664243028260868,2.663048505783081,0.3537850081920624,0.0013040514078733246,3.6353073120117188
Kansl3,0.1619604229927063,0.1529455929994583,0.08929643779993057,0.34680146270630774,-1.4353426694869995,0.08929643779993057,0.7032162972153756,0.6785093545913696,0.08929643779993057,0.5199731264037282,0.8966406583786011
Lman2l,0.055473051965236664,0.05715319886803627,-0.04427037760615349,0.1512550083471068,-1.9284549951553345,-0.04427037760615349,0.9732860953325838,-0.20571111142635345,-0.04427037760615349,0.9089138639003402,-0.27704107761383057
Cnnm4,0.0586639866232872,0.053479768335819244,0.1372566521167755,0.4175103511432064,-1.3062981367111206,0.1372566521167755,0.7025574938487585,0.6799502372741699,0.1372566521167755,0.5293169802685876,0.8796032667160034
Cnnm3,0.031157659366726875,0.04536621272563934,-0.5523459315299988,0.01939986112857052,-2.8359527587890625,-0.5523459315299988,0.10332284011083212,-2.195496082305908,-0.5523459315299988,0.009504866738142399,-3.0110092163085938
Ankrd23,0.0006242399686016142,0.0011162832379341125,-0.8388845920562744,0.9984208920935209,-0.0025826727505773306,-0.8388845920562744,0.7836549222184181,-0.5420402884483337,-0.8388845920562744,0.5900718074791589,-0.7789856195449829
Gm42417,0.0,0.0,0.0,0.9979940091511154,0.11319231241941452,0.0,1.0,0.0,0.0,1.0,0.0
Ankrd39,0.12043432891368866,0.1350640505552292,-0.1761748492717743,0.009248659293246801,-3.1041946411132812,-0.1761748492717743,0.4113426434575953,-1.2941114902496338,-0.1761748492717743,0.16760030445755605,-1.7331515550613403
Sema4c,0.006611945107579231,0.003326469101011753,0.9934551119804382,0.9979940091511154,0.18862417340278625,0.9934551119804382,0.38852217722340254,1.3430004119873047,0.9934551119804382,0.2006965172718895,1.6244103908538818
Cox5b,2.1767942905426025,2.1900365352630615,-0.02153034694492817,0.8875914839554373,-0.6519022583961487,-0.02153034694492817,0.6743695532684638,-0.7290222644805908,-0.02153034694492817,0.46147875269036936,-1.0220750570297241
Actr1b,0.18309098482131958,0.1988876461982727,-0.13115020096302032,0.08607322747033518,-2.209254026412964,-0.13115020096302032,0.49558471490225614,-1.1334182024002075,-0.13115020096302032,0.2297539425346463,-1.5421335697174072
4933424G06Rik,0.0007030991837382317,0.0032205511815845966,-2.197322368621826,0.9979940091511154,-0.17357341945171356,-2.197322368621826,0.34406783982989864,-1.4639973640441895,-2.197322368621826,0.048828018565918035,-2.3721823692321777
Zap70,0.8001067638397217,0.6962405443191528,0.28478649258613586,3.653138225384102e-05,4.637055397033691,0.28478649258613586,1.692255239541385e-05,4.865753173828125,0.28478649258613586,8.58088272263374e-10,6.549129962921143
Tmem131,0.09842479974031448,0.13826677203178406,-0.5196673274040222,7.475272700359532e-07,-5.449439525604248,-0.5196673274040222,0.005874615764445781,-3.324354410171509,-0.5196673274040222,2.940074828436019e-05,-4.593682289123535
Vwa3b,0.0015941424062475562,0.0008198890718631446,0.9598376154899597,0.9979940091511154,0.13803941011428833,0.9598376154899597,0.7101486654328045,0.6666291952133179,0.9598376154899597,0.5662312903593084,0.8189570307731628
Inpp4a,0.15507246553897858,0.15462864935398102,0.004463450983166695,0.46223723270032696,-1.231489658355713,0.004463450983166695,1.0,0.031538624316453934,0.004463450983166695,1.0,0.04378397762775421
Coa5,0.24897132813930511,0.3406529724597931,-0.5217021703720093,2.227266284591891e-07,-5.680009841918945,-0.5217021703720093,7.358347180912742e-07,-5.523998260498047,-0.5217021703720093,8.562224744066771e-13,-7.573365211486816
Unc50,0.4210013747215271,0.4100865423679352,0.046313539147377014,0.8353574480321924,0.7187845706939697,0.046313539147377014,0.727953961708389,0.6371983885765076,0.046313539147377014,0.5492390326053755,0.8469406366348267
Mgat4a,0.04770275577902794,0.0673048198223114,-0.5109123587608337,0.01973961790958891,-2.8290953636169434,-0.5109123587608337,0.1259796468300377,-2.093160390853882,-0.5109123587608337,0.008707625489012053,-3.041227102279663
2010300C02Rik,0.032225266098976135,0.03984830155968666,-0.31185775995254517,0.0396404677099021,-2.550433874130249,-0.31185775995254517,0.4336696303990061,-1.2497488260269165,-0.31185775995254517,0.18876975548750055,-1.6609352827072144
Tsga10,0.02151993289589882,0.02626696787774563,-0.29101404547691345,0.2577845365582733,-1.6235215663909912,-0.29101404547691345,0.5469304277270519,-0.9500417113304138,-0.29101404547691345,0.33990223448054585,-1.270519733428955
Lipt1,0.003797105047851801,0.011080317199230194,-1.5502873659133911,0.543722510585019,-1.1084119081497192,-1.5502873659133911,0.047244933310120536,-2.5614609718322754,-1.5502873659133911,0.0006237560580435066,-3.838991403579712
Mitd1,0.3399266004562378,0.37116941809654236,-0.15072396397590637,0.10087356610286154,-2.132575273513794,-0.15072396397590637,0.25346680137263355,-1.6800992488861084,-0.15072396397590637,0.06335403473815504,-2.2562196254730225
Mrpl30,0.835613489151001,0.842963457107544,-0.01866922713816166,0.9979940091511154,0.1642223596572876,-0.01866922713816166,0.8849097926321172,-0.36734452843666077,-0.01866922713816166,0.7760614404438336,-0.48712652921676636
Txndc9,0.6926805973052979,0.6854506731033325,0.020947102457284927,0.8519486428673928,0.6968763470649719,0.020947102457284927,0.8969765647069741,0.3462100923061371,0.020947102457284927,0.7873774625600267,0.4690305292606354
Eif5b,0.7954870462417603,1.0163384675979614,-0.5365076065063477,1.3063269007395508e-14,-8.174159049987793,-0.5365076065063477,1.3776498030050455e-18,-9.541464805603027,-0.5365076065063477,2.744111555109876e-33,-12.614469528198242
Rev1,0.026885926723480225,0.05813103914260864,-1.1351555585861206,0.0011490872298035133,-3.7569873332977295,-1.1351555585861206,0.0015745232797624755,-3.735058069229126,-1.1351555585861206,1.838225605021948e-07,-5.627205848693848
Aff3,0.043972212821245193,0.036710336804389954,0.26567932963371277,0.9979940091511154,0.03188265115022659,0.26567932963371277,0.6663968586154033,0.7416337728500366,0.26567932963371277,0.44911664358487935,1.0600605010986328
Chst10,0.04173628240823746,0.03679927811026573,0.18520919978618622,0.9244093048984955,-0.6055922508239746,0.18520919978618622,0.7125339882084043,0.6628884673118591,0.18520919978618622,0.5119606198163187,0.9107703566551208
Pdcl3,0.5283291339874268,0.6058585047721863,-0.25872692465782166,0.007174393233978436,-3.1887993812561035,-0.25872692465782166,0.0008112611072938729,-3.9089624881744385,-0.25872692465782166,1.3023207382561977e-06,-5.2538228034973145
Rpl31,1.913543701171875,2.1929261684417725,-0.4626859426498413,3.008211541488021e-38,-13.382341384887695,-0.4626859426498413,1.8277187029633667e-39,-14.668960571289062,-0.4626859426498413,4.245881825642472e-78,-19.994234085083008
Tbc1d8,0.0,0.004973231814801693,-22.24934196472168,0.9979940091511154,-0.31472983956336975,-22.24934196472168,0.1269781583935655,-2.0921945571899414,-22.24934196472168,0.0011277734970152494,-3.6817715167999268
Cnot11,0.2848550081253052,0.3211636543273926,-0.20059256255626678,0.03533882826063562,-2.5979015827178955,-0.20059256255626678,0.08516868798010951,-2.2885396480560303,-0.20059256255626678,0.008272630376526702,-3.0594005584716797
Rnf149,0.11577276140451431,0.18088021874427795,-0.6918644905090332,1.5239706428937237e-06,-5.311222076416016,-0.6918644905090332,0.00015589650294139387,-4.35585355758667,-0.6918644905090332,1.60340548912888e-09,-6.448261737823486
Rfx8,0.00033447990426793694,0.0,18.351804733276367,0.9979940091511154,0.14071114361286163,18.351804733276367,0.5196272646011879,1.0,18.351804733276367,0.46147875269036936,1.0
Map4k4,0.5854997038841248,0.5721078515052795,0.04396817088127136,0.7211150362105538,0.8635923266410828,0.04396817088127136,0.7613160041679048,0.5809736251831055,0.04396817088127136,0.592559188532549,0.7752997875213623
Il1r2,0.0038455245085060596,0.01984136551618576,-2.3788199424743652,0.35174573913821683,-1.4255462884902954,-2.3788199424743652,0.024506844681545622,-2.828620195388794,-2.3788199424743652,1.341300772451893e-05,-4.779172897338867
Il1r1,0.0,0.0,0.0,0.9979940091511154,0.11319231241941452,0.0,1.0,0.0,0.0,1.0,0.0
Il1rl2,0.014942209236323833,0.025228796526789665,-0.7631230354309082,0.23367146089386476,-1.681943416595459,-0.7631230354309082,0.18603968849860578,-1.8743356466293335,-0.7631230354309082,0.02108351561597003,-2.719224452972412
Il1rl1,0.0702320858836174,0.048345282673835754,0.5546991229057312,0.6625214928369909,-0.9413397312164307,0.5546991229057312,0.07548823411660771,2.346848249435425,0.5546991229057312,0.01568185114513449,2.8320000171661377
Il18r1,0.8598538637161255,0.7072893977165222,0.40606889128685,5.4972004420806354e-05,4.543455600738525,0.40606889128685,1.0285885924410794e-06,5.4439005851745605,0.40606889128685,4.1042004153799974e-11,7.0238237380981445
Il18rap,0.5764560103416443,0.42747965455055237,0.5477707386016846,9.6173696015204e-06,4.9329938888549805,0.5477707386016846,6.085082630910241e-09,6.3809099197387695,0.5477707386016846,8.160593540367756e-15,8.200050354003906
Slc9a2,0.000785048003308475,0.0,19.582988739013672,0.9979940091511154,0.14071114361286163,19.582988739013672,0.5196272646011879,1.0,19.582988739013672,0.46147875269036936,1.0
Mfsd9,0.0012471007648855448,0.001796636264771223,-0.5271162986755371,0.9979940091511154,-0.032416995614767075,-0.5271162986755371,0.8357493208716428,-0.45319998264312744,-0.5271162986755371,0.679050366818238,-0.6362449526786804
Mrps9,0.3735276460647583,0.413181334733963,-0.17603467404842377,0.09424537910305898,-2.1659719944000244,-0.17603467404842377,0.08882955062183535,-2.269871711730957,-0.17603467404842377,0.00901615154880577,-3.0290534496307373
Gpr45,0.00029493626789189875,0.0031683125998824835,-3.4273083209991455,0.9979940091511154,-0.03045772761106491,-3.4273083209991455,0.5196272646011879,-1.0669394731521606,-3.4273083209991455,0.14195368160215227,-1.8543908596038818
Tgfbrap1,0.060036007314920425,0.08731790632009506,-0.560370922088623,0.00013624704153842874,-4.3237504959106445,-0.560370922088623,0.014921191143279229,-3.0045645236968994,-0.560370922088623,0.00018336180792182392,-4.156866073608398
AI597479,0.03247762843966484,0.044385407119989395,-0.45928364992141724,0.05009889868410075,-2.45273756980896,-0.45928364992141724,0.1932392470672518,-1.8505650758743286,-0.45928364992141724,0.032676468426570536,-2.546419143676758
Fhl2,0.4025631546974182,0.36614149808883667,0.16476528346538544,0.6290320535617716,0.9846217632293701,0.16476528346538544,0.21218082402162639,1.7971572875976562,0.16476528346538544,0.04516567245537081,2.4050538539886475
Nck2,0.1009194478392601,0.08267384767532349,0.30106404423713684,0.43558270943493843,-1.2753950357437134,0.30106404423713684,0.1832505938574449,1.8809396028518677,0.30106404423713684,0.04797942715257283,2.3794796466827393
Uxs1,0.07214686274528503,0.07798757404088974,-0.11657363176345825,0.04259166078134538,-2.520866870880127,-0.11657363176345825,0.7272723386880412,-0.6381992697715759,-0.11657363176345825,0.5419848903807611,-0.8584832549095154
Tpp2,0.6675135493278503,0.6629587411880493,0.013525238260626793,0.8937271186708747,0.6446885466575623,0.013525238260626793,0.9676558630223205,0.21533501148223877,0.013525238260626793,0.9022994991083421,0.28770729899406433
Mettl21c,0.0017206004122272134,0.0016687031602486968,0.04422236233949661,0.9984208920935209,-0.004630999639630318,0.04422236233949661,1.0,0.04134591668844223,0.04422236233949661,1.0,0.05350213870406151
Gm8251,0.0183787252753973,0.029957229271531105,-0.7132534384727478,0.42035178885515784,-1.3008655309677124,-0.7132534384727478,0.29463860044537765,-1.5781495571136475,-0.7132534384727478,0.05732857453133102,-2.2993688583374023
Tex30,0.5062366724014282,0.5177045464515686,-0.04129200428724289,0.9979940091511154,-0.20634664595127106,-0.04129200428724289,0.7481521570379884,-0.6032174825668335,-0.04129200428724289,0.5737074578339327,-0.8067895174026489
Poglut2,0.022140348330140114,0.03341750055551529,-0.6020984649658203,0.11467739329321487,-2.0695223808288574,-0.6020984649658203,0.12422707634213959,-2.1001813411712646,-0.6020984649658203,0.011849103960534006,-2.9332215785980225
Bivm,0.0166839137673378,0.017967425286769867,-0.10785456746816635,0.616842244172355,-1.0022552013397217,-0.10785456746816635,0.9224311851949805,-0.29868414998054504,-0.10785456746816635,0.8399862403505611,-0.38697725534439087
Ercc5,0.08471724390983582,0.07710778713226318,0.14134211838245392,0.19403913896184635,-1.7903265953063965,0.14134211838245392,0.6395277281841996,0.7873651385307312,0.14134211838245392,0.46147875269036936,1.0217688083648682
Wdr75,0.1499282866716385,0.2363622784614563,-0.7210818529129028,2.5704723708957547e-10,-6.812912464141846,-0.7210818529129028,1.6614239916602555e-07,-5.821109771728516,-0.7210818529129028,4.501028277504633e-15,-8.265704154968262
Slc40a1,0.002436562441289425,0.010954247787594795,-2.1747219562530518,0.9979940091511154,-0.09066072106361389,-2.1747219562530518,0.5208010331026651,-0.9978097677230835,-2.1747219562530518,0.16969407845946605,-1.7259154319763184
Slc39a10,0.044656652957201004,0.08541335165500641,-0.9653050899505615,2.4274732966135406e-05,-4.730655193328857,-0.9653050899505615,0.00013064617029432475,-4.400055408477783,-0.9653050899505615,1.3645581774810322e-09,-6.473337650299072
Cavin2,0.0,0.0,0.0,0.9979940091511154,0.11319231241941452,0.0,1.0,0.0,0.0,1.0,0.0
Nabp1,0.66097491979599,0.5879051685333252,0.2271708846092224,0.013361468280133798,2.972923517227173,0.2271708846092224,0.023404801291605347,2.8375234603881836,0.2271708846092224,0.0005670993123314848,3.8645660877227783
Myo1b,0.0026123265270143747,0.0032879451755434275,-0.3323385417461395,0.9979940091511154,-0.23199526965618134,-0.3323385417461395,0.8776542690318069,-0.37991973757743835,-0.3323385417461395,0.7771030515448277,-0.48534268140792847
Stat4,0.6592196822166443,0.6259711384773254,0.10119800269603729,0.148005516950345,1.9397653341293335,0.10119800269603729,0.33768063882070853,1.4760586023330688,0.10119800269603729,0.09977465299563532,2.0384838581085205
Stat1,0.8628882169723511,0.7578970193862915,0.2730254828929901,0.00022543942454834686,4.197377681732178,0.2730254828929901,0.00121813133074216,3.798703670501709,0.2730254828929901,1.5831981226947397e-06,5.214343547821045
Gls,0.8843675255775452,0.8103902339935303,0.18684004247188568,0.0014340615311733656,3.693667411804199,0.18684004247188568,0.005487946957841462,3.3437554836273193,0.18684004247188568,5.219588783330511e-05,4.462125301361084
Nab1,0.7509481906890869,0.7370852828025818,0.03811059519648552,0.5740469000061766,1.0620129108428955,0.03811059519648552,0.7632583923579479,0.5777812600135803,0.03811059519648552,0.5848721767968722,0.7878476977348328
Nemp2,0.14520512521266937,0.14731420576572418,-0.02236243523657322,0.08146421142272617,-2.2355258464813232,-0.02236243523657322,0.992140754208172,-0.1692456305027008,-0.02236243523657322,0.9413396412517053,-0.2260851413011551
Mfsd6,0.06779495626688004,0.08186134696006775,-0.28227758407592773,0.032631659789944124,-2.6309421062469482,-0.28227758407592773,0.41215396567940465,-1.2926853895187378,-0.28227758407592773,0.15015265612425274,-1.8229315280914307
Inpp1,0.35423484444618225,0.285155326128006,0.36543917655944824,0.008034362450491512,3.151216983795166,0.36543917655944824,0.0016222521645916687,3.7168686389923096,0.36543917655944824,4.504470232583613e-06,5.004601001739502
Hibch,0.1334431767463684,0.15374387800693512,-0.21929752826690674,0.009116503540933771,-3.108647346496582,-0.21929752826690674,0.26990098910685845,-1.6370803117752075,-0.21929752826690674,0.06751898612307504,-2.226933240890503
1700019D03Rik,0.0037294025532901287,0.006743709556758404,-0.8567739725112915,0.9979940091511154,-0.15104183554649353,-0.8567739725112915,0.5612415455256791,-0.9234464168548584,-0.8567739725112915,0.28552127691399837,-1.3932838439941406
1700019A02Rik,0.0007763380417600274,0.0,19.56688690185547,0.9979940091511154,0.16822996735572815,19.56688690185547,0.369262183078768,1.3831685781478882,19.56688690185547,0.28931564165032203,1.3831685781478882
Pms1,0.08208470046520233,0.08477079123258591,-0.04841841757297516,0.05793200460273899,-2.391465902328491,-0.04841841757297516,0.9395588825999188,-0.26934918761253357,-0.04841841757297516,0.8561545347823338,-0.36174407601356506
Ormdl1,0.22191181778907776,0.24867448210716248,-0.18433372676372528,0.035836742193918025,-2.5924692153930664,-0.18433372676372528,0.22766297567894353,-1.7542608976364136,-0.18433372676372528,0.04913796495778816,-2.3681910037994385
Osgepl1,0.04826454073190689,0.06038312613964081,-0.3320026993751526,0.07301896640736727,-2.28584361076355,-0.3320026993751526,0.3278457130893854,-1.4993354082107544,-0.3320026993751526,0.08924760935230722,-2.0939931869506836
Gm28551,0.0018371861660853028,0.000609370821621269,1.5929898023605347,0.9979940091511154,0.11043152958154678,1.5929898023605347,0.5462556644670498,0.9513950347900391,1.5929898023605347,0.46147875269036936,1.0325158834457397
Asnsd1,0.3557429611682892,0.36129850149154663,-0.026602502912282944,0.9319607753146167,-0.5929460525512695,-0.026602502912282944,0.9128096256784288,-0.3175736367702484,-0.026602502912282944,0.8142476127128105,-0.4275232255458832
Stk17b,1.449776291847229,1.301120638847351,0.28714659810066223,7.278088422845676e-09,6.278655529022217,0.28714659810066223,3.563777540315764e-07,5.675503253936768,0.28714659810066223,2.255030976250048e-14,8.058435440063477
Hecw2,0.0007268180488608778,0.0016760294092819095,-1.2060649394989014,0.9979940091511154,-0.08798898756504059,-1.2060649394989014,0.595912994209302,-0.8612712025642395,-1.2060649394989014,0.3495977681218607,-1.2496780157089233
Ccdc150,0.0,0.0,0.0,0.9979940091511154,0.11319231241941452,0.0,1.0,0.0,0.0,1.0,0.0
Gtf3c3,0.08091486245393753,0.10452376306056976,-0.3866478502750397,0.0005411823553704664,-3.964669942855835,-0.3866478502750397,0.059594660885251144,-2.4568631649017334,-0.3866478502750397,0.0035892658972069475,-3.3333628177642822
Pgap1,0.05481817573308945,0.053442198783159256,0.03767657279968262,0.2765180500527751,-1.5802395343780518,0.03767657279968262,0.9968804925595617,0.15867041051387787,0.03767657279968262,0.9479557758744587,0.21398848295211792
Ankrd44,1.1149990558624268,0.9957847595214844,0.26398327946662903,1.518003620919829e-06,5.312112808227539,0.26398327946662903,2.418597480602576e-06,5.2774529457092285,0.26398327946662903,6.378123507253109e-11,6.9554338455200195
Sf3b1,1.6518040895462036,1.6550710201263428,-0.005829031113535166,0.6082127906116775,1.0134763717651367,-0.005829031113535166,0.9909033572715821,-0.1719021052122116,-0.005829031113535166,0.9404253862030246,-0.22754114866256714
Coq10b,0.47220146656036377,0.42859309911727905,0.1736040562391281,0.07602829414936663,2.2678539752960205,0.1736040562391281,0.08564723848486804,2.2855734825134277,0.1736040562391281,0.009180284140048957,3.0228018760681152
Hspd1,1.0796607732772827,1.6530340909957886,-1.119409203529358,3.230948471794774e-55,-16.151233673095703,-1.119409203529358,1.601084196062353e-53,-17.94308090209961,-1.119409203529358,1.889033201827991e-120,-25.49551773071289
Hspe1,1.3628153800964355,1.830599308013916,-0.8492928743362427,6.1759666288283224e-46,-14.700662612915039,-0.8492928743362427,2.950914356054638e-48,-16.508569717407227,-0.8492928743362427,2.574921130135946e-94,-22.266942977905273
Mob4,0.6198605895042419,0.5802252292633057,0.12676365673542023,0.10973810197922301,2.0910744667053223,0.12676365673542023,0.12917731294958174,2.0771005153656006,0.12676365673542023,0.022509953581353704,2.6941730976104736
Rftn2,0.012244896963238716,0.02302439510822296,-0.9187811613082886,0.381032963844178,-1.370775818824768,-0.9187811613082886,0.184449464167258,-1.879603624343872,-0.9187811613082886,0.014088731350694356,-2.8707492351531982
Mars2,0.0544278547167778,0.08457712084054947,-0.6579223275184631,0.000816496064017701,-3.8533477783203125,-0.6579223275184631,0.010880864333524299,-3.118865728378296,-0.6579223275184631,3.8071504934419636e-05,-4.5347394943237305
Boll,0.0038454204332083464,0.0037243247497826815,0.04624994099140167,0.9979940091511154,-0.09226375818252563,0.04624994099140167,1.0,0.06216330826282501,0.04624994099140167,1.0,0.08210436254739761
Plcl1,0.03177311271429062,0.03158045932650566,0.008913642726838589,0.24114379063435037,-1.662706971168518,0.008913642726838589,1.0,0.03362439200282097,0.008913642726838589,1.0,0.0430043488740921
Satb2,0.0,0.0006004744209349155,-19.196178436279297,0.9979940091511154,0.027607882395386696,-19.196178436279297,0.5196272646011879,-1.0,-19.196178436279297,0.16021537352752957,-1.759765386581421
1700066M21Rik,0.04365319758653641,0.03617722913622856,0.27643418312072754,0.6305602376622369,-0.9828405976295471,0.27643418312072754,0.4592833499131206,1.2012295722961426,0.27643418312072754,0.23741827705442034,1.5217304229736328
Tyw5,0.08772088587284088,0.11201245337724686,-0.37048107385635376,0.0011183176711608803,-3.764468193054199,-0.37048107385635376,0.06114028642482088,-2.44524884223938,-0.37048107385635376,0.0035452643175210748,-3.3369312286376953
Maip1,0.18516044318675995,0.2347767949104309,-0.37955614924430847,0.00020954697006709446,-4.2161688804626465,-0.37955614924430847,0.0032322639706468806,-3.5145440101623535,-0.37955614924430847,1.1284917258786428e-05,-4.809502601623535
Spats2l,0.001084617804735899,0.0,20.04953956604004,0.9979940091511154,0.19574879109859467,20.04953956604004,0.2769832753513581,1.6176103353500366,20.04953956604004,0.2030967077048612,1.6176103353500366
Kctd18,0.13800019025802612,0.11820736527442932,0.23793263733386993,0.5917929101148518,-1.0360080003738403,0.23793263733386993,0.23291919324617344,1.7398847341537476,0.23793263733386993,0.06744835047218643,2.227612018585205
Sgo2a,0.6437565684318542,0.45105788111686707,0.664822518825531,2.3177368217897084e-12,7.490997791290283,0.664822518825531,1.5856805232147857e-15,8.656126022338867,0.664822518825531,3.0264199109253175e-28,11.557433128356934
Aox1,0.0002749309060163796,0.0,18.068912506103516,0.9979940091511154,0.14071114361286163,18.068912506103516,0.5196272646011879,1.0,18.068912506103516,0.46147875269036936,1.0
Aox2,0.0,0.0,0.0,0.9979940091511154,0.11319231241941452,0.0,1.0,0.0,0.0,1.0,0.0
Bzw1,1.245269775390625,1.352002501487732,-0.21184378862380981,1.543521610374248e-06,-5.3083720207214355,-0.21184378862380981,0.00017622214957451095,-4.318245887756348,-0.21184378862380981,1.3028093757019023e-08,-6.098430633544922
Clk1,1.0176900625228882,0.9391592741012573,0.18159762024879456,0.0011506030770752431,3.756542205810547,0.18159762024879456,0.014589635670407811,3.011976957321167,0.18159762024879456,0.00019797835057440677,4.137741565704346
Ppil3,0.2644478678703308,0.3242975175380707,-0.33962199091911316,0.0011375281275992186,-3.7597482204437256,-0.33962199091911316,0.0015557350597187754,-3.7303245067596436,-0.33962199091911316,2.955552002473365e-06,-5.089592933654785
Nif3l1,0.07998663932085037,0.0769953802227974,0.05717321112751961,0.34015647157063494,-1.4484341144561768,0.05717321112751961,0.9005240642245113,0.34046196937561035,0.05717321112751961,0.8002223401653342,0.44989997148513794
Orc2,0.17819982767105103,0.24987290799617767,-0.5412427186965942,3.148817677817839e-07,-5.616333484649658,-0.5412427186965942,1.3601568243817564e-05,-4.917480945587158,-0.5412427186965942,1.7146758107417574e-10,-6.801294326782227
Fam126b,0.06698744744062424,0.08239570260047913,-0.3099311888217926,0.008399715361166628,-3.13572096824646,-0.3099311888217926,0.3023821097559934,-1.5581181049346924,-0.3099311888217926,0.08294532297076895,-2.128960132598877
Ndufb3,1.0292251110076904,1.1234726905822754,-0.20635804533958435,0.001346554210719508,-3.712369441986084,-0.20635804533958435,5.034832926178274e-05,-4.620748996734619,-0.20635804533958435,8.30836422853983e-09,-6.178439140319824
Flacc1,0.0,0.005272822454571724,-22.33395004272461,0.9979940091511154,-0.22914542257785797,-22.33395004272461,0.36167647049845647,-1.4229381084442139,-22.33395004272461,0.03637350494132311,-2.5040371417999268
Cflar,0.38362056016921997,0.37427791953086853,0.04273394122719765,0.9984208920935209,0.010063517838716507,0.04273394122719765,0.8155897041219855,0.48865601420402527,0.04273394122719765,0.6648641617830562,0.6577221155166626
Casp8,0.6125159859657288,0.624714195728302,-0.03814978525042534,0.9979940091511154,-0.05806560814380646,-0.03814978525042534,0.755794227626464,-0.5905384421348572,-0.03814978525042534,0.5788252646296109,-0.7974125742912292
Trak2,0.15014305710792542,0.1424310952425003,0.08177205920219421,0.4302285611985773,-1.284567952156067,0.08177205920219421,0.7440376765363665,0.6097188591957092,0.08177205920219421,0.5687609074964859,0.8148692846298218
Stradb,0.03204582259058952,0.04410802200436592,-0.46966108679771423,0.06569633186271175,-2.3329551219940186,-0.46966108679771423,0.2417740657826597,-1.7136187553405762,-0.46966108679771423,0.042132892405337914,-2.4352691173553467
Tmem237,0.11382023245096207,0.1307101547718048,-0.2120458483695984,0.01706400540396589,-2.8838658332824707,-0.2120458483695984,0.32794369094532694,-1.498733639717102,-0.2120458483695984,0.09928595591529199,-2.041167974472046
Mpp4,0.0,0.0,0.0,0.9979940091511154,0.11319231241941452,0.0,1.0,0.0,0.0,1.0,0.0
Als2,0.02516612969338894,0.022401204332709312,0.1699092984199524,0.9979940091511154,-0.35997116565704346,0.1699092984199524,0.8146145067241425,0.49019506573677063,0.1699092984199524,0.6610674469851222,0.6644018888473511
Cdk15,0.0,0.0,0.0,0.9979940091511154,0.11319231241941452,0.0,1.0,0.0,0.0,1.0,0.0
Fzd7,0.0,0.0,0.0,0.9979940091511154,0.11319231241941452,0.0,1.0,0.0,0.0,1.0,0.0
Gm973,0.0,0.0,0.0,0.9979940091511154,0.11319231241941452,0.0,1.0,0.0,0.0,1.0,0.0
Sumo1,1.2659180164337158,1.3386181592941284,-0.1440756618976593,0.026128169379047793,-2.7195544242858887,-0.1440756618976593,0.00012939362500289514,-4.383784770965576,-0.1440756618976593,2.5079992355768875e-07,-5.572177886962891
Nop58,0.6081006526947021,0.7792303562164307,-0.4953401982784271,2.509099016264872e-10,-6.816920280456543,-0.4953401982784271,6.232754847781218e-11,-7.16196870803833,-0.4953401982784271,7.448544018124225e-21,-9.835737228393555
Bmpr2,0.0077956258319318295,0.015163780190050602,-0.965217649936676,0.9915146662705815,-0.5208984017372131,-0.965217649936676,0.4069565427941272,-1.3043688535690308,-0.965217649936676,0.09149715904316562,-2.0821309089660645
Fam117b,0.2938486337661743,0.3042265474796295,-0.05793135240674019,0.4454858022405434,-1.2591866254806519,-0.05793135240674019,0.7468649295650236,-0.6055458784103394,-0.05793135240674019,0.5658940881525432,-0.8194854855537415
Ica1l,0.0028668041341006756,0.002092052949592471,0.45508286356925964,0.9979940091511154,0.07854887843132019,0.45508286356925964,0.82004052817376,0.4800046980381012,0.45508286356925964,0.6968321247423861,0.6084917783737183
Wdr12,0.13553239405155182,0.19894109666347504,-0.6007176041603088,3.522700630259585e-08,-6.009434223175049,-0.6007176041603088,1.78200610520986e-05,-4.858841896057129,-0.6007176041603088,2.6236575322008626e-10,-6.733564376831055
Carf,0.03225373104214668,0.01457696408033371,1.158576488494873,0.9979940091511154,0.2818675637245178,1.158576488494873,0.004098707405529158,3.431769371032715,1.158576488494873,0.00041120103108687096,3.951529026031494
Nbeal1,0.07072305679321289,0.08012180030345917,-0.1868792027235031,0.22708021163863684,-1.700289249420166,-0.1868792027235031,0.6399682408329955,-0.7865514755249023,-0.1868792027235031,0.4024662269303581,-1.1466007232666016
Cyp20a1,0.16366836428642273,0.2099829465150833,-0.3939453959465027,0.00014826754434429606,-4.302376747131348,-0.3939453959465027,0.0038005247306904357,-3.4643967151641846,-0.3939453959465027,1.544750180775264e-05,-4.739147663116455
Abi2,0.07849638909101486,0.09775400161743164,-0.3306247293949127,0.007174393233978436,-3.1887993812561035,-0.3306247293949127,0.2122694161812555,-1.7973426580429077,-0.3306247293949127,0.0359460531388696,-2.5066769123077393
Raph1,0.18159298598766327,0.16393306851387024,0.1607070416212082,0.3846782273512708,-1.3632949590682983,0.1607070416212082,0.4353358292876522,1.246002435684204,0.1607070416212082,0.2026267422819411,1.6184008121490479
Cd28,1.499462604522705,1.4054043292999268,0.17718300223350525,0.00010855985461124549,4.378164768218994,0.17718300223350525,0.0060866270462980945,3.3117897510528564,0.17718300223350525,4.82983174238577e-05,4.480086803436279
Ctla4,0.822431206703186,0.7001501321792603,0.33152246475219727,0.002486104378095964,3.5304245948791504,0.33152246475219727,0.0006606489539269438,3.965033531188965,0.33152246475219727,9.472401131201742e-07,5.315605163574219
Icos,0.8094152212142944,0.7659599184989929,0.1150306984782219,0.37808216810762735,1.3760302066802979,0.1150306984782219,0.3084090817117986,1.5438364744186401,0.1150306984782219,0.09423608510231972,2.0671494007110596
Pard3b,0.0022475398145616055,0.002493506297469139,-0.15000656247138977,0.9979940091511154,-0.08977014571428299,-0.15000656247138977,1.0,-0.14949005842208862,-0.15000656247138977,0.9612524231572785,-0.1914566457271576
Nrp2,0.0018219550838693976,0.0024054753594100475,-0.40125545859336853,0.9979940091511154,-0.06038110703229904,-0.40125545859336853,0.9194121414863721,-0.3046572804450989,-0.40125545859336853,0.8212585877379613,-0.41652628779411316
Ino80d,0.24837464094161987,0.23840419948101044,0.06659175455570221,0.9390487474049147,-0.584841787815094,0.06659175455570221,0.7402928498868973,0.6162567734718323,0.06659175455570221,0.5599872597584211,0.8293136358261108
Ndufs1,0.32216957211494446,0.419447660446167,-0.45516878366470337,2.497590875806668e-06,-5.211922645568848,-0.45516878366470337,1.3061378259654e-06,-5.407608509063721,-0.45516878366470337,4.785870119307471e-12,-7.332311153411865
Eef1b2,2.5538675785064697,2.739380359649658,-0.2880953550338745,2.0734730772124677e-21,-9.946407318115234,-0.2880953550338745,3.826368546874364e-27,-11.727126121520996,-0.2880953550338745,1.2398595045633041e-47,-15.290227890014648
Zdbf2,0.0005130294593982399,0.0,18.96905517578125,0.9979940091511154,0.14071114361286163,18.96905517578125,0.5196272646011879,1.0,18.96905517578125,0.46147875269036936,1.0
Fastkd2,0.057262007147073746,0.10023211687803268,-0.8390976786613464,5.953467452667072e-06,-5.0351433753967285,-0.8390976786613464,6.646025821037064e-05,-4.563776016235352,-0.8390976786613464,5.632801207818897e-10,-6.614346504211426
Klf7,0.14796562492847443,0.16800805926322937,-0.19810646772384644,0.01902873482768189,-2.843611717224121,-0.19810646772384644,0.41383216231266634,-1.2890201807022095,-0.19810646772384644,0.15521137049635153,-1.8047665357589722
Creb1,0.44661515951156616,0.4230867028236389,0.09627742320299149,0.8016146789569151,0.7594839334487915,0.09627742320299149,0.44497552419057285,1.2282228469848633,0.09627742320299149,0.2019943089294102,1.6204935312271118
Mettl21a,0.043727654963731766,0.06494905799627304,-0.5862094759941101,0.0009146372805260624,-3.821465253829956,-0.5862094759941101,0.020133372620566865,-2.893141746520996,-0.5862094759941101,0.0003517987868714647,-3.9898529052734375
Ccnyl1,0.016480956226587296,0.019601866602897644,-0.2524488866329193,0.38551501270642746,-1.3615138530731201,-0.2524488866329193,0.6835831250209274,-0.7140190005302429,-0.2524488866329193,0.49969416363305347,-0.9313281774520874
Fzd5,0.019470809027552605,0.027152320370078087,-0.48532524704933167,0.5404046057135686,-1.1141116619110107,-0.48532524704933167,0.4790940832517688,-1.1654568910598755,-0.48532524704933167,0.16317414951957712,-1.7486740350723267
Plekhm3,0.021707968786358833,0.019119011238217354,0.1850908100605011,0.9165571612767667,-0.6146761178970337,0.1850908100605011,0.8230672401808574,0.4753027558326721,0.1850908100605011,0.6801508500515121,0.6340851783752441
Idh1,0.02334422804415226,0.03449911251664162,-0.5715784430503845,0.2309104380930079,-1.6896023750305176,-0.5715784430503845,0.24943308418721316,-1.6933634281158447,-0.5715784430503845,0.036995242185467986,-2.494457960128784
Pikfyve,0.0383283905684948,0.06517402827739716,-0.7854159474372864,0.009935063224063087,-3.078902244567871,-0.7854159474372864,0.04457902877105478,-2.5861666202545166,-0.7854159474372864,0.00040064957494446735,-3.9550795555114746
Map2,0.007862072438001633,0.008260327391326427,-0.07157688587903976,0.9979940091511154,-0.3450985252857208,-0.07157688587903976,1.0,-0.13079500198364258,-0.07157688587903976,0.9722373604336783,-0.17382478713989258
Rpe,0.2665407359600067,0.295963317155838,-0.17327965795993805,0.13431134489893617,-1.9891923666000366,-0.17327965795993805,0.209074256724151,-1.8064789772033691,-0.17327965795993805,0.039231966013486066,-2.4658963680267334
Kansl1l,0.05923433229327202,0.0404309518635273,0.5646498799324036,0.9984208920935209,-0.020661382004618645,0.5646498799324036,0.09593157030210751,2.23349928855896,0.5646498799324036,0.011756927297641254,2.9363420009613037
Acadl,0.9249160885810852,0.9451490640640259,-0.04805668443441391,0.9979940091511154,-0.36967843770980835,-0.04805668443441391,0.5949072741462614,-0.8633807897567749,-0.04805668443441391,0.39097611111959124,-1.1681060791015625
Lancl1,0.09573019295930862,0.10934029519557953,-0.20176471769809723,0.010390867950663612,-3.0639405250549316,-0.20176471769809723,0.46717351735057944,-1.186198353767395,-0.20176471769809723,0.1971930093810541,-1.6354483366012573
Ikzf2,0.19446025788784027,0.13373421132564545,0.5851088166236877,0.9867291878599206,0.5262418389320374,0.5851088166236877,0.013332591872919677,3.04213547706604,0.5851088166236877,0.0003107902950305156,4.022157192230225
Spag16,0.0,0.0,0.0,0.9979940091511154,0.11319231241941452,0.0,1.0,0.0,0.0,1.0,0.0
Bard1,0.2580093741416931,0.2513061761856079,0.04301755130290985,0.47351531554345033,-1.2140343189239502,0.04301755130290985,0.841004562429623,0.44472742080688477,0.04301755130290985,0.7183042055050667,0.5763164162635803
Atic,0.3358354866504669,0.5907306671142578,-1.012756586074829,3.3147266047878374e-27,-11.235873222351074,-1.012756586074829,7.496065430746194e-31,-12.758241653442383,-1.012756586074829,2.9081504626230147e-62,-17.628250122070312
Fn1,0.0012667826376855373,0.0012472310336306691,0.0224542785435915,0.9979940091511154,0.05281120538711548,0.0224542785435915,1.0,0.01787036471068859,0.0224542785435915,1.0,0.02384963072836399
Mreg,0.0,0.0,0.0,0.9979940091511154,0.11319231241941452,0.0,1.0,0.0,0.0,1.0,0.0
Pecr,0.010193622671067715,0.025727033615112305,-1.346856713294983,0.12161167008772962,-2.040311574935913,-1.346856713294983,0.009063712969312377,-3.185326337814331,-1.346856713294983,7.997431751192715e-06,-4.884621620178223
Tmem169,0.0,0.0,0.0,0.9979940091511154,0.11319231241941452,0.0,1.0,0.0,0.0,1.0,0.0
Xrcc5,0.1858396828174591,0.25896716117858887,-0.5334146022796631,8.191941946826794e-08,-5.858392238616943,-0.5334146022796631,1.018977489022724e-05,-4.979570388793945,-0.5334146022796631,1.9237279215089895e-10,-6.7833733558654785
Smarcal1,0.07043106108903885,0.08480988442897797,-0.27852678298950195,0.005721365415993562,-3.264765501022339,-0.27852678298950195,0.3320985095368534,-1.4891331195831299,-0.27852678298950195,0.09794293742095712,-2.0475666522979736
Ankar,0.0,0.0,0.0,0.9979940091511154,0.11319231241941452,0.0,1.0,0.0,0.0,1.0,0.0
Rpl37a,3.028214454650879,3.120256185531616,-0.1392260640859604,8.753996374212978e-05,-4.4315104484558105,-0.1392260640859604,1.6096775359050486e-08,-6.247985363006592,-0.1392260640859604,3.3504001957705807e-17,-8.869436264038086
Tns1,0.019367652013897896,0.029540780931711197,-0.6164274215698242,0.17380455805734782,-1.850440502166748,-0.6164274215698242,0.21345384505651513,-1.793769121170044,-0.6164274215698242,0.03324513650745945,-2.539241313934326
Rufy4,0.0,0.0,0.0,0.9979940091511154,0.11319231241941452,0.0,1.0,0.0,0.0,1.0,0.0
Cxcr2,0.0025997457560151815,0.0019017496379092336,0.45154663920402527,0.9979940091511154,0.050940994173288345,0.45154663920402527,0.831192463306784,0.46047696471214294,0.45154663920402527,0.7200739827636781,0.5734626054763794
Cxcr1,0.0,0.0,0.0,0.9979940091511154,0.11319231241941452,0.0,1.0,0.0,0.0,1.0,0.0
Arpc2,2.3378002643585205,2.2863972187042236,0.0823134332895279,0.0005278354078629561,3.971527338027954,0.0823134332895279,0.016625362064976036,2.963949680328369,0.0823134332895279,0.00028853419649488293,4.04110860824585
Aamp,0.42969053983688354,0.44999444484710693,-0.08232543617486954,0.699533444084506,-0.8928923010826111,-0.08232543617486954,0.49763774069409294,-1.1295665502548218,-0.08232543617486954,0.24521234118244079,-1.500162124633789
Pnkd,0.3418804705142975,0.3608153164386749,-0.09222527593374252,0.7534432217695174,-0.8211118578910828,-0.09222527593374252,0.48494949720843544,-1.1531133651733398,-0.09222527593374252,0.22837541128493924,-1.5456544160842896
Tmbim1,0.02808445319533348,0.037100933492183685,-0.408223420381546,0.0633090638277812,-2.3500540256500244,-0.408223420381546,0.32201044094738857,-1.510699987411499,-0.408223420381546,0.10537361555722403,-2.010004758834839
Catip,0.0,0.0004938809433951974,-18.91416358947754,0.9979940091511154,0.027607882395386696,-18.91416358947754,0.5196272646011879,-1.0,-18.91416358947754,0.16021537352752957,-1.759765386581421
Slc11a1,0.0014488266315311193,0.006067756097763777,-2.0696113109588623,0.9979940091511154,-0.28934842348098755,-2.0696113109588623,0.34601519569622063,-1.4592746496200562,-2.0696113109588623,0.043828215809922445,-2.418562412261963
Ctdsp1,0.265001118183136,0.2331811934709549,0.20845197141170502,0.9714892571601285,0.5439643263816833,0.20845197141170502,0.1563661942625375,1.9751986265182495,0.20845197141170502,0.027079596123075,2.6216933727264404
Usp37,0.163086399435997,0.234224334359169,-0.5752676725387573,1.1884673412202759e-08,-6.196277141571045,-0.5752676725387573,3.386970276477231e-05,-4.714584827423096,-0.5752676725387573,1.2936958600522478e-09,-6.482181072235107
Cnot9,0.2050451636314392,0.25694385170936584,-0.36438846588134766,0.0001592168593549025,-4.283763408660889,-0.36438846588134766,0.00312672143072973,-3.524019241333008,-0.36438846588134766,1.3060049712369367e-05,-4.777245044708252
Plcd4,0.001305657671764493,0.0034542176872491837,-1.4051320552825928,0.9979940091511154,-0.2881016135215759,-1.4051320552825928,0.3709041905461278,-1.3805010318756104,-1.4051320552825928,0.09412237854173057,-2.0678181648254395
Zfp142,0.08478754013776779,0.0894865021109581,-0.08125666528940201,0.025328531695105762,-2.7327349185943604,-0.08125666528940201,0.8167726154144075,-0.4871211349964142,-0.08125666528940201,0.673610541597582,-0.6440067887306213
Bcs1l,0.05242961272597313,0.06804294139146805,-0.3874395489692688,0.010455067740901183,-3.061803102493286,-0.3874395489692688,0.16987552270357115,-1.9280074834823608,-0.3874395489692688,0.025284336983550353,-2.6485486030578613
Rnf25,0.04289773479104042,0.04461896792054176,-0.05800637975335121,0.2145698115617304,-1.7326172590255737,-0.05800637975335121,0.9564546574609051,-0.23765401542186737,-0.05800637975335121,0.8835299691609455,-0.31828466057777405
Ttll4,0.02358492650091648,0.04113941639661789,-0.8153873085975647,0.06126860967299037,-2.3640360832214355,-0.8153873085975647,0.05623390526436593,-2.4852869510650635,-0.8153873085975647,0.0009596699813011157,-3.7204458713531494
Cyp27a1,0.0,0.002424414036795497,-21.210954666137695,0.9979940091511154,0.027607882395386696,-21.210954666137695,0.5196272646011879,-1.0,-21.210954666137695,0.16021537352752957,-1.759765386581421
Wnt6,0.0005205802153795958,0.0,18.99013900756836,0.9979940091511154,0.16822996735572815,18.99013900756836,0.36167647049845647,1.4145526885986328,18.99013900756836,0.2795042275398297,1.4145526885986328
Wnt10a,0.0,0.000823233975097537,-19.651538848876953,0.9979940091511154,0.027607882395386696,-19.651538848876953,0.5196272646011879,-1.0,-19.651538848876953,0.16021537352752957,-1.759765386581421
Cdk5r2,0.00030160846654325724,0.0006193576264195144,-1.0383224487304688,0.9979940091511154,0.05521576479077339,-1.0383224487304688,0.8308394665233952,-0.4612469971179962,-1.0383224487304688,0.6477508050385007,-0.685530960559845
Ihh,0.0,0.0,0.0,0.9979940091511154,0.11319231241941452,0.0,1.0,0.0,0.0,1.0,0.0
Nhej1,0.056494396179914474,0.06223057210445404,-0.14369449019432068,0.1703444721191837,-1.861305594444275,-0.14369449019432068,0.6869175383812864,-0.7082834243774414,-0.14369449019432068,0.4786662296090202,-0.9692292809486389
Slc23a3,0.000696418050210923,0.0007382815238088369,-0.08424761146306992,0.9979940091511154,0.08282364159822464,-0.08424761146306992,1.0,-0.046945203095674515,-0.08424761146306992,1.0,-0.06412733346223831
Cnppd1,0.2914288341999054,0.30018627643585205,-0.04934244602918625,0.6097219579238452,-1.0110719203948975,-0.04934244602918625,0.7952861991019192,-0.5216864943504333,-0.04934244602918625,0.6358973459666187,-0.7039098143577576
Retreg2,0.2514360845088959,0.20296014845371246,0.34528616070747375,0.3701298591128869,1.3917044401168823,0.34528616070747375,0.006802142079234207,3.272017240524292,0.34528616070747375,0.00012583733812034277,4.251655578613281
Zfand2b,0.2441205382347107,0.25673046708106995,-0.08213616907596588,0.29191073336685497,-1.5463085174560547,-0.08213616907596588,0.6081749692443994,-0.8398413062095642,-0.08213616907596588,0.41420039216122484,-1.1240507364273071
Abcb6,0.010878016240894794,0.021818483248353004,-1.012048602104187,0.1801783251059615,-1.8304024934768677,-1.012048602104187,0.040844938080648936,-2.620840072631836,-1.012048602104187,0.0006617855628672835,-3.822584629058838
Atg9a,0.030373606830835342,0.032991789281368256,-0.12118731439113617,0.2713165466457039,-1.5921732187271118,-0.12118731439113617,0.8268870757225563,-0.46741482615470886,-0.12118731439113617,0.6910941824627339,-0.6177664399147034
Ankzf1,0.042392928153276443,0.06124263256788254,-0.5444272756576538,0.005608579217486983,-3.2709105014801025,-0.5444272756576538,0.06792883535958853,-2.398054361343384,-0.5444272756576538,0.0037393155182933284,-3.3198652267456055
Glb1l,0.008576923981308937,0.007779130712151527,0.14142771065235138,0.9979940091511154,-0.1222761943936348,0.14142771065235138,0.9554157529411027,0.24038870632648468,0.14142771065235138,0.8799641960513224,0.3251045346260071
Stk16,0.3521611988544464,0.4097720682621002,-0.26277536153793335,0.006446053679714781,-3.225224018096924,-0.26277536153793335,0.007594622677409776,-3.2382960319519043,-0.26277536153793335,7.022368678260215e-05,-4.391361713409424
Tuba4a,0.7314689755439758,0.8986340165138245,-0.4337209463119507,4.237796313174448e-10,-6.73614501953125,-0.4337209463119507,5.0632270144043974e-11,-7.190746784210205,-0.4337209463119507,9.03767565153566e-21,-9.815725326538086
A630095N17Rik,0.00025294936494901776,0.001734111225232482,-2.7783396244049072,0.9979940091511154,-0.11577498912811279,-2.7783396244049072,0.3603362694758462,-1.4266072511672974,-2.7783396244049072,0.049313283933284505,-2.3674867153167725
Dnajb2,0.010414146818220615,0.025046000257134438,-1.2766213417053223,0.45512609908273777,-1.2431561946868896,-1.2766213417053223,0.11422318416791082,-2.1466143131256104,-1.2766213417053223,0.0021593253161607344,-3.490212917327881
Ptprn,0.0,0.0,0.0,0.9979940091511154,0.11319231241941452,0.0,1.0,0.0,0.0,1.0,0.0
Dnpep,0.1973089873790741,0.21817153692245483,-0.16057603061199188,0.07745004700546589,-2.2589480876922607,-0.16057603061199188,0.3621040251177201,-1.4066448211669922,-0.16057603061199188,0.12311651036000737,-1.9295204877853394
Gmppa,0.12666703760623932,0.1312108039855957,-0.05419360473752022,0.0765274556591466,-2.2650039196014404,-0.05419360473752022,0.8553829565060703,-0.41934919357299805,-0.05419360473752022,0.7331713712705014,-0.5524542331695557
Chpf,0.058920517563819885,0.07950343191623688,-0.447265625,0.0007421082777436085,-3.8785510063171387,-0.447265625,0.07783888313890715,-2.3334712982177734,-0.447265625,0.006304632818933038,-3.149928569793701
Obsl1,0.0034163454547524452,0.004030168987810612,-0.23882925510406494,0.9979940091511154,-0.23261865973472595,-0.23882925510406494,0.916126947611327,-0.31148362159729004,-0.23882925510406494,0.8306465158596441,-0.40196719765663147
Tmem198,0.007307988591492176,0.004988626576960087,0.5525065064430237,0.9979940091511154,-0.1480138748884201,0.5525065064430237,0.579870022390065,0.8893617987632751,0.5525065064430237,0.4425689733550981,1.0725955963134766
Inha,0.0,0.0,0.0,0.9979940091511154,0.11319231241941452,0.0,1.0,0.0,0.0,1.0,0.0
Stk11ip,0.039558861404657364,0.047804027795791626,-0.27912217378616333,0.0933534406417131,-2.1703357696533203,-0.27912217378616333,0.46623708605380565,-1.1877121925354004,-0.27912217378616333,0.20826901160412836,-1.601897120475769
Slc4a3,0.0,0.0,0.0,0.9979940091511154,0.11319231241941452,0.0,1.0,0.0,0.0,1.0,0.0
Sgpp2,0.0,0.0,0.0,0.9979940091511154,0.11319231241941452,0.0,1.0,0.0,0.0,1.0,0.0
Farsb,0.25186166167259216,0.3378579318523407,-0.4888623356819153,1.1723146933642341e-06,-5.363409996032715,-0.4888623356819153,2.074630637895313e-06,-5.314635753631592,-0.4888623356819153,1.223049958831728e-11,-7.198702812194824
Mogat1,0.002035039709880948,0.0012375751975923777,0.7181156873703003,0.9979940091511154,0.05281120538711548,0.7181156873703003,0.7590285327963885,0.5846097469329834,0.7181156873703003,0.6461099778658279,0.6884020566940308
Acsl3,0.003065697615966201,0.009710470214486122,-1.668123722076416,0.726006346355285,-0.8568239808082581,-1.668123722076416,0.08433993588380975,-2.2963054180145264,-1.668123722076416,0.002000500865832551,-3.5119950771331787
Utp14b,0.006062895990908146,0.0029458818025887012,1.0435572862625122,0.9979940091511154,0.07676772028207779,1.0435572862625122,0.3537279254566899,1.4395568370819092,1.0435572862625122,0.18850647779153495,1.6620582342147827
Ap1s3,0.14234468340873718,0.13727296888828278,0.05608475208282471,0.2612747303969542,-1.6156845092773438,0.05608475208282471,0.8428221648419115,0.4408888816833496,0.05608475208282471,0.7170373047393057,0.5781539678573608
Wdfy1,0.05399741232395172,0.06517667323350906,-0.27960944175720215,0.03871739812024093,-2.5598740577697754,-0.27960944175720215,0.4612833337187389,-1.1980807781219482,-0.27960944175720215,0.1834905039707578,-1.6770408153533936
Mrpl44,0.2255108505487442,0.2587568759918213,-0.2233491688966751,0.0068434816735046125,-3.2056312561035156,-0.2233491688966751,0.07859634994089287,-2.3284692764282227,-0.2233491688966751,0.00776779483623246,-3.080979585647583
Serpine2,0.013259602710604668,0.019365647807717323,-0.5508785843849182,0.6236800831827058,-0.9928150177001953,-0.5508785843849182,0.5196272646011879,-1.0521618127822876,-0.5508785843849182,0.2535082018082017,-1.4787412881851196
Fam124b,0.0014679195592179894,0.0012265120167285204,0.2593856453895569,0.9979940091511154,0.05281120538711548,0.2593856453895569,0.9718025737340018,0.20818540453910828,0.2593856453895569,0.9174583095302741,0.2638733386993408
Cul3,0.650261640548706,0.6672105193138123,-0.05068058893084526,0.9979940091511154,-0.3539152443408966,-0.05068058893084526,0.6324771114669179,-0.800536036491394,-0.05068058893084526,0.4436717623361468,-1.0704683065414429
Dock10,0.901599645614624,0.8635673522949219,0.09359688311815262,0.14057248760158297,1.9663935899734497,0.09359688311815262,0.27358476101306667,1.6263641119003296,0.09359688311815262,0.07276749801155888,2.1926355361938477
Rhbdd1,0.026788152754306793,0.03721235319972038,-0.48174604773521423,0.17222373589703077,-1.8554277420043945,-0.48174604773521423,0.3491957239269469,-1.4511146545410156,-0.48174604773521423,0.08686213998296023,-2.10722017288208
Col4a4,0.0030222972854971886,0.0031156528275460005,-0.043956607580184937,0.9979940091511154,-0.11898106336593628,-0.043956607580184937,1.0,-0.05032580345869064,-0.043956607580184937,1.0,-0.06414591521024704
Mff,0.5300114750862122,0.5008094906806946,0.10462792217731476,0.06873962881866293,2.3132731914520264,0.10462792217731476,0.29952223710925996,1.5648794174194336,0.10462792217731476,0.0881262988809197,2.100112199783325
Tm4sf20,0.0005309460102580488,0.0,19.018590927124023,0.9979940091511154,0.14071114361286163,19.018590927124023,0.5196272646011879,1.0,19.018590927124023,0.46147875269036936,1.0
Agfg1,0.5785385370254517,0.597808837890625,-0.06252656877040863,0.9979940091511154,-0.4013829827308655,-0.06252656877040863,0.5524171829127876,-0.9406628608703613,-0.06252656877040863,0.34699986741121647,-1.2561925649642944
A030005L19Rik,0.00349903735332191,0.0005578570999205112,2.6511106491088867,0.9979940091511154,0.22086305916309357,2.6511106491088867,0.14655220088315882,2.012103796005249,2.6511106491088867,0.08496348798424067,2.119314193725586
Pid1,0.0004767145437654108,0.00505602452903986,-3.4101078510284424,0.9979940091511154,-0.2014484703540802,-3.4101078510284424,0.3071905808791687,-1.548585295677185,-3.4101078510284424,0.025075265037179603,-2.653799533843994
Trip12,0.5762872099876404,0.6541814804077148,-0.2448173612356186,0.012873197753311307,-2.986727476119995,-0.2448173612356186,0.0011934031843059602,-3.802640914916992,-0.2448173612356186,2.638740728707787e-06,-5.112522602081299
Fbxo36,0.012250686064362526,0.018060745671391487,-0.5641965866088867,0.622833062887909,-0.9940618276596069,-0.5641965866088867,0.4425392902387214,-1.2331632375717163,-0.5641965866088867,0.15425072272156776,-1.8085013628005981
C130026I21Rik,0.0028848371002823114,0.004581585060805082,-0.6685816049575806,0.9979940091511154,-0.09297621995210648,-0.6685816049575806,0.6837262013368287,-0.7139245867729187,-0.6685816049575806,0.4472011476026168,-1.0642812252044678
A530032D15Rik,0.00026585644809529185,0.0033760075457394123,-3.668837785720825,0.9979940091511154,-0.11613121628761292,-3.668837785720825,0.33114039292353,-1.4941456317901611,-3.668837785720825,0.0297895918692819,-2.585500955581665
Gm7609,0.00037855637492612004,0.0044291759841144085,-3.551377773284912,0.9979940091511154,-0.03045772761106491,-3.551377773284912,0.5182155391808824,-1.0931973457336426,-3.551377773284912,0.12966414778447724,-1.903058409690857
AC147806.2,0.001290397485718131,0.0,20.300315856933594,0.9979940091511154,0.19574879109859467,20.300315856933594,0.24308440626720298,1.7085298299789429,20.300315856933594,0.17441336926525963,1.7085298299789429
G530012D18Rik,0.0013659303076565266,0.0006193814915604889,1.1415210962295532,0.9979940091511154,0.11043152958154678,1.1415210962295532,0.6661423104910533,0.7418842315673828,1.1415210962295532,0.5410712322135174,0.8603998422622681
Sp110,0.6430702209472656,0.5152955651283264,0.4205934703350067,5.261035742865505e-07,5.5167670249938965,0.4205934703350067,9.409959390675307e-07,5.474432945251465,0.4205934703350067,1.732847155959422e-12,7.475266456604004
Sp140,0.35777226090431213,0.34986764192581177,0.03826971352100372,0.9979940091511154,-0.25274568796157837,0.03826971352100372,0.8617203929058307,0.4083317518234253,0.03826971352100372,0.7354016792867007,0.5489866733551025
Sp100,1.4729825258255005,1.29136061668396,0.350118488073349,1.9282682380651187e-12,7.5160231590271,0.350118488073349,4.2719308844403977e-11,7.232342720031738,0.350118488073349,5.997532708573e-22,10.103486061096191
A630001G21Rik,0.23660771548748016,0.2210572212934494,0.10972187668085098,0.9979940091511154,-0.3382410705089569,0.10972187668085098,0.5196272646011879,1.0028122663497925,0.10972187668085098,0.310536419091402,1.3331044912338257
Cab39,0.7766868472099304,0.8383384346961975,-0.16059300303459167,0.03739659640030111,-2.574835777282715,-0.16059300303459167,0.019921178368174006,-2.895784616470337,-0.16059300303459167,0.0005864650051691132,-3.8559043407440186
Itm2c,0.29309070110321045,0.26539096236228943,0.16413776576519012,0.9979940091511154,0.35516202449798584,0.16413776576519012,0.2755119676373543,1.6221699714660645,0.16413776576519012,0.07867715837768864,2.1547768115997314
4933407L21Rik,0.0,0.0010680563282221556,-20.027328491210938,0.9979940091511154,0.027607882395386696,-20.027328491210938,0.5196272646011879,-1.0,-20.027328491210938,0.16021537352752957,-1.759765386581421
Gpr55,0.08934856951236725,0.08481061458587646,0.07852067053318024,0.3155436391044434,-1.4977720975875854,0.07852067053318024,0.8650033232957781,0.40241745114326477,0.07852067053318024,0.7402204833614802,0.5413526296615601
2810459M11Rik,0.0007697889232076705,0.0,19.55466079711914,0.9979940091511154,0.16822996735572815,19.55466079711914,0.36167647049845647,1.412812352180481,19.55466079711914,0.2797715578832744,1.412812352180481
Psmd1,0.5491393804550171,0.7109112739562988,-0.5013624429702759,1.7323107397416208e-09,-6.513767719268799,-0.5013624429702759,2.383853573122438e-11,-7.318345069885254,-0.5013624429702759,3.278609373125409e-22,-10.168975830078125
Htr2b,0.0002691022527869791,0.0,18.037994384765625,0.9979940091511154,0.14071114361286163,18.037994384765625,0.5196272646011879,1.0,18.037994384765625,0.46147875269036936,1.0
Armc9,0.005683714523911476,0.004743237514048815,0.2616408169269562,0.9979940091511154,-0.20447644591331482,0.2616408169269562,0.8662548455505426,0.40019264817237854,0.2616408169269562,0.7708142600839273,0.4943287670612335
B3gnt7,0.00029144747531972826,0.0,18.153091430664062,0.9979940091511154,0.14071114361286163,18.153091430664062,0.5196272646011879,1.0,18.153091430664062,0.46147875269036936,1.0
Ncl,1.8346314430236816,2.1320064067840576,-0.49786755442619324,1.2894079077329094e-28,-11.529051780700684,-0.49786755442619324,7.774134849393924e-23,-10.85268783569336,-0.49786755442619324,2.337344925992253e-50,-15.707380294799805
Ptma,3.9722187519073486,3.944516181945801,0.04074379429221153,6.108149610162818e-05,-4.518608570098877,0.04074379429221153,0.5456984703914701,0.9535056948661804,0.04074379429221153,0.2272300526820909,1.5491007566452026
Pde6d,0.10202624648809433,0.08516112715005875,0.2730286419391632,0.7256442382165129,-0.8573583364486694,0.2730286419391632,0.2180418629839973,1.7802611589431763,0.2730286419391632,0.05927518011426913,2.284834623336792
Cops7b,0.07269831001758575,0.08095591515302658,-0.1612476259469986,0.021323214325642034,-2.7989938259124756,-0.1612476259469986,0.5644474939692958,-0.91743403673172,-0.1612476259469986,0.35892650125973796,-1.2304192781448364
Nppc,0.0,0.0005143581656739116,-18.972787857055664,0.9979940091511154,0.027607882395386696,-18.972787857055664,0.5196272646011879,-1.0,-18.972787857055664,0.16021537352752957,-1.759765386581421
Dis3l2,0.059378210455179214,0.0803569033741951,-0.4517974853515625,0.0064168434270830315,-3.2269160747528076,-0.4517974853515625,0.1299658898257269,-2.0756208896636963,-0.4517974853515625,0.01113600800165305,-2.955296516418457
Prss56,0.00459721265360713,0.01372652966529131,-1.5847307443618774,0.37146359143594965,-1.3884092569351196,-1.5847307443618774,0.022672198209356044,-2.8530070781707764,-1.5847307443618774,0.0001092205732620111,-4.285818576812744
Chrng,0.0021083985920995474,0.001104343100450933,0.933682918548584,0.9979940091511154,0.08050814270973206,0.933682918548584,0.6400301491972366,0.7859910726547241,0.933682918548584,0.5119077359804025,0.911072313785553
Eif4e2,0.9966478943824768,1.0819045305252075,-0.19038234651088715,0.003727664896995716,-3.403517484664917,-0.19038234651088715,0.0007967963487045167,-3.9148497581481934,-0.19038234651088715,8.862597167551669e-07,-5.32814884185791
Efhd1,0.0002899288374464959,0.0,18.145553588867188,0.9979940091511154,0.14071114361286163,18.145553588867188,0.5196272646011879,1.0,18.145553588867188,0.46147875269036936,1.0
Gigyf2,0.27456462383270264,0.2804858386516571,-0.03525085002183914,0.6657519642757508,-0.9368868470191956,-0.03525085002183914,0.9007651576711238,-0.3400569558143616,-0.03525085002183914,0.7887599625168921,-0.46662813425064087
Kcnj13,0.003421478671953082,0.0005551143549382687,2.6258292198181152,0.9979940091511154,0.27607882022857666,2.6258292198181152,0.09841903261353578,2.2181344032287598,2.6258292198181152,0.04902930140447551,2.371211528778076
Snorc,0.0,0.0,0.0,0.9979940091511154,0.11319231241941452,0.0,1.0,0.0,0.0,1.0,0.0
Inpp5d,0.24819768965244293,0.22982360422611237,0.12474428862333298,0.9979940091511154,-0.026984477415680885,0.12474428862333298,0.46592060301266636,1.188873291015625,0.12474428862333298,0.21590870171349238,1.580126404762268
Atg16l1,0.1822510063648224,0.15843626856803894,0.21969036757946014,0.8377091216218878,-0.7153112888336182,0.21969036757946014,0.24187348565776667,1.7124139070510864,0.21969036757946014,0.06569096844138599,2.239800214767456
Sag,0.01708880253136158,0.020539015531539917,-0.26781222224235535,0.8292420307826598,-0.7261763215065002,-0.26781222224235535,0.7631052984488839,-0.5780922174453735,-0.26781222224235535,0.5612960474468205,-0.8272820115089417
Dgkd,0.2330927550792694,0.22193530201911926,0.0791185200214386,0.9979940091511154,-0.4898172616958618,0.0791185200214386,0.6924517503825697,0.6986901164054871,0.0791185200214386,0.49293304775617347,0.942869246006012
Usp40,0.03337698057293892,0.03662172332406044,-0.13620075583457947,0.22717118949477294,-1.6999330520629883,-0.13620075583457947,0.8250098537639394,-0.47069430351257324,-0.13620075583457947,0.6814070750461744,-0.6323167681694031
Ugt1a7c,0.000573073688428849,0.0011165805626660585,-0.9626856446266174,0.9979940091511154,-0.0302796121686697,-0.9626856446266174,0.7768798250236463,-0.5532746911048889,-0.9626856446266174,0.6109212106519188,-0.7437775731086731
Ugt1a6a,0.0,0.0,0.0,0.9979940091511154,0.11319231241941452,0.0,1.0,0.0,0.0,1.0,0.0
Dnajb3,0.004798954352736473,0.0037253075279295444,0.3661354184150696,0.9979940091511154,-0.06367624551057816,0.3661354184150696,0.8044529459312962,0.5061309933662415,0.3661354184150696,0.685062319413478,0.6267797946929932
Mroh2a,0.0018516384297981858,0.0024329349398612976,-0.39431458711624146,0.9979940091511154,-0.08977014571428299,-0.39431458711624146,0.8689791378139513,-0.395631343126297,-0.39431458711624146,0.7420935173297069,-0.5384145379066467
Hjurp,0.860803484916687,0.6222283244132996,0.6614068150520325,2.0490765280993824e-16,8.682589530944824,0.6614068150520325,5.099879555077988e-22,10.461220741271973,0.6614068150520325,5.8231254928542047e-39,13.724451065063477
Glrp1,0.001223354716785252,0.0030869252514094114,-1.3366719484329224,0.9979940091511154,-0.14569836854934692,-1.3366719484329224,0.5196272646011879,-1.079166054725647,-1.3366719484329224,0.202688725469415,-1.617928385734558
Arl4c,0.7203601598739624,0.6642327308654785,0.16215184330940247,0.16510647829172376,1.8792952299118042,0.16215184330940247,0.13985370115435605,2.0379586219787598,0.16215184330940247,0.020828570807927837,2.724388360977173
Sh3bp4,0.00088683603098616,0.0,19.758949279785156,0.9979940091511154,0.16822996735572815,19.758949279785156,0.36167647049845647,1.4120126962661743,19.758949279785156,0.2799148695790855,1.4120126962661743
Agap1,0.0007268480840139091,0.0,19.471820831298828,0.9979940091511154,0.16822996735572815,19.471820831298828,0.36167647049845647,1.4122296571731567,19.471820831298828,0.2798701756486918,1.4122296571731567
Ackr3,0.0,0.0,0.0,0.9979940091511154,0.11319231241941452,0.0,1.0,0.0,0.0,1.0,0.0
Cops8,0.2978820502758026,0.3486151695251465,-0.26545852422714233,0.01616794379008279,-2.9036366939544678,-0.26545852422714233,0.011356123717953881,-3.1008217334747314,-0.26545852422714233,0.00013920862321816196,-4.225766658782959
Col6a3,0.0,0.0,0.0,0.9979940091511154,0.11319231241941452,0.0,1.0,0.0,0.0,1.0,0.0
Lrrfip1,1.215518593788147,1.2450112104415894,-0.060117270797491074,0.7942135867834581,-0.7696365118026733,-0.060117270797491074,0.398528192815664,-1.321234941482544,-0.060117270797491074,0.16091029618044686,-1.756627082824707
Rbm44,0.027674952521920204,0.022365957498550415,0.3111216425895691,0.9979940091511154,-0.49142029881477356,0.3111216425895691,0.6139638290640375,0.8310011029243469,0.3111216425895691,0.4475269455802982,1.0637198686599731
Ramp1,0.0021153122652322054,0.010976536199450493,-2.3818788528442383,0.9262471898417454,-0.6030986309051514,-2.3818788528442383,0.11909926513033545,-2.124988079071045,-2.3818788528442383,0.0019774442989474337,-3.5175654888153076
Ube2f,0.2813207805156708,0.3722110092639923,-0.4730320870876312,5.661146477054795e-06,-5.046097278594971,-0.4730320870876312,1.2801628256870688e-06,-5.414584636688232,-0.4730320870876312,2.308081544319108e-12,-7.434375762939453
Scly,0.08392887562513351,0.09239204227924347,-0.14479568600654602,0.069150959672309,-2.3103344440460205,-0.14479568600654602,0.628679536599183,-0.8077952861785889,-0.14479568600654602,0.41600946497378305,-1.1208112239837646
Klhl30,0.0,0.0,0.0,0.9979940091511154,0.11319231241941452,0.0,1.0,0.0,0.0,1.0,0.0
Erfe,0.003633993910625577,0.006447276566177607,-0.829164981842041,0.9495041375659824,-0.5717503428459167,-0.829164981842041,0.4574510616805358,-1.2052022218704224,-0.829164981842041,0.19509926836674824,-1.6420823335647583
Ilkap,0.49725088477134705,0.5229132175445557,-0.09267608076334,0.5436424371118034,-1.108590006828308,-0.09267608076334,0.3901366543528487,-1.3398689031600952,-0.09267608076334,0.16021537352752957,-1.774033784866333
Hes6,0.24855013191699982,0.2501068711280823,-0.010177534073591232,0.39846526107588537,-1.3389822244644165,-0.010177534073591232,1.0,-0.10221124440431595,-0.010177534073591232,0.9961125184062499,-0.13580353558063507
Per2,0.0007578158401884139,0.0017427070997655392,-1.2021204233169556,0.9979940091511154,-0.08798898756504059,-1.2021204233169556,0.5998165311352698,-0.8549898266792297,-1.2021204233169556,0.3567324378277113,-1.2354964017868042
Traf3ip1,0.05940796434879303,0.04849695786833763,0.30070340633392334,0.481932366699303,-1.2019225358963013,0.30070340633392334,0.36167647049845647,1.4163539409637451,0.30070340633392334,0.16021537352752957,1.7842715978622437
Asb1,0.07266004383563995,0.07648111879825592,-0.07673189789056778,0.05894332370237936,-2.383272647857666,-0.07673189789056778,0.8637588617575472,-0.40481773018836975,-0.07673189789056778,0.7371646126868612,-0.5463393330574036
Hdac4,0.10465418547391891,0.09869987517595291,0.08887767046689987,0.4393908829598108,-1.268715739250183,0.08887767046689987,0.7890978260716964,0.5329006314277649,0.08887767046689987,0.6276077938818683,0.7166898846626282
Ndufa10,0.7786878347396851,0.922319769859314,-0.3623419404029846,1.32878941289776e-07,-5.773876667022705,-0.3623419404029846,9.677005704754896e-11,-7.065901756286621,-0.3623419404029846,1.7949350256450994e-18,-9.226419448852539
Olfr12,0.0,0.0,0.0,0.9979940091511154,0.11319231241941452,0.0,1.0,0.0,0.0,1.0,0.0
Cops9,0.8339250087738037,0.8956389427185059,-0.15385417640209198,0.10834429442592072,-2.096952199935913,-0.15385417640209198,0.011636673677220382,-3.0903847217559814,-0.15385417640209198,0.00020869758663642586,-4.1245317459106445
Otos,0.008808622136712074,0.0077924905344843864,0.17756597697734833,0.9979940091511154,-0.2873891294002533,0.17756597697734833,0.9030486981737752,0.33498620986938477,0.17756597697734833,0.8157539569666659,0.42521488666534424
Gpc1,0.056362174451351166,0.05683048069477081,-0.012278519570827484,0.3060385020879603,-1.5170085430145264,-0.012278519570827484,1.0,-0.05374956130981445,-0.012278519570827484,1.0,-0.07389720529317856
Ankmy1,0.006717769894748926,0.00274421158246696,1.2944589853286743,0.9979940091511154,0.13269594311714172,1.2944589853286743,0.20357019987495967,1.8199337720870972,1.2944589853286743,0.09690902383892949,2.0534017086029053
Dusp28,0.0329299122095108,0.028223160654306412,0.22593140602111816,0.53648541036431,-1.1201674938201904,0.22593140602111816,0.6001477545741352,0.8541371822357178,0.22593140602111816,0.44632396334966457,1.066161036491394
Rnpepl1,0.1241307333111763,0.12930309772491455,-0.06270638853311539,0.04285189456992296,-2.518016815185547,-0.06270638853311539,0.8598896762620095,-0.41142982244491577,-0.06270638853311539,0.7303828191986178,-0.5578139424324036
Capn10,0.03941420093178749,0.03272552415728569,0.27315300703048706,0.5931907807074582,-1.034226894378662,0.27315300703048706,0.5108855652012559,1.1048200130462646,0.27315300703048706,0.29015719907637577,1.3806549310684204
Gpr35,0.0,0.0051838732324540615,-22.30933952331543,0.9979940091511154,-0.143560990691185,-22.30933952331543,0.3396365679188549,-1.4739553928375244,-22.30933952331543,0.029197004681478723,-2.593815803527832
Sned1,0.0,0.0,0.0,0.9979940091511154,0.11319231241941452,0.0,1.0,0.0,0.0,1.0,0.0
Mterf4,0.06633841246366501,0.07219334691762924,-0.12629340589046478,0.052369306920162756,-2.4337682723999023,-0.12629340589046478,0.7053519033523822,-0.675387978553772,-0.12629340589046478,0.5119606198163187,-0.910739004611969
Pask,0.027828015387058258,0.0556490495800972,-1.0200271606445312,0.0004432561272870226,-4.018460750579834,-1.0200271606445312,0.0005320920294734236,-4.029381275177002,-1.0200271606445312,9.117089695585194e-08,-5.754370212554932
Ppp1r7,0.3654009997844696,0.42192113399505615,-0.2509313225746155,0.011409203590083798,-3.0313453674316406,-0.2509313225746155,0.009216840566046805,-3.172952890396118,-0.2509313225746155,0.00010232732005765158,-4.301412105560303
Ano7,0.0,0.0,0.0,0.9979940091511154,0.11319231241941452,0.0,1.0,0.0,0.0,1.0,0.0
Hdlbp,0.5394734144210815,0.7533950209617615,-0.6526741981506348,1.2460693538896333e-17,-9.008184432983398,-0.6526741981506348,5.253937073497282e-21,-10.213220596313477,-0.6526741981506348,1.673439066006336e-38,-13.627357482910156
Sept2,0.04261144623160362,0.04693284630775452,-0.1424974799156189,0.14526198218648448,-1.949828863143921,-0.1424974799156189,0.7587868740320957,-0.5855543613433838,-0.1424974799156189,0.5789350981584898,-0.7969281077384949
Farp2,0.0025750696659088135,0.004781106952577829,-0.8943252563476562,0.9979940091511154,-0.28997182846069336,-0.8943252563476562,0.5196272646011879,-1.0172631740570068,-0.8943252563476562,0.24833267145763252,-1.491621494293213
Stk25,0.12547343969345093,0.13483592867851257,-0.11072292923927307,0.08507003465051584,-2.214597463607788,-0.11072292923927307,0.654327525426055,-0.7636053562164307,-0.11072292923927307,0.4557885894930457,-1.0488215684890747
Bok,0.0,0.0,0.0,0.9979940091511154,0.11319231241941452,0.0,1.0,0.0,0.0,1.0,0.0
Thap4,0.05517935752868652,0.05991729721426964,-0.12229429185390472,0.12952711509080053,-2.0084288120269775,-0.12229429185390472,0.7613160041679048,-0.5810369849205017,-0.12229429185390472,0.5900718074791589,-0.7789693474769592
Atg4b,0.1549798548221588,0.18147344887256622,-0.24732443690299988,0.01675684804626644,-2.8909013271331787,-0.24732443690299988,0.15319777365483656,-1.9882487058639526,-0.24732443690299988,0.018461673568714303,-2.769652843475342
Dtymk,0.7567976117134094,0.8621930480003357,-0.2742764353752136,5.6057817902726065e-05,-4.538468360900879,-0.2742764353752136,0.0001001067069124355,-4.458712577819824,-0.2742764353752136,9.099623971485067e-09,-6.161109924316406
Ing5,0.14301912486553192,0.17058245837688446,-0.27466341853141785,0.0023297951653763974,-3.5497500896453857,-0.27466341853141785,0.16951166858118577,-1.9296319484710693,-0.27466341853141785,0.023648045152323466,-2.675199031829834
D2hgdh,0.03707452118396759,0.04294940456748009,-0.21647602319717407,0.1492488925824536,-1.9354015588760376,-0.21647602319717407,0.5734910918982012,-0.9017529487609863,-0.21647602319717407,0.3723204055873111,-1.20306396484375
Gal3st2c,0.0,0.0005730688571929932,-19.128765106201172,0.9979940091511154,0.027607882395386696,-19.128765106201172,0.5196272646011879,-1.0,-19.128765106201172,0.16021537352752957,-1.759765386581421
Pdcd1,0.33164507150650024,0.2954216003417969,0.19435757398605347,0.9979940091511154,-0.38036537170410156,0.19435757398605347,0.2543425725061238,1.6775327920913696,0.19435757398605347,0.06838485089199146,2.2210700511932373
Fam174a,0.12553127110004425,0.15838296711444855,-0.35962820053100586,0.0022836666399195676,-3.555449962615967,-0.35962820053100586,0.07449021069538725,-2.356625556945801,-0.35962820053100586,0.003401320750103911,-3.3492085933685303
St8sia4,0.2670709490776062,0.22411629557609558,0.2852279245853424,0.3874327039333178,1.3577734231948853,0.2852279245853424,0.0847965636979956,2.2912421226501465,0.2852279245853424,0.0062135921444527314,3.1548538208007812
D1Ertd622e,0.34954458475112915,0.35554593801498413,-0.029142465442419052,0.494010357421654,-1.1842000484466553,-0.029142465442419052,0.9202887661018848,-0.30245915055274963,-0.029142465442419052,0.8266194668633966,-0.4084877073764801
Ppip5k2,0.22613675892353058,0.23221732676029205,-0.04283370450139046,0.5537224466134765,-1.0922033786773682,-0.04283370450139046,0.8854653182650877,-0.36614471673965454,-0.04283370450139046,0.7610847922943266,-0.5092591047286987
Gin1,0.25057804584503174,0.23692046105861664,0.09110885858535767,0.9086428760134605,-0.6241162419319153,0.09110885858535767,0.5667093013963085,0.9128495454788208,0.09110885858535767,0.37544047641394185,1.1970983743667603
Pam,0.003832312533631921,0.005193368066102266,-0.4394376873970032,0.9979940091511154,-0.2900608777999878,-0.4394376873970032,0.7477602868796577,-0.6038677096366882,-0.4394376873970032,0.5656832615016865,-0.8198226690292358
Rnf152,0.0006180367199704051,0.0019953467417508364,-1.6918672323226929,0.9979940091511154,-0.0302796121686697,-1.6918672323226929,0.5794664401324758,-0.8910432457923889,-1.6918672323226929,0.2997736071950757,-1.3569977283477783
Pign,0.062183674424886703,0.057224422693252563,0.12351776659488678,0.24832731296947141,-1.6458749771118164,0.12351776659488678,0.7278932740736386,0.6373122334480286,0.12351776659488678,0.56166826576101,0.8265533447265625
Relch,0.2562279999256134,0.257494181394577,-0.008064142428338528,0.41865011855890366,-1.304338812828064,-0.008064142428338528,1.0,-0.07667059451341629,-0.008064142428338528,1.0,-0.10263872891664505
Tnfrsf11a,0.0,0.0,0.0,0.9979940091511154,0.11319231241941452,0.0,1.0,0.0,0.0,1.0,0.0
Zcchc2,0.11261288076639175,0.1021023690700531,0.1490728110074997,0.46796622873459176,-1.2224948406219482,0.1490728110074997,0.600253539965312,0.853946328163147,0.1490728110074997,0.397759763059958,1.1552352905273438
Phlpp1,0.049155354499816895,0.047391194850206375,0.05401245877146721,0.13162985145842407,-2.0000574588775635,0.05401245877146721,0.951770993998267,0.24704864621162415,0.05401245877146721,0.8835299691609455,0.3181789219379425
Bcl2,0.30043575167655945,0.3006775379180908,-0.0013435246655717492,0.8615814755698004,-0.683606743812561,-0.0013435246655717492,1.0,-0.009290669113397598,-0.0013435246655717492,1.0,-0.013306074775755405
Kdsr,0.09257157146930695,0.1142619326710701,-0.31961962580680847,0.0013688768668599477,-3.7072932720184326,-0.31961962580680847,0.15763808522367478,-1.971042513847351,-0.31961962580680847,0.021282770621704482,-2.7153375148773193
Vps4b,0.40354734659194946,0.41874054074287415,-0.06502706557512283,0.5514159090385374,-1.0957657098770142,-0.06502706557512283,0.6049496389978963,-0.8463970422744751,-0.06502706557512283,0.41961446786788764,-1.1144278049468994
Serpinb2,0.0,0.0,0.0,0.9979940091511154,0.11319231241941452,0.0,1.0,0.0,0.0,1.0,0.0
Serpinb8,0.0,0.0,0.0,0.9979940091511154,0.11319231241941452,0.0,1.0,0.0,0.0,1.0,0.0
Dsel,0.003320530988276005,0.0064924838952720165,-0.9696462154388428,0.9979940091511154,-0.4032531976699829,-0.9696462154388428,0.4192499140745055,-1.2781425714492798,-0.9696462154388428,0.13634037598537202,-1.8751033544540405
Tsn,0.9805318117141724,1.085813283920288,-0.2359340935945511,3.856949463144468e-05,-4.624053001403809,-0.2359340935945511,6.500958658635429e-05,-4.56371545791626,-0.2359340935945511,2.929867270143762e-09,-6.349926948547363
Nifk,0.23463362455368042,0.33692067861557007,-0.5992931723594666,7.454231543120971e-09,-6.274202823638916,-0.5992931723594666,1.681788487907628e-08,-6.23181676864624,-0.5992931723594666,1.81197585029223e-16,-8.66748332977295
Clasp1,0.30630871653556824,0.29211485385894775,0.07919946312904358,0.9979940091511154,0.24971774220466614,0.07919946312904358,0.6015038962896911,0.8519872426986694,0.07919946312904358,0.4080415145075786,1.1358058452606201
Tfcp2l1,0.0,0.0009658593335188925,-19.882152557373047,0.9979940091511154,-0.05797655135393143,-19.882152557373047,0.36167647049845647,-1.4164575338363647,-19.882152557373047,0.03726207145007799,-2.492633104324341
Ralb,0.012356270104646683,0.03290844336152077,-1.4280954599380493,0.05915882013976145,-2.3815805912017822,-1.4280954599380493,0.0026329077941028,-3.586789608001709,-1.4280954599380493,3.485000695527518e-07,-5.507894039154053
Tmem185b,0.038829077035188675,0.05455845221877098,-0.5021001696586609,0.041831414878619966,-2.52799129486084,-0.5021001696586609,0.16457584464036845,-1.9471626281738281,-0.5021001696586609,0.016018810690160073,-2.822932243347168
Epb41l5,0.005751241929829121,0.0030234779696911573,0.9296333193778992,0.9979940091511154,0.10455372184515,0.9296333193778992,0.3970160886967953,1.3237141370773315,0.9296333193778992,0.21784820929443618,1.5749742984771729
Ptpn4,0.1731479912996292,0.150896817445755,0.21492746472358704,0.552132339873646,-1.094607949256897,0.21492746472358704,0.319945134560687,1.5155127048492432,0.21492746472358704,0.10800305617989595,1.99723482131958
Tmem177,0.04383493587374687,0.03345535695552826,0.39737945795059204,0.9979940091511154,-0.35195595026016235,0.39737945795059204,0.28642896455524103,1.5950055122375488,0.39737945795059204,0.09339652516161366,2.0720889568328857
Sctr,0.00033694636658765376,0.0014038205845281482,-2.0595340728759766,0.9979940091511154,-0.0302796121686697,-2.0595340728759766,0.5196272646011879,-1.0192058086395264,-2.0595340728759766,0.2003222987913715,-1.625645399093628
Tmem37,0.04822050407528877,0.05317291244864464,-0.14464743435382843,0.23135154630881183,-1.6884446144104004,-0.14464743435382843,0.7693715105398771,-0.56728196144104,-0.14464743435382843,0.5900718074791589,-0.7790235877037048
Dbi,1.7170274257659912,1.7262041568756104,-0.016121530905365944,0.9808915953841938,-0.5319415330886841,-0.016121530905365944,0.8711059524069346,-0.39114952087402344,-0.016121530905365944,0.7322970467440918,-0.553899884223938
3110009E18Rik,0.11939900368452072,0.12514270842075348,-0.07201097905635834,0.09248844844946875,-2.174699544906616,-0.07201097905635834,0.7913878974320455,-0.5287960171699524,-0.07201097905635834,0.6334364939794159,-0.707892894744873
Steap3,0.012938839383423328,0.02202087640762329,-0.7737338542938232,0.41370264594991163,-1.3128883838653564,-0.7737338542938232,0.19879607870714872,-1.8360131978988647,-0.7737338542938232,0.022638125076923726,-2.691727876663208
Marco,0.0,0.002510229591280222,-21.261199951171875,0.9979940091511154,0.027607882395386696,-21.261199951171875,0.5196272646011879,-1.0,-21.261199951171875,0.16021537352752957,-1.759765386581421
Insig2,0.11116591840982437,0.13187482953071594,-0.2616955637931824,0.005089703955448925,-3.303149461746216,-0.2616955637931824,0.28500398335029353,-1.5986692905426025,-0.2616955637931824,0.06448978037570256,-2.248020648956299
Ccdc93,0.07278259843587875,0.09731502085924149,-0.43701621890068054,0.006223910455179845,-3.2370686531066895,-0.43701621890068054,0.09087730544074288,-2.2604501247406006,-0.43701621890068054,0.004695767924806618,-3.2461252212524414
Htr5b,0.0,0.0,0.0,0.9979940091511154,0.11319231241941452,0.0,1.0,0.0,0.0,1.0,0.0
Ddx18,0.28356876969337463,0.44353219866752625,-0.7677047252655029,1.4366368580751927e-14,-8.161958694458008,-0.7677047252655029,4.3248305177385776e-15,-8.567307472229004,-0.7677047252655029,1.4533959154295643e-30,-12.038505554199219
Actr3,2.3129079341888428,2.191819429397583,0.1952384114265442,1.6324791460870511e-09,6.523653507232666,0.1952384114265442,1.1583264689613838e-08,6.312321662902832,0.1952384114265442,4.64464395196824e-18,9.104165077209473
Slc35f5,0.0,0.001387676689773798,-20.405242919921875,0.9979940091511154,-0.05797655135393143,-20.405242919921875,0.36167647049845647,-1.4161748886108398,-20.405242919921875,0.03726930960243993,-2.492135524749756
Lypd1,0.000526130199432373,0.0,19.005441665649414,0.9979940091511154,0.16822996735572815,19.005441665649414,0.36343852646342745,1.4002012014389038,19.005441665649414,0.2832694477970542,1.4002012014389038
Mgat5,0.04671386256814003,0.05230345577001572,-0.1671208143234253,0.5369625834883197,-1.1190987825393677,-0.1671208143234253,0.7398026314135159,-0.6172955632209778,-0.1671208143234253,0.5157375732735844,-0.9043843150138855
Tmem163,0.3010151982307434,0.28005316853523254,0.11998753249645233,0.9979940091511154,-0.24615544080734253,0.11998753249645233,0.48399554078778434,1.1560896635055542,0.11998753249645233,0.23108004489809067,1.5385841131210327
Acmsd,0.0,0.0,0.0,0.9979940091511154,0.11319231241941452,0.0,1.0,0.0,0.0,1.0,0.0
Ccnt2,0.2462124079465866,0.23642514646053314,0.06586375087499619,0.9979940091511154,-0.43700605630874634,0.06586375087499619,0.7387491505072781,0.6198827624320984,0.06586375087499619,0.5605577151763327,0.8283780217170715
Map3k19,0.0002675799769349396,0.0006414229865185916,-1.2615724802017212,0.9979940091511154,0.05521576479077339,-1.2615724802017212,0.7860062029957463,-0.5379050374031067,-1.2615724802017212,0.5615388830432966,-0.8267818093299866
Rab3gap1,0.2433588057756424,0.2839488983154297,-0.2531110346317291,0.013108371270749635,-2.9802262783050537,-0.2531110346317291,0.06527659511626495,-2.4156007766723633,-0.2531110346317291,0.0036161643163016843,-3.330695867538452
Zranb3,0.07520764321088791,0.06316497921943665,0.2605416178703308,0.5599301810200056,-1.0836539268493652,0.2605416178703308,0.36902404816304296,1.3838917016983032,0.2605416178703308,0.16021537352752957,1.7669026851654053
R3hdm1,0.615010678768158,0.5273244380950928,0.2911616265773773,0.00023714364976775595,4.184375286102295,0.2911616265773773,0.00033333043921568504,4.149398326873779,0.2911616265773773,2.13956544713162e-07,5.5987749099731445
Ubxn4,0.6419146060943604,0.7385501265525818,-0.2799779772758484,0.0008974570752639059,-3.827075719833374,-0.2799779772758484,0.00010286164306651245,-4.449199199676514,-0.2799779772758484,1.8945633446230898e-08,-6.034912109375
Lct,0.0,0.000639191479422152,-19.286352157592773,0.9979940091511154,0.027607882395386696,-19.286352157592773,0.5196272646011879,-1.0,-19.286352157592773,0.16021537352752957,-1.759765386581421
Mcm6,0.9288361668586731,1.188895583152771,-0.5762140154838562,1.3066412987344396e-15,-8.458431243896484,-0.5762140154838562,1.359216901254379e-17,-9.271143913269043,-0.5762140154838562,3.751578493497862e-32,-12.378928184509277
Dars,0.3806799352169037,0.5245125889778137,-0.5739514231681824,2.818991516214067e-10,-6.7977728843688965,-0.5739514231681824,1.17846521734969e-11,-7.427683353424072,-0.5739514231681824,1.257728664815986e-22,-10.27037525177002
Cxcr4,0.3231169283390045,0.2662138342857361,0.3225306272506714,0.5442772411482137,1.107432246208191,0.3225306272506714,0.020461670793346803,2.8855180740356445,0.3225306272506714,0.0006883289373281345,3.812323570251465
Thsd7b,0.0008644349290989339,0.0,19.722023010253906,0.9979940091511154,0.14071114361286163,19.722023010253906,0.5196272646011879,1.0,19.722023010253906,0.46147875269036936,1.0
Cd55,0.08557792752981186,0.0918346643447876,-0.1063801571726799,0.11782657400673656,-2.0564310550689697,-0.1063801571726799,0.7660402268699397,-0.5724881291389465,-0.1063801571726799,0.5845979823167886,-0.7883979082107544
Zp3r,0.0,0.0,0.0,0.9979940091511154,0.11319231241941452,0.0,1.0,0.0,0.0,1.0,0.0
Pfkfb2,0.0038904338143765926,0.001988631207495928,0.9695274829864502,0.9979940091511154,0.1619068682193756,0.9695274829864502,0.4890570522646109,1.1455481052398682,0.9695274829864502,0.28587235559406327,1.39223051071167
Yod1,0.07267565280199051,0.07677300274372101,-0.08211974799633026,0.15331783070801924,-1.9212414026260376,-0.08211974799633026,0.8704981918410879,-0.39284443855285645,-0.08211974799633026,0.7399950279907308,-0.5418033599853516
AA986860,0.00046067690709605813,0.0011535438243299723,-1.324743628501892,0.9979940091511154,-0.0302796121686697,-1.324743628501892,0.6708561381979029,-0.7351711988449097,-1.324743628501892,0.4515215268300296,-1.0559797286987305
Pigr,0.0003420022549107671,0.0,18.38389778137207,0.9979940091511154,0.14071114361286163,18.38389778137207,0.5196272646011879,1.0,18.38389778137207,0.46147875269036936,1.0
Fcmr,0.0030860768165439367,0.0005029860767535865,2.6190450191497803,0.9979940091511154,0.08282364159822464,2.6190450191497803,0.5196272646011879,1.073897361755371,2.6190450191497803,0.4328017108841111,1.0901570320129395
Il19,0.00030692489235661924,0.0,18.227752685546875,0.9979940091511154,0.14071114361286163,18.227752685546875,0.5196272646011879,1.0,18.227752685546875,0.46147875269036936,1.0
Il10,0.011375526897609234,0.014833863824605942,-0.38546136021614075,0.7531668623549324,-0.8214680552482605,-0.38546136021614075,0.67950503472751,-0.7209216952323914,-0.38546136021614075,0.46147875269036936,-1.0008316040039062
Mapkapk2,0.24230057001113892,0.2540394067764282,-0.0770721286535263,0.34680146270630774,-1.4353426694869995,-0.0770721286535263,0.6759427658912049,-0.7269046902656555,-0.0770721286535263,0.46221958146574743,-0.9985612034797668
Dyrk3,0.019461579620838165,0.03946181759238243,-1.0343266725540161,0.0315475304059386,-2.64554762840271,-1.0343266725540161,0.01834452211761657,-2.9319982528686523,-1.0343266725540161,6.423794384739906e-05,-4.412352561950684
Eif2d,0.17641578614711761,0.1910565048456192,-0.12590399384498596,0.05615053941480673,-2.4050025939941406,-0.12590399384498596,0.5196272646011879,-1.08440101146698,-0.12590399384498596,0.25944462841564986,-1.4638549089431763
Rassf5,0.48643678426742554,0.4989972412586212,-0.046581119298934937,0.9984208920935209,-0.01745530590415001,-0.046581119298934937,0.7217289258137551,-0.6490462422370911,-0.046581119298934937,0.5292262728175999,-0.8798786401748657
Ikbke,0.0743364468216896,0.09425599128007889,-0.35708555579185486,0.018846746779295518,-2.847797393798828,-0.35708555579185486,0.19223940989324959,-1.8541597127914429,-0.35708555579185486,0.025815508141412275,-2.640624523162842
Srgap2,0.28607290983200073,0.23576419055461884,0.3169046640396118,0.11641868487178407,2.0623977184295654,0.3169046640396118,0.014589635670407811,3.0108866691589355,0.3169046640396118,0.00029514128506262857,4.035552501678467
Fam72a,0.0969296470284462,0.07186432927846909,0.4499971866607666,0.9061683667832459,-0.6279457211494446,0.4499971866607666,0.025707883009834058,2.7986841201782227,0.4499971866607666,0.0024486063385272183,3.4511890411376953
Ctse,0.015341490507125854,0.009230440482497215,0.7373844385147095,0.9979940091511154,-0.10455372184515,0.7373844385147095,0.23842068160312155,1.7234162092208862,0.7373844385147095,0.09543062071416859,2.0612576007843018
Rab7b,0.0,0.0034924703650176525,-21.73833656311035,0.9979940091511154,-0.05797655135393143,-21.73833656311035,0.3997036896570943,-1.3198630809783936,-21.73833656311035,0.05483421377792763,-2.3226492404937744
Pm20d1,0.0,0.0,0.0,0.9979940091511154,0.11319231241941452,0.0,1.0,0.0,0.0,1.0,0.0
Slc41a1,0.04236464202404022,0.041186995804309845,0.04152730107307434,0.47300519827244425,-1.214924931526184,0.04152730107307434,1.0,0.15158623456954956,0.04152730107307434,0.9527040490601486,0.2066374272108078
Rab29,0.21673105657100677,0.17615526914596558,0.3292851150035858,0.7166023496487051,0.8700044751167297,0.3292851150035858,0.013019517988776643,3.0488805770874023,0.3292851150035858,0.0004801004876688513,3.9087204933166504
Nucks1,1.7913116216659546,1.6551623344421387,0.23915542662143707,1.405874329001984e-05,4.851328372955322,0.23915542662143707,6.1703795108135775e-06,5.1065850257873535,0.23915542662143707,8.636934082280399e-13,7.571755409240723
Slc45a3,0.0,0.0,0.0,0.9979940091511154,0.11319231241941452,0.0,1.0,0.0,0.0,1.0,0.0
Elk4,0.2578451335430145,0.2438439428806305,0.09106829017400742,0.7409632258595055,-0.8376765847206116,0.09106829017400742,0.5883081252140706,0.8745765089988708,0.09106829017400742,0.40105855698434906,1.1492329835891724
Mfsd4a,0.05731410160660744,0.03778154030442238,0.6154099106788635,0.9979940091511154,-0.1462327092885971,0.6154099106788635,0.032558193507262786,2.7079482078552246,0.6154099106788635,0.003008253171188609,3.3890023231506348
Nuak2,0.0008142871083691716,0.0022692030761390924,-1.4796247482299805,0.9979940091511154,-0.08798898756504059,-1.4796247482299805,0.5287211646292033,-0.9846339821815491,-1.4796247482299805,0.24172630766189102,-1.5092443227767944
Dstyk,0.00043146032840013504,0.007597018964588642,-4.143302917480469,0.9979940091511154,-0.20162659883499146,-4.143302917480469,0.33055066428681934,-1.4953120946884155,-4.143302917480469,0.028065247582045167,-2.6093153953552246
Rbbp5,0.11860828101634979,0.1314217746257782,-0.15743499994277954,0.023270416719789258,-2.7666659355163574,-0.15743499994277954,0.5025110180245167,-1.1202081441879272,-0.15743499994277954,0.23994208234343647,-1.5145585536956787
Tmem81,0.013254964724183083,0.012838861905038357,0.046316247433423996,0.9979940091511154,-0.3031523525714874,0.046316247433423996,1.0,0.09039199352264404,0.046316247433423996,1.0,0.12908193469047546
Cntn2,0.00036767119308933616,0.0,18.488325119018555,0.9979940091511154,0.14071114361286163,18.488325119018555,0.5196272646011879,1.0,18.488325119018555,0.46147875269036936,1.0
Mdm4,0.379470556974411,0.3347741365432739,0.2149563878774643,0.13373540295789638,1.9915969371795654,0.2149563878774643,0.07887488855083352,2.326956272125244,0.2149563878774643,0.006184943404976282,3.1564457416534424
Pik3c2b,0.02401830069720745,0.025601565837860107,-0.0932447537779808,0.39652877403597114,-1.3421883583068848,-0.0932447537779808,0.9334644841030015,-0.27996116876602173,-0.0932447537779808,0.8588981696947099,-0.3570968508720398
Ppp1r15b,0.3018835186958313,0.2976642847061157,0.02350112795829773,0.8830687781395046,-0.6579581499099731,0.02350112795829773,0.9483465681252509,0.2537650465965271,0.02350112795829773,0.8725135670995635,0.3366728723049164
Plekha6,0.0015321518294513226,0.006423628889024258,-2.071359395980835,0.9979940091511154,-0.23154997825622559,-2.071359395980835,0.36167647049845647,-1.4213019609451294,-2.071359395980835,0.053260507153699024,-2.3346598148345947
Etnk2,0.0,0.0,0.0,0.9979940091511154,0.11319231241941452,0.0,1.0,0.0,0.0,1.0,0.0
Snrpe,2.136209726333618,2.1242787837982178,0.019533107057213783,0.9979940091511154,0.11817954480648041,0.019533107057213783,0.7646781343782524,0.5749949216842651,0.019533107057213783,0.5563895238985346,0.8353814482688904
Zc3h11a,0.020694434642791748,0.02966739609837532,-0.5261353254318237,0.15409467674281332,-1.9181243181228638,-0.5261353254318237,0.29635751258038245,-1.5728427171707153,-0.5261353254318237,0.07183353628132094,-2.198624610900879
Gm38394,0.19374686479568481,0.1619785577058792,0.28196507692337036,0.9979940091511154,0.2433946430683136,0.28196507692337036,0.07764489928646398,2.334214448928833,0.28196507692337036,0.00819388751016957,3.0631093978881836
Lax1,0.289183109998703,0.2060512900352478,0.5514187216758728,0.04480075782248241,2.4991366863250732,0.5514187216758728,1.550877247568194e-06,5.357141017913818,0.5514187216758728,3.2535914580757164e-10,6.708231449127197
Atp2b4,0.34175240993499756,0.31497839093208313,0.13806699216365814,0.9979940091511154,-0.11007529497146606,0.13806699216365814,0.34589691333952766,1.45780611038208,0.13806699216365814,0.1317513075393315,1.8933359384536743
Btg2,0.9808395504951477,0.9276972413063049,0.12470326572656631,0.05921638062925698,2.3811352252960205,0.12470326572656631,0.2112276523056727,1.8005084991455078,0.12470326572656631,0.04067646588743312,2.4499149322509766
Chit1,0.031232284381985664,0.009868447668850422,1.677606463432312,0.9865454260467479,0.5265090465545654,1.677606463432312,0.00022525145285567106,4.235029697418213,1.677606463432312,2.191077271854081e-05,4.668935775756836
Chil1,0.0,0.0,0.0,0.9979940091511154,0.11319231241941452,0.0,1.0,0.0,0.0,1.0,0.0
Ppfia4,0.00026962056290358305,0.006100661586970091,-4.504166603088379,0.9979940091511154,-0.11630932986736298,-4.504166603088379,0.34750321753138697,-1.4554060697555542,-4.504166603088379,0.03264728190423278,-2.5490989685058594
Tmem183a,0.23371337354183197,0.29688936471939087,-0.39276960492134094,8.871627437550875e-05,-4.428125858306885,-0.39276960492134094,0.0006142661118945367,-3.9858176708221436,-0.39276960492134094,5.251599802535771e-07,-5.42790412902832
Cyb5r1,0.07905834168195724,0.10161256790161133,-0.37860366702079773,0.004875917770191986,-3.317131519317627,-0.37860366702079773,0.11895275752719317,-2.122755289077759,-0.37860366702079773,0.009149750395176454,-3.0236430168151855
Adipor1,0.38653868436813354,0.44176772236824036,-0.23525650799274445,0.03159728785097282,-2.6449241638183594,-0.23525650799274445,0.014059191648690884,-3.0242397785186768,-0.23525650799274445,0.00027319229623889383,-4.055681228637695
Klhl12,0.09872784465551376,0.10178685188293457,-0.0462658517062664,0.08633194570339804,-2.20773983001709,-0.0462658517062664,0.9361131289204839,-0.2752215266227722,-0.0462658517062664,0.8473187095269032,-0.37583592534065247
Rabif,0.1852024644613266,0.20323948562145233,-0.14750929176807404,0.01859682393294575,-2.8526065349578857,-0.14750929176807404,0.4153422208960341,-1.2851642370224,-0.14750929176807404,0.1701090602477917,-1.7235101461410522
Kdm5b,0.015801195055246353,0.043090976774692535,-1.4671339988708496,0.14516989457015467,-1.9501851797103882,-1.4671339988708496,0.0168033867524443,-2.967933416366577,-1.4671339988708496,1.01542113767043e-05,-4.837374687194824
Syt2,0.0006155175506137311,0.0,19.23188591003418,0.9979940091511154,0.14071114361286163,19.23188591003418,0.5196272646011879,1.0,19.23188591003418,0.46147875269036936,1.0
Ppp1r12b,0.03309798985719681,0.035166315734386444,-0.08895112574100494,0.34111622833667277,-1.4459404945373535,-0.08895112574100494,0.9183341665024357,-0.30745312571525574,-0.08895112574100494,0.8210263818243381,-0.4168660640716553
Ube2t,0.45385807752609253,0.31104061007499695,0.65470951795578,1.0726994013689459e-08,6.212841987609863,0.65470951795578,5.705373003880948e-13,7.825862407684326,0.65470951795578,9.876259775767538e-22,10.068601608276367
Lgr6,0.0,0.0,0.0,0.9979940091511154,0.11319231241941452,0.0,1.0,0.0,0.0,1.0,0.0
Ptpn7,0.5048121809959412,0.5359509587287903,-0.11075559258460999,0.17201260714199285,-1.8561402559280396,-0.11075559258460999,0.311569685058403,-1.536202073097229,-0.11075559258460999,0.10045770413395337,-2.034761905670166
Arl8a,0.1927185207605362,0.18722230195999146,0.04583309590816498,0.40165260801716723,-1.3334606885910034,0.04583309590816498,0.8615824290422887,0.4089323580265045,0.04583309590816498,0.7412620247086247,0.5397841930389404
Elf3,0.0,0.0,0.0,0.9979940091511154,0.11319231241941452,0.0,1.0,0.0,0.0,1.0,0.0
Rnpep,0.4354341924190521,0.5898034572601318,-0.5586048364639282,9.281612079162338e-11,-6.967071533203125,-0.5586048364639282,3.290362345949875e-12,-7.613704204559326,-0.5586048364639282,1.7224577778617293e-23,-10.4773588180542
Timm17a,0.5904960632324219,0.735519528388977,-0.4329235255718231,3.0826079140226562e-09,-6.419901371002197,-0.4329235255718231,3.441131112985011e-11,-7.243673801422119,-0.4329235255718231,1.9444207576241872e-20,-9.733659744262695
Shisa4,0.0,0.0009932933608070016,-19.922578811645508,0.9979940091511154,-0.05797655135393143,-19.922578811645508,0.36167647049845647,-1.4148895740509033,-19.922578811645508,0.0373938116688186,-2.4898736476898193
Ipo9,0.12932869791984558,0.15339909493923187,-0.26401951909065247,0.0022275514388043617,-3.5627524852752686,-0.26401951909065247,0.1404290320698955,-2.0360090732574463,-0.26401951909065247,0.020453752349238265,-2.731895685195923
Nav1,0.0008350327261723578,0.00914096087217331,-3.4584362506866455,0.9979940091511154,-0.08870144933462143,-3.4584362506866455,0.4343889515442813,-1.2494761943817139,-3.4584362506866455,0.0749554620178049,-2.179337978363037
Csrp1,0.6261851787567139,0.5575860142707825,0.2217319756746292,0.010841502681223286,3.049156904220581,0.2217319756746292,0.003550063296531788,3.482213258743286,0.2217319756746292,5.3694559566998e-05,4.45615291595459
Phlda3,0.0058652907609939575,0.008855597116053104,-0.5965463519096375,0.9979940091511154,-0.40369847416877747,-0.5965463519096375,0.6417501025016737,-0.7831894755363464,-0.5965463519096375,0.41265277473419704,-1.127071738243103
Tnni1,0.0008293063729070127,0.0,19.662145614624023,0.9979940091511154,0.16822996735572815,19.662145614624023,0.36343852646342745,1.4001648426055908,19.662145614624023,0.2832694477970542,1.4001648426055908
Lad1,0.0028970325365662575,0.0022532884031534195,0.3630082607269287,0.9979940091511154,-0.034020036458969116,0.3630082607269287,0.8700919377941855,0.39377692341804504,0.3630082607269287,0.7816402701285983,0.47832757234573364
Tmem9,0.05225447192788124,0.06804940849542618,-0.392535924911499,0.009591598958114228,-3.091726541519165,-0.392535924911499,0.16051213661406744,-1.960400938987732,-0.392535924911499,0.022357862244071502,-2.6966662406921387
Cacna1s,0.10035374760627747,0.1743045151233673,-0.8510801792144775,1.9970304173332598e-09,-6.490434646606445,-0.8510801792144775,1.692306634599171e-06,-5.372329235076904,-0.8510801792144775,2.0635394102817118e-13,-7.765451431274414
Kif21b,0.5952199101448059,0.6636490225791931,-0.21150323748588562,0.008001271898663898,-3.152820110321045,-0.21150323748588562,0.00924377505166981,-3.1719307899475098,-0.21150323748588562,0.00010457652311049178,-4.296468257904053
Inava,0.00024870739434845746,0.0005426184507086873,-1.1256974935531616,0.9979940091511154,0.05521576479077339,-1.1256974935531616,0.8134832013401346,-0.49239540100097656,-1.1256974935531616,0.6119704309247018,-0.7419222593307495
Gpr25,0.00041352311382070184,0.0012607660610228777,-1.6088696718215942,0.9979940091511154,-0.0302796121686697,-1.6088696718215942,0.5949072741462614,-0.8631696105003357,-1.6088696718215942,0.32763315750791033,-1.2967277765274048
Camsap2,0.021279366686940193,0.024362143129110336,-0.19741785526275635,0.4880252187236717,-1.1928385496139526,-0.19741785526275635,0.7754671341551808,-0.5564789772033691,-0.19741785526275635,0.6014175941944808,-0.7599881887435913
Ddx59,0.045472051948308945,0.055483609437942505,-0.2943640649318695,0.04194837851995554,-2.5269227027893066,-0.2943640649318695,0.39780832137507277,-1.3227105140686035,-0.2943640649318695,0.15825029645214994,-1.794453740119934
Kif14,0.38568851351737976,0.2753070890903473,0.5703951716423035,3.8359444686425415e-05,4.6254777908325195,0.5703951716423035,1.2859493619891746e-08,6.254091262817383,0.5703951716423035,1.5524243223317945e-14,8.115776062011719
Zfp281,0.12534573674201965,0.12226992845535278,0.03810791298747063,0.31866844497035396,-1.4910037517547607,0.03810791298747063,0.9509515659595894,0.24879427254199982,0.03810791298747063,0.870999865793841,0.33948153257369995
Ptprc,2.5813937187194824,2.380145788192749,0.31691116094589233,3.248413449651608e-22,10.136189460754395,0.31691116094589233,9.897600212346335e-20,9.988500595092773,0.31691116094589233,3.523419342057149e-43,14.466353416442871
Atp6v1g3,0.008871124126017094,0.008833128027617931,0.00622001476585865,0.9979940091511154,-0.31740158796310425,0.00622001476585865,1.0,0.011514270678162575,0.00622001476585865,1.0,0.015238897874951363
Nek7,0.44835588335990906,0.4151208698749542,0.1368066668510437,0.3222985436678821,1.4837900400161743,0.1368066668510437,0.24908178919267943,1.6934393644332886,0.1368066668510437,0.05853257952984599,2.290424108505249
Lhx9,0.0002969934430439025,0.0,18.18029022216797,0.9979940091511154,0.14071114361286163,18.18029022216797,0.5196272646011879,1.0,18.18029022216797,0.46147875269036936,1.0
2310009B15Rik,0.14482150971889496,0.20175661146640778,-0.5205954909324646,7.18572049298392e-07,-5.457187652587891,-0.5205954909324646,0.00041063621494825654,-4.096206188201904,-0.5205954909324646,1.3336528563523408e-07,-5.6854567527771
Dennd1b,0.5555346012115479,0.5128805637359619,0.14874882996082306,0.23349124141886624,1.6824777126312256,0.14874882996082306,0.1263236532279154,2.0900845527648926,0.14874882996082306,0.019298066949883265,2.753187656402588
Zbtb41,0.07678467780351639,0.08098349720239639,-0.07987816631793976,0.20127390314715435,-1.7702885866165161,-0.07987816631793976,0.8756566472056163,-0.38407647609710693,-0.07987816631793976,0.7428773975669859,-0.5373222231864929
Aspm,0.728323221206665,0.4733682870864868,0.8238291144371033,7.717156855981765e-17,8.795425415039062,0.8238291144371033,1.865058777774519e-21,10.30835247039795,0.8238291144371033,6.472722610543696e-38,13.525527954101562
Cfh,0.0,0.0013843794586136937,-20.40180778503418,0.9979940091511154,0.027607882395386696,-20.40180778503418,0.5196272646011879,-1.0,-20.40180778503418,0.16021537352752957,-1.759765386581421
Cdc73,0.30792728066444397,0.3457309305667877,-0.19581234455108643,0.03304385818826269,-2.6259548664093018,-0.19581234455108643,0.08239030365724236,-2.3041415214538574,-0.19581234455108643,0.00818212953419374,-3.0635645389556885
B3galt2,0.0010152105242013931,0.0027941768057644367,-1.461927056312561,0.9979940091511154,-0.23083750903606415,-1.461927056312561,0.4163839037959709,-1.283618688583374,-1.461927056312561,0.1271054525554798,-1.9129180908203125
Glrx2,0.47042903304100037,0.5363510847091675,-0.24072596430778503,0.01923467375122982,-2.839337110519409,-0.24072596430778503,0.0030252331597533572,-3.5340309143066406,-0.24072596430778503,1.5199322198905414e-05,-4.743709087371826
Ro60,0.011273963376879692,0.014442059211432934,-0.3595717251300812,0.7970090210646135,-0.7657179236412048,-0.3595717251300812,0.6655965991650635,-0.7430325746536255,-0.3595717251300812,0.46147875269036936,-1.0191946029663086
Uchl5,0.5771729946136475,0.6623548865318298,-0.26635313034057617,0.0026382266042904805,-3.5106537342071533,-0.26635313034057617,0.000409930667431727,-4.094390392303467,-0.26635313034057617,2.621860294639678e-07,-5.560719013214111
Rgs2,0.3866240680217743,0.37884166836738586,0.035307325422763824,0.9979940091511154,-0.20714816451072693,0.035307325422763824,0.9293148956792638,0.28700074553489685,0.035307325422763824,0.8264735710827216,0.4089457392692566
Rgs1,0.8367234468460083,0.9428594708442688,-0.2600592076778412,0.01557334255065304,-2.917618751525879,-0.2600592076778412,0.03325865376576442,-2.702280044555664,-0.2600592076778412,0.0007835476454729378,-3.7762839794158936
Rgs18,0.0,0.0013843794586136937,-20.40180778503418,0.9979940091511154,0.027607882395386696,-20.40180778503418,0.5196272646011879,-1.0,-20.40180778503418,0.16021537352752957,-1.759765386581421
Pla2g4a,0.0,0.0041975476779043674,-22.0041446685791,0.9979940091511154,-0.05797655135393143,-22.0041446685791,0.4842193148425448,-1.1564029455184937,-22.0041446685791,0.10066497019913782,-2.0349979400634766
Ptgs2,0.0,0.007195526733994484,-22.783863067626953,0.9979940091511154,-0.143560990691185,-22.783863067626953,0.33125597215735997,-1.4939149618148804,-22.783863067626953,0.02676300259347459,-2.6289398670196533
Odr4,0.15658211708068848,0.18019220232963562,-0.22012589871883392,0.0023999918040937063,-3.5413787364959717,-0.22012589871883392,0.24040437851255672,-1.7178210020065308,-0.22012589871883392,0.054186354999324,-2.326113700866699
Tpr,1.528047800064087,1.5819958448410034,-0.09867262840270996,0.13828418493951325,-1.9741415977478027,-0.09867262840270996,0.06765561863042382,-2.3991363048553467,-0.09867262840270996,0.005707355268951285,-3.183563470840454
Prg4,0.0003628194681368768,0.002572284545749426,-2.827317237854004,0.9979940091511154,-0.20127035677433014,-2.827317237854004,0.26990098910685845,-1.6388342380523682,-2.827317237854004,0.02297161961232847,-2.6871438026428223
Ivns1abp,0.3675645887851715,0.41552484035491943,-0.21378472447395325,0.05197075302990972,-2.4367072582244873,-0.21378472447395325,0.05215136356199671,-2.516859292984009,-0.21378472447395325,0.002598563249004197,-3.432284116744995
Swt1,0.28599146008491516,0.24819569289684296,0.23296990990638733,0.8578229324037238,0.6898407936096191,0.23296990990638733,0.08943616201524125,2.266408920288086,0.23296990990638733,0.009921996120877075,2.9960544109344482
Trmt1l,0.15625295042991638,0.14057543873786926,0.1641274243593216,0.5798079227992142,-1.054264783859253,0.1641274243593216,0.45041956404029093,1.21807861328125,0.1641274243593216,0.20344864235412205,1.6158608198165894
Rnf2,0.17236079275608063,0.17523084580898285,-0.02595534175634384,0.2012764248472482,-1.7701995372772217,-0.02595534175634384,0.9774879067449694,-0.1956634819507599,-0.02595534175634384,0.9152048088513489,-0.26721271872520447
Fam129a,0.2027355581521988,0.27439138293266296,-0.49037790298461914,1.8175573946630824e-06,-5.276222229003906,-0.49037790298461914,0.0001386171510199428,-4.375720500946045,-0.49037790298461914,1.5266221431084862e-08,-6.071513652801514
Edem3,0.056408487260341644,0.054641760885715485,0.0471944734454155,0.21964164834062533,-1.7191694974899292,0.0471944734454155,0.9603785016752305,0.22904472053050995,0.0471944734454155,0.8948736728679553,0.3003690838813782
1700025G04Rik,0.218448206782341,0.2521067261695862,-0.2319740206003189,0.004480820832966113,-3.3450064659118652,-0.2319740206003189,0.23855721008811115,-1.723628044128418,-0.2319740206003189,0.04631228753437862,-2.394310474395752
Tsen15,0.06774596869945526,0.10663041472434998,-0.6828685998916626,7.840276931303523e-06,-4.97689962387085,-0.6828685998916626,0.0006724820910328085,-3.9646780490875244,-0.6828685998916626,2.457685157444466e-07,-5.572042942047119
Rgl1,0.0012812248896807432,0.004887750372290611,-1.9342490434646606,0.9979940091511154,-0.14605459570884705,-1.9342490434646606,0.49874256941378664,-1.1280874013900757,-1.9342490434646606,0.13646659368678746,-1.8749897480010986
Arpc5,1.8503854274749756,1.8375933170318604,0.021923039108514786,0.6545217043834798,0.9517594575881958,0.021923039108514786,0.7422480630232008,0.6132341623306274,0.021923039108514786,0.5491560449199654,0.8471059799194336
Ncf2,0.0028270070906728506,0.00812302902340889,-1.526565670967102,0.9979940091511154,-0.20714816451072693,-1.526565670967102,0.41451722738809416,-1.2879658937454224,-1.526565670967102,0.08534508470623287,-2.1161835193634033
Smg7,0.2299756407737732,0.22302034497261047,0.04951203987002373,0.5766424394870164,-1.058361530303955,0.04951203987002373,0.8210675591529815,0.47817179560661316,0.04951203987002373,0.6843051521285151,0.6281625628471375
Nmnat2,0.026695067062973976,0.02347058616578579,0.18805494904518127,0.9979940091511154,-0.2661043405532837,0.18805494904518127,0.7996363295042327,0.5142961144447327,0.18805494904518127,0.626367338305656,0.7187620401382446
Lamc2,0.006460458971560001,0.009339487180113792,-0.5337860584259033,0.9304629981316962,-0.5956177711486816,-0.5337860584259033,0.5196272646011879,-1.0240944623947144,-0.5337860584259033,0.2727943121287545,-1.4319329261779785
Lamc1,0.16440437734127045,0.18390749394893646,-0.1762082427740097,0.013504421580410457,-2.9692721366882324,-0.1762082427740097,0.3467146145435726,-1.4555588960647583,-0.1762082427740097,0.11832636655094071,-1.9498355388641357
Shcbp1l,0.0007340406882576644,0.0006865788600407541,0.09646867215633392,0.9979940091511154,0.08282364159822464,0.09646867215633392,1.0,0.05510305240750313,0.09646867215633392,1.0,0.07299955189228058
Dhx9,0.7844207882881165,0.8580175638198853,-0.18965400755405426,0.02430508521183976,-2.748854398727417,-0.18965400755405426,0.008891726593725731,-3.1850781440734863,-0.18965400755405426,9.518358271053236e-05,-4.319253444671631
Npl,0.00123510486446321,0.0011996112298220396,0.042092204093933105,0.9979940091511154,0.025114266201853752,0.042092204093933105,1.0,0.03116551972925663,0.042092204093933105,1.0,0.03950217366218567
Rgs8,0.0011122728465124965,0.0029004232492297888,-1.3840422630310059,0.9979940091511154,-0.1733953058719635,-1.3840422630310059,0.5196272646011879,-1.077419400215149,-1.3840422630310059,0.22221804121229194,-1.5633769035339355
Rgs16,0.45401129126548767,0.3773363530635834,0.32600706815719604,0.9979940091511154,0.10784885287284851,0.32600706815719604,0.03540318022946058,2.6755666732788086,0.32600706815719604,0.002082931624027018,3.499582052230835
Rnasel,0.15995043516159058,0.18628767132759094,-0.23945355415344238,0.003611316910535925,-3.413224697113037,-0.23945355415344238,0.22812494066971625,-1.7532691955566406,-0.23945355415344238,0.04380952357931938,-2.417928695678711
Teddm2,0.003582156263291836,0.006087049841880798,-0.7667229771614075,0.9979940091511154,-0.29166391491889954,-0.7667229771614075,0.5350883926917878,-0.9714957475662231,-0.7667229771614075,0.2746631217414099,-1.427180290222168
Teddm1b,0.0,0.0,0.0,0.9979940091511154,0.11319231241941452,0.0,1.0,0.0,0.0,1.0,0.0
Glul,0.1890900433063507,0.221108540892601,-0.2495669275522232,0.007568401656199903,-3.170809745788574,-0.2495669275522232,0.1332698943442908,-2.0632994174957275,-0.2495669275522232,0.014694009383735144,-2.855024576187134
Cacna1e,0.0,0.000823233975097537,-19.651538848876953,0.9979940091511154,0.027607882395386696,-19.651538848876953,0.5196272646011879,-1.0,-19.651538848876953,0.16021537352752957,-1.759765386581421
Ier5,0.6969571709632874,0.6400202512741089,0.16856588423252106,0.016988080657389517,2.8857359886169434,0.16856588423252106,0.13293299740578757,2.064723014831543,0.16856588423252106,0.014694009383735144,2.855010509490967
Mr1,0.021082766354084015,0.022729812189936638,-0.10971388220787048,0.5184146516949699,-1.1461724042892456,-0.10971388220787048,0.9137859786890737,-0.31568190455436707,-0.10971388220787048,0.8138570409410953,-0.428194522857666
Stx6,0.13602569699287415,0.16791002452373505,-0.32739120721817017,0.001954992665992621,-3.6011364459991455,-0.32739120721817017,0.04772830610526124,-2.554828643798828,-0.32739120721817017,0.0019091510217212517,-3.525259256362915
BC034090,0.0,0.000572212680708617,-19.12660789489746,0.9979940091511154,0.027607882395386696,-19.12660789489746,0.5196272646011879,-1.0,-19.12660789489746,0.16021537352752957,-1.759765386581421
Xpr1,0.17699749767780304,0.16964030265808105,0.06671030074357986,0.2575906443023288,-1.6240558624267578,0.06671030074357986,0.82004052817376,0.4798785150051117,0.06671030074357986,0.6693642320386367,0.6504911184310913
Acbd6,0.39153215289115906,0.43426671624183655,-0.18239237368106842,0.18434835702874494,-1.8178454637527466,-0.18239237368106842,0.06490535482279101,-2.4183661937713623,-0.18239237368106842,0.0048065599878093146,-3.2384848594665527
Qsox1,0.13291975855827332,0.11488962173461914,0.22358150780200958,0.8631127746537024,-0.6815584301948547,0.22358150780200958,0.29635751258038245,1.5724271535873413,0.22358150780200958,0.09310694344802851,2.0736658573150635
Cep350,0.401346892118454,0.33817610144615173,0.2954447865486145,0.021184105692678083,2.8017547130584717,0.2954447865486145,0.006189671659390687,3.3054659366607666,0.2954447865486145,5.491596088327073e-05,4.449582099914551
Tor1aip1,0.5858490467071533,0.5266215801239014,0.20042629539966583,0.03909656145673318,2.5556883811950684,0.20042629539966583,0.018392939598409895,2.9250643253326416,0.20042629539966583,0.0006244604934221497,3.8391072750091553
Tor1aip2,0.179039865732193,0.20161791145801544,-0.18814577162265778,0.012056239347796094,-3.010951280593872,-0.18814577162265778,0.26937947310144367,-1.6386337280273438,-0.18814577162265778,0.06911921445962503,-2.21586275100708
Axdnd1,0.00029803719371557236,0.0014924226561561227,-2.3249497413635254,0.9979940091511154,-0.0302796121686697,-2.3249497413635254,0.5196272646011879,-1.0808058977127075,-2.3249497413635254,0.16021537352752957,-1.7716587781906128
Gm2000,0.4419485330581665,0.5211514234542847,-0.2995246350765228,0.001660345560107499,-3.6504743099212646,-0.2995246350765228,0.0003444312117626267,-4.140511989593506,-0.2995246350765228,2.3097849634434996e-07,-5.584852695465088
Soat1,0.1462070345878601,0.158991739153862,-0.13039569556713104,0.013229639351479503,-2.977020263671875,-0.13039569556713104,0.5311797748240644,-0.9797638654708862,-0.13039569556713104,0.31524556718523894,-1.3226032257080078
Abl2,0.04722002521157265,0.07471032440662384,-0.6819403171539307,0.002716374149445966,-3.5014808177948,-0.6819403171539307,0.03460016300877607,-2.689331293106079,-0.6819403171539307,0.00034829484583449107,-3.9926915168762207
Tor3a,0.07801421731710434,0.09451828896999359,-0.28893300890922546,0.016822866447148588,-2.8894765377044678,-0.28893300890922546,0.34931233091654706,-1.4503804445266724,-0.28893300890922546,0.10424953556114566,-2.0158071517944336
Fam20b,0.05325751379132271,0.0758872702717781,-0.5273727178573608,0.004423422346707391,-3.349726676940918,-0.5273727178573608,0.05964459884950714,-2.4576475620269775,-0.5273727178573608,0.00210107063123197,-3.496445655822754
Ralgps2,0.04190263897180557,0.06249475106596947,-0.5916772484779358,0.003224406585417618,-3.4483134746551514,-0.5916772484779358,0.04456908159480787,-2.5835797786712646,-0.5916772484779358,0.0014922931583861293,-3.5968213081359863
Rasal2,0.009407470002770424,0.005134707782417536,0.8766102194786072,0.9979940091511154,0.04764585942029953,0.8766102194786072,0.3353323113478144,1.4810473918914795,0.8766102194786072,0.16080688435246393,1.7572726011276245
Cryzl2,0.0038338196463882923,0.003687880467623472,0.05609584599733353,0.9979940091511154,-0.14783574640750885,0.05609584599733353,1.0,0.07290752977132797,0.05609584599733353,1.0,0.09272877126932144
Sec16b,0.0,0.0,0.0,0.9979940091511154,0.11319231241941452,0.0,1.0,0.0,0.0,1.0,0.0
Cop1,0.2084793746471405,0.24309003353118896,-0.2474910020828247,0.01297389804611496,-2.984055757522583,-0.2474910020828247,0.11920215023824567,-2.121312141418457,-0.2474910020828247,0.011117828070399209,-2.956110715866089
Tnr,0.0,0.0,0.0,0.9979940091511154,0.11319231241941452,0.0,1.0,0.0,0.0,1.0,0.0
4930523C07Rik,1.052744746208191,0.9914073348045349,0.1382605880498886,0.0170070325082943,2.8852016925811768,0.1382605880498886,0.06060708892555653,2.449780225753784,0.1382605880498886,0.003202555134128622,3.3689982891082764
Mrps14,1.109142780303955,1.201022982597351,-0.19358032941818237,0.002475169856574516,-3.5320277214050293,-0.19358032941818237,6.690388340811116e-05,-4.548193454742432,-0.19358032941818237,2.334599513950468e-08,-5.999538898468018
Cacybp,0.7757132053375244,1.0643888711929321,-0.6961446404457092,4.335302225112946e-28,-11.418620109558105,-0.6961446404457092,5.712797697881977e-26,-11.60400676727295,-0.6961446404457092,4.6036736382367076e-54,-16.32017707824707
Rabgap1l,0.4111158549785614,0.3289647698402405,0.38451769948005676,0.01830444057330765,2.8584845066070557,0.38451769948005676,0.001161073913860177,3.810514450073242,0.38451769948005676,2.5059604836993876e-06,5.122801780700684
Gpr52,0.00166453723795712,0.0013107666745781898,0.3449653089046478,0.9979940091511154,0.05281120538711548,0.3449653089046478,0.9354880963754598,0.27653950452804565,0.3449653089046478,0.8676962286927329,0.3442254364490509
Rc3h1,0.24356187880039215,0.22577396035194397,0.12274177372455597,0.8411123158524816,-0.7101459503173828,0.12274177372455597,0.48903902073377326,1.1458821296691895,0.12274177372455597,0.24623485118144123,1.4973615407943726
Serpinc1,0.005572333000600338,0.006962496321648359,-0.32232704758644104,0.9979940091511154,-0.2912186086177826,-0.32232704758644104,0.82004052817376,-0.4800857901573181,-0.32232704758644104,0.6638368810212436,-0.6595888733863831
Zbtb37,0.04864680394530296,0.03660754859447479,0.41895005106925964,0.9714892571601285,-0.5439643263816833,0.41895005106925964,0.3183635174412611,1.520201325416565,0.41895005106925964,0.1039570680744594,2.0176186561584473
Dars2,0.11338556557893753,0.10447937995195389,0.12455978989601135,0.27848645143536027,-1.5757865905761719,0.12455978989601135,0.5976811394955375,0.8583863973617554,0.12455978989601135,0.4183085563199253,1.1168354749679565
Cenpl,0.4591127932071686,0.26496651768684387,0.9415164589881897,3.720757324837044e-16,8.611610412597656,0.9415164589881897,4.360122255755355e-22,10.464624404907227,0.9415164589881897,3.3275158304774683e-38,13.58731746673584
Klhl20,0.09140385687351227,0.07207553088665009,0.3568781018257141,0.6158311997932013,-1.0037691593170166,0.3568781018257141,0.13727124510580235,2.047247886657715,0.3568781018257141,0.028119937565719788,2.6064035892486572
Prdx6,0.8812159299850464,0.9539834260940552,-0.17487645149230957,0.06561773536467645,-2.333489418029785,-0.17487645149230957,0.007879881402536705,-3.2246971130371094,-0.17487645149230957,0.00011936809757064702,-4.264251232147217
Tnfsf4,0.0019316201796755195,0.001209141337312758,0.676349401473999,0.9979940091511154,0.05281120538711548,0.676349401473999,0.7774122676428259,0.5516470670700073,0.676349401473999,0.6673640196310691,0.6539351344108582
Fasl,0.2590729296207428,0.21320630609989166,0.3154947757720947,0.9488314028309542,0.5727299451828003,0.3154947757720947,0.03534975256216915,2.676786422729492,0.3154947757720947,0.0018609162679611377,3.533297061920166
Suco,0.36273300647735596,0.29831913113594055,0.3310713469982147,0.058684974299386815,2.3854990005493164,0.3310713469982147,0.002391900471621348,3.603524923324585,0.3310713469982147,1.744309773190228e-05,4.71287727355957
4930558K02Rik,0.0021219193004071712,0.001493173884227872,0.5074410438537598,0.9979940091511154,0.10820508748292923,0.5074410438537598,0.8341524073520655,0.456180602312088,0.5074410438537598,0.7097681778509456,0.5888972878456116
Pigc,0.057137902826070786,0.05119359865784645,0.1628112941980362,0.568160121222119,-1.069849967956543,0.1628112941980362,0.6633372032070818,0.7476741075515747,0.1628112941980362,0.4639452573467868,0.995686411857605
Dnm3,0.019898919388651848,0.01370005588978529,0.542992353439331,0.9979940091511154,-0.1597694754600525,0.542992353439331,0.37478548368462805,1.3716557025909424,0.542992353439331,0.17928202659863599,1.6906639337539673
Eef1aknmt,0.019857116043567657,0.043244797736406326,-1.1398297548294067,0.01886200398565223,-2.8474411964416504,-1.1398297548294067,0.004259211625602371,-3.4353370666503906,-1.1398297548294067,1.5034847629060873e-06,-5.225208759307861
Vamp4,0.31228142976760864,0.26055094599723816,0.3003758490085602,0.14657780158400477,1.9451979398727417,0.3003758490085602,0.007614490544530184,3.235182762145996,0.3003758490085602,0.00014543084276626568,4.215679168701172
Prrc2c,1.4059542417526245,1.4635475873947144,-0.10907398909330368,0.18166775535599042,-1.8259496688842773,-0.10907398909330368,0.05457184443036381,-2.4958105087280273,-0.10907398909330368,0.003250740758467707,-3.3643598556518555
Gorab,0.030411066487431526,0.03057781420648098,-0.00800982303917408,0.4145596334118056,-1.3116415739059448,-0.00800982303917408,1.0,-0.029626253992319107,-0.00800982303917408,1.0,-0.03905702382326126
Kifap3,0.010619821026921272,0.02066548727452755,-0.9677290916442871,0.31211313481063,-1.5051639080047607,-0.9677290916442871,0.07103711518558979,-2.3803272247314453,-0.9677290916442871,0.002118242769735778,-3.4939146041870117
Scyl3,0.10730109363794327,0.10102269798517227,0.09159301966428757,0.22993822482011794,-1.6922740936279297,0.09159301966428757,0.7419155333448644,0.6138947010040283,0.09159301966428757,0.5752856773013985,0.8035571575164795
BC055324,0.06117036193609238,0.07765393704175949,-0.3562541604042053,0.0012770547471370659,-3.7272422313690186,-0.3562541604042053,0.15864677977437475,-1.966489315032959,-0.3562541604042053,0.027200357334391988,-2.6198630332946777
Mettl18,0.030536066740751266,0.032189395278692245,-0.07727036625146866,0.301202330282333,-1.5269830226898193,-0.07727036625146866,0.9334644841030015,-0.2797924876213074,-0.07727036625146866,0.8518058085242433,-0.36836469173431396
Sell,0.03174677491188049,0.08417444676160812,-1.4449561834335327,0.20970923467907276,-1.747044563293457,-1.4449561834335327,0.017688188088958282,-2.9485599994659424,-1.4449561834335327,1.6689644963596367e-05,-4.724945068359375
Selp,0.00044235558016225696,0.002554511185735464,-2.531290054321289,0.9979940091511154,0.05503764748573303,-2.531290054321289,0.6244779434524431,-0.8147086501121521,-2.531290054321289,0.286083908820055,-1.3918429613113403
F5,0.0,0.0,0.0,0.9979940091511154,0.11319231241941452,0.0,1.0,0.0,0.0,1.0,0.0
Slc19a2,0.017948370426893234,0.015301909297704697,0.23205570876598358,0.9134151185878719,-0.6182384490966797,0.23205570876598358,0.7470095439237665,0.6050689220428467,0.23205570876598358,0.602418104327686,0.7581700086593628
Ccdc181,0.035433631390333176,0.039524175226688385,-0.16058504581451416,0.2719147580626956,-1.5907483100891113,-0.16058504581451416,0.7392523102731596,-0.6184853911399841,-0.16058504581451416,0.5545153792669808,-0.8384732007980347
Blzf1,0.07663833349943161,0.10031528770923615,-0.40573471784591675,0.0008943198609193556,-3.8280553817749023,-0.40573471784591675,0.0633357933014797,-2.4294233322143555,-0.40573471784591675,0.0035350034096769912,-3.338012933731079
Nme7,0.07663369178771973,0.08720152080059052,-0.1941014677286148,0.005538880879640071,-3.2753634452819824,-0.1941014677286148,0.45641834996471053,-1.2073901891708374,-0.1941014677286148,0.2105164430283273,-1.5953764915466309
Atp1b1,0.011176890693604946,0.030553190037608147,-1.4648295640945435,0.3535352744974752,-1.4222512245178223,-1.4648295640945435,0.11470768847667868,-2.1444473266601562,-1.4648295640945435,0.002271789410131518,-3.474698066711426
Xcl1,0.08408444374799728,0.13722091913223267,-0.7456261515617371,0.08677233919921194,-2.2050681114196777,-0.7456261515617371,0.11044094515689862,-2.16382098197937,-0.7456261515617371,0.0027855256231800922,-3.412290573120117
Tbx19,0.0007146031712181866,0.0,19.44729995727539,0.9979940091511154,0.16822996735572815,19.44729995727539,0.37576020739670546,1.3690738677978516,19.44729995727539,0.29493765952504486,1.3690738677978516
Sft2d2,0.13386251032352448,0.15631096065044403,-0.24025145173072815,0.008611817210345082,-3.1277058124542236,-0.24025145173072815,0.20410091332049982,-1.820003628730774,-0.24025145173072815,0.03724587031311661,-2.4917995929718018
Tiprl,0.573291540145874,0.5593302845954895,0.04658485949039459,0.38550115218469116,1.3617810010910034,0.04658485949039459,0.6811309869630425,0.7178382873535156,0.04658485949039459,0.4838602315618575,0.9594407081604004
Gpr161,0.0,0.0,0.0,0.9979940091511154,0.11319231241941452,0.0,1.0,0.0,0.0,1.0,0.0
Dcaf6,0.031482942402362823,0.02371329255402088,0.4145047664642334,0.9979940091511154,-0.21409466862678528,0.4145047664642334,0.39474160528369134,1.3298907279968262,0.4145047664642334,0.16473298241340942,1.7430665493011475
Mpc2,0.7566506266593933,0.7693978548049927,-0.034455981105566025,0.9979940091511154,-0.18835699558258057,-0.034455981105566025,0.7337143367150928,-0.6286205053329468,-0.034455981105566025,0.5466040913348728,-0.8514437079429626
Adcy10,0.0,0.0005434431368485093,-19.05216407775879,0.9979940091511154,0.027607882395386696,-19.05216407775879,0.5196272646011879,-1.0,-19.05216407775879,0.16021537352752957,-1.759765386581421
Mpzl1,0.0007825763896107674,0.0013832782860845327,-0.8222204446792603,0.9984208920935209,-0.0025826727505773306,-0.8222204446792603,0.7879690588688645,-0.5349575877189636,-0.8222204446792603,0.5981541180131736,-0.7660181522369385
Rcsd1,0.4764045774936676,0.5045512318611145,-0.10477045923471451,0.42581786314757003,-1.2916926145553589,-0.10477045923471451,0.3615901442907078,-1.4223183393478394,-0.10477045923471451,0.13100143565431452,-1.8963416814804077
Creg1,0.13038557767868042,0.16717565059661865,-0.38577672839164734,0.0032273910900546955,-3.4479572772979736,-0.38577672839164734,0.04119318203438595,-2.616959571838379,-0.38577672839164734,0.0007321738309836103,-3.794802665710449
Cd247,0.8863083124160767,0.81805419921875,0.17175666987895966,0.01902873482768189,2.843611717224121,0.17175666987895966,0.008218089647737877,3.209566831588745,0.17175666987895966,0.00012074500267173047,4.261407375335693
Pou2f1,0.16569405794143677,0.10885544121265411,0.6480463743209839,0.6915926229643388,0.9029558300971985,0.6480463743209839,6.380184941397313e-05,4.552873611450195,0.6480463743209839,1.7403290741192122e-07,5.641995429992676
Tada1,0.20706036686897278,0.19359266757965088,0.10706625133752823,0.8009612514783613,-0.760463535785675,0.10706625133752823,0.5204040481984982,0.9976544976234436,0.10706625133752823,0.3252282314655519,1.302094578742981
Pogk,0.11350821703672409,0.09156398475170135,0.32604464888572693,0.9979940091511154,-0.4602501094341278,0.32604464888572693,0.21698200131348402,1.783445119857788,0.32604464888572693,0.04805068717629567,2.378620147705078
Fam78b,0.018722785636782646,0.022207794710993767,-0.24879370629787445,0.7838937078739785,-0.7824608087539673,-0.24879370629787445,0.7388739763267813,-0.619726836681366,-0.24879370629787445,0.537026349262481,-0.8671308755874634
Uck2,0.3368507921695709,0.5016747117042542,-0.7018207311630249,2.56598066109606e-14,-8.08590316772461,-0.7018207311630249,3.474457648793063e-16,-8.886184692382812,-0.7018207311630249,2.3352520630075444e-31,-12.207624435424805
Tmco1,0.6443744897842407,0.7558590173721313,-0.3199445307254791,1.8359050342755912e-05,-4.793440818786621,-0.3199445307254791,1.5203171646266992e-06,-5.375736236572266,-0.3199445307254791,1.1101149975209131e-11,-7.213785171508789
Aldh9a1,0.2259744554758072,0.30770960450172424,-0.5069882273674011,7.698894849471879e-07,-5.443650722503662,-0.5069882273674011,1.7449440067984929e-06,-5.3519744873046875,-0.5069882273674011,6.082118729643174e-12,-7.298263072967529
Mgst3,0.09780243039131165,0.13632720708847046,-0.507463276386261,4.398209872834509e-05,-4.592526435852051,-0.507463276386261,0.005854794254797394,-3.3258676528930664,-0.507463276386261,2.7376922035215258e-05,-4.609861373901367
Pbx1,0.00042202987242490053,0.0,18.687294006347656,0.9979940091511154,0.14071114361286163,18.687294006347656,0.5196272646011879,1.0,18.687294006347656,0.46147875269036936,1.0
Nuf2,0.6198163628578186,0.44922780990600586,0.5983564853668213,4.756710516029319e-12,7.391787528991699,0.5983564853668213,3.4857234923984167e-15,8.540912628173828,0.5983564853668213,5.975589556088836e-27,11.27822208404541
Hsd17b7,0.03666607290506363,0.04443928599357605,-0.2830350399017334,0.11920542730825193,-2.050107955932617,-0.2830350399017334,0.5196272646011879,-1.0200709104537964,-0.2830350399017334,0.2725930564111878,-1.4325213432312012
Uap1,0.18654178082942963,0.271322637796402,-0.6039984822273254,2.805263040082625e-09,-6.435664176940918,-0.6039984822273254,1.7931376003258408e-07,-5.79417610168457,-0.6039984822273254,7.865640816462373e-14,-7.898346424102783
Uhmk1,0.21216075122356415,0.24738448858261108,-0.2479780912399292,0.017991179583415427,-2.864896535873413,-0.2479780912399292,0.06925381721631926,-2.3899083137512207,-0.2479780912399292,0.0043405364756194205,-3.272214651107788
Sh2d1b1,0.00036112964153289795,0.005845640320330858,-4.020726680755615,0.9979940091511154,-0.11613121628761292,-4.020726680755615,0.368683779400525,-1.3868505954742432,-4.020726680755615,0.043829097932834384,-2.419471263885498
Gm7694,0.0,0.0014348039403557777,-20.453458786010742,0.9979940091511154,0.027607882395386696,-20.453458786010742,0.5196272646011879,-1.0,-20.453458786010742,0.16021537352752957,-1.759765386581421
Nos1ap,0.0006108000525273383,0.0,19.220783233642578,0.9979940091511154,0.14071114361286163,19.220783233642578,0.5196272646011879,1.0,19.220783233642578,0.46147875269036936,1.0
Atf6,0.23962844908237457,0.23607560992240906,0.02421462908387184,0.5917913943292942,-1.0360970497131348,0.02421462908387184,0.9649756143141193,0.2207634299993515,0.02421462908387184,0.8966428147583138,0.29696136713027954
Dusp12,0.07952029258012772,0.09452085942029953,-0.26028740406036377,0.007871580951095209,-3.1579854488372803,-0.26028740406036377,0.31023456548294975,-1.539555311203003,-0.26028740406036377,0.08906971359453356,-2.0949151515960693
Gm26620,0.005464722402393818,0.0034934075083583593,0.6469361782073975,0.9979940091511154,0.07658960670232773,0.6469361782073975,0.5196272646011879,1.0050907135009766,0.6469361782073975,0.34784327797374065,1.2543939352035522
Fcrla,0.0012087122304365039,0.006498886737972498,-2.430539131164551,0.9984208920935209,-0.003295134287327528,-2.430539131164551,0.5077434553318962,-1.111600637435913,-2.430539131164551,0.13364599341394193,-1.8866652250289917
Fcgr2b,0.027316121384501457,0.024910124018788338,0.13476338982582092,0.9979940091511154,-0.23635908961296082,0.13476338982582092,0.9341571857716723,0.2786960005760193,0.13476338982582092,0.8398728191767443,0.3873327970504761
Fcgr4,0.003194773104041815,0.012212185189127922,-1.9410487413406372,0.9979940091511154,-0.12218713760375977,-1.9410487413406372,0.4381776676887191,-1.241763710975647,-1.9410487413406372,0.08506197761131433,-2.1184520721435547
Fcgr3,0.0032398293260484934,0.01997697353363037,-2.636444568634033,0.9979940091511154,-0.26931044459342957,-2.636444568634033,0.1506500565859469,-2.0011754035949707,-2.636444568634033,0.0024803983206716177,-3.4503068923950195
Cfap126,0.006275090854614973,0.008503132499754429,-0.43996691703796387,0.9979940091511154,-0.3484826982021332,-0.43996691703796387,0.6589176436133178,-0.7552793622016907,-0.43996691703796387,0.431905273149424,-1.091501235961914
Sdhc,0.4512959122657776,0.5039968490600586,-0.200371652841568,0.024688343965785477,-2.7426204681396484,-0.200371652841568,0.022990347157163193,-2.8433279991149902,-0.200371652841568,0.0006430686657891059,-3.8305466175079346
Mpz,0.0,0.0,0.0,0.9979940091511154,0.11319231241941452,0.0,1.0,0.0,0.0,1.0,0.0
Pcp4l1,0.0,0.0,0.0,0.9979940091511154,0.11319231241941452,0.0,1.0,0.0,0.0,1.0,0.0
Nr1i3,0.0,0.0,0.0,0.9979940091511154,0.11319231241941452,0.0,1.0,0.0,0.0,1.0,0.0
Tomm40l,0.06341471523046494,0.0738690197467804,-0.22777926921844482,0.018903697690027532,-2.846550703048706,-0.22777926921844482,0.42656641073011387,-1.263569712638855,-0.22777926921844482,0.17795705493776023,-1.6955771446228027
Apoa2,0.019863387569785118,0.019131988286972046,0.05465424805879593,0.7163314317129732,-0.8704497814178467,0.05465424805879593,0.9940736435634384,0.16462743282318115,0.05465424805879593,0.9473302316366806,0.21493136882781982
Fcer1g,0.10818182677030563,0.16712479293346405,-0.6709609627723694,0.20813664435840995,-1.7508740425109863,-0.6709609627723694,0.16222782499051236,-1.956655502319336,-0.6709609627723694,0.00719469968265143,-3.1069350242614746
Ndufs2,0.7497475147247314,0.8588906526565552,-0.28524118661880493,0.0007267733035371973,-3.883983612060547,-0.28524118661880493,7.61277913753383e-07,-5.506227016448975,-0.28524118661880493,1.1544525011684346e-11,-7.209877014160156
B4galt3,0.05633453652262688,0.05359954759478569,0.07378971576690674,0.21644229455538164,-1.7277190685272217,0.07378971576690674,0.8845367574837358,0.36830371618270874,0.07378971576690674,0.7837461801414539,0.4749082028865814
Ppox,0.0664246454834938,0.05610762536525726,0.25103989243507385,0.3576916062402064,-1.4142359495162964,0.25103989243507385,0.41422196099058883,1.2875194549560547,0.25103989243507385,0.19710593789612965,1.6359121799468994
Usp21,0.046505406498909,0.02522893436253071,0.8977586030960083,0.995521601916441,0.5138628482818604,0.8977586030960083,0.002453516008549,3.591183662414551,0.8977586030960083,7.548585052856694e-05,4.376700401306152
Ufc1,0.859943151473999,0.9004595279693604,-0.099879689514637,0.5827473956210516,-1.0499900579452515,-0.099879689514637,0.1520788393355974,-1.9918098449707031,-0.099879689514637,0.024423884680858952,-2.6623058319091797
Dedd,0.11674107611179352,0.10669629275798798,0.13718292117118835,0.5404046057135686,-1.1141116619110107,0.13718292117118835,0.5541252494561005,0.9368655681610107,0.13718292117118835,0.3572199478183015,1.2344709634780884
Nit1,0.1899898201227188,0.19497430324554443,-0.041072551161050797,0.189213295718007,-1.8041305541992188,-0.041072551161050797,0.8897349762694586,-0.3594566881656647,-0.041072551161050797,0.7814067291379881,-0.4787142276763916
Pfdn2,0.7170347571372986,0.7020806074142456,0.042458612471818924,0.18416433898292559,1.8183797597885132,0.042458612471818924,0.6277045070006062,0.8091942667961121,0.042458612471818924,0.44823204534450267,1.0620226860046387
Klhdc9,0.0005029658204875886,0.0012780952965840697,-1.3460205793380737,0.9984208920935209,-0.0025826727505773306,-1.3460205793380737,0.6334258499495911,-0.7989934086799622,-1.3460205793380737,0.3539325675847676,-1.2413157224655151
Nectin4,0.0005399768706411123,0.0011939005926251411,-1.1451835632324219,0.9984208920935209,-0.0025826727505773306,-1.1451835632324219,0.6890807385929621,-0.7043794989585876,-1.1451835632324219,0.44802370865560714,-1.0626437664031982
Arhgap30,0.8910672068595886,0.8602964282035828,0.07609538733959198,0.1969423809320743,1.7818660736083984,0.07609538733959198,0.3709041905461278,1.3798563480377197,0.07609538733959198,0.1425363389386263,1.851494312286377
Usf1,0.19910582900047302,0.1737692952156067,0.21520651876926422,0.9979940091511154,-0.10936283320188522,0.21520651876926422,0.1692453484561392,1.9296289682388306,0.21520651876926422,0.03632873658064555,2.502685546875
Tstd1,0.005997552070766687,0.004361643921583891,0.4606827199459076,0.9979940091511154,-0.12040598690509796,0.4606827199459076,0.7239143487481277,0.6441855430603027,0.4606827199459076,0.6001602215786647,0.7623715400695801
F11r,0.0005858216318301857,0.003671205136924982,-2.649944543838501,0.9979940091511154,-0.08834522217512131,-2.649944543838501,0.484592407171768,-1.1554464101791382,-2.649944543838501,0.11111724277562393,-1.9828741550445557
Alyref2,0.11815085262060165,0.10810555517673492,0.13557203114032745,0.33173529488171344,-1.4658894538879395,0.13557203114032745,0.5657053301903616,0.9145034551620483,0.13557203114032745,0.37916184005015463,1.1899845600128174
Cd244a,0.041526082903146744,0.04197512939572334,-0.015842825174331665,0.23081825903383282,-1.6899585723876953,-0.015842825174331665,1.0,-0.06014280021190643,-0.015842825174331665,1.0,-0.07925200462341309
Ly9,0.3893304169178009,0.4071463346481323,-0.07825436443090439,0.5419842081671006,-1.1113507747650146,-0.07825436443090439,0.5404618952054995,-0.9626033902168274,-0.07825436443090439,0.3348172654207742,-1.2817740440368652
Slamf7,0.6572263240814209,0.567788302898407,0.28209778666496277,0.0031779082931177515,3.4527664184570312,0.28209778666496277,0.00043047573994165535,4.077526092529297,0.28209778666496277,8.289094017899607e-07,5.342416286468506
Cd48,2.140310525894165,2.105936050415039,0.0563325397670269,0.087070760589035,2.203554153442383,0.0563325397670269,0.3476438563330046,1.453417420387268,0.0563325397670269,0.10424443841723927,2.0158987045288086
Slamf1,0.2094407081604004,0.16743525862693787,0.3541902005672455,0.9979940091511154,0.22264420986175537,0.3541902005672455,0.026180977940779344,2.7928123474121094,0.3541902005672455,0.0014304998122109253,3.6095662117004395
Cd84,0.2877125144004822,0.25873905420303345,0.17498038709163666,0.7775351198423884,0.7901197671890259,0.17498038709163666,0.29435563907515466,1.5784673690795898,0.17498038709163666,0.0769690978726747,2.1654536724090576
Gm10521,0.005410273093730211,0.008898747153580189,-0.7204200029373169,0.9979940091511154,-0.29139673709869385,-0.7204200029373169,0.630446318914481,-0.8044666051864624,-0.7204200029373169,0.3488015322750745,-1.251708745956421
Slamf6,0.5565217137336731,0.560160756111145,-0.012270990759134293,0.6063805107918355,-1.0157028436660767,-0.012270990759134293,1.0,-0.14684268832206726,-0.012270990759134293,0.9594627209587421,-0.1949068009853363
Vangl2,0.001284472062252462,0.0006309385062195361,1.0260744094848633,0.9979940091511154,0.13803941011428833,1.0260744094848633,0.6817730662679663,0.7167285084724426,1.0260744094848633,0.5340468032493343,0.8718465566635132
Ncstn,0.18215686082839966,0.17712469398975372,0.044154610484838486,0.38034031831261106,-1.3720226287841797,0.044154610484838486,0.8702923538689701,0.3934411406517029,0.044154610484838486,0.7556508821352907,0.5169893503189087
Copa,0.6044429540634155,0.654579222202301,-0.15489685535430908,0.2203247396398654,-1.7172101736068726,-0.15489685535430908,0.055382443863484405,-2.488917112350464,-0.15489685535430908,0.0038522039883712705,-3.310445547103882
Pex19,0.1302778124809265,0.1282445341348648,0.02419215627014637,0.048552842810987235,-2.4659180641174316,0.02419215627014637,0.9889083698314167,0.17514939606189728,0.02419215627014637,0.9397833776078449,0.22859549522399902
Dcaf8,0.2745566666126251,0.3074142336845398,-0.1879294216632843,0.03275143400757743,-2.629517078399658,-0.1879294216632843,0.20856970782694798,-1.8083237409591675,-0.1879294216632843,0.037941588199077406,-2.480703115463257
Pea15a,0.11309981346130371,0.11788974702358246,-0.06336340308189392,0.05495629481533506,-2.41328501701355,-0.06336340308189392,0.861830848730804,-0.40811604261398315,-0.06336340308189392,0.7338345761745313,-0.5511874556541443
Casq1,0.0,0.0,0.0,0.9979940091511154,0.11319231241941452,0.0,1.0,0.0,0.0,1.0,0.0
Igsf8,0.09251154214143753,0.12227492779493332,-0.42427733540534973,0.0002851398922480806,-4.136996746063232,-0.42427733540534973,0.025242903075053568,-2.8087124824523926,-0.42427733540534973,0.0005638217915187315,-3.8661417961120605
Atp1a2,0.006930820178240538,0.00619890633970499,0.16154085099697113,0.9979940091511154,-0.06768383830785751,0.16154085099697113,0.9374782979034271,0.27305057644844055,0.16154085099697113,0.8508365288890106,0.3699222505092621
Kcnj10,0.0006503897602669895,0.0,19.311416625976562,0.9979940091511154,0.14071114361286163,19.311416625976562,0.5196272646011879,1.0,19.311416625976562,0.46147875269036936,1.0
Pigm,0.13707591593265533,0.1286020278930664,0.09830967336893082,0.35695168317911047,-1.4160171747207642,0.09830967336893082,0.7085413412592164,0.6696832180023193,0.09830967336893082,0.5174673306734496,0.9013888239860535
Slamf9,0.0,0.001478514983318746,-20.496784210205078,0.9979940091511154,0.027607882395386696,-20.496784210205078,0.5196272646011879,-1.0,-20.496784210205078,0.16021537352752957,-1.759765386581421
Igsf9,0.00025577066116966307,0.0,17.96468162536621,0.9979940091511154,0.14071114361286163,17.96468162536621,0.5196272646011879,1.0,17.96468162536621,0.46147875269036936,1.0
Tagln2,2.2205865383148193,2.362710952758789,-0.22812993824481964,2.433249667148765e-12,-7.483695030212402,-0.22812993824481964,3.8905512287418115e-05,-4.695187568664551,-0.22812993824481964,7.938407804239721e-11,-6.91938591003418
Cfap45,0.0022262476850301027,0.001807785825803876,0.30069205164909363,0.9981009014843685,0.02315499819815159,0.30069205164909363,0.9221124763357342,0.29928943514823914,0.30069205164909363,0.844603226935717,0.37983250617980957
Slamf8,0.0004090973816346377,0.01168711669743061,-4.844470977783203,0.9979940091511154,-0.37297356128692627,-4.844470977783203,0.1103085107556316,-2.166720390319824,-4.844470977783203,0.0007688003943526975,-3.788463830947876
Fcrl6,0.0,0.0,0.0,0.9979940091511154,0.11319231241941452,0.0,1.0,0.0,0.0,1.0,0.0
Dusp23,0.013164399191737175,0.026755129918456078,-1.0330098867416382,0.09495560191591457,-2.162142515182495,-1.0330098867416382,0.02977246110509051,-2.7470905780792236,-1.0330098867416382,0.00037836474074142015,-3.9699690341949463
Ackr1,0.0037123123183846474,0.0012760709505528212,1.5423669815063477,0.9979940091511154,0.1359020173549652,1.5423669815063477,0.3629349905601629,1.4016214609146118,1.5423669815063477,0.2271439227615791,1.5497539043426514
Cadm3,0.004280763678252697,0.0017023261170834303,1.3322210311889648,0.9979940091511154,0.10651298612356186,1.3322210311889648,0.3581342524741204,1.4296406507492065,1.3322210311889648,0.2094864657662107,1.5985634326934814
Aim2,0.08182720094919205,0.10807343572378159,-0.4205915927886963,0.001669279858370682,-3.648871421813965,-0.4205915927886963,0.11117749358823513,-2.157980442047119,-0.4205915927886963,0.009013820330592578,-3.0289688110351562
Ifi206,0.5590197443962097,0.3805558383464813,0.6935672163963318,3.6183074187658996e-09,6.393807411193848,0.6935672163963318,5.196290523321519e-12,7.524913787841797,0.6935672163963318,1.4814347685328047e-21,10.015972137451172
Ifi214,0.3028082549571991,0.17807680368423462,0.8594815731048584,0.00028922548453280797,4.133345127105713,0.8594815731048584,2.575763411159246e-09,6.5307087898254395,0.8594815731048584,8.646564377873015e-16,8.48326301574707
Ifi213,0.24290470778942108,0.162240669131279,0.6424048542976379,0.016291389102287772,2.9008758068084717,0.6424048542976379,0.0004647152559740799,4.062376499176025,0.6424048542976379,2.910614554436527e-07,5.541188716888428
Ifi209,0.6405381560325623,0.5236997604370117,0.3829564154148102,0.002949537433715887,3.475921392440796,0.3829564154148102,0.0002743316456078508,4.197314262390137,0.3829564154148102,1.7356166904505235e-07,5.6381402015686035
Ifi208,0.21618324518203735,0.15368805825710297,0.5387191772460938,0.10976589693662354,2.0907180309295654,0.5387191772460938,0.005089047699329546,3.3694074153900146,0.5387191772460938,2.5555324211873726e-05,4.626015663146973
Ifi207,0.0009884536266326904,0.010178850032389164,-3.370891809463501,0.9979940091511154,-0.259870320558548,-3.370891809463501,0.24084298652093547,-1.7188447713851929,-3.370891809463501,0.010753460004441601,-2.9702415466308594
Ifi204,0.03414515033364296,0.039154864847660065,-0.20114703476428986,0.7667795159300557,-0.8049033284187317,-0.20114703476428986,0.8175552391279598,-0.48513081669807434,-0.20114703476428986,0.6207785441905589,-0.7279872298240662
Mndal,1.2352362871170044,1.1088117361068726,0.26438653469085693,7.721803906975698e-07,5.442760467529297,0.26438653469085693,1.799692368723586e-05,4.8566203117370605,0.26438653469085693,2.6608196920878744e-10,6.73134183883667
Ifi211,0.051886461675167084,0.09637037664651871,-0.9257162809371948,3.4714200715293257e-06,-5.147266864776611,-0.9257162809371948,0.00033420253098020053,-4.160140514373779,-0.9257162809371948,7.576746941723704e-09,-6.1926045417785645
Ifi203,1.2073873281478882,1.0279459953308105,0.3851846158504486,4.8188566568509477e-11,7.062363147735596,0.3851846158504486,6.683574079839284e-10,6.774005889892578,0.3851846158504486,1.414388856629581e-18,9.246413230895996
Ifi205,0.0013010125840082765,0.011219884268939495,-3.1155123710632324,0.9979940091511154,-0.48839232325553894,-3.1155123710632324,0.14630962430529582,-2.018585443496704,-3.1155123710632324,0.002442495130542057,-3.454815626144409
Fh1,0.4250396192073822,0.5620924830436707,-0.5101721286773682,1.448551889478605e-09,-6.5425333976745605,-0.5101721286773682,1.2039126913895842e-10,-7.056836128234863,-0.5101721286773682,2.429193502161821e-20,-9.704764366149902
Kmo,0.001562377787195146,0.0036878238897770643,-1.2405598163604736,0.9979940091511154,-0.033307574689388275,-1.2405598163604736,0.6348699383552069,-0.7956610321998596,-1.2405598163604736,0.33624253516182706,-1.279083013534546
Opn3,0.005870575550943613,0.009021176025271416,-0.6220892071723938,0.8848259558055177,-0.6559988856315613,-0.6220892071723938,0.5196272646011879,-1.0567529201507568,-0.6220892071723938,0.25977311719191165,-1.4627078771591187
Chml,0.01708151586353779,0.02951003424823284,-0.7977699637413025,0.1849425832128175,-1.8159751892089844,-0.7977699637413025,0.15452527194956903,-1.9836139678955078,-0.7977699637413025,0.011122524573354033,-2.9559671878814697
Exo1,0.08737210184335709,0.13702893257141113,-0.6857254505157471,4.948909011754486e-07,-5.528433799743652,-0.6857254505157471,0.00012104793191687897,-4.412552356719971,-0.6857254505157471,7.552053662157646e-09,-6.1926188468933105
Gm38100,0.00029608403565362096,0.0,18.175865173339844,0.9979940091511154,0.14071114361286163,18.175865173339844,0.5196272646011879,1.0,18.175865173339844,0.46147875269036936,1.0
Rbm8a2,0.014731055125594139,0.0157981775701046,-0.10166905075311661,0.7204864614833332,-0.8646610379219055,-0.10166905075311661,0.9339833803689847,-0.2790301740169525,-0.10166905075311661,0.8518937751237039,-0.36818698048591614
Cep170,0.06027889624238014,0.08336528390645981,-0.4846462309360504,0.00584487513230637,-3.257551908493042,-0.4846462309360504,0.08173718997075416,-2.3090596199035645,-0.4846462309360504,0.004309114033328386,-3.274384021759033
Sdccag8,0.12796814739704132,0.12173067778348923,0.07668478786945343,0.32135362491554365,-1.4855711460113525,0.07668478786945343,0.784611905906489,0.539971113204956,0.07668478786945343,0.6279560417516477,0.7161972522735596
Akt3,0.03085351549088955,0.03386734798550606,-0.13664554059505463,0.6329464748020931,-0.97945636510849,-0.13664554059505463,0.8502907976819661,-0.42848849296569824,-0.13664554059505463,0.6931507673168215,-0.6143229603767395
Zbtb18,0.004165036138147116,0.008494113571941853,-1.0312604904174805,0.9979940091511154,-0.26574811339378357,-1.0312604904174805,0.48173912770312205,-1.1613340377807617,-1.0312604904174805,0.15127414053944188,-1.8193037509918213
Adss,0.6399108171463013,0.7134920954704285,-0.21604500710964203,0.014270021364922881,-2.9494123458862305,-0.21604500710964203,0.0031558037085633378,-3.51948618888855,-0.21604500710964203,2.2421837593394773e-05,-4.656359672546387
Catspere2,0.0,0.0006003959570080042,-19.19598960876465,0.9979940091511154,0.027607882395386696,-19.19598960876465,0.5196272646011879,-1.0,-19.19598960876465,0.16021537352752957,-1.759765386581421
Desi2,0.35599395632743835,0.506950855255127,-0.6266912817955017,9.836917394675271e-12,-7.290974140167236,-0.6266912817955017,7.723368699392972e-14,-8.148738861083984,-0.6266912817955017,3.284615676171793e-26,-11.104487419128418
Cox20,0.6856666803359985,0.6128997206687927,0.21998713910579681,0.0016013966093989629,3.660983085632324,0.21998713910579681,0.0030376850850105295,3.531909704208374,0.21998713910579681,1.944675315014294e-05,4.688292980194092
Hnrnpu,1.7603561878204346,1.8805632591247559,-0.20696933567523956,3.475778257174883e-07,-5.596741199493408,-0.20696933567523956,5.636554796397643e-07,-5.578948974609375,-0.20696933567523956,2.982506966639905e-13,-7.716379642486572
Efcab2,0.04008667171001434,0.05588214471936226,-0.49074986577033997,0.017396204179783697,-2.87656307220459,-0.49074986577033997,0.11797615140562326,-2.1266262531280518,-0.49074986577033997,0.01072506959779266,-2.968209981918335
Smyd3,0.06457784026861191,0.06722918152809143,-0.05998169258236885,0.2332617203296231,-1.683279275894165,-0.05998169258236885,0.9307318624993981,-0.2844218909740448,-0.05998169258236885,0.8329694805512879,-0.39759281277656555
Tfb2m,0.08307649195194244,0.11521796137094498,-0.4954216480255127,3.313904977523882e-05,-4.659319877624512,-0.4954216480255127,0.012165927686248303,-3.0762290954589844,-0.4954216480255127,0.00012691549901321382,-4.247800827026367
Cnst,0.05536957085132599,0.07488688826560974,-0.44985148310661316,0.034067750822256965,-2.6134867668151855,-0.44985148310661316,0.20992609606084922,-1.8046916723251343,-0.44985148310661316,0.02579251092868566,-2.6410932540893555
Sccpdh,0.0022186266724020243,0.008626924827694893,-1.9638056755065918,0.705976378597547,-0.883808434009552,-1.9638056755065918,0.03940951051535999,-2.637970209121704,-1.9638056755065918,0.0001930685771962086,-4.145507335662842
Ahctf1,0.23431707918643951,0.2913704514503479,-0.3573486804962158,0.0009355856680916319,-3.8154091835021973,-0.3573486804962158,0.005118500041818909,-3.3687546253204346,-0.3573486804962158,1.585738842904888e-05,-4.7329630851745605
Cdc42bpa,0.002503227209672332,0.007482015062123537,-1.583231806755066,0.9714892571601285,-0.5455673336982727,-1.583231806755066,0.193722343005072,-1.8505231142044067,-1.583231806755066,0.01424525670248595,-2.866776466369629
Coq8a,0.009705034084618092,0.015672989189624786,-0.695789098739624,0.8882406649272941,-0.6506554484367371,-0.695789098739624,0.4680381609463749,-1.184881329536438,-0.695789098739624,0.15129624207003425,-1.819104790687561
Psen2,0.22038212418556213,0.231282040476799,-0.07780419290065765,0.09940164788962894,-2.1405014991760254,-0.07780419290065765,0.7150758769686983,-0.6588921546936035,-0.07780419290065765,0.5215616137942534,-0.8942180871963501
Itpkb,0.7075397968292236,0.6220359802246094,0.2542751133441925,0.00020092715771781268,4.227211952209473,0.2542751133441925,0.008022251854694367,3.221463680267334,0.2542751133441925,4.4794956335452674e-05,4.497877597808838
Stum,0.0005144515307620168,0.0,18.97304916381836,0.9979940091511154,0.14071114361286163,18.97304916381836,0.5196272646011879,1.0,18.97304916381836,0.46147875269036936,1.0
Parp1,0.38002726435661316,0.5745574831962585,-0.7477909326553345,4.317933963380611e-16,-8.59228515625,-0.7477909326553345,3.420719575309506e-18,-9.480886459350586,-0.7477909326553345,8.263897126022971e-36,-13.096521377563477
Lin9,0.2525083124637604,0.2100408971309662,0.2974742352962494,0.9979940091511154,0.39443647861480713,0.2974742352962494,0.02427155024386227,2.821336030960083,0.2974742352962494,0.001466700714886032,3.602644920349121
Acbd3,0.32725003361701965,0.3540671169757843,-0.13407006859779358,0.12789831026189458,-2.014662981033325,-0.13407006859779358,0.30082668939702994,-1.5619016885757446,-0.13407006859779358,0.09315426994624122,-2.073301315307617
H3f3a,2.7291390895843506,2.607074022293091,0.189242884516716,7.099348419001602e-14,7.953385353088379,0.189242884516716,1.763978369416527e-16,8.915268898010254,0.189242884516716,4.082038268856913e-28,11.541228294372559
Sde2,0.30062219500541687,0.3471669852733612,-0.24306245148181915,0.013769675077764495,-2.9622366428375244,-0.24306245148181915,0.025193081566702837,-2.808903694152832,-0.24306245148181915,0.0008265261192955557,-3.762319803237915
Pycr2,0.3486729860305786,0.42989879846572876,-0.364506334066391,0.00014082624621204992,-4.315735340118408,-0.364506334066391,0.00013440835566033683,-4.381919860839844,-0.364506334066391,2.737450257450483e-08,-5.969807147979736
Lefty1,0.0003079210000578314,0.0,18.2324275970459,0.9979940091511154,0.14071114361286163,18.2324275970459,0.5196272646011879,1.0,18.2324275970459,0.46147875269036936,1.0
Tmem63a,0.048582591116428375,0.04493177309632301,0.11535762250423431,0.6275880990249866,-0.986581027507782,0.11535762250423431,0.8241751140677643,0.47261911630630493,0.11535762250423431,0.6801225683168923,0.6341894268989563
Ephx1,0.012175009585916996,0.005388122517615557,1.1809710264205933,0.9979940091511154,0.18969286978244781,1.1809710264205933,0.1030626412786394,2.1942193508148193,1.1809710264205933,0.031527683501969994,2.561891555786133
Nvl,0.2066587507724762,0.24628376960754395,-0.2827325761318207,0.003636705933281236,-3.4109983444213867,-0.2827325761318207,0.0367298663243075,-2.6618638038635254,-0.2827325761318207,0.0013375817013464933,-3.628150701522827
Cnih4,0.6013745665550232,0.7510015964508057,-0.44055628776550293,2.318228981750794e-08,-6.083530426025391,-0.44055628776550293,6.628750819101306e-09,-6.399501800537109,-0.44055628776550293,1.354530120536557e-17,-8.978099822998047
Wdr26,0.47451773285865784,0.46319520473480225,0.043645042926073074,0.7495861191140271,0.826455295085907,0.043645042926073074,0.7715374302452912,0.5634762048721313,0.043645042926073074,0.6007669874048984,0.7610319256782532
Dnah14,0.003569846274331212,0.001561315031722188,1.1945490837097168,0.9979940091511154,0.07872699201107025,1.1945490837097168,0.43581686356501564,1.2447742223739624,1.1945490837097168,0.28325075358582696,1.4006582498550415
Lbr,1.2981277704238892,1.2094910144805908,0.17899362742900848,0.00047929677702225035,3.9981555938720703,0.17899362742900848,0.0019179531445997233,3.6732897758483887,0.17899362742900848,1.9548073072457156e-06,5.171660900115967
Enah,0.0071653821505606174,0.005745159927755594,0.31972208619117737,0.9979940091511154,-0.038294803351163864,0.31972208619117737,0.8494529199852595,0.42980891466140747,0.31972208619117737,0.7132564856601699,0.5835760235786438
Srp9,1.4434340000152588,1.5254770517349243,-0.15306749939918518,1.2679513377606665e-05,-4.874750137329102,-0.15306749939918518,0.0009696402622523053,-3.8659136295318604,-0.15306749939918518,3.403366243543701e-07,-5.5103936195373535
Degs1,0.44987544417381287,0.4985850751399994,-0.1862172931432724,0.11169775531619693,-2.0820796489715576,-0.1862172931432724,0.04725733094858415,-2.558112382888794,-0.1862172931432724,0.002426223693857451,-3.4532053470611572
Fbxo28,0.17639169096946716,0.16811875998973846,0.075440913438797,0.5463366576806353,-1.103959083557129,0.075440913438797,0.7223023327856313,0.6481387615203857,0.075440913438797,0.5465529822014273,0.8515881299972534
Trp53bp2,0.05749884620308876,0.07440702617168427,-0.384236603975296,0.0181579766769099,-2.8616905212402344,-0.384236603975296,0.27809738053948885,-1.6159179210662842,-0.384236603975296,0.04809210819310369,-2.3781211376190186
Capn2,0.32157599925994873,0.3520364463329315,-0.15376874804496765,0.05901528822980113,-2.3826491832733154,-0.15376874804496765,0.2592742025965043,-1.6636484861373901,-0.15376874804496765,0.06834855024763013,-2.221320390701294
Susd4,0.0,0.0,0.0,0.9979940091511154,0.11319231241941452,0.0,1.0,0.0,0.0,1.0,0.0
Disp1,0.018937887623906136,0.01854039542376995,0.030891086906194687,0.6793641736019986,-0.9187190532684326,0.030891086906194687,1.0,0.07697316259145737,0.030891086906194687,1.0,0.1027565598487854
Brox,0.12499349564313889,0.10341591387987137,0.2892559766769409,0.9979940091511154,-0.4329984486103058,0.2892559766769409,0.17883337840043545,1.897143840789795,0.2892559766769409,0.034097491815306684,2.5288467407226562
Aida,0.2505183517932892,0.2713603377342224,-0.13098104298114777,0.0909829461319084,-2.1826257705688477,-0.13098104298114777,0.4052415240972192,-1.3068405389785767,-0.13098104298114777,0.16345677981795448,-1.747501015663147
Mia3,0.3438984453678131,0.3783135414123535,-0.16391581296920776,0.09123350663674518,-2.1812007427215576,-0.16391581296920776,0.1816657643245699,-1.887283444404602,-0.16391581296920776,0.03326846632268386,-2.538902521133423
Taf1a,0.0175770316272974,0.03644552081823349,-1.065722107887268,0.039488746952240396,-2.551858901977539,-1.065722107887268,0.009623771708096144,-3.163118839263916,-1.065722107887268,1.6832842968575132e-05,-4.719712257385254
Hhipl2,0.0005534506635740399,0.0,19.0784969329834,0.9979940091511154,0.14071114361286163,19.0784969329834,0.5196272646011879,1.0,19.0784969329834,0.46147875269036936,1.0
Dusp10,0.17853793501853943,0.18012358248233795,-0.013934485614299774,0.37871022375923863,-1.3748724460601807,-0.013934485614299774,1.0,-0.09807819873094559,-0.013934485614299774,0.9939089935070251,-0.13906757533550262
1700056E22Rik,0.04367966204881668,0.041982535272836685,0.058405403047800064,0.5026299188165533,-1.1703070402145386,0.058405403047800064,0.9620400955023055,0.2260388731956482,0.058405403047800064,0.8948736728679553,0.30023759603500366
Hlx,0.0046603078953921795,0.00551314651966095,-0.24306648969650269,0.9979940091511154,-0.31829217076301575,-0.24306648969650269,0.9133201977206119,-0.31641465425491333,-0.24306648969650269,0.8251289951120145,-0.41077736020088196
Marc1,0.0,0.0,0.0,0.9979940091511154,0.11319231241941452,0.0,1.0,0.0,0.0,1.0,0.0
Marc2,0.5950592160224915,0.6680960059165955,-0.22521613538265228,0.02636031455796597,-2.716081142425537,-0.22521613538265228,0.00634623233767406,-3.2992913722991943,-0.22521613538265228,2.6798222986154525e-05,-4.614626407623291
Rab3gap2,0.0659431517124176,0.06651367992162704,-0.012844338081777096,0.15563524402888831,-1.9129589796066284,-0.012844338081777096,1.0,-0.06860357522964478,-0.012844338081777096,1.0,-0.09087064117193222
Iars2,0.16513065993785858,0.18441873788833618,-0.1736956685781479,0.007732533876342356,-3.163774251937866,-0.1736956685781479,0.36167647049845647,-1.4168674945831299,-0.1736956685781479,0.12719300700103273,-1.912571907043457
Bpnt1,0.08473307639360428,0.12544579803943634,-0.5959494709968567,9.406366259726828e-06,-4.937803268432617,-0.5959494709968567,0.0006340562829528697,-3.980569362640381,-0.5959494709968567,2.382711857736474e-07,-5.578091621398926
Eprs,0.616862952709198,0.8222188353538513,-0.5803154706954956,2.216220128956083e-14,-8.10549545288086,-0.5803154706954956,8.69212383207786e-17,-9.057756423950195,-0.5803154706954956,4.734337905251641e-32,-12.350737571716309
Lyplal1,0.0,0.0,0.0,0.9979940091511154,0.11319231241941452,0.0,1.0,0.0,0.0,1.0,0.0
Tgfb2,0.0,0.0,0.0,0.9979940091511154,0.11319231241941452,0.0,1.0,0.0,0.0,1.0,0.0
Rrp15,0.09388777613639832,0.210795596241951,-1.2533067464828491,4.09004039127189e-18,-9.134112358093262,-1.2533067464828491,5.804599043081568e-16,-8.891637802124023,-1.2533067464828491,8.522647574485668e-36,-13.092247009277344
Spata17,0.0,0.0005180751322768629,-18.983179092407227,0.9979940091511154,0.027607882395386696,-18.983179092407227,0.5196272646011879,-1.0,-18.983179092407227,0.16021537352752957,-1.759765386581421
Gpatch2,0.0879085510969162,0.1100965216755867,-0.34096261858940125,0.0009146372805260624,-3.821465253829956,-0.34096261858940125,0.13875132177997287,-2.0428295135498047,-0.34096261858940125,0.016832409135230226,-2.803978443145752
Kctd3,0.03060690313577652,0.048070669174194336,-0.6639798283576965,0.047177645845261046,-2.478208065032959,-0.6639798283576965,0.13406074247141953,-2.061398983001709,-0.6639798283576965,0.007725179116222315,-3.082651376724243
Cenpf,1.5638731718063354,1.0924335718154907,0.930742621421814,2.625966499533066e-23,10.385817527770996,0.930742621421814,5.30336107565117e-24,11.185043334960938,0.930742621421814,2.1239266311334833e-54,16.376585006713867
Ptpn14,0.0018014697125181556,0.0005737842293456197,1.6514781713485718,0.9979940091511154,0.13803941011428833,1.6514781713485718,0.5196272646011879,1.0798189640045166,1.6514781713485718,0.38080075401786156,1.187009572982788
Smyd2,0.05452612787485123,0.08294308930635452,-0.6259073615074158,8.263550094020982e-05,-4.445225238800049,-0.6259073615074158,0.007379294573905958,-3.249263048171997,-0.6259073615074158,4.4243073218594e-05,-4.500894069671631
Rps6kc1,0.0069410549476742744,0.013334722258150578,-0.9465805888175964,0.5309486916654239,-1.128717064857483,-0.9465805888175964,0.17431139300589613,-1.9133857488632202,-0.9465805888175964,0.02087495806636573,-2.723320245742798
Angel2,0.3387107253074646,0.30320078134536743,0.18676318228244781,0.5104101917632037,1.158373236656189,0.18676318228244781,0.14700708768262058,2.0119857788085938,0.18676318228244781,0.023048794051228914,2.685060977935791
Vash2,0.0,0.0,0.0,0.9979940091511154,0.11319231241941452,0.0,1.0,0.0,0.0,1.0,0.0
Flvcr1,0.06011374294757843,0.06368082761764526,-0.08576387166976929,0.04320041853960513,-2.5147218704223633,-0.08576387166976929,0.8400699114676524,-0.44649738073349,-0.08576387166976929,0.7194176817199279,-0.5742905735969543
Spata45,0.0,0.0,0.0,0.9979940091511154,0.11319231241941452,0.0,1.0,0.0,0.0,1.0,0.0
Tatdn3,0.02589944563806057,0.03712200000882149,-0.5274913907051086,0.2142080417260164,-1.7344874143600464,-0.5274913907051086,0.2551699375024883,-1.6754581928253174,-0.5274913907051086,0.042549355194597474,-2.4309275150299072
Nsl1,0.10380887985229492,0.07153646647930145,0.5607991218566895,0.9979940091511154,0.04604282230138779,0.5607991218566895,0.00399078827052973,3.4423153400421143,0.5607991218566895,0.00013766968013115917,4.230940818786621
Batf3,0.0019545340910553932,0.008226200938224792,-2.0779287815093994,0.8599906071629163,-0.6868128180503845,-2.0779287815093994,0.08753086853137411,-2.280355453491211,-2.0779287815093994,0.0012997672561699664,-3.6375412940979004
Fam71a,0.0,0.0006188570987433195,-19.239694595336914,0.9979940091511154,0.027607882395386696,-19.239694595336914,0.5196272646011879,-1.0,-19.239694595336914,0.16021537352752957,-1.759765386581421
Atf3,0.008164049126207829,0.02513716369867325,-1.634742259979248,0.9979940091511154,0.06340906769037247,-1.634742259979248,0.4084619206050288,-1.3017555475234985,-1.634742259979248,0.06785221694533045,-2.225949287414551
Nenf,0.10808781534433365,0.13394153118133545,-0.3284250795841217,0.0004549099697669147,-4.011603355407715,-0.3284250795841217,0.0795536714432983,-2.322949171066284,-0.3284250795841217,0.006422891578061631,-3.143449544906616
Pacc1,0.017252590507268906,0.019690467044711113,-0.19244830310344696,0.4439436378956763,-1.2619473934173584,-0.19244830310344696,0.7682661723696231,-0.5693715810775757,-0.19244830310344696,0.6112848906604165,-0.7431273460388184
Ppp2r5a,0.8034489154815674,0.9085643887519836,-0.2638944983482361,0.00029913035559967285,-4.124706745147705,-0.2638944983482361,1.1035238730231488e-05,-4.957204341888428,-0.2638944983482361,6.871575937883397e-10,-6.585293769836426
Dtl,0.5288413763046265,0.6349538564682007,-0.3477422595024109,0.0002401011841160394,-4.181169033050537,-0.3477422595024109,0.000258422848666264,-4.215880870819092,-0.3477422595024109,8.24618089090105e-08,-5.774011135101318
Ints7,0.21822144091129303,0.3162393867969513,-0.6090742945671082,2.814028376131669e-09,-6.4349517822265625,-0.6090742945671082,1.9260681089414334e-08,-6.203212261199951,-0.6090742945671082,6.348518498401625e-16,-8.514910697937012
Lpgat1,0.19269129633903503,0.25030383467674255,-0.42048051953315735,3.0215416988101125e-06,-5.174607753753662,-0.42048051953315735,0.001280239847723162,-3.783106803894043,-0.42048051953315735,3.2250505323000555e-06,-5.072539806365967
Nek2,0.4308321177959442,0.34267425537109375,0.3979692757129669,0.004016349044628033,3.37929368019104,0.3979692757129669,0.00010036206744168505,4.451645851135254,0.3979692757129669,4.726918507202433e-08,5.875545024871826
Slc30a1,0.034241579473018646,0.03603238984942436,-0.07484453916549683,0.2738101074173357,-1.5863845348358154,-0.07484453916549683,0.925536443037044,-0.29341235756874084,-0.07484453916549683,0.8403465621065789,-0.3862215578556061
Rd3,0.002002009190618992,0.001164145884104073,0.7827807068824768,0.9979940091511154,0.08050814270973206,0.7827807068824768,0.7277652004834394,0.6374345421791077,0.7827807068824768,0.6087165354466384,0.7477433681488037
Traf5,0.22050616145133972,0.18962694704532623,0.2406902015209198,0.9979940091511154,0.24001045525074005,0.2406902015209198,0.11210024319593682,2.152383804321289,0.2406902015209198,0.01594737847160438,2.8248987197875977
Rcor3,0.0512305423617363,0.0473514050245285,0.11641841381788254,0.1477592666104714,-1.940566897392273,0.11641841381788254,0.7888715673637167,0.5331740975379944,0.11641841381788254,0.6521622248336896,0.6786642670631409
Hhat,0.013086169958114624,0.009194459766149521,0.5120187401771545,0.9979940091511154,-0.4785959720611572,0.5120187401771545,0.5196272646011879,1.0649199485778809,0.5120187401771545,0.34859805852504083,1.2526895999908447
Syt14,0.00193096196744591,0.0007174386992119253,1.4292665719985962,0.9979940091511154,0.16564728319644928,1.4292665719985962,0.5196272646011879,1.0718947649002075,1.4292665719985962,0.3470449863957243,1.2561994791030884
Utp25,0.027955511584877968,0.060068756341934204,-1.1268166303634644,0.0005237940049034578,-3.9736647605895996,-1.1268166303634644,0.00012924773607990783,-4.403753280639648,-1.1268166303634644,1.1767423483214617e-09,-6.497093677520752
Irf6,0.0024458079133182764,0.004310470074415207,-0.8188797831535339,0.9979940091511154,0.04969418793916702,-0.8188797831535339,0.7826648121632709,-0.5441285371780396,-0.8188797831535339,0.5244064883107199,-0.8889824151992798
A130010J15Rik,0.03538268059492111,0.036578185856342316,-0.04880763217806816,0.2520017681850192,-1.637414574623108,-0.04880763217806816,0.9854165142304541,-0.1822260171175003,-0.04880763217806816,0.9323180509906288,-0.2406216859817505
Traf3ip3,0.5233371257781982,0.5431190133094788,-0.0690595954656601,0.9979940091511154,0.04657716676592827,-0.0690595954656601,0.5657053301903616,-0.9146619439125061,-0.0690595954656601,0.34193996142675576,-1.2663453817367554
Lamb3,0.2347019761800766,0.17638805508613586,0.4555817246437073,0.2609275146580138,1.6167532205581665,0.4555817246437073,0.0013179751660387549,3.7733798027038574,0.4555817246437073,5.534023864138001e-06,4.9627685546875
Hsd11b1,0.7791730165481567,0.5610644221305847,0.6485480070114136,4.254917865234393e-12,7.4071946144104,0.6485480070114136,1.4945585530331836e-15,8.644319534301758,0.6485480070114136,5.9183932828031335e-27,11.283714294433594
G0s2,0.051220133900642395,0.05857272073626518,-0.19887009263038635,0.5616251738805091,-1.0806258916854858,-0.19887009263038635,0.7045145896153668,-0.6766682267189026,-0.19887009263038635,0.47722202068656233,-0.9717898368835449
Cd34,0.00029244404868222773,0.0029746792279183865,-3.3484325408935547,0.9979940091511154,0.05503764748573303,-3.3484325408935547,0.5761788897259924,-0.8973627686500549,-3.3484325408935547,0.22233717564746244,-1.5635346174240112
Cd46,0.00602041045203805,0.009406215511262417,-0.6461979746818542,0.9979940091511154,0.0699993371963501,-0.6461979746818542,0.7234401044307353,-0.6454903483390808,-0.6461979746818542,0.46147875269036936,-1.0262035131454468
Cr1l,0.5569974184036255,0.4889274835586548,0.24141241610050201,0.012049479159293655,3.011218309402466,0.24141241610050201,0.004203587662787088,3.4298384189605713,0.24141241610050201,4.484520976706481e-05,4.498376369476318
Cr2,0.0013895633164793253,0.0008420775993727148,0.7230008244514465,0.9979940091511154,0.11025340855121613,0.7230008244514465,0.8350834705909598,0.4546205997467041,0.7230008244514465,0.7314670673804935,0.5558449029922485
Fam171a1,0.00045722449431195855,0.0005029860767535865,-0.1376485526561737,0.9979940091511154,0.05521576479077339,-0.1376485526561737,1.0,-0.0673220083117485,-0.1376485526561737,1.0,-0.08486741036176682
Nmt2,0.18100960552692413,0.22256945073604584,-0.32917582988739014,0.0004921242858587605,-3.9906747341156006,-0.32917582988739014,0.021176886494380737,-2.8745415210723877,-0.32917582988739014,0.000459170648811268,-3.9196901321411133
Rpp38,0.01255287416279316,0.023547012358903885,-0.9154804348945618,0.5457748191300175,-1.1052058935165405,-0.9154804348945618,0.16766433827101077,-1.9368839263916016,-0.9154804348945618,0.009732782822326364,-3.002833127975464
Acbd7,0.004944973159581423,0.007264835759997368,-0.5566424131393433,0.9723185999251115,-0.5421831607818604,-0.5566424131393433,0.5664386449817506,-0.9133978486061096,-0.5566424131393433,0.357417606114697,-1.2340644598007202
Meig1,0.0,0.0007305237813852727,-19.479101181030273,0.9979940091511154,0.027607882395386696,-19.479101181030273,0.5196272646011879,-1.0,-19.479101181030273,0.16021537352752957,-1.759765386581421
Dclre1c,0.13308323919773102,0.1386858969926834,-0.06362536549568176,0.033539078019558036,-2.619631767272949,-0.06362536549568176,0.8260612632439747,-0.46878716349601746,-0.06362536549568176,0.6900985263568019,-0.6193735003471375
Suv39h2,0.13124988973140717,0.12251317501068115,0.10581488907337189,0.5200947912079691,-1.1438568830490112,0.10581488907337189,0.6503513945920888,0.7700532674789429,0.10581488907337189,0.46147875269036936,1.0181983709335327
Hspa14,0.7542546391487122,0.7844417691230774,-0.08115491271018982,0.34928839706030906,-1.4306225776672363,-0.08115491271018982,0.3588672695753787,-1.4284709692001343,-0.08115491271018982,0.12609939954402244,-1.917099952697754
Gm45902,0.10889165848493576,0.1204492375254631,-0.1540282815694809,0.03586457890512554,-2.5921130180358887,-0.1540282815694809,0.5305138617717858,-0.9810072779655457,-0.1540282815694809,0.3056945106351202,-1.3444828987121582
Cdnf,0.0015513586113229394,0.003505404805764556,-1.1774582862854004,0.9979940091511154,-0.26040467619895935,-1.1774582862854004,0.4526833995135179,-1.2142598628997803,-1.1774582862854004,0.15521137049635153,-1.8048367500305176
Fam107b,1.1411489248275757,1.1723753213882446,-0.06572125852108002,0.7017672800809944,-0.8896862268447876,-0.06572125852108002,0.3399334799116872,-1.4713801145553589,-0.06572125852108002,0.10880742842169633,-1.9936283826828003
Frmd4a,0.01694437302649021,0.018296627327799797,-0.11174985766410828,0.9795161723287931,-0.5336336493492126,-0.11174985766410828,0.9524227210842212,-0.24558375775814056,-0.11174985766410828,0.8647172851408832,-0.34834614396095276
Prpf18,0.38515612483024597,0.37569236755371094,0.0431499145925045,0.9979940091511154,0.2865876257419586,0.0431499145925045,0.7772872943154036,0.5521125793457031,0.0431499145925045,0.6227628796008254,0.7247318029403687
Bend7,0.0,0.0,0.0,0.9979940091511154,0.11319231241941452,0.0,1.0,0.0,0.0,1.0,0.0
Sephs1,0.32605084776878357,0.277852326631546,0.2672934830188751,0.3093820000583858,1.5106854438781738,0.2672934830188751,0.01772360102747343,2.9382667541503906,0.2672934830188751,0.0007002842112056798,3.8080084323883057
Phyh,0.11026998609304428,0.10570665448904037,0.06432490795850754,0.2857594015915206,-1.5590437650680542,0.06432490795850754,0.8700919377941855,0.3938843607902527,0.06432490795850754,0.747894025946985,0.5295464396476746
Mcm10,0.21536605060100555,0.28223946690559387,-0.4403659403324127,2.5948798929342492e-05,-4.7149810791015625,-0.4403659403324127,0.0005321051943126986,-4.025668144226074,-0.4403659403324127,2.538619693016138e-07,-5.566375255584717
Optn,0.015162099152803421,0.01431981846690178,0.08306562900543213,0.9854341294341579,-0.5275776982307434,0.08306562900543213,0.9770516883047266,0.19630388915538788,0.08306562900543213,0.9225957886365238,0.25581374764442444
Camk1d,0.1317051351070404,0.10729173570871353,0.3137339949607849,0.9979940091511154,0.04150088131427765,0.3137339949607849,0.164775981952339,1.9451667070388794,0.3137339949607849,0.027389077310606455,2.6170170307159424
Cdc123,0.494696706533432,0.5650876760482788,-0.24717015027999878,0.005547105033545468,-3.274739980697632,-0.24717015027999878,0.0025683589983442443,-3.5842459201812744,-0.24717015027999878,9.76263504472636e-06,-4.841136932373047
Nudt5,0.5042246580123901,0.6479532718658447,-0.475400447845459,1.7184589049413622e-08,-6.134382247924805,-0.475400447845459,3.0150497597645614e-10,-6.902719974517822,-0.475400447845459,4.1271872798080113e-19,-9.389486312866211
Gm13199,0.00047131621977314353,0.00047941578668542206,-0.02458786964416504,0.9979940091511154,0.05521576479077339,-0.02458786964416504,1.0,-0.012047662399709225,-0.02458786964416504,1.0,-0.014878300949931145
Sec61a2,0.03895556181669235,0.04549481347203255,-0.2286231517791748,0.09096147901607407,-2.1828038692474365,-0.2286231517791748,0.5376561988248498,-0.9669090509414673,-0.2286231517791748,0.33047161203753467,-1.290653109550476
Dhtkd1,0.0,0.0,0.0,0.9979940091511154,0.11319231241941452,0.0,1.0,0.0,0.0,1.0,0.0
Upf2,0.23470395803451538,0.22375153005123138,0.0771465077996254,0.6625214928369909,-0.941161572933197,0.0771465077996254,0.6636686344843891,0.7469841241836548,0.0771465077996254,0.4766057556563396,0.9731156229972839
Echdc3,0.0008243360207416117,0.0,19.65346908569336,0.9979940091511154,0.19574879109859467,19.65346908569336,0.23876570346636045,1.7215842008590698,19.65346908569336,0.17073473221028804,1.7215842008590698
AL845275.1,0.0,0.0005959133268333972,-19.1851749420166,0.9979940091511154,0.027607882395386696,-19.1851749420166,0.5196272646011879,-1.0,-19.1851749420166,0.16021537352752957,-1.759765386581421
Usp6nl,0.0326194129884243,0.01819811947643757,0.8523882031440735,0.9979940091511154,0.23858553171157837,0.8523882031440735,0.028759060273969378,2.755363941192627,0.8523882031440735,0.003887488445696176,3.308994770050049
Celf2,1.3911947011947632,1.3355718851089478,0.10783659666776657,0.004732951265155049,3.3265717029571533,0.10783659666776657,0.040360421209611023,2.6225008964538574,0.10783659666776657,0.0025472561482878446,3.438342809677124
Gata3,0.3207187056541443,0.25284796953201294,0.3943333625793457,0.047118316466351326,2.4789206981658936,0.3943333625793457,0.0007492508207857883,3.928375005722046,0.3943333625793457,2.0910080553759675e-06,5.159674644470215
9230102O04Rik,0.00022734249068889767,0.0020634846296161413,-3.183462381362915,0.9979940091511154,-0.11595310270786285,-3.183462381362915,0.32090028249462,-1.5155351161956787,-3.183462381362915,0.030640042772778753,-2.5736711025238037
Taf3,0.2530083954334259,0.2872142195701599,-0.2087254673242569,0.01300383834776376,-2.9832541942596436,-0.2087254673242569,0.15585123582043353,-1.977671504020691,-0.2087254673242569,0.022164293045188202,-2.70003080368042
Atp5c1,1.6966763734817505,1.801155686378479,-0.1825007051229477,1.5014212816993982e-08,-6.156913757324219,-0.1825007051229477,1.1320792185849938e-05,-4.96444845199585,-0.1825007051229477,2.713779053327389e-11,-7.080059051513672
Kin,0.33852341771125793,0.35044413805007935,-0.059020571410655975,0.8240805020068599,-0.732143223285675,-0.059020571410655975,0.7072267758808626,-0.6725406646728516,-0.059020571410655975,0.5106125472208813,-0.9132598638534546
Itih5,0.09032807499170303,0.06163957715034485,0.5722737908363342,0.4944600796282784,-1.1833984851837158,0.5722737908363342,0.01898844991870506,2.9104371070861816,0.5722737908363342,0.0020442304172961444,3.506730079650879
Sfmbt2,0.005389397498220205,0.016738835722208023,-1.6432050466537476,0.3857687181177204,-1.3609795570373535,-1.6432050466537476,0.015584781420511562,-2.992873191833496,-1.6432050466537476,3.283764319566949e-05,-4.569553852081299
Prkcq,0.7791560888290405,0.6511658430099487,0.3621237874031067,3.859227025588875e-07,5.575723171234131,0.3621237874031067,4.2027415620795096e-07,5.633942127227783,0.3621237874031067,2.560336669093467e-13,7.737576961517334
Pfkfb3,0.061920586973428726,0.06172754243016243,0.004645705223083496,0.1584859443359957,-1.9023611545562744,0.004645705223083496,1.0,0.022387556731700897,0.004645705223083496,1.0,0.030147043988108635
Rbm17,0.6407174468040466,0.7122448086738586,-0.21005432307720184,0.008022406660312694,-3.1517512798309326,-0.21005432307720184,0.005470016235685318,-3.34586763381958,-0.21005432307720184,3.9373541689665614e-05,-4.5275959968566895
Il2ra,0.18023629486560822,0.2680157423019409,-0.6381110548973083,7.550225343816332e-09,-6.271352767944336,-0.6381110548973083,7.400762994842035e-06,-5.057145118713379,-0.6381110548973083,1.9053851761433226e-11,-7.132845401763916
Il15ra,0.07296910136938095,0.08298308402299881,-0.19284886121749878,0.03987454354864183,-2.547673225402832,-0.19284886121749878,0.5500242176442107,-0.9449178576469421,-0.19284886121749878,0.3231529275841563,-1.3064519166946411
Fbh1,0.09233760833740234,0.09095650166273117,0.02275306172668934,0.12786960633880629,-2.014841079711914,0.02275306172668934,1.0,0.14876019954681396,0.02275306172668934,0.9603246983591255,0.19335207343101501
Ankrd16,0.12383680790662766,0.10988261550664902,0.18273887038230896,0.5014296894917856,-1.1720881462097168,0.18273887038230896,0.4487958793599516,1.2214785814285278,0.18273887038230896,0.20826901160412836,1.6019690036773682
Mindy3,0.51329505443573,0.5140320658683777,-0.002647051587700844,0.9979940091511154,0.13269594311714172,-0.002647051587700844,1.0,-0.037438567727804184,-0.002647051587700844,1.0,-0.0494370311498642
Pter,0.001956784864887595,0.003038528375327587,-0.6356679201126099,0.9979940091511154,-0.17508740723133087,-0.6356679201126099,0.7157637568352025,-0.6576942801475525,-0.6356679201126099,0.5122600102259448,-0.9100778698921204
C1ql3,0.0008636580896563828,0.0005576154217123985,0.6314096450805664,0.9979940091511154,0.08282364159822464,0.6314096450805664,0.893426322374012,0.35244372487068176,0.6314096450805664,0.822243149075752,0.4151305556297302
Rsu1,0.2655675709247589,0.34393179416656494,-0.43243804574012756,9.247914794686904e-06,-4.942078113555908,-0.43243804574012756,7.85168297614668e-05,-4.514554023742676,-0.43243804574012756,1.139290838182353e-08,-6.1233134269714355
Trdmt1,0.04877444729208946,0.03613680973649025,0.4418371915817261,0.9979940091511154,-0.38000914454460144,0.4418371915817261,0.1865609558047557,1.8714511394500732,0.4418371915817261,0.043553739883972764,2.4206936359405518
Vim,2.5777108669281006,2.840742349624634,-0.4066409170627594,1.9166684419264849e-19,-9.472442626953125,-0.4066409170627594,4.511122259837813e-11,-7.242645740509033,-0.4066409170627594,2.0672751155442143e-23,-10.454928398132324
St8sia6,0.0,0.003407275304198265,-21.702646255493164,0.9979940091511154,-0.05797655135393143,-21.702646255493164,0.366947820220315,-1.392118215560913,-21.702646255493164,0.040876463055829246,-2.449801445007324
Hacd1,0.0023361830972135067,0.007477023638784885,-1.6820216178894043,0.8599906071629163,-0.6865456700325012,-1.6820216178894043,0.1078649820039421,-2.1768226623535156,-1.6820216178894043,0.0027677605949309723,-3.4141948223114014
Stam,0.057361193001270294,0.06585440784692764,-0.2053944617509842,0.06273267115878893,-2.3540616035461426,-0.2053944617509842,0.5612415455256791,-0.923212468624115,-0.2053944617509842,0.33548327970072694,-1.28036367893219
Tmem236,0.0014519182732328773,0.0,20.470577239990234,0.9979940091511154,0.14071114361286163,20.470577239990234,0.5196272646011879,1.0,20.470577239990234,0.46147875269036936,1.0
Mrc1,0.00109981675632298,0.0046775490045547485,-2.0910706520080566,0.9979940091511154,-0.06073733791708946,-2.0910706520080566,0.5406595967237033,-0.9624159932136536,-2.0910706520080566,0.19541939674462902,-1.6414666175842285
Nsun6,0.07289731502532959,0.07503233850002289,-0.04320591688156128,0.17355953665060875,-1.851153016090393,-0.04320591688156128,0.9653543450582237,-0.22017936408519745,-0.04320591688156128,0.8955054453336195,-0.29880091547966003
Arl5b,0.14275287091732025,0.1091812402009964,0.41151997447013855,0.9979940091511154,0.29460281133651733,0.41151997447013855,0.029042863026943498,2.753643751144409,0.41151997447013855,0.0013800328976375802,3.619274616241455
Plxdc2,0.016041522845625877,0.013382579199969769,0.2633773982524872,0.9979940091511154,-0.32710886001586914,0.2633773982524872,0.7076145971596202,0.6716935038566589,0.2633773982524872,0.5294477874666579,0.879223108291626
Nebl,0.0331520177423954,0.07762029767036438,-1.2597101926803589,1.6054994321980993e-05,-4.822117328643799,-1.2597101926803589,4.3655785064247615e-06,-5.184351921081543,-1.2597101926803589,1.3563143325146082e-13,-7.825911521911621
A930004D18Rik,0.0009081443422473967,0.0,19.7932186126709,0.9979940091511154,0.19574879109859467,19.7932186126709,0.23644439843663795,1.7294524908065796,19.7932186126709,0.16883275453766303,1.7294524908065796
Skida1,0.002102556871250272,0.0020754325669258833,0.018752261996269226,0.9984208920935209,-0.004809114616364241,0.018752261996269226,1.0,0.017500802874565125,0.018752261996269226,1.0,0.022773856297135353
Mllt10,0.344110369682312,0.33390316367149353,0.05121975764632225,0.9979940091511154,0.056551627814769745,0.05121975764632225,0.7703590772419594,0.5653879046440125,0.05121975764632225,0.6020232432356404,0.7588455677032471
Dnajc1,0.7219947576522827,0.6413384675979614,0.23564299941062927,0.0008356347533995294,3.846846580505371,0.23564299941062927,0.0027269714440794597,3.565633773803711,0.23564299941062927,1.3010291934932086e-05,4.778711795806885
Commd3,0.7257949709892273,0.7014525532722473,0.06884704530239105,0.30878882025496557,1.5117541551589966,0.06884704530239105,0.48391383105781405,1.1565370559692383,0.06884704530239105,0.228038015362717,1.5465359687805176
Bmi1,0.0948726162314415,0.12967023253440857,-0.47635456919670105,8.287102746868125e-05,-4.444334506988525,-0.47635456919670105,0.019374759523072223,-2.909010171890259,-0.47635456919670105,0.00022491540994755676,-4.105055332183838
Spag6,0.0,0.0011671967804431915,-20.155460357666016,0.9979940091511154,-0.05797655135393143,-20.155460357666016,0.36167647049845647,-1.4164894819259644,-20.155460357666016,0.03726207145007799,-2.4926891326904297
Pip4k2a,0.3492704927921295,0.36180993914604187,-0.060467347502708435,0.799185338874691,-0.7630462050437927,-0.060467347502708435,0.6886723421463368,-0.7050873637199402,-0.060467347502708435,0.4886077531231112,-0.9508041739463806
Armc3,0.05029166862368584,0.04606467857956886,0.12973187863826752,0.6833379625539587,-0.9131084084510803,0.12973187863826752,0.7949097841711102,0.5227341055870056,0.12973187863826752,0.6407438412078883,0.6969709992408752
Msrb2,0.027527006343007088,0.043808359652757645,-0.6821727156639099,0.007609993160020314,-3.1691176891326904,-0.6821727156639099,0.05070088671043512,-2.5293664932250977,-0.6821727156639099,0.0019407379620507896,-3.52048921585083
Otud1,0.029522161930799484,0.034604452550411224,-0.23284509778022766,0.5676782649952274,-1.070473313331604,-0.23284509778022766,0.6884281916922862,-0.7058358192443848,-0.23284509778022766,0.46147875269036936,-1.019780158996582
Arhgap21,0.023926086723804474,0.0361514538526535,-0.6043320894241333,0.0739715025609942,-2.279876708984375,-0.6043320894241333,0.12396057144657216,-2.101547956466675,-0.6043320894241333,0.012100432909867162,-2.92592716217041
Enkur,0.004240409936755896,0.0010203028796240687,2.0575289726257324,0.9979940091511154,0.2466897815465927,2.0575289726257324,0.11107985387437737,2.155386447906494,2.0575289726257324,0.0514726102522283,2.3493621349334717
Thnsl1,0.0022933504078537226,0.005717120133340359,-1.3203028440475464,0.9979940091511154,-0.4315735399723053,-1.3203028440475464,0.26815088462862735,-1.6429959535598755,-1.3203028440475464,0.03506089394879884,-2.517254114151001
Gad2,0.0,0.0,0.0,0.9979940091511154,0.11319231241941452,0.0,1.0,0.0,0.0,1.0,0.0
Apbb1ip,1.0346806049346924,0.9742641448974609,0.1375581920146942,0.0025098086810837125,3.527040481567383,0.1375581920146942,0.031196704560683526,2.726288318634033,0.1375581920146942,0.0012548585402435608,3.6461377143859863
Pdss1,0.11299505829811096,0.12212584912776947,-0.11882428079843521,0.09924484960234527,-2.1413028240203857,-0.11882428079843521,0.6255679580956323,-0.8122647404670715,-0.11882428079843521,0.4267730758263305,-1.10107421875
Abi1,0.4790945053100586,0.4710686504840851,0.030619021505117416,0.8640612048400375,0.6801335215568542,0.030619021505117416,0.8598437898262901,0.4115540683269501,0.030619021505117416,0.7328639507839616,0.5531014800071716
Acbd5,0.24581892788410187,0.2159132957458496,0.2095455527305603,0.9979940091511154,0.2138274908065796,0.2095455527305603,0.17743790958667321,1.901611566543579,0.2095455527305603,0.03528480579897815,2.5145018100738525
Mastl,0.22031965851783752,0.1555263102054596,0.5506410002708435,0.15635579719353213,1.9101091623306274,0.5506410002708435,1.2140380656737245e-05,4.92399263381958,0.5506410002708435,1.2984128052847726e-08,6.106180667877197
Yme1l1,0.506380021572113,0.5774534940719604,-0.24536088109016418,0.01043362767144618,-3.0625154972076416,-0.24536088109016418,0.0012972515943006195,-3.7781758308410645,-0.24536088109016418,4.7997905776327965e-06,-4.992045879364014
Potegl,0.0,0.0,0.0,0.9979940091511154,0.11319231241941452,0.0,1.0,0.0,0.0,1.0,0.0
Spopl,0.09846750646829605,0.09923751652240753,-0.0118025504052639,0.1801783251059615,-1.830491542816162,-0.0118025504052639,1.0,-0.06065358966588974,-0.0118025504052639,1.0,-0.08405764400959015
Hnmt,0.0,0.0,0.0,0.9979940091511154,0.11319231241941452,0.0,1.0,0.0,0.0,1.0,0.0
Il1f9,0.0,0.0,0.0,0.9979940091511154,0.11319231241941452,0.0,1.0,0.0,0.0,1.0,0.0
Il1rn,0.0,0.0,0.0,0.9979940091511154,0.11319231241941452,0.0,1.0,0.0,0.0,1.0,0.0
Psd4,0.19757786393165588,0.1770695298910141,0.17336046695709229,0.9979940091511154,-0.36255383491516113,0.17336046695709229,0.31957691457776566,1.5163962841033936,0.17336046695709229,0.11111724277562393,1.9819883108139038
Pax8,0.0,0.0005380013026297092,-19.037641525268555,0.9979940091511154,0.027607882395386696,-19.037641525268555,0.5196272646011879,-1.0,-19.037641525268555,0.16021537352752957,-1.759765386581421
Cacna1b,0.0004148246080148965,0.0005727933021262288,-0.46562620997428894,0.9979940091511154,0.05521576479077339,-0.46562620997428894,0.963400646422095,-0.22336316108703613,-0.46562620997428894,0.8951618396725912,-0.2995907962322235
Ehmt1,0.24000850319862366,0.28808048367500305,-0.2995871901512146,0.0005563574134830892,-3.9570999145507812,-0.2995871901512146,0.01783857379857281,-2.9377615451812744,-0.2995871901512146,0.000366544370506061,-3.9788620471954346
Arrdc1,0.3455544114112854,0.312909871339798,0.16800372302532196,0.46796324671716294,1.2225838899612427,0.16800372302532196,0.1760908476127473,1.906651258468628,0.16800372302532196,0.033737470240633116,2.533459186553955
Zmynd19,0.05346498265862465,0.12731105089187622,-1.3057626485824585,4.920869962538103e-11,-7.058889865875244,-1.3057626485824585,3.852455663233398e-09,-6.518177509307861,-1.3057626485824585,2.3476636712743923e-20,-9.709278106689453
Dph7,0.06017522141337395,0.06640543043613434,-0.14667317271232605,0.04220474749223738,-2.5244290828704834,-0.14667317271232605,0.6574545443902748,-0.758162260055542,-0.14667317271232605,0.46147875269036936,-1.0175782442092896
Mrpl41,0.502842903137207,0.5841939449310303,-0.2803117632865906,0.001839946140308666,-3.6197495460510254,-0.2803117632865906,0.0002612794293040137,-4.211109638214111,-0.2803117632865906,1.2775871620511694e-07,-5.693778038024902
Pnpla7,0.031314361840486526,0.04362785443663597,-0.4873625934123993,0.10506618241290465,-2.112448215484619,-0.4873625934123993,0.3427974859892584,-1.4658453464508057,-0.4873625934123993,0.07631113896663973,-2.1694087982177734
Nsmf,0.04237674921751022,0.02728910744190216,0.6458943486213684,0.9979940091511154,-0.37172675132751465,0.6458943486213684,0.054048460992921175,2.4973113536834717,0.6458943486213684,0.01015898135912909,2.988619089126587
Noxa1,0.0,0.0,0.0,0.9979940091511154,0.11319231241941452,0.0,1.0,0.0,0.0,1.0,0.0
Nrarp,0.09370657801628113,0.050435587763786316,0.9252964854240417,0.6378967603503476,0.9734004735946655,0.9252964854240417,0.00012839319556675523,4.383425712585449,0.9252964854240417,5.100730064150302e-07,5.438042163848877
Tor4a,0.039016611874103546,0.024984020739793777,0.6532590389251709,0.9979940091511154,-0.23537945747375488,0.6532590389251709,0.07609358605750557,2.342825174331665,0.6532590389251709,0.013763228426291761,2.8803112506866455
Nelfb,0.38387399911880493,0.3707210421562195,0.060381930321455,0.8830687781395046,0.6579581499099731,0.060381930321455,0.644400540657366,0.779316246509552,0.060381930321455,0.4571738273497261,1.0466150045394897
Stpg3,0.0,0.0,0.0,0.9979940091511154,0.11319231241941452,0.0,1.0,0.0,0.0,1.0,0.0
Fam166a,0.0,0.0,0.0,0.9979940091511154,0.11319231241941452,0.0,1.0,0.0,0.0,1.0,0.0
Tubb4b,2.44828200340271,2.079176664352417,0.5947745442390442,9.662638956637858e-21,9.786637306213379,0.5947745442390442,2.21110104846772e-18,9.71863079071045,0.5947745442390442,8.627055062441433e-48,15.352081298828125
Rnf208,0.00025458328309468925,0.0006684300606139004,-1.3929338455200195,0.9979940091511154,0.05521576479077339,-1.3929338455200195,0.7630166015452488,-0.5785880088806152,-1.3929338455200195,0.5153492644979055,-0.9050476551055908
Ndor1,0.0,0.0,0.0,0.9979940091511154,0.11319231241941452,0.0,1.0,0.0,0.0,1.0,0.0
Ndor1-1,0.02007349766790867,0.014045249670743942,0.5195706486701965,0.9979940091511154,-0.2892593443393707,0.5195706486701965,0.32520526719892295,1.50352942943573,0.5195706486701965,0.14216836849880918,1.8529305458068848
Tmem203,0.15490038692951202,0.14182157814502716,0.13693125545978546,0.7137151919774148,-0.873833954334259,0.13693125545978546,0.5196272646011879,1.0363084077835083,0.13693125545978546,0.2923611794438163,1.3746343851089478
Tprn,0.04306706413626671,0.03754754364490509,0.20187488198280334,0.3773999582849782,-1.3770989179611206,0.20187488198280334,0.5856746276975238,0.8792790174484253,0.20187488198280334,0.4227881912932036,1.108441710472107
Ssna1,0.8397845029830933,0.8352265357971191,0.011593230068683624,0.9979940091511154,0.4540160596370697,0.011593230068683624,0.9673152141586808,0.21605339646339417,0.011593230068683624,0.9002727489948777,0.2911943793296814
Anapc2,0.2408933937549591,0.26004835963249207,-0.12477875500917435,0.10798254632250338,-2.098733425140381,-0.12477875500917435,0.42447876027945547,-1.2676784992218018,-0.12477875500917435,0.17896162938117677,-1.6916780471801758
Grin1,0.0,0.0,0.0,0.9979940091511154,0.11319231241941452,0.0,1.0,0.0,0.0,1.0,0.0
Man1b1,0.09433816373348236,0.07700985670089722,0.3054765462875366,0.5499766156210928,-1.0984374284744263,0.3054765462875366,0.2031507625160617,1.8221609592437744,0.3054765462875366,0.052207358164179686,2.3425827026367188
Dpp7,0.017326436936855316,0.019085561856627464,-0.14077968895435333,0.6391806522186327,-0.9717974066734314,-0.14077968895435333,0.8652148863040892,-0.4020167589187622,-0.14077968895435333,0.7456182211921679,-0.5328361988067627
Uap1l1,0.0998321995139122,0.08871790021657944,0.17842331528663635,0.22756410965375218,-1.6988643407821655,0.17842331528663635,0.4711428162278778,1.1780892610549927,0.17842331528663635,0.24635924041989876,1.4968987703323364
Sapcd2,0.3444664776325226,0.19618211686611176,0.9239473938941956,2.7205902811973456e-09,6.441275119781494,0.9239473938941956,8.864798681160437e-19,9.522917747497559,0.9239473938941956,5.672142635076998e-29,11.753002166748047
Entpd2,0.0013399809831753373,0.0005380013026297092,1.3171077966690063,0.9979940091511154,0.13803941011428833,1.3171077966690063,0.5616524606685693,0.9219733476638794,1.3171077966690063,0.44348231578628733,1.0710570812225342
Npdc1,0.010454947128891945,0.014958048239350319,-0.5199913382530212,0.559213893347347,-1.0845444202423096,-0.5199913382530212,0.4401014914276254,-1.2370191812515259,-0.5199913382530212,0.18040726519401504,-1.6867161989212036
Fut7,0.02301848493516445,0.043807145208120346,-0.9434525966644287,0.012043035027853874,-3.0115745067596436,-0.9434525966644287,0.006177248799255701,-3.3104779720306396,-0.9434525966644287,1.544750180775264e-05,-4.738770484924316
Abca2,0.15485607087612152,0.15344807505607605,0.014219329692423344,0.12518423695984932,-2.026240348815918,0.014219329692423344,1.0,0.10771834850311279,0.014219329692423344,0.9915533637202474,0.14287352561950684
Paxx,0.3049466907978058,0.26377466320991516,0.24035608768463135,0.3063646434106432,1.516296148300171,0.24035608768463135,0.06410216592399849,2.424104928970337,0.24035608768463135,0.004635484328075697,3.2504894733428955
Clic3,0.00041740183951333165,0.0009464864851906896,-1.1815247535705566,0.9979940091511154,-0.0302796121686697,-1.1815247535705566,0.7076145971596202,-0.6715362668037415,-1.1815247535705566,0.4960596242230555,-0.9376271367073059
C8g,0.005234249401837587,0.015308338217437267,-1.5555419921875,0.37101298933937743,-1.3896560668945312,-1.5555419921875,0.01943855475830923,-2.9112355709075928,-1.5555419921875,5.27445174367082e-05,-4.4595947265625
Fbxw5,0.07934638857841492,0.08408569544553757,-0.08716122061014175,0.04908745137684499,-2.4615542888641357,-0.08716122061014175,0.8039716884410547,-0.5074253678321838,-0.08716122061014175,0.6533272009910033,-0.6766818165779114
Traf2,0.19582846760749817,0.18635091185569763,0.07862280309200287,0.5030047266287978,-1.1697726249694824,0.07862280309200287,0.6860071879719297,0.7095332741737366,0.07862280309200287,0.5054519613463099,0.9219797849655151
Edf1,1.5194119215011597,1.5962775945663452,-0.14049074053764343,0.002165693880846661,-3.5711240768432617,-0.14049074053764343,0.0005948390323508494,-3.9934329986572266,-0.14049074053764343,6.700828230174691e-07,-5.3823161125183105
Mamdc4,0.00135824887547642,0.001629409845918417,-0.26279711723327637,0.9979940091511154,-0.032416995614767075,-0.26279711723327637,0.959264692623545,-0.2317572981119156,-0.26279711723327637,0.8881020080501731,-0.31001538038253784
Phpt1,0.11293037980794907,0.18318606913089752,-0.7498051524162292,2.4439690573880386e-08,-6.074624538421631,-0.7498051524162292,5.453242665271976e-07,-5.595182418823242,-0.7498051524162292,3.0558684269154704e-14,-8.018852233886719
Ajm1,0.00149330566637218,0.0006865788600407541,1.1215929985046387,0.9979940091511154,0.16564728319644928,1.1215929985046387,0.6081296532702914,0.8404237627983093,1.1215929985046387,0.4613009344311394,1.0395355224609375
Rabl6,0.21012137830257416,0.2650080919265747,-0.3759721517562866,0.00011247890905081238,-4.369882583618164,-0.3759721517562866,0.0015480532033075576,-3.7308855056762695,-0.3759721517562866,3.979224931663642e-06,-5.029812335968018
Tmem141,0.017873816192150116,0.03723613917827606,-1.0728867053985596,0.03088250688581373,-2.653918981552124,-1.0728867053985596,0.009251058994152522,-3.1768596172332764,-1.0728867053985596,1.4783114207262902e-05,-4.749433517456055
Fcna,0.0005206456989981234,0.005868639796972275,-3.498509645462036,0.9979940091511154,-0.03045772761106491,-3.498509645462036,0.5196272646011879,-1.0099223852157593,-3.498509645462036,0.16025300510627574,-1.7594844102859497
Bmyc,0.01214903499931097,0.04408741742372513,-1.88267183303833,0.006056946831292516,-3.2456181049346924,-1.88267183303833,0.00025020982572942905,-4.245959758758545,-1.88267183303833,1.0134098497310359e-10,-6.895028591156006
Camsap1,0.047741588205099106,0.04519028216600418,0.08108875155448914,0.29699381661952284,-1.535977840423584,0.08108875155448914,0.9042562937694716,0.33340221643447876,0.08108875155448914,0.8057279150961402,0.44168251752853394
Ubac1,0.22685067355632782,0.2756596803665161,-0.31782636046409607,0.0017728832333005187,-3.6307926177978516,-0.31782636046409607,0.01022516680751416,-3.136934757232666,-0.31782636046409607,9.989660160648499e-05,-4.307407379150391
Nacc2,0.002797179389744997,0.008453238755464554,-1.5996148586273193,0.9936890970455797,-0.5184047818183899,-1.5996148586273193,0.2054952936389951,-1.8183425664901733,-1.5996148586273193,0.013078544035200031,-2.8983874320983887
Tmem250-ps,0.025937560945749283,0.03568845987319946,-0.46748459339141846,0.030582778029911356,-2.6576592922210693,-0.46748459339141846,0.23893024128306012,-1.7217892408370972,-0.46748459339141846,0.058123739238005324,-2.2938337326049805
Qsox2,0.01879647560417652,0.02881825715303421,-0.6237791180610657,0.2245198418130191,-1.7072358131408691,-0.6237791180610657,0.28226270530475167,-1.6065970659255981,-0.6237791180610657,0.04772690816520216,-2.3815150260925293
Gpsm1,0.01721181534230709,0.02442605420947075,-0.5102435350418091,0.2317124432112916,-1.6872868537902832,-0.5102435350418091,0.3258733120921635,-1.503001093864441,-0.5102435350418091,0.09636980904175195,-2.055659532546997
Dnlz,0.22501960396766663,0.22117894887924194,0.027709992602467537,0.7469385482631488,-0.8307300806045532,0.027709992602467537,0.9393614836723768,0.269677072763443,0.027709992602467537,0.8567977382560531,0.3602655231952667
Card9,0.0,0.002142538782209158,-21.03243637084961,0.9979940091511154,-0.05797655135393143,-21.03243637084961,0.39045699030501724,-1.3409268856048584,-21.03243637084961,0.05032353286716844,-2.3597168922424316
Snapc4,0.021410521119832993,0.03550328314304352,-0.7398464679718018,0.05797501451204737,-2.3909316062927246,-0.7398464679718018,0.04293822780450519,-2.5987954139709473,-0.7398464679718018,0.0011124460856540806,-3.679173231124878
Entr1,0.2765481770038605,0.3148379325866699,-0.21605800092220306,0.07022391073199957,-2.303744077682495,-0.21605800092220306,0.08150724939693829,-2.3099746704101562,-0.21605800092220306,0.005746531945801036,-3.1807806491851807
Pmpca,0.294695109128952,0.3096989393234253,-0.08301061391830444,0.3402746458433909,-1.4481669664382935,-0.08301061391830444,0.5526220935242333,-0.9401026964187622,-0.08301061391830444,0.3495977681218607,-1.2497140169143677
Inpp5e,0.045149173587560654,0.04265882819890976,0.08366483449935913,0.3185555168918036,-1.491270899772644,0.08366483449935913,0.9028165119320785,0.33546099066734314,0.08366483449935913,0.8023282543351999,0.44675135612487793
Sec16a,0.10294321179389954,0.11852166056632996,-0.21474678814411163,0.010841502681223286,-3.049156904220581,-0.21474678814411163,0.37090263886077857,-1.3802117109298706,-0.21474678814411163,0.13062908660655306,-1.8979402780532837
Notch1,0.29545894265174866,0.23376934230327606,0.3843317925930023,0.14667235424946454,1.94475257396698,0.3843317925930023,0.0010860377083286947,3.825613498687744,0.3843317925930023,5.984504090892539e-06,4.94734001159668
Egfl7,0.023838309571146965,0.06928419321775436,-1.572280764579773,4.948909011754486e-07,-5.528700828552246,-1.572280764579773,9.511039258921143e-09,-6.37009334564209,-1.572280764579773,2.2934150268671997e-20,-9.717225074768066
Agpat2,0.06887686997652054,0.09463615715503693,-0.4772064983844757,0.0005746761825585105,-3.9473037719726562,-0.4772064983844757,0.02977246110509051,-2.7454471588134766,-0.4772064983844757,0.0007171805618466315,-3.8004865646362305
Dipk1b,0.015130358748137951,0.021057257428765297,-0.4811594784259796,0.4738077905190578,-1.2135000228881836,-0.4811594784259796,0.48992327612797215,-1.1443679332733154,-0.4811594784259796,0.19650667751917442,-1.6375856399536133
Lcn4,0.1109316423535347,0.10023581981658936,0.15412402153015137,0.4505420875901231,-1.250548005104065,0.15412402153015137,0.6532774999477587,0.7659295797348022,0.15412402153015137,0.4578192277501897,1.0454996824264526
Surf6,0.06321655213832855,0.06654639542102814,-0.07648596167564392,0.08767277232433127,-2.200259208679199,-0.07648596167564392,0.8709791679072761,-0.3914516866207123,-0.07648596167564392,0.752895677170588,-0.5216411352157593
Med22,0.05843319743871689,0.052594542503356934,0.15612612664699554,0.20760495822462993,-1.7524770498275757,0.15612612664699554,0.6384911633067593,0.7892364859580994,0.15612612664699554,0.46147875269036936,1.0032031536102295
Rpl7a,2.7435543537139893,2.985391139984131,-0.3700524866580963,1.213136273016934e-41,-13.976356506347656,-0.3700524866580963,5.2397450085876634e-48,-16.361604690551758,-0.3700524866580963,2.875555910535122e-90,-21.742904663085938
Surf1,0.36153745651245117,0.42203590273857117,-0.26970335841178894,0.004426022880382797,-3.349459409713745,-0.26970335841178894,0.004300217020638659,-3.4236326217651367,-0.26970335841178894,2.6780166903549793e-05,-4.615406513214111
Surf2,0.12729650735855103,0.16832806169986725,-0.43340981006622314,3.051061648770517e-05,-4.677398681640625,-0.43340981006622314,0.003989301639369494,-3.4482181072235107,-0.43340981006622314,2.054514608135152e-05,-4.675107002258301
Surf4,0.5933140516281128,0.7646762132644653,-0.5035455226898193,1.7171418506683389e-12,-7.5330328941345215,-0.5035455226898193,1.484077326778582e-13,-8.053711891174316,-0.5035455226898193,2.0263092327106585e-25,-10.92655086517334
Stkld1,0.0005872742622159421,0.001917426474392414,-1.7080228328704834,0.9984208920935209,-0.0029389034025371075,-1.7080228328704834,0.5948575553298862,-0.8643165230751038,-1.7080228328704834,0.27906728037801287,-1.4166401624679565
Rexo4,0.1613648235797882,0.2142963707447052,-0.44865790009498596,3.0220567125579122e-05,-4.679802894592285,-0.44865790009498596,0.0015615487773003804,-3.730665445327759,-0.44865790009498596,1.749551503995762e-06,-5.194362640380859
Adamts13,0.0,0.0005893948837183416,-19.169301986694336,0.9979940091511154,0.027607882395386696,-19.169301986694336,0.5196272646011879,-1.0,-19.169301986694336,0.16021537352752957,-1.759765386581421
Cacfd1,0.06227809563279152,0.07928799092769623,-0.3607923984527588,0.018934603500803938,-2.8457491397857666,-0.3607923984527588,0.267757389308776,-1.6433124542236328,-0.3607923984527588,0.04862877843803032,-2.3733599185943604
Slc2a6,0.0009602574282325804,0.0031124912202358246,-1.6981287002563477,0.9979940091511154,-0.1462327092885971,-1.6981287002563477,0.43653319417750375,-1.2446171045303345,-1.6981287002563477,0.11145145473672602,-1.9804373979568481
Sardh,0.0,0.0,0.0,0.9979940091511154,0.11319231241941452,0.0,1.0,0.0,0.0,1.0,0.0
Vav2,0.009354900568723679,0.019701723009347916,-1.0820090770721436,0.35818779948904866,-1.4129891395568848,-1.0820090770721436,0.13444967244986059,-2.0599687099456787,-1.0820090770721436,0.007902038513271266,-3.0748672485351562
Brd3os,0.0002895314246416092,0.0,18.143573760986328,0.9979940091511154,0.14071114361286163,18.143573760986328,0.5196272646011879,1.0,18.143573760986328,0.46147875269036936,1.0
Brd3,0.14631888270378113,0.1982605904340744,-0.4768253564834595,1.2370019957390395e-06,-5.352811813354492,-0.4768253564834595,0.0029439006425160358,-3.5431442260742188,-0.4768253564834595,1.0943928908006103e-05,-4.81622314453125
Wdr5,0.2223263382911682,0.253628134727478,-0.21350999176502228,0.015155326022479692,-2.927325963973999,-0.21350999176502228,0.11738867016789911,-2.1289162635803223,-0.21350999176502228,0.014595703200808621,-2.857578992843628
Rxra,0.007310918066650629,0.015311196446418762,-1.0722442865371704,0.5289441596820937,-1.1312106847763062,-1.0722442865371704,0.2189579598992217,-1.7793976068496704,-1.0722442865371704,0.020547713548285322,-2.729980230331421
Col5a1,0.00025105636450462043,0.0,17.93783950805664,0.9979940091511154,0.14071114361286163,17.93783950805664,0.5196272646011879,1.0,17.93783950805664,0.46147875269036936,1.0
Olfm1,0.005839601159095764,0.009908251464366913,-0.7656991481781006,0.9979940091511154,-0.07231483608484268,-0.7656991481781006,0.5967906814856577,-0.860209584236145,-0.7656991481781006,0.29925945023921674,-1.3582080602645874
Ppp1r26,0.0,0.0,0.0,0.9979940091511154,0.11319231241941452,0.0,1.0,0.0,0.0,1.0,0.0
1700007K13Rik,0.0,0.0,0.0,0.9979940091511154,0.11319231241941452,0.0,1.0,0.0,0.0,1.0,0.0
Mrps2,0.05595222860574722,0.07844618707895279,-0.5039151906967163,0.0018240203310721228,-3.6223320960998535,-0.5039151906967163,0.04037998436966529,-2.6241002082824707,-0.5039151906967163,0.0011888104913188142,-3.6603353023529053
Ralgds,0.018409432843327522,0.01485520787537098,0.3120476007461548,0.9984208920935209,-0.003206076566129923,0.3120476007461548,0.6736666884600138,0.7305229902267456,0.3120476007461548,0.46602823229452334,0.9917198419570923
Cel,0.0003857726987916976,0.000545895250979811,-0.5009875297546387,0.9979940091511154,0.05521576479077339,-0.5009875297546387,0.9556987042484378,-0.23954392969608307,-0.5009875297546387,0.8805261058366813,-0.3234632611274719
Gtf3c5,0.09461156278848648,0.10861966758966446,-0.20947274565696716,0.0008850728030138155,-3.831083297729492,-0.20947274565696716,0.36179032358873764,-1.4078080654144287,-0.20947274565696716,0.14914743423599183,-1.8269699811935425
Tsc1,0.06736840307712555,0.08656918257474899,-0.37580934166908264,0.04704762025624192,-2.479543924331665,-0.37580934166908264,0.2257511312939553,-1.7601583003997803,-0.37580934166908264,0.03240791884929071,-2.5499072074890137
Spaca9,0.03262966871261597,0.034442413598299026,-0.07931653410196304,0.23598819739089857,-1.6760655641555786,-0.07931653410196304,0.9199069195055944,-0.30336835980415344,-0.07931653410196304,0.8319743160843681,-0.39911317825317383
Ak8,0.0003937843139283359,0.0,18.58733367919922,0.9979940091511154,0.14071114361286163,18.58733367919922,0.5196272646011879,1.0,18.58733367919922,0.46147875269036936,1.0
Gtf3c4,0.037149086594581604,0.03015642799437046,0.3059336841106415,0.8459743344464131,-0.7037338018417358,0.3059336841106415,0.48493319749903935,1.1533637046813965,0.3059336841106415,0.2583453462882825,1.4667235612869263
Ddx31,0.05972849205136299,0.05771113187074661,0.051039114594459534,0.17418883424205764,-1.8493717908859253,0.051039114594459534,0.939761324536634,0.26847752928733826,0.051039114594459534,0.8658301740696747,0.3468674421310425
Cfap77,0.00136631412897259,0.0006309385062195361,1.1152472496032715,0.9979940091511154,0.08282364159822464,1.1152472496032715,0.7285297616663335,0.6359575390815735,1.1152472496032715,0.6310414625029969,0.711726725101471
Ttf1,0.16821643710136414,0.17693452537059784,-0.07936640828847885,0.14386599129778246,-1.954727053642273,-0.07936640828847885,0.7516713976811404,-0.5975725650787354,-0.07936640828847885,0.5634906019707063,-0.8236516714096069
Setx,0.5663412809371948,0.591597855091095,-0.0829123705625534,0.7535338954894453,-0.8209336996078491,-0.0829123705625534,0.45890413528491314,-1.2021745443344116,-0.0829123705625534,0.2083780909950901,-1.6014784574508667
Ntng2,0.0026656771078705788,0.0,21.347993850708008,0.9979940091511154,0.30582407116889954,21.347993850708008,0.043910551455746245,2.5861682891845703,21.347993850708008,0.02977978661526969,2.5861682891845703
Med27,0.13455180823802948,0.15603871643543243,-0.22961701452732086,0.001396665846723031,-3.701059103012085,-0.22961701452732086,0.20166320246576838,-1.8273191452026367,-0.22961701452732086,0.04229653437714597,-2.4336588382720947
Rapgef1,0.23748145997524261,0.22778406739234924,0.067414291203022,0.8353574480321924,-0.7187845706939697,0.067414291203022,0.7210820378773588,0.650104820728302,0.067414291203022,0.540527871354408,0.8615432977676392
Gm13547,0.0003037251008208841,0.0,18.212631225585938,0.9979940091511154,0.14071114361286163,18.212631225585938,0.5196272646011879,1.0,18.212631225585938,0.46147875269036936,1.0
Trub2,0.09108670800924301,0.11672168970108032,-0.37657204270362854,0.0004338513987408964,-4.024338722229004,-0.37657204270362854,0.06775522644356792,-2.3989384174346924,-0.37657204270362854,0.00435800275313553,-3.2708635330200195
Coq4,0.042866066098213196,0.08545337617397308,-1.0263500213623047,2.4805223964583055e-05,-4.726113319396973,-1.0263500213623047,0.00016268886637308137,-4.349003791809082,-1.0263500213623047,5.186761388088631e-10,-6.630742073059082
Slc27a4,0.07889563590288162,0.06944701820611954,0.19093269109725952,0.5313359949146209,-1.1281827688217163,0.19093269109725952,0.5196272646011879,1.0788952112197876,0.19093269109725952,0.2801966871638719,1.4107296466827393
Urm1,0.1966850608587265,0.21742041409015656,-0.16007333993911743,0.04376190660683571,-2.5088438987731934,-0.16007333993911743,0.33886924097301874,-1.4734222888946533,-0.16007333993911743,0.11014232124673494,-1.9863433837890625
Cercam,0.09739495813846588,0.11584774404764175,-0.2638583183288574,0.002226971411233144,-3.5629305839538574,-0.2638583183288574,0.22675124821764125,-1.7565585374832153,-0.2638583183288574,0.05003338918265781,-2.360306978225708
Odf2,0.5307637453079224,0.38326868414878845,0.5841841697692871,1.1237770767185104e-09,6.583856105804443,0.5841841697692871,2.2807069479472093e-12,7.634260177612305,0.5841841697692871,2.4773594474434766e-21,9.9660062789917
Gle1,0.30378302931785583,0.316509872674942,-0.06886366009712219,0.383776872258595,-1.3651652336120605,-0.06886366009712219,0.6322206891939182,-0.800960898399353,-0.06886366009712219,0.45023081819118316,-1.0581679344177246
Sptan1,0.5665356516838074,0.5903623700141907,-0.07826923578977585,0.7005187374149705,-0.8917346000671387,-0.07826923578977585,0.49137516240219786,-1.1407538652420044,-0.07826923578977585,0.23937242202414388,-1.5161559581756592
Wdr34,0.013995195738971233,0.016226572915911674,-0.21504010260105133,0.6061289060619021,-1.0161482095718384,-0.21504010260105133,0.7730953806554778,-0.5606726408004761,-0.21504010260105133,0.6126740695917685,-0.7409191727638245
Set,1.863635540008545,2.1007304191589355,-0.3969060182571411,4.762084973069828e-24,-10.55422592163086,-0.3969060182571411,2.183757448056211e-18,-9.571985244750977,-0.3969060182571411,2.6636326125344337e-38,-13.568109512329102
Pkn3,0.006470776628702879,0.007286302279680967,-0.1718370020389557,0.9979940091511154,-0.45677685737609863,-0.1718370020389557,0.918662465226368,-0.3064654469490051,-0.1718370020389557,0.8310735908895512,-0.40110617876052856
Zdhhc12,0.08719075471162796,0.10373292863368988,-0.2627493739128113,0.010235432577582356,-3.068838596343994,-0.2627493739128113,0.25365975430368165,-1.6796475648880005,-0.2627493739128113,0.05924538425713058,-2.2849602699279785
Zer1,0.06654901802539825,0.05868922919034958,0.18705058097839355,0.6268223342378193,-0.9878278374671936,0.18705058097839355,0.5593187931939999,0.9267547726631165,0.18705058097839355,0.3648857112656025,1.21849524974823
Tbc1d13,0.045710597187280655,0.05653708055615425,-0.3145447373390198,0.1266303541820557,-2.0200953483581543,-0.3145447373390198,0.47037509550405443,-1.1801174879074097,-0.3145447373390198,0.16585271468235177,-1.739063024520874
Endog,0.1071571484208107,0.23552054166793823,-1.2313621044158936,2.1353076285431454e-20,-9.705060958862305,-1.2313621044158936,3.7960079193667633e-19,-9.827169418334961,-1.2313621044158936,3.9919635960841244e-42,-14.27807331085205
Spout1,0.07485529780387878,0.08657199144363403,-0.21836157143115997,0.04010971608697881,-2.545090436935425,-0.21836157143115997,0.46783760863016605,-1.184858798980713,-0.21836157143115997,0.19774969702078707,-1.6336196660995483
Kyat1,0.011973711661994457,0.017695995047688484,-0.567690372467041,0.40959482490325533,-1.31983482837677,-0.567690372467041,0.3229375679169543,-1.508718729019165,-0.567690372467041,0.09052056519140567,-2.08711576461792
Lrrc8a,0.21571344137191772,0.231125146150589,-0.11108903586864471,0.1778845109680197,-1.8381506204605103,-0.11108903586864471,0.5196272646011879,-1.0154566764831543,-0.11108903586864471,0.28575467538526095,-1.3923999071121216
Gm28035,0.000333550909999758,0.0,18.34779167175293,0.9979940091511154,0.14071114361286163,18.34779167175293,0.5196272646011879,1.0,18.34779167175293,0.46147875269036936,1.0
Phyhd1,0.0007291737711057067,0.0007053575827740133,0.047925036400556564,0.9979940091511154,0.08282364159822464,0.047925036400556564,1.0,0.02725362963974476,0.047925036400556564,1.0,0.036455895751714706
Dolk,0.028088074177503586,0.04131920263171196,-0.566454291343689,0.09465202175558003,-2.163923501968384,-0.566454291343689,0.1711466864198214,-1.9245914220809937,-0.566454291343689,0.016505016808960157,-2.8114519119262695
Nup188,0.12729856371879578,0.15726403892040253,-0.3271005153656006,0.0004001910427761453,-4.046424865722656,-0.3271005153656006,0.04555342038615624,-2.5732574462890625,-0.3271005153656006,0.0024043944265112046,-3.4561848640441895
Sh3glb2,0.24335716664791107,0.2280227690935135,0.10539304465055466,0.9979940091511154,-0.043905436992645264,0.10539304465055466,0.5259681909149588,0.9888051152229309,0.10539304465055466,0.31127700747857756,1.331310749053955
Miga2,0.00775127625092864,0.013852802105247974,-0.8420813083648682,0.6072968617382764,-1.0145450830459595,-0.8420813083648682,0.21815190033983503,-1.7808504104614258,-0.8420813083648682,0.03078711250248802,-2.5701160430908203
Dolpp1,0.05615933611989021,0.06805237382650375,-0.2857874929904938,0.005153227513772963,-3.2990527153015137,-0.2857874929904938,0.286269472127119,-1.595589518547058,-0.2857874929904938,0.08675158470451198,-2.1080639362335205
Crat,0.02501124143600464,0.03730140998959541,-0.5855649709701538,0.07281056390132662,-2.2874464988708496,-0.5855649709701538,0.1346066543454493,-2.0580849647521973,-0.5855649709701538,0.014400600923116206,-2.862459897994995
Ptpa,0.5353344082832336,0.5038133859634399,0.11224890500307083,0.543560393821204,1.1088571548461914,0.11224890500307083,0.25197663010895943,1.685059905052185,0.11224890500307083,0.06846785077592199,2.2205429077148438
Ier5l,0.01949150487780571,0.02470061555504799,-0.34547296166419983,0.993993579790308,-0.5170689225196838,-0.34547296166419983,0.6728069468422586,-0.7320948839187622,-0.34547296166419983,0.43064367971080714,-1.0936108827590942
Cstad,0.003039679490029812,0.0017653711838647723,0.7848668098449707,0.9979940091511154,0.07872699201107025,0.7848668098449707,0.6081749692443994,0.8396655321121216,0.7848668098449707,0.46147875269036936,1.0092663764953613
1700001O22Rik,0.012344226241111755,0.008232355117797852,0.587430477142334,0.9979940091511154,0.23938705027103424,0.587430477142334,0.5849473703139799,0.8807699680328369,0.587430477142334,0.3534229969493796,1.2422435283660889
Ntmt1,0.08204404264688492,0.10364001989364624,-0.35293009877204895,0.001908903923781805,-3.6084392070770264,-0.35293009877204895,0.1263236532279154,-2.091033935546875,-0.35293009877204895,0.01295777081187763,-2.901315927505493
Asb6,0.13396292924880981,0.15020720660686493,-0.17711524665355682,0.01107851961840656,-3.0416760444641113,-0.17711524665355682,0.4096494894171286,-1.298370122909546,-0.17711524665355682,0.16021537352752957,-1.7765567302703857
Prrx2,0.0,0.0,0.0,0.9979940091511154,0.11319231241941452,0.0,1.0,0.0,0.0,1.0,0.0
Ptges,0.00023122367565520108,0.0,17.819103240966797,0.9979940091511154,0.14071114361286163,17.819103240966797,0.5196272646011879,1.0,17.819103240966797,0.46147875269036936,1.0
Tor1b,0.13077297806739807,0.17260077595710754,-0.43130940198898315,0.00013255882448014866,-4.330607891082764,-0.43130940198898315,0.009978032960525797,-3.146555185317993,-0.43130940198898315,6.813401577312485e-05,-4.398248672485352
Tor1a,0.33719807863235474,0.3842571973800659,-0.22445867955684662,0.03829249268969287,-2.5642378330230713,-0.22445867955684662,0.03181443382805449,-2.7192575931549072,-0.22445867955684662,0.0011078797111920083,-3.680595874786377
BC005624,0.4943709075450897,0.48669615387916565,0.028559477999806404,0.8982874732435796,0.63907790184021,0.028559477999806404,0.8680834260637577,0.3973030149936676,0.028559477999806404,0.745545044744343,0.5330302119255066
Usp20,0.05484004691243172,0.06287623941898346,-0.20313885807991028,0.15659502507137468,-1.9087733030319214,-0.20313885807991028,0.6019933028438547,-0.8512073159217834,-0.20313885807991028,0.36758009417338033,-1.2124435901641846
Fnbp1,0.6933320760726929,0.6148355007171631,0.23609861731529236,0.0004842115746475407,3.9951276779174805,0.23609861731529236,0.001480085061725789,3.74200701713562,0.23609861731529236,5.353163962724296e-06,4.969418525695801
Gpr107,0.2349342554807663,0.20651493966579437,0.2072647511959076,0.9979940091511154,0.4342452585697174,0.2072647511959076,0.17129047972378664,1.922758936882019,0.2072647511959076,0.03302293042384654,2.542152166366577
Ncs1,0.00026853717281483114,0.0,18.034961700439453,0.9979940091511154,0.14071114361286163,18.034961700439453,0.5196272646011879,1.0,18.034961700439453,0.46147875269036936,1.0
Hmcn2,0.0,0.0,0.0,0.9979940091511154,0.11319231241941452,0.0,1.0,0.0,0.0,1.0,0.0
Ass1,0.19868534803390503,0.371868371963501,-1.0351628065109253,2.382409574322604e-18,-9.195205688476562,-1.0351628065109253,5.043023573484559e-13,-7.925678730010986,-1.0351628065109253,9.898825348102361e-28,-11.43317985534668
Fubp3,0.05705661699175835,0.07114019244909286,-0.3285384476184845,0.05944809350588213,-2.379086971282959,-0.3285384476184845,0.3364554592230468,-1.4792375564575195,-0.3285384476184845,0.08524270133736606,-2.116225004196167
Exosc2,0.1324697583913803,0.22663982212543488,-0.8446991443634033,2.8629516501591594e-10,-6.795279502868652,-0.8446991443634033,2.3214744925029916e-08,-6.191102027893066,-0.8446991443634033,1.0416614954496e-17,-9.009035110473633
Abl1,0.06135425716638565,0.06623564660549164,-0.11400309205055237,0.06432179660172946,-2.3429296016693115,-0.11400309205055237,0.7758161632530282,-0.5557040572166443,-0.11400309205055237,0.6020475301438779,-0.7587421536445618
Qrfp,0.03802492842078209,0.062023427337408066,-0.7233231067657471,0.03448687909109666,-2.608410358428955,-0.7233231067657471,0.08472395035024664,-2.293626308441162,-0.7233231067657471,0.0024999528261701698,-3.4435014724731445
Fibcd1,0.00034785730531439185,0.0,18.40839195251465,0.9979940091511154,0.14071114361286163,18.40839195251465,0.5196272646011879,1.0,18.40839195251465,0.46147875269036936,1.0
Aif1l,0.0019353755051270127,0.0025105425156652927,-0.3758005201816559,0.9979940091511154,-0.061895087361335754,-0.3758005201816559,0.8756566472056163,-0.3839769959449768,-0.3758005201816559,0.7476908228070887,-0.5299258232116699
Nup214,0.30392736196517944,0.33048298954963684,-0.14101605117321014,0.19450589328484683,-1.7888126373291016,-0.14101605117321014,0.29550423342210413,-1.5751583576202393,-0.14101605117321014,0.08062066826636509,-2.142948865890503
Fam78a,0.23145189881324768,0.245658278465271,-0.09659550338983536,0.1004827695148347,-2.134979724884033,-0.09659550338983536,0.6097169576380065,-0.8375003337860107,-0.09659550338983536,0.4014003346836517,-1.1484899520874023
Prrc2b,0.5341882109642029,0.5350834727287292,-0.0031191890593618155,0.9979940091511154,-0.27429765462875366,-0.0031191890593618155,1.0,-0.04592915251851082,-0.0031191890593618155,1.0,-0.06036248430609703
Pomt1,0.035546109080314636,0.040003784000873566,-0.1736803501844406,0.1620471963631933,-1.8898040056228638,-0.1736803501844406,0.6838049111032687,-0.7135295867919922,-0.1736803501844406,0.49677661203374873,-0.9363698363304138
Uck1,0.161249577999115,0.17096273601055145,-0.09158697724342346,0.046637500742078494,-2.4829282760620117,-0.09158697724342346,0.653695532037912,-0.7651157975196838,-0.09158697724342346,0.46147875269036936,-1.0191885232925415
Swi5,1.263879418373108,1.3218607902526855,-0.11530698835849762,0.012429773462215592,-2.999640941619873,-0.11530698835849762,0.05216096699043074,-2.5173938274383545,-0.11530698835849762,0.0017735582758012498,-3.546863079071045
Golga2,0.13215020298957825,0.12997283041477203,0.025573335587978363,0.2161462625308988,-1.728609561920166,0.025573335587978363,0.9855471503526048,0.18199847638607025,0.025573335587978363,0.9306442939604449,0.2435736358165741
Dnm1,0.0,0.0,0.0,0.9979940091511154,0.11319231241941452,0.0,1.0,0.0,0.0,1.0,0.0
Ciz1,0.18619921803474426,0.17300909757614136,0.11579851806163788,0.9634751642871207,-0.5550965070724487,0.11579851806163788,0.5196272646011879,1.0042344331741333,0.11579851806163788,0.31007513093659606,1.3344541788101196
1110008P14Rik,0.6366802453994751,0.5834046006202698,0.16838563978672028,0.022187541675857937,2.7846555709838867,0.16838563978672028,0.027063305860607713,2.7806198596954346,0.16838563978672028,0.0012821229991592346,3.640592575073242
Lcn2,0.0014559798873960972,0.0018690753495320678,-0.36063215136528015,0.9979940091511154,0.1373269408941269,-0.36063215136528015,0.9741052158555406,-0.20419999957084656,-0.36063215136528015,0.8860699192792321,-0.3143292963504791
Ptges2,0.07280789315700531,0.10520164668560028,-0.5547041893005371,3.0479729437051574e-05,-4.677754878997803,-0.5547041893005371,0.005380504656222704,-3.3525805473327637,-0.5547041893005371,2.2526009181806713e-05,-4.654282569885254
Slc25a25,0.09075457602739334,0.07084871828556061,0.3717809319496155,0.7067842266707552,-0.8827397227287292,0.3717809319496155,0.12488432423765058,2.095557451248169,0.3717809319496155,0.024785925386831737,2.6569652557373047
Naif1,0.02745871990919113,0.03179313987493515,-0.21459318697452545,0.23860581994211677,-1.669119119644165,-0.21459318697452545,0.6661423104910533,-0.742064893245697,-0.21459318697452545,0.46907814392049146,-0.9866443276405334
Fam102a,0.20341937243938446,0.13280744850635529,0.6674832105636597,0.04113467313342049,2.5352940559387207,0.6674832105636597,6.519518880013293e-05,4.55535888671875,0.6674832105636597,2.1353272278297343e-08,6.015471935272217
Dpm2,0.3987356722354889,0.441684365272522,-0.18072724342346191,0.09491203940265144,-2.162409543991089,-0.18072724342346191,0.070936546741704,-2.378781318664551,-0.18072724342346191,0.005773997270517808,-3.179503917694092
Pip5kl1,0.0007259190315380692,0.0010663210414350033,-0.5550063252449036,0.9984208920935209,-0.0025826727505773306,-0.5550063252449036,0.8833148486217239,-0.3709941506385803,-0.5550063252449036,0.7650904124086976,-0.5033296942710876
St6galnac4,0.1373826563358307,0.16500265896320343,-0.28471508622169495,0.0024109837896299554,-3.5399537086486816,-0.28471508622169495,0.10287740507211798,-2.197634696960449,-0.28471508622169495,0.009268647748891622,-3.019277334213257
St6galnac6,0.03650869056582451,0.052254583686590195,-0.5287600159645081,0.01909100832353793,-2.8420088291168213,-0.5287600159645081,0.09483512218141027,-2.2401647567749023,-0.5287600159645081,0.007749424176257558,-3.0815954208374023
Ak1,0.0,0.0,0.0,0.9979940091511154,0.11319231241941452,0.0,1.0,0.0,0.0,1.0,0.0
Eng,0.00036740911309607327,0.005920600611716509,-4.014288425445557,0.9979940091511154,-0.03063584305346012,-4.014288425445557,0.4113426434575953,-1.2955695390701294,-4.014288425445557,0.06270973220017872,-2.2625367641448975
Fpgs,0.023622678592801094,0.04658372700214386,-0.9963133335113525,0.0016992773329068409,-3.643171787261963,-0.9963133335113525,0.001215073723806606,-3.8034520149230957,-0.9963133335113525,4.530167550379689e-07,-5.455939292907715
Cdk9,0.48233234882354736,0.5694491863250732,-0.3078635334968567,0.0005175242089456152,-3.977138042449951,-0.3078635334968567,4.9455352804673266e-05,-4.624118328094482,-0.3078635334968567,9.405601941477255e-09,-6.156789779663086
Sh2d3c,0.3251769244670868,0.25907859206199646,0.37783318758010864,0.09063143475591687,2.1844067573547363,0.37783318758010864,0.0007395831345058368,3.9305989742279053,0.37783318758010864,3.2270595087377963e-06,5.0736541748046875
Ttc16,0.005327009130269289,0.002730755368247628,0.965899646282196,0.9979940091511154,0.13269594311714172,0.965899646282196,0.436067735209425,1.2444260120391846,0.965899646282196,0.24496582479229076,1.5009039640426636
Tor2a,0.38142454624176025,0.34901532530784607,0.15290573239326477,0.30604181380053314,1.516919493675232,0.15290573239326477,0.18679415838372038,1.8707627058029175,0.15290573239326477,0.03907110372533974,2.4677107334136963
Ptrh1,0.029165515676140785,0.039359498769044876,-0.4398435950279236,0.08937746950514397,-2.1909971237182617,-0.4398435950279236,0.2696914484543228,-1.6379919052124023,-0.4398435950279236,0.0580586599289715,-2.2942843437194824
Cfap157,0.00047547457506880164,0.0,18.85935401916504,0.9979940091511154,0.14071114361286163,18.85935401916504,0.5196272646011879,1.0,18.85935401916504,0.46147875269036936,1.0
Stxbp1,0.0039018704555928707,0.006330569740384817,-0.6999226212501526,0.9979940091511154,-0.40369847416877747,-0.6999226212501526,0.5196272646011879,-1.0183675289154053,-0.6999226212501526,0.2583453462882825,-1.4665707349777222
Fam129b,0.04161231964826584,0.062368471175432205,-0.5989081859588623,0.004543069995766553,-3.3405537605285645,-0.5989081859588623,0.03253542305009191,-2.711487054824829,-0.5989081859588623,0.0008296616865712665,-3.760951280593872
Lrsam1,0.005750977899879217,0.008722275495529175,-0.6030431985855103,0.9714892571601285,-0.5443205833435059,-0.6030431985855103,0.5369624319559122,-0.9680982828140259,-0.6030431985855103,0.30701658613791044,-1.3414334058761597
Rpl12,3.2035269737243652,3.3907833099365234,-0.2805464565753937,2.492994319263331e-25,-10.839655876159668,-0.2805464565753937,4.169611144082791e-33,-13.114328384399414,-0.2805464565753937,2.7226649186299354e-58,-17.067426681518555
Slc2a8,0.04522855207324028,0.02546478994190693,0.8430706262588501,0.9979940091511154,0.19129590690135956,0.8430706262588501,0.006290658986806226,3.2945618629455566,0.8430706262588501,0.00040351872214468705,3.9554007053375244
Garnl3,0.0005324205849319696,0.001765768975019455,-1.730546236038208,0.9979940091511154,-0.08798898756504059,-1.730546236038208,0.49469452559649196,-1.1357910633087158,-1.730546236038208,0.16021537352752957,-1.783275842666626
Ralgps1,0.013965768739581108,0.006727559957653284,1.0589697360992432,0.9979940091511154,0.218636617064476,1.0589697360992432,0.11021986767925554,2.1602697372436523,1.0589697360992432,0.03206865197429846,2.5550456047058105
Angptl2,0.0021236059255898,0.0047745672054588795,-1.1707669496536255,0.9979940091511154,-0.2330639511346817,-1.1707669496536255,0.4965679968589554,-1.1321576833724976,-1.1707669496536255,0.16212070713326465,-1.7522729635238647
Zbtb34,0.009670536033809185,0.00759893748909235,0.349294513463974,0.9979940091511154,-0.28489553928375244,0.349294513463974,0.702960942717202,0.6788286566734314,0.349294513463974,0.5549502337323778,0.8378148078918457
Zbtb43,0.07809224724769592,0.07577958703041077,0.04505965858697891,0.07479062090456363,-2.2752456665039062,0.04505965858697891,0.9492365026748286,0.2526085078716278,0.04505965858697891,0.8820550341693101,0.32094335556030273
Mvb12b,0.03597260266542435,0.042992331087589264,-0.2622779607772827,0.09549508265790323,-2.159381628036499,-0.2622779607772827,0.5196272646011879,-1.0620322227478027,-0.2622779607772827,0.2772746106377798,-1.4209706783294678
Pbx3,0.053931549191474915,0.037918899208307266,0.5198514461517334,0.9979940091511154,-0.3657599091529846,0.5198514461517334,0.12995074496999817,2.0741634368896484,0.5198514461517334,0.02607378307834035,2.6371192932128906
Mapkap1,0.29143965244293213,0.25643256306648254,0.21102136373519897,0.7309027368337572,0.8496993184089661,0.21102136373519897,0.09779150082486907,2.2232284545898438,0.21102136373519897,0.01261509146200201,2.9109578132629395
Gapvd1,0.3234322965145111,0.3588680028915405,-0.1770014613866806,0.12564640044602535,-2.0242810249328613,-0.1770014613866806,0.17303088060453342,-1.9171301126480103,-0.1770014613866806,0.027156150892111385,-2.6203887462615967
Hspa5,1.736395001411438,2.152334213256836,-0.701398491859436,3.984029286933298e-36,-12.99120044708252,-0.701398491859436,5.782928865313255e-45,-15.649155616760254,-0.701398491859436,6.041183039045728e-81,-20.478761672973633
Rabepk,0.19546549022197723,0.22047004103660583,-0.19233030080795288,0.023805430418968432,-2.757493019104004,-0.19233030080795288,0.22273358668511284,-1.7680392265319824,-0.19233030080795288,0.046284034812708486,-2.3946990966796875
Fbxw2,0.6523928046226501,0.5785282254219055,0.23206692934036255,0.0003772983136843616,4.062188148498535,0.23206692934036255,0.003507254225807063,3.489210844039917,0.23206692934036255,1.8628437144700912e-05,4.697791576385498
Gm34653,0.0,0.0,0.0,0.9979940091511154,0.11319231241941452,0.0,1.0,0.0,0.0,1.0,0.0
Psmd5,0.22186248004436493,0.23488782346248627,-0.09205929934978485,0.07834394859726569,-2.2533373832702637,-0.09205929934978485,0.5512385869658282,-0.942801833152771,-0.09205929934978485,0.35756736052724986,-1.2336257696151733
Phf19,0.060624659061431885,0.0501534603536129,0.2811785936355591,0.4336525812306758,-1.2787792682647705,0.2811785936355591,0.37685692291810746,1.3667658567428589,0.2811785936355591,0.17300244095365322,1.7131915092468262
Traf1,0.9932122826576233,0.9707761406898499,0.051754821091890335,0.8446549034315637,0.7057821154594421,0.051754821091890335,0.6750305683407035,0.7280507683753967,0.051754821091890335,0.4739767835752024,0.9779009222984314
AI182371,0.0012121307663619518,0.0014693690463900566,-0.27783694863319397,0.9979940091511154,0.05263309180736542,-0.27783694863319397,0.9687439045115179,-0.21304549276828766,-0.27783694863319397,0.8931829574472704,-0.30245092511177063
Cntrl,0.98287034034729,0.8303256034851074,0.36976367235183716,5.2577275344351656e-08,5.93685245513916,0.36976367235183716,2.6192324003660318e-09,6.542750358581543,0.36976367235183716,4.9701882794378403e-17,8.826947212219238
Rab14,0.8512771725654602,0.7706812620162964,0.20940519869327545,0.0005311287952514473,3.9697461128234863,0.20940519869327545,0.0009320807491678476,3.870760202407837,0.20940519869327545,1.8025136468932213e-06,5.189204692840576
Gsn,0.09956678748130798,0.0875571072101593,0.19423846900463104,0.6043791751200551,-1.0185526609420776,0.19423846900463104,0.49814224193266043,1.1283963918685913,0.19423846900463104,0.24225724701349957,1.5079721212387085
Stom,0.010279381647706032,0.011823521926999092,-0.20302215218544006,0.8259899935641889,-0.7299167513847351,-0.20302215218544006,0.8376923397138402,-0.45029446482658386,-0.20302215218544006,0.7030497445521593,-0.5991522669792175
Ggta1,0.08637125790119171,0.08948672562837601,-0.05340280011296272,0.07841790241534036,-2.252803087234497,-0.05340280011296272,0.9023188894921325,-0.33654093742370605,-0.05340280011296272,0.802664627294418,-0.44614177942276
Dab2ip,0.01492739375680685,0.013664745725691319,0.12841661274433136,0.7701108882963162,-0.8004504442214966,0.12841661274433136,0.9143538652853013,0.3143627643585205,0.12841661274433136,0.8363247513144704,0.39193466305732727
Ttll11,0.00029244404868222773,0.0,18.158016204833984,0.9979940091511154,0.14071114361286163,18.158016204833984,0.5196272646011879,1.0,18.158016204833984,0.46147875269036936,1.0
Ndufa8,1.0325355529785156,1.1008309125900269,-0.150262713432312,0.03767686496308713,-2.571718692779541,-0.150262713432312,0.0034612837626581848,-3.4927289485931396,-0.150262713432312,2.57211835774236e-05,-4.625118255615234
Morn5,0.0,0.0,0.0,0.9979940091511154,0.11319231241941452,0.0,1.0,0.0,0.0,1.0,0.0
Lhx6,0.00026585644809529185,0.0004719325515907258,-0.8280794620513916,0.9979940091511154,0.05521576479077339,-0.8280794620513916,0.8773472300227197,-0.38044998049736023,-0.8280794620513916,0.7375876736342851,-0.5457179546356201
Rbm18,0.16057059168815613,0.1556960791349411,0.048083920031785965,0.3544931626996144,-1.4204699993133545,0.048083920031785965,0.8814670432812395,0.37420615553855896,0.048083920031785965,0.7665423943530314,0.5008462071418762
Mrrf,0.08760105818510056,0.1318124532699585,-0.6219415068626404,1.9068157806467547e-05,-4.784445762634277,-0.6219415068626404,0.0006260125459235872,-3.9855873584747314,-0.6219415068626404,1.425549863275551e-07,-5.672909736633301
Ptgs1,0.0011488166637718678,0.0069161453284323215,-2.5939817428588867,0.9979940091511154,-0.31686723232269287,-2.5939817428588867,0.3463811878605554,-1.4584929943084717,-2.5939817428588867,0.03742492688265291,-2.488682746887207
Olfr338,0.0008748694090172648,0.0,19.739341735839844,0.9979940091511154,0.16822996735572815,19.739341735839844,0.36533327975281604,1.395020842552185,19.739341735839844,0.28518348643414954,1.395020842552185
Olfr354,0.0,0.0,0.0,0.9979940091511154,0.11319231241941452,0.0,1.0,0.0,0.0,1.0,0.0
Pdcl,0.1689184606075287,0.15825358033180237,0.10199175029993057,0.8004880539113368,-0.7610869407653809,0.10199175029993057,0.5949072741462614,0.8630825877189636,0.10199175029993057,0.40451517104255147,1.1427931785583496
Rc3h2,0.1833462417125702,0.1773826777935028,0.0521363727748394,0.543560393821204,-1.1088571548461914,0.0521363727748394,0.8712340557949377,0.3908529579639435,0.0521363727748394,0.7436646195024905,0.5359625816345215
Zbtb6,0.044454336166381836,0.04922273010015488,-0.15046700835227966,0.23761513332879874,-1.6716127395629883,-0.15046700835227966,0.7373534230976673,-0.6220846176147461,-0.15046700835227966,0.5407473027698771,-0.8611089587211609
Zbtb26,0.022753460332751274,0.026805343106389046,-0.2393694370985031,0.4513814847906959,-1.2493011951446533,-0.2393694370985031,0.7113526955213832,-0.6647872924804688,-0.2393694370985031,0.49293304775617347,-0.9427399039268494
Rabgap1,0.10677876323461533,0.11867307871580124,-0.16110898554325104,0.09517168488739997,-2.160984754562378,-0.16110898554325104,0.5583704243418152,-0.9289330840110779,-0.16110898554325104,0.31630514581262004,-1.319919466972351
Strbp,0.20711782574653625,0.2386198192834854,-0.22782936692237854,0.005018076256683029,-3.3079586029052734,-0.22782936692237854,0.1434707630171931,-2.0246503353118896,-0.22782936692237854,0.020057838193201793,-2.7390782833099365
Gpr21,0.004092128947377205,0.0010793861001729965,1.9248137474060059,0.9979940091511154,0.2743867337703705,1.9248137474060059,0.12526337455506742,2.0928635597229004,1.9248137474060059,0.054029078125990074,2.3284287452697754
Dennd1a,0.09426485747098923,0.08689413964748383,0.12285827100276947,0.5271702166284371,-1.133615255355835,0.12285827100276947,0.7517945660442158,0.5972338914871216,0.12285827100276947,0.5517766521519265,0.8428913950920105
Lhx2,0.003920632880181074,0.0,21.905485153198242,0.9979940091511154,0.36086171865463257,21.905485153198242,0.018493021024572478,2.92036771774292,21.905485153198242,0.012411186194311547,2.92036771774292
Nek6,0.0029777362942695618,0.018107416108250618,-2.615225315093994,0.1834538037038624,-1.8208733797073364,-2.615225315093994,0.0011610602271542507,-3.828221082687378,-2.615225315093994,7.227093346333825e-09,-6.209650993347168
Psmb7,0.874362051486969,0.971507728099823,-0.2326994389295578,0.0002434664004154126,-4.1778740882873535,-0.2326994389295578,5.317087315982221e-05,-4.607900142669678,-0.2326994389295578,5.7062097450238285e-09,-6.241111755371094
Nr6a1,0.0029459057841449976,0.003235309384763241,-0.13540130853652954,0.9979940091511154,-0.062429435551166534,-0.13540130853652954,1.0,-0.13541722297668457,-0.13540130853652954,0.9673150641283436,-0.181315615773201
Olfml2a,0.0,0.0,0.0,0.9979940091511154,0.11319231241941452,0.0,1.0,0.0,0.0,1.0,0.0
Wdr38,0.0017044621054083109,0.004062355495989323,-1.2547012567520142,0.9979940091511154,-0.3733298182487488,-1.2547012567520142,0.3951594348946019,-1.329157829284668,-1.2547012567520142,0.1331447955944172,-1.8877527713775635
Rpl35,2.2649168968200684,2.3917694091796875,-0.20278829336166382,2.7289888347544343e-12,-7.467397689819336,-0.20278829336166382,6.9906178467365585e-15,-8.44115161895752,-0.20278829336166382,5.62250057513925e-26,-11.062492370605469
Arpc5l,1.0257245302200317,0.9983466267585754,0.06205517798662186,0.08583556665365809,2.21058988571167,0.06205517798662186,0.36596576400227426,1.3931760787963867,0.06205517798662186,0.15332803587160285,1.8117671012878418
Golga1,0.051798902451992035,0.05047576501965523,0.038293275982141495,0.38173664447694766,-1.3692618608474731,0.038293275982141495,0.9985642971489007,0.15527090430259705,0.038293275982141495,0.9494050584479581,0.21160496771335602
Scai,0.06110703572630882,0.04580286517739296,0.4270385205745697,0.9979940091511154,-0.4008486270904541,0.4270385205745697,0.20055501497366468,1.8299072980880737,0.4270385205745697,0.04888212721305517,2.371265172958374
Ppp6c,0.465724378824234,0.4921637773513794,-0.10025075823068619,0.4972348627377825,-1.1785893440246582,-0.10025075823068619,0.3497731630636687,-1.448500394821167,-0.10025075823068619,0.12692738911441856,-1.9137320518493652
Kynu,0.0,0.0,0.0,0.9979940091511154,0.11319231241941452,0.0,1.0,0.0,0.0,1.0,0.0
Arhgap15,0.6872971653938293,0.5734784603118896,0.35186678171157837,1.82024815204675e-06,5.2757768630981445,0.35186678171157837,1.9823152081581313e-05,4.832487106323242,0.35186678171157837,6.091411076415413e-10,6.602930545806885
Gtdc1,0.09928158670663834,0.06851395964622498,0.5576328635215759,0.9979940091511154,-0.22495970129966736,0.5576328635215759,0.009879710791735736,3.1454086303710938,0.5576328635215759,0.00038193563755073467,3.969165802001953
Zeb2,0.3514750599861145,0.31044143438339233,0.2103302776813507,0.9979940091511154,-0.032684169709682465,0.2103302776813507,0.32193308446056645,1.5111497640609741,0.2103302776813507,0.09679318259035781,2.053375482559204
Acvr2a,0.002179591218009591,0.0024919549468904734,-0.1934458613395691,0.9979940091511154,-0.08977014571428299,-0.1934458613395691,0.978590091303208,-0.19380612671375275,-0.1934458613395691,0.9250401301108835,-0.2520037591457367
Orc4,0.23242118954658508,0.29733413457870483,-0.4042328894138336,6.244598148125093e-05,-4.512641906738281,-0.4042328894138336,0.0005321051943126986,-4.024895668029785,-0.4042328894138336,3.161369301067811e-07,-5.525043487548828
Mbd5,0.045102186501026154,0.03821943700313568,0.2438901960849762,0.36230415093824947,-1.4055083990097046,0.2438901960849762,0.5196272646011879,0.9998217225074768,0.2438901960849762,0.34866264938812813,1.2523696422576904
Epc2,0.23964597284793854,0.24432943761348724,-0.031437598168849945,0.42744123434589526,-1.2891099452972412,-0.031437598168849945,0.9283577169655364,-0.28882625699043274,-0.031437598168849945,0.8363754235016571,-0.39173582196235657
Kif5c,0.008773205801844597,0.004352990072220564,1.014289140701294,0.9979940091511154,0.10455372184515,1.014289140701294,0.24436930127214623,1.7045012712478638,1.014289140701294,0.10707249027003236,2.0021281242370605
Lypd6b,0.0003586556704249233,0.003162260167300701,-3.1423041820526123,0.9979940091511154,-0.03045772761106491,-3.1423041820526123,0.5035715840662018,-1.1193201541900635,-3.1423041820526123,0.12347940313531144,-1.9287179708480835
Mmadhc,0.2603396475315094,0.3438127934932709,-0.4644683003425598,2.4274168303669877e-06,-5.217889785766602,-0.4644683003425598,7.950849746965902e-06,-5.034504413604736,-0.4644683003425598,9.270526294618374e-11,-6.896356105804443
Rnd3,0.0,0.0018690753495320678,-20.835243225097656,0.9979940091511154,0.027607882395386696,-20.835243225097656,0.5196272646011879,-1.0,-20.835243225097656,0.16021537352752957,-1.759765386581421
Rbm43,0.15997028350830078,0.173736110329628,-0.12929971516132355,0.022181686633309265,-2.7848336696624756,-0.12929971516132355,0.5196272646011879,-1.0755679607391357,-0.12929971516132355,0.27183894359027655,-1.4342925548553467
Nmi,0.585021436214447,0.4917675256729126,0.32378852367401123,9.698077083844029e-05,4.406930446624756,0.32378852367401123,7.944915702750472e-05,4.508609771728516,0.32378852367401123,2.3800631656110904e-08,5.9955735206604
Rif1,0.5347703695297241,0.6668828129768372,-0.42329806089401245,2.9108514792080366e-07,-5.630671977996826,-0.42329806089401245,7.899835471815364e-07,-5.507387161254883,-0.42329806089401245,1.6744313705565321e-12,-7.480700969696045
Neb,0.0372270792722702,0.035176005214452744,0.08324913680553436,0.5498960610960558,-1.0986155271530151,0.08324913680553436,0.9156624528389978,0.3121386170387268,0.08324913680553436,0.8238020429612721,0.413027822971344
Arl5a,0.2866533100605011,0.28039851784706116,0.036552805453538895,0.9979940091511154,-0.40930911898612976,0.036552805453538895,0.8833743876406126,0.37067052721977234,0.036552805453538895,0.7696707067649525,0.49599528312683105
Cacnb4,0.009942867793142796,0.009215258061885834,0.11016304045915604,0.9979940091511154,-0.09475737065076828,0.11016304045915604,0.9933819123442108,0.16621209681034088,0.11016304045915604,0.9342982276334678,0.23773586750030518
Stam2,0.1677098423242569,0.18341942131519318,-0.14084239304065704,0.02020633599376842,-2.819744348526001,-0.14084239304065704,0.4702193141342414,-1.1801371574401855,-0.14084239304065704,0.21674362645488565,-1.577802300453186
Fmnl2,0.0005557264084927738,0.005956538952887058,-3.4259231090545654,0.9979940091511154,-0.08870144933462143,-3.4259231090545654,0.3981700738384177,-1.3234493732452393,-3.4259231090545654,0.05668929122696688,-2.306513786315918
Prpf40a,0.9651387333869934,1.1176472902297974,-0.3404240310192108,1.3881079597452167e-09,-6.550816059112549,-0.3404240310192108,1.8063218132250418e-09,-6.607522487640381,-0.3404240310192108,1.1896874949303805e-17,-8.99601936340332
Arl6ip6,0.20900993049144745,0.31404733657836914,-0.6664775609970093,6.804843350559244e-09,-6.289787769317627,-0.6664775609970093,1.4400906538037685e-07,-5.848237991333008,-0.6664775609970093,2.821578016311492e-15,-8.324225425720215
Nr4a2,0.7379243969917297,0.764336884021759,-0.0721510648727417,0.7088501466505724,-0.8799789547920227,-0.0721510648727417,0.6301691110188906,-0.8046932220458984,-0.0721510648727417,0.4242096445063444,-1.1057628393173218
Gpd2,0.24998167157173157,0.26268208026885986,-0.08104775100946426,0.08351316561999586,-2.22332501411438,-0.08104775100946426,0.6452243556426299,-0.7778999209403992,-0.08104775100946426,0.46147875269036936,-1.029068946838379
Ermn,0.027711236849427223,0.028125077486038208,-0.02168574370443821,0.4754066969639408,-1.210917353630066,-0.02168574370443821,1.0,-0.06474661082029343,-0.02168574370443821,1.0,-0.08367466181516647
Cytip,1.3600239753723145,1.2743114233016968,0.16893845796585083,4.478737920774947e-05,4.588162899017334,0.16893845796585083,0.0008937082782860998,3.8843328952789307,0.16893845796585083,9.038787626971094e-07,5.324136257171631
Acvr1,0.0007032373687252402,0.001591640873812139,-1.179071068763733,0.9979940091511154,-0.08798898756504059,-1.179071068763733,0.6076715399026469,-0.8419616222381592,-1.179071068763733,0.36773936060670315,-1.2120558023452759
Upp2,0.0005524975713342428,0.00314390123821795,-2.5103836059570312,0.9979940091511154,-0.17375153303146362,-2.5103836059570312,0.34715005500215995,-1.455972671508789,-2.5103836059570312,0.0418989035825649,-2.4387197494506836
Ccdc148,0.018477492034435272,0.018863355740904808,-0.03009677678346634,0.9483945483403705,-0.5738877058029175,-0.03009677678346634,1.0,-0.0746351107954979,-0.03009677678346634,1.0,-0.1032566949725151
Pkp4,0.1540369987487793,0.12047159671783447,0.3793499767780304,0.9979940091511154,0.1350114494562149,0.3793499767780304,0.05017244535906435,2.532222032546997,0.3793499767780304,0.0035350034096769912,3.338275194168091
Dapl1,0.031180845573544502,0.0405815951526165,-0.3869872987270355,0.6626959034812581,-0.9408053755760193,-0.3869872987270355,0.7224656286589285,-0.6475966572761536,-0.3869872987270355,0.5128506374604843,-0.9088569283485413
Tanc1,0.055220358073711395,0.07107051461935043,-0.375604510307312,0.028785639256477178,-2.6817939281463623,-0.375604510307312,0.26990098910685845,-1.63746976852417,-0.375604510307312,0.056905663738962074,-2.3029422760009766
Wdsub1,0.01295522041618824,0.016730206087231636,-0.3716515004634857,0.9979940091511154,-0.4581127166748047,-0.3716515004634857,0.70207883960681,-0.6811717748641968,-0.3716515004634857,0.46147875269036936,-1.004652976989746
Baz2b,0.09620613604784012,0.13132382929325104,-0.47474023699760437,0.00010803157693826342,-4.379500389099121,-0.47474023699760437,0.03066814553522753,-2.734971523284912,-0.47474023699760437,0.0005705962594316809,-3.862551212310791
March7,0.5566468834877014,0.5310572981834412,0.08801889419555664,0.1505024569623014,1.9309486150741577,0.08801889419555664,0.47392672647744966,1.1733499765396118,0.08801889419555664,0.20210980398562808,1.6199177503585815
Cd302,0.0006474336259998381,0.00862037017941475,-3.740699291229248,0.9979940091511154,-0.17410777509212494,-3.740699291229248,0.3199554586206164,-1.517622947692871,-3.740699291229248,0.02538909583927494,-2.6493935585021973
Ly75,0.11137446016073227,0.12605847418308258,-0.18947672843933105,0.015915662421184536,-2.9096925258636475,-0.18947672843933105,0.48992327612797215,-1.1439874172210693,-0.18947672843933105,0.21231362590795153,-1.5903265476226807
Pla2r1,0.0002969934430439025,0.0,18.18029022216797,0.9979940091511154,0.14071114361286163,18.18029022216797,0.5196272646011879,1.0,18.18029022216797,0.46147875269036936,1.0
Rbms1,0.8500035405158997,0.7436762452125549,0.27957233786582947,1.8607916621623245e-05,4.7899675369262695,0.27957233786582947,1.4354270994638239e-05,4.896373271942139,0.27957233786582947,1.9470069799747123e-09,6.419371604919434
Tank,0.28087297081947327,0.22114306688308716,0.3898243010044098,0.07146641505494704,2.295639991760254,0.3898243010044098,0.0005541414662578887,4.008986473083496,0.3898243010044098,1.8016629102537772e-06,5.190682411193848
Psmd14,0.8756531476974487,0.9469559192657471,-0.17207787930965424,0.025705399801518484,-2.7268571853637695,-0.17207787930965424,0.009251058994152522,-3.171766996383667,-0.17207787930965424,9.625813352996257e-05,-4.31660795211792
Tbr1,0.002454383997246623,0.0,21.228700637817383,0.9979940091511154,0.2783052623271942,21.228700637817383,0.0657442105904661,2.409884452819824,21.228700637817383,0.04489602731259268,2.409884452819824
Dpp4,0.25316837430000305,0.2968725264072418,-0.26271554827690125,0.013026259313486948,-2.982630729675293,-0.26271554827690125,0.11406392422272967,-2.1448755264282227,-0.26271554827690125,0.008512488432859504,-3.0490074157714844
Fap,0.0013405450154095888,0.0,20.355356216430664,0.9979940091511154,0.22326761484146118,20.355356216430664,0.16950554287131409,1.9282169342041016,20.355356216430664,0.12366005756701348,1.9282169342041016
Ifih1,0.17363061010837555,0.16621509194374084,0.06847038865089417,0.3990549085114486,-1.3378244638442993,0.06847038865089417,0.824367268074568,0.4720822870731354,0.06847038865089417,0.6736605038035677,0.6438698172569275
Gca,0.015104731544852257,0.011647963896393776,0.3774217367172241,0.9979940091511154,-0.10775979608297348,0.3774217367172241,0.5664374060506732,0.9133883118629456,0.3774217367172241,0.37898481285061586,1.1903849840164185
Kcnh7,0.00029961674590595067,0.0,18.19297981262207,0.9979940091511154,0.14071114361286163,18.19297981262207,0.5196272646011879,1.0,18.19297981262207,0.46147875269036936,1.0
Grb14,0.0015733973123133183,0.002863718196749687,-0.8649371862411499,0.9979940091511154,-0.20287339389324188,-0.8649371862411499,0.6044421331107958,-0.8472533226013184,-0.8649371862411499,0.3878714076892987,-1.1735601425170898
Cobll1,0.09799521416425705,0.11704325675964355,-0.27024513483047485,0.0018841338840460552,-3.6127140522003174,-0.27024513483047485,0.2634917606807626,-1.6534571647644043,-0.27024513483047485,0.059726348593363975,-2.2812795639038086
Slc38a11,0.0007191437762230635,0.0,19.45644187927246,0.9979940091511154,0.16822996735572815,19.45644187927246,0.36167647049845647,1.4111026525497437,19.45644187927246,0.2801966871638719,1.4111026525497437
Scn2a,0.0,0.0010096717160195112,-19.946184158325195,0.9979940091511154,-0.05797655135393143,-19.946184158325195,0.36167647049845647,-1.4144041538238525,-19.946184158325195,0.037445917028153704,-2.4890193939208984
Galnt3,0.09937384724617004,0.09350857138633728,0.09206651151180267,0.20797433872460572,-1.7513192892074585,0.09206651151180267,0.7763543394106571,0.5542219281196594,0.09206651151180267,0.617953340650738,0.7325267791748047
Ttc21b,0.055782388895750046,0.09672590345144272,-0.8240025043487549,1.1694303313158666e-06,-5.364033222198486,-0.8240025043487549,0.00013034227714386022,-4.395386695861816,-0.8240025043487549,6.335829921514051e-09,-6.222167015075684
Stk39,0.39740821719169617,0.40690746903419495,-0.041389357298612595,0.5861851725637662,-1.0450918674468994,-0.041389357298612595,0.8082927018987642,-0.5001005530357361,-0.041389357298612595,0.663507103539784,-0.6604897975921631
Cers6,0.08081590384244919,0.09326741099357605,-0.21584591269493103,0.025071204279105523,-2.7369205951690674,-0.21584591269493103,0.4686083933853847,-1.183201789855957,-0.21584591269493103,0.2006681964687421,-1.6243228912353516
Nostrin,0.0015625986270606518,0.0,20.576644897460938,0.9979940091511154,0.19574879109859467,20.576644897460938,0.2702845481335967,1.6348376274108887,20.576644897460938,0.19763031775900228,1.6348376274108887
Spc25,0.7415242791175842,0.4995439052581787,0.7623676657676697,8.348355862164914e-19,9.31106948852539,0.7623676657676697,7.087210276372428e-22,10.463825225830078,0.7623676657676697,4.118712125193623e-41,14.108887672424316
Dhrs9,0.0010796027490869164,0.0,20.042848587036133,0.9979940091511154,0.19574879109859467,20.042848587036133,0.24873507401145223,1.6935200691223145,20.042848587036133,0.17861797999383736,1.6935200691223145
Bbs5,0.001744938432238996,0.006865424569696188,-1.9798684120178223,0.9979940091511154,-0.34607815742492676,-1.9798684120178223,0.36167647049845647,-1.4161680936813354,-1.9798684120178223,0.048828018565918035,-2.3726613521575928
Fastkd1,0.026361649855971336,0.03679843991994858,-0.4887723922729492,0.067475882008458,-2.3213775157928467,-0.4887723922729492,0.26068013278758956,-1.660290002822876,-0.4887723922729492,0.05249580534073382,-2.339965343475342
Ppig,0.9206165075302124,0.9596246480941772,-0.0923537015914917,0.4019133328513455,-1.3330154418945312,-0.0923537015914917,0.2787702248503205,-1.6138705015182495,-0.0923537015914917,0.07100939742158419,-2.2039108276367188
Ccdc173,0.009113692678511143,0.011802487075328827,-0.3749261498451233,0.7779945717857667,-0.7893182635307312,-0.3749261498451233,0.6564637014911392,-0.759543776512146,-0.3749261498451233,0.46147875269036936,-1.024737000465393
Phospho2,0.11751242727041245,0.12118596583604813,-0.0471121184527874,0.19217043497474942,-1.7954919338226318,-0.0471121184527874,0.9112975065228599,-0.3204517364501953,-0.0471121184527874,0.8117712824321418,-0.43216627836227417
Klhl23,0.00026999300462193787,0.0016283390577882528,-2.5933828353881836,0.9979940091511154,-0.11577498912811279,-2.5933828353881836,0.3675185050890158,-1.3902413845062256,-2.5933828353881836,0.06123248660706221,-2.2714102268218994
Ssb,1.4121867418289185,1.4859118461608887,-0.13901451230049133,0.002874838976444192,-3.4837584495544434,-0.13901451230049133,0.003706049867878631,-3.47295880317688,-0.13901451230049133,1.578752529904845e-05,-4.7343645095825195
Mettl5,0.1558590680360794,0.15327881276607513,0.025992903858423233,0.2566819669240619,-1.6262823343276978,0.025992903858423233,0.9760652812486657,0.19946618378162384,0.025992903858423233,0.9149795814993174,0.26771172881126404
Ubr3,0.12766462564468384,0.14374829828739166,-0.18305014073848724,0.03592031712917484,-2.591489553451538,-0.18305014073848724,0.43029856280616063,-1.2561057806015015,-0.18305014073848724,0.16248336464249827,-1.7510768175125122
Myo3b,0.00403928617015481,0.003358295653015375,0.2668626606464386,0.9979940091511154,-0.03526684269309044,0.2668626606464386,0.9005180344903057,0.3406156301498413,0.2668626606464386,0.810118258628496,0.4346553087234497
Gorasp2,0.28279703855514526,0.4343523681163788,-0.7349417805671692,6.506122591957178e-14,-7.964695930480957,-0.7349417805671692,1.6821700247766146e-15,-8.678694725036621,-0.7349417805671692,3.199572760570021e-30,-11.969514846801758
Tlk1,0.4758605659008026,0.48203352093696594,-0.023401375859975815,0.9488314028309542,-0.5727299451828003,-0.023401375859975815,0.9070924801764582,-0.3269917666912079,-0.023401375859975815,0.8115809036075242,-0.432537317276001
Mettl8,0.03571971505880356,0.061089470982551575,-0.7926509976387024,0.00034050162642364093,-4.090330123901367,-0.7926509976387024,0.0034780626366071503,-3.494985342025757,-0.7926509976387024,6.396100294662386e-06,-4.930674076080322
Dcaf17,0.10473333299160004,0.11211925745010376,-0.10373766720294952,0.017145088937318767,-2.882084608078003,-0.10373766720294952,0.7068928433326324,-0.6730391383171082,-0.10373766720294952,0.5199731264037282,-0.8966819047927856
Cybrd1,0.0003905869962181896,0.0,18.57556915283203,0.9979940091511154,0.14071114361286163,18.57556915283203,0.5196272646011879,1.0,18.57556915283203,0.46147875269036936,1.0
Dync1i2,0.5418408513069153,0.538676917552948,0.01093591470271349,0.9979940091511154,0.33485689759254456,0.01093591470271349,0.9979977044329037,0.15608960390090942,0.01093591470271349,0.9530815984551733,0.20596225559711456
Slc25a12,0.1539125144481659,0.18356995284557343,-0.2762141823768616,0.0010443748567252693,-3.784417152404785,-0.2762141823768616,0.07499506837510961,-2.352142810821533,-0.2762141823768616,0.00627612376059716,-3.151773452758789
Hat1,0.6798484921455383,0.7687948942184448,-0.24922539293766022,0.0019869250236343363,-3.596149206161499,-0.24922539293766022,0.0018867257347383337,-3.676285982131958,-0.24922539293766022,3.5412249785346826e-06,-5.052980899810791
Metap1d,0.0450596809387207,0.054529815912246704,-0.2820960581302643,0.0849106719903011,-2.2157552242279053,-0.2820960581302643,0.4554459397940147,-1.209189534187317,-0.2820960581302643,0.19385620674574489,-1.646224021911621
Dlx1,0.0,0.0006283739930950105,-19.26171875,0.9979940091511154,0.027607882395386696,-19.26171875,0.5196272646011879,-1.0,-19.26171875,0.16021537352752957,-1.759765386581421
Dlx2,0.0002640339662320912,0.0,18.01055908203125,0.9979940091511154,0.14071114361286163,18.01055908203125,0.5196272646011879,1.0,18.01055908203125,0.46147875269036936,1.0
Itga6,0.14122098684310913,0.14613451063632965,-0.052971746772527695,0.1513190684152186,-1.9281878471374512,-0.052971746772527695,0.8883584081391414,-0.361623615026474,-0.052971746772527695,0.7671637454814072,-0.49980485439300537
Pdk1,0.03331269323825836,0.057370565831661224,-0.8017240166664124,0.004374199748788432,-3.3535561561584473,-0.8017240166664124,0.021275047600115872,-2.876098155975342,-0.8017240166664124,0.00011328521162320467,-4.276296138763428
Rapgef4,0.0045364173129200935,0.010121268220245838,-1.161798119544983,0.9979940091511154,-0.34964045882225037,-1.161798119544983,0.4595417168989004,-1.2018861770629883,-1.161798119544983,0.12209203913102322,-1.9340440034866333
Map3k20,0.00026466118288226426,0.0020059719681739807,-2.9233345985412598,0.9979940091511154,-0.11577498912811279,-2.9233345985412598,0.34406934441088227,-1.4641526937484741,-2.9233345985412598,0.04056859862594264,-2.4523849487304688
Cdca7,0.10170523077249527,0.2585853338241577,-1.462807059288025,2.44159158086453e-21,-9.929040908813477,-1.462807059288025,7.46557466069491e-20,-10.092166900634766,-1.462807059288025,1.2202072773926518e-47,-15.266329765319824
Sp3,0.54876708984375,0.49962759017944336,0.1738700270652771,0.07816070611262295,2.254495143890381,0.1738700270652771,0.06070909845999031,2.4476478099823,0.1738700270652771,0.0050929782817856475,3.2197425365448
Ola1,0.6584792733192444,0.8004850745201111,-0.39651626348495483,4.8589645255957603e-08,-5.9503889083862305,-0.39651626348495483,5.267290533361823e-10,-6.811172962188721,-0.39651626348495483,1.453905438069202e-18,-9.243931770324707
Sp9,0.0016994868637993932,0.0004968305001966655,1.7751392126083374,0.9979940091511154,0.16564728319644928,1.7751392126083374,0.41029933573108046,1.295790195465088,1.7751392126083374,0.26802054098123673,1.443352460861206
Cir1,0.2753061354160309,0.29457131028175354,-0.11213603615760803,0.11619091462738997,-2.063288450241089,-0.11213603615760803,0.5196272646011879,-1.0860716104507446,-0.11213603615760803,0.2547602616558494,-1.4756680727005005
Scrn3,0.07156400382518768,0.066465824842453,0.11034125834703445,0.5326613563913157,-1.1260453462600708,0.11034125834703445,0.7474310154772068,0.6043839454650879,0.11034125834703445,0.5771630072576762,0.8003135919570923
Gpr155,0.014944750815629959,0.010604681447148323,0.49807488918304443,0.9982866462090498,0.021551959216594696,0.49807488918304443,0.5126823112584743,1.1021556854248047,0.49807488918304443,0.2779929581924,1.419366478919983
Wipf1,0.7163150906562805,0.6486014127731323,0.19762025773525238,0.003430830069497204,3.4285426139831543,0.19762025773525238,0.008419554402179006,3.2022483348846436,0.19762025773525238,0.00010717209990701063,4.290712356567383
Chrna1,0.0006303351256065071,0.0011625316692516208,-0.8834618926048279,0.9984208920935209,-0.0025826727505773306,-0.8834618926048279,0.7701514666282782,-0.5660925507545471,-0.8834618926048279,0.5692910756188214,-0.8139766454696655
Chn1,0.002202556701377034,0.00357360253110528,-0.6991892457008362,0.9979940091511154,-0.23199526965618134,-0.6991892457008362,0.641445360918981,-0.7841230034828186,-0.6991892457008362,0.4379909268337506,-1.080488920211792
Atf2,0.22103910148143768,0.2035306692123413,0.13213157653808594,0.9261545352874847,-0.6035439372062683,0.13213157653808594,0.4339133886508161,1.2489680051803589,0.13213157653808594,0.20104809837461496,1.623273491859436
Atp5g3,1.5441805124282837,1.7058963775634766,-0.29062509536743164,4.0518996763730695e-16,-8.600211143493652,-0.29062509536743164,4.7438411979158985e-11,-7.216801643371582,-0.29062509536743164,5.054253038695538e-22,-10.121438026428223
Lnpk,0.3733682632446289,0.3212658166885376,0.25658684968948364,0.20170997185381148,1.7690417766571045,0.25658684968948364,0.01669848509258682,2.9604203701019287,0.25658684968948364,0.0005986969614842093,3.850762128829956
Mtx2,0.24820588529109955,0.3391317129135132,-0.5191028714179993,1.6466622867790954e-07,-5.734691143035889,-0.5191028714179993,1.2910646395990433e-07,-5.851648807525635,-0.5191028714179993,8.328304146175938e-14,-7.8917999267578125
Hnrnpa3,2.0943832397460938,2.097486972808838,-0.005105283576995134,0.974743758458127,-0.5388880372047424,-0.005105283576995134,1.0,-0.14925438165664673,-0.005105283576995134,0.9473302316366806,-0.2148575633764267
Nfe2l2,0.12244817614555359,0.13558772206306458,-0.15673723816871643,0.18035921443442296,-1.829868197441101,-0.15673723816871643,0.564962816918576,-0.9166139364242554,-0.15673723816871643,0.317527189584683,-1.3173006772994995
Agps,0.23527322709560394,0.2725176215171814,-0.24001403152942657,0.004072823719848298,-3.374929904937744,-0.24001403152942657,0.06431922574365899,-2.4222145080566406,-0.24001403152942657,0.004732171032787284,-3.243955135345459
Ttc30b,0.0037381036672741175,0.008309281431138515,-1.1557177305221558,0.8603448125185816,-0.6855660676956177,-1.1557177305221558,0.23376852401248066,-1.7390645742416382,-1.1557177305221558,0.030284107907545023,-2.5769495964050293
Ttc30a2,0.0,0.0,0.0,0.9979940091511154,0.11319231241941452,0.0,1.0,0.0,0.0,1.0,0.0
Ttc30a1,0.007000830955803394,0.00881335698068142,-0.3334747552871704,0.9738865017806577,-0.5402238965034485,-0.3334747552871704,0.7271144596829537,-0.6386531591415405,-0.3334747552871704,0.5537365431747063,-0.8398293256759644
Pde11a,0.0018796228105202317,0.002610378200188279,-0.4743427038192749,0.9979940091511154,-0.11764519661664963,-0.4743427038192749,0.8362670349417963,-0.4524010121822357,-0.4743427038192749,0.698627533306578,-0.6056469082832336
Rbm45,0.05833977833390236,0.060375723987817764,-0.050971779972314835,0.3260825263915911,-1.4760420322418213,-0.050971779972314835,0.9579352289932102,-0.23423805832862854,-0.050971779972314835,0.8801445254491551,-0.32470643520355225
Osbpl6,0.0,0.0005232291296124458,-18.99746322631836,0.9979940091511154,0.027607882395386696,-18.99746322631836,0.5196272646011879,-1.0,-18.99746322631836,0.16021537352752957,-1.759765386581421
Prkra,0.01441178098320961,0.01703638583421707,-0.24326887726783752,0.6831612325895668,-0.9133756160736084,-0.24326887726783752,0.7395605615683678,-0.6175313591957092,-0.24326887726783752,0.5572556630876898,-0.8334415555000305
Fkbp7,0.009885420091450214,0.006248162128031254,0.6644975543022156,0.9979940091511154,0.13127101957798004,0.6644975543022156,0.4561670139609986,1.2076245546340942,0.6644975543022156,0.23580820018085402,1.5264707803726196
Plekha3,0.12160424888134003,0.13964077830314636,-0.21282054483890533,0.007695319362796626,-3.16546630859375,-0.21282054483890533,0.3588081628257606,-1.4291167259216309,-0.21282054483890533,0.1155509406977846,-1.961703896522522
Ttn,0.0006913617253303528,0.0,19.399581909179688,0.9979940091511154,0.16822996735572815,19.399581909179688,0.36167647049845647,1.4149234294891357,19.399581909179688,0.2795042275398297,1.4149234294891357
Ccdc141,0.012540817260742188,0.007386036217212677,0.7674835324287415,0.9979940091511154,-0.1391081064939499,0.7674835324287415,0.27687258927102265,1.6177699565887451,0.7674835324287415,0.13100143565431452,1.8967245817184448
Sestd1,0.01038426999002695,0.01377796195447445,-0.41041579842567444,0.7583381587000824,-0.8150559067726135,-0.41041579842567444,0.575005915251477,-0.8985391855239868,-0.41041579842567444,0.3582846949259874,-1.2317103147506714
Cwc22,0.18319009244441986,0.2168092280626297,-0.2681434154510498,0.004813062364395748,-3.3209609985351562,-0.2681434154510498,0.08132673692778106,-2.311681032180786,-0.2681434154510498,0.005817745286873883,-3.1766602993011475
Ube2e3,0.4126163125038147,0.4765978455543518,-0.25753310322761536,0.008915478558196504,-3.1162173748016357,-0.25753310322761536,0.010321396416614764,-3.1336653232574463,-0.25753310322761536,0.00011057220984067165,-4.28242301940918
Itga4,1.9000824689865112,1.8280361890792847,0.12301992624998093,0.04431784236040083,2.503589630126953,0.12301992624998093,0.05923892420652482,2.4609880447387695,0.12301992624998093,0.001869329590950267,3.5314879417419434
Cerkl,0.04560486227273941,0.030689679086208344,0.582261323928833,0.9979940091511154,0.027785995975136757,0.582261323928833,0.12266190268852521,2.10578989982605,0.582261323928833,0.018315133701927836,2.772976875305176
Itprid2,0.025903979316353798,0.04410913959145546,-0.7811129093170166,0.059506237404583766,-2.3785526752471924,-0.7811129093170166,0.07291267130383035,-2.368992328643799,-0.7811129093170166,0.0014774409333909197,-3.6000185012817383
Prdx6b,0.0005661105387844145,0.0,19.111135482788086,0.9979940091511154,0.16822996735572815,19.111135482788086,0.36607762480554895,1.3924527168273926,19.111135482788086,0.285917765094349,1.3924527168273926
Dnajc10,0.15849332511425018,0.19939671456813812,-0.36160463094711304,0.0003333736507706898,-4.096118927001953,-0.36160463094711304,0.014892711473620288,-3.005114793777466,-0.36160463094711304,0.00020139708502400977,-4.133159637451172
Nckap1,0.01756955310702324,0.015069720335304737,0.22323347628116608,0.9979940091511154,-0.42756593227386475,0.22323347628116608,0.7833784813578466,0.5425034165382385,0.22323347628116608,0.6207785441905589,0.7279803156852722
Dusp19,0.17379967868328094,0.20682545006275177,-0.27556681632995605,0.0010319581323762872,-3.787623167037964,-0.27556681632995605,0.06765561863042382,-2.399416923522949,-0.27556681632995605,0.004862954182239471,-3.234541654586792
Nup35,0.24249878525733948,0.24428336322307587,-0.011917546391487122,0.5350773538125659,-1.1223939657211304,-0.011917546391487122,1.0,-0.12245750427246094,-0.011917546391487122,0.9796436412671984,-0.16305391490459442
Zc3h15,0.7708236575126648,0.8286607265472412,-0.1516037881374359,0.062341657815850555,-2.35664439201355,-0.1516037881374359,0.028295489338161815,-2.7647030353546143,-0.1516037881374359,0.0008826011011194391,-3.744297504425049
Itgav,0.10120024532079697,0.1123538464307785,-0.15902553498744965,0.02925508468747477,-2.6755599975585938,-0.15902553498744965,0.5778201806240516,-0.8941523432731628,-0.15902553498744965,0.34822031631336126,-1.2534804344177246
Fam171b,0.0016299862181767821,0.0024408968165516853,-0.5831363797187805,0.9979940091511154,-0.08994825929403305,-0.5831363797187805,0.7747870698391008,-0.5580168962478638,-0.5831363797187805,0.58329670987683,-0.7904481887817383
Calcrl,0.030086729675531387,0.029853301122784615,0.011406105943024158,0.6768083714982946,-0.9224594831466675,0.011406105943024158,1.0,0.03454103693366051,0.011406105943024158,1.0,0.04832746461033821
Tfpi,0.01679479330778122,0.03879641741514206,-1.2238539457321167,0.028450372536097748,-2.6858015060424805,-1.2238539457321167,0.003967891103242003,-3.4578981399536133,-1.2238539457321167,1.3035568806878773e-06,-5.2537055015563965
Ctnnd1,0.0,0.004310036078095436,-22.04237937927246,0.9979940091511154,-0.31472983956336975,-22.04237937927246,0.12688516601986008,-2.0925943851470947,-22.04237937927246,0.0011250717642467029,-3.6824750900268555
Btbd18,0.0,0.0006567133241333067,-19.325380325317383,0.9979940091511154,0.027607882395386696,-19.325380325317383,0.5196272646011879,-1.0,-19.325380325317383,0.16021537352752957,-1.759765386581421
Selenoh,1.5219299793243408,1.5405185222625732,-0.034217871725559235,0.4192686637947735,-1.3029139041900635,-0.034217871725559235,0.6458688174572083,-0.7771400809288025,-0.034217871725559235,0.4256052670190726,-1.1031054258346558
Tmx2,0.141470268368721,0.13504871726036072,0.07175793498754501,0.24552488425980085,-1.652198076248169,0.07175793498754501,0.7630082614955142,0.5786232352256775,0.07175793498754501,0.607303197697546,0.7502155303955078
Med19,0.22210726141929626,0.22021432220935822,0.013764047995209694,0.6191179092554641,-0.9990490674972534,0.013764047995209694,1.0,0.13219065964221954,0.013764047995209694,0.971338819348534,0.17533129453659058
Zdhhc5,0.21485017240047455,0.25617098808288574,-0.28475189208984375,0.0032972835898182756,-3.441634178161621,-0.28475189208984375,0.03627019548062897,-2.6673600673675537,-0.28475189208984375,0.0011290329511318218,-3.674600601196289
Clp1,0.23207931220531464,0.23607861995697021,-0.027646735310554504,0.29494454197790354,-1.5400744676589966,-0.027646735310554504,0.9343873908292188,-0.27825331687927246,-0.027646735310554504,0.8532675087703238,-0.366094172000885
Ypel4,0.0,0.0006098098820075393,-19.218442916870117,0.9979940091511154,0.027607882395386696,-19.218442916870117,0.5196272646011879,-1.0,-19.218442916870117,0.16021537352752957,-1.759765386581421
Ube2l6,0.05143004655838013,0.05406713858246803,-0.07405935972929001,0.20530904832557179,-1.7587110996246338,-0.07405935972929001,0.9214597995757237,-0.30032649636268616,-0.07405935972929001,0.8250482613110021,-0.4109400808811188
Timm10,0.12714903056621552,0.1938251256942749,-0.6576175689697266,2.2419220359604335e-08,-6.08976411819458,-0.6576175689697266,5.493811262530545e-06,-5.1193318367004395,-0.6576175689697266,1.5026970235119124e-11,-7.167300224304199
Slc43a1,0.003321777330711484,0.007236049044877291,-1.126072645187378,0.9714892571601285,-0.5448548793792725,-1.126072645187378,0.29329772245916047,-1.5814142227172852,-1.126072645187378,0.05099651969942238,-2.3521664142608643
Slc43a3,0.1995958685874939,0.24314358830451965,-0.3172979950904846,0.00035852791475915317,-4.076081275939941,-0.3172979950904846,0.021232719311186758,-2.872709035873413,-0.3172979950904846,0.0005919980991515734,-3.8533215522766113
Prg2,0.0,0.005719225853681564,-22.45151710510254,0.9979940091511154,-0.05797655135393143,-22.45151710510254,0.5010969055704305,-1.1239060163497925,-22.45151710510254,0.11225921108835378,-1.9778109788894653
P2rx3,0.0,0.0,0.0,0.9979940091511154,0.11319231241941452,0.0,1.0,0.0,0.0,1.0,0.0
Ssrp1,1.2171154022216797,1.327401041984558,-0.22112242877483368,8.753996374212978e-05,-4.431421279907227,-0.22112242877483368,0.00010375955180768436,-4.447911262512207,-0.22112242877483368,1.3837490402862855e-08,-6.088897705078125
Tnks1bp1,0.06296461075544357,0.07731452584266663,-0.30667051672935486,0.012599785996792703,-2.9949207305908203,-0.30667051672935486,0.2897844355304393,-1.5878558158874512,-0.30667051672935486,0.07593990663156923,-2.1721229553222656
Olfr52,0.00043641187949106097,0.0,18.73564910888672,0.9979940091511154,0.14071114361286163,18.73564910888672,0.5196272646011879,1.0,18.73564910888672,0.46147875269036936,1.0
Olfr1090,0.0007083447999320924,0.0005727933021262288,0.30653446912765503,0.9979940091511154,0.05521576479077339,0.30653446912765503,1.0,0.1488010287284851,0.30653446912765503,0.9722373604336783,0.17388419806957245
Olfr259,0.0032112307380884886,0.002280091168358922,0.4947066307067871,0.9979940091511154,-0.061895087361335754,0.4947066307067871,0.7966288967832904,0.5198829174041748,0.4947066307067871,0.6954866254956423,0.6106058359146118
Olfr1122,0.0,0.0,0.0,0.9979940091511154,0.11319231241941452,0.0,1.0,0.0,0.0,1.0,0.0
Olfr1124,0.001801258185878396,0.0011820681393146515,0.6081380844116211,0.9979940091511154,0.08050814270973206,0.6081380844116211,0.7909238676849347,0.5296595692634583,0.6081380844116211,0.6670844852780641,0.6545937061309814
Olfr1129,0.0,0.0,0.0,0.9979940091511154,0.11319231241941452,0.0,1.0,0.0,0.0,1.0,0.0
Olfr1152,0.0,0.0,0.0,0.9979940091511154,0.11319231241941452,0.0,1.0,0.0,0.0,1.0,0.0
Olfr1156,0.0,0.0,0.0,0.9979940091511154,0.11319231241941452,0.0,1.0,0.0,0.0,1.0,0.0
Olfr1160,0.0021041014697402716,0.0011491902405396104,0.8732751607894897,0.9979940091511154,0.1359020173549652,0.8732751607894897,0.6081749692443994,0.8398663997650146,0.8732751607894897,0.46147875269036936,1.0386465787887573
Olfr1167,0.0,0.0,0.0,0.9979940091511154,0.11319231241941452,0.0,1.0,0.0,0.0,1.0,0.0
Olfr1175,0.00024829042376950383,0.0004718841228168458,-0.926562488079071,0.9979940091511154,0.05521576479077339,-0.926562488079071,0.8553987459120226,-0.41932785511016846,-0.926562488079071,0.6947764448286986,-0.6118316054344177
Olfr1191-ps1,0.0,0.0007698027766309679,-19.5546875,0.9979940091511154,0.027607882395386696,-19.5546875,0.5196272646011879,-1.0,-19.5546875,0.16021537352752957,-1.759765386581421
Olfr1238,0.0005695815780200064,0.0,19.119956970214844,0.9979940091511154,0.16822996735572815,19.119956970214844,0.36167647049845647,1.4118280410766602,19.119956970214844,0.27997686638359803,1.4118280410766602
Olfr1260,0.00023977587989065796,0.0,17.871505737304688,0.9979940091511154,0.14071114361286163,17.871505737304688,0.5196272646011879,1.0,17.871505737304688,0.46147875269036936,1.0
Ptprj,0.13078783452510834,0.12817327678203583,0.03105965629220009,0.32128182441108644,-1.4860165119171143,0.03105965629220009,0.9745760258151084,0.20283760130405426,0.03105965629220009,0.9065359277754705,0.2805192172527313
Nup160,0.19589892029762268,0.20747387409210205,-0.0914502665400505,0.13047442337331794,-2.004777431488037,-0.0914502665400505,0.6240707126259263,-0.8149676322937012,-0.0914502665400505,0.42961600742112094,-1.0958549976348877
Fnbp4,0.40037447214126587,0.39351585507392883,0.030202064663171768,0.9979940091511154,0.10081329941749573,0.030202064663171768,0.8914940666919868,0.35608431696891785,0.030202064663171768,0.7805641880393355,0.479883074760437
Agbl2,0.00035567532177083194,0.0,18.440462112426758,0.9979940091511154,0.14071114361286163,18.440462112426758,0.5196272646011879,1.0,18.440462112426758,0.46147875269036936,1.0
Mtch2,0.632624626159668,0.7179188132286072,-0.2508700489997864,0.0037109109586995685,-3.404853343963623,-0.2508700489997864,0.00023056304961366084,-4.24240779876709,-0.2508700489997864,1.48266243998121e-07,-5.667488098144531
C1qtnf4,0.012865656055510044,0.017187459394335747,-0.42095664143562317,0.537819901376931,-1.11794114112854,-0.42095664143562317,0.5421374335623239,-0.9591541886329651,-0.42095664143562317,0.3282613302869526,-1.2949117422103882
Ndufs3,0.6899948716163635,0.7924298644065857,-0.2826339304447174,0.0018894882268426423,-3.611645221710205,-0.2826339304447174,2.4695433007221627e-06,-5.270557880401611,-0.2826339304447174,1.1524653408184116e-10,-6.86667013168335
Kbtbd4,0.08298996090888977,0.10848090797662735,-0.4051136374473572,0.00026149525956505455,-4.1592607498168945,-0.4051136374473572,0.04569234183637077,-2.571955680847168,-0.4051136374473572,0.0021735718335453066,-3.4863545894622803
Ptpmt1,0.16007784008979797,0.24574540555477142,-0.6822752952575684,2.8047423672522206e-09,-6.43610954284668,-0.6822752952575684,5.4152436558992605e-08,-6.022688388824463,-0.6822752952575684,9.717113996797366e-16,-8.45966625213623
Celf1,0.4509793221950531,0.43132126331329346,0.07951817661523819,0.7613023426850472,0.8114935755729675,0.07951817661523819,0.54509909576297,0.9540051817893982,0.07951817661523819,0.3321973392748435,1.286896824836731
Rapsn,0.0177498497068882,0.05998016521334648,-1.787338376045227,3.004169269578267e-06,-5.175854206085205,-1.787338376045227,7.125879207275351e-09,-6.428292274475098,-1.787338376045227,2.881953309827235e-21,-9.94973087310791
Psmc3,0.9913988709449768,1.0118026733398438,-0.04652539640665054,0.9363564736046766,-0.5876026153564453,-0.04652539640665054,0.5794664401324758,-0.8908749222755432,-0.04652539640665054,0.3519438436122672,-1.2452752590179443
Slc39a13,0.021675704047083855,0.023985859006643295,-0.1477781981229782,0.650714100363688,-0.9562123417854309,-0.1477781981229782,0.8702923538689701,-0.3935287594795227,-0.1477781981229782,0.7311240644707089,-0.5564366579055786
Spi1,0.0009904622565954924,0.02188444696366787,-4.480759143829346,0.9979940091511154,-0.4310391843318939,-4.480759143829346,0.13957448330311498,-2.0438666343688965,-4.480759143829346,0.001625871938563633,-3.57828950881958
Mybpc3,0.0,0.0005576154217123985,-19.08931541442871,0.9979940091511154,0.027607882395386696,-19.08931541442871,0.5196272646011879,-1.0,-19.08931541442871,0.16021537352752957,-1.759765386581421
Madd,0.39549586176872253,0.3780912458896637,0.0782901793718338,0.7204864614833332,0.865017294883728,0.0782901793718338,0.5406539991730185,0.9618729948997498,0.0782901793718338,0.33371405949870375,1.283850908279419
Nr1h3,0.003082793904468417,0.0035967668518424034,-0.222833052277565,0.9979940091511154,-0.1202278733253479,-0.222833052277565,0.9504946184556793,-0.24955075979232788,-0.222833052277565,0.8792023388152259,-0.32639798521995544
Acp2,0.03234610706567764,0.02890762872993946,0.16463467478752136,0.7649182645041116,-0.8070406913757324,0.16463467478752136,0.8040132629438395,0.5071592330932617,0.16463467478752136,0.6461856152293342,0.6881217360496521
Ddb2,0.13910852372646332,0.12926322221755981,0.11315970867872238,0.4635293524552285,-1.229263186454773,0.11315970867872238,0.6545483624275954,0.7628000378608704,0.11315970867872238,0.46147875269036936,1.0374659299850464
Pacsin3,0.0008339557680301368,0.0056647625751793385,-2.7674577236175537,0.9271892045315492,-0.6004269123077393,-2.7674577236175537,0.06168999303813051,-2.445970058441162,-2.7674577236175537,0.000424569173156933,-3.941650152206421
Arfgap2,0.37519022822380066,0.36765938997268677,0.03502022102475166,0.911367218196169,0.6207320690155029,0.03502022102475166,0.8388257807897477,0.448505699634552,0.03502022102475166,0.706122750893502,0.594755232334137
1110051M20Rik,0.016169028356671333,0.022987160831689835,-0.5125296711921692,0.3171612609808605,-1.4942097663879395,-0.5125296711921692,0.3224831369105271,-1.5096899271011353,-0.5125296711921692,0.09117638678596277,-2.0838944911956787
Lrp4,0.0003312510089017451,0.0,18.33780860900879,0.9979940091511154,0.14071114361286163,18.33780860900879,0.5196272646011879,1.0,18.33780860900879,0.46147875269036936,1.0
Ckap5,0.9953719973564148,0.7497538924217224,0.6114336848258972,2.8931356903841733e-17,8.908706665039062,0.6114336848258972,1.0535200708063327e-16,9.066831588745117,0.6114336848258972,3.893962685528065e-34,12.764276504516602
F2,0.0,0.0,0.0,0.9979940091511154,0.11319231241941452,0.0,1.0,0.0,0.0,1.0,0.0
Zfp408,0.011831780895590782,0.01027553342282772,0.20457856357097626,0.9979940091511154,-0.25328004360198975,0.20457856357097626,0.8487456664026599,0.4310314655303955,0.20457856357097626,0.7209567677489084,0.5718352198600769
Arhgap1,0.3296937346458435,0.3490524888038635,-0.09707018733024597,0.5101024340333566,-1.1589967012405396,-0.09707018733024597,0.46607688573691924,-1.1880131959915161,-0.09707018733024597,0.21665464178937308,-1.5780901908874512
Atg13,0.05029993876814842,0.06675413995981216,-0.4202856123447418,0.033138629816686034,-2.624351739883423,-0.4202856123447418,0.21034716348175045,-1.8034793138504028,-0.4202856123447418,0.027079596123075,-2.6215054988861084
Harbi1,0.03451550751924515,0.044180840253829956,-0.3631940484046936,0.14831513174958288,-1.9386967420578003,-0.3631940484046936,0.40023111192617583,-1.3175243139266968,-0.3631940484046936,0.13980037965594,-1.862264633178711
Ambra1,0.07209019362926483,0.060457874089479446,0.2623565196990967,0.7370165767729403,-0.8420403599739075,0.2623565196990967,0.36167647049845647,1.4192676544189453,0.2623565196990967,0.1464574871656687,1.8366754055023193
Chrm4,0.0006449043867178261,0.0,19.299192428588867,0.9979940091511154,0.16822996735572815,19.299192428588867,0.37940041285308546,1.361615777015686,19.299192428588867,0.2980864017231939,1.361615777015686
Mdk,0.005193618126213551,0.01236354187130928,-1.2564597129821777,0.5095694912498135,-1.1598873138427734,-1.2564597129821777,0.07359271613813345,-2.363144874572754,-1.2564597129821777,0.0022538457366916556,-3.475522994995117
Dgkz,0.5447677969932556,0.5991987586021423,-0.18037965893745422,0.10359672468240352,-2.119572877883911,-0.18037965893745422,0.02964141314747888,-2.7460451126098633,-0.18037965893745422,0.0011348121440134594,-3.673403263092041
Creb3l1,0.033561691641807556,0.05399201810359955,-0.7007757425308228,0.0014956988593597157,-3.6805758476257324,-0.7007757425308228,0.015555587887371804,-2.9890992641448975,-0.7007757425308228,0.0001959141901995168,-4.140432357788086
Phf21a,0.1339418590068817,0.13727758824825287,-0.03794991225004196,0.2428687326851135,-1.658610224723816,-0.03794991225004196,0.9664677427305425,-0.21781328320503235,-0.03794991225004196,0.8881020080501731,-0.3101453185081482
Large2,0.0,0.0013747644843533635,-20.391746520996094,0.9979940091511154,-0.05797655135393143,-20.391746520996094,0.36167647049845647,-1.4159659147262573,-20.391746520996094,0.037277906666215874,-2.4917678833007812
Pex16,0.1814585030078888,0.17074087262153625,0.09578891843557358,0.7344573717879578,-0.8451573848724365,0.09578891843557358,0.617650847983073,0.8252810835838318,0.09578891843557358,0.4303102011407275,1.0942926406860352
1700029I15Rik,0.0027893702499568462,0.0026582363061606884,0.06956472247838974,0.9984208920935209,-0.00614497996866703,0.06956472247838974,1.0,0.07829297333955765,0.06956472247838974,1.0,0.10343639552593231
Mapk8ip1,0.002346591092646122,0.0031193385366350412,-0.4112311899662018,0.9979940091511154,-0.11898106336593628,-0.4112311899662018,0.82705070359354,-0.46709445118904114,-0.4112311899662018,0.672390078424018,-0.6460242867469788
Cry2,0.01546469796448946,0.02147623710334301,-0.4781123399734497,0.3657713920984516,-1.3994524478912354,-0.4781123399734497,0.42447876027945547,-1.2678557634353638,-0.4781123399734497,0.1686297473836467,-1.729406714439392
Slc35c1,0.1241421326994896,0.16117967665195465,-0.40402883291244507,0.0006151613653000656,-3.9286906719207764,-0.40402883291244507,0.025239049870939233,-2.809990882873535,-0.40402883291244507,0.00036139985222948234,-3.982236385345459
Prdm11,0.009688531048595905,0.022064190357923508,-1.1963075399398804,0.4187195424163391,-1.304160714149475,-1.1963075399398804,0.10636336653899538,-2.183413505554199,-1.1963075399398804,0.0028201739760647967,-3.4081499576568604
Trp53i11,0.20279589295387268,0.27896299958229065,-0.5171919465065002,3.841710566873974e-07,-5.576703071594238,-0.5171919465065002,4.4427812875484704e-05,-4.653380393981934,-0.5171919465065002,2.1834173708279358e-09,-6.398249626159668
Tspan18,0.00023947136651258916,0.00047116601490415633,-0.9765465259552002,0.9979940091511154,0.05521576479077339,-0.9765465259552002,0.8443403154112764,-0.4383756220340729,-0.9765465259552002,0.6730026662453207,-0.6450082659721375
Cd82,0.6528162360191345,0.6553616523742676,-0.0076491800136864185,0.9979940091511154,0.1556728333234787,-0.0076491800136864185,1.0,-0.11764808744192123,-0.0076491800136864185,0.9831447797452117,-0.156609907746315
Ext2,0.13224466145038605,0.1868775337934494,-0.5393404960632324,2.1357909077349575e-06,-5.243093013763428,-0.5393404960632324,0.00022941006250393623,-4.250199794769287,-0.5393404960632324,2.926450735950301e-08,-5.957178592681885
Accs,0.035466551780700684,0.04495210945606232,-0.3488177955150604,0.13652770151737376,-1.9810881614685059,-0.3488177955150604,0.4821124094904529,-1.1602497100830078,-0.3488177955150604,0.18536491401483007,-1.6712547540664673
Gm13889,0.0018994632409885526,0.0031711566261947155,-0.7403348088264465,0.9979940091511154,-0.1471232920885086,-0.7403348088264465,0.6439519132597693,-0.7801234126091003,-0.7403348088264465,0.4158063539458139,-1.1211752891540527
Alkbh3,0.14834065735340118,0.1695306897163391,-0.20832262933254242,0.006887735026411783,-3.2028703689575195,-0.20832262933254242,0.2526149463520815,-1.6832475662231445,-0.20832262933254242,0.06150279161761674,-2.269005537033081
Hsd17b12,0.3474184572696686,0.3776388466358185,-0.14344647526741028,0.15636353295323857,-1.9097529649734497,-0.14344647526741028,0.21311044633313475,-1.7942326068878174,-0.14344647526741028,0.04784788966312636,-2.380413770675659
Ttc17,0.062103431671857834,0.05701155960559845,0.12712787091732025,0.6275880990249866,-0.986581027507782,0.12712787091732025,0.7689733690435453,0.5680814981460571,0.12712787091732025,0.5900172679596727,0.7792668342590332
Api5,0.4959091246128082,0.5622720718383789,-0.2332650125026703,0.025933622474565887,-2.7230277061462402,-0.2332650125026703,0.004877705584513853,-3.3829691410064697,-0.2332650125026703,2.9242487397615762e-05,-4.595269203186035
Gm10801,0.0,0.0,0.0,0.9979940091511154,0.11319231241941452,0.0,1.0,0.0,0.0,1.0,0.0
Gm10800,0.00045722449431195855,0.0,18.802875518798828,0.9979940091511154,0.14071114361286163,18.802875518798828,0.5196272646011879,1.0,18.802875518798828,0.46147875269036936,1.0
B230118H07Rik,0.0033167109359055758,0.0021927314810454845,0.597835123538971,0.9984208920935209,-0.00614497996866703,0.597835123538971,0.7076145971596202,0.6714085936546326,0.597835123538971,0.5785987142516333,0.7978229522705078
Traf6,0.09750060737133026,0.11222755908966064,-0.21375244855880737,0.019598546034668506,-2.8318562507629395,-0.21375244855880737,0.3855146750184781,-1.3500194549560547,-0.21375244855880737,0.13992085372071195,-1.8618316650390625
Prr5l,0.010389468632638454,0.010111600160598755,0.03931120038032532,0.9979940091511154,-0.2881016135215759,0.03931120038032532,1.0,0.07863588631153107,0.03931120038032532,1.0,0.10619491338729858
Commd9,0.09799373894929886,0.12835046648979187,-0.4116377830505371,0.0013447941011628729,-3.7128148078918457,-0.4116377830505371,0.03074920976566215,-2.733602523803711,-0.4116377830505371,0.0006391300698756478,-3.831815481185913
Ldlrad3,0.0,0.0,0.0,0.9979940091511154,0.11319231241941452,0.0,1.0,0.0,0.0,1.0,0.0
Trim44,0.14975261688232422,0.18209439516067505,-0.30608001351356506,0.0005010299789688961,-3.985687494277954,-0.30608001351356506,0.07987116013552792,-2.32084584236145,-0.30608001351356506,0.005856834813529167,-3.1742050647735596
Slc1a2,0.0008236359572038054,0.0,19.65224266052246,0.9979940091511154,0.19574879109859467,19.65224266052246,0.24126629104836952,1.7142283916473389,19.65224266052246,0.17291682824500645,1.7142283916473389
Cd44,0.48304659128189087,0.3739098608493805,0.45380210876464844,2.7859810593371284e-05,4.698237895965576,0.45380210876464844,2.871476952019912e-06,5.245599746704102,0.45380210876464844,4.1688828889092e-11,7.017465114593506
Pdhx,0.07856389135122299,0.10050010681152344,-0.37131866812705994,0.001347367921674853,-3.7121024131774902,-0.37131866812705994,0.10836080728869565,-2.172253131866455,-0.37131866812705994,0.009866039440963226,-2.9976911544799805
Apip,0.2233402580022812,0.279591828584671,-0.36635470390319824,0.0004184560084846363,-4.034224033355713,-0.36635470390319824,0.0025565068038488304,-3.5870749950408936,-0.36635470390319824,6.067821269682854e-06,-4.9423508644104
Cat,0.22546720504760742,0.2686917781829834,-0.28549724817276,0.0040022872848711885,-3.3803625106811523,-0.28549724817276,0.02367109946869378,-2.833056688308716,-0.28549724817276,0.0005624275364797645,-3.866912841796875
Abtb2,0.1016496941447258,0.10846632719039917,-0.09864464402198792,0.035019441328445096,-2.6019091606140137,-0.09864464402198792,0.7560808146003365,-0.5900581479072571,-0.09864464402198792,0.5738328521821876,-0.8064386248588562
Nat10,0.12471869587898254,0.16292765736579895,-0.4137762486934662,3.7801115483640614e-05,-4.629396438598633,-0.4137762486934662,0.01648647701861792,-2.967289924621582,-0.4137762486934662,0.000256997886677551,-4.070797443389893
Caprin1,0.7143315076828003,0.8208988904953003,-0.28722208738327026,1.376562064803697e-05,-4.856760501861572,-0.28722208738327026,7.5116319855162756e-06,-5.046218395233154,-0.28722208738327026,1.0902523130445925e-10,-6.871720314025879
Lmo2,0.0022613464388996363,0.013672256842255592,-2.604238986968994,0.9979940091511154,-0.4638124108314514,-2.604238986968994,0.14896364944865498,-2.0074691772460938,-2.604238986968994,0.002498836884803898,-3.4478249549865723
4931422A03Rik,0.0006817893590778112,0.0,19.37946128845215,0.9979940091511154,0.14071114361286163,19.37946128845215,0.5196272646011879,1.0,19.37946128845215,0.46147875269036936,1.0
Fbxo3,0.1843828558921814,0.18695273995399475,-0.021880343556404114,0.2428687326851135,-1.658610224723816,-0.021880343556404114,0.9791090671000825,-0.1927468180656433,-0.021880343556404114,0.9227037213683522,-0.255422443151474
Cd59b,0.0019116265466436744,0.0030601986218243837,-0.6796533465385437,0.9979940091511154,-0.17508740723133087,-0.6796533465385437,0.6911807208733676,-0.700953483581543,-0.6796533465385437,0.4787342779512748,-0.9689995646476746
Cd59a,0.0008156320545822382,0.0011069854954257607,-0.44085583090782166,0.9984208920935209,-0.0025826727505773306,-0.44085583090782166,0.9228449739203914,-0.2979314923286438,-0.44085583090782166,0.8329694805512879,-0.3976597487926483
D430041D05Rik,0.0,0.0012143646599724889,-20.212648391723633,0.9979940091511154,-0.05797655135393143,-20.212648391723633,0.3621040251177201,-1.4073431491851807,-20.212648391723633,0.03852117687149955,-2.4765937328338623
Hipk3,0.07724041491746902,0.10626456886529922,-0.4814895689487457,0.00010470063590572266,-4.387960910797119,-0.4814895689487457,0.03472341207462651,-2.6860508918762207,-0.4814895689487457,0.0007594140560744276,-3.7846744060516357
Cstf3,0.24557137489318848,0.25378885865211487,-0.05366034433245659,0.39068385369811015,-1.3521628379821777,-0.05366034433245659,0.7868971550856327,-0.5365551710128784,-0.05366034433245659,0.6240126360219187,-0.7227680087089539
Tcp11l1,0.001507120905444026,0.0024321943055838346,-0.6911303997039795,0.9979940091511154,-0.06038110703229904,-0.6911303997039795,0.8028979740602311,-0.5090463757514954,-0.6911303997039795,0.6241785367468221,-0.7223523259162903
Depdc7,0.0,0.0019123710226267576,-20.868310928344727,0.9979940091511154,-0.05797655135393143,-20.868310928344727,0.42621913101930287,-1.265860915184021,-20.868310928344727,0.06767729649690359,-2.2276182174682617
Qser1,0.002104921033605933,0.005456943064928055,-1.3767458200454712,0.9979940091511154,-0.0915512964129448,-1.3767458200454712,0.5196272646011879,-1.0620259046554565,-1.3767458200454712,0.17461827283891945,-1.707263708114624
Prrg4,0.000829660682938993,0.002496875822544098,-1.590732455253601,0.9979940091511154,-0.06073733791708946,-1.590732455253601,0.5336415249689985,-0.9747876524925232,-1.590732455253601,0.21257817254602376,-1.5897525548934937
Ccdc73,0.00920436903834343,0.0027878612745553255,1.727792739868164,0.9979940091511154,0.27251651883125305,1.727792739868164,0.04190189270182769,2.603759527206421,1.727792739868164,0.014423649982305204,2.8639538288116455
Eif3m,1.2028963565826416,1.334766149520874,-0.2647934854030609,7.297955712243208e-07,-5.454070568084717,-0.2647934854030609,1.5535168869267683e-11,-7.3380513191223145,-0.2647934854030609,6.054323419256276e-19,-9.359747886657715
Rcn1,0.11968522518873215,0.18708348274230957,-0.6942969560623169,3.8700627945615016e-08,-5.992691516876221,-0.6942969560623169,4.34711644063467e-05,-4.6656694412231445,-0.6942969560623169,3.174514672428851e-10,-6.703804969787598
Pax6,0.0005035062786191702,0.0,18.9420166015625,0.9979940091511154,0.14071114361286163,18.9420166015625,0.5196272646011879,1.0,18.9420166015625,0.46147875269036936,1.0
Elp4,0.09625817835330963,0.1271342635154724,-0.424058735370636,0.001340336670905177,-3.713883399963379,-0.424058735370636,0.028449453472024086,-2.764206647872925,-0.424058735370636,0.0005094932928492141,-3.8921828269958496
Immp1l,0.32888591289520264,0.3286588490009308,0.0011693009873852134,0.9979940091511154,-0.12218713760375977,0.0011693009873852134,1.0,0.013973142951726913,0.0011693009873852134,1.0,0.018645016476511955
Dnajc24,0.20131435990333557,0.24791619181632996,-0.33527612686157227,0.0009671796211906904,-3.806147336959839,-0.33527612686157227,0.009258084970364932,-3.171351194381714,-0.33527612686157227,8.90355126421248e-05,-4.334622383117676
Mpped2,0.0,0.0,0.0,0.9979940091511154,0.11319231241941452,0.0,1.0,0.0,0.0,1.0,0.0
Arl14ep,0.08831840008497238,0.07555259019136429,0.2345670908689499,0.41044942709646615,-1.318498969078064,0.2345670908689499,0.42853413695324644,1.2592729330062866,0.2345670908689499,0.1994816160436998,1.6281489133834839
Kcna4,0.0,0.0,0.0,0.9979940091511154,0.11319231241941452,0.0,1.0,0.0,0.0,1.0,0.0
Mettl15,0.04141591861844063,0.0522150844335556,-0.3421320915222168,0.13784546812507772,-1.9757447242736816,-0.3421320915222168,0.36179032358873764,-1.4079411029815674,-0.3421320915222168,0.10960858861748303,-1.9894390106201172
Kif18a,0.3658357560634613,0.24675056338310242,0.6584227681159973,4.259075580650598e-06,5.106211185455322,0.6584227681159973,3.159179528097511e-11,7.227253437042236,0.6584227681159973,2.9544713219560562e-18,9.174442291259766
Lin7c,0.24227604269981384,0.27372586727142334,-0.19974063336849213,0.01362901025149119,-2.9660661220550537,-0.19974063336849213,0.1745052945109462,-1.9120688438415527,-0.19974063336849213,0.030232933486890767,-2.5776822566986084
Lgr4,0.0,0.0012497776187956333,-20.25414276123047,0.9979940091511154,-0.05797655135393143,-20.25414276123047,0.3627945929782623,-1.4045510292053223,-20.25414276123047,0.03888981792555746,-2.471680164337158
Ccdc34,0.8233807682991028,0.6675625443458557,0.42889201641082764,4.38303515702208e-08,5.968467712402344,0.42889201641082764,5.403262709984032e-10,6.791595935821533,0.42889201641082764,2.5239233557820015e-17,8.91235065460205
Olfr1279,0.0006802009884268045,0.0,19.376094818115234,0.9979940091511154,0.16822996735572815,19.376094818115234,0.36167647049845647,1.4102226495742798,19.376094818115234,0.2803884929583053,1.4102226495742798
Olfr1284,0.0,0.0,0.0,0.9979940091511154,0.11319231241941452,0.0,1.0,0.0,0.0,1.0,0.0
Olfr1307,0.000798310327809304,0.0,19.607168197631836,0.9979940091511154,0.16822996735572815,19.607168197631836,0.38261972030300156,1.3548177480697632,19.607168197631836,0.30096830187335316,1.3548177480697632
Lpcat4,0.14206376671791077,0.13892009854316711,0.034603945910930634,0.36096605294783546,-1.4080018997192383,0.034603945910930634,0.9429682996657373,0.2621777653694153,0.034603945910930634,0.8610843488180685,0.353728711605072
Nutm1,0.0,0.0,0.0,0.9979940091511154,0.11319231241941452,0.0,1.0,0.0,0.0,1.0,0.0
Nop10,0.8896690607070923,1.0336850881576538,-0.33673998713493347,8.808782767082222e-07,-5.41853666305542,-0.33673998713493347,5.2448864382232395e-09,-6.418346405029297,-0.33673998713493347,6.007423365324538e-16,-8.525965690612793
Slc12a6,0.14096175134181976,0.11602993309497833,0.2991761565208435,0.969619406776472,-0.5481500625610352,0.2991761565208435,0.18283048495145648,1.8834444284439087,0.2991761565208435,0.03726207145007799,2.490168571472168
Emc4,0.3515370786190033,0.3933061957359314,-0.1939719319343567,0.11642002491490892,-2.0623087882995605,-0.1939719319343567,0.0735106548607801,-2.3619561195373535,-0.1939719319343567,0.004817644648271697,-3.23758602142334
Katnbl1,0.25769731402397156,0.22138096392154694,0.24638810753822327,0.5438045896605884,1.108144760131836,0.24638810753822327,0.05623390526436593,2.481515407562256,0.24638810753822327,0.004804363664549483,3.2389307022094727
Emc7,0.6706169843673706,0.7466437220573425,-0.21619606018066406,0.013274628198396336,-2.975773334503174,-0.21619606018066406,0.002146326756554065,-3.6376760005950928,-0.21619606018066406,7.706303951719315e-06,-4.892110824584961
Aven,0.40668073296546936,0.44552159309387207,-0.16160015761852264,0.08318222778842639,-2.2255513668060303,-0.16160015761852264,0.12440883176740931,-2.0983638763427734,-0.16160015761852264,0.017191620935351655,-2.7963876724243164
Ryr3,0.0027385822031646967,0.0006223421660251915,2.139174461364746,0.9979940091511154,0.16564728319644928,2.139174461364746,0.3396365679188549,1.471211552619934,2.139174461364746,0.21819302896748938,1.5743592977523804
Fmn1,0.0,0.0,0.0,0.9979940091511154,0.11319231241941452,0.0,1.0,0.0,0.0,1.0,0.0
Scg5,0.0,0.0006678745266981423,-19.349700927734375,0.9979940091511154,0.027607882395386696,-19.349700927734375,0.5196272646011879,-1.0,-19.349700927734375,0.16021537352752957,-1.759765386581421
Arhgap11a,0.5567694902420044,0.4107459485530853,0.5526264905929565,6.764255571438705e-09,6.290945529937744,0.5526264905929565,1.1785960491097066e-11,7.390939235687256,0.5526264905929565,6.953505608978323e-20,9.598932266235352
Aqr,0.4424784481525421,0.506144642829895,-0.24348485469818115,0.033600293597421664,-2.618741035461426,-0.24348485469818115,0.007856069700032204,-3.227612257003784,-0.24348485469818115,6.36831798792406e-05,-4.414355754852295
Zfp770,0.03747359290719032,0.059903472661972046,-0.6930766105651855,0.0028497012204384935,-3.4864301681518555,-0.6930766105651855,0.01694722154005682,-2.958508253097534,-0.6930766105651855,0.00014674476184012658,-4.212119102478027
Dph6,0.09273984283208847,0.10553969442844391,-0.19591020047664642,0.024253126907906764,-2.7499232292175293,-0.19591020047664642,0.46267002912146654,-1.1950864791870117,-0.19591020047664642,0.19282822836397237,-1.6491163969039917
BC052040,0.08922082930803299,0.08278606832027435,0.11270087957382202,0.2799128108382017,-1.5724024772644043,0.11270087957382202,0.7001434510746263,0.6839904189109802,0.11270087957382202,0.5227750365511009,0.891772985458374
Meis2,0.0,0.0006567133241333067,-19.325380325317383,0.9979940091511154,0.027607882395386696,-19.325380325317383,0.5196272646011879,-1.0,-19.325380325317383,0.16021537352752957,-1.759765386581421
Spred1,0.031761787831783295,0.0420067235827446,-0.410763680934906,0.13388123841527938,-1.99088454246521,-0.410763680934906,0.3163188831198494,-1.5256785154342651,-0.410763680934906,0.08486359690586197,-2.1186695098876953
Fam98b,0.217268705368042,0.26473939418792725,-0.32070958614349365,0.0009131951647217142,-3.8220884799957275,-0.32070958614349365,0.007436750710477333,-3.2455708980560303,-0.32070958614349365,7.044277481358504e-05,-4.390538692474365
Rasgrp1,0.29228490591049194,0.2507649064064026,0.252344012260437,0.4956681539301152,1.180993914604187,0.252344012260437,0.09997286563832958,2.2129693031311035,0.252344012260437,0.009656323048539391,3.005397319793701
Thbs1,0.0,0.00952412560582161,-23.190031051635742,0.9979940091511154,-0.05797655135393143,-23.190031051635742,0.39911011547748565,-1.3215258121490479,-23.190031051635742,0.05445135385695729,-2.325575351715088
Fsip1,0.0002930154150817543,0.0,18.16083335876465,0.9979940091511154,0.14071114361286163,18.16083335876465,0.5196272646011879,1.0,18.16083335876465,0.46147875269036936,1.0
Eif2ak4,0.02522408217191696,0.035161327570676804,-0.4863918423652649,0.18345621234234935,-1.820784330368042,-0.4863918423652649,0.32121343252836815,-1.513515591621399,-0.4863918423652649,0.07935469969824757,-2.1509172916412354
Srp14,1.2322559356689453,1.1996629238128662,0.06683508306741714,0.061016580015675684,2.365995407104492,0.06683508306741714,0.2607694542064057,1.6594772338867188,0.06683508306741714,0.06783402168257884,2.2250185012817383
Bmf,0.004689387511461973,0.002692309208214283,0.8019965887069702,0.9979940091511154,0.2992338240146637,0.8019965887069702,0.6220781275025473,0.8184646368026733,0.8019965887069702,0.4123239651315248,1.1276867389678955
Bub1b,0.7610902190208435,0.5544924139976501,0.6221473813056946,2.042963865634342e-14,8.116450309753418,0.6221473813056946,1.8506640036926978e-15,8.660000801086426,0.6221473813056946,8.72921799524829e-30,11.877888679504395
Pak6,0.025715196505188942,0.03905963897705078,-0.6127352118492126,0.06035126163738632,-2.371784210205078,-0.6127352118492126,0.1060418848590218,-2.1826062202453613,-0.6127352118492126,0.008427879035199563,-3.0525832176208496
Ankrd63,0.0,0.0,0.0,0.9979940091511154,0.11319231241941452,0.0,1.0,0.0,0.0,1.0,0.0
Plcb2,0.03596232086420059,0.05136003717780113,-0.5253483057022095,0.2096638835352733,-1.7473117113113403,-0.5253483057022095,0.28760267222148417,-1.5938891172409058,-0.5253483057022095,0.043224081590249916,-2.4239282608032227
Inafm2,0.02721026912331581,0.03265966475009918,-0.26730939745903015,0.14072604069852768,-1.9655921459197998,-0.26730939745903015,0.5270086151637107,-0.9867793321609497,-0.26730939745903015,0.3243413751222716,-1.3039528131484985
Knstrn,0.6268342733383179,0.45673757791519165,0.5904418230056763,7.654317950508538e-10,6.643702983856201,0.5904418230056763,1.277495381646607e-13,8.03782844543457,0.5904418230056763,7.055583037980559e-23,10.348260879516602
Ivd,0.04209877550601959,0.057732630521059036,-0.4669799506664276,0.08103047700539574,-2.2380194664001465,-0.4669799506664276,0.2365029065003146,-1.7310208082199097,-0.4669799506664276,0.03315448775024445,-2.5405075550079346
Bahd1,0.027961939573287964,0.03928198292851448,-0.4986146092414856,0.23865312598232835,-1.6689410209655762,-0.4986146092414856,0.33613075392734226,-1.4801510572433472,-0.4986146092414856,0.07400114743416192,-2.1846301555633545
Chst14,0.008297290652990341,0.00831529963761568,-0.003140923334285617,0.9979940091511154,-0.342159628868103,-0.003140923334285617,1.0,-0.0062808990478515625,-0.003140923334285617,1.0,-0.00810085330158472
Ccdc32,0.19161978363990784,0.19699035584926605,-0.04387804865837097,0.2280459884631662,-1.6975284814834595,-0.04387804865837097,0.8618702248496596,-0.40781936049461365,-0.04387804865837097,0.7399950279907308,-0.5417627096176147
Rpusd2,0.007534566335380077,0.014041846618056297,-0.9028385877609253,0.513525933336506,-1.1536532640457153,-0.9028385877609253,0.17344817333834578,-1.9163299798965454,-0.9028385877609253,0.020473810858300842,-2.731138229370117
Knl1,0.9955888390541077,0.6971897482872009,0.7592452168464661,2.2622617961090308e-23,10.401847839355469,0.7592452168464661,1.7054501381764332e-24,11.248371124267578,0.7592452168464661,6.394897533756498e-52,15.96778678894043
Rad51,0.5210283994674683,0.5394892692565918,-0.06472042948007584,0.45995301829872237,-1.2352300882339478,-0.06472042948007584,0.5888303904718193,-0.8738400340080261,-0.06472042948007584,0.39130962325738283,-1.1674658060073853
Rmdn3,0.07077725976705551,0.11110702157020569,-0.6801247596740723,1.2510927857882199e-05,-4.877867221832275,-0.6801247596740723,0.00047998838478660914,-4.057071208953857,-0.6801247596740723,1.0086405409484034e-07,-5.735860347747803
Gchfr,0.0006719809607602656,0.001748857437632978,-1.3806959390640259,0.9979940091511154,-0.08798898756504059,-1.3806959390640259,0.5433697154398743,-0.9575552940368652,-1.3806959390640259,0.2719816814436077,-1.4339293241500854
Dnajc17,0.13111533224582672,0.11482342332601547,0.2034122794866562,0.6449358476213503,-0.9638713002204895,0.2034122794866562,0.34646889632273065,1.4563369750976562,0.2034122794866562,0.13168083583634832,1.8937046527862549
Zfyve19,0.10717031359672546,0.11832324415445328,-0.151024729013443,0.023314255915671964,-2.765775442123413,-0.151024729013443,0.5196272646011879,-1.0294281244277954,-0.151024729013443,0.289549239665936,-1.3819084167480469
Spint1,0.001515986630693078,0.0034003707114607096,-1.1667943000793457,0.9979940091511154,-0.175443634390831,-1.1667943000793457,0.46667960589225177,-1.187266230583191,-1.1667943000793457,0.17413817727489173,-1.708534836769104
Rhov,0.0010430674301460385,0.0026401972863823175,-1.340964913368225,0.9979940091511154,-0.06073733791708946,-1.340964913368225,0.5734910918982012,-0.9020650386810303,-1.340964913368225,0.2759386349424875,-1.424079179763794
Vps18,0.056292131543159485,0.0594911128282547,-0.08207083493471146,0.20971183091093493,-1.7469555139541626,-0.08207083493471146,0.9053293672746404,-0.3311663269996643,-0.08207083493471146,0.7887599625168921,-0.4666222929954529
Chac1,0.0005994958337396383,0.0011899120872840285,-0.9894581437110901,0.9984208920935209,-0.0025826727505773306,-0.9894581437110901,0.7353923912645345,-0.6260302066802979,-0.9894581437110901,0.5064802643724433,-0.9202314615249634
Ino80,0.15211550891399384,0.17680902779102325,-0.23532533645629883,0.0017874628406432218,-3.6281208992004395,-0.23532533645629883,0.18361914176532593,-1.8804216384887695,-0.23532533645629883,0.034844583888074876,-2.519815683364868
Exd1,0.0018056979170069098,0.003714489983394742,-1.0419847965240479,0.9979940091511154,-0.17526552081108093,-1.0419847965240479,0.5196272646011879,-1.0165355205535889,-1.0419847965240479,0.24393553580635627,-1.5033506155014038
Chp1,0.2796308398246765,0.2755613923072815,0.024220911785960197,0.9979940091511154,-0.33948788046836853,0.024220911785960197,0.9511095380647002,0.24821282923221588,0.024220911785960197,0.8734995911116686,0.3351685702800751
Oip5,0.15765029191970825,0.14449259638786316,0.13546226918697357,0.5537224466134765,-1.0922924280166626,0.13546226918697357,0.49360404123417745,1.1370596885681152,0.13546226918697357,0.25887137619838196,1.4653245210647583
Nusap1,1.5501329898834229,0.9590253233909607,1.2059334516525269,1.924784865905256e-53,15.867674827575684,1.2059334516525269,3.4119460879351977e-46,16.8690128326416,1.2059334516525269,8.212826825497437e-123,25.988719940185547
Ndufaf1,0.11712963879108429,0.1703672707080841,-0.5798647403717041,1.280359838165157e-06,-5.345865726470947,-0.5798647403717041,0.00011254885576367408,-4.4292168617248535,-0.5798647403717041,8.527930804126015e-09,-6.17216157913208
Rtf1,0.7171419858932495,0.7145237326622009,0.007388908416032791,0.6625214928369909,0.9410725235939026,0.007388908416032791,1.0,0.12776584923267365,0.007388908416032791,0.9755251543768954,0.1690605729818344
Itpka,0.0028052562847733498,0.0012176657328382134,1.2051594257354736,0.9979940091511154,0.1359020173549652,1.2051594257354736,0.48608571851603044,1.1507099866867065,1.2051594257354736,0.30756319076524513,1.3403258323669434
Ltk,0.014076714403927326,0.005843441002070904,1.2743693590164185,0.9979940091511154,0.2793739438056946,1.2743693590164185,0.03237370621428154,2.708521604537964,1.2743693590164185,0.006825552270269328,3.1252381801605225
Rpap1,0.09748255461454391,0.1262197196483612,-0.3938372731208801,0.000128624048296072,-4.337643623352051,-0.3938372731208801,0.025901576832624975,-2.798229694366455,-0.3938372731208801,0.0008976743496816226,-3.7399141788482666
Tyro3,0.01406779233366251,0.015307334251701832,-0.12272348254919052,0.730181460957566,-0.8510352373123169,-0.12272348254919052,0.9139860396021422,-0.3151211440563202,-0.12272348254919052,0.8204809003833363,-0.41756075620651245
Mga,0.16860061883926392,0.1994287371635437,-0.2651827037334442,0.0037308645613640286,-3.4030721187591553,-0.2651827037334442,0.13033411494046993,-2.073545217514038,-0.2651827037334442,0.01437964627247334,-2.8632426261901855
Mapkbp1,0.010575168766081333,0.01294008083641529,-0.2928752303123474,0.9308335668155489,-0.5949053168296814,-0.2928752303123474,0.7717888282347154,-0.5629571676254272,-0.2928752303123474,0.5789350981584898,-0.79698646068573
Jmjd7,0.06968741118907928,0.07327473163604736,-0.07503611594438553,0.058343632660091065,-2.3879926204681396,-0.07503611594438553,0.8533447198044088,-0.4227483868598938,-0.07503611594438553,0.7306366757713539,-0.5574509501457214
Pla2g4b,0.0,0.0,0.0,0.9979940091511154,0.11319231241941452,0.0,1.0,0.0,0.0,1.0,0.0
Sptbn5,0.0,0.0,0.0,0.9979940091511154,0.11319231241941452,0.0,1.0,0.0,0.0,1.0,0.0
Ehd4,0.30645883083343506,0.3324282765388489,-0.13707853853702545,0.06498995064350516,-2.338209390640259,-0.13707853853702545,0.32480889803301255,-1.5048161745071411,-0.13707853853702545,0.10858217797027343,-1.9947527647018433
Pla2g4f,0.0,0.0006043328321538866,-19.205421447753906,0.9979940091511154,0.027607882395386696,-19.205421447753906,0.5196272646011879,-1.0,-19.205421447753906,0.16021537352752957,-1.759765386581421
Vps39,0.06290445476770401,0.0786793977022171,-0.33433714509010315,0.008113859012670943,-3.1477437019348145,-0.33433714509010315,0.20992609606084922,-1.8038424253463745,-0.33433714509010315,0.03970596287319551,-2.460167646408081
Tmem87a,0.14950720965862274,0.13825580477714539,0.12118564546108246,0.7095679494906443,-0.8789102435112,0.12118564546108246,0.5512543670738056,0.9427453875541687,0.12118564546108246,0.3486911796144749,1.252199411392212
Ganc,0.07502155005931854,0.07613738626241684,-0.02211497165262699,0.18741534955614228,-1.809295892715454,-0.02211497165262699,1.0,-0.10483313351869583,-0.02211497165262699,0.9910985218019648,-0.1435604989528656
Capn3,0.002764989621937275,0.004252936691045761,-0.6222591996192932,0.9979940091511154,-0.03526684269309044,-0.6222591996192932,0.7997123370198991,-0.5141780376434326,-0.6222591996192932,0.579363186432409,-0.79619300365448
Zfp106,0.26565679907798767,0.3419225811958313,-0.4219013750553131,1.399751196505466e-05,-4.852663993835449,-0.4219013750553131,0.00013298618404946897,-4.386504650115967,-0.4219013750553131,1.7326796144375325e-08,-6.04990816116333
Snap23,0.12866610288619995,0.16463841497898102,-0.3822512924671173,0.000731494150524334,-3.882291555404663,-0.3822512924671173,0.026152554274762062,-2.796051502227783,-0.3822512924671173,0.0005087452249287002,-3.892683744430542
Lrrc57,0.09917259961366653,0.09930208325386047,-0.0019773656968027353,0.07836277591253735,-2.253159284591675,-0.0019773656968027353,1.0,-0.012380469590425491,-0.0019773656968027353,1.0,-0.016560465097427368
Haus2,0.13789327442646027,0.16435059905052185,-0.2727898359298706,0.0005584946527670302,-3.955942153930664,-0.2727898359298706,0.11663864852927454,-2.1324663162231445,-0.2727898359298706,0.014527919004207643,-2.8594398498535156
Stard9,0.004377517383545637,0.0037532667629420757,0.22241678833961487,0.9979940091511154,-0.09190753102302551,0.22241678833961487,0.9198965976017145,0.30361494421958923,0.22241678833961487,0.8401300043824871,0.3866616487503052
Cdan1,0.10268309712409973,0.09372764080762863,0.1382180154323578,0.10285994351267545,-2.1229569911956787,0.1382180154323578,0.54076116074108,0.961134672164917,0.1382180154323578,0.37043352956005055,1.2065657377243042
Ttbk2,0.0050085983239114285,0.004065732937306166,0.3015720248222351,0.9979940091511154,-0.06474493443965912,0.3015720248222351,0.8662548455505426,0.400139719247818,0.3015720248222351,0.760088337243714,0.5106372237205505
Ubr1,0.16195671260356903,0.16274292767047882,-0.0075691756792366505,0.26307706076136683,-1.6111425161361694,-0.0075691756792366505,1.0,-0.05803859978914261,-0.0075691756792366505,1.0,-0.0790739580988884
Tmem62,0.06772775948047638,0.09733045846223831,-0.5447916388511658,0.0001829164569193915,-4.250277996063232,-0.5447916388511658,0.01280798246946724,-3.0590476989746094,-0.5447916388511658,0.00010013888459489337,-4.306468486785889
Ccndbp1,0.3573094606399536,0.3387525975704193,0.09110289812088013,0.6119770246971658,1.0084000825881958,0.09110289812088013,0.5196272646011879,1.0180126428604126,0.09110289812088013,0.28685421610435535,1.3893839120864868
Lcmt2,0.06744012981653214,0.07873117178678513,-0.23157167434692383,0.05766440671760945,-2.3935141563415527,-0.23157167434692383,0.4447878157576514,-1.228771686553955,-0.23157167434692383,0.17620205293543753,-1.7019965648651123
Adal,0.027633309364318848,0.03726351633667946,-0.43833979964256287,0.1006221363234011,-2.134000301361084,-0.43833979964256287,0.285814989555048,-1.5969470739364624,-0.43833979964256287,0.06648971179766996,-2.2341084480285645
Zscan29,0.07339027523994446,0.07958096265792847,-0.12135709077119827,0.05171344098690336,-2.4392008781433105,-0.12135709077119827,0.7373377015474806,-0.6223167181015015,-0.12135709077119827,0.5474692910280163,-0.8501132726669312
Tubgcp4,0.1841258555650711,0.18007792532444,0.03507935255765915,0.29589491624847364,-1.538026213645935,0.03507935255765915,0.9186488570110415,0.30656155943870544,0.03507935255765915,0.8318023750090192,0.39961305260658264
Trp53bp1,0.07574523240327835,0.08493019640445709,-0.17183665931224823,0.0841898147385736,-2.2196736335754395,-0.17183665931224823,0.5580505881240162,-0.9297965168952942,-0.17183665931224823,0.330347643115076,-1.2909088134765625
Map1a,0.0186315830796957,0.013273845426738262,0.49303898215293884,0.9979940091511154,-0.2661043405532837,0.49303898215293884,0.4445175123137257,1.2288025617599487,0.49303898215293884,0.24076813777627445,1.5122487545013428
Ppip5k1,0.0720139667391777,0.061129435896873474,0.24434804916381836,0.759267502660609,-0.8140762448310852,0.24434804916381836,0.4796348345607587,1.1638963222503662,0.24434804916381836,0.22176358540869956,1.5645709037780762
Ckmt1,0.0,0.0006774610374122858,-19.370269775390625,0.9979940091511154,0.027607882395386696,-19.370269775390625,0.5196272646011879,-1.0,-19.370269775390625,0.16021537352752957,-1.759765386581421
Strc,0.0,0.00047756702406331897,-18.865692138671875,0.9979940091511154,0.027607882395386696,-18.865692138671875,0.5196272646011879,-1.0,-18.865692138671875,0.16021537352752957,-1.759765386581421
Catsper2,0.005495688412338495,0.0049294717609882355,0.1572759598493576,0.9979940091511154,-0.17731384932994843,0.1572759598493576,0.962760135441121,0.22488895058631897,0.1572759598493576,0.910568266387378,0.2747885286808014
Pdia3,1.521150827407837,1.9137165546417236,-0.691680908203125,3.117348270589631e-38,-13.377710342407227,-0.691680908203125,1.2951758895585399e-33,-13.366667747497559,-0.691680908203125,6.615666822463238e-66,-18.19911003112793
Ell3,0.0,0.0,0.0,0.9979940091511154,0.11319231241941452,0.0,1.0,0.0,0.0,1.0,0.0
Serinc4,0.0007694639498367906,0.002182422438636422,-1.5050231218338013,0.9979940091511154,-0.08798898756504059,-1.5050231218338013,0.5196272646011879,-1.021946907043457,-1.5050231218338013,0.2262452632512218,-1.5521489381790161
Serf2,2.3987224102020264,2.2304561138153076,0.26941514015197754,4.3941822458677954e-23,10.334787368774414,0.26941514015197754,6.68074310662466e-22,10.531291007995605,0.26941514015197754,1.5145804554665437e-44,14.710573196411133
Hypk,0.5703185796737671,0.5814255475997925,-0.0366029255092144,0.9979940091511154,-0.3279103934764862,-0.0366029255092144,0.7630166015452488,-0.5783768892288208,-0.0366029255092144,0.5979753544683026,-0.766595184803009
Mfap1b,0.22851255536079407,0.20320411026477814,0.1882563829421997,0.9979940091511154,0.3774264454841614,0.1882563829421997,0.1812831684780444,1.8884581327438354,0.1882563829421997,0.04131852438417072,2.4435367584228516
Mfap1a,0.22307485342025757,0.2362084686756134,-0.09236916154623032,0.12243416450187741,-2.0368382930755615,-0.09236916154623032,0.5859858094487377,-0.878813624382019,-0.09236916154623032,0.3849856585790433,-1.1791890859603882
Wdr76,0.35190433263778687,0.3734586536884308,-0.1022510677576065,0.05480692342868764,-2.4148881435394287,-0.1022510677576065,0.5060309452721797,-1.1140683889389038,-0.1022510677576065,0.2611802917612485,-1.4595271348953247
Frmd5,0.0014104649890214205,0.002911756746470928,-1.0468019247055054,0.9979940091511154,-0.11782331019639969,-1.0468019247055054,0.5656100282213408,-0.9152811765670776,-1.0468019247055054,0.3077603172894268,-1.3395006656646729
Casc4,0.05516882240772247,0.08558086305856705,-0.6556298136711121,0.0005137331619017912,-3.979008197784424,-0.6556298136711121,0.01972354562196095,-2.9030373096466064,-0.6556298136711121,0.00017007148062943812,-4.175757884979248
Mageb3,0.0017851651646196842,0.001133759506046772,0.6554124355316162,0.9979940091511154,0.025114266201853752,0.6554124355316162,0.8134190968660208,0.49233293533325195,0.6554124355316162,0.7225190528042394,0.5694711804389954
Ctdspl2,0.3388443887233734,0.3040464222431183,0.18277530372142792,0.8239883055580981,0.7323213219642639,0.18277530372142792,0.17908189400180297,1.8962091207504272,0.18277530372142792,0.035136982438571815,2.516329288482666
Eif3j1,0.4252987504005432,0.5421931147575378,-0.44142332673072815,1.5284667614031198e-06,-5.31050968170166,-0.44142332673072815,2.462108483138216e-08,-6.15140962600708,-0.44142332673072815,4.9758816481860416e-15,-8.25656509399414
Spg11,0.08620508760213852,0.10206151008605957,-0.25521138310432434,0.004105433021582008,-3.372525453567505,-0.25521138310432434,0.2772030063730059,-1.617327094078064,-0.25521138310432434,0.07492646680860686,-2.178246021270752
Patl2,0.0,0.0,0.0,0.9979940091511154,0.11319231241941452,0.0,1.0,0.0,0.0,1.0,0.0
B2m,3.00728440284729,2.718240976333618,0.44236382842063904,3.665664281193852e-34,12.619830131530762,0.44236382842063904,3.590086530684317e-31,12.942936897277832,0.44236382842063904,3.2158840850797987e-68,18.51848030090332
Trim69,0.0041641839779913425,0.0011758431792259216,1.8264938592910767,0.9979940091511154,0.16359896957874298,1.8264938592910767,0.25156118543774375,1.6849300861358643,1.8264938592910767,0.14958236078824158,1.8259743452072144
Sord,0.046527180820703506,0.03359712287783623,0.47912541031837463,0.7516993239360387,-0.8236054182052612,0.47912541031837463,0.12488432423765058,2.0949630737304688,0.47912541031837463,0.032197397864472864,2.5530457496643066
Shf,0.00921793282032013,0.011864704079926014,-0.3660733699798584,0.9979940091511154,-0.43086105585098267,-0.3660733699798584,0.7310215786848766,-0.632453978061676,-0.3660733699798584,0.510352687407632,-0.9137354493141174
Slc28a2,0.11353341490030289,0.09121953696012497,0.3320729434490204,0.9979940091511154,-0.14249229431152344,0.3320729434490204,0.15994221376721152,1.961830496788025,0.3320729434490204,0.02803782721012905,2.607593059539795
Slc28a2b,0.0018784257117658854,0.0038819194305688143,-1.0486916303634644,0.9979940091511154,0.05174251273274422,-1.0486916303634644,0.7068985912839209,-0.673217236995697,-1.0486916303634644,0.4479322899954105,-1.062881350517273
Gatm,0.005749864038079977,0.004007894545793533,0.5219405889511108,0.9979940091511154,-0.14819198846817017,0.5219405889511108,0.653695532037912,0.764857292175293,0.5219405889511108,0.5109225126028143,0.9128448367118835
AA467197,0.3117217421531677,0.22835926711559296,0.5117897391319275,0.8668760394331456,0.6770164966583252,0.5117897391319275,0.002243523616572756,3.62131667137146,0.5117897391319275,2.0518473230900432e-05,4.6768341064453125
Slc30a4,0.022465262562036514,0.039155758917331696,-0.8136300444602966,0.05101325334519114,-2.445434808731079,-0.8136300444602966,0.055242967409631936,-2.4933574199676514,-0.8136300444602966,0.0010116363077806087,-3.705371618270874
Bloc1s6,0.17545661330223083,0.1957859843969345,-0.17328108847141266,0.02925508468747477,-2.6754708290100098,-0.17328108847141266,0.34715005500215995,-1.4546215534210205,-0.17328108847141266,0.11025874674495062,-1.9858042001724243
Sqor,0.0006716754287481308,0.0051893265917897224,-2.952969551086426,0.9979940091511154,-0.17410777509212494,-2.952969551086426,0.34273185380820426,-1.4671911001205444,-2.952969551086426,0.035141960987302046,-2.5176470279693604
Sema6d,0.0009357522940263152,0.0,19.836442947387695,0.9979940091511154,0.16822996735572815,19.836442947387695,0.4153422208960341,1.2848118543624878,19.836442947387695,0.33347132472631824,1.2848118543624878
Slc24a5,0.25004133582115173,0.1674070507287979,0.6404863595962524,0.013683179196151122,2.964462995529175,0.6404863595962524,4.16933906383597e-07,5.617195129394531,0.6404863595962524,1.578979517678011e-11,7.167499542236328
Myef2,0.3981834948062897,0.30376940965652466,0.462537944316864,9.650766723337579e-05,4.408266067504883,0.462537944316864,1.0593530576861268e-06,5.440869331359863,0.462537944316864,2.2149350796194503e-11,7.1155314445495605
Dut,1.8301182985305786,1.9857192039489746,-0.2636626064777374,2.2939429425737153e-09,-6.468793869018555,-0.2636626064777374,0.0001972835632972682,-4.293295860290527,-0.2636626064777374,5.526664497476695e-09,-6.245237350463867
Cep152,0.0731818675994873,0.07169903069734573,0.030615337193012238,0.08767363851750008,-2.2001700401306152,0.030615337193012238,0.9949832835444418,0.16268593072891235,0.030615337193012238,0.9472722875960423,0.21525993943214417
Shc4,0.002525844844058156,0.0005183671601116657,2.286165952682495,0.9979940091511154,0.22086305916309357,2.286165952682495,0.25706624148258655,1.6683894395828247,2.286165952682495,0.16021537352752957,1.7842603921890259
Eid1,0.2888677716255188,0.35113829374313354,-0.32894039154052734,0.00033738993614861284,-4.093091011047363,-0.32894039154052734,0.001945605268787928,-3.6644744873046875,-0.32894039154052734,8.220559392168792e-06,-4.878605842590332
Secisbp2l,0.1672085076570511,0.1560242623090744,0.10816287994384766,0.9979940091511154,-0.3907850980758667,0.10816287994384766,0.6416280149958866,0.7834017276763916,0.10816287994384766,0.4367972820605373,1.0829507112503052
Cops2,0.4139578938484192,0.4660864472389221,-0.2114652842283249,0.054485138592379426,-2.417381763458252,-0.2114652842283249,0.02617168143418347,-2.7948110103607178,-0.2114652842283249,0.0007138283382014151,-3.8020551204681396
Galk2,0.21111099421977997,0.21791426837444305,-0.05084197223186493,0.36576468046650135,-1.3996305465698242,-0.05084197223186493,0.82004052817376,-0.4803280830383301,-0.05084197223186493,0.6704796708718017,-0.6487328410148621
Fgf7,0.0,0.0,0.0,0.9979940091511154,0.11319231241941452,0.0,1.0,0.0,0.0,1.0,0.0
Dtwd1,0.03864474222064018,0.04069430008530617,-0.07604266703128815,0.3431025164512694,-1.442289113998413,-0.07604266703128815,0.9143538652853013,-0.3144475221633911,-0.07604266703128815,0.8183913524864911,-0.42099758982658386
Gm17555,0.0,0.0,0.0,0.9979940091511154,0.11319231241941452,0.0,1.0,0.0,0.0,1.0,0.0
Atp8b4,0.5216808319091797,0.5173193216323853,0.015529867261648178,0.9979940091511154,0.13982056081295013,0.015529867261648178,0.9742910564988493,0.20374128222465515,0.015529867261648178,0.9118746733735036,0.2728264629840851
Hdc,0.010984284803271294,0.009161201305687428,0.2631494402885437,0.9984208920935209,-0.004720057360827923,0.2631494402885437,0.8204666293406597,0.4792013466358185,0.2631494402885437,0.6547102647468088,0.6747267246246338
Gabpb1,0.22937510907649994,0.21780988574028015,0.08329245448112488,0.9508581510141445,-0.5698801279067993,0.08329245448112488,0.6326031811957892,0.7999849319458008,0.08329245448112488,0.4530945355842037,1.053310751914978
Usp8,0.27398452162742615,0.2704010605812073,0.021695688366889954,0.9979940091511154,-0.1666269302368164,0.021695688366889954,0.9658528842438305,0.21937663853168488,0.021695688366889954,0.895351070272561,0.29905441403388977
Usp50,0.1395764946937561,0.18767642974853516,-0.462833970785141,2.0885467344005567e-05,-4.763517379760742,-0.462833970785141,0.0011512095600282148,-3.8155219554901123,-0.462833970785141,1.3148603003152166e-06,-5.251214981079102
Trpm7,0.32305553555488586,0.32897767424583435,-0.0307113379240036,0.5151375486417098,-1.1508033275604248,-0.0307113379240036,0.8959397332944123,-0.34820669889450073,-0.0307113379240036,0.794778413795152,-0.45812714099884033
Sppl2a,0.40726321935653687,0.4422568082809448,-0.14594709873199463,0.16462342478257236,-1.8812544345855713,-0.14594709873199463,0.20169530104955466,-1.8270310163497925,-0.14594709873199463,0.04075122816921525,-2.44901967048645
Ap4e1,0.06960252672433853,0.07025284320116043,-0.013891465961933136,0.45138772504436736,-1.2491230964660645,-0.013891465961933136,1.0,-0.0659787580370903,-0.013891465961933136,1.0,-0.09147169440984726
Blvra,0.39030495285987854,0.39691969752311707,-0.029329201206564903,0.9979940091511154,-0.44911789894104004,-0.029329201206564903,0.8806387533848646,-0.3757539689540863,-0.029329201206564903,0.7669116463784028,-0.5003498196601868
Ncaph,0.64801025390625,0.4614451229572296,0.6368131637573242,1.071197253992635e-12,7.597510814666748,0.6368131637573242,1.7038200730002916e-15,8.647127151489258,0.6368131637573242,3.033818003057384e-28,11.556619644165039
Itpripl1,0.1410423368215561,0.15430770814418793,-0.1394861936569214,0.032097658661831494,-2.6376214027404785,-0.1394861936569214,0.5196272646011879,-1.055306315422058,-0.1394861936569214,0.2713525426090249,-1.4354240894317627
1810024B03Rik,0.01589018851518631,0.02214394323527813,-0.4833013713359833,0.6423532816529499,-0.9678788781166077,-0.4833013713359833,0.5196272646011879,-1.0164833068847656,-0.4833013713359833,0.23661770309125138,-1.5241224765777588
Snrnp200,0.46594536304473877,0.5371845960617065,-0.26092323660850525,0.007109721823950169,-3.1919164657592773,-0.26092323660850525,0.0022389225193316688,-3.625640630722046,-0.26092323660850525,7.3579556153714605e-06,-4.901683807373047
Ciao1,0.18684886395931244,0.20435476303100586,-0.1422434151172638,0.032291806615770254,-2.635305881500244,-0.1422434151172638,0.4205183336692242,-1.274973750114441,-0.1422434151172638,0.17331014102190642,-1.7117418050765991
Tmem127,0.1321561187505722,0.1267237514257431,0.06455950438976288,0.34222023617992103,-1.4439812898635864,0.06455950438976288,0.8438984424557624,0.43910688161849976,0.06455950438976288,0.7062821284769538,0.5944274067878723
Stard7,0.22806845605373383,0.28890135884284973,-0.38688012957572937,3.669452355618524e-05,-4.635986804962158,-0.38688012957572937,0.0009596504353733265,-3.863542318344116,-0.38688012957572937,1.5869564647539708e-06,-5.2141242027282715
Dusp2,1.575847864151001,1.603162407875061,-0.049508027732372284,0.99231096308742,-0.5200077891349792,-0.049508027732372284,0.6515910872558565,-0.7683774828910828,-0.049508027732372284,0.45935154841955333,-1.0427442789077759
Astl,0.004376628901809454,0.0027598340529948473,0.666405439376831,0.9984208920935209,-0.0071246144361793995,0.666405439376831,0.5894169914567252,0.8728233575820923,0.666405439376831,0.458707123254609,1.0440741777420044
Adra2b,0.0018859162228181958,0.0,20.848196029663086,0.9979940091511154,0.19574879109859467,20.848196029663086,0.292434134746437,1.5816113948822021,20.848196029663086,0.21558401312665446,1.5816113948822021
Gpat2,0.0,0.002451636828482151,-21.227083206176758,0.9979940091511154,-0.143560990691185,-21.227083206176758,0.25924655802544117,-1.6666191816329956,-21.227083206176758,0.011981361170826082,-2.93285870552063
Fahd2a,0.09634775668382645,0.09607841819524765,0.004235990811139345,0.22507881887234002,-1.7058109045028687,0.004235990811139345,1.0,0.024921586737036705,0.004235990811139345,1.0,0.03407446667551994
Kcnip3,0.0010606477735564113,0.0013843794586136937,-0.3845269978046417,0.9979940091511154,0.08264552801847458,-0.3845269978046417,0.9745760258151084,-0.2028493583202362,-0.3845269978046417,0.9013037980000862,-0.2896319329738617
Zfp661,0.0005919418181292713,0.002059533493593335,-1.7998476028442383,0.9979940091511154,-0.08816710859537125,-1.7998476028442383,0.48494949720843544,-1.1539735794067383,-1.7998476028442383,0.14962512185151577,-1.825184941291809
Mrps5,0.2580411434173584,0.4355546534061432,-0.8906868696212769,1.002592389884553e-18,-9.291120529174805,-0.8906868696212769,2.4743847084626586e-19,-9.819110870361328,-0.8906868696212769,7.840777524396085e-39,-13.671706199645996
Mal,0.00045695953303948045,0.0,18.802040100097656,0.9979940091511154,0.14071114361286163,18.802040100097656,0.5196272646011879,1.0,18.802040100097656,0.46147875269036936,1.0
Nphp1,0.0027826090808957815,0.003875990863889456,-0.4789160490036011,0.9979940091511154,-0.2607609033584595,-0.4789160490036011,0.7441475662193814,-0.6093564033508301,-0.4789160490036011,0.5656832615016865,-0.8198620676994324
Mtln,0.08706506341695786,0.12478229403495789,-0.5469350218772888,5.733905210310873e-05,-4.533124923706055,-0.5469350218772888,0.003611140641936871,-3.482543706893921,-0.5469350218772888,8.951436835838259e-06,-4.859161853790283
Bub1,0.628276526927948,0.48138201236724854,0.4999273121356964,1.7691842968302238e-09,6.5101165771484375,0.4999273121356964,1.4313536523500978e-10,7.022847652435303,0.4999273121356964,1.2357035440038963e-19,9.526049613952637
Acoxl,0.027885377407073975,0.02341536246240139,0.25529158115386963,0.8503187864169192,-0.698924720287323,0.25529158115386963,0.6484183068648494,0.7726772427558899,0.25529158115386963,0.4644122096584588,0.9945597648620605
Bcl2l11,0.3012164235115051,0.2283390909433365,0.454509437084198,0.18989897531396854,1.8019040822982788,0.454509437084198,0.008121499494947204,3.215824842453003,0.454509437084198,7.23199903896704e-05,4.384188175201416
Anapc1,0.33451366424560547,0.36143630743026733,-0.13222096860408783,0.21674138805292836,-1.7267394065856934,-0.13222096860408783,0.2844011450854787,-1.6002737283706665,-0.13222096860408783,0.08180690068284965,-2.1358182430267334
Mertk,0.00046963043860159814,0.0017411053413525224,-1.8913207054138184,0.9979940091511154,-0.0302796121686697,-1.8913207054138184,0.5500242176442107,-0.9451740384101868,-1.8913207054138184,0.25122502950765,-1.4843964576721191
Tmem87b,0.06581488996744156,0.07183010876178741,-0.13056343793869019,0.2592079267817237,-1.6204935312271118,-0.13056343793869019,0.7729947738263026,-0.5611039400100708,-0.13056343793869019,0.5745550069981784,-0.8050161600112915
Zc3h8,0.03517596423625946,0.05662962421774864,-0.7025607824325562,0.0016917970448223798,-3.644418478012085,-0.7025607824325562,0.015584781420511562,-2.9882359504699707,-0.7025607824325562,0.00020708084849617052,-4.126059532165527
Zc3h6,0.039656318724155426,0.023558655753731728,0.7629665732383728,0.9979940091511154,0.2310156226158142,0.7629665732383728,0.15787720270544028,1.969857931137085,0.7629665732383728,0.02504999172750834,2.652433156967163
Ttl,0.025625096634030342,0.038754817098379135,-0.6063400506973267,0.01616794379008279,-2.9036366939544678,-0.6063400506973267,0.10714762621016562,-2.177170515060425,-0.6063400506973267,0.01139437779026953,-2.947178602218628
Polr1b,0.017832841724157333,0.03776000812649727,-1.0967634916305542,0.017597401380386832,-2.8725554943084717,-1.0967634916305542,0.0028932079927844476,-3.554164409637451,-1.0967634916305542,1.959274965867458e-06,-5.171133995056152
Chchd5,0.16441695392131805,0.19349101185798645,-0.25650525093078613,0.006881620513066804,-3.20349383354187,-0.25650525093078613,0.12757942095505487,-2.0849430561065674,-0.25650525093078613,0.013859141366254683,-2.8768904209136963
Slc20a1,0.30176499485969543,0.3217049539089203,-0.10744218528270721,0.13033325837217813,-2.0054008960723877,-0.10744218528270721,0.4781677572296135,-1.1661955118179321,-0.10744218528270721,0.22647854216497143,-1.5513149499893188
Ckap2l,0.6632110476493835,0.44017940759658813,0.7669752240180969,5.179514618322768e-19,9.364059448242188,0.7669752240180969,1.4600425522899942e-22,10.636496543884277,0.7669752240180969,1.0999068169301819e-41,14.218512535095215
Il1b,0.0010177758522331715,0.005481526255607605,-2.4323782920837402,0.9979940091511154,-0.14658895134925842,-2.4323782920837402,0.3621040251177201,-1.408332347869873,-2.4323782920837402,0.047288825646805414,-2.3872172832489014
Sirpa,0.0006067735375836492,0.01317540556192398,-4.449619770050049,0.9979940091511154,-0.20180471241474152,-4.449619770050049,0.26002473023255346,-1.6644474267959595,-4.449619770050049,0.012781379958248342,-2.9094088077545166
Stk35,0.06770852953195572,0.07197381556034088,-0.09124691784381866,0.052434974662169606,-2.432877779006958,-0.09124691784381866,0.8016798520843987,-0.5109251737594604,-0.09124691784381866,0.6582116247923158,-0.6694690585136414
Snrpb,1.620656132698059,1.706911563873291,-0.15353672206401825,3.002157054691398e-07,-5.625150203704834,-0.15353672206401825,0.00013920959150183173,-4.377467632293701,-0.15353672206401825,7.073052612857082e-09,-6.203704833984375
Tmc2,0.0,0.0,0.0,0.9979940091511154,0.11319231241941452,0.0,1.0,0.0,0.0,1.0,0.0
Nop56,0.5440087914466858,0.7610621452331543,-0.6578604578971863,7.892336830980233e-17,-8.792487144470215,-0.6578604578971863,1.653105279671274e-17,-9.29394817352295,-0.6578604578971863,5.796378310523795e-35,-12.930624961853027
Idh3b,0.5165342092514038,0.5922659039497375,-0.25703173875808716,0.007016027952815653,-3.196547508239746,-0.25703173875808716,0.0004701614245605019,-4.056591510772705,-0.25703173875808716,5.986659124068884e-07,-5.403900146484375
Cpxm1,0.0016338409623131156,0.0006023297901265323,1.4403847455978394,0.9979940091511154,0.11043152958154678,1.4403847455978394,0.567134960891964,0.911565363407135,1.4403847455978394,0.46147875269036936,1.0140025615692139
Pced1a,0.05537368357181549,0.04972599446773529,0.15930986404418945,0.3503690737747562,-1.428307056427002,0.15930986404418945,0.6593807090662261,0.7539542317390442,0.15930986404418945,0.4808420773193858,0.9652395248413086
Vps16,0.20347799360752106,0.17812708020210266,0.21083404123783112,0.9979940091511154,0.26806363463401794,0.21083404123783112,0.21591160657725225,1.7864967584609985,0.21083404123783112,0.04658671117548272,2.3918819427490234
Ptpra,0.43654435873031616,0.3863166868686676,0.21505329012870789,0.07345217150749664,2.282904624938965,0.21505329012870789,0.036645760628899134,2.662039041519165,0.21505329012870789,0.0018540004441908282,3.534301280975342
Mrps26,0.7261577844619751,0.7613551020622253,-0.09679461270570755,0.3409403534753704,-1.4462968111038208,-0.09679461270570755,0.23845610944485987,-1.7239854335784912,-0.09679461270570755,0.05378518370007166,-2.329403877258301
Oxt,0.0,0.0,0.0,0.9979940091511154,0.11319231241941452,0.0,1.0,0.0,0.0,1.0,0.0
Ubox5,0.014547687955200672,0.022170815616846085,-0.6133878231048584,0.2510249041948466,-1.6395518779754639,-0.6133878231048584,0.22583273924315592,-1.7592391967773438,-0.6133878231048584,0.043297133944114885,-2.4229140281677246
Fastkd5,0.017379917204380035,0.021256649866700172,-0.29329848289489746,0.4511005330780836,-1.2497464418411255,-0.29329848289489746,0.6073275778326966,-0.8424553871154785,-0.29329848289489746,0.40548450257475416,-1.1405812501907349
Lzts3,0.0023976333905011415,0.001772050280123949,0.4366426169872284,0.9981009014843685,0.02315499819815159,0.4366426169872284,0.8500500568646169,0.42893654108047485,0.4366426169872284,0.7495314198451211,0.5270872116088867
Ddrgk1,0.4708695709705353,0.4962899088859558,-0.09566469490528107,0.8279888632141963,-0.7274231314659119,-0.09566469490528107,0.41629033385597736,-1.2833917140960693,-0.09566469490528107,0.16122128780065992,-1.7554960250854492
Itpa,0.4017772078514099,0.47481486201286316,-0.29749125242233276,0.005755113122039741,-3.262895345687866,-0.29749125242233276,0.0006517638883236392,-3.969974994659424,-0.29749125242233276,6.420017035448555e-07,-5.390116214752197
Slc4a11,0.0003078751906286925,0.002154693938791752,-2.808393716812134,0.9979940091511154,-0.11595310270786285,-2.808393716812134,0.38911632074513103,-1.3437929153442383,-2.808393716812134,0.0644270219282038,-2.249375104904175
4930402H24Rik,0.06700949370861053,0.049506742507219315,0.44948846101760864,0.46238137075810826,-1.2312225103378296,0.44948846101760864,0.08483156323962843,2.2886619567871094,0.44948846101760864,0.01795294226504916,2.7810301780700684
Atrn,0.04685657471418381,0.0667441114783287,-0.524870753288269,0.006881620513066804,-3.2032268047332764,-0.524870753288269,0.10956253214676105,-2.1667332649230957,-0.524870753288269,0.008173785260740193,-3.0638387203216553
Adam33,0.00043162351357750595,0.0,18.719728469848633,0.9979940091511154,0.14071114361286163,18.719728469848633,0.5196272646011879,1.0,18.719728469848633,0.46147875269036936,1.0
Siglec1,0.0,0.0010680563282221556,-20.027328491210938,0.9979940091511154,0.027607882395386696,-20.027328491210938,0.5196272646011879,-1.0,-20.027328491210938,0.16021537352752957,-1.759765386581421
Hspa12b,0.001059045665897429,0.0,20.015098571777344,0.9979940091511154,0.16822996735572815,20.015098571777344,0.36533327975281604,1.3949098587036133,20.015098571777344,0.28520761132260325,1.3949098587036133
1700037H04Rik,0.09221013635396957,0.0836130753159523,0.14748921990394592,0.28632328162662707,-1.557886004447937,0.14748921990394592,0.5742961164297233,0.8996915221214294,0.14748921990394592,0.3878843239653267,1.1735076904296875
Spef1,0.011777530424296856,0.010757417418062687,0.13144256174564362,0.9979940091511154,-0.47307440638542175,0.13144256174564362,0.9241502075591116,0.2956249415874481,0.13144256174564362,0.8469796131858283,0.3763027787208557
Cenpb,0.3218326270580292,0.3409794569015503,-0.09794733673334122,0.22632491392916912,-1.7027828693389893,-0.09794733673334122,0.4903707699505804,-1.1430199146270752,-0.09794733673334122,0.24437398118076847,-1.5023343563079834
Cdc25b,1.0517854690551758,0.8045899271965027,0.5920189023017883,1.607363108715486e-15,8.432693481445312,0.5920189023017883,3.939106445006941e-16,8.860491752624512,0.5920189023017883,1.1922926999283329e-30,12.064101219177246
Ap5s1,0.027017848566174507,0.027611633762717247,-0.031794026494026184,0.5032306815276578,-1.1694164276123047,-0.031794026494026184,1.0,-0.10427455604076385,-0.031794026494026184,0.9935682058076695,-0.13963937759399414
Mavs,0.04158267006278038,0.05270087346434593,-0.3499275743961334,0.07280998764078454,-2.2875356674194336,-0.3499275743961334,0.36167647049845647,-1.416483759880066,-0.3499275743961334,0.1069829638229417,-2.002089738845825
Pank2,0.39145755767822266,0.34342053532600403,0.2256482094526291,0.12591753443798506,2.023212432861328,0.2256482094526291,0.028941420552505533,2.7551443576812744,0.2256482094526291,0.0013071859645806736,3.634972095489502
Rnf24,0.009921136312186718,0.006079747807234526,0.7092685103416443,0.9979986318990572,0.02440180443227291,0.7092685103416443,0.36179032358873764,1.4073829650878906,0.7092685103416443,0.17043231561458186,1.72222900390625
Smox,0.03241203352808952,0.021281708031892776,0.6149805784225464,0.9979940091511154,-0.2171226292848587,0.6149805784225464,0.14161131793020626,2.0304646492004395,0.6149805784225464,0.035112077565022534,2.5170438289642334
Prnp,0.009764224290847778,0.009352636523544788,0.06242968514561653,0.9979940091511154,-0.17686855792999268,0.06242968514561653,1.0,0.08997627347707748,0.06242968514561653,1.0,0.1293206512928009
Rassf2,0.10300187766551971,0.11237593740224838,-0.13254575431346893,0.17272023137208958,-1.8536466360092163,-0.13254575431346893,0.6785382750366477,-0.7225172519683838,-0.13254575431346893,0.46147875269036936,-1.0315430164337158
Slc23a2,0.05380409210920334,0.07781871408224106,-0.5499141216278076,0.0005952858028629325,-3.937418222427368,-0.5499141216278076,0.03682743667684591,-2.6613829135894775,-0.5499141216278076,0.0009086125676405732,-3.736100196838379
Tmem230,0.21447841823101044,0.19932980835437775,0.1169789731502533,0.9979940091511154,-0.2944246828556061,0.1169789731502533,0.5168738139071093,1.0948514938354492,0.1169789731502533,0.26744773314307063,1.4445844888687134
Pcna,1.3433512449264526,1.5814825296401978,-0.44765570759773254,2.837605671171084e-07,-5.635837078094482,-0.44765570759773254,1.5330465336782821e-10,-6.994081497192383,-0.44765570759773254,3.406026769324503e-18,-9.150760650634766
Cds2,0.26356175541877747,0.26469776034355164,-0.007060549687594175,0.5347598499182883,-1.1231064796447754,-0.007060549687594175,1.0,-0.0738987922668457,-0.007060549687594175,1.0,-0.09678265452384949
Gpcpd1,0.2040216326713562,0.17263875901699066,0.2643139362335205,0.9979940091511154,-0.37965288758277893,0.2643139362335205,0.10633786931731783,2.1801037788391113,0.2643139362335205,0.015259831103903167,2.8408048152923584
Shld1,0.12092593312263489,0.08286412060260773,0.5732263326644897,0.4931192053696601,1.1855359077453613,0.5732263326644897,0.002416632676763172,3.599761724472046,0.5732263326644897,1.9046967969392497e-05,4.693286418914795
Chgb,0.0,0.0,0.0,0.9979940091511154,0.11319231241941452,0.0,1.0,0.0,0.0,1.0,0.0
Trmt6,0.18363842368125916,0.3084065318107605,-0.8416527509689331,9.5944930740198e-14,-7.915001392364502,-0.8416527509689331,1.5415573853767174e-11,-7.401895046234131,-0.8416527509689331,1.0415783093736739e-23,-10.525787353515625
Mcm8,0.06817428767681122,0.09749244898557663,-0.5375031232833862,0.0003029373577092555,-4.121411323547363,-0.5375031232833862,0.011849662901232587,-3.085625171661377,-0.5375031232833862,0.00010204466241546676,-4.301788330078125
Crls1,0.11070273071527481,0.16847354173660278,-0.6484732627868652,6.261858809987575e-08,-5.9064836502075195,-0.6484732627868652,6.720349212701481e-06,-5.07335901260376,-0.6484732627868652,4.1552333349314066e-11,-7.016112327575684
Lrrn4,0.0,0.0006075865239836276,-19.213171005249023,0.9979940091511154,0.027607882395386696,-19.213171005249023,0.5196272646011879,-1.0,-19.213171005249023,0.16021537352752957,-1.759765386581421
Tmx4,0.09234242141246796,0.149290531873703,-0.7349634170532227,8.493674865459004e-08,-5.851980209350586,-0.7349634170532227,0.00012665121383419802,-4.404892444610596,-0.7349634170532227,3.7786476395318784e-09,-6.307102680206299
Plcb1,0.0,0.0,0.0,0.9979940091511154,0.11319231241941452,0.0,1.0,0.0,0.0,1.0,0.0
Plcb4,0.0015529777156189084,0.0033360247034579515,-1.1043790578842163,0.9979940091511154,-0.11817954480648041,-1.1043790578842163,0.5604776002777399,-0.9248829483985901,-1.1043790578842163,0.28705983169116156,-1.3889340162277222
Mkks,0.049101389944553375,0.05034239962697029,-0.03691266477108002,0.2773324452827105,-1.5781911611557007,-0.03691266477108002,0.9968451841948657,-0.15886268019676208,-0.03691266477108002,0.9471503730423555,-0.2156171202659607
Slx4ip,0.08811762928962708,0.08187087625265121,0.11065034568309784,0.23532420325985337,-1.6775795221328735,0.11065034568309784,0.7348003523316047,0.6269174814224243,0.11065034568309784,0.5648606199486176,0.8214332461357117
Jag1,0.0,0.0004986929125152528,-18.92815399169922,0.9979940091511154,0.027607882395386696,-18.92815399169922,0.5196272646011879,-1.0,-18.92815399169922,0.16021537352752957,-1.759765386581421
Ism1,0.0,0.0,0.0,0.9979940091511154,0.11319231241941452,0.0,1.0,0.0,0.0,1.0,0.0
Tasp1,0.07476843893527985,0.07286478579044342,0.038597919046878815,0.2619640606789418,-1.613725185394287,0.038597919046878815,0.9719483108083862,0.2079576551914215,0.038597919046878815,0.906508523027769,0.28063255548477173
Esf1,0.30659422278404236,0.41377612948417664,-0.5144667625427246,5.9299568256073965e-08,-5.915656566619873,-0.5144667625427246,4.816010814577169e-08,-6.030797958374023,-0.5144667625427246,1.3788958466883242e-14,-8.126132011413574
Ndufaf5,0.07724861800670624,0.09193561971187592,-0.26185861229896545,0.007470051103825041,-3.1749064922332764,-0.26185861229896545,0.291755715429236,-1.583792805671692,-0.26185861229896545,0.0831988049024224,-2.127629280090332
Macrod2,0.0010722982697188854,0.00231300201267004,-1.109954833984375,0.9979940091511154,-0.14552025496959686,-1.109954833984375,0.5526740946416392,-0.9402048587799072,-1.109954833984375,0.29589668494592614,-1.3661340475082397
Kif16b,0.07086839526891708,0.06562335789203644,0.11475954949855804,0.6695148505598517,-0.9315433502197266,0.11475954949855804,0.7646781343782524,0.5748079419136047,0.11475954949855804,0.5943070508971945,0.7722115516662598
Snrpb2,0.6293221712112427,0.7390302419662476,-0.31992611289024353,3.5767577445172867e-05,-4.64186429977417,-0.31992611289024353,5.256910605616509e-07,-5.583363056182861,-0.31992611289024353,1.9668502103298702e-12,-7.459311485290527
Bfsp1,0.0006682457751594484,0.001540805445984006,-1.205862283706665,0.9984208920935209,-0.0025826727505773306,-1.205862283706665,0.6714910923986035,-0.7339509725570679,-1.205862283706665,0.4175193080766732,-1.1181888580322266
Dstn,0.2556380033493042,0.2767874300479889,-0.13060836493968964,0.07226483737261698,-2.2905635833740234,-0.13060836493968964,0.4278386888217225,-1.2604749202728271,-0.13060836493968964,0.1777159102218283,-1.6965429782867432
Rrbp1,0.7470561861991882,0.909925103187561,-0.418054461479187,2.5828713819461165e-08,-6.0650954246521,-0.418054461479187,3.226708818547849e-09,-6.5217814445495605,-0.418054461479187,3.785640342914554e-18,-9.128779411315918
Snx5,0.8244187831878662,0.8941774368286133,-0.17462338507175446,0.022559398366268524,-2.7782435417175293,-0.17462338507175446,0.007306548526644702,-3.2507896423339844,-0.17462338507175446,8.077488641663265e-05,-4.358209133148193
Mgme1,0.06177540495991707,0.08763490617275238,-0.5233588218688965,0.0010524370982904923,-3.781923532485962,-0.5233588218688965,0.033178369907528156,-2.703187942504883,-0.5233588218688965,0.000784483913112835,-3.7759037017822266
Ovol2,0.00955041404813528,0.01484660618007183,-0.6403261423110962,0.6488135791329707,-0.9587950110435486,-0.6403261423110962,0.3855450480978533,-1.349831223487854,-0.6403261423110962,0.12583018111341876,-1.9182401895523071
Kat14,0.0814676582813263,0.08229928463697433,-0.015260533429682255,0.10267585840724017,-2.123847723007202,-0.015260533429682255,1.0,-0.09143887460231781,-0.015260533429682255,1.0,-0.11956623941659927
Dzank1,0.0010802809847518802,0.0006188570987433195,0.8040603399276733,0.9979940091511154,0.08282364159822464,0.8040603399276733,0.8353649436018058,0.45392829179763794,0.8040603399276733,0.7512923003306929,0.5244855284690857
Polr3f,0.1575927436351776,0.1812465786933899,-0.21929682791233063,0.004508950758447979,-3.3429582118988037,-0.21929682791233063,0.20456474946088676,-1.8184022903442383,-0.21929682791233063,0.04097399221153381,-2.446683406829834
Rbbp9,0.004886893555521965,0.010330084711313248,-1.0837937593460083,0.9052690777847262,-0.6301721334457397,-1.0837937593460083,0.36625915212045557,-1.3935407400131226,-1.0837937593460083,0.07655045404180201,-2.1682000160217285
Sec23b,0.35291168093681335,0.3818828761577606,-0.13599810004234314,0.2261491227086122,-1.7033172845840454,-0.13599810004234314,0.24075368149907153,-1.7162586450576782,-0.13599810004234314,0.06274890977066659,-2.260488510131836
Smim26,0.16429023444652557,0.2100415676832199,-0.388459712266922,0.00023321999867337404,-4.188293933868408,-0.388459712266922,0.0072803207913512006,-3.25380802154541,-0.388459712266922,4.251620797575177e-05,-4.509888648986816
Dtd1,0.28158220648765564,0.43318018317222595,-0.7372650504112244,2.5175401447345312e-14,-8.088752746582031,-0.7372650504112244,9.241852414389e-15,-8.448104858398438,-0.7372650504112244,9.871756688844565e-29,-11.653093338012695
Slc24a3,0.0019182132091373205,0.0,20.872716903686523,0.9979940091511154,0.22326761484146118,20.872716903686523,0.15823111768358233,1.9671424627304077,20.872716903686523,0.11459942937141011,1.9671424627304077
Rin2,0.0,0.0,0.0,0.9979940091511154,0.11319231241941452,0.0,1.0,0.0,0.0,1.0,0.0
Naa20,0.6115085482597351,0.6870810389518738,-0.22847963869571686,0.005089703955448925,-3.303060293197632,-0.22847963869571686,0.0016826377018214417,-3.705214738845825,-0.22847963869571686,8.10643152038062e-06,-4.881804466247559
Crnkl1,0.30411437153816223,0.3411214053630829,-0.19379892945289612,0.03743514790813969,-2.574390411376953,-0.19379892945289612,0.08345996054705249,-2.2983224391937256,-0.19379892945289612,0.007817107818119765,-3.07861065864563
Cfap61,0.0,0.0012331684119999409,-20.23482894897461,0.9979940091511154,-0.05797655135393143,-20.23482894897461,0.36179032358873764,-1.410032033920288,-20.23482894897461,0.03809206448781877,-2.481325626373291
Insm1,0.002178488066419959,0.0012610522098839283,0.7893608212471008,0.9979940091511154,0.10820508748292923,0.7893608212471008,0.6847385178443982,0.7113317847251892,0.7893608212471008,0.5381740646759372,0.86520916223526
Ralgapa2,0.18734827637672424,0.17344079911708832,0.12161295861005783,0.5615381739723243,-1.0809820890426636,0.12161295861005783,0.5196272646011879,1.0208491086959839,0.12161295861005783,0.307703646891483,1.3398159742355347
Kiz,0.034915171563625336,0.03198375925421715,0.12864094972610474,0.7025711367385514,-0.8885285258293152,0.12864094972610474,0.8487456664026599,0.43096253275871277,0.12864094972610474,0.719081737137945,0.5748935341835022
Xrn2,1.3658103942871094,1.4029057025909424,-0.07140481472015381,0.9979940091511154,-0.3157985508441925,-0.07140481472015381,0.18832794975636286,-1.8659149408340454,-0.07140481472015381,0.045605250842699924,-2.4011781215667725
Thbd,0.0,0.002424414036795497,-21.210954666137695,0.9979940091511154,0.027607882395386696,-21.210954666137695,0.5196272646011879,-1.0,-21.210954666137695,0.16021537352752957,-1.759765386581421
Cd93,0.0003420022549107671,0.010862085036933422,-4.996743202209473,0.9979940091511154,-0.287656307220459,-4.996743202209473,0.15142603638995406,-1.9988478422164917,-4.996743202209473,0.002101414992245336,-3.5020341873168945
Nxt1,0.6363903880119324,0.5467631220817566,0.2899858355522156,0.0019016963450048895,3.6098639965057373,0.2899858355522156,0.00018791317639200335,4.294045925140381,0.2899858355522156,1.4129085163382184e-07,5.6765666007995605
Gzf1,0.05522774159908295,0.054452668875455856,0.020954424515366554,0.7181406319712683,-0.8681342601776123,0.020954424515366554,1.0,0.08559181541204453,0.020954424515366554,1.0,0.12066172063350677
Napb,0.0,0.000706334481947124,-19.430503845214844,0.9979940091511154,0.027607882395386696,-19.430503845214844,0.5196272646011879,-1.0,-19.430503845214844,0.16021537352752957,-1.759765386581421
Cst3,0.9299290180206299,0.9452865123748779,-0.03641543164849281,0.8977038736209073,0.6397013068199158,-0.03641543164849281,0.7741638285367584,-0.5589231252670288,-0.03641543164849281,0.5642730294803879,-0.8224431276321411
Zfp120,0.0601213313639164,0.06223012134432793,-0.05127286538481712,0.1773880110908082,-1.8394864797592163,-0.05127286538481712,0.9578132959940068,-0.23510360717773438,-0.05127286538481712,0.8835299691609455,-0.31839320063591003
Gm14139,0.0002844942209776491,0.0,18.118249893188477,0.9979940091511154,0.14071114361286163,18.118249893188477,0.5196272646011879,1.0,18.118249893188477,0.46147875269036936,1.0
Zfp937,0.0008909943862818182,0.0023567494936287403,-1.4043669700622559,0.9979940091511154,-0.14552025496959686,-1.4043669700622559,0.49469452559649196,-1.1358044147491455,-1.4043669700622559,0.16857632274811257,-1.729716420173645
3300002I08Rik,0.005132841411978006,0.00406234385445714,0.33821797370910645,0.9984208920935209,-0.00952917244285345,0.33821797370910645,0.8186930335660623,0.48232242465019226,0.33821797370910645,0.6878752476297321,0.6226514577865601
Gm10130,0.023297715932130814,0.028009561821818352,-0.2691442668437958,0.3333637397212374,-1.4621490240097046,-0.2691442668437958,0.5849545873456867,-0.8805922269821167,-0.2691442668437958,0.3773231256925236,-1.1935827732086182
Zfp442,0.00547058368101716,0.0037510523106902838,0.5456407070159912,0.9984208920935209,-0.008282364346086979,0.5456407070159912,0.633359695124737,0.7987785935401917,0.5456407070159912,0.46907814392049146,0.9866782426834106
Zfp345,0.0,0.0023268323857337236,-21.151615142822266,0.9979940091511154,-0.143560990691185,-21.151615142822266,0.23989528834812665,-1.7220009565353394,-21.151615142822266,0.009076527623610026,-3.030317544937134
Cst7,0.8187885880470276,0.8077369928359985,0.028646279126405716,0.9624145595308172,0.5566105246543884,0.028646279126405716,0.8247013741589544,0.47114288806915283,0.028646279126405716,0.6847109071268253,0.6274637579917908
Apmap,0.18207813799381256,0.16612282395362854,0.14415037631988525,0.7607449832462296,-0.8121169805526733,0.14415037631988525,0.44154031151409356,1.2341842651367188,0.14415037631988525,0.20492557018412522,1.6115483045578003
Acss1,0.0307364109903574,0.03298626095056534,-0.10354804992675781,0.9979940091511154,-0.44671332836151123,-0.10354804992675781,0.943876341047235,-0.2606368958950043,-0.10354804992675781,0.8401997982340483,-0.3864966034889221
Entpd6,0.04868994653224945,0.06507274508476257,-0.4303593933582306,0.006294272984019124,-3.233150005340576,-0.4303593933582306,0.12416133867517797,-2.100079298019409,-0.4303593933582306,0.014762637201920713,-2.853370189666748
Pygb,0.15111160278320312,0.17477764189243317,-0.2274409979581833,0.007414568728691229,-3.1776671409606934,-0.2274409979581833,0.17292137957450096,-1.9178341627120972,-0.2274409979581833,0.02973637942046347,-2.584359645843506
Abhd12,0.1550164818763733,0.16981695592403412,-0.14252401888370514,0.03031802715856326,-2.6613106727600098,-0.14252401888370514,0.48832154083009544,-1.14732027053833,-0.14252401888370514,0.2255815383529976,-1.5540151596069336
Gins1,0.11802425235509872,0.14838925004005432,-0.3526930510997772,0.00029387132601021824,-4.1294264793396,-0.3526930510997772,0.03918299602170883,-2.6354217529296875,-0.3526930510997772,0.0017429505015165037,-3.552248477935791
Ninl,0.0016667844029143453,0.0011416873894631863,0.5462783575057983,0.9979940091511154,0.05281120538711548,0.5462783575057983,0.8411468120453219,0.4440958499908447,0.5462783575057983,0.7410879881543976,0.5400820970535278
Nanp,0.1071905642747879,0.14004811644554138,-0.40993452072143555,0.00014377523272583086,-4.31012487411499,-0.40993452072143555,0.01669848509258682,-2.9621646404266357,-0.40993452072143555,0.00032350494871149425,-4.011329174041748
Nsfl1c,0.333527535200119,0.37007424235343933,-0.17791442573070526,0.17807059128240507,-1.8373490571975708,-0.17791442573070526,0.10567678778031438,-2.1834728717803955,-0.17791442573070526,0.011547515078974223,-2.9426767826080322
Fkbp1a,1.230438470840454,1.3068583011627197,-0.1534096896648407,0.010907924046564656,-3.0469305515289307,-0.1534096896648407,0.004499994163791271,-3.408482074737549,-0.1534096896648407,2.994846965806857e-05,-4.589849948883057
Sdcbp2,0.20709584653377533,0.16913087666034698,0.32040268182754517,0.9979940091511154,0.07427410781383514,0.32040268182754517,0.051793079004597745,2.5184617042541504,0.32040268182754517,0.004170132712401985,3.285719156265259
Psmf1,0.21031662821769714,0.24798594415187836,-0.2659050226211548,0.003461844597919809,-3.4257819652557373,-0.2659050226211548,0.04420385435887186,-2.586094379425049,-0.2659050226211548,0.0021162226461850088,-3.4944605827331543
Fam110a,0.20286130905151367,0.18239159882068634,0.16869375109672546,0.5617936998897316,-1.0800025463104248,0.16869375109672546,0.33459000109527803,1.4834851026535034,0.16869375109672546,0.12839515991172992,1.9077516794204712
Slc52a3,0.014462978579103947,0.013576691038906574,0.09187375009059906,0.950370302265747,-0.5705035328865051,0.09187375009059906,0.9559941694447031,0.23869909346103668,0.09187375009059906,0.8872728455964297,0.31213730573654175
Srxn1,0.007754815276712179,0.006125439424067736,0.3414556682109833,0.9979940091511154,-0.17446400225162506,0.3414556682109833,0.738900270015534,0.6193652749061584,0.3414556682109833,0.59326226681304,0.7741671800613403
Csnk2a1,0.783730685710907,0.8222090005874634,-0.10057856142520905,0.7907365283425859,-0.7739112377166748,-0.10057856142520905,0.19905991893919772,-1.834052324295044,-0.10057856142520905,0.04328465820733567,-2.4233429431915283
Tbc1d20,0.1900211125612259,0.20520281791687012,-0.12220253050327301,0.08058084096753462,-2.2405130863189697,-0.12220253050327301,0.5196272646011879,-1.0463436841964722,-0.12220253050327301,0.27126293439329147,-1.4356590509414673
Rbck1,0.4812837541103363,0.4763452708721161,0.018725669011473656,0.7715960332937509,0.7983130812644958,0.018725669011473656,0.9408246376306105,0.2657474875450134,0.018725669011473656,0.8605916088829155,0.35440143942832947
Trib3,0.003803243162110448,0.005000338889658451,-0.395659863948822,0.9979940091511154,-0.2059013545513153,-0.395659863948822,0.8058001533602329,-0.5039830207824707,-0.395659863948822,0.6354957379747231,-0.7045336961746216
Sox12,0.0018551329849287868,0.0019009938696399331,-0.03526422381401062,0.9984208920935209,-0.004630999639630318,-0.03526422381401062,1.0,-0.03263191133737564,-0.03526422381401062,1.0,-0.04252983629703522
Zcchc3,0.009600283578038216,0.01872527226805687,-0.9704355001449585,0.28226626380169273,-1.5668808221817017,-0.9704355001449585,0.07573593347746324,-2.348787784576416,-0.9704355001449585,0.003321685363456298,-3.356987953186035
Defb25,0.00125221093185246,0.002312727738171816,-0.885882556438446,0.9979940091511154,-0.11764519661664963,-0.885882556438446,0.6306279497364323,-0.8037339448928833,-0.885882556438446,0.39557847374259614,-1.1592203378677368
Rem1,0.0006512193358503282,0.0,19.313255310058594,0.9979940091511154,0.16822996735572815,19.313255310058594,0.36167647049845647,1.4110194444656372,19.313255310058594,0.2801966871638719,1.4110194444656372
H13,0.5767841339111328,0.639065146446228,-0.1973818689584732,0.023979557944136382,-2.754465103149414,-0.1973818689584732,0.014458498256122271,-3.014927864074707,-0.1973818689584732,0.00022501558169423907,-4.105165004730225
Mcts2,0.008399353362619877,0.00948113203048706,-0.17556270956993103,0.9979940091511154,-0.45766744017601013,-0.17556270956993103,0.9018219086695893,-0.3375775218009949,-0.17556270956993103,0.7998974460362276,-0.45034289360046387
Id1,0.006281782407313585,0.0069794016890227795,-0.15243341028690338,0.9979940091511154,-0.4020063877105713,-0.15243341028690338,0.9498645652108926,-0.25117480754852295,-0.15243341028690338,0.880254711652681,-0.3240116238594055
Cox4i2,0.0,0.0010680563282221556,-20.027328491210938,0.9979940091511154,0.027607882395386696,-20.027328491210938,0.5196272646011879,-1.0,-20.027328491210938,0.16021537352752957,-1.759765386581421
Bcl2l1,0.15493065118789673,0.12802305817604065,0.2950861155986786,0.8977038736209073,-0.6397013068199158,0.2950861155986786,0.08092620719217203,2.3121445178985596,0.2950861155986786,0.012320537406479848,2.920175552368164
Tpx2,1.3820594549179077,1.0600402355194092,0.6611083745956421,4.973333204258318e-23,10.322319984436035,0.6611083745956421,1.4376820000795805e-21,10.554841995239258,0.6611083745956421,1.1085933833598841e-50,15.776253700256348
Ttll9,0.000555934093426913,0.003772125346586108,-2.7647104263305664,0.9979940091511154,-0.17375153303146362,-2.7647104263305664,0.3796083484409939,-1.3629521131515503,-2.7647104263305664,0.05372012737276707,-2.33127760887146
Pdrg1,0.20996427536010742,0.27406221628189087,-0.4324597120285034,0.0003391207327810069,-4.091399192810059,-0.4324597120285034,0.0008783350935448957,-3.8923237323760986,-0.4324597120285034,3.109900641602818e-07,-5.527749061584473
Hck,0.0017069914611056447,0.017201991751790047,-3.3442420959472656,0.9979940091511154,-0.349106103181839,-3.3442420959472656,0.21167704468799223,-1.8019121885299683,-3.3442420959472656,0.006469607884683212,-3.1447670459747314
Tm9sf4,0.13053983449935913,0.1662774235010147,-0.3755188584327698,0.0001050208521362757,-4.38715934753418,-0.3755188584327698,0.033392715274361745,-2.6996967792510986,-0.3755188584327698,0.0010419790427183585,-3.6975181102752686
Tspyl3,0.05914478376507759,0.07973574101924896,-0.44600075483322144,0.003428790429160863,-3.428809881210327,-0.44600075483322144,0.10857371309181453,-2.1713569164276123,-0.44600075483322144,0.008707625489012053,-3.041193962097168
Plagl2,0.11136741936206818,0.11008064448833466,0.017711767926812172,0.06283838507841069,-2.353349208831787,0.017711767926812172,1.0,0.11802385002374649,0.017711767926812172,0.9835557712586391,0.15555165708065033
Pofut1,0.08480934798717499,0.07704845070838928,0.14413152635097504,0.49252564737414417,-1.1864264011383057,0.14413152635097504,0.6544298347862206,0.7632237076759338,0.14413152635097504,0.46147875269036936,1.0265116691589355
Kif3b,0.10056556016206741,0.10378243029117584,-0.04778578504920006,0.14350248728409126,-1.956062912940979,-0.04778578504920006,0.9288410920022793,-0.2879110872745514,-0.04778578504920006,0.8355664348867722,-0.39319145679473877
Asxl1,0.39314255118370056,0.3567630350589752,0.16796469688415527,0.28196206751935615,1.5675042867660522,0.16796469688415527,0.1559329566193606,1.976898193359375,0.16796469688415527,0.026743878613039018,2.6267497539520264
Nol4l,0.009332360699772835,0.006859986111521721,0.44582223892211914,0.9979940091511154,-0.14872632920742035,0.44582223892211914,0.6484183068648494,0.7727283835411072,0.44582223892211914,0.47818970306912034,0.9701892733573914
Commd7,0.4190872013568878,0.5151569843292236,-0.37243714928627014,3.981690059908896e-05,-4.61657190322876,-0.37243714928627014,1.0554760547582955e-05,-4.972813129425049,-0.37243714928627014,1.5521644463487513e-10,-6.816743850708008
Dnmt3b,0.01588691584765911,0.025067979469895363,-0.6646520495414734,0.3713280388951165,-1.3889436721801758,-0.6646520495414734,0.3087065139813898,-1.5435633659362793,-0.6646520495414734,0.06181434912389966,-2.266864538192749
Mapre1,1.2011010646820068,1.106388807296753,0.19967380166053772,3.5029071061926254e-05,4.646762847900391,0.19967380166053772,6.32670516992875e-05,4.568633556365967,0.19967380166053772,4.611930408151426e-09,6.27549409866333
Efcab8,0.0,0.0013168747536838055,-20.32963752746582,0.9979940091511154,-0.05797655135393143,-20.32963752746582,0.36167647049845647,-1.412528395652771,-20.32963752746582,0.03768034919398693,-2.4857184886932373
Cdk5rap1,0.03893762454390526,0.04209858551621437,-0.11490251868963242,0.08567743501599569,-2.2114803791046143,-0.11490251868963242,0.8081303069470375,-0.5007567405700684,-0.11490251868963242,0.6682723431179913,-0.6524673700332642
Snta1,0.0005716474843211472,0.0011647522915154696,-1.027252197265625,0.9984208920935209,-0.0025826727505773306,-1.027252197265625,0.7234401044307353,-0.6457093358039856,-1.027252197265625,0.485043930046619,-0.9569967985153198
Cbfa2t2,0.04830584302544594,0.044998228549957275,0.10473395138978958,0.37297758599284125,-1.3850250244140625,0.10473395138978958,0.841004562429623,0.44454437494277954,0.10473395138978958,0.714818094203504,0.5813971757888794
Necab3,0.0006513846456073225,0.0007698027766309679,-0.24106420576572418,0.9979940091511154,0.08264552801847458,-0.24106420576572418,1.0,-0.13073651492595673,-0.24106420576572418,0.9663747324332662,-0.18289853632450104
1700003F12Rik,0.0,0.0006519058370031416,-19.314777374267578,0.9979940091511154,0.027607882395386696,-19.314777374267578,0.5196272646011879,-1.0,-19.314777374267578,0.16021537352752957,-1.759765386581421
E2f1,0.12066376954317093,0.19044192135334015,-0.7099970579147339,5.628297969047308e-12,-7.368187427520752,-0.7099970579147339,3.3981806086323193e-06,-5.212743282318115,-0.7099970579147339,3.674158728759149e-11,-7.037261009216309
Pxmp4,0.1382056623697281,0.11178477108478546,0.325548380613327,0.9979940091511154,-0.3565869629383087,0.325548380613327,0.08516868798010951,2.287912368774414,0.325548380613327,0.011074125110931523,2.957927942276001
Zfp341,0.01876647397875786,0.01892692968249321,-0.01239865180104971,0.7058873432605429,-0.8841646909713745,-0.01239865180104971,1.0,-0.035990893840789795,-0.01239865180104971,1.0,-0.04708368331193924
Chmp4b,1.0016517639160156,1.0427418947219849,-0.09260525554418564,0.4444343929983777,-1.2610567808151245,-0.09260525554418564,0.12641183609797607,-2.0895211696624756,-0.09260525554418564,0.019240109153953938,-2.7546849250793457
Gm14214,0.0,0.0,0.0,0.9979940091511154,0.11319231241941452,0.0,1.0,0.0,0.0,1.0,0.0
Raly,1.469550371170044,1.4163447618484497,0.1005067229270935,0.02600977064623843,2.72160267829895,0.1005067229270935,0.04095324388985786,2.6179184913635254,0.1005067229270935,0.0013763352421282333,3.6196281909942627
a,0.02190934680402279,0.04555660858750343,-1.0732678174972534,0.002239732496211954,-3.560882329940796,-1.0732678174972534,0.0030838983217298705,-3.532132863998413,-1.0732678174972534,4.5687901038811645e-06,-5.000713348388672
Eif2s2,1.2427412271499634,1.4321128129959106,-0.3707965016365051,1.7803771995428706e-13,-7.834404468536377,-0.3707965016365051,2.697998464691575e-15,-8.584556579589844,-0.3707965016365051,8.098699824969454e-28,-11.464434623718262
Ahcy,0.08570263534784317,0.11212003231048584,-0.40700283646583557,0.0011565160796999639,-3.755028009414673,-0.40700283646583557,0.053545519326689155,-2.504967451095581,-0.40700283646583557,0.002253432216681772,-3.475663900375366
Itch,0.3126634657382965,0.29085880517959595,0.12081031501293182,0.9140076561796455,0.6176150441169739,0.12081031501293182,0.4671462822891233,1.1862715482711792,0.12081031501293182,0.20230415178680983,1.6192114353179932
Dynlrb1,1.007458209991455,0.972183346748352,0.08099585771560669,0.044676755460687605,2.5002944469451904,0.08099585771560669,0.21344484384078502,1.7931846380233765,0.08099585771560669,0.047381502570623395,2.385143518447876
Map1lc3a,0.13489341735839844,0.1064603254199028,0.3624267280101776,0.9979940091511154,0.08602972328662872,0.3624267280101776,0.0694686449287457,2.3877367973327637,0.3624267280101776,0.005916551301628578,3.17089581489563
Pigu,0.10685450583696365,0.11985031515359879,-0.17513765394687653,0.014092140812741454,-2.954043388366699,-0.17513765394687653,0.4490806994790207,-1.220582127571106,-0.17513765394687653,0.20040889724569852,-1.6251850128173828
Trp53inp2,0.03813787177205086,0.02188471518456936,0.8130835890769958,0.9979940091511154,0.5090537071228027,0.8130835890769958,0.01325575314363419,3.0416338443756104,0.8130835890769958,0.0007510616975249328,3.789360284805298
Ncoa6,0.1087326630949974,0.08649662882089615,0.34637048840522766,0.9979940091511154,-0.21142293512821198,0.34637048840522766,0.1233643298413224,2.1030640602111816,0.34637048840522766,0.01855043726998882,2.7680628299713135
Ggt7,0.00747192045673728,0.00423768162727356,0.8205390572547913,0.9979940091511154,0.1305585652589798,0.8205390572547913,0.507061021233984,1.111857295036316,0.8205390572547913,0.30092276558673225,1.3546627759933472
Acss2,0.07706476747989655,0.08935107290744781,-0.22239898145198822,0.10089705604852689,-2.132397174835205,-0.22239898145198822,0.5196272646011879,-1.0721943378448486,-0.22239898145198822,0.2322824793020309,-1.535638451576233
Gss,0.08000295609235764,0.0970938503742218,-0.291837215423584,0.024181132507148033,-2.7513480186462402,-0.291837215423584,0.2867668946575228,-1.5948432683944702,-0.291837215423584,0.06723322164494587,-2.2289533615112305
Trpc4ap,0.3091053366661072,0.33638420701026917,-0.14274567365646362,0.21715627053101216,-1.725759744644165,-0.14274567365646362,0.27711504121896285,-1.6180208921432495,-0.14274567365646362,0.07455473053055003,-2.180767059326172
Edem2,0.26779335737228394,0.3316010534763336,-0.3566513657569885,0.0001871501987925266,-4.2444891929626465,-0.3566513657569885,0.00042462392226380385,-4.08334493637085,-0.3566513657569885,4.7057768075002065e-07,-5.450170516967773
Procr,0.0,0.0004938809433951974,-18.91416358947754,0.9979940091511154,0.027607882395386696,-18.91416358947754,0.5196272646011879,-1.0,-18.91416358947754,0.16021537352752957,-1.759765386581421
Mmp24,0.0,0.0,0.0,0.9979940091511154,0.11319231241941452,0.0,1.0,0.0,0.0,1.0,0.0
BC029722,0.11741719394922256,0.16008780896663666,-0.4787116050720215,6.199646504785258e-05,-4.514601230621338,-0.4787116050720215,0.0020354139133361335,-3.655208110809326,-0.4787116050720215,2.973150331596855e-06,-5.087986469268799
Eif6,0.9274813532829285,1.0244237184524536,-0.2245490401983261,0.0003215234619614351,-4.105470180511475,-0.2245490401983261,0.0001189006317473006,-4.413551330566406,-0.2245490401983261,1.9200010545031132e-08,-6.032199859619141
Uqcc1,0.07157611846923828,0.09350749850273132,-0.4016414284706116,0.002477481718193817,-3.5316715240478516,-0.4016414284706116,0.08645956673736259,-2.28261137008667,-0.4016414284706116,0.005823562458077606,-3.1762373447418213
Cep250,0.28804588317871094,0.32344067096710205,-0.19403336942195892,0.017030538012242122,-2.88466739654541,-0.19403336942195892,0.12752420191237593,-2.08474063873291,-0.19403336942195892,0.01726123932841666,-2.7947490215301514
6430550D23Rik,0.001109977951273322,0.0004626369336619973,1.2630438804626465,0.9979940091511154,0.11043152958154678,1.2630438804626465,0.6331301590443698,0.7990303039550781,1.2630438804626465,0.5153492644979055,0.9051832556724548
Ergic3,0.39355209469795227,0.4387974441051483,-0.19189557433128357,0.06364750182235383,-2.3472042083740234,-0.19189557433128357,0.05344529737900919,-2.505336046218872,-0.19189557433128357,0.00297764941649357,-3.391368865966797
Spag4,0.008976602926850319,0.004728967323899269,0.9277117848396301,0.9979940091511154,0.18595243990421295,0.9277117848396301,0.29550423342210413,1.5744391679763794,0.9277117848396301,0.11846843706647518,1.9493488073349
Cpne1,0.0011748747201636434,0.0010445881634950638,0.16966649889945984,0.9979940091511154,0.025114266201853752,0.16966649889945984,1.0,0.1295868456363678,0.16966649889945984,0.9798771641145076,0.16262175142765045
Rbm12,0.07335246354341507,0.08351282775402069,-0.19457736611366272,0.001771814721077324,-3.6310598850250244,-0.19457736611366272,0.4932416895576166,-1.1376181840896606,-0.19457736611366272,0.2539149033236284,-1.477713704109192
Nfs1,0.22647272050380707,0.27259933948516846,-0.3021005094051361,0.0009505843673251783,-3.8107781410217285,-0.3021005094051361,0.012445447403320911,-3.0671982765197754,-0.3021005094051361,0.00019926644879989303,-4.136218547821045
Romo1,0.7041095495223999,0.8532410860061646,-0.3985499143600464,7.54824974772072e-09,-6.271620273590088,-0.3985499143600464,7.992257732646841e-10,-6.745330333709717,-0.3985499143600464,1.6312917648603577e-18,-9.229435920715332
Rbm39,1.8810458183288574,1.8535569906234741,0.04690708965063095,0.06058895316909323,2.369290590286255,0.04690708965063095,0.3759875419384273,1.369027853012085,0.04690708965063095,0.138668974772604,1.8665252923965454
Phf20,0.15122933685779572,0.1539112627506256,-0.027344631031155586,0.12786960633880629,-2.014930009841919,-0.027344631031155586,0.9795672511702198,-0.19155313074588776,-0.027344631031155586,0.9203931835621346,-0.2587732970714569
Scand1,1.2377591133117676,1.21222984790802,0.052151989191770554,0.09752112077620097,2.149407148361206,0.052151989191770554,0.4303064913661691,1.2558457851409912,0.052151989191770554,0.1790221340950713,1.6914395093917847
Cnbd2,0.00927873607724905,0.0056350352242589,0.7221352458000183,0.9982866462090498,0.021373843774199486,0.7221352458000183,0.39343094720951316,1.3319724798202515,0.7221352458000183,0.20468026094135153,1.6124851703643799
Epb41l1,0.0002488924656063318,0.0,17.92534828186035,0.9979940091511154,0.14071114361286163,17.92534828186035,0.5196272646011879,1.0,17.92534828186035,0.46147875269036936,1.0
Aar2,0.06315013766288757,0.0891849547624588,-0.5170331597328186,0.00457302875312774,-3.338416337966919,-0.5170331597328186,0.035764898165327165,-2.6753668785095215,-0.5170331597328186,0.000539415849208237,-3.8776941299438477
Dlgap4,0.16316013038158417,0.18416860699653625,-0.19033153355121613,0.040130264539984445,-2.544823169708252,-0.19033153355121613,0.3188643467830625,-1.5189082622528076,-0.19033153355121613,0.08826468881672626,-2.099209785461426
Myl9,0.0003182430227752775,0.0,18.28000259399414,0.9979940091511154,0.14071114361286163,18.28000259399414,0.5196272646011879,1.0,18.28000259399414,0.46147875269036936,1.0
Tgif2,0.043932702392339706,0.04718737676739693,-0.10547111928462982,0.554280661518459,-1.0913128852844238,-0.10547111928462982,0.8757299400381858,-0.3837158679962158,-0.10547111928462982,0.735797402431547,-0.5484506487846375
Rab5if,1.025966763496399,1.1685032844543457,-0.3089304566383362,1.4650948390447687e-08,-6.161900997161865,-0.3089304566383362,9.7020533505617e-09,-6.3227949142456055,-0.3089304566383362,2.0157317647292993e-16,-8.655718803405762
Sla2,0.405507355928421,0.3705480694770813,0.15691189467906952,0.2406441038412289,1.6639537811279297,0.15691189467906952,0.1888077781190072,1.8642991781234741,0.15691189467906952,0.035415504127570746,2.512970447540283
Ndrg3,0.15517209470272064,0.15729743242263794,-0.021199051290750504,0.14287027171387318,-1.958289384841919,-0.021199051290750504,0.9950878918168913,-0.16242843866348267,-0.021199051290750504,0.945685475029348,-0.21871502697467804
Dsn1,0.14890438318252563,0.134499654173851,0.15741996467113495,0.8140287488034225,-0.7448784708976746,0.15741996467113495,0.4336696303990061,1.2495546340942383,0.15741996467113495,0.19892214439073738,1.6297661066055298
Soga1,0.0,0.003578690579161048,-21.773582458496094,0.9979940091511154,0.027607882395386696,-21.773582458496094,0.5196272646011879,-1.0,-21.773582458496094,0.16021537352752957,-1.759765386581421
Samhd1,0.9804185032844543,1.019453525543213,-0.08910062164068222,0.9979940091511154,-0.15487131476402283,-0.08910062164068222,0.34255329305536125,-1.4660606384277344,-0.08910062164068222,0.10440752229090365,-2.0147056579589844
Rbl1,0.4295947253704071,0.320407509803772,0.5067412853240967,0.000566428981839325,3.951934576034546,0.5067412853240967,3.048367184399634e-08,6.091732501983643,0.5067412853240967,6.565621170584399e-13,7.620340347290039
Mroh8,0.00027705656248144805,0.0,18.080026626586914,0.9979940091511154,0.14071114361286163,18.080026626586914,0.5196272646011879,1.0,18.080026626586914,0.46147875269036936,1.0
Rpn2,0.8339030146598816,0.9290711283683777,-0.23451575636863708,6.748120031492844e-05,-4.493049144744873,-0.23451575636863708,0.0003828585759272321,-4.115515232086182,-0.23451575636863708,1.1103060204098375e-07,-5.7185845375061035
Manbal,0.18552251160144806,0.19989264011383057,-0.11832975596189499,0.031094209708796162,-2.650891065597534,-0.11832975596189499,0.5196272646011879,-1.0777617692947388,-0.11832975596189499,0.27357585504985865,-1.430185079574585
Src,0.0004720331053249538,0.0005440126988105476,-0.20480376482009888,0.9979940091511154,0.16822996735572815,-0.20480376482009888,1.0,-0.09993645548820496,-0.20480376482009888,1.0,-0.12756596505641937
Blcap,0.020708035677671432,0.022221693769097328,-0.1028737723827362,0.9369518509478965,-0.5868901014328003,-0.1028737723827362,0.9554157529411027,-0.2405315786600113,-0.1028737723827362,0.8620438994120405,-0.3524059057235718
Nnat,0.0,0.0004626369336619973,-18.81985855102539,0.9979940091511154,0.027607882395386696,-18.81985855102539,0.5196272646011879,-1.0,-18.81985855102539,0.16021537352752957,-1.759765386581421
Ctnnbl1,0.315238356590271,0.32581108808517456,-0.05562591925263405,0.9218848802344964,-0.6088873744010925,-0.05562591925263405,0.7041522839440127,-0.6772434711456299,-0.05562591925263405,0.5177982672451855,-0.9008166193962097
Tti1,0.05866790562868118,0.06906556338071823,-0.2429751455783844,0.01163907603346846,-3.023953676223755,-0.2429751455783844,0.4270216359087345,-1.2623810768127441,-0.2429751455783844,0.17768826654457945,-1.696746826171875
Rprd1b,0.2350098043680191,0.28592607378959656,-0.32124221324920654,0.00015246513216916893,-4.295251846313477,-0.32124221324920654,0.005063595798895197,-3.368703842163086,-0.32124221324920654,6.008078467909494e-05,-4.429086208343506
Tgm2,0.0009149002144113183,0.008708490990102291,-3.256361484527588,0.9979940091511154,-0.08887957036495209,-3.256361484527588,0.3491957239269469,-1.4523205757141113,-3.256361484527588,0.03527088872189361,-2.5165040493011475
Lbp,0.0,0.0011378845665603876,-20.118745803833008,0.9979940091511154,0.027607882395386696,-20.118745803833008,0.5196272646011879,-1.0,-20.118745803833008,0.16021537352752957,-1.759765386581421
Snhg11,0.0006793957436457276,0.0,19.374385833740234,0.9979940091511154,0.16822996735572815,19.374385833740234,0.36167647049845647,1.414946436882019,19.374385833740234,0.2795042275398297,1.414946436882019
Ralgapb,0.1359267234802246,0.11729676276445389,0.22638815641403198,0.9979940091511154,-0.23822930455207825,0.22638815641403198,0.3087794580658673,1.5425751209259033,0.22638815641403198,0.09013538158700744,2.089378595352173
Slc32a1,0.0,0.0012088973307982087,-20.206132888793945,0.9979940091511154,-0.05797655135393143,-20.206132888793945,0.36167647049845647,-1.4164514541625977,-20.206132888793945,0.03726207145007799,-2.492622137069702
Actr5,0.1588047593832016,0.15289334952831268,0.059103429317474365,0.3110245198713344,-1.5072121620178223,0.059103429317474365,0.8449995248633416,0.43679603934288025,0.059103429317474365,0.7062821284769538,0.5944188833236694
Ppp1r16b,0.2982865273952484,0.2266378104686737,0.4502522349357605,0.062281458120972695,2.3570897579193115,0.4502522349357605,0.00037433674447846,4.115750789642334,0.4502522349357605,5.152906094053571e-07,5.432745933532715
Fam83d,0.16340932250022888,0.09616119414567947,0.8145219087600708,0.10228248665218949,2.1259849071502686,0.8145219087600708,2.5113101169577114e-07,5.706799507141113,0.8145219087600708,3.244194089990095e-11,7.06504487991333
Dhx35,0.03565802425146103,0.04472248628735542,-0.3333556652069092,0.027168615033778553,-2.7037911415100098,-0.3333556652069092,0.3679717107194103,-1.3869385719299316,-0.3333556652069092,0.15186350975867713,-1.8170827627182007
Mafb,0.002805982017889619,0.016243530437350273,-2.5429956912994385,0.8364988456292194,-0.71727055311203,-2.5429956912994385,0.23704704047522945,-1.73082435131073,-2.5429956912994385,0.010266100735074994,-2.9867868423461914
Top1,1.197299838066101,1.2682541608810425,-0.14450103044509888,0.22817728845701463,-1.6971722841262817,-0.14450103044509888,0.013002108400489211,-3.0511703491210938,-0.14450103044509888,0.00025502563062384327,-4.073144435882568
Plcg1,0.16487455368041992,0.15163969993591309,0.130519837141037,0.8586833391440014,-0.688683032989502,0.130519837141037,0.5281708151851772,0.9851466417312622,0.130519837141037,0.3145723668804477,1.3241938352584839
Zhx3,0.027601398527622223,0.025602711364626884,0.10989287495613098,0.45902417593404377,-1.236833095550537,0.10989287495613098,0.8839907430306964,0.3690037131309509,0.10989287495613098,0.7850513202768612,0.4728446304798126
Lpin3,0.0014256986323744059,0.0023989093024283648,-0.7514113783836365,0.9979940091511154,-0.11764519661664963,-0.7514113783836365,0.6959266494498019,-0.6927984356880188,-0.7514113783836365,0.4755525386659488,-0.974824845790863
Chd6,0.1356203854084015,0.12711647152900696,0.09969159215688705,0.618189018775861,-1.000473976135254,0.09969159215688705,0.7792962351413117,0.5486689209938049,0.09969159215688705,0.5873957907004037,0.7839082479476929
Srsf6,0.8254839777946472,1.0054816007614136,-0.43395256996154785,1.176661044232051e-11,-7.265325546264648,-0.43395256996154785,5.448009211277589e-13,-7.855522155761719,-0.43395256996154785,2.0672751155442143e-23,-10.464811325073242
L3mbtl1,0.0007344315527006984,0.0,19.486801147460938,0.9979940091511154,0.16822996735572815,19.486801147460938,0.3795734303658421,1.3612024784088135,19.486801147460938,0.2982045563730882,1.3612024784088135
Ift52,0.19785670936107635,0.22917450964450836,-0.23538491129875183,0.007686460467627263,-3.1659114360809326,-0.23538491129875183,0.11944145168924725,-2.1199703216552734,-0.23538491129875183,0.013635116857997768,-2.8830058574676514
Mybl2,0.21507488191127777,0.2869294285774231,-0.4698549211025238,1.7362997895230657e-06,-5.285038948059082,-0.4698549211025238,0.0001356341150881781,-4.380486488342285,-0.4698549211025238,2.171619534483489e-08,-6.0106306076049805
Tox2,0.028678273782134056,0.008087562397122383,1.8410797119140625,0.696401088864772,0.8964546322822571,1.8410797119140625,0.00014484344496499296,4.3446946144104,1.8410797119140625,1.0565836043650098e-05,4.832558631896973
Oser1,0.3504185080528259,0.314348042011261,0.1841743439435959,0.5657455044721295,1.073412299156189,0.1841743439435959,0.1285470650689257,2.0794780254364014,0.1841743439435959,0.020633361924036333,2.7282001972198486
Gdap1l1,0.00036641673068515956,0.0,18.483394622802734,0.9979940091511154,0.14071114361286163,18.483394622802734,0.5196272646011879,1.0,18.483394622802734,0.46147875269036936,1.0
Fitm2,0.013039916753768921,0.01889125071465969,-0.5390154123306274,0.5443573701372334,-1.107254147529602,-0.5390154123306274,0.5196272646011879,-1.0598214864730835,-0.5390154123306274,0.21906586060160263,-1.571597695350647
Ttpal,0.10023147612810135,0.1232251226902008,-0.3148559331893921,0.0016503109625334896,-3.6522555351257324,-0.3148559331893921,0.1409853820784849,-2.0341436862945557,-0.3148559331893921,0.018060907464475664,-2.777801990509033
Serinc3,1.21011221408844,0.9326526522636414,0.6109362244606018,8.227111891794575e-23,10.272714614868164,0.6109362244606018,6.079957795001972e-24,10.998984336853027,0.6109362244606018,7.846912360859446e-45,14.778848648071289
Pkig,0.106443852186203,0.13569432497024536,-0.3717930316925049,2.6475124147747133e-05,-4.7104387283325195,-0.3717930316925049,0.04022893598564294,-2.6246378421783447,-0.3717930316925049,0.0020065129190465275,-3.511014223098755
Ada,0.03765064850449562,0.06824047863483429,-0.8802135586738586,0.00010711104700540192,-4.381638050079346,-0.8802135586738586,0.0005230582252663436,-4.034205436706543,-0.8802135586738586,8.827377650610418e-08,-5.760345935821533
Ywhab,1.305390477180481,1.357144832611084,-0.10147478431463242,0.2332617203296231,-1.683279275894165,-0.10147478431463242,0.06498982740726612,-2.417576789855957,-0.10147478431463242,0.004432578814946667,-3.2652382850646973
Pabpc1l,0.04023677855730057,0.030023546889424324,0.4298306107521057,0.9032375484734037,-0.6327548623085022,0.4298306107521057,0.2506994385501616,1.687922716140747,0.4298306107521057,0.08780802842010518,2.10231876373291
Tomm34,0.3688230514526367,0.4411199688911438,-0.31390380859375,0.0007753965417987184,-3.866795539855957,-0.31390380859375,0.0007654738069802619,-3.9247055053710938,-0.31390380859375,1.1087247623404445e-06,-5.285470008850098
Stk4,0.6797224879264832,0.7130060791969299,-0.09574199467897415,0.9979940091511154,-0.3843729496002197,-0.09574199467897415,0.29327066625478715,-1.5808130502700806,-0.09574199467897415,0.07779376048617388,-2.1601109504699707
Kcns1,0.0,0.0,0.0,0.9979940091511154,0.11319231241941452,0.0,1.0,0.0,0.0,1.0,0.0
Slpi,0.006719196680933237,0.02126123011112213,-1.672378659248352,0.9979940091511154,-0.04773491621017456,-1.672378659248352,0.40466970627319787,-1.3092268705368042,-1.672378659248352,0.06360781185670446,-2.255678653717041
Sdc4,0.001106668496504426,0.0013555228943005204,-0.292805552482605,0.9979940091511154,-0.0302796121686697,-0.292805552482605,0.9922854101823909,-0.16843245923519135,-0.292805552482605,0.9554992431887755,-0.20091533660888672
Sys1,0.8818749785423279,0.8626127243041992,0.04775073751807213,0.1534473842240938,1.9207069873809814,0.04775073751807213,0.5431644358394437,0.9576409459114075,0.04775073751807213,0.3442357002391916,1.2617374658584595
Dbndd2,0.0023429179564118385,0.0,21.16156578063965,0.9979940091511154,0.2507864236831665,21.16156578063965,0.12115916296694695,2.1118850708007812,21.16156578063965,0.08631843037988889,2.1118850708007812
Pigt,0.3673500716686249,0.38912126421928406,-0.0997563898563385,0.43235167558249954,-1.280916690826416,-0.0997563898563385,0.4294268349410024,-1.257775068283081,-0.0997563898563385,0.18648029089863297,-1.668043613433838
Wfdc2,0.0,0.0010758948046714067,-20.037883758544922,0.9979940091511154,-0.05797655135393143,-20.037883758544922,0.36167647049845647,-1.4165074825286865,-20.037883758544922,0.03726207145007799,-2.49272084236145
Wfdc3,0.0005859400262124836,0.0006167445098981261,-0.07394198328256607,0.9979940091511154,0.05521576479077339,-0.07394198328256607,1.0,-0.03621048480272293,-0.07394198328256607,1.0,-0.045117851346731186
Dnttip1,0.361120343208313,0.3292011022567749,0.1578574925661087,0.3963978515915626,1.342455506324768,0.1578574925661087,0.17303088060453342,1.9166918992996216,0.1578574925661087,0.034317382026080576,2.526416778564453
Ube2c,2.3510162830352783,1.721343755722046,1.0482202768325806,7.766071642169315e-32,12.17917251586914,1.0482202768325806,4.0595491662764904e-29,12.5592679977417,1.0482202768325806,9.248599432345597e-70,18.7723445892334
Tnnc2,0.0,0.0006880931323394179,-19.392742156982422,0.9979940091511154,0.027607882395386696,-19.392742156982422,0.5196272646011879,-1.0,-19.392742156982422,0.16021537352752957,-1.759765386581421
Snx21,0.0092794019728899,0.010661299340426922,-0.20127788186073303,0.8455020080213123,-0.7044462561607361,-0.20127788186073303,0.8564954715007056,-0.41723117232322693,-0.20127788186073303,0.7420935173297069,-0.5383853912353516
Acot8,0.2873925566673279,0.2646523714065552,0.1360812783241272,0.8779269853065487,0.6641031503677368,0.1360812783241272,0.3115784453426969,1.5359976291656494,0.1360812783241272,0.10634488020043692,2.0055041313171387
Zswim3,0.016216348856687546,0.004987471271306276,1.709182620048523,0.9979940091511154,0.47307440638542175,1.709182620048523,0.004261028806207972,3.4185478687286377,1.709182620048523,0.0007096968104320674,3.8078596591949463
Zswim1,0.05809121951460838,0.07559642195701599,-0.39276576042175293,0.006881620513066804,-3.203583002090454,-0.39276576042175293,0.14835078699068402,-2.007124900817871,-0.39276576042175293,0.01667216722931568,-2.8074328899383545
Spata25,0.0,0.0,0.0,0.9979940091511154,0.11319231241941452,0.0,1.0,0.0,0.0,1.0,0.0
Neurl2,0.016418972983956337,0.030485130846500397,-0.9029279947280884,0.06150549797110193,-2.3624331951141357,-0.9029279947280884,0.03417218911057347,-2.69279146194458,-0.9029279947280884,0.0006107625616183028,-3.8445017337799072
Ctsa,0.512660026550293,0.44805189967155457,0.24465838074684143,0.0039282329827114385,3.386329412460327,0.24465838074684143,0.009548510605397258,3.160665273666382,0.24465838074684143,0.00011213386206423187,4.279066562652588
Pltp,0.022316554561257362,0.0248327124863863,-0.1559496968984604,0.6914157229649712,-0.903312087059021,-0.1559496968984604,0.8566871464461054,-0.4167821407318115,-0.1559496968984604,0.7086591488327075,-0.5905066728591919
Pcif1,0.5891457796096802,0.561883270740509,0.08989585936069489,0.34935700171869544,1.4302663803100586,0.08989585936069489,0.39186747546171186,1.3359827995300293,0.08989585936069489,0.15534332160551373,1.8042820692062378
Zfp335,0.07056788355112076,0.08008312433958054,-0.18943668901920319,0.026128169379047793,-2.7195544242858887,-0.18943668901920319,0.5451855450508521,-0.9538559317588806,-0.18943668901920319,0.31400040513402877,-1.3253875970840454
Mmp9,0.0,0.0,0.0,0.9979940091511154,0.11319231241941452,0.0,1.0,0.0,0.0,1.0,0.0
Slc12a5,0.0008301243069581687,0.001287961727939546,-0.6340200304985046,0.9984208920935209,-0.0025826727505773306,-0.6340200304985046,0.8545852417737894,-0.42077142000198364,-0.6340200304985046,0.7143899007074611,-0.5820334553718567
Ncoa5,0.07598873972892761,0.0997382402420044,-0.4097435772418976,0.00043493909717157733,-4.0235371589660645,-0.4097435772418976,0.06220820825506025,-2.4375650882720947,-0.4097435772418976,0.003537154827008797,-3.337707996368408
Cd40,0.0,0.003092068713158369,-21.5623722076416,0.9979940091511154,0.027607882395386696,-21.5623722076416,0.5196272646011879,-1.0,-21.5623722076416,0.16021537352752957,-1.759765386581421
Slc35c2,0.11833588033914566,0.16747280955314636,-0.5373280644416809,1.260410072705734e-05,-4.876086235046387,-0.5373280644416809,0.00090190673298902,-3.884565591812134,-0.5373280644416809,4.108079289280768e-07,-5.474658966064453
Elmo2,0.12718456983566284,0.13330554962158203,-0.07232444733381271,0.06812111405459491,-2.3172810077667236,-0.07232444733381271,0.7927902067377106,-0.5265206694602966,-0.07232444733381271,0.6345291496533926,-0.7059981226921082
Ocstamp,0.0,0.0006188570987433195,-19.239694595336914,0.9979940091511154,0.027607882395386696,-19.239694595336914,0.5196272646011879,-1.0,-19.239694595336914,0.16021537352752957,-1.759765386581421
Slc13a3,0.0,0.0,0.0,0.9979940091511154,0.11319231241941452,0.0,1.0,0.0,0.0,1.0,0.0
Trp53rka,0.037410665303468704,0.051888614892959595,-0.4824896454811096,0.05255140304392601,-2.4319872856140137,-0.4824896454811096,0.19480605499858955,-1.8465752601623535,-0.4824896454811096,0.026034002521368442,-2.6373207569122314
Eya2,0.021561317145824432,0.01907731220126152,0.1783851534128189,0.9657345401051819,-0.5523357391357422,0.1783851534128189,0.777934789583119,0.5507855415344238,0.1783851534128189,0.6269253016861391,0.7176734805107117
Zmynd8,0.29347464442253113,0.2833574712276459,0.05826091021299362,0.9979940091511154,-0.34456416964530945,0.05826091021299362,0.7679944795585651,0.5698657631874084,0.05826091021299362,0.5940107402333009,0.7728198766708374
Ncoa3,0.20275940001010895,0.1881875842809677,0.11845094710588455,0.911752451083766,-0.6201977133750916,0.11845094710588455,0.5196272646011879,1.0258152484893799,0.11845094710588455,0.29697602283498187,1.363651156425476
Sulf2,0.0,0.0008019598317332566,-19.613750457763672,0.9979940091511154,0.027607882395386696,-19.613750457763672,0.5196272646011879,-1.0,-19.613750457763672,0.16021537352752957,-1.759765386581421
Prex1,0.8887757658958435,0.8082097768783569,0.2033270299434662,0.004991514568461591,3.3096506595611572,0.2033270299434662,0.004494888008128091,3.409440517425537,0.2033270299434662,2.524480504946204e-05,4.629135608673096
Trp53rkb,0.06802882999181747,0.09973375499248505,-0.575125515460968,0.00012730502714729543,-4.340315341949463,-0.575125515460968,0.006520243455836218,-3.290637493133545,-0.575125515460968,2.5512227972882175e-05,-4.6261982917785645
Arfgef2,0.07083840668201447,0.0995926707983017,-0.512544572353363,0.000258231312525279,-4.16264533996582,-0.512544572353363,0.026629734946344817,-2.7899363040924072,-0.512544572353363,0.00039287276172739915,-3.9597408771514893
Cse1l,0.32706961035728455,0.39074617624282837,-0.30530890822410583,0.0032399770035266987,-3.4467995166778564,-0.30530890822410583,0.002128372621284216,-3.640765428543091,-0.30530890822410583,6.244159724125146e-06,-4.936519622802734
Stau1,0.10532550513744354,0.10112111270427704,0.0618554949760437,0.6766330993912371,-0.9227266311645508,0.0618554949760437,0.891500167413582,0.35593464970588684,0.0618554949760437,0.7691624967338295,0.49672186374664307
Ddx27,0.4179149568080902,0.5243571400642395,-0.41012898087501526,1.7752741973423598e-05,-4.80109977722168,-0.41012898087501526,2.8141358433054307e-06,-5.25125789642334,-0.41012898087501526,2.7983877075109184e-11,-7.07770299911499
Znfx1,0.07945680618286133,0.07797837257385254,0.028177164494991302,0.5155934593584409,-1.1501799821853638,0.028177164494991302,1.0,0.12473703175783157,0.028177164494991302,0.9711114748843885,0.17584891617298126
Kcnb1,0.006073546130210161,0.005763041786849499,0.0759328231215477,0.9979940091511154,-0.2607609033584595,0.0759328231215477,1.0,0.1230006068944931,0.0759328231215477,0.9828902598126092,0.15705643594264984
B4galt5,0.3080238401889801,0.3808768093585968,-0.36184564232826233,0.00035476755101647304,-4.079287052154541,-0.36184564232826233,0.0004096645775530712,-4.095289707183838,-0.36184564232826233,2.382711857736474e-07,-5.578718185424805
Slc9a8,0.10178588330745697,0.10245468467473984,-0.009939143434166908,0.09367069367189881,-2.1688218116760254,-0.009939143434166908,1.0,-0.06150110438466072,-0.009939143434166908,1.0,-0.08276797831058502
Spata2,0.11165205389261246,0.1301405131816864,-0.23466554284095764,0.015978104693769882,-2.9080896377563477,-0.23466554284095764,0.2651584874754311,-1.6491268873214722,-0.23466554284095764,0.061221409511102665,-2.2709925174713135
Rnf114,0.3104250133037567,0.2656446397304535,0.258597731590271,0.4314579294263468,1.2825196981430054,0.258597731590271,0.04846035235612475,2.547523260116577,0.258597731590271,0.0029757701108203342,3.391793727874756
Snai1,0.0029333834536373615,0.003365091048181057,-0.19839145243167877,0.9979940091511154,-0.09172940999269485,-0.19839145243167877,0.9618370341300879,-0.2265150547027588,-0.19839145243167877,0.8916060162298536,-0.3047843277454376
Ube2v1,0.022967973724007607,0.024405093863606453,-0.0885995626449585,0.37596978413252236,-1.3795034885406494,-0.0885995626449585,0.9262694083092916,-0.29193371534347534,-0.0885995626449585,0.8494602385710777,-0.37249624729156494
Tmem189,0.2638888955116272,0.2558840215206146,0.05046457424759865,0.9324395044505105,-0.5922335982322693,0.05046457424759865,0.7942152281491153,0.5242151618003845,0.05046457424759865,0.6459926070613947,0.6885744333267212
Cebpb,0.16457131505012512,0.3080018162727356,-1.0117594003677368,3.534782238947215e-14,-8.042977333068848,-1.0117594003677368,8.434314388671549e-09,-6.398192405700684,-1.0117594003677368,4.880208119086431e-21,-9.892119407653809
Ptpn1,0.8426662683486938,0.7976523637771606,0.1160612478852272,0.01982139295262768,2.8274922370910645,0.1160612478852272,0.11278270619149833,2.1496710777282715,0.1160612478852272,0.013989347635713023,2.8733301162719727
Ripor3,0.0011684650089591742,0.0043033515103161335,-1.8831077814102173,0.9979940091511154,-0.3161547780036926,-1.8831077814102173,0.27002655862292846,-1.6379313468933105,-1.8831077814102173,0.031162224097370225,-2.5656871795654297
Pard6b,0.005317543633282185,0.007049194537103176,-0.40794849395751953,0.9979940091511154,-0.4853643774986267,-0.40794849395751953,0.6913250657718467,-0.700645923614502,-0.40794849395751953,0.4899072504429929,-0.9485006332397461
Gm20716,0.0,0.0,0.0,0.9979940091511154,0.11319231241941452,0.0,1.0,0.0,0.0,1.0,0.0
Adnp,0.0514027364552021,0.04443884640932083,0.21508732438087463,0.5853642970420865,-1.046338677406311,0.21508732438087463,0.5286839288041469,0.9842507839202881,0.21508732438087463,0.33890641107021696,1.272735834121704
Dpm1,0.37206923961639404,0.39086127281188965,-0.08550093322992325,0.47865242854874807,-1.2067315578460693,-0.08550093322992325,0.5196272646011879,-1.077897548675537,-0.08550093322992325,0.2737009111221007,-1.4298105239868164
Mocs3,0.05053863301873207,0.040603265166282654,0.3230120539665222,0.652530081533345,-0.953985869884491,0.3230120539665222,0.355754926777211,1.4355953931808472,0.3230120539665222,0.15332803587160285,1.811829924583435
Nfatc2,0.21273261308670044,0.1937030702829361,0.14938588440418243,0.9979940091511154,-0.22041776776313782,0.14938588440418243,0.38039545321748774,1.3595281839370728,0.14938588440418243,0.15803892555318375,1.7951773405075073
Atp9a,0.004220074042677879,0.004205174744129181,0.005113320425152779,0.9979940091511154,-0.23261865973472595,0.005113320425152779,1.0,0.006826754193753004,0.005113320425152779,1.0,0.008488425053656101
Zfp64,0.06494911760091782,0.07833056151866913,-0.2800333797931671,0.029511302314135655,-2.6716413497924805,-0.2800333797931671,0.36167647049845647,-1.417629361152649,-0.2800333797931671,0.11302483667932542,-1.972756028175354
Tshz2,0.002472039544954896,0.007787213195115328,-1.6592423915863037,0.8377091216218878,-0.7151331901550293,-1.6592423915863037,0.11709785634632394,-2.133213758468628,-1.6592423915863037,0.004246630483630376,-3.279684066772461
Zfp217,0.06404013186693192,0.0651707798242569,-0.026073575019836426,0.21728277599723927,-1.7254035472869873,-0.026073575019836426,1.0,-0.11330229789018631,-0.026073575019836426,0.9827808629365035,-0.15748082101345062
Bcas1,0.00147030979860574,0.0022130035795271397,-0.5904212594032288,0.9979940091511154,-0.11764519661664963,-0.5904212594032288,0.7830697401019722,-0.5430786609649658,-0.5904212594032288,0.6188647332945242,-0.7312610149383545
Pfdn4,0.45178142189979553,0.539984941482544,-0.3261566460132599,0.00020662345430636373,-4.219731330871582,-0.3261566460132599,6.795318991540823e-05,-4.549493312835693,-0.3261566460132599,6.091886810918752e-09,-6.229848861694336
Fam210b,0.01808374561369419,0.02832147851586342,-0.6546165943145752,0.22447477188720194,-1.707413911819458,-0.6546165943145752,0.1805775181431644,-1.8924033641815186,-0.6546165943145752,0.020633361924036333,-2.7279603481292725
Aurka,0.606885552406311,0.47642645239830017,0.45173075795173645,5.2142040929752305e-06,5.0632853507995605,0.45173075795173645,9.840753903401103e-07,5.468705177307129,0.45173075795173645,9.661964361114655e-13,7.556290626525879
Cstf1,0.13608770072460175,0.133202463388443,0.03304394334554672,0.3038815403700348,-1.5214614868164062,0.03304394334554672,0.9566841738204132,0.23718836903572083,0.03304394334554672,0.8831713947970472,0.31889763474464417
Cass4,0.0035418765619397163,0.0034317674580961466,0.04564164578914642,0.9979940091511154,-0.14783574640750885,0.04564164578914642,1.0,0.05877505987882614,0.04564164578914642,1.0,0.07463188469409943
Rtf2,0.48725441098213196,0.4851221740245819,0.007989260368049145,0.9979940091511154,0.17036734521389008,0.007989260368049145,1.0,0.11138232052326202,0.007989260368049145,0.9875297091048872,0.14929206669330597
Gcnt7,0.0,0.0,0.0,0.9979940091511154,0.11319231241941452,0.0,1.0,0.0,0.0,1.0,0.0
Fam209,0.0028377955313771963,0.0033853030763566494,-0.2549095153808594,0.9979940091511154,-0.17588892579078674,-0.2549095153808594,0.9144641459985691,-0.31393373012542725,-0.2549095153808594,0.8243195106737298,-0.4120751619338989
Bmp7,0.0008983489242382348,0.003072586376219988,-1.775673508644104,0.9979940091511154,0.02457991987466812,-1.775673508644104,0.6224143578091569,-0.8182210326194763,-1.775673508644104,0.28873293374157044,-1.3843176364898682
Spo11,0.006100513972342014,0.005881431978195906,0.052921608090400696,0.9979940091511154,-0.23146091401576996,0.052921608090400696,1.0,0.09253823757171631,0.052921608090400696,1.0,0.12094264477491379
Rae1,0.4718847870826721,0.5812560319900513,-0.3865254819393158,7.375887393729803e-06,-4.990169048309326,-0.3865254819393158,1.133673727919549e-07,-5.873478889465332,-0.3865254819393158,1.1510333313645916e-13,-7.849427223205566
Rbm38,0.46246469020843506,0.482431560754776,-0.07651396840810776,0.6624344369179574,-0.9415178298950195,-0.07651396840810776,0.5231932249318464,-0.9931212067604065,-0.07651396840810776,0.3069930648547123,-1.3415560722351074
Ctcfl,0.0,0.0,0.0,0.9979940091511154,0.11319231241941452,0.0,1.0,0.0,0.0,1.0,0.0
Zbp1,0.7069078087806702,0.5322539210319519,0.5483191609382629,8.80979392321045e-09,6.245437145233154,0.5483191609382629,1.3993031812656485e-10,7.0155930519104,0.5483191609382629,8.591234992086279e-19,9.310372352600098
Pmepa1,0.006913218181580305,0.011156180873513222,-0.6934790015220642,0.9261545352874847,-0.6034548282623291,-0.6934790015220642,0.47368528918331937,-1.1742751598358154,-0.6934790015220642,0.1763183698868531,-1.7014824151992798
Ankrd60,0.0004412903217598796,0.0005432504694908857,-0.2999624013900757,0.9979940091511154,0.05521576479077339,-0.2999624013900757,1.0,-0.14567846059799194,-0.2999624013900757,0.9626486596747845,-0.1893233060836792
Rab22a,0.2730972170829773,0.283458411693573,-0.061542678624391556,0.4333786675419555,-1.2792245149612427,-0.061542678624391556,0.7224656286589285,-0.6476225256919861,-0.061542678624391556,0.5358902722688337,-0.8689698576927185
Vapb,0.25479671359062195,0.29559242725372314,-0.24503836035728455,0.004994441819449579,-3.3093833923339844,-0.24503836035728455,0.035350636970055895,-2.676981210708618,-0.24503836035728455,0.001642634872852895,-3.569416046142578
Stx16,0.18279214203357697,0.21299684047698975,-0.2431343048810959,0.00267911034731046,-3.5060229301452637,-0.2431343048810959,0.15259020856101196,-1.9902217388153076,-0.2431343048810959,0.02171893786128683,-2.707618474960327
Npepl1,0.19201995432376862,0.21750444173812866,-0.19879865646362305,0.03785186253606624,-2.5694923400878906,-0.19879865646362305,0.2368728755522852,-1.7289977073669434,-0.19879865646362305,0.04904580850653601,-2.3693575859069824
Gnas,2.021120548248291,1.9424513578414917,0.13164590299129486,1.1024439484103035e-05,4.903872013092041,0.13164590299129486,0.0001129237976798428,4.420782089233398,0.13164590299129486,6.434320150425795e-08,5.820211887359619
Gm20721,0.03958756476640701,0.037348706275224686,0.08561398088932037,0.45512609908273777,-1.2430671453475952,0.08561398088932037,0.902553116163959,0.3358801007270813,0.08561398088932037,0.8002685853215807,0.4497694969177246
Nelfcd,0.26940298080444336,0.28192800283432007,-0.0750105157494545,0.30421267605808444,-1.5205708742141724,-0.0750105157494545,0.6255390288044315,-0.8123682737350464,-0.0750105157494545,0.44142797696864605,-1.0744260549545288
Ctsz,0.27463847398757935,0.4259958565235138,-0.7488479614257812,3.079007404045743e-11,-7.129156589508057,-0.7488479614257812,1.5066376847172228e-11,-7.425305366516113,-0.7488479614257812,2.9134675498846294e-25,-10.885944366455078
Atp5e,2.1511051654815674,2.083956480026245,0.11013002693653107,2.807935791903435e-06,5.18930196762085,0.11013002693653107,0.00025197671542819667,4.219268321990967,0.11013002693653107,1.906738101329079e-07,5.620916366577148
Prelid3b,0.6012859344482422,0.6886716485023499,-0.2655298411846161,0.0007543359046371434,-3.8744544982910156,-0.2655298411846161,0.0001779931256951329,-4.3089447021484375,-0.2655298411846161,8.151050143371529e-08,-5.776991367340088
Zfp831,0.013522575609385967,0.01079668290913105,0.3267521560192108,0.9979940091511154,0.20536701381206512,0.3267521560192108,0.7909238676849347,0.52992844581604,0.3267521560192108,0.6009366561156108,0.7607441544532776
Gm14393,0.0004766923375427723,0.0,18.863046646118164,0.9979940091511154,0.14071114361286163,18.863046646118164,0.5196272646011879,1.0,18.863046646118164,0.46147875269036936,1.0
Gm14399,0.0003365181328263134,0.0020639437716454268,-2.6178903579711914,0.9979940091511154,-0.11577498912811279,-2.6178903579711914,0.39186747546171186,-1.3372621536254883,-2.6178903579711914,0.07145965505587021,-2.201817512512207
Gm14443,0.00035292550455778837,0.0005661612376570702,-0.6820016503334045,0.9979940091511154,0.05521576479077339,-0.6820016503334045,0.9116232602713171,-0.3196198046207428,-0.6820016503334045,0.8024172222178825,-0.44651082158088684
Gm14391,0.0011637721909210086,0.0011548440670594573,0.011117256246507168,0.9979940091511154,0.05281120538711548,0.011117256246507168,1.0,0.008811111561954021,0.011117256246507168,1.0,0.01189762819558382
Gm4631,0.004361812490969896,0.0066263675689697266,-0.6049254536628723,0.9979940091511154,-0.31918272376060486,-0.6049254536628723,0.6081296532702914,-0.8403686285018921,-0.6049254536628723,0.37028586137449176,-1.206789255142212
Zfp968,0.006085095461457968,0.009778223931789398,-0.6869601607322693,0.7320868222901046,-0.8481853604316711,-0.6869601607322693,0.4014845384046148,-1.3150054216384888,-0.6869601607322693,0.15728846102250965,-1.7978427410125732
Gm4724,0.0028748789336532354,0.0,21.457143783569336,0.9979940091511154,0.30582407116889954,21.457143783569336,0.05327511147012993,2.5046520233154297,21.457143783569336,0.03633272414649732,2.5046520233154297
Zfp965,0.0006643847445957363,0.0012850394705310464,-0.9521684646606445,0.9984208920935209,-0.0025826727505773306,-0.9521684646606445,0.7465190124809534,-0.6065697073936462,-0.9521684646606445,0.524931125216187,-0.8878651261329651
Gm14288,0.00038625014713034034,0.0,18.559457778930664,0.9979940091511154,0.14071114361286163,18.559457778930664,0.5196272646011879,1.0,18.559457778930664,0.46147875269036936,1.0
Gm6710,0.02270011231303215,0.028917863965034485,-0.35376596450805664,0.1424494771506266,-1.9598033428192139,-0.35376596450805664,0.46164299919070495,-1.1969290971755981,-0.35376596450805664,0.21268681157182404,-1.589174509048462
Zfp966,0.0018004851881414652,0.0011618860298767686,0.6323775053024292,0.9979940091511154,0.05281120538711548,0.6323775053024292,0.7992780411363601,0.5146613121032715,0.6323775053024292,0.6938214400249907,0.6133559346199036
Gm2026,0.00031346603645943105,0.0,18.258180618286133,0.9979940091511154,0.14071114361286163,18.258180618286133,0.5196272646011879,1.0,18.258180618286133,0.46147875269036936,1.0
2210418O10Rik,0.00031468740780837834,0.0,18.263792037963867,0.9979940091511154,0.14071114361286163,18.263792037963867,0.5196272646011879,1.0,18.263792037963867,0.46147875269036936,1.0
Gm14435,0.0,0.0,0.0,0.9979940091511154,0.11319231241941452,0.0,1.0,0.0,0.0,1.0,0.0
Gm14434,0.0007510643335990608,0.0,19.519121170043945,0.9979940091511154,0.16822996735572815,19.519121170043945,0.36167647049845647,1.413301706314087,19.519121170043945,0.27977087692999414,1.413301706314087
Zfp967,0.0,0.0008905103895813227,-19.764917373657227,0.9979940091511154,0.027607882395386696,-19.764917373657227,0.5196272646011879,-1.0,-19.764917373657227,0.16021537352752957,-1.759765386581421
Gm14308,0.0,0.0,0.0,0.9979940091511154,0.11319231241941452,0.0,1.0,0.0,0.0,1.0,0.0
Zfp973,0.004519638605415821,0.004379747901111841,0.04546050354838371,0.9979940091511154,0.18969286978244781,0.04546050354838371,1.0,0.033883463591337204,0.04546050354838371,1.0,0.052182652056217194
Gm14305,0.03141285106539726,0.02133958600461483,0.5651209950447083,0.9979940091511154,-0.11915917694568634,0.5651209950447083,0.20169530104955466,1.8266172409057617,0.5651209950447083,0.051269323000333246,2.35005784034729
Gm14295,0.022003594785928726,0.025047194212675095,-0.18911373615264893,0.34786338430675495,-1.4333833456039429,-0.18911373615264893,0.7450865418026729,-0.6081646084785461,-0.18911373615264893,0.5775897778599268,-0.7995349764823914
Gm14296,0.016770105808973312,0.022225791588425636,-0.41029104590415955,0.5404125313260298,-1.1137553453445435,-0.41029104590415955,0.5061043123678927,-1.1142103672027588,-0.41029104590415955,0.21305722268881133,-1.5879957675933838
Gm14419,0.0035359994508326054,0.0033669713884592056,0.07078845798969269,0.9979940091511154,-0.14783574640750885,0.07078845798969269,1.0,0.09115142375230789,0.07078845798969269,1.0,0.1152472272515297
Gm14401,0.0,0.0,0.0,0.9979940091511154,0.11319231241941452,0.0,1.0,0.0,0.0,1.0,0.0
Gm14410,0.0015149979153648019,0.0018300767987966537,-0.27281537652015686,0.9979940091511154,-0.032416995614767075,-0.27281537652015686,0.9554157529411027,-0.2403598427772522,-0.27281537652015686,0.8816875223707589,-0.3214420974254608
Gm14418,0.0014456154312938452,0.0004986929125152528,1.5361413955688477,0.9979940091511154,0.13803941011428833,1.5361413955688477,0.5196272646011879,1.0038143396377563,1.5361413955688477,0.4195149195495177,1.1148184537887573
Zfp970,0.001046305405907333,0.0010513105662539601,-0.0068885572254657745,0.9979940091511154,0.025114266201853752,-0.0068885572254657745,1.0,-0.005017763003706932,-0.0068885572254657745,1.0,-0.006362412124872208
Gm14403,0.0024412372149527073,0.0035041398368775845,-0.5222147107124329,0.9979940091511154,-0.23199526965618134,-0.5222147107124329,0.749418622745338,-0.6003189086914062,-0.5222147107124329,0.5765284529334201,-0.8013561367988586
Gm14322,0.0,0.0005576154217123985,-19.08931541442871,0.9979940091511154,0.027607882395386696,-19.08931541442871,0.5196272646011879,-1.0,-19.08931541442871,0.16021537352752957,-1.759765386581421
Gm14325,0.00674861017614603,0.008951252326369286,-0.4090898931026459,0.931204131446337,-0.5941928625106812,-0.4090898931026459,0.6326031811957892,-0.8001174926757812,-0.4090898931026459,0.430504463980133,-1.093880295753479
Gm14327,0.0013620976824313402,0.00047738291323184967,1.5132474899291992,0.9979940091511154,0.13803941011428833,1.5132474899291992,0.5196272646011879,1.0414881706237793,1.5132474899291992,0.38752798907220026,1.1746199131011963
Zfp972,0.0008314689039252698,0.0,19.665904998779297,0.9979940091511154,0.19574879109859467,19.665904998779297,0.2376629001070431,1.7258530855178833,19.665904998779297,0.16973108524628927,1.7258530855178833
Gm14326,0.01035707164555788,0.009169302880764008,0.17659039795398712,0.9979940091511154,-0.3402894139289856,0.17659039795398712,0.889417270653361,0.36002397537231445,0.17659039795398712,0.792958632945648,0.4604995548725128
Zfp971,0.00596475088968873,0.008644088171422482,-0.5371870398521423,0.9979940091511154,-0.40245166420936584,-0.5371870398521423,0.5941732693911808,-0.8653336763381958,-0.5371870398521423,0.34344822575143147,-1.2632181644439697
Zfp931,0.01688193902373314,0.013957911171019077,0.2765122652053833,0.9979940091511154,-0.3943474292755127,0.2765122652053833,0.6590316776919014,0.7548632025718689,0.2765122652053833,0.48001484181762016,0.9668527245521545
Phactr3,0.0,0.0,0.0,0.9979940091511154,0.11319231241941452,0.0,1.0,0.0,0.0,1.0,0.0
Ppp1r3d,0.0,0.0,0.0,0.9979940091511154,0.11319231241941452,0.0,1.0,0.0,0.0,1.0,0.0
Fam217b,0.0,0.0020536610390990973,-20.971248626708984,0.9979940091511154,-0.05797655135393143,-20.971248626708984,0.40163284521806997,-1.3158279657363892,-20.971248626708984,0.05564653640377399,-2.3155484199523926
Cdh4,0.0,0.0,0.0,0.9979940091511154,0.11319231241941452,0.0,1.0,0.0,0.0,1.0,0.0
Taf4,0.12182334065437317,0.10496513545513153,0.22727081179618835,0.34080174652715317,-1.4470982551574707,0.22727081179618835,0.28498279412556726,1.5978944301605225,0.22727081179618835,0.10606194847374804,2.0071616172790527
Lsm14b,0.08587989211082458,0.11721256375312805,-0.47171908617019653,0.001968456504898587,-3.598910093307495,-0.47171908617019653,0.028857077821498454,-2.7594311237335205,-0.47171908617019653,0.000392868695852707,-3.9598190784454346
Psma7,1.528045654296875,1.7818821668624878,-0.4531480371952057,1.7821922034580187e-31,-12.108015060424805,-0.4531480371952057,2.0066027386837224e-30,-12.565008163452148,-0.4531480371952057,5.191449238937424e-57,-16.82765007019043
Ss18l1,0.004742913413792849,0.004613765049725771,0.03992230445146561,0.9979940091511154,-0.20554512739181519,0.03992230445146561,1.0,0.051177266985177994,0.03992230445146561,1.0,0.06284718215465546
Mtg2,0.1226724311709404,0.14165760576725006,-0.22159343957901,0.0037433709374313402,-3.401736259460449,-0.22159343957901,0.22546188181360508,-1.7602235078811646,-0.22159343957901,0.05378518370007166,-2.3295090198516846
Osbpl2,0.06562017649412155,0.055230170488357544,0.25625312328338623,0.46847008617130714,-1.2216932773590088,0.25625312328338623,0.4084619206050288,1.3002214431762695,0.25625312328338623,0.1914569669053992,1.6530829668045044
Adrm1,0.4331679046154022,0.5203126072883606,-0.33228984475135803,0.0006344130604527365,-3.92067551612854,-0.33228984475135803,0.00010286164306651245,-4.450937747955322,-0.33228984475135803,1.216793843636951e-08,-6.111003875732422
Rps21,2.845332384109497,2.962456703186035,-0.17878030240535736,3.714360650658364e-08,-5.999994277954102,-0.17878030240535736,4.3825727314798324e-13,-7.908731460571289,-0.17878030240535736,4.565457862554798e-25,-10.843299865722656
Cables2,0.10162939876317978,0.12130574882030487,-0.2697871923446655,0.0023410975074568655,-3.548147201538086,-0.2697871923446655,0.23043689271258713,-1.7475450038909912,-0.2697871923446655,0.047156567724068815,-2.3870952129364014
Slco4a1,0.03584747388958931,0.044166628271341324,-0.3071260154247284,0.06210116099840059,-2.3584256172180176,-0.3071260154247284,0.420245691176639,-1.2753928899765015,-0.3071260154247284,0.17672886256754627,-1.7001068592071533
Mrgbp,0.17385555803775787,0.1741137057542801,-0.00233228737488389,0.10450256304136357,-2.11529803276062,-0.00233228737488389,1.0,-0.01930820569396019,-0.00233228737488389,1.0,-0.025544295087456703
Ogfr,0.35603973269462585,0.336307168006897,0.09731260687112808,0.8562060025327404,0.6921563148498535,0.09731260687112808,0.48608571851603044,1.1513062715530396,0.09731260687112808,0.2383422275635752,1.5189629793167114
Col9a3,0.001356321619823575,0.0006188570987433195,1.1325517892837524,0.9979940091511154,0.11043152958154678,1.1325517892837524,0.6705905456029836,0.735246479511261,1.1325517892837524,0.5453592523289392,0.853412926197052
Tcfl5,0.0,0.0,0.0,0.9979940091511154,0.11319231241941452,0.0,1.0,0.0,0.0,1.0,0.0
Dido1,0.21783119440078735,0.2274680882692337,-0.06966279447078705,0.05111538962445164,-2.444188117980957,-0.06966279447078705,0.7310215786848766,-0.6323433518409729,-0.06966279447078705,0.5566654228747494,-0.8346861600875854
Gid8,0.2641366422176361,0.28486236929893494,-0.12461423128843307,0.14553853123001595,-1.9487601518630981,-0.12461423128843307,0.3679717107194103,-1.3868695497512817,-0.12461423128843307,0.1497121526047059,-1.8246195316314697
Slc17a9,0.05744265019893646,0.08731762319803238,-0.6259608864784241,0.00027787520002013106,-4.143942832946777,-0.6259608864784241,0.008131187192466797,-3.2167601585388184,-0.6259608864784241,4.1374279236994395e-05,-4.516245365142822
Ythdf1,0.3118472099304199,0.3377101421356201,-0.13461032509803772,0.23842271917710559,-1.6696534156799316,-0.13461032509803772,0.3071905808791687,-1.546506404876709,-0.13461032509803772,0.09125476566754497,-2.0832369327545166
Arfgap1,0.13239258527755737,0.1062282845377922,0.3369032144546509,0.9984208920935209,0.003295134287327528,0.3369032144546509,0.06011568387113118,2.4518871307373047,0.3369032144546509,0.0061253359401020014,3.160107374191284
Col20a1,0.0010972936870530248,0.0,20.06631088256836,0.9979940091511154,0.16822996735572815,20.06631088256836,0.36167647049845647,1.4147650003433228,20.06631088256836,0.2795042275398297,1.4147650003433228
Ppdpf,0.7335507273674011,0.7810564041137695,-0.12908241152763367,0.39095721847460596,-1.3512722253799438,-0.12908241152763367,0.12688516601986008,-2.087970733642578,-0.12908241152763367,0.016137680617420515,-2.820096969604492
Ptk6,0.0,0.0,0.0,0.9979940091511154,0.11319231241941452,0.0,1.0,0.0,0.0,1.0,0.0
Srms,0.0,0.0006728235748596489,-19.360355377197266,0.9979940091511154,0.027607882395386696,-19.360355377197266,0.5196272646011879,-1.0,-19.360355377197266,0.16021537352752957,-1.759765386581421
Fndc11,0.0014176095137372613,0.0005440126988105476,1.3823765516281128,0.9979940091511154,0.2507864236831665,1.3823765516281128,0.552484560527096,0.940183162689209,1.3823765516281128,0.442444158512264,1.0728976726531982
Helz2,0.13663339614868164,0.11770158261060715,0.22912190854549408,0.95393024830794,-0.5664958953857422,0.22912190854549408,0.3405916126216866,1.469849705696106,0.22912190854549408,0.11428185048700364,1.9674303531646729
Gmeb2,0.11369020491838455,0.08824248611927032,0.384227991104126,0.9979940091511154,-0.1597694754600525,0.384227991104126,0.05215726870273365,2.514894962310791,0.384227991104126,0.005304488032340987,3.2073872089385986
Rtel1,0.12501740455627441,0.11935983598232269,0.07097574323415756,0.31157011943607177,-1.506143569946289,0.07097574323415756,0.8000664637225241,0.5132735371589661,0.07097574323415756,0.6519206513896304,0.6791567206382751
Arfrp1,0.39252230525016785,0.3294490575790405,0.3009483516216278,0.012280722433405986,3.004182815551758,0.3009483516216278,0.0022339921684784484,3.6245486736297607,0.3009483516216278,1.3401362731800018e-05,4.772054672241211
Zgpat,0.1517479568719864,0.14571422338485718,0.06299558281898499,0.6747844610059155,-0.9251312017440796,0.06299558281898499,0.8241751140677643,0.4730503261089325,0.06299558281898499,0.6758435081554877,0.6408452391624451
Lime1,0.005384258460253477,0.006196456961333752,-0.20328208804130554,0.9979940091511154,-0.2620077133178711,-0.20328208804130554,0.8995730252943565,-0.34274330735206604,-0.20328208804130554,0.7892388402570535,-0.4659290313720703
Zbtb46,0.0026800238993018866,0.0033784385304898024,-0.33461466431617737,0.9984208920935209,-0.007391787599772215,-0.33461466431617737,0.8993979363495713,-0.34313711524009705,-0.33461466431617737,0.7678054866300041,-0.4985722005367279
Tpd52l2,0.3542279899120331,0.3789595663547516,-0.1162932738661766,0.31304863176890757,-1.503204584121704,-0.1162932738661766,0.3756688193960499,-1.3699500560760498,-0.1162932738661766,0.13690737384770127,-1.8730133771896362
Dnajc5,0.4217526614665985,0.4228156805038452,-0.004452322144061327,0.9979940091511154,-0.06429964303970337,-0.004452322144061327,1.0,-0.054358188062906265,-0.004452322144061327,1.0,-0.07354186475276947
Uckl1,0.12098772078752518,0.13808047771453857,-0.20324471592903137,0.03733884487062654,-2.5754590034484863,-0.20324471592903137,0.41327204887467117,-1.2903486490249634,-0.20324471592903137,0.14870089792112237,-1.828540563583374
Zfp512b,0.029110722243785858,0.03473147377371788,-0.2587694525718689,0.4985107419461091,-1.1764520406723022,-0.2587694525718689,0.7045320794293798,-0.6765706539154053,-0.2587694525718689,0.4706425311087276,-0.9836232662200928
Prpf6,0.25437432527542114,0.2986859679222107,-0.2651118338108063,0.00893375121001326,-3.1154158115386963,-0.2651118338108063,0.028768194790974744,-2.758876323699951,-0.2651118338108063,0.0008402278674282758,-3.757577896118164
Samd10,0.05067048594355583,0.0366765633225441,0.4764549732208252,0.9979940091511154,-0.14409533143043518,0.4764549732208252,0.1493498324560593,2.001633644104004,0.4764549732208252,0.02913853905027731,2.5925886631011963
Gm29797,0.0,0.0,0.0,0.9979940091511154,0.11319231241941452,0.0,1.0,0.0,0.0,1.0,0.0
Tcea2,0.009793335571885109,0.006106863729655743,0.6840311884880066,0.9979940091511154,0.07409599423408508,0.6840311884880066,0.4621234073545355,1.1959648132324219,0.6840311884880066,0.24786875997407712,1.4931226968765259
Rgs19,0.4146130383014679,0.4577191174030304,-0.17604482173919678,0.11078618264221092,-2.0863542556762695,-0.17604482173919678,0.07676108595564629,-2.3394384384155273,-0.17604482173919678,0.0076925616191228586,-3.0842275619506836
Pcmtd2,0.07230333238840103,0.09472797811031342,-0.4061293303966522,0.0030619380108355353,-3.4646999835968018,-0.4061293303966522,0.09663313253240768,-2.2311291694641113,-0.4061293303966522,0.006691659297753896,-3.1295907497406006
Polr3k,0.595864474773407,0.6699064373970032,-0.22798162698745728,0.004262319700466939,-3.3616602420806885,-0.22798162698745728,0.0017404948727287547,-3.6969478130340576,-0.22798162698745728,5.353163962724296e-06,-4.969051361083984
Gm14496,0.0006175462040118873,0.0,19.236635208129883,0.9979940091511154,0.14071114361286163,19.236635208129883,0.5196272646011879,1.0,19.236635208129883,0.46147875269036936,1.0
Nudt11,0.0,0.0,0.0,0.9979940091511154,0.11319231241941452,0.0,1.0,0.0,0.0,1.0,0.0
Nudt10,0.0,0.0,0.0,0.9979940091511154,0.11319231241941452,0.0,1.0,0.0,0.0,1.0,0.0
Clcn5,0.0491379089653492,0.04863744229078293,0.015133210457861423,0.22663419327072112,-1.701803207397461,0.015133210457861423,1.0,0.06765377521514893,0.015133210457861423,1.0,0.08850017189979553
Usp27x,0.0006475578411482275,0.002388793509453535,-1.8844560384750366,0.9979940091511154,-0.1733953058719635,-1.8844560384750366,0.3786162796568149,-1.364406704902649,-1.8844560384750366,0.08268329437403499,-2.1306777000427246
Ppp1r3f,0.006890767253935337,0.0060638668946921825,0.18502363562583923,0.9979940091511154,-0.2596921920776367,0.18502363562583923,0.9113560397614708,0.32010579109191895,0.18502363562583923,0.8306465158596441,0.401908814907074
Foxp3,0.0011382299708202481,0.0,20.119182586669922,0.9979940091511154,0.14071114361286163,20.119182586669922,0.5196272646011879,1.0,20.119182586669922,0.46147875269036936,1.0
Ccdc22,0.08274532854557037,0.10569252818822861,-0.36993637681007385,0.0009404470057344507,-3.8138952255249023,-0.36993637681007385,0.07268068109677162,-2.3679471015930176,-0.36993637681007385,0.004902628788109375,-3.2317426204681396
Syp,0.0031324492301791906,0.0027973740361630917,0.16345980763435364,0.9984208920935209,-0.006501210853457451,0.16345980763435364,0.9863303056163666,0.1809467077255249,0.16345980763435364,0.9384788879647615,0.23114261031150818
Prickle3,0.041163939982652664,0.04127432778477669,-0.0039438591338694096,0.17635161450498515,-1.842692494392395,-0.0039438591338694096,1.0,-0.014941710978746414,-0.0039438591338694096,1.0,-0.019512495025992393
Plp2,0.5856348872184753,0.5794535875320435,0.020197754725813866,0.9979940091511154,0.1619068682193756,0.020197754725813866,0.9255529375972691,0.29331767559051514,0.020197754725813866,0.8363247513144704,0.391930490732193
Magix,0.0,0.0,0.0,0.9979940091511154,0.11319231241941452,0.0,1.0,0.0,0.0,1.0,0.0
Gpkow,0.09139636158943176,0.09791489690542221,-0.10416772216558456,0.03413875810227235,-2.612596273422241,-0.10416772216558456,0.7096070230937376,-0.668038547039032,-0.10416772216558456,0.5262371359699898,-0.8851516246795654
Wdr45,0.08181223273277283,0.08695676922798157,-0.09174493700265884,0.11447329478205329,-2.0705912113189697,-0.09174493700265884,0.8034458266525415,-0.5081844329833984,-0.09174493700265884,0.6388181584995118,-0.699653148651123
Praf2,0.07143013924360275,0.07036109268665314,0.022535042837262154,0.2118456035203818,-1.7410776615142822,0.022535042837262154,1.0,0.12189650535583496,0.022535042837262154,0.9811341642663296,0.16017046570777893
Ccdc120,0.00029069429729133844,0.0,18.14935874938965,0.9979940091511154,0.14071114361286163,18.14935874938965,0.5196272646011879,1.0,18.14935874938965,0.46147875269036936,1.0
Tfe3,0.10847670584917068,0.09492599964141846,0.2024502456188202,0.7428000852271727,-0.8355391621589661,0.2024502456188202,0.45412906816722726,1.2114089727401733,0.2024502456188202,0.20042912378929706,1.6250609159469604
Gripap1,0.21459418535232544,0.23419135808944702,-0.14074131846427917,0.18290426785776964,-1.8224763870239258,-0.14074131846427917,0.4820278877550609,-1.1603364944458008,-0.14074131846427917,0.19814136634997515,-1.6323827505111694
Kcnd1,0.0007602927507832646,0.0,19.536745071411133,0.9979940091511154,0.16822996735572815,19.536745071411133,0.36943595396856654,1.3827407360076904,19.536745071411133,0.2894046812375687,1.3827407360076904
Otud5,0.36056965589523315,0.3267655372619629,0.1678006500005722,0.12732096282774016,2.0169785022735596,0.1678006500005722,0.15845522942999712,1.9675325155258179,0.1678006500005722,0.025120797937338884,2.6512553691864014
Pim2,0.08115402609109879,0.07515448331832886,0.11518789082765579,0.812428463116236,-0.7471048831939697,0.11518789082765579,0.777191568971591,0.5526082515716553,0.11518789082765579,0.5917462065362645,0.776515781879425
Slc35a2,0.07510481029748917,0.09810490906238556,-0.4022504985332489,0.017509163351691764,-2.8744256496429443,-0.4022504985332489,0.13584987029701734,-2.054262638092041,-0.4022504985332489,0.00993713467749099,-2.9951181411743164
Pqbp1,0.299074649810791,0.3245190978050232,-0.13710437715053558,0.10556145693177553,-2.109954595565796,-0.13710437715053558,0.29540995783922275,-1.575390100479126,-0.13710437715053558,0.09234253468494362,-2.077741861343384
Timm17b,0.442782461643219,0.41279396414756775,0.12434586882591248,0.49453632043527707,1.183220386505127,0.12434586882591248,0.24371569956808528,1.7074211835861206,0.12434586882591248,0.07312347917583181,2.1905977725982666
Gm10490,0.0005759461200796068,0.0,19.1359920501709,0.9979940091511154,0.16822996735572815,19.1359920501709,0.3622178604847511,1.4046269655227661,19.1359920501709,0.28202720419722227,1.4046269655227661
Hdac6,0.03312327340245247,0.03855215013027191,-0.22290556132793427,0.11056753383396274,-2.087244987487793,-0.22290556132793427,0.5807022145184719,-0.8879274725914001,-0.22290556132793427,0.39225459705267446,-1.1658353805541992
Gata1,0.00034990956191904843,0.0006508500082418323,-0.8955581784248352,0.9979940091511154,0.05521576479077339,-0.8955581784248352,0.8621513333957538,-0.4072558581829071,-0.8955581784248352,0.7082740374033989,-0.5910730957984924
Suv39h1,0.26654571294784546,0.24453124403953552,0.1409197747707367,0.9979940091511154,0.14044396579265594,0.1409197747707367,0.3577893938099482,1.431362271308899,0.1409197747707367,0.13168083583634832,1.8937039375305176
Was,0.47346243262290955,0.5168712139129639,-0.16044126451015472,0.3169361895321881,-1.4947441816329956,-0.16044126451015472,0.10300212206823182,-2.1967763900756836,-0.16044126451015472,0.01055446628084833,-2.9740397930145264
Wdr13,0.028119759634137154,0.026040129363536835,0.11235442757606506,0.8728510321559945,-0.6695356369018555,0.11235442757606506,0.8953156413622017,0.34912219643592834,0.11235442757606506,0.7892388402570535,0.46600261330604553
Rbm3,2.660896062850952,2.505117416381836,0.24313004314899445,2.5032331351632496e-05,4.723441123962402,0.24313004314899445,6.346005963964728e-10,6.771566390991211,0.24313004314899445,1.0192401835445447e-17,9.017829895019531
Tbc1d25,0.03855389729142189,0.03144919127225876,0.29900842905044556,0.8919588656699214,-0.6465587615966797,0.29900842905044556,0.46926095383500915,1.181769847869873,0.29900842905044556,0.2395947063672782,1.5155987739562988
Ebp,0.8267194628715515,0.8748374581336975,-0.12119031697511673,0.1711038567475493,-1.859079122543335,-0.12119031697511673,0.05803932112241623,-2.4678757190704346,-0.12119031697511673,0.004552922028556627,-3.2569351196289062
Porcn,0.0,0.0,0.0,0.9979940091511154,0.11319231241941452,0.0,1.0,0.0,0.0,1.0,0.0
Ftsj1,0.09847043454647064,0.08878651261329651,0.1564444750547409,0.17211814571831632,-1.8557839393615723,0.1564444750547409,0.5321984117745305,0.9770912528038025,0.1564444750547409,0.3484112901827573,1.2531570196151733
B630019K06Rik,0.00030505991890095174,0.0,18.218957901000977,0.9979940091511154,0.14071114361286163,18.218957901000977,0.5196272646011879,1.0,18.218957901000977,0.46147875269036936,1.0
Lancl3,0.031862128525972366,0.03998260572552681,-0.3334226906299591,0.12641032587023346,-2.0210750102996826,-0.3334226906299591,0.4188497899068023,-1.2784664630889893,-0.3334226906299591,0.1654478227611047,-1.7404018640518188
Gm14862,0.000353372743120417,0.0,18.431089401245117,0.9979940091511154,0.14071114361286163,18.431089401245117,0.5196272646011879,1.0,18.431089401245117,0.46147875269036936,1.0
Xk,0.020078055560588837,0.03174572438001633,-0.6693958044052124,0.060515244187912105,-2.3699140548706055,-0.6693958044052124,0.10432450519372226,-2.1904234886169434,-0.6693958044052124,0.008731036328447902,-3.0402565002441406
H2al1m,0.0036941892467439175,0.004862536676228046,-0.39729467034339905,0.9979940091511154,-0.28988274931907654,-0.39729467034339905,0.7772872943154036,-0.5520626306533813,-0.39729467034339905,0.6068133155555019,-0.750879168510437
Cybb,0.0023190926294773817,0.03281588852405548,-3.84482479095459,0.923328486997239,-0.6068390607833862,-3.84482479095459,0.09553000169448037,-2.2417008876800537,-3.84482479095459,0.0004907699610023989,-3.909273147583008
Dynlt3,0.0665532574057579,0.08808673918247223,-0.420148640871048,0.004430986390670776,-3.3488359451293945,-0.420148640871048,0.08445954099912306,-2.2932419776916504,-0.420148640871048,0.005961525296013321,-3.168196439743042
Rpgr,0.017855120822787285,0.02752833440899849,-0.6315835118293762,0.2282686269396978,-1.6968159675598145,-0.6315835118293762,0.20123605497047609,-1.8291022777557373,-0.6315835118293762,0.02973637942046347,-2.5842483043670654
Mid1ip1,0.18784889578819275,0.2387157827615738,-0.3837173283100128,0.00027952431356575156,-4.142072677612305,-0.3837173283100128,0.0061231653515073595,-3.311601161956787,-0.3837173283100128,2.6801675818292102e-05,-4.614542484283447
Bcor,0.15199212729930878,0.17342422902584076,-0.2061881124973297,0.0013886249769419436,-3.7027511596679688,-0.2061881124973297,0.2679801284720489,-1.6420010328292847,-0.2061881124973297,0.07629779016259121,-2.169651985168457
Atp6ap2,0.372946172952652,0.365631639957428,0.034176766872406006,0.9979940091511154,0.21854755282402039,0.034176766872406006,0.8476105840694557,0.4326660931110382,0.034176766872406006,0.7205841328536697,0.5724964737892151
1810030O07Rik,0.2153850942850113,0.25633254647254944,-0.28179556131362915,0.0009941850806333367,-3.7980430126190186,-0.28179556131362915,0.02977246110509051,-2.7442190647125244,-0.28179556131362915,0.0011613393557610564,-3.6673011779785156
Med14,0.18162307143211365,0.21136654913425446,-0.240957111120224,0.002225636352088824,-3.5631978511810303,-0.240957111120224,0.11191000937661723,-2.1538918018341064,-0.240957111120224,0.013634724001520472,-2.8831729888916016
Usp9x,0.3321933150291443,0.3681829571723938,-0.1758730262517929,0.15028021613614892,-1.9318392276763916,-0.1758730262517929,0.14847374817922038,-2.0061068534851074,-0.1758730262517929,0.019240109153953938,-2.7545576095581055
Ddx3x,0.5477774143218994,0.6690731644630432,-0.384888231754303,1.5023253204628737e-05,-4.83690071105957,-0.384888231754303,1.0428165026982956e-06,-5.456313133239746,-0.384888231754303,1.366799578962138e-12,-7.508632183074951
Cask,0.0015945879276841879,0.0012067793868482113,0.40230119228363037,0.9979940091511154,0.05281120538711548,0.40230119228363037,0.9088419029791263,0.32440173625946045,0.40230119228363037,0.8296513032227842,0.4035966396331787
Gpr34,0.0033529677893966436,0.007539183832705021,-1.1719920635223389,0.9054912033174245,-0.6294596791267395,-1.1719920635223389,0.30274546401316194,-1.55743408203125,-1.1719920635223389,0.07152407935959784,-2.200728416442871
Gpr82,0.00030446716118603945,0.0,18.21615219116211,0.9979940091511154,0.14071114361286163,18.21615219116211,0.5196272646011879,1.0,18.21615219116211,0.46147875269036936,1.0
Maoa,0.003984474577009678,0.018154403194785118,-2.1980984210968018,0.4307097924983199,-1.2836774587631226,-2.1980984210968018,0.052815339747255746,-2.5172219276428223,-2.1980984210968018,0.00014631895732105326,-4.218262672424316
Efhc2,0.0,0.0,0.0,0.9979940091511154,0.11319231241941452,0.0,1.0,0.0,0.0,1.0,0.0
Fundc1,0.13570667803287506,0.17916007339954376,-0.4329245388507843,0.00010304508808913677,-4.391701698303223,-0.4329245388507843,0.0037932510348870382,-3.4656729698181152,-0.4329245388507843,1.2650814930568237e-05,-4.784835338592529
Kdm6a,0.18609513342380524,0.17282406985759735,0.1165952980518341,0.7307227795546518,-0.850144624710083,0.1165952980518341,0.5196272646011879,1.0111627578735352,0.1165952980518341,0.3150465886033532,1.32304847240448
Chst7,0.0,0.0012208130210638046,-20.220293045043945,0.9979940091511154,-0.05797655135393143,-20.220293045043945,0.36167647049845647,-1.4164326190948486,-20.220293045043945,0.03726207145007799,-2.492589235305786
Slc9a7,0.04458562284708023,0.05251872166991234,-0.24202218651771545,0.2869487475598364,-1.556372046470642,-0.24202218651771545,0.5833475020414857,-0.8834261894226074,-0.24202218651771545,0.33516275463154455,-1.2810249328613281
Rp2,0.09230919182300568,0.10449784994125366,-0.18786345422267914,0.01252732059957641,-2.996969223022461,-0.18786345422267914,0.467231905313754,-1.1859266757965088,-0.18786345422267914,0.212034365036435,-1.5912071466445923
Jade3,0.019552500918507576,0.028782982379198074,-0.5645481944084167,0.16258380248428425,-1.8875775337219238,-0.5645481944084167,0.21174633515498423,-1.7988965511322021,-0.5645481944084167,0.03644447149077623,-2.5009348392486572
Ndufb11,1.5968412160873413,1.5019211769104004,0.17389312386512756,2.0606380790560943e-06,5.250039577484131,0.17389312386512756,1.6179661777301285e-05,4.884672164916992,0.17389312386512756,9.06805868143051e-11,6.898776531219482
Rbm10,0.3319113552570343,0.35873693227767944,-0.13259050250053406,0.1801783251059615,-1.8304024934768677,-0.13259050250053406,0.27142369388807247,-1.6322158575057983,-0.13259050250053406,0.07803895552242565,-2.15873122215271
Uba1,0.7064578533172607,0.8487970232963562,-0.38066598773002625,1.931279770605307e-07,-5.705836772918701,-0.38066598773002625,4.0175037319239767e-10,-6.8429155349731445,-0.38066598773002625,7.808756128026598e-18,-9.0503568649292
Cdk16,0.06498356908559799,0.06693173944950104,-0.04403642937541008,0.013876412136647219,-2.9594757556915283,-0.04403642937541008,0.9582783257917484,-0.23329918086528778,-0.04403642937541008,0.8952772592197724,-0.29923245310783386
Usp11,0.07728883624076843,0.07675744593143463,0.010341559536755085,0.1546024538295897,-1.9166103601455688,0.010341559536755085,1.0,0.06007986515760422,0.010341559536755085,1.0,0.07925864309072495
Araf,0.2809440493583679,0.2592277526855469,0.13243210315704346,0.9979940091511154,0.26574811339378357,0.13243210315704346,0.3892656725489434,1.3420311212539673,0.13243210315704346,0.16000132502509393,1.7884899377822876
Syn1,0.00023359274200629443,0.001970023615285754,-3.077393054962158,0.9979940091511154,-0.11595310270786285,-3.077393054962158,0.3314831222205079,-1.492836594581604,-3.077393054962158,0.034759027089916905,-2.5225493907928467
Timp1,0.0,0.0,0.0,0.9979940091511154,0.11319231241941452,0.0,1.0,0.0,0.0,1.0,0.0
Cfp,0.003714736783877015,0.017173632979393005,-2.2185885906219482,0.9658267815312169,-0.5521576404571533,-2.2185885906219482,0.1488937259322341,-2.007970094680786,-2.2185885906219482,0.0027855256231800922,-3.4148926734924316
Elk1,0.0302958395332098,0.01823495887219906,0.741148054599762,0.9979940091511154,0.1326068937778473,0.741148054599762,0.08971091561360495,2.2638280391693115,0.741148054599762,0.014972978496959218,2.848278522491455
Uxt,0.2875799834728241,0.2769867479801178,0.06214667856693268,0.9979940091511154,-0.44350725412368774,0.06214667856693268,0.7067253860777346,0.6732776165008545,0.06214667856693268,0.5287633776742213,0.8808689713478088
Zfp182,0.055094894021749496,0.044968295842409134,0.30037611722946167,0.992688386499802,-0.5193843841552734,0.30037611722946167,0.41568486144686856,1.284461498260498,0.30037611722946167,0.17719321841614433,1.698485255241394
Zfp300,0.006915919948369265,0.008251231163740158,-0.2556524872779846,0.9979940091511154,-0.4566878080368042,-0.2556524872779846,0.824475923213236,-0.4718678593635559,-0.2556524872779846,0.6800855243016382,-0.6343766450881958
Wdr44,0.20910020172595978,0.16693077981472015,0.3563157916069031,0.5844626300606789,1.047674536705017,0.3563157916069031,0.02738891077629402,2.777137517929077,0.3563157916069031,0.0008857847873792964,3.7433550357818604
Dock11,0.5347728729248047,0.5459648966789246,-0.038678836077451706,0.9979940091511154,-0.4301486015319824,-0.038678836077451706,0.7741638285367584,-0.5588341951370239,-0.038678836077451706,0.6091086031219357,-0.7469961643218994
Il13ra1,0.0,0.002205940894782543,-21.074554443359375,0.9979940091511154,-0.05797655135393143,-21.074554443359375,0.36167647049845647,-1.415793776512146,-21.074554443359375,0.03728503936432318,-2.491464853286743
Zcchc12,0.0,0.0,0.0,0.9979940091511154,0.11319231241941452,0.0,1.0,0.0,0.0,1.0,0.0
Lonrf3,0.0006036257836967707,0.0004626369336619973,0.38387495279312134,0.9979940091511154,0.08282364159822464,0.38387495279312134,0.963400646422095,0.22332565486431122,0.38387495279312134,0.9068099096363005,0.2799467444419861
Gm14569,0.01053685788065195,0.013712885789573193,-0.3823832869529724,0.9266794830644679,-0.6022080183029175,-0.3823832869529724,0.646467631146761,-0.776233434677124,-0.3823832869529724,0.4386854153862073,-1.0790141820907593
Pgrmc1,0.46010836958885193,0.4889889061450958,-0.11030229181051254,0.37038345879259416,-1.3910809755325317,-0.11030229181051254,0.3145801103131332,-1.528997540473938,-0.11030229181051254,0.09877347816186183,-2.0437023639678955
Akap17b,0.021855438128113747,0.03335960581898689,-0.618446946144104,0.08954135483791606,-2.1901066303253174,-0.618446946144104,0.17139495838776986,-1.9228332042694092,-0.618446946144104,0.025447532356332517,-2.6460695266723633
Slc25a43,0.004367111716419458,0.0029320677276700735,0.5757964253425598,0.9979940091511154,-0.06305284053087234,0.5757964253425598,0.717807168640144,0.6546857953071594,0.5757964253425598,0.606100940385187,0.7519705295562744
Slc25a5,2.0730831623077393,2.2699666023254395,-0.3206748962402344,2.7372104568193588e-24,-10.609975814819336,-0.3206748962402344,2.743005626442545e-16,-8.951194763183594,-0.3206748962402344,8.811836734063497e-34,-12.691914558410645
C330007P06Rik,0.2166701704263687,0.1889767199754715,0.21794341504573822,0.916950119192234,0.6142308115959167,0.21794341504573822,0.16904187051989847,1.930723786354065,0.21794341504573822,0.03072310305167087,2.5712125301361084
Ube2a,0.8071970343589783,0.7960622906684875,0.029133394360542297,0.4032797748947461,1.3307889699935913,0.029133394360542297,0.7730463699935406,0.5608201622962952,0.029133394360542297,0.6058642433382951,0.7523375749588013
Nkrf,0.03740600869059563,0.06100516766309738,-0.722824215888977,0.005196283092841728,-3.296113967895508,-0.722824215888977,0.017721224485265835,-2.9429616928100586,-0.722824215888977,0.00012638128859282453,-4.249275207519531
Sept6,0.9691689610481262,0.8917269110679626,0.18454916775226593,2.9451438712437367e-05,4.685680866241455,0.18454916775226593,0.0016489615721763113,3.710984945297241,0.18454916775226593,7.1712044019660074e-06,4.907783031463623
Rpl39,3.2773172855377197,3.3051836490631104,-0.04175565019249916,0.5914547936568325,-1.0369876623153687,-0.04175565019249916,0.08891387561488921,-2.2697880268096924,-0.04175565019249916,0.00746262111276908,-3.0939013957977295
Upf3b,0.41579779982566833,0.34000465273857117,0.34843599796295166,0.0064710943051744215,3.223710060119629,0.34843599796295166,0.00038487110292978525,4.107246398925781,0.34843599796295166,7.774325384227358e-07,5.355034828186035
Nkap,0.3565326929092407,0.3570893406867981,-0.0026760234031826258,0.9979940091511154,-0.3775155246257782,-0.0026760234031826258,1.0,-0.03257391229271889,-0.0026760234031826258,1.0,-0.04275120422244072
Akap14,0.0,0.0,0.0,0.9979940091511154,0.11319231241941452,0.0,1.0,0.0,0.0,1.0,0.0
Ndufa1,1.0449949502944946,0.9154543280601501,0.2994058132171631,1.9581174638819873e-09,6.493640899658203,0.2994058132171631,9.174692059744493e-09,6.327634811401367,0.2994058132171631,5.12662597239346e-16,8.543159484863281
Rnf113a1,0.036689989268779755,0.04826602712273598,-0.4040311574935913,0.037910524510400626,-2.5684235095977783,-0.4040311574935913,0.2642434144525754,-1.6512726545333862,-0.4040311574935913,0.06435689775044628,-2.2490785121917725
Rhox8,0.00753425620496273,0.002867289585992694,1.397146463394165,0.9979940091511154,0.24348370730876923,1.397146463394165,0.18297756536043228,1.8815823793411255,1.397146463394165,0.07688935060094597,2.166764497756958
Zbtb33,0.06454046070575714,0.07360028475522995,-0.19611792266368866,0.07064118304802709,-2.301072359085083,-0.19611792266368866,0.5293687797953416,-0.9832160472869873,-0.19611792266368866,0.2992256840902082,-1.358327865600586
Tmem255a,0.001959692919626832,0.0037334191147238016,-0.9311495423316956,0.9979940091511154,-0.26004841923713684,-0.9311495423316956,0.5196272646011879,-1.004355788230896,-0.9311495423316956,0.27395084978146883,-1.4290186166763306
Lamp2,0.22273772954940796,0.2269825041294098,-0.030411699786782265,0.34620649353932625,-1.4365894794464111,-0.030411699786782265,0.939761324536634,-0.26795101165771484,-0.030411699786782265,0.8544771039602814,-0.36418649554252625
Cul4b,0.16461239755153656,0.1838403046131134,-0.17365269362926483,0.04373970858710777,-2.509111166000366,-0.17365269362926483,0.33178167535486625,-1.4898829460144043,-0.17365269362926483,0.10134969485370104,-2.0303244590759277
Mcts1,0.6148186922073364,0.6531231999397278,-0.11772525310516357,0.351210442331863,-1.4265259504318237,-0.11772525310516357,0.18245022245555864,-1.8850539922714233,-0.11772525310516357,0.03219121883410226,-2.5526933670043945
C1galt1c1,0.0971284881234169,0.09293708205223083,0.06671158224344254,0.5043613475816657,-1.1676353216171265,0.06671158224344254,0.8569813984460553,0.41610637307167053,0.06671158224344254,0.7269411880860431,0.5626835823059082
Gria3,0.0,0.0,0.0,0.9979940091511154,0.11319231241941452,0.0,1.0,0.0,0.0,1.0,0.0
Thoc2,0.7241201996803284,0.6954964995384216,0.08125592768192291,0.16670038231623285,1.8742189407348633,0.08125592768192291,0.4115952800483262,1.2934244871139526,0.08125592768192291,0.16380847363516923,1.7461611032485962
Xiap,0.3193604052066803,0.3160894513130188,0.017336955294013023,0.5914547936568325,-1.0369876623153687,0.017336955294013023,0.9802971400373993,0.19022046029567719,0.017336955294013023,0.926767225645768,0.2495727688074112
Stag2,0.6505546569824219,0.589842677116394,0.18963268399238586,0.022030325573047592,2.787327289581299,0.18963268399238586,0.025756164368681108,2.8009274005889893,0.18963268399238586,0.0007225623719670548,3.7987184524536133
Tex13c2,0.0007371965912170708,0.0,19.492223739624023,0.9979940091511154,0.14071114361286163,19.492223739624023,0.5196272646011879,1.0,19.492223739624023,0.46147875269036936,1.0
Sh2d1a,1.1222153902053833,1.0374042987823486,0.18535131216049194,0.0026721383664506317,3.506824254989624,0.18535131216049194,0.010536944868432395,3.1265249252319336,0.18535131216049194,0.00013708301983534116,4.229804039001465
Tenm1,0.0,0.0006173719884827733,-19.236228942871094,0.9979940091511154,0.027607882395386696,-19.236228942871094,0.5196272646011879,-1.0,-19.236228942871094,0.16021537352752957,-1.759765386581421
Ocrl,0.01752493716776371,0.021053899079561234,-0.2672317326068878,0.3744103454844709,-1.3823533058166504,-0.2672317326068878,0.6400301491972366,-0.7861291170120239,-0.2672317326068878,0.46147875269036936,-1.0328266620635986
Apln,0.0,0.0,0.0,0.9979940091511154,0.11319231241941452,0.0,1.0,0.0,0.0,1.0,0.0
Xpnpep2,0.0006513980333693326,0.0005962557625025511,0.1276477426290512,0.9979940091511154,0.05521576479077339,0.1276477426290512,1.0,0.06244276836514473,0.1276477426290512,1.0,0.07510019093751907
Sash3,0.47550418972969055,0.5245565176010132,-0.17996056377887726,0.12198167619563953,-2.038797616958618,-0.17996056377887726,0.053116562115145066,-2.5085442066192627,-0.17996056377887726,0.0029261755338136374,-3.3967535495758057
Zdhhc9,0.027354814112186432,0.02586449682712555,0.08190149068832397,0.9077660324441216,-0.625184953212738,0.08190149068832397,0.9480640419514305,0.2545953691005707,0.08190149068832397,0.8634600512713728,0.35007378458976746
Utp14a,0.24669142067432404,0.3019409775733948,-0.3332328498363495,0.0008118518377578797,-3.8549509048461914,-0.3332328498363495,0.011190414870880587,-3.1065280437469482,-0.3332328498363495,0.000109792066467749,-4.284079551696777
Bcorl1,0.03002370335161686,0.028653310611844063,0.06839340925216675,0.345506250172001,-1.4377472400665283,0.06839340925216675,0.9620400955023055,0.2259332835674286,0.06839340925216675,0.9022994991083421,0.2877856492996216
Elf4,0.473594605922699,0.43605276942253113,0.1482764035463333,0.13626175444967295,1.982245922088623,0.1482764035463333,0.16529513218023004,1.9432603120803833,0.1482764035463333,0.030286379648735134,2.5769968032836914
Aifm1,0.25946635007858276,0.3036501109600067,-0.26022785902023315,0.007322821344086729,-3.1816747188568115,-0.26022785902023315,0.021703164126343485,-2.8650319576263428,-0.26022785902023315,0.0006154701377679339,-3.8427155017852783
Rab33a,0.0,0.0013148500584065914,-20.327417373657227,0.9979940091511154,-0.05797655135393143,-20.327417373657227,0.36167647049845647,-1.4142106771469116,-20.327417373657227,0.03746581058705604,-2.4886789321899414
Zfp280c,0.06370310485363007,0.05672169476747513,0.17254959046840668,0.345386829012454,-1.4380143880844116,0.17254959046840668,0.5828076740297159,0.8840186595916748,0.17254959046840668,0.40706640941498107,1.137630581855774
Slc25a14,0.07303453236818314,0.06851384788751602,0.09548264741897583,0.22827146322832753,-1.69672691822052,0.09548264741897583,0.7826648121632709,0.5438962578773499,0.09548264741897583,0.633542734490101,0.7074185013771057
Rbmx2,0.32950496673583984,0.32948213815689087,0.00011725744843715802,0.9979940091511154,-0.3353021740913391,0.00011725744843715802,1.0,0.0013976239133626223,0.00011725744843715802,1.0,0.0018652823055163026
Enox2,0.04526819288730621,0.05109720677137375,-0.17898550629615784,0.10180240677945061,-2.128300428390503,-0.17898550629615784,0.623671698120262,-0.8158536553382874,-0.17898550629615784,0.4326023701428257,-1.0902397632598877
Olfr1322,0.0008032085606828332,0.0017772801220417023,-1.1465264558792114,0.9984208920935209,-0.0025826727505773306,-1.1465264558792114,0.7020893029644769,-0.6810647249221802,-1.1465264558792114,0.46147875269036936,-1.0388401746749878
Stk26,0.4397536814212799,0.43150684237480164,0.03369145095348358,0.9979940091511154,0.13456615805625916,0.03369145095348358,0.8406147003674124,0.44528523087501526,0.03369145095348358,0.7108329717101657,0.5873575210571289
Rap2c,0.30786335468292236,0.3003595173358917,0.04128650203347206,0.9979940091511154,-0.32826662063598633,0.04128650203347206,0.82697985548129,0.46723347902297974,0.04128650203347206,0.6917669847440368,0.6166127324104309
Mbnl3,0.2316383719444275,0.3024052381515503,-0.4379256069660187,6.871192663486967e-06,-5.005309104919434,-0.4379256069660187,0.00011194720446401178,-4.427502632141113,-0.4379256069660187,2.067865215910226e-08,-6.019715309143066
Ccdc160,0.0,0.0,0.0,0.9979940091511154,0.11319231241941452,0.0,1.0,0.0,0.0,1.0,0.0
Phf6,0.2885577380657196,0.24359145760536194,0.27826976776123047,0.5508572590276993,1.0967453718185425,0.27826976776123047,0.01940233521517128,2.904700756072998,0.27826976776123047,0.0009323094822266214,3.7292096614837646
Hprt,1.3030056953430176,1.36021888256073,-0.11216536909341812,0.03916672038663169,-2.554975748062134,-0.11216536909341812,0.051261113311544586,-2.5239546298980713,-0.11216536909341812,0.002528539468129836,-3.4402945041656494
Fam122b,0.046435948461294174,0.04883766919374466,-0.0744987353682518,0.10064666660840003,-2.133733034133911,-0.0744987353682518,0.9048315134558769,-0.3320840895175934,-0.0744987353682518,0.8073193710636191,-0.4391409158706665
Mospd1,0.0691862553358078,0.06690683960914612,0.049994613975286484,0.13854659478504713,-1.9732511043548584,0.049994613975286484,0.9522838033070161,0.24641089141368866,0.049994613975286484,0.8802277873085883,0.3242891728878021
Rtl8c,0.0003096452564932406,0.0,18.2404842376709,0.9979940091511154,0.14071114361286163,18.2404842376709,0.5196272646011879,1.0,18.2404842376709,0.46147875269036936,1.0
Rtl8a,0.030579084530472755,0.03403545171022415,-0.15699972212314606,0.4221111048050979,-1.2976595163345337,-0.15699972212314606,0.7834939820580812,-0.542230486869812,-0.15699972212314606,0.6165549887757547,-0.7346159219741821
Rtl8b,0.03676922619342804,0.03615117073059082,0.024904893711209297,0.4227163343094738,-1.2966798543930054,0.024904893711209297,1.0,0.09694168716669083,0.024904893711209297,1.0,0.1271049827337265
Xlr,0.00688971159979701,0.0052424706518650055,0.3953862190246582,0.9979940091511154,-0.034020036458969116,0.3953862190246582,0.8545852417737894,0.4207729399204254,0.3953862190246582,0.745929250496038,0.5323389768600464
3830403N18Rik,0.025271857157349586,0.02660965546965599,-0.07538723945617676,0.9979940091511154,-0.38294804096221924,-0.07538723945617676,0.9963139081885786,-0.15999402105808258,-0.07538723945617676,0.9449518693687274,-0.22037388384342194
Zfp449,0.0006507845828309655,0.0012222996447235346,-0.9097573757171631,0.9984208920935209,-0.002760788192972541,-0.9097573757171631,0.7676208263280156,-0.5704245567321777,-0.9097573757171631,0.5638577937335554,-0.82310950756073
Smim10l2a,0.0,0.0,0.0,0.9979940091511154,0.11319231241941452,0.0,1.0,0.0,0.0,1.0,0.0
Ints6l,0.053197216242551804,0.04962771385908127,0.10280178487300873,0.42035178885515784,-1.3009545803070068,0.10280178487300873,0.8460140357794155,0.43528294563293457,0.10280178487300873,0.7149128552925502,0.5811977386474609
Mmgt1,0.03771161660552025,0.03626210242509842,0.057598430663347244,0.3482167397194051,-1.4327600002288818,0.057598430663347244,0.957952808029212,0.23384937644004822,0.057598430663347244,0.8920683754053775,0.3040271997451782
Slc9a6,0.03691829368472099,0.036529719829559326,0.01554731372743845,0.4872163883947212,-1.1939963102340698,0.01554731372743845,1.0,0.06169034168124199,0.01554731372743845,1.0,0.08157974481582642
Fhl1,0.0,0.0,0.0,0.9979940091511154,0.11319231241941452,0.0,1.0,0.0,0.0,1.0,0.0
Map7d3,0.006252240855246782,0.015017712488770485,-1.2705540657043457,0.38716783233704266,-1.3584859371185303,-1.2705540657043457,0.06069562992709587,-2.4511024951934814,-1.2705540657043457,0.0013494516251105024,-3.625422716140747
Htatsf1,0.37054431438446045,0.4518570303916931,-0.3488834500312805,0.0004019007384691081,-4.045177936553955,-0.3488834500312805,0.0002589250358725725,-4.2152581214904785,-0.3488834500312805,8.348280277024702e-08,-5.771800994873047
Cd40lg,0.027995944023132324,0.017647381871938705,0.6732569932937622,0.9979940091511154,0.31294870376586914,0.6732569932937622,0.2519920381973988,1.685139775276184,0.6732569932937622,0.058110704634144306,2.2939260005950928
Arhgef6,0.5323476195335388,0.5398575067520142,-0.026109106838703156,0.9979940091511154,-0.1751764565706253,-0.026109106838703156,0.8742728968753642,-0.3859816789627075,-0.026109106838703156,0.7548181652588445,-0.5182400941848755
Rbmx,0.29837262630462646,0.26678913831710815,0.18526944518089294,0.6821012475403228,0.9149786233901978,0.18526944518089294,0.1440918548158933,2.0220508575439453,0.18526944518089294,0.025571395456110587,2.6444289684295654
Fgf13,0.10605104267597198,0.12041362375020981,-0.1937958300113678,0.0109526226429764,-3.0455055236816406,-0.1937958300113678,0.5036469399115193,-1.1180305480957031,-0.1937958300113678,0.22766105215400134,-1.5477325916290283
Atp11c,0.1019969955086708,0.12024319916963577,-0.25083431601524353,0.0064168434270830315,-3.2268269062042236,-0.25083431601524353,0.3062644016778039,-1.5490857362747192,-0.25083431601524353,0.08235684327775557,-2.132573127746582
Slitrk4,0.0,0.0005508665344677866,-19.07174301147461,0.9979940091511154,0.027607882395386696,-19.07174301147461,0.5196272646011879,-1.0,-19.07174301147461,0.16021537352752957,-1.759765386581421
Fmr1,0.5216548442840576,0.5441798567771912,-0.07867288589477539,0.3246230575708589,-1.4787137508392334,-0.07867288589477539,0.516241272804285,-1.096170425415039,-0.07867288589477539,0.2578302963265348,-1.4681748151779175
Fmr1nb,0.001713290112093091,0.0017371511785313487,-0.01997111551463604,0.9979940091511154,0.024936150759458542,-0.01997111551463604,1.0,-0.013872508890926838,-0.01997111551463604,1.0,-0.018095023930072784
Gm14698,0.00599739421159029,0.0029031343292444944,1.0489579439163208,0.9979940091511154,0.10437560081481934,1.0489579439163208,0.3313057832431331,1.4909337759017944,1.0489579439163208,0.16343374712388112,1.7479561567306519
Ids,0.051276352256536484,0.06083132326602936,-0.2534773647785187,0.07790424943688798,-2.2561874389648438,-0.2534773647785187,0.5196272646011879,-1.0881375074386597,-0.2534773647785187,0.23661770309125138,-1.5238666534423828
1110012L19Rik,0.10669726878404617,0.12746134400367737,-0.2718068063259125,0.0042356302139504795,-3.363708734512329,-0.2718068063259125,0.18160097881610304,-1.8881278038024902,-0.2718068063259125,0.029197004681478723,-2.5913877487182617
Tmem185a,0.036420486867427826,0.047903601080179214,-0.40372520685195923,0.054311809750446284,-2.418628454208374,-0.40372520685195923,0.2772030063730059,-1.6177477836608887,-0.40372520685195923,0.06340896746470996,-2.255666494369507
Mtm1,0.009345678612589836,0.01852588541805744,-0.9938085675239563,0.50843676809656,-1.1614903211593628,-0.9938085675239563,0.15337848811186236,-1.9885022640228271,-0.9938085675239563,0.011500707919715244,-2.943906307220459
Mtmr1,0.2395588755607605,0.22400759160518646,0.10848349332809448,0.9979940091511154,-0.15460413694381714,0.10848349332809448,0.5224630558221421,0.9943863749504089,0.10848349332809448,0.31126152347233116,1.3314080238342285
Cd99l2,0.06921741366386414,0.07327527552843094,-0.0851535052061081,0.12723671099312606,-2.017423629760742,-0.0851535052061081,0.8519198442642384,-0.42484357953071594,-0.0851535052061081,0.7156844456485303,-0.5797955989837646
Hmgb3,0.580581545829773,0.5341729521751404,0.15676230192184448,0.21374073467859292,1.7360904216766357,0.15676230192184448,0.11337314385555664,2.1467626094818115,0.15676230192184448,0.014943659038694124,2.848616123199463
Vma21,0.4611366093158722,0.5471906065940857,-0.31411805748939514,0.0011917027593616473,-3.74647855758667,-0.31411805748939514,4.8578369345100255e-05,-4.628701686859131,-0.31411805748939514,8.509693028741068e-09,-6.174358367919922
Gm1141,0.0002690253604669124,0.0,18.037582397460938,0.9979940091511154,0.14071114361286163,18.037582397460938,0.5196272646011879,1.0,18.037582397460938,0.46147875269036936,1.0
Cetn2,0.4456648528575897,0.4520051181316376,-0.025294354185461998,0.9979940091511154,-0.29139673709869385,-0.025294354185461998,0.8939593211546013,-0.35143399238586426,-0.025294354185461998,0.7910172252686087,-0.4635407030582428
Nsdhl,0.1014261245727539,0.0835878849029541,0.2921294867992401,0.9499749373719641,-0.5709487795829773,0.2921294867992401,0.18878019070804317,1.864211082458496,0.2921294867992401,0.04500239751938015,2.406675338745117
Xlr4a,0.15413442254066467,0.16872848570346832,-0.14132508635520935,0.03357407777110264,-2.6191864013671875,-0.14132508635520935,0.48173912770312205,-1.160738468170166,-0.14132508635520935,0.22525305082934358,-1.5551528930664062
Xlr3a,0.004264658782631159,0.007649746257811785,-0.8454257249832153,0.9979940091511154,-0.4328203499317169,-0.8454257249832153,0.46508356612136365,-1.1909010410308838,-0.8454257249832153,0.16871909882451958,-1.729067325592041
Xlr3b,0.01476043276488781,0.019622597843408585,-0.4142983555793762,0.46703052396410044,-1.2240087985992432,-0.4142983555793762,0.5196272646011879,-1.0296881198883057,-0.4142983555793762,0.28445921261753776,-1.3964039087295532
Xlr4b,0.2664884030818939,0.28542560338974,-0.11332987993955612,0.17020115654186174,-1.861928939819336,-0.11332987993955612,0.4680381609463749,-1.1841546297073364,-0.11332987993955612,0.21361931395555317,-1.5864028930664062
F8a,0.12376098334789276,0.1310114711523056,-0.08747762441635132,0.05136917932360788,-2.4420506954193115,-0.08747762441635132,0.7234401044307353,-0.6459497809410095,-0.08747762441635132,0.5371409253311348,-0.8669224977493286
Xlr4c,0.12601330876350403,0.12690682709217072,-0.010851760394871235,0.1673925881105952,-1.8716362714767456,-0.010851760394871235,1.0,-0.07152634114027023,-0.010851760394871235,1.0,-0.09623096138238907
Xlr3c,0.0,0.0,0.0,0.9979940091511154,0.11319231241941452,0.0,1.0,0.0,0.0,1.0,0.0
Zfp275,0.02815110795199871,0.02559059113264084,0.13943366706371307,0.6252888240861751,-0.9906776547431946,0.13943366706371307,0.8267433414360775,0.46764859557151794,0.13943366706371307,0.6976582345651289,0.6071524620056152
Trex2,0.0,0.0,0.0,0.9979940091511154,0.11319231241941452,0.0,1.0,0.0,0.0,1.0,0.0
Haus7,0.18843522667884827,0.18716445565223694,0.010707532986998558,0.1855309530965615,-1.814372181892395,0.010707532986998558,1.0,0.09608644992113113,0.010707532986998558,1.0,0.12526920437812805
Dusp9,0.0024248717818409204,0.004523272626101971,-0.9009727239608765,0.9979940091511154,-0.37386414408683777,-0.9009727239608765,0.49874256941378664,-1.1275995969772339,-0.9009727239608765,0.211346860006679,-1.5931047201156616
Pnck,0.0,0.0006774610374122858,-19.370269775390625,0.9979940091511154,0.027607882395386696,-19.370269775390625,0.5196272646011879,-1.0,-19.370269775390625,0.16021537352752957,-1.759765386581421
Slc6a8,0.007316672243177891,0.002464546589180827,1.573367953300476,0.9979940091511154,0.24473051726818085,1.573367953300476,0.10939564198350622,2.1643683910369873,1.573367953300476,0.04284456748583973,2.429008960723877
Bcap31,1.0279524326324463,1.1029436588287354,-0.16510897874832153,0.04734376424550863,-2.4764270782470703,-0.16510897874832153,0.0029075789788161666,-3.5456132888793945,-0.16510897874832153,2.0186814812089663e-05,-4.680319309234619
Abcd1,0.14761589467525482,0.17992426455020905,-0.3094830811023712,0.0034385066533316098,-3.427830219268799,-0.3094830811023712,0.07067798512212851,-2.381309747695923,-0.3094830811023712,0.003790889343128248,-3.3155951499938965
Srpk3,0.0006403021398000419,0.003115745959803462,-2.2845373153686523,0.9984208920935209,-0.0029389034025371075,-2.2845373153686523,0.5658709087840376,-0.9149165749549866,-2.2845373153686523,0.22217668368266058,-1.564021348953247
Idh3g,0.6478552222251892,0.6500180959701538,-0.006536069326102734,0.9979940091511154,0.47512274980545044,-0.006536069326102734,1.0,-0.10900313407182693,-0.006536069326102734,0.9901239724332145,-0.1456151306629181
Ssr4,1.2385741472244263,1.2854522466659546,-0.09434174001216888,0.652530081533345,-0.953985869884491,-0.09434174001216888,0.1027181261664144,-2.198906660079956,-0.09434174001216888,0.009796342040978892,-3.0002896785736084
Pdzd4,0.0007119585061445832,0.0,19.44194984436035,0.9979940091511154,0.16822996735572815,19.44194984436035,0.36167647049845647,1.4107016324996948,19.44194984436035,0.28025652305350673,1.4107016324996948
L1cam,0.07638908922672272,0.05651736259460449,0.4491657018661499,0.7521524479244253,-0.8228039145469666,0.4491657018661499,0.10204266269562758,2.2014808654785156,0.4491657018661499,0.018456683749896955,2.770418882369995
Arhgap4,0.2597281038761139,0.20265115797519684,0.40076106786727905,0.0849721187621688,2.2151317596435547,0.40076106786727905,0.0018845288550106752,3.6736974716186523,0.40076106786727905,9.135737557954191e-06,4.855917453765869
Avpr2,0.003563098842278123,0.0,21.76727294921875,0.9979940091511154,0.36086171865463257,21.76727294921875,0.01545975707887111,2.9867029190063477,21.76727294921875,0.010290999210380535,2.9867029190063477
Naa10,0.6275506615638733,0.6493452787399292,-0.06663704663515091,0.6431276477245059,-0.966632068157196,-0.06663704663515091,0.5196272646011879,-1.0686380863189697,-0.06663704663515091,0.2695956908511697,-1.4395374059677124
Renbp,0.005385229829698801,0.010319950059056282,-0.9419201612472534,0.7521524479244253,-0.822892963886261,-0.9419201612472534,0.24995673097353407,-1.6916885375976562,-0.9419201612472534,0.04258399564893468,-2.4304850101470947
Hcfc1,0.5136471390724182,0.5115174651145935,0.007661009673029184,0.9979940091511154,0.14552025496959686,0.007661009673029184,1.0,0.10748846083879471,0.007661009673029184,0.9904294994619919,0.14491184055805206
Irak1,0.2586720585823059,0.2705840766429901,-0.07392401993274689,0.2552069244459217,-1.6298446655273438,-0.07392401993274689,0.6780618889385285,-0.7234199047088623,-0.07392401993274689,0.47393149893730246,-0.9780279397964478
Mecp2,0.16921941936016083,0.14265578985214233,0.26601600646972656,0.9979940091511154,-0.2481147050857544,0.26601600646972656,0.13880059215699497,2.0418801307678223,0.26601600646972656,0.023615679903048685,2.6760473251342773
Tktl1,0.0,0.0011561596766114235,-20.14174461364746,0.9979940091511154,-0.05797655135393143,-20.14174461364746,0.36167647049845647,-1.4141749143600464,-20.14174461364746,0.03746581058705604,-2.4886159896850586
Flna,1.0508450269699097,1.0575305223464966,-0.014804013073444366,0.9984208920935209,0.0025826727505773306,-0.014804013073444366,0.9309257565926842,-0.28388330340385437,-0.014804013073444366,0.83994896235685,-0.3871701955795288
Emd,0.639300525188446,0.5770075917243958,0.19736547768115997,0.0078029668077565,3.1608352661132812,0.19736547768115997,0.012016511847237076,3.0790438652038574,0.19736547768115997,0.0001980072467412782,4.137826442718506
Rpl10,3.015875816345215,3.2419235706329346,-0.34108054637908936,1.6842412725420814e-33,-12.493278503417969,-0.34108054637908936,1.4685779041744211e-39,-14.389384269714355,-0.34108054637908936,1.1681258643475142e-64,-18.123764038085938
Dnase1l1,0.039751291275024414,0.03559081256389618,0.16251671314239502,0.5486277110690039,-1.1005748510360718,0.16251671314239502,0.7334832586177256,0.6288919448852539,0.16251671314239502,0.5713688832228593,0.8106681108474731
Taz,0.10698952525854111,0.0914442241191864,0.23790475726127625,0.7923369129941626,-0.772219181060791,0.23790475726127625,0.34996079417409354,1.4479221105575562,0.23790475726127625,0.1284814258073093,1.907192587852478
Atp6ap1,0.23081490397453308,0.20562048256397247,0.18558679521083832,0.9979940091511154,0.23137186467647552,0.18558679521083832,0.21966774512936352,1.7755111455917358,0.18558679521083832,0.05328726076306794,2.333831548690796
Gdi1,0.1548442244529724,0.14526546001434326,0.09920806437730789,0.626396911381429,-0.9885402917861938,0.09920806437730789,0.6630624171587475,0.7481486797332764,0.09920806437730789,0.46147875269036936,1.0024884939193726
Fam50a,0.31147301197052,0.29018038511276245,0.11828531324863434,0.9979940091511154,0.16920959949493408,0.11828531324863434,0.39705936508609746,1.3239294290542603,0.11828531324863434,0.17103399914180326,1.7197537422180176
Plxna3,0.0006101554608903825,0.0017012780299410224,-1.4801558256149292,0.9979940091511154,-0.08798898756504059,-1.4801558256149292,0.5196272646011879,-1.0127708911895752,-1.4801558256149292,0.22992432947133537,-1.541712999343872
Lage3,0.4255352020263672,0.45013004541397095,-0.10009527951478958,0.4841295021160976,-1.1986273527145386,-0.10009527951478958,0.3711783866487351,-1.3787442445755005,-0.10009527951478958,0.14558250574201936,-1.8403260707855225
Ubl4a,0.6278551816940308,0.5965093970298767,0.09879084676504135,0.26426033133963833,1.6079365015029907,0.09879084676504135,0.30629875537358764,1.5483893156051636,0.09879084676504135,0.09236239397743112,2.0774712562561035
Slc10a3,0.03796471282839775,0.0357254333794117,0.0893326997756958,0.5469651848712668,-1.1031575202941895,0.0893326997756958,0.9018219086695893,0.33803918957710266,0.0893326997756958,0.8024172222178825,0.4464986324310303
Fam3a,0.05379558354616165,0.05292344093322754,0.0242155734449625,0.2941547924475319,-1.54176664352417,0.0242155734449625,1.0,0.11488375812768936,0.0242155734449625,0.9852417941131485,0.15243245661258698
Ikbkg,0.0752965584397316,0.08272732049226761,-0.14121076464653015,0.0587142970989097,-2.385053873062134,-0.14121076464653015,0.6406381023212169,-0.7851963043212891,-0.14121076464653015,0.44313301457296006,-1.0714995861053467
G6pdx,0.12760283052921295,0.17142744362354279,-0.4583379626274109,6.175838594687465e-06,-5.027128219604492,-0.4583379626274109,0.002690572703742733,-3.5711159706115723,-0.4583379626274109,8.535528499351494e-06,-4.869924068450928
Gab3,0.04136384278535843,0.05095059424638748,-0.30769726634025574,0.6505411114047128,-0.9564794898033142,-0.30769726634025574,0.5459637467158707,-0.9526816010475159,-0.30769726634025574,0.26650504202640346,-1.4468311071395874
Dkc1,0.3361099362373352,0.4898756444454193,-0.6620132923126221,8.547058703462435e-12,-7.3104777336120605,-0.6620132923126221,1.1803272302075651e-12,-7.776137351989746,-0.6620132923126221,4.565457862554798e-25,-10.840625762939453
Mpp1,0.11737906187772751,0.14192655682563782,-0.29205912351608276,0.0002716439936481931,-4.149909973144531,-0.29205912351608276,0.17462918303245825,-1.9117845296859741,-0.29205912351608276,0.02848951703305292,-2.601059675216675
F8,0.0039874715730547905,0.005773085169494152,-0.5351572036743164,0.9979940091511154,-0.3751109540462494,-0.5351572036743164,0.6639943055403377,-0.7464959621429443,-0.5351572036743164,0.46147875269036936,-1.0083844661712646
Fundc2,0.9754247069358826,0.8805024027824402,0.22661584615707397,6.103572291145787e-05,4.519053936004639,0.22661584615707397,0.00015850338205611965,4.339345932006836,0.22661584615707397,5.194459073446701e-08,5.857354164123535
Cmc4,0.09060761332511902,0.09214907139539719,-0.025466209277510643,0.07939116867876325,-2.247281551361084,-0.025466209277510643,1.0,-0.1491258591413498,-0.025466209277510643,0.9550103494616891,-0.20168828964233398
Mtcp1,0.036172281950712204,0.023427067324519157,0.6359476447105408,0.9979940091511154,-0.08407045155763626,0.6359476447105408,0.09981018335404092,2.2124664783477783,0.6359476447105408,0.02055332035695119,2.730316400527954
Brcc3,0.3735598921775818,0.3957730233669281,-0.10038172453641891,0.5248535468609882,-1.1370885372161865,-0.10038172453641891,0.39921209228024007,-1.3194783926010132,-0.10038172453641891,0.16421452523145277,-1.7449748516082764
Vbp1,0.633851945400238,0.6605861783027649,-0.08095142245292664,0.5977390588646221,-1.0276366472244263,-0.08095142245292664,0.3912166224746177,-1.3377914428710938,-0.08095142245292664,0.16021537352752957,-1.7845178842544556
Rab39b,0.018613986670970917,0.028971493244171143,-0.6457479596138,0.261622339380417,-1.614615797996521,-0.6457479596138,0.166447682326013,-1.9398669004440308,-0.6457479596138,0.017577818639161965,-2.787923574447632
Pls3,0.0013929287670180202,0.004234001040458679,-1.6059497594833374,0.9979940091511154,-0.2886359393596649,-1.6059497594833374,0.3221178848662568,-1.5114781856536865,-1.6059497594833374,0.05425630499312417,-2.3253066539764404
Tbl1x,0.3142329752445221,0.35272666811943054,-0.19602391123771667,0.07721549124522331,-2.260283946990967,-0.19602391123771667,0.1112017356339413,-2.1573336124420166,-0.19602391123771667,0.01117855545708175,-2.9538846015930176
Prkx,0.19323985278606415,0.16818226873874664,0.21898631751537323,0.9979940091511154,-0.23582474887371063,0.21898631751537323,0.20358291274595453,1.8209308385849,0.21898631751537323,0.047429808735952476,2.3846898078918457
Prrg1,0.015512506477534771,0.011224460788071156,0.46988582611083984,0.9979940091511154,-0.1920083612203598,0.46988582611083984,0.4968644627965524,1.1306533813476562,0.46988582611083984,0.27874850833378856,1.4174249172210693
Dmd,0.0,0.0,0.0,0.9979940091511154,0.11319231241941452,0.0,1.0,0.0,0.0,1.0,0.0
Tab3,0.04706087335944176,0.04800776019692421,-0.02942783199250698,0.33219998313368804,-1.4648207426071167,-0.02942783199250698,1.0,-0.11431774497032166,-0.02942783199250698,0.9817179039890421,-0.15933766961097717
Gk,0.06453748047351837,0.0727551132440567,-0.17890697717666626,0.02759300362419215,-2.698091506958008,-0.17890697717666626,0.5601401916186156,-0.925254225730896,-0.17890697717666626,0.3605381384480229,-1.2276082038879395
5430427O19Rik,0.06951592862606049,0.05834036320447922,0.26099663972854614,0.8972334045362848,-0.6405028700828552,0.26099663972854614,0.5009429015485684,1.1231639385223389,0.26099663972854614,0.23101066708039722,1.538772702217102
Arx,0.0,0.0,0.0,0.9979940091511154,0.11319231241941452,0.0,1.0,0.0,0.0,1.0,0.0
Pola1,0.4590018689632416,0.44901013374328613,0.03950289264321327,0.9979940091511154,-0.10927377641201019,0.03950289264321327,0.8127513240687031,0.4932175874710083,0.03950289264321327,0.6714015326471916,0.647497296333313
Pcyt1b,0.01367888879030943,0.0362146757543087,-1.4209470748901367,0.008371986734903396,-3.1367897987365723,-1.4209470748901367,0.0003683410245636299,-4.133676052093506,-1.4209470748901367,9.708338125543602e-09,-6.150177955627441
Pdk3,0.28304389119148254,0.32984259724617004,-0.2562314569950104,0.014335075396900418,-2.9478092193603516,-0.2562314569950104,0.020135122439049462,-2.892237663269043,-0.2562314569950104,0.0004698239282977544,-3.913780689239502
Zfx,0.23041579127311707,0.24933668971061707,-0.12804940342903137,0.13716923146849005,-1.9785054922103882,-0.12804940342903137,0.4560513866636162,-1.2082927227020264,-0.12804940342903137,0.19303136911903315,-1.6484864950180054
Eif2s3x,0.28726157546043396,0.3979489803314209,-0.5546124577522278,1.479181579439464e-08,-6.159941673278809,-0.5546124577522278,8.748090088416018e-09,-6.34276819229126,-0.5546124577522278,1.142692507306794e-16,-8.724733352661133
Klhl15,0.03991517797112465,0.041479919105768204,-0.056612107902765274,0.18556991744296045,-1.8141940832138062,-0.056612107902765274,0.9579352289932102,-0.23471492528915405,-0.056612107902765274,0.8901083436746962,-0.3073509931564331
Fam90a1b,0.0006091461982578039,0.0,19.21687126159668,0.9979940091511154,0.14071114361286163,19.21687126159668,0.5196272646011879,1.0,19.21687126159668,0.46147875269036936,1.0
Apoo,0.16608524322509766,0.21764521300792694,-0.428435742855072,1.0988402624306462e-05,-4.9046735763549805,-0.428435742855072,0.0005527091992129743,-4.013050079345703,-0.428435742855072,6.778513907728453e-07,-5.380282402038574
Maged1,0.0045810542069375515,0.010183664970099926,-1.156551718711853,0.7066951599537324,-0.8829178810119629,-1.156551718711853,0.17356984265874031,-1.9162120819091797,-1.156551718711853,0.01602967766206683,-2.8226711750030518
Gspt2,0.0023978983517736197,0.0037595988251268864,-0.6497907638549805,0.9979940091511154,-0.14819198846817017,-0.6497907638549805,0.7116851225396736,-0.6641498804092407,-0.6497907638549805,0.5075347325529687,-0.918540894985199
Zxdb,0.07356782257556915,0.06803993135690689,0.11672770231962204,0.38213018603420523,-1.3681931495666504,0.11672770231962204,0.732108989682739,0.6307457089424133,0.11672770231962204,0.5579842725675835,0.8323057889938354
Spin4,0.002498448360711336,0.005597963463515043,-1.1661067008972168,0.9979940091511154,-0.4312172830104828,-1.1661067008972168,0.33330805404549874,-1.4872206449508667,-1.1661067008972168,0.06884088154575468,-2.2176930904388428
Arhgef9,0.004231150262057781,0.0040198941715061665,0.07404503971338272,0.9979940091511154,-0.14819198846817017,0.07404503971338272,1.0,0.10727693140506744,0.07404503971338272,0.9939089935070251,0.13899460434913635
Amer1,0.025755517184734344,0.022143136709928513,0.22063812613487244,0.7334534403241166,-0.8464041948318481,0.22063812613487244,0.708462956108859,0.6698878407478333,0.22063812613487244,0.5480061627312762,0.8491044640541077
Zc4h2,0.005636909510940313,0.011088003404438496,-0.9799608588218689,0.7078619713838119,-0.8813148140907288,-0.9799608588218689,0.22055335211548385,-1.7738397121429443,-0.9799608588218689,0.031963661330173185,-2.555375814437866
Zc3h12b,0.0008418395882472396,0.003181706415489316,-1.9198707342147827,0.9979940091511154,-0.2588016390800476,-1.9198707342147827,0.33175702641586025,-1.4910635948181152,-1.9198707342147827,0.05740966825497581,-2.298938035964966
Las1l,0.24420519173145294,0.340362012386322,-0.5517126321792603,3.53360636469322e-08,-6.008721828460693,-0.5517126321792603,2.9187399820673435e-07,-5.703176021575928,-0.5517126321792603,1.1727051106446923e-13,-7.844024658203125
Msn,1.7256054878234863,1.7281904220581055,-0.004535800777375698,0.9648399941600881,0.5533154010772705,-0.004535800777375698,1.0,-0.13806425034999847,-0.004535800777375698,0.9652028694814851,-0.18480060994625092
Ar,0.12646885216236115,0.10768161714076996,0.24582643806934357,0.37265468181179623,-1.3859156370162964,0.24582643806934357,0.3467146145435726,1.4554646015167236,0.24582643806934357,0.12412338230446467,1.9250950813293457
Yipf6,0.12869049608707428,0.14454829692840576,-0.17934539914131165,0.020172961827495593,-2.8203678131103516,-0.17934539914131165,0.4274152045046989,-1.261406660079956,-0.17934539914131165,0.16600482375938408,-1.7383642196655273
Stard8,0.0,0.002155223162844777,-21.04096221923828,0.9979940091511154,-0.05797655135393143,-21.04096221923828,0.36167647049845647,-1.4164514541625977,-21.04096221923828,0.03726207145007799,-2.492622137069702
Efnb1,0.0004412903217598796,0.0,18.751689910888672,0.9979940091511154,0.14071114361286163,18.751689910888672,0.5196272646011879,1.0,18.751689910888672,0.46147875269036936,1.0
Pja1,0.09857628494501114,0.12229723483324051,-0.32850509881973267,0.00584487513230637,-3.257284641265869,-0.32850509881973267,0.1536604544992061,-1.9865217208862305,-0.32850509881973267,0.015130891721754658,-2.8433687686920166
Awat2,0.002555753802880645,0.0020587740000337362,0.31232190132141113,0.9982866462090498,0.022620651870965958,0.31232190132141113,0.9236850101228127,0.29661890864372253,0.31232190132141113,0.8478265491321678,0.3748031258583069
Igbp1,0.47063377499580383,0.513369083404541,-0.1587361842393875,0.32974522677527796,-1.4695408344268799,-0.1587361842393875,0.09763348355194872,-2.224656820297241,-0.1587361842393875,0.009620461555977629,-3.0067880153656006
Dgat2l6,0.0006729529704898596,0.0,19.360633850097656,0.9979940091511154,0.16822996735572815,19.360633850097656,0.3621040251177201,1.4052895307540894,19.360633850097656,0.2818174639395328,1.4052895307540894
Pdzd11,0.3981887698173523,0.3907729685306549,0.03282204270362854,0.9979940091511154,0.38793525099754333,0.03282204270362854,0.853395117219145,0.4225478172302246,0.03282204270362854,0.7301357825163166,0.5581852793693542
Kif4,0.7315291166305542,0.5218691229820251,0.6541564464569092,2.5175401447345312e-14,8.08857536315918,0.6541564464569092,6.520530268470047e-16,8.805999755859375,0.6541564464569092,5.089322143076199e-31,12.137639045715332
Gdpd2,0.0005187398637644947,0.0,18.985029220581055,0.9979940091511154,0.14071114361286163,18.985029220581055,0.5196272646011879,1.0,18.985029220581055,0.46147875269036936,1.0
Dlg3,0.007049794774502516,0.008670270442962646,-0.29966628551483154,0.9729088806817208,-0.5414707064628601,-0.29966628551483154,0.7763543394106571,-0.5543215870857239,-0.29966628551483154,0.6093140804688293,-0.7464616894721985
Tex11,0.001087343436665833,0.0,20.05316162109375,0.9979940091511154,0.14071114361286163,20.05316162109375,0.5196272646011879,1.0,20.05316162109375,0.46147875269036936,1.0
Slc7a3,0.0014061395777389407,0.004446883220225573,-1.6632485389709473,0.9979940091511154,-0.3459000289440155,-1.6632485389709473,0.2671476756205659,-1.64591646194458,-1.6632485389709473,0.02890429129485685,-2.595867395401001
Snx12,0.211157888174057,0.22770622372627258,-0.12122485041618347,0.11444714767063656,-2.0707693099975586,-0.12122485041618347,0.5131290277614567,-1.1014751195907593,-0.12122485041618347,0.24580850977162613,-1.498491883277893
Foxo4,0.04423797130584717,0.044356849044561386,-0.003958126995712519,0.398664011264444,-1.3385369777679443,-0.003958126995712519,1.0,-0.01655273325741291,-0.003958126995712519,1.0,-0.02227264828979969
Gm614,0.01891772821545601,0.017035162076354027,0.15258538722991943,0.7946787471717728,-0.7689240574836731,0.15258538722991943,0.8475952486783023,0.432765930891037,0.15258538722991943,0.7335095614654766,0.5519223809242249
Il2rg,0.9564434885978699,0.8191125988960266,0.3371486961841583,9.96722756015954e-09,6.225488185882568,0.3371486961841583,2.200461456394212e-07,5.757745265960693,0.3371486961841583,8.402042013450184e-14,7.889144420623779
Med12,0.22835174202919006,0.18822185695171356,0.3087754547595978,0.6687262583286067,0.9325230121612549,0.3087754547595978,0.016299936884090052,2.9688966274261475,0.3087754547595978,0.0006955663621852038,3.8100366592407227
Nlgn3,0.0009342363919131458,0.002427253872156143,-1.3785419464111328,0.9979940091511154,-0.1733953058719635,-1.3785419464111328,0.5196272646011879,-1.063944697380066,-1.3785419464111328,0.24130929912610816,-1.5107238292694092
Zmym3,0.0699930191040039,0.08243193477392197,-0.24507908523082733,0.0066014771005609065,-3.2173869609832764,-0.24507908523082733,0.3621040251177201,-1.4059722423553467,-0.24507908523082733,0.132694990482677,-1.8898481130599976
Nono,1.172918677330017,1.150274395942688,0.04755276069045067,0.6018008905660037,1.0221149921417236,0.04755276069045067,0.5196272646011879,1.05070960521698,0.04755276069045067,0.26688446838095947,1.445859432220459
Itgb1bp2,0.0010824160417541862,0.0022966861724853516,-1.0861741304397583,0.9979940091511154,-0.1733953058719635,-1.0861741304397583,0.5980678259202247,-0.8577222228050232,-1.0861741304397583,0.39752956544976464,-1.1557892560958862
Taf1,0.3743051588535309,0.3892533481121063,-0.06796173751354218,0.3951811319396346,-1.3443256616592407,-0.06796173751354218,0.6403686153637665,-0.7856014966964722,-0.06796173751354218,0.4611093815857387,-1.0398927927017212
Ogt,0.5547851324081421,0.49899277091026306,0.1966739147901535,0.037185188534097996,2.577329397201538,0.1966739147901535,0.10246276570852748,2.2009694576263428,0.1966739147901535,0.00818212953419374,3.0632638931274414
Cxcr3,0.8213636875152588,0.8529090285301208,-0.08026420325040817,0.8855004149468847,-0.6551973819732666,-0.08026420325040817,0.44958155034831637,-1.2195501327514648,-0.08026420325040817,0.202688725469415,-1.6179836988449097
Gm4779,0.0,0.0,0.0,0.9979940091511154,0.11319231241941452,0.0,1.0,0.0,0.0,1.0,0.0
Nhsl2,0.03362155705690384,0.043301697820425034,-0.3720645308494568,0.10429186662077591,-2.1163668632507324,-0.3720645308494568,0.4273021212924874,-1.2617223262786865,-0.3720645308494568,0.1659604858821484,-1.7385540008544922
Rtl5,0.0,0.002529691206291318,-21.272356033325195,0.9979940091511154,-0.143560990691185,-21.272356033325195,0.29623727404810185,-1.575413465499878,-21.272356033325195,0.018476719111341265,-2.772357940673828
Pin4,0.4686797261238098,0.5311848521232605,-0.2294405847787857,0.011046105525979266,-3.0426557064056396,-0.2294405847787857,0.0037809578892403113,-3.4646153450012207,-0.2294405847787857,2.8712788849421846e-05,-4.600068092346191
Ercc6l,0.17592667043209076,0.176800936460495,-0.007800812367349863,0.06463130957878357,-2.340792179107666,-0.007800812367349863,1.0,-0.06245766952633858,-0.007800812367349863,1.0,-0.08197229355573654
Rps4x,3.4075231552124023,3.5677497386932373,-0.2384568452835083,9.499923784427237e-30,-11.76345157623291,-0.2384568452835083,1.2373291355009372e-32,-13.138197898864746,-0.2384568452835083,1.1052087588542872e-63,-17.859283447265625
Cited1,0.0029414831660687923,0.008389908820390701,-1.516045093536377,0.749310278403846,-0.8268115520477295,-1.516045093536377,0.09760982588314536,-2.2273294925689697,-1.516045093536377,0.003257168664641216,-3.363654613494873
Hdac8,0.05703537538647652,0.05850832536816597,-0.03785746544599533,0.15894037488501478,-1.9010252952575684,-0.03785746544599533,0.9857393092256345,-0.18169915676116943,-0.03785746544599533,0.9309154914875701,-0.24310415983200073
Phka1,0.0003078751906286925,0.0,18.23221206665039,0.9979940091511154,0.14071114361286163,18.23221206665039,0.5196272646011879,1.0,18.23221206665039,0.46147875269036936,1.0
Chic1,0.007217331789433956,0.003482372034341097,1.0540915727615356,0.9984208920935209,-0.007569903042167425,1.0540915727615356,0.3355851150265563,1.4801609516143799,1.0540915727615356,0.18667860284617463,1.6676664352416992
Tsx,0.0,0.0,0.0,0.9979940091511154,0.11319231241941452,0.0,1.0,0.0,0.0,1.0,0.0
Gm26992,0.0003676187770906836,0.0,18.488121032714844,0.9979940091511154,0.14071114361286163,18.488121032714844,0.5196272646011879,1.0,18.488121032714844,0.46147875269036936,1.0
Slc16a2,0.0002462616830598563,0.0,17.910017013549805,0.9979940091511154,0.14071114361286163,17.910017013549805,0.5196272646011879,1.0,17.910017013549805,0.46147875269036936,1.0
Rlim,0.35029885172843933,0.3676246404647827,-0.08289128541946411,0.21815342605235505,-1.7234442234039307,-0.08289128541946411,0.5339310826660981,-0.9733554720878601,-0.08289128541946411,0.33699898250062305,-1.276938796043396
Abcb7,0.15392746031284332,0.16408471763134003,-0.09971131384372711,0.03722354512793939,-2.5768840312957764,-0.09971131384372711,0.6139638290640375,-0.8308625817298889,-0.09971131384372711,0.42917865417987694,-1.0967271327972412
Uprt,0.009814397431910038,0.010778939351439476,-0.1359405368566513,0.8965504211190376,-0.6413934230804443,-0.1359405368566513,0.9194121414863721,-0.30481401085853577,-0.1359405368566513,0.8312639383084424,-0.40047726035118103
Zdhhc15,0.07275769859552383,0.07174766063690186,0.02090538665652275,0.45138460151178283,-1.2492121458053589,0.02090538665652275,1.0,0.10117309540510178,0.02090538665652275,0.9925564366402183,0.14130385220050812
Magee2,0.0,0.000613298499956727,-19.226675033569336,0.9979940091511154,0.027607882395386696,-19.226675033569336,0.5196272646011879,-1.0,-19.226675033569336,0.16021537352752957,-1.759765386581421
Pbdc1,0.5090982913970947,0.5673859119415283,-0.2021852284669876,0.05784718396709118,-2.3921782970428467,-0.2021852284669876,0.011524167124844028,-3.0949203968048096,-0.2021852284669876,0.0001970050259018062,-4.139337062835693
Magee1,0.023842880502343178,0.03137204051017761,-0.40137696266174316,0.23711494345087233,-1.6730376482009888,-0.40137696266174316,0.489983382974977,-1.1439578533172607,-0.40137696266174316,0.19212637843249403,-1.6511929035186768
Fgf16,0.0002663622726686299,0.0005323857767507434,-0.9992714524269104,0.9979940091511154,0.05521576479077339,-0.9992714524269104,0.8398999142246423,-0.44687214493751526,-0.9992714524269104,0.663811561910087,-0.6599746346473694
Atrx,1.2087048292160034,1.1434266567230225,0.13621030747890472,0.012675720518638292,2.992605209350586,0.13621030747890472,0.03811924368052002,2.6471800804138184,0.13621030747890472,0.001350999376171792,3.6251065731048584
Magt1,0.6043949127197266,0.7032752633094788,-0.29764261841773987,0.0003891317277116899,-4.054350852966309,-0.29764261841773987,9.755382154629171e-05,-4.463104248046875,-0.29764261841773987,1.6253778296367885e-08,-6.061394214630127
Cox7b,1.5646640062332153,1.605401873588562,-0.07392417639493942,0.5387557369325024,-1.1166943311691284,-0.07392417639493942,0.11637986633551942,-2.1336846351623535,-0.07392417639493942,0.014917365906212695,-2.8494627475738525
Atp7a,0.031194619834423065,0.02720898576080799,0.2001030147075653,0.57437251620897,-1.0614784955978394,0.2001030147075653,0.66715989014392,0.7402914762496948,0.2001030147075653,0.49754724732489614,0.9349388480186462
Tlr13,0.0,0.0030432711355388165,-21.539386749267578,0.9979940091511154,-0.05797655135393143,-21.539386749267578,0.45161684317631884,-1.2172056436538696,-21.539386749267578,0.08101786797848033,-2.141996383666992
Pgk1,1.3416502475738525,1.6287894248962402,-0.5363840460777283,1.7222084861479882e-28,-11.500908851623535,-0.5363840460777283,7.076469900586582e-22,-10.505594253540039,-0.5363840460777283,1.904764952348453e-43,-14.5199613571167
Taf9b,0.08779852092266083,0.09051837027072906,-0.04600493982434273,0.0690683085351359,-2.310957908630371,-0.04600493982434273,0.9257538417982265,-0.29298850893974304,-0.04600493982434273,0.842423857400525,-0.3831412196159363
Cysltr1,0.0,0.0010680563282221556,-20.027328491210938,0.9979940091511154,0.027607882395386696,-20.027328491210938,0.5196272646011879,-1.0,-20.027328491210938,0.16021537352752957,-1.759765386581421
Gm5127,0.00042924220906570554,0.0,18.711746215820312,0.9979940091511154,0.14071114361286163,18.711746215820312,0.5196272646011879,1.0,18.711746215820312,0.46147875269036936,1.0
P2ry10,0.19667179882526398,0.20808430016040802,-0.08988773822784424,0.22879456848992993,-1.695391058921814,-0.08988773822784424,0.6715113044126021,-0.7336797714233398,-0.08988773822784424,0.46147875269036936,-1.0154398679733276
P2ry10b,0.06305313110351562,0.05811787396669388,0.12118227779865265,0.2294963055544721,-1.6935209035873413,0.12118227779865265,0.7608562669011774,0.5817736387252808,0.12118227779865265,0.5981541180131736,0.7659585475921631
Gpr174,0.28517720103263855,0.2279222309589386,0.3663817048072815,0.13205403886231545,1.9983652830123901,0.3663817048072815,0.011635401620604545,3.0916571617126465,0.3663817048072815,0.0001484252979764249,4.2096967697143555
Itm2a,0.0746878907084465,0.08980727195739746,-0.2770138382911682,0.020357504117791914,-2.817072629928589,-0.2770138382911682,0.3802799131306056,-1.360267162322998,-0.2770138382911682,0.12633696430638186,-1.9159458875656128
2610002M06Rik,0.19336958229541779,0.21218332648277283,-0.14798012375831604,0.00941178100075831,-3.0982277393341064,-0.14798012375831604,0.3598652272143954,-1.4259270429611206,-0.14798012375831604,0.14271062852127903,-1.8508801460266113
Tent5d,0.0,0.0,0.0,0.9979940091511154,0.11319231241941452,0.0,1.0,0.0,0.0,1.0,0.0
Brwd3,0.09184186905622482,0.11265813559293747,-0.3099991977214813,0.002771113718018277,-3.495513916015625,-0.3099991977214813,0.20719972813035586,-1.8121700286865234,-0.3099991977214813,0.03583070212354136,-2.5080466270446777
Hmgn5,0.7896966338157654,0.7565681338310242,0.08877479285001755,0.21518895948982614,1.7311031818389893,0.08877479285001755,0.3638583464249236,1.3992631435394287,0.08877479285001755,0.13418018183007535,1.8836419582366943
Sh3bgrl,0.39492547512054443,0.4146789014339447,-0.08562204986810684,0.6936355720572139,-0.8998388051986694,-0.08562204986810684,0.5196272646011879,-1.0179799795150757,-0.08562204986810684,0.29086625440987457,-1.3787274360656738
Gm6377,0.0003420022549107671,0.007725127507001162,-4.502806186676025,0.9979940091511154,-0.11630932986736298,-4.502806186676025,0.34143679890574674,-1.4701759815216064,-4.502806186676025,0.03062736221045138,-2.574676513671875
Rps6ka6,0.0013862011255696416,0.0019082804210484028,-0.46151307225227356,0.9979940091511154,0.052276860922575,-0.46151307225227356,0.90152201205305,-0.339024156332016,-0.46151307225227356,0.7701505400164789,-0.495217502117157
Apool,0.1674613356590271,0.2011573612689972,-0.2895492911338806,0.0024905625640527945,-3.529623031616211,-0.2895492911338806,0.04651687940953019,-2.5649213790893555,-0.2895492911338806,0.002170561144414546,-3.4868650436401367
Chm,0.16814552247524261,0.1951487809419632,-0.23493225872516632,0.023536887376078796,-2.7622129917144775,-0.23493225872516632,0.2089828165091203,-1.807241678237915,-0.23493225872516632,0.033376540371684145,-2.5374338626861572
Dach2,0.0009271918097510934,0.0,19.823179244995117,0.9979940091511154,0.16822996735572815,19.823179244995117,0.3870340845096673,1.3459928035736084,19.823179244995117,0.30516236586765766,1.3459928035736084
Klhl4,0.0,0.0,0.0,0.9979940091511154,0.11319231241941452,0.0,1.0,0.0,0.0,1.0,0.0
Nap1l3,0.0016232492635026574,0.0015299486694857478,0.08546870201826096,0.9979940091511154,-0.032416995614767075,0.08546870201826096,1.0,0.07731305807828903,0.08546870201826096,1.0,0.09678659588098526
Cldn34c1,0.0022900744806975126,0.0006402606377378106,1.839851975440979,0.9979940091511154,0.19325517117977142,1.839851975440979,0.3594560068252187,1.4263063669204712,1.839851975440979,0.20830284781190944,1.602135419845581
Diaph2,0.08743670582771301,0.09038296341896057,-0.04996839165687561,0.07755922124822137,-2.2582356929779053,-0.04996839165687561,0.9381438820909405,-0.2719058394432068,-0.04996839165687561,0.8512356247931293,-0.3692379891872406
Tspan6,0.020319322124123573,0.03684065118432045,-0.8704209327697754,0.027154476951565476,-2.7043256759643555,-0.8704209327697754,0.018392939598409895,-2.9284396171569824,-0.8704209327697754,0.00016835383726396627,-4.178520202636719
Cstf2,0.25357523560523987,0.27335670590400696,-0.12326604127883911,0.07703256942519984,-2.261708974838257,-0.12326604127883911,0.4102449205232438,-1.2965587377548218,-0.12326604127883911,0.1717514423572179,-1.7171268463134766
Nox1,0.0015913315583020449,0.0012108871014788747,0.3944442570209503,0.9979940091511154,0.05281120538711548,0.3944442570209503,0.9128096256784288,0.3172239363193512,0.3944442570209503,0.8345530477763683,0.39481115341186523
Xkrx,0.0010285665048286319,0.0,19.97294807434082,0.9979940091511154,0.19574879109859467,19.97294807434082,0.2575093871773965,1.6674916744232178,19.97294807434082,0.18686399316961155,1.6674916744232178
Trmt2b,0.12332398444414139,0.09783048927783966,0.35282599925994873,0.9979940091511154,-0.1202278733253479,0.35282599925994873,0.09724322805927692,2.226449489593506,0.35282599925994873,0.012341856468571858,2.9192392826080322
Tmem35a,0.00041593238711357117,0.0005837901262566447,-0.48922091722488403,0.9979940091511154,0.05521576479077339,-0.48922091722488403,0.9579352289932102,-0.23417463898658752,-0.48922091722488403,0.8853396931155989,-0.3155057728290558
Cenpi,0.19351789355278015,0.129231259226799,0.6301314234733582,0.1503439436382727,1.9315720796585083,0.6301314234733582,1.5510168998042926e-06,5.354892253875732,0.6301314234733582,5.439787861957267e-10,6.62955904006958
Drp2,0.001972544938325882,0.001935927546583116,0.027059566229581833,0.9984208920935209,-0.004630999639630318,0.027059566229581833,1.0,0.02515215240418911,0.027059566229581833,1.0,0.032391808927059174
Timm8a1,0.3441767990589142,0.5169404149055481,-0.7203848958015442,3.208953737939465e-14,-8.056870460510254,-0.7203848958015442,3.777226574682131e-15,-8.581289291381836,-0.7203848958015442,2.2984311194875513e-30,-11.997864723205566
Btk,0.0020922536496073008,0.005383850075304508,-1.3659558296203613,0.9979940091511154,-0.033663805574178696,-1.3659558296203613,0.5530816710791207,-0.9397257566452026,-1.3659558296203613,0.2413285079159606,-1.5107288360595703
Rpl36a,2.1116418838500977,2.300692081451416,-0.3065637946128845,6.901395789280733e-16,-8.535287857055664,-0.3065637946128845,9.718773502109576e-22,-10.36379623413086,-0.3065637946128845,2.535629714258988e-37,-13.420480728149414
Gla,0.07016134262084961,0.06940232217311859,0.016246329993009567,0.07491465400840948,-2.274355173110962,0.016246329993009567,1.0,0.09077296406030655,0.016246329993009567,1.0,0.11797285079956055
Hnrnph2,0.4294491112232208,0.44454532861709595,-0.06152351200580597,0.9979940091511154,-0.49640750885009766,-0.06152351200580597,0.633494714394281,-0.79828941822052,-0.06152351200580597,0.4386854153862073,-1.0790636539459229
Armcx4,0.008498022332787514,0.013745744712650776,-0.697578489780426,0.63132660795214,-0.9817718863487244,-0.697578489780426,0.31865654914789965,-1.5196467638015747,-0.697578489780426,0.08010599634373955,-2.1464312076568604
Armcx1,0.0007275231764651835,0.0,19.473159790039062,0.9979940091511154,0.16822996735572815,19.473159790039062,0.38269399579085017,1.3546279668807983,19.473159790039062,0.3010363597463057,1.3546279668807983
Armcx6,0.00498105539008975,0.003531048307195306,0.49740153551101685,0.9979940091511154,0.07605525851249695,0.49740153551101685,0.6995689677413535,0.6852095723152161,0.49740153551101685,0.5353637443497204,0.869820237159729
Armcx3,0.024082070216536522,0.026723818853497505,-0.15208065509796143,0.2913388377176363,-1.5474662780761719,-0.15208065509796143,0.8171516942376095,-0.48630964756011963,-0.15208065509796143,0.676360563765898,-0.6400929093360901
Armcx2,0.011945897713303566,0.02329200506210327,-0.9715280532836914,0.5333603123220559,-1.1250656843185425,-0.9715280532836914,0.18324499163678865,-1.8841880559921265,-0.9715280532836914,0.011789365586567707,-2.9354701042175293
Nxf2,0.0,0.0005665300996042788,-19.11220359802246,0.9979940091511154,0.027607882395386696,-19.11220359802246,0.5196272646011879,-1.0,-19.11220359802246,0.16021537352752957,-1.759765386581421
Zmat1,0.01006961241364479,0.014920090325176716,-0.5707539319992065,0.6486408187302356,-0.9590621590614319,-0.5707539319992065,0.4403266736391283,-1.2366712093353271,-0.5707539319992065,0.17371509385849992,-1.709959864616394
Tmsb15a,0.0,0.0,0.0,0.9979940091511154,0.11319231241941452,0.0,1.0,0.0,0.0,1.0,0.0
Armcx5,0.0783279612660408,0.0920293778181076,-0.2425907850265503,0.014685218650565103,-2.938814401626587,-0.2425907850265503,0.39312689258554495,-1.3335427045822144,-0.2425907850265503,0.144151606161787,-1.8453863859176636
Gprasp1,0.03855295851826668,0.035955313593149185,0.10252199321985245,0.6281815929803273,-0.985868513584137,0.10252199321985245,0.8766726970813357,0.381756067276001,0.10252199321985245,0.7602279509947316,0.510394275188446
Bhlhb9,0.057270485907793045,0.10861832648515701,-0.9609552025794983,4.379752601732733e-08,-5.9690022468566895,-0.9609552025794983,2.279261239589853e-06,-5.309007167816162,-0.9609552025794983,6.218653351327413e-13,-7.615530490875244
Gprasp2,0.0,0.0005551143549382687,-19.082828521728516,0.9979940091511154,0.027607882395386696,-19.082828521728516,0.5196272646011879,-1.0,-19.082828521728516,0.16021537352752957,-1.759765386581421
Arxes2,0.010610338300466537,0.022253477945923805,-1.0769819021224976,0.33839729942652463,-1.4521745443344116,-1.0769819021224976,0.03769348104653803,-2.6548714637756348,-1.0769819021224976,0.000292355609644402,-4.037938594818115
Arxes1,0.0,0.0,0.0,0.9979940091511154,0.11319231241941452,0.0,1.0,0.0,0.0,1.0,0.0
Bex2,0.01499768067151308,0.018262911587953568,-0.28653913736343384,0.9319607753146167,-0.5929460525512695,-0.28653913736343384,0.7538855727092764,-0.5938249826431274,-0.28653913736343384,0.5369339686572168,-0.867387056350708
Bex4,0.0007704999297857285,0.0007123007671907544,0.11335007101297379,0.9979940091511154,0.08282364159822464,0.11335007101297379,1.0,0.06484009325504303,0.11335007101297379,1.0,0.08561329543590546
Tceal8,0.0012129709357395768,0.00335766957141459,-1.4704622030258179,0.9979940091511154,-0.14587648212909698,-1.4704622030258179,0.5168738139071093,-1.095160961151123,-1.4704622030258179,0.17730212445033885,-1.6980918645858765
Bex1,0.0,0.0019741584546864033,-20.91423225402832,0.9979940091511154,-0.143560990691185,-20.91423225402832,0.24995673097353407,-1.693733811378479,-20.91423225402832,0.010474450065385244,-2.980574131011963
Tceal9,0.5837526321411133,0.5142498016357422,0.23758792877197266,0.005401089657150688,3.283289670944214,0.23758792877197266,0.0030818148828386546,3.5267245769500732,0.23758792877197266,2.8988562397239928e-05,4.598347187042236
Bex3,0.7231229543685913,0.7511866688728333,-0.07763886451721191,0.6772475983238962,-0.9213907718658447,-0.07763886451721191,0.41802031396423467,-1.2799657583236694,-0.07763886451721191,0.16928074708657542,-1.7268980741500854
Tceal3,0.0,0.0,0.0,0.9979940091511154,0.11319231241941452,0.0,1.0,0.0,0.0,1.0,0.0
Tceal1,0.000382705096853897,0.0018759019440039992,-2.294353723526001,0.9979940091511154,-0.11577498912811279,-2.294353723526001,0.41422751206324,-1.2885631322860718,-2.294353723526001,0.09838401212620974,-2.0456831455230713
Morf4l2,0.37152099609375,0.45787471532821655,-0.3680931329727173,0.00021305786417427294,-4.2118940353393555,-0.3680931329727173,6.113509334765247e-05,-4.576725959777832,-0.3680931329727173,4.278683889471039e-09,-6.287741661071777
Plp1,0.0024429115001112223,0.005807632114738226,-1.2517768144607544,0.9979940091511154,-0.48785799741744995,-1.2517768144607544,0.33544203805723405,-1.4821215867996216,-1.2517768144607544,0.07606921148432803,-2.1711385250091553
Tmsb15l,0.00401677843183279,0.0017969729378819466,1.1620718240737915,0.9979940091511154,0.21881473064422607,1.1620718240737915,0.46310799711051237,1.193320631980896,1.1620718240737915,0.30419377488130306,1.3479183912277222
Tmsb15b2,0.00029803719371557236,0.0,18.185352325439453,0.9979940091511154,0.14071114361286163,18.185352325439453,0.5196272646011879,1.0,18.185352325439453,0.46147875269036936,1.0
Tmsb15b1,0.06472660601139069,0.055006083101034164,0.2418493777513504,0.4393780557122013,-1.2690719366073608,0.2418493777513504,0.4441718206824118,1.229565143585205,0.2418493777513504,0.21819302896748938,1.5738853216171265
Slc25a53,0.04608819633722305,0.04639003053307533,-0.009636929258704185,0.16271765077613243,-1.8871322870254517,-0.009636929258704185,1.0,-0.04384145140647888,-0.009636929258704185,1.0,-0.05698813498020172
Zcchc18,0.12281247973442078,0.11093470454216003,0.15548095107078552,0.7855802698388331,-0.7803233861923218,0.15548095107078552,0.5196272646011879,1.030099630355835,0.15548095107078552,0.29086625440987457,1.378723382949829
Fam199x,0.02794218622148037,0.03503682091832161,-0.33157140016555786,0.2940997792674247,-1.5419447422027588,-0.33157140016555786,0.5196272646011879,-1.0033960342407227,-0.33157140016555786,0.27254701417480554,-1.4326739311218262
Rnf128,0.0013831611722707748,0.0012077613500878215,0.19576023519039154,0.9979940091511154,0.05281120538711548,0.19576023519039154,0.9968804925595617,0.15858955681324005,0.19576023519039154,0.9532518163320326,0.20560374855995178
Tbc1d8b,0.04353451728820801,0.03337104246020317,0.39094147086143494,0.8093794725809782,-0.7504000067710876,0.39094147086143494,0.3056793258068205,1.549600601196289,0.39094147086143494,0.11673921972142962,1.9568341970443726
Gm15013,0.0036122798919677734,0.0032310911919921637,0.16116319596767426,0.9979940091511154,-0.09101694822311401,0.16116319596767426,0.9841638629252711,0.18437232077121735,0.16116319596767426,0.9419858578775014,0.22512973845005035
Morc4,0.00038625014713034034,0.0,18.559457778930664,0.9979940091511154,0.14071114361286163,18.559457778930664,0.5196272646011879,1.0,18.559457778930664,0.46147875269036936,1.0
Rbm41,0.028481487184762955,0.028972258791327477,-0.025003420189023018,0.48369066415292583,-1.1992506980895996,-0.025003420189023018,1.0,-0.08602028340101242,-0.025003420189023018,1.0,-0.11386632919311523
Nup62cl,0.0,0.0,0.0,0.9979940091511154,0.11319231241941452,0.0,1.0,0.0,0.0,1.0,0.0
Prps1,0.3357413709163666,0.43702253699302673,-0.4581093192100525,1.3356663875802907e-06,-5.337137699127197,-0.4581093192100525,2.7077507314681946e-07,-5.714541912078857,-0.4581093192100525,1.9118085128183469e-13,-7.778053283691406
Tsc22d3,0.48578134179115295,0.39152732491493225,0.38413873314857483,0.006769276463264269,3.20937180519104,0.38413873314857483,0.0037825789286948207,3.466585636138916,0.38413873314857483,1.3010291934932086e-05,4.778156280517578
Mid2,0.0,0.0,0.0,0.9979940091511154,0.11319231241941452,0.0,1.0,0.0,0.0,1.0,0.0
Psmd10,0.32268115878105164,0.3402520716190338,-0.08986824005842209,0.7254676662855415,-0.857892632484436,-0.08986824005842209,0.5196272646011879,-1.0378482341766357,-0.08986824005842209,0.2795113070936684,-1.413565754890442
Atg4a,0.08173853904008865,0.1025911495089531,-0.34309127926826477,0.007043144986589438,-3.195033311843872,-0.34309127926826477,0.17299141655557482,-1.9182220697402954,-0.34309127926826477,0.020469129367988132,-2.7313382625579834
Nxt2,0.02565808780491352,0.022205613553524017,0.21098950505256653,0.7855802698388331,-0.7805015444755554,0.21098950505256653,0.6971881986075805,0.690402626991272,0.21098950505256653,0.5285117791802186,0.881351113319397
Acsl4,0.2365446537733078,0.260392427444458,-0.15648894011974335,0.09251119076583218,-2.1744322776794434,-0.15648894011974335,0.34011724486526806,-1.4708837270736694,-0.15648894011974335,0.10506031094152696,-2.011476755142212
Tmem164,0.11223030090332031,0.08927341550588608,0.34699755907058716,0.6787470075808393,-0.9196096062660217,0.34699755907058716,0.1224855219265376,2.1062982082366943,0.34699755907058716,0.022760070217906322,2.6900672912597656
Ammecr1,0.1236259788274765,0.15486951172351837,-0.34813162684440613,0.000652300126691807,-3.9131054878234863,-0.34813162684440613,0.06495085288643834,-2.4182629585266113,-0.34813162684440613,0.0038004202498888376,-3.3147313594818115
Alg13,0.1173396036028862,0.09360180795192719,0.3435058891773224,0.9979940091511154,-0.3373504877090454,0.3435058891773224,0.10927817447441311,2.166694164276123,0.3435058891773224,0.015943595570464077,2.82509446144104
Trpc5,0.0,0.0,0.0,0.9979940091511154,0.11319231241941452,0.0,1.0,0.0,0.0,1.0,0.0
Lhfpl1,0.0,0.0,0.0,0.9979940091511154,0.11319231241941452,0.0,1.0,0.0,0.0,1.0,0.0
Amot,0.0011009082663804293,0.0006728235748596489,0.7107020020484924,0.9979940091511154,0.08282364159822464,0.7107020020484924,0.8664356263557251,0.39974069595336914,0.7107020020484924,0.7886046528826312,0.46698707342147827
Tmem29,0.19055722653865814,0.24070188403129578,-0.3744937777519226,7.516135451146795e-05,-4.466955184936523,-0.3744937777519226,0.003981848889337582,-3.4490604400634766,-0.3744937777519226,1.9181946053893812e-05,-4.690685272216797
Apex2,0.07181674987077713,0.08567072451114655,-0.264606773853302,0.003494477328136927,-3.423021078109741,-0.264606773853302,0.3212226365006052,-1.5129992961883545,-0.264606773853302,0.10030601229577935,-2.0355610847473145
Pfkfb1,0.01042398251593113,0.015377545729279518,-0.5644997358322144,0.8004880539113368,-0.7610869407653809,-0.5644997358322144,0.5196272646011879,-1.029497504234314,-0.5644997358322144,0.2377786109413783,-1.5205729007720947
Maged2,0.019191281870007515,0.028429388999938965,-0.5736223459243774,0.1972945389243233,-1.7807973623275757,-0.5736223459243774,0.22301651541808956,-1.767649531364441,-0.5736223459243774,0.038128179029387116,-2.4785497188568115
Gnl3l,0.18936000764369965,0.24370291829109192,-0.4046054184436798,9.199110320303062e-05,-4.420022010803223,-0.4046054184436798,0.0017301287544951016,-3.700676918029785,-0.4046054184436798,3.0026005633137413e-06,-5.0862040519714355
Fgd1,0.002786314580589533,0.0034482625778764486,-0.307989239692688,0.9979940091511154,0.07730206847190857,-0.307989239692688,0.9514710888948062,-0.24772599339485168,-0.307989239692688,0.8438651650622613,-0.38097286224365234
Tsr2,0.04489312693476677,0.0706707164645195,-0.6733917593955994,0.00012394694632937526,-4.34672737121582,-0.6733917593955994,0.004237978181318905,-3.430604934692383,-0.6733917593955994,1.50041213244504e-05,-4.745984077453613
Fam120c,0.00635572662577033,0.013665648177266121,-1.1097064018249512,0.6648782319774653,-0.9381335973739624,-1.1097064018249512,0.23842068160312155,-1.7255491018295288,-1.1097064018249512,0.02488129771325828,-2.655130624771118
Phf8,0.18763993680477142,0.18193767964839935,0.04876234382390976,0.5102574951942481,-1.1586405038833618,0.04876234382390976,0.8616190631647669,0.40866324305534363,0.04876234382390976,0.7361907706040097,0.5477060675621033
Huwe1,0.4959603548049927,0.5903686285018921,-0.3256268799304962,0.0002496116042622622,-4.171550750732422,-0.3256268799304962,6.583097047343092e-05,-4.555942535400391,-0.3256268799304962,9.229429884805274e-09,-6.159421443939209
Hsd17b10,0.3786375820636749,0.38372230529785156,-0.023145414888858795,0.9979940091511154,-0.5025525093078613,-0.023145414888858795,0.9267866949531753,-0.2909699082374573,-0.023145414888858795,0.8403465621065789,-0.3861783742904663
Ribc1,0.011137156747281551,0.01606452278792858,-0.5320594906806946,0.5957511331554436,-1.0305755138397217,-0.5320594906806946,0.4185574880312769,-1.2791674137115479,-0.5320594906806946,0.16021537352752957,-1.7605929374694824
Smc1a,1.4301666021347046,1.3557546138763428,0.14284031093120575,0.0017964211395114147,3.6266069412231445,0.14284031093120575,0.015658165421701165,2.9859814643859863,0.14284031093120575,0.00020280283484831185,4.131315231323242
Iqsec2,0.0,0.0,0.0,0.9979940091511154,0.11319231241941452,0.0,1.0,0.0,0.0,1.0,0.0
Kdm5c,0.16339664161205292,0.18234454095363617,-0.17235028743743896,0.03044600679032707,-2.659440517425537,-0.17235028743743896,0.34799902868594146,-1.4526586532592773,-0.17235028743743896,0.11238855257810204,-1.9760327339172363
Kantr,0.018085744231939316,0.01615363173186779,0.1643923819065094,0.9979940091511154,-0.1376831829547882,0.1643923819065094,0.8928999179159243,0.35327523946762085,0.1643923819065094,0.7691624967338295,0.49675658345222473
Tspyl2,0.027230558916926384,0.036446861922740936,-0.4272514879703522,0.16308671239526967,-1.88588547706604,-0.4272514879703522,0.3448823279508558,-1.4610588550567627,-0.4272514879703522,0.09359035511137798,-2.071000099182129
Usp51,0.0002663622726686299,0.0005019195377826691,-0.9142338633537292,0.9979940091511154,0.05521576479077339,-0.9142338633537292,0.857775846097498,-0.4145541787147522,-0.9142338633537292,0.699809902375469,-0.6035982370376587
Mageh1,0.0,0.0007232861826196313,-19.464731216430664,0.9979940091511154,0.027607882395386696,-19.464731216430664,0.5196272646011879,-1.0,-19.464731216430664,0.16021537352752957,-1.759765386581421
Rragb,0.017134524881839752,0.028875667601823807,-0.7614501118659973,0.09703607804831611,-2.1519899368286133,-0.7614501118659973,0.07764489928646398,-2.3358001708984375,-0.7614501118659973,0.004381895287576401,-3.2689473628997803
Klf8,0.010029538534581661,0.021631967276334763,-1.1173009872436523,0.2072014707820723,-1.7535457611083984,-1.1173009872436523,0.022673044097087862,-2.8520352840423584,-1.1173009872436523,0.00015511641940178631,-4.198537826538086
Ubqln2,0.12738150358200073,0.15121328830718994,-0.26501911878585815,0.01574112594025067,-2.9136111736297607,-0.26501911878585815,0.15728162178530905,-1.9725453853607178,-0.26501911878585815,0.020453752349238265,-2.7317280769348145
Kctd12b,0.0003937843139283359,0.0015641043428331614,-1.9907008409500122,0.9979940091511154,-0.0302796121686697,-1.9907008409500122,0.5545671631041331,-0.9366723895072937,-1.9907008409500122,0.24546240848111636,-1.4995460510253906
Nbdy,0.14268484711647034,0.13910658657550812,0.03928288444876671,0.36847188079497495,-1.3945542573928833,0.03928288444876671,0.9361131289204839,0.2752070128917694,0.03928288444876671,0.8477700399139301,0.3750151991844177
Spin2c,0.016557566821575165,0.013968418352305889,0.24719452857971191,0.9979940091511154,-0.17624515295028687,0.24719452857971191,0.7748403591175371,0.5576759576797485,0.24719452857971191,0.6141371593984604,0.7389727234840393
Sat1,0.3774704039096832,0.37430551648139954,0.014572804793715477,0.9979940091511154,0.4652373194694519,0.014572804793715477,1.0,0.1398838609457016,0.014572804793715477,0.9559717951261174,0.19993124902248383
Acot9,0.3308311104774475,0.3092212677001953,0.11387348920106888,0.9979940091511154,0.4602501094341278,0.11387348920106888,0.42069052164611515,1.2745970487594604,0.11387348920106888,0.17942969843753873,1.6899075508117676
Prdx4,0.44192424416542053,0.5321438908576965,-0.3383587598800659,0.0002947333291093128,-4.12862491607666,-0.3383587598800659,0.0002398904748029971,-4.2331013679504395,-0.3383587598800659,1.2063268050123402e-07,-5.7043914794921875
Phex,0.0010332477977499366,0.000706334481947124,0.5489979982376099,0.9979940091511154,0.11043152958154678,0.5489979982376099,0.8933772366246252,0.3526243567466736,0.5489979982376099,0.7983016457122623,0.4526136517524719
Sms,0.972131609916687,0.9871238470077515,-0.03463215380907059,0.9979940091511154,-0.25862351059913635,-0.03463215380907059,0.7285297616663335,-0.6361255645751953,-0.03463215380907059,0.5396510475363175,-0.8630213141441345
Mbtps2,0.07219592481851578,0.0785013809800148,-0.12540625035762787,0.14623907547305906,-1.9464447498321533,-0.12540625035762787,0.7589154591588483,-0.5852187871932983,-0.12540625035762787,0.5648905034769072,-0.8212834596633911
Rps6ka3,0.24192911386489868,0.2846986949443817,-0.26705554127693176,0.001677227454317091,-3.647179365158081,-0.26705554127693176,0.04291679553037895,-2.59761118888855,-0.26705554127693176,0.002044081603858896,-3.505152940750122
Eif1ax,0.9811227321624756,1.2104078531265259,-0.4979941248893738,1.9990064840627304e-21,-9.950592994689941,-0.4979941248893738,1.6649013981313799e-18,-9.57104206085205,-0.4979941248893738,2.0769828877459238e-36,-13.212018966674805
Map7d2,0.0,0.00047738291323184967,-18.865135192871094,0.9979940091511154,0.027607882395386696,-18.865135192871094,0.5196272646011879,-1.0,-18.865135192871094,0.16021537352752957,-1.759765386581421
Bclaf3,0.17492634057998657,0.17453595995903015,0.003513044910505414,0.07792297569940783,-2.256009101867676,0.003513044910505414,1.0,0.02777552790939808,0.003513044910505414,1.0,0.036159396171569824
Sh3kbp1,1.0422308444976807,0.9143856763839722,0.29582223296165466,1.941990850950856e-08,6.113810062408447,0.29582223296165466,2.1332544700571225e-07,5.759699821472168,0.29582223296165466,1.9118085128183469e-13,7.778487682342529
Map3k15,0.0027032115031033754,0.001746905269101262,0.6305626630783081,0.9979940091511154,0.13536767661571503,0.6305626630783081,0.7605909564318228,0.5823981761932373,0.6305626630783081,0.6057898428658187,0.7525107860565186
Pdha1,0.37219205498695374,0.4976586699485779,-0.5161538124084473,2.769236128124464e-08,-6.052805423736572,-0.5161538124084473,1.6119330644967656e-09,-6.6350321769714355,-0.5161538124084473,2.2401204681474943e-18,-9.190958976745605
Phka2,0.058144960552453995,0.05132565647363663,0.1849379688501358,0.38084336051128875,-1.3711321353912354,0.1849379688501358,0.5961733505760654,0.8606026768684387,0.1849379688501358,0.42914832613814363,1.097043514251709
Cdkl5,0.0,0.0034867541398853064,-21.73596954345703,0.9979940091511154,-0.4003142714500427,-21.73596954345703,0.062364172119359663,-2.443009853363037,-21.73596954345703,0.00010792055882647869,-4.299124240875244
Gja6,0.0,0.0004974139155820012,-18.924449920654297,0.9979940091511154,0.027607882395386696,-18.924449920654297,0.5196272646011879,-1.0,-18.924449920654297,0.16021537352752957,-1.759765386581421
Scml2,0.00025647319853305817,0.0,17.968639373779297,0.9979940091511154,0.14071114361286163,17.968639373779297,0.5196272646011879,1.0,17.968639373779297,0.46147875269036936,1.0
Reps2,0.0,0.0,0.0,0.9979940091511154,0.11319231241941452,0.0,1.0,0.0,0.0,1.0,0.0
Rbbp7,1.093988299369812,1.149634838104248,-0.11907093971967697,0.02928568091625794,-2.6747584342956543,-0.11907093971967697,0.08010053926919457,-2.3194522857666016,-0.11907093971967697,0.004555131225484186,-3.2560906410217285
Txlng,0.1660478264093399,0.15939399600028992,0.0639314129948616,0.4670275355609078,-1.2240978479385376,0.0639314129948616,0.8183882673521483,0.4830482006072998,0.0639314129948616,0.6678982097849033,0.6531692147254944
Syap1,0.18538106977939606,0.17020387947559357,0.13450221717357635,0.7601017597241319,-0.8130966424942017,0.13450221717357635,0.46982223045964183,1.1807130575180054,0.13450221717357635,0.22993207858005454,1.5415939092636108
Ctps2,0.2431664615869522,0.24785953760147095,-0.03110215999186039,0.3446230858784054,-1.439439296722412,-0.03110215999186039,0.9203662888810362,-0.30195754766464233,-0.03110215999186039,0.8286346944879206,-0.4052742123603821
S100g,0.0,0.0,0.0,0.9979940091511154,0.11319231241941452,0.0,1.0,0.0,0.0,1.0,0.0
Rnf138rt1,0.00034347016480751336,0.0,18.390077590942383,0.9979940091511154,0.14071114361286163,18.390077590942383,0.5196272646011879,1.0,18.390077590942383,0.46147875269036936,1.0
Ap1s2,0.331426739692688,0.2436864972114563,0.5099838376045227,0.013274628198396336,2.975684404373169,0.5099838376045227,5.994316645733189e-06,5.083064556121826,0.5099838376045227,1.204607339015343e-09,6.498369216918945
Zrsr2,0.40202438831329346,0.4114561975002289,-0.040719542652368546,0.9979940091511154,-0.4492069482803345,-0.040719542652368546,0.8174763962942675,-0.4852692782878876,-0.040719542652368546,0.6643269896767621,-0.6585768461227417
Car5b,0.26821425557136536,0.2243281751871109,0.2907302975654602,0.9979940091511154,0.29584962129592896,0.2907302975654602,0.036851478318378345,2.6582984924316406,0.2907302975654602,0.0027746667738023116,3.413301944732666
Siah1b,0.06810321658849716,0.09062348306179047,-0.4286217987537384,0.0005075595129399244,-3.9821252822875977,-0.4286217987537384,0.06252990524395635,-2.4343504905700684,-0.4286217987537384,0.004232411637310933,-3.2807416915893555
Bmx,0.00040040287422016263,0.0005029860767535865,-0.32913950085639954,0.9979940091511154,0.05521576479077339,-0.32913950085639954,0.9963871348943332,-0.1595638543367386,-0.32913950085639954,0.9514950277174559,-0.2085220068693161
Pir,0.005030130501836538,0.01042905356734991,-1.055840015411377,0.707412104325422,-0.8818491697311401,-1.055840015411377,0.2180418629839973,-1.7813175916671753,-1.055840015411377,0.03467701667362987,-2.522099494934082
Vegfd,0.0005605772603303194,0.0,19.096960067749023,0.9979940091511154,0.16822996735572815,19.096960067749023,0.36343852646342745,1.4003688097000122,19.096960067749023,0.2832694477970542,1.4003688097000122
Piga,0.09621094167232513,0.10480117797851562,-0.12968234717845917,0.028823841097876536,-2.6812596321105957,-0.12968234717845917,0.6385521486389993,-0.7890846729278564,-0.12968234717845917,0.4479322899954105,-1.0628455877304077
Asb11,0.0,0.0,0.0,0.9979940091511154,0.11319231241941452,0.0,1.0,0.0,0.0,1.0,0.0
Mospd2,0.04695632681250572,0.06822027266025543,-0.5543668270111084,0.003976043474802425,-3.3825888633728027,-0.5543668270111084,0.12260930380717715,-2.1081368923187256,-0.5543668270111084,0.007480649212008782,-3.092700719833374
Fancb,0.023645801469683647,0.03279457613825798,-0.47850367426872253,0.05111538962445164,-2.444277048110962,-0.47850367426872253,0.2537345436953563,-1.6791484355926514,-0.47850367426872253,0.06865443198466349,-2.2192325592041016
Gemin8,0.042044103145599365,0.043080102652311325,-0.03587058186531067,0.4981328984713994,-1.1771644353866577,-0.03587058186531067,0.9986957755882205,-0.1547274887561798,-0.03587058186531067,0.9513668667564353,-0.2088969498872757
Gpm6b,0.0039877318777143955,0.0024338767398148775,0.713433563709259,0.9979940091511154,0.07819264382123947,0.713433563709259,0.6628721751215396,0.7485490441322327,0.713433563709259,0.5022065078145765,0.9271411299705505
Ofd1,0.11333609372377396,0.10386928170919418,0.13279078900814056,0.45973598029769824,-1.23567533493042,0.13279078900814056,0.628282455560926,0.8084776401519775,0.13279078900814056,0.4395131278395353,1.077707290649414
Trappc2,0.11023321002721786,0.10400226712226868,0.08851879090070724,0.22663696369564715,-1.7017141580581665,0.08851879090070724,0.7531971965417442,0.5948320031166077,0.08851879090070724,0.588913973693243,0.7814643979072571
Rab9,0.24698632955551147,0.2603548765182495,-0.086098812520504,0.29316345450617626,-1.5438148975372314,-0.086098812520504,0.567134960891964,-0.9118782877922058,-0.086098812520504,0.36709416015705515,-1.21367347240448
Tceanc,0.034611962735652924,0.035922907292842865,-0.05458444356918335,0.34080510729577695,-1.4470092058181763,-0.05458444356918335,0.9770516883047266,-0.1969318836927414,-0.05458444356918335,0.9180080585932652,-0.26284319162368774
Tmsb4x,5.664290428161621,5.449102401733398,0.311655730009079,9.3234330765138e-35,12.730884552001953,0.311655730009079,1.4180991985783313e-33,13.467680931091309,0.311655730009079,3.960813006890005e-71,18.952150344848633
Tlr8,0.0,0.0,0.0,0.9979940091511154,0.11319231241941452,0.0,1.0,0.0,0.0,1.0,0.0
Tlr7,0.006618615705519915,0.01356409303843975,-1.0402096509933472,0.9979940091511154,-0.26895418763160706,-1.0402096509933472,0.4778058127251837,-1.1676839590072632,-1.0402096509933472,0.13965924565205823,-1.8630238771438599
Prps2,0.23911820352077484,0.24313251674175262,-0.02703090012073517,0.6665385968535831,-0.9357290863990784,-0.02703090012073517,0.9393614836723768,-0.26973503828048706,-0.02703090012073517,0.8544771039602814,-0.36418259143829346
Msl3,0.24818910658359528,0.2485419660806656,-0.002314967568963766,0.5476765097393501,-1.1021778583526611,-0.002314967568963766,1.0,-0.02316780388355255,-0.002314967568963766,1.0,-0.030790945515036583
Arhgap6,0.0,0.0,0.0,0.9979940091511154,0.11319231241941452,0.0,1.0,0.0,0.0,1.0,0.0
Hccs,0.2658728063106537,0.3100321888923645,-0.2550627291202545,0.003551074092336062,-3.4181230068206787,-0.2550627291202545,0.028810604622866214,-2.757530689239502,-0.2550627291202545,0.0010823565534312395,-3.6872034072875977
Mid1,0.21254423260688782,0.2752026915550232,-0.4197652041912079,8.202597076789152e-05,-4.4470953941345215,-0.4197652041912079,0.00399078827052973,-3.4499521255493164,-0.4197652041912079,1.0466774373289268e-05,-4.825654029846191
Asmt,0.0,0.0,0.0,0.9979940091511154,0.11319231241941452,0.0,1.0,0.0,0.0,1.0,0.0
Pex2,0.14784812927246094,0.20364633202552795,-0.5033783316612244,4.048560490354281e-07,-5.566817760467529,-0.5033783316612244,0.0003049011980739147,-4.173251628875732,-0.5033783316612244,1.1387629977345751e-07,-5.714258193969727
Gm8797,0.07609041780233383,0.05182914063334465,0.5716384649276733,0.9979940091511154,-0.06652608513832092,0.5716384649276733,0.010929906728895761,3.109668731689453,0.5716384649276733,0.0005877262963136748,3.8566267490386963
Zc2hc1a,0.0007742845918983221,0.0015861315187066793,-1.0351613759994507,0.9979940091511154,0.02457991987466812,-1.0351613759994507,0.7262265030120268,-0.6405754685401917,-1.0351613759994507,0.46147875269036936,-1.003469705581665
Il7,0.0,0.0,0.0,0.9979940091511154,0.11319231241941452,0.0,1.0,0.0,0.0,1.0,0.0
Stmn2,0.01942450739443302,0.010376833379268646,0.9110546112060547,0.9979940091511154,0.20964178442955017,0.9110546112060547,0.2549608328305342,1.6746211051940918,0.9110546112060547,0.10261938899014722,2.024054527282715
Hey1,0.00031225424027070403,0.00230704084970057,-2.886685609817505,0.9979940091511154,-0.20127035677433014,-2.886685609817505,0.2578488149260509,-1.6695598363876343,-2.886685609817505,0.019638946184285026,-2.747852087020874
Mrps28,0.3123919665813446,0.5042533874511719,-0.8385812640190125,2.435185973512807e-18,-9.191999435424805,-0.8385812640190125,3.8171754138241315e-20,-10.0477933883667,-0.8385812640190125,1.3364500211271414e-40,-14.001392364501953
Tpd52,0.04951414838433266,0.08070596307516098,-0.7275786399841309,0.00822878089968811,-3.142934560775757,-0.7275786399841309,0.033178369907528156,-2.7067649364471436,-0.7275786399841309,0.00017067288237521176,-4.175694465637207
Zbtb10,0.0019939302001148462,0.007395130582153797,-1.8948594331741333,0.9979940091511154,-0.14908255636692047,-1.8948594331741333,0.4437311226340475,-1.2318229675292969,-1.8948594331741333,0.08978322964898285,-2.092194080352783
Zfp704,0.0,0.0,0.0,0.9979940091511154,0.11319231241941452,0.0,1.0,0.0,0.0,1.0,0.0
Pag1,0.36319854855537415,0.4065161645412445,-0.19580069184303284,0.060662743904086575,-2.3686671257019043,-0.19580069184303284,0.11151365066194847,-2.1559979915618896,-0.19580069184303284,0.011323088182376375,-2.9494516849517822
Fabp5,0.5070077776908875,0.9791063070297241,-1.3317583799362183,5.698293317591222e-39,-13.509515762329102,-1.3317583799362183,7.876886208982729e-39,-14.866562843322754,-1.3317583799362183,8.084614382749352e-92,-21.884878158569336
Gm9833,0.006860758643597364,0.008968408219516277,-0.388006329536438,0.9979940091511154,-0.376357764005661,-0.388006329536438,0.7061453267890488,-0.6743993759155273,-0.388006329536438,0.4941854739454392,-0.9406261444091797
Fabp4,0.0003285434504505247,0.0,18.325965881347656,0.9979940091511154,0.14071114361286163,18.325965881347656,0.5196272646011879,1.0,18.325965881347656,0.46147875269036936,1.0
Impa1,0.5500152707099915,0.5770333409309387,-0.09049368649721146,0.6593855083860364,-0.9456144571304321,-0.09049368649721146,0.36607762480554895,-1.3929318189620972,-0.09049368649721146,0.14117513725025949,-1.8569506406784058
Gm38303,0.0,0.0,0.0,0.9979940091511154,0.11319231241941452,0.0,1.0,0.0,0.0,1.0,0.0
Slc10a5,0.0,0.0,0.0,0.9979940091511154,0.11319231241941452,0.0,1.0,0.0,0.0,1.0,0.0
Zfand1,0.09008608758449554,0.09745196253061295,-0.11878325790166855,0.05862757352875424,-2.386033535003662,-0.11878325790166855,0.6650351759407824,-0.7439549565315247,-0.11878325790166855,0.46147875269036936,-1.0091769695281982
Chmp4c,0.0013175567146390676,0.0018722747918218374,-0.5073269605636597,0.9979940091511154,-0.032416995614767075,-0.5073269605636597,0.8468280146699279,-0.4340287744998932,-0.5073269605636597,0.6993770871787343,-0.6043970584869385
Snx16,0.03790658712387085,0.05401981249451637,-0.5227524042129517,0.02152947882439992,-2.795698881149292,-0.5227524042129517,0.17303088060453342,-1.9178543090820312,-0.5227524042129517,0.018456683749896955,-2.7698090076446533
Ralyl,0.0004901424399577081,0.0,18.9031982421875,0.9979940091511154,0.14071114361286163,18.9031982421875,0.5196272646011879,1.0,18.9031982421875,0.46147875269036936,1.0
Lrrcc1,0.16329361498355865,0.1753588765859604,-0.11179091036319733,0.011699007411246713,-3.0218162536621094,-0.11179091036319733,0.5778201806240516,-0.894079864025116,-0.11179091036319733,0.3850775907381159,-1.1789908409118652
E2f5,0.06138237938284874,0.0505596324801445,0.28771838545799255,0.9638442575448214,-0.5543840527534485,0.28771838545799255,0.39515070904104616,1.328856110572815,0.28771838545799255,0.16275018899489435,1.7500628232955933
Rbis,0.37671488523483276,0.46931761503219604,-0.38858556747436523,5.7396851940738046e-05,-4.532768726348877,-0.38858556747436523,7.655870641897035e-06,-5.04019832611084,-0.38858556747436523,1.7073829396669198e-10,-6.8032941818237305
Car13,0.006661856546998024,0.010691583156585693,-0.6853903532028198,0.8638868886938834,-0.6806678771972656,-0.6853903532028198,0.4259061710085091,-1.2654167413711548,-0.6853903532028198,0.14788669881259886,-1.8314247131347656
Car3,0.0,0.0,0.0,0.9979940091511154,0.11319231241941452,0.0,1.0,0.0,0.0,1.0,0.0
Car2,0.011320719495415688,0.023038087412714958,-1.033531665802002,0.9661219277204744,-0.5518013834953308,-1.033531665802002,0.372027510582909,-1.3783490657806396,-1.033531665802002,0.06304537165227275,-2.258875608444214
Gm9733,0.0,0.005375196225941181,-22.361764907836914,0.9979940091511154,-0.05797655135393143,-22.361764907836914,0.4543170085986017,-1.2122042179107666,-22.361764907836914,0.0824958514235237,-2.133195161819458
Sirpb1a,0.0,0.0014348039403557777,-20.453458786010742,0.9979940091511154,0.027607882395386696,-20.453458786010742,0.5196272646011879,-1.0,-20.453458786010742,0.16021537352752957,-1.759765386581421
Sirpb1b,0.0,0.0014348039403557777,-20.453458786010742,0.9979940091511154,0.027607882395386696,-20.453458786010742,0.5196272646011879,-1.0,-20.453458786010742,0.16021537352752957,-1.759765386581421
Sirpb1c,0.0,0.008663557469844818,-23.05278205871582,0.9979940091511154,-0.143560990691185,-23.05278205871582,0.23855721008811115,-1.7261112928390503,-23.05278205871582,0.00889681638527054,-3.037550926208496
Gm5150,0.0,0.003121717367321253,-21.576162338256836,0.9979940091511154,-0.143560990691185,-21.576162338256836,0.26423849161030827,-1.6539386510849,-21.576162338256836,0.012749678754021882,-2.910543918609619
Ythdf3,0.16974954307079315,0.18710945546627045,-0.1533694565296173,0.03922695406544089,-2.5543525218963623,-0.1533694565296173,0.4710104476760232,-1.1787561178207397,-0.1533694565296173,0.20190775085308488,-1.6208497285842896
Armc1,0.372573584318161,0.42873072624206543,-0.24575263261795044,0.011097250554734915,-3.040874481201172,-0.24575263261795044,0.006489986923462683,-3.28859281539917,-0.24575263261795044,8.671292191625119e-05,-4.341202259063721
Mtfr1,0.10927780717611313,0.1628716140985489,-0.6152710318565369,1.8393518586136913e-07,-5.714920520782471,-0.6152710318565369,0.00011148099820873274,-4.4327497482299805,-0.6152710318565369,6.724579426938144e-09,-6.212314605712891
Pde7a,0.38467469811439514,0.34002843499183655,0.21212981641292572,0.05111538962445164,2.444277048110962,0.21212981641292572,0.12337674658636508,2.103785991668701,0.21212981641292572,0.011366851538874137,2.947946786880493
1700064H15Rik,0.0002818991197273135,0.001736454083584249,-2.62393856048584,0.9979940091511154,-0.11577498912811279,-2.62393856048584,0.3666606736815199,-1.3927881717681885,-2.62393856048584,0.059612976731458156,-2.28279972076416
Cp,0.0,0.0,0.0,0.9979940091511154,0.11319231241941452,0.0,1.0,0.0,0.0,1.0,0.0
Hps3,0.15150070190429688,0.12696994841098785,0.27294328808784485,0.9979940091511154,-0.1837259978055954,0.27294328808784485,0.1685480289558402,1.9320563077926636,0.27294328808784485,0.031791196580459244,2.557687759399414
Hltf,0.4074988067150116,0.38464900851249695,0.10082098096609116,0.8561134403596101,0.6923344135284424,0.10082098096609116,0.4302170221533307,1.2560127973556519,0.10082098096609116,0.19282822836397237,1.6492226123809814
Gyg,0.25664222240448,0.2902697026729584,-0.20299668610095978,0.02536927136468485,-2.732022523880005,-0.20299668610095978,0.12684194864229778,-2.0882201194763184,-0.20299668610095978,0.016153744787653787,-2.8195996284484863
Cpa3,0.0005334746674634516,0.0007698027766309679,-0.529238760471344,0.9979940091511154,0.05521576479077339,-0.529238760471344,0.9494368506275866,-0.25232958793640137,-0.529238760471344,0.8688836231529913,-0.3425568640232086
Tbl1xr1,0.39165595173835754,0.4040986895561218,-0.05469004809856415,0.8015228435994968,-0.7596620321273804,-0.05469004809856415,0.7152795458844496,-0.6584193110466003,-0.05469004809856415,0.5273345771586174,-0.8832218647003174
Ect2,0.510697066783905,0.3847074508666992,0.5063464045524597,1.0319818059814878e-06,5.387811660766602,0.5063464045524597,1.3427728318325413e-08,6.256503582000732,0.5063464045524597,2.339935060358879e-15,8.35338020324707
Nceh1,0.07601162791252136,0.07620783150196075,-0.003862647106871009,0.45292405981911316,-1.246985673904419,-0.003862647106871009,1.0,-0.019865356385707855,-0.003862647106871009,1.0,-0.027485158294439316
Tnfsf10,0.08026944845914841,0.0930236354470253,-0.22207947075366974,0.02962886052516848,-2.6702165603637695,-0.22207947075366974,0.4742222037802599,-1.172784686088562,-0.22207947075366974,0.2058504615570859,-1.6087836027145386
Fndc3b,0.004748494829982519,0.0035118148662149906,0.43614619970321655,0.9979940091511154,-0.09172940999269485,0.43614619970321655,0.7539666316261174,0.5933496356010437,0.43614619970321655,0.626661584872692,0.7181437015533447
Pld1,0.0004036705940961838,0.0,18.62311363220215,0.9979940091511154,0.14071114361286163,18.62311363220215,0.5196272646011879,1.0,18.62311363220215,0.46147875269036936,1.0
Tnik,0.3033442199230194,0.2451592981815338,0.35112398862838745,0.16561772108199735,1.8775140047073364,0.35112398862838745,0.007585742469841543,3.237744092941284,0.35112398862838745,9.95671418478471e-05,4.30882453918457
Slc2a2,0.0,0.0,0.0,0.9979940091511154,0.11319231241941452,0.0,1.0,0.0,0.0,1.0,0.0
Eif5a2,0.021121256053447723,0.03022768534719944,-0.5237717628479004,0.09268086338987086,-2.173452854156494,-0.5237717628479004,0.20780988171486506,-1.810336709022522,-0.5237717628479004,0.03809206448781877,-2.4791018962860107
Rpl22l1,2.317566156387329,2.5566017627716064,-0.37799185514450073,6.797356559077108e-29,-11.58818531036377,-0.37799185514450073,7.087210276372428e-22,-10.494680404663086,-0.37799185514450073,6.848456229032349e-43,-14.422669410705566
Actrt3,0.0012903487076982856,0.0006167445098981261,1.0655008554458618,0.9979940091511154,0.11043152958154678,1.0655008554458618,0.6970091595213881,0.6909509301185608,1.0655008554458618,0.5722599460551808,0.8092404007911682
Mynn,0.15507246553897858,0.14063166081905365,0.151694655418396,0.5561093652382899,-1.0887302160263062,0.151694655418396,0.48391383105781405,1.1564918756484985,0.151694655418396,0.23893736774247015,1.5173660516738892
Lrrc34,0.00026646500919014215,0.0,18.023784637451172,0.9979940091511154,0.14071114361286163,18.023784637451172,0.5196272646011879,1.0,18.023784637451172,0.46147875269036936,1.0
Lrrc31,0.00046814934466965497,0.0006865788600407541,-0.5526132583618164,0.9979940091511154,0.05521576479077339,-0.5526132583618164,0.9425857617868567,-0.2628526985645294,-0.5526132583618164,0.8579887602647949,-0.35842636227607727
Sec62,0.7306703925132751,0.7549970149993896,-0.06695103645324707,0.9714892571601285,-0.5444986820220947,-0.06695103645324707,0.4711428162278778,-1.1782901287078857,-0.06695103645324707,0.22149030237007328,-1.5653345584869385
Gpr160,0.0705801248550415,0.09951211512088776,-0.5167758464813232,0.00040515432320487,-4.043040752410889,-0.5167758464813232,0.015530540648622713,-2.9904870986938477,-0.5167758464813232,0.00015247071906731067,-4.202735424041748
Phc3,0.1875036209821701,0.1896207481622696,-0.017773451283574104,0.2192148583109904,-1.7204163074493408,-0.017773451283574104,1.0,-0.14282995462417603,-0.017773451283574104,0.9592676170106702,-0.1953149139881134
Prkci,0.019369380548596382,0.023098716512322426,-0.25673460960388184,0.31772111052954394,-1.4929629564285278,-0.25673460960388184,0.6255390288044315,-0.8123048543930054,-0.25673460960388184,0.448074888148194,-1.0624518394470215
Skil,0.18194787204265594,0.19864079356193542,-0.13905984163284302,0.01868531738787202,-2.851003646850586,-0.13905984163284302,0.5101949538072593,-1.1061789989471436,-0.13905984163284302,0.24452932738167169,-1.5019057989120483
Slc7a14,0.0048781889490783215,0.004110745154321194,0.2474997639656067,0.9979940091511154,-0.12004975229501724,0.2474997639656067,0.8864324700036951,0.3645545542240143,0.2474997639656067,0.7941490506869726,0.45907658338546753
Zmat3,0.045076437294483185,0.04408730939030647,0.032728806138038635,0.35800251739436817,-1.4134345054626465,0.032728806138038635,1.0,0.1386943906545639,0.032728806138038635,0.9662436253200646,0.18328848481178284
Pik3ca,0.20934079587459564,0.2168668657541275,-0.05657792091369629,0.19574148704251892,-1.7852503061294556,-0.05657792091369629,0.8188130675046951,-0.4820767045021057,-0.05657792091369629,0.6653665384486205,-0.6570480465888977
Kcnmb3,0.0,0.0,0.0,0.9979940091511154,0.11319231241941452,0.0,1.0,0.0,0.0,1.0,0.0
Zfp639,0.22251252830028534,0.20018741488456726,0.1692064255475998,0.9979940091511154,0.30208367109298706,0.1692064255475998,0.31463882891284417,1.5288304090499878,0.1692064255475998,0.0979170869435956,2.047863721847534
Mfn1,0.05862461030483246,0.07370816171169281,-0.34131836891174316,0.0164766740828364,-2.8970463275909424,-0.34131836891174316,0.24753448381121462,-1.6977108716964722,-0.34131836891174316,0.04913100223034273,-2.3682382106781006
Gnb4,0.051275890320539474,0.06410124897956848,-0.33141234517097473,0.08749102787536205,-2.2013278007507324,-0.33141234517097473,0.3504137107043717,-1.4473570585250854,-0.33141234517097473,0.10359442221569157,-2.019134521484375
Actl6a,0.7132604122161865,0.7978800535202026,-0.23039773106575012,0.002843455002373791,-3.487231731414795,-0.23039773106575012,0.0007463890306014805,-3.933018922805786,-0.23039773106575012,7.172791839021324e-07,-5.368679046630859
Mrpl47,0.0680612102150917,0.09531838446855545,-0.505851149559021,0.001064208773576547,-3.778806447982788,-0.505851149559021,0.03166196308602526,-2.7229459285736084,-0.505851149559021,0.000518992256716851,-3.8874659538269043
Ndufb5,1.2642569541931152,1.3678178787231445,-0.20422035455703735,9.805090531854948e-05,-4.403724193572998,-0.20422035455703735,2.4695433007221627e-06,-5.274821758270264,-0.20422035455703735,4.3745000558200225e-11,-7.01042366027832
Ttc14,0.6237476468086243,0.6276049613952637,-0.011965188197791576,0.9979940091511154,-0.3385082483291626,-0.011965188197791576,0.9842229366068657,-0.18418772518634796,-0.011965188197791576,0.9311913631577635,-0.24271313846111298
Ccdc39,0.0011480820830911398,0.0005001650424674153,1.1992155313491821,0.9979940091511154,0.11043152958154678,1.1992155313491821,0.6466905145678571,0.7752770781517029,1.1992155313491821,0.5234770591652604,0.8907806277275085
Fxr1,0.38918355107307434,0.448870986700058,-0.25190359354019165,0.010594942460398696,-3.057528257369995,-0.25190359354019165,0.008171251857972087,-3.2122609615325928,-0.25190359354019165,9.88192435546111e-05,-4.310531139373779
Dnajc19,0.5585370659828186,0.609894871711731,-0.16754116117954254,0.16906671514996063,-1.865313172340393,-0.16754116117954254,0.050080990948149884,-2.533522605895996,-0.16754116117954254,0.002806453151495224,-3.4092493057250977
Atp11b,0.7244958281517029,0.6890966892242432,0.10078945010900497,0.057034748361625746,2.3984124660491943,0.10078945010900497,0.27136033095697193,1.6325204372406006,0.10078945010900497,0.07397271895185949,2.185035467147827
Dcun1d1,0.19742172956466675,0.24864132702350616,-0.37110477685928345,0.00030308627878161595,-4.1211442947387695,-0.37110477685928345,0.0037370695528548305,-3.47105073928833,-0.37110477685928345,1.2652049159957203e-05,-4.784742832183838
Mccc1,0.014677337370812893,0.026467064395546913,-0.85914146900177,0.2117163134420113,-1.7416120767593384,-0.85914146900177,0.09181341344870622,-2.2564139366149902,-0.85914146900177,0.003722250204114214,-3.3214471340179443
Acad9,0.1357322335243225,0.17598079144954681,-0.4044418931007385,2.21416761796554e-05,-4.750960350036621,-0.4044418931007385,0.005861403451539582,-3.3238089084625244,-0.4044418931007385,4.75340427305337e-05,-4.484030723571777
Zfp267,0.009578606113791466,0.015115199610590935,-0.6621145606040955,0.8404557085332953,-0.7112146615982056,-0.6621145606040955,0.440807926158994,-1.2360939979553223,-0.6621145606040955,0.1464574871656687,-1.8365731239318848
Anxa5,0.5763809084892273,0.5728031396865845,0.011809881776571274,0.9979940091511154,0.3973753750324249,0.011809881776571274,0.9941725565739331,0.16419458389282227,0.011809881776571274,0.9447616735025341,0.2206719070672989
1810062G17Rik,0.0021569521632045507,0.004944301676005125,-1.1987839937210083,0.9979940091511154,-0.3455438017845154,-1.1987839937210083,0.4082718171013792,-1.3014321327209473,-1.1987839937210083,0.1392355269472388,-1.8643361330032349
Exosc9,0.28942209482192993,0.304403156042099,-0.08414878696203232,0.31068832463008106,-1.5081027746200562,-0.08414878696203232,0.5532719832746537,-0.938644289970398,-0.08414878696203232,0.34886992523161003,-1.251450777053833
Ccna2,1.4290200471878052,1.1385053396224976,0.5810860991477966,2.6742346397039225e-21,9.91942310333252,0.5810860991477966,9.897600212346335e-20,10.019641876220703,0.5810860991477966,4.297499459133163e-45,14.810941696166992
Bbs7,0.0026167200412601233,0.002931326162070036,-0.16402077674865723,0.9979940091511154,-0.11898106336593628,-0.16402077674865723,0.9810421425489066,-0.18887904286384583,-0.16402077674865723,0.9278709960618892,-0.24792303144931793
4932438A13Rik,0.5313809514045715,0.43768930435180664,0.3528599739074707,0.00036379955778537024,4.07180643081665,0.3528599739074707,0.00015530866648760976,4.345068454742432,0.3528599739074707,4.510904416939419e-08,5.882487773895264
Adad1,0.0003220108919776976,0.0,18.296987533569336,0.9979940091511154,0.14071114361286163,18.296987533569336,0.5196272646011879,1.0,18.296987533569336,0.46147875269036936,1.0
Il2,0.018009109422564507,0.02083646133542061,-0.2124294936656952,0.8220053117947763,-0.7350820899009705,-0.2124294936656952,0.8000664637225241,-0.5133476257324219,-0.2124294936656952,0.6172366756382264,-0.7335365414619446
Il21,0.010461037047207355,0.023489929735660553,-1.1764413118362427,0.28673237692993325,-1.557084560394287,-1.1764413118362427,0.04973069734564869,-2.540231943130493,-1.1764413118362427,0.0006359130372206907,-3.8336398601531982
Cetn4,0.0322713777422905,0.04889316111803055,-0.6114485859870911,0.03284566250966025,-2.628181219100952,-0.6114485859870911,0.07548823411660771,-2.3504273891448975,-0.6114485859870911,0.0030107975726329033,-3.387471914291382
Bbs12,0.005567711777985096,0.010811728425323963,-0.961228609085083,0.77195796425272,-0.7975115180015564,-0.961228609085083,0.24743336389086362,-1.6985058784484863,-0.961228609085083,0.03908793086324638,-2.4672961235046387
Fgf2,0.0007711758953519166,0.0006086328066885471,0.34160465002059937,0.9979940091511154,0.08282364159822464,0.34160465002059937,0.9770516883047266,0.19756796956062317,0.34160465002059937,0.9271886485884697,0.24902130663394928
Nudt6,0.05441480129957199,0.059403639286756516,-0.1301851123571396,0.018846746779295518,-2.847886562347412,-0.1301851123571396,0.7252246915334664,-0.6418792605400085,-0.1301851123571396,0.5597720170779592,-0.8296728134155273
Spata5,0.10568427294492722,0.16033875942230225,-0.6416611075401306,1.5427445599214423e-06,-5.3086395263671875,-0.6416611075401306,0.00018633650170610754,-4.305907249450684,-0.6416611075401306,9.709597169588617e-09,-6.1492767333984375
Spry1,0.009190614335238934,0.007225940469652414,0.3483949601650238,0.9979940091511154,-0.0924418717622757,0.3483949601650238,0.7332018264426845,0.6293376088142395,0.3483949601650238,0.578854650923655,0.7973291873931885
Gm5148,0.0022944833617657423,0.0016235068906098604,0.49953970313072205,0.9979940091511154,-0.032416995614767075,0.49953970313072205,0.8455713500332235,0.435759961605072,0.49953970313072205,0.7650904124086976,0.5034509301185608
Ankrd50,0.06932483613491058,0.08144578337669373,-0.24132104218006134,0.006208656481783721,-3.237870216369629,-0.24132104218006134,0.3759875419384273,-1.3688682317733765,-0.24132104218006134,0.15143404855761655,-1.8184107542037964
Intu,0.0036552376113831997,0.006880391854792833,-0.9148538708686829,0.9942480046082587,-0.5163564682006836,-0.9148538708686829,0.3876209823633325,-1.3458456993103027,-0.9148538708686829,0.11478386192914485,-1.9650108814239502
Hspa4l,0.2593129575252533,0.26771441102027893,-0.052326738834381104,0.2474946594724246,-1.647834300994873,-0.052326738834381104,0.8035552134373205,-0.5079581141471863,-0.052326738834381104,0.6522218704702993,-0.6785082221031189
Plk4,0.7016687989234924,0.5168864130973816,0.587685763835907,1.906099876512526e-13,7.825498580932617,0.587685763835907,3.7355792689161107e-16,8.838922500610352,0.587685763835907,7.802425456817927e-29,11.688370704650879
Mfsd8,0.0683862641453743,0.06262391060590744,0.13119514286518097,0.36096605294783546,-1.4080018997192383,0.13119514286518097,0.7136818867912474,0.66087406873703,0.13119514286518097,0.5300383569176057,0.8782344460487366
Abhd18,0.052424173802137375,0.06764049828052521,-0.37874114513397217,0.046450646460768005,-2.4847092628479004,-0.37874114513397217,0.31231618932116034,-1.5349774360656738,-0.37874114513397217,0.06815389521449265,-2.222534418106079
1700034I23Rik,0.0,0.0,0.0,0.9979940091511154,0.11319231241941452,0.0,1.0,0.0,0.0,1.0,0.0
Larp1b,0.22584819793701172,0.21449151635169983,0.08292531967163086,0.6250336904594094,-0.9911229610443115,0.08292531967163086,0.6586945514062688,0.7555928826332092,0.08292531967163086,0.4646780505536619,0.9940363168716431
Pgrmc2,0.1591346263885498,0.21435585618019104,-0.4708327054977417,2.5057605199412473e-05,-4.722996234893799,-0.4708327054977417,0.0010814531923914444,-3.8338370323181152,-0.4708327054977417,6.849880260984213e-07,-5.377194404602051
Jade1,0.1454441100358963,0.11931034177541733,0.305012971162796,0.5734799232367054,-1.0628143548965454,0.305012971162796,0.13985370115435605,2.0373642444610596,0.305012971162796,0.027763968508348544,2.6118178367614746
Sclt1,0.11622466892004013,0.09943658858537674,0.23739515244960785,0.3685359270309795,-1.3943761587142944,0.23739515244960785,0.30274546401316194,1.556740641593933,0.23739515244960785,0.10928049487913331,1.9913160800933838
D3Ertd751e,0.057983044534921646,0.06698634475469589,-0.21479810774326324,0.0368605759434292,-2.5812478065490723,-0.21479810774326324,0.5377250867695922,-0.9668559432029724,-0.21479810774326324,0.30715049363551267,-1.3411258459091187
Pcdh10,0.0,0.0,0.0,0.9979940091511154,0.11319231241941452,0.0,1.0,0.0,0.0,1.0,0.0
Slc7a11,0.0009301573154516518,0.00583607517182827,-2.652991533279419,0.9984208920935209,-0.0029389034025371075,-2.652991533279419,0.5541252494561005,-0.9378848075866699,-2.652991533279419,0.2019913604547688,-1.6211144924163818
Noct,0.08090486377477646,0.09336411207914352,-0.21575967967510223,0.023767437013242413,-2.7583835124969482,-0.21575967967510223,0.40598654269637957,-1.3051228523254395,-0.21575967967510223,0.16021537352752957,-1.7656872272491455
Elf2,0.3510465621948242,0.36150017380714417,-0.05032133311033249,0.9305556406685364,-0.5954396724700928,-0.05032133311033249,0.7913878974320455,-0.528935432434082,-0.05032133311033249,0.6166725698695631,-0.7343728542327881
Mgarp,0.005815000273287296,0.002800336107611656,1.0563551187515259,0.9979940091511154,0.13198348879814148,1.0563551187515259,0.4122163730297358,1.2917073965072632,1.0563551187515259,0.24337859157889816,1.5051790475845337
Ndufc1,0.8923467993736267,1.0135561227798462,-0.2848638594150543,1.425887940720932e-05,-4.848300457000732,-0.2848638594150543,1.1633186505519153e-06,-5.428009033203125,-0.2848638594150543,7.191368777728784e-12,-7.275373458862305
Naa15,0.505288302898407,0.6373582482337952,-0.4392876625061035,2.890375112383128e-07,-5.632275104522705,-0.4392876625061035,9.302992903939319e-09,-6.330641746520996,-0.4392876625061035,1.7565574660189776e-16,-8.672595024108887
Rab33b,0.07431209087371826,0.0751868411898613,-0.01752197928726673,0.31118943980921515,-1.5068559646606445,-0.01752197928726673,1.0,-0.08338189125061035,-0.01752197928726673,1.0,-0.1160866767168045
Setd7,0.0716211274266243,0.0851186215877533,-0.25895318388938904,0.04988783442564021,-2.4545187950134277,-0.25895318388938904,0.4560513866636162,-1.2084572315216064,-0.25895318388938904,0.1696765168030846,-1.7253378629684448
Mgst2,0.1833491176366806,0.20951156318187714,-0.21192625164985657,0.028164925849795082,-2.6901655197143555,-0.21192625164985657,0.3825339296872418,-1.3559690713882446,-0.21192625164985657,0.12454784441534972,-1.9229024648666382
Maml3,0.0016630523605272174,0.00834785494953394,-2.332397222518921,0.9979940091511154,-0.4599829316139221,-2.332397222518921,0.24137251224377596,-1.716844081878662,-2.332397222518921,0.013953005766907736,-2.876049518585205
Foxo1,0.32415586709976196,0.31945672631263733,0.024638548493385315,0.9984208920935209,-0.0030279611237347126,0.024638548493385315,0.9524227210842212,0.2455212026834488,0.024638548493385315,0.8708788033612621,0.3396959900856018
Cog6,0.12586089968681335,0.12066302448511124,0.06467297673225403,0.3319675808365333,-1.4653551578521729,0.06467297673225403,0.8402221462535285,0.4460424780845642,0.06467297673225403,0.7027761480072519,0.5996341705322266
Lhfp,0.0,0.0,0.0,0.9979940091511154,0.11319231241941452,0.0,1.0,0.0,0.0,1.0,0.0
Nhlrc3,0.06181156262755394,0.054318126291036606,0.19190064072608948,0.559213893347347,-1.0845444202423096,0.19190064072608948,0.5851088486742009,0.8802064657211304,0.19190064072608948,0.39225459705267446,1.1658167839050293
Proser1,0.190355122089386,0.18925486505031586,0.009181501343846321,0.18181387468180682,-1.8255044221878052,0.009181501343846321,1.0,0.07526277750730515,0.009181501343846321,1.0,0.10064255446195602
Ufm1,0.4912465810775757,0.6279388666152954,-0.4619273543357849,1.9349173217770896e-08,-6.114611625671387,-0.4619273543357849,3.39550359351532e-10,-6.879029273986816,-0.4619273543357849,1.0319350086537395e-18,-9.284825325012207
Supt20,0.3749748170375824,0.40757253766059875,-0.14530691504478455,0.3621808222718898,-1.405775547027588,-0.14530691504478455,0.2515563263960175,-1.6865260601043701,-0.14530691504478455,0.05515710007965566,-2.318058729171753
Gm21958,0.0,0.0,0.0,0.9979940091511154,0.11319231241941452,0.0,1.0,0.0,0.0,1.0,0.0
Exosc8,1.1028653383255005,1.0931365489959717,0.02105974219739437,0.8532091554666197,0.6955404877662659,0.02105974219739437,0.8337711207742964,0.4569631814956665,0.02105974219739437,0.6838598105815341,0.6288968920707703
Alg5,0.4320388436317444,0.45115336775779724,-0.0772564560174942,0.5790759097301709,-1.0552444458007812,-0.0772564560174942,0.5196272646011879,-1.0308732986450195,-0.0772564560174942,0.2922894433845703,-1.3748283386230469
Rfxap,0.36712875962257385,0.39570316672325134,-0.13005179166793823,0.24552488425980085,-1.6522871255874634,-0.13005179166793823,0.2505780221374935,-1.6890767812728882,-0.13005179166793823,0.0644158066435486,-2.248718023300171
Spg20,0.04209800437092781,0.0496683195233345,-0.24407678842544556,0.10034575145263132,-2.1357812881469727,-0.24407678842544556,0.5196272646011879,-1.0155439376831055,-0.24407678842544556,0.28719166269029156,-1.3884844779968262
Ccdc169,0.0,0.0,0.0,0.9979940091511154,0.11319231241941452,0.0,1.0,0.0,0.0,1.0,0.0
Dclk1,0.005372344050556421,0.017703192308545113,-1.7292977571487427,0.3525169319702516,-1.4242104291915894,-1.7292977571487427,0.015587038105198955,-2.993849754333496,-1.7292977571487427,2.026432818066544e-05,-4.6800360679626465
Nbea,0.0,0.0,0.0,0.9979940091511154,0.11319231241941452,0.0,1.0,0.0,0.0,1.0,0.0
Commd2,0.4438152015209198,0.4897984564304352,-0.17797043919563293,0.10518671955933206,-2.1116466522216797,-0.17797043919563293,0.036437479821494194,-2.664360761642456,-0.17797043919563293,0.0017168325039974045,-3.5567522048950195
Rnf13,0.09802848845720291,0.09564653038978577,0.03723455220460892,0.5959170248812,-1.0303083658218384,0.03723455220460892,0.9770516883047266,0.19696630537509918,0.03723455220460892,0.9086214209444797,0.27744850516319275
Pfn2,0.006714959163218737,0.007482180371880531,-0.15663418173789978,0.9979940091511154,-0.4858987033367157,-0.15663418173789978,0.939761324536634,-0.26781678199768066,-0.15663418173789978,0.8663500363476657,-0.34604665637016296
Tsc22d2,0.2479950338602066,0.22983895242214203,0.12330560386180878,0.9947568919151427,-0.5149314999580383,0.12330560386180878,0.5065941165474747,1.1128648519515991,0.12330560386180878,0.25247314035143575,1.481174349784851
Serp1,0.7236512899398804,0.8816787004470825,-0.41403791308403015,7.228565326141307e-08,-5.880745887756348,-0.41403791308403015,2.3291662846248743e-10,-6.946684837341309,-0.41403791308403015,2.1362447661143306e-19,-9.464266777038574
Eif2a,0.3982802629470825,0.4593937397003174,-0.2531726062297821,0.012246363414099863,-3.005518674850464,-0.2531726062297821,0.004259211625602371,-3.4264628887176514,-0.2531726062297821,3.0366882323584546e-05,-4.586769104003906
Selenot,0.5518519282341003,0.6476448178291321,-0.3068873882293701,0.0005630770235354585,-3.9536266326904297,-0.3068873882293701,1.2803240685814336e-05,-4.92594051361084,-0.3068873882293701,5.023268931073119e-10,-6.635073184967041
Erich6,0.0,0.00074818852590397,-19.51358413696289,0.9979940091511154,0.027607882395386696,-19.51358413696289,0.5196272646011879,-1.0,-19.51358413696289,0.16021537352752957,-1.759765386581421
Siah2,0.260975182056427,0.29123198986053467,-0.18108513951301575,0.005704183442902345,-3.265923261642456,-0.18108513951301575,0.2882646902956029,-1.5915658473968506,-0.18108513951301575,0.08127583276171078,-2.1389856338500977
Med12l,0.10288023948669434,0.08703811466693878,0.25285521149635315,0.3522782118597653,-1.424655795097351,0.25285521149635315,0.31039594185814706,1.53871750831604,0.25285521149635315,0.11681627820797517,1.956392526626587
Gpr171,0.5652559995651245,0.45916876196861267,0.38290977478027344,0.0017637366704810645,3.6325738430023193,0.38290977478027344,1.7380770537275105e-05,4.851875305175781,0.38290977478027344,6.282628844369817e-09,6.228253364562988
P2ry14,0.03586753457784653,0.02982817403972149,0.2703833281993866,0.9330264664155336,-0.591521143913269,0.2703833281993866,0.5196272646011879,1.0208662748336792,0.2703833281993866,0.31559811751473604,1.3215583562850952
Gpr87,0.0004504750540945679,0.0,18.781415939331055,0.9979940091511154,0.14071114361286163,18.781415939331055,0.5196272646011879,1.0,18.781415939331055,0.46147875269036936,1.0
P2ry13,0.0013218357926234603,0.00436575198546052,-1.7258832454681396,0.9979940091511154,-0.033129457384347916,-1.7258832454681396,0.5723937255701519,-0.9040865898132324,-1.7258832454681396,0.23661770309125138,-1.5242787599563599
P2ry12,0.053353775292634964,0.05079462379217148,0.07277649641036987,0.2156480507200337,-1.7298563718795776,0.07277649641036987,0.9018219086695893,0.3377698063850403,0.07277649641036987,0.8088803386216477,0.4366479516029358
Igsf10,0.0014752005226910114,0.0014764636289328337,-0.0012355635408312082,0.9979940091511154,0.08015191555023193,-0.0012355635408312082,1.0,-0.0010149941081181169,-0.0012355635408312082,1.0,-0.0014055515639483929
Mbnl1,1.7365361452102661,1.6491944789886475,0.1544351726770401,2.5032331351632496e-05,4.723352432250977,0.1544351726770401,0.00046104964890731297,4.064730644226074,0.1544351726770401,2.7199309271285396e-07,5.553708076477051
P2ry1,0.0,0.0026935988571494818,-21.363048553466797,0.9979940091511154,-0.143560990691185,-21.363048553466797,0.28576329204645196,-1.5992071628570557,-21.363048553466797,0.01651711734769423,-2.8142294883728027
Rap2b,0.32229083776474,0.2709604501724243,0.28913578391075134,0.33440028889486945,1.4601006507873535,0.28913578391075134,0.014972301023162457,3.000899314880371,0.28913578391075134,0.00045919403160220513,3.9202098846435547
B430305J03Rik,0.002701172837987542,0.001107582007534802,1.28732168674469,0.9979940091511154,0.10820508748292923,1.28732168674469,0.49469452559649196,1.1345752477645874,1.28732168674469,0.3368827240729562,1.2774888277053833
Arhgef26,0.0,0.0,0.0,0.9979940091511154,0.11319231241941452,0.0,1.0,0.0,0.0,1.0,0.0
Dhx36,0.5674064755439758,0.685028612613678,-0.3654257655143738,3.717704726209895e-05,-4.633136749267578,-0.3654257655143738,6.322997100083154e-07,-5.550693035125732,-0.3654257655143738,1.5009170930570306e-12,-7.496636867523193
Plch1,0.001299555297009647,0.0006226674886420369,1.0619714260101318,0.9979940091511154,0.13803941011428833,1.0619714260101318,0.6606902278543334,0.751767098903656,1.0619714260101318,0.510199819158546,0.9142149686813354
E130311K13Rik,0.016659129410982132,0.026142142713069916,-0.656929075717926,0.30313414820831935,-1.5228863954544067,-0.656929075717926,0.2673676983138371,-1.6442312002182007,-0.656929075717926,0.047668665186967864,-2.3820228576660156
Slc33a1,0.07503175735473633,0.10210823267698288,-0.464345782995224,0.00021915936995376757,-4.204858303070068,-0.464345782995224,0.029224122389228904,-2.7525503635406494,-0.464345782995224,0.0008374527734452158,-3.7584710121154785
Gmps,0.52701336145401,0.7676769495010376,-0.7348581552505493,2.010536124191896e-23,-10.413692474365234,-0.7348581552505493,3.666518516351835e-26,-11.584930419921875,-0.7348581552505493,7.86075523546847e-51,-15.802807807922363
Vmn2r1,0.0,0.0,0.0,0.9979940091511154,0.11319231241941452,0.0,1.0,0.0,0.0,1.0,0.0
Vmn2r3,0.00022779169376008213,0.0,17.79752540588379,0.9979940091511154,0.14071114361286163,17.79752540588379,0.5196272646011879,1.0,17.79752540588379,0.46147875269036936,1.0
Vmn2r4,0.00027705656248144805,0.0006086328066885471,-1.1356277465820312,0.9979940091511154,0.05521576479077339,-1.1356277465820312,0.8112651880258095,-0.4958328306674957,-1.1356277465820312,0.6083351311875358,-0.7482300996780396
Kcnab1,0.0032897593919187784,0.002129277680069208,0.6284551620483398,0.9979940091511154,0.07854887843132019,0.6284551620483398,0.7096552890820403,0.6676416993141174,0.6284551620483398,0.5641564430350442,0.8227044939994812
Ssr3,0.6554421782493591,0.7810980081558228,-0.35443469882011414,2.2895323098183343e-05,-4.7431230545043945,-0.35443469882011414,2.883811839858853e-07,-5.704558372497559,-0.35443469882011414,1.4707030549492784e-13,-7.813619136810303
Tiparp,0.1373218148946762,0.1291285902261734,0.09479381144046783,0.22897198572717203,-1.6948567628860474,0.09479381144046783,0.7155764380484777,0.6580007672309875,0.09479381144046783,0.5320942590404575,0.8750486373901367
Lekr1,0.007782392669469118,0.016895297914743423,-1.1249229907989502,0.403412151728038,-1.330521821975708,-1.1249229907989502,0.0819444221086494,-2.3085649013519287,-1.1249229907989502,0.0033327354549858544,-3.3557636737823486
Ccnl1,0.8801538348197937,0.8482009172439575,0.07967788726091385,0.15376795196468565,1.9195492267608643,0.07967788726091385,0.4196252564056738,1.2768932580947876,0.07967788726091385,0.16021537352752957,1.758895754814148
Rsrc1,0.34681135416030884,0.2920469641685486,0.2895543575286865,0.05923133931129503,2.3808681964874268,0.2895543575286865,0.013138528623885818,3.047435998916626,0.2895543575286865,0.0002547080123209082,4.0735015869140625
Mlf1,0.04357846826314926,0.05129726603627205,-0.24087859690189362,0.044676905608393984,-2.5002052783966064,-0.24087859690189362,0.5196272646011879,-1.0301252603530884,-0.24087859690189362,0.2974526164162007,-1.3625152111053467
Gfm1,0.16153019666671753,0.22081854939460754,-0.49518680572509766,2.252421458308551e-06,-5.232762336730957,-0.49518680572509766,9.786594816634432e-05,-4.463067531585693,-0.49518680572509766,1.3141303910140003e-08,-6.097733020782471
Lxn,0.19423173367977142,0.22733156383037567,-0.25173383951187134,0.0036848190751798365,-3.4069907665252686,-0.25173383951187134,0.10870326331207207,-2.170111894607544,-0.25173383951187134,0.011362461530757397,-2.948256492614746
Mfsd1,0.1328432857990265,0.17033295333385468,-0.38635846972465515,0.00042008162248357943,-4.033066272735596,-0.38635846972465515,0.021143483314665902,-2.875772476196289,-0.38635846972465515,0.0003619431678844408,-3.9819161891937256
Il12a,0.0016089436830952764,0.00262241717427969,-0.7055144309997559,0.9979940091511154,0.109897181391716,-0.7055144309997559,0.887624088839789,-0.3628312647342682,-0.7055144309997559,0.7211997838355779,-0.5714069604873657
1110032F04Rik,0.0033376498613506556,0.008195322938263416,-1.2994754314422607,0.8828157313745149,-0.658848762512207,-1.2994754314422607,0.20939213293586997,-1.8065249919891357,-1.2994754314422607,0.024896048578736677,-2.654630422592163
Ift80,0.09064457565546036,0.0589853972196579,0.6429851055145264,0.9979940091511154,0.3248824179172516,0.6429851055145264,0.003819486744227486,3.4577834606170654,0.6429851055145264,7.408456175316944e-05,4.3802056312561035
Smc4,2.002139091491699,1.6065515279769897,0.6843785643577576,8.799654180764885e-39,13.475406646728516,0.6843785643577576,5.516901274440386e-31,13.159883499145508,0.6843785643577576,1.634487892099744e-80,20.433868408203125
Trim59,0.47601720690727234,0.342928946018219,0.5756399631500244,1.6845811106912123e-05,4.812053680419922,0.5756399631500244,3.7783496896955463e-10,6.8325066566467285,0.5756399631500244,3.095453327996151e-16,8.617612838745117
Kpna4,0.5340353846549988,0.5754232406616211,-0.14028938114643097,0.2361758483611809,-1.6753531694412231,-0.14028938114643097,0.15023151253315337,-1.9987852573394775,-0.14028938114643097,0.02203583287188085,-2.7020840644836426
Ppm1l,0.0035145019646734,0.00355227617546916,-0.0154505530372262,0.9979940091511154,0.13251782953739166,-0.0154505530372262,1.0,-0.013545526191592216,-0.0154505530372262,1.0,-0.02041047252714634
Nmd3,0.29169362783432007,0.3377208709716797,-0.24631761014461517,0.010289558546875232,-3.0669684410095215,-0.24631761014461517,0.02611630127310733,-2.795549154281616,-0.24631761014461517,0.0007937102086415639,-3.7731692790985107
Wdr49,0.0007248896872624755,0.0005853409529663622,0.3085845112800598,0.9979940091511154,0.08282364159822464,0.3085845112800598,0.9873138551689162,0.1791640818119049,0.3085845112800598,0.9401326750904929,0.22797900438308716
Pdcd10,1.1614341735839844,1.1651852130889893,-0.007870792411267757,0.5387557369325024,1.1166943311691284,-0.007870792411267757,0.9873650492521036,-0.17898611724376678,-0.007870792411267757,0.9321243226848235,-0.24092060327529907
Serpini1,0.0942578986287117,0.07934731245040894,0.2593434751033783,0.7486851392241487,-0.8284145593643188,0.2593434751033783,0.3145801103131332,1.5288275480270386,0.2593434751033783,0.10948163574924129,1.9902104139328003
Golim4,0.10684163868427277,0.14568154513835907,-0.4759507477283478,1.8214596116767303e-05,-4.7954888343811035,-0.4759507477283478,0.016907426191060813,-2.958052158355713,-0.4759507477283478,0.00023877853993898627,-4.08975887298584
Rapgef2,0.11782288551330566,0.13788600265979767,-0.2416369915008545,0.012411920258269836,-3.0001752376556396,-0.2416369915008545,0.31612732864929816,-1.5261894464492798,-0.2416369915008545,0.07947039060452503,-2.1501739025115967
Fnip2,0.005739665124565363,0.020242955535650253,-1.828865885734558,0.24883888751121322,-1.6446281671524048,-1.828865885734558,0.024351923281670664,-2.8291282653808594,-1.828865885734558,3.093075881699703e-05,-4.585910797119141
Ppid,0.45045891404151917,0.6603702902793884,-0.7172415852546692,3.9099940650127394e-16,-8.605109214782715,-0.7172415852546692,3.896609713611179e-18,-9.478082656860352,-0.7172415852546692,1.5820465532353793e-36,-13.232559204101562
Etfdh,0.1621723175048828,0.18327617645263672,-0.19215288758277893,0.012650158928448374,-2.9933178424835205,-0.19215288758277893,0.277186216816389,-1.6176269054412842,-0.19215288758277893,0.07471032537427341,-2.179734945297241
4930579G24Rik,0.2695702314376831,0.21137572824954987,0.39451056718826294,0.2869520923429798,1.5562829971313477,0.39451056718826294,0.0008440063586414844,3.89292311668396,0.39451056718826294,5.987238669247017e-06,4.9477949142456055
Tmem144,0.004469215404242277,0.006227984558790922,-0.4800134003162384,0.9979940091511154,-0.1228995993733406,-0.4800134003162384,0.772360253653397,-0.5620819926261902,-0.4800134003162384,0.5449852704689747,-0.8540970683097839
Gria2,0.00049011898227036,0.0,18.90312957763672,0.9979940091511154,0.14071114361286163,18.90312957763672,0.5196272646011879,1.0,18.90312957763672,0.46147875269036936,1.0
Ctso,0.10701939463615417,0.11927512288093567,-0.16542811691761017,0.024714941345331302,-2.7421751022338867,-0.16542811691761017,0.5196272646011879,-1.0189499855041504,-0.16542811691761017,0.273223144893566,-1.4309638738632202
Tdo2,0.0,0.0,0.0,0.9979940091511154,0.11319231241941452,0.0,1.0,0.0,0.0,1.0,0.0
Gucy1b1,0.0012185847153887153,0.0009733159677125514,0.3244031071662903,0.9979940091511154,0.11043152958154678,0.3244031071662903,0.9742910564988493,0.20372933149337769,0.3244031071662903,0.9118746733735036,0.2728692293167114
Gucy1a1,0.0006013879901729524,0.0,19.19837188720703,0.9979940091511154,0.14071114361286163,19.19837188720703,0.5196272646011879,1.0,19.19837188720703,0.46147875269036936,1.0
Map9,0.0018418148392811418,0.006880263332277536,-1.9049723148345947,0.8830687781395046,-0.658136248588562,-1.9049723148345947,0.11206980545052832,-2.156151294708252,-1.9049723148345947,0.0027566331749583196,-3.4156811237335205
Plrg1,0.18992455303668976,0.1992417871952057,-0.07603271305561066,0.16129909355326327,-1.8925647735595703,-0.07603271305561066,0.6847385178443982,-0.7114386558532715,-0.07603271305561066,0.49091911647401465,-0.9461515545845032
Tlr2,0.0023012973833829165,0.009832264855504036,-2.1005136966705322,0.9979940091511154,-0.3751109540462494,-2.1005136966705322,0.46290061113229775,-1.1955782175064087,-2.1005136966705322,0.09543062071416859,-2.0618703365325928
Tmem131l,0.3022195100784302,0.3011913299560547,0.005695606116205454,0.9979940091511154,-0.236893430352211,0.005695606116205454,1.0,0.05517605319619179,0.005695606116205454,1.0,0.07651838660240173
Mnd1,0.06049325317144394,0.06886710226535797,-0.19314619898796082,0.037579990869292874,-2.572876453399658,-0.19314619898796082,0.5196272646011879,-1.0472660064697266,-0.19314619898796082,0.283419152800679,-1.3992432355880737
Trim2,0.0023719151504337788,0.0048218690790236,-1.0253082513809204,0.9979940091511154,-0.1480138748884201,-1.0253082513809204,0.6326031811957892,-0.800489604473114,-1.0253082513809204,0.347564145198267,-1.2549148797988892
Gm6525,0.0003505395434331149,0.002397590782493353,-2.775409698486328,0.9979940091511154,-0.20127035677433014,-2.775409698486328,0.27343300660499464,-1.6286017894744873,-2.775409698486328,0.024785925386831737,-2.657449722290039
Fhdc1,0.0,0.0005727933021262288,-19.128070831298828,0.9979940091511154,0.027607882395386696,-19.128070831298828,0.5196272646011879,-1.0,-19.128070831298828,0.16021537352752957,-1.759765386581421
Arfip1,0.1295948028564453,0.15871715545654297,-0.31396225094795227,0.005046372233274736,-3.3061773777008057,-0.31396225094795227,0.09083430594977675,-2.2601308822631836,-0.31396225094795227,0.006186534047820688,-3.1561551094055176
Tigd4,0.0007673650979995728,0.0,19.55010986328125,0.9979940091511154,0.14071114361286163,19.55010986328125,0.5196272646011879,1.0,19.55010986328125,0.46147875269036936,1.0
Tmem154,0.15030184388160706,0.1252572387456894,0.2814493775367737,0.9979940091511154,-0.30413198471069336,0.2814493775367737,0.14742118314427574,2.0095839500427246,0.2814493775367737,0.027488833153021718,2.6156487464904785
Fbxw7,0.2652476131916046,0.26477372646331787,0.0029365299269557,0.6668881507679911,-0.9349275231361389,0.0029365299269557,1.0,0.027529824525117874,0.0029365299269557,1.0,0.03732852265238762
Gatb,0.03246314451098442,0.04410368576645851,-0.45054686069488525,0.0863336190847017,-2.207561731338501,-0.45054686069488525,0.23930958825201099,-1.7211664915084839,-0.45054686069488525,0.04154970055911794,-2.440958261489868
Fam160a1,0.0,0.0,0.0,0.9979940091511154,0.11319231241941452,0.0,1.0,0.0,0.0,1.0,0.0
Glt28d2,0.0009606596431694925,0.0,19.874361038208008,0.9979940091511154,0.19574879109859467,19.874361038208008,0.23521157146624214,1.7326351404190063,19.874361038208008,0.16797099745218538,1.7326351404190063
Sh3d19,0.002365002641454339,0.0030199242755770683,-0.3531433045864105,0.9979940091511154,-0.14730140566825867,-0.3531433045864105,0.8740504360159139,-0.38645997643470764,-0.3531433045864105,0.7579255916864592,-0.5137810707092285
Rps3a1,3.606539487838745,3.766169309616089,-0.23622383177280426,2.3935503067223812e-29,-11.679825782775879,-0.23622383177280426,2.7068940849570495e-31,-12.780722618103027,-0.23622383177280426,4.699221919498442e-59,-17.15292739868164
Lrba,0.2714730501174927,0.29339662194252014,-0.1286010444164276,0.09219532198226818,-2.1761245727539062,-0.1286010444164276,0.4192499140745055,-1.2777769565582275,-0.1286010444164276,0.17024398297514642,-1.722999930381775
Mab21l2,0.0035990190226584673,0.005023027770221233,-0.48198139667510986,0.9979940091511154,-0.2616514563560486,-0.48198139667510986,0.6920265708133487,-0.6994004845619202,-0.48198139667510986,0.49083583092247424,-0.9465596675872803
Dclk2,0.03345954045653343,0.02957944944500923,0.18063607811927795,0.7320868222901046,-0.8482744097709656,0.18063607811927795,0.7630166015452488,0.5783324837684631,0.18063607811927795,0.5949081327870335,0.771254301071167
Cd1d1,0.07704227417707443,0.10601230710744858,-0.4817260503768921,0.0007749233032205975,-3.867062568664551,-0.4817260503768921,0.0419017928559992,-2.6095516681671143,-0.4817260503768921,0.0009128481453808193,-3.7346341609954834
Fcrls,0.003942718263715506,0.003807361936196685,0.05049654841423035,0.9979940091511154,-0.09137318283319473,0.05049654841423035,1.0,0.058874230831861496,0.05049654841423035,1.0,0.0757005363702774
Cd5l,0.0034540584310889244,0.010827315971255302,-1.65363609790802,0.9979940091511154,0.07890510559082031,-1.65363609790802,0.5941732693911808,-0.8656545877456665,-1.65363609790802,0.2595190990365368,-1.463963508605957
Fcrl1,0.008792378939688206,0.005839357152581215,0.5925766229629517,0.9979940091511154,0.10214915871620178,0.5925766229629517,0.5196272646011879,1.0191996097564697,0.5925766229629517,0.3141864802116249,1.3250408172607422
Fcrl5,0.0,0.0,0.0,0.9979940091511154,0.11319231241941452,0.0,1.0,0.0,0.0,1.0,0.0
Etv3,0.22036194801330566,0.22929461300373077,-0.06401210278272629,0.046485825755476474,-2.4842641353607178,-0.06401210278272629,0.7685087673930537,-0.5689679980278015,-0.06401210278272629,0.6042351142222511,-0.7551965117454529
Arhgef11,0.009577363729476929,0.005967268254607916,0.6851654052734375,0.9979940091511154,0.04639905318617821,0.6851654052734375,0.4848579188220992,1.153440237045288,0.6851654052734375,0.27718036691416564,1.4213272333145142
Lrrc71,0.00030921929283067584,0.0,18.23849868774414,0.9979940091511154,0.14071114361286163,18.23849868774414,0.5196272646011879,1.0,18.23849868774414,0.46147875269036936,1.0
Pear1,0.05240829661488533,0.03179159015417099,0.7361263632774353,0.9801990088302664,0.5328320860862732,0.7361263632774353,0.037078902957466214,2.656752824783325,0.7361263632774353,0.002148536427426081,3.4903600215911865
Insrr,0.000554121274035424,0.0,19.080244064331055,0.9979940091511154,0.16822996735572815,19.080244064331055,0.36167647049845647,1.4143668413162231,19.080244064331055,0.2795042275398297,1.4143668413162231
Sh2d2a,1.0637887716293335,0.9795030355453491,0.19006603956222534,0.001257228192400345,3.731873035430908,0.19006603956222534,0.0080094027252553,3.2204320430755615,0.19006603956222534,7.792290216928141e-05,4.36631441116333
Prcc,0.13771851360797882,0.1651049256324768,-0.2819141149520874,0.002547909760049298,-3.520984411239624,-0.2819141149520874,0.10885071190112579,-2.169372797012329,-0.2819141149520874,0.010901430515658738,-2.962873935699463
Hdgf,1.2042895555496216,1.2350623607635498,-0.06300373375415802,0.11578526515949662,-2.0649805068969727,-0.06300373375415802,0.39515070904104616,-1.3290663957595825,-0.06300373375415802,0.15959131474257698,-1.7901946306228638
Mrpl24,0.4946696162223816,0.5787174701690674,-0.2924186885356903,0.003209758631286552,-3.4496493339538574,-0.2924186885356903,0.00035575911196165954,-4.13285493850708,-0.2924186885356903,2.0211601916418497e-07,-5.609442710876465
Rrnad1,0.09677925705909729,0.07415403425693512,0.40072575211524963,0.9979940091511154,-0.5107458233833313,0.40072575211524963,0.09493335631746604,2.2385849952697754,0.40072575211524963,0.012015979181150164,2.9286019802093506
Isg20l2,0.23527589440345764,0.2586475610733032,-0.1541861742734909,0.10791031909622356,-2.0990896224975586,-0.1541861742734909,0.30455276596893843,-1.5529145002365112,-0.1541861742734909,0.08874393823287989,-2.0969078540802
Crabp2,0.0007233915384858847,0.0007296112016774714,-0.012355675920844078,0.9979940091511154,0.08282364159822464,-0.012355675920844078,1.0,-0.006972628645598888,-0.012355675920844078,1.0,-0.009427483193576336
Nes,0.0002939893747679889,0.0,18.165620803833008,0.9979940091511154,0.14071114361286163,18.165620803833008,0.5196272646011879,1.0,18.165620803833008,0.46147875269036936,1.0
Bcan,0.0,0.0,0.0,0.9979940091511154,0.11319231241941452,0.0,1.0,0.0,0.0,1.0,0.0
Hapln2,0.0,0.0,0.0,0.9979940091511154,0.11319231241941452,0.0,1.0,0.0,0.0,1.0,0.0
Gpatch4,0.08219388127326965,0.19196303188800812,-1.304715633392334,4.025350593143368e-16,-8.60136890411377,-1.304715633392334,2.2269353457139712e-14,-8.404361724853516,-1.304715633392334,2.744111555109876e-33,-12.602622032165527
Naxe,0.34052857756614685,0.3098849952220917,0.15934374928474426,0.4618785308863438,1.232113003730774,0.15934374928474426,0.1796841195287167,1.8940218687057495,0.15934374928474426,0.037542595648819205,2.4854278564453125
Iqgap3,0.0828433558344841,0.046103909611701965,0.8722835183143616,0.9979940091511154,0.40565773844718933,0.8722835183143616,4.70477079883685e-05,4.622565746307373,0.8722835183143616,3.2089174337978007e-07,5.5295562744140625
Mef2d,0.35873115062713623,0.38851040601730347,-0.13786597549915314,0.3235491287289743,-1.4809402227401733,-0.13786597549915314,0.3139428957167002,-1.5310440063476562,-0.13786597549915314,0.08679677893909453,-2.1076908111572266
Tsacc,0.01029638759791851,0.014655186794698238,-0.5124238133430481,0.6599947875671858,-0.9445458054542542,-0.5124238133430481,0.45841808879834917,-1.2036076784133911,-0.5124238133430481,0.17809009429708986,-1.6947896480560303
Cct3,0.8053250908851624,1.126314640045166,-0.7522017955780029,2.7741644402255828e-31,-12.070611000061035,-0.7522017955780029,6.195842316916416e-32,-13.013477325439453,-0.7522017955780029,4.035037148892884e-64,-17.916690826416016
Glmp,0.47664985060691833,0.4094969928264618,0.27108296751976013,0.000763585381422977,3.871248483657837,0.27108296751976013,0.0019613069617031628,3.663022994995117,0.27108296751976013,6.037763572795263e-06,4.943957328796387
Tmem79,0.006527319084852934,0.009506340138614178,-0.5445511341094971,0.7979574879896981,-0.764471173286438,-0.5445511341094971,0.5196272646011879,-1.0395481586456299,-0.5445511341094971,0.2818913437136799,-1.4044923782348633
Smg5,0.2097226083278656,0.21380051970481873,-0.030828235670924187,0.32360789051693195,-1.4807621240615845,-0.030828235670924187,0.9317087513262741,-0.2826051115989685,-0.030828235670924187,0.844603226935717,-0.3797333538532257
Paqr6,0.0,0.0,0.0,0.9979940091511154,0.11319231241941452,0.0,1.0,0.0,0.0,1.0,0.0
Bglap,0.0013822173932567239,0.0004719325515907258,1.550986647605896,0.9979940091511154,0.11043152958154678,1.550986647605896,0.5734910918982012,0.9013579487800598,1.550986647605896,0.4748113879888776,0.9764298796653748
Pmf1,0.7228556275367737,0.5519207715988159,0.5255594253540039,6.549581775861618e-12,7.347347736358643,0.5255594253540039,4.692340460206692e-14,8.204153060913086,0.5255594253540039,1.132424613423811e-25,10.986770629882812
Slc25a44,0.08867303282022476,0.07686595618724823,0.21478517353534698,0.4948464807912557,-1.182329773902893,0.21478517353534698,0.4322029300188402,1.252266526222229,0.21478517353534698,0.20658890167799945,1.6068150997161865
Sema4a,0.36297887563705444,0.3402911424636841,0.11043870449066162,0.9979940091511154,0.1769576221704483,0.11043870449066162,0.45872161440940434,1.2026774883270264,0.11043870449066162,0.21447426451771356,1.5838345289230347
Lmna,0.03183382749557495,0.031696561723947525,0.0063342018984258175,0.5123785678066409,-1.1556124687194824,0.0063342018984258175,1.0,0.019836239516735077,0.0063342018984258175,1.0,0.026312952861189842
Mex3a,0.004700518678873777,0.002536086132749915,0.891778290271759,0.9979940091511154,0.07712395489215851,0.891778290271759,0.5180700621703833,1.0921695232391357,0.891778290271759,0.33070860764578,1.2901281118392944
Rab25,0.0006047164206393063,0.0005380013026297092,0.1686968207359314,0.9979940091511154,0.08282364159822464,0.1686968207359314,1.0,0.09706579148769379,0.1686968207359314,1.0,0.12689173221588135
Lamtor2,0.853449821472168,0.7832233309745789,0.1813735067844391,0.00024610488616485116,4.175291538238525,0.1813735067844391,0.003782176846867177,3.466171979904175,0.1813735067844391,1.571341374017123e-05,4.735385417938232
Ubqln4,0.05566040053963661,0.05573925003409386,-0.0020998858381062746,0.17937791291867425,-1.8329851627349854,-0.0020998858381062746,1.0,-0.010021159425377846,-0.0020998858381062746,1.0,-0.013272376731038094
Ssr2,0.9467431306838989,1.1005675792694092,-0.3467702567577362,3.6097127681441373e-10,-6.761259078979492,-0.3467702567577362,5.054251891664011e-11,-7.188258647918701,-0.3467702567577362,1.533141097667846e-20,-9.758402824401855
Arhgef2,0.354703813791275,0.37695834040641785,-0.10482007265090942,0.18990391783112284,-1.80172598361969,-0.10482007265090942,0.4278386888217225,-1.2604745626449585,-0.10482007265090942,0.18789590361547803,-1.6637005805969238
Khdc4,0.23624187707901,0.23646993935108185,-0.0015629887348040938,0.56403818047477,-1.076707363128662,-0.0015629887348040938,1.0,-0.013783881440758705,-0.0015629887348040938,1.0,-0.01880110427737236
Rit1,0.13990764319896698,0.1396920084953308,0.002384445397183299,0.2757579784202031,-1.5821096897125244,0.002384445397183299,1.0,0.01784767210483551,0.002384445397183299,1.0,0.024163702502846718
Syt11,0.18240013718605042,0.14731793105602264,0.3341751992702484,0.9979940091511154,0.23146091401576996,0.3341751992702484,0.056332202204817834,2.4808921813964844,0.3341751992702484,0.004413900013614824,3.2671287059783936
Gon4l,0.3760295808315277,0.3843381404876709,-0.03790217265486717,0.9979940091511154,-0.48928290605545044,-0.03790217265486717,0.8357493208716428,-0.4530456066131592,-0.03790217265486717,0.6958197348569457,-0.6100303530693054
Msto1,0.08361764252185822,0.09320119023323059,-0.16355571150779724,0.02803794725376588,-2.692035675048828,-0.16355571150779724,0.5196272646011879,-1.0169066190719604,-0.16355571150779724,0.2988611430673369,-1.3591935634613037
Dap3,0.4272353947162628,0.5785583257675171,-0.5556975603103638,3.934072689962451e-10,-6.748256683349609,-0.5556975603103638,3.384263013825681e-12,-7.6145219802856445,-0.5556975603103638,6.6007874375829975e-24,-10.574399948120117
Ash1l,0.3468179702758789,0.31145966053009033,0.18203553557395935,0.8306624026754202,0.7242170572280884,0.18203553557395935,0.2232273781253011,1.7665703296661377,0.18203553557395935,0.04834200221431835,2.3757948875427246
Gm43738,0.0,0.0011218305444344878,-20.098234176635742,0.9979940091511154,-0.05797655135393143,-20.098234176635742,0.3635570053361646,-1.4020603895187378,-20.098234176635742,0.039296456804892514,-2.467297315597534
Rusc1,0.10797980427742004,0.14734940230846405,-0.4774828553199768,2.8230083254788774e-05,-4.694942951202393,-0.4774828553199768,0.004620440493047108,-3.4018688201904297,-0.4774828553199768,1.857910038737304e-05,-4.6979780197143555
Fdps,0.22775201499462128,0.37439537048339844,-0.8281790018081665,1.4730533223894798e-13,-7.859162330627441,-0.8281790018081665,1.519971762563743e-12,-7.75521183013916,-0.8281790018081665,4.202028778659564e-26,-11.074445724487305
Hcn3,0.0,0.0010720932623371482,-20.032773971557617,0.9979940091511154,-0.05797655135393143,-20.032773971557617,0.3623400041711201,-1.4064186811447144,-20.032773971557617,0.038668778448894436,-2.4749667644500732
Clk2,0.12711109220981598,0.11201879382133484,0.19345277547836304,0.9979940091511154,-0.4638124108314514,0.19345277547836304,0.43044624375817453,1.255636215209961,0.19345277547836304,0.17306707957367248,1.7125437259674072
Scamp3,0.5299791693687439,0.5425436496734619,-0.04367295652627945,0.9723185999251115,-0.5426284670829773,-0.04367295652627945,0.7392523102731596,-0.6184226870536804,-0.04367295652627945,0.552586433505742,-0.8414415717124939
Fam189b,0.3510180711746216,0.3864201605319977,-0.16572809219360352,0.32810600009231217,-1.4724797010421753,-0.16572809219360352,0.2504823919987847,-1.689882755279541,-0.16572809219360352,0.04826952541162121,-2.3764090538024902
Gba,0.11561962217092514,0.10972274094820023,0.07985731214284897,0.27535387954750795,-1.5830893516540527,0.07985731214284897,0.7986874247235086,0.516315758228302,0.07985731214284897,0.644106029694469,0.691486656665802
Mtx1,0.2405252456665039,0.3192637264728546,-0.4680042564868927,5.199277213317544e-06,-5.063997745513916,-0.4680042564868927,7.478980518394605e-06,-5.048577308654785,-0.4680042564868927,8.552335322669082e-11,-6.9087910652160645
Thbs3,0.001273365574888885,0.0028372223023325205,-1.1569602489471436,0.9979940091511154,-0.20287339389324188,-1.1569602489471436,0.516241272804285,-1.0963321924209595,-1.1569602489471436,0.2091824521583889,-1.5990216732025146
Muc1,0.008173088543117046,0.007708228193223476,0.08481796830892563,0.9979940091511154,-0.06848535686731339,0.08481796830892563,0.9992253698609608,0.15333043038845062,0.08481796830892563,0.9520153203609076,0.20774798095226288
Trim46,0.008475360460579395,0.01086360402405262,-0.35988178849220276,0.8241727010659952,-0.7319650650024414,-0.35988178849220276,0.6564012824983994,-0.7598253488540649,-0.35988178849220276,0.46147875269036936,-1.0357598066329956
Krtcap2,1.6270829439163208,1.742932915687561,-0.2052246481180191,1.3393514055711744e-05,-4.86281681060791,-0.2052246481180191,9.287157988661437e-06,-4.998695373535156,-0.2052246481180191,1.9956699438659162e-10,-6.777946472167969
Dpm3,0.6155612468719482,0.6083112359046936,0.02285265177488327,0.9630046600042397,0.5559871196746826,0.02285265177488327,0.893553946281503,0.3522041440010071,0.02285265177488327,0.7886046528826312,0.4669560194015503
Slc50a1,0.5151447057723999,0.42343494296073914,0.3541473150253296,9.763457697859867e-05,4.405060291290283,0.3541473150253296,4.945307291340144e-05,4.623310089111328,0.3541473150253296,1.2068923446271846e-08,6.1143012046813965
Efna1,0.0,0.0,0.0,0.9979940091511154,0.11319231241941452,0.0,1.0,0.0,0.0,1.0,0.0
Efna4,0.0009343621204607189,0.0024270296562463045,-1.3782142400741577,0.9979940091511154,-0.14552025496959686,-1.3782142400741577,0.5056987342615707,-1.1154992580413818,-1.3782142400741577,0.18240776411983406,-1.6803579330444336
Adam15,0.012007361277937889,0.011160510592162609,0.10612838715314865,0.9979940091511154,-0.3942583501338959,0.10612838715314865,0.9603785016752305,0.22911490499973297,0.10612838715314865,0.8962408031213336,0.29765716195106506
Dcst1,0.0007417152519337833,0.0,19.50104331970215,0.9979940091511154,0.16822996735572815,19.50104331970215,0.36167647049845647,1.409439206123352,19.50104331970215,0.2804368823448375,1.409439206123352
Zbtb7b,0.060051701962947845,0.05074746534228325,0.24964289367198944,0.8982874732435796,-0.6389888525009155,0.24964289367198944,0.48657126689372765,1.1499319076538086,0.24964289367198944,0.23375472503390315,1.5316855907440186
Flad1,0.14309556782245636,0.16668017208576202,-0.23755502700805664,0.0038860016808031895,-3.3897135257720947,-0.23755502700805664,0.1865819165592929,-1.8717706203460693,-0.23755502700805664,0.03213120084773125,-2.5534117221832275
Cks1b,1.7118608951568604,1.4540722370147705,0.4685368835926056,4.170619518763789e-17,8.867206573486328,0.4685368835926056,2.4777212517915506e-15,8.727907180786133,0.4685368835926056,7.702588270046627e-37,13.31081485748291
Shc1,0.2585020065307617,0.2321198433637619,0.17511384189128876,0.8221811079389296,0.7346368432044983,0.17511384189128876,0.2202399553336578,1.7739102840423584,0.17511384189128876,0.05185768841835723,2.3451879024505615
Pygo2,0.08576592057943344,0.07952969521284103,0.1134711503982544,0.1676438623484011,-1.8704785108566284,0.1134711503982544,0.6940909636310224,0.6959421634674072,0.1134711503982544,0.5215616137942534,0.8942009806632996
Pbxip1,0.2397691160440445,0.2268664389848709,0.08947137743234634,0.9984208920935209,0.013180537149310112,0.08947137743234634,0.6620695127503882,0.7499458193778992,0.08947137743234634,0.4606732501554113,1.0405505895614624
Pmvk,0.27716386318206787,0.3541734516620636,-0.4121851921081543,4.0195805431468696e-05,-4.6141676902771,-0.4121851921081543,3.483954160037933e-05,-4.705506801605225,-0.4121851921081543,2.684868597054627e-09,-6.365080833435059
Adar,0.2031259387731552,0.18100424110889435,0.18281900882720947,0.9979940091511154,-0.07926134020090103,0.18281900882720947,0.3143692102251581,1.5297609567642212,0.18281900882720947,0.09948940725260591,2.0400853157043457
Chrnb2,0.0026965991128236055,0.00368235120549798,-0.4501974582672119,0.9979940091511154,-0.1485482156276703,-0.4501974582672119,0.7758551483183975,-0.5556108951568604,-0.4501974582672119,0.5859843451307677,-0.7860287427902222
Ube2q1,0.529060423374176,0.54023277759552,-0.03892263397574425,0.959861039219347,-0.5597275495529175,-0.03892263397574425,0.7468193774905425,-0.6056382060050964,-0.03892263397574425,0.5796557977289236,-0.7955495119094849
She,0.0,0.0,0.0,0.9979940091511154,0.11319231241941452,0.0,1.0,0.0,0.0,1.0,0.0
Il6ra,0.008520924486219883,0.01124141737818718,-0.40170782804489136,0.9979940091511154,-0.3239918351173401,-0.40170782804489136,0.7182435876521674,-0.6543841361999512,-0.40170782804489136,0.49290090915354023,-0.9429831504821777
Atp8b2,0.1313798427581787,0.16860708594322205,-0.38744601607322693,5.1021651191513396e-05,-4.559575080871582,-0.38744601607322693,0.014097934081098874,-3.0236642360687256,-0.38744601607322693,0.00023818998665730567,-4.090839862823486
Hax1,0.17820540070533752,0.2253701537847519,-0.3739209473133087,7.47290016030434e-05,-4.468469142913818,-0.3739209473133087,0.002534649398601108,-3.5876882076263428,-0.3739209473133087,1.148585293821416e-05,-4.806099891662598
Ubap2l,0.7704854607582092,0.8110454678535461,-0.10708948969841003,0.41947388917299455,-1.3024686574935913,-0.10708948969841003,0.17063616391159633,-1.925110101699829,-0.10708948969841003,0.030873734948352213,-2.56907057762146
4933434E20Rik,0.264700323343277,0.30268627405166626,-0.22215814888477325,0.016268824228368443,-2.9014992713928223,-0.22215814888477325,0.07936957034606905,-2.3239235877990723,-0.22215814888477325,0.006414084866856199,-3.144083023071289
AC163616.1,0.02007475681602955,0.028142498806118965,-0.49321097135543823,0.2183632095035727,-1.722909927368164,-0.49321097135543823,0.30246217909294476,-1.5579482316970825,-0.49321097135543823,0.08069520137853729,-2.142488956451416
1700094D03Rik,0.0027662559878081083,0.0028059217147529125,-0.020568670704960823,0.9979940091511154,-0.06305284053087234,-0.020568670704960823,1.0,-0.02534354105591774,-0.020568670704960823,1.0,-0.03365912288427353
Tpm3,2.14340877532959,2.1614396572113037,-0.02943332865834236,0.3356196381603332,-1.4575179815292358,-0.02943332865834236,0.5803185125024429,-0.8889259099960327,-0.02943332865834236,0.33470799519438593,-1.2819958925247192
Nup210l,0.003705433802679181,0.0012913448736071587,1.5225094556808472,0.9979940091511154,0.19129590690135956,1.5225094556808472,0.335974222995889,1.479248285293579,1.5225094556808472,0.18712945620171384,1.666182041168213
Rps27,2.637307643890381,2.65049409866333,-0.020479392260313034,0.06014645225093097,2.373387336730957,-0.020479392260313034,0.7514455297628378,-0.5980052947998047,-0.020479392260313034,0.520307341633446,-0.8960472941398621
Rab13,0.004223672207444906,0.004056125413626432,0.05851643532514572,0.9979940091511154,-0.06492304801940918,0.05851643532514572,1.0,0.07874826341867447,0.05851643532514572,1.0,0.10549115389585495
Jtb,0.4487078785896301,0.522053599357605,-0.2755926251411438,0.004953202794864954,-3.3123223781585693,-0.2755926251411438,0.0006940566757847914,-3.9497923851013184,-0.2755926251411438,1.403395219991591e-06,-5.238969326019287
Creb3l4,0.0,0.0,0.0,0.9979940091511154,0.11319231241941452,0.0,1.0,0.0,0.0,1.0,0.0
Slc39a1,0.16468973457813263,0.16730833053588867,-0.024699851870536804,0.30680098940896755,-1.5153164863586426,-0.024699851870536804,0.9809416256160876,-0.1890876293182373,-0.024699851870536804,0.9208475561110674,-0.2581813335418701
Crtc2,0.12473712116479874,0.10855785757303238,0.21232442557811737,0.5969894729612131,-1.0289725065231323,0.21232442557811737,0.3494453712112671,1.4495861530303955,0.21232442557811737,0.13284068940271077,1.8892937898635864
Dennd4b,0.09630244225263596,0.08488107472658157,0.19049276411533356,0.33792992176148634,-1.45315420627594,0.19049276411533356,0.4724424424213735,1.1757935285568237,0.19049276411533356,0.23734496420447287,1.5219192504882812
Gatad2b,0.38217365741729736,0.34904745221138,0.15615345537662506,0.554602325029156,1.0906894207000732,0.15615345537662506,0.24319870854234368,1.7089712619781494,0.15615345537662506,0.05849467952194314,2.2908358573913574
Slc27a3,0.0007076099282130599,0.0027323721442371607,-1.9505871534347534,0.9979940091511154,-0.17357341945171356,-1.9505871534347534,0.38808675522510955,-1.3455866575241089,-1.9505871534347534,0.0830694758779462,-2.1285297870635986
Ints3,0.12042783200740814,0.1465234011411667,-0.30220484733581543,0.0014394598022100552,-3.692598581314087,-0.30220484733581543,0.11734494716957969,-2.129487991333008,-0.30220484733581543,0.012564374895842376,-2.9121127128601074
Npr1,0.0,0.0,0.0,0.9979940091511154,0.11319231241941452,0.0,1.0,0.0,0.0,1.0,0.0
Ilf2,0.7066517472267151,0.6694758534431458,0.10783562809228897,0.2127968170774642,1.7384059429168701,0.10783562809228897,0.20883084540911537,1.8073265552520752,0.10783562809228897,0.044935811511350655,2.407221794128418
Snapin,0.13768790662288666,0.13376116752624512,0.04463933780789375,0.2137841396580825,-1.7359123229980469,0.04463933780789375,0.9077663268589126,0.3260219693183899,0.04463933780789375,0.8126274442711648,0.43081748485565186
Chtop,0.5643013119697571,0.5492768883705139,0.05077064409852028,0.4631700407311574,1.229975700378418,0.05077064409852028,0.6490956277458115,0.77166748046875,0.05077064409852028,0.46147875269036936,1.034443736076355
S100a1,0.03886955976486206,0.034478433430194855,0.17613349854946136,0.7480388971979046,-0.8291270136833191,0.17613349854946136,0.702960942717202,0.679056704044342,0.17613349854946136,0.5198699750131557,0.8970028162002563
S100a13,1.5818665027618408,1.3786641359329224,0.37983831763267517,1.2664077831555434e-17,9.005513191223145,0.37983831763267517,5.558563023161812e-16,8.830248832702637,0.37983831763267517,2.5007666576278967e-31,12.19994831085205
S100a14,0.002114255912601948,0.0,21.01324462890625,0.9979940091511154,0.22326761484146118,21.01324462890625,0.16629332773795025,1.938582181930542,21.01324462890625,0.12110292555304382,1.938582181930542
S100a2,0.004822917282581329,0.008646056056022644,-0.8448970317840576,0.9979940091511154,-0.26485756039619446,-0.8448970317840576,0.5522399533779035,-0.9416279792785645,-0.8448970317840576,0.26940539862970203,-1.439993143081665
S100a3,0.020013410598039627,0.02660476230084896,-0.4154908061027527,0.3016334353318774,-1.526003360748291,-0.4154908061027527,0.39990248682361546,-1.3179813623428345,-0.4154908061027527,0.1547758886323047,-1.8067481517791748
S100a4,2.730550527572632,2.232947826385498,0.7842549085617065,2.474938165592367e-23,10.392675399780273,0.7842549085617065,9.095340313046198e-17,9.107131958007812,0.7842549085617065,1.2672699583416888e-35,13.055018424987793
S100a5,0.006544736213982105,0.003686109557747841,0.8302995562553406,0.9979940091511154,0.10321785509586334,0.8302995562553406,0.42656641073011387,1.2632195949554443,0.8302995562553406,0.2390771788622676,1.517155408859253
S100a6,3.658512830734253,3.5112946033477783,0.2184561789035797,7.889392846715882e-07,5.438574314117432,0.2184561789035797,0.0008234298897520797,3.9080934524536133,0.2184561789035797,4.4962448131756353e-07,5.457633972167969
S100a7a,0.0,0.0,0.0,0.9979940091511154,0.11319231241941452,0.0,1.0,0.0,0.0,1.0,0.0
S100a8,0.0022582493256777525,0.0071019758470356464,-1.656511664390564,0.9979940091511154,-0.06296378374099731,-1.656511664390564,0.6093501319324864,-0.8386492729187012,-1.656511664390564,0.27469264160640233,-1.4273755550384521
S100a9,0.006265834905207157,0.0040205009281635284,0.6417524218559265,0.9979940091511154,0.04675528407096863,0.6417524218559265,0.5534533349172184,0.9381267428398132,0.6417524218559265,0.3877451646398647,1.1740272045135498
Gm9774,0.011838017031550407,0.01393727958202362,-0.23703902959823608,0.7469385482631488,-0.8306410312652588,-0.23703902959823608,0.7655321473536115,-0.573553204536438,-0.23703902959823608,0.5990364933845573,-0.7645775079727173
Tchh,0.0023803377989679575,0.002817342057824135,-0.2434837371110916,0.9979940091511154,-0.1749092936515808,-0.2434837371110916,0.9435364537491928,-0.2611980438232422,-0.2434837371110916,0.8750293157009428,-0.3325834572315216
S100a11,2.0986337661743164,1.7808959484100342,0.5358556509017944,2.979181380225832e-35,12.828937530517578,0.5358556509017944,7.67078342058147e-32,12.988588333129883,0.5358556509017944,5.728658871413043e-64,17.8925838470459
S100a10,3.288745164871216,3.0927515029907227,0.29491329193115234,2.4331486652026594e-17,8.92874526977539,0.29491329193115234,3.4032600542834963e-16,8.908048629760742,0.29491329193115234,1.2934108566152788e-32,12.460342407226562
Them4,0.04338882863521576,0.04044286534190178,0.1035783514380455,0.5395409402692753,-1.1154475212097168,0.1035783514380455,0.8736045849855508,0.38720110058784485,0.1035783514380455,0.7524092513552949,0.5225244760513306
Rorc,0.0,0.0,0.0,0.9979940091511154,0.11319231241941452,0.0,1.0,0.0,0.0,1.0,0.0
Lingo4,0.0,0.0,0.0,0.9979940091511154,0.11319231241941452,0.0,1.0,0.0,0.0,1.0,0.0
Tdrkh,0.009408058598637581,0.005279537755995989,0.8364672660827637,0.9979940091511154,0.07926134020090103,0.8364672660827637,0.283538903429999,1.6019240617752075,0.8364672660827637,0.1229741942565391,1.9305810928344727
Oaz3,0.0006456238334067166,0.0,19.30080223083496,0.9979940091511154,0.16822996735572815,19.30080223083496,0.3621040251177201,1.4050670862197876,19.30080223083496,0.2818913437136799,1.4050670862197876
Mrpl9,0.46398136019706726,0.5058931708335876,-0.1574326455593109,0.28063127203951693,-1.5706212520599365,-0.1574326455593109,0.11206980545052832,-2.153219699859619,-0.1574326455593109,0.012365541786830756,-2.9182045459747314
Riiad1,0.0,0.0,0.0,0.9979940091511154,0.11319231241941452,0.0,1.0,0.0,0.0,1.0,0.0
Celf3,0.0,0.0,0.0,0.9979940091511154,0.11319231241941452,0.0,1.0,0.0,0.0,1.0,0.0
Snx27,0.12483668327331543,0.13222727179527283,-0.08842335641384125,0.05724414361058327,-2.3967204093933105,-0.08842335641384125,0.754680459035161,-0.5922998189926147,-0.08842335641384125,0.5789350981584898,-0.796980082988739
Tuft1,0.00806631799787283,0.008343733847141266,-0.04898296296596527,0.9979940091511154,-0.4013829827308655,-0.04898296296596527,1.0,-0.08572912216186523,-0.04898296296596527,1.0,-0.1096435934305191
Cgn,0.0,0.001225124578922987,-20.22538185119629,0.9979940091511154,-0.05797655135393143,-20.22538185119629,0.3640958467363245,-1.3998454809188843,-20.22538185119629,0.03962236340707297,-2.4633994102478027
Pogz,0.07470223307609558,0.0842069610953331,-0.1797352433204651,0.01912276094651,-2.8413853645324707,-0.1797352433204651,0.5459637467158707,-0.9523878693580627,-0.1797352433204651,0.32605512120762037,-1.3002961874008179
Psmb4,1.4033066034317017,1.4456770420074463,-0.08050092309713364,0.02610755452095879,-2.7200887203216553,-0.08050092309713364,0.22675124821764125,-1.7572156190872192,-0.08050092309713364,0.03546075031688925,-2.512115240097046
Selenbp1,0.002195767592638731,0.002776417415589094,-0.3389180302619934,0.9979940091511154,-0.08994825929403305,-0.3389180302619934,0.9057928949740668,-0.3299298882484436,-0.3389180302619934,0.8105030626134125,-0.4340624213218689
Rfx5,0.04332466796040535,0.03441735729575157,0.3385193347930908,0.8437980971312771,-0.7069398760795593,0.3385193347930908,0.4430608578632848,1.2318552732467651,0.3385193347930908,0.20046474983731105,1.6249324083328247
Pi4kb,0.07089975476264954,0.07913891226053238,-0.1646241396665573,0.060353141429845804,-2.3713388442993164,-0.1646241396665573,0.5701698214759517,-0.9068638682365417,-0.1646241396665573,0.3624093189604777,-1.2236379384994507
Zfp687,0.06540848314762115,0.04720286652445793,0.4838588833808899,0.9979940091511154,-0.37502190470695496,0.4838588833808899,0.06780914401690939,2.3967525959014893,0.4838588833808899,0.00948540294279234,3.0123987197875977
Psmd4,0.8967888355255127,0.9473760724067688,-0.12118971347808838,0.18890945229359707,-1.805110216140747,-0.12118971347808838,0.05553399547834757,-2.487753391265869,-0.12118971347808838,0.0038286390522727894,-3.312399387359619
Pip5k1a,0.2154187560081482,0.1963498443365097,0.14794428646564484,0.9979940091511154,-0.2886359393596649,0.14794428646564484,0.44958155034831637,1.219609022140503,0.14794428646564484,0.18978794548135713,1.6577918529510498
Vps72,0.2620397210121155,0.26396822929382324,-0.012030606158077717,0.6426115001752912,-0.9674336314201355,-0.012030606158077717,1.0,-0.12702497839927673,-0.012030606158077717,0.9761670728278209,-0.16809114813804626
Tmod4,0.0007559867226518691,0.0,19.528549194335938,0.9979940091511154,0.16822996735572815,19.528549194335938,0.36167647049845647,1.4133890867233276,19.528549194335938,0.27977087692999414,1.4133890867233276
Scnm1,0.21543098986148834,0.17975559830665588,0.2877703905105591,0.47518544269772317,1.211362600326538,0.2877703905105591,0.040352251934171746,2.6230499744415283,0.2877703905105591,0.0022897038042964993,3.470939874649048
Lysmd1,0.027887629345059395,0.01819581910967827,0.62303626537323,0.9979940091511154,-0.19797523319721222,0.62303626537323,0.14896364944865498,2.0025641918182373,0.62303626537323,0.04000378130356874,2.457582712173462
Tnfaip8l2,0.46004071831703186,0.44544029235839844,0.057853471487760544,0.9979940091511154,0.43050482869148254,0.057853471487760544,0.6861729470667661,0.7092864513397217,0.057853471487760544,0.48033166559994506,0.9662208557128906
Sema6c,0.0,0.0,0.0,0.9979940091511154,0.11319231241941452,0.0,1.0,0.0,0.0,1.0,0.0
Gabpb2,0.5134353041648865,0.4638971984386444,0.1850101351737976,0.16285369187869778,1.886597990989685,0.1850101351737976,0.054868289520712335,2.4927263259887695,0.1850101351737976,0.004423926040209974,3.266298294067383
Mllt11,0.0884205773472786,0.0869106575846672,0.025954149663448334,0.12720662960230517,-2.017690896987915,0.025954149663448334,0.9968804925595617,0.15815944969654083,0.025954149663448334,0.9522260874081497,0.20736147463321686
Cdc42se1,1.0226658582687378,1.0128053426742554,0.022276686504483223,0.7308127557986636,0.8498774766921997,0.022276686504483223,0.8519198442642384,0.4249918460845947,0.022276686504483223,0.7150006762281695,0.5808113813400269
Gm128,0.0014762288192287087,0.0034022589679807425,-1.2059658765792847,0.9979940091511154,-0.17562174797058105,-1.2059658765792847,0.4907655116947617,-1.142421841621399,-1.2059658765792847,0.16505066264963078,-1.742010474205017
Bnipl,0.0,0.0,0.0,0.9979940091511154,0.11319231241941452,0.0,1.0,0.0,0.0,1.0,0.0
Prune1,0.0778389647603035,0.09224184602499008,-0.2554655969142914,0.029278280745770827,-2.675114631652832,-0.2554655969142914,0.35386372042027636,-1.4401013851165771,-0.2554655969142914,0.10976425838494543,-1.9884471893310547
Mindy1,0.048296842724084854,0.04475284740328789,0.1125255823135376,0.32703395565802085,-1.474439024925232,0.1125255823135376,0.7992780411363601,0.5147061347961426,0.1125255823135376,0.660701187434454,0.6649942994117737
Anxa9,0.003983751405030489,0.0033453567884862423,0.2524280250072479,0.9984208920935209,-0.00730272987857461,0.2524280250072479,0.9055754068975508,0.33052632212638855,0.2524280250072479,0.8130725214787875,0.43009138107299805
Cers2,0.4655184745788574,0.4520031213760376,0.05299777910113335,0.9157787116865073,0.615655779838562,0.05299777910113335,0.6737402865049709,0.7300981283187866,0.05299777910113335,0.4789781527909146,0.9684779047966003
Setdb1,0.1257912665605545,0.14860254526138306,-0.25725802779197693,0.0014078475562582316,-3.6989216804504395,-0.25725802779197693,0.17431139300589613,-1.9126665592193604,-0.25725802779197693,0.03009251095206925,-2.5795114040374756
Arnt,0.12767767906188965,0.10036051273345947,0.36739417910575867,0.9979940091511154,-0.07614431530237198,0.36739417910575867,0.08334172246558845,2.2986061573028564,0.36739417910575867,0.009612773015779761,3.0073819160461426
Ctsk,0.00038274776306934655,0.0006086328066885471,-0.6693397164344788,0.9979940091511154,0.05521576479077339,-0.6693397164344788,0.9144227086980837,-0.3141750693321228,-0.6693397164344788,0.8081405819741622,-0.4378775656223297
Ctss,0.1937875598669052,0.23041318356990814,-0.2771003544330597,0.2455732003389197,-1.65201997756958,-0.2771003544330597,0.28870547586943773,-1.5915645360946655,-0.2771003544330597,0.040600024910535645,-2.451009750366211
Hormad1,0.0003636896435637027,0.0,18.472614288330078,0.9979940091511154,0.14071114361286163,18.472614288330078,0.5196272646011879,1.0,18.472614288330078,0.46147875269036936,1.0
Golph3l,0.10338126868009567,0.08035901933908463,0.38030436635017395,0.9979940091511154,-0.1884460598230362,0.38030436635017395,0.0693860096179653,2.387538194656372,0.38030436635017395,0.00818212953419374,3.0638952255249023
Ensa,0.3556320369243622,0.3098810315132141,0.23350021243095398,0.18408203676396706,1.8189140558242798,0.23350021243095398,0.0467080305919249,2.5623912811279297,0.23350021243095398,0.002877434727229637,3.4018752574920654
Mcl1,1.1403886079788208,1.103774070739746,0.07833120971918106,0.05452539653495824,2.417025566101074,0.07833120971918106,0.25346680137263355,1.68021821975708,0.07833120971918106,0.05835204300118715,2.291928768157959
Adamtsl4,0.0006889719516038895,0.0,19.39458465576172,0.9979940091511154,0.16822996735572815,19.39458465576172,0.37650814352304923,1.3674033880233765,19.39458465576172,0.2956269631953948,1.3674033880233765
Ecm1,0.003977700602263212,0.004778715316206217,-0.2652662396430969,0.9979940091511154,-0.29023897647857666,-0.2652662396430969,0.889417270653361,-0.3601049780845642,-0.2652662396430969,0.7850513202768612,-0.47300735116004944
Tars2,0.10357518494129181,0.14158150553703308,-0.47893017530441284,3.934614595269491e-05,-4.619332790374756,-0.47893017530441284,0.003966985046110754,-3.4509658813476562,-0.47893017530441284,1.5544257953031042e-05,-4.737712383270264
Rprd2,0.20975151658058167,0.20064274966716766,0.07084725052118301,0.7548278249766001,-0.8194197416305542,0.07084725052118301,0.7435471436383005,0.6104596257209778,0.07084725052118301,0.56474749623064,0.8217059373855591
Prpf3,0.17895735800266266,0.2006179392337799,-0.18095366656780243,0.012273842073290017,-3.0044500827789307,-0.18095366656780243,0.27787711535318377,-1.6154894828796387,-0.18095366656780243,0.07998211233898997,-2.147505521774292
Mrps21,0.8566882014274597,0.891613781452179,-0.0864666998386383,0.9979940091511154,-0.47779446840286255,-0.0864666998386383,0.2557715822322042,-1.672731637954712,-0.0864666998386383,0.06901328507531902,-2.2166621685028076
Ciart,0.004630586598068476,0.008406190201640129,-0.8629834651947021,0.9984208920935209,-0.009440114721655846,-0.8629834651947021,0.6875508448278815,-0.7072717547416687,-0.8629834651947021,0.3941261364684899,-1.1623176336288452
BC028528,0.0020836181938648224,0.015329530462622643,-2.888718605041504,0.9979940091511154,-0.38205745816230774,-2.888718605041504,0.11649853942016579,-2.138021945953369,-2.888718605041504,0.0010643822892385914,-3.696871519088745
Aph1a,0.3022410273551941,0.3091302812099457,-0.03773770481348038,0.6941706862667415,-0.8991263508796692,-0.03773770481348038,0.8533447198044088,-0.42269134521484375,-0.03773770481348038,0.725198989612982,-0.5650731325149536
Anp32e,1.7389532327651978,1.565490484237671,0.3097116947174072,1.9284532783393107e-07,5.706282138824463,0.3097116947174072,3.557991039137345e-08,6.131899356842041,0.3097116947174072,4.832022987072529e-19,9.376049041748047
Plekho1,0.05634848400950432,0.08036766201257706,-0.5297620892524719,0.0032857831116432697,-3.4427919387817383,-0.5297620892524719,0.09147304625103352,-2.2574007511138916,-0.5297620892524719,0.005010505881426513,-3.224782705307007
Vps45,0.08765295147895813,0.09818285703659058,-0.171381875872612,0.023440982600254318,-2.7636380195617676,-0.171381875872612,0.5196272646011879,-1.0859675407409668,-0.171381875872612,0.2666412344949941,-1.446434497833252
Otud7b,0.1451898068189621,0.13693545758724213,0.09053834527730942,0.23527740665432337,-1.6777576208114624,0.09053834527730942,0.6938265918425872,0.6963386535644531,0.09053834527730942,0.5121543610902609,0.9103975296020508
Mtmr11,0.0,0.0,0.0,0.9979940091511154,0.11319231241941452,0.0,1.0,0.0,0.0,1.0,0.0
Sf3b4,0.41428884863853455,0.4314139187335968,-0.07165681570768356,0.7426213928724243,-0.835984468460083,-0.07165681570768356,0.5561908383436406,-0.9334988594055176,-0.07165681570768356,0.35467817036740934,-1.239682674407959
Sv2a,0.003807871136814356,0.0017774766311049461,1.100618839263916,0.9979940091511154,0.10651298612356186,1.100618839263916,0.4650405851246862,1.1902976036071777,1.100618839263916,0.2929750504698566,1.3733009099960327
Bola1,0.2112599015235901,0.2455146312713623,-0.24243934452533722,0.004656308635311781,-3.33236026763916,-0.24243934452533722,0.0800158325919889,-2.3192009925842285,-0.24243934452533722,0.006923010003871418,-3.118821144104004
H2ac21,0.006935080047696829,0.006376869510859251,0.12146731466054916,0.9979940091511154,-0.34376266598701477,0.12146731466054916,0.9677234655661164,0.2148141860961914,0.12146731466054916,0.9139081845975995,0.269553542137146
H2ac20,0.5670860409736633,0.3834628462791443,0.707388699054718,4.425596199006688e-09,6.360143661499023,0.707388699054718,4.58504841402568e-13,7.874068737030029,0.707388699054718,4.7282439716679496e-23,10.382588386535645
H2bc21,0.030894258990883827,0.016571098938584328,0.909042477607727,0.9979940091511154,0.08807804435491562,0.909042477607727,0.05055178317657287,2.5270228385925293,0.909042477607727,0.00965981365107239,3.0064637660980225
H3c15,0.005011852364987135,0.004177920054644346,0.26316094398498535,0.9979940091511154,-0.14819198846817017,0.26316094398498535,0.8817984024574335,0.3736402690410614,0.26316094398498535,0.7944092410082676,0.458710640668869
H2ac19,0.0005148148047737777,0.0,18.97406768798828,0.9979940091511154,0.14071114361286163,18.97406768798828,0.5196272646011879,1.0,18.97406768798828,0.46147875269036936,1.0
H2ac18,0.12077786028385162,0.06731584668159485,0.8825070261955261,0.26406601457052936,1.608381748199463,0.8825070261955261,4.401927686338823e-05,4.643810749053955,0.8825070261955261,4.422546614860886e-08,5.889895439147949
H3c14,0.013643518090248108,0.010447678156197071,0.3873431086540222,0.9979940091511154,-0.38383862376213074,0.3873431086540222,0.56999176671071,0.9070248007774353,0.3873431086540222,0.4208463644476985,1.1124012470245361
H4c14,0.04288216307759285,0.03305742144584656,0.38253533840179443,0.7627912289155901,-0.8098905682563782,0.38253533840179443,0.3349203214542083,1.4828161001205444,0.38253533840179443,0.13373351357445176,1.885655164718628
H3c13,0.018831323832273483,0.00939186755567789,1.010475754737854,0.9984208920935209,0.01228995993733406,1.010475754737854,0.06410830775603589,2.421165704727173,1.010475754737854,0.016810968794970075,2.805924654006958
H2bc18,0.20283330976963043,0.1541823148727417,0.43179500102996826,0.9979940091511154,0.1807871013879776,0.43179500102996826,0.005239923925838023,3.3552746772766113,0.43179500102996826,0.0001368362589688129,4.2318315505981445
Fcgr1,0.0003751519543584436,0.012042833492159843,-5.012977600097656,0.9979940091511154,-0.2874782085418701,-5.012977600097656,0.1411618268758443,-2.0374755859375,-5.012977600097656,0.0016750602772543145,-3.5694546699523926
Txnip,0.40513473749160767,0.32527726888656616,0.37783506512641907,0.015353546447366584,2.9224278926849365,0.37783506512641907,0.008562449023116765,3.198918581008911,0.37783506512641907,5.562382412319336e-05,4.4461588859558105
Gm16253,0.0003150998381897807,0.0005203280015848577,-0.7237585186958313,0.9979940091511154,0.05521576479077339,-0.7237585186958313,0.9018802375256684,-0.33737972378730774,-0.7237585186958313,0.7837461801414539,-0.4749496877193451
Polr3gl,0.1318228840827942,0.08335548639297485,0.6968405842781067,0.6486408187302356,0.9590621590614319,0.6968405842781067,1.8739740363197125e-05,4.827765941619873,0.6968405842781067,4.4767262479532374e-08,5.890585899353027
Ankrd34a,0.0,0.0004719325515907258,-18.84856414794922,0.9979940091511154,0.027607882395386696,-18.84856414794922,0.5196272646011879,-1.0,-18.84856414794922,0.16021537352752957,-1.759765386581421
Lix1l,0.008276987820863724,0.010433411225676537,-0.33559083938598633,0.9979940091511154,-0.3456328511238098,-0.33559083938598633,0.8306968112382088,-0.4617046117782593,-0.33559083938598633,0.6394981029838909,-0.6987619400024414
Rbm8a,1.0475049018859863,1.0412014722824097,0.014032085426151752,0.9945631184565934,0.5152877569198608,0.014032085426151752,0.9315058032338316,0.28317928314208984,0.014032085426151752,0.8341564550137073,0.39578983187675476
Pex11b,0.09993966668844223,0.1011289730668068,-0.017939478158950806,0.1196752003729113,-2.0480594635009766,-0.017939478158950806,1.0,-0.11650943011045456,-0.017939478158950806,0.9835536977662444,-0.15580368041992188
Gm42957,0.0,0.0007077347254380584,-19.433361053466797,0.9979940091511154,0.027607882395386696,-19.433361053466797,0.5196272646011879,-1.0,-19.433361053466797,0.16021537352752957,-1.759765386581421
Itga10,0.0010439864126965404,0.0006823803414590657,0.6137151122093201,0.9979940091511154,0.08282364159822464,0.6137151122093201,0.891571598655041,0.35547029972076416,0.6137151122093201,0.8150133065853452,0.4262927770614624
Ankrd35,0.0025911068078130484,0.0013053053990006447,0.9901084899902344,0.9979940091511154,0.10820508748292923,0.9901084899902344,0.5809756750406178,0.8870007991790771,0.9901084899902344,0.4591798085942381,1.0431557893753052
Pias3,0.07948517799377441,0.06060562655329704,0.4050116240978241,0.7211150362105538,-0.8635032773017883,0.4050116240978241,0.0808808512411427,2.3126578330993652,0.4050116240978241,0.013916304236938534,2.8760910034179688
Nudt17,0.005575401708483696,0.003569974796846509,0.6446094512939453,0.9979940091511154,0.13127101957798004,0.6446094512939453,0.6600168455258606,0.7528393864631653,0.6446094512939453,0.4787342779512748,0.9690795540809631
Polr3c,0.35237744450569153,0.37281665205955505,-0.0969775840640068,0.3474520179567925,-1.434095859527588,-0.0969775840640068,0.4389871094145248,-1.2386841773986816,-0.0969775840640068,0.19655577175386205,-1.6373989582061768
Rnf115,0.5277292728424072,0.5249329805374146,0.00985812395811081,0.9979940091511154,0.38268086314201355,0.00985812395811081,1.0,0.1497335582971573,0.00985812395811081,0.9574763946299178,0.1978183090686798
Cd160,0.525442898273468,0.5254091620445251,0.00011919040116481483,0.5721897137493587,-1.0644173622131348,0.00011919040116481483,1.0,0.0011698647867888212,0.00011919040116481483,1.0,0.0015857499092817307
Pdzk1,0.0020321018528193235,0.004091725219041109,-1.0112226009368896,0.9979940091511154,-0.3175796866416931,-1.0112226009368896,0.48400363753695524,-1.1561671495437622,-1.0112226009368896,0.18634173403092505,-1.6684060096740723
Gpr89,0.1458883285522461,0.2048231065273285,-0.5332684516906738,1.7388736677573515e-06,-5.2845048904418945,-0.5332684516906738,0.00015182798640521174,-4.354702949523926,-0.5332684516906738,1.3718421620221161e-08,-6.089825630187988
Gja5,0.0007165229180827737,0.0006716987118124962,0.093230701982975,0.9979940091511154,0.08282364159822464,0.093230701982975,1.0,0.052313901484012604,0.093230701982975,1.0,0.06846190989017487
Gja8,0.000475231820018962,0.0,18.858617782592773,0.9979940091511154,0.14071114361286163,18.858617782592773,0.5196272646011879,1.0,18.858617782592773,0.46147875269036936,1.0
Acp6,0.03351886197924614,0.0493161678314209,-0.5685615539550781,0.12344162713242884,-2.0330088138580322,-0.5685615539550781,0.20634938427431027,-1.8153774738311768,-0.5685615539550781,0.020262294112973128,-2.73551344871521
Bcl9,0.00427449494600296,0.006125863641500473,-0.5204957127571106,0.9979940091511154,-0.346790611743927,-0.5204957127571106,0.6739799830724441,-0.7296386957168579,-0.5204957127571106,0.46147875269036936,-1.0219306945800781
Chd1l,0.16034065186977386,0.16363094747066498,-0.03174268826842308,0.24504833576077517,-1.6538012027740479,-0.03174268826842308,0.9502924873828682,-0.2500396966934204,-0.03174268826842308,0.8710411066699192,-0.3393095135688782
Fmo5,0.011620515026152134,0.01134228054434061,0.035164326429367065,0.9979940091511154,-0.20572324097156525,0.035164326429367065,1.0,0.06617296487092972,0.035164326429367065,1.0,0.09289819002151489
Prkab2,0.02795357070863247,0.03373361751437187,-0.27534541487693787,0.21242880049232013,-1.739296555519104,-0.27534541487693787,0.5591434315286258,-0.9273282289505005,-0.27534541487693787,0.3321699658802316,-1.286994218826294
Pde4dip,0.06002270430326462,0.07166891545057297,-0.2643321454524994,0.03003918027281752,-2.66496205329895,-0.2643321454524994,0.37470553120177524,-1.3724310398101807,-0.2643321454524994,0.13646659368678746,-1.8745553493499756
Sec22b,0.44948235154151917,0.4883973300457001,-0.1500481516122818,0.32127850823116505,-1.4861055612564087,-0.1500481516122818,0.12169631065423354,-2.1105027198791504,-0.1500481516122818,0.016184272496454443,-2.818857431411743
Notch2,0.1241467222571373,0.12138034403324127,0.03454773500561714,0.32135362491554365,-1.485482096672058,0.03454773500561714,0.9692982271612216,0.2121700942516327,0.03454773500561714,0.8985116175417535,0.29405710101127625
Adam30,0.0006686471169814467,0.0008019598317332566,-0.2623807191848755,0.9979940091511154,0.05521576479077339,-0.2623807191848755,1.0,-0.12767700850963593,-0.2623807191848755,0.9784453550330597,-0.16475069522857666
Phgdh,0.90873122215271,1.1295015811920166,-0.49960052967071533,2.0161991926375592e-16,-8.685261726379395,-0.49960052967071533,8.092327776758355e-15,-8.483656883239746,-0.49960052967071533,4.597057801348155e-30,-11.933023452758789
Hsd3b2,0.0005421490641310811,0.0005004449049010873,0.11550816148519516,0.9979940091511154,0.08282364159822464,0.11550816148519516,1.0,0.06611279398202896,0.11550816148519516,1.0,0.08727464079856873
Wars2,0.01949119381606579,0.02862652577459812,-0.5611461400985718,0.29431328037111193,-1.5414103269577026,-0.5611461400985718,0.3181964269736077,-1.521598219871521,-0.5611461400985718,0.06652530146962521,-2.233766555786133
Wdr3,0.1696445196866989,0.2838820815086365,-0.8282935619354248,1.093226793050936e-13,-7.898080348968506,-0.8282935619354248,9.922590919303577e-12,-7.467104911804199,-0.8282935619354248,9.121448050407699e-24,-10.540242195129395
Gdap2,0.12104880064725876,0.13464225828647614,-0.16355690360069275,0.02248623850872369,-2.7796683311462402,-0.16355690360069275,0.4840073507708214,-1.1557655334472656,-0.16355690360069275,0.21698525792175702,-1.5770939588546753
Tent5c,0.2142779380083084,0.21894390881061554,-0.03456525877118111,0.25653238460947786,-1.6268166303634644,-0.03456525877118111,0.939761324536634,-0.26806527376174927,-0.03456525877118111,0.8503456559999266,-0.37055063247680664
Man1a2,0.36643606424331665,0.39396265149116516,-0.12560884654521942,0.166904141294242,-1.8735954761505127,-0.12560884654521942,0.31065469771174525,-1.5383052825927734,-0.12560884654521942,0.09520879470353903,-2.0621540546417236
Trim45,0.005676220171153545,0.006696678698062897,-0.239251971244812,0.9979940091511154,-0.038651034235954285,-0.239251971244812,0.9393614836723768,-0.2697398066520691,-0.239251971244812,0.8238020429612721,-0.41288939118385315
Ttf2,0.26764366030693054,0.17668597400188446,0.6671655178070068,0.018390549711903726,2.856525182723999,0.6671655178070068,1.2050271373748678e-08,6.250124454498291,0.6671655178070068,3.759478455940438e-13,7.698917865753174
Cd101,0.020419340580701828,0.019290531054139137,0.08286050707101822,0.82971240317359,-0.7254638671875,0.08286050707101822,0.9732860953325838,0.20572501420974731,0.08286050707101822,0.9082302803627404,0.27803945541381836
Ptgfrn,0.0002875206992030144,0.0012416616082191467,-2.1112186908721924,0.9979940091511154,-0.0302796121686697,-2.1112186908721924,0.5196272646011879,-1.0309728384017944,-2.1112186908721924,0.19095203715557865,-1.654557228088379
Cd2,1.5558390617370605,1.298048496246338,0.4900880455970764,1.1665287454051055e-20,9.767045021057129,0.4900880455970764,5.8627171257465536e-21,10.277385711669922,0.4900880455970764,6.808814574329828e-43,14.41697883605957
Igsf3,0.0009130624821409583,0.0018530618399381638,-1.0218029022216797,0.9979940091511154,-0.08798898756504059,-1.0218029022216797,0.6596977648604722,-0.7535766959190369,-1.0218029022216797,0.4485414833788447,-1.0611443519592285
Atp1a1,0.7003656029701233,0.8289301991462708,-0.34758660197257996,2.665283891439902e-05,-4.708924770355225,-0.34758660197257996,3.3426788812625344e-07,-5.6747822761535645,-0.34758660197257996,3.284412394103262e-13,-7.704560279846191
Slc22a15,0.04195895418524742,0.026528872549533844,0.6726093292236328,0.9979940091511154,-0.22789861261844635,0.6726093292236328,0.05388039613515152,2.4992799758911133,0.6726093292236328,0.00877865946566736,3.039445400238037
Vangl1,0.0,0.0,0.0,0.9979940091511154,0.11319231241941452,0.0,1.0,0.0,0.0,1.0,0.0
Tspan2,0.08754228055477142,0.09268394857645035,-0.08610422909259796,0.037793490680033966,-2.570115566253662,-0.08610422909259796,0.7979970448548466,-0.5172253251075745,-0.08610422909259796,0.6477027063179681,-0.6857994198799133
Tshb,0.0,0.0,0.0,0.9979940091511154,0.11319231241941452,0.0,1.0,0.0,0.0,1.0,0.0
Sike1,0.6962395906448364,0.6692402958869934,0.07873449474573135,0.41913298601847615,1.3031810522079468,0.07873449474573135,0.4613847368291045,1.1975888013839722,0.07873449474573135,0.20788692253374366,1.6031380891799927
Csde1,1.051079273223877,1.0369341373443604,0.03149472177028656,0.2145698115617304,1.7326172590255737,0.03149472177028656,0.7164028040296079,0.6567020416259766,0.03149472177028656,0.5256195904713699,0.886502206325531
Nras,0.5246331691741943,0.5686882138252258,-0.1509891301393509,0.2346964413167888,-1.6792716979980469,-0.1509891301393509,0.08092620719217203,-2.312866449356079,-0.1509891301393509,0.00884575840338346,-3.0361056327819824
Ampd1,0.0010329217184334993,0.0018164822831749916,-0.8149812817573547,0.9979940091511154,-0.06020299345254898,-0.8149812817573547,0.7239143487481277,-0.6443887948989868,-0.8149812817573547,0.5061648054777532,-0.9207221865653992
Dennd2c,0.00571702653542161,0.00226027169264853,1.341263771057129,0.9979940091511154,0.18898040056228638,1.341263771057129,0.21674423343977467,1.78301203250885,1.341263771057129,0.10030410197698193,2.0363404750823975
Bcas2,1.0211910009384155,1.1011112928390503,-0.1763668805360794,0.0038467941197247806,-3.393543004989624,-0.1763668805360794,0.0011921693974939896,-3.802793264389038,-0.1763668805360794,2.838387170610688e-06,-5.098120212554932
Trim33,0.3333623707294464,0.33544960618019104,-0.010594217106699944,0.9224714733071256,-0.6081749200820923,-0.010594217106699944,1.0,-0.11515659838914871,-0.010594217106699944,0.9836892084393216,-0.15522027015686035
Syt6,0.0,0.0,0.0,0.9979940091511154,0.11319231241941452,0.0,1.0,0.0,0.0,1.0,0.0
Atg4a-ps,0.0,0.0,0.0,0.9979940091511154,0.11319231241941452,0.0,1.0,0.0,0.0,1.0,0.0
Olfml3,0.0043719164095819,0.0,22.062990188598633,0.9979940091511154,0.4158993661403656,22.062990188598633,0.010997473575222119,3.107059955596924,22.062990188598633,0.007258745701741965,3.107059955596924
Hipk1,0.3959828019142151,0.3802810609340668,0.0704289898276329,0.804633424678692,0.7557435035705566,0.0704289898276329,0.6237978399870748,0.8155248761177063,0.0704289898276329,0.4248742806502337,1.1044212579727173
Dclre1b,0.07458782941102982,0.07145010679960251,0.06429475545883179,0.08351160063726241,-2.2235031127929688,0.06429475545883179,0.8943692386623542,0.3505946695804596,0.06429475545883179,0.800318520774186,0.44964274764060974
Ap4b1,0.05975407734513283,0.0625080093741417,-0.06701043993234634,0.15248891202444553,-1.924180269241333,-0.06701043993234634,0.8923607103710623,-0.35406985878944397,-0.06701043993234634,0.7873774625600267,-0.4691354036331177
Gm43064,0.0,0.0,0.0,0.9979940091511154,0.11319231241941452,0.0,1.0,0.0,0.0,1.0,0.0
Bcl2l15,0.0054597267881035805,0.009777147322893143,-0.8437030911445618,0.9979940091511154,-0.18381506204605103,-0.8437030911445618,0.5371712130515168,-0.9682229161262512,-0.8437030911445618,0.22242299012208513,-1.562718391418457
Ptpn22,1.2728040218353271,1.1723971366882324,0.20538011193275452,4.876313050682641e-06,5.0775346755981445,0.20538011193275452,8.40133465058005e-05,4.497705936431885,0.20538011193275452,1.517542972990267e-08,6.073563098907471
Rsbn1,0.27507585287094116,0.2600139081478119,0.09258938580751419,0.9979940091511154,0.032238882035017014,0.09258938580751419,0.5614539224487762,0.9226484298706055,0.09258938580751419,0.3534229969493796,1.2422689199447632
Phtf1,0.1347525268793106,0.1643475741147995,-0.30831778049468994,0.0002782594914729672,-4.143497943878174,-0.30831778049468994,0.08351538385783057,-2.298258066177368,-0.30831778049468994,0.006630749568414313,-3.1330220699310303
Magi3,0.05758899077773094,0.03333285078406334,0.8064780235290527,0.9979940091511154,-0.1624412089586258,0.8064780235290527,0.0035225912878167403,3.4808807373046875,0.8064780235290527,0.0002065595518331693,4.130167007446289
Lrig2,0.044647715985774994,0.03752683103084564,0.2558354437351227,0.9979940091511154,-0.5003260374069214,0.2558354437351227,0.5301589115235004,0.9816837906837463,0.2558354437351227,0.3186138445552581,1.3153454065322876
Slc16a1,0.17737722396850586,0.2491394281387329,-0.5437366366386414,4.62198893328358e-07,-5.541436195373535,-0.5437366366386414,1.419079853599368e-05,-4.908213138580322,-0.5437366366386414,1.9048347277997485e-10,-6.784401893615723
Tafa3,0.004094896372407675,0.0030296111945062876,0.4354628026485443,0.9984208920935209,0.020839497447013855,0.4354628026485443,0.7646781343782524,0.574752688407898,0.4354628026485443,0.6253193427491898,0.7202838659286499
Ppm1j,0.12458762526512146,0.12474466115236282,-0.001932862214744091,0.07858348425260046,-2.251734495162964,-0.001932862214744091,1.0,-0.013111446052789688,-0.001932862214744091,1.0,-0.017271196469664574
Rhoc,0.08541897684335709,0.09278016537427902,-0.1246485561132431,0.06854338404224276,-2.3146090507507324,-0.1246485561132431,0.6839361334015053,-0.7129272222518921,-0.1246485561132431,0.47722202068656233,-0.9717731475830078
Mov10,0.06661496311426163,0.0679021030664444,-0.028549058362841606,0.1602627270182186,-1.8963942527770996,-0.028549058362841606,1.0,-0.13718298077583313,-0.028549058362841606,0.9627674216399531,-0.18864639103412628
Capza1,1.1200512647628784,1.1518783569335938,-0.06763773411512375,0.7970090210646135,-0.7654507756233215,-0.06763773411512375,0.31861927528672773,-1.5194083452224731,-0.06763773411512375,0.10093451051130735,-2.0322821140289307
St7l,0.11317632347345352,0.10308057814836502,0.14221344888210297,0.3667451196756945,-1.397849440574646,0.14221344888210297,0.5647329949812534,0.916834831237793,0.14221344888210297,0.36659281626974305,1.214853286743164
Wnt2b,0.0,0.0,0.0,0.9979940091511154,0.11319231241941452,0.0,1.0,0.0,0.0,1.0,0.0
Cttnbp2nl,0.0,0.003578690579161048,-21.773582458496094,0.9979940091511154,0.027607882395386696,-21.773582458496094,0.5196272646011879,-1.0,-21.773582458496094,0.16021537352752957,-1.759765386581421
Kcnd3,0.0,0.0,0.0,0.9979940091511154,0.11319231241941452,0.0,1.0,0.0,0.0,1.0,0.0
Ddx20,0.11292855441570282,0.11868121474981308,-0.07591110467910767,0.006984424667982974,-3.198150396347046,-0.07591110467910767,0.7754671341551808,-0.556411862373352,-0.07591110467910767,0.6288944894103061,-0.7147091031074524
Inka2,0.0026520153041929007,0.0027839287649840117,-0.07012858241796494,0.9979940091511154,0.05005041882395744,-0.07012858241796494,1.0,-0.0684579461812973,-0.07012858241796494,1.0,-0.09555075317621231
Rap1a,1.437820315361023,1.359301209449768,0.15044854581356049,1.932656607044132e-05,4.780972480773926,0.15044854581356049,0.0006891678368890168,3.953336000442505,0.15044854581356049,8.770010055626809e-07,5.33045768737793
Adora3,0.000500289024785161,0.0028966611716896296,-2.5352840423583984,0.9979940091511154,-0.20127035677433014,-2.5352840423583984,0.3531039190302923,-1.442694067955017,-2.5352840423583984,0.05411902711095873,-2.3271114826202393
Tmigd3,0.00029627906042151153,0.0006309385062195361,-1.090781569480896,0.9979940091511154,0.05521576479077339,-1.090781569480896,0.82004052817376,-0.48011514544487,-1.090781569480896,0.6258620282231319,-0.719524621963501
I830077J02Rik,0.0012936450075358152,0.01270746998488903,-3.3044049739837646,0.9979940091511154,-0.1471232920885086,-3.3044049739837646,0.277186216816389,-1.6199924945831299,-3.3044049739837646,0.0164502833464003,-2.8154478073120117
Atp5pb,1.8151054382324219,1.950162410736084,-0.2298649400472641,2.4646953252685857e-16,-8.660325050354004,-0.2298649400472641,3.9207110097118464e-07,-5.669016361236572,-0.2298649400472641,1.818313431208642e-15,-8.381547927856445
Wdr77,0.07545489817857742,0.09769805520772934,-0.3889917731285095,0.00033738993614861284,-4.093180179595947,-0.3889917731285095,0.0814589970786205,-2.3103435039520264,-0.3889917731285095,0.006415339581544168,-3.1438381671905518
Ovgp1,0.0014832466840744019,0.0008610456134192646,0.7850452661514282,0.9979940091511154,0.11043152958154678,0.7850452661514282,0.8239655300909197,0.47344034910202026,0.7850452661514282,0.7272591920774093,0.5621258616447449
Pifo,0.0,0.0,0.0,0.9979940091511154,0.11319231241941452,0.0,1.0,0.0,0.0,1.0,0.0
Chil5,0.03036249428987503,0.013191490434110165,1.2151137590408325,0.9192086226295508,0.6116481423377991,1.2151137590408325,0.03297959331284185,2.7021074295043945,1.2151137590408325,0.0032424608688427984,3.366095542907715
Chia1,0.0003150998381897807,0.0,18.265682220458984,0.9979940091511154,0.14071114361286163,18.265682220458984,0.5196272646011879,1.0,18.265682220458984,0.46147875269036936,1.0
Chil3,0.0,0.017520848661661148,-24.075225830078125,0.9979940091511154,-0.05797655135393143,-24.075225830078125,0.48921434140705544,-1.1464931964874268,-24.075225830078125,0.10417512031191382,-2.017559051513672
Chil6,0.000344789499649778,0.0,18.39560890197754,0.9979940091511154,0.14071114361286163,18.39560890197754,0.5196272646011879,1.0,18.39560890197754,0.46147875269036936,1.0
Dennd2d,0.10059204697608948,0.11907798796892166,-0.2569691836833954,0.009016838493425418,-3.1123878955841064,-0.2569691836833954,0.34094657555627816,-1.46957266330719,-0.2569691836833954,0.09380049116998707,-2.0699427127838135
Cept1,0.26445215940475464,0.2509423494338989,0.08581437170505524,0.9979940091511154,-0.3299587070941925,0.08581437170505524,0.5798108107948043,0.8900185227394104,0.08581437170505524,0.3901110161410519,1.1696587800979614
Dram2,0.09372527152299881,0.08433491736650467,0.15918219089508057,0.6555622116178962,-0.9506016969680786,0.15918219089508057,0.5871232609569875,0.8766003251075745,0.15918219089508057,0.3816215819192824,1.185101866722107
Lrif1,0.3122269809246063,0.2607339322566986,0.298932284116745,0.26758627504895893,1.6001884937286377,0.298932284116745,0.016517537741244225,2.96492862701416,0.298932284116745,0.0004640864395145111,3.917274236679077
Cd53,1.223836064338684,1.1311864852905273,0.19322825968265533,2.7646863162537745e-05,4.7005534172058105,0.19322825968265533,0.0017462792456736046,3.6991097927093506,0.19322825968265533,1.9069838497993159e-06,5.177011489868164
Kcna3,0.008913157507777214,0.01085675973445177,-0.28598931431770325,0.9979940091511154,-0.31882649660110474,-0.28598931431770325,0.8569878807609199,-0.41609108448028564,-0.28598931431770325,0.6903852384493531,-0.6188461780548096
Kcna2,0.0,0.003578690579161048,-21.773582458496094,0.9979940091511154,0.027607882395386696,-21.773582458496094,0.5196272646011879,-1.0,-21.773582458496094,0.16021537352752957,-1.759765386581421
Cym,0.0,0.0,0.0,0.9979940091511154,0.11319231241941452,0.0,1.0,0.0,0.0,1.0,0.0
A630076J17Rik,0.0,0.0,0.0,0.9979940091511154,0.11319231241941452,0.0,1.0,0.0,0.0,1.0,0.0
Prok1,0.0017303101485595107,0.004525464493781328,-1.3890520334243774,0.9979940091511154,-0.3455438017845154,-1.3890520334243774,0.33697708839008245,-1.4784209728240967,-1.3890520334243774,0.06957706869411177,-2.212850570678711
Lamtor5,0.8917547464370728,0.9610058069229126,-0.1654566526412964,0.060029436615960906,-2.3743667602539062,-0.1654566526412964,0.00238551456359781,-3.6041979789733887,-0.1654566526412964,1.865651219399534e-05,-4.698236465454102
Slc16a4,0.00029608403565362096,0.0,18.175865173339844,0.9979940091511154,0.14071114361286163,18.175865173339844,0.5196272646011879,1.0,18.175865173339844,0.46147875269036936,1.0
Rbm15,0.37347084283828735,0.31514424085617065,0.2894666790962219,0.21024502205013265,1.7454415559768677,0.2894666790962219,0.0048659757467812426,3.3803133964538574,0.2894666790962219,9.648052473877232e-05,4.317361831665039
Strip1,0.09544717520475388,0.08975894004106522,0.09281327575445175,0.29959044829948317,-1.5306344032287598,0.09281327575445175,0.7684438857078467,0.5691168308258057,0.09281327575445175,0.6042351142222511,0.7553207874298096
Ahcyl1,0.19334910809993744,0.21413500607013702,-0.1628151684999466,0.01886200398565223,-2.8473522663116455,-0.1628151684999466,0.3491957239269469,-1.4505767822265625,-0.1628151684999466,0.11962418501131049,-1.9439258575439453
Csf1,0.01776808500289917,0.0052723330445587635,1.7618056535720825,0.9979940091511154,0.38677752017974854,1.7618056535720825,0.005991645830669876,3.309196949005127,1.7618056535720825,0.0013131019083614853,3.637453317642212
Gstm5,0.003913799300789833,0.0061215502209961414,-0.6469211578369141,0.9979940091511154,-0.3465234339237213,-0.6469211578369141,0.6109728216010408,-0.8355168700218201,-0.6469211578369141,0.40277985310136993,-1.1458650827407837
Gstm7,0.0002963044971693307,0.0,18.176939010620117,0.9979940091511154,0.14071114361286163,18.176939010620117,0.5196272646011879,1.0,18.176939010620117,0.46147875269036936,1.0
Gstm2,0.0,0.0,0.0,0.9979940091511154,0.11319231241941452,0.0,1.0,0.0,0.0,1.0,0.0
Gstm1,0.02292519435286522,0.021418843418359756,0.09914396703243256,0.6891027143819152,-0.9060728549957275,0.09914396703243256,0.9156624528389978,0.31219130754470825,0.09914396703243256,0.8293465128088472,0.40408891439437866
Gstm4,0.016318216919898987,0.015963437035679817,0.03196876496076584,0.9979940091511154,-0.4590032994747162,0.03196876496076584,1.0,0.08624359220266342,0.03196876496076584,1.0,0.1161668449640274
Ampd2,0.03612283617258072,0.05783497542142868,-0.6948156356811523,0.0005448733955388301,-3.9624433517456055,-0.6948156356811523,0.010573853219209353,-3.126321792602539,-0.6948156356811523,9.450537906652973e-05,-4.320776462554932
Gnat2,0.0009639690397307277,0.0018277602503076196,-0.9236407279968262,0.9979940091511154,-0.06038110703229904,-0.9236407279968262,0.6838511826411592,-0.7134251594543457,-0.9236407279968262,0.46147875269036936,-1.031036138534546
Gnai3,0.6557226777076721,0.6484475135803223,0.021910253912210464,0.9714892571601285,0.5440533757209778,0.021910253912210464,0.8939593211546013,0.3514745831489563,0.021910253912210464,0.7882473937240149,0.46766504645347595
Amigo1,0.008068360388278961,0.010101174004375935,-0.32564401626586914,0.9979940091511154,-0.4560644030570984,-0.32564401626586914,0.7744738575324012,-0.5584802627563477,-0.32564401626586914,0.5752856773013985,-0.8036506175994873
Cyb561d1,0.0390426404774189,0.03577394038438797,0.12851421535015106,0.6659266421666542,-0.936530590057373,0.12851421535015106,0.8241751140677643,0.4727315902709961,0.12851421535015106,0.6755157101988001,0.6413062810897827
Atxn7l2,0.03468050807714462,0.03860614076256752,-0.1575540453195572,0.2951033354954919,-1.5397182703018188,-0.1575540453195572,0.7636717433031313,-0.5771512985229492,-0.1575540453195572,0.5784817406389973,-0.798044741153717
Sypl2,0.0,0.0,0.0,0.9979940091511154,0.11319231241941452,0.0,1.0,0.0,0.0,1.0,0.0
Psma5,1.0380442142486572,1.2218482494354248,-0.39223387837409973,1.4447155433980964e-15,-8.446319580078125,-0.39223387837409973,6.912460423843273e-16,-8.782088279724121,-0.39223387837409973,6.084816486263912e-30,-11.914381980895996
Sort1,0.000997632509097457,0.007894734852015972,-2.989288091659546,0.9979940091511154,-0.06127168610692024,-2.989288091659546,0.40401596293250225,-1.3106259107589722,-2.989288091659546,0.06050036748385973,-2.277272939682007
Psrc1,0.05374198034405708,0.03014487959444523,0.8512770533561707,0.9979940091511154,0.12272148579359055,0.8512770533561707,0.0027073830984553557,3.56119704246521,0.8512770533561707,0.00012620634762938238,4.253370761871338
Celsr2,0.010904411785304546,0.01300642266869545,-0.2558315396308899,0.9979940091511154,-0.48162394762039185,-0.2558315396308899,0.8219086389932383,-0.47690728306770325,-0.2558315396308899,0.6440478622772237,-0.6916908621788025
Sars,0.8081900477409363,0.9247101545333862,-0.2903459072113037,7.199169126111687e-05,-4.477285861968994,-0.2903459072113037,4.2027415620795096e-07,-5.6228251457214355,-0.2903459072113037,2.8979792734483826e-12,-7.406248092651367
5330417C22Rik,0.002357486169785261,0.0045780292712152,-0.9590796828269958,0.9979940091511154,-0.23288583755493164,-0.9590796828269958,0.5196272646011879,-1.023573637008667,-0.9590796828269958,0.24901477105311115,-1.4898697137832642
Tmem167b,0.1037149727344513,0.0814092680811882,0.36569756269454956,0.9979940091511154,0.1760670393705368,0.36569756269454956,0.14515829639895794,2.01904559135437,0.36569756269454956,0.01874857344154331,2.763807535171509
Taf13,0.2482292205095291,0.24281300604343414,0.03589397296309471,0.9030520799379291,-0.6332001090049744,0.03589397296309471,0.8883160033475118,0.3617955446243286,0.03589397296309471,0.7793680538052815,0.48185059428215027
Wdr47,0.05256921052932739,0.04452451318502426,0.2454681098461151,0.45313607698215835,-1.2466294765472412,0.2454681098461151,0.5196272646011879,1.079177975654602,0.2454681098461151,0.28936635861398863,1.3825623989105225
Clcc1,0.1395399570465088,0.16076871752738953,-0.22000469267368317,0.008733187823844099,-3.122896671295166,-0.22000469267368317,0.24824396727631964,-1.6957935094833374,-0.22000469267368317,0.05714324491110886,-2.3009402751922607
Gpsm2,0.31645825505256653,0.20822592079639435,0.6853483319282532,3.763325247201973e-05,4.630465030670166,0.6853483319282532,6.795120605247516e-10,6.745172500610352,0.6853483319282532,1.917034035393572e-16,8.671721458435059
Stxbp3,0.18347769975662231,0.176568403840065,0.06051094830036163,0.7156096261121552,-0.8713403344154358,0.06051094830036163,0.8239655300909197,0.47349813580513,0.06051094830036163,0.6730026662453207,0.6451241374015808
Fndc7,0.001468209782615304,0.00047738291323184967,1.6215521097183228,0.9979940091511154,0.11043152958154678,1.6215521097183228,0.5450573448856169,0.9537866711616516,1.6215521097183228,0.46147875269036936,1.0302826166152954
Prpf38b,0.9064192175865173,0.9025354385375977,0.009413239546120167,0.932354656238985,0.5925007462501526,0.009413239546120167,0.992140754208172,0.1690729707479477,0.009413239546120167,0.9392559884611839,0.23001769185066223
Henmt1,0.0,0.0,0.0,0.9979940091511154,0.11319231241941452,0.0,1.0,0.0,0.0,1.0,0.0
Fam102b,0.023682616651058197,0.03297227621078491,-0.4841577708721161,0.07994865634365891,-2.2438974380493164,-0.4841577708721161,0.3282765143027243,-1.498016357421875,-0.4841577708721161,0.09642488713991837,-2.055349111557007
Slc25a24,0.11676016449928284,0.15662874281406403,-0.4532148838043213,2.048358080897795e-05,-4.768504619598389,-0.4532148838043213,0.010878601881889934,-3.116502046585083,-0.4532148838043213,0.00010055708009021687,-4.305422306060791
Vav3,0.029706710949540138,0.04846377670764923,-0.7197365164756775,0.03274292266106256,-2.629695177078247,-0.7197365164756775,0.07545024472140886,-2.351763963699341,-0.7197365164756775,0.002029323249428098,-3.5073022842407227
Prmt6,0.050415731966495514,0.06577585637569427,-0.3948713541030884,0.011162438799391538,-3.0389153957366943,-0.3948713541030884,0.15979098425315014,-1.963110089302063,-0.3948713541030884,0.021961275507976222,-2.7032926082611084
Amy1,0.0006921934545971453,0.0,19.401317596435547,0.9979940091511154,0.16822996735572815,19.401317596435547,0.36167647049845647,1.414408802986145,19.401317596435547,0.2795042275398297,1.414408802986145
Rnpc3,0.1922885924577713,0.20150354504585266,-0.07439722120761871,0.11485424001618276,-2.068720817565918,-0.07439722120761871,0.7414706359913545,-0.6147425174713135,-0.07439722120761871,0.5551896822997573,-0.8373973369598389
S1pr1,0.7403351068496704,0.7024551630020142,0.10635409504175186,0.07712528592233073,2.2608182430267334,0.10635409504175186,0.29449408986841114,1.5779078006744385,0.10635409504175186,0.08348968797683763,2.125967502593994
Dph5,0.15241692960262299,0.20813381671905518,-0.49088653922080994,2.227266284591891e-07,-5.679742813110352,-0.49088653922080994,0.0001969438159916929,-4.28411865234375,-0.49088653922080994,8.667144290605548e-08,-5.76544189453125
Slc30a7,0.11994239687919617,0.12808914482593536,-0.1008043959736824,0.05009869608131864,-2.452826738357544,-0.1008043959736824,0.6739799830724441,-0.7295479774475098,-0.1008043959736824,0.47101749026206174,-0.9829097390174866
Extl2,0.02898465469479561,0.04144614189863205,-0.524990439414978,0.06997563857645199,-2.305169105529785,-0.524990439414978,0.1559329566193606,-1.9776808023452759,-0.524990439414978,0.01803064378344035,-2.7784032821655273
Vcam1,0.0026305802166461945,0.012112107127904892,-2.2098443508148193,0.9984208920935209,-0.006590268574655056,-2.2098443508148193,0.5196272646011879,-1.0704727172851562,-2.2098443508148193,0.1437563164889237,-1.8475717306137085
Cdc14a,0.21598583459854126,0.1732776015996933,0.3496575653553009,0.9070030643981419,0.6264317631721497,0.3496575653553009,0.017058247061100425,2.952193260192871,0.3496575653553009,0.0006466889568240926,3.829467296600342
Rtca,0.21339116990566254,0.2444336861371994,-0.21918877959251404,0.013903339164876011,-2.95849609375,-0.21918877959251404,0.11279555145445654,-2.149703025817871,-0.21918877959251404,0.012928946622850481,-2.9022891521453857
Dbt,0.07203127443790436,0.08817894756793976,-0.30361443758010864,0.006163100930534197,-3.240274667739868,-0.30361443758010864,0.303381239193742,-1.5556923151016235,-0.30361443758010864,0.07819764076302738,-2.157606601715088
Lrrc39,0.0,0.0,0.0,0.9979940091511154,0.11319231241941452,0.0,1.0,0.0,0.0,1.0,0.0
Trmt13,0.12749962508678436,0.1393769234418869,-0.13725684583187103,0.01608678474929755,-2.9056849479675293,-0.13725684583187103,0.5196272646011879,-1.0366640090942383,-0.13725684583187103,0.2902112374113935,-1.3803468942642212
Sass6,0.26419076323509216,0.2578398287296295,0.039885058999061584,0.598482070123946,-1.0267460346221924,0.039885058999061584,0.8638172940366223,0.4046527147293091,0.039885058999061584,0.7480304840226413,0.5293196439743042
Mfsd14a,0.3092542886734009,0.28383728861808777,0.1429690420627594,0.8572566406487989,0.690731406211853,0.1429690420627594,0.2795839973971762,1.6115635633468628,0.1429690420627594,0.08572645390999899,2.113597869873047
Slc35a3,0.13119396567344666,0.11808325350284576,0.1615508794784546,0.7826928334230131,-0.7843310236930847,0.1615508794784546,0.5089394088551321,1.108816385269165,0.1615508794784546,0.24833008906055704,1.491783857345581
Agl,0.014542009681463242,0.014010497368872166,0.05410264432430267,0.8602738772145876,-0.6859222650527954,0.05410264432430267,1.0,0.13651365041732788,0.05410264432430267,0.9710589469841034,0.1760743111371994
Frrs1,0.12642471492290497,0.15034526586532593,-0.2676537036895752,0.002032008986074738,-3.589202642440796,-0.2676537036895752,0.16471342161471103,-1.9457143545150757,-0.2676537036895752,0.025057414296272975,-2.652211904525757
Palmd,0.0006215305766090751,0.0,19.24591636657715,0.9979940091511154,0.14071114361286163,19.24591636657715,0.5196272646011879,1.0,19.24591636657715,0.46147875269036936,1.0
Snx7,0.0,0.0010871669510379434,-20.052927017211914,0.9979940091511154,0.027607882395386696,-20.052927017211914,0.5196272646011879,-1.0,-20.052927017211914,0.16021537352752957,-1.759765386581421
Ptbp2,0.1367025077342987,0.13659845292568207,0.0011751929996535182,0.12451052247242109,-2.02891206741333,0.0011751929996535182,1.0,0.00832120981067419,0.0011751929996535182,1.0,0.01111340057104826
Rwdd3,0.0026120617985725403,0.004024599213153124,-0.6246752142906189,0.9979940091511154,-0.3170453608036041,-0.6246752142906189,0.6579539103951716,-0.757232129573822,-0.6246752142906189,0.46147875269036936,-1.0184053182601929
Alg14,0.05701142176985741,0.05330418795347214,0.09970113635063171,0.1686869128729955,-1.8665599822998047,0.09970113635063171,0.8146145067241425,0.4901522696018219,0.09970113635063171,0.6816772251115223,0.6317814588546753
Cnn3,0.002305995672941208,0.006696657277643681,-1.5412203073501587,0.9979940091511154,-0.31864839792251587,-1.5412203073501587,0.39186747546171186,-1.3370636701583862,-1.5412203073501587,0.0777393877329129,-2.160871982574463
F3,0.0004549318109638989,0.0,18.795621871948242,0.9979940091511154,0.14071114361286163,18.795621871948242,0.5196272646011879,1.0,18.795621871948242,0.46147875269036936,1.0
Abcd3,0.05455881729722023,0.07214152067899704,-0.4158343970775604,0.006715231340353189,-3.2117762565612793,-0.4158343970775604,0.12541803906645893,-2.0945091247558594,-0.4158343970775604,0.013130091878660518,-2.896052598953247
Arhgap29,0.0015151178231462836,0.004385835025459528,-1.5354927778244019,0.9979940091511154,-0.033307574689388275,-1.5354927778244019,0.5510929891059919,-0.9437102675437927,-1.5354927778244019,0.22311834745007797,-1.5610566139221191
Gclm,0.28692665696144104,0.3716751039028168,-0.43784213066101074,2.9816395863745843e-05,-4.683009147644043,-0.43784213066101074,3.586153419976675e-05,-4.701132774353027,-0.43784213066101074,1.6713612748385944e-09,-6.441630840301514
Dnttip2,0.49684759974479675,0.5454947352409363,-0.1728876829147339,0.23612892069321154,-1.675531268119812,-0.1728876829147339,0.07419053733135048,-2.357567548751831,-0.1728876829147339,0.004739478867206604,-3.243189573287964
Bcar3,0.0005388061981648207,0.005997057072818279,-3.480353355407715,0.9979940091511154,-0.11613121628761292,-3.480353355407715,0.3711783866487351,-1.3806426525115967,-3.480353355407715,0.047668665186967864,-2.3836328983306885
Fnbp1l,0.00039835681673139334,0.0,18.603992462158203,0.9979940091511154,0.14071114361286163,18.603992462158203,0.5196272646011879,1.0,18.603992462158203,0.46147875269036936,1.0
Pde5a,0.0030210905242711306,0.003380289301276207,-0.1623365432024002,0.9979940091511154,-0.17588892579078674,-0.1623365432024002,0.9750315757068689,-0.20180116593837738,-0.1623365432024002,0.9180455675077612,-0.26263880729675293
1810037I17Rik,1.518478274345398,1.5216917991638184,-0.005934000480920076,0.9984208920935209,-0.01736624725162983,-0.005934000480920076,1.0,-0.13865704834461212,-0.005934000480920076,0.9626486596747845,-0.18910299241542816
Usp53,0.05663575977087021,0.06372737139463425,-0.17536665499210358,0.05703449303595172,-2.398501396179199,-0.17536665499210358,0.6336650631966948,-0.7976136803627014,-0.17536665499210358,0.43535903145851407,-1.0854350328445435
Synpo2,0.0,0.0,0.0,0.9979940091511154,0.11319231241941452,0.0,1.0,0.0,0.0,1.0,0.0
Sec24d,0.047616973519325256,0.08569765090942383,-0.8755542635917664,6.478637570977141e-05,-4.502845287322998,-0.8755542635917664,0.0003916030471467657,-4.114175319671631,-0.8755542635917664,2.583105262963995e-08,-5.979396820068359
Mettl14,0.11471010744571686,0.09775518625974655,0.24319429695606232,0.4656735890248431,-1.2259680032730103,0.24319429695606232,0.28210436154324786,1.6060466766357422,0.24319429695606232,0.09699111553723332,2.0523526668548584
Prss12,0.0,0.0,0.0,0.9979940091511154,0.11319231241941452,0.0,1.0,0.0,0.0,1.0,0.0
Camk2d,0.27026835083961487,0.2653689980506897,0.03008456341922283,0.9280928260239405,-0.5982004404067993,0.03008456341922283,0.9332347073059096,0.2806151211261749,0.03008456341922283,0.8424864088597596,0.38298848271369934
Larp7,0.586679220199585,0.6391196250915527,-0.1651819348335266,0.07816070611262295,-2.254495143890381,-0.1651819348335266,0.05051623059513142,-2.5298948287963867,-0.1651819348335266,0.0031568517477324953,-3.3736183643341064
Zgrf1,0.09368126839399338,0.10087306052446365,-0.1119803711771965,0.005521699461887018,-3.2763431072235107,-0.1119803711771965,0.6978369182545475,-0.6890386343002319,-0.1119803711771965,0.5227590538903675,-0.8919991254806519
Neurog2,0.0,0.0,0.0,0.9979940091511154,0.11319231241941452,0.0,1.0,0.0,0.0,1.0,0.0
Alpk1,0.00023933321062941104,0.0014348039403557777,-2.58461856842041,0.9979940091511154,0.05503764748573303,-2.58461856842041,0.6202379746166294,-0.821839451789856,-2.58461856842041,0.28120830889874754,-1.4068677425384521
Tifa,0.0,0.0035903204698115587,-21.77827262878418,0.9979940091511154,-0.143560990691185,-21.77827262878418,0.23855721008811115,-1.7265146970748901,-21.77827262878418,0.008887203938659282,-3.0382606983184814
Ap1ar,0.20059116184711456,0.23157592117786407,-0.2303822934627533,0.025342041883315066,-2.7324678897857666,-0.2303822934627533,0.1124143300003094,-2.151937961578369,-0.2303822934627533,0.011237620117230951,-2.952162265777588
Fam241a,0.22504936158657074,0.2774968445301056,-0.34164538979530334,0.0011236738371000515,-3.7630434036254883,-0.34164538979530334,0.016334417609293092,-2.971865177154541,-0.34164538979530334,0.00016685988092127337,-4.180695056915283
Pitx2,0.00096166628645733,0.00074818852590397,0.36228805780410767,0.9979940091511154,0.11043152958154678,0.36228805780410767,0.9603785016752305,0.22914272546768188,0.36228805780410767,0.8913593721255774,0.30530330538749695
Elovl6,0.03235577419400215,0.0477425791323185,-0.5724266171455383,0.023748467869817432,-2.75882887840271,-0.5724266171455383,0.0808808512411427,-2.3148300647735596,-0.5724266171455383,0.004732171032787284,-3.24363374710083
Egf,0.0037595645990222692,0.0009697958594188094,1.9568246603012085,0.9979940091511154,0.19129590690135956,1.9568246603012085,0.17824347294039472,1.8974894285202026,1.9568246603012085,0.09679318259035781,2.0543856620788574
Rrh,0.0016206525033339858,0.006992254871875048,-2.1130597591400146,0.9270346731168096,-0.6009612679481506,-2.1130597591400146,0.08092620719217203,-2.3172225952148438,-2.1130597591400146,0.0010174341626232146,-3.705333948135376
Gar1,0.36387506127357483,0.5477270483970642,-0.7326738238334656,3.259371856625427e-14,-8.054198265075684,-0.7326738238334656,9.245335455204496e-16,-8.781088829040527,-0.7326738238334656,3.0396678620387534e-32,-12.383017539978027
Pla2g12a,0.08882252126932144,0.14222921431064606,-0.7184866666793823,1.0115203031008015e-07,-5.822056770324707,-0.7184866666793823,2.0439220320742948e-05,-4.829008102416992,-0.7184866666793823,2.5615504734367913e-10,-6.73728084564209
Casp6,0.10663463175296783,0.14051300287246704,-0.42296886444091797,0.0005630770235354585,-3.9536266326904297,-0.42296886444091797,0.02691014378250224,-2.7858409881591797,-0.42296886444091797,0.00041046141758225695,-3.9480128288269043
Mcub,0.10312654078006744,0.11732076853513718,-0.19646987318992615,0.004420823672181121,-3.3499937057495117,-0.19646987318992615,0.38988199290256104,-1.340383529663086,-0.19646987318992615,0.15729781135161602,-1.797706127166748
Sec24b,0.17013698816299438,0.17557744681835175,-0.0494481697678566,0.06358576031316435,-2.34773850440979,-0.0494481697678566,0.8619477820987349,-0.40765678882598877,-0.0494481697678566,0.7393072197099233,-0.5432958006858826
Ostc,1.2249119281768799,1.3441652059555054,-0.23798386752605438,8.56734000329505e-09,-6.250513553619385,-0.23798386752605438,7.907753176033535e-06,-5.041036128997803,-0.23798386752605438,2.6552405857864128e-11,-7.083515644073486
Rpl34,3.172760486602783,3.2250375747680664,-0.07862920314073563,0.0253013424591124,-2.733180284500122,-0.07862920314073563,0.00040294252702645047,-4.105232238769531,-0.07862920314073563,4.3943230166672095e-08,-5.8862996101379395
Lef1,0.4993221163749695,0.5834956169128418,-0.29092150926589966,0.002683024000834113,-3.505399465560913,-0.29092150926589966,0.0015739187039064593,-3.726078987121582,-0.29092150926589966,3.7997688719164827e-06,-5.039090633392334
Hadh,0.2813291847705841,0.4630926251411438,-0.8582701683044434,1.511190757360254e-16,-8.718390464782715,-0.8582701683044434,3.219015196482376e-17,-9.242233276367188,-0.8582701683044434,1.8556947810620394e-36,-13.21615982055664
Cyp2u1,0.0016922539798542857,0.0016754845855757594,0.014379623346030712,0.9979940091511154,-0.032416995614767075,0.014379623346030712,1.0,0.01291626039892435,0.014379623346030712,1.0,0.016442112624645233
Sgms2,0.0,0.0,0.0,0.9979940091511154,0.11319231241941452,0.0,1.0,0.0,0.0,1.0,0.0
Papss1,0.10213717073202133,0.12311539053916931,-0.2849198281764984,0.001967944198928772,-3.599088191986084,-0.2849198281764984,0.18080237030763036,-1.890581488609314,-0.2849198281764984,0.029750394563614353,-2.584073781967163
Aimp1,0.7764254808425903,0.8717412948608398,-0.24514628946781158,0.0004265715920100714,-4.028969764709473,-0.24514628946781158,7.900621202010366e-05,-4.512305736541748,-0.24514628946781158,1.2866706454866921e-08,-6.102047920227051
Tbck,0.13894449174404144,0.11905163526535034,0.23757943511009216,0.7855802698388331,-0.780412495136261,0.23757943511009216,0.2541806917577833,1.6779428720474243,0.23757943511009216,0.07249282964106919,2.1944949626922607
Npnt,0.003416625550016761,0.001986993243917823,0.7830166816711426,0.9979940091511154,0.10615675896406174,0.7830166816711426,0.5981087378260126,0.8572608828544617,0.7830166816711426,0.4579166373395213,1.045367956161499
Gstcd,0.10844240337610245,0.13055339455604553,-0.2839782238006592,0.000212509915664799,-4.212606430053711,-0.2839782238006592,0.13367245507382683,-2.061174154281616,-0.2839782238006592,0.02042792931839656,-2.732551097869873
Ints12,0.13223856687545776,0.12663768231868744,0.0665634498000145,0.351210442331863,-1.4265259504318237,0.0665634498000145,0.8245702708446857,0.47136443853378296,0.0665634498000145,0.6845943591586342,0.6276736259460449
Ppa2,0.29088878631591797,0.3174351453781128,-0.14611275494098663,0.09182108639794871,-2.17781662940979,-0.14611275494098663,0.25745982441643384,-1.6682353019714355,-0.14611275494098663,0.07289143668598631,-2.1919021606445312
Tet2,0.22618822753429413,0.19160142540931702,0.26523274183273315,0.9979940091511154,0.31419551372528076,0.26523274183273315,0.10246276570852748,2.200066328048706,0.26523274183273315,0.012796844175614365,2.9059531688690186
Cenpe,1.4582512378692627,1.0792771577835083,0.7638289332389832,6.0964438327885624e-24,10.529111862182617,0.7638289332389832,1.4715056150609846e-22,10.832345008850098,0.7638289332389832,5.802525304355997e-53,16.153213500976562
Bdh2,0.0003636896435637027,0.0,18.472614288330078,0.9979940091511154,0.14071114361286163,18.472614288330078,0.5196272646011879,1.0,18.472614288330078,0.46147875269036936,1.0
Slc9b2,0.007544435560703278,0.010563073679804802,-0.48772549629211426,0.9319607753146167,-0.5931241512298584,-0.48772549629211426,0.5266465452265806,-0.9874817728996277,-0.48772549629211426,0.2880770575464906,-1.3856300115585327
Slc9b1,0.00025647319853305817,0.0,17.968639373779297,0.9979940091511154,0.14071114361286163,17.968639373779297,0.5196272646011879,1.0,17.968639373779297,0.46147875269036936,1.0
Cisd2,0.6329570412635803,0.7047486305236816,-0.2125181406736374,0.031012724698907104,-2.6521377563476562,-0.2125181406736374,0.004921691463634214,-3.3795814514160156,-0.2125181406736374,3.527206004604776e-05,-4.553056240081787
Ube2d3,1.848198652267456,1.8580613136291504,-0.016873780637979507,0.9979940091511154,0.21035423874855042,-0.016873780637979507,0.729798039665172,-0.6342699527740479,-0.016873780637979507,0.5519629694479435,-0.8425554633140564
Manba,0.04342467710375786,0.049814216792583466,-0.2026873677968979,0.18827082844195883,-1.8069803714752197,-0.2026873677968979,0.646467631146761,-0.7761812806129456,-0.2026873677968979,0.4400207215593373,-1.0766921043395996
Nfkb1,0.4302724301815033,0.3996763229370117,0.13001085817813873,0.3735999219805537,1.3838673830032349,0.13001085817813873,0.3638958391578176,1.399107813835144,0.13001085817813873,0.1229741942565391,1.9302802085876465
Slc39a8,0.004720852244645357,0.007969911210238934,-0.7578622698783875,0.8201198883001249,-0.7377538681030273,-0.7578622698783875,0.3756282431052501,-1.3705416917800903,-0.7578622698783875,0.12400487193703293,-1.9256248474121094
Bank1,0.0025202976539731026,0.010249222628772259,-2.0294291973114014,0.9979940091511154,-0.23172809183597565,-2.0294291973114014,0.5020343236977316,-1.1219654083251953,-2.0294291973114014,0.1375823378282358,-1.8710638284683228
Ppp3ca,0.5920594334602356,0.5797002911567688,0.04021555185317993,0.6582546896150225,0.9473065733909607,0.04021555185317993,0.7717888282347154,0.5629384517669678,0.04021555185317993,0.6025661303287496,0.7578226923942566
Ddit4l,0.0,0.0,0.0,0.9979940091511154,0.11319231241941452,0.0,1.0,0.0,0.0,1.0,0.0
Gm21962,0.0005178711144253612,0.0,18.98261070251465,0.9979940091511154,0.14071114361286163,18.98261070251465,0.5196272646011879,1.0,18.98261070251465,0.46147875269036936,1.0
H2az1,3.5490615367889404,3.3939602375030518,0.23094706237316132,4.388861706071722e-06,5.099353790283203,0.23094706237316132,6.81074248579901e-08,6.026288986206055,0.23094706237316132,6.761325771147662e-20,9.614290237426758
Dnajb14,0.015358534641563892,0.022263016551733017,-0.5406047701835632,0.9979940091511154,-0.4908859431743622,-0.5406047701835632,0.5500242176442107,-0.945120096206665,-0.5406047701835632,0.2619502001505798,-1.4576507806777954
Lamtor3,0.5240043997764587,0.5242977142333984,-0.0010373779805377126,0.9979940091511154,0.28908124566078186,-0.0010373779805377126,1.0,-0.015684332698583603,-0.0010373779805377126,1.0,-0.02101004496216774
Dapp1,0.25603431463241577,0.24858739972114563,0.04818141460418701,0.9979940091511154,-0.3334319591522217,0.04818141460418701,0.824475923213236,0.4717974364757538,0.04818141460418701,0.6781305474361828,0.6375561356544495
Mttp,0.02228316105902195,0.03676270693540573,-0.7327854037284851,0.12198311059611483,-2.038708448410034,-0.7327854037284851,0.1217927410786123,-2.1117827892303467,-0.7327854037284851,0.0072183881953361,-3.1048665046691895
Trmt10a,0.10519535094499588,0.11955835670232773,-0.19519877433776855,0.02779982118637329,-2.695241689682007,-0.19519877433776855,0.41451722738809416,-1.2868837118148804,-0.19519877433776855,0.16068043071391505,-1.757381796836853
Adh1,0.0,0.0,0.0,0.9979940091511154,0.11319231241941452,0.0,1.0,0.0,0.0,1.0,0.0
Adh4,0.0010115945478901267,0.00074818852590397,0.43534693121910095,0.9979940091511154,0.11043152958154678,0.43534693121910095,0.9361131289204839,0.2753760516643524,0.43534693121910095,0.8570422734416628,0.3598081171512604
Adh5,0.5928038954734802,0.6272808313369751,-0.10893936455249786,0.21990247366776522,-1.7182788848876953,-0.10893936455249786,0.24308440626720298,-1.7093935012817383,-0.10893936455249786,0.05526425147419963,-2.3169913291931152
Metap1,0.1649804711341858,0.20226560533046722,-0.3216736316680908,0.0009824128612546047,-3.801694393157959,-0.3216736316680908,0.023935091601376076,-2.828636407852173,-0.3216736316680908,0.0006112919310015593,-3.844493865966797
Eif4e,0.7165858149528503,0.6964589357376099,0.057315126061439514,0.5426139850827137,1.1103712320327759,0.057315126061439514,0.5437844066104044,0.9564549326896667,0.057315126061439514,0.3285418894263404,1.2943602800369263
Tspan5,0.0884915366768837,0.09274683147668839,-0.07087443768978119,0.04759271125908844,-2.4743785858154297,-0.07087443768978119,0.8615450731759032,-0.4093078374862671,-0.07087443768978119,0.7366780429618438,-0.547069787979126
Rap1gds1,0.2742989659309387,0.23299600183963776,0.2664959728717804,0.46017012271981095,1.234784722328186,0.2664959728717804,0.030734349983882966,2.731334924697876,0.2664959728717804,0.0017558509179244803,3.550581216812134
Stpg2,0.0,0.0,0.0,0.9979940091511154,0.11319231241941452,0.0,1.0,0.0,0.0,1.0,0.0
Pdlim5,0.13372837007045746,0.14226827025413513,-0.09561004489660263,0.027703648345138086,-2.696577548980713,-0.09561004489660263,0.6768811549452887,-0.7254077196121216,-0.09561004489660263,0.48239154051261834,-0.9624071717262268
Gbp5,0.08147037774324417,0.076695017516613,0.09063314646482468,0.28375373486793753,-1.563496708869934,0.09063314646482468,0.8491788030601345,0.4301912188529968,0.09063314646482468,0.7101296766571108,0.5883914828300476
Gbp7,0.6200941205024719,0.5808355212211609,0.12549389898777008,0.38947214765297655,1.3542110919952393,0.12549389898777008,0.23091102927478507,1.745959997177124,0.12549389898777008,0.056693294068124796,2.3048603534698486
Gbp3,0.25729188323020935,0.3090292811393738,-0.30341705679893494,0.0012371281223829407,-3.736504077911377,-0.30341705679893494,0.011801917230594714,-3.0857462882995605,-0.30341705679893494,0.00017704831037858358,-4.166016578674316
Gbp2b,0.0007666238816455007,0.0010680563282221556,-0.47861382365226746,0.9979940091511154,0.08264552801847458,-0.47861382365226746,0.9502291871962679,-0.25039413571357727,-0.47861382365226746,0.8530656676995771,-0.36639493703842163
Gbp2,0.15603317320346832,0.1904999017715454,-0.3135175406932831,0.004627567224272294,-3.3344976902008057,-0.3135175406932831,0.17028681050533725,-1.9275215864181519,-0.3135175406932831,0.017318344125169676,-2.793426513671875
Kyat3,0.00681662280112505,0.01843527890741825,-1.4437386989593506,0.17271793661156581,-1.8537356853485107,-1.4437386989593506,0.009253605463081993,-3.176745891571045,-1.4437386989593506,1.4327584670348608e-05,-4.75653600692749
Gtf2b,0.6218489408493042,0.6353150606155396,-0.04163303226232529,0.9979940091511154,-0.1645786017179489,-0.04163303226232529,0.7076145971596202,-0.6717495322227478,-0.04163303226232529,0.5198699750131557,-0.8969085216522217
Pkn2,0.45385074615478516,0.4207625985145569,0.13481350243091583,0.2702361620519185,1.5943996906280518,0.13481350243091583,0.22464790984028088,1.7627798318862915,0.13481350243091583,0.053846766755734306,2.3289785385131836
Lmo4,0.1388302445411682,0.18550899624824524,-0.45274844765663147,0.00011911872744402585,-4.356523513793945,-0.45274844765663147,0.0168033867524443,-2.962111711502075,-0.45274844765663147,0.00012474362629491003,-4.252475738525391
Hs2st1,0.09188354760408401,0.09358952194452286,-0.027790149673819542,0.02830738553576047,-2.68802809715271,-0.027790149673819542,0.988326754547568,-0.1767227053642273,-0.027790149673819542,0.9401326750904929,-0.22808873653411865
Selenof,1.1268465518951416,1.223536729812622,-0.20186956226825714,0.000643692651984602,-3.9166676998138428,-0.20186956226825714,1.6798272651152954e-05,-4.863559246063232,-0.20186956226825714,2.4072373778412736e-09,-6.385058403015137
Sh3glb1,1.0675967931747437,1.017187237739563,0.11235038191080093,0.007249403500820216,3.1847918033599854,0.11235038191080093,0.07616985155135744,2.344501256942749,0.11235038191080093,0.005260569613577987,3.2095465660095215
Clca3a1,0.0,0.0,0.0,0.9979940091511154,0.11319231241941452,0.0,1.0,0.0,0.0,1.0,0.0
Odf2l,0.10050716251134872,0.0995343029499054,0.014746099710464478,0.15386627690512822,-1.919103980064392,0.014746099710464478,1.0,0.09413514286279678,0.014746099710464478,1.0,0.12394000589847565
Znhit6,0.08844825625419617,0.17253391444683075,-1.0259480476379395,2.5175401447345312e-14,-8.0889310836792,-1.0259480476379395,8.86121707884564e-11,-7.125749111175537,-1.0259480476379395,3.829139716335223e-22,-10.150514602661133
Bcl10,0.5878788232803345,0.5117137432098389,0.2601323425769806,0.0010351782267301994,3.7867326736450195,0.2601323425769806,0.0014371311149361497,3.750690221786499,0.2601323425769806,4.952496800721894e-06,4.985230445861816
2410004B18Rik,0.335164338350296,0.36286309361457825,-0.1356971114873886,0.3177824770939134,-1.4926958084106445,-0.1356971114873886,0.2552275378085725,-1.6744635105133057,-0.1356971114873886,0.0658130514970864,-2.2388932704925537
Syde2,0.000979089760221541,0.0005727933021262288,0.7737184762954712,0.9979940091511154,0.11043152958154678,0.7737184762954712,0.8093580642980089,0.4981911778450012,0.7737184762954712,0.6955351851901318,0.6104615926742554
Mcoln3,0.003911635372787714,0.005053833592683077,-0.3704307973384857,0.9979940091511154,-0.20447644591331482,-0.3704307973384857,0.7795390738773803,-0.5483017563819885,-0.3704307973384857,0.5978647640946175,-0.7668212652206421
Mcoln2,0.05121398717164993,0.0497039258480072,0.04427650198340416,0.2762086782640155,-1.5811301469802856,0.04427650198340416,0.9800870423040776,0.19063134491443634,0.04427650198340416,0.9226998965663195,0.255612850189209
Ssx2ip,0.03554066643118858,0.04964889958500862,-0.4925401210784912,0.03533882826063562,-2.5978126525878906,-0.4925401210784912,0.16255079865001076,-1.9531264305114746,-0.4925401210784912,0.023416405896936707,-2.6791276931762695
Ctbs,0.03646587207913399,0.057271379977464676,-0.6663926243782043,0.0024140528019097407,-3.539508581161499,-0.6663926243782043,0.02623234310712755,-2.795630931854248,-0.6663926243782043,0.00035252215567898123,-3.9891068935394287
Spata1,0.0177916307002306,0.015369691886007786,0.21286232769489288,0.9979940091511154,-0.2180132120847702,0.21286232769489288,0.8182056221371288,0.4838539659976959,0.21286232769489288,0.6584012601783641,0.669160008430481
Gng5,1.62119722366333,1.5984612703323364,0.04099747911095619,0.4013919950409652,1.3339059352874756,0.04099747911095619,0.4325207598626803,1.251829981803894,0.04099747911095619,0.1785657916622553,1.6930372714996338
Rpf1,0.3183700442314148,0.38152027130126953,-0.30925965309143066,0.0019987087251457703,-3.5942790508270264,-0.30925965309143066,0.0022711652014272446,-3.620922565460205,-0.30925965309143066,7.354595999828219e-06,-4.901841640472412
Samd13,0.0,0.0,0.0,0.9979940091511154,0.11319231241941452,0.0,1.0,0.0,0.0,1.0,0.0
Prkacb,0.3660264313220978,0.35196277499198914,0.06727559864521027,0.9979940091511154,0.3890039622783661,0.06727559864521027,0.6562098438367968,0.7604429721832275,0.06727559864521027,0.46147875269036936,1.0281102657318115
Ttll7,0.0,0.0,0.0,0.9979940091511154,0.11319231241941452,0.0,1.0,0.0,0.0,1.0,0.0
Adgrl2,0.0,0.0,0.0,0.9979940091511154,0.11319231241941452,0.0,1.0,0.0,0.0,1.0,0.0
Ifi44,0.008483425714075565,0.013297897763550282,-0.6519584655761719,0.9979940091511154,-0.4087747633457184,-0.6519584655761719,0.5810439525789133,-0.8871372938156128,-0.6519584655761719,0.32502201833874145,-1.3026047945022583
Gipc2,0.008803736418485641,0.010791201144456863,-0.29510363936424255,0.9979940091511154,-0.37582340836524963,-0.29510363936424255,0.7753868022863663,-0.5568974018096924,-0.29510363936424255,0.5928859878144583,-0.7746745347976685
Dnajb4,0.1609228253364563,0.16688498854637146,-0.056903328746557236,0.07312277991197638,-2.2851309776306152,-0.056903328746557236,0.8543637046726431,-0.42143553495407104,-0.056903328746557236,0.7231759362006023,-0.5685712099075317
Fubp1,0.7904286980628967,0.8770783543586731,-0.22116129100322723,0.004863744509208159,-3.3179330825805664,-0.22116129100322723,0.0014714063306520042,-3.7443161010742188,-0.22116129100322723,4.66037715036407e-06,-4.997797966003418
Nexn,0.0011709834216162562,0.0018329391023144126,-0.6469153165817261,0.9979940091511154,0.024936150759458542,-0.6469153165817261,0.8422628392521185,-0.44208386540412903,-0.6469153165817261,0.6701758077911353,-0.649233877658844
Miga1,0.027305949479341507,0.03631175681948662,-0.417752206325531,0.17872447881525222,-1.8351225852966309,-0.417752206325531,0.4384584371448176,-1.2400877475738525,-0.417752206325531,0.16021537352752957,-1.7741832733154297
Usp33,0.06698081642389297,0.06662147492170334,0.008022797293961048,0.10180240677945061,-2.128300428390503,0.008022797293961048,1.0,0.0430232509970665,0.008022797293961048,1.0,0.05614025518298149
Zzz3,0.16980698704719543,0.1915903091430664,-0.19031518697738647,0.025864672670506895,-2.7243635654449463,-0.19031518697738647,0.2981229669976323,-1.5685288906097412,-0.19031518697738647,0.08037492616341355,-2.1445772647857666
Ak5,0.0,0.0,0.0,0.9979940091511154,0.11319231241941452,0.0,1.0,0.0,0.0,1.0,0.0
Pigk,0.22016023099422455,0.24006515741348267,-0.1397806704044342,0.021683030586739958,-2.792937994003296,-0.1397806704044342,0.3844522569031391,-1.3516371250152588,-0.1397806704044342,0.16021537352752957,-1.7794150114059448
St6galnac3,0.048156097531318665,0.008322060108184814,2.561575174331665,0.2899515994398027,1.5499598979949951,2.561575174331665,3.110482901119444e-07,5.650975227355957,2.561575174331665,6.1260574870026896e-09,6.2479352951049805
Msh4,0.0005571179208345711,0.0023431896697729826,-2.0737059116363525,0.9979940091511154,-0.11577498912811279,-2.0737059116363525,0.44907114907682666,-1.2215341329574585,-2.0737059116363525,0.13452638839267633,-1.882145881652832
Rabggtb,0.2529839873313904,0.330496221780777,-0.4442155659198761,5.519706303205045e-06,-5.051262855529785,-0.4442155659198761,2.163876779214068e-05,-4.811931133270264,-0.4442155659198761,9.097893778509446e-10,-6.539180278778076
Acadm,0.15501530468463898,0.20812368392944336,-0.46449872851371765,1.2123450333761403e-05,-4.884546756744385,-0.46449872851371765,0.0011803169767179097,-3.8090550899505615,-0.46449872851371765,1.0407576246074667e-06,-5.296756267547607
Tyw3,0.013483926653862,0.024476109072566032,-0.8680877685546875,0.18334043020051582,-1.8213186264038086,-0.8680877685546875,0.06512928072027362,-2.417874574661255,-0.8680877685546875,0.002436623832948497,-3.4514541625976562
Cryz,0.03460157290101051,0.05858325958251953,-0.7770841121673584,0.002683731846499333,-3.5051321983337402,-0.7770841121673584,0.004762654731119369,-3.3946447372436523,-0.7770841121673584,8.579261023805854e-06,-4.868201732635498
Fpgt,0.016101229935884476,0.023103978484869003,-0.5260382890701294,0.23761513332879874,-1.6716127395629883,-0.5260382890701294,0.3314831222205079,-1.4908883571624756,-0.5260382890701294,0.10198000386905093,-2.027531623840332
Lrriq3,0.000253029604209587,0.0008905103895813227,-1.815782070159912,0.9979940091511154,0.05503764748573303,-1.815782070159912,0.6982562530551724,-0.6886021494865417,-1.815782070159912,0.4128208720132098,-1.126741886138916
Zranb2,0.4499686062335968,0.5108118653297424,-0.23035722970962524,0.011518202048118396,-3.0276939868927,-0.23035722970962524,0.01249570512243222,-3.065462350845337,-0.23035722970962524,0.0002221741803236382,-4.108694553375244
Cth,0.0005369735299609601,0.0,19.034881591796875,0.9979940091511154,0.16822996735572815,19.034881591796875,0.36167647049845647,1.410125970840454,19.034881591796875,0.2803884929583053,1.410125970840454
Ankrd13c,0.18828240036964417,0.18122407793998718,0.06037140265107155,0.5110140684406044,-1.157571792602539,0.06037140265107155,0.8085428373025542,0.4993797242641449,0.06037140265107155,0.6602107308519047,0.6660009622573853
Srsf11,1.115424633026123,1.1811949014663696,-0.13898339867591858,0.02216974429070859,-2.7851009368896484,-0.13898339867591858,0.019956800706305403,-2.8955600261688232,-0.13898339867591858,0.00045411057124911336,-3.9227070808410645
Lrrc40,0.09732947498559952,0.10926546901464462,-0.1756470948457718,0.008532144791899144,-3.1307337284088135,-0.1756470948457718,0.4806719957252107,-1.162225604057312,-0.1756470948457718,0.22777414266357968,-1.5474258661270142
Depdc1a,0.6083323955535889,0.41594135761260986,0.6990529298782349,5.147875100256098e-16,8.571089744567871,0.6990529298782349,2.869704424413813e-19,9.725433349609375,0.6990529298782349,3.997597477456401e-34,12.785441398620605
Wls,0.02175786904990673,0.01871253363788128,0.21973662078380585,0.9979940091511154,-0.20990896224975586,0.21973662078380585,0.8655901837109301,0.4014866352081299,0.21973662078380585,0.7057825046683958,0.5952929854393005
Tmem68,0.08521290868520737,0.11219783872365952,-0.41668692231178284,0.015410147753399103,-2.9210920333862305,-0.41668692231178284,0.09985588172425709,-2.2152066230773926,-0.41668692231178284,0.00461691121777417,-3.2517201900482178
Tgs1,0.2511700391769409,0.28911349177360535,-0.23157258331775665,0.010997488263543001,-3.0440807342529297,-0.23157258331775665,0.06706304701912001,-2.4033043384552,-0.23157258331775665,0.004748280155596136,-3.242547035217285
Lyn,0.014606541022658348,0.03716759383678436,-1.3637752532958984,0.48847178368502026,-1.1920371055603027,-1.3637752532958984,0.09808240186049938,-2.226694107055664,-1.3637752532958984,0.0010483190682851532,-3.698854446411133
Rps20,3.5863194465637207,3.7461204528808594,-0.2366013079881668,2.1758869755339416e-21,-9.94106388092041,-0.2366013079881668,5.831117541390189e-29,-12.11655330657959,-0.2366013079881668,7.680008506799807e-49,-15.520663261413574
Plag1,0.004627968650311232,0.004253258462995291,0.12208103388547897,0.9979940091511154,0.07569903135299683,0.12208103388547897,1.0,0.12194276601076126,0.12208103388547897,0.971338819348534,0.17538036406040192
Chchd7,0.1617106795310974,0.23615683615207672,-0.6018111109733582,3.3262387986515396e-07,-5.604934215545654,-0.6018111109733582,9.006542968925602e-06,-5.013816833496094,-0.6018111109733582,2.6316239084644587e-11,-7.084930419921875
Gm11808,0.6781633496284485,0.6921724081039429,-0.04074905067682266,0.9979940091511154,-0.3396660089492798,-0.04074905067682266,0.6840197851576211,-0.7127130627632141,-0.04074905067682266,0.4919547607999338,-0.9446317553520203
Penk,0.00140422023832798,0.0,20.422351837158203,0.9979940091511154,0.14071114361286163,20.422351837158203,0.5196272646011879,1.0,20.422351837158203,0.46147875269036936,1.0
Impad1,0.21528930962085724,0.24439850449562073,-0.20476034283638,0.015112268729834493,-2.9283056259155273,-0.20476034283638,0.16242746030612507,-1.9532948732376099,-0.20476034283638,0.0264525838350849,-2.6310782432556152
Fam110b,0.0,0.0006684300606139004,-19.350900650024414,0.9979940091511154,0.027607882395386696,-19.350900650024414,0.5196272646011879,-1.0,-19.350900650024414,0.16021537352752957,-1.759765386581421
Ubxn2b,0.11294692009687424,0.11501491814851761,-0.027696097269654274,0.10716798739220619,-2.102651834487915,-0.027696097269654274,0.9800870423040776,-0.19075091183185577,-0.027696097269654274,0.9239286856407941,-0.25357744097709656
Sdcbp,0.8221684694290161,0.7609062194824219,0.161676824092865,0.0032078476698606307,3.450005531311035,0.161676824092865,0.02816637743859862,2.7663068771362305,0.161676824092865,0.0008811957977767123,3.7447879314422607
Nsmaf,0.408139169216156,0.3246147930622101,0.39425334334373474,0.001996138596509389,3.594724178314209,0.39425334334373474,5.317125433028375e-05,4.602471828460693,0.39425334334373474,2.2062600942881467e-08,6.009834289550781
Tox,0.36904653906822205,0.17165295779705048,1.2531044483184814,3.526692048626415e-05,4.645070552825928,1.2531044483184814,7.988038716529918e-17,8.975362777709961,1.2531044483184814,5.225421189871808e-26,11.095829010009766
Rab2a,0.9773803949356079,0.9660921096801758,0.026200810447335243,0.40126004255543535,1.3341730833053589,0.026200810447335243,0.7680939760130456,0.5696638226509094,0.026200810447335243,0.6003296264149469,0.7619949579238892
Chd7,0.6295058131217957,0.6593224406242371,-0.09056669473648071,0.7658486403051713,-0.8059720396995544,-0.09056669473648071,0.39164391189225944,-1.3365497589111328,-0.09056669473648071,0.16021537352752957,-1.7643303871154785
Asph,0.005782150663435459,0.008925652131438255,-0.6286218166351318,0.9979940091511154,-0.20697005093097687,-0.6286218166351318,0.6886723421463368,-0.7053238749504089,-0.6286218166351318,0.4218517759811903,-1.1103804111480713
2610301B20Rik,0.01579233631491661,0.019190197810530663,-0.2836030125617981,0.729734940407309,-0.8521038889884949,-0.2836030125617981,0.6987390055195843,-0.6865091323852539,-0.2836030125617981,0.4824703710306862,-0.9620826244354248
Plekhf2,0.23396554589271545,0.2290986329317093,0.03397329896688461,0.5396206805920095,-1.1152693033218384,0.03397329896688461,0.902233062383664,0.3368108570575714,0.03397329896688461,0.8064822843022226,0.44044825434684753
Ndufaf6,0.05784498155117035,0.09940796345472336,-0.8115437626838684,2.9108514792080366e-07,-5.63076114654541,-0.8115437626838684,2.154073808366618e-05,-4.817439079284668,-0.8115437626838684,2.976416955650481e-10,-6.714320182800293
Trp53inp1,0.13513095676898956,0.111016184091568,0.3013401925563812,0.9979940091511154,0.45980480313301086,0.3013401925563812,0.272257039013516,1.6306341886520386,0.3013401925563812,0.060034417603095296,2.279022216796875
Ccne2,0.04898674041032791,0.10676787793636322,-1.166235327720642,5.828410243341812e-07,-5.497352600097656,-1.166235327720642,4.005317259088608e-06,-5.198494911193848,-1.166235327720642,3.4434451523158263e-13,-7.696880340576172
Ints8,0.14529949426651,0.18994709849357605,-0.4196736514568329,3.2598426644645694e-05,-4.663060188293457,-0.4196736514568329,0.004176385317151604,-3.4346065521240234,-0.4196736514568329,1.8829030832908562e-05,-4.694717884063721
Dpy19l4,0.04587723687291145,0.04196492210030556,0.1314375102519989,0.49476764283825353,-1.1825969219207764,0.1314375102519989,0.7848627415961066,0.5395408868789673,0.1314375102519989,0.6283470776868714,0.7156490683555603
Virma,0.4219551682472229,0.44829854369163513,-0.10774655640125275,0.39096071777795477,-1.3511831760406494,-0.10774655640125275,0.37925352859607536,-1.3624114990234375,-0.10774655640125275,0.14637550777832253,-1.8371176719665527
Rad54b,0.10405233502388,0.0869845300912857,0.2709863781929016,0.33956603657363255,-1.4497699737548828,0.2709863781929016,0.2400768256122696,1.7180578708648682,0.2709863781929016,0.07713744486804262,2.16471529006958
Fsbp,0.01559117529541254,0.007597047835588455,1.0429962873458862,0.9979940091511154,0.032595112919807434,1.0429962873458862,0.07666096740535164,2.3379297256469727,1.0429962873458862,0.021897053324831772,2.705839157104492
Gem,0.3232042193412781,0.24934092164039612,0.43014609813690186,0.13086631051502015,2.003263473510742,0.43014609813690186,0.0019291930630539501,3.6671016216278076,0.43014609813690186,7.710952017001425e-06,4.892104625701904
Cdh17,0.004859968088567257,0.007757121697068214,-0.6766664385795593,0.9944210829868714,-0.5159111618995667,-0.6766664385795593,0.49874256941378664,-1.1272145509719849,-0.6766664385795593,0.2239970805347801,-1.558463454246521
Pdp1,0.013435666449368,0.019740302115678787,-0.5596364736557007,0.5967411249556445,-1.02932870388031,-0.5596364736557007,0.4136685038735648,-1.2895618677139282,-0.5596364736557007,0.13375906872748888,-1.8853212594985962
Tmem67,0.010073370300233364,0.01444678008556366,-0.5233627557754517,0.8618648132503861,-0.6831614971160889,-0.5233627557754517,0.5328927414559427,-0.975922167301178,-0.5233627557754517,0.2757881639073479,-1.4244277477264404
Rbm12b2,0.04050886258482933,0.04968975856900215,-0.3013833463191986,0.10490074055786415,-2.1133387088775635,-0.3013833463191986,0.46600343064857586,-1.1888506412506104,-0.3013833463191986,0.18356143732512425,-1.6767230033874512
Rbm12b1,0.020362673327326775,0.01621788553893566,0.33134031295776367,0.927266517956562,-0.5998925566673279,0.33134031295776367,0.5437844066104044,0.9562666416168213,0.33134031295776367,0.3807128232619069,1.1871285438537598
Fam92a,0.296029269695282,0.3162427246570587,-0.11061611026525497,0.15318653500068233,-1.9218647480010986,-0.11061611026525497,0.4468932835351502,-1.2249736785888672,-0.11061611026525497,0.20224921852687425,-1.6194827556610107
Otud6b,0.10696513205766678,0.16438338160514832,-0.6622786521911621,4.22465831612867e-07,-5.558268070220947,-0.6622786521911621,2.9640077235278917e-05,-4.747800350189209,-0.6622786521911621,3.3464958188926415e-10,-6.695664882659912
Pip4p2,0.049553439021110535,0.06058904528617859,-0.29810526967048645,0.02433130907528642,-2.7484090328216553,-0.29810526967048645,0.3591424301754352,-1.4280246496200562,-0.29810526967048645,0.11655993285280304,-1.9573637247085571
Tmem64,0.019090352579951286,0.029680082574486732,-0.6443212628364563,0.10048384857668978,-2.1348907947540283,-0.6443212628364563,0.16731788338242726,-1.9368020296096802,-0.6443212628364563,0.020988506316954026,-2.720876455307007
Calb1,0.0,0.0,0.0,0.9979940091511154,0.11319231241941452,0.0,1.0,0.0,0.0,1.0,0.0
Decr1,0.09060222655534744,0.11294516175985336,-0.334394633769989,0.007904745861853158,-3.1565604209899902,-0.334394633769989,0.13801531159222985,-2.0456178188323975,-0.334394633769989,0.014623680536970255,-2.8567354679107666
Nbn,0.09453435242176056,0.13404545187950134,-0.5328555703163147,2.7759426784880023e-05,-4.699573993682861,-0.5328555703163147,0.004424606971651769,-3.416830062866211,-0.5328555703163147,1.3100137773099959e-05,-4.775953769683838
Osgin2,0.09733866155147552,0.11202529072761536,-0.21351851522922516,0.00274938610982617,-3.4978294372558594,-0.21351851522922516,0.342631528792723,-1.4655596017837524,-0.21351851522922516,0.12359648687879955,-1.927433729171753
Ripk2,0.05842379853129387,0.07162266969680786,-0.30348438024520874,0.006881620513066804,-3.2033157348632812,-0.30348438024520874,0.2704584293693104,-1.6349971294403076,-0.30348438024520874,0.07155106380104252,-2.200592279434204
Mmp16,0.04622119665145874,0.03481939062476158,0.4169437885284424,0.7838053131351089,-0.7826389074325562,0.4169437885284424,0.24387980273626259,1.7065513134002686,0.4169437885284424,0.08348968797683763,2.1262054443359375
Cpne3,0.13945716619491577,0.17345163226127625,-0.3398725688457489,0.00028254471797321986,-4.139223098754883,-0.3398725688457489,0.07221808726767494,-2.3711864948272705,-0.3398725688457489,0.004014687291807951,-3.2973902225494385
Rmdn1,0.054734006524086,0.06378668546676636,-0.2274123877286911,0.025403206253868754,-2.7313990592956543,-0.2274123877286911,0.4838376628803302,-1.1567940711975098,-0.2274123877286911,0.22815677514917787,-1.5462077856063843
Gm12353,0.0,0.0,0.0,0.9979940091511154,0.11319231241941452,0.0,1.0,0.0,0.0,1.0,0.0
Wwp1,0.08323804289102554,0.11802008748054504,-0.5292280316352844,0.00012807908523546397,-4.338712215423584,-0.5292280316352844,0.024664255041241853,-2.819924831390381,-0.5292280316352844,0.00024350646788428952,-4.084601402282715
Atp6v0d2,0.0003235535114072263,0.0,18.303882598876953,0.9979940091511154,0.14071114361286163,18.303882598876953,0.5196272646011879,1.0,18.303882598876953,0.46147875269036936,1.0
Ggh,0.24469678103923798,0.26603055000305176,-0.13664013147354126,0.13162513401092477,-2.0003244876861572,-0.13664013147354126,0.507061021233984,-1.1123701333999634,-0.13664013147354126,0.22506279539222615,-1.5557395219802856
Ccnc,0.24258717894554138,0.28300800919532776,-0.25277265906333923,0.00937286895723097,-3.0996525287628174,-0.25277265906333923,0.03472010101512345,-2.684659719467163,-0.25277265906333923,0.0014142681429915149,-3.6122751235961914
Tstd3,0.22231023013591766,0.27283531427383423,-0.33340463042259216,0.00037468694375854657,-4.064058303833008,-0.33340463042259216,0.007614490544530184,-3.237388849258423,-0.33340463042259216,6.981557611394521e-05,-4.392899513244629
Usp45,0.08611631393432617,0.07511597871780396,0.2052081674337387,0.8364064947968517,-0.7174487113952637,0.2052081674337387,0.4958382877952603,1.1328059434890747,0.2052081674337387,0.2380962134098599,1.5195378065109253
Pnisr,0.6116483211517334,0.6435576677322388,-0.09877683222293854,0.6726736187765545,-0.9275357723236084,-0.09877683222293854,0.3786162796568149,-1.3635859489440918,-0.09877683222293854,0.14295446473335413,-1.8499027490615845
Coq3,0.10308563709259033,0.1470179706811905,-0.5444998741149902,2.95569762354002e-06,-5.179060459136963,-0.5444998741149902,0.00038887858487775923,-4.108989238739014,-0.5444998741149902,2.1182721510518963e-07,-5.6004157066345215
Faxc,0.009717557579278946,0.01389935053884983,-0.5193740725517273,0.7549163156509916,-0.8191525340080261,-0.5193740725517273,0.5196272646011879,-1.0766271352767944,-0.5193740725517273,0.24851210182060054,-1.4909899234771729
Fbxl4,0.010588941164314747,0.014500996097922325,-0.4564216434955597,0.5349979649753541,-1.1225720643997192,-0.4564216434955597,0.5196272646011879,-1.0139594078063965,-0.4564216434955597,0.3102240401129512,-1.333935260772705
Pou3f2,0.0,0.0,0.0,0.9979940091511154,0.11319231241941452,0.0,1.0,0.0,0.0,1.0,0.0
Mms22l,0.27296072244644165,0.3322994112968445,-0.32874974608421326,0.00039991508711099754,-4.046959400177002,-0.32874974608421326,0.0024819973259844644,-3.5944817066192627,-0.32874974608421326,9.230917344100275e-06,-4.853057861328125
Klhl32,0.002273819874972105,0.0013583933468908072,0.7438767552375793,0.9979940091511154,0.10820508748292923,0.7438767552375793,0.701996683114835,0.6811680793762207,0.7438767552375793,0.5507125733287282,0.844585657119751
Ndufaf4,0.11301169544458389,0.21459175646305084,-1.0003966093063354,1.7520551523707775e-12,-7.530094146728516,-1.0003966093063354,1.9686583131898718e-10,-7.015374660491943,-1.0003966093063354,7.168888985053518e-23,-10.328442573547363
Ufl1,0.15500138700008392,0.22591355443000793,-0.5962645411491394,6.998080099580921e-08,-5.886713027954102,-0.5962645411491394,1.29885808474976e-05,-4.9291605949401855,-0.5962645411491394,1.0947422769203811e-10,-6.869962692260742
Manea,0.034373342990875244,0.05276523157954216,-0.6316605806350708,0.018011141386946334,-2.8644514083862305,-0.6316605806350708,0.051718186809628544,-2.5216140747070312,-0.6316605806350708,0.0014373672678398841,-3.607377529144287
Map3k7,0.14576531946659088,0.15567660331726074,-0.10223367065191269,0.043873063746470965,-2.5075080394744873,-0.10223367065191269,0.6157305958759175,-0.827987551689148,-0.10223367065191269,0.42653500711935194,-1.1015664339065552
Bach2,0.01863793656229973,0.022202469408512115,-0.2550578713417053,0.9979940091511154,-0.2498958557844162,-0.2550578713417053,0.808439838137394,-0.4997211992740631,-0.2550578713417053,0.6124310854125835,-0.7412797808647156
Casp8ap2,0.5554221868515015,0.6550707221031189,-0.3171536326408386,0.00017668741521791568,-4.2585601806640625,-0.3171536326408386,0.00020094236581161536,-4.2792744636535645,-0.3171536326408386,8.53659482852043e-08,-5.768305778503418
Mdn1,0.10080016404390335,0.1587664783000946,-0.6981263160705566,1.1455697399428076e-05,-4.895856857299805,-0.6981263160705566,0.00023200730378356357,-4.252635478973389,-0.6981263160705566,5.301645127570215e-09,-6.252340316772461
Lyrm2,0.21273508667945862,0.2065090537071228,0.04750107228755951,0.9485794871354793,-0.573531448841095,0.04750107228755951,0.8545852417737894,0.4207172393798828,0.04750107228755951,0.7205841328536697,0.5724628567695618
Ankrd6,0.0004365232598502189,0.0006508500082418323,-0.5764201283454895,0.9979940091511154,0.05521576479077339,-0.5764201283454895,0.9372367577150617,-0.2734867036342621,-0.5764201283454895,0.8479236437986927,-0.374606728553772
Rragd,0.0002899288374464959,0.0,18.145553588867188,0.9979940091511154,0.14071114361286163,18.145553588867188,0.5196272646011879,1.0,18.145553588867188,0.46147875269036936,1.0
Ube2j1,0.30438297986984253,0.35926568508148193,-0.2809382677078247,0.0046744960902264585,-3.3307573795318604,-0.2809382677078247,0.01034038457288388,-3.132861852645874,-0.2809382677078247,0.00011647014669969445,-4.269626617431641
Gabrr2,0.0003096452564932406,0.0,18.2404842376709,0.9979940091511154,0.14071114361286163,18.2404842376709,0.5196272646011879,1.0,18.2404842376709,0.46147875269036936,1.0
Gabrr1,0.0005487062153406441,0.0,19.066072463989258,0.9979940091511154,0.14071114361286163,19.066072463989258,0.5196272646011879,1.0,19.066072463989258,0.46147875269036936,1.0
Pm20d2,0.0002499305410310626,0.0,17.931354522705078,0.9979940091511154,0.14071114361286163,17.931354522705078,0.5196272646011879,1.0,17.931354522705078,0.46147875269036936,1.0
Srsf12,0.0021263251546770334,0.001670801779255271,0.34815019369125366,0.9984208920935209,-0.004630999639630318,0.34815019369125366,0.906406404993979,0.32852375507354736,0.34815019369125366,0.8309294678832733,0.40146151185035706
Pnrc1,1.171588659286499,1.0580686330795288,0.2438284009695053,6.228658132862277e-07,5.484706401824951,0.2438284009695053,0.0004082855599706926,4.097535610198975,0.2438284009695053,1.6282991992619274e-07,5.649120807647705
Rngtt,0.3259428143501282,0.3210166096687317,0.025715406984090805,0.9979940091511154,-0.35988208651542664,0.025715406984090805,0.9300587015108724,0.2858242094516754,0.025715406984090805,0.842423857400525,0.3831777572631836
Spaca1,0.0002899288374464959,0.0023464071564376354,-3.0181620121002197,0.9979940091511154,-0.03045772761106491,-3.0181620121002197,0.5196272646011879,-1.059272050857544,-3.0181620121002197,0.15070302087892792,-1.821956992149353
Akirin2,0.7086464166641235,0.5898998379707336,0.3594576418399811,7.140665284313487e-08,5.882972240447998,0.3594576418399811,2.883811839858853e-07,5.698928356170654,0.3594576418399811,4.764858854595441e-13,7.654770851135254
Orc3,0.202780082821846,0.24218390882015228,-0.2856641113758087,0.003390459286495398,-3.4322831630706787,-0.2856641113758087,0.03502848997930676,-2.6812684535980225,-0.2856641113758087,0.0012449218099509197,-3.6481831073760986
Rars2,0.09303566068410873,0.1227075383067131,-0.4211566150188446,0.00020613008586758247,-4.220532417297363,-0.4211566150188446,0.02693150194043461,-2.784048080444336,-0.4211566150188446,0.0007070378693452072,-3.804727554321289
Slc35a1,0.0903768539428711,0.1067742109298706,-0.2525606155395508,0.0018859168574852552,-3.6123576164245605,-0.2525606155395508,0.2849130259886969,-1.5986924171447754,-0.2525606155395508,0.08031122890987374,-2.1450750827789307
Smim8,0.2872576415538788,0.26945769786834717,0.10572142153978348,0.9572907012626023,0.5626664161682129,0.10572142153978348,0.5168738139071093,1.0947685241699219,0.10572142153978348,0.25498308330284936,1.4750229120254517
Zfp292,0.47225120663642883,0.48763707280158997,-0.058236509561538696,0.9131225029377312,-0.6185946464538574,-0.058236509561538696,0.7019682748688014,-0.6814894676208496,-0.058236509561538696,0.4970761678065041,-0.9356779456138611
Mob3b,0.0014868699945509434,0.011266954243183136,-2.9288086891174316,0.8372663921447522,-0.7163800001144409,-2.9288086891174316,0.07732055467915579,-2.3423216342926025,-2.9288086891174316,0.00037452042069820217,-3.9780962467193604
C9orf72,0.006238582078367472,0.009721734561026096,-0.6425114870071411,0.9714892571601285,-0.5439643263816833,-0.6425114870071411,0.49469452559649196,-1.135266661643982,-0.6425114870071411,0.1937932084067198,-1.646423101425171
Aco1,0.042063359171152115,0.03730858117341995,0.17650918662548065,0.6563433246090982,-0.9496220946311951,0.17650918662548065,0.6983527453766474,0.6873303651809692,0.17650918662548065,0.5090386263665939,0.9159883856773376
Ddx58,0.28825002908706665,0.19632728397846222,0.6230430603027344,0.011719051627530737,3.021103858947754,0.6230430603027344,2.155132864854191e-06,5.2979960441589355,0.6230430603027344,1.0468778578953254e-10,6.881541728973389
Topors,0.3328394889831543,0.3670840561389923,-0.16742391884326935,0.047296197231815454,-2.476961374282837,-0.16742391884326935,0.20254835850044603,-1.8241208791732788,-0.16742391884326935,0.04131852438417072,-2.4433176517486572
Smim27,0.12938888370990753,0.11007190495729446,0.24747945368289948,0.6449358476213503,-0.9637822508811951,0.24747945368289948,0.2990850928703955,1.5659587383270264,0.24747945368289948,0.09271409525661507,2.075665235519409
Ndufb6,0.797134518623352,0.8614748120307922,-0.1647397130727768,0.03230013651126728,-2.6350386142730713,-0.1647397130727768,0.012217933782261176,-3.0727615356445312,-0.1647397130727768,0.00023924828363888222,-4.089710235595703
Aptx,0.08052494376897812,0.08267535269260406,-0.039593975991010666,0.06153548042441377,-2.362165927886963,-0.039593975991010666,0.9571935968079028,-0.23628148436546326,-0.039593975991010666,0.8881020080501731,-0.30992063879966736
Dnaja1,1.3967655897140503,1.570551872253418,-0.3244566321372986,1.493258751050969e-12,-7.5515570640563965,-0.3244566321372986,1.6691999203370337e-10,-7.0096588134765625,-0.3244566321372986,2.0227928263553355e-20,-9.724312782287598
Smu1,0.5702279806137085,0.6086503267288208,-0.1244976744055748,0.2928956821924766,-1.544438362121582,-0.1244976744055748,0.1535818178211101,-1.9858318567276,-0.1244976744055748,0.0247492314027041,-2.657423257827759
B4galt1,0.3728949725627899,0.356882244348526,0.07557296752929688,0.9979940091511154,0.4980996251106262,0.07557296752929688,0.6063324582047124,0.8439062833786011,0.07557296752929688,0.4065424252763599,1.1385880708694458
Bag1,1.1069796085357666,1.1278806924819946,-0.04481373727321625,0.6159159964689991,-1.0035910606384277,-0.04481373727321625,0.5336415249689985,-0.974198579788208,-0.04481373727321625,0.30343582939291835,-1.3492047786712646
Chmp5,0.5734633803367615,0.5782908797264099,-0.01590883731842041,0.8002232352495514,0.7617993950843811,-0.01590883731842041,0.9523296937450284,-0.2462545782327652,-0.01590883731842041,0.8769794710964525,-0.32983577251434326
Nfx1,0.21264098584651947,0.27625563740730286,-0.4253401756286621,3.5200913095171795e-05,-4.645605087280273,-0.4253401756286621,0.0014627760701991601,-3.749767303466797,-0.4253401756286621,1.4570107758527024e-06,-5.230358600616455
Aqp7,0.0,0.0,0.0,0.9979940091511154,0.11319231241941452,0.0,1.0,0.0,0.0,1.0,0.0
Aqp3,0.01774197816848755,0.011331846006214619,0.651418924331665,0.9984208920935209,-0.012646190822124481,0.651418924331665,0.25346680137263355,1.679441213607788,0.651418924331665,0.09150618119132843,2.0820372104644775
Nol6,0.05991177633404732,0.0850323736667633,-0.5235121250152588,0.00018860900951212542,-4.242351531982422,-0.5235121250152588,0.028775437239227614,-2.7592389583587646,-0.5235121250152588,0.0006753317137112341,-3.8170504570007324
Ube2r2,0.38377970457077026,0.4388788044452667,-0.23600679636001587,0.0481784209852456,-2.469391345977783,-0.23600679636001587,0.02330271711805188,-2.838724374771118,-0.23600679636001587,0.000664121436500744,-3.821974277496338
Ubap2,0.36078324913978577,0.39909622073173523,-0.17498700320720673,0.0733295907611168,-2.283884286880493,-0.17498700320720673,0.11351916044808019,-2.1463510990142822,-0.17498700320720673,0.01367536069587932,-2.8819403648376465
Dcaf12,0.2245052605867386,0.22685325145721436,-0.01676757261157036,0.3409403534753704,-1.4464749097824097,-0.01676757261157036,0.9919031602853093,-0.1700925976037979,-0.01676757261157036,0.9432973974418648,-0.22288115322589874
Ubap1,0.13365408778190613,0.11865466088056564,0.1827823370695114,0.6427835285460636,-0.9671664237976074,0.1827823370695114,0.38974597932026706,1.340637445449829,0.1827823370695114,0.16021537352752957,1.7626928091049194
Kif24,0.024837063625454903,0.020000029355287552,0.31599465012550354,0.9363564736046766,-0.5877807140350342,0.31599465012550354,0.5196272646011879,1.0215144157409668,0.31599465012550354,0.33091498353695503,1.2895528078079224
Nudt2,0.11595507711172104,0.15997537970542908,-0.4967677593231201,1.7770577846647154e-05,-4.800743579864502,-0.4967677593231201,0.0013747185172144295,-3.7663581371307373,-0.4967677593231201,1.5868506344764781e-06,-5.213645935058594
1110017D15Rik,0.0004390626272652298,0.0,18.744386672973633,0.9979940091511154,0.14071114361286163,18.744386672973633,0.5196272646011879,1.0,18.744386672973633,0.46147875269036936,1.0
Fam219a,0.017681056633591652,0.013399862684309483,0.40308254957199097,0.9979940091511154,-0.23671531677246094,0.40308254957199097,0.5196272646011879,1.0303230285644531,0.40308254957199097,0.32274434909118127,1.3073688745498657
Enho,0.012921200133860111,0.022890105843544006,-0.8321964144706726,0.45618996067271883,-1.2412859201431274,-0.8321964144706726,0.17660478081569633,-1.9058963060379028,-0.8321964144706726,0.016533759270642757,-2.810399293899536
Cntfr,0.0040311021730303764,0.003876089584082365,0.05668416619300842,0.9979940091511154,-0.09172940999269485,0.05668416619300842,1.0,0.07671336829662323,0.05668416619300842,1.0,0.09990289062261581
Il11ra1,0.0028636252973228693,0.005863711703568697,-1.0361368656158447,0.9979940091511154,-0.26361075043678284,-1.0361368656158447,0.4920667928304046,-1.140358805656433,-1.0361368656158447,0.16760030445755605,-1.7331480979919434
Rpp25l,0.38512879610061646,0.38414424657821655,0.004448383580893278,0.9979940091511154,-0.37653589248657227,0.004448383580893278,1.0,0.05563957616686821,0.004448383580893278,1.0,0.07399024069309235
Dctn3,0.9670141339302063,0.9917774796485901,-0.05721266567707062,0.9979940091511154,-0.06670420616865158,-0.05721266567707062,0.40986427923778473,-1.2976362705230713,-0.05721266567707062,0.17371509385849992,-1.7100207805633545
Arid3c,0.0014022368704900146,0.0,20.420310974121094,0.9979940091511154,0.22326761484146118,20.420310974121094,0.15647260467768404,1.9736573696136475,20.420310974121094,0.11308443092092164,1.9736573696136475
Sigmar1,0.11822212487459183,0.2158605307340622,-0.9409903883934021,1.0190090347662248e-14,-8.205151557922363,-0.9409903883934021,3.2913776575161184e-12,-7.631131172180176,-0.9409903883934021,8.04667014976574e-25,-10.783056259155273
Galt,0.08544512093067169,0.09876693785190582,-0.21878716349601746,0.014660501736853975,-2.9394378662109375,-0.21878716349601746,0.366947820220315,-1.3903480768203735,-0.21878716349601746,0.13586564394496678,-1.8767560720443726
Ccl27a,0.05728449672460556,0.05434243753552437,0.07820767909288406,0.2683266644141921,-1.59840726852417,0.07820767909288406,0.8849097926321172,0.3673594295978546,0.07820767909288406,0.776650043554811,0.486003577709198
Gm20878,0.00220646639354527,0.001276054885238409,0.790718138217926,0.9979940091511154,0.1359020173549652,0.790718138217926,0.658081769910508,0.7567487955093384,0.790718138217926,0.4892781639413006,0.9494712948799133
Ccl19,0.0009886599145829678,0.0,19.915828704833984,0.9979940091511154,0.16822996735572815,19.915828704833984,0.36167647049845647,1.410995602607727,19.915828704833984,0.2801966871638719,1.410995602607727
Phf24,0.00037088574026711285,0.0,18.500886917114258,0.9979940091511154,0.14071114361286163,18.500886917114258,0.5196272646011879,1.0,18.500886917114258,0.46147875269036936,1.0
Dnajb5,0.014329568482935429,0.006788267754018307,1.0833290815353394,0.9979940091511154,0.08602972328662872,1.0833290815353394,0.07310735057745628,2.362091064453125,1.0833290815353394,0.020555314607663935,2.7308411598205566
1700022I11Rik,0.0018885901663452387,0.0025031385011970997,-0.4068717658519745,0.9979940091511154,-0.032416995614767075,-0.4068717658519745,0.8943692386623542,-0.350597620010376,-0.4068717658519745,0.7822454935289403,-0.477364182472229
Vcp,0.870562732219696,1.125877022743225,-0.5853352546691895,1.1850575278367892e-21,-10.00580883026123,-0.5853352546691895,7.317108728397578e-28,-11.899301528930664,-0.5853352546691895,5.590784837727183e-49,-15.525221824645996
Fancg,0.06308051198720932,0.06510814279317856,-0.047121841460466385,0.05295453791874892,-2.428781032562256,-0.047121841460466385,0.9455955746879173,-0.2580312490463257,-0.047121841460466385,0.8721343176514021,-0.3373381793498993
Pigo,0.05618557706475258,0.07534783333539963,-0.43734025955200195,0.0026468883633839852,-3.509674310684204,-0.43734025955200195,0.07837206899747592,-2.330378532409668,-0.43734025955200195,0.005859418050246522,-3.1739327907562256
Stoml2,0.4116020202636719,0.5261270999908447,-0.4432056248188019,1.4951322555596532e-06,-5.315229415893555,-0.4432056248188019,3.0325416314041835e-08,-6.119380950927734,-0.4432056248188019,2.5646393934303178e-15,-8.338730812072754
Fam214b,0.010303358547389507,0.019682811573147774,-0.9406043887138367,0.6060446335788161,-1.0163263082504272,-0.9406043887138367,0.15875254953414447,-1.9678877592086792,-0.9406043887138367,0.011126064249453732,-2.9558393955230713
Unc13b,0.0,0.001174203585833311,-20.164098739624023,0.9979940091511154,-0.05797655135393143,-20.164098739624023,0.36669193623896934,-1.3931175470352173,-20.164098739624023,0.040721192620463094,-2.4515600204467773
Atp8b5,0.0,0.0,0.0,0.9979940091511154,0.11319231241941452,0.0,1.0,0.0,0.0,1.0,0.0
Tesk1,0.0793878585100174,0.07955560833215714,-0.0031676720827817917,0.14051044053509124,-1.966749906539917,-0.0031676720827817917,1.0,-0.016471100971102715,-0.0031676720827817917,1.0,-0.022227777168154716
Cd72,0.09276207536458969,0.08372291177511215,0.15452897548675537,0.5326613563913157,-1.1260453462600708,0.15452897548675537,0.6416740557572232,0.7832403182983398,0.15452897548675537,0.4472883706843026,1.0640922784805298
Sit1,0.3141297996044159,0.2751370370388031,0.22071698307991028,0.5136815477814725,1.153296947479248,0.22071698307991028,0.06832897135345964,2.3941490650177,0.22071698307991028,0.00694357356554428,3.118128776550293
Ccdc107,0.24759067595005035,0.24866913259029388,-0.007080525625497103,0.5914547936568325,-1.0369876623153687,-0.007080525625497103,1.0,-0.07161394506692886,-0.007080525625497103,1.0,-0.09544453024864197
Arhgef39,0.03746717795729637,0.02347179874777794,0.6848456859588623,0.9979940091511154,-0.05601728335022926,0.6848456859588623,0.0480887523286342,2.548448085784912,0.6848456859588623,0.00716490957165915,3.1086413860321045
Car9,0.0009869615314528346,0.0017868856666609645,-0.8569580912590027,0.9979940091511154,-0.06020299345254898,-0.8569580912590027,0.7067253860777346,-0.6734336614608765,-0.8569580912590027,0.4768329954135379,-0.972506582736969
Tpm2,0.0003229266148991883,0.0006546404911205173,-1.0197336673736572,0.9979940091511154,0.05521576479077339,-1.0197336673736572,0.8351599829467724,-0.4544299840927124,-1.0197336673736572,0.6555417986029662,-0.6733744144439697
Tln1,1.3604705333709717,1.3418529033660889,0.03624502569437027,0.06659583929081388,2.3272552490234375,0.03624502569437027,0.6078891267053811,0.841296911239624,0.03624502569437027,0.4269425165009763,1.1007115840911865
Creb3,0.15689338743686676,0.16381964087486267,-0.06745357811450958,0.1369934178087237,-1.9792178869247437,-0.06745357811450958,0.7891898113252548,-0.5327369570732117,-0.06745357811450958,0.621107840228064,-0.7272435426712036
Gba2,0.06975089013576508,0.06304584443569183,0.15070056915283203,0.39918980241288554,-1.3374682664871216,0.15070056915283203,0.6197200402629296,0.8219882845878601,0.15070056915283203,0.4485414833788447,1.061118483543396
Rgp1,0.024917326867580414,0.026799991726875305,-0.10644727945327759,0.5391482596424277,-1.1160708665847778,-0.10644727945327759,0.9115339396476863,-0.31983450055122375,-0.10644727945327759,0.8122118823718806,-0.43151506781578064
Hint2,0.19303080439567566,0.19540397822856903,-0.019396090880036354,0.26582185548584536,-1.6042851209640503,-0.019396090880036354,0.9909033572715821,-0.1719469428062439,-0.019396090880036354,0.9393737809883326,-0.22971990704536438
Fam221b,0.00901639461517334,0.0042151473462581635,1.1004345417022705,0.9979940091511154,0.18951474130153656,1.1004345417022705,0.17617766661239262,1.9049549102783203,1.1004345417022705,0.06680765473975891,2.2324764728546143
Tmem8b,0.0005627110949717462,0.0,19.10244369506836,0.9979940091511154,0.16822996735572815,19.10244369506836,0.36369452628189763,1.3994972705841064,19.10244369506836,0.2834484468153106,1.3994972705841064
Olfr71,0.0,0.0,0.0,0.9979940091511154,0.11319231241941452,0.0,1.0,0.0,0.0,1.0,0.0
Reck,0.03979199752211571,0.03732064738869667,0.09429843723773956,0.49252819329356146,-1.1863373517990112,0.09429843723773956,0.893426322374012,0.35243114829063416,0.09429843723773956,0.7850513202768612,0.4728725850582123
Glipr2,0.9489172101020813,0.9834191203117371,-0.08035873621702194,0.7948621212343264,-0.7685678005218506,-0.08035873621702194,0.3660682582907359,-1.3930500745773315,-0.08035873621702194,0.14370562516849417,-1.8470429182052612
Ccin,0.0,0.0,0.0,0.9979940091511154,0.11319231241941452,0.0,1.0,0.0,0.0,1.0,0.0
Clta,1.718258023262024,1.717084288597107,0.0020634157117456198,0.5994758853558158,1.0254101753234863,0.0020634157117456198,1.0,0.0637064278125763,0.0020634157117456198,1.0,0.08603032678365707
Gne,0.044387638568878174,0.063474640250206,-0.5299144983291626,0.009819023723770456,-3.083087921142578,-0.5299144983291626,0.09494285143100015,-2.2403111457824707,-0.5299144983291626,0.004913063098294908,-3.230823516845703
Rnf38,0.1379711776971817,0.13671663403511047,0.014103928580880165,0.2118456035203818,-1.7411667108535767,0.014103928580880165,1.0,0.10197526216506958,0.014103928580880165,0.9946460402321589,0.1376841813325882
Melk,0.3585854172706604,0.29035136103630066,0.3563944101333618,0.006655929411158311,3.2146260738372803,0.3563944101333618,0.0004656844718913709,4.05781364440918,0.3563944101333618,8.374320820409032e-07,5.340145587921143
Pax5,0.0004036705940961838,0.0064004287123680115,-3.9912428855895996,0.9979940091511154,0.05503764748573303,-3.9912428855895996,0.5557135657834544,-0.9350727796554565,-3.9912428855895996,0.19640497959653774,-1.6387161016464233
Zcchc7,0.3630062937736511,0.41791218519210815,-0.2453823834657669,0.023030453389551904,-2.770228147506714,-0.2453823834657669,0.031457793358364176,-2.7243168354034424,-0.2453823834657669,0.0008076355687170449,-3.768240451812744
Grhpr,0.1162998229265213,0.14594557881355286,-0.3494338095188141,0.0005741096376257765,-3.947659969329834,-0.3494338095188141,0.04761666143519493,-2.5554566383361816,-0.3494338095188141,0.0021959220583267726,-3.4832091331481934
Zbtb5,0.0338689461350441,0.038166794925928116,-0.17547376453876495,0.19466501666731265,-1.788189172744751,-0.17547376453876495,0.7143302132664751,-0.6597989797592163,-0.17547376453876495,0.520307341633446,-0.8959841132164001
Polr1e,0.11525799334049225,0.15481162071228027,-0.4548208713531494,6.288871233290546e-05,-4.510148048400879,-0.4548208713531494,0.008023328125961744,-3.2205939292907715,-0.4548208713531494,5.718601889794485e-05,-4.439690113067627
Fbxo10,0.0009712541941553354,0.0007268869667313993,0.41829371452331543,0.9979940091511154,0.08282364159822464,0.41829371452331543,0.9568884657771676,0.23676525056362152,0.41829371452331543,0.900735736521494,0.29052260518074036
Tomm5,0.8077481389045715,1.0022789239883423,-0.4725103974342346,2.1819175357608367e-17,-8.941658020019531,-0.4725103974342346,2.978424904921141e-18,-9.464978218078613,-0.4725103974342346,7.278743357801193e-34,-12.722634315490723
Trmt10b,0.047007229179143906,0.055435046553611755,-0.2440468966960907,0.11912564803802302,-2.0505530834198,-0.2440468966960907,0.5196272646011879,-1.0423847436904907,-0.2440468966960907,0.25971626554462396,-1.463067650794983
Exosc3,0.7075673341751099,0.8395212292671204,-0.3540339767932892,3.3586482061260483e-07,-5.603064060211182,-0.3540339767932892,9.127029188926606e-08,-5.921410083770752,-0.3540339767932892,1.3515800328210561e-14,-8.127209663391113
Dcaf10,0.09912977367639542,0.11257537454366684,-0.1933710277080536,0.009739181503369183,-3.086205005645752,-0.1933710277080536,0.45695298509675975,-1.206498384475708,-0.1933710277080536,0.19494661490283938,-1.6426061391830444
Slc25a51,0.1606404036283493,0.1721438318490982,-0.10830777138471603,0.04549323966326645,-2.4930808544158936,-0.10830777138471603,0.5862057142932126,-0.878322422504425,-0.10830777138471603,0.3866122673289831,-1.1760926246643066
Shb,0.0012177546741440892,0.0,20.216670989990234,0.9979940091511154,0.19574879109859467,20.216670989990234,0.2599006513450753,1.6614267826080322,20.216670989990234,0.18882207815113225,1.6614267826080322
Aldh1b1,0.006725303828716278,0.01151164248585701,-0.7788800597190857,0.7731678721902832,-0.7959975600242615,-0.7788800597190857,0.35054971483351965,-1.4473001956939697,-0.7788800597190857,0.0901278960318806,-2.0894224643707275
Stra6l,0.0,0.0023499312810599804,-21.165884017944336,0.9979940091511154,0.027607882395386696,-21.165884017944336,0.5196272646011879,-1.0,-21.165884017944336,0.16021537352752957,-1.759765386581421
Ccdc180,0.006579854059964418,0.0064429789781570435,0.03042658604681492,0.9979940091511154,0.043905436992645264,0.03042658604681492,1.0,0.03585829958319664,0.03042658604681492,1.0,0.0530630424618721
Tdrd7,0.004172146320343018,0.008614287711679935,-1.0491492748260498,0.9979940091511154,-0.43264222145080566,-1.0491492748260498,0.4489197728281119,-1.2218235731124878,-1.0491492748260498,0.1497104572752086,-1.8246294260025024
Tmod1,0.009132596664130688,0.009991667233407497,-0.13032083213329315,0.8693874326260927,-0.6739885210990906,-0.13032083213329315,0.9354880963754598,-0.276589035987854,-0.13032083213329315,0.8596252451210872,-0.3557266294956207
Tstd2,0.08150646835565567,0.09382498264312744,-0.21207323670387268,0.02377346719690743,-2.7582054138183594,-0.21207323670387268,0.40314173064072867,-1.3114572763442993,-0.21207323670387268,0.16021537352752957,-1.7675098180770874
Ncbp1,0.3831753432750702,0.42947959899902344,-0.2002420872449875,0.0713467407765484,-2.296619415283203,-0.2002420872449875,0.05006042110638065,-2.5339925289154053,-0.2002420872449875,0.0027935804534266486,-3.4106686115264893
Xpa,0.23751017451286316,0.2396315485239029,-0.014419488608837128,0.5184928397188849,-1.1459943056106567,-0.014419488608837128,1.0,-0.13950125873088837,-0.014419488608837128,0.9634436207669774,-0.18746165931224823
Foxe1,0.0,0.0006454145768657327,-19.300334930419922,0.9979940091511154,0.027607882395386696,-19.300334930419922,0.5196272646011879,-1.0,-19.300334930419922,0.16021537352752957,-1.759765386581421
Trmo,0.03516204655170441,0.04826289415359497,-0.46641144156455994,0.05287579724208471,-2.4295825958251953,-0.46641144156455994,0.23316142174409732,-1.7403619289398193,-0.46641144156455994,0.03869302785614217,-2.4721362590789795
Hemgn,0.0013950360007584095,0.002771963132545352,-0.9915987253189087,0.9979940091511154,-0.23083750903606415,-0.9915987253189087,0.5706141982736939,-0.906172513961792,-0.9915987253189087,0.3640619215834518,-1.2203072309494019
Anp32b,2.4035332202911377,2.3247759342193604,0.12541911005973816,0.3876907344214364,1.3572391271591187,0.12541911005973816,0.023657938475673043,2.8383448123931885,0.12541911005973816,7.64224546144652e-05,4.371591567993164
Nans,0.7632684707641602,0.8770812153816223,-0.2937164604663849,9.84546472531624e-06,-4.928095817565918,-0.2937164604663849,4.628201498913666e-06,-5.148958206176758,-0.2937164604663849,5.049971109718763e-11,-6.987728118896484
Trim14,0.05808720737695694,0.047890011221170425,0.28591635823249817,0.9979940091511154,-0.24686789512634277,0.28591635823249817,0.5465330523131717,0.9510876536369324,0.28591635823249817,0.2947330787474682,1.3692796230316162
Coro2a,0.2717927396297455,0.2648748755455017,0.042408909648656845,0.3763492403682911,-1.37870192527771,0.042408909648656845,0.8669578477147448,0.3988291919231415,0.042408909648656845,0.7519905357633834,0.5231302976608276
Tbc1d2,0.047257743775844574,0.08088518679141998,-0.7998407483100891,6.898392899303037e-05,-4.487794876098633,-0.7998407483100891,0.0011052053545826685,-3.8289284706115723,-0.7998407483100891,5.044186141020431e-07,-5.4351043701171875
Gabbr2,0.0,0.0,0.0,0.9979940091511154,0.11319231241941452,0.0,1.0,0.0,0.0,1.0,0.0
Anks6,0.0,0.0,0.0,0.9979940091511154,0.11319231241941452,0.0,1.0,0.0,0.0,1.0,0.0
Galnt12,0.13463105261325836,0.17358772456645966,-0.3954765498638153,0.0005909591127806343,-3.9396445751190186,-0.3954765498638153,0.014233361740348428,-3.021632671356201,-0.3954765498638153,0.00013569968386118359,-4.231903553009033
Col15a1,0.0016140129882842302,0.0019430388929322362,-0.2679000496864319,0.9984208920935209,-0.004630999639630318,-0.2679000496864319,0.9524227210842212,-0.24545161426067352,-0.2679000496864319,0.8718329382799261,-0.33788952231407166
Tgfbr1,0.05006233975291252,0.05549952760338783,-0.15270625054836273,0.07595694475728981,-2.268299102783203,-0.15270625054836273,0.7099965528427599,-0.6670676469802856,-0.15270625054836273,0.518547466072712,-0.8994084000587463
Alg2,0.017802251502871513,0.025344012305140495,-0.5150446891784668,0.3051212865983661,-1.5188788175582886,-0.5150446891784668,0.29958828167995466,-1.5650142431259155,-0.5150446891784668,0.0733751346346866,-2.188734531402588
Sec61b,2.072563409805298,2.175647735595703,-0.1689240038394928,8.101668804340647e-05,-4.450034141540527,-0.1689240038394928,2.740002662415238e-06,-5.253232955932617,-0.1689240038394928,6.698199447083132e-11,-6.947526454925537
Nr4a3,0.09332270175218582,0.09463062137365341,-0.02103731781244278,0.2622047666188423,-1.6131908893585205,-0.02103731781244278,1.0,-0.10792212188243866,-0.02103731781244278,0.9882606503318245,-0.14832685887813568
Stx17,0.0802011787891388,0.10516773164272308,-0.409284383058548,0.0028978639327983595,-3.4810867309570312,-0.409284383058548,0.11271107044339312,-2.151350736618042,-0.409284383058548,0.007526593959600506,-3.09075665473938
Erp44,0.6165910959243774,0.6849690079689026,-0.20636139810085297,0.008725555778114702,-3.1232528686523438,-0.20636139810085297,0.0044724680148255464,-3.410396099090576,-0.20636139810085297,3.121754679229118e-05,-4.580489158630371
Invs,0.030627094209194183,0.03382790833711624,-0.1457267850637436,0.17799520335243432,-1.8377052545547485,-0.1457267850637436,0.7836674857043692,-0.5415350794792175,-0.1457267850637436,0.6334364939794159,-0.7077777981758118
Tex10,0.19596721231937408,0.24281024932861328,-0.3442416489124298,0.00010711104700540192,-4.38172721862793,-0.3442416489124298,0.011753577344564675,-3.0878217220306396,-0.3442416489124298,0.00015959924943967067,-4.191930770874023
Msantd3,0.0,0.0,0.0,0.9979940091511154,0.11319231241941452,0.0,1.0,0.0,0.0,1.0,0.0
Baat,0.0,0.0,0.0,0.9979940091511154,0.11319231241941452,0.0,1.0,0.0,0.0,1.0,0.0
Mrpl50,0.18951663374900818,0.24482101202011108,-0.4107394218444824,0.00018782299207279255,-4.243420600891113,-0.4107394218444824,0.0013957561835719536,-3.7622807025909424,-0.4107394218444824,1.4694965503189749e-06,-5.228612422943115
Zfp189,0.005947014782577753,0.0033426012378185987,0.8330742716789246,0.9984208920935209,-0.007569903042167425,0.8330742716789246,0.46164299919070495,1.196552038192749,0.8330742716789246,0.28421127535588253,1.3972136974334717
Rnf20,0.3531092405319214,0.3892783522605896,-0.16838835179805756,0.07143172029524536,-2.2959961891174316,-0.16838835179805756,0.1488937259322341,-2.0042622089385986,-0.16838835179805756,0.023544172858802802,-2.6771836280822754
Grin3a,0.0005512467469088733,0.0,19.072738647460938,0.9979940091511154,0.16822996735572815,19.072738647460938,0.36167647049845647,1.4108819961547852,19.072738647460938,0.2801966871638719,1.4108819961547852
Smc2,1.812267780303955,1.4178316593170166,0.71204674243927,1.4570940981908763e-37,13.255078315734863,0.71204674243927,1.2665672507200241e-28,12.485892295837402,0.71204674243927,2.80537610742559e-71,19.029024124145508
Nipsnap3b,0.3191186785697937,0.3708096444606781,-0.2560124397277832,0.01284757276422416,-2.9875290393829346,-0.2560124397277832,0.018959916613827826,-2.9154293537139893,-0.2560124397277832,0.000357531898149466,-3.98522686958313
Abca1,0.0004036705940961838,0.0,18.62311363220215,0.9979940091511154,0.14071114361286163,18.62311363220215,0.5196272646011879,1.0,18.62311363220215,0.46147875269036936,1.0
Slc44a1,0.010998510755598545,0.01395003218203783,-0.3450937271118164,0.7175061665549594,-0.8688467741012573,-0.3450937271118164,0.6452243556426299,-0.7779768705368042,-0.3450937271118164,0.46147875269036936,-1.032142996788025
Fsd1l,0.0012407543836161494,0.0017713018460199237,-0.5139750242233276,0.9979940091511154,-0.032416995614767075,-0.5139750242233276,0.8430748601415331,-0.44042664766311646,-0.5139750242233276,0.6934633559410252,-0.6138114333152771
Fktn,0.006863768678158522,0.019013408571481705,-1.4787273406982422,0.4331725006837312,-1.27958083152771,-1.4787273406982422,0.0664036185264469,-2.4111900329589844,-1.4787273406982422,0.0008861899194166178,-3.743673086166382
Tmem38b,0.04284263402223587,0.04541601240634918,-0.08602392673492432,0.33717429024145296,-1.4546681642532349,-0.08602392673492432,0.9128096256784288,-0.31725919246673584,-0.08602392673492432,0.8022469368509925,-0.44691532850265503
Rad23b,0.37096330523490906,0.485492080450058,-0.47666436433792114,3.210270186956442e-07,-5.612415313720703,-0.47666436433792114,1.942366555982889e-09,-6.585451602935791,-0.47666436433792114,9.080862100860567e-17,-8.757022857666016
Klf4,0.1181618943810463,0.15847761929035187,-0.4532662034034729,0.00033909977949670567,-4.091666221618652,-0.4532662034034729,0.06489382967423163,-2.420375108718872,-0.4532662034034729,0.0022744023445814975,-3.4724385738372803
Actl7b,0.0,0.0,0.0,0.9979940091511154,0.11319231241941452,0.0,1.0,0.0,0.0,1.0,0.0
Actl7a,0.0,0.0,0.0,0.9979940091511154,0.11319231241941452,0.0,1.0,0.0,0.0,1.0,0.0
Elp1,0.061455827206373215,0.09670794755220413,-0.679848849773407,0.0001828063013952205,-4.250545024871826,-0.679848849773407,0.006808542636838809,-3.278557300567627,-0.679848849773407,1.1448458591401349e-05,-4.806113243103027
Abitram,0.06189067289233208,0.07603069394826889,-0.3071770966053009,0.06508483393410226,-2.3372297286987305,-0.3071770966053009,0.35524802909631,-1.437606692314148,-0.3071770966053009,0.09451062675674678,-2.0655224323272705
Ctnnal1,0.00397740863263607,0.011384467594325542,-1.5225156545639038,0.5436424371118034,-1.108590006828308,-1.5225156545639038,0.054048460992921175,-2.5027081966400146,-1.5225156545639038,0.0009258074884528263,-3.7304017543792725
Tmem245,0.12492726743221283,0.1360987275838852,-0.13179895281791687,0.015010130735923544,-2.9308884143829346,-0.13179895281791687,0.5949072741462614,-0.8634973764419556,-0.13179895281791687,0.3866122673289831,-1.1760529279708862
Epb41l4b,0.0,0.0,0.0,0.9979940091511154,0.11319231241941452,0.0,1.0,0.0,0.0,1.0,0.0
Ptpn3,0.013601724058389664,0.02781289629638195,-1.0422507524490356,0.09011695190028352,-2.1869895458221436,-1.0422507524490356,0.019242364645041928,-2.9125256538391113,-1.0422507524490356,0.0001440496431547793,-4.216969013214111
Pakap-2,0.001228436827659607,0.00216501927934587,-0.8182315826416016,0.9979940091511154,-0.032951343804597855,-0.8182315826416016,0.7143302132664751,-0.6599785089492798,-0.8182315826416016,0.47618044274962174,-0.9738178253173828
D630039A03Rik,0.004517233464866877,0.003271820954978466,0.4662443697452545,0.9984208920935209,-0.008015191182494164,0.4662443697452545,0.7519268843768644,0.5968698859214783,0.4662443697452545,0.6112779793235715,0.7432926893234253
Txn1,2.383772850036621,2.438293695449829,-0.08641116321086884,3.784019142168937e-05,-4.628594875335693,-0.08641116321086884,0.05209507404287613,-2.519670248031616,-0.08641116321086884,0.000946325640411781,-3.7241320610046387
Olfr267,0.0006422337028197944,0.000613509095273912,0.06603427976369858,0.9979940091511154,0.08282364159822464,0.06603427976369858,1.0,0.037470489740371704,0.06603427976369858,1.0,0.04979121312499046
Ecpas,0.23001334071159363,0.2896689176559448,-0.3775814473628998,0.00010836178817422939,-4.37869930267334,-0.3775814473628998,0.0014205625736352326,-3.755697250366211,-0.3775814473628998,2.7762826423272956e-06,-5.102109909057617
Ptgr1,0.03043891116976738,0.05009904131293297,-0.733143150806427,0.01662993987351339,-2.893573045730591,-0.733143150806427,0.030400949361108934,-2.7395081520080566,-0.733143150806427,0.00039033876542814903,-3.961555242538452
Dnajc25,0.11946283280849457,0.12731298804283142,-0.0975968986749649,0.01081644780408736,-3.0500473976135254,-0.0975968986749649,0.7046481541922563,-0.6762126684188843,-0.0975968986749649,0.524931125216187,-0.8878294825553894
Gng10,0.008532044477760792,0.012805318459868431,-0.588867723941803,0.821816721501637,-0.7353492975234985,-0.588867723941803,0.5196272646011879,-1.0882915258407593,-0.588867723941803,0.2103463027309955,-1.595787763595581
Ugcg,0.9437159299850464,0.9383733868598938,0.01264028251171112,0.6219883395015301,0.9951305389404297,0.01264028251171112,0.9747218984411133,0.20232760906219482,0.01264028251171112,0.9103406751430089,0.2751156985759735
Susd1,0.08476023375988007,0.0699557289481163,0.28776243329048157,0.591621573779504,-1.036631464958191,0.28776243329048157,0.3603362694758462,1.424871802330017,0.28776243329048157,0.13005460768173593,1.90013587474823
Ptbp3,1.1258463859558105,1.0536284446716309,0.15701694786548615,0.001677227454317091,3.647090196609497,0.15701694786548615,0.006316734325679399,3.2989284992218018,0.15701694786548615,5.1556497321791556e-05,4.464883327484131
Hsdl2,0.19633632898330688,0.25559231638908386,-0.4248698651790619,0.00013964007022611985,-4.317783832550049,-0.4248698651790619,0.00046195968415460446,-4.065304756164551,-0.4248698651790619,1.939327537528487e-07,-5.616636753082275
E130308A19Rik,0.02495313063263893,0.021162645891308784,0.24044585227966309,0.9979940091511154,-0.49694186449050903,0.24044585227966309,0.7192544325558354,0.6528008580207825,0.24044585227966309,0.5227750365511009,0.8918668031692505
Inip,0.15455712378025055,0.14867934584617615,0.060282714664936066,0.2991647238522183,-1.5315250158309937,0.060282714664936066,0.823892652711558,0.4738450050354004,0.060282714664936066,0.6849699971517845,0.627014696598053
Snx30,0.01513640210032463,0.018435250967741013,-0.2868309020996094,0.7387585223455272,-0.8400810956954956,-0.2868309020996094,0.689649952320445,-0.7030057907104492,-0.2868309020996094,0.48096539264938515,-0.9649708867073059
Slc46a2,0.00036020888364873827,0.000851715391036123,-1.2418899536132812,0.9979940091511154,0.05521576479077339,-1.2418899536132812,0.7901523318039468,-0.5314998626708984,-1.2418899536132812,0.5688711193508201,-0.8146637082099915
Slc31a2,0.01293918676674366,0.029598712921142578,-1.2058473825454712,0.1850907619319426,-1.8155299425125122,-1.2058473825454712,0.047244933310120536,-2.563061237335205,-1.2058473825454712,0.0002885602544645163,-4.042301654815674
Fkbp15,0.20904630422592163,0.21114277839660645,-0.015961602330207825,0.470765478875361,-1.218398094177246,-0.015961602330207825,1.0,-0.13541020452976227,-0.015961602330207825,0.9649210342180937,-0.18537190556526184
Slc31a1,0.09061486274003983,0.11475783586502075,-0.3584865927696228,0.0010882413817394016,-3.7726614475250244,-0.3584865927696228,0.07310735057745628,-2.3651695251464844,-0.3584865927696228,0.004798705279770682,-3.239032030105591
Cdc26,0.47628888487815857,0.6029118895530701,-0.43962371349334717,5.087181482574978e-08,-5.942462921142578,-0.43962371349334717,7.970859741170076e-10,-6.7412638664245605,-0.43962371349334717,3.893847382427422e-18,-9.128681182861328
Prpf4,0.26504945755004883,0.31761133670806885,-0.30075445771217346,0.004350573126328445,-3.355159044265747,-0.30075445771217346,0.010825690183789935,-3.1179146766662598,-0.30075445771217346,0.00011015790771166343,-4.283288478851318
Rnf183,0.0,0.0,0.0,0.9979940091511154,0.11319231241941452,0.0,1.0,0.0,0.0,1.0,0.0
Wdr31,0.013833203352987766,0.023484978824853897,-0.7705870270729065,0.32602347209122384,-1.4762201309204102,-0.7705870270729065,0.1483861227239025,-2.007340431213379,-0.7705870270729065,0.013020974617891132,-2.8992981910705566
Bspry,0.3171887695789337,0.3166501820087433,0.002860754495486617,0.43489459692915566,-1.2765527963638306,0.002860754495486617,1.0,0.029357444494962692,0.002860754495486617,1.0,0.03883953019976616
Hdhd3,0.011357800103724003,0.020679960027337074,-0.8712922930717468,0.27677499297544766,-1.5795270204544067,-0.8712922930717468,0.09453142004015425,-2.242527723312378,-0.8712922930717468,0.005294073028455841,-3.207270622253418
Alad,0.3006008267402649,0.4056777060031891,-0.5127338767051697,1.6733292883177488e-07,-5.731574535369873,-0.5127338767051697,4.262336357869447e-08,-6.057071208953857,-0.5127338767051697,5.578715158157947e-15,-8.240480422973633
Pole3,0.38193073868751526,0.4160919785499573,-0.14986801147460938,0.11056625317973066,-2.087333917617798,-0.14986801147460938,0.13985370115435605,-2.037477970123291,-0.14986801147460938,0.027035795490510748,-2.622710704803467
4933430I17Rik,0.0003957982698921114,0.0,18.594694137573242,0.9979940091511154,0.14071114361286163,18.594694137573242,0.5196272646011879,1.0,18.594694137573242,0.46147875269036936,1.0
Rgs3,0.24099285900592804,0.19440342485904694,0.3447624742984772,0.6443314823076006,0.9650290608406067,0.3447624742984772,0.0063860332565456,3.291933536529541,0.3447624742984772,0.00016123083572953592,4.1906352043151855
Col27a1,0.001077571650967002,0.001180845545604825,-0.13211078941822052,0.9984208920935209,-0.0025826727505773306,-0.13211078941822052,1.0,-0.08496134728193283,-0.13211078941822052,1.0,-0.10293720662593842
Orm1,0.0,0.0,0.0,0.9979940091511154,0.11319231241941452,0.0,1.0,0.0,0.0,1.0,0.0
Orm3,0.0,0.0,0.0,0.9979940091511154,0.11319231241941452,0.0,1.0,0.0,0.0,1.0,0.0
Orm2,0.0,0.0,0.0,0.9979940091511154,0.11319231241941452,0.0,1.0,0.0,0.0,1.0,0.0
Akna,0.502306342124939,0.5151601433753967,-0.0465082973241806,0.9319607753146167,-0.593035101890564,-0.0465082973241806,0.7253887577877113,-0.6416645646095276,-0.0465082973241806,0.541849969736432,-0.8589791059494019
Whrn,0.003375567030161619,0.002182319760322571,0.6301282048225403,0.9982866462090498,0.021730074658989906,0.6301282048225403,0.6712779520651091,0.734117329120636,0.6301282048225403,0.528958265609793,0.8805367946624756
Atp6v1g1,0.9024503231048584,0.8511765003204346,0.12671232223510742,0.01959334942154856,2.832123279571533,0.12671232223510742,0.051261113311544586,2.5236005783081055,0.12671232223510742,0.002897890282292754,3.3997089862823486
Tmem268,0.03559389337897301,0.05402341112494469,-0.6153481602668762,0.03404116854140343,-2.6138429641723633,-0.6153481602668762,0.08213400365115023,-2.307568311691284,-0.6153481602668762,0.0033672508360895526,-3.352344036102295
Gm11214,0.0003642677911557257,0.0004834468418266624,-0.40844279527664185,0.9979940091511154,0.05521576479077339,-0.40844279527664185,0.9770516883047266,-0.1968861222267151,-0.40844279527664185,0.9189487874633807,-0.2612147629261017
Tnfsf8,0.057674817740917206,0.05814748629927635,-0.012119380757212639,0.5142145831345747,-1.1524955034255981,-0.012119380757212639,1.0,-0.03753821179270744,-0.012119380757212639,1.0,-0.050263796001672745
Trim32,0.010944395326077938,0.026858219876885414,-1.3066869974136353,0.08918918953359395,-2.1924219131469727,-1.3066869974136353,0.019073111807184327,-2.9189817905426025,-1.3066869974136353,3.736871704986178e-05,-4.540442943572998
Tlr4,0.0,0.0,0.0,0.9979940091511154,0.11319231241941452,0.0,1.0,0.0,0.0,1.0,0.0
Cdk5rap2,0.18496590852737427,0.18885968625545502,-0.032951463013887405,0.17685278987546246,-1.8410894870758057,-0.032951463013887405,0.9399167486348453,-0.2675159275531769,-0.032951463013887405,0.8564612068544466,-0.3610886037349701
Megf9,0.01574958674609661,0.019509663805365562,-0.31159502267837524,0.5476765097393501,-1.1020888090133667,-0.31159502267837524,0.6301691110188906,-0.8046809434890747,-0.31159502267837524,0.4358586094480404,-1.084651231765747
Tle1,0.027855196967720985,0.06293665617704391,-1.2014515399932861,9.664456280350633e-05,-4.407820701599121,-1.2014515399932861,1.947530416679266e-05,-4.8518829345703125,-1.2014515399932861,1.120562122940562e-11,-7.210467338562012
Aldoart1,0.0,0.0005809122230857611,-19.14838218688965,0.9979940091511154,0.027607882395386696,-19.14838218688965,0.5196272646011879,-1.0,-19.14838218688965,0.16021537352752957,-1.759765386581421
Kdm4c,0.10897430777549744,0.08374321460723877,0.3984365165233612,0.9979940091511154,-0.24410711228847504,0.3984365165233612,0.04849409307912717,2.5458877086639404,0.3984365165233612,0.00459546911551894,3.2539238929748535
Dmac1,0.4655499756336212,0.5300430655479431,-0.23753930628299713,0.005360348748233798,-3.286139488220215,-0.23753930628299713,0.004741608882519641,-3.3914968967437744,-0.23753930628299713,4.164920804613758e-05,-4.515352725982666
Zdhhc21,0.13756701350212097,0.1897803246974945,-0.5028868317604065,1.8434727774624273e-05,-4.792460918426514,-0.5028868317604065,0.0017470818172132417,-3.698979616165161,-0.5028868317604065,1.7582078219645256e-06,-5.193127155303955
Ttc39b,0.5284988284111023,0.4454744756221771,0.3112884759902954,0.0005903834453879695,3.9400010108947754,0.3112884759902954,0.0003828585759272321,4.111233234405518,0.3112884759902954,3.6460315081075655e-07,5.498805046081543
Snapc3,0.13473396003246307,0.13669978082180023,-0.022347670048475266,0.11182209279437595,-2.081456184387207,-0.022347670048475266,0.9941725565739331,-0.1641862392425537,-0.022347670048475266,0.9456072451327329,-0.21891622245311737
Psip1,0.9576605558395386,0.9346325397491455,0.05430733412504196,0.8599906071629163,0.6863675713539124,0.05430733412504196,0.5266404924550419,0.9875099062919617,0.05430733412504196,0.3094147840319432,1.3360824584960938
Ccdc171,0.01789230853319168,0.02925112657248974,-0.7173784375190735,0.38345825141734236,-1.3657885789871216,-0.7173784375190735,0.2155568787035409,-1.788901925086975,-0.7173784375190735,0.023742957359566674,-2.673752784729004
Cntln,0.02019115909934044,0.014110789634287357,0.5213236808776855,0.9979940091511154,-0.2749210596084595,0.5213236808776855,0.4307165508386338,1.2544234991073608,0.5213236808776855,0.2262452632512218,1.552161455154419
Rraga,0.34559366106987,0.38223525881767273,-0.17341496050357819,0.14896666030648253,-1.9364702701568604,-0.17341496050357819,0.13931894148182086,-2.0407516956329346,-0.17341496050357819,0.01765590832459698,-2.7864315509796143
Haus6,0.22471600770950317,0.20807284116744995,0.12345236539840698,0.9734992056031058,-0.5407582521438599,0.12345236539840698,0.48400363753695524,1.1558274030685425,0.12345236539840698,0.24137694016017053,1.5103944540023804
Plin2,0.10211100429296494,0.1850329488515854,-0.9188900589942932,1.5948557524455637e-09,-6.527393817901611,-0.9188900589942932,2.2453227151068354e-07,-5.7787089347839355,-0.9188900589942932,3.485476726936118e-16,-8.589082717895508
Dennd4c,0.1431911587715149,0.1752927154302597,-0.31559425592422485,0.002782192292082907,-3.493911027908325,-0.31559425592422485,0.10204336595794578,-2.203589677810669,-0.31559425592422485,0.006691659297753896,-3.129581928253174
Rps6,2.918854236602783,3.106475353240967,-0.2846984267234802,7.344703373315701e-29,-11.580704689025879,-0.2846984267234802,2.3671568400346805e-31,-12.760151863098145,-0.2846984267234802,1.7911459852552105e-57,-16.912723541259766
Acer2,0.002812869381159544,0.004512542858719826,-0.6831247210502625,0.9979940091511154,-0.09315433353185654,-0.6831247210502625,0.6642208726475339,-0.7462214231491089,-0.6831247210502625,0.45942109436246387,-1.0425018072128296
Mllt3,0.5214955806732178,0.48866361379623413,0.11948185414075851,0.25730620946964133,1.6246793270111084,0.11948185414075851,0.28244300837655706,1.6050468683242798,0.11948185414075851,0.07857986195422291,2.155379295349121
Focad,0.04492614418268204,0.06133393198251724,-0.46107062697410583,0.007821510461823776,-3.159944772720337,-0.46107062697410583,0.09484622472554934,-2.2400782108306885,-0.46107062697410583,0.007532385349025823,-3.090454578399658
Hacd4,0.0005946418968960643,0.004268627613782883,-2.8463287353515625,0.9979940091511154,-0.17446400225162506,-2.8463287353515625,0.26990098910685845,-1.6391175985336304,-2.8463287353515625,0.017937191340398707,-2.782521963119507
Klhl9,0.1682443767786026,0.16847898066043854,-0.002184211276471615,0.39095372570182363,-1.3513612747192383,-0.002184211276471615,1.0,-0.017335297539830208,-0.002184211276471615,1.0,-0.023523809388279915
Gm26566,0.0051376838237047195,0.002022454747930169,1.3472586870193481,0.9979940091511154,0.24508674442768097,1.3472586870193481,0.24824396727631964,1.694530725479126,1.3472586870193481,0.10707319354909028,2.0020313262939453
Gm13283,0.0,0.0,0.0,0.9979940091511154,0.11319231241941452,0.0,1.0,0.0,0.0,1.0,0.0
Ifnz,0.0,0.0,0.0,0.9979940091511154,0.11319231241941452,0.0,1.0,0.0,0.0,1.0,0.0
Gm13285,0.0,0.0005378934438340366,-19.037351608276367,0.9979940091511154,0.027607882395386696,-19.037351608276367,0.5196272646011879,-1.0,-19.037351608276367,0.16021537352752957,-1.759765386581421
Gm13288,0.0,0.0,0.0,0.9979940091511154,0.11319231241941452,0.0,1.0,0.0,0.0,1.0,0.0
Mtap,0.1625940352678299,0.26770761609077454,-0.7979241013526917,1.3979057492474567e-12,-7.561709880828857,-0.7979241013526917,1.1246524318866416e-10,-7.077815055847168,-0.7979241013526917,3.6981773345320965e-21,-9.910293579101562
Cdkn2a,0.0580361969769001,0.027914326637983322,1.0778311491012573,0.8482943871536072,0.7012401819229126,1.0778311491012573,0.0027203256688139573,3.560716390609741,1.0778311491012573,8.449829815953188e-05,4.349595069885254
Cdkn2b,0.003800672246143222,0.0014907047152519226,1.351926565170288,0.9979940091511154,0.24597731232643127,1.351926565170288,0.35093804498676295,1.4449795484542847,1.351926565170288,0.17038550820142834,1.7226321697235107
Dmrta1,0.0005904761492274702,0.0,19.171947479248047,0.9979940091511154,0.14071114361286163,19.171947479248047,0.5196272646011879,1.0,19.171947479248047,0.46147875269036936,1.0
Gm12666,0.00037032607360742986,0.0,18.498706817626953,0.9979940091511154,0.14071114361286163,18.498706817626953,0.5196272646011879,1.0,18.498706817626953,0.46147875269036936,1.0
Tusc1,0.002365304622799158,0.008658500388264656,-1.8766348361968994,0.8373491751211218,-0.7160237431526184,-1.8766348361968994,0.10226067225318736,-2.204434394836426,-1.8766348361968994,0.002368284216250128,-3.4614577293395996
Caap1,0.19784015417099,0.23115766048431396,-0.24943408370018005,0.0023396966489973563,-3.5484142303466797,-0.24943408370018005,0.06159495724530481,-2.4413843154907227,-0.24943408370018005,0.004902628788109375,-3.231968641281128
Plaa,0.31876128911972046,0.3990251421928406,-0.38535699248313904,6.591559709787762e-05,-4.498748779296875,-0.38535699248313904,7.249305037617308e-05,-4.533758640289307,-0.38535699248313904,9.282602908527321e-09,-6.158152103424072
Ift74,0.026564108207821846,0.032758891582489014,-0.30689895153045654,0.20615834767743588,-1.7562174797058105,-0.30689895153045654,0.5196272646011879,-1.0392637252807617,-0.30689895153045654,0.2832694477970542,-1.3997554779052734
Eqtn,0.0,0.0014008523430675268,-20.41888427734375,0.9979940091511154,-0.05797655135393143,-20.41888427734375,0.36965917141516436,-1.384377121925354,-20.41888427734375,0.04225778553107768,-2.4361789226531982
Mysm1,0.30196478962898254,0.3274776339530945,-0.13638325035572052,0.11754442352177422,-2.057588577270508,-0.13638325035572052,0.35477463271892584,-1.43795645236969,-0.13638325035572052,0.12211710256095434,-1.9336313009262085
Jun,0.5967140197753906,0.6755834221839905,-0.2419777363538742,0.012136882150370917,-3.0086357593536377,-0.2419777363538742,0.09645970726253106,-2.232156276702881,-0.2419777363538742,0.006903786977615594,-3.119605779647827
Fggy,0.000597820442635566,0.004228610545396805,-2.8250174522399902,0.9979940091511154,-0.4297923743724823,-2.8250174522399902,0.10260298190881037,-2.20346736907959,-2.8250174522399902,0.001375267974205747,-3.6223864555358887
Hook1,0.09460905194282532,0.15201561152935028,-0.7264304161071777,2.6139166860713128e-08,-6.062957763671875,-0.7264304161071777,1.78200610520986e-05,-4.860695838928223,-0.7264304161071777,1.724980526779576e-10,-6.799905776977539
Nfia,0.017301509156823158,0.009863816201686859,0.8160572648048401,0.9984208920935209,-0.016386613249778748,0.8160572648048401,0.14329816538813062,2.023756504058838,0.8160572648048401,0.04202621807001886,2.437045097351074
Tm2d1,0.24144203960895538,0.2666836678981781,-0.16243042051792145,0.16714605226699605,-1.8727049827575684,-0.16243042051792145,0.3048600809225202,-1.5518217086791992,-0.16243042051792145,0.07933562508439375,-2.151146411895752
Patj,0.007736516650766134,0.011471940204501152,-0.5710521936416626,0.9495881005654497,-0.5715721845626831,-0.5710521936416626,0.5470251326090105,-0.9498304724693298,-0.5710521936416626,0.2829573177621482,-1.4012712240219116
L1td1,0.0,0.0006508500082418323,-19.312437057495117,0.9979940091511154,0.027607882395386696,-19.312437057495117,0.5196272646011879,-1.0,-19.312437057495117,0.16021537352752957,-1.759765386581421
Usp1,0.8166018724441528,0.7980194091796875,0.0483974814414978,0.9979940091511154,0.45294737815856934,0.0483974814414978,0.644400540657366,0.7793093323707581,0.0483974814414978,0.45118347797692754,1.0565367937088013
Dock7,0.0013041539350524545,0.0027409447357058525,-1.072595238685608,0.9979940091511154,-0.06038110703229904,-1.072595238685608,0.652802668734099,-0.7669642567634583,-1.072595238685608,0.3977161689517542,-1.1553690433502197
Atg4c,0.000624254927970469,0.0014348039403557777,-1.2012299299240112,0.9979940091511154,0.05521576479077339,-1.2012299299240112,0.7976739367455306,-0.5180145502090454,-1.2012299299240112,0.5841007432788856,-0.7893363237380981
Alg6,0.10466976463794708,0.10118947923183441,0.05133906379342079,0.11703506179730243,-2.0595479011535645,0.05133906379342079,0.9007651576711238,0.3400890529155731,0.05133906379342079,0.8044410582434979,0.4435991644859314
Itgb3bp,0.18647196888923645,0.16644057631492615,0.17882578074932098,0.9279075001886175,-0.5985566973686218,0.17882578074932098,0.349744048790231,1.4486973285675049,0.17882578074932098,0.1286365217100978,1.9065086841583252
Efcab7,0.013565522618591785,0.010020272806286812,0.4395850598812103,0.9979940091511154,-0.2750991880893707,0.4395850598812103,0.5196272646011879,1.0163120031356812,0.4395850598812103,0.3487946016921891,1.2519066333770752
Pgm1,0.08487197756767273,0.10473982244729996,-0.3180079460144043,0.0004212958338088253,-4.032264709472656,-0.3180079460144043,0.12536249706959304,-2.094238758087158,-0.3180079460144043,0.017710771760238726,-2.785475492477417
Raver2,0.005905610043555498,0.008884835988283157,-0.5914106369018555,0.9071815706148868,-0.6259864568710327,-0.5914106369018555,0.5196272646011879,-1.0631760358810425,-0.5914106369018555,0.25485231330561736,-1.4753342866897583
Jak1,1.3886749744415283,1.368495225906372,0.03891824930906296,0.24037076817546082,1.664844274520874,0.03891824930906296,0.6838049111032687,0.7135443091392517,0.03891824930906296,0.4722463768687309,0.9809132218360901
Ak4,0.00047055823961272836,0.0,18.844356536865234,0.9979940091511154,0.14071114361286163,18.844356536865234,0.5196272646011879,1.0,18.844356536865234,0.46147875269036936,1.0
Dnajc6,0.003150471020489931,0.0013386731734499335,1.2360705137252808,0.9979940091511154,0.16359896957874298,1.2360705137252808,0.44572852840121374,1.2264279127120972,1.2360705137252808,0.2679922460609976,1.4433619976043701
Leprot,0.2254311442375183,0.20626547932624817,0.14250639081001282,0.9230504730226566,-0.6073734164237976,0.14250639081001282,0.41111687507096784,1.2944905757904053,0.14250639081001282,0.17683055083924196,1.6996643543243408
Lepr,0.011413699947297573,0.017702527344226837,-0.6377362012863159,0.7902654992367681,-0.7744455933570862,-0.6377362012863159,0.4403266736391283,-1.2367968559265137,-0.6377362012863159,0.16021537352752957,-1.7724143266677856
Pde4b,0.18225647509098053,0.19183743000030518,-0.08104071021080017,0.09261636273479117,-2.1738979816436768,-0.08104071021080017,0.725158099901163,-0.6422541737556458,-0.08104071021080017,0.5309654057887053,-0.8767995238304138
Sgip1,0.001137317973189056,0.0005004449049010873,1.1848102807998657,0.9979940091511154,0.11043152958154678,1.1848102807998657,0.655964937285302,0.7605825066566467,1.1848102807998657,0.5331708388820634,0.8735103607177734
Tctex1d1,0.003058166243135929,0.004632926546037197,-0.6003934144973755,0.9979940091511154,-0.12209808081388474,-0.6003934144973755,0.6762474643066692,-0.726529061794281,-0.6003934144973755,0.44397736430933704,-1.0698142051696777
Wdr78,0.008920966647565365,0.015537618659436703,-0.8052762150764465,0.7945870651222311,-0.769102156162262,-0.8052762150764465,0.3802030922959953,-1.3609302043914795,-0.8052762150764465,0.09422020361554687,-2.06735897064209
Mier1,0.7717607617378235,0.806245744228363,-0.09117954224348068,0.4163099869545635,-1.3082573413848877,-0.09117954224348068,0.27721251552696297,-1.6172138452529907,-0.09117954224348068,0.07183544248978563,-2.198592185974121
Slc35d1,0.0708097591996193,0.0860254243016243,-0.2919338643550873,0.01652790823779291,-2.895977735519409,-0.2919338643550873,0.29750921088252563,-1.5701627731323242,-0.2919338643550873,0.07629779016259121,-2.169557571411133
Oma1,0.11493587493896484,0.15002085268497467,-0.41020074486732483,0.00020551431441827528,-4.221601486206055,-0.41020074486732483,0.017797024331688956,-2.939466714859009,-0.41020074486732483,0.0002650608115038823,-4.062862396240234
Gm12728,0.0010791977401822805,0.0019107434200122952,-0.8247742652893066,0.9979940091511154,-0.06020299345254898,-0.8247742652893066,0.7250278185775941,-0.6426947116851807,-0.8247742652893066,0.5070559538458664,-0.9192506074905396
Usp24,0.17751438915729523,0.20937027037143707,-0.2618403136730194,0.03412990732997634,-2.61277437210083,-0.2618403136730194,0.135712405017574,-2.0543336868286133,-0.2618403136730194,0.012516633717220022,-2.91365647315979
Pcsk9,0.0,0.0,0.0,0.9979940091511154,0.11319231241941452,0.0,1.0,0.0,0.0,1.0,0.0
Dhcr24,0.06703188270330429,0.12451498955488205,-0.9355272054672241,4.02907245635461e-08,-5.984052658081055,-0.9355272054672241,5.940085883216372e-07,-5.581236362457275,-0.9355272054672241,2.0178403253868925e-14,-8.072966575622559
Lexm,0.0010418645106256008,0.0,19.99148941040039,0.9979940091511154,0.16822996735572815,19.99148941040039,0.39330721649175493,1.33242928981781,19.99148941040039,0.31101708701385233,1.33242928981781
Pars2,0.018237320706248283,0.026003681123256683,-0.5174448490142822,0.17735042846701615,-1.8396645784378052,-0.5174448490142822,0.2788471992884952,-1.6134761571884155,-0.5174448490142822,0.07780288512925064,-2.1600425243377686
Ttc4,0.19330120086669922,0.19080334901809692,0.020623505115509033,0.39428100588216053,-1.3458397388458252,0.020623505115509033,0.9770516883047266,0.19668184220790863,0.020623505115509033,0.9227037213683522,0.25527578592300415
Acot11,0.0203186497092247,0.032812800258398056,-0.7005066275596619,0.10841930197267739,-2.0964179039001465,-0.7005066275596619,0.09453142004015425,-2.242361545562744,-0.7005066275596619,0.005854012540170092,-3.1745173931121826
Ssbp3,0.4381670653820038,0.47611695528030396,-0.14928850531578064,0.20347179085680317,-1.7636983394622803,-0.14928850531578064,0.1727445319845159,-1.9184168577194214,-0.14928850531578064,0.030433384449938292,-2.5748302936553955
Mrpl37,0.14245115220546722,0.1977061927318573,-0.5138779282569885,7.767184858817094e-06,-4.979036808013916,-0.5138779282569885,0.0001931242081431438,-4.292841911315918,-0.5138779282569885,2.9178960636374546e-08,-5.95797872543335
Cyb5rl,0.010690403170883656,0.01625698059797287,-0.6087677478790283,0.5738036229375171,-1.0623691082000732,-0.6087677478790283,0.3616569081872583,-1.4222590923309326,-0.6087677478790283,0.10525190158183628,-2.010538339614868
Cdcp2,0.0,0.0,0.0,0.9979940091511154,0.11319231241941452,0.0,1.0,0.0,0.0,1.0,0.0
Tceanc2,0.11346828192472458,0.13212577998638153,-0.2333568036556244,0.007234340758299346,-3.185593366622925,-0.2333568036556244,0.32744563717915187,-1.4999455213546753,-0.2333568036556244,0.09480306907764,-2.0642099380493164
Tmem59,0.5927724838256836,0.5256063938140869,0.22643782198429108,0.0025185442499783476,3.5258827209472656,0.22643782198429108,0.004690155720410444,3.394538640975952,0.22643782198429108,4.435098597754163e-05,4.500951290130615
Ldlrad1,0.0,0.0,0.0,0.9979940091511154,0.11319231241941452,0.0,1.0,0.0,0.0,1.0,0.0
Lrrc42,0.10834689438343048,0.16635864973068237,-0.6614433526992798,1.1769277450207569e-07,-5.795874118804932,-0.6614433526992798,6.117306826265804e-06,-5.093894958496094,-0.6614433526992798,3.354783802156804e-11,-7.049657821655273
Hspb11,0.16288557648658752,0.16495217382907867,-0.01972052827477455,0.2509758336888318,-1.6397300958633423,-0.01972052827477455,1.0,-0.15105290710926056,-0.01972052827477455,0.953633946247677,-0.204583078622818
Yipf1,0.4905070662498474,0.440757691860199,0.19294951856136322,0.054138463243830794,2.420053482055664,0.19294951856136322,0.03276384629524561,2.7070934772491455,0.19294951856136322,0.0015352431119563313,3.5892345905303955
Ndc1,0.10442795604467392,0.09931697696447372,0.07614530622959137,0.46438995208017897,-1.2278382778167725,0.07614530622959137,0.82004052817376,0.4798520803451538,0.07614530622959137,0.6771749419654429,0.6388368010520935
Glis1,0.0,0.0006009904900565743,-19.197418212890625,0.9979940091511154,0.027607882395386696,-19.197418212890625,0.5196272646011879,-1.0,-19.197418212890625,0.16021537352752957,-1.759765386581421
Lrp8,0.043894145637750626,0.045663982629776,-0.05831434950232506,0.08737004521314817,-2.202040195465088,-0.05831434950232506,0.953934920660261,-0.24264422059059143,-0.05831434950232506,0.8880442333689681,-0.310551255941391
Magoh,1.2325801849365234,1.2836952209472656,-0.1030280664563179,0.043004165081799356,-2.516502857208252,-0.1030280664563179,0.09842840287771622,-2.2211549282073975,-0.1030280664563179,0.007207661003848789,-3.1054060459136963
Czib,0.16120545566082,0.19315801560878754,-0.28461021184921265,0.0008780383683866327,-3.8333988189697266,-0.28461021184921265,0.055242967409631936,-2.4903814792633057,-0.28461021184921265,0.003465173629726501,-3.3440706729888916
Cpt2,0.07327735424041748,0.0817190483212471,-0.16347287595272064,0.01728013046719904,-2.879145860671997,-0.16347287595272064,0.5304981496080579,-0.9809966683387756,-0.16347287595272064,0.32817848211117784,-1.2952688932418823
Slc1a7,0.0,0.0,0.0,0.9979940091511154,0.11319231241941452,0.0,1.0,0.0,0.0,1.0,0.0
Podn,0.0,0.0013220502296462655,-20.33530044555664,0.9979940091511154,-0.05797655135393143,-20.33530044555664,0.36167647049845647,-1.413307547569275,-20.33530044555664,0.0375661617265781,-2.4870896339416504
Scp2,0.9879581332206726,0.9577599167823792,0.07004682719707489,0.03650076562967592,2.5852553844451904,0.07004682719707489,0.3198661984840739,1.51578950881958,0.07004682719707489,0.10428450879035343,2.0155391693115234
Echdc2,0.013488695956766605,0.026854349300265312,-1.003078579902649,0.08927360557145209,-2.191709518432617,-1.003078579902649,0.03680592057536645,-2.662724494934082,-1.003078579902649,0.0006359805255509984,-3.8330771923065186
Zyg11b,0.16409724950790405,0.18706312775611877,-0.20602503418922424,0.014739582042912173,-2.937389612197876,-0.20602503418922424,0.2755119676373543,-1.6225560903549194,-0.20602503418922424,0.0673284607439663,-2.2282238006591797
Coa7,0.10731593519449234,0.17154406011104584,-0.7241219878196716,2.6380137992420904e-08,-6.06126594543457,-0.7241219878196716,2.9040700009446064e-06,-5.256323337554932,-0.7241219878196716,1.971643120333249e-12,-7.4554667472839355
Gpx7,0.005235574673861265,0.009434061124920845,-0.852563202381134,0.9052690777847262,-0.6306174397468567,-0.852563202381134,0.3616569081872583,-1.4226703643798828,-0.852563202381134,0.08822456253185439,-2.09952974319458
Tut4,0.57867431640625,0.5355179905891418,0.14582276344299316,0.059883718238247646,2.3755245208740234,0.14582276344299316,0.24834763266788967,1.6955926418304443,0.14582276344299316,0.04748798280906103,2.3835465908050537
Prpf38a,0.4946635365486145,0.5614044070243835,-0.23495355248451233,0.015436313099117934,-2.92046856880188,-0.23495355248451233,0.0035520347328409875,-3.4856162071228027,-0.23495355248451233,1.6240420898059018e-05,-4.727989673614502
Orc1,0.06768821179866791,0.12272161990404129,-0.8987407684326172,3.548641478938548e-09,-6.397013187408447,-0.8987407684326172,8.661361269507942e-07,-5.500667095184326,-0.8987407684326172,1.6225978126055307e-13,-7.798652648925781
Cc2d1b,0.21601785719394684,0.25141534209251404,-0.2454497516155243,0.005401089657150688,-3.2833786010742188,-0.2454497516155243,0.057129789534310305,-2.475098133087158,-0.2454497516155243,0.004039970399202526,-3.2955925464630127
Zfyve9,0.0011548340553417802,0.004009274300187826,-1.7977148294448853,0.9981009014843685,0.02404557354748249,-1.7977148294448853,0.5416705982961616,-0.9604297876358032,-1.7977148294448853,0.20790677794926363,-1.6033514738082886
3110021N24Rik,0.0,0.0,0.0,0.9979940091511154,0.11319231241941452,0.0,1.0,0.0,0.0,1.0,0.0
Btf3l4,0.08730732649564743,0.07621162384748459,0.20420466363430023,0.3324357969128222,-1.4641973972320557,0.20420466363430023,0.4463328224048116,1.2256611585617065,0.20420466363430023,0.2198369102687448,1.5696049928665161
Txndc12,0.2078881710767746,0.20505595207214355,0.021903347223997116,0.5091143022549152,-1.160599708557129,0.021903347223997116,0.9770516883047266,0.19713245332241058,0.021903347223997116,0.9178493034193025,0.26318517327308655
Kti12,0.1981949508190155,0.2563651204109192,-0.41482868790626526,4.2228416790048705e-05,-4.6030354499816895,-0.41482868790626526,0.0006613250295781348,-3.9662234783172607,-0.41482868790626526,5.944518382436177e-07,-5.4045515060424805
Rab3b,0.002796637360006571,0.003433729289099574,-0.29654279351234436,0.9979940091511154,-0.20394209027290344,-0.29654279351234436,0.8962411148323924,-0.34738796949386597,-0.29654279351234436,0.8030846265388233,-0.4455951452255249
Nrd1,0.5119585394859314,0.49000275135040283,0.08039191365242004,0.6922148385732929,0.9020652770996094,0.08039191365242004,0.5196272646011879,1.0638700723648071,0.08039191365242004,0.2795042275398297,1.4153013229370117
Osbpl9,0.5401708483695984,0.5440312623977661,-0.013308773748576641,0.9979940091511154,0.21676640212535858,-0.013308773748576641,0.9770516883047266,-0.19658802449703217,-0.013308773748576641,0.9191115817812395,-0.26086804270744324
Eps15,0.2873309552669525,0.2907404601573944,-0.01959647424519062,0.8667833725606072,-0.6771945953369141,-0.01959647424519062,0.9701152984621384,-0.2105744332075119,-0.01959647424519062,0.9055546175755956,-0.28251582384109497
Rnf11,0.08930492401123047,0.10845036804676056,-0.2942613959312439,0.01713111807660279,-2.8824410438537598,-0.2942613959312439,0.349744048790231,-1.4494516849517822,-0.2942613959312439,0.08894177059763837,-2.0956027507781982
Cdkn2c,0.5279371738433838,0.2908942997455597,1.0424941778182983,1.769078646841631e-21,9.964396476745605,1.0424941778182983,7.882950296146563e-31,12.508511543273926,1.0424941778182983,4.576947422024576e-50,15.751124382019043
Faf1,0.40750834345817566,0.35934126377105713,0.21843519806861877,0.1160890585064742,2.0637335777282715,0.21843519806861877,0.030456784551642028,2.735234498977661,0.21843519806861877,0.0015792102125575715,3.5813193321228027
Dmrta2,0.0013220764230936766,0.0,20.335329055786133,0.9979940091511154,0.22326761484146118,20.335329055786133,0.16141142096911706,1.9556751251220703,20.335329055786133,0.11715924341480571,1.9556751251220703
Bend5,0.0031231106258928776,0.004405700135976076,-0.4973132908344269,0.9979940091511154,-0.2607609033584595,-0.4973132908344269,0.7293461494710287,-0.635066568851471,-0.4973132908344269,0.5410712322135174,-0.8603312969207764
Spata6,0.08149601519107819,0.09073513001203537,-0.16169172525405884,0.07286407580386806,-2.286823272705078,-0.16169172525405884,0.6176162277927718,-0.8254956007003784,-0.16169172525405884,0.40133968819978905,-1.148643970489502
Skint8,0.0,0.0,0.0,0.9979940091511154,0.11319231241941452,0.0,1.0,0.0,0.0,1.0,0.0
Skint3,0.0002965932944789529,0.002424414036795497,-3.032608985900879,0.9979940091511154,0.05503764748573303,-3.032608985900879,0.5909514406701867,-0.8711690902709961,-3.032608985900879,0.24170930518170097,-1.5098897218704224
Foxd2,0.009815274737775326,0.007476289756596088,0.39439570903778076,0.9979940091511154,-0.2303922176361084,0.39439570903778076,0.6544298347862206,0.7631270885467529,0.39439570903778076,0.49382234005740816,0.9413792490959167
Cmpk1,1.0398973226547241,0.9714387059211731,0.1557691991329193,0.0001277950146898418,4.3393354415893555,0.1557691991329193,0.006177248799255701,3.3060848712921143,0.1557691991329193,6.694017278767275e-05,4.403275489807129
Stil,0.23212721943855286,0.16051457822322845,0.5855581164360046,0.060234624582594355,2.3725857734680176,0.5855581164360046,1.252507128717356e-06,5.397744655609131,0.5855581164360046,3.046658319793788e-10,6.719239234924316
Tal1,0.0,0.0,0.0,0.9979940091511154,0.11319231241941452,0.0,1.0,0.0,0.0,1.0,0.0
Pdzk1ip1,0.0027678387705236673,0.003584858262911439,-0.37374570965766907,0.9979940091511154,-0.17526552081108093,-0.37374570965766907,0.8756566472056163,-0.3838992714881897,-0.37374570965766907,0.7661624719704242,-0.50172358751297
Cyp4x1,0.0,0.0010892256395891309,-20.0556583404541,0.9979940091511154,-0.05797655135393143,-20.0556583404541,0.3623400041711201,-1.4064006805419922,-20.0556583404541,0.038668778448894436,-2.474935293197632
Efcab14,0.19859816133975983,0.19751253724098206,0.00871677789837122,0.4053162852952251,-1.3271375894546509,0.00871677789837122,1.0,0.07713290303945541,0.00871677789837122,1.0,0.10262509435415268
Tex38,0.0,0.0,0.0,0.9979940091511154,0.11319231241941452,0.0,1.0,0.0,0.0,1.0,0.0
Atpaf1,0.0862206369638443,0.11131376773118973,-0.3869258165359497,0.0024291986382377513,-3.5376384258270264,-0.3869258165359497,0.08042969252887545,-2.3176989555358887,-0.3869258165359497,0.004781451599030413,-3.2402052879333496
Mob3c,0.03362054377794266,0.046109579503536224,-0.4647921025753021,0.20530904832557179,-1.7587110996246338,-0.4647921025753021,0.36400022316719777,-1.3992027044296265,-0.4647921025753021,0.09105616043754022,-2.084578275680542
Mknk1,0.07397168129682541,0.08396302908658981,-0.190083310008049,0.013805269322517444,-2.96134614944458,-0.190083310008049,0.5196272646011879,-1.0852468013763428,-0.190083310008049,0.2578788728105254,-1.468001365661621
Faah,0.18082211911678314,0.17876040935516357,0.018075857311487198,0.1760336608525284,-1.843583106994629,0.018075857311487198,0.9991044148083774,0.1536334753036499,0.018075857311487198,0.9548816348548744,0.20225530862808228
Nsun4,0.03855256363749504,0.04737921804189682,-0.30384016036987305,0.07162048990841534,-2.2943930625915527,-0.30384016036987305,0.4565346627766134,-1.2072460651397705,-0.30384016036987305,0.17959112383541623,-1.68930983543396
Uqcrh,1.972056269645691,1.9661197662353516,0.009954238310456276,0.15386441352650998,1.9191930294036865,0.009954238310456276,0.868890551699129,0.3959311246871948,0.009954238310456276,0.7532662419919632,0.5208929181098938
Lrrc41,0.0964452400803566,0.09568718820810318,0.01193984691053629,0.2851830462846393,-1.5605577230453491,0.01193984691053629,1.0,0.07519776374101639,0.01193984691053629,1.0,0.10133850574493408
Rad54l,0.16378863155841827,0.17495107650756836,-0.1033954918384552,0.008854038110581167,-3.1183547973632812,-0.1033954918384552,0.5828703355470041,-0.8838760256767273,-0.1033954918384552,0.40513004324478513,-1.1412802934646606
Pomgnt1,0.04264608770608902,0.03436316177248955,0.3175638020038605,0.8766554784780506,-0.6654390096664429,0.3175638020038605,0.39655717963771553,1.3249928951263428,0.3175638020038605,0.17652966903936823,1.7007750272750854
Lurap1,0.0003630749706644565,0.001182957785204053,-1.7046480178833008,0.9979940091511154,-0.0302796121686697,-1.7046480178833008,0.5815742844347224,-0.8861380815505981,-1.7046480178833008,0.30032267780226235,-1.3558001518249512
Tspan1,0.0005872463225387037,0.0017596111865714192,-1.5840632915496826,0.9979940091511154,-0.08798898756504059,-1.5840632915496826,0.5196272646011879,-1.0621427297592163,-1.5840632915496826,0.19541961199817015,-1.6409512758255005
Pik3r3,0.0014062018599361181,0.0038173191715031862,-1.442495584487915,0.9979940091511154,-0.2881016135215759,-1.442495584487915,0.36179032358873764,-1.409127116203308,-1.442495584487915,0.08443461132801201,-2.121039628982544
Mast2,0.13603557646274567,0.09567119926214218,0.5375059843063354,0.9979940091511154,-0.19948920607566833,0.5375059843063354,0.0008234298897520797,3.8962783813476562,0.5375059843063354,1.7707190703350855e-05,4.712538242340088
Ipp,0.0971362292766571,0.09945140033960342,-0.035679541528224945,0.05355705019304829,-2.424239158630371,-0.035679541528224945,0.9560955028310577,-0.23841826617717743,-0.035679541528224945,0.8873634228978015,-0.31185245513916016
Tmem69,0.029999155551195145,0.03669878840446472,-0.29567015171051025,0.18990144404062198,-1.8018150329589844,-0.29567015171051025,0.513406963495659,-1.1009830236434937,-0.29567015171051025,0.2447717866068853,-1.5012602806091309
Gpbp1l1,0.2842111885547638,0.23997727036476135,0.27736571431159973,0.25205404360982,1.6371474266052246,0.27736571431159973,0.030330996734296845,2.737427234649658,0.27736571431159973,0.0012892335939735879,3.6387128829956055
Ccdc17,0.003368585603311658,0.0047605689615011215,-0.49999552965164185,0.9979940091511154,-0.2891702950000763,-0.49999552965164185,0.6936816831995423,-0.6966607570648193,-0.49999552965164185,0.4821894804939721,-0.9628059267997742
Nasp,1.1109646558761597,1.3040847778320312,-0.3979054391384125,1.1863936178332466e-13,-7.887215614318848,-0.3979054391384125,1.6156615889686522e-09,-6.651784896850586,-0.3979054391384125,7.864593319493434e-20,-9.571663856506348
Akr1a1,1.0706374645233154,1.0964986085891724,-0.05639346316456795,0.9979940091511154,-0.32737603783607483,-0.05639346316456795,0.4685618199101829,-1.1833070516586304,-0.05639346316456795,0.20512751569090076,-1.6108139753341675
Prdx1,2.1614811420440674,2.245018243789673,-0.13548702001571655,0.0003969440118495524,-4.048829555511475,-0.13548702001571655,0.004791567519628928,-3.3913087844848633,-0.13548702001571655,1.2893350068918062e-05,-4.7800798416137695
Mmachc,0.011112050153315067,0.01529334019869566,-0.4638013541698456,0.911367218196169,-0.6207320690155029,-0.4638013541698456,0.5731392128917735,-0.902604877948761,-0.4638013541698456,0.3118225664746734,-1.3299907445907593
Ccdc163,0.09923427551984787,0.08004544675350189,0.3240678906440735,0.8426494979401246,-0.7083647847175598,0.3240678906440735,0.21002617371502857,1.8030426502227783,0.3240678906440735,0.05053775986732965,2.3561179637908936
Tesk2,0.01174381747841835,0.010347558185458183,0.18362024426460266,0.9876368761300899,-0.5252622365951538,0.18362024426460266,0.8487456664026599,0.4310842752456665,0.18362024426460266,0.7395560181869942,0.542872428894043
Toe1,0.26026681065559387,0.34389638900756836,-0.465341180562973,6.55594115951111e-06,-5.014838218688965,-0.465341180562973,3.662345454077549e-05,-4.698410987854004,-0.465341180562973,1.0208614414067455e-09,-6.519834518432617
Mutyh,0.08442045748233795,0.07568439096212387,0.16398252546787262,0.38034031831261106,-1.3720226287841797,0.16398252546787262,0.5584593262424022,0.9285544753074646,0.16398252546787262,0.36189424260244957,1.2246874570846558
Hpdl,0.0016579895745962858,0.007337493821978569,-2.149951696395874,0.993993579790308,-0.5172470211982727,-2.149951696395874,0.1900668255717163,-1.8625390529632568,-2.149951696395874,0.007862776405942174,-3.0781688690185547
Zswim5,0.0008044206770136952,0.000706334481947124,0.18766915798187256,0.9979940091511154,0.08282364159822464,0.18766915798187256,1.0,0.10802123695611954,0.18766915798187256,0.9929539914284888,0.14059586822986603
Urod,0.22422155737876892,0.23951785266399384,-0.10666827857494354,0.17734810591937333,-1.8397536277770996,-0.10666827857494354,0.5196272646011879,-1.0000145435333252,-0.10666827857494354,0.29849751761831184,-1.3600448369979858
Hectd3,0.10895491391420364,0.11423448473215103,-0.0721462145447731,0.08341288482133732,-2.224304676055908,-0.0721462145447731,0.8233949910968307,-0.47471821308135986,-0.0721462145447731,0.6762923218756451,-0.6402410864830017
Eif2b3,0.1040140688419342,0.1606871485710144,-0.6692582368850708,3.48684026935816e-08,-6.0113043785095215,-0.6692582368850708,7.201427186758694e-06,-5.057832717895508,-0.6692582368850708,6.172113855196183e-11,-6.9573822021484375
Ptch2,0.0,0.0005232291296124458,-18.99746322631836,0.9979940091511154,0.027607882395386696,-18.99746322631836,0.5196272646011879,-1.0,-18.99746322631836,0.16021537352752957,-1.759765386581421
Btbd19,0.08208118379116058,0.08123880624771118,0.015498309396207333,0.24249775874151433,-1.6596789360046387,0.015498309396207333,1.0,0.08129247277975082,0.015498309396207333,1.0,0.11095478385686874
Tctex1d4,0.004297321662306786,0.0025610511656850576,0.747954785823822,0.9979940091511154,0.04880360886454582,0.747954785823822,0.5196272646011879,1.0376354455947876,0.747954785823822,0.347564145198267,1.2549629211425781
Plk3,0.11537166684865952,0.12726032733917236,-0.15024298429489136,0.017145088937318767,-2.881995677947998,-0.15024298429489136,0.5472092664421577,-0.949190616607666,-0.15024298429489136,0.3281890839423977,-1.2951610088348389
Rps8,3.674219846725464,3.8736722469329834,-0.29452279210090637,3.964487691899595e-37,-13.174570083618164,-0.29452279210090637,2.084358789686044e-37,-14.191973686218262,-0.29452279210090637,7.147113946516572e-73,-19.2381591796875
Kif2c,0.483053058385849,0.33708706498146057,0.6315281391143799,1.3313561796895595e-09,6.55811882019043,0.6315281391143799,1.060093439491064e-12,7.752016067504883,0.6315281391143799,2.7454429224155086e-22,10.198664665222168
Armh1,0.0,0.0,0.0,0.9979940091511154,0.11319231241941452,0.0,1.0,0.0,0.0,1.0,0.0
Tmem53,0.002299582352861762,0.0017714969580993056,0.37678372859954834,0.9981009014843685,0.02315499819815159,0.37678372859954834,0.8908089688638671,0.35768774151802063,0.37678372859954834,0.8098299289604673,0.43511733412742615
Rnf220,0.22130730748176575,0.23723004758358002,-0.11215990036725998,0.12591900398481476,-2.023123264312744,-0.11215990036725998,0.5196272646011879,-1.0607092380523682,-0.11215990036725998,0.2710487581418753,-1.436416745185852
Eri3,0.07752152532339096,0.07752519100904465,-7.110090518835932e-05,0.08099244758537343,-2.2382867336273193,-7.110090518835932e-05,1.0,-0.0004264820890966803,-7.110090518835932e-05,1.0,-0.0005511707277037203
Dmap1,0.09553645551204681,0.11907558888196945,-0.33503788709640503,0.0005909591127806343,-3.939288377761841,-0.33503788709640503,0.09204731660781824,-2.2532718181610107,-0.33503788709640503,0.008753541279182705,-3.039463758468628
Slc6a9,0.0,0.0,0.0,0.9979940091511154,0.11319231241941452,0.0,1.0,0.0,0.0,1.0,0.0
B4galt2,0.0006333424244076014,0.0010528448037803173,-0.7335368394851685,0.9984208920935209,-0.0025826727505773306,-0.7335368394851685,0.8199410346688522,-0.4806462526321411,-0.7335368394851685,0.6529006465538961,-0.6772579550743103
Atp6v0b,0.47419294714927673,0.5900580883026123,-0.4063390791416168,8.480433019607515e-06,-4.960869312286377,-0.4063390791416168,2.4694513251359625e-07,-5.7368011474609375,-0.4063390791416168,8.432339703018243e-14,-7.888278484344482
Dph2,0.02892916649580002,0.029375024139881134,-0.022388668730854988,0.37428083092727704,-1.3827096223831177,-0.022388668730854988,1.0,-0.08258946985006332,-0.022388668730854988,1.0,-0.10738001763820648
Ipo13,0.03824155777692795,0.04023919999599457,-0.07491089403629303,0.1522054209915644,-1.925070881843567,-0.07491089403629303,0.9069261137670006,-0.3276006877422333,-0.07491089403629303,0.8148953395285358,-0.4265652596950531
Artn,0.0,0.0,0.0,0.9979940091511154,0.11319231241941452,0.0,1.0,0.0,0.0,1.0,0.0
St3gal3,0.020218683406710625,0.013007414527237415,0.6415707468986511,0.9979940091511154,0.15460413694381714,0.6415707468986511,0.3087794580658673,1.54222571849823,0.6415707468986511,0.10407803384694564,2.016963243484497
Kdm4a,0.18151409924030304,0.1753413826227188,0.05450016260147095,0.37490806612675565,-1.381462812423706,0.05450016260147095,0.8219086389932383,0.4767768979072571,0.05450016260147095,0.6886738752631936,0.6212015151977539
Ptprf,0.0,0.0,0.0,0.9979940091511154,0.11319231241941452,0.0,1.0,0.0,0.0,1.0,0.0
Szt2,0.054365579038858414,0.04137328639626503,0.4034406840801239,0.9332117235891048,-0.5911648869514465,0.4034406840801239,0.1832505938574449,1.8810006380081177,0.4034406840801239,0.04776020841695773,2.381518840789795
Med8,0.5251185297966003,0.5099954009056091,0.05400485545396805,0.6284365100770067,0.9855123162269592,0.05400485545396805,0.6353154098823521,0.7943156957626343,0.05400485545396805,0.4482450216662512,1.0618702173233032
Elovl1,0.41073259711265564,0.40049803256988525,0.04428459331393242,0.9330264664155336,0.5916101932525635,0.04428459331393242,0.769182141593174,0.5676948428153992,0.04428459331393242,0.6014175941944808,0.7599350810050964
Cdc20,1.0918680429458618,0.8528162837028503,0.5564397573471069,1.4257676141067206e-10,6.9011688232421875,0.5564397573471069,1.5329974214134576e-11,7.388369083404541,0.5564397573471069,1.3556180275014921e-22,10.261534690856934
Cfap57,0.0004144734120927751,0.0,18.661222457885742,0.9979940091511154,0.14071114361286163,18.661222457885742,0.5196272646011879,1.0,18.661222457885742,0.46147875269036936,1.0
Ebna1bp2,0.5800811648368835,0.7825347185134888,-0.5943925976753235,2.0230281934138342e-16,-8.684459686279297,-0.5943925976753235,3.3702464732749256e-18,-9.476234436035156,-0.5943925976753235,2.143587323503077e-35,-13.017681121826172
Slc2a1,0.16166862845420837,0.20569543540477753,-0.3802003860473633,4.478009465910372e-05,-4.588340759277344,-0.3802003860473633,0.006641423823452261,-3.281869411468506,-0.3802003860473633,5.548266793196074e-05,-4.447144031524658
Zfp691,0.010758059099316597,0.01958554983139038,-0.8707557320594788,0.29589491624847364,-1.538026213645935,-0.8707557320594788,0.12371463995442386,-2.1026527881622314,-0.8707557320594788,0.010986874634809806,-2.9601328372955322
Svbp,0.3889351487159729,0.47502952814102173,-0.3550490438938141,0.00020810198091197524,-4.217860698699951,-0.3550490438938141,2.8602015426844404e-05,-4.746513366699219,-0.3550490438938141,3.601094978901183e-09,-6.317505359649658
AU022252,0.05209066718816757,0.053917258977890015,-0.051051218062639236,0.13828248492279288,-1.9742306470870972,-0.051051218062639236,0.9496211165468423,-0.252025842666626,-0.051051218062639236,0.8759673352460389,-0.331449955701828
P3h1,0.002886619418859482,0.009958598762750626,-1.7916682958602905,0.6206391816428426,-0.9969117045402527,-1.7916682958602905,0.03914290200085798,-2.640831470489502,-1.7916682958602905,0.000234874611216526,-4.095058917999268
Ybx1,2.350897789001465,2.620171546936035,-0.423909991979599,4.473260973741533e-37,-13.16379451751709,-0.423909991979599,2.64984867902376e-16,-9.014129638671875,-0.423909991979599,1.04150663578956e-37,-13.465068817138672
Ppih,0.5958976745605469,0.6908881068229675,-0.28920596837997437,0.00013436365463387277,-4.32731294631958,-0.28920596837997437,5.180618864660616e-05,-4.615866661071777,-0.28920596837997437,3.87366102177398e-09,-6.304074287414551
Ccdc30,0.02812868170440197,0.04183410108089447,-0.5825816988945007,0.13109424991586388,-2.002194881439209,-0.5825816988945007,0.1535818178211101,-1.9872448444366455,-0.5825816988945007,0.012549358889333577,-2.9127159118652344
Ppcs,0.10450289398431778,0.13798122107982635,-0.4255664348602295,0.0006294323854494768,-3.9228127002716064,-0.4255664348602295,0.022285888137134377,-2.8573291301727295,-0.4255664348602295,0.00030767907164254264,-4.024182319641113
Zmynd12,0.0,0.0,0.0,0.9979940091511154,0.11319231241941452,0.0,1.0,0.0,0.0,1.0,0.0
Rimkla,0.001587618375197053,0.0016427303198724985,-0.04927121475338936,0.9984208920935209,-0.004630999639630318,-0.04927121475338936,1.0,-0.04615449532866478,-0.04927121475338936,1.0,-0.061177466064691544
Frg2f1,0.004980614874511957,0.005132041405886412,-0.04331817105412483,0.9979940091511154,-0.176601380109787,-0.04331817105412483,1.0,-0.06643029302358627,-0.04331817105412483,1.0,-0.08776158839464188
Foxj3,0.1412145048379898,0.1555851697921753,-0.15043868124485016,0.02760024653270605,-2.697913408279419,-0.15043868124485016,0.5097413590450796,-1.107530951499939,-0.15043868124485016,0.24609383751557212,-1.4977669715881348
Guca2a,0.0022083499934524298,0.0,21.07613182067871,0.9979940091511154,0.22326761484146118,21.07613182067871,0.17011143628401446,1.925915002822876,21.07613182067871,0.12415995082238918,1.925915002822876
Hivep3,0.07360982894897461,0.040031228214502335,0.9032237529754639,0.9979940091511154,0.23618097603321075,0.9032237529754639,0.0005163103988389707,4.020744323730469,0.9032237529754639,1.5305470685308715e-05,4.746840000152588
Foxo6,0.0,0.0,0.0,0.9979940091511154,0.11319231241941452,0.0,1.0,0.0,0.0,1.0,0.0
Scmh1,0.01144606713205576,0.01262739859521389,-0.1425592303276062,0.9808915953841938,-0.5320305824279785,-0.1425592303276062,0.9299776106455386,-0.28601914644241333,-0.1425592303276062,0.8300788635167015,-0.40279391407966614
Ctps,0.098161980509758,0.18590094149112701,-0.9860856533050537,7.543710034461843e-15,-8.241931915283203,-0.9860856533050537,2.217025877976977e-11,-7.335952281951904,-0.9860856533050537,1.0007964637923163e-22,-10.292707443237305
Cited4,0.002001133980229497,0.0038065598346292973,-0.928972601890564,0.9979940091511154,-0.14783574640750885,-0.928972601890564,0.5527292829079699,-0.9401288032531738,-0.928972601890564,0.2833938931914335,-1.3993362188339233
Nfyc,0.30843356251716614,0.33284232020378113,-0.1284257173538208,0.22650081384010554,-1.7022485733032227,-0.1284257173538208,0.33602176996572813,-1.4797860383987427,-0.1284257173538208,0.11111724277562393,-1.9819679260253906
Rims3,0.010686048306524754,0.01249037403613329,-0.22639253735542297,0.7006953762302269,-0.8912892937660217,-0.22639253735542297,0.7929145435040191,-0.5262792706489563,-0.22639253735542297,0.6477621187467126,-0.6853786110877991
Exo5,0.04567775875329971,0.05526253581047058,-0.28178197145462036,0.062536688833612,-2.3553974628448486,-0.28178197145462036,0.42165884994297304,-1.2731380462646484,-0.28178197145462036,0.16170315714676559,-1.7537132501602173
Zfp69,0.012159854173660278,0.010207992978394032,0.25383731722831726,0.9979940091511154,-0.33245232701301575,0.25383731722831726,0.7631052984488839,0.577948272228241,0.25383731722831726,0.6183925867610575,0.7319306135177612
Smap2,0.9409500360488892,0.863139808177948,0.18897800147533417,0.0004042919419388328,4.04366397857666,0.18897800147533417,0.00335410276886134,3.5007822513580322,0.18897800147533417,3.1025113657339185e-05,4.582512855529785
Zmpste24,0.2671400308609009,0.34877628087997437,-0.4466114640235901,8.856441449263793e-06,-4.95098352432251,-0.4466114640235901,1.9336926238077775e-05,-4.837671756744385,-0.4466114640235901,6.477877798623217e-10,-6.5933518409729
Rlf,0.3591335713863373,0.32849743962287903,0.15200147032737732,0.9548054159815657,0.5653381943702698,0.15200147032737732,0.2425095304231835,1.7106513977050781,0.15200147032737732,0.06520863335407551,2.2433416843414307
Ppt1,0.19293947517871857,0.17824779450893402,0.1251893788576126,0.8720804305194501,-0.6705152988433838,0.1251893788576126,0.5196272646011879,1.0504339933395386,0.1251893788576126,0.28552127691399837,1.3933149576187134
Cap1,1.0721204280853271,1.0107364654541016,0.1368890404701233,0.015069610006778021,2.9293744564056396,0.1368890404701233,0.029443940386726646,2.7496676445007324,0.1368890404701233,0.0008006389834195431,3.7706613540649414
Mfsd2a,0.026644965633749962,0.03839299455285072,-0.5355004668235779,0.14596319312458175,-1.947424292564392,-0.5355004668235779,0.24151844345376264,-1.7145915031433105,-0.5355004668235779,0.036843538338129644,-2.4964003562927246
Mycl,0.0009673619060777128,0.0018608885584399104,-0.9445080161094666,0.9979940091511154,-0.06020299345254898,-0.9445080161094666,0.668874496840024,-0.7379787564277649,-0.9445080161094666,0.4399671558464769,-1.0768569707870483
Trit1,0.0361296646296978,0.05666927248239517,-0.664313554763794,0.0429605941908539,-2.5169482231140137,-0.664313554763794,0.06228429898899724,-2.439281940460205,-0.664313554763794,0.001228773699886647,-3.651714324951172
Bmp8b,0.00036488656769506633,0.0006396237877197564,-0.8099720478057861,0.9979940091511154,0.05521576479077339,-0.8099720478057861,0.8823150139826608,-0.37308982014656067,-0.8099720478057861,0.7454086027373036,-0.5334417819976807
Ppie,0.263329416513443,0.3764123320579529,-0.6013584733009338,2.851097591570417e-09,-6.432725429534912,-0.6013584733009338,1.4147001728574562e-09,-6.659099102020264,-0.6013584733009338,1.1393090566997635e-18,-9.26938533782959
Hpcal4,0.0,0.0006206845282576978,-19.24394989013672,0.9979940091511154,0.027607882395386696,-19.24394989013672,0.5196272646011879,-1.0,-19.24394989013672,0.16021537352752957,-1.759765386581421
Pabpc4,0.14346535503864288,0.2617473900318146,-0.9556742906570435,1.4788851879779424e-15,-8.44320297241211,-0.9556742906570435,4.914624868657851e-14,-8.250767707824707,-0.9556742906570435,2.2241897578307934e-29,-11.786603927612305
Bmp8a,0.0020146563183516264,0.002100299345329404,-0.060122761875391006,0.9981009014843685,0.02315499819815159,-0.060122761875391006,1.0,-0.05795518308877945,-0.060122761875391006,1.0,-0.07889073342084885
Oxct2a,0.0,0.0,0.0,0.9979940091511154,0.11319231241941452,0.0,1.0,0.0,0.0,1.0,0.0
Macf1,0.9150012731552124,0.8724830150604248,0.10382600128650665,0.08372542110582569,2.2221672534942627,0.10382600128650665,0.262605109464086,1.6554728746414185,0.10382600128650665,0.058606753052563375,2.2896831035614014
Ndufs5,1.0213266611099243,1.1482776403427124,-0.2768429219722748,3.0676407091772936e-07,-5.621232032775879,-0.2768429219722748,1.133673727919549e-07,-5.880944728851318,-0.2768429219722748,2.394745757725744e-14,-8.052062034606934
Akirin1,0.4720182716846466,0.5289141535758972,-0.20864173769950867,0.10894396127141827,-2.094369411468506,-0.20864173769950867,0.019878196069229873,-2.897132396697998,-0.20864173769950867,0.0004725639389497783,-3.912109136581421
Rhbdl2,0.0032907056156545877,0.0055030835792422295,-0.7434400916099548,0.9979940091511154,-0.43086105585098267,-0.7434400916099548,0.5212967285598464,-0.9963542819023132,-0.7434400916099548,0.29925945023921674,-1.3581078052520752
Mycbp,0.19299235939979553,0.23213082551956177,-0.2956261932849884,0.0006623978483071944,-3.9088306427001953,-0.2956261932849884,0.029389772772463275,-2.7496044635772705,-0.2956261932849884,0.0011158681486662572,-3.6784677505493164
Rragc,0.22060294449329376,0.25919589400291443,-0.2615419328212738,0.007206796671003037,-3.1871962547302246,-0.2615419328212738,0.05437294589042244,-2.4977662563323975,-0.2615419328212738,0.002686319611984567,-3.4225363731384277
Pou3f1,0.0030665425583720207,0.002198967384174466,0.4804125726222992,0.9979940091511154,-0.034020036458969116,0.4804125726222992,0.786482655845488,0.5370698571205139,0.4804125726222992,0.6703901943212658,0.6489433646202087
Utp11,0.46667852997779846,0.5100165009498596,-0.16191095113754272,0.16635836910769772,-1.8753767013549805,-0.16191095113754272,0.08818382089543288,-2.2730937004089355,-0.16191095113754272,0.00831372887133368,-3.057485342025757
Fhl3,0.010944982059299946,0.011710970662534237,-0.0981445237994194,0.8956028310667881,-0.6428183317184448,-0.0981445237994194,0.962760135441121,-0.2248978614807129,-0.0981445237994194,0.8967329851188346,-0.2966999411582947
Sf3a3,0.508380651473999,0.5879106521606445,-0.2722715139389038,0.002683024000834113,-3.505310297012329,-0.2722715139389038,0.0004847082120445779,-4.049176216125488,-0.2722715139389038,4.193395791399989e-07,-5.471563339233398
Inpp5b,0.25355264544487,0.20243282616138458,0.3631172478199005,0.5463366576806353,1.103959083557129,0.3631172478199005,0.004684101719911562,3.3930063247680664,0.3631172478199005,8.638292190542956e-05,4.342898845672607
Mtf1,0.15928083658218384,0.17120356857776642,-0.11297723650932312,0.01731837209574893,-2.8781661987304688,-0.11297723650932312,0.5469304277270519,-0.9499046206474304,-0.11297723650932312,0.34949964305461556,-1.2501410245895386
1110065P20Rik,0.1411418914794922,0.1754625290632248,-0.33942678570747375,0.00016075682238367284,-4.281091690063477,-0.33942678570747375,0.023935091601376076,-2.828169584274292,-0.33942678570747375,0.0007439762868091247,-3.7908058166503906
Yrdc,0.2833089232444763,0.34913355112075806,-0.35138368606567383,0.0011784327383138967,-3.7498626708984375,-0.35138368606567383,0.0008696665390095089,-3.8918282985687256,-0.35138368606567383,8.153779318198046e-07,-5.344091892242432
Maneal,0.0012113660341128707,0.000851715391036123,0.5084505081176758,0.9979940091511154,0.08282364159822464,0.5084505081176758,0.9241969734958057,0.2954247295856476,0.5084505081176758,0.8563553840390089,0.3612985908985138
Epha10,0.0004053247976116836,0.0,18.62901496887207,0.9979940091511154,0.14071114361286163,18.62901496887207,0.5196272646011879,1.0,18.62901496887207,0.46147875269036936,1.0
Cdca8,1.6420565843582153,1.2439165115356445,0.7545592188835144,2.708383679088137e-37,13.206720352172852,0.7545592188835144,1.2567418449904792e-30,13.027945518493652,0.7545592188835144,6.434341334052784e-78,20.02242660522461
9930104L06Rik,0.03293453902006149,0.025578053668141365,0.3700273036956787,0.9532313086833272,-0.5672974586486816,0.3700273036956787,0.4127094126458032,1.2911723852157593,0.3700273036956787,0.19414255678717968,1.6454174518585205
Rspo1,0.0,0.004248693119734526,-22.02165412902832,0.9979940091511154,-0.05797655135393143,-22.02165412902832,0.4254814094957388,-1.2675491571426392,-22.02165412902832,0.06723573205228427,-2.2305891513824463
Gnl2,0.13723602890968323,0.18059635162353516,-0.42821547389030457,9.278370275869787e-06,-4.941276550292969,-0.42821547389030457,0.005107963861222551,-3.367804765701294,-0.42821547389030457,2.9722592763191756e-05,-4.591310024261475
Dnali1,0.0,0.0004883449873887002,-18.89789581298828,0.9979940091511154,0.027607882395386696,-18.89789581298828,0.5196272646011879,-1.0,-18.89789581298828,0.16021537352752957,-1.759765386581421
Snip1,0.2102595716714859,0.21412117779254913,-0.029140036553144455,0.09512803653711698,-2.1612517833709717,-0.029140036553144455,0.9361701340957295,-0.2749638557434082,-0.029140036553144455,0.8579923644656868,-0.3582073450088501
Meaf6,0.3015742897987366,0.33075055480003357,-0.15538336336612701,0.1022813652489871,-2.1260740756988525,-0.15538336336612701,0.24555597314231573,-1.7025336027145386,-0.15538336336612701,0.0564222928287582,-2.3069405555725098
Zc3h12a,0.19471502304077148,0.18882663547992706,0.04868514463305473,0.27361065074325386,-1.5868297815322876,0.04868514463305473,0.8686884161573215,0.39631763100624084,0.04868514463305473,0.750079311896101,0.5260688066482544
Csf3r,0.00034485862124711275,0.003970037214457989,-3.5276877880096436,0.9979940091511154,-0.11613121628761292,-3.5276877880096436,0.39164391189225944,-1.338262915611267,-3.5276877880096436,0.0555683891898367,-2.3160054683685303
Mrps15,0.5681113600730896,0.7350733876228333,-0.5051385164260864,4.358419393902992e-11,-7.077147006988525,-0.5051385164260864,7.915975545465637e-14,-8.13450813293457,-0.5051385164260864,1.889456006087386e-25,-10.935835838317871
Oscp1,0.004485644865781069,0.00442989356815815,0.018083594739437103,0.9979940091511154,-0.14819198846817017,0.018083594739437103,1.0,0.026095863431692123,0.018083594739437103,1.0,0.03412335366010666
Lsm10,0.21829958260059357,0.24669073522090912,-0.19766685366630554,0.018705975178882672,-2.850558280944824,-0.19766685366630554,0.1831019258870307,-1.8827060461044312,-0.19766685366630554,0.03285499484754541,-2.5444231033325195
Stk40,0.1520068496465683,0.12631496787071228,0.2860734164714813,0.9979940091511154,0.11800143122673035,0.2860734164714813,0.11396847131994842,2.1439011096954346,0.2860734164714813,0.016295202397835395,2.8163869380950928
Eva1b,0.28720995783805847,0.26200830936431885,0.15150326490402222,0.9979940091511154,0.18978191912174225,0.15150326490402222,0.3314831222205079,1.4907162189483643,0.15150326490402222,0.11225323069750391,1.9768025875091553
Sh3d21,0.0014152409275993705,0.002025756984949112,-0.5178536176681519,0.9979940091511154,-0.032595112919807434,-0.5178536176681519,0.8454358337054501,-0.43619081377983093,-0.5178536176681519,0.6931507673168215,-0.6143671274185181
Thrap3,1.0983242988586426,1.1512264013290405,-0.11303507536649704,0.24037076817546082,-1.6647552251815796,-0.11303507536649704,0.08133633640907731,-2.3108303546905518,-0.11303507536649704,0.007943706516154949,-3.073387861251831
Map7d1,0.3662174344062805,0.3847026824951172,-0.08521032333374023,0.44556097855311183,-1.258919358253479,-0.08521032333374023,0.5196272646011879,-1.0246822834014893,-0.08521032333374023,0.2941768602288879,-1.370721697807312
Trappc3,0.35071510076522827,0.4049501121044159,-0.24902470409870148,0.015279923488818969,-2.9242091178894043,-0.24902470409870148,0.010189281894131996,-3.1377317905426025,-0.24902470409870148,0.0001224377493331084,-4.257540702819824
Col8a2,0.0004901424399577081,0.0004938809433951974,-0.010964972898364067,0.9979940091511154,0.05521576479077339,-0.010964972898364067,1.0,-0.005372876301407814,-0.010964972898364067,1.0,-0.00661914236843586
Adprhl2,0.17056134343147278,0.1856641173362732,-0.13362212479114532,0.018162790012397692,-2.8615124225616455,-0.13362212479114532,0.46972397409996186,-1.1810674667358398,-0.13362212479114532,0.22035868831847708,-1.5681662559509277
Tekt2,0.00043315294897183776,0.0,18.72483253479004,0.9979940091511154,0.14071114361286163,18.72483253479004,0.5196272646011879,1.0,18.72483253479004,0.46147875269036936,1.0
Ago3,0.06766647845506668,0.08003254979848862,-0.25117576122283936,0.008144910349366126,-3.1462297439575195,-0.25117576122283936,0.46743710424595153,-1.185688853263855,-0.25117576122283936,0.19842781020068526,-1.6314319372177124
Ago1,0.0743570402264595,0.08807244151830673,-0.2542487680912018,0.031888257754610475,-2.6407384872436523,-0.2542487680912018,0.40387012473305317,-1.310132622718811,-0.2542487680912018,0.14871281866409725,-1.8284441232681274
Ago4,0.0,0.00330126634798944,-21.656970977783203,0.9979940091511154,-0.05797655135393143,-21.656970977783203,0.4503123994186572,-1.219651222229004,-21.656970977783203,0.08034813588416617,-2.1463000774383545
Clspn,0.7541740536689758,0.728833794593811,0.06982544809579849,0.9979940091511154,0.3527574837207794,0.06982544809579849,0.5696988665068198,0.9077849984169006,0.06982544809579849,0.366870782779763,1.2143340110778809
5730409E04Rik,0.0,0.0,0.0,0.9979940091511154,0.11319231241941452,0.0,1.0,0.0,0.0,1.0,0.0
Psmb2,1.2964969873428345,1.4528212547302246,-0.30205675959587097,2.1298684638920369e-10,-6.841233253479004,-0.30205675959587097,3.48073114807988e-13,-7.9141435623168945,-0.30205675959587097,2.989113097984007e-23,-10.430193901062012
Ncdn,0.06791327148675919,0.10708576440811157,-0.6856703162193298,2.4830209395561862e-05,-4.725756645202637,-0.6856703162193298,0.0020662108913387335,-3.6536951065063477,-0.6856703162193298,1.21994747915062e-06,-5.265562534332275
AU040320,0.10025545954704285,0.10102428495883942,-0.011585237458348274,0.15964293042919855,-1.8981754779815674,-0.011585237458348274,1.0,-0.06932149082422256,-0.011585237458348274,1.0,-0.09449879080057144
Zmym4,0.071937195956707,0.094777911901474,-0.41451776027679443,0.0003377244118100549,-4.0927348136901855,-0.41451776027679443,0.07810683466350041,-2.331817150115967,-0.41451776027679443,0.005978366305561475,-3.1673080921173096
Sfpq,1.4529672861099243,1.569883942604065,-0.21646982431411743,1.5655629933009377e-06,-5.305611610412598,-0.21646982431411743,1.6907790648905477e-05,-4.871862411499023,-0.21646982431411743,2.0427668608646051e-10,-6.772972583770752
Zmym1,0.06785590201616287,0.08170372992753983,-0.2780410349369049,0.008777628755882392,-3.1212046146392822,-0.2780410349369049,0.36167647049845647,-1.4181677103042603,-0.2780410349369049,0.11518784875672389,-1.963382363319397
Zmym6,0.014228368178009987,0.011842183768749237,0.26656001806259155,0.9979940091511154,-0.47182759642601013,0.26656001806259155,0.7384328075181227,0.6202852725982666,0.26656001806259155,0.5899706824625496,0.7795989513397217
Tmem35b,0.022617388516664505,0.029778966680169106,-0.40204983949661255,0.15646521691362095,-1.9092185497283936,-0.40204983949661255,0.36092665352732556,-1.4236485958099365,-0.40204983949661255,0.12435322074104004,-1.9237703084945679
Dlgap3,0.0007462268113158643,0.0,19.509794235229492,0.9979940091511154,0.16822996735572815,19.509794235229492,0.3723675003798261,1.3758617639541626,19.509794235229492,0.2920651002146513,1.3758617639541626
Smim12,0.15831126272678375,0.15359804034233093,0.047092411667108536,0.2668441969545503,-1.6020586490631104,0.047092411667108536,0.8827404947780267,0.3720180094242096,0.047092411667108536,0.7700445681579599,0.4954186975955963
Zscan20,0.015343024395406246,0.003504029707983136,2.1390490531921387,0.8994480872656736,0.6374748945236206,2.1390490531921387,0.0007527998909168214,3.9173781871795654,2.1390490531921387,0.00012827404638626576,4.2523512840271
Tlr12,0.0026707930956035852,0.01248111855238676,-2.231492280960083,0.9979940091511154,-0.20892933011054993,-2.231492280960083,0.25722804962981577,-1.6714320182800293,-2.231492280960083,0.015053462482016848,-2.8474690914154053
Phc2,0.22721640765666962,0.20487956702709198,0.16598327457904816,0.9979940091511154,0.17508740723133087,0.16598327457904816,0.3354795318427473,1.481344223022461,0.16598327457904816,0.10948405268319165,1.9900556802749634
A3galt2,0.0,0.0,0.0,0.9979940091511154,0.11319231241941452,0.0,1.0,0.0,0.0,1.0,0.0
Zfp362,0.0645139217376709,0.06664838641881943,-0.04851587116718292,0.28354902973113344,-1.5639419555664062,-0.04851587116718292,0.9760652812486657,-0.19975075125694275,-0.04851587116718292,0.9062837648703166,-0.281127005815506
Trim62,0.007200872991234064,0.004682004917412996,0.6228640675544739,0.9979940091511154,-0.06332001090049744,0.6228640675544739,0.5196272646011879,1.0291085243225098,0.6228640675544739,0.3550859226613473,1.2389851808547974
Azin2,0.0014356530737131834,0.0010227701859548688,0.48952269554138184,0.9979940091511154,0.025114266201853752,0.48952269554138184,0.8854653182650877,0.36595413088798523,0.48952269554138184,0.8126143102779129,0.43093034625053406
Ak2,0.6507307887077332,0.7463282346725464,-0.27467191219329834,0.0006136462330672535,-3.929403066635132,-0.27467191219329834,5.836386219192261e-05,-4.583657264709473,-0.27467191219329834,1.1672506314676081e-08,-6.1195549964904785
Rnf19b,0.12849298119544983,0.1412033587694168,-0.14545956254005432,0.019070226334934305,-2.842543125152588,-0.14545956254005432,0.5405592836758744,-0.9624111652374268,-0.14545956254005432,0.31706884787812906,-1.3183356523513794
Fndc5,0.0,0.0010845407377928495,-20.049436569213867,0.9979940091511154,-0.05797655135393143,-20.049436569213867,0.36378524405598806,-1.4012160301208496,-20.049436569213867,0.03941233107994673,-2.4658114910125732
S100pbp,0.10182353109121323,0.11241765320301056,-0.15057609975337982,0.03226654606439005,-2.635751247406006,-0.15057609975337982,0.5939759433640114,-0.8657787442207336,-0.15057609975337982,0.3691233641366882,-1.2091139554977417
Yars,0.1241588443517685,0.17066672444343567,-0.49336716532707214,5.09992064330139e-06,-5.068005561828613,-0.49336716532707214,0.0010776186399753921,-3.8333580493927,-0.49336716532707214,1.1773019898073239e-06,-5.2731475830078125
C77080,0.0002504800504539162,0.0012897895649075508,-2.3651132583618164,0.9979940091511154,-0.0302796121686697,-2.3651132583618164,0.5182155391808824,-1.0929417610168457,-2.3651132583618164,0.15757030344042383,-1.7970415353775024
Sync,0.0007288658525794744,0.0010877696331590414,-0.5779061317443848,0.9979940091511154,-0.0302796121686697,-0.5779061317443848,0.9018219086695893,-0.3382772207260132,-0.5779061317443848,0.8176844519555242,-0.42203691601753235
Rbbp4,1.2125600576400757,1.1441845893859863,0.1425282210111618,0.020946973413683706,2.8059403896331787,0.1425282210111618,0.018113014845866134,2.933612823486328,0.1425282210111618,0.00025990167163039636,4.067800045013428
Zbtb8os,0.6994742155075073,0.6761788725852966,0.0675811767578125,0.3603512291486969,1.4093378782272339,0.0675811767578125,0.4738400577029574,1.1735039949417114,0.0675811767578125,0.22419842948345914,1.5579204559326172
Zbtb8a,0.04571511596441269,0.05158331245183945,-0.17850035429000854,0.16479610381936066,-1.8805420398712158,-0.17850035429000854,0.6617884973161468,-0.7503295540809631,-0.17850035429000854,0.46147875269036936,-1.0341331958770752
Bsdc1,0.11399221420288086,0.1269933134317398,-0.16538386046886444,0.13268001401218796,-1.9957826137542725,-0.16538386046886444,0.5436846405008187,-0.9569749236106873,-0.16538386046886444,0.29116355235154473,-1.3774855136871338
Fam229a,0.0,0.0004938809433951974,-18.91416358947754,0.9979940091511154,0.027607882395386696,-18.91416358947754,0.5196272646011879,-1.0,-18.91416358947754,0.16021537352752957,-1.759765386581421
Marcksl1,0.2013239860534668,0.282338947057724,-0.5487018823623657,7.826651741350119e-07,-5.4401774406433105,-0.5487018823623657,1.7011547919649654e-05,-4.87166166305542,-0.5487018823623657,1.412269274920919e-10,-6.830561637878418
Hdac1,0.9418208599090576,0.9849549531936646,-0.10063988715410233,0.18166535266376402,-1.8260387182235718,-0.10063988715410233,0.16119926804572693,-1.9574893712997437,-0.10063988715410233,0.026341166248828443,-2.6326825618743896
Lck,1.5296167135238647,1.4127097129821777,0.2190026044845581,2.137616111889023e-07,5.687935829162598,0.2190026044845581,1.1130977589514743e-06,5.444130897521973,0.2190026044845581,1.2582220959142852e-12,7.519989490509033
Fam167b,0.0011922644916921854,0.003419343149289489,-1.5216213464736938,0.9979940091511154,-0.08834522217512131,-1.5216213464736938,0.6079531422669967,-0.8412704467773438,-1.5216213464736938,0.30669451197522035,-1.3424447774887085
Eif3i,1.337699055671692,1.482130527496338,-0.27580973505973816,1.725643397167703e-09,-6.51483678817749,-0.27580973505973816,1.748330319292798e-09,-6.612999439239502,-0.27580973505973816,1.2519599897619369e-17,-8.990188598632812
Tmem234,0.9364413619041443,0.9117437601089478,0.05908135324716568,0.22658880456189945,1.7019814252853394,0.05908135324716568,0.48974625541095546,1.1445622444152832,0.05908135324716568,0.22717126344841812,1.5491658449172974
Dcdc2b,0.0002397481439402327,0.0,17.871339797973633,0.9979940091511154,0.14071114361286163,17.871339797973633,0.5196272646011879,1.0,17.871339797973633,0.46147875269036936,1.0
Iqcc,0.04032664746046066,0.04833121597766876,-0.26703861355781555,0.13652770151737376,-1.9809991121292114,-0.26703861355781555,0.5196272646011879,-1.0837695598602295,-0.26703861355781555,0.2496930829400925,-1.4878830909729004
Ccdc28b,0.11225835233926773,0.10351195931434631,0.1234479621052742,0.19458669153518432,-1.7884563207626343,0.1234479621052742,0.6318657524572617,0.8018786311149597,0.1234479621052742,0.46147875269036936,1.0391108989715576
Txlna,0.2790564298629761,0.3489488661289215,-0.3755096197128296,7.40211627391373e-05,-4.470784664154053,-0.3755096197128296,0.000563371516442677,-4.009418964385986,-0.3755096197128296,4.4760523015714513e-07,-5.459163188934326
Kpna6,0.11869500577449799,0.13704346120357513,-0.22089208662509918,0.004381676222683953,-3.352665424346924,-0.22089208662509918,0.25453994836878474,-1.6768523454666138,-0.22089208662509918,0.0647699521712301,-2.2462317943573
Tmem39b,0.09102163463830948,0.12872456014156342,-0.5277007222175598,2.054051088066885e-05,-4.767792224884033,-0.5277007222175598,0.00317842411015271,-3.5203263759613037,-0.5277007222175598,8.646667708204657e-06,-4.866804122924805
Khdrbs1,0.9266911149024963,1.0560903549194336,-0.29708972573280334,1.719413512728612e-06,-5.287087440490723,-0.29708972573280334,1.0518484995306855e-07,-5.888098239898682,-0.29708972573280334,8.864693012310699e-14,-7.883899688720703
Ptp4a2,1.4270210266113281,1.4206551313400269,0.012096927501261234,0.7866118005768912,0.7790765762329102,0.012096927501261234,0.9125368400235694,0.31818732619285583,0.012096927501261234,0.8176844519555242,0.42217034101486206
Adgrb2,0.004112717229872942,0.0023119859397411346,0.8322585821151733,0.9979940091511154,0.049605127424001694,0.8322585821151733,0.5196272646011879,1.0163770914077759,0.8322585821151733,0.3671513668202733,1.2134860754013062
Pef1,0.1556033343076706,0.14590111374855042,0.10005652904510498,0.7766164507631769,-0.7917227745056152,0.10005652904510498,0.6220388600474144,0.8185784816741943,0.10005652904510498,0.43700093067886636,1.0824519395828247
Tinagl1,0.0,0.0,0.0,0.9979940091511154,0.11319231241941452,0.0,1.0,0.0,0.0,1.0,0.0
Fabp3,0.0013520921347662807,0.005486758891493082,-2.0237441062927246,0.9979940091511154,-0.37439849972724915,-2.0237441062927246,0.2197127377851653,-1.7776451110839844,-2.0237441062927246,0.013826943863475185,-2.878678798675537
Zcchc17,0.6750448346138,0.7319570779800415,-0.1626034379005432,0.08304577451298192,-2.2265310287475586,-0.1626034379005432,0.02567264891026564,-2.8015217781066895,-0.1626034379005432,0.0009774998777607774,-3.7157340049743652
Snrnp40,0.7464044094085693,0.8481006026268005,-0.26728150248527527,4.7663872860841115e-05,-4.5747151374816895,-0.26728150248527527,9.97679628945664e-06,-4.9838433265686035,-0.26728150248527527,2.247765951196525e-10,-6.759297847747803
Nkain1,0.00025224764249287546,0.0,17.944669723510742,0.9979940091511154,0.14071114361286163,17.944669723510742,0.5196272646011879,1.0,17.944669723510742,0.46147875269036936,1.0
Pum1,0.43619871139526367,0.4350050985813141,0.004876614548265934,0.9984208920935209,0.01531792152673006,0.004876614548265934,1.0,0.06488204747438431,0.004876614548265934,1.0,0.08514370769262314
Sdc3,0.008541019633412361,0.026831291615962982,-1.6646687984466553,0.7658486403051713,-0.8060610890388489,-1.6646687984466553,0.22234110585949082,-1.771582007408142,-1.6646687984466553,0.009624271680652103,-3.008917808532715
Laptm5,1.89508056640625,1.7297130823135376,0.28521326184272766,3.638334346928457e-13,7.7401814460754395,0.28521326184272766,2.083472334495632e-11,7.351706504821777,0.28521326184272766,3.122171657163154e-23,10.41270637512207
Matn1,0.0006100356113165617,0.0,19.218976974487305,0.9979940091511154,0.16822996735572815,19.218976974487305,0.36167647049845647,1.4143437147140503,19.218976974487305,0.2795042275398297,1.4143437147140503
Ptpru,0.001792940660379827,0.0004983686958439648,1.847974181175232,0.9979940091511154,0.16564728319644928,1.847974181175232,0.3945215089151672,1.329981803894043,1.847974181175232,0.25854499245610735,1.4664796590805054
Mecr,0.10582438111305237,0.1819603145122528,-0.8381888270378113,3.754959292339739e-11,-7.099767684936523,-0.8381888270378113,7.126256160113879e-09,-6.389913558959961,-0.8381888270378113,8.314466164831933e-18,-9.035237312316895
Srsf4,0.4977378845214844,0.4958246052265167,0.007050270214676857,0.9979940091511154,-0.25212231278419495,0.007050270214676857,1.0,0.10080692917108536,0.007050270214676857,0.9991904658823073,0.13092400133609772
Epb41,0.3236527144908905,0.31969642639160156,0.020750440657138824,0.9979940091511154,-0.13803941011428833,0.020750440657138824,0.9666470261565902,0.21747836470603943,0.020750440657138824,0.8966375214955384,0.29705408215522766
Ythdf2,0.37530434131622314,0.44100862741470337,-0.2833569049835205,0.0025011035544506475,-3.528287172317505,-0.2833569049835205,0.0037531902147713695,-3.4681575298309326,-0.2833569049835205,2.0327275298131026e-05,-4.677799224853516
Gmeb1,0.17821048200130463,0.14271584153175354,0.34672489762306213,0.9979940091511154,0.4989902079105377,0.34672489762306213,0.03934310160062679,2.6331427097320557,0.34672489762306213,0.0021959220583267726,3.4834375381469727
Taf12,0.6497899889945984,0.6679648160934448,-0.05433826893568039,0.9979940091511154,-0.22709709405899048,-0.05433826893568039,0.5738845890693117,-0.9010098576545715,-0.05433826893568039,0.3723204055873111,-1.2029751539230347
Rab42,0.0010941422078758478,0.003026026301085949,-1.469017505645752,0.9979940091511154,-0.23083750903606415,-1.469017505645752,0.4163839037959709,-1.283531904220581,-1.469017505645752,0.1288579036510481,-1.905424952507019
Trnau1ap,0.28751176595687866,0.3601451814174652,-0.3801742494106293,0.00011079638778079729,-4.373444557189941,-0.3801742494106293,0.0002169809470900036,-4.261110305786133,-0.3801742494106293,6.519891693022565e-08,-5.816300392150879
Rcc1,0.298054963350296,0.311249315738678,-0.07249253988265991,0.1889884299639967,-1.8047538995742798,-0.07249253988265991,0.6387763917606847,-0.7887113094329834,-0.07249253988265991,0.46115625578549574,-1.0397613048553467
Phactr4,0.09426126629114151,0.08300130814313889,0.19177336990833282,0.652530081533345,-0.953985869884491,0.19177336990833282,0.5196272646011879,1.0601252317428589,0.19177336990833282,0.27633167989476004,1.4231175184249878
Med18,0.042918507009744644,0.03504061698913574,0.2982911169528961,0.8452196237059627,-0.7049806118011475,0.2982911169528961,0.5196272646011879,1.0679634809494019,0.2982911169528961,0.2815199444820388,1.4056899547576904
Sesn2,0.03303380683064461,0.030985770747065544,0.09382253140211105,0.6783058722065866,-0.9201439619064331,0.09382253140211105,0.8990183473553319,0.34367626905441284,0.09382253140211105,0.7975189517878468,0.45372477173805237
Atpif1,1.3401150703430176,1.3989261388778687,-0.11377932131290436,0.0047040038291442775,-3.3287980556488037,-0.11377932131290436,0.07373391577973198,-2.3613975048065186,-0.11377932131290436,0.0030115693007162422,-3.3873178958892822
Dnajc8,1.048919916152954,1.0645545721054077,-0.03457390516996384,0.9979940091511154,-0.30502256751060486,-0.03457390516996384,0.6841893637293553,-0.7124853730201721,-0.03457390516996384,0.4789781527909146,-0.9685433506965637
Ptafr,0.0,0.004111327230930328,-21.974140167236328,0.9979940091511154,-0.143560990691185,-21.974140167236328,0.32148149749503374,-1.5143486261367798,-21.974140167236328,0.024423884680858952,-2.664898157119751
Eya3,0.105605348944664,0.09371978789567947,0.18097324669361115,0.5457767999690051,-1.1051167249679565,0.18097324669361115,0.46093888657523624,1.198522925376892,0.18097324669361115,0.22621085765191123,1.5524389743804932
Xkr8,0.024284036830067635,0.021044956520199776,0.2088790386915207,0.9979940091511154,-0.447782039642334,0.2088790386915207,0.7285297616663335,0.6362057328224182,0.2088790386915207,0.5407473027698771,0.861137330532074
Smpdl3b,0.14248846471309662,0.1551540195941925,-0.1322188526391983,0.0067752934305763774,-3.209015369415283,-0.1322188526391983,0.5804416688683766,-0.888514518737793,-0.1322188526391983,0.37752600405451603,-1.1932017803192139
Rpa2,0.911970317363739,0.9614983201026917,-0.11752232909202576,0.08511053668397166,-2.2142412662506104,-0.11752232909202576,0.17292137957450096,-1.9179035425186157,-0.11752232909202576,0.02914915412224468,-2.5921812057495117
Themis2,0.05294433608651161,0.045036252588033676,0.2391403764486313,0.5602497366730512,-1.0832085609436035,0.2391403764486313,0.5196272646011879,1.0835627317428589,0.2391403764486313,0.2857143277490357,1.3927733898162842
Ppp1r8,0.18951258063316345,0.2306213676929474,-0.31392359733581543,0.0004894276430754681,-3.9920997619628906,-0.31392359733581543,0.014702130391280465,-3.008165121078491,-0.31392359733581543,0.0002995052251252577,-4.031734943389893
Stx12,0.14274629950523376,0.1849246472120285,-0.40473973751068115,6.897184977157033e-05,-4.487972736358643,-0.40473973751068115,0.0059877439528850185,-3.3178510665893555,-0.40473973751068115,3.889058541609774e-05,-4.530353546142578
Fam76a,0.2323932647705078,0.21887962520122528,0.09654483199119568,0.8367854521317202,-0.7169143557548523,0.09654483199119568,0.5519745076408595,0.9416600465774536,0.09654483199119568,0.36211537815866773,1.224273681640625
Fgr,0.01949182152748108,0.022314926609396935,-0.1971837729215622,0.9624145595308172,-0.5566105246543884,-0.1971837729215622,0.8251512040169634,-0.47041261196136475,-0.1971837729215622,0.6492958040662482,-0.6828650236129761
Ahdc1,0.09936690330505371,0.13643355667591095,-0.48462456464767456,7.486693094256373e-05,-4.467935085296631,-0.48462456464767456,0.01270831334664412,-3.062268018722534,-0.48462456464767456,8.469120924915443e-05,-4.345848560333252
Wasf2,0.8196529150009155,0.8432688117027283,-0.060348447412252426,0.7697545820510776,-0.8012519478797913,-0.060348447412252426,0.4953273303073,-1.1337579488754272,-0.060348447412252426,0.238602810399408,-1.518189787864685
Gpr3,0.0,0.0005426184507086873,-19.049972534179688,0.9979940091511154,0.027607882395386696,-19.049972534179688,0.5196272646011879,-1.0,-19.049972534179688,0.16021537352752957,-1.759765386581421
Map3k6,0.0004312066885177046,0.00048680920735932887,-0.1750165969133377,0.9979940091511154,0.05521576479077339,-0.1750165969133377,1.0,-0.0854995921254158,-0.1750165969133377,1.0,-0.10853221267461777
Sytl1,0.05127450078725815,0.06484944373369217,-0.3487395644187927,0.02519909333536771,-2.734605312347412,-0.3487395644187927,0.2499049398400147,-1.6915088891983032,-0.3487395644187927,0.05346726032212968,-2.3319318294525146
Tmem222,0.22462035715579987,0.24362926185131073,-0.1314452588558197,0.06836430133236955,-2.3157668113708496,-0.1314452588558197,0.39304872053724516,-1.3335086107254028,-0.1314452588558197,0.16021537352752957,-1.7700188159942627
Wdtc1,0.11058401316404343,0.0983087345957756,0.17876030504703522,0.276511592205731,-1.5804176330566406,0.17876030504703522,0.477164828472987,1.1678354740142822,0.17876030504703522,0.24297819029162543,1.5062273740768433
Slc9a1,0.09284991770982742,0.09139493107795715,0.02385208196938038,0.17846930768142552,-1.8360131978988647,0.02385208196938038,1.0,0.1351722627878189,0.02385208196938038,0.9671387819087062,0.18168412148952484
Tent5b,0.0,0.0004954008618369699,-18.918596267700195,0.9979940091511154,0.027607882395386696,-18.918596267700195,0.5196272646011879,-1.0,-18.918596267700195,0.16021537352752957,-1.759765386581421
Trnp1,0.0,0.001597309485077858,-20.608366012573242,0.9979940091511154,-0.143560990691185,-20.608366012573242,0.23497137149915215,-1.7372921705245972,-20.608366012573242,0.008414147192428051,-3.0572266578674316
Kdf1,0.00029069429729133844,0.0011009593727067113,-1.9217673540115356,0.9979940091511154,-0.0302796121686697,-1.9217673540115356,0.5330637093114378,-0.975729763507843,-1.9217673540115356,0.23382047292616276,-1.5315361022949219
Nudc,1.0693466663360596,1.1160175800323486,-0.10130888968706131,0.0492711100529069,-2.459951400756836,-0.10130888968706131,0.1703036456643334,-1.9269145727157593,-0.10130888968706131,0.021562687883149967,-2.710151195526123
Gpatch3,0.01782718300819397,0.027257084846496582,-0.6193804144859314,0.32297873131816246,-1.4822760820388794,-0.6193804144859314,0.2762226636914571,-1.621057391166687,-0.6193804144859314,0.0489319150346673,-2.370579242706299
Gpn2,0.17168773710727692,0.20583774149417877,-0.28712937235832214,0.004681735431713515,-3.3302230834960938,-0.28712937235832214,0.043571973620847734,-2.5920629501342773,-0.28712937235832214,0.0017386789008488747,-3.552837371826172
Sfn,0.13420893251895905,0.18609577417373657,-0.5099917650222778,4.301595114983774e-05,-4.598315238952637,-0.5099917650222778,0.0028235467513929905,-3.5595710277557373,-0.5099917650222778,3.7417306028991847e-06,-5.041545391082764
Zdhhc18,0.5535624027252197,0.4867800772190094,0.23780682682991028,0.0046570676464763715,3.3320040702819824,0.23780682682991028,0.008099327977156541,3.216033697128296,0.23780682682991028,0.00010478319835658309,4.2961745262146
Pigv,0.07319387048482895,0.061548441648483276,0.2584950625896454,0.38602253538300796,-1.3605341911315918,0.2584950625896454,0.36167647049845647,1.4103419780731201,0.2584950625896454,0.16021537352752957,1.782787799835205
Arid1a,0.7382338047027588,0.6929540038108826,0.1278434693813324,0.0874106418466178,2.201773166656494,0.1278434693813324,0.10346542995044959,2.193753480911255,0.1278434693813324,0.013616647535829723,2.883967638015747
Rps6ka1,0.4386046528816223,0.46222376823425293,-0.09398230910301208,0.6623472695506234,-0.9417849779129028,-0.09398230910301208,0.4524058178082735,-1.2145881652832031,-0.09398230910301208,0.19494661490283938,-1.642600655555725
Hmgn2,1.6501482725143433,1.433738350868225,0.3975273072719574,1.7307166580950353e-14,8.138714790344238,0.3975273072719574,4.8994348521190607e-14,8.253545761108398,0.3975273072719574,1.5916617408449994e-29,11.817855834960938
Dhdds,0.11557362973690033,0.152555912733078,-0.4277987778186798,1.560568406204426e-05,-4.828707695007324,-0.4277987778186798,0.007739730160527358,-3.232475996017456,-0.4277987778186798,6.353781312471972e-05,-4.415053844451904
Zfp683,0.0010976262856274843,0.004516076296567917,-2.04314923286438,0.9979940091511154,-0.31651100516319275,-2.04314923286438,0.24298090203216705,-1.7115386724472046,-2.04314923286438,0.020986496481707924,-2.721590757369995
Crybg2,0.023350035771727562,0.023913485929369926,-0.03480777144432068,0.5463366576806353,-1.103959083557129,-0.03480777144432068,1.0,-0.11044638603925705,-0.03480777144432068,0.9905162313607476,-0.14456692337989807
Cd52,3.445159912109375,3.076188564300537,0.553683876991272,9.791200082492077e-45,14.499837875366211,0.553683876991272,4.8861560168372e-48,16.646759033203125,0.553683876991272,1.1593186191560992e-101,23.169477462768555
Ubxn11,0.06331264972686768,0.052934758365154266,0.26583704352378845,0.9277298330609342,-0.599001944065094,0.26583704352378845,0.40597640512267535,1.3050448894500732,0.26583704352378845,0.17522024360070498,1.705241322517395
Sh3bgrl3,2.8411104679107666,2.6051182746887207,0.3644625246524811,2.7486839957336934e-35,12.836596488952637,0.3644625246524811,1.0688715103154575e-35,13.978734970092773,0.3644625246524811,6.373385869233109e-77,19.793325424194336
Cep85,0.20627279579639435,0.1484009027481079,0.5180324912071228,0.4801084416409665,1.2045942544937134,0.5180324912071228,6.418994284039822e-05,4.55090856552124,0.5180324912071228,2.0322555103997366e-07,5.613426685333252
Cnksr1,0.0,0.0010762973688542843,-20.038423538208008,0.9979940091511154,-0.05797655135393143,-20.038423538208008,0.36167647049845647,-1.4164434671401978,-20.038423538208008,0.03726207145007799,-2.492608070373535
Zfp593,0.2810373604297638,0.35194528102874756,-0.3784318268299103,5.9946905027236826e-05,-4.523150444030762,-0.3784318268299103,0.0002568007691244461,-4.215059757232666,-0.3784318268299103,1.663122452531867e-07,-5.646039962768555
E130218I03Rik,0.0005397482309490442,0.0,19.04231834411621,0.9979940091511154,0.14071114361286163,19.04231834411621,0.5196272646011879,1.0,19.04231834411621,0.46147875269036936,1.0
Grrp1,0.0004968595458194613,0.0,18.922840118408203,0.9979940091511154,0.14071114361286163,18.922840118408203,0.5196272646011879,1.0,18.922840118408203,0.46147875269036936,1.0
Pdik1l,0.14927715063095093,0.10696148872375488,0.5120779275894165,0.9181366997522591,0.6130731105804443,0.5120779275894165,0.003618744044833172,3.4766664505004883,0.5120779275894165,4.8237977216063677e-05,4.481584072113037
Slc30a2,0.0,0.0,0.0,0.9979940091511154,0.11319231241941452,0.0,1.0,0.0,0.0,1.0,0.0
Extl1,0.0,0.0018449625931680202,-20.816492080688477,0.9979940091511154,-0.143560990691185,-20.816492080688477,0.2374177701560613,-1.7302042245864868,-20.816492080688477,0.008719067348026273,-3.044753313064575
Pafah2,0.0003461074666120112,0.0028295156080275774,-3.0330512523651123,0.9979940091511154,-0.17375153303146362,-3.0330512523651123,0.17993357928466044,-1.8962914943695068,-3.0330512523651123,0.007000151076765575,-3.116609573364258
Stmn1,2.6664700508117676,2.175039291381836,0.7790433764457703,3.7654171074385606e-47,14.903802871704102,0.7790433764457703,2.3671568400346805e-31,13.292113304138184,0.7790433764457703,3.377998878356896e-83,20.855663299560547
Paqr7,0.04596090316772461,0.04137840121984482,0.15485893189907074,0.7256442382165129,-0.8574473857879639,0.15485893189907074,0.771893429474819,0.5627171397209167,0.15485893189907074,0.5993326260179154,0.763788104057312
Aunip,0.11958213150501251,0.15521198511123657,-0.40252795815467834,1.905513653648295e-05,-4.784891128540039,-0.40252795815467834,0.013958113877450048,-3.026942491531372,-0.40252795815467834,0.00029982031192539275,-4.031413555145264
Mtfr1l,0.1731918752193451,0.19025805592536926,-0.14826951920986176,0.0885373836367615,-2.195984363555908,-0.14826951920986176,0.4454187324862756,-1.2275383472442627,-0.14826951920986176,0.17837050745036037,-1.6937308311462402
Selenon,0.0244290791451931,0.029988760128617287,-0.2998507022857666,0.5333623325293728,-1.124976634979248,-0.2998507022857666,0.5676898548078354,-0.9112045168876648,-0.2998507022857666,0.3425452498877582,-1.2651962041854858
Man1c1,0.017394118010997772,0.021900376304984093,-0.3356173634529114,0.5052694084887493,-1.166121244430542,-0.3356173634529114,0.5313675520782573,-0.9790751338005066,-0.3356173634529114,0.3065348138833995,-1.342700719833374
Ldlrap1,0.08009443432092667,0.07811330258846283,0.03758171200752258,0.1283111327097843,-2.0130598545074463,0.03758171200752258,0.9781951877756627,0.19461718201637268,0.03758171200752258,0.9195722350479053,0.25994062423706055
Maco1,0.08255600929260254,0.09870686382055283,-0.26960355043411255,0.007028488843768728,-3.1958348751068115,-0.26960355043411255,0.36167647049845647,-1.4112673997879028,-0.26960355043411255,0.10799877556255298,-1.997207760810852
Rhd,0.0,0.0017998407129198313,-20.780736923217773,0.9979940091511154,-0.143560990691185,-20.780736923217773,0.23494789734017402,-1.7374309301376343,-20.780736923217773,0.008409486529142736,-3.0574707984924316
Tmem50a,1.2465494871139526,1.0929598808288574,0.3216118812561035,1.4589383976873788e-12,7.555208683013916,0.3216118812561035,1.2840231772478081e-11,7.398501873016357,0.3216118812561035,2.151244313862506e-21,9.9736328125
Rsrp1,0.8780821561813354,0.8424261212348938,0.08916879445314407,0.21399600229211074,1.7351999282836914,0.08916879445314407,0.4223396845257439,1.271746039390564,0.08916879445314407,0.1598748216539591,1.7891323566436768
Syf2,0.9073717594146729,0.8993294835090637,0.019506946206092834,0.34935700171869544,1.4302663803100586,0.019506946206092834,0.8715442528021393,0.39030006527900696,0.019506946206092834,0.7484494128318475,0.5286836624145508
Runx3,0.9436668157577515,1.1428685188293457,-0.44454309344291687,4.097010289050242e-10,-6.741577625274658,-0.44454309344291687,2.4591520334656172e-12,-7.635378837585449,-0.44454309344291687,3.381399462180595e-22,-10.172904014587402
Clic4,0.32934895157814026,0.2965790629386902,0.17606952786445618,0.7304528796035342,0.8505899310112,0.17606952786445618,0.1760908476127473,1.9064217805862427,0.17606952786445618,0.0352901896774583,2.514388084411621
Srrm1,1.1336686611175537,1.1833478212356567,-0.1044803261756897,0.16853803152340258,-1.8674505949020386,-0.1044803261756897,0.08929478879073333,-2.2674217224121094,-0.1044803261756897,0.00865672965324681,-3.0433926582336426
Ncmap,0.000978566356934607,0.0,19.901018142700195,0.9979940091511154,0.19574879109859467,19.901018142700195,0.23682546188166373,1.728149652481079,19.901018142700195,0.16918444130273763,1.728149652481079
Rcan3,0.06809871643781662,0.07054624706506729,-0.05272747576236725,0.11103455984048378,-2.0850183963775635,-0.05272747576236725,0.9408246376306105,-0.26557937264442444,-0.05272747576236725,0.8570422734416628,-0.35987868905067444
Nipal3,0.17445455491542816,0.15322358906269073,0.20294569432735443,0.9979940091511154,-0.32951343059539795,0.20294569432735443,0.2700076466528307,1.6363884210586548,0.20294569432735443,0.08028608245432828,2.145336866378784
Stpg1,0.0,0.0,0.0,0.9979940091511154,0.11319231241941452,0.0,1.0,0.0,0.0,1.0,0.0
Grhl3,0.0,0.0,0.0,0.9979940091511154,0.11319231241941452,0.0,1.0,0.0,0.0,1.0,0.0
Srsf10,0.7372499704360962,0.8151374459266663,-0.20826978981494904,0.004738761405260085,-3.3261263370513916,-0.20826978981494904,0.0019029848899657302,-3.6715996265411377,-0.20826978981494904,6.907602935900788e-06,-4.915849208831787
Pnrc2,0.3441590666770935,0.34197184443473816,0.010865871794521809,0.9979940091511154,-0.07489751279354095,0.010865871794521809,1.0,0.11464341729879379,0.010865871794521809,0.9826524921444467,0.15780486166477203
Cnr2,0.0011332358699291945,0.0025953396689146757,-1.1965293884277344,0.9984208920935209,-0.002760788192972541,-1.1965293884277344,0.6780618889385285,-0.7236262559890747,-1.1965293884277344,0.4301312903102496,-1.0946636199951172
Fuca1,0.31149932742118835,0.33039042353630066,-0.0992976576089859,0.6870590102219019,-0.9083883762359619,-0.0992976576089859,0.5196272646011879,-1.0535731315612793,-0.0992976576089859,0.2605135172497983,-1.4610157012939453
Hmgcl,0.15792624652385712,0.2020721435546875,-0.3884190320968628,7.581661303422581e-05,-4.464906692504883,-0.3884190320968628,0.004754451001921992,-3.392120838165283,-0.3884190320968628,2.5402581013773753e-05,-4.627560138702393
Gale,0.15582449734210968,0.16702896356582642,-0.10847578942775726,0.024628743496592498,-2.7436890602111816,-0.10847578942775726,0.568016904135025,-0.9103207588195801,-0.10847578942775726,0.37074050867008485,-1.2059613466262817
Lypla2,0.4423200190067291,0.3566911518573761,0.3762850761413574,0.0006285811488812052,3.923258066177368,0.3762850761413574,0.0001356460291553139,4.376952171325684,0.3762850761413574,5.260459569342329e-08,5.855489730834961
Pithd1,0.22727051377296448,0.2523893415927887,-0.17008322477340698,0.06634128747082034,-2.3290364742279053,-0.17008322477340698,0.25069942323751904,-1.6887985467910767,-0.17008322477340698,0.05984104375309626,-2.2804641723632812
Eloa,0.31515616178512573,0.3307902216911316,-0.0817333236336708,0.4113838425524586,-1.3167178630828857,-0.0817333236336708,0.5518981721073624,-0.9418919682502747,-0.0817333236336708,0.3467582836647275,-1.256661295890808
Rpl11,3.274510622024536,3.4731924533843994,-0.2968234717845917,1.283026837646587e-39,-13.63010025024414,-0.2968234717845917,2.2092674007386885e-45,-15.861894607543945,-0.2968234717845917,5.991056254368181e-87,-21.27191162109375
Id3,0.05339813232421875,0.039626214653253555,0.44034555554389954,0.9979940091511154,-0.4026297926902771,0.44034555554389954,0.34011724486526806,1.4704887866973877,0.44034555554389954,0.12779249203847498,1.9105331897735596
E2f2,0.48430711030960083,0.468523770570755,0.060085639357566833,0.9979940091511154,-0.10018989443778992,0.060085639357566833,0.6477917948128047,0.773724377155304,0.060085639357566833,0.46147875269036936,1.011963963508606
Asap3,0.0,0.0005232291296124458,-18.99746322631836,0.9979940091511154,0.027607882395386696,-18.99746322631836,0.5196272646011879,-1.0,-18.99746322631836,0.16021537352752957,-1.759765386581421
Tcea3,0.0,0.0,0.0,0.9979940091511154,0.11319231241941452,0.0,1.0,0.0,0.0,1.0,0.0
Zfp46,0.011934720911085606,0.01149724330753088,0.05419303476810455,0.9979940091511154,-0.27750372886657715,0.05419303476810455,1.0,0.12822920083999634,0.05419303476810455,0.9726062253620428,0.1732187420129776
Hnrnpr,0.8579761385917664,0.8232237696647644,0.08819281309843063,0.17926887599237973,1.8333414793014526,0.08819281309843063,0.270461276298539,1.6347321271896362,0.08819281309843063,0.07836806353977355,2.15678334236145
Htr1d,0.0006483614561147988,0.0006021154695190489,0.10679124295711517,0.9979940091511154,0.08282364159822464,0.10679124295711517,1.0,0.06111447885632515,0.10679124295711517,1.0,0.08085519075393677
Luzp1,0.04577616602182388,0.07527093589305878,-0.7389866709709167,0.0004277414379245769,-4.028079032897949,-0.7389866709709167,0.010630500359777403,-3.1262195110321045,-0.7389866709709167,4.6285426648754705e-05,-4.4896368980407715
Kdm1a,0.3721390664577484,0.42779165506362915,-0.24388045072555542,0.007716267172042058,-3.1644866466522217,-0.24388045072555542,0.011943612872370968,-3.0808372497558594,-0.24388045072555542,0.00023458416090637297,-4.095025062561035
Lactbl1,0.00023606474860571325,0.0006414229865185916,-1.4423819780349731,0.9979940091511154,0.05521576479077339,-1.4423819780349731,0.7542949331902059,-0.5930766463279724,-1.4423819780349731,0.498443545373789,-0.933445155620575
C1qb,0.003485566470772028,0.015398508869111538,-2.1519322395324707,0.9979940091511154,-0.37617963552474976,-2.1519322395324707,0.4623658614172176,-1.1967504024505615,-2.1519322395324707,0.09580148921979864,-2.059682846069336
C1qc,0.002934814430773258,0.011553041636943817,-1.983155369758606,0.9984208920935209,-0.006412153132259846,-1.983155369758606,0.5196272646011879,-1.0290510654449463,-1.983155369758606,0.16021537352752957,-1.761723279953003
C1qa,0.00601233122870326,0.009083211421966553,-0.5974956750869751,0.9979940091511154,0.13073667883872986,-0.5974956750869751,0.8446825640955458,-0.43767213821411133,-0.5974956750869751,0.6399329975577387,-0.6981164216995239
Epha8,0.0015574267599731684,0.009387057274580002,-2.597160816192627,0.7249246584854829,-0.8586941957473755,-2.597160816192627,0.025810134364421335,-2.807785749435425,-2.597160816192627,2.6291590321378442e-05,-4.624190807342529
Zbtb40,0.028424236923456192,0.03869295120239258,-0.4523976743221283,0.03309553061534269,-2.6250641345977783,-0.4523976743221283,0.26013763050509153,-1.661378264427185,-0.4523976743221283,0.06545969819714878,-2.2415549755096436
Wnt4,0.004088375251740217,0.0022529521957039833,0.8610354065895081,0.9979940091511154,0.10615675896406174,0.8610354065895081,0.556498665510375,0.9327102899551392,0.8610354065895081,0.4087706498680702,1.1345878839492798
Cdc42,2.443297863006592,2.391981601715088,0.08127929270267487,0.0009976521297052,3.7970633506774902,0.08127929270267487,0.01974619530635282,2.901911497116089,0.08127929270267487,0.000209962523149071,4.12242317199707
Usp48,0.49767521023750305,0.4961680769920349,0.005552369635552168,0.9979940091511154,0.23163902759552002,0.005552369635552168,1.0,0.07507634162902832,0.005552369635552168,1.0,0.10113223642110825
Rap1gap,0.0009220061474479735,0.0012483326718211174,-0.4373892843723297,0.9984208920935209,-0.0025826727505773306,-0.4373892843723297,0.9230932056061031,-0.2975778579711914,-0.4373892843723297,0.8334093393855925,-0.3969455361366272
Alpl,0.0012662791414186358,0.003063710406422615,-1.275980830192566,0.9979940091511154,-0.14587648212909698,-1.275980830192566,0.5472092664421577,-0.9495165348052979,-1.275980830192566,0.2676718376578261,-1.4439969062805176
Ece1,0.06062895432114601,0.0703149363398552,-0.22088733315467834,0.10359672468240352,-2.119572877883911,-0.22088733315467834,0.5142986845884927,-1.0993127822875977,-0.22088733315467834,0.2361928686882317,-1.5252512693405151
Eif4g3,0.41450947523117065,0.42625775933265686,-0.04938764125108719,0.8578229324037238,-0.6898407936096191,-0.04938764125108719,0.7434315976986233,-0.6111062169075012,-0.04938764125108719,0.5620419334334333,-0.8259915709495544
Hp1bp3,1.180349588394165,1.0721380710601807,0.2311323881149292,0.00023193462848361876,4.189807891845703,0.2311323881149292,0.00014100296886861082,4.3654255867004395,0.2311323881149292,8.035277652496403e-08,5.780332565307617
Sh2d5,0.0011020844103768468,0.006018141284584999,-2.4526305198669434,0.9979940091511154,-0.43264222145080566,-2.4526305198669434,0.07655901756444645,-2.3460922241210938,-2.4526305198669434,0.0005943373877377024,-3.854796886444092
Kif17,0.0,0.00047693747910670936,-18.863788604736328,0.9979940091511154,0.027607882395386696,-18.863788604736328,0.5196272646011879,-1.0,-18.863788604736328,0.16021537352752957,-1.759765386581421
Ddost,0.8283830285072327,0.9608362913131714,-0.32359579205513,6.228658132862277e-07,-5.484884738922119,-0.32359579205513,9.582444907840923e-08,-5.910669803619385,-0.32359579205513,2.2763602243740362e-14,-8.059266090393066
Pink1,0.08236224204301834,0.09298448264598846,-0.1827813982963562,0.191413415861972,-1.797540307044983,-0.1827813982963562,0.5949072741462614,-0.8634413480758667,-0.1827813982963562,0.347564145198267,-1.254873275756836
Mul1,0.09041143208742142,0.11470216512680054,-0.3611370325088501,0.002497087959753435,-3.5288217067718506,-0.3611370325088501,0.08303467769319778,-2.3014721870422363,-0.3611370325088501,0.005731378973592656,-3.1816859245300293
Camk2n1,0.049466706812381744,0.027308018878102303,0.8732195496559143,0.9979940091511154,0.1662706881761551,0.8732195496559143,0.02765121898658967,2.7707130908966064,0.8732195496559143,0.002253432216681772,3.4768612384796143
Pla2g2d,0.0013067369582131505,0.0007053575827740133,0.8899749517440796,0.9979940091511154,0.11043152958154678,0.8899749517440796,0.7657782097174687,0.5728756785392761,0.8899749517440796,0.646658867688593,0.6875185370445251
Otud3,0.023822318762540817,0.04026763513684273,-0.769232988357544,0.10570332602543021,-2.1092422008514404,-0.769232988357544,0.1038559880695502,-2.1947243213653564,-0.769232988357544,0.003401320750103911,-3.349720001220703
Tmco4,0.11037453263998032,0.1014791950583458,0.12775325775146484,0.1654819795385388,-1.8779593706130981,0.12775325775146484,0.6589176436133178,0.7552617788314819,0.12775325775146484,0.46147875269036936,1.0040497779846191
Htr6,0.0,0.00047693747910670936,-18.863788604736328,0.9979940091511154,0.027607882395386696,-18.863788604736328,0.5196272646011879,-1.0,-18.863788604736328,0.16021537352752957,-1.759765386581421
Nbl1,0.0,0.0,0.0,0.9979940091511154,0.11319231241941452,0.0,1.0,0.0,0.0,1.0,0.0
Micos10,1.290971279144287,1.3663749694824219,-0.1479933261871338,0.0008976783782794205,-3.826897621154785,-0.1479933261871338,0.0048380584646570595,-3.3873939514160156,-0.1479933261871338,1.7314309935953876e-05,-4.71328067779541
Capzb,1.816163420677185,1.7900807857513428,0.04505380615592003,0.1521410574422325,1.9253380298614502,0.04505380615592003,0.39921209228024007,1.3198333978652954,0.04505380615592003,0.15274647279055165,1.8138306140899658
Pqlc2,0.020104210823774338,0.021018024533987045,-0.06479065865278244,0.8185913610426935,-0.7394459247589111,-0.06479065865278244,0.992140754208172,-0.16917526721954346,-0.06479065865278244,0.9358027897493822,-0.23571781814098358
Akr7a5,0.0826963558793068,0.13344527781009674,-0.7276195883750916,1.4461033685811055e-07,-5.757846355438232,-0.7276195883750916,5.290100950455283e-05,-4.618007659912109,-0.7276195883750916,5.660407875656836e-10,-6.613269329071045
Mrto4,0.303410142660141,0.5062597393989563,-0.8947778344154358,8.50298624700756e-21,-9.800085067749023,-0.8947778344154358,4.943230476237981e-22,-10.581517219543457,-0.8947778344154358,1.2516029317156059e-45,-14.898740768432617
Emc1,0.09468913823366165,0.11564382910728455,-0.30379778146743774,0.003385316162564334,-3.43290638923645,-0.30379778146743774,0.1455827243568123,-2.0175178050994873,-0.30379778146743774,0.01894298241471492,-2.759979486465454
Ubr4,0.24914710223674774,0.25466763973236084,-0.03576722368597984,0.5233058016154022,-1.1396712064743042,-0.03576722368597984,0.9042562937694716,-0.33330339193344116,-0.03576722368597984,0.7963161104998538,-0.45569390058517456
Iffo2,0.02060961350798607,0.024003827944397926,-0.22240445017814636,0.8686118611287141,-0.6748791337013245,-0.22240445017814636,0.7974300392446152,-0.5185955166816711,-0.22240445017814636,0.5997072021478069,-0.7631785869598389
Aldh4a1,0.014073414728045464,0.01891261152923107,-0.4298762381076813,0.557141812193999,-1.0873943567276,-0.4298762381076813,0.5196272646011879,-1.0703762769699097,-0.4298762381076813,0.25514446083431674,-1.4745442867279053
Arhgef10l,0.0,0.0,0.0,0.9979940091511154,0.11319231241941452,0.0,1.0,0.0,0.0,1.0,0.0
Rcc2,0.45328617095947266,0.5934448838233948,-0.4985731840133667,1.405943391904161e-09,-6.5482330322265625,-0.4985731840133667,3.969859001945094e-11,-7.223293781280518,-0.4985731840133667,2.0593927257468696e-20,-9.726534843444824
Padi4,0.0012406412279233336,0.0016812464455142617,-0.438762903213501,0.9979940091511154,-0.032416995614767075,-0.438762903213501,0.8766036733472442,-0.38213375210762024,-0.438762903213501,0.7478404001445608,-0.5296790599822998
Padi3,0.0012281705858185887,0.0014828791609033942,-0.2720736265182495,0.9979940091511154,0.025114266201853752,-0.2720736265182495,0.9770516883047266,-0.19717517495155334,-0.2720736265182495,0.9141502088585863,-0.2690090239048004
Padi1,0.0018007230246439576,0.002658978570252657,-0.5629149675369263,0.9979940091511154,-0.1749092936515808,-0.5629149675369263,0.7533447140005258,-0.5945577025413513,-0.5629149675369263,0.5713806942339976,-0.8105664849281311
Padi2,0.10056892782449722,0.09124965965747833,0.1471235603094101,0.30302512039482266,-1.52315354347229,0.1471235603094101,0.6013207287782495,0.8522688746452332,0.1471235603094101,0.4106741838851638,1.1309258937835693
Sdhb,1.0719373226165771,1.098013162612915,-0.05682115629315376,0.44221477739846643,-1.264530062675476,-0.05682115629315376,0.46290061113229775,-1.1944448947906494,-0.05682115629315376,0.19924870211790885,-1.6287355422973633
Atp13a2,0.07615136355161667,0.08161083608865738,-0.10388080775737762,0.034910552916706715,-2.6032450199127197,-0.10388080775737762,0.763930401902189,-0.5763331055641174,-0.10388080775737762,0.5977459433388731,-0.767087996006012
Crocc,0.027783045545220375,0.01748926378786564,0.6751887202262878,0.9979940091511154,-0.08166589587926865,0.6751887202262878,0.0980983545736512,2.22045636177063,0.6751887202262878,0.021188893530394555,2.7183027267456055
Necap2,0.36614540219306946,0.37675610184669495,-0.0493411086499691,0.8004880539113368,-0.7609978914260864,-0.0493411086499691,0.7376070692258222,-0.6214048266410828,-0.0493411086499691,0.5608019961331505,-0.8279969096183777
Szrd1,0.29595375061035156,0.32685670256614685,-0.1667332947254181,0.11967661644043491,-2.0479705333709717,-0.1667332947254181,0.1586292356234356,-1.9667541980743408,-0.1667332947254181,0.026818139347642708,-2.6256346702575684
Fbxo42,0.09664440155029297,0.10214746743440628,-0.08393076807260513,0.03760903168496555,-2.5725202560424805,-0.08393076807260513,0.7765623175255829,-0.5539148449897766,-0.08393076807260513,0.6191872119578531,-0.7307998538017273
Cplane2,0.0002701408520806581,0.0023172590881586075,-3.1021080017089844,0.9979940091511154,-0.20127035677433014,-3.1021080017089844,0.24151844345376264,-1.7160497903823853,-3.1021080017089844,0.014193973714799598,-2.8695120811462402
Arhgef19,0.0,0.002074597869068384,-20.985897064208984,0.9979940091511154,-0.143560990691185,-20.985897064208984,0.23855721008811115,-1.726141333580017,-20.985897064208984,0.00889681638527054,-3.0376036167144775
Clcnkb,0.0,0.0,0.0,0.9979940091511154,0.11319231241941452,0.0,1.0,0.0,0.0,1.0,0.0
Zbtb17,0.08549930155277252,0.08398322761058807,0.02692050114274025,0.23130538388302543,-1.6886227130889893,0.02692050114274025,0.9949832835444418,0.16273218393325806,0.02692050114274025,0.9464400628360206,0.21709036827087402
Spen,0.23918993771076202,0.25926661491394043,-0.13136285543441772,0.04061440946375787,-2.5400142669677734,-0.13136285543441772,0.4487862449808364,-1.2217243909835815,-0.13136285543441772,0.19753770403134635,-1.634434461593628
Fblim1,0.0,0.0,0.0,0.9979940091511154,0.11319231241941452,0.0,1.0,0.0,0.0,1.0,0.0
Tmem82,0.0,0.0005990875069983304,-19.192842483520508,0.9979940091511154,0.027607882395386696,-19.192842483520508,0.5196272646011879,-1.0,-19.192842483520508,0.16021537352752957,-1.759765386581421
Slc25a34,0.0002541152061894536,0.0,17.955312728881836,0.9979940091511154,0.14071114361286163,17.955312728881836,0.5196272646011879,1.0,17.955312728881836,0.46147875269036936,1.0
Plekhm2,0.05316676199436188,0.04645540192723274,0.19955970346927643,0.4135648303288551,-1.3132445812225342,0.19955970346927643,0.5541252494561005,0.9367595314979553,0.19955970346927643,0.37386595636557546,1.1999560594558716
Ddi2,0.09658287465572357,0.11849512904882431,-0.3110779821872711,0.005816892714595758,-3.259155035018921,-0.3110779821872711,0.16152201912967534,-1.9568705558776855,-0.3110779821872711,0.021356391889850484,-2.7136776447296143
Dnajc16,0.009936394169926643,0.02009771578013897,-1.023585319519043,0.3108025392017884,-1.5077465772628784,-1.023585319519043,0.08979532852133477,-2.2670114040374756,-1.023585319519043,0.0028177040447883795,-3.4079654216766357
Casp9,0.032266777008771896,0.02876592054963112,0.16822703182697296,0.9851383949305499,-0.5279339551925659,0.16822703182697296,0.7843030102801577,0.5406278371810913,0.16822703182697296,0.6245182130895602,0.7216651439666748
Cela2a,0.0,0.0,0.0,0.9979940091511154,0.11319231241941452,0.0,1.0,0.0,0.0,1.0,0.0
Efhd2,1.0305171012878418,1.0623459815979004,-0.07077787816524506,0.7090273504193908,-0.8795336484909058,-0.07077787816524506,0.38030521791611127,-1.3598449230194092,-0.07077787816524506,0.15143404855761655,-1.8183939456939697
Fhad1,0.0,0.0005671292310580611,-19.11372947692871,0.9979940091511154,0.027607882395386696,-19.11372947692871,0.5196272646011879,-1.0,-19.11372947692871,0.16021537352752957,-1.759765386581421
Tmem51,0.0019527748227119446,0.010722723789513111,-2.4634063243865967,0.9979940091511154,-0.40654832124710083,-2.4634063243865967,0.171834900897112,-1.924576997756958,-2.4634063243865967,0.004381895287576401,-3.272127628326416
Kazn,0.0,0.0,0.0,0.9979940091511154,0.11319231241941452,0.0,1.0,0.0,0.0,1.0,0.0
Prdm2,0.1864785999059677,0.19048084318637848,-0.033613525331020355,0.14096280185132717,-1.9647905826568604,-0.033613525331020355,0.9359553240076819,-0.2759670913219452,-0.033613525331020355,0.8500531256784425,-0.3711169362068176
Pramef8,0.06366295367479324,0.06980979442596436,-0.1374591439962387,0.04716570952851505,-2.478386163711548,-0.1374591439962387,0.6728417191086016,-0.7315807342529297,-0.1374591439962387,0.4747511825131339,-0.9764232039451599
Dhrs3,0.005624427460134029,0.00896157044917345,-0.674455463886261,0.9979940091511154,-0.40663737058639526,-0.674455463886261,0.5196272646011879,-1.0227510929107666,-0.674455463886261,0.2493684780174127,-1.4887417554855347
Vps13d,0.1317962408065796,0.12503661215305328,0.08093886822462082,0.5516539987531124,-1.0954095125198364,0.08093886822462082,0.8050379783329784,0.5053776502609253,0.08093886822462082,0.6369559674159483,0.7024067640304565
Tnfrsf1b,0.25840356945991516,0.26444166898727417,-0.037868741899728775,0.26137890365354927,-1.615239143371582,-0.037868741899728775,0.8908228876488062,-0.35746824741363525,-0.037868741899728775,0.7784885617906003,-0.48293954133987427
Tnfrsf8,0.0025186750572174788,0.007189134601503611,-1.5165247917175293,0.8604266416869855,-0.6851207613945007,-1.5165247917175293,0.12845981517682228,-2.0823912620544434,-1.5165247917175293,0.005940914578739251,-3.1695802211761475
Zfp990,0.00040170038118958473,0.0005203280015848577,-0.3733862042427063,0.9979940091511154,0.05521576479077339,-0.3733862042427063,0.9866166569826296,-0.18046432733535767,-0.3733862042427063,0.9342982276334678,-0.23783141374588013
Gm13212,0.039864879101514816,0.050248172134160995,-0.3414991497993469,0.09121198417715776,-2.1813788414001465,-0.3414991497993469,0.39808564575722655,-1.322316288948059,-0.3414991497993469,0.14870089792112237,-1.8286142349243164
Zfp987,0.0002546959149185568,0.00047693747910670936,-0.9051820635795593,0.9979940091511154,0.05521576479077339,-0.9051820635795593,0.8602257145652676,-0.4110376834869385,-0.9051820635795593,0.7041600864165193,-0.5975538492202759
Zfp992,0.01042461208999157,0.02923770062625408,-1.5014517307281494,0.1247515596961677,-2.0280215740203857,-1.5014517307281494,0.015847266126210437,-2.988676071166992,-1.5014517307281494,1.4074192837276467e-05,-4.763091087341309
Zfp993,0.0018564127385616302,0.0037826229818165302,-1.0282593965530396,0.9979940091511154,-0.26004841923713684,-1.0282593965530396,0.5182736003505204,-1.092223882675171,-1.0282593965530396,0.21417072413914115,-1.5848194360733032
Gm21411,0.0005000686505809426,0.0,18.932130813598633,0.9979940091511154,0.14071114361286163,18.932130813598633,0.5196272646011879,1.0,18.932130813598633,0.46147875269036936,1.0
Zfp989,0.0,0.0,0.0,0.9979940091511154,0.11319231241941452,0.0,1.0,0.0,0.0,1.0,0.0
Zfp991,0.007963323034346104,0.020514365285634995,-1.3742672204971313,0.2540227555932717,-1.6326944828033447,-1.3742672204971313,0.03864052765681561,-2.646296262741089,-1.3742672204971313,0.00022283263963781113,-4.108419418334961
Zfp988,0.0,0.0005671292310580611,-19.11372947692871,0.9979940091511154,0.027607882395386696,-19.11372947692871,0.5196272646011879,-1.0,-19.11372947692871,0.16021537352752957,-1.759765386581421
Zfp982,0.002301941392943263,0.002609584480524063,-0.1811911016702652,0.9979940091511154,-0.034020036458969116,-0.1811911016702652,0.9785876582930901,-0.19410426914691925,-0.1811911016702652,0.9165428177466797,-0.2653038799762726
Zfp985,0.010230788961052895,0.010881884954869747,-0.08948170393705368,0.9979940091511154,-0.34661251306533813,-0.08948170393705368,0.9809214627545882,-0.18919268250465393,-0.08948170393705368,0.9227037213683522,-0.25519654154777527
Zfp979,0.0,0.0,0.0,0.9979940091511154,0.11319231241941452,0.0,1.0,0.0,0.0,1.0,0.0
Zfp534,0.0,0.0,0.0,0.9979940091511154,0.11319231241941452,0.0,1.0,0.0,0.0,1.0,0.0
Zfp984,0.07753812521696091,0.10851109772920609,-0.5075533986091614,0.0033454473878084,-3.4366469383239746,-0.5075533986091614,0.02703904861703869,-2.7846336364746094,-0.5075533986091614,0.0003059013572703181,-4.0256218910217285
Zfp933,0.01611899398267269,0.012256914749741554,0.3979582190513611,0.9979940091511154,-0.18292447924613953,0.3979582190513611,0.5406539991730185,0.9619144201278687,0.3979582190513611,0.35216392312363703,1.2447701692581177
Miip,0.2753044366836548,0.16682091355323792,0.8038625717163086,0.000630051811950917,3.9224565029144287,0.8038625717163086,1.9087323785949026e-12,7.624781608581543,0.8038625717163086,9.534054792786265e-19,9.318737983703613
Fv1,0.005699405912309885,0.0017599632265046239,1.6981091499328613,0.9979940091511154,0.24651166796684265,1.6981091499328613,0.2245682957986676,1.7620797157287598,1.6981091499328613,0.11014232124673494,1.9870747327804565
Mfn2,0.07991769909858704,0.09740457683801651,-0.29827505350112915,0.003328054047336616,-3.438695192337036,-0.29827505350112915,0.18213621573179595,-1.8857247829437256,-0.29827505350112915,0.035141960987302046,-2.516080141067505
Plod1,0.0126793859526515,0.024243906140327454,-0.9435047507286072,0.33740590150843436,-1.4542229175567627,-0.9435047507286072,0.13154608975556564,-2.070854425430298,-0.9435047507286072,0.007207661003848789,-3.105492353439331
2510039O18Rik,0.3408622741699219,0.3266316056251526,0.07235945761203766,0.9979940091511154,0.30083686113357544,0.07235945761203766,0.59420404258195,0.8648686408996582,0.07235945761203766,0.4075399653553368,1.136836290359497
Nppa,0.000785048003308475,0.0,19.582988739013672,0.9979940091511154,0.14071114361286163,19.582988739013672,0.5196272646011879,1.0,19.582988739013672,0.46147875269036936,1.0
Clcn6,0.00970358494669199,0.011792068369686604,-0.28273627161979675,0.8481093804843632,-0.7015964388847351,-0.28273627161979675,0.7419155333448644,-0.6139106154441833,-0.28273627161979675,0.5771630072576762,-0.8003839254379272
Mthfr,0.007353426888585091,0.010237544775009155,-0.4794645607471466,0.8881606997380477,-0.6510116457939148,-0.4794645607471466,0.5487367334485118,-0.9468483924865723,-0.4794645607471466,0.3218658064364757,-1.3091589212417603
Agtrap,0.11803653836250305,0.15235686302185059,-0.39353540539741516,0.0003964001921738726,-4.049274921417236,-0.39353540539741516,0.03680592057536645,-2.6619784832000732,-0.39353540539741516,0.0008406351336971884,-3.757143259048462
Mad2l2,0.14445127546787262,0.15059345960617065,-0.06461569666862488,0.1576648035493235,-1.9053000211715698,-0.06461569666862488,0.8173440789170432,-0.4856855273246765,-0.06461569666862488,0.6638368810212436,-0.6596819162368774
Fbxo6,0.06444648653268814,0.06778489798307419,-0.07529702037572861,0.12227540686506218,-2.037461757659912,-0.07529702037572861,0.8736045849855508,-0.3872457444667816,-0.07529702037572861,0.7546218021883752,-0.5186895132064819
Fbxo44,0.019785841926932335,0.024143321439623833,-0.29031047224998474,0.4254101907724608,-1.292405128479004,-0.29031047224998474,0.5811186708576088,-0.8866113424301147,-0.29031047224998474,0.37165551220127946,-1.2042222023010254
Fbxo2,0.006347827613353729,0.003789505921304226,0.7460999488830566,0.9979940091511154,0.1323397159576416,0.7460999488830566,0.46601965553865804,1.1881654262542725,0.7460999488830566,0.2554295241682031,1.4738962650299072
Ubiad1,0.015842050313949585,0.02116987109184265,-0.4221084415912628,0.3671149180906286,-1.397136926651001,-0.4221084415912628,0.4793818650338016,-1.1645739078521729,-0.4221084415912628,0.21665464178937308,-1.5780572891235352
Mtor,0.13616986572742462,0.11920282989740372,0.20448854565620422,0.7569578373294229,-0.8170151710510254,0.20448854565620422,0.33510893499883176,1.4823695421218872,0.20448854565620422,0.11886412814174314,1.9473239183425903
Angptl7,0.001950909849256277,0.0,20.897123336791992,0.9979940091511154,0.22326761484146118,20.897123336791992,0.16558719355375182,1.9413632154464722,20.897123336791992,0.12051751775017648,1.9413632154464722
Exosc10,0.19127273559570312,0.21674378216266632,-0.199357271194458,0.013738433065975974,-2.9631271362304688,-0.199357271194458,0.2297037528560327,-1.74931001663208,-0.199357271194458,0.04904580850653601,-2.369319438934326
Srm,0.06964283436536789,0.2409391552209854,-1.9173822402954102,5.981149461997825e-25,-10.75549602508545,-1.9173822402954102,4.455721976363287e-21,-10.522781372070312,-1.9173822402954102,8.415929349314899e-56,-16.717374801635742
Masp2,0.0015027932822704315,0.0006021154695190489,1.3201828002929688,0.9979940091511154,0.11043152958154678,1.3201828002929688,0.6063324582047124,0.8436582684516907,1.3201828002929688,0.4875714942193651,0.9524355530738831
Tardbp,0.5801195502281189,0.6855751872062683,-0.3250047266483307,0.00010616082182214828,-4.384398937225342,-0.3250047266483307,9.287157988661437e-06,-4.9980597496032715,-0.3250047266483307,2.338910713668254e-10,-6.753240585327148
Casz1,0.011713346466422081,0.00796766672283411,0.5586305260658264,0.9979940091511154,-0.0632309541106224,0.5586305260658264,0.5196272646011879,1.0677505731582642,0.5586305260658264,0.31304912313228855,1.3275775909423828
Pex14,0.08706451952457428,0.10187855362892151,-0.23754781484603882,0.0027676103975908944,-3.4959592819213867,-0.23754781484603882,0.33510893499883176,-1.4824137687683105,-0.23754781484603882,0.11086185386362725,-1.9833199977874756
Dffa,0.05912875011563301,0.07614260166883469,-0.37725526094436646,0.024011782114050473,-2.7538416385650635,-0.37725526094436646,0.20251342274680884,-1.8250542879104614,-0.37725526094436646,0.02840626151912892,-2.602118968963623
Cort,0.0027998448349535465,0.0004983686958439648,2.4917197227478027,0.9979940091511154,0.16564728319644928,2.4917197227478027,0.2731026653190111,1.6267101764678955,2.4917197227478027,0.17703905653785407,1.6996744871139526
Cenps,0.2566027343273163,0.33697694540023804,-0.4539547562599182,5.87521432036586e-06,-5.038171291351318,-0.4539547562599182,1.8739740363197125e-05,-4.846056938171387,-0.4539547562599182,4.122399487249423e-10,-6.664530277252197
Pgd,0.3074560761451721,0.4801996052265167,-0.7760188579559326,5.110111465766363e-16,-8.572336196899414,-0.7760188579559326,1.1794092682909025e-18,-9.62498664855957,-0.7760188579559326,2.6278223570237297e-37,-13.382535934448242
Kif1b,0.08257913589477539,0.10222073644399643,-0.3222253620624542,0.011787550928256955,-3.0191445350646973,-0.3222253620624542,0.27067285240565997,-1.6348990201950073,-0.3222253620624542,0.05271106146579685,-2.338285207748413
Ube4b,0.13585637509822845,0.16000276803970337,-0.25386181473731995,0.002289684076961727,-3.5546483993530273,-0.25386181473731995,0.15763349190462292,-1.9709482192993164,-0.25386181473731995,0.0243797024301737,-2.663193464279175
Nmnat1,0.025331620126962662,0.025427035987377167,-0.005493026226758957,0.4883202659711848,-1.1923933029174805,-0.005493026226758957,1.0,-0.01816539280116558,-0.005493026226758957,1.0,-0.02381785586476326
Lzic,0.2823881208896637,0.29726189374923706,-0.08530182391405106,0.2816581131415326,-1.5681276321411133,-0.08530182391405106,0.5534533349172184,-0.9383448958396912,-0.08530182391405106,0.3495546714960073,-1.2499744892120361
Ctnnbip1,0.1641024649143219,0.14744828641414642,0.16671302914619446,0.7779089383996186,-0.7896744608879089,0.16671302914619446,0.3946978779650346,1.3301656246185303,0.16671302914619446,0.16787543023165327,1.7322309017181396
Clstn1,0.03771980479359627,0.046931192278862,-0.3219163119792938,0.09778778674766907,-2.147893190383911,-0.3219163119792938,0.43841607856842746,-1.2402278184890747,-0.3219163119792938,0.16801832418923604,-1.7315433025360107
Pik3cd,0.559296190738678,0.5517534017562866,0.025530843064188957,0.7571347697892399,0.816480815410614,0.025530843064188957,0.8894309175292999,0.35995036363601685,0.025530843064188957,0.775078805780951,0.48846933245658875
Tmem201,0.045779574662446976,0.05636722967028618,-0.3078550100326538,0.03646307317852889,-2.585700750350952,-0.3078550100326538,0.34683534594274906,-1.4553033113479614,-0.3078550100326538,0.11655993285280304,-1.9574533700942993
Slc25a33,0.14935602247714996,0.1965322494506836,-0.43102148175239563,6.260891905356548e-05,-4.511662006378174,-0.43102148175239563,0.0073630470548874715,-3.250741958618164,-0.43102148175239563,3.520496790516239e-05,-4.55309534072876
Spsb1,0.0,0.0,0.0,0.9979940091511154,0.11319231241941452,0.0,1.0,0.0,0.0,1.0,0.0
H6pd,0.024952178820967674,0.031537141650915146,-0.3426584303379059,0.11855541568334244,-2.052957773208618,-0.3426584303379059,0.4381338492169833,-1.2406823635101318,-0.3426584303379059,0.18988228098697504,-1.657443881034851
Gpr157,0.001608510036021471,0.002192985499277711,-0.44759273529052734,0.9979940091511154,-0.032595112919807434,-0.44759273529052734,0.8766314692588019,-0.3819495737552643,-0.44759273529052734,0.7501242332069116,-0.525938093662262
Eno1,1.1279408931732178,1.392830491065979,-0.5345098972320557,2.4813899908520217e-20,-9.689208984375,-0.5345098972320557,7.913172672049899e-22,-10.454371452331543,-0.5345098972320557,2.971706413664367e-41,-14.13377857208252
Rere,0.05293050780892372,0.06565696001052856,-0.32011911273002625,0.148439479997064,-1.9382513761520386,-0.32011911273002625,0.45168220755137334,-1.2160385847091675,-0.32011911273002625,0.16021537352752957,-1.7701889276504517
Errfi1,0.14832459390163422,0.16811546683311462,-0.19534696638584137,0.006044221540721892,-3.246330738067627,-0.19534696638584137,0.36343852646342745,-1.400732159614563,-0.19534696638584137,0.12691836448433091,-1.9137693643569946
Park7,1.6072009801864624,1.7337760925292969,-0.22498202323913574,1.6447459105467845e-06,-5.295904159545898,-0.22498202323913574,4.3655785064247615e-06,-5.161436080932617,-0.22498202323913574,3.9551347077331465e-11,-7.025129795074463
Tnfrsf9,0.35838061571121216,0.443820595741272,-0.37422484159469604,2.7035317049014346e-05,-4.705718994140625,-0.37422484159469604,0.0016695781713914767,-3.709717035293579,-0.37422484159469604,3.832805418833596e-06,-5.037213325500488
Camta1,0.23861195147037506,0.20441581308841705,0.24873672425746918,0.7649182645041116,0.8072188496589661,0.24873672425746918,0.0931172660741655,2.248040199279785,0.24873672425746918,0.009948415356577704,2.9948062896728516
Uts2,0.0,0.0004804458876606077,-18.874364852905273,0.9979940091511154,0.027607882395386696,-18.874364852905273,0.5196272646011879,-1.0,-18.874364852905273,0.16021537352752957,-1.759765386581421
Per3,0.006633887067437172,0.005073686130344868,0.3879467844963074,0.9979940091511154,-0.17624515295028687,0.3879467844963074,0.7482940543081674,0.6023039817810059,0.3879467844963074,0.6195346345910295,0.7303346395492554
Vamp3,0.32591482996940613,0.3054051101207733,0.10934274643659592,0.9332117235891048,0.591253936290741,0.10934274643659592,0.4268778719298994,1.2625764608383179,0.10934274643659592,0.1874342801731339,1.6649516820907593
Dnajc11,0.1128571480512619,0.15484324097633362,-0.48727259039878845,5.426724212980527e-06,-5.0550031661987305,-0.48727259039878845,0.00231658586580821,-3.6158978939056396,-0.48727259039878845,6.06307662837412e-06,-4.942749500274658
Thap3,0.38975048065185547,0.4017847180366516,-0.05312390252947807,0.9979940091511154,-0.23653720319271088,-0.05312390252947807,0.7763543394106571,-0.5545621514320374,-0.05312390252947807,0.5861064185059927,-0.7858060598373413
Phf13,0.0807742103934288,0.10739239305257797,-0.4304269254207611,0.0030292520049827534,-3.4679062366485596,-0.4304269254207611,0.08892067202852874,-2.270771026611328,-0.4304269254207611,0.004309114033328386,-3.2744345664978027
Klhl21,0.027729833498597145,0.04857410490512848,-0.8238800168037415,0.022719287557339617,-2.7753937244415283,-0.8238800168037415,0.01965026995799838,-2.905322313308716,-0.8238800168037415,0.0001139538357617914,-4.274759769439697
Zbtb48,0.024333158507943153,0.022620365023612976,0.10654180496931076,0.850411308413722,-0.6987465620040894,0.10654180496931076,0.9529953239800357,0.2445646971464157,0.10654180496931076,0.8625721051518032,0.35162296891212463
Tas1r1,0.0014752837596461177,0.0017967381281778216,-0.2846194803714752,0.9979940091511154,-0.06020299345254898,-0.2846194803714752,0.9603785016752305,-0.22933785617351532,-0.2846194803714752,0.901751808505798,-0.28881338238716125
Nol9,0.09352925419807434,0.1276734322309494,-0.47405239939689636,2.0639192083436905e-05,-4.766366958618164,-0.47405239939689636,0.00880979078709662,-3.188403606414795,-0.47405239939689636,0.00010007534032062454,-4.307152271270752
Plekhg5,0.009987259283661842,0.012299041263759136,-0.30205586552619934,0.8452196237059627,-0.7051587104797363,-0.30205586552619934,0.738900270015534,-0.6193310022354126,-0.30205586552619934,0.560436862157232,-0.828669011592865
Tnfrsf25,0.028993671759963036,0.017400451004505157,0.7450083494186401,0.9979940091511154,0.4318406879901886,0.7450083494186401,0.2144305710525443,1.7902717590332031,0.7450083494186401,0.053260507153699024,2.3341610431671143
Espn,0.003841365920379758,0.006461188662797213,-0.7520717978477478,0.9979940091511154,-0.3482155501842499,-0.7520717978477478,0.5196272646011879,-1.0423002243041992,-0.7520717978477478,0.23922496333164453,-1.5164928436279297
Acot7,0.5316515564918518,0.563676118850708,-0.10958429425954819,0.6936355720572139,-0.899749755859375,-0.10958429425954819,0.2711605275427936,-1.6331298351287842,-0.10958429425954819,0.07445257063326538,-2.1814029216766357
Gpr153,0.0020696534775197506,0.0019009618554264307,0.12278138846158981,0.9984208920935209,-0.004630999639630318,0.12278138846158981,1.0,0.11526355892419815,0.12278138846158981,0.9887361738165013,0.14753252267837524
Icmt,0.05951239913702011,0.05630112811923027,0.08236520737409592,0.4070897397045893,-1.324109673500061,0.08236520737409592,0.8783572035847279,0.37888458371162415,0.08236520737409592,0.7577672152080958,0.5140345692634583
Rpl22,2.675163745880127,2.8204967975616455,-0.2240389734506607,2.5616281873153374e-16,-8.655515670776367,-0.2240389734506607,7.290677168324961e-21,-10.14484691619873,-0.2240389734506607,1.7544521694957283e-36,-13.252452850341797
Chd5,0.0009627062827348709,0.0007057293551042676,0.4481654763221741,0.9979940091511154,0.08282364159822464,0.4481654763221741,0.9433662555258492,0.26145923137664795,0.4481654763221741,0.880254711652681,0.3240736424922943
Kcnab2,0.4472752809524536,0.511175811290741,-0.24241837859153748,0.007174393233978436,-3.1889774799346924,-0.24241837859153748,0.0064564249814846215,-3.2915642261505127,-0.24241837859153748,5.856972988529268e-05,-4.434301853179932
Nphp4,0.010879144072532654,0.0069217258132994175,0.6552202701568604,0.9979940091511154,0.04889266937971115,0.6552202701568604,0.4194866000438836,1.2767084836959839,0.6552202701568604,0.21198899534216778,1.5915002822875977
A430005L14Rik,0.415748655796051,0.4629100561141968,-0.19152288138866425,0.049591025434799985,-2.457101345062256,-0.19152288138866425,0.05931428829597386,-2.458918571472168,-0.19152288138866425,0.0035753408541357784,-3.334533214569092
Dffb,0.08115943521261215,0.10956395417451859,-0.4537575840950012,0.000547245570193014,-3.9612855911254883,-0.4537575840950012,0.03589366855034253,-2.673001766204834,-0.4537575840950012,0.0007991128845273285,-3.771054983139038
Cep104,0.04923612251877785,0.046369101852178574,0.088638074696064,0.43757989324879376,-1.2720999717712402,0.088638074696064,0.8585277767406452,0.4134475886821747,0.088638074696064,0.7382621734787373,0.5447256565093994
Lrrc47,0.1568680703639984,0.22158478200435638,-0.546461820602417,1.002263475995054e-06,-5.3936004638671875,-0.546461820602417,0.0001001067069124355,-4.461040496826172,-0.546461820602417,4.711063370524569e-09,-6.2712578773498535
Smim1,0.00337423337623477,0.0072736963629722595,-1.1109440326690674,0.9979940091511154,-0.319004625082016,-1.1109440326690674,0.5196272646011879,-1.0466631650924683,-1.1109440326690674,0.18356143732512425,-1.676957130432129
Trp73,0.004986723884940147,0.0030076245311647654,0.7308962345123291,0.9979940091511154,0.1042865440249443,0.7308962345123291,0.5742638518660594,0.8999732732772827,0.7308962345123291,0.411188226073369,1.1299318075180054
Wrap73,0.19981540739536285,0.17094065248966217,0.24664409458637238,0.9979940091511154,0.3775155246257782,0.24664409458637238,0.10839320113580948,2.171001434326172,0.24664409458637238,0.01511315500639519,2.8442296981811523
Tprgl,0.5365612506866455,0.542691707611084,-0.021207882091403008,0.9979940091511154,0.3453657031059265,-0.021207882091403008,0.9214597995757237,-0.30028000473976135,-0.021207882091403008,0.8267610380092683,-0.40815871953964233
Arhgef16,0.0,0.0,0.0,0.9979940091511154,0.11319231241941452,0.0,1.0,0.0,0.0,1.0,0.0
Prdm16,0.00857281219214201,0.008822040632367134,-0.04152394086122513,0.9979940091511154,-0.34812647104263306,-0.04152394086122513,1.0,-0.07415243983268738,-0.04152394086122513,1.0,-0.0981328934431076
Prxl2b,0.008767296560108662,0.007752940524369478,0.17812126874923706,0.9979940091511154,-0.23092657327651978,0.17812126874923706,0.8990183473553319,0.3436402976512909,0.17812126874923706,0.8073193710636191,0.4393400549888611
Tnfrsf14,0.003111307742074132,0.0035282261669635773,-0.1817227303981781,0.9979940091511154,-0.06465587764978409,-0.1817227303981781,0.9747175108177254,-0.2026035487651825,-0.1817227303981781,0.9025305449222063,-0.2870398163795471
Hes5,0.0,0.0,0.0,0.9979940091511154,0.11319231241941452,0.0,1.0,0.0,0.0,1.0,0.0
Pank4,0.048350073397159576,0.05192181468009949,-0.10542075335979462,0.08296811250822149,-2.2270655632019043,-0.10542075335979462,0.8191563692248446,-0.48159459233283997,-0.10542075335979462,0.6807068310758612,-0.6332855820655823
Pex10,0.027312522754073143,0.03128557652235031,-0.19881512224674225,0.3014194835853802,-1.5264487266540527,-0.19881512224674225,0.7167768685906374,-0.6560632586479187,-0.19881512224674225,0.5293608663613175,-0.8794636130332947
Rer1,1.1642621755599976,1.168049693107605,-0.007937505841255188,0.9979940091511154,0.39684101939201355,-0.007937505841255188,0.9809214627545882,-0.1892300546169281,-0.007937505841255188,0.9243206269510763,-0.25302621722221375
Morn1,0.0003158508043270558,0.0010804791236296296,-1.7749043703079224,0.9979940091511154,-0.0302796121686697,-1.7749043703079224,0.563293807140958,-0.9197292327880859,-1.7749043703079224,0.2784434691366811,-1.4180827140808105
Ski,0.09443002194166183,0.10661017149686813,-0.18396073579788208,0.013214575712736945,-2.9774653911590576,-0.18396073579788208,0.5138919548331288,-1.100028157234192,-0.18396073579788208,0.24316207284540328,-1.5055733919143677
Faap20,0.28180715441703796,0.28582897782325745,-0.023482060059905052,0.495971100901979,-1.180370569229126,-0.023482060059905052,0.9415907506647276,-0.2642589807510376,-0.023482060059905052,0.8666100864644555,-0.3455156087875366
Prkcz,0.07489293068647385,0.0858490839600563,-0.20498217642307281,0.057439723966903014,-2.3952953815460205,-0.20498217642307281,0.5196272646011879,-1.0255064964294434,-0.20498217642307281,0.2664761448840382,-1.446920394897461
Gabrd,0.0004004496440757066,0.0,18.611553192138672,0.9979940091511154,0.14071114361286163,18.611553192138672,0.5196272646011879,1.0,18.611553192138672,0.46147875269036936,1.0
Cfap74,0.0019268632167950273,0.0008610456134192646,1.162860631942749,0.9979940091511154,0.16564728319644928,1.162860631942749,0.5909514406701867,0.8701744079589844,1.162860631942749,0.44598230281600026,1.0667650699615479
Gnb1,1.0939230918884277,1.1388671398162842,-0.0964188501238823,0.2185758804256597,-1.7222864627838135,-0.0964188501238823,0.11289475274708194,-2.1492602825164795,-0.0964188501238823,0.01290302921307377,-2.9030675888061523
Nadk,0.18709112703800201,0.3075837790966034,-0.8077343702316284,3.5433056387043243e-13,-7.7441887855529785,-0.8077343702316284,2.641541866250364e-12,-7.664299011230469,-0.8077343702316284,4.79101760770512e-25,-10.83443832397461
Slc35e2,0.06044727936387062,0.07882485538721085,-0.39638346433639526,0.012799594630983699,-2.9888648986816406,-0.39638346433639526,0.14352666611916248,-2.0249176025390625,-0.39638346433639526,0.015560476558491488,-2.8336808681488037
Cdk11b,0.603358268737793,0.6174178719520569,-0.04439966753125191,0.9979940091511154,-0.20697005093097687,-0.04439966753125191,0.7001434510746263,-0.6840746998786926,-0.04439966753125191,0.5128973699615252,-0.9085891246795654
Mmp23,0.0002825298870448023,0.0,18.108253479003906,0.9979940091511154,0.14071114361286163,18.108253479003906,0.5196272646011879,1.0,18.108253479003906,0.46147875269036936,1.0
Mib2,0.013692897744476795,0.022157590836286545,-0.7004975080490112,0.5508552719425868,-1.096834421157837,-0.7004975080490112,0.3895907679440984,-1.3417654037475586,-0.7004975080490112,0.1006116519832493,-2.034024715423584
Fndc10,0.0025094575248658657,0.0,21.26075553894043,0.9979940091511154,0.2507864236831665,21.26075553894043,0.1405839658089774,2.03401780128479,21.26075553894043,0.10085673254794807,2.03401780128479
Ssu72,0.9141731262207031,0.9755934476852417,-0.144993394613266,0.11568370168591434,-2.0654258728027344,-0.144993394613266,0.012165927686248303,-3.073847770690918,-0.144993394613266,0.0002772660326278354,-4.051877498626709
Tmem240,0.006908778566867113,0.01787596382200718,-1.3794459104537964,0.4738823825331698,-1.2133218050003052,-1.3794459104537964,0.21319234193892891,-1.796452283859253,-1.3794459104537964,0.011237620117230951,-2.9533772468566895
Atad3a,0.06572694331407547,0.1280532330274582,-1.0078717470169067,6.186560461778442e-10,-6.677545070648193,-1.0078717470169067,1.5901118056825695e-07,-5.83159065246582,-1.0078717470169067,2.4800838489926688e-15,-8.340914726257324
Vwa1,0.004440071061253548,0.006208401173353195,-0.48491567373275757,0.9979940091511154,-0.43086105585098267,-0.48491567373275757,0.729798039665172,-0.6341953277587891,-0.48491567373275757,0.5677530577833731,-0.8165798187255859
Mrpl20,1.0551459789276123,1.2574148178100586,-0.42643052339553833,9.369442068547262e-18,-9.041669845581055,-0.42643052339553833,1.5435467311062034e-18,-9.549294471740723,-0.42643052339553833,1.5100699624590677e-34,-12.858858108520508
Ccnl2,0.5734031796455383,0.5601649880409241,0.04414474964141846,0.7838053131351089,0.7827279567718506,0.04414474964141846,0.707425536759119,0.6722174882888794,0.04414474964141846,0.5198699750131557,0.8969674110412598
Aurkaip1,1.2490441799163818,1.3037052154541016,-0.10939103364944458,0.35102421882919094,-1.4270602464675903,-0.10939103364944458,0.03678579826974505,-2.660170316696167,-0.10939103364944458,0.002059879480159145,-3.502939224243164
Mxra8,0.003541797399520874,0.010301780886948109,-1.5452218055725098,0.8151413861251479,-0.7429192066192627,-1.5452218055725098,0.25132443863690246,-1.6887822151184082,-1.5452218055725098,0.02123242310509362,-2.717154026031494
Dvl1,0.04284553974866867,0.04062863066792488,0.07825842499732971,0.32445314667226555,-1.4791589975357056,0.07825842499732971,0.9035394347632347,0.33438074588775635,0.07825842499732971,0.8117621387309343,0.43225905299186707
Tas1r3,0.0010809632949531078,0.0,20.044668197631836,0.9979940091511154,0.16822996735572815,20.044668197631836,0.3685501556279095,1.3850500583648682,20.044668197631836,0.28859336236175415,1.3850500583648682
Cptp,0.04859595745801926,0.06635128706693649,-0.46221864223480225,0.0069002525368336625,-3.202247142791748,-0.46221864223480225,0.10275189906438563,-2.1990556716918945,-0.46221864223480225,0.008229436789604153,-3.061147451400757
Ints11,0.4282850921154022,0.45698246359825134,-0.11579029262065887,0.5757513805423649,-1.0595192909240723,-0.11579029262065887,0.28087876955591684,-1.609041690826416,-0.11579029262065887,0.07764162284806359,-2.1610684394836426
Pusl1,0.06817730516195297,0.12383265048265457,-0.9018173813819885,1.3232374680531927e-06,-5.339364051818848,-0.9018173813819885,2.929147462001962e-06,-5.2634501457214355,-0.9018173813819885,2.238647082084606e-13,-7.755115032196045
Acap3,0.07625274360179901,0.09417471289634705,-0.3176620900630951,0.011084759318817635,-3.0414090156555176,-0.3176620900630951,0.19308086709139752,-1.8511899709701538,-0.3176620900630951,0.03293610136004501,-2.5431466102600098
Ube2j2,0.6536622643470764,0.6666051149368286,-0.03864309564232826,0.9979940091511154,-0.032862283289432526,-0.03864309564232826,0.7089172337980383,-0.6689620018005371,-0.03864309564232826,0.5261315717725994,-0.8854937553405762
C1qtnf12,0.009050405584275723,0.019202254712581635,-1.0925612449645996,0.2692559174910932,-1.5964480638504028,-1.0925612449645996,0.04902165369059921,-2.5453274250030518,-1.0925612449645996,0.0009078055147983502,-3.736443042755127
B3galt6,0.05214788764715195,0.057803358882665634,-0.1526612937450409,0.0741451015732252,-2.2788970470428467,-0.1526612937450409,0.6838898723032114,-0.7131015658378601,-0.1526612937450409,0.4834304747037302,-0.9603644013404846
Sdf4,0.7938850522041321,0.8292670249938965,-0.09184405952692032,0.48230040231981575,-1.2012990713119507,-0.09184405952692032,0.25657609573104817,-1.6709332466125488,-0.09184405952692032,0.06368768670993313,-2.2537646293640137
Tnfrsf4,0.04440717026591301,0.05825149640440941,-0.40157467126846313,0.05292802912307705,-2.4291372299194336,-0.40157467126846313,0.32148149749503374,-1.512311339378357,-0.40157467126846313,0.09189058401526891,-2.079937696456909
Tnfrsf18,0.35053932666778564,0.29224857687950134,0.3066766560077667,0.11285547116389784,2.0772705078125,0.3066766560077667,0.01564446144090623,2.9854791164398193,0.3066766560077667,0.00028045627535373184,4.048651218414307
9430015G10Rik,0.04856731742620468,0.026709595695137978,0.8784934282302856,0.9996381744811734,-0.0007124614785425365,0.8784934282302856,0.003464281439479573,3.48638916015625,0.8784934282302856,0.0002152935182767682,4.119957447052002
Rnf223,0.0,0.0005988087505102158,-19.192169189453125,0.9979940091511154,0.027607882395386696,-19.192169189453125,0.5196272646011879,-1.0,-19.192169189453125,0.16021537352752957,-1.759765386581421
Agrn,0.008143198676407337,0.0029918719083070755,1.4482662677764893,0.9979940091511154,0.2714478075504303,1.4482662677764893,0.0937780514384212,2.2428009510040283,1.4482662677764893,0.0292097943737635,2.5921895503997803
Isg15,0.4346734583377838,0.2922460734844208,0.681697428226471,0.0014396867088471135,3.692331552505493,0.681697428226471,1.019812840758236e-07,5.878134250640869,0.681697428226471,2.308081544319108e-12,7.442790985107422
Perm1,0.0011816587066277862,0.0,20.173234939575195,0.9979940091511154,0.19574879109859467,20.173234939575195,0.2351040993776963,1.7331228256225586,20.173234939575195,0.16786628343916513,1.7331228256225586
Plekhn1,0.032572176307439804,0.025430940091609955,0.3622317612171173,0.9979940091511154,-0.5108348727226257,0.3622317612171173,0.4610782198242878,1.198259711265564,0.3622317612171173,0.22224664989646364,1.563321590423584
Noc2l,0.2475569099187851,0.3876625895500183,-0.753446638584137,1.1505208877001936e-12,-7.587625503540039,-0.753446638584137,4.4430941138033523e-13,-7.922104835510254,-0.753446638584137,3.5655810940515535e-26,-11.091805458068848
Samd11,0.008768400177359581,0.006024444941431284,0.543467104434967,0.9979940091511154,-0.03615741804242134,0.543467104434967,0.5405592836758744,0.9622400999069214,0.543467104434967,0.3659703788975022,1.2162929773330688
Cdk6,0.31113529205322266,0.3813495934009552,-0.3471378982067108,8.797063412078483e-05,-4.430085182189941,-0.3471378982067108,0.002807432579915364,-3.557781457901001,-0.3471378982067108,1.1421925977106842e-05,-4.807219505310059
Fam133b,0.43896451592445374,0.4666854739189148,-0.10984663665294647,0.49850567665893974,-1.1766301393508911,-0.10984663665294647,0.3532702403894178,-1.4410799741744995,-0.10984663665294647,0.12082787532277854,-1.9385249614715576
1700109H08Rik,0.015174728818237782,0.012072640471160412,0.3321722447872162,0.9979940091511154,-0.26957759261131287,0.3321722447872162,0.639198143257206,0.7879922986030579,0.3321722447872162,0.46147875269036936,1.035048246383667
Rbm48,0.13350839912891388,0.13039658963680267,0.036318421363830566,0.2560090825407253,-1.628063440322876,0.036318421363830566,0.941409408436876,0.264546662569046,0.036318421363830566,0.8629816226294476,0.3507714867591858
Pex1,0.030093543231487274,0.033377084881067276,-0.1517850160598755,0.2198136530206399,-1.7186352014541626,-0.1517850160598755,0.7879690588688645,-0.5347568392753601,-0.1517850160598755,0.6368896270194567,-0.7025690674781799
Gatad1,0.4766945540904999,0.5222029089927673,-0.1670941263437271,0.10641018402640512,-2.1060361862182617,-0.1670941263437271,0.07545138330117021,-2.3492813110351562,-0.1670941263437271,0.005901423828276234,-3.1717493534088135
Tmbim7,0.0,0.0,0.0,0.9979940091511154,0.11319231241941452,0.0,1.0,0.0,0.0,1.0,0.0
Ankib1,0.27760130167007446,0.27622199058532715,0.008226973004639149,0.847821764792321,-0.7019526362419128,0.008226973004639149,1.0,0.08026730269193649,0.008226973004639149,1.0,0.1087653636932373
Krit1,0.6358354091644287,0.6082139611244202,0.08605138957500458,0.23082113927098416,1.6898695230484009,0.08605138957500458,0.45244176378045375,1.2144198417663574,0.08605138957500458,0.18976765496407672,1.6579036712646484
Lrrd1,0.0022938295733183622,0.0004974139155820012,2.206533432006836,0.9979940091511154,0.13803941011428833,2.206533432006836,0.36167647049845647,1.4175699949264526,2.206533432006836,0.24623485118144123,1.497846245765686
Mterf1a,0.06899473071098328,0.07111456990242004,-0.04520595818758011,0.10376159660238844,-2.118593215942383,-0.04520595818758011,0.9524227210842212,-0.24539786577224731,-0.04520595818758011,0.8792023388152259,-0.32661834359169006
Akap9,0.2936526834964752,0.36325496435165405,-0.3598226010799408,0.0005443361970101765,-3.9627997875213623,-0.3598226010799408,0.0038504041865284264,-3.46144437789917,-0.3598226010799408,9.73179665440617e-06,-4.841383934020996
Cyp51,0.14405012130737305,0.24840019643306732,-0.8638280034065247,5.5353850137243656e-11,-7.042236328125,-0.8638280034065247,4.2124069056587705e-09,-6.489792346954346,-0.8638280034065247,4.0207930506031515e-19,-9.388907432556152
Mterf1b,0.007810522802174091,0.012771369889378548,-0.7130067944526672,0.7966523853572616,-0.7664304375648499,-0.7130067944526672,0.36076557782051094,-1.4244916439056396,-0.7130067944526672,0.09655675396531586,-2.054612398147583
Cdk14,0.008611476980149746,0.006182095967233181,0.47991928458213806,0.9979940091511154,-0.038472916930913925,0.47991928458213806,0.6727473122853267,0.732035219669342,0.47991928458213806,0.4849928112528992,0.9571762084960938
Cldn12,0.00555599806830287,0.0011295560980215669,2.3014838695526123,0.9979940091511154,0.30208367109298706,2.3014838695526123,0.07216414415989522,2.367938995361328,2.3014838695526123,0.03413381911559154,2.5300586223602295
Gtpbp10,0.06528767198324203,0.07261955738067627,-0.15889722108840942,0.020167610086156664,-2.8205459117889404,-0.15889722108840942,0.6251774683611531,-0.8131425976753235,-0.15889722108840942,0.43433557565791986,-1.0870559215545654
Gm8773,0.0006409853231161833,0.0035134614445269108,-2.4566006660461426,0.9979940091511154,-0.25915786623954773,-2.4566006660461426,0.2551004085169903,-1.6769636869430542,-2.4566006660461426,0.019244938742047052,-2.755448579788208
Cfap69,0.0,0.00057787582045421,-19.140819549560547,0.9979940091511154,0.027607882395386696,-19.140819549560547,0.5196272646011879,-1.0,-19.140819549560547,0.16021537352752957,-1.759765386581421
Steap4,0.0,0.0,0.0,0.9979940091511154,0.11319231241941452,0.0,1.0,0.0,0.0,1.0,0.0
Sri,1.3194180727005005,1.3128347396850586,0.012977857142686844,0.6770718896474799,0.9217470288276672,0.012977857142686844,0.9194121414863721,0.30459317564964294,0.012977857142686844,0.8197873895680393,0.418802946805954
Adam22,0.0009928374784067273,0.002016566228121519,-1.0230093002319336,0.9979940091511154,-0.06020299345254898,-1.0230093002319336,0.6395277281841996,-0.7876597046852112,-1.0230093002319336,0.39420610947810414,-1.161928653717041
Dbf4,0.9711513519287109,0.7524915933609009,0.5481261610984802,5.993871113190459e-17,8.825438499450684,0.5481261610984802,1.2068908373546599e-17,9.327149391174316,0.5481261610984802,7.887044651788068e-35,12.905491828918457
Slc25a40,0.13987523317337036,0.11514641344547272,0.298888236284256,0.9979940091511154,0.10464277863502502,0.298888236284256,0.17660478081569633,1.904839277267456,0.298888236284256,0.02939501697761993,2.5886824131011963
Rundc3b,0.027280868962407112,0.03798763453960419,-0.4854055643081665,0.11394883893964405,-2.072728395462036,-0.4854055643081665,0.28280443355337526,-1.6047621965408325,-0.4854055643081665,0.05589987019398965,-2.3112893104553223
Abcb1a,0.10788289457559586,0.08317217230796814,0.39340221881866455,0.9979940091511154,-0.0930652767419815,0.39340221881866455,0.12636102502614704,2.0901103019714355,0.39340221881866455,0.017217163204019625,2.795811414718628
Abcb1b,0.12446316331624985,0.14434407651424408,-0.2284555584192276,0.008247974714456848,-3.1419551372528076,-0.2284555584192276,0.29346033651733383,-1.580355167388916,-0.2284555584192276,0.07615713062985849,-2.170496940612793
Abcb4,0.0022978601045906544,0.0006200622301548719,1.8910150527954102,0.9979940091511154,0.16564728319644928,1.8910150527954102,0.3733260559843588,1.3737905025482178,1.8910150527954102,0.24090799015911846,1.5120645761489868
Crot,0.33673447370529175,0.23295709490776062,0.6099556684494019,0.001771814721077324,3.6311488151550293,0.6099556684494019,2.31295764853545e-08,6.1433024406433105,0.6099556684494019,2.34139292806551e-13,7.759668350219727
Tmem243,0.28726768493652344,0.24566541612148285,0.2570419907569885,0.3745977983826391,1.3819971084594727,0.2570419907569885,0.06623950867383063,2.408836603164673,0.2570419907569885,0.004553477255114294,3.2565157413482666
Dmtf1,0.2202327996492386,0.19810912013053894,0.16924893856048584,0.9979940091511154,-0.2496286779642105,0.16924893856048584,0.34927992413127523,1.450225830078125,0.16924893856048584,0.12305597603495794,1.9298553466796875
Gm8857,0.0,0.0,0.0,0.9979940091511154,0.11319231241941452,0.0,1.0,0.0,0.0,1.0,0.0
Gm8879,0.003849889151751995,0.005094087217003107,-0.40490490198135376,0.9979940091511154,-0.37386414408683777,-0.40490490198135376,0.7694740663296393,-0.5670298337936401,-0.40490490198135376,0.6164253304088575,-0.7349030375480652
Gm5861,0.0024821716360747814,0.005063035525381565,-1.0302622318267822,0.9979940091511154,-0.34634533524513245,-1.0302622318267822,0.41064032564857983,-1.296243667602539,-1.0302622318267822,0.12839795595587256,-1.907524824142456
Speer1,0.0,0.0020241963211447,-20.95037841796875,0.9979940091511154,-0.143560990691185,-20.95037841796875,0.2360973183750248,-1.7341662645339966,-20.95037841796875,0.008548915099746104,-3.0517256259918213
Gm8906,0.0,0.0,0.0,0.9979940091511154,0.11319231241941452,0.0,1.0,0.0,0.0,1.0,0.0
4933402N22Rik,0.0008731575217097998,0.0010174170602113008,-0.22070127725601196,0.9984208920935209,-0.0025826727505773306,-0.22070127725601196,1.0,-0.15157726407051086,-0.22070127725601196,0.9602666716783549,-0.19358766078948975
Cacna2d1,0.0,0.0,0.0,0.9979940091511154,0.11319231241941452,0.0,1.0,0.0,0.0,1.0,0.0
Hgf,0.0,0.0025028602685779333,-21.2569522857666,0.9979940091511154,-0.05797655135393143,-21.2569522857666,0.36372590930974974,-1.4014452695846558,-21.2569522857666,0.03938371435762154,-2.466214656829834
Cd36,0.0,0.0,0.0,0.9979940091511154,0.11319231241941452,0.0,1.0,0.0,0.0,1.0,0.0
Gnai1,0.0005082286661490798,0.0011238856241106987,-1.145388126373291,0.9979940091511154,-0.0302796121686697,-1.145388126373291,0.7216973811561007,-0.6492701768875122,-1.145388126373291,0.5167058308902435,-0.9026150703430176
Magi2,0.010893209837377071,0.010616841726005077,0.03727429732680321,0.9979940091511154,-0.3701237142086029,0.03727429732680321,1.0,0.07737131416797638,0.03727429732680321,1.0,0.10287489742040634
Phtf2,0.02401711791753769,0.039982154965400696,-0.7468708753585815,0.024246744741640246,-2.750101327896118,-0.7468708753585815,0.034822398398459256,-2.6849327087402344,-0.7468708753585815,0.0007428320985568525,-3.790940284729004
Tmem60,0.2182970643043518,0.23440788686275482,-0.11478767544031143,0.10230625188433011,-2.1258068084716797,-0.11478767544031143,0.5196272646011879,-1.075954794883728,-0.11478767544031143,0.26334413572761783,-1.4544960260391235
Rsbn1l,0.7704319357872009,0.7044690251350403,0.18250930309295654,0.010678979688608634,3.054767608642578,0.18250930309295654,0.021013408956572825,2.876619577407837,0.18250930309295654,0.000600882188110894,3.8492586612701416
Ptpn12,0.285104364156723,0.25315821170806885,0.19552747905254364,0.9979940091511154,0.14302663505077362,0.19552747905254364,0.12825377432979831,2.0810580253601074,0.19552747905254364,0.025962147470894405,2.6388893127441406
Gsap,0.24581561982631683,0.2287692129611969,0.11646606028079987,0.9979940091511154,-0.30110400915145874,0.11646606028079987,0.49874256941378664,1.1271016597747803,0.11646606028079987,0.25035186667423637,1.4863576889038086
Ccdc146,0.011890670284628868,0.006355328019708395,0.9077906012535095,0.9979940091511154,0.21338219940662384,0.9077906012535095,0.395481326558461,1.328094482421875,0.9077906012535095,0.16585271468235177,1.739126205444336
Fgl2,0.07452236115932465,0.0630127564072609,0.2504267990589142,0.500085283400687,-1.173958420753479,0.2504267990589142,0.5469304277270519,0.9501155614852905,0.2504267990589142,0.3330397927610249,1.2851905822753906
Fam185a,0.03202996402978897,0.042894091457128525,-0.42924264073371887,0.044317989500503585,-2.503500461578369,-0.42924264073371887,0.23193616922601729,-1.743328332901001,-0.42924264073371887,0.04986629262264233,-2.3618059158325195
Fbxl13,0.0,0.0,0.0,0.9979940091511154,0.11319231241941452,0.0,1.0,0.0,0.0,1.0,0.0
Lrrc17,0.0,0.0,0.0,0.9979940091511154,0.11319231241941452,0.0,1.0,0.0,0.0,1.0,0.0
Armc10,0.20737852156162262,0.24982501566410065,-0.3004358112812042,0.0046570676464763715,-3.3320040702819824,-0.3004358112812042,0.027537114635570348,-2.7755465507507324,-0.3004358112812042,0.000645151338075454,-3.829423427581787
Napepld,0.021640921011567116,0.03085331805050373,-0.5183382630348206,0.2952103339016219,-1.5394511222839355,-0.5183382630348206,0.29750921088252563,-1.5704355239868164,-0.5183382630348206,0.0628138161246065,-2.2597689628601074
Pmpcb,0.28620675206184387,0.3869132697582245,-0.5116636753082275,2.4349403793271096e-07,-5.663890361785889,-0.5116636753082275,2.159076890693225e-08,-6.177959442138672,-0.5116636753082275,2.1866825798596717e-15,-8.360504150390625
Dnajc2,0.8911781311035156,0.9908193349838257,-0.23589351773262024,0.0006805300198391499,-3.9013497829437256,-0.23589351773262024,8.202484455748727e-05,-4.501578330993652,-0.23589351773262024,2.1749023445073322e-08,-6.011396884918213
Psmc2,0.7422600984573364,0.8675775527954102,-0.3274626135826111,1.2474004566580075e-06,-5.3509416580200195,-0.3274626135826111,1.2260957860861217e-07,-5.86275577545166,-0.3274626135826111,5.715713277881521e-14,-7.94025993347168
Orc5,0.07449759542942047,0.07876352965831757,-0.0834503099322319,0.10262931009375585,-2.124114751815796,-0.0834503099322319,0.8424381613695294,-0.4417225420475006,-0.0834503099322319,0.6995870097443154,-0.6040800213813782
Lhfpl3,0.001165976864285767,0.0,20.153949737548828,0.9979940091511154,0.16822996735572815,20.153949737548828,0.36733785831995924,1.388885736465454,20.153949737548828,0.2872171826524682,1.388885736465454
Kmt2e,0.9295032620429993,0.8749231100082397,0.1325160712003708,0.03163839414372092,2.644033432006836,0.1325160712003708,0.07550357734046165,2.348691701889038,0.1325160712003708,0.0059740272626892165,3.1676440238952637
Srpk2,0.7165970206260681,0.6301450133323669,0.25478658080101013,0.0013861083715411416,3.703552722930908,0.25478658080101013,0.00025683960812846634,4.2109198570251465,0.25478658080101013,5.033456089693951e-07,5.438406944274902
Pus7,0.04844748601317406,0.08962977677583694,-0.9176047444343567,2.812080118299073e-06,-5.188856601715088,-0.9176047444343567,6.599474450737812e-05,-4.565409183502197,-0.9176047444343567,5.635679618843895e-10,-6.614141941070557
Rint1,0.14559637010097504,0.14343971014022827,0.023123085498809814,0.1584859443359957,-1.9023611545562744,0.023123085498809814,0.9841638629252711,0.18440288305282593,0.023123085498809814,0.9319480103895108,0.24128569662570953
Tomm7,1.217974305152893,1.2628562450408936,-0.09110967069864273,0.5367259715804747,-1.1195441484451294,-0.09110967069864273,0.13651324128624928,-2.050762891769409,-0.09110967069864273,0.01795294226504916,-2.780282974243164
Fam126a,0.12183482199907303,0.12806600332260132,-0.07654958218336105,0.031946721147110654,-2.639936923980713,-0.07654958218336105,0.7981495394832953,-0.5169930458068848,-0.07654958218336105,0.6421770753327062,-0.6945270299911499
Klhl7,0.010230534709990025,0.03289595618844032,-1.7014371156692505,0.0845959600401907,-2.217714309692383,-1.7014371156692505,0.015163653272492085,-3.0066652297973633,-1.7014371156692505,7.0830829297957165e-06,-4.914898872375488
Nupl2,0.03561755269765854,0.04735429957509041,-0.4194316267967224,0.038786959695174233,-2.55916166305542,-0.4194316267967224,0.21433469640445424,-1.7910619974136353,-0.4194316267967224,0.04178328283133445,-2.438788414001465
Kcnh2,0.00043998489854857326,0.0,18.74741554260254,0.9979940091511154,0.14071114361286163,18.74741554260254,0.5196272646011879,1.0,18.74741554260254,0.46147875269036936,1.0
Nos3,0.007385652046650648,0.007492715492844582,-0.020840374752879143,0.9979940091511154,-0.3706580698490143,-0.020840374752879143,1.0,-0.038490649312734604,-0.020840374752879143,1.0,-0.0497458390891552
Atg9b,0.00399387814104557,0.006975935306400061,-0.8067494034767151,0.9979940091511154,-0.4871455132961273,-0.8067494034767151,0.43665364118739647,-1.2437392473220825,-0.8067494034767151,0.16021537352752957,-1.7870795726776123
Abcb8,0.042518358677625656,0.0786251649260521,-0.9132139682769775,4.141475665753794e-06,-5.112178325653076,-0.9132139682769775,0.00013440835566033683,-4.386902332305908,-0.9132139682769775,7.278773737913281e-09,-6.198670387268066
Asic3,0.0003642677911557257,0.0,18.47490692138672,0.9979940091511154,0.14071114361286163,18.47490692138672,0.5196272646011879,1.0,18.47490692138672,0.46147875269036936,1.0
Cdk5,0.10128442198038101,0.07138033956289291,0.5266955494880676,0.9979940091511154,0.37261733412742615,0.5266955494880676,0.0101524716099323,3.1363604068756104,0.5266955494880676,0.000300891923472561,4.031070232391357
Slc4a2,0.12130937725305557,0.09139885753393173,0.4304009974002838,0.9979940091511154,0.049961358308792114,0.4304009974002838,0.028094280926471187,2.765658378601074,0.4304009974002838,0.0017245300731475283,3.5558950901031494
Fastk,0.1582311987876892,0.1531299501657486,0.051052626222372055,0.25972987916474194,-1.6194249391555786,0.051052626222372055,0.8563134662112573,0.41755038499832153,0.051052626222372055,0.7393073322545387,0.5432260632514954
Tmub1,0.14184197783470154,0.1085226833820343,0.41082409024238586,0.9979940091511154,0.46122974157333374,0.41082409024238586,0.01834452211761657,2.925474166870117,0.41082409024238586,0.0008174857225443785,3.7658538818359375
Agap3,0.060499485582113266,0.09107925742864609,-0.6125370264053345,9.650766723337579e-05,-4.408355236053467,-0.6125370264053345,0.009307721324731405,-3.1711671352386475,-0.6125370264053345,5.059668300839081e-05,-4.469015121459961
Gbx1,0.0,0.0,0.0,0.9979940091511154,0.11319231241941452,0.0,1.0,0.0,0.0,1.0,0.0
Abcf2,0.2216874063014984,0.37415584921836853,-0.8705476522445679,2.6543708307749838e-17,-8.918681144714355,-0.8705476522445679,2.4282736547274504e-17,-9.247366905212402,-0.8705476522445679,1.0175253372281519e-34,-12.881914138793945
Chpf2,0.05635794624686241,0.0594140999019146,-0.07841219007968903,0.12572827705068707,-2.0239248275756836,-0.07841219007968903,0.8704981918410879,-0.3929014205932617,-0.07841219007968903,0.7498886649968802,-0.5263861417770386
Smarcd3,0.0004109940491616726,0.0,18.649057388305664,0.9979940091511154,0.14071114361286163,18.649057388305664,0.5196272646011879,1.0,18.649057388305664,0.46147875269036936,1.0
Nub1,0.3739576041698456,0.3929601311683655,-0.08608963340520859,0.5426159661560495,-1.1102821826934814,-0.08608963340520859,0.5196272646011879,-1.056856632232666,-0.08608963340520859,0.2801966871638719,-1.4106547832489014
Wdr86,0.0,0.0,0.0,0.9979940091511154,0.11319231241941452,0.0,1.0,0.0,0.0,1.0,0.0
Crygn,0.0,0.0011826845584437251,-20.174488067626953,0.9979940091511154,-0.05797655135393143,-20.174488067626953,0.364914907846911,-1.398107886314392,-20.174488067626953,0.03989685939805435,-2.4603419303894043
Rheb,0.8008763790130615,0.7510042786598206,0.1333398073911667,0.05392643207987616,2.421567440032959,0.1333398073911667,0.0608337312003349,2.4471352100372314,0.1333398073911667,0.004246630483630376,3.27966046333313
Prkag2,0.10755833983421326,0.08412652462720871,0.37165898084640503,0.9979940091511154,-0.29086238145828247,0.37165898084640503,0.07783744107644329,2.3327364921569824,0.37165898084640503,0.009114976876102276,3.0254385471343994
Galnt11,0.08814732730388641,0.11858803778886795,-0.4503064751625061,2.0915805255580903e-05,-4.7630720138549805,-0.4503064751625061,0.03620623447133988,-2.6686995029449463,-0.4503064751625061,0.0009502035578386728,-3.7228751182556152
E130116L18Rik,0.0,0.0,0.0,0.9979940091511154,0.11319231241941452,0.0,1.0,0.0,0.0,1.0,0.0
Kmt2c,0.2625695466995239,0.25706958770751953,0.03467978537082672,0.9979940091511154,-0.412337064743042,0.03467978537082672,0.9188296677955161,0.3058924973011017,0.03467978537082672,0.8182728344221997,0.421215683221817
Xrcc2,0.047336943447589874,0.0579475574195385,-0.2995021641254425,0.004807410258185322,-3.321495294570923,-0.2995021641254425,0.36167647049845647,-1.412146806716919,-0.2995021641254425,0.14020379588130974,-1.8607338666915894
Actr3b,0.0037733439821749926,0.006025557406246662,-0.6768768429756165,0.9979940091511154,-0.45855799317359924,-0.6768768429756165,0.5196272646011879,-0.9997929334640503,-0.6768768429756165,0.2893868895148575,-1.3823782205581665
Paxip1,0.2496059387922287,0.309176504611969,-0.3537478446960449,0.0003447211277341779,-4.086589813232422,-0.3537478446960449,0.0029158361291245823,-3.5470683574676514,-0.3537478446960449,8.913103853924437e-06,-4.860579013824463
Insig1,0.12885306775569916,0.16519086062908173,-0.3852611780166626,6.176779167561617e-05,-4.515669822692871,-0.3852611780166626,0.034318500677986384,-2.6897382736206055,-0.3852611780166626,0.0009927374419620512,-3.7108097076416016
Rbm33,0.28535905480384827,0.26388654112815857,0.12905776500701904,0.9979940091511154,0.3196280300617218,0.12905776500701904,0.4033611724685897,1.3108097314834595,0.12905776500701904,0.16723040610932582,1.7344591617584229
Rnf32,0.000681595818605274,0.003340408205986023,-2.294952869415283,0.9984208920935209,-0.0029389034025371075,-2.294952869415283,0.5313675520782573,-0.9799015522003174,-2.294952869415283,0.1859788927210338,-1.6700862646102905
Lmbr1,0.0031857327558100224,0.002656430471688509,0.2625182569026947,0.9979940091511154,0.04924889653921127,0.2625182569026947,0.9138348195594804,0.31549957394599915,0.2625182569026947,0.8219548307986333,0.4155133068561554
Nom1,0.22471943497657776,0.286048024892807,-0.39425259828567505,3.5029071061926254e-05,-4.646851539611816,-0.39425259828567505,0.0006761562545666112,-3.9593944549560547,-0.39425259828567505,7.113434691950546e-07,-5.370578289031982
Ube3c,0.1690485179424286,0.18660347163677216,-0.15557678043842316,0.013289459884499682,-2.9750609397888184,-0.15557678043842316,0.4186574864281287,-1.278847575187683,-0.15557678043842316,0.16973108524628927,-1.7250092029571533
Dnajb6,1.11468505859375,1.2081655263900757,-0.19638219475746155,0.00273785912710191,-3.4991652965545654,-0.19638219475746155,8.881584849128974e-05,-4.481986045837402,-0.19638219475746155,2.9278313477762253e-08,-5.958830833435059
Il6,0.0007149629527702928,0.0013149006990715861,-0.8794454336166382,0.9984208920935209,-0.0025826727505773306,-0.8794454336166382,0.770984610154938,-0.5645618438720703,-0.8794454336166382,0.5687609074964859,-0.8149169087409973
Tyms,1.0626455545425415,1.0244020223617554,0.08517855405807495,0.43050120145113163,1.2841227054595947,0.08517855405807495,0.3865910150122851,1.3473118543624878,0.08517855405807495,0.1482442753279752,1.8302372694015503
Garem2,0.0005541295977309346,0.0006167445098981261,-0.1544944792985916,0.9979940091511154,0.08282364159822464,-0.1544944792985916,1.0,-0.0856117308139801,-0.1544944792985916,1.0,-0.11888956278562546
Hadha,0.7438945174217224,0.788846492767334,-0.12117413431406021,0.28099101260800646,-1.5697307586669922,-0.12117413431406021,0.13985370115435605,-2.0383169651031494,-0.12117413431406021,0.018441334061668233,-2.770338296890259
Hadhb,0.5916715264320374,0.6266480684280396,-0.11063523590564728,0.7206656350648262,-0.864304780960083,-0.11063523590564728,0.21344484384078502,-1.793118953704834,-0.11063523590564728,0.04870056933408825,-2.3729054927825928
Adgrf3,0.0003636896435637027,0.0,18.472614288330078,0.9979940091511154,0.14071114361286163,18.472614288330078,0.5196272646011879,1.0,18.472614288330078,0.46147875269036936,1.0
Selenoi,0.29549071192741394,0.32286006212234497,-0.14855460822582245,0.0784737593445355,-2.2523579597473145,-0.14855460822582245,0.3010329376383718,-1.5614817142486572,-0.14855460822582245,0.08811982933323066,-2.100205898284912
Drc1,0.0037867981009185314,0.0,21.85527992248535,0.9979940091511154,0.33334290981292725,21.85527992248535,0.09441049013320137,2.2405142784118652,21.85527992248535,0.0658130514970864,2.2405142784118652
Otof,0.0002320201019756496,0.0,17.824064254760742,0.9979940091511154,0.14071114361286163,17.824064254760742,0.5196272646011879,1.0,17.824064254760742,0.46147875269036936,1.0
Kcnk3,0.0005151072982698679,0.0017244485206902027,-1.744060754776001,0.9979940091511154,-0.08798898756504059,-1.744060754776001,0.4907655116947617,-1.1427593231201172,-1.744060754776001,0.15705858484279928,-1.7987841367721558
Slc35f6,0.0497710257768631,0.0462266243994236,0.10915926843881607,0.2469851499396315,-1.6490811109542847,0.10915926843881607,0.7992780411363601,0.5148542523384094,0.10915926843881607,0.6683109638898603,0.6522420048713684
Cenpa,1.810889720916748,1.4826213121414185,0.5875515341758728,1.2777660497239237e-17,9.004087448120117,0.5875515341758728,8.314286665016676e-20,9.913290977478027,0.5875515341758728,1.677097294617521e-37,13.429073333740234
Dpysl5,0.000717122049536556,0.0,19.45237922668457,0.9979940091511154,0.16822996735572815,19.45237922668457,0.3679717107194103,1.386403203010559,19.45237922668457,0.2879797736049911,1.386403203010559
Mapre3,0.00900722574442625,0.008914250880479813,0.015036448836326599,0.9979940091511154,-0.28988274931907654,0.015036448836326599,1.0,0.02800312265753746,0.015036448836326599,1.0,0.03729521855711937
Tmem214,0.12184277176856995,0.16337044537067413,-0.45379403233528137,2.7606905079651402e-05,-4.700998783111572,-0.45379403233528137,0.0026464659323233814,-3.5763449668884277,-0.45379403233528137,7.220412687831667e-06,-4.905331134796143
Agbl5,0.03577818349003792,0.03225240483880043,0.15223096311092377,0.9097053823190973,-0.6226913332939148,0.15223096311092377,0.7974300392446152,0.5185379981994629,0.15223096311092377,0.6300576627449749,0.7130606770515442
Ost4,1.1413493156433105,1.1900042295455933,-0.10199248045682907,0.2674866019679096,-1.600455641746521,-0.10199248045682907,0.07028047881574197,-2.382573127746582,-0.10199248045682907,0.005856834813529167,-3.1743710041046143
Emilin1,0.00899478793144226,0.011362665332853794,-0.33885109424591064,0.8880679601546345,-0.6511897444725037,-0.33885109424591064,0.6977310210804695,-0.6895834803581238,-0.33885109424591064,0.4941854739454392,-0.9406718015670776
Khk,0.039427559822797775,0.04646000638604164,-0.24189427495002747,0.15908177438932183,-1.9004909992218018,-0.24189427495002747,0.5716206658869079,-0.9047722220420837,-0.24189427495002747,0.3375332645438987,-1.275815486907959
Cgref1,0.0,0.0,0.0,0.9979940091511154,0.11319231241941452,0.0,1.0,0.0,0.0,1.0,0.0
Preb,0.3072163164615631,0.3203512728214264,-0.07036945968866348,0.44570192744850595,-1.2586522102355957,-0.07036945968866348,0.626022656538855,-0.8114674687385559,-0.07036945968866348,0.4405005817339513,-1.0758877992630005
Slc5a6,0.008567136712372303,0.013129694387316704,-0.6192454099655151,0.6481223384529643,-0.9599527716636658,-0.6192454099655151,0.4176724088355325,-1.280724287033081,-0.6192454099655151,0.16021537352752957,-1.7689754962921143
Atraid,0.3259855806827545,0.3244653046131134,0.00790011789649725,0.9979940091511154,-0.12254337221384048,0.00790011789649725,1.0,0.09274877607822418,0.00790011789649725,1.0,0.1226576417684555
Cad,0.128203347325325,0.2097875326871872,-0.771002471446991,1.9474042149286048e-09,-6.494709491729736,-0.771002471446991,7.930422517109388e-08,-5.961211204528809,-0.771002471446991,5.048531688448555e-16,-8.541396141052246
Slc30a3,0.00025842373725026846,0.0013515279861167073,-2.3875651359558105,0.9979940091511154,-0.0302796121686697,-2.3875651359558105,0.5111800723168146,-1.105405569076538,-2.3875651359558105,0.15129813757727117,-1.8193477392196655
Mpv17,0.056761130690574646,0.062183067202568054,-0.1355682611465454,0.23438748548496358,-1.6799840927124023,-0.1355682611465454,0.7234401044307353,-0.6452345252037048,-0.1355682611465454,0.528958265609793,-0.8804571032524109
Gm29609,0.004302609246224165,0.006289118900895119,-0.5490802526473999,0.9979940091511154,-0.4031641185283661,-0.5490802526473999,0.6208735469299925,-0.8203153014183044,-0.5490802526473999,0.4123239651315248,-1.1278196573257446
Gtf3c2,0.2932089567184448,0.2507275938987732,0.2578393518924713,0.23303240840195488,1.684080719947815,0.2578393518924713,0.04095324388985786,2.6167633533477783,0.2578393518924713,0.002172611932363707,3.4867169857025146
Eif2b4,0.18945564329624176,0.22262682020664215,-0.25751644372940063,0.003512625423006372,-3.4215071201324463,-0.25751644372940063,0.055317117421164005,-2.489529609680176,-0.25751644372940063,0.003727385423633178,-3.321256160736084
Snx17,0.40580907464027405,0.39229634404182434,0.05925119295716286,0.7256442382165129,0.8575364351272583,0.05925119295716286,0.6326031811957892,0.800249457359314,0.05925119295716286,0.44841766807242983,1.0614813566207886
Zfp513,0.04856928065419197,0.031066186726093292,0.6574084162712097,0.9979940091511154,-0.41011062264442444,0.6574084162712097,0.0390504952549276,2.634434223175049,0.6574084162712097,0.00558536028928717,3.191620349884033
Ppm1g,0.875533401966095,0.992297351360321,-0.27776038646698,1.968797892857133e-05,-4.776786804199219,-0.27776038646698,3.786677202343271e-06,-5.191166400909424,-0.27776038646698,3.4226906151290085e-11,-7.047557353973389
Nrbp1,0.41326406598091125,0.3791862726211548,0.15035806596279144,0.23390133844163188,1.6811418533325195,0.15035806596279144,0.19700960509263127,1.8399178981781006,0.15035806596279144,0.03884554874509378,2.470071315765381
Krtcap3,0.05093991383910179,0.04111354798078537,0.3163250982761383,0.806523047878659,-0.7535170316696167,0.3163250982761383,0.43653319417750375,1.2436633110046387,0.3163250982761383,0.20147309843812458,1.6221028566360474
Ift172,0.004231834318488836,0.006758795119822025,-0.6773073673248291,0.9979940091511154,-0.32060766220092773,-0.6773073673248291,0.5582870869614996,-0.9293212294578552,-0.6773073673248291,0.302129326300332,-1.3519352674484253
Fndc4,0.00031225424027070403,0.0006193576264195144,-0.9882708191871643,0.9979940091511154,0.05521576479077339,-0.9882708191871643,0.842147683290181,-0.44275549054145813,-0.9882708191871643,0.668159966570826,-0.6527103781700134
Zfp512,0.11620751023292542,0.10580623894929886,0.1429201364517212,0.17556697711176522,-1.8451861143112183,0.1429201364517212,0.5546223780343403,0.9359399080276489,0.1429201364517212,0.3681057656267868,1.2114368677139282
4930548H24Rik,0.002390338573604822,0.0012242133961990476,0.966200590133667,0.9979940091511154,0.1359020173549652,0.966200590133667,0.5597155353892342,0.9258042573928833,0.966200590133667,0.41559341814236284,1.1217268705368042
Gpn1,0.1270940750837326,0.17213991284370422,-0.47098851203918457,1.9140530334963193e-05,-4.783377170562744,-0.47098851203918457,0.0031545729788550808,-3.523838996887207,-0.47098851203918457,5.974959140234631e-06,-4.945742130279541
Supt7l,0.08822007477283478,0.07498540729284286,0.24417385458946228,0.4322133562005868,-1.2811838388442993,0.24417385458946228,0.3588081628257606,1.4287883043289185,0.24417385458946228,0.1519537402157589,1.8167475461959839
Slc4a1ap,0.20774170756340027,0.22717761993408203,-0.14355748891830444,0.09534445005401895,-2.1600940227508545,-0.14355748891830444,0.418403742421582,-1.2794229984283447,-0.14355748891830444,0.16325571528642058,-1.7483044862747192
Mrpl33,1.432433843612671,1.4747051000595093,-0.07958956062793732,0.8140287488034225,-0.744967520236969,-0.07958956062793732,0.10956253214676105,-2.165170192718506,-0.07958956062793732,0.015992801269307483,-2.8239521980285645
Rbks,0.07563377171754837,0.0569586418569088,0.4227360188961029,0.9979940091511154,-0.2784833610057831,0.4227360188961029,0.12336993979670015,2.102895736694336,0.4227360188961029,0.018769408141261573,2.7634947299957275
Babam2,0.3262642025947571,0.27377182245254517,0.29282256960868835,0.11218922332275666,2.080031156539917,0.29282256960868835,0.006276835728448745,3.299160957336426,0.29282256960868835,0.00010681788794536828,4.292159557342529
Fosl2,0.070583775639534,0.12310612946748734,-0.8409923911094666,0.00015477741212319978,-4.2912445068359375,-0.8409923911094666,0.00347411723800746,-3.502704620361328,-0.8409923911094666,5.124397793556643e-07,-5.43454122543335
Ppp1cb,0.7254178524017334,0.7084546089172363,0.047823015600442886,0.5137593682885878,1.1531188488006592,0.047823015600442886,0.5989488297435541,0.856187105178833,0.047823015600442886,0.4107787122849319,1.13070547580719
Yes1,0.015021732077002525,0.014376217499375343,0.06383395195007324,0.9979940091511154,-0.16831901669502258,0.06383395195007324,1.0,0.0956200659275055,0.06383395195007324,0.9899817775181022,0.14603546261787415
Pisd,0.03568367287516594,0.054327454417943954,-0.6199669241905212,0.044273101021569596,-2.5040347576141357,-0.6199669241905212,0.12440883176740931,-2.1005637645721436,-0.6199669241905212,0.005915326601840125,-3.170916795730591
Prr14l,0.13304772973060608,0.13775785267353058,-0.053665049374103546,0.0912971749619569,-2.180755376815796,-0.053665049374103546,0.8765490188966046,-0.38238030672073364,-0.053665049374103546,0.7586940914639732,-0.5126000046730042
Depdc5,0.101664699614048,0.11168978363275528,-0.14303860068321228,0.007695319362796626,-3.165377140045166,-0.14303860068321228,0.568016904135025,-0.9103503823280334,-0.14303860068321228,0.3675908927499675,-1.2123867273330688
Ywhah,1.756475567817688,1.7180061340332031,0.06735582649707794,0.3705086350137872,1.3908138275146484,0.06735582649707794,0.25412409861713414,1.6791495084762573,0.06735582649707794,0.04383861156110399,2.41737961769104
Spon2,0.0006613140576519072,0.0,19.3354549407959,0.9979940091511154,0.14071114361286163,19.3354549407959,0.5196272646011879,1.0,19.3354549407959,0.46147875269036936,1.0
Ctbp1,0.7658416628837585,0.7643283605575562,0.004083136562258005,0.8835511892214822,0.6573347449302673,0.004083136562258005,1.0,0.07417362928390503,0.004083136562258005,1.0,0.09928329288959503
Maea,0.3814735412597656,0.3762197494506836,0.024036018177866936,0.9979940091511154,0.15442602336406708,0.024036018177866936,0.9242919058184881,0.2952740490436554,0.024036018177866936,0.834616691710969,0.3946518003940582
Uvssa,0.056362368166446686,0.06427527219057083,-0.19529706239700317,0.38716783233704266,-1.3584859371185303,-0.19529706239700317,0.6926689881917695,-0.6984858512878418,-0.19529706239700317,0.46147875269036936,-1.0132129192352295
Fam53a,0.14827187359333038,0.19994135200977325,-0.4696846604347229,4.259286971959227e-06,-5.1060333251953125,-0.4696846604347229,0.0011550923601597216,-3.815074920654297,-0.4696846604347229,1.0345949435979824e-06,-5.297980785369873
Gm9903,0.0034529981203377247,0.0013057845644652843,1.4044815301895142,0.9979940091511154,0.19129590690135956,1.4044815301895142,0.3656726802506002,1.393479585647583,1.4044815301895142,0.20818415347813152,1.60254967212677
Slbp,1.1853196620941162,1.32193124294281,-0.2759838104248047,0.0007144396059504755,-3.8886146545410156,-0.2759838104248047,0.00017502530340693959,-4.313518047332764,-0.2759838104248047,8.164077921073392e-08,-5.776657581329346
Tmem129,0.06121063604950905,0.07462792098522186,-0.29572123289108276,0.004381676222683953,-3.352665424346924,-0.29572123289108276,0.270973605998277,-1.6335314512252808,-0.29572123289108276,0.07533818426516899,-2.175689458847046
Tacc3,1.0350916385650635,0.7963415384292603,0.5764394402503967,1.2190424914728432e-18,9.268856048583984,0.5764394402503967,1.0720301980738264e-18,9.655718803405762,0.5764394402503967,1.6035634415374757e-38,13.61127758026123
Fgfr3,0.0,0.0011053677881136537,-20.076892852783203,0.9979940091511154,-0.05797655135393143,-20.076892852783203,0.3625869528824704,-1.4054510593414307,-20.076892852783203,0.03878165157628545,-2.473264217376709
Letm1,0.3991282284259796,0.46540388464927673,-0.27287253737449646,0.003296408626467256,-3.44181227684021,-0.27287253737449646,0.0022613775393556736,-3.6211094856262207,-0.27287253737449646,1.0678931702207883e-05,-4.82205057144165
Nsd2,0.6886383295059204,0.668315052986145,0.05952336639165878,0.9979940091511154,-0.08638595044612885,0.05952336639165878,0.6177404759128975,0.8250376582145691,0.05952336639165878,0.4270761661937782,1.1003021001815796
Nelfa,0.20659323036670685,0.23677758872509003,-0.2193170040845871,0.012440375060653392,-2.9992847442626953,-0.2193170040845871,0.10836080728869565,-2.171677827835083,-0.2193170040845871,0.013020974617891132,-2.899522066116333
Gm1673,0.009517591446638107,0.025150427594780922,-1.4132236242294312,0.15518448751753666,-1.9144729375839233,-1.4132236242294312,0.0057338739926404885,-3.3392369747161865,-1.4132236242294312,2.209568337185699e-06,-5.149048805236816
Nat8l,0.0,0.0,0.0,0.9979940091511154,0.11319231241941452,0.0,1.0,0.0,0.0,1.0,0.0
Poln,0.005688097793608904,0.0026888700667768717,1.0831106901168823,0.9979940091511154,0.1332302987575531,1.0831106901168823,0.36400022316719777,1.3978840112686157,1.0831106901168823,0.19880749140646442,1.6305564641952515
Haus3,0.5004995465278625,0.41825851798057556,0.3228242099285126,0.0017654093382600264,3.6322176456451416,0.3228242099285126,0.00017416900581665497,4.311867713928223,0.3228242099285126,1.7918471571761473e-07,5.633473873138428
Mxd4,0.14561177790164948,0.12771980464458466,0.2023448646068573,0.9979940091511154,-0.11417195200920105,0.2023448646068573,0.5139514724848164,1.0998700857162476,0.2023448646068573,0.22745643805029636,1.5482444763183594
Zfyve28,0.006148843560367823,0.005602104589343071,0.1347411721944809,0.9984208920935209,0.01531792152673006,0.1347411721944809,0.9750378402081582,0.2017277479171753,0.1347411721944809,0.9068099096363005,0.27988627552986145
Rnf4,0.541391134262085,0.4838195741176605,0.20726358890533447,0.0316799459994485,2.6434991359710693,0.20726358890533447,0.012382012547576555,3.0676448345184326,0.20726358890533447,0.00030527065680680784,4.027048587799072
Fam193a,0.24880428612232208,0.19411121308803558,0.3990357220172882,0.27201562173833504,1.590481162071228,0.3990357220172882,0.004370231698581517,3.4174304008483887,0.3990357220172882,4.154190949807477e-05,4.516260623931885
Tnip2,0.024151692166924477,0.02152295410633087,0.16815181076526642,0.7294620342754381,-0.8524601459503174,0.16815181076526642,0.7949097841711102,0.5226039886474609,0.16815181076526642,0.6598503094131288,0.666658341884613
Sh3bp2,0.035109974443912506,0.024100417271256447,0.5508037209510803,0.9979940091511154,-0.43139541149139404,0.5508037209510803,0.1631815803439313,1.949611783027649,0.5508037209510803,0.04647608587245241,2.393296718597412
Add1,0.6026231646537781,0.6602635383605957,-0.17771148681640625,0.10037018537106869,-2.135514259338379,-0.17771148681640625,0.02513193404091463,-2.809878349304199,-0.17771148681640625,0.0008717089307686493,-3.74802827835083
Mfsd10,0.28710153698921204,0.30462902784347534,-0.09875836968421936,0.2143519866673007,-1.733507752418518,-0.09875836968421936,0.5196272646011879,-1.045913577079773,-0.09875836968421936,0.2832694477970542,-1.3998290300369263
Nop14,0.1721923053264618,0.26407334208488464,-0.6856034994125366,1.6310746101623246e-10,-6.880685806274414,-0.6856034994125366,1.0925320029512817e-07,-5.8920512199401855,-0.6856034994125366,9.176667606685155e-15,-8.175795555114746
Grk4,0.015408728271722794,0.01836160011589527,-0.2550800144672394,0.9979940091511154,-0.3768921196460724,-0.2550800144672394,0.8171650920297004,-0.4861656725406647,-0.2550800144672394,0.6252896747785746,-0.7204334735870361
Htt,0.23096691071987152,0.23467960953712463,-0.02578814886510372,0.2790961658779541,-1.5743616819381714,-0.02578814886510372,0.955759711507358,-0.23930460214614868,-0.02578814886510372,0.8820550341693101,-0.32086998224258423
Msantd1,0.003120386740192771,0.0015985124045982957,0.9660927653312683,0.9979940091511154,0.07872699201107025,0.9660927653312683,0.5196272646011879,1.0330324172973633,0.9660927653312683,0.37018843306725263,1.2071774005889893
Rgs12,0.02039964124560356,0.007851645350456238,1.3865498304367065,0.9979940091511154,0.36050549149513245,1.3865498304367065,0.016763622116687714,2.955202579498291,1.3865498304367065,0.0031303194965424694,3.378399610519409
Hgfac,0.0011651109671220183,0.001214597257785499,-0.0600462332367897,0.9979940091511154,0.025114266201853752,-0.0600462332367897,1.0,-0.044880855828523636,-0.0600462332367897,1.0,-0.05853923410177231
Dok7,0.000338060490321368,0.0,18.367170333862305,0.9979940091511154,0.14071114361286163,18.367170333862305,0.5196272646011879,1.0,18.367170333862305,0.46147875269036936,1.0
Lrpap1,0.2542549967765808,0.3237001597881317,-0.40088507533073425,6.35847024361337e-05,-4.507387638092041,-0.40088507533073425,0.000108989845653757,-4.434171199798584,-0.40088507533073425,1.836063431915894e-08,-6.040242671966553
Trmt44,0.0291756559163332,0.039385098963975906,-0.44029149413108826,0.06666010729506738,-2.326720952987671,-0.44029149413108826,0.264736643565389,-1.6499780416488647,-0.44029149413108826,0.06459414013566797,-2.2473318576812744
Acox3,0.08257370442152023,0.08448977023363113,-0.03449544310569763,0.05238267196183459,-2.4335012435913086,-0.03449544310569763,0.978590091303208,-0.19397808611392975,-0.03449544310569763,0.9225517881002165,-0.25594449043273926
Htra3,0.00034618875361047685,0.0,18.401453018188477,0.9979940091511154,0.14071114361286163,18.401453018188477,0.5196272646011879,1.0,18.401453018188477,0.46147875269036936,1.0
Sh3tc1,0.0011786699760705233,0.0027047153562307358,-1.1994173526763916,0.9979940091511154,-0.033129457384347916,-1.1994173526763916,0.5949072741462614,-0.8632762432098389,-1.1994173526763916,0.29575473190433604,-1.3666256666183472
Ablim2,0.023031694814562798,0.025194291025400162,-0.13104258477687836,0.6037926660263749,-1.0196213722229004,-0.13104258477687836,0.8566378548639035,-0.41688480973243713,-0.13104258477687836,0.7244235005834264,-0.5664113163948059
Afap1,0.001591308624483645,0.002942267805337906,-0.8876892328262329,0.9979940091511154,-0.11800143122673035,-0.8876892328262329,0.653695532037912,-0.765277087688446,-0.8876892328262329,0.4123239651315248,-1.1277319192886353
Sorcs2,0.00039316766196861863,0.0,18.585071563720703,0.9979940091511154,0.14071114361286163,18.585071563720703,0.5196272646011879,1.0,18.585071563720703,0.46147875269036936,1.0
Grpel1,0.7276688814163208,0.8754849433898926,-0.38752076029777527,6.307476956941595e-08,-5.904880523681641,-0.38752076029777527,2.1581026738023813e-10,-6.95035982131958,-0.38752076029777527,8.98540929533369e-19,-9.303367614746094
Tada2b,0.041459307074546814,0.048326022922992706,-0.22609464824199677,0.09741131071853976,-2.1499414443969727,-0.22609464824199677,0.5338358409422417,-0.9736340641975403,-0.22609464824199677,0.31706884787812906,-1.3183263540267944
Ccdc96,0.002147228457033634,0.0055940281599760056,-1.383899211883545,0.9979940091511154,-0.4029860198497772,-1.383899211883545,0.3047898230429033,-1.5529446601867676,-1.383899211883545,0.05217125847136236,-2.3427228927612305
Tbc1d14,0.11720731854438782,0.10610927641391754,0.15166635811328888,0.879885002825225,-0.662143886089325,0.15166635811328888,0.5649212589623288,0.9166502356529236,0.15166635811328888,0.3383793901463275,1.2737948894500732
D5Ertd579e,0.14682620763778687,0.16356439888477325,-0.16813577711582184,0.0009100059204151706,-3.823068141937256,-0.16813577711582184,0.41451722738809416,-1.2868281602859497,-0.16813577711582184,0.1760595499029313,-1.702566385269165
Bloc1s4,0.24792295694351196,0.23697032034397125,0.07340487092733383,0.9979940091511154,-0.2904171049594879,0.07340487092733383,0.6661652904609043,0.7419437170028687,0.07340487092733383,0.47272552939968493,0.9799163937568665
Mrfap1,0.9409486055374146,0.9862781167030334,-0.1057487279176712,0.2124208968844302,-1.7395637035369873,-0.1057487279176712,0.11889276603312766,-2.1221883296966553,-0.1057487279176712,0.014588272283167444,-2.8577980995178223
Man2b2,0.0552397258579731,0.057521335780620575,-0.060052089393138885,0.19331160017234,-1.792464017868042,-0.060052089393138885,0.9302303531541518,-0.2853058874607086,-0.060052089393138885,0.8410177657815848,-0.38534408807754517
Ppp2r2c,0.00043315294897183776,0.00047756702406331897,-0.14085844159126282,0.9979940091511154,0.05521576479077339,-0.14085844159126282,1.0,-0.0688866376876831,-0.14085844159126282,1.0,-0.08689136058092117
Wfs1,0.002624118933454156,0.005146131385117769,-0.9734753966331482,0.9979940091511154,-0.31793591380119324,-0.9734753966331482,0.5196272646011879,-1.055747151374817,-0.9734753966331482,0.23069846482512185,-1.5395102500915527
Jakmip1,0.2979786694049835,0.2852604389190674,0.07254879176616669,0.9979940091511154,0.19280987977981567,0.07254879176616669,0.6886723421463368,0.7050445675849915,0.07254879176616669,0.478255069718185,0.969866931438446
Gm1043,0.0003281364624854177,0.0011475833598524332,-1.806819200515747,0.9979940091511154,-0.0302796121686697,-1.806819200515747,0.5546223780343403,-0.9363499879837036,-1.806819200515747,0.26608478028064364,-1.4480891227722168
Crmp1,0.10999877005815506,0.09512116760015488,0.22056439518928528,0.5151375486417098,-1.1508033275604248,0.22056439518928528,0.42018564695729477,1.2754180431365967,0.22056439518928528,0.19260989977591986,1.6498823165893555
Evc,0.000528273347299546,0.0024832093622535467,-2.234257698059082,0.9979940091511154,-0.08852333575487137,-2.234257698059082,0.4011286268057874,-1.3170077800750732,-2.234257698059082,0.07517986058248292,-2.177244186401367
Evc2,0.0,0.0,0.0,0.9979940091511154,0.11319231241941452,0.0,1.0,0.0,0.0,1.0,0.0
Stx18,0.10588593035936356,0.144213005900383,-0.47391360998153687,9.406366259726828e-06,-4.937892436981201,-0.47391360998153687,0.0026930020849247334,-3.569946050643921,-0.47391360998153687,1.1031449163371078e-05,-4.8146867752075195
Nsg1,0.0010593259939923882,0.0013902622740715742,-0.3924488425254822,0.9979940091511154,-0.0302796121686697,-0.3924488425254822,0.9603785016752305,-0.22910766303539276,-0.3924488425254822,0.9093503197262331,-0.2763994038105011
Zbtb49,0.019909076392650604,0.01241860818117857,0.6863403916358948,0.9979940091511154,-0.205010786652565,0.6863403916358948,0.22488404190583733,1.7609541416168213,0.6863403916358948,0.08508569648779633,2.1176772117614746
Lyar,0.5751339197158813,0.7962481379508972,-0.6469035148620605,2.4390784231115656e-16,-8.661928176879883,-0.6469035148620605,1.742354201220464e-16,-9.004739761352539,-0.6469035148620605,8.18935213977261e-34,-12.69894027709961
Tmem128,0.6051768064498901,0.6907310485839844,-0.2591001093387604,0.001190980080198001,-3.7467458248138428,-0.2591001093387604,0.0001433075173479633,-4.364346504211426,-0.2591001093387604,3.6549362941553375e-08,-5.919538974761963
Otop1,0.00029244404868222773,0.0,18.158016204833984,0.9979940091511154,0.14071114361286163,18.158016204833984,0.5196272646011879,1.0,18.158016204833984,0.46147875269036936,1.0
Slc2a9,0.008852879516780376,0.004766576457768679,0.8961441516876221,0.9979940091511154,0.18595243990421295,0.8961441516876221,0.36321377038034836,1.4011120796203613,0.8961441516876221,0.17107898526837007,1.7195887565612793
Wdr1,1.072147250175476,1.097956895828247,-0.05623850226402283,0.7428000852271727,-0.8355391621589661,-0.05623850226402283,0.46426631169580374,-1.1921663284301758,-0.05623850226402283,0.21060826339260008,-1.5950788259506226
Zfp518b,0.005479047540575266,0.005257388576865196,0.05973879620432854,0.9979940091511154,-0.2605827748775482,0.05973879620432854,1.0,0.09424201399087906,0.05973879620432854,1.0,0.11896412074565887
Clnk,0.0013272033538669348,0.002490201499313116,-0.9087117314338684,0.9979940091511154,0.1373269408941269,-0.9087117314338684,0.8372807543659273,-0.4510830044746399,-0.9087117314338684,0.6112848906604165,-0.7432196140289307
Hs3st1,0.0,0.0,0.0,0.9979940091511154,0.11319231241941452,0.0,1.0,0.0,0.0,1.0,0.0
Rab28,0.10392177104949951,0.13484439253807068,-0.39854738116264343,0.0003907060381392697,-4.053282260894775,-0.39854738116264343,0.03967638103187374,-2.6313016414642334,-0.39854738116264343,0.0011142985879320857,-3.678567886352539
Bod1l,0.5270606875419617,0.6273936629295349,-0.3307008743286133,0.0008829351453772547,-3.8317959308624268,-0.3307008743286133,8.021074087337347e-05,-4.507635593414307,-0.3307008743286133,1.740973276617876e-08,-6.050073146820068
Cpeb2,0.034808166325092316,0.030659589916467667,0.18609635531902313,0.8603448125185816,-0.685387909412384,0.18609635531902313,0.7218992944513658,0.6487233638763428,0.18609635531902313,0.5524720770020766,0.8416736721992493
Cc2d2a,0.0002963044971693307,0.0,18.176939010620117,0.9979940091511154,0.14071114361286163,18.176939010620117,0.5196272646011879,1.0,18.176939010620117,0.46147875269036936,1.0
Fbxl5,0.1553637534379959,0.19632604718208313,-0.36801522970199585,0.0005739704910083024,-3.947838068008423,-0.36801522970199585,0.020261047551944654,-2.891047239303589,-0.36801522970199585,0.0003094075542887352,-4.022666931152344
Bst1,0.002963091479614377,0.010600543580949306,-1.8444783687591553,0.9979940091511154,-0.3220325708389282,-1.8444783687591553,0.33055066428681934,-1.4951330423355103,-1.8444783687591553,0.03496631148175953,-2.519529342651367
Cd38,0.06990019977092743,0.05851620063185692,0.2647603154182434,0.6253766154663766,-0.9902323484420776,0.2647603154182434,0.46607688573691924,1.1879557371139526,0.2647603154182434,0.2139207820564138,1.5855755805969238
Gm7879,0.006052406504750252,0.007020481396466494,-0.21476006507873535,0.9979940091511154,-0.4569549560546875,-0.21476006507873535,0.8814670432812395,-0.37411218881607056,-0.21476006507873535,0.775078805780951,-0.4885101020336151
Prom1,0.0009950437815859914,0.0,19.925119400024414,0.9979940091511154,0.16822996735572815,19.925119400024414,0.41029933573108046,1.295971393585205,19.925119400024414,0.3281006569079055,1.295971393585205
Tapt1,0.09174146503210068,0.09206272661685944,-0.005278583616018295,0.07590331538939124,-2.268655300140381,-0.005278583616018295,1.0,-0.03144686669111252,-0.005278583616018295,1.0,-0.041604429483413696
Qdpr,0.19704510271549225,0.24853380024433136,-0.373435378074646,0.00014696204016559082,-4.304603099822998,-0.373435378074646,0.0032553300179900165,-3.51204776763916,-0.373435378074646,1.266854028933923e-05,-4.784489631652832
Lap3,0.16238173842430115,0.31737661361694336,-1.0830767154693604,4.1827374044032967e-20,-9.634171485900879,-1.0830767154693604,1.3206573117834791e-18,-9.673614501953125,-1.0830767154693604,4.0819210433692813e-41,-14.094644546508789
Med28,0.6187389492988586,0.6236861944198608,-0.01542510837316513,0.9979940091511154,0.31891554594039917,-0.01542510837316513,0.943876341047235,-0.2606578469276428,-0.01542510837316513,0.8704226083662115,-0.3403705358505249
Fam184b,0.0013369729276746511,0.002083199331536889,-0.6403688192367554,0.9979940091511154,-0.032595112919807434,-0.6403688192367554,0.7867281788004604,-0.5368866920471191,-0.6403688192367554,0.594523766586341,-0.7718626856803894
Ncapg,0.8646558523178101,0.6081727147102356,0.7151577472686768,6.814721878549209e-20,9.582873344421387,0.7151577472686768,1.7251167404634872e-21,10.387482643127441,0.7151577472686768,5.349042525692549e-42,14.262235641479492
Lcorl,0.08270175009965897,0.09460963308811188,-0.2027861475944519,0.01935149542662832,-2.836843490600586,-0.2027861475944519,0.5196272646011879,-1.0639976263046265,-0.2027861475944519,0.25518657277963763,-1.4743891954421997
5730480H06Rik,0.0525958314538002,0.0818842425942421,-0.6600010395050049,9.644632849904369e-06,-4.932281494140625,-0.6600010395050049,0.0019226623117971587,-3.669569492340088,-0.6600010395050049,5.059832588119444e-06,-4.9802703857421875
Adgra3,0.0,0.0,0.0,0.9979940091511154,0.11319231241941452,0.0,1.0,0.0,0.0,1.0,0.0
Ppargc1a,0.0,0.0,0.0,0.9979940091511154,0.11319231241941452,0.0,1.0,0.0,0.0,1.0,0.0
Dhx15,0.6030893921852112,0.6898539066314697,-0.26320314407348633,0.0006691840384520283,-3.9059808254241943,-0.26320314407348633,0.0003727917602631841,-4.119959831237793,-0.26320314407348633,2.131587539130809e-07,-5.599295616149902
Lgi2,0.0004036547616124153,0.0,18.623056411743164,0.9979940091511154,0.14071114361286163,18.623056411743164,0.5196272646011879,1.0,18.623056411743164,0.46147875269036936,1.0
Sepsecs,0.02421574480831623,0.0378953218460083,-0.6559932231903076,0.15636353295323857,-1.9097529649734497,-0.6559932231903076,0.1430218621289374,-2.0276567935943604,-0.6559932231903076,0.009993941820167253,-2.993051052093506
Pi4k2b,0.04399591311812401,0.05960942059755325,-0.4495307505130768,0.009902746607798326,-3.0799708366394043,-0.4495307505130768,0.11718457638048303,-2.1303038597106934,-0.4495307505130768,0.013458085830204001,-2.8877511024475098
Zcchc4,0.05637352168560028,0.0656437873840332,-0.22639594972133636,0.08607405391833574,-2.20916485786438,-0.22639594972133636,0.5196272646011879,-1.047458529472351,-0.22639594972133636,0.2610049414589328,-1.4599573612213135
Anapc4,0.22496947646141052,0.2805726230144501,-0.36044198274612427,0.0008378697278388555,-3.8459560871124268,-0.36044198274612427,0.002637980730342342,-3.577998161315918,-0.36044198274612427,5.812223380457006e-06,-4.95175313949585
Smim20,0.3830208480358124,0.3828270435333252,0.0008790132123976946,0.9979940091511154,-0.25123172998428345,0.0008790132123976946,1.0,0.010839746333658695,0.0008790132123976946,1.0,0.014665981754660606
Rbpj,0.18236465752124786,0.20116639137268066,-0.15555882453918457,0.026779470091754954,-2.7095799446105957,-0.15555882453918457,0.44439351573640434,-1.229480504989624,-0.15555882453918457,0.18182080444520687,-1.6825968027114868
Tbc1d19,0.008226916193962097,0.012460490688681602,-0.601996123790741,0.6707427066181032,-0.9301184415817261,-0.601996123790741,0.42375678588975746,-1.269298791885376,-0.601996123790741,0.16365432657710793,-1.7466418743133545
Stim2,0.22879140079021454,0.2379879355430603,-0.06374746561050415,0.2727617395451911,-1.5887891054153442,-0.06374746561050415,0.7466052854867431,-0.6059825420379639,-0.06374746561050415,0.5671163658517515,-0.8175135850906372
Pcdh7,0.0,0.0,0.0,0.9979940091511154,0.11319231241941452,0.0,1.0,0.0,0.0,1.0,0.0
Arap2,0.7410820126533508,0.6682392954826355,0.20793402194976807,0.01731837209574893,2.8782551288604736,0.20793402194976807,0.006529118006863,3.285383939743042,0.20793402194976807,0.00011928634463119361,4.264901161193848
Dthd1,0.0,0.0,0.0,0.9979940091511154,0.11319231241941452,0.0,1.0,0.0,0.0,1.0,0.0
Rell1,0.08939182013273239,0.09190218150615692,-0.04179450124502182,0.07032429844985338,-2.3030316829681396,-0.04179450124502182,0.963400646422095,-0.22346918284893036,-0.04179450124502182,0.8914207159930811,-0.3050716817378998
Pgm2,0.1735769808292389,0.19219431281089783,-0.1608288586139679,0.04584863101355454,-2.4900527000427246,-0.1608288586139679,0.38623613540933793,-1.3482722043991089,-0.1608288586139679,0.1446707341857056,-1.8436527252197266
Tbc1d1,0.3817919194698334,0.3508159816265106,0.14577743411064148,0.48603850017154454,1.1957775354385376,0.14577743411064148,0.26374106596755265,1.6523815393447876,0.14577743411064148,0.06916267602496695,2.2155044078826904
Klf3,0.3854174315929413,0.4176948666572571,-0.14086522161960602,0.09940374927459483,-2.1403231620788574,-0.14086522161960602,0.42173971274945427,-1.2729190587997437,-0.14086522161960602,0.16021537352752957,-1.7724647521972656
Tlr1,0.007273086812347174,0.01987260766327381,-1.4592504501342773,0.7014089356875864,-0.8903986811637878,-1.4592504501342773,0.14277394835742996,-2.029965400695801,-1.4592504501342773,0.0044778997790070165,-3.2630252838134766
Tlr6,0.004968069493770599,0.010717499069869518,-1.1133636236190796,0.9979940091511154,-0.4620312452316284,-1.1133636236190796,0.44059219103730957,-1.2368718385696411,-1.1133636236190796,0.10912254407648907,-1.9922850131988525
Fam114a1,0.0025344761088490486,0.00262960116378963,-0.053224872797727585,0.9982866462090498,0.021551959216594696,-0.053224872797727585,1.0,-0.06380388885736465,-0.053224872797727585,1.0,-0.0841246023774147
Tmem156,0.05878543108701706,0.06430265307426453,-0.13344039022922516,0.29394137446986884,-1.5423009395599365,-0.13344039022922516,0.7435471436383005,-0.6106772422790527,-0.13344039022922516,0.5438563457811268,-0.855760931968689
Klhl5,0.044827159494161606,0.04383861646056175,0.03288913518190384,0.20587321979999348,-1.7571080923080444,0.03288913518190384,1.0,0.13355877995491028,0.03288913518190384,0.970984449433091,0.17624235153198242
Wdr19,0.0043301451951265335,0.004906344227492809,-0.18064914643764496,0.9979940091511154,-0.176601380109787,-0.18064914643764496,0.9361131289204839,-0.27513253688812256,-0.18064914643764496,0.8478265491321678,-0.3747992217540741
Rfc1,0.4396933913230896,0.5566941499710083,-0.43176400661468506,1.360834116342032e-06,-5.333397388458252,-0.43176400661468506,9.324792654372373e-07,-5.470595836639404,-0.43176400661468506,6.304778460179284e-12,-7.294619083404541
Rpl9,3.2991909980773926,3.4757044315338135,-0.26357501745224,3.828346334360135e-33,-12.426663398742676,-0.26357501745224,1.0087401691653606e-41,-14.974108695983887,-0.26357501745224,1.0354416184253417e-74,-19.566286087036133
Lias,0.22829876840114594,0.2450215071439743,-0.11452372372150421,0.1537660958516016,-1.9196383953094482,-0.11452372372150421,0.5196272646011879,-1.0845342874526978,-0.11452372372150421,0.2572421877571114,-1.4695559740066528
Ugdh,0.12316811829805374,0.12730461359024048,-0.05070184916257858,0.07643731609090502,-2.265627384185791,-0.05070184916257858,0.9015776810509347,-0.33875370025634766,-0.05070184916257858,0.7963691145504369,-0.4555310010910034
Smim14,0.3170197308063507,0.3253605365753174,-0.04380488768219948,0.7935584329066393,-0.7705270648002625,-0.04380488768219948,0.8370940398922996,-0.4512101113796234,-0.04380488768219948,0.6881598971682693,-0.6220977902412415
Ube2k,0.7489091157913208,0.7668717503547668,-0.04877295717597008,0.8482018828220929,-0.7014182806015015,-0.04877295717597008,0.6120353070565302,-0.8340250849723816,-0.04877295717597008,0.4045393692735605,-1.1425373554229736
Pds5a,0.7298620939254761,0.7480959892272949,-0.05035809054970741,0.7966523853572616,-0.7665194869041443,-0.05035809054970741,0.6179473065012538,-0.8244881629943848,-0.05035809054970741,0.42983061209371515,-1.0953465700149536
N4bp2,0.12912163138389587,0.1534930318593979,-0.26743653416633606,0.0005221753629515766,-3.974644422531128,-0.26743653416633606,0.18881263239976206,-1.864227056503296,-0.26743653416633606,0.03487170859146387,-2.519437074661255
Rhoh,1.1481969356536865,1.0423334836959839,0.22958606481552124,0.000163189372065293,4.277351379394531,0.22958606481552124,0.0008715917005455905,3.8912084102630615,0.22958606481552124,8.042151607829362e-07,5.346915245056152
Chrna9,0.0,0.00294310855679214,-21.49103355407715,0.9979940091511154,-0.31472983956336975,-21.49103355407715,0.0953684582664427,-2.242755889892578,-21.49103355407715,0.0004263208206826606,-3.9467241764068604
9130230L23Rik,0.01202547736465931,0.021566277369856834,-0.8495844602584839,0.4247991486650944,-1.293473720550537,-0.8495844602584839,0.18976226563723195,-1.8620132207870483,-0.8495844602584839,0.020350255436129935,-2.733757257461548
Rbm47,0.12358910590410233,0.14272242784500122,-0.22176839411258698,0.003159688755421615,-3.454636573791504,-0.22176839411258698,0.331488800920631,-1.4905455112457275,-0.22176839411258698,0.10791466758088941,-1.9977465867996216
Nsun7,0.0006475793779827654,0.001818708493374288,-1.490628957748413,0.9979940091511154,-0.08798898756504059,-1.490628957748413,0.5196272646011879,-1.024558663368225,-1.490628957748413,0.2239970805347801,-1.558546543121338
Apbb2,0.004550654906779528,0.007579069584608078,-0.7381331324577332,0.9271892045315492,-0.6002487540245056,-0.7381331324577332,0.48494949720843544,-1.1531330347061157,-0.7381331324577332,0.21591163415842388,-1.5799568891525269
Uchl1,0.011964323930442333,0.017195414751768112,-0.5270677208900452,0.8457893600454479,-0.7040900588035583,-0.5270677208900452,0.5196272646011879,-1.0639845132827759,-0.5270677208900452,0.21177514355504404,-1.5919275283813477
Limch1,0.0002248203963972628,0.0,17.778581619262695,0.9979940091511154,0.14071114361286163,17.778581619262695,0.5196272646011879,1.0,17.778581619262695,0.46147875269036936,1.0
Tmem33,0.32413914799690247,0.4396984577178955,-0.5285523533821106,1.2913290074601686e-07,-5.779309272766113,-0.5285523533821106,5.18885886119614e-09,-6.435475826263428,-0.5285523533821106,2.9709439490845126e-17,-8.885436058044434
Slc30a9,0.20062346756458282,0.18267332017421722,0.14858584105968475,0.9979940091511154,-0.41634467244148254,0.14858584105968475,0.39607416947790314,1.3261088132858276,0.14858584105968475,0.16589750934417075,1.7389323711395264
Bend4,0.10413604229688644,0.09530311077833176,0.13435177505016327,0.2974206058187963,-1.5349981784820557,0.13435177505016327,0.6538104234507377,0.764482319355011,0.13435177505016327,0.46147875269036936,1.0206526517868042
Shisa3,0.0,0.0005491368938237429,-19.06720542907715,0.9979940091511154,0.027607882395386696,-19.06720542907715,0.5196272646011879,-1.0,-19.06720542907715,0.16021537352752957,-1.759765386581421
Atp8a1,0.07161702960729599,0.08844248950481415,-0.31673553586006165,0.0036376740096326922,-3.410820245742798,-0.31673553586006165,0.2426872159023866,-1.7107112407684326,-0.31673553586006165,0.04997293429473369,-2.3607563972473145
Guf1,0.09038695693016052,0.1257096827030182,-0.5018479824066162,0.00012508255802691005,-4.344590187072754,-0.5018479824066162,0.009548510605397258,-3.162379503250122,-0.5018479824066162,6.141338306923022e-05,-4.42293119430542
Gnpda2,0.1501038670539856,0.16378851234912872,-0.13600242137908936,0.012866000047990303,-2.986994743347168,-0.13600242137908936,0.5196272646011879,-1.0801587104797363,-0.13600242137908936,0.27107110339121215,-1.4362632036209106
Gabra2,0.0002641012251842767,0.0006464007310569286,-1.2916103601455688,0.9979940091511154,0.05521576479077339,-1.2916103601455688,0.7801669822160608,-0.5474939346313477,-1.2916103601455688,0.5504646846146192,-0.8450285196304321
Gabrb1,0.0018061015289276838,0.0010354174301028252,0.8032220005989075,0.9979940091511154,0.025114266201853752,0.8032220005989075,0.7736679974042752,0.559709906578064,0.8032220005989075,0.6877817281643069,0.6228863000869751
Commd8,0.5995408296585083,0.6253365278244019,-0.08126993477344513,0.6671504743417127,-0.9345713257789612,-0.08126993477344513,0.4512008712688083,-1.2166788578033447,-0.08126993477344513,0.20040889724569852,-1.625245213508606
Corin,0.0005711083649657667,0.0,19.12381935119629,0.9979940091511154,0.14071114361286163,19.12381935119629,0.5196272646011879,1.0,19.12381935119629,0.46147875269036936,1.0
Nfxl1,0.04879043251276016,0.06096126139163971,-0.33015403151512146,0.02488933037746696,-2.7396814823150635,-0.33015403151512146,0.34449431786936563,-1.461783528327942,-0.33015403151512146,0.10594544113516477,-2.007528305053711
Slc10a4l,0.0,0.0007088276906870306,-19.435588836669922,0.9979940091511154,0.027607882395386696,-19.435588836669922,0.5196272646011879,-1.0,-19.435588836669922,0.16021537352752957,-1.759765386581421
Cnga1,0.01837911456823349,0.022108862176537514,-0.2692570984363556,0.5077549718055916,-1.1625590324401855,-0.2692570984363556,0.6542493520993681,-0.763759195804596,-0.2692570984363556,0.45939455313932076,-1.0426136255264282
Nipal1,0.03985856845974922,0.017746688798069954,1.1833668947219849,0.9979940091511154,0.4696011543273926,1.1833668947219849,0.0003454185196887607,4.126871109008789,1.1833668947219849,1.3890772167499553e-05,4.769521713256836
Txk,0.644572913646698,0.5472622513771057,0.3132363557815552,0.0006598805243893513,3.9100775718688965,0.3132363557815552,0.0019869951442799444,3.661397933959961,0.3132363557815552,3.2238144007763824e-06,5.071976184844971
Tec,0.06777644902467728,0.05169593542814255,0.4024485647678375,0.9280928260239405,-0.5982894897460938,0.4024485647678375,0.1497442082690413,1.999758005142212,0.4024485647678375,0.03143430043966694,2.562300443649292
Slain2,0.27997520565986633,0.3267746865749359,-0.2584601044654846,0.015991474206410766,-2.90773344039917,-0.2584601044654846,0.03200284683811804,-2.717367649078369,-0.2584601044654846,0.0009114769047713245,-3.735264539718628
Gm10135,0.0,0.0006730489549227059,-19.36083984375,0.9979940091511154,0.027607882395386696,-19.36083984375,0.5196272646011879,-1.0,-19.36083984375,0.16021537352752957,-1.759765386581421
Fryl,0.5265485644340515,0.48486238718032837,0.15158528089523315,0.04015091139065212,2.544466972351074,0.15158528089523315,0.15642671635344194,1.9753735065460205,0.15158528089523315,0.02192400683384172,2.703951835632324
Ociad1,0.5155156254768372,0.5286800861358643,-0.04669739678502083,0.9071815706148868,-0.6258974075317383,-0.04669739678502083,0.7104558497718015,-0.6661556363105774,-0.04669739678502083,0.5252730068573778,-0.8872356414794922
Ociad2,0.007623918820172548,0.0014534656656906009,2.395489454269409,0.9979940091511154,0.3571213185787201,2.395489454269409,0.05161187906105576,2.5174405574798584,2.395489454269409,0.022446734912442107,2.6970479488372803
Dcun1d4,0.02138502709567547,0.02976355329155922,-0.48301541805267334,0.29316345450617626,-1.543725848197937,-0.48301541805267334,0.3830143078407068,-1.3546379804611206,-0.48301541805267334,0.12316366677653472,-1.929111361503601
Sgcb,0.11401352286338806,0.13076771795749664,-0.21013349294662476,0.004625341152191997,-3.3349430561065674,-0.21013349294662476,0.295385295070445,-1.5756142139434814,-0.21013349294662476,0.091967018397406,-2.0796186923980713
Usp46,0.04331723228096962,0.04794827848672867,-0.14990372955799103,0.15908177438932183,-1.9001346826553345,-0.14990372955799103,0.7415663922240376,-0.6145142912864685,-0.14990372955799103,0.5560141458405133,-0.8359935283660889
Rasl11b,0.030377738177776337,0.02291603945195675,0.41206294298171997,0.9795161723287931,-0.5336336493492126,0.41206294298171997,0.3756282431052501,1.3697435855865479,0.41206294298171997,0.1696765168030846,1.725477933883667
Scfd2,0.08755941689014435,0.11319296807050705,-0.3892502784729004,0.0014404191269666933,-3.6919753551483154,-0.3892502784729004,0.062120894848698156,-2.438704252243042,-0.3892502784729004,0.0028177040447883795,-3.4077506065368652
Fip1l1,0.7147738337516785,0.7095407247543335,0.014820349402725697,0.7685436580239938,0.8026769161224365,0.014820349402725697,0.9455955746879173,0.2580746114253998,0.014820349402725697,0.8662933615153103,0.3461858630180359
Lnx1,0.0009670164436101913,0.0,19.883880615234375,0.9979940091511154,0.19574879109859467,19.883880615234375,0.24555597314231573,1.701623797416687,19.883880615234375,0.1765121995207178,1.701623797416687
Chic2,0.7194662094116211,0.6922394037246704,0.07758732885122299,0.19910948692783745,1.7763445377349854,0.07758732885122299,0.38225463428717443,1.3562536239624023,0.07758732885122299,0.1551649327532636,1.8051022291183472
Kit,0.0027750821318477392,0.0013843794586136937,1.0042941570281982,0.9979940091511154,0.19236458837985992,1.0042941570281982,0.6739238293255011,0.7297253608703613,1.0042941570281982,0.5122546744183896,0.9102209806442261
Kdr,0.0,0.0023499312810599804,-21.165884017944336,0.9979940091511154,0.027607882395386696,-21.165884017944336,0.5196272646011879,-1.0,-21.165884017944336,0.16021537352752957,-1.759765386581421
Srd5a3,0.18461643159389496,0.19559429585933685,-0.09150275588035583,0.025192466599722626,-2.734783411026001,-0.09150275588035583,0.633494714394281,-0.7980552911758423,-0.09150275588035583,0.4583229357901644,-1.0446101427078247
Tmem165,0.4591582119464874,0.5169894099235535,-0.21623975038528442,0.017391573958302157,-2.8767411708831787,-0.21623975038528442,0.011350641911084723,-3.1007602214813232,-0.21623975038528442,0.00016939610498898464,-4.177338600158691
Clock,0.0710611492395401,0.11269790679216385,-0.6958223581314087,0.00013098706816673907,-4.33336877822876,-0.6958223581314087,0.00659679892152174,-3.2899117469787598,-0.6958223581314087,6.968253025544998e-06,-4.91334867477417
Exoc1,0.17131613194942474,0.24745245277881622,-0.5873262882232666,3.6940454794985554e-07,-5.584272861480713,-0.5873262882232666,1.1035238730231488e-05,-4.9689106941223145,-0.5873262882232666,3.797599770300677e-11,-7.030098915100098
Cep135,0.206497922539711,0.18232502043247223,0.1976163238286972,0.9984208920935209,0.004987230058759451,0.1976163238286972,0.27510560116757937,1.6233488321304321,0.1976163238286972,0.0744124507810903,2.181668758392334
C530008M17Rik,0.00023141450947150588,0.0,17.820293426513672,0.9979940091511154,0.14071114361286163,17.820293426513672,0.5196272646011879,1.0,17.820293426513672,0.46147875269036936,1.0
Aasdh,0.03014456480741501,0.031153574585914612,-0.04823137819766998,0.38167108969410113,-1.3695290088653564,-0.04823137819766998,0.9901778599403801,-0.17320625483989716,-0.04823137819766998,0.9397067644484333,-0.22901387512683868
Ppat,0.20956680178642273,0.3782353103160858,-0.9794930815696716,5.186056088615305e-19,-9.363435745239258,-0.9794930815696716,2.6346925212386186e-18,-9.551603317260742,-0.9794930815696716,2.2154007312098727e-38,-13.583374977111816
Paics,0.6165871024131775,0.7871351838111877,-0.4896034896373749,5.587008292630357e-10,-6.694020748138428,-0.4896034896373749,1.7345100585175677e-12,-7.693490982055664,-0.4896034896373749,5.865497931625259e-23,-10.355095863342285
Srp72,0.5821861624717712,0.7375965118408203,-0.4656957685947418,1.2058558138387311e-10,-6.926550388336182,-0.4656957685947418,1.1708577598173201e-11,-7.411159992218018,-0.4656957685947418,2.8382151663386794e-21,-9.944686889648438
Arl9,0.0003229165158700198,0.0008420775993727148,-1.3831636905670166,0.9979940091511154,0.05521576479077339,-1.3831636905670166,0.764645580221747,-0.5756494998931885,-1.3831636905670166,0.5185772436605952,-0.8993209600448608
Hopx,1.023701548576355,1.1237013339996338,-0.219264417886734,0.029464708789958237,-2.67244291305542,-0.219264417886734,0.0006876469250546599,-3.9499707221984863,-0.219264417886734,2.914926329844815e-06,-5.0941901206970215
Spink2,0.004151355009526014,0.009336190298199654,-1.1729955673217773,0.882327044505594,-0.6593830585479736,-1.1729955673217773,0.1892950392141228,-1.8640007972717285,-1.1729955673217773,0.014588272283167444,-2.857940912246704
Rest,0.2509457767009735,0.31176161766052246,-0.35899117588996887,0.0007738852152455221,-3.8675079345703125,-0.35899117588996887,0.004298140240765009,-3.4261388778686523,-0.35899117588996887,1.3356631009684236e-05,-4.771755695343018
Noa1,0.14356371760368347,0.20188122987747192,-0.5350931286811829,1.9534430226272387e-06,-5.260904312133789,-0.5350931286811829,0.0001300211750091964,-4.393677711486816,-0.5350931286811829,1.2417227308377698e-08,-6.1072258949279785
Polr2b,0.3891650140285492,0.4457501173019409,-0.2395024299621582,0.035375490008061866,-2.59718918800354,-0.2395024299621582,0.011307800861817738,-3.1024296283721924,-0.2395024299621582,0.00014499654494255112,-4.215749740600586
Igfbp7,0.005620625335723162,0.00373101350851357,0.5925269722938538,0.9984208920935209,0.020305151119828224,0.5925269722938538,0.5861428619670503,0.8783811926841736,0.5925269722938538,0.4368635251145105,1.0828602313995361
Cenpc1,0.39359888434410095,0.26493486762046814,0.6689836382865906,7.360243258294712e-07,5.452378273010254,0.6689836382865906,5.33006676576654e-12,7.492981433868408,0.6689836382865906,2.0052199142929959e-19,9.487580299377441
Stap1,0.3916979134082794,0.31671586632728577,0.3638265132904053,0.010690718977583603,3.0542333126068115,0.3638265132904053,0.0014707320449795303,3.7455191612243652,0.3638265132904053,3.454570630808533e-06,5.058467388153076
Uba6,0.21861740946769714,0.22677777707576752,-0.05897577852010727,0.2643591207830366,-1.6076692342758179,-0.05897577852010727,0.7949097841711102,-0.522613525390625,-0.05897577852010727,0.6326719009110424,-0.7091653347015381
Tmprss11d,0.0,0.0,0.0,0.9979940091511154,0.11319231241941452,0.0,1.0,0.0,0.0,1.0,0.0
Ythdc1,0.7638643980026245,0.8318033814430237,-0.17838191986083984,0.09831668515401193,-2.145399570465088,-0.17838191986083984,0.01635625566852677,-2.9690303802490234,-0.17838191986083984,0.00039090060000652164,-3.96167254447937
Jchain,0.009491653181612492,0.02969767339527607,-1.6602416038513184,0.7740937436911615,-0.7946617007255554,-1.6602416038513184,0.5196272646011879,-1.080480694770813,-1.6602416038513184,0.1364567358905018,-1.8755810260772705
Utp3,0.7499604821205139,0.766944944858551,-0.04609408229589462,0.9979940091511154,-0.43736228346824646,-0.04609408229589462,0.6182694354054736,-0.8239375352859497,-0.04609408229589462,0.4376736146142584,-1.0810363292694092
Rufy3,0.03934260830283165,0.026268020272254944,0.5922681093215942,0.9979940091511154,-0.07837075740098953,0.5922681093215942,0.17748328196050753,1.9010766744613647,0.5922681093215942,0.03938044971043823,2.4643237590789795
Grsf1,0.14080306887626648,0.19308577477931976,-0.4943258464336395,1.84346019750133e-06,-5.273105144500732,-0.4943258464336395,0.0004655977165052035,-4.06194543838501,-0.4943258464336395,2.6777498143357603e-07,-5.556553840637207
Mob1b,0.19923779368400574,0.17684370279312134,0.1886764019727707,0.940526618967666,-0.5831497311592102,0.1886764019727707,0.2489591305928172,1.693415641784668,0.1886764019727707,0.07422041639260799,2.18296480178833
Dck,0.39616477489471436,0.4561072587966919,-0.24957352876663208,0.007028488843768728,-3.1959240436553955,-0.24957352876663208,0.024330696886194405,-2.8224258422851562,-0.24957352876663208,0.0006311240733796029,-3.835594654083252
Slc4a4,0.0002969934430439025,0.0,18.18029022216797,0.9979940091511154,0.14071114361286163,18.18029022216797,0.5196272646011879,1.0,18.18029022216797,0.46147875269036936,1.0
Adamts3,0.0,0.0,0.0,0.9979940091511154,0.11319231241941452,0.0,1.0,0.0,0.0,1.0,0.0
Cox18,0.2281699776649475,0.25717273354530334,-0.19439518451690674,0.026708098613454412,-2.710737705230713,-0.19439518451690674,0.16060520365702832,-1.9597128629684448,-0.19439518451690674,0.026480141653793324,-2.6305205821990967
Ankrd17,0.5908291339874268,0.6118194460868835,-0.06701476871967316,0.9979940091511154,-0.44947412610054016,-0.06701476871967316,0.5451855450508521,-0.9536987543106079,-0.06701476871967316,0.3272910873138988,-1.29757559299469
Afp,0.005241647362709045,0.007628470193594694,-0.5430968999862671,0.9070030643981419,-0.6266098618507385,-0.5430968999862671,0.556816010720063,-0.9323270320892334,-0.5430968999862671,0.3464837366748783,-1.257308840751648
Albfm1,0.0014575575478374958,0.0022839282173663378,-0.6485604643821716,0.9984208920935209,-0.004987230058759451,-0.6485604643821716,0.7754671341551808,-0.5564901232719421,-0.6485604643821716,0.5634906019707063,-0.8237568140029907
Rassf6,0.0,0.0011964092263951898,-20.191143035888672,0.9979940091511154,-0.05797655135393143,-20.191143035888672,0.36167647049845647,-1.4165042638778687,-20.191143035888672,0.03726207145007799,-2.4927151203155518
Ppbp,0.00031346603645943105,0.0005554113886319101,-0.825420081615448,0.9979940091511154,0.05521576479077339,-0.825420081615448,0.8780976983994802,-0.37936505675315857,-0.825420081615448,0.7389033624394985,-0.5439035892486572
Pf4,0.00323481485247612,0.0012102253967896104,1.4198676347732544,0.9979940091511154,0.16359896957874298,1.4198676347732544,0.36678588349187363,1.3902721405029297,1.4198676347732544,0.21334052517577423,1.5875718593597412
Cxcl3,0.0,0.0,0.0,0.9979940091511154,0.11319231241941452,0.0,1.0,0.0,0.0,1.0,0.0
Cxcl2,0.001533852657303214,0.016553308814764023,-3.442737340927124,0.9979940091511154,-0.40271884202957153,-3.442737340927124,0.36237076326736384,-1.4061640501022339,-3.442737340927124,0.04063530219261833,-2.4524216651916504
Mthfd2l,0.02328100986778736,0.02763076312839985,-0.25027287006378174,0.473733207839183,-1.2136781215667725,-0.25027287006378174,0.6636280704774787,-0.7473084330558777,-0.25027287006378174,0.4475627072185752,-1.0635560750961304
Areg,0.009286745451390743,0.008299714885652065,0.1628240942955017,0.9979940091511154,-0.23644815385341644,0.1628240942955017,0.9469398103606818,0.25614532828330994,0.1628240942955017,0.8779948900682429,0.3283836245536804
Parm1,0.0,0.001095006475225091,-20.06329917907715,0.9979940091511154,-0.05797655135393143,-20.06329917907715,0.3625869528824704,-1.405442476272583,-20.06329917907715,0.03878165157628545,-2.4732489585876465
Rchy1,0.5622423887252808,0.5614164471626282,0.0027722984086722136,0.9070030643981419,0.6263426542282104,0.0027722984086722136,1.0,0.042429085820913315,0.0027722984086722136,1.0,0.05697169154882431
Odaph,0.0,0.0,0.0,0.9979940091511154,0.11319231241941452,0.0,1.0,0.0,0.0,1.0,0.0
Cdkl2,0.010958942584693432,0.01820298098027706,-0.7373043894767761,0.4625961040450497,-1.2308661937713623,-0.7373043894767761,0.22765502223219886,-1.7549731731414795,-0.7373043894767761,0.03618121302589926,-2.5039823055267334
G3bp2,0.7849257588386536,0.9329240322113037,-0.37105855345726013,4.2276829465042645e-08,-5.975592136383057,-0.37105855345726013,1.318211924704459e-09,-6.65398645401001,-0.37105855345726013,2.260018310657781e-17,-8.92227840423584
Uso1,0.21915626525878906,0.28939470648765564,-0.4538896977901459,4.538333492239629e-06,-5.092674732208252,-0.4538896977901459,0.00026634446120529,-4.208580017089844,-0.4538896977901459,6.344150697885295e-08,-5.820786476135254
Ppef2,0.0021189304534345865,0.001668600714765489,0.34502217173576355,0.9979940091511154,0.10767073929309845,0.34502217173576355,0.9221124763357342,0.29936540126800537,0.34502217173576355,0.8309567116933361,0.4013395309448242
Naaa,0.0336204394698143,0.047328684478998184,-0.5033313632011414,0.20663968046570483,-1.754970669746399,-0.5033313632011414,0.2863846409674183,-1.5964152812957764,-0.5033313632011414,0.04609275888308188,-2.3965656757354736
Sdad1,0.12243823707103729,0.2123851180076599,-0.8613209128379822,4.1649805080031124e-11,-7.0840044021606445,-0.8613209128379822,2.8540574264894106e-09,-6.555900573730469,-0.8613209128379822,2.334709275288814e-19,-9.45074462890625
Cxcl9,0.002430716762319207,0.0,21.214704513549805,0.9979940091511154,0.22326761484146118,21.214704513549805,0.19127467552439567,1.8552442789077759,21.214704513549805,0.1417954837985653,1.8552442789077759
Art3,0.00478394003584981,0.0036841046530753374,0.3776789605617523,0.9979940091511154,-0.06385435909032822,0.3776789605617523,0.7925028760273384,0.5268510580062866,0.3776789605617523,0.663827974796607,0.6598362922668457
Cxcl10,0.21546871960163116,0.16008390486240387,0.46985164284706116,0.8678421546586,-0.6759477853775024,0.46985164284706116,0.036363707653621485,2.663843870162964,0.46985164284706116,0.003032519764001177,3.3860206604003906
Nup54,0.23560167849063873,0.3126170039176941,-0.46613603830337524,6.1206977394268394e-06,-5.029176235198975,-0.46613603830337524,4.2761431805303854e-05,-4.664445877075195,-0.46613603830337524,1.2170173917577846e-09,-6.491423606872559
Scarb2,0.1497032195329666,0.15945805609226227,-0.0982895940542221,0.12118770335566896,-2.0421817302703857,-0.0982895940542221,0.6782419900284157,-0.7231044173240662,-0.0982895940542221,0.46147875269036936,-1.0015968084335327
Stbd1,0.0013771966332569718,0.002724976744502783,-0.9854815602302551,0.9979940091511154,-0.11764519661664963,-0.9854815602302551,0.5867183342646495,-0.8778524994850159,-0.9854815602302551,0.33203980342353306,-1.2872810363769531
Shroom3,0.0,0.0,0.0,0.9979940091511154,0.11319231241941452,0.0,1.0,0.0,0.0,1.0,0.0
Sept11,1.0828934907913208,1.1104991436004639,-0.05979917198419571,0.7344573717879578,-0.845246434211731,-0.05979917198419571,0.5196272646011879,-1.087380051612854,-0.05979917198419571,0.2522169892347333,-1.4818682670593262
Ccni,0.5365870594978333,0.44645848870277405,0.33560478687286377,0.00040989232967614855,4.040190696716309,0.33560478687286377,2.7461299360525908e-05,4.7513041496276855,0.33560478687286377,1.0119725571209487e-08,6.145954608917236
2010109A12Rik,0.02447785623371601,0.0338485948741436,-0.4744112491607666,0.263916376199837,-1.608826994895935,-0.4744112491607666,0.38186895412528193,-1.3575795888900757,-0.4744112491607666,0.11281733371621477,-1.9737547636032104
Ccng2,0.4035567045211792,0.22518600523471832,0.9770509600639343,2.4231402538625302e-12,7.4848527908325195,0.9770509600639343,8.11888480002007e-22,10.332686424255371,0.9770509600639343,2.4286254354880647e-34,12.86471939086914
Cxcl13,0.0,0.0,0.0,0.9979940091511154,0.11319231241941452,0.0,1.0,0.0,0.0,1.0,0.0
Cnot6l,0.8476145267486572,0.8007670640945435,0.12040933221578598,0.01680886488656345,2.8898327350616455,0.12040933221578598,0.1329831721642869,2.063998222351074,0.12040933221578598,0.018370822852266717,2.7717936038970947
Mrpl1,0.25207579135894775,0.362723708152771,-0.6089117527008057,4.0271217841303377e-10,-6.744338512420654,-0.6089117527008057,1.9659334689442372e-10,-6.971567630767822,-0.6089117527008057,2.7238500005380046e-19,-9.437630653381348
Anxa3,0.000353372743120417,0.0031984904780983925,-3.180177688598633,0.9979940091511154,-0.11595310270786285,-3.180177688598633,0.3449183593644966,-1.4620189666748047,-3.180177688598633,0.037445917028153704,-2.4882309436798096
Bmp2k,0.12479753792285919,0.12340020388364792,0.017273560166358948,0.15908177438932183,-1.9001346826553345,0.017273560166358948,1.0,0.11547759175300598,0.017273560166358948,0.9835557712586391,0.15545716881752014
Paqr3,0.022882048040628433,0.034468553960323334,-0.5994623899459839,0.6087988785456246,-1.0125858783721924,-0.5994623899459839,0.4101576589145758,-1.2976609468460083,-0.5994623899459839,0.10199913850926928,-2.0274899005889893
Antxr2,0.03314180672168732,0.034848760813474655,-0.07369326800107956,0.45533874873882324,-1.2427109479904175,-0.07369326800107956,0.9581194108691403,-0.23359070718288422,-0.07369326800107956,0.8781809501846041,-0.32808858156204224
Prdm8,0.0,0.0,0.0,0.9979940091511154,0.11319231241941452,0.0,1.0,0.0,0.0,1.0,0.0
Rasgef1b,0.0042744907550513744,0.007792458403855562,-0.8688658475875854,0.9941562779481741,-0.5165345668792725,-0.8688658475875854,0.4254814094957388,-1.2664716243743896,-0.8688658475875854,0.14865925253057444,-1.8288031816482544
Vamp9,0.0,0.0006043328321538866,-19.205421447753906,0.9979940091511154,0.027607882395386696,-19.205421447753906,0.5196272646011879,-1.0,-19.205421447753906,0.16021537352752957,-1.759765386581421
Hnrnpd,1.5324910879135132,1.6126389503479004,-0.14592184126377106,0.00044767216927892766,-4.015878200531006,-0.14592184126377106,0.00975915676847425,-3.1551356315612793,-0.14592184126377106,5.1385921523979754e-05,-4.465376377105713
Hnrnpdl,1.0237486362457275,1.0886045694351196,-0.1434880793094635,0.08007931274941989,-2.243095874786377,-0.1434880793094635,0.02626801430927377,-2.7929646968841553,-0.1434880793094635,0.0007783975186625202,-3.7784266471862793
Enoph1,0.07185576111078262,0.09626730531454086,-0.4397980570793152,0.00036238463570494733,-4.072964191436768,-0.4397980570793152,0.042412817164062366,-2.6024041175842285,-0.4397980570793152,0.001795031380602938,-3.543375253677368
Tmem150c,0.0,0.0004933285526931286,-18.912548065185547,0.9979940091511154,0.027607882395386696,-18.912548065185547,0.5196272646011879,-1.0,-18.912548065185547,0.16021537352752957,-1.759765386581421
Sec31a,0.30978745222091675,0.43229004740715027,-0.5745397210121155,1.8200229848160797e-09,-6.505129337310791,-0.5745397210121155,1.0795436258120894e-10,-7.067991256713867,-0.5745397210121155,6.382400138918283e-20,-9.59948444366455
Lin54,0.29221275448799133,0.24022731184959412,0.3217802047729492,0.35695168317911047,1.4160171747207642,0.3217802047729492,0.009258084970364932,3.168994426727295,0.3217802047729492,0.00021103012181123427,4.122263431549072
Cops4,0.5004057288169861,0.5697436928749084,-0.24167057871818542,0.00948750730728439,-3.0955560207366943,-0.24167057871818542,0.002948118532540758,-3.5427448749542236,-0.24167057871818542,1.05833379545172e-05,-4.823441028594971
Plac8,2.047977924346924,2.2396459579467773,-0.31331244111061096,1.8670596185800246e-06,-5.270077228546143,-0.31331244111061096,1.9878082494268815e-07,-5.766967296600342,-0.31331244111061096,5.679474546274129e-13,-7.6326727867126465
Coq2,0.14711570739746094,0.17359772324562073,-0.2584097683429718,0.0031728715642813923,-3.453300714492798,-0.2584097683429718,0.13865468576578333,-2.0429840087890625,-0.2584097683429718,0.018783376752937734,-2.763021469116211
Hpse,0.009450874291360378,0.016632145270705223,-0.8206458687782288,0.8405481289681117,-0.7110365629196167,-0.8206458687782288,0.3798568435479234,-1.3616570234298706,-0.8206458687782288,0.09046701693038448,-2.0876617431640625
Helq,0.07124568521976471,0.09038902819156647,-0.3573399782180786,0.004963752091795121,-3.311609983444214,-0.3573399782180786,0.1283683405794416,-2.081354856491089,-0.3573399782180786,0.015019549296356243,-2.846569061279297
Mrps18c,0.7959012389183044,0.807904839515686,-0.031399697065353394,0.9979940091511154,-0.31294870376586914,-0.031399697065353394,0.7580743403162914,-0.5865498781204224,-0.031399697065353394,0.5873498196646691,-0.7840453386306763
Abraxas1,0.08215568214654922,0.07007070630788803,0.23837684094905853,0.35873377417016533,-1.4119205474853516,0.23837684094905853,0.36372590930974974,1.3993043899536133,0.23837684094905853,0.16021537352752957,1.7787821292877197
Gpat3,0.0014987386530265212,0.0013076945906504989,0.1968609094619751,0.9979940091511154,0.05281120538711548,0.1968609094619751,0.9963871348943332,0.15953686833381653,0.1968609094619751,0.9522260874081497,0.2073451727628708
Cds1,0.0,0.0020536610390990973,-20.971248626708984,0.9979940091511154,-0.05797655135393143,-20.971248626708984,0.40163284521806997,-1.3158279657363892,-20.971248626708984,0.05564653640377399,-2.3155484199523926
Wdfy3,0.0006067735375836492,0.003578690579161048,-2.5623443126678467,0.9979940091511154,0.05503764748573303,-2.5623443126678467,0.6221625993873757,-0.8187627196311951,-2.5623443126678467,0.2832694477970542,-1.4003876447677612
Arhgap24,0.0006938677397556603,0.0006188570987433195,0.16510821878910065,0.9979940091511154,0.05521576479077339,0.16510821878910065,1.0,0.08067820966243744,0.16510821878910065,1.0,0.09642741084098816
Ptpn13,0.10583469271659851,0.1003510132431984,0.08078096807003021,0.26714276394005504,-1.601257085800171,0.08078096807003021,0.7855802445429665,0.5383592247962952,0.08078096807003021,0.6329996208980773,0.7085687518119812
Aff1,0.10786677151918411,0.0775972455739975,0.49734532833099365,0.6860835927351134,0.9096351861953735,0.49734532833099365,0.02750456554203362,2.7751519680023193,0.49734532833099365,0.0009485368405991702,3.7237377166748047
Klhl8,0.0018922395538538694,0.00428959634155035,-1.1824768781661987,0.9979940091511154,-0.34518757462501526,-1.1824768781661987,0.40401596293250225,-1.3095824718475342,-1.1824768781661987,0.12909887994002472,-1.904381513595581
Hsd17b11,0.012034439481794834,0.03219720348715782,-1.4343643188476562,0.08874282091994828,-2.194648504257202,-1.4343643188476562,0.008147718491341084,-3.2220726013183594,-1.4343643188476562,4.041874308124426e-06,-5.028079509735107
Nudt9,0.19490312039852142,0.23197124898433685,-0.27887845039367676,0.0014480970952010313,-3.6903722286224365,-0.27887845039367676,0.04529577634385053,-2.5758726596832275,-0.27887845039367676,0.002215165003109313,-3.480710983276367
Spp1,0.0019451454281806946,0.00759294955059886,-1.968859314918518,0.9979940091511154,-0.4312172830104828,-1.968859314918518,0.3047847578425694,-1.553891658782959,-1.968859314918518,0.03075357434569293,-2.5717267990112305
Pkd2,0.0006739309174008667,0.0,19.362730026245117,0.9979940091511154,0.14071114361286163,19.362730026245117,0.5196272646011879,1.0,19.362730026245117,0.46147875269036936,1.0
Thoc2l,0.08493158221244812,0.11442488431930542,-0.45165643095970154,0.00047594990651194394,-3.999936819076538,-0.45165643095970154,0.06134591331334465,-2.44443678855896,-0.45165643095970154,0.0028613667831858492,-3.4031424522399902
Zfp951,0.009448221884667873,0.011517353355884552,-0.2871896028518677,0.7577840718351132,-0.8157683610916138,-0.2871896028518677,0.7551181712705316,-0.5916087627410889,-0.2871896028518677,0.6033215717180519,-0.7567605972290039
Abcg3,0.01867433823645115,0.029108546674251556,-0.6479423642158508,0.2145698115617304,-1.7327063083648682,-0.6479423642158508,0.23842068160312155,-1.7251461744308472,-0.6479423642158508,0.033961338489165584,-2.530402898788452
Gbp8,0.0881291925907135,0.08874921500682831,-0.010568168014287949,0.630815643727283,-0.9824843406677246,-0.010568168014287949,1.0,-0.047987647354602814,-0.010568168014287949,1.0,-0.06861190497875214
Gbp9,0.11758849024772644,0.09995757788419724,0.24730759859085083,0.7620466064186382,-0.8106920719146729,0.24730759859085083,0.4016497003633671,1.3142107725143433,0.24730759859085083,0.16021537352752957,1.7735038995742798
Gbp4,0.345846027135849,0.3031546175479889,0.22253406047821045,0.8019926974628829,0.7590386271476746,0.22253406047821045,0.1378542043796162,2.0455570220947266,0.22253406047821045,0.020756122467182427,2.7257068157196045
Gbp10,0.0032757341396063566,0.0014423620887100697,1.1847074031829834,0.9979940091511154,0.1359020173549652,1.1847074031829834,0.5164214308249689,1.0953274965286255,1.1847074031829834,0.34126157410122526,1.2678734064102173
Gbp6,0.06240256130695343,0.029568742960691452,1.1013985872268677,0.9979940091511154,0.443685382604599,1.1013985872268677,0.00021573725061419034,4.248403549194336,1.1013985872268677,4.413635505159538e-06,5.014746189117432
Lrrc8b,0.037910234183073044,0.03682428225874901,0.04271803796291351,0.25449961797040827,-1.631447672843933,0.04271803796291351,0.9926118939487479,0.16775216162204742,0.04271803796291351,0.9473302316366806,0.21498647332191467
Lrrc8c,0.5956780314445496,0.5657145380973816,0.09815271198749542,0.27945119520234657,1.5735602378845215,0.09815271198749542,0.33408496364887963,1.4847508668899536,0.09815271198749542,0.11263167566108465,1.9746719598770142
Lrrc8d,0.06754031777381897,0.07966773957014084,-0.2471018135547638,0.02276865589352624,-2.774502992630005,-0.2471018135547638,0.37517214497001633,-1.371232032775879,-0.2471018135547638,0.1455547048572371,-1.840470314025879
Zfp326,0.20465104281902313,0.25816914439201355,-0.3752433657646179,0.00019380872156762578,-4.2358503341674805,-0.3752433657646179,0.005038134188202569,-3.3731956481933594,-0.3752433657646179,2.3168821635082497e-05,-4.648045539855957
Zfp644,0.44123581051826477,0.4442216455936432,-0.012041958048939705,0.9979940091511154,-0.2631654441356659,-0.012041958048939705,1.0,-0.1521059274673462,-0.012041958048939705,0.9533410049558891,-0.20508092641830444
Cdc7,0.21876470744609833,0.18496794998645782,0.2673035264015198,0.9979940091511154,-0.3031523525714874,0.2673035264015198,0.05874081509100405,2.461503267288208,0.2673035264015198,0.007440557082996212,3.0957179069519043
Tgfbr3,0.006701664533466101,0.013989335857331753,-1.0670020580291748,0.49453885312186296,-1.1831313371658325,-1.0670020580291748,0.10334870547066403,-2.196674108505249,-1.0670020580291748,0.004967338053587224,-3.227558135986328
Brdt,0.002636335324496031,0.0023710373789072037,0.15320676565170288,0.9979940091511154,-0.034020036458969116,0.15320676565170288,0.992140754208172,0.16895389556884766,0.15320676565170288,0.9469626059888211,0.21602869033813477
Ephx4,0.00043162351357750595,0.0006414229865185916,-0.5716528296470642,0.9979940091511154,0.05521576479077339,-0.5716528296470642,0.9384112231079437,-0.2713654935359955,-0.5716528296470642,0.8499854778050365,-0.37136757373809814
Btbd8,0.025644976645708084,0.01951642520725727,0.3984249532222748,0.9723185999251115,-0.5424503684043884,0.3984249532222748,0.42656641073011387,1.263327717781067,0.3984249532222748,0.21731102754109574,1.5762840509414673
Gm42669,0.0008898372179828584,0.0005865362472832203,0.6015391945838928,0.9979940091511154,0.08282364159822464,0.6015391945838928,0.8953156413622017,0.34901905059814453,0.6015391945838928,0.8192168254842768,0.4196978807449341
1700028K03Rik,0.0004186940786894411,0.0014959268737584352,-1.837846040725708,0.9979940091511154,0.05503764748573303,-1.837846040725708,0.6957658217261417,-0.6934605240821838,-1.837846040725708,0.40757348407691635,-1.1368132829666138
Glmn,0.19033975899219513,0.17533156275749207,0.12964710593223572,0.5717022868640316,-1.0652189254760742,0.12964710593223572,0.5196272646011879,1.0888044834136963,0.12964710593223572,0.2795042275398297,1.414544701576233
Rpap2,0.10213974118232727,0.1072496846318245,-0.07417938113212585,0.06138695572507034,-2.363234758377075,-0.07417938113212585,0.8173440789170432,-0.48563435673713684,-0.07417938113212585,0.6719212764072742,-0.646660327911377
Gfi1,0.10072919726371765,0.07276537269353867,0.48962119221687317,0.9979940091511154,-0.329068124294281,0.48962119221687317,0.022005562737139574,2.8578147888183594,0.48962119221687317,0.0014997877184607493,3.596552848815918
Evi5,0.002423894591629505,0.002198365516960621,0.14105848968029022,0.9979940091511154,-0.061895087361335754,0.14105848968029022,1.0,0.14579182863235474,0.14105848968029022,0.9684196591302717,0.17998957633972168
Rpl5,2.7605834007263184,2.9214844703674316,-0.24653738737106323,8.345966763484174e-18,-9.05476188659668,-0.24653738737106323,4.401544272360014e-22,-10.536003112792969,-0.24653738737106323,2.420558114963566e-42,-14.329484939575195
Dipk1a,0.30791333317756653,0.30198201537132263,0.03255731984972954,0.9979940091511154,-0.4929342567920685,0.03255731984972954,0.8875310617365383,0.3629000782966614,0.03255731984972954,0.7814067291379881,0.47870054841041565
Mtf2,0.34937992691993713,0.3531639873981476,-0.018430674448609352,0.8961794779515528,-0.6420168280601501,-0.018430674448609352,0.9655108975877829,-0.21982884407043457,-0.018430674448609352,0.9000874332650982,-0.2916414439678192
Tmed5,0.9041407108306885,0.9137186408042908,-0.023144159466028214,0.9979940091511154,-0.23404358327388763,-0.023144159466028214,0.8397587374912717,-0.4470176696777344,-0.023144159466028214,0.7065674485485689,-0.5938683748245239
Ccdc18,0.1834329217672348,0.11033070832490921,0.7874405980110168,0.20191256915684075,1.768329381942749,0.7874405980110168,2.4520704100862086e-07,5.709953784942627,0.7874405980110168,4.357724505279038e-11,7.01974630355835
Dr1,0.31369107961654663,0.3257123529911041,-0.06338680535554886,0.6265668968308392,-0.9882730841636658,-0.06338680535554886,0.6767312690446694,-0.7257134914398193,-0.06338680535554886,0.4752361031761332,-0.9754776358604431
Pigg,0.014673490077257156,0.011054043658077717,0.4112541079521179,0.9979940091511154,-0.33165082335472107,0.4112541079521179,0.5487367334485118,0.9465537667274475,0.4112541079521179,0.39436000686082173,1.161582112312317
Pde6b,0.0,0.0,0.0,0.9979940091511154,0.11319231241941452,0.0,1.0,0.0,0.0,1.0,0.0
Atp5k,1.179438829421997,1.2811647653579712,-0.20741455256938934,0.0003698825881814238,-4.067531585693359,-0.20741455256938934,9.37195096934205e-06,-4.992006778717041,-0.20741455256938934,6.161202654161522e-10,-6.603034019470215
Mfsd7a,0.0,0.0,0.0,0.9979940091511154,0.11319231241941452,0.0,1.0,0.0,0.0,1.0,0.0
Pcgf3,0.064027801156044,0.05178673565387726,0.31503134965896606,0.6241873941118468,-0.9921916127204895,0.31503134965896606,0.28482828570147994,1.598586082458496,0.31503134965896606,0.10229573942919086,2.0258851051330566
Gak,0.29415032267570496,0.346180260181427,-0.2745007872581482,0.002967604809849839,-3.4740512371063232,-0.2745007872581482,0.009735111576981807,-3.1533191204071045,-0.2745007872581482,0.00014129687390956712,-4.222387790679932
Tmem175,0.08501160889863968,0.10271134972572327,-0.2858313024044037,0.011392705565860731,-3.0318796634674072,-0.2858313024044037,0.23918923018113208,-1.7213584184646606,-0.2858313024044037,0.046896661954707694,-2.389237880706787
Dgkq,0.021764934062957764,0.02140907756984234,0.024040650576353073,0.634396642774264,-0.9774971008300781,0.024040650576353073,1.0,0.07432560622692108,0.024040650576353073,1.0,0.09666022658348083
Idua,0.0070351492613554,0.012247166596353054,-0.803560733795166,0.7079489147672445,-0.880958616733551,-0.803560733795166,0.38848817239556316,-1.3441050052642822,-0.803560733795166,0.11577684816871704,-1.9606389999389648
Fgfrl1,0.0005176871782168746,0.0,18.982097625732422,0.9979940091511154,0.14071114361286163,18.982097625732422,0.5196272646011879,1.0,18.982097625732422,0.46147875269036936,1.0
Rnf212,0.0,0.0004883449873887002,-18.89789581298828,0.9979940091511154,0.027607882395386696,-18.89789581298828,0.5196272646011879,-1.0,-18.89789581298828,0.16021537352752957,-1.759765386581421
Vmn2r10,0.0,0.0,0.0,0.9979940091511154,0.11319231241941452,0.0,1.0,0.0,0.0,1.0,0.0
Crlf2,0.5182009339332581,0.36168187856674194,0.6399458646774292,4.198509490395497e-08,5.976928234100342,0.6399458646774292,3.851854248555887e-13,7.8751606941223145,0.6399458646774292,2.06719386515059e-21,9.994200706481934
5430403G16Rik,0.020218562334775925,0.01361083798110485,0.5757044553756714,0.9979940091511154,-0.22495970129966736,0.5757044553756714,0.29576658901036995,1.5736128091812134,0.5757044553756714,0.12082787532277854,1.9388401508331299
4930522L14Rik,0.11877609044313431,0.10739530622959137,0.15367761254310608,0.14940467850129227,-1.934867262840271,0.15367761254310608,0.5196272646011879,1.087723970413208,0.15367761254310608,0.28867255122473656,1.3842673301696777
Gm15446,0.0332309827208519,0.03418616205453873,-0.04157651215791702,0.261129418620086,-1.6160407066345215,-0.04157651215791702,0.992794682851414,-0.16745081543922424,-0.04157651215791702,0.9454395202968521,-0.21932722628116608
Zfp932,0.05481402575969696,0.06353259831666946,-0.2193031758069992,0.019255889774164987,-2.8388917446136475,-0.2193031758069992,0.5196272646011879,-1.0879156589508057,-0.2193031758069992,0.26651709945281654,-1.446747899055481
Gm17655,0.03110094927251339,0.022907376289367676,0.4470835328102112,0.9979940091511154,-0.16564728319644928,0.4470835328102112,0.331177579997484,1.491733431816101,0.4470835328102112,0.12883341509720353,1.90573251247406
Gm35315,0.002760246628895402,0.008783898316323757,-1.6744130849838257,0.7701108882963162,-0.8002723455429077,-1.6744130849838257,0.1092539947282222,-2.169801950454712,-1.6744130849838257,0.003969662998731206,-3.300999879837036
Plcxd1,0.0002360379003221169,0.0,17.848834991455078,0.9979940091511154,0.14071114361286163,17.848834991455078,0.5196272646011879,1.0,17.848834991455078,0.46147875269036936,1.0
Gtpbp6,0.0655013844370842,0.09990839660167694,-0.6342419385910034,0.0017056076878101834,-3.6421029567718506,-0.6342419385910034,0.019154952126515884,-2.9158546924591064,-0.6342419385910034,7.280959727826087e-05,-4.382613182067871
Zfp605,0.01586979813873768,0.024247800931334496,-0.6176338195800781,0.30066324672826367,-1.528229832649231,-0.6176338195800781,0.21239253555117624,-1.7967758178710938,-0.6176338195800781,0.03481500607635273,-2.5202767848968506
Chfr,0.4030837416648865,0.3780949115753174,0.11152715235948563,0.4306391775073337,1.2838555574417114,0.11152715235948563,0.35121576183645853,1.4450005292892456,0.11152715235948563,0.1286508314510458,1.9063392877578735
Golga3,0.1713796705007553,0.20022156834602356,-0.2458503395318985,0.013504421580410457,-2.9692721366882324,-0.2458503395318985,0.17354371751180436,-1.9156241416931152,-0.2458503395318985,0.023584208903725184,-2.676382541656494
Ankle2,0.1274804025888443,0.16924327611923218,-0.4396931231021881,4.017232816274173e-05,-4.614434719085693,-0.4396931231021881,0.005478060290602429,-3.346604585647583,-0.4396931231021881,2.5713295153044386e-05,-4.624447822570801
Pgam5,0.12176420539617538,0.15318290889263153,-0.3543482720851898,0.0005216606746415661,-3.9750006198883057,-0.3543482720851898,0.04555342038615624,-2.5741281509399414,-0.3543482720851898,0.0017081516144697296,-3.557957649230957
Pxmp2,0.08750441670417786,0.09281238168478012,-0.08884776383638382,0.042279762160516134,-2.523716688156128,-0.08884776383638382,0.7854505020239662,-0.5385878086090088,-0.08884776383638382,0.6286048081623157,-0.7152635455131531
Pole,0.21977177262306213,0.22991244494915009,-0.07266721874475479,0.06498995064350516,-2.338209390640259,-0.07266721874475479,0.6920859043763424,-0.6992037296295166,-0.07266721874475479,0.5110854712908404,-0.9124380946159363
Fbrsl1,0.12699125707149506,0.14247047901153564,-0.17735028266906738,0.022627275913354512,-2.777174711227417,-0.17735028266906738,0.48057174239253986,-1.1626214981079102,-0.17735028266906738,0.20176620603336987,-1.6212486028671265
Galnt9,0.00034990956191904843,0.0,18.416879653930664,0.9979940091511154,0.14071114361286163,18.416879653930664,0.5196272646011879,1.0,18.416879653930664,0.46147875269036936,1.0
Noc4l,0.15385453402996063,0.19518321752548218,-0.3739413022994995,0.00022172188941314705,-4.2020978927612305,-0.3739413022994995,0.009325890675771666,-3.168872356414795,-0.3739413022994995,8.93126961917337e-05,-4.333834648132324
Ddx51,0.02613775059580803,0.06091812998056412,-1.2460074424743652,7.581661303422581e-05,-4.464818000793457,-1.2460074424743652,0.0002717080136957085,-4.216790676116943,-1.2460074424743652,1.1002468952342246e-09,-6.511229515075684
Ep400,0.5577949285507202,0.5342437028884888,0.0807642862200737,0.46209312218174237,1.2317568063735962,0.0807642862200737,0.4602514823377333,1.1998305320739746,0.0807642862200737,0.2170015131437031,1.5770072937011719
Pus1,0.15798057615756989,0.2518632411956787,-0.7429270148277283,9.402747584011354e-10,-6.611553192138672,-0.7429270148277283,1.2275345111400711e-08,-6.296113967895508,-0.7429270148277283,1.604742360047882e-17,-8.957476615905762
Ulk1,0.06245666369795799,0.0636850968003273,-0.028995579108595848,0.11110852002689013,-2.0846621990203857,-0.028995579108595848,1.0,-0.14541691541671753,-0.028995579108595848,0.9600607221101443,-0.19403520226478577
Hscb,0.31000983715057373,0.2902531325817108,0.10996566712856293,0.9543172695898545,0.5659615993499756,0.10996566712856293,0.45365598408103486,1.2122095823287964,0.10996566712856293,0.2078148411847425,1.6033903360366821
Chek2,0.12482979148626328,0.09698304533958435,0.3846162259578705,0.9979940091511154,-0.4374513328075409,0.3846162259578705,0.030507978162925338,2.7330868244171143,0.3846162259578705,0.0026333046392567508,3.429476261138916
Ttc28,0.020380640402436256,0.012072335928678513,0.761504054069519,0.9979940091511154,0.07783641666173935,0.761504054069519,0.2728555670039936,1.627695083618164,0.761504054069519,0.10208324995820647,2.0271573066711426
Pitpnb,0.31118422746658325,0.35925617814064026,-0.24385450780391693,0.02779982118637329,-2.695241689682007,-0.24385450780391693,0.024863038972279428,-2.8147943019866943,-0.24385450780391693,0.0006125334404486405,-3.843860387802124
Mn1,0.0,0.0,0.0,0.9979940091511154,0.11319231241941452,0.0,1.0,0.0,0.0,1.0,0.0
Cryba4,0.009803391061723232,0.008305021561682224,0.24037934839725494,0.9979940091511154,-0.17677949368953705,0.24037934839725494,0.8301633056468556,0.46266016364097595,0.24037934839725494,0.7004503865306024,0.6027129292488098
Crybb1,0.028720831498503685,0.031393975019454956,-0.1303281933069229,0.3729741498536808,-1.385114073753357,-0.1303281933069229,0.8715442528021393,-0.3902188539505005,-0.1303281933069229,0.7587746001459242,-0.5124362111091614
Tpst2,0.9374061822891235,0.9162070751190186,0.05062142387032509,0.4045947281787152,1.3283843994140625,0.05062142387032509,0.5196272646011879,1.0280259847640991,0.05062142387032509,0.2971376602695202,1.3632895946502686
Tfip11,0.1536559760570526,0.18113848567008972,-0.2577667236328125,0.0008118518377578797,-3.8548617362976074,-0.2577667236328125,0.09708704257185985,-2.227590560913086,-0.2577667236328125,0.011162615435083163,-2.9546592235565186
Srrd,0.12203370034694672,0.15075252950191498,-0.3260895311832428,0.0006610161637682832,-3.909454107284546,-0.3260895311832428,0.055425792503521636,-2.488983154296875,-0.3260895311832428,0.0032041265393998124,-3.368812322616577
Hps4,0.04539995267987251,0.04596010968089104,-0.018098577857017517,0.3837803097735056,-1.3650761842727661,-0.018098577857017517,1.0,-0.07490460574626923,-0.018098577857017517,1.0,-0.09980333596467972
Asphd2,0.0,0.0,0.0,0.9979940091511154,0.11319231241941452,0.0,1.0,0.0,0.0,1.0,0.0
Myo18b,0.0,0.0,0.0,0.9979940091511154,0.11319231241941452,0.0,1.0,0.0,0.0,1.0,0.0
Grk3,0.00046393045340664685,0.004774345085024834,-3.3664302825927734,0.9979940091511154,-0.03063584305346012,-3.3664302825927734,0.42573098201964743,-1.266765832901001,-3.3664302825927734,0.07386192608640327,-2.1869964599609375
2900026A02Rik,0.0019193150801584125,0.005288859363645315,-1.4647966623306274,0.9979940091511154,-0.17615608870983124,-1.4647966623306274,0.5005624382629202,-1.124619483947754,-1.4647966623306274,0.15300695064218303,-1.8130403757095337
Wscd2,0.01147602777928114,0.005429969169199467,1.083974838256836,0.9979940091511154,0.10740356147289276,1.083974838256836,0.12436354419420091,2.0970234870910645,1.083974838256836,0.0409463936660729,2.447835922241211
Cmklr1,0.05039201304316521,0.06135373190045357,-0.2919369637966156,0.07493274078235329,-2.274177074432373,-0.2919369637966156,0.4542927731606651,-1.2112396955490112,-0.2919369637966156,0.1763183698868531,-1.701480507850647
Ficd,0.02274441346526146,0.027865523472428322,-0.2966788709163666,0.2320708825671538,-1.6862181425094604,-0.2966788709163666,0.5196272646011879,-1.0410382747650146,-0.2966788709163666,0.2838889136653443,-1.3978227376937866
Sart3,0.23915666341781616,0.262056827545166,-0.14913199841976166,0.0338201670991189,-2.6164257526397705,-0.14913199841976166,0.32439527227559456,-1.5058099031448364,-0.14913199841976166,0.10909486583775162,-1.992283582687378
Iscu,0.3411518633365631,0.4030795097351074,-0.28808584809303284,0.004813062364395748,-3.3209609985351562,-0.28808584809303284,0.0031136374008388177,-3.5248115062713623,-0.28808584809303284,1.6237937777046816e-05,-4.72835636138916
Selplg,1.7580546140670776,1.6482311487197876,0.19375139474868774,2.3826202550030684e-07,5.667809009552002,0.19375139474868774,1.5096949016771914e-06,5.379520416259766,0.19375139474868774,6.4490126353176925e-12,7.290040969848633
Coro1c,0.4058346450328827,0.4103609025478363,-0.019487552344799042,0.9979940091511154,-0.31330493092536926,-0.019487552344799042,0.9501227321497568,-0.25079843401908875,-0.019487552344799042,0.876298862514273,-0.33091869950294495
Ssh1,0.11467418819665909,0.1205921322107315,-0.07694772630929947,0.23358133745045095,-1.6822105646133423,-0.07694772630929947,0.8422628392521185,-0.442423939704895,-0.07694772630929947,0.6881803567329691,-0.6218441724777222
Dao,0.0003941462200600654,0.0,18.588659286499023,0.9979940091511154,0.14071114361286163,18.588659286499023,0.5196272646011879,1.0,18.588659286499023,0.46147875269036936,1.0
Usp30,0.03617725893855095,0.028125280514359474,0.369054913520813,0.9979940091511154,-0.1355457901954651,0.369054913520813,0.4312512993113512,1.2538665533065796,0.369054913520813,0.17728598312504695,1.6981375217437744
Alkbh2,0.028682129457592964,0.05665738508105278,-1.0024352073669434,0.0004929121799011444,-3.990140438079834,-1.0024352073669434,0.002091192875258276,-3.651028633117676,-1.0024352073669434,1.0120634101110247e-06,-5.302067279815674
Ung,0.04193374887108803,0.2033100575208664,-2.396284580230713,7.654535358613614e-26,-10.95071029663086,-2.396284580230713,6.356852989698042e-24,-11.36333179473877,-2.396284580230713,2.8215121192970347e-65,-18.27219009399414
Acacb,0.0021437478717416525,0.002760516479611397,-0.36524778604507446,0.9979940091511154,-0.0345543809235096,-0.36524778604507446,0.8764654632048516,-0.382586270570755,-0.36524778604507446,0.7410879881543976,-0.5400514006614685
Myo1h,0.0,0.0004804458876606077,-18.874364852905273,0.9979940091511154,0.027607882395386696,-18.874364852905273,0.5196272646011879,-1.0,-18.874364852905273,0.16021537352752957,-1.759765386581421
Kctd10,0.17795473337173462,0.19470873475074768,-0.14226791262626648,0.03715644135732894,-2.577685594558716,-0.14226791262626648,0.4375001754816678,-1.2420384883880615,-0.14226791262626648,0.1866041633382458,-1.667514681816101
Ube3b,0.06852609664201736,0.09147423505783081,-0.43348631262779236,0.0012737092353269745,-3.728132724761963,-0.43348631262779236,0.0732865215339019,-2.3645756244659424,-0.43348631262779236,0.003766462235601843,-3.3176217079162598
Mmab,0.038285378366708755,0.043584875762462616,-0.1908828467130661,0.22218230119097757,-1.7127573490142822,-0.1908828467130661,0.6337243234805212,-0.7974793314933777,-0.1908828467130661,0.43247169981297245,-1.090553879737854
Mvk,0.06895928084850311,0.06988749653100967,-0.01996658369898796,0.22668793292511769,-1.7013579607009888,-0.01996658369898796,1.0,-0.10635580122470856,-0.01996658369898796,0.9912171765109218,-0.1433401107788086
Fam222a,0.0023373595904558897,0.003712716046720743,-0.6685876250267029,0.9979940091511154,-0.2321733832359314,-0.6685876250267029,0.660419078397072,-0.7524274587631226,-0.6685876250267029,0.4600947760044837,-1.0414682626724243
Trpv4,0.0010693513322621584,0.0010238889371976256,0.06270921230316162,0.9984208920935209,-0.0025826727505773306,0.06270921230316162,1.0,0.043074630200862885,0.06270921230316162,1.0,0.052189212292432785
Gltp,1.0038490295410156,1.0214767456054688,-0.03993970528244972,0.9714892571601285,-0.5444096326828003,-0.03993970528244972,0.6349166540920346,-0.795190691947937,-0.03993970528244972,0.436085909206857,-1.0841830968856812
Tchp,0.040510572493076324,0.0436965636909008,-0.11153584718704224,0.7245612527092885,-0.8591394424438477,-0.11153584718704224,0.8827404947780267,-0.37230873107910156,-0.11153584718704224,0.7399078983692633,-0.5420790314674377
Git2,0.5005958676338196,0.4282839000225067,0.2812640964984894,0.0030114324615257725,3.4695982933044434,0.2812640964984894,0.0036926035211121816,3.4736595153808594,0.2812640964984894,1.870394872341359e-05,4.6966776847839355
Ankrd13a,0.38816744089126587,0.43353816866874695,-0.1944427341222763,0.08639348647663293,-2.2072055339813232,-0.1944427341222763,0.06731234953740288,-2.401620864868164,-0.1944427341222763,0.004790555469656282,-3.2396960258483887
1500011B03Rik,0.3027830123901367,0.36796027421951294,-0.33090436458587646,0.00010260444885623303,-4.392770290374756,-0.33090436458587646,0.0021901581034442412,-3.6309001445770264,-0.33090436458587646,1.0709462775050242e-05,-4.8214545249938965
Oasl2,0.010587592609226704,0.026364058256149292,-1.3276129961013794,0.7175061665549594,-0.8689358234405518,-1.3276129961013794,0.15115496647847598,-1.9986013174057007,-1.3276129961013794,0.004470873494430781,-3.264049530029297
Oasl1,0.025786589831113815,0.041408415883779526,-0.6946349740028381,0.15409092697912694,-1.9183025360107422,-0.6946349740028381,0.1646528354572119,-1.9472848176956177,-0.6946349740028381,0.012895779533802878,-2.9032554626464844
2210016L21Rik,0.24114090204238892,0.2926630675792694,-0.3181811273097992,0.001206465731656239,-3.743272542953491,-0.3181811273097992,0.010587628708343563,-3.1252894401550293,-0.3181811273097992,0.0001094135858621025,-4.285010814666748
Sppl3,0.29820719361305237,0.25769829750061035,0.2412048727273941,0.4156942204376454,1.3097712993621826,0.2412048727273941,0.06192265388666303,2.438915967941284,0.2412048727273941,0.004780640945958815,3.2406458854675293
Gm10401,0.0006815101369284093,0.0006075865239836276,0.16569828987121582,0.9979940091511154,0.08282364159822464,0.16569828987121582,1.0,0.09534323960542679,0.16569828987121582,1.0,0.12473969161510468
Acads,0.2876225709915161,0.3400585651397705,-0.2814059555530548,0.012602855048641287,-2.9946537017822266,-0.2814059555530548,0.009192653234776946,-3.174623727798462,-0.2814059555530548,8.064673490326137e-05,-4.358275890350342
Unc119b,0.2049117237329483,0.20507796108722687,-0.0012938466388732195,0.5604104744407172,-1.0829414129257202,-0.0012938466388732195,1.0,-0.012048688717186451,-0.0012938466388732195,1.0,-0.016095878556370735
Mlec,0.5453934073448181,0.7039883136749268,-0.4944891035556793,1.112264822232914e-09,-6.58563756942749,-0.4944891035556793,1.0975647284260569e-11,-7.432612419128418,-0.4944891035556793,3.372767658036984e-22,-10.168012619018555
Cabp1,0.0006441439036279917,0.0036011964548379183,-2.4851531982421875,0.9979940091511154,-0.08834522217512131,-2.4851531982421875,0.4927895533571131,-1.1396147012710571,-2.4851531982421875,0.12048892831308063,-1.9411264657974243
Pop5,0.781021237373352,0.8716078400611877,-0.2325599491596222,0.0016307097955720903,-3.655996084213257,-0.2325599491596222,0.00021573725061419034,-4.260782718658447,-0.2325599491596222,1.0666900934846757e-07,-5.726952075958252
Rnf10,0.4644225537776947,0.5549222826957703,-0.3276510238647461,0.00015886596294724224,-4.284387111663818,-0.3276510238647461,1.036970765248983e-05,-4.9699788093566895,-0.3276510238647461,7.550060394435998e-10,-6.570561408996582
Coq5,0.14342577755451202,0.19634054601192474,-0.4923040568828583,1.5175349699582603e-05,-4.834585189819336,-0.4923040568828583,0.0007593237278593535,-3.9302918910980225,-0.4923040568828583,3.861711987468393e-07,-5.486715793609619
Dynll1,1.8198492527008057,2.029527187347412,-0.35433316230773926,2.4230699154032377e-17,-8.929636001586914,-0.35433316230773926,1.6419104312529344e-12,-7.7330732345581055,-0.35433316230773926,2.9134675498846294e-25,-10.885176658630371
Srsf9,0.8345773816108704,0.9410912394523621,-0.26134440302848816,0.00018353925137835303,-4.249209403991699,-0.26134440302848816,1.0899663972522629e-05,-4.960785388946533,-0.26134440302848816,5.39635626022876e-10,-6.624054908752441
Gatc,0.04289156571030617,0.05195637419819832,-0.2831973135471344,0.12701580068673726,-2.0184032917022705,-0.2831973135471344,0.48974625541095546,-1.1448339223861694,-0.2831973135471344,0.19889942328601642,-1.629801869392395
Triap1,0.2091766744852066,0.2295549511909485,-0.1493542492389679,0.05978124610885977,-2.3765041828155518,-0.1493542492389679,0.32353107796743963,-1.507348895072937,-0.1493542492389679,0.10934759602671965,-1.990828275680542
Cox6a1,1.5774919986724854,1.5734660625457764,0.007323593832552433,0.8306624026754202,0.7243061065673828,0.007323593832552433,0.9884251571913931,0.17622126638889313,0.007323593832552433,0.9302265532033659,0.24427586793899536
Pla2g1b,0.0,0.0,0.0,0.9979940091511154,0.11319231241941452,0.0,1.0,0.0,0.0,1.0,0.0
Sirt4,0.014471192844212055,0.018234578892588615,-0.33621490001678467,0.5522130837829605,-1.094429850578308,-0.33621490001678467,0.5720706253421765,-0.9039687514305115,-0.33621490001678467,0.3644704489130097,-1.2193163633346558
Pxn,0.19765332341194153,0.20687000453472137,-0.07262464612722397,0.16767979450344253,-1.8702113628387451,-0.07262464612722397,0.736503349038424,-0.6243082284927368,-0.07262464612722397,0.5500146704562282,-0.8457249999046326
Rplp0,3.917996644973755,4.082606792449951,-0.24191699922084808,3.0296069291087353e-30,-11.862305641174316,-0.24191699922084808,6.334084434427477e-32,-12.883585929870605,-0.24191699922084808,6.112468296475225e-58,-16.99315643310547
Gcn1,0.21131280064582825,0.25846758484840393,-0.3259485960006714,0.002967604809849839,-3.4739620685577393,-0.3259485960006714,0.014792474188895267,-3.0078861713409424,-0.3259485960006714,0.00016128726087032705,-4.188894748687744
Rab35,0.3958853483200073,0.45115622878074646,-0.23121963441371918,0.035019441328445096,-2.601820230484009,-0.23121963441371918,0.019225326517352655,-2.910356044769287,-0.23121963441371918,0.00038205781239346683,-3.967653274536133
Bicdl1,0.09248695522546768,0.11406345665454865,-0.3183467984199524,0.005790079519940164,-3.260668992996216,-0.3183467984199524,0.18921862793553393,-1.8634364604949951,-0.3183467984199524,0.02791049027968954,-2.6092727184295654
Cit,0.768954336643219,0.4511144757270813,1.0218349695205688,1.4116280920656931e-34,12.695974349975586,1.0218349695205688,6.600746340020404e-42,15.054059982299805,1.0218349695205688,1.8193804380155876e-76,19.812484741210938
Prkab1,0.1460309475660324,0.14394472539424896,0.02230059541761875,0.2657226652968009,-1.6045522689819336,0.02230059541761875,0.9917554680375608,0.1705484390258789,0.02230059541761875,0.9396705668859933,0.2291368991136551
Suds3,0.5385635495185852,0.5504088401794434,-0.04070327803492546,0.9979940091511154,0.08255647122859955,-0.04070327803492546,0.7434730931214734,-0.6108908653259277,-0.04070327803492546,0.5669013019908599,-0.8178589344024658
Taok3,0.5621815919876099,0.5811107158660889,-0.0627250000834465,0.8830687781395046,-0.6584925055503845,-0.0627250000834465,0.5644804236716454,-0.917246401309967,-0.0627250000834465,0.36348091654290454,-1.221583366394043
Pebp1,0.8902965784072876,1.2454273700714111,-0.7851831316947937,6.091635833499983e-35,-12.767932891845703,-0.7851831316947937,2.894528003290406e-36,-13.963109970092773,-0.7851831316947937,1.8484103758756008e-71,-19.02667999267578
Vsig10,0.024823812767863274,0.013980965130031109,0.8361077308654785,0.9979940091511154,-0.026361074298620224,0.8361077308654785,0.05215726870273365,2.513657569885254,0.8361077308654785,0.0099318573816862,2.996746063232422
Wsb2,0.11540257930755615,0.11105959862470627,0.05853325501084328,0.4503308319523732,-1.2509042024612427,0.05853325501084328,0.8862334483695958,0.3649778366088867,0.05853325501084328,0.768908282261675,0.4972396492958069
Rfc5,0.6046842932701111,0.626961350440979,-0.06990286707878113,0.8630201290810651,-0.6817365288734436,-0.06990286707878113,0.5196272646011879,-1.054461121559143,-0.06990286707878113,0.2798516325642034,-1.4120088815689087
Ksr2,0.00048461559345014393,0.0,18.88683319091797,0.9979940091511154,0.14071114361286163,18.88683319091797,0.5196272646011879,1.0,18.88683319091797,0.46147875269036936,1.0
Nos1,0.002354071941226721,0.009584251791238785,-2.0307276248931885,0.9706261003547019,-0.5471704006195068,-2.0307276248931885,0.1598942142644495,-1.9655730724334717,-2.0307276248931885,0.004541928690351074,-3.259645700454712
Fbxo21,0.05880726873874664,0.07594843953847885,-0.3815295100212097,0.007174393233978436,-3.1889774799346924,-0.3815295100212097,0.15185603431267986,-1.9930418729782104,-0.3815295100212097,0.019967952518677744,-2.740790843963623
Tesc,0.12987244129180908,0.13519813120365143,-0.061906494200229645,0.06407609903171535,-2.3444435596466064,-0.061906494200229645,0.8585861710527208,-0.41331544518470764,-0.061906494200229645,0.7322970467440918,-0.5539482831954956
Fbxw8,0.08266481012105942,0.11702531576156616,-0.5266736745834351,1.444231635630318e-05,-4.845361232757568,-0.5266736745834351,0.006456579004099761,-3.293156862258911,-0.5266736745834351,3.2701557030745264e-05,-4.569850444793701
Rnft2,0.0003240303776692599,0.0,18.306007385253906,0.9979940091511154,0.14071114361286163,18.306007385253906,0.5196272646011879,1.0,18.306007385253906,0.46147875269036936,1.0
2410131K14Rik,0.030168000608682632,0.04691177234053612,-0.6490864753723145,0.01987004500834858,-2.8263347148895264,-0.6490864753723145,0.06172890697333451,-2.4416983127593994,-0.6490864753723145,0.0027130540060021323,-3.419635057449341
Med13l,0.2500009834766388,0.26675689220428467,-0.10619862377643585,0.10050942060726414,-2.1345345973968506,-0.10619862377643585,0.5558593153730412,-0.9341419339179993,-0.10619862377643585,0.3335311991892907,-1.284210205078125
Rbm19,0.0667591542005539,0.08356977254152298,-0.3362937569618225,0.01957750942308166,-2.832479476928711,-0.3362937569618225,0.2114644879662418,-1.799935221672058,-0.3362937569618225,0.036909954502611905,-2.495568037033081
Lhx5,0.0,0.0,0.0,0.9979940091511154,0.11319231241941452,0.0,1.0,0.0,0.0,1.0,0.0
Sdsl,0.0,0.0,0.0,0.9979940091511154,0.11319231241941452,0.0,1.0,0.0,0.0,1.0,0.0
Plbd2,0.08115694671869278,0.08693569898605347,-0.10346095263957977,0.09718893869370455,-2.1512773036956787,-0.10346095263957977,0.7498955834838943,-0.5997328162193298,-0.10346095263957977,0.571008902991698,-0.8111788034439087
Slc8b1,0.04932955652475357,0.059957779943943024,-0.28923100233078003,0.215604305279523,-1.730034589767456,-0.28923100233078003,0.5196272646011879,-1.020601749420166,-0.28923100233078003,0.24137622210345475,-1.5104048252105713
Tpcn1,0.05770961567759514,0.04247143492102623,0.4534028172492981,0.9979940091511154,-0.3938130736351013,0.4534028172492981,0.10439228227547087,2.1884095668792725,0.4534028172492981,0.018667748154631545,2.766071319580078
Iqcd,0.0017992391949519515,0.0006763632991351187,1.4123256206512451,0.9979940091511154,0.19325517117977142,1.4123256206512451,0.5020343236977316,1.120812177658081,1.4123256206512451,0.30416067502837263,1.3479382991790771
Rita1,0.011765505187213421,0.026987919583916664,-1.2087666988372803,0.07955707990299182,-2.2463910579681396,-1.2087666988372803,0.006559843383321589,-3.2912838459014893,-1.2087666988372803,8.989535709428994e-06,-4.858211517333984
Ddx54,0.48633816838264465,0.5594923496246338,-0.25950634479522705,0.01353939448831111,-2.968381643295288,-0.25950634479522705,0.0019238052916086055,-3.6684770584106445,-0.25950634479522705,6.5312316663688495e-06,-4.9271697998046875
Rasal1,0.03288266435265541,0.04393287003040314,-0.4259956479072571,0.06964379888126525,-2.3073954582214355,-0.4259956479072571,0.2543425725061238,-1.677799940109253,-0.4259956479072571,0.05682653768897274,-2.3037853240966797
Dtx1,0.3456544280052185,0.39567235112190247,-0.23327989876270294,0.014891235944621795,-2.9337382316589355,-0.23327989876270294,0.08069132520169432,-2.315847158432007,-0.23327989876270294,0.005542175910153458,-3.192775011062622
Oas2,0.003826954634860158,0.009704295545816422,-1.3466706275939941,0.9979940091511154,-0.18034180998802185,-1.3466706275939941,0.41762701828802995,-1.28167724609375,-1.3466706275939941,0.09647254606187292,-2.055389642715454
Oas3,0.30564942955970764,0.27974194288253784,0.14738023281097412,0.9979940091511154,-0.206168532371521,0.14738023281097412,0.38848817239556316,1.3437665700912476,0.14738023281097412,0.1572909352235615,1.79779851436615
Oas1e,0.00042540242429822683,0.0,18.69877815246582,0.9979940091511154,0.14071114361286163,18.69877815246582,0.5196272646011879,1.0,18.69877815246582,0.46147875269036936,1.0
Oas1c,0.07979575544595718,0.060328900814056396,0.4176691770553589,0.5808727787261926,-1.0524836778640747,0.4176691770553589,0.0889464092515378,2.2676455974578857,0.4176691770553589,0.016109534418857874,2.8214333057403564
Oas1g,0.0,0.0010680563282221556,-20.027328491210938,0.9979940091511154,0.027607882395386696,-20.027328491210938,0.5196272646011879,-1.0,-20.027328491210938,0.16021537352752957,-1.759765386581421
Oas1a,0.12486787140369415,0.11222890764474869,0.16325482726097107,0.31277481956724557,-1.5037389993667603,0.16325482726097107,0.5196272646011879,1.080583930015564,0.16325482726097107,0.27810597530445835,1.418927788734436
Oas1d,0.0,0.0005940314149484038,-19.18061065673828,0.9979940091511154,0.027607882395386696,-19.18061065673828,0.5196272646011879,-1.0,-19.18061065673828,0.16021537352752957,-1.759765386581421
Ptpn11,0.3323560059070587,0.29205048084259033,0.21709638833999634,0.9979940091511154,0.4980996251106262,0.21709638833999634,0.07111132154789013,2.376544952392578,0.21709638833999634,0.008619699523520152,3.0453031063079834
Rpl6,3.070828676223755,3.281501293182373,-0.3172043263912201,6.50289713278268e-38,-13.319110870361328,-0.3172043263912201,9.663141356782598e-47,-16.01639747619629,-0.3172043263912201,2.643803216059779e-84,-20.955820083618164
Hectd4,0.0697549432516098,0.07798483222723007,-0.16690802574157715,0.04362927833801914,-2.5101797580718994,-0.16690802574157715,0.5785101259080635,-0.892878532409668,-0.16690802574157715,0.36622668254290947,-1.2156232595443726
Trafd1,0.3423917889595032,0.31199172139167786,0.15726293623447418,0.48847178368502026,1.1920371055603027,0.15726293623447418,0.2646484560864176,1.6501147747039795,0.15726293623447418,0.06865443198466349,2.2192795276641846
Naa25,0.05993545055389404,0.11505404859781265,-0.9811696410179138,6.450234671464856e-08,-5.900784015655518,-0.9811696410179138,7.076056693875519e-07,-5.5500712394714355,-0.9811696410179138,1.3532783830126479e-14,-8.125751495361328
Erp29,0.8035506010055542,0.9502233862876892,-0.3629468083381653,3.074799049991386e-09,-6.420524597167969,-0.3629468083381653,2.165250478705432e-10,-6.956003189086914,-0.3629468083381653,2.8172849911545144e-19,-9.43346118927002
Tmem116,0.0019039887702092528,0.006676815450191498,-1.81358003616333,0.9979940091511154,-0.28899216651916504,-1.81358003616333,0.4148215634075538,-1.2873187065124512,-1.81358003616333,0.08484242689260994,-2.119424343109131
Adam1b,0.0,0.0005575477844104171,-19.089139938354492,0.9979940091511154,0.027607882395386696,-19.089139938354492,0.5196272646011879,-1.0,-19.089139938354492,0.16021537352752957,-1.759765386581421
Adam1a,0.0008405191474594176,0.0,19.681529998779297,0.9979940091511154,0.16822996735572815,19.681529998779297,0.3625987265945032,1.402975082397461,19.681529998779297,0.28253075948260825,1.402975082397461
Mapkapk5,0.028108814731240273,0.022860068827867508,0.3019951581954956,0.9266794830644679,-0.6020299196243286,0.3019951581954956,0.553233024633976,0.9386796355247498,0.3019951581954956,0.3700894588410283,1.2074223756790161
Aldh2,0.011490719392895699,0.02462904155254364,-1.109397053718567,0.40848450508704026,-1.3214378356933594,-1.109397053718567,0.18077876844486612,-1.8929543495178223,-1.109397053718567,0.009290957733080607,-3.0192644596099854
Acad12,0.003240331308916211,0.0038820020854473114,-0.26112255454063416,0.9979940091511154,-0.20394209027290344,-0.26112255454063416,0.918103955114063,-0.3078881502151489,-0.26112255454063416,0.8353598605549568,-0.3935093283653259
Acad10,0.004535899497568607,0.004732139874249697,-0.061245888471603394,0.9979940091511154,-0.1485482156276703,-0.061245888471603394,1.0,-0.08753892034292221,-0.061245888471603394,1.0,-0.11688724905252457
Brap,0.21511101722717285,0.23229020833969116,-0.12370061129331589,0.12521241151629148,-2.026062250137329,-0.12370061129331589,0.4685618199101829,-1.183384895324707,-0.12370061129331589,0.21023248728188393,-1.596149206161499
Atxn2,0.06921298801898956,0.0633053183555603,0.1330244094133377,0.38882883796372614,-1.3554579019546509,0.1330244094133377,0.702960942717202,0.6789440512657166,0.1330244094133377,0.5220850526625105,0.8934261202812195
Sh2b3,0.016122352331876755,0.02672549895942211,-0.7368303537368774,0.7127228951156632,-0.8750807642936707,-0.7368303537368774,0.4115105905414478,-1.2946279048919678,-0.7368303537368774,0.09766758547642877,-2.0492420196533203
Pheta1,0.001418229308910668,0.002710265340283513,-0.9352751970291138,0.9979940091511154,-0.23083750903606415,-0.9352751970291138,0.6157305958759175,-0.8281077742576599,-0.9352751970291138,0.43372796169122907,-1.0880794525146484
Cux2,0.0,0.0,0.0,0.9979940091511154,0.11319231241941452,0.0,1.0,0.0,0.0,1.0,0.0
Ccdc63,0.006469325162470341,0.01044361013919115,-0.693804144859314,0.9939643014406364,-0.5177813768386841,-0.693804144859314,0.5196272646011879,-1.040014624595642,-0.693804144859314,0.22632454327434043,-1.551759958267212
Ppp1cc,1.3443238735198975,1.3226587772369385,0.042442336678504944,0.4593112647573718,1.2362987995147705,0.042442336678504944,0.5196272646011879,1.002116084098816,0.042442336678504944,0.2929503940569435,1.3731838464736938
Hvcn1,0.134580597281456,0.1680665910243988,-0.34532663226127625,0.0005062990230544997,-3.982837677001953,-0.34532663226127625,0.07109001439260001,-2.378770112991333,-0.34532663226127625,0.003612397517242176,-3.3310787677764893
Tctn1,0.00784603413194418,0.008686590008437634,-0.1474333107471466,0.9979940091511154,-0.45740026235580444,-0.1474333107471466,0.9395727421393364,-0.26897576451301575,-0.1474333107471466,0.8604369785808746,-0.35471299290657043
Pptc7,0.10097185522317886,0.10347297787666321,-0.037135764956474304,0.018370204761641157,-2.8569705486297607,-0.037135764956474304,0.9560955028310577,-0.23844660818576813,-0.037135764956474304,0.8869413499612319,-0.31274962425231934
Rad9b,0.011240331456065178,0.011701940558850765,-0.05839681252837181,0.8536876760308112,-0.6950061321258545,-0.05839681252837181,1.0,-0.1331179141998291,-0.05839681252837181,0.9748692714519528,-0.1702309250831604
Vps29,0.9496831297874451,0.9487300515174866,0.0022432319819927216,0.9979940091511154,0.33743956685066223,0.0022432319819927216,1.0,0.046502746641635895,0.0022432319819927216,1.0,0.06253132224082947
Fam216a,0.15027189254760742,0.1454852670431137,0.05024015158414841,0.2506937984386799,-1.6404424905776978,0.05024015158414841,0.8874353312029355,0.36325782537460327,0.05024015158414841,0.7765234478002857,0.4862216114997864
Gpn3,0.26065367460250854,0.2966455817222595,-0.21377302706241608,0.03788117594878801,-2.568957805633545,-0.21377302706241608,0.07971386357718871,-2.321688652038574,-0.21377302706241608,0.0064587795268356875,-3.1415796279907227
Arpc3,2.092961311340332,1.9549179077148438,0.229512557387352,2.7860742369296308e-12,7.464369773864746,0.229512557387352,1.7035577232607488e-08,6.2493462562561035,0.229512557387352,3.0322056317462654e-18,9.15483283996582
Anapc7,0.25237664580345154,0.2569717764854431,-0.02948659658432007,0.38551501270642746,-1.3614248037338257,-0.02948659658432007,0.9180156491000983,-0.30824214220046997,-0.02948659658432007,0.8299103211871962,-0.4031420648097992
Atp2a2,0.38457971811294556,0.5274755954742432,-0.5667060017585754,2.210788740376144e-10,-6.835622310638428,-0.5667060017585754,1.3240066502376217e-11,-7.397054195404053,-0.5667060017585754,1.2887296796252977e-21,-10.027114868164062
Ift81,0.0010301664005964994,0.00562119809910655,-2.451312780380249,0.9979940091511154,-0.31686723232269287,-2.451312780380249,0.31654690410947955,-1.5262647867202759,-2.451312780380249,0.03089843287600658,-2.5699148178100586
P2rx7,0.005411246325820684,0.0049647060222923756,0.12457496672868729,0.9979940091511154,-0.176601380109787,0.12457496672868729,0.9802001651375618,0.19040590524673462,0.12457496672868729,0.9314156169506435,0.24221843481063843
P2rx4,0.05470047518610954,0.045842334628105164,0.26131612062454224,0.879885002825225,-0.6620548367500305,0.26131612062454224,0.5196272646011879,1.0409899950027466,0.26131612062454224,0.2914792117922164,1.376741647720337
Camkk2,0.1010042279958725,0.11086688190698624,-0.14165262877941132,0.003090857697997336,-3.461850166320801,-0.14165262877941132,0.5715906250959477,-0.9047137498855591,-0.14165262877941132,0.37898481285061586,-1.1903207302093506
Anapc5,1.0945477485656738,1.0775762796401978,0.03696087747812271,0.9979940091511154,0.4602501094341278,0.03696087747812271,0.6642370424577833,0.7457380294799805,0.03696087747812271,0.46147875269036936,1.02936589717865
Rnf34,0.17499570548534393,0.16468305885791779,0.09527672827243805,0.6592984812451124,-0.9459707140922546,0.09527672827243805,0.6375597357389129,0.7908083200454712,0.09527672827243805,0.454357150673757,1.0511600971221924
Kdm2b,0.2827114164829254,0.2878763973712921,-0.03002215176820755,0.410713897073702,-1.3180537223815918,-0.03002215176820755,0.9250992400950542,-0.29422998428344727,-0.03002215176820755,0.834794550562933,-0.3942955434322357
Orai1,0.4386226534843445,0.34998637437820435,0.39381006360054016,0.005542117663724179,3.2750961780548096,0.39381006360054016,0.0001356460291553139,4.3748555183410645,0.39381006360054016,9.101818964392133e-08,5.757086277008057
Morn3,0.0012637373292818666,0.0028331533540040255,-1.1658439636230469,0.9979940091511154,-0.0605592243373394,-1.1658439636230469,0.6032582505397931,-0.849325954914093,-1.1658439636230469,0.3276995383870302,-1.296549916267395
Tmem120b,0.005067386198788881,0.011675059795379639,-1.2088890075683594,0.5617065854798825,-1.0803587436676025,-1.2088890075683594,0.14742118314427574,-2.0117664337158203,-1.2088890075683594,0.011571390158601006,-2.941805124282837
Rhof,0.44233375787734985,0.40979140996932983,0.13538192212581635,0.43084781192769334,1.2834103107452393,0.13538192212581635,0.2322902794743202,1.7419610023498535,0.13538192212581635,0.05552767398708796,2.314927816390991
Setd1b,0.3114551603794098,0.2799217998981476,0.17786645889282227,0.5508552719425868,1.096834421157837,0.17786645889282227,0.20729072609419022,1.8115794658660889,0.17786645889282227,0.041305540013707294,2.443547487258911
Psmd9,0.41291871666908264,0.4453198313713074,-0.13402293622493744,0.2973651753093883,-1.5351762771606445,-0.13402293622493744,0.20246943505538503,-1.8244096040725708,-0.13402293622493744,0.043124810035946426,-2.4249250888824463
Wdr66,0.0017739998875185847,0.0034311963245272636,-0.952901303768158,0.9979940091511154,-0.06038110703229904,-0.952901303768158,0.687667990919303,-0.7068026065826416,-0.952901303768158,0.4591798085942381,-1.0431652069091797
Bcl7a,0.03131986781954765,0.0407700352370739,-0.3872888684272766,0.12397657789693556,-2.0308713912963867,-0.3872888684272766,0.42208643542828206,-1.2722841501235962,-0.3872888684272766,0.16021537352752957,-1.7718480825424194
Mlxip,0.11345389485359192,0.1037571057677269,0.13601718842983246,0.3017421098476718,-1.5257362127304077,0.13601718842983246,0.6564012824983994,0.7597346305847168,0.13601718842983246,0.46147875269036936,1.033434510231018
Diablo,0.32375362515449524,0.3606412708759308,-0.18379168212413788,0.12440271483348445,-2.029357433319092,-0.18379168212413788,0.09055628068579737,-2.260699987411499,-0.18379168212413788,0.008503955653818692,-3.049654006958008
B3gnt4,0.0057653090916574,0.008025203831493855,-0.4787721037864685,0.9979940091511154,-0.4846518933773041,-0.4787721037864685,0.5949072741462614,-0.8630648851394653,-0.4787721037864685,0.37469396785946363,-1.1984580755233765
Gm49027,0.0006918637664057314,0.0,19.4006290435791,0.9979940091511154,0.16822996735572815,19.4006290435791,0.3679717107194103,1.3865355253219604,19.4006290435791,0.28797859465520836,1.3865355253219604
Vps33a,0.11866149306297302,0.1312745064496994,-0.15502279996871948,0.036623505716610286,-2.5837414264678955,-0.15502279996871948,0.4962996057492025,-1.132092833518982,-0.15502279996871948,0.235643459327255,-1.5269804000854492
Clip1,0.3011080026626587,0.3460783362388611,-0.23500332236289978,0.009779484904742272,-3.084779977798462,-0.23500332236289978,0.042336045717973475,-2.603191614151001,-0.23500332236289978,0.002169454622981631,-3.487215042114258
Zcchc8,0.3214045763015747,0.3229447305202484,-0.008067278191447258,0.9979940091511154,-0.4844737946987152,-0.008067278191447258,1.0,-0.09088417887687683,-0.008067278191447258,1.0,-0.12220588326454163
Rsrc2,0.9760105013847351,0.9540347456932068,0.05121784657239914,0.41758295203847434,1.3060308694839478,0.05121784657239914,0.5196963402969624,0.9988278746604919,0.05121784657239914,0.3116375929745577,1.3305435180664062
Kntc1,0.16643211245536804,0.15025609731674194,0.15948665142059326,0.6039596638665712,-1.019354224205017,0.15948665142059326,0.4115515560442663,1.2934504747390747,0.15948665142059326,0.18007573896565213,1.6877875328063965
Hcar2,0.0,0.004307139664888382,-22.041406631469727,0.9979940091511154,0.027607882395386696,-22.041406631469727,0.5196272646011879,-1.0,-22.041406631469727,0.16021537352752957,-1.759765386581421
Denr,0.6651290655136108,0.7517945170402527,-0.24654042720794678,0.0005363696036796337,-3.967163562774658,-0.24654042720794678,0.00016408860098054393,-4.3299431800842285,-0.24654042720794678,6.164079260332889e-08,-5.827136039733887
Ccdc62,0.013643322512507439,0.017231345176696777,-0.3394351005554199,0.5048189614892986,-1.1667447090148926,-0.3394351005554199,0.6081749692443994,-0.8397629857063293,-0.3394351005554199,0.4218503049386328,-1.1104588508605957
Hip1r,0.4072718322277069,0.4384138584136963,-0.13034391403198242,0.2683298846743465,-1.5983182191848755,-0.13034391403198242,0.2725514880892354,-1.629425048828125,-0.13034391403198242,0.07247674527494379,-2.1945621967315674
Vps37b,0.8927570581436157,0.829132080078125,0.1590670347213745,0.011149563182116698,3.039360523223877,0.1590670347213745,0.125690666977646,2.093909978866577,0.1590670347213745,0.010971014146099972,2.96064829826355
Abcb9,0.22400636970996857,0.29763031005859375,-0.46539613604545593,5.386006172137398e-06,-5.056606292724609,-0.46539613604545593,0.00035625889463667364,-4.134736061096191,-0.46539613604545593,9.940643386898213e-08,-5.738867282867432
Ogfod2,0.07475654035806656,0.09433761239051819,-0.34995707869529724,0.0004424828923475067,-4.0190839767456055,-0.34995707869529724,0.11553516353168747,-2.1376264095306396,-0.34995707869529724,0.013927425525816758,-2.875074625015259
Arl6ip4,0.5933104753494263,0.623333752155304,-0.09505709260702133,0.5553960257221003,-1.0896207094192505,-0.09505709260702133,0.3220929980866325,-1.5105438232421875,-0.09505709260702133,0.10197771938039744,-2.0276358127593994
Pitpnm2,0.09114079177379608,0.08280106633901596,0.14455071091651917,0.12964008894554196,-2.007894515991211,0.14455071091651917,0.604617916383228,0.8468009829521179,0.14455071091651917,0.43848842911138486,1.0796819925308228
Mphosph9,0.2723976969718933,0.19104136526584625,0.5727800726890564,0.024628743496592498,2.7436890602111816,0.5727800726890564,1.5444953405201454e-06,5.36032247543335,0.5727800726890564,1.9014355024688867e-10,6.791457653045654
2810006K23Rik,0.08273345977067947,0.08324704319238663,-0.009303901344537735,0.22645545030287503,-1.7024266719818115,-0.009303901344537735,1.0,-0.048856839537620544,-0.009303901344537735,1.0,-0.0673312246799469
Cdk2ap1,0.5915036797523499,0.781454861164093,-0.5543492436408997,4.670303217496772e-13,-7.7074079513549805,-0.5543492436408997,6.555105462622348e-15,-8.493242263793945,-0.5543492436408997,5.985496497065783e-29,-11.700304985046387
Sbno1,0.6303858160972595,0.6612718105316162,-0.09366950392723083,0.7071437569394927,-0.8822944760322571,-0.09366950392723083,0.3444405652318958,-1.4618676900863647,-0.09366950392723083,0.11655993285280304,-1.9575037956237793
Kmt5a,0.814941942691803,0.781741738319397,0.08710718899965286,0.5616251738805091,1.0807149410247803,0.08710718899965286,0.355754926777211,1.4360684156417847,0.08710718899965286,0.1162415402627623,1.958817720413208
Rilpl2,1.0640826225280762,1.0784047842025757,-0.03143027052283287,0.9979940091511154,-0.12441357970237732,-0.03143027052283287,0.7672598150006827,-0.5707845687866211,-0.03143027052283287,0.6098595150088555,-0.7456440925598145
Snrnp35,0.08356641232967377,0.06686724722385406,0.33382007479667664,0.906353852009506,-0.6275894641876221,0.33382007479667664,0.20634938427431027,1.8135069608688354,0.33382007479667664,0.05134605765302023,2.349327564239502
Rilpl1,0.004468233790248632,0.0013189171440899372,1.7626227140426636,0.9979940091511154,0.30208367109298706,1.7626227140426636,0.1461343916124139,2.0135338306427,1.7626227140426636,0.0557803965507136,2.313229560852051
Tmed2,1.3734406232833862,1.5045567750930786,-0.2480601817369461,6.647172792932385e-09,-6.293884754180908,-0.2480601817369461,3.9301836324143783e-08,-6.073725700378418,-0.2480601817369461,2.95276014093348e-15,-8.320480346679688
Ddx55,0.17622099816799164,0.19119299948215485,-0.12877434492111206,0.03967092478973291,-2.5500776767730713,-0.12877434492111206,0.5196272646011879,-1.0195826292037964,-0.12877434492111206,0.2845700580097425,-1.3961212635040283
Eif2b1,0.21333053708076477,0.3058260977268219,-0.5892256498336792,3.391862819506005e-08,-6.016291618347168,-0.5892256498336792,4.4720624364332376e-08,-6.057470798492432,-0.5892256498336792,9.488976805522215e-16,-8.462955474853516
Gtf2h3,0.12059834599494934,0.1475677490234375,-0.3110562264919281,0.0014480970952010313,-3.6902832984924316,-0.3110562264919281,0.07532841502723289,-2.3502657413482666,-0.3110562264919281,0.005476723619121977,-3.1966843605041504
Tctn2,0.002321231411769986,0.0017931113252416253,0.3728061020374298,0.9979940091511154,0.050940994173288345,0.3728061020374298,0.8757299400381858,0.3836958110332489,0.3728061020374298,0.7735770148407006,0.49086859822273254
Atp6v0a2,0.3587685823440552,0.40820106863975525,-0.22415779531002045,0.04096755244182408,-2.5368080139160156,-0.22415779531002045,0.03369685591348083,-2.6962573528289795,-0.22415779531002045,0.001084535810278167,-3.6863222122192383
Dnah10,0.0,0.0005449707387015224,-19.056215286254883,0.9979940091511154,0.027607882395386696,-19.056215286254883,0.5196272646011879,-1.0,-19.056215286254883,0.16021537352752957,-1.759765386581421
Ccdc92,0.12127363681793213,0.10969794541597366,0.15324026346206665,0.43868614985829485,-1.270229697227478,0.15324026346206665,0.5182482837591808,1.0919502973556519,0.15324026346206665,0.27633968668256453,1.4230679273605347
Zfp664,0.0843454971909523,0.08867136389017105,-0.07532259076833725,0.05074866655636334,-2.4475722312927246,-0.07532259076833725,0.8402437426001463,-0.44586214423179626,-0.07532259076833725,0.7024475230023816,-0.6002191305160522
Rflna,0.00035733863478526473,0.0007070494466461241,-0.9847695827484131,0.9979940091511154,0.05521576479077339,-0.9847695827484131,0.8426284822298334,-0.4414324164390564,-0.9847695827484131,0.6693940588633536,-0.6503808498382568
Ncor2,0.12117545306682587,0.14008934795856476,-0.22319039702415466,0.004791048931881072,-3.322920322418213,-0.22319039702415466,0.2934825746485433,-1.5800881385803223,-0.22319039702415466,0.08225062023286461,-2.133286237716675
Scarb1,0.024429209530353546,0.06928329169750214,-1.536508560180664,1.4841711965606113e-06,-5.316921710968018,-1.536508560180664,1.2498800664167397e-07,-5.89210319519043,-1.536508560180664,4.2883722333388585e-17,-8.843457221984863
Ubc,1.9360226392745972,1.7562271356582642,0.3081156015396118,2.036984001083582e-14,8.117162704467773,0.3081156015396118,5.790819935032655e-10,6.804112434387207,0.3081156015396118,3.578801086330171e-19,9.40396499633789
Dhx37,0.04464849457144737,0.05311073362827301,-0.2565457224845886,0.05978158920615975,-2.376415252685547,-0.2565457224845886,0.4890899722439958,-1.1457111835479736,-0.2565457224845886,0.22488774456805066,-1.5562176704406738
Bri3bp,0.2075735628604889,0.34149420261383057,-0.8192560076713562,2.080899306469426e-13,-7.813475608825684,-0.8192560076713562,1.420281473450653e-13,-8.094012260437012,-0.8192560076713562,7.4413626499341415e-28,-11.460527420043945
Aacs,0.015880288556218147,0.04121950641274452,-1.3944554328918457,0.0217425659713106,-2.7919583320617676,-1.3944554328918457,0.004056874987267514,-3.453962802886963,-1.3944554328918457,3.728784646702546e-07,-5.497872352600098
Slc15a4,0.05368389934301376,0.08124115318059921,-0.6178228259086609,6.94665248947925e-05,-4.485746383666992,-0.6178228259086609,0.01639372822901211,-2.969938278198242,-0.6178228259086609,0.0001913503734325486,-4.146427154541016
Fzd10,0.0,0.0005330469575710595,-19.024290084838867,0.9979940091511154,0.027607882395386696,-19.024290084838867,0.5196272646011879,-1.0,-19.024290084838867,0.16021537352752957,-1.759765386581421
Stx2,0.02837824635207653,0.033965498208999634,-0.2633356750011444,0.5180284352852146,-1.146884799003601,-0.2633356750011444,0.6466388865429599,-0.7757450938224792,-0.2633356750011444,0.42130056710551295,-1.1114431619644165
Ran,2.531949758529663,2.647784948348999,-0.18068000674247742,4.936289090770396e-24,-10.55021858215332,-0.18068000674247742,0.0007246223001215927,-3.956550359725952,-0.18068000674247742,4.454580158632772e-09,-6.2871479988098145
Adgrd1,0.0,0.0,0.0,0.9979940091511154,0.11319231241941452,0.0,1.0,0.0,0.0,1.0,0.0
Sfswap,0.3223325312137604,0.2993735671043396,0.12402106076478958,0.9979940091511154,0.32799944281578064,0.12402106076478958,0.37736104683567423,1.3659422397613525,0.12402106076478958,0.15705858484279928,1.7987382411956787
Mmp17,0.0019536034669727087,0.0033960766158998013,-0.798771858215332,0.9979940091511154,-0.17508740723133087,-0.798771858215332,0.624714967862615,-0.8139464259147644,-0.798771858215332,0.39985227816040075,-1.1515400409698486
Zfp11,0.005814914591610432,0.0035233774688094854,0.7244530320167542,0.9984208920935209,-0.007926133461296558,0.7244530320167542,0.5196272646011879,1.06210196018219,0.7244530320167542,0.33756572684230834,1.2758197784423828
Mrps17,0.5653924942016602,0.60209721326828,-0.11978189647197723,0.4071647063038979,-1.3237533569335938,-0.11978189647197723,0.18153040972218573,-1.888189673423767,-0.11978189647197723,0.03384200589129342,-2.5319011211395264
Nipsnap2,0.09827065467834473,0.07841404527425766,0.34018296003341675,0.9979940091511154,-0.5095880627632141,0.34018296003341675,0.1816657643245699,1.8869274854660034,0.34018296003341675,0.038688933889774006,2.4724719524383545
Psph,0.47712835669517517,0.5281524062156677,-0.1864534467458725,0.0376574624308111,-2.571985960006714,-0.1864534467458725,0.043443127386067495,-2.5933661460876465,-0.1864534467458725,0.0017620872723654159,-3.548980474472046
Cct6a,0.8050166964530945,1.1755976676940918,-0.8570143580436707,3.205694755233099e-36,-13.009367942810059,-0.8570143580436707,4.298070536244186e-34,-13.603761672973633,-0.8570143580436707,6.668680960836648e-73,-19.210660934448242
Sumf2,0.08959450572729111,0.12947092950344086,-0.5604357719421387,8.50451497639055e-06,-4.960156440734863,-0.5604357719421387,0.0015423381257842746,-3.734448194503784,-0.5604357719421387,1.8124711837849463e-06,-5.187128067016602
Phkg1,0.0053921290673315525,0.009290061891078949,-0.7876482009887695,0.7740937436911615,-0.7946617007255554,-0.7876482009887695,0.35067413042929213,-1.4463856220245361,-0.7876482009887695,0.10230711958184135,-2.025466203689575
Chchd2,2.2419352531433105,2.443671703338623,-0.32204264402389526,4.2534138634114405e-31,-12.032316207885742,-0.32204264402389526,2.858501545344377e-23,-10.888463020324707,-0.32204264402389526,6.24835560731363e-47,-15.12710952758789
Zbed5,0.0013165961718186736,0.0012941687600687146,0.024803420528769493,0.9979940091511154,0.05281120538711548,0.024803420528769493,1.0,0.019711559638381004,0.024803420528769493,1.0,0.02635440044105053
Nupr1l,0.0012616434833034873,0.0009376673842780292,0.4283894896507263,0.9979940091511154,0.05281120538711548,0.4283894896507263,0.8939593211546013,0.35155627131462097,0.4283894896507263,0.809278048076574,0.43584051728248596
Vkorc1l1,0.13979272544384003,0.15240368247032166,-0.13392657041549683,0.03493772370011526,-2.602799892425537,-0.13392657041549683,0.5251359311288345,-0.9900094866752625,-0.13392657041549683,0.308679891488679,-1.3376009464263916
Gusb,0.19647245109081268,0.28498613834381104,-0.6029728651046753,5.485242309734081e-09,-6.325232982635498,-0.6029728651046753,4.6498868962532205e-08,-6.042508125305176,-0.6029728651046753,4.4602113994647134e-15,-8.2689847946167
Asl,0.13034574687480927,0.13841095566749573,-0.09256278723478317,0.03424559968332822,-2.611438512802124,-0.09256278723478317,0.7066045380607706,-0.6735937595367432,-0.09256278723478317,0.5185105824471595,-0.8995280861854553
Crcp,0.2075400948524475,0.23606592416763306,-0.2071368247270584,0.010055669024494734,-3.074716567993164,-0.2071368247270584,0.15734631335461538,-1.9718568325042725,-0.2071368247270584,0.025039690700267587,-2.652649164199829
Tpst1,0.011586908251047134,0.04803953319787979,-2.0781521797180176,0.00013771189772196073,-4.321256637573242,-2.0781521797180176,1.744927928074745e-06,-5.392248630523682,-2.0781521797180176,2.9497238109383123e-16,-8.627522468566895
Kctd7,0.004136992618441582,0.008047170005738735,-0.96272212266922,0.9488314028309542,-0.5729080438613892,-0.96272212266922,0.31701373504493174,-1.5238224267959595,-0.96272212266922,0.07481451073058995,-2.1789169311523438
Rabgef1,0.06376080214977264,0.08266879618167877,-0.38847869634628296,0.0004406072115293463,-4.020241737365723,-0.38847869634628296,0.0808808512411427,-2.313854694366455,-0.38847869634628296,0.007599146504574503,-3.087937593460083
Tmem248,0.2974371016025543,0.34576407074928284,-0.253929078578949,0.012970423724171827,-2.984233856201172,-0.253929078578949,0.017412193900941987,-2.94631290435791,-0.253929078578949,0.0004220152367475539,-3.941558599472046
Sbds,0.3133569657802582,0.3508535623550415,-0.19160449504852295,0.033138629816686034,-2.624262809753418,-0.19160449504852295,0.08718680242993013,-2.2779245376586914,-0.19160449504852295,0.009073652407761054,-3.0267739295959473
Tyw1,0.15589071810245514,0.17635555565357208,-0.1931229531764984,0.00961114344020885,-3.0910141468048096,-0.1931229531764984,0.28398604517152737,-1.6011765003204346,-0.1931229531764984,0.080384771710802,-2.144505739212036
Auts2,0.0006739309174008667,0.0,19.362730026245117,0.9979940091511154,0.14071114361286163,19.362730026245117,0.5196272646011879,1.0,19.362730026245117,0.46147875269036936,1.0
Castor2,0.011937269009649754,0.01293517742305994,-0.11654847115278244,0.9979940091511154,-0.45410510897636414,-0.11654847115278244,0.9628883462215996,-0.22449620068073273,-0.11654847115278244,0.88807877940538,-0.3104259967803955
Rcc1l,0.03310433402657509,0.06511183083057404,-0.9991772174835205,3.9908561883668626e-05,-4.615948677062988,-0.9991772174835205,0.0003356982256501362,-4.156538486480713,-0.9991772174835205,1.513642319306505e-08,-6.073040962219238
Gtf2ird2,0.020823536440730095,0.0281232837587595,-0.4388372302055359,0.31655088199381765,-1.495456576347351,-0.4388372302055359,0.488475797850638,-1.1471281051635742,-0.4388372302055359,0.202688725469415,-1.6179139614105225
Ncf1,0.0789932906627655,0.07077232748270035,0.164548859000206,0.2913935080378548,-1.547288179397583,0.164548859000206,0.628679536599183,0.8077142238616943,0.164548859000206,0.4481247914461767,1.0623096227645874
Gtf2i,0.5183039307594299,0.5204892754554749,-0.007782334927469492,0.9979940091511154,-0.06937593221664429,-0.007782334927469492,1.0,-0.10050475597381592,-0.007782334927469492,0.9967361904310873,-0.13474924862384796
Gtf2ird1,0.00921730138361454,0.03296516463160515,-1.8557167053222656,0.010895318437238441,-3.0473756790161133,-1.8557167053222656,6.599474450737812e-05,-4.5791401863098145,-1.8557167053222656,1.1146106346720648e-11,-7.218911647796631
Clip2,0.00420737499371171,0.0057191564701497555,-0.4439733028411865,0.9979940091511154,0.04782397672533989,-0.4439733028411865,0.8886992662052333,-0.3612569272518158,-0.4439733028411865,0.7207555005920515,-0.5721539855003357
Rfc2,0.8121523261070251,0.9052547216415405,-0.23322775959968567,0.001245660376249806,-3.7345447540283203,-0.23322775959968567,0.0006374315163656989,-3.974874496459961,-0.23322775959968567,8.144053008525414e-07,-5.344994068145752
Lat2,0.0996338352560997,0.1240353211760521,-0.3339732587337494,0.0033390632404696327,-3.437270402908325,-0.3339732587337494,0.18603968849860578,-1.873862624168396,-0.3339732587337494,0.027589357002927254,-2.613901138305664
Eif4h,0.9871619343757629,1.0430430173873901,-0.1264551281929016,0.03294894036108381,-2.627023458480835,-0.1264551281929016,0.03936089003522292,-2.633958578109741,-0.1264551281929016,0.0014229727546605647,-3.6104238033294678
Limk1,0.049490299075841904,0.04909930378198624,0.011727740056812763,0.24095922528317407,-1.6632412672042847,0.011727740056812763,1.0,0.04810124263167381,0.011727740056812763,1.0,0.06566042453050613
Mettl27,0.008555363863706589,0.005479016806930304,0.6451338529586792,0.9984208920935209,-0.00899482611566782,0.6451338529586792,0.5196272646011879,1.0855433940887451,0.6451338529586792,0.3102240401129512,1.3340524435043335
Abhd11,0.10731445997953415,0.13564424216747284,-0.358832448720932,0.0005634224211052862,-3.953359603881836,-0.358832448720932,0.056332202204817834,-2.482048988342285,-0.358832448720932,0.0027138079638918903,-3.4195563793182373
Stx1a,0.01127279456704855,0.018675275146961212,-0.733637273311615,0.3409403534753704,-1.4462968111038208,-0.733637273311615,0.19370954556334966,-1.849374532699585,-0.733637273311615,0.028538440614306517,-2.6002438068389893
Bud23,0.3191855251789093,0.40906625986099243,-0.4267004430294037,7.169651303755894e-05,-4.478443622589111,-0.4267004430294037,5.138488488742262e-06,-5.1302642822265625,-0.4267004430294037,3.151296338765134e-11,-7.059120178222656
Dnajc30,0.14240989089012146,0.12352167069911957,0.21921215951442719,0.7718667963502142,-0.79768967628479,0.21921215951442719,0.28153164246285173,1.6075968742370605,0.21921215951442719,0.08696696692501753,2.1066083908081055
Vps37d,0.0007268828921951354,0.0,19.47188949584961,0.9979940091511154,0.16822996735572815,19.47188949584961,0.3625869528824704,1.4031559228897095,19.47188949584961,0.28248910100422353,1.4031559228897095
Mlxipl,0.0035393396392464638,0.001969987526535988,0.8464259505271912,0.9979940091511154,0.07872699201107025,0.8464259505271912,0.569749079023225,0.9074316024780273,0.8464259505271912,0.43327913346050334,1.0888714790344238
Tbl2,0.12351686507463455,0.10024016350507736,0.31835103034973145,0.9979940091511154,-0.3220325708389282,0.31835103034973145,0.13027525567156853,2.0729920864105225,0.31835103034973145,0.021248993439002217,2.716214418411255
Bcl7b,0.2770257294178009,0.2978348731994629,-0.12022139132022858,0.29526549879910713,-1.5392730236053467,-0.12022139132022858,0.42573098201964743,-1.2655109167099,-0.12022139132022858,0.1698071765325433,-1.7245835065841675
Baz1b,0.8777642846107483,0.9824992418289185,-0.24971893429756165,0.001029854187545102,-3.7882466316223145,-0.24971893429756165,0.00020623461233490483,-4.270111083984375,-0.24971893429756165,1.6364715421935934e-07,-5.6496076583862305
Fzd9,0.0,0.0,0.0,0.9979940091511154,0.11319231241941452,0.0,1.0,0.0,0.0,1.0,0.0
Nsun5,0.05669661983847618,0.07245873659849167,-0.36538904905319214,0.004724127376308741,-3.327194929122925,-0.36538904905319214,0.19129434240244153,-1.856335163116455,-0.36538904905319214,0.03298502749409884,-2.5424909591674805
Pom121,0.33229705691337585,0.3336913585662842,-0.007102203089743853,0.7773496562512577,-0.7903869152069092,-0.007102203089743853,1.0,-0.08363864570856094,-0.007102203089743853,1.0,-0.1095859482884407
Hip1,0.3898424804210663,0.3234458565711975,0.3201028108596802,0.07535616947522289,2.271594285964966,0.3201028108596802,0.003084830753451857,3.5260531902313232,0.3201028108596802,2.8167599401170588e-05,4.6049113273620605
Ccl24,0.0,0.0010680563282221556,-20.027328491210938,0.9979940091511154,0.027607882395386696,-20.027328491210938,0.5196272646011879,-1.0,-20.027328491210938,0.16021537352752957,-1.759765386581421
Rhbdd2,0.022964896634221077,0.020788729190826416,0.1452041119337082,0.6820131788993744,-0.9151567220687866,0.1452041119337082,0.8381461485848689,0.4493749737739563,0.1452041119337082,0.7188673789277283,0.5752711296081543
Por,0.12177293747663498,0.1670217216014862,-0.48926764726638794,1.4298890095905867e-05,-4.847498893737793,-0.48926764726638794,0.001884170101201465,-3.6773340702056885,-0.48926764726638794,3.0722927463949545e-06,-5.081590175628662
Tmem120a,0.15079526603221893,0.14569643139839172,0.05339427292346954,0.3846782273512708,-1.363205909729004,0.05339427292346954,0.8698853504174846,0.3945482075214386,0.05339427292346954,0.7457983552247277,0.5325518250465393
Styxl1,0.0004734736867249012,0.0,18.853269577026367,0.9979940091511154,0.14071114361286163,18.853269577026367,0.5196272646011879,1.0,18.853269577026367,0.46147875269036936,1.0
Mdh2,1.3800708055496216,1.5405770540237427,-0.3017330765724182,4.839064443174899e-12,-7.389204978942871,-0.3017330765724182,5.535208944066587e-09,-6.428020000457764,-0.3017330765724182,1.491315272293987e-17,-8.967072486877441
Srrm3,0.0,0.0,0.0,0.9979940091511154,0.11319231241941452,0.0,1.0,0.0,0.0,1.0,0.0
Hspb1,0.0011359843192622066,0.0035560568794608116,-1.6480810642242432,0.9979940091511154,-0.3161547780036926,-1.6480810642242432,0.3184797906850276,-1.520786166191101,-1.6480810642242432,0.05994098155666008,-2.279738187789917
Ywhag,0.3064902126789093,0.33634036779403687,-0.15676498413085938,0.11871159609596865,-2.0522451400756836,-0.15676498413085938,0.22565924325987533,-1.7597873210906982,-0.15676498413085938,0.04747329991358121,-2.3838770389556885
Ssc4d,0.03553897887468338,0.02562313713133335,0.47914427518844604,0.9979940091511154,-0.4028969407081604,0.47914427518844604,0.24460842372524605,1.703991413116455,0.47914427518844604,0.08719292134135735,2.105625867843628
Dtx2,0.07513050734996796,0.0655791386961937,0.20313242077827454,0.8584927253563396,-0.68895024061203,0.20313242077827454,0.5196272646011879,1.0449612140655518,0.20313242077827454,0.2832694477970542,1.400173306465149
Rasa4,0.009396685287356377,0.01832222193479538,-0.9698237776756287,0.837635850681374,-0.7156675457954407,-0.9698237776756287,0.3502373898640748,-1.4486814737319946,-0.9698237776756287,0.05576187524721258,-2.3129851818084717
Polr2j,0.9172669649124146,0.956996500492096,-0.0942426323890686,0.2359911757021702,-1.6759765148162842,-0.0942426323890686,0.16326960677907426,-1.950495719909668,-0.0942426323890686,0.025506219716431675,-2.6451919078826904
Lrwd1,0.31687667965888977,0.3373780846595764,-0.10603836178779602,0.2560588581413736,-1.627885341644287,-0.10603836178779602,0.39515070904104616,-1.328766107559204,-0.10603836178779602,0.16975437684879105,-1.7248719930648804
Alkbh4,0.09973953664302826,0.08607305586338043,0.22261470556259155,0.6563432447506143,-0.9497111439704895,0.22261470556259155,0.3844522569031391,1.3516119718551636,0.22261470556259155,0.16021537352752957,1.7768784761428833
Orai2,0.12240350246429443,0.11861474066972733,0.04814957082271576,0.15476270166209768,-1.9160760641098022,0.04814957082271576,0.9056771990822235,0.33017653226852417,0.04814957082271576,0.8088446210617779,0.43685677647590637
Prkrip1,0.20849043130874634,0.2155381292104721,-0.053225211799144745,0.2590132645488158,-1.621027946472168,-0.053225211799144745,0.8107382257689192,-0.49652808904647827,-0.053225211799144745,0.6603111219351223,-0.6658083200454712
Sh2b2,0.0002866131253540516,0.0044298055581748486,-3.953052043914795,0.9979940091511154,-0.28712198138237,-3.953052043914795,0.16306634196700756,-1.9550009965896606,-3.953052043914795,0.003170538773312104,-3.3762130737304688
Cux1,0.18739424645900726,0.19473624229431152,-0.06090935319662094,0.21399865369045512,-1.735110878944397,-0.06090935319662094,0.8210936903597572,-0.47808292508125305,-0.06090935319662094,0.6627696526340187,-0.6615774631500244
Myl10,0.0007870512781664729,0.000616118311882019,0.3533730208873749,0.9979940091511154,0.08282364159822464,0.3533730208873749,0.9741052158555406,0.2044195532798767,0.3533730208873749,0.9216393565621144,0.2570532262325287
Ift22,0.039365533739328384,0.04230179265141487,-0.10591843724250793,0.20103292918810492,-1.7710901498794556,-0.10591843724250793,0.8502701296694184,-0.42866459488868713,-0.10591843724250793,0.7244070855030236,-0.5665817260742188
Fis1,1.0605449676513672,1.0494829416275024,0.024484338238835335,0.34415653749834324,1.4402408599853516,0.024484338238835335,0.7747870698391008,0.5578862428665161,0.024484338238835335,0.6075653366532664,0.7494630813598633
Cldn15,0.0,0.0,0.0,0.9979940091511154,0.11319231241941452,0.0,1.0,0.0,0.0,1.0,0.0
Znhit1,0.27086442708969116,0.30962300300598145,-0.22225089371204376,0.03670869636660056,-2.582850933074951,-0.22225089371204376,0.06975793516017181,-2.386479616165161,-0.22225089371204376,0.004623930183214966,-3.25124454498291
Plod3,0.013144210912287235,0.033984776586294174,-1.385553240776062,0.04457546850082164,-2.5012741088867188,-1.385553240776062,0.00898550125972601,-3.1897010803222656,-1.385553240776062,4.518100846307062e-06,-5.005702495574951
Vgf,0.0002739490882959217,0.0,18.063751220703125,0.9979940091511154,0.14071114361286163,18.063751220703125,0.5196272646011879,1.0,18.063751220703125,0.46147875269036936,1.0
Ap1s1,0.4275255799293518,0.4844729006290436,-0.22459504008293152,0.04595228020351224,-2.4891622066497803,-0.22459504008293152,0.00977263685307873,-3.1518146991729736,-0.22459504008293152,0.00013730788234659182,-4.2294745445251465
Serpine1,0.0,0.0,0.0,0.9979940091511154,0.11319231241941452,0.0,1.0,0.0,0.0,1.0,0.0
Trim56,0.09152865409851074,0.07858794182538986,0.22938255965709686,0.2402696005647913,-1.6652005910873413,0.22938255965709686,0.46290061113229775,1.1941406726837158,0.22938255965709686,0.23240849169361613,1.5353928804397583
Muc3a,0.0006173955043777823,0.0,19.236282348632812,0.9979940091511154,0.14071114361286163,19.236282348632812,0.5196272646011879,1.0,19.236282348632812,0.46147875269036936,1.0
Ache,0.0,0.0,0.0,0.9979940091511154,0.11319231241941452,0.0,1.0,0.0,0.0,1.0,0.0
Ufsp1,0.009060313925147057,0.008946343325078487,0.018345443531870842,0.9979940091511154,-0.48340511322021484,0.018345443531870842,1.0,0.03423331305384636,0.018345443531870842,1.0,0.04268765076994896
Srrt,0.6848781704902649,0.7355464100837708,-0.14380894601345062,0.12267478988241813,-2.035769462585449,-0.14380894601345062,0.10275189906438563,-2.1983530521392822,-0.14380894601345062,0.01052031671174867,-2.9752633571624756
Trip6,0.005063364282250404,0.0033752317540347576,0.5863282680511475,0.9984208920935209,0.019414573907852173,0.5863282680511475,0.6646839589538157,0.7446305155754089,0.5863282680511475,0.5115804835464097,0.9116077423095703
Slc12a9,0.034508295357227325,0.040662527084350586,-0.24122373759746552,0.39010920590630455,-1.3531423807144165,-0.24122373759746552,0.6458606912243589,-0.7772592902183533,-0.24122373759746552,0.4149684853004677,-1.1226881742477417
Zan,0.00635514548048377,0.003154383273795247,1.0128775835037231,0.9979940091511154,0.15905702114105225,1.0128775835037231,0.35182438990984977,1.4431833028793335,1.0128775835037231,0.1727735202124131,1.7141954898834229
Pop7,0.4979812502861023,0.5380935668945312,-0.1431874930858612,0.334877620457564,-1.4587647914886475,-0.1431874930858612,0.10904815692891419,-2.168159246444702,-0.1431874930858612,0.013077358251445657,-2.8979299068450928
Gigyf1,0.11032699793577194,0.10674657672643661,0.0502253919839859,0.16318786476810526,-1.8855292797088623,0.0502253919839859,0.9262355455167659,0.29209020733833313,0.0502253919839859,0.8337574872581184,0.3963963985443115
Gnb2,1.6166682243347168,1.5718908309936523,0.08106197416782379,0.0045244071840250255,3.3418004512786865,0.08106197416782379,0.053456527161008544,2.5038528442382812,0.08106197416782379,0.004982045569230739,3.2272303104400635
Tfr2,0.0,0.0005029860767535865,-18.94052505493164,0.9979940091511154,0.027607882395386696,-18.94052505493164,0.5196272646011879,-1.0,-18.94052505493164,0.16021537352752957,-1.759765386581421
Mospd3,0.27993470430374146,0.2702556550502777,0.05806717276573181,0.9979940091511154,-0.45383796095848083,0.05806717276573181,0.7441475662193814,0.6092802882194519,0.05806717276573181,0.5748829009021591,0.8044199347496033
Pcolce,0.0,0.0006091400282457471,-19.216856002807617,0.9979940091511154,0.027607882395386696,-19.216856002807617,0.5196272646011879,-1.0,-19.216856002807617,0.16021537352752957,-1.759765386581421
Fbxo24,0.0,0.0,0.0,0.9979940091511154,0.11319231241941452,0.0,1.0,0.0,0.0,1.0,0.0
Lrch4,0.09251002967357635,0.06860274821519852,0.44882044196128845,0.9979940091511154,-0.41955074667930603,0.44882044196128845,0.039167991879566884,2.633749485015869,0.44882044196128845,0.003969662998731206,3.3017849922180176
Gm20605,0.00895608402788639,0.005655365064740181,0.6656314730644226,0.9979940091511154,0.12948986887931824,0.6656314730644226,0.5202464184235949,0.9978584051132202,0.6656314730644226,0.341167579816,1.2681059837341309
Sap25,0.0007860035984776914,0.0,19.584745407104492,0.9979940091511154,0.16822996735572815,19.584745407104492,0.36771606502410176,1.3876125812530518,19.584745407104492,0.2876840039425961,1.3876125812530518
Irs3,0.0,0.0,0.0,0.9979940091511154,0.11319231241941452,0.0,1.0,0.0,0.0,1.0,0.0
Agfg2,0.3538201153278351,0.3094126582145691,0.22728410363197327,0.6803352263605923,0.917472243309021,0.22728410363197327,0.05058019711064075,2.5282440185546875,0.22728410363197327,0.004553477255114294,3.2569222450256348
Nyap1,0.0075407009571790695,0.00966920331120491,-0.36023566126823425,0.9979940091511154,-0.4882142245769501,-0.36023566126823425,0.7036329416932225,-0.6780269742012024,-0.36023566126823425,0.49834615485973927,-0.9336299300193787
Tsc22d4,0.9466696381568909,0.9287139177322388,0.04257458820939064,0.20274081887583859,1.7661919593811035,0.04257458820939064,0.5810439525789133,0.8868470788002014,0.04257458820939064,0.3930961373553119,1.1642624139785767
Ppp1r35,0.582335889339447,0.5114269852638245,0.243112251162529,0.002181431992205343,3.5688974857330322,0.243112251162529,0.002391900471621348,3.604491710662842,0.243112251162529,1.2693437704110043e-05,4.78460168838501
Mepce,0.1908281296491623,0.1794113665819168,0.0974920243024826,0.580052578467012,-1.0539085865020752,0.0974920243024826,0.6384911633067593,0.7892148494720459,0.0974920243024826,0.45253118905292367,1.054165005683899
Zcwpw1,0.05026435852050781,0.038684017956256866,0.3862136900424957,0.8260734559745537,-0.7297386527061462,0.3862136900424957,0.24075368149907153,1.7158217430114746,0.3862136900424957,0.0775922398854268,2.161820650100708
Pilra,0.0011081831762567163,0.00997793860733509,-3.176948308944702,0.9979940091511154,-0.08905768394470215,-3.176948308944702,0.3597077510458407,-1.4283678531646729,-3.176948308944702,0.03879468547905398,-2.472411870956421
Pilrb1,0.0,0.003063605399802327,-21.549009323120117,0.9979940091511154,-0.05797655135393143,-21.549009323120117,0.4487958793599516,-1.222870111465454,-21.549009323120117,0.07944047100211336,-2.1519644260406494
Pilrb2,0.0003888904466293752,0.003578690579161048,-3.204294443130493,0.9979940091511154,0.05503764748573303,-3.204294443130493,0.5818014924600927,-0.8861150145530701,-3.204294443130493,0.23048887652632563,-1.5406179428100586
Gjc3,0.0,0.0,0.0,0.9979940091511154,0.11319231241941452,0.0,1.0,0.0,0.0,1.0,0.0
Zkscan1,0.055680494755506516,0.057362139225006104,-0.044151194393634796,0.3051179801159829,-1.518967866897583,-0.044151194393634796,0.9760652812486657,-0.19947201013565063,-0.044151194393634796,0.9140085309782637,-0.2692905366420746
Zscan21,0.053399309515953064,0.04699018970131874,0.1891232579946518,0.24286263291332402,-1.6587884426116943,0.1891232579946518,0.5612415455256791,0.9228559732437134,0.1891232579946518,0.3942505268666964,1.1618523597717285
Zfp113,0.028554515913128853,0.022361787036061287,0.35716965794563293,0.7124525970011434,-0.8754370212554932,0.35716965794563293,0.4585996694859886,1.2027703523635864,0.35716965794563293,0.24907751613629162,1.4897315502166748
Cops6,0.6972163915634155,0.7216241359710693,-0.06931210309267044,0.8036928100360844,-0.7569903135299683,-0.06931210309267044,0.4613847368291045,-1.1976004838943481,-0.06931210309267044,0.19654750407102214,-1.6374424695968628
Mcm7,0.8421962261199951,0.9872137308120728,-0.3495422899723053,3.4748715065981054e-06,-5.146910667419434,-0.3495422899723053,2.2515407295303686e-06,-5.300693988800049,-0.3495422899723053,8.171712257068818e-12,-7.2556891441345215
Ap4m1,0.07694344222545624,0.0849156603217125,-0.14806030690670013,0.032097658661831494,-2.6377995014190674,-0.14806030690670013,0.5916068689304396,-0.869253933429718,-0.14806030690670013,0.3967883856654177,-1.1570611000061035
Taf6,0.21333971619606018,0.20806613564491272,0.04004807397723198,0.4108511442038829,-1.317697525024414,0.04004807397723198,0.8813191364621877,0.37480199337005615,0.04004807397723198,0.773490524223415,0.4910382926464081
Cnpy4,0.10118864476680756,0.10737233608961105,-0.09011317789554596,0.023124862017452435,-2.768803358078003,-0.09011317789554596,0.7552666823456543,-0.591411292552948,-0.09011317789554596,0.5851754483299929,-0.7871962189674377
Mblac1,0.00604984862729907,0.005785295274108648,0.06469939649105072,0.9979940091511154,-0.12245431542396545,0.06469939649105072,1.0,0.10020903497934341,0.06469939649105072,0.9986808611632945,0.13167667388916016
Nxpe5,0.0,0.0,0.0,0.9979940091511154,0.11319231241941452,0.0,1.0,0.0,0.0,1.0,0.0
Lamtor4,0.88994961977005,0.8535782098770142,0.090201236307621,0.1146263382474786,2.0697896480560303,0.090201236307621,0.2727154305170127,1.6287997961044312,0.090201236307621,0.07274287509440225,2.1928420066833496
Map11,0.07418242841959,0.06646832823753357,0.164040207862854,0.683957391601564,-0.9123959541320801,0.164040207862854,0.6774522281267769,0.7245283126831055,0.164040207862854,0.46147875269036936,1.0032670497894287
Gpc2,0.000333034637151286,0.0,18.345558166503906,0.9979940091511154,0.14071114361286163,18.345558166503906,0.5196272646011879,1.0,18.345558166503906,0.46147875269036936,1.0
Stag3,0.004742139484733343,0.004201609641313553,0.17498622834682465,0.9979940091511154,-0.23261865973472595,0.17498622834682465,0.9605645487104995,0.2285495102405548,0.17498622834682465,0.9110573852471249,0.27399784326553345
Pvrig,0.0037636938504874706,0.002090228023007512,0.8496963977813721,0.9979940091511154,0.050940994173288345,0.8496963977813721,0.5939759433640114,0.8654477000236511,0.8496963977813721,0.46147875269036936,1.0085043907165527
Zfp157,0.04913785308599472,0.053783342242240906,-0.13370434939861298,0.1676438623484011,-1.8704785108566284,-0.13370434939861298,0.7754671341551808,-0.5566892027854919,-0.13370434939861298,0.6001602215786647,-0.7622699737548828
Zfp68,0.14950589835643768,0.169126495718956,-0.19242925941944122,0.023889205134915027,-2.756067991256714,-0.19242925941944122,0.3448823279508558,-1.460701823234558,-0.19242925941944122,0.10434667603508752,-2.0150136947631836
A430033K04Rik,0.012595593929290771,0.013884109444916248,-0.1414470076560974,0.9979940091511154,-0.2702009975910187,-0.1414470076560974,0.9361013387395074,-0.2757473587989807,-0.1414470076560974,0.8373082134100868,-0.39052814245224
Fam20c,0.0,0.0006729503511451185,-19.360628128051758,0.9979940091511154,0.027607882395386696,-19.360628128051758,0.5196272646011879,-1.0,-19.360628128051758,0.16021537352752957,-1.759765386581421
Pdgfa,0.0,0.0005029860767535865,-18.94052505493164,0.9979940091511154,0.027607882395386696,-18.94052505493164,0.5196272646011879,-1.0,-18.94052505493164,0.16021537352752957,-1.759765386581421
Prkar1b,0.0006434241076931357,0.0,19.29587745666504,0.9979940091511154,0.16822996735572815,19.29587745666504,0.36902404816304296,1.3837051391601562,19.29587745666504,0.2890653175209818,1.3837051391601562
Dnaaf5,0.08925280719995499,0.12447130680084229,-0.5057011246681213,0.0003572456707200566,-4.077416896820068,-0.5057011246681213,0.012197394031783158,-3.0762643814086914,-0.5057011246681213,8.429899644414826e-05,-4.34706974029541
Sun1,0.26529282331466675,0.3046085834503174,-0.22907619178295135,0.014483839131133876,-2.9443359375,-0.22907619178295135,0.09640509561931644,-2.2320716381073,-0.22907619178295135,0.008306230335901464,-3.057729482650757
Get4,0.319585919380188,0.3705543279647827,-0.2523573338985443,0.011608906967463048,-3.024933338165283,-0.2523573338985443,0.015530395566184381,-2.98865008354187,-0.2523573338985443,0.0003124192757260885,-4.020305633544922
Adap1,0.36372292041778564,0.4815959334373474,-0.4959821403026581,1.5481011058450106e-07,-5.745734691619873,-0.4959821403026581,3.504828066529813e-08,-6.092070579528809,-0.4959821403026581,4.132191303062483e-15,-8.279376029968262
Cox19,0.3210076093673706,0.37025681138038635,-0.24348676204681396,0.012408596709042095,-3.0003533363342285,-0.24348676204681396,0.0168033867524443,-2.958923578262329,-0.24348676204681396,0.00040040492981145004,-3.9552626609802246
3110082I17Rik,0.015278126113116741,0.026460686698555946,-0.8004774451255798,0.22673335472549977,-1.7011798620224,-0.8004774451255798,0.11009653833885043,-2.1646132469177246,-0.8004774451255798,0.005311981018838668,-3.2062294483184814
Gpr146,0.14105206727981567,0.16124944388866425,-0.20800241827964783,0.005588187771133911,-3.2722463607788086,-0.20800241827964783,0.2695154599262186,-1.6380152702331543,-0.20800241827964783,0.07179823855065443,-2.198993682861328
C130050O18Rik,0.0006130948895588517,0.0006188570987433195,-0.013500046916306019,0.9979940091511154,0.08282364159822464,-0.013500046916306019,1.0,-0.007627331651747227,-0.013500046916306019,1.0,-0.010325616225600243
Gper1,0.00037460646126419306,0.0,18.515291213989258,0.9979940091511154,0.14071114361286163,18.515291213989258,0.5196272646011879,1.0,18.515291213989258,0.46147875269036936,1.0
Zfand2a,0.06817291676998138,0.06180337443947792,0.14615729451179504,0.4454858022405434,-1.2592756748199463,0.14615729451179504,0.6838898723032114,0.7131050825119019,0.14615729451179504,0.4900004619227669,0.9482753872871399
Micall2,0.0,0.0,0.0,0.9979940091511154,0.11319231241941452,0.0,1.0,0.0,0.0,1.0,0.0
Ints1,0.15690454840660095,0.16408704221248627,-0.06989362090826035,0.13655802064810488,-1.9808210134506226,-0.06989362090826035,0.7836674857043692,-0.5416100025177002,-0.06989362090826035,0.6163380275885099,-0.7350678443908691
Mafk,0.09354772418737411,0.10052870959043503,-0.10895013064146042,0.038996487691774884,-2.5567569732666016,-0.10895013064146042,0.7361498772931748,-0.6248721480369568,-0.10895013064146042,0.5416564109133795,-0.8593804836273193
Tmem184a,0.0,0.0,0.0,0.9979940091511154,0.11319231241941452,0.0,1.0,0.0,0.0,1.0,0.0
Psmg3,0.2183460295200348,0.2921867072582245,-0.47580257058143616,9.248767788094316e-07,-5.40945291519165,-0.47580257058143616,1.0772500171237069e-05,-4.967484474182129,-0.47580257058143616,2.0648946515501437e-10,-6.772098541259766
Mad1l1,0.20571203529834747,0.1641043871641159,0.3569503128528595,0.898771598787655,0.6383654475212097,0.3569503128528595,0.013517487064093428,3.0366203784942627,0.3569503128528595,0.0004725639389497783,3.9128916263580322
Nudt1,0.33280450105667114,0.37832579016685486,-0.21973280608654022,0.02594743530919529,-2.7227604389190674,-0.21973280608654022,0.04109080430226938,-2.615896224975586,-0.21973280608654022,0.0017880995688507274,-3.5446059703826904
Mrm2,0.05745829641819,0.06950990110635757,-0.28348854184150696,0.11081164021777062,-2.0861761569976807,-0.28348854184150696,0.3813021516001079,-1.3583393096923828,-0.28348854184150696,0.12316366677653472,-1.929187536239624
Snx8,0.00516620883718133,0.014935076236724854,-1.5385851860046387,0.5083593812526646,-1.1616684198379517,-1.5385851860046387,0.05720237548859311,-2.479475975036621,-1.5385851860046387,0.0003865730388770064,-3.966252565383911
Eif3b,0.63921719789505,0.8782468438148499,-0.6523362994194031,3.768066550903029e-18,-9.143908500671387,-0.6523362994194031,2.7804423112327274e-21,-10.31412410736084,-0.6523362994194031,1.3219601242643919e-40,-14.012068748474121
Chst12,0.1728714257478714,0.1812048852443695,-0.07411079853773117,0.13382321320971374,-1.9911516904830933,-0.07411079853773117,0.7395605615683678,-0.6176868677139282,-0.07411079853773117,0.557200443343146,-0.8337170481681824
Grifin,0.008693614974617958,0.011937201954424381,-0.4597802758216858,0.8695785033302363,-0.6737213730812073,-0.4597802758216858,0.5240543533320013,-0.991897463798523,-0.4597802758216858,0.2909720629914012,-1.3781105279922485
Lfng,0.501470685005188,0.452764093875885,0.18532344698905945,0.22668793292511769,1.7014470100402832,0.18532344698905945,0.07336050724100937,2.36238956451416,0.18532344698905945,0.006914323030720996,3.1194097995758057
Ttyh3,0.06082584336400032,0.06196426972746849,-0.027581606060266495,0.4292703455496508,-1.2862601280212402,-0.027581606060266495,1.0,-0.11082946509122849,-0.027581606060266495,0.9827808629365035,-0.15744943916797638
Iqce,0.03698337450623512,0.055179622024297714,-0.590485155582428,0.038687587327219636,-2.560230255126953,-0.590485155582428,0.14245236198261577,-2.0301849842071533,-0.590485155582428,0.008458961032187575,-3.0513017177581787
Brat1,0.03268423303961754,0.03073389083147049,0.09017889946699142,0.6316671183795376,-0.9813265800476074,0.09017889946699142,0.9077663268589126,0.3259258568286896,0.09017889946699142,0.8131105142026466,0.4298875331878662
Amz1,0.0002655089774634689,0.0019283920992165804,-2.8617608547210693,0.9979940091511154,0.08246741443872452,-2.8617608547210693,0.5134357663397696,-1.101736068725586,-2.8617608547210693,0.13552630204466895,-1.8788021802902222
Gna12,0.04725925624370575,0.06375083327293396,-0.4438534080982208,0.0063466517639803105,-3.230478286743164,-0.4438534080982208,0.10647153330695326,-2.1802804470062256,-0.4438534080982208,0.010293377601443462,-2.9827523231506348
Card11,0.29838791489601135,0.2913684844970703,0.0396558977663517,0.9979940091511154,-0.2821347415447235,0.0396558977663517,0.8848341977448219,0.367726594209671,0.0396558977663517,0.7623491861910906,0.5074380040168762
Foxk1,0.09883378446102142,0.1288391351699829,-0.40454959869384766,0.0002027251167928583,-4.225074768066406,-0.40454959869384766,0.029145960510081368,-2.7538819313049316,-0.40454959869384766,0.0007583808731953088,-3.7852447032928467
Ap5z1,0.050781093537807465,0.04801187291741371,0.08291426301002502,0.5393834543645148,-1.1157146692276,0.08291426301002502,0.9130620897272924,0.316895455121994,0.08291426301002502,0.8063620456253872,0.4408080279827118
Wipi2,0.18323196470737457,0.18223169445991516,0.008640837855637074,0.27692989949174396,-1.5790817737579346,0.008640837855637074,1.0,0.07669325917959213,0.008640837855637074,1.0,0.10135181248188019
Slc29a4,0.006304762326180935,0.003990602679550648,0.6615061163902283,0.9979940091511154,0.07569903135299683,0.6615061163902283,0.5196272646011879,1.0038886070251465,0.6615061163902283,0.3574356620801399,1.234057068824768
Tnrc18,0.15464645624160767,0.140248104929924,0.151633620262146,0.6252912797628483,-0.9904995560646057,0.151633620262146,0.4650405851246862,1.1906650066375732,0.151633620262146,0.22236131581231933,1.5627928972244263
Fbxl18,0.029135381802916527,0.032090701162815094,-0.14152584969997406,0.40460145787993673,-1.3282063007354736,-0.14152584969997406,0.8041845136716349,-0.5068017840385437,-0.14152584969997406,0.6526982228555375,-0.6777217984199524
Actb,5.13954496383667,5.053982257843018,0.12420108169317245,0.006800242591084536,3.207857608795166,0.12420108169317245,0.0046036523696955135,3.4056506156921387,0.12420108169317245,7.917854299553856e-06,4.885495185852051
Fscn1,0.0007201918633654714,0.0035516826901584864,-2.304090976715088,0.9979940091511154,-0.17375153303146362,-2.304090976715088,0.3427974859892584,-1.4665558338165283,-2.304090976715088,0.04529565139553698,-2.40452241897583
Rnf216,0.13992814719676971,0.16390375792980194,-0.2458951771259308,0.00039192825679616256,-4.052302837371826,-0.2458951771259308,0.20171582018974155,-1.8267295360565186,-0.2458951771259308,0.03939143704369738,-2.4639108180999756
Olfr718-ps1,0.0024803816340863705,0.0006774610374122858,1.8736515045166016,0.9979940091511154,0.19325517117977142,1.8736515045166016,0.36092665352732556,1.4228631258010864,1.8736515045166016,0.21441065072394763,1.5844308137893677
Rbak,0.03272608667612076,0.03632320463657379,-0.15306006371974945,0.5931922643081265,-1.0341378450393677,-0.15306006371974945,0.8175553651002768,-0.48499420285224915,-0.15306006371974945,0.642460165222658,-0.69410640001297
Spdye4b,0.000334664189722389,0.0,18.35260009765625,0.9979940091511154,0.14071114361286163,18.35260009765625,0.5196272646011879,1.0,18.35260009765625,0.46147875269036936,1.0
Zfp12,0.012035544961690903,0.02045588009059429,-0.771304726600647,0.9979940091511154,-0.2162320464849472,-0.771304726600647,0.48608571851603044,-1.1520792245864868,-0.771304726600647,0.13916251329858959,-1.8649615049362183
Zfp316,0.002484688302502036,0.006156436633318663,-1.3116809129714966,0.9714892571601285,-0.5441424250602722,-1.3116809129714966,0.25343052406754146,-1.681755542755127,-1.3116809129714966,0.03706635936984048,-2.4937191009521484
E130309D02Rik,0.1715516448020935,0.20146825909614563,-0.25416040420532227,0.0013758416618378613,-3.7057793140411377,-0.25416040420532227,0.11022017753334333,-2.1620612144470215,-0.25416040420532227,0.012556814279525581,-2.9125583171844482
Zdhhc4,0.13819484412670135,0.13295172154903412,0.05966901406645775,0.27753713711304834,-1.577656865119934,0.05966901406645775,0.8468280146699279,0.4339235723018646,0.05966901406645775,0.7146919444851354,0.5816125869750977
Kdelr2,0.6329032778739929,0.7704624533653259,-0.39447689056396484,3.0961653287476664e-08,-6.033301830291748,-0.39447689056396484,1.0926209361634384e-08,-6.300169944763184,-0.39447689056396484,3.6105226112899787e-16,-8.585521697998047
Daglb,0.054136525839567184,0.06646138429641724,-0.30489373207092285,0.007974749137018556,-3.153888702392578,-0.30489373207092285,0.3071942469494116,-1.5463308095932007,-0.30489373207092285,0.09546533985762404,-2.0606441497802734
Rac1,1.522904872894287,1.6058679819107056,-0.15137451887130737,0.0030769773859585636,-3.463275194168091,-0.15137451887130737,5.518802046512629e-05,-4.594839096069336,-0.15137451887130737,1.8273176025109495e-08,-6.042861461639404
Fam220a,0.0030541957821696997,0.004382806830108166,-0.5220212340354919,0.9979940091511154,-0.28934842348098755,-0.5220212340354919,0.6812625314650943,-0.7175636291503906,-0.5220212340354919,0.46529698877873926,-0.9929460883140564
Fam220a-1,0.0312688946723938,0.037591248750686646,-0.270255446434021,0.23860581994211677,-1.669119119644165,-0.270255446434021,0.5741200831839144,-0.9005401134490967,-0.270255446434021,0.34560489118921744,-1.258954644203186
Cyth3,0.019646018743515015,0.015997769311070442,0.2990058362483978,0.9979940091511154,-0.22282232344150543,0.2990058362483978,0.692723904374688,0.6981921792030334,0.2990058362483978,0.5027344685993581,0.9261872172355652
Usp42,0.11851571500301361,0.10890821367502213,0.12902718782424927,0.3535318907460037,-1.4223402738571167,0.12902718782424927,0.5837590092039495,0.8825246691703796,0.12902718782424927,0.402792325429407,1.145811676979065
Eif2ak1,0.23343223333358765,0.23398400843143463,-0.003819782519713044,0.5776184641555533,-1.0569366216659546,-0.003819782519713044,1.0,-0.035801880061626434,-0.003819782519713044,1.0,-0.048516739159822464
Ankrd61,0.0005663177580572665,0.0,19.111663818359375,0.9979940091511154,0.16822996735572815,19.111663818359375,0.36167647049845647,1.4139153957366943,19.111663818359375,0.2795729409432369,1.4139153957366943
Aimp2,0.2644960284233093,0.3550846576690674,-0.4936312139034271,2.8742479334117247e-07,-5.633432865142822,-0.4936312139034271,6.421245640189651e-07,-5.548815727233887,-0.4936312139034271,1.2039087119535425e-12,-7.527546405792236
Pms2,0.22810527682304382,0.22142520546913147,0.047879382967948914,0.4567559209081168,-1.240395426750183,0.047879382967948914,0.8284831330564733,0.4651183784008026,0.047879382967948914,0.6978081153711155,0.6069027185440063
Gm42421,0.0004632383643183857,0.0,18.821731567382812,0.9979940091511154,0.14071114361286163,18.821731567382812,0.5196272646011879,1.0,18.821731567382812,0.46147875269036936,1.0
Rsph10b,0.009369328618049622,0.01778210885822773,-0.930491030216217,0.5151375486417098,-1.1509815454483032,-0.930491030216217,0.12150010612404782,-2.1132795810699463,-0.930491030216217,0.006408171046698321,-3.144505739212036
Ccz1,0.42288026213645935,0.5017299652099609,-0.30790677666664124,0.002406293883121217,-3.5405771732330322,-0.30790677666664124,0.0002404342223060107,-4.231367588043213,-0.30790677666664124,1.5123005356350235e-07,-5.663742542266846
Lmtk2,0.07859579473733902,0.09226476401090622,-0.24132797122001648,0.004104337219986609,-3.3727035522460938,-0.24132797122001648,0.3575353907512238,-1.432244896888733,-0.24132797122001648,0.1280810406770902,-1.9090784788131714
Bhlha15,0.0007955229375511408,0.0006086328066885471,0.38646572828292847,0.9979940091511154,0.08282364159822464,0.38646572828292847,0.9647827462903587,0.22103632986545563,0.38646572828292847,0.9108813767543056,0.27433887124061584
Tecpr1,0.32601800560951233,0.34129709005355835,-0.07770971953868866,0.7428000852271727,-0.8357173204421997,-0.07770971953868866,0.6870468038219023,-0.7081227898597717,-0.07770971953868866,0.46147875269036936,-1.0058046579360962
Bri3,0.5770114064216614,0.6172210574150085,-0.12906190752983093,0.2499927931559678,-1.6422237157821655,-0.12906190752983093,0.1509107890785563,-1.9962807893753052,-0.12906190752983093,0.024570990653032903,-2.6600341796875
Baiap2l1,0.0004015279409941286,0.001188857713714242,-1.566569447517395,0.9979940091511154,-0.0302796121686697,-1.566569447517395,0.606589125627448,-0.8436965346336365,-1.566569447517395,0.3450222028466485,-1.2601343393325806
Trrap,0.1905231773853302,0.21099361777305603,-0.16249287128448486,0.009300776112044938,-3.1022353172302246,-0.16249287128448486,0.35182438990984977,-1.4436625242233276,-0.16249287128448486,0.1283141788908122,-1.90802800655365
Smurf1,0.03604273125529289,0.03472301736474037,0.054773587733507156,0.6160846223538913,-1.0033237934112549,0.054773587733507156,0.9928637528819211,0.1672770231962204,0.054773587733507156,0.9375673710911611,0.23276369273662567
Arpc1a,0.5841161608695984,0.6229404807090759,-0.12364471703767776,0.2832240180822249,-1.5650997161865234,-0.12364471703767776,0.17743790958667321,-1.9019300937652588,-0.12364471703767776,0.031222499119655217,-2.5646138191223145
Arpc1b,2.0828118324279785,2.045058012008667,0.06238793209195137,0.015035388904744849,2.93017578125,0.06238793209195137,0.08158622418402023,2.308960437774658,0.06238793209195137,0.007000151076765575,3.1151390075683594
Pdap1,0.9592077732086182,1.1529901027679443,-0.4294044077396393,1.5931252024421927e-15,-8.434118270874023,-0.4294044077396393,7.08382450725552e-14,-8.178838729858398,-0.4294044077396393,1.4452407284884394e-27,-11.398539543151855
Bud31,0.660538375377655,0.7330485582351685,-0.208596870303154,0.020770580262413057,-2.809591770172119,-0.208596870303154,0.0018056344140402682,-3.6865203380584717,-0.208596870303154,6.1417431512625645e-06,-4.940276622772217
Ptcd1,0.0600818432867527,0.056690044701099396,0.08630429208278656,0.44213990579277274,-1.2647972106933594,0.08630429208278656,0.8516318333188744,0.42581722140312195,0.08630429208278656,0.7201952159092074,0.573157787322998
Cpsf4,0.1999325156211853,0.20711857080459595,-0.0563032291829586,0.18940861429796776,-1.8033289909362793,-0.0563032291829586,0.7974300392446152,-0.5184038877487183,-0.0563032291829586,0.6445441607444237,-0.6906752586364746
Atp5j2,1.9300624132156372,1.998185634613037,-0.11432226002216339,0.00948496693853767,-3.095734119415283,-0.11432226002216339,0.002707649466527855,-3.5678999423980713,-0.11432226002216339,1.2453354974842896e-05,-4.789063453674316
Zkscan14,0.10561418533325195,0.08517500013113022,0.3252796530723572,0.8857405965807635,-0.6542177200317383,0.3252796530723572,0.15369475535295538,1.9847708940505981,0.3252796530723572,0.029571382353947965,2.586662530899048
Zkscan5,0.013141517527401447,0.01801295205950737,-0.45842596888542175,0.7833481123380739,-0.7835294604301453,-0.45842596888542175,0.6390158867172282,-0.788548469543457,-0.45842596888542175,0.3798547412940563,-1.1886197328567505
Zfp655,0.16776809096336365,0.16977271437644958,-0.01862293668091297,0.44436247598725925,-1.2612348794937134,-0.01862293668091297,1.0,-0.13459716737270355,-0.01862293668091297,0.9627439090440646,-0.18875712156295776
Zscan25,0.005438712891191244,0.0032763604540377855,0.7327319383621216,0.9979940091511154,0.1314491331577301,0.7327319383621216,0.5196272646011879,1.056403398513794,0.7327319383621216,0.3104159563486224,1.3335071802139282
1700001J03Rik,0.0,0.0,0.0,0.9979940091511154,0.11319231241941452,0.0,1.0,0.0,0.0,1.0,0.0
Rnf6,0.2599619925022125,0.2714243233203888,-0.0708833858370781,0.14946990811383787,-1.9345109462738037,-0.0708833858370781,0.6970583916238128,-0.6909059286117554,-0.0708833858370781,0.5054440737055212,-0.9220454692840576
Cdk8,0.12012634426355362,0.15696901082992554,-0.413116991519928,9.463365973197566e-05,-4.413342475891113,-0.413116991519928,0.01545975707887111,-2.9914872646331787,-0.413116991519928,0.00020028400450154598,-4.134653091430664
Usp12,0.08991597592830658,0.08711633086204529,0.047683920711278915,0.36065685446432355,-1.4087144136428833,0.047683920711278915,0.9439785506754598,0.2602151036262512,0.047683920711278915,0.8579923644656868,0.35823842883110046
Rpl21,3.119946241378784,3.1635217666625977,-0.06570572406053543,0.01918132177556374,-2.8403167724609375,-0.06570572406053543,0.008188868233075687,-3.213691234588623,-0.06570572406053543,4.376397497964183e-05,-4.503305912017822
Rasl11a,0.018041260540485382,0.01746596023440361,0.047170501202344894,0.7138045200547302,-0.8736558556556702,0.047170501202344894,1.0,0.12143180519342422,0.047170501202344894,0.9851060144864556,0.15305890142917633
Gtf3a,0.5968004465103149,0.7567837834358215,-0.4709542393684387,8.999610283918666e-11,-6.9719696044921875,-0.4709542393684387,1.4306904144534172e-12,-7.729424953460693,-0.4709542393684387,1.3270386408951452e-23,-10.506128311157227
Mtif3,0.118024080991745,0.1392589956521988,-0.25433534383773804,0.0038573856093733422,-3.3925633430480957,-0.25433534383773804,0.21239253555117624,-1.7964738607406616,-0.25433534383773804,0.04064597435707181,-2.450319766998291
Lnx2,0.06843026727437973,0.05795164406299591,0.24742327630519867,0.9979940091511154,-0.48812514543533325,0.24742327630519867,0.4490337239376463,1.2211028337478638,0.24742327630519867,0.19432092609744103,1.6446419954299927
Polr1d,1.503702998161316,1.5361099243164062,-0.05984412506222725,0.03707033014698079,-2.578665256500244,-0.05984412506222725,0.3118770793986343,-1.5359121561050415,-0.05984412506222725,0.06979808872661711,-2.2113454341888428
Flt3,0.0,0.0,0.0,0.9979940091511154,0.11319231241941452,0.0,1.0,0.0,0.0,1.0,0.0
Pan3,0.3050333857536316,0.28431010246276855,0.11718374490737915,0.9979940091511154,0.289437472820282,0.11718374490737915,0.5113310411217946,1.1042407751083374,0.11718374490737915,0.24314344331344248,1.5057462453842163
Flt1,0.006522549316287041,0.002487932564690709,1.39340078830719,0.9979940091511154,0.21756792068481445,1.39340078830719,0.4127094126458032,1.2909132242202759,1.39340078830719,0.24190524043782594,1.5090179443359375
Pomp,1.6121193170547485,1.6479568481445312,-0.06430155038833618,0.0914246471192372,-2.1798648834228516,-0.06430155038833618,0.260372073562616,-1.6610392332077026,-0.06430155038833618,0.05242219947492236,-2.3405609130859375
Slc46a3,0.028136666864156723,0.014913051389157772,0.9254489541053772,0.9979940091511154,0.20358586311340332,0.9254489541053772,0.02346777119108128,2.8324403762817383,0.9254489541053772,0.003008253171188609,3.389681816101074
Mtus2,0.01393891591578722,0.013284546323120594,0.06984242051839828,0.9979940091511154,-0.2929997742176056,0.06984242051839828,1.0,0.13904739916324615,0.06984242051839828,0.9626486596747845,0.18898949027061462
Slc7a1,0.16821244359016418,0.22476068139076233,-0.46023133397102356,1.0213652739179536e-05,-4.920436859130859,-0.46023133397102356,0.0009108602209443727,-3.879894495010376,-0.46023133397102356,7.572024804805591e-07,-5.358174800872803
Ubl3,0.48840615153312683,0.47573134303092957,0.047809164971113205,0.9979940091511154,0.3777827024459839,0.047809164971113205,0.7262265030120268,0.6403623223304749,0.047809164971113205,0.5564913264198225,0.8351656198501587
Katnal1,0.016608361154794693,0.019209468737244606,-0.21178998053073883,0.6440729632279358,-0.9654743075370789,-0.21178998053073883,0.7715374302452912,-0.5634116530418396,-0.21178998053073883,0.6014175941944808,-0.7599421739578247
Hmgb1,2.738349437713623,2.5958099365234375,0.22100600600242615,4.284399629491121e-05,4.599295139312744,0.22100600600242615,2.2754558553696933e-07,5.793558120727539,0.22100600600242615,5.482707343871315e-18,9.10000228881836
Uspl1,0.09987550228834152,0.10870570689439774,-0.1287049800157547,0.018758139979301744,-2.849578619003296,-0.1287049800157547,0.6580478317806104,-0.7569840550422668,-0.1287049800157547,0.46147875269036936,-1.0242234468460083
Alox5ap,0.0017985167214646935,0.024923792108893394,-3.8093619346618652,0.9979940091511154,-0.17847159504890442,-3.8093619346618652,0.2218432711535334,-1.7730761766433716,-3.8093619346618652,0.007247320803411448,-3.1074929237365723
Wdr95,0.2562762200832367,0.17980948090553284,0.5683923363685608,0.28673570339711607,1.5569955110549927,0.5683923363685608,0.001094587825696643,3.8256969451904297,0.5683923363685608,3.0828326100206133e-06,5.081818580627441
Hsph1,0.551415205001831,0.9421451687812805,-1.0893995761871338,7.925985562624582e-35,-12.746113777160645,-1.0893995761871338,4.545259893657472e-39,-14.64394760131836,-1.0893995761871338,4.043106293424901e-80,-20.268795013427734
B3glct,0.08864401280879974,0.09838332235813141,-0.15752534568309784,0.00865278013125851,-3.12601375579834,-0.15752534568309784,0.5448419181604308,-0.9545888304710388,-0.15752534568309784,0.33890641107021696,-1.2726640701293945
Fry,0.10930124670267105,0.08445335924625397,0.39029660820961,0.8015228435994968,-0.7598401308059692,0.39029660820961,0.0763452572169183,2.34149169921875,0.39029660820961,0.010383392731625751,2.980527877807617
Brca2,0.22340993583202362,0.22072257101535797,0.019469503313302994,0.10819696757221653,-2.0978426933288574,0.019469503313302994,0.9945100196384788,0.1636311560869217,0.019469503313302994,0.9473302316366806,0.21500925719738007
N4bp2l1,0.09339407831430435,0.12347277998924255,-0.4248791038990021,0.005705716938466602,-3.265745162963867,-0.4248791038990021,0.11125742593385524,-2.158438205718994,-0.4248791038990021,0.005740504786091279,-3.1811304092407227
N4bp2l2,0.6609137654304504,0.620633602142334,0.12285834550857544,0.10769388192711343,2.100158214569092,0.12285834550857544,0.17743790958667321,1.9017633199691772,0.12285834550857544,0.03338924767228815,2.5373759269714355
Pds5b,0.42801082134246826,0.40052175521850586,0.11696115881204605,0.8210667278006349,0.7365961074829102,0.11696115881204605,0.3345834024396147,1.4837270975112915,0.11696115881204605,0.11786356912726781,1.951846957206726
Stard13,0.0,0.0011747669195756316,-20.164791107177734,0.9979940091511154,-0.05797655135393143,-20.164791107177734,0.366947820220315,-1.3922295570373535,-20.164791107177734,0.04086232948885228,-2.4499971866607666
Vmn2r18,0.0,0.0,0.0,0.9979940091511154,0.11319231241941452,0.0,1.0,0.0,0.0,1.0,0.0
Rfc3,0.32930582761764526,0.4910358190536499,-0.7010155916213989,5.337917982212277e-12,-7.3758463859558105,-0.7010155916213989,1.4031103323958121e-11,-7.412703037261963,-0.7010155916213989,1.9378654355547245e-23,-10.462090492248535
Samd9l,0.3334738612174988,0.33887630701065063,-0.027299949899315834,0.3713958022446594,-1.388676404953003,-0.027299949899315834,0.9387961449394898,-0.2706843316555023,-0.027299949899315834,0.8557239561895537,-0.3625422418117523
Hepacam2,0.0,0.001478514983318746,-20.496784210205078,0.9979940091511154,0.027607882395386696,-20.496784210205078,0.5196272646011879,-1.0,-20.496784210205078,0.16021537352752957,-1.759765386581421
Vps50,0.09147616475820541,0.12406180799007416,-0.46351882815361023,0.00022340337835148122,-4.199693202972412,-0.46351882815361023,0.009376586160983181,-3.167473793029785,-0.46351882815361023,7.720290936724329e-05,-4.368394374847412
Gngt1,0.0005384359392337501,0.0,19.038806915283203,0.9979940091511154,0.14071114361286163,19.038806915283203,0.5196272646011879,1.0,19.038806915283203,0.46147875269036936,1.0
Gng11,0.00411581015214324,0.0019924193620681763,1.048187255859375,0.9979940091511154,0.13536767661571503,1.048187255859375,0.5742638518660594,0.8998934626579285,1.048187255859375,0.44632396334966457,1.0661269426345825
Bet1,0.17878970503807068,0.2674456834793091,-0.6473100781440735,4.028021618675981e-09,-6.375283241271973,-0.6473100781440735,2.4813001789337198e-08,-6.1625776290893555,-0.6473100781440735,3.855846613532654e-16,-8.575542449951172
Casd1,0.039930764585733414,0.05425266921520233,-0.4526054263114929,0.002225636352088824,-3.5631978511810303,-0.4526054263114929,0.12264354558512704,-2.106109380722046,-0.4526054263114929,0.017123062727995075,-2.7980704307556152
Sgce,0.0,0.0,0.0,0.9979940091511154,0.11319231241941452,0.0,1.0,0.0,0.0,1.0,0.0
Peg10,0.0,0.0,0.0,0.9979940091511154,0.11319231241941452,0.0,1.0,0.0,0.0,1.0,0.0
Pon3,0.009399238973855972,0.009252626448869705,0.022787055000662804,0.9984208920935209,0.01798965223133564,0.022787055000662804,1.0,0.028783343732357025,0.022787055000662804,1.0,0.04437452554702759
Pon2,0.43736064434051514,0.43281280994415283,0.018597934395074844,0.9984208920935209,-0.010241633281111717,0.018597934395074844,0.9506370647031457,0.24923104047775269,0.018597934395074844,0.8763396884254371,0.3307639956474304
Asb4,0.0,0.0,0.0,0.9979940091511154,0.11319231241941452,0.0,1.0,0.0,0.0,1.0,0.0
Slc25a13,0.044758956879377365,0.08009377866983414,-0.8652676343917847,0.0003871206682167371,-4.055686950683594,-0.8652676343917847,0.0006931467747251979,-3.9608583450317383,-0.8652676343917847,5.6886130649727514e-08,-5.8404459953308105
Sem1,1.7602691650390625,1.7349432706832886,0.044244904071092606,0.13103723246842255,2.0024619102478027,0.044244904071092606,0.39326870600440145,1.3331611156463623,0.044244904071092606,0.14566430566011937,1.8399572372436523
Sdhaf3,0.055801499634981155,0.0683407187461853,-0.30158016085624695,0.02091851998024895,-2.806652784347534,-0.30158016085624695,0.2823649090355888,-1.6053813695907593,-0.30158016085624695,0.07763086884934846,-2.1611897945404053
Asns,0.05006973817944527,0.1105567067861557,-1.186991810798645,1.324208661283112e-07,-5.7746782302856445,-1.186991810798645,6.322997100083154e-07,-5.579372406005859,-1.186991810798645,2.058342803856079e-15,-8.36758804321289
C1galt1,0.3320382833480835,0.35146838426589966,-0.09685792028903961,0.35658214865861415,-1.4169076681137085,-0.09685792028903961,0.5173375925970837,-1.093989372253418,-0.09685792028903961,0.2534622611089818,-1.4789906740188599
Mios,0.08334072679281235,0.0894121527671814,-0.10589215159416199,0.05634289625531822,-2.4035778045654297,-0.10589215159416199,0.7492475631864459,-0.6008255481719971,-0.10589215159416199,0.5663540437540634,-0.8186905384063721
Rpa3,0.8336822390556335,0.8560192584991455,-0.056500572711229324,0.8096630581526055,-0.7500438094139099,-0.056500572711229324,0.5196272646011879,-1.017283320426941,-0.056500572711229324,0.29840000046231646,-1.3603025674819946
Umad1,0.10000920295715332,0.08181764930486679,0.3029698133468628,0.6660139904247394,-0.9363524913787842,0.3029698133468628,0.16620354640825788,1.9393575191497803,0.3029698133468628,0.03878482930009951,2.4712352752685547
Glcci1,0.021076196804642677,0.014959297142922878,0.4989977777004242,0.9979940091511154,-0.29905569553375244,0.4989977777004242,0.36167647049845647,1.4147993326187134,0.4989977777004242,0.16211841409960623,1.7524662017822266
Ica1,0.02149055153131485,0.02189641073346138,-0.027285659685730934,0.6891027143819152,-0.9060728549957275,-0.027285659685730934,1.0,-0.08292323350906372,-0.027285659685730934,1.0,-0.1085154190659523
Ndufa4,2.123508930206299,2.1259918212890625,-0.004068428184837103,0.9238225241149257,0.6063047051429749,-0.004068428184837103,1.0,-0.11647426337003708,-0.004068428184837103,0.9803780958140913,-0.16162322461605072
Phf14,0.5773554444313049,0.520904541015625,0.1928696632385254,0.027226781219874673,2.7029898166656494,0.1928696632385254,0.029305268372705185,2.7505321502685547,0.1928696632385254,0.0011888104913188142,3.6607704162597656
Tmem106b,0.18503256142139435,0.19215184450149536,-0.05976437032222748,0.14909323719075862,-1.9359358549118042,-0.05976437032222748,0.7974300392446152,-0.5183245539665222,-0.05976437032222748,0.6421770753327062,-0.6945686936378479
Tmem168,0.1557028591632843,0.1819937378168106,-0.24459156394004822,0.003147173319948568,-3.456239700317383,-0.24459156394004822,0.14736818350505473,-2.010835647583008,-0.24459156394004822,0.021282770621704482,-2.715350866317749
Bmt2,0.06815522164106369,0.06184868514537811,0.14467976987361908,0.6719710430294666,-0.9284263253211975,0.14467976987361908,0.7402928498868973,0.6163005232810974,0.14467976987361908,0.5569313198561258,0.8341993689537048
Gpr85,0.0,0.0,0.0,0.9979940091511154,0.11319231241941452,0.0,1.0,0.0,0.0,1.0,0.0
2610001J05Rik,0.3530869781970978,0.40518102049827576,-0.23848956823349,0.013597765923373388,-2.966867685317993,-0.23848956823349,0.012592539172431983,-3.062725782394409,-0.23848956823349,0.0002386728663102285,-4.090388298034668
Mdfic,0.1670723259449005,0.13320685923099518,0.35184410214424133,0.9979940091511154,-0.29433563351631165,0.35184410214424133,0.04620964319884905,2.565948724746704,0.35184410214424133,0.0038165987211638375,3.3139240741729736
Tfec,0.0,0.0014348039403557777,-20.453458786010742,0.9979940091511154,0.027607882395386696,-20.453458786010742,0.5196272646011879,-1.0,-20.453458786010742,0.16021537352752957,-1.759765386581421
Tes,0.6930647492408752,0.662371039390564,0.08997312188148499,0.1044311258978294,2.115743398666382,0.08997312188148499,0.35661716155906004,1.434329867362976,0.08997312188148499,0.1237213533676065,1.9268132448196411
Cav2,0.002385170664638281,0.0028477469459176064,-0.25606200098991394,0.9979940091511154,-0.09101694822311401,-0.25606200098991394,0.9224311851949805,-0.2986432909965515,-0.25606200098991394,0.8266194668633966,-0.40847283601760864
Met,0.0,0.0,0.0,0.9979940091511154,0.11319231241941452,0.0,1.0,0.0,0.0,1.0,0.0
Capza2,1.3995323181152344,1.4147130250930786,-0.029002714902162552,0.9979940091511154,-0.3269307613372803,-0.029002714902162552,0.6951249725295793,-0.6939764022827148,-0.029002714902162552,0.48334179152020845,-0.9607439637184143
St7,0.0655001625418663,0.060756880789995193,0.11190828680992126,0.2832372042007395,-1.5648325681686401,0.11190828680992126,0.7801669822160608,0.5473542213439941,0.11190828680992126,0.6232240737755447,0.7239382863044739
Lsm8,0.7973177433013916,0.8202669024467468,-0.059700384736061096,0.9635492270732637,-0.554740309715271,-0.059700384736061096,0.5196272646011879,-1.0515507459640503,-0.059700384736061096,0.2798523792991823,-1.411812424659729
Ankrd7,0.0,0.0,0.0,0.9979940091511154,0.11319231241941452,0.0,1.0,0.0,0.0,1.0,0.0
Ing3,0.24302460253238678,0.25306782126426697,-0.06596565991640091,0.2599690783562683,-1.6188905239105225,-0.06596565991640091,0.7271447583916543,-0.6385117173194885,-0.06596565991640091,0.5416619253740131,-0.8593112230300903
Cped1,0.0005387040437199175,0.0014348039403557777,-1.4139337539672852,0.9979940091511154,0.08246741443872452,-1.4139337539672852,0.7481521570379884,-0.6034592390060425,-1.4139337539672852,0.46427413192815803,-0.994956374168396
Wnt16,0.0,0.0,0.0,0.9979940091511154,0.11319231241941452,0.0,1.0,0.0,0.0,1.0,0.0
Fam3c,0.299728661775589,0.3083205223083496,-0.04728533327579498,0.4292703455496508,-1.2862601280212402,-0.04728533327579498,0.8081303069470375,-0.500935971736908,-0.04728533327579498,0.6565540937222869,-0.671808123588562
Ndufa5,0.7155889868736267,0.8448885083198547,-0.34490638971328735,6.265906954332964e-07,-5.483103275299072,-0.34490638971328735,1.500727702305939e-08,-6.241012096405029,-0.34490638971328735,1.4068686109131232e-15,-8.416576385498047
Wasl,0.1250665783882141,0.11258625984191895,0.16084624826908112,0.6665385968535831,-0.9356400370597839,0.16084624826908112,0.5196272646011879,1.0585912466049194,0.16084624826908112,0.27894457743229983,1.416835069656372
Pot1a,0.09185023605823517,0.10332774370908737,-0.17828615009784698,0.005365181050699428,-3.285783290863037,-0.17828615009784698,0.48566531401782714,-1.151950716972351,-0.17828615009784698,0.2380390865035538,-1.519810676574707
Zfp800,0.23139092326164246,0.2818087041378021,-0.32230624556541443,0.0005909591127806343,-3.9394664764404297,-0.32230624556541443,0.01606652712170433,-2.976625919342041,-0.32230624556541443,0.00026094358939757233,-4.066919326782227
Gcc1,0.06240346282720566,0.0449359156191349,0.4864700436592102,0.9979940091511154,-0.11319231241941452,0.4864700436592102,0.096974684818516,2.2277371883392334,0.4864700436592102,0.013880149685288234,2.8767282962799072
Arf5,1.7358779907226562,1.652565836906433,0.14726394414901733,6.555449863285014e-06,5.015016078948975,0.14726394414901733,9.946042438867564e-05,4.463296890258789,0.14726394414901733,4.3189025479595365e-09,6.285491466522217
Fscn3,0.0,0.0009110140381380916,-19.797773361206055,0.9979940091511154,0.027607882395386696,-19.797773361206055,0.5196272646011879,-1.0,-19.797773361206055,0.16021537352752957,-1.759765386581421
Snd1,0.3268047571182251,0.4313226640224457,-0.480483740568161,3.834073183365517e-07,-5.577237129211426,-0.480483740568161,1.75226249969141e-07,-5.797468662261963,-0.480483740568161,9.665762651117476e-14,-7.8709306716918945
Lrrc4,0.002476974856108427,0.0024672313593328,0.005693238694220781,0.9979940091511154,0.050228532403707504,0.005693238694220781,1.0,0.005585238337516785,0.005693238694220781,1.0,0.007686322089284658
Rbm28,0.4461631178855896,0.4798003137111664,-0.13099248707294464,0.3326750588797132,-1.4634848833084106,-0.13099248707294464,0.2167590901912351,-1.7840909957885742,-0.13099248707294464,0.048231352065771484,-2.3770253658294678
Prrt4,0.000740786490496248,0.0012330638710409403,-0.7354721426963806,0.9984208920935209,-0.0025826727505773306,-0.7354721426963806,0.8232514393873737,-0.4749810993671417,-0.7354721426963806,0.6629341398921041,-0.6613087058067322
Impdh1,0.2905990779399872,0.34251201152801514,-0.2765441834926605,0.0038573856093733422,-3.3926525115966797,-0.2765441834926605,0.014282234679811101,-3.0187063217163086,-0.2765441834926605,0.00024867867462680045,-4.0794758796691895
Hilpda,0.2784392535686493,0.298130065202713,-0.11346454918384552,0.14868664306815832,-1.9374499320983887,-0.11346454918384552,0.5101949538072593,-1.1063814163208008,-0.11346454918384552,0.2405668643646463,-1.5127249956130981
Fam71f2,0.0,0.001329818507656455,-20.34375762939453,0.9979940091511154,-0.05797655135393143,-20.34375762939453,0.36167647049845647,-1.4163258075714111,-20.34375762939453,0.03726207145007799,-2.492401123046875
Calu,0.21477028727531433,0.2560247480869293,-0.2844141125679016,0.003771857884320016,-3.399242639541626,-0.2844141125679016,0.02021853154156812,-2.8906524181365967,-0.2844141125679016,0.0004813374763078671,-3.9071457386016846
Opn1sw,0.0003150998381897807,0.0,18.265682220458984,0.9979940091511154,0.14071114361286163,18.265682220458984,0.5196272646011879,1.0,18.265682220458984,0.46147875269036936,1.0
Ccdc136,0.000985991326160729,0.0012332414044067264,-0.32298654317855835,0.9979940091511154,0.025114266201853752,-0.32298654317855835,0.9564546574609051,-0.23761919140815735,-0.32298654317855835,0.8785101526346136,-0.3276408314704895
Atp6v1f,1.3330891132354736,1.3241595029830933,0.017523901537060738,0.4535633827655783,1.2458279132843018,0.017523901537060738,0.8301633056468556,0.4627609848976135,0.017523901537060738,0.6901750110107979,0.619208574295044
Atp6v1fnb,0.00023912350297905505,0.0008610456134192646,-1.8487781286239624,0.9979940091511154,0.05503764748573303,-1.8487781286239624,0.6942984269170911,-0.6959481835365295,-1.8487781286239624,0.4048123951119872,-1.1419774293899536
Kcp,0.0006608525873161852,0.0,19.334447860717773,0.9979940091511154,0.16822996735572815,19.334447860717773,0.37100984308423673,1.3790174722671509,19.334447860717773,0.29093609432657347,1.3790174722671509
Irf5,0.03458266332745552,0.03989914432168007,-0.21016760170459747,0.5260953393605761,-1.134951114654541,-0.21016760170459747,0.7395605615683678,-0.6177859306335449,-0.21016760170459747,0.5102026880548536,-0.9140748381614685
Tnpo3,0.36343085765838623,0.35795027017593384,0.026112208142876625,0.9979940091511154,-0.41011062264442444,0.026112208142876625,0.9137859786890737,0.3157254457473755,0.026112208142876625,0.8245243757161881,0.41173258423805237
Tspan33,0.0009430435602553189,0.0005806605913676322,0.6998898386955261,0.9979940091511154,0.08282364159822464,0.6998898386955261,0.8700883135199754,0.3940871059894562,0.6998898386955261,0.7924583220863811,0.4612385332584381
Smo,0.002006846945732832,0.0020827220287173986,-0.05359429121017456,0.9979940091511154,-0.061895087361335754,-0.05359429121017456,1.0,-0.055665869265794754,-0.05359429121017456,1.0,-0.07178766280412674
Ahcyl2,0.2509637475013733,0.2586950957775116,-0.04958748072385788,0.1977956492838116,-1.779550552368164,-0.04958748072385788,0.8053956031180983,-0.504760205745697,-0.04958748072385788,0.6616285869215074,-0.6635228395462036
Strip2,0.0002467305457685143,0.001230405643582344,-2.318830728530884,0.9979940091511154,-0.0302796121686697,-2.318830728530884,0.5196272646011879,-1.0877679586410522,-2.318830728530884,0.16021537352752957,-1.7803106307983398
Nrf1,0.31086355447769165,0.3262466490268707,-0.0813661739230156,0.2741078839932614,-1.5857610702514648,-0.0813661739230156,0.5319861740774346,-0.9775473475456238,-0.0813661739230156,0.33781801604036,-1.2751163244247437
Ube2h,0.3582213521003723,0.35058048367500305,0.03694237023591995,0.9979940091511154,0.3618413507938385,0.03694237023591995,0.8996445194862985,0.34252384305000305,0.03694237023591995,0.7778422660390022,0.4841524660587311
Zc3hc1,0.14128033816814423,0.16326144337654114,-0.2248816043138504,0.009024704910283947,-3.1120316982269287,-0.2248816043138504,0.20051820640385265,-1.8305164575576782,-0.2248816043138504,0.03919870612412776,-2.466313362121582
Klhdc10,0.07609904557466507,0.1014992892742157,-0.43411293625831604,0.0007989406436440784,-3.8591365814208984,-0.43411293625831604,0.048708552319348605,-2.5462887287139893,-0.43411293625831604,0.0018214911513110563,-3.5387837886810303
Tmem209,0.16415895521640778,0.20716902613639832,-0.3676997721195221,0.0002555146211906462,-4.165317058563232,-0.3676997721195221,0.015179537049610508,-2.998339891433716,-0.3676997721195221,0.0001820630568792908,-4.158569812774658
Ssmem1,0.0,0.0018991935066878796,-20.858325958251953,0.9979940091511154,-0.143560990691185,-20.858325958251953,0.24182890838539917,-1.7157306671142578,-20.858325958251953,0.009380067528964765,-3.0192835330963135
Cpa2,0.002691938541829586,0.004989161621779203,-0.8918099403381348,0.9979940091511154,-0.3459891080856323,-0.8918099403381348,0.49664823293125326,-1.1315438747406006,-0.8918099403381348,0.19993378733693634,-1.6265528202056885
Cep41,0.05307851359248161,0.051503513008356094,0.04460298269987106,0.6500225583876073,-0.9571919441223145,0.04460298269987106,0.9878275849913727,0.17827123403549194,0.04460298269987106,0.9281111967689263,0.24749132990837097
Mest,0.0002630285162013024,0.0012208347907289863,-2.2152633666992188,0.9979940091511154,-0.0302796121686697,-2.2152633666992188,0.5196272646011879,-1.0581649541854858,-2.2152633666992188,0.17203221706623745,-1.7163653373718262
Copg2,0.13571147620677948,0.1273888200521469,0.09743927419185638,0.3937028342396772,-1.346819281578064,0.09743927419185638,0.6682306424797011,0.738908052444458,0.09743927419185638,0.47757787387932227,0.9711593389511108
Mkln1,0.4658951163291931,0.4569125175476074,0.035063549876213074,0.9979940091511154,0.44172611832618713,0.035063549876213074,0.837961690389951,0.44977840781211853,0.035063549876213074,0.699146108919724,0.6047452688217163
Podxl,0.0,0.0,0.0,0.9979940091511154,0.11319231241941452,0.0,1.0,0.0,0.0,1.0,0.0
Chchd3,0.4331027865409851,0.4693414866924286,-0.14402851462364197,0.18356724039972844,-1.8204281330108643,-0.14402851462364197,0.13374726453950184,-2.060837507247925,-0.14402851462364197,0.02051223547286461,-2.730604887008667
Exoc4,0.23503419756889343,0.22352486848831177,0.08105453103780746,0.6337993552629256,-0.9782986640930176,0.08105453103780746,0.6593807090662261,0.7539809942245483,0.08105453103780746,0.4646830608482365,0.9938995838165283
Lrguk,0.0,0.0,0.0,0.9979940091511154,0.11319231241941452,0.0,1.0,0.0,0.0,1.0,0.0
Slc35b4,0.07333121448755264,0.10285237431526184,-0.5096834301948547,0.0001723039817141023,-4.264438152313232,-0.5096834301948547,0.030657700696125195,-2.7355427742004395,-0.5096834301948547,0.000493182106628534,-3.9006006717681885
Akr1b3,0.9620767831802368,1.0316566228866577,-0.15913403034210205,0.03172154636697617,-2.6429648399353027,-0.15913403034210205,0.0059913274650589465,-3.316490888595581,-0.15913403034210205,5.569975551059341e-05,-4.446311950683594
Akr1b8,0.010185102932155132,0.008151408284902573,0.32280847430229187,0.9979940091511154,0.045597534626722336,0.32280847430229187,0.7247293791387468,0.6429721713066101,0.32280847430229187,0.5565821548374686,0.8348679542541504
Akr1b10,0.09225774556398392,0.12023822218179703,-0.40269461274147034,0.0003657788946967316,-4.0702924728393555,-0.40269461274147034,0.06628860965514582,-2.4091567993164062,-0.40269461274147034,0.003389115737232164,-3.3505067825317383
Bpgm,0.10212806612253189,0.08952969312667847,0.19917428493499756,0.5043588889561729,-1.167724370956421,0.19917428493499756,0.45047325017793505,1.2178484201431274,0.19917428493499756,0.20359813303732632,1.6154351234436035
Cald1,0.0,0.0,0.0,0.9979940091511154,0.11319231241941452,0.0,1.0,0.0,0.0,1.0,0.0
Agbl3,0.00644718436524272,0.011144217103719711,-0.7929471731185913,0.9054912033174245,-0.6296378374099731,-0.7929471731185913,0.3679717107194103,-1.3875242471694946,-0.7929471731185913,0.09885824669616865,-2.043140411376953
Tmem140,0.022945348173379898,0.024327784776687622,-0.08540429919958115,0.9770516269034244,-0.5366615653038025,-0.08540429919958115,0.9666813042360577,-0.2170337736606598,-0.08540429919958115,0.8865725982646643,-0.3135603964328766
Cyren,0.0561276338994503,0.07188589125871658,-0.36848580837249756,0.011482184239356784,-3.0290298461914062,-0.36848580837249756,0.20330834366509493,-1.8223549127578735,-0.36848580837249756,0.03637350494132311,-2.501750946044922
Wdr91,0.05275939404964447,0.05476642772555351,-0.0553247444331646,0.17197592521174238,-1.8563183546066284,-0.0553247444331646,0.9502924873828682,-0.25016507506370544,-0.0553247444331646,0.8713068040945958,-0.33873993158340454
Stra8,0.0,0.0,0.0,0.9979940091511154,0.11319231241941452,0.0,1.0,0.0,0.0,1.0,0.0
Slc23a4,0.0,0.0,0.0,0.9979940091511154,0.11319231241941452,0.0,1.0,0.0,0.0,1.0,0.0
Cnot4,0.2505541443824768,0.23350082337856293,0.11449187994003296,0.9979940091511154,-0.3911413550376892,0.11449187994003296,0.5146014513863507,1.0986860990524292,0.11449187994003296,0.2652725287912633,1.450212836265564
Nup205,0.2448670119047165,0.2572544813156128,-0.08050709217786789,0.24505441873095268,-1.653623104095459,-0.08050709217786789,0.6343887244165705,-0.7959235906600952,-0.08050709217786789,0.4443002123189622,-1.069230318069458
1810058I24Rik,0.7530425786972046,0.7543700337409973,-0.003617553971707821,0.8565870401027936,0.6917110085487366,-0.003617553971707821,1.0,-0.06467435508966446,-0.003617553971707821,1.0,-0.08702743053436279
Mtpn,0.9597511887550354,0.9854437112808228,-0.059604253619909286,0.7014089356875864,-0.8901315331459045,-0.059604253619909286,0.4800845308797386,-1.1631487607955933,-0.059604253619909286,0.22473608773675585,-1.5566385984420776
Creb3l2,0.01811310462653637,0.029332643374800682,-0.7035983204841614,0.37101635524521703,-1.3895670175552368,-0.7035983204841614,0.21125483391700603,-1.8014053106307983,-0.7035983204841614,0.02361462369046033,-2.675916910171509
Trim24,0.14814239740371704,0.1498737335205078,-0.01804279163479805,0.495971100901979,-1.180370569229126,-0.01804279163479805,1.0,-0.11380687355995178,-0.01804279163479805,0.9803938732118501,-0.1615193486213684
Atp6v0a4,0.00021878191910218447,0.0,17.73929786682129,0.9979940091511154,0.14071114361286163,17.73929786682129,0.5196272646011879,1.0,17.73929786682129,0.46147875269036936,1.0
D630045J12Rik,0.00022720807464793324,0.0006193814915604889,-1.4470930099487305,0.9979940091511154,0.05521576479077339,-1.4470930099487305,0.7535526807820245,-0.5944362282752991,-1.4470930099487305,0.496871629438806,-0.9361236691474915
Zc3hav1l,0.006832795217633247,0.01589878834784031,-1.2249208688735962,0.3152682901973361,-1.498306393623352,-1.2249208688735962,0.06318438960263059,-2.4314703941345215,-1.2249208688735962,0.002313025034470373,-3.4674863815307617
Zc3hav1,0.7907388210296631,0.753978431224823,0.09857482463121414,0.06533574871345513,2.335359573364258,0.09857482463121414,0.30861840693226583,1.5434167385101318,0.09857482463121414,0.08089780107856794,2.1412689685821533
Ttc26,0.0,0.0,0.0,0.9979940091511154,0.11319231241941452,0.0,1.0,0.0,0.0,1.0,0.0
Ubn2,0.1852962076663971,0.2311939150094986,-0.3535264730453491,0.0008920445973919476,-3.8290350437164307,-0.3535264730453491,0.03625958211527367,-2.668708562850952,-0.3535264730453491,0.0007075530845518532,-3.80415415763855
Fmc1,0.377374529838562,0.43476444482803345,-0.24842901527881622,0.008822570259955148,-3.1196014881134033,-0.24842901527881622,0.009727731381131399,-3.15350341796875,-0.24842901527881622,0.00014892982170360531,-4.209146976470947
Luc7l2,1.5404374599456787,1.4784185886383057,0.11487165093421936,0.008015642219440637,3.1521966457366943,0.11487165093421936,0.022678608632278538,2.848722457885742,0.11487165093421936,0.0005312392939956967,3.8819401264190674
Klrg2,0.0003820521233137697,0.0,18.543689727783203,0.9979940091511154,0.14071114361286163,18.543689727783203,0.5196272646011879,1.0,18.543689727783203,0.46147875269036936,1.0
Clec2l,0.006467932369560003,0.003755701007321477,0.7861802577972412,0.9979940091511154,0.07587714493274689,0.7861802577972412,0.46274468592723933,1.1944141387939453,0.7861802577972412,0.2674966277833915,1.4445534944534302
Hipk2,0.04106510430574417,0.04590139538049698,-0.16413912177085876,0.2393715464733232,-1.6672488451004028,-0.16413912177085876,0.7734086553844507,-0.5603221654891968,-0.16413912177085876,0.5841007432788856,-0.7890905141830444
Tbxas1,0.0,0.0006188570987433195,-19.239694595336914,0.9979940091511154,0.027607882395386696,-19.239694595336914,0.5196272646011879,-1.0,-19.239694595336914,0.16021537352752957,-1.759765386581421
Parp12,0.032694388180971146,0.03606535121798515,-0.14401617646217346,0.5136037361300461,-1.153475046157837,-0.14401617646217346,0.8239655300909197,-0.4734176695346832,-0.14401617646217346,0.6615097665506202,-0.6637254953384399
Kdm7a,0.17295785248279572,0.17201043665409088,0.008627474308013916,0.6286914780619641,-0.9851560592651367,0.008627474308013916,1.0,0.05332443490624428,0.008627474308013916,1.0,0.07654573768377304
Slc37a3,0.04565268009901047,0.03870393708348274,0.24326705932617188,0.9032375484734037,-0.6327548623085022,0.24326705932617188,0.5591434315286258,0.9273411631584167,0.24326705932617188,0.3544396548079336,1.2401350736618042
Rab19,0.285003662109375,0.23947197198867798,0.28540176153182983,0.5650899574361332,1.0748372077941895,0.28540176153182983,0.019477172529986982,2.903043746948242,0.28540176153182983,0.0008726104030434917,3.74808931350708
Mkrn1,0.7037315368652344,0.6899060606956482,0.03974718227982521,0.310251355759237,1.50899338722229,0.03974718227982521,0.7008485918729394,0.6830864548683167,0.03974718227982521,0.5099160303739896,0.9146706461906433
Dennd2a,0.0002701408520806581,0.0,18.04355239868164,0.9979940091511154,0.14071114361286163,18.04355239868164,0.5196272646011879,1.0,18.04355239868164,0.46147875269036936,1.0
Adck2,0.03914323076605797,0.02828802354633808,0.4764460623264313,0.9979940091511154,-0.3600602149963379,0.4764460623264313,0.18657648633555768,1.8709665536880493,0.4764460623264313,0.05030639126311625,2.358350992202759
Gm42420,0.0,0.0,0.0,0.9979940091511154,0.11319231241941452,0.0,1.0,0.0,0.0,1.0,0.0
Ndufb2,0.6403072476387024,0.7655677199363708,-0.35862091183662415,5.998338432578515e-06,-5.03354024887085,-0.35862091183662415,2.590403049171045e-08,-6.137485504150391,-0.35862091183662415,1.397313052211319e-14,-8.126421928405762
Braf,0.10391361266374588,0.1076369509100914,-0.05352213978767395,0.06321779919807044,-2.350677490234375,-0.05352213978767395,0.90152201205305,-0.338890016078949,-0.05352213978767395,0.7998974460362276,-0.45036399364471436
Mrps33,0.8214836120605469,0.9641919732093811,-0.3491482436656952,1.1567939290534285e-07,-5.7989912033081055,-0.3491482436656952,2.6107539954356414e-10,-6.91384744644165,-0.3491482436656952,3.4504876427474867e-18,-9.146909713745117
Agk,0.13525071740150452,0.12444086372852325,0.12814217805862427,0.6195410331241726,-0.9983366131782532,0.12814217805862427,0.5612415455256791,0.9231435656547546,0.12814217805862427,0.35640129966595807,1.2363255023956299
E330009J07Rik,0.022929677739739418,0.026706403121352196,-0.22270521521568298,0.19910948692783745,-1.7763445377349854,-0.22270521521568298,0.6710850389616247,-0.7345045804977417,-0.22270521521568298,0.49041833321500783,-0.9474871754646301
Ssbp1,0.6422350406646729,0.7370333075523376,-0.274808794260025,0.00030719597700398636,-4.1170477867126465,-0.274808794260025,1.8262155534541615e-05,-4.845134258270264,-0.274808794260025,2.098536100438217e-09,-6.406733512878418
Olfr461,0.00029069429729133844,0.0,18.14935874938965,0.9979940091511154,0.14071114361286163,18.14935874938965,0.5196272646011879,1.0,18.14935874938965,0.46147875269036936,1.0
Clec5a,0.0,0.00318063679151237,-21.603179931640625,0.9979940091511154,0.027607882395386696,-21.603179931640625,0.5196272646011879,-1.0,-21.603179931640625,0.16021537352752957,-1.759765386581421
Mgam,0.0,0.0,0.0,0.9979940091511154,0.11319231241941452,0.0,1.0,0.0,0.0,1.0,0.0
Trbv1,0.003867893945425749,0.003083187621086836,0.3276917636394501,0.9984208920935209,0.021017612889409065,0.3276917636394501,0.8827404947780267,0.37208497524261475,0.3276917636394501,0.7838574680689256,0.4746321141719818
2210010C04Rik,0.001572287525050342,0.005461840890347958,-1.7993288040161133,0.9979940091511154,-0.09066072106361389,-1.7993288040161133,0.5196272646011879,-1.0228533744812012,-1.7993288040161133,0.16682759485246917,-1.736152172088623
Trbv2,0.006600717548280954,0.0019074599258601665,1.794357419013977,0.9979940091511154,0.27367424964904785,1.794357419013977,0.1929385321739456,1.8499767780303955,1.794357419013977,0.08388946420117714,2.1245360374450684
Trbv3,0.004784427583217621,0.0037921229377388954,0.33605676889419556,0.9979940091511154,0.04737868532538414,0.33605676889419556,0.8350834705909598,0.45462289452552795,0.33605676889419556,0.7063981213691295,0.5942177772521973
Trbv4,0.003242676379159093,0.006269956473261118,-0.9534556269645691,0.9984208920935209,-0.0086385952308774,-0.9534556269645691,0.6890807385929621,-0.7043830156326294,-0.9534556269645691,0.404882920470101,-1.1417791843414307
Trbv5,0.005691824480891228,0.0023425212129950523,1.283246397972107,0.9979940091511154,0.07748018205165863,1.283246397972107,0.2990517651263436,1.5652960538864136,1.283246397972107,0.16162676267091478,1.7546032667160034
Trbv12-1,0.0017645511543378234,0.0019279422704130411,-0.12787842750549316,0.9979940091511154,-0.032416995614767075,-0.12787842750549316,1.0,-0.11191315203905106,-0.12787842750549316,0.9910985218019648,-0.14363619685173035
Trbv13-1,0.005708292126655579,0.004209038335829973,0.4406507611274719,0.9979940091511154,0.07587714493274689,0.4406507611274719,0.7913878974320455,0.5288612842559814,0.4406507611274719,0.6477508050385007,0.6856513023376465
Trbv12-2,0.022279109805822372,0.012196889147162437,0.8764718770980835,0.9979940091511154,-0.11435006558895111,0.8764718770980835,0.07868677404323486,2.325882911682129,0.8764718770980835,0.0198542202854259,2.7439475059509277
Trbv13-2,0.0050934976898133755,0.008960259146988392,-0.817676305770874,0.9979940091511154,-0.2918420135974884,-0.817676305770874,0.5955389578182532,-0.8619903922080994,-0.817676305770874,0.3148571589673546,-1.323592185974121
Trbv13-3,0.358222633600235,0.2353212982416153,0.6992576718330383,0.20159051291270352,1.7693979740142822,0.6992576718330383,1.9097943522548893e-06,5.315445423126221,0.6992576718330383,5.137895043316655e-10,6.638012409210205
Trbv14,0.0023768527898937464,0.0006283739930950105,1.9206171035766602,0.9979940091511154,0.13803941011428833,1.9206171035766602,0.41667879132381846,1.281816840171814,1.9206171035766602,0.2884718527925028,1.3851890563964844
Trbv15,0.010305305942893028,0.008861430920660496,0.21881894767284393,0.9979940091511154,-0.17891688644886017,0.21881894767284393,0.8800646651690412,0.3767585754394531,0.21881894767284393,0.7795515324470956,0.4814782738685608
Trbv16,0.008638441562652588,0.007679737638682127,0.17040646076202393,0.9979940091511154,0.09796345233917236,0.17040646076202393,0.9620400955023055,0.22603867948055267,0.17040646076202393,0.8802277873085883,0.3243803083896637
Trbv17,0.0021495602559298277,0.003103352850303054,-0.5304741859436035,0.9979940091511154,-0.032951343804597855,-0.5304741859436035,0.8390313733448923,-0.4482395052909851,-0.5304741859436035,0.6881598971682693,-0.6220856308937073
Trbv19,0.0034016198478639126,0.004018349107354879,-0.24082593619823456,0.9979940091511154,-0.11951541155576706,-0.24082593619823456,0.939761324536634,-0.2683265507221222,-0.24082593619823456,0.8573859328151542,-0.3591831624507904
Trbv20,0.005429817363619804,0.0023816851899027824,1.1911208629608154,0.9979940091511154,0.16137252748012543,1.1911208629608154,0.3956209184129708,1.3272885084152222,1.1911208629608154,0.22670548123724665,1.5509871244430542
Trbv21,0.00046517321607097983,0.0,18.827747344970703,0.9979940091511154,0.14071114361286163,18.827747344970703,0.5196272646011879,1.0,18.827747344970703,0.46147875269036936,1.0
Trbv23,0.0006806703750044107,0.0,19.377090454101562,0.9979940091511154,0.16822996735572815,19.377090454101562,0.3702660920073165,1.3809418678283691,19.377090454101562,0.2901882648798842,1.3809418678283691
Trbv24,0.0005571179208345711,0.0006193814915604889,-0.1528901904821396,0.9979940091511154,0.05521576479077339,-0.1528901904821396,1.0,-0.07473945617675781,-0.1528901904821396,1.0,-0.09448395669460297
Trbv26,0.0008542900322936475,0.0,19.704984664916992,0.9979940091511154,0.16822996735572815,19.704984664916992,0.3711783866487351,1.3786816596984863,19.704984664916992,0.2909720629914012,1.3786816596984863
Trbv29,0.007322717923671007,0.0028896669391542673,1.34467613697052,0.9979940091511154,0.2986994683742523,1.34467613697052,0.2549509778588598,1.6746279001235962,1.34467613697052,0.10978902053347878,1.9885984659194946
Try4,0.0,0.0,0.0,0.9979940091511154,0.11319231241941452,0.0,1.0,0.0,0.0,1.0,0.0
Try5,0.0006974835996516049,0.0,19.41230583190918,0.9979940091511154,0.14071114361286163,19.41230583190918,0.5196272646011879,1.0,19.41230583190918,0.46147875269036936,1.0
Gm10334,0.0002488924656063318,0.0,17.92534828186035,0.9979940091511154,0.14071114361286163,17.92534828186035,0.5196272646011879,1.0,17.92534828186035,0.46147875269036936,1.0
Prss2,0.005099404137581587,0.001854589325375855,1.4615706205368042,0.9979940091511154,0.080330029129982,1.4615706205368042,0.5196272646011879,1.0560193061828613,1.4615706205368042,0.4059735356648208,1.139871597290039
Trbc1,1.88107168674469,1.8127256631851196,0.11707264184951782,0.18875403199104532,1.805733561515808,0.11707264184951782,0.4921419381672557,1.1397788524627686,0.11707264184951782,0.21907332047659483,1.5715149641036987
Trbc2,2.897024631500244,2.6977388858795166,0.3062126338481903,3.8222893927984404e-11,7.096739768981934,0.3062126338481903,3.109734697866452e-10,6.916860103607178,0.3062126338481903,1.2707598406614236e-20,9.774835586547852
Trbv31,0.0023481615353375673,0.0005322888609953225,2.1425585746765137,0.9979940091511154,0.16564728319644928,2.1425585746765137,0.3235645667303913,1.5064334869384766,2.1425585746765137,0.20323041898009347,1.616951823234558
Ephb6,0.010725223459303379,0.008198575116693974,0.389387845993042,0.9979940091511154,-0.17330625653266907,0.389387845993042,0.6305114760005954,0.8037512898445129,0.389387845993042,0.46147875269036936,1.0138193368911743
Gstk1,0.015572959557175636,0.007271030452102423,1.1048109531402588,0.9979940091511154,0.1476576328277588,1.1048109531402588,0.044475639299847415,2.5802369117736816,1.1048109531402588,0.00993713467749099,2.9967715740203857
Casp2,0.14208172261714935,0.162294402718544,-0.20684218406677246,0.00437817980984305,-3.3531999588012695,-0.20684218406677246,0.26006828108619245,-1.6615229845046997,-0.20684218406677246,0.06957706869411177,-2.2129108905792236
Clcn1,0.0014884578995406628,0.0016485571395605803,-0.14750082790851593,0.9979940091511154,-0.06020299345254898,-0.14750082790851593,1.0,-0.12253255397081375,-0.14750082790851593,0.9844016863042766,-0.15415968000888824
Fam131b,0.00180874636862427,0.0,20.787864685058594,0.9979940091511154,0.19574879109859467,20.787864685058594,0.24542004729915842,1.7021573781967163,20.787864685058594,0.17636216826929152,1.7021573781967163
Zyx,0.9983929395675659,0.9469161629676819,0.11943020671606064,0.08669166028468674,2.2056026458740234,0.11943020671606064,0.18286901732012545,1.883490800857544,0.11943020671606064,0.03219121883410226,2.552565574645996
Epha1,0.0002767456171568483,0.0,18.078405380249023,0.9979940091511154,0.14071114361286163,18.078405380249023,0.5196272646011879,1.0,18.078405380249023,0.46147875269036936,1.0
Arhgef5,0.0,0.0008853697800077498,-19.756561279296875,0.9979940091511154,0.027607882395386696,-19.756561279296875,0.5196272646011879,-1.0,-19.756561279296875,0.16021537352752957,-1.759765386581421
Tpk1,0.02375147119164467,0.021634427830576897,0.1362210065126419,0.8578229324037238,-0.6898407936096191,0.1362210065126419,0.8505145356766698,0.4274812936782837,0.1362210065126419,0.7308209328900003,0.5570926666259766
Cntnap2,0.0005827039713039994,0.0006728235748596489,-0.20752978324890137,0.9979940091511154,0.08282364159822464,-0.20752978324890137,1.0,-0.11374559998512268,-0.20752978324890137,0.9818568645955791,-0.15900889039039612
Cul1,0.3496367037296295,0.46307894587516785,-0.4927595257759094,4.645789839695706e-08,-5.958226203918457,-0.4927595257759094,1.6745721475115948e-08,-6.222299575805664,-0.4927595257759094,1.4716711284104876e-15,-8.410069465637207
Ezh2,1.3123387098312378,1.1823185682296753,0.2633199691772461,0.0003599842169227079,4.07501220703125,0.2633199691772461,5.2218355514805766e-05,4.619774341583252,0.2633199691772461,8.603323507083242e-10,6.546769142150879
Pdia4,0.6390920281410217,0.8452778458595276,-0.5703617334365845,9.476522291926797e-15,-8.214235305786133,-0.5703617334365845,6.434978429908475e-17,-9.102897644042969,-0.5703617334365845,1.1664821096199757e-32,-12.474203109741211
Zfp786,0.0003150998381897807,0.0,18.265682220458984,0.9979940091511154,0.14071114361286163,18.265682220458984,0.5196272646011879,1.0,18.265682220458984,0.46147875269036936,1.0
Zfp398,0.13843794167041779,0.1502237170934677,-0.12657932937145233,0.020742856424477565,-2.8103933334350586,-0.12657932937145233,0.5840215618332404,-0.8821735978126526,-0.12657932937145233,0.37152209385821594,-1.204498291015625
Zfp282,0.044681865721940994,0.05726340040564537,-0.3670765459537506,0.010782483314138811,-3.0513832569122314,-0.3670765459537506,0.23657985318994332,-1.7297849655151367,-0.3670765459537506,0.05576187524721258,-2.312619924545288
Zfp212,0.09992804378271103,0.08507480472326279,0.24303710460662842,0.5696052934533714,-1.0680687427520752,0.24303710460662842,0.36936105659292845,1.3833763599395752,0.24303710460662842,0.14492384760362512,1.8427739143371582
Zfp956,0.01829509250819683,0.01815217174589634,0.011418052949011326,0.6747844610059155,-0.9251312017440796,0.011418052949011326,1.0,0.031052006408572197,0.011418052949011326,1.0,0.03977198153734207
Zfp777,0.03374247997999191,0.04533672705292702,-0.4345327615737915,0.11329926660300191,-2.075578451156616,-0.4345327615737915,0.2951015700466703,-1.5768908262252808,-0.4345327615737915,0.06181434912389966,-2.266839027404785
Zfp746,0.17140965163707733,0.1558728814125061,0.14859142899513245,0.9979940091511154,-0.31918272376060486,0.14859142899513245,0.47037509550405443,1.1797677278518677,0.14859142899513245,0.21292714501194138,1.5884658098220825
Krba1,0.027477843686938286,0.030365850776433945,-0.14627417922019958,0.6158302211969339,-1.003858208656311,-0.14627417922019958,0.8391024322514251,-0.44808200001716614,-0.14627417922019958,0.6796764004109123,-0.6352867484092712
Zfp467,0.0038620762061327696,0.01026756502687931,-1.4152714014053345,0.9979940091511154,-0.06875252723693848,-1.4152714014053345,0.4606358638398548,-1.2000912427902222,-1.4152714014053345,0.11225921108835378,-1.9770644903182983
Lrrc61,0.03316047042608261,0.030167268589138985,0.1386508047580719,0.9052690777847262,-0.6300830841064453,0.1386508047580719,0.8357493208716428,0.45320096611976624,0.1386508047580719,0.6903852384493531,0.6188129782676697
Rarres2,0.0012388058239594102,0.0,20.241413116455078,0.9979940091511154,0.19574879109859467,20.241413116455078,0.2519920381973988,1.6841589212417603,20.241413116455078,0.18156244527047427,1.6841589212417603
Repin1,0.009956692345440388,0.009699281305074692,0.03797466680407524,0.9979940091511154,-0.17918406426906586,0.03797466680407524,1.0,0.07423201203346252,0.03797466680407524,1.0,0.10052203387022018
Zfp775,0.03683437034487724,0.0335092693567276,0.13890492916107178,0.6349948911696206,-0.976606547832489,0.13890492916107178,0.7736679974042752,0.5595656037330627,0.13890492916107178,0.6196163681820321,0.7301357984542847
AI854703,0.0025672053452581167,0.007005584426224232,-1.4515106678009033,0.9270346731168096,-0.6009612679481506,-1.4515106678009033,0.17141044607092548,-1.9240669012069702,-1.4515106678009033,0.012525726958817188,-2.9135451316833496
Gimap8,0.5206911563873291,0.44928765296936035,0.26844245195388794,0.0026047160712851527,3.5144832134246826,0.26844245195388794,0.005823567579169171,3.3262603282928467,0.26844245195388794,4.325568156031636e-05,4.506337642669678
Gimap9,0.882567822933197,0.8156610131263733,0.1687498837709427,0.011675560682876136,3.022617816925049,0.1687498837709427,0.016103676570107868,2.974313259124756,0.1687498837709427,0.00043267157077162504,3.935021162033081
Gimap4,1.8172625303268433,1.7270145416259766,0.15687762200832367,0.0008308880879946324,3.848360538482666,0.15687762200832367,0.0005320920294734236,4.024959564208984,0.15687762200832367,3.3957001393248466e-07,5.511507034301758
Gimap6,1.47731351852417,1.3649004697799683,0.21385733783245087,9.806329987581784e-07,5.3976969718933105,0.21385733783245087,0.00116656569449137,3.814455270767212,0.21385733783245087,4.940577819075186e-07,5.439047336578369
Gm28053,0.009352334775030613,0.0087429229170084,0.09765094518661499,0.9979940091511154,-0.39568328857421875,0.09765094518661499,0.9764768687224699,0.19873908162117004,0.09765094518661499,0.9243206269510763,0.2529766857624054
Gimap7,1.2411612272262573,1.1697418689727783,0.14712609350681305,0.024265899874104314,2.7496559619903564,0.14712609350681305,0.04345071898559342,2.5924341678619385,0.14712609350681305,0.0023017613726910905,3.469240665435791
Gimap1,1.399298906326294,1.2526925802230835,0.28813815116882324,7.720789439117737e-10,6.6419219970703125,0.28813815116882324,6.054125902861089e-10,6.791222095489502,0.28813815116882324,1.0344356626248143e-18,9.282588005065918
Gimap5,0.9450814723968506,0.7791464328765869,0.4152282774448395,6.144552247903203e-10,6.679059028625488,0.4152282774448395,2.0066117265293133e-10,6.962101936340332,0.4152282774448395,8.268997774886502e-19,9.313336372375488
Gimap3,1.228641390800476,1.050650954246521,0.3780457675457001,3.1298619384061982e-12,7.448428153991699,0.3780457675457001,3.39550359351532e-10,6.89398717880249,0.3780457675457001,5.99654375164937e-20,9.60329818725586
Tmem176b,0.023909982293844223,0.03031972236931324,-0.34728795289993286,0.4788717692956854,-1.2063753604888916,-0.34728795289993286,0.6058738212612724,-0.8449687361717224,-0.34728795289993286,0.3888355723737137,-1.1718006134033203
Tmem176a,0.02050916664302349,0.03450389206409454,-0.7606316804885864,0.2332617203296231,-1.683457374572754,-0.7606316804885864,0.16310715678325985,-1.9520843029022217,-0.7606316804885864,0.01568925481406076,-2.8307228088378906
Gpnmb,0.0007464559166692197,0.002635528100654483,-1.8213247060775757,0.9979940091511154,-0.14587648212909698,-1.8213247060775757,0.3849555642204262,-1.3519214391708374,-1.8213247060775757,0.07600415282136194,-2.1719510555267334
Malsu1,0.3496648073196411,0.38192036747932434,-0.1519818753004074,0.18140926956682485,-1.8268402814865112,-0.1519818753004074,0.20337980357123578,-1.8219249248504639,-0.1519818753004074,0.039433408687486876,-2.463378429412842
Igf2bp3,0.10231127589941025,0.10802682489156723,-0.0826195701956749,0.06166907789822382,-2.3612754344940186,-0.0826195701956749,0.8021606439269107,-0.510188102722168,-0.0826195701956749,0.64799300822549,-0.6848859786987305
Tra2a,0.8958190083503723,0.8562156558036804,0.09791949391365051,0.22121017989390634,1.7150728702545166,0.09791949391365051,0.24250690557330534,1.7110542058944702,0.09791949391365051,0.05526425147419963,2.316944122314453
Ccdc126,0.013017137534916401,0.02420596219599247,-0.9030462503433228,0.21950858181084187,-1.7197037935256958,-0.9030462503433228,0.1494532000763439,-2.00308895111084,-0.9030462503433228,0.009696924544107,-3.0037310123443604
Fam221a,0.015779295936226845,0.023697085678577423,-0.5924071073532104,0.21399600229211074,-1.7351999282836914,-0.5924071073532104,0.2653074443477276,-1.6483505964279175,-0.5924071073532104,0.06339621974082789,-2.2558460235595703
Mpp6,0.4745712876319885,0.6256890296936035,-0.5177733302116394,1.8108393192290772e-09,-6.506376266479492,-0.5177733302116394,2.5494001621509536e-11,-7.294723033905029,-0.5177733302116394,3.8821086945551784e-21,-9.908836364746094
Gsdme,0.06076352670788765,0.07906034588813782,-0.3931007981300354,0.005915495831481161,-3.253366231918335,-0.3931007981300354,0.11422318416791082,-2.143341064453125,-0.3931007981300354,0.011609779707520924,-2.9407408237457275
Osbpl3,0.632372260093689,0.5976195931434631,0.109169140458107,0.40616829567966667,1.3257126808166504,0.109169140458107,0.2835014958358309,1.6027706861495972,0.109169140458107,0.0821061039104816,2.1341495513916016
Cycs,1.2106109857559204,1.3252774477005005,-0.23030127584934235,6.234830430087893e-06,-5.024812698364258,-0.23030127584934235,0.00017147860012431987,-4.325234889984131,-0.23030127584934235,1.2753663828321291e-08,-6.102365016937256
4921507P07Rik,0.0,0.0,0.0,0.9979940091511154,0.11319231241941452,0.0,1.0,0.0,0.0,1.0,0.0
Nfe2l3,0.0003232397430110723,0.0,18.30248260498047,0.9979940091511154,0.14071114361286163,18.30248260498047,0.5196272646011879,1.0,18.30248260498047,0.46147875269036936,1.0
Hnrnpa2b1,2.2876272201538086,2.3138058185577393,-0.04197344183921814,0.012602855048641287,-2.9947426319122314,-0.04197344183921814,0.4570142903488106,-1.206654667854309,-0.04197344183921814,0.15425072272156776,-1.8085064888000488
Cbx3,1.784082055091858,1.6973305940628052,0.15179121494293213,0.011879883099601673,3.0162947177886963,0.15179121494293213,0.004847480209194065,3.3894314765930176,0.15179121494293213,6.6454775317593744e-06,4.922813892364502
Snx10,0.3684045076370239,0.38382241129875183,-0.07096521556377411,0.23371801112012822,-1.6817653179168701,-0.07096521556377411,0.633494714394281,-0.7978239059448242,-0.07096521556377411,0.45471857319952635,-1.0504118204116821
Skap2,0.1580224335193634,0.19053085148334503,-0.2940259277820587,0.0013425635804958783,-3.7133491039276123,-0.2940259277820587,0.1048707205114931,-2.1881983280181885,-0.2940259277820587,0.007946177636966366,-3.0728869438171387
Hoxa5,0.0,0.0,0.0,0.9979940091511154,0.11319231241941452,0.0,1.0,0.0,0.0,1.0,0.0
Hoxa7,0.00041071497253142297,0.0029364675283432007,-2.839691638946533,0.9979940091511154,-0.03045772761106491,-2.839691638946533,0.5196272646011879,-1.0289100408554077,-2.839691638946533,0.16021537352752957,-1.7597323656082153
Hibadh,0.1934318244457245,0.21438588201999664,-0.1640133410692215,0.10743190148585942,-2.101315975189209,-0.1640133410692215,0.36167647049845647,-1.415878415107727,-0.1640133410692215,0.1140888896988034,-1.9682978391647339
Tax1bp1,1.2447458505630493,1.1177613735198975,0.2644658088684082,1.3083600512633617e-07,5.776904582977295,0.2644658088684082,4.2883076126693536e-07,5.621588230133057,0.2644658088684082,1.6955310809959717e-12,7.480518341064453
Jazf1,0.03206914663314819,0.021343939006328583,0.5951305627822876,0.9979940091511154,-0.36469119787216187,0.5951305627822876,0.13404763634232317,2.058248519897461,0.5951305627822876,0.03889508572116194,2.4700446128845215
Creb5,0.0,0.0,0.0,0.9979940091511154,0.11319231241941452,0.0,1.0,0.0,0.0,1.0,0.0
Chn2,0.03816671296954155,0.03643389046192169,0.06829176843166351,0.8868177167366649,-0.6529709100723267,0.06829176843166351,0.9770516883047266,0.1964477002620697,0.06829176843166351,0.9061984966791614,0.2813037931919098
Wipf3,0.0006273931358009577,0.0005821105442009866,0.10810911655426025,0.9979940091511154,0.05521576479077339,0.10810911655426025,1.0,0.052909668534994125,0.10810911655426025,1.0,0.06384526938199997
Plekha8,0.012072214856743813,0.013287114910781384,-0.13921575248241425,0.9275598509622532,-0.5995362997055054,-0.13921575248241425,0.8928814671069032,-0.3533453047275543,-0.13921575248241425,0.7864005228263841,-0.47082528471946716
Mturn,0.013589697889983654,0.020334210246801376,-0.5862743258476257,0.6089689442035271,-1.0121405124664307,-0.5862743258476257,0.4613688518481674,-1.1980942487716675,-0.5862743258476257,0.16170958184845088,-1.7536180019378662
Znrf2,0.7396057844161987,0.7619592547416687,-0.061080850660800934,0.9191234133137405,-0.6119153499603271,-0.061080850660800934,0.5196272646011879,-1.070406436920166,-0.061080850660800934,0.2745813853238079,-1.4274359941482544
Nod1,0.10335809737443924,0.09110356122255325,0.19105499982833862,0.41737176250690927,-1.3066543340682983,0.19105499982833862,0.500564167018053,1.1237397193908691,0.19105499982833862,0.2512035645857443,1.4844595193862915
Ggct,0.2410988211631775,0.30277425050735474,-0.3751211166381836,0.00031854493135089135,-4.107785701751709,-0.3751211166381836,0.001206309092609888,-3.801370143890381,-0.3751211166381836,1.5872937166234195e-06,-5.213575839996338
Gars,0.7331558465957642,0.8943034410476685,-0.4184800088405609,9.749275775753651e-10,-6.605942726135254,-0.4184800088405609,2.2222961676474162e-11,-7.3101582527160645,-0.4184800088405609,8.237839530056645e-21,-9.82840347290039
Pde1c,0.0003450776857789606,0.0,18.396814346313477,0.9979940091511154,0.14071114361286163,18.396814346313477,0.5196272646011879,1.0,18.396814346313477,0.46147875269036936,1.0
Lsm5,1.4595023393630981,1.3608609437942505,0.1883053481578827,0.00018244117335245458,4.251257419586182,0.1883053481578827,0.00020811428518125263,4.27901554107666,0.1883053481578827,7.470878202513648e-09,6.194356918334961
Avl9,0.36990126967430115,0.3355901837348938,0.16664202511310577,0.22095374590355574,1.715785264968872,0.16664202511310577,0.19068516733478558,1.8580683469772339,0.16664202511310577,0.03384841165556255,2.531705141067505
Kbtbd2,0.19886675477027893,0.17063307762145996,0.24189789593219757,0.9979940091511154,0.2729617953300476,0.24189789593219757,0.1943199911325159,1.847221851348877,0.24189789593219757,0.03636743159219385,2.5019710063934326
Fkbp9,0.0,0.0,0.0,0.9979940091511154,0.11319231241941452,0.0,1.0,0.0,0.0,1.0,0.0
Nt5c3,0.29212743043899536,0.3197859227657318,-0.151475727558136,0.21147098440195788,-1.7422354221343994,-0.151475727558136,0.2534573017939152,-1.680596947669983,-0.151475727558136,0.05912331470201362,-2.2858171463012695
Vmn1r4,0.002909840550273657,0.0005661612376570702,2.363344192504883,0.9979940091511154,0.27607882022857666,2.363344192504883,0.13952532007059565,2.037755250930786,2.363344192504883,0.06741059693040831,2.2287795543670654
Vmn1r6,0.0,0.0,0.0,0.9979940091511154,0.11319231241941452,0.0,1.0,0.0,0.0,1.0,0.0
Vmn1r12,0.0011539171682670712,0.0,20.138940811157227,0.9979940091511154,0.19574879109859467,20.138940811157227,0.23842068160312155,1.7234950065612793,20.138940811157227,0.17033744389385574,1.7234950065612793
Vmn1r16,0.0,0.0,0.0,0.9979940091511154,0.11319231241941452,0.0,1.0,0.0,0.0,1.0,0.0
Ppm1k,0.0728803500533104,0.05972326919436455,0.29683247208595276,0.3875617047631285,-1.357506275177002,0.29683247208595276,0.3012089973418434,1.5605288743972778,0.29683247208595276,0.11414957294291875,1.968225121498108
Herc6,0.25149214267730713,0.21843451261520386,0.22809158265590668,0.9979940091511154,-0.29674020409584045,0.22809158265590668,0.15608498201279605,1.9758009910583496,0.22809158265590668,0.03219121883410226,2.5528101921081543
Pyurf,0.10405802726745605,0.125814750790596,-0.28990742564201355,0.01225650494377293,-3.005073308944702,-0.28990742564201355,0.18815981468778714,-1.8674286603927612,-0.28990742564201355,0.027462928067537574,-2.615757465362549
Lancl2,0.05233628675341606,0.078692726790905,-0.607638418674469,0.0004842115746475407,-3.9952166080474854,-0.607638418674469,0.00862648404542229,-3.1962153911590576,-0.607638418674469,6.2226404346378e-05,-4.419809341430664
Vopp1,0.08178288489580154,0.0651056244969368,0.341194212436676,0.7138938533380697,-0.8734777569770813,0.341194212436676,0.22583623316335918,1.75841224193573,0.341194212436676,0.0636173343086695,2.254441261291504
Abcg2,0.009673192165791988,0.009692227467894554,-0.0028499369509518147,0.9790367243577858,-0.5343461036682129,-0.0028499369509518147,1.0,-0.005979320500046015,-0.0028499369509518147,1.0,-0.0076214345172047615
Herc3,0.10725843906402588,0.12500828504562378,-0.2339840531349182,0.08471445210417909,-2.2169129848480225,-0.2339840531349182,0.3981700738384177,-1.322251558303833,-0.2339840531349182,0.12991052675511489,-1.9007439613342285
Nap1l5,0.000952829432208091,0.0,19.862546920776367,0.9979940091511154,0.16822996735572815,19.862546920776367,0.39594053836937265,1.326385498046875,19.862546920776367,0.31381428051295834,1.326385498046875
Fam13a,0.0,0.0,0.0,0.9979940091511154,0.11319231241941452,0.0,1.0,0.0,0.0,1.0,0.0
Tigd2,0.28204581141471863,0.2933960258960724,-0.0654994547367096,0.1785070871717521,-1.8358350992202759,-0.0654994547367096,0.7338790147762367,-0.6282789707183838,-0.0654994547367096,0.5489692794294874,-0.8474897742271423
Gprin3,0.14706939458847046,0.1588769257068634,-0.12014718353748322,0.022787137682094467,-2.774146795272827,-0.12014718353748322,0.6162389295026868,-0.8272930979728699,-0.12014718353748322,0.4110428781489092,-1.1302255392074585
Snca,0.0,0.0,0.0,0.9979940091511154,0.11319231241941452,0.0,1.0,0.0,0.0,1.0,0.0
Ccser1,0.0003063702315557748,0.0,18.225141525268555,0.9979940091511154,0.14071114361286163,18.225141525268555,0.5196272646011879,1.0,18.225141525268555,0.46147875269036936,1.0
Smarcad1,0.2792907655239105,0.3179216980934143,-0.21615442633628845,0.022522556591077145,-2.778866767883301,-0.21615442633628845,0.08401698392521414,-2.295563220977783,-0.21615442633628845,0.006708258605853198,-3.1288249492645264
Hpgds,0.00590120954439044,0.009534684009850025,-0.6947985887527466,0.9979940091511154,-0.4319297671318054,-0.6947985887527466,0.6207433842141031,-0.8208085298538208,-0.6947985887527466,0.33797880101910516,-1.274717092514038
Tnip3,0.031921226531267166,0.012944093905389309,1.3159621953964233,0.8142128292303034,0.744522213935852,1.3159621953964233,0.0009141935646484214,3.8660237789154053,1.3159621953964233,5.2528750550336816e-05,4.4653143882751465
Ndnf,0.01021465566009283,0.002942427061498165,1.80081307888031,0.9979940091511154,0.2445523887872696,1.80081307888031,0.04479305954851671,2.576631784439087,1.80081307888031,0.017554542337774225,2.7907238006591797
Prdm5,0.0015146260848268867,0.0004954008618369699,1.613026738166809,0.9979940091511154,0.16564728319644928,1.613026738166809,0.4602519686088821,1.1992931365966797,1.613026738166809,0.29575473190433604,1.3667863607406616
Mad2l1,0.7768011689186096,0.6139057278633118,0.47054028511047363,1.3002608491654347e-10,6.9153289794921875,0.47054028511047363,1.3103665202467698e-12,7.734881401062012,0.47054028511047363,4.078761177726894e-23,10.393117904663086
Vmn1r32,0.0009277427452616394,0.0,19.82403564453125,0.9979940091511154,0.16822996735572815,19.82403564453125,0.3711783866487351,1.3785196542739868,19.82403564453125,0.2909935180538358,1.3785196542739868
Gng12,0.07483430206775665,0.09666610509157181,-0.38528385758399963,0.0038849645642763902,-3.3898916244506836,-0.38528385758399963,0.1291375678941284,-2.078748941421509,-0.38528385758399963,0.011489490286642687,-2.94429349899292
Gadd45a,0.0596642941236496,0.04874875769019127,0.29944732785224915,0.8599906071629163,-0.6864566206932068,0.29944732785224915,0.4084471610846475,1.3005399703979492,0.29944732785224915,0.16929298156359612,1.726758360862732
Serbp1,2.0983009338378906,2.294362783432007,-0.318329781293869,3.874098793062711e-24,-10.57551097869873,-0.318329781293869,1.0321050928663613e-19,-9.936689376831055,-0.318329781293869,2.325238782177413e-40,-13.954230308532715
Il12rb2,0.20990754663944244,0.2178831547498703,-0.0597587488591671,0.0608093531049913,-2.367687463760376,-0.0597587488591671,0.7851584129326961,-0.5389786958694458,-0.0597587488591671,0.6311008410456124,-0.7115153670310974
Il23r,0.0021762666292488575,0.0037005539052188396,-0.7669857144355774,0.9979940091511154,0.10713639110326767,-0.7669857144355774,0.8363568254925813,-0.4523922801017761,-0.7669857144355774,0.6157944075584164,-0.7361989617347717
Tacstd2,0.003848049556836486,0.0029046081472188234,0.40646466612815857,0.9979940091511154,-0.0632309541106224,0.40646466612815857,0.8034458266525415,0.5081259608268738,0.40646466612815857,0.6881803567329691,0.6218881607055664
Igkv14-111,0.0,0.0,0.0,0.9979940091511154,0.11319231241941452,0.0,1.0,0.0,0.0,1.0,0.0
Igkc,0.24373191595077515,0.22738757729530334,0.11239400506019592,0.7475801716214003,-0.8298394680023193,0.11239400506019592,0.8306968112382088,0.46170544624328613,0.11239400506019592,0.6432474349939283,0.6928759217262268
Rpia,0.40693530440330505,0.3608292043209076,0.2088644802570343,0.1468885111072348,1.94395112991333,0.2088644802570343,0.0484962377860204,2.5466601848602295,0.2088644802570343,0.003186137744255438,3.370893716812134
Eif2ak3,0.10630355030298233,0.12433036416769028,-0.23924210667610168,0.012821694958861115,-2.98824143409729,-0.23924210667610168,0.3021068325318915,-1.559037446975708,-0.23924210667610168,0.08185421857353344,-2.13545823097229
Thnsl2,0.002061427105218172,0.005254932213574648,-1.3523333072662354,0.9979940091511154,-0.40280789136886597,-1.3523333072662354,0.30847429389677156,-1.5444812774658203,-1.3523333072662354,0.055464639485547015,-2.315356731414795
Smyd1,0.01694890297949314,0.022253334522247314,-0.39666855335235596,0.2766233979691669,-1.579883337020874,-0.39666855335235596,0.4907655116947617,-1.1418545246124268,-0.39666855335235596,0.23805019435609734,-1.5197107791900635
Krcc1,0.5621612071990967,0.5415489077568054,0.07012148946523666,0.6695148505598517,0.9315433502197266,0.07012148946523666,0.5330637093114378,0.9753365516662598,0.07012148946523666,0.32677295744701795,1.2988728284835815
Cd8b1,2.230292320251465,2.1252715587615967,0.17088384926319122,0.009591598958114228,3.09181547164917,0.17088384926319122,0.010928262730138905,3.1169164180755615,0.17088384926319122,4.484520976706481e-05,4.497106075286865
Cd8a,1.4022661447525024,1.3375123739242554,0.12526294589042664,0.0507739599964596,2.447305202484131,0.12526294589042664,0.06113833800266806,2.444904327392578,0.12526294589042664,0.004452305602620957,3.2639095783233643
Rmnd5a,0.15191009640693665,0.15667793154716492,-0.04811176657676697,0.034316894458395544,-2.6104588508605957,-0.04811176657676697,0.8776542690318069,-0.3798728585243225,-0.04811176657676697,0.7659531701876775,-0.5021219253540039
Rnf103,0.06412229686975479,0.05828557163476944,0.14194050431251526,0.35768482619489445,-1.4144141674041748,0.14194050431251526,0.7081817300984709,0.6704506874084473,0.14194050431251526,0.5227750365511009,0.8918246030807495
Chmp3,0.3814484179019928,0.36388638615608215,0.08145321905612946,0.9979940091511154,0.5021962523460388,0.08145321905612946,0.5477399753239932,0.9483484625816345,0.08145321905612946,0.3411866733994139,1.267961025238037
Kdm3a,0.12928810715675354,0.1394144892692566,-0.11625909060239792,0.04819058989954023,-2.4692132472991943,-0.11625909060239792,0.649167543881382,-0.7715621590614319,-0.11625909060239792,0.44705756476957886,-1.064550518989563
Reep1,0.0006739309174008667,0.0,19.362730026245117,0.9979940091511154,0.14071114361286163,19.362730026245117,0.5196272646011879,1.0,19.362730026245117,0.46147875269036936,1.0
Mrpl35,0.48797523975372314,0.6373358964920044,-0.5030364990234375,1.4419162835345066e-10,-6.899298667907715,-0.5030364990234375,1.6240493870841273e-12,-7.712127685546875,-0.5030364990234375,1.3513741620000648e-23,-10.503687858581543
Immt,0.5648938417434692,0.7133769392967224,-0.45512402057647705,7.454231543120971e-09,-6.274024486541748,-0.45512402057647705,6.986461942007362e-11,-7.137775897979736,-0.45512402057647705,2.6824130005752485e-20,-9.695730209350586
Ptcd3,0.13772854208946228,0.17949910461902618,-0.4130761921405792,0.00012060110818071115,-4.35340690612793,-0.4130761921405792,0.007856069700032204,-3.228473663330078,-0.4130761921405792,4.792053419884198e-05,-4.48168420791626
Polr1a,0.06933268904685974,0.11858190596103668,-0.8103583455085754,5.674830026676643e-07,-5.502429008483887,-0.8103583455085754,0.00013533243157127126,-4.389808654785156,-0.8103583455085754,1.9432154207806762e-09,-6.416579246520996
St3gal5,0.008525053970515728,0.0240129753947258,-1.5052357912063599,0.16864632254502565,-1.8670052289962769,-1.5052357912063599,0.010630500359777403,-3.1294493675231934,-1.5052357912063599,1.3010291934932086e-05,-4.778846263885498
Usp39,0.3656695783138275,0.42303043603897095,-0.2543104887008667,0.014693370307769517,-2.938458204269409,-0.2543104887008667,0.007884476831305593,-3.225208044052124,-0.2543104887008667,8.34400835623419e-05,-4.3501152992248535
0610030E20Rik,0.17708609998226166,0.15343187749385834,0.22438547015190125,0.883260483102907,-0.6576910018920898,0.22438547015190125,0.21924832961099205,1.7767046689987183,0.22438547015190125,0.0571274146307548,2.30134654045105
Tmem150a,0.002271717181429267,0.0029683997854590416,-0.38640475273132324,0.9979940091511154,0.052276860922575,-0.38640475273132324,0.9511095380647002,-0.24835547804832458,-0.38640475273132324,0.8499854778050365,-0.37129220366477966
Rnf181,0.2507534623146057,0.23345962166786194,0.11607441306114197,0.9979940091511154,0.19957827031612396,0.11607441306114197,0.4932416895576166,1.137778401374817,0.11607441306114197,0.2352648702731675,1.528066635131836
Vamp5,0.2009773552417755,0.14359964430332184,0.5275578498840332,0.11734018786014651,2.0583901405334473,0.5275578498840332,0.0007931546315880045,3.913869619369507,0.5275578498840332,1.7213414946990793e-06,5.198709487915039
Vamp8,0.8990997672080994,0.8670831322669983,0.07876178622245789,0.17659974285601943,1.8419800996780396,0.07876178622245789,0.37519322732434857,1.3711663484573364,0.07876178622245789,0.1414324648649878,1.8558015823364258
Ggcx,0.015085512772202492,0.015339712612330914,-0.02429160103201866,0.868229819273386,-0.6754134893417358,-0.02429160103201866,1.0,-0.06451869755983353,-0.02429160103201866,1.0,-0.08595886081457138
Mat2a,0.5045214295387268,0.4978744089603424,0.024327507242560387,0.9979940091511154,-0.5021962523460388,0.024327507242560387,0.9194121414863721,0.3046885132789612,0.024327507242560387,0.8321000723921811,0.39888831973075867
Capg,0.41672319173812866,0.5041607022285461,-0.3426903486251831,0.0002755449988619519,-4.146258354187012,-0.3426903486251831,0.005118500041818909,-3.3676669597625732,-0.3426903486251831,2.3497269100961436e-05,-4.644832134246826
Elmod3,0.022264502942562103,0.027158362790942192,-0.2901957929134369,0.253874328514686,-1.6332287788391113,-0.2901957929134369,0.5330637093114378,-0.9752225875854492,-0.2901957929134369,0.32601726364288436,-1.3004436492919922
Retsat,0.0041701593436300755,0.005194145254790783,-0.31752288341522217,0.9979940091511154,-0.3175796866416931,-0.31752288341522217,0.8210675591529815,-0.47824826836586,-0.31752288341522217,0.6730011187047997,-0.6452290415763855
Tgoln1,0.5500427484512329,0.5658196210861206,-0.05323181301355362,0.9979940091511154,0.07881604880094528,-0.05323181301355362,0.6384911633067593,-0.7893183827400208,-0.05323181301355362,0.44633315584351624,-1.065927505493164
Tcf7l1,0.009437098167836666,0.007550363428890705,0.3231601417064667,0.9979940091511154,-0.04007595777511597,0.3231601417064667,0.7490925393854813,0.6010339260101318,0.3231601417064667,0.5893874954906292,0.7806667685508728
Kcmf1,0.396613746881485,0.3942195177078247,0.010575964115560055,0.9979940091511154,0.1545150727033615,0.010575964115560055,1.0,0.13320042192935944,0.010575964115560055,0.9693292260289383,0.17836390435695648
Tmsb10,3.5925495624542236,3.4844837188720703,0.1605749875307083,1.2900991845146766e-11,7.251699924468994,0.1605749875307083,1.2936369168268614e-09,6.665105819702148,0.1605749875307083,5.086705585626827e-18,9.096502304077148
Suclg1,0.5804272294044495,0.727965235710144,-0.4447014331817627,8.56734000329505e-09,-6.250068187713623,-0.4447014331817627,6.288533002521486e-11,-7.154779434204102,-0.4447014331817627,1.9355727398414436e-20,-9.732207298278809
Gm9008,0.04184730350971222,0.03381580486893654,0.3132668435573578,0.7049930150660018,-0.8854115009307861,0.3132668435573578,0.40401596293250225,1.3090147972106934,0.3132668435573578,0.19525522674341778,1.6416354179382324
Reg2,0.0,0.0,0.0,0.9979940091511154,0.11319231241941452,0.0,1.0,0.0,0.0,1.0,0.0
Reg1,0.00029608403565362096,0.0,18.175865173339844,0.9979940091511154,0.14071114361286163,18.175865173339844,0.5196272646011879,1.0,18.175865173339844,0.46147875269036936,1.0
Gm20594,0.0009269805159419775,0.0,19.82284927368164,0.9979940091511154,0.16822996735572815,19.82284927368164,0.40118322562426906,1.315148949623108,19.82284927368164,0.31890120449169285,1.315148949623108
Gcfc2,0.07133976370096207,0.10429197549819946,-0.5719674229621887,0.00018302673009196814,-4.2500104904174805,-0.5719674229621887,0.01606652712170433,-2.9781899452209473,-0.5719674229621887,0.00015013265244457445,-4.206501007080078
Mrpl19,0.22011514008045197,0.3067602515220642,-0.5440954566001892,7.606331749844033e-08,-5.87210750579834,-0.5440954566001892,6.545249831366283e-07,-5.547114849090576,-0.5440954566001892,7.631355457853453e-13,-7.5893120765686035
Tacr1,0.0,0.0,0.0,0.9979940091511154,0.11319231241941452,0.0,1.0,0.0,0.0,1.0,0.0
Pole4,0.7281978726387024,0.7896565794944763,-0.16678258776664734,0.03653849285892754,-2.584810256958008,-0.16678258776664734,0.020675962254767453,-2.882683038711548,-0.16678258776664734,0.0005358893367328842,-3.879779815673828
Hk2,0.09729542583227158,0.15257976949214935,-0.6898292899131775,1.1918565669765509e-07,-5.793380260467529,-0.6898292899131775,5.4795288048838796e-05,-4.607071399688721,-0.6898292899131775,1.1986634538969378e-09,-6.493715763092041
Sema4f,0.028797121718525887,0.04195808619260788,-0.5525738000869751,0.060131588861108046,-2.373565435409546,-0.5525738000869751,0.18878019070804317,-1.865462303161621,-0.5525738000869751,0.024945316299228075,-2.6538586616516113
M1ap,0.0,0.0,0.0,0.9979940091511154,0.11319231241941452,0.0,1.0,0.0,0.0,1.0,0.0
Dok1,0.12338889390230179,0.12090679258108139,0.03114417754113674,0.28073449041273185,-1.5703541040420532,0.03114417754113674,0.97195035347368,0.20769841969013214,0.03114417754113674,0.906508523027769,0.280661404132843
Loxl3,0.00041765623609535396,0.0005462751141749322,-0.3874037265777588,0.9979940091511154,0.05521576479077339,-0.3874037265777588,0.9824694938869839,-0.18704305589199066,-0.3874037265777588,0.9282555398616453,-0.2471611052751541
Htra2,0.142068549990654,0.19149044156074524,-0.46732601523399353,1.972531713776109e-05,-4.776252746582031,-0.46732601523399353,0.0012223277925915285,-3.7982327938079834,-0.46732601523399353,1.3510551971418372e-06,-5.245466232299805
Aup1,0.5101974010467529,0.4882752597332001,0.08048484474420547,0.5123008741383905,1.1557905673980713,0.08048484474420547,0.49469452559649196,1.1350332498550415,0.08048484474420547,0.24071415414450506,1.512306571006775
Dqx1,0.017911728471517563,0.028950776904821396,-0.7006914019584656,0.8998327329765642,-0.6370295882225037,-0.7006914019584656,0.41281325638642596,-1.2917637825012207,-0.7006914019584656,0.10415600648796386,-2.0165562629699707
Pcgf1,0.05011134594678879,0.05603833496570587,-0.16558977961540222,0.16968536715595067,-1.8634428977966309,-0.16558977961540222,0.7086471267945643,-0.6694793701171875,-0.16558977961540222,0.4926106195641569,-0.943448543548584
Lbx2,0.0,0.0,0.0,0.9979940091511154,0.11319231241941452,0.0,1.0,0.0,0.0,1.0,0.0
Ccdc142,0.003435231512412429,0.0,21.714454650878906,0.9979940091511154,0.2783052623271942,21.714454650878906,0.0808808512411427,2.3121163845062256,21.714454650878906,0.05600816717360719,2.3121163845062256
Gm42688,0.0005558697739616036,0.0,19.08479118347168,0.9979940091511154,0.14071114361286163,19.08479118347168,0.5196272646011879,1.0,19.08479118347168,0.46147875269036936,1.0
Mrpl53,0.0034452686086297035,0.0018631072016432881,0.8880472779273987,0.9979940091511154,0.10651298612356186,0.8880472779273987,0.5196272646011879,1.0041040182113647,0.8880472779273987,0.36709416015705515,1.2137430906295776
Mogs,0.24385200440883636,0.3158820867538452,-0.42775943875312805,3.497348048870785e-05,-4.647386074066162,-0.42775943875312805,6.44353954967395e-05,-4.562798500061035,-0.42775943875312805,6.631018290154097e-09,-6.215547561645508
Wbp1,0.12081781029701233,0.11744852364063263,0.043283335864543915,0.18933193738604812,-1.8035961389541626,0.043283335864543915,0.9195397167689632,0.30428004264831543,0.043283335864543915,0.8318023750090192,0.39963391423225403
Ino80b,0.24906706809997559,0.22975040972232819,0.13095623254776,0.9979940091511154,0.17143604159355164,0.13095623254776,0.42173971274945427,1.2727062702178955,0.13095623254776,0.17809009429708986,1.694866418838501
Rtkn,0.003508209250867367,0.0072456360794603825,-1.0490756034851074,0.993993579790308,-0.5170689225196838,-1.0490756034851074,0.31909005043797817,-1.5183279514312744,-1.0490756034851074,0.06699733434083126,-2.230602979660034
Wdr54,0.005616271402686834,0.006510566920042038,-0.2138161063194275,0.9979940091511154,-0.3724392354488373,-0.2138161063194275,0.8845367574837358,-0.3681887090206146,-0.2138161063194275,0.7748080886056636,-0.48893141746520996
Dctn1,0.2737477123737335,0.2837720215320587,-0.05945206433534622,0.37220982599583097,-1.3869843482971191,-0.05945206433534622,0.7392523102731596,-0.6185469627380371,-0.05945206433534622,0.5613274728788753,-0.8271845579147339
Slc4a5,0.0006923758774064481,0.0006546404911205173,0.08087974786758423,0.9979940091511154,0.08282364159822464,0.08087974786758423,1.0,0.04572611302137375,0.08087974786758423,1.0,0.06035787612199783
Mthfd2,0.444173663854599,0.5479632019996643,-0.38398781418800354,1.6375339177387543e-05,-4.818020820617676,-0.38398781418800354,8.113403810554127e-06,-5.028576374053955,-0.38398781418800354,1.2341423510821436e-10,-6.852637767791748
Mob1a,0.5568991303443909,0.5230059623718262,0.11722688376903534,0.11957083132728621,2.0485048294067383,0.11722688376903534,0.26100472364727556,1.659028172492981,0.11722688376903534,0.06520863335407551,2.2432923316955566
Bola3,0.6386573910713196,0.7717674374580383,-0.380334734916687,2.176747309268381e-07,-5.684640884399414,-0.380334734916687,2.6479290942485456e-08,-6.14211893081665,-0.380334734916687,2.5338420431015705e-15,-8.340713500976562
Tet3,0.16306644678115845,0.15058359503746033,0.12413503229618073,0.28921595187237864,-1.5517410039901733,0.12413503229618073,0.5694336477796261,0.9082375168800354,0.12413503229618073,0.3759842968924176,1.1959807872772217
Dguok,0.38383749127388,0.36793482303619385,0.07323354482650757,0.8445624359290123,0.7059602737426758,0.07323354482650757,0.6051364611010632,0.8460255861282349,0.07323354482650757,0.39869121417232395,1.1535794734954834
Actg2,0.0,0.0,0.0,0.9979940091511154,0.11319231241941452,0.0,1.0,0.0,0.0,1.0,0.0
Stambp,0.1481352001428604,0.1645587533712387,-0.1638440191745758,0.04260264902085604,-2.520599603652954,-0.1638440191745758,0.4385453806080359,-1.239555835723877,-0.1638440191745758,0.17378947592873395,-1.7096933126449585
Vax2,0.056711532175540924,0.023269107565283775,1.309510588645935,0.6378967603503476,0.9734004735946655,1.309510588645935,8.86157680355232e-05,4.468766212463379,1.309510588645935,1.9451023804488376e-06,5.181245803833008
Atp6v1b1,0.0003902169701177627,0.0,18.574201583862305,0.9979940091511154,0.14071114361286163,18.574201583862305,0.5196272646011879,1.0,18.574201583862305,0.46147875269036936,1.0
Tex261,0.5129181742668152,0.5522109270095825,-0.13733834028244019,0.2438666340445934,-1.6563838720321655,-0.13733834028244019,0.12416133867517797,-2.0998430252075195,-0.13733834028244019,0.016772648135378,-2.805549144744873
Nagk,0.060638003051280975,0.05776895210146904,0.07201793044805527,0.1790533295668173,-1.8339648246765137,0.07201793044805527,0.8790054877929014,0.3780747354030609,0.07201793044805527,0.7738467590388414,0.4903791844844818
Paip2b,0.10934252291917801,0.1138918474316597,-0.0621526837348938,0.026529752304633118,-2.713498592376709,-0.0621526837348938,0.8569813984460553,-0.4161527454853058,-0.0621526837348938,0.7336283526312806,-0.5517032742500305
Zfp638,0.34641602635383606,0.4131576418876648,-0.3053705394268036,0.0015585791002671432,-3.668820381164551,-0.3053705394268036,0.005050771410392544,-3.3722007274627686,-0.3053705394268036,2.4672000452454626e-05,-4.634203910827637
Dysf,0.0,0.0,0.0,0.9979940091511154,0.11319231241941452,0.0,1.0,0.0,0.0,1.0,0.0
Exoc6b,0.04395274817943573,0.04991832375526428,-0.187953382730484,0.10513920508222983,-2.1119139194488525,-0.187953382730484,0.6374096362282784,-0.7910922169685364,-0.187953382730484,0.44309624584521407,-1.0716230869293213
Spr,0.2117420881986618,0.30470481514930725,-0.5950452089309692,6.579354334977526e-08,-5.897310733795166,-0.5950452089309692,1.204716958564817e-07,-5.878056526184082,-0.5950452089309692,4.376980505632867e-15,-8.269707679748535
Sfxn5,0.0028229719027876854,0.006449372973293066,-1.1945617198944092,0.9984208920935209,-0.00935105700045824,-1.1945617198944092,0.5823256547119382,-0.8852831721305847,-1.1945617198944092,0.2599035935502632,-1.462621808052063
Rab11fip5,0.0,0.0,0.0,0.9979940091511154,0.11319231241941452,0.0,1.0,0.0,0.0,1.0,0.0
Smyd5,0.02138383872807026,0.05553552508354187,-1.4016830921173096,9.430537982512827e-05,-4.414233207702637,-1.4016830921173096,5.462303237094663e-06,-5.136424541473389,-1.4016830921173096,2.782094464557847e-13,-7.727481842041016
Pradc1,0.15405243635177612,0.20098994672298431,-0.4185614287853241,0.00010681090865756408,-4.382795810699463,-0.4185614287853241,0.0029533001401783198,-3.5430421829223633,-0.4185614287853241,7.96015447271311e-06,-4.884646415710449
Cct7,1.080009937286377,1.305458664894104,-0.4677196443080902,8.135628205091677e-21,-9.805072784423828,-0.4677196443080902,2.717892539195953e-18,-9.511528968811035,-0.4677196443080902,4.0581723490586256e-36,-13.155624389648438
Fbxo41,0.0004036547616124153,0.0025937831960618496,-2.685441255569458,0.9979940091511154,-0.20127035677433014,-2.685441255569458,0.2893648013275783,-1.5905321836471558,-2.685441255569458,0.030365360120556916,-2.57645320892334
Egr4,0.0,0.0,0.0,0.9979940091511154,0.11319231241941452,0.0,1.0,0.0,0.0,1.0,0.0
Alms1,0.07204683870077133,0.05717189982533455,0.3444744050502777,0.3431670532770095,-1.4419329166412354,0.3444744050502777,0.25874377295065015,1.6646409034729004,0.3444744050502777,0.09120311118174511,2.0837714672088623
Nat8f2,0.0008725891239009798,0.0,19.73557472229004,0.9979940091511154,0.16822996735572815,19.73557472229004,0.366631995488656,1.3911315202713013,19.73557472229004,0.28630789771691617,1.3911315202713013
Nat8f4,0.00690982723608613,0.011423083022236824,-0.7284911870956421,0.8608133409828219,-0.6845864057540894,-0.7284911870956421,0.3929195830856093,-1.3343011140823364,-0.7284911870956421,0.11962418501131049,-1.943880558013916
Nat8f1,0.020542724058032036,0.02156766690313816,-0.07098440825939178,0.8299982785802779,-0.7251076698303223,-0.07098440825939178,0.9795943381702091,-0.1914428323507309,-0.07098440825939178,0.9174583095302741,-0.2637857496738434
Tprkb,0.14681193232536316,0.17298731207847595,-0.2560816705226898,0.003159688755421615,-3.454636573791504,-0.2560816705226898,0.13794338805049422,-2.0454962253570557,-0.2560816705226898,0.017957245803355833,-2.7800545692443848
Dusp11,0.7470470666885376,0.7907727360725403,-0.11760815232992172,0.4568290133818779,-1.2402173280715942,-0.11760815232992172,0.12144994803573957,-2.111443281173706,-0.11760815232992172,0.018315133701927836,-2.772987127304077
Tgfa,0.0,0.0,0.0,0.9979940091511154,0.11319231241941452,0.0,1.0,0.0,0.0,1.0,0.0
Fam136a,0.1435929387807846,0.23983606696128845,-0.8117052912712097,4.8039478445571544e-11,-7.063075542449951,-0.8117052912712097,1.4440418941316394e-09,-6.667022705078125,-0.8117052912712097,1.2643895564410516e-19,-9.518941879272461
Snrpg,2.1240808963775635,2.1595115661621094,-0.05791797488927841,0.015732437035604403,-2.9138782024383545,-0.05791797488927841,0.15400453890131507,-1.9848881959915161,-0.05791797488927841,0.016091535986857267,-2.8212411403656006
Pcyox1,0.015787895768880844,0.020245470106601715,-0.36200547218322754,0.43792361026481597,-1.271565556526184,-0.36200547218322754,0.5196272646011879,-1.0524234771728516,-0.36200547218322754,0.28084221269825094,-1.4076553583145142
Tia1,0.35213834047317505,0.3140653669834137,0.19406317174434662,0.7491271055456508,0.8270787000656128,0.19406317174434662,0.10351543409587503,2.1930880546569824,0.19406317174434662,0.01557360695065111,2.8337464332580566
C87436,0.1506277471780777,0.137115478515625,0.14557680487632751,0.4401453791927795,-1.2676470279693604,0.14557680487632751,0.5095436394034202,1.107765793800354,0.14557680487632751,0.26734458543414846,1.4448679685592651
Pcbp1,1.0902467966079712,1.273126244544983,-0.3810333013534546,1.4137585532266373e-12,-7.5599284172058105,-0.3810333013534546,5.678540648098978e-14,-8.18277359008789,-0.3810333013534546,6.588645093919923e-26,-11.037788391113281
Asprv1,0.0030905315652489662,0.003589412197470665,-0.21625252068042755,0.9979940091511154,-0.0915512964129448,-0.21625252068042755,0.950168326132214,-0.2505400776863098,-0.21625252068042755,0.8696634615184,-0.3412964940071106
Mxd1,0.20625559985637665,0.20876508951187134,-0.019320132210850716,0.47351531554345033,-1.2140343189239502,-0.019320132210850716,1.0,-0.1252695769071579,-0.019320132210850716,0.9684732468451492,-0.17983809113502502
Snrnp27,0.6100969910621643,0.6143233776092529,-0.013317509554326534,0.8639740409153585,0.6804006695747375,-0.013317509554326534,0.971389743688824,-0.20891621708869934,-0.013317509554326534,0.9061984966791614,-0.28135600686073303
Gmcl1,0.2203550785779953,0.1942562311887741,0.20134568214416504,0.9979940091511154,-0.03731516748666763,0.20134568214416504,0.22565924325987533,1.7596485614776611,0.20134568214416504,0.05564653640377399,2.3138842582702637
Anxa4,0.08839830011129379,0.09999792277812958,-0.18637840449810028,0.006056946831292516,-3.2455291748046875,-0.18637840449810028,0.4842193148425448,-1.15511953830719,-0.18637840449810028,0.2372249775709657,-1.522413730621338
Aak1,0.43861204385757446,0.4100320041179657,0.11927877366542816,0.5374299265984137,1.1184754371643066,0.11927877366542816,0.31865654914789965,1.5190215110778809,0.11927877366542816,0.10977673609111972,1.9884318113327026
Nfu1,0.3542945981025696,0.4743211269378662,-0.5134565234184265,1.6185294699475716e-07,-5.7378973960876465,-0.5134565234184265,9.294205156761261e-10,-6.7196946144104,-0.5134565234184265,2.777349683373007e-18,-9.167394638061523
Gfpt1,0.21978284418582916,0.2348959594964981,-0.10725764185190201,0.06498995064350516,-2.338120460510254,-0.10725764185190201,0.5293687797953416,-0.9831358194351196,-0.10725764185190201,0.3157873005255017,-1.3211232423782349
D6Ertd527e,0.0007918973569758236,0.001930376049131155,-1.2863168716430664,0.9979940091511154,-0.08798898756504059,-1.2863168716430664,0.5685631484180471,-0.9098532795906067,-1.2863168716430664,0.307703646891483,-1.339735746383667
Antxr1,0.0,0.0,0.0,0.9979940091511154,0.11319231241941452,0.0,1.0,0.0,0.0,1.0,0.0
Bmp10,0.0,0.0008905103895813227,-19.764917373657227,0.9979940091511154,0.027607882395386696,-19.764917373657227,0.5196272646011879,-1.0,-19.764917373657227,0.16021537352752957,-1.759765386581421
Arhgap25,0.2136143296957016,0.2332499772310257,-0.14155979454517365,0.04150320364945339,-2.5311083793640137,-0.14155979454517365,0.4046520861221129,-1.3079426288604736,-0.14155979454517365,0.16021537352752957,-1.7604520320892334
Prokr1,0.0003031376108992845,0.0,18.209836959838867,0.9979940091511154,0.14071114361286163,18.209836959838867,0.5196272646011879,1.0,18.209836959838867,0.46147875269036936,1.0
Aplf,0.0622897706925869,0.04445481300354004,0.4996352195739746,0.9979940091511154,-0.13964244723320007,0.4996352195739746,0.06749336550440621,2.3989458084106445,0.4996352195739746,0.00959633705662785,3.0084164142608643
1810020O05Rik,0.0,0.0,0.0,0.9979940091511154,0.11319231241941452,0.0,1.0,0.0,0.0,1.0,0.0
Efcc1,0.0021868518088012934,0.001225348562002182,0.8363564610481262,0.9979940091511154,0.08050814270973206,0.8363564610481262,0.6774700680046407,0.7242184281349182,0.8363564610481262,0.541849969736432,0.8589136600494385
Gp9,0.0,0.0004921220242977142,-18.909013748168945,0.9979940091511154,0.027607882395386696,-18.909013748168945,0.5196272646011879,-1.0,-18.909013748168945,0.16021537352752957,-1.759765386581421
Rab43,0.013892886228859425,0.011143527925014496,0.3201277256011963,0.9979940091511154,-0.0372261106967926,0.3201277256011963,0.7348003523316047,0.6270018219947815,0.3201277256011963,0.5475807627624149,0.8498343229293823
Gm45140,0.0009395473753102124,0.0,19.84228515625,0.9979940091511154,0.16822996735572815,19.84228515625,0.36167647049845647,1.4142444133758545,19.84228515625,0.2795042275398297,1.4142444133758545
Isy1,0.46229737997055054,0.5393363237380981,-0.28255489468574524,0.0034627679293392447,-3.4256038665771484,-0.28255489468574524,0.0004934229580314434,-4.043859004974365,-0.28255489468574524,4.6532385713304066e-07,-5.45194673538208
Cnbp,1.0538315773010254,1.1554431915283203,-0.21932660043239594,6.21633499254491e-05,-4.513888835906982,-0.21932660043239594,0.0001001067069124355,-4.457495212554932,-0.21932660043239594,1.2046270460448732e-08,-6.113132476806641
Copg1,0.28771892189979553,0.3324759900569916,-0.2425413280725479,0.015951397952528534,-2.908890962600708,-0.2425413280725479,0.03764060713645404,-2.6518521308898926,-0.2425413280725479,0.001363971081509417,-3.6224756240844727
Hmces,0.2108481377363205,0.18600346148014069,0.19938889145851135,0.9979940091511154,-0.033129457384347916,0.19938889145851135,0.22576162215108528,1.7589436769485474,0.19938889145851135,0.0570950191238085,2.3015894889831543
H1f10,0.012253636494278908,0.02387991175055504,-0.9709995985031128,0.559213893347347,-1.084633469581604,-0.9709995985031128,0.3006103011727116,-1.563415765762329,-0.9709995985031128,0.053254175144299094,-2.3341493606567383
Rab7,0.7314417362213135,0.7130367159843445,0.05162743479013443,0.390946759758263,1.3516284227371216,0.05162743479013443,0.5655151768300399,0.915316641330719,0.05162743479013443,0.3611575445876551,1.226464033126831
Rpn1,0.5385850071907043,0.7384493947029114,-0.6147335171699524,5.099445865290802e-15,-8.290112495422363,-0.6147335171699524,1.1740415477385529e-18,-9.591821670532227,-0.6147335171699524,3.289580875886918e-35,-12.986797332763672
Gata2,0.0,0.0,0.0,0.9979940091511154,0.11319231241941452,0.0,1.0,0.0,0.0,1.0,0.0
Eefsec,0.13452711701393127,0.11585117131471634,0.22937728464603424,0.9979940091511154,-0.207326278090477,0.22937728464603424,0.28205757243859386,1.6065337657928467,0.22937728464603424,0.08141313434756527,2.1382479667663574
Ruvbl1,0.29242685437202454,0.4028064012527466,-0.546236515045166,1.4580256482309244e-07,-5.756065368652344,-0.546236515045166,3.572510196573757e-08,-6.099646091461182,-0.546236515045166,4.212454986493812e-16,-8.563841819763184
Sec61a1,0.5331881642341614,0.6501675248146057,-0.37882211804389954,7.982791626505403e-06,-4.97324800491333,-0.37882211804389954,5.142158899106745e-07,-5.595997333526611,-0.37882211804389954,3.0340969503329655e-13,-7.7141804695129395
Mgll,0.0005780644714832306,0.0006111889379099011,-0.08041172474622726,0.9979940091511154,0.05521576479077339,-0.08041172474622726,1.0,-0.03937501832842827,-0.08041172474622726,1.0,-0.049118563532829285
Abtb1,0.07873483002185822,0.09204854816198349,-0.23513339459896088,0.02590601968896311,-2.723651170730591,-0.23513339459896088,0.4188420240329509,-1.278649091720581,-0.23513339459896088,0.16021537352752957,-1.7717703580856323
Podxl2,0.0,0.0,0.0,0.9979940091511154,0.11319231241941452,0.0,1.0,0.0,0.0,1.0,0.0
Mcm2,0.4454030990600586,0.6377161145210266,-0.668985903263092,1.0997127152778644e-13,-7.897011756896973,-0.668985903263092,3.298642638050619e-15,-8.592991828918457,-0.668985903263092,5.339425841289134e-30,-11.921142578125
Tpra1,0.04599376395344734,0.06738617271184921,-0.5665913820266724,0.008094962402399259,-3.1487233638763428,-0.5665913820266724,0.0807461524852276,-2.316699981689453,-0.5665913820266724,0.0032204574971088596,-3.3669533729553223
Plxna1,0.000948730856180191,0.004797214642167091,-2.340902328491211,0.9979940091511154,-0.4867892861366272,-2.340902328491211,0.11069395546115877,-2.163083076477051,-2.340902328491211,0.002255008797904683,-3.476773738861084
Chchd6,0.037101782858371735,0.07654134184122086,-1.0734697580337524,2.3108349175657184e-06,-5.227685928344727,-1.0734697580337524,4.265235957792225e-06,-5.178981781005859,-1.0734697580337524,1.9025581466343573e-12,-7.460601329803467
Txnrd3,0.0005412108148448169,0.001710371463559568,-1.660888910293579,0.9979940091511154,-0.11577498912811279,-1.660888910293579,0.5196272646011879,-1.0347020626068115,-1.660888910293579,0.2464245977581098,-1.4961978197097778
Vmn1r43,0.0,0.0,0.0,0.9979940091511154,0.11319231241941452,0.0,1.0,0.0,0.0,1.0,0.0
Chst13,0.0,0.0,0.0,0.9979940091511154,0.11319231241941452,0.0,1.0,0.0,0.0,1.0,0.0
Zxdc,0.03369534760713577,0.04280760511755943,-0.35193300247192383,0.2638559784531173,-1.6092723608016968,-0.35193300247192383,0.4546631617921425,-1.2106163501739502,-0.35193300247192383,0.16592345548239512,-1.738704800605774
Aldh1l1,0.0,0.0006188570987433195,-19.239694595336914,0.9979940091511154,0.027607882395386696,-19.239694595336914,0.5196272646011879,-1.0,-19.239694595336914,0.16021537352752957,-1.759765386581421
Slc41a3,0.005003915634006262,0.0010908684926107526,2.2004034519195557,0.9979940091511154,0.30208367109298706,2.2004034519195557,0.07666096740535164,2.337763786315918,2.2004034519195557,0.03446620745710353,2.526297092437744
Iqsec1,0.07404332607984543,0.07829315215349197,-0.08362079411745071,0.34922655834633953,-1.4308006763458252,-0.08362079411745071,0.8919641161677869,-0.3548012673854828,-0.08362079411745071,0.7566982432683185,-0.5154814720153809
Nup210,0.7005002498626709,0.7736008763313293,-0.2023543417453766,0.009845198318892811,-3.082197427749634,-0.2023543417453766,0.00634623233767406,-3.297257661819458,-0.2023543417453766,5.163505280714162e-05,-4.464456081390381
Hdac11,0.000728189421351999,0.0,19.4744815826416,0.9979940091511154,0.16822996735572815,19.4744815826416,0.3688988393905348,1.3841198682785034,19.4744815826416,0.28887969314910966,1.3841198682785034
Chchd4,0.12037307769060135,0.17742115259170532,-0.6018376350402832,5.109222979560811e-07,-5.522377967834473,-0.6018376350402832,4.7929319093701536e-05,-4.6383771896362305,-0.6018376350402832,1.4796245761721219e-09,-6.460653305053711
Tmem43,0.06916804611682892,0.09204398840665817,-0.4289408028125763,0.0005278354078629561,-3.97143816947937,-0.4289408028125763,0.09030883676999238,-2.2625210285186768,-0.4289408028125763,0.0062841270433568654,-3.151109457015991
Xpc,0.03561416640877724,0.04262183606624603,-0.26422983407974243,0.2631818120795605,-1.6106972694396973,-0.26422983407974243,0.5524860129991064,-0.9405308365821838,-0.26422983407974243,0.30727515469586836,-1.340828776359558
Lsm3,1.0712318420410156,1.0867526531219482,-0.033924367278814316,0.7187753839500212,-0.8674218058586121,-0.033924367278814316,0.6997506641588421,-0.6849933862686157,-0.033924367278814316,0.4839881117033336,-0.9591177701950073
Slc6a6,0.2479165643453598,0.24193011224269867,0.03975860774517059,0.9404340630864773,-0.5833278298377991,0.03975860774517059,0.8920856933339019,0.3545496165752411,0.03975860774517059,0.7777345681837942,0.48453810811042786
Ccdc174,0.3462177515029907,0.36215415596961975,-0.07709695398807526,0.6943486000371962,-0.8988592028617859,-0.07709695398807526,0.606117120755259,-0.8444979190826416,-0.07709695398807526,0.3990759468541152,-1.1528921127319336
4930590J08Rik,0.004502035677433014,0.009579518809914589,-1.0930423736572266,0.8830687781395046,-0.6583144068717957,-1.0930423736572266,0.25662084287227466,-1.671517252922058,-1.0930423736572266,0.03992856473161428,-2.4577550888061523
Nr2c2,0.24603067338466644,0.2259076088666916,0.13819153606891632,0.9979940091511154,-0.27572259306907654,0.13819153606891632,0.4493916906961933,1.2200276851654053,0.13819153606891632,0.19873065321113081,1.6305241584777832
Mrps25,0.36796075105667114,0.46109825372695923,-0.3973352015018463,2.634457227640163e-05,-4.711596488952637,-0.3973352015018463,4.26110300857007e-06,-5.1667938232421875,-0.3973352015018463,3.9086330067790675e-11,-7.027214050292969
Rbsn,0.06038249656558037,0.0671381801366806,-0.15792804956436157,0.13516832313372418,-1.9861644506454468,-0.15792804956436157,0.6643076926990871,-0.7455729842185974,-0.15792804956436157,0.46147875269036936,-1.030578374862671
Magi1,0.0,0.0,0.0,0.9979940091511154,0.11319231241941452,0.0,1.0,0.0,0.0,1.0,0.0
Slc25a26,0.01516831573098898,0.025416696444153786,-0.7521331310272217,0.1397187217209343,-1.9692435264587402,-0.7521331310272217,0.10260298190881037,-2.200049638748169,-0.7521331310272217,0.008507997931272226,-3.049300193786621
Lrig1,0.0004027539980597794,0.0010924534872174263,-1.4400964975357056,0.9979940091511154,-0.0302796121686697,-1.4400964975357056,0.6370633478130729,-0.7918708324432373,-1.4400964975357056,0.3963546790052528,-1.1579022407531738
Kbtbd8,0.00801916979253292,0.014227376319468021,-0.8316312432289124,0.4956681539301152,-1.180993914604187,-0.8316312432289124,0.21954481661201916,-1.776479721069336,-0.8316312432289124,0.03868595405749847,-2.472438097000122
Suclg2,0.20773367583751678,0.24782036244869232,-0.2845728099346161,0.004711285539818586,-3.328263759613037,-0.2845728099346161,0.030220250259164687,-2.7395682334899902,-0.2845728099346161,0.0009258074884528263,-3.7304012775421143
Eogt,0.039562106132507324,0.05457668751478195,-0.4750814437866211,0.024562411564002747,-2.744757652282715,-0.4750814437866211,0.14219598753251864,-2.030296564102173,-0.4750814437866211,0.014400600923116206,-2.8624534606933594
Tmf1,0.4488312602043152,0.4121699035167694,0.15127119421958923,0.2479593651284747,1.6466765403747559,0.15127119421958923,0.15845522942999712,1.966995358467102,0.15127119421958923,0.03137795018282976,2.5629005432128906
Uba3,0.25059574842453003,0.28736311197280884,-0.2252223938703537,0.02332039527935094,-2.765597343444824,-0.2252223938703537,0.072251218530567,-2.370119333267212,-0.2252223938703537,0.005411107374282082,-3.2006139755249023
Arl6ip5,1.1609725952148438,1.1452900171279907,0.03306104615330696,0.2677438859193642,1.599565029144287,0.03306104615330696,0.6823836308020544,0.7157331109046936,0.03306104615330696,0.4782277195978837,0.9699757099151611
Lmod3,0.0,0.0,0.0,0.9979940091511154,0.11319231241941452,0.0,1.0,0.0,0.0,1.0,0.0
Frmd4b,0.18833588063716888,0.220192551612854,-0.24921907484531403,0.0026520222510131044,-3.5090508460998535,-0.24921907484531403,0.12825762234980087,-2.0818169116973877,-0.24921907484531403,0.015871075932241237,-2.8266186714172363
Mitf,0.0,0.0028359137941151857,-21.437429428100586,0.9979940091511154,-0.143560990691185,-21.437429428100586,0.2762226636914571,-1.6227155923843384,-21.437429428100586,0.014800534543104387,-2.8555989265441895
Foxp1,0.5127728581428528,0.48963475227355957,0.08469276875257492,0.28529411064316884,1.560112476348877,0.08469276875257492,0.5773740003153838,0.8950132727622986,0.08469276875257492,0.3412492652389656,1.2677638530731201
Gm20696,0.0370342917740345,0.060962650924921036,-0.7364652752876282,0.06577500902603921,-2.332420587539673,-0.7364652752876282,0.09333096933202492,-2.2495510578155518,-0.7364652752876282,0.0029874657698846277,-3.390260934829712
Eif4e3,0.10523773729801178,0.11552710086107254,-0.14213792979717255,0.0061211482289172765,-3.2423229217529297,-0.14213792979717255,0.6079531422669967,-0.841118574142456,-0.14213792979717255,0.4094418353995348,-1.1331638097763062
Rybp,0.07624094933271408,0.07843262702226639,-0.0424891822040081,0.08161572620615405,-2.234635353088379,-0.0424891822040081,0.9605645487104995,-0.22850745916366577,-0.0424891822040081,0.8906446732040156,-0.30648568272590637
Shq1,0.02738274447619915,0.06972560286521912,-1.3792122602462769,5.37059998168068e-06,-5.057318687438965,-1.3792122602462769,6.897737368642316e-07,-5.565629482269287,-1.3792122602462769,1.0781935095403963e-15,-8.450788497924805
Gxylt2,0.001465675886720419,0.0012217388721182942,0.26280590891838074,0.9979940091511154,0.08050814270973206,0.26280590891838074,0.962898704017878,0.22428390383720398,0.26280590891838074,0.8971460340410217,0.29599443078041077
Ppp4r2,0.6240520477294922,0.6841445565223694,-0.18067456781864166,0.10501753687022744,-2.112804412841797,-0.18067456781864166,0.02478859450979097,-2.815427780151367,-0.18067456781864166,0.0007245227418896442,-3.798018217086792
Il5ra,0.0,0.0,0.0,0.9979940091511154,0.11319231241941452,0.0,1.0,0.0,0.0,1.0,0.0
Trnt1,0.20051294565200806,0.2610906660556793,-0.4262324869632721,6.735662157845015e-05,-4.493583679199219,-0.4262324869632721,0.0013920197185047485,-3.763761281967163,-0.4262324869632721,1.2402717385218671e-06,-5.262453556060791
Crbn,0.2989301085472107,0.28827905654907227,0.060400497168302536,0.9984208920935209,0.01781153678894043,0.060400497168302536,0.7529952339090056,0.5952548384666443,0.060400497168302536,0.569594198169819,0.8134583830833435
Setmar,0.0036382318940013647,0.005633265245705843,-0.6321739554405212,0.9979940091511154,-0.40271884202957153,-0.6321739554405212,0.5902713658166748,-0.8717947006225586,-0.6321739554405212,0.37969667171908406,-1.1889803409576416
Sumf1,0.044584788382053375,0.03985358029603958,0.16527900099754333,0.6089701506889929,-1.0120514631271362,0.16527900099754333,0.7303250577953939,0.6334477663040161,0.16527900099754333,0.5410712322135174,0.8602836728096008
Itpr1,0.29209384322166443,0.30214938521385193,-0.05644235014915466,0.4445814003547805,-1.2606115341186523,-0.05644235014915466,0.7636717433031313,-0.5770775079727173,-0.05644235014915466,0.5928859878144583,-0.7747383713722229
Bhlhe40,1.3750274181365967,1.2502307891845703,0.24643759429454803,0.0007228757444211215,3.885497570037842,0.24643759429454803,0.0011550923601597216,3.81327486038208,0.24643759429454803,1.8308868461821663e-06,5.185453414916992
Arl8b,0.2901008725166321,0.31863948702812195,-0.15699946880340576,0.06867364249583256,-2.313807725906372,-0.15699946880340576,0.20634938427431027,-1.813689112663269,-0.15699946880340576,0.04631228753437862,-2.394425392150879
Edem1,0.4477965533733368,0.4930401146411896,-0.17404723167419434,0.21373810427259665,-1.7361794710159302,-0.17404723167419434,0.10169075072699964,-2.204793930053711,-0.17404723167419434,0.00942633641687103,-3.013706922531128
Rad18,0.2769528329372406,0.25135284662246704,0.15920493006706238,0.9984208920935209,-0.019325517117977142,0.15920493006706238,0.29193825119214717,1.5831270217895508,0.15920493006706238,0.09371641434772635,2.070523500442505
Srgap3,0.042963482439517975,0.02572045847773552,0.7527037858963013,0.9979940091511154,0.35792282223701477,0.7527037858963013,0.05851351458538207,2.463510751724243,0.7527037858963013,0.006613188240459804,3.1346302032470703
Thumpd3,0.24505452811717987,0.3183269202709198,-0.4327391982078552,8.513042504367736e-06,-4.9598002433776855,-0.4327391982078552,0.00010849753886343624,-4.436034679412842,-0.4327391982078552,1.5677250089280402e-08,-6.067381381988525
Setd5,0.3316926956176758,0.33920609951019287,-0.03803718462586403,0.4942339278446279,-1.183843731880188,-0.03803718462586403,0.8422628392521185,-0.44198063015937805,-0.03803718462586403,0.7130402597284419,-0.5839788913726807
Lhfpl4,0.0009670009603723884,0.002431288128718734,-1.3311872482299805,0.9979940091511154,-0.14552025496959686,-1.3311872482299805,0.5196272646011879,-1.0829594135284424,-1.3311872482299805,0.19924870211790885,-1.6287169456481934
Mtmr14,0.17009274661540985,0.13240289688110352,0.38925957679748535,0.8924488246638649,0.6460244059562683,0.38925957679748535,0.009080302018461116,3.175179958343506,0.38925957679748535,0.00025138227694127295,4.077596664428711
Cpne9,0.000991328852251172,0.003293408080935478,-1.7338058948516846,0.9979940091511154,0.08246741443872452,-1.7338058948516846,0.702960942717202,-0.6795143485069275,-1.7338058948516846,0.4100165567560701,-1.1323151588439941
Brpf1,0.17880478501319885,0.20335370302200317,-0.20387791097164154,0.0031299514728324934,-3.4579317569732666,-0.20387791097164154,0.22471940189309456,-1.7624826431274414,-0.20387791097164154,0.051752157810425026,-2.346064329147339
Ogg1,0.05517639219760895,0.04105399176478386,0.4367976188659668,0.9089351972715393,-0.6237599849700928,0.4367976188659668,0.11458373709499442,2.1401703357696533,0.4367976188659668,0.025121268422312017,2.6517045497894287
Camk1,0.001058699213899672,0.0011110595660284162,-0.06968105584383011,0.9984208920935209,-0.0025826727505773306,-0.06968105584383011,1.0,-0.048175495117902756,-0.06968105584383011,1.0,-0.06002933904528618
Tada3,0.19953975081443787,0.2113766074180603,-0.09197031706571579,0.1199099503363634,-2.0470798015594482,-0.09197031706571579,0.6237119685125179,-0.8156946897506714,-0.09197031706571579,0.42646017490273763,-1.1017354726791382
Arpc4,1.246067762374878,1.2645623683929443,-0.0373171865940094,0.9979940091511154,0.09725099056959152,-0.0373171865940094,0.5918673321454646,-0.8687898516654968,-0.0373171865940094,0.3935027259329955,-1.1634244918823242
Ttll3,0.02969798445701599,0.036628205329179764,-0.3076167106628418,0.16742845755580713,-1.8714581727981567,-0.3076167106628418,0.5196272646011879,-1.0388472080230713,-0.3076167106628418,0.2693364963609818,-1.4402601718902588
Rpusd3,0.06295391172170639,0.053306013345718384,0.24702438712120056,0.6440725679061773,-0.9655634164810181,0.24702438712120056,0.4297005902336092,1.2571182250976562,0.24702438712120056,0.2019381281537657,1.6207976341247559
Jagn1,0.18669074773788452,0.24599729478359222,-0.4423140287399292,2.5899943589766588e-05,-4.71551513671875,-0.4423140287399292,0.000174053441981378,-4.317587375640869,-0.4423140287399292,4.068044726262522e-08,-5.900634288787842
Il17re,0.0,0.0,0.0,0.9979940091511154,0.11319231241941452,0.0,1.0,0.0,0.0,1.0,0.0
Il17rc,0.00026003841776400805,0.000573763798456639,-1.1419554948806763,0.9979940091511154,0.05521576479077339,-1.1419554948806763,0.8096115067362403,-0.4980239272117615,-1.1419554948806763,0.6058702703092335,-0.7522596120834351
Creld1,0.009465775452554226,0.013373625464737415,-0.5014221668243408,0.7236538213288423,-0.8602972030639648,-0.5014221668243408,0.46439524238573787,-1.1920617818832397,-0.5014221668243408,0.1884159355560885,-1.662048101425171
Prrt3,0.001253655063919723,0.0,20.258615493774414,0.9979940091511154,0.19574879109859467,20.258615493774414,0.25788767355543873,1.6666057109832764,20.258615493774414,0.18712945620171384,1.6666057109832764
Emc3,0.5491804480552673,0.5328799486160278,0.05628324672579765,0.6892800943260111,0.9058057069778442,0.05628324672579765,0.5980755801401236,0.8575548529624939,0.05628324672579765,0.41407798380892846,1.124380111694336
Fancd2,0.15016807615756989,0.1385958343744278,0.12424250692129135,0.2876769247994741,-1.5546799898147583,0.12424250692129135,0.5231932249318464,0.9930460453033447,0.12424250692129135,0.33663991877303007,1.2779583930969238
Fancd2os,0.0,0.0,0.0,0.9979940091511154,0.11319231241941452,0.0,1.0,0.0,0.0,1.0,0.0
Brk1,1.1312934160232544,1.0701940059661865,0.13210152089595795,0.0006598805243893513,3.9099884033203125,0.13210152089595795,0.010879351562484735,3.114729404449463,0.13210152089595795,0.00017983018255021376,4.162414073944092
Vhl,0.10943237692117691,0.11764450371265411,-0.11043014377355576,0.065052871887897,-2.3375861644744873,-0.11043014377355576,0.6823248758579026,-0.7158923149108887,-0.11043014377355576,0.4725311399560166,-0.9803827404975891
Irak2,0.10313867032527924,0.11009921133518219,-0.09932918846607208,0.05739761537874704,-2.3956515789031982,-0.09932918846607208,0.7781134252233378,-0.5503748655319214,-0.09932918846607208,0.5932723536376052,-0.7739822864532471
Tatdn2,0.18992464244365692,0.23036208748817444,-0.30866652727127075,0.0021607165901654,-3.571836471557617,-0.30866652727127075,0.03611212787863868,-2.6697516441345215,-0.30866652727127075,0.0010069135879932644,-3.7066586017608643
Ghrl,0.001713495352305472,0.0019435930298641324,-0.1819498986005783,0.9979940091511154,-0.032416995614767075,-0.1819498986005783,0.996159209124351,-0.16080552339553833,-0.1819498986005783,0.9501276978958807,-0.21071083843708038
Sec13,0.4670872390270233,0.5452183485031128,-0.28423580527305603,0.002484620602096249,-3.5306918621063232,-0.28423580527305603,0.0003938902264028827,-4.103883743286133,-0.28423580527305603,3.088049229478382e-07,-5.530202865600586
Atp2b2,0.0006247950368560851,0.0,19.253477096557617,0.9979940091511154,0.14071114361286163,19.253477096557617,0.5196272646011879,1.0,19.253477096557617,0.46147875269036936,1.0
Atg7,0.158932164311409,0.20490452647209167,-0.4007076621055603,0.0001264574675766659,-4.341918468475342,-0.4007076621055603,0.00900329971418564,-3.1822519302368164,-0.4007076621055603,5.647875158200974e-05,-4.442445278167725
Vgll4,0.5931059718132019,0.5998790860176086,-0.02175048179924488,0.9979940091511154,0.10419748723506927,-0.02175048179924488,0.9254107188842635,-0.2936438024044037,-0.02175048179924488,0.8339104995880678,-0.39614683389663696
Tamm41,0.09209226071834564,0.11836333572864532,-0.38135331869125366,0.00036238463570494733,-4.072964191436768,-0.38135331869125366,0.044977442351864405,-2.578751564025879,-0.38135331869125366,0.002104577866510058,-3.4960756301879883
Pparg,0.0007702269940637052,0.0010957946069538593,-0.5088560581207275,0.9984208920935209,-0.0025826727505773306,-0.5088560581207275,0.8996895207975408,-0.3420381546020508,-0.5088560581207275,0.7911561617167001,-0.46322101354599
Tsen2,0.027338700369000435,0.04373050853610039,-0.6895898580551147,0.017991179583415427,-2.864985704421997,-0.6895898580551147,0.0374976617695468,-2.654163122177124,-0.6895898580551147,0.0010643822892385914,-3.6913840770721436
Mkrn2os,0.0005994655075483024,0.0006223421660251915,-0.054047659039497375,0.9979940091511154,0.08282364159822464,-0.054047659039497375,1.0,-0.030386045575141907,-0.054047659039497375,1.0,-0.041452474892139435
Mkrn2,0.23246625065803528,0.2102121114730835,0.16182005405426025,0.9979940091511154,-0.1408892571926117,0.16182005405426025,0.3075970993121558,1.5451685190200806,0.16182005405426025,0.1038321436084278,2.0182340145111084
Raf1,0.49213773012161255,0.5109128355979919,-0.06868582963943481,0.5398559879012642,-1.1149131059646606,-0.06868582963943481,0.5560254548348947,-0.9337924718856812,-0.06868582963943481,0.35016282428590184,-1.24850332736969
Tmem40,0.0,0.003504839725792408,-21.743446350097656,0.9979940091511154,-0.4003142714500427,-21.743446350097656,0.062364172119359663,-2.442988634109497,-21.743446350097656,0.00010792055882647869,-4.299087047576904
Cand2,0.019774554297327995,0.0308366846293211,-0.6490156650543213,0.19993888043972824,-1.773850917816162,-0.6490156650543213,0.1441647706619914,-2.0232038497924805,-0.6490156650543213,0.01263964758766811,-2.909761667251587
Rpl32,3.7719130516052246,3.8845131397247314,-0.16606079041957855,5.487045775585532e-16,-8.56334114074707,-0.16606079041957855,1.9165368099280081e-22,-10.53856086730957,-0.16606079041957855,1.0133817360883998e-37,-13.504861831665039
Efcab12,0.00034065934596583247,0.0015633349539712071,-2.199104070663452,0.9979940091511154,-0.11577498912811279,-2.199104070663452,0.4274152045046989,-1.2621575593948364,-2.199104070663452,0.11170282827165935,-1.97926664352417
Mbd4,0.11134281009435654,0.1193842738866806,-0.10651650279760361,0.04285189456992296,-2.518016815185547,-0.10651650279760361,0.6805663871898768,-0.7189072966575623,-0.10651650279760361,0.4813122171529579,-0.9643643498420715
Ift122,0.004785624332726002,0.010252689942717552,-1.1031718254089355,0.7937417519720553,-0.7701708078384399,-1.1031718254089355,0.18878019070804317,-1.8655734062194824,-1.1031718254089355,0.02090863214220301,-2.722729206085205
H1f8,0.0,0.0024220815394073725,-21.209564208984375,0.9979940091511154,-0.22914542257785797,-21.209564208984375,0.16036075877339492,-1.9646345376968384,-21.209564208984375,0.002436623832948497,-3.4572958946228027
Plxnd1,0.008093414828181267,0.004808998201042414,0.7533837556838989,0.9979940091511154,0.07463033497333527,0.7533837556838989,0.46600343064857586,1.188293695449829,0.7533837556838989,0.26911317405893165,1.4409624338150024
Tmcc1,0.0724077895283699,0.05938202515244484,0.29561781883239746,0.5914562808099768,-1.0368986129760742,0.29561781883239746,0.3824984570166054,1.3557069301605225,0.29561781883239746,0.16021537352752957,1.7670204639434814
Washc2,0.1798142045736313,0.22387845814228058,-0.34906286001205444,0.000120309919102042,-4.354207992553711,-0.34906286001205444,0.015116522163680219,-2.9991133213043213,-0.34906286001205444,0.00024674932329264167,-4.081296920776367
Zfand4,0.06318793445825577,0.055800050497055054,0.18476495146751404,0.42035178885515784,-1.3008655309677124,0.18476495146751404,0.5798225892618396,0.8898908495903015,0.18476495146751404,0.3868951002297888,1.175565481185913
March8,0.001258465345017612,0.008564308285713196,-2.771944522857666,0.9979940091511154,-0.4876798689365387,-2.771944522857666,0.22967757337605754,-1.7521098852157593,-2.771944522857666,0.010290999210380535,-2.9853460788726807
Alox5,0.0,0.0,0.0,0.9979940091511154,0.11319231241941452,0.0,1.0,0.0,0.0,1.0,0.0
Olfr212,0.0037027993239462376,0.0038524239789694548,-0.05725819244980812,0.9979940091511154,-0.06376530230045319,-0.05725819244980812,1.0,-0.06868956983089447,-0.05725819244980812,1.0,-0.09223417937755585
Eif4a3l2,0.0004926125984638929,0.0005660018650814891,-0.20040588080883026,0.9979940091511154,0.08282364159822464,-0.20040588080883026,1.0,-0.11043340712785721,-0.20040588080883026,0.9838971866809743,-0.15481223165988922
Zfp422,0.09329519420862198,0.14224465191364288,-0.6445022821426392,4.7283563142530363e-07,-5.53689432144165,-0.6445022821426392,0.0002554959465718144,-4.221033573150635,-0.6445022821426392,4.498499733336316e-08,-5.8821940422058105
Rassf4,0.0014574541710317135,0.0094683188945055,-2.7054407596588135,0.9979940091511154,-0.11978258192539215,-2.7054407596588135,0.34466969997926916,-1.4631035327911377,-2.7054407596588135,0.034545975799232076,-2.5255589485168457
Tmem72,0.0002848072908818722,0.0,18.119836807250977,0.9979940091511154,0.14071114361286163,18.119836807250977,0.5196272646011879,1.0,18.119836807250977,0.46147875269036936,1.0
Cxcl12,0.0,0.0,0.0,0.9979940091511154,0.11319231241941452,0.0,1.0,0.0,0.0,1.0,0.0
Zfp637,0.06290528178215027,0.06534812599420547,-0.056745607405900955,0.18228398272053045,-1.8242576122283936,-0.056745607405900955,0.9155669867117926,-0.31243205070495605,-0.056745607405900955,0.8222690106198028,-0.4150034189224243
Zfp239,0.009364542551338673,0.009938027709722519,-0.08616580069065094,0.9979940091511154,-0.3701237142086029,-0.08616580069065094,0.9867587485377295,-0.18013952672481537,-0.08616580069065094,0.9312333387559989,-0.24258197844028473
Hnrnpf,2.2847630977630615,2.3268771171569824,-0.06748493015766144,0.020662879746034115,-2.8117291927337646,-0.06748493015766144,0.14226195427746208,-2.030129909515381,-0.06748493015766144,0.01295777081187763,-2.9011993408203125
Fxyd4,0.010220998898148537,0.006001364905387163,0.7712213397026062,0.9979940091511154,0.07712395489215851,0.7712213397026062,0.3519261748631885,1.4429877996444702,0.7712213397026062,0.16021537352752957,1.7619659900665283
Rasgef1a,0.002211283426731825,0.0,21.078048706054688,0.9979940091511154,0.2507864236831665,21.078048706054688,0.11396847131994842,2.142897605895996,21.078048706054688,0.08089780107856794,2.142897605895996
Csgalnact2,0.054541874676942825,0.06394161283969879,-0.23623836040496826,0.0416407001519493,-2.5296833515167236,-0.23623836040496826,0.5196272646011879,-1.0645085573196411,-0.23623836040496826,0.25523291053293284,-1.474229335784912
Ret,0.004353679716587067,0.0017755692824721336,1.2958139181137085,0.9979940091511154,0.18987098336219788,1.2958139181137085,0.3588672695753787,1.4277269840240479,1.2958139181137085,0.20447091512850304,1.6133595705032349
Bms1,0.3164955973625183,0.423479825258255,-0.5020282864570618,3.6144096643180093e-07,-5.588903903961182,-0.5020282864570618,1.4294635801014805e-07,-5.841174125671387,-0.5020282864570618,1.798057292887407e-14,-8.089340209960938
Zfp248,0.007925058715045452,0.016512442380189896,-1.0652669668197632,0.5500611393994094,-1.0980812311172485,-1.0652669668197632,0.1900668255717163,-1.861812710762024,-1.0652669668197632,0.013730258880894462,-2.8806848526000977
Zfp9,0.0013800832675769925,0.004585920367389917,-1.7347689867019653,0.9979940091511154,-0.40165016055107117,-1.7347689867019653,0.2718766498913329,-1.632138967514038,-1.7347689867019653,0.04472516384173978,-2.409531593322754
Ankrd26,0.08792458474636078,0.12234993278980255,-0.5019424557685852,4.264772981952883e-05,-4.600541591644287,-0.5019424557685852,0.018552440812254458,-2.9236741065979004,-0.5019424557685852,0.0002991373720315732,-4.031765460968018
Cacna1c,0.000333550909999758,0.0006138838361948729,-0.8802588582038879,0.9979940091511154,0.05521576479077339,-0.8802588582038879,0.8656817897188853,-0.40125033259391785,-0.8802588582038879,0.7150006762281695,-0.5808234810829163
Dcp1b,0.10455990582704544,0.08137156069278717,0.37871912121772766,0.9344941603839204,-0.589739978313446,0.37871912121772766,0.06843988881276747,2.3928098678588867,0.37871912121772766,0.009214941672122627,3.0219244956970215
Cacna2d4,0.0031025074422359467,0.0,21.567241668701172,0.9979940091511154,0.2783052623271942,21.567241668701172,0.06997292040484371,2.382760763168335,21.567241668701172,0.047809866928184966,2.382760763168335
Lrtm2,0.0,0.0,0.0,0.9979940091511154,0.11319231241941452,0.0,1.0,0.0,0.0,1.0,0.0
Adipor2,0.20698823034763336,0.2205013632774353,-0.10133372247219086,0.05944842723739761,-2.378997802734375,-0.10133372247219086,0.5652849494954896,-0.9159542322158813,-0.10133372247219086,0.3640619215834518,-1.220367431640625
Wnt5b,0.0,0.0016630053287371993,-20.666563034057617,0.9979940091511154,-0.05797655135393143,-20.666563034057617,0.36167647049845647,-1.415608525276184,-20.666563034057617,0.03729674018812709,-2.4911389350891113
Fbxl14,0.37360793352127075,0.3509085476398468,0.10779064148664474,0.9979940091511154,0.38268086314201355,0.10779064148664474,0.397663208419974,1.3229109048843384,0.10779064148664474,0.17041487040323355,1.7222622632980347
Erc1,0.06586936116218567,0.07828252762556076,-0.2581446170806885,0.010794966008571622,-3.050938129425049,-0.2581446170806885,0.3588081628257606,-1.4286746978759766,-0.2581446170806885,0.13005460768173593,-1.9001339673995972
Rad52,0.03762217238545418,0.033776987344026566,0.15833283960819244,0.5092668024130791,-1.1603325605392456,0.15833283960819244,0.7311140728152198,0.6321123242378235,0.15833283960819244,0.5742874910688063,0.8055900931358337
Wnk1,1.259629726409912,1.1568522453308105,0.21151110529899597,1.2994638503275762e-05,4.869585037231445,0.21151110529899597,0.00010164469475541512,4.453916072845459,0.21151110529899597,1.2046350595989405e-08,6.112990856170654
Ninj2,0.018604625016450882,0.03060823865234852,-0.7269530892372131,0.153319677839358,-1.9211523532867432,-0.7269530892372131,0.09632773282289318,-2.233670473098755,-0.7269530892372131,0.004786894634396108,-3.2397758960723877
Ccdc77,0.16904334723949432,0.114127978682518,0.6072882413864136,0.43489459692915566,1.2765527963638306,0.6072882413864136,6.599474450737812e-05,4.545281410217285,0.6072882413864136,1.222703544761816e-07,5.705658912658691
Kdm5a,0.46635177731513977,0.47324544191360474,-0.02653053030371666,0.9979940091511154,0.2933560013771057,-0.02653053030371666,0.9070924801764582,-0.3270621597766876,-0.02653053030371666,0.8015985928369546,-0.44795647263526917
Il17ra,0.3413824439048767,0.33902207016944885,0.011808623559772968,0.9979940091511154,-0.4339780807495117,0.011808623559772968,1.0,0.13005976378917694,0.011808623559772968,0.9720237621745706,0.17430250346660614
Tmem121b,0.0,0.0,0.0,0.9979940091511154,0.11319231241941452,0.0,1.0,0.0,0.0,1.0,0.0
Hdhd5,0.11163374036550522,0.09953299909830093,0.1744086891412735,0.5794823396035856,-1.0547101497650146,0.1744086891412735,0.49814224193266043,1.1284124851226807,0.1744086891412735,0.24637676029943878,1.4964758157730103
Cecr2,0.0003586556704249233,0.0,18.452503204345703,0.9979940091511154,0.14071114361286163,18.452503204345703,0.5196272646011879,1.0,18.452503204345703,0.46147875269036936,1.0
Atp6v1e1,0.5480600595474243,0.5802685022354126,-0.10779332369565964,0.8640612048400375,-0.6801335215568542,-0.10779332369565964,0.29288655395973345,-1.58150053024292,-0.10779332369565964,0.08013150021801797,-2.1462912559509277
Bcl2l13,0.1074146032333374,0.12819640338420868,-0.2704508900642395,0.00041826197694855565,-4.034580230712891,-0.2704508900642395,0.156742886902622,-1.9736006259918213,-0.2704508900642395,0.027657827401358654,-2.6130924224853516
Bid,0.09620247036218643,0.1364353746175766,-0.5336564183235168,1.7664070238602107e-05,-4.802257537841797,-0.5336564183235168,0.0027794716140547185,-3.562836170196533,-0.5336564183235168,5.939792030321853e-06,-4.9472270011901855
Mical3,0.002606590511277318,0.0054513695649802685,-1.0665078163146973,0.9979940091511154,-0.43050482869148254,-1.0665078163146973,0.36596028643119927,-1.3939746618270874,-1.0665078163146973,0.10066497019913782,-2.033596992492676
Pex26,0.008511098101735115,0.011318938806653023,-0.413350373506546,0.7998454395029728,-0.7623337507247925,-0.413350373506546,0.6001625852366347,-0.8542104959487915,-0.413350373506546,0.39554329307374697,-1.159359335899353
Tuba8,0.001833285321481526,0.002519272966310382,-0.45907098054885864,0.9979940091511154,-0.08977014571428299,-0.45907098054885864,0.8388257807897477,-0.44855159521102905,-0.45907098054885864,0.6948718322701769,-0.6116094589233398
Usp18,0.28308454155921936,0.2863270044326782,-0.018880270421504974,0.22477664107407583,-1.7066123485565186,-0.018880270421504974,0.9935137834336547,-0.1654352992773056,-0.018880270421504974,0.9429878986849167,-0.22366440296173096
Slc6a13,0.006387755274772644,0.007300060708075762,-0.19325825572013855,0.9979940091511154,-0.23769494891166687,-0.19325825572013855,0.9125553516048036,-0.31809863448143005,-0.19325825572013855,0.8105030626134125,-0.43406349420547485
Klrg1,0.3454623222351074,0.37152332067489624,-0.12484413385391235,0.005411084179322872,-3.2826662063598633,-0.12484413385391235,0.5742961164297233,-0.8999144434928894,-0.12484413385391235,0.3688030284943276,-1.2099086046218872
M6pr,0.6699837446212769,0.7361873984336853,-0.18925315141677856,0.008247974714456848,-3.1419551372528076,-0.18925315141677856,0.005685095391121402,-3.33225417137146,-0.18925315141677856,7.236959368388533e-05,-4.384624004364014
Phc1,0.06563315540552139,0.052459727972745895,0.33281049132347107,0.7217479736581133,-0.8626127243041992,0.33281049132347107,0.31691722370178965,1.5236190557479858,0.33281049132347107,0.10602358493605202,2.007234811782837
Mfap5,0.0,0.002334216609597206,-21.156190872192383,0.9979940091511154,-0.22914542257785797,-21.156190872192383,0.15319777365483656,-1.9919816255569458,-21.156190872192383,0.0020806989747426687,-3.505420446395874
Aicda,0.004919690079987049,0.0032746242359280586,0.58842533826828,0.9979940091511154,0.10321785509586334,0.58842533826828,0.6804997630430548,0.718974232673645,0.58842533826828,0.5119606198163187,0.9107410907745361
Apobec1,0.027878399938344955,0.030647555366158485,-0.1386314183473587,0.9979940091511154,-0.43175163865089417,-0.1386314183473587,0.9179208010369033,-0.3085862696170807,-0.1386314183473587,0.7928884987262195,-0.4606461226940155
Gdf3,0.0,0.0,0.0,0.9979940091511154,0.11319231241941452,0.0,1.0,0.0,0.0,1.0,0.0
Nanog,0.0,0.0,0.0,0.9979940091511154,0.11319231241941452,0.0,1.0,0.0,0.0,1.0,0.0
Slc2a3,0.29483917355537415,0.32535016536712646,-0.16520990431308746,0.05197051241452413,-2.436796188354492,-0.16520990431308746,0.2882997536242636,-1.5914913415908813,-0.16520990431308746,0.07472460549987262,-2.179553985595703
Foxj2,0.057782258838415146,0.06528282910585403,-0.18154282867908478,0.05639806769092086,-2.403132438659668,-0.18154282867908478,0.6435805909036494,-0.7805587649345398,-0.18154282867908478,0.43619139601512863,-1.0838896036148071
C3ar1,0.0003636896435637027,0.0,18.472614288330078,0.9979940091511154,0.14071114361286163,18.472614288330078,0.5196272646011879,1.0,18.472614288330078,0.46147875269036936,1.0
Necap1,0.059278953820466995,0.052551884204149246,0.17867521941661835,0.45440946967512996,-1.2444920539855957,0.17867521941661835,0.6107889219512269,0.8358572721481323,0.17867521941661835,0.4269256493522045,1.100799560546875
Clec4a1,0.0008350423304364085,0.015975486487150192,-4.268801689147949,0.9979940091511154,-0.3456328511238098,-4.268801689147949,0.16236625259607135,-1.9574536085128784,-4.268801689147949,0.002724208899415177,-3.423489570617676
Clec4a3,0.0005534506635740399,0.013904379680752754,-4.660580635070801,0.9979940091511154,-0.20198282599449158,-4.660580635070801,0.2094599181300386,-1.808441400527954,-4.660580635070801,0.006124060042575828,-3.1638455390930176
Clec4b1,0.0005867531872354448,0.0,19.16282081604004,0.9979940091511154,0.14071114361286163,19.16282081604004,0.5196272646011879,1.0,19.16282081604004,0.46147875269036936,1.0
Clec4a2,0.00046963043860159814,0.01755664497613907,-5.236688613891602,0.9979940091511154,-0.20198282599449158,-5.236688613891602,0.17894564911171024,-1.900567889213562,-5.236688613891602,0.003623372163195968,-3.335026741027832
Clec4n,0.0014580523129552603,0.009862127713859081,-2.7639236450195312,0.9979940091511154,-0.14605459570884705,-2.7639236450195312,0.49116212849950996,-1.1422086954116821,-2.7639236450195312,0.11124575130998317,-1.9821358919143677
Clec4d,0.0,0.002424414036795497,-21.210954666137695,0.9979940091511154,0.027607882395386696,-21.210954666137695,0.5196272646011879,-1.0,-21.210954666137695,0.16021537352752957,-1.759765386581421
Clec4e,0.0,0.0034924703650176525,-21.73833656311035,0.9979940091511154,-0.05797655135393143,-21.73833656311035,0.3997036896570943,-1.3198630809783936,-21.73833656311035,0.05483421377792763,-2.3226492404937744
Vmn2r26,0.000287768489215523,0.0,18.134761810302734,0.9979940091511154,0.14071114361286163,18.134761810302734,0.5196272646011879,1.0,18.134761810302734,0.46147875269036936,1.0
Vmn2r27,0.00024924552417360246,0.0,17.927392959594727,0.9979940091511154,0.14071114361286163,17.927392959594727,0.5196272646011879,1.0,17.927392959594727,0.46147875269036936,1.0
Cd163,0.00046963043860159814,0.0,18.841508865356445,0.9979940091511154,0.14071114361286163,18.841508865356445,0.5196272646011879,1.0,18.841508865356445,0.46147875269036936,1.0
Pex5,0.07050738483667374,0.06153750419616699,0.20285026729106903,0.7321737125339574,-0.8480072617530823,0.20285026729106903,0.5336415249689985,0.9742195010185242,0.20285026729106903,0.3145723668804477,1.3242026567459106
Clstn3,0.0,0.0,0.0,0.9979940091511154,0.11319231241941452,0.0,1.0,0.0,0.0,1.0,0.0
C1rl,0.0,0.0,0.0,0.9979940091511154,0.11319231241941452,0.0,1.0,0.0,0.0,1.0,0.0
C1ra,0.0003602340875659138,0.0,18.458839416503906,0.9979940091511154,0.14071114361286163,18.458839416503906,0.5196272646011879,1.0,18.458839416503906,0.46147875269036936,1.0
Lpcat3,0.1575540155172348,0.20578289031982422,-0.42111891508102417,5.5779882414431166e-05,-4.539804458618164,-0.42111891508102417,0.002166376110752055,-3.6365346908569336,-0.42111891508102417,4.776304819870926e-06,-4.9921159744262695
Emg1,1.263450264930725,1.2584309577941895,0.010105046443641186,0.9979940091511154,0.4253394901752472,0.010105046443641186,0.9574915590677263,0.23554864525794983,0.010105046443641186,0.8798396878819504,0.3254322111606598
Phb2,0.9042198657989502,1.123686671257019,-0.49810701608657837,1.9729862746914187e-18,-9.216401100158691,-0.49810701608657837,1.0051331686418136e-18,-9.642349243164062,-0.49810701608657837,2.9209706951304555e-37,-13.3742094039917
Ptpn6,0.9470575451850891,0.7568176984786987,0.4799858629703522,4.78942752948516e-09,6.347764492034912,0.4799858629703522,2.6107539954356414e-10,6.91367769241333,0.4799858629703522,3.4519077792276176e-18,9.146690368652344
Grcc10,0.12283514440059662,0.09154201298952103,0.44719386100769043,0.9984208920935209,-0.009974460117518902,0.44719386100769043,0.037505922673293564,2.652357339859009,0.44719386100769043,0.002059879480159145,3.5027596950531006
Atn1,0.039440274238586426,0.02382548339664936,0.7384868264198303,0.9979940091511154,-0.032595112919807434,0.7384868264198303,0.031560120853854595,2.71905517578125,0.7384868264198303,0.004117726078163322,3.2908682823181152
Eno2,0.0,0.000545895250979811,-19.05866050720215,0.9979940091511154,0.027607882395386696,-19.05866050720215,0.5196272646011879,-1.0,-19.05866050720215,0.16021537352752957,-1.759765386581421
Lrrc23,0.0021769569721072912,0.0018521671881899238,0.2333328276872635,0.9981009014843685,0.02315499819815159,0.2333328276872635,0.9584673247205807,0.23283779621124268,0.2333328276872635,0.8951618396725912,0.2996540069580078
Spsb2,0.06484565138816833,0.047388024628162384,0.46519798040390015,0.9979940091511154,-0.3222106993198395,0.46519798040390015,0.09030883676999238,2.2607674598693848,0.46519798040390015,0.014228305583453319,2.867447853088379
Tpi1,0.7626503705978394,1.1053379774093628,-0.8205049633979797,9.692703098058033e-29,-11.5552339553833,-0.8205049633979797,7.349597992071675e-26,-11.611716270446777,-0.8205049633979797,9.600300231296962e-56,-16.58942413330078
Usp5,0.2759666442871094,0.3043989837169647,-0.16297002136707306,0.10769388192711343,-2.100158214569092,-0.16297002136707306,0.21585418192909092,-1.7868061065673828,-0.16297002136707306,0.04432111161974538,-2.413267135620117
Cdca3,1.4238125085830688,1.0781960487365723,0.7011001110076904,8.51051135814061e-32,12.170622825622559,0.7011001110076904,1.0740064412134248e-28,12.449432373046875,0.7011001110076904,1.4173724115822096e-68,18.596223831176758
P3h3,0.009779354557394981,0.019840333610773087,-1.0279003381729126,0.7211150362105538,-0.8635032773017883,-1.0279003381729126,0.2327483869104918,-1.742385983467102,-1.0279003381729126,0.023060825312697267,-2.684830904006958
Gpr162,0.00021878191910218447,0.0009110140381380916,-2.058474063873291,0.9979940091511154,0.05503764748573303,-2.058474063873291,0.6684653138552215,-0.7388409376144409,-2.058474063873291,0.35833971318985686,-1.2316807508468628
Cd4,0.001084736897610128,0.0,20.049697875976562,0.9979940091511154,0.19574879109859467,20.049697875976562,0.2534573017939152,1.6798086166381836,20.049697875976562,0.18279888185367335,1.6798086166381836
Lag3,0.481160968542099,0.2649952471256256,1.0261552333831787,5.497308137013356e-07,5.508484840393066,1.0261552333831787,1.4534999912709265e-19,9.701996803283691,1.0261552333831787,6.805489085533951e-28,11.539873123168945
Ptms,0.9330099821090698,0.7888099551200867,0.36097580194473267,6.677197927793466e-05,4.495720863342285,0.36097580194473267,4.917126501648586e-06,5.134212493896484,0.36097580194473267,9.91963353520917e-11,6.88724422454834
Mlf2,0.6331039667129517,0.6342816948890686,-0.0036198908928781748,0.9979940091511154,0.23644815385341644,-0.0036198908928781748,1.0,-0.06080574914813042,-0.0036198908928781748,1.0,-0.080349862575531
Cops7a,0.13886679708957672,0.1796158403158188,-0.40138688683509827,6.121472341920026e-05,-4.5178961753845215,-0.40138688683509827,0.00974149887964419,-3.154541015625,-0.40138688683509827,8.231472597424662e-05,-4.353063106536865
Pianp,0.0,0.0006041512824594975,-19.204988479614258,0.9979940091511154,0.027607882395386696,-19.204988479614258,0.5196272646011879,-1.0,-19.204988479614258,0.16021537352752957,-1.759765386581421
Zfp384,0.15199080109596252,0.14502863585948944,0.07279259711503983,0.44626284845275616,-1.2576725482940674,0.07279259711503983,0.7703590772419594,0.5653104186058044,0.07279259711503983,0.6055327585092799,0.753089964389801
Ing4,0.22823123633861542,0.2144789695739746,0.09994595497846603,0.9714892571601285,-0.5439643263816833,0.09994595497846603,0.5404618952054995,0.9626837968826294,0.09994595497846603,0.34363519191132486,1.2628122568130493
Acrbp,0.008597050793468952,0.009615967981517315,-0.16232621669769287,0.9744580144407139,-0.5393333435058594,-0.16232621669769287,0.9108614150084201,-0.3215317130088806,-0.16232621669769287,0.8135353949651283,-0.4290967881679535
Lpar5,0.004376624710857868,0.004589863587170839,-0.06878656148910522,0.9979940091511154,-0.12076221406459808,-0.06878656148910522,1.0,-0.09948006272315979,-0.06878656148910522,0.9973852609420402,-0.13357920944690704
Chd4,0.9649184942245483,1.077759861946106,-0.2545745074748993,0.0010067863758804693,-3.794569730758667,-0.2545745074748993,3.2859630351197046e-05,-4.717913627624512,-0.2545745074748993,2.7990007335171638e-09,-6.358614921569824
Nop2,0.050285179167985916,0.09710313379764557,-0.9835712909698486,8.635103688922405e-07,-5.422276973724365,-0.9835712909698486,1.6437272183905198e-05,-4.886944770812988,-0.9835712909698486,2.097611026958084e-11,-7.118806838989258
Iffo1,0.06128843501210213,0.039380673319101334,0.6540628671646118,0.9979940091511154,-0.21658828854560852,0.6540628671646118,0.013656825137264688,3.0315229892730713,0.6540628671646118,0.0009901180267431378,3.7135415077209473
Gapdh,2.910256862640381,3.0736937522888184,-0.24826498329639435,3.331174175106799e-25,-10.812403678894043,-0.24826498329639435,2.5543563598870978e-08,-6.190840721130371,-0.24826498329639435,3.232981031583214e-19,-9.420679092407227
Ncapd2,0.7318364381790161,0.5454708337783813,0.5726645588874817,2.340913966258451e-13,7.797979831695557,0.5726645588874817,6.168864703149092e-16,8.773502349853516,0.5726645588874817,1.8731008985667183e-28,11.60603141784668
Mrpl51,1.0450550317764282,0.9690579175949097,0.1727934032678604,0.0020454421784460433,3.5871543884277344,0.1727934032678604,0.005007251871188397,3.3767292499542236,0.1727934032678604,1.5348825745531647e-05,4.740601539611816
Vamp1,0.02925274893641472,0.023718131706118584,0.30659177899360657,0.756494852767685,-0.8175495266914368,0.30659177899360657,0.5196272646011879,1.0398856401443481,0.30659177899360657,0.32775620326414767,1.2964541912078857
Tapbpl,0.4267132878303528,0.39790287613868713,0.12305719405412674,0.7702904455708715,0.8000051379203796,0.12305719405412674,0.343897571632626,1.4630136489868164,0.12305719405412674,0.12433817657796814,1.9239732027053833
Cd27,0.9164914488792419,0.8643639087677002,0.1275925189256668,0.02081610805748335,2.808701276779175,0.1275925189256668,0.11660058609623851,2.132612466812134,0.1275925189256668,0.015052136969679377,2.8456931114196777
Tuba3a,0.0,0.0,0.0,0.9979940091511154,0.11319231241941452,0.0,1.0,0.0,0.0,1.0,0.0
Ltbr,0.0,0.005025124177336693,-22.264354705810547,0.9979940091511154,-0.22914542257785797,-22.264354705810547,0.15259020856101196,-1.994203805923462,-22.264354705810547,0.002054433551334017,-3.5093307495117188
Scnn1a,0.0003636896435637027,0.0,18.472614288330078,0.9979940091511154,0.14071114361286163,18.472614288330078,0.5196272646011879,1.0,18.472614288330078,0.46147875269036936,1.0
Tnfrsf1a,0.08977904170751572,0.08346118032932281,0.10989663749933243,0.3489860066792351,-1.4313350915908813,0.10989663749933243,0.7772593456369131,0.5524199604988098,0.10989663749933243,0.5998816969628814,0.7628927826881409
Cd9,0.4323103725910187,0.399558424949646,0.13891956210136414,0.9979940091511154,-0.22798766195774078,0.13891956210136414,0.3749631565061775,1.3716129064559937,0.13891956210136414,0.15332803587160285,1.8116216659545898
Vwf,0.0,0.0,0.0,0.9979940091511154,0.11319231241941452,0.0,1.0,0.0,0.0,1.0,0.0
Ndufa9,0.6340165734291077,0.710199773311615,-0.22476907074451447,0.04676606750837942,-2.4818594455718994,-0.22476907074451447,0.001558423617325348,-3.728689193725586,-0.22476907074451447,4.136299597672577e-06,-5.02181339263916
Dyrk4,0.0,0.0,0.0,0.9979940091511154,0.11319231241941452,0.0,1.0,0.0,0.0,1.0,0.0
Rad51ap1,0.42010053992271423,0.35667192935943604,0.28484514355659485,0.13262082443473244,1.9961389303207397,0.28484514355659485,0.006529118006863,3.2855706214904785,0.28484514355659485,0.00011302344355748479,4.2778639793396
D6Wsu163e,0.0798473209142685,0.07367482036352158,0.12058164179325104,0.3387472945573578,-1.4514621496200562,0.12058164179325104,0.6988602985397436,0.6861191987991333,0.12058164179325104,0.5192162256324298,0.8980572819709778
Fgf23,0.0017346213571727276,0.0006559762987308204,1.403681993484497,0.9979940091511154,0.13803941011428833,1.403681993484497,0.5406539991730185,0.9614734053611755,1.403681993484497,0.42917865417987694,1.0967636108398438
Tigar,0.0748320072889328,0.09774531424045563,-0.40213829278945923,0.0015234487147969638,-3.675321578979492,-0.40213829278945923,0.07195287658351833,-2.3726413249969482,-0.40213829278945923,0.0045842417987091615,-3.2541356086730957
Ccnd2,0.3450927436351776,0.4939776062965393,-0.632345974445343,5.129024863719876e-10,-6.707557678222656,-0.632345974445343,4.3682708527029605e-08,-6.062596321105957,-0.632345974445343,7.529955283531458e-16,-8.491990089416504
Parp11,0.06180304288864136,0.0754452645778656,-0.2977057695388794,0.009784730224134636,-3.084423780441284,-0.2977057695388794,0.3457341912840722,-1.458630919456482,-0.2977057695388794,0.10908899007955404,-1.9923783540725708
Cracr2a,0.07352299243211746,0.07429548352956772,-0.01564338058233261,0.24037381404654906,-1.6645771265029907,-0.01564338058233261,1.0,-0.0755731612443924,-0.01564338058233261,1.0,-0.10495078563690186
Tspan9,0.0004769366350956261,0.0,18.863784790039062,0.9979940091511154,0.14071114361286163,18.863784790039062,0.5196272646011879,1.0,18.863784790039062,0.46147875269036936,1.0
Tead4,0.0013261621352285147,0.004128060769289732,-1.6402286291122437,0.9979940091511154,-0.28845784068107605,-1.6402286291122437,0.31845992860120453,-1.5211875438690186,-1.6402286291122437,0.050050046126996754,-2.3602418899536133
Tulp3,0.01116101536899805,0.013155234046280384,-0.2386099100112915,0.7838053131351089,-0.7827279567718506,-0.2386099100112915,0.7888037128601331,-0.5336757898330688,-0.2386099100112915,0.6346629734716993,-0.7057682871818542
Rhno1,0.4285818338394165,0.3049265444278717,0.585747241973877,5.261035742865505e-07,5.516678333282471,0.585747241973877,2.0657788582332132e-11,7.291712760925293,0.585747241973877,1.5636889677523303e-18,9.24945068359375
Foxm1,0.3709527254104614,0.2513205409049988,0.6524706482887268,6.228577998883119e-06,5.0251688957214355,0.6524706482887268,1.1744297364801693e-11,7.373184680938721,0.6524706482887268,1.9857710220492672e-18,9.225024223327637
Tex52,0.001441301661543548,0.0006086328066885471,1.2443277835845947,0.9979940091511154,0.13803941011428833,1.2443277835845947,0.5980755801401236,0.8573184609413147,1.2443277835845947,0.46147875269036936,1.0005985498428345
Nrip2,0.0,0.0,0.0,0.9979940091511154,0.11319231241941452,0.0,1.0,0.0,0.0,1.0,0.0
Itfg2,0.14800764620304108,0.1642080694437027,-0.161843404173851,0.009103373660778446,-3.1092708110809326,-0.161843404173851,0.4014845384046148,-1.3149209022521973,-0.161843404173851,0.16365432657710793,-1.7467479705810547
Fkbp4,0.7348138689994812,0.9278878569602966,-0.49492084980010986,7.659425888611292e-13,-7.642395973205566,-0.49492084980010986,4.82778681738151e-13,-7.907106876373291,-0.49492084980010986,6.424431370192555e-26,-11.033815383911133
Klrb1a,0.0008130791247822344,0.005322350654751062,-2.713848829269409,0.9979940091511154,-0.03045772761106491,-2.713848829269409,0.5196272646011879,-1.0702143907546997,-2.713848829269409,0.15287945736974384,-1.8138434886932373
Klrb1,0.0006835047388449311,0.0005921614938415587,0.20702610909938812,0.9979940091511154,0.05521576479077339,0.20702610909938812,1.0,0.1010051742196083,0.20702610909938812,1.0,0.11989700049161911
Klrb1c,0.045270081609487534,0.030570587143301964,0.5770841240882874,0.9979940091511154,0.3884696066379547,0.5770841240882874,0.5020343236977316,1.1211832761764526,0.5770841240882874,0.23580820018085402,1.5263135433197021
Klrb1b,0.006740604992955923,0.0,22.689311981201172,0.9979940091511154,0.36086171865463257,22.689311981201172,0.022090124892101815,2.855492115020752,22.689311981201172,0.014802026066176031,2.855492115020752
BC035044,0.051711782813072205,0.056052058935165405,-0.11943341046571732,0.069150959672309,-2.3103344440460205,-0.11943341046571732,0.7754671341551808,-0.5564770698547363,-0.11943341046571732,0.6199337530696096,-0.7295196056365967
Clec2i,0.31768450140953064,0.21911178529262543,0.6102098822593689,0.015198493887700077,2.9263463020324707,0.6102098822593689,2.791869966986856e-06,5.244948387145996,0.6102098822593689,1.7624871759898693e-10,6.80137300491333
Clec2g,0.0,0.0014348039403557777,-20.453458786010742,0.9979940091511154,0.027607882395386696,-20.453458786010742,0.5196272646011879,-1.0,-20.453458786010742,0.16021537352752957,-1.759765386581421
Clec2f,0.0,0.000600160681642592,-19.195425033569336,0.9979940091511154,0.027607882395386696,-19.195425033569336,0.5196272646011879,-1.0,-19.195425033569336,0.16021537352752957,-1.759765386581421
Klrb1f,0.017526231706142426,0.014607897028326988,0.26487818360328674,0.9979940091511154,-0.1494387835264206,0.26487818360328674,0.793852199519319,0.5250560641288757,0.26487818360328674,0.6334364939794159,0.7078387141227722
Clec2e,0.0,0.0,0.0,0.9979940091511154,0.11319231241941452,0.0,1.0,0.0,0.0,1.0,0.0
Clec2d,0.43491894006729126,0.30677464604377747,0.6017038226127625,1.1413127990738534e-05,4.896747589111328,0.6017038226127625,7.780594211492988e-09,6.344233512878418,0.6017038226127625,4.672425296754112e-15,8.269068717956543
Cd69,1.4114495515823364,1.4275693893432617,-0.030674168840050697,0.9979940091511154,-0.2215755134820938,-0.030674168840050697,0.8643218531666099,-0.40339556336402893,-0.030674168840050697,0.740157485926869,-0.5414996147155762
Clec12a,0.004489772953093052,0.035096388310194016,-2.9887588024139404,0.11889355782632616,-2.0514438152313232,-2.9887588024139404,0.004426802660534107,-3.4311540126800537,-2.9887588024139404,4.096903306256893e-08,-5.920056343078613
Clec1b,0.00036403629928827286,0.003578690579161048,-3.299593687057495,0.9979940091511154,0.05503764748573303,-3.299593687057495,0.5784413649289724,-0.8936648964881897,-3.299593687057495,0.2251483891628523,-1.5560219287872314
Clec9a,0.0,0.0013843794586136937,-20.40180778503418,0.9979940091511154,0.027607882395386696,-20.40180778503418,0.5196272646011879,-1.0,-20.40180778503418,0.16021537352752957,-1.759765386581421
Olr1,0.0,0.0014348039403557777,-20.453458786010742,0.9979940091511154,0.027607882395386696,-20.453458786010742,0.5196272646011879,-1.0,-20.453458786010742,0.16021537352752957,-1.759765386581421
Gabarapl1,0.08823486417531967,0.10922973603010178,-0.32333871722221375,0.0008634011527355459,-3.8381190299987793,-0.32333871722221375,0.14277394835742996,-2.0272912979125977,-0.32333871722221375,0.019486042515274353,-2.7494802474975586
Klre1,0.09201154857873917,0.08953291177749634,0.041211772710084915,0.6824545006321859,-0.9144442677497864,0.041211772710084915,1.0,0.12751150131225586,0.041211772710084915,0.9690038165419803,0.17898479104042053
Klrd1,0.9895197153091431,0.8162583112716675,0.42123863101005554,0.002989939944044048,3.471735715866089,0.42123863101005554,0.0004655977165052035,4.062129497528076,0.42123863101005554,2.545809477536502e-07,5.56599235534668
Klrk1,0.9107182621955872,0.8635653853416443,0.1156773492693901,0.72310988270914,0.8610096573829651,0.1156773492693901,0.41558997943670867,1.2847092151641846,0.1156773492693901,0.17335353782456084,1.7113760709762573
Klrc3,0.0045761531218886375,0.005891344975680113,-0.36541131138801575,0.9979940091511154,-0.2348451018333435,-0.36541131138801575,0.8135187093177575,-0.49178990721702576,-0.36541131138801575,0.6549051103861355,-0.6743664145469666
Klrc2,0.6605955958366394,0.5401046872138977,0.386088490486145,0.0002490180249266874,4.172352313995361,0.386088490486145,0.0003356982256501362,4.149772644042969,0.386088490486145,1.0818127338379328e-07,5.723567008972168
Klrc1,0.9579420685768127,0.6996318697929382,0.665115237236023,9.743628253535464e-16,8.49414348602295,0.665115237236023,2.5019579360847407e-18,9.463504791259766,0.665115237236023,1.5759193147472306e-32,12.46292781829834
Klri1,0.0,0.0,0.0,0.9979940091511154,0.11319231241941452,0.0,1.0,0.0,0.0,1.0,0.0
Klri2,0.0037959066685289145,0.003269094042479992,0.2159339040517807,0.9979940091511154,0.07676772028207779,0.2159339040517807,0.9740856000308459,0.20456388592720032,0.2159339040517807,0.9151074338732494,0.26748842000961304
Klrh1,0.002604705048725009,0.0005554113886319101,2.2309679985046387,0.9979940091511154,0.08282364159822464,2.2309679985046387,0.5591434315286258,0.9270206689834595,2.2309679985046387,0.490484480563421,0.9474899768829346
Klra17,0.0,0.0,0.0,0.9979940091511154,0.11319231241941452,0.0,1.0,0.0,0.0,1.0,0.0
Klra5,0.007130997721105814,0.0125200804322958,-0.8159615993499756,0.9984208920935209,-0.00899482611566782,-0.8159615993499756,0.7099164204044696,-0.6674849390983582,-0.8159615993499756,0.46147875269036936,-1.01028311252594
Klra6,0.007978614419698715,0.01380863692611456,-0.7955738306045532,0.9979940091511154,-0.17856065928936005,-0.7955738306045532,0.6677430376989847,-0.7398484945297241,-0.7955738306045532,0.4212410103447896,-1.1116111278533936
Klra4,0.0021201297640800476,0.004833925981074572,-1.191001057624817,0.9979940091511154,-0.08816710859537125,-1.191001057624817,0.7016053659622277,-0.6822826862335205,-1.191001057624817,0.46147875269036936,-1.035241723060608
Klra8,0.0024597307201474905,0.0,21.231843948364258,0.9979940091511154,0.16822996735572815,21.231843948364258,0.4968858110568846,1.1304720640182495,21.231843948364258,0.4110506786177668,1.1304720640182495
Klra9,0.003178573912009597,0.0023986855521798134,0.4066982865333557,0.9979940091511154,0.11025340855121613,0.4066982865333557,0.9502974828745544,0.2498461902141571,0.4066982865333557,0.8811011372024609,0.32250285148620605
Klra7,0.0224590040743351,0.022398190572857857,0.00395568273961544,0.9979940091511154,0.06483399122953415,0.00395568273961544,1.0,0.004991855006664991,0.00395568273961544,1.0,0.007046710699796677
Klra10,0.0003892432723660022,0.0007053575827740133,-0.8579091429710388,0.9979940091511154,0.05521576479077339,-0.8579091429710388,0.8706020760747049,-0.3923815190792084,-0.8579091429710388,0.7248965426757178,-0.565780520439148
Klra3,0.036035411059856415,0.01428514625877142,1.3506546020507812,0.9979940091511154,0.45793458819389343,1.3506546020507812,0.07141167973196798,2.3735342025756836,1.3506546020507812,0.014118157313315657,2.8708345890045166
Klra1,0.008295753970742226,0.017142971977591515,-1.0535675287246704,0.9979940091511154,-0.23377642035484314,-1.0535675287246704,0.5346113705539786,-0.9725748896598816,-1.0535675287246704,0.2664132299152705,-1.4472548961639404
Klra2,0.0007531994488090277,0.0150323286652565,-4.329204559326172,0.9979940091511154,-0.26004841923713684,-4.329204559326172,0.28224025708828004,-1.608452320098877,-4.329204559326172,0.01627636676474279,-2.8197314739227295
Magohb,0.49292024970054626,0.5651537775993347,-0.2539677321910858,0.005347314212200549,-3.287029981613159,-0.2539677321910858,0.0031023461497681377,-3.526682138442993,-0.2539677321910858,1.2728116188739915e-05,-4.783431053161621
Styk1,0.0010340637527406216,0.0019596468191593885,-0.9229357838630676,0.9979940091511154,-0.0605592243373394,-0.9229357838630676,0.6895876698870625,-0.7033643126487732,-0.9229357838630676,0.46147875269036936,-1.001648187637329
Ybx3,1.1593462228775024,1.373781681060791,-0.4313298463821411,4.317933963380611e-16,-8.592106819152832,-0.4313298463821411,7.18315537601936e-13,-7.85556697845459,-0.4313298463821411,4.453084408214704e-26,-11.069283485412598
Smim10l1,0.12805452942848206,0.19459666311740875,-0.6530188918113708,3.998255077148817e-09,-6.376886367797852,-0.6530188918113708,6.789715199536283e-06,-5.070511817932129,-0.6530188918113708,4.930424012478904e-11,-6.990580081939697
Etv6,0.11585615575313568,0.1383136808872223,-0.2721518278121948,0.005992529026157719,-3.249180555343628,-0.2721518278121948,0.22311600089017433,-1.767390489578247,-0.2721518278121948,0.03744274303019109,-2.486872911453247
Bcl2l14,0.0015100128948688507,0.0017226069467142224,-0.19018584489822388,0.9979940091511154,-0.032416995614767075,-0.19018584489822388,0.9926118939487479,-0.1678602248430252,-0.19018584489822388,0.9442775967727404,-0.22131022810935974
Lrp6,0.04124445840716362,0.06349244713783264,-0.6385732293128967,0.005992529026157719,-3.249180555343628,-0.6385732293128967,0.06527659511626495,-2.4171533584594727,-0.6385732293128967,0.0017677508202713168,-3.5478551387786865
Mansc1,0.003560671117156744,0.006702366750687361,-0.9147894382476807,0.9495041375659824,-0.5717503428459167,-0.9147894382476807,0.3913924074875939,-1.3377454280853271,-0.9147894382476807,0.13543592570840013,-1.8784527778625488
Borcs5,0.1359361708164215,0.1611005663871765,-0.26363375782966614,0.005196283092841728,-3.2962028980255127,-0.26363375782966614,0.1283683405794416,-2.0812602043151855,-0.26363375782966614,0.015052136969679377,-2.845546007156372
Dusp16,0.01889994367957115,0.017546655610203743,0.10816526412963867,0.9979940091511154,-0.19325517117977142,0.10816526412963867,0.938751370351054,0.2708348333835602,0.10816526412963867,0.8459536638502976,0.3776814639568329
Crebl2,0.006373617332428694,0.013453979045152664,-1.082964301109314,0.9912186627609784,-0.5212545990943909,-1.082964301109314,0.3621040251177201,-1.4066317081451416,-1.082964301109314,0.07039311956853572,-2.2079379558563232
Gpr19,0.020759306848049164,0.023585576564073563,-0.18619294464588165,0.5296381196747374,-1.1303200721740723,-0.18619294464588165,0.7833284949534662,-0.5426501035690308,-0.18619294464588165,0.6146587027086547,-0.7379737496376038
Cdkn1b,0.4796232283115387,0.40610218048095703,0.2969946265220642,0.003560164779138851,3.4173214435577393,0.2969946265220642,0.0049893864787004085,3.3763976097106934,0.2969946265220642,2.5785508215751842e-05,4.623804569244385
Apold1,0.009615826420485973,0.0011806467082351446,3.0319228172302246,0.9438540084955341,0.5790530443191528,3.0319228172302246,0.0013922408766339025,3.7504217624664307,3.0319228172302246,0.0004269442035267814,3.9446520805358887
Ddx47,0.33594080805778503,0.4035876393318176,-0.3164723217487335,0.0013886249769419436,-3.7028403282165527,-0.3164723217487335,0.0007718767710462555,-3.9224069118499756,-0.3164723217487335,1.1634076947985046e-06,-5.276147365570068
Gprc5a,0.0008618736756034195,0.0006043328321538866,0.5123181343078613,0.9979940091511154,0.11043152958154678,0.5123181343078613,0.9065065679180738,0.3282742500305176,0.5123181343078613,0.8161769036837353,0.42442622780799866
Gprc5d,0.0,0.0,0.0,0.9979940091511154,0.11319231241941452,0.0,1.0,0.0,0.0,1.0,0.0
Hebp1,0.001162766246125102,0.005924703553318977,-2.3526177406311035,0.9979940091511154,-0.06109356880187988,-2.3526177406311035,0.4848579188220992,-1.1547693014144897,-2.3526177406311035,0.11429780954114489,-1.967991590499878
Fam234b,0.018464209511876106,0.04131918027997017,-1.1786484718322754,0.0063116882647249,-3.232259511947632,-1.1786484718322754,0.0007050267060090075,-3.9562432765960693,-1.1786484718322754,5.930650546388635e-08,-5.8330464363098145
Emp1,0.2900450527667999,0.33279886841773987,-0.23081202805042267,0.0008925869397596441,-3.828767776489258,-0.23081202805042267,0.10724055491100008,-2.1765286922454834,-0.23081202805042267,0.012498585138980335,-2.914393186569214
Eif4a3l1,0.0,0.0,0.0,0.9979940091511154,0.11319231241941452,0.0,1.0,0.0,0.0,1.0,0.0
Atf7ip,0.5808258056640625,0.40838271379470825,0.6427862644195557,1.4414689372015568e-09,6.543513298034668,0.6427862644195557,4.3825727314798324e-13,7.870179176330566,0.6427862644195557,2.808681531814925e-22,10.200465202331543
Plbd1,0.0,0.013329909183084965,-23.67778968811035,0.9979940091511154,-0.31472983956336975,-23.67778968811035,0.20075422239851065,-1.8331725597381592,-23.67778968811035,0.005066782893278246,-3.2259535789489746
H4f16,0.050842639058828354,0.049445562064647675,0.0412139818072319,0.35150738219268984,-1.4259916543960571,0.0412139818072319,0.9917554680375608,0.17051920294761658,0.0412139818072319,0.9419332849864603,0.22526602447032928
H2aj,1.4638800621032715,1.393524408340454,0.13350236415863037,0.0015799973097546,3.6649909019470215,0.13350236415863037,0.008255868792640581,3.2090396881103516,0.13350236415863037,7.785637559578305e-05,4.366535663604736
Wbp11,0.6696028113365173,0.6745515465736389,-0.014589555561542511,0.9979940091511154,0.19245365262031555,-0.014589555561542511,0.9603785016752305,-0.22959277033805847,-0.014589555561542511,0.8862897492589318,-0.3139587342739105
BC049715,0.020603997632861137,0.024244731292128563,-0.2373829483985901,0.4163099869545635,-1.3082573413848877,-0.2373829483985901,0.6664382725228623,-0.7413617968559265,-0.2373829483985901,0.46249813668827716,-0.9980674386024475
Smco3,0.0025075485464185476,0.005762395914644003,-1.2027404308319092,0.9945631184565934,-0.5153768062591553,-1.2027404308319092,0.2836695962463515,-1.6029319763183594,-1.2027404308319092,0.049649532657216104,-2.363720655441284
Art4,0.0006370862247422338,0.0007638141978532076,-0.2618241310119629,0.9979940091511154,0.05521576479077339,-0.2618241310119629,1.0,-0.12741203606128693,-0.2618241310119629,0.9786875767637151,-0.1643916219472885
Erp27,0.004497034475207329,0.005750736221671104,-0.35567787289619446,0.9979940091511154,0.045241303741931915,-0.35567787289619446,0.8773472300227197,-0.38047775626182556,-0.35567787289619446,0.7232550987273485,-0.5683542490005493
Arhgdib,2.758086681365967,2.7142698764801025,0.06759633868932724,0.0008940996175405411,3.828233480453491,0.06759633868932724,0.0318147775216341,2.7184560298919678,0.06759633868932724,0.00146172066966564,3.6031315326690674
Pde6h,0.0005533715011551976,0.0011273804120719433,-1.0270670652389526,0.9984208920935209,-0.0025826727505773306,-1.0270670652389526,0.7234401044307353,-0.6456072926521301,-1.0270670652389526,0.4848232402965216,-0.9575011134147644
Ptpro,0.0,0.0030432711355388165,-21.539386749267578,0.9979940091511154,-0.05797655135393143,-21.539386749267578,0.45161684317631884,-1.2172056436538696,-21.539386749267578,0.08101786797848033,-2.141996383666992
Eps8,0.01080353744328022,0.04181177541613579,-1.9748713970184326,0.04906289828657065,-2.4618215560913086,-1.9748713970184326,0.00039067327570802457,-4.129142761230469,-1.9748713970184326,2.3261202688221457e-10,-6.767561912536621
Strap,0.7535983920097351,0.938392698764801,-0.46826887130737305,4.803994300027701e-14,-8.003613471984863,-0.46826887130737305,9.109124350665978e-17,-9.028843879699707,-0.46826887130737305,1.3616463437564655e-30,-12.058585166931152
Dera,0.5087189078330994,0.5939522981643677,-0.29058218002319336,0.0017227912770844962,-3.6390750408172607,-0.29058218002319336,0.0001972835632972682,-4.283616542816162,-0.29058218002319336,8.443604055336696e-08,-5.770318984985352
Mgst1,0.001197149627842009,0.012737848795950413,-3.4197795391082764,0.9979940091511154,-0.061806030571460724,-3.4197795391082764,0.3439510298274842,-1.4648075103759766,-3.4197795391082764,0.03200565840328394,-2.5571200847625732
Plekha5,0.19794119894504547,0.17894041538238525,0.15972885489463806,0.6805992222402018,-0.9171159863471985,0.15972885489463806,0.38252122627701934,1.355584979057312,0.15972885489463806,0.16021537352752957,1.7647392749786377
Aebp2,0.641190230846405,0.6093891859054565,0.09870335459709167,0.2661612485235062,1.6035726070404053,0.09870335459709167,0.3273518445798248,1.4998780488967896,0.09870335459709167,0.11198256289431782,1.9779808521270752
Pyroxd1,0.09873517602682114,0.10459870100021362,-0.0875302329659462,0.03306962534007666,-2.625420570373535,-0.0875302329659462,0.7705385776830835,-0.5650370717048645,-0.0875302329659462,0.6054022643632656,-0.7533292770385742
Recql,0.23264116048812866,0.2574220597743988,-0.16463451087474823,0.043817238564557666,-2.5083096027374268,-0.16463451087474823,0.258151714358067,-1.666700839996338,-0.16463451087474823,0.06642348897593892,-2.2347209453582764
Golt1b,0.28742414712905884,0.2975676953792572,-0.05770984664559364,0.2857594015915206,-1.5590437650680542,-0.05770984664559364,0.7224656286589285,-0.6478251218795776,-0.05770984664559364,0.5504646846146192,-0.8449507355690002
Spx,0.0022749879863113165,0.002324105007573962,-0.0308516938239336,0.9979940091511154,-0.034020036458969116,-0.0308516938239336,1.0,-0.03392878547310829,-0.0308516938239336,1.0,-0.045155856758356094
Ldhb,0.007691678591072559,0.015583029016852379,-1.024308681488037,0.45555145973356137,-1.2423546314239502,-1.024308681488037,0.1245422131626308,-2.099356174468994,-1.024308681488037,0.007966451649621386,-3.0720369815826416
Kcnj8,0.007906799204647541,0.012962152250111103,-0.7167925238609314,0.9979940091511154,-0.1839931756258011,-0.7167925238609314,0.6593200675693802,-0.7546218633651733,-0.7167925238609314,0.36722159556202255,-1.213253378868103
Abcc9,0.0006201204960234463,0.0012654177844524384,-1.0294575691223145,0.9979940091511154,-0.0302796121686697,-1.0294575691223145,0.7545114374911382,-0.5925735235214233,-1.0294575691223145,0.5748770314793844,-0.8045452833175659
Cmas,0.5033515095710754,0.5286737680435181,-0.09064178913831711,0.7169640834812995,-0.8695592284202576,-0.09064178913831711,0.40502858830535643,-1.3071790933609009,-0.09064178913831711,0.16735349722994236,-1.7339805364608765
Sult6b2,0.0,0.0016174349002540112,-20.62644386291504,0.9979940091511154,-0.143560990691185,-20.62644386291504,0.2378899508140716,-1.7288986444473267,-20.62644386291504,0.008776434710294177,-3.0424559116363525
St8sia1,0.0054873256012797356,0.009680175222456455,-0.8219581246376038,0.9979940091511154,-0.4592704772949219,-0.8219581246376038,0.5196272646011879,-1.0497030019760132,-0.8219581246376038,0.19615901966910582,-1.638750672340393
C2cd5,0.29941627383232117,0.21084186434745789,0.5725980997085571,0.009741792787517536,3.086026906967163,0.5725980997085571,6.13119229196304e-07,5.542089462280273,0.5725980997085571,3.781389594142116e-11,7.038664817810059
Etnk1,0.3193717896938324,0.3255603313446045,-0.0323917530477047,0.525548582585003,-1.1360198259353638,-0.0323917530477047,0.902553116163959,-0.3359321653842926,-0.0323917530477047,0.7998974460362276,-0.4503665268421173
Sox5,0.00952712632715702,0.005042361561208963,0.9211803674697876,0.9979940091511154,0.07783641666173935,0.9211803674697876,0.26883990310007594,1.6391420364379883,0.9211803674697876,0.1205977541337741,1.9401249885559082
Bcat1,0.03131307661533356,0.08756299316883087,-1.5245336294174194,3.03132937019367e-09,-6.423017978668213,-1.5245336294174194,2.3228737908641432e-10,-6.99710750579834,-1.5245336294174194,1.780931608114278e-23,-10.475589752197266
Lrmp,0.6434364318847656,0.6189150214195251,0.07559297233819962,0.33939071480809124,1.45012629032135,0.07559297233819962,0.4938294243164692,1.136641502380371,0.07559297233819962,0.23259022720884054,1.534735083580017
Casc1,0.0033454704098403454,0.004092644900083542,-0.2913637161254883,0.9979940091511154,-0.1480138748884201,-0.2913637161254883,0.8851192661299653,-0.36683982610702515,-0.2913637161254883,0.7661834813797214,-0.5015348196029663
Etfrf1,0.060702960938215256,0.05614130571484566,0.11602693796157837,0.2017930150593703,-1.7686855792999268,0.11602693796157837,0.7689077808119578,0.5682717561721802,0.11602693796157837,0.6160527004454867,0.7355021834373474
Kras,0.7477981448173523,0.7842891812324524,-0.0983876958489418,0.3723388327516164,-1.3866281509399414,-0.0983876958489418,0.277186216816389,-1.61770761013031,-0.0983876958489418,0.07418165225349327,-2.183440923690796
Lmntd1,0.0009448404307477176,0.0,19.85039520263672,0.9979940091511154,0.19574879109859467,19.85039520263672,0.24151844345376264,1.7128223180770874,19.85039520263672,0.1732416364340672,1.7128223180770874
Tuba3b,0.0002719565818551928,0.0,18.053218841552734,0.9979940091511154,0.14071114361286163,18.053218841552734,0.5196272646011879,1.0,18.053218841552734,0.46147875269036936,1.0
Rassf8,0.0,0.0013843794586136937,-20.40180778503418,0.9979940091511154,0.027607882395386696,-20.40180778503418,0.5196272646011879,-1.0,-20.40180778503418,0.16021537352752957,-1.759765386581421
Bhlhe41,0.0010313926031813025,0.000823233975097537,0.3253689706325531,0.9979940091511154,0.11025340855121613,0.3253689706325531,0.9744184235020548,0.20334374904632568,0.3253689706325531,0.9127266733344938,0.2712182104587555
Itpr2,0.17615042626857758,0.17223043739795685,0.03537770360708237,0.6503681428747665,-0.9567466974258423,0.03537770360708237,0.9603785016752305,0.23014168441295624,0.03537770360708237,0.8792023388152259,0.3263981342315674
Ints13,0.1999899297952652,0.24020560085773468,-0.29441535472869873,0.00506998067759625,-3.3046634197235107,-0.29441535472869873,0.03336022016983303,-2.7005298137664795,-0.29441535472869873,0.0009258074884528263,-3.730325222015381
Fgfr1op2,0.9484409093856812,0.9842379689216614,-0.08336683362722397,0.9070958107618652,-0.6261645555496216,-0.08336683362722397,0.22619117161810365,-1.7577475309371948,-0.08336683362722397,0.05848384478636859,-2.2910757064819336
Tm7sf3,0.07863792032003403,0.09268967807292938,-0.24746458232402802,0.007360642967572141,-3.1799826622009277,-0.24746458232402802,0.345560876111472,-1.4589093923568726,-0.24746458232402802,0.11406076779321779,-1.9685834646224976
Med21,0.511170506477356,0.5451368689537048,-0.11946219950914383,0.3933188552085217,-1.3474427461624146,-0.11946219950914383,0.20822851638413734,-1.8090695142745972,-0.11946219950914383,0.04145786870762442,-2.4419305324554443
Stk38l,0.029426587745547295,0.035713307559490204,-0.2839008867740631,0.20274589460635917,-1.7660138607025146,-0.2839008867740631,0.5224926502504641,-0.9943757653236389,-0.2839008867740631,0.29104524508604657,-1.3777797222137451
Arntl2,0.0,0.0,0.0,0.9979940091511154,0.11319231241941452,0.0,1.0,0.0,0.0,1.0,0.0
Ppfibp1,0.02674061246216297,0.022492792457342148,0.25264638662338257,0.5456945899920226,-1.1053839921951294,0.25264638662338257,0.6211932781869004,0.819662868976593,0.25264638662338257,0.46147875269036936,1.0068926811218262
Rep15,0.006191818974912167,0.008197665214538574,-0.4062984585762024,0.9979940091511154,-0.2091074436903,-0.4062984585762024,0.7692709982230508,-0.5676231980323792,-0.4062984585762024,0.558760436510938,-0.8310880064964294
Mrps35,0.25422579050064087,0.3040043115615845,-0.2955571413040161,0.003120443025990939,-3.4591784477233887,-0.2955571413040161,0.008221622289364017,-3.2102959156036377,-0.2955571413040161,8.61022356875856e-05,-4.342571258544922
Mansc4,0.0,0.0,0.0,0.9979940091511154,0.11319231241941452,0.0,1.0,0.0,0.0,1.0,0.0
Klhl42,0.030081741511821747,0.03138089179992676,-0.06194016709923744,0.42210778328537074,-1.2977485656738281,-0.06194016709923744,0.9663565270371126,-0.21805141866207123,-0.06194016709923744,0.9001143329841668,-0.29145345091819763
Ccdc91,0.03195881471037865,0.05358774587512016,-0.761402428150177,0.003336190109451227,-3.437715530395508,-0.761402428150177,0.009210007917056562,-3.1752126216888428,-0.761402428150177,5.181267602150156e-05,-4.463079452514648
Far2,0.0034911143593490124,0.0027318650390952826,0.3543492555618286,0.9979940091511154,-0.09101694822311401,0.3543492555618286,0.8560107964384934,0.41818830370903015,0.3543492555618286,0.7660799857735376,0.5019226670265198
Ergic2,0.4169091582298279,0.4409092962741852,-0.09929521381855011,0.42534008416879937,-1.2925832271575928,-0.09929521381855011,0.38261972030300156,-1.3552814722061157,-0.09929521381855011,0.15488890776331113,-1.8063879013061523
Tmtc1,0.0,0.0,0.0,0.9979940091511154,0.11319231241941452,0.0,1.0,0.0,0.0,1.0,0.0
Ipo8,0.1458239108324051,0.14800548553466797,-0.023035570979118347,0.08287150174813301,-2.227688789367676,-0.023035570979118347,0.9879233002196569,-0.17806477844715118,-0.023035570979118347,0.9363631766818608,-0.2349260449409485
Caprin2,0.02704903483390808,0.027532199397683144,-0.025892892852425575,0.35664483655020035,-1.4167295694351196,-0.025892892852425575,1.0,-0.09032724797725677,-0.025892892852425575,1.0,-0.116811104118824
Sinhcaf,0.27122828364372253,0.28083372116088867,-0.057455696165561676,0.3281093205174351,-1.4723906517028809,-0.057455696165561676,0.7613160041679048,-0.581166684627533,-0.057455696165561676,0.5878679373488567,-0.7831849455833435
Dennd5b,0.005920561030507088,0.019186386838555336,-1.7058663368225098,0.4488631985429686,-1.2531306743621826,-1.7058663368225098,0.06263755045657064,-2.438891649246216,-1.7058663368225098,0.00031884722994694536,-4.018098831176758
Etfbkmt,0.023396944627165794,0.02146957255899906,0.12542220950126648,0.9979940091511154,-0.46977928280830383,0.12542220950126648,0.9173369521551182,0.309439092874527,0.12542220950126648,0.8088977865338227,0.4364280700683594
Amn1,0.1816105842590332,0.1497718095779419,0.30168282985687256,0.9979940091511154,-0.3261292278766632,0.30168282985687256,0.07971386357718871,2.320852041244507,0.30168282985687256,0.01002055725280412,2.992549419403076
Resf1,0.7570838928222656,0.7049142718315125,0.14518234133720398,0.07987275689419206,2.244520664215088,0.14518234133720398,0.16471342161471103,1.9455188512802124,0.14518234133720398,0.026459810217323815,2.63089656829834
Bicd1,0.005200435407459736,0.0040937685407698154,0.346001535654068,0.9979940091511154,0.10116952657699585,0.346001535654068,0.8282365371691758,0.46549224853515625,0.346001535654068,0.6842352725779508,0.6283116936683655
Nlrp12,0.0,0.0,0.0,0.9979940091511154,0.11319231241941452,0.0,1.0,0.0,0.0,1.0,0.0
Myadm,0.063006192445755,0.06984134763479233,-0.15357279777526855,0.0815962268356274,-2.2348134517669678,-0.15357279777526855,0.682689792764292,-0.7153068780899048,-0.15357279777526855,0.48033166559994506,-0.966248095035553
Prkcg,0.0022314745001494884,0.0006283739930950105,1.8294570446014404,0.9979940091511154,0.16564728319644928,1.8294570446014404,0.3950361687219229,1.3287553787231445,1.8294570446014404,0.25690199682322085,1.4706629514694214
Cacng8,0.0,0.0,0.0,0.9979940091511154,0.11319231241941452,0.0,1.0,0.0,0.0,1.0,0.0
Tarm1,0.00130925711710006,0.0018690753495320678,-0.5139799118041992,0.9979940091511154,0.08264552801847458,-0.5139799118041992,0.9439785506754598,-0.260231614112854,-0.5139799118041992,0.849589868422325,-0.3721845746040344
Oscar,0.0,0.0006567133241333067,-19.325380325317383,0.9979940091511154,0.027607882395386696,-19.325380325317383,0.5196272646011879,-1.0,-19.325380325317383,0.16021537352752957,-1.759765386581421
Ndufa3,0.8541285395622253,0.8764047026634216,-0.05550157651305199,0.9979940091511154,-0.28258001804351807,-0.05550157651305199,0.5196272646011879,-1.051871418952942,-0.05550157651305199,0.2795042275398297,-1.4152354001998901
Tfpt,0.11625749617815018,0.12275093048810959,-0.08318748325109482,0.030988297818945777,-2.652493953704834,-0.08318748325109482,0.73473716685616,-0.6271420121192932,-0.08318748325109482,0.5646372442685611,-0.8219241499900818
Prpf31,0.34859588742256165,0.39090532064437866,-0.19765987992286682,0.0887419456311653,-2.194737434387207,-0.19765987992286682,0.05611172264390774,-2.48337984085083,-0.19765987992286682,0.003780108037085085,-3.316826343536377
Cnot3,0.42552274465560913,0.43106040358543396,-0.02293267659842968,0.9979940091511154,-0.2901499271392822,-0.02293267659842968,0.9227375496412986,-0.2981286942958832,-0.02293267659842968,0.8344429870880319,-0.3953402638435364
Leng1,0.0935981422662735,0.09065812081098557,0.048197027295827866,0.1517020823389825,-1.9266738891601562,0.048197027295827866,0.9439785506754598,0.26006391644477844,0.048197027295827866,0.8622680941478598,0.3520452082157135
Tmc4,0.005763379856944084,0.003175279125571251,0.8618998527526855,0.9979940091511154,0.07552091777324677,0.8618998527526855,0.4840073507708214,1.1553328037261963,0.8618998527526855,0.29210842742088444,1.3753851652145386
Mboat7,0.16042712330818176,0.17085137963294983,-0.09855077415704727,0.01953498760758858,-2.8335483074188232,-0.09855077415704727,0.6343887244165705,-0.7959584593772888,-0.09855077415704727,0.45367267414790674,-1.0523580312728882
Tsen34,0.09356004744768143,0.08541714400053024,0.13732825219631195,0.35102421882919094,-1.4270602464675903,0.13732825219631195,0.6292260667703192,0.8066819906234741,0.13732825219631195,0.45191602172664336,1.055316686630249
Rps9,3.2909555435180664,3.4675371646881104,-0.2637525498867035,1.2133101213169562e-35,-12.902676582336426,-0.2637525498867035,2.882274732288915e-45,-15.621597290039062,-0.2637525498867035,9.857828155601625e-78,-20.04872703552246
Pirb,0.0011060464894399047,0.020614637061953545,-4.23428201675415,0.882327044505594,-0.6593830585479736,-4.23428201675415,0.1562023471716288,-1.9799894094467163,-4.23428201675415,0.0023504914896818594,-3.468365430831909
Pira2,0.0,0.007261437829583883,-22.79706573486328,0.9979940091511154,-0.31472983956336975,-22.79706573486328,0.21872368291069366,-1.7816311120986938,-22.79706573486328,0.006667897474674977,-3.1352527141571045
Gm14548,0.0,0.0,0.0,0.9979940091511154,0.11319231241941452,0.0,1.0,0.0,0.0,1.0,0.0
Lilra6,0.0,0.0011378845665603876,-20.118745803833008,0.9979940091511154,0.027607882395386696,-20.118745803833008,0.5196272646011879,-1.0,-20.118745803833008,0.16021537352752957,-1.759765386581421
Lair1,0.12797664105892181,0.17457742989063263,-0.48244911432266235,4.38243805115963e-06,-5.099799156188965,-0.48244911432266235,0.0042293971182118025,-3.430891513824463,-0.48244911432266235,1.7647284008394397e-05,-4.709257125854492
Ttyh1,0.0005560429999604821,0.0,19.085241317749023,0.9979940091511154,0.16822996735572815,19.085241317749023,0.36179032358873764,1.408138394355774,19.085241317749023,0.28084221269825094,1.408138394355774
Leng8,0.2519572079181671,0.185955211520195,0.4875699281692505,0.07143172029524536,2.2959961891174316,0.4875699281692505,0.00019254601236487522,4.286391258239746,0.4875699281692505,2.2450537642445136e-07,5.591525077819824
Leng9,0.056969884783029556,0.04729263111948967,0.27562543749809265,0.9979940091511154,-0.20082508027553558,0.27562543749809265,0.5208010331026651,0.997175395488739,0.27562543749809265,0.2840271137864058,1.3974487781524658
Cdc42ep5,0.0,0.0,0.0,0.9979940091511154,0.11319231241941452,0.0,1.0,0.0,0.0,1.0,0.0
Lilra5,0.0006332714110612869,0.0,19.272924423217773,0.9979940091511154,0.14071114361286163,19.272924423217773,0.5196272646011879,1.0,19.272924423217773,0.46147875269036936,1.0
Ncr1,0.00034618875361047685,0.010506206192076206,-4.930870532989502,0.9979940091511154,-0.03063584305346012,-4.930870532989502,0.42195434798005665,-1.2737828493118286,-4.930870532989502,0.06629580535819542,-2.237144947052002
Rdh13,0.007558577693998814,0.010981036350131035,-0.5412999391555786,0.8004880539113368,-0.7614431977272034,-0.5412999391555786,0.5101949538072593,-1.1063870191574097,-0.5412999391555786,0.22266124630983938,-1.5618762969970703
Eps8l1,0.013490810990333557,0.011243296787142754,0.2645364999771118,0.9979940091511154,-0.0354449562728405,0.2645364999771118,0.820478709493435,0.4790806770324707,0.2645364999771118,0.6577803969353103,0.6701169013977051
Ppp1r12c,0.2879551351070404,0.2735193967819214,0.08510050922632217,0.9979940091511154,0.36727386713027954,0.08510050922632217,0.6013207287782495,0.8523697257041931,0.08510050922632217,0.39554329307374697,1.1593533754348755
Tnnt1,0.0474366620182991,0.07509557902812958,-0.6828808188438416,0.0003954653754539688,-4.050076007843018,-0.6828808188438416,0.006589265941581706,-3.2864396572113037,-0.6828808188438416,2.8832489669042477e-05,-4.598216533660889
Tnni3,0.0028560662176460028,0.006669639144092798,-1.2263319492340088,0.9714892571601285,-0.5457454919815063,-1.2263319492340088,0.2543425725061238,-1.6787059307098389,-1.2263319492340088,0.03191550583169646,-2.5561392307281494
Dnaaf3,0.001555023598484695,0.0010645439615473151,0.5470543503761292,0.9979940091511154,0.08050814270973206,0.5470543503761292,0.8236910665187797,0.47426074743270874,0.5470543503761292,0.7064468340407898,0.5940988659858704
Syt5,0.00026988747413270175,0.0,18.042198181152344,0.9979940091511154,0.14071114361286163,18.042198181152344,0.5196272646011879,1.0,18.042198181152344,0.46147875269036936,1.0
Tmem86b,0.012936772778630257,0.014650670811533928,-0.18072821199893951,0.9979940091511154,-0.20625759661197662,-0.18072821199893951,0.9162564558068511,-0.3112229108810425,-0.18072821199893951,0.7913615194254068,-0.46291065216064453
Ppp6r1,0.43272897601127625,0.4460761249065399,-0.05415693670511246,0.8216281418269694,-0.7357054948806763,-0.05415693670511246,0.6838049111032687,-0.7134191989898682,-0.05415693670511246,0.4889809702768868,-0.9499394297599792
Hspbp1,0.12431803345680237,0.15758758783340454,-0.366680771112442,0.00030432709503146947,-4.119719505310059,-0.366680771112442,0.022722593293212606,-2.847810745239258,-0.366680771112442,0.0005319567857653799,-3.881523609161377
Brsk1,0.0,0.0,0.0,0.9979940091511154,0.11319231241941452,0.0,1.0,0.0,0.0,1.0,0.0
Tmem150b,0.0,0.0013843794586136937,-20.40180778503418,0.9979940091511154,0.027607882395386696,-20.40180778503418,0.5196272646011879,-1.0,-20.40180778503418,0.16021537352752957,-1.759765386581421
Kmt5c,0.0800267830491066,0.07969025522470474,0.006325629539787769,0.1297515977856301,-2.007449150085449,0.006325629539787769,1.0,0.03533778339624405,0.006325629539787769,1.0,0.04757846146821976
Cox6b2,0.02408461645245552,0.017635293304920197,0.454314649105072,0.9979940091511154,-0.2663715183734894,0.454314649105072,0.5112649398557494,1.10415780544281,0.454314649105072,0.28325075358582696,1.4004074335098267
Il11,0.0014386175898835063,0.0005990875069983304,1.264448642730713,0.9979940091511154,0.11043152958154678,1.264448642730713,0.653695532037912,0.7647496461868286,1.264448642730713,0.5438563457811268,0.8558968305587769
Tmem238,0.24783955514431,0.2810061573982239,-0.2061728686094284,0.04130281804354377,-2.533334732055664,-0.2061728686094284,0.141998456842339,-2.030501365661621,-0.2061728686094284,0.018207040426654393,-2.775082588195801
Rpl28,3.4152779579162598,3.5257041454315186,-0.16442765295505524,9.131361654388207e-13,-7.619419097900391,-0.16442765295505524,3.7484551535772075e-13,-7.92905855178833,-0.16442765295505524,4.973680056730324e-25,-10.834853172302246
Ube2s,2.506056070327759,2.1864027976989746,0.5102618336677551,1.6245773791800225e-29,11.714468955993652,0.5102618336677551,3.1756057934791143e-22,10.845479011535645,0.5102618336677551,3.498419367203951e-58,17.084171295166016
Isoc2b,0.13948021829128265,0.13280920684337616,0.07562664151191711,0.41610575368392727,-1.3087025880813599,0.07562664151191711,0.7836674857043692,0.5417615175247192,0.07562664151191711,0.6198562563674435,0.7297624349594116
Isoc2a,0.01797330565750599,0.02294151298701763,-0.3557005822658539,0.56363220984508,-1.0775089263916016,-0.3557005822658539,0.533129618884296,-0.9752503633499146,-0.3557005822658539,0.28780489982447083,-1.3865958452224731
Zfp628,0.07461094856262207,0.040647491812705994,0.9009557366371155,0.68139406378664,0.9158691763877869,0.9009557366371155,6.500958658635429e-05,4.54498291015625,0.9009557366371155,4.814646115092926e-07,5.451730728149414
Nat14,0.0023561303969472647,0.0013407873921096325,0.8140711188316345,0.9979940091511154,0.10820508748292923,0.8140711188316345,0.6713732258898792,0.733866810798645,0.8140711188316345,0.524931125216187,0.8879507184028625
Ssc5d,0.0,0.0008198890718631446,-19.645662307739258,0.9979940091511154,0.027607882395386696,-19.645662307739258,0.5196272646011879,-1.0,-19.645662307739258,0.16021537352752957,-1.759765386581421
Sbk2,0.0,0.0007077347254380584,-19.433361053466797,0.9979940091511154,0.027607882395386696,-19.433361053466797,0.5196272646011879,-1.0,-19.433361053466797,0.16021537352752957,-1.759765386581421
Zfp579,0.02053573541343212,0.023863915354013443,-0.21910369396209717,0.711010166909846,-0.8772181868553162,-0.21910369396209717,0.7570156405909361,-0.5886516571044922,-0.21910369396209717,0.5504646846146192,-0.8449429869651794
Fiz1,0.1281834840774536,0.13924890756607056,-0.12761543691158295,0.036125346852502405,-2.5892629623413086,-0.12761543691158295,0.5575661151953623,-0.9306042790412903,-0.12761543691158295,0.34898170340047263,-1.2511813640594482
Zfp524,0.17165644466876984,0.14685112237930298,0.2435380071401596,0.9979940091511154,-0.128777414560318,0.2435380071401596,0.16443708767760618,1.946287989616394,0.2435380071401596,0.03256184126088018,2.548207998275757
Zfp865,0.08469031751155853,0.08494999259710312,-0.004606564994901419,0.1889118919946522,-1.805021047592163,-0.004606564994901419,1.0,-0.024641461670398712,-0.004606564994901419,1.0,-0.033491384238004684
Ccdc106,0.001362271374091506,0.0020164900925010443,-0.5663039088249207,0.9979940091511154,-0.06020299345254898,-0.5663039088249207,0.8424381613695294,-0.44165921211242676,-0.5663039088249207,0.698627533306578,-0.6056923866271973
Zfp784,0.004394628573209047,0.004848174285143614,-0.14202764630317688,0.9979940091511154,-0.12281054258346558,-0.14202764630317688,0.9886523337922575,-0.1756945550441742,-0.14202764630317688,0.9390225368657398,-0.23036469519138336
Zfp580,0.031764816492795944,0.033119458705186844,-0.061231933534145355,0.42574771530536776,-1.2918707132339478,-0.061231933534145355,0.9666813042360577,-0.21692687273025513,-0.061231933534145355,0.9013037980000862,-0.2896539866924286
U2af2,0.5954553484916687,0.6634694337844849,-0.2102116346359253,0.060234624582594355,-2.3725857734680176,-0.2102116346359253,0.0033486684593594072,-3.502103805541992,-0.2102116346359253,2.427648696408543e-05,-4.638429641723633
Epn1,0.33970212936401367,0.39602839946746826,-0.2644498646259308,0.009877343661746477,-3.0811285972595215,-0.2644498646259308,0.006031415995731474,-3.3139984607696533,-0.2644498646259308,6.105263784223266e-05,-4.424973487854004
Rasl2-9,0.0,0.0011829902650788426,-20.174861907958984,0.9979940091511154,-0.05797655135393143,-20.174861907958984,0.36167647049845647,-1.4162683486938477,-20.174861907958984,0.03726207145007799,-2.492300033569336
Vmn1r55,0.0008354407036677003,0.000621320097707212,0.42735451459884644,0.9979940091511154,0.08282364159822464,0.42735451459884644,0.9509515659595894,0.24869555234909058,0.42735451459884644,0.8886334220400751,0.3090895712375641
Vmn1r58,0.0,0.0,0.0,0.9979940091511154,0.11319231241941452,0.0,1.0,0.0,0.0,1.0,0.0
Vmn2r28,0.0,0.0,0.0,0.9979940091511154,0.11319231241941452,0.0,1.0,0.0,0.0,1.0,0.0
Vmn1r61,0.0004549318109638989,0.0,18.795621871948242,0.9979940091511154,0.14071114361286163,18.795621871948242,0.5196272646011879,1.0,18.795621871948242,0.46147875269036936,1.0
Zfp787,0.11709647625684738,0.1107507273554802,0.08504593372344971,0.2118456035203818,-1.7410776615142822,0.08504593372344971,0.7575365586252053,0.5875798463821411,0.08504593372344971,0.5977459433388731,0.767127513885498
Zfp444,0.06403004378080368,0.06538477540016174,-0.03119366429746151,0.28492376182799023,-1.5611811876296997,-0.03119366429746151,1.0,-0.14528612792491913,-0.03119366429746151,0.9549417929017294,-0.20193293690681458
Zfp667,0.009064668789505959,0.00926157459616661,-0.031145544722676277,0.9979940091511154,-0.4835832118988037,-0.031145544722676277,1.0,-0.058531105518341064,-0.031145544722676277,1.0,-0.0735296979546547
Zfp583,0.0048032645136117935,0.011622190475463867,-1.2797199487686157,0.6830731115502328,-0.9135537147521973,-1.2797199487686157,0.10939564198350622,-2.1690618991851807,-1.2797199487686157,0.003959811689703093,-3.3019442558288574
Gm3854,0.002566552720963955,0.0006674030446447432,1.9445704221725464,0.9979940091511154,0.22086305916309357,1.9445704221725464,0.2990517651263436,1.565316915512085,1.9445704221725464,0.16136995576355495,1.7554423809051514
Zfp78,0.0011671489337459207,0.0010616881772875786,0.13670459389686584,0.9984208920935209,-0.0025826727505773306,0.13670459389686584,1.0,0.0941571369767189,0.13670459389686584,1.0,0.11321236938238144
Zfp28,0.001729290117509663,0.0016467042732983828,0.07065791636705399,0.9979940091511154,-0.032416995614767075,0.07065791636705399,1.0,0.06335070729255676,0.07065791636705399,1.0,0.0793050155043602
Olfr1346,0.0,0.0013271511998027563,-20.34086036682129,0.9979940091511154,-0.05797655135393143,-20.34086036682129,0.36167647049845647,-1.412964940071106,-20.34086036682129,0.03761453339483047,-2.4864869117736816
Peg3,0.0,0.0,0.0,0.9979940091511154,0.11319231241941452,0.0,1.0,0.0,0.0,1.0,0.0
Aurkc,0.0008402004023082554,0.0015066287014633417,-0.8429985642433167,0.9984208920935209,-0.0025826727505773306,-0.8429985642433167,0.787096523328919,-0.5363243818283081,-0.8429985642433167,0.5970169236756743,-0.7682635188102722
Zfp954,0.06298420578241348,0.0685667097568512,-0.12658938765525818,0.043069535467025626,-2.5158796310424805,-0.12658938765525818,0.7204361396587964,-0.6510831713676453,-0.12658938765525818,0.5320942590404575,-0.8750591278076172
Zfp773,0.009816095232963562,0.009025734849274158,0.12167569994926453,0.9979940091511154,0.045686591416597366,0.12167569994926453,1.0,0.1440548300743103,0.12167569994926453,0.9457604564596729,0.218526691198349
Zfp418,0.006720923352986574,0.00608934136107564,0.14282919466495514,0.9979940091511154,-0.23315301537513733,0.14282919466495514,0.9603785016752305,0.22976556420326233,0.14282919466495514,0.899342364438215,0.2928396761417389
Zfp772,0.014656038954854012,0.007398519199341536,0.9914315938949585,0.9979940091511154,0.3539152443408966,0.9914315938949585,0.11993002877073995,2.116565704345703,0.9914315938949585,0.03034820024597464,2.5766971111297607
Gm45844,0.0005366170662455261,0.0,19.033924102783203,0.9979940091511154,0.16822996735572815,19.033924102783203,0.36167647049845647,1.4147849082946777,19.033924102783203,0.2795042275398297,1.4147849082946777
Clcn4,0.20411118865013123,0.20736569166183472,-0.025249918922781944,0.17162985317676838,-1.8572980165481567,-0.025249918922781944,0.9616802016941783,-0.22685176134109497,-0.025249918922781944,0.8950715280413843,-0.29993560910224915
Zik1,0.007351527456194162,0.008971132338047028,-0.2884158194065094,0.9979940091511154,-0.3754671812057495,-0.2884158194065094,0.8442461201877356,-0.43851959705352783,-0.2884158194065094,0.6920357921025562,-0.6161426305770874
Vmn1r81,0.0018823656719177961,0.000785896903835237,1.260925054550171,0.9979940091511154,0.16546916961669922,1.260925054550171,0.5569263587796537,0.9316406846046448,1.260925054550171,0.41943460972279345,1.1150459051132202
Zfp551,0.0007103427778929472,0.0017398138297721744,-1.2930872440338135,0.9984208920935209,-0.002760788192972541,-1.2930872440338135,0.6589176436133178,-0.7554582953453064,-1.2930872440338135,0.38870279137855124,-1.1721099615097046
Zfp606,0.02483895979821682,0.022771785035729408,0.12685441970825195,0.9979940091511154,-0.24357275664806366,0.12685441970825195,0.9117903565704283,0.3193705081939697,0.12685441970825195,0.7946303580538555,0.4583645462989807
Vmn2r53,0.0,0.0,0.0,0.9979940091511154,0.11319231241941452,0.0,1.0,0.0,0.0,1.0,0.0
Zscan18,0.006080893334001303,0.003863215446472168,0.6560819745063782,0.9979940091511154,-0.03615741804242134,0.6560819745063782,0.5752262554083345,0.8977486491203308,0.6560819745063782,0.44821148451184895,1.0622042417526245
Zfp329,0.05784399434924126,0.05563227832317352,0.05785560980439186,0.14516645193556899,-1.950363278388977,0.05785560980439186,0.9381730232506961,0.2716869115829468,0.05785560980439186,0.8620438994120405,0.3523798882961273
Zfp110,0.08644482493400574,0.11231614649295807,-0.39668506383895874,0.003139070062536618,-3.457041025161743,-0.39668506383895874,0.1110522349247226,-2.1590263843536377,-0.39668506383895874,0.007455361975233886,-3.094127655029297
Zfp128,0.008594662882387638,0.0018174501601606607,2.24641752243042,0.9907493810574278,0.5220561623573303,2.24641752243042,0.021762087744200857,2.8594274520874023,2.24641752243042,0.0050516706910891124,3.2247798442840576
Zscan22,0.0069274213165044785,0.014346141368150711,-1.0556331872940063,0.771317153185326,-0.7986692786216736,-1.0556331872940063,0.30627554843058113,-1.5500521659851074,-1.0556331872940063,0.04271462306927111,-2.4294910430908203
Rps5,3.428751230239868,3.55491042137146,-0.1877288967370987,4.826417242061021e-20,-9.618942260742188,-0.1877288967370987,2.548307861894822e-26,-11.508875846862793,-0.1877288967370987,4.9905037087779484e-45,-14.846498489379883
Rnf225,0.0019261341076344252,0.0018580370815470815,0.05197800323367119,0.9981009014843685,0.02315499819815159,0.05197800323367119,1.0,0.0507260300219059,0.05197800323367119,1.0,0.06735483556985855
Zfp324,0.015728019177913666,0.011558102443814278,0.4474470913410187,0.9979940091511154,-0.126996248960495,0.4474470913410187,0.4861711457304543,1.1506649255752563,0.4474470913410187,0.2611695628809701,1.4596589803695679
Zfp446,0.015606595203280449,0.014475802890956402,0.10933021456003189,0.8906879891980545,-0.6479836702346802,0.10933021456003189,0.9284071005500691,0.2884414792060852,0.10933021456003189,0.8498301789710115,0.3716864585876465
Slc27a5,0.0,0.0,0.0,0.9979940091511154,0.11319231241941452,0.0,1.0,0.0,0.0,1.0,0.0
Trim28,0.4069242477416992,0.42333778738975525,-0.06970561295747757,0.8277032188256858,-0.7277793884277344,-0.06970561295747757,0.5851246727148897,-0.8801524639129639,-0.06970561295747757,0.3809553182114397,-1.186413288116455
Zbtb45,0.17191283404827118,0.17140983045101166,0.004600367974489927,0.3228647389478815,-1.4825432300567627,0.004600367974489927,1.0,0.037888068705797195,0.004600367974489927,1.0,0.050927065312862396
Chmp2a,1.0836354494094849,1.051195740699768,0.07133441418409348,0.0699750970619759,2.30525803565979,0.07133441418409348,0.345110187263422,1.4598982334136963,0.07133441418409348,0.11674383063751388,1.9565895795822144
Ube2m,1.014676809310913,1.0806407928466797,-0.14660993218421936,0.029480231575601895,-2.672175645828247,-0.14660993218421936,0.01628092195637949,-2.972278118133545,-0.14660993218421936,0.0002455233531525233,-4.082699775695801
Mzf1,0.0014368429547175765,0.0016771800583228469,-0.22330841422080994,0.9979940091511154,-0.032416995614767075,-0.22330841422080994,0.9791961958320824,-0.19255675375461578,-0.22330841422080994,0.9256275124041263,-0.25118035078048706
Vmn1r86,0.0,0.0,0.0,0.9979940091511154,0.11319231241941452,0.0,1.0,0.0,0.0,1.0,0.0
Vmn1r88,0.0017259045271202922,0.0,20.72016716003418,0.9979940091511154,0.2507864236831665,20.72016716003418,0.1041812804413753,2.189215660095215,20.72016716003418,0.07355158096924948,2.189215660095215
Zswim9,0.008311662822961807,0.006757228635251522,0.29982829093933105,0.9979940091511154,-0.11648745089769363,0.29982829093933105,0.7575365586252053,0.5876312255859375,0.29982829093933105,0.6042351142222511,0.7552550435066223
Lig1,0.8915737271308899,0.9873046875,-0.22685255110263824,0.015951397952528534,-2.908802032470703,-0.22685255110263824,0.007760165960727716,-3.2309932708740234,-0.22685255110263824,7.532555764601238e-05,-4.374704837799072
Pla2g4c,0.002552487887442112,0.004008488263934851,-0.6522047519683838,0.9979940091511154,-0.1769576221704483,-0.6522047519683838,0.6511294350390021,-0.7692427635192871,-0.6522047519683838,0.42380432500473675,-1.1066195964813232
Selenow,1.2077423334121704,1.1715404987335205,0.07507918775081635,0.06044161689233373,2.370537281036377,0.07507918775081635,0.28226270530475167,1.6059694290161133,0.07507918775081635,0.07418596802961726,2.183262348175049
Nop53,0.8220332264900208,0.7957643866539001,0.06833154708147049,0.06736302277389702,2.322179079055786,0.06833154708147049,0.43841607856842746,1.2400299310684204,0.06833154708147049,0.17818521789735775,1.6943639516830444
Ehd2,0.0017790279816836119,0.0009740781388245523,0.8695599436759949,0.9979940091511154,0.10820508748292923,0.8695599436759949,0.6351681502401889,0.794405996799469,0.8695599436759949,0.48475554291031614,0.9577993750572205
Bicra,0.09318234026432037,0.0784076526761055,0.2598722577095032,0.9979940091511154,-0.4208866059780121,0.2598722577095032,0.36167647049845647,1.4206093549728394,0.2598722577095032,0.1283141788908122,1.9080621004104614
Napa,0.3860526382923126,0.4047021269798279,-0.08239982277154922,0.7358257880568833,-0.8433762788772583,-0.08239982277154922,0.5196272646011879,-1.0311896800994873,-0.08239982277154922,0.2852433233188066,-1.3942002058029175
Kptn,0.13338342308998108,0.13005982339382172,0.0388539619743824,0.2304613505710995,-1.691027283668518,0.0388539619743824,0.9261169453994161,0.29236656427383423,0.0388539619743824,0.8396910117915108,0.3876972198486328
Slc8a2,0.0,0.0,0.0,0.9979940091511154,0.11319231241941452,0.0,1.0,0.0,0.0,1.0,0.0
Meis3,0.030191324651241302,0.021205704659223557,0.5161912441253662,0.9979940091511154,-0.29371222853660583,0.5161912441253662,0.26025295844162355,1.660507082939148,0.5161912441253662,0.08694041315479005,2.107041120529175
Dhx34,0.039612844586372375,0.049913015216588974,-0.34093305468559265,0.08345266425366567,-2.2239484786987305,-0.34093305468559265,0.4336696303990061,-1.2500888109207153,-0.34093305468559265,0.16021537352752957,-1.783486247062683
C5ar2,0.0003202447260264307,0.0006188570987433195,-0.9506446719169617,0.9979940091511154,0.05521576479077339,-0.9506446719169617,0.8502907976819661,-0.4285435080528259,-0.9506446719169617,0.68452705781467,-0.6278183460235596
C5ar1,0.0,0.0,0.0,0.9979940091511154,0.11319231241941452,0.0,1.0,0.0,0.0,1.0,0.0
Inafm1,0.01452264841645956,0.011167007498443127,0.381487637758255,0.9979940091511154,-0.033129457384347916,0.381487637758255,0.6489918501185808,0.7718395590782166,0.381487637758255,0.46147875269036936,1.0215169191360474
Ccdc9,0.15375155210494995,0.15325981378555298,0.004985225852578878,0.3188362210563365,-1.4906474351882935,0.004985225852578878,1.0,0.037055086344480515,0.004985225852578878,1.0,0.05062515288591385
Bbc3,0.06647692620754242,0.06538165360689163,0.024766646325588226,0.38174005427271723,-1.3691728115081787,0.024766646325588226,1.0,0.1095113754272461,0.024766646325588226,0.9867059496892578,0.15051673352718353
Sae1,0.8243327736854553,0.7880454063415527,0.09460334479808807,0.20482238805033628,1.7602250576019287,0.09460334479808807,0.25941764496746234,1.6635745763778687,0.09460334479808807,0.05835204300118715,2.291905164718628
Zc3h4,0.1958727389574051,0.18444114923477173,0.09526330232620239,0.9070030643981419,-0.6265208125114441,0.09526330232620239,0.6606681188900074,0.7520447969436646,0.09526330232620239,0.46147875269036936,1.0274981260299683
Tmem160,0.9974861741065979,1.0039273500442505,-0.014694656245410442,0.9979940091511154,0.434156209230423,-0.014694656245410442,0.9203662888810362,-0.30190590023994446,-0.014694656245410442,0.8289832082656913,-0.40472671389579773
Arhgap35,0.01340322196483612,0.021732807159423828,-0.7033207416534424,0.21425687554259182,-1.7341312170028687,-0.7033207416534424,0.16557545859292974,-1.9430636167526245,-0.7033207416534424,0.022259346082936338,-2.6983304023742676
Ap2s1,1.2208402156829834,1.1392618417739868,0.16993464529514313,0.00010704983286213272,4.382172107696533,0.16993464529514313,0.000778380396313161,3.9231081008911133,0.16993464529514313,4.730549519758415e-07,5.447997570037842
Slc1a5,0.35008513927459717,0.3460383117198944,0.01986214518547058,0.9979940091511154,-0.17615608870983124,0.01986214518547058,0.9554070958094956,0.24062123894691467,0.01986214518547058,0.8830701688311422,0.31917256116867065
Fkrp,0.09109864383935928,0.08897308260202408,0.035616979002952576,0.16109670454885003,-1.8933663368225098,0.035616979002952576,0.9663565270371126,0.21814286708831787,0.035616979002952576,0.9021922904329386,0.28823432326316833
Strn4,0.15513025224208832,0.17273662984371185,-0.1681411862373352,0.006611459247899604,-3.2168524265289307,-0.1681411862373352,0.3855450480978533,-1.3495941162109375,-0.1681411862373352,0.15756364085704122,-1.7968794107437134
Prkd2,0.25450363755226135,0.23110705614089966,0.15668468177318573,0.9979940091511154,0.04711151495575905,0.15668468177318573,0.3119156702720376,1.5350878238677979,0.15668468177318573,0.10211845396957524,2.0267553329467773
Dact3,0.0014598718844354153,0.0006633263546973467,1.1386245489120483,0.9979940091511154,0.13803941011428833,1.1386245489120483,0.6515069350844532,0.768342137336731,1.1386245489120483,0.5161159788007179,0.9037409424781799
Ptgir,0.0007546184933744371,0.0013579331571236253,-0.8480274677276611,0.9979940091511154,0.025114266201853752,-0.8480274677276611,0.7658373326598895,-0.5729767084121704,-0.8480274677276611,0.5382243051208856,-0.8650271892547607
Calm3,1.6547698974609375,1.5481364727020264,0.19272032380104065,3.879522517597415e-06,5.125180721282959,0.19272032380104065,7.986193979316279e-06,5.038488388061523,0.19272032380104065,2.6450383350265047e-11,7.0841803550720215
Pnmal2,0.0,0.0,0.0,0.9979940091511154,0.11319231241941452,0.0,1.0,0.0,0.0,1.0,0.0
Gm42372,0.004792113788425922,0.015895389020442963,-1.737897276878357,0.3406834457022001,-1.447365403175354,-1.737897276878357,0.013002108400489211,-3.058638334274292,-1.737897276878357,1.4524047138306793e-05,-4.754862308502197
Ccdc8,0.0004205445002298802,0.0,18.682205200195312,0.9979940091511154,0.14071114361286163,18.682205200195312,0.5196272646011879,1.0,18.682205200195312,0.46147875269036936,1.0
Ppp5c,0.2554921507835388,0.2706480324268341,-0.09455053508281708,0.24712763989486075,-1.6486358642578125,-0.09455053508281708,0.5298488132980275,-0.9822961091995239,-0.09455053508281708,0.31540025557685236,-1.3220696449279785
Hif3a,0.00034855041303671896,0.0,18.41126251220703,0.9979940091511154,0.14071114361286163,18.41126251220703,0.5196272646011879,1.0,18.41126251220703,0.46147875269036936,1.0
Psg16,0.0,0.0,0.0,0.9979940091511154,0.11319231241941452,0.0,1.0,0.0,0.0,1.0,0.0
Pglyrp1,0.9795057773590088,0.7383339405059814,0.6063469052314758,3.363374825858539e-14,8.049745559692383,0.6063469052314758,2.1655041175605516e-15,8.620268821716309,0.6063469052314758,2.2989692980365276e-28,11.581489562988281
Ccdc61,0.16407106816768646,0.11750008165836334,0.5160409212112427,0.9052690777847262,0.6305283904075623,0.5160409212112427,0.0003608974124747916,4.120457649230957,0.5160409212112427,2.4795932901935436e-06,5.128082752227783
Mypop,0.009427282027900219,0.012175848707556725,-0.3710947036743164,0.8909792164753821,-0.6476274728775024,-0.3710947036743164,0.6301691110188906,-0.8047314286231995,-0.3710947036743164,0.4195149195495177,-1.11471426486969
Irf2bp1,0.1341402679681778,0.13670799136161804,-0.029249342158436775,0.059535329873746295,-2.3782854080200195,-0.029249342158436775,0.964109720729485,-0.22207531332969666,-0.029249342158436775,0.899342364438215,-0.29280558228492737
Foxa3,0.0007182815461419523,0.0,19.454710006713867,0.9979940091511154,0.16822996735572815,19.454710006713867,0.36578871366137783,1.3932979106903076,19.454710006713867,0.2857143277490357,1.3932979106903076
Sympk,0.1926010102033615,0.22612744569778442,-0.25654831528663635,0.005781253805663298,-3.2612922191619873,-0.25654831528663635,0.07783744107644329,-2.333996534347534,-0.25654831528663635,0.005727263719665677,-3.182044267654419
Dmwd,0.01719735749065876,0.032936301082372665,-0.9488920569419861,0.033104133898414885,-2.6248860359191895,-0.9488920569419861,0.011040297348307814,-3.1134397983551025,-0.9488920569419861,4.484520976706481e-05,-4.497087001800537
Dmpk,0.00036641673068515956,0.0008420775993727148,-1.2008087635040283,0.9979940091511154,0.05521576479077339,-1.2008087635040283,0.7976739367455306,-0.51795494556427,-1.2008087635040283,0.5841007432788856,-0.7892248630523682
Six5,0.0002779414935503155,0.0014946616720408201,-2.427839517593384,0.9979940091511154,-0.03045772761106491,-2.427839517593384,0.5165492030149084,-1.0962880849838257,-2.427839517593384,0.15287945736974384,-1.813644528388977
Gm4969,0.0010483802761882544,0.0,20.00048828125,0.9979940091511154,0.16822996735572815,20.00048828125,0.42656374257551416,1.263428807258606,20.00048828125,0.34353668024687045,1.263428807258606
Fbxo46,0.07755590230226517,0.07587730884552002,0.03279455006122589,0.29959702906579466,-1.530456304550171,0.03279455006122589,0.99220003467253,0.16882061958312988,0.03279455006122589,0.9372137741129464,0.2336379587650299
Qpctl,0.05011429265141487,0.04244473576545715,0.2452114224433899,0.6805992222402018,-0.9169378876686096,0.2452114224433899,0.5196272646011879,1.0681349039077759,0.2452114224433899,0.28627911571727477,1.3910008668899536
Snrpd2,1.4694279432296753,1.6180795431137085,-0.27280738949775696,3.223302023476059e-14,-8.05597972869873,-0.27280738949775696,1.1776487818273798e-09,-6.698761463165283,-0.27280738949775696,1.410648464144244e-19,-9.506942749023438
Gipr,0.0,0.0,0.0,0.9979940091511154,0.11319231241941452,0.0,1.0,0.0,0.0,1.0,0.0
Eml2,0.08362453430891037,0.08412490040063858,-0.008972560986876488,0.06035352606933082,-2.3712499141693115,-0.008972560986876488,1.0,-0.05282258614897728,-0.008972560986876488,1.0,-0.06970012933015823
Gpr4,0.0,0.0,0.0,0.9979940091511154,0.11319231241941452,0.0,1.0,0.0,0.0,1.0,0.0
Opa3,0.15321187674999237,0.13010184466838837,0.2529506981372833,0.885666831310101,-0.6545739769935608,0.2529506981372833,0.1733790437946311,1.9154118299484253,0.2529506981372833,0.03834821459618633,2.4764182567596436
Vasp,1.358574390411377,1.3910253047943115,-0.06266503036022186,0.9979940091511154,-0.1896038055419922,-0.06266503036022186,0.33055066428681934,-1.4932650327682495,-0.06266503036022186,0.11713806627757532,-1.9547181129455566
Ppm1n,0.007378408219665289,0.01096738688647747,-0.5744310617446899,0.819160751831531,-0.7387334704399109,-0.5744310617446899,0.5196272646011879,-1.0647765398025513,-0.5744310617446899,0.26537871738657676,-1.4499059915542603
Rtn2,0.0028215632773935795,0.005966878496110439,-1.082751989364624,0.9979940091511154,-0.4037875235080719,-1.082751989364624,0.3656726802506002,-1.394984245300293,-1.082751989364624,0.08928738910118322,-2.093785524368286
Fosb,0.6874856948852539,0.6851223111152649,0.006866541691124439,0.3629710718485331,-1.4043506383895874,0.006866541691124439,1.0,0.06124500185251236,0.006866541691124439,1.0,0.08289513736963272
Ercc1,0.22650478780269623,0.22803600132465363,-0.010866419412195683,0.47901896069536704,-1.2061082124710083,-0.010866419412195683,1.0,-0.10389822721481323,-0.010866419412195683,0.9935682058076695,-0.13970883190631866
Cd3eap,0.041136398911476135,0.09693418443202972,-1.2773029804229736,4.3905445142364173e-07,-5.550609111785889,-1.2773029804229736,1.1965861628451687e-06,-5.456440448760986,-1.2773029804229736,2.3487010930087793e-15,-8.353931427001953
Ppp1r13l,0.0003270043816883117,0.002490774029865861,-2.930769681930542,0.9979940091511154,-0.20127035677433014,-2.930769681930542,0.2557715822322042,-1.6749576330184937,-2.930769681930542,0.018633892722619682,-2.7674810886383057
Ercc2,0.033011697232723236,0.033995602279901505,-0.04308462142944336,0.1783937762051593,-1.8363693952560425,-0.04308462142944336,0.993166543874056,-0.16659881174564362,-0.04308462142944336,0.9477009407805087,-0.21436132490634918
Klc3,0.043902404606342316,0.05144517123699188,-0.2342197299003601,0.11081292772852289,-2.086087226867676,-0.2342197299003601,0.5196272646011879,-1.0417548418045044,-0.2342197299003601,0.27708427662499474,-1.4214532375335693
Ckm,0.003686486277729273,0.006116677541285753,-0.7322559952735901,0.9979940091511154,-0.12298865616321564,-0.7322559952735901,0.6648241085831037,-0.7445868253707886,-0.7322559952735901,0.39974675152929245,-1.1518322229385376
Mark4,0.05114839971065521,0.052579257637262344,-0.04084593430161476,0.3099222852830583,-1.5097057819366455,-0.04084593430161476,0.9853275708577653,-0.18241927027702332,-0.04084593430161476,0.9276094350210378,-0.2482966035604477
Bloc1s3,0.06373640894889832,0.05825845152139664,0.13364215195178986,0.6296262667267225,-0.9839092493057251,0.13364215195178986,0.7239143487481277,0.644461989402771,0.13364215195178986,0.5343811459266419,0.8712891340255737
Trappc6a,0.4350834786891937,0.405130535364151,0.12602034211158752,0.1878992441025934,1.807960033416748,0.12602034211158752,0.25673191783615157,1.6701432466506958,0.12602034211158752,0.06874766638547089,2.2184388637542725
Ppp1r37,0.05389320105314255,0.06894226372241974,-0.36625224351882935,0.005089703955448925,-3.303149461746216,-0.36625224351882935,0.19187835920572235,-1.8544038534164429,-0.36625224351882935,0.036584337857721264,-2.4992644786834717
Gemin7,0.48341503739356995,0.4519045948982239,0.12173939496278763,0.06100149379619365,2.366173505783081,0.12173939496278763,0.22967757337605754,1.7492976188659668,0.12173939496278763,0.053309266931063776,2.333482503890991
Zfp296,0.028274547308683395,0.03766999766230583,-0.4207265079021454,0.12518423695984932,-2.026240348815918,-0.4207265079021454,0.30086532372106894,-1.5621135234832764,-0.4207265079021454,0.07608331080827477,-2.1709327697753906
Clasrp,0.11587507277727127,0.09319095313549042,0.3309565782546997,0.8683224941337075,-0.6752353310585022,0.3309565782546997,0.11270372262579648,2.1494367122650146,0.3309565782546997,0.01939475674741773,2.751518726348877
Relb,0.1866927146911621,0.13227830827236176,0.5373838543891907,0.8901983440161757,0.648607075214386,0.5373838543891907,0.00020580805379351422,4.263566493988037,0.5373838543891907,1.2754705953880568e-06,5.261784076690674
Clptm1,0.2976296544075012,0.3085724711418152,-0.060382772237062454,0.5185733573711685,-1.1457270383834839,-0.060382772237062454,0.6988351485692863,-0.6862413883209229,-0.060382772237062454,0.5125253600617115,-0.9095583558082581
Apoc4,0.0011168012861162424,0.0005990206263959408,0.8990674614906311,0.9979940091511154,0.08282364159822464,0.8990674614906311,0.7949097841711102,0.5224521160125732,0.8990674614906311,0.7008446568990965,0.6022161841392517
Apoe,0.009383599273860455,0.018677230924367905,-0.9997867941856384,0.9979940091511154,-0.23965422809123993,-0.9997867941856384,0.5810439525789133,-0.8873591423034668,-0.9997867941856384,0.28864973708819686,-1.3844234943389893
Tomm40,0.31478753685951233,0.46485230326652527,-0.6776574850082397,3.6130009040327725e-11,-7.105378150939941,-0.6776574850082397,1.3794719947708688e-12,-7.764224529266357,-0.6776574850082397,8.404600789022073e-26,-11.005765914916992
Nectin2,0.0,0.0011712022824212909,-20.160404205322266,0.9979940091511154,-0.05797655135393143,-20.160404205322266,0.36167647049845647,-1.416359782218933,-20.160404205322266,0.03726207145007799,-2.4924609661102295
Bcam,0.000634104770142585,0.00457084970548749,-2.852508306503296,0.9979940091511154,-0.17375153303146362,-2.852508306503296,0.4325207598626803,-1.253147006034851,-2.852508306503296,0.07812203569985139,-2.1592659950256348
Cblc,0.0,0.00048697119927965105,-18.893831253051758,0.9979940091511154,0.027607882395386696,-18.893831253051758,0.5196272646011879,-1.0,-18.893831253051758,0.16021537352752957,-1.759765386581421
Bcl3,0.13591963052749634,0.11092514544725418,0.31156793236732483,0.5659907584526674,-1.0727888345718384,0.31156793236732483,0.148351559128489,2.0055642127990723,0.31156793236732483,0.03405250434038915,2.5297558307647705
Gm19345,0.00026466118288226426,0.0005230929818935692,-0.9831047058105469,0.9979940091511154,0.05521576479077339,-0.9831047058105469,0.8428856782442944,-0.4408329427242279,-0.9831047058105469,0.6701758077911353,-0.6493261456489563
Ceacam16,0.01270552258938551,0.012065868824720383,0.07498626410961151,0.9979940091511154,-0.33957692980766296,0.07498626410961151,1.0,0.1494416743516922,0.07498626410961151,0.9530070509497174,0.2061282843351364
Ceacam19,0.00030804943526163697,0.0005671292310580611,-0.8807002902030945,0.9979940091511154,0.05521576479077339,-0.8807002902030945,0.8655901837109301,-0.40143048763275146,-0.8807002902030945,0.7149128552925502,-0.5811302065849304
Pvr,0.06623606383800507,0.07753045856952667,-0.2353910356760025,0.007166651343818144,-3.189511775970459,-0.2353910356760025,0.4232879752709294,-1.2699698209762573,-0.2353910356760025,0.18488254811543686,-1.6729025840759277
Igsf23,0.007878010161221027,0.013559877872467041,-0.7875467538833618,0.668463685419476,-0.932968258857727,-0.7875467538833618,0.27123467092931136,-1.6334879398345947,-0.7875467538833618,0.05144555557020769,-2.3482866287231445
Vmn1r168,0.0,0.0,0.0,0.9979940091511154,0.11319231241941452,0.0,1.0,0.0,0.0,1.0,0.0
Vmn1r183,0.0,0.0,0.0,0.9979940091511154,0.11319231241941452,0.0,1.0,0.0,0.0,1.0,0.0
Zfp180,0.08330268412828445,0.08176346123218536,0.028032474219799042,0.14763360054622277,-1.9411011934280396,0.028032474219799042,0.9963139081885786,0.16019447147846222,0.028032474219799042,0.9489335237205268,0.21247152984142303
Zfp112,0.004948767833411694,0.005258861463516951,-0.08790496736764908,0.9979940091511154,-0.17713573575019836,-0.08790496736764908,1.0,-0.13414789736270905,-0.08790496736764908,0.9689150680416522,-0.17917132377624512
Zfp235,0.02000865899026394,0.021884482353925705,-0.1306416541337967,0.5151375486417098,-1.1509815454483032,-0.1306416541337967,0.8689791378139513,-0.395592600107193,-0.1306416541337967,0.7531899333542217,-0.5210815668106079
Zfp114,0.00039575257687829435,0.0004938809433951974,-0.31963464617729187,0.9979940091511154,0.05521576479077339,-0.31963464617729187,0.9986149376231839,-0.15505026280879974,-0.31963464617729187,0.9548816348548744,-0.20225760340690613
Zfp111,0.0,0.0,0.0,0.9979940091511154,0.11319231241941452,0.0,1.0,0.0,0.0,1.0,0.0
Zfp109,0.00029655080288648605,0.0010969518916681409,-1.8877229690551758,0.9979940091511154,-0.0302796121686697,-1.8877229690551758,0.5431644358394437,-0.9580897688865662,-1.8877229690551758,0.24546240848111636,-1.4995176792144775
Zfp93,0.0005834631156176329,0.0030820071697235107,-2.4029576778411865,0.9979940091511154,-0.2588016390800476,-2.4029576778411865,0.2345896637360651,-1.737444281578064,-2.4029576778411865,0.01614140237572833,-2.820831298828125
Zfp61,0.016020869836211205,0.01933191902935505,-0.2734277844429016,0.7882026469035286,-0.7770282626152039,-0.2734277844429016,0.6785859161620634,-0.7223405241966248,-0.2734277844429016,0.46147875269036936,-1.003467082977295
Zfp94,0.002918620128184557,0.0052712904289364815,-0.8545677661895752,0.9979940091511154,-0.34670156240463257,-0.8545677661895752,0.5196272646011879,-1.0584787130355835,-0.8545677661895752,0.232897542119264,-1.5339168310165405
Kcnn4,0.4824133515357971,0.6383178234100342,-0.5269141793251038,1.8103474494162187e-08,-6.125654697418213,-0.5269141793251038,3.1470802120842057e-10,-6.8966474533081055,-0.5269141793251038,3.588135786210009e-19,-9.405113220214844
Smg9,0.15711310505867004,0.13883636891841888,0.19192691147327423,0.8373491751211218,-0.716201901435852,0.19192691147327423,0.35054971483351965,1.446549415588379,0.19192691147327423,0.13165523359634085,1.8939101696014404
Irgc1,0.0,0.0,0.0,0.9979940091511154,0.11319231241941452,0.0,1.0,0.0,0.0,1.0,0.0
Plaur,0.0,0.009451203048229218,-23.178890228271484,0.9979940091511154,-0.4003142714500427,-23.178890228271484,0.13980119799802476,-2.043074607849121,-23.178890228271484,0.0015351115997684578,-3.595331907272339
Zfp428,0.01004098542034626,0.02705930545926094,-1.4425380229949951,0.07298419368812074,-2.2861106395721436,-1.4425380229949951,0.004449753870286856,-3.421818971633911,-1.4425380229949951,9.429492406107192e-07,-5.317901134490967
Gm50092,0.001085634925402701,0.002477178815752268,-1.191162347793579,0.9979940091511154,-0.1733953058719635,-1.191162347793579,0.5485890704010866,-0.9471852779388428,-1.191162347793579,0.317527189584683,-1.31731116771698
Irgq,0.02414676547050476,0.017252936959266663,0.48997795581817627,0.9979940091511154,-0.12272148579359055,0.48997795581817627,0.3449183593644966,1.4599554538726807,0.48997795581817627,0.14106802268124954,1.857602834701538
Pinlyp,0.0,0.0,0.0,0.9979940091511154,0.11319231241941452,0.0,1.0,0.0,0.0,1.0,0.0
Xrcc1,0.140658900141716,0.14528436958789825,-0.05009465664625168,0.08937837053342453,-2.1909079551696777,-0.05009465664625168,0.8621513333957538,-0.4073207378387451,-0.05009465664625168,0.7444048711740431,-0.5349029302597046
Zfp575,0.0010137954959645867,0.0017079726094380021,-0.7530186176300049,0.9979940091511154,-0.032416995614767075,-0.7530186176300049,0.7365692521655153,-0.6241904497146606,-0.7530186176300049,0.5082649225193664,-0.9171530604362488
Ethe1,0.23642975091934204,0.24490253627300262,-0.05715274065732956,0.23081825903383282,-1.6899585723876953,-0.05715274065732956,0.7740471290073293,-0.5590945482254028,-0.05715274065732956,0.6102758729465744,-0.7446479201316833
Phldb3,0.02612706460058689,0.04232814162969589,-0.707825243473053,0.06289991035044866,-2.3527257442474365,-0.707825243473053,0.10762519040561094,-2.176990032196045,-0.707825243473053,0.004616190324531806,-3.251941442489624
Cd177,0.0,0.0,0.0,0.9979940091511154,0.11319231241941452,0.0,1.0,0.0,0.0,1.0,0.0
Gm9844,0.22115835547447205,0.21526053547859192,0.043404895812273026,0.6349948911696206,-0.976606547832489,0.043404895812273026,0.8475952486783023,0.43292972445487976,0.043404895812273026,0.7248965426757178,0.5657221674919128
Rps19,3.3788833618164062,3.501359701156616,-0.1825527846813202,2.595357109936781e-13,-7.784621238708496,-0.1825527846813202,1.4445287985119537e-20,-10.062398910522461,-0.1825527846813202,1.1513557194034857e-35,-13.095848083496094
Cd79a,0.007986065931618214,0.014168179593980312,-0.8315649628639221,0.9979940091511154,-0.038651034235954285,-0.8315649628639221,0.738900270015534,-0.6195736527442932,-0.8315649628639221,0.47527749579606593,-0.9753822088241577
Arhgef1,1.0364183187484741,0.9442632794380188,0.21161766350269318,2.20706993564518e-05,4.7517619132995605,0.21161766350269318,0.00010358970221977696,4.446688175201416,0.21161766350269318,2.1852492317384186e-08,6.009834289550781
Rabac1,0.5219916105270386,0.600443959236145,-0.2638600468635559,0.08732946597899549,-2.2023074626922607,-0.2638600468635559,0.00364125317693646,-3.4813098907470703,-0.2638600468635559,5.937970701835194e-06,-4.947183132171631
Atp1a3,0.0006687060231342912,0.006891582626849413,-3.3698811531066895,0.9979940091511154,-0.08887957036495209,-3.3698811531066895,0.349409171343165,-1.4517556428909302,-3.3698811531066895,0.03481500607635273,-2.522392988204956
Grik5,0.0026820849161595106,0.0052616186439991,-0.9740136861801147,0.9979940091511154,-0.0924418717622757,-0.9740136861801147,0.6139638290640375,-0.8313894271850586,-0.9740136861801147,0.3100279806115326,-1.3348227739334106
Zfp574,0.07062914222478867,0.06547713279724121,0.11303117871284485,0.19450589328484683,-1.7888126373291016,0.11303117871284485,0.7597793710973128,0.5835503339767456,0.11303117871284485,0.6073353834687124,0.7499702572822571
Pou2f2,0.5219579935073853,0.43886619806289673,0.3148711919784546,0.07683412908730791,2.262955665588379,0.3148711919784546,0.0046212914388506655,3.398836135864258,0.3148711919784546,4.785264181046214e-05,4.482981204986572
Dedd2,0.16777445375919342,0.16352242231369019,0.0401865616440773,0.4220379904362197,-1.297926664352417,0.0401865616440773,0.9128096256784288,0.3173304498195648,0.0401865616440773,0.8141945812721595,0.42766010761260986
Zfp526,0.004366755485534668,0.005970638711005449,-0.4524814486503601,0.9979940091511154,-0.2634326219558716,-0.4524814486503601,0.7431595577107931,-0.6119579076766968,-0.4524814486503601,0.555614600481087,-0.8365758061408997
Gsk3a,0.449330598115921,0.40835243463516235,0.16962823271751404,0.11647308256221842,2.061952590942383,0.16962823271751404,0.08287191865880836,2.3015081882476807,0.16962823271751404,0.00819388751016957,3.0628459453582764
Erf,0.0688297376036644,0.046904709190130234,0.5692672729492188,0.9979940091511154,-0.02983432449400425,0.5692672729492188,0.040436209715972345,2.620817184448242,0.5692672729492188,0.0032928862627257137,3.360682725906372
Cic,0.23276646435260773,0.20686639845371246,0.18955087661743164,0.9795161723287931,0.5337226986885071,0.18955087661743164,0.24194722918778946,1.7123042345046997,0.18955087661743164,0.05844532487564424,2.291301727294922
Pafah1b3,0.21099887788295746,0.2881457507610321,-0.5075252652168274,2.067692603162833e-06,-5.249238014221191,-0.5075252652168274,4.307774502160991e-05,-4.663551330566406,-0.5075252652168274,9.937806578469292e-10,-6.524090766906738
Tmem145,0.0,0.0,0.0,0.9979940091511154,0.11319231241941452,0.0,1.0,0.0,0.0,1.0,0.0
Megf8,0.0,0.0,0.0,0.9979940091511154,0.11319231241941452,0.0,1.0,0.0,0.0,1.0,0.0
Lipe,0.009586766362190247,0.009165083058178425,0.06520102173089981,0.9979940091511154,-0.3679863512516022,0.06520102173089981,1.0,0.1336001455783844,0.06520102173089981,0.9722373604336783,0.17380711436271667
Ceacam1,0.0,0.0,0.0,0.9979940091511154,0.11319231241941452,0.0,1.0,0.0,0.0,1.0,0.0
Erich4,0.0,0.0,0.0,0.9979940091511154,0.11319231241941452,0.0,1.0,0.0,0.0,1.0,0.0
Dmac2,0.12275227159261703,0.14141957461833954,-0.21799398958683014,0.017735927222965832,-2.8697948455810547,-0.21799398958683014,0.32480889803301255,-1.505175232887268,-0.21799398958683014,0.09253164142295975,-2.076528787612915
B3gnt8,0.0027800085954368114,0.005827100016176701,-1.0698881149291992,0.9979940091511154,-0.31793591380119324,-1.0698881149291992,0.5196272646011879,-0.9993879199028015,-1.0698881149291992,0.24023217275244077,-1.5136523246765137
Bckdha,0.034761618822813034,0.05547240376472473,-0.6893270611763,0.0680078454367705,-2.317993402481079,-0.6893270611763,0.09494285143100015,-2.241504669189453,-0.6893270611763,0.0027517426164899972,-3.4156222343444824
Exosc5,0.31025969982147217,0.35206079483032227,-0.2141626477241516,0.026409526591195165,-2.7151906490325928,-0.2141626477241516,0.05329461746740227,-2.5066206455230713,-0.2141626477241516,0.0032061438281505497,-3.368616819381714
Tmem91,0.00323632569052279,0.00566327478736639,-0.8090315461158752,0.9979940091511154,-0.31864839792251587,-0.8090315461158752,0.5196272646011879,-1.0375958681106567,-0.8090315461158752,0.24297819029162543,-1.506286859512329
B9d2,0.2605888545513153,0.2851426601409912,-0.14842483401298523,0.04920963816272198,-2.4605746269226074,-0.14842483401298523,0.294427804947514,-1.5780165195465088,-0.14842483401298523,0.08787277808998836,-2.1015801429748535
Tgfb1,0.6222248673439026,0.6260673999786377,-0.011940295808017254,0.9979940091511154,-0.39684101939201355,-0.011940295808017254,0.983508061707687,-0.18555280566215515,-0.011940295808017254,0.9272040701016276,-0.24891673028469086
Ccdc97,0.11878520995378494,0.12870128452777863,-0.12297160923480988,0.014938008528392638,-2.9326694011688232,-0.12297160923480988,0.6044421331107958,-0.8472110033035278,-0.12297160923480988,0.4083638826997633,-1.1352521181106567
Hnrnpul1,0.785600483417511,0.7134149074554443,0.19756972789764404,0.005707251416677483,3.2655670642852783,0.19756972789764404,0.0034992038464111965,3.4887688159942627,0.19756972789764404,2.7191395805357274e-05,4.612283229827881
Axl,0.02834547683596611,0.04435942694544792,-0.6577438712120056,0.08609450703113386,-2.208986759185791,-0.6577438712120056,0.156742886902622,-1.9756202697753906,-0.6577438712120056,0.009799834146458583,-3.0001416206359863
Cyp2s1,0.008722096681594849,0.009306452237069607,-0.09397850930690765,0.9979940091511154,-0.42498326301574707,-0.09397850930690765,0.9770516883047266,-0.1963772475719452,-0.09397850930690765,0.9180480880747909,-0.2625519931316376
Egln2,0.20772992074489594,0.2259257435798645,-0.13473905622959137,0.12069138656700076,-2.0440518856048584,-0.13473905622959137,0.4754537812012502,-1.1711667776107788,-0.13473905622959137,0.2031893526353742,-1.616573691368103
Rab4b,0.02118825726211071,0.023305095732212067,-0.13891305029392242,0.6258025524986202,-0.989430844783783,-0.13891305029392242,0.8616291100885297,-0.4085807800292969,-0.13891305029392242,0.7318522460986246,-0.5549542307853699
Mia,0.0004720549040939659,0.0,18.84893798828125,0.9979940091511154,0.14071114361286163,18.84893798828125,0.5196272646011879,1.0,18.84893798828125,0.46147875269036936,1.0
Snrpa,0.5489954352378845,0.6901805400848389,-0.44247230887413025,3.964221581694303e-08,-5.987525939941406,-0.44247230887413025,4.263564679874898e-11,-7.201053619384766,-0.44247230887413025,1.7134449991754092e-19,-9.494739532470703
BC024978,0.008816976100206375,0.009573860093951225,-0.11936359852552414,0.9979940091511154,-0.23413264751434326,-0.11936359852552414,0.9777691028469326,-0.1952839195728302,-0.11936359852552414,0.906056318846056,-0.28170740604400635
Itpkc,0.02450454793870449,0.02521245926618576,-0.04160001873970032,0.8239883055580981,-0.7323213219642639,-0.04160001873970032,1.0,-0.11366315186023712,-0.04160001873970032,0.9811341642663296,-0.1602945774793625
Coq8b,0.058569613844156265,0.06346356868743896,-0.11934243142604828,0.12654799193405183,-2.020451545715332,-0.11934243142604828,0.7532418964069449,-0.5947375893592834,-0.11934243142604828,0.5752856773013985,-0.8036034107208252
Numbl,0.015829740092158318,0.008611142635345459,0.8835784792900085,0.9979940091511154,0.19806428253650665,0.8835784792900085,0.1314304248301848,2.068134069442749,0.8835784792900085,0.03419399947997787,2.5282235145568848
Ltbp4,0.0023943327832967043,0.0013175812782719731,0.8625082969665527,0.9979940091511154,0.10820508748292923,0.8625082969665527,0.6359315903435242,0.793144941329956,0.8625082969665527,0.4831650614318138,0.9611250758171082
Shkbp1,0.20322395861148834,0.20155197381973267,0.013165287673473358,0.272559637387216,-1.5893234014511108,0.013165287673473358,1.0,0.11891251802444458,0.013165287673473358,0.9828902598126092,0.15698382258415222
Sptbn4,0.0011304025538265705,0.002980980556458235,-1.400284767150879,0.9979940091511154,-0.20287339389324188,-1.400284767150879,0.42141389841980675,-1.2740941047668457,-1.400284767150879,0.11969793897609582,-1.9435300827026367
Blvrb,0.04602712392807007,0.056175317615270615,-0.2948347330093384,0.3324955969105866,-1.4640192985534668,-0.2948347330093384,0.5451855450508521,-0.9540602564811707,-0.2948347330093384,0.26541438017294067,-1.4497857093811035
Sertad3,0.1141745001077652,0.0816563218832016,0.5074434876441956,0.9979940091511154,-0.23181714117527008,0.5074434876441956,0.007653333189113576,3.2316977977752686,0.5074434876441956,0.0002772660326278354,4.053028106689453
Sertad1,0.19239728152751923,0.155912384390831,0.3304346203804016,0.9979940091511154,0.49498260021209717,0.3304346203804016,0.02785564704736518,2.7687957286834717,0.3304346203804016,0.0015611785332535636,3.5848240852355957
Prx,0.0034943127539008856,0.006993105169385672,-1.0034503936767578,0.9276525122005337,-0.5993582010269165,-1.0034503936767578,0.3087794580658673,-1.543022632598877,-1.0034503936767578,0.06459414013566797,-2.2472569942474365
Hipk4,0.0010829033562913537,0.0004626369336619973,1.2273980379104614,0.9979940091511154,0.11043152958154678,1.2273980379104614,0.654712002922159,0.7621557712554932,1.2273980379104614,0.5402173670563113,0.8623101711273193
Pld3,0.3048589527606964,0.2268647700548172,0.48506003618240356,0.0035204716131612412,3.420794725418091,0.48506003618240356,0.0001074014302306642,4.43686056137085,0.48506003618240356,2.737450257450483e-08,5.970224857330322
2310022A10Rik,0.08460750430822372,0.11164245754480362,-0.41984885931015015,0.0003764930678085332,-4.062811374664307,-0.41984885931015015,0.036313375075748215,-2.666619062423706,-0.41984885931015015,0.0012456781186918108,-3.647897720336914
Akt2,0.3373546600341797,0.3577083945274353,-0.10004885494709015,0.4207563479750569,-1.300153136253357,-0.10004885494709015,0.4503123994186572,-1.2183864116668701,-0.10004885494709015,0.19763031775900228,-1.6340080499649048
Ttc9b,0.0,0.0,0.0,0.9979940091511154,0.11319231241941452,0.0,1.0,0.0,0.0,1.0,0.0
Map3k10,0.039909012615680695,0.0477314218878746,-0.26390862464904785,0.06964326558614688,-2.3074846267700195,-0.26390862464904785,0.5124556282327775,-1.102715253829956,-0.26390862464904785,0.24297819029162543,-1.506166934967041
Zfp607b,0.008353399112820625,0.007730640005320311,0.11222536861896515,0.9979940091511154,-0.36852067708969116,0.11222536861896515,0.964109720729485,0.22204016149044037,0.11222536861896515,0.9047755085612894,0.2837994396686554
Zfp60,0.01801827922463417,0.018252024427056313,-0.01876440830528736,0.7796877533236701,-0.7876261472702026,-0.01876440830528736,1.0,-0.048964034765958786,-0.01876440830528736,1.0,-0.06595473736524582
Zfp626,0.02882312424480915,0.023618541657924652,0.2910776436328888,0.9656422975011395,-0.552513837814331,0.2910776436328888,0.5838494287666978,0.882361650466919,0.2910776436328888,0.3972432394746316,1.1563106775283813
Zfp59,0.0018730616429820657,0.0035046993289142847,-0.9050694108009338,0.9979940091511154,-0.26004841923713684,-0.9050694108009338,0.5527292829079699,-0.9398115873336792,-0.9050694108009338,0.33548327970072694,-1.2803616523742676
Zfp607a,0.0351400263607502,0.028396449983119965,0.3122946321964264,0.7005187374149705,-0.8918236494064331,0.3122946321964264,0.48992327612797215,1.143629789352417,0.3122946321964264,0.26289979452387235,1.4555892944335938
Zfp974,0.009834828786551952,0.005563071463257074,0.825103759765625,0.9979940091511154,0.07926134020090103,0.825103759765625,0.2947350327908775,1.576477289199829,0.825103759765625,0.12984815699608582,1.9013890027999878
Zfp780b,0.03189684450626373,0.03190593048930168,-0.00041762818000279367,0.6086300412680642,-1.0129420757293701,-0.00041762818000279367,1.0,-0.0013425529468804598,-0.00041762818000279367,1.0,-0.0018607283709570765
Zfp850,0.03226327896118164,0.026587584987282753,0.2832546830177307,0.870059074384111,-0.6730979681015015,0.2832546830177307,0.5196272646011879,1.0365382432937622,0.2832546830177307,0.3105462189395635,1.3330552577972412
Psmc4,0.7779670357704163,0.8873171210289001,-0.2794419229030609,3.784019142168937e-05,-4.628773212432861,-0.2794419229030609,3.811399258788613e-06,-5.187662601470947,-0.2794419229030609,5.567885070112294e-11,-6.9740214347839355
Fbl,0.6510478854179382,1.0001349449157715,-0.9054172039031982,3.912473160551141e-35,-12.806406021118164,-0.9054172039031982,4.222156114790725e-42,-15.177471160888672,-0.9054172039031982,2.592690743277253e-80,-20.340330123901367
Dyrk1b,0.01920193061232567,0.008177002891898155,1.2395782470703125,0.9979940091511154,0.3473249673843384,1.2395782470703125,0.013835475458999186,3.025728464126587,1.2395782470703125,0.0020124317167680528,3.5124928951263428
Eid2,0.011796250939369202,0.020162248983979225,-0.7793788909912109,0.5326613563913157,-1.1261343955993652,-0.7793788909912109,0.18410739655926278,-1.8801352977752686,-0.7793788909912109,0.017372658464427735,-2.7921791076660156
Eid2b,0.02613094635307789,0.024783411994576454,0.0773608461022377,0.6057943459076337,-1.016682505607605,0.0773608461022377,0.9439785506754598,0.26009005308151245,0.0773608461022377,0.8723568488166081,0.3370102345943451
Timm50,0.3734823763370514,0.49023181200027466,-0.4826832711696625,3.111978222719314e-07,-5.618560314178467,-0.4826832711696625,8.452710737900642e-09,-6.342904090881348,-0.4826832711696625,3.9473960555448136e-16,-8.57528305053711
Supt5,0.5303398966789246,0.5529956221580505,-0.07816140353679657,0.9979940091511154,-0.45419418811798096,-0.07816140353679657,0.5196272646011879,-1.081443428993225,-0.07816140353679657,0.2558881450212666,-1.47272527217865
Rps16,3.7106378078460693,3.777276039123535,-0.09846828132867813,7.214451424977856e-07,-5.456296920776367,-0.09846828132867813,2.703125077187148e-09,-6.556374549865723,-0.09846828132867813,1.3201464973595782e-18,-9.251570701599121
Plekhg2,0.15228672325611115,0.12976409494876862,0.24752740561962128,0.9979940091511154,-0.25773292779922485,0.24752740561962128,0.24065689666029466,1.7167805433273315,0.24752740561962128,0.05633624081812966,2.3076112270355225
Zfp36,0.6051352024078369,0.6292164325714111,-0.07544542104005814,0.8558249983834999,-0.6926906704902649,-0.07544542104005814,0.6094893203469055,-0.8378753066062927,-0.07544542104005814,0.3920374614796577,-1.1662601232528687
Med29,0.20496517419815063,0.2693694531917572,-0.44249993562698364,7.665854147864991e-06,-4.982064723968506,-0.44249993562698364,0.00015602550509132444,-4.343311309814453,-0.44249993562698364,4.904900022872422e-08,-5.867565631866455
Paf1,0.24433885514736176,0.2600151300430298,-0.10149502009153366,0.19617077424880566,-1.7839144468307495,-0.10149502009153366,0.5196272646011879,-1.010831594467163,-0.10149502009153366,0.2953464330111853,-1.3675645589828491
Samd4b,0.15147298574447632,0.1163344755768776,0.4066945016384125,0.9979940091511154,-0.04746774584054947,0.4066945016384125,0.012165927686248303,3.0720252990722656,0.4066945016384125,0.0005639620417423867,3.8673925399780273
Gmfg,1.9142768383026123,1.727381706237793,0.3218412399291992,8.620195649088047e-17,8.782155990600586,0.3218412399291992,4.2388309447214354e-17,9.163488388061523,0.3218412399291992,2.0215468143585776e-33,12.625567436218262
Lrfn1,0.001634592073969543,0.0013100645737722516,0.3195267617702484,0.9979940091511154,0.05281120538711548,0.3195267617702484,0.94666362117757,0.25659728050231934,0.3195267617702484,0.8814618383544631,0.32186180353164673
Nccrp1,0.05866960063576698,0.05638520047068596,0.05896042659878731,0.1424808403174955,-1.959625244140625,0.05896042659878731,0.9455955746879173,0.2581084668636322,0.05896042659878731,0.8742064904994481,0.33390215039253235
Pak4,0.0456974059343338,0.03851144388318062,0.2520447373390198,0.6449358476213503,-0.9637822508811951,0.2520447373390198,0.5196272646011879,1.0709832906723022,0.2520447373390198,0.2923726628534201,1.374584436416626
Fbxo27,0.009036390110850334,0.008117612451314926,0.1553548276424408,0.9979940091511154,-0.20216093957424164,0.1553548276424408,0.9203662888810362,0.301910400390625,0.1553548276424408,0.834794550562933,0.39432087540626526
Fbxo17,0.009098488837480545,0.00728710787370801,0.32158899307250977,0.9984208920935209,-0.010686921887099743,0.32158899307250977,0.8127513240687031,0.4933337867259979,0.32158899307250977,0.6485281258442033,0.6840164661407471
Mrps12,0.7141926884651184,0.7821786999702454,-0.1862853318452835,0.016407222727105958,-2.8985602855682373,-0.1862853318452835,0.0073630470548874715,-3.2486627101898193,-0.1862853318452835,7.000742825602367e-05,-4.392267227172852
Sars2,0.0970967635512352,0.10821431130170822,-0.16455332934856415,0.02544405943682484,-2.730686664581299,-0.16455332934856415,0.5155733404325026,-1.0972623825073242,-0.16455332934856415,0.25207059657122477,-1.4822514057159424
Ccer2,0.0,0.0006774610374122858,-19.370269775390625,0.9979940091511154,0.027607882395386696,-19.370269775390625,0.5196272646011879,-1.0,-19.370269775390625,0.16021537352752957,-1.759765386581421
Nfkbib,0.3704659640789032,0.3378821313381195,0.15770988166332245,0.5065547781675859,1.1640729904174805,0.15770988166332245,0.204510386597507,1.8185451030731201,0.15770988166332245,0.04247748589044925,2.4318110942840576
Sirt2,0.45385846495628357,0.4248039126396179,0.1179337203502655,0.36181440077739063,1.4064879417419434,0.1179337203502655,0.3163865619657469,1.524908185005188,0.1179337203502655,0.09967104223762233,2.0391135215759277
Rinl,0.7949375510215759,0.6182908415794373,0.5048606991767883,2.2462193551941998e-11,7.173596382141113,0.5048606991767883,1.7168023158480376e-12,7.687901496887207,0.5048606991767883,1.9576569318399622e-22,10.23125171661377
Hnrnpl,0.8590520024299622,0.8865559101104736,-0.06815595179796219,0.39537542338095777,-1.343969464302063,-0.06815595179796219,0.433679959856381,-1.2496364116668701,-0.06815595179796219,0.17809297624535175,-1.694748044013977
Ech1,0.8912020325660706,0.8763630390167236,0.036484211683273315,0.45923795150619784,1.2364768981933594,0.036484211683273315,0.702960942717202,0.6790473461151123,0.036484211683273315,0.5189960323607705,0.8985479474067688
Lgals4,0.008069016970694065,0.013943132013082504,-0.7933348417282104,0.7731678721902832,-0.7960866093635559,-0.7933348417282104,0.3381524317216278,-1.4753059148788452,-0.7933348417282104,0.07763086884934846,-2.1611196994781494
Lgals7,0.006090580485761166,0.011629627086222172,-0.9371545314788818,0.5486277110690039,-1.1005748510360718,-0.9371545314788818,0.1996988732023618,-1.8328988552093506,-0.9371545314788818,0.03336778689035279,-2.537623167037964
Capn12,0.005319391842931509,0.004567608702927828,0.2203647792339325,0.9979940091511154,-0.06429964303970337,0.2203647792339325,0.901849119681593,0.3374527394771576,0.2203647792339325,0.8073193710636191,0.43925583362579346
Actn4,0.821552038192749,0.8312163352966309,-0.02479299157857895,0.9979940091511154,-0.48955008387565613,-0.02479299157857895,0.841004562429623,-0.4445329010486603,-0.02479299157857895,0.6996872440844438,-0.6038907766342163
Eif3k,1.5758775472640991,1.6036698818206787,-0.05037049576640129,0.443871771012453,-1.2621254920959473,-0.05037049576640129,0.31428322272166215,-1.5302847623825073,-0.05037049576640129,0.08534229612196943,-2.115709066390991
Map4k1,0.3157072961330414,0.34472790360450745,-0.148954376578331,0.16170246053829967,-1.8910508155822754,-0.148954376578331,0.23393254654763904,-1.7374528646469116,-0.148954376578331,0.05425630499312417,-2.3254146575927734
Ryr1,0.004009293392300606,0.007786334492266178,-0.9603234529495239,0.9936890970455797,-0.5183157324790955,-0.9603234529495239,0.40525174824720583,-1.3070460557937622,-0.9603234529495239,0.11849021834188397,-1.9489065408706665
Rasgrp4,0.0014899099478498101,0.0011378845665603876,0.3891245126724243,0.9979940091511154,0.1376831829547882,0.3891245126724243,0.9480144044246405,0.2548143267631531,0.3891245126724243,0.8660400196414946,0.3465481102466583
Fam98c,0.09768953919410706,0.12497398257255554,-0.37539851665496826,0.0017147722249315526,-3.6404998302459717,-0.37539851665496826,0.09808240186049938,-2.223417282104492,-0.37539851665496826,0.006125599425627888,-3.159404754638672
Spred3,0.0013925196835771203,0.001126122660934925,0.30652573704719543,0.9979940091511154,0.05281120538711548,0.30652573704719543,0.9502974828745544,0.24990828335285187,0.30652573704719543,0.8846317400417253,0.3165454566478729
Ggn,0.0,0.000616118311882019,-19.233295440673828,0.9979940091511154,0.027607882395386696,-19.233295440673828,0.5196272646011879,-1.0,-19.233295440673828,0.16021537352752957,-1.759765386581421
Psmd8,1.3141883611679077,1.3652114868164062,-0.09974014014005661,0.003412584992656334,-3.430412769317627,-0.09974014014005661,0.09583651398951201,-2.2358431816101074,-0.09974014014005661,0.005711773375125235,-3.1828386783599854
Kcnk6,0.012428519316017628,0.014308006502687931,-0.20452696084976196,0.7923369129941626,-0.7720410227775574,-0.20452696084976196,0.8040132629438395,-0.5072701573371887,-0.20452696084976196,0.6521125337410815,-0.678781270980835
Yif1b,0.3198339641094208,0.4079280495643616,-0.4183831512928009,1.389907772366453e-05,-4.854534149169922,-0.4183831512928009,8.440268055187754e-06,-5.020658016204834,-0.4183831512928009,1.1841005233384724e-10,-6.859076499938965
2200002D01Rik,0.007514228578656912,0.010352437384426594,-0.4643239378929138,0.9979940091511154,-0.29344505071640015,-0.4643239378929138,0.6933363373822382,-0.697354793548584,-0.4643239378929138,0.45007064095649474,-1.058455467224121
Spint2,0.24256563186645508,0.3571806252002716,-0.6450817584991455,3.810968615985752e-09,-6.385168552398682,-0.6450817584991455,1.2390048740675582e-08,-6.294183254241943,-0.6450817584991455,1.6941063126648855e-17,-8.951088905334473
Ppp1r14a,0.00023912350297905505,0.0,17.86757469177246,0.9979940091511154,0.14071114361286163,17.86757469177246,0.5196272646011879,1.0,17.86757469177246,0.46147875269036936,1.0
Dpf1,0.0,0.002353900810703635,-21.16832160949707,0.9979940091511154,-0.22914542257785797,-21.16832160949707,0.15185603431267986,-1.9970574378967285,-21.16832160949707,0.0020219463184821714,-3.514352560043335
Sipa1l3,0.03634123504161835,0.03214167803525925,0.1802087426185608,0.9979940091511154,-0.48865950107574463,0.1802087426185608,0.7271447583916543,0.6384127140045166,0.1802087426185608,0.5439138644428632,0.8556281328201294
Zfp84,0.09634456783533096,0.09386201947927475,0.03948092460632324,0.14344112058712022,-1.9563300609588623,0.03948092460632324,0.9411794731800756,0.26504412293434143,0.03948092460632324,0.8663804104888496,0.3459320366382599
Zfp30,0.001901194453239441,0.0011449158191680908,0.7322096824645996,0.9979940091511154,0.08050814270973206,0.7322096824645996,0.7262684113826431,0.6400389671325684,0.7322096824645996,0.5928859878144583,0.7747371792793274
Zfp790,0.01456487737596035,0.018066206946969032,-0.313332736492157,0.5827489715126,-1.049901008605957,-0.313332736492157,0.637106546269401,-0.7915888428688049,-0.313332736492157,0.44391883317629566,-1.0699750185012817
Zfp940,0.012616662308573723,0.017712557688355446,-0.49312737584114075,0.5047369283194028,-1.1671009063720703,-0.49312737584114075,0.45924392495569644,-1.201712965965271,-0.49312737584114075,0.18956516078648958,-1.658474087715149
Zfp420,0.009914725087583065,0.010287783108651638,-0.053556881844997406,0.9979940091511154,-0.26004841923713684,-0.053556881844997406,1.0,-0.09515129774808884,-0.053556881844997406,0.9971232865132834,-0.13406848907470703
Zfp27,0.012951700016856194,0.01735890470445156,-0.42572149634361267,0.5128354550199764,-1.154900074005127,-0.42572149634361267,0.5020343236977316,-1.1212469339370728,-0.42572149634361267,0.23346722309172496,-1.5324169397354126
Zfp383,0.005059380549937487,0.0036254897713661194,0.48181968927383423,0.9979940091511154,-0.09190753102302551,0.48181968927383423,0.7152795458844496,0.6583026051521301,0.48181968927383423,0.5796961521997808,0.7954625487327576
Zfp74,0.03658396378159523,0.026244372129440308,0.4867006540298462,0.9979940091511154,-0.18737736344337463,0.4867006540298462,0.2759868286408874,1.6208688020706177,0.4867006540298462,0.08331168540987086,2.1270101070404053
Zfp568,0.028943950310349464,0.03395881503820419,-0.23416051268577576,0.2046989469535908,-1.7606704235076904,-0.23416051268577576,0.6143501405536897,-0.8302298784255981,-0.23416051268577576,0.41610086337589186,-1.1206191778182983
Zfp14,0.0014367204857990146,0.0019072205759584904,-0.40903133153915405,0.9979940091511154,-0.032416995614767075,-0.40903133153915405,0.8950791990023994,-0.349750816822052,-0.40903133153915405,0.7810307665951203,-0.4792748987674713
Zfp82,0.0,0.001742962864227593,-20.7343692779541,0.9979940091511154,-0.143560990691185,-20.7343692779541,0.23855721008811115,-1.7261453866958618,-20.7343692779541,0.00889681638527054,-3.0376107692718506
Zfp566,0.011389288119971752,0.015121487900614738,-0.41162043809890747,0.9098979400385813,-0.6224241256713867,-0.41162043809890747,0.670068261752902,-0.7365038990974426,-0.41162043809890747,0.4308166744796887,-1.0932217836380005
Zfp260,0.15535718202590942,0.1143762618303299,0.4720270037651062,0.9420975498003071,0.5812795162200928,0.4720270037651062,0.0027491426112194435,3.5591185092926025,0.4720270037651062,5.1418775687531136e-05,4.46750545501709
Zfp382,0.0488828681409359,0.03682126849889755,0.4175521433353424,0.5998926303423912,-1.0246976613998413,0.4175521433353424,0.20636893642572401,1.8128762245178223,0.4175521433353424,0.06673246312830902,2.232710123062134
Zfp146,0.06571493297815323,0.06326715648174286,0.05654933676123619,0.2503630243525035,-1.6413331031799316,0.05654933676123619,0.9266290577938879,0.29122063517570496,0.05654933676123619,0.8426910926557446,0.38268378376960754
Cox7a1,0.020620018243789673,0.027689475566148758,-0.43041205406188965,0.26759270075379893,-1.6000102758407593,-0.43041205406188965,0.3506632488726156,-1.4465746879577637,-0.43041205406188965,0.10733091743099275,-2.0004642009735107
Capns1,0.9804221987724304,0.9216340184211731,0.13823853433132172,0.0025440038517011085,3.5216970443725586,0.13823853433132172,0.0362365980616167,2.666867733001709,0.13823853433132172,0.0017111795704157918,3.557713508605957
Tbcb,0.7242352962493896,0.8219060301780701,-0.26195770502090454,0.0003045285811497283,-4.119363307952881,-0.26195770502090454,1.2575310735439039e-05,-4.928081512451172,-0.26195770502090454,7.271155301994427e-10,-6.576143741607666
Polr2i,0.42975547909736633,0.4533531963825226,-0.09539027512073517,0.6041279613394666,-1.0189980268478394,-0.09539027512073517,0.4018614632163727,-1.3135837316513062,-0.09539027512073517,0.1644254074306052,-1.7442396879196167
Ovol3,0.0,0.0,0.0,0.9979940091511154,0.11319231241941452,0.0,1.0,0.0,0.0,1.0,0.0
Wdr62,0.06530800461769104,0.06179526448249817,0.08232428133487701,0.2832372042007395,-1.5647435188293457,0.08232428133487701,0.8704075462079187,0.3932477831840515,0.08232428133487701,0.7496487625390628,0.5267855525016785
Thap8,0.007224449887871742,0.004467479418963194,0.6954171657562256,0.9979940091511154,0.15665246546268463,0.6954171657562256,0.5196272646011879,1.085117220878601,0.6954171657562256,0.28725115488580005,1.3883081674575806
Clip3,0.0002739490882959217,0.0,18.063751220703125,0.9979940091511154,0.14071114361286163,18.063751220703125,0.5196272646011879,1.0,18.063751220703125,0.46147875269036936,1.0
Alkbh6,0.06597425043582916,0.08025824278593063,-0.2931758761405945,0.0298176463252732,-2.667811870574951,-0.2931758761405945,0.29624563249749275,-1.5733119249343872,-0.2931758761405945,0.07110002665234318,-2.2032101154327393
Syne4,0.0,0.0,0.0,0.9979940091511154,0.11319231241941452,0.0,1.0,0.0,0.0,1.0,0.0
Sdhaf1,0.16891029477119446,0.1803799718618393,-0.10329616814851761,0.03163016596533463,-2.644211530685425,-0.10329616814851761,0.603905503803506,-0.8481335639953613,-0.10329616814851761,0.4116431726084262,-1.1291407346725464
E130208F15Rik,0.00543432729318738,0.00925351306796074,-0.7706580758094788,0.7953341695809176,-0.7680334448814392,-0.7706580758094788,0.3892656725489434,-1.3421521186828613,-0.7706580758094788,0.14358768539982575,-1.8474200963974
Tyrobp,0.01293378695845604,0.08221206814050674,-2.7185752391815186,0.7039150211698474,-0.8866583108901978,-2.7185752391815186,0.02624500952065264,-2.8028860092163086,-2.7185752391815186,1.046799838231084e-05,-4.837424278259277
Hcst,1.1474064588546753,0.7890109419822693,0.8398469090461731,1.3664358766041188e-25,10.895939826965332,0.8398469090461731,1.4654174318381943e-22,10.69663143157959,0.8398469090461731,3.9319082468299344e-45,14.817354202270508
Nfkbid,0.18742863833904266,0.1400279849767685,0.4557511806488037,0.9572907012626023,0.5628445744514465,0.4557511806488037,0.0038071944267652337,3.459455966949463,0.4557511806488037,6.391805519090668e-05,4.414985656738281
Aplp1,0.012651117518544197,0.008211534470319748,0.6267491579055786,0.9979940091511154,-0.027073536068201065,0.6267491579055786,0.36755658951531867,1.3883901834487915,0.6267491579055786,0.17303313726660532,1.712993860244751
Nphs1,0.0054479907266795635,0.008791843429207802,-0.6928563117980957,0.9716735652410778,-0.543429970741272,-0.6928563117980957,0.483296528673379,-1.158029317855835,-0.6928563117980957,0.19523517902873583,-1.641642451286316
Arhgap33,0.047541532665491104,0.024275444447994232,0.9865738749504089,0.9979940091511154,0.42614102363586426,0.9865738749504089,0.0012343387735665823,3.7844040393829346,0.9865738749504089,4.714740229039181e-05,4.489990234375
Proser3,0.020889166742563248,0.013803514651954174,0.6028452515602112,0.9979940091511154,0.026450131088495255,0.6028452515602112,0.2512347498526902,1.6866734027862549,0.6028452515602112,0.08606487590371807,2.111962080001831
Hspb6,0.043121952563524246,0.017467698082327843,1.3223320245742798,0.7265481482230634,0.8559333682060242,1.3223320245742798,8.08483758932473e-05,4.490141868591309,1.3223320245742798,1.8052628313157748e-06,5.196347713470459
Lin37,0.25997790694236755,0.23119959235191345,0.19085821509361267,0.9515480411050922,0.5690785646438599,0.19085821509361267,0.17921048296394732,1.895592451095581,0.19085821509361267,0.036584337857721264,2.499321460723877
Psenen,1.0415838956832886,0.9199930429458618,0.2809053957462311,2.0853152461010206e-10,6.8445281982421875,0.2809053957462311,5.273127481753868e-08,6.008602619171143,0.2809053957462311,5.1334236116460256e-14,7.957072734832764
U2af1l4,0.0449732281267643,0.04272753372788429,0.0755322054028511,0.2530771421655672,-1.635010004043579,0.0755322054028511,0.9108614150084201,0.32148414850234985,0.0755322054028511,0.8217232431326095,0.41593149304389954
Gm49396,0.0014510266482830048,0.0006582193309441209,1.1410045623779297,0.9979940091511154,0.11043152958154678,1.1410045623779297,0.6819342896082659,0.7162684202194214,1.1410045623779297,0.5648905034769072,0.8213145136833191
Igflr1,0.00024414522340521216,0.0,17.89756202697754,0.9979940091511154,0.14071114361286163,17.89756202697754,0.5196272646011879,1.0,17.89756202697754,0.46147875269036936,1.0
Kmt2b,0.26810935139656067,0.2544668912887573,0.08561252802610397,0.9979940091511154,-0.4158993661403656,0.08561252802610397,0.603905503803506,0.8481002449989319,0.08561252802610397,0.4116967410902613,1.1289936304092407
Zbtb32,0.5848545432090759,0.6669200658798218,-0.25476890802383423,0.014611482925040732,-2.9409518241882324,-0.25476890802383423,0.009571282568975376,-3.15938401222229,-0.25476890802383423,0.00012677632946811413,-4.2486701011657715
Upk1a,0.07388366013765335,0.08270424604415894,-0.16915187239646912,0.02638143876098084,-2.7157249450683594,-0.16915187239646912,0.6395696653080594,-0.7872913479804993,-0.16915187239646912,0.45442008164638925,-1.0509047508239746
Cox6b1,1.9429150819778442,1.9202183485031128,0.03829427435994148,0.08677233919921194,2.2050681114196777,0.03829427435994148,0.3959513870082587,1.3266323804855347,0.03829427435994148,0.15193934378003537,1.8167139291763306
Rbm42,0.5736261010169983,0.5689690113067627,0.015437978319823742,0.831524985364745,0.7232374548912048,0.015437978319823742,0.9579352289932102,0.23411470651626587,0.015437978319823742,0.8867598418960215,0.31303170323371887
Haus5,0.15729275345802307,0.17138999700546265,-0.1342782974243164,0.015366437768857016,-2.922071695327759,-0.1342782974243164,0.49609288028532744,-1.1323612928390503,-0.1342782974243164,0.24549413449726357,-1.4993114471435547
Tmem147,0.28768742084503174,0.36148712038993835,-0.3855520784854889,0.00026443248462444565,-4.156322002410889,-0.3855520784854889,0.00011673385293335672,-4.41734504699707,-0.3855520784854889,2.1039927300812278e-08,-6.01656436920166
Gapdhs,0.00029969486058689654,0.0,18.193355560302734,0.9979940091511154,0.14071114361286163,18.193355560302734,0.5196272646011879,1.0,18.193355560302734,0.46147875269036936,1.0
Sbsn,0.006185277830809355,0.005896479822695255,0.06919299066066742,0.9979940091511154,-0.28961557149887085,0.06919299066066742,1.0,0.10624317079782486,0.06919299066066742,0.9974142720758858,0.13346201181411743
Ffar2,0.0,0.0006200143834576011,-19.24239158630371,0.9979940091511154,0.027607882395386696,-19.24239158630371,0.5196272646011879,-1.0,-19.24239158630371,0.16021537352752957,-1.759765386581421
Ffar1,0.0006247950368560851,0.0,19.253477096557617,0.9979940091511154,0.14071114361286163,19.253477096557617,0.5196272646011879,1.0,19.253477096557617,0.46147875269036936,1.0
Cd22,0.0120177511125803,0.016016867011785507,-0.4173165559768677,0.9054912033174245,-0.6294596791267395,-0.4173165559768677,0.5909514406701867,-0.8706457018852234,-0.4173165559768677,0.36081792174186744,-1.2270591259002686
Mag,0.0010619985405355692,0.004796567838639021,-2.177914619445801,0.9979940091511154,-0.11853577196598053,-2.177914619445801,0.46290061113229775,-1.1953059434890747,-2.177914619445801,0.09948787952872654,-2.041008710861206
Hamp,0.0003285434504505247,0.0,18.325965881347656,0.9979940091511154,0.14071114361286163,18.325965881347656,0.5196272646011879,1.0,18.325965881347656,0.46147875269036936,1.0
Usf2,0.44357630610466003,0.4710403382778168,-0.10798415541648865,0.570412577418368,-1.066910982131958,-0.10798415541648865,0.36669442587086964,-1.3912774324417114,-0.10798415541648865,0.13832879704656528,-1.8678455352783203
Lsr,0.025567734614014626,0.05225463956594467,-1.0506105422973633,0.0018641592209160914,-3.615920066833496,-1.0506105422973633,0.0007586244982900937,-3.9349749088287354,-1.0506105422973633,1.0246485506722755e-07,-5.733108997344971
Fam187b,0.0018196634482592344,0.0018550069071352482,-0.027778292074799538,0.9979940091511154,-0.06020299345254898,-0.027778292074799538,1.0,-0.022531716153025627,-0.027778292074799538,1.0,-0.02720670774579048
Fxyd5,2.114847421646118,1.9416074752807617,0.28786808252334595,8.727087562960776e-16,8.50732421875,0.28786808252334595,2.4937382493035227e-15,8.61877727508545,0.28786808252334595,2.0835442074411046e-29,11.798582077026367
Fxyd7,0.009230216033756733,0.010675033554434776,-0.21084794402122498,0.9979940091511154,-0.5096771121025085,-0.21084794402122498,0.8466485675692595,-0.4342990517616272,-0.21084794402122498,0.7037693713812778,-0.5980859398841858
Fxyd1,0.005855597089976072,0.001764480140991509,1.7335253953933716,0.9979940091511154,0.2454429715871811,1.7335253953933716,0.13155659967602992,2.0668554306030273,1.7335253953933716,0.059084394778329934,2.2872166633605957
Lgi4,0.0013388452352955937,0.0,20.353525161743164,0.9979940091511154,0.19574879109859467,20.353525161743164,0.24999760824543737,1.689934492111206,20.353525161743164,0.17964873514886873,1.689934492111206
Hpn,0.000494791311211884,0.0,18.916820526123047,0.9979940091511154,0.14071114361286163,18.916820526123047,0.5196272646011879,1.0,18.916820526123047,0.46147875269036936,1.0
Scn1b,0.0022854129783809185,0.0035225849132984877,-0.6250724196434021,0.9979940091511154,-0.06332001090049744,-0.6250724196434021,0.7517553601302609,-0.5974681377410889,-0.6250724196434021,0.537026349262481,-0.8671852350234985
Gramd1a,0.36995431780815125,0.32084688544273376,0.2429209053516388,0.12131926331970486,2.041647434234619,0.2429209053516388,0.05499309755221186,2.492820978164673,0.2429209053516388,0.0029184504938625103,3.3975915908813477
Wtip,0.0008116476237773895,0.0016980444779619575,-1.0655874013900757,0.9979940091511154,-0.08798898756504059,-1.0655874013900757,0.6466002532337627,-0.7759944200515747,-1.0655874013900757,0.4274936505193149,-1.0995711088180542
Uba2,0.7569166421890259,0.8451005220413208,-0.23100247979164124,0.001732793902527884,-3.637471914291382,-0.23100247979164124,0.0004278910110254493,-4.081705093383789,-0.23100247979164124,4.0170093364186023e-07,-5.480030059814453
Pdcd2l,0.11079586297273636,0.11071036756038666,0.0011764439987018704,0.10260434093631896,-2.1243820190429688,0.0011764439987018704,1.0,0.008188989013433456,0.0011764439987018704,1.0,0.01073755044490099
Gpi1,1.1377383470535278,1.2621921300888062,-0.25707390904426575,3.6144096643180093e-07,-5.588814735412598,-0.25707390904426575,2.415520565382182e-08,-6.153431415557861,-0.25707390904426575,6.367420000925105e-15,-8.22541618347168
4931406P16Rik,0.1090671643614769,0.1326579749584198,-0.2998543381690979,0.0024388596434252656,-3.536480665206909,-0.2998543381690979,0.17824347294039472,-1.899548888206482,-0.2998543381690979,0.02577804820775284,-2.6413676738739014
Lsm14a,0.5544633269309998,0.5654510259628296,-0.036971643567085266,0.9979940091511154,-0.2901499271392822,-0.036971643567085266,0.7646781343782524,-0.5751713514328003,-0.036971643567085266,0.6014175941944808,-0.7598810791969299
Kctd15,0.0,0.0,0.0,0.9979940091511154,0.11319231241941452,0.0,1.0,0.0,0.0,1.0,0.0
Pepd,0.17181800305843353,0.24895107746124268,-0.5925702452659607,2.725807180249691e-08,-6.055566310882568,-0.5925702452659607,3.932646083365329e-06,-5.1873016357421875,-0.5925702452659607,1.366151106153824e-11,-7.181512832641602
Cebpg,0.2411416471004486,0.2532212436199188,-0.07958987355232239,0.16510647829172376,-1.8792952299118042,-0.07958987355232239,0.6596977648604722,-0.7533944249153137,-0.07958987355232239,0.46147875269036936,-1.0169912576675415
Cebpa,0.00045695953303948045,0.0006352137424983084,-0.4753033518791199,0.9979940091511154,0.05521576479077339,-0.4753033518791199,0.960976336432968,-0.22780045866966248,-0.4753033518791199,0.8908587802496429,-0.3061053156852722
Gpatch1,0.06989599764347076,0.085696280002594,-0.3055679202079773,0.01928762009939984,-2.838179349899292,-0.3055679202079773,0.272257039013516,-1.6305190324783325,-0.3055679202079773,0.06230706546673032,-2.2635343074798584
Rhpn2,0.00023359274200629443,0.0,17.833810806274414,0.9979940091511154,0.14071114361286163,17.833810806274414,0.5196272646011879,1.0,17.833810806274414,0.46147875269036936,1.0
Faap24,0.22720208764076233,0.2116163671016693,0.1141783818602562,0.9979940091511154,-0.400492399930954,0.1141783818602562,0.5196272646011879,1.087442398071289,0.1141783818602562,0.2728788222145687,1.4317492246627808
Cep89,0.15184231102466583,0.10990674048662186,0.49720364809036255,0.9984208920935209,-0.016475671902298927,0.49720364809036255,0.0044394460240098025,3.409024477005005,0.49720364809036255,0.00011580657030300417,4.272861957550049
Tdrd12,0.00039039450348354876,0.0,18.574857711791992,0.9979940091511154,0.14071114361286163,18.574857711791992,0.5196272646011879,1.0,18.574857711791992,0.46147875269036936,1.0
Nudt19,0.2565576732158661,0.3431943953037262,-0.48535656929016113,1.2370019957390395e-06,-5.35299015045166,-0.48535656929016113,1.0670942836383742e-06,-5.449458599090576,-0.48535656929016113,2.240269326593573e-12,-7.439054012298584
Rgs9bp,0.0005184341571293771,0.0011604941682890058,-1.1629681587219238,0.9984208920935209,-0.0025826727505773306,-1.1629681587219238,0.6832052523153267,-0.7147674560546875,-1.1629681587219238,0.43700093067886636,-1.0823605060577393
Ankrd27,0.0647411197423935,0.07512817531824112,-0.22225163877010345,0.0396913318418192,-2.5497214794158936,-0.22225163877010345,0.5196272646011879,-1.079746127128601,-0.22225163877010345,0.247929275741962,-1.4927297830581665
Pdcd5,0.991753876209259,1.133519172668457,-0.31279486417770386,2.3647047233235363e-09,-6.463717460632324,-0.31279486417770386,2.9544125098086938e-08,-6.133113861083984,-0.31279486417770386,3.9682662754741276e-16,-8.571531295776367
Dpy19l3,0.03041672334074974,0.015250248834490776,1.0070135593414307,0.9979940091511154,0.4338890314102173,1.0070135593414307,0.015347883469743334,2.9894936084747314,1.0070135593414307,0.0011641896853479097,3.668003797531128
Zfp507,0.06534422188997269,0.06862401962280273,-0.0730462521314621,0.14513462545755654,-1.950541377067566,-0.0730462521314621,0.8908089688638671,-0.3576297163963318,-0.0730462521314621,0.7743362931096255,-0.4896162152290344
Tshz3,0.0032389878761023283,0.0026814022567123175,0.27295762300491333,0.9984208920935209,-0.00614497996866703,0.27295762300491333,0.9169487423108035,0.31014323234558105,0.27295762300491333,0.8345530477763683,0.39485445618629456
Zfp536,0.0,0.0,0.0,0.9979940091511154,0.11319231241941452,0.0,1.0,0.0,0.0,1.0,0.0
Uri1,0.28847503662109375,0.3290891647338867,-0.22083446383476257,0.015279923488818969,-2.924298048019409,-0.22083446383476257,0.054787471326245195,-2.4938008785247803,-0.22083446383476257,0.0036778283863305207,-3.3254899978637695
Ccne1,0.31516775488853455,0.4857766330242157,-0.7554328441619873,2.229897085438986e-11,-7.175466537475586,-0.7554328441619873,6.232754847781218e-11,-7.186225891113281,-0.7554328441619873,8.647887275415475e-23,-10.307382583618164
1600014C10Rik,0.11956603825092316,0.1074976772069931,0.16237233579158783,0.8383701033185662,-0.714153528213501,0.16237233579158783,0.5541252494561005,0.937181293964386,0.16237233579158783,0.32296789595064773,1.3068369626998901
Plekhf1,0.02915555238723755,0.0172420684248209,0.7664648294448853,0.9979940091511154,-0.17704667150974274,0.7664648294448853,0.06408732550534732,2.4220125675201416,0.7664648294448853,0.013025346379519395,2.9003329277038574
Pop4,0.37737494707107544,0.397025465965271,-0.08832033723592758,0.5865204229766311,-1.044201374053955,-0.08832033723592758,0.502081211524838,-1.1209254264831543,-0.08832033723592758,0.247929275741962,-1.4928245544433594
Zfp619,0.0007501667714677751,0.0017236482817679644,-1.200883388519287,0.9979940091511154,-0.08798898756504059,-1.200883388519287,0.6020485952383408,-0.8510566353797913,-1.200883388519287,0.3641410083246861,-1.2200936079025269
AI987944,0.05718541145324707,0.05120626091957092,0.16367881000041962,0.6013035322862896,-1.0227384567260742,0.16367881000041962,0.6797674047430284,0.720126211643219,0.16367881000041962,0.47580922446144963,0.9744095802307129
Gm20449,0.002509352518245578,0.004913142882287502,-0.9710657596588135,0.9979940091511154,-0.17731384932994843,-0.9710657596588135,0.5492115568444157,-0.94646155834198,-0.9710657596588135,0.25227468205741826,-1.4816969633102417
AW146154,0.016074039041996002,0.01982918381690979,-0.3056097626686096,0.9979940091511154,-0.4232020974159241,-0.3056097626686096,0.7492475631864459,-0.6008946299552917,-0.3056097626686096,0.514604394338706,-0.9061587452888489
2610021A01Rik,0.03246802091598511,0.032305266708135605,0.007368170656263828,0.3161592714923261,-1.496347188949585,0.007368170656263828,1.0,0.0276222825050354,0.007368170656263828,1.0,0.036353014409542084
Zfp788,0.032942745834589005,0.03183314949274063,0.0502355583012104,0.6772475983238962,-0.9213907718658447,0.0502355583012104,0.9901778599403801,0.1731424182653427,0.0502355583012104,0.9374050186362686,0.2331985980272293
Vmn2r59,0.0,0.0,0.0,0.9979940091511154,0.11319231241941452,0.0,1.0,0.0,0.0,1.0,0.0
Vmn2r60,0.0,0.0,0.0,0.9979940091511154,0.11319231241941452,0.0,1.0,0.0,0.0,1.0,0.0
Zfp141,0.02335299924015999,0.04795096442103386,-1.055801272392273,0.01830444057330765,-2.8585734367370605,-1.055801272392273,0.006589265941581706,-3.2915232181549072,-1.055801272392273,4.445888871278767e-06,-5.007591724395752
Zfp976,0.0003105006762780249,0.00047116601490415633,-0.6017533540725708,0.9979940091511154,0.05521576479077339,-0.6017533540725708,0.9305384021843797,-0.2847279906272888,-0.6017533540725708,0.8363247513144704,-0.39186978340148926
Zfp975,0.0008551684441044927,0.0030076487455517054,-1.8159074783325195,0.9979940091511154,-0.2588016390800476,-1.8159074783325195,0.35227771447531403,-1.4436339139938354,-1.8159074783325195,0.07893741417673714,-2.1532480716705322
Vmn2r63,0.0,0.000706334481947124,-19.430503845214844,0.9979940091511154,0.027607882395386696,-19.430503845214844,0.5196272646011879,-1.0,-19.430503845214844,0.16021537352752957,-1.759765386581421
Zfp715,0.04339240491390228,0.035980015993118286,0.2756291627883911,0.6449334330870563,-0.9643166065216064,0.2756291627883911,0.5196272646011879,1.0116678476333618,0.2756291627883911,0.3117578714654077,1.330209732055664
Siglecf,0.0013067304389551282,0.0005962557625025511,1.132469654083252,0.9979940091511154,0.11043152958154678,1.132469654083252,0.6790405360206522,0.7213598489761353,1.132469654083252,0.5582785811253855,0.831929087638855
Siglecg,0.0006938677397556603,0.006160565186291933,-3.1542739868164062,0.9979940091511154,-0.11595310270786285,-3.1542739868164062,0.43449304023127155,-1.2490888833999634,-3.1542739868164062,0.08089780107856794,-2.1423728466033936
Lim2,0.0,0.0,0.0,0.9979940091511154,0.11319231241941452,0.0,1.0,0.0,0.0,1.0,0.0
Lim2-1,0.00026441802037879825,0.0,18.012657165527344,0.9979940091511154,0.14071114361286163,18.012657165527344,0.5196272646011879,1.0,18.012657165527344,0.46147875269036936,1.0
Nkg7,3.217135190963745,2.9131433963775635,0.46012169122695923,2.6107732644348693e-35,12.842028617858887,0.46012169122695923,2.0066027386837224e-30,12.607980728149414,0.46012169122695923,3.6840981115778674e-59,17.157224655151367
Cldnd2,0.0023467938881367445,0.0010263463482260704,1.1941254138946533,0.9979940091511154,0.10820508748292923,1.1941254138946533,0.5196272646011879,1.070252537727356,1.1941254138946533,0.36285366076552167,1.2229015827178955
Etfb,1.081629991531372,1.1550846099853516,-0.15745411813259125,0.006189838026173515,-3.238938808441162,-0.15745411813259125,0.019956800706305403,-2.8961338996887207,-0.15745411813259125,0.00037199468945624866,-3.9748361110687256
Vsig10l,0.016691025346517563,0.015262799337506294,0.1300860047340393,0.8614888425850561,-0.6837849020957947,0.1300860047340393,0.9057928949740668,0.32984647154808044,0.1300860047340393,0.8197209974719123,0.418964684009552
4931406B18Rik,0.0,0.0,0.0,0.9979940091511154,0.11319231241941452,0.0,1.0,0.0,0.0,1.0,0.0
Cd33,0.0,0.0013843794586136937,-20.40180778503418,0.9979940091511154,0.027607882395386696,-20.40180778503418,0.5196272646011879,-1.0,-20.40180778503418,0.16021537352752957,-1.759765386581421
Zfp658,0.0065779415890574455,0.004260912071913481,0.6281468868255615,0.9979940091511154,0.13127101957798004,0.6281468868255615,0.5196272646011879,0.999237060546875,0.6281468868255615,0.3395318014084618,1.2712568044662476
Zfp719,0.016701268032193184,0.02757127583026886,-0.7310785055160522,0.15625423973217498,-1.910643458366394,-0.7310785055160522,0.14277394835742996,-2.027968645095825,-0.7310785055160522,0.012937834403134528,-2.9018332958221436
Zfp819,0.0004266745818313211,0.0,18.703086853027344,0.9979940091511154,0.14071114361286163,18.703086853027344,0.5196272646011879,1.0,18.703086853027344,0.46147875269036936,1.0
Siglece,0.0,0.002155223162844777,-21.04096221923828,0.9979940091511154,-0.05797655135393143,-21.04096221923828,0.36167647049845647,-1.4164514541625977,-21.04096221923828,0.03726207145007799,-2.492622137069702
Ctu1,0.015009254217147827,0.011920659802854061,0.3346211612224579,0.9979940091511154,-0.10820508748292923,0.3346211612224579,0.6767312690446694,0.7256814241409302,0.3346211612224579,0.4727136981820055,0.979999303817749
Klk13,0.0,0.0005001650424674153,-18.932409286499023,0.9979940091511154,0.027607882395386696,-18.932409286499023,0.5196272646011879,-1.0,-18.932409286499023,0.16021537352752957,-1.759765386581421
Klk10,0.0,0.0,0.0,0.9979940091511154,0.11319231241941452,0.0,1.0,0.0,0.0,1.0,0.0
Klk9,0.0,0.0,0.0,0.9979940091511154,0.11319231241941452,0.0,1.0,0.0,0.0,1.0,0.0
Klk8,0.37535688281059265,0.4408051073551178,-0.2822907269001007,0.025698828946873562,-2.7270352840423584,-0.2822907269001007,0.013952824109224037,-3.0298264026641846,-0.2822907269001007,0.00011395520905667592,-4.274569511413574
Klk7,0.0,0.0004883449873887002,-18.89789581298828,0.9979940091511154,0.027607882395386696,-18.89789581298828,0.5196272646011879,-1.0,-18.89789581298828,0.16021537352752957,-1.759765386581421
Klk1b9,0.00042639116873033345,0.0005440126988105476,-0.35154688358306885,0.9979940091511154,0.16822996735572815,-0.35154688358306885,0.9919031602853093,-0.17016971111297607,-0.35154688358306885,0.9431524431567413,-0.2233325093984604
Klk1b11,0.0,0.0005440126988105476,-19.05367660522461,0.9979940091511154,0.14071114361286163,-19.05367660522461,0.5196272646011879,-1.0,-19.05367660522461,0.16021537352752957,-1.759765386581421
Klk1b27,0.0,0.0005440126988105476,-19.05367660522461,0.9979940091511154,0.14071114361286163,-19.05367660522461,0.5196272646011879,-1.0,-19.05367660522461,0.16021537352752957,-1.759765386581421
1700028J19Rik,0.006271972320973873,0.007956336252391338,-0.34440135955810547,0.9979940091511154,-0.3996018171310425,-0.34440135955810547,0.7395605615683678,-0.6175441145896912,-0.34440135955810547,0.5564913264198225,-0.8351073265075684
2410002F23Rik,0.055574480444192886,0.08911370486021042,-0.7057098150253296,5.3404909208719935e-05,-4.549689769744873,-0.7057098150253296,0.002420706980558326,-3.6053242683410645,-0.7057098150253296,2.670473035492934e-06,-5.109013080596924
Acp4,0.0004944489919580519,0.0005232291296124458,-0.0816417708992958,0.9979940091511154,0.08282364159822464,-0.0816417708992958,1.0,-0.04573606699705124,-0.0816417708992958,1.0,-0.06271222978830338
Clec11a,0.00400782935321331,0.008469812572002411,-1.082730770111084,0.9054912033174245,-0.6291034817695618,-1.082730770111084,0.24388282942962106,-1.7080198526382446,-1.082730770111084,0.03264728190423278,-2.5468714237213135
Shank1,0.000490636273752898,0.0,18.904651641845703,0.9979940091511154,0.14071114361286163,18.904651641845703,0.5196272646011879,1.0,18.904651641845703,0.46147875269036936,1.0
1700008O03Rik,0.0010273733641952276,0.0,19.971271514892578,0.9979940091511154,0.14071114361286163,19.971271514892578,0.5196272646011879,1.0,19.971271514892578,0.46147875269036936,1.0
Josd2,0.1398233026266098,0.1743859499692917,-0.3442632257938385,0.0013523242434414402,-3.710944652557373,-0.3442632257938385,0.04888066467077305,-2.545184850692749,-0.3442632257938385,0.0015722072550394992,-3.5819427967071533
Emc10,0.5582602620124817,0.5451840162277222,0.04449017718434334,0.56347098419341,1.0777760744094849,0.04449017718434334,0.7102457077400217,0.6664741635322571,0.04449017718434334,0.5225471122334473,0.8926702737808228
Fam71e1,0.0042496779933571815,0.004678379278630018,-0.13896463811397552,0.9979940091511154,-0.2891702950000763,-0.13896463811397552,0.9763090086464246,-0.19910019636154175,-0.13896463811397552,0.9216393565621144,-0.25712111592292786
Spib,0.0007612600456923246,0.00262241717427969,-1.7857775688171387,0.9979940091511154,0.08246741443872452,-1.7857775688171387,0.6947243920833825,-0.695085346698761,-1.7857775688171387,0.3878004338559187,-1.1740120649337769
Pold1,0.29389604926109314,0.28101691603660583,0.07438401877880096,0.9979940091511154,-0.19868768751621246,0.07438401877880096,0.6359522139354605,0.7931810021400452,0.07438401877880096,0.45652149941037407,1.0476741790771484
Nr1h2,0.3403726816177368,0.2820327877998352,0.31551486253738403,0.04951711278582753,2.4577248096466064,0.31551486253738403,0.003477747962633455,3.490513324737549,0.31551486253738403,2.8573932550670378e-05,4.601362228393555
Napsa,0.05212106555700302,0.049199167639017105,0.08535804599523544,0.8015228435994968,-0.7597510814666748,0.08535804599523544,0.9555438669688661,0.23982971906661987,0.08535804599523544,0.8629816226294476,0.3507709503173828
Kcnc3,0.0004751877277158201,0.0,18.858484268188477,0.9979940091511154,0.14071114361286163,18.858484268188477,0.5196272646011879,1.0,18.858484268188477,0.46147875269036936,1.0
Myh14,0.0,0.0,0.0,0.9979940091511154,0.11319231241941452,0.0,1.0,0.0,0.0,1.0,0.0
Zfp473,0.016344347968697548,0.013258634135127068,0.3040909469127655,0.9979940091511154,-0.4354030191898346,0.3040909469127655,0.6545483624275954,0.7628570199012756,0.3040909469127655,0.4850577275719183,0.9569557309150696
Vrk3,0.4909065365791321,0.4140686094760895,0.30517104268074036,0.0020307848734747976,3.5894699096679688,0.30517104268074036,0.0005950553732827412,3.9912984371185303,0.30517104268074036,1.1803897682310603e-06,5.2737627029418945
Atf5,0.03369685634970665,0.04304824024438858,-0.36012884974479675,0.058059724590475516,-2.390308141708374,-0.36012884974479675,0.3711783866487351,-1.3789212703704834,-0.36012884974479675,0.1288988843668532,-1.9052125215530396
Nup62,0.37639299035072327,0.41673150658607483,-0.1778947412967682,0.03481094158231589,-2.604313850402832,-0.1778947412967682,0.10193042838653153,-2.202712297439575,-0.1778947412967682,0.013509735122673209,-2.8866732120513916
Il4i1,0.0024155164137482643,0.002224078867584467,0.11926183104515076,0.9979940091511154,0.07854887843132019,0.11926183104515076,1.0,0.12378233671188354,0.11926183104515076,0.9749118604227295,0.17001914978027344
Tbc1d17,0.0917808935046196,0.10785005986690521,-0.24454563856124878,0.022657599586872156,-2.7764623165130615,-0.24454563856124878,0.3374385006686541,-1.4768383502960205,-0.24454563856124878,0.09521245409645965,-2.0620007514953613
Akt1s1,0.041291121393442154,0.05199209600687027,-0.34023988246917725,0.05419176821585582,-2.4196081161499023,-0.34023988246917725,0.3552852723577825,-1.4371216297149658,-0.34023988246917725,0.10968317807629673,-1.9889628887176514
Pnkp,0.30260106921195984,0.2528138756752014,0.29691553115844727,0.1312622853600099,2.0015714168548584,0.29691553115844727,0.008891726593725731,3.1830694675445557,0.29691553115844727,0.00018439097139111274,4.15638542175293
Ptov1,0.005405062343925238,0.008447679691016674,-0.6464409232139587,0.8857405965807635,-0.6540396213531494,-0.6464409232139587,0.4907655116947617,-1.1420058012008667,-0.6464409232139587,0.2142356991490291,-1.584546446800232
Med25,0.1527576446533203,0.16936394572257996,-0.1611824929714203,0.005848285454583155,-3.2570176124572754,-0.1611824929714203,0.40319611085662044,-1.3111796379089355,-0.1611824929714203,0.16943693201678303,-1.7261790037155151
Fuz,0.03579174727201462,0.035222090780735016,0.023559726774692535,0.2713684910111373,-1.591995120048523,0.023559726774692535,1.0,0.09010052680969238,0.023559726774692535,1.0,0.11912751942873001
Ap2a1,0.1680152267217636,0.1961202770471573,-0.24403497576713562,0.0008188825724762485,-3.8522791862487793,-0.24403497576713562,0.11787646106991159,-2.126370906829834,-0.24403497576713562,0.01651711734769423,-2.811267852783203
Tsks,0.0014378562336787581,0.0,20.456525802612305,0.9979940091511154,0.22326761484146118,20.456525802612305,0.16958357059664445,1.927641749382019,20.456525802612305,0.12378479704552045,1.927641749382019
Cpt1c,0.0012873212108388543,0.0020802689250558615,-0.6929699182510376,0.9979940091511154,-0.11764519661664963,-0.6929699182510376,0.7259912808936962,-0.640892744064331,-0.6929699182510376,0.5238580964777151,-0.8899096846580505
Prmt1,0.7229782342910767,0.866887629032135,-0.37931111454963684,1.3748973128613398e-07,-5.767553806304932,-0.37931111454963684,1.058290384396909e-08,-6.311103820800781,-0.37931111454963684,1.1404843399484673e-16,-8.724682807922363
Bcl2l12,0.23318079113960266,0.20233644545078278,0.22774912416934967,0.9979940091511154,0.37172675132751465,0.22774912416934967,0.102652959774189,2.1982805728912354,0.22774912416934967,0.01520223762570341,2.8422186374664307
Irf3,0.2975717782974243,0.31449219584465027,-0.0926135778427124,0.37920841219535883,-1.3740710020065308,-0.0926135778427124,0.5196272646011879,-1.0132471323013306,-0.0926135778427124,0.2909720629914012,-1.3781968355178833
Scaf1,0.1678246706724167,0.1718440055847168,-0.03712620586156845,0.07654587107887569,-2.2648258209228516,-0.03712620586156845,0.9144208862561609,-0.31422877311706543,-0.03712620586156845,0.8245243757161881,-0.4116896688938141
Rras,0.1136745736002922,0.14991137385368347,-0.42591342329978943,0.000203290578365067,-4.224184036254883,-0.42591342329978943,0.023493229092856487,-2.837100028991699,-0.42591342329978943,0.0003674443404036907,-3.9778807163238525
Prr12,0.09359090775251389,0.08899231255054474,0.07605528086423874,0.3027015161622625,-1.523866057395935,0.07605528086423874,0.8323201213032251,0.4592207670211792,0.07605528086423874,0.6971062776745236,0.6079416871070862
Prrg2,0.022357266396284103,0.025458481162786484,-0.18964846432209015,0.4294850508291928,-1.285725712776184,-0.18964846432209015,0.7620469326236783,-0.5800175070762634,-0.18964846432209015,0.5933119087057643,-0.773873507976532
Nosip,0.2763601839542389,0.24214255809783936,0.21644137799739838,0.42452884811862907,1.2939190864562988,0.21644137799739838,0.10148247760047359,2.2053334712982178,0.21644137799739838,0.011609779707520924,2.940842390060425
Rcn3,0.18580681085586548,0.2526283860206604,-0.4931747019290924,7.166214722704355e-06,-4.99631404876709,-0.4931747019290924,0.001746438760699668,-3.699836254119873,-0.4931747019290924,1.4334188128839161e-06,-5.233373641967773
Fcgrt,0.15452566742897034,0.19105392694473267,-0.3332415819168091,1.3841520965293472e-05,-4.855514049530029,-0.3332415819168091,0.11712196442099336,-2.130701780319214,-0.3332415819168091,0.013348725862407358,-2.8904738426208496
Rps11,3.6956772804260254,3.7515640258789062,-0.08262304216623306,0.0025850727793215863,-3.516709804534912,-0.08262304216623306,5.072240643421266e-05,-4.6234588623046875,-0.08262304216623306,2.503318525392333e-09,-6.375823974609375
Rpl13a,1.6108604669570923,1.7406344413757324,-0.2303900271654129,1.282885191220633e-06,-5.345331192016602,-0.2303900271654129,2.808523767857334e-10,-6.89777135848999,-0.2303900271654129,7.279490939094614e-18,-9.059858322143555
Flt3l,0.2076413482427597,0.15833285450935364,0.4277860224246979,0.4727101237615241,1.2155482769012451,0.4277860224246979,0.0018761583732328979,3.672593116760254,0.4277860224246979,1.991853802532706e-05,4.68444299697876
Aldh16a1,0.14618466794490814,0.13059765100479126,0.17416605353355408,0.6915926229643388,-0.9029558300971985,0.17416605353355408,0.39921209228024007,1.3193415403366089,0.17416605353355408,0.17178904395725308,1.7169275283813477
Pih1d1,0.4693485200405121,0.39423415064811707,0.3096775412559509,0.002524102049124434,3.5249922275543213,0.3096775412559509,0.00041882946569980924,4.0859293937683105,0.3096775412559509,6.302095841932587e-07,5.394681453704834
Slc17a7,0.0016317721456289291,0.0015128526138141751,0.10925405472517014,0.9979940091511154,0.08050814270973206,0.10925405472517014,1.0,0.09093307703733444,0.10925405472517014,1.0,0.12442122399806976
Ccdc155,0.0,0.0,0.0,0.9979940091511154,0.11319231241941452,0.0,1.0,0.0,0.0,1.0,0.0
Dkkl1,0.09898873418569565,0.1629766821861267,-0.7664942145347595,1.479181579439464e-08,-6.160120010375977,-0.7664942145347595,3.0937527078665803e-06,-5.241086006164551,-0.7664942145347595,3.414343084871046e-12,-7.37872314453125
Tead2,0.0013079560594633222,0.00074818852590397,0.806243360042572,0.9979940091511154,0.13786129653453827,0.806243360042572,0.7763543394106571,0.5546325445175171,0.806243360042572,0.6386597353906074,0.6999387145042419
Cd37,0.5775484442710876,0.4761124551296234,0.35820528864860535,0.000106224371554879,4.38413143157959,0.35820528864860535,0.00013298618404946897,4.385197162628174,0.35820528864860535,2.518990021258405e-08,5.984469413757324
Trpm4,0.012190822511911392,0.007074417546391487,0.7888086438179016,0.9979940091511154,0.025648612529039383,0.7888086438179016,0.2725514880892354,1.6286498308181763,0.7888086438179016,0.11577684816871704,1.9610859155654907
Hrc,0.0,0.0,0.0,0.9979940091511154,0.11319231241941452,0.0,1.0,0.0,0.0,1.0,0.0
Ppfia3,0.000656678166706115,0.003926541656255722,-2.5823585987091064,0.9979940091511154,-0.3442079424858093,-2.5823585987091064,0.1599614839939519,-1.964727520942688,-2.5823585987091064,0.0054746913070844345,-3.198239326477051
Lin7b,0.0005767886759713292,0.002266269875690341,-1.9754221439361572,0.9979940091511154,-0.1733953058719635,-1.9754221439361572,0.3640914294512893,-1.3992944955825806,-1.9754221439361572,0.06989946202235711,-2.2109768390655518
Snrnp70,1.1538728475570679,1.1076539754867554,0.0984700620174408,0.01657842137045346,2.894641876220703,0.0984700620174408,0.08285060998656589,2.3015661239624023,0.0984700620174408,0.008699082186777108,3.0419509410858154
Kcna7,0.0,0.0007382815238088369,-19.494346618652344,0.9979940091511154,0.027607882395386696,-19.494346618652344,0.5196272646011879,-1.0,-19.494346618652344,0.16021537352752957,-1.759765386581421
Ntf5,0.003217529272660613,0.00432744063436985,-0.42836177349090576,0.9979940091511154,-0.20536701381206512,-0.42836177349090576,0.7695528025465272,-0.5669405460357666,-0.42836177349090576,0.585041688854067,-0.7874242067337036
Ruvbl2,0.24567356705665588,0.2987779974937439,-0.32237398624420166,0.002949537433715887,-3.476010322570801,-0.32237398624420166,0.0054667748660778785,-3.346942186355591,-0.32237398624420166,3.0113631364964583e-05,-4.588186264038086
Gys1,0.009610859677195549,0.011528599075973034,-0.2638654112815857,0.8051002054149927,-0.7550310492515564,-0.2638654112815857,0.7571179828367495,-0.588365375995636,-0.2638654112815857,0.5900172679596727,-0.7792484164237976
Ftl1,2.0850367546081543,2.370532989501953,-0.4618683159351349,9.70693804542577e-26,-10.927733421325684,-0.4618683159351349,6.037842932542514e-32,-12.892082214355469,-0.4618683159351349,4.7244557726571476e-58,-17.010944366455078
Bax,0.9774882197380066,1.018703818321228,-0.09417980164289474,0.3978088897072943,-1.3403180837631226,-0.09417980164289474,0.19257207420298272,-1.852491021156311,-0.09417980164289474,0.037154601889771176,-2.4928011894226074
Dhdh,0.0074862330220639706,0.00712257344275713,0.07210413366556168,0.9979940091511154,-0.2607609033584595,0.07210413366556168,1.0,0.12709537148475647,0.07210413366556168,0.9801345481471119,0.16221673786640167
Tulp2,0.0,0.0006188570987433195,-19.239694595336914,0.9979940091511154,0.027607882395386696,-19.239694595336914,0.5196272646011879,-1.0,-19.239694595336914,0.16021537352752957,-1.759765386581421
Nucb1,0.5482177734375,0.4885236322879791,0.213084876537323,0.05703424055158449,2.398590564727783,0.213084876537323,0.019357342113206846,2.906400203704834,0.213084876537323,0.0007002532707792574,3.8079216480255127
Ppp1r15a,0.7061280608177185,0.7062462568283081,-0.0003367467725183815,0.9979940091511154,0.37235015630722046,-0.0003367467725183815,1.0,-0.004297344945371151,-0.0003367467725183815,1.0,-0.005853242240846157
Plekha4,0.0005729636759497225,0.0005380013026297092,0.09085897356271744,0.9979940091511154,0.08282364159822464,0.09085897356271744,1.0,0.051841989159584045,0.09085897356271744,1.0,0.06872034817934036
Hsd17b14,0.0,0.0005230929818935692,-18.997087478637695,0.9979940091511154,0.027607882395386696,-18.997087478637695,0.5196272646011879,-1.0,-18.997087478637695,0.16021537352752957,-1.759765386581421
Bcat2,0.15082038938999176,0.2102990746498108,-0.5238064527511597,2.6413995771442823e-07,-5.6487507820129395,-0.5238064527511597,7.831993267196335e-05,-4.516014099121094,-0.5238064527511597,9.282602908527321e-09,-6.15789794921875
Izumo1,0.0005361037910915911,0.0004883449873887002,0.13464589416980743,0.9979940091511154,0.08282364159822464,0.13464589416980743,1.0,0.07724300026893616,0.13464589416980743,1.0,0.10163404792547226
Rasip1,0.0006419509300030768,0.0006173719884827733,0.056340597569942474,0.9979940091511154,0.08282364159822464,0.056340597569942474,1.0,0.03193449601531029,0.056340597569942474,1.0,0.042509205639362335
Mamstr,0.0007531744777224958,0.0,19.523170471191406,0.9979940091511154,0.16822996735572815,19.523170471191406,0.3623068331131784,1.4043265581130981,19.523170471191406,0.2821500658453439,1.4043265581130981
Sec1,0.0,0.0019420108292251825,-20.890522003173828,0.9979940091511154,-0.05797655135393143,-20.890522003173828,0.36167647049845647,-1.415421724319458,-20.890522003173828,0.03731831530276529,-2.4908101558685303
Car11,0.0,0.0,0.0,0.9979940091511154,0.11319231241941452,0.0,1.0,0.0,0.0,1.0,0.0
Dbp,0.0045427898876369,0.020151924341917038,-2.1605498790740967,0.14287198136862517,-1.9582003355026245,-2.1605498790740967,0.003778198430833697,-3.4772984981536865,-2.1605498790740967,3.688005990031844e-07,-5.499438285827637
Sphk2,0.07566151767969131,0.06320749968290329,0.2685515582561493,0.9093202805998549,-0.6232256889343262,0.2685515582561493,0.36167647049845647,1.421180009841919,0.2685515582561493,0.14003762376041334,1.861350417137146
Rpl18,3.4204373359680176,3.507556438446045,-0.1297498643398285,3.696540910541772e-09,-6.390066623687744,-0.1297498643398285,2.0644685635883592e-12,-7.6739935874938965,-0.1297498643398285,3.0637797300242493e-23,-10.420149803161621
Fam83e,0.008945265784859657,0.007039450109004974,0.34703823924064636,0.9984208920935209,-0.00952917244285345,0.34703823924064636,0.7251986440116877,0.6420893669128418,0.34703823924064636,0.5483280754473686,0.8484647274017334
Sult2b1,0.08240340650081635,0.08780929446220398,-0.09562455862760544,0.0175828076484068,-2.8729116916656494,-0.09562455862760544,0.8031456262630349,-0.5086358785629272,-0.09562455862760544,0.6534740861679148,-0.6764347553253174
Lmtk3,0.035169728100299835,0.04416785389184952,-0.33519625663757324,0.16704295557267634,-1.873061180114746,-0.33519625663757324,0.40034412233981387,-1.317274570465088,-0.33519625663757324,0.1406148941089129,-1.8590638637542725
Cyth2,0.3485077917575836,0.30728957056999207,0.21294666826725006,0.2027484403292768,1.7659248113632202,0.21294666826725006,0.0735106548607801,2.3615562915802,0.21294666826725006,0.006239248153906772,3.1536061763763428
Kcnj14,0.0010011667618528008,0.0,19.933975219726562,0.9979940091511154,0.19574879109859467,19.933975219726562,0.2543425725061238,1.6766602993011475,19.933975219726562,0.1838538352842648,1.6766602993011475
Grwd1,0.04856282100081444,0.11946620047092438,-1.3505405187606812,2.0625804729071065e-11,-7.186420440673828,-1.3505405187606812,1.1936659474357426e-09,-6.728350639343262,-1.3505405187606812,2.365407113784214e-22,-10.209662437438965
Grin2d,0.0013014179421588778,0.0021188620012253523,-0.7037945985794067,0.9979940091511154,-0.08977014571428299,-0.7037945985794067,0.7038124497788274,-0.6778205037117004,-0.7037945985794067,0.4743457196425207,-0.9771729111671448
Kdelr1,0.49400532245635986,0.4891660511493683,0.017977837473154068,0.8871086591035269,0.6525256633758545,0.017977837473154068,0.9407568709845892,0.26626700162887573,0.017977837473154068,0.8629816226294476,0.350920170545578
Syngr4,0.0047264862805604935,0.007447089068591595,-0.6578729152679443,0.8853149675627331,-0.6554645299911499,-0.6578729152679443,0.5175388087291413,-1.0934466123580933,-0.6578729152679443,0.24935028854643462,-1.488863468170166
Tmem143,0.04763355106115341,0.054541170597076416,-0.2003927081823349,0.12640736918997422,-2.0212531089782715,-0.2003927081823349,0.633494714394281,-0.7981951236724854,-0.2003927081823349,0.4147667484306907,-1.1231234073638916
Emp3,2.1540932655334473,1.8530750274658203,0.5023574829101562,1.5104097004894245e-26,11.098190307617188,0.5023574829101562,5.231105381343082e-26,11.49284553527832,0.5023574829101562,1.0603491710207168e-47,15.285979270935059
Ccdc114,0.007073112763464451,0.006238977890461683,0.1816379725933075,0.9979940091511154,-0.2867657244205475,0.1816379725933075,0.9044934274530549,0.3326859474182129,0.1816379725933075,0.818998250791833,0.4200124740600586
Nomo1,0.09041716158390045,0.15305989980697632,-0.8055317401885986,1.1048378221118158e-09,-6.586884498596191,-0.8055317401885986,2.718539681102054e-07,-5.723865509033203,-0.8055317401885986,2.0101379471152608e-14,-8.073691368103027
Myod1,0.0,0.0,0.0,0.9979940091511154,0.11319231241941452,0.0,1.0,0.0,0.0,1.0,0.0
Kcnc1,0.006444548722356558,0.00215535587631166,1.5832490921020508,0.9979940091511154,0.2454429715871811,1.5832490921020508,0.16601154814221167,1.939062476158142,1.5832490921020508,0.07389549376605462,2.186350107192993
Sergef,0.11014509946107864,0.10155650973320007,0.12342747300863266,0.3311648953766647,-1.4669581651687622,0.12342747300863266,0.6305114760005954,0.8037748336791992,0.12342747300863266,0.4466659423243368,1.0653960704803467
Saal1,0.1891421675682068,0.22576692700386047,-0.28269505500793457,0.002239732496211954,-3.560882329940796,-0.28269505500793457,0.04118981402944302,-2.6149659156799316,-0.28269505500793457,0.0017871488543218191,-3.5448246002197266
Saa3,0.004671186674386263,0.005690657068043947,-0.2855420410633087,0.9979940091511154,-0.06581363081932068,-0.2855420410633087,0.9118637573232794,-0.31922855973243713,-0.2855420410633087,0.7836107661620815,-0.47520536184310913
Hps5,0.07388880848884583,0.06949013471603394,0.09175853431224823,0.3846782273512708,-1.363205909729004,0.09175853431224823,0.8306968112382088,0.46180084347724915,0.09175853431224823,0.6911931168270204,0.6175171732902527
Gtf2h1,0.20170250535011292,0.23797067999839783,-0.2656746804714203,0.001796885616327688,-3.6264288425445557,-0.2656746804714203,0.05344529737900919,-2.5050065517425537,-0.2656746804714203,0.003329854947972326,-3.3563790321350098
Ldha,1.86318838596344,2.2663724422454834,-0.6670244336128235,1.4371691148931346e-46,-14.803702354431152,-0.6670244336128235,5.356683675654481e-34,-13.622385025024414,-0.6670244336128235,1.1303567985439443e-74,-19.463348388671875
Ldhc,0.0,0.0,0.0,0.9979940091511154,0.11319231241941452,0.0,1.0,0.0,0.0,1.0,0.0
Tsg101,0.41948139667510986,0.41384780406951904,0.023851940408349037,0.9979940091511154,0.32746508717536926,0.023851940408349037,0.9115339396476863,0.31976616382598877,0.023851940408349037,0.81979176096293,0.41872575879096985
Uevld,0.07566140592098236,0.04532495141029358,0.7613559365272522,0.9889325819893021,0.5238372683525085,0.7613559365272522,0.0039026687858711396,3.4510602951049805,0.7613559365272522,7.867314382507942e-05,4.365640640258789
Spty2d1,0.431549072265625,0.38757798075675964,0.18891561031341553,0.3604741358092152,1.409070611000061,0.18891561031341553,0.07025475781647633,2.3821516036987305,0.18891561031341553,0.007808825928647187,3.079378366470337
Tmem86a,0.007328961510211229,0.011683567427098751,-0.6759462952613831,0.8394295794698896,-0.7129958271980286,-0.6759462952613831,0.4400238432075673,-1.2374451160430908,-0.6759462952613831,0.16021537352752957,-1.7737572193145752
Ptpn5,0.007850874215364456,0.008226954378187656,-0.0677766352891922,0.9532313086833272,-0.5672083497047424,-0.0677766352891922,1.0,-0.12886469066143036,-0.0677766352891922,0.9797943162599211,-0.1628006398677826
Mrgpra2b,0.0,0.0,0.0,0.9979940091511154,0.11319231241941452,0.0,1.0,0.0,0.0,1.0,0.0
Zdhhc13,0.060807276517152786,0.06265940517187119,-0.04463702812790871,0.3325587179616452,-1.463752031326294,-0.04463702812790871,0.97195035347368,-0.20773153007030487,-0.04463702812790871,0.9024998022217681,-0.28725355863571167
Csrp3,0.00041740183951333165,0.0,18.671382904052734,0.9979940091511154,0.14071114361286163,18.671382904052734,0.5196272646011879,1.0,18.671382904052734,0.46147875269036936,1.0
E2f8,0.35031822323799133,0.3214103877544403,0.1462670862674713,0.9979940091511154,0.032416995614767075,0.1462670862674713,0.30431484619634896,1.5532194375991821,0.1462670862674713,0.1025779941538541,2.0240671634674072
Nav2,0.0019236600492149591,0.0043230620212852955,-1.1699308156967163,0.9979940091511154,-0.09066072106361389,-1.1699308156967163,0.6221625993873757,-0.818503201007843,-1.1699308156967163,0.3159219100649513,-1.3208303451538086
Htatip2,0.31727704405784607,0.39905351400375366,-0.393341988325119,0.00020649893138937792,-4.219998359680176,-0.393341988325119,0.00011198303744708333,-4.429920673370361,-0.393341988325119,1.0209495017890364e-08,-6.140912055969238
Prmt3,0.11676715314388275,0.15845385193824768,-0.47118818759918213,9.531533855485715e-05,-4.41165018081665,-0.47118818759918213,0.0030881033131156034,-3.529855251312256,-0.47118818759918213,7.220412687831667e-06,-4.90516471862793
Slc17a6,0.0,0.0012613795697689056,-20.26748275756836,0.9979940091511154,0.027607882395386696,-20.26748275756836,0.5196272646011879,-1.0,-20.26748275756836,0.16021537352752957,-1.759765386581421
Fancf,0.11606907844543457,0.1153242290019989,0.009835629723966122,0.367488319484818,-1.3963353633880615,0.009835629723966122,1.0,0.06364181637763977,0.009835629723966122,1.0,0.08677012473344803
Gas2,0.060956694185733795,0.058785464614629745,0.05390685796737671,0.1513538423499159,-1.9279206991195679,0.05390685796737671,0.9302303531541518,0.28535136580467224,0.05390685796737671,0.8523955811258106,0.367547869682312
Svip,0.003663301235064864,0.006521160248667002,-0.8340475559234619,0.9979940091511154,-0.37653589248657227,-0.8340475559234619,0.5060309452721797,-1.1144496202468872,-0.8340475559234619,0.21177514355504404,-1.5920130014419556
Tubgcp5,0.09876061975955963,0.11177636682987213,-0.18816085159778595,0.031946721147110654,-2.639847755432129,-0.18816085159778595,0.47586619953878323,-1.1703102588653564,-0.18816085159778595,0.20462163263498348,-1.6124727725982666
Cyfip1,0.05907789245247841,0.09095316380262375,-0.6457860469818115,0.0017959570625332476,-3.6267850399017334,-0.6457860469818115,0.01209063668393697,-3.0808308124542236,-0.6457860469818115,4.853989496772829e-05,-4.478343486785889
Nipa2,0.44850894808769226,0.4994356632232666,-0.19478896260261536,0.0863336190847017,-2.207561731338501,-0.19478896260261536,0.052194386829565405,-2.51638126373291,-0.19478896260261536,0.0023634911602037423,-3.461371421813965
Nipa1,0.0020719177555292845,0.0005804196698591113,1.8368726968765259,0.9979940091511154,0.16564728319644928,1.8368726968765259,0.40567354411049017,1.3050377368927002,1.8368726968765259,0.27107110339121215,1.436480164527893
Herc2,0.24168428778648376,0.2545454502105713,-0.08446016162633896,0.27718062707531005,-1.578547477722168,-0.08446016162633896,0.6374096362282784,-0.7911501526832581,-0.08446016162633896,0.43717105570972264,-1.081873893737793
Atp10a,0.17971880733966827,0.17033445835113525,0.08433777093887329,0.33648012231630264,-1.456004023551941,0.08433777093887329,0.6860071879719297,0.7095966339111328,0.08433777093887329,0.5041975894030964,0.9239444136619568
Ube3a,0.3994436264038086,0.4822745621204376,-0.33598849177360535,0.00014233789676741822,-4.31315279006958,-0.33598849177360535,0.0002510176255365101,-4.220997333526611,-0.33598849177360535,1.5585870283267595e-07,-5.658207416534424
Gm38393,0.0004229506303090602,0.0052148872055113316,-3.627530097961426,0.9979940091511154,-0.28694385290145874,-3.627530097961426,0.2490560789134231,-1.6960842609405518,-3.627530097961426,0.012498585138980335,-2.9169633388519287
Snrpn,0.004078452941030264,0.007320039439946413,-0.8461695909500122,0.9979940091511154,-0.4610516130924225,-0.8461695909500122,0.4931318416527694,-1.1382570266723633,-0.8461695909500122,0.20369404244178996,-1.6150819063186646
Ndn,0.0,0.0012613795697689056,-20.26748275756836,0.9979940091511154,0.027607882395386696,-20.26748275756836,0.5196272646011879,-1.0,-20.26748275756836,0.16021537352752957,-1.759765386581421
Mkrn3,0.0,0.0005771708092652261,-19.139057159423828,0.9979940091511154,0.027607882395386696,-19.139057159423828,0.5196272646011879,-1.0,-19.139057159423828,0.16021537352752957,-1.759765386581421
Peg12,0.0,0.0,0.0,0.9979940091511154,0.11319231241941452,0.0,1.0,0.0,0.0,1.0,0.0
Klf13,0.7369433045387268,0.7345739603042603,0.006562652066349983,0.7759605157799964,0.7924352288246155,0.006562652066349983,1.0,0.09947527945041656,0.006562652066349983,0.9967361904310873,0.1348341852426529
E030018B13Rik,0.00032781370100565255,0.000609370821621269,-0.8946453928947449,0.9979940091511154,0.05521576479077339,-0.8946453928947449,0.8622521182945471,-0.4069039523601532,-0.8946453928947449,0.7086591488327075,-0.590471088886261
Trpm1,0.003912976942956448,0.007118780165910721,-0.8656778931617737,0.9979940091511154,-0.1512199491262436,-0.8656778931617737,0.5771408539533968,-0.8957069516181946,-0.8656778931617737,0.2905943959274393,-1.3794465065002441
Mtmr10,0.009580492973327637,0.012253119610249996,-0.35690855979919434,0.8901983440161757,-0.6485180258750916,-0.35690855979919434,0.6540611396056714,-0.7640702724456787,-0.35690855979919434,0.4522838644911902,-1.0547051429748535
Fan1,0.029601799324154854,0.0472022108733654,-0.6859468817710876,0.04139773998534349,-2.532176971435547,-0.6859468817710876,0.08007370783820225,-2.3211700916290283,-0.6859468817710876,0.0023992788768457175,-3.456839084625244
Mphosph10,0.34938958287239075,0.4781353771686554,-0.5518388152122498,2.2797586200269486e-08,-6.0866475105285645,-0.5518388152122498,2.65278765395208e-09,-6.550724506378174,-0.5518388152122498,7.068358798792418e-18,-9.055853843688965
Mcee,0.11147259920835495,0.11517634242773056,-0.04987751692533493,0.15799245375928891,-1.9041422605514526,-0.04987751692533493,0.9069261137670006,-0.32751357555389404,-0.04987751692533493,0.8037698258489676,-0.4445829689502716
Nsmce3,0.19779731333255768,0.27417370676994324,-0.5283262133598328,1.590261993532653e-06,-5.30240535736084,-0.5283262133598328,1.018977489022724e-05,-4.983849048614502,-0.5283262133598328,7.366416662820528e-11,-6.93041467666626
Tjp1,0.000666787032969296,0.0005865362472832203,0.1850634217262268,0.9979940091511154,0.05521576479077339,0.1850634217262268,1.0,0.09036761522293091,0.1850634217262268,1.0,0.10765411704778671
Tarsl2,0.03083129972219467,0.03228139504790306,-0.06735885143280029,0.26738695720345973,-1.6007227897644043,-0.06735885143280029,0.9524227210842212,-0.24545297026634216,-0.06735885143280029,0.8828484039297957,-0.3198238015174866
Tm2d3,0.17008671164512634,0.21476224064826965,-0.3697291612625122,0.0001695045000598017,-4.2686238288879395,-0.3697291612625122,0.0074446250301476976,-3.245695114135742,-0.3697291612625122,5.845139336640931e-05,-4.434664726257324
Snrpa1,0.7853291630744934,0.9806050062179565,-0.48169833421707153,1.7322774381496879e-13,-7.8385009765625,-0.48169833421707153,2.3019005405831378e-14,-8.31966781616211,-0.48169833421707153,1.2991761435679534e-27,-11.411833763122559
Selenos,0.8426180481910706,1.0473750829696655,-0.48444852232933044,2.3177368217897084e-12,-7.491086959838867,-0.48444852232933044,4.8163339954165564e-15,-8.510737419128418,-0.48444852232933044,1.2791949509546235e-27,-11.41938304901123
Chsy1,0.6828175783157349,0.6281981468200684,0.16395415365695953,0.12732096282774016,2.0169785022735596,0.16395415365695953,0.058198512301783564,2.46673321723938,0.16395415365695953,0.004108401615487826,3.290510416030884
Lrrk1,0.17445336282253265,0.1574561595916748,0.1604912132024765,0.7025711367385514,-0.888439416885376,0.1604912132024765,0.4848435533313634,1.1539723873138428,0.1604912132024765,0.23121665126889154,1.5382168292999268
Aldh1a3,0.003798635210841894,0.0046600354835391045,-0.29548153281211853,0.9979940091511154,-0.2336873561143875,-0.29548153281211853,0.882829555754457,-0.3716754913330078,-0.29548153281211853,0.767647268567506,-0.4988323152065277
Asb7,0.022966094315052032,0.022975582629442215,-0.0006029177457094193,0.7855802698388331,-0.780412495136261,-0.0006029177457094193,1.0,-0.0018024297896772623,-0.0006029177457094193,1.0,-0.002449862426146865
Lins1,0.007816803641617298,0.017886128276586533,-1.2014693021774292,0.564446209363418,-1.0758167505264282,-1.2014693021774292,0.1865609558047557,-1.8741304874420166,-1.2014693021774292,0.010222323405946197,-2.986067295074463
Cers3,0.0,0.0006413846276700497,-19.291296005249023,0.9979940091511154,0.027607882395386696,-19.291296005249023,0.5196272646011879,-1.0,-19.291296005249023,0.16021537352752957,-1.759765386581421
Adamts17,0.0,0.0,0.0,0.9979940091511154,0.11319231241941452,0.0,1.0,0.0,0.0,1.0,0.0
Lysmd4,0.01210313942283392,0.006703675724565983,0.8562579154968262,0.9979940091511154,0.10660204291343689,0.8562579154968262,0.2445134713758961,1.7041337490081787,0.8562579154968262,0.09612599248326137,2.0575249195098877
Mef2a,0.37962478399276733,0.3391045331954956,0.19382032752037048,0.35509105890215076,1.4194012880325317,0.19382032752037048,0.1117276829716836,2.1546688079833984,0.19382032752037048,0.014030781042556012,2.8721842765808105
Lrrc28,0.050047196447849274,0.05505868420004845,-0.14132755994796753,0.08223866698703719,-2.231518268585205,-0.14132755994796753,0.7089172337980383,-0.6689533591270447,-0.14132755994796753,0.5194916371265924,-0.8976128697395325
Ttc23,0.002635400975123048,0.0025227151345461607,0.06312652677297592,0.9982866462090498,0.022264420986175537,0.06312652677297592,1.0,0.05703597888350487,0.06312652677297592,1.0,0.0785217210650444
Igf1r,0.0008322374196723104,0.0013957835035398602,-0.7464140057563782,0.9979940091511154,0.024936150759458542,-0.7464140057563782,0.8012321887870334,-0.5116536617279053,-0.7464140057563782,0.6037841835071261,-0.7560254335403442
Pgpep1l,0.00031395157566294074,0.0029746792279183865,-3.2460358142852783,0.9979940091511154,0.05503764748573303,-3.2460358142852783,0.5803185125024429,-0.8895182609558105,-3.2460358142852783,0.22787952953223958,-1.5475720167160034
Fam169b,0.2756328582763672,0.2730104625225067,0.01576952449977398,0.4943101454779549,-1.1836656332015991,0.01576952449977398,1.0,0.14161695539951324,0.01576952449977398,0.961166559788542,0.19166341423988342
Arrdc4,0.00043315294897183776,0.006484379526227713,-3.9083845615386963,0.9979940091511154,-0.28712198138237,-3.9083845615386963,0.2341981606065726,-1.7393654584884644,-3.9083845615386963,0.009555244812505895,-3.0123114585876465
Mctp2,0.28212451934814453,0.2483392059803009,0.20946703851222992,0.9070030643981419,0.6263426542282104,0.20946703851222992,0.1233643298413224,2.103126287460327,0.20946703851222992,0.018402496484920962,2.771263360977173
Chd2,0.8751512169837952,0.7630923390388489,0.2894213795661926,3.3321244505776725e-05,4.657805919647217,0.2894213795661926,9.946042438867564e-05,4.456882953643799,0.2894213795661926,2.3004494388374818e-08,6.001053333282471
Fam174b,0.006339381914585829,0.0067237671464681625,-0.085205078125,0.9979940091511154,-0.17891688644886017,-0.085205078125,1.0,-0.11680874228477478,-0.085205078125,0.9809861734300105,-0.16067937016487122
Slco3a1,0.4030170142650604,0.37407833337783813,0.12972359359264374,0.9979940091511154,0.11996069550514221,0.12972359359264374,0.39266166021227344,1.3343082666397095,0.12972359359264374,0.16021537352752957,1.7718991041183472
Akap13,1.6041737794876099,1.507056474685669,0.1776222437620163,4.339894125528187e-05,4.59617805480957,0.1776222437620163,0.00013034227714386022,4.392144203186035,0.1776222437620163,1.5032812723556907e-08,6.074573993682861
Klhl25,0.07022649794816971,0.05443151667714119,0.3790850341320038,0.9979940091511154,-0.32826662063598633,0.3790850341320038,0.24545911819871222,1.702888011932373,0.3790850341320038,0.056005880864150086,2.3104777336120605
Ntrk3,0.04018593952059746,0.03647583723068237,0.14244304597377777,0.5411231643053068,-1.1125085353851318,0.14244304597377777,0.7949097841711102,0.522859513759613,0.14244304597377777,0.6441689678420385,0.6913429498672485
Mrpl46,0.3186928927898407,0.41732561588287354,-0.46450895071029663,1.190958059898367e-06,-5.360382080078125,-0.46450895071029663,1.731606539657088e-07,-5.800088405609131,-0.46450895071029663,8.822861802316249e-14,-7.883202075958252
Mrps11,0.3359011709690094,0.3971700370311737,-0.2886100113391876,0.0038467941197247806,-3.393631935119629,-0.2886100113391876,0.0020498161592994403,-3.650615692138672,-0.2886100113391876,6.94405089611128e-06,-4.914467811584473
Det1,0.042938705533742905,0.043196626007556915,-0.008827378042042255,0.12545455566460506,-2.0251717567443848,-0.008827378042042255,1.0,-0.03938458114862442,-0.008827378042042255,1.0,-0.05011492222547531
Aen,0.06674553453922272,0.09453746676445007,-0.5225319862365723,7.655902429714804e-05,-4.462591171264648,-0.5225319862365723,0.012906526165717785,-3.0545270442962646,-0.5225319862365723,0.00019684754846788818,-4.139494895935059
Isg20,0.09473539888858795,0.09729534387588501,-0.04034314677119255,0.07998627595202719,-2.2436301708221436,-0.04034314677119255,0.9586942428495611,-0.23251594603061676,-0.04034314677119255,0.8881020080501731,-0.3101969361305237
Mfge8,0.04369999095797539,0.051873501390218735,-0.2533079981803894,0.06045657072536961,-2.370359182357788,-0.2533079981803894,0.5089394088551321,-1.1089485883712769,-0.2533079981803894,0.2403538274946001,-1.5133119821548462
Abhd2,0.28171196579933167,0.25809720158576965,0.14410613477230072,0.9979940091511154,-0.08736559003591537,0.14410613477230072,0.34302778116491855,1.464439868927002,0.14410613477230072,0.1297149388389067,1.9018133878707886
Rlbp1,0.0003043865435756743,0.0,18.215768814086914,0.9979940091511154,0.14071114361286163,18.215768814086914,0.5196272646011879,1.0,18.215768814086914,0.46147875269036936,1.0
Fanci,0.0934951975941658,0.06873270124197006,0.46199938654899597,0.9979940091511154,-0.4944482445716858,0.46199938654899597,0.02522905675662055,2.8059163093566895,0.46199938654899597,0.002059879480159145,3.503556251525879
Polg,0.10521718114614487,0.12252901494503021,-0.23247802257537842,0.0009941850806333367,-3.7981319427490234,-0.23247802257537842,0.27659693986676814,-1.6191036701202393,-0.23247802257537842,0.08238291065296847,-2.132481813430786
Rhcg,0.0007432023412548006,0.0006151990382932127,0.2727937400341034,0.9979940091511154,0.05521576479077339,0.2727937400341034,1.0,0.13267479836940765,0.2727937400341034,0.9835536977662444,0.15585102140903473
Ticrr,0.2544049620628357,0.19116368889808655,0.45962968468666077,0.33857226565917276,1.4518183469772339,0.45962968468666077,0.00020190841413808574,4.27029275894165,0.45962968468666077,6.890969966027093e-07,5.3798112869262695
Kif7,0.0017772678984329104,0.0028943479992449284,-0.704383134841919,0.9979940091511154,-0.1749092936515808,-0.704383134841919,0.6812625314650943,-0.7176194190979004,-0.704383134841919,0.4691831912632924,-0.9864071011543274
Pex11a,0.0036141073796898127,0.003922954201698303,-0.11852408945560455,0.9979940091511154,-0.2607609033584595,-0.11852408945560455,0.9988119161516746,-0.154432475566864,-0.11852408945560455,0.9592676170106702,-0.1952982246875763
Wdr93,0.0,0.0,0.0,0.9979940091511154,0.11319231241941452,0.0,1.0,0.0,0.0,1.0,0.0
Ap3s2,0.12722404301166534,0.13104864954948425,-0.04554920271039009,0.0652104288716958,-2.336250066757202,-0.04554920271039009,0.8883160033475118,-0.3617187440395355,-0.04554920271039009,0.7850105829325681,-0.4731656014919281
Zfp710,0.014692545868456364,0.019493354484438896,-0.4113710820674896,0.9844350994740538,-0.5286464095115662,-0.4113710820674896,0.7086471267945643,-0.6696591377258301,-0.4113710820674896,0.4578123075692745,-1.0456081628799438
Idh2,0.12384188175201416,0.159545436501503,-0.391830712556839,5.559720488691065e-05,-4.540873050689697,-0.391830712556839,0.03166314230166122,-2.7211785316467285,-0.391830712556839,0.0010067596596629526,-3.706925392150879
Sema4b,0.014276852831244469,0.030651597306132317,-1.114140272140503,0.07486164916206353,-2.2747113704681396,-1.114140272140503,0.018134004197301396,-2.9362971782684326,-1.114140272140503,7.602135639184714e-05,-4.372046947479248
Cib1,0.5040921568870544,0.5660454630851746,-0.2158866822719574,0.057664677692816683,-2.393425226211548,-0.2158866822719574,0.01280798246946724,-3.0572216510772705,-0.2158866822719574,0.00019289768846209558,-4.144613265991211
Gdpgp1,0.028139354661107063,0.03972925245761871,-0.5060198903083801,0.07498579069795912,-2.273820638656616,-0.5060198903083801,0.18361914176532593,-1.8808406591415405,-0.5060198903083801,0.028931512848936487,-2.594989538192749
Ttll13,0.0010811517713591456,0.0006464007310569286,0.7423809170722961,0.9979940091511154,0.11043152958154678,0.7423809170722961,0.82004052817376,0.48025450110435486,0.7423809170722961,0.7067683581776065,0.5935083627700806
Ngrn,0.1678258776664734,0.20105595886707306,-0.28533878922462463,0.0019046425618875497,-3.609240770339966,-0.28533878922462463,0.065179409655889,-2.4165568351745605,-0.28533878922462463,0.0036684782264748226,-3.3260490894317627
Vps33b,0.06864582002162933,0.06993032246828079,-0.02768343687057495,0.17020115654186174,-1.861928939819336,-0.02768343687057495,1.0,-0.15065529942512512,-0.02768343687057495,0.9546165364139906,-0.20288912951946259
Rccd1,0.050840895622968674,0.03950464352965355,0.37220603227615356,0.6222420400864915,-0.9947742819786072,0.37220603227615356,0.25346680137263355,1.6795649528503418,0.37220603227615356,0.08696696692501753,2.1068077087402344
Prc1,1.47100031375885,1.0235496759414673,0.9113532900810242,4.085745720568973e-33,12.420340538024902,0.9113532900810242,7.912793290108435e-31,13.011611938476562,0.9113532900810242,3.8038316398735283e-75,19.57223892211914
Unc45a,0.20904657244682312,0.21875295042991638,-0.07272926717996597,0.2552038530568071,-1.6299337148666382,-0.07272926717996597,0.7222997271642269,-0.6482715010643005,-0.07272926717996597,0.5256435673305899,-0.8863323330879211
Hddc3,0.014608795754611492,0.014849847182631493,-0.0237850584089756,0.8248397656618596,-0.7311635613441467,-0.0237850584089756,1.0,-0.06268290430307388,-0.0237850584089756,1.0,-0.08252790570259094
Man2a2,0.06912686675786972,0.09811695665121078,-0.5264592170715332,6.723228390580248e-05,-4.494117736816406,-0.5264592170715332,0.014480158493350605,-3.0140836238861084,-0.5264592170715332,0.00022949927474584102,-4.100399494171143
Fes,0.030316386371850967,0.04128630831837654,-0.4535260796546936,0.17846930768142552,-1.8360131978988647,-0.4535260796546936,0.3667220664168615,-1.3916598558425903,-0.4535260796546936,0.10231204774078623,-2.025374174118042
Furin,0.25828295946121216,0.36111804842948914,-0.5615205764770508,4.037169379256333e-08,-5.983518600463867,-0.5615205764770508,1.774936595311294e-05,-4.861629486083984,-0.5615205764770508,1.7951481151172102e-10,-6.793549060821533
Blm,0.28205764293670654,0.25474101305007935,0.1675439178943634,0.9984208920935209,-0.007569903042167425,0.1675439178943634,0.24948352845676228,1.691925287246704,0.1675439178943634,0.07246602229642524,2.1948323249816895
Crtc3,0.14738880097866058,0.13329629600048065,0.15539367496967316,0.3723456591831405,-1.3864500522613525,0.15539367496967316,0.5004571754016284,1.1242198944091797,0.15539367496967316,0.25967773658866183,1.4632863998413086
Iqgap1,1.4328340291976929,1.4246056079864502,0.015611587092280388,0.8857405965807635,0.6540396213531494,0.015611587092280388,0.8845367574837358,0.368218332529068,0.015611587092280388,0.758287173610725,0.5132865905761719
Zscan2,0.00914331991225481,0.008749470114707947,0.06380685418844223,0.9979940091511154,-0.28694385290145874,0.06380685418844223,1.0,0.12593138217926025,0.06380685418844223,0.9759722118856802,0.16839613020420074
Wdr73,0.06489232927560806,0.07449682056903839,-0.20613941550254822,0.03623761227635749,-2.5880162715911865,-0.20613941550254822,0.4890723367992099,-1.1458011865615845,-0.20613941550254822,0.22777772589196868,-1.5472986698150635
Nmb,0.15323276817798615,0.11011975258588791,0.5084331035614014,0.8806699201791448,0.6612532734870911,0.5084331035614014,0.0026474940519462553,3.57104229927063,0.5084331035614014,3.633273520995986e-05,4.54777717590332
Sec11a,1.1867588758468628,1.2955371141433716,-0.2208189070224762,0.0006756218523582588,-3.9032201766967773,-0.2208189070224762,1.9584786376919457e-06,-5.318365097045898,-0.2208189070224762,8.000814980918357e-11,-6.922504425048828
Zfp592,0.14732439815998077,0.13377033174037933,0.14924444258213043,0.3003873923420959,-1.5290313959121704,0.14924444258213043,0.4463328224048116,1.2256230115890503,0.14924444258213043,0.2254939899729727,1.5544344186782837
Alpk3,0.0011428679572418332,0.0006724998238496482,0.7653912305831909,0.9979940091511154,0.11043152958154678,0.7653912305831909,0.8164690077938678,0.4874698519706726,0.7653912305831909,0.7059558176318753,0.5950450897216797
Pde8a,0.03321962431073189,0.0443587452173233,-0.42527005076408386,0.09944904226957678,-2.1400561332702637,-0.42527005076408386,0.3413570968011466,-1.4687612056732178,-0.42527005076408386,0.09423608510231972,-2.0670742988586426
Rps17,2.393733263015747,2.6663858890533447,-0.4275335669517517,1.4489822630315445e-37,-13.257305145263672,-0.4275335669517517,2.1240308800760056e-25,-11.477262496948242,-0.4275335669517517,9.116541253440191e-54,-16.27031707763672
Cpeb1,0.0,0.0,0.0,0.9979940091511154,0.11319231241941452,0.0,1.0,0.0,0.0,1.0,0.0
Fsd2,0.002181361196562648,0.0012999976752325892,0.7473551034927368,0.9979940091511154,0.05263309180736542,0.7473551034927368,0.7991380813036241,0.5152173638343811,0.7473551034927368,0.7174923438703076,0.5775254368782043
Whamm,0.1338813155889511,0.13601356744766235,-0.024368423968553543,0.18400704496658074,-1.8191813230514526,-0.024368423968553543,0.9910583727094694,-0.17164696753025055,-0.024368423968553543,0.9374103643664394,-0.23308558762073517
Homer2,0.0,0.0,0.0,0.9979940091511154,0.11319231241941452,0.0,1.0,0.0,0.0,1.0,0.0
Ramac,0.6205624341964722,0.5900058150291443,0.09709932655096054,0.14164380278232366,1.9625641107559204,0.09709932655096054,0.2966500224913702,1.5716136693954468,0.09709932655096054,0.08881995769872494,2.096450090408325
3110040N11Rik,0.19789345562458038,0.23276716470718384,-0.2602217495441437,0.002777013703334255,-3.4946234226226807,-0.2602217495441437,0.06030706490790866,-2.4514715671539307,-0.2602217495441437,0.004134575333452115,-3.288194179534912
Btbd1,0.40616002678871155,0.4134579002857208,-0.031315162777900696,0.9979940091511154,-0.5021072030067444,-0.031315162777900696,0.8655901837109301,-0.40153202414512634,-0.031315162777900696,0.741869677764773,-0.539006769657135
Tm6sf1,0.3173130750656128,0.2679549753665924,0.28125470876693726,0.7298217090015996,0.8517476916313171,0.28125470876693726,0.10481390001349862,2.1882197856903076,0.28125470876693726,0.00942633641687103,3.0137274265289307
Hdgfl3,0.09759814292192459,0.12527042627334595,-0.3804522454738617,8.28217558842253e-05,-4.444601535797119,-0.3804522454738617,0.08326320423099993,-2.299834966659546,-0.3804522454738617,0.006825552270269328,-3.123338460922241
Sh3gl3,0.0,0.0004921220242977142,-18.909013748168945,0.9979940091511154,0.027607882395386696,-18.909013748168945,0.5196272646011879,-1.0,-18.909013748168945,0.16021537352752957,-1.759765386581421
Saxo2,0.000914179312530905,0.0005988087505102158,0.6106085181236267,0.9979940091511154,0.11043152958154678,0.6106085181236267,0.8700883135199754,0.39403143525123596,0.6106085181236267,0.7671448040595584,0.5000169277191162
Efl1,0.10645053535699844,0.13199467957019806,-0.3290887475013733,0.002816889518964442,-3.490170478820801,-0.3290887475013733,0.10257000811848208,-2.2001421451568604,-0.3290887475013733,0.009022997186435927,-3.0285720825195312
Mex3b,0.042106352746486664,0.03199896961450577,0.40334856510162354,0.9979940091511154,-0.5042446255683899,0.40334856510162354,0.349744048790231,1.4488682746887207,0.40334856510162354,0.1307670188632799,1.8974298238754272
Tmc3,0.0,0.0,0.0,0.9979940091511154,0.11319231241941452,0.0,1.0,0.0,0.0,1.0,0.0
Stard5,0.04932437464594841,0.04939313605427742,-0.0020599684212356806,0.4880252187236717,-1.1928385496139526,-0.0020599684212356806,1.0,-0.00869388785213232,-0.0020599684212356806,1.0,-0.011903474107384682
Il16,0.31887727975845337,0.29718756675720215,0.1180754229426384,0.7571347697892399,0.8166589736938477,0.1180754229426384,0.4418435714094907,1.2338930368423462,0.1180754229426384,0.18196972483627355,1.6820801496505737
Tlnrd1,0.09622694551944733,0.10606031119823456,-0.14758484065532684,0.026191084750238597,-2.7184858322143555,-0.14758484065532684,0.5321219022977456,-0.9773719310760498,-0.14758484065532684,0.32253065734006076,-1.3078203201293945
Mesd,0.115989089012146,0.16581793129444122,-0.5523985028266907,1.73118423819757e-05,-4.806443214416504,-0.5523985028266907,0.00115956927058235,-3.8161792755126953,-0.5523985028266907,5.186175040348727e-07,-5.429556369781494
Abhd17c,0.07930823415517807,0.08818254619836807,-0.1595134437084198,0.020872784067342304,-2.8074543476104736,-0.1595134437084198,0.5469304277270519,-0.9499377608299255,-0.1595134437084198,0.34073036234928206,-1.2688615322113037
Arnt2,0.0,0.0,0.0,0.9979940091511154,0.11319231241941452,0.0,1.0,0.0,0.0,1.0,0.0
Fah,0.01822449453175068,0.015621277503669262,0.224249005317688,0.9979940091511154,-0.346790611743927,0.224249005317688,0.7875830044656179,0.5354896187782288,0.224249005317688,0.626661584872692,0.7180585265159607
Zfand6,0.6169946193695068,0.5808032751083374,0.11590519547462463,0.0549157535267341,2.4136412143707275,0.11590519547462463,0.2344899285490929,1.7358225584030151,0.11590519547462463,0.05100688216298913,2.3520383834838867
Vmn2r66,0.0,0.0,0.0,0.9979940091511154,0.11319231241941452,0.0,1.0,0.0,0.0,1.0,0.0
Vmn2r79,0.0,0.0,0.0,0.9979940091511154,0.11319231241941452,0.0,1.0,0.0,0.0,1.0,0.0
Tyr,0.0,0.0,0.0,0.9979940091511154,0.11319231241941452,0.0,1.0,0.0,0.0,1.0,0.0
Ctsc,0.7881715297698975,0.7791643142700195,0.02391916513442993,0.6640048564106079,0.9392023086547852,0.02391916513442993,0.8849097926321172,0.3672337234020233,0.02391916513442993,0.7638309006256842,0.5050606727600098
Rab38,0.0,0.0,0.0,0.9979940091511154,0.11319231241941452,0.0,1.0,0.0,0.0,1.0,0.0
Tmem135,0.05781954899430275,0.05212235450744629,0.15380236506462097,0.4946151072442522,-1.1829532384872437,0.15380236506462097,0.772209786709688,0.5623495578765869,0.15380236506462097,0.5762494415564219,0.8019735217094421
Fzd4,0.0014258709270507097,0.0,20.444440841674805,0.9979940091511154,0.19574879109859467,20.444440841674805,0.24436930127214623,1.7047784328460693,20.444440841674805,0.17560676686898463,1.7047784328460693
Me3,0.0,0.0,0.0,0.9979940091511154,0.11319231241941452,0.0,1.0,0.0,0.0,1.0,0.0
Hikeshi,0.6231111288070679,0.6450896263122559,-0.06752856820821762,0.9979940091511154,-0.339042603969574,-0.06752856820821762,0.49810731687675125,-1.1286553144454956,-0.06752856820821762,0.24637676029943878,-1.496666431427002
Eed,0.4573049247264862,0.5172567963600159,-0.2244686484336853,0.013769675077764495,-2.9623255729675293,-0.2244686484336853,0.011355050574922525,-3.1002089977264404,-0.2244686484336853,0.0001820630568792908,-4.159015655517578
Picalm,0.7750552296638489,0.7535234093666077,0.058138370513916016,0.1374926004720148,1.9771696329116821,0.058138370513916016,0.538103089106855,0.9661513566970825,0.058138370513916016,0.31007513093659606,1.3344662189483643
Ccdc83,0.00038274776306934655,0.0007589038577862084,-0.9877926707267761,0.9979940091511154,0.05521576479077339,-0.9877926707267761,0.8422562863300553,-0.44255775213241577,-0.9877926707267761,0.6682723431179913,-0.652362048625946
Sytl2,0.2283780723810196,0.1623212993144989,0.5417719483375549,0.46417166669681176,1.2282835245132446,0.5417719483375549,0.00043047573994165535,4.0762810707092285,0.5417719483375549,1.2119066370900534e-06,5.2694573402404785
Ccdc89,0.0003803592699114233,0.0,18.537281036376953,0.9979940091511154,0.14071114361286163,18.537281036376953,0.5196272646011879,1.0,18.537281036376953,0.46147875269036936,1.0
Crebzf,0.2600390315055847,0.23055391013622284,0.19576171040534973,0.9979940091511154,0.2741195559501648,0.19576171040534973,0.15763808522367478,1.970144510269165,0.19576171040534973,0.03277114405038865,2.5456035137176514
Tmem126a,0.6066579222679138,0.6833019256591797,-0.23282909393310547,0.02693039061347373,-2.70744252204895,-0.23282909393310547,0.001574791329443169,-3.7249951362609863,-0.23282909393310547,4.523623752467774e-06,-5.00363826751709
Tmem126b,0.1105489730834961,0.13679280877113342,-0.32662782073020935,0.0008243662868517625,-3.8504087924957275,-0.32662782073020935,0.08542863583838001,-2.2874019145965576,-0.32662782073020935,0.007252241035913987,-3.1032874584198
Dlg2,0.004843662027269602,0.0032005126122385263,0.5989811420440674,0.9979940091511154,0.04907078295946121,0.5989811420440674,0.6861729470667661,0.7091429233551025,0.5989811420440674,0.5255672862121374,0.886807918548584
Ccdc90b,0.031242437660694122,0.05608738958835602,-0.8622215986251831,0.0028813463733379807,-3.483046054840088,-0.8622215986251831,0.004540833202404201,-3.410916805267334,-0.8622215986251831,5.320306207522513e-06,-4.969659805297852
Ankrd42,0.0,0.0005330469575710595,-19.024290084838867,0.9979940091511154,0.027607882395386696,-19.024290084838867,0.5196272646011879,-1.0,-19.024290084838867,0.16021537352752957,-1.759765386581421
Pcf11,0.38820838928222656,0.35149896144866943,0.17141970992088318,0.28390816416234516,1.5631403923034668,0.17141970992088318,0.18364123559322423,1.8803237676620483,0.17141970992088318,0.03253849126670971,2.54837965965271
Rab30,0.0003327235172037035,0.000823233975097537,-1.3073298931121826,0.9979940091511154,0.05521576479077339,-1.3073298931121826,0.7772872943154036,-0.5524203777313232,-1.3073298931121826,0.5447718728298269,-0.8544516563415527
Ddias,0.10854066163301468,0.09345804154872894,0.2269078642129898,0.6569512885210834,-0.9487314820289612,0.2269078642129898,0.3216583556555383,1.5114009380340576,0.2269078642129898,0.11839581213202972,1.9495505094528198
Prcp,0.09024076163768768,0.10326230525970459,-0.20400717854499817,0.014611482925040732,-2.9409518241882324,-0.20400717854499817,0.4841272235807543,-1.1556189060211182,-0.20400717854499817,0.20539834107911364,-1.6100808382034302
Tenm4,0.0,0.0,0.0,0.9979940091511154,0.11319231241941452,0.0,1.0,0.0,0.0,1.0,0.0
Nars2,0.017662955448031425,0.02727908082306385,-0.6340306401252747,0.26172351898142737,-1.6142596006393433,-0.6340306401252747,0.1796545389325153,-1.895321249961853,-0.6340306401252747,0.02135442079406819,-2.713826894760132
Gab2,0.0034400965087115765,0.00591601338237524,-0.7839632630348206,0.9979940091511154,-0.2360028624534607,-0.7839632630348206,0.5612415455256791,-0.9235292077064514,-0.7839632630348206,0.30246208863708995,-1.3511991500854492
Usp35,0.0018644138472154737,0.0009773276979103684,0.9324470162391663,0.9979940091511154,0.05281120538711548,0.9324470162391663,0.6635335373644753,0.7471862435340881,0.9324470162391663,0.5471331460358876,0.8507784008979797
Kctd21,0.0003103236376773566,0.002140161581337452,-2.7871904373168945,0.9979940091511154,-0.03045772761106491,-2.7871904373168945,0.5005512773686625,-1.1249221563339233,-2.7871904373168945,0.1284077415272226,-1.9081294536590576
Alg8,0.1345832496881485,0.14255467057228088,-0.08889923989772797,0.03896648385716486,-2.5571131706237793,-0.08889923989772797,0.6983527453766474,-0.6871610283851624,-0.08889923989772797,0.5128973699615252,-0.9086517095565796
Ndufc2,1.2296053171157837,1.33345627784729,-0.20746611058712006,7.056751046898468e-06,-4.999520301818848,-0.20746611058712006,1.4757766219319154e-05,-4.89901065826416,-0.20746611058712006,2.429400094229422e-10,-6.746146202087402
Kctd14,0.0031493054702878,0.00243001664057374,0.3745865523815155,0.9979940091511154,-0.034020036458969116,0.3745865523815155,0.857775846097498,0.4145050346851349,0.3745865523815155,0.7613242452256507,0.5089313983917236
Ints4,0.09468405693769455,0.10918350517749786,-0.21619810163974762,0.009400779687427703,-3.098673105239868,-0.21619810163974762,0.3592279775717882,-1.4277170896530151,-0.21619810163974762,0.12330638356764727,-1.9285345077514648
Aamdc,0.13085903227329254,0.13524991273880005,-0.050851885229349136,0.19331160017234,-1.7923749685287476,-0.050851885229349136,0.8939835539009613,-0.3513496518135071,-0.050851885229349136,0.7784885617906003,-0.48319005966186523
Rsf1,0.3961358368396759,0.38502827286720276,0.049563463777303696,0.9979940091511154,-0.09377773851156235,0.049563463777303696,0.7774122676428259,0.5517938733100891,0.049563463777303696,0.6089139978717206,0.7473135590553284
Clns1a,0.4107864499092102,0.5305495858192444,-0.4622414708137512,4.38303515702208e-08,-5.968467712402344,-0.4622414708137512,4.258519368724717e-09,-6.46713924407959,-0.4622414708137512,2.4095322273107827e-17,-8.911001205444336
Aqp11,0.001484113046899438,0.0011345013044774532,0.3877946436405182,0.9979940091511154,0.08050814270973206,0.3877946436405182,0.9050329136511325,0.33176830410957336,0.3877946436405182,0.8154616853562641,0.42569711804389954
Pak1,0.0007191654294729233,0.0043325540609657764,-2.593427896499634,0.9979940091511154,-0.17375153303146362,-2.593427896499634,0.3821197701835175,-1.3580873012542725,-2.593427896499634,0.05725642187801925,-2.3011372089385986
Myo7a,0.0012820656411349773,0.005512962583452463,-2.1074106693267822,0.9979940091511154,-0.43175163865089417,-2.1074106693267822,0.1048707205114931,-2.190647602081299,-2.1074106693267822,0.002285290849323204,-3.472221612930298
Capn5,0.00023037644859869033,0.0,17.813806533813477,0.9979940091511154,0.14071114361286163,17.813806533813477,0.5196272646011879,1.0,17.813806533813477,0.46147875269036936,1.0
Acer3,0.05679120123386383,0.08793751895427704,-0.6535496711730957,0.00047198067647249536,-4.002163410186768,-0.6535496711730957,0.028759060273969378,-2.7622413635253906,-0.6535496711730957,0.00023391538203473207,-4.095288276672363
Emsy,0.3404926657676697,0.31155046820640564,0.1501675397157669,0.9363564736046766,0.5876916646957397,0.1501675397157669,0.2804387682480506,1.6098618507385254,0.1501675397157669,0.08277588032834589,2.130068778991699
Thap12,0.21857404708862305,0.29365426301956177,-0.4824645221233368,3.0404620120123178e-06,-5.173271656036377,-0.4824645221233368,2.65936476409626e-05,-4.7688493728637695,-0.4824645221233368,7.216582281395024e-10,-6.575697898864746
Wnt11,0.00022779169376008213,0.0011186886113137007,-2.296658992767334,0.9979940091511154,-0.0302796121686697,-2.296658992767334,0.5196272646011879,-1.083595633506775,-2.296658992767334,0.16021537352752957,-1.7697590589523315
Uvrag,0.16858670115470886,0.183271586894989,-0.13139580190181732,0.2531728075938937,-1.6347428560256958,-0.13139580190181732,0.5563177723029552,-0.9333901405334473,-0.13139580190181732,0.3100279806115326,-1.3347351551055908
Dgat2,0.0023311141412705183,0.00872864294797182,-1.9093562364578247,0.7701108882963162,-0.8004504442214966,-1.9093562364578247,0.06670190447490312,-2.4098308086395264,-1.9093562364578247,0.0007249041481452664,-3.798762559890747
Map6,0.003592402907088399,0.004021142143756151,-0.16296562552452087,0.9979940091511154,-0.09208564460277557,-0.16296562552452087,0.9883527311937435,-0.17641687393188477,-0.16296562552452087,0.9308217477775965,-0.24329063296318054
Gdpd5,0.018696660175919533,0.02496596984565258,-0.4217212200164795,0.6324348754637048,-0.980168879032135,-0.4217212200164795,0.5667976117316224,-0.9129212498664856,-0.4217212200164795,0.29149149733267754,-1.3766353130340576
Klhl35,0.0018054625252261758,0.006275056861341,-1.8004857301712036,0.9979940091511154,-0.28934842348098755,-1.8004857301712036,0.37137444492018046,-1.3794041872024536,-1.8004857301712036,0.066443928151584,-2.2349603176116943
Rps3,3.4062037467956543,3.5278773307800293,-0.18119627237319946,7.002408626522509e-23,-10.288833618164062,-0.18119627237319946,5.357054953688098e-25,-11.278909683227539,-0.18119627237319946,1.0334631777027419e-47,-15.275225639343262
Arrb1,0.008869078010320663,0.005262649618089199,0.7555991411209106,0.9979940091511154,0.15736491978168488,0.7555991411209106,0.5196272646011879,1.0522911548614502,0.7555991411209106,0.2853917484893402,1.3938066959381104
Tpbgl,0.0,0.0014959268737584352,-20.513689041137695,0.9979940091511154,0.027607882395386696,-20.513689041137695,0.5196272646011879,-1.0,-20.513689041137695,0.16021537352752957,-1.759765386581421
Slco2b1,0.00036112964153289795,0.0010871669510379434,-1.590505838394165,0.9979940091511154,0.05521576479077339,-1.590505838394165,0.7303250577953939,-0.6337743401527405,-1.590505838394165,0.46147875269036936,-1.0145885944366455
Neu3,0.005922618322074413,0.010320198722183704,-0.8043400645256042,0.7731678721902832,-0.7960866093635559,-0.8043400645256042,0.3472826997117462,-1.4544602632522583,-0.8043400645256042,0.0954912535619949,-2.0603604316711426
Spcs2,1.2643351554870605,1.495270013809204,-0.4457501173019409,9.911887205723735e-20,-9.543599128723145,-0.4457501173019409,1.9363744096165255e-24,-11.053500175476074,-0.4457501173019409,6.342637356975039e-42,-14.287354469299316
Xrra1,0.0,0.0004983686958439648,-18.927215576171875,0.9979940091511154,0.027607882395386696,-18.927215576171875,0.5196272646011879,-1.0,-18.927215576171875,0.16021537352752957,-1.759765386581421
Rnf169,0.06272705644369125,0.04087035357952118,0.6339353919029236,0.9979940091511154,-0.35462769865989685,0.6339353919029236,0.019614336632374763,2.898503065109253,0.6339353919029236,0.002164717729235328,3.4894847869873047
Pold3,0.3276219666004181,0.40778669714927673,-0.37714481353759766,8.217681530122953e-05,-4.446560859680176,-0.37714481353759766,0.00012816672490665424,-4.394199371337891,-0.37714481353759766,3.0444787521700345e-08,-5.951262950897217
Lipt2,0.002846901537850499,0.008130578324198723,-1.51777982711792,0.9486719554626403,-0.5733533501625061,-1.51777982711792,0.2790460640828209,-1.6146798133850098,-1.51777982711792,0.027919506012151395,-2.609766721725464
Pgm2l1,0.12504814565181732,0.15563024580478668,-0.3382149338722229,0.00019687076378739895,-4.231932163238525,-0.3382149338722229,0.07695521012434822,-2.3390188217163086,-0.3382149338722229,0.005359401989626501,-3.2036163806915283
P4ha3,0.00029608403565362096,0.0006372658535838127,-1.1061322689056396,0.9979940091511154,0.05521576479077339,-1.1061322689056396,0.8173911569693129,-0.4855366349220276,-1.1061322689056396,0.6199337530696096,-0.7293862104415894
Ppme1,0.216572567820549,0.19503210484981537,0.16720964014530182,0.9984208920935209,-0.008015191182494164,0.16720964014530182,0.3330937722032811,1.4870738983154297,0.16720964014530182,0.11245296452813446,1.9757672548294067
C2cd3,0.24149426817893982,0.21688345074653625,0.1734994351863861,0.9979940091511154,0.2227332592010498,0.1734994351863861,0.26352982391935986,1.6528723239898682,0.1734994351863861,0.0754455966259606,2.1750922203063965
Ucp2,1.206653118133545,1.052969217300415,0.3278491199016571,3.971902375118933e-09,6.378133296966553,0.3278491199016571,3.343953392967874e-09,6.4983649253845215,0.3278491199016571,1.0610973792168506e-16,8.736592292785645
Dnajb13,0.050704505294561386,0.0533575564622879,-0.07550884783267975,0.15908177438932183,-1.9004018306732178,-0.07550884783267975,0.9172819723638225,-0.3095708191394806,-0.07550884783267975,0.8142476127128105,-0.42744413018226624
Coa4,0.11669497191905975,0.12016207724809647,-0.04478960484266281,0.14434666401246016,-1.953213095664978,-0.04478960484266281,0.9200266945188863,-0.3028474450111389,-0.04478960484266281,0.8240553018542308,-0.41244634985923767
Mrpl48,0.295775830745697,0.41206926107406616,-0.5672084093093872,5.3761829254579665e-09,-6.328794956207275,-0.5672084093093872,6.338105798892021e-10,-6.7796735763549805,-0.5672084093093872,2.4433075609359013e-18,-9.183317184448242
Rab6a,0.2737402021884918,0.25339430570602417,0.1267436146736145,0.9979940091511154,-0.06519022583961487,0.1267436146736145,0.41106039116046683,1.2947189807891846,0.1267436146736145,0.17807851730938298,1.6950335502624512
Plekhb1,0.0,0.0005962557625025511,-19.186004638671875,0.9979940091511154,0.027607882395386696,-19.186004638671875,0.5196272646011879,-1.0,-19.186004638671875,0.16021537352752957,-1.759765386581421
Fam168a,0.08496119827032089,0.08417811989784241,0.013931768015027046,0.15635965569240934,-1.9099310636520386,0.013931768015027046,1.0,0.07254056632518768,0.013931768015027046,1.0,0.09806175529956818
Relt,0.0851469337940216,0.07262275367975235,0.23868624866008759,0.524621984951569,-1.1374447345733643,0.23868624866008759,0.40525174824720583,1.306459903717041,0.23868624866008759,0.17730212445033885,1.6980297565460205
Arhgef17,0.0015769583405926824,0.0020388297270983458,-0.3709297180175781,0.9979940091511154,-0.08977014571428299,-0.3709297180175781,0.8837271187797812,-0.36948373913764954,-0.3709297180175781,0.7671637454814072,-0.49975934624671936
P2ry6,0.0,0.0010680563282221556,-20.027328491210938,0.9979940091511154,0.027607882395386696,-20.027328491210938,0.5196272646011879,-1.0,-20.027328491210938,0.16021537352752957,-1.759765386581421
P2ry2,0.0,0.0014348039403557777,-20.453458786010742,0.9979940091511154,0.027607882395386696,-20.453458786010742,0.5196272646011879,-1.0,-20.453458786010742,0.16021537352752957,-1.759765386581421
Fchsd2,0.13613292574882507,0.11977178603410721,0.1967814415693283,0.5349979649753541,-1.1225720643997192,0.1967814415693283,0.44520837455564105,1.2278960943222046,0.1967814415693283,0.19485587544475894,1.643053650856018
Atg16l2,0.16328206658363342,0.14171093702316284,0.2203708440065384,0.8973261415345511,-0.6403247117996216,0.2203708440065384,0.23520646855978475,1.7332916259765625,0.2203708440065384,0.06479280520043527,2.246141195297241
Stard10,0.2825300395488739,0.25838685035705566,0.1470714807510376,0.9422908610043729,-0.5810123085975647,0.1470714807510376,0.39335134850493114,1.332645058631897,0.1470714807510376,0.16021537352752957,1.761692762374878
Arap1,0.07075103372335434,0.11373240500688553,-0.7163013815879822,9.399484125038402e-06,-4.938426494598389,-0.7163013815879822,0.0013102132214100868,-3.783557891845703,-0.7163013815879822,3.760560178064816e-07,-5.49155330657959
Pde2a,0.026236919686198235,0.0304148830473423,-0.21620720624923706,0.9979940091511154,-0.28222379088401794,-0.21620720624923706,0.8435325308269533,-0.43991097807884216,-0.21620720624923706,0.6512008331509027,-0.6801686882972717
Art2b,0.12325132638216019,0.07726755738258362,0.7073928713798523,0.4534209197501281,1.246095061302185,0.7073928713798523,0.0017051388477675785,3.7005510330200195,0.7073928713798523,1.0751297613745378e-05,4.821149826049805
Clpb,0.18223749101161957,0.24166971445083618,-0.45160141587257385,5.93646380263553e-06,-5.035944938659668,-0.45160141587257385,0.0001779073327114737,-4.310202121734619,-0.45160141587257385,6.18627771758182e-08,-5.826239585876465
Inppl1,0.021593544632196426,0.01532899308949709,0.4988698959350586,0.9979940091511154,-0.3074271082878113,0.4988698959350586,0.3711783866487351,1.3785390853881836,0.4988698959350586,0.1692384485222362,1.727224588394165
Anapc15,0.5915948152542114,0.6473716497421265,-0.1743471473455429,0.07503887338980059,-2.2734644412994385,-0.1743471473455429,0.04345071898559342,-2.5932130813598633,-0.1743471473455429,0.0017189172054122293,-3.5561041831970215
Tomt,0.001635364955291152,0.0,20.642362594604492,0.9979940091511154,0.2507864236831665,20.642362594604492,0.10762519040561094,2.1733670234680176,20.642362594604492,0.07598950867353747,2.1733670234680176
Lamtor1,0.8046755194664001,0.7561438679695129,0.12926246225833893,0.015652706524919718,2.915837526321411,0.12926246225833893,0.056871229010468184,2.4770960807800293,0.12926246225833893,0.0038422163977908227,3.3112101554870605
Lrrc51,0.0051521677523851395,0.00426379544660449,0.273682564496994,0.9979940091511154,-0.14819198846817017,0.273682564496994,0.8699163727963651,0.39437922835350037,0.273682564496994,0.7768473578014129,0.48571714758872986
Numa1,0.5968118906021118,0.5269051790237427,0.23485739529132843,0.0013635181799207593,3.7086291313171387,0.23485739529132843,0.003587478306488842,3.481595516204834,0.23485739529132843,2.235762680809668e-05,4.656782150268555
Il18bp,0.008578483946621418,0.018055930733680725,-1.0805296897888184,0.7487756404703065,-0.82823646068573,-1.0805296897888184,0.31099782546318944,-1.5389484167099,-1.0805296897888184,0.041262117993400155,-2.4443471431732178
Rnf121,0.18392010033130646,0.18865226209163666,-0.040169693529605865,0.3342235095697395,-1.4605460166931152,-0.040169693529605865,0.9044934274530549,-0.3325870931148529,-0.040169693529605865,0.7966622088624453,-0.4549192488193512
Xndc1,0.06311645358800888,0.062135789543390274,0.023306503891944885,0.13752479839390916,-1.9769024848937988,0.023306503891944885,1.0,0.10405755788087845,0.023306503891944885,0.9927996679750752,0.14094248414039612
Xntrpc,0.0013633458875119686,0.001133996993303299,0.2658999264240265,0.9979940091511154,0.025114266201853752,0.2658999264240265,0.9758347980019472,0.20047004520893097,0.2658999264240265,0.9295714522861588,0.2452796995639801
Art5,0.0,0.0,0.0,0.9979940091511154,0.11319231241941452,0.0,1.0,0.0,0.0,1.0,0.0
Art1,0.0004952227463945746,0.0,18.91807746887207,0.9979940091511154,0.14071114361286163,18.91807746887207,0.5196272646011879,1.0,18.91807746887207,0.46147875269036936,1.0
Nup98,0.3898787796497345,0.34994614124298096,0.18646986782550812,0.2644579384757194,1.6074020862579346,0.18646986782550812,0.09770854001976703,2.2239139080047607,0.18646986782550812,0.011237620117230951,2.9522716999053955
Pgap2,0.1307375133037567,0.11405301094055176,0.20924922823905945,0.4445094596815891,-1.2607896327972412,0.20924922823905945,0.33034181402332746,1.4937920570373535,0.20924922823905945,0.12433817657796814,1.9240007400512695
Rhog,0.6495339870452881,0.6076045036315918,0.12966617941856384,0.03842047472073563,2.562991142272949,0.12966617941856384,0.11805674183407909,2.1253511905670166,0.12966617941856384,0.016153744787653787,2.819653272628784
Stim1,0.4735526442527771,0.48193931579589844,-0.03185611963272095,0.9979940091511154,-0.3633553385734558,-0.03185611963272095,0.8500301328348767,-0.42908617854118347,-0.03185611963272095,0.723382559770288,-0.5681376457214355
Rrm1,1.071245789527893,1.0519427061080933,0.042576421052217484,0.9979940091511154,0.09457925707101822,0.042576421052217484,0.7019043315055237,0.6816971898078918,0.042576421052217484,0.47662285511868124,0.9729318618774414
Olfr543,0.0005679206224158406,0.0006098098820075393,-0.10270025581121445,0.9979940091511154,0.08282364159822464,-0.10270025581121445,1.0,-0.05733688175678253,-0.10270025581121445,1.0,-0.07888715714216232
Olfr544,0.00041352311382070184,0.0,18.657909393310547,0.9979940091511154,0.14071114361286163,18.657909393310547,0.5196272646011879,1.0,18.657909393310547,0.46147875269036936,1.0
Olfr545,0.0,0.0,0.0,0.9979940091511154,0.11319231241941452,0.0,1.0,0.0,0.0,1.0,0.0
Trim21,0.09573889523744583,0.07555529475212097,0.3563394844532013,0.8362218001015783,-0.7178049087524414,0.3563394844532013,0.12416133867517797,2.0992422103881836,0.3563394844532013,0.024423884680858952,2.662773847579956
Olfr552,0.00048461559345014393,0.0015498328721150756,-1.6779663562774658,0.9979940091511154,-0.0302796121686697,-1.6779663562774658,0.5883081252140706,-0.8749663829803467,-1.6779663562774658,0.3102240401129512,-1.3339967727661133
Trim68,0.019173212349414825,0.015341386198997498,0.3244354724884033,0.9979940091511154,-0.41785866022109985,0.3244354724884033,0.5801609304791717,0.8890352249145508,0.3244354724884033,0.40977812952345405,1.1326320171356201
Hbb-bt,0.0008766917744651437,0.005605944432318211,-2.680227756500244,0.9979940091511154,-0.11595310270786285,-2.680227756500244,0.5146744955176247,-1.0994563102722168,-2.680227756500244,0.14158700536560312,-1.8556585311889648
Hbb-bs,0.0014476602664217353,0.004131683614104986,-1.5149431228637695,0.9984208920935209,-0.0029389034025371075,-1.5149431228637695,0.6781642269292741,-0.7235537171363831,-1.5149431228637695,0.3857425898617475,-1.1778453588485718
Olfr633,0.00026988747413270175,0.0,18.042198181152344,0.9979940091511154,0.14071114361286163,18.042198181152344,0.5196272646011879,1.0,18.042198181152344,0.46147875269036936,1.0
Olfr635,0.0,0.00074818852590397,-19.51358413696289,0.9979940091511154,0.027607882395386696,-19.51358413696289,0.5196272646011879,-1.0,-19.51358413696289,0.16021537352752957,-1.759765386581421
Olfr639,0.0,0.0,0.0,0.9979940091511154,0.11319231241941452,0.0,1.0,0.0,0.0,1.0,0.0
Trim6,0.0009500869200564921,0.004368194378912449,-2.203371286392212,0.9979940091511154,-0.23137186467647552,-2.203371286392212,0.335974222995889,-1.4816510677337646,-2.203371286392212,0.03958123600759053,-2.462630271911621
Trim34a,0.0938074067234993,0.08857957273721695,0.08655602484941483,0.42845425091425826,-1.2875959873199463,0.08655602484941483,0.8447775029259846,0.43711885809898376,0.08655602484941483,0.704768399789222,0.5966991186141968
Trim5,0.15393397212028503,0.13773220777511597,0.17241674661636353,0.9433665220822443,-0.5796764492988586,0.17241674661636353,0.5196272646011879,1.0352437496185303,0.17241674661636353,0.27469264160640233,1.4269967079162598
Trim12a,0.4110696017742157,0.31355640292167664,0.46523699164390564,0.00045291921356068165,4.012761116027832,0.46523699164390564,0.0001078008843575504,4.437806129455566,0.46523699164390564,1.6315769003072752e-08,6.06044340133667
Trim34b,0.0002818991197273135,0.0,18.10502815246582,0.9979940091511154,0.14071114361286163,18.10502815246582,0.5196272646011879,1.0,18.10502815246582,0.46147875269036936,1.0
Trim12c,0.29687321186065674,0.23785744607448578,0.36421507596969604,0.2670432133045747,1.6015243530273438,0.36421507596969604,0.00824709010429083,3.2082018852233887,0.36421507596969604,0.00012143298512331343,4.259947299957275
Trim30b,0.0008026142022572458,0.004117058590054512,-2.3612258434295654,0.9979940091511154,-0.1733953058719635,-2.3612258434295654,0.3068942781607457,-1.5488284826278687,-2.3612258434295654,0.03290673496852281,-2.5445704460144043
Trim30c,0.0038928103167563677,0.007626688107848167,-0.9729405045509338,0.9979940091511154,-0.2930888235569,-0.9729405045509338,0.5168738139071093,-1.0951242446899414,-0.9729405045509338,0.18077983720026095,-1.685589075088501
Trim30a,0.5193416476249695,0.5030721426010132,0.05865015462040901,0.9979940091511154,0.21284785866737366,0.05865015462040901,0.7099709068870226,0.6671579480171204,0.05865015462040901,0.5238504576194217,0.8899980187416077
Trim30d,0.05558200553059578,0.0486050620675087,0.1985877901315689,0.38966458175477797,-1.3538548946380615,0.1985877901315689,0.6886723421463368,0.7049866318702698,0.1985877901315689,0.49039163857552603,0.9475712180137634
Olfr655,0.0018556949216872454,0.002058678772300482,-0.14990566670894623,0.9979940091511154,-0.14552025496959686,-0.14990566670894623,1.0,-0.11958304047584534,-0.14990566670894623,0.9945417790483922,-0.1379673182964325
Olfr671,0.0,0.0,0.0,0.9979940091511154,0.11319231241941452,0.0,1.0,0.0,0.0,1.0,0.0
Olfr675,0.0006069882656447589,0.0,19.211750030517578,0.9979940091511154,0.16822996735572815,19.211750030517578,0.36167647049845647,1.41488778591156,19.211750030517578,0.2795042275398297,1.41488778591156
Olfr678,0.0,0.0,0.0,0.9979940091511154,0.11319231241941452,0.0,1.0,0.0,0.0,1.0,0.0
Fam160a2,0.030690589919686317,0.023686818778514862,0.37878692150115967,0.9979940091511154,-0.3361927568912506,0.37878692150115967,0.4864179171389059,1.1501820087432861,0.37878692150115967,0.24927725168330142,1.4891380071640015
Cavin3,0.0005500848055817187,0.0,19.06969451904297,0.9979940091511154,0.16822996735572815,19.06969451904297,0.36167647049845647,1.412879228591919,19.06969451904297,0.27977087692999414,1.412879228591919
Smpd1,0.14560389518737793,0.144479438662529,0.012015406973659992,0.14881124118144334,-1.937004566192627,0.012015406973659992,1.0,0.09956566989421844,0.012015406973659992,1.0,0.1285495162010193
Apbb1,0.008776838891208172,0.00915508158504963,-0.06114485114812851,0.9753435879305756,-0.5382646322250366,-0.06114485114812851,1.0,-0.12098957598209381,-0.06114485114812851,0.9823677391875963,-0.1583479344844818
Trim3,0.005787827540189028,0.011369653977453709,-0.978126585483551,0.7079489147672445,-0.8811367154121399,-0.978126585483551,0.23184136151765058,-1.744423270225525,-0.978126585483551,0.033979574244226325,-2.530125379562378
Arfip2,0.09901544451713562,0.1440572738647461,-0.5740659832954407,5.93646380263553e-06,-5.035855770111084,-0.5740659832954407,0.0008403567946643064,-3.903092384338379,-0.5740659832954407,4.073124100193638e-07,-5.476348400115967
Timm10b,0.6130174994468689,0.6271470189094543,-0.044114235788583755,0.9979940091511154,-0.45446136593818665,-0.044114235788583755,0.6818622129125745,-0.716599702835083,-0.044114235788583755,0.4857710178429637,-0.9555384516716003
Gm45799,0.0006452222587540746,0.0017678264994174242,-1.4549169540405273,0.9984208920935209,-0.002760788192972541,-1.4549169540405273,0.6104825579632134,-0.8367666602134705,-1.4549169540405273,0.3166733784818841,-1.3192839622497559
Dnhd1,0.0003056368441320956,0.001939015812240541,-2.6666085720062256,0.9979940091511154,-0.11577498912811279,-2.6666085720062256,0.3621040251177201,-1.4070243835449219,-2.6666085720062256,0.05573461227231126,-2.3136024475097656
Rrp8,0.1822100281715393,0.2212250977754593,-0.3090016841888428,0.0003698825881814238,-4.067442417144775,-0.3090016841888428,0.027537114635570348,-2.774660348892212,-0.3090016841888428,0.0009112866545585772,-3.735600471496582
Ilk,0.6287012696266174,0.6178990602493286,0.0336000919342041,0.8751814948923173,0.6668639183044434,0.0336000919342041,0.7911419306629373,0.5294224619865417,0.0336000919342041,0.6286249375956235,0.7150947451591492
Taf10,1.589801549911499,1.585579514503479,0.007655882742255926,0.9979940091511154,0.2029624581336975,0.007655882742255926,0.9723028835788272,0.20699021220207214,0.007655882742255926,0.9014547494304854,0.2892210781574249
Tpp1,0.13771042227745056,0.11422914266586304,0.2870006561279297,0.9711153414482913,-0.546546995639801,0.2870006561279297,0.14869249496043352,2.00471568107605,0.2870006561279297,0.026642750596889014,2.628331184387207
Mrpl17,0.47959181666374207,0.5426668524742126,-0.22761784493923187,0.01200485525854382,-3.0127322673797607,-0.22761784493923187,0.006299836874702475,-3.2989871501922607,-0.22761784493923187,6.77514302289255e-05,-4.400302886962891
Gm4070,0.11409178376197815,0.09673687070608139,0.25079599022865295,0.5531645339293849,-1.093093991279602,0.25079599022865295,0.36167647049845647,1.4170036315917969,0.25079599022865295,0.1280556305690642,1.9092129468917847
Gvin1,0.06385869532823563,0.05087163671851158,0.33747920393943787,0.6926587861228855,-0.9014418721199036,0.33747920393943787,0.3087794580658673,1.5421562194824219,0.33747920393943787,0.1119194646254405,1.9783657789230347
Olfr695,0.0,0.0,0.0,0.9979940091511154,0.11319231241941452,0.0,1.0,0.0,0.0,1.0,0.0
Olfr715b,0.0,0.0,0.0,0.9979940091511154,0.11319231241941452,0.0,1.0,0.0,0.0,1.0,0.0
Olfr716,0.00046795685193501413,0.0,18.83635711669922,0.9979940091511154,0.14071114361286163,18.83635711669922,0.5196272646011879,1.0,18.83635711669922,0.46147875269036936,1.0
Ppfibp2,0.0003420022549107671,0.0037603017408400774,-3.461233615875244,0.9979940091511154,-0.03063584305346012,-3.461233615875244,0.4662993707717435,-1.1886948347091675,-3.461233615875244,0.0954912535619949,-2.06147837638855
Olfr472,0.0,0.0,0.0,0.9979940091511154,0.11319231241941452,0.0,1.0,0.0,0.0,1.0,0.0
Olfr482,0.000600131053943187,0.0006730489549227059,-0.16548626124858856,0.9979940091511154,0.08282364159822464,-0.16548626124858856,1.0,-0.09165690094232559,-0.16548626124858856,1.0,-0.12767310440540314
Olfr506,0.0,0.0,0.0,0.9979940091511154,0.11319231241941452,0.0,1.0,0.0,0.0,1.0,0.0
Nlrp10,0.0,0.0,0.0,0.9979940091511154,0.11319231241941452,0.0,1.0,0.0,0.0,1.0,0.0
Eif3f,1.721023440361023,1.740229606628418,-0.033675163984298706,0.9979940091511154,0.4525020718574524,-0.033675163984298706,0.5196272646011879,-1.0560455322265625,-0.033675163984298706,0.2775469847415543,-1.420374870300293
Tub,0.0016793940449133515,0.0006093130796216428,1.4634556770324707,0.9979940091511154,0.13803941011428833,1.4634556770324707,0.5315665142400308,0.9781782627105713,1.4634556770324707,0.4270761661937782,1.1005724668502808
Ric3,0.0,0.0,0.0,0.9979940091511154,0.11319231241941452,0.0,1.0,0.0,0.0,1.0,0.0
Lmo1,0.0016140863299369812,0.0032577100209891796,-1.0143259763717651,0.9979940091511154,-0.032951343804597855,-1.0143259763717651,0.6932016833946717,-0.6976106762886047,-1.0143259763717651,0.4399671558464769,-1.0768632888793945
Trim66,0.0003179688937962055,0.001958091277629137,-2.6236698627471924,0.9979940091511154,-0.03045772761106491,-2.6236698627471924,0.5059363508460272,-1.1154848337173462,-2.6236698627471924,0.13697484464230889,-1.873291015625
Rpl27a,3.516827344894409,3.704629898071289,-0.278481662273407,1.3130299029512871e-31,-12.134109497070312,-0.278481662273407,6.411234394986471e-40,-14.564667701721191,-0.278481662273407,6.71428647658879e-70,-18.86994743347168
St5,0.0005922351847402751,0.0005330469575710595,0.15194988250732422,0.9979940091511154,0.08282364159822464,0.15194988250732422,1.0,0.08725733309984207,0.15194988250732422,1.0,0.1143898293375969
Akip1,0.19017842411994934,0.24089562892913818,-0.37895241379737854,0.0002766778538951113,-4.1451897621154785,-0.37895241379737854,0.004999166392638007,-3.376328468322754,-0.37895241379737854,2.116843894876059e-05,-4.668203353881836
BC051019,0.0,0.0,0.0,0.9979940091511154,0.11319231241941452,0.0,1.0,0.0,0.0,1.0,0.0
Ascl3,0.0,0.0,0.0,0.9979940091511154,0.11319231241941452,0.0,1.0,0.0,0.0,1.0,0.0
Tmem9b,0.3941231966018677,0.39852988719940186,-0.019429318606853485,0.9979940091511154,-0.4513443410396576,-0.019429318606853485,0.9511095380647002,-0.24824196100234985,-0.019429318606853485,0.8773861020266029,-0.3292215168476105
Nrip3,0.0006271112360991538,0.006943012122064829,-3.473325252532959,0.9979940091511154,-0.25951409339904785,-3.473325252532959,0.33805415312922865,-1.4768805503845215,-3.473325252532959,0.030947978077242182,-2.5700740814208984
Dennd5a,0.14210191369056702,0.13043326139450073,0.1322222799062729,0.5260931544292013,-1.1350401639938354,0.1322222799062729,0.5500571296113036,0.9445120096206665,0.1322222799062729,0.34822031631336126,1.253608226776123
Tmem41b,0.24414034187793732,0.2927866280078888,-0.2987980246543884,0.0032827487728458024,-3.443148136138916,-0.2987980246543884,0.01464190137892162,-3.0105953216552734,-0.2987980246543884,0.0002114481069762026,-4.120872497558594
Ipo7,0.32434171438217163,0.42145389318466187,-0.45225539803504944,9.04227194550053e-06,-4.946619987487793,-0.45225539803504944,5.1650637466802084e-06,-5.130836009979248,-0.45225539803504944,2.010596301720997e-11,-7.125320911407471
Zfp143,0.13814744353294373,0.11507739126682281,0.28059715032577515,0.9979940091511154,-0.4829598069190979,0.28059715032577515,0.15706732920353994,1.9723461866378784,0.28059715032577515,0.031240333755465727,2.5645158290863037
Wee1,0.1860717236995697,0.16620038449764252,0.17768999934196472,0.6164219402964306,-1.0027894973754883,0.17768999934196472,0.30082668939702994,1.561607003211975,0.17768999934196472,0.1111375213775071,1.981930136680603
Swap70,0.18103919923305511,0.19136403501033783,-0.08769621700048447,0.04756881473159428,-2.4746458530426025,-0.08769621700048447,0.6809333026698191,-0.7182713747024536,-0.08769621700048447,0.4797450670999156,-0.9672695398330688
Sbf2,0.00238024746067822,0.0017065845895558596,0.4804852604866028,0.9984208920935209,-0.004630999639630318,0.4804852604866028,0.8309371628907072,0.46089279651641846,0.4804852604866028,0.732083454752783,0.5544570684432983
Adm,0.0,0.0,0.0,0.9979940091511154,0.11319231241941452,0.0,1.0,0.0,0.0,1.0,0.0
Ampd3,0.0005904761492274702,0.0018690753495320678,-1.6632949113845825,0.9979940091511154,0.05503764748573303,-1.6632949113845825,0.7197165980939897,-0.6523036956787109,-1.6632949113845825,0.45380746188825605,-1.052156925201416
Rnf141,0.061012785881757736,0.055220603942871094,0.1481238156557083,0.7439020091102656,-0.83420330286026,0.1481238156557083,0.712004689683693,0.6636931896209717,0.1481238156557083,0.5167058308902435,0.9026052355766296
Mrvi1,0.0022177814971655607,0.0010607276344671845,1.0648971796035767,0.9979940091511154,0.10820508748292923,1.0648971796035767,0.5313675520782573,0.9788075685501099,1.0648971796035767,0.40114763738205494,1.1491401195526123
Ctr9,0.28428757190704346,0.3048817217350006,-0.11648276448249817,0.10334303541508057,-2.1207306385040283,-0.11648276448249817,0.4570142903488106,-1.2061809301376343,-0.11648276448249817,0.20266759664463155,-1.6181893348693848
Eif4g2,1.280566692352295,1.3729404211044312,-0.1814393848180771,0.001182082306519065,-3.748972177505493,-0.1814393848180771,6.807680423031643e-05,-4.544216156005859,-0.1814393848180771,2.084883662681676e-08,-6.019474029541016
Usp47,0.2972693145275116,0.32401949167251587,-0.1446036547422409,0.07920654425479154,-2.248350143432617,-0.1446036547422409,0.26937947310144367,-1.638288974761963,-0.1446036547422409,0.07593990663156923,-2.1722657680511475
Dkk3,0.0,0.0,0.0,0.9979940091511154,0.11319231241941452,0.0,1.0,0.0,0.0,1.0,0.0
Mical2,0.008636330254375935,0.014984484761953354,-0.7995672821998596,0.7106509354792162,-0.8777525424957275,-0.7995672821998596,0.3615642587181015,-1.423223614692688,-0.7995672821998596,0.08249571487037423,-2.13177752494812
Tead1,0.0,0.0,0.0,0.9979940091511154,0.11319231241941452,0.0,1.0,0.0,0.0,1.0,0.0
Arntl,0.06578750163316727,0.05866467207670212,0.1705128401517868,0.47814460217328336,-1.2074440717697144,0.1705128401517868,0.7023459031820477,0.6804640293121338,0.1705128401517868,0.49481945529994825,0.9396933913230896
Btbd10,0.27268466353416443,0.23849812150001526,0.21896526217460632,0.7664076270486877,0.8053486347198486,0.21896526217460632,0.09291556049002413,2.2486166954040527,0.21896526217460632,0.01223259548584717,2.922541379928589
Far1,0.36897924542427063,0.41246023774147034,-0.19411742687225342,0.01979410057502052,-2.82802677154541,-0.19411742687225342,0.06874483835948515,-2.3920552730560303,-0.19411742687225342,0.0060055092100285935,-3.165945053100586
Spon1,0.002314775949344039,0.007479287683963776,-1.6957563161849976,0.9979940091511154,-0.12147467583417892,-1.6957563161849976,0.4381338492169833,-1.2419946193695068,-1.6957563161849976,0.09050546589309096,-2.0880370140075684
Rras2,0.33931395411491394,0.42717084288597107,-0.39960578083992004,3.5623771922282524e-05,-4.642844200134277,-0.39960578083992004,0.00013623492740036697,-4.379571914672852,-0.39960578083992004,1.9026940445507368e-08,-6.033539772033691
Copb1,0.7203993201255798,0.7652198672294617,-0.12337479740381241,0.22870590075546474,-1.6956583261489868,-0.12337479740381241,0.10956253214676105,-2.1655638217926025,-0.12337479740381241,0.014549531251186042,-2.8589868545532227
Psma1,1.1785321235656738,1.2692713737487793,-0.1854936182498932,0.003881405393306253,-3.3902478218078613,-0.1854936182498932,5.036181214838625e-05,-4.617959022521973,-0.1854936182498932,1.6024995455069878e-08,-6.065640449523926
Pde3b,0.470034658908844,0.43371257185935974,0.14419543743133545,0.27360743772827945,1.586918830871582,0.14419543743133545,0.23963479055781658,1.7199543714523315,0.14419543743133545,0.051239958642148434,2.3501205444335938
Cyp2r1,0.008724270388484001,0.0010234285145998001,3.097182512283325,0.9433665220822443,0.5797654986381531,3.097182512283325,0.0034361356829943606,3.488245725631714,3.097182512283325,0.0013886859576124776,3.6226208209991455
Calca,0.00029178435215726495,0.0008368053822778165,-1.5203795433044434,0.9979940091511154,0.05521576479077339,-1.5203795433044434,0.7414706359913545,-0.6149969696998596,-1.5203795433044434,0.4744783621112627,-0.9769060015678406
Calcb,0.00029961674590595067,0.0,18.19297981262207,0.9979940091511154,0.14071114361286163,18.19297981262207,0.5196272646011879,1.0,18.19297981262207,0.46147875269036936,1.0
Sox6,0.0,0.0006724998238496482,-19.359661102294922,0.9979940091511154,0.027607882395386696,-19.359661102294922,0.5196272646011879,-1.0,-19.359661102294922,0.16021537352752957,-1.759765386581421
1110004F10Rik,0.7285245060920715,0.8750380277633667,-0.38402801752090454,1.800722107870854e-08,-6.126723289489746,-0.38402801752090454,2.654161077449364e-10,-6.919706344604492,-0.38402801752090454,6.4286154368441e-19,-9.340700149536133
Plekha7,0.003836708376184106,0.005117975175380707,-0.41662880778312683,0.9979940091511154,-0.28934842348098755,-0.41662880778312683,0.7595560296078295,-0.5840159058570862,-0.41662880778312683,0.5791619492880375,-0.7965030670166016
Rps13,3.4340128898620605,3.4938929080963135,-0.0891810730099678,0.0014189751752520553,-3.696695327758789,-0.0891810730099678,1.1060790727716654e-05,-4.968272686004639,-0.0891810730099678,3.634506885993246e-11,-7.037018299102783
Pik3c2a,0.07266689091920853,0.06903081387281418,0.07671169936656952,0.3568855940311491,-1.4162843227386475,0.07671169936656952,0.8766036733472442,0.38218438625335693,0.07671169936656952,0.7574666746694028,0.5144548416137695
Nucb2,0.0031650026794523,0.007351220119744539,-1.2187992334365845,0.9488314028309542,-0.5729971528053284,-1.2187992334365845,0.25278600315727345,-1.6836243867874146,-1.2187992334365845,0.03469224320002332,-2.5219523906707764
Xylt1,0.05957591533660889,0.05468171089887619,0.12723487615585327,0.4187889761572377,-1.3039826154708862,0.12723487615585327,0.7765784160265192,0.5537319183349609,0.12723487615585327,0.6127445038982396,0.7407592535018921
Rps15a,3.57556414604187,3.6150248050689697,-0.05853673070669174,0.1282278691389195,-2.013416051864624,-0.05853673070669174,0.016517537741244225,-2.966914176940918,-0.05853673070669174,0.00021998005343041037,-4.111114501953125
Arl6ip1,2.6053385734558105,2.187910795211792,0.6631081104278564,1.3479293817548566e-28,11.524420738220215,0.6631081104278564,2.6651620751115634e-28,12.260063171386719,0.6631081104278564,4.087870051590856e-63,17.747892379760742
Smg1,0.429501473903656,0.4505298137664795,-0.08523710072040558,0.9945631184565934,-0.5151987075805664,-0.08523710072040558,0.5196272646011879,-1.0559273958206177,-0.08523710072040558,0.26618693905450014,-1.4477699995040894
Itpripl2,0.013323011808097363,0.013212999328970909,0.012041903100907803,0.9979940091511154,-0.477349191904068,0.012041903100907803,1.0,0.027505140751600266,0.012041903100907803,1.0,0.03634379059076309
Coq7,0.24573497474193573,0.32531192898750305,-0.4648510813713074,5.771442525760894e-06,-5.041911602020264,-0.4648510813713074,2.4231141487185173e-05,-4.789144515991211,-0.4648510813713074,5.980762190864749e-10,-6.605429649353027
Gde1,0.2278018295764923,0.31440863013267517,-0.5301543474197388,1.0117414989361033e-06,-5.391730308532715,-0.5301543474197388,4.4145308711451287e-07,-5.626168727874756,-0.5301543474197388,1.8068480091157806e-13,-7.78456449508667
Ccp110,0.10676309466362,0.11672931909561157,-0.1360769122838974,0.04260264902085604,-2.520599603652954,-0.1360769122838974,0.5809756750406178,-0.8872334361076355,-0.1360769122838974,0.37018843306725263,-1.2070246934890747
Vps35l,0.1791956126689911,0.1785622090101242,0.005579011049121618,0.40808090167338174,-1.3223284482955933,0.005579011049121618,1.0,0.04550960659980774,0.005579011049121618,1.0,0.061877425760030746
Knop1,0.2052595615386963,0.2932335138320923,-0.5806937217712402,2.245404994900015e-09,-6.472267150878906,-0.5806937217712402,2.610647743180092e-07,-5.720224857330322,-0.5806937217712402,3.0357739808126174e-13,-7.715640544891357
Iqck,0.001683720271103084,0.0019532139413058758,-0.21439160406589508,0.9984208920935209,-0.004809114616364241,-0.21439160406589508,0.9770516883047266,-0.19658628106117249,-0.21439160406589508,0.9152048088513489,-0.26729175448417664
Gprc5b,0.0,0.0,0.0,0.9979940091511154,0.11319231241941452,0.0,1.0,0.0,0.0,1.0,0.0
Thumpd1,0.19368091225624084,0.29498985409736633,-0.6830353736877441,1.4284522337138254e-09,-6.545116424560547,-0.6830353736877441,8.679342770887967e-09,-6.355782508850098,-0.6830353736877441,1.1566466670940221e-17,-8.996316909790039
Acsm3,0.00029564413125626743,0.0,18.17371940612793,0.9979940091511154,0.14071114361286163,18.17371940612793,0.5196272646011879,1.0,18.17371940612793,0.46147875269036936,1.0
Eri2,0.13787002861499786,0.0970604419708252,0.5363675951957703,0.9979940091511154,0.1305585652589798,0.5363675951957703,0.001280239847723162,3.776921033859253,0.5363675951957703,2.1628458030983537e-05,4.6667256355285645
Rexo5,0.11024999618530273,0.06738553196191788,0.7416456341743469,0.6970259417313862,0.895564079284668,0.7416456341743469,5.072240643421266e-05,4.60810661315918,0.7416456341743469,1.390974633282047e-07,5.683574676513672
Dcun1d3,0.05668044462800026,0.0467170849442482,0.28614968061447144,0.46781807100344275,-1.222851037979126,0.28614968061447144,0.3864661072602232,1.3474311828613281,0.28614968061447144,0.1777159102218283,1.6966649293899536
Lyrm1,0.07315298914909363,0.06458768993616104,0.18590682744979858,0.373970908682739,-1.3832439184188843,0.18590682744979858,0.5298527939024475,0.9820870757102966,0.18590682744979858,0.3306591568022807,1.2901474237442017
Dnah3,0.0,0.0,0.0,0.9979940091511154,0.11319231241941452,0.0,1.0,0.0,0.0,1.0,0.0
Tmem159,0.012246393598616123,0.014631983824074268,-0.258493036031723,0.8882406649272941,-0.6508335471153259,-0.258493036031723,0.7512585306777416,-0.5981761813163757,-0.258493036031723,0.5648905034769072,-0.8211763501167297
Uqcrc2,0.8402795791625977,0.9829328060150146,-0.3445466458797455,1.4556450387862322e-08,-6.16323709487915,-0.3445466458797455,2.0509242535974538e-11,-7.3135833740234375,-0.3445466458797455,4.03464156573131e-20,-9.655817985534668
Pdzd9,0.0008087983005680144,0.0030731011647731066,-1.9274760484695435,0.9979940091511154,-0.23083750903606415,-1.9274760484695435,0.3023821097559934,-1.5595284700393677,-1.9274760484695435,0.037411791565962374,-2.4878222942352295
Mosmo,0.14343807101249695,0.14260846376419067,0.008981021121144295,0.23639861746137913,-1.674818754196167,0.008981021121144295,1.0,0.06577683985233307,0.008981021121144295,1.0,0.08866491168737411
Eef2k,0.005553506314754486,0.017169645056128502,-1.636784315109253,0.5411191732280398,-1.1126866340637207,-1.636784315109253,0.07967112848362519,-2.326655149459839,-1.636784315109253,0.0007146693182931291,-3.8041224479675293
Polr3e,0.03312302753329277,0.05836690962314606,-0.835664689540863,0.0013486568481373355,-3.7117459774017334,-0.835664689540863,0.004405198154348306,-3.420173406600952,-0.835664689540863,7.501692816717289e-06,-4.897031784057617
Cdr2,0.07198886573314667,0.07386893033981323,-0.03856641426682472,0.05910130829154466,-2.382025718688965,-0.03856641426682472,0.971389743688824,-0.2088226079940796,-0.03856641426682472,0.9103406751430089,-0.2751353979110718
Mfsd13b,0.00044600910041481256,0.0,18.767038345336914,0.9979940091511154,0.14071114361286163,18.767038345336914,0.5196272646011879,1.0,18.767038345336914,0.46147875269036936,1.0
Mettl9,0.26609304547309875,0.3232780396938324,-0.324118047952652,0.0007720024297884028,-3.868220329284668,-0.324118047952652,0.0026304631383206488,-3.576960563659668,-0.324118047952652,1.1112300012357728e-05,-4.813166618347168
Igsf6,0.0,0.008495155721902847,-23.024341583251953,0.9979940091511154,-0.143560990691185,-23.024341583251953,0.35451680723143497,-1.440313458442688,-23.024341583251953,0.03382374803329743,-2.534613609313965
Otoa,0.0005171125521883368,0.000483606563648209,0.096668541431427,0.9979940091511154,0.08282364159822464,0.096668541431427,1.0,0.055272191762924194,0.096668541431427,1.0,0.0732688158750534
Usp31,0.02377001754939556,0.03225092962384224,-0.4463438093662262,0.15106477537226426,-1.9291675090789795,-0.4463438093662262,0.33519794102131756,-1.48227059841156,-0.4463438093662262,0.10104111789639014,-2.0317251682281494
Cog7,0.031182436272501945,0.037960346788167953,-0.2886771261692047,0.11782929754165787,-2.0562527179718018,-0.2886771261692047,0.5196272646011879,-1.0602144002914429,-0.2886771261692047,0.2733902233715838,-1.4305963516235352
Gga2,0.028565654531121254,0.04854721575975418,-0.7796133756637573,0.0025265620331478447,-3.5243687629699707,-0.7796133756637573,0.008453539832988992,-3.2034270763397217,-0.7796133756637573,4.542145303523866e-05,-4.4941253662109375
Ears2,0.016801953315734863,0.03325134888291359,-0.9966990351676941,0.06036845840376982,-2.3710718154907227,-0.9966990351676941,0.04245574656752606,-2.6055972576141357,-0.9966990351676941,0.00036751033870453294,-3.978332996368408
Ubfd1,0.19528932869434357,0.28291037678718567,-0.6004534959793091,5.6177858036931015e-09,-6.321314334869385,-0.6004534959793091,2.9594727391486287e-08,-6.125611305236816,-0.6004534959793091,1.666229865849943e-15,-8.393082618713379
Ndufab1,0.9687336087226868,1.1314208507537842,-0.36148637533187866,1.0060983303196591e-08,-6.2237958908081055,-0.36148637533187866,3.988291772549872e-09,-6.48337459564209,-0.36148637533187866,8.354362313151885e-18,-9.035299301147461
Palb2,0.05938344821333885,0.06540056318044662,-0.14362753927707672,0.020872784067342304,-2.8074543476104736,-0.14362753927707672,0.6978369182545475,-0.6889926195144653,-0.14362753927707672,0.5110522727370742,-0.9125432372093201
Dctn5,0.25353217124938965,0.2626866400241852,-0.05806133523583412,0.34744865051417523,-1.4341849088668823,-0.05806133523583412,0.7522189344114292,-0.5964435935020447,-0.05806133523583412,0.5784097888427903,-0.7982158660888672
Plk1,0.9809899926185608,0.7448955178260803,0.5916964411735535,6.278318347063583e-14,7.9695940017700195,0.5916964411735535,5.1057988190896805e-14,8.255841255187988,0.5916964411735535,4.300262135031722e-30,11.938657760620117
Ern2,0.0,0.0005281660123728216,-19.011014938354492,0.9979940091511154,0.027607882395386696,-19.011014938354492,0.5196272646011879,-1.0,-19.011014938354492,0.16021537352752957,-1.759765386581421
Prkcb,0.35704925656318665,0.3065554201602936,0.258409321308136,0.06259709935586973,2.354952335357666,0.258409321308136,0.031097448181326887,2.7282679080963135,0.258409321308136,0.0009841148163654738,3.7135558128356934
Rbbp6,0.5457332134246826,0.606501042842865,-0.2003348171710968,0.0478189620028407,-2.472508430480957,-0.2003348171710968,0.022027970966843818,-2.8596181869506836,-0.2003348171710968,0.0006266063490427324,-3.8376870155334473
Tnrc6a,0.3616778552532196,0.3678077757358551,-0.028936494141817093,0.9743753373387417,-0.5396004915237427,-0.028936494141817093,0.9077663268589126,-0.3260766863822937,-0.028936494141817093,0.8047055176495089,-0.4431418776512146
Slc5a11,0.0006948923110030591,0.00047363320481963456,0.5531777739524841,0.9979940091511154,0.08282364159822464,0.5531777739524841,0.9088614638653001,0.3242896795272827,0.5531777739524841,0.8345530477763683,0.3950875997543335
Arhgap17,0.24903123080730438,0.23146823048591614,0.1186881810426712,0.9984208920935209,-0.0025826727505773306,0.1186881810426712,0.5102737927658564,1.1059454679489136,0.1186881810426712,0.2536312639386509,1.4783276319503784
Lcmt1,0.2387213259935379,0.22647739946842194,0.08513464778661728,0.9979940091511154,-0.5008603930473328,0.08513464778661728,0.5939759433640114,0.8655679225921631,0.08513464778661728,0.41265277473419704,1.1269774436950684
Kdm8,0.02881605736911297,0.020815212279558182,0.4750300347805023,0.9376479443916158,-0.5861776471138,0.4750300347805023,0.2555605010432577,1.6729451417922974,0.4750300347805023,0.09809884818229528,2.0471887588500977
Nsmce1,0.5950883030891418,0.5247200727462769,0.23702795803546906,0.003309701235995249,3.44038724899292,0.23702795803546906,0.0030244656072472872,3.5329718589782715,0.23702795803546906,2.3497269100961436e-05,4.64581298828125
Il4ra,0.05123347416520119,0.06665653735399246,-0.3908943831920624,0.09718995545561855,-2.151188373565674,-0.3908943831920624,0.2772354499782866,-1.6177576780319214,-0.3908943831920624,0.049121976928567186,-2.368443489074707
Il21r,0.33939629793167114,0.3260763883590698,0.06790093332529068,0.9979940091511154,0.3517778515815735,0.06790093332529068,0.6680319129866967,0.7392532229423523,0.06790093332529068,0.46249813668827716,0.998039960861206
Gtf3c1,0.24111422896385193,0.26534542441368103,-0.15637081861495972,0.033052384747000424,-2.625687599182129,-0.15637081861495972,0.29193825119214717,-1.5832099914550781,-0.15637081861495972,0.08781343883192665,-2.101942777633667
D430042O09Rik,0.0941295400261879,0.07846693694591522,0.2740234434604645,0.6180201157366495,-1.0007411241531372,0.2740234434604645,0.32178971087443764,1.511231541633606,0.2740234434604645,0.11006324996267923,1.9869102239608765
Xpo6,0.3075433075428009,0.31876716017723083,-0.06023142859339714,0.6768083714982946,-0.9222813844680786,-0.06023142859339714,0.7096070230937376,-0.6680384874343872,-0.06023142859339714,0.5177587236512258,-0.9009316563606262
Sbk1,0.06331495940685272,0.10573474317789078,-0.7708617448806763,4.0384500101785586e-07,-5.567440986633301,-0.7708617448806763,0.00031674174012852953,-4.167753219604492,-0.7708617448806763,3.9133465427733946e-08,-5.906589984893799
Lat,1.4908194541931152,1.588832974433899,-0.18002940714359283,0.0028970958133604785,-3.48126482963562,-0.18002940714359283,0.0005643146812732438,-4.007065773010254,-0.18002940714359283,7.63303194331373e-07,-5.357503414154053
Spns1,0.10220987349748611,0.1212276816368103,-0.2601584792137146,0.002705881154093666,-3.502727746963501,-0.2601584792137146,0.21815190033983503,-1.7803394794464111,-0.2601584792137146,0.042127637415519496,-2.43544602394104
Nfatc2ip,0.24229119718074799,0.20457062125205994,0.27236509323120117,0.7358257880568833,0.8436434268951416,0.27236509323120117,0.05727452480827224,2.4733877182006836,0.27236509323120117,0.0046520060234285995,3.2494993209838867
Cd19,0.0,0.0,0.0,0.9979940091511154,0.11319231241941452,0.0,1.0,0.0,0.0,1.0,0.0
Rabep2,0.13443803787231445,0.11425738036632538,0.24951311945915222,0.9030520799379291,-0.6331110596656799,0.24951311945915222,0.26937947310144367,1.6383780241012573,0.24951311945915222,0.07503026666814802,2.1775262355804443
Atp2a1,0.0011974696535617113,0.0014136970276013017,-0.23963981866836548,0.9984208920935209,-0.0025826727505773306,-0.23963981866836548,0.9963139081885786,-0.15996043384075165,-0.23963981866836548,0.9551885450177624,-0.20140768587589264
Sh2b1,0.16609841585159302,0.1477661430835724,0.18229231238365173,0.9979940091511154,-0.4507209360599518,0.18229231238365173,0.37726985304776867,1.366276502609253,0.18229231238365173,0.14621929097722003,1.8378186225891113
Tufm,0.27453821897506714,0.38417693972587585,-0.5681848526000977,4.416908659856032e-09,-6.360677719116211,-0.5681848526000977,4.081057126084569e-09,-6.474239826202393,-0.5681848526000977,2.319754119241737e-17,-8.915608406066895
Atxn2l,0.4592922329902649,0.49741891026496887,-0.14473575353622437,0.13719967128621935,-1.9783273935317993,-0.14473575353622437,0.14935916804987015,-2.0018277168273926,-0.14473575353622437,0.024679705044501146,-2.658485174179077
Eif3c,1.163527011871338,1.3836554288864136,-0.4415908753871918,5.393475105955341e-19,-9.358804702758789,-0.4415908753871918,3.63369731196279e-17,-9.17431926727295,-0.4415908753871918,5.2161893765457936e-33,-12.545038223266602
Cln3,0.08775500953197479,0.0879136249423027,-0.0027213485445827246,0.2195529275331822,-1.719525694847107,-0.0027213485445827246,1.0,-0.013970035128295422,-0.0027213485445827246,1.0,-0.01934168115258217
Apobr,0.06312099099159241,0.06619084626436234,-0.07075010240077972,0.06358486148498003,-2.347916841506958,-0.07075010240077972,0.9018219086695893,-0.33788949251174927,-0.07075010240077972,0.795254617095903,-0.4572027325630188
Il27,0.0,0.002155223162844777,-21.04096221923828,0.9979940091511154,-0.05797655135393143,-21.04096221923828,0.36167647049845647,-1.4164514541625977,-21.04096221923828,0.03726207145007799,-2.492622137069702
Nupr1,0.004118738230317831,0.010516788810491562,-1.3570406436920166,0.8148732209504822,-0.7436316609382629,-1.3570406436920166,0.2297686863018991,-1.750406265258789,-1.3570406436920166,0.02408640006412311,-2.6680729389190674
Sgf29,0.20586080849170685,0.18402087688446045,0.1780654788017273,0.9984208920935209,-0.006768384017050266,0.1780654788017273,0.32148149749503374,1.5123176574707031,0.1780654788017273,0.10341493700301642,2.0200023651123047
Sult1a1,0.0,0.0,0.0,0.9979940091511154,0.11319231241941452,0.0,1.0,0.0,0.0,1.0,0.0
Slx1b,0.03129822388291359,0.03242848813533783,-0.05200061574578285,0.37012653136551565,-1.3917934894561768,-0.05200061574578285,0.9791090671000825,-0.1927417814731598,-0.05200061574578285,0.9238296936596846,-0.25377142429351807
Bola2,0.7114511132240295,0.8225876092910767,-0.29972171783447266,0.0017783924987713868,-3.6295459270477295,-0.29972171783447266,7.478980518394605e-06,-5.0451979637146,-0.29972171783447266,1.9718061001195107e-10,-6.780402183532715
Coro1a,3.0371384620666504,2.921048164367676,0.17645922303199768,2.9014627569401792e-11,7.137617111206055,0.17645922303199768,1.6452326416226312e-10,7.0133056640625,0.17645922303199768,1.585805464796979e-20,9.751435279846191
Mapk3,0.3084651231765747,0.24364180862903595,0.38925430178642273,0.07706963767299387,2.261352777481079,0.38925430178642273,0.0003639149806637165,4.120562553405762,0.38925430178642273,1.1664416024938773e-06,5.277524948120117
Gdpd3,0.002955346368253231,0.002107754349708557,0.488231897354126,0.9979940091511154,0.10784885287284851,0.488231897354126,0.8544945863682147,0.42111286520957947,0.488231897354126,0.7332088768563856,0.5523378849029541
Ypel3,0.36838558316230774,0.2874964773654938,0.4192047119140625,0.0003644393891205451,4.071271896362305,0.4192047119140625,0.007310559753702169,3.2549169063568115,0.4192047119140625,1.7417335582749593e-05,4.711829662322998
Tbx6,0.0016964433016255498,0.0,20.6953067779541,0.9979940091511154,0.22326761484146118,20.6953067779541,0.21115505465247625,1.7996946573257446,20.6953067779541,0.15705858484279928,1.7996946573257446
Ppp4c,0.963899552822113,0.9156537652015686,0.11425513029098511,0.021143681702152025,2.802556276321411,0.11425513029098511,0.063223379233455,2.4289333820343018,0.11425513029098511,0.005946186538846828,3.169440746307373
Aldoa,1.4217698574066162,1.7659724950790405,-0.624360978603363,3.7768470771200135e-25,-10.799490928649902,-0.624360978603363,4.920997381360394e-31,-12.605053901672363,-0.624360978603363,7.900216433507485e-53,-16.192256927490234
Doc2a,0.0,0.0,0.0,0.9979940091511154,0.11319231241941452,0.0,1.0,0.0,0.0,1.0,0.0
Ino80e,0.32338759303092957,0.35224664211273193,-0.1453087478876114,0.1615959161282154,-1.891674280166626,-0.1453087478876114,0.21319234193892891,-1.7938261032104492,-0.1453087478876114,0.04904580850653601,-2.369521379470825
Hirip3,0.3361054062843323,0.3351169228553772,0.005002155434340239,0.3109135150557744,-1.5074794292449951,0.005002155434340239,1.0,0.05402734875679016,0.005002155434340239,1.0,0.06981676071882248
Taok2,0.14186955988407135,0.11662456393241882,0.3012961447238922,0.8844360766976829,-0.6564441919326782,0.3012961447238922,0.1283683405794416,2.0802221298217773,0.3012961447238922,0.023416405896936707,2.6794443130493164
Tmem219,0.17972902953624725,0.16558773815631866,0.12872177362442017,0.9620453903577699,-0.5573229789733887,0.12872177362442017,0.5260368225657363,0.9885725378990173,0.12872177362442017,0.31103933879668544,1.3318662643432617
Kctd13,0.0756433978676796,0.08606304973363876,-0.19379721581935883,0.01906517058325429,-2.8427212238311768,-0.19379721581935883,0.5020343236977316,-1.1211938858032227,-0.19379721581935883,0.24013228917167967,-1.5139905214309692
Asphd1,0.0,0.0,0.0,0.9979940091511154,0.11319231241941452,0.0,1.0,0.0,0.0,1.0,0.0
Sez6l2,0.000549985736142844,0.0006098098820075393,-0.14900827407836914,0.9979940091511154,0.08282364159822464,-0.14900827407836914,1.0,-0.0827082097530365,-0.14900827407836914,1.0,-0.1148342713713646
Cdiptos,0.0057717133313417435,0.002951047383248806,0.9698082804679871,0.9979940091511154,0.13180537521839142,0.9698082804679871,0.4650405851246862,1.1903728246688843,0.9698082804679871,0.25940889595867317,1.4641798734664917
Cdipt,0.36814072728157043,0.42332127690315247,-0.24391843378543854,0.014197047252402364,-2.951282501220703,-0.24391843378543854,0.011703044988968847,-3.08872652053833,-0.24391843378543854,0.00019070717664574185,-4.147740364074707
Mvp,0.1278916299343109,0.1459738165140152,-0.2041286677122116,0.012105214181098329,-3.009526252746582,-0.2041286677122116,0.35599695115593016,-1.4355056285858154,-0.2041286677122116,0.11796421681605841,-1.9512755870819092
Pagr1a,0.005937100388109684,0.0045362599194049835,0.3892665207386017,0.9979940091511154,-0.06412152945995331,0.3892665207386017,0.7693715105398771,0.5672141909599304,0.3892665207386017,0.6450545254700776,0.6898761987686157
Maz,0.6854096055030823,0.5859299898147583,0.30554893612861633,0.00015045807328404877,4.298725128173828,0.30554893612861633,8.7596756497074e-06,5.001494407653809,0.30554893612861633,2.08735047014515e-09,6.410058498382568
Kif22,0.8511559367179871,0.5707221031188965,0.8026872873306274,1.5285399505958142e-27,11.305516242980957,0.8026872873306274,7.550843129845668e-28,12.031819343566895,0.8026872873306274,5.120675812415712e-56,16.64330291748047
Zg16,0.0,0.0,0.0,0.9979940091511154,0.11319231241941452,0.0,1.0,0.0,0.0,1.0,0.0
AI467606,0.2519252300262451,0.26009437441825867,-0.05218366160988808,0.3484535702111574,-1.4323147535324097,-0.05218366160988808,0.8183882673521483,-0.48307621479034424,-0.05218366160988808,0.6641851790765954,-0.6588882207870483
Qprt,0.023704174906015396,0.02294473722577095,0.04752788692712784,0.7970090210646135,-0.7654507756233215,0.04752788692712784,1.0,0.13342027366161346,0.04752788692712784,0.9663747324332662,0.18279977142810822
Spn,1.1233906745910645,1.107168436050415,0.034818414598703384,0.749047170715732,0.8277021050453186,0.034818414598703384,0.7020893029644769,0.6808809041976929,0.034818414598703384,0.5028385775996758,0.9259703159332275
Cd2bp2,0.5346975922584534,0.49502357840538025,0.14228945970535278,0.1238956356116532,2.0312275886535645,0.14228945970535278,0.11762403130253728,2.127304792404175,0.14228945970535278,0.017712161111896826,2.785473108291626
Tbc1d10b,0.3312138319015503,0.30809175968170166,0.12196898460388184,0.9979940091511154,0.3399331867694855,0.12196898460388184,0.37478548368462805,1.3718993663787842,0.12196898460388184,0.1585632883389022,1.7934784889221191
Mylpf,0.157276913523674,0.11599990725517273,0.4696364104747772,0.9979940091511154,0.3432283103466034,0.4696364104747772,0.0038482038708046707,3.455740451812744,0.4696364104747772,7.17145520821719e-05,4.388012409210205
Sept1,1.4696065187454224,1.345160961151123,0.23781096935272217,1.2722041699110202e-08,6.185323238372803,0.23781096935272217,5.252330221812558e-07,5.590864658355713,0.23781096935272217,4.0063091126444243e-13,7.676515102386475
Zfp553,0.05300699174404144,0.06239530071616173,-0.24209214746952057,0.048359297218462896,-2.4676992893218994,-0.24209214746952057,0.5084191149442615,-1.1098140478134155,-0.24209214746952057,0.22993207858005454,-1.541534423828125
Zfp771,0.12149138748645782,0.11188551038503647,0.1258947104215622,0.569607135662404,-1.0679796934127808,0.1258947104215622,0.5909641651424393,0.8702455163002014,0.1258947104215622,0.3955083717183067,1.159551978111267
Dctpp1,0.8424838781356812,0.9984555840492249,-0.3745787441730499,8.317494580231677e-09,-6.255589485168457,-0.3745787441730499,3.574645949817638e-08,-6.096232891082764,-0.3745787441730499,7.760575813292382e-16,-8.488371849060059
Sephs2,0.504324197769165,0.5286659598350525,-0.0870685875415802,0.7217479736581133,-0.8627017736434937,-0.0870685875415802,0.44956305193700496,-1.2197561264038086,-0.0870685875415802,0.19485587544475894,-1.643026351928711
Itgal,0.9672117829322815,0.8006779551506042,0.4102082848548889,6.244252608465028e-11,7.024869918823242,0.4102082848548889,6.585828073522465e-11,7.140774726867676,0.4102082848548889,7.131562171007579e-20,9.588645935058594
Zfp768,0.0015166416997089982,0.001181089086458087,0.36100417375564575,0.9979940091511154,0.13786129653453827,0.36100417375564575,0.938414233804548,0.27123069763183594,0.36100417375564575,0.8792023388152259,0.3264003098011017
Zfp747,0.01978014037013054,0.019880209118127823,-0.007352467160671949,0.9979940091511154,-0.3657599091529846,-0.007352467160671949,1.0,-0.017301473766565323,-0.007352467160671949,1.0,-0.024918286129832268
9130019O22Rik,0.009170185774564743,0.006814545951783657,0.43003496527671814,0.9979940091511154,-0.31348302960395813,0.43003496527671814,0.6292260667703192,0.8062880635261536,0.43003496527671814,0.4821173549760321,0.9630531072616577
E430018J23Rik,0.008410112001001835,0.009538027457892895,-0.18238072097301483,0.9984208920935209,0.01442734431475401,-0.18238072097301483,0.9506370647031457,-0.24929970502853394,-0.18238072097301483,0.8440728404347423,-0.38066017627716064
Zfp764,0.017678359523415565,0.018708091229200363,-0.08242303878068924,0.6961343067027571,-0.8968108892440796,-0.08242303878068924,0.9611184780782343,-0.22755225002765656,-0.08242303878068924,0.8951618396725912,-0.29960110783576965
Zfp688,0.10394137352705002,0.09874483942985535,0.07780463248491287,0.0875117787485963,-2.2011497020721436,0.07780463248491287,0.7991380813036241,0.5152542591094971,0.07780463248491287,0.6596160816155027,0.6671141386032104
Zfp689,0.02245454303920269,0.015378357842564583,0.5512263178825378,0.9979940091511154,-0.297185480594635,0.5512263178825378,0.2893982722864106,1.588137149810791,0.5512263178825378,0.1140888896988034,1.968587040901184
Prr14,0.3088560700416565,0.2484634965658188,0.35948553681373596,0.017207628118978545,2.880659818649292,0.35948553681373596,0.0010232032197158936,3.844430446624756,0.35948553681373596,3.266870660101398e-06,5.070377349853516
Fbrs,0.13266371190547943,0.14508934319019318,-0.13833822309970856,0.03473866061651396,-2.6051154136657715,-0.13833822309970856,0.5298488132980275,-0.9822858572006226,-0.13833822309970856,0.30457100185850383,-1.3468466997146606
Srcap,0.11891505122184753,0.10551556199789047,0.18232189118862152,0.27301291951981044,-1.5881656408309937,0.18232189118862152,0.4307165508386338,1.2546595335006714,0.18232189118862152,0.20406560570003981,1.614097237586975
Gm42715,0.029775887727737427,0.021235229447484016,0.49387192726135254,0.9979940091511154,-0.3849073052406311,0.49387192726135254,0.2656108587094442,1.6469248533248901,0.49387192726135254,0.09752940020045937,2.0499489307403564
Phkg2,0.2628132998943329,0.27411675453186035,-0.06927010416984558,0.518571036531054,-1.1458160877227783,-0.06927010416984558,0.7001256355398356,-0.6842429041862488,-0.06927010416984558,0.49302693253417196,-0.9425492286682129
Ccdc189,0.0009724496630951762,0.0004759082803502679,1.031296730041504,0.9979940091511154,0.11043152958154678,1.031296730041504,0.7125026864792893,0.6628953218460083,1.031296730041504,0.5911309913135371,0.7776293158531189
Rnf40,0.1324096918106079,0.14039261639118195,-0.0903477594256401,0.0841505054877953,-2.2199409008026123,-0.0903477594256401,0.7188663546363516,-0.6533740758895874,-0.0903477594256401,0.5261315717725994,-0.8854975700378418
Zfp629,0.00034792767837643623,0.00047363320481963456,-0.44507238268852234,0.9979940091511154,0.05521576479077339,-0.44507238268852234,0.9681669099799444,-0.21389690041542053,-0.44507238268852234,0.9032280235033152,-0.2857733368873596
Bcl7c,0.43747901916503906,0.5053175687789917,-0.26074209809303284,0.0028251558534303773,-3.4892799854278564,-0.26074209809303284,0.0029240332488262234,-3.5449817180633545,-0.26074209809303284,1.217975285213273e-05,-4.793598651885986
Ctf2,0.0,0.0,0.0,0.9979940091511154,0.11319231241941452,0.0,1.0,0.0,0.0,1.0,0.0
Fbxl19,0.016519922763109207,0.014465296640992165,0.19309698045253754,0.9979940091511154,-0.47993186116218567,0.19309698045253754,0.800135575958088,0.5130655765533447,0.19309698045253754,0.6615025665132538,0.6638204455375671
Orai3,0.08979792892932892,0.09837830066680908,-0.1379445195198059,0.03233398150812621,-2.6345934867858887,-0.1379445195198059,0.6416280149958866,-0.7834649682044983,-0.1379445195198059,0.4386608638382922,-1.0793232917785645
Setd1a,0.06800854951143265,0.07870633900165558,-0.21857501566410065,0.014976322548838013,-2.931778907775879,-0.21857501566410065,0.44344030743200186,-1.231116533279419,-0.21857501566410065,0.1945865969171122,-1.6438393592834473
Hsd3b7,0.0,0.0,0.0,0.9979940091511154,0.11319231241941452,0.0,1.0,0.0,0.0,1.0,0.0
Stx1b,0.0,0.0005686125950887799,-19.11749839782715,0.9979940091511154,0.027607882395386696,-19.11749839782715,0.5196272646011879,-1.0,-19.11749839782715,0.16021537352752957,-1.759765386581421
Stx4a,0.2509829103946686,0.21497157216072083,0.2504277229309082,0.5917883842019,1.0362751483917236,0.2504277229309082,0.06525710914290461,2.4147403240203857,0.2504277229309082,0.005816472559100268,3.177114486694336
Zfp668,0.04906778410077095,0.05448790639638901,-0.15510334074497223,0.0826990355440327,-2.228668451309204,-0.15510334074497223,0.6889414336361325,-0.7046012282371521,-0.15510334074497223,0.49293304775617347,-0.9428101181983948
Zfp646,0.17607523500919342,0.14535477757453918,0.29936689138412476,0.9979940091511154,0.2729617953300476,0.29936689138412476,0.07990121775538615,2.3196961879730225,0.29936689138412476,0.008234708611024466,3.0611865520477295
Prss53,0.00032781370100565255,0.0,18.322757720947266,0.9979940091511154,0.14071114361286163,18.322757720947266,0.5196272646011879,1.0,18.322757720947266,0.46147875269036936,1.0
Vkorc1,0.06614254415035248,0.08867399394512177,-0.4393952488899231,0.0024639038853718487,-3.5334525108337402,-0.4393952488899231,0.08467311562107177,-2.2926902770996094,-0.4393952488899231,0.004548116541932267,-3.2568979263305664
Bckdk,0.23306837677955627,0.22980499267578125,0.02278788387775421,0.5244647366337866,-1.137800931930542,0.02278788387775421,0.9660921046470621,0.21893101930618286,0.02278788387775421,0.902289767952165,0.288044273853302
Kat8,0.09542996436357498,0.13474741578102112,-0.5266488790512085,5.873765623398903e-05,-4.527603626251221,-0.5266488790512085,0.004013718533230477,-3.4489128589630127,-0.5266488790512085,8.46710849986625e-06,-4.871262550354004
Prss36,0.009053634479641914,0.011811362579464912,-0.3855991065502167,0.8702273097765165,-0.6725636124610901,-0.3855991065502167,0.5955389578182532,-0.8617278337478638,-0.3855991065502167,0.3728742434215915,-1.2020074129104614
Fus,1.2518543004989624,1.246125340461731,0.011588875204324722,0.9979940091511154,0.2818675637245178,0.011588875204324722,0.954121927206958,0.24237284064292908,0.011588875204324722,0.8792023388152259,0.32651686668395996
Pycard,2.108832359313965,2.2113559246063232,-0.16720162332057953,0.016907968378986525,-2.887606382369995,-0.16720162332057953,0.007242436316232253,-3.2547967433929443,-0.16720162332057953,5.2386417260401886e-05,-4.460775375366211
Trim72,0.0,0.0005323857767507434,-19.022499084472656,0.9979940091511154,0.027607882395386696,-19.022499084472656,0.5196272646011879,-1.0,-19.022499084472656,0.16021537352752957,-1.759765386581421
Itgam,0.13765105605125427,0.15358461439609528,-0.16979071497917175,0.002532435214703953,-3.5230329036712646,-0.16979071497917175,0.5196272646011879,-1.0555039644241333,-0.16979071497917175,0.2792028305814638,-1.4160958528518677
Gm49368,0.015022165141999722,0.012117497622966766,0.31210100650787354,0.9979940091511154,-0.4962294101715088,0.31210100650787354,0.6642370424577833,0.745732307434082,0.31210100650787354,0.4972863521206861,0.9353657960891724
Itgax,0.31229618191719055,0.2420443594455719,0.4206571578979492,0.612982661980573,1.0070642232894897,0.4206571578979492,0.0026297896862547457,3.5747053623199463,0.4206571578979492,2.3996538581543467e-05,4.64150333404541
Itgad,0.010655773803591728,0.008751071989536285,0.2854797840118408,0.9979940091511154,-0.285340815782547,0.2854797840118408,0.7649598382428567,0.5742764472961426,0.2854797840118408,0.6242219847527527,0.7222573161125183
Cox6a2,0.00531199062243104,0.006180768366903067,-0.2191607803106308,0.9979940091511154,-0.03776045888662338,-0.2191607803106308,0.9637927183174074,-0.22268146276474,-0.2191607803106308,0.8841212186086179,-0.31734994053840637
9130023H24Rik,0.023899484425783157,0.014991652220487595,0.6792666912078857,0.9979940091511154,-0.07970662415027618,0.6792666912078857,0.1760908476127473,1.9057304859161377,0.6792666912078857,0.051279586588697405,2.3501381874084473
Armc5,0.11482833325862885,0.1348109096288681,-0.24617260694503784,0.0015029935072918743,-3.6788837909698486,-0.24617260694503784,0.23580098390253382,-1.7321758270263672,-0.24617260694503784,0.054881989021195045,-2.320432424545288
Tgfb1i1,0.0013824633788317442,0.0018870795611292124,-0.4492776095867157,0.9979940091511154,-0.06020299345254898,-0.4492776095867157,0.8849097926321172,-0.36747562885284424,-0.4492776095867157,0.7778422660390022,-0.4841640591621399
BC017158,0.021041015163064003,0.018969248980283737,0.15104113519191742,0.7675182403911687,-0.8039237260818481,0.15104113519191742,0.8282365371691758,0.46548405289649963,0.15104113519191742,0.7036240666647143,0.5983417630195618
Rgs10,0.12338802963495255,0.10371070355176926,0.2651001811027527,0.05482057658180982,-2.41471004486084,0.2651001811027527,0.33356460183051345,1.4853060245513916,0.2651001811027527,0.1454296162431135,1.8411853313446045
Tial1,0.4703291058540344,0.5142951011657715,-0.16323262453079224,0.08108719085346462,-2.2376632690429688,-0.16323262453079224,0.06576892360194764,-2.4113028049468994,-0.16323262453079224,0.005493547278476296,-3.195911169052124
Bag3,0.03966515511274338,0.05309896171092987,-0.430576890707016,0.020151069894480823,-2.820991039276123,-0.430576890707016,0.2099073167359658,-1.80425226688385,-0.430576890707016,0.0375553392944569,-2.4849977493286133
Inpp5f,0.021536557003855705,0.042391955852508545,-0.9921271204948425,0.039986795515216535,-2.546515464782715,-0.9921271204948425,0.017206772838101386,-2.955754518508911,-0.9921271204948425,5.441620074454818e-05,-4.451755523681641
Mcmbp,0.3847154974937439,0.5029333233833313,-0.47813838720321655,4.8518344120032776e-08,-5.950834274291992,-0.47813838720321655,5.291340005513506e-08,-6.018723964691162,-0.47813838720321655,5.2923511460958665e-15,-8.246660232543945
Sec23ip,0.2106190025806427,0.23850060999393463,-0.20022156834602356,0.019826650389283097,-2.8273141384124756,-0.20022156834602356,0.16639317311298837,-1.9393056631088257,-0.20022156834602356,0.028683081642088534,-2.5985705852508545
Wdr11,0.04200374707579613,0.05878228321671486,-0.4970680773258209,0.03162194124726719,-2.6444787979125977,-0.4970680773258209,0.16012410883525138,-1.9622715711593628,-0.4970680773258209,0.01617311476283602,-2.8189454078674316
Ate1,0.1794176548719406,0.1792106330394745,0.0018194587901234627,0.2645567844196026,-1.6071349382400513,0.0018194587901234627,1.0,0.015164291486144066,0.0018194587901234627,1.0,0.020208466798067093
Nsmce4a,0.9223101139068604,0.931466281414032,-0.021862538531422615,0.9979940091511154,-0.11337042599916458,-0.021862538531422615,0.8439466036208038,-0.43891605734825134,-0.021862538531422615,0.7108195642537075,-0.5874434113502502
Tacc2,0.056145571172237396,0.03323997184634209,0.7728990912437439,0.9984208920935209,0.011132210493087769,0.7728990912437439,0.014155767160174726,3.0186476707458496,0.7728990912437439,0.0009010893184128958,3.7400782108306885
Btbd16,0.0,0.0,0.0,0.9979940091511154,0.11319231241941452,0.0,1.0,0.0,0.0,1.0,0.0
Plekha1,0.00873103179037571,0.022948214784264565,-1.4044405221939087,0.38167108969410113,-1.369439959526062,-1.4044405221939087,0.061853537989854976,-2.443774938583374,-1.4044405221939087,0.0006953929667863159,-3.81007719039917
Fam24b,0.0,0.0,0.0,0.9979940091511154,0.11319231241941452,0.0,1.0,0.0,0.0,1.0,0.0
2310057M21Rik,0.08487599343061447,0.09356609731912613,-0.14699095487594604,0.041302728147201415,-2.533512830734253,-0.14699095487594604,0.5809046559871527,-0.8875865340232849,-0.14699095487594604,0.37800054214334544,-1.1921216249465942
Pstk,0.20402726531028748,0.211726576089859,-0.05918649584054947,0.26694369097668713,-1.601791501045227,-0.05918649584054947,0.8083713433044735,-0.4998326003551483,-0.05918649584054947,0.6461856152293342,-0.688189685344696
Ikzf5,0.13182049989700317,0.14995184540748596,-0.19931069016456604,0.0076726324560920075,-3.166534900665283,-0.19931069016456604,0.3895803513284234,-1.3414400815963745,-0.19931069016456604,0.13580305691344982,-1.8769848346710205
Acadsb,0.013735408894717693,0.0169747993350029,-0.3078373372554779,0.995521601916441,-0.5140409469604492,-0.3078373372554779,0.743484159534189,-0.6109198927879333,-0.3078373372554779,0.5200130944542242,-0.8965048789978027
Hmx3,0.0,0.0,0.0,0.9979940091511154,0.11319231241941452,0.0,1.0,0.0,0.0,1.0,0.0
Hmx2,0.011393963359296322,0.006994524504989386,0.7071502208709717,0.9984208920935209,-0.004987230058759451,0.7071502208709717,0.3568235485723707,1.4334018230438232,0.7071502208709717,0.16317414951957712,1.7489670515060425
Bub3,1.572569727897644,1.2634958028793335,0.5896413922309875,1.681158467840319e-25,10.876347541809082,0.5896413922309875,6.3017963497684205e-22,10.651902198791504,0.5896413922309875,3.486268257728533e-51,15.858235359191895
Chst15,0.001068596844561398,0.004565531853586435,-2.097588062286377,0.9979940091511154,-0.06127168610692024,-2.097588062286377,0.4907606285251404,-1.1432503461837769,-2.097588062286377,0.12293501374150075,-1.9311730861663818
Oat,0.33298054337501526,0.3907146453857422,-0.2748298943042755,0.019555970542866615,-2.8329248428344727,-0.2748298943042755,0.00604671668756544,-3.314586639404297,-0.2748298943042755,3.788980928995696e-05,-4.536157608032227
Lhpp,0.006288865115493536,0.01814167946577072,-1.5370036363601685,0.1620471963631933,-1.889447808265686,-1.5370036363601685,0.007842492055923548,-3.232896566390991,-1.5370036363601685,1.2663588283269931e-05,-4.784436225891113
Fam53b,0.1702570915222168,0.1514006406068802,0.18331022560596466,0.9979940091511154,-0.1819448471069336,0.18331022560596466,0.419964489201128,1.2760628461837769,0.18331022560596466,0.16446917622203672,1.7440098524093628
Eef1akmt2,0.24629583954811096,0.26610416173934937,-0.12649716436862946,0.16221355800292905,-1.8889133930206299,-0.12649716436862946,0.366947820220315,-1.3900810480117798,-0.12649716436862946,0.14782030377626157,-1.831979751586914
Abraxas2,0.1683635711669922,0.16671130061149597,0.015453264117240906,0.21037102810278857,-1.744996190071106,0.015453264117240906,1.0,0.12433499842882156,0.015453264117240906,0.978111883788183,0.16534654796123505
Zranb1,0.2463068962097168,0.20298874378204346,0.3114735186100006,0.5241546761622478,1.1383353471755981,0.3114735186100006,0.025225774024081757,2.807748794555664,0.3114735186100006,0.0010527339808378844,3.6950135231018066
Ctbp2,0.005406175274401903,0.005769432056695223,-0.09408333152532578,0.9979940091511154,-0.2897936999797821,-0.09408333152532578,1.0,-0.1433834582567215,-0.09408333152532578,0.9644929822320482,-0.18602630496025085
Edrf1,0.06375037133693695,0.08433548361063004,-0.4187384247779846,0.0039771052675333825,-3.382410764694214,-0.4187384247779846,0.10275925060845774,-2.1986000537872314,-0.4187384247779846,0.008394808257371782,-3.054018259048462
Uros,0.050984397530555725,0.0600932352244854,-0.2437780797481537,0.05542835349848538,-2.410079002380371,-0.2437780797481537,0.4737188724451413,-1.1739033460617065,-0.2437780797481537,0.2065981697779582,-1.6065740585327148
Bccip,0.4048074781894684,0.5449516773223877,-0.5379554629325867,7.915198830912379e-10,-6.638003349304199,-0.5379554629325867,1.4311381090182273e-11,-7.390028476715088,-0.5379554629325867,5.598816224894297e-22,-10.113612174987793
Dhx32,0.07064827531576157,0.09664183855056763,-0.4710056185722351,0.0010682874211848138,-3.777737855911255,-0.4710056185722351,0.03974549718844086,-2.6306312084198,-0.4710056185722351,0.0010071381747278113,-3.706451416015625
Dock1,0.0,0.0,0.0,0.9979940091511154,0.11319231241941452,0.0,1.0,0.0,0.0,1.0,0.0
Ptpre,0.15071329474449158,0.14149810373783112,0.09783315658569336,0.6623472695506234,-0.9416959285736084,0.09783315658569336,0.6970583916238128,0.6908088326454163,0.09783315658569336,0.49509728039042555,0.9392507672309875
Mki67,2.2288970947265625,1.8398773670196533,0.6464655995368958,2.478154135396777e-19,9.444567680358887,0.6464655995368958,2.4864509133089604e-17,9.412482261657715,0.6464655995368958,9.136353087389327e-46,15.015509605407715
Mgmt,0.00024134950945153832,0.010151594877243042,-5.401587963104248,0.8378015011331292,-0.7149550914764404,-5.401587963104248,0.050239982365436,-2.5400595664978027,-5.401587963104248,5.689318065832576e-05,-4.452084064483643
9430038I01Rik,0.08169196546077728,0.12147637456655502,-0.6015940308570862,2.6054662482049926e-05,-4.714001178741455,-0.6015940308570862,0.0018418385812233747,-3.685973644256592,-0.6015940308570862,1.397070120285548e-06,-5.238460063934326
Glrx3,0.6800811886787415,0.9543057084083557,-0.7131941318511963,9.453628625332676e-26,-10.930850982666016,-0.7131941318511963,4.4556865557207947e-26,-11.5931978225708,-0.7131941318511963,3.1443465130369706e-52,-16.026792526245117
Mapk1ip1,0.024011382833123207,0.020895441994071007,0.2027864158153534,0.9979940091511154,-0.4138510525226593,0.2027864158153534,0.7996363295042327,0.51422119140625,0.2027864158153534,0.6319293434721793,0.7102847695350647
Ppp2r2d,0.4217429757118225,0.40381285548210144,0.07649834454059601,0.988034737761394,0.5248169302940369,0.07649834454059601,0.52487040607135,0.9903496503829956,0.07649834454059601,0.323306888426547,1.306149959564209
Bnip3,0.004691682290285826,0.00879521481692791,-0.9095767140388489,0.8396923803299885,-0.7124614715576172,-0.9095767140388489,0.31875903861696725,-1.5194045305252075,-0.9095767140388489,0.0769690978726747,-2.165444850921631
Stk32c,0.05990839749574661,0.06726876646280289,-0.17254430055618286,0.01906517058325429,-2.8427212238311768,-0.17254430055618286,0.6032582505397931,-0.8492374420166016,-0.17254430055618286,0.4134931502311732,-1.1253671646118164
Lrrc27,0.008282371796667576,0.008804583922028542,-0.08858830481767654,0.9979940091511154,-0.45303642749786377,-0.08858830481767654,0.9884601253911289,-0.17608138918876648,-0.08858830481767654,0.9384788879647615,-0.23119117319583893
Pwwp2b,0.0018409875920042396,0.006937189027667046,-1.917549729347229,0.9266794830644679,-0.6020299196243286,-1.917549729347229,0.11422318416791082,-2.1454708576202393,-1.917549729347229,0.004117726078163322,-3.2897419929504395
Inpp5a,0.005807036533951759,0.009068419225513935,-0.6454045176506042,0.7966523853572616,-0.7666085362434387,-0.6454045176506042,0.4766107185534299,-1.1689926385879517,-0.6454045176506042,0.21177514355504404,-1.5919544696807861
Cfap46,0.036125607788562775,0.03358451649546623,0.10706915706396103,0.683957391601564,-0.9123069047927856,0.10706915706396103,0.876794203041221,0.381539523601532,0.10706915706396103,0.7625920181814675,0.5070896744728088
Kndc1,0.0023596908431500196,0.001953458646312356,0.27286022901535034,0.9979940091511154,0.050940994173288345,0.27286022901535034,0.9336294682337294,0.2794942855834961,0.27286022901535034,0.8544771039602814,0.3641952872276306
Utf1,0.05935424193739891,0.05955520272254944,-0.005022821947932243,0.2367565764545993,-1.673928141593933,-0.005022821947932243,1.0,-0.023832904174923897,-0.005022821947932243,1.0,-0.03176068887114525
Spef1l,0.007422841619700193,0.005306072998791933,0.4858555495738983,0.9979940091511154,-0.06492304801940918,0.4858555495738983,0.6340401420008951,0.7967290282249451,0.4858555495738983,0.46394907269776664,0.9955647587776184
Adam8,0.08094815909862518,0.08098723739385605,-0.0007246099994517863,0.16180497771940808,-1.8906055688858032,-0.0007246099994517863,1.0,-0.003847331739962101,-0.0007246099994517863,1.0,-0.005188845098018646
Tubgcp2,0.22234587371349335,0.2712074816226959,-0.32328560948371887,0.0012737092353269745,-3.728132724761963,-0.32328560948371887,0.014181527949097283,-3.0219719409942627,-0.32328560948371887,0.00019690727519322475,-4.1392035484313965
Zfp511,0.36734738945961,0.3929486572742462,-0.11683034896850586,0.19693735326518377,-1.7820441722869873,-0.11683034896850586,0.31507900391332816,-1.5276497602462769,-0.11683034896850586,0.10975167697280264,-1.9886868000030518
Msx3,0.00033694636658765376,0.0006223421660251915,-0.8853929042816162,0.9979940091511154,0.05521576479077339,-0.8853929042816162,0.864392986517791,-0.4032709300518036,-0.8853929042816162,0.7129119380501985,-0.5842663049697876
Caly,0.00023141450947150588,0.0,17.820293426513672,0.9979940091511154,0.14071114361286163,17.820293426513672,0.5196272646011879,1.0,17.820293426513672,0.46147875269036936,1.0
Fuom,0.09193804860115051,0.09484462440013885,-0.04703313484787941,0.060647738973092655,-2.368845224380493,-0.04703313484787941,0.928233826165696,-0.2890593707561493,-0.04703313484787941,0.8427377735653285,-0.3824739158153534
Echs1,0.34937164187431335,0.41334420442581177,-0.29165345430374146,0.007416572392570356,-3.1774890422821045,-0.29165345430374146,0.0038504041865284264,-3.460130214691162,-0.29165345430374146,1.535703386875993e-05,-4.74070405960083
Paox,0.09607268869876862,0.13482290506362915,-0.5173574686050415,4.364290369817072e-05,-4.594574928283691,-0.5173574686050415,0.00502168205115024,-3.3752894401550293,-0.5173574686050415,1.6689644963596367e-05,-4.721595287322998
Mtg1,0.06867334991693497,0.12034882605075836,-0.8472628593444824,7.008373071017137e-08,-5.88626766204834,-0.8472628593444824,3.4457141260933486e-06,-5.220769882202148,-0.8472628593444824,2.8351129648658974e-12,-7.404675483703613
Sprn,0.0,0.0,0.0,0.9979940091511154,0.11319231241941452,0.0,1.0,0.0,0.0,1.0,0.0
Olfr523,0.0,0.0,0.0,0.9979940091511154,0.11319231241941452,0.0,1.0,0.0,0.0,1.0,0.0
Olfr524,0.001969250850379467,0.0031095175072550774,-0.659866452217102,0.9979940091511154,-0.1471232920885086,-0.659866452217102,0.6873170175768084,-0.7075861096382141,-0.659866452217102,0.46147875269036936,-1.0026135444641113
Cd163l1,0.006575116887688637,0.013605032116174698,-1.0541311502456665,0.9979940091511154,-0.21160104870796204,-1.0541311502456665,0.5196272646011879,-1.0661510229110718,-1.0541311502456665,0.17103399914180326,-1.7198596000671387
5830411N06Rik,0.0008198929135687649,0.004431362263858318,-2.436847686767578,0.9979940091511154,0.08246741443872452,-2.436847686767578,0.6292260667703192,-0.8072242736816406,-2.436847686767578,0.2857143277490357,-1.3931305408477783
Olfr525,0.0003895230474881828,0.0015750839374959469,-2.016500473022461,0.9979940091511154,-0.0302796121686697,-2.016500473022461,0.5348117767177265,-0.972393810749054,-2.016500473022461,0.2260154415193951,-1.5530449151992798
Olfr60,0.0,0.0,0.0,0.9979940091511154,0.11319231241941452,0.0,1.0,0.0,0.0,1.0,0.0
Olfr530,0.01282896101474762,0.010115236975252628,0.34483546018600464,0.9979940091511154,-0.24793659150600433,0.34483546018600464,0.6342785105472987,0.7962571978569031,0.34483546018600464,0.46147875269036936,1.0138822793960571
Olfr46,0.0006613140576519072,0.0004986929125152528,0.40730035305023193,0.9979940091511154,0.05521576479077339,0.40730035305023193,0.9770516883047266,0.19633831083774567,0.40730035305023193,0.9413396412517053,0.22602753341197968
Olfr539,0.0005187398637644947,0.0,18.985029220581055,0.9979940091511154,0.14071114361286163,18.985029220581055,0.5196272646011879,1.0,18.985029220581055,0.46147875269036936,1.0
Cyp2e1,0.00042363072861917317,0.0,18.69275665283203,0.9979940091511154,0.14071114361286163,18.69275665283203,0.5196272646011879,1.0,18.69275665283203,0.46147875269036936,1.0
Syce1,0.007363831624388695,0.0030957921408116817,1.2532291412353516,0.9979940091511154,0.21792414784431458,1.2532291412353516,0.4530637884877257,1.2128806114196777,1.2532291412353516,0.2464245977581098,1.4963746070861816
Zfp941,0.0011431444436311722,0.002963550854474306,-1.3756319284439087,0.9979940091511154,-0.20287339389324188,-1.3756319284439087,0.4288753847452032,-1.259531855583191,-1.3756319284439087,0.1244922237097614,-1.923249363899231
Bet1l,0.15718254446983337,0.1778494119644165,-0.19353918731212616,0.004476992105343221,-3.345451831817627,-0.19353918731212616,0.2664947189105156,-1.6455492973327637,-0.19353918731212616,0.0740583584730234,-2.184352159500122
Ric8a,0.25828471779823303,0.2953615188598633,-0.22149722278118134,0.016860737666417765,-2.8886749744415283,-0.22149722278118134,0.07873674586245331,-2.3278696537017822,-0.22149722278118134,0.006545935832324059,-3.1374270915985107
Sirt3,0.10452616959810257,0.11614229530096054,-0.16056253015995026,0.008238514741820833,-3.142489433288574,-0.16056253015995026,0.5196272646011879,-1.0480116605758667,-0.16056253015995026,0.28218368109049524,-1.4036288261413574
Psmd13,1.0619791746139526,1.1389110088348389,-0.16637223958969116,0.0011055878819441823,-3.767674207687378,-0.16637223958969116,0.00418522137266758,-3.4350502490997314,-0.16637223958969116,1.2541945332068724e-05,-4.7866644859313965
Nlrp6,0.0,0.0,0.0,0.9979940091511154,0.11319231241941452,0.0,1.0,0.0,0.0,1.0,0.0
Pgghg,0.047883667051792145,0.04470771923661232,0.10131802409887314,0.5519728680759428,-1.0948750972747803,0.10131802409887314,0.8527609112903586,0.42349645495414734,0.10131802409887314,0.7183292853114339,0.5762051343917847
Ifitm2,0.027690967544913292,0.06136786565184593,-1.1725407838821411,0.09822697797125468,-2.1459338665008545,-1.1725407838821411,0.05392024760747901,-2.506030321121216,-1.1725407838821411,0.0003572324135345011,-3.9871826171875
Ifitm1,0.09024806320667267,0.10793304443359375,-0.2711365520954132,0.16332422296986637,-1.8849948644638062,-0.2711365520954132,0.6061530361991322,-0.8444194197654724,-0.2711365520954132,0.3879396906743587,-1.173319935798645
Ifitm3,0.08481088280677795,0.15964971482753754,-0.9676730036735535,0.00014242328493598415,-4.312885284423828,-0.9676730036735535,0.01834452211761657,-2.935394525527954,-0.9676730036735535,1.7063554626204598e-05,-4.7200517654418945
Ifitm6,0.0008815593319013715,0.019069729372859,-4.448223114013672,0.9979940091511154,-0.43139541149139404,-4.448223114013672,0.09466264932373197,-2.2461419105529785,-4.448223114013672,0.00045846262651476756,-3.927622079849243
B4galnt4,0.0016450915718451142,0.003700458677485585,-1.1710190773010254,0.9979940091511154,-0.2881016135215759,-1.1710190773010254,0.46267002912146654,-1.1953552961349487,-1.1710190773010254,0.1714226946891568,-1.7182841300964355
Pkp3,0.6699610352516174,0.6037821769714355,0.20282045006752014,0.0962727670994053,2.1557302474975586,0.20282045006752014,0.05263556991345558,2.511983633041382,0.20282045006752014,0.003445884277317648,3.345780611038208
Sigirr,0.16934821009635925,0.1554163247346878,0.13417606055736542,0.4464039350142651,-1.257405400276184,0.13417606055736542,0.4953273303073,1.133707046508789,0.13417606055736542,0.2616230483034401,1.458594799041748
Ptdss2,0.06504785269498825,0.062065575271844864,0.06988228112459183,0.23514004186248164,-1.6782029867172241,0.06988228112459183,0.885236771718821,0.36651611328125,0.06988228112459183,0.7845175005251477,0.47380369901657104
Rnh1,0.6367618441581726,0.6918119192123413,-0.16370084881782532,0.10669353310008074,-2.1047892570495605,-0.16370084881782532,0.03525587260288452,-2.6787023544311523,-0.16370084881782532,0.0013432050011046106,-3.62695050239563
Hras,0.5273361802101135,0.6552607417106628,-0.41466501355171204,3.287750170046528e-08,-6.022525787353516,-0.41466501355171204,1.418134631465836e-08,-6.259171009063721,-0.41466501355171204,2.3821395384838886e-16,-8.635015487670898
Lrrc56,0.010737908072769642,0.007327086757868528,0.5538654327392578,0.9979940091511154,-0.032060764729976654,0.5538654327392578,0.5025110180245167,1.1199579238891602,0.5538654327392578,0.285917765094349,1.3919789791107178
Lmntd2,0.007774417754262686,0.0017258805455639958,2.1757678985595703,0.9979940091511154,0.4121589660644531,2.1757678985595703,0.02400675795752415,2.8222641944885254,2.1757678985595703,0.008456438646069262,3.0541727542877197
Rassf7,0.050261419266462326,0.05720692127943039,-0.1917933225631714,0.014760472818076097,-2.9368550777435303,-0.1917933225631714,0.5459637467158707,-0.9522382616996765,-0.1917933225631714,0.3617195895129266,-1.2251228094100952
Phrf1,0.2989482283592224,0.29091280698776245,0.04538952559232712,0.9979940091511154,-0.26717305183410645,0.04538952559232712,0.808439838137394,0.4995598793029785,0.04538952559232712,0.6645685655643494,0.6581515669822693
Irf7,0.34379246830940247,0.2543831169605255,0.5022403001785278,0.02965232571602962,2.669860363006592,0.5022403001785278,0.00044218135192599517,4.073892116546631,0.5022403001785278,3.6117654580983864e-07,5.500267505645752
Cdhr5,0.0,0.0012210345594212413,-20.22055435180664,0.9979940091511154,-0.05797655135393143,-20.22055435180664,0.36167647049845647,-1.4134066104888916,-20.22055435180664,0.0375553392944569,-2.4872639179229736
Sct,0.0,0.0,0.0,0.9979940091511154,0.11319231241941452,0.0,1.0,0.0,0.0,1.0,0.0
Drd4,0.0,0.0,0.0,0.9979940091511154,0.11319231241941452,0.0,1.0,0.0,0.0,1.0,0.0
Deaf1,0.09624316543340683,0.08225122839212418,0.2368900030851364,0.313376779267816,-1.502581238746643,0.2368900030851364,0.3373737210125391,1.4764353036880493,0.2368900030851364,0.14050907942000784,1.859742283821106
Tmem80,0.15550178289413452,0.125491663813591,0.33149418234825134,0.9979940091511154,0.5072725415229797,0.33149418234825134,0.0759611234502316,2.3455278873443604,0.33149418234825134,0.006827088355324493,3.1232542991638184
Taldo1,1.2890702486038208,1.265760898590088,0.04662598669528961,0.041302728147201415,2.533423900604248,0.04662598669528961,0.4938294243164692,1.1365814208984375,0.04662598669528961,0.2388579191508652,1.5175801515579224
Gatd1,0.25676849484443665,0.24286463856697083,0.09076234698295593,0.9979940091511154,-0.38686656951904297,0.09076234698295593,0.5466596768453544,0.9505668878555298,0.09076234698295593,0.3582846949259874,1.231853723526001
Cend1,0.00042057893006131053,0.0,18.682323455810547,0.9979940091511154,0.14071114361286163,18.682323455810547,0.5196272646011879,1.0,18.682323455810547,0.46147875269036936,1.0
Slc25a22,0.03500577062368393,0.04938163608312607,-0.506824791431427,0.04335365199756903,-2.5132968425750732,-0.506824791431427,0.16441260535950775,-1.9475905895233154,-0.506824791431427,0.018461673568714303,-2.769570827484131
Pidd1,0.04362674430012703,0.059726424515247345,-0.464869886636734,0.0024899133167577267,-3.5298011302948,-0.464869886636734,0.1224855219265376,-2.1072282791137695,-0.464869886636734,0.015034507600231077,-2.846233367919922
Rplp2,3.2422215938568115,3.3393523693084717,-0.14555077254772186,9.07323944009293e-11,-6.970544815063477,-0.14555077254772186,9.447124015023631e-17,-8.986621856689453,-0.14555077254772186,3.7323106620251273e-28,-11.552983283996582
Pnpla2,0.2688835859298706,0.31002306938171387,-0.2364993691444397,0.031954956500833964,-2.639491558074951,-0.2364993691444397,0.05805990568295081,-2.4685370922088623,-0.2364993691444397,0.003048986932364752,-3.3835742473602295
Cracr2b,0.0005943755386397243,0.0,19.181446075439453,0.9979940091511154,0.16822996735572815,19.181446075439453,0.36179032358873764,1.4073251485824585,19.181446075439453,0.28119823305923347,1.4073251485824585
Cd151,0.02904074639081955,0.022884603589773178,0.34816116094589233,0.9979940091511154,-0.4534817039966583,0.34816116094589233,0.5196272646011879,1.0894984006881714,0.34816116094589233,0.2834439515453471,1.3991440534591675
Polr2l,0.19363193213939667,0.26990917325019836,-0.5363029837608337,4.654813537157064e-07,-5.540011405944824,-0.5363029837608337,5.5890421680144595e-06,-5.111974716186523,-0.5363029837608337,3.7048903775736826e-11,-7.0348052978515625
Tspan4,0.03386937826871872,0.08521886169910431,-1.3685996532440186,7.71833750575472e-08,-5.86907958984375,-1.3685996532440186,3.133056757891333e-08,-6.149074554443359,-1.3685996532440186,1.4864567177615119e-18,-9.241426467895508
Chid1,0.11954569816589355,0.1265268623828888,-0.08702079206705093,0.03397029707939762,-2.6146445274353027,-0.08702079206705093,0.7227847680400434,-0.6469293832778931,-0.08702079206705093,0.5403272644543057,-0.8619391322135925
Ap2a2,0.24326950311660767,0.31126660108566284,-0.4069083034992218,7.313670168822968e-05,-4.473634719848633,-0.4069083034992218,0.00041180005153886555,-4.09480619430542,-0.4069083034992218,1.5905523355413093e-07,-5.653397083282471
Muc6,0.0003185372625011951,0.0,18.28133773803711,0.9979940091511154,0.14071114361286163,18.28133773803711,0.5196272646011879,1.0,18.28133773803711,0.46147875269036936,1.0
Tollip,0.14132753014564514,0.13371548056602478,0.08549268543720245,0.35744032893035005,-1.4149484634399414,0.08549268543720245,0.7224656286589285,0.6475057005882263,0.08549268543720245,0.5428461612967133,0.8572961688041687
Brsk2,0.0,0.0,0.0,0.9979940091511154,0.11319231241941452,0.0,1.0,0.0,0.0,1.0,0.0
Mob2,0.25456470251083374,0.2954341471195221,-0.24563480913639069,0.02241282548277143,-2.7809152603149414,-0.24563480913639069,0.07324314917107481,-2.3645901679992676,-0.24563480913639069,0.004303716592563198,-3.2749674320220947
Dusp8,0.004522381350398064,0.01093218382447958,-1.2780565023422241,0.9979940091511154,-0.4342452585697174,-1.2780565023422241,0.3683604963893115,-1.3872056007385254,-1.2780565023422241,0.06803997508434403,-2.2238173484802246
Ifitm10,0.13700109720230103,0.0854329913854599,0.7192103862762451,0.7204864614833332,0.8651953935623169,0.7192103862762451,0.002135898590574938,3.6367971897125244,0.7192103862762451,1.5554271277492647e-05,4.738747596740723
Ctsd,1.8019486665725708,1.6735119819641113,0.2248973250389099,3.6402167252763496e-07,5.587389945983887,0.2248973250389099,1.1503663200614482e-05,4.95198917388916,0.2248973250389099,2.567687948361298e-10,6.737848281860352
Tnni2,0.0007299117860384285,0.005346751771867275,-2.8761990070343018,0.9979940091511154,-0.08852333575487137,-2.8761990070343018,0.4712764180443255,-1.1789536476135254,-2.8761990070343018,0.10030601229577935,-2.0365805625915527
Lsp1,2.2064077854156494,2.0609567165374756,0.23805905878543854,8.799099941732168e-11,6.975977420806885,0.23805905878543854,9.827109347111762e-09,6.338540077209473,0.23805905878543854,5.4292044014007266e-18,9.08570384979248
Prr33,0.00029249361250549555,0.0,18.158262252807617,0.9979940091511154,0.14071114361286163,18.158262252807617,0.5196272646011879,1.0,18.158262252807617,0.46147875269036936,1.0
Tnnt3,0.002272816142067313,0.0029135558288544416,-0.3587621748447418,0.9984208920935209,-0.005165345501154661,-0.3587621748447418,0.9180156491000983,-0.30819588899612427,-0.3587621748447418,0.8136665158396086,-0.42863884568214417
Mrpl23,0.6593650579452515,0.7443622946739197,-0.2433537095785141,0.012348273097497458,-3.002223491668701,-0.2433537095785141,0.00036585593244212243,-4.123678207397461,-0.2433537095785141,3.0866230602953303e-07,-5.530559539794922
Tspan32,0.22264938056468964,0.2689748704433441,-0.30748212337493896,0.0005695884942167118,-3.9501535892486572,-0.30748212337493896,0.052994016791358706,-2.5102193355560303,-0.30748212337493896,0.002326233055774703,-3.4659721851348877
Cd81,0.016646819189190865,0.031103577464818954,-0.9123037457466125,0.7217479736581133,-0.8626127243041992,-0.9123037457466125,0.3444515375668615,-1.463152289390564,-0.9123037457466125,0.04886045457804616,-2.37187123298645
Tssc4,0.18418237566947937,0.21760691702365875,-0.2655070722103119,0.0015659071750007052,-3.6673953533172607,-0.2655070722103119,0.066974183243725,-2.4037108421325684,-0.2655070722103119,0.005122460659615877,-3.2176921367645264
Cdkn1c,0.007864709943532944,0.007127655670046806,0.14249834418296814,0.9979940091511154,0.04052124544978142,0.14249834418296814,0.9603785016752305,0.22930169105529785,0.14249834418296814,0.884347723286584,0.31701675057411194
Slc22a18,0.0,0.0006111889379099011,-19.221702575683594,0.9979940091511154,0.027607882395386696,-19.221702575683594,0.5196272646011879,-1.0,-19.221702575683594,0.16021537352752957,-1.759765386581421
Phlda2,0.0028183371759951115,0.009873978793621063,-1.8138819932937622,0.8363141462863585,-0.7176268100738525,-1.8138819932937622,0.07603614280485534,-2.3496530055999756,-1.8138819932937622,0.0007322474353641234,-3.7968661785125732
Nap1l4,0.6710704565048218,0.7354440093040466,-0.1839849352836609,0.09314276023911099,-2.1713154315948486,-0.1839849352836609,0.009414539352302837,-3.164109706878662,-0.1839849352836609,0.00016002000826930576,-4.19164514541626
Cars,0.14019012451171875,0.17135143280029297,-0.31263506412506104,0.0003215234619614351,-4.105381011962891,-0.31263506412506104,0.04599490036934655,-2.5689687728881836,-0.31263506412506104,0.0026588483763656566,-3.4258010387420654
Tnfrsf26,0.029437078163027763,0.023543773218989372,0.32655879855155945,0.9979940091511154,-0.24499768018722534,0.32655879855155945,0.532526053744877,0.9764134287834167,0.32655879855155945,0.3251712962986296,1.3023052215576172
Tnfrsf22,0.011172349564731121,0.01867304928600788,-0.7464490532875061,0.7137151919774148,-0.873833954334259,-0.7464490532875061,0.36167647049845647,-1.4170900583267212,-0.7464490532875061,0.07688935060094597,-2.1660850048065186
Tnfrsf23,0.027938103303313255,0.027774367481470108,0.008598661981523037,0.45704215353089,-1.239861011505127,0.008598661981523037,1.0,0.02577977068722248,0.008598661981523037,1.0,0.03383975103497505
Osbpl5,0.09329156577587128,0.1073567271232605,-0.21290956437587738,0.004791048931881072,-3.32265305519104,-0.21290956437587738,0.389559498594277,-1.3415645360946655,-0.21290956437587738,0.15135942251450002,-1.8187319040298462
Mrgpre,0.008352446369826794,0.016013309359550476,-0.944537878036499,0.4393908829598108,-1.268715739250183,-0.944537878036499,0.1547922161366582,-1.9819763898849487,-0.944537878036499,0.016043220091166325,-2.822282552719116
Nadsyn1,0.029066193848848343,0.02722240798175335,0.09588347375392914,0.6320934341991071,-0.9807031750679016,0.09588347375392914,0.891571598655041,0.35568350553512573,0.09588347375392914,0.7915647756950741,0.4625345766544342
Dhcr7,0.12182291597127914,0.12612302601337433,-0.05321182683110237,0.2102878871521489,-1.7452634572982788,-0.05321182683110237,0.88351767636672,-0.3700442612171173,-0.05321182683110237,0.7638309006256842,-0.5049949288368225
Cttn,0.0017807137919589877,0.0006098098820075393,1.5468674898147583,0.9979940091511154,0.13803941011428833,1.5468674898147583,0.5196272646011879,1.0239534378051758,1.5468674898147583,0.4061349659694827,1.1395227909088135
Ppfia1,0.26038214564323425,0.2889692783355713,-0.17184965312480927,0.034720629439957316,-2.605471611022949,-0.17184965312480927,0.24040437851255672,-1.7179031372070312,-0.17184965312480927,0.054921733150048994,-2.3200650215148926
Fadd,0.08609064668416977,0.0958668440580368,-0.16233447194099426,0.046033220162429,-2.488360643386841,-0.16233447194099426,0.5246960623250393,-0.9907886385917664,-0.16233447194099426,0.307497694409532,-1.340317726135254
LTO1,0.0894632488489151,0.07078436017036438,0.35151827335357666,0.8098431635455091,-0.7496875524520874,0.35151827335357666,0.14666215878089878,2.0129172801971436,0.35151827335357666,0.028387269903018347,2.6027603149414062
Ccnd1,0.0017028392758220434,0.006901476997882128,-2.0227150917053223,0.9979940091511154,0.07961756736040115,-2.0227150917053223,0.6189226880114961,-0.8237027525901794,-2.0227150917053223,0.2749775661842262,-1.4267661571502686
Tpcn2,0.01830104924738407,0.01719370111823082,0.0908472016453743,0.9979940091511154,-0.4504537582397461,0.0908472016453743,0.9483435068706159,0.2538546323776245,0.0908472016453743,0.8716400087092704,0.33820873498916626
Smim38,0.0,0.0,0.0,0.9979940091511154,0.11319231241941452,0.0,1.0,0.0,0.0,1.0,0.0
Ppp1r14c,0.0005945616867393255,0.0011989494087174535,-1.0123074054718018,0.9984208920935209,-0.0025826727505773306,-1.0123074054718018,0.7323019800287496,-0.6306121945381165,-1.0123074054718018,0.4977053488049425,-0.934618353843689
Mthfd1l,0.22236095368862152,0.3011070489883423,-0.4966510534286499,5.48598131172553e-06,-5.052598476409912,-0.4966510534286499,1.774936595311294e-05,-4.860564231872559,-0.4966510534286499,2.331523236018921e-10,-6.752516269683838
Akap12,0.04415563493967056,0.06108400970697403,-0.4805153012275696,0.020222918940493228,-2.8193881511688232,-0.4805153012275696,0.12659933943150348,-2.0897209644317627,-0.4805153012275696,0.012289103173927382,-2.920478343963623
Zbtb2,0.07493165135383606,0.06266625970602036,0.26683515310287476,0.565091846464732,-1.074748158454895,0.26683515310287476,0.3621040251177201,1.4056836366653442,0.26683515310287476,0.15511971778490066,1.8054463863372803
Rmnd1,0.12146881222724915,0.12245155870914459,-0.012348630465567112,0.11152492295287639,-2.082880973815918,-0.012348630465567112,1.0,-0.08753621578216553,-0.012348630465567112,1.0,-0.11682570725679398
Armt1,0.14645171165466309,0.13068503141403198,0.17596696317195892,0.40828266865646107,-1.321883201599121,0.17596696317195892,0.39415066119455294,1.331031084060669,0.17596696317195892,0.17461827283891945,1.7071019411087036
Ccdc170,0.0,0.0,0.0,0.9979940091511154,0.11319231241941452,0.0,1.0,0.0,0.0,1.0,0.0
Esr1,0.0027497559785842896,0.004300248809158802,-0.6462355256080627,0.9984208920935209,-0.007569903042167425,-0.6462355256080627,0.784329208210457,-0.5406981110572815,-0.6462355256080627,0.5453592523289392,-0.8533781170845032
Syne1,0.09283677488565445,0.09459859877824783,-0.0284131933003664,0.5657455044721295,-1.0735013484954834,-0.0284131933003664,1.0,-0.13073045015335083,-0.0284131933003664,0.9620196654651445,-0.19041939079761505
Myct1,0.0,0.0,0.0,0.9979940091511154,0.11319231241941452,0.0,1.0,0.0,0.0,1.0,0.0
Fbxo5,0.7494860291481018,0.5554729700088501,0.587245762348175,3.303357030194994e-08,6.021546363830566,0.587245762348175,7.44609740789903e-11,7.115874767303467,0.587245762348175,2.367780646524311e-19,9.456871032714844
Mtrf1l,0.14934031665325165,0.12434319406747818,0.2827187776565552,0.9979940091511154,-0.4422604441642761,0.2827187776565552,0.10206957920351384,2.201432466506958,0.2827187776565552,0.01628785343699843,2.8167998790740967
Oprm1,0.0025806878693401814,0.0005087732570245862,2.344153642654419,0.9979940091511154,0.16564728319644928,2.344153642654419,0.28744446715494587,1.5921704769134521,2.344153642654419,0.1822275069154307,1.6815646886825562
Ipcef1,0.3683066666126251,0.3161322772502899,0.26015719771385193,0.1325896505249337,1.996406078338623,0.26015719771385193,0.04564282769708345,2.572681188583374,0.26015719771385193,0.0020830793828854146,3.4990477561950684
Cnksr3,0.0005849215085618198,0.00047738291323184967,0.29317304491996765,0.9979940091511154,0.08282364159822464,0.29317304491996765,0.9921128747250167,0.16973888874053955,0.29317304491996765,0.9468331439543399,0.2163417786359787
Ulbp1,0.15997222065925598,0.0756547674536705,1.1423345804214478,0.08665134680947388,2.205869674682617,1.1423345804214478,1.4597218877266906e-10,6.966599941253662,1.1423345804214478,3.2027763612985382e-15,8.33422565460205
Lrp11,0.0008271608385257423,0.0031380753498524427,-1.9253063201904297,0.9979940091511154,-0.17375153303146362,-1.9253063201904297,0.41356135958397805,-1.2903447151184082,-1.9253063201904297,0.09690902383892949,-2.052917957305908
Pcmt1,0.7306509613990784,0.6884284019470215,0.11990482360124588,0.08775423097174054,2.1997246742248535,0.11990482360124588,0.13465031041457276,2.0571656227111816,0.11990482360124588,0.01998405915225602,2.7405169010162354
Nup43,0.19484248757362366,0.25106772780418396,-0.4078321158885956,3.4221510770503403e-05,-4.652017116546631,-0.4078321158885956,0.0004958398881326871,-4.0426344871521,-0.4078321158885956,4.4962448131756353e-07,-5.45840311050415
Lats1,0.07775583118200302,0.0730428397655487,0.09365049004554749,0.21899348678701572,-1.7213069200515747,0.09365049004554749,0.8155475951495254,0.48876357078552246,0.09365049004554749,0.6731534737593229,0.644717812538147
Katna1,0.32929959893226624,0.3630613386631012,-0.16656886041164398,0.11813885844155964,-2.0549168586730957,-0.16656886041164398,0.1488937259322341,-2.0040125846862793,-0.16656886041164398,0.024791827100887422,-2.656524658203125
Ginm1,0.18224219977855682,0.17935718595981598,0.02516539767384529,0.406369461040833,-1.3252673149108887,0.02516539767384529,0.9700395809592202,0.21080325543880463,0.02516539767384529,0.9055101922673994,0.2827422618865967
Ppil4,0.396721750497818,0.3867325782775879,0.044466182589530945,0.9979940091511154,0.27046817541122437,0.044466182589530945,0.777191568971591,0.5525296926498413,0.044466182589530945,0.6175329397156496,0.7331129908561707
Zc3h12d,0.09634445607662201,0.10546068102121353,-0.1371181458234787,0.03788117594878801,-2.568957805633545,-0.1371181458234787,0.6320456207875896,-0.8015224933624268,-0.1371181458234787,0.4233881418278306,-1.107370376586914
Tab2,0.42971718311309814,0.3988135755062103,0.13150012493133545,0.4190569222007158,1.3035372495651245,0.13150012493133545,0.29985596771480366,1.56426203250885,0.13150012493133545,0.08258960653083708,2.1311798095703125
Ust,0.024110399186611176,0.025722939521074295,-0.09456808865070343,0.5537224466134765,-1.0922033786773682,-0.09456808865070343,0.918103955114063,-0.3079001009464264,-0.09456808865070343,0.8238824327018437,-0.4127200245857239
Sash1,0.0,0.004878861829638481,-22.221633911132812,0.9979940091511154,-0.143560990691185,-22.221633911132812,0.40005903520301683,-1.3191148042678833,-22.221633911132812,0.05497470681188336,-2.3213324546813965
Stxbp5,0.13935624063014984,0.15288375318050385,-0.14365306496620178,0.02948793582487177,-2.671997547149658,-0.14365306496620178,0.5196272646011879,-1.0238473415374756,-0.14365306496620178,0.28312957846200204,-1.4008195400238037
Rab32,0.0023843622766435146,0.012633942067623138,-2.413031816482544,0.992402728565294,-0.5198296904563904,-2.413031816482544,0.18069012099365955,-1.8944580554962158,-2.413031816482544,0.004705808513214135,-3.2489712238311768
Shprh,0.11331293731927872,0.15260642766952515,-0.45847517251968384,0.00011861242249157525,-4.357592582702637,-0.45847517251968384,0.012970476841808756,-3.0549542903900146,-0.45847517251968384,9.43366621202595e-05,-4.321094036102295
Fbxo30,0.036452967673540115,0.03160622715950012,0.2093435674905777,0.7293721276868548,-0.8526382446289062,0.2093435674905777,0.670973237608406,0.7347220182418823,0.2093435674905777,0.4849928112528992,0.9571558237075806
Utrn,0.6236857175827026,0.553699791431427,0.22712409496307373,0.006652073513687701,3.214893341064453,0.22712409496307373,0.018643069509322086,2.921259880065918,0.22712409496307373,0.00035657440181974747,3.9861412048339844
Stx11,0.32201290130615234,0.36010047793388367,-0.19031421840190887,0.04004821278949828,-2.5458028316497803,-0.19031421840190887,0.10055286737988801,-2.2100260257720947,-0.19031421840190887,0.011028529014524916,-2.959094524383545
Sf3b5,1.3067736625671387,1.359372854232788,-0.1030646562576294,0.10714324327831433,-2.102829933166504,-0.1030646562576294,0.03326525570753831,-2.7004847526550293,-0.1030646562576294,0.001506027068994358,-3.5945565700531006
Plagl1,0.0043284958228468895,0.0058951484970748425,-0.44679325819015503,0.9979940091511154,-0.37528908252716064,-0.44679325819015503,0.7376070692258222,-0.6213792562484741,-0.44679325819015503,0.5568915935975236,-0.8343209624290466
Ltv1,0.17066627740859985,0.2656959891319275,-0.7096383571624756,5.048073097536491e-10,-6.710140228271484,-0.7096383571624756,6.786870039919103e-09,-6.396512985229492,-0.7096383571624756,1.1412934539351788e-17,-8.998255729675293
Phactr2,0.0377727746963501,0.040737029165029526,-0.11114637553691864,0.3223018809158538,-1.4837009906768799,-0.11114637553691864,0.8770048222785873,-0.38100340962409973,-0.11114637553691864,0.7535140429460983,-0.5204806923866272
Fuca2,0.19392067193984985,0.20963016152381897,-0.1240924745798111,0.02429868599978212,-2.749032497406006,-0.1240924745798111,0.47185420964500346,-1.1769274473190308,-0.1240924745798111,0.22777414266357968,-1.5474039316177368
Pex3,0.08469303697347641,0.09758889675140381,-0.21391746401786804,0.011518202048118396,-3.0276939868927,-0.21391746401786804,0.40986427923778473,-1.297817349433899,-0.21391746401786804,0.1627162780504707,-1.750251054763794
Adat2,0.07099056243896484,0.07272948324680328,-0.036182429641485214,0.08577603397284511,-2.2109460830688477,-0.036182429641485214,0.9747218984411133,-0.20234672725200653,-0.036182429641485214,0.9164902116657501,-0.26544731855392456
Aig1,0.14274850487709045,0.16194665431976318,-0.19624312222003937,0.0046265763583319035,-3.3347649574279785,-0.19624312222003937,0.29620722288809676,-1.5732028484344482,-0.19624312222003937,0.09038627744950595,-2.0881526470184326
Hivep2,0.27428513765335083,0.2677178978919983,0.03991365060210228,0.9979940091511154,-0.3512434959411621,0.03991365060210228,0.8951317890730767,0.3496207594871521,0.03991365060210228,0.7763916271644685,0.486443430185318
Adgrg6,0.0,0.0011414851760491729,-20.123306274414062,0.9979940091511154,0.027607882395386696,-20.123306274414062,0.5196272646011879,-1.0,-20.123306274414062,0.16021537352752957,-1.759765386581421
Vta1,0.4434394836425781,0.47889384627342224,-0.13850244879722595,0.30114640782939556,-1.5271611213684082,-0.13850244879722595,0.1514507008387178,-1.9940825700759888,-0.13850244879722595,0.027305625642089146,-2.6183249950408936
Nmbr,0.0,0.0005380013026297092,-19.037641525268555,0.9979940091511154,0.027607882395386696,-19.037641525268555,0.5196272646011879,-1.0,-19.037641525268555,0.16021537352752957,-1.759765386581421
Cited2,0.6624065637588501,0.7163991332054138,-0.15643425285816193,0.11243497184855575,-2.0790514945983887,-0.15643425285816193,0.14915526621284173,-2.002962827682495,-0.15643425285816193,0.020931674112726957,-2.722309112548828
Txlnb,0.0020683088805526495,0.005657306872308254,-1.454253911972046,0.9979940091511154,-0.4871455132961273,-1.454253911972046,0.2365935248780861,-1.7307535409927368,-1.454253911972046,0.02981397998290553,-2.5831172466278076
Heca,0.2692275643348694,0.22970104217529297,0.25876539945602417,0.8599906071629163,0.6868128180503845,0.25876539945602417,0.08260757656934693,2.30312180519104,0.25876539945602417,0.007812536032428805,3.078876256942749
Abracl,2.1876206398010254,2.065962076187134,0.1992945671081543,1.9425744377861496e-08,6.113542556762695,0.1992945671081543,4.7330068828788377e-08,6.059453964233398,0.1992945671081543,6.577175391526866e-17,8.789778709411621
Reps1,0.28825080394744873,0.2814933657646179,0.03932904824614525,0.9979940091511154,-0.36522555351257324,0.03932904824614525,0.8569634753003462,0.41627630591392517,0.03932904824614525,0.732083454752783,0.554300844669342
Ect2l,0.0006061562453396618,0.0,19.20977020263672,0.9979940091511154,0.16822996735572815,19.20977020263672,0.364914907846911,1.3958503007888794,19.20977020263672,0.2848579241822202,1.3958503007888794
Ccdc28a,0.025519851595163345,0.03549688309431076,-0.4833059310913086,0.351210442331863,-1.4265259504318237,-0.4833059310913086,0.36321377038034836,-1.4020421504974365,-0.4833059310913086,0.09622227300631131,-2.0564041137695312
Nhsl1,0.0,0.0007510407012887299,-19.519075393676758,0.9979940091511154,0.027607882395386696,-19.519075393676758,0.5196272646011879,-1.0,-19.519075393676758,0.16021537352752957,-1.759765386581421
Arfgef3,0.0010027127573266625,0.001842107274569571,-0.8780537843704224,0.9979940091511154,-0.06020299345254898,-0.8780537843704224,0.695038903542729,-0.6942185163497925,-0.8780537843704224,0.46147875269036936,-1.0034259557724
Perp,0.07196050137281418,0.0781697928905487,-0.12394079566001892,0.03040589654082647,-2.6601529121398926,-0.12394079566001892,0.7267580502911954,-0.6393692493438721,-0.12394079566001892,0.5475807627624149,-0.8498374223709106
Tnfaip3,1.1629279851913452,1.0275768041610718,0.2936256229877472,2.283201919369077e-05,4.74383544921875,0.2936256229877472,0.0002337230179758826,4.240288257598877,0.2936256229877472,9.028506169253123e-08,5.757233619689941
Olig3,0.0,0.0,0.0,0.9979940091511154,0.11319231241941452,0.0,1.0,0.0,0.0,1.0,0.0
Ifngr1,1.4407457113265991,1.2322900295257568,0.40837612748146057,9.551595257108511e-14,7.915892124176025,0.40837612748146057,2.2710567817650805e-12,7.654325485229492,0.40837612748146057,9.589830714438854e-23,10.303617477416992
Il22ra2,0.0,0.0,0.0,0.9979940091511154,0.11319231241941452,0.0,1.0,0.0,0.0,1.0,0.0
Il20ra,0.0006683434476144612,0.0,19.3507137298584,0.9979940091511154,0.16822996735572815,19.3507137298584,0.3652260410171868,1.3953006267547607,19.3507137298584,0.285070548439236,1.3953006267547607
Slc35d3,0.001950251404196024,0.0027686881367117167,-0.5061327815055847,0.9979940091511154,-0.11817954480648041,-0.5061327815055847,0.8475952486783023,-0.43280497193336487,-0.5061327815055847,0.7224434540681401,-0.5695961713790894
Pex7,0.2875438630580902,0.3065083622932434,-0.10650057345628738,0.24272499621868213,-1.659144639968872,-0.10650057345628738,0.4541745269844111,-1.2112005949020386,-0.10650057345628738,0.2091824521583889,-1.599255919456482
Map3k5,0.0799369066953659,0.068322092294693,0.23499135673046112,0.4059705428082231,-1.3260688781738281,0.23499135673046112,0.39693752758972656,1.3241578340530396,0.23499135673046112,0.1822275069154307,1.6810039281845093
Map7,0.012151425704360008,0.011409773491322994,0.0913916528224945,0.9979940091511154,-0.34429699182510376,0.0913916528224945,0.9803980627695204,0.19002412259578705,0.0913916528224945,0.925978614982145,0.2507036328315735
Bclaf1,0.934448778629303,1.0199204683303833,-0.19780877232551575,0.029464708789958237,-2.67244291305542,-0.19780877232551575,0.0006764256891519312,-3.95522403717041,-0.19780877232551575,2.2537268042774286e-06,-5.14548397064209
Mtfr2,0.15121398866176605,0.13133783638477325,0.21798427402973175,0.8991562018464443,-0.6378310918807983,0.21798427402973175,0.2341981606065726,1.736121654510498,0.21798427402973175,0.06534826667639902,2.242501974105835
Pde7b,0.0,0.0014348039403557777,-20.453458786010742,0.9979940091511154,0.027607882395386696,-20.453458786010742,0.5196272646011879,-1.0,-20.453458786010742,0.16021537352752957,-1.759765386581421
Ahi1,0.18060003221035004,0.18830999732017517,-0.06604374200105667,0.07517954602539619,-2.272662878036499,-0.06604374200105667,0.787637698979375,-0.5353549122810364,-0.06604374200105667,0.6253193427491898,-0.7203167080879211
Myb,0.24904949963092804,0.275358110666275,-0.16468282043933868,0.014168711052524348,-2.9519948959350586,-0.16468282043933868,0.33694805508133535,-1.4778112173080444,-0.16468282043933868,0.10767709245892591,-1.998865008354187
Hbs1l,0.3114417493343353,0.3712238669395447,-0.298899382352829,0.0038573856093733422,-3.3924741744995117,-0.298899382352829,0.0043582589276581225,-3.4204671382904053,-0.298899382352829,2.029897769010849e-05,-4.678011417388916
Aldh8a1,0.0,0.0006464007310569286,-19.30253791809082,0.9979940091511154,0.027607882395386696,-19.30253791809082,0.5196272646011879,-1.0,-19.30253791809082,0.16021537352752957,-1.759765386581421
1700020N01Rik,0.0,0.0004933285526931286,-18.912548065185547,0.9979940091511154,0.027607882395386696,-18.912548065185547,0.5196272646011879,-1.0,-18.912548065185547,0.16021537352752957,-1.759765386581421
Sgk1,0.3213704228401184,0.3251018822193146,-0.01949119195342064,0.27470415753051947,-1.5845142602920532,-0.01949119195342064,0.9893954048269488,-0.17442020773887634,-0.01949119195342064,0.9350132983627183,-0.2367696315050125
4930444G20Rik,0.0,0.0,0.0,0.9979940091511154,0.11319231241941452,0.0,1.0,0.0,0.0,1.0,0.0
E030030I06Rik,0.02127807028591633,0.03358359634876251,-0.6673067212104797,0.13261922937633278,-1.9962279796600342,-0.6673067212104797,0.21157836311441147,-1.799867033958435,-0.6673067212104797,0.02910809987555073,-2.5926973819732666
Raet1e,0.0,0.0004933285526931286,-18.912548065185547,0.9979940091511154,0.027607882395386696,-18.912548065185547,0.5196272646011879,-1.0,-18.912548065185547,0.16021537352752957,-1.759765386581421
H60b,0.003267396939918399,0.005701887421309948,-0.8050550222396851,0.9979940091511154,-0.06501210480928421,-0.8050550222396851,0.7045145896153668,-0.6768215298652649,-0.8050550222396851,0.43618350753031043,-1.0840394496917725
Raet1d,0.0006929775699973106,0.0006763632991351187,0.03502226620912552,0.9979940091511154,0.08282364159822464,0.03502226620912552,1.0,0.019680490717291832,0.03502226620912552,1.0,0.026173744350671768
Slc2a12,0.01025638822466135,0.004656593315303326,1.143220067024231,0.9979940091511154,0.32684168219566345,1.143220067024231,0.12590957383783202,2.09060001373291,1.143220067024231,0.03546075031688925,2.51304030418396
Tbpl1,0.29977554082870483,0.3276955485343933,-0.1496647745370865,0.12227540686506218,-2.037461757659912,-0.1496647745370865,0.23793171200771263,-1.7257310152053833,-0.1496647745370865,0.05657256854858776,-2.3059046268463135
Rps12,3.556419849395752,3.7458441257476807,-0.2805773913860321,1.196028390814427e-22,-10.23539924621582,-0.2805773913860321,1.1808659380103412e-30,-12.471232414245605,-0.2805773913860321,5.323760547803413e-50,-15.7368745803833
Vnn3,0.0,0.0,0.0,0.9979940091511154,0.11319231241941452,0.0,1.0,0.0,0.0,1.0,0.0
Stx7,0.09322256594896317,0.1059604287147522,-0.1941155046224594,0.024555947643694485,-2.744935989379883,-0.1941155046224594,0.5196272646011879,-1.0793784856796265,-0.1941155046224594,0.24130929912610816,-1.510670781135559
Enpp1,0.06652318686246872,0.06260379403829575,0.09046489000320435,0.19088019381061117,-1.7991433143615723,0.09046489000320435,0.833652354846102,0.45712390542030334,0.09046489000320435,0.7074972781928721,0.5922790169715881
Enpp3,0.001163013861514628,0.0004974139155820012,1.2258280515670776,0.9979940091511154,0.08282364159822464,1.2258280515670776,0.6964185169486128,0.6918355226516724,1.2258280515670776,0.5990846441480188,0.7644666433334351
Med23,0.07354632765054703,0.06895677000284195,0.09631107747554779,0.142029683611557,-1.9613173007965088,0.09631107747554779,0.7843387711678841,0.5403150320053101,0.09631107747554779,0.6433832029096704,0.6926558613777161
Arg1,0.0,0.0005739275948144495,-19.13092613220215,0.9979940091511154,0.027607882395386696,-19.13092613220215,0.5196272646011879,-1.0,-19.13092613220215,0.16021537352752957,-1.759765386581421
Akap7,0.001315951463766396,0.003968625795096159,-1.5944467782974243,0.9979940091511154,-0.3163328766822815,-1.5944467782974243,0.35795669799119595,-1.4316840171813965,-1.5944467782974243,0.08010599634373955,-2.1465353965759277
Epb41l2,0.159556582570076,0.1574638932943344,0.02059640735387802,0.16864632254502565,-1.8669161796569824,0.02059640735387802,0.9935137834336547,0.16560755670070648,0.02059640735387802,0.9463883712284696,0.21743614971637726
Tmem200a,0.0,0.0006778896786272526,-19.37118148803711,0.9979940091511154,0.027607882395386696,-19.37118148803711,0.5196272646011879,-1.0,-19.37118148803711,0.16021537352752957,-1.759765386581421
Samd3,0.04081491753458977,0.04244045913219452,-0.057524699717760086,0.9979940091511154,-0.2677074074745178,-0.057524699717760086,1.0,-0.14849264919757843,-0.057524699717760086,0.9465444389268798,-0.21682879328727722
L3mbtl3,0.04597073793411255,0.06252652406692505,-0.4558029770851135,0.03446897194841519,-2.608677625656128,-0.4558029770851135,0.23520646855978475,-1.7343639135360718,-0.4558029770851135,0.03568291369197471,-2.509692668914795
Arhgap18,0.190218985080719,0.15407805144786835,0.33081793785095215,0.9979940091511154,0.40806230902671814,0.33081793785095215,0.054484927294942725,2.49607253074646,0.33081793785095215,0.0038415756783143815,3.3114051818847656
Ptprk,0.08205842971801758,0.0819450318813324,0.0020780665799975395,0.12938832410222006,-2.008963108062744,0.0020780665799975395,1.0,0.011350330896675587,0.0020780665799975395,1.0,0.015224261209368706
Themis,0.9146209955215454,0.8468911647796631,0.1669348031282425,0.013203363820291534,2.9778218269348145,0.1669348031282425,0.018811912487198476,2.918027639389038,0.1669348031282425,0.0003867830853253995,3.9643166065216064
Echdc1,0.06933270394802094,0.0984538197517395,-0.5272113084793091,0.00022340337835148122,-4.199604034423828,-0.5272113084793091,0.00894871017743856,-3.184225082397461,-0.5272113084793091,6.190692539447853e-05,-4.421159267425537
Rnf146,0.15886881947517395,0.20519472658634186,-0.4035881757736206,0.00043364883043296194,-4.024605751037598,-0.4035881757736206,0.00932752577166934,-3.170691967010498,-0.4035881757736206,4.427900687939643e-05,-4.500451564788818
Cenpw,0.8739610910415649,0.7972390651702881,0.19551895558834076,0.021683030586739958,2.792937994003296,0.19551895558834076,0.007723163477327293,3.233267068862915,0.19551895558834076,6.2226404346378e-05,4.420012474060059
Trmt11,0.10427439212799072,0.10138238221406937,0.04269974306225777,0.07107783276884147,-2.298222541809082,0.04269974306225777,0.929475715385728,0.2866964340209961,0.04269974306225777,0.8494297731650877,0.37260669469833374
Hint3,0.36911919713020325,0.2781561017036438,0.4773409962654114,0.0002962352072881887,4.127200126647949,0.4773409962654114,3.627421615653538e-06,5.193756580352783,0.4773409962654114,1.358997365991272e-10,6.839989185333252
Ncoa7,0.1756162941455841,0.16678299009799957,0.08100791275501251,0.2216315925650481,-1.7140932083129883,0.08100791275501251,0.7569343023574455,0.5887280702590942,0.08100791275501251,0.5874595802514779,0.7837705016136169
Hey2,0.00030076660914346576,0.0006005304167047143,-0.9978066682815552,0.9979940091511154,0.05521576479077339,-0.9978066682815552,0.840190065223953,-0.4463176131248474,-0.9978066682815552,0.6641540530009162,-0.658994734287262
Hddc2,0.25174203515052795,0.34238144755363464,-0.5122731328010559,5.854766259491054e-07,-5.496373176574707,-0.5122731328010559,1.2766380232550814e-06,-5.4173359870910645,-0.5122731328010559,1.4442402899312321e-12,-7.500446796417236
Tpd52l1,0.0,0.0,0.0,0.9979940091511154,0.11319231241941452,0.0,1.0,0.0,0.0,1.0,0.0
Rnf217,0.0,0.0,0.0,0.9979940091511154,0.11319231241941452,0.0,1.0,0.0,0.0,1.0,0.0
Zup1,0.2361564040184021,0.23047113418579102,0.0394168496131897,0.4836098974062052,-1.199607014656067,0.0394168496131897,0.9018219086695893,0.33771002292633057,0.0394168496131897,0.7963691145504369,0.4554825723171234
Rwdd1,0.9793856143951416,1.098866581916809,-0.2669185400009155,4.948909011754486e-07,-5.528344631195068,-0.2669185400009155,7.34257375452617e-07,-5.5220842361450195,-0.2669185400009155,1.5515373332252079e-12,-7.491519927978516
Calhm6,0.13296765089035034,0.11426748335361481,0.23242759704589844,0.9979940091511154,-0.22691898047924042,0.23242759704589844,0.39921209228024007,1.3198084831237793,0.23242759704589844,0.14821227099573644,1.8303786516189575
Dse,0.01650962047278881,0.030765581876039505,-0.9083342552185059,0.4900195531653905,-1.1898106336593628,-0.9083342552185059,0.17502538537123072,-1.9123988151550293,-0.9083342552185059,0.010521047609539692,-2.97548508644104
Tspyl1,0.21481530368328094,0.2449706792831421,-0.2120976448059082,0.05794633608199567,-2.3912878036499023,-0.2120976448059082,0.2144305710525443,-1.7910902500152588,-0.2120976448059082,0.03407310621599027,-2.5290138721466064
Nt5dc1,0.15353481471538544,0.17316527664661407,-0.1881294548511505,0.025416755763251055,-2.7311320304870605,-0.1881294548511505,0.35420455894739206,-1.4394514560699463,-0.1881294548511505,0.1079139484973879,-1.997760534286499
Tspyl4,0.0742165595293045,0.06956266611814499,0.09682504087686539,0.24336576872950003,-1.6575416326522827,0.09682504087686539,0.7974300392446152,0.5183163285255432,0.09682504087686539,0.6481184473399986,0.6845908164978027
Col10a1,0.0004204756987746805,0.0,18.681968688964844,0.9979940091511154,0.14071114361286163,18.681968688964844,0.5196272646011879,1.0,18.681968688964844,0.46147875269036936,1.0
Amd2,0.03821370750665665,0.04227515310049057,-0.1486690789461136,0.38807100493913804,-1.356615662574768,-0.1486690789461136,0.8145070932182046,-0.4905600845813751,-0.1486690789461136,0.6334364939794159,-0.7076725959777832
Hdac2,0.2902769446372986,0.40014782547950745,-0.546908974647522,3.2704187896579514e-08,-6.023594379425049,-0.546908974647522,8.679342770887967e-09,-6.346394062042236,-0.546908974647522,7.396596332905924e-17,-8.777108192443848
Marcks,0.018275240436196327,0.042207926511764526,-1.2249741554260254,0.3171033215578033,-1.4943878650665283,-1.2249741554260254,0.1497442082690413,-2.00358247756958,-1.2249741554260254,0.004037587437256093,-3.2975053787231445
Fam229b,0.0032043722458183765,0.008436710573732853,-1.400416612625122,0.8603448125185816,-0.6855660676956177,-1.400416612625122,0.14896364944865498,-2.0059549808502197,-1.400416612625122,0.007479613144338195,-3.0931968688964844
Tube1,0.10804662108421326,0.08292976021766663,0.4000985026359558,0.9984208920935209,-0.008015191182494164,0.4000985026359558,0.04080486698763639,2.617427349090576,0.4000985026359558,0.0032658694789934467,3.3633432388305664
Ccn6,0.0,0.00047116601490415633,-18.84621810913086,0.9979940091511154,0.027607882395386696,-18.84621810913086,0.5196272646011879,-1.0,-18.84621810913086,0.16021537352752957,-1.759765386581421
Fyn,1.083641529083252,0.9436454772949219,0.31733080744743347,2.228811543361819e-08,6.090921878814697,0.31733080744743347,2.6645104682055244e-06,5.270841598510742,0.31733080744743347,4.0043228402452126e-12,7.3561859130859375
Traf3ip2,0.14681941270828247,0.13393639028072357,0.14200542867183685,0.6469150227183295,-0.9615557789802551,0.14200542867183685,0.5196272646011879,1.0433506965637207,0.14200542867183685,0.2879191829012455,1.3863415718078613
Rev3l,0.20213426649570465,0.2430644929409027,-0.29664483666419983,0.0002873116127865869,-4.135126113891602,-0.29664483666419983,0.0422262004697052,-2.604438543319702,-0.29664483666419983,0.002046244509154644,-3.5047335624694824
Mfsd4b4,0.007359096314758062,0.007804896216839552,-0.08517281711101532,0.9979940091511154,-0.2620077133178711,-0.08517281711101532,1.0,-0.14911100268363953,-0.08517281711101532,0.9549309740384074,-0.20203007757663727
Mfsd4b5,0.000229570985538885,0.0006708155851811171,-1.5472900867462158,0.9979940091511154,0.05521576479077339,-1.5472900867462158,0.7373534230976673,-0.6223382949829102,-1.5472900867462158,0.46610597608944093,-0.9915903210639954
Slc16a10,0.03521889075636864,0.022895941510796547,0.6301895976066589,0.9984208920935209,-0.011844671331346035,0.6301895976066589,0.10509686255007747,2.1850132942199707,0.6301895976066589,0.020262294112973128,2.7360544204711914
Rpf2,0.20303910970687866,0.3370155096054077,-0.8320446014404297,4.559331349618602e-14,-8.010382652282715,-0.8320446014404297,3.267593067330015e-14,-8.294622421264648,-0.8320446014404297,7.923344418327889e-29,-11.670882225036621
Gtf3c6,0.35378995537757874,0.3585858643054962,-0.023089976981282234,0.6252912797628483,-0.9904105067253113,-0.023089976981282234,0.9334644841030015,-0.27998748421669006,-0.023089976981282234,0.8561545347823338,-0.3616739809513092
Amd1,0.0979228988289833,0.1114974394440651,-0.1972552090883255,0.009613413523291545,-3.0906577110290527,-0.1972552090883255,0.45610692315444823,-1.208073377609253,-0.1972552090883255,0.19573059629687986,-1.639931321144104
Cdk19,0.2004997283220291,0.1192915141582489,0.809248685836792,0.028060138645095975,2.6916794776916504,0.809248685836792,3.572510196573757e-08,6.063194274902344,0.809248685836792,8.028181153116651e-13,7.592796325683594
Cdc40,0.5139331817626953,0.5043581128120422,0.034623052924871445,0.9269574552590446,0.6014955639839172,0.034623052924871445,0.8082927018987642,0.5000444650650024,0.034623052924871445,0.6665943177108441,0.6554465889930725
Wasf1,0.00037460646126419306,0.0012180658522993326,-1.7017502784729004,0.9979940091511154,-0.0302796121686697,-1.7017502784729004,0.5776126699608617,-0.8948426246643066,-1.7017502784729004,0.29647183646861874,-1.3648428916931152
Fig4,0.06256791949272156,0.07533760368824005,-0.27726423740386963,0.009799081644370265,-3.0838894844055176,-0.27726423740386963,0.3266007004504981,-1.501590609550476,-0.27726423740386963,0.10133480050169248,-2.0304689407348633
Ak9,0.00047131621977314353,0.0,18.8466796875,0.9979940091511154,0.14071114361286163,18.8466796875,0.5196272646011879,1.0,18.8466796875,0.46147875269036936,1.0
Zbtb24,0.09594984352588654,0.08594433218240738,0.16620463132858276,0.4653871301211059,-1.226413369178772,0.16620463132858276,0.5222023982383541,0.994888961315155,0.16620463132858276,0.3218412619367617,1.3093671798706055
Mical1,0.46696752309799194,0.42896148562431335,0.15192966163158417,0.35293242408245307,1.4234980344772339,0.15192966163158417,0.15425756560425283,1.982452154159546,0.15192966163158417,0.029888633078325687,2.5823938846588135
Smpd2,0.057796575129032135,0.06672389060258865,-0.2137259840965271,0.03536632098462131,-2.597456455230713,-0.2137259840965271,0.5074761499730615,-1.1113884449005127,-0.2137259840965271,0.2517447897963901,-1.4831326007843018
Ppil6,0.0,0.0,0.0,0.9979940091511154,0.11319231241941452,0.0,1.0,0.0,0.0,1.0,0.0
Cd164,0.676320493221283,0.6290955543518066,0.142173171043396,0.029201250978007194,2.676450490951538,0.142173171043396,0.10969041287699852,2.1651415824890137,0.142173171043396,0.011856938993513194,2.9330601692199707
Ccdc162,0.004293299745768309,0.006723311729729176,-0.6488396525382996,0.9714892571601285,-0.5439643263816833,-0.6488396525382996,0.5353788810496518,-0.9707450866699219,-0.6488396525382996,0.3193726666375069,-1.3138060569763184
Cep57l1,0.1730661392211914,0.12285789102315903,0.5314432978630066,0.5658291776436294,1.0730559825897217,0.5314432978630066,0.0004846153881351639,4.043886661529541,0.5314432978630066,2.095976981608033e-06,5.160333633422852
Sesn1,0.05038648843765259,0.04529733210802078,0.1573110967874527,0.4806899731436736,-1.203792691230774,0.1573110967874527,0.7151369963684903,0.6587273478507996,0.1573110967874527,0.5286635909021602,0.8810597658157349
Armc2,0.0006040596636012197,0.0006633263546973467,-0.13507036864757538,0.9979940091511154,0.08282364159822464,-0.13507036864757538,1.0,-0.07511235773563385,-0.13507036864757538,1.0,-0.10401393473148346
Foxo3,0.039461709558963776,0.054330289363861084,-0.47211283445358276,0.09683911483395205,-2.1529693603515625,-0.47211283445358276,0.31953240895643864,-1.517592430114746,-0.47211283445358276,0.06110775053687869,-2.2717976570129395
Afg1l,0.011914258822798729,0.014532280154526234,-0.2884644567966461,0.9586635854810394,-0.5609743595123291,-0.2884644567966461,0.7045145896153668,-0.6766434907913208,-0.2884644567966461,0.48886348687389525,-0.9501946568489075
Snx3,1.2205947637557983,1.2486193180084229,-0.057022519409656525,0.6792766456443546,-0.9189862012863159,-0.057022519409656525,0.41737955364897056,-1.2814780473709106,-0.057022519409656525,0.16021537352752957,-1.778538465499878
Ostm1,0.200850248336792,0.21192853152751923,-0.08572360128164291,0.06340087862571168,-2.349341630935669,-0.08572360128164291,0.6365273698651822,-0.7924397587776184,-0.08572360128164291,0.4576084983999818,-1.045946717262268
Sec63,0.3689223825931549,0.44571271538734436,-0.33193933963775635,0.0003081132045190211,-4.115978717803955,-0.33193933963775635,0.00012815140613013453,-4.392274856567383,-0.33193933963775635,5.3686817253465386e-08,-5.852011203765869
Scml4,0.06573830544948578,0.05094138905405998,0.37867340445518494,0.9979940091511154,-0.16315367817878723,0.37867340445518494,0.29869718442901405,1.5671724081039429,0.37867340445518494,0.08645622044307885,2.1097445487976074
Sobp,0.000735970854293555,0.0024261875078082085,-1.7221885919570923,0.9979940091511154,-0.1733953058719635,-1.7221885919570923,0.42972402109491886,-1.2578463554382324,-1.7221885919570923,0.12465463840807149,-1.922548770904541
Pdss2,0.04628535732626915,0.04742427170276642,-0.03589770197868347,0.10005209811881237,-2.1372952461242676,-0.03589770197868347,0.9950878918168913,-0.16237503290176392,-0.03589770197868347,0.9509497037609015,-0.2096201330423355
Bend3,0.003791022812947631,0.01141082588583231,-1.5952473878860474,0.8142128292303034,-0.7446112632751465,-1.5952473878860474,0.13952532007059565,-2.042816400527954,-1.5952473878860474,0.003939461948861563,-3.304725408554077
Gm9803,0.017530199140310287,0.019816773012280464,-0.17853419482707977,0.5887405954356791,-1.0409061908721924,-0.17853419482707977,0.7908647896535019,-0.5302717089653015,-0.17853419482707977,0.629224857063424,-0.7142219543457031
1700021F05Rik,0.116424560546875,0.1342548280954361,-0.21870888769626617,0.007814621906366772,-3.1603009700775146,-0.21870888769626617,0.2534235799404801,-1.681026816368103,-0.21870888769626617,0.0639818473866577,-2.2517971992492676
Cd24a,0.046991005539894104,0.0871020033955574,-0.9195783734321594,0.0005386341044452934,-3.965916633605957,-0.9195783734321594,0.0015743039108413568,-3.732900857925415,-0.9195783734321594,4.01052168339934e-07,-5.479437351226807
Qrsl1,0.13364776968955994,0.1480281502008438,-0.15805234014987946,0.018223827516673036,-2.8603546619415283,-0.15805234014987946,0.4247863668313078,-1.267168402671814,-0.15805234014987946,0.18037758709605953,-1.6868904829025269
Rtn4ip1,0.023062175139784813,0.035321444272994995,-0.623901903629303,0.0792058468679762,-2.248439311981201,-0.623901903629303,0.10962186763492297,-2.1657917499542236,-0.623901903629303,0.010440576298929196,-2.978058338165283
Crybg1,0.356683611869812,0.3926708996295929,-0.16625234484672546,0.10359903929390729,-2.1193947792053223,-0.16625234484672546,0.15973017697291933,-1.9629716873168945,-0.16625234484672546,0.02664883984463753,-2.6280746459960938
Atg5,0.3931005597114563,0.42834949493408203,-0.15105248987674713,0.2851830462846393,-1.5605577230453491,-0.15105248987674713,0.18968651662024413,-1.8614208698272705,-0.15105248987674713,0.0326446283314276,-2.546992301940918
Prdm1,0.273103266954422,0.3545879125595093,-0.4385451078414917,1.3374070392909837e-05,-4.863261699676514,-0.4385451078414917,0.00021393515614673183,-4.266359329223633,-0.4385451078414917,4.4606201557385806e-08,-5.8840861320495605
Prep,0.15613430738449097,0.25692328810691833,-0.7937546372413635,4.69773668766e-12,-7.393746852874756,-0.7937546372413635,2.0396979478631207e-10,-6.982448101043701,-0.7937546372413635,1.1969567914462277e-20,-9.781915664672852
Lin28b,0.0004296013212297112,0.0,18.71295166015625,0.9979940091511154,0.14071114361286163,18.71295166015625,0.5196272646011879,1.0,18.71295166015625,0.46147875269036936,1.0
Hace1,0.10073386877775192,0.09913785010576248,0.024211527779698372,0.14726243713186615,-1.9424370527267456,0.024211527779698372,1.0,0.14186866581439972,0.024211527779698372,0.961166559788542,0.19163519144058228
Ascc3,0.34556275606155396,0.35626286268234253,-0.05216355249285698,0.6062962198605614,-1.0158809423446655,-0.05216355249285698,0.7560808146003365,-0.5899893045425415,-0.05216355249285698,0.5796557977289236,-0.7955371737480164
Gm49339,0.0,0.0,0.0,0.9979940091511154,0.11319231241941452,0.0,1.0,0.0,0.0,1.0,0.0
Lilr4b,0.11442718654870987,0.07319647073745728,0.6747904419898987,0.5165793978951159,1.1489331722259521,0.6747904419898987,0.022257937150757984,2.856238842010498,0.6747904419898987,0.0005709075205400214,3.8626627922058105
Lilrb4a,0.037139713764190674,0.032156653702259064,0.21146076917648315,0.9979940091511154,-0.09742910414934158,0.21146076917648315,0.7555600687110735,0.5909183621406555,0.21146076917648315,0.560436862157232,0.8285912275314331
Dcbld1,0.0006844635936431587,0.0,19.38511085510254,0.9979940091511154,0.16822996735572815,19.38511085510254,0.36372590930974974,1.3991427421569824,19.38511085510254,0.28353179756071994,1.3991427421569824
Gopc,0.11265631020069122,0.13034088909626007,-0.22337663173675537,0.003617002723808533,-3.4126904010772705,-0.22337663173675537,0.2990517651263436,-1.566247582435608,-0.22337663173675537,0.08547540674955273,-2.114983558654785
Nus1,0.244805246591568,0.3440991938114166,-0.5663253664970398,4.3353158444776804e-08,-5.970872402191162,-0.5663253664970398,4.95395253316488e-08,-6.03664493560791,-0.5663253664970398,1.4486321916128421e-15,-8.409796714782715
Cep85l,0.012299996800720692,0.015455290675163269,-0.3317241370677948,0.9979940091511154,-0.437807559967041,-0.3317241370677948,0.7431595577107931,-0.6121000647544861,-0.3317241370677948,0.5256195904713699,-0.8865535855293274
Mcm9,0.1129533126950264,0.10116275399923325,0.1677052080631256,0.6093043587381027,-1.011606216430664,0.1677052080631256,0.5196272646011879,1.0381478071212769,0.1677052080631256,0.28572443995417063,1.392585039138794
Asf1a,0.2889276146888733,0.3746509552001953,-0.44008857011795044,9.400340883449399e-06,-4.938248634338379,-0.44008857011795044,6.379762307011631e-06,-5.081528663635254,-0.44008857011795044,7.759681822230995e-11,-6.92368221282959
Fam184a,0.0,0.0,0.0,0.9979940091511154,0.11319231241941452,0.0,1.0,0.0,0.0,1.0,0.0
Man1a,0.1938658356666565,0.2163519561290741,-0.17509609460830688,0.03506491538612227,-2.601285934448242,-0.17509609460830688,0.3573059506226723,-1.432976484298706,-0.17509609460830688,0.11097302832020277,-1.9826322793960571
Tbc1d32,0.006101451348513365,0.01027292013168335,-0.7546349763870239,0.9054912033174245,-0.6293706297874451,-0.7546349763870239,0.4265748169543532,-1.2635987997055054,-0.7546349763870239,0.15766357526069208,-1.796317219734192
Msl3l2,0.009027785621583462,0.015812702476978302,-0.8135443329811096,0.3803335486449973,-1.3722007274627686,-0.8135443329811096,0.1838775579297161,-1.8799952268600464,-0.8135443329811096,0.026264132245393323,-2.633833646774292
Gja1,0.0,0.0,0.0,0.9979940091511154,0.11319231241941452,0.0,1.0,0.0,0.0,1.0,0.0
Hsf2,0.0498388335108757,0.08589346706867218,-0.8115800619125366,2.700803122264816e-05,-4.706075191497803,-0.8115800619125366,0.0010110242530307258,-3.8554348945617676,-0.8115800619125366,2.987514389409645e-07,-5.535508155822754
Serinc1,0.39258289337158203,0.4068129360675812,-0.062315091490745544,0.8148732209504822,-0.7437207102775574,-0.062315091490745544,0.6545483624275954,-0.7628398537635803,-0.062315091490745544,0.46147875269036936,-1.0295435190200806
Pkib,0.0004036705940961838,0.013125136494636536,-5.032193660736084,0.9979940091511154,-0.20180471241474152,-5.032193660736084,0.26459023583083285,-1.6529045104980469,-5.032193660736084,0.013100951093021616,-2.9003713130950928
Smpdl3a,0.38662269711494446,0.3435816168785095,0.20320630073547363,0.2568285406193317,1.6258370876312256,0.20320630073547363,0.153323596675027,1.9876413345336914,0.20320630073547363,0.020057838193201793,2.739039182662964
Gcc2,0.3385947644710541,0.34007835388183594,-0.00743809062987566,0.9009078343247398,-0.6356937289237976,-0.00743809062987566,1.0,-0.07832029461860657,-0.00743809062987566,1.0,-0.10627609491348267
Lims1,0.3557778298854828,0.33854547142982483,0.08477533608675003,0.827224261003639,0.7283137440681458,0.08477533608675003,0.5523616889737706,0.9410610198974609,0.08477533608675003,0.33756572684230834,1.275645136833191
Ranbp2,0.795964777469635,0.8806532621383667,-0.2153959572315216,0.005100530505270057,-3.3022589683532715,-0.2153959572315216,0.0025974716954457024,-3.581597089767456,-0.2153959572315216,8.537321024609703e-06,-4.869844913482666
Ccdc138,0.05852830410003662,0.06701751798391342,-0.2015914022922516,0.043496623904958516,-2.5117828845977783,-0.2015914022922516,0.5262980987525903,-0.9881209135055542,-0.2015914022922516,0.30652280982434205,-1.3427932262420654
Sept10,0.04622109979391098,0.021193424239754677,1.143090009689331,0.8887299491928866,0.6501210927963257,1.143090009689331,0.0005308896447226134,4.012823581695557,1.143090009689331,2.0260824727056243e-05,4.684145927429199
Sowahc,0.031148003414273262,0.030266085639595985,0.04207686334848404,0.5226146325388481,-1.140650749206543,0.04207686334848404,1.0,0.1437060534954071,0.04207686334848404,0.9602666716783549,0.1935786008834839
P4ha1,0.09364984929561615,0.12432850152254105,-0.43134039640426636,0.0019452917137096513,-3.6026504039764404,-0.43134039640426636,0.04518475505058781,-2.578761339187622,-0.43134039640426636,0.0009819362625010492,-3.7139580249786377
Oit3,0.0005991481011733413,0.0005380013026297092,0.15534688532352448,0.9979940091511154,0.08282364159822464,0.15534688532352448,1.0,0.08928432315587997,0.15534688532352448,1.0,0.11701849848031998
Mcu,0.16084276139736176,0.14964567124843597,0.11238634586334229,0.6854627275260181,-0.9103476405143738,0.11238634586334229,0.5795958310102906,0.8904576897621155,0.11238634586334229,0.38752798907220026,1.1745092868804932
Micu1,0.15002132952213287,0.19023336470127106,-0.37243151664733887,0.00015972899888328868,-4.2827839851379395,-0.37243151664733887,0.01209063668393697,-3.077568531036377,-0.37243151664733887,0.00016639131000345314,-4.181756496429443
Dnajb12,0.11964176595211029,0.1114569902420044,0.1082518994808197,0.23407884070614082,-1.6806966066360474,0.1082518994808197,0.6650351759407824,0.7439478635787964,0.1082518994808197,0.4753888462585867,0.975143313407898
Ddit4,0.1390456259250641,0.07739950716495514,0.8904322981834412,0.9979940091511154,0.06492304801940918,0.8904322981834412,2.26521576028552e-05,4.783730983734131,0.8904322981834412,1.1103508683354778e-07,5.726772308349609
Anapc16,0.6289070844650269,0.6609368324279785,-0.09723632037639618,0.2715667496485341,-1.5915498733520508,-0.09723632037639618,0.2987434662755246,-1.5670416355133057,-0.09723632037639618,0.08484038029911384,-2.1189651489257812
Ascc1,0.17883023619651794,0.1674528867006302,0.10327940434217453,0.5604123223926945,-1.0828523635864258,0.10327940434217453,0.6081749692443994,0.8398083448410034,0.10327940434217453,0.41578335275826694,1.121297836303711
Spock2,0.014529834501445293,0.004418692085891962,1.7246320247650146,0.7306343643644465,0.8503227233886719,1.7246320247650146,0.11889276603312766,2.122023582458496,1.7246320247650146,0.015509714140934262,2.8350634574890137
Chst3,0.001485707820393145,0.0,20.50379180908203,0.9979940091511154,0.19574879109859467,20.50379180908203,0.2965355662284834,1.5714120864868164,20.50379180908203,0.21939449756770768,1.5714120864868164
Psap,0.7171165347099304,0.6981629133224487,0.053915273398160934,0.10582329596692046,2.108529567718506,0.053915273398160934,0.6895876698870625,0.7034610509872437,0.053915273398160934,0.46147875269036936,1.024672269821167
Cdh23,0.0019546018447726965,0.0014723326312378049,0.40911898016929626,0.9981009014843685,0.02315499819815159,0.40911898016929626,0.8618702248496596,0.4078223407268524,0.40911898016929626,0.7638309006256842,0.505011796951294
Vsir,0.4421859383583069,0.4434063732624054,-0.004921487532556057,0.9979940091511154,0.40218448638916016,-0.004921487532556057,1.0,-0.05684436485171318,-0.004921487532556057,1.0,-0.07953677326440811
Gm17455,0.0011909444583579898,0.0022283559665083885,-0.9046215415000916,0.9979940091511154,-0.06038110703229904,-0.9046215415000916,0.6983446275842041,-0.6876961588859558,-0.9046215415000916,0.4638386578908568,-0.996006429195404
Slc29a3,0.04142351076006889,0.0422985665500164,-0.030794741585850716,0.2816581131415326,-1.5681276321411133,-0.030794741585850716,1.0,-0.12509039044380188,-0.030794741585850716,0.978111883788183,-0.165297269821167
Unc5b,0.0018222978105768561,0.0016654467908665538,0.12996245920658112,0.9984208920935209,-0.004630999639630318,0.12996245920658112,1.0,0.12063431739807129,0.12996245920658112,0.9851973942775542,0.15265701711177826
Pcbd1,0.0,0.0,0.0,0.9979940091511154,0.11319231241941452,0.0,1.0,0.0,0.0,1.0,0.0
Sgpl1,0.10432550311088562,0.11358445882797241,-0.12947387993335724,0.1609251835100578,-1.8941679000854492,-0.12947387993335724,0.6545483624275954,-0.7627445459365845,-0.12947387993335724,0.43307201113140076,-1.089269757270813
Adamts14,0.03379509970545769,0.03762583062052727,-0.15768930315971375,0.164658790143714,-1.8810763359069824,-0.15768930315971375,0.7605909564318228,-0.5823138952255249,-0.15768930315971375,0.6005383700530104,-0.7615337371826172
Prf1,0.9009774923324585,0.8781558871269226,0.055885471403598785,0.7310842565598353,0.8494321703910828,0.055885471403598785,0.6538104234507377,0.7644379734992981,0.055885471403598785,0.46147875269036936,1.02628493309021
Pald1,0.012285556644201279,0.01765669323503971,-0.5271360278129578,0.38213018603420523,-1.3682821989059448,-0.5271360278129578,0.4198957147456859,-1.2761510610580444,-0.5271360278129578,0.17289160529950612,-1.7135311365127563
Nodal,0.0002320201019756496,0.0005143581656739116,-1.1487237215042114,0.9979940091511154,0.05521576479077339,-1.1487237215042114,0.8082927018987642,-0.5003622174263,-1.1487237215042114,0.6034084262116348,-0.7565672993659973
Eif4ebp2,0.5076776742935181,0.5838269591331482,-0.26152992248535156,0.005374605851021655,-3.2849817276000977,-0.26152992248535156,0.0006655812424284224,-3.9620697498321533,-0.26152992248535156,1.24717123173913e-06,-5.262601375579834
Lrrc20,0.03588282689452171,0.05231619253754616,-0.5559054017066956,0.00315112924133517,-3.455794334411621,-0.5559054017066956,0.05572130206374711,-2.4867095947265625,-0.5559054017066956,0.0032993442073119866,-3.359503984451294
Npffr1,0.0005269563407637179,0.0,19.007707595825195,0.9979940091511154,0.16822996735572815,19.007707595825195,0.36211217266222834,1.4049521684646606,19.007707595825195,0.2818913437136799,1.4049521684646606
Ppa1,0.5966785550117493,0.9191591143608093,-0.8850759267807007,2.8309710148141513e-29,-11.66468620300293,-0.8850759267807007,7.882950296146563e-31,-12.78148365020752,-0.8850759267807007,1.0329581108325303e-63,-17.84501075744629
Sar1a,0.5912995934486389,0.6211502552032471,-0.09474802017211914,0.8098431635455091,-0.749598503112793,-0.09474802017211914,0.30995251292263326,-1.5398362874984741,-0.09474802017211914,0.10325641051295212,-2.020827054977417
Tysnd1,0.11301327496767044,0.13146525621414185,-0.23177088797092438,0.0025264609304298433,-3.5246357917785645,-0.23177088797092438,0.26302720109230526,-1.6543998718261719,-0.23177088797092438,0.06588443489244634,-2.238206386566162
Aifm2,0.016301268711686134,0.01887688785791397,-0.21349996328353882,0.6770718896474799,-0.9217470288276672,-0.21349996328353882,0.792989824386532,-0.5261883735656738,-0.21349996328353882,0.6159501053162512,-0.7357505559921265
Macroh2a2,0.0,0.0006086328066885471,-19.215654373168945,0.9979940091511154,0.027607882395386696,-19.215654373168945,0.5196272646011879,-1.0,-19.215654373168945,0.16021537352752957,-1.759765386581421
Fam241b,0.0019410166423767805,0.0021514848340302706,-0.1486719399690628,0.9984208920935209,-0.004809114616364241,-0.1486719399690628,1.0,-0.13132981956005096,-0.1486719399690628,0.9673150641283436,-0.18133816123008728
Tspan15,0.00029069429729133844,0.0,18.14935874938965,0.9979940091511154,0.14071114361286163,18.14935874938965,0.5196272646011879,1.0,18.14935874938965,0.46147875269036936,1.0
Tacr2,0.0,0.0004626369336619973,-18.81985855102539,0.9979940091511154,0.027607882395386696,-18.81985855102539,0.5196272646011879,-1.0,-18.81985855102539,0.16021537352752957,-1.759765386581421
Hk1,0.31914693117141724,0.3565363883972168,-0.188315287232399,0.046021542451429726,-2.4885387420654297,-0.188315287232399,0.12124429640096984,-2.112818717956543,-0.188315287232399,0.013924112271142278,-2.8751657009124756
Hkdc1,0.0003636896435637027,0.0,18.472614288330078,0.9979940091511154,0.14071114361286163,18.472614288330078,0.5196272646011879,1.0,18.472614288330078,0.46147875269036936,1.0
Supv3l1,0.0606781467795372,0.08529429137706757,-0.509244978427887,0.0004424828923475067,-4.01899528503418,-0.509244978427887,0.0250281589084829,-2.812469482421875,-0.509244978427887,0.0005582986702570272,-3.868818759918213
Vps26a,0.15165714919567108,0.18906889855861664,-0.34585124254226685,0.0005350409112814604,-3.9678759574890137,-0.34585124254226685,0.023489661978374363,-2.836609125137329,-0.34585124254226685,0.00047262110566577263,-3.911724090576172
Srgn,2.0693585872650146,1.8042142391204834,0.4472549259662628,4.860030221091672e-19,9.371273040771484,0.4472549259662628,1.297896884210066e-18,9.625839233398438,0.4472549259662628,5.261002399780026e-38,13.513890266418457
Kif1bp,0.09201870113611221,0.10965991765260696,-0.2659763991832733,0.0027394965952533823,-3.4988982677459717,-0.2659763991832733,0.2393183453906165,-1.7204877138137817,-0.2659763991832733,0.05620684997651425,-2.3086957931518555
Ddx21,0.5886996388435364,0.7773488759994507,-0.5524819493293762,1.1375847026029716e-12,-7.589406490325928,-0.5524819493293762,7.928002336917606e-16,-8.758916854858398,-0.5524819493293762,1.7135202237978417e-29,-11.820852279663086
Ddx50,0.4925706088542938,0.5080004334449768,-0.056553613394498825,0.9979940091511154,-0.4126042425632477,-0.056553613394498825,0.6592978553226264,-0.7545087337493896,-0.056553613394498825,0.46147875269036936,-1.026941180229187
Stox1,0.0002640339662320912,0.0007056209142319858,-1.4184849262237549,0.9979940091511154,0.05521576479077339,-1.4184849262237549,0.758573585791844,-0.5861238241195679,-1.4184849262237549,0.5067359190970253,-0.9197843670845032
Ccar1,0.8123086094856262,0.8113566040992737,0.0024706360418349504,0.9979940091511154,0.3565869629383087,0.0024706360418349504,1.0,0.04323473200201988,0.0024706360418349504,1.0,0.05887685716152191
Tet1,0.002738403622061014,0.00451439805328846,-0.722480297088623,0.9979940091511154,-0.2889031171798706,-0.722480297088623,0.5834027270500424,-0.883202314376831,-0.722480297088623,0.35529232116995996,-1.2383836507797241
Slc25a16,0.08855890482664108,0.09720154106616974,-0.1406727135181427,0.008022406660312694,-3.1517512798309326,-0.1406727135181427,0.5939759433640114,-0.8656812906265259,-0.1406727135181427,0.402693068409107,-1.1462161540985107
Dna2,0.10187385976314545,0.17643900215625763,-0.8474199771881104,2.7822546161737598e-11,-7.143672943115234,-0.8474199771881104,1.3585188414201573e-07,-5.855135440826416,-0.8474199771881104,5.758367191408235e-15,-8.234140396118164
Rufy2,0.07460285723209381,0.054988473653793335,0.4544033110141754,0.9979940091511154,-0.5084303021430969,0.4544033110141754,0.07493431261372943,2.35149884223938,0.4544033110141754,0.010222323405946197,2.9859354496002197
Hnrnph3,0.2800305485725403,0.3178412616252899,-0.21135395765304565,0.028082485862739585,-2.6912341117858887,-0.21135395765304565,0.08150153923999362,-2.309744119644165,-0.21135395765304565,0.007238457291909596,-3.104067325592041
Pbld2,0.0009354325593449175,0.0006245176773518324,0.583114743232727,0.9979940091511154,0.08282364159822464,0.583114743232727,0.9053830464903003,0.3309468924999237,0.583114743232727,0.8344429870880319,0.39533206820487976
Pbld1,0.00313432770781219,0.001024702680297196,1.6144721508026123,0.9979940091511154,0.19129590690135956,1.6144721508026123,0.2749776617606549,1.6226050853729248,1.6144721508026123,0.1495933953016796,1.825730323791504
Herc4,0.30385592579841614,0.2891264259815216,0.08283636718988419,0.9979940091511154,0.17526552081108093,0.08283636718988419,0.6254776274999007,0.8127186894416809,0.08283636718988419,0.4218517759811903,1.1101019382476807
Sirt1,0.16534055769443512,0.1918322741985321,-0.23408299684524536,0.0031282943265393266,-3.4582879543304443,-0.23408299684524536,0.18044310665093194,-1.8921223878860474,-0.23408299684524536,0.030824649808579976,-2.569626569747925
Dnajc12,0.029497845098376274,0.03710191696882248,-0.33639976382255554,0.1892899291598721,-1.8038634061813354,-0.33639976382255554,0.4192499140745055,-1.2776985168457031,-0.33639976382255554,0.1633796387839172,-1.7478519678115845
Reep3,0.16297520697116852,0.15674275159835815,0.06086935102939606,0.15170025132742798,-1.9267629384994507,0.06086935102939606,0.8351599829467724,0.4544011056423187,0.06086935102939606,0.7041934368294753,0.5974515080451965
Jmjd1c,0.4473032057285309,0.43817138671875,0.036829546093940735,0.9979940091511154,0.3810778260231018,0.036829546093940735,0.861331168865881,0.40964117646217346,0.036829546093940735,0.7255928377609041,0.5643182992935181
Nrbf2,0.2990448772907257,0.30284634232521057,-0.021103426814079285,0.9076732862761164,-0.6253630518913269,-0.021103426814079285,0.9559654801143191,-0.2388221174478531,-0.021103426814079285,0.8835299691609455,-0.3182315528392792
Egr2,0.010536110028624535,0.013293190859258175,-0.3373379707336426,0.7344573717879578,-0.8451573848724365,-0.3373379707336426,0.6974058486533496,-0.6900959014892578,-0.3373379707336426,0.49586031437284045,-0.9380075335502625
Ado,0.09962951391935349,0.10896261781454086,-0.13603772222995758,0.015839028766386317,-2.9112956523895264,-0.13603772222995758,0.5872700911204485,-0.8763185143470764,-0.13603772222995758,0.38417082258477314,-1.180589199066162
Zfp365,0.0015278077917173505,0.0050539979711174965,-1.728506326675415,0.9979940091511154,-0.374042272567749,-1.728506326675415,0.30192235508413995,-1.5606310367584229,-1.728506326675415,0.03975598942224577,-2.459890127182007
Rtkn2,0.0168297179043293,0.011192928068339825,0.5924988985061646,0.9979940091511154,-0.263521671295166,0.5924988985061646,0.3352580492859393,1.4813226461410522,0.5924988985061646,0.16010492788823952,1.7883014678955078
Arid5b,0.29408207535743713,0.22514751553535461,0.4372231364250183,0.12861425214140557,2.011902093887329,0.4372231364250183,0.0005253235944099743,4.02370548248291,0.4372231364250183,1.316474532892144e-06,5.2525634765625
Cabcoco1,0.0036760675720870495,0.008013122715055943,-1.1273326873779297,0.8830687781395046,-0.658136248588562,-1.1273326873779297,0.2956184838186587,-1.57511568069458,-1.1273326873779297,0.06904347753752947,-2.216296434402466
Cdk1,1.5696189403533936,1.1648764610290527,0.786703884601593,2.943912517822904e-29,11.660500526428223,0.786703884601593,5.299836881217182e-25,11.534527778625488,0.786703884601593,1.483091365915207e-61,17.55067253112793
Ank3,0.023888755589723587,0.012981330044567585,0.8877855539321899,0.9984208920935209,0.016653787344694138,0.8877855539321899,0.08092620719217203,2.311105728149414,0.8877855539321899,0.01874857344154331,2.764953136444092
Ccdc6,0.1502552181482315,0.1713189333677292,-0.20487090945243835,0.0076564821824880325,-3.1672472953796387,-0.20487090945243835,0.3183635174412611,-1.520503282546997,-0.20487090945243835,0.0901278960318806,-2.089481830596924
Mrln,0.0,0.0004968305001966655,-18.92275619506836,0.9979940091511154,0.027607882395386696,-18.92275619506836,0.5196272646011879,-1.0,-18.92275619506836,0.16021537352752957,-1.759765386581421
Tfam,0.4418714940547943,0.5064328908920288,-0.24698197841644287,0.007779424233631843,-3.1618149280548096,-0.24698197841644287,0.003319450901467887,-3.504903554916382,-0.24698197841644287,2.2620992718017846e-05,-4.654142379760742
Ube2d1,0.1573653370141983,0.17353570461273193,-0.15310078859329224,0.024976541523223074,-2.7382564544677734,-0.15310078859329224,0.43618475169527704,-1.244556188583374,-0.15310078859329224,0.18204638286391384,-1.6816669702529907
Cisd1,0.6971744298934937,0.9681934714317322,-0.6960896849632263,1.7732455888280406e-24,-10.651121139526367,-0.6960896849632263,1.4723320054588498e-23,-10.965669631958008,-0.6960896849632263,1.2229143092810897e-47,-15.247681617736816
Ipmk,0.07806596904993057,0.08229619264602661,-0.07922420650720596,0.07812247800404677,-2.2549405097961426,-0.07922420650720596,0.8562556837928003,-0.4177784025669098,-0.07922420650720596,0.7254569248161602,-0.5646252632141113
Zwint,0.35804930329322815,0.45529282093048096,-0.4215241074562073,4.167540272429176e-06,-5.110486030578613,-0.4215241074562073,9.319351859781545e-07,-5.472124099731445,-0.4215241074562073,4.844183599809102e-12,-7.331456661224365
Gnaz,0.0,0.0,0.0,0.9979940091511154,0.11319231241941452,0.0,1.0,0.0,0.0,1.0,0.0
Rab36,0.0,0.0005533293588086963,-19.07818031311035,0.9979940091511154,0.027607882395386696,-19.07818031311035,0.5196272646011879,-1.0,-19.07818031311035,0.16021537352752957,-1.759765386581421
Bcr,0.04537719860672951,0.049489740282297134,-0.12815183401107788,0.11285416204630719,-2.077359437942505,-0.12815183401107788,0.7696835551060895,-0.5666705965995789,-0.12815183401107788,0.6055327585092799,-0.7530293464660645
Specc1l,0.1572677195072174,0.15227355062961578,0.050252679735422134,0.6979206401107944,-0.8945844173431396,0.050252679735422134,0.8936709978675705,0.3520243167877197,0.050252679735422134,0.7738467590388414,0.49038562178611755
Adora2a,0.29691341519355774,0.2905363142490387,0.03614851087331772,0.9979940091511154,-0.40271884202957153,0.03614851087331772,0.891571598655041,0.35551419854164124,0.03614851087331772,0.7778422660390022,0.4841136932373047
Gucd1,0.06877921521663666,0.06351209431886673,0.11878280341625214,0.2189989600546639,-1.7211288213729858,0.11878280341625214,0.7334832586177256,0.6289029717445374,0.11878280341625214,0.5700774924232701,0.8125861287117004
Upb1,0.010239779017865658,0.008628925308585167,0.2480955421924591,0.9979940091511154,-0.3083176910877228,0.2480955421924591,0.8012129711112823,0.5116259455680847,0.2480955421924591,0.6794345756696663,0.6357438564300537
Snrpd3,1.0038745403289795,1.1767290830612183,-0.3761099576950073,1.0122822840171488e-11,-7.2865214347839355,-0.3761099576950073,2.2497794671823866e-13,-7.97905969619751,-0.3761099576950073,6.858002500442247e-24,-10.580065727233887
Lrrc75b,0.004272746853530407,0.0029024360701441765,0.5588884949684143,0.9979940091511154,-0.03419815003871918,0.5588884949684143,0.7466052854867431,0.6060253977775574,0.5588884949684143,0.6232240737755447,0.7240915894508362
Ggt1,0.3726741075515747,0.46179553866386414,-0.3780847191810608,0.00017042115108121915,-4.267287731170654,-0.3780847191810608,0.0013034970289852246,-3.78084659576416,-0.3780847191810608,1.3901769259169863e-06,-5.23975944519043
Ggt5,0.0024717862252146006,0.0,21.238906860351562,0.9979940091511154,0.2783052623271942,21.238906860351562,0.0735106548607801,2.359713077545166,21.238906860351562,0.05032353286716844,2.359713077545166
Susd2,0.0014159756246954203,0.0007104421965777874,0.9955153465270996,0.9979940091511154,0.11043152958154678,0.9955153465270996,0.7240409515172185,0.6438793540000916,0.9955153465270996,0.6007312619433834,0.7612681984901428
Cabin1,0.41707879304885864,0.5189803242683411,-0.39457911252975464,1.020339397583927e-05,-4.920793056488037,-0.39457911252975464,1.989695135034823e-06,-5.3246307373046875,-0.39457911252975464,8.647035982081115e-12,-7.248032569885254
Ddt,0.6275023818016052,0.682753324508667,-0.16591958701610565,0.19217043497474942,-1.7954919338226318,-0.16591958701610565,0.042358075855965856,-2.602954864501953,-0.16591958701610565,0.0021271088126432252,-3.4929254055023193
Gstt3,0.021975817158818245,0.022287359461188316,-0.020534677430987358,0.802462635398037,-0.7584152221679688,-0.020534677430987358,1.0,-0.06372921168804169,-0.020534677430987358,1.0,-0.08607444167137146
Gstt1,0.021447697654366493,0.03036453202366829,-0.508024275302887,0.2515344889214737,-1.6384832859039307,-0.508024275302887,0.3615901442907078,-1.4226653575897217,-0.508024275302887,0.10226221948540117,-2.0259158611297607
Gstt4,0.00034563231747597456,0.0011715771397575736,-1.761734962463379,0.9979940091511154,-0.0302796121686697,-1.761734962463379,0.5642907244577245,-0.9181363582611084,-1.761734962463379,0.2798523792991823,-1.4119049310684204
Gstt2,0.29129573702812195,0.3534129858016968,-0.32608190178871155,0.0010935006877171639,-3.7709693908691406,-0.32608190178871155,0.003114125775204102,-3.5260627269744873,-0.32608190178871155,1.0387332024866198e-05,-4.827782154083252
Mif,1.6962934732437134,2.0919909477233887,-0.6730253100395203,7.527974019644596e-40,-13.671422958374023,-0.6730253100395203,2.3120889645164018e-32,-13.118558883666992,-0.6730253100395203,3.1201804031063586e-65,-18.085365295410156
Derl3,0.013824465684592724,0.008037115447223186,0.7866560816764832,0.9979940091511154,0.24686789512634277,0.7866560816764832,0.28482828570147994,1.59885835647583,0.7866560816764832,0.09622227300631131,2.0566394329071045
Smarcb1,0.4176787734031677,0.4602835774421692,-0.17310336232185364,0.10292933329675877,-2.122600793838501,-0.17310336232185364,0.07407190995730102,-2.3576056957244873,-0.17310336232185364,0.006303552225637511,-3.1501293182373047
Mmp11,0.0012295403284952044,0.002356885466724634,-0.9395752549171448,0.9979940091511154,-0.11764519661664963,-0.9395752549171448,0.6051364611010632,-0.8462480902671814,-0.9395752549171448,0.35779479825518434,-1.2327055931091309
Chchd10,0.29632776975631714,0.6363422870635986,-1.3668627738952637,4.11069945791233e-31,-12.03614616394043,-1.3668627738952637,2.176931541780815e-28,-12.314115524291992,-1.3668627738952637,5.908164342293189e-65,-18.034847259521484
Gm867,0.0033798550721257925,0.003506001317873597,-0.052956126630306244,0.9979940091511154,-0.17588892579078674,-0.052956126630306244,1.0,-0.06508657336235046,-0.052956126630306244,1.0,-0.08209933340549469
Vpreb3,0.0017831737641245127,0.004541447851806879,-1.350695252418518,0.9979940091511154,-0.14587648212909698,-1.350695252418518,0.5793931949533417,-0.8912963271141052,-1.350695252418518,0.29606194468904595,-1.3657376766204834
Gm5134,0.0013858187012374401,0.0012465425534173846,0.15290658175945282,0.9979940091511154,0.05281120538711548,0.15290658175945282,1.0,0.1236637607216835,0.15290658175945282,0.9801502706001745,0.16205386817455292
Zfp280b,0.05161380022764206,0.07324201613664627,-0.5206783413887024,0.00929268996136353,-3.1025915145874023,-0.5206783413887024,0.07116138939943235,-2.3786094188690186,-0.5206783413887024,0.00292422752302226,-3.3967843055725098
Slc5a4b,0.0002779414935503155,0.0,18.084627151489258,0.9979940091511154,0.14071114361286163,18.084627151489258,0.5196272646011879,1.0,18.084627151489258,0.46147875269036936,1.0
Prmt2,0.019918637350201607,0.030381886288523674,-0.6166717410087585,0.5931952529563558,-1.0339597463607788,-0.6166717410087585,0.36179032358873764,-1.4085584878921509,-0.6166717410087585,0.07797435606491813,-2.159132480621338
S100b,0.00033694636658765376,0.0,18.362407684326172,0.9979940091511154,0.14071114361286163,18.362407684326172,0.5196272646011879,1.0,18.362407684326172,0.46147875269036936,1.0
Dip2a,0.011910305358469486,0.01660488173365593,-0.4827914834022522,0.6189470280620806,-0.9994943737983704,-0.4827914834022522,0.5196272646011879,-1.060388445854187,-0.4827914834022522,0.2377800263775692,-1.5204421281814575
Pcnt,0.41403165459632874,0.43573203682899475,-0.0904589593410492,0.5875853464218724,-1.042776346206665,-0.0904589593410492,0.5058868199254694,-1.1147384643554688,-0.0904589593410492,0.24636862886457012,-1.4967402219772339
AC141477.1,0.0002392338210484013,0.0004889753763563931,-1.0315173864364624,0.9979940091511154,0.05521576479077339,-1.0315173864364624,0.8325976435518754,-0.45877861976623535,-1.0315173864364624,0.6505185791333872,-0.6811214685440063
2610028H24Rik,0.0,0.0,0.0,0.9979940091511154,0.11319231241941452,0.0,1.0,0.0,0.0,1.0,0.0
Ybey,0.021244389936327934,0.03328806906938553,-0.6566502451896667,0.0887419456311653,-2.194826602935791,-0.6566502451896667,0.10254833490489779,-2.200749158859253,-0.6566502451896667,0.007430858907039124,-3.095357656478882
Mcm3ap,0.1677647978067398,0.21058160066604614,-0.35979849100112915,0.00012344723073426985,-4.3478851318359375,-0.35979849100112915,0.009899807592015596,-3.1476993560791016,-0.35979849100112915,0.00012122517873651369,-4.260089874267578
Lss,0.030606945976614952,0.05756266042590141,-0.9308614730834961,0.0011861635287540306,-3.747992515563965,-0.9308614730834961,0.0012285441853158267,-3.8000447750091553,-0.9308614730834961,4.937327080109286e-07,-5.439263820648193
Col6a2,0.0006736828363500535,0.0005554113886319101,0.2785978317260742,0.9979940091511154,0.08282364159822464,0.2785978317260742,0.996159209124351,0.16081717610359192,0.2785978317260742,0.9532628102641771,0.20526155829429626
Pcbp3,0.004558181390166283,0.004115722142159939,0.1476321518421173,0.9979940091511154,-0.12004975229501724,0.1476321518421173,0.9663565270371126,0.2182384878396988,0.1476321518421173,0.906508523027769,0.28067079186439514
Slc19a1,0.031294625252485275,0.056518055498600006,-0.8711249828338623,0.0014932286561267973,-3.681110143661499,-0.8711249828338623,0.002921005926302978,-3.5501034259796143,-0.8711249828338623,2.6696730765555628e-06,-5.109151363372803
Col18a1,0.0,0.0,0.0,0.9979940091511154,0.11319231241941452,0.0,1.0,0.0,0.0,1.0,0.0
Pofut2,0.13409027457237244,0.1290465146303177,0.05903149023652077,0.1390127837323284,-1.971737027168274,0.05903149023652077,0.8428108259129699,0.440970778465271,0.05903149023652077,0.7224394467361156,0.5696781277656555
Adarb1,0.003675654297694564,0.007707785815000534,-1.0712265968322754,0.9054912033174245,-0.6288362741470337,-1.0712265968322754,0.29085971726219056,-1.5861941576004028,-1.0712265968322754,0.05613994078886714,-2.3091883659362793
Fam207a,0.310785174369812,0.3834477961063385,-0.3585538864135742,0.0004749435408077851,-4.000560283660889,-0.3585538864135742,0.00018649676723355804,-4.29869270324707,-0.3585538864135742,6.525191637099121e-08,-5.816365718841553
Itgb2,1.139588475227356,1.0695565938949585,0.15113312005996704,0.002035155072177958,3.5885794162750244,0.15113312005996704,0.01298692210414795,3.0513899326324463,0.15113312005996704,0.0002863090116871363,4.043605327606201
Pttg1ip,0.17679153382778168,0.19856145977973938,-0.1837310791015625,0.05571389777775884,-2.4079415798187256,-0.1837310791015625,0.3138698115638256,-1.5312955379486084,-0.1837310791015625,0.0845758292951782,-2.120253801345825
Sumo3,0.7182044386863708,0.7949939966201782,-0.20886030793190002,0.015710591737052883,-2.914501667022705,-0.20886030793190002,0.004444705635878503,-3.4126131534576416,-0.20886030793190002,2.8993850533235376e-05,-4.597412586212158
Ube2g2,0.37196508049964905,0.4349081218242645,-0.27399179339408875,0.0026871353876844507,-3.5046870708465576,-0.27399179339408875,0.006718641262875795,-3.278519630432129,-0.27399179339408875,5.27445174367082e-05,-4.458963871002197
Tspear,0.0011488241143524647,0.0,20.132556915283203,0.9979940091511154,0.22326761484146118,20.132556915283203,0.15217919248783912,1.9903156757354736,20.132556915283203,0.10967803369525289,1.9903156757354736
Lrrc3,0.0002719565818551928,0.0004889753763563931,-0.8465395569801331,0.9979940091511154,0.05521576479077339,-0.8465395569801331,0.8733231351738083,-0.387869268655777,-0.8465395569801331,0.7301357825163166,-0.5581697225570679
Trpm2,0.0007000220357440412,0.005262114107608795,-2.913461208343506,0.9979940091511154,-0.174285888671875,-2.913461208343506,0.26819826270723696,-1.6438573598861694,-2.913461208343506,0.017121830207326404,-2.800063133239746
Cfap410,0.023414932191371918,0.0238381065428257,-0.026147302240133286,0.7812825146714637,-0.7858449816703796,-0.026147302240133286,1.0,-0.08285681903362274,-0.026147302240133286,1.0,-0.11115999519824982
Pfkl,0.18905751407146454,0.25538650155067444,-0.4834741950035095,5.730887873406233e-06,-5.043425559997559,-0.4834741950035095,9.812019796787678e-05,-4.464663028717041,-0.4834741950035095,7.159822223455162e-09,-6.201992511749268
Icosl,0.008687921799719334,0.010259948670864105,-0.2410762459039688,0.9979940091511154,-0.31882649660110474,-0.2410762459039688,0.8836201936289004,-0.36972740292549133,-0.2410762459039688,0.743038181029217,-0.5370624661445618
Gatd3a,0.17075729370117188,0.1685010939836502,0.020862778648734093,0.23389837107036354,-1.681230902671814,0.020862778648734093,0.9883527311937435,0.1763748973608017,0.020862778648734093,0.9376055708214178,0.23253555595874786
Pwp2,0.028293568640947342,0.050621695816516876,-0.8554940223693848,0.008468550907386393,-3.1332273483276367,-0.8554940223693848,0.006189671659390687,-3.3101847171783447,-0.8554940223693848,1.0568322002032605e-05,-4.8233771324157715
Trappc10,0.2639833986759186,0.26438820362091064,-0.002515635220333934,0.5129131944119352,-1.1547218561172485,-0.002515635220333934,1.0,-0.025720493867993355,-0.002515635220333934,1.0,-0.0339638814330101
Agpat3,0.43595293164253235,0.3912438452243805,0.19057200849056244,0.4709884745868837,1.2178637981414795,0.19057200849056244,0.07509262660139292,2.3508920669555664,0.19057200849056244,0.008229436789604153,3.0616018772125244
Rrp1,0.7175076603889465,0.9083614349365234,-0.4963921010494232,3.9519478285047893e-14,-8.02828311920166,-0.4963921010494232,1.5435467311062034e-18,-9.530614852905273,-0.4963921010494232,2.1606625796405262e-33,-12.634116172790527
Cstb,0.4799896776676178,0.5205442309379578,-0.14870044589042664,0.3328512862125902,-1.4630396366119385,-0.14870044589042664,0.1223487619757799,-2.107729911804199,-0.14870044589042664,0.01573244163223021,-2.8298652172088623
Pdxk,0.03201642632484436,0.06508166342973709,-1.0474835634231567,6.902487724979986e-05,-4.487527370452881,-1.0474835634231567,3.638295541784937e-05,-4.706313610076904,-1.0474835634231567,1.920507408422691e-10,-6.782383441925049
Ilvbl,0.16855953633785248,0.1772446483373642,-0.0789293646812439,0.1047367004457935,-2.114140272140503,-0.0789293646812439,0.7482183505100087,-0.6029638051986694,-0.0789293646812439,0.5576951030435446,-0.8328019976615906
Syde1,0.00023933321062941104,0.0005865362472832203,-1.2934465408325195,0.9979940091511154,0.05521576479077339,-1.2934465408325195,0.779771333480808,-0.5480827689170837,-1.2934465408325195,0.5497458280399269,-0.8461530804634094
Olfr1356,0.0,0.0005508665344677866,-19.07174301147461,0.9979940091511154,0.027607882395386696,-19.07174301147461,0.5196272646011879,-1.0,-19.07174301147461,0.16021537352752957,-1.759765386581421
2610008E11Rik,0.028230911120772362,0.03125886246562004,-0.14918488264083862,0.4611646850568057,-1.2332707643508911,-0.14918488264083862,0.8000664637225241,-0.5132606625556946,-0.14918488264083862,0.6421557892398589,-0.6947313547134399
Plpp2,0.053595591336488724,0.06159177049994469,-0.20644649863243103,0.02910866515584513,-2.677786350250244,-0.20644649863243103,0.5196272646011879,-1.0193760395050049,-0.20644649863243103,0.3028880980486624,-1.3503267765045166
Mier2,0.025934478268027306,0.03842708095908165,-0.5763117671012878,0.06874015130024778,-2.3131842613220215,-0.5763117671012878,0.18056101709817945,-1.8922412395477295,-0.5763117671012878,0.02401247465053644,-2.669215202331543
Odf3l2,0.000253029604209587,0.0007070494466461241,-1.4828287363052368,0.9979940091511154,0.05521576479077339,-1.4828287363052368,0.7474310154772068,-0.6045848727226257,-1.4828287363052368,0.4855088956235349,-0.9561891555786133
Tpgs1,0.2808739244937897,0.2597532868385315,0.12870150804519653,0.9979940091511154,0.19663935899734497,0.12870150804519653,0.397663208419974,1.3229397535324097,0.12870150804519653,0.16103304722997538,1.7561460733413696
Cdc34,0.5754669904708862,0.6782385110855103,-0.3188881576061249,2.7843765638587833e-05,-4.698505401611328,-0.3188881576061249,1.4510514620480593e-05,-4.900587558746338,-0.3188881576061249,3.918875864958083e-10,-6.672974109649658
Gzmm,0.11189355701208115,0.14272989332675934,-0.3738762438297272,0.003881405393306253,-3.3902478218078613,-0.3738762438297272,0.24511752244494142,-1.7043148279190063,-0.3738762438297272,0.04080651999824924,-2.448331117630005
Bsg,1.1481837034225464,1.2924449443817139,-0.2954675555229187,2.6334214607521685e-10,-6.808370590209961,-0.2954675555229187,1.4955015036131037e-09,-6.6435136795043945,-0.2954675555229187,4.028620879919262e-18,-9.122896194458008
Hcn2,0.009916024282574654,0.010717878118157387,-0.11276495456695557,0.9979940091511154,-0.5075397491455078,-0.11276495456695557,0.9563401756839252,-0.23798471689224243,-0.11276495456695557,0.8854884901789051,-0.3151797652244568
Polrmt,0.04519706219434738,0.04695967584848404,-0.05647468939423561,0.20115464437919242,-1.7706447839736938,-0.05647468939423561,0.94666362117757,-0.2566262483596802,-0.05647468939423561,0.8738079519927043,-0.3345870077610016
Fgf22,0.0011793042067438364,0.0024141441099345684,-1.03446626663208,0.9979940091511154,-0.14569836854934692,-1.03446626663208,0.5992855844767356,-0.8557862639427185,-1.03446626663208,0.36963067356555135,-1.2081680297851562
Rnf126,0.3724416196346283,0.42932984232902527,-0.24884271621704102,0.00687901539232465,-3.2040281295776367,-0.24884271621704102,0.007569715361536087,-3.2384443283081055,-0.24884271621704102,0.00010014555004130009,-4.307098865509033
Fstl3,0.013394956476986408,0.022168375551700592,-0.7331604361534119,0.2839618695857967,-1.562962293624878,-0.7331604361534119,0.14106793967426856,-2.0343923568725586,-0.7331604361534119,0.013020974617891132,-2.8994393348693848
Prss57,0.01013263687491417,0.03443165123462677,-1.7823188304901123,0.011578810556206364,-3.0259127616882324,-1.7823188304901123,3.9367878975147906e-05,-4.702701091766357,-1.7823188304901123,4.3539437409924644e-12,-7.351203918457031
Palm,0.10585708916187286,0.15680623054504395,-0.6044214367866516,6.228577998883119e-06,-5.0252580642700195,-0.6044214367866516,0.0005656593287684309,-4.012470245361328,-0.6044214367866516,1.267469297926419e-07,-5.694201946258545
Ptbp1,0.8009525537490845,0.848761260509491,-0.12281683832406998,0.07882085103505677,-2.2504875659942627,-0.12281683832406998,0.096974684818516,-2.228874921798706,-0.12281683832406998,0.008028464749577453,-3.069535493850708
Plppr3,0.0020066003780812025,0.0025400612503290176,-0.3404947519302368,0.9979940091511154,-0.061895087361335754,-0.3404947519302368,0.8952318348682821,-0.3494202196598053,-0.3404947519302368,0.7817965376708108,-0.4780256748199463
Prtn3,0.0,0.005503779277205467,-22.395963668823242,0.9979940091511154,-0.143560990691185,-22.395963668823242,0.3191490822253243,-1.5195987224578857,-22.395963668823242,0.023892056744280386,-2.6741371154785156
Med16,0.1500285118818283,0.15913070738315582,-0.09171068668365479,0.020335182651942296,-2.8175179958343506,-0.09171068668365479,0.6638705561945457,-0.7466666102409363,-0.09171068668365479,0.47220252097369647,-0.9811246395111084
R3hdm4,0.5903486609458923,0.5051310062408447,0.29196494817733765,0.00020568062560387832,4.221156120300293,0.29196494817733765,0.0002171210397290817,4.257622241973877,0.29196494817733765,1.5781407301901127e-07,5.656299591064453
Gm26602,0.000494791311211884,0.0006283739930950105,-0.3448990285396576,0.9979940091511154,0.05521576479077339,-0.3448990285396576,0.9929468119809876,-0.16702109575271606,-0.3448990285396576,0.9456072451327329,-0.21892228722572327
Kiss1r,0.002623606938868761,0.0023133382201194763,0.1817992776632309,0.9984208920935209,-0.00614497996866703,0.1817992776632309,0.973598581212563,0.20518165826797485,0.1817992776632309,0.9173747374873614,0.26404786109924316
Arid3a,0.056063272058963776,0.08843852579593658,-0.6812540292739868,0.0005226906320667501,-3.97428822517395,-0.6812540292739868,0.006278997673623784,-3.3057217597961426,-0.6812540292739868,1.042339130627914e-05,-4.826664924621582
Wdr18,0.23209530115127563,0.37235769629478455,-0.788237988948822,1.8100286084129683e-14,-8.132925987243652,-0.788237988948822,1.467528044417013e-15,-8.696089744567871,-0.788237988948822,3.091477960132316e-30,-11.973243713378906
Grin3b,0.000439532712334767,0.0,18.74593162536621,0.9979940091511154,0.14071114361286163,18.74593162536621,0.5196272646011879,1.0,18.74593162536621,0.46147875269036936,1.0
Tmem259,0.25218573212623596,0.25211596488952637,0.00045160012086853385,0.5527664933227437,-1.0937174558639526,0.00045160012086853385,1.0,0.004595323000103235,0.00045160012086853385,1.0,0.006086774170398712
Cnn2,1.5882012844085693,1.4680402278900146,0.22144074738025665,1.1291767299550158e-06,5.371068954467773,0.22144074738025665,1.961493660302287e-06,5.325963973999023,0.22144074738025665,1.260910751884963e-11,7.194486618041992
Abca7,0.11772937327623367,0.11804036796092987,-0.004034778103232384,0.1525533925682649,-1.9239131212234497,-0.004034778103232384,1.0,-0.02654343470931053,-0.004034778103232384,1.0,-0.03571498021483421
Arhgap45,0.8478051424026489,0.8138262629508972,0.08687809109687805,0.029232171946800903,2.6760051250457764,0.08687809109687805,0.34714275515565707,1.4548531770706177,0.08687809109687805,0.10479105341805624,2.012744665145874
Polr2e,0.5640191435813904,0.7115612626075745,-0.452909380197525,7.164606444315815e-09,-6.281327247619629,-0.452909380197525,4.0197157037709e-12,-7.566854000091553,-0.452909380197525,4.32586026356069e-22,-10.145009994506836
Gpx4,1.1400291919708252,1.2470929622650146,-0.2217380851507187,0.00013064392587693808,-4.334081172943115,-0.2217380851507187,1.1812558602770407e-05,-4.941832542419434,-0.2217380851507187,7.723189791833047e-10,-6.566507339477539
Sbno2,0.16648831963539124,0.1538352519273758,0.12340568006038666,0.5043564373872158,-1.1678134202957153,0.12340568006038666,0.5531286199600309,0.9390419125556946,0.12340568006038666,0.34886992523161003,1.2514387369155884
Stk11,0.3269481658935547,0.3242412805557251,0.01405265647917986,0.9979940091511154,-0.43941059708595276,0.01405265647917986,0.9934540340542863,0.16586880385875702,0.01405265647917986,0.9467900871769546,0.21647222340106964
Cbarp,0.00837332010269165,0.013239355757832527,-0.6644776463508606,0.6699531788625287,-0.9310089945793152,-0.6644776463508606,0.3622391350304961,-1.4052975177764893,-0.6644776463508606,0.11263167566108465,-1.9745266437530518
Atp5d,1.7328941822052002,1.7822761535644531,-0.08609321713447571,0.11394490742561911,-2.072995662689209,-0.08609321713447571,0.04109080430226938,-2.6160919666290283,-0.08609321713447571,0.0016469311733476536,-3.5683445930480957
Midn,0.19198141992092133,0.24349434673786163,-0.38142770528793335,0.000400098935872896,-4.046603202819824,-0.38142770528793335,0.004845360126372559,-3.386714220046997,-0.38142770528793335,1.8183733938197098e-05,-4.702539920806885
Cirbp,0.5754538178443909,0.46550244092941284,0.3920738101005554,0.00027463006075511404,4.147149085998535,0.3920738101005554,1.1966325300739445e-05,4.9375739097595215,0.3920738101005554,1.0078101515484923e-09,6.524479866027832
1600002K03Rik,0.17480219900608063,0.241306334733963,-0.5147776007652283,3.5483246488819727e-06,-5.1428141593933105,-0.5147776007652283,7.79208064767356e-05,-4.5211100578308105,-0.5147776007652283,3.323217622439626e-09,-6.328665733337402
Efna2,0.0002995560353156179,0.0013469262048602104,-2.169524908065796,0.9979940091511154,-0.0302796121686697,-2.169524908065796,0.5196272646011879,-1.0493342876434326,-2.169524908065796,0.17848991313699614,-1.693571925163269
Pwwp3a,0.21206757426261902,0.1988154947757721,0.10298024117946625,0.8398819957877989,-0.7119271159172058,0.10298024117946625,0.5625623960742561,0.9206876158714294,0.10298024117946625,0.36544735383248284,1.2172927856445312
Ndufs7,0.8530637621879578,0.9057338833808899,-0.12992502748966217,0.11130377885738134,-2.0838606357574463,-0.12992502748966217,0.03943894664843762,-2.632200002670288,-0.12992502748966217,0.0020292288657453098,-3.5076355934143066
Gamt,0.0065802619792521,0.006855551619082689,-0.05932658165693283,0.9979940091511154,-0.20536701381206512,-0.05932658165693283,1.0,-0.10258170962333679,-0.05932658165693283,0.9936689252135216,-0.1394382268190384
Dazap1,0.9122012853622437,0.8904743790626526,0.05277382209897041,0.31343422090855577,1.5024031400680542,0.05277382209897041,0.5196272646011879,1.0206573009490967,0.05277382209897041,0.2877755608117742,1.3867355585098267
Rps15,2.852557420730591,3.031956911087036,-0.27325332164764404,1.023755483497734e-28,-11.549713134765625,-0.27325332164764404,5.373014642688569e-38,-14.145750045776367,-0.27325332164764404,4.5013625229095993e-66,-18.29538345336914
Apc2,0.0003628194681368768,0.002553485566750169,-2.816721200942993,0.9979940091511154,-0.08852333575487137,-2.816721200942993,0.2652130905488027,-1.6503630876541138,-2.816721200942993,0.022196709049252566,-2.7004284858703613
2310011J03Rik,0.39483338594436646,0.4320094883441925,-0.1584784835577011,0.19713880496941755,-1.7812427282333374,-0.1584784835577011,0.11363365694306939,-2.145601511001587,-0.1584784835577011,0.015293365151288828,-2.83992075920105
Pcsk4,0.0017326123779639602,0.0071272472850978374,-2.0442898273468018,0.8599906071629163,-0.6864566206932068,-2.0442898273468018,0.08425951168862814,-2.2976181507110596,-2.0442898273468018,0.0012716827103384039,-3.6434450149536133
Reep6,0.0005602043820545077,0.0005960016278550029,-0.08938866853713989,0.9979940091511154,0.08282364159822464,-0.08938866853713989,1.0,-0.04996376112103462,-0.08938866853713989,1.0,-0.06853627413511276
Adamtsl5,0.0003129252581857145,0.0,18.25568962097168,0.9979940091511154,0.14071114361286163,18.25568962097168,0.5196272646011879,1.0,18.25568962097168,0.46147875269036936,1.0
Mex3d,0.014136312529444695,0.020747171714901924,-0.558291494846344,0.5613754140755467,-1.0813384056091309,-0.558291494846344,0.45164326127940657,-1.2162622213363647,-0.558291494846344,0.15536318006746866,-1.8040624856948853
Mbd3,0.545177161693573,0.5959533452987671,-0.16856607794761658,0.0806372886775226,-2.240156888961792,-0.16856607794761658,0.04955539275323134,-2.538567066192627,-0.16856607794761658,0.002415471510645266,-3.454585313796997
Uqcr11,1.0548856258392334,1.2426427602767944,-0.3971374034881592,2.0221174995915857e-14,-8.118409156799316,-0.3971374034881592,2.168713161915867e-13,-8.006852149963379,-0.3971374034881592,1.697447941315745e-25,-10.942519187927246
Tcf3,0.41739216446876526,0.5160204768180847,-0.38268372416496277,0.0001385752855042333,-4.319742679595947,-0.38268372416496277,1.0249316501013897e-05,-4.97845983505249,-0.38268372416496277,1.8423682251434157e-10,-6.790225505828857
Atp8b3,0.0,0.0,0.0,0.9979940091511154,0.11319231241941452,0.0,1.0,0.0,0.0,1.0,0.0
Rexo1,0.3495742082595825,0.36893850564956665,-0.09258463978767395,0.26891362067890595,-1.5971604585647583,-0.09258463978767395,0.4700876003738327,-1.1802781820297241,-0.09258463978767395,0.23251096581842834,-1.535085678100586
Klf16,0.052265752106904984,0.07559031248092651,-0.5493397116661072,0.000643692651984602,-3.916578769683838,-0.5493397116661072,0.05114271283352531,-2.525975465774536,-0.5493397116661072,0.001795960631688256,-3.5429084300994873
Abhd17a,0.597035825252533,0.6424036622047424,-0.14174681901931763,0.27838384481777534,-1.5760538578033447,-0.14174681901931763,0.09143783308428527,-2.2565994262695312,-0.14174681901931763,0.008097998021345094,-3.066859006881714
Scamp4,0.00027705656248144805,0.0006508500082418323,-1.2324111461639404,0.9979940091511154,0.05521576479077339,-1.2324111461639404,0.7915977402268213,-0.5284303426742554,-1.2324111461639404,0.5723919659367634,-0.8088763952255249
Gm49322,0.00477258674800396,0.0046191029250621796,0.04726940765976906,0.9979940091511154,-0.205010786652565,0.04726940765976906,1.0,0.07083865255117416,0.04726940765976906,1.0,0.09049317985773087
Csnk1g2,0.4315405488014221,0.45057934522628784,-0.07702510058879852,0.8954106267435018,-0.6430855393409729,-0.07702510058879852,0.5196272646011879,-1.0126482248306274,-0.07702510058879852,0.2954115051707769,-1.3673803806304932
Btbd2,0.0557083934545517,0.06188144162297249,-0.15610863268375397,0.064756119490654,-2.3398125171661377,-0.15610863268375397,0.6536623099157153,-0.7653286457061768,-0.15610863268375397,0.46147875269036936,-1.039082646369934
Mknk2,0.6656002402305603,0.7817785739898682,-0.3259294033050537,0.00016014591841928525,-4.282071590423584,-0.3259294033050537,7.740396138941997e-07,-5.5053019523620605,-0.3259294033050537,7.042720822110212e-12,-7.27976655960083
Mob3a,0.34015223383903503,0.31007689237594604,0.15642279386520386,0.4454858022405434,1.2591866254806519,0.15642279386520386,0.2163682780791661,1.7851682901382446,0.15642279386520386,0.04879936694207311,2.3720686435699463
Izumo4,0.07799288630485535,0.06134254112839699,0.35860475897789,0.9979940091511154,0.37591248750686646,0.35860475897789,0.3382292261173059,1.4748499393463135,0.35860475897789,0.09021352535992792,2.0888969898223877
Ap3d1,0.2607303857803345,0.2580620348453522,0.01684877648949623,0.7743674398130459,-0.794127345085144,0.01684877648949623,0.992140754208172,0.16925908625125885,0.01684877648949623,0.9410273471335557,0.22669854760169983
Dot1l,0.19903972744941711,0.19927826523780823,-0.0019055850571021438,0.26759270075379893,-1.6000102758407593,-0.0019055850571021438,1.0,-0.016693027690052986,-0.0019055850571021438,1.0,-0.02220418117940426
Plekhj1,0.9196211695671082,0.9586588144302368,-0.09248153120279312,0.4637444108220557,-1.2289069890975952,-0.09248153120279312,0.16590178791744184,-1.9410624504089355,-0.09248153120279312,0.03078711250248802,-2.57022762298584
Sf3a2,0.2622940242290497,0.2723766565322876,-0.06201483681797981,0.3978761860712606,-1.3401399850845337,-0.06201483681797981,0.7101486654328045,-0.6667887568473816,-0.06201483681797981,0.5258727209276154,-0.8859701156616211
Amh,0.0003159763291478157,0.0,18.269689559936523,0.9979940091511154,0.14071114361286163,18.269689559936523,0.5196272646011879,1.0,18.269689559936523,0.46147875269036936,1.0
Oaz1,2.7757537364959717,2.6903421878814697,0.13179472088813782,2.600912482380194e-10,6.810953617095947,0.13179472088813782,1.9272561260856408e-08,6.206331729888916,0.13179472088813782,3.1714812757733004e-16,8.599958419799805
Lsm7,0.46717435121536255,0.6548234224319458,-0.6350935101509094,4.520904735661908e-15,-8.305163383483887,-0.6350935101509094,6.224892419942538e-18,-9.389373779296875,-0.6350935101509094,3.2173343292666264e-34,-12.788695335388184
Sppl2b,0.035539377480745316,0.038994137197732925,-0.1363467574119568,0.20179048420316287,-1.7687746286392212,-0.1363467574119568,0.7836624509486375,-0.5418784618377686,-0.1363467574119568,0.6219356284863434,-0.7258815169334412
Timm13,1.0713670253753662,1.2752066850662231,-0.42642760276794434,6.860197095495522e-17,-8.809051513671875,-0.42642760276794434,6.604620373195497e-17,-9.104011535644531,-0.42642760276794434,6.058274777799316e-33,-12.529722213745117
Lmnb2,0.09865199029445648,0.09794203191995621,0.010940614156425,0.038687532785118904,-2.560319423675537,0.010940614156425,1.0,0.07295092195272446,0.010940614156425,1.0,0.09359652549028397
Gadd45b,0.5446522235870361,0.5859768390655518,-0.1381114274263382,0.03890653944989143,-2.557825803756714,-0.1381114274263382,0.32797337259104453,-1.498418927192688,-0.1381114274263382,0.10966792418570186,-1.9892336130142212
Gng7,0.0,0.0,0.0,0.9979940091511154,0.11319231241941452,0.0,1.0,0.0,0.0,1.0,0.0
Slc39a3,0.08196195214986801,0.07090386748313904,0.21716850996017456,0.6386665008916528,-0.9725099205970764,0.21716850996017456,0.4264052034466806,1.2639631032943726,0.21716850996017456,0.19544298163644344,1.6407759189605713
Sgta,0.3491657078266144,0.36775922775268555,-0.08906173706054688,0.6254636449170337,-0.9898761510848999,-0.08906173706054688,0.5196272646011879,-1.0806940793991089,-0.08906173706054688,0.2562469906491042,-1.4718414545059204
Thop1,0.07899007946252823,0.12870557606220245,-0.740813672542572,6.779139994073676e-06,-5.0080695152282715,-0.740813672542572,7.064139251274696e-05,-4.549111366271973,-0.740813672542572,6.795748331551959e-10,-6.584409713745117
Map2k2,0.7323201894760132,0.8080870509147644,-0.20363754034042358,0.013342684841145702,-2.9735469818115234,-0.20363754034042358,0.001582727852042522,-3.722724199295044,-0.20363754034042358,5.958412832570171e-06,-4.94748067855835
Zbtb7a,0.3822379410266876,0.39976054430007935,-0.07812640815973282,0.5616251738805091,-1.0805368423461914,-0.07812640815973282,0.5868155926715659,-0.8773930668830872,-0.07812640815973282,0.3798547412940563,-1.1886025667190552
Pias4,0.20978622138500214,0.16170920431613922,0.4112713038921356,0.48428305242403585,1.1981821060180664,0.4112713038921356,0.002250444772788694,3.6197781562805176,0.4112713038921356,2.5037662500621776e-05,4.632694244384766
Eef2,2.351836681365967,2.449878692626953,-0.1555507332086563,7.612478527939848e-06,-4.983578681945801,-0.1555507332086563,9.335266848697435e-10,-6.690639495849609,-0.1555507332086563,5.838371625036631e-16,-8.536650657653809
Dapk3,0.3142937421798706,0.3526511788368225,-0.1953321248292923,0.09534344997587929,-2.1601831912994385,-0.1953321248292923,0.08000804513721903,-2.3194656372070312,-0.1953321248292923,0.0066435230697627825,-3.132281541824341
Nmrk2,0.0002467305457685143,0.0,17.91275978088379,0.9979940091511154,0.14071114361286163,17.91275978088379,0.5196272646011879,1.0,17.91275978088379,0.46147875269036936,1.0
Atcay,0.00765131926164031,0.004673394374549389,0.7133878469467163,0.9984208920935209,0.020127035677433014,0.7133878469467163,0.4907247982696993,1.1420665979385376,0.7133878469467163,0.29136923801884956,1.3771371841430664
Zfr2,0.001772110816091299,0.0,20.758316040039062,0.9979940091511154,0.22326761484146118,20.758316040039062,0.17550812881094313,1.9075087308883667,20.758316040039062,0.1286365217100978,1.9075087308883667
Matk,0.02650444023311138,0.02683291584253311,-0.018007704988121986,0.4348881715903768,-1.2767308950424194,-0.018007704988121986,1.0,-0.06278549879789352,-0.018007704988121986,1.0,-0.08062225580215454
Mrpl54,0.8993096947669983,1.0427104234695435,-0.3333722651004791,3.224429743761227e-07,-5.611079216003418,-0.3333722651004791,1.8209561266024373e-08,-6.2055888175964355,-0.3333722651004791,2.5253775131752678e-15,-8.342554092407227
Apba3,0.03567810729146004,0.03479558229446411,0.03677521273493767,0.3553902698071644,-1.4188669919967651,0.03677521273493767,1.0,0.14578719437122345,0.03677521273493767,0.962916077986235,0.18839693069458008
Tjp3,0.028275519609451294,0.036304619163274765,-0.3664223849773407,0.1471962472490259,-1.9428824186325073,-0.3664223849773407,0.39186747546171186,-1.3360377550125122,-0.3664223849773407,0.14649999779036602,-1.8363679647445679
Pip5k1c,0.13202901184558868,0.13921205699443817,-0.08172779530286789,0.04826277909139149,-2.4685897827148438,-0.08172779530286789,0.7482183505100087,-0.6027236580848694,-0.08172779530286789,0.5748829009021591,-0.804405152797699
Cactin,0.17423763871192932,0.1926645040512085,-0.15873302519321442,0.01810222405534762,-2.8627591133117676,-0.15873302519321442,0.36167647049845647,-1.4213812351226807,-0.15873302519321442,0.13480959157021108,-1.8809260129928589
Tbxa2r,0.12761391699314117,0.13074210286140442,-0.03724326565861702,0.20310858408706944,-1.7648561000823975,-0.03724326565861702,0.953474406143132,-0.24359101057052612,-0.03724326565861702,0.872977041137677,-0.3359571397304535
Gipc3,0.0011239518644288182,0.0,20.100961685180664,0.9979940091511154,0.19574879109859467,20.100961685180664,0.24780683272108894,1.6959319114685059,20.100961685180664,0.17805429753851426,1.6959319114685059
Hmg20b,0.30626049637794495,0.3149759769439697,-0.047094520181417465,0.2802154126219209,-1.5717790126800537,-0.047094520181417465,0.789676483809739,-0.53208327293396,-0.047094520181417465,0.643004444039161,-0.693321168422699
Mfsd12,0.008496907539665699,0.011813548393547535,-0.4778291583061218,0.8877769594371944,-0.6515460014343262,-0.4778291583061218,0.5407525623108241,-0.9616553783416748,-0.4778291583061218,0.30113449919907503,-1.3538848161697388
4930404N11Rik,0.016581295058131218,0.011436167173087597,0.5396730899810791,0.9979940091511154,-0.2440180480480194,0.5396730899810791,0.41451722738809416,1.2863816022872925,0.5396730899810791,0.2131741683476952,1.5878403186798096
Fzr1,0.5920155048370361,0.4681015610694885,0.436057984828949,2.1817855022138916e-06,5.238818168640137,0.436057984828949,2.617737195610312e-07,5.721051216125488,0.436057984828949,2.1217323947067473e-13,7.763965129852295
Dohh,0.2316576987504959,0.32278451323509216,-0.5473443269729614,1.6185294699475716e-07,-5.7378082275390625,-0.5473443269729614,3.6406319510325775e-07,-5.663923740386963,-0.5473443269729614,1.170555714914501e-13,-7.844115257263184
Gm48551,0.005798777565360069,0.0037678764201700687,0.6234633326530457,0.9984208920935209,-0.007569903042167425,0.6234633326530457,0.5655151768300399,0.9151442646980286,0.6234633326530457,0.42088411944253634,1.1122870445251465
Smim24,0.1755584329366684,0.16473405063152313,0.09984204918146133,0.2651855733169654,-1.6057990789413452,0.09984204918146133,0.6399038329731526,0.7866400480270386,0.09984204918146133,0.46147875269036936,1.0267770290374756
Nfic,0.18354938924312592,0.16964343190193176,0.1239887923002243,0.8097550290147377,-0.749865710735321,0.1239887923002243,0.5656146749221649,0.9150031208992004,0.1239887923002243,0.3539325675847676,1.241222858428955
Celf5,0.0037060235626995564,0.004884997848421335,-0.39933687448501587,0.9979940091511154,-0.2614733576774597,-0.39933687448501587,0.7703590772419594,-0.5655132532119751,-0.39933687448501587,0.5924461286171555,-0.775573194026947
Ncln,0.1556748002767563,0.18608705699443817,-0.2800045907497406,0.0015886706381674877,-3.6634767055511475,-0.2800045907497406,0.08150153923999362,-2.309727191925049,-0.2800045907497406,0.007074643809642655,-3.1116180419921875
S1pr4,0.9917573928833008,1.0165495872497559,-0.056449152529239655,0.9348882422624408,-0.5892946720123291,-0.056449152529239655,0.5301901937125466,-0.9815854430198669,-0.056449152529239655,0.3153661256261539,-1.3222612142562866
Gna15,0.6399348974227905,0.5254475474357605,0.37493860721588135,0.0002219487823604367,4.201474189758301,0.37493860721588135,4.844626652815716e-06,5.131411075592041,0.37493860721588135,3.863549047844541e-10,6.678382873535156
Gna11,0.1730203628540039,0.1823304146528244,-0.08252818882465363,0.018903697690027532,-2.846461534500122,-0.08252818882465363,0.6575937348600177,-0.7577178478240967,-0.08252818882465363,0.4767421909462481,-0.9727351069450378
Tle5,1.8907890319824219,1.828888177871704,0.10577702522277832,0.0028740779737684886,3.4839365482330322,0.10577702522277832,0.008147718491341084,3.2164201736450195,0.10577702522277832,3.3404618387904015e-05,4.564809799194336
Tle2,0.0017081988044083118,0.002080583479255438,-0.2847808003425598,0.9984208920935209,-0.004809114616364241,-0.2847808003425598,0.947415439077999,-0.255563348531723,-0.2847808003425598,0.8590486575203223,-0.35660380125045776
Tle6,0.0010699796257540584,0.004497834946960211,-2.074120044708252,0.9979940091511154,-0.2588016390800476,-2.074120044708252,0.3047898230429033,-1.553239107131958,-2.074120044708252,0.04229653437714597,-2.433879852294922
BC025920,0.022467810660600662,0.02074677310883999,0.11621849983930588,0.8709104653223511,-0.6717621088027954,0.11621849983930588,0.8908864127443538,0.3571349084377289,0.11621849983930588,0.7886046528826312,0.46713945269584656
Sirt6,0.09538636356592178,0.098505400121212,-0.04870610311627388,0.09958290978190804,-2.139432668685913,-0.04870610311627388,0.9125021902551734,-0.31831055879592896,-0.04870610311627388,0.8160667168228976,-0.4246235489845276
Ankrd24,0.005702916067093611,0.009396555833518505,-0.7230998873710632,0.9483945483403705,-0.5739767551422119,-0.7230998873710632,0.4346352564746789,-1.2478995323181152,-0.7230998873710632,0.15070302087892792,-1.821141004562378
Gm10778,0.0,0.0,0.0,0.9979940091511154,0.11319231241941452,0.0,1.0,0.0,0.0,1.0,0.0
Zfp433,0.0029232362285256386,0.004570814315229654,-0.6460736989974976,0.9979940091511154,-0.20518890023231506,-0.6460736989974976,0.6791111887372439,-0.7214588522911072,-0.6460736989974976,0.46147875269036936,-1.0115283727645874
Gm3055,0.0006032321834936738,0.0011302657658234239,-0.9062559008598328,0.9979940091511154,-0.0302796121686697,-0.9062559008598328,0.7948217174363538,-0.523043692111969,-0.9062559008598328,0.6417916517874196,-0.6954879760742188
Gm32687,0.0017010703450068831,0.0006630253046751022,1.360054612159729,0.9979940091511154,0.13803941011428833,1.360054612159729,0.5592941338051943,0.9266155362129211,1.360054612159729,0.4487008389644915,1.0609309673309326
Zfp781,0.0005485954461619258,0.0024643868673592806,-2.1687943935394287,0.9979940091511154,-0.1733953058719635,-2.1687943935394287,0.33805415312922865,-1.4763858318328857,-2.1687943935394287,0.04748423143336335,-2.3842270374298096
Zfp873,0.009783782996237278,0.009224805980920792,0.08527757972478867,0.9979940091511154,-0.31294870376586914,0.08527757972478867,0.988002115744917,0.17719700932502747,0.08527757972478867,0.9372137741129464,0.23368726670742035
BC024063,0.0006313566118478775,0.0,19.268552780151367,0.9979940091511154,0.16822996735572815,19.268552780151367,0.3637025325906183,1.3994017839431763,19.268552780151367,0.2834643608436826,1.3994017839431763
AU041133,0.016135863959789276,0.019345445558428764,-0.26404500007629395,0.6206391816428426,-0.9968226552009583,-0.26404500007629395,0.7234401044307353,-0.6457892060279846,-0.26404500007629395,0.5270544543862163,-0.8836544752120972
Zfp938,0.04140590503811836,0.05403662100434303,-0.3932844400405884,0.011712470134318006,-3.0213708877563477,-0.3932844400405884,0.23208492820249035,-1.7426674365997314,-0.3932844400405884,0.05252753387508723,-2.339770555496216
Gm4924,0.006799119990319014,0.006029951386153698,0.17375722527503967,0.9979940091511154,-0.1494387835264206,0.17375722527503967,0.9283577169655364,0.2886255085468292,0.17375722527503967,0.8485145042012076,0.3737131357192993
1190007I07Rik,0.16771967709064484,0.26390159130096436,-0.7258222699165344,5.300995770459675e-10,-6.702481269836426,-0.7258222699165344,1.0121903627453842e-08,-6.3304362297058105,-0.7258222699165344,1.0138654952943409e-17,-9.012088775634766
Tdg,0.2792767882347107,0.3002987205982208,-0.12059814482927322,0.14965853365966736,-1.9337985515594482,-0.12059814482927322,0.3869520261259471,-1.3465802669525146,-0.12059814482927322,0.16021537352752957,-1.786034345626831
Glt8d2,0.0005309460102580488,0.0,19.018590927124023,0.9979940091511154,0.14071114361286163,19.018590927124023,0.5196272646011879,1.0,19.018590927124023,0.46147875269036936,1.0
Hcfc2,0.062262121587991714,0.061383869498968124,0.021135088056325912,0.1468563654541213,-1.944129228591919,0.021135088056325912,1.0,0.10451380908489227,0.021135088056325912,0.99432954738566,0.13843071460723877
Nfyb,0.729605495929718,0.6479809880256653,0.23675094544887543,0.0010277543778765637,3.788870096206665,0.23675094544887543,0.0009750063742704883,3.8571064472198486,0.23675094544887543,3.1895521548376853e-06,5.075476169586182
Txnrd1,0.474011093378067,0.5468488335609436,-0.2632129192352295,0.007071178488692836,-3.19378662109375,-0.2632129192352295,0.002234526409866847,-3.626372814178467,-0.2632129192352295,7.141007561305373e-06,-4.908098220825195
Eid3,0.01777483895421028,0.02024206891655922,-0.18930549919605255,0.47098553386815556,-1.217952847480774,-0.18930549919605255,0.8004842923377865,-0.5125668048858643,-0.18930549919605255,0.644106029694469,-0.6915362477302551
Chst11,0.09204282611608505,0.08582198619842529,0.10551200062036514,0.34221685335911706,-1.4440703392028809,0.10551200062036514,0.7519626576847287,0.5968356728553772,0.10551200062036514,0.5755544790584295,0.8031386137008667
Slc41a2,0.004113734699785709,0.004702904261648655,-0.19352856278419495,0.9979940091511154,-0.3175796866416931,-0.19352856278419495,0.9395727421393364,-0.26904457807540894,-0.19352856278419495,0.8683115219187394,-0.3433738946914673
D10Wsu102e,0.1883176863193512,0.20231136679649353,-0.1138315498828888,0.008184113835580101,-3.1446268558502197,-0.1138315498828888,0.5196272646011879,-1.0237165689468384,-0.1138315498828888,0.3138457177721345,-1.3257819414138794
Washc4,0.1497754454612732,0.193722203373909,-0.4037960469722748,9.810949916721557e-05,-4.403457164764404,-0.4037960469722748,0.012801547831406895,-3.0587570667266846,-0.4037960469722748,0.00012672720533274715,-4.248523712158203
Appl2,0.030286457389593124,0.035927798599004745,-0.25051984190940857,0.17457379139062842,-1.8483030796051025,-0.25051984190940857,0.5423412208411482,-0.9588128924369812,-0.25051984190940857,0.33203980342353306,-1.2873443365097046
1500009L16Rik,1.2676749229431152,1.585006594657898,-0.6038475036621094,1.6719774248989505e-14,-8.143256187438965,-0.6038475036621094,1.2518311041294362e-11,-7.438021183013916,-0.6038475036621094,4.025841590584175e-24,-10.622296333312988
Ckap4,0.0002550343342591077,0.01019067969173193,-5.327582836151123,0.9714892571601285,-0.5437862277030945,-5.327582836151123,0.11321890676772572,-2.152721405029297,-5.327582836151123,0.0008049822309868383,-3.7762157917022705
Tcp11l2,0.025304973125457764,0.06650154292583466,-1.423911213874817,0.0028523546728142527,-3.4860739707946777,-1.423911213874817,0.00107906905113202,-3.8476686477661133,-1.423911213874817,8.718088160942142e-09,-6.175974369049072
Polr3b,0.09710653871297836,0.11559177190065384,-0.2649689316749573,0.022449505098565394,-2.780291795730591,-0.2649689316749573,0.2704584293693104,-1.6353665590286255,-0.2649689316749573,0.058982195666460645,-2.286815881729126
Rfx4,0.0,0.0,0.0,0.9979940091511154,0.11319231241941452,0.0,1.0,0.0,0.0,1.0,0.0
Ric8b,0.04898417368531227,0.056564878672361374,-0.21310706436634064,0.09138245166666113,-2.1801321506500244,-0.21310706436634064,0.59420404258195,-0.8650500178337097,-0.21310706436634064,0.3617195895129266,-1.2251548767089844
Fhl4,0.0017190332291647792,0.008677090518176556,-2.340636730194092,0.9714892571601285,-0.545211136341095,-2.340636730194092,0.21187482766490437,-1.8006129264831543,-2.340636730194092,0.01074952288930915,-2.9689462184906006
Tmem263,0.16660673916339874,0.17317940294742584,-0.06069601699709892,0.02128254380279971,-2.799795389175415,-0.06069601699709892,0.8082927018987642,-0.5002650022506714,-0.06069601699709892,0.6673029334866256,-0.6541727185249329
Mterf2,0.04237145185470581,0.04476670175790787,-0.08107393980026245,0.31367068835493794,-1.5015125274658203,-0.08107393980026245,0.9139188549153549,-0.31529611349105835,-0.08107393980026245,0.8106674025115072,-0.4337952733039856
Cry1,0.150233656167984,0.12543335556983948,0.2785874009132385,0.8715938342934095,-0.6710496544837952,0.2785874009132385,0.13362218206240462,2.0610477924346924,0.2785874009132385,0.024384902033222838,2.663288116455078
Btbd11,0.01896020956337452,0.020287178456783295,-0.09855376929044724,0.9255830822033808,-0.6042563915252686,-0.09855376929044724,0.964109720729485,-0.22215668857097626,-0.09855376929044724,0.8830701688311422,-0.319234699010849
Pwp1,0.14578686654567719,0.1773456335067749,-0.30608052015304565,0.0030591008128180415,-3.4650564193725586,-0.30608052015304565,0.06477959541670124,-2.420034170150757,-0.30608052015304565,0.003654933915122479,-3.327328681945801
Prdm4,0.06255825608968735,0.07862548530101776,-0.3415231704711914,0.004719842791353342,-3.3275511264801025,-0.3415231704711914,0.20254835850044603,-1.8242446184158325,-0.3415231704711914,0.037466857880400016,-2.4862844944000244
Ascl4,0.0004760716110467911,0.0017547946190461516,-1.882972002029419,0.9979940091511154,-0.11577498912811279,-1.882972002029419,0.4903718762387936,-1.1433866024017334,-1.882972002029419,0.17303313726660532,-1.7128359079360962
Rtcb,0.3663581907749176,0.4215879440307617,-0.24502800405025482,0.010807462307837697,-3.050492763519287,-0.24502800405025482,0.009488413685424506,-3.162505626678467,-0.24502800405025482,0.00012154666821822217,-4.259393692016602
Bpifc,0.0003653002204373479,0.0007510407012887299,-1.0400846004486084,0.9979940091511154,0.05521576479077339,-1.0400846004486084,0.8306968112382088,-0.4618714451789856,-1.0400846004486084,0.6472286236631657,-0.6866478323936462
Fbxo7,0.1330224722623825,0.14059385657310486,-0.08544953912496567,0.023837435642821106,-2.7568695545196533,-0.08544953912496567,0.7076145971596202,-0.6716336011886597,-0.08544953912496567,0.5266548834329956,-0.8844239115715027
Hsp90b1,1.9511027336120605,2.29541277885437,-0.5647245645523071,4.5873754825492365e-34,-12.60094928741455,-0.5647245645523071,6.410176082846378e-20,-10.067763328552246,-0.5647245645523071,4.301150507706986e-45,-14.808401107788086
Ttc41,0.0037612433079630136,0.004330309573560953,-0.20367132127285004,0.9979940091511154,-0.1763342171907425,-0.20367132127285004,0.931797791900706,-0.28242170810699463,-0.20367132127285004,0.8463074049282651,-0.37720876932144165
Nt5dc3,0.01743863709270954,0.03643496707081795,-1.076801061630249,0.03177154938156342,-2.642341375350952,-1.076801061630249,0.008821651251731153,-3.1934642791748047,-1.076801061630249,1.2520966707432773e-05,-4.787483215332031
Stab2,0.0,0.00047693747910670936,-18.863788604736328,0.9979940091511154,0.027607882395386696,-18.863788604736328,0.5196272646011879,-1.0,-18.863788604736328,0.16021537352752957,-1.759765386581421
Igf1,0.0010264015290886164,0.0059363762848079205,-2.5355300903320312,0.9984208920935209,-0.0029389034025371075,-2.5355300903320312,0.5626385918488267,-0.9211316108703613,-2.5355300903320312,0.21296997518661145,-1.5888341665267944
Pmch,0.0,0.0,0.0,0.9979940091511154,0.11319231241941452,0.0,1.0,0.0,0.0,1.0,0.0
Parpbp,0.2347826063632965,0.15374815464019775,0.6711017489433289,0.006812610091087456,3.2072343826293945,0.6711017489433289,1.5236812434558267e-07,5.8046488761901855,0.6711017489433289,4.135189385985774e-12,7.36038875579834
Nup37,0.3941258192062378,0.3899884521961212,0.018403692170977592,0.9984208920935209,0.005699691828340292,0.018403692170977592,0.959944681193287,0.23071815073490143,0.018403692170977592,0.8902304070001394,0.3071322739124298
Washc3,0.3873017728328705,0.41463688015937805,-0.11942258477210999,0.4056433258625314,-1.3266032934188843,-0.11942258477210999,0.3021803512872417,-1.558530330657959,-0.11942258477210999,0.09212190292746682,-2.078831434249878
Dram1,0.004347501788288355,0.006145835854113102,-0.5007209777832031,0.9979940091511154,-0.1497950255870819,-0.5007209777832031,0.7822508401639802,-0.5446959137916565,-0.5007209777832031,0.5752856773013985,-0.8036527037620544
Gnptab,0.4737965166568756,0.47041893005371094,0.012948897667229176,0.9979940091511154,0.30769428610801697,0.012948897667229176,0.9935109090078211,0.16571135818958282,0.012948897667229176,0.9397833776078449,0.2288249284029007
Chpt1,0.1724514663219452,0.17644821107387543,-0.036021288484334946,0.13793380115856446,-1.9753884077072144,-0.036021288484334946,0.9378582314450529,-0.2723029851913452,-0.036021288484334946,0.8499854778050365,-0.37127044796943665
Sycp3,0.001058801542967558,0.0007382815238088369,0.5204198360443115,0.9979940091511154,0.11043152958154678,0.5204198360443115,0.9061600778265944,0.32917869091033936,0.5204198360443115,0.8182728344221997,0.42121458053588867
Spic,0.004696783609688282,0.007132268510758877,-0.604446530342102,0.9979940091511154,0.21578676998615265,-0.604446530342102,0.8548873310980372,-0.42037323117256165,-0.604446530342102,0.6477621187467126,-0.685470461845398
Arl1,0.5452117323875427,0.6364992260932922,-0.2956392168998718,0.0023390877690262187,-3.5485923290252686,-0.2956392168998718,5.1672128182005296e-05,-4.61337947845459,-0.2956392168998718,9.961778772721363e-09,-6.146762847900391
Utp20,0.04531300067901611,0.10830044001340866,-1.3030593395233154,9.013833189391292e-10,-6.618143558502197,-1.3030593395233154,1.0019557006355613e-08,-6.349380970001221,-1.3030593395233154,2.9693181795396485e-19,-9.425553321838379
Gas2l3,0.1881212741136551,0.07430807501077652,1.4239659309387207,0.00012387268133030575,4.346994400024414,1.4239659309387207,1.0098114964408607e-19,9.722102165222168,1.4239659309387207,3.148928446966198e-26,11.187482833862305
Slc17a8,0.0003586556704249233,0.0,18.452503204345703,0.9979940091511154,0.14071114361286163,18.452503204345703,0.5196272646011879,1.0,18.452503204345703,0.46147875269036936,1.0
Scyl2,0.16107486188411713,0.1495787352323532,0.1153334528207779,0.6253774518674181,-0.9901432991027832,0.1153334528207779,0.5598902828021255,0.9256947040557861,0.1153334528207779,0.36348091654290454,1.2216025590896606
Actr6,0.11777899414300919,0.15769310295581818,-0.4504900872707367,2.7606905079651402e-05,-4.700998783111572,-0.4504900872707367,0.00791514824076788,-3.2252063751220703,-0.4504900872707367,5.4445541366402944e-05,-4.451243877410889
Uhrf1bp1l,0.16418734192848206,0.12229260057210922,0.45594772696495056,0.9979940091511154,0.1612834632396698,0.45594772696495056,0.003549993114897582,3.4815521240234375,0.45594772696495056,7.014237406830729e-05,4.393433570861816
Anks1b,0.0,0.0005988087505102158,-19.192169189453125,0.9979940091511154,0.027607882395386696,-19.192169189453125,0.5196272646011879,-1.0,-19.192169189453125,0.16021537352752957,-1.759765386581421
Apaf1,0.21849705278873444,0.22095681726932526,-0.01798998937010765,0.3467947336980241,-1.4355207681655884,-0.01798998937010765,0.993166543874056,-0.1666519194841385,-0.01798998937010765,0.9432126447868366,-0.2230786830186844
Ikbip,0.025348734110593796,0.03358948975801468,-0.41206973791122437,0.15908177438932183,-1.9001346826553345,-0.41206973791122437,0.36167647049845647,-1.4118454456329346,-0.41206973791122437,0.11302483667932542,-1.9727884531021118
Slc25a3,1.8337523937225342,2.0675296783447266,-0.39336952567100525,1.804747603995355e-29,-11.704672813415527,-0.39336952567100525,6.832460771868074e-22,-10.537369728088379,-0.39336952567100525,4.705380460443052e-45,-14.798440933227539
Tmpo,1.745904803276062,1.4457892179489136,0.54386305809021,9.727987900149433e-27,11.138176918029785,0.54386305809021,1.9151083631607268e-23,11.029019355773926,0.54386305809021,1.1531827900888325e-52,16.092205047607422
Nedd1,0.22929233312606812,0.1714809238910675,0.46223390102386475,0.31615595915255135,1.4964362382888794,0.46223390102386475,0.00016881878878082014,4.315141677856445,0.46223390102386475,5.806388657355621e-07,5.41258430480957
Cfap54,0.002459647599607706,0.0019679719116538763,0.32209649682044983,0.9979940091511154,0.050940994173288345,0.32209649682044983,0.9044934274530549,0.3325439393520355,0.32209649682044983,0.8136665158396086,0.4287046790122986
Cdk17,0.2875763475894928,0.2768981158733368,0.06265433877706528,0.9624145595308172,-0.5568776726722717,0.06265433877706528,0.7076145971596202,0.6718280911445618,0.06265433877706528,0.5292262728175999,0.8798646926879883
Elk3,0.18991689383983612,0.18308216333389282,0.057960283011198044,0.49484392430572954,-1.1824188232421875,0.057960283011198044,0.8023847712800545,0.5098521113395691,0.057960283011198044,0.6549051103861355,0.674360454082489
Lta4h,0.3364635407924652,0.32520437240600586,0.05767224729061127,0.9979940091511154,0.050495706498622894,0.05767224729061127,0.7079404508206442,0.6709309816360474,0.05767224729061127,0.528958265609793,0.880407989025116
Hal,0.0,0.0,0.0,0.9979940091511154,0.11319231241941452,0.0,1.0,0.0,0.0,1.0,0.0
Amdhd1,0.004865738563239574,0.005030646454542875,-0.048203855752944946,0.9979940091511154,-0.17767007648944855,-0.048203855752944946,1.0,-0.07279463112354279,-0.048203855752944946,1.0,-0.09692829847335815
Ccdc38,0.0005800775834359229,0.001999012427404523,-1.785991907119751,0.9984208920935209,-0.0029389034025371075,-1.785991907119751,0.5612415455256791,-0.9235579967498779,-1.785991907119751,0.23980789931791285,-1.5152256488800049
Snrpf,1.5239908695220947,1.7422515153884888,-0.3915955722332001,2.348024752337956e-22,-10.169318199157715,-0.3915955722332001,6.0990754328175e-19,-9.702059745788574,-0.3915955722332001,1.411100552574266e-37,-13.4354829788208
Ntn4,0.0,0.0,0.0,0.9979940091511154,0.11319231241941452,0.0,1.0,0.0,0.0,1.0,0.0
Usp44,0.00167356978636235,0.0015220089117065072,0.1370612382888794,0.9984208920935209,-0.004630999639630318,0.1370612382888794,1.0,0.13063651323318481,0.1370612382888794,0.9768948350234145,0.16701488196849823
Metap2,0.971264660358429,1.1700860261917114,-0.4372102618217468,1.0511421179889711e-14,-8.201054573059082,-0.4372102618217468,9.366004417867704e-14,-8.134445190429688,-0.4372102618217468,5.901608943982137e-27,-11.26717758178711
Vezt,0.04558398574590683,0.04060734435915947,0.17040225863456726,0.3619376450479657,-1.40622079372406,0.17040225863456726,0.6959266494498019,0.6927266120910645,0.17040225863456726,0.5171224503955503,0.9019302725791931
Fgd6,0.00996898952871561,0.003650660626590252,1.4538521766662598,0.9979940091511154,0.2997681498527527,1.4538521766662598,0.06107060838935456,2.4426443576812744,1.4538521766662598,0.01740912109374609,2.792949676513672
Nr2c1,0.006862859707325697,0.015627635642886162,-1.193551778793335,0.4029506334090973,-1.3314123153686523,-1.193551778793335,0.08600787626712854,-2.28548002243042,-1.193551778793335,0.0042938037124295335,-3.2757761478424072
Ndufa12,0.9279531836509705,1.121478796005249,-0.43630853295326233,5.1707002896306866e-17,-8.842804908752441,-0.43630853295326233,1.3756997457979329e-14,-8.397850036621094,-0.43630853295326233,1.3536162717756953e-28,-11.623300552368164
Tmcc3,0.004129223059862852,0.007834671065211296,-0.9266780018806458,0.993872568575114,-0.517959475517273,-0.9266780018806458,0.39474160528369134,-1.3304580450057983,-0.9266780018806458,0.12246159884151318,-1.9322844743728638
Cep83,0.3511902391910553,0.35427552461624146,-0.014975065365433693,0.5722718703570471,-1.064239263534546,-0.014975065365433693,0.9879376186832055,-0.17767800390720367,-0.014975065365433693,0.9372868722362191,-0.23347535729408264
Plxnc1,0.1154055967926979,0.12966205179691315,-0.1785370260477066,0.0033766414517990544,-3.4337079524993896,-0.1785370260477066,0.42683329052527247,-1.262732744216919,-0.1785370260477066,0.1857171680663981,-1.670344591140747
Cradd,0.11596618592739105,0.10305217653512955,0.17981454730033875,0.5224598954610301,-1.1409180164337158,0.17981454730033875,0.47037509550405443,1.1797420978546143,0.17981454730033875,0.22418317350243558,1.5580267906188965
Socs2,0.021139094606041908,0.03462579846382141,-0.7217074036598206,0.05149671003410829,-2.4408929347991943,-0.7217074036598206,0.0986089753562889,-2.219855785369873,-0.7217074036598206,0.008242685211692514,-3.060546636581421
Mrpl42,0.7891765832901001,0.90561443567276,-0.29426309466362,7.670637730530887e-06,-4.981619358062744,-0.29426309466362,5.903655886092102e-07,-5.563689708709717,-0.29426309466362,1.4208060749660448e-12,-7.504568099975586
Ube2n,1.0508347749710083,1.1095634698867798,-0.12830261886119843,0.020867496941959978,-2.8077216148376465,-0.12830261886119843,0.03752209901467357,-2.653917074203491,-0.12830261886119843,0.0009431867575829261,-3.7249772548675537
Nudt4,0.5625275373458862,0.500810980796814,0.21610282361507416,0.02054924788854663,2.8136885166168213,0.21610282361507416,0.007057974718314872,3.2598111629486084,0.21610282361507416,0.0001534871544536859,4.202291965484619
Anapc15-ps,0.0,0.0035923703107982874,-21.779096603393555,0.9979940091511154,0.027607882395386696,-21.779096603393555,0.5196272646011879,-1.0,-21.779096603393555,0.16021537352752957,-1.759765386581421
Eea1,0.3619937002658844,0.34070026874542236,0.10371915996074677,0.9984208920935209,0.013358652591705322,0.10371915996074677,0.5196272646011879,1.0733461380004883,0.10371915996074677,0.27430016720124684,1.4280505180358887
Gm5426,0.00023141450947150588,0.001329441787675023,-2.5230565071105957,0.9979940091511154,-0.03045772761106491,-2.5230565071105957,0.49656580031652053,-1.132542610168457,-2.5230565071105957,0.13429204145011114,-1.8836724758148193
Btg1,1.4464805126190186,1.0742592811584473,0.752639889717102,2.718933268994003e-23,10.381898880004883,0.752639889717102,3.3727447645047804e-16,8.942865371704102,0.752639889717102,7.926426583925232e-35,12.900547981262207
Lum,0.0,0.0005380013026297092,-19.037641525268555,0.9979940091511154,0.027607882395386696,-19.037641525268555,0.5196272646011879,-1.0,-19.037641525268555,0.16021537352752957,-1.759765386581421
Atp2b1,0.8136240839958191,0.7596773505210876,0.14293994009494781,0.06438414472038713,2.342395067214966,0.14293994009494781,0.11619765483643335,2.1348114013671875,0.14293994009494781,0.01418306161069701,2.8682632446289062
Poc1b,0.09056497365236282,0.0958109200000763,-0.0850798562169075,0.02241282548277143,-2.7809152603149414,-0.0850798562169075,0.7946337467367832,-0.5233991146087646,-0.0850798562169075,0.6442473061054083,-0.6911778450012207
Galnt4,0.020170193165540695,0.02149094082415104,-0.0924597904086113,0.6248638970686309,-0.9913901090621948,-0.0924597904086113,0.9378582314450529,-0.27244091033935547,-0.0924597904086113,0.8561371381950422,-0.3618483245372772
Phxr2,0.0002861535467673093,0.0011970886262133718,-2.065321922302246,0.9979940091511154,-0.0302796121686697,-2.065321922302246,0.5196272646011879,-1.0206836462020874,-2.065321922302246,0.1991873096590389,-1.6291409730911255
Dusp6,0.10736572742462158,0.09052857756614685,0.2584340572357178,0.5404085541903723,-1.1139334440231323,0.2584340572357178,0.28364650540170755,1.6019654273986816,0.2584340572357178,0.09676116129111716,2.053874969482422
Csl,0.0002701408520806581,0.0,18.04355239868164,0.9979940091511154,0.14071114361286163,18.04355239868164,0.5196272646011879,1.0,18.04355239868164,0.46147875269036936,1.0
Kitl,0.0,0.0,0.0,0.9979940091511154,0.11319231241941452,0.0,1.0,0.0,0.0,1.0,0.0
Tmtc3,0.004267785232514143,0.005272840615361929,-0.3058182895183563,0.9979940091511154,-0.28988274931907654,-0.3058182895183563,0.8550223427302791,-0.4198942482471466,-0.3058182895183563,0.7358417598866254,-0.54832923412323
Cep290,0.019532836973667145,0.031988371163606644,-0.7206698656082153,0.19005519041789562,-1.8012807369232178,-0.7206698656082153,0.18482075525846267,-1.8778653144836426,-0.7206698656082153,0.02034617729380884,-2.733879327774048
4930430F08Rik,0.03153940290212631,0.055827926844358444,-0.8414797186851501,0.0006402964267895444,-3.918092727661133,-0.8414797186851501,0.005479731241358941,-3.348240613937378,-0.8414797186851501,1.3793805796019558e-05,-4.764370441436768
Tmtc2,0.0005859400262124836,0.0,19.160818099975586,0.9979940091511154,0.14071114361286163,19.160818099975586,0.5196272646011879,1.0,19.160818099975586,0.46147875269036936,1.0
Mettl25,0.029116475954651833,0.03744368627667427,-0.36892685294151306,0.10841803230742321,-2.0965068340301514,-0.36892685294151306,0.43653319417750375,-1.2439323663711548,-0.36892685294151306,0.16535190305303404,-1.740777611732483
Ccdc59,0.4695165753364563,0.5541201829910278,-0.3052345812320709,0.001018553277683646,-3.791452646255493,-0.3052345812320709,8.180767211282224e-05,-4.50286865234375,-0.3052345812320709,1.8717892933535877e-08,-6.037529468536377
Ppp1r12a,1.2154191732406616,1.0927408933639526,0.2586503028869629,1.0400508539191968e-08,6.217918395996094,0.2586503028869629,7.755453758230052e-06,5.041598796844482,0.2586503028869629,6.451968695276323e-11,6.950606822967529
Pawr,0.0029404766391962767,0.008807658217847347,-1.5869444608688354,0.726458331740399,-0.8561115264892578,-1.5869444608688354,0.09422193348735708,-2.24528431892395,-1.5869444608688354,0.003300066945990048,-3.3592538833618164
E2f7,0.1306212693452835,0.09491907805204391,0.48685765266418457,0.9979940091511154,-0.38561975955963135,0.48685765266418457,0.011801917230594714,3.0821692943573,0.48685765266418457,0.0006796763200282352,3.8169403076171875
Csrp2,0.12209466844797134,0.1506388932466507,-0.32415223121643066,0.0015454920392619412,-3.671314001083374,-0.32415223121643066,0.07836057869121753,-2.330644130706787,-0.32415223121643066,0.005594688017427064,-3.1897635459899902
Zdhhc17,0.033350713551044464,0.03461797535419464,-0.05472298711538315,0.6917702709935959,-0.9026886820793152,-0.05472298711538315,0.9800870423040776,-0.19067135453224182,-0.05472298711538315,0.9168447092536277,-0.264801025390625
Osbpl8,0.3512546420097351,0.3602047264575958,-0.04313785210251808,0.6613883849455792,-0.9430317878723145,-0.04313785210251808,0.8154797657468148,-0.4890575408935547,-0.04313785210251808,0.6644677944830552,-0.6583386659622192
Bbs10,0.00409223698079586,0.009910178370773792,-1.280222773551941,0.9925966269371037,-0.5195625424385071,-1.280222773551941,0.29824211751688917,-1.569327712059021,-1.280222773551941,0.04222953989594769,-2.434551477432251
Nap1l1,1.703194260597229,1.8096293210983276,-0.18562588095664978,3.1927311027127756e-09,-6.414023399353027,-0.18562588095664978,0.0035180311168842857,-3.4955644607543945,-0.18562588095664978,1.5798003364574478e-06,-5.215026378631592
Phlda1,0.47560977935791016,0.5497347712516785,-0.26697611808776855,0.001285068430951136,-3.7255499362945557,-0.26697611808776855,0.010573853219209353,-3.1244659423828125,-0.26697611808776855,0.00018185240976421549,-4.159641742706299
Krr1,0.20204564929008484,0.2244110107421875,-0.16816818714141846,0.03614403334905899,-2.588995933532715,-0.16816818714141846,0.31701373504493174,-1.5234297513961792,-0.16816818714141846,0.09390406348918641,-2.0693299770355225
Glipr1,0.8266812562942505,0.8297959566116333,-0.007979136891663074,0.9979940091511154,0.07516468316316605,-0.007979136891663074,1.0,-0.13182231783866882,-0.007979136891663074,0.9693292260289383,-0.17838160693645477
Atxn7l3b,0.34838294982910156,0.4309455156326294,-0.37024563550949097,0.00031644576483079467,-4.109566688537598,-0.37024563550949097,0.0002903508688239826,-4.185875415802002,-0.37024563550949097,9.123689496814489e-08,-5.7547173500061035
Tbc1d15,0.2594078779220581,0.3082779049873352,-0.28592678904533386,0.002528738801812454,-3.52374529838562,-0.28592678904533386,0.015228490772969694,-2.9958958625793457,-0.28592678904533386,0.0002755921123174759,-4.0533223152160645
Rab21,0.6780322790145874,0.6463517546653748,0.09439098089933395,0.3190040593962149,1.4902912378311157,0.09439098089933395,0.28087876955591684,1.6088696718215942,0.09439098089933395,0.08497314800054964,2.1180574893951416
Tmem19,0.1260078400373459,0.13457824289798737,-0.10124798119068146,0.018478162468672885,-2.85492205619812,-0.10124798119068146,0.6648156801865679,-0.744452953338623,-0.10124798119068146,0.46806830740881855,-0.9885186553001404
Thap2,0.11989928781986237,0.1392880380153656,-0.23053623735904694,0.002103883513160397,-3.579139232635498,-0.23053623735904694,0.30627554843058113,-1.5486234426498413,-0.23053623735904694,0.08696696692501753,-2.1065027713775635
Zfc3h1,0.24625635147094727,0.2749117314815521,-0.180374875664711,0.02925508468747477,-2.6755599975585938,-0.180374875664711,0.23058232894431308,-1.7469884157180786,-0.180374875664711,0.049121976928567186,-2.368544578552246
Lgr5,0.0,0.0016418201848864555,-20.64805030822754,0.9979940091511154,-0.05797655135393143,-20.64805030822754,0.3830143078407068,-1.3560044765472412,-20.64805030822754,0.04745132070110293,-2.3862497806549072
Kcnmb4,0.008644957095384598,0.009622849524021149,-0.15531177818775177,0.9979940091511154,-0.037938572466373444,-0.15531177818775177,0.9870711746371178,-0.17957943677902222,-0.15531177818775177,0.9055101922673994,-0.28266629576683044
Cnot2,0.30494117736816406,0.32614290714263916,-0.11307009309530258,0.548871106952361,-1.0999513864517212,-0.11307009309530258,0.44001360188902716,-1.237322449684143,-0.11307009309530258,0.17795705493776023,-1.6954877376556396
Rab3ip,0.11125390976667404,0.10439398884773254,0.09685467183589935,0.15579824320509994,-1.9123356342315674,0.09685467183589935,0.7433203300853446,0.611445426940918,0.09685467183589935,0.5742788415596294,0.8056567311286926
Cct2,1.2715095281600952,1.5260108709335327,-0.4882616698741913,5.717447897085791e-25,-10.760662078857422,-0.4882616698741913,2.1404729234874937e-28,-12.057900428771973,-0.4882616698741913,1.1070076222939856e-51,-15.967508316040039
Frs2,0.04323095455765724,0.044983573257923126,-0.058607157319784164,0.2832372042007395,-1.5649216175079346,-0.058607157319784164,0.9628883462215996,-0.22442521154880524,-0.058607157319784164,0.8918300307118127,-0.30437153577804565
Yeats4,0.7298301458358765,0.7287728786468506,0.002946061547845602,0.9298838487612336,0.5964192748069763,0.002946061547845602,1.0,0.05116003379225731,0.002946061547845602,1.0,0.06817071884870529
Lyz2,0.00991741195321083,0.05187632143497467,-2.4174630641937256,0.9979940091511154,-0.21730074286460876,-2.4174630641937256,0.26130283783396496,-1.6609234809875488,-2.4174630641937256,0.013020916733354199,-2.9027929306030273
Cpsf6,0.5257346630096436,0.5149164795875549,0.03847378119826317,0.7491271055456508,0.8275240063667297,0.03847378119826317,0.7772872943154036,0.5520370602607727,0.03847378119826317,0.6165549887757547,0.7345958352088928
Cpm,0.040541745722293854,0.07850992679595947,-0.9811267852783203,3.911516788948331e-05,-4.620846748352051,-0.9811267852783203,0.00016209064511962592,-4.345129489898682,-0.9811267852783203,2.3105035847556624e-09,-6.388798713684082
Mdm2,0.3993016481399536,0.44120562076568604,-0.17631039023399353,0.1620471963631933,-1.8895368576049805,-0.17631039023399353,0.07629688397325177,-2.3428049087524414,-0.17631039023399353,0.007046959729306589,-3.1131114959716797
Slc35e3,0.022361578419804573,0.016662834212183952,0.4285123944282532,0.9979940091511154,-0.408240407705307,0.4285123944282532,0.44732080468623747,1.2239128351211548,0.4285123944282532,0.2267868173058284,1.5505717992782593
Nup107,0.27760374546051025,0.3267519176006317,-0.27240443229675293,0.007454290962715924,-3.175618886947632,-0.27240443229675293,0.014976163813002293,-3.0023531913757324,-0.27240443229675293,0.00025138227694127295,-4.076534271240234
Rap1b,1.8634333610534668,1.8277246952056885,0.06117973104119301,0.08919095307284632,2.192243814468384,0.06117973104119301,0.21954481661201916,1.7758737802505493,0.06117973104119301,0.053987758564695704,2.3278160095214844
Mdm1,0.14828170835971832,0.1075003370642662,0.4940437376499176,0.9979940091511154,0.39238813519477844,0.4940437376499176,0.0019009936153867833,3.667238712310791,0.4940437376499176,3.2275976465186966e-05,4.575404167175293
Il22,0.0,0.0,0.0,0.9979940091511154,0.11319231241941452,0.0,1.0,0.0,0.0,1.0,0.0
Ifng,1.6902415752410889,1.743888020515442,-0.09434143453836441,0.5151375486417098,-1.1508923768997192,-0.09434143453836441,0.41106039116046683,-1.2950325012207031,-0.09434143453836441,0.16021537352752957,-1.7737407684326172
Dyrk2,0.11685610562562943,0.11504996567964554,0.023800689727067947,0.28523691194182366,-1.5603796243667603,0.023800689727067947,1.0,0.15101875364780426,0.023800689727067947,0.9532628102641771,0.2052658051252365
Cand1,0.18619820475578308,0.22814571857452393,-0.32441940903663635,0.0011116788504273215,-3.766071319580078,-0.32441940903663635,0.01819927749903554,-2.931210994720459,-0.32441940903663635,0.00031666812839787635,-4.016613006591797
Grip1,0.0008975719683803618,0.0006166617386043072,0.5417501926422119,0.9979940091511154,0.11043152958154678,0.5417501926422119,0.8959397332944123,0.34812667965888977,0.5417501926422119,0.8017384210116725,0.44772979617118835
Helb,0.2104804813861847,0.25252026319503784,-0.2942068874835968,0.001301761750239217,-3.7217204570770264,-0.2942068874835968,0.03328851960711851,-2.7008719444274902,-0.2942068874835968,0.0011224194954983088,-3.676699161529541
Irak3,0.03174398094415665,0.04696660861372948,-0.5762051343917847,0.1469206652712651,-1.9437730312347412,-0.5762051343917847,0.22034085557743585,-1.7746505737304688,-0.5762051343917847,0.03033812072149042,-2.5761446952819824
Tmbim4,0.46762925386428833,0.5468384623527527,-0.2876965403556824,0.0013315316849664188,-3.7156646251678467,-0.2876965403556824,0.000511118553542159,-4.034181118011475,-0.2876965403556824,5.301986656957666e-07,-5.4263505935668945
Llph,0.8028601408004761,0.9828194975852966,-0.44065380096435547,1.577853757432314e-11,-7.22409200668335,-0.44065380096435547,7.102324355014181e-13,-7.825478553771973,-0.44065380096435547,9.148346234741951e-24,-10.546472549438477
Hmga2,0.0010695201344788074,0.001096948515623808,-0.036551907658576965,0.9984208920935209,-0.0025826727505773306,-0.036551907658576965,1.0,-0.02459070272743702,-0.036551907658576965,1.0,-0.030084263533353806
Msrb3,0.00027442819555290043,0.0,18.066272735595703,0.9979940091511154,0.14071114361286163,18.066272735595703,0.5196272646011879,1.0,18.066272735595703,0.46147875269036936,1.0
Lemd3,0.07629640400409698,0.07591535151004791,0.0075016687624156475,0.18072142113026493,-1.8287994861602783,0.0075016687624156475,1.0,0.04071328043937683,0.0075016687624156475,1.0,0.05417953059077263
Tbc1d30,0.003343550954014063,0.0028112423606216908,0.25055718421936035,0.9979940091511154,-0.06305284053087234,0.25055718421936035,0.9199069195055944,0.30336928367614746,0.25055718421936035,0.8475512119028507,0.3753511607646942
Gns,0.047936055809259415,0.05150679498910904,-0.1062486544251442,0.4503308319523732,-1.2509042024612427,-0.1062486544251442,0.8727841958192243,-0.3886904716491699,-0.1062486544251442,0.7318522460986246,-0.555033266544342
Rassf3,0.1381569504737854,0.11328211426734924,0.3047071099281311,0.9979940091511154,-0.2551502585411072,0.3047071099281311,0.1302746498114598,2.0730245113372803,0.3047071099281311,0.021914616851778528,2.704406261444092
Tbk1,0.28077706694602966,0.2695555090904236,0.06730792671442032,0.9979940091511154,-0.434156209230423,0.06730792671442032,0.6905699749939139,0.7016834616661072,0.06730792671442032,0.5029748024137141,0.9257299900054932
Xpot,0.09295115619897842,0.16270294785499573,-0.8590825200080872,5.363004602346087e-10,-6.700521945953369,-0.8590825200080872,1.2858576656142038e-07,-5.87132453918457,-0.8590825200080872,1.488936118011215e-15,-8.405031204223633
D930020B18Rik,0.0002848072908818722,0.00057787582045421,-1.020982265472412,0.9979940091511154,0.05521576479077339,-1.020982265472412,0.8350834705909598,-0.4549000859260559,-1.020982265472412,0.654964148514099,-0.6742106080055237
BC048403,0.006576014682650566,0.013860334642231464,-1.0809400081634521,0.4914209604751643,-1.1878513097763062,-1.0809400081634521,0.12021072013579731,-2.1181044578552246,-1.0809400081634521,0.008440236307350185,-3.0520362854003906
Srgap1,0.0,0.0,0.0,0.9979940091511154,0.11319231241941452,0.0,1.0,0.0,0.0,1.0,0.0
Rxylt1,0.04575750604271889,0.08303701132535934,-0.8869263529777527,0.00021398911735158642,-4.210647106170654,-0.8869263529777527,0.0006076444058594963,-3.99662709236145,-0.8869263529777527,4.625454510076154e-08,-5.877326488494873
Ppm1h,0.38261476159095764,0.29391050338745117,0.4481026530265808,0.000940214466457479,3.814073324203491,0.4481026530265808,2.281320109422782e-05,4.794933319091797,0.4481026530265808,3.5868572474299843e-09,6.318873405456543
Mon2,0.1543373167514801,0.16817255318164825,-0.13410352170467377,0.04020222139202585,-2.5439326763153076,-0.13410352170467377,0.5196272646011879,-1.049167275428772,-0.13410352170467377,0.2763469603474174,-1.422947883605957
Usp15,0.5334160327911377,0.5607306957244873,-0.09353771805763245,0.7021257096731731,-0.8892409801483154,-0.09353771805763245,0.3965078960917972,-1.325426697731018,-0.09353771805763245,0.16021537352752957,-1.7705835103988647
Slc16a7,0.0,0.0,0.0,0.9979940091511154,0.11319231241941452,0.0,1.0,0.0,0.0,1.0,0.0
Lrig3,0.0006170299020595849,0.0,19.235427856445312,0.9979940091511154,0.16822996735572815,19.235427856445312,0.3625659813828137,1.4035214185714722,19.235427856445312,0.2824004182717886,1.4035214185714722
Atp23,0.036516811698675156,0.06446472555398941,-0.8402787446975708,0.0004683955839250784,-4.00421142578125,-0.8402787446975708,0.001021970701428743,-3.852088212966919,-0.8402787446975708,3.561629469501419e-07,-5.5018439292907715
Ctdsp2,0.12550458312034607,0.15217505395412445,-0.29767560958862305,0.010997488263543001,-3.0441696643829346,-0.29767560958862305,0.1721092148692053,-1.9210721254348755,-0.29767560958862305,0.02067392727527218,-2.726968288421631
Avil,0.0004708178457804024,0.0,18.845151901245117,0.9979940091511154,0.14071114361286163,18.845151901245117,0.5196272646011879,1.0,18.845151901245117,0.46147875269036936,1.0
Tsfm,0.38832634687423706,0.5354064702987671,-0.5775980353355408,1.1176435916312051e-10,-6.938662052154541,-0.5775980353355408,8.39768629315726e-13,-7.814296245574951,-0.5775980353355408,1.530831260964675e-24,-10.723027229309082
Eef1akmt3,0.0002818991197273135,0.0006172298453748226,-1.1308679580688477,0.9979940091511154,0.05521576479077339,-1.1308679580688477,0.8122749903817452,-0.4941820204257965,-1.1308679580688477,0.6100256628421854,-0.745198667049408
Mettl1,0.04748012498021126,0.15033353865146637,-1.7381870746612549,1.0914714808702993e-19,-9.533090591430664,-1.7381870746612549,6.156048220570237e-16,-8.936822891235352,-1.7381870746612549,2.0657306510473658e-39,-13.811554908752441
Cyp27b1,0.0,0.0,0.0,0.9979940091511154,0.11319231241941452,0.0,1.0,0.0,0.0,1.0,0.0
March9,0.010409820824861526,0.013549166731536388,-0.3825281262397766,0.9979940091511154,-0.2968292534351349,-0.3825281262397766,0.7348673873983497,-0.6267899870872498,-0.3825281262397766,0.4955382110299818,-0.938513994216919
Cdk4,0.8115406036376953,0.9093088507652283,-0.24462266266345978,0.00030308627878161595,-4.120788097381592,-0.24462266266345978,0.00019403067236920186,-4.2885847091674805,-0.24462266266345978,6.837530015624507e-08,-5.808145046234131
Tspan31,0.22310318052768707,0.33177703619003296,-0.6545146107673645,6.073642888797136e-10,-6.681018352508545,-0.6545146107673645,3.3687686280965565e-09,-6.512163162231445,-0.6545146107673645,5.5845257676352474e-18,-9.083100318908691
Agap2,0.10386395454406738,0.08397599309682846,0.3212169110774994,0.7743674398130459,-0.7942163944244385,0.3212169110774994,0.13739836734398844,2.0465104579925537,0.3212169110774994,0.027763968508348544,2.611776351928711
Os9,0.610498309135437,0.5767948031425476,0.10863259434700012,0.13296506078046513,1.9946248531341553,0.10863259434700012,0.27123467092931136,1.6329505443572998,0.10863259434700012,0.07157587554130518,2.2003836631774902
B4galnt1,1.2338463068008423,1.0706596374511719,0.3444959819316864,9.656811161351867e-11,6.960659503936768,0.3444959819316864,2.639968197616659e-10,6.918591022491455,0.3444959819316864,9.388850502818066e-19,9.296988487243652
Slc26a10,0.009543290361762047,0.006415555719286203,0.5751717686653137,0.9982866462090498,0.022442536428570747,0.5751717686653137,0.4958247117233035,1.1326948404312134,0.5751717686653137,0.27825290257063073,1.418576955795288
Arhgef25,0.010104779154062271,0.017669303342700005,-0.811676561832428,0.5134481394030526,-1.1538313627243042,-0.811676561832428,0.2524587998240948,-1.6844691038131714,-0.811676561832428,0.0430008981481469,-2.42602801322937
Dtx3,0.08237720280885696,0.08949920535087585,-0.12484071403741837,0.06181818826389976,-2.3602066040039062,-0.12484071403741837,0.7139505978617499,-0.660548210144043,-0.12484071403741837,0.5124616378772352,-0.9096987247467041
Pip4k2c,0.17478570342063904,0.16568607091903687,0.08388511836528778,0.45597706570822494,-1.2416422367095947,0.08388511836528778,0.6911807208733676,0.7008492350578308,0.08388511836528778,0.5022465347548388,0.9269843101501465
Kif5a,0.0024371366016566753,0.00648061977699399,-1.413863182067871,0.9054912033174245,-0.6289253234863281,-1.413863182067871,0.18798366858210394,-1.86870539188385,-1.413863182067871,0.018315133701927836,-2.772860527038574
Dctn2,0.3929554522037506,0.473143607378006,-0.32991743087768555,0.0017101841759688049,-3.641301393508911,-0.32991743087768555,9.292795261536361e-05,-4.472690105438232,-0.32991743087768555,2.1830293396372176e-08,-6.010368347167969
Mbd6,0.07897274196147919,0.061757642775774,0.3673008382320404,0.9979940091511154,0.109897181391716,0.3673008382320404,0.23184136151765058,1.7437230348587036,0.3673008382320404,0.04708614002224984,2.3877103328704834
Ddit3,0.1494109183549881,0.137658029794693,0.12687748670578003,0.7354652500458615,-0.8440887331962585,0.12687748670578003,0.6402907111764476,0.7858405113220215,0.12687748670578003,0.43700093067886636,1.0823196172714233
Mars,0.18733106553554535,0.24803687632083893,-0.4503418505191803,2.2353101985007934e-05,-4.7487335205078125,-0.4503418505191803,0.0002590696162582343,-4.215976715087891,-0.4503418505191803,6.329753726527847e-08,-5.821323394775391
Arhgap9,0.6173340082168579,0.5100625157356262,0.3599883019924164,1.0748434147801383e-05,4.909482955932617,0.3599883019924164,5.64383674549495e-06,5.100931644439697,0.3599883019924164,2.989478674145548e-10,6.716737747192383
Gli1,0.0,0.0005940314149484038,-19.18061065673828,0.9979940091511154,0.027607882395386696,-19.18061065673828,0.5196272646011879,-1.0,-19.18061065673828,0.16021537352752957,-1.759765386581421
Inhbe,0.0,0.0005232291296124458,-18.99746322631836,0.9979940091511154,0.027607882395386696,-18.99746322631836,0.5196272646011879,-1.0,-18.99746322631836,0.16021537352752957,-1.759765386581421
R3hdm2,0.2666996121406555,0.20796135067939758,0.40294530987739563,0.11003129807703482,2.0896494388580322,0.40294530987739563,0.00045518132334616574,4.061585903167725,0.40294530987739563,1.6796013223624629e-06,5.204894065856934
Stac3,0.0038274407852441072,0.00338076357729733,0.17935334146022797,0.9979940091511154,-0.09119506925344467,0.17935334146022797,0.9698270547547229,0.21113410592079163,0.17935334146022797,0.9138374371683167,0.26973196864128113
Shmt2,0.19738394021987915,0.35457703471183777,-0.9636936783790588,7.348604945739049e-18,-9.069100379943848,-0.9636936783790588,4.523840734687283e-18,-9.490918159484863,-0.9636936783790588,2.297944925145435e-38,-13.57988452911377
Nxph4,0.0,0.0,0.0,0.9979940091511154,0.11319231241941452,0.0,1.0,0.0,0.0,1.0,0.0
Lrp1,0.001021436182782054,0.010166908614337444,-3.321812152862549,0.9979940091511154,-0.4025407135486603,-3.321812152862549,0.2424333280188582,-1.7139521837234497,-3.321812152862549,0.010557031487530694,-2.976980447769165
Stat6,0.20810560882091522,0.2295624315738678,-0.15761244297027588,0.06219146519931654,-2.357712984085083,-0.15761244297027588,0.36167647049845647,-1.4174121618270874,-0.15761244297027588,0.12082787532277854,-1.9385420083999634
Nab2,0.10472127795219421,0.08660145103931427,0.28737059235572815,0.9979940091511154,-0.4546394646167755,0.28737059235572815,0.24371569956808528,1.7076228857040405,0.28737059235572815,0.06412439441392721,2.250781297683716
Nemp1,0.07593473047018051,0.05690603703260422,0.43005648255348206,0.7505950313587534,-0.8250303864479065,0.43005648255348206,0.07116138939943235,2.3754165172576904,0.43005648255348206,0.011675795262229971,2.9393539428710938
Myo1a,0.0,0.0,0.0,0.9979940091511154,0.11319231241941452,0.0,1.0,0.0,0.0,1.0,0.0
Zbtb39,0.007573750335723162,0.009435543790459633,-0.31844282150268555,0.9979940091511154,-0.4873236417770386,-0.31844282150268555,0.7703590772419594,-0.5654457807540894,-0.31844282150268555,0.5947555246753647,-0.7715087532997131
Rdh1,0.0004192577616777271,0.0006043328321538866,-0.52763831615448,0.9979940091511154,0.05521576479077339,-0.52763831615448,0.9496211165468423,-0.2516235113143921,-0.52763831615448,0.8695601605136427,-0.3414970934391022
Prim1,0.6173005700111389,0.5896883606910706,0.08792988210916519,0.7638140810438817,0.8088218569755554,0.08792988210916519,0.48608571851603044,1.1511496305465698,0.08792988210916519,0.22717126344841812,1.5492221117019653
Naca,2.538611888885498,2.691680669784546,-0.2382836937904358,2.831301186504326e-21,-9.913188934326172,-0.2382836937904358,1.82494552637227e-23,-10.836502075195312,-0.2382836937904358,1.2575893617709042e-41,-14.2202730178833
Ptges3,0.93785160779953,1.147202491760254,-0.4674750566482544,2.326674964342107e-16,-8.667716979980469,-0.4674750566482544,4.1979873948981325e-16,-8.85200023651123,-0.4674750566482544,1.3616998914624887e-30,-12.051474571228027
Atp5b,2.0095467567443848,2.2723491191864014,-0.4298551082611084,5.554594544439514e-34,-12.58438491821289,-0.4298551082611084,7.758940267167763e-27,-11.79881477355957,-0.4298551082611084,9.631683563999293e-55,-16.433942794799805
Baz2a,0.3641238212585449,0.3920673429965973,-0.12809643149375916,0.47540380072580046,-1.2110064029693604,-0.12809643149375916,0.3467146145435726,-1.4558591842651367,-0.12809643149375916,0.10450733174686541,-2.014089584350586
Rbms2,0.11192907392978668,0.12031318992376328,-0.11037488281726837,0.022030325573047592,-2.787327289581299,-0.11037488281726837,0.6416280149958866,-0.7835952639579773,-0.11037488281726837,0.46147875269036936,-1.0369930267333984
Gls2,0.0009717537905089557,0.003798489458858967,-1.968801736831665,0.9979940091511154,-0.3161547780036926,-1.968801736831665,0.24144007702308712,-1.7159574031829834,-1.968801736831665,0.02173841795584343,-2.7076632976531982
Spryd4,0.020863808691501617,0.03667909651994705,-0.8254185914993286,0.018243733294599152,-2.8598203659057617,-0.8254185914993286,0.01834452211761657,-2.928907871246338,-0.8254185914993286,0.0002275798635064313,-4.102173328399658
Mip,0.0008771439315751195,0.0,19.743087768554688,0.9979940091511154,0.19574879109859467,19.743087768554688,0.23674215842101182,1.7284059524536133,19.743087768554688,0.16914745160644837,1.7284059524536133
Timeless,0.23359601199626923,0.3242650330066681,-0.541598379611969,4.3661989259574065e-07,-5.551766872406006,-0.541598379611969,6.306729242023663e-06,-5.089687347412109,-0.541598379611969,1.9389097682265477e-11,-7.130415916442871
Apon,0.0006251835729926825,0.0017295123543590307,-1.468808889389038,0.9979940091511154,-0.08798898756504059,-1.468808889389038,0.5196272646011879,-1.0022222995758057,-1.468808889389038,0.2363222884276958,-1.5249348878860474
Apof,0.0,0.001119321445003152,-20.095001220703125,0.9979940091511154,-0.05797655135393143,-20.095001220703125,0.36167647049845647,-1.4162554740905762,-20.095001220703125,0.03726207145007799,-2.4922773838043213
Stat2,0.09792736917734146,0.065927654504776,0.5942264795303345,0.9979940091511154,0.3991565406322479,0.5942264795303345,0.0113837628097158,3.0969653129577637,0.5942264795303345,0.000409559291910572,3.950160264968872
Il23a,0.00029655080288648605,0.0006372658535838127,-1.103859305381775,0.9979940091511154,0.05521576479077339,-1.103859305381775,0.8176890916613342,-0.4847365915775299,-1.103859305381775,0.6207785441905589,-0.7279283404350281
Pan2,0.09795455634593964,0.09878140687942505,-0.012733147479593754,0.17096456041638047,-1.8595243692398071,-0.012733147479593754,1.0,-0.07665478438138962,-0.012733147479593754,1.0,-0.10385182499885559
Cnpy2,0.378513902425766,0.473297119140625,-0.3956100642681122,4.364290369817072e-05,-4.594664096832275,-0.3956100642681122,1.96675814577384e-06,-5.3260064125061035,-0.3956100642681122,1.0733572090860398e-11,-7.217889785766602
Cs,0.62516188621521,0.7162589430809021,-0.2692551016807556,0.0005683923655647867,-3.9507768154144287,-0.2692551016807556,0.00013624788184530488,-4.377482891082764,-0.2692551016807556,3.186256135111693e-08,-5.943119525909424
Coq10a,0.08674725145101547,0.0813683569431305,0.09628453850746155,0.17552740518851684,-1.8454532623291016,0.09628453850746155,0.7765784160265192,0.5536608099937439,0.09628453850746155,0.620064997615355,0.729162335395813
Ankrd52,0.06178680807352066,0.05377788096666336,0.20611882209777832,0.3901757281410729,-1.3529642820358276,0.20611882209777832,0.5196272646011879,1.038613200187683,0.20611882209777832,0.31339177634532445,1.3268669843673706
Slc39a5,0.0,0.0,0.0,0.9979940091511154,0.11319231241941452,0.0,1.0,0.0,0.0,1.0,0.0
Nabp2,0.47399628162384033,0.443092942237854,0.12125617265701294,0.36717880829371574,1.396958827972412,0.12125617265701294,0.25866883387184986,1.6653547286987305,0.12125617265701294,0.07329956725952612,2.1893515586853027
Rnf41,0.06029349938035011,0.06314392387866974,-0.06871867179870605,0.26313100341342355,-1.6108753681182861,-0.06871867179870605,0.9109572833567994,-0.3210791051387787,-0.06871867179870605,0.8061476433357065,-0.44112780690193176
Smarcc2,0.34038111567497253,0.3458285927772522,-0.02706003189086914,0.5688023488683447,-1.0690484046936035,-0.02706003189086914,0.9188296677955161,-0.3058781325817108,-0.02706003189086914,0.828942623699402,-0.4048514664173126
Myl6,2.7934463024139404,2.6037919521331787,0.2933923900127411,1.7846558143542868e-21,9.962971687316895,0.2933923900127411,3.589991835705123e-20,10.09919261932373,0.2933923900127411,2.8328285229405725e-43,14.482603073120117
Myl6b,0.022370588034391403,0.020458396524190903,0.1302943229675293,0.7537152557744057,-0.8205775022506714,0.1302943229675293,0.8596367406235412,0.4119073450565338,0.1302943229675293,0.7494456419259312,0.5273248553276062
Esyt1,0.9166824221611023,0.8686991930007935,0.11726029962301254,0.03657625283923818,2.584275722503662,0.11726029962301254,0.0973168292448351,2.2262396812438965,0.11726029962301254,0.01136035216285749,2.9485433101654053
Zc3h10,0.08082175254821777,0.08457933366298676,-0.0683094933629036,0.051790418524458204,-2.438488483428955,-0.0683094933629036,0.8640724325817397,-0.4041134715080261,-0.0683094933629036,0.7419735051408285,-0.5387399792671204
Rpl41,3.8173987865448,4.01825475692749,-0.29566308856010437,1.4289647318352805e-29,-11.726224899291992,-0.29566308856010437,1.613232443205521e-45,-15.436846733093262,-0.29566308856010437,2.418688275623865e-67,-18.636198043823242
Pa2g4,0.826989471912384,1.0621910095214844,-0.5570799708366394,2.435185973512807e-18,-9.191910743713379,-0.5570799708366394,1.4899462678763174e-16,-9.030832290649414,-0.5570799708366394,2.4286254354880647e-34,-12.804372787475586
Erbb3,0.02900097705423832,0.020670954138040543,0.49453043937683105,0.9979940091511154,-0.22139739990234375,0.49453043937683105,0.26374106596755265,1.6517930030822754,0.49453043937683105,0.09561712357366177,2.05999755859375
Rps26,2.9311764240264893,3.0496129989624023,-0.17991773784160614,1.4871138873524401e-08,-6.158873081207275,-0.17991773784160614,1.2518311041294362e-11,-7.391778945922852,-0.17991773784160614,1.3250932184718235e-20,-9.779472351074219
Ikzf4,0.0027607521042227745,0.0010986633133143187,1.3305104970932007,0.9979940091511154,0.10820508748292923,1.3305104970932007,0.5048453256642929,1.1158018112182617,1.3305104970932007,0.35657053442832076,1.2360763549804688
Suox,0.059373125433921814,0.06336162984371185,-0.09670598804950714,0.10841676654953383,-2.0965960025787354,-0.09670598804950714,0.8024910444857729,-0.5096597075462341,-0.09670598804950714,0.654034775320851,-0.6756191849708557
Rab5b,0.09943453222513199,0.08012158423662186,0.32569605112075806,0.7740052807686945,-0.7949288487434387,0.32569605112075806,0.1611807841867705,1.9570567607879639,0.32569605112075806,0.03495801480617375,2.518649101257324
Cdk2,0.22377577424049377,0.2485390454530716,-0.16998402774333954,0.019475460502384006,-2.8346168994903564,-0.16998402774333954,0.2734169016822551,-1.6268084049224854,-0.16998402774333954,0.07754174600356271,-2.1619606018066406
Pmel,0.00358584919013083,0.0012560198083519936,1.5151360034942627,0.9979940091511154,0.16359896957874298,1.5151360034942627,0.33089235389700605,1.4918335676193237,1.5151360034942627,0.17988340274395753,1.688852310180664
Dgka,0.5817113518714905,0.6256502270698547,-0.13991771638393402,0.4575417794176062,-1.2389705181121826,-0.13991771638393402,0.14755186166831577,-2.009483575820923,-0.13991771638393402,0.023049933764350206,-2.6849656105041504
Pym1,0.41559669375419617,0.422743022441864,-0.030110713094472885,0.9979940091511154,-0.501572847366333,-0.030110713094472885,0.8671072565778563,-0.3985862135887146,-0.030110713094472885,0.7524092513552949,-0.5225005149841309
Mmp19,0.00022118326160125434,0.0014348039403557777,-2.6984095573425293,0.9979940091511154,0.05503764748573303,-2.6984095573425293,0.6109728216010408,-0.8359696269035339,-2.6984095573425293,0.27107110339121215,-1.4365661144256592
Tmem198b,0.007269864436239004,0.0065033589489758015,0.16129688918590546,0.9979940091511154,-0.1503293663263321,0.16129688918590546,0.939761324536634,0.26846733689308167,0.16129688918590546,0.8658301740696747,0.3469187021255493
Dnajc14,0.21159778535366058,0.17978402972221375,0.2587566375732422,0.8326694423371224,0.7220796942710876,0.2587566375732422,0.07369061137630722,2.3596341609954834,0.2587566375732422,0.007478743119754743,3.093309164047241
Sarnp,1.086402177810669,1.1153180599212646,-0.06250740587711334,0.28689463951051447,-1.556550145149231,-0.06250740587711334,0.4014145282493702,-1.3152871131896973,-0.06250740587711334,0.15528732015806032,-1.80449378490448
Ormdl2,0.45784229040145874,0.5122877359390259,-0.20454035699367523,0.0646780304410392,-2.3404359817504883,-0.20454035699367523,0.016287273117709812,-2.9708523750305176,-0.20454035699367523,0.00038046048948583413,-3.9690909385681152
Gdf11,0.03375587239861488,0.020566599443554878,0.7243920564651489,0.9979940091511154,-0.13964244723320007,0.7243920564651489,0.07432792547048256,2.3540499210357666,0.7243920564651489,0.0164502833464003,2.8137176036834717
Cd63,0.0009211257565766573,0.002939391415566206,-1.6755027770996094,0.9979940091511154,-0.06073733791708946,-1.6755027770996094,0.5196272646011879,-1.0012751817703247,-1.6755027770996094,0.19452818484680634,-1.6443028450012207
Rdh5,0.005028291139751673,0.0019405661150813103,1.3758187294006348,0.9979940091511154,0.2176569700241089,1.3758187294006348,0.24995673097353407,1.6898078918457031,1.3758187294006348,0.1170253020076256,1.955841302871704
Bloc1s1,0.072597436606884,0.05236974358558655,0.4859282374382019,0.9984208920935209,-0.016386613249778748,0.4859282374382019,0.08542863583838001,2.2866435050964355,0.4859282374382019,0.010026827852203138,2.9921553134918213
Itga7,0.00031162367668002844,0.0006120030884630978,-0.9739485383033752,0.9979940091511154,0.05521576479077339,-0.9739485383033752,0.8447775029259846,-0.43737804889678955,-0.9739485383033752,0.6740524346326454,-0.6432579159736633
Olfr9,0.0,0.0006880931323394179,-19.392742156982422,0.9979940091511154,0.027607882395386696,-19.392742156982422,0.5196272646011879,-1.0,-19.392742156982422,0.16021537352752957,-1.759765386581421
Olfr775,0.0016877268208190799,0.0006755245267413557,1.321730375289917,0.9979940091511154,0.13803941011428833,1.321730375289917,0.5862057142932126,0.8780688643455505,1.321730375289917,0.46147875269036936,1.002289056777954
Olfr802,0.0,0.0,0.0,0.9979940091511154,0.11319231241941452,0.0,1.0,0.0,0.0,1.0,0.0
Olfr804,0.0,0.0,0.0,0.9979940091511154,0.11319231241941452,0.0,1.0,0.0,0.0,1.0,0.0
Gm10310,0.0,0.0,0.0,0.9979940091511154,0.11319231241941452,0.0,1.0,0.0,0.0,1.0,0.0
Tespa1,0.12743230164051056,0.08835598826408386,0.5570256114006042,0.6500225583876073,0.9571919441223145,0.5570256114006042,0.058743465195533126,2.4638516902923584,0.5570256114006042,0.002499207459713146,3.443488359451294
Vmn2r84,0.0006266151904128492,0.0032138144597411156,-2.360499858856201,0.9979940091511154,-0.03045772761106491,-2.360499858856201,0.5583704243418152,-0.9293860793113708,-2.360499858856201,0.2254102688131657,-1.554985523223877
Insr,0.003946223761886358,0.0037452029064297676,0.07557418942451477,0.9979940091511154,0.0744522213935852,0.07557418942451477,1.0,0.08570312708616257,0.07557418942451477,1.0,0.11962486803531647
Arhgef18,0.41469091176986694,0.38530638813972473,0.12863588333129883,0.447169381994963,1.256247639656067,0.12863588333129883,0.3621040251177201,1.4058010578155518,0.12863588333129883,0.1262802393519451,1.9163122177124023
Pex11g,0.032548900693655014,0.02484131045639515,0.39545395970344543,0.9572907012626023,-0.5626664161682129,0.39545395970344543,0.3588081628257606,1.4288569688796997,0.39545395970344543,0.15204724618072027,1.8164011240005493
Tex45,0.0003281364624854177,0.0,18.324176788330078,0.9979940091511154,0.14071114361286163,18.324176788330078,0.5196272646011879,1.0,18.324176788330078,0.46147875269036936,1.0
Zfp358,0.007917867973446846,0.014097072184085846,-0.836677074432373,0.7970090210646135,-0.7658960819244385,-0.836677074432373,0.43660866749174276,-1.244260549545288,-0.836677074432373,0.12403015952801155,-1.9255911111831665
Mcoln1,0.031000755727291107,0.031130781397223473,-0.006132830400019884,0.7049930150660018,-0.8854115009307861,-0.006132830400019884,1.0,-0.01916484907269478,-0.006132830400019884,1.0,-0.026425672695040703
Pnpla6,0.0364544540643692,0.0371321476995945,-0.02706546150147915,0.2696955761512945,-1.595557451248169,-0.02706546150147915,1.0,-0.10713731497526169,-0.02706546150147915,0.9946460402321589,-0.13763980567455292
C330021F23Rik,0.00047131621977314353,0.0005533293588086963,-0.23150180280208588,0.9979940091511154,0.05521576479077339,-0.23150180280208588,1.0,-0.11283347755670547,-0.23150180280208588,0.9904294994619919,-0.1447523981332779
Camsap3,0.0,0.0,0.0,0.9979940091511154,0.11319231241941452,0.0,1.0,0.0,0.0,1.0,0.0
Xab2,0.15489830076694489,0.1689838171005249,-0.13599835336208344,0.09471868654657965,-2.163389205932617,-0.13599835336208344,0.5196272646011879,-0.9991836547851562,-0.13599835336208344,0.2823084822792901,-1.4032220840454102
Pet100,0.41423192620277405,0.30282530188560486,0.5371075868606567,1.2591213455240588e-06,5.349071502685547,0.5371075868606567,7.937670631085622e-09,6.340622901916504,0.5371075868606567,4.770381966821743e-15,8.266308784484863
Pcp2,0.0,0.0,0.0,0.9979940091511154,0.11319231241941452,0.0,1.0,0.0,0.0,1.0,0.0
Stxbp2,0.2680262625217438,0.3018083870410919,-0.19678285717964172,0.05191910095034921,-2.437241554260254,-0.19678285717964172,0.10432070820823365,-2.1898770332336426,-0.19678285717964172,0.011789365586567707,-2.935276508331299
Retn,0.0,0.0,0.0,0.9979940091511154,0.11319231241941452,0.0,1.0,0.0,0.0,1.0,0.0
Mcemp1,0.0006032321834936738,0.00853303074836731,-3.8279953002929688,0.9979940091511154,-0.03063584305346012,-3.8279953002929688,0.4293378316329209,-1.2593798637390137,-3.8279953002929688,0.07259301705133532,-2.195190906524658
Fcor,0.002118979813531041,0.0038324317429214716,-0.8561264276504517,0.9979940091511154,-0.14783574640750885,-0.8561264276504517,0.6143006381017411,-0.8305853009223938,-0.8561264276504517,0.3540464213175821,-1.2409605979919434
Trappc5,0.40170878171920776,0.42607054114341736,-0.10372430831193924,0.514823491404716,-1.1516048908233643,-0.10372430831193924,0.4105071084956582,-1.2961055040359497,-0.10372430831193924,0.16021537352752957,-1.7702592611312866
Fcer2a,0.000638086290564388,0.00262241717427969,-2.040503978729248,0.9979940091511154,0.08246741443872452,-2.040503978729248,0.6644943656335188,-0.7456786632537842,-2.040503978729248,0.338373377875356,-1.2742234468460083
Cd209c,0.0,0.0,0.0,0.9979940091511154,0.11319231241941452,0.0,1.0,0.0,0.0,1.0,0.0
Evi5l,0.00977293774485588,0.02073586732149124,-1.093192458152771,0.9979940091511154,-0.5029978156089783,-1.093192458152771,0.28482828570147994,-1.6007258892059326,-1.093192458152771,0.03245500019294454,-2.549791097640991
Prr36,0.004609392024576664,0.008000786416232586,-0.7980143427848816,0.9271892045315492,-0.6002487540245056,-0.7980143427848816,0.39931786421105225,-1.319523572921753,-0.7980143427848816,0.13418018183007535,-1.8836301565170288
Lrrc8e,0.0,0.0,0.0,0.9979940091511154,0.11319231241941452,0.0,1.0,0.0,0.0,1.0,0.0
Map2k7,0.13158462941646576,0.13488265872001648,-0.038145747035741806,0.0630209521659554,-2.351924419403076,-0.038145747035741806,0.9361131289204839,-0.275532066822052,-0.038145747035741806,0.8514175373155604,-0.3689562678337097
Tgfbr3l,0.0015509441727772355,0.001115157501772046,0.4762132167816162,0.9979940091511154,0.08050814270973206,0.4762132167816162,0.857775846097498,0.4143984317779541,0.4762132167816162,0.7498886649968802,0.5263709425926208
Snapc2,0.08327873796224594,0.08407307416200638,-0.01427655853331089,0.05111538962445164,-2.444277048110962,-0.01427655853331089,1.0,-0.08517006784677505,-0.01427655853331089,1.0,-0.11174877732992172
Ctxn1,0.007374254986643791,0.011594762094318867,-0.6559533476829529,0.671619889426134,-0.9288716316223145,-0.6559533476829529,0.3809658131090016,-1.358772873878479,-0.6559533476829529,0.135156979493324,-1.87944495677948
Timm44,0.2008035033941269,0.24264147877693176,-0.3043358325958252,0.0007662880601533753,-3.8702688217163086,-0.3043358325958252,0.01669946499922078,-2.961395263671875,-0.3043358325958252,0.0003939158696402607,-3.9595401287078857
Elavl1,0.7490152716636658,0.8171185851097107,-0.18102313578128815,0.02397346283610767,-2.754732131958008,-0.18102313578128815,0.005736713820549554,-3.3309786319732666,-0.18102313578128815,3.910434050618533e-05,-4.529068946838379
Ccl25,0.07226288318634033,0.1033548042178154,-0.5390349626541138,9.713634485825904e-05,-4.406306743621826,-0.5390349626541138,0.01266037573357405,-3.0630123615264893,-0.5390349626541138,0.00010681233745430843,-4.2910847663879395
Cers4,0.1727655678987503,0.15816913545131683,0.1381668895483017,0.9165571612767667,-0.6147651672363281,0.1381668895483017,0.5307274031752726,0.9805980920791626,0.1381668895483017,0.30457100185850383,1.3468559980392456
Zfp958,0.07012885063886642,0.07683148980140686,-0.13658379018306732,0.26138202704042496,-1.6151500940322876,-0.13658379018306732,0.7440743865325453,-0.6096177101135254,-0.13658379018306732,0.533459742834876,-0.8728978633880615
Shcbp1,0.7945756912231445,0.5632931590080261,0.6818646192550659,7.961468852241358e-19,9.316591262817383,0.6818646192550659,8.637484844805105e-22,10.432608604431152,0.6818646192550659,1.469229135502252e-40,14.008625984191895
Efnb2,0.005566698033362627,0.003461811924353242,0.6868137717247009,0.9984208920935209,0.019770804792642593,0.6868137717247009,0.5742961164297233,0.8997120261192322,0.6868137717247009,0.43189500679804793,1.0916774272918701
Arglu1,0.9244569540023804,1.0306000709533691,-0.24565215408802032,0.0011565160796999639,-3.755117177963257,-0.24565215408802032,4.918808549768238e-05,-4.623594284057617,-0.24565215408802032,1.5541207414240937e-08,-6.070915222167969
Lig4,0.010635207407176495,0.014179501682519913,-0.4175207018852234,0.6126473523768678,-1.0075095891952515,-0.4175207018852234,0.5462053866489296,-0.9519413113594055,-0.4175207018852234,0.3404606316151189,-1.2694487571716309
Abhd13,0.06759578734636307,0.0742383822798729,-0.14008033275604248,0.020002024806970175,-2.823841094970703,-0.14008033275604248,0.6686602461024856,-0.7381405234336853,-0.14008033275604248,0.47035464854021036,-0.9843736290931702
Tnfsf13b,0.0031498009338974953,0.006610661745071411,-1.0720323324203491,0.9979940091511154,-0.2927325963973999,-1.0720323324203491,0.3908783745833464,-1.3390699625015259,-1.0720323324203491,0.10341493700301642,-2.0199995040893555
Myo16,0.0,0.0,0.0,0.9979940091511154,0.11319231241941452,0.0,1.0,0.0,0.0,1.0,0.0
Irs2,0.002520335605368018,0.014741585589945316,-2.5570316314697266,0.722292873656142,-0.8619893193244934,-2.5570316314697266,0.07281024842988346,-2.3724701404571533,-2.5570316314697266,0.0003004548831232805,-4.03609561920166
Rab20,0.008403416723012924,0.019261974841356277,-1.2045584917068481,0.37516053414048106,-1.38092839717865,-1.2045584917068481,0.07603614280485534,-2.3485734462738037,-1.2045584917068481,0.0012847560200265663,-3.6399788856506348
Naxd,0.2798239588737488,0.30465197563171387,-0.1414230912923813,0.25407225149831636,-1.6325163841247559,-0.1414230912923813,0.3600257071562379,-1.4259668588638306,-0.1414230912923813,0.11249828688919662,-1.975330114364624
Cars2,0.18435709178447723,0.20744512975215912,-0.1874249428510666,0.021247807435297403,-2.8005077838897705,-0.1874249428510666,0.2555667988846179,-1.673570156097412,-0.1874249428510666,0.06300787928988262,-2.2585949897766113
Ing1,0.5397332906723022,0.45512765645980835,0.31204450130462646,0.0014082048157175518,3.6987435817718506,0.31204450130462646,0.00017547480795755175,4.309734344482422,0.31204450130462646,1.816581903520266e-07,5.630854606628418
Ankrd10,0.3477691113948822,0.40263450145721436,-0.2533869743347168,0.009445471309494191,-3.0970699787139893,-0.2533869743347168,0.015076708638843368,-2.99983549118042,-0.2533869743347168,0.0002762054766792386,-4.052647590637207
1700016D06Rik,0.0007360758609138429,0.0,19.490028381347656,0.9979940091511154,0.16822996735572815,19.490028381347656,0.36167647049845647,1.4143526554107666,19.490028381347656,0.2795042275398297,1.4143526554107666
Arhgef7,0.09856622666120529,0.09171099215745926,0.10902233421802521,0.15040769435753262,-1.931304931640625,0.10902233421802521,0.7112401210252113,0.6649501919746399,0.10902233421802521,0.5358512662535547,0.869098424911499
Tubgcp3,0.14623355865478516,0.16689181327819824,-0.20592907071113586,0.01123998653804556,-3.0362436771392822,-0.20592907071113586,0.26390294775633877,-1.6520808935165405,-0.20592907071113586,0.06605380760156787,-2.236999750137329
Atp11a,0.029711121693253517,0.036644622683525085,-0.30762752890586853,0.3706947797916748,-1.3904576301574707,-0.30762752890586853,0.5871232609569875,-0.8768914341926575,-0.30762752890586853,0.3306084552714063,-1.290263295173645
Mcf2l,0.0,0.0035232235677540302,-21.751007080078125,0.9979940091511154,-0.05797655135393143,-21.751007080078125,0.46290061113229775,-1.1954246759414673,-21.751007080078125,0.08778046593586661,-2.1036670207977295
F10,0.0,0.008495155721902847,-23.024341583251953,0.9979940091511154,-0.143560990691185,-23.024341583251953,0.35451680723143497,-1.440313458442688,-23.024341583251953,0.03382374803329743,-2.534613609313965
Proz,0.0,0.0,0.0,0.9979940091511154,0.11319231241941452,0.0,1.0,0.0,0.0,1.0,0.0
Pcid2,0.13274149596691132,0.14736998081207275,-0.1616216003894806,0.038796956118909466,-2.558983325958252,-0.1616216003894806,0.45485216741896495,-1.2100274562835693,-0.1616216003894806,0.19523517902873583,-1.6416186094284058
Cul4a,0.09394094347953796,0.11787638813257217,-0.3450194001197815,0.00016175785574973459,-4.279577732086182,-0.3450194001197815,0.06925381721631926,-2.3892884254455566,-0.3450194001197815,0.005807889760366507,-3.177683115005493
Lamp1,0.5187633037567139,0.5937312245368958,-0.2537990212440491,0.025595158029205062,-2.7284603118896484,-0.2537990212440491,0.004237978181318905,-3.430608034133911,-0.2537990212440491,1.4960264799458023e-05,-4.746676445007324
Grtp1,0.0030675758607685566,0.0022639434318989515,0.4388408958911896,0.9979940091511154,0.16253027319908142,0.4388408958911896,0.867270285842397,0.3982783555984497,0.4388408958911896,0.7370461946130962,0.5465672016143799
Adprhl1,0.00030446716118603945,0.0005575477844104171,-0.872989296913147,0.9979940091511154,0.05521576479077339,-0.872989296913147,0.867270285842397,-0.3983868360519409,-0.872989296913147,0.7184160643234275,-0.5759543180465698
Dcun1d2,0.05297989025712013,0.055704597383737564,-0.07433467358350754,0.10579880484656298,-2.108707904815674,-0.07433467358350754,0.902553116163959,-0.33609816431999207,-0.07433467358350754,0.7966622088624453,-0.45506829023361206
Tmco3,0.0704975426197052,0.06831985712051392,0.04685713350772858,0.11928385108637352,-2.0497515201568604,0.04685713350772858,0.94279323244425,0.2624359428882599,0.04685713350772858,0.8713068040945958,0.3388059139251709
Tfdp1,0.5163890719413757,0.6511679291725159,-0.4411991238594055,3.176252207945165e-07,-5.6146416664123535,-0.4411991238594055,2.0222658228240726e-08,-6.19271183013916,-0.4411991238594055,1.0194244137496128e-15,-8.455428123474121
Gas6,0.003319117473438382,0.0027333106845617294,0.2805730700492859,0.9984208920935209,-0.006501210853457451,0.2805730700492859,0.9145716019867577,0.31372588872909546,0.2805730700492859,0.829023380150087,0.40460851788520813
1700029H14Rik,0.002128738909959793,0.0,21.023103713989258,0.9979940091511154,0.2783052623271942,21.023103713989258,0.0692556548431679,2.387418270111084,21.023103713989258,0.04734664160000604,2.387418270111084
Rasa3,0.769313633441925,0.7587694525718689,0.0284755639731884,0.4806927280331293,1.2037036418914795,0.0284755639731884,0.8297915038761433,0.46347060799598694,0.0284755639731884,0.6953720076930744,0.610821545124054
Cfap97d2,0.0003264257684350014,0.0,18.316635131835938,0.9979940091511154,0.14071114361286163,18.316635131835938,0.5196272646011879,1.0,18.316635131835938,0.46147875269036936,1.0
Cdc16,0.23210124671459198,0.2912324368953705,-0.3719289302825928,0.00035852791475915317,-4.076169967651367,-0.3719289302825928,0.0010382769179059807,-3.8432421684265137,-0.3719289302825928,1.3423436368973348e-06,-5.247125625610352
Upf3a,0.34105828404426575,0.35641878843307495,-0.07527816295623779,0.3653891198484187,-1.400521159172058,-0.07527816295623779,0.5793759466513937,-0.8910334706306458,-0.07527816295623779,0.38314920455736956,-1.1824586391448975
Champ1,0.06613631546497345,0.09410116076469421,-0.529211699962616,0.0011201941278084048,-3.7639338970184326,-0.529211699962616,0.024260135171381973,-2.8257317543029785,-0.529211699962616,0.00029525764071811105,-4.034851551055908
Coprs,0.010634202510118484,0.012704361230134964,-0.2581082284450531,0.913029774520682,-0.6187728047370911,-0.2581082284450531,0.7608562669011774,-0.581970751285553,-0.2581082284450531,0.57589608253978,-0.8025985360145569
Fbxo25,0.04860469326376915,0.05005038157105446,-0.0433366633951664,0.39795028414663036,-1.339783787727356,-0.0433366633951664,0.9949832835444418,-0.16275924444198608,-0.0433366633951664,0.9378985635173098,-0.23212110996246338
Tdrp,0.0020570221822708845,0.009955336339771748,-2.2806153297424316,0.9266178073265078,-0.6023861765861511,-2.2806153297424316,0.16751251412581117,-1.9385219812393188,-2.2806153297424316,0.005020938692919828,-3.2263731956481934
Erich1,0.14304819703102112,0.20403115451335907,-0.5575495958328247,1.4193920513009993e-07,-5.761586666107178,-0.5575495958328247,9.85944079173947e-05,-4.461977481842041,-0.5575495958328247,1.0646201006543056e-08,-6.1341471672058105
Cln8,0.02066044695675373,0.03333543986082077,-0.6993697881698608,0.07484358071008249,-2.2748894691467285,-0.6993697881698608,0.10123633848510116,-2.207524299621582,-0.6993697881698608,0.008643162148073334,-3.043797731399536
Arhgef10,0.01030678115785122,0.015387770719826221,-0.5818632245063782,0.9979940091511154,-0.35257935523986816,-0.5818632245063782,0.588134029750563,-0.875425398349762,-0.5818632245063782,0.295080671098559,-1.3683032989501953
Kbtbd11,0.11701255291700363,0.1441069096326828,-0.3204458951950073,0.004567657707084767,-3.3389506340026855,-0.3204458951950073,0.16350779690341252,-1.9502911567687988,-0.3204458951950073,0.019574065539785173,-2.7478129863739014
Myom2,0.00034785730531439185,0.0005449707387015224,-0.6478238701820374,0.9979940091511154,0.05521576479077339,-0.6478238701820374,0.9194121414863721,-0.30488020181655884,-0.6478238701820374,0.8170927541584826,-0.42323124408721924
Mcph1,0.11520493030548096,0.1354532241821289,-0.2485034167766571,0.0011037347415847024,-3.7682087421417236,-0.2485034167766571,0.21239376347114303,-1.7961623668670654,-0.2485034167766571,0.04492904248138411,-2.4073243141174316
Angpt2,0.007124824449419975,0.007809552829712629,-0.13287992775440216,0.9979940091511154,-0.29166391491889954,-0.13287992775440216,0.9677166864662552,-0.21518447995185852,-0.13287992775440216,0.9014547494304854,-0.28922152519226074
Agpat5,0.24723218381404877,0.3182884454727173,-0.41813668608665466,3.064341615339634e-05,-4.676151752471924,-0.41813668608665466,0.000150507766293974,-4.353776931762695,-0.41813668608665466,3.089555009850198e-08,-5.948362827301025
Xkr5,0.016382543370127678,0.015518393367528915,0.07880506664514542,0.9026741691821244,-0.6337344646453857,0.07880506664514542,0.9770516883047266,0.1963196098804474,0.07880506664514542,0.9250401301108835,0.2520105242729187
Gm15056,0.0,0.0,0.0,0.9979940091511154,0.11319231241941452,0.0,1.0,0.0,0.0,1.0,0.0
Atp7b,0.00027242154465056956,0.0,18.055683135986328,0.9979940091511154,0.14071114361286163,18.055683135986328,0.5196272646011879,1.0,18.055683135986328,0.46147875269036936,1.0
Alg11,0.03348666802048683,0.03878771886229515,-0.21586015820503235,0.3145518657972394,-1.499731421470642,-0.21586015820503235,0.6452161599500275,-0.778144121170044,-0.21586015820503235,0.43962285837615583,-1.0774664878845215
Nek3,0.016669979318976402,0.020530546084046364,-0.30331313610076904,0.390946759758263,-1.3515393733978271,-0.30331313610076904,0.5778201806240516,-0.8940489292144775,-0.30331313610076904,0.3761978872980727,-1.1954996585845947
Ckap2,0.5875958204269409,0.40658968687057495,0.6725904941558838,3.1377960300347775e-09,6.416962146759033,0.6725904941558838,9.485915104854104e-15,8.377537727355957,0.6725904941558838,3.980142502434471e-24,10.650003433227539
Vps36,0.7562207579612732,0.7534276843070984,0.007604196667671204,0.9979940091511154,0.3358365297317505,0.007604196667671204,1.0,0.1259731948375702,0.007604196667671204,0.9748692714519528,0.17015312612056732
Thsd1,0.0,0.0,0.0,0.9979940091511154,0.11319231241941452,0.0,1.0,0.0,0.0,1.0,0.0
Slc25a15,0.009354321286082268,0.02090340293943882,-1.1683849096298218,0.24547045925100988,-1.6525543928146362,-1.1683849096298218,0.09444583178560488,-2.244774103164673,-1.1683849096298218,0.0024200961541405086,-3.4542412757873535
Mrps31,0.15690727531909943,0.18783079087734222,-0.2824687659740448,0.00848626717036518,-3.1325149536132812,-0.2824687659740448,0.09578970814757781,-2.2358014583587646,-0.2824687659740448,0.006724593582089227,-3.1278300285339355
Smim19,0.2114572674036026,0.17255669832229614,0.3222539722919464,0.9979940091511154,0.18693207204341888,0.3222539722919464,0.022345216530055473,2.85261607170105,0.3222539722919464,0.0013165658276068776,3.6334803104400635
Slc20a2,0.039937153458595276,0.02423141710460186,0.7322423458099365,0.9979940091511154,-0.10695827752351761,0.7322423458099365,0.029585184966370526,2.74408221244812,0.7322423458099365,0.0036043323570204345,3.3333141803741455
Vdac3,0.9789937138557434,1.1316033601760864,-0.33809173107147217,9.579132437341006e-11,-6.962351322174072,-0.33809173107147217,2.9606929184244335e-11,-7.262957572937012,-0.33809173107147217,2.7268405658002726e-20,-9.696741104125977
Polb,0.215797558426857,0.22680550813674927,-0.08001033961772919,0.1627527038859089,-1.8869541883468628,-0.08001033961772919,0.6406381023212169,-0.7851898670196533,-0.08001033961772919,0.46147875269036936,-1.0382894277572632
Ikbkb,0.3190549910068512,0.3192354738712311,-0.0009530874667689204,0.9979940091511154,-0.23431076109409332,-0.0009530874667689204,1.0,-0.009481210261583328,-0.0009530874667689204,1.0,-0.013119549490511417
Plat,0.0006718946970067918,0.0,19.358362197875977,0.9979940091511154,0.16822996735572815,19.358362197875977,0.36533327975281604,1.394822120666504,19.358362197875977,0.28521948953805676,1.394822120666504
Ap3m2,0.0692034587264061,0.04691831395030022,0.5769234895706177,0.9979940091511154,-0.028320342302322388,0.5769234895706177,0.0388669263310578,2.6374614238739014,0.5769234895706177,0.003279542073570089,3.362049102783203
Kat6a,0.4036434292793274,0.34477698802948,0.2725231349468231,0.06685123285046507,2.325474262237549,0.2725231349468231,0.0115612219437336,3.093517780303955,0.2725231349468231,0.0002044120436514933,4.1297760009765625
Ank1,0.0009599620825611055,0.0,19.87331199645996,0.9979940091511154,0.19574879109859467,19.87331199645996,0.23830918593838063,1.7239384651184082,19.87331199645996,0.17023493434136183,1.7239384651184082
Gpat4,0.12730130553245544,0.1314835399389267,-0.049717050045728683,0.03515600471681208,-2.600128173828125,-0.049717050045728683,0.881419862793398,-0.374325692653656,-0.049717050045728683,0.7753654967857293,-0.4880729019641876
Gins4,0.40029364824295044,0.4308692216873169,-0.1297702193260193,0.2539268516225096,-1.632961630821228,-0.1297702193260193,0.2604761161985731,-1.6603055000305176,-0.1297702193260193,0.06707194261514055,-2.2300853729248047
Golga7,0.37645581364631653,0.42886728048324585,-0.22838802635669708,0.04431813905368275,-2.5034115314483643,-0.22838802635669708,0.01944777771059094,-2.905872344970703,-0.22838802635669708,0.0003980121133860748,-3.9565608501434326
Adam3,0.0,0.0,0.0,0.9979940091511154,0.11319231241941452,0.0,1.0,0.0,0.0,1.0,0.0
Adam9,0.021412253379821777,0.021976899355649948,-0.03796027600765228,0.4869164524271771,-1.1946197748184204,-0.03796027600765228,1.0,-0.1171826720237732,-0.03796027600765228,0.9854986185517668,-0.1520567387342453
Tm2d2,0.2737545073032379,0.2796923816204071,-0.03543891757726669,0.40015476485747503,-1.336043357849121,-0.03543891757726669,0.8664735651065717,-0.3996414840221405,-0.03543891757726669,0.7530017952637249,-0.5214483141899109
Htra4,0.0008638306171633303,0.0030776849016547203,-1.834621548652649,0.9979940091511154,-0.06109356880187988,-1.834621548652649,0.48992327612797215,-1.1446902751922607,-1.834621548652649,0.134413464092165,-1.8830527067184448
Plekha2,0.4525448977947235,0.4022899568080902,0.2086511254310608,0.05814540441066599,2.3894176483154297,0.2086511254310608,0.03315665418958345,2.702033519744873,0.2086511254310608,0.0014867450726562905,3.5982556343078613
Tacc1,0.9647138714790344,0.9625689387321472,0.005003402475267649,0.848576970519717,0.7007948756217957,0.005003402475267649,1.0,0.09625069051980972,0.005003402475267649,1.0,0.1262778639793396
Fgfr1,0.0,0.001280528143979609,-20.28923225402832,0.9979940091511154,-0.05797655135393143,-20.28923225402832,0.3621040251177201,-1.408657193183899,-20.28923225402832,0.03830423367161228,-2.4789061546325684
Letm2,0.1038118451833725,0.10390865057706833,-0.0014157138066366315,0.08935632856027152,-2.1911752223968506,-0.0014157138066366315,1.0,-0.008760767988860607,-0.0014157138066366315,1.0,-0.011582979001104832
Nsd3,0.7502884268760681,0.7049549221992493,0.12654659152030945,0.013570517348526143,2.9675800800323486,0.12654659152030945,0.18684199877800084,1.8712035417556763,0.12654659152030945,0.028491785001830323,2.6008994579315186
Plpp5,0.03933323919773102,0.09119082987308502,-1.250954031944275,5.481036926654105e-07,-5.509286403656006,-1.250954031944275,3.3792501490342753e-07,-5.7023468017578125,-1.250954031944275,4.0547607076401825e-16,-8.571446418762207
Ddhd2,0.1566811054944992,0.18800675868988037,-0.28619858622550964,0.002103334698755723,-3.579317331314087,-0.28619858622550964,0.1100550439764704,-2.16372013092041,-0.28619858622550964,0.01006298337089113,-2.9905688762664795
Bag4,0.16773322224617004,0.18830911815166473,-0.182217076420784,0.010424630257529793,-3.0628716945648193,-0.182217076420784,0.36167647049845647,-1.4161124229431152,-0.182217076420784,0.12316366677653472,-1.9290910959243774
Lsm1,0.6454358696937561,0.6099972724914551,0.10969159007072449,0.03809624748584347,2.566286087036133,0.10969159007072449,0.1772847375755617,1.9023361206054688,0.10969159007072449,0.035699290286449484,2.509659767150879
Star,0.009385787881910801,0.00960628967732191,-0.03366101160645485,0.9745501207968733,-0.5391551852226257,-0.03366101160645485,1.0,-0.06621252745389938,-0.03366101160645485,1.0,-0.08606385439634323
Ash2l,0.24356283247470856,0.2963508069515228,-0.32280173897743225,0.0013670882813842814,-3.7077383995056152,-0.32280173897743225,0.006114284102496551,-3.310606002807617,-0.32280173897743225,4.5123750291921e-05,-4.49611759185791
Hgsnat,0.11347773671150208,0.0967937782406807,0.2416689395904541,0.5491871180403571,-1.099506139755249,0.2416689395904541,0.34009510903594803,1.4708969593048096,0.2416689395904541,0.11832636655094071,1.9498014450073242
Pomk,0.010336547158658504,0.009045444428920746,0.19342392683029175,0.9979940091511154,-0.2832925021648407,0.19342392683029175,0.8640489423196575,0.40423259139060974,0.19342392683029175,0.752548977802951,0.5222682952880859
Fnta,0.2795499265193939,0.33668237924575806,-0.3116076588630676,0.004401209798268998,-3.3513295650482178,-0.3116076588630676,0.004903833265508836,-3.382270336151123,-0.3116076588630676,2.1754709762866832e-05,-4.6620965003967285
Hook3,0.28585517406463623,0.2593289911746979,0.16050362586975098,0.9979940091511154,-0.3022617697715759,0.16050362586975098,0.28364650540170755,1.6020088195800781,0.16050362586975098,0.09412237854173057,2.0680229663848877
Rnf170,0.06704343110322952,0.06238386034965515,0.10732050240039825,0.27904315004210395,-1.5745397806167603,0.10732050240039825,0.785075962724538,0.5391406416893005,0.10732050240039825,0.6337354598695681,0.7070897817611694
Thap1,0.11855840682983398,0.11797047406435013,0.007604868616908789,0.1952394202782261,-1.786675214767456,0.007604868616908789,1.0,0.051306553184986115,0.007604868616908789,1.0,0.06904099881649017
Zfp703,0.08617065846920013,0.08010182529687881,0.10979989916086197,0.3682864892019066,-1.394910454750061,0.10979989916086197,0.7587868740320957,0.5854148268699646,0.10979989916086197,0.5893874954906292,0.7806603908538818
Erlin2,0.04413890466094017,0.05984911695122719,-0.4507099390029907,0.011242993645599615,-3.0360653400421143,-0.4507099390029907,0.1879593568842063,-1.868110179901123,-0.4507099390029907,0.027119205680382574,-2.620863437652588
Plpbp,0.23599275946617126,0.2349763959646225,0.006988765671849251,0.6486408187302356,-0.9590621590614319,0.006988765671849251,1.0,0.06840769946575165,0.006988765671849251,1.0,0.09131183475255966
Adgra2,0.00028363679302856326,0.0,18.113895416259766,0.9979940091511154,0.14071114361286163,18.113895416259766,0.5196272646011879,1.0,18.113895416259766,0.46147875269036936,1.0
Brf2,0.05791180208325386,0.08059196174144745,-0.4933277666568756,0.0005776006774945223,-3.945967674255371,-0.4933277666568756,0.04199449273927336,-2.607487916946411,-0.4933277666568756,0.0014469981419205893,-3.605661153793335
Rab11fip1,0.06052926927804947,0.07529164850711823,-0.32562628388404846,0.01909100832353793,-2.842097759246826,-0.32562628388404846,0.289500659106064,-1.5885738134384155,-0.32562628388404846,0.07368703514645161,-2.1867358684539795
Got1l1,0.0,0.0,0.0,0.9979940091511154,0.11319231241941452,0.0,1.0,0.0,0.0,1.0,0.0
Eif4ebp1,0.09227863699197769,0.14882375299930573,-0.73114413022995,3.4916350910955435e-07,-5.595761299133301,-0.73114413022995,5.9446624343653024e-05,-4.5907135009765625,-0.73114413022995,5.54168004266682e-10,-6.616870880126953
Rnf122,0.00566695025190711,0.0068746949546039104,-0.27959516644477844,0.9979940091511154,-0.06723854690790176,-0.27959516644477844,0.9018219086695893,-0.3377566933631897,-0.27959516644477844,0.7778422660390022,-0.48430851101875305
Tti2,0.05415203049778938,0.062322456389665604,-0.20868746936321259,0.037715672456405426,-2.5712733268737793,-0.20868746936321259,0.5196272646011879,-1.0882554054260254,-0.20868746936321259,0.26407484256301966,-1.4527196884155273
Mak16,0.3494015336036682,0.46428951621055603,-0.4986165165901184,2.100482985615909e-07,-5.691320419311523,-0.4986165165901184,8.679342770887967e-09,-6.342846393585205,-0.4986165165901184,1.549132964628054e-16,-8.687956809997559
Nrg1,0.0,0.0,0.0,0.9979940091511154,0.11319231241941452,0.0,1.0,0.0,0.0,1.0,0.0
Wrn,0.31372734904289246,0.2633660137653351,0.29051467776298523,0.13089556326232407,2.0030853748321533,0.29051467776298523,0.016030513814217714,2.976384401321411,0.29051467776298523,0.0003978613724730749,3.9570560455322266
Purg,0.013368101790547371,0.015356474556028843,-0.20149017870426178,0.9784459327004399,-0.5350585579872131,-0.20149017870426178,0.8631503997278137,-0.40576502680778503,-0.20149017870426178,0.7129364297078956,-0.584164559841156
Tex15,0.015478682704269886,0.03682015463709831,-1.2656745910644531,0.0040627521132489,-3.3758203983306885,-1.2656745910644531,0.0005619349296628494,-4.0160813331604,-1.2656745910644531,7.776592260832247e-08,-5.784231185913086
Ppp2cb,0.400125116109848,0.43555110692977905,-0.14971959590911865,0.14060352365340592,-1.9662154912948608,-0.14971959590911865,0.15419992430312798,-1.982923984527588,-0.14971959590911865,0.026862467369758274,-2.6250388622283936
Ubxn8,0.19213703274726868,0.2131039798259735,-0.16505670547485352,0.025781629729819105,-2.7256994247436523,-0.16505670547485352,0.33178167535486625,-1.4897109270095825,-0.16505670547485352,0.10819548141184011,-1.996374249458313
Gsr,0.5079574584960938,0.6305919289588928,-0.4088086783885956,1.2194616234545464e-06,-5.355751037597656,-0.4088086783885956,3.614838650442925e-07,-5.661300182342529,-0.4088086783885956,2.924587130635031e-13,-7.720190525054932
Gtf2e2,0.31503885984420776,0.36451607942581177,-0.24816007912158966,0.01973961790958891,-2.8290953636169434,-0.24816007912158966,0.01819927749903554,-2.9307212829589844,-0.24816007912158966,0.00037079973306777396,-3.9758200645446777
Rbpms,0.005171717144548893,0.01098849531263113,-1.091480016708374,0.9979940091511154,-0.43762946128845215,-1.091480016708374,0.3685501556279095,-1.3866450786590576,-1.091480016708374,0.07408558635213278,-2.184295177459717
Dctn6,0.34388288855552673,0.358581006526947,-0.0716037005186081,0.8741087252462981,-0.6680216789245605,-0.0716037005186081,0.6139638290640375,-0.8309657573699951,-0.0716037005186081,0.4094418353995348,-1.1331762075424194
Gm10131,0.010082044638693333,0.015119099989533424,-0.5882251262664795,0.501127403503686,-1.172622561454773,-0.5882251262664795,0.3683604963893115,-1.3861405849456787,-0.5882251262664795,0.1337609481349618,-1.8852107524871826
Mboat4,0.0031873781699687243,0.0024047265760600567,0.40706196427345276,0.9982866462090498,0.021730074658989906,0.40706196427345276,0.8241751140677643,0.47246333956718445,0.40706196427345276,0.7087442509223544,0.590320885181427
Leprotl1,1.2937382459640503,1.112837314605713,0.37335190176963806,2.598697527812198e-16,8.653468132019043,0.37335190176963806,5.151320517953206e-17,9.103065490722656,0.37335190176963806,5.279314197092666e-31,12.144532203674316
Saraf,1.0523635149002075,1.0597360134124756,-0.016309157013893127,0.9979940091511154,0.3860650658607483,-0.016309157013893127,0.8991343648260381,-0.3434506356716156,-0.016309157013893127,0.7966622088624453,-0.45488324761390686
Dusp4,0.08787742257118225,0.11330825835466385,-0.3853405714035034,0.0019057905290589979,-3.608973503112793,-0.3853405714035034,0.07622157199563669,-2.344196081161499,-0.3853405714035034,0.004711462176303672,-3.2450907230377197
Tnks,0.1240835040807724,0.10954950749874115,0.19041654467582703,0.27657071889649265,-1.580061435699463,0.19041654467582703,0.3849555642204262,1.3506107330322266,0.19041654467582703,0.1704490766100312,1.7220169305801392
Ppp1r3b,0.0010141836246475577,0.0013183730188757181,-0.37865883111953735,0.9979940091511154,0.025114266201853752,-0.37865883111953735,0.9381730232506961,-0.2717423737049103,-0.37865883111953735,0.8474292175661468,-0.3756325840950012
Eri1,0.6389662623405457,0.6568135619163513,-0.05399877578020096,0.594184337932209,-1.0326237678527832,-0.05399877578020096,0.6124582458403873,-0.8332377076148987,-0.05399877578020096,0.424414809695037,-1.1054116487503052
Mfhas1,0.09941555559635162,0.0908660963177681,0.1359943300485611,0.15625807425601876,-1.9104653596878052,0.1359943300485611,0.6242494086678037,0.8145501613616943,0.1359943300485611,0.4482450216662512,1.0618044137954712
Cldn23,0.0011355914175510406,0.001985850278288126,-0.806925892829895,0.9979940091511154,-0.032416995614767075,-0.806925892829895,0.7115944074548644,-0.6645028591156006,-0.806925892829895,0.47220252097369647,-0.9811104536056519
Prag1,0.10134916007518768,0.06980214267969131,0.5610716938972473,0.9206967759110418,0.6101341843605042,0.5610716938972473,0.02691014378250224,2.783515214920044,0.5610716938972473,0.0010016440204796966,3.7085506916046143
Lonrf1,0.0004550529411062598,0.004278609529137611,-3.2357921600341797,0.9979940091511154,-0.28694385290145874,-3.2357921600341797,0.20992609606084922,-1.8063783645629883,-3.2357921600341797,0.008911612532098493,-3.0351381301879883
Dlc1,0.004063691012561321,0.004035253543406725,0.010152003727853298,0.9979940091511154,0.04800209030508995,0.010152003727853298,1.0,0.0098480936139822,0.010152003727853298,1.0,0.014115612022578716
AI429214,0.0005429729935713112,0.0016443318454548717,-1.5993419885635376,0.9979940091511154,-0.08798898756504059,-1.5993419885635376,0.5196272646011879,-1.0728031396865845,-1.5993419885635376,0.189021041607274,-1.6601290702819824
Tusc3,0.31303539872169495,0.31621238589286804,-0.01697985827922821,0.9054912033174245,-0.6291034817695618,-0.01697985827922821,0.9866166569826296,-0.18048861622810364,-0.01697985827922821,0.9293239609720018,-0.2457142472267151
Msr1,0.0,0.004765497520565987,-22.18763542175293,0.9979940091511154,-0.05797655135393143,-22.18763542175293,0.3895803513284234,-1.3427609205245972,-22.18763542175293,0.049957903991009495,-2.3629441261291504
Micu3,0.019075317308306694,0.020248355343937874,-0.08694669604301453,0.9010005718830282,-0.6355156302452087,-0.08694669604301453,0.9623346179207354,-0.22554993629455566,-0.08694669604301453,0.8881020080501731,-0.3100834786891937
Zdhhc2,0.3428492844104767,0.33038002252578735,0.06294634938240051,0.9979940091511154,-0.48456284403800964,0.06294634938240051,0.6703315814312567,0.735823392868042,0.06294634938240051,0.48589170482164984,0.9552518129348755
Cnot7,0.29167303442955017,0.308048814535141,-0.09120912849903107,0.4364690017523233,-1.2741482257843018,-0.09120912849903107,0.5541252494561005,-0.9373750686645508,-0.09120912849903107,0.33235143637959325,-1.2864913940429688
Vps37a,0.18073830008506775,0.1543746143579483,0.24701479077339172,0.9979940091511154,-0.05539387837052345,0.24701479077339172,0.17635488899501844,1.905483603477478,0.24701479077339172,0.03383450155437253,2.5320892333984375
Mtmr7,0.0033279566559940577,0.008418465964496136,-1.342596173286438,0.9052690777847262,-0.6300830841064453,-1.342596173286438,0.1832505938574449,-1.8833767175674438,-1.342596173286438,0.013690822582999754,-2.8815629482269287
Pdgfrl,0.00039567655767314136,0.0,18.59425163269043,0.9979940091511154,0.14071114361286163,18.59425163269043,0.5196272646011879,1.0,18.59425163269043,0.46147875269036936,1.0
Mtus1,0.0,0.005049712490290403,-22.271413803100586,0.9979940091511154,-0.05797655135393143,-22.271413803100586,0.3759875419384273,-1.3707367181777954,-22.271413803100586,0.044668038386915285,-2.412175178527832
Pcm1,0.3283638656139374,0.34397661685943604,-0.0789070874452591,0.3729061281157245,-1.3853813409805298,-0.0789070874452591,0.6051364611010632,-0.8461347222328186,-0.0789070874452591,0.4059315305665491,-1.1397764682769775
Asah1,0.09792225807905197,0.1392577737569809,-0.5384556651115417,5.845644148277057e-05,-4.528761386871338,-0.5384556651115417,0.0057338739926404885,-3.333939552307129,-0.5384556651115417,1.587932896876678e-05,-4.732526779174805
Frg1,0.8395432829856873,0.7584974765777588,0.21262620389461517,0.00023877972867724858,4.182682991027832,0.21262620389461517,0.00168297730498438,3.7062859535217285,0.21262620389461517,5.502213706780908e-06,4.9634528160095215
Triml2,0.0003649511490948498,0.0006526469951495528,-0.8388053178787231,0.9979940091511154,0.05521576479077339,-0.8388053178787231,0.8751570762358643,-0.38474616408348083,-0.8388053178787231,0.7328900812260313,-0.5529187321662903
Fat1,0.0,0.0007268869667313993,-19.47189712524414,0.9979940091511154,0.027607882395386696,-19.47189712524414,0.5196272646011879,-1.0,-19.47189712524414,0.16021537352752957,-1.759765386581421
Cyp4v3,0.007877976633608341,0.012530617415904999,-0.6729223132133484,0.865811995871606,-0.6782633066177368,-0.6729223132133484,0.5196272646011879,-1.0294411182403564,-0.6729223132133484,0.20944062506792646,-1.5983960628509521
Tlr3,0.0,0.0,0.0,0.9979940091511154,0.11319231241941452,0.0,1.0,0.0,0.0,1.0,0.0
1700029J07Rik,0.0072967978194355965,0.005279275588691235,0.46838003396987915,0.9984208920935209,-0.010063517838716507,0.46838003396987915,0.6466388865429599,0.7756088376045227,0.46838003396987915,0.4690118696905854,0.9868829250335693
Ufsp2,0.16441622376441956,0.2087986171245575,-0.37776991724967957,0.00020732050817091132,-4.218840599060059,-0.37776991724967957,0.007033540641385315,-3.264110565185547,-0.37776991724967957,5.3336859523504975e-05,-4.456303596496582
Ankrd37,0.056915078312158585,0.07510264962911606,-0.41331684589385986,0.005335742897070083,-3.2878315448760986,-0.41331684589385986,0.100745230791629,-2.209474802017212,-0.41331684589385986,0.009655359785380402,-3.0054948329925537
Lrp2bp,0.0002739490882959217,0.0,18.063751220703125,0.9979940091511154,0.14071114361286163,18.063751220703125,0.5196272646011879,1.0,18.063751220703125,0.46147875269036936,1.0
Snx25,0.07091458141803741,0.0827479436993599,-0.23128634691238403,0.005569365849385563,-3.273404121398926,-0.23128634691238403,0.42391976528863995,-1.2688863277435303,-0.23128634691238403,0.17441336926525963,-1.707705020904541
Cfap97,0.14366982877254486,0.15259936451911926,-0.0935923308134079,0.06852666625021485,-2.3147873878479004,-0.0935923308134079,0.6873620330542678,-0.7072911262512207,-0.0935923308134079,0.4908778740055708,-0.9464396238327026
Slc25a4,1.1519510746002197,1.4650261402130127,-0.6205653548240662,1.643794398099497e-28,-11.505718231201172,-0.6205653548240662,2.803988039709135e-29,-12.303330421447754,-0.6205653548240662,3.769117104412362e-55,-16.52460289001465
Acsl1,0.04208414629101753,0.05895977094769478,-0.4987295866012573,0.028060138645095975,-2.6915903091430664,-0.4987295866012573,0.10556494879601937,-2.1849493980407715,-0.4987295866012573,0.0077726597213088194,-3.0803909301757812
Cenpu,0.11799591034650803,0.13701510429382324,-0.22960877418518066,0.002530253476830814,-3.5234780311584473,-0.22960877418518066,0.24048824977899436,-1.7171529531478882,-0.22960877418518066,0.06062559485429534,-2.2749836444854736
Primpol,0.11457813531160355,0.09991872310638428,0.20826835930347443,0.29868384313975255,-1.5325936079025269,0.20826835930347443,0.33572469068713306,1.480214238166809,0.20826835930347443,0.13868933015012294,1.8665645122528076
Casp3,0.7784491777420044,0.7758579254150391,0.0069191306829452515,0.9979940091511154,0.4356701672077179,0.0069191306829452515,1.0,0.10433109849691391,0.0069191306829452515,0.9935574591867224,0.13982483744621277
Irf2,0.7775205969810486,0.6540297865867615,0.34914085268974304,3.8205834217282245e-07,5.578038692474365,0.34914085268974304,2.19869417821272e-06,5.305522918701172,0.34914085268974304,7.610045788473817e-12,7.26583194732666
Enpp6,0.004145198501646519,0.003113245125859976,0.4137668013572693,0.9979940091511154,-0.03508872538805008,0.4137668013572693,0.797230685051803,0.518937349319458,0.4137668013572693,0.6801225683168923,0.6342628002166748
Trappc11,0.09659670293331146,0.11543574184179306,-0.27087363600730896,0.00817941723488565,-3.1448938846588135,-0.27087363600730896,0.2547081402911911,-1.6765716075897217,-0.27087363600730896,0.054977737972723206,-2.3193447589874268
Rwdd4a,0.2750808298587799,0.3376253843307495,-0.3429839611053467,0.0006375439216684594,-3.919339656829834,-0.3429839611053467,0.00161194853180266,-3.719430446624756,-0.3429839611053467,3.4754356746802647e-06,-5.057038307189941
Ing2,0.35336607694625854,0.32959938049316406,0.11856798827648163,0.9633828881685593,0.5552746653556824,0.11856798827648163,0.4141820355209527,1.2880154848098755,0.11856798827648163,0.17105211956076402,1.7195545434951782
Cdkn2aip,0.2602953314781189,0.265080064535141,-0.02988123521208763,0.4235853207895416,-1.2954330444335938,-0.02988123521208763,0.9344717603410855,-0.27800846099853516,-0.02988123521208763,0.8453408880369758,-0.3786064088344574
Wwc2,0.001747954054735601,0.0019533950835466385,-0.16046470403671265,0.9984208920935209,-0.004987230058759451,-0.16046470403671265,1.0,-0.14606399834156036,-0.16046470403671265,0.9574649596576135,-0.19791437685489655
Dctd,0.01907999999821186,0.041277140378952026,-1.1293742656707764,0.0029743083210920177,-3.473249673843384,-1.1293742656707764,0.000934991620038672,-3.876476764678955,-1.1293742656707764,2.3953754727300855e-07,-5.576900482177734
Aga,0.1162898913025856,0.13371491432189941,-0.2142658531665802,0.009624038296019707,-3.0900344848632812,-0.2142658531665802,0.31231618932116034,-1.534497618675232,-0.2142658531665802,0.09271906215903458,-2.075525999069214
Neil3,0.45035088062286377,0.23546595871448517,1.0993776321411133,1.414230264929479e-13,7.86459493637085,1.0993776321411133,5.624244935965425e-27,11.555630683898926,1.0993776321411133,4.3974274365565456e-40,14.005496978759766
Spcs3,0.30656319856643677,0.4250554144382477,-0.5621398091316223,6.595136545333695e-10,-6.667392253875732,-0.5621398091316223,1.1936659474357426e-09,-6.676145553588867,-0.5621398091316223,6.6407140149335296e-18,-9.065322875976562
Asb5,0.00028159242356196046,0.002802926814183593,-3.317068338394165,0.9979940091511154,-0.2867657244205475,-3.317068338394165,0.16082621772896136,-1.9623806476593018,-3.317068338394165,0.004121932287851169,-3.2915492057800293
Hpgd,0.0007702269940637052,0.009346584789454937,-3.607273817062378,0.9979940091511154,-0.08834522217512131,-3.607273817062378,0.5196272646011879,-1.087518334388733,-3.607273817062378,0.1293997676615611,-1.904252052307129
Cep44,0.16885103285312653,0.1499975174665451,0.18477357923984528,0.9979940091511154,-0.4304157793521881,0.18477357923984528,0.3314831222205079,1.4907240867614746,0.18477357923984528,0.11459942937141011,1.9659358263015747
Fbxo8,0.14686790108680725,0.1275947093963623,0.21717111766338348,0.9979940091511154,0.2770584523677826,0.21717111766338348,0.36167647049845647,1.415851354598999,0.21717111766338348,0.11263167566108465,1.9745529890060425
Sap30,0.3579043745994568,0.3148188591003418,0.2178707867860794,0.28968585051218515,1.5506724119186401,0.2178707867860794,0.059594660885251144,2.4562602043151855,0.2178707867860794,0.004874517725229438,3.233905076980591
Hmgb2,4.074889183044434,3.71004056930542,0.5373883247375488,2.422567172585863e-42,14.096227645874023,0.5373883247375488,2.425057230880144e-19,10.10912036895752,0.5373883247375488,1.629598088656139e-56,17.058624267578125
Galnt7,0.29142045974731445,0.3630049228668213,-0.3713352382183075,6.3387335788606e-05,-4.508188724517822,-0.3713352382183075,0.0002845154625416367,-4.187665939331055,-0.3713352382183075,2.1017748263291566e-07,-5.602758407592773
Hpf1,1.1266790628433228,1.077843427658081,0.10550055652856827,0.0855203640249053,2.2122819423675537,0.10550055652856827,0.1258742392269299,2.0926766395568848,0.10550055652856827,0.01418306161069701,2.868211269378662
Clcn3,0.27809464931488037,0.34282931685447693,-0.3510231375694275,0.00027940307048550096,-4.142428874969482,-0.3510231375694275,0.00279544960864246,-3.5602855682373047,-0.3510231375694275,7.649848899396201e-06,-4.893308639526367
Nek1,0.04192979633808136,0.052212923765182495,-0.3239067792892456,0.023276542350562607,-2.7664878368377686,-0.3239067792892456,0.35054971483351965,-1.446628212928772,-0.3239067792892456,0.12053157109848493,-1.9400396347045898
Sh3rf1,0.021023904904723167,0.03246501833200455,-0.6351451873779297,0.05707688535319459,-2.3979671001434326,-0.6351451873779297,0.11787646106991159,-2.126901388168335,-0.6351451873779297,0.012556814279525581,-2.912445545196533
Cbr4,0.07670029252767563,0.10817448049783707,-0.5191095471382141,0.0002217683396406059,-4.2019195556640625,-0.5191095471382141,0.01014205612445223,-3.1410539150238037,-0.5191095471382141,6.889905833332133e-05,-4.395611763000488
Palld,0.00103781558573246,0.002550728153437376,-1.2984498739242554,0.9979940091511154,-0.0605592243373394,-1.2984498739242554,0.5582870869614996,-0.929446816444397,-1.2984498739242554,0.27174234188916263,-1.4346330165863037
Ddx60,0.04207970201969147,0.03892343491315842,0.11477760970592499,0.8441777801334428,-0.7064945697784424,0.11477760970592499,0.8833743876406126,0.3705695569515228,0.11477760970592499,0.7629713239859575,0.5065022706985474
Msmo1,0.1054522693157196,0.14761684834957123,-0.516323983669281,4.393746612598012e-05,-4.5928826332092285,-0.516323983669281,0.006056395466753844,-3.3151445388793945,-0.516323983669281,2.5787656512751056e-05,-4.623410224914551
Klhl2,0.07665769010782242,0.10711152851581573,-0.5049154162406921,0.00030308627878161595,-4.120788097381592,-0.5049154162406921,0.03643201555363191,-2.6668107509613037,-0.5049154162406921,0.0006719281554534022,-3.8184285163879395
Tmem192,0.3245576024055481,0.34642064571380615,-0.11070138216018677,0.15730952663156134,-1.9063687324523926,-0.11070138216018677,0.40163284521806997,-1.314448595046997,-0.11070138216018677,0.1666090740901339,-1.7364634275436401
March1,0.0003420022549107671,0.0166680458933115,-5.618724822998047,0.9979940091511154,-0.3731516897678375,-5.618724822998047,0.15417556299604662,-1.987548828125,-5.618724822998047,0.0021777462150953113,-3.4912803173065186
Tma16,0.06732102483510971,0.14358572661876678,-1.1487632989883423,8.887107677857491e-11,-6.974018096923828,-1.1487632989883423,2.728558112449227e-09,-6.575968265533447,-1.1487632989883423,1.748356700544443e-20,-9.74151611328125
Npy1r,0.001468799659051001,0.0016522699734196067,-0.16994409263134003,0.9979940091511154,0.05281120538711548,-0.16994409263134003,1.0,-0.13210894167423248,-0.16994409263134003,0.9663747324332662,-0.18293793499469757
Naf1,0.06324934214353561,0.10428515821695328,-0.7514258027076721,1.3733282781569749e-05,-4.857384204864502,-0.7514258027076721,0.00036437666228181904,-4.131270885467529,-0.7514258027076721,4.7705378676895736e-08,-5.871597766876221
Nat2,0.0353170745074749,0.04509972780942917,-0.3598567247390747,0.07706963767299387,-2.261352777481079,-0.3598567247390747,0.40830057842267703,-1.301148772239685,-0.3598567247390747,0.14630784261892335,-1.8374143838882446
Psd3,0.0025679816026240587,0.005236152559518814,-1.029797911643982,0.9979940091511154,-0.2623639404773712,-1.029797911643982,0.46886889088603695,-1.1831343173980713,-1.029797911643982,0.15967942183886685,-1.7898077964782715
Csgalnact1,0.0012093030381947756,0.0007680165581405163,0.6552841663360596,0.9979940091511154,0.11043152958154678,0.6552841663360596,0.8563134662112573,0.4175023138523102,0.6552841663360596,0.7532662419919632,0.5208562016487122
Ints10,0.1741035282611847,0.21672242879867554,-0.34764671325683594,0.0004103931955622367,-4.039656639099121,-0.34764671325683594,0.00746813135841443,-3.2441391944885254,-0.34764671325683594,6.764842980093208e-05,-4.400451183319092
Lpl,0.0009043237660080194,0.020852334797382355,-4.541639804840088,0.9979940091511154,-0.17446400225162506,-4.541639804840088,0.23174351348155883,-1.7468864917755127,-4.541639804840088,0.008251308697688782,-3.064049243927002
Slc18a1,0.0,0.0,0.0,0.9979940091511154,0.11319231241941452,0.0,1.0,0.0,0.0,1.0,0.0
Atp6v1b2,0.2076687216758728,0.28283146023750305,-0.502091109752655,9.516088273988642e-06,-4.935220718383789,-0.502091109752655,5.9856396988119885e-05,-4.586488723754883,-0.502091109752655,1.1246413275392244e-09,-6.503917217254639
Lzts1,0.007034519221633673,0.017062067985534668,-1.285516619682312,0.42035178885515784,-1.3009545803070068,-1.285516619682312,0.09552415173831451,-2.239304304122925,-1.285516619682312,0.002273040378365158,-3.4733664989471436
Zfp930,0.048986490815877914,0.06175382062792778,-0.34343910217285156,0.054834751154245194,-2.414353847503662,-0.34343910217285156,0.29835148980054166,-1.5681055784225464,-0.34343910217285156,0.07459389018074367,-2.1803605556488037
D130040H23Rik,0.006367780733853579,0.009591477923095226,-0.5932908654212952,0.993872568575114,-0.517959475517273,-0.5932908654212952,0.5207355475945445,-0.9974443316459656,-0.5932908654212952,0.2727943121287545,-1.431955099105835
Zfp868,0.10386794060468674,0.1066693365573883,-0.04045138508081436,0.2229471957433488,-1.7108871936798096,-0.04045138508081436,0.9564546574609051,-0.23763392865657806,-0.04045138508081436,0.8768099635554834,-0.3301032781600952
Zfp964,0.0,0.0,0.0,0.9979940091511154,0.11319231241941452,0.0,1.0,0.0,0.0,1.0,0.0
Zfp869,0.2274770438671112,0.23954477906227112,-0.08361771702766418,0.1846465042476173,-1.8168658018112183,-0.08361771702766418,0.6538104234507377,-0.7647522687911987,-0.08361771702766418,0.46147875269036936,-1.038649320602417
Zfp963,0.00392343383282423,0.004964371677488089,-0.3402456045150757,0.9979940091511154,-0.31740158796310425,-0.3402456045150757,0.8262567612770413,-0.4684901237487793,-0.3402456045150757,0.6930085704439638,-0.6146457195281982
Zfp866,0.03292541950941086,0.024727411568164825,0.41903266310691833,0.9979940091511154,-0.40334224700927734,0.41903266310691833,0.37090357935917273,1.379789113998413,0.41903266310691833,0.15999424921690195,1.788633108139038
Atp13a1,0.13984575867652893,0.16450239717960358,-0.2525089979171753,0.0019093993681620906,-3.6082611083984375,-0.2525089979171753,0.15174001291623104,-1.993431806564331,-0.2525089979171753,0.023139163333201953,-2.683488130569458
Gmip,0.2203722894191742,0.23804119229316711,-0.12450017780065536,0.08263989597473623,-2.2292027473449707,-0.12450017780065536,0.5075364348604645,-1.1112314462661743,-0.12450017780065536,0.23958217411343954,-1.5156152248382568
Lpar2,0.010494385845959187,0.012326597236096859,-0.23348110914230347,0.8678421546586,-0.675858736038208,-0.23348110914230347,0.8049263762405239,-0.5056014657020569,-0.23348110914230347,0.6534807531279251,-0.6763544678688049
Pbx4,0.02977452427148819,0.025834815576672554,0.2076168656349182,0.47481779257822615,-1.212075114250183,0.2076168656349182,0.661452274465146,0.7507761120796204,0.2076168656349182,0.49834615485973927,0.9336586594581604
Cilp2,0.0004968595458194613,0.0,18.922840118408203,0.9979940091511154,0.14071114361286163,18.922840118408203,0.5196272646011879,1.0,18.922840118408203,0.46147875269036936,1.0
Yjefn3,0.00464607821777463,0.0019341149600222707,1.2662967443466187,0.9979940091511154,0.18987098336219788,1.2662967443466187,0.317947632632377,1.520643949508667,1.2662967443466187,0.16021537352752957,1.7766070365905762
Ndufa13,1.7367501258850098,1.6748242378234863,0.10917406529188156,0.0012374390255750955,3.736325979232788,0.10917406529188156,0.004444705635878503,3.4145116806030273,0.10917406529188156,1.5305470685308715e-05,4.741400241851807
Tssk6,0.005877017509192228,0.019539492204785347,-1.7431126832962036,0.4537755835069393,-1.245471715927124,-1.7431126832962036,0.09757170521169432,-2.2297048568725586,-1.7431126832962036,0.0009956191110678488,-3.7132620811462402
Gatad2a,0.5570682287216187,0.5638229846954346,-0.022713622078299522,0.9979940091511154,-0.06492304801940918,-0.022713622078299522,0.8962352118506379,-0.3475767970085144,-0.022713622078299522,0.7924583220863811,-0.46126386523246765
Mau2,0.2869008481502533,0.24483203887939453,0.260449081659317,0.275005866731627,1.5838018655776978,0.260449081659317,0.06318438960263059,2.4302237033843994,0.260449081659317,0.004018522737578438,3.2971808910369873
Sugp1,0.13176080584526062,0.11786430329084396,0.1710272580385208,0.6003108997012905,-1.0238962173461914,0.1710272580385208,0.4512083139537075,1.2165387868881226,0.1710272580385208,0.20659619513507171,1.6066856384277344
Tm6sf2,0.002429738873615861,0.0006193814915604889,1.97320556640625,0.9979940091511154,0.16564728319644928,1.97320556640625,0.3664105119373601,1.3915345668792725,1.97320556640625,0.24078639145224054,1.5124197006225586
Hapln4,0.0,0.0,0.0,0.9979940091511154,0.11319231241941452,0.0,1.0,0.0,0.0,1.0,0.0
Ncan,0.0,0.000851715391036123,-19.70062828063965,0.9979940091511154,0.027607882395386696,-19.70062828063965,0.5196272646011879,-1.0,-19.70062828063965,0.16021537352752957,-1.759765386581421
Rfxank,0.09360393136739731,0.07519327849149704,0.32943275570869446,0.9574842802711313,-0.5623992681503296,0.32943275570869446,0.15929603548126609,1.9639620780944824,0.32943275570869446,0.031791196580459244,2.557762622833252
Nr2c2ap,0.2116575837135315,0.336770623922348,-0.764403223991394,2.0439360055295233e-13,-7.81605863571167,-0.764403223991394,4.21507071949796e-14,-8.244880676269531,-0.764403223991394,1.4036249903831444e-27,-11.402748107910156
Borcs8,0.4360547959804535,0.3846123516559601,0.220742866396904,0.04351883190574055,2.5114266872406006,0.220742866396904,0.02377198440197895,2.83000111579895,0.220742866396904,0.0009904475522133785,3.712123394012451
Mef2b,0.0029536536894738674,0.0,21.496200561523438,0.9979940091511154,0.30582407116889954,21.496200561523438,0.04793349378182461,2.549825668334961,21.496200561523438,0.03261251067170389,2.549825668334961
Tmem161a,0.09081508964300156,0.11181017756462097,-0.3154478669166565,0.00032241058117216776,-4.104490280151367,-0.3154478669166565,0.13629257774216597,-2.0513293743133545,-0.3154478669166565,0.019733945258727945,-2.74501371383667
Slc25a42,0.004543468821793795,0.004875317681580782,-0.10194161534309387,0.9979940091511154,-0.20465455949306488,-0.10194161534309387,0.9990059247517328,-0.15384541451931,-0.10194161534309387,0.9538453897779445,-0.20409385859966278
Armc6,0.047686364501714706,0.047652263194322586,0.001057059271261096,0.18072142113026493,-1.8287994861602783,0.001057059271261096,1.0,0.004856590181589127,0.001057059271261096,1.0,0.006314627360552549
Sugp2,0.07596158981323242,0.05685655027627945,0.43187758326530457,0.9979940091511154,-0.4070826768875122,0.43187758326530457,0.12154263005295227,2.110517740249634,0.43187758326530457,0.02135442079406819,2.714223623275757
Homer3,0.006167612038552761,0.004139808472245932,0.576612114906311,0.9979940091511154,-0.06376530230045319,0.576612114906311,0.5739652145929561,0.9005063772201538,0.576612114906311,0.4274936505193149,1.0996265411376953
Ddx49,0.18128496408462524,0.20947551727294922,-0.22951918840408325,0.0035478057006297563,-3.4184792041778564,-0.22951918840408325,0.1223487619757799,-2.107609510421753,-0.22951918840408325,0.01717919301369624,-2.7969412803649902
Cope,0.7328612804412842,0.7454640865325928,-0.034799814224243164,0.9979940091511154,-0.16733938455581665,-0.034799814224243164,0.7373377015474806,-0.6223459839820862,-0.034799814224243164,0.5572556630876898,-0.8334759473800659
Upf1,0.33320802450180054,0.4063183665275574,-0.34216809272766113,0.0002517760877126403,-4.1693243980407715,-0.34216809272766113,0.0003437242003267547,-4.141834259033203,-0.34216809272766113,1.9621946935666776e-07,-5.614902019500732
Comp,0.0036827961448580027,0.004083737730979919,-0.1493779569864273,0.9979940091511154,-0.12067315727472305,-0.1493779569864273,0.9790162524292443,-0.19311009347438812,-0.1493779569864273,0.9191355845337627,-0.2607579529285431
Crtc1,0.012430969625711441,0.02370857074856758,-0.9396292567253113,0.42595490286257987,-1.2914254665374756,-0.9396292567253113,0.1598997280403557,-1.9642045497894287,-0.9396292567253113,0.009240522179552525,-3.020622968673706
Klhl26,0.014172354713082314,0.013579819351434708,0.06204374134540558,0.9270346731168096,-0.6011393666267395,0.06204374134540558,0.9975395309884284,0.15703216195106506,0.06204374134540558,0.9543263634527367,0.20338591933250427
Tmem59l,0.0014435438206419349,0.0023768229875713587,-0.7200926542282104,0.9979940091511154,-0.08977014571428299,-0.7200926542282104,0.6978369182545475,-0.6890193223953247,-0.7200926542282104,0.4642022068893311,-0.9950190186500549
Crlf1,0.0,0.000823233975097537,-19.651538848876953,0.9979940091511154,0.027607882395386696,-19.651538848876953,0.5196272646011879,-1.0,-19.651538848876953,0.16021537352752957,-1.759765386581421
Rex1bd,0.7118601202964783,0.6833987236022949,0.08176469802856445,0.3234249447321702,1.48147451877594,0.08176469802856445,0.3556154282294921,1.4362579584121704,0.08176469802856445,0.12950269566518283,1.9028255939483643
Uba52,0.5995121598243713,0.6278327107429504,-0.08909677714109421,0.8868177167366649,-0.6528818607330322,-0.08909677714109421,0.3282765143027243,-1.4976764917373657,-0.08909677714109421,0.11548586716072616,-1.9621074199676514
Kxd1,0.5524148344993591,0.5493762493133545,0.010349570773541927,0.7989029993916369,0.7634915113449097,0.010349570773541927,0.9985642971489007,0.15519991517066956,0.010349570773541927,0.951942522713776,0.2079143226146698
Fkbp8,0.8841370344161987,0.8987594842910767,-0.03575979173183441,0.9979940091511154,-0.18221202492713928,-0.03575979173183441,0.6942984269170911,-0.6956803798675537,-0.03575979173183441,0.4941854739454392,-0.9407207369804382
Ell,0.05112135037779808,0.061399415135383606,-0.27178260684013367,0.046380671172949056,-2.485421895980835,-0.27178260684013367,0.3782890802265563,-1.3643381595611572,-0.27178260684013367,0.14322420236219452,-1.8487796783447266
Isyna1,0.27479979395866394,0.4002687931060791,-0.6381766200065613,1.4905796876264568e-10,-6.894311428070068,-0.6381766200065613,1.164865833806299e-10,-7.062249660491943,-0.6381766200065613,2.4105393264597638e-20,-9.7058687210083
Ssbp4,0.6196460723876953,0.6283560395240784,-0.027070004492998123,0.9979940091511154,-0.16297556459903717,-0.027070004492998123,0.8447775029259846,-0.4371494948863983,-0.027070004492998123,0.7070308296143644,-0.5928884744644165
Lrrc25,0.00034188898280262947,0.012630301527678967,-5.216087341308594,0.7701108882963162,-0.8004504442214966,-5.216087341308594,0.05171534068470939,-2.527747631072998,-5.216087341308594,6.363239491349824e-05,-4.425355434417725
Gdf15,0.0003836030082311481,0.0010680563282221556,-1.4777930974960327,0.9979940091511154,0.05521576479077339,-1.4777930974960327,0.7482183505100087,-0.6031196713447571,-1.4777930974960327,0.4870198096316306,-0.9532843828201294
Pgpep1,0.010435198433697224,0.013626689091324806,-0.38728368282318115,0.7641803944762051,-0.8081094026565552,-0.38728368282318115,0.5742961164297233,-0.8996128439903259,-0.38728368282318115,0.35693527936222436,-1.2350419759750366
Lsm4,1.6464431285858154,1.6797724962234497,-0.05933090299367905,0.10087356610286154,-2.132575273513794,-0.05933090299367905,0.3118593617496837,-1.5359703302383423,-0.05933090299367905,0.07230980847195853,-2.195664644241333
Jund,1.9355149269104004,1.9469982385635376,-0.01934298500418663,0.8205011378104924,0.7373085618019104,-0.01934298500418663,0.8274721516744742,-0.4664592444896698,-0.01934298500418663,0.6932789624447213,-0.6141096353530884
Iqcn,0.0010177508229389787,0.0,19.95768928527832,0.9979940091511154,0.19574879109859467,19.95768928527832,0.25660790513847226,1.669983983039856,19.95768928527832,0.18609945947508752,1.669983983039856
Gm3336,0.001011839834973216,0.0016440049512311816,-0.7006891965866089,0.9979940091511154,-0.08798898756504059,-0.7006891965866089,0.8018204606157439,-0.5106897354125977,-0.7006891965866089,0.6600953412575276,-0.6662775278091431
Pde4c,0.0005207490175962448,0.0015990091487765312,-1.6192941665649414,0.9979940091511154,-0.08798898756504059,-1.6192941665649414,0.5196272646011879,-1.0845412015914917,-1.6192941665649414,0.18198436739473936,-1.6819820404052734
Rab3a,0.012128982692956924,0.013865804299712181,-0.19432826340198517,0.9979940091511154,-0.3731516897678375,-0.19432826340198517,0.8914128610919672,-0.3563818335533142,-0.19432826340198517,0.7556508821352907,-0.5169959664344788
Mpv17l2,0.24270877242088318,0.2641780376434326,-0.13842448592185974,0.11013002888799263,-2.0891151428222656,-0.13842448592185974,0.39326870600440145,-1.333137035369873,-0.13842448592185974,0.14972919982756736,-1.8244342803955078
Pik3r2,0.012374581769108772,0.021275179460644722,-0.7882299423217773,0.2852907878566501,-1.5602015256881714,-0.7882299423217773,0.13694630513158543,-2.0498478412628174,-0.7882299423217773,0.013617865382084853,-2.8835198879241943
Mast3,0.19609461724758148,0.192581906914711,0.028693802654743195,0.4421367579567741,-1.2648862600326538,0.028693802654743195,0.9558361894033564,0.23914027214050293,0.028693802654743195,0.8802277873085883,0.32446208596229553
Il12rb1,0.1290033906698227,0.10956008732318878,0.2499905824661255,0.8506991741739198,-0.6983903646469116,0.2499905824661255,0.2378682035177713,1.725854754447937,0.2499905824661255,0.06559880992024442,2.2405121326446533
Arrdc2,0.018363354727625847,0.014986852183938026,0.2955746650695801,0.9979940091511154,-0.5003260374069214,0.2955746650695801,0.6228061741232567,0.817079484462738,0.2955746650695801,0.46147875269036936,1.033947467803955
Ccdc124,0.7859566807746887,0.7830071449279785,0.007827576249837875,0.7702904455708715,0.7998270392417908,0.007827576249837875,1.0,0.14313478767871857,0.007827576249837875,0.961166559788542,0.19168278574943542
Slc5a5,0.00022118326160125434,0.0,17.755048751831055,0.9979940091511154,0.14071114361286163,17.755048751831055,0.5196272646011879,1.0,17.755048751831055,0.46147875269036936,1.0
Rpl18a,3.442901611328125,3.4800939559936523,-0.05539579689502716,0.5882429585487644,-1.0417968034744263,-0.05539579689502716,0.044390575677241605,-2.5863442420959473,-0.05539579689502716,0.0009908499047120239,-3.7112410068511963
Map1s,0.10265902429819107,0.10964937508106232,-0.10016889125108719,0.06035200486735805,-2.3716061115264893,-0.10016889125108719,0.7185383473597953,-0.6537954807281494,-0.10016889125108719,0.5331708388820634,-0.8734710216522217
Haus8,0.3903164565563202,0.3789046108722687,0.05156770348548889,0.9979940091511154,0.06394341588020325,0.05156770348548889,0.7271447583916543,0.6384499073028564,0.05156770348548889,0.5545153792669808,0.8385238647460938
Myo9b,0.35030922293663025,0.33257919549942017,0.08844710141420364,0.7155202328822611,0.8716075420379639,0.08844710141420364,0.5404618952054995,0.9627219438552856,0.08844710141420364,0.31701022284067,1.3185535669326782
Use1,0.5429978966712952,0.47659754753112793,0.24012471735477448,0.014335075396900418,2.9478983879089355,0.24012471735477448,0.004277616594302169,3.423773765563965,0.24012471735477448,4.629524462620132e-05,4.490706920623779
Ocel1,0.25359562039375305,0.2014470249414444,0.3711714744567871,0.15351219613229236,1.9204398393630981,0.3711714744567871,0.0031869016484221387,3.5155932903289795,0.3711714744567871,3.0071094726251095e-05,4.5896501541137695
Nr2f6,0.036678362637758255,0.03157835081219673,0.21969319880008698,0.5134457873428728,-1.1539204120635986,0.21969319880008698,0.5949072741462614,0.863416314125061,0.21969319880008698,0.4342914055014173,1.087228536605835
Ushbp1,0.0003240303776692599,0.0007382815238088369,-1.1883383989334106,0.9979940091511154,0.05521576479077339,-1.1883383989334106,0.7999034869379839,-0.5137934684753418,-1.1883383989334106,0.588913973693243,-0.7814605832099915
Babam1,0.4747423231601715,0.4481118619441986,0.10396777838468552,0.4294850508291928,1.2856366634368896,0.10396777838468552,0.3319819429377612,1.4890317916870117,0.10396777838468552,0.12053157109848493,1.9401534795761108
Ankle1,0.1463165283203125,0.07622817903757095,0.9921916127204895,0.07759586477187178,2.2579684257507324,0.9921916127204895,9.292383402853968e-10,6.671850204467773,0.9921916127204895,3.726798239638999e-14,8.015506744384766
Abhd8,0.2524813115596771,0.28167906403541565,-0.17987407743930817,0.08035753069555093,-2.241670846939087,-0.17987407743930817,0.27196725189581394,-1.6313824653625488,-0.17987407743930817,0.05930624697392564,-2.2842376232147217
Mrpl34,0.6838648319244385,0.7759455442428589,-0.2566756010055542,0.0013740442970893417,-3.7062244415283203,-0.2566756010055542,5.315364109773451e-05,-4.606542587280273,-0.2566756010055542,8.57000036529186e-09,-6.1727471351623535
Dda1,0.6011937260627747,0.5719929337501526,0.09494414925575256,0.27221422640235376,1.5900359153747559,0.09494414925575256,0.3104174643287719,1.538832664489746,0.09494414925575256,0.10229573942919086,2.025705337524414
Ano8,0.037382982671260834,0.037547968327999115,-0.006472893990576267,0.3610292767965422,-1.4078238010406494,-0.006472893990576267,1.0,-0.0254063680768013,-0.006472893990576267,1.0,-0.033815231174230576
Gtpbp3,0.07144738733768463,0.056965235620737076,0.33735790848731995,0.5712186737495188,-1.0658423900604248,0.33735790848731995,0.1933286334605929,1.8491612672805786,0.33735790848731995,0.05425630499312417,2.325568437576294
Plvap,0.00025294936494901776,0.0010171413887292147,-2.0081467628479004,0.9979940091511154,-0.0302796121686697,-2.0081467628479004,0.5196272646011879,-1.0031150579452515,-2.0081467628479004,0.21217426526944097,-1.590918779373169
Bst2,0.8494595885276794,0.946972668170929,-0.23750917613506317,0.0013894652320473422,-3.702484130859375,-0.23750917613506317,0.0007088278985213187,-3.9426066875457764,-0.23750917613506317,2.3618390944258303e-06,-5.1358962059021
Mvb12a,0.6101261377334595,0.6132699251174927,-0.009912346489727497,0.8519486428673928,0.6969653964042664,-0.009912346489727497,0.9963814176333393,-0.15972596406936646,-0.009912346489727497,0.9472722875960423,-0.2152816355228424
Tmem221,0.026624547317624092,0.04958813637495041,-0.9139076471328735,0.019545342074746085,-2.8331921100616455,-0.9139076471328735,0.011538444290730605,-3.100759744644165,-0.9139076471328735,1.876248387862391e-05,-4.695939064025879
Nxnl1,0.0,0.0,0.0,0.9979940091511154,0.11319231241941452,0.0,1.0,0.0,0.0,1.0,0.0
Slc27a1,0.0038753740955144167,0.007795336190611124,-1.0111057758331299,0.9979940091511154,-0.4329984486103058,-1.0111057758331299,0.36167647049845647,-1.4180620908737183,-1.0111057758331299,0.08604024937521906,-2.111870765686035
Pgls,0.778069794178009,0.8804505467414856,-0.2622859477996826,0.00043289194507666187,-4.025140285491943,-0.2622859477996826,1.1528968842740464e-05,-4.948269844055176,-0.2622859477996826,5.54168004266682e-10,-6.619297981262207
Fam129c,0.012678499333560467,0.01357316505163908,-0.09902013093233109,0.8293297791769425,-0.7259091734886169,-0.09902013093233109,0.9605956540835255,-0.22837717831134796,-0.09902013093233109,0.89685496547431,-0.2964838147163391
Colgalt1,0.14382143318653107,0.24872557818889618,-0.868422269821167,1.7538643043650707e-12,-7.529648780822754,-0.868422269821167,7.136898488796738e-11,-7.165765285491943,-0.868422269821167,8.753039216371532e-23,-10.30597972869873
Unc13a,0.012995014898478985,0.029834138229489326,-1.211195945739746,0.03160550219048622,-2.6447460651397705,-1.211195945739746,0.00278312710400997,-3.565727710723877,-1.211195945739746,1.9158986665080175e-06,-5.175850868225098
Jak3,0.16328439116477966,0.1325056254863739,0.3240826427936554,0.9979940091511154,0.050406649708747864,0.3240826427936554,0.04987419469870243,2.5344631671905518,0.3240826427936554,0.004421207878768658,3.2667319774627686
Insl3,0.0,0.0,0.0,0.9979940091511154,0.11319231241941452,0.0,1.0,0.0,0.0,1.0,0.0
B3gnt3,0.003948787692934275,0.0011352475266903639,1.8004323244094849,0.9979940091511154,0.21899284422397614,1.8004323244094849,0.2181170873779545,1.779115080833435,1.8004323244094849,0.11507622641109265,1.9646233320236206
Fcho1,0.42773017287254333,0.40334218740463257,0.10350388288497925,0.7523337277486161,0.8223586678504944,0.10350388288497925,0.3809658131090016,1.3584187030792236,0.10350388288497925,0.16021537352752957,1.7706390619277954
Zfp709,0.020257549360394478,0.024108605459332466,-0.2538768947124481,0.5455361259630086,-1.1056511402130127,-0.2538768947124481,0.689649952320445,-0.7031427621841431,-0.2538768947124481,0.4668990901201197,-0.990216851234436
Zfp882,0.006499940529465675,0.0075864028185606,-0.2237740457057953,0.9979940091511154,-0.48376134037971497,-0.2237740457057953,0.8571393134297507,-0.41567879915237427,-0.2237740457057953,0.7343387189744102,-0.5505130887031555
Zfp617,0.05445133149623871,0.05114113911986351,0.09289196133613586,0.46059532244812085,-1.234161376953125,0.09289196133613586,0.850474886256414,0.4277215003967285,0.09289196133613586,0.7237497435616738,0.56763756275177
Zfp961,0.05897342413663864,0.04564736783504486,0.3792296350002289,0.4851589140972526,-1.1970243453979492,0.3792296350002289,0.18502870996244375,1.8752528429031372,0.3792296350002289,0.05685761173637288,2.3039627075195312
Cyp4f18,0.0,0.015459057874977589,-23.89311408996582,0.9495881005654497,-0.5714831352233887,-23.89311408996582,0.07783744107644329,-2.3399312496185303,-23.89311408996582,0.0002221741803236382,-4.117730140686035
Olfr373,0.002711440669372678,0.0009777321247383952,1.472798466682434,0.9979940091511154,0.08050814270973206,1.472798466682434,0.5196272646011879,1.0096341371536255,1.472798466682434,0.4440406085488154,1.0698851346969604
Olfr374,0.00034705016878433526,0.0014959268737584352,-2.108649253845215,0.9979940091511154,0.05503764748573303,-2.108649253845215,0.6633372032070818,-0.7481338977813721,-2.108649253845215,0.34901835605176895,-1.2512459754943848
Tpm4,1.4171178340911865,1.4112763404846191,0.011134719476103783,0.9979940091511154,0.49400296807289124,0.011134719476103783,0.953474406143132,0.24340516328811646,0.011134719476103783,0.872977041137677,0.3359118700027466
Rab8a,1.0298516750335693,1.0710927248001099,-0.09151113033294678,0.664965433773158,-0.9378664493560791,-0.09151113033294678,0.13844166726384874,-2.0431771278381348,-0.09151113033294678,0.02431940790755967,-2.6644303798675537
Hsh2d,0.1058020293712616,0.09810834378004074,0.11456362158060074,0.43461055343906047,-1.2772653102874756,0.11456362158060074,0.686686488123265,0.7085950970649719,0.11456362158060074,0.4861274614581516,0.9547765851020813
Cib3,0.002430492080748081,0.0,21.214570999145508,0.9979940091511154,0.2783052623271942,21.214570999145508,0.066974183243725,2.4018678665161133,21.214570999145508,0.045728171287983746,2.4018678665161133
Fam32a,0.5446067452430725,0.5552436113357544,-0.03627888858318329,0.9979940091511154,-0.05503764748573303,-0.03627888858318329,0.7898734296100869,-0.5317363142967224,-0.03627888858318329,0.6314835834806967,-0.7109749913215637
Ap1m1,0.4165264368057251,0.37841299176216125,0.16775597631931305,0.32445314667226555,1.4790699481964111,0.16775597631931305,0.1177939487291099,2.1265058517456055,0.16775597631931305,0.01874857344154331,2.7640044689178467
Gm10282,0.05524374917149544,0.04513578116893768,0.2988920509815216,0.6410669374953011,-0.9693037867546082,0.2988920509815216,0.3448823279508558,1.4601980447769165,0.2988920509815216,0.1414324648649878,1.8559364080429077
Klf2,2.0496864318847656,2.0513854026794434,-0.0028136707842350006,0.7832566829629831,0.7837076187133789,-0.0028136707842350006,1.0,-0.044386863708496094,-0.0028136707842350006,1.0,-0.05998086556792259
Eps15l1,0.21870915591716766,0.23172764480113983,-0.0931597426533699,0.205514464843868,-1.7579987049102783,-0.0931597426533699,0.598216765901045,-0.8572748303413391,-0.0931597426533699,0.38998333038848965,-1.1699000597000122
Calr3,0.0015210187993943691,0.0012816836824640632,0.24717023968696594,0.9979940091511154,0.05281120538711548,0.24717023968696594,0.9748465808568267,0.20208773016929626,0.24717023968696594,0.9195734009434466,0.25986000895500183
1700030K09Rik,0.010699372738599777,0.012113832868635654,-0.18015138804912567,0.7454647849586286,-0.8323330879211426,-0.18015138804912567,0.8510553631516994,-0.4265173375606537,-0.18015138804912567,0.731566934598533,-0.555566132068634
Cherp,0.218586727976799,0.2320772260427475,-0.09649549424648285,0.10166384454856911,-2.1291019916534424,-0.09649549424648285,0.5677071376557798,-0.9110191464424133,-0.09649549424648285,0.3642206709172168,-1.219901442527771
Slc35e1,0.13883261382579803,0.13446618616580963,0.04932456836104393,0.32884409280158816,-1.4710547924041748,0.04932456836104393,0.8852275962562959,0.36662739515304565,0.04932456836104393,0.7738467590388414,0.4903276264667511
Med26,0.05917302891612053,0.06572123616933823,-0.15619245171546936,0.038906601549146116,-2.55773663520813,-0.15619245171546936,0.6581327441499426,-0.756668210029602,-0.15619245171546936,0.46147875269036936,-1.0176405906677246
Smim7,0.4097655117511749,0.416971355676651,-0.030704783275723457,0.9979940091511154,-0.21543052792549133,-0.030704783275723457,0.8713518978308763,-0.3906121850013733,-0.030704783275723457,0.7466685961666035,-0.5314006209373474
Tmem38a,0.003291505156084895,0.004933007527142763,-0.5849049091339111,0.9979940091511154,-0.3170453608036041,-0.5849049091339111,0.6983527453766474,-0.6871059536933899,-0.5849049091339111,0.5077588300218746,-0.918075680732727
Sin3b,0.9576072692871094,0.9163141250610352,0.09796328842639923,0.14063627163392436,1.9659483432769775,0.09796328842639923,0.2445134713758961,1.7053205966949463,0.09796328842639923,0.05185768841835723,2.3451144695281982
F2rl3,0.06411482393741608,0.1038268581032753,-0.7244967818260193,1.092947870489392e-06,-5.377124786376953,-0.7244967818260193,0.0003312883669399476,-4.153532028198242,-0.7244967818260193,1.0264577564544925e-07,-5.733041763305664
Large1,0.000996640999801457,0.003578690579161048,-1.846148133277893,0.9979940091511154,0.08246741443872452,-1.846148133277893,0.6875680658962822,-0.7072250247001648,-1.846148133277893,0.37591035590558103,-1.1963579654693604
Hmgxb4,0.2586488723754883,0.2581973671913147,0.0028603405226022005,0.6668881507679911,-0.9351056814193726,0.0028603405226022005,1.0,0.027503304183483124,0.0028603405226022005,1.0,0.03675189986824989
Tom1,0.020815828815102577,0.04762855917215347,-1.2135975360870361,0.012387148723763862,-3.000976800918579,-1.2135975360870361,0.005125366196263346,-3.3754990100860596,-1.2135975360870361,1.1061551665280398e-06,-5.2879815101623535
Hmox1,0.06128246709704399,0.12425042688846588,-1.0658283233642578,1.8653401865266732e-07,-5.712337970733643,-1.0658283233642578,2.9632295728591806e-05,-4.764563083648682,-1.0658283233642578,3.65517524641889e-12,-7.3745436668396
Mcm5,0.8706573247909546,1.0722060203552246,-0.46896517276763916,2.2455236733225583e-11,-7.174219608306885,-0.46896517276763916,8.553429371507642e-11,-7.1164231300354,-0.46896517276763916,5.4348037106617126e-21,-9.86884593963623
Nr3c2,0.0,0.0005661612376570702,-19.111265182495117,0.9979940091511154,0.027607882395386696,-19.111265182495117,0.5196272646011879,-1.0,-19.111265182495117,0.16021537352752957,-1.759765386581421
Arhgap10,0.1455676406621933,0.13662515580654144,0.09806881099939346,0.3831363815646379,-1.3665010929107666,0.09806881099939346,0.665763273033327,0.742695689201355,0.09806881099939346,0.47498168240988614,0.9759510159492493
Prmt9,0.10003221780061722,0.11297191679477692,-0.1849990338087082,0.007454290962715924,-3.175618886947632,-0.1849990338087082,0.4510330381204156,-1.2171152830123901,-0.1849990338087082,0.1939575971510027,-1.6458497047424316
Tmem184c,0.09284964948892593,0.1142912209033966,-0.3154800534248352,0.004042220790180043,-3.3774235248565674,-0.3154800534248352,0.15989573701149293,-1.9628962278366089,-0.3154800534248352,0.01939475674741773,-2.7510979175567627
Rbmxl1,0.46799027919769287,0.5999266505241394,-0.4619087278842926,4.418310216699995e-08,-5.966953754425049,-0.4619087278842926,1.2971639270422394e-09,-6.662134170532227,-0.4619087278842926,7.88131737223046e-18,-9.044977188110352
Slc10a7,0.1121382862329483,0.10804606974124908,0.05663805082440376,0.29948233506391964,-1.530901551246643,0.05663805082440376,0.8964920470163843,0.34689775109291077,0.05663805082440376,0.78741494283279,0.46883639693260193
Lsm6,1.2385002374649048,1.2439508438110352,-0.011060265824198723,0.6632192905165138,-0.940092921257019,-0.011060265824198723,0.959264692623545,-0.23174342513084412,-0.011060265824198723,0.8773328071127999,-0.3293575644493103
Zfp827,0.019159775227308273,0.016865698620676994,0.18564847111701965,0.7742789587514384,-0.7943945527076721,0.18564847111701965,0.7888532315749829,0.533338189125061,0.18564847111701965,0.6587836615261381,0.6683698296546936
1700011L22Rik,0.0,0.0,0.0,0.9979940091511154,0.11319231241941452,0.0,1.0,0.0,0.0,1.0,0.0
Mmaa,0.028308549895882607,0.030002310872077942,-0.08506347984075546,0.39912235045082955,-1.3376463651657104,-0.08506347984075546,0.9176894411187732,-0.3089441955089569,-0.08506347984075546,0.8246208250421109,-0.41150152683258057
Smad1,0.013180643320083618,0.01933179795742035,-0.5570042133331299,0.35695842996543,-1.4158390760421753,-0.5570042133331299,0.3621040251177201,-1.4059088230133057,-0.5570042133331299,0.12617314365876134,-1.9167500734329224
Otud4,0.1981220692396164,0.2267659306526184,-0.2162073850631714,0.009105818113263404,-3.1090927124023438,-0.2162073850631714,0.17354371751180436,-1.9153294563293457,-0.2162073850631714,0.028450068973815013,-2.6016147136688232
Abce1,0.24902568757534027,0.4263591170310974,-0.9108785390853882,4.145941385836279e-20,-9.63559627532959,-0.9108785390853882,6.610337601505965e-20,-9.980939865112305,-0.9108785390853882,4.6130660674289165e-40,-13.900273323059082
Anapc10,0.2094493806362152,0.2224026322364807,-0.09625194221735,0.126823704450877,-2.01920485496521,-0.09625194221735,0.5416673175556298,-0.9598360061645508,-0.09625194221735,0.33911422301501387,-1.2722517251968384
Smarca5,1.2529441118240356,1.4315986633300781,-0.34917402267456055,1.8706567594535364e-12,-7.520298004150391,-0.34917402267456055,2.320174511034598e-11,-7.315067768096924,-0.34917402267456055,1.1689105325012705e-21,-10.035481452941895
Usp38,0.19734007120132446,0.20873422920703888,-0.08948026597499847,0.15409467674281332,-1.9181243181228638,-0.08948026597499847,0.630446318914481,-0.8041185140609741,-0.08948026597499847,0.432879102211172,-1.089697003364563
Inpp4b,0.14471645653247833,0.11172877997159958,0.3975321650505066,0.9979940091511154,-0.23724967241287231,0.3975321650505066,0.04843987207630274,2.5470685958862305,0.3975321650505066,0.004121932287851169,3.289532423019409
Il15,0.002973367692902684,0.00666483910754323,-1.1671369075775146,0.9979940091511154,-0.4029860198497772,-1.1671369075775146,0.47810264773658634,-1.1669260263442993,-1.1671369075775146,0.16021537352752957,-1.7718563079833984
Zfp330,0.311918705701828,0.38023144006729126,-0.33782142400741577,0.000566428981839325,-3.951845645904541,-0.33782142400741577,0.0005890339148717359,-3.996192455291748,-0.33782142400741577,6.868167672320249e-07,-5.377551555633545
Rnf150,0.0,0.0,0.0,0.9979940091511154,0.11319231241941452,0.0,1.0,0.0,0.0,1.0,0.0
Tbc1d9,0.0,0.0072460537776350975,-22.793994903564453,0.9979940091511154,-0.143560990691185,-22.793994903564453,0.3351570208366793,-1.484309434890747,-22.793994903564453,0.02790611667931885,-2.6120364665985107
Elmod2,0.03929863125085831,0.03799160197377205,0.04974741116166115,0.3177791358187386,-1.492784857749939,0.04974741116166115,0.9810867851637413,0.1887456625699997,0.04974741116166115,0.9266022348555917,0.24983958899974823
Clgn,0.003809253452345729,0.006013352423906326,-0.6602524518966675,0.9979940091511154,-0.4301486015319824,-0.6602524518966675,0.5260368225657363,-0.9887140393257141,-0.6602524518966675,0.2909720629914012,-1.3781189918518066
Scoc,0.12381382286548615,0.12193198502063751,0.023480962961912155,0.06760543245216745,-2.3203978538513184,0.023480962961912155,0.9919031602853093,0.17024654150009155,0.023480962961912155,0.9453089774488338,0.21955840289592743
Ndufb7,1.7281208038330078,1.6412235498428345,0.15393510460853577,1.0811280697862702e-06,5.3792619705200195,0.15393510460853577,5.641200600231793e-05,4.5970234870910645,0.15393510460853577,2.4837700867873275e-09,6.377095699310303
Tecr,0.8372318744659424,0.8188809156417847,0.04701738804578781,0.5828333750824932,1.0496338605880737,0.04701738804578781,0.5700659386061893,0.907048225402832,0.04701738804578781,0.3661250554197126,1.2159063816070557
Dnajb1,0.5236067175865173,0.521111011505127,0.008848883211612701,0.9984208920935209,-0.012913363985717297,0.008848883211612701,1.0,0.12535016238689423,0.008848883211612701,0.9776577853247003,0.16598093509674072
Gipc1,0.19357125461101532,0.17841434478759766,0.1289053112268448,0.9979940091511154,-0.4590032994747162,0.1289053112268448,0.49664823293125326,1.1312785148620605,0.1289053112268448,0.246285609304811,1.4971262216567993
Pkn1,0.4657970070838928,0.40638020634651184,0.24283693730831146,0.01675684804626644,2.8909013271331787,0.24283693730831146,0.011753577344564675,3.0868735313415527,0.24283693730831146,0.00021530214896245918,4.116782188415527
Ptger1,0.0046030329540371895,0.0019845357164740562,1.2156727313995361,0.9979940091511154,0.18969286978244781,1.2156727313995361,0.3603362694758462,1.4242815971374512,1.2156727313995361,0.18980058451452542,1.6580193042755127
Ddx39,1.16642427444458,1.302456259727478,-0.2769611179828644,6.302586132561639e-09,-6.303057670593262,-0.2769611179828644,4.153795894950404e-06,-5.181168556213379,-0.2769611179828644,4.450779611532513e-12,-7.340712547302246
Adgre5,0.5990434288978577,0.5960885882377625,0.009476322680711746,0.9979940091511154,-0.18862417340278625,0.009476322680711746,1.0,0.13005909323692322,0.009476322680711746,0.9720237621745706,0.17433205246925354
Adgrl1,0.07146432995796204,0.06535253673791885,0.1334393173456192,0.4574686176509813,-1.2391486167907715,0.1334393173456192,0.7226129794518529,0.6472119688987732,0.1334393173456192,0.5337323089821425,0.8722789287567139
Asf1b,1.0057721138000488,0.8133394122123718,0.4659399092197418,6.687572695769773e-12,7.343963623046875,0.4659399092197418,1.754878391521152e-12,7.702611923217773,0.4659399092197418,9.348039169745833e-24,10.54092788696289
Prkaca,0.13153289258480072,0.15191270411014557,-0.2228669971227646,0.002089212594835722,-3.5811874866485596,-0.2228669971227646,0.2263330596992357,-1.7573902606964111,-0.2228669971227646,0.05516752008291681,-2.3179702758789062
Samd1,0.3396478593349457,0.3546212911605835,-0.07366417348384857,0.16937694234652592,-1.8643335103988647,-0.07366417348384857,0.6486082877852783,-0.7723491191864014,-0.07366417348384857,0.46147875269036936,-1.0187735557556152
1700067K01Rik,0.00031442896579392254,0.0026630908250808716,-3.0839860439300537,0.9979940091511154,-0.2867657244205475,-3.0839860439300537,0.17908189400180297,-1.8992071151733398,-3.0839860439300537,0.006601382688978555,-3.136345624923706
Misp3,0.045420315116643906,0.07176357507705688,-0.6791020631790161,7.409607486244398e-05,-4.470428466796875,-0.6791020631790161,0.008830649518347715,-3.1875481605529785,-0.6791020631790161,9.127744562014693e-05,-4.329007148742676
Palm3,0.011245348490774632,0.023077912628650665,-1.0457441806793213,0.21602026582674333,-1.7289658784866333,-1.0457441806793213,0.0418572095153157,-2.611229419708252,-1.0457441806793213,0.0005396407956904156,-3.8776450157165527
Il27ra,0.18272733688354492,0.20539551973342896,-0.18559251725673676,0.013354010527953966,-2.9731907844543457,-0.18559251725673676,0.29463860044537765,-1.5775277614593506,-0.18559251725673676,0.08234292171233257,-2.1327455043792725
Rln3,0.0,0.0011714765569195151,-20.160743713378906,0.9979940091511154,-0.05797655135393143,-20.160743713378906,0.3625987265945032,-1.4052464962005615,-20.160743713378906,0.03879468547905398,-2.4729042053222656
Gm10643,0.0170228760689497,0.012118756771087646,0.49377915263175964,0.9979940091511154,-0.3125033974647522,0.49377915263175964,0.40525174824720583,1.3062195777893066,0.49377915263175964,0.20576604280557684,1.6093195676803589
Rfx1,0.12139537930488586,0.10140173882246017,0.2743210792541504,0.7245612527092885,-0.8593176007270813,0.2743210792541504,0.19811211565541262,1.836194634437561,0.2743210792541504,0.04978350919764594,2.3628227710723877
Dcaf15,0.3873678147792816,0.34022092819213867,0.2232988327741623,0.09758954195677692,2.1488728523254395,0.2232988327741623,0.03682743667684591,2.6595511436462402,0.2232988327741623,0.001911866244889973,3.525158405303955
Podnl1,0.07816831767559052,0.12429885566234589,-0.7029945254325867,1.0367401365864078e-05,-4.916874408721924,-0.7029945254325867,0.0006529559616709021,-3.9749627113342285,-0.7029945254325867,1.2218782603836253e-07,-5.70084810256958
Cc2d1a,0.1096624881029129,0.09212235361337662,0.26431217789649963,0.9363564736046766,-0.5875135064125061,0.26431217789649963,0.2513454159561736,1.686560034751892,0.26431217789649963,0.07043110854010136,2.207564353942871
4930432K21Rik,0.004923605360090733,0.003053739434108138,0.6904877424240112,0.9979940091511154,0.13180537521839142,0.6904877424240112,0.5869030239116747,0.8769350051879883,0.6904877424240112,0.418672980165013,1.1162467002868652
Nanos3,0.005937917623668909,0.008564779534935951,-0.5303561687469482,0.9277298330609342,-0.599001944065094,-0.5303561687469482,0.5739412020673765,-0.9008427858352661,-0.5303561687469482,0.3663959566103376,-1.2152900695800781
Zswim4,0.016936348751187325,0.022285979241132736,-0.3998851180076599,0.5885726634276516,-1.0412623882293701,-0.3998851180076599,0.5313675520782573,-0.9791356921195984,-0.3998851180076599,0.2792028305814638,-1.416043758392334
D8Ertd738e,1.413096308708191,1.507194995880127,-0.1768433004617691,0.0001386583924255574,-4.3194756507873535,-0.1768433004617691,2.2347321854523744e-05,-4.8008317947387695,-0.1768433004617691,2.498687388847679e-09,-6.3780717849731445
Mri1,0.2495226263999939,0.28687846660614014,-0.2294185906648636,0.02827773998064281,-2.6887404918670654,-0.2294185906648636,0.07862431888641437,-2.329012632369995,-0.2294185906648636,0.005521079014471886,-3.193986415863037
Ccdc130,0.07107493281364441,0.049427714198827744,0.5397926568984985,0.9979940091511154,0.15887890756130219,0.5397926568984985,0.039167991879566884,2.634187936782837,0.5397926568984985,0.003337713466365442,3.3559751510620117
Cacna1a,0.024330906569957733,0.029566504061222076,-0.2849673628807068,0.14975291900523718,-1.933442234992981,-0.2849673628807068,0.5196272646011879,-1.0074257850646973,-0.2849673628807068,0.31053030398033893,-1.3331847190856934
Ier2,1.1444844007492065,1.1031726598739624,0.08830694854259491,0.07739551006327057,2.2593042850494385,0.08830694854259491,0.3415121477059817,1.4679434299468994,0.08830694854259491,0.10766752998802313,1.998958945274353
Nacc1,0.17154914140701294,0.17703840136528015,-0.04951507970690727,0.07333079417448256,-2.2837061882019043,-0.04951507970690727,0.8560107964384934,-0.41824913024902344,-0.04951507970690727,0.7338345761745313,-0.5512502193450928
Trmt1,0.13084785640239716,0.1699403077363968,-0.40604352951049805,0.00022544615368382353,-4.197021484375,-0.40604352951049805,0.010587306629081309,-3.125681161880493,-0.40604352951049805,9.961661605731537e-05,-4.308078765869141
Nfix,0.0026408149860799313,0.011916575953364372,-2.1806132793426514,0.6191160527584395,-0.9992271661758423,-2.1806132793426514,0.04987419469870243,-2.5408225059509277,-2.1806132793426514,0.00024588874512914544,-4.084319591522217
Lyl1,0.0014406166737899184,0.006840068846940994,-2.251221179962158,0.9979940091511154,-0.2319062054157257,-2.251221179962158,0.36167647049845647,-1.4161182641983032,-2.251221179962158,0.05025082400226099,-2.3594164848327637
G430095P16Rik,0.02257492020726204,0.035092972218990326,-0.6455345749855042,0.0587139946170176,-2.3851428031921387,-0.6455345749855042,0.10409384197384293,-2.1918179988861084,-0.6455345749855042,0.008594829662302583,-3.0458438396453857
Dand5,0.03812840208411217,0.036259107291698456,0.07387948036193848,0.39788296874574747,-1.3399618864059448,0.07387948036193848,0.9288466246935696,0.2877136170864105,0.07387948036193848,0.8496863873446078,0.37200474739074707
Gadd45gip1,0.705095648765564,0.8238688111305237,-0.3210832178592682,1.0298621732756948e-05,-4.918655872344971,-0.3210832178592682,7.840535383011266e-07,-5.508962154388428,-0.3210832178592682,1.6516771080967652e-12,-7.482692241668701
Rad23a,0.4481811225414276,0.5369734168052673,-0.3300558924674988,0.0002523763074827508,-4.168522834777832,-0.3300558924674988,8.823238222593892e-05,-4.485747814178467,-0.3300558924674988,1.8541826949292703e-08,-6.039007663726807
Calr,1.709775447845459,2.154689073562622,-0.7519920468330383,5.274304730691148e-35,-12.78182601928711,-0.7519920468330383,3.3794160927468245e-41,-14.875285148620605,-0.7519920468330383,2.3196571366510262e-74,-19.50674057006836
Farsa,0.26401692628860474,0.3341619670391083,-0.3930344879627228,7.009085602921987e-05,-4.483697891235352,-0.3930344879627228,0.000240018237189746,-4.234559535980225,-0.3930344879627228,7.237936467653488e-08,-5.797737121582031
Syce2,0.2717435657978058,0.3258287012577057,-0.3028219938278198,0.0015935047524262061,-3.662586212158203,-0.3028219938278198,0.011225011943423504,-3.1047024726867676,-0.3028219938278198,0.00014574641649738005,-4.214327812194824
Gcdh,0.08932401984930038,0.11949765682220459,-0.4420064687728882,1.393954594879329e-05,-4.853643894195557,-0.4420064687728882,0.013450795630663953,-3.039581775665283,-0.4420064687728882,0.00028782393496986063,-4.042212963104248
Klf1,0.0002977027324959636,0.0,18.183732986450195,0.9979940091511154,0.14071114361286163,18.183732986450195,0.5196272646011879,1.0,18.183732986450195,0.46147875269036936,1.0
Dnase2a,0.0625457763671875,0.06828851252794266,-0.1309182196855545,0.02237053859413881,-2.7818057537078857,-0.1309182196855545,0.7182728669817856,-0.6541526317596436,-0.1309182196855545,0.5385531110471781,-0.864535391330719
Mast1,0.0005630820523947477,0.0007123007671907544,-0.33924856781959534,0.9979940091511154,0.08282364159822464,-0.33924856781959534,0.9850608804370113,-0.18281672894954681,-0.33924856781959534,0.9180455675077612,-0.26268526911735535
Rtbdn,0.0002969934430439025,0.0004986929125152528,-0.747864305973053,0.9979940091511154,0.05521576479077339,-0.747864305973053,0.8962411148323924,-0.3474997580051422,-0.747864305973053,0.7732788303695519,-0.49134716391563416
Rnaseh2a,0.22013582289218903,0.2672872245311737,-0.31538957357406616,0.0005097772681812584,-3.9809675216674805,-0.31538957357406616,0.010444360737558353,-3.1290276050567627,-0.31538957357406616,0.00014718199694654198,-4.21187162399292
Prdx2,0.9932577610015869,1.1392924785614014,-0.3216134011745453,4.013686975238037e-08,-5.985299587249756,-0.3216134011745453,2.840942432202241e-09,-6.5270586013793945,-0.3216134011745453,7.577315890222545e-17,-8.777100563049316
Junb,1.6837117671966553,1.6653320789337158,0.03263159096240997,0.2613726741736223,1.615417242050171,0.03263159096240997,0.8521552914673024,0.42434126138687134,0.03263159096240997,0.7027761480072519,0.5996109247207642
Hook2,0.015093756839632988,0.025258278474211693,-0.7501611709594727,0.4889133147118422,-1.1914136409759521,-0.7501611709594727,0.33306044682712327,-1.488381028175354,-0.7501611709594727,0.05585041845401942,-2.3119232654571533
Best2,0.0,0.0,0.0,0.9979940091511154,0.11319231241941452,0.0,1.0,0.0,0.0,1.0,0.0
Asna1,0.23628020286560059,0.24909549951553345,-0.08581790328025818,0.12548278008377026,-2.024993658065796,-0.08581790328025818,0.595097864842719,-0.8623301386833191,-0.08581790328025818,0.4047638411582173,-1.142149567604065
Trir,1.4734785556793213,1.3256934881210327,0.2831723988056183,3.371749416144951e-11,7.11606502532959,0.2831723988056183,4.823776335546037e-10,6.847996234893799,0.2831723988056183,1.8411537232753043e-20,9.733562469482422
Tnpo2,0.11318092048168182,0.09281504154205322,0.30114319920539856,0.6592984862422737,-0.9457926154136658,0.30114319920539856,0.18482075525846267,1.8764591217041016,0.30114319920539856,0.0428657234549818,2.427706480026245
Fbxw9,0.00800193939357996,0.011636793613433838,-0.5428981184959412,0.9310188496536872,-0.5945490598678589,-0.5428981184959412,0.5442802482535021,-0.955849289894104,-0.5428981184959412,0.2824798765823447,-1.4027016162872314
Gm5741,0.0,0.0,0.0,0.9979940091511154,0.11319231241941452,0.0,1.0,0.0,0.0,1.0,0.0
Dhps,0.41902828216552734,0.4583527147769928,-0.15984447300434113,0.18416433898292559,-1.8183797597885132,-0.15984447300434113,0.11474183549301101,-2.1405224800109863,-0.15984447300434113,0.01429655454265506,-2.865377902984619
Wdr83,0.18341273069381714,0.21619422733783722,-0.26166820526123047,0.016964919158514447,-2.886359453201294,-0.26166820526123047,0.09846182161129494,-2.220829725265503,-0.26166820526123047,0.00719469968265143,-3.1060564517974854
Wdr83os,0.7020742893218994,0.7319348454475403,-0.08418348431587219,0.7740052807686945,-0.7950179576873779,-0.08418348431587219,0.3350937636971981,-1.482597827911377,-0.08418348431587219,0.11158222918405783,-1.979681372642517
Man2b1,0.41878050565719604,0.41553956270217896,0.01370855513960123,0.9095128291679567,0.6229584813117981,0.01370855513960123,0.9968804925595617,0.1584552675485611,0.01370855513960123,0.9457604564596729,0.21846261620521545
Cks1brt,0.02530009299516678,0.020073162391781807,0.33765941858291626,0.9979940091511154,-0.36139607429504395,0.33765941858291626,0.5293687797953416,0.9830361604690552,0.33765941858291626,0.33663991877303007,1.2779604196548462
Vps35,0.4669947922229767,0.5584515929222107,-0.329610675573349,0.0005278354078629561,-3.9713492393493652,-0.329610675573349,5.180618864660616e-05,-4.6148529052734375,-0.329610675573349,5.1422164084535494e-09,-6.258239269256592
Orc6,0.5692061185836792,0.6933063268661499,-0.3834168016910553,2.542914871771789e-05,-4.719700813293457,-0.3834168016910553,6.473009805401178e-06,-5.079921722412109,-0.3834168016910553,5.6251702874001756e-11,-6.971159934997559
Mylk3,0.0,0.0,0.0,0.9979940091511154,0.11319231241941452,0.0,1.0,0.0,0.0,1.0,0.0
4921524J17Rik,0.4137619435787201,0.33634451031684875,0.3581886291503906,0.0014794839260480507,3.6836929321289062,0.3581886291503906,0.00013796504665049056,4.36964225769043,0.3581886291503906,1.1419756260856058e-07,5.715565204620361
Gpt2,0.0005608263309113681,0.0031239809468388557,-2.479607105255127,0.9979940091511154,-0.2589797377586365,-2.479607105255127,0.23121501729985292,-1.7474478483200073,-2.479607105255127,0.014662397234885827,-2.856997489929199
Dnaja2,0.9122240543365479,1.104611873626709,-0.43779316544532776,2.8435665624776157e-16,-8.642781257629395,-0.43779316544532776,8.674591589814347e-16,-8.762093544006348,-0.43779316544532776,1.9207644391282907e-30,-12.01799488067627
Neto2,0.031371697783470154,0.0569562129676342,-0.8789805769920349,0.0012699237372858726,-3.729112386703491,-0.8789805769920349,0.004970894302408442,-3.38071608543396,-0.8789805769920349,9.230917344100275e-06,-4.852270603179932
Itfg1,0.1458105742931366,0.18300257623195648,-0.3553318381309509,0.000144093602528611,-4.3095011711120605,-0.3553318381309509,0.039722860077934644,-2.630537986755371,-0.3553318381309509,0.0011874165658950727,-3.660813331604004
Phkb,0.0457562617957592,0.06035035103559494,-0.41001349687576294,0.029402447431460192,-2.6733334064483643,-0.41001349687576294,0.2209327099704756,-1.772605061531067,-0.41001349687576294,0.03821069273344446,-2.4776389598846436
Lonp2,0.3462653160095215,0.3033052384853363,0.22377121448516846,0.16843423966798737,1.8678067922592163,0.22377121448516846,0.06492518845670621,2.41812801361084,0.22377121448516846,0.004846951828380005,3.2357780933380127
Siah1a,0.08571672439575195,0.10163389891386032,-0.25739410519599915,0.013048715513582426,-2.9820075035095215,-0.25739410519599915,0.39594053836937265,-1.3270090818405151,-0.25739410519599915,0.13149445537150437,-1.8944005966186523
N4bp1,0.458077996969223,0.4115253686904907,0.19061829149723053,0.11169906438453367,2.0819904804229736,0.19061829149723053,0.06534963548421019,2.414025068283081,0.19061829149723053,0.005289882631173947,3.207919120788574
Cbln1,0.00035808293614536524,0.0,18.450197219848633,0.9979940091511154,0.14071114361286163,18.450197219848633,0.5196272646011879,1.0,18.450197219848633,0.46147875269036936,1.0
Cnep1r1,0.25351613759994507,0.19710403680801392,0.4053397476673126,0.15914853626779518,1.8998675346374512,0.4053397476673126,0.000409930667431727,4.087576866149902,0.4053397476673126,1.9475252003940015e-06,5.175851821899414
Heatr3,0.06712718307971954,0.1501704305410385,-1.2226192951202393,1.4425741239921539e-12,-7.556989669799805,-1.2226192951202393,1.2518311041294362e-11,-7.47044563293457,-1.2226192951202393,1.1964542603330425e-26,-11.202404022216797
Tent4b,0.16754548251628876,0.19609998166561127,-0.24825803935527802,0.00442838175025385,-3.3491032123565674,-0.24825803935527802,0.18123349377793924,-1.8895536661148071,-0.24825803935527802,0.026867307970352652,-2.624724864959717
Adcy7,0.3201066255569458,0.2771003544330597,0.24070808291435242,0.2982067936401985,1.5335732698440552,0.24070808291435242,0.07272529504005279,2.3672094345092773,0.24070808291435242,0.005859253856888201,3.174123525619507
Brd7,0.49179497361183167,0.47610753774642944,0.05899486690759659,0.7291008509937085,0.8531726002693176,0.05899486690759659,0.6192531953387341,0.8226661682128906,0.05899486690759659,0.43003199463042957,1.0949851274490356
Nkd1,0.00437888503074646,0.004970776382833719,-0.18333494663238525,0.9979940091511154,-0.23270772397518158,-0.18333494663238525,0.9395727421393364,-0.2690819799900055,-0.18333494663238525,0.8590486575203223,-0.3566833734512329
Snx20,0.3669508695602417,0.3297129273414612,0.1827942132949829,0.10447835638396695,2.115476131439209,0.1827942132949829,0.1580436383780026,1.9694699048995972,0.1827942132949829,0.021196795411623254,2.717200517654419
Nod2,0.00024810622562654316,0.004664766602218151,-4.23595666885376,0.9979940091511154,-0.11613121628761292,-4.23595666885376,0.35687390857821144,-1.4356040954589844,-4.23595666885376,0.03591013577554001,-2.509275197982788
Cyld,0.4568261504173279,0.4530241787433624,0.01500702928751707,0.9984208920935209,0.011399383656680584,0.01500702928751707,0.9795672511702198,0.19166609644889832,0.01500702928751707,0.9227037213683522,0.25520408153533936
Chd9,0.1348690688610077,0.13887634873390198,-0.045197807252407074,0.03794955413601022,-2.5679783821105957,-0.045197807252407074,0.9070924801764582,-0.3272049129009247,-0.045197807252407074,0.8125595509767978,-0.43104854226112366
Rbl2,0.283526748418808,0.2250087410211563,0.37750232219696045,0.05240869306256476,2.4332339763641357,0.37750232219696045,0.0032092941526858597,3.514547348022461,0.37750232219696045,2.138613559075797e-05,4.666769504547119
Aktip,0.04103286936879158,0.04033239185810089,0.025349855422973633,0.3224709999972954,-1.4833447933197021,0.025349855422973633,1.0,0.10014958679676056,0.025349855422973633,0.9971232865132834,0.13422289490699768
Rpgrip1l,0.01848771795630455,0.035501524806022644,-0.9536417722702026,0.05984002848993557,-2.3758809566497803,-0.9536417722702026,0.02717837711089785,-2.7834601402282715,-0.9536417722702026,0.00020828093669814787,-4.124645709991455
Fto,0.10276813805103302,0.10209974646568298,0.00990400929003954,0.09553887413921605,-2.159114360809326,0.00990400929003954,1.0,0.061952706426382065,0.00990400929003954,1.0,0.08209158480167389
Lpcat2,0.0,0.002563983201980591,-21.291805267333984,0.9979940091511154,-0.05797655135393143,-21.291805267333984,0.36533327975281604,-1.3970637321472168,-21.291805267333984,0.040076780235398624,-2.4585044384002686
Gnao1,0.0,0.0008019598317332566,-19.613750457763672,0.9979940091511154,0.027607882395386696,-19.613750457763672,0.5196272646011879,-1.0,-19.613750457763672,0.16021537352752957,-1.759765386581421
Amfr,0.3390621542930603,0.3859094977378845,-0.22254307568073273,0.03129957385633904,-2.648486375808716,-0.22254307568073273,0.04240916568226321,-2.602349042892456,-0.22254307568073273,0.0019407379620507896,-3.520625352859497
Nudt21,1.2767735719680786,1.2691388130187988,0.01529854815453291,0.9979940091511154,0.3051116168498993,0.01529854815453291,0.8827772069143736,0.37183645367622375,0.01529854815453291,0.7555609241236645,0.517234742641449
Ogfod1,0.038537684828042984,0.054002027958631516,-0.4979850947856903,0.021247807435297403,-2.8005077838897705,-0.4979850947856903,0.11732209651655484,-2.1300570964813232,-0.4979850947856903,0.010456791986791768,-2.9774374961853027
Bbs2,0.004124567378312349,0.0068847741931676865,-0.7411593794822693,0.9979940091511154,-0.45775648951530457,-0.7411593794822693,0.4772698614136584,-1.1680428981781006,-0.7411593794822693,0.1853166425489406,-1.671444058418274
Mt4,0.0,0.0,0.0,0.9979940091511154,0.11319231241941452,0.0,1.0,0.0,0.0,1.0,0.0
Mt3,0.182752788066864,0.3756985664367676,-1.1853307485580444,3.3321045035728827e-19,-9.412506103515625,-1.1853307485580444,5.303602629903646e-17,-9.23169994354248,-1.1853307485580444,1.3032769020413642e-39,-13.825323104858398
Mt2,0.1466386914253235,0.31193217635154724,-1.212752342224121,1.4384327608232295e-17,-8.990195274353027,-1.212752342224121,1.7546355064333384e-13,-8.099235534667969,-1.212752342224121,2.9859727061260107e-30,-11.975764274597168
Mt1,0.5681766867637634,0.9530357122421265,-1.0586450099945068,4.5700924547917e-22,-10.101367950439453,-1.0586450099945068,4.071361652951745e-22,-10.659811973571777,-1.0586450099945068,5.8030676113030446e-49,-15.472522735595703
Nup93,0.27569806575775146,0.3398454189300537,-0.35043203830718994,0.0004644200877312924,-4.006349086761475,-0.35043203830718994,0.0009967505889821344,-3.8538670539855957,-0.35043203830718994,1.4688661266522793e-06,-5.229304790496826
Slc12a3,0.002698116935789585,0.0017729620449244976,0.6064584851264954,0.9979940091511154,0.07872699201107025,0.6064584851264954,0.720471959490115,0.6508005261421204,0.6064584851264954,0.569594198169819,0.8134939074516296
Herpud1,0.2861770689487457,0.36158373951911926,-0.3947470784187317,0.00024986015073213963,-4.171194553375244,-0.3947470784187317,0.0013727199769908369,-3.768904209136963,-0.3947470784187317,8.316475907429269e-07,-5.339691162109375
Nlrc5,0.3155125379562378,0.2082638442516327,0.6800211071968079,0.00015950464564660758,4.283229351043701,0.6800211071968079,4.081057126084569e-09,6.445711135864258,0.6800211071968079,6.329408765983141e-15,8.233285903930664
Cpne2,0.01614859513938427,0.0192315261811018,-0.2542950510978699,0.6275880990249866,-0.986581027507782,-0.2542950510978699,0.7240409515172185,-0.6440478563308716,-0.2542950510978699,0.523593948743564,-0.8903959393501282
Fam192a,0.37707528471946716,0.39007189869880676,-0.05886014178395271,0.8614888425850561,-0.6837849020957947,-0.05886014178395271,0.6844491806832589,-0.7120267152786255,-0.05886014178395271,0.4838485628814556,-0.9595199227333069
Rspry1,0.20778049528598785,0.18593035638332367,0.1765761822462082,0.9979940091511154,-0.21587581932544708,0.1765761822462082,0.31352932247725745,1.531679630279541,0.1765761822462082,0.10229573942919086,2.025681972503662
Arl2bp,0.534643828868866,0.5766716003417969,-0.14228187501430511,0.13652770151737376,-1.9809991121292114,-0.14228187501430511,0.09983001616349269,-2.2132623195648193,-0.14228187501430511,0.012438636715760622,-2.916231155395508
Pllp,0.0,0.0,0.0,0.9979940091511154,0.11319231241941452,0.0,1.0,0.0,0.0,1.0,0.0
Ccl17,0.0022857666481286287,0.0,21.125896453857422,0.9979940091511154,0.2507864236831665,21.125896453857422,0.1449107020286869,2.018437623977661,21.125896453857422,0.10402620352366497,2.018437623977661
Ciapin1,0.4187140166759491,0.40679651498794556,0.05084432661533356,0.9917085609472733,0.5206311941146851,0.05084432661533356,0.7066045380607706,0.6735738515853882,0.05084432661533356,0.5293169802685876,0.8796229958534241
Coq9,0.1048952043056488,0.12529081106185913,-0.27132630348205566,0.001746917236599039,-3.6351563930511475,-0.27132630348205566,0.1901578589831733,-1.8597073554992676,-0.27132630348205566,0.03317488527865693,-2.5402612686157227
Polr2c,0.6899335384368896,0.7224081754684448,-0.09251649677753448,0.5273257309129278,-1.1333481073379517,-0.09251649677753448,0.25415340962834865,-1.6782608032226562,-0.09251649677753448,0.06584654522561441,-2.2386081218719482
Dok4,0.0011675016721710563,0.0010834872955456376,0.10780288279056549,0.9979940091511154,0.025114266201853752,0.10780288279056549,1.0,0.08162949979305267,0.10780288279056549,1.0,0.10374423861503601
Ccdc102a,0.023839473724365234,0.05942637473344803,-1.3435996770858765,3.588100329317252e-05,-4.641063213348389,-1.3435996770858765,7.204099698235189e-06,-5.073278903961182,-1.3435996770858765,1.2403027472476573e-12,-7.522202014923096
Adgrg5,0.03907875716686249,0.05430709570646286,-0.48582640290260315,0.16517741870874186,-1.8789390325546265,-0.48582640290260315,0.31291985197559946,-1.5338648557662964,-0.48582640290260315,0.06017445116511784,-2.277951240539551
Adgrg1,0.015393314883112907,0.014940096065402031,0.04344223812222481,0.8293297791769425,-0.7259982228279114,0.04344223812222481,1.0,0.10271142423152924,0.04344223812222481,0.9991904658823073,0.13083916902542114
Adgrg3,0.0006434209062717855,0.0004883449873887002,0.39797326922416687,0.9979940091511154,0.05521576479077339,0.39797326922416687,0.9794581700618015,0.1919833868741989,0.39797326922416687,0.9442775967727404,0.22131133079528809
Katnb1,0.16749028861522675,0.16199837625026703,0.05216827243566513,0.58618975747738,-1.0448247194290161,0.05216827243566513,0.8613036879119265,0.40974128246307373,0.05216827243566513,0.7312308614669569,0.556242823600769
Kifc3,0.002263619564473629,0.006236099172383547,-1.4648795127868652,0.9979940091511154,-0.1480138748884201,-1.4648795127868652,0.5358598381235311,-0.9703310132026672,-1.4648795127868652,0.20210980398562808,-1.6202690601348877
Tepp,0.0,0.0006372658535838127,-19.281997680664062,0.9979940091511154,0.027607882395386696,-19.281997680664062,0.5196272646011879,-1.0,-19.281997680664062,0.16021537352752957,-1.759765386581421
Zfp319,0.04608561843633652,0.03400115296244621,0.447508305311203,0.9605522478318831,-0.558925986289978,0.447508305311203,0.24617527274291473,1.700284481048584,0.447508305311203,0.08126561911401328,2.1394500732421875
Usb1,0.06151968985795975,0.08232267946004868,-0.43542754650115967,0.004653819157487492,-3.332716703414917,-0.43542754650115967,0.09583651398951201,-2.2354989051818848,-0.43542754650115967,0.006469607884683212,-3.14077091217041
Mmp15,0.0003235535114072263,0.001237373915500939,-1.9358612298965454,0.9979940091511154,-0.0302796121686697,-1.9358612298965454,0.5313675520782573,-0.9793481230735779,-1.9358612298965454,0.23048887652632563,-1.5401747226715088
Cfap20,0.30235812067985535,0.37277960777282715,-0.35571548342704773,0.0003075013595821367,-4.116691589355469,-0.35571548342704773,0.00032279860568171594,-4.158145427703857,-0.35571548342704773,1.6891712785701074e-07,-5.642736911773682
Csnk2a2,0.4376424252986908,0.49777093529701233,-0.23247157037258148,0.03047799748900558,-2.6589062213897705,-0.23247157037258148,0.006994268764028912,-3.2650482654571533,-0.23247157037258148,7.218831068327223e-05,-4.3850178718566895
Gins3,0.09640166163444519,0.0965464785695076,-0.0022718538530170918,0.042754138084979104,-2.519085645675659,-0.0022718538530170918,1.0,-0.013750559650361538,-0.0022718538530170918,1.0,-0.018137624487280846
Ndrg4,0.0026322060730308294,0.0041349343955516815,-0.6526762843132019,0.9979940091511154,-0.17713573575019836,-0.6526762843132019,0.6593200675693802,-0.7543728947639465,-0.6526762843132019,0.4303102011407275,-1.094221830368042
Setd6,0.12032582610845566,0.13879576325416565,-0.21962812542915344,0.0043807538256154955,-3.3529326915740967,-0.21962812542915344,0.2551004085169903,-1.6749002933502197,-0.21962812542915344,0.06707194261514055,-2.2301862239837646
Cnot1,0.6137533187866211,0.600125253200531,0.04321426898241043,0.5405701833046955,1.1134881973266602,0.04321426898241043,0.6974058486533496,0.6900492906570435,0.04321426898241043,0.512660323497397,0.9093124866485596
Sap18b,0.06311304867267609,0.07780083268880844,-0.3125666379928589,0.014450825673521031,-2.9451375007629395,-0.3125666379928589,0.26561507099674236,-1.6477285623550415,-0.3125666379928589,0.05929972692130929,-2.284363031387329
Slc38a7,0.007527731359004974,0.014982830733060837,-0.9984108209609985,0.7948621212343264,-0.7685678005218506,-0.9984108209609985,0.3577893938099482,-1.4324989318847656,-0.9984108209609985,0.06210187600277558,-2.2652535438537598
Got2,0.5341266393661499,0.7166714668273926,-0.5694431066513062,6.506122591957178e-14,-7.964517593383789,-0.5694431066513062,2.2103738257961228e-16,-8.927552223205566,-0.5694431066513062,1.3616998914624887e-30,-12.054346084594727
Cdh11,0.0005921153933741152,0.0018542585894465446,-1.6478012800216675,0.9979940091511154,-0.08798898756504059,-1.6478012800216675,0.5196272646011879,-1.08722722530365,-1.6478012800216675,0.17786123739423929,-1.696095585823059
Cdh5,0.0008895768551155925,0.0016273725777864456,-0.8718851208686829,0.9979940091511154,-0.06020299345254898,-0.8718851208686829,0.6982964894216475,-0.6882755160331726,-0.8718851208686829,0.4646780505536619,-0.9939501285552979
Bean1,0.0,0.0,0.0,0.9979940091511154,0.11319231241941452,0.0,1.0,0.0,0.0,1.0,0.0
Tk2,0.03818957880139351,0.058350685983896255,-0.6262308359146118,0.02377346719690743,-2.7581164836883545,-0.6262308359146118,0.10379575108429215,-2.1946020126342773,-0.6262308359146118,0.004278208537149717,-3.277120351791382
Cklf,0.48116207122802734,0.4030776023864746,0.3159281313419342,0.00687901539232465,3.203939199447632,0.3159281313419342,0.0005829043307498423,3.997189998626709,0.3159281313419342,1.21994747915062e-06,5.267216682434082
Cmtm3,0.0286204032599926,0.03326606750488281,-0.22037561237812042,0.16521290228529797,-1.878760814666748,-0.22037561237812042,0.6091697491092168,-0.8383665084838867,-0.22037561237812042,0.4230636142882835,-1.107934832572937
Cmtm4,0.15277381241321564,0.19380538165569305,-0.3736638128757477,0.00015540067795125282,-4.289819717407227,-0.3736638128757477,0.011800465020699926,-3.0864460468292236,-0.3736638128757477,0.00015790611525088482,-4.194531440734863
Dync1li2,0.23840877413749695,0.26862940192222595,-0.1948995590209961,0.032291806615770254,-2.635305881500244,-0.1948995590209961,0.22908319165760785,-1.7512569427490234,-0.1948995590209961,0.043297133944114885,-2.4228594303131104
Terb1,0.0,0.0,0.0,0.9979940091511154,0.11319231241941452,0.0,1.0,0.0,0.0,1.0,0.0
Nae1,0.39476698637008667,0.4743434190750122,-0.3264773488044739,0.00021829264238101994,-4.2060160636901855,-0.3264773488044739,9.024836107878493e-05,-4.477970123291016,-0.3264773488044739,3.17220233167089e-08,-5.944976329803467
Car7,0.015110349282622337,0.019262224435806274,-0.35324087738990784,0.6002255797957482,-1.0241633653640747,-0.35324087738990784,0.5580505881240162,-0.9296444654464722,-0.35324087738990784,0.33624253516182706,-1.2789344787597656
Pdp2,0.031241722404956818,0.042772822082042694,-0.4615898132324219,0.03532054568426559,-2.5983469486236572,-0.4615898132324219,0.17088048162163896,-1.924463152885437,-0.4615898132324219,0.02725649338013771,-2.618924140930176
Rrad,0.1272651106119156,0.12571357190608978,0.01883944310247898,0.1187897507415396,-2.051888942718506,0.01883944310247898,1.0,0.12334737926721573,0.01883944310247898,0.9784453550330597,0.16482269763946533
Ciao2b,0.6220791339874268,0.6693881154060364,-0.1435183584690094,0.10025450033574208,-2.1363155841827393,-0.1435183584690094,0.0747579527524308,-2.353947162628174,-0.1435183584690094,0.005611367347830315,-3.1887285709381104
Ces2b,0.0,0.0,0.0,0.9979940091511154,0.11319231241941452,0.0,1.0,0.0,0.0,1.0,0.0
Ces2c,0.00028082102653570473,0.0006446898332796991,-1.199213981628418,0.9979940091511154,0.05521576479077339,-1.199213981628418,0.7979933506865096,-0.517449676990509,-1.199213981628418,0.584642337802656,-0.7882808446884155
Cbfb,0.7258225679397583,0.615708589553833,0.32561343908309937,4.374322164130622e-05,4.59395170211792,0.32561343908309937,1.8643866447075236e-06,5.33234167098999,0.32561343908309937,2.8551943629219688e-11,7.075806140899658
D230025D16Rik,0.04537009447813034,0.05741089954972267,-0.34834301471710205,0.01452468169296571,-2.943178176879883,-0.34834301471710205,0.2671476756205659,-1.644340991973877,-0.34834301471710205,0.06807073286834482,-2.2231523990631104
B3gnt9,0.012143238447606564,0.01755131594836712,-0.5353367328643799,0.5914547936568325,-1.0369876623153687,-0.5353367328643799,0.4475169342887964,-1.224000096321106,-0.5353367328643799,0.17331935863671613,-1.711575984954834
Tradd,0.45325329899787903,0.4572218358516693,-0.015656067058444023,0.9979940091511154,0.14258134365081787,-0.015656067058444023,0.9677234655661164,-0.21490028500556946,-0.015656067058444023,0.9014547494304854,-0.28933125734329224
Fbxl8,0.21874865889549255,0.1769464612007141,0.3371089994907379,0.8964644398298999,0.6416606307029724,0.3371089994907379,0.010432982524586172,3.126741409301758,0.3371089994907379,0.0003883639390832888,3.964451551437378
Hsf4,0.041243210434913635,0.032040491700172424,0.3709390163421631,0.7867033146980364,-0.7788984775543213,0.3709390163421631,0.3399173869264274,1.4710386991500854,0.3709390163421631,0.14158700536560312,1.8552460670471191
Nol3,0.000514624931383878,0.006285545881837606,-3.614607334136963,0.8599906071629163,-0.6865456700325012,-3.614607334136963,0.022642916961136305,-2.8587889671325684,-3.614607334136963,9.224494971869503e-06,-4.86266565322876
4931428F04Rik,0.01669166050851345,0.027017682790756226,-0.702252209186554,0.15685489972144062,-1.9078826904296875,-0.702252209186554,0.12466656562111453,-2.0981483459472656,-0.702252209186554,0.010714654172847612,-2.968583583831787
Exoc3l,0.0023375528398901224,0.00856310036033392,-1.8776285648345947,0.8151413861251479,-0.7430973052978516,-1.8776285648345947,0.05851351458538207,-2.469686508178711,-1.8776285648345947,0.000385273177818409,-3.9674108028411865
E2f4,0.4677642285823822,0.5185651779174805,-0.18838892877101898,0.059810801984043774,-2.376147985458374,-0.18838892877101898,0.036012363241809564,-2.6693644523620605,-0.18838892877101898,0.001795960631688256,-3.5433268547058105
Elmo3,0.0047759730368852615,0.010343768633902073,-1.1189162731170654,0.9054912033174245,-0.6292815804481506,-1.1189162731170654,0.3575353907512238,-1.433313250541687,-1.1189162731170654,0.06563667075141578,-2.2402570247650146
Lrrc29,0.004789737053215504,0.004049194976687431,0.24284572899341583,0.9979940091511154,-0.0372261106967926,0.24284572899341583,0.9051723782228305,0.3313736915588379,0.24284572899341583,0.8135353949651283,0.4290255010128021
Tmem208,0.5634019374847412,0.6089795231819153,-0.1483001708984375,0.23901061867458587,-1.6681394577026367,-0.1483001708984375,0.06291535571994976,-2.4312400817871094,-0.1483001708984375,0.0053963733437971005,-3.2016868591308594
Fhod1,0.07289057224988937,0.06851102411746979,0.09259236603975296,0.2785890865836549,-1.5755194425582886,0.09259236603975296,0.8122155803313487,0.4942028224468231,0.09259236603975296,0.6668824508324507,0.654957115650177
Slc9a5,0.013324321247637272,0.012077026069164276,0.14269843697547913,0.8341053612367951,-0.7202094793319702,0.14269843697547913,0.9001098374501164,0.34131455421447754,0.14269843697547913,0.8160667168228976,0.42465293407440186
Plekhg4,0.0,0.0020391710568219423,-20.961023330688477,0.9979940091511154,-0.05797655135393143,-20.961023330688477,0.403929446662177,-1.3112869262695312,-20.961023330688477,0.056581072441507736,-2.3075573444366455
Tppp3,0.0501515157520771,0.054732292890548706,-0.1294323354959488,0.237338380225103,-1.6725032329559326,-0.1294323354959488,0.8518089474465527,-0.42541927099227905,-0.1294323354959488,0.7128073910953915,-0.584564745426178
Zdhhc1,0.001365598407573998,0.0034766225144267082,-1.3496757745742798,0.9979940091511154,-0.3161547780036926,-1.3496757745742798,0.413936742171604,-1.2888591289520264,-1.3496757745742798,0.14170231497935012,-1.8546017408370972
Hsd11b2,0.00044690287904813886,0.0,18.769927978515625,0.9979940091511154,0.14071114361286163,18.769927978515625,0.5196272646011879,1.0,18.769927978515625,0.46147875269036936,1.0
Atp6v0d1,0.334892213344574,0.3282126188278198,0.03415026515722275,0.9979940091511154,-0.1574539840221405,0.03415026515722275,0.8641333969220345,0.4038284718990326,0.03415026515722275,0.7469332840609834,0.5309844017028809
Agrp,0.00842171348631382,0.004610810894519091,0.8718448281288147,0.9979940091511154,0.04924889653921127,0.8718448281288147,0.31594360955290146,1.5256030559539795,0.8718448281288147,0.1534599457688611,1.811384677886963
Ripor1,0.024801449850201607,0.031163834035396576,-0.33405932784080505,0.21447994208319235,-1.733062505722046,-0.33405932784080505,0.5075364348604645,-1.1112953424453735,-0.33405932784080505,0.23580520808498048,-1.5264835357666016
Ctcf,1.2269575595855713,1.1014374494552612,0.2634246051311493,1.2684546066865747e-07,5.782515525817871,0.2634246051311493,7.775904281107581e-07,5.509021282196045,0.2634246051311493,2.4414498369512608e-12,7.427864074707031
Carmil2,0.08915166556835175,0.0783473327755928,0.19428011775016785,0.32479303085427724,-1.4783575534820557,0.19428011775016785,0.5196272646011879,1.084852695465088,0.19428011775016785,0.2752458603445882,1.4257020950317383
Acd,0.19070976972579956,0.19548851251602173,-0.03926331549882889,0.15502200598499927,-1.915096402168274,-0.03926331549882889,0.8916461219662326,-0.35525161027908325,-0.03926331549882889,0.7873774625600267,-0.46909356117248535
Pard6a,0.10534168779850006,0.08985152840614319,0.2408170849084854,0.8425570532933363,-0.7085429430007935,0.2408170849084854,0.32784879205204864,1.4987941980361938,0.2408170849084854,0.11249828688919662,1.9753421545028687
Enkd1,0.07887817919254303,0.07028750330209732,0.17263227701187134,0.26167292410389265,-1.6144376993179321,0.17263227701187134,0.5364127705528394,0.9686548113822937,0.17263227701187134,0.35216392312363703,1.2447704076766968
Gfod2,0.01352775376290083,0.025055337697267532,-0.8975377082824707,0.5258612850805935,-1.1353963613510132,-0.8975377082824707,0.19086861094298843,-1.85908043384552,-0.8975377082824707,0.014937937958334636,-2.848860502243042
Ranbp10,0.09800107777118683,0.11666201055049896,-0.2651669979095459,0.01364816419809665,-2.965442657470703,-0.2651669979095459,0.2728555670039936,-1.6286745071411133,-0.2651669979095459,0.06405424521868534,-2.251147747039795
Tsnaxip1,0.0,0.0,0.0,0.9979940091511154,0.11319231241941452,0.0,1.0,0.0,0.0,1.0,0.0
Cenpt,0.14393329620361328,0.08518150448799133,0.7999778985977173,0.13205245361322343,1.9984543323516846,0.7999778985977173,2.1395351743838347e-07,5.73505163192749,0.7999778985977173,3.965069819082521e-11,7.035344123840332
Thap11,0.15167517960071564,0.16764065623283386,-0.15620991587638855,0.014660501736853975,-2.9394378662109375,-0.15620991587638855,0.4336696303990061,-1.249703049659729,-0.15620991587638855,0.1866041633382458,-1.6675267219543457
Nutf2,0.009603035636246204,0.0096730412915349,-0.010529641062021255,0.958267495797455,-0.5615087151527405,-0.010529641062021255,1.0,-0.02221510000526905,-0.010529641062021255,1.0,-0.02832641638815403
Edc4,0.11051103472709656,0.12288205325603485,-0.16218113899230957,0.015305888191255765,-2.9235856533050537,-0.16218113899230957,0.516241272804285,-1.096231460571289,-0.16218113899230957,0.24838981945409136,-1.4913880825042725
Nrn1l,0.0008107286412268877,0.0006003959570080042,0.4334560036659241,0.9979940091511154,0.08282364159822464,0.4334560036659241,0.9496211165468423,0.2516055405139923,0.4334560036659241,0.8873634228978015,0.31189990043640137
Pskh1,0.029538365080952644,0.033066827803850174,-0.16535326838493347,0.516733162159398,-1.1486660242080688,-0.16535326838493347,0.7918039188993604,-0.5279628038406372,-0.16535326838493347,0.6092736283126348,-0.7466843724250793
Ctrl,0.0018441124120727181,0.0031735359225422144,-0.7841235995292664,0.9979940091511154,-0.09030448645353317,-0.7841235995292664,0.6790145321098194,-0.7218742966651917,-0.7841235995292664,0.4500051656598889,-1.0586016178131104
Psmb10,1.1104798316955566,1.068674087524414,0.09088893979787827,0.09036367056320206,2.1857426166534424,0.09088893979787827,0.18283048495145648,1.8835091590881348,0.09088893979787827,0.03495801480617375,2.5184872150421143
Lcat,0.0005486194859258831,0.0005994895473122597,-0.12796521186828613,0.9979940091511154,0.08282364159822464,-0.12796521186828613,1.0,-0.0709831714630127,-0.12796521186828613,1.0,-0.09785395115613937
Slc12a4,0.03651008754968643,0.043186575174331665,-0.24713613092899323,0.1670071683507517,-1.873239278793335,-0.24713613092899323,0.5465330523131717,-0.9510065317153931,-0.24713613092899323,0.3148571589673546,-1.3235373497009277
Dpep2,0.001289708772674203,0.0020125149749219418,-0.6424752473831177,0.9979940091511154,-0.032595112919807434,-0.6424752473831177,0.7909019677778124,-0.5300658941268921,-0.6424752473831177,0.5992751646143555,-0.7640029191970825
Dus2,0.1408936083316803,0.14803826808929443,-0.07664187252521515,0.04702397253908744,-2.479811191558838,-0.07664187252521515,0.7822508401639802,-0.5445244312286377,-0.07664187252521515,0.615725743349345,-0.7363114356994629
Ddx28,0.1353607177734375,0.11997459083795547,0.18541505932807922,0.5640400562038135,-1.0766183137893677,0.18541505932807922,0.38039545321748774,1.3594155311584473,0.18541505932807922,0.16021537352752957,1.7737605571746826
Nfatc3,0.6220607757568359,0.620481550693512,0.004923360422253609,0.9979940091511154,0.4574893116950989,0.004923360422253609,1.0,0.0776064395904541,0.004923360422253609,1.0,0.10347897559404373
Esrp2,0.00034855041303671896,0.0006728235748596489,-0.9490928053855896,0.9979940091511154,0.05521576479077339,-0.9490928053855896,0.850474886256414,-0.4279444217681885,-0.9490928053855896,0.685062319413478,-0.6267753839492798
Pla2g15,0.013834046199917793,0.004115670453757048,1.7560445070266724,0.9979940091511154,0.49872303009033203,1.7560445070266724,0.0049185866574793635,3.372131824493408,1.7560445070266724,0.00083491697751037,3.7635154724121094
Slc7a6,0.04695995897054672,0.09153318405151367,-0.9953874349594116,4.645789839695706e-08,-5.958137035369873,-0.9953874349594116,7.877615088246782e-06,-5.0447564125061035,-0.9953874349594116,1.3235245506825994e-11,-7.185342788696289
Slc7a6os,0.2161686271429062,0.23771455883979797,-0.15320254862308502,0.013063006740959197,-2.981384038925171,-0.15320254862308502,0.3497918362705598,-1.4483814239501953,-0.15320254862308502,0.12607449071491728,-1.9172825813293457
Prmt7,0.11536631733179092,0.18212513625621796,-0.708057701587677,4.263290297147167e-08,-5.973811149597168,-0.708057701587677,3.96199165574474e-06,-5.191754341125488,-0.708057701587677,3.1924629754750953e-12,-7.3878703117370605
Smpd3,0.0,0.0,0.0,0.9979940091511154,0.11319231241941452,0.0,1.0,0.0,0.0,1.0,0.0
Zfp90,0.010376709513366222,0.010155976749956608,0.031179551035165787,0.9979940091511154,-0.28730008006095886,0.031179551035165787,1.0,0.05480867624282837,0.031179551035165787,1.0,0.0757964700460434
Cdh1,0.0,0.0,0.0,0.9979940091511154,0.11319231241941452,0.0,1.0,0.0,0.0,1.0,0.0
Tango6,0.022819852456450462,0.029398644343018532,-0.3702266216278076,0.34009572129090576,-1.4486122131347656,-0.3702266216278076,0.5004571754016284,-1.1245514154434204,-0.3702266216278076,0.2170015131437031,-1.5769083499908447
Has3,0.0017416918417438865,0.0005568242049776018,1.646048665046692,0.9979940091511154,0.13803941011428833,1.646048665046692,0.506256888713528,1.1131796836853027,1.646048665046692,0.3577488291100572,1.2332913875579834
Chtf8,0.023498395457863808,0.03187703341245651,-0.44602692127227783,0.12071873659206894,-2.0438737869262695,-0.44602692127227783,0.28848446938914424,-1.5910158157348633,-0.44602692127227783,0.07739520109580483,-2.1628594398498535
Gm50241,0.0004997262731194496,0.0,18.931142807006836,0.9979940091511154,0.14071114361286163,18.931142807006836,0.5196272646011879,1.0,18.931142807006836,0.46147875269036936,1.0
Utp4,0.07685081660747528,0.12587502598762512,-0.747820258140564,5.949895823388081e-07,-5.493344783782959,-0.747820258140564,4.270428239251033e-05,-4.66792106628418,-0.747820258140564,5.515749174119412e-10,-6.61796760559082
Sntb2,0.2546481788158417,0.2501968741416931,0.02878744713962078,0.7669641760028987,-0.8046361804008484,0.02878744713962078,0.9404627509549819,0.26668286323547363,0.02878744713962078,0.8565474060853886,0.3608337938785553
Vps4a,0.25416430830955505,0.2683791220188141,-0.08921069651842117,0.20696018761225665,-1.754169225692749,-0.08921069651842117,0.5761788897259924,-0.8966907858848572,-0.08921069651842117,0.37291821918458073,-1.2018896341323853
Pdf,0.0028757841791957617,0.0038720108568668365,-0.42984628677368164,0.9979940091511154,-0.2041202038526535,-0.42984628677368164,0.8059347484271303,-0.5035571455955505,-0.42984628677368164,0.6558065210238924,-0.6729198098182678
Cog8,0.17111477255821228,0.22882801294326782,-0.46231719851493835,1.425887940720932e-05,-4.848211288452148,-0.46231719851493835,0.00034552901515257425,-4.142484664916992,-0.46231719851493835,9.878171101277466e-08,-5.7400970458984375
Nip7,0.2927636206150055,0.4229751527309418,-0.6303544640541077,9.661676846698405e-11,-6.960124969482422,-0.6303544640541077,2.670759649814014e-12,-7.649306774139404,-0.6303544640541077,4.760709478256506e-24,-10.607675552368164
Tmed6,0.0,0.0,0.0,0.9979940091511154,0.11319231241941452,0.0,1.0,0.0,0.0,1.0,0.0
Terf2,0.17367225885391235,0.15414583683013916,0.18654125928878784,0.9264247407537893,-0.6027423739433289,0.18654125928878784,0.36167647049845647,1.4097473621368408,0.18654125928878784,0.13410669021671737,1.884033441543579
Cyb5b,0.5801085829734802,0.6892656683921814,-0.33575084805488586,2.8721817491670554e-05,-4.691113471984863,-0.33575084805488586,4.424953622847482e-06,-5.158263683319092,-0.33575084805488586,4.276992213489548e-11,-7.012290954589844
Nfat5,0.31038448214530945,0.274750679731369,0.2028893679380417,0.7452839782208192,0.8326893448829651,0.2028893679380417,0.20206491431257492,1.8259968757629395,0.2028893679380417,0.03707205364927507,2.4936165809631348
Nqo1,0.011730746366083622,0.015216055326163769,-0.377819299697876,0.5984834662525361,-1.026656985282898,-0.377819299697876,0.5632016181208428,-0.9196175932884216,-0.377819299697876,0.35777831760108536,-1.2329034805297852
Nob1,0.12305762618780136,0.18088655173778534,-0.5985220670700073,1.4482280236582408e-07,-5.757400989532471,-0.5985220670700073,0.00012924773607990783,-4.395658016204834,-0.5985220670700073,1.1210297199521955e-08,-6.125157833099365
Wwp2,0.2541046440601349,0.2317795753479004,0.149424746632576,0.9979940091511154,0.1228995993733406,0.149424746632576,0.32214003445425776,1.5100353956222534,0.149424746632576,0.11204260321904995,1.9777017831802368
Psmd7,0.7399197816848755,0.9412692189216614,-0.512590765953064,1.3286203230375931e-14,-8.171754837036133,-0.512590765953064,1.7279624244437595e-15,-8.673853874206543,-0.512590765953064,3.7546810327056516e-30,-11.95509147644043
Zfhx3,0.00025294936494901776,0.0020023237448185682,-2.9860119819641113,0.9979940091511154,-0.11595310270786285,-2.9860119819641113,0.346597818250682,-1.457716703414917,-2.9860119819641113,0.040484126357823946,-2.4535069465637207
Dhx38,0.22567082941532135,0.2893976867198944,-0.40677356719970703,2.0597600985903336e-05,-4.767079830169678,-0.40677356719970703,0.0003727917602631841,-4.1190690994262695,-0.40677356719970703,2.7893894580418e-07,-5.549465656280518
Txnl4b,0.01412745751440525,0.02741900086402893,-0.9662951827049255,0.25416819916005,-1.6322492361068726,-0.9662951827049255,0.06951505012908145,-2.3906917572021484,-0.9662951827049255,0.0013432050011046106,-3.626983404159546
Hp,0.00025445205392315984,0.01760529913008213,-6.125000953674316,0.9979940091511154,-0.11630932986736298,-6.125000953674316,0.2504823919987847,-1.6922966241836548,-6.125000953674316,0.010599290153330746,-2.9761240482330322
Dhodh,0.06292637437582016,0.09015543758869171,-0.5386416912078857,0.00020555680541459563,-4.221423149108887,-0.5386416912078857,0.009830947444014825,-3.1513094902038574,-0.5386416912078857,8.182126013659742e-05,-4.354556083679199
Pkd1l3,0.0022928877733647823,0.0016599601367488503,0.46647360920906067,0.9979940091511154,0.10767073929309845,0.46647360920906067,0.8643218531666099,0.4034028649330139,0.46647360920906067,0.7495314198451211,0.5270758867263794
Ist1,0.20922470092773438,0.194218710064888,0.11855915933847427,0.7927101244204783,-0.7715067267417908,0.11855915933847427,0.5313675520782573,0.9788448810577393,0.11855915933847427,0.3187076127794316,1.315112829208374
Zfp821,0.06460597366094589,0.042076755315065384,0.6350400447845459,0.9979940091511154,0.21587581932544708,0.6350400447845459,0.027374067818432116,2.775874614715576,0.6350400447845459,0.0016300687089457545,3.5722367763519287
Atxn1l,0.04722064733505249,0.03517845273017883,0.43347206711769104,0.9979940091511154,-0.4622093737125397,0.43347206711769104,0.21859880285243694,1.7785652875900269,0.43347206711769104,0.058589569746004905,2.2900915145874023
Ap1g1,0.18724416196346283,0.200407013297081,-0.10781368613243103,0.1351650435202286,-1.9863425493240356,-0.10781368613243103,0.5450573448856169,-0.9541752934455872,-0.10781368613243103,0.3297380984100204,-1.292101502418518
Phlpp2,0.043895285576581955,0.044297147542238235,-0.013439827598631382,0.3322597464439764,-1.4646426439285278,-0.013439827598631382,1.0,-0.05048171803355217,-0.013439827598631382,1.0,-0.068883515894413
Marveld3,0.00024870739434845746,0.0,17.924274444580078,0.9979940091511154,0.14071114361286163,17.924274444580078,0.5196272646011879,1.0,17.924274444580078,0.46147875269036936,1.0
Zfp612,0.0007086253026500344,0.00047738291323184967,0.5700417757034302,0.9979940091511154,0.08282364159822464,0.5700417757034302,0.9044934274530549,0.33266139030456543,0.5700417757034302,0.8299103211871962,0.4032139182090759
Cmtr2,0.010982275009155273,0.015884650871157646,-0.536000669002533,0.43152862205819714,-1.2823415994644165,-0.536000669002533,0.41629033385597736,-1.283352255821228,-0.536000669002533,0.16473298241340942,-1.74302077293396
Vac14,0.1210775226354599,0.15560710430145264,-0.387458860874176,6.256150548599819e-05,-4.5121073722839355,-0.387458860874176,0.025897857635624646,-2.799069881439209,-0.387458860874176,0.0006870495812307248,-3.812511444091797
Mtss2,0.0004778494476340711,0.0005500192055478692,-0.20297753810882568,0.9979940091511154,0.05521576479077339,-0.20297753810882568,1.0,-0.09905235469341278,-0.20297753810882568,1.0,-0.12639416754245758
Sf3b3,0.6157286167144775,0.7205201387405396,-0.31069034337997437,6.199646504785258e-05,-4.514689922332764,-0.31069034337997437,1.3281799497924101e-05,-4.918038845062256,-0.31069034337997437,5.306559381285985e-10,-6.626274108886719
Cog4,0.15083837509155273,0.1428159922361374,0.08477462828159332,0.33752340816677695,-1.4539557695388794,0.08477462828159332,0.7140905587979114,0.660179615020752,0.08477462828159332,0.5345532142353567,0.8710036277770996
Fcsk,0.008593869395554066,0.009264573454856873,-0.10890126973390579,0.9979940091511154,-0.45499569177627563,-0.10890126973390579,0.9679021776144505,-0.21439975500106812,-0.10890126973390579,0.904749463880798,-0.2839069068431854
St3gal2,0.010480578057467937,0.013744566589593887,-0.39350244402885437,0.8021799498347065,-0.7587714791297913,-0.39350244402885437,0.6661423104910533,-0.7422682642936707,-0.39350244402885437,0.44171632671791483,-1.073921799659729
Ddx19a,0.24414825439453125,0.26330485939979553,-0.12337888032197952,0.13652770151737376,-1.9811772108078003,-0.12337888032197952,0.4622603724927269,-1.195968747138977,-0.12337888032197952,0.19974213791819767,-1.627113938331604
Ddx19b,0.07937385141849518,0.0953015461564064,-0.27549248933792114,0.00526654765611028,-3.2919280529022217,-0.27549248933792114,0.26374106596755265,-1.6524680852890015,-0.27549248933792114,0.06673246312830902,-2.232372760772705
Aars,0.24475343525409698,0.3265291154384613,-0.47767558693885803,1.615311331155033e-06,-5.29937744140625,-0.47767558693885803,9.011951673368025e-06,-5.007199287414551,-0.47767558693885803,1.229664250030645e-10,-6.853068828582764
Pdpr,0.029942890629172325,0.0406750924885273,-0.4497194290161133,0.037022552777155035,-2.5794668197631836,-0.4497194290161133,0.23702139273696776,-1.7282556295394897,-0.4497194290161133,0.05390976748257815,-2.3284027576446533
Glg1,0.3162355124950409,0.3256526589393616,-0.049490392208099365,0.5741291678272697,-1.061834692955017,-0.049490392208099365,0.7836674857043692,-0.5415658354759216,-0.049490392208099365,0.6216035630409675,-0.7263588309288025
Rfwd3,0.3614790737628937,0.34280797839164734,0.09076850861310959,0.9979940091511154,0.13358652591705322,0.09076850861310959,0.5196272646011879,1.0838053226470947,0.09076850861310959,0.2848579241822202,1.3953735828399658
Mlkl,0.05003269016742706,0.0362204946577549,0.47609975934028625,0.947435806161179,-0.575312614440918,0.47609975934028625,0.15781860439463558,1.96928071975708,0.47609975934028625,0.037459773947331576,2.4869232177734375
Wdr59,0.01203282829374075,0.0210539810359478,-0.8136427998542786,0.4800333631506054,-1.2047723531723022,-0.8136427998542786,0.2160531965645052,-1.7874499559402466,-0.8136427998542786,0.02295287436523327,-2.686534881591797
Znrf1,0.08705756813287735,0.09075861424207687,-0.06277400255203247,0.13316634881288025,-1.993734359741211,-0.06277400255203247,0.9018219086695893,-0.3379361629486084,-0.06277400255203247,0.7901649933706228,-0.46464860439300537
Ldhd,0.0,0.0007638141978532076,-19.543415069580078,0.9979940091511154,0.027607882395386696,-19.543415069580078,0.5196272646011879,-1.0,-19.543415069580078,0.16021537352752957,-1.759765386581421
Zfp1,0.03383971378207207,0.0359395332634449,-0.08837771415710449,0.5479157109879308,-1.1016435623168945,-0.08837771415710449,0.9155669867117926,-0.3124236464500427,-0.08837771415710449,0.8150133065853452,-0.42628350853919983
Ctrb1,0.0,0.0005660018650814891,-19.110858917236328,0.9979940091511154,0.027607882395386696,-19.110858917236328,0.5196272646011879,-1.0,-19.110858917236328,0.16021537352752957,-1.759765386581421
Bcar1,0.0037302470300346613,0.002480428433045745,0.5895836353302002,0.9982866462090498,0.021730074658989906,0.5895836353302002,0.6983446275842041,0.6873639822006226,0.5895836353302002,0.5595206904818737,0.8300983309745789
Cfdp1,0.5099263191223145,0.6331291198730469,-0.4095022976398468,1.8928061229931814e-06,-5.266871452331543,-0.4095022976398468,3.4051788712103296e-09,-6.48169469833374,-0.4095022976398468,1.4536990079315143e-15,-8.417659759521484
Tmem170,0.010312334634363651,0.016311578452587128,-0.665862500667572,0.5717844071190468,-1.0650408267974854,-0.665862500667572,0.31065469771174525,-1.5388988256454468,-0.665862500667572,0.07244894971139534,-2.194838762283325
Tmem231,0.0006363514112308621,0.00207255850546062,-1.7045518159866333,0.9979940091511154,-0.08816710859537125,-1.7045518159866333,0.5174076536307407,-1.0943918228149414,-1.7045518159866333,0.1715368860351882,-1.7179820537567139
Gabarapl2,0.9441951513290405,0.9383558630943298,0.013813219964504242,0.9128443184843426,0.6191290020942688,0.013813219964504242,0.937475214239963,0.27313467860221863,0.013813219964504242,0.8524873368242949,0.3672039806842804
Adat1,0.013955775648355484,0.018741436302661896,-0.4288305342197418,0.5463366576806353,-1.1041371822357178,-0.4288305342197418,0.5131723860143687,-1.1013904809951782,-0.4288305342197418,0.23839658452159215,-1.5187374353408813
Kars,0.3834346532821655,0.4659793972969055,-0.34503093361854553,0.00036199971132928107,-4.073587417602539,-0.34503093361854553,7.638564891386427e-05,-4.522519588470459,-0.34503093361854553,7.646695235053363e-09,-6.191079616546631
Terf2ip,0.12496359646320343,0.15150108933448792,-0.2974039614200592,0.0031728715642813923,-3.453300714492798,-0.2974039614200592,0.11042035985701697,-2.1614303588867188,-0.2974039614200592,0.010064478123789406,-2.9904441833496094
Mon1b,0.04587468132376671,0.04445866867899895,0.046262580901384354,0.58618975747738,-1.0449137687683105,0.046262580901384354,0.9770516883047266,0.1967063695192337,0.046262580901384354,0.9162523961674188,0.2658118009567261
Nudt7,0.03146812319755554,0.032848455011844635,-0.06293527781963348,0.3222952126467677,-1.4838790893554688,-0.06293527781963348,0.9546023783669799,-0.24167010188102722,-0.06293527781963348,0.8830701688311422,-0.3192327320575714
Wwox,0.08138512074947357,0.08610804378986359,-0.08483732491731644,0.025097781183890767,-2.736386299133301,-0.08483732491731644,0.8357351763869185,-0.4533843398094177,-0.08483732491731644,0.6939290564987987,-0.6130499839782715
Maf,0.1361398994922638,0.10058297216892242,0.462858647108078,0.9979940091511154,-0.33895352482795715,0.462858647108078,0.06476548763633691,2.419100284576416,0.462858647108078,0.005856359309353854,3.1746809482574463
Dynlrb2,0.0,0.0,0.0,0.9979940091511154,0.11319231241941452,0.0,1.0,0.0,0.0,1.0,0.0
Cdyl2,0.03603978082537651,0.03901424631476402,-0.11656977981328964,0.3453254434727601,-1.4381924867630005,-0.11656977981328964,0.8689791378139513,-0.3957051932811737,-0.11656977981328964,0.7360064199496478,-0.547989010810852
Cmc2,1.043826699256897,0.9082070589065552,0.31428325176239014,3.3331926590686116e-09,6.4068098068237305,0.31428325176239014,1.042711670413513e-08,6.310848712921143,0.31428325176239014,1.9789882426803156e-16,8.657849311828613
Cenpn,0.2522162199020386,0.2236754447221756,0.1946573704481125,0.9979940091511154,0.1701001673936844,0.1946573704481125,0.1514507008387178,1.9939302206039429,0.1946573704481125,0.03078711250248802,2.5703842639923096
Atmin,0.07209593802690506,0.0779557079076767,-0.11701665818691254,0.10553702546866105,-2.1101326942443848,-0.11701665818691254,0.7469919314161156,-0.605273425579071,-0.11701665818691254,0.5570636807553845,-0.8339565992355347
1700030J22Rik,0.000817809603177011,0.0009110140381380916,-0.15577533841133118,0.9979940091511154,0.11007529497146606,-0.15577533841133118,1.0,-0.09057853370904922,-0.15577533841133118,0.9983497378571465,-0.1322244256734848
Gcsh,0.09783075749874115,0.21291503310203552,-1.2070823907852173,3.7685499885137946e-16,-8.609740257263184,-1.2070823907852173,1.5553974104410212e-15,-8.771066665649414,-1.2070823907852173,7.629927489583867e-36,-13.107234954833984
Pkd1l2,0.003419846761971712,0.001135840080678463,1.591819405555725,0.9979940091511154,0.16359896957874298,1.591819405555725,0.3396365679188549,1.47110116481781,1.591819405555725,0.1985832854358543,1.6314418315887451
Bco1,0.015064090490341187,0.02804061584174633,-0.9057986736297607,0.11103455984048378,-2.0850183963775635,-0.9057986736297607,0.04547637905278488,-2.57658052444458,-0.9057986736297607,0.000877369958364266,-3.7456889152526855
Gan,0.04216641187667847,0.039040133357048035,0.11340649425983429,0.25440357728849244,-1.6317148208618164,0.11340649425983429,0.8415159221451354,0.4435761272907257,0.11340649425983429,0.7251698525647354,0.5653372406959534
Cmip,0.359942764043808,0.36076468229293823,-0.003919052891433239,0.9979940091511154,-0.18942569196224213,-0.003919052891433239,1.0,-0.04674733802676201,-0.003919052891433239,1.0,-0.06260152906179428
Plcg2,0.017257502302527428,0.04346390813589096,-1.3515938520431519,0.0021455058503164932,-3.573795795440674,-1.3515938520431519,0.00017669586520307812,-4.324530124664307,-1.3515938520431519,1.7167563569704536e-09,-6.437196254730225
Sdr42e1,0.0021825593430548906,0.0018099130829796195,0.2703692615032196,0.9981009014843685,0.02315499819815159,0.2703692615032196,0.9412887746660048,0.26474395394325256,0.2703692615032196,0.8742064904994481,0.33397385478019714
Hsd17b2,0.0005510273040272295,0.0005692564882338047,-0.04696810618042946,0.9979940091511154,0.08282364159822464,-0.04696810618042946,1.0,-0.026422733440995216,-0.04696810618042946,1.0,-0.035989340394735336
Mphosph6,0.2900538742542267,0.33039766550064087,-0.2184867262840271,0.031037169436297012,-2.6517815589904785,-0.2184867262840271,0.05861005250615936,-2.4640769958496094,-0.2184867262840271,0.0038124099597365776,-3.313901424407959
Hsbp1,0.5245809555053711,0.5524888038635254,-0.0967092290520668,0.6320927091367453,-0.9807922840118408,-0.0967092290520668,0.34144080846343444,-1.4680092334747314,-0.0967092290520668,0.11889998822747343,-1.9471030235290527
Mlycd,0.0813279002904892,0.06373888999223709,0.3644176721572876,0.8139407261542004,-0.7451456189155579,0.3644176721572876,0.1476061276810858,2.0084803104400635,0.3644176721572876,0.0333421822421065,2.538381338119507
Osgin1,0.0,0.002022895961999893,-20.949451446533203,0.9979940091511154,0.027607882395386696,-20.949451446533203,0.5196272646011879,-1.0,-20.949451446533203,0.16021537352752957,-1.759765386581421
Slc38a8,0.0,0.0,0.0,0.9979940091511154,0.11319231241941452,0.0,1.0,0.0,0.0,1.0,0.0
Mbtps1,0.18171481788158417,0.21579112112522125,-0.27335378527641296,0.004454285277758374,-3.346965789794922,-0.27335378527641296,0.10042397806924373,-2.211577892303467,-0.27335378527641296,0.007477717531503478,-3.093038320541382
Hsdl1,0.0941198393702507,0.10500162094831467,-0.16582050919532776,0.06363183355793192,-2.3473823070526123,-0.16582050919532776,0.5597155353892342,-0.9261831641197205,-0.16582050919532776,0.3244170535298612,-1.3037192821502686
Dnaaf1,0.0,0.0,0.0,0.9979940091511154,0.11319231241941452,0.0,1.0,0.0,0.0,1.0,0.0
Taf1c,0.05884033069014549,0.06181410327553749,-0.07329744845628738,0.13350851992146562,-1.9923985004425049,-0.07329744845628738,0.8916461219662326,-0.35534176230430603,-0.07329744845628738,0.7784885617906003,-0.4831325113773346
Meak7,0.013690930791199207,0.010275485925376415,0.41648244857788086,0.9979940091511154,-0.2481147050857544,0.41648244857788086,0.5449715105863607,0.9541977643966675,0.41648244857788086,0.37860233908809904,1.1911029815673828
Cotl1,1.6533693075180054,1.6004834175109863,0.09496549516916275,0.03788126411530851,2.568779706954956,0.09496549516916275,0.20415001463706092,1.8196771144866943,0.09496549516916275,0.039323385074543554,2.4648008346557617
Klhl36,0.05518105998635292,0.05968492105603218,-0.1164732500910759,0.06992403171673807,-2.3057925701141357,-0.1164732500910759,0.777934789583119,-0.5507286190986633,-0.1164732500910759,0.6073321733818889,-0.7500686645507812
Usp10,0.1568969041109085,0.23798049986362457,-0.6614393591880798,5.160852570519487e-09,-6.335563659667969,-0.6614393591880798,4.0687162239266573e-07,-5.64491605758667,-0.6614393591880798,9.095502211570937e-14,-7.877076625823975
Crispld2,0.0003602969809435308,0.0,18.459091186523438,0.9979940091511154,0.14071114361286163,18.459091186523438,0.5196272646011879,1.0,18.459091186523438,0.46147875269036936,1.0
Zdhhc7,0.14344583451747894,0.1570274531841278,-0.14055320620536804,0.03542137725955193,-2.5966548919677734,-0.14055320620536804,0.5196272646011879,-1.0668909549713135,-0.14055320620536804,0.26397841325740423,-1.453090786933899
6430548M08Rik,0.0003660784277599305,0.0041283005848526955,-3.4980344772338867,0.9979940091511154,-0.11613121628761292,-3.4980344772338867,0.3786162796568149,-1.3650579452514648,-3.4980344772338867,0.05036323770700068,-2.3589463233947754
Gse1,0.1468820422887802,0.1621679961681366,-0.15414147078990936,0.0025042827102644875,-3.5278420448303223,-0.15414147078990936,0.4437311226340475,-1.23041570186615,-0.15414147078990936,0.2045059454886245,-1.6128754615783691
Gins2,0.2759009599685669,0.3653680980205536,-0.4731799364089966,1.3376455535712459e-06,-5.3366923332214355,-0.4731799364089966,8.391480803719297e-06,-5.0230393409729,-0.4731799364089966,9.448831324442444e-11,-6.8932318687438965
1190005I06Rik,0.01212333980947733,0.013612859882414341,-0.16825981438159943,0.7475801716214003,-0.8297504186630249,-0.16825981438159943,0.8615824290422887,-0.408979207277298,-0.16825981438159943,0.7432989355828367,-0.5366962552070618
Emc8,0.5337981581687927,0.6263940334320068,-0.30399149656295776,0.0002621641012899079,-4.158548355102539,-0.30399149656295776,4.738988211579815e-05,-4.635935306549072,-0.30399149656295776,5.371283429746884e-09,-6.251327991485596
Cox4i1,2.437087059020996,2.4873437881469727,-0.07926236093044281,0.010690718977583603,-3.0541441440582275,-0.07926236093044281,0.0006664158345654973,-3.961411714553833,-0.07926236093044281,1.3330770369151512e-06,-5.249532222747803
Irf8,0.306588351726532,0.28047680854797363,0.14817728102207184,0.7262787134843894,-0.8564677238464355,0.14817728102207184,0.40799191554142034,1.301538109779358,0.14817728102207184,0.17306707957367248,1.7125661373138428
Foxf1,0.0,0.0,0.0,0.9979940091511154,0.11319231241941452,0.0,1.0,0.0,0.0,1.0,0.0
Mthfsd,0.05939009040594101,0.06747869402170181,-0.19010613858699799,0.06054479714089165,-2.3696467876434326,-0.19010613858699799,0.5541252494561005,-0.9370992183685303,-0.19010613858699799,0.3367018402183647,-1.2776987552642822
Fbxo31,0.09019467979669571,0.10995849221944809,-0.3003392219543457,0.0020472105741890477,-3.5867090225219727,-0.3003392219543457,0.16457584464036845,-1.9462602138519287,-0.3003392219543457,0.02589027414167096,-2.639531135559082
Map1lc3b,1.1208618879318237,1.1086630821228027,0.026189526543021202,0.2142133723486829,1.7343093156814575,0.026189526543021202,0.7561867085534597,0.5897759795188904,0.026189526543021202,0.588742218450763,0.781815230846405
Zcchc14,0.0006505995406769216,0.0,19.31188201904297,0.9979940091511154,0.14071114361286163,19.31188201904297,0.5196272646011879,1.0,19.31188201904297,0.46147875269036936,1.0
Jph3,0.0,0.0,0.0,0.9979940091511154,0.11319231241941452,0.0,1.0,0.0,0.0,1.0,0.0
Klhdc4,0.3215022683143616,0.38985082507133484,-0.3303128182888031,0.0007667559281113893,-3.8700015544891357,-0.3303128182888031,0.0002662766626322041,-4.204380989074707,-0.3303128182888031,2.2058166454810042e-07,-5.5938334465026855
Slc7a5,0.06752607226371765,0.14844459295272827,-1.1958287954330444,3.1765985976508316e-13,-7.758705139160156,-1.1958287954330444,7.959578493982445e-12,-7.525570392608643,-1.1958287954330444,5.602141969128365e-26,-11.04757308959961
Car5a,0.0014406024711206555,0.0012247510021552444,0.23433917760849,0.9979940091511154,0.025114266201853752,0.23433917760849,0.992140754208172,0.16948875784873962,0.23433917760849,0.9537183223807267,0.20435117185115814
Banp,0.13451234996318817,0.1086890697479248,0.3265366554260254,0.9979940091511154,-0.4557972252368927,0.3265366554260254,0.10340769898984871,2.19399094581604,0.3265366554260254,0.01485999192522025,2.8510987758636475
Zfp469,0.0003609905543271452,0.0,18.46186637878418,0.9979940091511154,0.14071114361286163,18.46186637878418,0.5196272646011879,1.0,18.46186637878418,0.46147875269036936,1.0
Zfpm1,0.4246614873409271,0.45258376002311707,-0.11348086595535278,0.27626129488065826,-1.5809519290924072,-0.11348086595535278,0.3756282431052501,-1.3700860738754272,-0.11348086595535278,0.1414324648649878,-1.8557696342468262
Zc3h18,0.3801998496055603,0.485893189907074,-0.43560829758644104,6.029512106143031e-06,-5.032382488250732,-0.43560829758644104,1.3841374739923411e-06,-5.4005446434021,-0.43560829758644104,2.0381882609845005e-12,-7.451521396636963
Cyba,2.434814453125,2.3833250999450684,0.08162214607000351,0.058684974299386815,2.3854990005493164,0.08162214607000351,0.08444003195936867,2.2934720516204834,0.08162214607000351,0.005854230281124379,3.174494504928589
Mvd,0.08509509265422821,0.10525646805763245,-0.32153522968292236,0.005387958919515385,-3.284180164337158,-0.32153522968292236,0.1498985728485071,-2.0000925064086914,-0.32153522968292236,0.019281628334108878,-2.7534055709838867
Snai3,0.13629359006881714,0.15651199221611023,-0.2144956886768341,0.01117171061411578,-3.0384700298309326,-0.2144956886768341,0.25441588783570146,-1.6772685050964355,-0.2144956886768341,0.06148988678027651,-2.269145965576172
Rnf166,0.48631808161735535,0.38539209961891174,0.4136476218700409,0.00015540067795125282,4.289819717407227,0.4136476218700409,2.5869998051624546e-05,4.768779277801514,0.4136476218700409,3.119982244454583e-09,6.341011047363281
Ctu2,0.15596835315227509,0.16845495998859406,-0.12036019563674927,0.038647785761971865,-2.5608537197113037,-0.12036019563674927,0.5196272646011879,-1.0071284770965576,-0.12036019563674927,0.3087368914579964,-1.3374470472335815
Piezo1,0.1031123623251915,0.13529908657073975,-0.41561397910118103,0.0001360554285399416,-4.324195861816406,-0.41561397910118103,0.026345023655081325,-2.792609453201294,-0.41561397910118103,0.0005934940824757294,-3.8523197174072266
Cdt1,0.28588905930519104,0.40034380555152893,-0.5730577707290649,6.619685553116832e-10,-6.666590690612793,-0.5730577707290649,3.4939463355755e-08,-6.091913223266602,-0.5730577707290649,4.9170903733144625e-15,-8.257242202758789
Aprt,0.9789708256721497,1.30124831199646,-0.6862612366676331,4.295960360169057e-23,-10.33754825592041,-0.6862612366676331,1.319580301265286e-27,-11.87987232208252,-0.6862612366676331,1.0640971084343577e-50,-15.799355506896973
Galns,0.06772355735301971,0.07732876390218735,-0.19835977256298065,0.015340665559565082,-2.9227840900421143,-0.19835977256298065,0.5139208463258995,-1.0997921228408813,-0.19835977256298065,0.25834453894008813,-1.4668734073638916
Trappc2l,0.4225267469882965,0.4304348826408386,-0.03286127373576164,0.993993579790308,-0.5176032781600952,-0.03286127373576164,0.8475952486783023,-0.432767391204834,-0.03286127373576164,0.7184160643234275,-0.576026201248169
Cbfa2t3,0.026274293661117554,0.050870854407548904,-0.9710440635681152,0.09871387368726063,-2.14361834526062,-0.9710440635681152,0.034822398398459256,-2.687626838684082,-0.9710440635681152,0.00022283263963781113,-4.108009338378906
Acsf3,0.039195433259010315,0.05416325479745865,-0.4775097072124481,0.011998124688902453,-3.0129995346069336,-0.4775097072124481,0.10508275961449147,-2.1867268085479736,-0.4775097072124481,0.009833275247932241,-2.9988114833831787
Cdh15,0.0,0.0,0.0,0.9979940091511154,0.11319231241941452,0.0,1.0,0.0,0.0,1.0,0.0
Ankrd11,1.441503643989563,1.3993347883224487,0.08022161573171616,0.06946226303842891,2.3085532188415527,0.08022161573171616,0.22565924325987533,1.7598202228546143,0.08022161573171616,0.04441180436843133,2.412337064743042
Spg7,0.26548197865486145,0.28698238730430603,-0.1285705715417862,0.11868462705370263,-2.0524232387542725,-0.1285705715417862,0.35970813435120386,-1.4264147281646729,-0.1285705715417862,0.13552630204466895,-1.8781152963638306
Rpl13,3.842486619949341,4.045952796936035,-0.2993476092815399,1.213136273016934e-41,-13.978137969970703,-0.2993476092815399,1.524093507731664e-51,-16.903711318969727,-0.2993476092815399,2.162277337743438e-90,-21.835906982421875
Cpne7,0.0018386318115517497,0.0,20.8115291595459,0.9979940091511154,0.2507864236831665,20.8115291595459,0.10265168443487405,2.1975226402282715,20.8115291595459,0.07230012725421843,2.1975226402282715
Sult5a1,0.0021806531585752964,0.0041396659798920155,-0.9261676669120789,0.9984208920935209,-0.006055922247469425,-0.9261676669120789,0.6886723421463368,-0.7052903175354004,-0.9261676669120789,0.4306906967671502,-1.0935014486312866
Chmp1a,0.3421204388141632,0.3699747323989868,-0.13420508801937103,0.20211025614611267,-1.7677949666976929,-0.13420508801937103,0.263349598775434,-1.6535019874572754,-0.13420508801937103,0.07067822078434809,-2.2059905529022217
Spata33,0.0004734736867249012,0.0010362621396780014,-1.1304371356964111,0.9979940091511154,-0.0302796121686697,-1.1304371356964111,0.7234401044307353,-0.6455019116401672,-1.1304371356964111,0.5224018473427837,-0.8929218649864197
Cdk10,0.04721829667687416,0.04931565374135971,-0.06422469019889832,0.09465299953356633,-2.163834571838379,-0.06422469019889832,0.916126947611327,-0.3113778531551361,-0.06422469019889832,0.8283894146324683,-0.40563148260116577
Spata2l,0.012332157231867313,0.016766255721449852,-0.4463415741920471,0.927266517956562,-0.6000706553459167,-0.4463415741920471,0.5868548005634499,-0.877361536026001,-0.4463415741920471,0.3394962430792031,-1.271376609802246
Vps9d1,0.049063507467508316,0.03553483262658119,0.47524404525756836,0.9979940091511154,-0.2124025672674179,0.47524404525756836,0.17921048296394732,1.895178198814392,0.47524404525756836,0.043022722113068707,2.4261038303375244
Zfp276,0.02227405458688736,0.02566579356789589,-0.2069389820098877,0.7123633195602502,-0.875615119934082,-0.2069389820098877,0.7860062029957463,-0.5378569960594177,-0.2069389820098877,0.589478837273889,-0.7804641127586365
Fanca,0.096778005361557,0.10695680230855942,-0.15174409747123718,0.008529847708548274,-3.1309118270874023,-0.15174409747123718,0.5318475783722161,-0.9778175950050354,-0.15174409747123718,0.33229969728355385,-1.2866753339767456
Spire2,0.0005417898646555841,0.0012302467366680503,-1.1836376190185547,0.9984208920935209,-0.0025826727505773306,-1.1836376190185547,0.6801430779535953,-0.7197525501251221,-1.1836376190185547,0.42983061209371515,-1.095345139503479
Tcf25,0.5934810638427734,0.6726399660110474,-0.24371829628944397,0.00627406110255134,-3.234575033187866,-0.24371829628944397,0.0015926514357908126,-3.723578929901123,-0.24371829628944397,2.655872453746323e-06,-5.110677719116211
Mc1r,0.0,0.0,0.0,0.9979940091511154,0.11319231241941452,0.0,1.0,0.0,0.0,1.0,0.0
Tubb3,0.172011598944664,0.23562316596508026,-0.501419186592102,1.673162936732393e-05,-4.813567638397217,-0.501419186592102,0.0014743618956608781,-3.747523307800293,-0.501419186592102,1.3441261608582572e-06,-5.246314525604248
Def8,0.03556060045957565,0.0441238097846508,-0.317495733499527,0.11782929754165787,-2.0562527179718018,-0.317495733499527,0.42573098201964743,-1.265696406364441,-0.317495733499527,0.16765468955024265,-1.7328999042510986
Afg3l1,0.37282928824424744,0.41255292296409607,-0.17658916115760803,0.07935379454649392,-2.247548818588257,-0.17658916115760803,0.09660136642968359,-2.230332136154175,-0.17658916115760803,0.010642231162007496,-2.9712791442871094
Dbndd1,0.0,0.0,0.0,0.9979940091511154,0.11319231241941452,0.0,1.0,0.0,0.0,1.0,0.0
Gas8,0.016338352113962173,0.030181024223566055,-0.8954031467437744,0.05944809350588213,-2.379086971282959,-0.8954031467437744,0.03230142604979796,-2.7153265476226807,-0.8954031467437744,0.0005743465015460207,-3.860755681991577
Rhou,0.0,0.004934643395245075,-22.238075256347656,0.9979940091511154,-0.05797655135393143,-22.238075256347656,0.36167647049845647,-1.4162919521331787,-22.238075256347656,0.03726207145007799,-2.4923415184020996
Rab4a,0.0037210662849247456,0.001765454187989235,1.0770875215530396,0.9979940091511154,0.07872699201107025,1.0770875215530396,0.48739636387822743,1.1481587886810303,1.0770875215530396,0.3150396089306374,1.323366403579712
Ccsap,0.1280868500471115,0.09866784512996674,0.39809277653694153,0.9979940091511154,-0.2677074074745178,0.39809277653694153,0.044476287886086215,2.5823910236358643,0.39809277653694153,0.003401320750103911,3.3498852252960205
Acta1,0.0003828188346233219,0.0006567133241333067,-0.7787978649139404,0.9979940091511154,0.05521576479077339,-0.7787978649139404,0.8893547457489784,-0.36031800508499146,-0.7787978649139404,0.7588046222225883,-0.5123190879821777
Nup133,0.14926226437091827,0.15967817604541779,-0.10502476990222931,0.018228657507616874,-2.8601765632629395,-0.10502476990222931,0.6107889219512269,-0.8359134793281555,-0.10502476990222931,0.4244353691754063,-1.105315923690796
Abcb10,0.028090685606002808,0.04096793383359909,-0.5537457466125488,0.04130291026177377,-2.533245801925659,-0.5537457466125488,0.12150010612404782,-2.1117043495178223,-0.5537457466125488,0.013814573450890141,-2.878203868865967
Taf5l,0.16422845423221588,0.20757901668548584,-0.37019550800323486,0.0002219487823604367,-4.201474189758301,-0.37019550800323486,0.013835475458999186,-3.0321524143218994,-0.37019550800323486,0.0001525498070866618,-4.202630519866943
Urb2,0.06095797196030617,0.0725986585021019,-0.26061832904815674,0.01163907603346846,-3.023953676223755,-0.26061832904815674,0.3613762486529596,-1.4227653741836548,-0.26061832904815674,0.13446625853314073,-1.8824621438980103
Galnt2,0.004158192314207554,0.0029539847746491432,0.4941631555557251,0.9984208920935209,-0.0071246144361793995,0.4941631555557251,0.7226129794518529,0.647110641002655,0.4941631555557251,0.5789124504967981,0.7972005009651184
Cog2,0.15195773541927338,0.17587114870548248,-0.22856955230236053,0.016273163395025825,-2.9013211727142334,-0.22856955230236053,0.21139911126202723,-1.8000707626342773,-0.22856955230236053,0.038492917073150834,-2.474682569503784
Capn9,0.0,0.0,0.0,0.9979940091511154,0.11319231241941452,0.0,1.0,0.0,0.0,1.0,0.0
2310022B05Rik,0.012221193872392178,0.021124182268977165,-0.7959504723548889,0.31349167288505214,-1.5022250413894653,-0.7959504723548889,0.13911415066820784,-2.042268991470337,-0.7959504723548889,0.011955520317800538,-2.930175304412842
Ttc13,0.11976195871829987,0.15527226030826569,-0.40083253383636475,0.0003445114859581309,-4.086856842041016,-0.40083253383636475,0.022565718757931508,-2.851748466491699,-0.40083253383636475,0.0003750437246068597,-3.972249984741211
Arv1,0.023776140064001083,0.026441549882292747,-0.15522298216819763,0.6449342088380222,-0.9641384482383728,-0.15522298216819763,0.8435778779572346,-0.4395696222782135,-0.15522298216819763,0.6880503572664223,-0.6223579049110413
Fam89a,0.019793875515460968,0.021884208545088768,-0.1463489532470703,0.6263115089798253,-0.9887183904647827,-0.1463489532470703,0.8569565284299935,-0.41638994216918945,-0.1463489532470703,0.7194176817199279,-0.574323832988739
2810004N23Rik,0.2503112554550171,0.371608167886734,-0.6620833277702332,2.3998999790677547e-11,-7.164245128631592,-0.6620833277702332,2.4089492995311367e-10,-6.946531295776367,-0.6620833277702332,8.661922655073796e-20,-9.563377380371094
Gnpat,0.10522671788930893,0.15618714690208435,-0.6073353886604309,9.345593870342343e-07,-5.407226085662842,-0.6073353886604309,0.0002146111775040403,-4.268296718597412,-0.6073353886604309,2.0460001686380383e-08,-6.0206170082092285
Exoc8,0.05458850413560867,0.04551735147833824,0.26877856254577637,0.6189470280620806,-0.9994943737983704,0.26877856254577637,0.4325207598626803,1.2517054080963135,0.26877856254577637,0.20704939543262613,1.605327844619751
Sprtn,0.06939991563558578,0.06668348610401154,0.05958593636751175,0.15625423973217498,-1.910643458366394,0.05958593636751175,0.9050897986018231,0.3315461277961731,0.05958593636751175,0.8132592320321929,0.4295681416988373
Egln1,0.38671645522117615,0.4538755416870117,-0.2828493118286133,0.0010935006877171639,-3.7710585594177246,-0.2828493118286133,0.002514167183795427,-3.589905261993408,-0.2828493118286133,1.157823936250937e-05,-4.8044047355651855
Tsnax,0.24874095618724823,0.2870449423789978,-0.2354952096939087,0.009975807515541588,-3.077388286590576,-0.2354952096939087,0.05781805453096567,-2.4700229167938232,-0.2354952096939087,0.0037393155182933284,-3.3200602531433105
Disc1,0.009745166637003422,0.01144066359847784,-0.23263704776763916,0.9979940091511154,0.12592756748199463,-0.23263704776763916,0.9524227210842212,-0.24544651806354523,-0.23263704776763916,0.8400495523984535,-0.3868306875228882
Sipa1l2,0.0058630285784602165,0.006860377732664347,-0.2273619920015335,0.9979940091511154,-0.17980745434761047,-0.2273619920015335,0.9251599756096391,-0.29403096437454224,-0.2273619920015335,0.8176090392895697,-0.42249375581741333
Map10,0.0022090496495366096,0.0029881654772907495,-0.43639612197875977,0.9979940091511154,-0.11898106336593628,-0.43639612197875977,0.8137850891071757,-0.49143359065055847,-0.43639612197875977,0.649512638171186,-0.682474672794342
Ntpcr,0.07747796177864075,0.12324201315641403,-0.7031999826431274,4.245905786266327e-05,-4.6016106605529785,-0.7031999826431274,0.0011550923601597216,-3.8209197521209717,-0.7031999826431274,1.7522666608261614e-07,-5.63530969619751
Kcnk1,0.0,0.0,0.0,0.9979940091511154,0.11319231241941452,0.0,1.0,0.0,0.0,1.0,0.0
Coa6,0.30198803544044495,0.31478580832481384,-0.06958484649658203,0.5638750252921634,-1.0770635604858398,-0.06958484649658203,0.6529813719050207,-0.7664660811424255,-0.06958484649658203,0.46147875269036936,-1.035340666770935
Tarbp1,0.012155849486589432,0.02367563545703888,-0.9700870513916016,0.2065973746403722,-1.7551487684249878,-0.9700870513916016,0.07807734287232487,-2.334156036376953,-0.9700870513916016,0.0026588483763656566,-3.4254136085510254
Irf2bp2,0.3782835900783539,0.3332041800022125,0.21750345826148987,0.7944003197845484,0.7693693041801453,0.21750345826148987,0.12015634849429033,2.1169626712799072,0.21750345826148987,0.016430522375426495,2.813422918319702
Tomm20,1.225096344947815,1.3792259693145752,-0.305616170167923,2.546690135630432e-10,-6.814515590667725,-0.305616170167923,1.3345063364298478e-12,-7.722289562225342,-0.305616170167923,2.1486321314837557e-22,-10.222623825073242
Rbm34,0.2417277693748474,0.2967623174190521,-0.33740314841270447,0.0002798632180767813,-4.141538619995117,-0.33740314841270447,0.0036552663022454035,-3.4763386249542236,-0.33740314841270447,2.054514608135152e-05,-4.67533540725708
Pard3,0.0005485505680553615,0.0,19.065664291381836,0.9979940091511154,0.16822996735572815,19.065664291381836,0.36167647049845647,1.4097282886505127,19.065664291381836,0.2803884929583053,1.4097282886505127
Nrp1,0.2111482322216034,0.16944408416748047,0.3484836518764496,0.9789446982306353,-0.5345242023468018,0.3484836518764496,0.06202695797863684,2.4378063678741455,0.3484836518764496,0.005603656856471136,3.1895689964294434
Itgb1,1.1971149444580078,1.0447580814361572,0.32640793919563293,0.024181132507148033,2.7511699199676514,0.32640793919563293,0.0008564654933152763,3.8919997215270996,0.32640793919563293,2.5548455808636643e-06,5.119517803192139
Ccdc7a,0.005915344227105379,0.005392828956246376,0.1337970495223999,0.9979940091511154,-0.12120750546455383,0.1337970495223999,0.9692982271612216,0.2121751457452774,0.1337970495223999,0.9067228023824894,0.28014957904815674
2610044O15Rik8,0.05543682351708412,0.0670274868607521,-0.28235435485839844,0.019963660179574468,-2.8246424198150635,-0.28235435485839844,0.3988583727264412,-1.3206409215927124,-0.28235435485839844,0.15015265612425274,-1.822944164276123
Gm3468,0.00026393975713290274,0.0006167090032249689,-1.2246326208114624,0.9979940091511154,0.05521576479077339,-1.2246326208114624,0.7932883863654003,-0.525880753993988,-1.2246326208114624,0.5750869903076923,-0.8040794134140015
Gm8050,0.0,0.0005994895473122597,-19.193809509277344,0.9979940091511154,0.027607882395386696,-19.193809509277344,0.5196272646011879,-1.0,-19.193809509277344,0.16021537352752957,-1.759765386581421
Gm3636,0.0016318237176164985,0.0021629598923027515,-0.4069046676158905,0.9979940091511154,-0.11764519661664963,-0.4069046676158905,0.8751570762358643,-0.3846912980079651,-0.4069046676158905,0.7650904124086976,-0.5033717751502991
Gm3696,0.0,0.0,0.0,0.9979940091511154,0.11319231241941452,0.0,1.0,0.0,0.0,1.0,0.0
Gm3512,0.0,0.0,0.0,0.9979940091511154,0.11319231241941452,0.0,1.0,0.0,0.0,1.0,0.0
Gm3739,0.0,0.0,0.0,0.9979940091511154,0.11319231241941452,0.0,1.0,0.0,0.0,1.0,0.0
Flnb,0.20855721831321716,0.2790343463420868,-0.4729015529155731,4.028834044450219e-05,-4.61354398727417,-0.4729015529155731,0.0002266385167704347,-4.253597259521484,-0.4729015529155731,2.6321821137711105e-08,-5.976089000701904
Dnase1l3,0.008085728622972965,0.017904186621308327,-1.153944969177246,0.9979940091511154,-0.48839232325553894,-1.153944969177246,0.4379220957022088,-1.2423125505447388,-1.153944969177246,0.0939807394797328,-2.069462776184082
Abhd6,0.03197825327515602,0.04373645782470703,-0.46028056740760803,0.03135724526266421,-2.6477739810943604,-0.46028056740760803,0.1816657643245699,-1.887454867362976,-0.46028056740760803,0.031165723657436292,-2.565290927886963
Rpp14,0.10733487457036972,0.16796618700027466,-0.6907912492752075,3.782751927197015e-08,-5.996610164642334,-0.6907912492752075,2.7697633891452003e-06,-5.2639546394348145,-0.6907912492752075,3.189057318923765e-12,-7.388422012329102
Pxk,0.20667913556098938,0.19047875702381134,0.1298353374004364,0.7491271055456508,-0.8271677494049072,0.1298353374004364,0.4818700281866195,1.1603268384933472,0.1298353374004364,0.2384509354845848,1.5186095237731934
Pdhb,0.4467407166957855,0.4512001872062683,-0.017786771059036255,0.9979940091511154,-0.1545150727033615,-0.017786771059036255,0.953474406143132,-0.24333609640598297,-0.017786771059036255,0.8813273909993762,-0.32216688990592957
Kctd6,0.01592208631336689,0.01793230138719082,-0.17298546433448792,0.5011299022918331,-1.172533392906189,-0.17298546433448792,0.8211254088977301,-0.4777943789958954,-0.17298546433448792,0.6828953686796714,-0.6302614212036133
Oit1,0.0,0.0,0.0,0.9979940091511154,0.11319231241941452,0.0,1.0,0.0,0.0,1.0,0.0
4930452B06Rik,0.000549253833014518,0.0017808460397645831,-1.6979045867919922,0.9979940091511154,-0.08798898756504059,-1.6979045867919922,0.5060309452721797,-1.114898920059204,-1.6979045867919922,0.1634680588385993,-1.74748694896698
Fhit,0.0022434773854911327,0.0006096942815929651,1.8807556629180908,0.9979940091511154,0.22086305916309357,1.8807556629180908,0.31465097901601996,1.5277551412582397,1.8807556629180908,0.16862611201003647,1.7299333810806274
Gm3839,0.000883957021869719,0.0005999703425914049,0.5592890381813049,0.9979940091511154,0.08282364159822464,0.5592890381813049,0.9069261137670006,0.32749348878860474,0.5592890381813049,0.8325159228125226,0.39835402369499207
Ptprg,0.0,0.0,0.0,0.9979940091511154,0.11319231241941452,0.0,1.0,0.0,0.0,1.0,0.0
Gm49355,0.001685944152995944,0.002574334153905511,-0.6112834215164185,0.9979940091511154,-0.08994825929403305,-0.6112834215164185,0.7590285327963885,-0.5849146246910095,-0.6112834215164185,0.5565821548374686,-0.834869384765625
3830406C13Rik,0.2708801329135895,0.3205679655075073,-0.2805817723274231,0.0022364637453079167,-3.5615947246551514,-0.2805817723274231,0.023389127177298984,-2.8377737998962402,-0.2805817723274231,0.0005833320623458985,-3.8570520877838135
Gm11100,0.0050429850816726685,0.0021768235601484776,1.2141218185424805,0.9979940091511154,0.07748018205165863,1.2141218185424805,0.3640958467363245,1.3973091840744019,1.2141218185424805,0.2251269870640564,1.5559375286102295
Thoc7,0.7539508938789368,0.7988890409469604,-0.1200937032699585,0.13516832313372418,-1.9861644506454468,-0.1200937032699585,0.13004714141073787,-2.0743045806884766,-0.1200937032699585,0.017571768930654715,-2.7882773876190186
Atxn7,0.11131297051906586,0.11841701716184616,-0.09447737783193588,0.12698727099967866,-2.0185813903808594,-0.09447737783193588,0.801971790037623,-0.510524332523346,-0.09447737783193588,0.6238763858298266,-0.7230027318000793
Psmd6,0.682977557182312,0.8446019291877747,-0.4377181828022003,6.15241593835575e-10,-6.678613662719727,-0.4377181828022003,3.3668064749299484e-12,-7.598056793212891,-0.4377181828022003,1.2742564331310897e-22,-10.272435188293457
Il3ra,0.11653618514537811,0.09784980863332748,0.26585718989372253,0.7900823215512897,-0.7749799489974976,0.26585718989372253,0.23893024128306012,1.7215211391448975,0.26585718989372253,0.06509882539467214,2.2441554069519043
Slc4a7,0.25642773509025574,0.28273797035217285,-0.1607438176870346,0.09161140420641319,-2.1789743900299072,-0.1607438176870346,0.3594295660628397,-1.4275132417678833,-0.1607438176870346,0.10909486583775162,-1.9922196865081787
Nek10,0.0,0.0,0.0,0.9979940091511154,0.11319231241941452,0.0,1.0,0.0,0.0,1.0,0.0
Oxsm,0.0475456565618515,0.0719418153166771,-0.6152903437614441,0.0003915402443206336,-4.052659034729004,-0.6152903437614441,0.01671415248893429,-2.961921453475952,-0.6152903437614441,0.00028264841730620216,-4.0466108322143555
Ngly1,0.4701822102069855,0.43731197714805603,0.13005484640598297,0.39095372570182363,1.3513612747192383,0.13005484640598297,0.2360973183750248,1.730862021446228,0.13005484640598297,0.06345742399825959,2.2554843425750732
Top2b,0.801768958568573,0.8137373328208923,-0.03115985170006752,0.9979940091511154,0.12058410048484802,-0.03115985170006752,0.7916740389706197,-0.5281461477279663,-0.03115985170006752,0.6250156831855732,-0.7209107279777527
Thrb,0.0009273982141166925,0.004145819693803787,-2.162717819213867,0.9984208920935209,-0.0029389034025371075,-2.162717819213867,0.5888303904718193,-0.8744579553604126,-2.162717819213867,0.24907751613629162,-1.4900099039077759
Nr1d2,0.0207558311522007,0.014250184409320354,0.5472427010536194,0.9979940091511154,-0.2457991987466812,0.5472427010536194,0.4605588197100883,1.1991081237792969,0.5472427010536194,0.2361928686882317,1.5253485441207886
Rpl15,3.1362080574035645,3.3499696254730225,-0.32094910740852356,1.4621173624955136e-39,-13.618165969848633,-0.32094910740852356,7.42867493395057e-42,-15.11014461517334,-0.32094910740852356,1.823122993056055e-79,-20.21751594543457
Nkiras1,0.07457535713911057,0.080572210252285,-0.11596494913101196,0.09274443907921913,-2.1730964183807373,-0.11596494913101196,0.7395605615683678,-0.6176012754440308,-0.11596494913101196,0.5547069649407435,-0.8381574749946594
Ube2e1,0.3514845669269562,0.4343913495540619,-0.3692449629306793,0.00010707019482556728,-4.381994247436523,-0.3692449629306793,6.730330313581514e-05,-4.551409721374512,-0.3692449629306793,6.51294059727216e-09,-6.218423366546631
Ube2e2,0.0018328644800931215,0.0010504642268642783,0.8036371469497681,0.9979940091511154,0.08050814270973206,0.8036371469497681,0.6999940512974372,0.6844310760498047,0.8036371469497681,0.5720098461530365,0.8097584247589111
Gm21738,0.0,0.0,0.0,0.9979940091511154,0.11319231241941452,0.0,1.0,0.0,0.0,1.0,0.0
Gm2237,0.0051369378343224525,0.004053172655403614,0.34263941645622253,0.9979940091511154,-0.0924418717622757,0.34263941645622253,0.834486984999181,0.455728679895401,0.34263941645622253,0.7156072133473039,0.5799723863601685
Nid2,0.0,0.0005806605913676322,-19.147756576538086,0.9979940091511154,0.027607882395386696,-19.147756576538086,0.5196272646011879,-1.0,-19.147756576538086,0.16021537352752957,-1.759765386581421
Rtraf,1.168895959854126,1.2732224464416504,-0.21354034543037415,5.635172980487655e-05,-4.537221908569336,-0.21354034543037415,2.740002662415238e-06,-5.254356861114502,-0.21354034543037415,4.969950335517823e-11,-6.99157190322876
Gng2,1.1372700929641724,1.0892637968063354,0.10314708203077316,0.02708221135835961,2.7053942680358887,0.10314708203077316,0.12422707634213959,2.099479913711548,0.10314708203077316,0.01612949431989323,2.820361852645874
Saysd1,0.1399250626564026,0.16527394950389862,-0.258955180644989,0.007418577255781225,-3.1773109436035156,-0.258955180644989,0.14700708768262058,-2.0125865936279297,-0.258955180644989,0.017915556174722562,-2.7811191082000732
Kcnk5,0.1026395931839943,0.10713076591491699,-0.06508199125528336,0.04026385131756304,-2.543309211730957,-0.06508199125528336,0.8727184637266066,-0.3888053297996521,-0.06508199125528336,0.7503793481896225,-0.5255725383758545
Nudt13,0.05843045562505722,0.07220723479986191,-0.3154686391353607,0.06650003768289173,-2.327967882156372,-0.3154686391353607,0.36678843328315514,-1.3913276195526123,-0.3154686391353607,0.10660964255152268,-2.0041775703430176
Ecd,0.18714652955532074,0.22378741204738617,-0.28529590368270874,0.0025440038517011085,-3.5216078758239746,-0.28529590368270874,0.04457902877105478,-2.5825064182281494,-0.28529590368270874,0.0019774442989474337,-3.515082359313965
Fam149b,0.09747158735990524,0.09704934060573578,0.006572846323251724,0.1844986039378938,-1.8173110485076904,0.006572846323251724,1.0,0.041275504976511,0.006572846323251724,1.0,0.055332034826278687
Dnajc9,1.2439090013504028,1.2112172842025757,0.06671313941478729,0.489430939421258,1.1906121969223022,0.06671313941478729,0.4127484464308401,1.2911652326583862,0.06671313941478729,0.1627368443845488,1.7501204013824463
Mrps16,1.1913039684295654,1.1763108968734741,0.031173277646303177,0.37152800395705177,1.3882311582565308,0.031173277646303177,0.706079560856281,0.6745280027389526,0.031173277646303177,0.5019513116115238,0.9275054335594177
Anxa7,0.45231011509895325,0.5716504454612732,-0.43122023344039917,1.2086965697523094e-06,-5.357532024383545,-0.43122023344039917,5.1228340143476876e-08,-6.021789073944092,-0.43122023344039917,9.88068046864208e-15,-8.168252944946289
Mss51,0.014602135866880417,0.010612777434289455,0.4632606506347656,0.9979940091511154,-0.05975770577788353,0.4632606506347656,0.5604776002777399,0.9245123267173767,0.4632606506347656,0.36236688783072,1.2237857580184937
Ppp3cb,0.5067123770713806,0.4687027335166931,0.1421320140361786,0.19597509473628974,1.7845377922058105,0.1421320140361786,0.15581015081629931,1.9774516820907593,0.1421320140361786,0.027251919436692324,2.619170665740967
Usp54,0.0062683396972715855,0.004064435139298439,0.6266196966171265,0.9984208920935209,-0.00748084532096982,0.6266196966171265,0.5197898416757192,0.9984130859375,0.6266196966171265,0.3661250554197126,1.2159533500671387
Myoz1,0.0,0.0007077347254380584,-19.433361053466797,0.9979940091511154,0.027607882395386696,-19.433361053466797,0.5196272646011879,-1.0,-19.433361053466797,0.16021537352752957,-1.759765386581421
Synpo2l,0.000677678210195154,0.0004883449873887002,0.4728354513645172,0.9979940091511154,0.08282364159822464,0.4728354513645172,0.9372367577150617,0.27355486154556274,0.4728354513645172,0.872977041137677,0.3359799087047577
Sec24c,0.23156820237636566,0.28414100408554077,-0.33472105860710144,0.000846234132595884,-3.8432843685150146,-0.33472105860710144,0.006281537601062525,-3.3013205528259277,-0.33472105860710144,4.4156502346762714e-05,-4.501620292663574
Fut11,0.10417984426021576,0.10944287478923798,-0.07496580481529236,0.029936161937114174,-2.6662979125976562,-0.07496580481529236,0.8241751140677643,-0.472577840089798,-0.07496580481529236,0.6795581538226778,-0.6355046629905701
Chchd1,0.7351875901222229,0.8809016942977905,-0.3799816370010376,1.0286096795212624e-08,-6.21987771987915,-0.3799816370010376,1.95609370722992e-10,-6.970546722412109,-0.3799816370010376,3.8999895641142645e-19,-9.397477149963379
Zswim8,0.1420275717973709,0.11133318394422531,0.3738960325717926,0.9261545352874847,0.6032767295837402,0.3738960325717926,0.06731234953740288,2.4019551277160645,0.3738960325717926,0.0042938037124295335,3.2758634090423584
Ndst2,0.030395518988370895,0.03684336692094803,-0.28222328424453735,0.17162985317676838,-1.8573870658874512,-0.28222328424453735,0.5592901615282588,-0.9270777702331543,-0.28222328424453735,0.3316637907066729,-1.2881238460540771
Camk2g,0.21995732188224792,0.23171336948871613,-0.08391700685024261,0.19076573039037614,-1.79949951171875,-0.08391700685024261,0.6536623099157153,-0.7653693556785583,-0.08391700685024261,0.4600947760044837,-1.0414320230484009
Plau,0.0035106996074318886,0.0006678745266981423,2.3961594104766846,0.9979940091511154,0.3036867082118988,2.3961594104766846,0.11728291763628058,2.127423048019409,2.3961594104766846,0.05338710279194292,2.333937406539917
Vcl,0.048849884420633316,0.055206988006830215,-0.18112120032310486,0.12050716809298086,-2.044853448867798,-0.18112120032310486,0.5752262554083345,-0.8980735540390015,-0.18112120032310486,0.3671513668202733,-1.2133475542068481
Ap3m1,0.15360590815544128,0.18681232631206512,-0.30698853731155396,0.0025265620331478447,-3.5243687629699707,-0.30698853731155396,0.059431412613008494,-2.458573579788208,-0.30698853731155396,0.002933548361265144,-3.395688533782959
Adk,0.30846160650253296,0.3907046914100647,-0.40376293659210205,1.932656607044132e-05,-4.780972480773926,-0.40376293659210205,0.00048391896930551634,-4.050896644592285,-0.40376293659210205,3.1132785595239206e-07,-5.528143882751465
Kat6b,0.05387340486049652,0.06200869008898735,-0.2088223099708557,0.21990247366776522,-1.7182788848876953,-0.2088223099708557,0.6469470178341614,-0.7751732468605042,-0.2088223099708557,0.4123239651315248,-1.1276328563690186
Samd8,0.042871542274951935,0.0380743071436882,0.17468656599521637,0.390946759758263,-1.3515393733978271,0.17468656599521637,0.6797334666100489,0.7201366424560547,0.17468656599521637,0.5132354092111846,0.9080936312675476
Vdac2,1.2120945453643799,1.3733975887298584,-0.32099854946136475,1.2827274532359252e-11,-7.252768516540527,-0.32099854946136475,3.089827485040125e-13,-7.94296407699585,-0.32099854946136475,3.1987732706401183e-24,-10.654248237609863
Comtd1,0.09102361649274826,0.14322397112846375,-0.6923496723175049,4.1883777922122034e-07,-5.55996036529541,-0.6923496723175049,4.635486497518228e-05,-4.649514198303223,-0.6923496723175049,5.524782968626002e-10,-6.617564678192139
Zfp503,0.0,0.0,0.0,0.9979940091511154,0.11319231241941452,0.0,1.0,0.0,0.0,1.0,0.0
Lrmda,0.0,0.0010680563282221556,-20.027328491210938,0.9979940091511154,0.027607882395386696,-20.027328491210938,0.5196272646011879,-1.0,-20.027328491210938,0.16021537352752957,-1.759765386581421
Dlg5,0.001213817740790546,0.0,20.211997985839844,0.9979940091511154,0.22326761484146118,20.211997985839844,0.15581015081629931,1.9764925241470337,20.211997985839844,0.11249828688919662,1.9764925241470337
Polr3a,0.08073224872350693,0.08535846322774887,-0.08377216756343842,0.16328906753165648,-1.885172963142395,-0.08377216756343842,0.8369664054356447,-0.4514337182044983,-0.08377216756343842,0.6851581191363679,-0.626568615436554
Rps24,3.7481682300567627,3.791212558746338,-0.0635654628276825,0.16116617993091487,-1.893010139465332,-0.0635654628276825,0.0087828525197895,-3.1940536499023438,-0.0635654628276825,2.008477403904709e-05,-4.680402755737305
Zmiz1,0.4205913543701172,0.4103893041610718,0.04329341650009155,0.9979940091511154,-0.2404557466506958,0.04329341650009155,0.8149473763701522,0.4897397458553314,0.04329341650009155,0.6682723431179913,0.6523953080177307
Ppif,0.20144714415073395,0.2486046552658081,-0.33874377608299255,0.00041014264283959786,-4.039923667907715,-0.33874377608299255,0.008158433138149396,-3.2133662700653076,-0.33874377608299255,8.171599234442045e-05,-4.355191230773926
Zcchc24,0.0012781918048858643,0.004666379652917385,-1.8706437349319458,0.9979940091511154,-0.14641082286834717,-1.8706437349319458,0.47244391835873883,-1.1767418384552002,-1.8706437349319458,0.12316366677653472,-1.9295412302017212
Anxa11,0.5608865022659302,0.5691949725151062,-0.027768675237894058,0.9979940091511154,-0.31446266174316406,-0.027768675237894058,0.8455713500332235,-0.43585747480392456,-0.027768675237894058,0.7205841328536697,-0.5724168419837952
Tmem254a,0.011749896220862865,0.01618836261332035,-0.4655182957649231,0.634396642774264,-0.9774971008300781,-0.4655182957649231,0.5037267956420053,-1.1178439855575562,-0.4655182957649231,0.22550755646915938,-1.5542254447937012
Tmem254c,0.0011602253653109074,0.0006413846276700497,0.855516791343689,0.9979940091511154,0.13803941011428833,0.855516791343689,0.7526062550394435,0.595822811126709,0.855516791343689,0.6077842020937283,0.7490748763084412
Cphx3,0.00031485993531532586,0.0005533293588086963,-0.8135983347892761,0.9979940091511154,0.05521576479077339,-0.8135983347892761,0.8813191364621877,-0.374575138092041,-0.8135983347892761,0.7436646195024905,-0.5359130501747131
Slmap,0.1876487284898758,0.19315603375434875,-0.045830871909856796,0.15109767555555967,-1.9289894104003906,-0.045830871909856796,0.8803908408263484,-0.37619394063949585,-0.045830871909856796,0.7618760369465238,-0.5080567002296448
Dennd6a,0.09016067534685135,0.09629221260547638,-0.0994124710559845,0.025396527427836053,-2.731577157974243,-0.0994124710559845,0.7647087315052165,-0.5746948719024658,-0.0994124710559845,0.5950910655298333,-0.7709548473358154
Arf4,0.9497779011726379,0.9102645516395569,0.0941627249121666,0.1071927388274299,2.102473735809326,0.0941627249121666,0.23016880823560043,1.7482550144195557,0.0941627249121666,0.04745132070110293,2.384251832962036
Pde12,0.20247074961662292,0.21446846425533295,-0.09200695157051086,0.205514464843868,-1.7579987049102783,-0.09200695157051086,0.5931743029579222,-0.8669597506523132,-0.09200695157051086,0.3931524391397046,-1.16409432888031
Dnah12,0.0014679499436169863,0.0012259642826393247,0.2600601613521576,0.9979940091511154,0.025114266201853752,0.2600601613521576,0.9795672511702198,0.1915600597858429,0.2600601613521576,0.9374050186362686,0.2331829071044922
Asb14,0.0,0.0,0.0,0.9979940091511154,0.11319231241941452,0.0,1.0,0.0,0.0,1.0,0.0
Appl1,0.26479482650756836,0.306029736995697,-0.23995453119277954,0.004121161696841734,-3.3713676929473877,-0.23995453119277954,0.051039942622594106,-2.525444269180298,-0.23995453119277954,0.00342572553289399,-3.347543239593506
Hesx1,0.0037510846741497517,0.0037728731986135244,-0.008371519856154919,0.9979940091511154,-0.11978258192539215,-0.008371519856154919,1.0,-0.010969587601721287,-0.008371519856154919,1.0,-0.014294534921646118
Il17rd,0.0013217102969065309,0.0005449707387015224,1.2787140607833862,0.9979940091511154,0.11043152958154678,1.2787140607833862,0.6179059355368974,0.8244659304618835,1.2787140607833862,0.4961853972168982,0.9374743700027466
Arhgef3,0.25178611278533936,0.21858854591846466,0.22886554896831512,0.7900823215512897,0.7748018503189087,0.22886554896831512,0.15890115206035732,1.965867519378662,0.22886554896831512,0.023904233272665814,2.671029567718506
Tasor,0.327421635389328,0.2690673768520355,0.32736527919769287,0.19331160017234,1.7923749685287476,0.32736527919769287,0.015228490772969694,2.9956700801849365,0.32736527919769287,0.0003124192757260885,4.020370006561279
Ccdc66,0.11175110191106796,0.12502023577690125,-0.17163288593292236,0.020566083343712977,-2.8133320808410645,-0.17163288593292236,0.48368172278195565,-1.1571178436279297,-0.17163288593292236,0.22158671089068324,-1.5650302171707153
Selenok,1.2109795808792114,1.341072916984558,-0.2604905366897583,5.5407022169024015e-06,-5.050372123718262,-0.2604905366897583,7.958427663984083e-08,-5.944142818450928,-0.2604905366897583,1.6060596475909415e-14,-8.105188369750977
Actr8,0.11296569555997849,0.11593008041381836,-0.039549391716718674,0.01959334942154856,-2.8320343494415283,-0.039549391716718674,0.9325559807320448,-0.28141528367996216,-0.039549391716718674,0.8544771039602814,-0.36429858207702637
Il17rb,0.0,0.0,0.0,0.9979940091511154,0.11319231241941452,0.0,1.0,0.0,0.0,1.0,0.0
Chdh,0.0,0.0,0.0,0.9979940091511154,0.11319231241941452,0.0,1.0,0.0,0.0,1.0,0.0
Cacna1d,0.0017844608519226313,0.0004954008618369699,1.849747896194458,0.9979940091511154,0.19325517117977142,1.849747896194458,0.3460849497130808,1.4566833972930908,1.849747896194458,0.19544298163644344,1.6411807537078857
Dcp1a,0.08082959055900574,0.08855096250772476,-0.1372728943824768,0.019886373314494426,-2.8259782791137695,-0.1372728943824768,0.5949072741462614,-0.8628913760185242,-0.1372728943824768,0.40617139835477184,-1.1392260789871216
Tkt,1.074591875076294,1.3180103302001953,-0.5043566226959229,3.475071045513252e-21,-9.892170906066895,-0.5043566226959229,3.9859393913342297e-20,-10.009098052978516,-0.5043566226959229,1.3474223617749392e-38,-13.635334014892578
Prkcd,0.17763756215572357,0.18996146321296692,-0.10593216866254807,0.16822902043127996,-1.8684301376342773,-0.10593216866254807,0.6328842020270213,-0.7997158169746399,-0.10593216866254807,0.4128245893952434,-1.126550316810608
Rft1,0.041309598833322525,0.03266718238592148,0.3449074923992157,0.8882406649272941,-0.6506554484367371,0.3449074923992157,0.3656726802506002,1.393925428390503,0.3449074923992157,0.16021537352752957,1.7619893550872803
Sfmbt1,0.06621411442756653,0.08412521332502365,-0.3584815263748169,0.011856100750962911,-3.0170960426330566,-0.3584815263748169,0.21871567843128797,-1.778852939605713,-0.3584815263748169,0.04050094765125356,-2.4520764350891113
Stimate,0.07129109650850296,0.09725449979305267,-0.46703478693962097,0.002620292377459233,-3.512791156768799,-0.46703478693962097,0.041803725510032065,-2.6101996898651123,-0.46703478693962097,0.0011125946692843894,-3.6790690422058105
Mustn1,0.0014416439225897193,0.0012014699168503284,0.26308754086494446,0.9979940091511154,0.025114266201853752,0.26308754086494446,0.976327659613551,0.19898119568824768,0.26308754086494446,0.9302265532033659,0.24445375800132751
Nek4,0.009591585956513882,0.015800660476088524,-0.7246319055557251,0.41363373317587265,-1.3130664825439453,-0.7246319055557251,0.25063416955753964,-1.689232349395752,-0.7246319055557251,0.05334414057279603,-2.333073377609253
Spcs1,1.0246073007583618,1.057021975517273,-0.07230111956596375,0.45512609908273777,-1.2430671453475952,-0.07230111956596375,0.2794490064076771,-1.6121387481689453,-0.07230111956596375,0.07481507964685824,-2.1788957118988037
Glt8d1,0.049370329827070236,0.0563216358423233,-0.19510363042354584,0.041376617441506024,-2.5324442386627197,-0.19510363042354584,0.5313675520782573,-0.9793173670768738,-0.19510363042354584,0.3252282314655519,-1.3020836114883423
Gnl3,0.28930866718292236,0.44338005781173706,-0.7338430285453796,7.392487465601314e-12,-7.330248832702637,-0.7338430285453796,4.665809437355543e-11,-7.230829238891602,-0.7338430285453796,6.386581810226775e-23,-10.338960647583008
Pbrm1,0.9862426519393921,0.8766429424285889,0.26111167669296265,1.8131754392247526e-05,4.796557903289795,0.26111167669296265,8.856374685395308e-05,4.487176895141602,0.26111167669296265,9.908161673404463e-09,6.146487236022949
Smim4,0.2020578682422638,0.224916473031044,-0.17169611155986786,0.022394863571992468,-2.781360387802124,-0.17169611155986786,0.334922487274526,-1.4831510782241821,-0.17169611155986786,0.10477278631387982,-2.0129847526550293
Nt5dc2,0.08924879878759384,0.13300207257270813,-0.6076899170875549,4.283721390291804e-05,-4.599472999572754,-0.6076899170875549,0.0011844991086585738,-3.809495449066162,-0.6076899170875549,6.612697264254994e-07,-5.3838629722595215
Stab1,0.0006513980333693326,0.0,19.31365203857422,0.9979940091511154,0.14071114361286163,19.31365203857422,0.5196272646011879,1.0,19.31365203857422,0.46147875269036936,1.0
Nisch,0.3195341229438782,0.3441539406776428,-0.12582391500473022,0.33156279241798264,-1.4662456512451172,-0.12582391500473022,0.39164391189225944,-1.3368332386016846,-0.12582391500473022,0.14589860648995856,-1.8390343189239502
Tnnc1,0.0002840882516466081,0.0019327587215229869,-2.7674355506896973,0.9979940091511154,-0.11577498912811279,-2.7674355506896973,0.35713978157869475,-1.4346144199371338,-2.7674355506896973,0.048312221347528654,-2.376893997192383
Phf7,0.07465407252311707,0.08266253769397736,-0.15286540985107422,0.14633344788100386,-1.9459993839263916,-0.15286540985107422,0.6397369961068327,-0.7870290279388428,-0.15286540985107422,0.42917865417987694,-1.0965453386306763
Bap1,0.115390844643116,0.11723780632019043,-0.024267232045531273,0.09736577501716312,-2.1502976417541504,-0.024267232045531273,0.9917554680375608,-0.17058852314949036,-0.024267232045531273,0.9413212772153878,-0.226202592253685
Capn7,0.1421772837638855,0.15744082629680634,-0.15840384364128113,0.0027814569086450865,-3.494089126586914,-0.15840384364128113,0.4437311226340475,-1.2304461002349854,-0.15840384364128113,0.19965935617181818,-1.6275465488433838
Sh3bp5,0.04315654933452606,0.043150726705789566,0.0001989545562537387,0.41940436999159897,-1.3026467561721802,0.0001989545562537387,1.0,0.0007629104657098651,0.0001989545562537387,1.0,0.0010385933564975858
Mettl6,0.1764879673719406,0.19751983880996704,-0.178071528673172,0.004655063475977431,-3.332538366317749,-0.178071528673172,0.3004443382673676,-1.5627670288085938,-0.178071528673172,0.09492021936387743,-2.0636515617370605
Eaf1,0.08916028589010239,0.11699767410755157,-0.41243213415145874,0.002952279099765964,-3.475565195083618,-0.41243213415145874,0.08654117295831514,-2.2829980850219727,-0.41243213415145874,0.003967956825100521,-3.300957441329956
Colq,0.0008708818349987268,0.0,19.73274803161621,0.9979940091511154,0.19574879109859467,19.73274803161621,0.2358961591881654,1.7309068441390991,19.73274803161621,0.16848212717337405,1.7309068441390991
Hacl1,0.02222079411149025,0.024809038266539574,-0.1608297973871231,0.5463366576806353,-1.1042262315750122,-0.1608297973871231,0.848388733118023,-0.431631863117218,-0.1608297973871231,0.696925034633938,-0.6082912683486938
Btd,0.07283249497413635,0.06548915058374405,0.15868474543094635,0.28354571460696837,-1.5640310049057007,0.15868474543094635,0.5805087349139645,0.8882649540901184,0.15868474543094635,0.4045393692735605,1.142577052116394
Ankrd28,0.06075157970190048,0.05691378936171532,0.09693934768438339,0.1956222600951746,-1.7856955528259277,0.09693934768438339,0.8351599829467724,0.4543081223964691,0.09693934768438339,0.7025027180470446,0.6000853180885315
Dph3,0.7830058932304382,0.868482232093811,-0.21952199935913086,0.0036706386920304463,-3.4081485271453857,-0.21952199935913086,0.0004831207161201227,-4.050754547119141,-0.21952199935913086,3.918380970239106e-07,-5.484625339508057
Oxnad1,0.05067787319421768,0.07887820899486542,-0.6588326692581177,0.00030308627878161595,-4.120877265930176,-0.6588326692581177,0.010209139418772495,-3.139638662338257,-0.6588326692581177,4.6392275870511546e-05,-4.488956928253174
Ncoa4,0.17218199372291565,0.21443550288677216,-0.34807050228118896,0.0028497012204384935,-3.4864301681518555,-0.34807050228118896,0.020266021021228365,-2.891282796859741,-0.34807050228118896,0.0002634691845020423,-4.064333915710449
Timm23,0.9650022983551025,1.1667231321334839,-0.44473719596862793,6.195151061547193e-17,-8.82089614868164,-0.44473719596862793,3.112071511918461e-17,-9.175193786621094,-0.44473719596862793,6.438958605718617e-32,-12.328425407409668
Parg,0.2635442614555359,0.2615821957588196,0.012257840484380722,0.6645288281696302,-0.9385789036750793,0.012257840484380722,1.0,0.12554077804088593,0.012257840484380722,0.9764981098057282,0.16763165593147278
Ogdhl,0.0,0.0,0.0,0.9979940091511154,0.11319231241941452,0.0,1.0,0.0,0.0,1.0,0.0
Ercc6,0.054371222853660583,0.07252133637666702,-0.4287929832935333,0.047272101864645116,-2.4774065017700195,-0.4287929832935333,0.2250359758947994,-1.7625385522842407,-0.4287929832935333,0.02774965105205159,-2.6117241382598877
Tmem273,0.0,0.0014348039403557777,-20.453458786010742,0.9979940091511154,0.027607882395386696,-20.453458786010742,0.5196272646011879,-1.0,-20.453458786010742,0.16021537352752957,-1.759765386581421
Wdfy4,0.0009153501596301794,0.0034878160804510117,-1.9317834377288818,0.9984208920935209,-0.0029389034025371075,-1.9317834377288818,0.5437844066104044,-0.9571084380149841,-1.9317834377288818,0.21274302923232258,-1.5892577171325684
Arhgap22,0.0,0.0013843794586136937,-20.40180778503418,0.9979940091511154,0.027607882395386696,-20.40180778503418,0.5196272646011879,-1.0,-20.40180778503418,0.16021537352752957,-1.759765386581421
Mapk8,0.044276461005210876,0.07332178950309753,-0.748859167098999,0.013289459884499682,-2.9751501083374023,-0.748859167098999,0.040875207691999434,-2.6221210956573486,-0.748859167098999,0.0003150114485636557,-4.018441677093506
Anxa8,0.0,0.0,0.0,0.9979940091511154,0.11319231241941452,0.0,1.0,0.0,0.0,1.0,0.0
Gprin2,0.0,0.0,0.0,0.9979940091511154,0.11319231241941452,0.0,1.0,0.0,0.0,1.0,0.0
Syt15,0.00035733863478526473,0.0,18.447195053100586,0.9979940091511154,0.14071114361286163,18.447195053100586,0.5196272646011879,1.0,18.447195053100586,0.46147875269036936,1.0
Shld2,0.04750748351216316,0.06637069582939148,-0.49612751603126526,0.004670254822755924,-3.331113576889038,-0.49612751603126526,0.06827170820575362,-2.3956358432769775,-0.49612751603126526,0.00438066169195239,-3.269304037094116
Glud1,0.7000390291213989,0.7253215312957764,-0.07157085835933685,0.8746943487642965,-0.6673982739448547,-0.07157085835933685,0.48173912770312205,-1.1607997417449951,-0.07157085835933685,0.21762796508401397,-1.5753610134124756
Sncg,0.0011325962841510773,0.0,20.11202049255371,0.9979940091511154,0.16822996735572815,20.11202049255371,0.36167647049845647,1.4141583442687988,20.11202049255371,0.2795113070936684,1.4141583442687988
Mmrn2,0.00036375378840602934,0.0005462751141749322,-0.5867957472801208,0.9979940091511154,0.05521576479077339,-0.5867957472801208,0.9344630232650365,-0.27810537815093994,-0.5867957472801208,0.8433720948832495,-0.3816797137260437
Bmpr1a,0.0037311867345124483,0.007398400921374559,-0.990226686000824,0.9979940091511154,-0.18043085932731628,-0.990226686000824,0.5463469200611184,-0.9519414901733398,-0.990226686000824,0.23220848942966124,-1.5361196994781494
Wapl,0.7927935123443604,0.8018450736999512,-0.023766232654452324,0.9979940091511154,0.11354854702949524,-0.023766232654452324,0.8447775029259846,-0.43716779351234436,-0.023766232654452324,0.7156072133473039,-0.5800079703330994
Ccser2,0.180823415517807,0.15150031447410583,0.27699846029281616,0.9979940091511154,0.1391081064939499,0.27699846029281616,0.09688456444535895,2.2285428047180176,0.27699846029281616,0.011970173827530807,2.9300575256347656
Cdhr1,0.0,0.0,0.0,0.9979940091511154,0.11319231241941452,0.0,1.0,0.0,0.0,1.0,0.0
2610528A11Rik,0.001509792055003345,0.0007209163741208613,1.067014217376709,0.9979940091511154,0.11043152958154678,1.067014217376709,0.6931300421787213,0.6973792910575867,1.067014217376709,0.5662312903593084,0.8190304636955261
Ghitm,0.7534314393997192,0.7781201004981995,-0.06657674163579941,0.877735512875207,-0.6643702983856201,-0.06657674163579941,0.4572231443964519,-1.205602765083313,-0.06657674163579941,0.2125557284485792,-1.589685320854187
Sh2d4b,0.001143027562648058,0.0,20.125255584716797,0.9979940091511154,0.19574879109859467,20.125255584716797,0.24824396727631964,1.6948007345199585,20.125255584716797,0.17830797168173235,1.6948007345199585
Tspan14,0.13192635774612427,0.14167457818984985,-0.11004023253917694,0.035083093606100714,-2.6010186672210693,-0.11004023253917694,0.6323628064784749,-0.8007585406303406,-0.11004023253917694,0.4386854153862073,-1.0791560411453247
Prxl2a,0.05443405359983444,0.13300424814224243,-1.3464525938034058,4.215670326188215e-11,-7.082045078277588,-1.3464525938034058,6.680035151808647e-10,-6.827119827270508,-1.3464525938034058,5.0601468361139706e-23,-10.37175178527832
Gm7324,0.014050000347197056,0.020461607724428177,-0.5469877123832703,0.2539268516225096,-1.632961630821228,-0.5469877123832703,0.3577893938099482,-1.4313561916351318,-0.5469877123832703,0.13305882772455474,-1.8882015943527222
Ear2,0.0,0.0015449937200173736,-20.560285568237305,0.9979940091511154,-0.05797655135393143,-20.560285568237305,0.39870127412645223,-1.3224329948425293,-20.560285568237305,0.05425630499312417,-2.327171802520752
Ptger2,0.02018798515200615,0.015257272869348526,0.4075673818588257,0.9979940091511154,0.19183024764060974,0.4075673818588257,0.5813120712607892,0.8862992525100708,0.4075673818588257,0.35506538240124835,1.2389546632766724
Txndc16,0.05815338343381882,0.06499336659908295,-0.16541403532028198,0.0635853094139952,-2.347827672958374,-0.16541403532028198,0.670973237608406,-0.7348440885543823,-0.16541403532028198,0.46147875269036936,-1.0196458101272583
Gpr137c,0.007772095501422882,0.016156606376171112,-1.061808705329895,0.6424394926294578,-0.9677007794380188,-1.061808705329895,0.22754393605920223,-1.756147861480713,-1.061808705329895,0.022248437502155174,-2.69878888130188
Ero1l,0.17250320315361023,0.2707395851612091,-0.7237606644630432,9.656811161351867e-11,-6.960748672485352,-0.7237606644630432,3.5162635803241256e-09,-6.5094075202941895,-0.7237606644630432,2.470261855972151e-18,-9.17806625366211
Psmc6,0.7176128625869751,0.8598823547363281,-0.376911461353302,1.75117015482423e-09,-6.511897563934326,-0.376911461353302,5.243148919205288e-10,-6.814546585083008,-0.376911461353302,9.29063907107299e-19,-9.296245574951172
Styx,0.0419931598007679,0.04098202660679817,0.03589742258191109,0.42136697344620544,-1.2989953756332397,0.03589742258191109,1.0,0.14249451458454132,0.03589742258191109,0.9612930868806702,0.19132378697395325
Gnpnat1,0.15962734818458557,0.1899157166481018,-0.2731361389160156,0.0010934599918550195,-3.7712366580963135,-0.2731361389160156,0.08802304784426315,-2.274251699447632,-0.2731361389160156,0.008094281841661052,-3.0671191215515137
Ddhd1,0.1628420501947403,0.14135386049747467,0.22005526721477509,0.9979940091511154,-0.19191931188106537,0.22005526721477509,0.3185354274377642,1.519801378250122,0.22005526721477509,0.09519325797903809,2.0622642040252686
Cdkn3,0.8035603761672974,0.5630766153335571,0.7061468958854675,3.8573136954870514e-14,8.031933784484863,0.7061468958854675,4.766456333697016e-19,9.64284896850586,0.7061468958854675,2.2076989649018767e-32,12.443511962890625
Cnih1,0.42769670486450195,0.46008890867233276,-0.13041384518146515,0.2611263179796374,-1.616129755973816,-0.13041384518146515,0.19784467132069256,-1.8375682830810547,-0.13041384518146515,0.03879468547905398,-2.4707190990448
Gmfb,0.4003298580646515,0.3799436092376709,0.0910632461309433,0.8326694423371224,0.7218124866485596,0.0910632461309433,0.5026353028894197,1.1199111938476562,0.0910632461309433,0.2495571808236489,1.4883261919021606
Cgrrf1,0.08199294656515121,0.07499294728040695,0.13386011123657227,0.27430760660291686,-1.5853158235549927,0.13386011123657227,0.6416280149958866,0.7836462259292603,0.13386011123657227,0.46147875269036936,1.0297410488128662
Samd4,0.0,0.001192274852655828,-20.186147689819336,0.9979940091511154,-0.05797655135393143,-20.186147689819336,0.36167647049845647,-1.415360689163208,-20.186147689819336,0.03732208884204122,-2.4907028675079346
Gch1,0.108805350959301,0.08921745419502258,0.3007143437862396,0.977743923298838,-0.5357710123062134,0.3007143437862396,0.2341981606065726,1.736654281616211,0.3007143437862396,0.058533088250934354,2.2904319763183594
Wdhd1,0.21593904495239258,0.26677581667900085,-0.34314823150634766,0.00012556435231770826,-4.3436102867126465,-0.34314823150634766,0.011805194542670051,-3.0853641033172607,-0.34314823150634766,0.00018176471877488686,-4.159633159637451
Socs4,0.11948941648006439,0.12868937849998474,-0.11378375440835953,0.010280673494124665,-3.067324638366699,-0.11378375440835953,0.6467074234215662,-0.7753716707229614,-0.11378375440835953,0.46147875269036936,-1.0290225744247437
Mapk1ip1l,0.4940992295742035,0.5404521822929382,-0.16567261517047882,0.15534521696641304,-1.9139386415481567,-0.16567261517047882,0.07908617394435778,-2.3256595134735107,-0.16567261517047882,0.0061649122216663995,-3.1575450897216797
Lgals3,2.1886277198791504,2.314192533493042,-0.20248016715049744,0.051076484666147955,-2.4449005126953125,-0.20248016715049744,0.04987419469870243,-2.5368611812591553,-0.20248016715049744,0.0017008800690474037,-3.559175729751587
Dlgap5,0.8488879799842834,0.6833958029747009,0.44732463359832764,3.8314832465703044e-10,6.752353668212891,0.44732463359832764,7.123453825056796e-10,6.764174461364746,0.44732463359832764,1.3793082519281348e-18,9.249176979064941
Fbxo34,0.12192610651254654,0.11507642269134521,0.08845335245132446,0.34738702927767146,-1.4343630075454712,0.08845335245132446,0.7686332251897731,0.5687007904052734,0.08845335245132446,0.5943070508971945,0.772276759147644
Atg14,0.023362357169389725,0.039218559861183167,-0.7588483095169067,0.05810283613473971,-2.3897738456726074,-0.7588483095169067,0.07738206004531803,-2.3384041786193848,-0.7588483095169067,0.0025408667194173466,-3.438608407974243
Ktn1,0.16816049814224243,0.2192222774028778,-0.42057713866233826,2.4844339525783415e-05,-4.725489616394043,-0.42057713866233826,0.005183479333527225,-3.363508939743042,-0.42057713866233826,2.5402581013773753e-05,-4.627448558807373
Peli2,0.0,0.0012581645278260112,-20.263797760009766,0.9979940091511154,-0.05797655135393143,-20.263797760009766,0.36167647049845647,-1.4130736589431763,-20.263797760009766,0.03760191672755937,-2.486678123474121
Tmem260,0.06673600524663925,0.0744965672492981,-0.16437262296676636,0.07395361392514709,-2.280054807662964,-0.16437262296676636,0.633494714394281,-0.797967791557312,-0.16437262296676636,0.4218517759811903,-1.1101222038269043
Exoc5,0.38983166217803955,0.4016745388507843,-0.05228050798177719,0.9508581510141445,-0.5699691772460938,-0.05228050798177719,0.7394140822888166,-0.6181682348251343,-0.05228050798177719,0.5523822604853583,-0.8418594002723694
Ap5m1,0.1531020700931549,0.15023474395275116,0.029396023601293564,0.1372588895425144,-1.9780601263046265,0.029396023601293564,0.9603785016752305,0.22938759624958038,0.029396023601293564,0.8948736728679553,0.30030888319015503
Naa30,0.1346336305141449,0.1407778412103653,-0.06891517341136932,0.2333517427431127,-1.6830121278762817,-0.06891517341136932,0.8350688067489702,-0.45501548051834106,-0.06891517341136932,0.6777842643323029,-0.6380342841148376
ccdc198,0.0007343834731727839,0.0008019598317332566,-0.12704499065876007,0.9979940091511154,0.08282364159822464,-0.12704499065876007,1.0,-0.07062634825706482,-0.12704499065876007,1.0,-0.09753438830375671
Olfr731,0.0004264265880919993,0.0,18.70224952697754,0.9979940091511154,0.14071114361286163,18.70224952697754,0.5196272646011879,1.0,18.70224952697754,0.46147875269036936,1.0
Olfr742,0.0009994750143960118,0.0,19.931533813476562,0.9979940091511154,0.19574879109859467,19.931533813476562,0.2555667988846179,1.6726998090744019,19.931533813476562,0.18517629908488484,1.6726998090744019
Ttc5,0.247859925031662,0.25587907433509827,-0.051964230835437775,0.5917883842019,-1.0362751483917236,-0.051964230835437775,0.7992780411363601,-0.5148590207099915,-0.051964230835437775,0.6371252026813393,-0.7021334171295166
Ccnb1ip1,0.04067961126565933,0.08108072727918625,-1.0244920253753662,0.0002525290083063262,-4.168255805969238,-1.0244920253753662,0.0002012567839875672,-4.292925834655762,-1.0244920253753662,1.486344395518012e-09,-6.460978984832764
Parp2,0.27529558539390564,0.34086552262306213,-0.35794466733932495,0.00041616971645524456,-4.036005020141602,-0.35794466733932495,0.0013375566580997797,-3.772801399230957,-0.35794466733932495,1.9484611594559183e-06,-5.172783851623535
Tep1,0.04457109794020653,0.063429094851017,-0.522761881351471,0.019985610532979103,-2.824197292327881,-0.522761881351471,0.11180425071639745,-2.1557679176330566,-0.522761881351471,0.0070700740583690925,-3.1116766929626465
Klhl33,0.0004004496440757066,0.0013424340868368745,-1.745835542678833,0.9979940091511154,-0.0302796121686697,-1.745835542678833,0.5658709087840376,-0.9145707488059998,-1.745835542678833,0.28253075948260825,-1.4024486541748047
Osgep,0.3065098822116852,0.36221009492874146,-0.2833072543144226,0.002419573257533282,-3.5387959480285645,-0.2833072543144226,0.00391525568360117,-3.4523773193359375,-0.2833072543144226,3.659391934868941e-05,-4.545196533203125
Apex1,0.09411770850419998,0.18855692446231842,-1.0721896886825562,7.646274867430915e-14,-7.943856239318848,-1.0721896886825562,4.3104337866122595e-12,-7.606902599334717,-1.0721896886825562,7.492981228126782e-26,-11.017143249511719
Pip4p1,0.13658133149147034,0.14795054495334625,-0.12375064194202423,0.05943274712104372,-2.3794431686401367,-0.12375064194202423,0.6104692518991026,-0.8365706205368042,-0.12375064194202423,0.39362296914801276,-1.1630895137786865
Pnp,0.6032882928848267,0.7381685376167297,-0.39919328689575195,3.3145273487589394e-07,-5.605824947357178,-0.39919328689575195,1.6449743267242302e-09,-6.612588405609131,-0.39919328689575195,8.344176837060552e-17,-8.767754554748535
Pnp2,0.007245084270834923,0.012029766105115414,-0.734991192817688,0.5670368041215995,-1.0712748765945435,-0.734991192817688,0.3300923323454129,-1.4946132898330688,-0.734991192817688,0.10234543335469352,-2.0251495838165283
Rnase4,0.0005546273314394057,0.0014348039403557777,-1.371896505355835,0.9979940091511154,0.05521576479077339,-1.371896505355835,0.7663116121193377,-0.5721861720085144,-1.371896505355835,0.5225679574036053,-0.8925860524177551
Ang,0.000261429202510044,0.0010680563282221556,-2.0310733318328857,0.9979940091511154,0.05503764748573303,-2.0310733318328857,0.6718321787460114,-0.7335734367370605,-2.0310733318328857,0.3640619215834518,-1.2206072807312012
Rnase6,0.0012029992649331689,0.020900841802358627,-4.133087158203125,0.9979940091511154,-0.3184702694416046,-4.133087158203125,0.15647260467768404,-1.9788563251495361,-4.133087158203125,0.0023801541415957423,-3.464478015899658
Rnase2b,0.0,0.0010680563282221556,-20.027328491210938,0.9979940091511154,0.027607882395386696,-20.027328491210938,0.5196272646011879,-1.0,-20.027328491210938,0.16021537352752957,-1.759765386581421
Vmn2r89,0.0,0.0,0.0,0.9979940091511154,0.11319231241941452,0.0,1.0,0.0,0.0,1.0,0.0
Mettl17,0.06467587500810623,0.07232744246721268,-0.1668979823589325,0.10205406888885034,-2.127053737640381,-0.1668979823589325,0.6081296532702914,-0.8403218984603882,-0.1668979823589325,0.39518382068831026,-1.1601648330688477
Slc39a2,0.00039144838228821754,0.000545895250979811,-0.4799124300479889,0.9979940091511154,0.05521576479077339,-0.4799124300479889,0.9603785016752305,-0.229920893907547,-0.4799124300479889,0.8886334220400751,-0.309226930141449
Ndrg2,0.0159703828394413,0.027152694761753082,-0.7737919092178345,0.1513538423499159,-1.9279206991195679,-0.7737919092178345,0.0980983545736512,-2.223129987716675,-0.7737919092178345,0.006059302556495076,-3.162821054458618
Arhgef40,0.0034603707026690245,0.0012531044194474816,1.4670121669769287,0.9979940091511154,0.1359020173549652,1.4670121669769287,0.4086582036308686,1.2994191646575928,1.4670121669769287,0.27028481493145673,1.4383116960525513
Zfp219,0.01350884698331356,0.019496247172355652,-0.5336227416992188,0.28969253222278873,-1.5504941940307617,-0.5336227416992188,0.36167647049845647,-1.4169344902038574,-0.5336227416992188,0.12979142543031424,-1.9013797044754028
Tmem253,0.0,0.0,0.0,0.9979940091511154,0.11319231241941452,0.0,1.0,0.0,0.0,1.0,0.0
Olfr221,0.0,0.0,0.0,0.9979940091511154,0.11319231241941452,0.0,1.0,0.0,0.0,1.0,0.0
Hnrnpc,1.2915140390396118,1.4700071811676025,-0.34424129128456116,7.177175786969445e-15,-8.248255729675293,-0.34424129128456116,7.408445065904543e-12,-7.501414775848389,-0.34424129128456116,2.3340791106052815e-23,-10.443968772888184
Rpgrip1,0.4051665663719177,0.43386438488960266,-0.12087348848581314,0.2568254466138426,-1.62592613697052,-0.12087348848581314,0.4270216359087345,-1.2624988555908203,-0.12087348848581314,0.16021537352752957,-1.7641901969909668
Supt16,1.1543545722961426,1.268615961074829,-0.23483924567699432,5.559720488691065e-05,-4.540783882141113,-0.23483924567699432,0.00032957225658293766,-4.156672954559326,-0.23483924567699432,6.157154536029217e-08,-5.826252460479736
Chd8,0.3959544897079468,0.3845004439353943,0.05114775523543358,0.9979940091511154,0.1267290860414505,0.05114775523543358,0.7370016962195536,0.6228808164596558,0.05114775523543358,0.5624501579015478,0.8254056572914124
Rab2b,0.05689046531915665,0.04272782802581787,0.4233119785785675,0.9979940091511154,-0.457845538854599,0.4233119785785675,0.2178417955986524,1.7810918092727661,0.4233119785785675,0.05525924055540429,2.317258358001709
Tox4,0.4564526677131653,0.45669713616371155,-0.0009622502257116139,0.9979940091511154,-0.3771592974662781,-0.0009622502257116139,1.0,-0.012682706117630005,-0.0009622502257116139,1.0,-0.016939468681812286
Mettl3,0.1572311967611313,0.16887640953063965,-0.11170871555805206,0.04033593447855362,-2.5425078868865967,-0.11170871555805206,0.5718307397239878,-0.9043152928352356,-0.11170871555805206,0.36834027900153415,-1.21072256565094
Sall2,0.005471474956721067,0.003876719856634736,0.4982444643974304,0.9984208920935209,0.019770804792642593,0.4982444643974304,0.6702173095048956,0.7359910607337952,0.4982444643974304,0.4998273310036413,0.9310302138328552
Trav1,0.0,0.0007070494466461241,-19.431962966918945,0.9979940091511154,0.027607882395386696,-19.431962966918945,0.5196272646011879,-1.0,-19.431962966918945,0.16021537352752957,-1.759765386581421
Trav2,0.00026441802037879825,0.0030890407506376505,-3.548299551010132,0.9979940091511154,-0.11613121628761292,-3.548299551010132,0.31964869822506714,-1.518367886543274,-3.548299551010132,0.02750695424073509,-2.617114305496216
Trav3-1,0.0006078541046008468,0.003182563930749893,-2.3902482986450195,0.9979940091511154,0.05503764748573303,-2.3902482986450195,0.6353290722649336,-0.794640839099884,-2.3902482986450195,0.30343582939291835,-1.3494744300842285
Trav5-1,0.0,0.0009037942509166896,-19.78628921508789,0.9979940091511154,0.027607882395386696,-19.78628921508789,0.5196272646011879,-1.0,-19.78628921508789,0.16021537352752957,-1.759765386581421
Trav6-1,0.0006772640626877546,0.0,19.369850158691406,0.9979940091511154,0.16822996735572815,19.369850158691406,0.36167647049845647,1.4097851514816284,19.369850158691406,0.2803884929583053,1.4097851514816284
Trav7-1,0.0,0.0,0.0,0.9979940091511154,0.11319231241941452,0.0,1.0,0.0,0.0,1.0,0.0
Trav6-2,0.00034792767837643623,0.0,18.40868377685547,0.9979940091511154,0.14071114361286163,18.40868377685547,0.5196272646011879,1.0,18.40868377685547,0.46147875269036936,1.0
Trav7d-2,0.0,0.0,0.0,0.9979940091511154,0.11319231241941452,0.0,1.0,0.0,0.0,1.0,0.0
Trav7d-3,0.0,0.0010037904139608145,-19.93775177001953,0.9979940091511154,-0.05797655135393143,-19.93775177001953,0.36167647049845647,-1.4159882068634033,-19.93775177001953,0.037277906666215874,-2.491806983947754
Trav6d-4,0.0,0.0,0.0,0.9979940091511154,0.11319231241941452,0.0,1.0,0.0,0.0,1.0,0.0
Trav7d-4,0.0,0.0,0.0,0.9979940091511154,0.11319231241941452,0.0,1.0,0.0,0.0,1.0,0.0
Trav8d-1,0.0005288253305479884,0.0005087732570245862,0.055782854557037354,0.9979940091511154,0.05521576479077339,0.055782854557037354,1.0,0.027325255796313286,0.055782854557037354,1.0,0.03327061980962753
Trav9d-1,0.0,0.0006142237689346075,-19.228849411010742,0.9979940091511154,0.027607882395386696,-19.228849411010742,0.5196272646011879,-1.0,-19.228849411010742,0.16021537352752957,-1.759765386581421
Trav6d-5,0.0,0.0,0.0,0.9979940091511154,0.11319231241941452,0.0,1.0,0.0,0.0,1.0,0.0
Trav13d-1,0.0,0.0,0.0,0.9979940091511154,0.11319231241941452,0.0,1.0,0.0,0.0,1.0,0.0
Trav8d-2,0.0,0.0004986929125152528,-18.92815399169922,0.9979940091511154,0.027607882395386696,-18.92815399169922,0.5196272646011879,-1.0,-18.92815399169922,0.16021537352752957,-1.759765386581421
Trav16d-dv11,0.0029691222589462996,0.0037749779876321554,-0.34701335430145264,0.9979940091511154,0.024936150759458542,-0.34701335430145264,0.9596430166629804,-0.23115412890911102,-0.34701335430145264,0.8799641960513224,-0.325051873922348
Trav13d-4,0.0010054627200588584,0.0,19.940155029296875,0.9979940091511154,0.19574879109859467,19.940155029296875,0.2673676983138371,1.6428619623184204,19.940155029296875,0.19509926836674824,1.6428619623184204
Trav14d-3-dv8,0.001410602475516498,0.0011793805751949549,0.2584488093852997,0.9984208920935209,-0.0025826727505773306,0.2584488093852997,0.9958336332327896,0.1613519787788391,0.2584488093852997,0.9654920611127493,0.18431594967842102
Trav7n-4,0.0,0.0,0.0,0.9979940091511154,0.11319231241941452,0.0,1.0,0.0,0.0,1.0,0.0
Trav9n-1,0.0013430219842121005,0.0,20.358020782470703,0.9979940091511154,0.16822996735572815,20.358020782470703,0.3760287579327261,1.3682678937911987,20.358020782470703,0.2952664144061408,1.3682678937911987
Trav6n-5,0.0,0.0,0.0,0.9979940091511154,0.11319231241941452,0.0,1.0,0.0,0.0,1.0,0.0
Trav10n,0.0010619490640237927,0.0019944366067647934,-0.9099389910697937,0.9979940091511154,0.109897181391716,-0.9099389910697937,0.841004562429623,-0.4445957839488983,-0.9099389910697937,0.6293864660786427,-0.7139833569526672
Trav6n-6,0.000544276786968112,0.0005004449049010873,0.12116055190563202,0.9979940091511154,0.05521576479077339,0.12116055190563202,1.0,0.05928191915154457,0.12116055190563202,1.0,0.07137656956911087
Trav13n-1,0.0005226113717071712,0.0,18.995758056640625,0.9979940091511154,0.16822996735572815,18.995758056640625,0.36179032358873764,1.4083685874938965,18.995758056640625,0.2808244365552144,1.4083685874938965
Trav14n-1,0.0,0.0,0.0,0.9979940091511154,0.11319231241941452,0.0,1.0,0.0,0.0,1.0,0.0
Trav9n-4,0.0,0.0,0.0,0.9979940091511154,0.11319231241941452,0.0,1.0,0.0,0.0,1.0,0.0
Trav13n-3,0.0,0.0,0.0,0.9979940091511154,0.11319231241941452,0.0,1.0,0.0,0.0,1.0,0.0
Trav8n-2,0.0010891385609284043,0.001160535728558898,-0.09165485203266144,0.9979940091511154,0.08264552801847458,-0.09165485203266144,1.0,-0.050164878368377686,-0.09165485203266144,1.0,-0.06765405088663101
Trav16n,0.00506815267726779,0.011429646983742714,-1.1778440475463867,0.9979940091511154,-0.3777827024459839,-1.1778440475463867,0.41605534890966583,-1.2846437692642212,-1.1778440475463867,0.10234543335469352,-2.0253794193267822
Trav13n-4,0.001488981069996953,0.0009902645833790302,0.5887988209724426,0.9979940091511154,-0.0302796121686697,0.5887988209724426,0.9199587221108949,0.3031791150569916,0.5887988209724426,0.8804906331025925,0.32361599802970886
Trav14n-3,0.003553517861291766,0.0009330883040092885,1.931052327156067,0.9979940091511154,0.2206849306821823,1.931052327156067,0.2965355662284834,1.57106351852417,1.931052327156067,0.16021537352752957,1.7697135210037231
Trav4-2,0.0,0.0,0.0,0.9979940091511154,0.11319231241941452,0.0,1.0,0.0,0.0,1.0,0.0
Trav6-3,0.0,0.000800939102191478,-19.61191177368164,0.9979940091511154,0.027607882395386696,-19.61191177368164,0.5196272646011879,-1.0,-19.61191177368164,0.16021537352752957,-1.759765386581421
Trav7-3,0.0006203297525644302,0.0,19.243125915527344,0.9979940091511154,0.14071114361286163,19.243125915527344,0.5196272646011879,1.0,19.243125915527344,0.46147875269036936,1.0
Trav6-4,0.0,0.0008026217110455036,-19.614940643310547,0.9979940091511154,0.027607882395386696,-19.614940643310547,0.5196272646011879,-1.0,-19.614940643310547,0.16021537352752957,-1.759765386581421
Trav7-4,0.0,0.002886029426008463,-21.462738037109375,0.9979940091511154,-0.05797655135393143,-21.462738037109375,0.36167647049845647,-1.4162819385528564,-21.462738037109375,0.03726207145007799,-2.492323875427246
Trav8-1,0.0,0.00074818852590397,-19.51358413696289,0.9979940091511154,0.027607882395386696,-19.51358413696289,0.5196272646011879,-1.0,-19.51358413696289,0.16021537352752957,-1.759765386581421
Trav9-1,0.0008621112792752683,0.005051018204540014,-2.55364990234375,0.9984208920935209,-0.003295134287327528,-2.55364990234375,0.4931318416527694,-1.1390982866287231,-2.55364990234375,0.11962418501131049,-1.9446711540222168
Trav6-5,0.000509880599565804,0.0,18.96017074584961,0.9979940091511154,0.16822996735572815,18.96017074584961,0.36167647049845647,1.4100066423416138,18.96017074584961,0.2803884929583053,1.4100066423416138
Trav10,0.0011814290191978216,0.0,20.172954559326172,0.9979940091511154,0.19574879109859467,20.172954559326172,0.30741466212888674,1.5451334714889526,20.172954559326172,0.22878289122445425,1.5451334714889526
Trav7-5,0.002443878911435604,0.001143816625699401,1.0962544679641724,0.9979940091511154,0.13786129653453827,1.0962544679641724,0.6652720352796456,0.7433199286460876,1.0962544679641724,0.5282648580981936,0.8819016218185425
Trav12-1,0.0,0.0006956302095204592,-19.408464431762695,0.9979940091511154,0.027607882395386696,-19.408464431762695,0.5196272646011879,-1.0,-19.408464431762695,0.16021537352752957,-1.759765386581421
Trav13-1,0.0072292606346309185,0.002072894247248769,1.805923581123352,0.9979940091511154,0.19093966484069824,1.805923581123352,0.25006704571129823,1.6893036365509033,1.805923581123352,0.13803529206877313,1.8695403337478638
Trav14-1,0.7574047446250916,0.5203118920326233,0.7307975888252258,0.004948724215920695,3.312678575515747,0.7307975888252258,1.6644151396762887e-08,6.200952053070068,0.7307975888252258,1.4781644812337866e-13,7.823010444641113
Trav15-1-dv6-1,0.0038072834722697735,0.005090893246233463,-0.4200833737850189,0.9979940091511154,-0.23404358327388763,-0.4200833737850189,0.7909238676849347,-0.5298231244087219,-0.4200833737850189,0.6215531753883803,-0.7264861464500427
Trav9-2,0.0007612081826664507,0.0004788881342392415,0.668804943561554,0.9979940091511154,0.05521576479077339,0.668804943561554,0.9144641459985691,0.3139270544052124,0.668804943561554,0.8640906734416675,0.3492376506328583
Trav4-3,0.0017959889955818653,0.005222248379141092,-1.5423649549484253,0.9979940091511154,0.051564399152994156,-1.5423649549484253,0.597556649219765,-0.8592022657394409,-1.5423649549484253,0.2738361829969043,-1.4296404123306274
Trav12-2,0.002858092775568366,0.0007698027766309679,1.8939975500106812,0.9979940091511154,0.16564728319644928,1.8939975500106812,0.46982223045964183,1.1803839206695557,1.8939975500106812,0.34313256686213073,1.2641924619674683
Trav12-3,0.0011821992229670286,0.0006633263546973467,0.8340559601783752,0.9979940091511154,0.08282364159822464,0.8340559601783752,0.820478709493435,0.4788898825645447,0.8340559601783752,0.732083454752783,0.554370641708374
Trav13-2,0.0031818116549402475,0.0004657348326873034,2.7742249965667725,0.9979940091511154,0.13803941011428833,2.7742249965667725,0.3163865619657469,1.5241144895553589,2.7742249965667725,0.22339918735166814,1.5606276988983154
Trav14-2,0.0015467129414901137,0.0020958343520760536,-0.4387151300907135,0.9979940091511154,-0.032416995614767075,-0.4387151300907135,0.8804800145367915,-0.37602221965789795,-0.4387151300907135,0.7584954944754477,-0.5129002332687378
Trav15-2-dv6-2,0.00477030361071229,0.0012627632822841406,1.9200276136398315,0.9979940091511154,0.2206849306821823,1.9200276136398315,0.32480889803301255,1.503933072090149,1.9200276136398315,0.18266986092641407,1.6798630952835083
Trav3-3,0.0052901399321854115,0.005507112480700016,-0.05814700946211815,0.9979940091511154,0.2153414785861969,-0.05814700946211815,1.0,-0.05171138793230057,-0.05814700946211815,1.0,-0.08107998222112656
Trav9-4,0.0026163558941334486,0.0014227991923689842,0.8796874284744263,0.9979940091511154,0.025114266201853752,0.8796874284744263,0.7539666316261174,0.5932444930076599,0.8796874284744263,0.6668924348633803,0.6549407243728638
Trav4-4-dv10,0.0013489045668393373,0.0,20.364330291748047,0.9979940091511154,0.22326761484146118,20.364330291748047,0.15239536153710154,1.9895225763320923,20.364330291748047,0.10977673609111972,1.9895225763320923
Trav5-4,0.003604482626542449,0.0,21.78396224975586,0.9979940091511154,0.30582407116889954,21.78396224975586,0.054121369748411044,2.4969241619110107,21.78396224975586,0.036987178364751246,2.4969241619110107
Trav6-7-dv9,0.0033463032450526953,0.003661617636680603,-0.13014033436775208,0.9979940091511154,0.13465522229671478,-0.13014033436775208,1.0,-0.0989355519413948,-0.13014033436775208,0.9903962693317064,-0.14520587027072906
Trav7-6,0.0,0.001431675162166357,-20.450305938720703,0.9979940091511154,0.027607882395386696,-20.450305938720703,0.5196272646011879,-1.0,-20.450305938720703,0.16021537352752957,-1.759765386581421
Trav13-3,0.0,0.0,0.0,0.9979940091511154,0.11319231241941452,0.0,1.0,0.0,0.0,1.0,0.0
Trav8-2,0.0003892432723660022,0.0006446898332796991,-0.7281160354614258,0.9979940091511154,0.05521576479077339,-0.7281160354614258,0.9014941498372065,-0.3392007052898407,-0.7281160354614258,0.7818476998959406,-0.47788989543914795
Trav16,0.013897037133574486,0.005422428250312805,1.3638890981674194,0.9979940091511154,0.3229231536388397,1.3638890981674194,0.1530688460785888,1.9865992069244385,1.3638890981674194,0.0592476881855055,2.2856948375701904
Trav13-4-dv7,0.0016434267163276672,0.0012557716108858585,0.38841256499290466,0.9979940091511154,0.05281120538711548,0.38841256499290466,0.916126947611327,0.3113619387149811,0.38841256499290466,0.8416718472834476,0.3843078315258026
Trav14-3,0.005752203986048698,0.0017409424763172865,1.72714102268219,0.9979940091511154,0.16342084109783173,1.72714102268219,0.31065469771174525,1.5372931957244873,1.72714102268219,0.183166488827326,1.6785027980804443
Trav3-4,0.0,0.0,0.0,0.9979940091511154,0.11319231241941452,0.0,1.0,0.0,0.0,1.0,0.0
Trav13-5,0.004195136949419975,0.0006914539262652397,2.60353946685791,0.9979940091511154,0.3589024543762207,2.60353946685791,0.0576850226987442,2.4677274227142334,2.60353946685791,0.022645315283765826,2.6934545040130615
Trav17,0.002845966722816229,0.0005692564882338047,2.323408842086792,0.9979940091511154,0.13803941011428833,2.323408842086792,0.41111687507096784,1.2941067218780518,2.323408842086792,0.30676198388706855,1.3425683975219727
Trav19,0.0022752215154469013,0.0,21.119216918945312,0.9979940091511154,0.22326761484146118,21.119216918945312,0.22094981461586252,1.7711354494094849,21.119216918945312,0.16021537352752957,1.7711354494094849
Trav20,0.00042264614603482187,0.0,18.68939971923828,0.9979940091511154,0.14071114361286163,18.68939971923828,0.5196272646011879,1.0,18.68939971923828,0.46147875269036936,1.0
Trav21-dv12,0.0053510223515331745,0.0032556187361478806,0.7183951735496521,0.9979940091511154,-0.11978258192539215,0.7183951735496521,0.6032582505397931,0.8489569425582886,0.7183951735496521,0.49091911647401465,0.9463418126106262
Trdv1,0.01066854503005743,0.011511053889989853,-0.11026519536972046,0.9941562779481741,-0.5165345668792725,-0.11026519536972046,0.9922854101823909,-0.16845084726810455,-0.11026519536972046,0.9451494623413027,-0.22007110714912415
Trav22,0.0026210679206997156,0.0,21.3236141204834,0.9979940091511154,0.2507864236831665,21.3236141204834,0.15156079479373125,1.9928053617477417,21.3236141204834,0.10921292566018871,1.9928053617477417
Trdv2-2,0.017326800152659416,0.009071145206689835,0.939616858959198,0.9979940091511154,0.0634981244802475,0.939616858959198,0.1018068355669186,2.201852321624756,0.939616858959198,0.028837768471912023,2.597447395324707
Trav23,0.0002338876947760582,0.0,17.835630416870117,0.9979940091511154,0.14071114361286163,17.835630416870117,0.5196272646011879,1.0,17.835630416870117,0.46147875269036936,1.0
Trdv3,0.0,0.0,0.0,0.9979940091511154,0.11319231241941452,0.0,1.0,0.0,0.0,1.0,0.0
Trdv4,0.0035524661652743816,0.002105721738189459,0.7555499076843262,0.9979940091511154,0.050762880593538284,0.7555499076843262,0.6617473233109593,0.7502442002296448,0.7555499076843262,0.5187837059838031,0.8990208506584167
Trdc,0.6039851903915405,0.5952571034431458,0.027921846136450768,0.29211980152930866,-1.5458632707595825,0.027921846136450768,0.9747218984411133,0.20242471992969513,0.027921846136450768,0.9108813767543056,0.27426522970199585
Trdv5,0.009689627215266228,0.006021317560225725,0.6890115737915039,0.9979940091511154,-0.14872632920742035,0.6890115737915039,0.48865693708875646,1.1461446285247803,0.6890115737915039,0.3005083373671787,1.3555479049682617
Traj18,0.0006201585638336837,0.0,19.242727279663086,0.9979940091511154,0.14071114361286163,19.242727279663086,0.5196272646011879,1.0,19.242727279663086,0.46147875269036936,1.0
Trac,2.2787485122680664,1.9114137887954712,0.6049334406852722,8.355100995372191e-30,11.775206565856934,0.6049334406852722,5.35805288733739e-30,12.587632179260254,0.6049334406852722,2.5563430847809554e-62,17.630176544189453
Dad1,1.5049316883087158,1.5408947467803955,-0.06635529547929764,0.26390688498796355,-1.609094262123108,-0.06635529547929764,0.224528464332083,-1.7638123035430908,-0.06635529547929764,0.04364168294563123,-2.419567108154297
Abhd4,0.013262639753520489,0.013730104081332684,-0.05031261220574379,0.8082378659551056,-0.7516468167304993,-0.05031261220574379,1.0,-0.11975791305303574,-0.05031261220574379,0.9834713554515516,-0.15615572035312653
Olfr49,0.0,0.0,0.0,0.9979940091511154,0.11319231241941452,0.0,1.0,0.0,0.0,1.0,0.0
Oxa1l,0.38441231846809387,0.3709385395050049,0.06180388852953911,0.9979940091511154,0.2644122540950775,0.06180388852953911,0.6583990075588738,0.7562527060508728,0.06180388852953911,0.46147875269036936,1.0068042278289795
Slc7a7,0.0029712310060858727,0.004374141804873943,-0.5589516758918762,0.9979940091511154,-0.20518890023231506,-0.5589516758918762,0.7285006212997363,-0.6365681886672974,-0.5589516758918762,0.5292262728175999,-0.8798353672027588
Mrpl52,0.787424623966217,0.8324482440948486,-0.11703325062990189,0.3846782273512708,-1.3633840084075928,-0.11703325062990189,0.14680588753865942,-2.0129621028900146,-0.11703325062990189,0.02083050169360588,-2.724226713180542
Mmp14,0.001786312204785645,0.0,20.76984214782715,0.9979940091511154,0.2507864236831665,20.76984214782715,0.10978244509339842,2.1629083156585693,20.76984214782715,0.07761798089184178,2.1629083156585693
Lrp10,0.7530457973480225,0.6888805627822876,0.18028298020362854,0.014520800221189172,2.943356513977051,0.18028298020362854,0.009664737608648817,3.154204845428467,0.18028298020362854,0.00024588874512914544,4.0830864906311035
Rem2,0.008508936502039433,0.002045237924903631,2.0613760948181152,0.9979940091511154,0.4121589660644531,2.0613760948181152,0.024898813297606563,2.8089160919189453,2.0613760948181152,0.007343470616297795,3.10176944732666
Prmt5,0.18749895691871643,0.2695157825946808,-0.5849012136459351,2.4454925870768335e-08,-6.074090003967285,-0.5849012136459351,1.0734433935250943e-06,-5.450436592102051,-0.5849012136459351,1.365363879579756e-12,-7.508847236633301
Haus4,0.5926719903945923,0.53076171875,0.20798726379871368,0.06629353068072433,2.329392671585083,0.20798726379871368,0.01400060534562981,3.025938034057617,0.20798726379871368,0.0002851563120106405,4.044504642486572
Ajuba,0.001954785082489252,0.0005449707387015224,1.843774437904358,0.9979940091511154,0.16564728319644928,1.843774437904358,0.4210256337438836,1.273506760597229,1.843774437904358,0.28572443995417063,1.3929002285003662
4931414P19Rik,0.021581733599305153,0.015382017940282822,0.493051677942276,0.9589584448098077,-0.5606181025505066,0.493051677942276,0.3448325843043153,1.4603537321090698,0.493051677942276,0.16021537352752957,1.769269347190857
Psmb5,1.2886662483215332,1.3476448059082031,-0.11619240790605545,0.01976684223942753,-2.8285610675811768,-0.11619240790605545,0.03918299602170883,-2.6366589069366455,-0.11619240790605545,0.0010016440204796966,-3.708174467086792
Psmb11,0.0,0.0,0.0,0.9979940091511154,0.11319231241941452,0.0,1.0,0.0,0.0,1.0,0.0
Cdh24,0.030904317274689674,0.01803630031645298,0.7862252593040466,0.9979940091511154,-0.11007529497146606,0.7862252593040466,0.06707344070177985,2.4008114337921143,0.7862252593040466,0.01367536069587932,2.8829259872436523
Acin1,1.101159930229187,1.1542116403579712,-0.11319711804389954,0.6599947634884988,-0.944723904132843,-0.11319711804389954,0.03748628691773308,-2.6522903442382812,-0.11319711804389954,0.0024704883982800867,-3.447739839553833
1700123O20Rik,0.40219002962112427,0.4139993488788605,-0.05084744840860367,0.9979940091511154,-0.19815334677696228,-0.05084744840860367,0.713218712129287,-0.6617518663406372,-0.05084744840860367,0.5225839110536032,-0.8924173712730408
Cebpe,0.0,0.0,0.0,0.9979940091511154,0.11319231241941452,0.0,1.0,0.0,0.0,1.0,0.0
Slc7a8,0.0,0.0034924703650176525,-21.73833656311035,0.9979940091511154,-0.05797655135393143,-21.73833656311035,0.3997036896570943,-1.3198630809783936,-21.73833656311035,0.05483421377792763,-2.3226492404937744
Homez,0.01542534027248621,0.014695984311401844,0.07040765881538391,0.9979940091511154,-0.44413065910339355,0.07040765881538391,0.9968804925595617,0.1581442654132843,0.07040765881538391,0.9469626059888211,0.21604545414447784
Ppp1r3e,0.005438380874693394,0.012122820131480694,-1.1613051891326904,0.5644424416191586,-1.0759949684143066,-1.1613051891326904,0.11090976074275045,-2.159973621368408,-1.1613051891326904,0.006316380951547812,-3.149120569229126
Bcl2l2,0.0025087823159992695,0.008139247074723244,-1.7019729614257812,0.9979940091511154,-0.2632545232772827,-1.7019729614257812,0.3957659009068697,-1.3285715579986572,-1.7019729614257812,0.0686544364077255,-2.2198431491851807
Pabpn1,0.22884759306907654,0.22545386850833893,0.024095604196190834,0.3342835323995487,-1.4603679180145264,0.024095604196190834,0.965948478141382,0.21917885541915894,0.024095604196190834,0.8996146368638519,0.2924187183380127
Slc22a17,0.0004720331053249538,0.000823233975097537,-0.8026664853096008,0.9979940091511154,0.05521576479077339,-0.8026664853096008,0.88351767636672,-0.3700893819332123,-0.8026664853096008,0.7485122834301963,-0.5284590125083923
Ngdn,0.5778980255126953,0.5777125358581543,0.0006098359590396285,0.8571694844929909,0.6909985542297363,0.0006098359590396285,1.0,0.009737543761730194,0.0006098359590396285,1.0,0.013031394220888615
Zfhx2,0.07455673068761826,0.04911210015416145,0.6208037734031677,0.9979940091511154,0.24294935166835785,0.6208037734031677,0.056566602971962275,2.4791886806488037,0.6208037734031677,0.004424584810422576,3.266045570373535
Thtpa,0.059489503502845764,0.06053399667143822,-0.025871513411402702,0.31655088199381765,-1.495456576347351,-0.025871513411402702,1.0,-0.11612627655267715,-0.025871513411402702,0.9811341642663296,-0.16029632091522217
Ap1g2,0.2280595600605011,0.23156492412090302,-0.024631382897496223,0.42358861914293205,-1.2953439950942993,-0.024631382897496223,0.962898704017878,-0.22424530982971191,-0.024631382897496223,0.8909241817367111,-0.30595046281814575
Jph4,0.0,0.0010842583142220974,-20.049060821533203,0.9979940091511154,-0.05797655135393143,-20.049060821533203,0.36179032358873764,-1.4095430374145508,-20.049060821533203,0.03816087446514463,-2.4804649353027344
Dhrs4,0.21816447377204895,0.255838006734848,-0.25806254148483276,0.004637705534389804,-3.33378529548645,-0.25806254148483276,0.04488568240811218,-2.5793745517730713,-0.25806254148483276,0.0023725611771741747,-3.460291862487793
Carmil3,0.0005456183571368456,0.0,19.05792808532715,0.9979940091511154,0.14071114361286163,19.05792808532715,0.5196272646011879,1.0,19.05792808532715,0.46147875269036936,1.0
Nrl,0.0,0.0,0.0,0.9979940091511154,0.11319231241941452,0.0,1.0,0.0,0.0,1.0,0.0
Pck2,0.03720365837216377,0.05238195136189461,-0.5046558976173401,0.04605643455660412,-2.488093614578247,-0.5046558976173401,0.12659933943150348,-2.0896735191345215,-0.5046558976173401,0.012350877463093596,-2.918610095977783
Dcaf11,0.15476328134536743,0.14702849090099335,0.07968737930059433,0.5182583020208303,-1.1465286016464233,0.07968737930059433,0.7763543394106571,0.5543725490570068,0.07968737930059433,0.6025661303287496,0.7578264474868774
Psme1,1.6117942333221436,1.579496145248413,0.05844919756054878,0.025185842819014415,2.73496150970459,0.05844919756054878,0.24824396727631964,1.695479154586792,0.05844919756054878,0.06382388477243192,2.2528457641601562
Emc9,0.2650948166847229,0.2319856733083725,0.21734431385993958,0.911752451083766,0.620286762714386,0.21734431385993958,0.12727332201290337,2.085885524749756,0.21734431385993958,0.019279960539674748,2.7537028789520264
Psme2,1.5424580574035645,1.47756028175354,0.12018465250730515,0.0010969020422757381,3.7699897289276123,0.12018465250730515,0.010059705231611588,3.1421566009521484,0.12018465250730515,0.0001231559350025904,4.256070613861084
Rnf31,0.1529219001531601,0.1276025027036667,0.27982938289642334,0.9979940091511154,0.0791722759604454,0.27982938289642334,0.12120438494244026,2.1124393939971924,0.27982938289642334,0.019292955259648678,2.75341534614563
Irf9,0.3964969515800476,0.28421029448509216,0.5659341812133789,1.9219370980021473e-05,4.782397747039795,0.5659341812133789,6.925039283082704e-08,5.957145690917969,0.5659341812133789,1.4283278958290475e-13,7.821871280670166
Rec8,0.00025647319853305817,0.0,17.968639373779297,0.9979940091511154,0.14071114361286163,17.968639373779297,0.5196272646011879,1.0,17.968639373779297,0.46147875269036936,1.0
Ipo4,0.02271985076367855,0.06091596558690071,-1.4506115913391113,1.82512181458209e-05,-4.794865608215332,-1.4506115913391113,6.92406508998006e-07,-5.563614845275879,-1.4506115913391113,1.4312830080289664e-15,-8.414640426635742
Tm9sf1,0.07779370248317719,0.06809339672327042,0.19922102987766266,0.43938125237623404,-1.2689828872680664,0.19922102987766266,0.5229331660156966,0.9935828447341919,0.19922102987766266,0.3096630104799211,1.335576057434082
Tssk4,0.005524394568055868,0.002842919435352087,0.9603784680366516,0.9979940091511154,0.10446466505527496,0.9603784680366516,0.4676976377118722,1.1845970153808594,0.9603784680366516,0.2801966871638719,1.41057288646698
Mdp1,0.4830394685268402,0.42763397097587585,0.21875378489494324,0.04026394311705317,2.543220281600952,0.21875378489494324,0.017626567882419515,2.941410779953003,0.21875378489494324,0.000500627133058516,3.897413730621338
Nedd8,1.4268834590911865,1.498063564300537,-0.13366758823394775,0.0016535996339827404,-3.651632070541382,-0.13366758823394775,0.002062405916072789,-3.650604009628296,-0.13366758823394775,4.052851468775532e-06,-5.025388240814209
Gmpr2,0.20148029923439026,0.20970821380615234,-0.06388288736343384,0.20522230486516094,-1.759156346321106,-0.06388288736343384,0.748251847290194,-0.6026122570037842,-0.06388288736343384,0.5738328521821876,-0.8064242005348206
Tinf2,0.19301728904247284,0.15099093317985535,0.38545241951942444,0.7058873432605429,0.884253740310669,0.38545241951942444,0.005424154301224561,3.3454153537750244,0.38545241951942444,0.00010926023503895237,4.286844253540039
Tgm1,0.0006412126240320504,0.0,19.290908813476562,0.9979940091511154,0.16822996735572815,19.290908813476562,0.364914907846911,1.3958457708358765,19.290908813476562,0.2848579241822202,1.3958457708358765
Rabggta,0.1083381325006485,0.11404479295015335,-0.07825224846601486,0.21853169362021047,-1.722464680671692,-0.07825224846601486,0.8081303069470375,-0.500832736492157,-0.07825224846601486,0.6450545254700776,-0.6898784637451172
Dhrs1,0.3205467760562897,0.30591702461242676,0.07849796116352081,0.9979940091511154,0.16359896957874298,0.07849796116352081,0.579870022390065,0.8895449042320251,0.07849796116352081,0.3853154361982612,1.1785508394241333
Nop9,0.2904565930366516,0.3318672776222229,-0.22370222210884094,0.02832991126203072,-2.6876718997955322,-0.22370222210884094,0.0480887523286342,-2.5509555339813232,-0.22370222210884094,0.0025688866980973046,-3.435598373413086
Ltb4r2,0.00034981462522409856,0.0013149917358532548,-1.9110844135284424,0.9979940091511154,-0.0302796121686697,-1.9110844135284424,0.5355956615820774,-0.9706176519393921,-1.9110844135284424,0.23734496420447287,-1.5219721794128418
Ltb4r1,0.0294745285063982,0.06580831110477448,-1.1852184534072876,0.0005880525325875315,-3.9410696029663086,-1.1852184534072876,0.00036811268885465976,-4.137689113616943,-1.1852184534072876,2.9726373763887004e-09,-6.349930286407471
Adcy4,0.0002589273499324918,0.0,17.982379913330078,0.9979940091511154,0.14071114361286163,17.982379913330078,0.5196272646011879,1.0,17.982379913330078,0.46147875269036936,1.0
Ripk3,0.3142634928226471,0.356295645236969,-0.21311120688915253,0.02675805484260594,-2.7099361419677734,-0.21311120688915253,0.056786740299136995,-2.4778237342834473,-0.21311120688915253,0.0037003683144708793,-3.323566436767578
Nynrin,0.0,0.0004933285526931286,-18.912548065185547,0.9979940091511154,0.027607882395386696,-18.912548065185547,0.5196272646011879,-1.0,-18.912548065185547,0.16021537352752957,-1.759765386581421
Cbln3,0.0002825298870448023,0.0,18.108253479003906,0.9979940091511154,0.14071114361286163,18.108253479003906,0.5196272646011879,1.0,18.108253479003906,0.46147875269036936,1.0
Khnyn,0.11990269273519516,0.12831027805805206,-0.10396305471658707,0.03284566250966025,-2.628181219100952,-0.10396305471658707,0.7024164479271184,-0.680291473865509,-0.10396305471658707,0.5012060191526937,-0.9287201762199402
Sdr39u1,0.12849818170070648,0.1466256082057953,-0.2037649154663086,0.014092140812741454,-2.9539542198181152,-0.2037649154663086,0.3314831222205079,-1.4911832809448242,-0.2037649154663086,0.10025127001725044,-2.0361037254333496
Cma1,0.004884658847004175,0.0,22.223352432250977,0.9979940091511154,0.36086171865463257,22.223352432250977,0.03537646025854594,2.674135446548462,22.223352432250977,0.023892056744280386,2.674135446548462
Mcpt8,0.00039835681673139334,0.0,18.603992462158203,0.9979940091511154,0.14071114361286163,18.603992462158203,0.5196272646011879,1.0,18.603992462158203,0.46147875269036936,1.0
Gzmf,0.0023609742056578398,0.014602694660425186,-2.637622833251953,0.44731064324542485,-1.2559804916381836,-2.637622833251953,0.008978107512063377,-3.192748546600342,-2.637622833251953,1.3651760276052565e-06,-5.250672340393066
Gzmc,0.0215192548930645,0.035862475633621216,-0.7472430467605591,0.03726195293356678,-2.5763497352600098,-0.7472430467605591,0.08524846587901558,-2.28844952583313,-0.7472430467605591,0.007026052789391394,-3.1139073371887207
Gzmb,2.94689679145813,3.123185873031616,-0.2671944797039032,0.09495659541338126,-2.162053346633911,-0.2671944797039032,0.012229243648241864,-3.0727405548095703,-0.2671944797039032,0.00020139708502400977,-4.133445739746094
Rnf17,0.0030251205898821354,0.005868924781680107,-0.9581562280654907,0.9979940091511154,-0.1792731136083603,-0.9581562280654907,0.5196272646011879,-1.0120865106582642,-0.9581562280654907,0.2379591634420594,-1.5200169086456299
Cenpj,0.13778576254844666,0.13402964174747467,0.0426456592977047,0.11798331044266494,-2.0556294918060303,0.0426456592977047,0.9200266945188863,0.3028753995895386,0.0426456592977047,0.8334093393855925,0.3970038592815399
Parp4,0.22126887738704681,0.22622407972812653,-0.03565939515829086,0.3942879160192538,-1.3456615209579468,-0.03565939515829086,0.9188397285618601,-0.30579960346221924,-0.03565939515829086,0.8176844519555242,-0.42210039496421814
Mphosph8,0.3672597110271454,0.39483097195625305,-0.12558318674564362,0.28021868417866835,-1.5716899633407593,-0.12558318674564362,0.33503872376785115,-1.4828137159347534,-0.12558318674564362,0.10906721474898178,-1.9925613403320312
Pspc1,0.31731659173965454,0.39819100499153137,-0.3893471658229828,0.00010386971728037455,-4.389831066131592,-0.3893471658229828,6.290272734345417e-05,-4.568974494934082,-0.3893471658229828,6.063010198124142e-09,-6.230887413024902
Zmym5,0.2151722013950348,0.2043401300907135,0.08260572701692581,0.8377091216218878,-0.7151331901550293,0.08260572701692581,0.7025574938487585,0.6799453496932983,0.08260572701692581,0.5014191313710151,0.9282971620559692
Zmym2,0.0819314643740654,0.10125385224819183,-0.319638192653656,0.006963156866056545,-3.199219226837158,-0.319638192653656,0.2398804551662089,-1.7196897268295288,-0.319638192653656,0.04350113361726416,-2.420978546142578
Gjb2,0.0018920422298833728,0.0029033622704446316,-0.618509829044342,0.9979940091511154,-0.11800143122673035,-0.618509829044342,0.765006168069033,-0.5742293000221252,-0.618509829044342,0.5890426833898847,-0.7812240719795227
Cryl1,0.05291353538632393,0.03858485817909241,0.46601665019989014,0.9434590487277341,-0.5794983506202698,0.46601665019989014,0.1905577923412734,1.8578686714172363,0.46601665019989014,0.04499037154275894,2.4068264961242676
Ift88,0.008345496840775013,0.005812045652419329,0.5237814784049988,0.9979940091511154,-0.11782331019639969,0.5237814784049988,0.5433697154398743,0.957084596157074,0.5237814784049988,0.3942505268666964,1.1618285179138184
Eef1akmt1,0.35105592012405396,0.42761752009391785,-0.34342241287231445,0.0006719831744037343,-3.9046449661254883,-0.34342241287231445,0.00011254885576367408,-4.42494010925293,-0.34342241287231445,2.6649147119336056e-08,-5.97498083114624
Xpo4,0.19940312206745148,0.24517403542995453,-0.33235692977905273,0.00014829715637668198,-4.30219841003418,-0.33235692977905273,0.008121499494947204,-3.2142553329467773,-0.33235692977905273,0.00012052119761817646,-4.261940002441406
Lats2,0.0451473630964756,0.04426637291908264,0.02907068096101284,0.5344484327187308,-1.1235517263412476,0.02907068096101284,1.0,0.10604402422904968,0.02907068096101284,0.9901239724332145,0.1456553041934967
Sap18,0.7076046466827393,0.7989177107810974,-0.24916355311870575,0.00022772016280109533,-4.194616794586182,-0.24916355311870575,3.770817738905053e-05,-4.683791637420654,-0.24916355311870575,9.039435504829427e-09,-6.1648077964782715
Ska3,0.25880154967308044,0.16860859096050262,0.6855441927909851,0.0008703243650663086,3.835803508758545,0.6855441927909851,2.9429266313158698e-09,6.496460914611816,0.6855441927909851,9.922430220279416e-15,8.17869758605957
Mrpl57,1.1670657396316528,1.0759732723236084,0.19498486816883087,2.194186193463428e-05,4.7530975341796875,0.19498486816883087,0.00010790059604525888,4.43634557723999,0.19498486816883087,2.144584968604586e-08,6.013263702392578
Zdhhc20,0.3742193579673767,0.3212059736251831,0.2608380913734436,0.01448771031552077,2.944157838821411,0.2608380913734436,0.022408348580595885,2.853677749633789,0.2608380913734436,0.0005437782746761393,3.8755855560302734
Micu2,0.34072303771972656,0.334507018327713,0.03129882737994194,0.9979940091511154,-0.1760670393705368,0.03129882737994194,0.8827404947780267,0.37200453877449036,0.03129882737994194,0.7747708220111391,0.48905083537101746
Fgf9,0.0,0.0,0.0,0.9979940091511154,0.11319231241941452,0.0,1.0,0.0,0.0,1.0,0.0
Rcbtb1,0.1246037408709526,0.107764333486557,0.2218497097492218,0.5355518419118408,-1.121414303779602,0.2218497097492218,0.28482828570147994,1.5986250638961792,0.2218497097492218,0.09961753175121708,2.0396106243133545
Phf11a,0.24407413601875305,0.28327926993370056,-0.24442723393440247,0.002143487924900921,-3.5741519927978516,-0.24442723393440247,0.07368124367257145,-2.3603274822235107,-0.24442723393440247,0.005899962771383242,-3.171931505203247
Phf11b,0.9599360227584839,0.9501705169677734,0.022900959476828575,0.9979940091511154,0.41723525524139404,0.022900959476828575,0.85165693319211,0.4256334900856018,0.022900959476828575,0.7282107717289013,0.5608488321304321
Phf11d,0.025889424607157707,0.03464362397789955,-0.4265736937522888,0.3193399228530173,-1.4895788431167603,-0.4265736937522888,0.47619974197934667,-1.1699931621551514,-0.4265736937522888,0.17243561377270375,-1.7148667573928833
Phf11c,0.21558791399002075,0.19269248843193054,0.17905305325984955,0.5851169309983052,-1.0467840433120728,0.17905305325984955,0.28980052343757046,1.5872451066970825,0.17905305325984955,0.0997543943902359,2.0388102531433105
Setdb2,0.12952910363674164,0.1489415317773819,-0.21579763293266296,0.006816552699539118,-3.2069671154022217,-0.21579763293266296,0.27809738053948885,-1.6150466203689575,-0.21579763293266296,0.07481451073058995,-2.1789722442626953
Cab39l,0.3225398659706116,0.34310466051101685,-0.10482683777809143,0.44103762320402207,-1.2664002180099487,-0.10482683777809143,0.45264232359795115,-1.214008092880249,-0.10482683777809143,0.1982601811171518,-1.631933569908142
Cdadc1,0.12591758370399475,0.1288946270942688,-0.03590568155050278,0.13428143161586936,-1.9893704652786255,-0.03590568155050278,0.9496211165468423,-0.2518240809440613,-0.03590568155050278,0.8716400087092704,-0.3382610082626343
Shisa2,0.0,0.0,0.0,0.9979940091511154,0.11319231241941452,0.0,1.0,0.0,0.0,1.0,0.0
Atp8a2,0.008829904720187187,0.011079900898039341,-0.3291008472442627,0.806523047878659,-0.7534279823303223,-0.3291008472442627,0.6728069468422586,-0.7317792177200317,-0.3291008472442627,0.4722463768687309,-0.9809841513633728
Nupl1,0.0,0.0,0.0,0.9979940091511154,0.11319231241941452,0.0,1.0,0.0,0.0,1.0,0.0
Gm49336,0.18317349255084991,0.2098219394683838,-0.21580658853054047,0.005374605851021655,-3.2849817276000977,-0.21580658853054047,0.15804657320476284,-1.9688762426376343,-0.21580658853054047,0.026937107457218102,-2.62384033203125
Mtmr6,0.15172074735164642,0.14492768049240112,0.07110658288002014,0.21669472439506937,-1.7270065546035767,0.07110658288002014,0.77024741108883,0.5657238364219666,0.07110658288002014,0.6142662264255735,0.7386087775230408
Spata13,0.3615042567253113,0.3671746253967285,-0.02679181843996048,0.9979940091511154,-0.2687760889530182,-0.02679181843996048,0.9241502075591116,-0.29567644000053406,-0.02679181843996048,0.828250233599396,-0.40586042404174805
C1qtnf9,0.0005856946227140725,0.0005865362472832203,-0.002072305418550968,0.9979940091511154,0.08282364159822464,-0.002072305418550968,1.0,-0.0011713097337633371,-0.002072305418550968,1.0,-0.0015810215845704079
Mipep,0.06955042481422424,0.08638995885848999,-0.3251093327999115,0.004718577908707747,-3.3277294635772705,-0.3251093327999115,0.16209080763294012,-1.9546712636947632,-0.3251093327999115,0.026213298728833555,-2.6348257064819336
Tnfrsf19,0.0,0.0,0.0,0.9979940091511154,0.11319231241941452,0.0,1.0,0.0,0.0,1.0,0.0
Sacs,0.20682433247566223,0.23483256995677948,-0.20417340099811554,0.004791048931881072,-3.322742223739624,-0.20417340099811554,0.2305117427909181,-1.7472184896469116,-0.20417340099811554,0.049165076984859696,-2.36783504486084
Arl11,0.003415473271161318,0.007904529571533203,-1.2138350009918213,0.9714892571601285,-0.5461016893386841,-1.2138350009918213,0.2892127047344293,-1.5905065536499023,-1.2138350009918213,0.04317310988321523,-2.4244399070739746
Ebpl,0.24775883555412292,0.28488755226135254,-0.22942617535591125,0.023568781142090572,-2.761678695678711,-0.22942617535591125,0.054048460992921175,-2.499666452407837,-0.22942617535591125,0.0034997505542543363,-3.341179847717285
Kpna3,0.2956897020339966,0.38920342922210693,-0.46773841977119446,3.4448553572842532e-06,-5.1490478515625,-0.46773841977119446,4.272455627129084e-06,-5.1675639152526855,-0.46773841977119446,2.575161355585358e-11,-7.0892133712768555
Spryd7,0.03305237367749214,0.05260872468352318,-0.6847555637359619,0.002553721379580227,-3.5202720165252686,-0.6847555637359619,0.022722593293212606,-2.848405599594116,-0.6847555637359619,0.0004141501349974687,-3.9458024501800537
Trim13,0.013173667713999748,0.015992892906069756,-0.281812459230423,0.9941562779481741,-0.5167126655578613,-0.281812459230423,0.7873460470049319,-0.5360328555107117,-0.281812459230423,0.5720098518764637,-0.8096315860748291
Kcnrg,0.002679065801203251,0.005111703649163246,-0.9338298439979553,0.9979940091511154,-0.0354449562728405,-0.9338298439979553,0.6983446275842041,-0.6878828406333923,-0.9338298439979553,0.4218517759811903,-1.11020827293396
Dleu7,0.003479183651506901,0.003735912963747978,-0.1028972938656807,0.9984208920935209,-0.006857441738247871,-0.1028972938656807,1.0,-0.10981766879558563,-0.1028972938656807,0.9852417941131485,-0.1524907946586609
Rnaseh2b,0.7141161561012268,0.7088549733161926,0.014909667894244194,0.9979940091511154,0.3567650616168976,0.014909667894244194,0.9526033286046857,0.24505376815795898,0.014909667894244194,0.8760796165923553,0.33124205470085144
Fam124a,0.0,0.0,0.0,0.9979940091511154,0.11319231241941452,0.0,1.0,0.0,0.0,1.0,0.0
Ints6,0.23254483938217163,0.2501668632030487,-0.11860434710979462,0.02265162343394301,-2.7766404151916504,-0.11860434710979462,0.48739636387822743,-1.1485775709152222,-0.11860434710979462,0.24159859395185826,-1.5098421573638916
Wdfy2,0.03078540787100792,0.05382793769240379,-0.8228473663330078,0.006440309440595762,-3.2255802154541016,-0.8228473663330078,0.008105907629701335,-3.220860481262207,-0.8228473663330078,1.6056123169898604e-05,-4.730203628540039
Ctsb,0.6589531302452087,0.6720604300498962,-0.0389108881354332,0.9979940091511154,0.3381520211696625,-0.0389108881354332,0.759016193082903,-0.5849978923797607,-0.0389108881354332,0.5780236273497461,-0.7988372445106506
Fdft1,0.14333830773830414,0.13903063535690308,0.0472017303109169,0.34971477060497114,-1.4295538663864136,0.0472017303109169,0.890903578101324,0.35702022910118103,0.0472017303109169,0.7853967569441157,0.4722062945365906
Neil2,0.003441382898017764,0.005524966865777969,-0.6844812631607056,0.9979940091511154,-0.2620077133178711,-0.6844812631607056,0.549881621974618,-0.9453369379043579,-0.6844812631607056,0.2947330787474682,-1.3692436218261719
Blk,0.0003420022549107671,0.0005904225399717689,-0.7879194021224976,0.9979940091511154,0.05521576479077339,-0.7879194021224976,0.8867864348897767,-0.3640803396701813,-0.7879194021224976,0.7546371514511045,-0.518517792224884
Fam167a,0.0,0.0,0.0,0.9979940091511154,0.11319231241941452,0.0,1.0,0.0,0.0,1.0,0.0
Mtmr9,0.11059365421533585,0.12253883481025696,-0.15675435960292816,0.010488706460150397,-3.060645341873169,-0.15675435960292816,0.5060309452721797,-1.1141287088394165,-0.15675435960292816,0.2530621597819798,-1.4798972606658936
Xkr6,0.005326822865754366,0.0006446898332796991,3.0499753952026367,0.9979940091511154,0.38651034235954285,3.0499753952026367,0.032949001527740024,2.7010037899017334,3.0499753952026367,0.015527802618732517,2.8371164798736572
Pinx1,0.11730446666479111,0.2032507061958313,-0.8566550612449646,5.433033386818078e-14,-7.988117694854736,-0.8566550612449646,3.012075552046477e-10,-6.908787727355957,-0.8566550612449646,1.4440809198379787e-19,-9.50652027130127
Msra,0.092206671833992,0.10366694629192352,-0.1774146854877472,0.029139497605980853,-2.6773409843444824,-0.1774146854877472,0.5196272646011879,-1.0804212093353271,-0.1774146854877472,0.2519665693242249,-1.4825187921524048
Kif13b,0.19165249168872833,0.16996236145496368,0.18939508497714996,0.7514231920263531,-0.8239616751670837,0.18939508497714996,0.2882997536242636,1.5910507440567017,0.18939508497714996,0.09488362470039544,2.063931941986084
Hmbox1,0.05819325149059296,0.047290634363889694,0.30723080039024353,0.7876438488463452,-0.7778298258781433,0.30723080039024353,0.36167647049845647,1.4177955389022827,0.30723080039024353,0.14604348083803523,1.838557243347168
Ints9,0.1392596811056137,0.20663787424564362,-0.6193302273750305,1.6274322348310034e-08,-6.143911361694336,-0.6193302273750305,6.720349212701481e-06,-5.073620319366455,-0.6193302273750305,3.919441547697426e-11,-7.025676250457764
Extl3,0.0721660926938057,0.07991965115070343,-0.1528928279876709,0.018976170776731884,-2.8447694778442383,-0.1528928279876709,0.5940105540823032,-0.8654087781906128,-0.1528928279876709,0.40402497267393184,-1.1438024044036865
Fzd3,0.0,0.0,0.0,0.9979940091511154,0.11319231241941452,0.0,1.0,0.0,0.0,1.0,0.0
Zfp395,0.015436475165188313,0.01683362014591694,-0.1260126531124115,0.9979940091511154,-0.3991565406322479,-0.1260126531124115,0.9605645487104995,-0.22857780754566193,-0.1260126531124115,0.8738907159395765,-0.33440953493118286
Pnoc,0.00030250815325416625,0.0,18.206836700439453,0.9979940091511154,0.14071114361286163,18.206836700439453,0.5196272646011879,1.0,18.206836700439453,0.46147875269036936,1.0
Elp3,0.09117235988378525,0.10039760172367096,-0.14581723511219025,0.05130519239379603,-2.442763090133667,-0.14581723511219025,0.5582870869614996,-0.9290488362312317,-0.14581723511219025,0.34711288615826574,-1.2558645009994507
Nuggc,0.0,0.000823233975097537,-19.651538848876953,0.9979940091511154,0.027607882395386696,-19.651538848876953,0.5196272646011879,-1.0,-19.651538848876953,0.16021537352752957,-1.759765386581421
Pbk,0.2644883692264557,0.18929257988929749,0.5388780236244202,0.20274589460635917,1.7660138607025146,0.5388780236244202,2.437622706080697e-05,4.772835731506348,0.5388780236244202,2.668837194522714e-08,5.979188919067383
Esco2,0.7148489356040955,0.48672279715538025,0.7354718446731567,1.331583751205004e-10,6.911410331726074,0.7354718446731567,3.819337525986182e-15,8.519596099853516,0.7354718446731567,2.5599535803448336e-26,11.141264915466309
Ccdc25,0.47153645753860474,0.42835354804992676,0.1720452606678009,0.18378703923733744,1.8198046684265137,0.1720452606678009,0.08173718997075416,2.3073337078094482,0.1720452606678009,0.009612773015779761,3.00736927986145
Clu,0.0,0.0,0.0,0.9979940091511154,0.11319231241941452,0.0,1.0,0.0,0.0,1.0,0.0
Adam2,0.0,0.0007174386992119253,-19.45301628112793,0.9979940091511154,0.027607882395386696,-19.45301628112793,0.5196272646011879,-1.0,-19.45301628112793,0.16021537352752957,-1.759765386581421
Ephx2,0.0,0.0,0.0,0.9979940091511154,0.11319231241941452,0.0,1.0,0.0,0.0,1.0,0.0
Chrna2,0.0,0.0,0.0,0.9979940091511154,0.11319231241941452,0.0,1.0,0.0,0.0,1.0,0.0
Ptk2b,0.4752654731273651,0.44070425629615784,0.13575011491775513,0.0944388940116832,2.164903163909912,0.13575011491775513,0.21503295802616063,1.789135456085205,0.13575011491775513,0.0433940138623442,2.4220306873321533
Trim35,0.3279075026512146,0.37997767329216003,-0.25239771604537964,0.006988467020189908,-3.197883367538452,-0.25239771604537964,0.016378922730970382,-2.968644857406616,-0.25239771604537964,0.00035570355593822,-3.9870107173919678
Dpysl2,0.701748251914978,0.6492908000946045,0.1541568636894226,0.0699750970619759,2.30525803565979,0.1541568636894226,0.06525710914290461,2.41505765914917,0.1541568636894226,0.005047225810398928,3.2228357791900635
Bnip3l,0.49226105213165283,0.4895923137664795,0.009924791753292084,0.8187797510860744,0.7391787767410278,0.009924791753292084,1.0,0.11915653944015503,0.009924791753292084,0.9771905856011485,0.16659222543239594
Ppp2r2a,0.497199684381485,0.5015914440155029,-0.016117887571454048,0.9979940091511154,0.19993449747562408,-0.016117887571454048,0.9674462534996494,-0.21567106246948242,-0.016117887571454048,0.8955621115347155,-0.2984938621520996
Cdca2,0.5289351344108582,0.3215872049331665,0.8780181407928467,6.028547009113476e-17,8.824369430541992,0.8780181407928467,3.989800642210081e-23,10.727806091308594,0.8780181407928467,9.361785300795836e-40,13.883203506469727
Kctd9,0.1621905267238617,0.10302749276161194,0.6982803344726562,0.20453871104156965,1.7611156702041626,0.6982803344726562,4.817576569316646e-06,5.124894618988037,0.6982803344726562,2.5955519964397783e-09,6.377055644989014
Gnrh1,0.01184307225048542,0.008205004967749119,0.5320960879325867,0.9979940091511154,-0.03669176623225212,0.5320960879325867,0.5789769848690077,0.8919407725334167,0.5320960879325867,0.3878334515785711,1.173713207244873
Dock5,0.15643545985221863,0.13045154511928558,0.28124484419822693,0.9979940091511154,-0.45740026235580444,0.28124484419822693,0.15845522942999712,1.9670878648757935,0.28124484419822693,0.030125306514814862,2.5791919231414795
Nefl,0.0,0.0006309385062195361,-19.267597198486328,0.9979940091511154,0.027607882395386696,-19.267597198486328,0.5196272646011879,-1.0,-19.267597198486328,0.16021537352752957,-1.759765386581421
Adam28,0.002507646568119526,0.0012349046301096678,1.0228524208068848,0.9979940091511154,0.08050814270973206,1.0228524208068848,0.6179378415475746,0.8243502974510193,1.0228524208068848,0.4995052149176117,0.9318164587020874
Slc25a37,0.06766855716705322,0.12528881430625916,-0.9309325814247131,2.52670279854417e-07,-5.656765937805176,-0.9309325814247131,8.106197915252575e-06,-5.044534683227539,-0.9309325814247131,2.541344622892218e-12,-7.420314311981201
Synb,0.00031225424027070403,0.0,18.252592086791992,0.9979940091511154,0.14071114361286163,18.252592086791992,0.5196272646011879,1.0,18.252592086791992,0.46147875269036936,1.0
Gm16867,0.024858511984348297,0.03902987763285637,-0.6611157655715942,0.028450372536097748,-2.6860687732696533,-0.6611157655715942,0.05623390526436593,-2.4830877780914307,-0.6611157655715942,0.002476276095384635,-3.446425676345825
Loxl2,0.010155728086829185,0.01873953826725483,-0.8899983763694763,0.6599947634884988,-0.9449020028114319,-0.8899983763694763,0.2472434083472125,-1.6993061304092407,-0.8899983763694763,0.03243813966677837,-2.5495965480804443
R3hcc1,0.09632892906665802,0.12479009479284286,-0.39437103271484375,0.0002566691329402176,-4.164159297943115,-0.39437103271484375,0.04791252656050096,-2.5531272888183594,-0.39437103271484375,0.0019441018324997505,-3.5198192596435547
Chmp7,0.12024229019880295,0.12739750742912292,-0.08866045624017715,0.022000782113054788,-2.7879507541656494,-0.08866045624017715,0.6970091595213881,-0.691140353679657,-0.08866045624017715,0.5181077822612155,-0.9003447890281677
Tnfrsf10b,0.0036030139308422804,0.004573105368763208,-0.3446701467037201,0.9979940091511154,-0.17740289866924286,-0.3446701467037201,0.824367268074568,-0.47211575508117676,-0.3446701467037201,0.6679450498389915,-0.6530386209487915
Rhobtb2,0.046491462737321854,0.04131694138050079,0.1739920824766159,0.5367259715804747,-1.1195441484451294,0.1739920824766159,0.6874504557804133,0.7070756554603577,0.1739920824766159,0.5059843030475245,0.9210580587387085
Egr3,0.02070987969636917,0.02456926926970482,-0.24933013319969177,0.6659266421666542,-0.936530590057373,-0.24933013319969177,0.7969865512537712,-0.5194451808929443,-0.24933013319969177,0.6372151472909533,-0.7019554376602173
Bin3,0.26280248165130615,0.24131730198860168,0.13919638097286224,0.9979940091511154,0.14641082286834717,0.13919638097286224,0.3541530145090235,1.4392248392105103,0.13919638097286224,0.13511439905455228,1.879820704460144
Ccar2,0.1311172991991043,0.11493616551160812,0.2019367516040802,0.5514139162965805,-1.0958547592163086,0.2019367516040802,0.346363900087947,1.4566515684127808,0.2019367516040802,0.133034516300072,1.8884421586990356
9930012K11Rik,0.020010102540254593,0.018538037315011024,0.11130538582801819,0.8179217011282766,-0.7401583790779114,0.11130538582801819,0.9089026802001613,0.3241860270500183,0.11130538582801819,0.8202522307765907,0.41797688603401184
Pdlim2,0.4598942697048187,0.4229806661605835,0.1492907553911209,0.1559295054544305,1.9118012189865112,0.1492907553911209,0.14043690301065162,2.035688638687134,0.1492907553911209,0.02245026597091142,2.695011854171753
Sorbs3,0.00029564413125626743,0.0,18.17371940612793,0.9979940091511154,0.14071114361286163,18.17371940612793,0.5196272646011879,1.0,18.17371940612793,0.46147875269036936,1.0
Ppp3cc,0.400190532207489,0.3329913318157196,0.3166314959526062,0.02507779625262791,2.7367424964904785,0.3166314959526062,0.0014732914245719072,3.742506504058838,0.3166314959526062,7.094695182080004e-06,4.9103617668151855
Slc39a14,0.042671818286180496,0.05199860781431198,-0.29197025299072266,0.056660581775140224,-2.4011731147766113,-0.29197025299072266,0.43975127948527787,-1.2377357482910156,-0.29197025299072266,0.17935933133410628,-1.6901389360427856
Piwil2,0.0018666943069547415,0.003116919891908765,-0.7405373454093933,0.9979940091511154,-0.20287339389324188,-0.7405373454093933,0.6797334666100489,-0.7204095125198364,-0.7405373454093933,0.48575344032929185,-0.9556312561035156
Polr3d,0.07233689725399017,0.10211197286844254,-0.5191389322280884,2.8050454194522078e-05,-4.696634769439697,-0.5191389322280884,0.01014205612445223,-3.13967227935791,-0.5191389322280884,0.00011703548504598746,-4.268482208251953
Bmp1,0.0005385944386944175,0.003578690579161048,-2.734351873397827,0.9979940091511154,0.08246741443872452,-2.734351873397827,0.6062986854076974,-0.844692587852478,-2.734351873397827,0.2576406645862209,-1.4691802263259888
Reep4,0.7087146639823914,0.5533275008201599,0.48086920380592346,7.729710942849056e-08,5.868634223937988,0.48086920380592346,1.5325874253798095e-09,6.630069732666016,0.48086920380592346,2.483761197791376e-17,8.910365104675293
Hr,0.0003281364624854177,0.0,18.324176788330078,0.9979940091511154,0.14071114361286163,18.324176788330078,0.5196272646011879,1.0,18.324176788330078,0.46147875269036936,1.0
Nudt18,0.12020182609558105,0.10155356675386429,0.25691816210746765,0.8508842292263219,-0.6980341076850891,0.25691816210746765,0.24663846919267557,1.6993614435195923,0.25691816210746765,0.06806211334451776,2.223372459411621
Fam160b2,0.08124008029699326,0.08199036866426468,-0.013811178505420685,0.09756672792405335,-2.1490509510040283,-0.013811178505420685,1.0,-0.07970256358385086,-0.013811178505420685,1.0,-0.10570359975099564
Dmtn,0.0004880374181084335,0.0,18.896987915039062,0.9979940091511154,0.14071114361286163,18.896987915039062,0.5196272646011879,1.0,18.896987915039062,0.46147875269036936,1.0
Npm2,0.0017223020549863577,0.0,20.71714973449707,0.9979940091511154,0.22326761484146118,20.71714973449707,0.154009013278212,1.9827637672424316,20.71714973449707,0.11115863400144683,1.9827637672424316
Xpo7,0.21513046324253082,0.2502151429653168,-0.24424628913402557,0.004305301041176545,-3.358365297317505,-0.24424628913402557,0.07764489928646398,-2.334628105163574,-0.24424628913402557,0.006827088355324493,-3.123293399810791
Dok2,0.5858549475669861,0.5248285531997681,0.20677220821380615,0.026128169379047793,2.7195544242858887,0.20677220821380615,0.018643069509322086,2.9197773933410645,0.20677220821380615,0.0006209505563919654,3.84063458442688
Gfra2,0.0,0.0074089448899030685,-22.82618522644043,0.9979940091511154,-0.05797655135393143,-22.82618522644043,0.4845860570113546,-1.1556416749954224,-22.82618522644043,0.10092695974977883,-2.033658027648926
Fndc3a,0.1324116587638855,0.1339547485113144,-0.017853302881121635,0.12267478988241813,-2.035769462585449,-0.017853302881121635,1.0,-0.1203552708029747,-0.017853302881121635,0.9801345481471119,-0.16215629875659943
Cysltr2,0.11593922227621078,0.08151666820049286,0.5334407091140747,0.9982476725019572,0.0228878241032362,0.5334407091140747,0.00501891133072932,3.3692920207977295,0.5334407091140747,0.00014543084276626568,4.216687202453613
Rcbtb2,0.34889429807662964,0.3109942078590393,0.1947421431541443,0.5617936998897316,1.0799134969711304,0.1947421431541443,0.11797615140562326,2.125582456588745,0.1947421431541443,0.017233022314571595,2.795539379119873
Rb1,0.24327625334262848,0.20102722942829132,0.3068080544471741,0.6737287338282884,0.9263780117034912,0.3068080544471741,0.029015705729245393,2.753851890563965,0.3068080544471741,0.0014997877184607493,3.596041202545166
Lpar6,0.0579349622130394,0.05748258903622627,0.01163877360522747,0.5316483971406208,-1.1276483535766602,0.01163877360522747,1.0,0.046567078679800034,0.01163877360522747,1.0,0.0657123327255249
Itm2b,2.15120267868042,2.0452773571014404,0.17420008778572083,9.39671827677945e-07,5.406068325042725,0.17420008778572083,1.0123642522281788e-05,4.981991767883301,0.17420008778572083,1.6465036072632382e-10,6.80807638168335
Med4,0.39905208349227905,0.40765833854675293,-0.0374077744781971,0.9979940091511154,-0.21569770574569702,-0.0374077744781971,0.8169629774852929,-0.48675045371055603,-0.0374077744781971,0.666603978446763,-0.6553577184677124
Nudt15,0.0312921516597271,0.04379156976938248,-0.49392518401145935,0.02928568091625794,-2.6747584342956543,-0.49392518401145935,0.17690384311557136,-1.9039031267166138,-0.49392518401145935,0.030025185157480407,-2.5804853439331055
Sucla2,0.36782628297805786,0.41463252902030945,-0.2087683081626892,0.052369306920162756,-2.4337682723999023,-0.2087683081626892,0.0333864772590559,-2.6992480754852295,-0.2087683081626892,0.001338400638067154,-3.628044605255127
Gm21750,0.0002488924656063318,0.000723938224837184,-1.5406829118728638,0.9979940091511154,0.05521576479077339,-1.5406829118728638,0.7384328075181227,-0.6205460429191589,-1.5406829118728638,0.4684151813360421,-0.987999677658081
Htr2a,0.0,0.0,0.0,0.9979940091511154,0.11319231241941452,0.0,1.0,0.0,0.0,1.0,0.0
Esd,1.082549810409546,1.1255286931991577,-0.09276395291090012,0.1862306476975583,-1.8125019073486328,-0.09276395291090012,0.16979455478653124,-1.9285837411880493,-0.09276395291090012,0.022024782412917585,-2.702214002609253
Lrch1,0.14233151078224182,0.12658298015594482,0.18078617751598358,0.6164219402964306,-1.0027894973754883,0.18078617751598358,0.41422751206324,1.2875096797943115,0.18078617751598358,0.17796093052731077,1.6954668760299683
Rubcnl,0.002966290572658181,0.005055920220911503,-0.7708219289779663,0.9979940091511154,-0.31740158796310425,-0.7708219289779663,0.5859382761867502,-0.8790486454963684,-0.7708219289779663,0.35777831760108536,-1.2328650951385498
Lrrc63,0.0002719565818551928,0.0,18.053218841552734,0.9979940091511154,0.14071114361286163,18.053218841552734,0.5196272646011879,1.0,18.053218841552734,0.46147875269036936,1.0
Lcp1,2.1080429553985596,2.1607797145843506,-0.08629398792982101,0.035083093606100714,-2.6009294986724854,-0.08629398792982101,0.03963133189248314,-2.6313273906707764,-0.08629398792982101,0.0013542687845943262,-3.6243529319763184
Zc3h13,0.5656289458274841,0.6954723000526428,-0.40157729387283325,1.962986920535156e-06,-5.259835720062256,-0.40157729387283325,6.011647515813914e-08,-5.9895501136779785,-0.40157729387283325,2.379065404498671e-14,-8.054741859436035
Siah3,0.0008467035950161517,0.0006841963622719049,0.30756354331970215,0.9979940091511154,0.08282364159822464,0.30756354331970215,0.988326754547568,0.17656706273555756,0.30756354331970215,0.943187032916606,0.22319474816322327
Cog3,0.0750519260764122,0.09622226655483246,-0.37397077679634094,0.0004867449638471483,-3.9935245513916016,-0.37397077679634094,0.10346542995044959,-2.194206953048706,-0.37397077679634094,0.010681009660611784,-2.9699840545654297
Slc25a30,0.1448453962802887,0.15116392076015472,-0.06627018749713898,0.06900151455865625,-2.3115811347961426,-0.06627018749713898,0.81242857805879,-0.49374791979789734,-0.06627018749713898,0.6608830676998249,-0.6646952033042908
Tpt1,4.0949578285217285,3.989187002182007,0.1553250402212143,7.661133272879947e-29,11.576251983642578,0.1553250402212143,1.4230245100329893e-11,7.444663047790527,0.1553250402212143,4.000326225033897e-26,11.083874702453613
Gtf2f2,0.2777725160121918,0.3728560209274292,-0.497015118598938,1.804237775709406e-07,-5.718393802642822,-0.497015118598938,1.6644191965595862e-07,-5.803257942199707,-0.497015118598938,1.9118085128183469e-13,-7.779137134552002
Kctd4,0.004067933652549982,0.002909977687522769,0.484123557806015,0.9984208920935209,-0.0071246144361793995,0.484123557806015,0.7233269191128555,0.646172046661377,0.484123557806015,0.5745550069981784,0.805117130279541
Gpalpp1,0.1548679918050766,0.19211721420288086,-0.3385940194129944,0.001773644305330529,-3.63034725189209,-0.3385940194129944,0.02268965617576202,-2.8491625785827637,-0.3385940194129944,0.00040223512077577396,-3.9535045623779297
Nufip1,0.18910233676433563,0.2497430145740509,-0.44661858677864075,4.944188502813276e-06,-5.074239730834961,-0.44661858677864075,0.00016394205615046713,-4.330570697784424,-0.44661858677864075,5.695980964869954e-08,-5.841004371643066
Tsc22d1,0.006298623513430357,0.012108930386602879,-0.9471604824066162,0.7491271055456508,-0.8271677494049072,-0.9471604824066162,0.280330070353706,-1.6110948324203491,-0.9471604824066162,0.0510693800608068,-2.3513875007629395
Serp2,0.1768297255039215,0.1423235833644867,0.3387385904788971,0.9979940091511154,-0.23350924253463745,0.3387385904788971,0.04780463738987054,2.552187919616699,0.3387385904788971,0.004246630483630376,3.2799947261810303
Lacc1,0.007603534497320652,0.016788652166724205,-1.1493831872940063,0.4543366150008155,-1.2446701526641846,-1.1493831872940063,0.08150724939693829,-2.311898708343506,-1.1493831872940063,0.002444967189447636,-3.450374126434326
Ccdc122,0.0032764652278274298,0.004806562326848507,-0.5539692640304565,0.9979940091511154,-0.09279810637235641,-0.5539692640304565,0.7365692521655153,-0.6241569519042969,-0.5539692640304565,0.5381740646759372,-0.8652141094207764
Dnajc15,2.13433837890625,2.1505491733551025,-0.026497168466448784,0.9979940091511154,-0.30858486890792847,-0.026497168466448784,0.6365900585820399,-0.7923394441604614,-0.026497168466448784,0.4424078158420338,-1.0728778839111328
Epsti1,1.8753913640975952,1.6418553590774536,0.4073214530944824,1.2661884511353503e-13,7.87875509262085,0.4073214530944824,5.5506993899020617e-14,8.201778411865234,0.4073214530944824,5.199132082894058e-27,11.280628204345703
Tnfsf11,0.004676267504692078,0.005626847501844168,-0.26765549182891846,0.9979940091511154,-0.06581363081932068,-0.26765549182891846,0.9212992151873622,-0.30066782236099243,-0.26765549182891846,0.8017514581785815,-0.447553813457489
Akap11,0.08292408287525177,0.11964409053325653,-0.5558210015296936,1.2940733326399435e-05,-4.8705644607543945,-0.5558210015296936,0.005065768567479886,-3.3721303939819336,-0.5558210015296936,1.644368020171719e-05,-4.7248663902282715
Dgkh,0.3062303960323334,0.28291475772857666,0.13189317286014557,0.9979940091511154,-0.11773425340652466,0.13189317286014557,0.40372921780898896,1.3101866245269775,0.13189317286014557,0.1698662989919824,1.724353551864624
Vwa8,0.03685923293232918,0.04126574471592903,-0.16611789166927338,0.16166352331920916,-1.8914070129394531,-0.16611789166927338,0.7021435126141813,-0.680720865726471,-0.16611789166927338,0.5117181105795294,-0.9113089442253113
Rgcc,0.16114704310894012,0.18766528367996216,-0.23946869373321533,0.00337020152745086,-3.4343314170837402,-0.23946869373321533,0.3064634535375797,-1.5483174324035645,-0.23946869373321533,0.07862704309443604,-2.1550018787384033
Naa16,0.25885048508644104,0.26267847418785095,-0.024060223251581192,0.24552488425980085,-1.652198076248169,-0.024060223251581192,0.9562674845025049,-0.2381480634212494,-0.024060223251581192,0.8860699192792321,-0.31428784132003784
Mtrf1,0.048123959451913834,0.05657349154353142,-0.23951910436153412,0.04083219001516796,-2.538054943084717,-0.23951910436153412,0.46592060301266636,-1.1889086961746216,-0.23951910436153412,0.21253970687038454,-1.5897690057754517
Kbtbd7,0.017704913392663002,0.020798778161406517,-0.2345878928899765,0.45902111890063957,-1.2369221448898315,-0.2345878928899765,0.6945216835185714,-0.695268452167511,-0.2345878928899765,0.5077588300218746,-0.9180527925491333
Kbtbd6,0.022818170487880707,0.0156497061252594,0.5492349863052368,0.9979940091511154,-0.4855424761772156,0.5492349863052368,0.28951001939207915,1.5875499248504639,0.5492349863052368,0.12424747206676344,1.924719214439392
Wbp4,0.4705773591995239,0.45588693022727966,0.05716777592897415,0.9979940091511154,0.38624316453933716,0.05716777592897415,0.6627315082120818,0.7488846778869629,0.05716777592897415,0.46600554280804024,0.9918280839920044
Elf1,1.0234328508377075,1.0010448694229126,0.05073826014995575,0.026191084750238597,2.7184858322143555,0.05073826014995575,0.5492115568444157,0.946147620677948,0.05073826014995575,0.3159219100649513,1.3206677436828613
Sugt1,0.943943977355957,0.9361103773117065,0.01854589581489563,0.8139407261542004,0.7451456189155579,0.01854589581489563,0.8922744399045278,0.3542536795139313,0.01854589581489563,0.7828466778931853,0.4763033390045166
Pcdh17,0.0,0.0,0.0,0.9979940091511154,0.11319231241941452,0.0,1.0,0.0,0.0,1.0,0.0
Diaph3,0.5922389626502991,0.4177549183368683,0.6399333477020264,9.325817827321851e-12,7.298455238342285,0.6399333477020264,1.5802534327796042e-14,8.340960502624512,0.6399333477020264,7.465277057863691e-26,11.031401634216309
Tdrd3,0.03911445662379265,0.05083145946264267,-0.3865348696708679,0.05810283613473971,-2.3897738456726074,-0.3865348696708679,0.3189949766083498,-1.5185109376907349,-0.3865348696708679,0.07672448830721566,-2.167025089263916
Rpl36a-ps1,0.10645943135023117,0.1376436948776245,-0.3935868740081787,7.278923717291114e-05,-4.47479248046875,-0.3935868740081787,0.02385155585302721,-2.82999324798584,-0.3935868740081787,0.0006068796948943965,-3.846534013748169
Mzt1,0.3546159863471985,0.28937605023384094,0.342894047498703,0.035329694198679575,2.5981688499450684,0.342894047498703,0.000815135771581451,3.904153347015381,0.342894047498703,3.76788940733808e-06,5.042341709136963
Bora,0.3796992003917694,0.27147722244262695,0.5663201212882996,0.0002742507878378155,4.147594451904297,0.5663201212882996,6.166664948558699e-09,6.372030735015869,0.5663201212882996,3.162725919917762e-14,8.027410507202148
Dis3,0.11186263710260391,0.1375083178281784,-0.3166743814945221,0.0018179054306385449,-3.623311758041382,-0.3166743814945221,0.0964913786022795,-2.2314493656158447,-0.3166743814945221,0.008596585487273958,-3.0457823276519775
Pibf1,0.08871915936470032,0.07542672008275986,0.2438896745443344,0.5654965141228816,-1.07403564453125,0.2438896745443344,0.36179032358873764,1.4089325666427612,0.2438896745443344,0.1488414081615962,1.8281018733978271
Klf5,0.0009643736993893981,0.0010968750575557351,-0.1858302652835846,0.9979940091511154,0.025114266201853752,-0.1858302652835846,1.0,-0.13860495388507843,-0.1858302652835846,0.964306561890059,-0.1863194853067398
Klf12,0.0032856708858162165,0.0010830662213265896,1.602655053138733,0.9979940091511154,0.19129590690135956,1.602655053138733,0.2725514880892354,1.6282118558883667,1.602655053138733,0.14596884502004517,1.8392964601516724
Tbc1d4,0.004472929518669844,0.019832391291856766,-2.159668445587158,0.30997928908318884,-1.5095276832580566,-2.159668445587158,0.01399420186678551,-3.0362229347229004,-2.159668445587158,5.023219091539157e-06,-4.987570285797119
Commd6,0.4268670380115509,0.48837515711784363,-0.2419441044330597,0.02830010391669947,-2.6882951259613037,-0.2419441044330597,0.0070670864359135685,-3.2623515129089355,-0.2419441044330597,5.4373169662597864e-05,-4.451866626739502
Uchl3,0.7402047514915466,0.9149896502494812,-0.44910484552383423,1.7846534180163758e-12,-7.527066230773926,-0.44910484552383423,2.3159242420677343e-12,-7.664867401123047,-0.44910484552383423,9.14178604290393e-24,-10.542731285095215
Lmo7,0.0,0.0010018140310421586,-19.934907913208008,0.9979940091511154,-0.05797655135393143,-19.934907913208008,0.36167647049845647,-1.4156421422958374,-19.934907913208008,0.03729674018812709,-2.4911980628967285
Kctd12,0.010671915486454964,0.028892535716295242,-1.4500644207000732,0.5408835685232435,-1.113042950630188,-1.4500644207000732,0.15097896023668703,-1.9994839429855347,-1.4500644207000732,0.0037050956006200843,-3.325274705886841
Acod1,0.0013351078378036618,0.0010680563282221556,0.32216089963912964,0.9979940091511154,0.11025340855121613,0.32216089963912964,0.9758731507786261,0.20027746260166168,0.32216089963912964,0.9159412019410109,0.2663073241710663
Cln5,0.1050439178943634,0.14949190616607666,-0.5418171882629395,0.00018954855765029445,-4.241105079650879,-0.5418171882629395,0.0035835922280948247,-3.4869604110717773,-0.5418171882629395,4.404786688714365e-06,-5.008611679077148
Fbxl3,0.21599842607975006,0.21358440816402435,0.018018154427409172,0.5283275552762843,-1.1320122480392456,0.018018154427409172,0.9986957755882205,0.15470732748508453,0.018018154427409172,0.9505892571657193,0.21010643243789673
Mycbp2,0.6046057939529419,0.6158542037010193,-0.03552817180752754,0.9999289422503512,-8.905768481781706e-05,-0.03552817180752754,0.7974300392446152,-0.5186479091644287,-0.03552817180752754,0.6417916517874196,-0.6954178810119629
Scel,0.0,0.0,0.0,0.9979940091511154,0.11319231241941452,0.0,1.0,0.0,0.0,1.0,0.0
Slain1,0.23111309111118317,0.24577395617961884,-0.09972849488258362,0.12643873994036836,-2.0208969116210938,-0.09972849488258362,0.5196272646011879,-1.0250502824783325,-0.09972849488258362,0.2998680251013837,-1.356765866279602
Pou4f1,0.001546641462482512,0.0005743783549405634,1.429765224456787,0.9979940091511154,0.11043152958154678,1.429765224456787,0.6255390288044315,0.812116265296936,1.429765224456787,0.5270358034983987,0.8839107751846313
Rnf219,0.06792988628149033,0.06268259137868881,0.11980804800987244,0.21399600229211074,-1.7351999282836914,0.11980804800987244,0.7399001592946877,0.6169480085372925,0.11980804800987244,0.5797489497393623,0.7952967286109924
Rbm26,0.2798183262348175,0.27670878171920776,0.01846880279481411,0.8498356598604921,-0.6994590163230896,0.01846880279481411,0.9843605491744049,0.1839187890291214,0.01846880279481411,0.9281111967689263,0.24748706817626953
Ndfip2,0.4775680899620056,0.4513896405696869,0.10167340934276581,0.5654148103517849,1.0742137432098389,0.10167340934276581,0.41356135958397805,1.2894002199172974,0.10167340934276581,0.17306707957367248,1.7126224040985107
Spry2,0.029046272858977318,0.03191541135311127,-0.13798055052757263,0.9979940091511154,0.22887824475765228,-0.13798055052757263,0.9652285735304007,-0.22046133875846863,-0.13798055052757263,0.8630049760349547,-0.3506729304790497
Tpm3-rs7,0.12072920799255371,0.12131628394126892,-0.007430576253682375,0.10966364618125142,-2.091519594192505,-0.007430576253682375,1.0,-0.055016178637742996,-0.007430576253682375,1.0,-0.07220697402954102
Dct,0.00027296721236780286,0.0006004744209349155,-1.137608528137207,0.9979940091511154,0.05521576479077339,-1.137608528137207,0.810778839582503,-0.49651914834976196,-1.137608528137207,0.6075653366532664,-0.7494915127754211
Tgds,0.11988797783851624,0.13415753841400146,-0.17275215685367584,0.057510324335198,-2.394582986831665,-0.17275215685367584,0.45919296703945733,-1.2018382549285889,-0.17275215685367584,0.19244032019226673,-1.6503556966781616
Gpr180,0.0469791553914547,0.08660922944545746,-0.9114053845405579,1.6479858864835995e-06,-5.295369625091553,-0.9114053845405579,0.0001670738252462842,-4.3336405754089355,-0.9114053845405579,7.170496906035946e-09,-6.201231002807617
Abcc4,0.03765255957841873,0.05405416339635849,-0.5335794687271118,0.01084440243592515,-3.048978805541992,-0.5335794687271118,0.08955223502180688,-2.266857385635376,-0.5335794687271118,0.0056973056903765204,-3.183830738067627
Cldn10,0.00150930299423635,0.0,20.526540756225586,0.9979940091511154,0.22326761484146118,20.526540756225586,0.16233977412392428,1.9525469541549683,20.526540756225586,0.11795744667876565,1.9525469541549683
Dzip1,0.013460025191307068,0.009787552990019321,0.46231523156166077,0.9979940091511154,-0.22264420986175537,0.46231523156166077,0.5196272646011879,1.0426430702209473,0.46231523156166077,0.3295553030741547,1.2925699949264526
Dnajc3,0.7564191222190857,0.9423819184303284,-0.47003310918807983,1.6887362636490658e-11,-7.214562892913818,-0.47003310918807983,5.692162795727595e-13,-7.864274501800537,-0.47003310918807983,1.8551798485245666e-24,-10.705245971679688
Uggt2,0.000344789499649778,0.0,18.39560890197754,0.9979940091511154,0.14071114361286163,18.39560890197754,0.5196272646011879,1.0,18.39560890197754,0.46147875269036936,1.0
Mbnl2,0.1565917432308197,0.16238194704055786,-0.05667075514793396,0.09622869953962034,-2.1559975147247314,-0.05667075514793396,0.8704981918410879,-0.392866849899292,-0.05667075514793396,0.7403418783148769,-0.5411357283592224
Rap2a,0.07939529418945312,0.08120787888765335,-0.033891208469867706,0.04807007988473587,-2.4704601764678955,-0.033891208469867706,0.996159209124351,-0.1604972928762436,-0.033891208469867706,0.9464266847966497,-0.2172131985425949
Ipo5,0.39015406370162964,0.5709182024002075,-0.6900356411933899,1.053146492767841e-13,-7.903067588806152,-0.6900356411933899,5.03958665386381e-16,-8.844461441040039,-0.6900356411933899,1.7548861530163111e-31,-12.231392860412598
Farp1,0.047629404813051224,0.04181896150112152,0.19191767275333405,0.6089677448972141,-1.012229561805725,0.19191767275333405,0.5976811394955375,0.8583274483680725,0.19191767275333405,0.4195149195495177,1.1146514415740967
Stk24,0.953839123249054,0.8009389638900757,0.37827152013778687,2.4005993502962282e-09,6.460956573486328,0.37827152013778687,1.3695818265369401e-10,7.007835388183594,0.37827152013778687,6.190524215357245e-18,9.082148551940918
Slc15a1,0.00043162351357750595,0.0,18.719728469848633,0.9979940091511154,0.14071114361286163,18.719728469848633,0.5196272646011879,1.0,18.719728469848633,0.46147875269036936,1.0
Dock9,0.05474628508090973,0.055867694318294525,-0.030069561675190926,0.15635965569240934,-1.9099310636520386,-0.030069561675190926,1.0,-0.14024101197719574,-0.030069561675190926,0.9636820811243892,-0.18710845708847046
Ubac2,0.5709168910980225,0.5198395848274231,0.17539118230342865,0.024011782114050473,2.7538416385650635,0.17539118230342865,0.04846035235612475,2.5474586486816406,0.17539118230342865,0.003025746541116149,3.3862576484680176
Gpr18,0.37813788652420044,0.35188841819763184,0.12387870252132416,0.9723185999251115,0.5422722101211548,0.12387870252132416,0.38353427350701014,1.353455901145935,0.12387870252132416,0.1523648371458305,1.8151895999908447
Gpr183,0.6547805070877075,0.5650610327720642,0.28386181592941284,0.007331560595234364,3.18122935295105,0.28386181592941284,0.00618436692594365,3.3074140548706055,0.28386181592941284,3.679908396864462e-05,4.542880058288574
Timm8a2,0.003392664948478341,0.003245084546506405,0.06426923722028732,0.9984208920935209,0.020127035677433014,0.06426923722028732,1.0,0.06845023483037949,0.06426923722028732,1.0,0.0924750491976738
Tm9sf2,0.45299720764160156,0.5408108830451965,-0.32419055700302124,0.0004843258331711063,-3.9949495792388916,-0.32419055700302124,7.443687541098008e-05,-4.52585506439209,-0.32419055700302124,1.4432698488676697e-08,-6.082447052001953
Clybl,0.059456516057252884,0.08374641090631485,-0.5119229555130005,0.005370017779997683,-3.2854268550872803,-0.5119229555130005,0.055317117421164005,-2.4919309616088867,-0.5119229555130005,0.0013287922147958043,-3.629840135574341
Zic5,0.0006941692554391921,0.0,19.405431747436523,0.9979940091511154,0.16822996735572815,19.405431747436523,0.3621040251177201,1.4060685634613037,19.405431747436523,0.2815470607156283,1.4060685634613037
Pcca,0.051341306418180466,0.05157670006155968,-0.006770632229745388,0.27934832889178013,-1.5738273859024048,-0.006770632229745388,1.0,-0.03013579547405243,-0.006770632229745388,1.0,-0.04075610637664795
Ggact,0.0605255626142025,0.08229934424161911,-0.45922955870628357,0.009068062342899563,-3.110517740249634,-0.45922955870628357,0.07810683466350041,-2.3328189849853516,-0.45922955870628357,0.0038261625233110916,-3.3123085498809814
Tmtc4,0.050163790583610535,0.04611781984567642,0.1242639347910881,0.4124406276141744,-1.3150256872177124,0.1242639347910881,0.796762846371007,0.5197335481643677,0.1242639347910881,0.6527422658541098,0.6775332689285278
Gm10721,0.0,0.0,0.0,0.9979940091511154,0.11319231241941452,0.0,1.0,0.0,0.0,1.0,0.0
Gm10719,0.0,0.0,0.0,0.9979940091511154,0.11319231241941452,0.0,1.0,0.0,0.0,1.0,0.0
Gm10717,0.00038492196472361684,0.0,18.554487228393555,0.9979940091511154,0.14071114361286163,18.554487228393555,0.5196272646011879,1.0,18.554487228393555,0.46147875269036936,1.0
Alkbh8,0.07061324268579483,0.09910251200199127,-0.5098239779472351,0.0003498049418632039,-4.0829386711120605,-0.5098239779472351,0.02427155024386227,-2.8247597217559814,-0.5098239779472351,0.0003739024695314691,-3.9730963706970215
Cwf19l2,0.20776516199111938,0.23068325221538544,-0.16809488832950592,0.021166806236874967,-2.8021109104156494,-0.16809488832950592,0.34200828739515526,-1.4670722484588623,-0.16809488832950592,0.1092423092519086,-1.9913831949234009
Aasdhppt,0.19053713977336884,0.2580225467681885,-0.48792344331741333,2.5435977946708853e-05,-4.719344615936279,-0.48792344331741333,8.441659946672868e-05,-4.502106189727783,-0.48792344331741333,3.452061921573154e-09,-6.322371006011963
Kbtbd3,0.05543430894613266,0.042332880198955536,0.3985280990600586,0.9979940091511154,-0.3594368100166321,0.3985280990600586,0.27343300660499464,1.6264833211898804,0.3985280990600586,0.08267993935875986,2.130704402923584
Msantd4,0.06779097020626068,0.0836816355586052,-0.3154255151748657,0.00265805531386207,-3.508338451385498,-0.3154255151748657,0.2614311980238718,-1.6580240726470947,-0.3154255151748657,0.06273434567821143,-2.2606618404388428
Gria4,0.0,0.0,0.0,0.9979940091511154,0.11319231241941452,0.0,1.0,0.0,0.0,1.0,0.0
Casp1,0.3264158368110657,0.35915517807006836,-0.16285920143127441,0.1471980047946691,-1.942793369293213,-0.16285920143127441,0.3098864180102858,-1.5405246019363403,-0.16285920143127441,0.0784074043536968,-2.156250238418579
Casp4,0.2121509462594986,0.2139131873846054,-0.01325074303895235,0.060353141429845804,-2.3713388442993164,-0.01325074303895235,1.0,-0.10497278720140457,-0.01325074303895235,0.9945417790483922,-0.13793045282363892
Casp12,0.0011682298500090837,0.0007382815238088369,0.6623905301094055,0.9979940091511154,0.11043152958154678,0.6623905301094055,0.8544945863682147,0.4210807979106903,0.6623905301094055,0.7517238417819102,0.5238948464393616
Dync2h1,0.03653327003121376,0.04385341703891754,-0.26879411935806274,0.044958930494702176,-2.497711658477783,-0.26879411935806274,0.5100230865430104,-1.1069014072418213,-0.26879411935806274,0.26728761618044933,-1.4450452327728271
Dcun1d5,0.851420521736145,0.9677281379699707,-0.28117427229881287,1.0341856940860411e-05,-4.917675971984863,-0.28117427229881287,6.427722702831782e-07,-5.5463666915893555,-0.28117427229881287,1.9025581466343573e-12,-7.46331787109375
Mmp13,0.0003096452564932406,0.0,18.2404842376709,0.9979940091511154,0.14071114361286163,18.2404842376709,0.5196272646011879,1.0,18.2404842376709,0.46147875269036936,1.0
Mmp12,0.0002546208561398089,0.0,17.958179473876953,0.9979940091511154,0.14071114361286163,17.958179473876953,0.5196272646011879,1.0,17.958179473876953,0.46147875269036936,1.0
Mmp10,0.003317736554890871,0.0051336148753762245,-0.6310864686965942,0.9979940091511154,-0.2625420391559601,-0.6310864686965942,0.5998236543101463,-0.8548993468284607,-0.6310864686965942,0.35779479825518434,-1.2327420711517334
Mmp8,0.0,0.0020536610390990973,-20.971248626708984,0.9979940091511154,-0.05797655135393143,-20.971248626708984,0.40163284521806997,-1.3158279657363892,-20.971248626708984,0.05564653640377399,-2.3155484199523926
Tmem123,0.357513427734375,0.35313597321510315,0.021117951720952988,0.9979940091511154,0.07329447567462921,0.021117951720952988,0.9535327057895898,0.24318580329418182,0.021117951720952988,0.8792472416594472,0.32625719904899597
Birc2,0.7003350853919983,0.6964294910430908,0.011210422031581402,0.9979940091511154,0.5068272948265076,0.011210422031581402,0.9935137834336547,0.16535593569278717,0.011210422031581402,0.9422577106808957,0.2246502935886383
Birc3,0.18655085563659668,0.16636022925376892,0.18025106191635132,0.9979940091511154,-0.19423480331897736,0.18025106191635132,0.3598652272143954,1.4261317253112793,0.18025106191635132,0.12647119979763052,1.9154735803604126
Yap1,0.0016880162293091416,0.000545895250979811,1.6294548511505127,0.9979940091511154,0.19325517117977142,1.6294548511505127,0.40952832872213385,1.2980401515960693,1.6294548511505127,0.24170930518170097,1.509576678276062
Cfap300,0.0,0.002189766615629196,-21.063926696777344,0.9979940091511154,-0.22914542257785797,-21.063926696777344,0.1489650643499051,-2.007727861404419,-21.063926696777344,0.0018968011844542772,-3.533129930496216
Cep126,0.0,0.0008368053822778165,-19.675138473510742,0.9979940091511154,0.027607882395386696,-19.675138473510742,0.5196272646011879,-1.0,-19.675138473510742,0.16021537352752957,-1.759765386581421
Trpc6,0.0,0.0,0.0,0.9979940091511154,0.11319231241941452,0.0,1.0,0.0,0.0,1.0,0.0
Jrkl,0.0498264841735363,0.049307931214571,0.015470248647034168,0.2273476298958089,-1.6993986368179321,0.015470248647034168,1.0,0.06789403408765793,0.015470248647034168,1.0,0.08971241116523743
Ccdc82,0.3824237585067749,0.30853861570358276,0.36608049273490906,0.009958240073064097,3.0780115127563477,0.36608049273490906,0.00013256438669401107,4.378798007965088,0.36608049273490906,1.890968889937309e-07,5.624298572540283
Maml2,0.08526230603456497,0.07955087721347809,0.10420665889978409,0.9003238716589914,-0.6364061832427979,0.10420665889978409,0.8182056221371288,0.4835808277130127,0.10420665889978409,0.6459926070613947,0.6885955929756165
Mtmr2,0.19471317529678345,0.15609024465084076,0.3476446866989136,0.9979940091511154,0.2927325963973999,0.3476446866989136,0.011475004508722,3.093879222869873,0.3476446866989136,0.0004725639389497783,3.913193702697754
Cep57,0.657058596611023,0.545103907585144,0.35829055309295654,3.830420227763612e-05,4.625923156738281,0.35829055309295654,1.252507128717356e-06,5.40623140335083,0.35829055309295654,4.1042004153799974e-11,7.023221969604492
Fam76b,0.36241427063941956,0.3219777047634125,0.20150811970233917,0.6032115598437778,1.0203338861465454,0.20150811970233917,0.09096494866872931,2.258040189743042,0.20150811970233917,0.01127846741208596,2.9511144161224365
Sesn3,0.17877797782421112,0.1437571793794632,0.34047579765319824,0.9979940091511154,-0.16431142389774323,0.34047579765319824,0.05899999361180341,2.4601526260375977,0.34047579765319824,0.005140037794661076,3.2167603969573975
Endod1,0.1448678970336914,0.1830027848482132,-0.36538758873939514,0.00038635459489460937,-4.056399345397949,-0.36538758873939514,0.018811912487198476,-2.9182300567626953,-0.36538758873939514,0.000354733630265432,-3.9876179695129395
Kdm4d,0.005275913048535585,0.0058967298828065395,-0.16094256937503815,0.9979940091511154,0.18506185710430145,-0.16094256937503815,1.0,-0.15152351558208466,-0.16094256937503815,0.9331901953571681,-0.23935572803020477
Cwc15,1.2044697999954224,1.2404954433441162,-0.07367275655269623,0.7148881154678953,-0.8723199963569641,-0.07367275655269623,0.1970071159256357,-1.8397555351257324,-0.07367275655269623,0.046373541457006937,-2.3939316272735596
Amotl1,0.004950542468577623,0.005011613946408033,-0.017732828855514526,0.9979940091511154,-0.12254337221384048,-0.017732828855514526,1.0,-0.024746840819716454,-0.017732828855514526,1.0,-0.03307195380330086
Piwil4,0.0,0.0,0.0,0.9979940091511154,0.11319231241941452,0.0,1.0,0.0,0.0,1.0,0.0
Fut4,0.0007950513390824199,0.0023658359423279762,-1.5743622779846191,0.9979940091511154,-0.1733953058719635,-1.5743622779846191,0.47084888366869015,-1.1793638467788696,-1.5743622779846191,0.16466543180259774,-1.7433772087097168
1700012B09Rik,0.0,0.0,0.0,0.9979940091511154,0.11319231241941452,0.0,1.0,0.0,0.0,1.0,0.0
Ankrd49,0.1442270576953888,0.20052658021450043,-0.5172293186187744,6.244189246097319e-07,-5.48408317565918,-0.5172293186187744,0.0002776389087595341,-4.196332931518555,-0.5172293186187744,9.47560406722006e-08,-5.748098373413086
Mre11a,0.2270803302526474,0.24507273733615875,-0.12349619716405869,0.06122360174812756,-2.3644814491271973,-0.12349619716405869,0.4454187324862756,-1.227333664894104,-0.12349619716405869,0.19969638800465844,-1.6273226737976074
Gpr83,0.0004266745818313211,0.0,18.703086853027344,0.9979940091511154,0.14071114361286163,18.703086853027344,0.5196272646011879,1.0,18.703086853027344,0.46147875269036936,1.0
Izumo1r,0.01274038851261139,0.003713630372658372,1.7850271463394165,0.9979940091511154,0.43673887848854065,1.7850271463394165,0.026830527137846297,2.7806215286254883,1.7850271463394165,0.0069445090003295296,3.1199891567230225
Panx1,0.3291999399662018,0.39082062244415283,-0.29465365409851074,0.0012893525321822647,-3.7244813442230225,-0.29465365409851074,0.0017462792456736046,-3.6943600177764893,-0.29465365409851074,8.499436897587152e-06,-4.871724605560303
Hephl1,0.00025294936494901776,0.0007513042073696852,-1.5709043741226196,0.9979940091511154,0.05521576479077339,-1.5709043741226196,0.7338293335222018,-0.628646194934845,-1.5709043741226196,0.46147875269036936,-1.0042574405670166
Med17,0.18738815188407898,0.22475512325763702,-0.29020407795906067,0.003871780042337873,-3.3911383152008057,-0.29020407795906067,0.05057522614905045,-2.5302364826202393,-0.29020407795906067,0.0021162226461850088,-3.494337558746338
4931406C07Rik,0.026721328496932983,0.036407504230737686,-0.45326781272888184,0.11159915309513509,-2.0825247764587402,-0.45326781272888184,0.3144035544059504,-1.529996633529663,-0.45326781272888184,0.08040827898860811,-2.144183874130249
Taf1d,0.6804526448249817,0.7454975843429565,-0.18415740132331848,0.018934603500803938,-2.8458383083343506,-0.18415740132331848,0.016625362064976036,-2.963669776916504,-0.18415740132331848,0.00032654759313726874,-4.009028911590576
Cep295,0.29470089077949524,0.23803307116031647,0.35077914595603943,0.38696928460919766,1.3590202331542969,0.35077914595603943,0.00477135721445697,3.3872697353363037,0.35077914595603943,8.167953059895639e-05,4.356517314910889
Smco4,0.2335699051618576,0.2540263533592224,-0.13647890090942383,0.02297429107540427,-2.771207809448242,-0.13647890090942383,0.4160126094972398,-1.2839620113372803,-0.13647890090942383,0.17392735321412567,-1.7092325687408447
Slc36a4,0.009063995443284512,0.01397900003939867,-0.6285942196846008,0.5662322086889924,-1.0724326372146606,-0.6285942196846008,0.40462127704715584,-1.3081010580062866,-0.6285942196846008,0.16021537352752957,-1.7719162702560425
Chordc1,0.5073694586753845,0.6860865354537964,-0.5770151615142822,1.1532616447810362e-12,-7.587002277374268,-0.5770151615142822,3.9711644437193565e-15,-8.543889999389648,-0.5770151615142822,2.749297499049068e-28,-11.562307357788086
Naalad2,0.0003387925971765071,0.0004883449873887002,-0.5276049971580505,0.9979940091511154,0.05521576479077339,-0.5276049971580505,0.9496211165468423,-0.2516201436519623,-0.5276049971580505,0.8695601605136427,-0.34149205684661865
Zfp558,0.00036403629928827286,0.001355651649646461,-1.8975448608398438,0.9979940091511154,-0.0302796121686697,-1.8975448608398438,0.5400302909538294,-0.9639087319374084,-1.8975448608398438,0.24166629739749113,-1.5096105337142944
Olfr839-ps1,0.0,0.0,0.0,0.9979940091511154,0.11319231241941452,0.0,1.0,0.0,0.0,1.0,0.0
Zfp317,0.050528883934020996,0.04845358431339264,0.062014203518629074,0.1789775792659773,-1.834321141242981,0.062014203518629074,0.9309257565926842,0.28402280807495117,0.062014203518629074,0.8540490045241658,0.3650623857975006
Olfr77,0.005178125575184822,0.01073305681347847,-1.055571436882019,0.7499483462179628,-0.8257428407669067,-1.055571436882019,0.21311044633313475,-1.795570731163025,-1.055571436882019,0.02412062302536498,-2.667318820953369
Zfp560,0.15608888864517212,0.17689207196235657,-0.19592422246932983,0.004432168164042039,-3.3486578464508057,-0.19592422246932983,0.32016157069004036,-1.5151252746582031,-0.19592422246932983,0.09570873001028289,-2.0592737197875977
Zfp26,0.07512686401605606,0.07764153182506561,-0.04933667555451393,0.10641140503423636,-2.1059470176696777,-0.04933667555451393,0.9427214473732196,-0.2626180052757263,-0.04933667555451393,0.8593613777851824,-0.35615837574005127
Zfp426,0.07959830015897751,0.07488679140806198,0.09146888554096222,0.2757547623076147,-1.5821987390518188,0.09146888554096222,0.8115079340023363,0.49517059326171875,0.09146888554096222,0.6673640196310691,0.6538832187652588
Zfp266,0.19076496362686157,0.21219462156295776,-0.16956880688667297,0.019335575003520566,-2.8371996879577637,-0.16956880688667297,0.2956184838186587,-1.5745775699615479,-0.16956880688667297,0.08894177059763837,-2.0956900119781494
Zfp846,0.048257727175951004,0.03195328265428543,0.606635570526123,0.9979940091511154,0.10865037143230438,0.606635570526123,0.05702842094364231,2.474720001220703,0.606635570526123,0.0066235986300286764,3.1341421604156494
Fbxl12,0.10875535756349564,0.11130484193563461,-0.03530265763401985,0.16753174980614224,-1.8711018562316895,-0.03530265763401985,0.9679021776144505,-0.21439038217067719,-0.03530265763401985,0.8971460340410217,-0.2960042655467987
Ubl5,1.6829577684402466,1.5435996055603027,0.25114911794662476,5.233660753870535e-13,7.692535400390625,0.25114911794662476,1.7825382175962674e-09,6.625179767608643,0.25114911794662476,6.784076118578355e-19,9.330038070678711
Pin1,0.642249345779419,0.6652155518531799,-0.06904756277799606,0.8452196237059627,-0.704891562461853,-0.06904756277799606,0.4988379552301287,-1.1267839670181274,-0.06904756277799606,0.23433533873324702,-1.5302704572677612
Olfm2,0.00023122367565520108,0.0006120030884630978,-1.4045206308364868,0.9979940091511154,0.05521576479077339,-1.4045206308364868,0.7608562669011774,-0.5820300579071045,-1.4045206308364868,0.5115393902505138,-0.911769688129425
Col5a3,0.0002488924656063318,0.0010087740374729037,-2.019552230834961,0.9979940091511154,-0.0302796121686697,-2.019552230834961,0.5196272646011879,-1.007054328918457,-2.019552230834961,0.2091824521583889,-1.599134087562561
Shfl,0.04372401908040047,0.061487603932619095,-0.5047957897186279,0.0045786512803164675,-3.3379709720611572,-0.5047957897186279,0.09843980329955447,-2.2208240032196045,-0.5047957897186279,0.007862776405942174,-3.07647442817688
Angptl6,0.018298538401722908,0.021459735929965973,-0.232191801071167,0.4178503968582442,-1.3055856227874756,-0.232191801071167,0.6818088056998384,-0.7167320251464844,-0.232191801071167,0.4870198096316306,-0.9532175660133362
Ppan,0.09688375145196915,0.17552298307418823,-0.9153468608856201,9.661676846698405e-11,-6.960035800933838,-0.9153468608856201,5.653928084777858e-08,-6.024015426635742,-0.9153468608856201,1.5016662383285749e-16,-8.689566612243652
Eif3g,0.6095433831214905,0.7490950226783752,-0.40939468145370483,7.616440890567969e-08,-5.87148380279541,-0.40939468145370483,4.304514456442221e-10,-6.839479446411133,-0.40939468145370483,2.0875575311019747e-18,-9.20272445678711
Dnmt1,1.073606014251709,1.0626094341278076,0.024171173572540283,0.7970090210646135,0.765807032585144,0.024171173572540283,0.8706020760747049,0.3923131227493286,0.024171173572540283,0.7469332840609834,0.5309481024742126
S1pr2,0.04059629887342453,0.035604771226644516,0.19290098547935486,0.6599947634884988,-0.944723904132843,0.19290098547935486,0.674969949602957,0.7281731963157654,0.19290098547935486,0.4812024697032626,0.9645883440971375
Mrpl4,0.61726975440979,0.7047353982925415,-0.2611742913722992,0.0020269539821966207,-3.590182304382324,-0.2611742913722992,0.00017010542663150368,-4.320826530456543,-0.2611742913722992,7.254817974374213e-08,-5.797968864440918
Icam1,0.3245026469230652,0.3322522044181824,-0.03994390368461609,0.042645898734568526,-2.5201542377471924,-0.03994390368461609,0.882435642262599,-0.3727424740791321,-0.03994390368461609,0.7741452287028154,-0.48991459608078003
Icam4,0.0028784458991140127,0.0060789929702878,-1.0808525085449219,0.9944210829868714,-0.5160892605781555,-1.0808525085449219,0.344863192117453,-1.4612674713134766,-1.0808525085449219,0.08893696310062643,-2.095747470855713
Icam5,0.00036738294875249267,0.002382760401815176,-2.698728084564209,0.9979940091511154,-0.11577498912811279,-2.698728084564209,0.3759875419384273,-1.3701879978179932,-2.698728084564209,0.06182901703187029,-2.2674636840820312
Zglp1,0.0,0.0,0.0,0.9979940091511154,0.11319231241941452,0.0,1.0,0.0,0.0,1.0,0.0
Gm49373,0.00047547457506880164,0.0,18.85935401916504,0.9979940091511154,0.14071114361286163,18.85935401916504,0.5196272646011879,1.0,18.85935401916504,0.46147875269036936,1.0
Gm38431,0.001154791098088026,0.0013256127713248134,-0.19915065169334412,0.9979940091511154,0.025114266201853752,-0.19915065169334412,1.0,-0.14678524434566498,-0.19915065169334412,0.958371244177211,-0.19655723869800568
Fdx2,0.0,0.0,0.0,0.9979940091511154,0.11319231241941452,0.0,1.0,0.0,0.0,1.0,0.0
Raver1,0.005169199779629707,0.004784080199897289,0.11197733134031296,0.9979940091511154,-0.17642326653003693,0.11197733134031296,0.9893954048269488,0.17425954341888428,0.11197733134031296,0.9422577106808957,0.22472409904003143
Tyk2,0.14655618369579315,0.1358814686536789,0.11698659509420395,0.940619174341935,-0.5829715728759766,0.11698659509420395,0.6322206891939182,0.8011013865470886,0.11698659509420395,0.4245446245494382,1.1050684452056885
Cdc37,1.0424472093582153,1.1499515771865845,-0.23303855955600739,8.197728154001341e-05,-4.447362422943115,-0.23303855955600739,7.950849746965902e-06,-5.030246734619141,-0.23303855955600739,2.540287407327187e-10,-6.740614414215088
Pde4a,0.030085844919085503,0.04787802696228027,-0.683196485042572,0.02091851998024895,-2.8065638542175293,-0.683196485042572,0.03494932505280874,-2.6832475662231445,-0.683196485042572,0.0008240104550721148,-3.7627792358398438
Keap1,0.39539840817451477,0.4056219160556793,-0.044694263488054276,0.7745526709223348,-0.7938601970672607,-0.044694263488054276,0.7711141980029017,-0.5641605257987976,-0.044694263488054276,0.6115621960071786,-0.7425730228424072
S1pr5,0.04206626117229462,0.04408964514732361,-0.06924653053283691,0.6195391713306964,-0.998514711856842,-0.06924653053283691,0.9774739132950045,-0.1957697719335556,-0.06924653053283691,0.912677152139311,-0.2715170979499817
Atg4d,0.2706529498100281,0.25742870569229126,0.08222966641187668,0.885666831310101,-0.6544849276542664,0.08222966641187668,0.5771408539533968,0.895216166973114,0.08222966641187668,0.39997660159719717,1.1512759923934937
Kri1,0.17027105391025543,0.17600858211517334,-0.05207056179642677,0.09129811435858924,-2.180666446685791,-0.05207056179642677,0.8404621583534336,-0.44553348422050476,-0.05207056179642677,0.708786350016082,-0.5901845693588257
Cdkn2d,1.2064393758773804,0.820142924785614,0.8817083835601807,3.964487691899595e-37,13.176084518432617,0.8817083835601807,1.8890407435855374e-39,14.676773071289062,0.8817083835601807,1.2375633880563482e-78,20.0667724609375
Ap1m2,0.006777101196348667,0.008693736977875233,-0.36069244146347046,0.9979940091511154,-0.48518624901771545,-0.36069244146347046,0.7189461943863125,-0.6532127857208252,-0.36069244146347046,0.524931125216187,-0.8879638910293579
Slc44a2,0.465135395526886,0.35348448157310486,0.482021689414978,3.064341615339634e-05,4.67606258392334,0.482021689414978,6.843118965483259e-08,5.953582763671875,0.482021689414978,4.734354513444541e-13,7.660828590393066
Ilf3,0.3064004182815552,0.29586559534072876,0.05845636874437332,0.9979940091511154,-0.07186955213546753,0.05845636874437332,0.7125179619696338,0.662923276424408,0.05845636874437332,0.5336640472929768,0.8724446892738342
Qtrt1,0.08421525359153748,0.1284724622964859,-0.6417961716651917,8.671090118239608e-06,-4.955258369445801,-0.6417961716651917,0.0002688312395517255,-4.209876537322998,-0.6417961716651917,2.217672487251783e-08,-6.0057783126831055
Dnm2,0.5612198114395142,0.6144534349441528,-0.17287863790988922,0.16636050922783974,-1.875287652015686,-0.17287863790988922,0.03968144829748022,-2.6301724910736084,-0.17287863790988922,0.0016718068353103865,-3.5643608570098877
Tmed1,0.050284434109926224,0.05843436345458031,-0.22263745963573456,0.035623909642382136,-2.594606399536133,-0.22263745963573456,0.5036469399115193,-1.1179649829864502,-0.22263745963573456,0.2507648386637524,-1.4854270219802856
AB124611,0.1489066481590271,0.13988804817199707,0.09679760783910751,0.9624145595308172,-0.5567886233329773,0.09679760783910751,0.7885495824016137,0.53411865234375,0.09679760783910751,0.596745709892194,0.7686713933944702
Carm1,0.06463675200939178,0.09361136704683304,-0.5555053353309631,0.0005443361970101765,-3.9627997875213623,-0.5555053353309631,0.009009838023839567,-3.181605100631714,-0.5555053353309631,6.329312637495861e-05,-4.415832996368408
Yipf2,0.03239860385656357,0.046592358499765396,-0.5344677567481995,0.023677601605305222,-2.759897470474243,-0.5344677567481995,0.09593157030210751,-2.2345149517059326,-0.5344677567481995,0.007902038513271266,-3.0748679637908936
Timm29,0.07419785112142563,0.09152692556381226,-0.31549137830734253,0.005038609151591422,-3.3067116737365723,-0.31549137830734253,0.24137251224377596,-1.7146884202957153,-0.31549137830734253,0.05055242026556214,-2.355715274810791
Smarca4,0.6105356812477112,0.6368293762207031,-0.08175710588693619,0.8572566406487989,-0.6908204555511475,-0.08175710588693619,0.4141820355209527,-1.2879891395568848,-0.08175710588693619,0.16916898008529604,-1.7274112701416016
Ldlr,0.0363754965364933,0.03734440356492996,-0.038628410547971725,0.5867681005693777,-1.0437560081481934,-0.038628410547971725,1.0,-0.11712244898080826,-0.038628410547971725,0.9789309053160019,-0.16402849555015564
Spc24,1.214461088180542,0.913867175579071,0.6648300886154175,1.9295658005335084e-28,11.490311622619629,0.6648300886154175,8.018318443297113e-29,12.325691223144531,0.6648300886154175,6.230277556167566e-61,17.411067962646484
Kank2,0.0,0.0,0.0,0.9979940091511154,0.11319231241941452,0.0,1.0,0.0,0.0,1.0,0.0
Dock6,0.0016580010997131467,0.0019515716703608632,-0.23540322482585907,0.9984208920935209,-0.004630999639630318,-0.23540322482585907,0.9666813042360577,-0.21716417372226715,-0.23540322482585907,0.8955621115347155,-0.29854992032051086
Rab3d,0.03440581262111664,0.03720395639538765,-0.11483433097600937,0.5283254316617826,-1.13210129737854,-0.11483433097600937,0.884681152387683,-0.36798739433288574,-0.11483433097600937,0.7546371514511045,-0.518546998500824
Tmem205,0.00984859000891447,0.020335495471954346,-1.053594708442688,0.22533886258378055,-1.7050983905792236,-1.053594708442688,0.046105055097279135,-2.57007098197937,-1.053594708442688,0.0010356542979466084,-3.6989691257476807
Ccdc159,0.0,0.0006730489549227059,-19.36083984375,0.9979940091511154,0.027607882395386696,-19.36083984375,0.5196272646011879,-1.0,-19.36083984375,0.16021537352752957,-1.759765386581421
Plppr2,0.00043146032840013504,0.0006219209171831608,-0.527639627456665,0.9979940091511154,0.05521576479077339,-0.527639627456665,0.9496211165468423,-0.2516223192214966,-0.527639627456665,0.8695601605136427,-0.3414953351020813
Swsap1,0.018339671194553375,0.012659410946071148,0.538865327835083,0.9979940091511154,-0.1521105170249939,0.538865327835083,0.3627945929782623,1.4023323059082031,0.538865327835083,0.16529055139209503,1.7413524389266968
Epor,0.0,0.0,0.0,0.9979940091511154,0.11319231241941452,0.0,1.0,0.0,0.0,1.0,0.0
Ccdc151,0.0,0.0005904225399717689,-19.171815872192383,0.9979940091511154,0.027607882395386696,-19.171815872192383,0.5196272646011879,-1.0,-19.171815872192383,0.16021537352752957,-1.759765386581421
Prkcsh,0.4784087538719177,0.5572131872177124,-0.28171485662460327,0.006674263023542211,-3.213735580444336,-0.28171485662460327,0.0004964279798184677,-4.041396141052246,-0.28171485662460327,5.575137965938669e-07,-5.4170427322387695
Elavl3,0.0,0.0,0.0,0.9979940091511154,0.11319231241941452,0.0,1.0,0.0,0.0,1.0,0.0
Zfp653,0.043000418692827225,0.030884118750691414,0.48627927899360657,0.955706941343293,-0.5644475817680359,0.48627927899360657,0.1494215300387459,2.0005292892456055,0.48627927899360657,0.03950770268182931,2.4630448818206787
Ecsit,0.17421379685401917,0.22397544980049133,-0.39956751465797424,9.650766723337579e-05,-4.408355236053467,-0.39956751465797424,0.0030881033131156034,-3.5291924476623535,-0.39956751465797424,8.738650046009396e-06,-4.864633560180664
Cnn1,0.0,0.0,0.0,0.9979940091511154,0.11319231241941452,0.0,1.0,0.0,0.0,1.0,0.0
Elof1,0.7613982558250427,0.7429489493370056,0.05034927651286125,0.43537266856955836,1.275840401649475,0.05034927651286125,0.599301239716979,0.8556186556816101,0.05034927651286125,0.3904791091968502,1.1690011024475098
Acp5,0.7034061551094055,0.6202613115310669,0.2480260282754898,0.0025098086810837125,3.5271294116973877,0.2480260282754898,0.003241221684056261,3.5117406845092773,0.2480260282754898,2.089587541948929e-05,4.671917915344238
Pigyl,0.31730371713638306,0.3063754141330719,0.058856215327978134,0.9979940091511154,0.19797523319721222,0.058856215327978134,0.6962848605761371,0.6922237873077393,0.058856215327978134,0.510352687407632,0.913771390914917
Zfp809,0.06018933281302452,0.05065887048840523,0.25563111901283264,0.7252866472094586,-0.8581598401069641,0.25563111901283264,0.4261310597844472,1.2644858360290527,0.25563111901283264,0.19661076665026592,1.6371674537658691
Zfp599,0.02771689184010029,0.016743332147598267,0.7351239323616028,0.9979940091511154,-0.18479469418525696,0.7351239323616028,0.06966019227950719,2.384500026702881,0.7351239323616028,0.015053462482016848,2.8464391231536865
Zfp810,0.02445404790341854,0.013448121026158333,0.8706327080726624,0.9979940091511154,0.14320474863052368,0.8706327080726624,0.039548685498784715,2.6284618377685547,0.8706327080726624,0.006414084866856199,3.145479917526245
Anln,0.24553172290325165,0.14917320013046265,0.7907136082649231,0.015279923488818969,2.924298048019409,0.7907136082649231,1.8280934334000771e-09,6.56812047958374,0.7907136082649231,1.828761204410126e-14,8.10345458984375
Rp9,0.8631282448768616,0.9213303327560425,-0.1422894150018692,0.05483449155421409,-2.414442777633667,-0.1422894150018692,0.022519658701271365,-2.8507564067840576,-0.1422894150018692,0.0007468368931264675,-3.7897047996520996
9530077C05Rik,0.008319767192006111,0.012035981751978397,-0.535423994064331,0.8435109045643416,-0.7072961330413818,-0.535423994064331,0.5004571754016284,-1.1243878602981567,-0.535423994064331,0.22233717564746244,-1.562918782234192
Bbs9,0.025268394500017166,0.03242930769920349,-0.36515456438064575,0.16095987666116418,-1.8939896821975708,-0.36515456438064575,0.46607688573691924,-1.1881307363510132,-0.36515456438064575,0.1980662571284209,-1.6326475143432617
Dpy19l1,0.2988068759441376,0.35321900248527527,-0.28272825479507446,0.005816892714595758,-3.259243965148926,-0.28272825479507446,0.01394163782622135,-3.028963565826416,-0.28272825479507446,0.00018597282440088034,-4.153522491455078
Herpud2,0.1920129656791687,0.18116043508052826,0.09200753271579742,0.32128514681648784,-1.4859274625778198,0.09200753271579742,0.6351681502401889,0.7945069670677185,0.09200753271579742,0.46147875269036936,1.030573844909668
Sept7,1.6963897943496704,1.6175708770751953,0.14052149653434753,0.05887174667667444,2.3838069438934326,0.14052149653434753,0.009895201035775934,3.1521310806274414,0.14052149653434753,2.7944189682836494e-05,4.605349540710449
Eepd1,0.0022209524177014828,0.0028755858074873686,-0.3731497526168823,0.9979940091511154,-0.14694517850875854,-0.3731497526168823,0.8617203929058307,-0.40830838680267334,-0.3731497526168823,0.7380051029281498,-0.5451680421829224
Acad8,0.0563427172601223,0.061857204884290695,-0.13872969150543213,0.15688888072592683,-1.9077045917510986,-0.13872969150543213,0.7266407139513704,-0.639640748500824,-0.13872969150543213,0.5226933028214542,-0.8921966552734375
Thyn1,0.2127077728509903,0.3104231357574463,-0.6189191937446594,1.4556450387862322e-08,-6.163147926330566,-0.6189191937446594,2.0552508906380672e-08,-6.1990509033203125,-0.6189191937446594,1.599164134258626e-16,-8.682319641113281
Vps26b,0.16145162284374237,0.19666992127895355,-0.3108370006084442,0.00048444023285589287,-3.9947714805603027,-0.3108370006084442,0.031056163540448028,-2.728365898132324,-0.3108370006084442,0.00117521811859356,-3.6640191078186035
Ncapd3,0.6857922673225403,0.568225085735321,0.36492037773132324,0.0003243506180815543,4.102976322174072,0.36492037773132324,2.780143617535102e-06,5.244189262390137,0.36492037773132324,2.6089956049080927e-10,6.739706993103027
Jam3,0.001555051188915968,0.00298728933557868,-0.942907989025116,0.9979940091511154,-0.20305152237415314,-0.942907989025116,0.5772963144969817,-0.8951343894004822,-0.942907989025116,0.35232859618806445,-1.2443788051605225
Igsf9b,0.0,0.0,0.0,0.9979940091511154,0.11319231241941452,0.0,1.0,0.0,0.0,1.0,0.0
Opcml,0.0004997640498913825,0.0,18.931251525878906,0.9979940091511154,0.16822996735572815,18.931251525878906,0.36167647049845647,1.4092183113098145,18.931251525878906,0.28051786996259825,1.4092183113098145
Ntm,0.0,0.0,0.0,0.9979940091511154,0.11319231241941452,0.0,1.0,0.0,0.0,1.0,0.0
Snx19,0.04858950898051262,0.059738028794527054,-0.30611923336982727,0.009784730224134636,-3.084423780441284,-0.30611923336982727,0.3675868008544727,-1.3884471654891968,-0.30611923336982727,0.1385754272844296,-1.8669151067733765
Zbtb44,0.08293907344341278,0.08814657479524612,-0.09166237711906433,0.011780934279824209,-3.019411563873291,-0.09166237711906433,0.7780124260618596,-0.550510585308075,-0.09166237711906433,0.6320412954109,-0.7100240588188171
St14,0.06468243151903152,0.06742385774850845,-0.06188449636101723,0.07207807017915563,-2.2916321754455566,-0.06188449636101723,0.9023188894921325,-0.3365767002105713,-0.06188449636101723,0.8048969223683683,-0.44282418489456177
Aplp2,0.32699480652809143,0.3019203543663025,0.13413335382938385,0.9979940091511154,0.2759006917476654,0.13413335382938385,0.39343094720951316,1.3324652910232544,0.13413335382938385,0.16002793098820192,1.788333773612976
Prdm10,0.04926574230194092,0.050391506403684616,-0.033414583653211594,0.156431313530473,-1.909396767616272,-0.033414583653211594,0.9988119161516746,-0.15439461171627045,-0.033414583653211594,0.9549798416462887,-0.20180848240852356
Nfrkb,0.24097801744937897,0.23839335143566132,0.017496252432465553,0.865811995871606,-0.6783523559570312,0.017496252432465553,0.9968804925595617,0.15848852694034576,0.017496252432465553,0.9463883712284696,0.21742309629917145
Arhgap32,0.001128391595557332,0.0015665075043216348,-0.47359979152679443,0.9979940091511154,-0.06020299345254898,-0.47359979152679443,0.8709791679072761,-0.3914150893688202,-0.47359979152679443,0.7517907523824424,-0.5237289071083069
Kcnj1,0.0009472359088249505,0.0011328569380566478,-0.258303701877594,0.9979940091511154,0.025114266201853752,-0.258303701877594,0.9807703415752155,-0.18953508138656616,-0.258303701877594,0.9208793960415814,-0.25806355476379395
Fli1,0.5984949469566345,0.5301738381385803,0.22876772284507751,0.003762711055095161,3.4002223014831543,0.22876772284507751,0.003963202879817077,3.4492549896240234,0.22876772284507751,3.066192325220836e-05,4.584794998168945
Ets1,1.4707577228546143,1.3109664916992188,0.30708715319633484,1.2645405991133754e-11,7.254994869232178,0.30708715319633484,1.0702712608715565e-09,6.696109771728516,0.30708715319633484,3.841840569541054e-18,9.129460334777832
St3gal4,0.3069501519203186,0.26553139090538025,0.24042268097400665,0.18144754848560468,1.8266620635986328,0.24042268097400665,0.05743650618395288,2.4728171825408936,0.24042268097400665,0.0036392423466628187,3.3288393020629883
Dcps,0.6281859278678894,0.6269232034683228,0.003908324521034956,0.9979940091511154,0.354983925819397,0.003908324521034956,1.0,0.06427551060914993,0.003908324521034956,1.0,0.08530126512050629
Tirap,0.01808987185359001,0.02545793354511261,-0.49826744198799133,0.37933557692263153,-1.3738038539886475,-0.49826744198799133,0.413334656497292,-1.290196180343628,-0.49826744198799133,0.14730681480283478,-1.8337382078170776
Srpr,0.4629896879196167,0.5614173412322998,-0.35512882471084595,6.722410725575332e-06,-5.009850978851318,-0.35512882471084595,2.3623165546803423e-06,-5.284663200378418,-0.35512882471084595,3.5740317369486296e-11,-7.0425825119018555
Foxred1,0.09302511066198349,0.11297745257616043,-0.2949824333190918,0.000570150342231798,-3.9497971534729004,-0.2949824333190918,0.16958357059664445,-1.9287841320037842,-0.2949824333190918,0.029617289847115796,-2.58591365814209
Fam118b,0.09677267074584961,0.08612886071205139,0.17589783668518066,0.33243250177229117,-1.46428644657135,0.17589783668518066,0.48984074607921163,1.144176959991455,0.17589783668518066,0.2560494893214966,1.472374439239502
Rpusd4,0.0925195962190628,0.09603433310985565,-0.05636649578809738,0.05427168764521526,-2.4189846515655518,-0.05636649578809738,0.8908089688638671,-0.357649028301239,-0.05636649578809738,0.7853967569441157,-0.4721945524215698
Cdon,0.0176730677485466,0.025125157088041306,-0.5129749774932861,0.31063123284525146,-1.508280873298645,-0.5129749774932861,0.33768063882070853,-1.4760277271270752,-0.5129749774932861,0.10030410197698193,-2.0356647968292236
Ddx25,0.0013217960949987173,0.002504015574231744,-0.9225965738296509,0.9979940091511154,-0.11782331019639969,-0.9225965738296509,0.6163375649807715,-0.8272268772125244,-0.9225965738296509,0.37544047641394185,-1.1970065832138062
Pus3,0.038434479385614395,0.07182569056749344,-0.926406741142273,6.543650366262837e-05,-4.500441074371338,-0.926406741142273,0.00019445591325916456,-4.294651031494141,-0.926406741142273,1.0643916772010126e-08,-6.133597373962402
Hyls1,0.1717548370361328,0.11952928453683853,0.5615733861923218,0.6267369038362143,0.9880059361457825,0.5615733861923218,6.552298683153448e-05,4.545510292053223,0.5615733861923218,2.1182721510518963e-07,5.605655193328857
Pate2,0.0015729492297396064,0.00280788098461926,-0.8369004130363464,0.9979940091511154,-0.062429435551166534,-0.8369004130363464,0.597307318340184,-0.8592866063117981,-0.8369004130363464,0.3586083062282793,-1.2309807538986206
Acrv1,0.00025005111820064485,0.0,17.932048797607422,0.9979940091511154,0.14071114361286163,17.932048797607422,0.5196272646011879,1.0,17.932048797607422,0.46147875269036936,1.0
Chek1,0.10691719502210617,0.16357558965682983,-0.6552550196647644,4.1781227248859596e-07,-5.560761451721191,-0.6552550196647644,0.00013278074826368386,-4.389540672302246,-0.6552550196647644,9.042958007124968e-09,-6.161973476409912
Stt3a,0.4333065152168274,0.48894166946411133,-0.21748024225234985,0.031086112526343277,-2.651158094406128,-0.21748024225234985,0.015610447538827186,-2.986520290374756,-0.21748024225234985,0.00027638211624208696,-4.052353858947754
Ei24,0.28402087092399597,0.306674599647522,-0.1278560906648636,0.20322874243257358,-1.7644999027252197,-0.1278560906648636,0.35067413042929213,-1.446210503578186,-0.1278560906648636,0.12427417456518171,-1.9242812395095825
Pknox2,0.0,0.0,0.0,0.9979940091511154,0.11319231241941452,0.0,1.0,0.0,0.0,1.0,0.0
Tmem218,0.04481394216418266,0.04242792725563049,0.08066720515489578,0.41244393670277496,-1.314936637878418,0.08066720515489578,0.9050721279884251,0.33165210485458374,0.08066720515489578,0.8109728186098157,0.433379203081131
Slc37a2,0.016109947115182877,0.015121052041649818,0.09210849553346634,0.9220778598270136,-0.6086202263832092,0.09210849553346634,0.9666813042360577,0.21694616973400116,0.09210849553346634,0.9061984966791614,0.28142863512039185
Ccdc15,0.07370869070291519,0.07243899255990982,0.025995610281825066,0.1353690340335361,-1.9854519367218018,0.025995610281825066,1.0,0.13866782188415527,0.025995610281825066,0.9649210342180937,0.1854337453842163
Hepacam,0.0,0.000616118311882019,-19.233295440673828,0.9979940091511154,0.027607882395386696,-19.233295440673828,0.5196272646011879,-1.0,-19.233295440673828,0.16021537352752957,-1.759765386581421
Msantd2,0.09294535219669342,0.08964759856462479,0.0545327290892601,0.23389837107036354,-1.681230902671814,0.0545327290892601,0.8961202829733386,0.34780460596084595,0.0545327290892601,0.7966622088624453,0.4548493027687073
Esam,0.00046067690709605813,0.0,18.813732147216797,0.9979940091511154,0.14071114361286163,18.813732147216797,0.5196272646011879,1.0,18.813732147216797,0.46147875269036936,1.0
Nrgn,0.41833943128585815,0.2883070111274719,0.6363784074783325,0.11816709307122719,2.054649829864502,0.6363784074783325,5.082936225968218e-05,4.613487243652344,0.6363784074783325,2.7385225253242204e-08,5.972172737121582
Siae,0.02789965458214283,0.04619031026959419,-0.7406183481216431,0.03080131542403256,-2.6549875736236572,-0.7406183481216431,0.0862655248356031,-2.2848167419433594,-0.7406183481216431,0.0032823521353497597,-3.360919237136841
Spa17,0.00545906089246273,0.007699543610215187,-0.49773794412612915,0.9724107421464777,-0.5420050621032715,-0.49773794412612915,0.5909514406701867,-0.8705029487609863,-0.49773794412612915,0.3777160253752927,-1.1927587985992432
Tbrg1,0.6020199060440063,0.7181797027587891,-0.3474770188331604,6.77475651899445e-05,-4.492069721221924,-0.3474770188331604,2.0049353011200713e-06,-5.324542045593262,-0.3474770188331604,6.131075818054799e-12,-7.296710968017578
Olfr889,0.0018548809457570314,0.004095097538083792,-1.1441874504089355,0.9979940091511154,-0.20340774953365326,-1.1441874504089355,0.5196272646011879,-1.0031543970108032,-1.1441874504089355,0.24637676029943878,-1.4964532852172852
Olfr905,0.0,0.0,0.0,0.9979940091511154,0.11319231241941452,0.0,1.0,0.0,0.0,1.0,0.0
Olfr912,0.0,0.0,0.0,0.9979940091511154,0.11319231241941452,0.0,1.0,0.0,0.0,1.0,0.0
Vwa5a,0.004141691140830517,0.012545797042548656,-1.6049827337265015,0.9457368854365542,-0.5770047307014465,-1.6049827337265015,0.22935228402206154,-1.7525663375854492,-1.6049827337265015,0.01345611201255119,-2.8891615867614746
Olfr920,0.0,0.0,0.0,0.9979940091511154,0.11319231241941452,0.0,1.0,0.0,0.0,1.0,0.0
Olfr976,0.0,0.0,0.0,0.9979940091511154,0.11319231241941452,0.0,1.0,0.0,0.0,1.0,0.0
Olfr984,0.0,0.0,0.0,0.9979940091511154,0.11319231241941452,0.0,1.0,0.0,0.0,1.0,0.0
Olfr986,0.0,0.0006309385062195361,-19.267597198486328,0.9979940091511154,0.027607882395386696,-19.267597198486328,0.5196272646011879,-1.0,-19.267597198486328,0.16021537352752957,-1.759765386581421
Zfp202,0.0010434665018692613,0.0016865459037944674,-0.6931507587432861,0.9979940091511154,-0.06020299345254898,-0.6931507587432861,0.7747870698391008,-0.5578698515892029,-0.6931507587432861,0.5899706824625496,-0.7794334888458252
Gramd1b,0.18346557021141052,0.18792550265789032,-0.03796794265508652,0.08167278915871054,-2.234279155731201,-0.03796794265508652,0.9199820124534823,-0.3031304180622101,-0.03796794265508652,0.8271744176456665,-0.4074614942073822
Clmp,0.0003636896435637027,0.0029687886126339436,-3.030970811843872,0.9979940091511154,-0.03045772761106491,-3.030970811843872,0.5196272646011879,-1.0610525608062744,-3.030970811843872,0.14963394526124696,-1.8256773948669434
Hspa8,2.7951242923736572,3.022972345352173,-0.34772104024887085,3.2297846316939444e-15,-8.34648609161377,-0.34772104024887085,7.395070853341864e-17,-9.0845365524292,-0.34772104024887085,1.6071063367562886e-32,-12.445416450500488
Crtam,0.17307129502296448,0.1754625290632248,-0.021571408957242966,0.0744933409236022,-2.27693772315979,-0.021571408957242966,0.9990059247517328,-0.15400630235671997,-0.021571408957242966,0.9525506696438568,-0.20689448714256287
Ubash3b,0.2331760674715042,0.20115211606025696,0.23706862330436707,0.9979940091511154,-0.14231418073177338,0.23706862330436707,0.2303607595136333,1.7476792335510254,0.23706862330436707,0.049850710556158084,2.361999034881592
Sorl1,0.23901793360710144,0.1999487280845642,0.2867012917995453,0.7358257880568833,0.8433762788772583,0.2867012917995453,0.04418149316744238,2.5856821537017822,0.2867012917995453,0.002806453151495224,3.4094667434692383
Sc5d,0.14444120228290558,0.18534018099308014,-0.3900061249732971,7.657282454116469e-05,-4.462413311004639,-0.3900061249732971,0.0067925364028893764,-3.274677276611328,-0.3900061249732971,6.042935639880509e-05,-4.427156925201416
Tbcel,0.1101260706782341,0.0893278643488884,0.3172261118888855,0.9979940091511154,0.12797589600086212,0.3172261118888855,0.2555667988846179,1.673761248588562,0.3172261118888855,0.053643002958880935,2.3305418491363525
Arhgef12,0.038306888192892075,0.05098186433315277,-0.4215916097164154,0.04936919232568607,-2.4591498374938965,-0.4215916097164154,0.34250387756449374,-1.4666317701339722,-0.4215916097164154,0.08672738706236764,-2.108121871948242
Tmem136,0.0,0.0,0.0,0.9979940091511154,0.11319231241941452,0.0,1.0,0.0,0.0,1.0,0.0
Oaf,0.00274396943859756,0.004661157261580229,-0.7658075094223022,0.9979940091511154,-0.23386546969413757,-0.7658075094223022,0.5575568432413605,-0.9310046434402466,-0.7658075094223022,0.2947904522112365,-1.3689707517623901
Nectin1,0.00043340891716070473,0.0014348039403557777,-1.7277730703353882,0.9979940091511154,0.05503764748573303,-1.7277730703353882,0.7096552890820403,-0.6681157350540161,-1.7277730703353882,0.435975976539964,-1.0844955444335938
Thy1,1.3372657299041748,1.2963793277740479,0.08058477193117142,0.21069599348329204,1.744194746017456,0.08058477193117142,0.36889035159540234,1.3846946954727173,0.08058477193117142,0.14101319055281927,1.8577924966812134
Gm49380,0.001834316411986947,0.0,20.808135986328125,0.9979940091511154,0.2507864236831665,20.808135986328125,0.10037583993919638,2.2095134258270264,20.808135986328125,0.07038384204342193,2.2095134258270264
Usp2,0.014360201545059681,0.019633004441857338,-0.4550192654132843,0.8245544767533433,-0.7315198183059692,-0.4550192654132843,0.6296985177079965,-0.8058043718338013,-0.4550192654132843,0.35772411901921064,-1.233181118965149
Rnf26,0.27721574902534485,0.20257176458835602,0.5085709691047668,0.009006260930557779,3.112833261489868,0.5085709691047668,5.153679278380206e-06,5.1161088943481445,0.5085709691047668,7.550060394435998e-10,6.572949409484863
Mfrp,0.0,0.0,0.0,0.9979940091511154,0.11319231241941452,0.0,1.0,0.0,0.0,1.0,0.0
Mcam,0.0018575170543044806,0.0011412878520786762,0.7032291293144226,0.9979940091511154,0.05281120538711548,0.7032291293144226,0.7775005820492843,0.5513870120048523,0.7032291293144226,0.6730026662453207,0.6450665593147278
Cbl,0.4097767770290375,0.40415501594543457,0.024259094148874283,0.9979940091511154,0.2121354043483734,0.024259094148874283,0.9275612676932429,0.2898850440979004,0.024259094148874283,0.8362368533030974,0.3922819197177887
Pdzd3,0.0,0.0,0.0,0.9979940091511154,0.11319231241941452,0.0,1.0,0.0,0.0,1.0,0.0
Nlrx1,0.024134455248713493,0.020204754546284676,0.2592446208000183,0.9912186627609784,-0.5213436484336853,0.2592446208000183,0.6785382750366477,0.722357988357544,0.2592446208000183,0.4994576086119763,0.9318557977676392
Abcg4,0.0002969934430439025,0.0,18.18029022216797,0.9979940091511154,0.14071114361286163,18.18029022216797,0.5196272646011879,1.0,18.18029022216797,0.46147875269036936,1.0
Hinfp,0.1268482804298401,0.10069089382886887,0.35239723324775696,0.9979940091511154,0.03188265115022659,0.35239723324775696,0.11297472307016027,2.1488420963287354,0.35239723324775696,0.013113166690708472,2.896646022796631
C2cd2l,0.07280365377664566,0.07187017798423767,0.019299183040857315,0.08607240452279107,-2.2093429565429688,0.019299183040857315,1.0,0.11043877899646759,0.019299183040857315,0.9919038562864311,0.14221830666065216
Dpagt1,0.13605771958827972,0.14803747832775116,-0.1305895894765854,0.056274060638285134,-2.4041121006011963,-0.1305895894765854,0.5196272646011879,-1.0093810558319092,-0.1305895894765854,0.298006676174465,-1.3613457679748535
H2ax,1.9024066925048828,1.118320107460022,1.4690278768539429,5.50373155277449e-67,17.796039581298828,1.4690278768539429,3.606148235805525e-67,20.80414390563965,1.4690278768539429,1.5489585478924619e-155,29.654979705810547
Hmbs,0.3640080690383911,0.4718948006629944,-0.4577236771583557,1.8642462175762193e-06,-5.270700931549072,-0.4577236771583557,1.2181417321561001e-07,-5.868413925170898,-0.4577236771583557,2.2339319915688195e-14,-8.06132984161377
Vps11,0.08096780627965927,0.07095424085855484,0.19777406752109528,0.448293958200175,-1.2542884349822998,0.19777406752109528,0.5180700621703833,1.092421054840088,0.19777406752109528,0.2740782786941386,1.4286874532699585
Hyou1,0.15536361932754517,0.2591417729854584,-0.8155366778373718,1.0303855507873143e-12,-7.602854251861572,-0.8155366778373718,3.119427447755438e-11,-7.286005973815918,-0.8155366778373718,1.2635776396367893e-22,-10.267809867858887
Slc37a4,0.06855139881372452,0.07683799415826797,-0.17068365216255188,0.04506082618354009,-2.496821165084839,-0.17068365216255188,0.5469517419268572,-0.9498735666275024,-0.17068365216255188,0.3323518983194613,-1.2864325046539307
Trappc4,0.7177680134773254,0.7934384346008301,-0.20599466562271118,0.025953922672355276,-2.7224042415618896,-0.20599466562271118,0.0012401117469141517,-3.7905821800231934,-0.20599466562271118,4.036676853993069e-06,-5.027400970458984
Rps25,2.714717149734497,2.942892074584961,-0.34991127252578735,1.6631176470324125e-39,-13.6041841506958,-0.34991127252578735,5.3776312000793574e-48,-16.20454216003418,-0.34991127252578735,5.432601100262344e-84,-20.940418243408203
Ccdc84,0.07056067138910294,0.06996677815914154,0.012627513147890568,0.17876230590355097,-1.834944486618042,0.012627513147890568,1.0,0.06618423759937286,0.012627513147890568,1.0,0.08861076086759567
Foxr1,0.0009199129999615252,0.0,19.811803817749023,0.9979940091511154,0.16822996735572815,19.811803817749023,0.36167647049845647,1.4145946502685547,19.811803817749023,0.2795042275398297,1.4145946502685547
Bcl9l,0.21764977276325226,0.21178938448429108,0.04375677928328514,0.9979940091511154,-0.4318406879901886,0.04375677928328514,0.891429241262986,0.3562568724155426,0.04375677928328514,0.7691985570398879,0.4966055750846863
Cxcr5,0.004844674374908209,0.009671847335994244,-1.000877857208252,0.9984208920935209,-0.01211184449493885,-1.000877857208252,0.6133735736363009,-0.8324923515319824,-1.000877857208252,0.2947330787474682,-1.3694666624069214
Ddx6,0.6108039021492004,0.6263254880905151,-0.048546742647886276,0.9979940091511154,-0.22424724698066711,-0.048546742647886276,0.6847385178443982,-0.7114025354385376,-0.048546742647886276,0.48886348687389525,-0.9502931237220764
Phldb1,0.0041832225397229195,0.01064725685864687,-1.3524636030197144,0.620724263625244,-0.9965554475784302,-1.3524636030197144,0.09990969971852928,-2.2150418758392334,-1.3524636030197144,0.0043102345917216565,-3.274310350418091
Arcn1,0.572160005569458,0.6324645280838013,-0.19240708649158478,0.08976733829888135,-2.188859701156616,-0.19240708649158478,0.01889863866314978,-2.9156641960144043,-0.19240708649158478,0.0004993900044528081,-3.8979709148406982
Ift46,0.16876532137393951,0.1775449961423874,-0.07968205958604813,0.10198517879565526,-2.1274099349975586,-0.07968205958604813,0.7252246915334664,-0.641952395439148,-0.07968205958604813,0.5333808962890829,-0.873076319694519
Tmem25,0.002260690787807107,0.002298709936439991,-0.024088051170110703,0.9984208920935209,-0.00614497996866703,-0.024088051170110703,1.0,-0.02716406062245369,-0.024088051170110703,1.0,-0.036836665123701096
Ttc36,0.001807996304705739,0.0018640703056007624,-0.044105108827352524,0.9984208920935209,-0.004630999639630318,-0.044105108827352524,1.0,-0.04116445407271385,-0.044105108827352524,1.0,-0.054274044930934906
Kmt2a,0.5640573501586914,0.5094408988952637,0.18983210623264313,0.10735998232120232,2.1016721725463867,0.18983210623264313,0.056601592518376785,2.4791345596313477,0.18983210623264313,0.0037928394999024034,3.3156325817108154
Atp5l,2.0115413665771484,1.937922477722168,0.12333302199840546,4.339894125528187e-05,4.596266746520996,0.12333302199840546,0.00023999453294632633,4.237462997436523,0.12333302199840546,3.3401463519348644e-08,5.934034824371338
Ube4a,0.21702392399311066,0.24908922612667084,-0.22283630073070526,0.0071078026336394,-3.192094564437866,-0.22283630073070526,0.13474844426707047,-2.056969165802002,-0.22283630073070526,0.01734083191930075,-2.7930455207824707
Cd3g,2.2742152214050293,2.022620439529419,0.41109710931777954,6.346604842242485e-25,10.748994827270508,0.41109710931777954,1.708110514048489e-23,10.964961051940918,0.41109710931777954,2.1560780643407785e-48,15.376602172851562
Cd3d,2.3329272270202637,2.0345773696899414,0.48534080386161804,5.960006128865002e-33,12.388992309570312,0.48534080386161804,8.572551661417127e-32,13.072907447814941,0.48534080386161804,1.4173724115822096e-68,18.572067260742188
Cd3e,1.756373643875122,1.5404350757598877,0.38599562644958496,5.773079910639932e-18,9.095817565917969,0.38599562644958496,7.946598605828622e-19,9.676865577697754,0.38599562644958496,8.275376075661132e-38,13.478245735168457
Mpzl2,0.0014926500152796507,0.009387028403580189,-2.658491373062134,0.639525481586326,-0.9709959030151367,-2.658491373062134,0.018371236493699736,-2.934903860092163,-2.658491373062134,1.385794277931006e-05,-4.767980575561523
Mpzl3,0.06183301657438278,0.05553820729255676,0.15948215126991272,0.3657713920984516,-1.3994524478912354,0.15948215126991272,0.644400540657366,0.7791789174079895,0.15948215126991272,0.46147875269036936,1.003713607788086
Jaml,0.320154070854187,0.29607880115509033,0.13104207813739777,0.8409274576881968,-0.7105022072792053,0.13104207813739777,0.4988161590410612,1.1268515586853027,0.13104207813739777,0.24014427959676762,1.5139048099517822
Scn2b,0.0016173480544239283,0.0011476805666461587,0.49524760246276855,0.9979940091511154,0.05281120538711548,0.49524760246276855,0.8642829493191774,0.4035450518131256,0.49524760246276855,0.7707169517321686,0.4945169687271118
Scn4b,0.0,0.0,0.0,0.9979940091511154,0.11319231241941452,0.0,1.0,0.0,0.0,1.0,0.0
Tmprss4,0.0,0.0014348039403557777,-20.453458786010742,0.9979940091511154,0.027607882395386696,-20.453458786010742,0.5196272646011879,-1.0,-20.453458786010742,0.16021537352752957,-1.759765386581421
BC049352,0.004619309213012457,0.004314178600907326,0.09881152957677841,0.9979940091511154,-0.06492304801940918,0.09881152957677841,1.0,0.13364264369010925,0.09881152957677841,0.9706594424967828,0.17677909135818481
Il10ra,0.1273377388715744,0.08595593273639679,0.5973719954490662,0.749047170715732,0.827791154384613,0.5973719954490662,0.007965352230851892,3.221123456954956,0.5973719954490662,0.00011060324862250415,4.2827229499816895
Tmprss13,0.013144692406058311,0.014310724101960659,-0.12345951050519943,0.9739786175873296,-0.5400457978248596,-0.12345951050519943,0.953474406143132,-0.24351270496845245,-0.12345951050519943,0.8749363622382222,-0.33296799659729004
Fxyd6,0.0,0.0,0.0,0.9979940091511154,0.11319231241941452,0.0,1.0,0.0,0.0,1.0,0.0
Fxyd2,0.0031201865058392286,0.004400287289172411,-0.4968891441822052,0.9979940091511154,0.13376463949680328,-0.4968891441822052,0.8827772069143736,-0.37193018198013306,-0.4968891441822052,0.7300319530503507,-0.5584408640861511
Cep164,0.15235385298728943,0.17209531366825104,-0.19040699303150177,0.018540148517135997,-2.853764295578003,-0.19040699303150177,0.36321377038034836,-1.4015636444091797,-0.19040699303150177,0.1253606627160816,-1.9199665784835815
Bace1,0.014627435244619846,0.01198737882077694,0.289069265127182,0.9979940091511154,-0.038829147815704346,0.289069265127182,0.7466052854867431,0.6061102747917175,0.289069265127182,0.5649467468229667,0.8210390210151672
Rnf214,0.11879309266805649,0.10674278438091278,0.1631680428981781,0.49797978716044483,-1.1775206327438354,0.1631680428981781,0.5196272646011879,1.075356364250183,0.1631680428981781,0.2795042275398297,1.4148494005203247
Pcsk7,0.23749978840351105,0.21712158620357513,0.14467917382717133,0.9979940091511154,-0.17579986155033112,0.14467917382717133,0.36400022316719777,1.3985354900360107,0.14467917382717133,0.14666081773335826,1.8358829021453857
Tagln,0.0027433547656983137,0.0,21.389490127563477,0.9979940091511154,0.2507864236831665,21.389490127563477,0.12744159120351511,2.0837955474853516,21.389490127563477,0.09139100990443802,2.0837955474853516
Sidt2,0.3119794726371765,0.33743816614151,-0.13252851366996765,0.3713958022446594,-1.388676404953003,-0.13252851366996765,0.3713376829403759,-1.3785604238510132,-0.13252851366996765,0.12705586904125382,-1.913141131401062
Pafah1b2,0.3629564940929413,0.40306466817855835,-0.1819891333580017,0.15960845709231705,-1.8983535766601562,-0.1819891333580017,0.07242793544223597,-2.3691086769104004,-0.1819891333580017,0.0054249262796269015,-3.199718713760376
Sik3,0.18644672632217407,0.17981423437595367,0.0571865476667881,0.42271301980363657,-1.2967689037322998,0.0571865476667881,0.8267433414360775,0.46765774488449097,0.0571865476667881,0.6869636306442581,0.6238645315170288
Apoa1,0.0004928436828777194,0.0,18.911128997802734,0.9979940091511154,0.16822996735572815,18.911128997802734,0.36167647049845647,1.4123293161392212,18.911128997802734,0.2798523792991823,1.4123293161392212
Zpr1,0.25257936120033264,0.3438713252544403,-0.514253556728363,5.179433047995594e-07,-5.519794940948486,-0.514253556728363,2.6126665493063245e-07,-5.725573539733887,-0.514253556728363,8.989589700302037e-14,-7.879527568817139
Bud13,0.08947022259235382,0.09888045489788055,-0.1511724442243576,0.013111884187382574,-2.980048179626465,-0.1511724442243576,0.5443332753776031,-0.9554257392883301,-0.1511724442243576,0.3416895179033796,-1.2668582201004028
4931429L15Rik,0.0,0.0,0.0,0.9979940091511154,0.11319231241941452,0.0,1.0,0.0,0.0,1.0,0.0
Cadm1,0.00031007235520519316,0.006589531898498535,-4.414026737213135,0.9979940091511154,-0.11595310270786285,-4.414026737213135,0.48566531401782714,-1.153128743171692,-4.414026737213135,0.10319438980660657,-2.0223734378814697
Nxpe4,0.0012062842724844813,0.002779618604108691,-1.2054517269134521,0.9979940091511154,-0.14569836854934692,-1.2054517269134521,0.5345288513424252,-0.972817063331604,-1.2054517269134521,0.26793232523398425,-1.4433261156082153
Nxpe2,0.0,0.0,0.0,0.9979940091511154,0.11319231241941452,0.0,1.0,0.0,0.0,1.0,0.0
Rexo2,0.9877496361732483,1.272249460220337,-0.6082280278205872,2.302990832353806e-15,-8.388609886169434,-0.6082280278205872,4.351189621807898e-17,-9.152987480163574,-0.6082280278205872,5.840971788685408e-33,-12.534565925598145
Rbm7,0.5140693783760071,0.5526546835899353,-0.13471128046512604,0.3106915923088341,-1.5080137252807617,-0.13471128046512604,0.15575839166934488,-1.978255033493042,-0.13471128046512604,0.023930962807774767,-2.6705565452575684
Gm5617,0.12142983824014664,0.12128135561943054,0.0018745707347989082,0.18932948151150084,-1.803685188293457,0.0018745707347989082,1.0,0.012618818320333958,0.0018745707347989082,1.0,0.016929686069488525
Zbtb16,0.0016587729332968593,0.003462108550593257,-1.062835454940796,0.9979940091511154,-0.11871389299631119,-1.062835454940796,0.5793508318003627,-0.8915265202522278,-1.062835454940796,0.3239465226147252,-1.3048022985458374
Usp28,0.031174344941973686,0.040175165981054306,-0.37247613072395325,0.11528084158025882,-2.067028760910034,-0.37247613072395325,0.36179032358873764,-1.408104419708252,-0.37247613072395325,0.12415095951486788,-1.9248689413070679
Zw10,0.2557964026927948,0.23612356185913086,0.1302260011434555,0.9979940091511154,-0.19129590690135956,0.1302260011434555,0.4101576589145758,1.296846628189087,0.1302260011434555,0.17678180204977273,1.6999276876449585
Ncam1,0.004204613156616688,0.004719139076769352,-0.16692222654819489,0.9979940091511154,-0.09190753102302551,-0.16692222654819489,0.978590091303208,-0.19377382099628448,-0.16692222654819489,0.9191812888411389,-0.26062482595443726
Rpl10-ps3,0.23739629983901978,0.32805439829826355,-0.5351108908653259,2.4927005033928506e-06,-5.212457180023193,-0.5351108908653259,1.950723574753762e-06,-5.33900260925293,-0.5351108908653259,8.266698723816734e-13,-7.576784610748291
Plet1,0.001509512192569673,0.001638734363950789,-0.11859253793954849,0.9984208920935209,-0.004630999639630318,-0.11859253793954849,1.0,-0.1109335795044899,-0.11859253793954849,0.9875297091048872,-0.14924058318138123
Pts,0.4306502342224121,0.5125032663345337,-0.31471240520477295,0.002547909760049298,-3.520984411239624,-0.31471240520477295,0.00021826327838550265,-4.2579522132873535,-0.31471240520477295,9.977889801344437e-08,-5.739007949829102
Bco2,0.0023629297502338886,0.004613074008375406,-0.9667754769325256,0.9979940091511154,-0.37386414408683777,-0.9667754769325256,0.4546631617921425,-1.2106382846832275,-0.9667754769325256,0.1654725621489291,-1.740235686302185
Il18,0.02571338228881359,0.04876086488366127,-0.9399328231811523,0.0058221129724630085,-3.258798599243164,-0.9399328231811523,0.009301127582378634,-3.173274517059326,-0.9399328231811523,2.632006241676361e-05,-4.618547439575195
Sdhd,0.730383038520813,0.9217935800552368,-0.4926586449146271,3.259371856625427e-14,-8.05393123626709,-0.4926586449146271,1.072676931145002e-15,-8.728484153747559,-0.4926586449146271,5.9521279970381514e-30,-11.914865493774414
Timm8b,0.5547236204147339,0.7381395101547241,-0.5585852861404419,2.230642175768881e-13,-7.804391860961914,-0.5585852861404419,3.564607689191951e-15,-8.565832138061523,-0.5585852861404419,7.96401435879791e-29,-11.676006317138672
Nkapd1,0.15330056846141815,0.18197515606880188,-0.2686403691768646,0.0010524370982904923,-3.782012701034546,-0.2686403691768646,0.11009554404895637,-2.163058042526245,-0.2686403691768646,0.011677115764386372,-2.9384844303131104
Pih1d2,0.004737789276987314,0.007018593605607748,-0.5686147809028625,0.9979940091511154,-0.4312172830104828,-0.5686147809028625,0.6081296532702914,-0.8403315544128418,-0.5686147809028625,0.3938855397615217,-1.1626213788986206
Dlat,0.1794496327638626,0.2481425553560257,-0.5189059972763062,1.8890821520268462e-06,-5.2674055099487305,-0.5189059972763062,9.977588843929574e-06,-4.985771656036377,-0.5189059972763062,1.3566087407200008e-10,-6.8376641273498535
Dixdc1,0.001834707916714251,0.0011519892141222954,0.6719153523445129,0.9979940091511154,0.08050814270973206,0.6719153523445129,0.7587868740320957,0.5852912068367004,0.6719153523445129,0.6286249375956235,0.7151739001274109
Hspb2,0.0,0.0,0.0,0.9979940091511154,0.11319231241941452,0.0,1.0,0.0,0.0,1.0,0.0
Cryab,0.00239623268134892,0.0028422700706869364,-0.24659742414951324,0.9979940091511154,-0.09030448645353317,-0.24659742414951324,0.9628385338567514,-0.22471648454666138,-0.24659742414951324,0.9024998022217681,-0.2872430086135864
1110032A03Rik,0.0637935996055603,0.06342906504869461,0.008533413521945477,0.16722202597250302,-1.8721705675125122,0.008533413521945477,1.0,0.04338507726788521,0.008533413521945477,1.0,0.05706941336393356
Fdxacb1,0.05783204361796379,0.07476194947957993,-0.38278254866600037,0.007105884604910764,-3.192272663116455,-0.38278254866600037,0.16405766162587507,-1.9482308626174927,-0.38278254866600037,0.023421704946702922,-2.6789662837982178
Alg9,0.03905252739787102,0.06566473841667175,-0.7690669298171997,0.0006713234763050677,-3.905001163482666,-0.7690669298171997,0.0044155254608989536,-3.4193694591522217,-0.7690669298171997,6.996571284816462e-06,-4.911868095397949
Ppp2r1b,0.10568784177303314,0.11672550439834595,-0.15141978859901428,0.03162194124726719,-2.6443898677825928,-0.15141978859901428,0.5324028966197049,-0.9767239093780518,-0.15141978859901428,0.3069930648547123,-1.3415616750717163
Sik2,0.06767848134040833,0.06755951046943665,0.00262510241009295,0.1675676469475702,-1.8709237575531006,0.00262510241009295,1.0,0.011235576122999191,0.00262510241009295,1.0,0.015216278843581676
Layn,0.0,0.0,0.0,0.9979940091511154,0.11319231241941452,0.0,1.0,0.0,0.0,1.0,0.0
Pou2af1,0.017076103016734123,0.03443586826324463,-1.0245095491409302,0.05480667420444553,-2.4149770736694336,-1.0245095491409302,0.027412171671271583,-2.780705690383911,-1.0245095491409302,0.00017067288237521176,-4.175062656402588
Arhgap20,0.0002822064561769366,0.0012516636634245515,-2.149719476699829,0.9979940091511154,-0.0302796121686697,-2.149719476699829,0.5196272646011879,-1.0374990701675415,-2.149719476699829,0.18493660210514762,-1.6727877855300903
Fdx1,0.2549459934234619,0.36470386385917664,-0.5997887849807739,7.159068890606566e-10,-6.654568195343018,-0.5997887849807739,6.170098479877657e-09,-6.399811267852783,-0.5997887849807739,1.1831154613613943e-16,-8.72127628326416
Rdx,0.8297962546348572,0.9578554034233093,-0.3130061626434326,1.397994796754486e-07,-5.764436721801758,-0.3130061626434326,9.222284719016526e-07,-5.480297088623047,-0.3130061626434326,1.2259006056785406e-12,-7.5241265296936035
Zc3h12c,0.001930331694893539,0.0010769210057333112,0.8425515294075012,0.9979940091511154,0.025114266201853752,0.8425515294075012,0.7435830718573667,0.6101581454277039,0.8425515294075012,0.6488235916978328,0.6836621165275574
Ddx10,0.3260363042354584,0.4510275423526764,-0.5641687512397766,2.365113446629744e-09,-6.4634504318237305,-0.5641687512397766,3.1274255893958974e-10,-6.8929219245910645,-0.5641687512397766,8.796422641824735e-19,-9.304580688476562
Exph5,0.03940527141094208,0.0686849057674408,-0.8229154348373413,0.006290885256214616,-3.233506441116333,-0.8229154348373413,0.014032984604177992,-3.02850341796875,-0.8229154348373413,7.542710428646886e-05,-4.373673439025879
Poglut3,0.041325509548187256,0.06142018735408783,-0.5862996578216553,0.010873055296741565,-3.048088312149048,-0.5862996578216553,0.08882955062183535,-2.271376371383667,-0.5862996578216553,0.0044778997790070165,-3.261723279953003
4930550C14Rik,0.001374463434331119,0.00263949204236269,-0.942304253578186,0.9979940091511154,-0.20287339389324188,-0.942304253578186,0.5642662377892399,-0.9180018305778503,-0.942304253578186,0.3294123687510455,-1.2927764654159546
Atm,0.20249633491039276,0.20072735846042633,0.013977506197988987,0.17023979297141908,-1.8616617918014526,0.013977506197988987,1.0,0.11945882439613342,0.013977506197988987,0.9826014755445208,0.15799754858016968
Npat,0.18841998279094696,0.20876863598823547,-0.1631169319152832,0.020941422358250222,-2.8061184883117676,-0.1631169319152832,0.3621040251177201,-1.4065842628479004,-0.1631169319152832,0.13004772178659416,-1.9002643823623657
Acat1,0.3527912497520447,0.4414180517196655,-0.3914816677570343,0.00011254643953674316,-4.369615077972412,-0.3914816677570343,1.2084177153996875e-05,-4.941109657287598,-0.3914816677570343,2.451440058322709e-10,-6.745065689086914
Cul5,0.22592373192310333,0.2767862379550934,-0.33116135001182556,0.0006958830918760739,-3.8954720497131348,-0.33116135001182556,0.00958796519376698,-3.1596829891204834,-0.33116135001182556,9.189549509710233e-05,-4.327298164367676
Rab39,0.0,0.0005232291296124458,-18.99746322631836,0.9979940091511154,0.027607882395386696,-18.99746322631836,0.5196272646011879,-1.0,-18.99746322631836,0.16021537352752957,-1.759765386581421
Slc35f2,0.020510651171207428,0.03357446566224098,-0.7204573750495911,0.04014058593600049,-2.544645071029663,-0.7204573750495911,0.06997292040484371,-2.385099411010742,-0.7204573750495911,0.004326605780699523,-3.273193359375
Dmxl2,0.0,0.001752155483700335,-20.74196434020996,0.9979940091511154,-0.05797655135393143,-20.74196434020996,0.40401596293250225,-1.3107951879501343,-20.74196434020996,0.05668929122696688,-2.306692123413086
Cib2,0.007131350692361593,0.006716778036206961,0.08670547604560852,0.9979940091511154,-0.23324206471443176,0.08670547604560852,1.0,0.1482987403869629,0.08670547604560852,0.9603246983591255,0.19326135516166687
Idh3a,0.7902864813804626,0.8767508268356323,-0.22072739899158478,0.0021801228639294194,-3.569164752960205,-0.22072739899158478,0.000717134120152157,-3.9427080154418945,-0.22072739899158478,8.866210755397137e-07,-5.328174114227295
Acsbg1,0.14336173236370087,0.11686449497938156,0.314351350069046,0.9979940091511154,-0.10891754180192947,0.314351350069046,0.11797615140562326,2.1257238388061523,0.314351350069046,0.017354566636646526,2.7928216457366943
Dnaja4,0.03589415177702904,0.04302268475294113,-0.26652461290359497,0.0770888348957173,-2.2610855102539062,-0.26652461290359497,0.5523616889737706,-0.9410402178764343,-0.26652461290359497,0.3268253618145354,-1.2986937761306763
Wdr61,0.3528180718421936,0.3964366912841797,-0.20159021019935608,0.03788126411530851,-2.568779706954956,-0.20159021019935608,0.054048460992921175,-2.499732494354248,-0.20159021019935608,0.0032658955276815382,-3.3627676963806152
Crabp1,0.0006954391137696803,0.0,19.40806770324707,0.9979940091511154,0.16822996735572815,19.40806770324707,0.3644095746160908,1.3969552516937256,19.40806770324707,0.28445921261753776,1.3969552516937256
Ireb2,0.19781213998794556,0.21896763145923615,-0.16237686574459076,0.015608667108025102,-2.9168171882629395,-0.16237686574459076,0.33194621076787195,-1.4893124103546143,-0.16237686574459076,0.11124575130998317,-1.9811112880706787
Hykk,0.0021873877849429846,0.0,21.06235694885254,0.9979940091511154,0.2783052623271942,21.06235694885254,0.072251218530567,2.368194341659546,21.06235694885254,0.04935793337237746,2.368194341659546
AY074887,0.00414347555488348,0.004452437162399292,-0.10397668182849884,0.9979940091511154,-0.06474493443965912,-0.10397668182849884,1.0,-0.14034497737884521,-0.10397668182849884,0.9611058528027056,-0.1920802891254425
Psma4,1.3573880195617676,1.5613566637039185,-0.38367190957069397,1.6166843309274989e-21,-9.97446060180664,-0.38367190957069397,5.727221430329223e-15,-8.5382080078125,-0.38367190957069397,6.683703231781543e-31,-12.108712196350098
Chrna5,0.00026646500919014215,0.0,18.023784637451172,0.9979940091511154,0.14071114361286163,18.023784637451172,0.5196272646011879,1.0,18.023784637451172,0.46147875269036936,1.0
Ube2q2,0.09640628844499588,0.13565917313098907,-0.5216498970985413,1.0813118631926908e-05,-4.908146858215332,-0.5216498970985413,0.006496437062280203,-3.2917211055755615,-0.5216498970985413,2.604431697034231e-05,-4.6210479736328125
Fbxo22,0.2695852220058441,0.3395942449569702,-0.38613104820251465,0.0004338513987408964,-4.02424955368042,-0.38613104820251465,0.0006536786721988878,-3.972259521484375,-0.38613104820251465,2.4562774203449316e-07,-5.572272777557373
Nrg4,0.0036793469917029142,0.004540484398603439,-0.3040180206298828,0.9979940091511154,-0.2891702950000763,-0.3040180206298828,0.8519198442642384,-0.4246237277984619,-0.3040180206298828,0.7295679666931726,-0.5590565204620361
Etfa,0.622347891330719,0.7455787062644958,-0.359586238861084,1.8291515962648051e-06,-5.274708271026611,-0.359586238861084,3.9301836324143783e-08,-6.064541339874268,-0.359586238861084,1.9423173536820317e-14,-8.082892417907715
Scaper,0.11599157750606537,0.1052243784070015,0.14846113324165344,0.8541715507864007,-0.6943827271461487,0.14846113324165344,0.6241144690686323,0.8149259090423584,0.14846113324165344,0.4047959640090354,1.1420092582702637
4930563M21Rik,0.0,0.0,0.0,0.9979940091511154,0.11319231241941452,0.0,1.0,0.0,0.0,1.0,0.0
Rcn2,0.16392852365970612,0.21693658828735352,-0.4436565339565277,1.5931726592321788e-05,-4.8238091468811035,-0.4436565339565277,0.0007232642289585967,-3.941638708114624,-0.4436565339565277,6.37443427968836e-07,-5.391317367553711
Pstpip1,0.6634164452552795,0.606566309928894,0.17456917464733124,0.022880657452207905,2.772721767425537,0.17456917464733124,0.025152176407061983,2.809231758117676,0.17456917464733124,0.0009684802404519489,3.718287229537964
Tspan3,0.12075946480035782,0.20762275159358978,-0.8462006449699402,1.2043884339414757e-10,-6.926995754241943,-0.8462006449699402,2.1196855552530617e-08,-6.204134464263916,-0.8462006449699402,1.9240113260175862e-17,-8.935949325561523
Peak1,0.5427119135856628,0.4003280997276306,0.5497527718544006,4.023197750624998e-08,5.984498023986816,0.5497527718544006,2.006674505605201e-10,6.956119537353516,0.5497527718544006,2.296480256898045e-18,9.194777488708496
Hmg20a,0.12345615774393082,0.12357749044895172,-0.0015065856277942657,0.0766176901364167,-2.264380693435669,-0.0015065856277942657,1.0,-0.010312570258975029,-0.0015065856277942657,1.0,-0.013722109608352184
Lingo1,0.00039567655767314136,0.0004861770139541477,-0.2972247004508972,0.9979940091511154,0.05521576479077339,-0.2972247004508972,1.0,-0.1443757563829422,-0.2972247004508972,0.9634436207669774,-0.18753314018249512
Snx33,0.011049742810428143,0.0024974080733954906,2.1516849994659424,0.9441398704163818,0.5786968469619751,2.1516849994659424,0.0038156784640866756,3.453524351119995,2.1516849994659424,0.000725246056293979,3.8020927906036377
Imp3,0.6993743777275085,0.7857130765914917,-0.23785541951656342,0.0005719881062592363,-3.948906660079956,-0.23785541951656342,0.0001078008843575504,-4.435734272003174,-0.23785541951656342,2.7560413095052713e-08,-5.968876838684082
Snupn,0.07196018844842911,0.08377835154533386,-0.22801430523395538,0.004596047593233816,-3.33681321144104,-0.22801430523395538,0.3725527026698845,-1.3756604194641113,-0.22801430523395538,0.15015265612425274,-1.8230340480804443
Ptpn9,0.09434710443019867,0.11956986784934998,-0.36032259464263916,0.005188805623592541,-3.2968263626098633,-0.36032259464263916,0.12264354558512704,-2.107329845428467,-0.36032259464263916,0.009581401471412105,-3.0081582069396973
Sin3a,0.2594866454601288,0.25992289185523987,-0.0027518027927726507,0.7006065648950309,-0.891556441783905,-0.0027518027927726507,1.0,-0.028719019144773483,-0.0027518027927726507,1.0,-0.037851572036743164
Man2c1,0.058157701045274734,0.07617350667715073,-0.4024602174758911,0.005348750993443484,-3.2868518829345703,-0.4024602174758911,0.1503407707948576,-1.9989345073699951,-0.4024602174758911,0.016852853427835365,-2.8032310009002686
Neil1,0.02652255818247795,0.03531317040324211,-0.4193602204322815,0.18232240386736748,-1.8240793943405151,-0.4193602204322815,0.39594053836937265,-1.3271228075027466,-0.4193602204322815,0.13509456400286052,-1.879837155342102
Commd4,0.4721517562866211,0.4621276259422302,0.03875110670924187,0.9154859074609876,0.6160119771957397,0.03875110670924187,0.7802914628329329,0.5470821857452393,0.03875110670924187,0.6245182130895602,0.7217393517494202
Trcg1,0.0,0.0008905103895813227,-19.764917373657227,0.9979940091511154,0.027607882395386696,-19.764917373657227,0.5196272646011879,-1.0,-19.764917373657227,0.16021537352752957,-1.759765386581421
1700017B05Rik,0.34736505150794983,0.3954121768474579,-0.22370359301567078,0.010460977562125384,-3.0615358352661133,-0.22370359301567078,0.06033673467971397,-2.4512579441070557,-0.22370359301567078,0.004020214466106117,-3.297048807144165
Ppcdc,0.10708905011415482,0.09318876266479492,0.21077732741832733,0.760285864662103,-0.8128294944763184,0.21077732741832733,0.4341222196478989,1.248652696609497,0.21077732741832733,0.1813004101390645,1.684112548828125
Scamp5,0.0,0.006036047823727131,-22.529529571533203,0.9979940091511154,-0.05797655135393143,-22.529529571533203,0.492245741240701,-1.140588402748108,-22.529529571533203,0.10625553574932116,-2.0071680545806885
Rpp25,0.00023947136651258916,0.0004921220242977142,-1.0393421649932861,0.9979940091511154,0.05521576479077339,-1.0393421649932861,0.8306968112382088,-0.46163618564605713,-1.0393421649932861,0.6475015793187058,-0.686227023601532
Cox5a,2.1620864868164062,2.2621779441833496,-0.16216233372688293,3.03132937019367e-09,-6.422929286956787,-0.16216233372688293,0.00010737467718994926,-4.4474334716796875,-0.16216233372688293,1.637773419494266e-09,-6.444040298461914
Fam219b,0.053231723606586456,0.05445349961519241,-0.03362773731350899,0.12723671099312606,-2.017423629760742,-0.03362773731350899,1.0,-0.15059588849544525,-0.03362773731350899,0.955714552689147,-0.20039118826389313
Mpi,0.03696898743510246,0.047409579157829285,-0.3664475977420807,0.06799123910265469,-2.318171501159668,-0.3664475977420807,0.2844011450854787,-1.6003998517990112,-0.3664475977420807,0.07533818426516899,-2.175691843032837
Scamp2,0.32583731412887573,0.296733021736145,0.15706822276115417,0.5388354160598672,1.11651611328125,0.15706822276115417,0.1996988732023618,1.8322842121124268,0.15706822276115417,0.04617997280657331,2.395869255065918
Ulk3,0.0475190095603466,0.040988024324178696,0.218048095703125,0.6275880990249866,-0.9867591261863708,0.218048095703125,0.5731392128917735,0.902405858039856,0.218048095703125,0.3733260009203737,1.2011137008666992
Lman1l,0.00023037644859869033,0.0,17.813806533813477,0.9979940091511154,0.14071114361286163,17.813806533813477,0.5196272646011879,1.0,17.813806533813477,0.46147875269036936,1.0
Csk,0.8613584637641907,0.8360993266105652,0.06370702385902405,0.3540106134439288,1.4214496612548828,0.06370702385902405,0.45412906816722726,1.2115017175674438,0.06370702385902405,0.19611671432475453,1.6388463973999023
Edc3,0.10590112954378128,0.09559847414493561,0.1552150994539261,0.696401088864772,-0.8963655829429626,0.1552150994539261,0.5196272646011879,1.0040515661239624,0.1552150994539261,0.30834102868264235,1.338417410850525
Clk3,0.30854088068008423,0.29271259903907776,0.08796584606170654,0.9979940091511154,-0.2224660962820053,0.08796584606170654,0.5196272646011879,1.0044785737991333,0.08796584606170654,0.32792661082194696,1.2960542440414429
Arid3b,0.1328909695148468,0.13378991186618805,-0.010388963855803013,0.1593449421069778,-1.8992441892623901,-0.010388963855803013,1.0,-0.0720207616686821,-0.010388963855803013,1.0,-0.09730187803506851
Ubl7,0.1851096898317337,0.1781006157398224,0.06089692935347557,0.7014089356875864,-0.8901315331459045,0.06089692935347557,0.8080316912941193,0.5011340379714966,0.06089692935347557,0.6527167873027684,0.6776262521743774
Sema7a,0.09733235090970993,0.10887864977121353,-0.1702018827199936,0.006494746393366911,-3.2224631309509277,-0.1702018827199936,0.5196272646011879,-1.0484318733215332,-0.1702018827199936,0.28221999455473834,-1.4034860134124756
Cyp11a1,0.0,0.0005575477844104171,-19.089139938354492,0.9979940091511154,0.027607882395386696,-19.089139938354492,0.5196272646011879,-1.0,-19.089139938354492,0.16021537352752957,-1.759765386581421
Islr,0.0,0.0,0.0,0.9979940091511154,0.11319231241941452,0.0,1.0,0.0,0.0,1.0,0.0
Islr2,0.00047131621977314353,0.0,18.8466796875,0.9979940091511154,0.14071114361286163,18.8466796875,0.5196272646011879,1.0,18.8466796875,0.46147875269036936,1.0
Pml,0.19744820892810822,0.19012236595153809,0.060001034289598465,0.2114683758732786,-1.7423244714736938,0.060001034289598465,0.7914453473704808,0.5285823941230774,0.060001034289598465,0.6476249469962179,0.6859698295593262
Stoml1,0.040957462042570114,0.03938017040491104,0.057802166789770126,0.44235824036756616,-1.2641737461090088,0.057802166789770126,0.9532761959969599,0.24413734674453735,0.057802166789770126,0.8822724137326675,0.3205481469631195
Cd276,0.0011361268116161227,0.0011483796406537294,-0.015484496019780636,0.9979940091511154,0.13786129653453827,-0.015484496019780636,1.0,-0.011722016148269176,-0.015484496019780636,1.0,-0.015240521170198917
Nptn,0.6906702518463135,0.7215001583099365,-0.08783720433712006,0.8601812644161262,-0.6861003637313843,-0.08783720433712006,0.36167647049845647,-1.4096606969833374,-0.08783720433712006,0.13711822379213431,-1.8722436428070068
Rec114,0.0,0.0,0.0,0.9979940091511154,0.11319231241941452,0.0,1.0,0.0,0.0,1.0,0.0
Neo1,0.0002863039553631097,0.0,18.127399444580078,0.9979940091511154,0.14071114361286163,18.127399444580078,0.5196272646011879,1.0,18.127399444580078,0.46147875269036936,1.0
Adpgk,0.05366472527384758,0.06105085089802742,-0.19141653180122375,0.02076532879851489,-2.809859037399292,-0.19141653180122375,0.5350883926917878,-0.9712018370628357,-0.19141653180122375,0.33781801604036,-1.2751673460006714
Bbs4,0.018085947260260582,0.029757170006632805,-0.7268207669258118,0.23184826568226533,-1.686841607093811,-0.7268207669258118,0.23348656744730786,-1.7402877807617188,-0.7268207669258118,0.025343139304931088,-2.647800922393799
Arih1,0.3995494544506073,0.4845859110355377,-0.34422388672828674,0.0008171937326089903,-3.852902412414551,-0.34422388672828674,5.493761474699632e-05,-4.601058006286621,-0.34422388672828674,4.880528188587313e-09,-6.266480922698975
Tmem202,0.0009742265683598816,0.0004986929125152528,0.9664471745491028,0.9979940091511154,0.11043152958154678,0.9664471745491028,0.7372110013124876,0.6224614381790161,0.9664471745491028,0.6146587027086547,0.7379553318023682
Hexa,0.08689069747924805,0.10279494524002075,-0.2541494071483612,0.02493618067075011,-2.738879919052124,-0.2541494071483612,0.35147826463609694,-1.4447605609893799,-0.2541494071483612,0.10660964255152268,-2.0041277408599854
Celf6,0.0004153777554165572,0.0,18.66436767578125,0.9979940091511154,0.14071114361286163,18.66436767578125,0.5196272646011879,1.0,18.66436767578125,0.46147875269036936,1.0
Parp6,0.021958496421575546,0.023952776566147804,-0.1268576979637146,0.4956681539301152,-1.1810829639434814,-0.1268576979637146,0.8709791679072761,-0.39132219552993774,-0.1268576979637146,0.7550581521838965,-0.5178921818733215
Pkm,1.295213222503662,1.512620449066162,-0.4162241518497467,1.4624274413329583e-12,-7.554584980010986,-0.4162241518497467,1.6870600962453966e-12,-7.723066329956055,-0.4162241518497467,7.934068775255776e-25,-10.785683631896973
Senp8,0.012857439927756786,0.019899943843483925,-0.6352548599243164,0.5807884760692575,-1.052750825881958,-0.6352548599243164,0.3904702317536048,-1.3398550748825073,-0.6352548599243164,0.10622709841501543,-2.0061490535736084
Myo9a,0.037979837507009506,0.0649140253663063,-0.7928920984268188,0.017270653195343866,-2.879412889480591,-0.7928920984268188,0.05349749193582584,-2.5084471702575684,-0.7928920984268188,0.0005643024048124739,-3.8663744926452637
Thsd4,0.00030501492437906563,0.0,18.2187442779541,0.9979940091511154,0.14071114361286163,18.2187442779541,0.5196272646011879,1.0,18.2187442779541,0.46147875269036936,1.0
Lrrc49,0.004651753231883049,0.008674788288772106,-0.9019589424133301,0.8855004149468847,-0.6551083326339722,-0.9019589424133301,0.307272548949152,-1.546732783317566,-0.9019589424133301,0.06432680424544099,-2.24930739402771
Uaca,0.0004302672459743917,0.0004974139155820012,-0.20926189422607422,0.9979940091511154,0.05521576479077339,-0.20926189422607422,1.0,-0.10209540277719498,-0.20926189422607422,0.9994737684050932,-0.13043083250522614
Tle3,0.32627740502357483,0.3312799632549286,-0.02575783059000969,0.7779945717857667,-0.7894073128700256,-0.02575783059000969,0.939761324536634,-0.2680014669895172,-0.02575783059000969,0.8552064483508034,-0.3632851541042328
Rplp1,3.826956272125244,4.014371871948242,-0.27586138248443604,1.4143879834024582e-24,-10.673474311828613,-0.27586138248443604,9.632371150076268e-36,-13.604498863220215,-0.27586138248443604,5.096057870672609e-59,-17.225234985351562
Kif23,0.9395970702171326,0.6375722289085388,0.8056496977806091,7.983579085877839e-28,11.363137245178223,0.8056496977806091,7.033854118888122e-31,12.743739128112793,0.8056496977806091,3.0788019328174943e-61,17.475324630737305
Paqr5,0.0,0.004544568248093128,-22.11899185180664,0.9979940091511154,-0.4858987033367157,-22.11899185180664,0.04490854610021979,-2.5875773429870605,-22.11899185180664,3.706914860867998e-05,-4.553529262542725
Glce,0.011301066726446152,0.025490153580904007,-1.18374764919281,0.10976589693662354,-2.0907180309295654,-1.18374764919281,0.012619171060008141,-3.0670201778411865,-1.18374764919281,3.543908846869692e-05,-4.551600456237793
Anp32a,1.3302851915359497,1.4639649391174316,-0.25632959604263306,0.00014940391547336868,-4.300417423248291,-0.25632959604263306,4.349754432290936e-07,-5.6139044761657715,-0.25632959604263306,4.941475033987217e-12,-7.3310980796813965
Coro2b,0.00034785730531439185,0.0,18.40839195251465,0.9979940091511154,0.14071114361286163,18.40839195251465,0.5196272646011879,1.0,18.40839195251465,0.46147875269036936,1.0
Itga11,0.0,0.0,0.0,0.9979940091511154,0.11319231241941452,0.0,1.0,0.0,0.0,1.0,0.0
Fem1b,0.1232062354683876,0.1334059238433838,-0.12226218730211258,0.09829372889678192,-2.1455776691436768,-0.12226218730211258,0.5877762341405974,-0.875663161277771,-0.12226218730211258,0.37800054214334544,-1.192166805267334
Cln6,0.051469627767801285,0.05238601937890053,-0.026127440854907036,0.04832303827704478,-2.468055486679077,-0.026127440854907036,1.0,-0.11910566687583923,-0.026127440854907036,0.9863301756865765,-0.15103106200695038
Calml4,0.0,0.0,0.0,0.9979940091511154,0.11319231241941452,0.0,1.0,0.0,0.0,1.0,0.0
Pias1,0.2511303126811981,0.18914510309696198,0.4552948474884033,0.09937848897006009,2.1406795978546143,0.4552948474884033,0.0003802521711814514,4.1101765632629395,0.4552948474884033,8.396257647647721e-07,5.340114116668701
Map2k5,0.13939717411994934,0.11917214840650558,0.2410576343536377,0.805478796958583,-0.7545857429504395,0.2410576343536377,0.20321434493045457,1.8219047784805298,0.2410576343536377,0.05290071281046529,2.3371593952178955
2300009A05Rik,0.13853555917739868,0.1864447295665741,-0.463986337184906,4.2088978540239893e-05,-4.604014873504639,-0.463986337184906,0.0037399276960819105,-3.471604824066162,-0.463986337184906,9.441776297036156e-06,-4.847772598266602
Iqch,0.0002852467878255993,0.0,18.12206268310547,0.9979940091511154,0.14071114361286163,18.12206268310547,0.5196272646011879,1.0,18.12206268310547,0.46147875269036936,1.0
Aagab,0.10759889334440231,0.11573588103055954,-0.11115188151597977,0.05355680018703613,-2.424328327178955,-0.11115188151597977,0.6915371066597785,-0.7003545165061951,-0.11115188151597977,0.4824703710306862,-0.9620866775512695
Smad3,0.1130615621805191,0.15017718076705933,-0.43691736459732056,0.00011081768766599531,-4.373266696929932,-0.43691736459732056,0.02033657967408417,-2.889724016189575,-0.43691736459732056,0.00030149364179390124,-4.029309272766113
Lctl,0.00034171927836723626,0.0,18.382701873779297,0.9979940091511154,0.14071114361286163,18.382701873779297,0.5196272646011879,1.0,18.382701873779297,0.46147875269036936,1.0
Zwilch,0.18476925790309906,0.1505429595708847,0.32092806696891785,0.9979940091511154,0.21489618718624115,0.32092806696891785,0.0353076999395643,2.6764166355133057,0.32092806696891785,0.002642230309686535,3.4280898571014404
Rpl4,2.525089979171753,2.699091672897339,-0.27094271779060364,2.5816319514123237e-23,-10.388044357299805,-0.27094271779060364,3.4387583682061796e-26,-11.578835487365723,-0.27094271779060364,3.4988212502023777e-50,-15.696070671081543
Snapc5,0.6189367175102234,0.6053838133811951,0.0427096001803875,0.42136697344620544,1.2989953756332397,0.0427096001803875,0.6873170175768084,0.7074953317642212,0.0427096001803875,0.4921415408825451,0.9442395567893982
Map2k1,0.2170877456665039,0.22572734951972961,-0.06276484578847885,0.21213441365574343,-1.7402762174606323,-0.06276484578847885,0.7399824511108104,-0.6168076992034912,-0.06276484578847885,0.5690132099010689,-0.814414381980896
Uchl4,0.006316871382296085,0.005854616407305002,0.10996930301189423,0.9979940091511154,-0.2321733832359314,0.10996930301189423,0.9795672511702198,0.19158624112606049,0.10996930301189423,0.9283281152892668,0.24699890613555908
Tipin,0.7783089876174927,0.9655523300170898,-0.4654604196548462,2.2439940478742697e-10,-6.833217620849609,-0.4654604196548462,2.8365846809991277e-10,-6.923409938812256,-0.4654604196548462,4.917564870984515e-20,-9.625269889831543
Dis3l,0.06418167054653168,0.0724341943860054,-0.18052998185157776,0.022030325573047592,-2.787238359451294,-0.18052998185157776,0.5348117767177265,-0.9719196557998657,-0.18052998185157776,0.32599009648964117,-1.3006192445755005
Megf11,0.0003637281188275665,0.0,18.472766876220703,0.9979940091511154,0.14071114361286163,18.472766876220703,0.5196272646011879,1.0,18.472766876220703,0.46147875269036936,1.0
Rab11a,0.5912617444992065,0.5815719962120056,0.031507935374975204,0.575667293129731,1.0597864389419556,0.031507935374975204,0.8294616067094807,0.4639347791671753,0.031507935374975204,0.6814070750461744,0.6323052048683167
Dennd4a,0.9336654543876648,0.865232527256012,0.166484072804451,0.0064615758679477,3.2243332862854004,0.166484072804451,0.06492518845670621,2.418182373046875,0.166484072804451,0.004553477255114294,3.256566047668457
Slc24a1,0.0028286075685173273,0.00047116601490415633,2.5874829292297363,0.9979940091511154,0.24847093224525452,2.5874829292297363,0.12336993979670015,2.1011428833007812,2.5874829292297363,0.06593907119719382,2.239068031311035
Ints14,0.14100469648838043,0.18784458935260773,-0.4485098123550415,1.3120832674536116e-05,-4.867358684539795,-0.4485098123550415,0.0030252331597533572,-3.5362308025360107,-0.4485098123550415,7.5186303865821795e-06,-4.896732807159424
Hacd3,0.21769596636295319,0.23408055305480957,-0.11695404350757599,0.07155209975352285,-2.2949273586273193,-0.11695404350757599,0.5112649398557494,-1.104349970817566,-0.11695404350757599,0.2548488787544648,-1.4754369258880615
Dpp8,0.23806951940059662,0.2464500218629837,-0.0562012754380703,0.37621928659960724,-1.3790582418441772,-0.0562012754380703,0.7986874247235086,-0.5161886811256409,-0.0562012754380703,0.6346945529988589,-0.7056522965431213
Igdcc4,0.0003548922250047326,0.0005432504694908857,-0.6143710017204285,0.9979940091511154,0.05521576479077339,-0.6143710017204285,0.9272892929229705,-0.2902737259864807,-0.6143710017204285,0.8312639383084424,-0.40044692158699036
Parp16,0.005939135327935219,0.005396535154432058,0.13861139118671417,0.9979940091511154,-0.2892593443393707,0.13861139118671417,0.9662785162169727,0.2184530347585678,0.13861139118671417,0.9126933319613769,0.27142542600631714
Clpx,0.1742359846830368,0.19135048985481262,-0.1478966623544693,0.02830738553576047,-2.688117027282715,-0.1478966623544693,0.39486532402455576,-1.3296895027160645,-0.1478966623544693,0.16021537352752957,-1.7629202604293823
Pdcd7,0.1931011825799942,0.2176317274570465,-0.19083231687545776,0.005450021004428378,-3.2805287837982178,-0.19083231687545776,0.231466992180377,-1.7444669008255005,-0.19083231687545776,0.05701908594631289,-2.3021316528320312
Ubap1l,0.00027561135357245803,0.0012554713757708669,-2.1882247924804688,0.9979940091511154,-0.0302796121686697,-2.1882247924804688,0.5196272646011879,-1.0481669902801514,-2.1882247924804688,0.17782123267563968,-1.6964057683944702
Kbtbd13,0.0,0.0,0.0,0.9979940091511154,0.11319231241941452,0.0,1.0,0.0,0.0,1.0,0.0
Rasl12,0.0010554882464930415,0.0022484841756522655,-1.0919021368026733,0.9979940091511154,-0.06038110703229904,-1.0919021368026733,0.6320456207875896,-0.8016551733016968,-1.0919021368026733,0.37018843306725263,-1.2070436477661133
Mtfmt,0.11425279825925827,0.1184159442782402,-0.05469515547156334,0.047295863921276896,-2.477139472961426,-0.05469515547156334,0.8740751477763703,-0.3862984776496887,-0.05469515547156334,0.7592042504222638,-0.5117928385734558
Spg21,0.5118761658668518,0.5410268306732178,-0.10276968777179718,0.639525481586326,-0.9709959030151367,-0.10276968777179718,0.3273518445798248,-1.5000537633895874,-0.10276968777179718,0.10479105341805624,-2.0128116607666016
Plekho2,0.1759176403284073,0.1772691309452057,-0.012044710107147694,0.21660964458997847,-1.72727370262146,-0.012044710107147694,1.0,-0.09718351811170578,-0.012044710107147694,0.9991904658823073,-0.13092520833015442
Pif1,0.15416638553142548,0.07948541641235352,1.010645866394043,0.015090925587650955,2.928839921951294,1.010645866394043,4.515660854212401e-11,7.150016784667969,1.010645866394043,4.777781600995504e-16,8.575818061828613
Rbpms2,0.0005372717860154808,0.0007088276906870306,-0.3999060094356537,0.9979940091511154,0.05521576479077339,-0.3999060094356537,0.9791090671000825,-0.1928815245628357,-0.3999060094356537,0.9227037213683522,-0.25548335909843445
Oaz2,0.06794809550046921,0.06583236902952194,0.0471789725124836,0.3822580080225051,-1.367926001548767,0.0471789725124836,0.9606200994676063,0.22828304767608643,0.0471789725124836,0.8872469342942749,0.31224340200424194
Zfp609,0.024556217715144157,0.02952253259718418,-0.2693268358707428,0.3939601127647858,-1.3463740348815918,-0.2693268358707428,0.628679536599183,-0.8078001141548157,-0.2693268358707428,0.4161575563786433,-1.1203898191452026
Trip4,0.14300663769245148,0.14226506650447845,0.008048215880990028,0.1676438623484011,-1.870389461517334,0.008048215880990028,1.0,0.058765947818756104,0.008048215880990028,1.0,0.07896166294813156
Pclaf,2.4612183570861816,2.2299866676330566,0.3690425157546997,0.00010042830687261477,4.39811372756958,0.3690425157546997,1.4211367458952685e-06,5.436154365539551,0.3690425157546997,8.431356750764905e-17,8.784992218017578
Csnk1g1,0.23178227245807648,0.25444474816322327,-0.15159127116203308,0.08853824903994587,-2.195895195007324,-0.15159127116203308,0.38957825378016064,-1.3415861129760742,-0.15159127116203308,0.1400192302448122,-1.861444354057312
Ppib,2.006822109222412,2.0213401317596436,-0.024170316755771637,0.9979940091511154,-0.339042603969574,-0.024170316755771637,0.5847942281187037,-0.8809404373168945,-0.024170316755771637,0.37508326086190397,-1.1977840662002563
Snx22,0.0018023926531895995,0.0017103853169828653,0.0756583884358406,0.9979940091511154,-0.032416995614767075,0.0756583884358406,1.0,0.06530780345201492,0.0756583884358406,1.0,0.07998057454824448
Snx1,0.3540167510509491,0.3528558909893036,0.005625111050903797,0.9979940091511154,-0.2002907246351242,0.005625111050903797,1.0,0.06706797331571579,0.005625111050903797,1.0,0.0898679718375206
Ciao2a,0.9177671670913696,1.0570623874664307,-0.32061296701431274,5.725378629606128e-08,-5.922246932983398,-0.32061296701431274,5.901683722422457e-10,-6.789527893066406,-0.32061296701431274,3.0431267977989816e-18,-9.158149719238281
Dapk2,0.32383790612220764,0.26696646213531494,0.3216542899608612,0.42622578425080765,1.2909802198410034,0.3216542899608612,0.00502168205115024,3.3699562549591064,0.3216542899608612,9.662291190066118e-05,4.316864013671875
Herc1,0.5069406628608704,0.5011463165283203,0.021114446222782135,0.9979940091511154,0.46835434436798096,0.021114446222782135,0.9309257565926842,0.28393834829330444,0.021114446222782135,0.8412530130815321,0.38492292165756226
Fbxl22,0.0137885557487607,0.017655525356531143,-0.3594452738761902,0.780624975864881,-0.7865574359893799,-0.3594452738761902,0.6233620671902846,-0.8165983557701111,-0.3594452738761902,0.3906533856067417,-1.1686546802520752
Usp3,0.48588651418685913,0.48079967498779297,0.01914735697209835,0.9979940091511154,0.3340553641319275,0.01914735697209835,0.9501227321497568,0.250727117061615,0.01914735697209835,0.8737209341881782,0.33476200699806213
Car12,0.002063777996227145,0.02157207392156124,-3.399904727935791,0.17222830261464983,-1.8552496433258057,-3.399904727935791,0.00047969197404018344,-4.078036308288574,-3.399904727935791,9.54354912107026e-11,-6.917690277099609
Aph1b,0.002532015321776271,0.00748524721711874,-1.5673396587371826,0.7937417519720553,-0.7701708078384399,-1.5673396587371826,0.10275925060845774,-2.2004477977752686,-1.5673396587371826,0.003614147926590203,-3.3311100006103516
Aph1c,0.003098467830568552,0.002373854164034128,0.38484644889831543,0.9979940091511154,0.10508806258440018,0.38484644889831543,0.8633597712832458,0.4053126275539398,0.38484644889831543,0.745545044744343,0.5331065654754639
Rab8b,0.700724720954895,0.6810325980186462,0.05695163458585739,0.433034018345321,1.2798479795455933,0.05695163458585739,0.5565098157969353,0.932815670967102,0.05695163458585739,0.3540464213175821,1.2408815622329712
Rps27l,1.5450435876846313,1.81939697265625,-0.4867369830608368,1.4116658678420471e-30,-11.92892074584961,-0.4867369830608368,7.565173072686072e-19,-9.728774070739746,-0.4867369830608368,1.1792679688561015e-40,-14.008584022521973
Lactb,0.2280457466840744,0.2940319776535034,-0.4163174629211426,4.359134140071251e-06,-5.10131311416626,-0.4163174629211426,0.00038743651012005775,-4.108829021453857,-0.4163174629211426,3.065885268412453e-07,-5.531727313995361
Tpm1,0.3114740252494812,0.3725728690624237,-0.30499178171157837,0.0012188060028473038,-3.740600824356079,-0.30499178171157837,0.002887298252313644,-3.548388957977295,-0.30499178171157837,1.6887491860514675e-05,-4.719552516937256
Tln2,0.00351794739253819,0.005557178985327482,-0.6610907912254333,0.9979940091511154,-0.29023897647857666,-0.6610907912254333,0.5809209846108808,-0.8876526951789856,-0.6610907912254333,0.3383853718298415,-1.27371346950531
C2cd4b,0.0,0.0,0.0,0.9979940091511154,0.11319231241941452,0.0,1.0,0.0,0.0,1.0,0.0
Vps13c,0.08396399766206741,0.10249543190002441,-0.3012920320034027,0.0033046792554982515,-3.4409217834472656,-0.3012920320034027,0.22051830491766586,-1.773418664932251,-0.3012920320034027,0.04296286058124343,-2.426480770111084
Rora,0.7008465528488159,0.6706828474998474,0.08769385516643524,0.8599906071629163,0.6866347193717957,0.08769385516643524,0.5263068272878058,0.9880597591400146,0.08769385516643524,0.3011631449097171,1.3537787199020386
Ice2,0.02823570929467678,0.053222861140966415,-0.932671844959259,0.00026355260461047596,-4.157212734222412,-0.932671844959259,0.001206309092609888,-3.803074359893799,-0.932671844959259,9.56223134471932e-07,-5.312774658203125
Anxa2,2.0340676307678223,2.050729751586914,-0.027620919048786163,0.8213474246303245,-0.7360617518424988,-0.027620919048786163,0.8241751140677643,-0.47257423400878906,-0.027620919048786163,0.6526640199138328,-0.6778259873390198
Bnip2,0.5849167108535767,0.5895945429801941,-0.015194636769592762,0.9979940091511154,-0.4536598324775696,-0.015194636769592762,0.9584293337694368,-0.2330426573753357,-0.015194636769592762,0.8839902436830361,-0.31757840514183044
Gtf2a2,0.5655192136764526,0.5616297125816345,0.013024482876062393,0.9979940091511154,0.2162320464849472,0.013024482876062393,0.9760652812486657,0.19946247339248657,0.013024482876062393,0.9186280441167368,0.26165711879730225
Gcnt3,0.0003078751906286925,0.0,18.23221206665039,0.9979940091511154,0.14071114361286163,18.23221206665039,0.5196272646011879,1.0,18.23221206665039,0.46147875269036936,1.0
Fam81a,0.027835752815008163,0.027387632057070732,0.02373906783759594,0.5809554793928808,-1.0523055791854858,0.02373906783759594,1.0,0.07916251569986343,0.02373906783759594,1.0,0.10425086319446564
Myo1e,0.036550719290971756,0.028203951194882393,0.380056232213974,0.9982866462090498,0.021551959216594696,0.380056232213974,0.5028557591006872,1.1195645332336426,0.380056232213974,0.23675567298888545,1.5235220193862915
Ccnb2,1.44318425655365,1.235410213470459,0.40663304924964905,1.3881079597452167e-09,6.550637722015381,0.40663304924964905,4.083604432918067e-10,6.8786492347717285,0.40663304924964905,6.098200014984206e-21,9.85451889038086
Rnf111,0.16669848561286926,0.1611935943365097,0.052525945007801056,0.3399709175691607,-1.4490575790405273,0.052525945007801056,0.8700883135199754,0.3940054476261139,0.052525945007801056,0.745545044744343,0.5329916477203369
Sltm,0.7482988834381104,0.7900793552398682,-0.11234725266695023,0.3723354292698971,-1.3867172002792358,-0.11234725266695023,0.21398273244326688,-1.7918574810028076,-0.11234725266695023,0.04274822654754031,-2.4287517070770264
Mindy2,0.25761592388153076,0.24590276181697845,0.07593724876642227,0.9979940091511154,-0.48759081959724426,0.07593724876642227,0.7008485918729394,0.6831041574478149,0.07593724876642227,0.5051364351539405,0.9225243330001831
Adam10,0.38849735260009766,0.3949945271015167,-0.028919752687215805,0.9979940091511154,-0.3819684088230133,-0.028919752687215805,0.8972702219006929,-0.34581267833709717,-0.028919752687215805,0.7864019827925854,-0.4707452654838562
Aqp9,0.003160787047818303,0.004128158092498779,-0.38591253757476807,0.9979940091511154,-0.17624515295028687,-0.38591253757476807,0.8244903538253329,-0.47171100974082947,-0.38591253757476807,0.6736059988909147,-0.644077718257904
Aldh1a2,0.0,0.0,0.0,0.9979940091511154,0.11319231241941452,0.0,1.0,0.0,0.0,1.0,0.0
Polr2m,0.6442194581031799,0.6882323026657104,-0.13059142231941223,0.19300265181107265,-1.7933545112609863,-0.13059142231941223,0.10567678778031438,-2.1834793090820312,-0.13059142231941223,0.01179185663773835,-2.934969663619995
Myzap,0.00026393975713290274,0.0017906415741890669,-2.7632927894592285,0.9979940091511154,-0.11577498912811279,-2.7632927894592285,0.360448744754075,-1.426018476486206,-2.7632927894592285,0.04978350919764594,-2.3633787631988525
Tcf12,0.26393091678619385,0.27169203758239746,-0.047660041600465775,0.31427713556212017,-1.5002657175064087,-0.047660041600465775,0.8502907976819661,-0.42826569080352783,-0.047660041600465775,0.7113894569292766,-0.5864100456237793
Zfp280d,0.1956179291009903,0.20962315797805786,-0.11020311713218689,0.0332253382708451,-2.6232831478118896,-0.11020311713218689,0.5465330523131717,-0.9508678317070007,-0.11020311713218689,0.343223481055608,-1.2636889219284058
Mns1,0.49127864837646484,0.4411606192588806,0.19418896734714508,0.10064556813995602,2.133821964263916,0.19418896734714508,0.049966220984814874,2.5340499877929688,0.19418896734714508,0.0037393155182933284,3.320300579071045
Tex9,0.08844790607690811,0.0776672512292862,0.19540591537952423,0.553724429907033,-1.0921143293380737,0.19540591537952423,0.5196272646011879,1.0758546590805054,0.19540591537952423,0.2757833663192861,1.4245864152908325
Rfx7,0.23931430280208588,0.22892481088638306,0.07181952148675919,0.9979940091511154,-0.2333311289548874,0.07181952148675919,0.736820006416558,0.6234395503997803,0.07181952148675919,0.541849969736432,0.858805775642395
Nedd4,0.1524754911661148,0.1728307455778122,-0.1958637684583664,0.00442838175025385,-3.3491032123565674,-0.1958637684583664,0.35385673465763456,-1.440060019493103,-0.1958637684583664,0.11885886561085607,-1.9473495483398438
Pygo1,0.00026585644809529185,0.0,18.020484924316406,0.9979940091511154,0.14071114361286163,18.020484924316406,0.5196272646011879,1.0,18.020484924316406,0.46147875269036936,1.0
Dnaaf4,0.024741526693105698,0.03240599110722542,-0.39488106966018677,0.1678866924503147,-1.8694988489151,-0.39488106966018677,0.39715512079350845,-1.3240455389022827,-0.39488106966018677,0.14761259855611336,-1.8326160907745361
Ccpg1os,0.010610904544591904,0.017878230661153793,-0.7579111456871033,0.5500571784518732,-1.0982593297958374,-0.7579111456871033,0.23695714771345286,-1.729188084602356,-0.7579111456871033,0.03873059708885443,-2.4717156887054443
Ccpg1,0.10073509067296982,0.08046422153711319,0.3389900326728821,0.9979940091511154,-0.14222511649131775,0.3389900326728821,0.19700814208880132,1.8401031494140625,0.3389900326728821,0.03728503936432318,2.48918080329895
Pigb,0.03705539554357529,0.03537173569202423,0.06830846518278122,0.42940807370568485,-1.285992980003357,0.06830846518278122,0.9341571857716723,0.27872249484062195,0.06830846518278122,0.8566296051806833,0.3606134355068207
2310009A05Rik,0.2588372230529785,0.28376075625419617,-0.15142036974430084,0.09741131071853976,-2.1499414443969727,-0.15142036974430084,0.3189957334754721,-1.5180109739303589,-0.15142036974430084,0.09682242486033896,-2.0531907081604004
Rab27a,0.29073044657707214,0.24918100237846375,0.2538067698478699,0.49499651457128685,1.1820626258850098,0.2538067698478699,0.05590703546829592,2.484448194503784,0.2538067698478699,0.004341459789233907,3.2723848819732666
Khdc3,0.006807498633861542,0.004177980124950409,0.7062175869941711,0.9979940091511154,0.04711151495575905,0.7062175869941711,0.5196272646011879,1.0386581420898438,0.7062175869941711,0.3395318014084618,1.2713351249694824
Rsl24d1,0.431009978055954,0.5349574685096741,-0.3926974833011627,5.455001454001261e-06,-5.053845405578613,-0.3926974833011627,1.120613564220666e-06,-5.4382734298706055,-0.3926974833011627,3.4607334751959234e-12,-7.378461837768555
Fam214a,0.04531802609562874,0.05133666843175888,-0.18428127467632294,0.25697518393899044,-1.6253917217254639,-0.18428127467632294,0.725158099901163,-0.6424421668052673,-0.18428127467632294,0.5076385936836916,-0.9183301329612732
Arpp19,1.2359898090362549,1.270634412765503,-0.06996142119169235,0.22686407759617636,-1.7008236646652222,-0.06996142119169235,0.32214003445425776,-1.5105981826782227,-0.06996142119169235,0.08560776812219112,-2.114091634750366
Myo5a,0.14369624853134155,0.1704065352678299,-0.26572996377944946,0.0010934599918550195,-3.7712366580963135,-0.26572996377944946,0.1160761301100683,-2.135528087615967,-0.26572996377944946,0.014137857370187336,-2.8694260120391846
Myo5c,0.0,0.0,0.0,0.9979940091511154,0.11319231241941452,0.0,1.0,0.0,0.0,1.0,0.0
Gnb5,0.005169604439288378,0.003945229109376669,0.3908286690711975,0.9979940091511154,-0.03615741804242134,0.3908286690711975,0.7763543394106571,0.5542163848876953,0.3908286690711975,0.6379255387702412,0.7010408043861389
Mapk6,0.3647523820400238,0.4012378454208374,-0.16553471982479095,0.10678852901024129,-2.104343891143799,-0.16553471982479095,0.16648995981231154,-1.938812255859375,-0.16553471982479095,0.026918980126038723,-2.6240758895874023
Leo1,0.25013765692710876,0.26417410373687744,-0.08932546526193619,0.20052538145210055,-1.7723369598388672,-0.08932546526193619,0.550392220195857,-0.944024920463562,-0.08932546526193619,0.34859805852504083,-1.2525683641433716
Tmod3,0.6371883749961853,0.6933389902114868,-0.16680309176445007,0.10306708087746166,-2.1219773292541504,-0.16680309176445007,0.03134206257532617,-2.724569320678711,-0.16680309176445007,0.0012380606980601002,-3.649853467941284
Tmod2,0.0,0.0006402606377378106,-19.28876304626465,0.9979940091511154,0.027607882395386696,-19.28876304626465,0.5196272646011879,-1.0,-19.28876304626465,0.16021537352752957,-1.759765386581421
Lysmd2,0.04279078170657158,0.06472939252853394,-0.6130881309509277,0.019680313428317827,-2.8304312229156494,-0.6130881309509277,0.07936957034606905,-2.3256378173828125,-0.6130881309509277,0.0030458639874711706,-3.383816957473755
Lrrc1,0.021667826920747757,0.0353083498775959,-0.7143414616584778,0.13605668236898225,-1.9831364154815674,-0.7143414616584778,0.14106793967426856,-2.035008430480957,-0.7143414616584778,0.00979876635696154,-3.0000698566436768
Klhl31,0.0,0.000600160681642592,-19.195425033569336,0.9979940091511154,0.027607882395386696,-19.195425033569336,0.5196272646011879,-1.0,-19.195425033569336,0.16021537352752957,-1.759765386581421
Gclc,0.11188553273677826,0.15659816563129425,-0.5180186033248901,1.5835859549164026e-05,-4.825323581695557,-0.5180186033248901,0.004971193309509818,-3.3791990280151367,-0.5180186033248901,1.4775185252370669e-05,-4.749248504638672
Elovl5,0.16902989149093628,0.19412462413311005,-0.218354269862175,0.001190980080198001,-3.7468347549438477,-0.218354269862175,0.16845556266670023,-1.932373046875,-0.218354269862175,0.03349723226175542,-2.5361740589141846
Fbxo9,0.19864892959594727,0.2175319492816925,-0.1450994312763214,0.07681564805922682,-2.2631337642669678,-0.1450994312763214,0.39673825470567065,-1.3249205350875854,-0.1450994312763214,0.15757030344042383,-1.796759843826294
Ick,0.017434842884540558,0.02394540049135685,-0.4624878168106079,0.2452412949290263,-1.6530886888504028,-0.4624878168106079,0.33694805508133535,-1.4779030084609985,-0.4624878168106079,0.10217586419372718,-2.026371955871582
Gsta4,0.00043146032840013504,0.0028491062112152576,-2.7249510288238525,0.9979940091511154,-0.2867657244205475,-2.7249510288238525,0.21150748703333888,-1.801465392112732,-2.7249510288238525,0.013988292056574423,-2.873990297317505
Ddx43,0.01712675206363201,0.012435085140168667,0.4652278423309326,0.9714892571601285,-0.5458345413208008,0.4652278423309326,0.483296528673379,1.157383680343628,0.4652278423309326,0.2832694477970542,1.399797797203064
Cgas,0.06577960401773453,0.0831523910164833,-0.3508048355579376,0.0018797672762837698,-3.613426446914673,-0.3508048355579376,0.24744774736495778,-1.6975558996200562,-0.3508048355579376,0.06123248660706221,-2.2708568572998047
Mto1,0.10635755956172943,0.11596156656742096,-0.13178041577339172,0.05182941538973596,-2.4379539489746094,-0.13178041577339172,0.5788598259824451,-0.8922325968742371,-0.13178041577339172,0.36709416015705515,-1.2136906385421753
Eef1a1,3.8934855461120605,4.019100666046143,-0.18476182222366333,4.860030221091672e-19,-9.37136173248291,-0.18476182222366333,7.349597992071675e-26,-11.399848937988281,-0.18476182222366333,1.9735369642780567e-44,-14.737770080566406
Slc17a5,0.016339309513568878,0.028475482016801834,-0.8101603388786316,0.1959725823372685,-1.784626841545105,-0.8101603388786316,0.19616203544222666,-1.8433667421340942,-0.8101603388786316,0.022649046797786655,-2.6914122104644775
Cd109,0.008542249910533428,0.006718529388308525,0.3477877974510193,0.9979940091511154,-0.176601380109787,0.3477877974510193,0.7431595577107931,0.611931324005127,0.3477877974510193,0.5981541180131736,0.765990674495697
Col12a1,0.0003636896435637027,0.0,18.472614288330078,0.9979940091511154,0.14071114361286163,18.472614288330078,0.5196272646011879,1.0,18.472614288330078,0.46147875269036936,1.0
Cox7a2,1.8452320098876953,1.8639106750488281,-0.03194835036993027,0.6761047792643653,-0.9235281944274902,-0.03194835036993027,0.5318475783722161,-0.9780616164207458,-0.03194835036993027,0.2944607872379667,-1.3700010776519775
Tmem30a,0.6191043853759766,0.6669703125953674,-0.14564302563667297,0.26254391234932284,-1.612389326095581,-0.14564302563667297,0.09619155771679024,-2.2330589294433594,-0.14564302563667297,0.008566544304425844,-3.0469939708709717
Filip1,0.03113890066742897,0.02041643299162388,0.6167550086975098,0.9979940091511154,-0.36050549149513245,0.6167550086975098,0.2460265787281906,1.7005594968795776,0.6167550086975098,0.09325646784644931,2.0730173587799072
Senp6,0.5482328534126282,0.5562009811401367,-0.027091627940535545,0.9979940091511154,-0.1668940931558609,-0.027091627940535545,0.88351767636672,-0.3700394332408905,-0.027091627940535545,0.765854394306454,-0.5023062229156494
Myo6,0.01642926037311554,0.01201402023434639,0.4547409415245056,0.9979940091511154,-0.29763078689575195,0.4547409415245056,0.5036001484284348,1.1179327964782715,0.4547409415245056,0.2879191829012455,1.3863749504089355
Impg1,0.004173019900918007,0.0,21.99567222595215,0.9979940091511154,0.36086171865463257,21.99567222595215,0.023647820625388748,2.830150604248047,21.99567222595215,0.015857694300208926,2.830150604248047
Mei4,0.0006477580755017698,0.0,19.305564880371094,0.9979940091511154,0.16822996735572815,19.305564880371094,0.36655554361386294,1.3914432525634766,19.305564880371094,0.28627911571727477,1.3914432525634766
Irak1bp1,0.0191823560744524,0.04811405390501022,-1.3476653099060059,0.0003223390060665722,-4.104668617248535,-1.3476653099060059,2.2960575253699365e-05,-4.812789440155029,-1.3476653099060059,2.491704310636966e-11,-7.093900203704834
Phip,0.6168659925460815,0.5682733058929443,0.1568661481142044,0.13626010919225917,1.9823349714279175,0.1568661481142044,0.1372993475481477,2.048096179962158,0.1568661481142044,0.01643726521832478,2.8130578994750977
Hmgn3,0.007129862904548645,0.019548187032341957,-1.4640663862228394,0.3533516396340948,-1.4226964712142944,-1.4640663862228394,0.03237370621428154,-2.7171621322631836,-1.4640663862228394,0.00016446533724777794,-4.1851019859313965
Lca5,0.011488761752843857,0.012455342337489128,-0.11723979562520981,0.914793049356261,-0.61672443151474,-0.11723979562520981,0.9579352289932102,-0.2343742549419403,-0.11723979562520981,0.8865771731916067,-0.3134680986404419
Sh3bgrl2,0.0008575204992666841,0.0010720078134909272,-0.32222673296928406,0.9984208920935209,-0.0025826727505773306,-0.32222673296928406,0.9654630225244489,-0.21996237337589264,-0.32222673296928406,0.9022994991083421,-0.2877193093299866
Elovl4,0.0013214510399848223,0.0012351989280432463,0.09744169563055038,0.9979940091511154,0.11025340855121613,0.09744169563055038,1.0,0.05862334370613098,0.09744169563055038,1.0,0.08107944577932358
Ttk,0.33336013555526733,0.21521618962287903,0.7204084992408752,9.699922199678654e-07,5.399834632873535,0.7204084992408752,1.5739789244038857e-11,7.340341567993164,0.7204084992408752,2.6701130122331928e-19,9.45055866241455
Bckdhb,0.0065002101473510265,0.01249149814248085,-0.9467166662216187,0.6275880990249866,-0.986581027507782,-0.9467166662216187,0.17094008267146296,-1.9252673387527466,-0.9467166662216187,0.016018810690160073,-2.8229501247406006
Tent5a,0.15060535073280334,0.16245676577091217,-0.11805476248264313,0.12640884540420672,-2.0211641788482666,-0.11805476248264313,0.7370016962195536,-0.623050332069397,-0.11805476248264313,0.5225679574036053,-0.8924958109855652
Ibtk,0.15156832337379456,0.21052385866641998,-0.5178256630897522,1.6919465780085157e-06,-5.290382385253906,-0.5178256630897522,0.00018387351485846506,-4.305431842803955,-0.5178256630897522,2.6232343313899822e-08,-5.977001190185547
Tpbg,0.0004922423395328224,0.0,18.909366607666016,0.9979940091511154,0.14071114361286163,18.909366607666016,0.5196272646011879,1.0,18.909366607666016,0.46147875269036936,1.0
Ube2cbp,0.011816493235528469,0.033019669353961945,-1.4978755712509155,0.010690718977583603,-3.0541441440582275,-1.4978755712509155,0.00024378361842561155,-4.24177360534668,-1.4978755712509155,2.9898142720899105e-09,-6.3471221923828125
Dop1a,0.09460153430700302,0.10362011194229126,-0.13798142969608307,0.011856100750962911,-3.0171852111816406,-0.13798142969608307,0.6123561951385741,-0.8334326148033142,-0.13798142969608307,0.4242096445063444,-1.1058003902435303
Pgm3,0.1115572601556778,0.14119958877563477,-0.3617843985557556,0.00041918855469284393,-4.033689498901367,-0.3617843985557556,0.04547637905278488,-2.574773073196411,-0.3617843985557556,0.0018150088687639298,-3.539876699447632
Rwdd2a,0.01686044968664646,0.023610884323716164,-0.4906950294971466,0.382116503121602,-1.3685493469238281,-0.4906950294971466,0.4974185194603588,-1.1303364038467407,-0.4906950294971466,0.19583108766447638,-1.6395885944366455
Me1,0.00033845938742160797,0.0012228138512000442,-1.8537851572036743,0.9979940091511154,-0.0302796121686697,-1.8537851572036743,0.5462556644670498,-0.9521188139915466,-1.8537851572036743,0.2522169892347333,-1.4818689823150635
Cyb5r4,0.4437594413757324,0.5284371972084045,-0.3179653286933899,0.0009353545116554585,-3.815587282180786,-0.3179653286933899,5.577003218149578e-05,-4.594717025756836,-0.3179653286933899,9.906571473705844e-09,-6.147676944732666
Cep162,0.09153761714696884,0.0987614169716835,-0.11487636715173721,0.009643954297817591,-3.0893218517303467,-0.11487636715173721,0.6983585628489907,-0.6869876980781555,-0.11487636715173721,0.5182425338130706,-0.9000279903411865
Nt5e,0.01710321381688118,0.023504285141825676,-0.46328940987586975,0.6754885241936893,-0.9242406487464905,-0.46328940987586975,0.5388853603742633,-0.9653104543685913,-0.46328940987586975,0.2737009111221007,-1.429794192314148
Snx14,0.09829623997211456,0.11689475178718567,-0.263658732175827,0.002681609951018201,-3.505666494369507,-0.263658732175827,0.2755119676373543,-1.6225491762161255,-0.263658732175827,0.06585688975846059,-2.238395929336548
Gm20537,0.0,0.0006728235748596489,-19.360355377197266,0.9979940091511154,0.027607882395386696,-19.360355377197266,0.5196272646011879,-1.0,-19.360355377197266,0.16021537352752957,-1.759765386581421
Syncrip,0.8499153852462769,0.9548344016075134,-0.2548448145389557,0.00013537100695633865,-4.325442790985107,-0.2548448145389557,5.903541528502482e-05,-4.585187911987305,-0.2548448145389557,3.7225354602525605e-09,-6.310306549072266
Zfp949,0.03695189580321312,0.044408347457647324,-0.2705978453159332,0.14486213624092512,-1.9514319896697998,-0.2705978453159332,0.5196272646011879,-1.0210713148117065,-0.2705978453159332,0.28120830889874754,-1.4063788652420044
Mthfsl,0.29192548990249634,0.2386515736579895,0.33082038164138794,0.11103197405210269,2.0851964950561523,0.33082038164138794,0.005134099121519233,3.363779306411743,0.33082038164138794,5.8234567929866376e-05,4.436265468597412
Bcl2a1d,0.47720077633857727,0.45324066281318665,0.09293800592422485,0.9979940091511154,0.5059366822242737,0.09293800592422485,0.5101949538072593,1.106308102607727,0.09293800592422485,0.25971626554462396,1.4629777669906616
Bcl2a1a,0.0017937389202415943,0.003543055383488536,-0.9832859635353088,0.9979940091511154,-0.11817954480648041,-0.9832859635353088,0.6032582505397931,-0.8492982983589172,-0.9832859635353088,0.3530147686603153,-1.243049144744873
Trim43b,0.0006640962674282491,0.0,19.341514587402344,0.9979940091511154,0.16822996735572815,19.341514587402344,0.3786162796568149,1.3631608486175537,19.341514587402344,0.29739073656357967,1.3631608486175537
Bcl2a1b,0.8945512771606445,0.8331103920936584,0.1532794088125229,0.09104553084873555,2.182269334793091,0.1532794088125229,0.11035411033651477,2.1612250804901123,0.1532794088125229,0.01351881561864254,2.886260509490967
Gm29094,0.0004036547616124153,0.0,18.623056411743164,0.9979940091511154,0.14071114361286163,18.623056411743164,0.5196272646011879,1.0,18.623056411743164,0.46147875269036936,1.0
Mthfs,0.20434990525245667,0.17823526263237,0.216696634888649,0.9979940091511154,-0.15202146768569946,0.216696634888649,0.17624773875310237,1.9056341648101807,0.216696634888649,0.03728503936432318,2.489403009414673
Minar1,0.0005206058267503977,0.0,18.990209579467773,0.9979940091511154,0.14071114361286163,18.990209579467773,0.5196272646011879,1.0,18.990209579467773,0.46147875269036936,1.0
Tmed3,0.37548547983169556,0.4587128758430481,-0.3530314266681671,0.00025536014269312397,-4.165584087371826,-0.3530314266681671,0.00013330741458076418,-4.3839287757873535,-0.3530314266681671,2.88361734777224e-08,-5.960697174072266
Rasgrf1,0.0,0.0,0.0,0.9979940091511154,0.11319231241941452,0.0,1.0,0.0,0.0,1.0,0.0
Ctsh,0.0025892879348248243,0.026036908850073814,-3.3468847274780273,0.9979940091511154,-0.2914857864379883,-3.3468847274780273,0.16425485562957953,-1.9510782957077026,-3.3468847274780273,0.003092924256248014,-3.3837366104125977
Morf4l1,1.4102743864059448,1.3908804655075073,0.03713095560669899,0.468253680352515,1.2220494747161865,0.03713095560669899,0.5196272646011879,1.0025538206100464,0.03713095560669899,0.2908652602246827,1.378835678100586
Adamts7,0.00042202987242490053,0.0,18.687294006347656,0.9979940091511154,0.14071114361286163,18.687294006347656,0.5196272646011879,1.0,18.687294006347656,0.46147875269036936,1.0
Tbc1d2b,0.1024511307477951,0.09722641110420227,0.07934749126434326,0.21308398217014643,-1.7376935482025146,0.07934749126434326,0.8089825500007336,0.4987271726131439,0.07934749126434326,0.6683109638898603,0.6521840691566467
Plscr1,0.1726209968328476,0.14307129383087158,0.29274970293045044,0.9979940091511154,-0.5050461292266846,0.29274970293045044,0.09295014876360692,2.2481279373168945,0.29274970293045044,0.01367536069587932,2.8822438716888428
Plscr2,0.0007271231734193861,0.0005881018005311489,0.30623364448547363,0.9979940091511154,0.08282364159822464,0.30623364448547363,0.9879376186832055,0.17785684764385223,0.30623364448547363,0.9411509926735543,0.22647976875305176
Plscr4,0.0031029204837977886,0.0018285881960764527,0.7638158202171326,0.9979940091511154,0.07872699201107025,0.7638158202171326,0.6318657524572617,0.8017487525939941,0.7638158202171326,0.4824703710306862,0.9622838497161865
Plod2,0.008969413116574287,0.01459807250648737,-0.7067605257034302,0.5890719732267666,-1.0401936769485474,-0.7067605257034302,0.30479741486506257,-1.5522022247314453,-0.7067605257034302,0.07418165225349327,-2.1834020614624023
Dipk2a,0.048391904681921005,0.06851227581501007,-0.5162519812583923,0.003988498469208221,-3.3815202713012695,-0.5162519812583923,0.0924779443962405,-2.252394199371338,-0.5162519812583923,0.00527714476189854,-3.2083585262298584
Slc9a9,0.07349353283643723,0.046344973146915436,0.6849836111068726,0.7638140810438817,0.808732807636261,0.6849836111068726,0.020113949509222292,2.892038106918335,0.6849836111068726,0.0006259337698558813,3.838270664215088
Chst2,0.05884898453950882,0.0874301865696907,-0.5919821858406067,0.0018555227690799903,-3.617344856262207,-0.5919821858406067,0.023043384560733158,-2.8454055786132812,-0.5919821858406067,0.00020556652244226893,-4.127786159515381
U2surp,0.7960782647132874,0.845524251461029,-0.1274290680885315,0.275005866731627,-1.5838018655776978,-0.1274290680885315,0.07454180990777956,-2.354728937149048,-0.1274290680885315,0.006645947654564402,-3.132206916809082
Paqr9,0.0002969934430439025,0.004281640984117985,-3.852531671524048,0.9979940091511154,-0.03045772761106491,-3.852531671524048,0.5196272646011879,-1.089617371559143,-3.852531671524048,0.12939911135603274,-1.9043478965759277
Pcolce2,0.0,0.0,0.0,0.9979940091511154,0.11319231241941452,0.0,1.0,0.0,0.0,1.0,0.0
Trpc1,0.035897351801395416,0.02894989214837551,0.3153579533100128,0.6899014014580371,-0.9050041437149048,0.3153579533100128,0.5196272646011879,1.0839743614196777,0.3153579533100128,0.28630789771691617,1.3906747102737427
Pls1,0.007757832296192646,0.001194491283968091,2.7039942741394043,0.9979940091511154,0.3851744830608368,2.7039942741394043,0.01819927749903554,2.9253945350646973,2.7039942741394043,0.007946177636966366,3.0762250423431396
Atr,0.20618873834609985,0.1746227890253067,0.26321595907211304,0.9979940091511154,-0.4968528151512146,0.26321595907211304,0.12416133867517797,2.099367141723633,0.26321595907211304,0.021444676961470652,2.712423324584961
Xrn1,0.5267194509506226,0.4780932068824768,0.17774412035942078,0.1620471963631933,1.889447808265686,0.17774412035942078,0.08239030365724236,2.304037570953369,0.17774412035942078,0.008445144192464808,3.052103281021118
Gk5,0.004707465413957834,0.010856523178517818,-1.209980845451355,0.8133765299863481,-0.7459471225738525,-1.209980845451355,0.15608498201279605,-1.978175163269043,-1.209980845451355,0.009767483548438554,-3.001372814178467
Tfdp2,0.055567316710948944,0.057808782905340195,-0.05868418514728546,0.17599630129794167,-1.8437612056732178,-0.05868418514728546,0.9605645487104995,-0.2287163883447647,-0.05868418514728546,0.8810240283547622,-0.3226633369922638
Atp1b3,1.4420303106307983,1.566758632659912,-0.23140394687652588,2.5093905056629235e-05,-4.722550868988037,-0.23140394687652588,6.8028832962855205e-06,-5.070690631866455,-0.23140394687652588,4.1552333349314066e-11,-7.016288757324219
Rnf7,0.8508616089820862,0.8822901844978333,-0.07823369652032852,0.5323445810941356,-1.1267577409744263,-0.07823369652032852,0.30853672654381376,-1.5434585809707642,-0.07823369652032852,0.08951809813104251,-2.0926663875579834
Rasa2,0.26427775621414185,0.24128605425357819,0.14859341084957123,0.9979940091511154,-0.33717238903045654,0.14859341084957123,0.33805415312922865,1.474663496017456,0.14859341084957123,0.12909293329451602,1.9046164751052856
Zbtb38,0.1941363513469696,0.1749356985092163,0.1645214706659317,0.4239918728472356,-1.2947205305099487,0.1645214706659317,0.4382318022065717,1.2403292655944824,0.1645214706659317,0.19732732414085477,1.6350399255752563
Pxylp1,0.08660058677196503,0.09265508502721786,-0.10192591696977615,0.13191146380847066,-1.9989887475967407,-0.10192591696977615,0.7966288967832904,-0.5200414061546326,-0.10192591696977615,0.6210954736375476,-0.7273252606391907
Spsb4,0.0,0.0,0.0,0.9979940091511154,0.11319231241941452,0.0,1.0,0.0,0.0,1.0,0.0
Slc25a36,0.19129469990730286,0.1805698275566101,0.0912160873413086,0.3273165289414377,-1.4739046096801758,0.0912160873413086,0.6811309869630425,0.7178081274032593,0.0912160873413086,0.4838733699620052,0.9593563079833984
Nmnat3,0.0063377851620316505,0.019428826868534088,-1.6256113052368164,0.34008904093795156,-1.448790431022644,-1.6256113052368164,0.020962126781946887,-2.8851523399353027,-1.6256113052368164,2.8523877490302044e-05,-4.603647708892822
Rbp1,0.0003031376108992845,0.0005893948837183416,-0.9594658017158508,0.9979940091511154,0.05521576479077339,-0.9594658017158508,0.8482424166033817,-0.4319031834602356,-0.9594658017158508,0.6804294186630263,-0.6336766481399536
Copb2,0.6084124445915222,0.7715039253234863,-0.47369030117988586,2.966049877532182e-12,-7.455820083618164,-0.47369030117988586,1.4029695240627358e-13,-8.056061744689941,-0.47369030117988586,4.926705450413575e-25,-10.83956241607666
Mrps22,0.18694616854190826,0.25994208455085754,-0.5301820039749146,9.632827068362215e-07,-5.401259422302246,-0.5301820039749146,1.1976146746140233e-05,-4.9459452629089355,-0.5301820039749146,1.2117732799328704e-10,-6.854785442352295
Faim,0.37748876214027405,0.3980681300163269,-0.09238337725400925,0.4108478290555613,-1.3177865743637085,-0.09238337725400925,0.48314720419249024,-1.1581422090530396,-0.09238337725400925,0.2258794950026638,-1.55329430103302
Gm1123,0.0036226024385541677,0.005485710222274065,-0.5999967455863953,0.9979940091511154,-0.4032531976699829,-0.5999967455863953,0.6298025535124379,-0.8053166270256042,-0.5999967455863953,0.4319209243490282,-1.0914230346679688
Pik3cb,0.015294929035007954,0.023676568642258644,-0.6364722847938538,0.3303701322187723,-1.4683830738067627,-0.6364722847938538,0.31465097901601996,-1.5290627479553223,-0.6364722847938538,0.0784056240717361,-2.1563222408294678
Cep70,0.15935780107975006,0.11425086110830307,0.5133439302444458,0.4997118166461157,1.1744927167892456,0.5133439302444458,0.0017158103180408687,3.698331117630005,0.5133439302444458,1.264204316814081e-05,4.786681175231934
Esyt3,0.0002251130499644205,0.0006519058370031416,-1.5343176126480103,0.9979940091511154,0.05521576479077339,-1.5343176126480103,0.7392523102731596,-0.6188281774520874,-1.5343176126480103,0.47034113067767774,-0.9845614433288574
Mras,0.0015071523375809193,0.003414363134652376,-1.1811671257019043,0.9979940091511154,-0.11871389299631119,-1.1811671257019043,0.5345353286576559,-0.9727843403816223,-1.1811671257019043,0.2583453462882825,-1.4667855501174927
Armc8,0.13986161351203918,0.12802837789058685,0.13626286387443542,0.32354241883284335,-1.4811183214187622,0.13626286387443542,0.5217194389249992,0.9955425262451172,0.13626286387443542,0.3279410765726778,1.2959545850753784
Dbr1,0.2881952226161957,0.28312283754348755,0.029451366513967514,0.8604266416869855,-0.6850317120552063,0.029451366513967514,0.9169487423108035,0.3102036118507385,0.029451366513967514,0.8238020429612721,0.41291171312332153
Il20rb,0.016967060044407845,0.026096904650330544,-0.6277514100074768,0.7202248426094544,-0.8656406998634338,-0.6277514100074768,0.39237828341511316,-1.3357795476913452,-0.6277514100074768,0.09408199162270242,-2.0682411193847656
Nck1,0.30362024903297424,0.29675814509391785,0.03817761316895485,0.9979940091511154,-0.0614497996866703,0.03817761316895485,0.8665393124221838,0.3993855118751526,0.03817761316895485,0.7398443788957316,0.5422388911247253
Slc35g2,0.0,0.0,0.0,0.9979940091511154,0.11319231241941452,0.0,1.0,0.0,0.0,1.0,0.0
Stag1,0.6055529117584229,0.5965518355369568,0.028744718059897423,0.5884077993558572,1.0415295362472534,0.028744718059897423,0.8502907976819661,0.4283130168914795,0.028744718059897423,0.7185671815127384,0.5757104754447937
Pccb,0.02128477767109871,0.030209122225642204,-0.5116274356842041,0.11394883893964405,-2.072728395462036,-0.5116274356842041,0.21192713324460294,-1.7981371879577637,-0.5116274356842041,0.03970596287319551,-2.4602818489074707
Msl2,0.1925375610589981,0.21093641221523285,-0.14538626372814178,0.030980231153816786,-2.652672052383423,-0.14538626372814178,0.4038360446039318,-1.310007929801941,-0.14538626372814178,0.164936652458905,-1.7423990964889526
Ppp2r3a,0.009432201273739338,0.010924683883786201,-0.21300339698791504,0.8220974731073509,-0.7349039912223816,-0.21300339698791504,0.8509127818409957,-0.42674848437309265,-0.21300339698791504,0.7328900812260313,-0.5529835820198059
Cep63,0.15999571979045868,0.1705682873725891,-0.1001526340842247,0.007187392685355437,-3.188175916671753,-0.1001526340842247,0.6296985177079965,-0.8054465055465698,-0.1001526340842247,0.45253118905292367,-1.054211974143982
Anapc13,0.553819477558136,0.5151777267456055,0.1346912831068039,0.07308796282896875,2.285398244857788,0.1346912831068039,0.14542713242791452,2.017378807067871,0.1346912831068039,0.026287365969795903,2.633734703063965
Amotl2,0.0,0.0,0.0,0.9979940091511154,0.11319231241941452,0.0,1.0,0.0,0.0,1.0,0.0
Ryk,0.07911588251590729,0.09189577400684357,-0.22538141906261444,0.012789010026324632,-2.9893102645874023,-0.22538141906261444,0.4100175868643581,-1.2973182201385498,-0.22538141906261444,0.16848212717337405,-1.7300430536270142
Slco2a1,0.0003043865435756743,0.0015588848618790507,-2.3574390411376953,0.9979940091511154,-0.0302796121686697,-2.3574390411376953,0.5196272646011879,-1.0883888006210327,-2.3574390411376953,0.15999072176540094,-1.788971185684204
Rab6b,0.009300368838012218,0.011757958680391312,-0.34005361795425415,0.9974196894028399,-0.5117254257202148,-0.34005361795425415,0.7630166015452488,-0.5784401297569275,-0.34005361795425415,0.5519629694479435,-0.8425146341323853
Srprb,0.11612358689308167,0.17502498626708984,-0.635418713092804,3.9125553702055915e-08,-5.990286827087402,-0.635418713092804,1.036970765248983e-05,-4.977230072021484,-0.635418713092804,1.274453226606397e-10,-6.847120761871338
Trf,0.0013534128665924072,0.010432003065943718,-2.9528965950012207,0.9979940091511154,-0.11978258192539215,-2.9528965950012207,0.3959513870082587,-1.3279982805252075,-2.9528965950012207,0.055922126915152984,-2.3127527236938477
1300017J02Rik,0.0009484055335633457,0.0013271162752062082,-0.4849916398525238,0.9979940091511154,0.025114266201853752,-0.4849916398525238,0.8961202829733386,-0.34782278537750244,-0.4849916398525238,0.7713177384895112,-0.4936590790748596
Topbp1,0.7565849423408508,0.8014776706695557,-0.11970612406730652,0.06725032746549602,-2.3229806423187256,-0.11970612406730652,0.17547649273680066,-1.9090726375579834,-0.11970612406730652,0.0279380605403049,-2.6087775230407715
Cdv3,0.7059215903282166,0.9074594974517822,-0.5270378589630127,3.0347995145055e-15,-8.35459041595459,-0.5270378589630127,5.1697661484656275e-17,-9.126968383789062,-0.5270378589630127,1.391774423012046e-32,-12.459500312805176
Bfsp2,0.0002296573802595958,0.002397731877863407,-3.385673999786377,0.9979940091511154,-0.11595310270786285,-3.385673999786377,0.3216304350966886,-1.5137358903884888,-3.385673999786377,0.02909565485084442,-2.5947961807250977
Tmem108,0.002653909381479025,0.013312016613781452,-2.334235906600952,0.8355468626159236,-0.7185173630714417,-2.334235906600952,0.1272816129462027,-2.089998722076416,-2.334235906600952,0.0018704238229154601,-3.5348870754241943
Nphp3,0.0009062705212272704,0.0028976714238524437,-1.6783161163330078,0.9979940091511154,0.02457991987466812,-1.6783161163330078,0.6390158867172282,-0.7888137698173523,-1.6783161163330078,0.31270120864813006,-1.3284893035888672
Uba5,0.1992061883211136,0.2669338881969452,-0.4729710817337036,3.5721191228941506e-06,-5.141388893127441,-0.4729710817337036,0.00010310301340920329,-4.451143264770508,-0.4729710817337036,9.164962578638371e-09,-6.159795761108398
Acad11,0.013886763714253902,0.020334215834736824,-0.5548627972602844,0.4191296856656726,-1.3032701015472412,-0.5548627972602844,0.3616569081872583,-1.4222078323364258,-0.5548627972602844,0.1093287724333495,-1.9908705949783325
Dnajc13,0.20220890641212463,0.23465527594089508,-0.2389528602361679,0.0046570676464763715,-3.3321821689605713,-0.2389528602361679,0.10869462084217497,-2.1701595783233643,-0.2389528602361679,0.011791067521487099,-2.9350311756134033
Acpp,0.00450696749612689,0.0051119523122906685,-0.18215397000312805,0.9979940091511154,-0.17775914072990417,-0.18215397000312805,0.9523296937450284,-0.24620121717453003,-0.18215397000312805,0.8749363622382222,-0.33288997411727905
Mrpl3,0.24075134098529816,0.3503006100654602,-0.6239590644836426,1.405943391904161e-09,-6.5484113693237305,-0.6239590644836426,4.0213604729082075e-10,-6.864182949066162,-0.6239590644836426,1.459004089633368e-19,-9.504518508911133
Nudt16,0.08589216321706772,0.09869866818189621,-0.2098841816186905,0.00898755436542276,-3.1135456562042236,-0.2098841816186905,0.47704275252042944,-1.1683627367019653,-0.2098841816186905,0.21229921345754102,-1.5904417037963867
Nek11,0.0,0.0,0.0,0.9979940091511154,0.11319231241941452,0.0,1.0,0.0,0.0,1.0,0.0
Aste1,0.06388618052005768,0.06250858306884766,0.03245380148291588,0.06901886655213929,-2.311314105987549,0.03245380148291588,0.988854832472568,0.17528925836086273,0.03245380148291588,0.9432973974418648,0.22281990945339203
Atp2c1,0.20120762288570404,0.18875139951705933,0.10147465765476227,0.6070463108658324,-1.0149013996124268,0.10147465765476227,0.5667976117316224,0.9126468896865845,0.10147465765476227,0.37923798398168185,1.1897969245910645
Pik3r4,0.06217280775308609,0.08600395917892456,-0.4855220317840576,0.0009681158098860914,-3.805790901184082,-0.4855220317840576,0.06046290801149772,-2.4516408443450928,-0.4855220317840576,0.0022681304579307707,-3.4734339714050293
Glyctk,0.014376535080373287,0.014547769911587238,-0.017205631360411644,0.8216281418269694,-0.7356164455413818,-0.017205631360411644,1.0,-0.044934388250112534,-0.017205631360411644,1.0,-0.05883146822452545
Wdr82,0.29343217611312866,0.3082727789878845,-0.08242184668779373,0.31421956671405915,-1.5004438161849976,-0.08242184668779373,0.5624444237084951,-0.9210413694381714,-0.08242184668779373,0.3615702491328933,-1.2256557941436768
Ppm1m,0.22316071391105652,0.21902643144130707,0.030070124194025993,0.7123633195602502,-0.8757932186126709,0.030070124194025993,0.930509014936865,0.284831166267395,0.030070124194025993,0.8435631246073975,0.38138872385025024
Twf2,0.742925763130188,0.8270421028137207,-0.22327746450901031,0.004571807605751929,-3.338594436645508,-0.22327746450901031,0.0009173559153464695,-3.875792980194092,-0.22327746450901031,1.4331522830428134e-06,-5.234353065490723
Alas1,0.08175668865442276,0.14254580438137054,-0.846686601638794,6.387966630063715e-09,-6.300742149353027,-0.846686601638794,1.1322579895249662e-06,-5.450254917144775,-0.846686601638794,1.388355915617658e-13,-7.819711208343506
Poc1a,0.3152463138103485,0.21740825474262238,0.6097769737243652,2.8050454194522078e-05,4.6965460777282715,0.6097769737243652,1.1624199866967456e-09,6.655690670013428,0.6097769737243652,7.66138531837015e-16,8.501840591430664
Dusp7,0.06264140456914902,0.06796406954526901,-0.1215367540717125,0.04381766754832746,-2.508042335510254,-0.1215367540717125,0.7466052854867431,-0.6062048673629761,-0.1215367540717125,0.5723275448669843,-0.809024453163147
Rpl29,2.864344835281372,2.9481072425842285,-0.12783637642860413,2.346964187173316e-06,-5.224301815032959,-0.12783637642860413,1.2178363936123102e-08,-6.28685188293457,-0.12783637642860413,1.4135730633648446e-16,-8.698185920715332
Acy1,0.022642051801085472,0.038724385201931,-0.7858981490135193,0.03788117594878801,-2.568957805633545,-0.7858981490135193,0.02777587823421696,-2.773819923400879,-0.7858981490135193,0.00035041530669261436,-3.9909656047821045
Abhd14a,0.03670980781316757,0.07885424047708511,-1.1337167024612427,1.161963643098883e-06,-5.365547180175781,-1.1337167024612427,2.3262712317416993e-06,-5.308525085449219,-1.1337167024612427,2.573594177686697e-13,-7.7356157302856445
Abhd14b,0.011192729696631432,0.016880135983228683,-0.5968765020370483,0.7772640461080915,-0.7907431721687317,-0.5968765020370483,0.5138919548331288,-1.100372314453125,-0.5968765020370483,0.18927612848334702,-1.6593060493469238
Pcbp4,0.09376510977745056,0.09256940335035324,0.019391508772969246,0.07977922008334085,-2.2451441287994385,0.019391508772969246,1.0,0.11619756370782852,0.019391508772969246,0.9851060144864556,0.15284463763237
Gpr62,0.0,0.0,0.0,0.9979940091511154,0.11319231241941452,0.0,1.0,0.0,0.0,1.0,0.0
Parp3,0.0539429634809494,0.06467991322278976,-0.2697046995162964,0.05363616170574365,-2.4236156940460205,-0.2697046995162964,0.44907114907682666,-1.2210614681243896,-0.2697046995162964,0.17584725220488462,-1.7032063007354736
Rrp9,0.11728835105895996,0.2042209655046463,-0.8644593358039856,2.433249667148765e-12,-7.483962535858154,-0.8644593358039856,7.608754280161904e-10,-6.770477771759033,-0.8644593358039856,5.99654375164937e-20,-9.60235595703125
Tex264,0.13961440324783325,0.19258488714694977,-0.503314197063446,7.789300900488255e-06,-4.9783244132995605,-0.503314197063446,0.0008242471078890545,-3.9071433544158936,-0.503314197063446,5.332329795136026e-07,-5.424384593963623
Rad54l2,0.16042274236679077,0.1776295006275177,-0.15975399315357208,0.027519411619469438,-2.699071168899536,-0.15975399315357208,0.4265748169543532,-1.2633183002471924,-0.15975399315357208,0.1694335990867232,-1.7261990308761597
Dcaf1,0.1775219589471817,0.21073268353939056,-0.27214792370796204,0.004493544003790887,-3.344115972518921,-0.27214792370796204,0.07931798981705258,-2.3246989250183105,-0.27214792370796204,0.005558911055508192,-3.1918423175811768
Manf,1.3059602975845337,1.6289253234863281,-0.6067914366722107,1.3538743251126673e-30,-11.93337345123291,-0.6067914366722107,9.449772637484612e-23,-10.814229011535645,-0.6067914366722107,2.6742606239390595e-49,-15.52818489074707
Rbm15b,0.1079278364777565,0.14699780941009521,-0.47450923919677734,0.00013436365463387277,-4.327223777770996,-0.47450923919677734,0.011803704120977362,-3.087984085083008,-0.47450923919677734,7.436130045682671e-05,-4.377255439758301
Dock3,0.0,0.0006193814915604889,-19.240917205810547,0.9979940091511154,0.027607882395386696,-19.240917205810547,0.5196272646011879,-1.0,-19.240917205810547,0.16021537352752957,-1.759765386581421
Mapkapk3,0.17036359012126923,0.2007119506597519,-0.25907769799232483,0.0017731863154692785,-3.630525588989258,-0.25907769799232483,0.12436354419420091,-2.0991997718811035,-0.25907769799232483,0.013899305261548093,-2.8758509159088135
Cish,0.057151906192302704,0.054752908647060394,0.06361240148544312,0.31255196762180015,-1.5042732954025269,0.06361240148544312,0.9572365654445127,0.2361597716808319,0.06361240148544312,0.8831713947970472,0.3189564049243927
Hemk1,0.01382334902882576,0.018477285280823708,-0.42201167345046997,0.5825005673988332,-1.0504353046417236,-0.42201167345046997,0.5196272646011879,-1.0434789657592773,-0.42201167345046997,0.2619502001505798,-1.4576244354248047
6430571L13Rik,0.0,0.0,0.0,0.9979940091511154,0.11319231241941452,0.0,1.0,0.0,0.0,1.0,0.0
Cacna2d2,0.002896528225392103,0.001873290166258812,0.6294885277748108,0.9979940091511154,0.10651298612356186,0.6294885277748108,0.689649952320445,0.7029386758804321,0.6294885277748108,0.5244226157951026,0.8888590931892395
Tmem115,0.14183053374290466,0.1474553942680359,-0.06026582047343254,0.10575105572823106,-2.1089749336242676,-0.06026582047343254,0.8446517178166162,-0.43773871660232544,-0.06026582047343254,0.7030843649280621,-0.5990345478057861
Cyb561d2,0.4140895903110504,0.4171709716320038,-0.013072189874947071,0.9979940091511154,-0.17829348146915436,-0.013072189874947071,0.9901227636353649,-0.17337104678153992,-0.013072189874947071,0.9401326750904929,-0.227953240275383
Nprl2,0.1561271697282791,0.12329096347093582,0.36489200592041016,0.9979940091511154,-0.0410555899143219,0.36489200592041016,0.029599932340965324,2.745093822479248,0.36489200592041016,0.002082931624027018,3.4999120235443115
Zmynd10,0.005580514203757048,0.006048575043678284,-0.11653517931699753,0.9979940091511154,-0.20554512739181519,-0.11653517931699753,0.9824694938869839,-0.18706384301185608,-0.11653517931699753,0.9263005994274391,-0.2502594292163849
Rassf1,0.3217836320400238,0.348984032869339,-0.13778585195541382,0.07388392107420452,-2.2805001735687256,-0.13778585195541382,0.31384151492921303,-1.5311214923858643,-0.13778585195541382,0.10030658406454507,-2.035517454147339
Tusc2,0.09216094762086868,0.11334483325481415,-0.31403374671936035,0.0034235919683281157,-3.4294333457946777,-0.31403374671936035,0.16509073167171257,-1.9445947408676147,-0.31403374671936035,0.02237130327033259,-2.6962928771972656
Hyal2,0.018360896036028862,0.018133018165826797,0.018182706087827682,0.749047170715732,-0.8277021050453186,0.018182706087827682,1.0,0.05161116272211075,0.018182706087827682,1.0,0.06654558330774307
Hyal1,0.01290325541049242,0.008285979740321636,0.6423271894454956,0.9979940091511154,-0.11239079385995865,0.6423271894454956,0.3670089730382465,1.3894751071929932,0.6423271894454956,0.17915014695012718,1.6911760568618774
Naa80,0.04062139615416527,0.03291832283139229,0.3089396357536316,0.9979940091511154,-0.5019291043281555,0.3089396357536316,0.5070811860703509,1.1120014190673828,0.3089396357536316,0.2541667908219347,1.477103352546692
Hyal3,0.0021788510493934155,0.0025775486137717962,-0.2427196204662323,0.9979940091511154,-0.08977014571428299,-0.2427196204662323,0.9524227210842212,-0.24568970501422882,-0.2427196204662323,0.8803231520403932,-0.32385268807411194
Ifrd2,0.05983661115169525,0.12175748497247696,-1.0702522993087769,2.6352235522461132e-09,-6.446351051330566,-1.0702522993087769,8.87174088640607e-08,-5.951397895812988,-1.0702522993087769,6.133132552112245e-17,-8.79938793182373
Lsmem2,0.0,0.0,0.0,0.9979940091511154,0.11319231241941452,0.0,1.0,0.0,0.0,1.0,0.0
Gnai2,2.3568947315216064,2.3214948177337646,0.05652071535587311,0.016145822916595783,2.9043490886688232,0.05652071535587311,0.11019750230936817,2.162735939025879,0.05652071535587311,0.010456791986791768,2.9774246215820312
Gnat1,0.002371440175920725,0.0027152567636221647,-0.19557327032089233,0.9979940091511154,-0.03437626361846924,-0.19557327032089233,0.9714870280200962,-0.2086421549320221,-0.19557327032089233,0.9032280235033152,-0.2859358489513397
Sema3f,0.0,0.0,0.0,0.9979940091511154,0.11319231241941452,0.0,1.0,0.0,0.0,1.0,0.0
Rbm5,0.55253666639328,0.5257449150085449,0.0927615612745285,0.23339823237364657,1.6828339099884033,0.0927615612745285,0.41420641228592453,1.2879136800765991,0.0927615612745285,0.16529055139209503,1.7412015199661255
Rbm6,0.42680516839027405,0.4398771822452545,-0.05363157019019127,0.9979940091511154,-0.439588725566864,-0.05363157019019127,0.6772460832115096,-0.7247558832168579,-0.05363157019019127,0.4863217616061091,-0.9544513821601868
Mon1a,0.06607620418071747,0.06397347897291183,0.04819038510322571,0.31772111052954394,-1.4929629564285278,0.04819038510322571,0.9485882537371009,0.25341710448265076,0.04819038510322571,0.8725135670995635,0.3367139995098114
Traip,0.2333020567893982,0.20431499183177948,0.2130756974220276,0.9979940091511154,0.30947545170783997,0.2130756974220276,0.11718457638048303,2.1293582916259766,0.2130756974220276,0.019976912350176165,2.740924835205078
Uba7,0.10389804095029831,0.10062060505151749,0.04864706099033356,0.7298217090015996,-0.851925790309906,0.04864706099033356,0.9354880963754598,0.27657440304756165,0.04864706099033356,0.8417195325571366,0.3841622769832611
Gm20661,0.0,0.0,0.0,0.9979940091511154,0.11319231241941452,0.0,1.0,0.0,0.0,1.0,0.0
Inka1,0.014895009808242321,0.012903179973363876,0.20854265987873077,0.9111817483015434,-0.6210882663726807,0.20854265987873077,0.7783343763368517,0.5498588681221008,0.20854265987873077,0.6425750838931843,0.6939219236373901
Cdhr4,0.0,0.0,0.0,0.9979940091511154,0.11319231241941452,0.0,1.0,0.0,0.0,1.0,0.0
Ip6k1,0.16370104253292084,0.11827591806650162,0.5024442672729492,0.7204864614833332,0.8652844429016113,0.5024442672729492,0.002392380635508894,3.602285623550415,0.5024442672729492,2.393096340233948e-05,4.642401218414307
Gmppb,0.18885113298892975,0.2289823293685913,-0.30794256925582886,0.0009052936709241336,-3.824582099914551,-0.30794256925582886,0.02196538727187467,-2.8612422943115234,-0.30794256925582886,0.0005396407956904156,-3.8777341842651367
Rnf123,0.07772056013345718,0.08394857496023178,-0.11576265096664429,0.23802168687950084,-1.6705440282821655,-0.11576265096664429,0.7765784160265192,-0.5538419485092163,-0.11576265096664429,0.5826267227842786,-0.7914308905601501
Amigo3,0.004944527521729469,0.010789847932755947,-1.1299917697906494,0.7273685999111437,-0.8550428152084351,-1.1299917697906494,0.17748328196050753,-1.9023901224136353,-1.1299917697906494,0.020574194607157828,-2.729079246520996
Mst1,0.001841836841776967,0.0036028835456818342,-0.9692773818969727,0.9979940091511154,-0.26004841923713684,-0.9692773818969727,0.5196272646011879,-1.0434701442718506,-0.9692773818969727,0.24851210182060054,-1.491025447845459
Apeh,0.24985714256763458,0.2835437059402466,-0.20784622430801392,0.031946721147110654,-2.639758825302124,-0.20784622430801392,0.11090325472446586,-2.158738851547241,-0.20784622430801392,0.011975402901050038,-2.9295732975006104
Bsn,0.007586338557302952,0.017911821603775024,-1.2469004392623901,0.3192817008667725,-1.4897569417953491,-1.2469004392623901,0.03089568394309671,-2.7343668937683105,-1.2469004392623901,0.00022047416942798674,-4.110666275024414
Dag1,0.007695561740547419,0.022677142173051834,-1.5699745416641235,0.10429186662077591,-2.1163668632507324,-1.5699745416641235,0.029389772772463275,-2.752798318862915,-1.5699745416641235,0.00029974330687185946,-4.031014919281006
Nicn1,0.006851525977253914,0.014822017401456833,-1.1190041303634644,0.5617084728038576,-1.080269694328308,-1.1190041303634644,0.10138257199451478,-2.2082018852233887,-1.1190041303634644,0.004181400190098751,-3.2843704223632812
Amt,0.0005541451973840594,0.0006142237689346075,-0.14854352176189423,0.9979940091511154,0.08282364159822464,-0.14854352176189423,1.0,-0.08225313574075699,-0.14854352176189423,1.0,-0.11393395066261292
Tcta,0.01994095928966999,0.02336573787033558,-0.23113906383514404,0.41018506890464,-1.3189442157745361,-0.23113906383514404,0.6918817604440874,-0.69965660572052,-0.23113906383514404,0.5008842816155306,-0.9293005466461182
Rhoa,1.950795292854309,1.8332480192184448,0.19971920549869537,8.359524230233053e-11,6.983458042144775,0.19971920549869537,3.39550359351532e-10,6.875222682952881,0.19971920549869537,1.939660078457853e-18,9.212189674377441
Gpx1,0.6364369988441467,0.9914834499359131,-0.930031955242157,8.758851017596648e-35,-12.737030029296875,-0.930031955242157,2.449127910729109e-35,-13.890947341918945,-0.930031955242157,7.387022779410207e-76,-19.640262603759766
Usp4,0.2632730007171631,0.29256853461265564,-0.1743248850107193,0.20310858408706944,-1.7648561000823975,-0.1743248850107193,0.24688503267652032,-1.6993671655654907,-0.1743248850107193,0.047821128730855686,-2.3805482387542725
1700102P08Rik,0.001929044839926064,0.0,20.880847930908203,0.9979940091511154,0.22326761484146118,20.880847930908203,0.18369047006655947,1.878975749015808,20.880847930908203,0.13555070319272258,1.878975749015808
Ccdc36,0.0,0.0,0.0,0.9979940091511154,0.11319231241941452,0.0,1.0,0.0,0.0,1.0,0.0
Klhdc8b,0.0034586170222610235,0.0022509023547172546,0.6205632090568542,0.9982866462090498,0.021730074658989906,0.6205632090568542,0.6661959144872488,0.7417177557945251,0.6205632090568542,0.5167058308902435,0.9026111364364624
Ccdc71,0.10565239936113358,0.11222883313894272,-0.09194804728031158,0.03689863404719854,-2.5807135105133057,-0.09194804728031158,0.7434315976986233,-0.6110944747924805,-0.09194804728031158,0.5654762056413971,-0.820227324962616
Lamb2,0.0035297817084938288,0.0019995365291833878,0.8210172653198242,0.9979940091511154,0.10651298612356186,0.8210172653198242,0.5694336477796261,0.9082345366477966,0.8210172653198242,0.42156162244265893,1.1110813617706299
Usp19,0.2661033570766449,0.2767375707626343,-0.06454924494028091,0.4113838425524586,-1.3168069124221802,-0.06454924494028091,0.7201593641797914,-0.6514726877212524,-0.06454924494028091,0.5294340467637282,-0.8792973160743713
Qars,0.4346636235713959,0.43149498105049133,0.01300590205937624,0.9979940091511154,0.1355457901954651,0.01300590205937624,0.9885761442116197,0.17586691677570343,0.01300590205937624,0.9382169776406695,0.23168377578258514
Qrich1,0.33207711577415466,0.3460139036178589,-0.06993202120065689,0.5337506438209441,-1.1244423389434814,-0.06993202120065689,0.6312123812370724,-0.8028331398963928,-0.06993202120065689,0.440454371328927,-1.0760161876678467
Impdh2,0.6626386642456055,0.7627667784690857,-0.2837541401386261,0.0004813970062866872,-3.996997833251953,-0.2837541401386261,0.000303453409510953,-4.177357196807861,-0.2837541401386261,5.04809598790306e-08,-5.861310005187988
Ndufaf3,0.3721129596233368,0.3272775113582611,0.21944941580295563,0.1323627453965095,1.997296690940857,0.21944941580295563,0.04166066552410638,2.6094517707824707,0.21944941580295563,0.002552876876110894,3.4376065731048584
Dalrd3,0.10517629235982895,0.14918574690818787,-0.5367190837860107,1.5231493482397863e-05,-4.833694934844971,-0.5367190837860107,0.0015535195631476914,-3.7327146530151367,-0.5367190837860107,1.6245999817976356e-06,-5.208796501159668
Wdr6,0.058348193764686584,0.10875639319419861,-0.9352084994316101,1.1105713102863249e-07,-5.806026458740234,-0.9352084994316101,2.1078842665354676e-06,-5.322546482086182,-0.9352084994316101,9.338145769926798e-13,-7.560047149658203
P4htm,0.0074865021742880344,0.011590701527893543,-0.6335694789886475,0.648122023489371,-0.9600418210029602,-0.6335694789886475,0.41720192170439185,-1.281721830368042,-0.6335694789886475,0.16255080779047587,-1.7508376836776733
Arih2,0.18339227139949799,0.1777389794588089,0.04937351122498512,0.23527740665432337,-1.6777576208114624,0.04937351122498512,0.8505145356766698,0.4273821711540222,0.04937351122498512,0.7327022401180852,0.5533691048622131
Slc25a20,0.15463422238826752,0.12471777200698853,0.33227500319480896,0.9406954193689205,-0.5827934741973877,0.33227500319480896,0.06371990748471636,2.4256539344787598,0.33227500319480896,0.006596214240800733,3.1353743076324463
Prkar2a,0.15314051508903503,0.1921963393688202,-0.356707900762558,0.00030853878559808514,-4.115533828735352,-0.356707900762558,0.02243852120151783,-2.853285551071167,-0.356707900762558,0.00047154371965020287,-3.9126644134521484
Ip6k2,0.06454328447580338,0.06882323324680328,-0.09575025737285614,0.04494748742207892,-2.497889757156372,-0.09575025737285614,0.8184217517478775,-0.48288410902023315,-0.09575025737285614,0.6712517356425288,-0.647742509841919
Nckipsd,0.011577199213206768,0.014528298750519753,-0.3297131657600403,0.5609760261183617,-1.0818727016448975,-0.3297131657600403,0.6334044118635245,-0.7987418174743652,-0.3297131657600403,0.4591798085942381,-1.0431016683578491
Celsr3,0.0,0.001921775285154581,-20.875394821166992,0.9979940091511154,-0.05797655135393143,-20.875394821166992,0.4242579174096888,-1.2695897817611694,-20.875394821166992,0.06672612471536878,-2.234179973602295
Slc26a6,0.011573056690394878,0.010243510827422142,0.17702051997184753,0.9979940091511154,-0.22460347414016724,0.17702051997184753,0.8659772372116307,0.40077030658721924,0.17702051997184753,0.7556973472234552,0.5168648958206177
Tmem89,0.0,0.0,0.0,0.9979940091511154,0.11319231241941452,0.0,1.0,0.0,0.0,1.0,0.0
Uqcrc1,0.791850209236145,0.9087361097335815,-0.29475605487823486,2.634806398513109e-07,-5.649374008178711,-0.29475605487823486,3.373582617006539e-06,-5.221818923950195,-0.29475605487823486,6.1655839282064274e-12,-7.294884204864502
Col7a1,0.0015221688663586974,0.0013448743848130107,0.1787848025560379,0.9979940091511154,0.05263309180736542,0.1787848025560379,1.0,0.1388472020626068,0.1787848025560379,0.9711114748843885,0.17584575712680817
Ucn2,0.0005633835098706186,0.0,19.10416603088379,0.9979940091511154,0.14071114361286163,19.10416603088379,0.5196272646011879,1.0,19.10416603088379,0.46147875269036936,1.0
Pfkfb4,0.007473251316696405,0.006233077496290207,0.26268699765205383,0.9984208920935209,-0.012022786773741245,0.26268699765205383,0.8519198442642384,0.425067663192749,0.26268699765205383,0.725198989612982,0.5651920437812805
Shisa5,1.891124963760376,1.7051050662994385,0.32176515460014343,2.0601164601092726e-17,8.948872566223145,0.32176515460014343,1.6782956391821185e-14,8.363632202148438,0.32176515460014343,6.426377322541273e-28,11.479057312011719
Atrip,0.09279920160770416,0.08922794461250305,0.05923191457986832,0.05480667420444553,-2.4149770736694336,0.05923191457986832,0.8832760073997973,0.3710857033729553,0.05923191457986832,0.7826549879606334,0.47668203711509705
Tma7,1.8714096546173096,1.9506902694702148,-0.13424250483512878,5.0287963624007406e-05,-4.563048362731934,-0.13424250483512878,0.0009448810294733513,-3.8713185787200928,-0.13424250483512878,4.896018729219006e-07,-5.441092491149902
Ccdc51,0.11102137714624405,0.08550354093313217,0.3954901695251465,0.9979940091511154,-0.12592756748199463,0.3954901695251465,0.03297060734658354,2.702798366546631,0.3954901695251465,0.0026333046392567508,3.4293529987335205
Plxnb1,0.0012764869024977088,0.0,20.284669876098633,0.9979940091511154,0.22326761484146118,20.284669876098633,0.1535818178211101,1.9848413467407227,20.284669876098633,0.1107955111803862,1.9848413467407227
Fbxw13,0.0,0.0,0.0,0.9979940091511154,0.11319231241941452,0.0,1.0,0.0,0.0,1.0,0.0
Nme6,0.045054905116558075,0.08520223200321198,-0.9484817385673523,4.167540272429176e-06,-5.110575199127197,-0.9484817385673523,5.8677546037762214e-05,-4.593267917633057,-0.9484817385673523,6.591342129332186e-10,-6.589219570159912
Camp,0.0,0.0004682882281485945,-18.837377548217773,0.9979940091511154,0.027607882395386696,-18.837377548217773,0.5196272646011879,-1.0,-18.837377548217773,0.16021537352752957,-1.759765386581421
Cdc25a,0.11812933534383774,0.20071032643318176,-0.8258991241455078,9.867344833947141e-12,-7.290261745452881,-0.8258991241455078,4.206027484839273e-08,-6.070066452026367,-0.8258991241455078,6.202648928514257e-16,-8.516356468200684
Map4,0.4125683903694153,0.40841183066368103,0.017811473459005356,0.9979940091511154,-0.09555889666080475,0.017811473459005356,0.9596430166629804,0.2311556190252304,0.017811473459005356,0.8906446732040156,0.3064267635345459
Dhx30,0.15094096958637238,0.17798878252506256,-0.2578471899032593,0.0019171177994663873,-3.6071033477783203,-0.2578471899032593,0.17824347294039472,-1.8993057012557983,-0.2578471899032593,0.02669395119802995,-2.6273083686828613
Smarcc1,0.681819498538971,0.7405697107315063,-0.16660656034946442,0.09864688566074607,-2.143974542617798,-0.16660656034946442,0.046105055097279135,-2.5681071281433105,-0.16660656034946442,0.0023801541415957423,-3.4592273235321045
Cspg5,0.001270796055905521,0.004130620509386063,-1.7026889324188232,0.9979940091511154,-0.2886359393596649,-1.7026889324188232,0.29550423342210413,-1.57646644115448,-1.7026889324188232,0.03938044971043823,-2.464393138885498
Elp6,0.10777923464775085,0.11941427737474442,-0.15644776821136475,0.031829898405493044,-2.6415398120880127,-0.15644776821136475,0.5065941165474747,-1.1129508018493652,-0.15644776821136475,0.24393553580635627,-1.5035600662231445
Scap,0.10661780089139938,0.13009624183177948,-0.3044009804725647,0.0015993177321940472,-3.661428451538086,-0.3044009804725647,0.1453059154661703,-2.0185751914978027,-0.3044009804725647,0.018315133701927836,-2.7728192806243896
Ptpn23,0.0415630079805851,0.03802742809057236,0.13082702457904816,0.30286328738965984,-1.5235097408294678,0.13082702457904816,0.7783343763368517,0.5498347878456116,0.13082702457904816,0.6383682207174578,0.7003598809242249
Ngp,0.001176189281977713,0.000877133512403816,0.4234672784805298,0.9979940091511154,0.11043152958154678,0.4234672784805298,0.939761324536634,0.26777181029319763,0.4234672784805298,0.8629816226294476,0.3508874773979187
Klhl18,0.05957231670618057,0.05051485076546669,0.2445279061794281,0.8210667278006349,-0.7365070581436157,0.2445279061794281,0.4977697134321561,1.1292363405227661,0.2445279061794281,0.2460597398412926,1.4979240894317627
Kif9,0.002914685755968094,0.008511165156960487,-1.5500566959381104,0.9979940091511154,-0.4329984486103058,-1.5500566959381104,0.36167647049845647,-1.422245740890503,-1.5500566959381104,0.05600816717360719,-2.3108725547790527
Setd2,0.40338021516799927,0.3706304728984833,0.1473027765750885,0.49955842497128605,1.1748489141464233,0.1473027765750885,0.25670675177596985,1.6703898906707764,0.1473027765750885,0.06481903183911612,2.245789051055908
Nradd,0.01773364096879959,0.02780640497803688,-0.6562219858169556,0.4213603408530879,-1.2991734743118286,-0.6562219858169556,0.2621871530919432,-1.657137155532837,-0.6562219858169556,0.03928451206328749,-2.465266466140747
Nbeal2,0.37356483936309814,0.3829939067363739,-0.043192192912101746,0.7701108882963162,-0.8008067011833191,-0.043192192912101746,0.804307377376276,-0.5064420104026794,-0.043192192912101746,0.6479151006750284,-0.6851140260696411
Ccdc12,1.232513427734375,1.2462505102157593,-0.027896026149392128,0.9999267831978275,0.00017811536963563412,-0.027896026149392128,0.724079301744218,-0.6439205408096313,-0.027896026149392128,0.5262371359699898,-0.8851748704910278
Pth1r,0.0020803825464099646,0.00047738291323184967,2.124784231185913,0.9979940091511154,0.19325517117977142,2.124784231185913,0.2731026653190111,1.626550316810608,2.124784231185913,0.16021537352752957,1.7735201120376587
Myl3,0.0,0.0,0.0,0.9979940091511154,0.11319231241941452,0.0,1.0,0.0,0.0,1.0,0.0
Tmie,0.001639798516407609,0.0009597637108527124,0.7732574939727783,0.9979940091511154,0.13786129653453827,0.7732574939727783,0.7888434951680687,0.5334410667419434,0.7732574939727783,0.651666125942026,0.679544985294342
Als2cl,0.019455453380942345,0.022835858166217804,-0.23357361555099487,0.9630046600042397,-0.5558980703353882,-0.23357361555099487,0.7809728077398479,-0.5463321208953857,-0.23357361555099487,0.5722515898585251,-0.8092502951622009
Fam240a,0.0,0.0,0.0,0.9979940091511154,0.11319231241941452,0.0,1.0,0.0,0.0,1.0,0.0
Tdgf1,0.0002528197946958244,0.0018467726185917854,-2.8699698448181152,0.9979940091511154,-0.11577498912811279,-2.8699698448181152,0.34750321753138697,-1.4550721645355225,-2.8699698448181152,0.0428657234549818,-2.428558349609375
Lrrc2,0.0007262468570843339,0.0,19.470626831054688,0.9979940091511154,0.16822996735572815,19.470626831054688,0.36167647049845647,1.414672613143921,19.470626831054688,0.2795042275398297,1.414672613143921
Ltf,0.0,0.0,0.0,0.9979940091511154,0.11319231241941452,0.0,1.0,0.0,0.0,1.0,0.0
Ccrl2,0.04850975424051285,0.04791877418756485,0.018113188445568085,0.5178744556900067,-1.1471519470214844,0.018113188445568085,1.0,0.06765997409820557,0.018113188445568085,1.0,0.09382591396570206
Lrrfip2,0.21501202881336212,0.1791256070137024,0.2901820242404938,0.9979940091511154,0.3988003134727478,0.2901820242404938,0.05124551425942375,2.523066997528076,0.2901820242404938,0.004117726078163322,3.289933443069458
Mlh1,0.07507424056529999,0.11201127618551254,-0.604313850402832,4.3780859656022695e-06,-5.100155353546143,-0.604313850402832,0.00587213786988239,-3.3253471851348877,-0.604313850402832,2.2746464473848708e-05,-4.651802062988281
Epm2aip1,0.1700744926929474,0.19657780230045319,-0.22863554954528809,0.008315105758567125,-3.1392834186553955,-0.22863554954528809,0.2702845481335967,-1.6359050273895264,-0.22863554954528809,0.06027764290691801,-2.27720308303833
Arpp21,0.0,0.0,0.0,0.9979940091511154,0.11319231241941452,0.0,1.0,0.0,0.0,1.0,0.0
Pdcd6ip,0.8020312786102295,0.8214012384414673,-0.05027086287736893,0.9979940091511154,-0.43050482869148254,-0.05027086287736893,0.5540072384052286,-0.9375391602516174,-0.05027086287736893,0.3453541736843348,-1.2594584226608276
Clasp2,0.181248739361763,0.16682490706443787,0.13034246861934662,0.8228476693237177,-0.7337462306022644,0.13034246861934662,0.4949929569681161,1.134387731552124,0.13034246861934662,0.2518133917082791,1.48294997215271
Ubp1,0.23251552879810333,0.2384246289730072,-0.040635786950588226,0.489430939421258,-1.1906121969223022,-0.040635786950588226,0.8813191364621877,-0.37459754943847656,-0.040635786950588226,0.7583143819705889,-0.5131821036338806
Fbxl2,0.024611089378595352,0.025224674493074417,-0.03597159683704376,0.5853627764318545,-1.0464277267456055,-0.03597159683704376,1.0,-0.10859554260969162,-0.03597159683704376,0.9903962693317064,-0.14513415098190308
Bcl2a1c,0.004427582491189241,0.004536344204097986,-0.03508934751152992,0.9979940091511154,-0.1763342171907425,-0.03508934751152992,1.0,-0.04890229552984238,-0.03508934751152992,1.0,-0.06319037079811096
Crtap,0.022304901853203773,0.031356360763311386,-0.4979555904865265,0.15328453597773398,-1.9214195013046265,-0.4979555904865265,0.33055066428681934,-1.493750810623169,-0.4979555904865265,0.08645792446423523,-2.109457492828369
Glb1,0.09895205497741699,0.10125470161437988,-0.034876078367233276,0.024403909850995407,-2.747340440750122,-0.034876078367233276,0.9603785016752305,-0.22981242835521698,-0.034876078367233276,0.8951936302692891,-0.299476683139801
Tmppe,0.0035392490681260824,0.0018689953722059727,0.9223852753639221,0.9979940091511154,0.16342084109783173,0.9223852753639221,0.5694336477796261,0.9081535339355469,0.9223852753639221,0.4105164373433835,1.1313462257385254
Ccr4,0.0,0.0032027794513851404,-21.613204956054688,0.9979940091511154,0.027607882395386696,-21.613204956054688,0.5196272646011879,-1.0,-21.613204956054688,0.16021537352752957,-1.759765386581421
Trim71,0.0,0.0,0.0,0.9979940091511154,0.11319231241941452,0.0,1.0,0.0,0.0,1.0,0.0
Cnot10,0.22625398635864258,0.22068151831626892,0.040146734565496445,0.6668881507679911,-0.9350166320800781,0.040146734565496445,0.8801722124847978,0.37658411264419556,0.040146734565496445,0.7665398970407199,0.5010000467300415
Dync1li1,0.32606542110443115,0.336777925491333,-0.054789647459983826,0.8618648132503861,-0.6831614971160889,-0.054789647459983826,0.7238427104117408,-0.6446130275726318,-0.054789647459983826,0.5379388832878055,-0.8656729459762573
Cmtm6,0.2255614846944809,0.23161879181861877,-0.0427672453224659,0.5328177605974991,-1.1257781982421875,-0.0427672453224659,0.8769683200439482,-0.3812091648578644,-0.0427672453224659,0.7518118887610198,-0.5234071016311646
Cmtm7,1.5211094617843628,1.6696172952651978,-0.2688613831996918,8.607001006944227e-06,-4.95686149597168,-0.2688613831996918,3.1813786613355976e-05,-4.7303056716918945,-0.2688613831996918,6.591342129332186e-10,-6.589694023132324
Cmtm8,0.0006104338099248707,0.00118642405141145,-0.9591274857521057,0.9984208920935209,-0.0025826727505773306,-0.9591274857521057,0.7440376765363665,-0.6097635626792908,-0.9591274857521057,0.522800066846211,-0.891650915145874
Gpd1l,0.1135554164648056,0.17156845331192017,-0.638229250907898,6.259763429584416e-07,-5.48345947265625,-0.638229250907898,0.0001431078919651983,-4.3737335205078125,-0.638229250907898,3.0979067728479944e-09,-6.339914321899414
Rps27rt,0.4443196952342987,0.4435715079307556,0.0030109863728284836,0.9979940091511154,0.3892711400985718,0.0030109863728284836,1.0,0.037591204047203064,0.0030109863728284836,1.0,0.051702480763196945
Stt3b,0.36624887585639954,0.4197815954685211,-0.23795317113399506,0.016546102249892718,-2.8955323696136475,-0.23795317113399506,0.01564446144090623,-2.9849932193756104,-0.23795317113399506,0.00033747598396835477,-4.000882625579834
Gadl1,0.00031346603645943105,0.0006278831860981882,-1.0024116039276123,0.9979940091511154,0.05521576479077339,-1.0024116039276123,0.8391024322514251,-0.4480266869068146,-1.0024116039276123,0.6626411296919298,-0.6620163321495056
Tgfbr2,0.298188716173172,0.2927561104297638,0.030637947842478752,0.857447203092628,-0.690464198589325,0.030637947842478752,0.9128096256784288,0.31741514801979065,0.030637947842478752,0.8173988078421907,0.42281246185302734
Zcwpw2,0.003192318370565772,0.0017695300048217177,0.8522647023200989,0.9979940091511154,0.16253027319908142,0.8522647023200989,0.6319259054420406,0.8015965223312378,0.8522647023200989,0.46147875269036936,1.0097482204437256
Azi2,0.5085075497627258,0.49215057492256165,0.05994822457432747,0.731815195888604,0.8486306667327881,0.05994822457432747,0.6139638290640375,0.8311467170715332,0.05994822457432747,0.4218517759811903,1.1102838516235352
Cmc1,0.5487661361694336,0.5002557039260864,0.17156364023685455,0.08467493767503544,2.217180013656616,0.17156364023685455,0.05874081509100405,2.4626028537750244,0.17156364023685455,0.004629918295707417,3.251047372817993
Eomes,0.16094936430454254,0.21427728235721588,-0.45254218578338623,8.625160561077751e-05,-4.434894561767578,-0.45254218578338623,0.015441105092725093,-2.993300676345825,-0.45254218578338623,0.00012691549901321382,-4.247771739959717
Golga4,0.3526315689086914,0.412653386592865,-0.2728199362754822,0.005879036166778552,-3.2553255558013916,-0.2728199362754822,0.014921191143279229,-3.003936290740967,-0.2728199362754822,0.00023241082776480053,-4.097079753875732
Itga9,0.00046963043860159814,0.004818857181817293,-3.362229108810425,0.9979940091511154,-0.11595310270786285,-3.362229108810425,0.47566312907416997,-1.1718250513076782,-3.362229108810425,0.10199913850926928,-2.0283708572387695
Ctdspl,0.0027819068636745214,0.001665049814619124,0.7413142919540405,0.9981009014843685,0.02315499819815159,0.7413142919540405,0.6737155014347767,0.7301206588745117,0.7413142919540405,0.5451005527136938,0.8539482951164246
Vill,0.0014309167163446546,0.002035794546827674,-0.5090884566307068,0.9979940091511154,0.07961756736040115,-0.5090884566307068,0.8898252370869103,-0.35936814546585083,-0.5090884566307068,0.7331578329896896,-0.5525438189506531
Plcd1,0.006165100261569023,0.006633499171584845,-0.10598400235176086,0.9979940091511154,-0.17936217784881592,-0.10598400235176086,0.9909033572715821,-0.17201924324035645,-0.10598400235176086,0.936530180165976,-0.2346540093421936
Acaa1b,0.0040845712646842,0.003994669299572706,0.03217363357543945,0.9979940091511154,-0.14837010204792023,0.03217363357543945,1.0,0.04608939215540886,0.03217363357543945,1.0,0.059847090393304825
Oxsr1,0.26170262694358826,0.26974010467529297,-0.0496959313750267,0.05335983775582641,-2.425753116607666,-0.0496959313750267,0.8175552391279598,-0.4849870800971985,-0.0496959313750267,0.6835434136090972,-0.6294218897819519
Myd88,0.254908949136734,0.2682778537273407,-0.08380948007106781,0.12475300719214401,-2.0279324054718018,-0.08380948007106781,0.5803185125024429,-0.8886808156967163,-0.08380948007106781,0.39315335102328797,-1.1640424728393555
Acaa1a,0.3503739535808563,0.3869144916534424,-0.17109355330467224,0.12515462291305796,-2.026507616043091,-0.17109355330467224,0.12465881101798595,-2.0974345207214355,-0.17109355330467224,0.015874774328864152,-2.8265058994293213
Xylb,0.002621985971927643,0.0069197602570056915,-1.4031643867492676,0.9485794871354793,-0.573531448841095,-1.4031643867492676,0.18924592131834925,-1.8643237352371216,-1.4031643867492676,0.014396567639212687,-2.8629565238952637
Acvr2b,0.0005130294593982399,0.0023240710142999887,-2.180845022201538,0.9979940091511154,-0.20127035677433014,-2.180845022201538,0.36167647049845647,-1.4175124168395996,-2.180845022201538,0.0784056240717361,-2.156447410583496
Exog,0.02625090628862381,0.038065213710069656,-0.5446738004684448,0.15642936457223436,-1.9094858169555664,-0.5446738004684448,0.26937947310144367,-1.6391907930374146,-0.5446738004684448,0.04486341482349259,-2.4081108570098877
Wdr48,0.1885703057050705,0.18777205049991608,0.0067140706814825535,0.3225296164392388,-1.4831666946411133,0.0067140706814825535,1.0,0.05745157599449158,0.0067140706814825535,1.0,0.07651588320732117
Cx3cr1,0.2715478837490082,0.13593259453773499,1.099460482597351,0.1310356691924403,2.0025510787963867,1.099460482597351,2.728558112449227e-09,6.4939045906066895,1.099460482597351,2.560336669093467e-13,7.757543087005615
Gorasp1,0.002434052061289549,0.005660926923155785,-1.220007300376892,0.9979940091511154,-0.20518890023231506,-1.220007300376892,0.5261794511763619,-0.988900899887085,-1.220007300376892,0.20658890167799945,-1.6069458723068237
Ttc21a,0.0,0.0012511778622865677,-20.255760192871094,0.9979940091511154,-0.05797655135393143,-20.255760192871094,0.3628516453926332,-1.4043740034103394,-20.255760192871094,0.03890817161658291,-2.4713687896728516
Csrnp1,0.3183296322822571,0.30106061697006226,0.09356630593538284,0.9979940091511154,-0.10820508748292923,0.09356630593538284,0.5546223780343403,0.9358956813812256,0.09356630593538284,0.3460240756087942,1.2581427097320557
Ccr8,0.0006020497530698776,0.0,19.199960708618164,0.9979940091511154,0.16822996735572815,19.199960708618164,0.3675868008544727,1.387886881828308,19.199960708618164,0.2875732946339948,1.387886881828308
Slc25a38,0.0968591645359993,0.10266970098018646,-0.08831112086772919,0.03657625283923818,-2.584275722503662,-0.08831112086772919,0.7586084075982746,-0.5857944488525391,-0.08831112086772919,0.5940107402333009,-0.7727949023246765
Rpsa,4.113860607147217,4.211530685424805,-0.14313602447509766,3.661480527478753e-09,-6.391758918762207,-0.14313602447509766,3.306976411981296e-14,-8.205010414123535,-0.14313602447509766,1.0847167685688584e-22,-10.311681747436523
Myrip,0.0002550343342591077,0.0,17.960521697998047,0.9979940091511154,0.14071114361286163,17.960521697998047,0.5196272646011879,1.0,17.960521697998047,0.46147875269036936,1.0
Eif1b,0.6181324124336243,0.625238835811615,-0.02214549481868744,0.993993579790308,0.5172470211982727,-0.02214549481868744,0.9005240642245113,-0.3405400812625885,-0.02214549481868744,0.7910172252686087,-0.4635302722454071
Rpl14,2.802713632583618,3.0726397037506104,-0.4112883508205414,1.0287775615689658e-42,-14.159547805786133,-0.4112883508205414,3.454455038127778e-41,-15.055014610290527,-0.4112883508205414,2.8113802397179557e-82,-20.589618682861328
Ctnnb1,0.4197312593460083,0.458038330078125,-0.1556498110294342,0.17585156080007575,-1.8442955017089844,-0.1556498110294342,0.13691823084107868,-2.0493505001068115,-0.1556498110294342,0.01874857344154331,-2.763803720474243
Ulk4,0.012453333474695683,0.013890366069972515,-0.15859174728393555,0.8961794779515528,-0.6421058773994446,-0.15859174728393555,0.9028165119320785,-0.33543819189071655,-0.15859174728393555,0.795931863030922,-0.45620599389076233
Trak1,0.1704789102077484,0.18907786905765533,-0.16320520639419556,0.02379916657790821,-2.7576711177825928,-0.16320520639419556,0.36167647049845647,-1.4179662466049194,-0.16320520639419556,0.13232421550347045,-1.8912309408187866
Vipr1,0.0017269583186134696,0.005954967811703682,-1.7889117002487183,0.9979940091511154,-0.2041202038526535,-1.7889117002487183,0.40525174824720583,-1.3075461387634277,-1.7889117002487183,0.08127583276171078,-2.139545440673828
Sec22c,0.0362793393433094,0.040036290884017944,-0.1448872983455658,0.2317066311334391,-1.687464952468872,-0.1448872983455658,0.7711141980029017,-0.5642055869102478,-0.1448872983455658,0.5934725918880052,-0.7735968232154846
Ss18l2,0.20617824792861938,0.2748589813709259,-0.4663260877132416,2.8378573153568675e-06,-5.186986446380615,-0.4663260877132416,2.1505123551685885e-05,-4.81309700012207,-0.4663260877132416,1.0042130344780064e-09,-6.523585319519043
Nktr,0.9491720795631409,0.9761162400245667,-0.06289072334766388,0.6098897548701037,-1.0108046531677246,-0.06289072334766388,0.48494949720843544,-1.1532667875289917,-0.06289072334766388,0.2269079561815483,-1.550085186958313
Zfp651,0.0007998596993274987,0.0010959753999486566,-0.4546097218990326,0.9984208920935209,-0.0025826727505773306,-0.4546097218990326,0.9189442370897183,-0.30550336837768555,-0.4546097218990326,0.8268006251915102,-0.4080382287502289
Klhl40,0.0,0.0,0.0,0.9979940091511154,0.11319231241941452,0.0,1.0,0.0,0.0,1.0,0.0
Ccdc13,0.0,0.0,0.0,0.9979940091511154,0.11319231241941452,0.0,1.0,0.0,0.0,1.0,0.0
Higd1a,0.9899212121963501,1.133638858795166,-0.3172546923160553,4.575999134550457e-06,-5.090270042419434,-0.3172546923160553,1.8337557248621034e-09,-6.58759069442749,-0.3172546923160553,3.261283642342401e-16,-8.604079246520996
Gask1a,0.0006532126571983099,0.0,19.31766700744629,0.9979940091511154,0.14071114361286163,19.31766700744629,0.5196272646011879,1.0,19.31766700744629,0.46147875269036936,1.0
Pomgnt2,0.0,0.0,0.0,0.9979940091511154,0.11319231241941452,0.0,1.0,0.0,0.0,1.0,0.0
Snrk,0.16771061718463898,0.1427243947982788,0.2512319087982178,0.48149203822446,-1.2026349306106567,0.2512319087982178,0.1299658898257269,2.0737156867980957,0.2512319087982178,0.02821940531471064,2.6051363945007324
Ano10,0.10270382463932037,0.13696318864822388,-0.44050484895706177,0.0008645529862041365,-3.8376736640930176,-0.44050484895706177,0.024623577854734582,-2.819671392440796,-0.44050484895706177,0.00034829484583449107,-3.9925448894500732
Abhd5,0.10111840069293976,0.13894067704677582,-0.4862520396709442,4.925400261513686e-06,-5.075129985809326,-0.4862520396709442,0.0026062930463046563,-3.5801308155059814,-0.4862520396709442,9.863357800127461e-06,-4.838958263397217
Tcaim,0.023337511345744133,0.024725783616304398,-0.0843709409236908,0.6842223782215353,-0.9118615984916687,-0.0843709409236908,0.9559610203048581,-0.2389218807220459,-0.0843709409236908,0.8790241572922077,-0.32698604464530945
Zfp445,0.14246752858161926,0.161063551902771,-0.19075049459934235,0.010923778874784304,-3.046396255493164,-0.19075049459934235,0.3782890802265563,-1.3644113540649414,-0.19075049459934235,0.13894173847386188,-1.8654433488845825
Zkscan7,0.007245573215186596,0.009522341191768646,-0.395860880613327,0.8633035431574145,-0.6812912821769714,-0.395860880613327,0.6652720352796456,-0.7434231638908386,-0.395860880613327,0.4686196952514068,-0.9875434041023254
Zfp105,0.0,0.0010680563282221556,-20.027328491210938,0.9979940091511154,0.027607882395386696,-20.027328491210938,0.5196272646011879,-1.0,-20.027328491210938,0.16021537352752957,-1.759765386581421
1110059G10Rik,0.24207442998886108,0.253162145614624,-0.07293879240751266,0.3415798718164005,-1.4451390504837036,-0.07293879240751266,0.6784017400114981,-0.7228057980537415,-0.07293879240751266,0.47498168240988614,-0.9758978486061096
Kif15,1.0920140743255615,0.8479447960853577,0.5690271258354187,1.1297844495059244e-15,8.476154327392578,0.5690271258354187,7.447481346126519e-17,9.116718292236328,0.5690271258354187,1.1511779069086267e-34,12.86912727355957
Tmem42,0.03075607866048813,0.05352107807993889,-0.815772294998169,0.006542828888128496,-3.2201476097106934,-0.815772294998169,0.008813170150474694,-3.1917686462402344,-0.815772294998169,2.705718605788118e-05,-4.612338066101074
Tgm4,0.0,0.0,0.0,0.9979940091511154,0.11319231241941452,0.0,1.0,0.0,0.0,1.0,0.0
Zdhhc3,0.2737951874732971,0.37048596143722534,-0.5098074674606323,7.17867114448907e-07,-5.457543849945068,-0.5098074674606323,4.201942335695158e-07,-5.637184143066406,-0.5098074674606323,1.3494304655632488e-13,-7.824533462524414
Exosc7,0.37076807022094727,0.4848177134990692,-0.47504231333732605,6.354397611755567e-08,-5.90345573425293,-0.47504231333732605,2.1601937276804243e-08,-6.180509090423584,-0.47504231333732605,1.2304885207533812e-15,-8.431912422180176
Clec3b,0.005821567960083485,0.002095308620482683,1.4769343137741089,0.9979940091511154,0.16110534965991974,1.4769343137741089,0.1832505938574449,1.8804181814193726,1.4769343137741089,0.09045378743716063,2.088549852371216
Tmem158,0.004955834709107876,0.009191805496811867,-0.8942793011665344,0.730181460957566,-0.8511242866516113,-0.8942793011665344,0.28561749765317745,-1.5974940061569214,-0.8942793011665344,0.06543771062922975,-2.2416813373565674
Lars2,0.12484795600175858,0.14657053351402283,-0.24744659662246704,0.0022385648528115668,-3.5612385272979736,-0.24744659662246704,0.21528284213721313,-1.78831946849823,-0.24744659662246704,0.0457906935830171,-2.3993000984191895
Limd1,0.3870086967945099,0.4392199218273163,-0.22282558679580688,0.08919006952118257,-2.1923329830169678,-0.22282558679580688,0.04029707615526584,-2.6249492168426514,-0.22282558679580688,0.0013375817013464933,-3.6281120777130127
Sacm1l,0.2591196894645691,0.2706296145915985,-0.0713697299361229,0.4559040530218993,-1.2418203353881836,-0.0713697299361229,0.6856435119568256,-0.7102433443069458,-0.0713697299361229,0.47929716839369574,-0.9679549932479858
Slc6a20b,0.007294475566595793,0.006423533894121647,0.18406595289707184,0.9979940091511154,-0.17793725430965424,0.18406595289707184,0.9218317097408858,0.29976946115493774,0.18406595289707184,0.8396287402786162,0.3878483474254608
Slc6a20a,0.002720085671171546,0.0009431177750229836,1.529423475265503,0.9979940091511154,0.10820508748292923,1.529423475265503,0.4115105905414478,1.2931418418884277,1.529423475265503,0.2803884929583053,1.4100755453109741
Ccr9,0.06240047886967659,0.056985706090927124,0.13490180671215057,0.6629575729948372,-0.9404491186141968,0.13490180671215057,0.8503473854407652,0.42810744047164917,0.13490180671215057,0.720105282333246,0.5733364224433899
Lztfl1,0.16133533418178558,0.23104925453662872,-0.5700690150260925,6.316433493382273e-07,-5.481500148773193,-0.5700690150260925,0.0006764256891519312,-3.9640650749206543,-0.5700690150260925,1.587573213771119e-07,-5.653389930725098
Fyco1,0.1347634345293045,0.09547329694032669,0.5261452794075012,0.9979940091511154,-0.2135603278875351,0.5261452794075012,0.0052543045916339974,3.3545546531677246,0.5261452794075012,0.00012468638360423526,4.254523277282715
Cxcr6,0.6715863347053528,0.6566808223724365,0.04431416839361191,0.9979940091511154,-0.3419815003871918,0.04431416839361191,0.8040132629438395,0.5071948766708374,0.04431416839361191,0.6581032154229605,0.6696682572364807
Xcr1,0.0014380045467987657,0.0007056363392621279,1.0275988578796387,0.9979940091511154,0.11043152958154678,1.0275988578796387,0.7224656286589285,0.6474733352661133,1.0275988578796387,0.6047598622586824,0.7544612884521484
Ccr1,0.005134437698870897,0.003962098620831966,0.37478774785995483,0.9979940091511154,0.21409466862678528,0.37478774785995483,0.8618702248496596,0.40787315368652344,0.37478774785995483,0.7222143289099056,0.5700008869171143
Ccr3,0.006531593389809132,0.011746744625270367,-0.8505217432975769,0.9714892571601285,-0.545211136341095,-0.8505217432975769,0.4953273303073,-1.1344364881515503,-0.8505217432975769,0.16021537352752957,-1.7607121467590332
Ccr2,0.5043147802352905,0.4161374866962433,0.34573227167129517,0.9979940091511154,0.10954094678163528,0.34573227167129517,0.023938272366832745,2.827127456665039,0.34573227167129517,0.00098624092233434,3.713353395462036
Ccr5,0.5273433327674866,0.4499022364616394,0.28952381014823914,0.334517074476672,1.4598335027694702,0.28952381014823914,0.029810466053965194,2.7437362670898438,0.28952381014823914,0.0010937929056763665,3.684048891067505
2010315B03Rik,0.04668082669377327,0.04855550825595856,-0.05816788226366043,0.2606372415123936,-1.617465615272522,-0.05816788226366043,0.9579352289932102,-0.23453883826732635,-0.05816788226366043,0.8802504683582035,-0.32417115569114685
Ppp2r3d,0.07147644460201263,0.07040605694055557,0.022549595683813095,0.19570090205471294,-1.7854284048080444,0.022549595683813095,1.0,0.12189025431871414,0.022549595683813095,0.9795466184518221,0.1632489562034607
Sfi1,0.038039226084947586,0.0437266081571579,-0.20515409111976624,0.4913423990680109,-1.188118577003479,-0.20515409111976624,0.7624535359440447,-0.579513430595398,-0.20515409111976624,0.5541548650992844,-0.8391358852386475
Drg1,0.4659927487373352,0.504957377910614,-0.1462264508008957,0.22892619780439838,-1.6950348615646362,-0.1462264508008957,0.1299658898257269,-2.0746512413024902,-0.1462264508008957,0.017981493586107723,-2.7795357704162598
Eif4enif1,0.2836497128009796,0.2951045036315918,-0.06577650457620621,0.3300856807050961,-1.4689173698425293,-0.06577650457620621,0.6904116162374769,-0.7020303606987,-0.06577650457620621,0.4966629566089666,-0.9365845322608948
Patz1,0.09549803286790848,0.12329575419425964,-0.38899749517440796,0.0003467883972844632,-4.085075855255127,-0.38899749517440796,0.03917685551535086,-2.63602876663208,-0.38899749517440796,0.0014539124522838995,-3.6043312549591064
Pik3ip1,0.06058967858552933,0.07507926970720291,-0.3199126422405243,0.06520946012480452,-2.33642840385437,-0.3199126422405243,0.4032443255732477,-1.3114570379257202,-0.3199126422405243,0.13759217700686505,-1.870428204536438
Limk2,0.17637862265110016,0.1798451542854309,-0.030654434114694595,0.18879348296015003,-1.8055554628372192,-0.030654434114694595,0.9466247052033452,-0.25683191418647766,-0.030654434114694595,0.8683115219187394,-0.3433893024921417
Rnf185,0.03791530430316925,0.03890559449791908,-0.037916481494903564,0.4082860222576074,-1.3217941522598267,-0.037916481494903564,0.999608982497242,-0.1527254432439804,-0.037916481494903564,0.953633946247677,-0.20465080440044403
Pla2g3,0.00028915933216921985,0.0,18.1417179107666,0.9979940091511154,0.14071114361286163,18.1417179107666,0.5196272646011879,1.0,18.1417179107666,0.46147875269036936,1.0
Inpp5j,0.0,0.0035622986033558846,-21.766948699951172,0.9979940091511154,-0.05797655135393143,-21.766948699951172,0.3947230267761985,-1.3317856788635254,-21.766948699951172,0.05227853345351195,-2.343630313873291
Selenom,0.09925128519535065,0.12921644747257233,-0.40265876054763794,0.00028871443728587453,-4.133879661560059,-0.40265876054763794,0.04555342038615624,-2.5741891860961914,-0.40265876054763794,0.001592567829747787,-3.5782837867736816
Smtn,0.07727357745170593,0.06584180146455765,0.23931613564491272,0.7383020753461946,-0.8407045006752014,0.23931613564491272,0.4259061710085091,1.2649821043014526,0.23931613564491272,0.19114434370816075,1.653886079788208
Morc2a,0.07047205418348312,0.09178485721349716,-0.3967866003513336,0.0012259163396588077,-3.7389087677001953,-0.3967866003513336,0.09030324224061052,-2.2624313831329346,-0.3967866003513336,0.0072321106004334095,-3.1042823791503906
Osbp2,0.0,0.0,0.0,0.9979940091511154,0.11319231241941452,0.0,1.0,0.0,0.0,1.0,0.0
4921536K21Rik,0.00026585644809529185,0.0006724998238496482,-1.3391764163970947,0.9979940091511154,0.05521576479077339,-1.3391764163970947,0.7722514748645954,-0.5623278021812439,-1.3391764163970947,0.5331708388820634,-0.8735012412071228
Dusp18,0.006390299182385206,0.014585187658667564,-1.196470022201538,0.564036311872633,-1.0767964124679565,-1.196470022201538,0.18878019070804317,-1.8666704893112183,-1.196470022201538,0.012169718447081,-2.9244978427886963
Slc35e4,0.011784532107412815,0.018157104030251503,-0.628247857093811,0.3873002479547703,-1.358129620552063,-0.628247857093811,0.29721472896969964,-1.5708277225494385,-0.628247857093811,0.07726592758187299,-2.1635689735412598
Tcn2,0.005055455025285482,0.005446356721222401,-0.10773271322250366,0.9979940091511154,-0.37386414408683777,-0.10773271322250366,0.9968804925595617,-0.1581083983182907,-0.10773271322250366,0.9573003471108025,-0.19827274978160858
4930556J24Rik,0.0,0.0,0.0,0.9979940091511154,0.11319231241941452,0.0,1.0,0.0,0.0,1.0,0.0
Pes1,0.1373479813337326,0.19111864268779755,-0.516481339931488,2.3446194735817915e-06,-5.224658012390137,-0.516481339931488,0.00030822361780394433,-4.171086311340332,-0.516481339931488,9.663270671322895e-08,-5.744250297546387
Gal3st1,0.0006919355364516377,0.0012214481830596924,-0.8202641606330872,0.9984208920935209,-0.0025826727505773306,-0.8202641606330872,0.7915943645667605,-0.5284343957901001,-0.8202641606330872,0.6057001280265651,-0.7526715993881226
Mtfp1,0.013481777161359787,0.04036753997206688,-1.60166597366333,0.001059501043792228,-3.780142307281494,-1.60166597366333,1.6955682716745855e-05,-4.88853645324707,-1.60166597366333,2.0278569386584984e-12,-7.455119609832764
Sec14l2,0.002464145887643099,0.000613298499956727,2.0077600479125977,0.9979940091511154,0.22086305916309357,2.0077600479125977,0.2701891686559106,1.6349515914916992,2.0077600479125977,0.14940021722684008,1.8264775276184082
Rnf215,0.05103467032313347,0.057362236082553864,-0.17322932183742523,0.09420209930779437,-2.166239023208618,-0.17322932183742523,0.6581327441499426,-0.7566796541213989,-0.17322932183742523,0.46147875269036936,-1.0352503061294556
Ccdc157,0.002217978937551379,0.004656091798096895,-1.071633219718933,0.9979940091511154,-0.28961557149887085,-1.071633219718933,0.4379220957022088,-1.2417863607406616,-1.071633219718933,0.14321106488048044,-1.8488727807998657
Sf3a1,0.37821102142333984,0.45093515515327454,-0.309802383184433,0.001445840293918537,-3.690906524658203,-0.309802383184433,0.0007454105745058612,-3.9319710731506348,-0.309802383184433,1.156830729995084e-06,-5.277373313903809
Tbc1d10a,0.1878698468208313,0.1776796579360962,0.0880296602845192,0.9979940091511154,-0.48723459243774414,0.0880296602845192,0.6203580838837994,0.8210509419441223,0.0880296602845192,0.4390113789949932,1.0785034894943237
Castor1,0.054015420377254486,0.0745847150683403,-0.48050519824028015,0.0052437514691944685,-3.2933530807495117,-0.48050519824028015,0.07873674586245331,-2.3287434577941895,-0.48050519824028015,0.004184100182053449,-3.2840023040771484
Osm,0.026611322537064552,0.04870879277586937,-0.8881820440292358,0.011973813732149197,-3.013711929321289,-0.8881820440292358,0.05161187906105576,-2.524627208709717,-0.8881820440292358,0.0005595576174323272,-3.8686599731445312
Lif,0.002794751664623618,0.0041733477264642715,-0.5794798135757446,0.9979940091511154,-0.3170453608036041,-0.5794798135757446,0.720471959490115,-0.6508152484893799,-0.5794798135757446,0.5648573386329285,-0.8215216398239136
Hormad2,0.0005203178152441978,0.0005904225399717689,-0.18240498006343842,0.9979940091511154,0.08282364159822464,-0.18240498006343842,1.0,-0.10078393667936325,-0.18240498006343842,0.9928268274881749,-0.14082449674606323
Mtmr3,0.19037482142448425,0.16433167457580566,0.23157329857349396,0.9979940091511154,0.23965422809123993,0.23157329857349396,0.18078454135560157,1.8904608488082886,0.23157329857349396,0.03383110013809507,2.532162666320801
Gm11032,0.0003365181328263134,0.0009330883040092885,-1.4717570543289185,0.9979940091511154,0.05521576479077339,-1.4717570543289185,0.7490266464777193,-0.6014318466186523,-1.4717570543289185,0.4889809702768868,-0.9499415755271912
Ascc2,0.10013822466135025,0.12751924991607666,-0.3688479959964752,0.0007855554609879835,-3.8635003566741943,-0.3688479959964752,0.060453689540658544,-2.4509871006011963,-0.3688479959964752,0.0032204574971088596,-3.367084503173828
Uqcr10,1.4429973363876343,1.5184082984924316,-0.14084641635417938,0.000837359670678658,-3.8462231159210205,-0.14084641635417938,0.00569752912973853,-3.3355319499969482,-0.14084641635417938,1.876248387862391e-05,-4.6952714920043945
Zmat5,0.490124374628067,0.4801385700702667,0.037480514496564865,0.5976552760632889,1.0278147459030151,0.037480514496564865,0.7661753633415871,0.5722076892852783,0.037480514496564865,0.607353251063014,0.7498719692230225
Cabp7,0.0011997513938695192,0.0,20.195171356201172,0.9979940091511154,0.19574879109859467,20.195171356201172,0.2525075664771732,1.6827316284179688,20.195171356201172,0.18198436739473936,1.6827316284179688
Nf2,0.09183712303638458,0.08128919452428818,0.18373259902000427,0.36576468046650135,-1.3996305465698242,0.18373259902000427,0.5054569556721319,1.1153104305267334,0.18373259902000427,0.26608478028064364,1.448093295097351
Nipsnap1,0.13958078622817993,0.19231270253658295,-0.5014433860778809,2.316488004552671e-06,-5.227062702178955,-0.5014433860778809,0.0002822115281980983,-4.192398548126221,-0.5014433860778809,9.69884291458226e-08,-5.743657112121582
Thoc5,0.13771867752075195,0.16603176295757294,-0.2906753718852997,0.0003075694325558387,-4.116513252258301,-0.2906753718852997,0.07382784280904867,-2.3590941429138184,-0.2906753718852997,0.006412033965444162,-3.144439697265625
Nefh,0.07183327525854111,0.1656944304704666,-1.2748470306396484,1.5074543438653246e-10,-6.892441272735596,-1.2748470306396484,6.085082630910241e-09,-6.448965072631836,-1.2748470306396484,9.066832371270492e-21,-9.819498062133789
Ap1b1,0.21501117944717407,0.21498270332813263,0.00021216845198068768,0.5803783366271739,-1.053463339805603,0.00021216845198068768,1.0,0.001996102277189493,0.00021216845198068768,1.0,0.0026699728332459927
Gas2l1,0.00820996705442667,0.01968103088438511,-1.269651174545288,0.31367068835493794,-1.5015125274658203,-1.269651174545288,0.040568726612906544,-2.623826503753662,-1.269651174545288,0.0005678730130581557,-3.863896131515503
Rasl10a,0.0003053751424886286,0.0007510407012887299,-1.2986271381378174,0.9979940091511154,0.05521576479077339,-1.2986271381378174,0.7785822157672978,-0.5496951937675476,-1.2986271381378174,0.5479472192808414,-0.849234938621521
Ewsr1,0.9959571957588196,0.991471529006958,0.010275534354150295,0.9395440197326602,0.5843074321746826,0.010275534354150295,0.9678177539610434,0.21465207636356354,0.010275534354150295,0.8983696299130617,0.29430732131004333
Rhbdd3,0.02687278762459755,0.029761668294668198,-0.14940321445465088,0.26137890365354927,-1.615239143371582,-0.14940321445465088,0.7965375230713583,-0.5202237367630005,-0.14940321445465088,0.64799300822549,-0.6848138570785522
Emid1,0.002212858758866787,0.00817018747329712,-1.8887584209442139,0.9979940091511154,-0.09226375818252563,-1.8887584209442139,0.40222253843459027,-1.314286231994629,-1.8887584209442139,0.07289563014205427,-2.192467212677002
Kremen1,0.02963826060295105,0.02662663534283638,0.1567731350660324,0.8221811079389296,-0.7345477342605591,0.1567731350660324,0.7974715717431755,0.5181945562362671,0.1567731350660324,0.6450482886579785,0.6899951696395874
Znrf3,0.016983432695269585,0.025877580046653748,-0.6140132546424866,0.21434928946865464,-1.7335968017578125,-0.6140132546424866,0.3577893938099482,-1.4319359064102173,-0.6140132546424866,0.09449228321923275,-2.0657410621643066
Xbp1,0.27567774057388306,0.38872504234313965,-0.5818201303482056,3.2175480714111775e-08,-6.026444435119629,-0.5818201303482056,4.944207941034368e-07,-5.611504554748535,-0.5818201303482056,5.1809315450238417e-14,-7.950641632080078
Ccdc117,0.07290616631507874,0.08994989097118378,-0.31554192304611206,0.014204942488307561,-2.9510154724121094,-0.31554192304611206,0.26925315216141266,-1.639633059501648,-0.31554192304611206,0.05633624081812966,-2.30757474899292
Mrps24,1.1824381351470947,1.236864686012268,-0.11191202700138092,0.005521699461887018,-3.2763431072235107,-0.11191202700138092,0.05403798060703646,-2.5016231536865234,-0.11191202700138092,0.0018879793274937924,-3.528377056121826
Urgcp,0.041058219969272614,0.03605271130800247,0.19119703769683838,0.45490732924675253,-1.2436014413833618,0.19119703769683838,0.6397369961068327,0.7868708372116089,0.19119703769683838,0.46147875269036936,1.0029035806655884
Dbnl,0.8119279742240906,0.8567900657653809,-0.11439977586269379,0.38213018603420523,-1.3681931495666504,-0.11439977586269379,0.09736400989754165,-2.226125717163086,-0.11439977586269379,0.010505329288164512,-2.9759275913238525
Polm,0.0638011172413826,0.06630034744739532,-0.05725730583071709,0.10050942060726414,-2.1345345973968506,-0.05725730583071709,0.9199069195055944,-0.30346253514289856,-0.05725730583071709,0.8312639383084424,-0.4007296562194824
Aebp1,0.0012038496788591146,0.0005575477844104171,1.110952615737915,0.9979940091511154,0.08282364159822464,1.110952615737915,0.7422480630232008,0.6130184531211853,1.110952615737915,0.6507381241170149,0.6808616518974304
Pold2,0.24649684131145477,0.28656286001205444,-0.24746645987033844,0.0028043553418504387,-3.4916844367980957,-0.24746645987033844,0.05257177292380643,-2.5127837657928467,-0.24746645987033844,0.0033594213254855994,-3.353400230407715
Myl7,0.0,0.0005994895473122597,-19.193809509277344,0.9979940091511154,0.027607882395386696,-19.193809509277344,0.5196272646011879,-1.0,-19.193809509277344,0.16021537352752957,-1.759765386581421
Ykt6,0.267063707113266,0.29640713334083557,-0.17255546152591705,0.057510324335198,-2.394582986831665,-0.17255546152591705,0.19357715276646312,-1.8492448329925537,-0.17255546152591705,0.03726207145007799,-2.4909415245056152
Camk2b,0.009330114349722862,0.018316084519028664,-0.9796411395072937,0.9867291878599206,-0.5261527895927429,-0.9796411395072937,0.331488800920631,-1.4918677806854248,-0.9796411395072937,0.049957903991009495,-2.361284017562866
Nudcd3,0.3247174322605133,0.27210870385169983,0.29483556747436523,0.08318070375330955,2.2257297039031982,0.29483556747436523,0.009571282568975376,3.1585965156555176,0.29483556747436523,0.00017067288237521176,4.17542028427124
A730071L15Rik,0.006729829125106335,0.007160885259509087,-0.08987941592931747,0.9979940091511154,-0.2918420135974884,-0.08987941592931747,1.0,-0.1408376693725586,-0.08987941592931747,0.9650597435223522,-0.18504762649536133
Ddx56,0.10732200741767883,0.1655215620994568,-0.6680096983909607,8.704303867622826e-08,-5.847705364227295,-0.6680096983909607,1.8375586842394885e-05,-4.8542866706848145,-0.6680096983909607,1.5138119949653835e-10,-6.819924831390381
Tmed4,0.10181741416454315,0.12629060447216034,-0.32875189185142517,0.002816889518964442,-3.490170478820801,-0.32875189185142517,0.1180623518274948,-2.1259942054748535,-0.32875189185142517,0.01090127706407283,-2.9628772735595703
Ogdh,0.5435659289360046,0.5566568374633789,-0.044637612998485565,0.9979940091511154,-0.3883805572986603,-0.044637612998485565,0.713218712129287,-0.6618157029151917,-0.044637612998485565,0.5242664297603541,-0.8892412781715393
Zmiz2,0.2786048352718353,0.29132330417633057,-0.07401029020547867,0.4985873481721169,-1.1762738227844238,-0.07401029020547867,0.6291291653438522,-0.8069949746131897,-0.07401029020547867,0.4324933298934952,-1.0904598236083984
Ppia,3.700648069381714,3.6762804985046387,0.03605709597468376,0.9979940091511154,-0.2330639511346817,0.03605709597468376,0.35887326098127276,1.4293326139450073,0.03605709597468376,0.07054506484441415,2.2068614959716797
H2az2,1.938241720199585,1.3401929140090942,1.0764644145965576,7.60205166786065e-73,18.573781967163086,1.0764644145965576,8.529231857781059e-88,23.86249351501465,1.0764644145965576,1.4591632216669044e-171,31.73338508605957
Purb,0.7206325531005859,0.7377421855926514,-0.04768174886703491,0.8427370722590309,-0.708186686038971,-0.04768174886703491,0.6563193799901106,-0.7602074146270752,-0.04768174886703491,0.46147875269036936,-1.0323995351791382
Myo1g,0.8866704106330872,0.9570779204368591,-0.16872179508209229,0.025830177952650323,-2.724987030029297,-0.16872179508209229,0.012660705649886932,-3.0615391731262207,-0.16872179508209229,0.00017378592388320576,-4.170345783233643
Ccm2,0.3734123110771179,0.31368133425712585,0.29701918363571167,0.03533882826063562,2.5979907512664795,0.29701918363571167,0.003950962459330112,3.4494457244873047,0.29701918363571167,3.951693852206598e-05,4.52740478515625
Tbrg4,0.10011214762926102,0.15744788944721222,-0.6955037713050842,2.436443705235989e-08,-6.075336933135986,-0.6955037713050842,9.175216855708515e-06,-5.007410049438477,-0.6955037713050842,4.800053334900282e-11,-6.994060516357422
Ramp3,0.0007932462031021714,0.0015542947221547365,-0.970967710018158,0.9979940091511154,-0.06020299345254898,-0.970967710018158,0.6593114298385537,-0.7545595765113831,-0.970967710018158,0.4223304154783784,-1.109190821647644
Adcy1,0.0004498427442740649,0.0,18.779388427734375,0.9979940091511154,0.14071114361286163,18.779388427734375,0.5196272646011879,1.0,18.779388427734375,0.46147875269036936,1.0
Tns3,0.0,0.01161602046340704,-23.47800064086914,0.9979940091511154,-0.4858987033367157,-23.47800064086914,0.07987116013552792,-2.3267123699188232,-23.47800064086914,0.00024328023565505668,-4.094467639923096
Hus1,0.054660867899656296,0.09324100613594055,-0.7986286878585815,4.471557446128706e-05,-4.5887861251831055,-0.7986286878585815,0.001058439379111803,-3.844160318374634,-0.7986286878585815,2.0518528791510923e-07,-5.605798721313477
Upp1,0.001493327203206718,0.008288383483886719,-2.4774653911590576,0.9979940091511154,-0.06109356880187988,-2.4774653911590576,0.515463185511875,-1.0984095335006714,-2.4774653911590576,0.13276967491024685,-1.8903266191482544
Abca13,0.0,0.0,0.0,0.9979940091511154,0.11319231241941452,0.0,1.0,0.0,0.0,1.0,0.0
Zpbp,0.02556123211979866,0.020926272496581078,0.2919981777667999,0.9255830822033808,-0.6041673421859741,0.2919981777667999,0.557874106524792,0.9300106763839722,0.2919981777667999,0.3807166042723032,1.187028408050537
Spata48,0.006123160012066364,0.006225338205695152,-0.023949721828103065,0.9979940091511154,-0.3452766239643097,-0.023949721828103065,1.0,-0.03861846402287483,-0.023949721828103065,1.0,-0.04879407212138176
4930512M02Rik,0.0,0.0,0.0,0.9979940091511154,0.11319231241941452,0.0,1.0,0.0,0.0,1.0,0.0
Ikzf1,1.0855364799499512,1.0215202569961548,0.14183038473129272,0.011091002963608564,3.0411417484283447,0.14183038473129272,0.01602392238679927,2.9772427082061768,0.14183038473129272,0.0003170550551045992,4.016425609588623
Fignl1,0.40494823455810547,0.466792494058609,-0.2528855502605438,0.005608579217486983,-3.2709996700286865,-0.2528855502605438,0.007869095622814707,-3.2255666255950928,-0.2528855502605438,0.00010557843689019897,-4.294455528259277
Ddc,0.0,0.0,0.0,0.9979940091511154,0.11319231241941452,0.0,1.0,0.0,0.0,1.0,0.0
Grb10,0.0,0.0,0.0,0.9979940091511154,0.11319231241941452,0.0,1.0,0.0,0.0,1.0,0.0
Sec61g,1.625582218170166,1.7700917720794678,-0.25527819991111755,7.653644419448688e-10,-6.643970489501953,-0.25527819991111755,7.01773691230949e-11,-7.124343395233154,-0.25527819991111755,2.466852088432635e-19,-9.45251178741455
Fbxo48,0.05565957352519035,0.04589104652404785,0.28552308678627014,0.47336621723713374,-1.214390516281128,0.28552308678627014,0.40785332165739274,1.3016349077224731,0.28552308678627014,0.1933258424020312,1.6478012800216675
Plek,1.075371503829956,0.948742687702179,0.2872392535209656,1.2981163835863333e-06,5.343015670776367,0.2872392535209656,2.005032638403336e-06,5.3187947273254395,0.2872392535209656,2.2297609291541364e-11,7.1124420166015625
Cnrip1,0.012662841938436031,0.010790284723043442,0.23222172260284424,0.9979940091511154,0.1228995993733406,0.23222172260284424,0.8908585412872422,0.3573886454105377,0.23222172260284424,0.7564375169332983,0.5158549547195435
Ppp3r1,0.3874426484107971,0.4031542241573334,-0.06942736357450485,0.7900823215512897,-0.7748908996582031,-0.06942736357450485,0.5917637271783717,-0.8690187335014343,-0.06942736357450485,0.389583565403661,-1.1705906391143799
Wdr92,0.07803905755281448,0.09922246634960175,-0.3619770109653473,0.001973693658643291,-3.5981085300445557,-0.3619770109653473,0.1284583972411925,-2.0808944702148438,-0.3619770109653473,0.013245667580520287,-2.893122673034668
Pno1,0.17203916609287262,0.2775053083896637,-0.7687035799026489,2.477490987600395e-12,-7.48102331161499,-0.7687035799026489,1.6048441695662224e-10,-7.021859645843506,-0.7687035799026489,6.583760486724648e-21,-9.846981048583984
C1d,0.6506303548812866,0.733829915523529,-0.24049240350723267,0.003338175009739819,-3.437448501586914,-0.24049240350723267,0.00030747758829914373,-4.16832971572876,-0.24049240350723267,2.557187870145008e-07,-5.565962791442871
Etaa1,0.19365790486335754,0.22168436646461487,-0.2159125804901123,0.007454290962715924,-3.1757969856262207,-0.2159125804901123,0.1661792425332263,-1.940232276916504,-0.2159125804901123,0.027411797987193745,-2.6166505813598633
Meis1,0.0,0.0,0.0,0.9979940091511154,0.11319231241941452,0.0,1.0,0.0,0.0,1.0,0.0
Spred2,0.063030906021595,0.07117225974798203,-0.18119396269321442,0.055455678334589406,-2.4098117351531982,-0.18119396269321442,0.5742961164297233,-0.8996386528015137,-0.18119396269321442,0.3664421014164176,-1.21514892578125
Actr2,1.404895544052124,1.4106849431991577,-0.01105815451592207,0.9979940091511154,0.18203389644622803,-0.01105815451592207,0.9361131289204839,-0.2751252353191376,-0.01105815451592207,0.8498301789710115,-0.3717367649078369
Rab1a,0.5965656042098999,0.6393111944198608,-0.13382744789123535,0.2663598951895385,-1.6030383110046387,-0.13382744789123535,0.110675359642285,-2.1598305702209473,-0.13382744789123535,0.01261509146200201,-2.9107892513275146
Cep68,0.047351278364658356,0.05513959005475044,-0.22535139322280884,0.07539191225148248,-2.271327018737793,-0.22535139322280884,0.5196272646011879,-0.9991995096206665,-0.22535139322280884,0.29934506944744904,-1.3578354120254517
Slc1a4,0.002255468862131238,0.0051500387489795685,-1.1932448148727417,0.9979940091511154,-0.31740158796310425,-1.1932448148727417,0.3950361687219229,-1.3298639059066772,-1.1932448148727417,0.11710499341204118,-1.954796552658081
Sertad2,0.15609349310398102,0.1470622718334198,0.09266235679388046,0.3609592656756617,-1.4081801176071167,0.09266235679388046,0.7234401044307353,0.6452949643135071,0.09266235679388046,0.5282648580981936,0.8817828297615051
Aftph,0.2748189866542816,0.26534390449523926,0.05776029825210571,0.9979940091511154,0.14552025496959686,0.05776029825210571,0.7750897928049623,0.5572850704193115,0.05776029825210571,0.5987820594119267,0.7650265693664551
Lgalsl,0.05391405150294304,0.07843060791492462,-0.5586354732513428,0.0006375439216684594,-3.91925048828125,-0.5586354732513428,0.0202022736830516,-2.8918533325195312,-0.5586354732513428,0.0003511971195540498,-3.990368604660034
Peli1,0.6317344903945923,0.5720402598381042,0.1905554085969925,0.009549448891974732,3.093329429626465,0.1905554085969925,0.03859052268518693,2.6422600746154785,0.1905554085969925,0.0016210787293064791,3.5735678672790527
Vps54,0.19651775062084198,0.16489265859127045,0.2766319811344147,0.9979940091511154,-0.1432938128709793,0.2766319811344147,0.09681910564528365,2.228893995285034,0.2766319811344147,0.01256227232633932,2.9125163555145264
Ugp2,0.2870537340641022,0.29802966117858887,-0.062437981367111206,0.3424542288241438,-1.4435359239578247,-0.062437981367111206,0.7081817300984709,-0.6704712510108948,-0.062437981367111206,0.5243767435104518,-0.8890323042869568
Mdh1,1.1731311082839966,1.2072515487670898,-0.07074564695358276,0.5834037690959115,-1.0489213466644287,-0.07074564695358276,0.3185354274377642,-1.5197936296463013,-0.07074564695358276,0.09226659653816333,-2.0780651569366455
Wdpcp,0.003211370436474681,0.0073602874763309956,-1.199568271636963,0.9714892571601285,-0.5450330376625061,-1.199568271636963,0.22686666362391034,-1.757157802581787,-1.199568271636963,0.03062736221045138,-2.5722944736480713
Ehbp1,0.0010300541762262583,0.0030956745613366365,-1.589023232460022,0.9984208920935209,-0.0029389034025371075,-1.589023232460022,0.6646839589538157,-0.7450751066207886,-1.589023232460022,0.36595329772412166,-1.2164503335952759
Tmem17,0.000560858054086566,0.004107736982405186,-2.8751933574676514,0.9979940091511154,-0.42961424589157104,-2.8751933574676514,0.09883833070513129,-2.2225899696350098,-2.8751933574676514,0.0011250717642467029,-3.678565740585327
B3gnt2,0.029266832396388054,0.022419532760977745,0.3894708752632141,0.9979940091511154,-0.4711151421070099,0.3894708752632141,0.3923080556982903,1.3348642587661743,0.3894708752632141,0.18430903241609892,1.6746187210083008
Gm28048,0.0016036772867664695,0.001244660117663443,0.36589065194129944,0.9979940091511154,0.05281120538711548,0.36589065194129944,0.9205159438462663,0.30152222514152527,0.36589065194129944,0.844603226935717,0.37964558601379395
Commd1,0.7553517818450928,0.7276188135147095,0.076420858502388,0.40413568916033243,1.329185962677002,0.076420858502388,0.38396665534339586,1.3528342247009277,0.076420858502388,0.1452268535260203,1.8416651487350464
Zrsr1,0.030431808903813362,0.04070451483130455,-0.42706263065338135,0.5019551998165942,-1.1712865829467773,-0.42706263065338135,0.47347051681078994,-1.174770712852478,-0.42706263065338135,0.16095123401016398,-1.7564067840576172
Cct4,0.9237433075904846,1.1655592918395996,-0.5397170782089233,3.942891973331726e-21,-9.878990173339844,-0.5397170782089233,7.529030043772684e-22,-10.47316837310791,-0.5397170782089233,5.0731778380187065e-42,-14.270151138305664
Fam161a,0.0058426884934306145,0.004534950014203787,0.36648982763290405,0.9979940091511154,-0.14837010204792023,0.36648982763290405,0.7944312310237394,0.5236330628395081,0.36648982763290405,0.6771749419654429,0.6388955116271973
Xpo1,0.6350159049034119,0.6653803586959839,-0.0916469618678093,0.5807884760692575,-1.052750825881958,-0.0916469618678093,0.37628034195804844,-1.368386149406433,-0.0916469618678093,0.13815179365330466,-1.8684557676315308
Usp34,0.5942222476005554,0.5984911322593689,-0.01371067576110363,0.9979940091511154,0.33833014965057373,-0.01371067576110363,0.9768975582417491,-0.19811993837356567,-0.01371067576110363,0.9149292878447118,-0.2679314613342285
Ahsa2,0.25772714614868164,0.3574579358100891,-0.5475515723228455,1.4199744196890766e-07,-5.761319637298584,-0.5475515723228455,1.3278243830352794e-07,-5.855339527130127,-0.5475515723228455,1.3253780745424341e-14,-8.129165649414062
1700093K21Rik,0.0,0.0,0.0,0.9979940091511154,0.11319231241941452,0.0,1.0,0.0,0.0,1.0,0.0
0610010F05Rik,0.06379880011081696,0.09818466752767563,-0.6471074223518372,5.097013588977638e-05,-4.55993127822876,-0.6471074223518372,0.0022636612572740325,-3.6254935264587402,-0.6471074223518372,2.305009519431926e-06,-5.138967514038086
Pex13,0.1935264617204666,0.19127023220062256,0.018598278984427452,0.35945236850921036,-1.4107627868652344,0.018598278984427452,0.992140754208172,0.16903026401996613,0.018598278984427452,0.9434067791550711,0.22252768278121948
Pus10,0.1023370772600174,0.14064721763134003,-0.4869464933872223,2.824640027297268e-05,-4.694675922393799,-0.4869464933872223,0.005382764102550565,-3.352067232131958,-0.4869464933872223,2.475935588044824e-05,-4.633290767669678
Rel,0.5352400541305542,0.5434523224830627,-0.028421135619282722,0.8875914839554373,-0.6519022583961487,-0.028421135619282722,0.9025343418540647,-0.33623257279396057,-0.028421135619282722,0.7987004249407568,-0.45200270414352417
Papolg,0.09388449788093567,0.0867382138967514,0.11945188790559769,0.4371002686514437,-1.2728123664855957,0.11945188790559769,0.7197165980939897,0.652122437953949,0.11945188790559769,0.5265470399848645,0.8846655488014221
Bcl11a,0.0012625865638256073,0.003092068713158369,-1.293509602546692,0.9979940091511154,0.08246741443872452,-1.293509602546692,0.7713998625184612,-0.5639283061027527,-1.293509602546692,0.5128506374604843,-0.9089474081993103
Fancl,0.17779800295829773,0.20241332054138184,-0.20538365840911865,0.011521281655659736,-3.0275158882141113,-0.20538365840911865,0.23250681064204007,-1.741674542427063,-0.20538365840911865,0.04902930140447551,-2.369825601577759
Vrk2,0.1564483493566513,0.14275039732456207,0.14231885969638824,0.5856101933535819,-1.0459824800491333,0.14231885969638824,0.5196272646011879,1.0492457151412964,0.14231885969638824,0.2826533096698539,1.402138113975525
Pnpt1,0.1436498761177063,0.191724494099617,-0.4521251916885376,2.7169172786551994e-05,-4.704561233520508,-0.4521251916885376,0.0011904603300177065,-3.8051745891571045,-0.4521251916885376,1.6507463081027133e-06,-5.206051826477051
Ppp4r3b,0.5418071746826172,0.5911687016487122,-0.16474133729934692,0.10506618241290465,-2.112448215484619,-0.16474133729934692,0.07158505846615455,-2.374715805053711,-0.16474133729934692,0.00527714476189854,-3.208564519882202
Cfap36,0.16915085911750793,0.20307593047618866,-0.2889392077922821,0.0003436199439403059,-4.087836742401123,-0.2889392077922821,0.0604921510650438,-2.4500436782836914,-0.2889392077922821,0.003984734159708533,-3.2997779846191406
Ccdc88a,0.0037298465613275766,0.012592962943017483,-1.7618314027786255,0.9979940091511154,-0.40948721766471863,-1.7618314027786255,0.19987900693855534,-1.8345309495925903,-1.7618314027786255,0.00969060418113632,-3.005302906036377
Prorsd1,0.244515523314476,0.30216217041015625,-0.3488721251487732,0.002004544179135986,-3.593299388885498,-0.3488721251487732,0.004777791942690065,-3.3916752338409424,-0.3488721251487732,1.5410304295102374e-05,-4.739634037017822
Mtif2,0.16411952674388885,0.2207382470369339,-0.4697403907775879,6.890803916298067e-06,-5.00459623336792,-0.4697403907775879,0.0002776076979162263,-4.195890426635742,-0.4697403907775879,1.1211204291258984e-07,-5.717217445373535
Rps27a,3.440028429031372,3.6982421875,-0.38335803151130676,4.4865551372081115e-55,-16.110177993774414,-0.38335803151130676,6.916477265429231e-74,-20.899240493774414,-0.38335803151130676,2.67055762486948e-127,-26.693235397338867
Clhc1,0.0005334746674634516,0.002375704236328602,-2.1561906337738037,0.9979940091511154,-0.11577498912811279,-2.1561906337738037,0.4757306392830357,-1.1712509393692017,-2.1561906337738037,0.14295446473335413,-1.8500455617904663
Rtn4,0.47700271010398865,0.5268855094909668,-0.182472363114357,0.17162985317676838,-1.8572980165481567,-0.182472363114357,0.04955539275323134,-2.5383105278015137,-0.182472363114357,0.0026354272905824132,-3.428273916244507
Eml6,0.0007673650979995728,0.0,19.55010986328125,0.9979940091511154,0.14071114361286163,19.55010986328125,0.5196272646011879,1.0,19.55010986328125,0.46147875269036936,1.0
Sptbn1,1.0590431690216064,1.188339352607727,-0.2765622138977051,0.00014643155478527334,-4.305671691894531,-0.2765622138977051,3.601052210845925e-06,-5.196956634521484,-0.2765622138977051,9.237731497075669e-11,-6.899060249328613
Acyp2,0.06119062751531601,0.06292267143726349,-0.04153120890259743,0.17237070565537357,-1.854715347290039,-0.04153120890259743,0.9741052158555406,-0.20411890745162964,-0.04153120890259743,0.9120231384215831,-0.2725785970687866
Psme4,0.23313239216804504,0.33027511835098267,-0.5758779048919678,4.0607732002871194e-07,-5.566105365753174,-0.5758779048919678,3.6395033468333623e-07,-5.6710309982299805,-0.5758779048919678,2.497882888050125e-14,-8.044783592224121
Gpr75,0.0,0.0,0.0,0.9979940091511154,0.11319231241941452,0.0,1.0,0.0,0.0,1.0,0.0
Asb3,0.12494642287492752,0.11790505796670914,0.08886611461639404,0.4081492652392482,-1.3221503496170044,0.08886611461639404,0.7233544129478781,0.6461312770843506,0.08886611461639404,0.5461707839653952,0.8521517515182495
Erlec1,0.2732870280742645,0.25392115116119385,0.12061893194913864,0.9979940091511154,0.2159648835659027,0.12061893194913864,0.5007260455126511,1.1234685182571411,0.12061893194913864,0.2374552969352174,1.5214300155639648
Chac2,0.03323496878147125,0.037146877497434616,-0.16337713599205017,0.209666470072735,-1.747222661972046,-0.16337713599205017,0.7482183505100087,-0.6027109026908875,-0.16337713599205017,0.5795805794063235,-0.7957759499549866
Stc2,0.0,0.0,0.0,0.9979940091511154,0.11319231241941452,0.0,1.0,0.0,0.0,1.0,0.0
Bod1,0.0593506321310997,0.07123063504695892,-0.27189725637435913,0.02120141855305749,-2.801398515701294,-0.27189725637435913,0.3698344216079442,-1.3822695016860962,-0.27189725637435913,0.131059196825534,-1.8960223197937012
Cpeb4,0.141180619597435,0.11841348558664322,0.2704870402812958,0.9979940091511154,-0.3136611580848694,0.2704870402812958,0.1887926266538254,1.8640905618667603,0.2704870402812958,0.041455846399243705,2.4421374797821045
Nsg2,0.028600696474313736,0.03352908045053482,-0.23293620347976685,0.9979940091511154,-0.45918139815330505,-0.23293620347976685,0.8060243535847729,-0.5034931302070618,-0.23293620347976685,0.6047059161197726,-0.7545362710952759
Il9r,0.00028188375290483236,0.0,18.104949951171875,0.9979940091511154,0.14071114361286163,18.104949951171875,0.5196272646011879,1.0,18.104949951171875,0.46147875269036936,1.0
Snrnp25,0.4583815634250641,0.5228987336158752,-0.24031232297420502,0.003154047940956313,-3.4554381370544434,-0.24031232297420502,0.0023312706572930133,-3.6117687225341797,-0.24031232297420502,1.2768147508473103e-05,-4.783278942108154
Rhbdf1,0.002614480908960104,0.0025095439050346613,0.05917517840862274,0.9979940091511154,-0.03419815003871918,0.05917517840862274,1.0,0.06478679180145264,0.05917517840862274,1.0,0.08455395698547363
Nprl3,0.04033004865050316,0.060758326202631,-0.6060868501663208,0.008102079099895514,-3.148367166519165,-0.6060868501663208,0.05276179522339486,-2.5128884315490723,-0.6060868501663208,0.0015811149072391293,-3.5802688598632812
Mpg,0.19718118011951447,0.20530420541763306,-0.064297154545784,0.11644654991951676,-2.0621306896209717,-0.064297154545784,0.7667152271269927,-0.5714805722236633,-0.064297154545784,0.6000596406691899,-0.7626091837882996
Hba-a1,0.002683785045519471,0.0032099317759275436,-0.2586532235145569,0.9979940091511154,0.04898172616958618,-0.2586532235145569,0.9566841738204132,-0.23722952604293823,-0.2586532235145569,0.8737209341881782,-0.3348104655742645
Hba-a2,0.0,0.0,0.0,0.9979940091511154,0.11319231241941452,0.0,1.0,0.0,0.0,1.0,0.0
Sh3pxd2b,0.0004276871623005718,0.0,18.70650863647461,0.9979940091511154,0.14071114361286163,18.70650863647461,0.5196272646011879,1.0,18.70650863647461,0.46147875269036936,1.0
Ubtd2,0.0031586624681949615,0.0053038629703223705,-0.7492780685424805,0.9979940091511154,-0.43050482869148254,-0.7492780685424805,0.5196272646011879,-1.0244266986846924,-0.7492780685424805,0.27901608239129577,-1.4166079759597778
Efcab9,0.0034892470575869083,0.004162897355854511,-0.2551584243774414,0.9979940091511154,-0.23261865973472595,-0.2551584243774414,0.9018219086695893,-0.33806291222572327,-0.2551584243774414,0.8042240415517261,-0.44392016530036926
Stk10,0.5679914951324463,0.523496150970459,0.15269213914871216,0.028450372536097748,2.6858015060424805,0.15269213914871216,0.1125659356112934,2.15102219581604,0.15269213914871216,0.012243034539867153,2.921909809112549
Fbxw11,0.1382555067539215,0.13387008011341095,0.04973829910159111,0.27692989949174396,-1.5790817737579346,0.04973829910159111,0.8883160033475118,0.36181309819221497,0.04973829910159111,0.7784885617906003,0.48292696475982666
Fgf18,0.00029608403565362096,0.0011111947242170572,-1.9086177349090576,0.9979940091511154,-0.0302796121686697,-1.9086177349090576,0.5355956615820774,-0.9706695079803467,-1.9086177349090576,0.23750158594723664,-1.5213370323181152
Npm1,2.108781576156616,2.6056418418884277,-0.792824923992157,4.132709684990314e-55,-16.124784469604492,-0.792824923992157,1.358390638259245e-59,-18.981647491455078,-0.792824923992157,3.332008345880371e-126,-26.244447708129883
Ranbp17,0.00027242154465056956,0.0,18.055683135986328,0.9979940091511154,0.14071114361286163,18.055683135986328,0.5196272646011879,1.0,18.055683135986328,0.46147875269036936,1.0
Gm12117,0.0,0.000600160681642592,-19.195425033569336,0.9979940091511154,0.027607882395386696,-19.195425033569336,0.5196272646011879,-1.0,-19.195425033569336,0.16021537352752957,-1.759765386581421
Kcnmb1,0.0,0.0,0.0,0.9979940091511154,0.11319231241941452,0.0,1.0,0.0,0.0,1.0,0.0
4930469K13Rik,0.0010895226150751114,0.00047738291323184967,1.1909171342849731,0.9979940091511154,0.11043152958154678,1.1909171342849731,0.6538104234507377,0.7642237544059753,1.1909171342849731,0.5309654057887053,0.8769135475158691
Lcp2,0.6574325561523438,0.6107218265533447,0.1435595005750656,0.019271748709184754,2.8385355472564697,0.1435595005750656,0.10130036982564916,2.2066526412963867,0.1435595005750656,0.010486947720358158,2.976487636566162
Foxi1,0.0,0.0,0.0,0.9979940091511154,0.11319231241941452,0.0,1.0,0.0,0.0,1.0,0.0
Dock2,1.220249891281128,1.0758957862854004,0.3052666187286377,2.361519069272545e-09,6.464162826538086,0.3052666187286377,1.184847417098388e-08,6.28372049331665,0.3052666187286377,6.799145749728171e-16,8.507448196411133
Insyn2b,0.0060709333047270775,0.006271751131862402,-0.04709503799676895,0.9979940091511154,0.0735616460442543,-0.04709503799676895,1.0,-0.05236709490418434,-0.04709503799676895,1.0,-0.0797857716679573
Spdl1,0.4554128348827362,0.42296841740608215,0.131736159324646,0.25629553978541364,1.6273510456085205,0.131736159324646,0.3047607253191132,1.552518367767334,0.131736159324646,0.07892423047090334,2.1533615589141846
Pank3,0.09999963641166687,0.1287432312965393,-0.3856308162212372,0.0005739704910083024,-3.947838068008423,-0.3856308162212372,0.05263556991345558,-2.5130841732025146,-0.3856308162212372,0.0022424850942215076,-3.477154016494751
Fbll1,0.0,0.0,0.0,0.9979940091511154,0.11319231241941452,0.0,1.0,0.0,0.0,1.0,0.0
Rars,0.3905342221260071,0.6027098894119263,-0.7916811108589172,3.3559684581083163e-19,-9.411259651184082,-0.7916811108589172,1.3867891758113687e-22,-10.690698623657227,-0.7916811108589172,1.9379530845421133e-44,-14.697118759155273
Wwc1,0.0020430616568773985,0.004568823613226414,-1.1629127264022827,0.9979940091511154,-0.2330639511346817,-1.1629127264022827,0.4799639333516854,-1.1639676094055176,-1.1629127264022827,0.16021537352752957,-1.7854686975479126
Mat2b,0.5855326056480408,0.5915252566337585,-0.01943446509540081,0.9970216788172612,0.5121707320213318,-0.01943446509540081,0.9188296677955161,-0.30588075518608093,-0.01943446509540081,0.8272990792071961,-0.4072445034980774
Hmmr,1.348958134651184,0.9763952493667603,0.7859692573547363,3.7768470771200135e-25,10.799846649169922,0.7859692573547363,1.2065228757046563e-24,11.358946800231934,0.7859692573547363,3.146103297882638e-56,16.673717498779297
Nudcd2,0.5773001909255981,0.653434693813324,-0.2392382025718689,0.009902746607798326,-3.0799708366394043,-0.2392382025718689,0.0026850098189789883,-3.572371482849121,-0.2392382025718689,7.078382301263433e-06,-4.909829139709473
Ccng1,0.25622227787971497,0.2983925938606262,-0.25163936614990234,0.010810350765995028,-3.0503146648406982,-0.25163936614990234,0.06510881715842565,-2.4171860218048096,-0.25163936614990234,0.003699602211222008,-3.3235273361206055
Pttg1,0.6669191718101501,0.6304599642753601,0.110230453312397,0.17534803867763932,1.8460767269134521,0.110230453312397,0.24388282942962106,1.7069876194000244,0.110230453312397,0.06016088127568302,2.278251886367798
Slu7,0.4052174985408783,0.4070527255535126,-0.007932429201900959,0.9979940091511154,-0.12681813538074493,-0.007932429201900959,1.0,-0.10026562213897705,-0.007932429201900959,0.997177287563161,-0.13390196859836578
Ccnjl,0.0002660886093508452,0.00047738291323184967,-0.8433902263641357,0.9979940091511154,0.05521576479077339,-0.8433902263641357,0.8740369170177414,-0.3866089880466461,-0.8433902263641357,0.7313314691308127,-0.556049108505249
Pwwp2a,0.12490221112966537,0.11362674087285995,0.1447918564081192,0.4670245540298411,-1.224186897277832,0.1447918564081192,0.5571126059669813,0.9315755367279053,0.1447918564081192,0.35056614228499905,1.2477689981460571
Ttc1,0.3096328675746918,0.38080182671546936,-0.3527671992778778,0.000523918863901719,-3.9734866619110107,-0.3527671992778778,0.0002335340640629832,-4.240828514099121,-0.3527671992778778,8.834182019969382e-08,-5.76106071472168
Ublcp1,0.1577037125825882,0.1169375479221344,0.46155792474746704,0.9979940091511154,0.43887627124786377,0.46155792474746704,0.006995865202346889,3.262590169906616,0.46155792474746704,0.00015794761008918755,4.1954474449157715
Rnf145,0.13157743215560913,0.16667217016220093,-0.3670457899570465,0.0008214706938286927,-3.851388454437256,-0.3670457899570465,0.06543875891406323,-2.41526460647583,-0.3670457899570465,0.0023992897750716147,-3.4565858840942383
Ebf1,0.0042859287932515144,0.010172541253268719,-1.2512515783309937,0.9979940091511154,-0.31864839792251587,-1.2512515783309937,0.5636923459542933,-0.9191156625747681,-1.2512515783309937,0.2583453462882825,-1.4667853116989136
Clint1,0.7193716764450073,0.6998386979103088,0.05545743927359581,0.2537784715868987,1.6334960460662842,0.05545743927359581,0.6040314490772677,0.8479387164115906,0.05545743927359581,0.39420610947810414,1.1619616746902466
Lsm11,0.16163069009780884,0.18341360986232758,-0.19856402277946472,0.00198436955437949,-3.5965945720672607,-0.19856402277946472,0.2341981606065726,-1.73634934425354,-0.19856402277946472,0.06270973220017872,-2.2611594200134277
Thg1l,0.11348945647478104,0.16225889325141907,-0.551727294921875,7.3413728956239306e-06,-4.991237640380859,-0.551727294921875,0.00022233820315542354,-4.257104873657227,-0.551727294921875,3.862965821337573e-08,-5.909204006195068
Sox30,0.0,0.0,0.0,0.9979940091511154,0.11319231241941452,0.0,1.0,0.0,0.0,1.0,0.0
Gm12166,0.027844762429594994,0.02856534905731678,-0.03738229721784592,0.7032884051213485,-0.8875488638877869,-0.03738229721784592,1.0,-0.11168083548545837,-0.03738229721784592,0.9851060144864556,-0.1530003398656845
Adam19,0.40793463587760925,0.5346502661705017,-0.4888162314891815,1.397994796754486e-07,-5.764347553253174,-0.4888162314891815,2.655103718843515e-08,-6.146207332611084,-0.4888162314891815,9.739664963169869e-16,-8.460517883300781
Nipal4,0.0,0.0,0.0,0.9979940091511154,0.11319231241941452,0.0,1.0,0.0,0.0,1.0,0.0
Cyfip2,0.7680591344833374,0.8103680610656738,-0.11185244470834732,0.38109843994684034,-1.3705977201461792,-0.11185244470834732,0.17344817333834578,-1.9154760837554932,-0.11185244470834732,0.03240172307226365,-2.550212860107422
Fndc9,0.0015293131582438946,0.0,20.545557022094727,0.9979940091511154,0.19574879109859467,20.545557022094727,0.28670169601390405,1.5940285921096802,20.545557022094727,0.2112933724090955,1.5940285921096802
Itk,0.7378433346748352,0.6366066932678223,0.29423776268959045,4.404558909405255e-05,4.592081069946289,0.29423776268959045,2.0050883381296104e-05,4.824133396148682,0.29423776268959045,2.4746666342077534e-09,6.380112171173096
Fam71b,0.038769956678152084,0.05348644778132439,-0.47493183612823486,0.03726197106250633,-2.576260566711426,-0.47493183612823486,0.164775981952339,-1.9456182718276978,-0.47493183612823486,0.021196795411623254,-2.717226266860962
Med7,0.1347244828939438,0.14313462376594543,-0.09356757998466492,0.018976170776731884,-2.8446805477142334,-0.09356757998466492,0.6890807385929621,-0.7041879296302795,-0.09356757998466492,0.5055181284621393,-0.9218199253082275
Havcr2,0.4027833342552185,0.4768432080745697,-0.3008372485637665,0.0006874914448089747,-3.8987672328948975,-0.3008372485637665,0.003782176846867177,-3.4646077156066895,-0.3008372485637665,2.5787656512751056e-05,-4.62410831451416
Timd4,0.0,0.0013843794586136937,-20.40180778503418,0.9979940091511154,0.027607882395386696,-20.40180778503418,0.5196272646011879,-1.0,-20.40180778503418,0.16021537352752957,-1.759765386581421
Rack1,3.025402069091797,3.149486541748047,-0.1875787377357483,8.676351950341531e-16,-8.508393287658691,-0.1875787377357483,4.423462869451695e-20,-9.97936725616455,-0.1875787377357483,1.7088329397980613e-37,-13.430216789245605
Trim41,0.09568130224943161,0.10328638553619385,-0.11591801792383194,0.10014213047644914,-2.136850118637085,-0.11591801792383194,0.6997506641588421,-0.6850163340568542,-0.11591801792383194,0.4848195519901831,-0.957569420337677
Gm12184,0.015575985424220562,0.014900056645274162,0.0644945576786995,0.8441777801334428,-0.706405520439148,0.0644945576786995,0.9922572796881897,0.16865059733390808,0.0644945576786995,0.9471503730423555,0.21556660532951355
Trim7,0.001910060178488493,0.0006708155851811171,1.510522723197937,0.9979940091511154,0.11043152958154678,1.510522723197937,0.5868044815654484,0.8771794438362122,1.510522723197937,0.48728980714362163,0.9529241919517517
Irgm1,0.26107558608055115,0.24131135642528534,0.12842504680156708,0.9979940091511154,-0.21632111072540283,0.12842504680156708,0.516241272804285,1.0960983037948608,0.12842504680156708,0.24986624931067403,1.4874669313430786
Gm5431,0.0005558697739616036,0.0004788881342392415,0.2151132971048355,0.9979940091511154,0.05521576479077339,0.2151132971048355,1.0,0.10492155700922012,0.2151132971048355,1.0,0.12438300251960754
Gm12185,0.013060650788247585,0.006774648558348417,0.9515506625175476,0.9979940091511154,0.24063386023044586,0.9515506625175476,0.24982146405179292,1.6908998489379883,0.9515506625175476,0.08507202292597837,2.117629289627075
Psme2b,0.08310806006193161,0.07772023230791092,0.10063675791025162,0.1641894315806222,-1.882501244544983,0.10063675791025162,0.7802914628329329,0.5470309257507324,0.10063675791025162,0.6232240737755447,0.7238839268684387
9930111J21Rik1,0.02495557628571987,0.016834095120429993,0.5738546252250671,0.9979940091511154,-0.15905702114105225,0.5738546252250671,0.30587672687384276,1.549312949180603,0.5738546252250671,0.10872034891906569,1.9942266941070557
Olfr56,0.007396122440695763,0.004644267726689577,0.6733047962188721,0.9979940091511154,-0.03651364892721176,0.6733047962188721,0.49814224193266043,1.1282423734664917,0.6733047962188721,0.29640380596491556,1.3651562929153442
Tgtp1,0.003986401483416557,0.0061866044998168945,-0.6356489658355713,0.9979940091511154,-0.20661382377147675,-0.6356489658355713,0.6918817604440874,-0.6998163461685181,-0.6356489658355713,0.4517990165474018,-1.055533528327942
9930111J21Rik2,0.3546835780143738,0.2743969261646271,0.4312136173248291,0.027821981980492218,2.694885492324829,0.4312136173248291,0.0003092801115429154,4.164949417114258,0.4312136173248291,4.197041742824503e-07,5.472387313842773
Tgtp2,0.02585509791970253,0.030614037066698074,-0.2471935749053955,0.42926390017987437,-1.286438226699829,-0.2471935749053955,0.6392093948004413,-0.7879855036735535,-0.2471935749053955,0.43728707834713043,-1.0816378593444824
Ifi47,0.6756319403648376,0.555365800857544,0.3783961534500122,0.00011708066050440365,4.360709190368652,0.3783961534500122,2.67659403642275e-05,4.762262344360352,0.3783961534500122,2.540203020154394e-09,6.3747992515563965
Btnl9,0.003608542261645198,0.0051626344211399555,-0.5178130865097046,0.9979940091511154,-0.31829217076301575,-0.5178130865097046,0.6946875618248091,-0.6948748826980591,-0.5178130865097046,0.4998273310036413,-0.9310511946678162
Zfp62,0.178071066737175,0.1625628024339676,0.1429601013660431,0.8722658246110542,-0.6701590418815613,0.1429601013660431,0.5196272646011879,1.0624724626541138,0.1429601013660431,0.267914179909119,1.443436861038208
Mgat1,0.18988966941833496,0.21552591025829315,-0.2018170803785324,0.012906685604511265,-2.985836982727051,-0.2018170803785324,0.2263330596992357,-1.75775146484375,-0.2018170803785324,0.04745995433314539,-2.3840854167938232
Olfr1393,0.0,0.0,0.0,0.9979940091511154,0.11319231241941452,0.0,1.0,0.0,0.0,1.0,0.0
Olfr1392,0.0002808895951602608,0.0,18.099851608276367,0.9979940091511154,0.14071114361286163,18.099851608276367,0.5196272646011879,1.0,18.099851608276367,0.46147875269036936,1.0
Olfr1388,0.0006844835006631911,0.0,19.38515281677246,0.9979940091511154,0.16822996735572815,19.38515281677246,0.366631995488656,1.3911484479904175,19.38515281677246,0.28630789771691617,1.3911484479904175
Olfr1385,0.00027628784300759435,0.002851334400475025,-3.3692467212677,0.9979940091511154,-0.11595310270786285,-3.3692467212677,0.3577893938099482,-1.4333730936050415,-3.3692467212677,0.03969419437039973,-2.462087392807007
Scgb3a1,0.0,0.0,0.0,0.9979940091511154,0.11319231241941452,0.0,1.0,0.0,0.0,1.0,0.0
Cnot6,0.47682884335517883,0.5218057632446289,-0.16517408192157745,0.034424186069118755,-2.6092119216918945,-0.16517408192157745,0.07188855860316616,-2.372211456298828,-0.16517408192157745,0.006642789208309182,-3.1325604915618896
Gfpt2,0.0,0.0,0.0,0.9979940091511154,0.11319231241941452,0.0,1.0,0.0,0.0,1.0,0.0
Mapk9,0.1370096057653427,0.1404431015253067,-0.038242679089307785,0.08267931598535241,-2.228846549987793,-0.038242679089307785,0.9354880963754598,-0.2767975926399231,-0.038242679089307785,0.8495186866843385,-0.3723459839820862
Rasgef1c,0.00561418104916811,0.003912393935024738,0.5222525000572205,0.9984208920935209,-0.007569903042167425,0.5222525000572205,0.6584128228695222,0.7559865117073059,0.5222525000572205,0.4999498628803021,0.930813729763031
Rnf130,0.01806219294667244,0.03265095502138138,-0.8647201657295227,0.5014321908094321,-1.1719990968704224,-0.8647201657295227,0.32289391269128365,-1.5101064443588257,-0.8647201657295227,0.042557468513452136,-2.431370258331299
Tbc1d9b,0.08196664601564407,0.08998120576143265,-0.14045090973377228,0.05325493133314426,-2.4265546798706055,-0.14045090973377228,0.6566582281211165,-0.7592921257019043,-0.14045090973377228,0.454357150673757,-1.051103115081787
Mrnip,0.055355560034513474,0.06810958683490753,-0.308424174785614,0.021265168896477202,-2.8001515865325928,-0.308424174785614,0.2957560417415487,-1.574419617652893,-0.308424174785614,0.08127583276171078,-2.138944625854492
Sqstm1,0.29796886444091797,0.3779115676879883,-0.4037953019142151,0.00015480870392991632,-4.2910661697387695,-0.4037953019142151,0.0003639149806637165,-4.129687786102295,-0.4037953019142151,8.575838502587638e-08,-5.766390323638916
Mgat4b,0.0222379919141531,0.03146440163254738,-0.5073791742324829,0.4294850508291928,-1.2856366634368896,-0.5073791742324829,0.41172010328993314,-1.293739914894104,-0.5073791742324829,0.11781154236002504,-1.9520506858825684
Ltc4s,0.0,0.0,0.0,0.9979940091511154,0.11319231241941452,0.0,1.0,0.0,0.0,1.0,0.0
Maml1,0.03680434450507164,0.033585451543331146,0.1343749463558197,0.5411231643053068,-1.1125085353851318,0.1343749463558197,0.7921367090716845,0.5273565053939819,0.1343749463558197,0.6492403857279092,0.6830300688743591
Canx,1.011260747909546,1.3814918994903564,-0.7691335082054138,4.627501050898441e-37,-13.159608840942383,-0.7691335082054138,1.6194991097963211e-41,-15.006229400634766,-0.7691335082054138,9.857828155601625e-78,-19.97393798828125
Cby3,0.0,0.0,0.0,0.9979940091511154,0.11319231241941452,0.0,1.0,0.0,0.0,1.0,0.0
Hnrnph1,0.8117846250534058,0.9160228371620178,-0.26017212867736816,0.0004170563487450739,-4.03538179397583,-0.26017212867736816,2.3002539989853197e-05,-4.795683860778809,-0.26017212867736816,1.7371510227748536e-09,-6.436189651489258
Rufy1,0.08110381662845612,0.08671091496944427,-0.10054492950439453,0.049258697918753695,-2.460129499435425,-0.10054492950439453,0.7578945257250236,-0.5870140790939331,-0.10054492950439453,0.5872150214174354,-0.7842838764190674
Zfp354c,0.001746077905409038,0.004343647509813309,-1.316663146018982,0.9979940091511154,0.07961756736040115,-1.316663146018982,0.7116851225396736,-0.6645245552062988,-1.316663146018982,0.4151205788455829,-1.1225898265838623
Zfp879,0.0,0.0,0.0,0.9979940091511154,0.11319231241941452,0.0,1.0,0.0,0.0,1.0,0.0
Grm6,0.0,0.0,0.0,0.9979940091511154,0.11319231241941452,0.0,1.0,0.0,0.0,1.0,0.0
Zfp2,0.0,0.0,0.0,0.9979940091511154,0.11319231241941452,0.0,1.0,0.0,0.0,1.0,0.0
BC049762,0.0008621662855148315,0.005439894273877144,-2.6608428955078125,0.9494286954851947,-0.5721065402030945,-2.6608428955078125,0.06248671070763558,-2.4401049613952637,-2.6608428955078125,0.00033340682644692626,-4.006823539733887
Clk4,0.30745285749435425,0.30429816246032715,0.017271045595407486,0.7928017667021257,-0.7713285684585571,0.017271045595407486,0.9827985187385182,0.1864197850227356,0.017271045595407486,0.928980353898484,0.2461836338043213
Col23a1,0.005064293276518583,0.0028599658980965614,0.825954020023346,0.9979940091511154,0.16110534965991974,0.825954020023346,0.5101949538072593,1.105923056602478,0.825954020023346,0.2943206971951639,1.3704806566238403
Phykpl,0.06544092297554016,0.07812080532312393,-0.26476961374282837,0.026529752304633118,-2.713409423828125,-0.26476961374282837,0.3857855118146181,-1.3492743968963623,-0.26476961374282837,0.1351564878071247,-1.879508137702942
Hnrnpab,1.7156676054000854,1.8373868465423584,-0.2114105522632599,1.0286096795212624e-08,-6.22005558013916,-0.2114105522632599,0.00010310301340920329,-4.458416938781738,-0.2114105522632599,1.2231553171941223e-09,-6.490283966064453
Nhp2,0.9003509879112244,1.0565929412841797,-0.36165618896484375,2.9177049921302367e-08,-6.043097972869873,-0.36165618896484375,8.526117427673559e-10,-6.722842216491699,-0.36165618896484375,1.7808130842773592e-17,-8.951562881469727
Rmnd5b,0.2960100471973419,0.2892554998397827,0.03841133043169975,0.9979940091511154,-0.2138274908065796,0.03841133043169975,0.8615824290422887,0.40883979201316833,0.03841133043169975,0.7349712665580338,0.5496317744255066
N4bp3,0.062381330877542496,0.07551463693380356,-0.2852245569229126,0.015276417371595673,-2.924565315246582,-0.2852245569229126,0.30274973124178856,-1.5568060874938965,-0.2852245569229126,0.08825945714140723,-2.099348306655884
D930048N14Rik,0.004908576142042875,0.008087986148893833,-0.7227718234062195,0.9714892571601285,-0.5450330376625061,-0.7227718234062195,0.4863900252778628,-1.1507049798965454,-0.7227718234062195,0.20224921852687425,-1.6194851398468018
0610009B22Rik,0.16999396681785583,0.1966342031955719,-0.22983424365520477,0.00961114344020885,-3.0909249782562256,-0.22983424365520477,0.1685480289558402,-1.932510495185852,-0.22983424365520477,0.026547621660258734,-2.62945294380188
Sec24a,0.13865987956523895,0.2062554657459259,-0.6230427026748657,1.4173981633687863e-06,-5.3254714012146,-0.6230427026748657,0.00013796504665049056,-4.382560729980469,-0.6230427026748657,3.303438676080674e-09,-6.329524517059326
Sar1b,0.6673717498779297,0.7379217147827148,-0.20177946984767914,0.017795675496861854,-2.8686370849609375,-0.20177946984767914,0.0040443338888704085,-3.4434125423431396,-0.20177946984767914,2.5136169481269288e-05,-4.630417346954346
Jade2,0.08969125151634216,0.10255991667509079,-0.20285938680171967,0.021868324770178697,-2.789999008178711,-0.20285938680171967,0.4580345756281844,-1.2041571140289307,-0.20285938680171967,0.19256989492525553,-1.6499667167663574
Cdkn2aipnl,0.4748169481754303,0.4727036654949188,0.008079766295850277,0.9979940091511154,0.3660270869731903,0.008079766295850277,1.0,0.11704041063785553,0.008079766295850277,0.9838540879888625,0.15494848787784576
Ube2b,1.0307172536849976,1.0072728395462036,0.052929047495126724,0.3839084970941073,1.3648090362548828,0.052929047495126724,0.5020343236977316,1.121576189994812,0.052929047495126724,0.2272300526820909,1.5488879680633545
Cdkl3,0.02661922201514244,0.02947229892015457,-0.14895901083946228,0.5414367205399911,-1.1120632886886597,-0.14895901083946228,0.8182056221371288,-0.4836108386516571,-0.14895901083946228,0.6641540530009162,-0.6591324210166931
Ppp2ca,1.1768895387649536,1.225135087966919,-0.09956786036491394,0.13731813003813076,-1.9777929782867432,-0.09956786036491394,0.06070909845999031,-2.4484431743621826,-0.09956786036491394,0.003930049617915516,-3.3042120933532715
Skp1a,0.4404851794242859,0.49579280614852905,-0.21364136040210724,0.027328942007137917,-2.7016539573669434,-0.21364136040210724,0.019840974339888483,-2.89778995513916,-0.21364136040210724,0.0005007433193290315,-3.8970632553100586
Tcf7,0.16866856813430786,0.21090474724769592,-0.3538305461406708,0.17897994578480772,-1.834231972694397,-0.3538305461406708,0.37576011961263156,-1.370151400566101,-0.3538305461406708,0.10640710973143852,-2.0050582885742188
Vdac1,0.7113683223724365,0.89979088306427,-0.49296310544013977,5.64994113957933e-14,-7.98295259475708,-0.49296310544013977,5.121013092048884e-13,-7.900570392608643,-0.49296310544013977,4.753288160760814e-26,-11.063404083251953
9530068E07Rik,0.23582874238491058,0.2649652659893036,-0.1899576038122177,0.0887419456311653,-2.194737434387207,-0.1899576038122177,0.1884130976825304,-1.8663700819015503,-0.1899576038122177,0.03168564619882319,-2.558992385864258
Hspa4,0.7648947238922119,0.954306423664093,-0.4751582145690918,1.7536720841951374e-13,-7.836630821228027,-0.4751582145690918,1.4733665146700615e-13,-8.074037551879883,-0.4751582145690918,9.006660015689327e-27,-11.225543022155762
Zcchc10,0.16260549426078796,0.20518434047698975,-0.3671996593475342,0.0003045285811497283,-4.119184970855713,-0.3671996593475342,0.011475004508722,-3.0978376865386963,-0.3671996593475342,0.00011788788498755105,-4.2665934562683105
Aff4,0.14403505623340607,0.15143465995788574,-0.07774467766284943,0.2499927931559678,-1.6421345472335815,-0.07774467766284943,0.8059347484271303,-0.5037553906440735,-0.07774467766284943,0.6320153866952019,-0.7101076245307922
Uqcrq,1.484612226486206,1.53139328956604,-0.08668044209480286,0.22007186201758838,-1.7178336381912231,-0.08668044209480286,0.07677088911730878,-2.3397328853607178,-0.08668044209480286,0.006326027496946449,-3.1488001346588135
Gdf9,0.0,0.0014348039403557777,-20.453458786010742,0.9979940091511154,0.027607882395386696,-20.453458786010742,0.5196272646011879,-1.0,-20.453458786010742,0.16021537352752957,-1.759765386581421
Sept8,0.00174306845292449,0.007974270731210709,-2.198221206665039,0.7923369129941626,-0.7721301317214966,-2.198221206665039,0.05981102157671923,-2.4596188068389893,-2.198221206665039,0.00047907531254373344,-3.9098150730133057
Kif3a,0.007699541747570038,0.01945684105157852,-1.345933198928833,0.14206097177443197,-1.96113920211792,-1.345933198928833,0.010144537410286814,-3.14380145072937,-1.345933198928833,2.3359579342291504e-05,-4.646191596984863
Il13,0.0,0.0,0.0,0.9979940091511154,0.11319231241941452,0.0,1.0,0.0,0.0,1.0,0.0
Rad50,0.5137839317321777,0.5682909488677979,-0.18831472098827362,0.09087841423408621,-2.183248996734619,-0.18831472098827362,0.053416610785490905,-2.505661964416504,-0.18831472098827362,0.0029957619178135335,-3.389406681060791
Il5,0.0,0.0,0.0,0.9979940091511154,0.11319231241941452,0.0,1.0,0.0,0.0,1.0,0.0
Irf1,0.7665595412254333,0.676954984664917,0.2516824007034302,0.0016309785711728802,3.655817747116089,0.2516824007034302,0.004046370612690515,3.443725347518921,0.2516824007034302,2.0040208911902363e-05,4.681342601776123
Gm12216,0.13479453325271606,0.10050006955862045,0.448788583278656,0.9979940091511154,-0.2457991987466812,0.448788583278656,0.036012363241809564,2.6685895919799805,0.448788583278656,0.002444002995023603,3.451138496398926
Slc22a5,0.014088978990912437,0.009554295800626278,0.5636230111122131,0.9999246238488566,0.00026717304717749357,0.5636230111122131,0.41288084001221953,1.2904284000396729,0.5636230111122131,0.2067912634321674,1.6061322689056396
Slc22a21,0.0012583214556798339,0.0018441308056935668,-0.5518626570701599,0.9979940091511154,-0.032416995614767075,-0.5518626570701599,0.8241751140677643,-0.47286340594291687,-0.5518626570701599,0.6586064895101694,-0.6687833070755005
Pdlim4,0.0,0.0,0.0,0.9979940091511154,0.11319231241941452,0.0,1.0,0.0,0.0,1.0,0.0
P4ha2,0.0,0.0011211531236767769,-20.097362518310547,0.9979940091511154,-0.05797655135393143,-20.097362518310547,0.3635446106428965,-1.402162790298462,-20.097362518310547,0.03928451206328749,-2.467477560043335
Csf2,0.004878218751400709,0.011248363181948662,-1.2098897695541382,0.6206391816428426,-0.9967336058616638,-1.2098897695541382,0.1742981650038205,-1.9137442111968994,-1.2098897695541382,0.020426686519515548,-2.7324130535125732
Acsl6,0.00040983103099279106,0.0007077347254380584,-0.7883929014205933,0.9979940091511154,0.05521576479077339,-0.7883929014205933,0.8866960405912618,-0.3642600476741791,-0.7883929014205933,0.7545736439443841,-0.5188143849372864
Fnip1,0.148728609085083,0.13085797429084778,0.19787150621414185,0.5052718744348103,-1.1660321950912476,0.19787150621414185,0.3413570968011466,1.4682499170303345,0.19787150621414185,0.1280556305690642,1.9093178510665894
Rapgef6,0.5722253322601318,0.55656898021698,0.052373215556144714,0.5486277110690039,1.1006639003753662,0.052373215556144714,0.6886723421463368,0.7052845358848572,0.052373215556144714,0.48033166559994506,0.9661754369735718
Cdc42se2,0.49706023931503296,0.49065661430358887,0.023704897612333298,0.6830731115502328,0.9135537147521973,0.023704897612333298,0.9070924801764582,0.32699859142303467,0.023704897612333298,0.8064040983983866,0.44068631529808044
Lyrm7,0.019691210240125656,0.018278930336236954,0.10839206725358963,0.8260734559745537,-0.7295605540275574,0.10839206725358963,0.9063937131491214,0.32873091101646423,0.10839206725358963,0.8138570409410953,0.4282735586166382
Hint1,2.1945016384124756,2.2110941410064697,-0.026911422610282898,0.015839028766386317,-2.9114737510681152,-0.026911422610282898,0.6177404759128975,-0.8252959847450256,-0.026911422610282898,0.3570415538170001,-1.2348058223724365
Gpx3,0.0,0.0030448350589722395,-21.540130615234375,0.9979940091511154,0.027607882395386696,-21.540130615234375,0.5196272646011879,-1.0,-21.540130615234375,0.16021537352752957,-1.759765386581421
Tnip1,0.26956990361213684,0.26742953062057495,0.013113503344357014,0.7234729735025739,-0.8605644106864929,0.013113503344357014,1.0,0.13495394587516785,0.013113503344357014,0.9688995584156578,0.1792740821838379
Anxa6,1.5565448999404907,1.5362521409988403,0.037200864404439926,0.11931235171006091,2.0494844913482666,0.037200864404439926,0.5196272646011879,1.014977216720581,0.037200864404439926,0.2947330787474682,1.3692256212234497
Ccdc69,0.22439466416835785,0.19631358981132507,0.2138441503047943,0.9979940091511154,-0.07988473773002625,0.2138441503047943,0.17635627872362258,1.9050369262695312,0.2138441503047943,0.038128179029387116,2.478865385055542
Gm2a,0.510046660900116,0.6235963702201843,-0.37958845496177673,9.594032106938597e-05,-4.409958362579346,-0.37958845496177673,1.193507031005645e-05,-4.946585655212402,-0.37958845496177673,1.3728516240319423e-10,-6.835326671600342
Slc36a3,0.008935421705245972,0.01127465907484293,-0.337166428565979,0.995521601916441,-0.5137737989425659,-0.337166428565979,0.6978369182545475,-0.6891207695007324,-0.337166428565979,0.48407726210399793,-0.9589291214942932
Slc36a2,0.0003636896435637027,0.0,18.472614288330078,0.9979940091511154,0.14071114361286163,18.472614288330078,0.5196272646011879,1.0,18.472614288330078,0.46147875269036936,1.0
Slc36a1,0.03898722678422928,0.030676255002617836,0.3519090414047241,0.8396923803299885,-0.7123724222183228,0.3519090414047241,0.3617525524364023,1.4091559648513794,0.3519090414047241,0.16021537352752957,1.7718186378479004
Sparc,0.0,0.0,0.0,0.9979940091511154,0.11319231241941452,0.0,1.0,0.0,0.0,1.0,0.0
Atox1,1.2076947689056396,1.1844075918197632,0.048159658908843994,0.07772256392030147,2.257256031036377,0.048159658908843994,0.5196272646011879,1.0727862119674683,0.048159658908843994,0.26210359699219493,1.4571752548217773
G3bp1,1.1812163591384888,1.3049253225326538,-0.25095897912979126,7.138252899730871e-09,-6.282128810882568,-0.25095897912979126,1.94962839773094e-05,-4.843387126922607,-0.25095897912979126,9.438123939700612e-11,-6.8924736976623535
Glra1,0.0013063481310382485,0.0,20.318052291870117,0.9979940091511154,0.22326761484146118,20.318052291870117,0.16590178791744184,1.9401096105575562,20.318052291870117,0.12077173556418978,1.9401096105575562
Fam114a2,0.2507798671722412,0.30210429430007935,-0.30735132098197937,0.0005370993388737628,-3.9667181968688965,-0.30735132098197937,0.006217940705533102,-3.3028481006622314,-0.30735132098197937,7.762504510812535e-05,-4.367809772491455
Mfap3,0.08727861195802689,0.09939225018024445,-0.19637934863567352,0.04368446289714785,-2.509645462036133,-0.19637934863567352,0.5196272646011879,-1.0129565000534058,-0.19637934863567352,0.26183841476273645,-1.4579477310180664
Galnt10,0.07382471859455109,0.06704187393188477,0.14399190247058868,0.28565152117099335,-1.559399962425232,0.14399190247058868,0.6545483624275954,0.7626349925994873,0.14399190247058868,0.46199941184922527,0.9989597797393799
Sap30l,0.4484521448612213,0.4328416883945465,0.0631994754076004,0.585774660944717,1.04571533203125,0.0631994754076004,0.6078891267053811,0.8413253426551819,0.0631994754076004,0.41207651935812045,1.128355622291565
Larp1,0.42637211084365845,0.5365484356880188,-0.41742342710494995,1.3048764494052039e-05,-4.868605613708496,-0.41742342710494995,2.067931357447741e-06,-5.317720413208008,-0.41742342710494995,7.121755445537884e-12,-7.275371551513672
Gm12248,0.0,0.0,0.0,0.9979940091511154,0.11319231241941452,0.0,1.0,0.0,0.0,1.0,0.0
Cnot8,0.265191912651062,0.2681533396244049,-0.018252573907375336,0.5579376611778742,-1.0863256454467773,-0.018252573907375336,0.9770516883047266,-0.19678354263305664,-0.018252573907375336,0.9196504099367007,-0.25968948006629944
Gemin5,0.0814821720123291,0.1350764036178589,-0.768576979637146,2.2039113895521287e-07,-5.68232536315918,-0.768576979637146,1.0789735193781198e-05,-4.975711822509766,-0.768576979637146,2.35798932091075e-11,-7.101337432861328
Mrpl22,0.3667963743209839,0.44082701206207275,-0.3222191333770752,0.0005062990230544997,-3.982837677001953,-0.3222191333770752,0.00024469729371879824,-4.228294849395752,-0.3222191333770752,1.0906335840721558e-07,-5.7226409912109375
Igtp,0.36151212453842163,0.28941306471824646,0.3757387399673462,0.340092377942537,1.44870126247406,0.3757387399673462,0.0022072112279067145,3.625983953475952,0.3757387399673462,2.5695911072853794e-05,4.626608371734619
Irgm2,0.036455485969781876,0.036238331347703934,0.008776860311627388,0.9467376101561863,-0.5760250687599182,0.008776860311627388,1.0,0.02239714004099369,0.008776860311627388,1.0,0.032833125442266464
4930438A08Rik,0.0005167959025129676,0.0,18.979610443115234,0.9979940091511154,0.14071114361286163,18.979610443115234,0.5196272646011879,1.0,18.979610443115234,0.46147875269036936,1.0
Zfp692,0.028373293578624725,0.031741827726364136,-0.16429376602172852,0.3579991076123743,-1.413523554801941,-0.16429376602172852,0.7775005820492843,-0.5515827536582947,-0.16429376602172852,0.6065075786015881,-0.7513275146484375
Zfp672,0.12885470688343048,0.1236107349395752,0.06380341202020645,0.1376417985024312,-1.976457118988037,0.06380341202020645,0.8519198442642384,0.4246317148208618,0.06380341202020645,0.7270783041838986,0.5624544024467468
Sh3bp5l,0.053893353790044785,0.05837497115135193,-0.11850564926862717,0.09263817891222748,-2.173719882965088,-0.11850564926862717,0.7554587585710449,-0.5911263227462769,-0.11850564926862717,0.5841007432788856,-0.7891618609428406
Gm12253,0.004348458722233772,0.005749544128775597,-0.4039546847343445,0.9979940091511154,-0.28961557149887085,-0.4039546847343445,0.7415663922240376,-0.6145014762878418,-0.4039546847343445,0.5475807627624149,-0.8497622609138489
Olfr328,0.00040791285573504865,0.0,18.638198852539062,0.9979940091511154,0.14071114361286163,18.638198852539062,0.5196272646011879,1.0,18.638198852539062,0.46147875269036936,1.0
Gm12258,0.009637719951570034,0.004194948356598616,1.2039693593978882,0.9979940091511154,0.1610162854194641,1.2039693593978882,0.1340472880165346,2.0580098628997803,1.2039693593978882,0.049165076984859696,2.368727684020996
2810021J22Rik,0.013306490145623684,0.00922242272645235,0.5318639874458313,0.9982866462090498,0.022086305543780327,0.5318639874458313,0.5196272646011879,1.011730432510376,0.5318639874458313,0.3101249640542718,1.3343063592910767
Zfp39,0.025386042892932892,0.025024287402629852,0.020968517288565636,0.5503775275174969,-1.0976359844207764,0.020968517288565636,1.0,0.06761614978313446,0.020968517288565636,1.0,0.0875265896320343
Rnf187,0.7424483895301819,0.8130514621734619,-0.18852156400680542,0.018365334061815182,-2.8572375774383545,-0.18852156400680542,0.007057345038549045,-3.2618086338043213,-0.18852156400680542,8.111838454990791e-05,-4.357249736785889
H2bu2,0.2659503221511841,0.19518664479255676,0.4993073046207428,0.3058755242586462,1.517364740371704,0.4993073046207428,0.00023349289657004777,4.234497547149658,0.4993073046207428,5.415709309377908e-07,5.424412250518799
H2aw,0.13071677088737488,0.09504104405641556,0.486040323972702,0.9979940091511154,-0.026004843413829803,0.486040323972702,0.017573492225720577,2.941624164581299,0.486040323972702,0.0007450226144526072,3.7909696102142334
Trim11,0.09460414946079254,0.09769878536462784,-0.04870530962944031,0.06885445911230104,-2.312471866607666,-0.04870530962944031,0.9236850101228127,-0.2967011630535126,-0.04870530962944031,0.8312639383084424,-0.4005720615386963
Iba57,0.024853428825736046,0.029843352735042572,-0.26758068799972534,0.1943847667556406,-1.7893469333648682,-0.26758068799972534,0.565556448866283,-0.9151438474655151,-0.26758068799972534,0.3731118656394868,-1.2015302181243896
Gjc2,0.0,0.0,0.0,0.9979940091511154,0.11319231241941452,0.0,1.0,0.0,0.0,1.0,0.0
Guk1,0.37581369280815125,0.5056552886962891,-0.5286548137664795,4.269817636735062e-09,-6.366110324859619,-0.5286548137664795,1.1918159296446753e-10,-7.062719345092773,-0.5286548137664795,1.142742525551752e-20,-9.788029670715332
Mrpl55,0.3512357175350189,0.38335418701171875,-0.15082214772701263,0.17667234333046597,-1.8417128324508667,-0.15082214772701263,0.17194668161613638,-1.920914649963379,-0.15082214772701263,0.028729587378054058,-2.5979020595550537
2310033P09Rik,0.26446858048439026,0.29926350712776184,-0.2045968621969223,0.03702255565033643,-2.5793776512145996,-0.2045968621969223,0.1658531367408538,-1.9420013427734375,-0.2045968621969223,0.022940192493669728,-2.6867241859436035
Arf1,1.3053326606750488,1.385442852973938,-0.15629956126213074,0.0018295244623829077,-3.621441602706909,-0.15629956126213074,0.001945605268787928,-3.666907787322998,-0.15629956126213074,3.91340257735972e-06,-5.032841682434082
Wnt9a,0.0,0.0,0.0,0.9979940091511154,0.11319231241941452,0.0,1.0,0.0,0.0,1.0,0.0
Snap47,0.05839715898036957,0.09516153484582901,-0.7313395142555237,4.2271194698335236e-05,-4.602679252624512,-0.7313395142555237,0.0009095460685032336,-3.8831536769866943,-0.7313395142555237,3.239856055091191e-07,-5.519716739654541
Jmjd4,0.008602294139564037,0.01881876029074192,-1.1367645263671875,0.24874442484634043,-1.6448954343795776,-1.1367645263671875,0.030400949361108934,-2.7402520179748535,-1.1367645263671875,0.0002757188148177357,-4.05289363861084
Zfp867,0.003414477687329054,0.005968442652374506,-0.8075332045555115,0.9979940091511154,-0.4871455132961273,-0.8075332045555115,0.48666132630582337,-1.1498457193374634,-0.8075332045555115,0.2066996151422234,-1.6062524318695068
Zkscan17,0.06968601793050766,0.07036282122135162,-0.01443802285939455,0.05483449155421409,-2.414442777633667,-0.01443802285939455,1.0,-0.0779862105846405,-0.01443802285939455,1.0,-0.10250899940729141
Nlrp3,0.0,0.003887239610776305,-21.89311981201172,0.9979940091511154,-0.143560990691185,-21.89311981201172,0.23916818485289187,-1.7240784168243408,-21.89311981201172,0.008988468902360271,-3.033973455429077
Mprip,0.17775258421897888,0.17518244683742523,0.022920692339539528,0.36821913310630466,-1.3951776027679443,0.022920692339539528,0.988326754547568,0.17662742733955383,0.022920692339539528,0.9317546878066063,0.24158276617527008
Pld6,0.0,0.0,0.0,0.9979940091511154,0.11319231241941452,0.0,1.0,0.0,0.0,1.0,0.0
Flcn,0.033553048968315125,0.04776335507631302,-0.5197802186012268,0.03384655094306889,-2.615980386734009,-0.5197802186012268,0.15575839166934488,-1.9787100553512573,-0.5197802186012268,0.019009982230697664,-2.758690357208252
Cops3,0.4305669665336609,0.54213947057724,-0.4194068908691406,2.8461259115375655e-06,-5.18627405166626,-0.4194068908691406,2.6833339704752396e-07,-5.718594551086426,-0.4194068908691406,1.2917612541959284e-13,-7.831213474273682
Nt5m,0.0825643390417099,0.0922732800245285,-0.16749972105026245,0.01220013280657595,-3.006765365600586,-0.16749972105026245,0.5196272646011879,-1.0467848777770996,-0.16749972105026245,0.2909720629914012,-1.3783529996871948
Med9,0.21085979044437408,0.3053884208202362,-0.6054796576499939,8.292642809387147e-10,-6.630878925323486,-0.6054796576499939,5.5324685494000955e-09,-6.417778491973877,-0.6054796576499939,1.1886985999457162e-16,-8.720887184143066
Rasd1,0.015403873287141323,0.0192678514868021,-0.32569780945777893,0.8415937905842665,-0.7096115946769714,-0.32569780945777893,0.6343887244165705,-0.7960450053215027,-0.32569780945777893,0.4174716438605293,-1.118306279182434
Pemt,0.004561887588351965,0.00979903619736433,-1.1067907810211182,0.7079489147672445,-0.880958616733551,-1.1067907810211182,0.18001362295391116,-1.8941454887390137,-1.1067907810211182,0.020633361924036333,-2.727837085723877
Rai1,0.07356318086385727,0.08003289997577667,-0.12633606791496277,0.15695489829411968,-1.9074374437332153,-0.12633606791496277,0.7433203300853446,-0.6114289164543152,-0.12633606791496277,0.5419550992941271,-0.8585808277130127
Srebf1,0.11560552567243576,0.1453678458929062,-0.352433443069458,8.357102183245211e-05,-4.442108154296875,-0.352433443069458,0.034757342893053655,-2.6837477684020996,-0.352433443069458,0.0016223355319271643,-3.5733628273010254
Tom1l2,0.006306750699877739,0.014824102632701397,-1.2391307353973389,0.9481086270307127,-0.5743330121040344,-1.2391307353973389,0.32994355466662584,-1.4964256286621094,-1.2391307353973389,0.03973937674431025,-2.460604429244995
Drc3,0.0006497193244285882,0.0008198890718631446,-0.335734486579895,0.9979940091511154,0.05521576479077339,-0.335734486579895,0.9949832835444418,-0.16266857087612152,-0.335734486579895,0.9487516396118473,-0.2128443568944931
Atpaf2,0.14455728232860565,0.17397361993789673,-0.28900980949401855,0.0009634659978837341,-3.807215929031372,-0.28900980949401855,0.0617159800631399,-2.440643787384033,-0.28900980949401855,0.004567071058570938,-3.2555620670318604
Gid4,0.059921491891145706,0.0756562352180481,-0.34786370396614075,0.01689390183837595,-2.887962579727173,-0.34786370396614075,0.258151714358067,-1.667157530784607,-0.34786370396614075,0.05100688216298913,-2.3519082069396973
Drg2,0.14907926321029663,0.2105252593755722,-0.5435651540756226,1.4914642714310196e-06,-5.315853118896484,-0.5435651540756226,5.268967428837221e-05,-4.6145477294921875,-0.5435651540756226,1.932587040955245e-09,-6.41771936416626
Myo15,0.0,0.000616118311882019,-19.233295440673828,0.9979940091511154,0.027607882395386696,-19.233295440673828,0.5196272646011879,-1.0,-19.233295440673828,0.16021537352752957,-1.759765386581421
Alkbh5,0.4263426959514618,0.520893394947052,-0.3625418245792389,1.4057224792564921e-05,-4.851506233215332,-0.3625418245792389,1.1037263479777348e-05,-4.96003532409668,-0.3625418245792389,3.154708848835557e-10,-6.7066121101379395
Llgl1,0.07859326153993607,0.0786191076040268,-0.0004931301809847355,0.061149625586514815,-2.365015745162964,-0.0004931301809847355,1.0,-0.0029789875261485577,-0.0004931301809847355,1.0,-0.003855046583339572
Flii,0.5445030331611633,0.5719013810157776,-0.09241905063390732,0.5998940077258678,-1.0246086120605469,-0.09241905063390732,0.3751367550966445,-1.3713923692703247,-0.09241905063390732,0.14321106488048044,-1.8489084243774414
Mief2,0.04365105181932449,0.06674164533615112,-0.6293803453445435,0.001744055464651349,-3.635690927505493,-0.6293803453445435,0.0108842635245411,-3.1165215969085693,-0.6293803453445435,8.326121256567971e-05,-4.35024356842041
Top3a,0.051631130278110504,0.07147356122732162,-0.4836285412311554,0.01583086892896841,-2.911741018295288,-0.4836285412311554,0.10883672573028225,-2.1706464290618896,-0.4836285412311554,0.006724593582089227,-3.127777099609375
Smcr8,0.037358012050390244,0.03853743150830269,-0.04569888487458229,0.16934070062847362,-1.8645116090774536,-0.04569888487458229,0.9835116483802814,-0.18545304238796234,-0.04569888487458229,0.9325981756426373,-0.240226149559021
Shmt1,0.05789845809340477,0.12872445583343506,-1.2045737504959106,1.705077533057361e-11,-7.2129597663879395,-1.2045737504959106,7.167175123291426e-10,-6.800394058227539,-1.2045737504959106,1.07368536631284e-21,-10.043326377868652
Dhrs7b,0.16664820909500122,0.19175821542739868,-0.22113624215126038,0.011652472898009214,-3.023508310317993,-0.22113624215126038,0.16350779690341252,-1.9496181011199951,-0.22113624215126038,0.026341166248828443,-2.632652521133423
Tmem11,0.21047383546829224,0.21187074482440948,-0.010586485266685486,0.2716187313493446,-1.591371774673462,-0.010586485266685486,1.0,-0.1040806993842125,-0.010586485266685486,0.9964794851754596,-0.13530175387859344
Natd1,0.02597339078783989,0.016583047807216644,0.6541227102279663,0.9979940091511154,0.17241567373275757,0.6541227102279663,0.2614311980238718,1.6579806804656982,0.6541227102279663,0.06707194261514055,2.2300331592559814
Map2k3,0.5726411938667297,0.6355382204055786,-0.20025818049907684,0.049800997845850126,-2.455320358276367,-0.20025818049907684,0.013835475458999186,-3.0305683612823486,-0.20025818049907684,0.000291087004407184,-4.039169788360596
Tnfrsf13b,0.10843389481306076,0.11549554765224457,-0.09621034562587738,0.013675554649104438,-2.9647302627563477,-0.09621034562587738,0.7646781343782524,-0.5748993158340454,-0.09621034562587738,0.5980250981721008,-0.7664621472358704
Usp22,0.09663227200508118,0.12661117315292358,-0.41185522079467773,0.0030818696320417303,-3.462740898132324,-0.41185522079467773,0.06010597743973289,-2.45474910736084,-0.41185522079467773,0.0019410437026092676,-3.5202372074127197
Aldh3a2,0.09181832522153854,0.10313310474157333,-0.17594783008098602,0.023908509065825118,-2.755711793899536,-0.17594783008098602,0.5196272646011879,-1.03602933883667,-0.17594783008098602,0.2693364963609818,-1.4402012825012207
Mapk7,0.034270089119672775,0.04553427919745445,-0.41818273067474365,0.026501847062851146,-2.7139437198638916,-0.41818273067474365,0.27243608483793624,-1.6299376487731934,-0.41818273067474365,0.0684779861375626,-2.2203218936920166
B9d1,0.012543441727757454,0.02926744893193245,-1.2344697713851929,0.04647404425816444,-2.4844422340393066,-1.2344697713851929,0.0032083832257512115,-3.522947072982788,-1.2344697713851929,1.384191796994769e-06,-5.2408576011657715
Epn2,0.0036101858131587505,0.0022253962233662605,0.6990099549293518,0.9979940091511154,0.07819264382123947,0.6990099549293518,0.6728417191086016,0.7314690351486206,0.6990099549293518,0.5252562150464578,0.8873735666275024
Grap,0.5328651070594788,0.52043616771698,0.04379820078611374,0.7902654992367681,0.7744455933570862,0.04379820078611374,0.7362545206650427,0.6246379613876343,0.04379820078611374,0.5584099908391009,0.8316183686256409
Slc5a10,0.0,0.0,0.0,0.9979940091511154,0.11319231241941452,0.0,1.0,0.0,0.0,1.0,0.0
Fam83g,0.002234255662187934,0.004793192725628614,-1.103039264678955,0.9979940091511154,-0.37386414408683777,-1.103039264678955,0.3855450480978533,-1.350080132484436,-1.103039264678955,0.10991309144502484,-1.9875235557556152
Prpsap2,0.1073533371090889,0.1414048969745636,-0.42253705859184265,0.00021112878264037798,-4.21420955657959,-0.42253705859184265,0.02522905675662055,-2.809828281402588,-0.42253705859184265,0.00042215515949863366,-3.940929889678955
Ulk2,0.05322366952896118,0.04017261415719986,0.4153432846069336,0.8737203404239589,-0.6684669852256775,0.4153432846069336,0.23872155783953428,1.7221652269363403,0.4153432846069336,0.06962435978338112,2.212702751159668
Akap10,0.09131886065006256,0.06709057837724686,0.46251025795936584,0.935181856062287,-0.5889384746551514,0.46251025795936584,0.03537646025854594,2.674793243408203,0.46251025795936584,0.003312971002250245,3.358961582183838
Specc1,0.022289585322141647,0.026496637612581253,-0.25248655676841736,0.30049573655904555,-1.5287641286849976,-0.25248655676841736,0.6586945514062688,-0.7556378841400146,-0.25248655676841736,0.46147875269036936,-1.0181649923324585
Adora2b,0.00039247810491360724,0.0,18.582538604736328,0.9979940091511154,0.14071114361286163,18.582538604736328,0.5196272646011879,1.0,18.582538604736328,0.46147875269036936,1.0
Zswim7,0.040923867374658585,0.06419207155704498,-0.6663842797279358,0.005513512137732552,-3.2769665718078613,-0.6663842797279358,0.023938272366832745,-2.8307344913482666,-0.6663842797279358,0.00025138227694127295,-4.076220989227295
Ttc19,0.16947631537914276,0.17332375049591064,-0.03524039685726166,0.15625807425601876,-1.9104653596878052,-0.03524039685726166,0.9251599756096391,-0.2940099239349365,-0.03524039685726166,0.8362789178147908,-0.39215797185897827
Ncor1,1.2468053102493286,1.1572811603546143,0.18471083045005798,1.4057224792564921e-05,4.851506233215332,0.18471083045005798,0.00011923770682547835,4.406702518463135,0.18471083045005798,9.427264141941233e-08,5.751152515411377
Pigl,0.026063237339258194,0.028130367398262024,-0.11161010712385178,0.22632491392916912,-1.7027828693389893,-0.11161010712385178,0.8661741430878954,-0.40046507120132446,-0.11161010712385178,0.7542763521266403,-0.519315242767334
Cenpv,0.31325170397758484,0.3904172480106354,-0.37661463022232056,0.00015706176166799734,-4.2870588302612305,-0.37661463022232056,0.0005138645194080092,-4.034566879272461,-0.37661463022232056,3.0648513570252835e-07,-5.531331539154053
Ubb,3.4078969955444336,3.074401378631592,0.5008217096328735,2.750127914195334e-51,15.545553207397461,0.5008217096328735,1.1441321868416371e-57,18.509960174560547,0.5008217096328735,7.751253855502889e-119,25.345062255859375
Trpv2,0.28741657733917236,0.3414538502693176,-0.2895662486553192,0.003362878125157522,-3.4351329803466797,-0.2895662486553192,0.011178220456039568,-3.106156587600708,-0.2895662486553192,0.00014631259087204555,-4.213366985321045
Lrrc75a,0.007377082481980324,0.013003292493522167,-0.8218199610710144,0.7090273504193908,-0.879622757434845,-0.8218199610710144,0.36167647049845647,-1.417797565460205,-0.8218199610710144,0.08802749362565408,-2.1006534099578857
Mmgt2,0.10991401970386505,0.13738617300987244,-0.34208670258522034,0.0006445637899006075,-3.916133403778076,-0.34208670258522034,0.058196940553723084,-2.467388391494751,-0.34208670258522034,0.0032737328519850807,-3.3619236946105957
Zfp287,0.018959980458021164,0.02543635293841362,-0.4286232590675354,0.4019810626922632,-1.3328372240066528,-0.4286232590675354,0.5196272646011879,-1.0527276992797852,-0.4286232590675354,0.23580820018085402,-1.5262672901153564
Zfp286,0.0017399576026946306,0.009318976663053036,-2.426590919494629,0.6195410331241726,-0.9983366131782532,-2.426590919494629,0.013046628652829323,-3.0591249465942383,-2.426590919494629,6.104804861902458e-06,-4.945458889007568
Gm10428,0.0,0.0,0.0,0.9979940091511154,0.11319231241941452,0.0,1.0,0.0,0.0,1.0,0.0
Trim16,0.007423752918839455,0.009947869926691055,-0.42406225204467773,0.9738865017806577,-0.5402238965034485,-0.42406225204467773,0.6139889721121041,-0.8308572769165039,-0.42406225204467773,0.4001837231257898,-1.1507340669631958
Fbxw10,0.0,0.0006598000763915479,-19.3321475982666,0.9979940091511154,0.027607882395386696,-19.3321475982666,0.5196272646011879,-1.0,-19.3321475982666,0.16021537352752957,-1.759765386581421
Tvp23b,0.12685759365558624,0.1836278885602951,-0.5755854249000549,1.984071216274612e-06,-5.2576985359191895,-0.5755854249000549,0.00014087527916856166,-4.372898101806641,-0.5755854249000549,1.1628917162334901e-08,-6.118544578552246
Hs3st3b1,0.02151360549032688,0.020797062665224075,0.049388326704502106,0.7731678721902832,-0.7961756587028503,0.049388326704502106,1.0,0.13060618937015533,0.049388326704502106,0.9755251543768954,0.16898761689662933
Cox10,0.14254389703273773,0.18641729652881622,-0.4196445941925049,0.00014511200450523053,-4.307809352874756,-0.4196445941925049,0.00666508784821336,-3.2821764945983887,-0.4196445941925049,3.409309867274239e-05,-4.560263633728027
Elac2,0.07587118446826935,0.11076445877552032,-0.5714327096939087,4.361029478774728e-05,-4.595020294189453,-0.5714327096939087,0.0029397105361801527,-3.5453362464904785,-0.5714327096939087,6.339395330920282e-06,-4.932671070098877
Arhgap44,0.0,0.0,0.0,0.9979940091511154,0.11319231241941452,0.0,1.0,0.0,0.0,1.0,0.0
Map2k4,0.15228238701820374,0.1831110119819641,-0.28882884979248047,0.0033322247123374676,-3.4382498264312744,-0.28882884979248047,0.08345996054705249,-2.2989261150360107,-0.28882884979248047,0.0057925406037617885,-3.178283929824829
Zkscan6,0.058885883539915085,0.06204773858189583,-0.07776027172803879,0.12174360730870078,-2.0397770404815674,-0.07776027172803879,0.8833743876406126,-0.3704352080821991,-0.07776027172803879,0.7674603174254098,-0.4992706775665283
Tmem220,0.0,0.0,0.0,0.9979940091511154,0.11319231241941452,0.0,1.0,0.0,0.0,1.0,0.0
Adprm,0.16410300135612488,0.17226020991802216,-0.0760369673371315,0.049406326451364266,-2.4587044715881348,-0.0760369673371315,0.7217289258137551,-0.649077296257019,-0.0760369673371315,0.5434329802142129,-0.8564639687538147
Sco1,0.040198735892772675,0.058152880519628525,-0.5457579493522644,0.02493618067075011,-2.738879919052124,-0.5457579493522644,0.09932462490016719,-2.2175424098968506,-0.5457579493522644,0.00542829281809778,-3.199252128601074
Myh3,0.0,0.0,0.0,0.9979940091511154,0.11319231241941452,0.0,1.0,0.0,0.0,1.0,0.0
Gas7,0.032550323754549026,0.02953573316335678,0.14239619672298431,0.9979940091511154,-0.5104786157608032,0.14239619672298431,0.8444239681733912,0.43813738226890564,0.14239619672298431,0.7067776227190493,0.5932595729827881
Usp43,0.0,0.0,0.0,0.9979940091511154,0.11319231241941452,0.0,1.0,0.0,0.0,1.0,0.0
Stx8,0.3658674359321594,0.35715457797050476,0.041435208171606064,0.9979940091511154,-0.06171697378158569,0.041435208171606064,0.7888434951680687,0.5335237979888916,0.041435208171606064,0.6421557892398589,0.6947019696235657
Ntn1,0.0,0.0,0.0,0.9979940091511154,0.11319231241941452,0.0,1.0,0.0,0.0,1.0,0.0
Pik3r5,0.24489179253578186,0.2545631527900696,-0.06314585357904434,0.2310429925006759,-1.6892461776733398,-0.06314585357904434,0.7547957950496711,-0.5921008586883545,-0.06314585357904434,0.5771630072576762,-0.8002784252166748
Pik3r6,0.012857728637754917,0.02490689605474472,-0.9626286029815674,0.3056561148804247,-1.5178991556167603,-0.9626286029815674,0.08701021792022336,-2.2812440395355225,-0.9626286029815674,0.00297764941649357,-3.391209602355957
Mfsd6l,0.0,0.0,0.0,0.9979940091511154,0.11319231241941452,0.0,1.0,0.0,0.0,1.0,0.0
Myh10,0.009302300401031971,0.007465604227036238,0.31865525245666504,0.9979940091511154,-0.2868548035621643,0.31865525245666504,0.7538961884948747,0.5935308933258057,0.31865525245666504,0.6207785441905589,0.7278923988342285
Ndel1,0.279659241437912,0.267598956823349,0.07269325852394104,0.9984208920935209,-0.019681748002767563,0.07269325852394104,0.6650564055010085,0.7438331246376038,0.07269325852394104,0.4638386578908568,0.9960098266601562
Rpl26,3.0927770137786865,3.268808364868164,-0.2649857699871063,9.557759173061607e-30,-11.762025833129883,-0.2649857699871063,2.051998741249573e-38,-14.225699424743652,-0.2649857699871063,2.1387333963635768e-66,-18.34952735900879
Arhgef15,0.0,0.0,0.0,0.9979940091511154,0.11319231241941452,0.0,1.0,0.0,0.0,1.0,0.0
Slc25a35,0.02142256312072277,0.011758709326386452,0.8723917007446289,0.9979940091511154,0.35462769865989685,0.8723917007446289,0.07127973800418129,2.3748018741607666,0.8723917007446289,0.01113600800165305,2.9560749530792236
Rangrf,0.027950214222073555,0.09711964428424835,-1.8473191261291504,1.331583751205004e-10,-6.911588668823242,-1.8473191261291504,4.5359054614136466e-13,-8.002303123474121,-1.8473191261291504,1.9123125259491145e-32,-12.454769134521484
Pfas,0.10991185158491135,0.16951684653759003,-0.6690784692764282,2.9125895349663335e-08,-6.0438103675842285,-0.6690784692764282,1.3142390264165184e-05,-4.926164150238037,-0.6690784692764282,1.2462107209732538e-10,-6.850177764892578
Ctc1,0.13970988988876343,0.13881687819957733,0.009910142980515957,0.08685223195692016,-2.204622983932495,0.009910142980515957,1.0,0.07825543731451035,0.009910142980515957,1.0,0.10171850025653839
Aurkb,1.0039511919021606,0.6942986249923706,0.7866538166999817,1.5794480118220818e-26,11.093470573425293,0.7866538166999817,1.1121139070320406e-26,11.863649368286133,0.7866538166999817,7.057593009596754e-60,17.248950958251953
Borcs6,0.07886821776628494,0.08454547077417374,-0.10443457961082458,0.1846489521604913,-1.8167767524719238,-0.10443457961082458,0.8057304991747285,-0.5041567087173462,-0.10443457961082458,0.6265485417179696,-0.7184690237045288
Tmem107,0.0936143696308136,0.09409970790147781,-0.007815683260560036,0.021143681702152025,-2.802645206451416,-0.007815683260560036,1.0,-0.050834864377975464,-0.007815683260560036,1.0,-0.06532009690999985
Vamp2,0.25411561131477356,0.2110656499862671,0.300049751996994,0.5604141774937398,1.0827633142471313,0.300049751996994,0.02611630127310733,2.794891595840454,0.300049751996994,0.0010643822892385914,3.6917757987976074
Per1,0.15917682647705078,0.1448834091424942,0.14630934596061707,0.9979940091511154,-0.09449020028114319,0.14630934596061707,0.532618023506646,0.9763711094856262,0.14630934596061707,0.2941059721859136,1.3708899021148682
Hes7,0.0007017961470410228,0.002884178888052702,-2.040609836578369,0.9979940091511154,-0.08834522217512131,-2.040609836578369,0.5196272646011879,-1.0857747793197632,-2.040609836578369,0.15717055987169223,-1.7986613512039185
Alox8,0.0031694425269961357,0.0033388256561011076,-0.07523393630981445,0.9979940091511154,-0.0632309541106224,-0.07523393630981445,1.0,-0.09167098999023438,-0.07523393630981445,1.0,-0.12346847355365753
Gucy2e,0.0020160838030278683,0.0075203473679721355,-1.9032167196273804,0.8382824909513328,-0.714420735836029,-1.9032167196273804,0.06765754072249007,-2.403406858444214,-1.9032167196273804,0.0007165079404895128,-3.8021161556243896
Cntrob,0.10463813692331314,0.06547963619232178,0.7049379348754883,0.9979940091511154,0.2873891294002533,0.7049379348754883,0.00022525145285567106,4.239495754241943,0.7049379348754883,2.3190185562514393e-06,5.14316463470459
Trappc1,0.5670543909072876,0.5038444399833679,0.22015491127967834,0.01385666600464195,2.960010290145874,0.22015491127967834,0.00662825263131868,3.280510425567627,0.22015491127967834,0.00011127006517394652,4.28167724609375
Kcnab3,0.0006215305766090751,0.0,19.24591636657715,0.9979940091511154,0.14071114361286163,19.24591636657715,0.5196272646011879,1.0,19.24591636657715,0.46147875269036936,1.0
Rnf227,0.016724245622754097,0.023189226165413857,-0.4761926233768463,0.44787282211968704,-1.2550008296966553,-0.4761926233768463,0.4923120339154475,-1.1394366025924683,-0.4761926233768463,0.21447426451771356,-1.5837314128875732
Chd3,0.3207422196865082,0.32078856229782104,-0.00024360671523027122,0.7299116397588982,-0.8515695333480835,-0.00024360671523027122,1.0,-0.0021812019404023886,-0.00024360671523027122,1.0,-0.00302983820438385
Cyb5d1,0.010654151439666748,0.01494030375033617,-0.49089205265045166,0.8877769594371944,-0.6515460014343262,-0.49089205265045166,0.633494714394281,-0.7982758283615112,-0.49089205265045166,0.3761967768227934,-1.1955575942993164
Naa38,0.5818630456924438,0.5936102867126465,-0.038135889917612076,0.9979940091511154,-0.3166891038417816,-0.038135889917612076,0.7474310154772068,-0.6043553352355957,-0.038135889917612076,0.5794801009508393,-0.7959726452827454
Tmem88,0.026453321799635887,0.023060105741024017,0.20050732791423798,0.9979940091511154,-0.2798192501068115,0.20050732791423798,0.8245702708446857,0.4714518189430237,0.20050732791423798,0.659281900552809,0.6676042079925537
Kdm6b,0.30319803953170776,0.3149125576019287,-0.06357578933238983,0.21535556786201604,-1.730657935142517,-0.06357578933238983,0.7898676312218043,-0.5318572521209717,-0.06357578933238983,0.6153980998735721,-0.7368505001068115
Efnb3,0.003749452531337738,0.0018315751804038882,1.0349787473678589,0.9979940091511154,0.07872699201107025,1.0349787473678589,0.5176845317671196,1.0927386283874512,1.0349787473678589,0.3447717477935719,1.2608706951141357
Wrap53,0.1256723552942276,0.11686909943819046,0.11125217378139496,0.5604954863615422,-1.0825852155685425,0.11125217378139496,0.6358969226861076,0.7934150695800781,0.11125217378139496,0.4496066109546368,1.0592496395111084
Trp53,0.5497186183929443,0.6676591634750366,-0.37407222390174866,8.090550922317832e-06,-4.970487594604492,-0.37407222390174866,5.487106129545369e-07,-5.577658176422119,-0.37407222390174866,1.1876724095728478e-12,-7.529908180236816
Atp1b2,0.0020351537968963385,0.0006763632991351187,1.5902466773986816,0.9979940091511154,0.13803941011428833,1.5902466773986816,0.5196272646011879,1.0004409551620483,1.5902466773986816,0.42917865417987694,1.096747636795044
Sat2,0.0,0.0,0.0,0.9979940091511154,0.11319231241941452,0.0,1.0,0.0,0.0,1.0,0.0
Fxr2,0.16520783305168152,0.16978083550930023,-0.04278230667114258,0.14657954496394826,-1.9451088905334473,-0.04278230667114258,0.9044934274530549,-0.33281099796295166,-0.04278230667114258,0.7998974460362276,-0.45043042302131653
Sox15,0.0,0.0005865362472832203,-19.16228675842285,0.9979940091511154,0.027607882395386696,-19.16228675842285,0.5196272646011879,-1.0,-19.16228675842285,0.16021537352752957,-1.759765386581421
Mpdu1,0.5165137052536011,0.46760618686676025,0.18167372047901154,0.03908649107651925,2.5558664798736572,0.18167372047901154,0.03908587202376497,2.6358656883239746,0.18167372047901154,0.0025290450074809474,3.440591335296631
Cd68,0.12875284254550934,0.10185416042804718,0.35787540674209595,0.9979940091511154,-0.16119439899921417,0.35787540674209595,0.1078649820039421,2.1737139225006104,0.35787540674209595,0.012922932866354332,2.902573585510254
Eif4a1,1.8097045421600342,2.0110151767730713,-0.34102556109428406,1.5211831394835523e-17,-8.983604431152344,-0.34102556109428406,1.9689551192577732e-16,-8.965361595153809,-0.34102556109428406,3.4478677380772746e-32,-12.375517845153809
Senp3,0.16485153138637543,0.16765926778316498,-0.026446156203746796,0.2318453490429677,-1.6869306564331055,-0.026446156203746796,0.9634556881611471,-0.22320012748241425,-0.026446156203746796,0.8955367695213213,-0.29868587851524353
Tnfsfm13,0.0,0.0,0.0,0.9979940091511154,0.11319231241941452,0.0,1.0,0.0,0.0,1.0,0.0
Tnfsf12,0.0003957982698921114,0.005495698191225529,-3.799142837524414,0.9979940091511154,-0.11613121628761292,-3.799142837524414,0.39780832137507277,-1.3241279125213623,-3.799142837524414,0.0568987945724788,-2.304776906967163
Polr2a,0.7491975426673889,0.7129294872283936,0.10090817511081696,0.14102332470981338,1.964523434638977,0.10090817511081696,0.2279932285290451,1.753389835357666,0.10090817511081696,0.049618751853124345,2.364159345626831
Slc35g3,0.0,0.0,0.0,0.9979940091511154,0.11319231241941452,0.0,1.0,0.0,0.0,1.0,0.0
Zbtb4,0.0204725693911314,0.017284441739320755,0.24652519822120667,0.9979940091511154,-0.3585462272167206,0.24652519822120667,0.7646781343782524,0.5749915242195129,0.24652519822120667,0.5953485859546942,0.7705640196800232
Chrnb1,0.002692245878279209,0.004918747581541538,-0.8710875511169434,0.9979940091511154,-0.37386414408683777,-0.8710875511169434,0.5137042081822352,-1.1004984378814697,-0.8710875511169434,0.22688799323678996,-1.5501607656478882
Spem1,0.0,0.0,0.0,0.9979940091511154,0.11319231241941452,0.0,1.0,0.0,0.0,1.0,0.0
Nlgn2,0.00034148190752603114,0.0017696073045954108,-2.374575138092041,0.9979940091511154,-0.03045772761106491,-2.374575138092041,0.5196272646011879,-1.0579726696014404,-2.374575138092041,0.1633796387839172,-1.7481846809387207
Tmem256,0.5429134368896484,0.5518088340759277,-0.03044523485004902,0.9979940091511154,0.15691964328289032,-0.03044523485004902,0.8308394665233952,-0.4612864851951599,-0.03044523485004902,0.6997588225091634,-0.6037411689758301
Plscr3,0.021603845059871674,0.037265270948410034,-0.7978966236114502,0.05295453791874892,-2.428781032562256,-0.7978966236114502,0.04564282769708345,-2.574472665786743,-0.7978966236114502,0.0009323094822266214,-3.7280631065368652
Tnk1,0.0,0.0,0.0,0.9979940091511154,0.11319231241941452,0.0,1.0,0.0,0.0,1.0,0.0
Tmem95,0.0008227125508710742,0.0,19.650623321533203,0.9979940091511154,0.16822996735572815,19.650623321533203,0.36401251683510194,1.3979378938674927,19.650623321533203,0.2840271137864058,1.3979378938674927
Kctd11,0.005853647831827402,0.004815519321709871,0.282394140958786,0.9979940091511154,0.07463033497333527,0.282394140958786,0.8239655300909197,0.4735971987247467,0.282394140958786,0.6907928422323674,0.6181966662406921
Acap1,0.4827551543712616,0.4649656116962433,0.06800948828458786,0.5616251738805091,1.0805368423461914,0.06800948828458786,0.5568518563442163,0.932118833065033,0.06800948828458786,0.35166160000252167,1.2458293437957764
2810408A11Rik,0.007367501966655254,0.008262083865702152,-0.16597621142864227,0.9979940091511154,-0.1524667590856552,-0.16597621142864227,0.9574915590677263,-0.2356145977973938,-0.16597621142864227,0.8712362249893362,-0.33897629380226135
Neurl4,0.03394533693790436,0.034711163491010666,-0.03274187445640564,0.534916591870025,-1.1228392124176025,-0.03274187445640564,1.0,-0.10872485488653183,-0.03274187445640564,0.9870196059161356,-0.15007565915584564
Gps2,0.471661776304245,0.4058658182621002,0.2676711082458496,0.008777628755882392,3.121293544769287,0.2676711082458496,0.003009779283158704,3.534611940383911,0.2676711082458496,2.272877875172608e-05,4.653204917907715
Eif5a,2.0679361820220947,2.467658519744873,-0.6438949704170227,2.0852551303157207e-50,-15.40225887298584,-0.6438949704170227,3.1028444878731163e-30,-12.805124282836914,-0.6438949704170227,6.722313180919405e-71,-18.928651809692383
Ybx2,0.0,0.0,0.0,0.9979940091511154,0.11319231241941452,0.0,1.0,0.0,0.0,1.0,0.0
Cldn7,0.0008819571230560541,0.003652186831459403,-2.0519778728485107,0.9979940091511154,-0.3161547780036926,-2.0519778728485107,0.224735098749809,-1.7643742561340332,-2.0519778728485107,0.01660476982842305,-2.8095221519470215
Elp5,0.18902593851089478,0.20306986570358276,-0.11385331302881241,0.048395580686039115,-2.4673430919647217,-0.11385331302881241,0.5196272646011879,-1.062867283821106,-0.11385331302881241,0.28298323342385084,-1.401196002960205
Ctdnep1,0.3577418327331543,0.42950183153152466,-0.31889644265174866,0.001641472271675268,-3.6538586616516113,-0.31889644265174866,0.0005028926688083239,-4.039958477020264,-0.31889644265174866,3.3892966570744545e-07,-5.512047290802002
Gabarap,1.2346326112747192,1.1679797172546387,0.13754886388778687,2.8750933762223807e-05,4.6907572746276855,0.13754886388778687,0.008105907629701335,3.2167134284973145,0.13754886388778687,7.225733837856614e-05,4.3844709396362305
Phf23,0.19812573492527008,0.17573899030685425,0.1896333247423172,0.9979940091511154,-0.207326278090477,0.1896333247423172,0.2592030010489218,1.6639013290405273,0.1896333247423172,0.07400114743416192,2.1847615242004395
Dvl2,0.05146972835063934,0.07555606961250305,-0.5713818073272705,0.0004241175942360734,-4.030572414398193,-0.5713818073272705,0.01771828927510462,-2.9414966106414795,-0.5713818073272705,0.00023507828786896275,-4.093700408935547
Acadvl,0.20955470204353333,0.22121651470661163,-0.08684612065553665,0.1394253614330477,-1.970223069190979,-0.08684612065553665,0.642577334127237,-0.7820436358451843,-0.08684612065553665,0.4495795165036533,-1.0593492984771729
Dlg4,0.036243245005607605,0.050255175679922104,-0.48174065351486206,0.027154476951565476,-2.7042365074157715,-0.48174065351486206,0.20767005206100084,-1.8108584880828857,-0.48174065351486206,0.036482920805548505,-2.5003600120544434
Mgl2,0.0,0.0006582193309441209,-19.328685760498047,0.9979940091511154,0.027607882395386696,-19.328685760498047,0.5196272646011879,-1.0,-19.328685760498047,0.16021537352752957,-1.759765386581421
Clec10a,0.0003642677911557257,0.0,18.47490692138672,0.9979940091511154,0.14071114361286163,18.47490692138672,0.5196272646011879,1.0,18.47490692138672,0.46147875269036936,1.0
Slc16a11,0.0,0.0,0.0,0.9979940091511154,0.11319231241941452,0.0,1.0,0.0,0.0,1.0,0.0
Slc16a13,0.004317841958254576,0.005176982376724482,-0.26242122054100037,0.9979940091511154,-0.23377642035484314,-0.26242122054100037,0.8781666713509899,-0.3791784346103668,-0.26242122054100037,0.7542001296579596,-0.5194751024246216
Bcl6b,0.0008644349290989339,0.0,19.722023010253906,0.9979940091511154,0.14071114361286163,19.722023010253906,0.5196272646011879,1.0,19.722023010253906,0.46147875269036936,1.0
Gm21988,0.04405485838651657,0.05046473443508148,-0.2006346434354782,0.0583439269689264,-2.3879036903381348,-0.2006346434354782,0.5752035345018753,-0.8981332778930664,-0.2006346434354782,0.3799238391770771,-1.1884421110153198
0610010K14Rik,0.4504915177822113,0.38514819741249084,0.27649426460266113,0.009690009406421932,3.0878078937530518,0.27649426460266113,0.0022943468721482807,3.6155011653900146,0.27649426460266113,1.6237937777046816e-05,4.729072093963623
Rnasek,0.00151725800242275,0.0,20.534130096435547,0.9979940091511154,0.2507864236831665,20.534130096435547,0.09712906441889207,2.225966215133667,20.534130096435547,0.06791588351772057,2.225966215133667
Alox12,0.0,0.000851715391036123,-19.70062828063965,0.9979940091511154,0.027607882395386696,-19.70062828063965,0.5196272646011879,-1.0,-19.70062828063965,0.16021537352752957,-1.759765386581421
Alox15,0.00031485993531532586,0.0,18.26458168029785,0.9979940091511154,0.14071114361286163,18.26458168029785,0.5196272646011879,1.0,18.26458168029785,0.46147875269036936,1.0
Pelp1,0.13400502502918243,0.21576425433158875,-0.7478637099266052,1.3904787458150717e-10,-6.904998302459717,-0.7478637099266052,1.8364326538985063e-08,-6.219764709472656,-0.7478637099266052,1.055699601895337e-16,-8.733234405517578
Arrb2,0.4718061089515686,0.4727673828601837,-0.0036843540146946907,0.9979940091511154,-0.3199842572212219,-0.0036843540146946907,1.0,-0.051490847021341324,-0.0036843540146946907,1.0,-0.06752914190292358
Med11,0.25928452610969543,0.2997467815876007,-0.23975355923175812,0.00929268996136353,-3.1026806831359863,-0.23975355923175812,0.04160041553999173,-2.6105923652648926,-0.23975355923175812,0.0020575839188507047,-3.503117561340332
Cxcl16,0.0030613585840910673,0.002352523384615779,0.38047435879707336,0.9979940091511154,0.05005041882395744,0.38047435879707336,0.8833743876406126,0.3704748749732971,0.38047435879707336,0.7802754635667982,0.4803685247898102
Zmynd15,0.00025445205392315984,0.0013602597173303366,-2.4192094802856445,0.9979940091511154,0.05503764748573303,-2.4192094802856445,0.6334519927203178,-0.7990781664848328,-2.4192094802856445,0.299172415541061,-1.3588504791259766
Tm4sf5,0.007695578504353762,0.016298335045576096,-1.0888409614562988,0.42176883573586177,-1.2983719110488892,-1.0888409614562988,0.08808804441588716,-2.275707721710205,-1.0888409614562988,0.0033334293260225707,-3.3556079864501953
Vmo1,0.0,0.0,0.0,0.9979940091511154,0.11319231241941452,0.0,1.0,0.0,0.0,1.0,0.0
Psmb6,1.252832055091858,1.3450933694839478,-0.18308396637439728,8.460299847191093e-06,-4.961492538452148,-0.18308396637439728,0.00015668147900269405,-4.345602989196777,-0.18308396637439728,1.965114625756069e-08,-6.02780818939209
Gm40193,0.0002790425205603242,0.0,18.09033203125,0.9979940091511154,0.14071114361286163,18.09033203125,0.5196272646011879,1.0,18.09033203125,0.46147875269036936,1.0
Pld2,0.014264924451708794,0.007515378296375275,0.9294319748878479,0.9979940091511154,0.14391721785068512,0.9294319748878479,0.12723582115038579,2.084890365600586,0.9294319748878479,0.03726207145007799,2.491215705871582
Mink1,0.12406953424215317,0.1305955946445465,-0.07876484841108322,0.016104818947247513,-2.9052398204803467,-0.07876484841108322,0.7689733690435453,-0.5680282711982727,-0.07876484841108322,0.6048344854599998,-0.7542436718940735
Chrne,0.016341878101229668,0.014928468503057957,0.1315300017595291,0.9979940091511154,-0.16057099401950836,0.1315300017595291,0.9439785506754598,0.2603068947792053,0.1315300017595291,0.844267567246063,0.3803167939186096
4930544D05Rik,0.0008469669264741242,0.0008026217110455036,0.07761728018522263,0.9979940091511154,0.11025340855121613,0.07761728018522263,1.0,0.04703306779265404,0.07761728018522263,1.0,0.06590192019939423
Gp1ba,0.0,0.0,0.0,0.9979940091511154,0.11319231241941452,0.0,1.0,0.0,0.0,1.0,0.0
Slc25a11,0.5666525363922119,0.502454936504364,0.2238849550485611,0.002378395366850736,3.543872356414795,0.2238849550485611,0.0035835922280948247,3.480679750442505,0.2238849550485611,3.482409196357183e-05,4.556722164154053
Rnf167,0.20518828928470612,0.21943514049053192,-0.10748656839132309,0.07153472578168932,-2.295105457305908,-0.10748656839132309,0.5634779237017401,-0.9190152883529663,-0.10748656839132309,0.35058437905922585,-1.2476643323898315
Pfn1,3.531123638153076,3.445952892303467,0.12674883008003235,0.00022884459262402791,4.1933698654174805,0.12674883008003235,7.560980205511912e-06,5.060573101043701,0.12674883008003235,2.0866187125789266e-12,7.447845458984375
Eno3,0.03891076147556305,0.055783722549676895,-0.5319423079490662,0.0164766740828364,-2.8971354961395264,-0.5319423079490662,0.08135700106280595,-2.311619520187378,-0.5319423079490662,0.00490445996844597,-3.2314391136169434
Spag7,0.47394058108329773,0.4434179365634918,0.11973369866609573,0.17481995182501725,1.847590684890747,0.11973369866609573,0.25343052406754146,1.6805005073547363,0.11973369866609573,0.07314979797688187,2.1903269290924072
Camta2,0.05536537244915962,0.07993169873952866,-0.5477043986320496,0.026565277667629682,-2.7126970291137695,-0.5477043986320496,0.0856860554800242,-2.288106679916382,-0.5477043986320496,0.002537234713098253,-3.439242362976074
Inca1,0.00031741231214255095,0.0,18.27623176574707,0.9979940091511154,0.14071114361286163,18.27623176574707,0.5196272646011879,1.0,18.27623176574707,0.46147875269036936,1.0
Kif1c,0.06474068760871887,0.06498903036117554,-0.0057044560089707375,0.05953567018602294,-2.3781962394714355,-0.0057044560089707375,1.0,-0.028921570628881454,-0.0057044560089707375,1.0,-0.03773077577352524
Zfp3,0.032573409378528595,0.03166787326335907,0.04133157432079315,0.5584943964846049,-1.0856131315231323,0.04133157432079315,1.0,0.14390890300273895,0.04133157432079315,0.9600607221101443,0.1939794421195984
Scimp,0.014283912256360054,0.023319289088249207,-0.7136706709861755,0.9495041375659824,-0.5718393921852112,-0.7136706709861755,0.5020343236977316,-1.12229323387146,-0.7136706709861755,0.15563239854639235,-1.8034440279006958
Rabep1,0.15136748552322388,0.17065931856632233,-0.1873531937599182,0.008305287732455422,-3.139728546142578,-0.1873531937599182,0.33694805508133535,-1.4778093099594116,-0.1873531937599182,0.10998243717168407,-1.9872382879257202
Nup88,0.34898051619529724,0.3728087246417999,-0.11350894719362259,0.3381618934318986,-1.4527089595794678,-0.11350894719362259,0.3689901644075939,-1.384351134300232,-0.11350894719362259,0.14349971660341393,-1.8478084802627563
Rpain,0.14905454218387604,0.1687958687543869,-0.1940566450357437,0.005089703955448925,-3.303149461746216,-0.1940566450357437,0.28398604517152737,-1.6011786460876465,-0.1940566450357437,0.0827855530068467,-2.1299376487731934
C1qbp,0.5251978635787964,0.917044460773468,-1.1204482316970825,4.840199494917891e-37,-13.154621124267578,-1.1204482316970825,5.487604967292034e-38,-14.557422637939453,-1.1204482316970825,9.52869365211364e-85,-20.90450096130371
Dhx33,0.014417053200304508,0.029168160632252693,-1.0272973775863647,0.08617386963708538,-2.2085413932800293,-1.0272973775863647,0.017654881214320472,-2.945019245147705,-1.0272973775863647,0.00010152579385539367,-4.302981853485107
Derl2,0.6129459142684937,0.594610869884491,0.05836283043026924,0.49948174269986745,1.1750270128250122,0.05836283043026924,0.5625623960742561,0.9206966161727905,0.05836283043026924,0.35641429951109926,1.236173391342163
Mis12,0.18496817350387573,0.16246069967746735,0.203891783952713,0.40729790563364743,-1.3234862089157104,0.203891783952713,0.25472169338752787,1.67572021484375,0.203891783952713,0.08180690068284965,2.135977268218994
6330403K07Rik,0.012148826383054256,0.011268291622400284,0.10918457061052322,0.9979940091511154,-0.2616514563560486,0.10918457061052322,0.9827985187385182,0.1864575743675232,0.10918457061052322,0.9189546982363989,0.26112350821495056
Nlrp1a,0.0,0.002052176045253873,-20.970203399658203,0.9979940091511154,-0.05797655135393143,-20.970203399658203,0.4017836964493153,-1.315368413925171,-20.970203399658203,0.05573461227231126,-2.314739942550659
Nlrp1b,0.0,0.0010680563282221556,-20.027328491210938,0.9979940091511154,0.027607882395386696,-20.027328491210938,0.5196272646011879,-1.0,-20.027328491210938,0.16021537352752957,-1.759765386581421
Wscd1,0.000229570985538885,0.0006890077493153512,-1.585907220840454,0.9979940091511154,0.05521576479077339,-1.585907220840454,0.7310215786848766,-0.6326178908348083,-1.585907220840454,0.46147875269036936,-1.0122562646865845
Aipl1,0.008531157858669758,0.0026903466787189245,1.6691662073135376,0.9979940091511154,0.27224934101104736,1.6691662073135376,0.08133633640907731,2.3082971572875977,1.6691662073135376,0.030010329629091174,2.582113027572632
Pimreg,0.2858423590660095,0.10671640187501907,1.5548733472824097,2.626865540199287e-10,6.808994293212891,1.5548733472824097,1.1380530808500694e-29,12.115784645080566,1.5548733472824097,1.3962437315843573e-40,14.143896102905273
4933427D14Rik,0.0061993892304599285,0.004698018543422222,0.4011576473712921,0.9979940091511154,-0.17624515295028687,0.4011576473712921,0.7435471436383005,0.6103892922401428,0.4011576473712921,0.6169387502898166,0.7340218424797058
Gm43951,0.002097019227221608,0.0028849474620074034,-0.4607733488082886,0.9979940091511154,-0.11898106336593628,-0.4607733488082886,0.7991380813036241,-0.5155051946640015,-0.4607733488082886,0.626661584872692,-0.7180867195129395
Txndc17,0.9451479315757751,1.0495898723602295,-0.23887239396572113,6.650933839817071e-05,-4.496700286865234,-0.23887239396572113,1.626044497802183e-05,-4.87644100189209,-0.23887239396572113,5.285907807222275e-10,-6.626510143280029
Med31,0.21333329379558563,0.21725788712501526,-0.029231920838356018,0.33904359547537155,-1.4507496356964111,-0.029231920838356018,0.9395727421393364,-0.2689136266708374,-0.029231920838356018,0.8562311346934082,-0.3615049421787262
4930563E22Rik,0.0073781562969088554,0.005275100469589233,0.4855803847312927,0.9979940091511154,-0.09279810637235641,0.4855803847312927,0.6428343048367019,0.7815303206443787,0.4855803847312927,0.47688321788734517,0.972426176071167
Slc13a5,0.0,0.0,0.0,0.9979940091511154,0.11319231241941452,0.0,1.0,0.0,0.0,1.0,0.0
Xaf1,0.4187668263912201,0.31702378392219543,0.47943803668022156,0.003367091018453664,3.434687614440918,0.47943803668022156,1.6898246921328656e-05,4.86234712600708,0.47943803668022156,2.3330704095344128e-09,6.390003681182861
Fbxo39,0.00024414522340521216,0.0,17.89756202697754,0.9979940091511154,0.14071114361286163,17.89756202697754,0.5196272646011879,1.0,17.89756202697754,0.46147875269036936,1.0
Smtnl2,0.0,0.0,0.0,0.9979940091511154,0.11319231241941452,0.0,1.0,0.0,0.0,1.0,0.0
Mybbp1a,0.14090150594711304,0.3160901367664337,-1.2968286275863647,7.275284962590407e-24,-10.511834144592285,-1.2968286275863647,2.8755031889874174e-21,-10.442534446716309,-1.2968286275863647,2.318327879652956e-48,-15.37343692779541
Spns2,0.0,0.0,0.0,0.9979940091511154,0.11319231241941452,0.0,1.0,0.0,0.0,1.0,0.0
Spns3,0.0011703424388542771,0.0021504401229321957,-0.8784079551696777,0.9979940091511154,-0.06020299345254898,-0.8784079551696777,0.6983527453766474,-0.6872103810310364,-0.8784079551696777,0.4686723690712078,-0.9873846769332886
Ube2g1,0.27541059255599976,0.30173414945602417,-0.15159444510936737,0.13693429797888795,-1.9794851541519165,-0.15159444510936737,0.3133253420662936,-1.5324649810791016,-0.15159444510936737,0.0875582545693769,-2.1034562587738037
Ankfy1,0.21400412917137146,0.17744740843772888,0.2974768280982971,0.8639740409153585,0.6804006695747375,0.2974768280982971,0.04066650845577156,2.6191070079803467,0.2974768280982971,0.002752817198502674,3.41567063331604
Cyb5d2,0.04269539564847946,0.047201838344335556,-0.14803776144981384,0.0897461147551006,-2.189037799835205,-0.14803776144981384,0.7389770565834817,-0.6191631555557251,-0.14803776144981384,0.5630572347148546,-0.8244891166687012
Zzef1,0.27396392822265625,0.2582971453666687,0.09675613790750504,0.9979940091511154,-0.04809114709496498,0.09675613790750504,0.5196272646011879,1.0477943420410156,0.09675613790750504,0.29735133269383757,1.3628498315811157
Atp2a3,0.38520368933677673,0.35698947310447693,0.1313481479883194,0.5644443219309649,1.0759059190750122,0.1313481479883194,0.3023821097559934,1.5579712390899658,0.1313481479883194,0.09130720582952019,2.082881450653076
P2rx1,0.00044379051541909575,0.0006041512824594975,-0.4451458752155304,0.9979940091511154,0.05521576479077339,-0.4451458752155304,0.9681669099799444,-0.21391920745372772,-0.4451458752155304,0.9032280235033152,-0.28580576181411743
Camkk1,0.0002296573802595958,0.0006413846276700497,-1.4819996356964111,0.9979940091511154,0.05521576479077339,-1.4819996356964111,0.7475644663641674,-0.6043604016304016,-1.4819996356964111,0.4857388910204049,-0.9557439684867859
Ncbp3,0.3168271481990814,0.31927981972694397,-0.012988372705876827,0.7058873432605429,-0.8839865326881409,-0.012988372705876827,1.0,-0.15183837711811066,-0.012988372705876827,0.957404093902015,-0.19806905090808868
Itgae,0.005055268295109272,0.00719273928552866,-0.5102970600128174,0.9979940091511154,-0.4871455132961273,-0.5102970600128174,0.6006507110789155,-0.8534607887268066,-0.5102970600128174,0.38121864474186495,-1.185854196548462
Haspin,0.31849947571754456,0.210222065448761,0.6809197068214417,0.00046850557979903135,4.00403356552124,0.6809197068214417,1.0690646680575458e-09,6.6651482582092285,0.6809197068214417,1.5171069188289698e-15,8.417126655578613
Emc6,0.557937741279602,0.6686021685600281,-0.348979651927948,3.691170074603934e-06,-5.1348876953125,-0.348979651927948,9.947785619784254e-07,-5.463415622711182,-0.348979651927948,1.9773401462873975e-12,-7.456580638885498
Tax1bp3,0.13211862742900848,0.11000104248523712,0.28059276938438416,0.9979940091511154,-0.4693339765071869,0.28059276938438416,0.1331175204281393,2.062920093536377,0.28059276938438416,0.024056992797260708,2.668724298477173
Ctns,0.011909205466508865,0.01573771983385086,-0.4049173891544342,0.611978140205057,-1.0083110332489014,-0.4049173891544342,0.5655151768300399,-0.915437638759613,-0.4049173891544342,0.36570985991248556,-1.2168002128601074
Shpk,0.002181357704102993,0.008283418603241444,-1.9294049739837646,0.9979940091511154,-0.4040547013282776,-1.9294049739837646,0.29085580748480905,-1.58749258518219,-1.9294049739837646,0.025884540514056156,-2.6408586502075195
Olfr392,0.0,0.0,0.0,0.9979940091511154,0.11319231241941452,0.0,1.0,0.0,0.0,1.0,0.0
Olfr403,0.0,0.0,0.0,0.9979940091511154,0.11319231241941452,0.0,1.0,0.0,0.0,1.0,0.0
Olfr410,0.00040791285573504865,0.0007077347254380584,-0.795162558555603,0.9979940091511154,0.05521576479077339,-0.795162558555603,0.8850384085862361,-0.3670361340045929,-0.795162558555603,0.7518118887610198,-0.5234014987945557
Olfr411,0.0006251188460737467,0.0006493120454251766,-0.05479887127876282,0.9979940091511154,0.08282364159822464,-0.05479887127876282,1.0,-0.03067540004849434,-0.05479887127876282,1.0,-0.04170247167348862
Rap1gap2,0.3097667098045349,0.3253673017024994,-0.08273523300886154,0.21981088391445458,-1.718724250793457,-0.08273523300886154,0.595097864842719,-0.862412691116333,-0.08273523300886154,0.3952847758431594,-1.159955382347107
Ccdc92b,0.0,0.0,0.0,0.9979940091511154,0.11319231241941452,0.0,1.0,0.0,0.0,1.0,0.0
Cluh,0.05008924752473831,0.10694326460361481,-1.1358208656311035,7.860618682479852e-09,-6.2648515701293945,-1.1358208656311035,3.8213496312491695e-08,-6.10085916519165,-1.1358208656311035,2.7336525120732343e-17,-8.894210815429688
Pafah1b1,1.115966796875,1.0939123630523682,0.04757756367325783,0.128699259842808,2.0114567279815674,0.04757756367325783,0.5196272646011879,1.0646467208862305,0.04757756367325783,0.28630789771691617,1.3906601667404175
Mettl16,0.15144771337509155,0.23260731995105743,-0.6794935464859009,7.490367920946264e-09,-6.273045063018799,-0.6794935464859009,6.94639921853716e-07,-5.544162750244141,-0.6794935464859009,1.1945723972646734e-13,-7.840065002441406
Mnt,0.0941208079457283,0.10618022829294205,-0.18277376890182495,0.06688346808459146,-2.325206995010376,-0.18277376890182495,0.5223938211436745,-0.9947109222412109,-0.18277376890182495,0.28120830889874754,-1.4066364765167236
Sgsm2,0.011213475838303566,0.01575675792992115,-0.49402186274528503,0.8630201290810651,-0.6818256378173828,-0.49402186274528503,0.5196272646011879,-1.0012496709823608,-0.49402186274528503,0.261682460523148,-1.458329200744629
Tsr1,0.057069286704063416,0.14755065739154816,-1.4368051290512085,2.864465157853734e-15,-8.362159729003906,-1.4368051290512085,6.503624131043559e-13,-7.918065547943115,-1.4368051290512085,9.43971303518784e-30,-11.87293815612793
Srr,0.029705064371228218,0.020015515387058258,0.576608419418335,0.9979940091511154,-0.3322741985321045,0.576608419418335,0.15600892006000586,1.9755825996398926,0.576608419418335,0.04365144641398247,2.4199509620666504
Smg6,0.40818458795547485,0.3264833092689514,0.3847474157810211,0.0025129988631327534,3.526595115661621,0.3847474157810211,0.0002038330144831504,4.27425479888916,0.3847474157810211,1.203663945098286e-07,5.70526647567749
Hic1,0.025382937863469124,0.03694179281592369,-0.5497760772705078,0.15328453597773398,-1.9214195013046265,-0.5497760772705078,0.19235581816823238,-1.8538426160812378,-0.5497760772705078,0.025201946221941093,-2.649735450744629
Ovca2,0.012520651333034039,0.01885109953582287,-0.5949174761772156,0.8964644398298999,-0.6415715217590332,-0.5949174761772156,0.5196272646011879,-1.0260144472122192,-0.5949174761772156,0.20378463728740565,-1.6149247884750366
Dph1,0.0002844942209776491,0.0,18.118249893188477,0.9979940091511154,0.14071114361286163,18.118249893188477,0.5196272646011879,1.0,18.118249893188477,0.46147875269036936,1.0
Rtn4rl1,0.043972231447696686,0.03681660071015358,0.2614327073097229,0.9977051186805446,-0.5112801790237427,0.2614327073097229,0.5469102039023276,0.9502647519111633,0.2614327073097229,0.3392816119314486,1.2718298435211182
Rpa1,0.6299666166305542,0.7137845158576965,-0.2473950833082199,0.002030255204042963,-3.5896480083465576,-0.2473950833082199,0.000354074512093929,-4.131679058074951,-0.2473950833082199,3.9868762381518703e-07,-5.4820404052734375
Smyd4,0.05827910825610161,0.07248419523239136,-0.3250458836555481,0.02928568091625794,-2.6748476028442383,-0.3250458836555481,0.3374385006686541,-1.476860761642456,-0.3250458836555481,0.09534791669452024,-2.06127667427063
Serpinf1,0.00649319589138031,0.007663725409656763,-0.23996233940124512,0.9979940091511154,-0.28997182846069336,-0.23996233940124512,0.8615824290422887,-0.4089033305644989,-0.23996233940124512,0.7203604909514738,-0.5728879570960999
Serpinf2,0.001519236247986555,0.0,20.536012649536133,0.9979940091511154,0.19574879109859467,20.536012649536133,0.2460265787281906,1.7005337476730347,20.536012649536133,0.17682112032673744,1.7005337476730347
Wdr81,0.050457458943128586,0.045682162046432495,0.14690886437892914,0.7597311956891435,-0.8135419487953186,0.14690886437892914,0.7482940543081674,0.6023644208908081,0.14690886437892914,0.5613612613492791,0.82706618309021
Tlcd2,0.016507422551512718,0.02565120905637741,-0.6425310373306274,0.21020216662791713,-1.7456196546554565,-0.6425310373306274,0.18976226563723195,-1.8613773584365845,-0.6425310373306274,0.02732851143569042,-2.6177215576171875
Prpf8,0.4717555344104767,0.5200139880180359,-0.178187295794487,0.07812315232164531,-2.2548513412475586,-0.178187295794487,0.06202695797863684,-2.438199996948242,-0.178187295794487,0.00459017438953144,-3.25388240814209
Rilp,0.0,0.0,0.0,0.9979940091511154,0.11319231241941452,0.0,1.0,0.0,0.0,1.0,0.0
Scarf1,0.0,0.0030116334091871977,-21.524288177490234,0.9979940091511154,-0.143560990691185,-21.524288177490234,0.2759476683488843,-1.6237412691116333,-21.524288177490234,0.014731036769046331,-2.8574037551879883
Slc43a2,0.07518263161182404,0.07871832698583603,-0.06888330727815628,0.20756250819013886,-1.7526551485061646,-0.06888330727815628,0.9037998029952009,-0.3340582847595215,-0.06888330727815628,0.7886046528826312,-0.4670466184616089
Pitpna,1.100342869758606,1.1008466482162476,-0.001089399796910584,0.9904533694996788,-0.5224123597145081,-0.001089399796910584,1.0,-0.02324509620666504,-0.001089399796910584,1.0,-0.03253662586212158
Inpp5k,0.18695500493049622,0.1726158857345581,0.1257789134979248,0.9399386628465219,-0.5838621854782104,0.1257789134979248,0.5306293583330147,0.9807587265968323,0.1257789134979248,0.3117578714654077,1.33022141456604
Myo1c,0.05395054072141647,0.05993405729532242,-0.15609566867351532,0.09924484960234527,-2.1413028240203857,-0.15609566867351532,0.692723904374688,-0.6981591582298279,-0.15609566867351532,0.48700793514488605,-0.953356921672821
Crk,0.13175661861896515,0.150705948472023,-0.20785154402256012,0.0003958571545260677,-4.04971981048584,-0.20785154402256012,0.30274973124178856,-1.5565773248672485,-0.20785154402256012,0.10030410197698193,-2.0357778072357178
Ywhae,1.5661370754241943,1.7406915426254272,-0.3115740418434143,1.603224413675338e-18,-9.239110946655273,-0.3115740418434143,1.0795436258120894e-10,-7.100682735443115,-0.3115740418434143,1.64662038677243e-22,-10.239805221557617
Rph3al,0.014307615347206593,0.010618926957249641,0.43281158804893494,0.9979940091511154,-0.11524064093828201,0.43281158804893494,0.5248168753141705,0.9903817176818848,0.43281158804893494,0.3487888902843704,1.251952052116394
1700016K19Rik,0.0,0.0,0.0,0.9979940091511154,0.11319231241941452,0.0,1.0,0.0,0.0,1.0,0.0
Rflnb,0.007611538749188185,0.025816326960921288,-1.7751920223236084,0.32485195046082344,-1.4781794548034668,-1.7751920223236084,0.046105055097279135,-2.574366807937622,-1.7751920223236084,0.00013893471484689314,-4.229959964752197
Vps53,0.28858134150505066,0.32502543926239014,-0.19920575618743896,0.048022054886910394,-2.470905303955078,-0.19920575618743896,0.11455555717029338,-2.14182710647583,-0.19920575618743896,0.012616999215014095,-2.9105310440063477
Glod4,0.36545613408088684,0.4127921462059021,-0.2120717316865921,0.03801795488210631,-2.5671768188476562,-0.2120717316865921,0.02367109946869378,-2.832301616668701,-0.2120717316865921,0.0007746955297616577,-3.7798922061920166
Fam57a,0.009574925526976585,0.010053632780909538,-0.07072955369949341,0.9979940091511154,-0.4794865548610687,-0.07072955369949341,1.0,-0.1512148380279541,-0.07072955369949341,0.9556178478874188,-0.20058441162109375
Gemin4,0.001185885863378644,0.0021621612831950188,-0.8672130703926086,0.9984208920935209,-0.0029389034025371075,-0.8672130703926086,0.782938654686297,-0.5434209108352661,-0.8672130703926086,0.6004778227205488,-0.7616631388664246
Dbil5,0.006310455501079559,0.004636982921510935,0.4457658529281616,0.9979940091511154,-0.0915512964129448,0.4457658529281616,0.6648156801865679,0.7443025708198547,0.4457658529281616,0.5012833174643452,0.9285910725593567
Mrm3,0.034527264535427094,0.05502565577626228,-0.6872652173042297,0.002772577299730484,-3.4951577186584473,-0.6872652173042297,0.011635401620604545,-3.092747926712036,-0.6872652173042297,0.00010125089663115555,-4.303727149963379
Nxn,0.17620830237865448,0.22633607685565948,-0.39855632185935974,4.6407544550825295e-05,-4.580592632293701,-0.39855632185935974,0.001456734364589589,-3.7481303215026855,-0.39855632185935974,3.506024510670556e-06,-5.055443286895752
Timm22,0.33105558156967163,0.39680215716362,-0.31164267659187317,0.0032078476698606307,-3.4499166011810303,-0.31164267659187317,0.0005890339148717359,-3.9959399700164795,-0.31164267659187317,7.141860949703936e-07,-5.370035171508789
Abr,0.1846379190683365,0.19729094207286835,-0.1050434559583664,0.0325207309370618,-2.6321887969970703,-0.1050434559583664,0.560263353929153,-0.9250208139419556,-0.1050434559583664,0.3628521412895368,-1.2228033542633057
Trarg1,0.0,0.0,0.0,0.9979940091511154,0.11319231241941452,0.0,1.0,0.0,0.0,1.0,0.0
Gosr1,0.2900763154029846,0.23768280446529388,0.32684898376464844,0.10489956208212792,2.1134278774261475,0.32684898376464844,0.0043103055653561095,3.42063570022583,0.32684898376464844,5.5960556489247606e-05,4.445926189422607
Cpd,0.03411314636468887,0.03099106252193451,0.14073996245861053,0.6393527826483384,-0.9714412093162537,0.14073996245861053,0.8186930335660623,0.4823354184627533,0.14073996245861053,0.6799818017456964,0.6345759630203247
Tmigd1,0.0035922203678637743,0.004691909067332745,-0.386092871427536,0.9979940091511154,-0.0679510086774826,-0.386092871427536,0.8171650920297004,-0.4863044023513794,-0.386092871427536,0.6310376604321339,-0.7117221355438232
Blmh,0.5873908400535583,0.6802444458007812,-0.2857404053211212,0.000933775281366568,-3.8161215782165527,-0.2857404053211212,5.608013155516119e-05,-4.593024730682373,-0.2857404053211212,1.0934678789580559e-08,-6.13097620010376
Slc6a4,0.0,0.0,0.0,0.9979940091511154,0.11319231241941452,0.0,1.0,0.0,0.0,1.0,0.0
Nsrp1,0.3527701199054718,0.3294239640235901,0.11657875776290894,0.9979940091511154,0.4572221338748932,0.11657875776290894,0.4115952800483262,1.2932935953140259,0.11657875776290894,0.17331935863671613,1.7116092443466187
Efcab5,0.0003905721823684871,0.0004834468418266624,-0.30783429741859436,0.9979940091511154,0.05521576479077339,-0.30783429741859436,1.0,-0.14943525195121765,-0.30783429741859436,0.9597531383337707,-0.19449642300605774
Ssh2,0.3892674148082733,0.38904744386672974,0.000984407146461308,0.9979940091511154,0.08727652579545975,0.000984407146461308,1.0,0.010397864505648613,0.000984407146461308,1.0,0.014434654265642166
Coro6,0.00044148016604594886,0.0,18.75231170654297,0.9979940091511154,0.14071114361286163,18.75231170654297,0.5196272646011879,1.0,18.75231170654297,0.46147875269036936,1.0
Ankrd13b,0.001308131730183959,0.005528559442609549,-2.0824410915374756,0.9054912033174245,-0.6290144324302673,-2.0824410915374756,0.0894476279585892,-2.2698607444763184,-2.0824410915374756,0.0018065150311587128,-3.5419912338256836
Git1,0.06583397835493088,0.0720304399728775,-0.13429518043994904,0.0848314998571195,-2.216289520263672,-0.13429518043994904,0.6978369182545475,-0.6889714002609253,-0.13429518043994904,0.498785014993688,-0.9328179359436035
Trp53i13,0.2093239426612854,0.23345455527305603,-0.1754528284072876,0.008362676994995426,-3.1374130249023438,-0.1754528284072876,0.25941764496746234,-1.663109540939331,-0.1754528284072876,0.07204962933924836,-2.19743013381958
Abhd15,0.005196642596274614,0.004517969209700823,0.2023952454328537,0.9979940091511154,-0.12076221406459808,0.2023952454328537,0.9272266070461778,0.29038503766059875,0.2023952454328537,0.8540733095075203,0.36495935916900635
Taok1,0.21522165834903717,0.23115456104278564,-0.11495501548051834,0.06872286712488973,-2.3134515285491943,-0.11495501548051834,0.5601401916186156,-0.9253910183906555,-0.11495501548051834,0.33663991877303007,-1.2779791355133057
Nufip2,0.3012949824333191,0.3425554931163788,-0.21651850640773773,0.13626010919225917,-1.9823349714279175,-0.21651850640773773,0.12206634088745155,-2.1099672317504883,-0.21651850640773773,0.010238018042491803,-2.9846858978271484
Cryba1,0.0,0.0005434431368485093,-19.05216407775879,0.9979940091511154,0.027607882395386696,-19.05216407775879,0.5196272646011879,-1.0,-19.05216407775879,0.16021537352752957,-1.759765386581421
Myo18a,0.12250164151191711,0.10271988809108734,0.2686227560043335,0.7571347697892399,-0.816480815410614,0.2686227560043335,0.18505272828604974,1.8754395246505737,0.2686227560043335,0.04517237800135302,2.405116319656372
Pipox,0.0007653372013010085,0.0021437464747577906,-1.4869601726531982,0.9979940091511154,-0.032595112919807434,-1.4869601726531982,0.46587401354090857,-1.1899185180664062,-1.4869601726531982,0.14782030377626157,-1.8318593502044678
Phf12,0.18199977278709412,0.19240325689315796,-0.08793502300977707,0.09971692733340687,-2.1388092041015625,-0.08793502300977707,0.6797334666100489,-0.7203260660171509,-0.08793502300977707,0.4725311399560166,-0.9804297089576721
Dhrs13,0.042284805327653885,0.07561879605054855,-0.8628873229026794,7.492983024758291e-06,-4.986963272094727,-0.8628873229026794,0.00029192043248659855,-4.18725061416626,-0.8628873229026794,4.205594460940072e-08,-5.893905162811279
Flot2,0.1788131147623062,0.13449349999427795,0.44372010231018066,0.9979940091511154,0.48848140239715576,0.44372010231018066,0.002017965434424554,3.649893283843994,0.44372010231018066,3.3686464310512505e-05,4.565493583679199
Eral1,0.04468075558543205,0.07464184612035751,-0.7621583938598633,3.9369112166943155e-05,-4.619065761566162,-0.7621583938598633,0.0005596849928490342,-4.013327598571777,-0.7621583938598633,2.436264723226459e-07,-5.574092864990234
Fam222b,0.03978345915675163,0.04059571772813797,-0.02974882908165455,0.4445094596815891,-1.2607896327972412,-0.02974882908165455,1.0,-0.10407344251871109,-0.02974882908165455,0.9904294994619919,-0.14486104249954224
Traf4,0.10689916461706161,0.12511855363845825,-0.24044162034988403,0.005196283092841728,-3.2962920665740967,-0.24044162034988403,0.22485697024981,-1.762068748474121,-0.24044162034988403,0.049658906396363764,-2.3636655807495117
Nek8,0.0411086305975914,0.05108252167701721,-0.3206382095813751,0.020401969452901715,-2.8161821365356445,-0.3206382095813751,0.3314831222205079,-1.490868330001831,-0.3206382095813751,0.11247474226562805,-1.975622534751892
Tlcd1,0.026761893182992935,0.04197435453534126,-0.6603641510009766,0.08262019552167618,-2.2293808460235596,-0.6603641510009766,0.15348687922399468,-1.987988829612732,-0.6603641510009766,0.01166170488693808,-2.9391963481903076
Rpl23a,2.610166311264038,2.7772488594055176,-0.25855880975723267,3.3341795666345177e-22,-10.132804870605469,-0.25855880975723267,7.86217327901642e-28,-11.925471305847168,-0.25855880975723267,9.915024660476082e-51,-15.807952880859375
Rab34,0.005825696513056755,0.0025142524391412735,1.2146910429000854,0.9979940091511154,0.18826794624328613,1.2146910429000854,0.26841646459896884,1.639944076538086,1.2146910429000854,0.1259914585964398,1.9180371761322021
Proca1,0.000338060490321368,0.0,18.367170333862305,0.9979940091511154,0.14071114361286163,18.367170333862305,0.5196272646011879,1.0,18.367170333862305,0.46147875269036936,1.0
Supt6,0.3240691125392914,0.4008866846561432,-0.36564528942108154,0.0006921417335406949,-3.896897077560425,-0.36564528942108154,0.0004883832806065827,-4.049304008483887,-0.36564528942108154,2.012789133531049e-07,-5.609723091125488
Sdf2,0.3564504086971283,0.3667207658290863,-0.04883474111557007,0.8722658246110542,-0.6702480912208557,-0.04883474111557007,0.7580182026779373,-0.5866906642913818,-0.04883474111557007,0.5864902016988595,-0.7852639555931091
2610507B11Rik,0.24977779388427734,0.2752300500869751,-0.15915502607822418,0.09940269669697631,-2.1404123306274414,-0.15915502607822418,0.28387564169425217,-1.6016924381256104,-0.15915502607822418,0.07420135615810733,-2.1830360889434814
Rskr,0.0005916508380323648,0.00337634002789855,-2.5146496295928955,0.9979940091511154,-0.17410777509212494,-2.5146496295928955,0.29952223710925996,-1.5667426586151123,-2.5146496295928955,0.02809453084513464,-2.607708692550659
Spag5,0.4950624406337738,0.29282885789871216,0.9129854440689087,5.888742840055716e-17,8.827842712402344,0.9129854440689087,1.0052012129838222e-25,11.331408500671387,0.9129854440689087,2.940102331316448e-42,14.366498947143555
Aldoc,0.005052607040852308,0.005803522653877735,-0.2004431039094925,0.9979940091511154,-0.15050747990608215,-0.2004431039094925,0.9257538417982265,-0.29295217990875244,-0.2004431039094925,0.826657340076667,-0.40835142135620117
Pigs,0.15543924272060394,0.19575077295303345,-0.36259618401527405,0.0019329832796929,-3.604520559310913,-0.36259618401527405,0.02376460671714263,-2.8328957557678223,-0.36259618401527405,0.0003508547066965256,-3.990610361099243
Unc119,0.32351595163345337,0.3320894241333008,-0.04425671324133873,0.6794521253003539,-0.9185409545898438,-0.04425671324133873,0.8210936903597572,-0.4780064523220062,-0.04425671324133873,0.6731534737593229,-0.6446898579597473
Slc46a1,0.0,0.0,0.0,0.9979940091511154,0.11319231241941452,0.0,1.0,0.0,0.0,1.0,0.0
Sarm1,0.0014934123028069735,0.0,20.511259078979492,0.9979940091511154,0.22326761484146118,20.511259078979492,0.19033723763193347,1.8579926490783691,20.511259078979492,0.14117513725025949,1.8579926490783691
Tmem199,0.10672319680452347,0.13826747238636017,-0.3968067467212677,0.0024686991181763385,-3.5328292846679688,-0.3968067467212677,0.03417458354671006,-2.6921772956848145,-0.3968067467212677,0.0007435873765262032,-3.7906124591827393
Poldip2,0.11030501872301102,0.14978264272212982,-0.4704659879207611,0.00015082099232157414,-4.297923564910889,-0.4704659879207611,0.0039191228876188445,-3.4558849334716797,-0.4704659879207611,1.0302986071247388e-05,-4.829231262207031
Tnfaip1,0.057477083057165146,0.059141188859939575,-0.04238845407962799,0.0864140131153199,-2.2070274353027344,-0.04238845407962799,0.9758731507786261,-0.20035797357559204,-0.04238845407962799,0.9162523961674188,-0.26579490303993225
Ift20,0.5484309792518616,0.5581341981887817,-0.03294369950890541,0.9984208920935209,-0.006946498993784189,-0.03294369950890541,0.797230685051803,-0.5190128684043884,-0.03294369950890541,0.64799300822549,-0.6848437190055847
Tmem97,0.3295868933200836,0.39482155442237854,-0.3104332387447357,0.000989525795860593,-3.7995569705963135,-0.3104332387447357,0.002161417611987102,-3.6357038021087646,-0.3104332387447357,7.795516381744919e-06,-4.889523029327393
Nlk,0.12390511482954025,0.13391557335853577,-0.11946415901184082,0.02738008011035291,-2.700941324234009,-0.11946415901184082,0.6292260667703192,-0.8065131306648254,-0.11946415901184082,0.4297790115300128,-1.0955456495285034
Ccnq,0.26275715231895447,0.26399677991867065,-0.007723912596702576,0.6151589420547424,-1.0046597719192505,-0.007723912596702576,1.0,-0.08048827201128006,-0.007723912596702576,1.0,-0.10740655660629272
Lyrm9,0.18350385129451752,0.2126244604587555,-0.234196275472641,0.004275361797522206,-3.3605024814605713,-0.234196275472641,0.13072443576366521,-2.0718071460723877,-0.234196275472641,0.017453065859334708,-2.790618896484375
Lgals9,0.399748295545578,0.40859830379486084,-0.03840421512722969,0.9979940091511154,-0.37181583046913147,-0.03840421512722969,0.8245702708446857,-0.47151100635528564,-0.03840421512722969,0.6799818017456964,-0.6346549987792969
Ksr1,0.09761606901884079,0.10556067526340485,-0.11870995163917542,0.057974734059700404,-2.3910205364227295,-0.11870995163917542,0.6570807824538646,-0.7587012648582458,-0.11870995163917542,0.46147875269036936,-1.031280517578125
Wsb1,0.38377028703689575,0.37094035744667053,0.058891262859106064,0.7767990208868131,0.7913665771484375,0.058891262859106064,0.6922021617228069,0.6990475654602051,0.058891262859106064,0.49221025919962597,0.9440743327140808
Nf1,0.06304128468036652,0.0672813430428505,-0.09700118005275726,0.031086112526343277,-2.651069164276123,-0.09700118005275726,0.7879690588688645,-0.5347215533256531,-0.09700118005275726,0.6435936110235985,-0.6923274993896484
Omg,0.0033626770600676537,0.00179666664917022,0.905417263507843,0.9979940091511154,0.10651298612356186,0.905417263507843,0.5223642516342573,0.994379460811615,0.905417263507843,0.3833190165321211,1.182234764099121
Evi2,0.07907067984342575,0.0775374099612236,0.029370732605457306,0.24833037296327196,-1.645785927772522,0.029370732605457306,0.997016359676618,0.15788646042346954,0.029370732605457306,0.9481648822807248,0.2136695832014084
Evi2b,0.0003452623204793781,0.0026965560391545296,-2.967046022415161,0.9979940091511154,-0.20127035677433014,-2.967046022415161,0.25129725670001013,-1.6892271041870117,-2.967046022415161,0.0171914543524853,-2.7976574897766113
Evi2a,0.30171316862106323,0.26815253496170044,0.19548079371452332,0.6337128572181367,0.9785658121109009,0.19548079371452332,0.16639587722112617,1.9391894340515137,0.19548079371452332,0.028907076803144745,2.5954604148864746
Rab11fip4,0.11222168803215027,0.10419919341802597,0.11289890855550766,0.08597351865856175,-2.2098772525787354,0.11289890855550766,0.6564012824983994,0.7596026659011841,0.11289890855550766,0.47732865750419345,0.9715881943702698
Utp6,0.16824792325496674,0.21828030049800873,-0.41284558176994324,0.00010040957048079316,-4.39829158782959,-0.41284558176994324,0.0028600962197612998,-3.553797483444214,-0.41284558176994324,6.97899114369223e-06,-4.9127373695373535
Suz12,0.8895969390869141,0.913247287273407,-0.05744267255067825,0.43159932446106125,-1.2821635007858276,-0.05744267255067825,0.5256051940910822,-0.9893303513526917,-0.05744267255067825,0.3119714120415725,-1.3296784162521362
Crlf3,0.5432395935058594,0.5096399188041687,0.11846412718296051,0.04733178237429362,2.476605176925659,0.11846412718296051,0.3222538532343385,1.5102262496948242,0.11846412718296051,0.08683307458481938,2.107433795928955
Atad5,0.316879004240036,0.3855995833873749,-0.33563876152038574,0.00010077724865726237,-4.397222995758057,-0.33563876152038574,0.00368716136069396,-3.4739418029785156,-0.33563876152038574,2.0209570222676388e-05,-4.679499626159668
Tefm,0.025745965540409088,0.04405783861875534,-0.7883384227752686,0.059607949115563844,-2.377661943435669,-0.7883384227752686,0.07904090257038568,-2.328885555267334,-0.7883384227752686,0.0016801223584442973,-3.563040256500244
Adap2,0.0,0.0,0.0,0.9979940091511154,0.11319231241941452,0.0,1.0,0.0,0.0,1.0,0.0
Rnf135,0.020866235718131065,0.02730424888432026,-0.3926178216934204,0.28083773735203216,-1.57008695602417,-0.3926178216934204,0.42102965992592384,-1.2741450071334839,-0.3926178216934204,0.1626950181789039,-1.7503541707992554
Rhot1,0.12248266488313675,0.14005643129348755,-0.2063847780227661,0.002274757520262557,-3.556696653366089,-0.2063847780227661,0.31428322272166215,-1.5301023721694946,-0.2063847780227661,0.10024679360772476,-2.0362446308135986
Rhbdl3,0.0018123346380889416,0.004464217461645603,-1.3024715185165405,0.9979940091511154,-0.3455438017845154,-1.3024715185165405,0.36879189441626786,-1.3855946063995361,-1.3024715185165405,0.0939921536702659,-2.06864857673645
5730455P16Rik,0.057907018810510635,0.07417894154787064,-0.36913803219795227,0.012748969008689921,-2.9905569553375244,-0.36913803219795227,0.23901235984441266,-1.7220710515975952,-0.36913803219795227,0.04247748589044925,-2.431734800338745
Zfp207,0.7735669612884521,0.7805046439170837,-0.018527232110500336,0.9979940091511154,0.11630932986736298,-0.018527232110500336,0.9183354685137529,-0.3073328733444214,-0.018527232110500336,0.8201591024469801,-0.4182300865650177
Psmd11,0.7952898740768433,0.8902255892753601,-0.24067851901054382,0.0006012714438293905,-3.934657573699951,-0.24067851901054382,0.00022969898928834568,-4.2458815574646,-0.24067851901054382,8.70725495282819e-08,-5.764212131500244
Cdk5r1,0.022461095824837685,0.03915891423821449,-0.8140193819999695,0.013427225754986515,-2.971320629119873,-0.8140193819999695,0.018829810771258542,-2.918971300125122,-0.8140193819999695,0.00023024480446008234,-4.099183559417725
Myo1d,0.000508286349941045,0.0,18.955652236938477,0.9979940091511154,0.16822996735572815,18.955652236938477,0.3621040251177201,1.4056071043014526,18.955652236938477,0.2816857148991001,1.4056071043014526
Ccl2,0.0012136793229728937,0.01198318786919117,-3.311328649520874,0.9979940091511154,-0.08870144933462143,-3.311328649520874,0.4082831027780475,-1.3024272918701172,-3.311328649520874,0.06227320045192604,-2.2653579711914062
Ccl1,0.0003140946209896356,0.0019451889675110579,-2.63181209564209,0.9979940091511154,0.05503764748573303,-2.63181209564209,0.6162389295026868,-0.8278050422668457,-2.63181209564209,0.27810071720416346,-1.419419527053833
Cct6b,0.007099679205566645,0.010510503314435482,-0.5684700012207031,0.8630201290810651,-0.6819146871566772,-0.5684700012207031,0.5196272646011879,-1.0901527404785156,-0.5684700012207031,0.24071415414450506,-1.512270212173462
Zfp830,0.2463253289461136,0.26722070574760437,-0.13318388164043427,0.16771573561819836,-1.8700332641601562,-0.13318388164043427,0.40163284521806997,-1.314629316329956,-0.13318388164043427,0.158537421124261,-1.7935495376586914
Lig3,0.056980643421411514,0.09341099858283997,-0.7397286891937256,2.5432556504178876e-05,-4.719522953033447,-0.7397286891937256,0.00048344218730054074,-4.05559778213501,-0.7397286891937256,8.778735103229858e-08,-5.761634826660156
Rffl,0.011644754558801651,0.02402510866522789,-1.0538196563720703,0.21404211263729242,-1.7349326610565186,-1.0538196563720703,0.07166840579205906,-2.376636028289795,-1.0538196563720703,0.0017627290340476779,-3.548814296722412
Rad51d,0.08222901076078415,0.10617946833372116,-0.38633304834365845,0.0014396867088471135,-3.692420482635498,-0.38633304834365845,0.06431922574365899,-2.422860860824585,-0.38633304834365845,0.003643517856775474,-3.32828950881958
Nle1,0.029567044228315353,0.06245226040482521,-1.1026673316955566,0.00011335109113810578,-4.367923259735107,-1.1026673316955566,0.00017924760972479837,-4.32235860824585,-1.1026673316955566,1.1037978767376602e-09,-6.508456707000732
Slfn5,0.008715445175766945,0.027129843831062317,-1.651557207107544,0.9979940091511154,-0.31143471598625183,-1.651557207107544,0.21528284213721313,-1.7910722494125366,-1.651557207107544,0.00921341825182657,-3.0236356258392334
Slfn9,0.057441987097263336,0.07694239169359207,-0.43589717149734497,0.0014525283349745516,-3.689392566680908,-0.43589717149734497,0.0817089865256403,-2.3084423542022705,-0.43589717149734497,0.006553577374583912,-3.136953592300415
Slfn8,0.16609825193881989,0.11158563196659088,0.6141175627708435,0.37808557495754014,1.3759411573410034,0.6141175627708435,0.003477747962633455,3.491570234298706,0.6141175627708435,2.0310046188345538e-05,4.678215026855469
Slfn2,1.2379783391952515,0.8992118835449219,0.7483181357383728,1.2384812142960043e-29,11.739227294921875,0.7483181357383728,2.9801963938612358e-27,11.90359878540039,0.7483181357383728,1.1284119556272238e-55,16.583667755126953
Slfn1,0.3253752589225769,0.25741758942604065,0.38939231634140015,0.06289991035044866,2.3527257442474365,0.38939231634140015,0.02755137206480863,2.775820255279541,0.38939231634140015,0.0005169856334425409,3.8885514736175537
Slfn4,0.0006806665332987905,0.01042752992361784,-3.944340705871582,0.9979940091511154,-0.34492039680480957,-3.944340705871582,0.3189949766083498,-1.5201925039291382,-3.944340705871582,0.02477088910277874,-2.65948748588562
Slfn3,0.02887864038348198,0.0356244221329689,-0.3077559769153595,0.33284796493430147,-1.463128685951233,-0.3077559769153595,0.5634084863650046,-0.9193245768547058,-0.3077559769153595,0.31540025557685236,-1.322102427482605
Slfn14,0.0002504800504539162,0.0,17.93452262878418,0.9979940091511154,0.14071114361286163,17.93452262878418,0.5196272646011879,1.0,17.93452262878418,0.46147875269036936,1.0
Pex12,0.04254782199859619,0.05187087506055832,-0.2926175594329834,0.11798467924172508,-2.0555403232574463,-0.2926175594329834,0.4622603724927269,-1.1960242986679077,-0.2926175594329834,0.18204638286391384,-1.6815965175628662
Ap2b1,0.3374015688896179,0.32594093680381775,0.05857944115996361,0.9979940091511154,0.1976189911365509,0.05857944115996361,0.7128614974697742,0.662410318851471,0.05857944115996361,0.5256195904713699,0.8865775465965271
Rasl10b,0.0006146609084680676,0.0,19.229877471923828,0.9979940091511154,0.16822996735572815,19.229877471923828,0.36553864871739833,1.394419550895691,19.229877471923828,0.28536278348645383,1.394419550895691
1700020L24Rik,0.11815385520458221,0.1000770628452301,0.2528321146965027,0.8969416474434492,-0.640859067440033,0.2528321146965027,0.25910497194770593,1.6642506122589111,0.2528321146965027,0.0736200229514161,2.187283754348755
Mmp28,0.0009195495513267815,0.0,19.811233520507812,0.9979940091511154,0.16822996735572815,19.811233520507812,0.36167647049845647,1.4149248600006104,19.811233520507812,0.2795042275398297,1.4149248600006104
Taf15,0.7675914764404297,0.7172242999076843,0.13870128989219666,0.12063812235767643,2.0443191528320312,0.13870128989219666,0.09983001616349269,2.2136881351470947,0.13870128989219666,0.01069302243168693,2.969614028930664
Heatr9,0.01138345804065466,0.008118739351630211,0.48996999859809875,0.9979940091511154,-0.3127705752849579,0.48996999859809875,0.5336415249689985,0.9736790060997009,0.48996999859809875,0.3865233198653735,1.1764271259307861
Ccl5,2.6543986797332764,2.117671489715576,0.854042112827301,5.789954054777678e-08,5.920198440551758,0.854042112827301,4.528071115713803e-08,6.05054235458374,0.854042112827301,2.3237399322487227e-15,8.350916862487793
Ccl9,0.0005551789072342217,0.004570371471345425,-3.044182062149048,0.9979940091511154,-0.17446400225162506,-3.044182062149048,0.27062766588122583,-1.6368216276168823,-3.044182062149048,0.016833313184812248,-2.806070327758789
Ccl6,0.011051044799387455,0.018857842311263084,-0.776627242565155,0.9979940091511154,0.06465587764978409,-0.776627242565155,0.6174634407038807,-0.8261278867721558,-0.776627242565155,0.29773624281368827,-1.3620924949645996
Rpl9-ps1,0.0002950960770249367,0.003154618199914694,-3.4202675819396973,0.9979940091511154,-0.2867657244205475,-3.4202675819396973,0.15759310391093106,-1.9745631217956543,-3.4202675819396973,0.0036261525037080246,-3.332716941833496
Ccl3,0.825755774974823,0.7983880043029785,0.07100966572761536,0.9611512403609717,-0.5583025813102722,0.07100966572761536,0.77571055141587,0.5560638308525085,0.07100966572761536,0.5981541180131736,0.7660644054412842
Ccl4,1.185401201248169,0.9338668584823608,0.5569822192192078,0.0037411544172367313,3.402003526687622,0.5569822192192078,0.0004274881309999066,4.084860324859619,0.5569822192192078,1.8046323670604233e-07,5.630068302154541
Wfdc17,0.002099857432767749,0.02708357572555542,-3.707119941711426,0.9979940091511154,-0.26396697759628296,-3.707119941711426,0.17249102837688512,-1.9230118989944458,-3.707119941711426,0.003300066945990048,-3.3640496730804443
Wfdc21,0.00042540242429822683,0.0,18.69877815246582,0.9979940091511154,0.14071114361286163,18.69877815246582,0.5196272646011879,1.0,18.69877815246582,0.46147875269036936,1.0
Heatr6,0.24131152033805847,0.23433764278888702,0.04753769189119339,0.7204864614833332,-0.865017294883728,0.04753769189119339,0.8285937037251714,0.464924156665802,0.04753769189119339,0.6953720076930744,0.6107789278030396
Hnf1b,0.0,0.0,0.0,0.9979940091511154,0.11319231241941452,0.0,1.0,0.0,0.0,1.0,0.0
Ddx52,0.3767379820346832,0.37440747022628784,0.010738461278378963,0.9979940091511154,0.0735616460442543,0.010738461278378963,1.0,0.13144776225090027,0.010738461278378963,0.970984449433091,0.17630749940872192
Synrg,0.24944764375686646,0.2986183166503906,-0.2966526746749878,0.0012744800862851322,-3.72786545753479,-0.2966526746749878,0.013951305697077188,-3.0278842449188232,-0.2966526746749878,0.0002443670017859666,-4.084116458892822
Dusp14,0.060866355895996094,0.08045181632041931,-0.4167744219303131,0.0010164754727232616,-3.7920761108398438,-0.4167744219303131,0.09021444108201342,-2.2625391483306885,-0.4167744219303131,0.008738372258994242,-3.0400893688201904
Tada2a,0.059328846633434296,0.100252166390419,-0.7867401838302612,6.441332538539905e-07,-5.477670669555664,-0.7867401838302612,7.860109490139684e-05,-4.518755912780762,-0.7867401838302612,3.368777390126675e-09,-6.326399326324463
Acaca,0.09134702384471893,0.12304901331663132,-0.45308005809783936,2.0845973847532056e-05,-4.76405143737793,-0.45308005809783936,0.011985121285433366,-3.080209732055664,-0.45308005809783936,0.00019507363007701547,-4.1418776512146
Aatf,0.16500775516033173,0.23320302367210388,-0.54987633228302,7.497631384991632e-07,-5.448727130889893,-0.54987633228302,5.113533059957206e-05,-4.622681140899658,-0.54987633228302,1.6285416148900395e-09,-6.445302963256836
Lhx1,0.0006083775660954416,0.0,19.21504783630371,0.9979940091511154,0.14071114361286163,19.21504783630371,0.5196272646011879,1.0,19.21504783630371,0.46147875269036936,1.0
Mrm1,0.013600337319076061,0.019538505002856255,-0.5269730091094971,0.47018874395155796,-1.21928870677948,-0.5269730091094971,0.4265748169543532,-1.2637546062469482,-0.5269730091094971,0.15511971778490066,-1.805356502532959
Dhrs11,0.025578109547495842,0.03784142807126045,-0.5739496946334839,0.192887204940408,-1.7937108278274536,-0.5739496946334839,0.21234566537545357,-1.797776460647583,-0.5739496946334839,0.0248327230382133,-2.6556520462036133
Ggnbp2,0.7168372273445129,0.7164878845214844,0.0009853107621893287,0.9979940091511154,0.3739531934261322,0.0009853107621893287,1.0,0.0168096162378788,0.0009853107621893287,1.0,0.022360121831297874
Pigw,0.006121055223047733,0.008395997807383537,-0.45756444334983826,0.9301695405234123,-0.5959740281105042,-0.45756444334983826,0.6053705097740321,-0.8455870747566223,-0.45756444334983826,0.40272235659065103,-1.146091341972351
Myo19,0.007482212968170643,0.012881316244602203,-0.7876442670822144,0.5665555148707083,-1.0718982219696045,-0.7876442670822144,0.29486570433454645,-1.5771058797836304,-0.7876442670822144,0.07581342880778554,-2.17290997505188
Znhit3,0.2702401876449585,0.3332171142101288,-0.3499293923377991,0.000596094204669061,-3.9369728565216064,-0.3499293923377991,0.000573700659943144,-4.003708839416504,-0.3499293923377991,6.000597755117497e-07,-5.402925968170166
Usp32,0.06550630927085876,0.06560263782739639,-0.0021900751162320375,0.3431025164512694,-1.4422000646591187,-0.0021900751162320375,1.0,-0.010136057622730732,-0.0021900751162320375,1.0,-0.014077143743634224
1700125H20Rik,0.0005671558319590986,0.001114385318942368,-0.9748247265815735,0.9984208920935209,-0.0025826727505773306,-0.9748247265815735,0.7422480630232008,-0.6133785843849182,-0.9748247265815735,0.5181093531644733,-0.9002538919448853
Appbp2,0.23003695905208588,0.24739758670330048,-0.11798660457134247,0.10279059339376562,-2.1233131885528564,-0.11798660457134247,0.4910149426084275,-1.1413934230804443,-0.11798660457134247,0.2350929113662549,-1.5285080671310425
Ppm1d,0.19050808250904083,0.1743047833442688,0.14028343558311462,0.9979940091511154,-0.4155431389808655,0.14028343558311462,0.4711428162278778,1.1780447959899902,0.14028343558311462,0.22043764447619482,1.5679184198379517
Bcas3,0.060599733144044876,0.05640418082475662,0.10656513273715973,0.3356229734211247,-1.4574289321899414,0.10656513273715973,0.8103223796765621,0.49705183506011963,0.10656513273715973,0.6627689005288432,0.6617274284362793
Tbx2,0.0,0.0005554113886319101,-19.083600997924805,0.9979940091511154,0.027607882395386696,-19.083600997924805,0.5196272646011879,-1.0,-19.083600997924805,0.16021537352752957,-1.759765386581421
Gm11444,0.0006738537340424955,0.0,19.362564086914062,0.9979940091511154,0.16822996735572815,19.362564086914062,0.3675868008544727,1.387925386428833,19.362564086914062,0.2875732946339948,1.387925386428833
Brip1,0.2932198941707611,0.26241961121559143,0.18335260450839996,0.9979940091511154,0.15789927542209625,0.18335260450839996,0.20171582018974155,1.8263654708862305,0.18335260450839996,0.047386650704689594,2.385108232498169
Ints2,0.10576985776424408,0.13800151646137238,-0.40747812390327454,0.000185852526687971,-4.246181011199951,-0.40747812390327454,0.03348195197795543,-2.6990065574645996,-0.40747812390327454,0.0009230711642489342,-3.7315213680267334
Med13,0.3897174894809723,0.38253268599510193,0.03236113488674164,0.9979940091511154,-0.14881539344787598,0.03236113488674164,0.8766314692588019,0.38188281655311584,0.03236113488674164,0.7597131563157318,0.5111334323883057
Rnft1,0.15789727866649628,0.20698070526123047,-0.42699185013771057,9.231166996571452e-05,-4.419131278991699,-0.42699185013771057,0.00433819432222189,-3.423208236694336,-0.42699185013771057,1.3010291934932086e-05,-4.777847766876221
Rps6kb1,0.45662376284599304,0.45279398560523987,0.015122344717383385,0.9979940091511154,-0.14685611426830292,0.015122344717383385,0.9734411405590382,0.2054445892572403,0.015122344717383385,0.9149795814993174,0.2677821218967438
Tubd1,0.1292206197977066,0.10810491442680359,0.2729369103908539,0.9979940091511154,-0.09609323740005493,0.2729369103908539,0.14589166733309808,2.015714168548584,0.2729369103908539,0.02809453084513464,2.6067590713500977
Vmp1,0.8548005223274231,0.7631264925003052,0.23861448466777802,0.00145744015522289,3.6879677772521973,0.23861448466777802,0.0003403240251709465,4.143094539642334,0.23861448466777802,2.722666058664593e-07,5.554055213928223
Ptrh2,0.22955390810966492,0.2866804599761963,-0.3635893762111664,0.0003008206226022497,-4.123281478881836,-0.3635893762111664,0.0013283899342415141,-3.7738139629364014,-0.3635893762111664,2.5203593215674525e-06,-5.121354579925537
Cltc,0.6566633582115173,0.6884410977363586,-0.09365241974592209,0.7581542227033216,-0.8153230547904968,-0.09365241974592209,0.32960594553859707,-1.4955418109893799,-0.09365241974592209,0.10778334033740387,-1.998404860496521
Dhx40,0.22607702016830444,0.22836822271347046,-0.01626305840909481,0.20302510825999265,-1.7652122974395752,-0.01626305840909481,0.9990059247517328,-0.1540907919406891,-0.01626305840909481,0.9548070899840867,-0.20259177684783936
Ypel2,0.0017692388501018286,0.0017946200678125024,-0.0205680001527071,0.9979940091511154,-0.032416995614767075,-0.0205680001527071,1.0,-0.018528006970882416,-0.0205680001527071,1.0,-0.023665180429816246
Gdpd1,0.0022671364713460207,0.007066482678055763,-1.643585443496704,0.9979940091511154,-0.2901499271392822,-1.643585443496704,0.45047325017793505,-1.2189605236053467,-1.643585443496704,0.0992856839494208,-2.041978120803833
Smg8,0.05428789556026459,0.06506017595529556,-0.26899194717407227,0.021288184231216884,-2.799617290496826,-0.26899194717407227,0.3779799702498583,-1.3649731874465942,-0.26899194717407227,0.1414324648649878,-1.855946660041809
Prr11,0.38322022557258606,0.26008498668670654,0.6527673006057739,6.175902210861896e-07,5.486576557159424,0.6527673006057739,5.8042342496099636e-11,7.143304347991943,0.6527673006057739,1.278849675890045e-18,9.267508506774902
Ska2,0.35728538036346436,0.2638053894042969,0.5085188746452332,0.00027000487660046134,4.151423931121826,0.5085188746452332,8.078818585767898e-08,5.919773101806641,0.5085188746452332,1.5401477546371983e-12,7.500359535217285
Trim37,0.16099517047405243,0.19638121128082275,-0.3129250705242157,0.00015048819364743598,-4.298547267913818,-0.3129250705242157,0.03870008309813783,-2.640634536743164,-0.3129250705242157,0.001870926027692559,-3.5313973426818848
Ppm1e,0.0013156200293451548,0.0012086069909855723,0.12247485667467117,0.9979940091511154,0.025114266201853752,0.12247485667467117,1.0,0.0904737040400505,0.12247485667467117,1.0,0.11329543590545654
Rad51c,0.04566502198576927,0.054354649037122726,-0.25763440132141113,0.014136347496010802,-2.952796459197998,-0.25763440132141113,0.4490806994790207,-1.2205692529678345,-0.25763440132141113,0.20652072871496088,-1.6070650815963745
Tex14,0.0005016223876737058,0.0,18.936607360839844,0.9979940091511154,0.16822996735572815,18.936607360839844,0.36167647049845647,1.4148808717727661,18.936607360839844,0.2795042275398297,1.4148808717727661
Sept4,0.012759541161358356,0.02018899656832218,-0.6673666834831238,0.5239975162899564,-1.1386915445327759,-0.6673666834831238,0.3457940254593496,-1.459012746810913,-0.6673666834831238,0.07495468110306175,-2.1779942512512207
Mtmr4,0.055221009999513626,0.08401025086641312,-0.6263561844825745,0.00019531387151673242,-4.233980178833008,-0.6263561844825745,0.007545486074413122,-3.242675542831421,-0.6263561844825745,3.3081468915415405e-05,-4.566998481750488
Hsf5,0.0,0.0,0.0,0.9979940091511154,0.11319231241941452,0.0,1.0,0.0,0.0,1.0,0.0
Rnf43,0.011248632334172726,0.01967771351337433,-0.812908947467804,0.6863494502174528,-0.909278929233551,-0.812908947467804,0.3594295660628397,-1.4279612302780151,-0.812908947467804,0.08049031600801532,-2.143740177154541
Supt4a,1.3822064399719238,1.4601036310195923,-0.14817005395889282,0.011498801534792335,-3.0284955501556396,-0.14817005395889282,0.003168800183560546,-3.5191650390625,-0.14817005395889282,1.6832842968575132e-05,-4.720162868499756
Tspoap1,0.03594188019633293,0.031245917081832886,0.20540441572666168,0.4165109885576485,-1.30790114402771,0.20540441572666168,0.647422767204515,0.7741497159004211,0.20540441572666168,0.48033166559994506,0.9661638736724854
Mpo,0.00039316766196861863,0.0,18.585071563720703,0.9979940091511154,0.14071114361286163,18.585071563720703,0.5196272646011879,1.0,18.585071563720703,0.46147875269036936,1.0
Mks1,0.016432994976639748,0.02312842197716236,-0.49791696667671204,0.20115464437919242,-1.7706447839736938,-0.49791696667671204,0.3439510298274842,-1.4629825353622437,-0.49791696667671204,0.11415078312626929,-1.967979073524475
Epx,0.0006266151904128492,0.0,19.257675170898438,0.9979940091511154,0.14071114361286163,19.257675170898438,0.5196272646011879,1.0,19.257675170898438,0.46147875269036936,1.0
Olfr464,0.0,0.0,0.0,0.9979940091511154,0.11319231241941452,0.0,1.0,0.0,0.0,1.0,0.0
Dynll2,0.45769864320755005,0.44335415959358215,0.057060081511735916,0.9979940091511154,0.2631654441356659,0.057060081511735916,0.6737169401634084,0.7302036285400391,0.057060081511735916,0.4780049774731227,0.9704923629760742
Srsf1,0.770889937877655,0.7974587678909302,-0.0705300122499466,0.44577398845465005,-1.2584741115570068,-0.0705300122499466,0.4278386888217225,-1.2605671882629395,-0.0705300122499466,0.17556089257517424,-1.7042030096054077
Vezf1,0.3114643096923828,0.2399556040763855,0.43024927377700806,0.061268191040762345,2.3641252517700195,0.43024927377700806,0.0001927370297518889,4.284699440002441,0.43024927377700806,3.240815757968407e-07,5.522616863250732
Cuedc1,0.00910969078540802,0.008954889141023159,0.024838242679834366,0.9979940091511154,-0.29139673709869385,0.024838242679834366,1.0,0.03966984897851944,0.024838242679834366,1.0,0.053368180990219116
Mrps23,0.6580663323402405,0.7061048150062561,-0.1402108371257782,0.24037076817546082,-1.6646661758422852,-0.1402108371257782,0.053647742780738854,-2.502342939376831,-0.1402108371257782,0.004846951828380005,-3.2361130714416504
Msi2,0.27906548976898193,0.26338067650794983,0.09527920186519623,0.9912186627609784,-0.5213436484336853,0.09527920186519623,0.5694336477796261,0.9082520604133606,0.09527920186519623,0.3671513668202733,1.213485836982727
Akap1,0.00850886944681406,0.026693735271692276,-1.662617802619934,0.04150330457873475,-2.531019449234009,-1.662617802619934,0.000786690661135945,-3.9283812046051025,-1.662617802619934,3.779309976682849e-08,-5.913805961608887
Scpep1,0.1097550317645073,0.1543816477060318,-0.5251138210296631,8.378499943743197e-06,-4.963541030883789,-0.5251138210296631,0.002402374264143933,-3.606646776199341,-0.5251138210296631,3.931385361614325e-06,-5.031591892242432
Coil,0.0791567862033844,0.10434498637914658,-0.41702359914779663,0.0013122319145812142,-3.71958327293396,-0.41702359914779663,0.06250102633119453,-2.4353718757629395,-0.41702359914779663,0.003073553842801279,-3.381047487258911
Trim25,0.19523175060749054,0.2192305028438568,-0.1851697862148285,0.030809338345911024,-2.6548094749450684,-0.1851697862148285,0.29987025988636273,-1.5642354488372803,-0.1851697862148285,0.07808369957774788,-2.1583340167999268
Dgke,0.041378822177648544,0.04662124812602997,-0.1759042888879776,0.16659750532657838,-1.874575138092041,-0.1759042888879776,0.7195282331486441,-0.6524578928947449,-0.1759042888879776,0.5094034475974943,-0.9154162406921387
Gm525,0.0009399458067491651,0.0,19.842897415161133,0.9979940091511154,0.16822996735572815,19.842897415161133,0.4332029518285918,1.2502528429031372,19.842897415161133,0.34958160991429243,1.2502528429031372
Pctp,0.004551386926323175,0.005311529152095318,-0.22336982190608978,0.9979940091511154,-0.28961557149887085,-0.22336982190608978,0.8996445194862985,-0.3422293961048126,-0.22336982190608978,0.7956877908725714,-0.45656096935272217
Gm45716,0.2079327255487442,0.23730552196502686,-0.2126023918390274,0.002882109794446196,-3.482867956161499,-0.2126023918390274,0.188590667054628,-1.8654841184616089,-0.2126023918390274,0.036492751373038486,-2.5002858638763428
Mmd,0.22247928380966187,0.21233001351356506,0.07494886964559555,0.9979940091511154,-0.4369169771671295,0.07494886964559555,0.7164028040296079,0.656648576259613,0.07494886964559555,0.5234770591652604,0.8906232118606567
Hlf,0.012890216894447803,0.017965419217944145,-0.4826163351535797,0.4190602114160049,-1.30344820022583,-0.4826163351535797,0.4430608578632848,-1.2319210767745972,-0.4826163351535797,0.18695683740609273,-1.6663379669189453
Stxbp4,0.010321613401174545,0.012482326477766037,-0.2757798433303833,0.9801990088302664,-0.5329211950302124,-0.2757798433303833,0.7432282719238325,-0.6117390394210815,-0.2757798433303833,0.551429055228218,-0.8434805274009705
Cox11,0.10409478843212128,0.1224624365568161,-0.24794092774391174,0.006881620513066804,-3.2032268047332764,-0.24794092774391174,0.27196725189581394,-1.6311227083206177,-0.24794092774391174,0.06557122301573995,-2.2405755519866943
Tom1l1,0.0007651267806068063,0.0,19.5458927154541,0.9979940091511154,0.19574879109859467,19.5458927154541,0.23635955954234225,1.7297121286392212,19.5458927154541,0.16876281950711533,1.7297121286392212
Utp18,0.26050320267677307,0.3704148530960083,-0.591286838054657,3.1927311027127756e-09,-6.413845062255859,-0.591286838054657,3.145538815298746e-09,-6.519144535064697,-0.591286838054657,1.3884905667014576e-17,-8.976531028747559
Mbtd1,0.12486277520656586,0.12130015343427658,0.04438464716076851,0.14950253577882028,-1.9343328475952148,0.04438464716076851,0.9302303531541518,0.2854593098163605,0.04438464716076851,0.8427265181375008,0.38256359100341797
Nme2,0.046111997216939926,0.07588624954223633,-0.7403923273086548,0.0008594410502032312,-3.8393657207489014,-0.7403923273086548,0.0037125093803783917,-3.476937770843506,-0.7403923273086548,3.267352200375486e-06,-5.068819046020508
Gm20390,0.001095587620511651,0.0009621691424399614,0.18743851780891418,0.9979940091511154,0.025114266201853752,0.18743851780891418,1.0,0.13872578740119934,0.18743851780891418,0.9747179313278533,0.17049969732761383
Nme1,1.5987037420272827,2.0211429595947266,-0.7302058339118958,7.900375364784685e-47,-14.848855018615723,-0.7302058339118958,1.8277187029633667e-39,-14.63292407989502,-0.7302058339118958,1.8348707199488554e-76,-19.767345428466797
Spag9,0.4862680733203888,0.4176497459411621,0.27267178893089294,0.04406151439330546,2.5059051513671875,0.27267178893089294,0.005065768567479886,3.368130683898926,0.27267178893089294,6.391805519090668e-05,4.41420316696167
Tob1,0.23931124806404114,0.24746167659759521,-0.05443441495299339,0.29894874427968154,-1.5320593118667603,-0.05443441495299339,0.8135080209549063,-0.49187254905700684,-0.05443441495299339,0.6587836615261381,-0.6683957576751709
Wfikkn2,0.028492314741015434,0.027367819100618362,0.0589071623980999,0.7148881154678953,-0.8724090456962585,0.0589071623980999,0.9835369915025489,0.18534289300441742,0.0589071623980999,0.9302569010842946,0.24409151077270508
Gm21885,0.00039060183917172253,0.0,18.575624465942383,0.9979940091511154,0.14071114361286163,18.575624465942383,0.5196272646011879,1.0,18.575624465942383,0.46147875269036936,1.0
Luc7l3,0.8228709101676941,0.9931014776229858,-0.412400484085083,1.3636739757572104e-09,-6.5542893409729,-0.412400484085083,1.0721148736058996e-10,-7.073827266693115,-0.412400484085083,2.8871784617311366e-20,-9.68586540222168
Ankrd40,0.20800775289535522,0.24903284013271332,-0.2904181182384491,0.003923362289746892,-3.3867745399475098,-0.2904181182384491,0.031546561315005495,-2.7231240272521973,-0.2904181182384491,0.0008598716417336336,-3.7513163089752197
Abcc3,0.0,0.0,0.0,0.9979940091511154,0.11319231241941452,0.0,1.0,0.0,0.0,1.0,0.0
Cacna1g,0.0,0.0,0.0,0.9979940091511154,0.11319231241941452,0.0,1.0,0.0,0.0,1.0,0.0
Mycbpap,0.0,0.0,0.0,0.9979940091511154,0.11319231241941452,0.0,1.0,0.0,0.0,1.0,0.0
Rsad1,0.002533471677452326,0.00608025910332799,-1.2655771970748901,0.9945631184565934,-0.5155549049377441,-1.2655771970748901,0.25508209438290447,-1.6762226819992065,-1.2655771970748901,0.0355314345815929,-2.5114223957061768
Acsf2,0.0460907444357872,0.0337706059217453,0.4576551914215088,0.9979940091511154,-0.16146157681941986,0.4576551914215088,0.24126629104836952,1.7148492336273193,0.4576551914215088,0.059726348593363975,2.281315565109253
Lrrc59,0.48887160420417786,0.6972042918205261,-0.6771708130836487,1.0229814516650617e-17,-9.031606674194336,-0.6771708130836487,1.2227306208336171e-20,-10.16731071472168,-0.6771708130836487,8.16705452742839e-41,-14.043822288513184
Eme1,0.19231337308883667,0.16331987082958221,0.2572927474975586,0.9979940091511154,0.027429766952991486,0.2572927474975586,0.0988003794732608,2.2178258895874023,0.2572927474975586,0.013995261595219237,2.8733365535736084
Mrpl27,0.6065558791160583,0.7192803621292114,-0.3361455798149109,8.582612830561723e-06,-4.957573890686035,-0.3361455798149109,4.305392765197209e-07,-5.622448444366455,-0.3361455798149109,1.1678356399786375e-12,-7.532986164093018
Xylt2,0.03636062145233154,0.02726881578564644,0.42171791195869446,0.8341053612367951,-0.7201204299926758,0.42171791195869446,0.30529231729861384,1.5501554012298584,0.42171791195869446,0.12979142543031424,1.9015896320343018
Gm11541,0.0,0.0,0.0,0.9979940091511154,0.11319231241941452,0.0,1.0,0.0,0.0,1.0,0.0
Cdc34b,0.0,0.0,0.0,0.9979940091511154,0.11319231241941452,0.0,1.0,0.0,0.0,1.0,0.0
Col1a1,0.0,0.0,0.0,0.9979940091511154,0.11319231241941452,0.0,1.0,0.0,0.0,1.0,0.0
Ppp1r9b,0.16497698426246643,0.14723612368106842,0.17726312577724457,0.9979940091511154,-0.4557972252368927,0.17726312577724457,0.4088578288025742,1.2997239828109741,0.17726312577724457,0.16162676267091478,1.7540221214294434
Samd14,0.0,0.0,0.0,0.9979940091511154,0.11319231241941452,0.0,1.0,0.0,0.0,1.0,0.0
Pdk2,0.0007554907351732254,0.0013414915883913636,-0.8287739753723145,0.9984208920935209,-0.0025826727505773306,-0.8287739753723145,0.795224543954832,-0.5219656229019165,-0.8287739753723145,0.604871013153958,-0.754048228263855
Itga3,0.0070064314641058445,0.008448378182947636,-0.2710360288619995,0.9532313086833272,-0.5672083497047424,-0.2710360288619995,0.8041846052064799,-0.5067020058631897,-0.2710360288619995,0.6626411296919298,-0.662084698677063
Tac4,0.0,0.0005661612376570702,-19.111265182495117,0.9979940091511154,0.027607882395386696,-19.111265182495117,0.5196272646011879,-1.0,-19.111265182495117,0.16021537352752957,-1.759765386581421
Kat7,0.31246843934059143,0.29169487953186035,0.11498872190713882,0.9979940091511154,0.2628982663154602,0.11498872190713882,0.41974034170242813,1.276401400566101,0.11498872190713882,0.18616731843708956,1.6690059900283813
Fam117a,0.16059693694114685,0.15216602385044098,0.08403848111629486,0.19500899816094788,-1.7872986793518066,0.08403848111629486,0.7461817872986549,0.6068968772888184,0.08403848111629486,0.5732377106255582,0.8076410293579102
Slc35b1,0.3585634231567383,0.5019659399986267,-0.5961986780166626,1.2937886940994659e-10,-6.916308879852295,-0.5961986780166626,1.5512320405101509e-12,-7.719857215881348,-0.5961986780166626,1.0454509480005232e-23,-10.529790878295898
Spop,0.3673704266548157,0.43420735001564026,-0.2925732731819153,0.004480820832966113,-3.345095634460449,-0.2925732731819153,0.0019054587432045808,-3.6715950965881348,-0.2925732731819153,5.987238669247017e-06,-4.94576358795166
Ngfr,0.00031741231214255095,0.0,18.27623176574707,0.9979940091511154,0.14071114361286163,18.27623176574707,0.5196272646011879,1.0,18.27623176574707,0.46147875269036936,1.0
Phb,0.1640891581773758,0.2751304507255554,-0.8286644220352173,3.498538451458567e-14,-8.044580459594727,-0.8286644220352173,2.6440433458077783e-13,-7.99248743057251,-0.8286644220352173,2.5467464677961502e-26,-11.125762939453125
Zfp652,0.11023799329996109,0.11385010927915573,-0.04916819930076599,0.04506097876999303,-2.496732234954834,-0.04916819930076599,0.9241502075591116,-0.2955997586250305,-0.04916819930076599,0.8319743160843681,-0.39910435676574707
Abi3,0.04996244236826897,0.08200687170028687,-0.7382702231407166,0.0014960814958219861,-3.6803977489471436,-0.7382702231407166,0.019431534651758814,-2.910733699798584,-0.7382702231407166,7.171587395711543e-05,-4.386443138122559
Gngt2,0.07805584371089935,0.11885260045528412,-0.6365062594413757,1.82512181458209e-05,-4.794776439666748,-0.6365062594413757,0.013889115290932131,-3.034287452697754,-0.6365062594413757,4.184975213935317e-05,-4.513580799102783
Snf8,0.8823263049125671,0.956479549407959,-0.17799519002437592,0.009882948835235373,-3.0808615684509277,-0.17799519002437592,0.0025562215140059,-3.5855865478515625,-0.17799519002437592,1.0253025754005895e-05,-4.830935001373291
Ube2z,0.2337462306022644,0.2531721889972687,-0.1297566443681717,0.09246667015779021,-2.174877643585205,-0.1297566443681717,0.43764625023556686,-1.2417848110198975,-0.1297566443681717,0.18402637982803807,-1.6753532886505127
Atp5g1,1.2998077869415283,1.6810582876205444,-0.7119631767272949,1.5577091511868844e-39,-13.611220359802246,-0.7119631767272949,6.849979567522777e-42,-15.17004108428955,-0.7119631767272949,1.1615752764934873e-81,-20.518354415893555
Calcoco2,0.0,0.0,0.0,0.9979940091511154,0.11319231241941452,0.0,1.0,0.0,0.0,1.0,0.0
Hoxb13,0.0006613140576519072,0.0,19.3354549407959,0.9979940091511154,0.14071114361286163,19.3354549407959,0.5196272646011879,1.0,19.3354549407959,0.46147875269036936,1.0
Hoxb7,0.0,0.0,0.0,0.9979940091511154,0.11319231241941452,0.0,1.0,0.0,0.0,1.0,0.0
Hoxb4,0.020099813118577003,0.01775405928492546,0.1807306706905365,0.9979940091511154,-0.44885072112083435,0.1807306706905365,0.8026853176618068,0.5093588829040527,0.1807306706905365,0.6596160816155027,0.667055606842041
Hoxb3,0.0,0.0,0.0,0.9979940091511154,0.11319231241941452,0.0,1.0,0.0,0.0,1.0,0.0
Skap1,1.3576408624649048,1.193712592124939,0.32837793231010437,9.260922868911202e-13,7.617281913757324,0.32837793231010437,4.573703157204149e-11,7.213249683380127,0.32837793231010437,2.6098024884749558e-21,9.949044227600098
Snx11,0.09163442254066467,0.07653699815273285,0.27077561616897583,0.7998454395029728,-0.762244701385498,0.27077561616897583,0.2747461424454379,1.6239409446716309,0.27077561616897583,0.08393232738160326,2.12368106842041
Cbx1,0.9190044403076172,0.9442655444145203,-0.06013224273920059,0.4981328984713994,-1.1771644353866577,-0.06013224273920059,0.5035715840662018,-1.1183665990829468,-0.06013224273920059,0.23637801743534925,-1.5247279405593872
Nfe2l1,0.1341390609741211,0.14341823756694794,-0.10334748029708862,0.043342591049906835,-2.513474941253662,-0.10334748029708862,0.6629305117294,-0.7484727501869202,-0.10334748029708862,0.46147875269036936,-1.016165018081665
Copz2,0.001473772805184126,0.0032141758129000664,-1.126190185546875,0.9979940091511154,-0.11800143122673035,-1.126190185546875,0.5416344580986494,-0.9603273868560791,-1.126190185546875,0.26437151505014317,-1.4520541429519653
Cdk5rap3,0.36173713207244873,0.3792494833469391,-0.08161628991365433,0.7190467065421826,-0.8670656085014343,-0.08161628991365433,0.5500571296113036,-0.9446112513542175,-0.08161628991365433,0.3264781259423051,-1.299493432044983
Prr15l,0.0,0.0,0.0,0.9979940091511154,0.11319231241941452,0.0,1.0,0.0,0.0,1.0,0.0
Pnpo,0.05128629878163338,0.08427361398935318,-0.7405714392662048,4.9028009116703735e-05,-4.56865930557251,-0.7405714392662048,0.0009320807491678476,-3.875758409500122,-0.7405714392662048,3.957305220540556e-07,-5.481862545013428
Sp2,0.25348544120788574,0.23644615709781647,0.11318358033895493,0.9979940091511154,-0.143560990691185,0.11318358033895493,0.5064176213233913,1.1133123636245728,0.11318358033895493,0.2543999679139144,1.4765613079071045
Sp6,0.0004825001524295658,0.0004657348326873034,0.051032617688179016,0.9979940091511154,0.08282364159822464,0.051032617688179016,1.0,0.029037177562713623,0.051032617688179016,1.0,0.038821954280138016
Scrn2,0.04046398028731346,0.05320664122700691,-0.40423160791397095,0.029170359538886526,-2.6768958568573,-0.40423160791397095,0.25307996977948516,-1.6821926832199097,-0.40423160791397095,0.050656696128673545,-2.35483455657959
Lrrc46,0.000745337107218802,0.0,19.508073806762695,0.9979940091511154,0.16822996735572815,19.508073806762695,0.3656726802506002,1.3940248489379883,19.508073806762695,0.28546972940255627,1.3940248489379883
Mrpl10,0.2749868929386139,0.317753404378891,-0.24091601371765137,0.01065395767038588,-3.0555691719055176,-0.24091601371765137,0.02097037793621501,-2.876800537109375,-0.24091601371765137,0.0007783975186625202,-3.778754949569702
Osbpl7,0.06756289303302765,0.06840715557336807,-0.018532197922468185,0.1082456370529391,-2.0975756645202637,-0.018532197922468185,1.0,-0.0972396582365036,-0.018532197922468185,0.9999456899129795,-0.129720076918602
Tbx21,0.36625877022743225,0.35924726724624634,0.03324909508228302,0.9979940091511154,-0.5091427564620972,0.03324909508228302,0.8943692386623542,0.35070788860321045,0.03324909508228302,0.7867927274343287,0.4701513350009918
Tbkbp1,0.068423792719841,0.10457629710435867,-0.6384401917457581,9.594032106938597e-05,-4.409958362579346,-0.6384401917457581,0.0031545729788550808,-3.5253119468688965,-0.6384401917457581,3.676368649428783e-06,-5.045031547546387
Kpnb1,0.5082976222038269,0.6228402256965637,-0.3835604786872864,9.399484125038402e-06,-4.938426494598389,-0.3835604786872864,9.114777602119063e-07,-5.481268405914307,-0.3835604786872864,1.634399806389506e-12,-7.483878135681152
Npepps,0.2358662635087967,0.26864197850227356,-0.21235136687755585,0.005930085732780257,-3.2525646686553955,-0.21235136687755585,0.1536940573977396,-1.985298991203308,-0.21235136687755585,0.02405297146300181,-2.668642520904541
Mrpl45,0.21242250502109528,0.3245030641555786,-0.6957573890686035,3.443835242622408e-11,-7.112858772277832,-0.6957573890686035,7.827135577656984e-11,-7.131366729736328,-0.6957573890686035,4.0936106726066735e-21,-9.899802207946777
Gpr179,0.0,0.0,0.0,0.9979940091511154,0.11319231241941452,0.0,1.0,0.0,0.0,1.0,0.0
Socs7,0.07326681911945343,0.06221769377589226,0.2438954859972,0.5438846838945812,-1.107966661453247,0.2438954859972,0.47214956837860067,1.1764229536056519,0.2438954859972,0.2232998510968358,1.56033456325531
Arhgap23,0.0011556536192074418,0.007559196557849646,-2.7141451835632324,0.9052690777847262,-0.6304393410682678,-2.7141451835632324,0.05467070987972096,-2.501142740249634,-2.7141451835632324,0.00016960050746953875,-4.181562900543213
Srcin1,0.005921269301325083,0.0025692477356642485,1.2069798707962036,0.9979940091511154,0.1615506410598755,1.2069798707962036,0.3725363084809582,1.3752844333648682,1.2069798707962036,0.2083780909950901,1.6017321348190308
Epop,0.0400867722928524,0.06597484648227692,-0.7376290559768677,6.121472341920026e-05,-4.517718315124512,-0.7376290559768677,0.0028235467513929905,-3.5572667121887207,-0.7376290559768677,7.672419032226576e-06,-4.892611980438232
Mllt6,0.1828944832086563,0.18064510822296143,0.019524959847331047,0.21242880049232013,-1.739296555519104,0.019524959847331047,0.997964054285035,0.1563042253255844,0.019524959847331047,0.9514950277174559,0.2086237370967865
Cisd3,0.31035444140434265,0.37480849027633667,-0.3213799297809601,0.0014268187647750576,-3.695181369781494,-0.3213799297809601,0.0019480378548743927,-3.665356159210205,-0.3213799297809601,5.422355514437836e-06,-4.966130256652832
Pcgf2,0.030446050688624382,0.04000690206885338,-0.4009309411048889,0.23349124141886624,-1.6824777126312256,-0.4009309411048889,0.4766107185534299,-1.1693711280822754,-0.4009309411048889,0.166561581440836,-1.7366061210632324
Psmb3,1.7067968845367432,1.7283333539962769,-0.037868134677410126,0.45292405981911316,-1.246985673904419,-0.037868134677410126,0.5196272646011879,-1.0348738431930542,-0.037868134677410126,0.25971626554462396,-1.4628798961639404
Pip4k2b,0.09343353658914566,0.1159864142537117,-0.32849565148353577,0.002716374149445966,-3.5014808177948,-0.32849565148353577,0.14469545106174905,-2.0208942890167236,-0.32849565148353577,0.01679081133234107,-2.804964542388916
Cwc25,0.21432358026504517,0.18477950990200043,0.2360057383775711,0.9979940091511154,0.18898040056228638,0.2360057383775711,0.11654151475911315,2.1325440406799316,0.2360057383775711,0.017869530409902665,2.7823941707611084
1700001P01Rik,0.00040646197157911956,0.0011396596673876047,-1.4879374504089355,0.9979940091511154,-0.0302796121686697,-1.4879374504089355,0.6319038704062966,-0.8020082116127014,-1.4879374504089355,0.38081843232089907,-1.186682939529419
Rpl23,3.5851778984069824,3.7058475017547607,-0.17875929176807404,1.1378197000720384e-17,-9.019049644470215,-0.17875929176807404,6.826417896622939e-21,-10.195291519165039,-0.17875929176807404,5.120743202962733e-39,-13.720020294189453
Lasp1,0.4986286163330078,0.48048025369644165,0.06764397025108337,0.4370290283947095,1.2729904651641846,0.06764397025108337,0.5541252494561005,0.9369224905967712,0.06764397025108337,0.3421940847614054,1.2658653259277344
B230217C12Rik,0.012277379631996155,0.017346864566206932,-0.5023380517959595,0.5426959576073028,-1.110103964805603,-0.5023380517959595,0.4364810925245826,-1.2442210912704468,-0.5023380517959595,0.16793745602826257,-1.7319008111953735
Fbxo47,0.0007359146839007735,0.0,19.48971176147461,0.9979940091511154,0.19574879109859467,19.48971176147461,0.23588884582701453,1.7310124635696411,19.48971176147461,0.16848212717337405,1.7310124635696411
Plxdc1,0.06704764068126678,0.0541040301322937,0.3188816010951996,0.44879083607141756,-1.2533087730407715,0.3188816010951996,0.2759476683488843,1.620698094367981,0.3188816010951996,0.10082146194817249,2.033151149749756
Arl5c,0.362973690032959,0.34277623891830444,0.09802228957414627,0.9979940091511154,-0.026004843413829803,0.09802228957414627,0.5667976117316224,0.9125511646270752,0.09802228957414627,0.34938010386672363,1.250378131866455
Cacnb1,0.00431434391066432,0.005139511078596115,-0.25308558344841003,0.9979940091511154,-0.28970465064048767,-0.25308558344841003,0.90152201205305,-0.3389594852924347,-0.25308558344841003,0.8132592320321929,-0.42960280179977417
Rpl19,3.5887906551361084,3.672304153442383,-0.12376532703638077,2.2488483363345137e-08,-6.089051723480225,-0.12376532703638077,1.5535168869267683e-11,-7.408123970031738,-0.12376532703638077,2.5527675068046296e-24,-10.668001174926758
Stac2,0.0014866230776533484,0.0018338480731472373,-0.30308565497398376,0.9979940091511154,0.025114266201853752,-0.30308565497398376,0.9677234655661164,-0.21501846611499786,-0.30308565497398376,0.8952772592197724,-0.2992170453071594
Fbxl20,0.016433730721473694,0.034530967473983765,-1.0843403339385986,0.1304176321988213,-2.00504469871521,-1.0843403339385986,0.04221046302943333,-2.6089556217193604,-1.0843403339385986,0.0003180911227799022,-4.015979290008545
Med1,0.31184178590774536,0.3444206118583679,-0.168140709400177,0.12293921838636687,-2.0347900390625,-0.168140709400177,0.20214654056831557,-1.825642466545105,-0.168140709400177,0.03729674018812709,-2.488830804824829
Cdk12,0.4372306764125824,0.4660615921020508,-0.11448325216770172,0.49400784004639375,-1.1842890977859497,-0.11448325216770172,0.3183043873262354,-1.5206737518310547,-0.11448325216770172,0.09736665438019287,-2.0505309104919434
Ppp1r1b,0.0006011852528899908,0.0017604847671464086,-1.5509260892868042,0.9979940091511154,-0.08798898756504059,-1.5509260892868042,0.5196272646011879,-1.048435926437378,-1.5509260892868042,0.2047125713692102,-1.6121776103973389
Stard3,0.1512220948934555,0.1705603003501892,-0.18793639540672302,0.04008917810872204,-2.5453577041625977,-0.18793639540672302,0.3457341912840722,-1.4586304426193237,-0.18793639540672302,0.10442111885661366,-2.0145089626312256
Tcap,0.0006306032883003354,0.0006041512824594975,0.06184183433651924,0.9979940091511154,0.05521576479077339,0.06184183433651924,1.0,0.03028959035873413,0.06184183433651924,1.0,0.03684121370315552
Pgap3,0.031845565885305405,0.03363296017050743,-0.08007943630218506,0.31738644844593694,-1.4936754703521729,-0.08007943630218506,0.9263386707119511,-0.2917913794517517,-0.08007943630218506,0.8399862403505611,-0.3870506286621094
Erbb2,0.0,0.0017805813113227487,-20.765201568603516,0.9979940091511154,-0.143560990691185,-20.765201568603516,0.24040437851255672,-1.7205554246902466,-20.765201568603516,0.009147971753308127,-3.027773857116699
Mien1,1.021528959274292,1.0810737609863281,-0.1320779025554657,0.10359903929390729,-2.1193947792053223,-0.1320779025554657,0.043239091998561616,-2.594742774963379,-0.1320779025554657,0.0020296041389502428,-3.50728440284729
Grb7,0.03644392266869545,0.07208307087421417,-1.0099231004714966,0.000652300126691807,-3.9130165576934814,-1.0099231004714966,0.0006465847157755844,-3.9828367233276367,-1.0099231004714966,2.448582585582078e-08,-5.989676475524902
Ikzf3,0.5150543451309204,0.5152577757835388,-0.0007291886722669005,0.993993579790308,-0.5170689225196838,-0.0007291886722669005,1.0,-0.009930592030286789,-0.0007291886722669005,1.0,-0.013087142258882523
Zpbp2,0.028005238622426987,0.028100362047553062,-0.004960609599947929,0.6715327542613517,-0.9292278289794922,-0.004960609599947929,1.0,-0.01679956167936325,-0.004960609599947929,1.0,-0.022757461294531822
Ormdl3,0.10709274560213089,0.10652773827314377,0.008046397939324379,0.14769642206475783,-1.9408340454101562,0.008046397939324379,1.0,0.04810958728194237,0.008046397939324379,1.0,0.06542319059371948
Gsdma,0.0003011431253980845,0.000483606563648209,-0.6835143566131592,0.9979940091511154,0.05521576479077339,-0.6835143566131592,0.9113560397614708,-0.32027769088745117,-0.6835143566131592,0.8017514581785815,-0.44755667448043823
Psmd3,0.47020965814590454,0.6104629039764404,-0.48683714866638184,3.7710772165132024e-08,-5.9973225593566895,-0.48683714866638184,1.055537127642144e-10,-7.073702812194824,-0.48683714866638184,4.581024433183548e-20,-9.63561725616455
Csf3,0.0,0.0,0.0,0.9979940091511154,0.11319231241941452,0.0,1.0,0.0,0.0,1.0,0.0
Med24,0.09040125459432602,0.0852048248052597,0.0892108902335167,0.26635670054854366,-1.603127360343933,0.0892108902335167,0.7770883396564698,0.5528667569160461,0.0892108902335167,0.6246698176143458,0.721415638923645
Thra,0.003866537008434534,0.018559947609901428,-2.2736971378326416,0.3387539650049367,-1.4512839317321777,-2.2736971378326416,0.018552440812254458,-2.9319708347320557,-2.2736971378326416,8.385101375617797e-06,-4.880716800689697
Nr1d1,0.0,0.002405850449576974,-21.199851989746094,0.9979940091511154,0.027607882395386696,-21.199851989746094,0.5196272646011879,-1.0,-21.199851989746094,0.16021537352752957,-1.759765386581421
Msl1,0.2284688651561737,0.2441731095314026,-0.10768082737922668,0.08265960279577436,-2.229024648666382,-0.10768082737922668,0.5196272646011879,-1.073360800743103,-0.10768082737922668,0.2781449804808789,-1.418779730796814
Casc3,0.21385686099529266,0.24418848752975464,-0.21406398713588715,0.006463317375372767,-3.2241551876068115,-0.21406398713588715,0.13443259338543706,-2.0582435131073,-0.21406398713588715,0.019702156404627504,-2.7457077503204346
Rapgefl1,0.0003737776423804462,0.0017449025763198733,-2.2238805294036865,0.9979940091511154,-0.11577498912811279,-2.2238805294036865,0.4265748169543532,-1.2641115188598633,-2.2238805294036865,0.10944618391051607,-1.9904870986938477
Wipf2,0.12834720313549042,0.12745580077171326,0.010711543262004852,0.058315070403438383,-2.3882598876953125,0.010711543262004852,1.0,0.0742301419377327,0.010711543262004852,1.0,0.09842866659164429
Cdc6,0.11852089315652847,0.24258381128311157,-1.1255258321762085,2.0925014887012814e-15,-8.400632858276367,-1.1255258321762085,2.006985894709773e-11,-7.382123947143555,-1.1255258321762085,3.6326582250777465e-25,-10.864646911621094
Rara,0.12420118600130081,0.16082213819026947,-0.39983069896698,6.321709895670141e-05,-4.508901596069336,-0.39983069896698,0.032770333936710784,-2.708390712738037,-0.39983069896698,0.0008511028506793558,-3.7539432048797607
Top2a,2.526435136795044,1.950884461402893,0.9313380718231201,2.3178619098594464e-43,14.270246505737305,0.9313380718231201,1.2481002668724691e-28,12.649704933166504,0.9313380718231201,3.9350622385713753e-79,20.383821487426758
Igfbp4,0.0035988064482808113,0.004593834746629,-0.3528984487056732,0.9979940091511154,-0.3733298182487488,-0.3528984487056732,0.8854653182650877,-0.3658177852630615,-0.3528984487056732,0.8130725214787875,-0.4301055073738098
Tns4,0.0,0.0,0.0,0.9979940091511154,0.11319231241941452,0.0,1.0,0.0,0.0,1.0,0.0
Ccr7,0.03935704752802849,0.05596575513482094,-0.5199980735778809,0.21904322360519796,-1.7209506034851074,-0.5199980735778809,0.34144080846343444,-1.4686145782470703,-0.5199980735778809,0.08168533973194633,-2.136460065841675
Smarce1,0.6708750128746033,0.7465298175811768,-0.21512162685394287,0.012301694810672883,-3.0034704208374023,-0.21512162685394287,0.0009907788045022334,-3.8538782596588135,-0.21512162685394287,2.472965307810704e-06,-5.125863075256348
Krt222,0.00578327989205718,0.00917328242212534,-0.6679985523223877,0.9979940091511154,-0.4876798689365387,-0.6679985523223877,0.46592060301266636,-1.189191222190857,-0.6679985523223877,0.18050116596093385,-1.6863123178482056
Krt10,0.0244095791131258,0.02891632728278637,-0.24770234525203705,0.3872340351001692,-1.3583077192306519,-0.24770234525203705,0.6340395510070727,-0.7969506978988647,-0.24770234525203705,0.43700093067886636,-1.0824122428894043
Eif1,2.7167394161224365,2.6668808460235596,0.07715947926044464,0.003973922119947469,3.3829450607299805,0.07715947926044464,0.006176743655748517,3.3059935569763184,0.07715947926044464,7.53682076236538e-05,4.374928951263428
Gast,0.0,0.0,0.0,0.9979940091511154,0.11319231241941452,0.0,1.0,0.0,0.0,1.0,0.0
Hap1,0.0,0.0006370764458552003,-19.28156852722168,0.9979940091511154,0.027607882395386696,-19.28156852722168,0.5196272646011879,-1.0,-19.28156852722168,0.16021537352752957,-1.759765386581421
Jup,0.004483608063310385,0.01000220887362957,-1.1615723371505737,0.815057337254897,-0.7433644533157349,-1.1615723371505737,0.2097265363276776,-1.8057488203048706,-1.1615723371505737,0.02314448225224038,-2.6832592487335205
P3h4,0.029474658891558647,0.03523464873433113,-0.26169708371162415,0.13376520996869817,-1.9914188385009766,-0.26169708371162415,0.5548508658748343,-0.9355077147483826,-0.26169708371162415,0.3540464213175821,-1.2408527135849
Fkbp10,0.005841630045324564,0.0009508206858299673,2.622654438018799,0.9979940091511154,0.2743867337703705,2.622654438018799,0.052602360783621786,2.5095808506011963,2.622654438018799,0.02753362927974895,2.616885185241699
Nt5c3b,0.5624642968177795,0.5630470514297485,-0.001953630708158016,0.9979940091511154,0.2150743007659912,-0.001953630708158016,1.0,-0.02907830849289894,-0.001953630708158016,1.0,-0.03901952505111694
Klhl10,0.0005248758825473487,0.0024512240197509527,-2.224842071533203,0.9979940091511154,-0.1733953058719635,-2.224842071533203,0.32837872889137126,-1.4990599155426025,-2.224842071533203,0.04232240529890158,-2.4339053630828857
Klhl11,0.027639705687761307,0.04037509113550186,-0.555962085723877,0.19705971234409772,-1.7815098762512207,-0.555962085723877,0.24680141847619347,-1.7002108097076416,-0.555962085723877,0.03482350047232825,-2.520153045654297
Acly,0.418195903301239,0.41992291808128357,-0.007277927827090025,0.9979940091511154,-0.19503632187843323,-0.007277927827090025,1.0,-0.09197904169559479,-0.007277927827090025,1.0,-0.1226378008723259
Ttc25,0.0002640339662320912,0.0013780579902231693,-2.3846404552459717,0.9979940091511154,-0.0302796121686697,-2.3846404552459717,0.5131035593058425,-1.1024914979934692,-2.3846404552459717,0.15264522544213824,-1.8145787715911865
Cnp,0.6382758617401123,0.6245153546333313,0.042406730353832245,0.5518134210334412,1.0951423645019531,0.042406730353832245,0.7081817300984709,0.6704376935958862,0.042406730353832245,0.528114592918927,0.8821289539337158
Dnajc7,0.5822944641113281,0.6559529900550842,-0.2304246872663498,0.004313148403599387,-3.3576526641845703,-0.2304246872663498,0.0024949918860778814,-3.593299388885498,-0.2304246872663498,7.738944095111244e-06,-4.8907976150512695
Nkiras2,0.10120251774787903,0.11189179122447968,-0.1527065932750702,0.012143379495790514,-3.00827956199646,-0.1527065932750702,0.5196272646011879,-1.0756100416183472,-0.1527065932750702,0.27374749430680173,-1.4296520948410034
Zfp385c,0.0,0.0,0.0,0.9979940091511154,0.11319231241941452,0.0,1.0,0.0,0.0,1.0,0.0
Dhx58,0.09527607262134552,0.07532870024442673,0.3535078465938568,0.548871106952361,-1.0999513864517212,0.3535078465938568,0.13172933035775228,2.067213773727417,0.3535078465938568,0.029197004681478723,2.591817855834961
Kat2a,0.07011307030916214,0.11432426422834396,-0.7377579808235168,3.6165782001446825e-06,-5.138895511627197,-0.7377579808235168,8.917905604942299e-05,-4.490988254547119,-0.7377579808235168,2.0202861563369793e-09,-6.410043716430664
Hspb9,0.0016262703575193882,0.004302613902837038,-1.405577301979065,0.9979940091511154,-0.37350791692733765,-1.405577301979065,0.34647951254125353,-1.4569324254989624,-1.405577301979065,0.08376189792186425,-2.1244893074035645
Rab5c,0.6316701769828796,0.5802338719367981,0.1633649319410324,0.006818386973097901,3.206789016723633,0.1633649319410324,0.030500247999483292,2.7350151538848877,0.1633649319410324,0.0013677070495756297,3.621842384338379
Kcnh4,0.0,0.0,0.0,0.9979940091511154,0.11319231241941452,0.0,1.0,0.0,0.0,1.0,0.0
Ghdc,0.022314555943012238,0.02496756613254547,-0.16399124264717102,0.37284154621803184,-1.3855594396591187,-0.16399124264717102,0.7781134252233378,-0.5502692461013794,-0.16399124264717102,0.6206307154052576,-0.7283675670623779
Stat5b,0.2492583841085434,0.26254332065582275,-0.08490464091300964,0.2636141555801739,-1.6098066568374634,-0.08490464091300964,0.6349863066750535,-0.7950410842895508,-0.08490464091300964,0.4330832238792444,-1.0891940593719482
Stat5a,0.21270674467086792,0.23793034255504608,-0.18055112659931183,0.051829179286524085,-2.4380431175231934,-0.18055112659931183,0.2522552637708867,-1.684417486190796,-0.18055112659931183,0.05713503829055738,-2.3010475635528564
Stat3,0.538329005241394,0.5225732326507568,0.055220574140548706,0.8589719990549959,0.6883268356323242,0.055220574140548706,0.6754426715700429,0.7275206446647644,0.055220574140548706,0.47037279097706847,0.9842763543128967
Cavin1,0.0,0.0016902321949601173,-20.69001007080078,0.9979940091511154,-0.143560990691185,-20.69001007080078,0.2464203982962929,-1.702951431274414,-20.69001007080078,0.009994099802755447,-2.9967949390411377
Atp6v0a1,0.0009439751738682389,0.003347265301272273,-1.8278952836990356,0.9979940091511154,-0.06073733791708946,-1.8278952836990356,0.5196272646011879,-1.0486845970153809,-1.8278952836990356,0.16473298241340942,-1.7434543371200562
Naglu,0.020826635882258415,0.015875371173024178,0.39522215723991394,0.9979940091511154,-0.2874782085418701,0.39522215723991394,0.4723490426775101,1.1759400367736816,0.39522215723991394,0.24541089384988463,1.499734878540039
Coasy,0.10340951383113861,0.1345580816268921,-0.4027746319770813,0.0003871206682167371,-4.055686950683594,-0.4027746319770813,0.020973990070794014,-2.8781979084014893,-0.4027746319770813,0.0004277176684922794,-3.9375345706939697
Mlx,0.4058431088924408,0.38860639929771423,0.07586710900068283,0.6666259760499724,0.9354618787765503,0.07586710900068283,0.5580505881240162,0.9296789765357971,0.07586710900068283,0.34729958779759784,1.255488634109497
Psmc3ip,0.16803449392318726,0.2049676775932312,-0.31410837173461914,0.0003418330665615844,-4.08917236328125,-0.31410837173461914,0.03273656445062993,-2.7078559398651123,-0.31410837173461914,0.001318974283281679,-3.632194995880127
Retreg3,0.14830799400806427,0.13530178368091583,0.14201898872852325,0.6047949916011189,-1.018018364906311,0.14201898872852325,0.5196272646011879,1.0088852643966675,0.14201898872852325,0.29862182786677743,1.359757423400879
Tubg1,0.46087127923965454,0.47210949659347534,-0.043492186814546585,0.9979940091511154,-0.3919428586959839,-0.043492186814546585,0.748408155694093,-0.6020551323890686,-0.043492186814546585,0.57589608253978,-0.8025705814361572
Tubg2,0.0005052886554040015,0.0,18.947114944458008,0.9979940091511154,0.16822996735572815,18.947114944458008,0.36167647049845647,1.4149080514907837,18.947114944458008,0.2795042275398297,1.4149080514907837
Plekhh3,0.006316832732409239,0.004246011842042208,0.574587881565094,0.9979940091511154,-0.03580118715763092,0.574587881565094,0.5735646407641013,0.9012883901596069,0.574587881565094,0.4266436863158196,1.1014068126678467
Cntnap1,0.0006228899001143873,0.0005665300996042788,0.13686510920524597,0.9979940091511154,0.08282364159822464,0.13686510920524597,1.0,0.07809698581695557,0.13686510920524597,1.0,0.10230586677789688
Ccr10,0.0026548278983682394,0.00893139187246561,-1.7547982931137085,0.9979940091511154,-0.1202278733253479,-1.7547982931137085,0.561524374374133,-0.9231491684913635,-1.7547982931137085,0.21409833109496135,-1.585587501525879
Ezh1,0.07250940054655075,0.0724557563662529,0.0011070063337683678,0.2799062813706209,-1.5725805759429932,0.0011070063337683678,1.0,0.0055808983743190765,0.0011070063337683678,1.0,0.007596028037369251
Ramp2,0.0021251305006444454,0.0021584455389529467,-0.022465217858552933,0.9979940091511154,-0.034020036458969116,-0.022465217858552933,1.0,-0.024467818439006805,-0.022465217858552933,1.0,-0.03236600384116173
Vps25,0.0353483147919178,0.03105267323553562,0.19003988802433014,0.582831788373452,-1.0497229099273682,0.19003988802433014,0.6596977648604722,0.7533695101737976,0.19003988802433014,0.48419469058329206,0.9586799740791321
Wnk4,0.0,0.001134191290475428,-20.114051818847656,0.9979940091511154,-0.05797655135393143,-20.114051818847656,0.36557287116690396,-1.396539568901062,-20.114051818847656,0.04016349243864589,-2.4575819969177246
Coa3,0.7034545540809631,0.7829062342643738,-0.21872882544994354,0.008125941423310603,-3.147209405899048,-0.21872882544994354,0.0011029098565077868,-3.8251423835754395,-0.21872882544994354,1.9791228785019894e-06,-5.169777870178223
Cntd1,0.019263343885540962,0.018178638070821762,0.08439896255731583,0.9979940091511154,-0.43433430790901184,0.08439896255731583,0.9788450284266931,0.19339428842067719,0.08439896255731583,0.9141543133326637,0.26888033747673035
Becn1,0.4877859055995941,0.5070009827613831,-0.0707455426454544,0.7358257880568833,-0.8433762788772583,-0.0707455426454544,0.5196272646011879,-1.0191800594329834,-0.0707455426454544,0.29697602283498187,-1.3636565208435059
Psme3,0.3529539108276367,0.40296444296836853,-0.22951482236385345,0.020151069894480823,-2.820991039276123,-0.22951482236385345,0.026721124212446847,-2.786461591720581,-0.22951482236385345,0.0009258074884528263,-3.730767011642456
Aoc2,0.005157793872058392,0.009238152764737606,-0.8437969088554382,0.9979940091511154,-0.4061030447483063,-0.8437969088554382,0.5036469399115193,-1.1184279918670654,-0.8437969088554382,0.1710126937770604,-1.7198810577392578
Aoc3,0.0003857726987916976,0.0,18.557674407958984,0.9979940091511154,0.14071114361286163,18.557674407958984,0.5196272646011879,1.0,18.557674407958984,0.46147875269036936,1.0
Gm27029,0.020129380747675896,0.02801767736673355,-0.4827476143836975,0.16116617993091487,-1.893010139465332,-0.4827476143836975,0.3270742206239156,-1.5006242990493774,-0.4827476143836975,0.10402620352366497,-2.0171732902526855
Aarsd1,0.014721615239977837,0.014111693017184734,0.06148586794734001,0.9733055573155047,-0.5410254001617432,0.06148586794734001,0.9964641190803857,0.15936647355556488,0.06148586794734001,0.9510129349794718,0.2094324827194214
Ptges3l,0.009428387507796288,0.025461643934249878,-1.444841742515564,0.06836378899916941,-2.3158559799194336,-1.444841742515564,0.0014933292882782715,-3.7498624324798584,-1.444841742515564,1.8480584290916586e-07,-5.625990867614746
Rundc1,0.027412567287683487,0.0396132729947567,-0.5399965643882751,0.050597950690252046,-2.448819160461426,-0.5399965643882751,0.1536940573977396,-1.9858399629592896,-0.5399965643882751,0.01854221032940207,-2.7680294513702393
Rpl27,3.203639268875122,3.3172123432159424,-0.17039383947849274,2.0853868741026934e-14,-8.11324405670166,-0.17039383947849274,1.5903722252835095e-17,-9.281822204589844,-0.17039383947849274,6.5258419667922675e-34,-12.725390434265137
Ifi35,0.4666796326637268,0.42017772793769836,0.18744778633117676,0.189819683683336,1.8022602796554565,0.18744778633117676,0.06525710914290461,2.414818286895752,0.18744778633117676,0.005987042919760144,3.167081832885742
Vat1,0.06371377408504486,0.09165675193071365,-0.5450535416603088,0.00014377523272583086,-4.310213565826416,-0.5450535416603088,0.01064526707447207,-3.1231601238250732,-0.5450535416603088,0.00011213386206423187,-4.278886318206787
Rnd2,0.0008524327422492206,0.002922514220699668,-1.7790446281433105,0.9979940091511154,-0.23083750903606415,-1.7790446281433105,0.3345834024396147,-1.4850585460662842,-1.7790446281433105,0.05425630499312417,-2.3256163597106934
Brca1,0.23225130140781403,0.2278587818145752,0.030836699530482292,0.10513920508222983,-2.1119139194488525,0.030836699530482292,0.9415941836235417,0.2640838921070099,0.030836699530482292,0.868824847127054,0.3427174985408783
Nbr1,0.09448704868555069,0.11633097380399704,-0.31608060002326965,0.002521745493566219,-3.525348424911499,-0.31608060002326965,0.1816657643245699,-1.8876312971115112,-0.31608060002326965,0.02622892431436241,-2.6344006061553955
Tmem106a,0.01590171828866005,0.025476770475506783,-0.6869302988052368,0.7442694738147186,-0.8337579965591431,-0.6869302988052368,0.43492117202387115,-1.2476650476455688,-0.6869302988052368,0.11521851480744989,-1.9632505178451538
Rdm1,0.5729454159736633,0.42710575461387634,0.5377357602119446,7.418769680679877e-09,6.275449752807617,0.5377357602119446,6.485705296007188e-12,7.471529483795166,0.5377357602119446,8.746825209507666e-20,9.576698303222656
Arl4d,0.08910226821899414,0.061353106051683426,0.5585935711860657,0.9979940091511154,-0.143560990691185,0.5585935711860657,0.020709079850964016,2.8795993328094482,0.5585935711860657,0.0013912147229700952,3.617717981338501
Dhx8,0.27049553394317627,0.28679344058036804,-0.09670887887477875,0.3310489325337673,-1.4672253131866455,-0.09670887887477875,0.5323121295026124,-0.9768909215927124,-0.09670887887477875,0.3109115545345609,-1.3322173357009888
Etv4,0.0010883768554776907,0.004114411771297455,-1.920690894126892,0.9979940091511154,-0.3733298182487488,-1.920690894126892,0.19743130112432286,-1.8408167362213135,-1.920690894126892,0.012365541786830756,-2.918787956237793
Dusp3,0.00530250882729888,0.009478661231696606,-0.8410242199897766,0.9979940091511154,-0.2929997742176056,-0.8410242199897766,0.5695358494279169,-0.9085008502006531,-0.8410242199897766,0.2693364963609818,-1.4402636289596558
Mpp3,0.0,0.0,0.0,0.9979940091511154,0.11319231241941452,0.0,1.0,0.0,0.0,1.0,0.0
Cd300lg,0.0,0.00318063679151237,-21.603179931640625,0.9979940091511154,0.027607882395386696,-21.603179931640625,0.5196272646011879,-1.0,-21.603179931640625,0.16021537352752957,-1.759765386581421
Mpp2,0.02122579701244831,0.0350908562541008,-0.7353248596191406,0.22984635692501487,-1.6926302909851074,-0.7353248596191406,0.15650808221185764,-1.9763197898864746,-0.7353248596191406,0.010506074595362963,-2.975759506225586
Tmem101,0.10493294894695282,0.13805237412452698,-0.4201219081878662,0.00015347827664392603,-4.293649196624756,-0.4201219081878662,0.014155767160174726,-3.0230443477630615,-0.4201219081878662,0.00018203091374367663,-4.1588616371154785
Lsm12,0.8263448476791382,0.9840648174285889,-0.38271287083625793,3.4745678915885707e-10,-6.767047882080078,-0.38271287083625793,1.9134776166362562e-11,-7.336472988128662,-0.38271287083625793,4.409302568988819e-21,-9.895682334899902
G6pc3,0.07676098495721817,0.12258155643939972,-0.7088984251022339,1.8670596185800246e-06,-5.270166397094727,-0.7088984251022339,8.618510911545311e-05,-4.498110771179199,-0.7088984251022339,2.835001946406378e-09,-6.354907989501953
Hdac5,0.07245505601167679,0.11856349557638168,-0.7442914247512817,2.469900335150065e-07,-5.660862445831299,-0.7442914247512817,0.00016782542943316635,-4.330079078674316,-0.7442914247512817,1.4047207520135234e-08,-6.085643768310547
BC030867,0.11481872946023941,0.07635997235774994,0.6166536808013916,0.9979940091511154,-0.03054678440093994,0.6166536808013916,0.0005829043307498423,3.9901278018951416,0.6166536808013916,1.0430603912461651e-05,4.83103609085083
Asb16,0.0,0.0,0.0,0.9979940091511154,0.11319231241941452,0.0,1.0,0.0,0.0,1.0,0.0
Tmub2,0.17626091837882996,0.1500711441040039,0.2514713406562805,0.9979940091511154,0.17375153303146362,0.2514713406562805,0.14742118314427574,2.009887933731079,0.2514713406562805,0.023901074956245952,2.671269178390503
Atxn7l3,0.2592390179634094,0.2611081898212433,-0.011771601624786854,0.6443314823076006,-0.9650290608406067,-0.011771601624786854,1.0,-0.11976812779903412,-0.011771601624786854,0.9808606847669222,-0.160907581448555
Ubtf,0.6162875890731812,0.8301461338996887,-0.6024591326713562,2.3554581471039253e-15,-8.385581970214844,-0.6024591326713562,4.914865973603782e-17,-9.127957344055176,-0.6024591326713562,3.0396678620387534e-32,-12.391780853271484
Rundc3a,0.006548587698489428,0.004807841964066029,0.4470510184764862,0.9979940091511154,-0.06429964303970337,0.4470510184764862,0.7001256355398356,0.6841393709182739,0.4470510184764862,0.548265804960302,0.8487104773521423
Slc25a39,0.20384107530117035,0.2793505787849426,-0.5112914443016052,1.7362997895230657e-06,-5.284950256347656,-0.5112914443016052,9.196673042275163e-06,-5.0046796798706055,-0.5112914443016052,8.083224189647468e-11,-6.9166579246521
Grn,0.039365045726299286,0.06560451537370682,-0.7559733390808105,0.027140212455655125,-2.704592704772949,-0.7559733390808105,0.0837974333435892,-2.2997353076934814,-0.7559733390808105,0.0016416912517069348,-3.5699825286865234
Fam171a2,0.00028188375290483236,0.0005665300996042788,-1.0072550773620605,0.9979940091511154,0.05521576479077339,-1.0072550773620605,0.837961690389951,-0.4498322010040283,-1.0072550773620605,0.6606571365875644,-0.6652129888534546
Itga2b,0.0014444480184465647,0.0006009904900565743,1.2657113075256348,0.9979940091511154,0.13803941011428833,1.2657113075256348,0.581047392352054,0.8865622282028198,1.2657113075256348,0.46147875269036936,1.0377776622772217
Gpatch8,0.35483837127685547,0.3621402978897095,-0.03496793285012245,0.7321737125339574,-0.8478291630744934,-0.03496793285012245,0.8686884161573215,-0.3964780271053314,-0.03496793285012245,0.7485122834301963,-0.5285239219665527
Ccdc43,0.13912276923656464,0.19358205795288086,-0.5169591903686523,3.2335614938269106e-06,-5.161248683929443,-0.5169591903686523,0.00022813253241885586,-4.249779224395752,-0.5169591903686523,4.888938492104549e-08,-5.867498397827148
Adam11,0.0,0.000704584177583456,-19.426923751831055,0.9979940091511154,0.027607882395386696,-19.426923751831055,0.5196272646011879,-1.0,-19.426923751831055,0.16021537352752957,-1.759765386581421
Gjc1,0.0,0.0017434078035876155,-20.734737396240234,0.9979940091511154,-0.143560990691185,-20.734737396240234,0.2414414267585294,-1.717038631439209,-20.734737396240234,0.009312039543137456,-3.021584987640381
Eftud2,0.3384455442428589,0.4325067698955536,-0.4259982109069824,5.097013588977638e-05,-4.55993127822876,-0.4259982109069824,3.814374181973074e-06,-5.193348407745361,-0.4259982109069824,1.3669163420129154e-11,-7.181354522705078
Ccdc103,0.0,0.0,0.0,0.9979940091511154,0.11319231241941452,0.0,1.0,0.0,0.0,1.0,0.0
Kif18b,0.33902472257614136,0.2274123579263687,0.6603861451148987,7.166214722704355e-06,4.996224880218506,0.6603861451148987,2.48145158873141e-10,6.909741401672363,0.6603861451148987,3.21711564034566e-17,8.88725757598877
C1ql1,0.0051268297247588634,0.0018650059355422854,1.461240530014038,0.9979940091511154,0.10651298612356186,1.461240530014038,0.2994579313417315,1.5642691850662231,1.461240530014038,0.1692823298535026,1.7273467779159546
Dcakd,0.046804092824459076,0.042577773332595825,0.13960567116737366,0.3409403534753704,-1.4462968111038208,0.13960567116737366,0.7264458945533744,0.6398146748542786,0.13960567116737366,0.5697341708322781,0.8131677508354187
Nmt1,0.5042572617530823,0.5894610285758972,-0.2922719717025757,0.000979457643529404,-3.8026740550994873,-0.2922719717025757,0.00010719888638282026,-4.437165260314941,-0.2922719717025757,3.0444787521700345e-08,-5.951667785644531
Plcd3,0.0,0.0005686125950887799,-19.11749839782715,0.9979940091511154,0.027607882395386696,-19.11749839782715,0.5196272646011879,-1.0,-19.11749839782715,0.16021537352752957,-1.759765386581421
Acbd4,0.06559935957193375,0.05758679285645485,0.1937829554080963,0.9231431443291842,-0.607195258140564,0.1937829554080963,0.5237740827827004,0.9922102689743042,0.1937829554080963,0.313838754091641,1.3258298635482788
Hexim1,0.23526643216609955,0.23292276263237,0.016200587153434753,0.5914547936568325,-1.037254810333252,0.016200587153434753,1.0,0.1411287486553192,0.016200587153434753,0.961166559788542,0.19166719913482666
Hexim2,0.018641047179698944,0.01986147090792656,-0.09237261861562729,0.543088065483297,-1.1095696687698364,-0.09237261861562729,0.9317076647460916,-0.28267717361450195,-0.09237261861562729,0.8516762026847972,-0.36858999729156494
Fmnl1,0.7097757458686829,0.7416126132011414,-0.08902152627706528,0.5047393864777313,-1.1670118570327759,-0.08902152627706528,0.3047600230086012,-1.5523743629455566,-0.08902152627706528,0.09429658874917597,-2.0668299198150635
Map3k14,0.047435056418180466,0.03635367751121521,0.39190173149108887,0.9979940091511154,-0.26895418763160706,0.39190173149108887,0.3656726802506002,1.3941802978515625,0.39190173149108887,0.133034516300072,1.8883000612258911
Arhgap27,0.07179176062345505,0.07070601731538773,0.022777946665883064,0.299593735649606,-1.5305453538894653,0.022777946665883064,1.0,0.10601254552602768,0.022777946665883064,0.9882803565350553,0.14821797609329224
Plekhm1,0.04526212066411972,0.04527638107538223,-0.00046472466783598065,0.38358636526989137,-1.3655214309692383,-0.00046472466783598065,1.0,-0.001722822431474924,-0.00046472466783598065,1.0,-0.0023730923421680927
Gosr2,0.26480674743652344,0.2969392240047455,-0.18949013948440552,0.04610274225594659,-2.4876482486724854,-0.18949013948440552,0.14828676757997236,-2.007120132446289,-0.18949013948440552,0.020974439218699913,-2.7214224338531494
Wnt3,0.0007933551096357405,0.0,19.598180770874023,0.9979940091511154,0.16822996735572815,19.598180770874023,0.36167647049845647,1.410092830657959,19.598180770874023,0.2803884929583053,1.410092830657959
Nsf,0.3074226975440979,0.3431096076965332,-0.18558143079280853,0.06546078411174591,-2.3345580101013184,-0.18558143079280853,0.14896364944865498,-2.003742218017578,-0.18558143079280853,0.020469129367988132,-2.7313852310180664
Arf2,0.08300402015447617,0.06520907580852509,0.3611031472682953,0.9673304842677167,-0.5506436228752136,0.3611031472682953,0.1932392470672518,1.85004460811615,0.3611031472682953,0.043572487792388,2.420384645462036
Mapt,0.00455451337620616,0.006936429534107447,-0.6086159944534302,0.9979940091511154,-0.4035203456878662,-0.6086159944534302,0.5739412020673765,-0.900935709476471,-0.6086159944534302,0.33787142126306674,-1.2749131917953491
Kansl1,0.5265940427780151,0.4896330237388611,0.13390007615089417,0.2321171823763013,1.6860400438308716,0.13390007615089417,0.1730259943308265,1.9170666933059692,0.13390007615089417,0.03325671623476946,2.5391645431518555
Cdc27,0.3264736831188202,0.30777060985565186,0.09931457787752151,0.9979940091511154,0.46033915877342224,0.09931457787752151,0.5035715840662018,1.1183066368103027,0.09931457787752151,0.24967857546962388,1.4880070686340332
Myl4,0.17713752388954163,0.24826647341251373,-0.5401459336280823,2.5229988844708326e-06,-5.209874629974365,-0.5401459336280823,2.6974565509833497e-05,-4.767650604248047,-0.5401459336280823,4.1769659752577035e-10,-6.661879539489746
Itgb3,0.0725954920053482,0.09405557811260223,-0.38932859897613525,0.0017227912770844962,-3.6391639709472656,-0.38932859897613525,0.07990121775538615,-2.320282459259033,-0.38932859897613525,0.006228621990778714,-3.154137372970581
Gm11639,0.0,0.0,0.0,0.9979940091511154,0.11319231241941452,0.0,1.0,0.0,0.0,1.0,0.0
Mettl2,0.05259495601058006,0.08979174494743347,-0.7988084554672241,1.3479552203308776e-05,-4.861391544342041,-0.7988084554672241,0.0010309548174130929,-3.8496744632720947,-0.7988084554672241,3.278225400775527e-07,-5.517392635345459
Tlk2,0.18696580827236176,0.19464652240276337,-0.06379871070384979,0.2499927931559678,-1.6421345472335815,-0.06379871070384979,0.7830484683442371,-0.5431905388832092,-0.06379871070384979,0.6142513946344162,-0.7387186884880066
Mrc2,0.00023252455866895616,0.0,17.827198028564453,0.9979940091511154,0.14071114361286163,17.827198028564453,0.5196272646011879,1.0,17.827198028564453,0.46147875269036936,1.0
Tanc2,0.034638356417417526,0.03071328066289425,0.17635439336299896,0.47076841371484757,-1.2183090448379517,0.17635439336299896,0.7132399173496488,0.6614046692848206,0.17635439336299896,0.545149491447261,0.8537612557411194
Cyb561,0.008739831857383251,0.011949519626796246,-0.45359450578689575,0.8004880539113368,-0.7610869407653809,-0.45359450578689575,0.5591434315286258,-0.9273387789726257,-0.45359450578689575,0.34654271545978743,-1.2571414709091187
Ace,0.0003888904466293752,0.0016869133105501533,-2.1178839206695557,0.9979940091511154,-0.0302796121686697,-2.1178839206695557,0.5196272646011879,-1.0042340755462646,-2.1178839206695557,0.20210980398562808,-1.6201362609863281
Kcnh6,0.00273607368580997,0.0018186538945883512,0.5898978114128113,0.9979940091511154,0.07872699201107025,0.5898978114128113,0.7271144596829537,0.6387394666671753,0.5898978114128113,0.5782717067953725,0.7984856963157654
Dcaf7,0.35288211703300476,0.3348243832588196,0.0895528718829155,0.9979940091511154,0.2901499271392822,0.0895528718829155,0.5196272646011879,1.0888243913650513,0.0895528718829155,0.2778751436335792,1.4196436405181885
Taco1,0.043140701949596405,0.08562271296977997,-1.0199170112609863,4.071548961504232e-06,-5.115562438964844,-1.0199170112609863,1.9987333686694355e-05,-4.843441963195801,-1.0199170112609863,2.2577153143702368e-11,-7.108103275299072
Map3k3,0.08626528084278107,0.09515327215194702,-0.1479816883802414,0.025512525908419532,-2.7296180725097656,-0.1479816883802414,0.6381700995069112,-0.7900359034538269,-0.1479816883802414,0.42916958388453386,-1.0968977212905884
Limd2,1.4515628814697266,1.3997972011566162,0.09831617772579193,0.01973961790958891,2.8290953636169434,0.09831617772579193,0.12181802955728932,2.109945058822632,0.09831617772579193,0.01591400040361682,2.8255972862243652
Strada,0.10745995491743088,0.1317739188671112,-0.312154084444046,0.003947172964829341,-3.384904384613037,-0.312154084444046,0.14118964779859763,-2.0335586071014404,-0.312154084444046,0.014928523775609487,-2.8488821983337402
Ccdc47,0.3892451524734497,0.4274998903274536,-0.16471286118030548,0.1405414598956155,-1.9665716886520386,-0.16471286118030548,0.12523298675848213,-2.0951969623565674,-0.16471286118030548,0.015766985111089902,-2.828909158706665
Ddx42,0.4938316345214844,0.5356270670890808,-0.14993365108966827,0.22512398233844205,-1.7056326866149902,-0.14993365108966827,0.11474183549301101,-2.1404945850372314,-0.14993365108966827,0.014454453178829662,-2.8612213134765625
Ftsj3,0.23312923312187195,0.36629900336265564,-0.7527443170547485,3.5666803547139686e-13,-7.743031024932861,-0.7527443170547485,1.2532854471762522e-12,-7.769050598144531,-0.7527443170547485,3.7468163049883625e-25,-10.860661506652832
Psmc5,0.7061137557029724,0.8985743522644043,-0.5049343705177307,2.082303392855462e-14,-8.113778114318848,-0.5049343705177307,8.771282787357869e-17,-9.060139656066895,-0.5049343705177307,2.7260070095516514e-32,-12.399072647094727
Smarcd2,0.45512276887893677,0.4699316620826721,-0.0576980784535408,0.9979940091511154,-0.4980105459690094,-0.0576980784535408,0.6219913529572877,-0.8187467455863953,-0.0576980784535408,0.42528841554861996,-1.1037191152572632
Tcam1,0.0,0.0,0.0,0.9979940091511154,0.11319231241941452,0.0,1.0,0.0,0.0,1.0,0.0
Cd79b,0.12307693064212799,0.15607093274593353,-0.36699509620666504,0.007533946848625579,-3.172234535217285,-0.36699509620666504,0.16904187051989847,-1.9318503141403198,-0.36699509620666504,0.01651711734769423,-2.810912609100342
Scn4a,0.0,0.0,0.0,0.9979940091511154,0.11319231241941452,0.0,1.0,0.0,0.0,1.0,0.0
Icam2,0.3087835907936096,0.25822970271110535,0.2961288392543793,0.07669019966754911,2.2638463973999023,0.2961288392543793,0.013835475458999186,3.030831813812256,0.2961288392543793,0.0002725441935247383,4.056357383728027
Ern1,0.06379333138465881,0.05906601622700691,0.114522285759449,0.1609618983031194,-1.8939006328582764,0.114522285759449,0.7616029820824795,0.5805279612541199,0.114522285759449,0.6159267185603514,0.7358741760253906
Tex2,0.043894778937101364,0.05383319407701492,-0.30167412757873535,0.03820403794917961,-2.5652174949645996,-0.30167412757873535,0.44732080468623747,-1.2243813276290894,-0.30167412757873535,0.1764364085434718,-1.7010401487350464
Pecam1,0.1653089076280594,0.13269202411174774,0.3411949574947357,0.9979940091511154,0.4843847453594208,0.3411949574947357,0.13728576317792895,2.0483648777008057,0.3411949574947357,0.015443402071360201,2.8364274501800537
Milr1,0.08946814388036728,0.09766389429569244,-0.1324552595615387,0.014565928567619306,-2.9421095848083496,-0.1324552595615387,0.6384911633067593,-0.7892783284187317,-0.1324552595615387,0.44361357359267317,-1.0706126689910889
Polg2,0.143669992685318,0.14231102168560028,0.014714722521603107,0.11842631985108099,-2.0534920692443848,0.014714722521603107,1.0,0.1125703752040863,0.014714722521603107,0.9884292619666413,0.14796489477157593
Ddx5,2.2608346939086914,2.2259116172790527,0.05636419728398323,0.00981345257428837,3.083355188369751,0.05636419728398323,0.18878019070804317,1.8651021718978882,0.05636419728398323,0.027458324456470302,2.615885019302368
Cep95,0.07762189209461212,0.0698351189494133,0.15819677710533142,0.28673903579985305,-1.5569064617156982,0.15819677710533142,0.5949072741462614,0.8630927801132202,0.15819677710533142,0.41738293473136184,1.1185438632965088
Smurf2,0.09351194649934769,0.07455208152532578,0.34077054262161255,0.9979940091511154,-0.10241633653640747,0.34077054262161255,0.23492267141253556,1.7347608804702759,0.34077054262161255,0.04913008581829256,2.368358850479126
Kpna2,0.4069404900074005,0.34547552466392517,0.28334543108940125,0.04272159764026721,2.519441843032837,0.28334543108940125,0.014181527949097283,3.0218873023986816,0.28334543108940125,0.0002012588931322608,4.133550643920898
1810010H24Rik,0.005305527243763208,0.0016797881107777357,1.6618331670761108,0.9979940091511154,0.18987098336219788,1.6618331670761108,0.18248178823616104,1.883115530014038,1.6618331670761108,0.0939921536702659,2.069460868835449
Bptf,0.8526520133018494,0.7984739542007446,0.13911032676696777,0.025471389753366172,2.730241298675537,0.13911032676696777,0.07873674586245331,2.3278300762176514,0.13911032676696777,0.0061423091941567864,3.1587023735046387
Nol11,0.25571706891059875,0.3594003915786743,-0.5696629285812378,1.32878941289776e-07,-5.773698806762695,-0.5696629285812378,4.476715145690291e-08,-6.05595588684082,-0.5696629285812378,1.1877222163504765e-15,-8.434703826904297
Pitpnc1,0.5352368950843811,0.4669589102268219,0.2502303421497345,0.012719562748134437,2.991358518600464,0.2502303421497345,0.013039407911076084,3.0507168769836426,0.2502303421497345,0.00019287626461030622,4.144696235656738
Psmd12,0.7484975457191467,0.8868483901023865,-0.3579395115375519,1.3123073153841574e-08,-6.1799798011779785,-0.3579395115375519,7.184206666110204e-10,-6.754147529602051,-0.3579395115375519,6.460499995428397e-18,-9.070226669311523
Helz,0.30207160115242004,0.2894507646560669,0.07112463563680649,0.9979940091511154,0.3086739182472229,0.07112463563680649,0.6642370424577833,0.746021032333374,0.07112463563680649,0.46147875269036936,1.006913185119629
Cacng4,0.0,0.0,0.0,0.9979940091511154,0.11319231241941452,0.0,1.0,0.0,0.0,1.0,0.0
Prkca,0.3909911513328552,0.2949396073818207,0.47995564341545105,0.00035732619971104413,4.077239036560059,0.47995564341545105,1.1116266090261052e-05,4.9563422203063965,0.47995564341545105,4.946491760599197e-10,6.637877941131592
Apoh,0.0,0.0,0.0,0.9979940091511154,0.11319231241941452,0.0,1.0,0.0,0.0,1.0,0.0
Cep112,0.0024019668344408274,0.001329901278950274,0.8536700010299683,0.9979940091511154,0.05281120538711548,0.8536700010299683,0.7025574938487585,0.679710865020752,0.8536700010299683,0.5899325003480895,0.7797669172286987
Axin2,0.031172771006822586,0.035010140389204025,-0.1702698916196823,0.2569720820529666,-1.6254807710647583,-0.1702698916196823,0.7786653348510297,-0.549406886100769,-0.1702698916196823,0.5989708352223662,-0.7647198438644409
Rgs9,0.0024587749503552914,0.0027662639040499926,-0.17022070288658142,0.9979940091511154,-0.062073204666376114,-0.17022070288658142,0.988002115744917,-0.17720159888267517,-0.17022070288658142,0.9342982276334678,-0.2377927452325821
Gna13,0.5175468325614929,0.5450942516326904,-0.09643882513046265,0.8452196237059627,-0.7050696611404419,-0.09643882513046265,0.39563623812859056,-1.3277515172958374,-0.09643882513046265,0.15433340804330414,-1.8081932067871094
9930022D16Rik,0.02190697006881237,0.023418404161930084,-0.09734730422496796,0.5615381739723243,-1.0809820890426636,-0.09734730422496796,0.918686886509518,-0.306362509727478,-0.09734730422496796,0.8275350537959544,-0.4068238437175751
Amz2,0.10357458144426346,0.10471644252538681,-0.016655972227454185,0.04549309071700836,-2.4931697845458984,-0.016655972227454185,1.0,-0.10763956606388092,-0.016655972227454185,0.9916569058421385,-0.14266936480998993
Slc16a6,0.17214709520339966,0.1785375475883484,-0.05733007192611694,0.05111538962445164,-2.444188117980957,-0.05733007192611694,0.8564954715007056,-0.41719770431518555,-0.05733007192611694,0.7252844822236514,-0.5648985505104065
Arsg,0.0024431946221739054,0.001985779497772455,0.29939332604408264,0.9979940091511154,0.07854887843132019,0.29939332604408264,0.9128096256784288,0.31763389706611633,0.29939332604408264,0.8184504875954789,0.4208548665046692
Wipi1,0.0021048488561064005,0.007384903263300657,-1.814673662185669,0.7705691768307601,-0.799470841884613,-1.814673662185669,0.10602353652144306,-2.1834089756011963,-1.814673662185669,0.006233806146143201,-3.1536576747894287
Prkar1a,1.4906913042068481,1.520060658454895,-0.05445787310600281,0.706155514800141,-0.8835412859916687,-0.05445787310600281,0.36179032358873764,-1.409142255783081,-0.05445787310600281,0.1280556305690642,-1.9092350006103516
Fam20a,0.02164914272725582,0.03181884065270424,-0.5629399418830872,0.13476598625557815,-1.9876784086227417,-0.5629399418830872,0.18361785845002923,-1.881173849105835,-0.5629399418830872,0.02622892431436241,-2.634363889694214
1700012B07Rik,0.0027439140249043703,0.0022963478695601225,0.25721701979637146,0.9979940091511154,-0.08977014571428299,0.25721701979637146,0.9482213062275953,0.25412026047706604,0.25721701979637146,0.8942402419838674,0.30120229721069336
Abca5,0.0015513109974563122,0.0031580489594489336,-1.0267046689987183,0.9979940091511154,-0.033485688269138336,-1.0267046689987183,0.6399197684689999,-0.7867953181266785,-1.0267046689987183,0.3681057656267868,-1.2113431692123413
Map2k6,0.016656560823321342,0.024263689294457436,-0.5482145547866821,0.22804316892364235,-1.697617530822754,-0.5482145547866821,0.29435563907515466,-1.5788313150405884,-0.5482145547866821,0.06872865676303752,-2.218499183654785
Kcnj16,0.0,0.003578690579161048,-21.773582458496094,0.9979940091511154,0.027607882395386696,-21.773582458496094,0.5196272646011879,-1.0,-21.773582458496094,0.16021537352752957,-1.759765386581421
Kcnj2,0.0,0.0,0.0,0.9979940091511154,0.11319231241941452,0.0,1.0,0.0,0.0,1.0,0.0
Sox9,0.0,0.0,0.0,0.9979940091511154,0.11319231241941452,0.0,1.0,0.0,0.0,1.0,0.0
Slc39a11,0.02800062485039234,0.047470517456531525,-0.7757055759429932,0.05131807019432498,-2.442584991455078,-0.7757055759429932,0.06226328103965423,-2.4401113986968994,-0.7757055759429932,0.0009164802300884856,-3.73394775390625
Cog1,0.09996668994426727,0.11670184880495071,-0.23559807240962982,0.006281353585630411,-3.2340407371520996,-0.23559807240962982,0.30847429389677156,-1.5436639785766602,-0.23559807240962982,0.08873578330597799,-2.097001791000366
Fam104a,0.6181973814964294,0.630074679851532,-0.0369083397090435,0.9984208920935209,0.0086385952308774,-0.0369083397090435,0.7422480630232008,-0.6133633852005005,-0.0369083397090435,0.5701586492162323,-0.8124050498008728
D11Wsu47e,0.023550068959593773,0.0241410955786705,-0.03618772700428963,0.6172627045804076,-1.0017207860946655,-0.03618772700428963,1.0,-0.1192062497138977,-0.03618772700428963,0.9826524921444467,-0.15776801109313965
Cdc42ep4,0.0042880382388830185,0.004986340180039406,-0.21816763281822205,0.9979940091511154,0.13251782953739166,-0.21816763281822205,0.9893954048269488,-0.17436079680919647,-0.21816763281822205,0.9124334330939433,-0.2720400393009186
Sdk2,0.0,0.000613298499956727,-19.226675033569336,0.9979940091511154,0.027607882395386696,-19.226675033569336,0.5196272646011879,-1.0,-19.226675033569336,0.16021537352752957,-1.759765386581421
Rpl38,2.571293592453003,2.695873260498047,-0.19364862143993378,5.891438525447843e-10,-6.685738563537598,-0.19364862143993378,8.020400385373778e-14,-8.15346622467041,-0.19364862143993378,6.51682856787138e-27,-11.25765323638916
Ttyh2,0.004087619949132204,0.001157828839495778,1.82195246219635,0.9979940091511154,0.21899284422397614,1.82195246219635,0.18700878093841278,1.8685529232025146,1.82195246219635,0.09237278057387625,2.0781376361846924
Kif19a,0.008351964876055717,0.0033866085577756166,1.3058593273162842,0.9979940091511154,0.18826794624328613,1.3058593273162842,0.1697203436887256,1.9267460107803345,1.3058593273162842,0.06968902765401569,2.212847948074341
Btbd17,0.00039976509287953377,0.0,18.609085083007812,0.9979940091511154,0.14071114361286163,18.609085083007812,0.5196272646011879,1.0,18.609085083007812,0.46147875269036936,1.0
Gprc5c,0.0,0.0,0.0,0.9979940091511154,0.11319231241941452,0.0,1.0,0.0,0.0,1.0,0.0
Cd300a,0.0008896786021068692,0.01822156086564064,-4.368739128112793,0.9979940091511154,-0.4037875235080719,-4.368739128112793,0.21274044161276173,-1.7985584735870361,-4.368739128112793,0.006288025583557602,-3.155125141143799
Cd300lb,0.0,0.0014348039403557777,-20.453458786010742,0.9979940091511154,0.027607882395386696,-20.453458786010742,0.5196272646011879,-1.0,-20.453458786010742,0.16021537352752957,-1.759765386581421
Cd300ld,0.0,0.0006188570987433195,-19.239694595336914,0.9979940091511154,0.027607882395386696,-19.239694595336914,0.5196272646011879,-1.0,-19.239694595336914,0.16021537352752957,-1.759765386581421
Cd300c2,0.0010555704357102513,0.00979869719594717,-3.2208783626556396,0.9979940091511154,-0.17410777509212494,-3.2208783626556396,0.33330805404549874,-1.4884852170944214,-3.2208783626556396,0.03052371482204473,-2.5756688117980957
Cd300e,0.0,0.0,0.0,0.9979940091511154,0.11319231241941452,0.0,1.0,0.0,0.0,1.0,0.0
Rab37,0.10019852966070175,0.10184403508901596,-0.024707110598683357,0.15537889244029593,-1.9137605428695679,-0.024707110598683357,1.0,-0.12486018240451813,-0.024707110598683357,0.9714619575726164,-0.1751055270433426
Cd300lf,0.0,0.011359995231032372,-23.445661544799805,0.9979940091511154,-0.31472983956336975,-23.445661544799805,0.12026333426673616,-2.121551752090454,-23.445661544799805,0.0009387881590234669,-3.733433485031128
Slc9a3r1,0.9062517881393433,0.878471314907074,0.06789769977331161,0.4728561967817008,1.2152811288833618,0.06789769977331161,0.4307165508386338,1.2549481391906738,0.06789769977331161,0.17107898526837007,1.7193176746368408
Nat9,0.06689130514860153,0.09542963653802872,-0.5334831476211548,0.001602363823874898,-3.6607160568237305,-0.5334831476211548,0.026781912654803324,-2.788139581680298,-0.5334831476211548,0.0003387653600183351,-3.999377965927124
Tmem104,0.03815530613064766,0.0359480120241642,0.0875735953450203,0.4858171724058207,-1.1961337327957153,0.0875735953450203,0.8886992662052333,0.3610547184944153,0.0875735953450203,0.7873774625600267,0.469134122133255
Fdxr,0.22069521248340607,0.22583915293216705,-0.037088945508003235,0.324332071090876,-1.4795153141021729,-0.037088945508003235,0.8899592125481217,-0.3589482009410858,-0.037088945508003235,0.7800795060442453,-0.4806622266769409
Fads6,0.0006881358567625284,0.0031917807646095753,-2.2154011726379395,0.9979940091511154,0.08246741443872452,-2.2154011726379395,0.6469470178341614,-0.7754533886909485,-2.2154011726379395,0.3105549516619176,-1.3332678079605103
Otop3,0.0,0.0005821105442009866,-19.151355743408203,0.9979940091511154,0.027607882395386696,-19.151355743408203,0.5196272646011879,-1.0,-19.151355743408203,0.16021537352752957,-1.759765386581421
Hid1,0.07605123519897461,0.06645616143941879,0.20157219469547272,0.9692224668929778,-0.5485953092575073,0.20157219469547272,0.6254776274999007,0.8127425909042358,0.20157219469547272,0.40513562555062727,1.141161322593689
Cdr2l,0.001001959084533155,0.0012846252648159862,-0.3587276041507721,0.9979940091511154,0.025114266201853752,-0.3587276041507721,0.9436615323385598,-0.2610090970993042,-0.3587276041507721,0.8566296051806833,-0.3605823218822479
Mrpl58,0.9516984224319458,0.8750017881393433,0.18485014140605927,0.00031737129544248015,4.108765125274658,0.18485014140605927,0.0029240332488262234,3.5445122718811035,0.18485014140605927,1.4091138110107502e-05,4.760330677032471
Atp5h,2.299022912979126,2.150402069091797,0.24043524265289307,2.855229350749251e-14,8.071831703186035,0.24043524265289307,9.984602720023132e-16,8.719362258911133,0.24043524265289307,8.77861498071568e-29,11.672316551208496
Kctd2,0.17384304106235504,0.14478199183940887,0.28542256355285645,0.9979940091511154,0.31027695536613464,0.28542256355285645,0.147315682860624,2.0112593173980713,0.28542256355285645,0.020499614799415665,2.730762243270874
Slc16a5,0.0,0.0,0.0,0.9979940091511154,0.11319231241941452,0.0,1.0,0.0,0.0,1.0,0.0
Armc7,0.1867310255765915,0.21142150461673737,-0.19756150245666504,0.014660501736853975,-2.9396159648895264,-0.19756150245666504,0.34750321753138697,-1.4539003372192383,-0.19756150245666504,0.09998686045177266,-2.0374457836151123
Nt5c,1.0269198417663574,1.129343032836914,-0.22406798601150513,0.015969293594130095,-2.9083566665649414,-0.22406798601150513,7.555813781880458e-06,-5.032621383666992,-0.22406798601150513,2.1339880315902126e-09,-6.406944751739502
Jpt1,2.10605788230896,1.798063039779663,0.5183231234550476,1.4081677536619277e-34,12.697399139404297,0.5183231234550476,2.600780341467444e-29,12.468354225158691,0.5183231234550476,3.9020372907825096e-63,17.750625610351562
Sumo2,2.3649039268493652,2.2916929721832275,0.11703004688024521,3.1415187442152637e-05,4.6708083152771,0.11703004688024521,6.261395252584273e-05,4.572709560394287,0.11703004688024521,3.0252449341839784e-09,6.34431266784668
Nup85,0.2286190688610077,0.2337043583393097,-0.03554842993617058,0.3235457706671961,-1.4810292720794678,-0.03554842993617058,0.8994882441615036,-0.34290748834609985,-0.03554842993617058,0.7948820792391443,-0.45793139934539795
Gga3,0.049632053822278976,0.045124322175979614,0.1406441181898117,0.28631995619291056,-1.5579750537872314,0.1406441181898117,0.7376070692258222,0.6214523911476135,0.1406441181898117,0.5823913235275341,0.7918243408203125
Mrps7,0.43063196539878845,0.6057767868041992,-0.6295329928398132,3.951377001511693e-14,-8.02863883972168,-0.6295329928398132,3.270764027459514e-16,-8.89793872833252,-0.6295329928398132,1.3096020197949165e-31,-12.25821304321289
Mif4gd,0.5496969223022461,0.5803316235542297,-0.10240934044122696,0.5124562703548342,-1.1554343700408936,-0.10240934044122696,0.3201550220933702,-1.515088677406311,-0.10240934044122696,0.10310955576643165,-2.021587371826172
Slc25a19,0.14093154668807983,0.1527523696422577,-0.12493574619293213,0.03040589654082647,-2.6599748134613037,-0.12493574619293213,0.5406539991730185,-0.9619646072387695,-0.12493574619293213,0.3266124972927768,-1.2992058992385864
Grb2,0.9175330996513367,1.0060828924179077,-0.20687690377235413,0.003697843714637495,-3.4059219360351562,-0.20687690377235413,9.053279263583951e-05,-4.4749016761779785,-0.20687690377235413,5.7830052240304265e-08,-5.839933395385742
Tmem94,0.05309666693210602,0.046676378697156906,0.19059844315052032,0.8961794779515528,-0.642194926738739,0.19059844315052032,0.6091169788197617,0.8385454416275024,0.19059844315052032,0.41056229709637354,1.1311510801315308
Caskin2,0.012409310787916183,0.008603956550359726,0.5311004519462585,0.9979940091511154,-0.16698315739631653,0.5311004519462585,0.4676976377118722,1.1847724914550781,0.5311004519462585,0.256733000837967,1.470906138420105
Tsen54,0.09151026606559753,0.10972099006175995,-0.27519068121910095,0.0014404191269666933,-3.6920642852783203,-0.27519068121910095,0.1900668255717163,-1.859876275062561,-0.27519068121910095,0.036909954502611905,-2.495706796646118
Llgl2,0.02927808277308941,0.0366302914917469,-0.3285488188266754,0.1610946762709313,-1.8934553861618042,-0.3285488188266754,0.48666132630582337,-1.1498796939849854,-0.3285488188266754,0.20910805814007788,-1.5994921922683716
Myo15b,0.0006338757812045515,0.0011962587013840675,-0.9166619181632996,0.9984208920935209,-0.0025826727505773306,-0.9166619181632996,0.7639271467889562,-0.576670229434967,-0.9166619181632996,0.5513399022386398,-0.8436617255210876
Recql5,0.04130670055747032,0.043352581560611725,-0.07122828811407089,0.2803717121163962,-1.5713337659835815,-0.07122828811407089,0.9183341665024357,-0.307413250207901,-0.07122828811407089,0.8255872744812043,-0.41010281443595886
Smim5,0.0,0.0,0.0,0.9979940091511154,0.11319231241941452,0.0,1.0,0.0,0.0,1.0,0.0
Sap30bp,0.22403211891651154,0.24583947658538818,-0.15035700798034668,0.0421618905412549,-2.524874448776245,-0.15035700798034668,0.34647951254125353,-1.4563188552856445,-0.15035700798034668,0.11931833346942207,-1.9455056190490723
Itgb4,0.0014916129875928164,0.003675240557640791,-1.30254065990448,0.9979940091511154,-0.2881016135215759,-1.30254065990448,0.40822162624740943,-1.3017139434814453,-1.30254065990448,0.12819364799195387,-1.908555269241333
Galk1,0.17687776684761047,0.3517838418483734,-1.123655915260315,1.9972508760227865e-23,-10.414939880371094,-1.123655915260315,5.927873488128663e-22,-10.597848892211914,-1.123655915260315,1.1484944271570317e-47,-15.24804973602295
H3f3b,3.2948052883148193,3.2017579078674316,0.1396658569574356,4.671212076298139e-07,5.539209842681885,0.1396658569574356,9.324792654372373e-07,5.476987361907959,0.1396658569574356,1.4653270085415761e-12,7.499001979827881
Unk,0.058122389018535614,0.06360594928264618,-0.13406354188919067,0.08125753894708695,-2.2365946769714355,-0.13406354188919067,0.751790176733077,-0.597288966178894,-0.13406354188919067,0.562972867068657,-0.8246564865112305
Unc13d,0.37146902084350586,0.427411288022995,-0.2454160749912262,0.012697624371191808,-2.9919819831848145,-0.2454160749912262,0.008993858743347702,-3.180094003677368,-0.2454160749912262,0.00013958909256906919,-4.225468158721924
Wbp2,0.4863051176071167,0.43055006861686707,0.21896156668663025,0.026808096726211733,2.709134578704834,0.21896156668663025,0.01839676495186811,2.9251229763031006,0.21896156668663025,0.0005501225214839708,3.872987985610962
Trim47,0.008773233741521835,0.018728084862232208,-1.1012201309204102,0.3325587179616452,-1.463752031326294,-1.1012201309204102,0.06188446555000648,-2.441819190979004,-1.1012201309204102,0.0015671846610651836,-3.582902669906616
Trim65,0.040293727070093155,0.02947711944580078,0.45880740880966187,0.9979940091511154,-0.37858420610427856,0.45880740880966187,0.20890586294522914,1.8064918518066406,0.45880740880966187,0.0588007144812486,2.288447856903076
Mrpl38,0.18388152122497559,0.2884444296360016,-0.7279090881347656,1.0607074836710026e-10,-6.9463210105896,-0.7279090881347656,3.2776971439124963e-10,-6.908170223236084,-0.7279090881347656,1.315200869824085e-20,-9.770944595336914
Fbf1,0.008167330175638199,0.011029896326363087,-0.4355509579181671,0.9959091166868228,-0.5132394433021545,-0.4355509579181671,0.7308587501858224,-0.632921040058136,-0.4355509579181671,0.4886077531231112,-0.9507541060447693
Acox1,0.044482771307229996,0.04203301668167114,0.08350376039743423,0.31367068835493794,-1.5016906261444092,0.08350376039743423,0.8905388232717236,0.358163058757782,0.08350376039743423,0.7899184200033548,0.4650116562843323
Ten1,0.46044617891311646,0.5217974185943604,-0.2283206731081009,0.01906517058325429,-2.8428993225097656,-0.2283206731081009,0.004121411134386031,-3.4363787174224854,-0.2283206731081009,3.70340178880358e-05,-4.542091369628906
Evpl,0.003807816654443741,0.005581861827522516,-0.5530629754066467,0.9979940091511154,-0.2910405099391937,-0.5530629754066467,0.633494714394281,-0.7981040477752686,-0.5530629754066467,0.4020490017962399,-1.1474316120147705
Srp68,0.2824036478996277,0.35421472787857056,-0.38140949606895447,0.00037203559286344014,-4.0658392906188965,-0.38140949606895447,0.0001542665984792059,-4.3479413986206055,-0.38140949606895447,3.197565755484815e-08,-5.942176818847656
Galr2,0.0,0.0,0.0,0.9979940091511154,0.11319231241941452,0.0,1.0,0.0,0.0,1.0,0.0
Exoc7,0.1798458993434906,0.14023303985595703,0.38827162981033325,0.9979940091511154,0.45740026235580444,0.38827162981033325,0.011668814716967948,3.0879061222076416,0.38827162981033325,0.0003628394260699444,3.982196807861328
Foxj1,0.0013178985100239515,0.0007680165581405163,0.7794259786605835,0.9979940091511154,0.13803941011428833,0.7794259786605835,0.783928542642933,0.5410722494125366,0.7794259786605835,0.6444301263159872,0.6908959746360779
Rnf157,0.17314186692237854,0.12539400160312653,0.5007857084274292,0.9714892571601285,0.5457454919815063,0.5007857084274292,0.001030132952193295,3.8389766216278076,0.5007857084274292,9.758645470562504e-06,4.8435282707214355
Ubald2,1.2427794933319092,0.9881150722503662,0.5479761958122253,1.842848395018312e-21,9.95923137664795,0.5479761958122253,1.3867891758113687e-22,10.690718650817871,0.5479761958122253,1.9379530845421133e-44,14.696822166442871
Qrich2,0.0003505395434331149,0.0,18.419475555419922,0.9979940091511154,0.14071114361286163,18.419475555419922,0.5196272646011879,1.0,18.419475555419922,0.46147875269036936,1.0
Prpsap1,0.3167699873447418,0.33819910883903503,-0.11073733121156693,0.27560357828166565,-1.5825550556182861,-0.11073733121156693,0.41605534890966583,-1.2837889194488525,-0.11073733121156693,0.17046303309455926,-1.721819281578064
Sphk1,0.0002662390470504761,0.0005730688571929932,-1.1062047481536865,0.9979940091511154,0.05521576479077339,-1.1062047481536865,0.8173911569693129,-0.4855709671974182,-1.1062047481536865,0.6199337530696096,-0.7294487953186035
Ube2o,0.05659615993499756,0.08667057752609253,-0.636790931224823,0.000500535568019327,-3.986043691635132,-0.636790931224823,0.008147718491341084,-3.216762065887451,-0.636790931224823,2.9712288665024904e-05,-4.591044902801514
Aanat,0.0004153777554165572,0.0,18.66436767578125,0.9979940091511154,0.14071114361286163,18.66436767578125,0.5196272646011879,1.0,18.66436767578125,0.46147875269036936,1.0
Rhbdf2,0.07771631330251694,0.10322292894124985,-0.4281507432460785,0.0031264328867381826,-3.458554983139038,-0.4281507432460785,0.06676711016650576,-2.4062936305999756,-0.4281507432460785,0.003025746541116149,-3.3859500885009766
Prcd,0.0005287704989314079,0.0,19.012666702270508,0.9979940091511154,0.14071114361286163,19.012666702270508,0.5196272646011879,1.0,19.012666702270508,0.46147875269036936,1.0
St6galnac2,0.002730071544647217,0.0023414604365825653,0.2218105047941208,0.9979940091511154,-0.034020036458969116,0.2218105047941208,0.953474406143132,0.24331063032150269,0.2218105047941208,0.8918300307118127,0.3044137954711914
Mxra7,0.0025429234374314547,0.0034068746026605368,-0.4225844144821167,0.9979940091511154,-0.03580118715763092,-0.4225844144821167,0.8560107964384934,-0.41824856400489807,-0.4225844144821167,0.7029444811139416,-0.5993407964706421
Jmjd6,0.24833396077156067,0.3181303143501282,-0.41005709767341614,2.217378240575515e-05,-4.750514984130859,-0.41005709767341614,0.000261493560705664,-4.212157249450684,-0.41005709767341614,8.73623063132533e-08,-5.763277053833008
Mettl23,0.9268098473548889,0.8325663805007935,0.23253096640110016,1.0448861941482583e-05,4.915182590484619,0.23253096640110016,5.1781267740135114e-05,4.611619472503662,0.23253096640110016,1.290352125760455e-08,6.102571487426758
Srsf2,1.6650168895721436,1.6701847314834595,-0.009189631789922714,0.5537264203199895,-1.0920252799987793,-0.009189631789922714,0.9760652812486657,-0.1996098756790161,-0.009189631789922714,0.9025305449222063,-0.2871168553829193
Mfsd11,0.04239051416516304,0.058066319674253464,-0.46536245942115784,0.0018572795150622447,-3.6169886589050293,-0.46536245942115784,0.11089945952752157,-2.1585371494293213,-0.46536245942115784,0.013821241596131247,-2.87807297706604
Sec14l1,0.108229860663414,0.12929190695285797,-0.2720271646976471,0.005142296328695675,-3.2997653484344482,-0.2720271646976471,0.2061660332348062,-1.8148558139801025,-0.2720271646976471,0.03647656055588584,-2.5004985332489014
Sept9,0.6444740891456604,0.7060531377792358,-0.1810358464717865,0.05992743632137459,-2.3751683235168457,-0.1810358464717865,0.017554113435342994,-2.9433531761169434,-0.1810358464717865,0.0004600563173592086,-3.919358253479004
Tnrc6c,0.43520885705947876,0.3889024555683136,0.19799013435840607,0.15838516929858837,1.9028064012527466,0.19799013435840607,0.08425951168862814,2.2938930988311768,0.19799013435840607,0.007782318536278703,3.0801589488983154
Tmc6,0.2377539724111557,0.2544522285461426,-0.11046406626701355,0.10971285739145008,-2.091252565383911,-0.11046406626701355,0.5196272646011879,-1.0418355464935303,-0.11046406626701355,0.27977087692999414,-1.4128968715667725
Tmc8,0.11253874003887177,0.10235793888568878,0.14427419006824493,0.5808711652953251,-1.0525727272033691,0.14427419006824493,0.5808414086282411,0.8877526521682739,0.14427419006824493,0.3736130298606162,1.2004492282867432
Gm20708,0.0007150981691665947,0.0011701321927830577,-0.7107859253883362,0.9984208920935209,-0.0025826727505773306,-0.7107859253883362,0.8306968112382088,-0.4618709683418274,-0.7107859253883362,0.6701758077911353,-0.6492599248886108
Syngr2,0.3865174949169159,0.4141826927661896,-0.12101773172616959,0.38551501270642746,-1.3614248037338257,-0.12101773172616959,0.3373737210125391,-1.476926326751709,-0.12101773172616959,0.10670862279641986,-2.003427028656006
Tk1,0.7357229590415955,0.6891587972640991,0.13187023997306824,0.19935120414904806,1.7754539251327515,0.13187023997306824,0.17737893238681443,1.902066946029663,0.13187023997306824,0.03476910792040814,2.5210585594177246
Afmid,0.025465702638030052,0.02014348655939102,0.34209588170051575,0.9979940091511154,-0.4994354844093323,0.34209588170051575,0.5076589895927917,1.1107542514801025,0.34209588170051575,0.28032024601293903,1.410059928894043
Birc5,2.3649697303771973,1.9041088819503784,0.755233645439148,3.3650137238074806e-45,14.576872825622559,0.755233645439148,9.323768549671168e-26,11.938508033752441,0.755233645439148,5.041967059848651e-74,19.76540184020996
Tmem235,0.0,0.0,0.0,0.9979940091511154,0.11319231241941452,0.0,1.0,0.0,0.0,1.0,0.0
Tha1,0.01676630973815918,0.01858222484588623,-0.14967189729213715,0.6290320535617716,-0.9846217632293701,-0.14967189729213715,0.8748196926661405,-0.3853152394294739,-0.14967189729213715,0.7525600260033454,-0.522173285484314
Socs3,0.24828195571899414,0.23273563385009766,0.10495065897703171,0.9278224956051409,-0.5988238453865051,0.10495065897703171,0.5906399534909438,0.87127286195755,0.10495065897703171,0.38210034190424563,1.184150218963623
Pgs1,0.18868078291416168,0.20187819004058838,-0.10736710578203201,0.06338527657065346,-2.349519729614258,-0.10736710578203201,0.5355956615820774,-0.9702712297439575,-0.10736710578203201,0.33174219365360536,-1.2879513502120972
Dnah17,0.00150198838673532,0.003625298384577036,-1.272757887840271,0.9979940091511154,-0.0605592243373394,-1.272757887840271,0.6430997255460971,-0.7814262509346008,-1.272757887840271,0.3734686791054068,-1.2008283138275146
Cyth1,0.22916993498802185,0.21858486533164978,0.07614444941282272,0.9979940091511154,-0.49605128169059753,0.07614444941282272,0.7082851319052721,0.670285701751709,0.07614444941282272,0.5128519520991777,0.9087768197059631
Usp36,0.11043842881917953,0.15357430279254913,-0.5074948072433472,0.00012312313467344567,-4.348597526550293,-0.5074948072433472,0.0062082464700199385,-3.3081421852111816,-0.5074948072433472,1.5429794246363195e-05,-4.739160537719727
Timp2,0.06410028785467148,0.05911655351519585,0.12040062248706818,0.4071647063038979,-1.3237533569335938,0.12040062248706818,0.82004052817376,0.4800778925418854,0.12040062248706818,0.6718004870776427,0.646873414516449
Cep295nl,0.000874964171089232,0.0,19.739498138427734,0.9979940091511154,0.16822996735572815,19.739498138427734,0.3756282431052501,1.3695553541183472,19.739498138427734,0.29478361017298144,1.3695553541183472
Lgals3bp,0.4902290105819702,0.447988897562027,0.16283608973026276,0.43214259671445443,1.2813619375228882,0.16283608973026276,0.13557213531229106,2.053618907928467,0.16283608973026276,0.02251202169739285,2.6939990520477295
Cant1,0.1560640037059784,0.13451075553894043,0.2303401231765747,0.7491271055456508,-0.8270787000656128,0.2303401231765747,0.19187105202212323,1.8539135456085205,0.2303401231765747,0.04904580850653601,2.3695316314697266
Engase,0.02095533162355423,0.02737811580300331,-0.39035743474960327,0.3656372338290227,-1.399986743927002,-0.39035743474960327,0.4998501726665541,-1.1254750490188599,-0.39035743474960327,0.21975960197469843,-1.5697457790374756
Cbx2,0.006995805539190769,0.011571505106985569,-0.7293200492858887,0.7521524479244253,-0.8227148652076721,-0.7293200492858887,0.37052519637636594,-1.3810769319534302,-0.7293200492858887,0.11961819078805484,-1.9440784454345703
Cbx8,0.05344713106751442,0.043305668979883194,0.3109312057495117,0.5903831867200063,-1.038590669631958,0.3109312057495117,0.34273185380820426,1.4649572372436523,0.3109312057495117,0.14575818380563338,1.8397306203842163
Cbx4,0.34339210391044617,0.36499884724617004,-0.10453905165195465,0.35842924491540845,-1.4125438928604126,-0.10453905165195465,0.49854369632973516,-1.1279244422912598,-0.10453905165195465,0.2269629398402109,-1.5498770475387573
Tbc1d16,0.0010611218167468905,0.0023342198692262173,-1.1382681131362915,0.9979940091511154,-0.14552025496959686,-1.1382681131362915,0.5446929131415001,-0.9550663828849792,-1.1382681131362915,0.29104524508604657,-1.3777841329574585
Ccdc40,0.005370527971535921,0.011409902945160866,-1.0915132761001587,0.6054598757341879,-1.0172168016433716,-1.0915132761001587,0.12838429098953758,-2.08203125,-1.0915132761001587,0.008953490688591245,-3.031306505203247
Gaa,0.018821218982338905,0.04194660112261772,-1.172959804534912,0.0018883501861399969,-3.611912488937378,-1.172959804534912,0.0002662766626322041,-4.2147345542907715,-1.172959804534912,1.1522285249570527e-08,-6.120027542114258
Eif4a3,0.8066917061805725,0.8621214032173157,-0.141354501247406,0.0587139946170176,-2.3851428031921387,-0.141354501247406,0.054048460992921175,-2.499866008758545,-0.141354501247406,0.0032041265393998124,-3.36887788772583
Sgsh,0.026340104639530182,0.028999296948313713,-0.14068399369716644,0.4582459709552945,-1.2379908561706543,-0.14068399369716644,0.8422628392521185,-0.4420792758464813,-0.14068399369716644,0.6966500211795956,-0.6087613105773926
Slc26a11,0.01056034304201603,0.0269805695861578,-1.3651458024978638,0.2282229527559936,-1.6969941854476929,-1.3651458024978638,0.042914748663922614,-2.602635622024536,-1.3651458024978638,0.0002338878260463267,-4.09679651260376
Rnf213,0.2788737714290619,0.24814043939113617,0.1915971338748932,0.9979940091511154,0.427744060754776,0.1915971338748932,0.28244300837655706,1.605236530303955,0.1915971338748932,0.07283151893204319,2.192190170288086
Endov,0.04852970689535141,0.05117703601717949,-0.07855384051799774,0.13171491603544333,-1.9997011423110962,-0.07855384051799774,0.8854653182650877,-0.36618930101394653,-0.07855384051799774,0.7825523980176791,-0.4769454598426819
Rptor,0.07529091835021973,0.09305904805660248,-0.3186672329902649,0.027161473413469778,-2.7040584087371826,-0.3186672329902649,0.28235279817836967,-1.6060653924942017,-0.3186672329902649,0.056267396007151915,-2.308112859725952
Chmp6,0.233535036444664,0.24208329617977142,-0.058274853974580765,0.41237184097255947,-1.3152039051055908,-0.058274853974580765,0.7736679974042752,-0.5596054196357727,-0.058274853974580765,0.602418104327686,-0.758190393447876
Baiap2,0.14121980965137482,0.1311221718788147,0.11448008567094803,0.24163815221663018,-1.6616382598876953,0.11448008567094803,0.6013207287782495,0.8522520065307617,0.11448008567094803,0.42275109014143086,1.10853910446167
Aatk,0.0,0.0,0.0,0.9979940091511154,0.11319231241941452,0.0,1.0,0.0,0.0,1.0,0.0
Cep131,0.005467454437166452,0.00984129123389721,-0.8511372208595276,0.7291008509937085,-0.8530835509300232,-0.8511372208595276,0.33055066428681934,-1.4934954643249512,-0.8511372208595276,0.09838401212620974,-2.0454325675964355
Tepsin,0.033112604171037674,0.0329924076795578,0.005333675537258387,0.6345676421454897,-0.9772299528121948,0.005333675537258387,1.0,0.016810493543744087,0.005333675537258387,1.0,0.02349148876965046
Ndufaf8,0.4066190719604492,0.48245981335639954,-0.30547818541526794,0.004295841770791993,-3.3590776920318604,-0.30547818541526794,0.0003608974124747916,-4.1285810470581055,-0.30547818541526794,2.2783167578264485e-07,-5.58726692199707
Slc38a10,0.22539709508419037,0.2629101276397705,-0.250260591506958,0.0055914533811262206,-3.271979331970215,-0.250260591506958,0.05715753193324529,-2.4750077724456787,-0.250260591506958,0.0036648258326200853,-3.3266513347625732
Bahcc1,0.0,0.0,0.0,0.9979940091511154,0.11319231241941452,0.0,1.0,0.0,0.0,1.0,0.0
Actg1,3.8024582862854004,3.766918897628784,0.0524643138051033,0.3377551856889395,1.4535104036331177,0.0524643138051033,0.36167647049845647,1.4106229543685913,0.0524643138051033,0.1025779941538541,2.023892879486084
Fscn2,0.0004906480317004025,0.0004974139155820012,-0.019763316959142685,0.9979940091511154,0.05521576479077339,-0.019763316959142685,1.0,-0.009683825075626373,-0.019763316959142685,1.0,-0.011948766186833382
Faap100,0.07945527136325836,0.06962709128856659,0.19767197966575623,0.39892344876227404,-1.3380917310714722,0.19767197966575623,0.5080944318615183,1.1100177764892578,0.19767197966575623,0.2747540668533418,1.426880955696106
Nploc4,0.13990913331508636,0.17119957506656647,-0.3143450617790222,0.0038596680261843846,-3.392207145690918,-0.3143450617790222,0.07509262660139292,-2.3523669242858887,-0.3143450617790222,0.004164275324657466,-3.285689353942871
Pde6g,0.0,0.0006567400996573269,-19.325439453125,0.9979940091511154,0.027607882395386696,-19.325439453125,0.5196272646011879,-1.0,-19.325439453125,0.16021537352752957,-1.759765386581421
Oxld1,0.04795109108090401,0.05228058621287346,-0.12786102294921875,0.15822193653899067,-1.9033408164978027,-0.12786102294921875,0.7762948853432987,-0.5548636317253113,-0.12786102294921875,0.604871013153958,-0.7541009783744812
Ccdc137,0.022041844204068184,0.03086869604885578,-0.4922950863838196,0.15408905910658807,-1.9183915853500366,-0.4922950863838196,0.35589719987688534,-1.436063289642334,-0.4922950863838196,0.09794293742095712,-2.047574043273926
Arl16,0.10910274088382721,0.1235327199101448,-0.18981684744358063,0.11816709307122719,-2.054649829864502,-0.18981684744358063,0.46867693237352415,-1.1831786632537842,-0.18981684744358063,0.1826672543111986,-1.6794475317001343
Hgs,0.12143195420503616,0.12732304632663727,-0.07268316298723221,0.04521979780190185,-2.495396375656128,-0.07268316298723221,0.8082256560877079,-0.5005958676338196,-0.07268316298723221,0.6586287273672482,-0.6686797142028809
Mrpl12,0.6715143918991089,0.8814982771873474,-0.5634161233901978,5.514867348899789e-16,-8.562361717224121,-0.5634161233901978,5.538243577599919e-18,-9.404086112976074,-0.5634161233901978,2.4811620634602606e-34,-12.810911178588867
Slc25a10,0.10909204185009003,0.0965459868311882,0.18546278774738312,0.6465703296297192,-0.9620010852813721,0.18546278774738312,0.4711428162278778,1.1780072450637817,0.18546278774738312,0.22871133735687488,1.5447561740875244
Mcrip1,0.47013187408447266,0.3843609094619751,0.3568668067455292,7.354701453797567e-05,4.472298622131348,0.3568668067455292,3.809583990573966e-05,4.681514263153076,0.3568668067455292,9.085545838020632e-09,6.1637349128723145
Ppp1r27,0.0,0.0,0.0,0.9979940091511154,0.11319231241941452,0.0,1.0,0.0,0.0,1.0,0.0
P4hb,0.6743720769882202,0.8151311874389648,-0.3875108063220978,3.359867453646031e-08,-6.018161773681641,-0.3875108063220978,1.6518843600562866e-09,-6.616342067718506,-0.3875108063220978,3.432318068477066e-17,-8.871567726135254
Arhgdia,1.5395194292068481,1.5787160396575928,-0.0716116651892662,0.10166495212116085,-2.1290130615234375,-0.0716116651892662,0.19127467552439567,-1.8565142154693604,-0.0716116651892662,0.032932312380058726,-2.5433387756347656
Alyref,1.551395297050476,1.5259521007537842,0.04674112796783447,0.9979940091511154,0.12726342678070068,0.04674112796783447,0.5357497494677093,0.9701125621795654,0.04674112796783447,0.28120830889874754,1.4065656661987305
Anapc11,0.8926082849502563,0.7617397308349609,0.3359982371330261,2.2829945297761663e-08,6.086202144622803,0.3359982371330261,7.890223703896249e-09,6.351744651794434,0.3359982371330261,6.647509641872089e-16,8.511754035949707
Npb,0.0024996392894536257,0.0017793432343751192,0.4908945858478546,0.9979940091511154,0.050940994173288345,0.4908945858478546,0.8050379783329784,0.5052618980407715,0.4908945858478546,0.6842342251707044,0.628405749797821
Pcyt2,0.10410081595182419,0.13445217907428741,-0.39144062995910645,0.0004011975075947268,-4.045712471008301,-0.39144062995910645,0.04507750302204955,-2.5785720348358154,-0.39144062995910645,0.001583450388502052,-3.579882860183716
Sirt7,0.6289228796958923,0.6572877168655396,-0.08628100156784058,0.6754885241936893,-0.9242406487464905,-0.08628100156784058,0.3376452894489438,-1.4759620428085327,-0.08628100156784058,0.11823275556632477,-1.9502860307693481
Mafg,0.12927336990833282,0.15387114882469177,-0.26945990324020386,0.0037377212064037464,-3.4023597240448,-0.26945990324020386,0.16601154814221167,-1.9410343170166016,-0.26945990324020386,0.024815734711059134,-2.655989408493042
Pycr1,0.0009200067725032568,0.003605438396334648,-1.9723950624465942,0.9979940091511154,-0.3161547780036926,-1.9723950624465942,0.24040437851255672,-1.7192720174789429,-1.9723950624465942,0.021367930034330233,-2.713904619216919
Aspscr1,0.2885512113571167,0.22755281627178192,0.38851723074913025,0.07150056272060641,2.295372724533081,0.38851723074913025,0.000710165784278362,3.9418907165527344,0.38851723074913025,2.457284494750194e-06,5.127983570098877
Cenpx,0.832074761390686,0.7941806316375732,0.09824489057064056,0.12635204846745138,2.0215203762054443,0.09824489057064056,0.2121494873921137,1.7973016500473022,0.09824489057064056,0.04550524956344856,2.401890277862549
Lrrc45,0.054174233227968216,0.06719395518302917,-0.32021114230155945,0.03973211808780948,-2.549098014831543,-0.32021114230155945,0.36179032358873764,-1.4090434312820435,-0.32021114230155945,0.10982500109094111,-1.9879194498062134
Rac3,0.004546344745904207,0.004249893128871918,0.09749475121498108,0.9979940091511154,-0.20447644591331482,0.09749475121498108,1.0,0.12792611122131348,0.09749475121498108,0.9835557712586391,0.15566006302833557
Dcxr,0.024717850610613823,0.023064300417900085,0.10108935087919235,0.7889543056243008,-0.7761377096176147,0.10108935087919235,0.9128096256784288,0.3175541162490845,0.10108935087919235,0.8204247648206724,0.41770225763320923
Hmga1b,0.0092947818338871,0.015758134424686432,-0.7662756443023682,0.367488319484818,-1.3963353633880615,-0.7662756443023682,0.21364196593557708,-1.7927799224853516,-0.7662756443023682,0.04055835625005081,-2.451514720916748
Rfng,0.07089125365018845,0.07134167850017548,-0.009466162882745266,0.171348406857936,-1.8582775592803955,-0.009466162882745266,1.0,-0.052668243646621704,-0.009466162882745266,1.0,-0.06985778361558914
Gps1,0.34635549783706665,0.4034886658191681,-0.26405659317970276,0.008090604775964499,-3.1490795612335205,-0.26405659317970276,0.006783840277669592,-3.2750244140625,-0.26405659317970276,6.326968031440969e-05,-4.416454792022705
Dus1l,0.2550133764743805,0.3011625111103058,-0.2747998535633087,0.005684741836114947,-3.2669920921325684,-0.2747998535633087,0.026152554274762062,-2.7952845096588135,-0.2747998535633087,0.0006791464279889773,-3.815596580505371
Fasn,0.11388793587684631,0.20586203038692474,-0.9221752285957336,3.43885745973989e-12,-7.435693264007568,-0.9221752285957336,1.170276052618845e-10,-7.083458423614502,-0.9221752285957336,4.203940461314098e-22,-10.140440940856934
Ccdc57,0.0012158339377492666,0.001911077182739973,-0.6529410481452942,0.9979940091511154,-0.06020299345254898,-0.6529410481452942,0.7920820204431297,-0.5275563597679138,-0.6529410481452942,0.6206307154052576,-0.7283170819282532
Slc16a3,0.05987713485956192,0.07286160439252853,-0.2926235795021057,0.025097781183890767,-2.736297369003296,-0.2926235795021057,0.3145387442626522,-1.5294064283370972,-0.2926235795021057,0.08998335350623168,-2.0902578830718994
Csnk1d,0.40857213735580444,0.4158964455127716,-0.03127901628613472,0.9979940091511154,-0.35284653306007385,-0.03127901628613472,0.8664735651065717,-0.3996104598045349,-0.03127901628613472,0.7436646195024905,-0.5359625220298767
Cd7,0.2117665559053421,0.24474669992923737,-0.23350878059864044,0.09121105742466382,-2.1814680099487305,-0.23350878059864044,0.40401596293250225,-1.310086965560913,-0.23350878059864044,0.11962418501131049,-1.9438045024871826
Sectm1a,0.0,0.0010680563282221556,-20.027328491210938,0.9979940091511154,0.027607882395386696,-20.027328491210938,0.5196272646011879,-1.0,-20.027328491210938,0.16021537352752957,-1.759765386581421
Ogfod3,0.024640915915369987,0.03742549568414688,-0.6122356057167053,0.04844393554607183,-2.46689772605896,-0.6122356057167053,0.10193042838653153,-2.2037646770477295,-0.6122356057167053,0.008288995153226952,-3.05845308303833
Hexdc,0.004249374847859144,0.006479964591562748,-0.6103457808494568,0.9979940091511154,-0.32007330656051636,-0.6103457808494568,0.5966079815592958,-0.8602645993232727,-0.6103457808494568,0.3582846949259874,-1.231640338897705
Cybc1,0.2000752091407776,0.1931246668100357,0.05618803948163986,0.8004880539113368,-0.7613541483879089,0.05618803948163986,0.8171516942376095,0.4864051938056946,0.05618803948163986,0.6673640196310691,0.6539956331253052
Narf,0.0548371896147728,0.07729463279247284,-0.5115914940834045,0.020140635723653467,-2.82134747505188,-0.5115914940834045,0.09245009217341396,-2.253256320953369,-0.5115914940834045,0.003901615060154227,-3.3062267303466797
Foxk2,0.1260867863893509,0.14110636711120605,-0.17344166338443756,0.008270296469533943,-3.141064405441284,-0.17344166338443756,0.38709971011371586,-1.3462166786193848,-0.17344166338443756,0.1596211669196871,-1.7900618314743042
Wdr45b,0.2595745921134949,0.2845599353313446,-0.15142272412776947,0.16062530158099952,-1.8952364921569824,-0.15142272412776947,0.2949893661016205,-1.576697587966919,-0.15142272412776947,0.08050636652750957,-2.1435883045196533
Fn3krp,0.007328378036618233,0.0077442298643291,-0.0799282044172287,0.9984208920935209,0.015674151480197906,-0.0799282044172287,1.0,-0.10808039456605911,-0.0799282044172287,0.9803780958140913,-0.16163668036460876
Fn3k,0.000942740764003247,0.0014139761915430427,-0.5851643085479736,0.9979940091511154,0.025114266201853752,-0.5851643085479736,0.8615824290422887,-0.4088418781757355,-0.5851643085479736,0.7067776227190493,-0.5932535529136658
Tbcd,0.11741437762975693,0.1461329162120819,-0.3368431031703949,0.000363577775381985,-4.072073459625244,-0.3368431031703949,0.0759611234502316,-2.3463234901428223,-0.3368431031703949,0.0049977731029218755,-3.2257015705108643
Zfp750,0.00026853717281483114,0.0,18.034961700439453,0.9979940091511154,0.14071114361286163,18.034961700439453,0.5196272646011879,1.0,18.034961700439453,0.46147875269036936,1.0
B3gntl1,0.016760729253292084,0.02819451317191124,-0.7586081624031067,0.3892797762860578,-1.354567289352417,-0.7586081624031067,0.26825139799567704,-1.6426572799682617,-0.7586081624031067,0.034654959536044076,-2.5226030349731445
Metrnl,0.02708931639790535,0.029083823785185814,-0.10393869131803513,0.5760757770443253,-1.0590739250183105,-0.10393869131803513,0.9265464658579156,-0.29151633381843567,-0.10393869131803513,0.8217264869662361,-0.41584235429763794
Gdi2,1.4063314199447632,1.4374171495437622,-0.059108488261699677,0.6592114741360192,-0.9461488127708435,-0.059108488261699677,0.2966252932974686,-1.5718235969543457,-0.059108488261699677,0.08496348798424067,-2.118110179901123
Tasor2,0.12451818585395813,0.13682228326797485,-0.145015686750412,0.04143991694830475,-2.5317318439483643,-0.145015686750412,0.5667976117316224,-0.9126306772232056,-0.145015686750412,0.3427443184595514,-1.2646653652191162
Asb13,0.05933519825339317,0.0634252056479454,-0.09914854168891907,0.27321205681482846,-1.5877203941345215,-0.09914854168891907,0.8250098537639394,-0.470686137676239,-0.09914854168891907,0.6671665584858668,-0.6543956995010376
Net1,0.19327567517757416,0.20221181213855743,-0.07186544686555862,0.1620471963631933,-1.8897149562835693,-0.07186544686555862,0.7234401044307353,-0.6455005407333374,-0.07186544686555862,0.5369066307145995,-0.8674997687339783
Tubal3,0.0,0.0,0.0,0.9979940091511154,0.11319231241941452,0.0,1.0,0.0,0.0,1.0,0.0
Akr1c13,0.036376599222421646,0.048596013337373734,-0.42670416831970215,0.1620471963631933,-1.889447808265686,-0.42670416831970215,0.34551277204336994,-1.4594634771347046,-0.42670416831970215,0.09117638678596277,-2.0838615894317627
Akr1c12,0.0003305619757156819,0.0032929670996963978,-3.3185291290283203,0.9979940091511154,-0.2014484703540802,-3.3185291290283203,0.25621205969191396,-1.6741245985031128,-3.3185291290283203,0.01520223762570341,-2.843858003616333
Akr1e1,0.05878540500998497,0.09807772189378738,-0.7671812176704407,1.5887269113010544e-05,-4.824522018432617,-0.7671812176704407,0.00017525169840530778,-4.320226192474365,-0.7671812176704407,1.146683330295051e-08,-6.1208720207214355
Klf6,1.5018526315689087,1.4600629806518555,0.07803992927074432,0.09337539890183519,2.1701576709747314,0.07803992927074432,0.3874752219388817,1.345632553100586,0.07803992927074432,0.15624473600719102,1.8013192415237427
Pitrm1,0.07273741811513901,0.16199518740177155,-1.2208263874053955,3.2932122185388325e-15,-8.3438138961792,-1.2208263874053955,3.927235795937739e-13,-7.97141170501709,-1.2208263874053955,1.3807222359453776e-28,-11.619061470031738
Pfkp,1.0982156991958618,1.0918670892715454,0.01376356091350317,0.9979940091511154,0.37261733412742615,0.01376356091350317,0.9378582314450529,0.2724281847476959,0.01376356091350317,0.8503436467574857,0.3707033097743988
Wdr37,0.18108291923999786,0.17385955154895782,0.06409245729446411,0.6486408187302356,-0.9592403173446655,0.06409245729446411,0.7952152726741601,0.5219982862472534,0.06409245729446411,0.6364274211208224,0.7031951546669006
Idi1,0.2310906946659088,0.34215059876441956,-0.6501067280769348,1.494314323256525e-09,-6.537635326385498,-0.6501067280769348,2.2021198076176915e-08,-6.186699867248535,-0.6501067280769348,1.724562063362952e-16,-8.67318344116211
Idi2,0.0,0.0,0.0,0.9979940091511154,0.11319231241941452,0.0,1.0,0.0,0.0,1.0,0.0
Gtpbp4,0.4506969749927521,0.6075224876403809,-0.5538345575332642,1.1797385927408027e-10,-6.930469036102295,-0.5538345575332642,2.516386839021011e-11,-7.313150405883789,-0.5538345575332642,2.1361906452429955e-22,-10.213645935058594
Larp4b,0.45518049597740173,0.49902835488319397,-0.1668182760477066,0.07284584061638325,-2.287090301513672,-0.1668182760477066,0.08560334588720706,-2.2859158515930176,-0.1668182760477066,0.00898884939757312,-3.0301742553710938
Dip2c,0.0035809583496302366,0.0027332697063684464,0.39032962918281555,0.9984208920935209,-0.006501210853457451,0.39032962918281555,0.8464363472562573,0.43469107151031494,0.39032962918281555,0.7451679127898846,0.5338168144226074
Zmynd11,0.26529577374458313,0.30771926045417786,-0.24607430398464203,0.033052384747000424,-2.625776767730713,-0.24607430398464203,0.1055452425676856,-2.185202121734619,-0.24607430398464203,0.007473098319594325,-3.093273878097534
Chrm3,0.00031007235520519316,0.0006188570987433195,-0.9972217679023743,0.9979940091511154,0.05521576479077339,-0.9972217679023743,0.8402221462535285,-0.44609731435775757,-0.9972217679023743,0.6643269896767621,-0.6586055159568787
Mtr,0.07673446089029312,0.08231735229492188,-0.105402372777462,0.05136895840116625,-2.4421398639678955,-0.105402372777462,0.757118036860084,-0.5883018970489502,-0.105402372777462,0.5841007432788856,-0.7891147136688232
Actn2,0.039264895021915436,0.03757357597351074,0.06474947929382324,0.9979940091511154,-0.4356701672077179,0.06474947929382324,0.9770516883047266,0.19675974547863007,0.06474947929382324,0.9065561036297536,0.28041452169418335
Heatr1,0.09973328560590744,0.18452154099941254,-0.9502522349357605,5.835274495575353e-13,-7.678286075592041,-0.9502522349357605,1.0320023082007508e-09,-6.727819442749023,-0.9502522349357605,2.8699732529119196e-20,-9.683530807495117
Lgals8,0.14396511018276215,0.11551373451948166,0.33862221240997314,0.9979940091511154,0.1541588455438614,0.33862221240997314,0.07657129705727418,2.3406429290771484,0.33862221240997314,0.00776779483623246,3.081078052520752
Edaradd,0.003112319391220808,0.005150368437170982,-0.7281565070152283,0.9979940091511154,-0.31775781512260437,-0.7281565070152283,0.5380950036092768,-0.9663180112838745,-0.7281565070152283,0.2929254627175175,-1.3732820749282837
Ero1lb,0.05069965869188309,0.06825210154056549,-0.44168445467948914,0.0377157000866282,-2.5711843967437744,-0.44168445467948914,0.18283048495145648,-1.8845151662826538,-0.44168445467948914,0.021356391889850484,-2.713630437850952
Gpr137b,0.025975218042731285,0.03267739713191986,-0.33601564168930054,0.5746176640758239,-1.0610332489013672,-0.33601564168930054,0.5343309428733318,-0.9731265902519226,-0.33601564168930054,0.27014655981228386,-1.43830406665802
Nid1,0.0,0.0,0.0,0.9979940091511154,0.11319231241941452,0.0,1.0,0.0,0.0,1.0,0.0
Lyst,0.3862658739089966,0.30335211753845215,0.41184085607528687,0.03080131542403256,2.655076742172241,0.41184085607528687,0.0006349038203899559,3.9746835231781006,0.41184085607528687,1.186330507751358e-06,5.27247953414917
Gng4,0.00027792659238912165,0.0,18.084550857543945,0.9979940091511154,0.14071114361286163,18.084550857543945,0.5196272646011879,1.0,18.084550857543945,0.46147875269036936,1.0
B3galnt2,0.04128936305642128,0.05857479199767113,-0.5170823931694031,0.016023092223345286,-2.9070208072662354,-0.5170823931694031,0.12723582115038579,-2.087589740753174,-0.5170823931694031,0.009523950009901735,-3.010148286819458
Tbce,0.17317728698253632,0.16030246019363403,0.12099843472242355,0.784836010241835,-0.7813920974731445,0.12099843472242355,0.5196272646011879,1.0003207921981812,0.12099843472242355,0.31586301094480534,1.320938229560852
Ggps1,0.19182471930980682,0.21004723012447357,-0.14450973272323608,0.03805708325702959,-2.5667314529418945,-0.14450973272323608,0.43581686356501564,-1.2453138828277588,-0.14450973272323608,0.17928202659863599,-1.6904857158660889
Arid4b,0.5731111168861389,0.5851744413375854,-0.039589107036590576,0.9995649176471869,-0.0008905768045224249,-0.039589107036590576,0.7911768470126672,-0.5293166041374207,-0.039589107036590576,0.6240126360219187,-0.7226999402046204
Hecw1,0.002149510197341442,0.0008203503675758839,1.3906537294387817,0.9979940091511154,0.16564728319644928,1.3906537294387817,0.5196272646011879,1.040022373199463,1.3906537294387817,0.36189424260244957,1.224810242652893
Mrpl32,0.6197704076766968,0.7386400699615479,-0.34851598739624023,1.8725538259692068e-06,-5.269364833831787,-0.34851598739624023,1.163378701372851e-08,-6.280250072479248,-0.34851598739624023,2.4800838489926688e-15,-8.34647274017334
Psma2,1.5733202695846558,1.7117884159088135,-0.2477625161409378,1.0199185844346495e-11,-7.284918308258057,-0.2477625161409378,2.2108351900793363e-11,-7.308630466461182,-0.2477625161409378,1.3655869188608264e-20,-9.773733139038086
AW209491,0.020636308938264847,0.029351195320487022,-0.5145468711853027,0.1438044979152785,-1.9549942016601562,-0.5145468711853027,0.2527160360845031,-1.6830178499221802,-0.5145468711853027,0.05693511210458977,-2.30265212059021
Inhba,0.0,0.0,0.0,0.9979940091511154,0.11319231241941452,0.0,1.0,0.0,0.0,1.0,0.0
Sugct,0.003927531652152538,0.009039697237312794,-1.206343173980713,0.8596419950601817,-0.6875253319740295,-1.206343173980713,0.21870024372495347,-1.7798131704330444,-1.206343173980713,0.02613633272367567,-2.635819435119629
Mplkip,0.4382205307483673,0.5048362612724304,-0.2559739351272583,0.005942846537751506,-3.25185227394104,-0.2559739351272583,0.0030294430280306344,-3.533806562423706,-0.2559739351272583,1.3939136156646057e-05,-4.762655735015869
Cdk13,0.30902424454689026,0.3228006660938263,-0.0733836367726326,0.37870682351504076,-1.3749616146087646,-0.0733836367726326,0.637847244365843,-0.7904219031333923,-0.0733836367726326,0.4480385145382641,-1.062556505203247
Rala,0.4748699963092804,0.5270283222198486,-0.19110047817230225,0.10589436134994389,-2.108173370361328,-0.19110047817230225,0.04682098504948188,-2.561892509460449,-0.19110047817230225,0.002293851292326623,-3.4701409339904785
Yae1d1,0.06860078126192093,0.09056829661130905,-0.41683754324913025,0.004267579933528313,-3.361215114593506,-0.41683754324913025,0.14016802450339427,-2.037757635116577,-0.41683754324913025,0.01402740825892458,-2.872115135192871
Vps41,0.1880902349948883,0.21857334673404694,-0.2394261509180069,0.013293022999054731,-2.9748828411102295,-0.2394261509180069,0.1611494191148726,-1.958299160003662,-0.2394261509180069,0.02072854708801524,-2.726051092147827
Amph,0.00023307837545871735,0.00048645620699971914,-1.0616742372512817,0.9979940091511154,0.05521576479077339,-1.0616742372512817,0.8257311214813693,-0.46972978115081787,-1.0616742372512817,0.6380888945589567,-0.7007508873939514
Trgv4,0.0028675715439021587,0.0015340957324951887,0.9034026861190796,0.9979940091511154,0.05263309180736542,0.9034026861190796,0.7139698171978249,0.6602427363395691,0.9034026861190796,0.6154270134398145,0.7368297576904297
Trgv6,0.0002296573802595958,0.0,17.809295654296875,0.9979940091511154,0.14071114361286163,17.809295654296875,0.5196272646011879,1.0,17.809295654296875,0.46147875269036936,1.0
Trgc1,0.008285058662295341,0.017569951713085175,-1.0912384986877441,0.9441398704163818,-0.5786077380180359,-1.0912384986877441,0.39052003128203283,-1.3397173881530762,-1.0912384986877441,0.10509084828130207,-2.011298656463623
Trgv3,0.0,0.0007382815238088369,-19.494346618652344,0.9979940091511154,0.027607882395386696,-19.494346618652344,0.5196272646011879,-1.0,-19.494346618652344,0.16021537352752957,-1.759765386581421
Trgc3,0.00030014701769687235,0.001358295907266438,-2.178816318511963,0.9979940091511154,-0.0302796121686697,-2.178816318511963,0.5196272646011879,-1.0494725704193115,-2.178816318511963,0.17790866259966126,-1.695970892906189
Trgc2,0.03159566968679428,0.06033041700720787,-0.9540451169013977,0.31638063683994755,-1.4959019422531128,-0.9540451169013977,0.10425431445526762,-2.1924819946289062,-0.9540451169013977,0.0042641716324340155,-3.278141498565674
Trgj2,0.0003229165158700198,0.0,18.30103874206543,0.9979940091511154,0.14071114361286163,18.30103874206543,0.5196272646011879,1.0,18.30103874206543,0.46147875269036936,1.0
Trgv2,0.01517448015511036,0.02991587668657303,-0.9899377226829529,0.4487153405668998,-1.2535759210586548,-0.9899377226829529,0.20836490886234124,-1.8097492456436157,-0.9899377226829529,0.023904233272665814,-2.6709179878234863
Trgv1,0.0006324220448732376,0.0012199848424643278,-0.9483262896537781,0.9984208920935209,-0.0025826727505773306,-0.9483262896537781,0.7469647735576418,-0.605459451675415,-0.9483262896537781,0.5256311670841277,-0.886411726474762
Trgc4,0.0188381839543581,0.03252863511443138,-0.7979683876037598,0.5573812621919294,-1.0870380401611328,-0.7979683876037598,0.33310990184938827,-1.4877440929412842,-0.7979683876037598,0.07179823855065443,-2.198901891708374
Stard3nl,0.3841990530490875,0.3737272620201111,0.04789792001247406,0.9979940091511154,0.21231351792812347,0.04789792001247406,0.7578945257250236,0.5869670510292053,0.04789792001247406,0.592559188532549,0.7753701210021973
Epdr1,0.004053997341543436,0.0006283739930950105,2.692119836807251,0.9979940091511154,0.33129456639289856,2.692119836807251,0.06493344602012217,2.4149746894836426,2.692119836807251,0.02919036345706232,2.593404769897461
Gpr141,0.0015869468916207552,0.025308577343821526,-4.012449741363525,0.9979940091511154,-0.48963913321495056,-4.012449741363525,0.09649769405708816,-2.236546039581299,-4.012449741363525,0.000503401131954114,-3.9026713371276855
Elmo1,0.6680164337158203,0.5579425692558289,0.34722959995269775,8.538705501795092e-06,4.958731651306152,0.34722959995269775,5.6028939112396305e-06,5.106105804443359,0.34722959995269775,1.274453226606397e-10,6.848531723022461
Aoah,0.0,0.008899417705833912,-23.091703414916992,0.9979940091511154,-0.143560990691185,-23.091703414916992,0.31103183276114466,-1.5395762920379639,-23.091703414916992,0.021784983269454897,-2.7092931270599365
Olfr1369-ps1,0.07091726362705231,0.15404734015464783,-1.1802548170089722,9.102854690314413e-07,-5.41248083114624,-1.1802548170089722,2.0178119211742893e-05,-4.847529888153076,-1.1802548170089722,3.9897598148906195e-12,-7.359476089477539
Trim27,0.42048460245132446,0.5506570935249329,-0.4905698895454407,1.4892176554394779e-08,-6.158427715301514,-0.4905698895454407,2.497921556055695e-10,-6.929426670074463,-0.4905698895454407,6.838706851292005e-19,-9.333817481994629
Zscan12,0.008981381542980671,0.014899596571922302,-0.7345415949821472,0.6475182133422447,-0.9608433246612549,-0.7345415949821472,0.4072918866746582,-1.3033934831619263,-0.7345415949821472,0.12282536589533591,-1.9309501647949219
Zkscan3,0.1027589663863182,0.11154652386903763,-0.12483344227075577,0.03491959949335268,-2.603066921234131,-0.12483344227075577,0.6847385178443982,-0.711438000202179,-0.12483344227075577,0.4704230707550595,-0.9840669631958008
Pgbd1,0.0008928682655096054,0.0016040382906794548,-0.8457016944885254,0.9979940091511154,-0.06020299345254898,-0.8457016944885254,0.7102457077400217,-0.6666203737258911,-0.8457016944885254,0.48419469058329206,-0.9586192965507507
Zscan26,0.07724055647850037,0.07861976325511932,-0.02654147520661354,0.22993822482011794,-1.6922740936279297,-0.02654147520661354,1.0,-0.1375950127840042,-0.02654147520661354,0.9626486596747845,-0.18950967490673065
Nkapl,0.0019643243867903948,0.00480223260819912,-1.2917197942733765,0.9979940091511154,-0.34572193026542664,-1.2917197942733765,0.3829978166058936,-1.3550574779510498,-1.2917197942733765,0.10669513836144512,-2.0035197734832764
AK157302,0.002334668766707182,0.0006112469709478319,1.9346321821212769,0.9979940091511154,0.16564728319644928,1.9346321821212769,0.3683604963893115,1.3853864669799805,1.9346321821212769,0.24001303780369726,1.5147111415863037
Gm11273,0.030800314620137215,0.040028173476457596,-0.3847666084766388,0.08277573221960703,-2.2282233238220215,-0.3847666084766388,0.2892249207817783,-1.589478611946106,-0.3847666084766388,0.07397271895185949,-2.1849327087402344
Zkscan8,0.016229884698987007,0.013641411438584328,0.25253134965896606,0.9886366774951125,-0.524193525314331,0.25253134965896606,0.739204533974513,0.6186996698379517,0.25253134965896606,0.5913034063227903,0.7772408127784729
Olfr1535,0.0,0.0,0.0,0.9979940091511154,0.11319231241941452,0.0,1.0,0.0,0.0,1.0,0.0
Olfr11,0.0,0.0,0.0,0.9979940091511154,0.11319231241941452,0.0,1.0,0.0,0.0,1.0,0.0
H2bc13,0.022354545071721077,0.009167425334453583,1.2955172061920166,0.9979940091511154,0.31882649660110474,1.2955172061920166,0.013197143047864625,3.0408668518066406,1.2955172061920166,0.002175350705718398,3.4887235164642334
H2ac13,0.030948901548981667,0.018678370863199234,0.7374074459075928,0.9979940091511154,0.18808981776237488,0.7374074459075928,0.08453878192175762,2.290910482406616,0.7374074459075928,0.013814573450890141,2.8787660598754883
H3c10,0.006653911899775267,0.005785717628896236,0.2023339718580246,0.9979940091511154,-0.20287339389324188,0.2023339718580246,0.8894309175292999,0.35984185338020325,0.2023339718580246,0.795254617095903,0.4572330117225647
H2bc14,0.16873399913311005,0.09949370473623276,0.8131358027458191,0.23076644928958154,1.690314769744873,0.8131358027458191,2.657768856272209e-07,5.691366195678711,0.8131358027458191,8.747148339218266e-11,6.917086601257324
H4c11,0.015478286892175674,0.009573631919920444,0.6973755955696106,0.9979940091511154,0.1163983941078186,0.6973755955696106,0.25110240121402966,1.6868886947631836,0.6973755955696106,0.09271409525661507,2.0759341716766357
H4c12,0.010096599347889423,0.006594245787709951,0.6171197295188904,0.9979940091511154,-0.11577498912811279,0.6171197295188904,0.44829500046398685,1.222152590751648,0.6171197295188904,0.2536312639386509,1.478480339050293
H2ac15,0.1425798088312149,0.07198845595121384,1.037763237953186,0.18415705386779574,1.8186469078063965,1.037763237953186,2.808523767857334e-10,6.858267784118652,1.037763237953186,2.377658554892557e-14,8.07861328125
H2bc15,0.08104603737592697,0.04035685583949089,1.0355757474899292,0.9979940091511154,0.5054913759231567,1.0355757474899292,6.116331708107144e-06,5.066054821014404,1.0355757474899292,4.7830827817404616e-08,5.883073329925537
H1f5,1.8858376741409302,1.4899317026138306,0.7022689580917358,6.767093175111582e-13,7.658960819244385,0.7022689580917358,9.555644941803891e-11,7.126208782196045,0.7022689580917358,4.510358595833399e-23,10.375650405883789
H3c11,0.15983174741268158,0.06945034116506577,1.2689423561096191,0.009541163122003468,3.0936858654022217,1.2689423561096191,2.4339409246316417e-13,7.901340007781982,1.2689423561096191,1.1323957791419879e-18,9.310257911682129
Hist1h2an,0.14431625604629517,0.10370350629091263,0.5066704154014587,0.9979940091511154,-0.09716193377971649,0.5066704154014587,0.002888981290090222,3.5436508655548096,0.5066704154014587,7.330861342908106e-05,4.38336706161499
Hist1h2bp,0.03935848921537399,0.017572663724422455,1.1791315078735352,0.9979940091511154,0.21249163150787354,1.1791315078735352,0.0010252948390439718,3.835136651992798,1.1791315078735352,6.722618751926282e-05,4.40707540512085
Hist1h2ao,0.010370494797825813,0.0064568244852125645,0.6864150762557983,0.9979940091511154,-0.031170189380645752,0.6864150762557983,0.36733785831995924,1.3888031244277954,0.6864150762557983,0.18194366174979512,1.682443380355835
Hist1h4m,0.003453199053183198,0.0027831140905618668,0.31171706318855286,0.9979940091511154,-0.03508872538805008,0.31171706318855286,0.8709791679072761,0.3915254771709442,0.31171706318855286,0.7758304234885574,0.4874768853187561
Hist1h4n,0.007866276428103447,0.00880700908601284,-0.16365079581737518,0.9532313086833272,-0.5673865079879761,-0.16365079581737518,0.9186488570110415,-0.30669647455215454,-0.16365079581737518,0.8365566587226095,-0.39146098494529724
Hist1h2ap,0.9654922485351562,0.6349344849586487,0.8745572566986084,2.1502673549699918e-17,8.943706512451172,0.8745572566986084,1.6744077627722299e-21,10.343478202819824,0.8745572566986084,2.81477927165752e-39,13.7743558883667
Hist1h2br,0.04881357401609421,0.01726182922720909,1.5225820541381836,0.5969923024136666,1.028794288635254,1.5225820541381836,2.9825481345815357e-06,5.212869167327881,1.5225820541381836,3.643434526803201e-08,5.933365821838379
Zfp184,0.0003103236376773566,0.0015089425723999739,-2.2825534343719482,0.9979940091511154,-0.11577498912811279,-2.2825534343719482,0.4101576589145758,-1.2977787256240845,-2.2825534343719482,0.09679318259035781,-2.0536248683929443
Prss16,0.059157054871320724,0.07391437143087387,-0.3320678174495697,0.010782483314138811,-3.0513832569122314,-0.3320678174495697,0.2502375746005164,-1.6903564929962158,-0.3320678174495697,0.05300373270450745,-2.336103677749634
H2ac12,0.0027513771783560514,0.0,21.393707275390625,0.9979940091511154,0.2783052623271942,21.393707275390625,0.07885559156086851,2.325143575668335,21.393707275390625,0.05450355911700637,2.325143575668335
H2bc12,0.033878348767757416,0.020811183378100395,0.7124737501144409,0.9979940091511154,-0.36282098293304443,0.7124737501144409,0.06618893719353429,2.4066715240478516,0.7124737501144409,0.014581845238103184,2.859175682067871
H4c9,0.7089051604270935,0.6853893995285034,0.06758694350719452,0.8047253185426212,0.7555654048919678,0.06758694350719452,0.5441893489422309,0.9559031128883362,0.06758694350719452,0.3240175357520941,1.3045883178710938
H2ac11,0.04394629970192909,0.03602967411279678,0.29230472445487976,0.6960456626362148,-0.8969889879226685,0.29230472445487976,0.4602514823377333,1.1996458768844604,0.29230472445487976,0.23920298847692306,1.516722559928894
H2bc11,0.2924940884113312,0.16920138895511627,0.882021427154541,0.0007065291687398792,3.8915536403656006,0.882021427154541,4.090312699420789e-12,7.511136531829834,0.882021427154541,5.081667780419587e-18,9.123034477233887
Vmn1r197,0.00044690287904813886,0.0,18.769927978515625,0.9979940091511154,0.14071114361286163,18.769927978515625,0.5196272646011879,1.0,18.769927978515625,0.46147875269036936,1.0
Vmn1r203,0.0,0.0004954008618369699,-18.918596267700195,0.9979940091511154,0.027607882395386696,-18.918596267700195,0.5196272646011879,-1.0,-18.918596267700195,0.16021537352752957,-1.759765386581421
Vmn1r218,0.0005146071198396385,0.0,18.973485946655273,0.9979940091511154,0.14071114361286163,18.973485946655273,0.5196272646011879,1.0,18.973485946655273,0.46147875269036936,1.0
Zfp322a,0.11066345870494843,0.13639406859874725,-0.3205447196960449,0.006963156866056545,-3.199308156967163,-0.3205447196960449,0.14742118314427574,-2.0111382007598877,-0.3205447196960449,0.014889799363084665,-2.849916696548462
Abt1,0.2624451220035553,0.2835860550403595,-0.1277138590812683,0.19450839224453204,-1.7887235879898071,-0.1277138590812683,0.37889321410717686,-1.3630139827728271,-0.1277138590812683,0.14644111756816816,-1.8367806673049927
Btn1a1,0.0,0.0,0.0,0.9979940091511154,0.11319231241941452,0.0,1.0,0.0,0.0,1.0,0.0
H4c8,0.1207655742764473,0.08169804513454437,0.5924926400184631,0.9979940091511154,0.4554409980773926,0.5924926400184631,0.002838254815445747,3.550229549407959,0.5924926400184631,4.5355037889246755e-05,4.496681213378906
H2ac10,0.11310877650976181,0.05808357894420624,1.0017675161361694,0.2142107043589701,1.734398365020752,1.0017675161361694,9.086781409269135e-08,5.886349201202393,1.0017675161361694,3.9086330067790675e-11,7.041384696960449
H3c8,0.03390205278992653,0.01932578533887863,0.8214068412780762,0.9979940091511154,0.03410909324884415,0.8214068412780762,0.0328086066123399,2.703766345977783,0.8214068412780762,0.004686749292946233,3.2483770847320557
H2bc9,0.0689997673034668,0.042775753885507584,0.7088910341262817,0.9979940091511154,0.3857978880405426,0.7088910341262817,0.004243677843279512,3.423441171646118,0.7088910341262817,0.0001401120730111392,4.226365566253662
H3c7,0.07136772572994232,0.02762235514819622,1.4012513160705566,0.24114379063435037,1.662706971168518,1.4012513160705566,2.216666880590628e-08,6.131397724151611,1.4012513160705566,2.5464817798042135e-11,7.110953330993652
H4c6,0.015993904322385788,0.004186734091490507,1.9421559572219849,0.9635492270732637,0.5548293590545654,1.9421559572219849,0.0015612619465868495,3.7177484035491943,1.9421559572219849,0.00025623781867803783,4.077404022216797
H1f3,0.4022482633590698,0.26226842403411865,0.7235970497131348,6.287798793721018e-05,4.510326385498047,0.7235970497131348,9.067477866673243e-11,7.062386512756348,0.7235970497131348,1.9469780509420548e-17,8.950899124145508
H3c6,0.26656773686408997,0.1636132448911667,0.7811387181282043,0.002916998061511612,3.4792165756225586,0.7811387181282043,5.403262709984032e-10,6.772118091583252,0.7811387181282043,1.1102332336777113e-15,8.4594087600708
H2ac8,1.7653836011886597,1.1354426145553589,1.1971571445465088,3.7930649345693e-31,12.043805122375488,1.1971571445465088,2.6269817802889975e-30,12.574845314025879,1.1971571445465088,1.1598417773434778e-58,17.078685760498047
H2bc8,0.0980631485581398,0.07249967008829117,0.45443904399871826,0.7514231920263531,-0.8240507245063782,0.45443904399871826,0.06158930868042204,2.440345525741577,0.45443904399871826,0.00819388751016957,3.0634477138519287
H2bc7,0.025383245199918747,0.013060012832283974,0.9676378965377808,0.9979940091511154,0.20242811739444733,0.9676378965377808,0.03198096806478499,2.713603973388672,0.9676378965377808,0.0050516706910891124,3.223878860473633
H2ac7,0.022858237847685814,0.012410448864102364,0.8887175917625427,0.9984208920935209,-0.01754436269402504,0.8887175917625427,0.056601592518376785,2.4765422344207764,0.8887175917625427,0.012451166663720464,2.9169552326202393
H3c4,0.04754597321152687,0.03813978284597397,0.3248603045940399,0.5875868718797346,-1.0426872968673706,0.3248603045940399,0.424208423939294,1.2681165933609009,0.3248603045940399,0.2101970320152088,1.5964068174362183
H4c4,0.6713988184928894,0.42677199840545654,0.8462299108505249,5.20301650983957e-15,8.287351608276367,0.8462299108505249,2.333497884209908e-21,10.256468772888184,0.8462299108505249,3.208481813959163e-36,13.210709571838379
H2bc6,0.18108367919921875,0.11326873302459717,0.7270244359970093,0.3616312843193551,1.4068442583084106,0.7270244359970093,5.137990064117125e-06,5.1107306480407715,0.7270244359970093,3.6675960068103083e-09,6.320241451263428
H1f4,1.2411102056503296,0.934808075428009,0.6691207885742188,3.378189637144606e-15,8.34043025970459,0.6691207885742188,2.556423828573932e-15,8.63313102722168,0.6691207885742188,1.4004921567764022e-30,12.043099403381348
H2ac6,0.11061342805624008,0.09885464608669281,0.17077621817588806,0.24495494606046989,-1.6540683507919312,0.17077621817588806,0.5196272646011879,0.9989278316497803,0.17077621817588806,0.32763315750791033,1.296751856803894
H2bc4,0.23221367597579956,0.2406909018754959,-0.05808454379439354,0.06749238307519476,-2.321199417114258,-0.05808454379439354,0.8622521182945471,-0.4069390892982483,-0.05808454379439354,0.7308440436324125,-0.5568488240242004
H1f6,0.00030240201158449054,0.0020729999523609877,-2.778453826904297,0.9979940091511154,-0.11577498912811279,-2.778453826904297,0.3552852723577825,-1.4384307861328125,-2.778453826904297,0.04745995433314539,-2.3848917484283447
H4c3,0.08451727032661438,0.05165882781147957,0.7342025637626648,0.9979940091511154,0.2513207793235779,0.7342025637626648,0.001066662663198873,3.826911211013794,0.7342025637626648,2.272877875172608e-05,4.655974388122559
Hfe,0.0007445676019415259,0.0029687886126339436,-1.9970030784606934,0.9984208920935209,-0.0029389034025371075,-1.9970030784606934,0.5791779070271414,-0.8922286629676819,-1.9970030784606934,0.24833267145763252,-1.491943359375
H1f2,0.8615522980690002,0.6584222316741943,0.5528330206871033,1.36398018336095e-09,6.553933143615723,0.5528330206871033,4.467931941848828e-11,7.207300662994385,0.5528330206871033,1.5887564905665372e-20,9.754719734191895
H3c3,0.690814733505249,0.33630290627479553,1.3160452842712402,5.738303498228524e-24,10.53543472290039,1.3160452842712402,2.604082982399171e-38,14.106297492980957,1.3160452842712402,1.049984918112008e-61,17.671693801879883
H2bc3,0.15032696723937988,0.055740419775247574,1.5007091760635376,0.009943672753607549,3.0785460472106934,1.5007091760635376,6.434978429908475e-17,8.95265007019043,1.5007091760635376,1.4243127282670734e-21,10.08352279663086
H2ac4,0.31712377071380615,0.18122056126594543,0.9093993902206421,3.968882585752764e-06,5.12054967880249,0.9093993902206421,9.172765245135536e-14,8.070718765258789,0.9093993902206421,2.970290199303488e-22,10.202814102172852
H3c2,0.043900419026613235,0.032115388661623,0.4595249891281128,0.7006065648950309,-0.8914673924446106,0.4595249891281128,0.1888336008663621,1.8629802465438843,0.4595249891281128,0.058296415903795834,2.2928528785705566
H4c2,0.013118531554937363,0.011140569113194942,0.23721294105052948,0.9979940091511154,-0.40984344482421875,0.23721294105052948,0.7657415850327622,0.573196291923523,0.23721294105052948,0.6208374342125441,0.7277361750602722
H4c1,0.019487567245960236,0.02420426718890667,-0.3161222040653229,0.3125552385907168,-1.5041842460632324,-0.3161222040653229,0.5323050433656941,-0.9769178032875061,-0.3161222040653229,0.3234543639040204,-1.3058159351348877
H3c1,0.10687249153852463,0.07237669080495834,0.587548553943634,0.9979940091511154,-0.14302663505077362,0.587548553943634,0.007884476831305593,3.221541166305542,0.587548553943634,0.00031148300156022774,4.022676944732666
H1f1,0.23009780049324036,0.26442161202430725,-0.2263716757297516,0.02081610805748335,-2.808701276779175,-0.2263716757297516,0.21157362510468847,-1.7995659112930298,-0.2263716757297516,0.036000710761751674,-2.5059974193573
Carmil1,0.0009340104879811406,0.002612815471366048,-1.4853049516677856,0.9979940091511154,-0.14552025496959686,-1.4853049516677856,0.46508356612136365,-1.191087007522583,-1.4853049516677856,0.14838939182109342,-1.8297806978225708
Cmah,0.4363871216773987,0.5471636652946472,-0.41279494762420654,6.890218137968411e-05,-4.48832893371582,-0.41279494762420654,5.571503982636358e-06,-5.11221981048584,-0.41279494762420654,4.1552333349314066e-11,-7.016415119171143
Ripor2,0.9261994957923889,0.7985506057739258,0.3190905451774597,4.87936785142447e-08,5.949498653411865,0.3190905451774597,5.683340667932497e-06,5.106500625610352,0.3190905451774597,5.629302310950294e-11,6.971202850341797
Armh2,0.0,0.0,0.0,0.9979940091511154,0.11319231241941452,0.0,1.0,0.0,0.0,1.0,0.0
Gmnn,1.1100423336029053,1.179330587387085,-0.14666791260242462,0.041302728147201415,-2.533601999282837,-0.14666791260242462,0.07366541954136996,-2.3610122203826904,-0.14666791260242462,0.004741439674845493,-3.2430014610290527
BC005537,0.5988050699234009,0.6665374040603638,-0.2085757702589035,0.020151069894480823,-2.820902109146118,-0.2085757702589035,0.006568329487231645,-3.2838475704193115,-0.2085757702589035,0.00010031568618806217,-4.3069257736206055
Acot13,0.2342076301574707,0.2718246579170227,-0.24316617846488953,0.00952144439007616,-3.094398260116577,-0.24316617846488953,0.05891116633041759,-2.461735725402832,-0.24316617846488953,0.0037939077440351542,-3.315416097640991
Tdp2,0.34936049580574036,0.32754987478256226,0.1096208468079567,0.9309262083632902,0.5947272181510925,0.1096208468079567,0.42718884159955595,1.2619178295135498,0.1096208468079567,0.18690978581387932,1.6665571928024292
D130043K22Rik,0.0,0.0,0.0,0.9979940091511154,0.11319231241941452,0.0,1.0,0.0,0.0,1.0,0.0
Aldh5a1,0.0039652446284890175,0.008509596809744835,-1.1049621105194092,0.8603448125185816,-0.685387909412384,-1.1049621105194092,0.26746702012511614,-1.6441023349761963,-1.1049621105194092,0.04391476418130821,-2.416699171066284
Gpld1,0.0026129267644137144,0.0,21.319120407104492,0.9979940091511154,0.2783052623271942,21.319120407104492,0.09841903261353578,2.218945026397705,21.319120407104492,0.06890099184667126,2.218945026397705
Mrs2,0.15558284521102905,0.18023893237113953,-0.2305109053850174,0.0015434823049436312,-3.6717591285705566,-0.2305109053850174,0.17824347294039472,-1.8988255262374878,-0.2305109053850174,0.03325671623476946,-2.539177656173706
Dcdc2a,0.0,0.0006454145768657327,-19.300334930419922,0.9979940091511154,0.027607882395386696,-19.300334930419922,0.5196272646011879,-1.0,-19.300334930419922,0.16021537352752957,-1.759765386581421
Rps18-ps5,0.04441403970122337,0.05393572151660919,-0.28714993596076965,0.03334703679643362,-2.6218581199645996,-0.28714993596076965,0.3957659009068697,-1.3273117542266846,-0.28714993596076965,0.16021537352752957,-1.7846180200576782
Sox4,0.010870233178138733,0.016718309372663498,-0.625274121761322,0.6887480099568166,-0.9066072106361389,-0.625274121761322,0.43449304023127155,-1.248201608657837,-0.625274121761322,0.16021537352752957,-1.7871309518814087
Cdkal1,0.13936004042625427,0.14424045383930206,-0.05326245725154877,0.04381766754832746,-2.508042335510254,-0.05326245725154877,0.8709791679072761,-0.3913482427597046,-0.05326245725154877,0.7518027891774985,-0.5236406326293945
E2f3,0.13989470899105072,0.16086241602897644,-0.21698980033397675,0.009138209134799853,-3.1078460216522217,-0.21698980033397675,0.2836695962463515,-1.6022876501083374,-0.21698980033397675,0.07340265844891271,-2.1884849071502686
Mboat1,0.049658551812171936,0.07035937160253525,-0.51778244972229,0.0038036938933519835,-3.3968381881713867,-0.51778244972229,0.0608337312003349,-2.4479191303253174,-0.51778244972229,0.0029328644769164654,-3.3958897590637207
Agtr1a,0.0,0.0,0.0,0.9979940091511154,0.11319231241941452,0.0,1.0,0.0,0.0,1.0,0.0
Uqcrfs1,1.1187074184417725,1.2142443656921387,-0.20024459064006805,0.00080615360160294,-3.856821060180664,-0.20024459064006805,4.3420684985862e-05,-4.654691219329834,-0.20024459064006805,6.2334706854140966e-09,-6.227016448974609
Dusp22,0.08780848234891891,0.10420848429203033,-0.2590598165988922,0.005781253805663298,-3.2612032890319824,-0.2590598165988922,0.29782774119859434,-1.5691214799880981,-0.2590598165988922,0.0800430826492336,-2.1470625400543213
Irf4,0.19487299025058746,0.24265924096107483,-0.3521242141723633,6.041266388981703e-05,-4.521369457244873,-0.3521242141723633,0.019080251705507298,-2.913085460662842,-0.3521242141723633,0.0003624846925087121,-3.981595039367676
Exoc2,0.2357761561870575,0.2230486422777176,0.08959116786718369,0.9009078343247398,-0.6356937289237976,0.08959116786718369,0.5909514406701867,0.870360791683197,0.08959116786718369,0.40277985310136993,1.145944595336914
Hus1b,0.00347095332108438,0.0017375813331454992,0.9995018839836121,0.9979940091511154,0.10651298612356186,0.9995018839836121,0.5087371342466052,1.1088460683822632,0.9995018839836121,0.3217419038939725,1.3097442388534546
Foxq1,0.0006510347011499107,0.0,19.312847137451172,0.9979940091511154,0.16822996735572815,19.312847137451172,0.36167647049845647,1.4149366617202759,19.312847137451172,0.2795042275398297,1.4149366617202759
Foxc1,0.00029689117218367755,0.0,18.179794311523438,0.9979940091511154,0.14071114361286163,18.179794311523438,0.5196272646011879,1.0,18.179794311523438,0.46147875269036936,1.0
Gmds,0.27447712421417236,0.25358670949935913,0.12993845343589783,0.9979940091511154,0.2688651382923126,0.12993845343589783,0.3902773831226147,1.3395901918411255,0.12993845343589783,0.16021537352752957,1.7751903533935547
Mylk4,0.0,0.0005232291296124458,-18.99746322631836,0.9979940091511154,0.027607882395386696,-18.99746322631836,0.5196272646011879,-1.0,-18.99746322631836,0.16021537352752957,-1.759765386581421
Wrnip1,0.22174207866191864,0.24496887624263763,-0.161121666431427,0.023345652359785123,-2.7651519775390625,-0.161121666431427,0.29987025988636273,-1.5638999938964844,-0.161121666431427,0.09050546589309096,-2.0873234272003174
Serpinb1a,0.08200157433748245,0.05262085050344467,0.6614484190940857,0.9979940091511154,-0.2206849306821823,0.6614484190940857,0.037245351390034015,2.653404474258423,0.6614484190940857,0.004416339823704601,3.2677242755889893
Serpinb1c,0.00026412817533127964,0.0,18.01107406616211,0.9979940091511154,0.14071114361286163,18.01107406616211,0.5196272646011879,1.0,18.01107406616211,0.46147875269036936,1.0
Serpinb6b,1.6279743909835815,1.594404697418213,0.06051343306899071,0.5657378710511856,1.0736794471740723,0.06051343306899071,0.5196272646011879,1.0217353105545044,0.06051343306899071,0.27852303304184667,1.4178167581558228
Serpinb9,1.3405710458755493,1.2920907735824585,0.09557100385427475,0.11917836168138667,2.050286054611206,0.09557100385427475,0.27544933302941293,1.622656226158142,0.09557100385427475,0.0741916884331189,2.183187484741211
Serpinb9b,0.0765594094991684,0.06635932624340057,0.2137259840965271,0.22927844178092707,-1.694055199623108,0.2137259840965271,0.6349863066750535,0.794850766658783,0.2137259840965271,0.46147875269036936,1.0208055973052979
Serpinb1b,0.11156053841114044,0.08637991547584534,0.38752248883247375,0.9979940091511154,-0.4909749925136566,0.38752248883247375,0.06982873192314133,2.384397029876709,0.38752248883247375,0.00889132025091251,3.034681797027588
Serpinb6a,0.3341813087463379,0.3868477940559387,-0.25140345096588135,0.011269275551795261,-3.035264015197754,-0.25140345096588135,0.05313954158848816,-2.508749485015869,-0.25140345096588135,0.0024085196623702047,-3.4554443359375
Nqo2,0.17991070449352264,0.2150178998708725,-0.2833331227302551,0.0009482965845325102,-3.811490774154663,-0.2833331227302551,0.04683596806089903,-2.5613160133361816,-0.2833331227302551,0.002659422356931568,-3.425565719604492
Ripk1,0.3025017976760864,0.3714965283870697,-0.34896400570869446,0.0004000069506360805,-4.046781063079834,-0.34896400570869446,0.0008212336638626403,-3.906017780303955,-0.34896400570869446,1.10926958454858e-06,-5.285114765167236
Bphl,0.030599690973758698,0.04859820380806923,-0.6804549098014832,0.07526781371813647,-2.2721285820007324,-0.6804549098014832,0.05781805453096567,-2.472555160522461,-0.6804549098014832,0.0011836674982038233,-3.661764144897461
Tubb2a,0.08478108793497086,0.11841575801372528,-0.5067197680473328,0.0005877668970433385,-3.9414258003234863,-0.5067197680473328,0.022427015211181123,-2.855522632598877,-0.5067197680473328,0.000220127778740519,-4.110733985900879
Tubb2b,0.029376564547419548,0.06620381772518158,-1.1990255117416382,3.064341615339634e-05,-4.676151752471924,-1.1990255117416382,4.3955472971080454e-05,-4.667483806610107,-1.1990255117416382,1.0085028811726043e-10,-6.88289737701416
Psmg4,0.38473573327064514,0.47143614292144775,-0.36018410325050354,0.0001060973448088818,-4.3846659660339355,-0.36018410325050354,4.0091239727751796e-05,-4.67484712600708,-0.36018410325050354,3.0252449341839784e-09,-6.34510612487793
Slc22a23,0.0,0.0,0.0,0.9979940091511154,0.11319231241941452,0.0,1.0,0.0,0.0,1.0,0.0
Pxdc1,0.0,0.00404954282566905,-21.95224952697754,0.9979940091511154,0.027607882395386696,-21.95224952697754,0.5196272646011879,-1.0,-21.95224952697754,0.16021537352752957,-1.759765386581421
Prpf4b,0.7066619992256165,0.7623293399810791,-0.1544215828180313,0.08753253619308847,-2.2009716033935547,-0.1544215828180313,0.05983624829386463,-2.454826593399048,-0.1544215828180313,0.003922131915407329,-3.3048782348632812
Fam217a,0.00023551800404675305,0.0007305237813852727,-1.6334468126296997,0.9979940091511154,0.05503764748573303,-1.6334468126296997,0.7238427104117408,-0.6449162364006042,-1.6334468126296997,0.46147875269036936,-1.0371350049972534
Eci2,0.19409781694412231,0.2233579009771347,-0.2244136929512024,0.00494450084086433,-3.313123941421509,-0.2244136929512024,0.1478251727268989,-2.0085697174072266,-0.2244136929512024,0.021439953754689715,-2.7123196125030518
Cdyl,0.0898444801568985,0.1236163079738617,-0.4851619303226471,3.8464326070663895e-05,-4.624765396118164,-0.4851619303226471,0.01796662869806656,-2.9365131855010986,-0.4851619303226471,0.00023507828786896275,-4.093746185302734
Rpp40,0.01950189098715782,0.038302041590213776,-0.9874343276023865,0.05930329571370392,-2.380333662033081,-0.9874343276023865,0.014032984604177992,-3.030627965927124,-0.9874343276023865,3.348494492526639e-05,-4.564673900604248
Ppp1r3g,0.00035292550455778837,0.0,18.429262161254883,0.9979940091511154,0.14071114361286163,18.429262161254883,0.5196272646011879,1.0,18.429262161254883,0.46147875269036936,1.0
Lyrm4,0.06519975513219833,0.06578335911035538,-0.013281704857945442,0.23166041165931972,-1.687643051147461,-0.013281704857945442,1.0,-0.06640514731407166,-0.013281704857945442,1.0,-0.08971557021141052
Fars2,0.15397384762763977,0.15831944346427917,-0.043369460850954056,0.17236841316336465,-1.8548043966293335,-0.043369460850954056,0.8996445194862985,-0.34251728653907776,-0.043369460850954056,0.7911561617167001,-0.46323031187057495
Nrn1,0.0010992643656209111,0.001658308319747448,-0.5935768485069275,0.9979940091511154,-0.06020299345254898,-0.5935768485069275,0.8182056221371288,-0.48372775316238403,-0.5935768485069275,0.6606571365875644,-0.6651759147644043
F13a1,0.0,0.007041769567877054,-22.75259017944336,0.9979940091511154,-0.31472983956336975,-22.75259017944336,0.14245236198261577,-2.0327446460723877,-22.75259017944336,0.0016331914298922297,-3.5771539211273193
Ly86,0.0022389371879398823,0.013706674799323082,-2.6222753524780273,0.9979940091511154,-0.12013881653547287,-2.6222753524780273,0.2761817042067764,-1.622741937637329,-2.6222753524780273,0.01905240801267043,-2.759859323501587
Rreb1,0.040325772017240524,0.040494441986083984,-0.0061442176811397076,0.4751796687513126,-1.211540699005127,-0.0061442176811397076,1.0,-0.0227761622518301,-0.0061442176811397076,1.0,-0.03134293481707573
Ssr1,0.7692534327507019,0.8997783064842224,-0.3332093060016632,6.598576515978373e-07,-5.473217964172363,-0.3332093060016632,3.4050035204748885e-08,-6.095150947570801,-0.3332093060016632,6.3984385214863806e-15,-8.223578453063965
Cage1,0.005575045943260193,0.003274929942563176,0.7691798210144043,0.9979940091511154,0.04853643849492073,0.7691798210144043,0.4738400577029574,1.1731313467025757,0.7691798210144043,0.27810597530445835,1.419076919555664
Riok1,0.6268826723098755,0.6212354302406311,0.017549941316246986,0.8536876760308112,0.6949170827865601,0.017549941316246986,0.9481674205569537,0.2543049454689026,0.017549941316246986,0.8688836231529913,0.34248900413513184
Dsp,0.020264340564608574,0.02943955361843109,-0.5454583764076233,0.281451203674279,-1.5686620473861694,-0.5454583764076233,0.30295174183702867,-1.5566273927688599,-0.5454583764076233,0.0726146130264868,-2.193528413772583
Snrnp48,0.4728766083717346,0.4687555134296417,0.01583314687013626,0.9979940091511154,0.09440114349126816,0.01583314687013626,0.9644066083925317,0.22155477106571198,0.01583314687013626,0.8986399274922751,0.293834924697876
Txndc5,0.5214464664459229,0.576439619064331,-0.1879308521747589,0.07633013777082383,-2.2662508487701416,-0.1879308521747589,0.04465332371657511,-2.5812575817108154,-0.1879308521747589,0.0024841932940849873,-3.445692539215088
Bloc1s5,0.02595842070877552,0.04033301770687103,-0.6461851596832275,0.07821639406757137,-2.2540500164031982,-0.6461851596832275,0.10275189906438563,-2.199683427810669,-0.6461851596832275,0.005607672994664067,-3.1888175010681152
Eef1e1,0.3103492856025696,0.3978062868118286,-0.4249752461910248,3.6415976073636964e-05,-4.637856960296631,-0.4249752461910248,1.0297647773492938e-05,-4.978405952453613,-0.4249752461910248,1.439627784371853e-10,-6.8282976150512695
Slc35b3,0.16034173965454102,0.17016568779945374,-0.09307171404361725,0.04714200714306507,-2.4786534309387207,-0.09307171404361725,0.6873506737488764,-0.7074020504951477,-0.09307171404361725,0.4835866759006834,-0.9600127339363098
Tfap2a,0.001896195812150836,0.0015133438864722848,0.32564428448677063,0.9979940091511154,0.10767073929309845,0.32564428448677063,0.931585473273156,0.28298822045326233,0.32564428448677063,0.8456261791642892,0.378130704164505
Gcnt2,0.0014891301980242133,0.006617430131882429,-2.1555020809173584,0.9979940091511154,-0.3170453608036041,-2.1555020809173584,0.25434180029895803,-1.6796990633010864,-2.1555020809173584,0.020931674112726957,-2.7231173515319824
Pak1ip1,0.5180033445358276,0.5492671728134155,-0.10909493267536163,0.4382025456627551,-1.2710312604904175,-0.10909493267536163,0.2849130259886969,-1.5986237525939941,-0.10909493267536163,0.08155247852772872,-2.1374106407165527
Tmem14c,1.2952806949615479,1.4329440593719482,-0.26692527532577515,1.031716163781232e-10,-6.950506687164307,-0.26692527532577515,7.358347180912742e-07,-5.530784606933594,-0.26692527532577515,1.891302204980173e-13,-7.777733325958252
Mak,0.0,0.0010680563282221556,-20.027328491210938,0.9979940091511154,0.027607882395386696,-20.027328491210938,0.5196272646011879,-1.0,-20.027328491210938,0.16021537352752957,-1.759765386581421
Gcm2,0.002475359011441469,0.0011894527124240994,1.0582671165466309,0.9979940091511154,0.08050814270973206,1.0582671165466309,0.6002327909687698,0.8537675142288208,1.0582671165466309,0.4814953228407846,0.9640958309173584
Elovl2,0.00036767119308933616,0.0,18.488325119018555,0.9979940091511154,0.14071114361286163,18.488325119018555,0.5196272646011879,1.0,18.488325119018555,0.46147875269036936,1.0
Smim13,0.02800159342586994,0.03705940395593643,-0.4109001159667969,0.12362806677609639,-2.0322964191436768,-0.4109001159667969,0.3827866211174965,-1.3551692962646484,-0.4109001159667969,0.1265056424477006,-1.9152259826660156
Nedd9,0.35848551988601685,0.27602657675743103,0.4397289752960205,0.014225140569509076,2.9504809379577637,0.4397289752960205,5.868123751726377e-05,4.577707290649414,0.4397289752960205,3.769133270883951e-08,5.9167585372924805
Tmem170b,0.026010653004050255,0.027252310886979103,-0.06817560642957687,0.4480833593706141,-1.2546446323394775,-0.06817560642957687,0.9674462534996494,-0.21564868092536926,-0.06817560642957687,0.9032280235033152,-0.28591078519821167
Hivep1,0.08384164422750473,0.08130726963281631,0.04613597318530083,0.44591498018438147,-1.2582069635391235,0.04613597318530083,0.9579352289932102,0.23422199487686157,0.04613597318530083,0.8802277873085883,0.3242765963077545
Edn1,0.0,0.0014348039403557777,-20.453458786010742,0.9979940091511154,0.027607882395386696,-20.453458786010742,0.5196272646011879,-1.0,-20.453458786010742,0.16021537352752957,-1.759765386581421
Tbc1d7,0.11631957441568375,0.1393025517463684,-0.2770593464374542,0.0007004149046666098,-3.893779993057251,-0.2770593464374542,0.12740335592185187,-2.085329294204712,-0.2770593464374542,0.017186998767969357,-2.7965879440307617
Gfod1,0.13175302743911743,0.12861976027488708,0.03703305125236511,0.2639195514806247,-1.6087379455566406,0.03703305125236511,0.9514875252501195,0.24746185541152954,0.03703305125236511,0.8734995911116686,0.3352367877960205
Sirt5,0.020584115758538246,0.031227031722664833,-0.6089741587638855,0.05654958698431593,-2.4020638465881348,-0.6089741587638855,0.15268809145051188,-1.9896841049194336,-0.6089741587638855,0.0219013906297604,-2.704468250274658
Nol7,1.2809638977050781,1.295008659362793,-0.02798009291291237,0.7607449832462296,-0.8122060894966125,-0.02798009291291237,0.7085413412592164,-0.6697627902030945,-0.02798009291291237,0.5039969187663317,-0.9242620468139648
Ranbp9,0.3553912937641144,0.369179368019104,-0.06545894593000412,0.6535687395164579,-0.9528281688690186,-0.06545894593000412,0.6416280149958866,-0.7835206389427185,-0.06545894593000412,0.45581240363995523,-1.0487303733825684
Mcur1,0.10073170065879822,0.127386674284935,-0.35828959941864014,0.000350017763733807,-4.082671165466309,-0.35828959941864014,0.0759611234502316,-2.3462295532226562,-0.35828959941864014,0.005092425709278651,-3.219531536102295
Cd83,0.012806455604732037,0.007051037158817053,0.8651221990585327,0.9979940091511154,0.40485623478889465,0.8651221990585327,0.4089726179319493,1.2994459867477417,0.8651221990585327,0.16532025247617071,1.740997552871704
Jarid2,0.31050509214401245,0.2712589502334595,0.22462710738182068,0.2871077806861153,1.55592679977417,0.22462710738182068,0.11396847131994842,2.1447548866271973,0.22462710738182068,0.011500707919715244,2.94392466545105
Dtnbp1,0.24638383090496063,0.27248549461364746,-0.16491350531578064,0.12831266722885173,-2.0129706859588623,-0.16491350531578064,0.29620722288809676,-1.573475956916809,-0.16491350531578064,0.07418596802961726,-2.1832659244537354
Mylip,0.04528532177209854,0.039094071835279465,0.21659094095230103,0.7879216424489877,-0.7773845195770264,0.21659094095230103,0.6950214932156252,0.694220781326294,0.21659094095230103,0.49091911647401465,0.9461111426353455
Gmpr,0.008932125754654408,0.01094451081007719,-0.29458603262901306,0.9979940091511154,-0.2880125343799591,-0.29458603262901306,0.8422628392521185,-0.442339688539505,-0.29458603262901306,0.6566053547863397,-0.6716759204864502
Atxn1,0.7997778058052063,0.6602773070335388,0.38929086923599243,3.643501157179683e-07,5.586855411529541,0.38929086923599243,2.697447645057979e-07,5.717782020568848,0.38929086923599243,1.172090309153715e-13,7.844412803649902
Cap2,0.00035567532177083194,0.0007077347254380584,-0.9928998351097107,0.9979940091511154,0.05521576479077339,-0.9928998351097107,0.841004562429623,-0.44447362422943115,-0.9928998351097107,0.6664003767038712,-0.6557392477989197
Fam8a1,0.07039450109004974,0.07048249244689941,-0.0018663215450942516,0.1480684669381064,-1.9394981861114502,-0.0018663215450942516,1.0,-0.009329178370535374,-0.0018663215450942516,1.0,-0.012562519870698452
Nup153,0.3073034882545471,0.335129052400589,-0.1461971551179886,0.13290736750556328,-1.9948921203613281,-0.1461971551179886,0.28276718018330055,-1.6043838262557983,-0.1461971551179886,0.07740598451540795,-2.1627540588378906
Kif13a,0.0,0.0,0.0,0.9979940091511154,0.11319231241941452,0.0,1.0,0.0,0.0,1.0,0.0
Nhlrc1,0.0002963044971693307,0.0,18.176939010620117,0.9979940091511154,0.14071114361286163,18.176939010620117,0.5196272646011879,1.0,18.176939010620117,0.46147875269036936,1.0
Tpmt,0.03031764179468155,0.0352395623922348,-0.22060821950435638,0.0978542914528669,-2.1475369930267334,-0.22060821950435638,0.5901791217348599,-0.8718900680541992,-0.22060821950435638,0.4048123951119872,-1.1419305801391602
Kdm1b,0.052030306309461594,0.04844546318054199,0.10559821873903275,0.23469941174776401,-1.6791826486587524,0.10559821873903275,0.8154797657468148,0.48897573351860046,0.10559821873903275,0.6835434136090972,0.6293566823005676
Dek,1.9271667003631592,1.7550076246261597,0.29530075192451477,2.679738006154986e-07,5.646079063415527,0.29530075192451477,8.646608616578047e-09,6.368465900421143,0.29530075192451477,1.0938619948961288e-18,9.273612022399902
Rnf144b,0.0009289364097639918,0.001080658403225243,-0.21836800873279572,0.9984208920935209,-0.0025826727505773306,-0.21836800873279572,1.0,-0.14652150869369507,-0.21836800873279572,0.9653404822658922,-0.1845639944076538
Id4,0.0,0.0,0.0,0.9979940091511154,0.11319231241941452,0.0,1.0,0.0,0.0,1.0,0.0
Zfp169,0.015655433759093285,0.011645556427538395,0.4297829866409302,0.9979940091511154,-0.1677846759557724,0.4297829866409302,0.5940105540823032,0.8654776215553284,0.4297829866409302,0.4043071001138276,1.143175721168518
A830005F24Rik,0.024198094382882118,0.012908645905554295,0.9147243499755859,0.9979940091511154,0.19628313183784485,0.9147243499755859,0.04849409307912717,2.544703960418701,0.9147243499755859,0.007854404418673107,3.0781683921813965
Ptpdc1,0.0009865963365882635,0.0012210418935865164,-0.3077496588230133,0.9979940091511154,0.025114266201853752,-0.3077496588230133,0.9618015047962899,-0.22664670646190643,-0.3077496588230133,0.8875727137371072,-0.3113955557346344
Phf2,0.14296874403953552,0.15828156471252441,-0.1581161618232727,0.006206986500501391,-3.2380483150482178,-0.1581161618232727,0.4298951554793766,-1.2568211555480957,-0.1581161618232727,0.18648029089863297,-1.6679799556732178
Fam120a,0.49338099360466003,0.5897824168205261,-0.3332657217979431,8.536891586732802e-05,-4.437387943267822,-0.3332657217979431,1.018977489022724e-05,-4.976512432098389,-0.3332657217979431,4.0633267185909317e-10,-6.668224811553955
Ninj1,0.03809170797467232,0.055560216307640076,-0.557274341583252,0.049838225658055964,-2.4549641609191895,-0.557274341583252,0.1484673721143369,-2.007422924041748,-0.557274341583252,0.01055446628084833,-2.973949909210205
Card19,0.2469215989112854,0.23106399178504944,0.10765456408262253,0.9979940091511154,-0.08433762192726135,0.10765456408262253,0.5286839288041469,0.9843741655349731,0.10765456408262253,0.31132225336985536,1.3311612606048584
Susd3,0.100462406873703,0.08935227245092392,0.17722056806087494,0.1602647351597337,-1.8963052034378052,0.17722056806087494,0.5196272646011879,1.079676628112793,0.17722056806087494,0.2879797736049911,1.3859920501708984
Fgd3,0.04950760677456856,0.04947354272007942,0.0010178041411563754,0.5352381732274413,-1.1219487190246582,0.0010178041411563754,1.0,0.004064121749252081,0.0010178041411563754,1.0,0.0055805714800953865
Bicd2,0.1426541954278946,0.11396519094705582,0.34506621956825256,0.9979940091511154,-0.12272148579359055,0.34506621956825256,0.056228861103105425,2.4818170070648193,0.34506621956825256,0.005080819220677547,3.2208008766174316
Ippk,0.026724815368652344,0.048345714807510376,-0.8709018230438232,0.006700948335979312,-3.2124886512756348,-0.8709018230438232,0.010321387878123527,-3.1365652084350586,-0.8709018230438232,4.0563342522550075e-05,-4.520514488220215
Cenpp,0.2806277275085449,0.25675761699676514,0.14623941481113434,0.9979940091511154,0.3175796866416931,0.14623941481113434,0.30383595576668804,1.554293155670166,0.14623941481113434,0.10158979546377052,2.029367685317993
Tes3-ps,0.01173070352524519,0.00618567131459713,0.9272931218147278,0.9984208920935209,-0.004898172337561846,0.9272931218147278,0.22094981461586252,1.7707569599151611,0.9272931218147278,0.09579060176025314,2.0593502521514893
Ecm2,0.0031550328712910414,0.004331609699875116,-0.458097368478775,0.9979940091511154,-0.17677949368953705,-0.458097368478775,0.7834058740725507,-0.5424345135688782,-0.458097368478775,0.6040026685091874,-0.7556836009025574
Aspn,0.00046393045340664685,0.0012237114133313298,-1.3998291492462158,0.9979940091511154,-0.0302796121686697,-1.3998291492462158,0.6521352671765516,-0.767812192440033,-1.3998291492462158,0.41765662014249,-1.1178977489471436
Omd,0.0015239636413753033,0.0031925335060805082,-1.0680768489837646,0.9979940091511154,-0.20287339389324188,-1.0680768489837646,0.5196272646011879,-1.0113250017166138,-1.0680768489837646,0.26393021271190936,-1.453232765197754
Ogn,0.0006094020209275186,0.0,19.21747589111328,0.9979940091511154,0.16822996735572815,19.21747589111328,0.36277044817776777,1.4025464057922363,19.21747589111328,0.2826714350734626,1.4025464057922363
Nol8,0.1547437608242035,0.2351972460746765,-0.6639096736907959,1.8271648096229335e-08,-6.12396240234375,-0.6639096736907959,1.2140380656737245e-05,-4.949790000915527,-0.6639096736907959,2.194046866985509e-11,-7.112087726593018
Iars,0.15408651530742645,0.22137576341629028,-0.5728135704994202,1.6577646102776663e-07,-5.733355522155762,-0.5728135704994202,1.4071015943881418e-05,-4.910960674285889,-0.5728135704994202,1.5220242783306247e-10,-6.819273948669434
Fbxw17,0.06303174048662186,0.05943641811609268,0.0873512402176857,0.19114418815746978,-1.7984308004379272,0.0873512402176857,0.8326264834420632,0.45854997634887695,0.0873512402176857,0.7081016053744073,0.5914278626441956
Spin1,0.16881968080997467,0.19653494656085968,-0.23990342020988464,0.014660501736853975,-2.9394378662109375,-0.23990342020988464,0.1832505938574449,-1.8821654319763184,-0.23990342020988464,0.02600288444587017,-2.637817859649658
Nxnl2,0.005393000785261393,0.0029363741632550955,0.8788255453109741,0.9979940091511154,0.04880360886454582,0.8788255453109741,0.4574510616805358,1.2047038078308105,0.8788255453109741,0.27589047675396766,1.4243537187576294
S1pr3,0.0,0.0,0.0,0.9979940091511154,0.11319231241941452,0.0,1.0,0.0,0.0,1.0,0.0
Shc3,0.0003079210000578314,0.0,18.2324275970459,0.9979940091511154,0.14071114361286163,18.2324275970459,0.5196272646011879,1.0,18.2324275970459,0.46147875269036936,1.0
Cks2,1.9939769506454468,1.6541759967803955,0.5853108167648315,4.673795184912166e-28,11.411316871643066,0.5853108167648315,1.1226750061381131e-21,10.628371238708496,0.5853108167648315,1.4805994558630076e-53,16.277772903442383
Secisbp2,0.21639077365398407,0.2512073516845703,-0.24133223295211792,0.008094962402399259,-3.1487233638763428,-0.24133223295211792,0.09966170645533305,-2.2148349285125732,-0.24133223295211792,0.009402430134331051,-3.0146536827087402
Sema4d,0.6928282976150513,0.7299757599830627,-0.10529735684394836,0.6768083714982946,-0.9222813844680786,-0.10529735684394836,0.21350010640593242,-1.7927820682525635,-0.10529735684394836,0.049555894079717326,-2.3647780418395996
Gadd45g,0.07541190832853317,0.10411336272954941,-0.48630455136299133,0.005994144083033613,-3.249002456665039,-0.48630455136299133,0.09754953395249633,-2.226547956466675,-0.48630455136299133,0.005914733233255502,-3.170804738998413
Syk,0.011685839854180813,0.012639990076422691,-0.11392367631196976,0.9979940091511154,-0.13064761459827423,-0.11392367631196976,0.9792746657923226,-0.19241605699062347,-0.11392367631196976,0.9070927494415028,-0.2794874608516693
Auh,0.3230857253074646,0.2911175787448883,0.1745535284280777,0.4113838425524586,1.3167178630828857,0.1745535284280777,0.15579360271627518,1.9777485132217407,0.1745535284280777,0.027656964718044432,2.6131858825683594
Nfil3,0.1256134808063507,0.11114154756069183,0.18723812699317932,0.7779945717857667,-0.7893182635307312,0.18723812699317932,0.5196272646011879,1.0755246877670288,0.18723812699317932,0.257656232833614,1.4685769081115723
Sptlc1,0.19945921003818512,0.20962096750736237,-0.0792691558599472,0.1911491364242684,-1.7982527017593384,-0.0792691558599472,0.6780618889385285,-0.7235234379768372,-0.0792691558599472,0.4766057556563396,-0.9731651544570923
Drd1,0.0008188380743376911,0.0,19.643810272216797,0.9979940091511154,0.16822996735572815,19.643810272216797,0.3752503464483834,1.3704811334609985,19.643810272216797,0.2944607872379667,1.3704811334609985
Sfxn1,0.46315139532089233,0.6077730059623718,-0.5056365728378296,5.392973083347389e-09,-6.32808256149292,-0.5056365728378296,6.374964723623406e-10,-6.7871809005737305,-0.5056365728378296,4.815655668098168e-19,-9.370418548583984
Hrh2,0.0428149551153183,0.034848980605602264,0.3027815520763397,0.6430413965796181,-0.9668102264404297,0.3027815520763397,0.4693729828481406,1.181506872177124,0.3027815520763397,0.24561477215396746,1.4990531206130981
Thoc3,0.3333015739917755,0.4029749035835266,-0.32719722390174866,0.0011479817559823728,-3.7573435306549072,-0.32719722390174866,0.0003938902264028827,-4.103839874267578,-0.32719722390174866,3.2128652327272256e-07,-5.522557735443115
Simc1,0.02169485203921795,0.026516683399677277,-0.2930396497249603,0.39242158488466145,-1.3489567041397095,-0.2930396497249603,0.5785373292942978,-0.8927599787712097,-0.2930396497249603,0.36884130228792084,-1.2096456289291382
4833439L19Rik,0.16382859647274017,0.1915123164653778,-0.24581076204776764,0.0055866841575412255,-3.2724244594573975,-0.24581076204776764,0.14742118314427574,-2.0103530883789062,-0.24581076204776764,0.02011676230409637,-2.738008499145508
Arl10,0.009609459899365902,0.014209996908903122,-0.5677042007446289,0.9714892571601285,-0.5437862277030945,-0.5677042007446289,0.559584031852919,-0.926755428314209,-0.5677042007446289,0.2795042275398297,-1.415320634841919
Nop16,0.09480096399784088,0.18505525588989258,-1.0316050052642822,6.609402158785256e-12,-7.345833778381348,-1.0316050052642822,5.68895793065699e-11,-7.213958740234375,-1.0316050052642822,6.45765175394324e-24,-10.576458930969238
Higd2a,0.7060936093330383,0.7128953337669373,-0.01931268721818924,0.9979940091511154,0.45330360531806946,-0.01931268721818924,0.8899592125481217,-0.358871728181839,-0.01931268721818924,0.789293126488929,-0.4657976031303406
Cltb,0.2018551379442215,0.26175710558891296,-0.4197864830493927,6.509701661675631e-05,-4.501687526702881,-0.4197864830493927,0.0005898745331018728,-3.9972448348999023,-0.4197864830493927,4.2345101707798953e-07,-5.469233989715576
Faf2,0.2551478445529938,0.28734922409057617,-0.19574880599975586,0.078839780388319,-2.250309467315674,-0.19574880599975586,0.14833682367856574,-2.0070486068725586,-0.19574880599975586,0.019367967781987253,-2.7517306804656982
Rnf44,0.17929235100746155,0.18382737040519714,-0.039407845586538315,0.31972762098298196,-1.4888663291931152,-0.039407845586538315,0.9187389621869356,-0.30624112486839294,-0.039407845586538315,0.8176844519555242,-0.42211291193962097
Sncb,0.0035888522397726774,0.004879733081907034,-0.44421151280403137,0.9979940091511154,-0.23297490179538727,-0.44421151280403137,0.7635937659286401,-0.5773520469665527,-0.44421151280403137,0.5784817406389973,-0.797980010509491
Tspan17,0.0133067537099123,0.01099853403866291,0.2765159010887146,0.9979940091511154,-0.2818675637245178,0.2765159010887146,0.7348673873983497,0.626582682132721,0.2765159010887146,0.5775897778599268,0.799606204032898
Unc5a,0.004150888882577419,0.005421231966465712,-0.38611742854118347,0.9979940091511154,0.07552091777324677,-0.38611742854118347,0.9109538522068397,-0.3213091790676117,-0.38611742854118347,0.7606525966277701,-0.5098446607589722
Hk3,0.00025294936494901776,0.0075014266185462475,-4.895471096038818,0.9979940091511154,-0.20180471241474152,-4.895471096038818,0.25534380342300983,-1.6768893003463745,-4.895471096038818,0.011727184441585636,-2.940394401550293
Uimc1,0.3751683831214905,0.35315871238708496,0.10405971109867096,0.9049263923543184,0.6311517953872681,0.10405971109867096,0.4381338492169833,1.240687608718872,0.10405971109867096,0.19529107708082008,1.6413825750350952
Zfp346,0.03747730702161789,0.03035338595509529,0.30932778120040894,0.9266794830644679,-0.6019408702850342,0.30932778120040894,0.5076656922221279,1.1108084917068481,0.30932778120040894,0.2558881450212666,1.4727308750152588
Nsd1,0.5223017930984497,0.5667695999145508,-0.15285205841064453,0.16510647829172376,-1.8792952299118042,-0.15285205841064453,0.10839320113580948,-2.171412944793701,-0.15285205841064453,0.013007299888029547,-2.9001495838165283
Rab24,0.4208417236804962,0.2944384813308716,0.6119152307510376,1.231711977503675e-09,6.569963455200195,0.6119152307510376,1.4311381090182273e-11,7.367678165435791,0.6119152307510376,2.712425111055361e-20,9.700559616088867
Prelid1,1.5064430236816406,1.5904663801193237,-0.15396404266357422,5.243856337148897e-06,-5.062038898468018,-0.15396404266357422,0.0029096253462702823,-3.55132794380188,-0.15396404266357422,2.846774715980576e-06,-5.096432209014893
Mxd3,0.63365238904953,0.39895570278167725,0.8512611985206604,1.0547327699761079e-18,9.285243034362793,0.8512611985206604,1.3014508643508541e-23,10.87113094329834,0.8512611985206604,1.0511595037214174e-41,14.236620903015137
Lman2,1.0102598667144775,1.1821670532226562,-0.37292441725730896,2.2462193551941998e-11,-7.173774242401123,-0.37292441725730896,5.323191979865398e-13,-7.862893104553223,-0.37292441725730896,1.0454509480005232e-23,-10.533689498901367
Rgs14,0.1713780015707016,0.15534742176532745,0.15356214344501495,0.8254147960006097,-0.7305401563644409,0.15356214344501495,0.40785332165739274,1.3017997741699219,0.15356214344501495,0.1762745883506323,1.7018139362335205
Slc34a1,0.0,0.0,0.0,0.9979940091511154,0.11319231241941452,0.0,1.0,0.0,0.0,1.0,0.0
F12,0.0007715516840107739,0.0004834468418266624,0.6746124029159546,0.9979940091511154,0.08282364159822464,0.6746124029159546,0.8704981918410879,0.3929142355918884,0.6746124029159546,0.7882473937240149,0.46773165464401245
Grk6,0.8238742351531982,0.7098761796951294,0.3074969947338104,3.7833211775485897e-06,5.1300787925720215,0.3074969947338104,1.1667035812219718e-05,4.944960117340088,0.3074969947338104,6.769560626976487e-10,6.587619781494141
Prr7,0.18312761187553406,0.17226937413215637,0.0962475910782814,0.4997092842229701,-1.17458176612854,0.0962475910782814,0.6790405360206522,0.7216121554374695,0.0962475910782814,0.4733624384128386,0.978890061378479
Dbn1,0.0003936638531740755,0.00063610594952479,-0.6924763917922974,0.9979940091511154,0.05521576479077339,-0.6924763917922974,0.9089521922134438,-0.3240920901298523,-0.6924763917922974,0.7975285491659009,-0.4536319971084595
Pdlim7,0.07457942515611649,0.06579035520553589,0.18731562793254852,0.32135362491554365,-1.485482096672058,0.18731562793254852,0.5327661666246051,0.9759039878845215,0.18731562793254852,0.33927248107248154,1.2719333171844482
Dok3,0.004046431742608547,0.005431374069303274,-0.42566660046577454,0.9979940091511154,0.10312879830598831,-0.42566660046577454,0.8728639863598662,-0.3884845972061157,-0.42566660046577454,0.7097266550317558,-0.5890108942985535
Ddx41,0.28030696511268616,0.30085423588752747,-0.11759559065103531,0.18652870873154473,-1.8116114139556885,-0.11759559065103531,0.4307165508386338,-1.2549704313278198,-0.11759559065103531,0.17790866259966126,-1.6957734823226929
Fam193b,0.14781920611858368,0.10611872375011444,0.50887131690979,0.9979940091511154,0.31562042236328125,0.50887131690979,0.002608415384847093,3.5752224922180176,0.50887131690979,4.251620797575177e-05,4.512143135070801
Tmed9,1.2458304166793823,1.3918333053588867,-0.2877007722854614,8.820601799620853e-11,-6.975353717803955,-0.2877007722854614,1.7825382175962674e-09,-6.613180160522461,-0.2877007722854614,6.427930574440506e-18,-9.068168640136719
B4galt7,0.16059933602809906,0.15984244644641876,0.007375875487923622,0.19338951814761535,-1.7921077013015747,0.007375875487923622,1.0,0.05540275201201439,0.007375875487923622,1.0,0.07478553801774979
Caml,0.1213364526629448,0.15143419802188873,-0.34188228845596313,0.00017665123769011303,-4.2587385177612305,-0.34188228845596313,0.05319593123270161,-2.507943868637085,-0.34188228845596313,0.0027632528180650136,-3.4140501022338867
Ddx46,0.833755612373352,0.9723370671272278,-0.33664119243621826,1.5871340828853315e-06,-5.3029398918151855,-0.33664119243621826,3.02674268656264e-09,-6.505451679229736,-0.33664119243621826,6.647509641872089e-16,-8.515448570251465
B230219D22Rik,0.30885499715805054,0.28748658299446106,0.11961415410041809,0.9979940091511154,-0.08451574295759201,0.11961415410041809,0.4175040211826949,1.2808152437210083,0.11961415410041809,0.18841897664358792,1.6620659828186035
Txndc15,0.2254325896501541,0.2750761806964874,-0.32443737983703613,0.001079300591187658,-3.7750661373138428,-0.32443737983703613,0.00634623233767406,-3.297395706176758,-0.32443737983703613,5.27445174367082e-05,-4.459078788757324
Pcbd2,0.6334841251373291,0.554932177066803,0.253239244222641,0.0015458874149157694,3.671135663986206,0.253239244222641,0.000820418112853095,3.904343366622925,0.253239244222641,2.0376681914511047e-06,5.164623737335205
Catsper3,0.0004971979651600122,0.0018971642712131143,-1.9329602718353271,0.9979940091511154,-0.11577498912811279,-1.9329602718353271,0.48256102141070617,-1.159569501876831,-1.9329602718353271,0.16203000504724605,-1.7526081800460815
Macroh2a1,1.4875694513320923,1.4753837585449219,0.022751949727535248,0.6619113971519234,0.9424083828926086,0.022751949727535248,0.7777524303876214,0.5511887669563293,0.022751949727535248,0.5964876025445761,0.7690642476081848
Tifab,0.0,0.008910750970244408,-23.093547821044922,0.9979940091511154,-0.143560990691185,-23.093547821044922,0.307272548949152,-1.548331618309021,-23.093547821044922,0.02095286850467443,-2.724700450897217
Fbxl21,0.00036112964153289795,0.0,18.462421417236328,0.9979940091511154,0.14071114361286163,18.462421417236328,0.5196272646011879,1.0,18.462421417236328,0.46147875269036936,1.0
Tgfbi,0.0009492489043623209,0.02551059052348137,-4.765920639038086,0.9979940091511154,-0.34581097960472107,-4.765920639038086,0.15517698751902656,-1.9840813875198364,-4.765920639038086,0.0022577834470415416,-3.480522394180298
Smad5,0.04252682998776436,0.03774624690413475,0.1755117028951645,0.3752868115771939,-1.3806612491607666,0.1755117028951645,0.6842107854255813,0.7122841477394104,0.1755117028951645,0.5157375732735844,0.9043326377868652
Klhl3,0.0039318329654634,0.010632030665874481,-1.4399820566177368,0.6842223782215353,-0.9119506478309631,-1.4399820566177368,0.11075309721082119,-2.1610300540924072,-1.4399820566177368,0.00572653966965313,-3.182067632675171
Hnrnpa0,1.3224408626556396,1.4174878597259521,-0.18388038873672485,0.00010187289756866291,-4.3944621086120605,-0.18388038873672485,5.107685877058326e-05,-4.617488384246826,-0.18388038873672485,7.005154386320582e-09,-6.207006454467773
Idnk,0.5105569362640381,0.5289796590805054,-0.06557561457157135,0.9682255916831214,-0.5496640205383301,-0.06557561457157135,0.5524171829127876,-0.9408082365989685,-0.06557561457157135,0.345761101016336,-1.258650541305542
Ubqln1,0.25508710741996765,0.30312904715538025,-0.28520679473876953,0.005310989008523969,-3.2892563343048096,-0.28520679473876953,0.012317987364242843,-3.0708837509155273,-0.28520679473876953,0.0001736263378996125,-4.17068338394165
Gkap1,0.0319804884493351,0.046403419226408005,-0.5475112795829773,0.01857106886752276,-2.8531410694122314,-0.5475112795829773,0.12808583242500382,-2.08267879486084,-0.5475112795829773,0.016364791220302047,-2.81477427482605
Kif27,0.0,0.0,0.0,0.9979940091511154,0.11319231241941452,0.0,1.0,0.0,0.0,1.0,0.0
2210016F16Rik,0.4575043022632599,0.48726895451545715,-0.11408763378858566,0.35737753524676413,-1.4151265621185303,-0.11408763378858566,0.26013763050509153,-1.6610949039459229,-0.11408763378858566,0.07434903263602283,-2.182142972946167
Hnrnpk,1.7613868713378906,1.8558588027954102,-0.16302458941936493,1.2380463119059258e-05,-4.880094051361084,-0.16302458941936493,3.297847574845625e-06,-5.218131065368652,-0.16302458941936493,4.2729550760638303e-11,-7.013318061828613
Rmi1,0.15362271666526794,0.15083187818527222,0.028514595702290535,0.05011150726580011,-2.452559471130371,0.028514595702290535,0.9584293337694368,0.23296160995960236,0.028514595702290535,0.8966375214955384,0.29705289006233215
Slc28a3,0.0006005764007568359,0.004441109951585531,-2.889270067214966,0.9979940091511154,-0.17410777509212494,-2.889270067214966,0.31691892827920815,-1.5256069898605347,-2.889270067214966,0.028119937565719788,-2.607872486114502
Agtpbp1,0.15824264287948608,0.16288474202156067,-0.04515111818909645,0.03343422533486051,-2.6208784580230713,-0.04515111818909645,0.8836201936289004,-0.36973878741264343,-0.04515111818909645,0.7784885617906003,-0.48295700550079346
Naa35,0.2938983142375946,0.32370930910110474,-0.16199088096618652,0.12666031004951314,-2.0198283195495605,-0.16199088096618652,0.2268831254477381,-1.7561988830566406,-0.16199088096618652,0.04733749772413285,-2.3855574131011963
Golm1,0.2819361686706543,0.3135843873023987,-0.17744578421115875,0.03702256071428517,-2.5792884826660156,-0.17744578421115875,0.2193060931472527,-1.7769590616226196,-0.17744578421115875,0.044899633442120584,-2.4076449871063232
4921517D22Rik,0.0,0.0,0.0,0.9979940091511154,0.11319231241941452,0.0,1.0,0.0,0.0,1.0,0.0
Spata31d1a,0.0010029386030510068,0.001292846049182117,-0.36652621626853943,0.9979940091511154,0.025114266201853752,-0.36652621626853943,0.9403718796691586,-0.2668759822845459,-0.36652621626853943,0.8512194232185276,-0.3694123923778534
1700014D04Rik,0.0,0.0,0.0,0.9979940091511154,0.11319231241941452,0.0,1.0,0.0,0.0,1.0,0.0
Isca1,0.19459986686706543,0.1891389936208725,0.045128945261240005,0.22269200684650672,-1.7115105390548706,0.045128945261240005,0.8661741430878954,0.4004009962081909,0.045128945261240005,0.7531899333542217,0.5211004018783569
Tut7,0.5666478872299194,0.5456475019454956,0.07102899998426437,0.4032119213342445,1.3309670686721802,0.07102899998426437,0.5297396810190845,0.982530415058136,0.07102899998426437,0.3126627095188821,1.3283740282058716
Dapk1,0.0,0.0,0.0,0.9979940091511154,0.11319231241941452,0.0,1.0,0.0,0.0,1.0,0.0
4930486L24Rik,0.0022409027442336082,0.0012390511110424995,0.855566680431366,0.9979940091511154,0.08050814270973206,0.855566680431366,0.6778679213754017,0.7236824035644531,0.855566680431366,0.5491560449199654,0.8471929430961609
Gm49392,0.0010887255193665624,0.003719521453604102,-1.7743743658065796,0.9979940091511154,-0.2310156226158142,-1.7743743658065796,0.3588081628257606,-1.4301098585128784,-1.7743743658065796,0.06432680424544099,-2.2495615482330322
Ctla2b,0.0602864995598793,0.07720455527305603,-0.36919450759887695,0.006652073513687701,-3.214982271194458,-0.36919450759887695,0.19160074540389455,-1.8556199073791504,-0.36919450759887695,0.030079488739508015,-2.579641580581665
Ctla2a,1.4192184209823608,1.567143440246582,-0.27536189556121826,0.018976170776731884,-2.8447694778442383,-0.27536189556121826,0.0024865847731692383,-3.5926783084869385,-0.27536189556121826,1.3423013069758703e-05,-4.771291255950928
Zfp808,0.0050133694894611835,0.01122424378991127,-1.1672518253326416,0.562432039823389,-1.079111933708191,-1.1672518253326416,0.14675360578640426,-2.013894557952881,-1.1672518253326416,0.014921703064005568,-2.849086284637451
Gm3604,0.009526524692773819,0.01391371339559555,-0.5496563911437988,0.8385596564464798,-0.7138863801956177,-0.5496563911437988,0.5196272646011879,-1.0150781869888306,-0.5496563911437988,0.26581126096246227,-1.448829174041748
Gm49359,0.026479700580239296,0.041872814297676086,-0.6722941994667053,0.06758890534898135,-2.3205759525299072,-0.6722941994667053,0.09593157030210751,-2.235643148422241,-0.6722941994667053,0.0045721279308307385,-3.2548670768737793
Zfp934,0.04312881454825401,0.04600278288125992,-0.09515739232301712,0.13162985145842407,-2.0000574588775635,-0.09515739232301712,0.8621513333957538,-0.40723487734794617,-0.09515739232301712,0.7450011366312912,-0.5340681076049805
6720489N17Rik,0.01039720606058836,0.02856173738837242,-1.4710332155227661,0.06436832422225137,-2.3425731658935547,-1.4710332155227661,0.011815115457877595,-3.0930519104003906,-1.4710332155227661,8.231574895513757e-06,-4.879929065704346
Platr25,0.04244145378470421,0.046270325779914856,-0.12739543616771698,0.09756569292337917,-2.149139881134033,-0.12739543616771698,0.777934789583119,-0.5507305264472961,-0.12739543616771698,0.6232240737755447,-0.7239934802055359
Gm5141,0.0219240952283144,0.016676748171448708,0.39847657084465027,0.995521601916441,-0.5139518976211548,0.39847657084465027,0.47586619953878323,1.170000672340393,0.39847657084465027,0.25971626554462396,1.4630391597747803
Aopep,0.6956561207771301,0.6285955905914307,0.1999157965183258,0.005450021004428378,3.280439615249634,0.1999157965183258,0.01076540184412464,3.117435932159424,0.1999157965183258,0.000243410231332666,4.085778713226318
Fancc,0.03579525649547577,0.03484369069337845,0.039561234414577484,0.5038294182200443,-1.1686148643493652,0.039561234414577484,0.9979805951279281,0.15619543194770813,0.039561234414577484,0.9532518163320326,0.20563912391662598
Ptch1,0.11817203462123871,0.11146605759859085,0.08921398967504501,0.24759183263924922,-1.6474781036376953,0.08921398967504501,0.7646781343782524,0.5752644538879395,0.08921398967504501,0.6015931000965073,0.7595934867858887
Ercc6l2,0.13398341834545135,0.16772107779979706,-0.3489578068256378,0.0006065677622617981,-3.9324309825897217,-0.3489578068256378,0.04130927649065643,-2.6140458583831787,-0.3489578068256378,0.0015260932769821497,-3.590623140335083
Slc35d2,0.11047904938459396,0.08112388104200363,0.4670875370502472,0.9614462501995121,0.5579463839530945,0.4670875370502472,0.03812408112596649,2.6463255882263184,0.4670875370502472,0.0017968497388820357,3.543020486831665
Zfp367,0.18564844131469727,0.19905181229114532,-0.1105492040514946,0.007217628178356379,-3.186661958694458,-0.1105492040514946,0.5857777838349316,-0.8791659474372864,-0.1105492040514946,0.39760355582378476,-1.1556249856948853
Habp4,0.05764884129166603,0.05754340440034866,0.0027179631870239973,0.16906446865825278,-1.8654022216796875,0.0027179631870239973,1.0,0.013027742505073547,0.0027179631870239973,1.0,0.017328279092907906
Cdc14b,0.085670106112957,0.10813666135072708,-0.3524598181247711,0.010079409403409914,-3.0739150047302246,-0.3524598181247711,0.14732417761686484,-2.011772394180298,-0.3524598181247711,0.015050440039018193,-2.8456735610961914
Prxl2c,0.16743537783622742,0.18963642418384552,-0.19612276554107666,0.030102640675711237,-2.6641604900360107,-0.19612276554107666,0.30868028911968637,-1.5432482957839966,-0.19612276554107666,0.08008206048722293,-2.1467034816741943
Ctsl,0.010650122538208961,0.035857703536748886,-1.7696670293807983,0.08459674848352644,-2.217625379562378,-1.7696670293807983,0.002416632676763172,-3.6175599098205566,-1.7696670293807983,4.137320484791896e-08,-5.906139373779297
Cdk20,0.0025912688579410315,0.004054374527186155,-0.6468764543533325,0.9979940091511154,-0.23235149681568146,-0.6468764543533325,0.6785382750366477,-0.7224401831626892,-0.6468764543533325,0.4744783621112627,-0.9768748879432678
Mfsd14b,0.17236429452896118,0.1884462982416153,-0.14064180850982666,0.033837768862242226,-2.6161584854125977,-0.14064180850982666,0.44759990467407984,-1.2235935926437378,-0.14064180850982666,0.1982601811171518,-1.6319494247436523
Gm10775,0.0,0.000639191479422152,-19.286352157592773,0.9979940091511154,0.027607882395386696,-19.286352157592773,0.5196272646011879,-1.0,-19.286352157592773,0.16021537352752957,-1.759765386581421
Zfp369,0.025988029316067696,0.026022477075457573,-0.001936197280883789,0.6394388579348872,-0.9712631106376648,-0.001936197280883789,1.0,-0.006558700930327177,-0.001936197280883789,1.0,-0.00862002745270729
Uqcrb,1.3241103887557983,1.5009708404541016,-0.3375282287597656,3.868854368056345e-11,-7.094780445098877,-0.3375282287597656,8.429980735824179e-16,-8.709766387939453,-0.3375282287597656,9.632598123369548e-27,-11.240992546081543
Gm10767,0.004688476677983999,0.0081912437453866,-0.8074924945831299,0.9066390836184085,-0.6271442174911499,-0.8074924945831299,0.3882748036937382,-1.3445539474487305,-0.8074924945831299,0.1297149388389067,-1.9017401933670044
Mterf3,0.10396697372198105,0.13176383078098297,-0.3622739911079407,0.00023193462848361876,-4.189896583557129,-0.3622739911079407,0.05805990568295081,-2.4682888984680176,-0.3622739911079407,0.0033327354549858544,-3.355862617492676
Ptdss1,0.11535466462373734,0.13476192951202393,-0.23862773180007935,0.006008912866638867,-3.2482008934020996,-0.23862773180007935,0.25874377295065015,-1.6654974222183228,-0.23862773180007935,0.05946562140507669,-2.2831788063049316
Zfp712,0.013188591226935387,0.016024991869926453,-0.2830841541290283,0.9979940091511154,-0.29825419187545776,-0.2830841541290283,0.8231020596311215,-0.47528091073036194,-0.2830841541290283,0.6351427643939587,-0.7050353288650513
Gm28557,0.007613572757691145,0.004722540732473135,0.6910980343818665,0.9979940091511154,0.07605525851249695,0.6910980343818665,0.48494949720843544,1.1529300212860107,0.6910980343818665,0.2741665788041962,1.4284716844558716
Rslcan18,0.00028188375290483236,0.0007513042073696852,-1.4146323204040527,0.9979940091511154,0.05521576479077339,-1.4146323204040527,0.7590285327963885,-0.5849884152412415,-1.4146323204040527,0.5080863383190848,-0.9175593256950378
Zfp759,0.0026241422165185213,0.0026667157653719187,-0.023248936980962753,0.9979940091511154,-0.034020036458969116,-0.023248936980962753,1.0,-0.02526492066681385,-0.023248936980962753,1.0,-0.033204954117536545
Rsl1,0.013963314704596996,0.019798584282398224,-0.5079767107963562,0.5657455044721295,-1.073323130607605,-0.5079767107963562,0.4500479302664302,-1.2191954851150513,-0.5079767107963562,0.16021537352752957,-1.7589441537857056
Zfp455,0.0008091817144304514,0.001837736926972866,-1.1841357946395874,0.9979940091511154,-0.08798898756504059,-1.1841357946395874,0.6059652254885481,-0.8448765873908997,-1.1841357946395874,0.36441240284746235,-1.219457745552063
Zfp458,0.02030305191874504,0.024479633197188377,-0.2729092538356781,0.8373491751211218,-0.7160237431526184,-0.2729092538356781,0.736725471636785,-0.6238783597946167,-0.2729092538356781,0.5025535876060117,-0.9264874458312988
Zfp457,0.0008764222147874534,0.0013835339341312647,-0.6590253710746765,0.9984208920935209,-0.0025826727505773306,-0.6590253710746765,0.8466417138497304,-0.4344618022441864,-0.6590253710746765,0.6983256507473632,-0.6062115430831909
Zfp595,0.032459650188684464,0.0229239072650671,0.5087049603462219,0.9979940091511154,-0.3323632776737213,0.5087049603462219,0.2652130905488027,1.6481482982635498,0.5087049603462219,0.09319587604916686,2.0732247829437256
Gm28044,0.0002719565818551928,0.0,18.053218841552734,0.9979940091511154,0.14071114361286163,18.053218841552734,0.5196272646011879,1.0,18.053218841552734,0.46147875269036936,1.0
Zfp953,0.030996013432741165,0.023559575900435448,0.4011576473712921,0.9426774900045901,-0.5804779529571533,0.4011576473712921,0.3938891321663005,1.3313461542129517,0.4011576473712921,0.19052651056092546,1.6558113098144531
Gm28041,0.008077375590801239,0.006237301044166088,0.3742935061454773,0.9979940091511154,-0.14605459570884705,0.3742935061454773,0.6983446275842041,0.687555193901062,0.3742935061454773,0.5414370162650433,0.8597721457481384
Zfp456,0.027171097695827484,0.017664579674601555,0.6280965209007263,0.9979940091511154,-0.20697005093097687,0.6280965209007263,0.1526774117296465,1.9884569644927979,0.6280965209007263,0.04264102655860504,2.4305386543273926
Zfp429,0.06280209869146347,0.057524990290403366,0.13046884536743164,0.8341053612367951,-0.7202985286712646,0.13046884536743164,0.7639271467889562,0.5765230059623718,0.13046884536743164,0.5777947675391905,0.7991931438446045
Zfp459,0.015899812802672386,0.020427485927939415,-0.36477768421173096,0.3346438861920043,-1.4592992067337036,-0.36477768421173096,0.5311797748240644,-0.9796491861343384,-0.36477768421173096,0.33022968806824626,-1.2912108898162842
Zfp874a,0.01104669738560915,0.014887917786836624,-0.433303564786911,0.7160618670850804,-0.8708060383796692,-0.433303564786911,0.628679536599183,-0.808028519153595,-0.433303564786911,0.40227774390355303,-1.1469515562057495
Zfp874b,0.01711326278746128,0.012169540859758854,0.49541476368904114,0.9979940091511154,-0.32060766220092773,0.49541476368904114,0.4361106370737029,1.2443788051605225,0.49541476368904114,0.2293366565184504,1.543257474899292
Zfp58,0.01253494992852211,0.00868486799299717,0.532162606716156,0.9979940091511154,-0.1644895374774933,0.532162606716156,0.4685618199101829,1.182916522026062,0.532162606716156,0.26602487562887245,1.4484338760375977
Zfp87,0.06424859911203384,0.04727204144001007,0.45503759384155273,0.9979940091511154,-0.2895265221595764,0.45503759384155273,0.13513974301356751,2.054950475692749,0.45503759384155273,0.023440391927227536,2.6788768768310547
Zfp748,0.056699592620134354,0.046277545392513275,0.30060845613479614,0.6931035862897502,-0.9007294178009033,0.30060845613479614,0.33178167535486625,1.4893277883529663,0.30060845613479614,0.13478866644189355,1.881249189376831
Zfp729b,0.05104437097907066,0.05582358315587044,-0.13260094821453094,0.12222012655146967,-2.03781795501709,-0.13260094821453094,0.729798039665172,-0.6342562437057495,-0.13260094821453094,0.5523822604853583,-0.841849148273468
Zfp729a,0.07141668349504471,0.06464945524930954,0.14855964481830597,0.28778201791001595,-1.554412841796875,0.14855964481830597,0.6811309869630425,0.7178718447685242,0.14855964481830597,0.48589170482164984,0.9552870392799377
Zfp738,0.06898102164268494,0.07033799588680267,-0.029094871133565903,0.3210514114405828,-1.4866398572921753,-0.029094871133565903,1.0,-0.15060493350028992,-0.029094871133565903,0.9532628102641771,-0.20529888570308685
Zfp65,0.031085163354873657,0.037829216569662094,-0.28816747665405273,0.12635057961004428,-2.021609306335449,-0.28816747665405273,0.5196272646011879,-1.073625087738037,-0.28816747665405273,0.2700321968285893,-1.4386183023452759
Zfp85,0.012938839383423328,0.012948600575327873,-0.001095083192922175,0.8998327329765642,-0.6369405388832092,-0.001095083192922175,1.0,-0.00259209331125021,-0.001095083192922175,1.0,-0.0033645606599748135
Zfp493,0.003092297352850437,0.002219968708232045,0.47876906394958496,0.9979940091511154,0.10597864538431168,0.47876906394958496,0.7942813023805969,0.5240063071250916,0.47876906394958496,0.6492958040662482,0.6828198432922363
Zfp273,0.014210865832865238,0.015217870473861694,-0.0995003953576088,0.9979940091511154,-0.43736228346824646,-0.0995003953576088,0.9685176494800323,-0.21338337659835815,-0.0995003953576088,0.8910718586107476,-0.3057030439376831
Gm10037,0.0,0.0,0.0,0.9979940091511154,0.11319231241941452,0.0,1.0,0.0,0.0,1.0,0.0
BC048507,0.0,0.0,0.0,0.9979940091511154,0.11319231241941452,0.0,1.0,0.0,0.0,1.0,0.0
Mtrr,0.031128477305173874,0.06140904501080513,-1.0022274255752563,7.027910108720346e-05,-4.482985496520996,-1.0022274255752563,0.00027458596883215945,-4.205922603607178,-1.0022274255752563,1.359300319335617e-08,-6.091268062591553
Fastkd3,0.03749120980501175,0.07845945656299591,-1.0952328443527222,1.506534743758754e-05,-4.836188316345215,-1.0952328443527222,2.0958138786915908e-05,-4.834743976593018,-1.0952328443527222,1.5205642529843546e-11,-7.166134357452393
Tent4a,0.15243938565254211,0.10428028553724289,0.5832515954971313,0.7025711367385514,0.888439416885376,0.5832515954971313,0.0005835805955507937,3.9932024478912354,0.5832515954971313,3.3743259145693508e-06,5.0654802322387695
Nsun2,0.281767338514328,0.4445992708206177,-0.7825530171394348,2.167967465385792e-15,-8.39609146118164,-0.7825530171394348,7.489089226047085e-17,-9.103910446166992,-0.7825530171394348,6.6088793288821424e-34,-12.719422340393066
Srd5a1,0.013823240995407104,0.013812040910124779,0.001177387312054634,0.815057337254897,-0.7432754039764404,0.001177387312054634,1.0,0.0029317145235836506,0.001177387312054634,1.0,0.003796990495175123
Med10,0.604937732219696,0.6546337604522705,-0.15348750352859497,0.2039457164553318,-1.762540578842163,-0.15348750352859497,0.061558824252949326,-2.44240403175354,-0.15348750352859497,0.003819308299765446,-3.3131630420684814
Ice1,0.08337391167879105,0.14175890386104584,-0.8086771965026855,7.925056941733316e-08,-5.8640923500061035,-0.8086771965026855,1.9872962801182986e-05,-4.842531681060791,-0.8086771965026855,4.023410807319429e-11,-7.020941257476807
Ndufs6,1.0259169340133667,1.0813533067703247,-0.12280867993831635,0.09683911483395205,-2.1529693603515625,-0.12280867993831635,0.033483255416270286,-2.697911262512207,-0.12280867993831635,0.0013658415685485615,-3.6221389770507812
Mrpl36,0.5821090340614319,0.6645175814628601,-0.2565987706184387,0.0036398313185824994,-3.410552978515625,-0.2565987706184387,0.0006756155902493292,-3.959289789199829,-0.2565987706184387,8.089903967387407e-07,-5.346191883087158
Lpcat1,0.09578525274991989,0.1287718266248703,-0.45118141174316406,2.299211460938074e-05,-4.741965293884277,-0.45118141174316406,0.014458815171922601,-3.0148584842681885,-0.45118141174316406,0.00022106668447321456,-4.109801769256592
Clptm1l,0.4208821654319763,0.4768252968788147,-0.22340764105319977,0.07319186097397165,-2.2846858501434326,-0.22340764105319977,0.014025749222898959,-3.025777578353882,-0.22340764105319977,0.00023856288593484878,-4.090399265289307
Tert,0.0046697454527020454,0.0005969196790829301,2.970672369003296,0.9979940091511154,0.3589024543762207,2.970672369003296,0.03312412460622637,2.6988208293914795,2.970672369003296,0.014823455853190034,2.8542299270629883
Slc6a19,0.0003636896435637027,0.007111800834536552,-4.294301986694336,0.9979940091511154,-0.20162659883499146,-4.294301986694336,0.3098864180102858,-1.5424224138259888,-4.294301986694336,0.022609801097184412,-2.6948482990264893
Slc12a7,0.05934898927807808,0.07309332489967346,-0.3105401396751404,0.09736475450053576,-2.1503868103027344,-0.3105401396751404,0.44154031151409356,-1.2348002195358276,-0.3105401396751404,0.16021537352752957,-1.7778229713439941
Nkd2,0.003084456315264106,0.006365214474499226,-1.0475611686706543,0.9979940091511154,-0.26218581199645996,-1.0475611686706543,0.5485890704010866,-0.9475715160369873,-1.0475611686706543,0.24297819029162543,-1.5063966512680054
Trip13,0.3763388991355896,0.3618636131286621,0.06766898185014725,0.9979940091511154,0.3766249418258667,0.06766898185014725,0.6074523896926636,0.8421661257743835,0.06766898185014725,0.4255028543831166,1.1033543348312378
Brd9,0.6229249238967896,0.5556706190109253,0.21807952225208282,0.01346982600708736,2.9702517986297607,0.21807952225208282,0.0058759500462973804,3.3207151889801025,0.21807952225208282,9.481274403015e-05,4.321039199829102
Tppp,0.0012776890071108937,0.0,20.286027908325195,0.9979940091511154,0.19574879109859467,20.286027908325195,0.2509786268065909,1.6871644258499146,20.286027908325195,0.18050116596093385,1.6871644258499146
Cep72,0.08284816890954971,0.055562663823366165,0.5962631702423096,0.9979940091511154,-0.3800981938838959,0.5962631702423096,0.0075450510977060105,3.2356748580932617,0.5962631702423096,0.000410204917490856,3.9507291316986084
Exoc3,0.4124957323074341,0.4314790666103363,-0.0795651450753212,0.7014089356875864,-0.890220582485199,-0.0795651450753212,0.5196272646011879,-1.0591825246810913,-0.0795651450753212,0.2795042275398297,-1.4151407480239868
Pdcd6,0.915736734867096,0.9609314203262329,-0.10712683945894241,0.34345926473085037,-1.4413986206054688,-0.10712683945894241,0.08386509825804354,-2.2956998348236084,-0.10712683945894241,0.00894595041730205,-3.0319576263427734
Sdha,0.5816748142242432,0.7139971256256104,-0.40138959884643555,9.623125119698513e-08,-5.830784797668457,-0.40138959884643555,2.063125654066431e-09,-6.583405017852783,-0.40138959884643555,2.2886447058536757e-17,-8.919198989868164
Ccdc127,0.15005341172218323,0.17512504756450653,-0.24148446321487427,0.0008169933735657126,-3.8530805110931396,-0.24148446321487427,0.15185603431267986,-1.9924858808517456,-0.24148446321487427,0.026051167197456447,-2.637242078781128
Lrrc14b,0.0002899288374464959,0.0,18.145553588867188,0.9979940091511154,0.14071114361286163,18.145553588867188,0.5196272646011879,1.0,18.145553588867188,0.46147875269036936,1.0
Zfp72,0.0005040279356762767,0.004936346784234047,-3.2950642108917236,0.9979940091511154,-0.3724392354488373,-3.2950642108917236,0.19332352876869444,-1.8529170751571655,-3.2950642108917236,0.00697073216605686,-3.1187636852264404
Ftl1-ps1,0.03397316858172417,0.05651870742440224,-0.7507184147834778,0.004246094689768793,-3.3628180027008057,-0.7507184147834778,0.01160076856823497,-3.095637083053589,-0.7507184147834778,5.821220022023786e-05,-4.435403347015381
Zfp825,0.09209205955266953,0.07420872151851654,0.3245668113231659,0.9979940091511154,-0.48376134037971497,0.3245668113231659,0.1673317788748233,1.9356074333190918,0.3245668113231659,0.035532269445571814,2.511547803878784
Erap1,0.2862907350063324,0.3558724820613861,-0.36675339937210083,2.7839878202976993e-05,-4.698683261871338,-0.36675339937210083,0.0001824994142987329,-4.301287651062012,-0.36675339937210083,1.3411849586848414e-07,-5.686062335968018
Cast,0.811580240726471,0.7779216170310974,0.08857108652591705,0.16510647829172376,1.879473328590393,0.08857108652591705,0.31261467775948515,1.5337209701538086,0.08857108652591705,0.10031107656375764,2.0354344844818115
Ell2,0.03886778652667999,0.03496292605996132,0.15558308362960815,0.6515782900331105,-0.9552326798439026,0.15558308362960815,0.7770883396564698,0.5528439879417419,0.15558308362960815,0.6142513946344162,0.7386901378631592
Glrx,0.6152153015136719,0.6832465529441833,-0.2056620568037033,0.10829558267963216,-2.097219467163086,-0.2056620568037033,0.04935486543772345,-2.540734052658081,-0.2056620568037033,0.0019827478304124883,-3.5140933990478516
Rhobtb3,0.0,0.0,0.0,0.9979940091511154,0.11319231241941452,0.0,1.0,0.0,0.0,1.0,0.0
Rfesd,0.1278560608625412,0.1128968745470047,0.19052225351333618,0.5863558498685324,-1.0444685220718384,0.19052225351333618,0.40401596293250225,1.3090853691101074,0.19052225351333618,0.1715368860351882,1.717926263809204
Gpr150,0.00040721832192502916,0.0,18.635740280151367,0.9979940091511154,0.14071114361286163,18.635740280151367,0.5196272646011879,1.0,18.635740280151367,0.46147875269036936,1.0
Arsk,0.019843216985464096,0.02530481480062008,-0.3547206521034241,0.24481642797781233,-1.6544245481491089,-0.3547206521034241,0.5105745794149835,-1.105543613433838,-0.3547206521034241,0.2463121859369319,-1.4969810247421265
Ttc37,0.09020955115556717,0.11673852056264877,-0.3913951814174652,0.0012243065257478809,-3.739353895187378,-0.3913951814174652,0.06529081511456242,-2.415822982788086,-0.3913951814174652,0.0029551959472760713,-3.3934326171875
Mctp1,0.0,0.002130434149876237,-21.024253845214844,0.9979940091511154,-0.05797655135393143,-21.024253845214844,0.39186747546171186,-1.3377797603607178,-21.024253845214844,0.05099651969942238,-2.3541784286499023
Slf1,0.15269845724105835,0.18622896075248718,-0.3112618923187256,0.000230384628228162,-4.191588878631592,-0.3112618923187256,0.06410830775603589,-2.4242050647735596,-0.3112618923187256,0.004135386809499447,-3.2879748344421387
2210408I21Rik,0.01010183896869421,0.008847501128911972,0.19218209385871887,0.9979940091511154,-0.3063584268093109,0.19218209385871887,0.8550223427302791,0.41993018984794617,0.19218209385871887,0.7438155330823985,0.5356619358062744
Fam172a,0.2959119975566864,0.2545069754123688,0.24869877099990845,0.5654129205404893,1.0743027925491333,0.24869877099990845,0.040398296588084706,2.621630907058716,0.24869877099990845,0.002932894720483108,3.3964195251464844
Pou5f2,0.02753385342657566,0.02321375347673893,0.24935632944107056,0.7677029565359679,-0.8035674691200256,0.24935632944107056,0.6177900344578895,0.8248094320297241,0.24935632944107056,0.4581079858604728,1.0450010299682617
Nr2f1,0.0,0.0,0.0,0.9979940091511154,0.11319231241941452,0.0,1.0,0.0,0.0,1.0,0.0
Arrdc3,0.05396662652492523,0.06450068205595016,-0.264920711517334,0.14726243713186615,-1.9424370527267456,-0.264920711517334,0.5196272646011879,-1.0507794618606567,-0.264920711517334,0.23994208234343647,-1.5144983530044556
Adgrv1,0.0003559207252692431,0.0,18.441457748413086,0.9979940091511154,0.14071114361286163,18.441457748413086,0.5196272646011879,1.0,18.441457748413086,0.46147875269036936,1.0
Lysmd3,0.13796071708202362,0.15946736931800842,-0.2249017208814621,0.005512030757201799,-3.27714467048645,-0.2249017208814621,0.2441192465767709,-1.7065024375915527,-0.2249017208814621,0.05492724776954777,-2.319939136505127
Polr3g,0.046491123735904694,0.061687979847192764,-0.41909533739089966,0.03723315089792096,-2.5767059326171875,-0.41909533739089966,0.17550812881094313,-1.9091087579727173,-0.41909533739089966,0.02435514120527285,-2.663548231124878
Mblac2,0.010612145997583866,0.012351135723292828,-0.2201841026544571,0.9092275385004707,-0.623403787612915,-0.2201841026544571,0.8357493208716428,-0.45306843519210815,-0.2201841026544571,0.698627533306578,-0.6056452393531799
Cetn3,0.7123971581459045,0.766491711139679,-0.1493750661611557,0.17807293282415396,-1.8372600078582764,-0.1493750661611557,0.03889821130338813,-2.6383674144744873,-0.1493750661611557,0.0019455716090680463,-3.5197746753692627
Mef2c,0.009229360148310661,0.025144627317786217,-1.4574609994888306,0.8977038736209073,-0.6398794651031494,-1.4574609994888306,0.2252549877556594,-1.7630199193954468,-1.4574609994888306,0.014880407189135119,-2.851177930831909
Tmem161b,0.06445129960775375,0.06792491674423218,-0.07826490700244904,0.09491105235289192,-2.162498712539673,-0.07826490700244904,0.8663573658957705,-0.39998695254325867,-0.07826490700244904,0.7397167745127904,-0.5425247550010681
Ccnh,0.3130805194377899,0.36643508076667786,-0.26768627762794495,0.007227933175588462,-3.1859495639801025,-0.26768627762794495,0.010059705231611588,-3.1420724391937256,-0.26768627762794495,0.00012691549901321382,-4.248124122619629
Rasa1,0.2909422814846039,0.2579602301120758,0.19846270978450775,0.9979940091511154,0.48848140239715576,0.19846270978450775,0.1996988732023618,1.8324123620986938,0.19846270978450775,0.04175946813164613,2.439213514328003
Cox7c,1.944122076034546,1.996146559715271,-0.08721929043531418,0.008707382728407787,-3.123965263366699,-0.08721929043531418,0.01699544279983862,-2.9570822715759277,-0.08721929043531418,0.00017339442998990382,-4.170732021331787
Edil3,0.0,0.0,0.0,0.9979940091511154,0.11319231241941452,0.0,1.0,0.0,0.0,1.0,0.0
Hapln1,0.0002251130499644205,0.0008931406191550195,-1.9887146949768066,0.9979940091511154,0.05503764748573303,-1.9887146949768066,0.6772460832115096,-0.7252708077430725,-1.9887146949768066,0.3723204055873111,-1.2031816244125366
Vcan,0.0008241109899245203,0.007393735460937023,-3.170133590698242,0.9979940091511154,-0.08870144933462143,-3.170133590698242,0.4574143409120665,-1.2065622806549072,-3.170133590698242,0.08880907086832299,-2.097745656967163
Xrcc4,0.14228279888629913,0.12892282009124756,0.1521085798740387,0.3729707201971887,-1.385203242301941,0.1521085798740387,0.4848579188220992,1.1537166833877563,0.1521085798740387,0.24796311670673724,1.4926632642745972
Tmem167,1.2032437324523926,1.2510344982147217,-0.09754591435194016,0.25662901444272906,-1.626549482345581,-0.09754591435194016,0.06411348833395539,-2.4236817359924316,-0.09754591435194016,0.004543946187854963,-3.257495880126953
Rps23,3.3062031269073486,3.464407444000244,-0.23625054955482483,3.962557838313514e-24,-10.572750091552734,-0.23625054955482483,8.423022533580185e-31,-12.62448787689209,-0.23625054955482483,2.6455328471101163e-56,-16.72569465637207
Atg10,0.06878074258565903,0.05157506838440895,0.42786645889282227,0.9979940091511154,-0.3255058228969574,0.42786645889282227,0.09760982588314536,2.2236711978912354,0.42786645889282227,0.016402491587125125,2.814404010772705
Ssbp2,0.023205023258924484,0.03508130460977554,-0.6048735976219177,0.4382738984465176,-1.2708531618118286,-0.6048735976219177,0.4148419284455081,-1.2868520021438599,-0.6048735976219177,0.11014232124673494,-1.9864768981933594
Zcchc9,0.2815072238445282,0.26381823420524597,0.10696667432785034,0.9979940091511154,0.10553335398435593,0.10696667432785034,0.5196272646011879,1.0660905838012695,0.10696667432785034,0.2740782786941386,1.4286062717437744
Rasgrf2,0.0010281439172104,0.003153181169182062,-1.6182982921600342,0.9979940091511154,-0.14605459570884705,-1.6182982921600342,0.49469452559649196,-1.135763168334961,-1.6182982921600342,0.15287945736974384,-1.813445806503296
Msh3,0.15209566056728363,0.16962432861328125,-0.17034725844860077,0.01713111807660279,-2.8824410438537598,-0.17034725844860077,0.4586483874204241,-1.2031080722808838,-0.17034725844860077,0.18250270020753875,-1.6800146102905273
Gm20379,0.0002875206992030144,0.0005904225399717689,-1.0382980108261108,0.9979940091511154,0.05521576479077339,-1.0382980108261108,0.8308394665233952,-0.4612419903278351,-1.0382980108261108,0.6477508050385007,-0.6855220198631287
Dhfr,0.4142695367336273,0.5280390977859497,-0.43856281042099,1.5172435836990617e-06,-5.312379837036133,-0.43856281042099,1.657167738879973e-06,-5.36431360244751,-0.43856281042099,3.4559810966227466e-12,-7.377896308898926
Ankrd34b,0.0003150998381897807,0.0011248193914070725,-1.8363934755325317,0.9979940091511154,-0.0302796121686697,-1.8363934755325317,0.5522399533779035,-0.9417427778244019,-1.8363934755325317,0.25944462841564986,-1.4638941287994385
Fam151b,0.019904470071196556,0.006129082292318344,1.7093077898025513,0.8898144424467118,0.6490523815155029,1.7093077898025513,0.0010424701301037572,3.8296022415161133,1.7093077898025513,0.00012256572429459917,4.263113975524902
Zfyve16,0.04302404075860977,0.04282144829630852,0.006956782657653093,0.2765180500527751,-1.5802395343780518,0.006956782657653093,1.0,0.027712933719158173,0.006956782657653093,1.0,0.03646378964185715
Serinc5,0.018022922798991203,0.016711115837097168,0.10997364670038223,0.9979940091511154,-0.1060677021741867,0.10997364670038223,0.9666813042360577,0.21695446968078613,0.10997364670038223,0.8829529011449415,0.3196220397949219
Mtx3,0.003672932041808963,0.01747642643749714,-2.260380506515503,0.41522045457060147,-1.3106619119644165,-2.260380506515503,0.031196704560683526,-2.7342278957366943,-2.260380506515503,3.6952570551460794e-05,-4.547587871551514
Cmya5,0.0035692157689481974,0.008855526335537434,-1.3147878646850586,0.9979940091511154,-0.23564662039279938,-1.3147878646850586,0.5004961486737389,-1.1249632835388184,-1.3147878646850586,0.14106802268124954,-1.8578882217407227
Tent2,0.27943935990333557,0.26834022998809814,0.06684310734272003,0.9979940091511154,-0.1610162854194641,0.06684310734272003,0.6983446275842041,0.6875301003456116,0.06684310734272003,0.5065342063377458,0.920102596282959
Homer1,0.022540001198649406,0.033297374844551086,-0.5707168579101562,0.1551191009148742,-1.9147402048110962,-0.5707168579101562,0.23842068160312155,-1.7247265577316284,-0.5707168579101562,0.04066117182905528,-2.4500441551208496
Jmy,0.018710793927311897,0.040678661316633224,-1.1363263130187988,0.02416226318444131,-2.751704216003418,-1.1363263130187988,0.00711775626164712,-3.266190528869629,-1.1363263130187988,6.118178470366216e-06,-4.941043853759766
Arsb,0.5130549669265747,0.45108523964881897,0.2339927703142166,0.1007148014959146,2.1333768367767334,0.2339927703142166,0.02890351275255803,2.7562406063079834,0.2339927703142166,0.0010912384038841325,3.6848628520965576
Lhfpl2,0.0018774083582684398,0.004550120327621698,-1.2790907621383667,0.9979940091511154,0.05209874361753464,-1.2790907621383667,0.7285297616663335,-0.6364797949790955,-1.2790907621383667,0.4482450216662512,-1.0619546175003052
Scamp1,0.0,0.0025286998134106398,-21.27178955078125,0.9979940091511154,-0.22914542257785797,-21.27178955078125,0.15185603431267986,-1.9972079992294312,-21.27178955078125,0.002020567418236209,-3.514617443084717
Ap3b1,0.38729459047317505,0.3940349817276001,-0.030070513486862183,0.9979940091511154,-0.49489355087280273,-0.030070513486862183,0.8824107490271537,-0.37285810708999634,-0.030070513486862183,0.7697313536597864,-0.4958517253398895
Tbca,0.9673413634300232,1.111655592918396,-0.3224305510520935,2.916754023815442e-08,-6.043365478515625,-0.3224305510520935,8.602507344559569e-13,-7.761788845062256,-0.3224305510520935,5.7375900128388716e-21,-9.881844520568848
Wdr41,0.023957354947924614,0.024607844650745392,-0.03912070393562317,0.48691909913128717,-1.194530725479126,-0.03912070393562317,1.0,-0.12268868833780289,-0.03912070393562317,0.9818324179913821,-0.15912482142448425
Pde8b,0.0,0.0,0.0,0.9979940091511154,0.11319231241941452,0.0,1.0,0.0,0.0,1.0,0.0
Zbed3,0.10261081904172897,0.08743029832839966,0.24210140109062195,0.5931952529563558,-1.0339597463607788,0.24210140109062195,0.3460849497130808,1.4572923183441162,0.24210140109062195,0.12956296576746126,1.9025871753692627
Aggf1,0.3677704632282257,0.38842877745628357,-0.09468331187963486,0.45490732924675253,-1.2436014413833618,-0.09468331187963486,0.48400363753695524,-1.155867338180542,-0.09468331187963486,0.235643459327255,-1.5270265340805054
S100z,0.0,0.0,0.0,0.9979940091511154,0.11319231241941452,0.0,1.0,0.0,0.0,1.0,0.0
F2rl1,0.024156372994184494,0.018363038077950478,0.3997929096221924,0.9979940091511154,-0.05459235981106758,0.3997929096221924,0.5412382168631341,0.9605684876441956,0.3997929096221924,0.3268418157067623,1.2985457181930542
F2r,0.2030080109834671,0.13946983218193054,0.5887240767478943,0.38914693387461075,1.3549236059188843,0.5887240767478943,5.6204260142346005e-05,4.584643363952637,0.5887240767478943,8.089078590685697e-08,5.781954288482666
Iqgap2,0.5557985901832581,0.5190103650093079,0.12770135700702667,0.21899622072338756,1.7212178707122803,0.12770135700702667,0.27025592190974385,1.635877013206482,0.12770135700702667,0.06865443198466349,2.21911883354187
F2rl2,0.046461403369903564,0.039468321949243546,0.24041803181171417,0.7497672239116471,-0.8261881470680237,0.24041803181171417,0.568016904135025,0.9104464650154114,0.24041803181171417,0.3648857112656025,1.2184534072875977
Sv2c,0.03837168216705322,0.03847133368253708,-0.0038140288088470697,0.38460198307792576,-1.3636512756347656,-0.0038140288088470697,1.0,-0.013819344341754913,-0.0038140288088470697,1.0,-0.01882128417491913
Gm20075,0.0037471414543688297,0.0032112703192979097,0.22303299605846405,0.9984208920935209,-0.0071246144361793995,0.22303299605846405,0.9262355455167659,0.2920624911785126,0.22303299605846405,0.844267567246063,0.38028696179389954
Gm17190,0.0,0.0,0.0,0.9979940091511154,0.11319231241941452,0.0,1.0,0.0,0.0,1.0,0.0
Poc5,0.15971136093139648,0.12812703847885132,0.34122151136398315,0.9979940091511154,0.051297225058078766,0.34122151136398315,0.03620472535870635,2.666213035583496,0.34122151136398315,0.00273110766770568,3.4182212352752686
Ankdd1b,0.000666787032969296,0.0004933285526931286,0.4348016381263733,0.9979940091511154,0.05521576479077339,0.4348016381263733,0.9713193331193798,0.20912609994411469,0.4348016381263733,0.9329078080082245,0.23980823159217834
Polk,0.0779978558421135,0.09117016196250916,-0.2347630262374878,0.007039070918808288,-3.195300579071045,-0.2347630262374878,0.4385453806080359,-1.2395118474960327,-0.2347630262374878,0.17942969843753873,-1.6898245811462402
Col4a3bp,0.3188249468803406,0.32955729961395264,-0.055924054235219955,0.4441530260814842,-1.2615910768508911,-0.055924054235219955,0.7271144596829537,-0.6386810541152954,-0.055924054235219955,0.5489385115979112,-0.8476028442382812
Hmgcr,0.35076770186424255,0.3821026086807251,-0.1474248319864273,0.1768504663910013,-1.8411785364151,-0.1474248319864273,0.24627890133270078,-1.7006237506866455,-0.1474248319864273,0.05773575684585132,-2.2966175079345703
Gcnt4,0.0007007870590314269,0.0,19.419124603271484,0.9979940091511154,0.16822996735572815,19.419124603271484,0.36179032358873764,1.4076969623565674,19.419124603271484,0.28103829415091447,1.4076969623565674
Fam169a,0.001745052868500352,0.002841603709384799,-0.7042256593704224,0.9979940091511154,-0.09030448645353317,-0.7042256593704224,0.713194744961552,-0.6620593667030334,-0.7042256593704224,0.490484480563421,-0.9472319483757019
Gm6169,0.01473294384777546,0.019042279571294785,-0.37327778339385986,0.7498577828779817,-0.8259209394454956,-0.37327778339385986,0.595097864842719,-0.8627188801765442,-0.37327778339385986,0.34859316963951575,-1.2526624202728271
Nsa2,1.1634646654129028,1.1921061277389526,-0.059710949659347534,0.9979940091511154,-0.11559686809778214,-0.059710949659347534,0.3889566436866127,-1.3428384065628052,-0.059710949659347534,0.1509818619457724,-1.8202719688415527
Gfm2,0.07771323621273041,0.0892925038933754,-0.20884765684604645,0.012592736853003529,-2.995187997817993,-0.20884765684604645,0.45890413528491314,-1.2022438049316406,-0.20884765684604645,0.20406560570003981,-1.614076018333435
Hexb,0.4510856866836548,0.4385642409324646,0.05031319335103035,0.913029774520682,0.6188618540763855,0.05031319335103035,0.7259633885743291,0.6409573554992676,0.05031319335103035,0.5403272644543057,0.8619723916053772
Enc1,0.015965260565280914,0.008242026902735233,0.9594472050666809,0.9979940091511154,0.11176738888025284,0.9594472050666809,0.12224981167255593,2.106557607650757,0.9594472050666809,0.036940461535140835,2.496055841445923
Gm10260,0.008063527755439281,0.00920156855136156,-0.1912907361984253,0.9979940091511154,-0.45125526189804077,-0.1912907361984253,0.8683432196279609,-0.39694783091545105,-0.1912907361984253,0.742461997494513,-0.5378780961036682
Utp15,0.1464943289756775,0.19588758051395416,-0.45582693815231323,6.261952760309185e-05,-4.511484146118164,-0.45582693815231323,0.0019483577199169513,-3.6676580905914307,-0.45582693815231323,2.454402686636042e-06,-5.12636137008667
Ankra2,0.15392398834228516,0.1618102788925171,-0.07792359590530396,0.0898504634478728,-2.1883254051208496,-0.07792359590530396,0.7578945257250236,-0.5870936512947083,-0.07792359590530396,0.5771630072576762,-0.8002715706825256
Btf3,2.417147636413574,2.6045291423797607,-0.29427066445350647,4.2968897020720206e-36,-12.98389720916748,-0.29427066445350647,9.832669534117416e-32,-12.906537055969238,-0.29427066445350647,4.7824431032471166e-61,-17.45644760131836
Foxd1,0.0,0.0,0.0,0.9979940091511154,0.11319231241941452,0.0,1.0,0.0,0.0,1.0,0.0
Gm10320,0.014526113867759705,0.016307033598423004,-0.16813358664512634,0.5546043149194106,-1.0906003713607788,-0.16813358664512634,0.8339776466036638,-0.4564552307128906,-0.16813358664512634,0.7065674485485689,-0.5938023924827576
Tmem171,0.02047145925462246,0.015187324956059456,0.43456941843032837,0.9979940091511154,-0.06625891476869583,0.43456941843032837,0.5095436394034202,1.1079277992248535,0.43456941843032837,0.255062055991152,1.4748080968856812
Fcho2,0.18089698255062103,0.2008148431777954,-0.16552193462848663,0.032097658661831494,-2.6376214027404785,-0.16552193462848663,0.46267002912146654,-1.1951857805252075,-0.16552193462848663,0.18368746269358857,-1.6763317584991455
Tnpo1,0.2569788694381714,0.3102531135082245,-0.31203940510749817,0.002322107834181973,-3.550729751586914,-0.31203940510749817,0.008188868233075687,-3.212524652481079,-0.31203940510749817,6.848048369383791e-05,-4.397275447845459
Zfp366,0.0,0.0013843794586136937,-20.40180778503418,0.9979940091511154,0.027607882395386696,-20.40180778503418,0.5196272646011879,-1.0,-20.40180778503418,0.16021537352752957,-1.759765386581421
Ptcd2,0.23274244368076324,0.3007810413837433,-0.42123833298683167,3.313904977523882e-05,-4.659230709075928,-0.42123833298683167,8.653354571112155e-05,-4.491882801055908,-0.42123833298683167,1.1458633904475194e-08,-6.122066020965576
Mrps27,0.05480341985821724,0.08240780979394913,-0.6086553335189819,0.00010538514277621677,-4.3862690925598145,-0.6086553335189819,0.0048005229793264565,-3.3889968395233154,-0.6086553335189819,2.244223896223703e-05,-4.655294418334961
Map1b,0.007880106568336487,0.010960827581584454,-0.4782954156398773,0.9269574552590446,-0.6013174653053284,-0.4782954156398773,0.5868155926715659,-0.8773684501647949,-0.4782954156398773,0.3674219519115139,-1.2127699851989746
Mccc2,0.00552264042198658,0.019734660163521767,-1.8475748300552368,0.14553853123001595,-1.9487601518630981,-1.8475748300552368,0.0017362677655356784,-3.710756778717041,-1.8475748300552368,6.822512259133477e-08,-5.811427116394043
Bdp1,0.2803017795085907,0.2978791892528534,-0.10103579610586166,0.15960845709231705,-1.8983535766601562,-0.10103579610586166,0.5348898028733655,-0.9716652631759644,-0.10103579610586166,0.31552424288214653,-1.3217118978500366
Serf1,0.042125605046749115,0.07561950385570526,-0.8684584498405457,0.00011796410579433688,-4.358928203582764,-0.8684584498405457,0.0006984790472314742,-3.9562392234802246,-0.8684584498405457,1.239046186072174e-07,-5.698230743408203
Smn1,0.3102072775363922,0.38699811697006226,-0.3776986598968506,0.00010721916583909989,-4.381281852722168,-0.3776986598968506,0.00010414905421052432,-4.4462361335754395,-0.3776986598968506,1.6753074255341882e-08,-6.055977821350098
Naip2,0.013774420134723186,0.01214769296348095,0.1824851632118225,0.9979940091511154,-0.3101879060268402,0.1824851632118225,0.8545852417737894,0.4206162095069885,0.1824851632118225,0.731627256452248,0.5554199814796448
Naip5,0.001896734582260251,0.0022954316809773445,-0.2755351662635803,0.9979940091511154,-0.032595112919807434,-0.2755351662635803,0.9579352289932102,-0.23486530780792236,-0.2755351662635803,0.8859338370373955,-0.31459981203079224
Naip6,0.0017618206329643726,0.001846069237217307,-0.06745041161775589,0.9979940091511154,0.024936150759458542,-0.06745041161775589,1.0,-0.04832060635089874,-0.06745041161775589,1.0,-0.06236235052347183
Gtf2h2,0.14735446870326996,0.1559792011976242,-0.08844123035669327,0.10598876975728189,-2.1077282428741455,-0.08844123035669327,0.6950214932156252,-0.6942875385284424,-0.08844123035669327,0.49371716772763,-0.9415406584739685
Ocln,0.0006073307595215738,0.0,19.212562561035156,0.9979940091511154,0.16822996735572815,19.212562561035156,0.368683779400525,1.3847341537475586,19.212562561035156,0.28867255122473656,1.3847341537475586
Marveld2,0.032589927315711975,0.03038725070655346,0.10255720466375351,0.49910853395273,-1.1755614280700684,0.10255720466375351,0.886343350810044,0.364745169878006,0.10255720466375351,0.7866539547432878,0.4703906774520874
Rad17,0.18621371686458588,0.20810672640800476,-0.17667526006698608,0.023837435642821106,-2.7569587230682373,-0.17667526006698608,0.26459023583083285,-1.6502562761306763,-0.17667526006698608,0.07100939742158419,-2.2039451599121094
Ak6,0.34582599997520447,0.4460535943508148,-0.4442281723022461,1.9918965618947316e-06,-5.256629467010498,-0.4442281723022461,6.720251706590698e-07,-5.539690017700195,-0.4442281723022461,1.3688710254192897e-12,-7.509329795837402
Taf9,0.0053477357141673565,0.010993119329214096,-1.0436784029006958,0.7497672239116471,-0.8260990381240845,-1.0436784029006958,0.22471940189309456,-1.763641357421875,-1.0436784029006958,0.027794783376469397,-2.6109468936920166
Ccdc125,0.03200432285666466,0.03988796845078468,-0.3234080970287323,0.40367699137420887,-1.3299874067306519,-0.3234080970287323,0.5196272646011879,-1.0530400276184082,-0.3234080970287323,0.23695776907638944,-1.5229984521865845
Cdk7,0.12859395146369934,0.1621873378753662,-0.3596579134464264,0.0019318186445677918,-3.604787826538086,-0.3596579134464264,0.04009420748495676,-2.627272129058838,-0.3596579134464264,0.001131774803194857,-3.673806667327881
Mrps36,0.7993050217628479,0.8886909484863281,-0.22637797892093658,0.0014547960059868468,-3.6887691020965576,-0.22637797892093658,0.00029233766702036065,-4.182283401489258,-0.22637797892093658,1.5022882420583069e-07,-5.664562225341797
Cenph,0.4067930281162262,0.40569138526916504,0.004760498180985451,0.8520411800853558,-0.6966982483863831,0.004760498180985451,1.0,0.0589822456240654,0.004760498180985451,1.0,0.07788336277008057
Ccnb1,1.1054250001907349,0.9511380195617676,0.3469133973121643,0.0002296133686441004,4.192479610443115,0.3469133973121643,7.755111732426124e-05,4.5249433517456055,0.3469133973121643,1.615724149575328e-09,6.446306228637695
Slc30a5,0.19195184111595154,0.22472214698791504,-0.25185683369636536,0.006369612000577995,-3.229142427444458,-0.25185683369636536,0.07972400505789375,-2.3215951919555664,-0.25185683369636536,0.006288964341869953,-3.150855302810669
Pik3r1,0.6859295964241028,0.6212582588195801,0.19456396996974945,0.01731837209574893,2.8781661987304688,0.19456396996974945,0.02954304678776134,2.7480905055999756,0.19456396996974945,0.0009258074884528263,3.7307496070861816
Cd180,0.0003420022549107671,0.007046268787235022,-4.369616985321045,0.9979940091511154,-0.11630932986736298,-4.369616985321045,0.32520526719892295,-1.5060734748840332,-4.369616985321045,0.02641038405483421,-2.6340856552124023
Mast4,0.054355017840862274,0.05185966566205025,0.06961619853973389,0.3581843823533906,-1.4130781888961792,0.06961619853973389,0.9195397167689632,0.3041023910045624,0.06961619853973389,0.8306465158596441,0.4018457233905792
Srek1,0.3969317674636841,0.43558481335639954,-0.16387374699115753,0.056660581775140224,-2.4010841846466064,-0.16387374699115753,0.15419992430312798,-1.983185052871704,-0.16387374699115753,0.023874448735382983,-2.6718714237213135
Erbin,0.3603380024433136,0.394013375043869,-0.15470874309539795,0.14532397740156172,-1.9495617151260376,-0.15470874309539795,0.21569847592008298,-1.787415623664856,-0.15470874309539795,0.04220421989722847,-2.434657573699951
Nln,0.07144221663475037,0.10937786847352982,-0.6422491073608398,7.670637730530887e-06,-4.981619358062744,-0.6422491073608398,0.000756984792340125,-3.930896520614624,-0.6422491073608398,4.353838067629015e-07,-5.463775634765625
Sgtb,0.0002397481439402327,0.0,17.871339797973633,0.9979940091511154,0.14071114361286163,17.871339797973633,0.5196272646011879,1.0,17.871339797973633,0.46147875269036936,1.0
Trappc13,0.14716577529907227,0.15405844151973724,-0.0711323469877243,0.08252467348536706,-2.2299153804779053,-0.0711323469877243,0.7659645281715728,-0.5726062059402466,-0.0711323469877243,0.6020010350677569,-0.7589460015296936
Shld3,0.0927295833826065,0.09848769754171371,-0.09113366156816483,0.013907066485968095,-2.958317995071411,-0.09113366156816483,0.77024741108883,-0.5657546520233154,-0.09113366156816483,0.6100256628421854,-0.7451286911964417
Trim23,0.05345063656568527,0.05927494540810585,-0.15345600247383118,0.11402439262975059,-2.0723721981048584,-0.15345600247383118,0.6852270883429861,-0.7108123898506165,-0.15345600247383118,0.4707149970385082,-0.9834585785865784
Ppwd1,0.3359330892562866,0.3154553174972534,0.10631030052900314,0.9979940091511154,0.4918655753135681,0.10631030052900314,0.4987581879599407,1.1270225048065186,0.10631030052900314,0.2374552969352174,1.521449327468872
Cenpk,0.45447662472724915,0.4390723407268524,0.06168408691883087,0.9979940091511154,0.3379738926887512,0.06168408691883087,0.6340933791609433,0.7966262102127075,0.06168408691883087,0.4484291212358245,1.0613946914672852
Adamts6,0.030742621049284935,0.0302774365991354,0.02233436517417431,0.5814437227285304,-1.0516821146011353,0.02233436517417431,1.0,0.07109758257865906,0.02233436517417431,1.0,0.09719330817461014
Cwc27,0.156691774725914,0.1711328774690628,-0.137889102101326,0.01119090988957552,-3.037757635116577,-0.137889102101326,0.49874256941378664,-1.1270751953125,-0.137889102101326,0.24907751613629162,-1.48959219455719
Srek1ip1,0.14167241752147675,0.1638360619544983,-0.22608856856822968,0.0025265620331478447,-3.5242795944213867,-0.22608856856822968,0.24298090203216705,-1.7096543312072754,-0.22608856856822968,0.05875696588078345,-2.288648843765259
Shisal2b,0.0005534506635740399,0.0028369391802698374,-2.3594541549682617,0.9979940091511154,-0.2867657244205475,-2.3594541549682617,0.26721821445218724,-1.6452691555023193,-2.3594541549682617,0.03591000325256644,-2.5073153972625732
Ipo11,0.10821035504341125,0.108951136469841,-0.01038672961294651,0.1154821265313325,-2.0662271976470947,-0.01038672961294651,1.0,-0.06668208539485931,-0.01038672961294651,1.0,-0.08916183561086655
Dimt1,0.10119392722845078,0.12365081906318665,-0.30565181374549866,0.0009528774230666008,-3.810065746307373,-0.30565181374549866,0.1233643298413224,-2.1035635471343994,-0.30565181374549866,0.014784937771879848,-2.852822780609131
Kif2a,0.5392081141471863,0.5357612371444702,0.01196008175611496,0.9979940091511154,0.17686855792999268,0.01196008175611496,0.9917554680375608,0.170562282204628,0.01196008175611496,0.9397833776078449,0.22862057387828827
Zswim6,0.16988950967788696,0.15206418931484222,0.1731192171573639,0.9981009014843685,-0.02342217043042183,0.1731192171573639,0.4738400577029574,1.173575520515442,0.1731192171573639,0.19787776746199645,1.6331676244735718
Ndufaf2,0.2146020233631134,0.28578221797943115,-0.4667368233203888,7.524720373845605e-06,-4.985983371734619,-0.4667368233203888,5.46237745490477e-05,-4.604933261871338,-0.4667368233203888,2.622981608506862e-09,-6.368061065673828
Smim15,0.3666081726551056,0.41187068819999695,-0.20271526277065277,0.06733059139735044,-2.322446346282959,-0.20271526277065277,0.058972019876671,-2.461242914199829,-0.20271526277065277,0.0036655393722903524,-3.3264734745025635
Ercc8,0.04519040882587433,0.04729760065674782,-0.06728207319974899,0.14726420708985707,-1.9423480033874512,-0.06728207319974899,0.918103955114063,-0.30782589316368103,-0.06728207319974899,0.8271744176456665,-0.40749987959861755
Elovl7,0.004507797304540873,0.011227898299694061,-1.3214470148086548,0.7480388971979046,-0.8291270136833191,-1.3214470148086548,0.19795784713589248,-1.83860445022583,-1.3214470148086548,0.017931775915480983,-2.7808597087860107
Depdc1b,0.22207745909690857,0.14745084941387177,0.6463173627853394,0.030102640675711237,2.664071559906006,0.6463173627853394,2.3692698561525912e-07,5.72041130065918,0.6463173627853394,1.6243716550592686e-11,7.165699005126953
Pde4d,0.15840889513492584,0.12943468987941742,0.31283077597618103,0.9984208920935209,0.010865037329494953,0.31283077597618103,0.11832826631139776,2.124142646789551,0.31283077597618103,0.015431192734099757,2.836915969848633
Gapt,0.0,0.0006098098820075393,-19.218442916870117,0.9979940091511154,0.027607882395386696,-19.218442916870117,0.5196272646011879,-1.0,-19.218442916870117,0.16021537352752957,-1.759765386581421
Plk2,0.008121614344418049,0.0063014887273311615,0.3673883080482483,0.9979940091511154,0.21364937722682953,0.3673883080482483,0.8705184617674923,0.3926762044429779,0.3673883080482483,0.7244178497691336,0.5664877891540527
Gpbp1,0.6706182956695557,0.6224575042724609,0.14597493410110474,0.03536632098462131,2.597367286682129,0.14597493410110474,0.07177648760031215,2.3734936714172363,0.14597493410110474,0.005112591595485916,3.2182319164276123
Mier3,0.0550503209233284,0.052103202790021896,0.08152367919683456,0.22668793292511769,-1.7013579607009888,0.08152367919683456,0.9042562937694716,0.3333286643028259,0.08152367919683456,0.8032385388570938,0.4453386068344116
Map3k1,0.280876100063324,0.23826150596141815,0.26945608854293823,0.9101903285813546,0.622067928314209,0.26945608854293823,0.03287850366612962,2.704526662826538,0.26945608854293823,0.0023668657849083897,3.4616692066192627
Ankrd55,0.04748677834868431,0.0661122128367424,-0.4909534454345703,0.013063006740959197,-2.981473207473755,-0.4909534454345703,0.08158622418402023,-2.3096072673797607,-0.4909534454345703,0.005368604105167081,-3.202981948852539
Il6st,0.07206472009420395,0.0527774803340435,0.4634283781051636,0.9979940091511154,0.04622093588113785,0.4634283781051636,0.10277616956505767,2.197418451309204,0.4634283781051636,0.013329769095058763,2.891263008117676
Il31ra,0.004039477091282606,0.005125267896801233,-0.3442426919937134,0.9979940091511154,-0.2892593443393707,-0.3442426919937134,0.7952152726741601,-0.522070050239563,-0.3442426919937134,0.6315422037108962,-0.7108294367790222
Ddx4,0.0005172935780137777,0.0006454145768657327,-0.3193347752094269,0.9979940091511154,0.05521576479077339,-0.3193347752094269,0.9986738360127573,-0.1548973023891449,-0.3193347752094269,0.9549309740384074,-0.2020457237958908
Slc38a9,0.10734693706035614,0.0845884382724762,0.36042800545692444,0.885666831310101,-0.6544849276542664,0.36042800545692444,0.1074385480034713,2.175144672393799,0.36042800545692444,0.01610075023932234,2.8213813304901123
Plpp1,0.0033864728175103664,0.017209216952323914,-2.355313777923584,0.25830431186635294,-1.6224528551101685,-2.355313777923584,0.0013916742044613145,-3.776843547821045,-2.355313777923584,1.5162555480595948e-08,-6.080461025238037
Mtrex,0.4109480679035187,0.45708903670310974,-0.18920303881168365,0.10560913131735215,-2.109687328338623,-0.18920303881168365,0.05323079308538592,-2.5071589946746826,-0.18920303881168365,0.003328803048073748,-3.356553316116333
Dhx29,0.15491168200969696,0.22503997385501862,-0.590923011302948,1.3321441996674287e-07,-5.773075103759766,-0.590923011302948,3.5250817277512935e-06,-5.210306644439697,-0.590923011302948,1.1147395321078346e-11,-7.210972785949707
Ccno,0.010526188649237156,0.008617204613983631,0.2900705933570862,0.9979940091511154,-0.3982659578323364,0.2900705933570862,0.7832214149292377,0.5427358746528625,0.2900705933570862,0.668649336299625,0.6515939235687256
Mcidas,0.0002641012251842767,0.0004983686958439648,-0.9162889122962952,0.9979940091511154,0.05521576479077339,-0.9162889122962952,0.8573948890907438,-0.41535165905952454,-0.9162889122962952,0.6990642948614448,-0.6049714088439941
Cdc20b,0.0030159305315464735,0.004529975354671478,-0.5879927277565002,0.9979940091511154,-0.26182958483695984,-0.5879927277565002,0.6797674047430284,-0.7200931906700134,-0.5879927277565002,0.46147875269036936,-0.9999688863754272
Gpx8,0.006910608150064945,0.011350172571837902,-0.7190370559692383,0.9979940091511154,-0.4921327531337738,-0.7190370559692383,0.5136732011313699,-1.1008847951889038,-0.7190370559692383,0.18873771489913707,-1.6610615253448486
Gzma,2.032233238220215,2.475330352783203,-0.715103030204773,0.00021008757668074024,-4.215456485748291,-0.715103030204773,1.799692368723586e-05,-4.8514485359191895,-0.715103030204773,9.31691069273652e-10,-6.535883903503418
Gzmk,0.9593771696090698,1.0158907175064087,-0.1299447864294052,0.44235824036756616,-1.2641737461090088,-0.1299447864294052,0.3097801620241046,-1.540506362915039,-0.1299447864294052,0.09622660207768934,-2.05639386177063
Esm1,0.16645598411560059,0.2582503855228424,-0.7021868824958801,1.9837095024883424e-08,-6.109980583190918,-0.7021868824958801,9.064055571385391e-05,-4.487620830535889,-0.7021868824958801,1.725407101330465e-09,-6.435399055480957
Snx18,0.2314082831144333,0.20647355914115906,0.1831255853176117,0.9979940091511154,-0.09030448645353317,0.1831255853176117,0.292434134746437,1.5822458267211914,0.1831255853176117,0.08577054706472684,2.1132688522338867
Arl15,0.05855025351047516,0.041661739349365234,0.5032365918159485,0.9979940091511154,-0.29460281133651733,0.5032365918159485,0.10084503867979709,2.207915782928467,0.5032365918159485,0.01570161017014619,2.830881357192993
Ndufs4,0.8550273180007935,0.8799320459365845,-0.061951905488967896,0.9979940091511154,-0.4856315553188324,-0.061951905488967896,0.4235654718087968,-1.2695209980010986,-0.061951905488967896,0.1770414445614605,-1.6989384889602661
Mocs2,0.3355956971645355,0.34913766384124756,-0.06739643216133118,0.6449342088380222,-0.9641384482383728,-0.06739643216133118,0.6343612655768698,-0.7961832880973816,-0.06739643216133118,0.4435469573046367,-1.0707794427871704
Itga2,0.03879677131772041,0.03679046407341957,0.07806096225976944,0.6592984812451124,-0.9458816647529602,0.07806096225976944,0.9333696698527393,0.2803759276866913,0.07806096225976944,0.8474548529993435,0.37552759051322937
Itga1,0.15193112194538116,0.08212891966104507,0.9387887716293335,0.5846269339499817,1.0474073886871338,0.9387887716293335,5.728376169064102e-06,5.084582805633545,0.9387887716293335,8.3056372998086e-09,6.185888290405273
Gm49395,0.001092728110961616,0.0,20.060293197631836,0.9979940091511154,0.16822996735572815,20.060293197631836,0.36167647049845647,1.4097387790679932,20.060293197631836,0.2803884929583053,1.4097387790679932
Pelo,0.01457183063030243,0.021267957985401154,-0.5503439903259277,0.5487866609141571,-1.1003077030181885,-0.5503439903259277,0.4446179445842265,-1.2294217348098755,-0.5503439903259277,0.14893619255983712,-1.8275774717330933
Parp8,0.022591467946767807,0.04291249439120293,-0.9403584599494934,0.3006599520484859,-1.5283188819885254,-0.9403584599494934,0.07518832248264445,-2.3544838428497314,-0.9403584599494934,0.0011508590169993767,-3.6702001094818115
Emb,0.9903001189231873,1.0064401626586914,-0.03687218576669693,0.9979940091511154,0.4788631498813629,-0.03687218576669693,0.8176619268980487,-0.4847564399242401,-0.03687218576669693,0.6625152985904319,-0.6623110771179199
Mrps30,0.29131844639778137,0.40050968527793884,-0.542536735534668,2.83833261786594e-08,-6.048619747161865,-0.542536735534668,3.6444937492258525e-09,-6.4911041259765625,-0.542536735534668,2.90632868873879e-17,-8.888960838317871
Nnt,0.004185983445495367,0.009166696108877659,-1.1344318389892578,0.8170598929181488,-0.7410489916801453,-1.1344318389892578,0.20223276045565647,-1.8261585235595703,-1.1344318389892578,0.02428981604064606,-2.664621591567993
Paip1,0.1280522346496582,0.13351160287857056,-0.06425674259662628,0.07346996124373317,-2.282726526260376,-0.06425674259662628,0.8338830914041753,-0.456684947013855,-0.06425674259662628,0.6921620212430112,-0.6158541440963745
4833420G17Rik,0.385200172662735,0.3918263614177704,-0.029694432392716408,0.9228574694161862,-0.6076405644416809,-0.029694432392716408,0.8908864127443538,-0.35722431540489197,-0.029694432392716408,0.7805641880393355,-0.4799227714538574
Tmem267,0.01137113943696022,0.018932964652776718,-0.7409919500350952,0.3021704492810891,-1.5248456001281738,-0.7409919500350952,0.17700591984457992,-1.9038766622543335,-0.7409919500350952,0.024426143841111313,-2.662010431289673
Ccl28,0.00024036495597101748,0.0,17.875045776367188,0.9979940091511154,0.14071114361286163,17.875045776367188,0.5196272646011879,1.0,17.875045776367188,0.46147875269036936,1.0
Hmgcs1,0.2779560685157776,0.29664164781570435,-0.10798759013414383,0.20238625504386135,-1.7670825719833374,-0.10798759013414383,0.5196272646011879,-1.0397735834121704,-0.10798759013414383,0.2778751436335792,-1.4196056127548218
Nim1k,0.005503143183887005,0.0053185876458883286,0.04934580251574516,0.9979940091511154,-0.06750572472810745,0.04934580251574516,1.0,0.07190331071615219,0.04934580251574516,1.0,0.09666302800178528
Zfp131,0.20816482603549957,0.21258249878883362,-0.033594753593206406,0.28767357526932114,-1.5547690391540527,-0.033594753593206406,0.9265903010114167,-0.2913602888584137,-0.033594753593206406,0.8345530477763683,-0.39487317204475403
Gm21761,0.0,0.0,0.0,0.9979940091511154,0.11319231241941452,0.0,1.0,0.0,0.0,1.0,0.0
Gm21188,0.0017183978343382478,0.016581997275352478,-3.281219244003296,0.9979940091511154,-0.20536701381206512,-3.281219244003296,0.3116617429858219,-1.5381171703338623,-3.281219244003296,0.023387667327765684,-2.6821694374084473
BC147527,0.08859067410230637,0.103439100086689,-0.23443710803985596,0.01616794379008279,-2.9038147926330566,-0.23443710803985596,0.3795734303658421,-1.361702561378479,-0.23443710803985596,0.13930006611833778,-1.8640235662460327
Rab10,0.7698883414268494,0.8158372044563293,-0.12111160159111023,0.256006014131198,-1.6281524896621704,-0.12111160159111023,0.10513957457283632,-2.1857492923736572,-0.12111160159111023,0.012206248058748866,-2.9230880737304688
Kif3c,0.01355657260864973,0.015011887066066265,-0.14816507697105408,0.9164718184055424,-0.6149433255195618,-0.14816507697105408,0.9169455362876929,-0.31036055088043213,-0.14816507697105408,0.809278048076574,-0.4358242154121399
Asxl2,0.24249878525733948,0.22539983689785004,0.11830588430166245,0.9025814369999426,-0.6339125633239746,0.11830588430166245,0.5196272646011879,1.0420045852661133,0.11830588430166245,0.28575467538526095,1.3923938274383545
Dtnb,0.11437110602855682,0.09511584043502808,0.2800971567630768,0.7245612527092885,-0.8592284917831421,0.2800971567630768,0.1892280324879758,1.862247109413147,0.2800971567630768,0.045377624024579837,2.4031412601470947
Dnmt3a,0.10435943305492401,0.12664726376533508,-0.2956414818763733,0.004976156399513894,-3.3107192516326904,-0.2956414818763733,0.22491057191048486,-1.7622153759002686,-0.2956414818763733,0.03955651569940051,-2.4619646072387695
Pomc,0.029499415308237076,0.03512349724769592,-0.2558289170265198,0.3212751982792084,-1.4861946105957031,-0.2558289170265198,0.6200140010847143,-0.8217393159866333,-0.2558289170265198,0.39817971462130164,-1.154515027999878
Efr3b,0.0035797124728560448,0.00822970736771822,-1.2043548822402954,0.7718667963502142,-0.7978677749633789,-1.2043548822402954,0.1877535835532799,-1.8691591024398804,-1.2043548822402954,0.02121165451387132,-2.716775894165039
Dnajc27,0.01191110722720623,0.025692690163850784,-1.1190228462219238,0.11660313474592789,-2.0612399578094482,-1.1190228462219238,0.019816103767916367,-2.9022345542907715,-1.1190228462219238,0.00010937131990164363,-4.285077095031738
Adcy3,0.06977398693561554,0.07494942098855972,-0.10700653493404388,0.07245201763848497,-2.2894949913024902,-0.10700653493404388,0.782151804101444,-0.544791042804718,-0.10700653493404388,0.6146587027086547,-0.7379717230796814
Cenpo,0.08821401745080948,0.06176146864891052,0.5336207151412964,0.9979940091511154,0.13697071373462677,0.5336207151412964,0.02657950979736238,2.787196636199951,0.5336207151412964,0.0015417085164404249,3.588451862335205
Ptrhd1,0.3084688186645508,0.3919082581996918,-0.4090859293937683,6.225217684909785e-05,-4.513443470001221,-0.4090859293937683,2.5690674364057048e-05,-4.77512264251709,-0.4090859293937683,9.708663977430675e-10,-6.528581619262695
Ncoa1,0.19278374314308167,0.17230193316936493,0.17726820707321167,0.6766330993912371,-0.9228156805038452,0.17726820707321167,0.3501116314252097,1.4475854635238647,0.17726820707321167,0.13008200268571313,1.89993417263031
Itsn2,0.42715758085250854,0.44297996163368225,-0.06471147388219833,0.7321737125339574,-0.8478291630744934,-0.06471147388219833,0.6260104810746966,-0.8115902543067932,-0.06471147388219833,0.4301097604092177,-1.0947976112365723
Fam228a,0.0008367690606974065,0.0005491368938237429,0.6078702211380005,0.9979940091511154,0.05521576479077339,0.6078702211380005,0.9290370312428021,0.287383109331131,0.6078702211380005,0.881358767241263,0.32207435369491577
Fam228b,0.0021518401335924864,0.002963992999866605,-0.4625571072101593,0.9979940091511154,-0.14730140566825867,-0.4625571072101593,0.8145070932182046,-0.49046388268470764,-0.4625571072101593,0.6637747119577514,-0.6600943207740784
Pfn4,0.001678076689131558,0.00304235378280282,-0.8593634366989136,0.9979940091511154,-0.17508740723133087,-0.8593634366989136,0.5909514406701867,-0.8707212209701538,-0.8593634366989136,0.3498295323805425,-1.2491611242294312
Sf3b6,1.4892581701278687,1.5188230276107788,-0.054841283708810806,0.5256272919314893,-1.135841727256775,-0.054841283708810806,0.3724867336710235,-1.3762387037277222,-0.054841283708810806,0.13063149740789254,-1.8978605270385742
Fkbp1b,0.004010835662484169,0.011385089717805386,-1.5104968547821045,0.7691945581426723,-0.8018753528594971,-1.5104968547821045,0.10206957920351384,-2.2054882049560547,-1.5104968547821045,0.0022119021269584836,-3.481987953186035
Wdcp,0.1008162647485733,0.12249305844306946,-0.2968990206718445,0.0010478924220793612,-3.783348560333252,-0.2968990206718445,0.17401675655487406,-1.9138083457946777,-0.2968990206718445,0.02939565741859665,-2.5886199474334717
Mfsd2b,0.0016563949175179005,0.001090337405912578,0.6036800742149353,0.9979940091511154,0.05281120538711548,0.6036800742149353,0.8188130675046951,0.48201873898506165,0.6036800742149353,0.7193864453455767,0.5744950771331787
Ubxn2a,0.19743388891220093,0.22437918186187744,-0.20468877255916595,0.008130324295678485,-3.14685320854187,-0.20468877255916595,0.19789888850910178,-1.8373489379882812,-0.20468877255916595,0.03887739241310878,-2.4697020053863525
Atad2b,0.25656813383102417,0.2522001564502716,0.028056815266609192,0.7090273504193908,-0.8797118067741394,0.028056815266609192,0.9389492964091045,0.27043309807777405,0.028056815266609192,0.8560297414290099,0.3620469868183136
Ldah,0.1522219479084015,0.19227983057498932,-0.366755872964859,6.930933639540671e-05,-4.486369609832764,-0.366755872964859,0.012218450468424442,-3.0731115341186523,-0.366755872964859,0.00020182388854203548,-4.132872581481934
Hs1bp3,0.0027933651581406593,0.005944955162703991,-1.091936469078064,0.9945631184565934,-0.5153768062591553,-1.091936469078064,0.33330805404549874,-1.4868804216384888,-1.091936469078064,0.07722901146822511,-2.1638712882995605
Rhob,0.05683612823486328,0.0757824182510376,-0.4288727343082428,0.029746712242557725,-2.6687026023864746,-0.4288727343082428,0.25156118543774375,-1.6867061853408813,-0.4288727343082428,0.045996734913675404,-2.3973231315612793
Pum2,0.6065447330474854,0.6021628379821777,0.013937835581600666,0.9940853099928837,0.5168907642364502,0.013937835581600666,0.9671133999958752,0.21636170148849487,0.013937835581600666,0.9003158071976307,0.29106512665748596
Sdc1,0.0006839255220256746,0.007529125548899174,-3.465510368347168,0.9945631184565934,-0.5153768062591553,-3.465510368347168,0.14896364944865498,-2.007620334625244,-3.465510368347168,0.002412810188849307,-3.4592485427856445
Laptm4a,0.3066827952861786,0.29575175046920776,0.06064079329371452,0.9984208920935209,0.013002421706914902,0.06064079329371452,0.7113526955213832,0.6647068858146667,0.06064079329371452,0.5266548834329956,0.8843944668769836
Matn3,0.0,0.0,0.0,0.9979940091511154,0.11319231241941452,0.0,1.0,0.0,0.0,1.0,0.0
Wdr35,0.007429436780512333,0.008025817573070526,-0.11182618141174316,0.9979940091511154,-0.3727954626083374,-0.11182618141174316,0.9760652812486657,-0.19953374564647675,-0.11182618141174316,0.918332339077285,-0.2621525824069977
Ttc32,0.19978122413158417,0.21989195048809052,-0.15338750183582306,0.0839381312137786,-2.2210094928741455,-0.15338750183582306,0.4242579174096888,-1.2683576345443726,-0.15338750183582306,0.16021537352752957,-1.7677226066589355
Rdh14,0.052420854568481445,0.09352993220090866,-0.8653016686439514,2.2105874079476017e-07,-5.681612968444824,-0.8653016686439514,0.00011390383167574552,-4.430099010467529,-0.8653016686439514,3.0124323072169796e-09,-6.344698429107666
Gen1,0.21659035980701447,0.16315259039402008,0.4485134184360504,0.7307227795546518,0.8500555753707886,0.4485134184360504,0.000928691682455811,3.866373300552368,0.4485134184360504,9.907324975897294e-06,4.84050989151001
Smc6,1.1104344129562378,1.0826325416564941,0.06022905930876732,0.5642013678805555,1.0763511657714844,0.06022905930876732,0.4996454022347648,1.1256897449493408,0.06022905930876732,0.23732344062180677,1.5221071243286133
Rad51ap2,0.0,0.0,0.0,0.9979940091511154,0.11319231241941452,0.0,1.0,0.0,0.0,1.0,0.0
Fam49a,0.17790766060352325,0.1476934552192688,0.29090866446495056,0.9979940091511154,-0.11702179163694382,0.29090866446495056,0.13465960378479344,2.057011127471924,0.29090866446495056,0.020293563291970518,2.735010862350464
Mycn,0.0010881912894546986,0.0,20.05428695678711,0.9979940091511154,0.19574879109859467,20.05428695678711,0.24065689666029466,1.7159876823425293,20.05428695678711,0.17236882525020378,1.7159876823425293
Ddx1,0.3292824923992157,0.4319451153278351,-0.470263808965683,2.639456702342512e-06,-5.201324939727783,-0.470263808965683,2.7077507314681946e-07,-5.714731693267822,-0.470263808965683,1.8063717291422666e-13,-7.785811424255371
Nbas,0.06342591345310211,0.08381463587284088,-0.4170176684856415,0.006294272984019124,-3.233150005340576,-0.4170176684856415,0.07209130586322891,-2.371958017349243,-0.4170176684856415,0.00415943423123394,-3.28613018989563
Lratd1,0.0,0.0,0.0,0.9979940091511154,0.11319231241941452,0.0,1.0,0.0,0.0,1.0,0.0
Trib2,0.21132239699363708,0.20111620426177979,0.07903154194355011,0.5771303421030127,-1.05764901638031,0.07903154194355011,0.7108522972903641,0.665564239025116,0.07903154194355011,0.5244565205452905,0.8887220025062561
Lpin1,0.22118958830833435,0.165873721241951,0.4563865661621094,0.7258252840719499,0.8570911288261414,0.4563865661621094,0.005823718167154698,3.3240697383880615,0.4563865661621094,8.626062826424902e-05,4.342776775360107
E2f6,0.07570634037256241,0.08733458817005157,-0.2146410346031189,0.015228690394291984,-2.9256339073181152,-0.2146410346031189,0.45353081363822495,-1.2125234603881836,-0.2146410346031189,0.19889942328601642,-1.6299176216125488
Rock2,0.37569135427474976,0.404967725276947,-0.1307477504014969,0.11517964164653385,-2.067474126815796,-0.1307477504014969,0.31594360955290146,-1.5262060165405273,-0.1307477504014969,0.10243232519978049,-2.0247724056243896
Pqlc3,0.2659207582473755,0.2506772577762604,0.09663417190313339,0.9604599309553299,-0.5591041445732117,0.09663417190313339,0.5709422721023976,0.9056729078292847,0.09663417190313339,0.37112633856110105,1.2052104473114014
2410004P03Rik,0.0025227228179574013,0.003020914038643241,-0.26036280393600464,0.9979940091511154,-0.11898106336593628,-0.26036280393600464,0.9221281925646482,-0.29921311140060425,-0.26036280393600464,0.8310735908895512,-0.40105244517326355
Pdia6,0.896135687828064,1.355495572090149,-0.989239513874054,3.462135502125617e-43,-14.238987922668457,-0.989239513874054,2.7543489638429622e-42,-15.379101753234863,-0.989239513874054,1.8636368534596982e-87,-21.29508399963379
Nol10,0.15040801465511322,0.15373162925243378,-0.03399096801877022,0.09616313194129748,-2.156353712081909,-0.03399096801877022,0.9415941836235417,-0.264110803604126,-0.03399096801877022,0.8629816226294476,-0.35097816586494446
Odc1,0.5524572134017944,0.7147834300994873,-0.5010191798210144,8.263256840531822e-09,-6.256836414337158,-0.5010191798210144,3.784911754535721e-08,-6.077818393707275,-0.5010191798210144,4.944790115727519e-15,-8.256174087524414
Hpcal1,0.22798632085323334,0.2346223145723343,-0.04636422544717789,0.5316463650140822,-1.1277374029159546,-0.04636422544717789,0.8736045849855508,-0.3872208893299103,-0.04636422544717789,0.7397167745127904,-0.5425468683242798
5730507C01Rik,0.00521664135158062,0.005342529155313969,-0.03449248895049095,0.9979940091511154,-0.17731384932994843,-0.03449248895049095,1.0,-0.05252706632018089,-0.03449248895049095,1.0,-0.06921469420194626
Asap2,0.008016658015549183,0.00956256315112114,-0.25551319122314453,0.9979940091511154,-0.31864839792251587,-0.25551319122314453,0.8813191364621877,-0.37469515204429626,-0.25551319122314453,0.7398443788957316,-0.5422260761260986
Itgb1bp1,0.4800868332386017,0.4727475941181183,0.02793818898499012,0.9979940091511154,0.16368801891803741,0.02793818898499012,0.8739835519877385,0.386696457862854,0.02793818898499012,0.7568334473380501,0.5152571797370911
Cpsf3,0.20739977061748505,0.2346082627773285,-0.19818878173828125,0.026643759862505077,-2.7116281986236572,-0.19818878173828125,0.18968651662024413,-1.8612674474716187,-0.19818878173828125,0.03476868890735253,-2.5210483074188232
Iah1,0.3112110197544098,0.2957425117492676,0.08527319133281708,0.9979940091511154,-0.11871389299631119,0.08527319133281708,0.5355956615820774,0.9702084064483643,0.08527319133281708,0.34444023465096457,1.2613414525985718
Adam17,0.256637305021286,0.2948501706123352,-0.22908082604408264,0.00961887595929173,-3.090390682220459,-0.22908082604408264,0.07398167628834165,-2.358335494995117,-0.22908082604408264,0.005844304027926862,-3.1753017902374268
Ywhaq,1.4169650077819824,1.4900413751602173,-0.13760344684123993,0.001962883297431808,-3.5999786853790283,-0.13760344684123993,0.006364140777041384,-3.2974324226379395,-0.13760344684123993,3.5716614150864565e-05,-4.549816608428955
9030624G23Rik,0.0018936265259981155,0.0031918061431497335,-0.7541577816009521,0.9979940091511154,-0.0605592243373394,-0.7541577816009521,0.7904590459642593,-0.530875027179718,-0.7541577816009521,0.5932700076754597,-0.7740545272827148
Taf1b,0.2356867790222168,0.23322348296642303,0.01700410805642605,0.8326694423371224,-0.7219015955924988,0.01700410805642605,0.9954564256616194,0.1618896722793579,0.01700410805642605,0.9453089774488338,0.21962492167949677
Grhl1,0.002054429380223155,0.011125120334327221,-2.44356107711792,0.4492125037254996,-1.2525962591171265,-2.44356107711792,0.005535997999815229,-3.3526344299316406,-2.44356107711792,7.230895212490635e-07,-5.371533393859863
Klf11,0.11397834122180939,0.12254279106855392,-0.11082568019628525,0.025705399801518484,-2.7267680168151855,-0.11082568019628525,0.6596977648604722,-0.7533431053161621,-0.11082568019628525,0.46147875269036936,-1.0088194608688354
Cys1,0.0,0.0,0.0,0.9979940091511154,0.11319231241941452,0.0,1.0,0.0,0.0,1.0,0.0
Rrm2,1.4343070983886719,1.4963027238845825,-0.1163177639245987,0.08086125691707685,-2.238999128341675,-0.1163177639245987,0.29435563907515466,-1.5789004564285278,-0.1163177639245987,0.06319702517780124,-2.257147789001465
Mboat2,0.0005839966470375657,0.003468917915597558,-2.572533369064331,0.9979940091511154,-0.3442079424858093,-2.572533369064331,0.16199955938790137,-1.9578598737716675,-2.572533369064331,0.00557172051632332,-3.1925599575042725
Kidins220,0.17117054760456085,0.1714547723531723,-0.002604300156235695,0.25205097922710507,-1.637236475944519,-0.002604300156235695,1.0,-0.020494256168603897,-0.002604300156235695,1.0,-0.027706826105713844
Id2,1.6966164112091064,1.5134578943252563,0.33084189891815186,7.056751046898468e-06,4.999608993530273,0.33084189891815186,3.0055972902614958e-06,5.229116439819336,0.33084189891815186,2.1272145511783964e-10,6.771368980407715
Rnf144a,0.046541955322027206,0.05705365166068077,-0.3014353811740875,0.18115347032876467,-1.8276417255401611,-0.3014353811740875,0.4824509800927685,-1.1596883535385132,-0.3014353811740875,0.18218341415815656,-1.681159496307373
Rsad2,0.02557891607284546,0.019587455317378044,0.3893633782863617,0.9979940091511154,-0.3910522758960724,0.3893633782863617,0.623671698120262,0.8157511949539185,0.3893633782863617,0.4468611036186981,1.0649237632751465
Cmpk2,0.08067119866609573,0.0969882383942604,-0.2777004539966583,0.005286088000610094,-3.2906813621520996,-0.2777004539966583,0.3127240850506171,-1.5335780382156372,-0.2777004539966583,0.09390406348918641,-2.0693702697753906
Dcdc2c,0.0,0.0,0.0,0.9979940091511154,0.11319231241941452,0.0,1.0,0.0,0.0,1.0,0.0
Colec11,0.0011716174194589257,0.0,20.160917282104492,0.9979940091511154,0.16822996735572815,20.160917282104492,0.3621040251177201,1.4063581228256226,20.160917282104492,0.28146411203329674,1.4063581228256226
Rps7,3.386763095855713,3.4536995887756348,-0.09983423352241516,6.121472341920026e-05,-4.517718315124512,-0.09983423352241516,3.0659222006897404e-06,-5.241759777069092,-0.09983423352241516,4.50341590406459e-12,-7.339111804962158
Rnaseh1,0.12636138498783112,0.18077197670936584,-0.5568683743476868,2.137616111889023e-07,-5.687935829162598,-0.5568683743476868,7.370785535625301e-05,-4.530364036560059,-0.5568683743476868,8.334148704459168e-09,-6.1769118309021
Adi1,0.06201101467013359,0.0853780061006546,-0.47840258479118347,0.001455538981713196,-3.68841290473938,-0.47840258479118347,0.03512129152747713,-2.680612325668335,-0.47840258479118347,0.001084535810278167,-3.6862494945526123
Trappc12,0.15372873842716217,0.18532003462314606,-0.2930639088153839,0.001289677683758602,-3.7243032455444336,-0.2930639088153839,0.07622157199563669,-2.3440070152282715,-0.2930639088153839,0.005126942802412991,-3.2171950340270996
Eipr1,0.2285313904285431,0.21533203125,0.09570250660181046,0.9979940091511154,-0.33628180623054504,0.09570250660181046,0.5667093013963085,0.912898063659668,0.09570250660181046,0.36884130228792084,1.2097268104553223
Sntg2,0.0,0.0,0.0,0.9979940091511154,0.11319231241941452,0.0,1.0,0.0,0.0,1.0,0.0
Tmem18,0.06347791105508804,0.0658784881234169,-0.05530300363898277,0.0765268323620454,-2.2650930881500244,-0.05530300363898277,0.9233644281702332,-0.2971961200237274,-0.05530300363898277,0.8353598605549568,-0.393564909696579
Acp1,0.5865595936775208,0.720811128616333,-0.40466105937957764,2.453516311180338e-07,-5.662198543548584,-0.40466105937957764,5.339408092631486e-09,-6.417805194854736,-0.40466105937957764,3.749856451260249e-16,-8.583151817321777
Sh3yl1,0.0064556170254945755,0.005674599204212427,0.18660050630569458,0.9979940091511154,-0.1480138748884201,0.18660050630569458,0.9155303663622181,0.31259799003601074,0.18660050630569458,0.8319308069309206,0.3993156850337982
Dld,0.3384004533290863,0.4346372187137604,-0.434961199760437,4.871462259832923e-06,-5.077890872955322,-0.434961199760437,1.3229879901752093e-06,-5.402862548828125,-0.434961199760437,8.050951826268772e-12,-7.259204864501953
Cbll1,0.24530662596225739,0.24018122255802155,0.03430936858057976,0.6935492612691265,-0.9001950621604919,0.03430936858057976,0.9065065679180738,0.3283334970474243,0.03430936858057976,0.8081405819741622,0.43792083859443665
Bcap29,0.2608002722263336,0.332192063331604,-0.4031115770339966,0.0001713776474509805,-4.265773773193359,-0.4031115770339966,0.0004460162310167227,-4.075077056884766,-0.4031115770339966,1.381833967864189e-07,-5.678888320922852
Dus4l,0.015762437134981155,0.03593060001730919,-1.2033331394195557,0.08294833393367025,-2.227243661880493,-1.2033331394195557,0.01827103374046981,-2.93513560295105,-1.2033331394195557,3.666564655382387e-05,-4.544951915740967
Cog5,0.16560490429401398,0.13374987244606018,0.33175963163375854,0.9979940091511154,0.43558111786842346,0.33175963163375854,0.07176804625300937,2.3733901977539062,0.33175963163375854,0.005709980802982124,3.1832664012908936
Gpr22,0.0009511600947007537,0.0006223421660251915,0.6122166514396667,0.9979940091511154,0.11043152958154678,0.6122166514396667,0.8687947685595783,0.3960947096347809,0.6122166514396667,0.7650992403179437,0.5032554864883423
Hbp1,0.10397335886955261,0.11264066398143768,-0.12187875062227249,0.08511053668397166,-2.2142412662506104,-0.12187875062227249,0.7099164204044696,-0.6673926711082458,-0.12187875062227249,0.49091911647401465,-0.9462012052536011
Prkar2b,0.01224345900118351,0.014690723270177841,-0.26466333866119385,0.6770718896474799,-0.9217470288276672,-0.26466333866119385,0.7434730931214734,-0.6109300851821899,-0.26466333866119385,0.5764444550963638,-0.8016741871833801
Pik3cg,0.29295793175697327,0.2806051969528198,0.0714876726269722,0.958267495797455,-0.5614196062088013,0.0714876726269722,0.6544298347862206,0.7632073760032654,0.0714876726269722,0.4646780505536619,0.9940159916877747
Ccdc71l,0.22908368706703186,0.21514646708965302,0.10098113864660263,0.9283861281153115,-0.5978442430496216,0.10098113864660263,0.5644425281292923,0.9175037145614624,0.10098113864660263,0.3617195895129266,1.2251306772232056
Nampt,0.16615314781665802,0.18332386016845703,-0.1546276956796646,0.0064245667943579115,-3.226381778717041,-0.1546276956796646,0.41781308820833135,-1.280265212059021,-0.1546276956796646,0.1755809770776822,-1.704106092453003
Sypl,0.2858727276325226,0.268921434879303,0.10098081827163696,0.998849677385469,-0.0019592689350247383,0.10098081827163696,0.5242629963229568,0.991442859172821,0.10098081827163696,0.3150465886033532,1.3230632543563843
Atxn7l1,0.15644147992134094,0.14552341401576996,0.11244560778141022,0.6202989243602093,-0.9974460601806641,0.11244560778141022,0.6697161117860044,0.7368550300598145,0.11244560778141022,0.46147875269036936,1.0206242799758911
Twistnb,0.4318784177303314,0.5001227855682373,-0.264694482088089,0.007278187605882575,-3.183544874191284,-0.264694482088089,0.002432464235381207,-3.5990793704986572,-0.264694482088089,1.2317412223755408e-05,-4.79159688949585
Twist1,0.0009406094904989004,0.0031741242855787277,-1.7563012838363647,0.9979940091511154,-0.06109356880187988,-1.7563012838363647,0.5070811860703509,-1.112754225730896,-1.7563012838363647,0.15108556293047135,-1.8202179670333862
Hdac9,0.0007639046525582671,0.0,19.54358673095703,0.9979940091511154,0.16822996735572815,19.54358673095703,0.36167647049845647,1.4126648902893066,19.54358673095703,0.2798142024294338,1.4126648902893066
Snx13,0.038408540189266205,0.037751927971839905,0.025353560224175453,0.5514119306810815,-1.095943808555603,0.025353560224175453,1.0,0.08357224613428116,0.025353560224175453,1.0,0.11882508546113968
Ahr,0.0174416434019804,0.019880838692188263,-0.19060757756233215,0.9979940091511154,-0.2336873561143875,-0.19060757756233215,0.8969754799916819,-0.3463716506958008,-0.19060757756233215,0.745545044744343,-0.5331131219863892
Tspan13,0.37274736166000366,0.433906614780426,-0.26626092195510864,0.014789880963102858,-2.936142683029175,-0.26626092195510864,0.024623577854734582,-2.8193280696868896,-0.26626092195510864,0.0004065979528162945,-3.9506733417510986
Bzw2,0.3149929642677307,0.4360896944999695,-0.56211256980896,8.4729992920945e-09,-6.252472877502441,-0.56211256980896,5.8994171826305896e-09,-6.409911155700684,-0.56211256980896,7.447575314744186e-17,-8.777076721191406
Ankmy2,0.1281585842370987,0.13635766506195068,-0.09551025182008743,0.01830444057330765,-2.8585734367370605,-0.09551025182008743,0.661452274465146,-0.7508722543716431,-0.09551025182008743,0.4742392424802973,-0.9774162173271179
Lrrc72,0.0010345911141484976,0.0,19.98137664794922,0.9979940091511154,0.19574879109859467,19.98137664794922,0.23855721008811115,1.7225499153137207,19.98137664794922,0.17047896017318967,1.7225499153137207
Sostdc1,0.0005822131060995162,0.0,19.151609420776367,0.9979940091511154,0.16822996735572815,19.151609420776367,0.36167647049845647,1.4098567962646484,19.151609420776367,0.2803884929583053,1.4098567962646484
Crppa,0.007685921620577574,0.009108351543545723,-0.24599917232990265,0.9979940091511154,-0.4032531976699829,-0.24599917232990265,0.8435325308269533,-0.43972453474998474,-0.24599917232990265,0.6990642948614448,-0.6049105525016785
Etv1,0.0,0.0,0.0,0.9979940091511154,0.11319231241941452,0.0,1.0,0.0,0.0,1.0,0.0
Arl4a,0.3182356655597687,0.3911225497722626,-0.3532032370567322,0.0006080663662249089,-3.931718587875366,-0.3532032370567322,0.0006709079023582164,-3.963090658187866,-0.3532032370567322,4.830873612411636e-07,-5.444126605987549
Scin,0.0,0.0,0.0,0.9979940091511154,0.11319231241941452,0.0,1.0,0.0,0.0,1.0,0.0
Lsmem1,0.0019231692422181368,0.001152756274677813,0.7389535903930664,0.9979940091511154,0.05281120538711548,0.7389535903930664,0.7562358049943682,0.5895312428474426,0.7389535903930664,0.6471136001008918,0.6869115233421326
Ifrd1,0.5002334117889404,0.5424969792366028,-0.1501375287771225,0.1529647869496001,-1.9225772619247437,-0.1501375287771225,0.1630156698519208,-1.9515100717544556,-0.1501375287771225,0.027079596123075,-2.6217684745788574
Zfp277,0.16562359035015106,0.18918515741825104,-0.20938916504383087,0.04248388683425631,-2.521846294403076,-0.20938916504383087,0.26207741741360074,-1.6567624807357788,-0.20938916504383087,0.05692982252463656,-2.3027267456054688
Dock4,0.001319203176535666,0.005162072833627462,-1.9710564613342285,0.9979940091511154,-0.20429831743240356,-1.9710564613342285,0.3161086903947087,-1.527539610862732,-1.9710564613342285,0.03644931064839919,-2.501650810241699
Immp2l,0.03867243602871895,0.04379216954112053,-0.183085635304451,0.171348406857936,-1.8582775592803955,-0.183085635304451,0.6873170175768084,-0.7075451016426086,-0.183085635304451,0.48419469058329206,-0.9585749506950378
Lrrn3,0.0,0.0,0.0,0.9979940091511154,0.11319231241941452,0.0,1.0,0.0,0.0,1.0,0.0
Dnajb9,0.14627347886562347,0.19634570181369781,-0.4618779718875885,3.784019142168937e-05,-4.628773212432861,-0.4618779718875885,0.007884476831305593,-3.228724718093872,-0.4618779718875885,2.6291590321378442e-05,-4.618807315826416
Pnpla8,0.08667358011007309,0.11703019589185715,-0.4554862082004547,0.0036044612660071276,-3.4138481616973877,-0.4554862082004547,0.057251404626554585,-2.476200819015503,-0.4554862082004547,0.0015645131439444117,-3.583380699157715
Stxbp6,0.0,0.0,0.0,0.9979940091511154,0.11319231241941452,0.0,1.0,0.0,0.0,1.0,0.0
G2e3,0.2898334562778473,0.20359347760677338,0.5742970705032349,0.058743035726784174,2.384786605834961,0.5742970705032349,1.7576504629916706e-06,5.333147048950195,0.5742970705032349,3.192173848824905e-10,6.710689544677734
Scfd1,0.37728351354599,0.42875030636787415,-0.22410109639167786,0.022516616267867495,-2.7790448665618896,-0.22410109639167786,0.022642916961136305,-2.8489255905151367,-0.22410109639167786,0.000674874843222635,-3.8176236152648926
Coch,0.0019729584455490112,0.0011004407424479723,0.8429080247879028,0.9979940091511154,0.11025340855121613,0.8429080247879028,0.7909019677778124,0.5299916863441467,0.8429080247879028,0.6799818017456964,0.6346080899238586
Strn3,0.22838382422924042,0.25968924164772034,-0.20882537961006165,0.039691402337190075,-2.5496323108673096,-0.20882537961006165,0.23453772674445428,-1.7361176013946533,-0.20882537961006165,0.03958106335996465,-2.4616546630859375
Ap4s1,0.27423006296157837,0.2590183615684509,0.09379252791404724,0.9979940091511154,0.38855865597724915,0.09379252791404724,0.5348898028733655,0.971651017665863,0.09379252791404724,0.32231532882934993,1.3083229064941406
Hectd1,0.796558678150177,0.8136250376701355,-0.04452834278345108,0.9979940091511154,-0.1273524910211563,-0.04452834278345108,0.6445145858847501,-0.7790274024009705,-0.04452834278345108,0.46147875269036936,-1.0362895727157593
Heatr5a,0.048876453191041946,0.06009135767817497,-0.30618125200271606,0.011181306205706313,-3.038113832473755,-0.30618125200271606,0.3529034038954951,-1.4417067766189575,-0.30618125200271606,0.12795683359195265,-1.9098573923110962
Dtd2,0.1498606652021408,0.1833721101284027,-0.31599676609039307,0.0016285953472018535,-3.6564412117004395,-0.31599676609039307,0.04680246019361466,-2.5626301765441895,-0.31599676609039307,0.0018733345612506652,-3.5307202339172363
Nubpl,0.039756469428539276,0.07550400495529175,-0.951397716999054,0.0001089806459232392,-4.377184867858887,-0.951397716999054,0.00023056304961366084,-4.25398063659668,-0.951397716999054,5.781188636039771e-09,-6.237872123718262
Arhgap5,0.008642707020044327,0.02174391970038414,-1.3405311107635498,0.48699473768219953,-1.194352626800537,-1.3405311107635498,0.1704426124223012,-1.9281524419784546,-1.3405311107635498,0.008380091465183549,-3.055370569229126
Akap6,0.0,0.0,0.0,0.9979940091511154,0.11319231241941452,0.0,1.0,0.0,0.0,1.0,0.0
Egln3,0.010462609119713306,0.013116047717630863,-0.328008234500885,0.7838937078739785,-0.7823717594146729,-0.328008234500885,0.6642370424577833,-0.7458918690681458,-0.328008234500885,0.46147875269036936,-1.002400279045105
Sptssa,0.818362295627594,0.8163185119628906,0.0052805617451667786,0.9979940091511154,0.44439783692359924,0.0052805617451667786,1.0,0.0992322489619255,0.0052805617451667786,0.9977470324985438,0.1329953819513321
Eapp,0.5153520107269287,0.49856138229370117,0.0609179325401783,0.7522430856808537,0.8225367665290833,0.0609179325401783,0.5798108107948043,0.8899607062339783,0.0609179325401783,0.39226587591033957,1.1657404899597168
Snx6,0.5204470157623291,0.5370451807975769,-0.05831526219844818,0.9979940091511154,-0.4663950800895691,-0.05831526219844818,0.5915394145638905,-0.8693724870681763,-0.05831526219844818,0.40706640941498107,-1.1376457214355469
Cfl2,0.15420052409172058,0.14608550071716309,0.08399470150470734,0.19919170212495121,-1.7759883403778076,0.08399470150470734,0.736820006416558,0.623430609703064,0.08399470150470734,0.5679563729297151,0.8161767721176147
Baz1a,1.02238929271698,1.0702627897262573,-0.10646873712539673,0.3338800763864587,-1.4611693620681763,-0.10646873712539673,0.16590178791744184,-1.9411646127700806,-0.10646873712539673,0.028316208431306007,-2.6035046577453613
Gm20403,0.0,0.0,0.0,0.9979940091511154,0.11319231241941452,0.0,1.0,0.0,0.0,1.0,0.0
2700097O09Rik,0.07511520385742188,0.07436731457710266,0.014982393942773342,0.06168431416826542,-2.3610973358154297,0.014982393942773342,1.0,0.08607369661331177,0.014982393942773342,1.0,0.11196044087409973
Srp54a,0.1637931913137436,0.1579217165708542,0.057014789432287216,0.2369797587512199,-1.6733938455581665,0.057014789432287216,0.8258546543146694,0.46916651725769043,0.057014789432287216,0.6916049755213518,0.6169489026069641
Fam177a,0.050258900970220566,0.060841239988803864,-0.28337448835372925,0.02265162343394301,-2.7766404151916504,-0.28337448835372925,0.3542260609581108,-1.4390209913253784,-0.28337448835372925,0.12305392535536978,-1.9299150705337524
Srp54b,0.0017137207323685288,0.0012513886904343963,0.4539352357387543,0.9979940091511154,0.08050814270973206,0.4539352357387543,0.8705184617674923,0.39252814650535583,0.4539352357387543,0.7671471943624256,0.49993833899497986
Fam177a2,0.001321255462244153,0.0019576214253902435,-0.567651093006134,0.9979940091511154,-0.032416995614767075,-0.567651093006134,0.820307532224064,-0.4794465899467468,-0.567651093006134,0.6577803969353103,-0.6701657176017761
Srp54c,0.013317364268004894,0.014931287616491318,-0.16619716584682465,0.7475801716214003,-0.8298394680023193,-0.16619716584682465,0.864392986517791,-0.4031502306461334,-0.16619716584682465,0.7436646195024905,-0.5360145568847656
Ppp2r3c,0.2329576164484024,0.23195303976535797,0.006987404078245163,0.5452994635693574,-1.1060073375701904,0.006987404078245163,1.0,0.06985776126384735,0.006987404078245163,1.0,0.09254024922847748
Prorp,0.03268079087138176,0.04379672184586525,-0.4304494559764862,0.17792217701851007,-1.8379724025726318,-0.4304494559764862,0.3337233077426464,-1.4859983921051025,-0.4304494559764862,0.08018540622430005,-2.1458940505981445
Psma6,1.0472846031188965,1.1747373342514038,-0.27430516481399536,2.7338831005923497e-09,-6.440295219421387,-0.27430516481399536,5.637889574079422e-08,-6.01181173324585,-0.27430516481399536,2.299412549156772e-15,-8.351902961730957
Nfkbia,1.7267413139343262,1.7206509113311768,0.010694515891373158,0.6489866854492766,0.9584387540817261,0.010694515891373158,1.0,0.14093032479286194,0.010694515891373158,0.9626486596747845,0.18895040452480316
Aldoart2,0.0,0.0,0.0,0.9979940091511154,0.11319231241941452,0.0,1.0,0.0,0.0,1.0,0.0
Ralgapa1,0.15640482306480408,0.16527293622493744,-0.08613397926092148,0.04872228534152211,-2.4645822048187256,-0.08613397926092148,0.7224656286589285,-0.6478326320648193,-0.08613397926092148,0.5297241031749182,-0.8787733912467957
Brms1l,0.056579574942588806,0.06749352812767029,-0.2624219059944153,0.12190180070166995,-2.039153814315796,-0.2624219059944153,0.4490806994790207,-1.2208573818206787,-0.2624219059944153,0.17157260241668912,-1.7176167964935303
Mbip,0.1076824739575386,0.1361434906721115,-0.3592919111251831,0.00022543942454834686,-4.197288513183594,-0.3592919111251831,0.046670188185177805,-2.5635855197906494,-0.3592919111251831,0.002157174050333535,-3.4888436794281006
Prps1l3,0.05651881545782089,0.06131276860833168,-0.12094822525978088,0.12564640044602535,-2.0242810249328613,-0.12094822525978088,0.7529170038297727,-0.5954868793487549,-0.12094822525978088,0.5732377106255582,-0.807588517665863
Mipol1,0.014715876430273056,0.025927944108843803,-0.825249433517456,0.3285605828344793,-1.4715890884399414,-0.825249433517456,0.1816657643245699,-1.8887898921966553,-0.825249433517456,0.015749931856995424,-2.8292930126190186
Sec23a,0.06707949936389923,0.06816744804382324,-0.02400488406419754,0.11056625317973066,-2.087333917617798,-0.02400488406419754,1.0,-0.1318761259317398,-0.02400488406419754,0.9722561757252198,-0.17370003461837769
Gemin2,0.1948871612548828,0.23831988871097565,-0.32272040843963623,0.0012959351477432283,-3.7229673862457275,-0.32272040843963623,0.017437033332456955,-2.946755886077881,-0.32272040843963623,0.00029231536441155206,-4.037717342376709
Trappc6b,0.6019303798675537,0.6126114130020142,-0.03385569900274277,0.9979940091511154,0.08451574295759201,-0.03385569900274277,0.7736679974042752,-0.5596780776977539,-0.03385569900274277,0.6115621960071786,-0.7426127791404724
Pnn,0.9294624924659729,1.0912004709243774,-0.36743438243865967,3.9125553702055915e-08,-5.990375995635986,-0.36743438243865967,1.5528175120566635e-08,-6.247459888458252,-0.36743438243865967,1.2489393655135714e-16,-8.712542533874512
Mia2,0.3704189956188202,0.4080640375614166,-0.16854986548423767,0.2113040765538042,-1.7427698373794556,-0.16854986548423767,0.16229837709219208,-1.954230785369873,-0.16854986548423767,0.0226553019840845,-2.691289186477661
Fbxo33,0.226957768201828,0.2414712756872177,-0.10030512511730194,0.10002880728291173,-2.1374733448028564,-0.10030512511730194,0.5472092664421577,-0.9490846991539001,-0.10030512511730194,0.33890641107021696,-1.2727268934249878
Gm527,0.007883591577410698,0.007831239141523838,0.009650208987295628,0.9979940091511154,0.09992271661758423,0.009650208987295628,1.0,0.011958803981542587,0.009650208987295628,1.0,0.018130555748939514
Klhl28,0.12001849710941315,0.13564686477184296,-0.1881125122308731,0.023979557944136382,-2.754554033279419,-0.1881125122308731,0.4570142903488106,-1.2062591314315796,-0.1881125122308731,0.18266486113416072,-1.6795268058776855
Togaram1,0.09441860765218735,0.09433877468109131,0.0012789586326107383,0.07143228277984091,-2.2959070205688477,0.0012789586326107383,1.0,0.007888087071478367,0.0012789586326107383,1.0,0.010470355860888958
Prpf39,0.2760595381259918,0.2977805733680725,-0.12568680942058563,0.09439553648229455,-2.165170431137085,-0.12568680942058563,0.4329076434340495,-1.251155138015747,-0.12568680942058563,0.17811069506808397,-1.6946375370025635
Fkbp3,1.0958713293075562,1.265853762626648,-0.35423532128334045,4.883658655182024e-11,-7.060225963592529,-0.35423532128334045,3.568391998260688e-11,-7.24730920791626,-0.35423532128334045,4.103317811251424e-21,-9.901448249816895
Fancm,0.1377444714307785,0.161721333861351,-0.24924255907535553,0.0019660853088773983,-3.5994443893432617,-0.24924255907535553,0.205736370816413,-1.8156991004943848,-0.24924255907535553,0.03975598942224577,-2.4595234394073486
Mis18bp1,0.6941889524459839,0.4247604310512543,0.921053946018219,6.625489635772105e-22,10.064319610595703,0.921053946018219,2.105609751559378e-27,11.834527969360352,0.921053946018219,1.822077781268759e-50,15.758519172668457
Rps29,2.9978880882263184,3.0263750553131104,-0.04322375729680061,0.9324395044505105,-0.5922335982322693,-0.04322375729680061,0.1494532000763439,-2.001791000366211,-0.04322375729680061,0.01880040184683661,-2.762561559677124
Lrr1,0.19570468366146088,0.20146606862545013,-0.04615199565887451,0.08372621108818265,-2.222078323364258,-0.04615199565887451,0.8598437898262901,-0.4115501344203949,-0.04615199565887451,0.7405896106627123,-0.540782630443573
Rpl36al,1.409694790840149,1.5384317636489868,-0.24096909165382385,6.360951546266751e-07,-5.480075359344482,-0.24096909165382385,3.450094078494571e-08,-6.091239929199219,-0.24096909165382385,8.949612504410191e-15,-8.181966781616211
Mgat2,0.486643522977829,0.589968740940094,-0.3589610457420349,2.8201498873338964e-05,-4.69529914855957,-0.3589610457420349,2.4237436660683704e-06,-5.282284736633301,-0.3589610457420349,1.85252512808599e-11,-7.138946056365967
Dnaaf2,0.05179717391729355,0.061501841992139816,-0.25482264161109924,0.018355599747325643,-2.8575048446655273,-0.25482264161109924,0.4338376063108812,-1.2492841482162476,-0.25482264161109924,0.18489625147240835,-1.672777533531189
Pole2,0.17750051617622375,0.22739477455615997,-0.3945806324481964,5.5836082964025995e-05,-4.539448261260986,-0.3945806324481964,0.004552164961853986,-3.405412435531616,-0.3945806324481964,2.5887806267817875e-05,-4.622847557067871
Klhdc1,0.04478517919778824,0.04808006435632706,-0.10481275618076324,0.23081825903383282,-1.6900476217269897,-0.10481275618076324,0.8665393124221838,-0.3994462192058563,-0.10481275618076324,0.7308440436324125,-0.5568351149559021
Klhdc2,0.3467256426811218,0.37296047806739807,-0.12528526782989502,0.304149737053742,-1.52092707157135,-0.12528526782989502,0.36179032358873764,-1.4077833890914917,-0.12528526782989502,0.12004394815676722,-1.9421541690826416
Nemf,0.4833410680294037,0.5345044732093811,-0.18518397212028503,0.1359122304613888,-1.9836708307266235,-0.18518397212028503,0.05623390526436593,-2.482447385787964,-0.18518397212028503,0.0033554189762802053,-3.353706121444702
Arf6,0.8366817831993103,0.797330915927887,0.10170883685350418,0.11608772378292324,2.0638227462768555,0.10170883685350418,0.2079894948294086,1.8096683025360107,0.10170883685350418,0.04176164045102545,2.4390785694122314
Vcpkmt,0.18262061476707458,0.2220311313867569,-0.3112991750240326,0.000721462122614831,-3.8861210346221924,-0.3112991750240326,0.022376883376129558,-2.853975534439087,-0.3112991750240326,0.0006261426067886517,-3.83792781829834
Sos2,0.10108133405447006,0.10296697169542313,-0.028048496693372726,0.06498995064350516,-2.338120460510254,-0.028048496693372726,0.9932679423652387,-0.1664104014635086,-0.028048496693372726,0.9423501462932794,-0.22446344792842865
L2hgdh,0.014862307347357273,0.04494749382138252,-1.6183927059173584,0.00035063376963812904,-4.082137107849121,-1.6183927059173584,7.201427186758694e-06,-5.078437328338623,-1.6183927059173584,3.4892595095544863e-13,-7.6972432136535645
Dmac2l,0.02868623100221157,0.025199076160788536,0.18951430916786194,0.7224736065786806,-0.8617221117019653,0.18951430916786194,0.7161293938564995,0.6570438742637634,0.18951430916786194,0.547373770941416,0.8503237366676331
Cdkl1,0.0,0.000573763798456639,-19.13051414489746,0.9979940091511154,0.027607882395386696,-19.13051414489746,0.5196272646011879,-1.0,-19.13051414489746,0.16021537352752957,-1.759765386581421
Map4k5,0.0014126861933618784,0.005092384293675423,-1.8525553941726685,0.9979940091511154,-0.14605459570884705,-1.8525553941726685,0.5374303393505614,-0.9679464101791382,-1.8525553941726685,0.2002789630678519,-1.6260640621185303
Atl1,0.0007040889468044043,0.0009572635754011571,-0.4433406591415405,0.9984208920935209,-0.0025826727505773306,-0.4433406591415405,0.9205159438462663,-0.30160701274871826,-0.4433406591415405,0.8300955857772021,-0.402697890996933
Sav1,0.1001189723610878,0.10571379959583282,-0.08255349844694138,0.022719287557339617,-2.7753937244415283,-0.08255349844694138,0.7942152281491153,-0.5241730213165283,-0.08255349844694138,0.6420217360643083,-0.6950712203979492
Nin,0.3103767931461334,0.318543404340744,-0.0436687171459198,0.30813968902808336,-1.5130009651184082,-0.0436687171459198,0.8466417138497304,-0.43436816334724426,-0.0436687171459198,0.7131264871951819,-0.5838022232055664
Pygl,0.0,0.00494097825139761,-22.239931106567383,0.9979940091511154,-0.4003142714500427,-22.239931106567383,0.11745327064279866,-2.1336510181427,-22.239931106567383,0.0008719916220714385,-3.754725456237793
Tmx1,0.40099188685417175,0.45945829153060913,-0.24155031144618988,0.026325037382472233,-2.7166154384613037,-0.24155031144618988,0.007085115753741311,-3.260817050933838,-0.24155031144618988,6.890666424902767e-05,-4.3959760665893555
Frmd6,0.013988074846565723,0.015939168632030487,-0.18978992104530334,0.8937271186708747,-0.6447775959968567,-0.18978992104530334,0.840190065223953,-0.4463270604610443,-0.18978992104530334,0.6922336160418249,-0.6156943440437317
Actr10,0.7354262471199036,0.7215943336486816,0.03857128694653511,0.6024639620522155,1.0213135480880737,0.03857128694653511,0.7020575573653351,0.6811110973358154,0.03857128694653511,0.5157375732735844,0.9043225049972534
Psma3,1.5166620016098022,1.6640428304672241,-0.2671625316143036,1.2416981404635567e-11,-7.257755756378174,-0.2671625316143036,8.291223437621383e-11,-7.11374044418335,-0.2671625316143036,2.0005248458866122e-20,-9.727485656738281
Arid4a,0.5180056095123291,0.5362305045127869,-0.06418171525001526,0.9271892045315492,-0.6006940603256226,-0.06418171525001526,0.6009819842081483,-0.8529052138328552,-0.06418171525001526,0.40689464679216897,-1.1379976272583008
Timm9,0.14236418902873993,0.2665668725967407,-0.9975552558898926,1.1250291048981941e-17,-9.02074146270752,-0.9975552558898926,1.068941910496391e-14,-8.45332145690918,-0.9975552558898926,2.555530985382211e-30,-11.986668586730957
2700049A03Rik,0.10066269338130951,0.10087119042873383,-0.0031380776781588793,0.2504119999595226,-1.6411550045013428,-0.0031380776781588793,1.0,-0.01966712810099125,-0.0031380776781588793,1.0,-0.02639763057231903
Dact1,0.00026743492344394326,0.0,18.02902603149414,0.9979940091511154,0.14071114361286163,18.02902603149414,0.5196272646011879,1.0,18.02902603149414,0.46147875269036936,1.0
Daam1,0.015509393066167831,0.027373867109417915,-0.8282462954521179,0.4116486984600666,-1.316272497177124,-0.8282462954521179,0.17139458410480654,-1.9241242408752441,-0.8282462954521179,0.013753799316714244,-2.879805564880371
Gpr135,0.0005994221428409219,0.0005959133268333972,0.008472279645502567,0.9979940091511154,0.08282364159822464,0.008472279645502567,1.0,0.004798895213752985,0.008472279645502567,1.0,0.006469414569437504
L3hypdh,0.0004649198963306844,0.0,18.826961517333984,0.9979940091511154,0.14071114361286163,18.826961517333984,0.5196272646011879,1.0,18.826961517333984,0.46147875269036936,1.0
Jkamp,0.17092265188694,0.1923198401927948,-0.18606579303741455,0.0026366487917043333,-3.510921001434326,-0.18606579303741455,0.30627554843058113,-1.5484930276870728,-0.18606579303741455,0.09885824669616865,-2.0432703495025635
Pcnx4,0.0551723875105381,0.08301669359207153,-0.6097719669342041,0.0003579545994054832,-4.076704502105713,-0.6097719669342041,0.014417689263532646,-3.0188677310943604,-0.6097719669342041,7.438107684609208e-05,-4.377121925354004
Dhrs7,0.32695913314819336,0.30744150280952454,0.10362038761377335,0.9979940091511154,0.09493549168109894,0.10362038761377335,0.46439524238573787,1.1916253566741943,0.10362038761377335,0.2293366565184504,1.5432401895523071
Ppm1a,0.31061458587646484,0.3154194951057434,-0.025792904198169708,0.9979940091511154,-0.42988142371177673,-0.025792904198169708,0.9316037188493259,-0.2828908860683441,-0.025792904198169708,0.8423165869185086,-0.38341471552848816
4930447C04Rik,0.0,0.0005578570999205112,-19.089941024780273,0.9979940091511154,0.027607882395386696,-19.089941024780273,0.5196272646011879,-1.0,-19.089941024780273,0.16021537352752957,-1.759765386581421
Six1,0.0,0.0004657348326873034,-18.82948875427246,0.9979940091511154,0.027607882395386696,-18.82948875427246,0.5196272646011879,-1.0,-18.82948875427246,0.16021537352752957,-1.759765386581421
Six4,0.0,0.0,0.0,0.9979940091511154,0.11319231241941452,0.0,1.0,0.0,0.0,1.0,0.0
Mnat1,0.11925780028104782,0.17232072353363037,-0.5702192187309265,3.2088732784963943e-07,-5.612682342529297,-0.5702192187309265,0.00013681466991389898,-4.377922534942627,-0.5702192187309265,2.1385783595693795e-08,-6.01335334777832
Trmt5,0.040247999131679535,0.045334652066230774,-0.175392746925354,0.09649034246638276,-2.1546616554260254,-0.175392746925354,0.6624560083475488,-0.7493550181388855,-0.175392746925354,0.4639452573467868,-0.9956252574920654
Slc38a6,0.025827469304203987,0.012538722716271877,1.052132248878479,0.9979940091511154,0.3938130736351013,1.052132248878479,0.01632273591353384,2.9660918712615967,1.052132248878479,0.00177798727283466,3.5482699871063232
Tmem30b,0.0002978570119012147,0.0,18.184480667114258,0.9979940091511154,0.14071114361286163,18.184480667114258,0.5196272646011879,1.0,18.184480667114258,0.46147875269036936,1.0
Prkch,0.6788566708564758,0.6617203950881958,0.0506172813475132,0.3826970197464666,1.367213487625122,0.0506172813475132,0.6429091735822866,0.7815037369728088,0.0506172813475132,0.45233235073667444,1.0545768737792969
Hif1a,1.0798194408416748,1.081850528717041,-0.004434782546013594,0.9979940091511154,0.25354722142219543,-0.004434782546013594,1.0,-0.07694290578365326,-0.004434782546013594,1.0,-0.10514244437217712
Snapc1,0.20966605842113495,0.21437065303325653,-0.035527732223272324,0.2648471012307747,-1.6065114736557007,-0.035527732223272324,0.9055551912136953,-0.3307078182697296,-0.035527732223272324,0.8050711016737893,-0.4425002634525299
Ppp2r5e,0.34538504481315613,0.2642248272895813,0.44795364141464233,0.0009700996337555457,3.8051676750183105,0.44795364141464233,7.510694643195324e-06,5.036977291107178,0.44795364141464233,1.0450081887358138e-09,6.5201416015625
Wdr89,0.26370638608932495,0.3347814381122589,-0.39810988306999207,9.765271171843666e-05,-4.404881954193115,-0.39810988306999207,0.00026805377525764923,-4.206336975097656,-0.39810988306999207,7.645067774713667e-08,-5.787806510925293
Sgpp1,0.14644135534763336,0.1576676219701767,-0.11486642062664032,0.028450372536097748,-2.6859796047210693,-0.11486642062664032,0.6091169788197617,-0.8385574817657471,-0.11486642062664032,0.4079214861053645,-1.1361116170883179
Syne2,0.09626633673906326,0.07030155509710312,0.47246432304382324,0.7924285459765152,-0.7718629240989685,0.47246432304382324,0.04570251025400931,2.569833278656006,0.47246432304382324,0.004831265910132942,3.2375078201293945
Mthfd1,0.15822239220142365,0.285579651594162,-0.9472029209136963,1.3066412987344396e-15,-8.458609580993652,-0.9472029209136963,1.8403090652939766e-14,-8.379082679748535,-0.9472029209136963,8.404380934482554e-30,-11.876409530639648
Akap5,0.0008244196069426835,0.0022261489648371935,-1.4341096878051758,0.9979940091511154,-0.14552025496959686,-1.4341096878051758,0.48494949720843544,-1.1535793542861938,-1.4341096878051758,0.16129091872991705,-1.755264401435852
Zbtb25,0.20693282783031464,0.17952856421470642,0.2253533899784088,0.9979940091511154,0.4744102656841278,0.2253533899784088,0.17824347294039472,1.8988864421844482,0.2253533899784088,0.03290673496852281,2.543790817260742
Zbtb1,0.3204266130924225,0.302663654088974,0.09575612843036652,0.9979940091511154,-0.22994694113731384,0.09575612843036652,0.5462556644670498,0.9516724944114685,0.09575612843036652,0.33699898250062305,1.2768810987472534
Hspa2,0.08095399290323257,0.05862346664071083,0.4819197356700897,0.9979940091511154,-0.34126904606819153,0.4819197356700897,0.03818512654242966,2.6438307762145996,0.4819197356700897,0.003819308299765446,3.3139567375183105
Plekhg3,0.10277619957923889,0.06572257727384567,0.6721490621566772,0.9979940091511154,0.36282098293304443,0.6721490621566772,0.0005900986346690932,3.9873154163360596,0.6721490621566772,8.025549018033659e-06,4.886785984039307
Sptb,0.0,0.0006493120454251766,-19.309022903442383,0.9979940091511154,0.027607882395386696,-19.309022903442383,0.5196272646011879,-1.0,-19.309022903442383,0.16021537352752957,-1.759765386581421
Churc1,0.6969853639602661,0.6845999360084534,0.035822127014398575,0.48428305242403585,1.1981821060180664,0.035822127014398575,0.748654409997353,0.6017162799835205,0.035822127014398575,0.5697341708322781,0.8131598830223083
Fntb,0.04335969686508179,0.048281606286764145,-0.15869662165641785,0.07202678301258393,-2.2919886112213135,-0.15869662165641785,0.6761116590322266,-0.7265748977661133,-0.15869662165641785,0.48357278854040553,-0.9601088762283325
Gpx2,0.0,0.0,0.0,0.9979940091511154,0.11319231241941452,0.0,1.0,0.0,0.0,1.0,0.0
Rab15,0.0,0.0006086328066885471,-19.215654373168945,0.9979940091511154,0.027607882395386696,-19.215654373168945,0.5196272646011879,-1.0,-19.215654373168945,0.16021537352752957,-1.759765386581421
Max,0.3436266779899597,0.35318344831466675,-0.046868834644556046,0.7639024856355157,-0.8084656596183777,-0.046868834644556046,0.7715489923717604,-0.5632967948913574,-0.046868834644556046,0.6115537876216046,-0.7427220940589905
Fut8,0.33882346749305725,0.27225515246391296,0.3660348355770111,0.08497130704650209,2.2152206897735596,0.3660348355770111,0.0009362541659046926,3.866142988204956,0.3660348355770111,4.8822692142669816e-06,4.98935079574585
Gphn,0.08278916776180267,0.08542278409004211,-0.04710519313812256,0.1462408124372402,-1.9463557004928589,-0.04710519313812256,0.9432231273477159,-0.2618168890476227,-0.04710519313812256,0.8604369785808746,-0.3546527326107025
Mpp5,0.02321765013039112,0.031028926372528076,-0.4240518808364868,0.5352381732274413,-1.1219487190246582,-0.4240518808364868,0.5196272646011879,-1.0084514617919922,-0.4240518808364868,0.23254394095742817,-1.534914493560791
Atp6v1d,0.5961974263191223,0.5764999985694885,0.06405893713235855,0.23775059290906164,1.671256422996521,0.06405893713235855,0.539745413026798,0.9638879299163818,0.06405893713235855,0.3281006569079055,1.2955143451690674
Eif2s1,0.8011166453361511,1.0875775814056396,-0.6797112226486206,7.858297114081595e-28,-11.365274429321289,-0.6797112226486206,1.0710330205903019e-29,-12.423794746398926,-0.6797112226486206,5.0468499622075655e-57,-16.820241928100586
Plek2,0.0,0.0018565966747701168,-20.82556915283203,0.9979940091511154,-0.143560990691185,-20.82556915283203,0.23830918593838063,-1.7277019023895264,-20.82556915283203,0.00883300962565929,-3.0403501987457275
Tmem229b,0.07366864383220673,0.06805139034986496,0.1185259222984314,0.6206391816428426,-0.9967336058616638,0.1185259222984314,0.7482183505100087,0.6028333902359009,0.1185259222984314,0.5634906019707063,0.8236903548240662
Plekhh1,0.0005167524795979261,0.0006729503511451185,-0.38113880157470703,0.9979940091511154,0.08282364159822464,-0.38113880157470703,0.9742910564988493,-0.20366886258125305,-0.38113880157470703,0.8983696299130617,-0.2943767011165619
Pigh,0.043939292430877686,0.055650558322668076,-0.34940242767333984,0.06651632498481153,-2.327789783477783,-0.34940242767333984,0.37685692291810746,-1.3674598932266235,-0.34940242767333984,0.11939505310086394,-1.9450817108154297
Arg2,0.0,0.0010680563282221556,-20.027328491210938,0.9979940091511154,0.027607882395386696,-20.027328491210938,0.5196272646011879,-1.0,-20.027328491210938,0.16021537352752957,-1.759765386581421
Vti1b,0.3602619171142578,0.3845506012439728,-0.11273275315761566,0.4036090912922126,-1.3301655054092407,-0.11273275315761566,0.36179032358873764,-1.4091354608535767,-0.11273275315761566,0.1337250290454782,-1.885697841644287
Rdh11,0.12422505766153336,0.09128858894109726,0.4686349928379059,0.9979940091511154,0.27777090668678284,0.4686349928379059,0.010964988451025691,3.1099472045898438,0.4686349928379059,0.0003535939556925207,3.989588975906372
Rdh12,0.03494159132242203,0.02592732198536396,0.4370073974132538,0.9979940091511154,-0.3313836455345154,0.4370073974132538,0.30136833780356476,1.5600587129592896,0.4370073974132538,0.10628034038044577,2.005873918533325
Zfyve26,0.10377996414899826,0.10374408960342407,0.0005251290276646614,0.256006014131198,-1.6281524896621704,0.0005251290276646614,1.0,0.003172654425725341,0.0005251290276646614,1.0,0.004310473334044218
Rad51b,0.07296768575906754,0.0674181878566742,0.1181698888540268,0.1125831585750984,-2.078428268432617,0.1181698888540268,0.7001256355398356,0.6842538118362427,0.1181698888540268,0.5350334767288926,0.8703209161758423
Zfp36l1,0.5719993710517883,0.5527467727661133,0.06457749009132385,0.7403219393208351,0.8384780883789062,0.06457749009132385,0.6975704466343201,0.6898744106292725,0.06457749009132385,0.4823417457598747,0.9625265002250671
Actn1,0.34318801760673523,0.35676711797714233,-0.06634876877069473,0.19966547186153785,-1.7745634317398071,-0.06634876877069473,0.7109304668193733,-0.6654154062271118,-0.06634876877069473,0.5192162256324298,-0.8981059193611145
Dcaf5,0.12858746945858002,0.1129949539899826,0.1979658305644989,0.6853745086239037,-0.9105257391929626,0.1979658305644989,0.4144070529234068,1.2872424125671387,0.1979658305644989,0.17178904395725308,1.7168828248977661
Exd2,0.05984863266348839,0.05868549272418022,0.029161617159843445,0.16509799242154147,-1.879651427268982,0.029161617159843445,1.0,0.1422683298587799,0.029161617159843445,0.9632155579498093,0.18788887560367584
Galnt16,0.0,0.0010576086351647973,-20.013137817382812,0.9979940091511154,-0.05797655135393143,-20.013137817382812,0.36167647049845647,-1.41597580909729,-20.013137817382812,0.037277906666215874,-2.4917852878570557
Erh,0.7994150519371033,0.9606654047966003,-0.39824968576431274,1.7200197807142898e-10,-6.872581481933594,-0.39824968576431274,3.2104447529079425e-10,-6.902758598327637,-0.39824968576431274,6.50837508786479e-20,-9.59426498413086
Slc39a9,0.09479604661464691,0.10057052224874496,-0.08954206109046936,0.07284525870039099,-2.287179470062256,-0.08954206109046936,0.7991380813036241,-0.5153434872627258,-0.08954206109046936,0.6310132129171044,-0.711823582649231
Susd6,0.12534157931804657,0.10176561027765274,0.31794312596321106,0.9979940091511154,0.28551894426345825,0.31794312596321106,0.21815190033983503,1.780447244644165,0.31794312596321106,0.03779234106709729,2.4821481704711914
Srsf5,1.398648738861084,1.3922094106674194,0.012349381111562252,0.16248085556793074,1.8880228996276855,0.012349381111562252,0.9325559807320448,0.2814658284187317,0.012349381111562252,0.8329694805512879,0.3977116048336029
Slc10a1,0.006038980558514595,0.003944018390029669,0.6161512136459351,0.9979940091511154,0.18595243990421295,0.6161512136459351,0.6353290722649336,0.7941416501998901,0.6161512136459351,0.45367267414790674,1.052424669265747
Smoc1,0.001863146317191422,0.002326946472749114,-0.3210315406322479,0.9979940091511154,0.07926134020090103,-0.3210315406322479,0.9514710888948062,-0.2476128488779068,-0.3210315406322479,0.8567977382560531,-0.3602350354194641
Gm20498,0.008074840530753136,0.012737487442791462,-0.6609439253807068,0.7107401520120044,-0.8775743842124939,-0.6609439253807068,0.3907890938228809,-1.338875412940979,-0.6609439253807068,0.1332339849896554,-1.887392282485962
Cox16,0.14079450070858002,0.11959240585565567,0.2510910630226135,0.5617936998897316,-1.0799134969711304,0.2510910630226135,0.20904586447906182,1.806082010269165,0.2510910630226135,0.05312983322487022,2.3352913856506348
Gm4787,0.0012243336532264948,0.0037849959917366505,-1.6301419734954834,0.9979940091511154,-0.2881016135215759,-1.6301419734954834,0.3095994754111056,-1.5421152114868164,-1.6301419734954834,0.04658671117548272,-2.391965866088867
Adam4,0.003961983136832714,0.004673106595873833,-0.23867250978946686,0.9979940091511154,-0.17686855792999268,-0.23867250978946686,0.906406404993979,-0.32861021161079407,-0.23867250978946686,0.8048969223683683,-0.4427730441093445
Synj2bp,0.36238721013069153,0.34850960969924927,0.06693609058856964,0.9979940091511154,0.27990829944610596,0.06693609058856964,0.6523760245763899,0.7673044800758362,0.06693609058856964,0.46147875269036936,1.0275341272354126
Adam21,0.0,0.0,0.0,0.9979940091511154,0.11319231241941452,0.0,1.0,0.0,0.0,1.0,0.0
Med6,0.14084811508655548,0.1422491818666458,-0.01531450916081667,0.2629755033356836,-1.6114987134933472,-0.01531450916081667,1.0,-0.11263228207826614,-0.01531450916081667,0.9848212754919432,-0.15350975096225739
Map3k9,0.0,0.0020288354717195034,-20.953685760498047,0.9979940091511154,-0.05797655135393143,-20.953685760498047,0.40525174824720583,-1.3079684972763062,-20.953685760498047,0.05726771941465271,-2.301717519760132
Pcnx,0.04451072961091995,0.06094679608941078,-0.46535754203796387,0.052369545722714864,-2.4336793422698975,-0.46535754203796387,0.25352120380272114,-1.6806849241256714,-0.46535754203796387,0.04072785312583361,-2.4491803646087646
Sipa1l1,0.2833702862262726,0.26275432109832764,0.12452131509780884,0.9979940091511154,-0.36264288425445557,0.12452131509780884,0.44154031151409356,1.2342296838760376,0.12452131509780884,0.2021046808046753,1.6201684474945068
Dpf3,0.005605264566838741,0.00410498958081007,0.45048680901527405,0.9984208920935209,0.019236458465456963,0.45048680901527405,0.7156290668547806,0.6578048467636108,0.45048680901527405,0.5572535307328439,0.8336047530174255
Dcaf4,0.04706564173102379,0.05889623239636421,-0.33211028575897217,0.02603748668033822,-2.7210683822631836,-0.33211028575897217,0.31892655724597974,-1.5186294317245483,-0.33211028575897217,0.09310258604889399,-2.0736734867095947
Zfyve1,0.04332597181200981,0.02164607122540474,1.016850233078003,0.9979940091511154,0.43558111786842346,1.016850233078003,0.0014419977960666486,3.7421016693115234,1.016850233078003,6.197212352976261e-05,4.425223350524902
Rbm25,1.3086435794830322,1.317797303199768,-0.018064791336655617,0.8409274576881968,0.7105912566184998,-0.018064791336655617,0.8491737438324055,-0.43032106757164,-0.018064791336655617,0.7290308909945952,-0.5597543716430664
Psen1,0.2466680407524109,0.26080214977264404,-0.0910114049911499,0.21209126125704358,-1.7404543161392212,-0.0910114049911499,0.5871232609569875,-0.8765812516212463,-0.0910114049911499,0.3804413083814328,-1.1875489950180054
Numb,0.049531105905771255,0.0488661490380764,0.019982879981398582,0.2548282825347777,-1.6307352781295776,0.019982879981398582,1.0,0.08081275969743729,0.019982879981398582,1.0,0.10991160571575165
Riox1,0.09886156022548676,0.13009491562843323,-0.4190429151058197,0.0004929121799011444,-3.99005126953125,-0.4190429151058197,0.027080345404127366,-2.78212833404541,-0.4190429151058197,0.0006279183475478884,-3.8368022441864014
Acot2,0.0580015666782856,0.0616070032119751,-0.08962938189506531,0.18416433898292559,-1.8183797597885132,-0.08962938189506531,0.8709791679072761,-0.3915846645832062,-0.08962938189506531,0.7338345761745313,-0.551162838935852
Acot1,0.0,0.0010680563282221556,-20.027328491210938,0.9979940091511154,0.027607882395386696,-20.027328491210938,0.5196272646011879,-1.0,-20.027328491210938,0.16021537352752957,-1.759765386581421
Acot6,0.0005466224974952638,0.0056518991477787495,-3.3738012313842773,0.9271892045315492,-0.6006050109863281,-3.3738012313842773,0.03806117504959536,-2.654930353164673,-3.3738012313842773,4.84598887084445e-05,-4.486009120941162
Dnal1,0.0002640339662320912,0.0025045075453817844,-3.247343063354492,0.9979940091511154,-0.20127035677433014,-3.247343063354492,0.23444392788057775,-1.7384402751922607,-3.247343063354492,0.01193482812593928,-2.9329113960266113
Pnma1,0.0,0.0015545086935162544,-20.569149017333984,0.9979940091511154,-0.05797655135393143,-20.569149017333984,0.39673825470567065,-1.326364278793335,-20.569149017333984,0.053453062355288954,-2.334089994430542
Elmsan1,0.08508884161710739,0.1029074490070343,-0.287360280752182,0.0435190923950921,-2.5112485885620117,-0.287360280752182,0.3895803513284234,-1.341774582862854,-0.287360280752182,0.1156550706822247,-1.9612281322479248
Ptgr2,0.16344672441482544,0.23012149333953857,-0.5432472229003906,5.836669029351588e-06,-5.039596080780029,-0.5432472229003906,1.7250337524489392e-05,-4.868931770324707,-0.5432472229003906,1.3450617943518226e-10,-6.838188648223877
Zfp410,0.18690980970859528,0.18249614536762238,0.03775785118341446,0.5116960434329594,-1.1565921306610107,0.03775785118341446,0.9179208010369033,0.3085702061653137,0.03775785118341446,0.8202435084514856,0.41805797815322876
Fam161b,0.00430298550054431,0.006185117177665234,-0.5248216390609741,0.9979940091511154,-0.34661251306533813,-0.5248216390609741,0.6642370424577833,-0.7457240223884583,-0.5248216390609741,0.46147875269036936,-1.0277838706970215
Coq6,0.08432973176240921,0.09907190501689911,-0.24323134124279022,0.0065146965049098105,-3.2214834690093994,-0.24323134124279022,0.30274973124178856,-1.5566941499710083,-0.24323134124279022,0.09293810686845819,-2.074521780014038
Entpd5,0.17698512971401215,0.21652886271476746,-0.3203905522823334,0.0009829006474889879,-3.8013381958007812,-0.3203905522823334,0.02571228460983661,-2.801933765411377,-0.3203905522823334,0.0006316918633545897,-3.835216760635376
Bbof1,0.006160810124129057,0.006824204232543707,-0.14801982045173645,0.9979940091511154,-0.4294361472129822,-0.14801982045173645,0.9511095380647002,-0.24839600920677185,-0.14801982045173645,0.8829919631721295,-0.31950390338897705
Rnf113a2,0.22059130668640137,0.21065615117549896,0.0739099532365799,0.9979940091511154,-0.5030868649482727,0.0739099532365799,0.7296424822662279,0.6346815824508667,0.0739099532365799,0.5335186774280857,0.8727059960365295
Aldh6a1,0.0030505817849189043,0.0025119741912931204,0.28065118193626404,0.9982866462090498,0.021730074658989906,0.28065118193626404,0.9061600778265944,0.3291437029838562,0.28065118193626404,0.8167431938378562,0.4237109124660492
Lin52,0.03846309706568718,0.04278995096683502,-0.1569395512342453,0.30190351558057876,-1.52538001537323,-0.1569395512342453,0.7762266423114261,-0.5550534129142761,-0.1569395512342453,0.5897054116349233,-0.7801110148429871
Abcd4,0.05287432670593262,0.04936052858829498,0.10176588594913483,0.3716568595824919,-1.387874960899353,0.10176588594913483,0.8264910538564164,0.4680802822113037,0.10176588594913483,0.6917669847440368,0.6166640520095825
Vrtn,0.0,0.0,0.0,0.9979940091511154,0.11319231241941452,0.0,1.0,0.0,0.0,1.0,0.0
Npc2,1.0776818990707397,1.050804853439331,0.059200115501880646,0.06106103833203777,2.3656392097473145,0.059200115501880646,0.5196272646011879,1.0857056379318237,0.059200115501880646,0.23661770309125138,1.5239561796188354
Isca2,0.2978951334953308,0.28603723645210266,0.06757102161645889,0.9979940091511154,0.37671399116516113,0.06757102161645889,0.6733998454891075,0.7308867573738098,0.06757102161645889,0.47062826558955273,0.983721137046814
Arel1,0.10449743270874023,0.11170799285173416,-0.10156003385782242,0.036794060944965734,-2.581960439682007,-0.10156003385782242,0.7431595577107931,-0.6118865013122559,-0.10156003385782242,0.5536629214709932,-0.8399797677993774
Fcf1,0.4756477475166321,0.5332177877426147,-0.20983602106571198,0.03230013651126728,-2.6351277828216553,-0.20983602106571198,0.0153954261220499,-2.9921000003814697,-0.20983602106571198,0.0002884639237475338,-4.041369438171387
Ylpm1,0.28882256150245667,0.30346620082855225,-0.08243627101182938,0.24758877142801042,-1.6475671529769897,-0.08243627101182938,0.6026101907380512,-0.8501692414283752,-0.08243627101182938,0.4056092610130825,-1.1403311491012573
Prox2,0.005947866011410952,0.004795827437192202,0.3114241063594818,0.9979940091511154,-0.20447644591331482,0.3114241063594818,0.8300265837683635,0.4629160463809967,0.3114241063594818,0.7308113420127839,0.5571979880332947
Dlst,0.36278656125068665,0.391417533159256,-0.13153551518917084,0.17482224535005278,-1.8475016355514526,-0.13153551518917084,0.2525075664771732,-1.6833977699279785,-0.13153551518917084,0.06943785577744771,-2.2138731479644775
Rps6kl1,0.001011600368656218,0.0038267315831035376,-1.9215036630630493,0.9979940091511154,-0.4014720320701599,-1.9215036630630493,0.20767005206100084,-1.8121986389160156,-1.9215036630630493,0.0172424292518192,-2.79531192779541
Eif2b2,0.32105693221092224,0.35817497968673706,-0.1861230880022049,0.14732690354515252,-1.9420808553695679,-0.1861230880022049,0.10509975286229195,-2.1861958503723145,-0.1861230880022049,0.01113600800165305,-2.9553561210632324
Mlh3,0.027706168591976166,0.04211178421974182,-0.6144686341285706,0.13927632330373296,-1.9708465337753296,-0.6144686341285706,0.16199955938790137,-1.9561914205551147,-0.6144686341285706,0.015118426114150065,-2.843719482421875
Acyp1,0.2252405434846878,0.26546603441238403,-0.26726287603378296,0.005089703955448925,-3.303149461746216,-0.26726287603378296,0.04669326758265779,-2.563441038131714,-0.26726287603378296,0.002044081603858896,-3.505061388015747
Zc2hc1c,0.0013796129496768117,0.0006188570987433195,1.1571329832077026,0.9979940091511154,0.13803941011428833,1.1571329832077026,0.6303161382606329,0.8042073249816895,1.1571329832077026,0.4864534135795943,0.9542705416679382
Nek9,0.10309990495443344,0.09279747307300568,0.15943846106529236,0.7537152557744057,-0.8205775022506714,0.15943846106529236,0.5626409787819464,0.9204043745994568,0.15943846106529236,0.3499803774240241,1.2488616704940796
Tmed10,0.8514969348907471,0.9893190264701843,-0.33089083433151245,2.3668059762642864e-07,-5.669145107269287,-0.33089083433151245,1.657936302361519e-08,-6.222986698150635,-0.33089083433151245,1.996819456525985e-15,-8.37259578704834
Fos,0.6280737519264221,0.7032527327537537,-0.22331172227859497,0.029951907501922902,-2.6660308837890625,-0.22331172227859497,0.1819133359297561,-1.8871445655822754,-0.22331172227859497,0.02364469536188764,-2.6752822399139404
Jdp2,0.09733898192644119,0.10758154094219208,-0.1518556773662567,0.016546102249892718,-2.8954434394836426,-0.1518556773662567,0.5625623960742561,-0.9208086133003235,-0.1518556773662567,0.3589284141827851,-1.230352520942688
Batf,0.8153690099716187,0.7932690978050232,0.05769874528050423,0.6936355720572139,0.899749755859375,0.05769874528050423,0.5943079431054208,0.8646090626716614,0.05769874528050423,0.4041099053244927,1.1436066627502441
Flvcr2,0.0006070232484489679,0.0,19.21183204650879,0.9979940091511154,0.16822996735572815,19.21183204650879,0.36167647049845647,1.4142699241638184,19.21183204650879,0.2795042275398297,1.4142699241638184
Erg28,0.6580227017402649,0.6645062565803528,-0.01933409832417965,0.9979940091511154,0.15291203558444977,-0.01933409832417965,0.9085414619210694,-0.3248380124568939,-0.01933409832417965,0.813468220074444,-0.4292525351047516
Ttll5,0.07317371666431427,0.08868291229009628,-0.28866899013519287,0.012249639157618354,-3.005340576171875,-0.28866899013519287,0.2692612388587937,-1.63910710811615,-0.28866899013519287,0.06786319135247154,-2.224680185317993
Tgfb3,0.002459063660353422,0.006313701625913382,-1.3631592988967896,0.9979940091511154,-0.2059013545513153,-1.3631592988967896,0.4998966605051657,-1.1259554624557495,-1.3631592988967896,0.14934831917173153,-1.8264203071594238
Ift43,0.006013472098857164,0.016893180087208748,-1.4980336427688599,0.3007716678190784,-1.5279626846313477,-1.4980336427688599,0.013897094751914894,-3.0356812477111816,-1.4980336427688599,2.104724257480523e-05,-4.670533180236816
Gpatch2l,0.10793743282556534,0.1042165458202362,0.05334233120083809,0.17222601683652028,-1.8553386926651,0.05334233120083809,0.9057928949740668,0.329723984003067,0.05334233120083809,0.8073193710636191,0.43911632895469666
Vash1,0.0030257259495556355,0.0006309385062195361,2.2634360790252686,0.9979940091511154,0.24847093224525452,2.2634360790252686,0.19149843460396668,1.8540147542953491,2.2634360790252686,0.1025779941538541,2.024765729904175
Angel1,0.010169969871640205,0.011194218881428242,-0.13917852938175201,0.9979940091511154,-0.4523239731788635,-0.13917852938175201,0.9224520196923728,-0.2985307276248932,-0.13917852938175201,0.8300788635167015,-0.40279343724250793
Irf2bpl,0.1983373612165451,0.15983712673187256,0.3399543762207031,0.8139407261542004,0.7452346682548523,0.3399543762207031,0.03294848003491806,2.7044858932495117,0.3399543762207031,0.0015960737918431058,3.578063726425171
Cipc,0.07767654955387115,0.07749585807323456,0.003492073155939579,0.205514464843868,-1.7580877542495728,0.003492073155939579,1.0,0.017814025282859802,0.003492073155939579,1.0,0.024111319333314896
Ngb,0.0009636146132834256,0.0,19.878793716430664,0.9979940091511154,0.19574879109859467,19.878793716430664,0.24381522657945667,1.7066242694854736,19.878793716430664,0.1750203355801404,1.7066242694854736
Pomt2,0.010195202194154263,0.01260257326066494,-0.30756765604019165,0.8701517596794329,-0.6729198694229126,-0.30756765604019165,0.6947243920833825,-0.6946847438812256,-0.30756765604019165,0.498488631261975,-0.9332913160324097
Gstz1,0.037874020636081696,0.041970860213041306,-0.15115439891815186,0.17585387138858924,-1.84420645236969,-0.15115439891815186,0.7531971965417442,-0.594895601272583,-0.15115439891815186,0.5773750853669645,-0.7999374270439148
Tmed8,0.03952137753367424,0.047332413494586945,-0.26587045192718506,0.1009653354873468,-2.1320409774780273,-0.26587045192718506,0.5196272646011879,-1.0850512981414795,-0.26587045192718506,0.2501806754208074,-1.4867408275604248
Samd15,0.0024488703347742558,0.007133550941944122,-1.5458858013153076,0.9054912033174245,-0.6289253234863281,-1.5458858013153076,0.15043738457664144,-1.9998043775558472,-1.5458858013153076,0.008958132866451418,-3.0312819480895996
Noxred1,0.000878139806445688,0.0039000711403787136,-2.1531572341918945,0.9979940091511154,-0.2589797377586365,-2.1531572341918945,0.3163865619657469,-1.5263086557388306,-2.1531572341918945,0.04477418209680463,-2.409383773803711
Vipas39,0.0886080265045166,0.08691764622926712,0.029025781899690628,0.07695977668769226,-2.2622432708740234,0.029025781899690628,0.9892955272732216,0.17463529109954834,0.029025781899690628,0.9393922552204514,0.22960641980171204
Ahsa1,0.7485212683677673,0.9027445912361145,-0.39665889739990234,5.559565580551576e-10,-6.695000171661377,-0.39665889739990234,1.5092891462332838e-10,-7.016003608703613,-0.39665889739990234,1.0089527349516111e-19,-9.547989845275879
Ism2,0.0,0.0,0.0,0.9979940091511154,0.11319231241941452,0.0,1.0,0.0,0.0,1.0,0.0
Sptlc2,0.3578589856624603,0.34278544783592224,0.07359213382005692,0.738392286099163,0.8405264019966125,0.07359213382005692,0.579870022390065,0.8896734714508057,0.07359213382005692,0.3811210597570392,1.1860936880111694
Alkbh1,0.3071349561214447,0.40838170051574707,-0.48842480778694153,1.9870173221683937e-06,-5.257253170013428,-0.48842480778694153,6.711255338157299e-06,-5.076315879821777,-0.48842480778694153,2.372610332048931e-11,-7.100683689117432
Slirp,0.4005449414253235,0.42990240454673767,-0.1246834248304367,0.38167108969410113,-1.369439959526062,-0.1246834248304367,0.23393254654763904,-1.7374241352081299,-0.1246834248304367,0.05529098023217863,-2.3167388439178467
Snw1,0.7001440525054932,0.7547018527984619,-0.15233998000621796,0.1327936511336692,-1.9953373670578003,-0.15233998000621796,0.0557509886198414,-2.4865896701812744,-0.15233998000621796,0.0030659933739196235,-3.3819313049316406
Gm2001,0.0,0.0,0.0,0.9979940091511154,0.11319231241941452,0.0,1.0,0.0,0.0,1.0,0.0
Adck1,0.039388712495565414,0.05068742483854294,-0.372057169675827,0.10260434093631896,-2.1243820190429688,-0.372057169675827,0.36167647049845647,-1.4141967296600342,-0.372057169675827,0.09855342724001581,-2.04461407661438
Dio2,0.0,0.0,0.0,0.9979940091511154,0.11319231241941452,0.0,1.0,0.0,0.0,1.0,0.0
Cep128,0.16637572646141052,0.1146722137928009,0.5750986933708191,0.6864377091007938,0.9091008305549622,0.5750986933708191,0.00035026494732355,4.128925323486328,0.5750986933708191,1.9158986665080175e-06,5.179663181304932
Tshr,0.0,0.0010825310600921512,-20.0467586517334,0.9979940091511154,-0.05797655135393143,-20.0467586517334,0.3622178604847511,-1.4069275856018066,-20.0467586517334,0.03858440637107648,-2.4758622646331787
Gtf2a1,0.2702878415584564,0.22367273271083832,0.30811575055122375,0.38434877003391676,1.3640965223312378,0.30811575055122375,0.014416925989288334,3.014120101928711,0.30811575055122375,0.000450573100467795,3.9252896308898926
Ston2,0.013418292626738548,0.025439893826842308,-0.9315913915634155,0.06637330578734155,-2.3287694454193115,-0.9315913915634155,0.04761666143519493,-2.55582332611084,-0.9315913915634155,0.001978668147799228,-3.5147602558135986
Sel1l,0.17287331819534302,0.20001356303691864,-0.23056811094284058,0.00576182972691564,-3.2623610496520996,-0.23056811094284058,0.1760908476127473,-1.9067893028259277,-0.23056811094284058,0.030034512472041735,-2.5803112983703613
Galc,0.0321020632982254,0.02928145043551922,0.13472384214401245,0.787362906342117,-0.778186023235321,0.13472384214401245,0.8574899479341133,0.4149917662143707,0.13472384214401245,0.7277319378105418,0.5614728331565857
Gpr65,0.23666271567344666,0.2587369680404663,-0.14523348212242126,0.07333079417448256,-2.2837061882019043,-0.14523348212242126,0.40649364799862425,-1.3042540550231934,-0.14523348212242126,0.15874838182835307,-1.7927961349487305
Kcnk10,0.0,0.0,0.0,0.9979940091511154,0.11319231241941452,0.0,1.0,0.0,0.0,1.0,0.0
Spata7,0.010047764517366886,0.014953325502574444,-0.5771377086639404,0.7303629225582767,-0.8507680296897888,-0.5771377086639404,0.48258580886476393,-1.159143090248108,-0.5771377086639404,0.19889942328601642,-1.6298335790634155
Ptpn21,0.00668618269264698,0.0105541767552495,-0.6613532900810242,0.751789940082764,-0.8234273195266724,-0.6613532900810242,0.4622603724927269,-1.1959426403045654,-0.6613532900810242,0.19713973270744023,-1.63565194606781
Zc3h14,0.3830743432044983,0.40871715545654297,-0.11319304257631302,0.3182783213171133,-1.4918051958084106,-0.11319304257631302,0.3376452894489438,-1.4760322570800781,-0.11319304257631302,0.11521851480744989,-1.9632196426391602
Eml5,0.02465994283556938,0.03882111981511116,-0.6649413704872131,0.15573264747766838,-1.9126027822494507,-0.6649413704872131,0.141998456842339,-2.031506061553955,-0.6649413704872131,0.011058439323011442,-2.957974672317505
Ttc8,0.003252162132412195,0.0070298886857926846,-1.1148298978805542,0.9979940091511154,-0.1774919629096985,-1.1148298978805542,0.5792871127013939,-0.8919486999511719,-1.1148298978805542,0.2657912994497152,-1.4491204023361206
Foxn3,0.5524207949638367,0.37280571460723877,0.7068614363670349,8.56734000329505e-09,6.250246047973633,0.7068614363670349,3.69632986884306e-13,7.895352363586426,0.7068614363670349,1.8268635837899214e-22,10.245606422424316
Efcab11,0.07109758257865906,0.044944871217012405,0.6806914210319519,0.9979940091511154,0.10704733431339264,0.6806914210319519,0.006185463504780556,3.3015198707580566,0.6806914210319519,0.0002677802478071349,4.0626115798950195
Tdp1,0.2166435569524765,0.20252321660518646,0.10777730494737625,0.6960456626362148,-0.8970780372619629,0.10777730494737625,0.5196272646011879,1.051313877105713,0.10777730494737625,0.30465376929022825,1.3466931581497192
Psmc1,0.5725886821746826,0.6873643398284912,-0.3550046682357788,1.3145834620539597e-05,-4.866824150085449,-0.3550046682357788,3.719942918738343e-07,-5.652413368225098,-0.3550046682357788,6.161882507356842e-13,-7.6197075843811035
Nrde2,0.07572511583566666,0.0842180848121643,-0.15956629812717438,0.031888257754610475,-2.6407384872436523,-0.15956629812717438,0.5623129122720699,-0.9213545322418213,-0.15956629812717438,0.3601432694313692,-1.2283121347427368
Calm1,2.869743824005127,2.8139495849609375,0.08547976613044739,0.21426223635642624,1.7339531183242798,0.08547976613044739,0.06632654920326592,2.411555767059326,0.08547976613044739,0.0009598479438159558,3.720795154571533
Ttc7b,0.0851142629981041,0.0911785289645195,-0.10373193025588989,0.2450513744417442,-1.6537121534347534,-0.10373193025588989,0.793902419348496,-0.5249013900756836,-0.10373193025588989,0.6082441730476729,-0.7484050989151001
Rps6ka5,0.11342231184244156,0.1061624065041542,0.10076417773962021,0.23675358310142658,-1.674017310142517,0.10076417773962021,0.7288760355821641,0.6356294751167297,0.10076417773962021,0.5545153792669808,0.8385469913482666
Dglucy,0.012362628243863583,0.00884503684937954,0.48558712005615234,0.9979940091511154,-0.19574879109859467,0.48558712005615234,0.5196272646011879,1.0528793334960938,0.48558712005615234,0.32824108696190873,1.2951091527938843
Gpr68,0.14619894325733185,0.14146986603736877,0.050931092351675034,0.5772128088002844,-1.0574709177017212,0.050931092351675034,0.898358747280138,0.34456151723861694,0.050931092351675034,0.782693912807887,0.47655004262924194
Ccdc88c,0.6931684017181396,0.6458871960639954,0.13980746269226074,0.0835139532766735,2.223236083984375,0.13980746269226074,0.11624895450332545,2.134258270263672,0.13980746269226074,0.016109534418857874,2.8209288120269775
Ppp4r3a,0.5021798610687256,0.5509189963340759,-0.17186543345451355,0.12158273438988362,-2.040578603744507,-0.17186543345451355,0.050080990948149884,-2.5334317684173584,-0.17186543345451355,0.002945759702246503,-3.394686698913574
Tc2n,0.0,0.0006206845282576978,-19.24394989013672,0.9979940091511154,0.027607882395386696,-19.24394989013672,0.5196272646011879,-1.0,-19.24394989013672,0.16021537352752957,-1.759765386581421
Trip11,0.46354570984840393,0.4684755504131317,-0.019093483686447144,0.9984208920935209,-0.004007595591247082,-0.019093483686447144,0.9603785016752305,-0.22976301610469818,-0.019093483686447144,0.8873634228978015,-0.3117915689945221
Atxn3,0.0811542496085167,0.09552410244941711,-0.2457161843776703,0.023314255915671964,-2.765775442123413,-0.2457161843776703,0.4346352564746789,-1.2476799488067627,-0.2457161843776703,0.16021537352752957,-1.7704684734344482
Ndufb1-ps,1.2746813297271729,1.224531650543213,0.10142669826745987,0.01693162890066792,2.8870718479156494,0.10142669826745987,0.04620964319884905,2.567077875137329,0.10142669826745987,0.0024626509087681994,3.4484002590179443
Cpsf2,0.49821388721466064,0.5617854595184326,-0.22314311563968658,0.012049479159293655,-3.01130747795105,-0.22314311563968658,0.00880641667742489,-3.1880605220794678,-0.22314311563968658,0.0001233379616927122,-4.255891799926758
Rin3,0.1715596467256546,0.19182957708835602,-0.17617928981781006,0.058957897102115506,-2.383094549179077,-0.17617928981781006,0.3600257071562379,-1.4259064197540283,-0.17617928981781006,0.11342953451065341,-1.9710527658462524
Lgmn,0.00577313918620348,0.027976863086223602,-2.292867660522461,0.20347179085680317,-1.7636983394622803,-2.292867660522461,0.02519009908119473,-2.818162679672241,-2.292867660522461,1.5225737710140678e-05,-4.750757217407227
Golga5,0.1553865522146225,0.16066484153270721,-0.052100446075201035,0.1756042602737489,-1.8450080156326294,-0.052100446075201035,0.8640489423196575,-0.4043225944042206,-0.052100446075201035,0.733798451354603,-0.5514286160469055
Chga,0.000334664189722389,0.0024703836534172297,-2.885486364364624,0.9979940091511154,-0.20127035677433014,-2.885486364364624,0.25581405039465055,-1.6747294664382935,-2.885486364364624,0.019269034722560596,-2.7549281120300293
Itpk1,0.2922898530960083,0.3372126817703247,-0.24036118388175964,0.013339108757902013,-2.9737250804901123,-0.24036118388175964,0.03594011952005294,-2.6709394454956055,-0.24036118388175964,0.0013800328976375802,-3.618999481201172
Gm28051,0.00031530167325399816,0.001092533697374165,-1.7934305667877197,0.9979940091511154,-0.0302796121686697,-1.7934305667877197,0.5580505881240162,-0.9299248456954956,-1.7934305667877197,0.27107110339121215,-1.4361454248428345
Gm20604,0.07434532791376114,0.06670476496219635,0.16202856600284576,0.6936355720572139,-0.9000169634819031,0.16202856600284576,0.5983093283265666,0.8570539951324463,0.16202856600284576,0.400426342032141,1.1503127813339233
Moap1,0.0005542159778997302,0.0,19.08049201965332,0.9979940091511154,0.16822996735572815,19.08049201965332,0.36167647049845647,1.4096479415893555,19.08049201965332,0.2803962882697237,1.4096479415893555
Tmem251,0.22964191436767578,0.2573239207267761,-0.18497730791568756,0.016988080657389517,-2.8856470584869385,-0.18497730791568756,0.18878019070804317,-1.864457368850708,-0.18497730791568756,0.03776437484401473,-2.4826910495758057
Gon7,0.2081957459449768,0.24064798653125763,-0.23326784372329712,0.0034597873476504087,-3.426048994064331,-0.23326784372329712,0.10655398933599568,-2.179516077041626,-0.23326784372329712,0.012159435038275783,-2.924494981765747
Ubr7,0.20926512777805328,0.2628606855869293,-0.369147390127182,0.00014799975695235898,-4.302910804748535,-0.369147390127182,0.0033486684593594072,-3.503941059112549,-0.369147390127182,1.3574401535062469e-05,-4.768340587615967
Btbd7,0.21234209835529327,0.180437833070755,0.25865551829338074,0.9984208920935209,0.004809114616364241,0.25865551829338074,0.1405839658089774,2.035158395767212,0.25865551829338074,0.022262798658747435,2.6983909606933594
Unc79,0.0006083775660954416,0.0018297834321856499,-1.5895136594772339,0.9979940091511154,-0.0302796121686697,-1.5895136594772339,0.6234440917307849,-0.8165397644042969,-1.5895136594772339,0.3554066987648005,-1.2381510734558105
Asb2,0.0037360673304647207,0.008812460117042065,-1.241689920425415,0.9979940091511154,0.07587714493274689,-1.241689920425415,0.6079531422669967,-0.8415899872779846,-1.241689920425415,0.28052977536970314,-1.4088655710220337
Otub2,0.0007407302618958056,0.0,19.49912452697754,0.9979940091511154,0.16822996735572815,19.49912452697754,0.36167647049845647,1.4120376110076904,19.49912452697754,0.2799148695790855,1.4120376110076904
Ddx24,1.012753963470459,1.036638855934143,-0.05375097319483757,0.9979940091511154,-0.1893366277217865,-0.05375097319483757,0.5196272646011879,-1.04835045337677,-0.05375097319483757,0.28546972940255627,-1.3935250043869019
Ifi27,1.0693399906158447,0.9768891334533691,0.20832084119319916,0.002453512909026732,3.5347883701324463,0.20832084119319916,0.0046274838754389955,3.3995492458343506,0.20832084119319916,3.212773263904535e-05,4.574275970458984
Ifi27l2a,2.412659168243408,1.8404284715652466,0.9395563006401062,7.376177954002871e-22,10.053187370300293,0.9395563006401062,9.69866259684898e-22,10.394617080688477,0.9395563006401062,4.7050319494303065e-39,13.737520217895508
Ifi27l2b,0.0006215305766090751,0.0,19.24591636657715,0.9979940091511154,0.14071114361286163,19.24591636657715,0.5196272646011879,1.0,19.24591636657715,0.46147875269036936,1.0
Ppp4r4,0.002440843265503645,0.0005380013026297092,2.1830689907073975,0.9979940091511154,0.16564728319644928,2.1830689907073975,0.31441243312984607,1.5286478996276855,2.1830689907073975,0.19732732414085477,1.6355761289596558
Serpina11,0.0008039900567382574,0.0,19.617399215698242,0.9979940091511154,0.16822996735572815,19.617399215698242,0.36167647049845647,1.4129023551940918,19.617399215698242,0.27977087692999414,1.4129023551940918
Serpina9,0.0,0.0,0.0,0.9979940091511154,0.11319231241941452,0.0,1.0,0.0,0.0,1.0,0.0
Serpina12,0.0008114732918329537,0.0011127552716061473,-0.4557377099990845,0.9984208920935209,-0.0025826727505773306,-0.4557377099990845,0.9222404674326983,-0.2989986836910248,-0.4557377099990845,0.8356484439106413,-0.39302492141723633
Serpina3f,0.0055948165245354176,0.007369473576545715,-0.3987523019313812,0.9979940091511154,-0.14961691200733185,-0.3987523019313812,0.8849097926321172,-0.36734578013420105,-0.3987523019313812,0.7392122914240267,-0.5434747934341431
Serpina3g,0.04167898744344711,0.05806928500533104,-0.4903763234615326,0.804633424678692,-0.7557435035705566,-0.4903763234615326,0.48613452130366286,-1.1515718698501587,-0.4903763234615326,0.16021537352752957,-1.7723984718322754
Dicer1,0.213420107960701,0.23196837306022644,-0.13410799205303192,0.02076532879851489,-2.809947967529297,-0.13410799205303192,0.43555176437549564,-1.2457078695297241,-0.13410799205303192,0.19385620674574489,-1.6461994647979736
Clmn,0.00027296721236780286,0.0,18.058570861816406,0.9979940091511154,0.14071114361286163,18.058570861816406,0.5196272646011879,1.0,18.058570861816406,0.46147875269036936,1.0
Syne3,0.12997440993785858,0.09493018686771393,0.47904151678085327,0.9979940091511154,-0.11648745089769363,0.47904151678085327,0.004877705584513853,3.3781158924102783,0.47904151678085327,0.00015170785296396037,4.206221580505371
Glrx5,0.6308823823928833,0.7317870855331421,-0.29504212737083435,0.00018255101467509275,-4.250990390777588,-0.29504212737083435,1.3424834773916806e-05,-4.916226863861084,-0.29504212737083435,4.755498567522317e-10,-6.643521308898926
Bdkrb1,0.0,0.0,0.0,0.9979940091511154,0.11319231241941452,0.0,1.0,0.0,0.0,1.0,0.0
Atg2b,0.04473785683512688,0.05442549288272858,-0.2898324429988861,0.054835013511357784,-2.414264678955078,-0.2898324429988861,0.4127484464308401,-1.291231632232666,-0.2898324429988861,0.16021537352752957,-1.768653392791748
Gskip,0.1666102409362793,0.17449955642223358,-0.0725989043712616,0.07708818097185517,-2.261174440383911,-0.0725989043712616,0.7493036322373636,-0.6006001234054565,-0.0725989043712616,0.5764622710304241,-0.8015774488449097
Ak7,0.0,0.0008198890718631446,-19.645662307739258,0.9979940091511154,0.027607882395386696,-19.645662307739258,0.5196272646011879,-1.0,-19.645662307739258,0.16021537352752957,-1.759765386581421
Papola,0.766545832157135,0.8220168948173523,-0.14605210721492767,0.14280912230926693,-1.9585565328598022,-0.14605210721492767,0.03250190297149943,-2.710157632827759,-0.14605210721492767,0.0016911439464031882,-3.5613341331481934
Vrk1,0.2759383022785187,0.30681800842285156,-0.17639270424842834,0.04807025099548681,-2.4703710079193115,-0.17639270424842834,0.18684268799797882,-1.8706347942352295,-0.17639270424842834,0.034649223630167425,-2.5226380825042725
Bcl11b,0.8681173920631409,0.7912705540657043,0.19673098623752594,0.0018779901304355024,3.6137826442718506,0.19673098623752594,0.006189671659390687,3.3049392700195312,0.19673098623752594,6.424487788171954e-05,4.41249418258667
Setd3,0.398154079914093,0.4197371006011963,-0.0927862748503685,0.7298217090015996,-0.8517476916313171,-0.0927862748503685,0.4720840109496326,-1.1766724586486816,-0.0927862748503685,0.21121024228558072,-1.5935842990875244
Ccnk,0.27378612756729126,0.28842198848724365,-0.08618328720331192,0.37114168179274204,-1.3892998695373535,-0.08618328720331192,0.5670184306428097,-0.912160336971283,-0.08618328720331192,0.3615702491328933,-1.2255947589874268
Ccdc85c,0.020057838410139084,0.01991119608283043,0.01069269422441721,0.6260570051867501,-0.9890746474266052,0.01069269422441721,1.0,0.03118523210287094,0.01069269422441721,1.0,0.04008684679865837
Eml1,0.0006997546297498047,0.0,19.416996002197266,0.9979940091511154,0.16822996735572815,19.416996002197266,0.3638958391578176,1.398484706878662,19.416996002197266,0.2838427528533552,1.398484706878662
Evl,0.25600847601890564,0.21916285157203674,0.2518182396888733,0.9631892209879991,0.5555418133735657,0.2518182396888733,0.2236082902588206,1.7661221027374268,0.2518182396888733,0.03876031285614771,2.471386671066284
Degs2,0.0010810084640979767,0.0038856933824718,-1.8478171825408936,0.9979986318990572,0.02440180443227291,-1.8478171825408936,0.5829563551934672,-0.8843609690666199,-1.8478171825408936,0.24684178721262193,-1.4956344366073608
Yy1,0.7166002988815308,0.8003038167953491,-0.22731849551200867,0.004988589375271051,-3.30991792678833,-0.22731849551200867,0.000379638782389808,-4.112285137176514,-0.22731849551200867,5.274185986388328e-07,-5.4281182289123535
Slc25a29,0.006129502318799496,0.010191681794822216,-0.7364846467971802,0.7970090210646135,-0.765539824962616,-0.7364846467971802,0.3756282431052501,-1.3703162670135498,-0.7364846467971802,0.11961800942922521,-1.9441438913345337
Slc25a47,0.005376699846237898,0.001408994197845459,1.9349181652069092,0.9979940091511154,0.3019055426120758,1.9349181652069092,0.11616153673384112,2.132878065109253,1.9349181652069092,0.04826952541162121,2.377598762512207
Wars,0.20112182199954987,0.24431610107421875,-0.3129930794239044,0.0016630764230024125,-3.649940013885498,-0.3129930794239044,0.01762394389113391,-2.942631244659424,-0.3129930794239044,0.00033697488812787113,-4.001131534576416
Wdr25,0.010298298671841621,0.01765088178217411,-0.7826500535011292,0.3832678492864299,-1.3661448955535889,-0.7826500535011292,0.183630289189411,-1.8809483051300049,-0.7826500535011292,0.025147796775988534,-2.6506195068359375
Begain,0.0,0.0,0.0,0.9979940091511154,0.11319231241941452,0.0,1.0,0.0,0.0,1.0,0.0
Ppp2r5c,0.7160007953643799,0.6950873732566833,0.05961222946643829,0.3452640682291869,1.4383705854415894,0.05961222946643829,0.5196272646011879,1.0329660177230835,0.05961222946643829,0.2951478059423103,1.3680814504623413
Dync1h1,0.3034953474998474,0.38912078738212585,-0.4238670766353607,2.299211460938074e-05,-4.741965293884277,-0.4238670766353607,5.1781267740135114e-05,-4.618444919586182,-0.4238670766353607,2.2308552021760066e-09,-6.394534111022949
1700001K19Rik,0.0,0.0,0.0,0.9979940091511154,0.11319231241941452,0.0,1.0,0.0,0.0,1.0,0.0
Hsp90aa1,2.3330979347229004,2.8434412479400635,-0.7969181537628174,2.1391582527351863e-43,-14.279241561889648,-0.7969181537628174,5.40875828043195e-33,-13.437281608581543,-0.7969181537628174,7.601269343269017e-75,-19.492799758911133
Wdr20,0.18373234570026398,0.1681806743144989,0.13914059102535248,0.9979940091511154,-0.46274372935295105,0.13914059102535248,0.5007086074577668,1.1235271692276,0.13914059102535248,0.24393553580635627,1.5034974813461304
Mok,0.0,0.0,0.0,0.9979940091511154,0.11319231241941452,0.0,1.0,0.0,0.0,1.0,0.0
Zfp839,0.0124122379347682,0.015914903953671455,-0.3611479699611664,0.6588634672618431,-0.9465941190719604,-0.3611479699611664,0.5807022145184719,-0.8880407810211182,-0.3611479699611664,0.3681057656267868,-1.2112821340560913
Cinp,0.2623673677444458,0.374246209859848,-0.5973770022392273,3.945726560506526e-09,-6.37946891784668,-0.5973770022392273,7.125879207275351e-09,-6.384268760681152,-0.5973770022392273,2.684373366500691e-17,-8.897089958190918
Tecpr2,0.016247330233454704,0.016758587211370468,-0.04506753757596016,0.7163314317129732,-0.8703607320785522,-0.04506753757596016,1.0,-0.12103257328271866,-0.04506753757596016,0.9817179039890421,-0.15933936834335327
Ankrd9,0.038173217326402664,0.04101084917783737,-0.10550507158041,0.26769240876719397,-1.599743127822876,-0.10550507158041,0.8596367406235412,-0.41195356845855713,-0.10550507158041,0.7308440436324125,-0.5568394064903259
Rcor1,0.2238379418849945,0.2205209732055664,0.02401994727551937,0.5918763374143092,-1.0358299016952515,0.02401994727551937,0.9663565270371126,0.21804717183113098,0.02401994727551937,0.9000874332650982,0.2915646731853485
4930595D18Rik,0.0017278891755267978,0.0012846060562878847,0.42800429463386536,0.9979940091511154,0.08050814270973206,0.42800429463386536,0.8839025377464342,0.36917877197265625,0.42800429463386536,0.7861358371670513,0.4712376892566681
Traf3,0.10170961916446686,0.10360173881053925,-0.027980152517557144,0.0315475304059386,-2.64554762840271,-0.027980152517557144,0.9888136286477318,-0.17542894184589386,-0.027980152517557144,0.9392702924510944,-0.2299203723669052
Amn,0.0010695542441681027,0.0013342216843739152,-0.3191795349121094,0.9979940091511154,0.025114266201853752,-0.3191795349121094,0.957952808029212,-0.23385046422481537,-0.3191795349121094,0.881652264549919,-0.32155996561050415
Cdc42bpb,0.0002296573802595958,0.0022787083871662617,-3.312134027481079,0.9979940091511154,-0.20127035677433014,-3.312134027481079,0.22565924325987533,-1.7623122930526733,-3.312134027481079,0.010397888348772127,-2.981696367263794
Lbhd2,0.007437212858349085,0.004824530333280563,0.6262599229812622,0.9979940091511154,-0.06501210480928421,0.6262599229812622,0.5653109648657985,0.9155739545822144,0.6262599229812622,0.4270761661937782,1.1004456281661987
Tnfaip2,0.0006116163567639887,0.007668239064514637,-3.6532881259918213,0.9979940091511154,-0.08905768394470215,-3.6532881259918213,0.30138359711981505,-1.5624821186065674,-3.6532881259918213,0.02103922002926415,-2.7226309776306152
Eif5,0.9688512682914734,1.1175694465637207,-0.331615686416626,1.1665537693364437e-06,-5.364656448364258,-0.331615686416626,3.258632449428422e-09,-6.501246929168701,-0.331615686416626,1.402361577912904e-16,-8.703014373779297
Mark3,0.3333175778388977,0.30864229798316956,0.12971168756484985,0.8584927253563396,0.6890392899513245,0.12971168756484985,0.36167647049845647,1.4144710302352905,0.12971168756484985,0.13213480303170153,1.8919240236282349
Ckb,0.015754515305161476,0.05023784190416336,-1.6980202198028564,0.0006647615291326978,-3.907851219177246,-1.6980202198028564,0.00022501589511218786,-4.271037578582764,-1.6980202198028564,2.429400094229422e-10,-6.752799034118652
Trmt61a,0.01723504438996315,0.040352143347263336,-1.2440557479858398,0.006369612000577995,-3.229231595993042,-1.2440557479858398,0.0005235878878762127,-4.038034439086914,-1.2440557479858398,2.4367282862653667e-08,-5.9900102615356445
Bag5,0.15248827636241913,0.16801853477954865,-0.15142379701137543,0.020401969452901715,-2.8161821365356445,-0.15142379701137543,0.477164828472987,-1.1680653095245361,-0.15142379701137543,0.21424368113794645,-1.5844815969467163
Apopt1,0.2658561170101166,0.28907570242881775,-0.13832463324069977,0.10697750693063073,-2.1035425662994385,-0.13832463324069977,0.3516316224089649,-1.4442458152770996,-0.13832463324069977,0.11939505310086394,-1.9450758695602417
Klc1,0.13556884229183197,0.12441615760326385,0.13207100331783295,0.45313916551606587,-1.2465404272079468,0.13207100331783295,0.5463467140789497,0.9514380097389221,0.13207100331783295,0.3484355804350719,1.2530261278152466
Xrcc3,0.016627563163638115,0.02494070678949356,-0.5909429788589478,0.1550201255193454,-1.9151854515075684,-0.5909429788589478,0.23919710325862029,-1.7208715677261353,-0.5909429788589478,0.057194930996957744,-2.3005707263946533
Zfyve21,0.013255073688924313,0.013874630443751812,-0.06635251641273499,0.9239151918916162,-0.606126606464386,-0.06635251641273499,0.9934540340542863,-0.1659269481897354,-0.06635251641273499,0.9463289983679933,-0.21765929460525513
Ppp1r13b,0.047670040279626846,0.059861473739147186,-0.33741772174835205,0.03829243867140562,-2.5643270015716553,-0.33741772174835205,0.3588081628257606,-1.429145336151123,-0.33741772174835205,0.10665083138676211,-2.0038859844207764
Atp5mpl,1.272404432296753,1.3630117177963257,-0.178554505109787,0.006575155205859935,-3.2186336517333984,-0.178554505109787,6.161211556646733e-05,-4.5683369636535645,-0.178554505109787,2.3752197835176167e-08,-5.996737480163574
Inf2,0.1604301780462265,0.18522197008132935,-0.22570815682411194,0.004268715409808788,-3.361037015914917,-0.22570815682411194,0.18248178823616104,-1.8847695589065552,-0.22570815682411194,0.03294884588842387,-2.5429975986480713
Adssl1,0.004798280540853739,0.007739654742181301,-0.6918756365776062,0.9979940091511154,-0.26539188623428345,-0.6918756365776062,0.5575568432413605,-0.9310476779937744,-0.6918756365776062,0.2832694477970542,-1.399741530418396
Siva1,0.6022409796714783,0.8714034557342529,-0.7507831454277039,3.3452655000100355e-20,-9.658127784729004,-0.7507831454277039,9.018316281223489e-23,-10.732542991638184,-0.7507831454277039,2.1225901109295603e-44,-14.691040992736816
Akt1,0.6044272184371948,0.6593042612075806,-0.1691024899482727,0.08921205337692663,-2.192065715789795,-0.1691024899482727,0.02779501193642307,-2.77060604095459,-0.1691024899482727,0.0010511694046699371,-3.6952998638153076
Zbtb42,0.022609015926718712,0.023711033165454865,-0.06945838034152985,0.5657455044721295,-1.073323130607605,-0.06945838034152985,0.963400646422095,-0.22334669530391693,-0.06945838034152985,0.8980290682201331,-0.29492446780204773
Cep170b,0.019056759774684906,0.01703871786594391,0.16294607520103455,0.7405043383154453,-0.8382108807563782,0.16294607520103455,0.8171650920297004,0.48606693744659424,0.16294607520103455,0.6946486721707198,0.612147331237793
Pld4,0.007709494326263666,0.04018358513712883,-2.405416488647461,0.39255166449798085,-1.3486895561218262,-2.405416488647461,0.04262846019402383,-2.6079154014587402,-2.405416488647461,5.0003977528464386e-05,-4.48077917098999
Ahnak2,0.0,0.0,0.0,0.9979940091511154,0.11319231241941452,0.0,1.0,0.0,0.0,1.0,0.0
Clba1,0.0011232927208766341,0.0012286689598113298,-0.12943828105926514,0.9979940091511154,0.025114266201853752,-0.12943828105926514,1.0,-0.095736064016819,-0.12943828105926514,1.0,-0.1257716715335846
Cdca4,0.3969356119632721,0.302935928106308,0.461645245552063,0.0013861083715411416,3.703552722930908,0.461645245552063,2.3791012787984005e-06,5.276149749755859,0.461645245552063,1.808737320501575e-10,6.797654151916504
Gpr132,0.2986971437931061,0.299515962600708,-0.004569583106786013,0.6252035055019473,-0.9908557534217834,-0.004569583106786013,1.0,-0.04716312512755394,-0.004569583106786013,1.0,-0.06300292909145355
Jag2,0.000615854689385742,0.0014348039403557777,-1.2207813262939453,0.9979940091511154,0.05521576479077339,-1.2207813262939453,0.7941949329606772,-0.5245000720024109,-1.2207813262939453,0.5764819812968656,-0.8014854788780212
Nudt14,0.15135256946086884,0.15432584285736084,-0.030265815556049347,0.057146568735614314,-2.397432804107666,-0.030265815556049347,0.9571442074966566,-0.23642177879810333,-0.030265815556049347,0.8875887456413459,-0.31113919615745544
Brf1,0.12550580501556396,0.12021444737911224,0.06603869795799255,0.28968251859654287,-1.5507614612579346,0.06603869795799255,0.8257581194789816,0.4694139063358307,0.06603869795799255,0.6911931168270204,0.6175063848495483
Btbd6,0.0600966177880764,0.06489156931638718,-0.1142420545220375,0.13069868588853006,-2.0038869380950928,-0.1142420545220375,0.793902419348496,-0.5248712301254272,-0.1142420545220375,0.6211760500463077,-0.7270876169204712
Pacs2,0.07758030295372009,0.08714614063501358,-0.17474140226840973,0.03799837898079805,-2.56744384765625,-0.17474140226840973,0.5196272646011879,-1.0251860618591309,-0.17474140226840973,0.28353179756071994,-1.3986729383468628
Tex22,0.0,0.0,0.0,0.9979940091511154,0.11319231241941452,0.0,1.0,0.0,0.0,1.0,0.0
Mta1,0.3087488114833832,0.306144654750824,0.014194432646036148,0.9979940091511154,-0.36282098293304443,0.014194432646036148,0.9974652987493858,0.15720829367637634,0.014194432646036148,0.9510129349794718,0.20937933027744293
Crip2,0.12409809231758118,0.1203424483537674,0.04709982872009277,0.033138629816686034,-2.624351739883423,0.04709982872009277,0.9288466246935696,0.28774726390838623,0.04709982872009277,0.8469743173424215,0.3763836920261383
Crip1,3.4045889377593994,3.158979654312134,0.36820682883262634,7.51306011275581e-24,10.508183479309082,0.36820682883262634,8.314286665016676e-20,10.056774139404297,0.36820682883262634,3.642145763706117e-46,15.002397537231445
Tedc1,0.16356666386127472,0.1378733515739441,0.26553452014923096,0.9979940091511154,-0.35070914030075073,0.26553452014923096,0.12120130060093041,2.112368106842041,0.26553452014923096,0.020986496481707924,2.7214043140411377
Tmem121,0.007533847354352474,0.010870557278394699,-0.5313778519630432,0.7989029993916369,-0.7634024620056152,-0.5313778519630432,0.5196272646011879,-1.0609091520309448,-0.5313778519630432,0.262008606102634,-1.457423210144043
Igha,0.002032840857282281,0.0012613933067768812,0.689035177230835,0.9979940091511154,0.10820508748292923,0.689035177230835,0.7357141279126276,0.6253910064697266,0.689035177230835,0.5899706824625496,0.7794864177703857
Ighg2c,0.0070600309409201145,0.026534778997302055,-1.9242253303527832,0.9979940091511154,-0.0960041806101799,-1.9242253303527832,0.5781988746457161,-0.8940682411193848,-1.9242253303527832,0.22266124630983938,-1.5624969005584717
Ighg2b,0.004439475946128368,0.002176328795030713,1.0301259756088257,0.9979940091511154,0.16119439899921417,1.0301259756088257,0.4821455059587599,1.159454345703125,1.0301259756088257,0.2875732946339948,1.387652039527893
Ighg3,0.0009679515496827662,0.00131373037584126,-0.44091159105300903,0.9979940091511154,0.05521576479077339,-0.44091159105300903,0.9693782049630505,-0.21189841628074646,-0.44091159105300903,0.9055101922673994,-0.2828701138496399
Ighd,0.008532220497727394,0.006007784977555275,0.5079111456871033,0.9979940091511154,0.2413463145494461,0.5079111456871033,0.800269295862752,0.5129188299179077,0.5079111456871033,0.6252896747785746,0.7204450368881226
Ighm,0.6125704646110535,0.5356853008270264,0.25422897934913635,0.7207552294259923,0.8641266822814941,0.25422897934913635,0.07488507968006165,2.3529207706451416,0.25422897934913635,0.0063695606965687365,3.1467530727386475
Adam6b,0.0,0.0,0.0,0.9979940091511154,0.11319231241941452,0.0,1.0,0.0,0.0,1.0,0.0
Ighv1-54,0.00029493626789189875,0.0,18.17026138305664,0.9979940091511154,0.14071114361286163,18.17026138305664,0.5196272646011879,1.0,18.17026138305664,0.46147875269036936,1.0
Zfp386,0.136773020029068,0.12566928565502167,0.1303362250328064,0.3723456591831405,-1.3864500522613525,0.1303362250328064,0.5612415455256791,0.9229245781898499,0.1303362250328064,0.36709416015705515,1.2138274908065796
Vipr2,0.0,0.0,0.0,0.9979940091511154,0.11319231241941452,0.0,1.0,0.0,0.0,1.0,0.0
Wdr60,0.00060330203268677,0.001576575101353228,-1.3865423202514648,0.9979940091511154,-0.08798898756504059,-1.3865423202514648,0.5406539991730185,-0.9621142148971558,-1.3865423202514648,0.2718345507118463,-1.4343446493148804
Gm11027,0.004297800362110138,0.0031756681855767965,0.43734806776046753,0.9979940091511154,-0.03508872538805008,0.43734806776046753,0.7729947738263026,0.5608761310577393,0.43734806776046753,0.643203762617869,0.6930274963378906
Esyt2,0.4481266736984253,0.44093775749206543,0.028900230303406715,0.5899726809589635,1.0391250848770142,0.028900230303406715,0.9113560397614708,0.3202292025089264,0.028900230303406715,0.7966890941370262,0.4547351598739624
Ncapg2,0.6000763177871704,0.5200830698013306,0.2694651782512665,0.026529752304633118,2.713231325149536,0.2694651782512665,0.0023960809564345397,3.602874994277954,0.2694651782512665,1.6775156449836882e-05,4.721696376800537
Rapgef5,0.016470901668071747,0.02727179415524006,-0.7353094220161438,0.1969423809320743,-1.7818660736083984,-0.7353094220161438,0.17540761178755998,-1.909912109375,-0.7353094220161438,0.02291852892710684,-2.6870791912078857
Cdca7l,0.19781340658664703,0.2329244315624237,-0.26195746660232544,0.000880802427310913,-3.8325083255767822,-0.26195746660232544,0.08811469839442994,-2.2735321521759033,-0.26195746660232544,0.00818212953419374,-3.063478469848633
Dnah11,0.0037045960780233145,0.003088499652221799,0.2628546357154846,0.9979940091511154,0.04871455207467079,0.2628546357154846,0.9186488570110415,0.30664464831352234,0.2628546357154846,0.8279922952975298,0.40623173117637634
Sp4,0.31635087728500366,0.24079333245754242,0.4507604241371155,0.028435724984618566,2.686336040496826,0.4507604241371155,5.2650517027540206e-05,4.6036248207092285,0.4507604241371155,3.562639075420872e-08,5.926799297332764
Macc1,0.0,0.00047738291323184967,-18.865135192871094,0.9979940091511154,0.027607882395386696,-18.865135192871094,0.5196272646011879,-1.0,-18.865135192871094,0.16021537352752957,-1.759765386581421
Selenop,0.03518565744161606,0.04113197699189186,-0.2295893132686615,0.5917913943292942,-1.0360970497131348,-0.2295893132686615,0.713218712129287,-0.661808967590332,-0.2295893132686615,0.4837493092166759,-0.9597125053405762
Ccdc152,0.0012181107886135578,0.0023925001733005047,-0.9747204184532166,0.9979940091511154,-0.06020299345254898,-0.9747204184532166,0.6663968586154033,-0.741652250289917,-0.9747204184532166,0.42917865417987694,-1.0968061685562134
Ghr,0.0,0.0,0.0,0.9979940091511154,0.11319231241941452,0.0,1.0,0.0,0.0,1.0,0.0
Fbxo4,0.0933762937784195,0.11215891689062119,-0.278196781873703,0.009580712757959946,-3.0922608375549316,-0.278196781873703,0.2174909011255055,-1.7825297117233276,-0.278196781873703,0.040329386344341814,-2.4538230895996094
AW549877,0.047544077038764954,0.054803669452667236,-0.21028806269168854,0.1341102699199207,-1.989993929862976,-0.21028806269168854,0.610960692746818,-0.8357239365577698,-0.21028806269168854,0.3855347687446768,-1.178115725517273
Oxct1,0.3811286687850952,0.404837429523468,-0.10528421401977539,0.38213018603420523,-1.3682821989059448,-0.10528421401977539,0.3798568435479234,-1.360826015472412,-0.10528421401977539,0.15991044266073015,-1.7890489101409912
Card6,0.041117653250694275,0.04039081558585167,0.026258528232574463,0.7491271055456508,-0.8272567987442017,0.026258528232574463,1.0,0.0844651609659195,0.026258528232574463,1.0,0.12024550139904022
Rpl37,2.8591341972351074,3.0151984691619873,-0.23777331411838531,6.347348168583039e-16,-8.5453519821167,-0.23777331411838531,3.1756057934791143e-22,-10.560543060302734,-0.23777331411838531,8.397660056240052e-42,-14.235400199890137
Prkaa1,0.08182889968156815,0.08118366450071335,0.011892787180840969,0.11394621390188586,-2.072906732559204,0.011892787180840969,1.0,0.0733611211180687,0.011892787180840969,1.0,0.09577582776546478
Ttc33,0.18195421993732452,0.2256593555212021,-0.3431677520275116,0.0028277868786838974,-3.4889237880706787,-0.3431677520275116,0.025027594344524486,-2.8137598037719727,-0.3431677520275116,0.0003511971195540498,-3.9901864528656006
Ptger4,0.1949002593755722,0.20800086855888367,-0.10362103581428528,0.03999707821215323,-2.546337366104126,-0.10362103581428528,0.6289264650715359,-0.8073120713233948,-0.10362103581428528,0.4301312903102496,-1.0946286916732788
Dab2,0.0,0.0,0.0,0.9979940091511154,0.11319231241941452,0.0,1.0,0.0,0.0,1.0,0.0
Fyb,1.1605331897735596,1.0721805095672607,0.18959137797355652,0.0016708661242543052,3.648515224456787,0.18959137797355652,0.0052213316718227945,3.361403465270996,0.18959137797355652,2.5204673593392186e-05,4.629329204559326
Rictor,0.5058972835540771,0.5000835657119751,0.02121923305094242,0.9979940091511154,0.18648678064346313,0.02121923305094242,0.9334644841030015,0.27976328134536743,0.02121923305094242,0.8512195136032779,0.3693373501300812
Lifr,0.0,0.0016869133105501533,-20.687171936035156,0.9979940091511154,-0.05797655135393143,-20.687171936035156,0.37693748503492314,-1.3685150146484375,-20.687171936035156,0.0450254220999966,-2.4082653522491455
Egflam,0.0,0.0,0.0,0.9979940091511154,0.11319231241941452,0.0,1.0,0.0,0.0,1.0,0.0
Wdr70,0.17525459825992584,0.19291524589061737,-0.15164484083652496,0.030286080155666924,-2.6617560386657715,-0.15164484083652496,0.41451722738809416,-1.2867686748504639,-0.15164484083652496,0.16365432657710793,-1.7467777729034424
Nup155,0.2053852677345276,0.2180798202753067,-0.09600358456373215,0.03457658450907664,-2.607163667678833,-0.09600358456373215,0.575005915251477,-0.8984307050704956,-0.09600358456373215,0.38404874942254263,-1.180862307548523
Cplane1,0.1124701052904129,0.10816241800785065,0.059506624937057495,0.2271739968428901,-1.6998440027236938,0.059506624937057495,0.8770048222785873,0.3810092806816101,0.059506624937057495,0.7637944017707959,0.5053396821022034
Nipbl,0.7327015995979309,0.7456258535385132,-0.03568699583411217,0.9984208920935209,0.015674151480197906,-0.03568699583411217,0.7758161632530282,-0.5557642579078674,-0.03568699583411217,0.5976312326164864,-0.7673614621162415
Slc1a3,0.0,0.0,0.0,0.9979940091511154,0.11319231241941452,0.0,1.0,0.0,0.0,1.0,0.0
Ranbp3l,0.0002663622726686299,0.0,18.02322769165039,0.9979940091511154,0.14071114361286163,18.02322769165039,0.5196272646011879,1.0,18.02322769165039,0.46147875269036936,1.0
Nadk2,0.06192224845290184,0.06712161004543304,-0.12011054903268814,0.05885719440211291,-2.3839850425720215,-0.12011054903268814,0.7234401044307353,-0.6453202962875366,-0.12011054903268814,0.541849969736432,-0.8587984442710876
Skp2,0.05521098151803017,0.06449016183614731,-0.2308839112520218,0.026529752304633118,-2.713231325149536,-0.2308839112520218,0.5196272646011879,-1.0522412061691284,-0.2308839112520218,0.2827108734724969,-1.4018354415893555
Lmbrd2,0.054375991225242615,0.06856591254472733,-0.34486252069473267,0.03971175501206369,-2.549365282058716,-0.34486252069473267,0.3360476950915594,-1.4800732135772705,-0.34486252069473267,0.08801486307604048,-2.1007533073425293
Capsl,0.005902211181819439,0.0035632888320833445,0.7297343611717224,0.9984208920935209,0.020483266562223434,0.7297343611717224,0.5168738139071093,1.0944525003433228,0.7297343611717224,0.3154522846809191,1.3220374584197998
Il7r,0.090147003531456,0.17371994256973267,-1.0080223083496094,0.004807410258185322,-3.321495294570923,-1.0080223083496094,0.008188868233075687,-3.221475124359131,-1.0080223083496094,2.081844845825114e-06,-5.163494110107422
Spef2,0.0071892100386321545,0.006985215935856104,0.04167594388127327,0.9979940091511154,-0.28872501850128174,0.04167594388127327,1.0,0.07420463860034943,0.04167594388127327,1.0,0.09712184965610504
Dnajc21,0.3227783143520355,0.3841475546360016,-0.29798778891563416,0.002168468880010153,-3.5706787109375,-0.29798778891563416,0.005239923925838023,-3.3590519428253174,-0.29798778891563416,3.675512887859488e-05,-4.543478965759277
Brix1,0.33421504497528076,0.4547214210033417,-0.5368332266807556,6.56592262036589e-09,-6.296021938323975,-0.5368332266807556,5.523977636970997e-10,-6.805731296539307,-0.5368332266807556,9.808151565185266e-19,-9.289061546325684
Rad1,0.10910241305828094,0.12245820462703705,-0.17642660439014435,0.01757813365379885,-2.8730897903442383,-0.17642660439014435,0.43841607856842746,-1.2399662733078003,-0.17642660439014435,0.18218341415815656,-1.681137204170227
Rai14,0.005008175037801266,0.005985199939459562,-0.25781965255737305,0.9979940091511154,-0.3733298182487488,-0.25781965255737305,0.8591115623177414,-0.4126582741737366,-0.25781965255737305,0.7371646126868612,-0.5462877154350281
Amacr,0.00798119232058525,0.006977534852921963,0.19461184740066528,0.9979940091511154,-0.17579986155033112,0.19461184740066528,0.8854653182650877,0.3659418821334839,0.19461184740066528,0.7816402701285983,0.4782849848270416
Tars,0.295259028673172,0.44285672903060913,-0.6978615522384644,7.34572013379028e-13,-7.648095607757568,-0.6978615522384644,1.3499671972886236e-13,-8.084115982055664,-0.6978615522384644,1.1889599665931046e-26,-11.199393272399902
Sub1,2.787766456604004,2.643829822540283,0.22238199412822723,1.9709339548170827e-14,8.122239112854004,0.22238199412822723,9.984313651106153e-13,7.782738208770752,0.22238199412822723,6.504527947408993e-24,10.579675674438477
Zfr,0.3208366334438324,0.3660922050476074,-0.2248782366514206,0.014891235944621795,-2.9337382316589355,-0.2248782366514206,0.037274454600970425,-2.6552348136901855,-0.2248782366514206,0.0017829917940016316,-3.545671224594116
Mtmr12,0.18109753727912903,0.14284943044185638,0.3706064522266388,0.9480161538389608,0.5745111107826233,0.3706064522266388,0.021202954207993806,2.87212872505188,0.3706064522266388,0.0009162078652951465,3.7343831062316895
1810049J17Rik,0.000261429202510044,0.0011356731411069632,-2.1196818351745605,0.9979940091511154,-0.0302796121686697,-2.1196818351745605,0.5196272646011879,-1.036197304725647,-2.1196818351745605,0.18793467167537295,-1.66367506980896
Golph3,0.4048701822757721,0.385237455368042,0.08680351078510284,0.5060264358857789,1.1648744344711304,0.08680351078510284,0.5131290277614567,1.1015993356704712,0.08680351078510284,0.2517447897963901,1.4831525087356567
Pdzd2,0.0005720898625440896,0.0012664860114455223,-1.1470171213150024,0.9984208920935209,-0.0025826727505773306,-1.1470171213150024,0.6934295792980893,-0.6971712112426758,-1.1470171213150024,0.45118347797692754,-1.0565582513809204
6030458C11Rik,0.07924998551607132,0.09263738989830017,-0.2349790632724762,0.011472351809157923,-3.029386043548584,-0.2349790632724762,0.3656726802506002,-1.394227147102356,-0.2349790632724762,0.13100143565431452,-1.8963559865951538
Drosha,0.08585292845964432,0.12884794175624847,-0.6172996163368225,8.522321212214852e-06,-4.959355354309082,-0.6172996163368225,0.0006743243356376767,-3.964390516281128,-0.6172996163368225,2.11666004634607e-07,-5.60004186630249
Acot10,0.0012484153266996145,0.001285009435378015,-0.04170733317732811,0.9979940091511154,0.05281120538711548,-0.04170733317732811,1.0,-0.03302467614412308,-0.04170733317732811,1.0,-0.04478362575173378
Basp1,0.0054891775362193584,0.01736370287835598,-1.6699942350387573,0.5976538652029325,-1.0279037952423096,-1.6699942350387573,0.13326565330109902,-2.065920829772949,-1.6699942350387573,0.003951886648581386,-3.303455352783203
Myo10,0.009926429018378258,0.014560096897184849,-0.5560225248336792,0.63132660795214,-0.9817718863487244,-0.5560225248336792,0.4299403731364083,-1.256872534751892,-0.5560225248336792,0.16637303552647623,-1.7372609376907349
Retreg1,0.13773740828037262,0.16520124673843384,-0.28261515498161316,0.0021989450124719374,-3.566581964492798,-0.28261515498161316,0.16904187051989847,-1.9311788082122803,-0.28261515498161316,0.022851784335098328,-2.6881494522094727
Zfp622,0.4555918276309967,0.4956730008125305,-0.1528426706790924,0.34936038912109624,-1.4301773309707642,-0.1528426706790924,0.13394902180992227,-2.060345411300659,-0.1528426706790924,0.017596656992469817,-2.7876381874084473
Ank,0.053482670336961746,0.055294498801231384,-0.049383196979761124,0.17966734786753782,-1.832094669342041,-0.049383196979761124,0.97195035347368,-0.20780572295188904,-0.049383196979761124,0.9032280235033152,-0.2858629822731018
Otulin,0.7126532196998596,0.7494583129882812,-0.10240340232849121,0.6032102711329433,-1.0204229354858398,-0.10240340232849121,0.2692612388587937,-1.6392139196395874,-0.10240340232849121,0.06671810492101998,-2.232614040374756
Otulinl,0.5083895921707153,0.5132970213890076,-0.017699256539344788,0.9979940091511154,0.20901837944984436,-0.017699256539344788,0.9502924873828682,-0.25004416704177856,-0.017699256539344788,0.8721343176514021,-0.33734187483787537
Trio,0.002593051642179489,0.00985522847622633,-1.931481957435608,0.8596419950601817,-0.6874362230300903,-1.931481957435608,0.1180623518274948,-2.129032611846924,-1.931481957435608,0.0021861218837873984,-3.486496925354004
Ctnnd2,0.0,0.0013843794586136937,-20.40180778503418,0.9979940091511154,0.027607882395386696,-20.40180778503418,0.5196272646011879,-1.0,-20.40180778503418,0.16021537352752957,-1.759765386581421
Dap,0.9039240479469299,0.7861184477806091,0.29826098680496216,8.902597256736556e-05,4.4272356033325195,0.29826098680496216,6.052159871508332e-05,4.574810981750488,0.29826098680496216,1.269412220034986e-08,6.1051177978515625
Ankrd33b,0.0003229165158700198,0.0007220830884762108,-1.1612892150878906,0.9979940091511154,0.05521576479077339,-1.1612892150878906,0.8055645610873821,-0.5046361684799194,-1.1612892150878906,0.5990728925620756,-0.7644609808921814
Ropn1l,0.01733229123055935,0.02057012729346752,-0.24943137168884277,0.548788639955957,-1.100218653678894,-0.24943137168884277,0.6739799830724441,-0.7295735478401184,-0.24943137168884277,0.47101749026206174,-0.9829689860343933
March6,0.17576923966407776,0.2024412900209427,-0.2236669510602951,0.004948724215920695,-3.312767744064331,-0.2236669510602951,0.17430918223453284,-1.9128377437591553,-0.2236669510602951,0.030227035597062277,-2.5778234004974365
Cmbl,0.00046963043860159814,0.0,18.841508865356445,0.9979940091511154,0.14071114361286163,18.841508865356445,0.5196272646011879,1.0,18.841508865356445,0.46147875269036936,1.0
Cct5,1.1701115369796753,1.3964121341705322,-0.4523047208786011,1.2611968274592536e-19,-9.517060279846191,-0.4523047208786011,3.7960079193667633e-19,-9.746676445007324,-0.4523047208786011,3.4439614859941695e-37,-13.364001274108887
Atpsckmt,0.22146441042423248,0.20033924281597137,0.1604037880897522,0.9979940091511154,0.0531674362719059,0.1604037880897522,0.31065469771174525,1.5380609035491943,0.1604037880897522,0.1042852566646807,2.0154919624328613
Cpq,0.0012411882635205984,0.003934938460588455,-1.6665624380111694,0.9979940091511154,-0.06073733791708946,-1.6665624380111694,0.5311797748240644,-0.9802889823913574,-1.6665624380111694,0.20486509020738197,-1.6119729280471802
Mtdh,0.7798742651939392,0.8738915324211121,-0.24127279222011566,0.004065152680469071,-3.3755533695220947,-0.24127279222011566,0.0005033827605874638,-4.039100170135498,-0.24127279222011566,3.9096537073573885e-07,-5.485037326812744
Laptm4b,0.002171799074858427,0.005106193479150534,-1.235474944114685,0.9979940091511154,-0.3455438017845154,-1.235474944114685,0.39522309478678447,-1.3292027711868286,-1.235474944114685,0.11611063894117667,-1.959346890449524
Matn2,0.005713387858122587,0.00929640606045723,-0.7049142122268677,0.9979940091511154,-0.3760015368461609,-0.7049142122268677,0.5781988746457161,-0.8937349915504456,-0.7049142122268677,0.28775260334600167,-1.386886477470398
9430069I07Rik,0.000272328412393108,0.0,18.05518913269043,0.9979940091511154,0.14071114361286163,18.05518913269043,0.5196272646011879,1.0,18.05518913269043,0.46147875269036936,1.0
Rpl30,3.2520837783813477,3.334923505783081,-0.1241217702627182,2.6880571014877278e-06,-5.197762489318848,-0.1241217702627182,2.1243826889222058e-10,-6.95245361328125,-0.1241217702627182,9.54524986712349e-19,-9.295632362365723
Erich5,0.0003888904466293752,0.0006464007310569286,-0.7332493662834167,0.9979940091511154,0.05521576479077339,-0.7332493662834167,0.9001098374501164,-0.341359406709671,-0.7332493662834167,0.7795515324470956,-0.48138120770454407
Rida,0.13708828389644623,0.17313914000988007,-0.36350393295288086,6.395441659009501e-05,-4.505873203277588,-0.36350393295288086,0.020102949086761593,-2.892960548400879,-0.36350393295288086,0.0004898240914433004,-3.9028236865997314
Pop1,0.07024116069078445,0.11638252437114716,-0.7622873187065125,7.168040095742056e-07,-5.45798921585083,-0.7622873187065125,5.098008402849259e-05,-4.625306129455566,-0.7622873187065125,1.0410796539874636e-09,-6.516337871551514
Stk3,0.016103435307741165,0.01717042364180088,-0.09332889318466187,0.7521524479244253,-0.822892963886261,-0.09332889318466187,0.9555438669688661,-0.23979270458221436,-0.09332889318466187,0.8853831383821105,-0.31537869572639465
Osr2,0.003741577034816146,0.003857507137581706,-0.044105831533670425,0.9979940091511154,-0.11996069550514221,-0.044105831533670425,1.0,-0.05673496425151825,-0.044105831533670425,1.0,-0.07329438626766205
Vps13b,0.21026328206062317,0.17686760425567627,0.27439361810684204,0.9979940091511154,0.17152509093284607,0.27439361810684204,0.07810683466350041,2.3311853408813477,0.27439361810684204,0.008926230567771922,3.0328280925750732
Cox6c,2.0360867977142334,1.9235477447509766,0.18839430809020996,1.81542331361162e-09,6.5057525634765625,0.18839430809020996,2.5497416228908003e-07,5.746353626251221,0.18839430809020996,2.617468420796544e-15,8.333761215209961
Fbxo43,0.0019659199751913548,0.0,20.908191680908203,0.9979940091511154,0.2507864236831665,20.908191680908203,0.10130036982564916,2.205038070678711,20.908191680908203,0.0710840186504548,2.205038070678711
Polr2k,0.8078651428222656,0.8731949329376221,-0.1658400595188141,0.07182310261062254,-2.2932353019714355,-0.1658400595188141,0.01282555840469245,-3.056342363357544,-0.1658400595188141,0.00021914704697773086,-4.112433433532715
Spag1,0.05083417892456055,0.056595414876937866,-0.15907949209213257,0.10315938110993961,-2.1215322017669678,-0.15907949209213257,0.6628943074322396,-0.7485713958740234,-0.15907949209213257,0.46147875269036936,-1.0054759979248047
Rnf19a,0.2510916590690613,0.18567712604999542,0.48432064056396484,0.1091838366574933,2.0933899879455566,0.48432064056396484,0.00012761702357208597,4.388556003570557,0.48432064056396484,1.9621946935666776e-07,5.617650508880615
Ankrd46,0.0604054220020771,0.059407006949186325,0.024772468954324722,0.20615575377188483,-1.756306529045105,0.024772468954324722,1.0,0.12090057879686356,0.024772468954324722,0.9811341642663296,0.16025233268737793
Snx31,0.0,0.0007589038577862084,-19.534107208251953,0.9979940091511154,0.027607882395386696,-19.534107208251953,0.5196272646011879,-1.0,-19.534107208251953,0.16021537352752957,-1.759765386581421
Pabpc1,1.9342752695083618,2.025829792022705,-0.15325315296649933,0.00015381774389950555,-4.292758464813232,-0.15325315296649933,1.9048792959773997e-07,-5.7687602043151855,-0.15325315296649933,1.9025581466343573e-12,-7.467440128326416
Ywhaz,1.6755565404891968,1.793116569519043,-0.20599493384361267,7.492720278915797e-10,-6.647354602813721,-0.20599493384361267,8.48490103837445e-07,-5.504134178161621,-0.20599493384361267,1.7614780935059202e-13,-7.787278652191162
Zfp706,0.9531497955322266,1.044891595840454,-0.2095954865217209,0.000168256277262994,-4.270404815673828,-0.2095954865217209,0.00010203756253018594,-4.452270030975342,-0.2095954865217209,1.4368702172832926e-08,-6.082590103149414
Grhl2,0.002333535812795162,0.0025135015603154898,-0.10731096565723419,0.9979940091511154,-0.061895087361335754,-0.10731096565723419,1.0,-0.11125968396663666,-0.10731096565723419,0.9901239724332145,-0.14577527344226837
Ncald,0.4457626938819885,0.45215946435928345,-0.025514325127005577,0.633798657851141,-0.978387713432312,-0.025514325127005577,0.9342480948514266,-0.2784973680973053,-0.025514325127005577,0.8485145042012076,-0.3737371265888214
Rrm2b,0.09109292924404144,0.12744583189487457,-0.5111737251281738,3.03828469436924e-05,-4.678556442260742,-0.5111737251281738,0.009664737608648817,-3.1581344604492188,-0.5111737251281738,6.329312637495861e-05,-4.415722370147705
Ubr5,0.41108831763267517,0.4101065993309021,0.004205890465527773,0.9979940091511154,-0.09582606703042984,0.004205890465527773,1.0,0.04879843816161156,0.004205890465527773,1.0,0.0665382519364357
Odf1,0.0003129252581857145,0.0,18.25568962097168,0.9979940091511154,0.14071114361286163,18.25568962097168,0.5196272646011879,1.0,18.25568962097168,0.46147875269036936,1.0
Klf10,0.13105513155460358,0.1261923611164093,0.05813216045498848,0.03281999537692006,-2.628626585006714,0.05813216045498848,0.8557527428103425,0.41868656873703003,0.05813216045498848,0.7449079419590335,0.5342552065849304
Azin1,0.5958497524261475,0.5759145617485046,0.06487008929252625,0.8078587421191099,0.7520921230316162,0.06487008929252625,0.536300720453626,0.9689953923225403,0.06487008929252625,0.32271670812555536,1.307423710823059
Atp6v1c1,0.32139161229133606,0.37431272864341736,-0.260295033454895,0.009345339988354288,-3.1007213592529297,-0.260295033454895,0.0047734089665355,-3.388023614883423,-0.260295033454895,5.845139336640931e-05,-4.435453414916992
Fzd6,0.0,0.0,0.0,0.9979940091511154,0.11319231241941452,0.0,1.0,0.0,0.0,1.0,0.0
Slc25a32,0.07426457107067108,0.08972671627998352,-0.2841692566871643,0.005864561954615013,-3.256126880645752,-0.2841692566871643,0.25618835594809697,-1.6719517707824707,-0.2841692566871643,0.06274890977066659,-2.2603847980499268
Dcaf13,0.3942207396030426,0.47747018933296204,-0.34080708026885986,0.00018770975475360175,-4.243687629699707,-0.34080708026885986,2.7810287198210085e-05,-4.751733303070068,-0.34080708026885986,4.217462717641494e-09,-6.2919816970825195
Lrp12,0.0013918241020292044,0.0038333216216415167,-1.4633795022964478,0.9979940091511154,-0.033129457384347916,-1.4633795022964478,0.581047392352054,-0.8872660398483276,-1.4633795022964478,0.25878091721281127,-1.4657443761825562
Oxr1,0.10969038307666779,0.14646343886852264,-0.4441957473754883,4.41602090694032e-06,-5.098018169403076,-0.4441957473754883,0.011801917230594714,-3.0863280296325684,-0.4441957473754883,0.00014994895757594728,-4.20717716217041
Abra,0.0,0.0,0.0,0.9979940091511154,0.11319231241941452,0.0,1.0,0.0,0.0,1.0,0.0
Angpt1,0.0,0.0008019598317332566,-19.613750457763672,0.9979940091511154,0.027607882395386696,-19.613750457763672,0.5196272646011879,-1.0,-19.613750457763672,0.16021537352752957,-1.759765386581421
Eif3e,1.3182792663574219,1.47288179397583,-0.2966402471065521,3.3169787769309265e-09,-6.40778923034668,-0.2966402471065521,3.0104696973279696e-12,-7.607085704803467,-0.2966402471065521,3.936068758884722e-22,-10.156128883361816
Emc2,0.4279214143753052,0.48853591084480286,-0.23817044496536255,0.023005502291764596,-2.7706735134124756,-0.23817044496536255,0.008530944461788276,-3.1984920501708984,-0.23817044496536255,9.780920922486779e-05,-4.312830924987793
Nudcd1,0.08972655236721039,0.13599222898483276,-0.6339187622070312,5.1505713638047955e-06,-5.065957069396973,-0.6339187622070312,0.0002337230179758826,-4.244623184204102,-0.6339187622070312,2.787702376592126e-08,-5.965549945831299
Eny2,0.7633149027824402,0.8240050077438354,-0.15988434851169586,0.03432579250791617,-2.610280752182007,-0.15988434851169586,0.012013134296116293,-3.078244686126709,-0.15988434851169586,0.00028264841730620216,-4.047128200531006
Pkhd1l1,0.00030291566508822143,0.0,18.20878028869629,0.9979940091511154,0.14071114361286163,18.20878028869629,0.5196272646011879,1.0,18.20878028869629,0.46147875269036936,1.0
Ebag9,0.18135973811149597,0.18111734092235565,0.002109613735228777,0.12994576329043173,-2.0067367553710938,0.002109613735228777,1.0,0.018418986350297928,0.002109613735228777,1.0,0.023991061374545097
Sybu,0.0,0.0013111574808135629,-20.32335662841797,0.9979940091511154,-0.05797655135393143,-20.32335662841797,0.36167647049845647,-1.411827802658081,-20.32335662841797,0.03779234106709729,-2.484485626220703
Trps1,0.20111535489559174,0.22371472418308258,-0.17051544785499573,0.014335075396900418,-2.9477202892303467,-0.17051544785499573,0.36655554361386294,-1.391983151435852,-0.17051544785499573,0.13142081020754873,-1.8947542905807495
Eif3h,1.8632919788360596,1.8272154331207275,0.06181406229734421,0.02603748668033822,2.7210683822631836,0.06181406229734421,0.13584987029701734,2.0535945892333984,0.06181406229734421,0.013329769095058763,2.8909473419189453
Utp23,0.29864826798439026,0.2902528643608093,0.0474897101521492,0.9979940091511154,-0.36273193359375,0.0474897101521492,0.7904590459642593,0.5307965278625488,0.0474897101521492,0.6408083872073025,0.6968262195587158
Rad21,1.333107829093933,1.075851321220398,0.5312588810920715,3.874098793062711e-24,10.57586669921875,0.5312588810920715,3.1756057934791143e-22,10.631858825683594,0.5312588810920715,7.752736614940577e-46,14.93582534790039
Med30,1.1229159832000732,1.0331991910934448,0.19625703990459442,0.00044050422332581567,4.020420074462891,0.19625703990459442,0.0007143567990218854,3.946593999862671,0.19625703990459442,3.8244298384670567e-07,5.48862361907959
Ext1,0.03019634820520878,0.0339980386197567,-0.17383451759815216,0.315764702337165,-1.4973268508911133,-0.17383451759815216,0.7494017881928217,-0.6004371643066406,-0.17383451759815216,0.5677530577833731,-0.8165718913078308
Enpp2,0.0002854985068552196,0.0,18.123334884643555,0.9979940091511154,0.14071114361286163,18.123334884643555,0.5196272646011879,1.0,18.123334884643555,0.46147875269036936,1.0
Taf2,0.16876442730426788,0.19665777683258057,-0.24140967428684235,0.001675935001062114,-3.6476244926452637,-0.24140967428684235,0.14271483153860123,-2.0274808406829834,-0.24140967428684235,0.020450415814910528,-2.7320303916931152
Dscc1,0.13737697899341583,0.21299104392528534,-0.688788115978241,4.022447502791601e-09,-6.375728607177734,-0.688788115978241,3.9546754025429555e-07,-5.651893138885498,-0.688788115978241,6.23517564917677e-14,-7.9266204833984375
Deptor,0.0009014589013531804,0.0006567400996573269,0.457115113735199,0.9979940091511154,0.08282364159822464,0.457115113735199,0.9483435068706159,0.25383269786834717,0.457115113735199,0.8906446732040156,0.3065102696418762
Col14a1,0.0005144515307620168,0.0,18.97304916381836,0.9979940091511154,0.14071114361286163,18.97304916381836,0.5196272646011879,1.0,18.97304916381836,0.46147875269036936,1.0
Mrpl13,0.6661472320556641,0.6939184665679932,-0.08121100068092346,0.6324356065809662,-0.9800797700881958,-0.08121100068092346,0.3801439803362868,-1.3604155778884888,-0.08121100068092346,0.14349971660341393,-1.8477928638458252
Mtbp,0.11558295786380768,0.14923174679279327,-0.39343374967575073,0.0007575614540712236,-3.8732967376708984,-0.39343374967575073,0.03594011952005294,-2.671963930130005,-0.39343374967575073,0.0008984151150973337,-3.7392208576202393
Sntb1,0.030128438025712967,0.031317323446273804,-0.05669713765382767,0.9979940091511154,-0.4176805317401886,-0.05669713765382767,1.0,-0.14868053793907166,-0.05669713765382767,0.9464400628360206,-0.21702970564365387
Zhx2,0.016998890787363052,0.020397456362843513,-0.2654077708721161,0.7701108882963162,-0.8002723455429077,-0.2654077708721161,0.7909019677778124,-0.5301138758659363,-0.2654077708721161,0.5915500130746474,-0.7768313884735107
Derl1,0.5707886815071106,0.6153765320777893,-0.1438366025686264,0.17556697711176522,-1.8451861143112183,-0.1438366025686264,0.09191115680508401,-2.2538130283355713,-0.1438366025686264,0.009677086240389566,-3.0046277046203613
Tbc1d31,0.2009669691324234,0.16842930018901825,0.27900832891464233,0.9979940091511154,0.38392767310142517,0.27900832891464233,0.08043396194298835,2.3161745071411133,0.27900832891464233,0.008559308289543899,3.0475692749023438
9130401M01Rik,0.18064722418785095,0.2719593346118927,-0.6585657596588135,9.286168462312017e-09,-6.2367987632751465,-0.6585657596588135,6.728411479226593e-08,-5.986883640289307,-0.6585657596588135,8.371062956245035e-16,-8.478184700012207
Gm29394,0.010270891711115837,0.013125264085829258,-0.3558478355407715,0.8025544900185586,-0.7582371234893799,-0.3558478355407715,0.6819865146320511,-0.7163935899734497,-0.3558478355407715,0.46147875269036936,-1.0073500871658325
Zhx1,0.11821378022432327,0.11574342846870422,0.032284390181303024,0.2144363814855152,-1.7332406044006348,0.032284390181303024,0.9666813042360577,0.21730288863182068,0.032284390181303024,0.9011197112898698,0.29000309109687805
Atad2,0.9861863255500793,1.0180954933166504,-0.07273994386196136,0.21635729173898016,-1.727986216545105,-0.07273994386196136,0.5028557591006872,-1.1195991039276123,-0.07273994386196136,0.2405668643646463,-1.51279878616333
Wdyhv1,0.17268794775009155,0.17980970442295074,-0.06359169632196426,0.09769952070276701,-2.148338556289673,-0.06359169632196426,0.7829025440954337,-0.5434785485267639,-0.06359169632196426,0.6261177787542545,-0.7191478610038757
Fbxo32,0.011582592502236366,0.014288239181041718,-0.30482593178749084,0.9979940091511154,-0.10384126007556915,-0.30482593178749084,0.8330169513578577,-0.45818835496902466,-0.30482593178749084,0.6399157609094062,-0.6981868147850037
Fam91a1,0.10548306256532669,0.12177648395299911,-0.2192000448703766,0.00584487513230637,-3.257284641265869,-0.2192000448703766,0.349744048790231,-1.4491639137268066,-0.2192000448703766,0.11704457625913164,-1.9551987648010254
Tmem65,0.07793493568897247,0.09329020231962204,-0.27068978548049927,0.0052551381029487245,-3.2926406860351562,-0.27068978548049927,0.3163449329695569,-1.5253607034683228,-0.27068978548049927,0.09430703892211828,-2.0666756629943848
Trmt12,0.048936303704977036,0.04645378515124321,0.0769137442111969,0.35545283526317434,-1.4186888933181763,0.0769137442111969,0.9107282297008762,0.3219009339809418,0.0769137442111969,0.8088632837375909,0.43675604462623596
Rnf139,0.14024581015110016,0.144487664103508,-0.04612109437584877,0.263916376199837,-1.608826994895935,-0.04612109437584877,0.9061746563430031,-0.3290797770023346,-0.04612109437584877,0.7981487626606626,-0.45285430550575256
Gm49356,0.0,0.0,0.0,0.9979940091511154,0.11319231241941452,0.0,1.0,0.0,0.0,1.0,0.0
Tatdn1,0.1369941532611847,0.15599073469638824,-0.20138368010520935,0.034272324117134434,-2.611082077026367,-0.20138368010520935,0.32480889803301255,-1.505262017250061,-0.20138368010520935,0.09105616043754022,-2.084624767303467
Ndufb9,1.5771899223327637,1.6470277309417725,-0.12586906552314758,0.0004977953077626219,-3.987468719482422,-0.12586906552314758,0.005876252000896211,-3.3256022930145264,-0.12586906552314758,1.7239781983148654e-05,-4.714119911193848
Mtss1,0.023554617539048195,0.06503982841968536,-1.4954596757888794,1.4834346179720354e-05,-4.839572429656982,-1.4954596757888794,1.7685633820750527e-06,-5.3734965324401855,-1.4954596757888794,1.715675023406925e-14,-8.09744644165039
Sqle,0.10973856598138809,0.17585043609142303,-0.7291024923324585,3.1325408574902366e-08,-6.030986309051514,-0.7291024923324585,1.1965861628451687e-06,-5.435257434844971,-0.7291024923324585,4.057898708952567e-13,-7.673412799835205
Washc5,0.1111358031630516,0.13542453944683075,-0.3030461072921753,0.0010224667221109035,-3.79038405418396,-0.3030461072921753,0.11422318416791082,-2.1431496143341064,-0.3030461072921753,0.012269115977921156,-2.9211525917053223
Nsmce2,0.4690302610397339,0.4720875322818756,-0.011751098558306694,0.9979940091511154,-0.3211419880390167,-0.011751098558306694,0.9940736435634384,-0.16455309092998505,-0.011751098558306694,0.9463289983679933,-0.21767334640026093
Trib1,0.12610167264938354,0.1398622840642929,-0.1595657616853714,0.014644828950701247,-2.940150260925293,-0.1595657616853714,0.5196272646011879,-1.0098042488098145,-0.1595657616853714,0.2893868895148575,-1.3823292255401611
Lratd2,0.010266493074595928,0.011833170428872108,-0.2060253620147705,0.9541237582764579,-0.5662287473678589,-0.2060253620147705,0.8454098700710868,-0.4362685978412628,-0.2060253620147705,0.7082740374033989,-0.5910708904266357
Myc,0.1567547768354416,0.22565026581287384,-0.5768592953681946,3.470358683407172e-08,-6.012284278869629,-0.5768592953681946,0.000676920931898824,-3.9611704349517822,-0.5768592953681946,3.443838198266641e-07,-5.5084381103515625
Gsdmc4,0.0,0.0,0.0,0.9979940091511154,0.11319231241941452,0.0,1.0,0.0,0.0,1.0,0.0
Fam49b,1.4098340272903442,1.381540060043335,0.054258089512586594,0.011236981077644653,3.036421775817871,0.054258089512586594,0.3165178827127902,1.5245387554168701,0.054258089512586594,0.10022465991517397,2.0363965034484863
Asap1,0.33681246638298035,0.30572617053985596,0.16332823038101196,0.9979940091511154,-0.11773425340652466,0.16332823038101196,0.2849130259886969,1.5984445810317993,0.16332823038101196,0.087666662613433,2.1029837131500244
Efr3a,0.4021635353565216,0.42040276527404785,-0.07804589718580246,0.7039150211698474,-0.8866583108901978,-0.07804589718580246,0.5542183943739788,-0.9367088675498962,-0.07804589718580246,0.34045037133625655,-1.2695207595825195
Lrrc6,0.0,0.0,0.0,0.9979940091511154,0.11319231241941452,0.0,1.0,0.0,0.0,1.0,0.0
Tmem71,0.44112128019332886,0.37336283922195435,0.2927829325199127,0.03248671099392798,2.632634162902832,0.2927829325199127,0.011593416113660509,3.0929715633392334,0.2927829325199127,0.00017067288237521176,4.175094127655029
Phf20l1,0.7778012752532959,0.6915397644042969,0.2393651157617569,6.270911141309172e-05,4.511038780212402,0.2393651157617569,0.0006060476513989828,3.987027883529663,0.2393651157617569,1.0266522104262e-06,5.300683975219727
Tg,0.0349016971886158,0.0833435133099556,-1.291060209274292,1.2374210320940094e-07,-5.786879062652588,-1.291060209274292,8.19266952013729e-07,-5.520085334777832,-1.291060209274292,1.9790439103237132e-14,-8.076268196105957
Sla,0.7423340678215027,0.6145164966583252,0.37516334652900696,2.062749311676685e-05,4.766634464263916,0.37516334652900696,7.265010784087413e-07,5.518878936767578,0.37516334652900696,5.4382091369128036e-12,7.316171646118164
Ccn4,0.0,0.0,0.0,0.9979940091511154,0.11319231241941452,0.0,1.0,0.0,0.0,1.0,0.0
Ndrg1,0.036536265164613724,0.05570502206683159,-0.622411847114563,0.008371986734903396,-3.1367897987365723,-0.622411847114563,0.04043290126804228,-2.62345814704895,-0.622411847114563,0.0011814180244899425,-3.6622674465179443
St3gal1,0.17430095374584198,0.17373026907444,0.005154916550964117,0.29431658404921907,-1.5413212776184082,0.005154916550964117,1.0,0.04039010405540466,0.005154916550964117,1.0,0.05493062734603882
Zfat,0.014350437559187412,0.021747324615716934,-0.6050949692726135,0.36656031480539303,-1.3982056379318237,-0.6050949692726135,0.3041253292725582,-1.55446195602417,-0.6050949692726135,0.0673284607439663,-2.228179931640625
Khdrbs3,0.0,0.001040022587403655,-19.988935470581055,0.9979940091511154,-0.05797655135393143,-19.988935470581055,0.3621040251177201,-1.407778024673462,-19.988935470581055,0.03845439994157801,-2.4773590564727783
Fam135b,0.0,0.0,0.0,0.9979940091511154,0.11319231241941452,0.0,1.0,0.0,0.0,1.0,0.0
Trappc9,0.09012648463249207,0.06822989881038666,0.41755056381225586,0.9979940091511154,-0.0980525091290474,0.41755056381225586,0.10427475605928523,2.1899120807647705,0.41755056381225586,0.013110268629212508,2.8969051837921143
Chrac1,0.4944119155406952,0.4986896216869354,-0.015768444165587425,0.9979940091511154,-0.16831901669502258,-0.015768444165587425,0.9700395809592202,-0.21074585616588593,-0.015768444165587425,0.9039983637871783,-0.28482821583747864
Ago2,0.422378808259964,0.4284420907497406,-0.025245586410164833,0.870059074384111,-0.6730979681015015,-0.025245586410164833,0.9102272316520309,-0.3225124180316925,-0.025245586410164833,0.8156891346834682,-0.42535945773124695
Ptk2,0.0012619828339666128,0.0031025970820337534,-1.2991116046905518,0.9979940091511154,-0.17579986155033112,-1.2991116046905518,0.4575589075491667,-1.205588936805725,-1.2991116046905518,0.13764758459050674,-1.8703092336654663
Dennd3,0.014307362958788872,0.02471979334950447,-0.7964442372322083,0.3735318191106962,-1.3841345310211182,-0.7964442372322083,0.22935228402206154,-1.7516441345214844,-0.7964442372322083,0.023653506146786202,-2.67521595954895
Slc45a4,0.03653573989868164,0.049684833735227585,-0.45305028557777405,0.060824393335547906,-2.367509365081787,-0.45305028557777405,0.2445134713758961,-1.7055680751800537,-0.45305028557777405,0.04294544480093644,-2.426638126373291
Ptp4a3,0.5141182541847229,0.4932239055633545,0.07618924975395203,0.6686387775948115,0.9327011108398438,0.07618924975395203,0.5568518563442163,0.9321027994155884,0.07618924975395203,0.33663991877303007,1.2778741121292114
Mroh5,0.0005688064848072827,0.0,19.117990493774414,0.9979940091511154,0.16822996735572815,19.117990493774414,0.36167647049845647,1.4098509550094604,19.117990493774414,0.2803884929583053,1.4098509550094604
Arc,0.010367389768362045,0.007200419437140226,0.5281873941421509,0.9979940091511154,-0.1453421413898468,0.5281873941421509,0.5196272646011879,1.0036826133728027,0.5281873941421509,0.3634957914359705,1.2215819358825684
Jrk,0.003662931965664029,0.004775898065418005,-0.38357633352279663,0.9979940091511154,-0.4020954370498657,-0.38357633352279663,0.8238223335575464,-0.4740077555179596,-0.38357633352279663,0.7109500476339431,-0.5871636867523193
Them6,0.16474416851997375,0.19621813297271729,-0.2756170332431793,0.004450236473652225,-3.3473219871520996,-0.2756170332431793,0.08701021792022336,-2.2794687747955322,-0.2756170332431793,0.006724593582089227,-3.127840995788574
Lynx1,0.004260538145899773,0.0016743121668696404,1.3493329286575317,0.9979940091511154,0.16208498179912567,1.3493329286575317,0.2978060875233137,1.5681614875793457,1.3493329286575317,0.15887951700285163,1.792819619178772
Ly6d,0.0051567163318395615,0.008891680277884007,-0.7887006402015686,0.9979940091511154,0.04898172616958618,-0.7887006402015686,0.7758161632530282,-0.5560109615325928,-0.7887006402015686,0.5297241031749182,-0.8787397146224976
Ly6k,0.01951207034289837,0.028957877308130264,-0.5764302611351013,0.8041667102762152,-0.7564559578895569,-0.5764302611351013,0.4890899722439958,-1.1459856033325195,-0.5764302611351013,0.17859512738645328,-1.692806363105774
Ly6m,0.0014606236945837736,0.0017864713445305824,-0.2907631993293762,0.9984208920935209,-0.004630999639630318,-0.2907631993293762,0.9408246376306105,-0.2656206786632538,-0.2907631993293762,0.8524732742367203,-0.36737534403800964
Ly6e,2.2708756923675537,2.034543514251709,0.3859191834926605,1.6589854548585955e-17,8.973184585571289,0.3859191834926605,6.552442598676488e-18,9.387663841247559,0.3859191834926605,1.7681658610218888e-34,12.839107513427734
Ly6i,0.0029661073349416256,0.010212760418653488,-1.788962960243225,0.9979940091511154,-0.49106407165527344,-1.788962960243225,0.20890586294522914,-1.8096094131469727,-1.788962960243225,0.010108486560881863,-2.9906065464019775
Ly6a,2.2266249656677246,2.105703115463257,0.1970573365688324,2.1011022301619616e-05,4.762003421783447,0.1970573365688324,0.00043488551026284525,4.076842308044434,0.1970573365688324,4.88647529670239e-07,5.44283390045166
Ly6c1,0.0020804055966436863,0.0010443091159686446,0.9950628280639648,0.9979940091511154,0.08050814270973206,0.9950628280639648,0.6016187324751721,0.8515483140945435,0.9950628280639648,0.47035464854021036,0.9845227003097534
Ly6c2,2.139533519744873,2.135636568069458,0.006373208947479725,0.14238847341929733,1.9600704908370972,0.006373208947479725,1.0,0.06511526554822922,0.006373208947479725,1.0,0.08684172481298447
Ly6g,0.002931591821834445,0.0027685367967933416,0.08267828822135925,0.9979940091511154,-0.09101694822311401,0.08267828822135925,1.0,0.09978173673152924,0.08267828822135925,1.0,0.1275980919599533
Zfp41,0.08141718059778214,0.0447532944381237,0.8900645971298218,0.7646453621128131,0.8075750470161438,0.8900645971298218,0.00010484472668099474,4.432513236999512,0.8900645971298218,4.629601342643175e-07,5.457525253295898
Top1mt,0.016696210950613022,0.030910778790712357,-0.8988835215568542,0.23910232603254855,-1.6678723096847534,-0.8988835215568542,0.07958251240840035,-2.325620174407959,-0.8988835215568542,0.0016742938746055396,-3.5641486644744873
Rhpn1,0.0003751519543584436,0.0,18.51738929748535,0.9979940091511154,0.14071114361286163,18.51738929748535,0.5196272646011879,1.0,18.51738929748535,0.46147875269036936,1.0
Mafa,0.0028997771441936493,0.015378681011497974,-2.4159328937530518,0.4156942204376454,-1.3096822500228882,-2.4159328937530518,0.05114938477054481,-2.531043767929077,-2.4159328937530518,0.00014174958794938497,-4.225924015045166
Zc3h3,0.05614442378282547,0.054926615208387375,0.032524123787879944,0.26313100341342355,-1.6108753681182861,0.032524123787879944,0.9934540340542863,0.16584700345993042,0.032524123787879944,0.9470660741845573,0.21582752466201782
Gsdmd,0.14803814888000488,0.14580872654914856,0.02353942207992077,0.30421267605808444,-1.5205708742141724,0.02353942207992077,0.992140754208172,0.16903837025165558,0.02353942207992077,0.9393922552204514,0.22953179478645325
Naprt,0.017423506826162338,0.019358502700924873,-0.1533323973417282,0.5921236116548894,-1.0354737043380737,-0.1533323973417282,0.8718396450396307,-0.38984134793281555,-0.1533323973417282,0.7471394257367739,-0.5306358933448792
Eef1d,1.7052912712097168,2.00734281539917,-0.516964852809906,6.09148178655477e-38,-13.325879096984863,-0.516964852809906,1.0549974607176656e-36,-14.046348571777344,-0.516964852809906,9.376694307588226e-72,-19.07422637939453
Tigd5,0.003531143069267273,0.003745109774172306,-0.08502726256847382,0.9979940091511154,0.24473051726818085,-0.08502726256847382,1.0,-0.06263991445302963,-0.08502726256847382,1.0,-0.10008367896080017
Pycrl,0.11973560601472855,0.1997917890548706,-0.7979304790496826,7.678185532697868e-10,-6.642990589141846,-0.7979304790496826,3.191924866103367e-08,-6.125960826873779,-0.7979304790496826,1.0309601333579404e-16,-8.735733985900879
Tsta3,0.2426760345697403,0.28704628348350525,-0.2756693959236145,0.015839028766386317,-2.9113845825195312,-0.2756693959236145,0.037307343050233865,-2.6562461853027344,-0.2756693959236145,0.0009994850781902002,-3.7088449001312256
Zfp623,0.0032962432596832514,0.00986754335463047,-1.586613416671753,0.7058873432605429,-0.8839865326881409,-1.586613416671753,0.0733109346255766,-2.366192102432251,-1.586613416671753,0.0014512240244367305,-3.6051511764526367
Zfp707,0.10346776992082596,0.07150976359844208,0.556358277797699,0.9979940091511154,0.2710915803909302,0.556358277797699,0.007188095140122436,3.253645181655884,0.556358277797699,0.00016939610498898464,4.1782941818237305
Ccdc166,0.045070670545101166,0.05113079398870468,-0.1864098608493805,0.16359086031603529,-1.8841934204101562,-0.1864098608493805,0.6918817604440874,-0.6997251510620117,-0.1864098608493805,0.47272552939968493,-0.9798409938812256
Mapk15,0.0022199181839823723,0.0,21.083677291870117,0.9979940091511154,0.22326761484146118,21.083677291870117,0.16306634196700756,1.9500576257705688,21.083677291870117,0.11849021834188397,1.9500576257705688
Fam83h,0.0024827176239341497,0.0012274468317627907,1.0171648263931274,0.9979940091511154,0.10820508748292923,1.0171648263931274,0.5712866615674853,0.9049417972564697,1.0171648263931274,0.4507160218913812,1.0575134754180908
Iqank1,0.0011917646043002605,0.0,20.185529708862305,0.9979940091511154,0.19574879109859467,20.185529708862305,0.2602939564367003,1.6600720882415771,20.185529708862305,0.18927612848334702,1.6600720882415771
Scrib,0.08131055533885956,0.08458555489778519,-0.05936358869075775,0.08231499846777804,-2.2310731410980225,-0.05936358869075775,0.9078875740775691,-0.32564693689346313,-0.05936358869075775,0.8037698258489676,-0.44459134340286255
Puf60,0.9423897862434387,0.9073120355606079,0.08387403935194016,0.021642217858386593,2.793917655944824,0.08387403935194016,0.2728555670039936,1.6283342838287354,0.08387403935194016,0.0707517614766173,2.205472707748413
Nrbp2,0.005850901827216148,0.009379614144563675,-0.6834182739257812,0.8857405965807635,-0.6540396213531494,-0.6834182739257812,0.4346352564746789,-1.2477121353149414,-0.6834182739257812,0.16021537352752957,-1.7771639823913574
Eppk1,0.0,0.0006004744209349155,-19.196178436279297,0.9979940091511154,0.027607882395386696,-19.196178436279297,0.5196272646011879,-1.0,-19.196178436279297,0.16021537352752957,-1.759765386581421
Plec,0.6270096898078918,0.7685088515281677,-0.4074181020259857,3.341563525928283e-06,-5.15492582321167,-0.4074181020259857,1.0616033146940172e-07,-5.890314102172852,-0.4074181020259857,3.810107843720434e-14,-7.992678642272949
Parp10,0.11424147337675095,0.09745332598686218,0.24162666499614716,0.8326694423371224,-0.7218124866485596,0.24162666499614716,0.3189614737108581,1.5182466506958008,0.24162666499614716,0.10623140543303289,2.0061278343200684
Grina,0.1604447066783905,0.1635129302740097,-0.02960164099931717,0.0706583566589478,-2.300894260406494,-0.02960164099931717,0.9555438669688661,-0.23991674184799194,-0.02960164099931717,0.8849738712963038,-0.31599757075309753
Smpd5,0.029544832184910774,0.022141028195619583,0.4215472936630249,0.9979940091511154,0.23546850681304932,0.4215472936630249,0.5196272646011879,1.086014747619629,0.4215472936630249,0.2322824793020309,1.5356879234313965
Oplah,0.0020111557096242905,0.0025089571718126535,-0.3194221556186676,0.9979940091511154,-0.062073204666376114,-0.3194221556186676,0.9077663268589126,-0.326004296541214,-0.3194221556186676,0.8010182207178583,-0.4487656354904175
Exosc4,0.39094552397727966,0.3776684105396271,0.06003691256046295,0.659994771867881,0.9446348547935486,0.06003691256046295,0.6740973992396784,0.7293548583984375,0.06003691256046295,0.4658648521945841,0.9920818209648132
Gpaa1,0.17804548144340515,0.18165606260299683,-0.03164605796337128,0.10251132926523199,-2.1249163150787354,-0.03164605796337128,0.9372367577150617,-0.2734822630882263,-0.03164605796337128,0.8579923644656868,-0.3581888675689697
Cyc1,0.8759068250656128,1.0056713819503784,-0.30737900733947754,4.241533594760105e-07,-5.557199478149414,-0.30737900733947754,2.587914966311624e-07,-5.726115703582764,-0.30737900733947754,1.2315618144301737e-13,-7.837588787078857
Sharpin,0.2617269456386566,0.2322094887495041,0.1948036402463913,0.9979940091511154,0.2965620756149292,0.1948036402463913,0.14605134391942767,2.014981269836426,0.1948036402463913,0.029305213692556766,2.5901589393615723
Maf1,0.3170294165611267,0.2966218590736389,0.11146437376737595,0.6252912797628483,0.9904105067253113,0.11146437376737595,0.4580345756281844,1.2040998935699463,0.11146437376737595,0.19763031775900228,1.6340434551239014
Gm35339,0.001978898188099265,0.0018540261080488563,0.0941259041428566,0.9984208920935209,-0.004630999639630318,0.0941259041428566,1.0,0.08725989609956741,0.0941259041428566,1.0,0.11151900887489319
Hgh1,0.03247449919581413,0.059842176735401154,-0.9017490148544312,0.004313148403599387,-3.3576526641845703,-0.9017490148544312,0.009968559800119441,-3.1513867378234863,-0.9017490148544312,1.303843451275268e-05,-4.778019905090332
Mroh1,0.038435179740190506,0.0547090582549572,-0.5211825966835022,0.02617025577811527,-2.718930959701538,-0.5211825966835022,0.166843831911467,-1.938582181930542,-0.5211825966835022,0.016556961992270077,-2.809833526611328
Bop1,0.19948482513427734,0.27070310711860657,-0.4938165247440338,1.392594204584892e-06,-5.328855514526367,-0.4938165247440338,2.2128797627214893e-05,-4.808671951293945,-0.4938165247440338,5.944478600313937e-10,-6.606630325317383
Scx,0.00041837026947177947,0.0010680563282221556,-1.3526020050048828,0.9979940091511154,0.05521576479077339,-1.3526020050048828,0.7700420891607787,-0.5663856267929077,-1.3526020050048828,0.5285117791802186,-0.8813412189483643
Hsf1,0.15083685517311096,0.15497028827667236,-0.042060501873493195,0.16718186716044137,-1.8725268840789795,-0.042060501873493195,0.9109538522068397,-0.32115602493286133,-0.042060501873493195,0.81105458832657,-0.43320605158805847
Dgat1,0.13279294967651367,0.11439014226198196,0.2287639081478119,0.9979940091511154,-0.20242811739444733,0.2287639081478119,0.3362811803374183,1.4792448282241821,0.2287639081478119,0.10414154064704112,2.0165438652038574
Scrt1,0.000729982799384743,0.0013916203752160072,-0.9313077330589294,0.9984208920935209,-0.0025826727505773306,-0.9313077330589294,0.7560651440834032,-0.5902585387229919,-0.9313077330589294,0.5408291044724504,-0.8609323501586914
Tmem249,0.0003505395434331149,0.00047363320481963456,-0.4342808127403259,0.9979940091511154,0.05521576479077339,-0.4342808127403259,0.971389743688824,-0.20890165865421295,-0.4342808127403259,0.9078804850466822,-0.2785257399082184
Fbxl6,0.22884073853492737,0.24454200267791748,-0.10751085728406906,0.13307889707745849,-1.994179606437683,-0.10751085728406906,0.5196272646011879,-1.0510441064834595,-0.10751085728406906,0.2815684256564536,-1.405450701713562
Slc52a2,0.0691995918750763,0.059915728867053986,0.21459776163101196,0.5997248194036365,-1.0250539779663086,0.21459776163101196,0.5196272646011879,1.0705736875534058,0.21459776163101196,0.2801966871638719,1.4108105897903442
Adck5,0.030400406569242477,0.03595979884266853,-0.24632710218429565,0.18641628157378815,-1.8119676113128662,-0.24632710218429565,0.5607755988175588,-0.924086332321167,-0.24632710218429565,0.34861586167893255,-1.2524425983428955
Cpsf1,0.11874677240848541,0.1712731122970581,-0.5672156810760498,5.055299073033677e-07,-5.524425983428955,-0.5672156810760498,0.00015589650294139387,-4.3469743728637695,-0.5672156810760498,2.0246329676198327e-08,-6.0228071212768555
Slc39a4,0.055777717381715775,0.05370023101568222,0.05627283826470375,0.27029117942531344,-1.5941325426101685,0.05627283826470375,0.9408246376306105,0.26552295684814453,0.05627283826470375,0.8616045240573765,0.3530283570289612
Vps28,1.017065167427063,0.9082368016242981,0.2541791796684265,7.845718853741091e-08,5.865962505340576,0.2541791796684265,2.0630821937272285e-06,5.31238317489624,0.2541791796684265,2.8137837117614227e-11,7.077682018280029
Tonsl,0.07803597301244736,0.10573362559080124,-0.4585087299346924,0.0003414943267522456,-4.089528560638428,-0.4585087299346924,0.04230321003936432,-2.6045854091644287,-0.4585087299346924,0.001428952009026501,-3.60917329788208
Cyhr1,0.2499348372220993,0.2630541920661926,-0.08367585390806198,0.4353758815754883,-1.2757513523101807,-0.08367585390806198,0.6244779434524431,-0.8142395615577698,-0.08367585390806198,0.4161575563786433,-1.120435357093811
Kifc2,0.0040169088169932365,0.012865026481449604,-1.6856880187988281,0.9979940091511154,-0.23724967241287231,-1.6856880187988281,0.36321377038034836,-1.4032143354415894,-1.6856880187988281,0.05204956441590653,-2.3445701599121094
Ppp1r16a,0.031248481944203377,0.023134350776672363,0.43962913751602173,0.9979940091511154,-0.31419551372528076,0.43962913751602173,0.31291985197559946,1.5326335430145264,0.43962913751602173,0.12082787532277854,1.9386523962020874
Gpt,0.035575494170188904,0.04114686697721481,-0.21394333243370056,0.17300117480030086,-1.8527560234069824,-0.21394333243370056,0.5883081252140706,-0.8747621774673462,-0.21394333243370056,0.38429857513475457,-1.180322527885437
Mfsd3,0.014452876523137093,0.015330980531871319,-0.08572831004858017,0.879885002825225,-0.662143886089325,-0.08572831004858017,0.9723028835788272,-0.20695745944976807,-0.08572831004858017,0.9127266733344938,-0.2712240517139435
Recql4,0.031765129417181015,0.05077657848596573,-0.6905273199081421,0.0027252752079274254,-3.5005011558532715,-0.6905273199081421,0.014059191648690884,-3.0254948139190674,-0.6905273199081421,0.0001726780520958535,-4.17202091217041
Lrrc14,0.060794029384851456,0.0600469708442688,0.018382461741566658,0.3703192116169334,-1.3912590742111206,0.018382461741566658,1.0,0.08748333901166916,0.018382461741566658,1.0,0.11995675414800644
Lrrc24,0.000467231118818745,0.0011310579720884562,-1.2759416103363037,0.9979940091511154,-0.0302796121686697,-1.2759416103363037,0.6828664938386579,-0.7151164412498474,-1.2759416103363037,0.46147875269036936,-1.0169869661331177
C030006K11Rik,0.02464381232857704,0.03390147164463997,-0.46683281660079956,0.3485737077071567,-1.4320474863052368,-0.46683281660079956,0.40427385707454355,-1.3091639280319214,-0.46683281660079956,0.12060763872012394,-1.9395856857299805
Arhgap39,0.021348077803850174,0.021392203867435455,-0.00301085552200675,0.9206967759110418,-0.6102232336997986,-0.00301085552200675,1.0,-0.008485855534672737,-0.00301085552200675,1.0,-0.011623578146100044
Zfp251,0.07708552479743958,0.0927555114030838,-0.27843642234802246,0.0014551673244491542,-3.6885910034179688,-0.27843642234802246,0.29750921088252563,-1.5699094533920288,-0.27843642234802246,0.08717565953062802,-2.1054911613464355
Zfp7,0.05073125287890434,0.04839393123984337,0.06974854320287704,0.5858576648754091,-1.0455372333526611,0.06974854320287704,0.9202887661018848,0.30238547921180725,0.06974854320287704,0.8253418958990115,0.41045498847961426
Commd5,0.007511433679610491,0.008168041706085205,-0.12137609720230103,0.9979940091511154,-0.39719727635383606,-0.12137609720230103,0.9574275541595644,-0.23585954308509827,-0.12137609720230103,0.8865771731916067,-0.3133259415626526
Rpl8,3.342107057571411,3.5478744506835938,-0.30666226148605347,2.3884367989405455e-39,-13.575508117675781,-0.30666226148605347,1.681769989393433e-51,-16.78434181213379,-0.30666226148605347,5.505265510000848e-86,-21.27716064453125
Zfp647,0.004899307154119015,0.002583868568763137,0.9247161149978638,0.9979940091511154,0.16057099401950836,0.9247161149978638,0.44059219103730957,1.2356173992156982,0.9247161149978638,0.24393553580635627,1.50351881980896
1110038F14Rik,0.35064199566841125,0.3332352638244629,0.08672823011875153,0.7649182645041116,0.8070406913757324,0.08672823011875153,0.5196272646011879,1.047774076461792,0.08672823011875153,0.28736863580052513,1.3879810571670532
Rbfox2,0.0,0.0,0.0,0.9979940091511154,0.11319231241941452,0.0,1.0,0.0,0.0,1.0,0.0
Apol9a,0.00047340799937956035,0.0,18.853069305419922,0.9979940091511154,0.14071114361286163,18.853069305419922,0.5196272646011879,1.0,18.853069305419922,0.46147875269036936,1.0
Apol7b,0.0007098904461599886,0.0010925179813057184,-0.6222641468048096,0.9984208920935209,-0.0025826727505773306,-0.6222641468048096,0.858366805589623,-0.41373562812805176,-0.6222641468048096,0.7211997838355779,-0.5713271498680115
Apol7c,0.0,0.0,0.0,0.9979940091511154,0.11319231241941452,0.0,1.0,0.0,0.0,1.0,0.0
Apol10b,0.0016045070951804519,0.0021997352596372366,-0.4556289613246918,0.9979940091511154,-0.11764519661664963,-0.4556289613246918,0.8502907976819661,-0.4282599687576294,-0.4556289613246918,0.7243773234546041,-0.5667629241943359
Apol7e,0.030569789931178093,0.031486932188272476,-0.04331158101558685,0.24013306707078128,-1.665556788444519,-0.04331158101558685,1.0,-0.14749370515346527,-0.04331158101558685,0.9592829877847279,-0.19519373774528503
Apol9b,0.0013413871638476849,0.0023693519178777933,-0.8215081095695496,0.9979940091511154,-0.11764519661664963,-0.8215081095695496,0.6584128228695222,-0.7562114000320435,-0.8215081095695496,0.4383883482343135,-1.0798439979553223
Apol8,0.03159111365675926,0.044953618198633194,-0.5186190009117126,0.06008773960351768,-2.3739216327667236,-0.5186190009117126,0.14500214892300836,-2.0197947025299072,-0.5186190009117126,0.01698474323191086,-2.800658702850342
Myh9,1.5093650817871094,1.5768622159957886,-0.12385506182909012,0.02150007131949962,-2.7962331771850586,-0.12385506182909012,0.03288930031001294,-2.7069993019104004,-0.12385506182909012,0.0007711402798118764,-3.780705690383911
Txn2,0.621864914894104,0.7497312426567078,-0.3724687099456787,2.4877275525297568e-06,-5.213169574737549,-0.3724687099456787,2.2092114210606372e-09,-6.56480073928833,-0.3724687099456787,1.1015524322574784e-16,-8.733567237854004
Foxred2,0.005586741026490927,0.013005245476961136,-1.2243741750717163,0.5258612850805935,-1.1353963613510132,-1.2243741750717163,0.09961715041472018,-2.2168445587158203,-1.2243741750717163,0.004177539245557083,-3.284686803817749
Eif3d,0.733420729637146,0.8779716491699219,-0.3776564300060272,6.890610804057225e-08,-5.8894734382629395,-0.3776564300060272,3.062137005717967e-09,-6.520002841949463,-0.3776564300060272,2.6860609834224657e-17,-8.898785591125488
Ift27,0.34046682715415955,0.40124642848968506,-0.2835211455821991,0.004791048931881072,-3.32265305519104,-0.2835211455821991,0.004411036620651706,-3.415530204772949,-0.2835211455821991,2.9242487397615762e-05,-4.595462799072266
Ncf4,0.32060202956199646,0.4648120403289795,-0.6466802358627319,4.670794079793429e-11,-7.067261219024658,-0.6466802358627319,4.8103603307992746e-11,-7.207239627838135,-0.6466802358627319,1.9276131899884898e-21,-9.981266021728516
Csf2rb2,0.0,0.0006956302095204592,-19.408464431762695,0.9979940091511154,0.027607882395386696,-19.408464431762695,0.5196272646011879,-1.0,-19.408464431762695,0.16021537352752957,-1.759765386581421
Csf2rb,0.00035808293614536524,0.007327284198254347,-4.3599395751953125,0.9979940091511154,-0.3727954626083374,-4.3599395751953125,0.08892067202852874,-2.2749950885772705,-4.3599395751953125,0.00042324748392755343,-3.947312831878662
Tst,0.0365876667201519,0.015762493014335632,1.2299494743347168,0.9979940091511154,0.4032531976699829,1.2299494743347168,0.0002961902741330503,4.164953708648682,1.2299494743347168,1.4724997715807693e-05,4.757293701171875
Mpst,0.20163245499134064,0.18952898681163788,0.0983245000243187,0.9253977687634074,-0.6045235395431519,0.0983245000243187,0.5851002371254574,0.8802860379219055,0.0983245000243187,0.39362296914801276,1.163177728652954
Kctd17,0.035511359572410583,0.05124988779425621,-0.5407034158706665,0.006019946085783481,-3.247577428817749,-0.5407034158706665,0.07606313091315575,-2.3452699184417725,-0.5407034158706665,0.005396316141100279,-3.2014923095703125
Tmprss6,0.0009131922852247953,0.00262241717427969,-1.5231389999389648,0.9979940091511154,0.08246741443872452,-1.5231389999389648,0.7316497249798056,-0.6317246556282043,-1.5231389999389648,0.4569061904248312,-1.0471699237823486
Il2rb,1.1703236103057861,1.3250961303710938,-0.3134680688381195,1.9598583010942516e-05,-4.777855396270752,-0.3134680688381195,7.831569770544427e-08,-5.943476676940918,-0.3134680688381195,3.485843752534381e-14,-8.005180358886719
C1qtnf6,0.041256070137023926,0.03808071091771126,0.11785132437944412,0.4153553136300843,-1.3103947639465332,0.11785132437944412,0.8183882673521483,0.48296627402305603,0.11785132437944412,0.6881803567329691,0.6219549775123596
Sstr3,0.0,0.0,0.0,0.9979940091511154,0.11319231241941452,0.0,1.0,0.0,0.0,1.0,0.0
Rac2,2.6645822525024414,2.458625316619873,0.3220396339893341,5.648623116482348e-27,11.187960624694824,0.3220396339893341,6.70321458802776e-25,11.366488456726074,0.3220396339893341,1.3304098141554307e-53,16.242660522460938
Cyth4,0.6018300652503967,0.6192665696144104,-0.05505422130227089,0.9982866462090498,0.021373843774199486,-0.05505422130227089,0.6274623147591575,-0.8095918893814087,-0.05505422130227089,0.4350662095250037,-1.0859317779541016
Elfn2,0.0007470714626833797,0.0013234587386250496,-0.8254100680351257,0.9979940091511154,0.08246741443872452,-0.8254100680351257,0.8640724325817397,-0.40409740805625916,-0.8254100680351257,0.685770309053474,-0.625711977481842
Mfng,0.21217848360538483,0.26052621006965637,-0.33239811658859253,0.0003710993145965386,-4.066551685333252,-0.33239811658859253,0.010603060580808359,-3.1246140003204346,-0.33239811658859253,0.0001145274843115798,-4.273629665374756
Card10,0.0042510307393968105,0.0,22.022449493408203,0.9979940091511154,0.3883805572986603,22.022449493408203,0.014666327802018004,3.0055015087127686,22.022449493408203,0.009755807868305526,3.0055015087127686
Cdc42ep1,0.0,0.0,0.0,0.9979940091511154,0.11319231241941452,0.0,1.0,0.0,0.0,1.0,0.0
Lgals2,0.0004134898481424898,0.0,18.657794952392578,0.9979940091511154,0.14071114361286163,18.657794952392578,0.5196272646011879,1.0,18.657794952392578,0.46147875269036936,1.0
Gga1,0.2610401511192322,0.24387502670288086,0.11103227734565735,0.9979940091511154,0.28845784068107605,0.11103227734565735,0.47952661620509796,1.1641343832015991,0.11103227734565735,0.2303483516310164,1.54052734375
Sh3bp1,0.30595269799232483,0.36602210998535156,-0.304375022649765,0.0014745980915391722,-3.6847615242004395,-0.304375022649765,0.005355991745266886,-3.3525121212005615,-0.304375022649765,3.8228583418544975e-05,-4.534274578094482
Pdxp,0.03958408907055855,0.0669579729437828,-0.7782562971115112,0.0011344120197923906,-3.760549783706665,-0.7782562971115112,0.007500040766813776,-3.246002197265625,-0.7782562971115112,2.0346887266993117e-05,-4.676851272583008
Lgals1,3.779956817626953,3.690201997756958,0.13265663385391235,0.005735511608717622,3.2639641761779785,0.13265663385391235,0.031056163540448028,2.7319746017456055,0.13265663385391235,0.000274372000887594,4.054255485534668
Nol12,0.4297545552253723,0.48048311471939087,-0.2003319412469864,0.0481784209852456,-2.469391345977783,-0.2003319412469864,0.03420030709041276,-2.6898915767669678,-0.2003319412469864,0.0016223355319271643,-3.5734262466430664
Triobp,0.42990291118621826,0.3506150245666504,0.35502761602401733,0.001921406760593045,3.606301784515381,0.35502761602401733,0.00012103603406370178,4.403562068939209,0.35502761602401733,8.822369112002135e-08,5.763270854949951
H1f0,0.20010147988796234,0.2185669243335724,-0.14112766087055206,0.061001086475040475,-2.366262674331665,-0.14112766087055206,0.5575661151953623,-0.9306789636611938,-0.14112766087055206,0.3273861173211973,-1.2973259687423706
Gcat,0.13859745860099792,0.19049765169620514,-0.49733659625053406,1.574057291362241e-05,-4.826837539672852,-0.49733659625053406,0.0008100762349549137,-3.9127466678619385,-0.49733659625053406,4.814646115092926e-07,-5.444572448730469
Gcat-1,0.0002779489732347429,0.0017640171572566032,-2.6670405864715576,0.9979940091511154,-0.11577498912811279,-2.6670405864715576,0.36179032358873764,-1.41023588180542,-2.6670405864715576,0.055188161004160075,-2.3183417320251465
Galr3,0.0022741728462278843,0.003190493443980813,-0.48909884691238403,0.9984208920935209,-0.0053434609435498714,-0.48909884691238403,0.8800096955404973,-0.3769892752170563,-0.48909884691238403,0.732083454752783,-0.5544237494468689
Ankrd54,0.21692997217178345,0.20519395172595978,0.08900462836027145,0.905583946647287,-0.6286581754684448,0.08900462836027145,0.5949072741462614,0.8635801672935486,0.08900462836027145,0.4123239651315248,1.127751350402832
Eif3l,0.7504385709762573,0.8253670334815979,-0.19837628304958344,0.033600293597421664,-2.618741035461426,-0.19837628304958344,0.003706049867878631,-3.472477674484253,-0.19837628304958344,1.8542604229192698e-05,-4.698828220367432
Micall1,0.034789931029081345,0.030661657452583313,0.18522842228412628,0.7204864614833332,-0.8647500872612,0.18522842228412628,0.7234401044307353,0.6455838680267334,0.18522842228412628,0.5360721795920801,0.8686624765396118
1700088E04Rik,0.00026370465639047325,0.0,18.008758544921875,0.9979940091511154,0.14071114361286163,18.008758544921875,0.5196272646011879,1.0,18.008758544921875,0.46147875269036936,1.0
Polr2f,0.8181489109992981,0.9942546486854553,-0.4272116720676422,1.9606236668130036e-11,-7.193634510040283,-0.4272116720676422,1.2661984514341812e-12,-7.746877670288086,-0.4272116720676422,1.1983300569114864e-23,-10.516802787780762
Pick1,0.04410048574209213,0.059229277074337006,-0.4365231990814209,0.07034140622918829,-2.302853584289551,-0.4365231990814209,0.20166320246576838,-1.8283079862594604,-0.4365231990814209,0.024785925386831737,-2.65647292137146
Gm49486,0.0007266372558660805,0.0010875554289668798,-0.5820413827896118,0.9979940091511154,0.08264552801847458,-0.5820413827896118,0.9237109725277453,-0.2965390682220459,-0.5820413827896118,0.8083236376364642,-0.4375174939632416
Baiap2l2,0.0006322607514448464,0.0,19.270618438720703,0.9979940091511154,0.14071114361286163,19.270618438720703,0.5196272646011879,1.0,19.270618438720703,0.46147875269036936,1.0
Pla2g6,0.016655294224619865,0.014572946354746819,0.19419430196285248,0.9979940091511154,-0.3760905861854553,0.19419430196285248,0.7949450935023324,0.522425651550293,0.19419430196285248,0.6475015793187058,0.6861861348152161
Maff,0.018926190212368965,0.021557370200753212,-0.1897016167640686,0.848386893475037,-0.7010620832443237,-0.1897016167640686,0.8300265837683635,-0.46308091282844543,-0.1897016167640686,0.6559792782760073,-0.672633707523346
Tmem184b,0.050599467009305954,0.06593924760818481,-0.3931880295276642,0.033530369593388135,-2.619809865951538,-0.3931880295276642,0.2607694542064057,-1.6601219177246094,-0.3931880295276642,0.049098932862167814,-2.368741035461426
Csnk1e,0.055391907691955566,0.08476252108812332,-0.6351850628852844,0.0007972909937336936,-3.859760046005249,-0.6351850628852844,0.015329454161497686,-2.996286392211914,-0.6351850628852844,0.00010816242096519952,-4.287665843963623
Kdelr3,0.0031604324467480183,0.006365339271724224,-1.0124287605285645,0.9979940091511154,-0.3754671812057495,-1.0124287605285645,0.41667879132381846,-1.283130168914795,-1.0124287605285645,0.12044600953305781,-1.9406570196151733
Ddx17,0.4188534915447235,0.40677160024642944,0.05153978243470192,0.898771598787655,0.6383654475212097,0.05153978243470192,0.772360253653397,0.5619157552719116,0.05153978243470192,0.5912988020999957,0.7772856950759888
Dmc1,0.0014328181277960539,0.003189567942172289,-1.1557725667953491,0.9979940091511154,-0.14569836854934692,-1.1557725667953491,0.552484560527096,-0.9406560659408569,-1.1557725667953491,0.29653334243444884,-1.3646297454833984
Fam227a,0.0005935442168265581,0.0,19.179426193237305,0.9979940091511154,0.16822996735572815,19.179426193237305,0.36167647049845647,1.4149510860443115,19.179426193237305,0.2795042275398297,1.4149510860443115
Cby1,0.11954881250858307,0.1593308001756668,-0.44378864765167236,0.0003045285811497283,-4.119274139404297,-0.44378864765167236,0.006543851834519762,-3.2887065410614014,-0.44378864765167236,2.961012324515058e-05,-4.591979026794434
Tomm22,1.2489820718765259,1.3507517576217651,-0.20189405977725983,7.845475214315893e-05,-4.4570698738098145,-0.20189405977725983,1.8348667367451988e-07,-5.776877403259277,-0.20189405977725983,1.3464251124349588e-12,-7.516131401062012
Josd1,0.08846573531627655,0.0942717045545578,-0.09595799446105957,0.039691263613359756,-2.5498104095458984,-0.09595799446105957,0.7401773847606845,-0.6165115237236023,-0.09595799446105957,0.5709904235328676,-0.8112792372703552
Gtpbp1,0.18073520064353943,0.16835448145866394,0.11156567186117172,0.671619889426134,-0.9289606809616089,0.11156567186117172,0.5912317286097488,0.8698681592941284,0.11156567186117172,0.39130962325738283,1.1675093173980713
Sun2,0.48859336972236633,0.3442038297653198,0.6167331337928772,4.880033315012088e-09,6.344647407531738,0.6167331337928772,1.660022959622548e-11,7.343319892883301,0.6167331337928772,4.256573109903677e-20,9.650898933410645
Dnal4,0.0230107344686985,0.024756837636232376,-0.10678436607122421,0.5078323119018444,-1.1623808145523071,-0.10678436607122421,0.891500167413582,-0.3559281527996063,-0.10678436607122421,0.7828811724449515,-0.476188987493515
Nptxr,0.003457600949332118,0.005108172073960304,-0.5642271637916565,0.9979940091511154,-0.28970465064048767,-0.5642271637916565,0.6515069350844532,-0.7685827016830444,-0.5642271637916565,0.449096364521422,-1.060162901878357
Cbx6,0.10232891887426376,0.10385546833276749,-0.022483225911855698,0.027161473413469778,-2.7039692401885986,-0.022483225911855698,1.0,-0.14609424769878387,-0.022483225911855698,0.9626486596747845,-0.18924251198768616
Apobec3,1.5311782360076904,1.2674775123596191,0.5058706402778625,4.749230509034765e-24,10.555116653442383,0.5058706402778625,9.145181771510294e-25,11.23503303527832,0.5058706402778625,5.0111291049108374e-48,15.32491397857666
Cbx7,0.10063355416059494,0.08158820122480392,0.3166259527206421,0.9979940091511154,0.15282298624515533,0.3166259527206421,0.301242780331626,1.561083197593689,0.3166259527206421,0.07455473053055003,2.1806318759918213
Pdgfb,0.02308913879096508,0.02245345152914524,0.04073743522167206,0.6567775476826607,-0.9489986896514893,0.04073743522167206,1.0,0.11024400591850281,0.04073743522167206,0.9904294994619919,0.1447574347257614
Rpl3,3.151940107345581,3.337087392807007,-0.2779648005962372,2.889546047890292e-28,-11.454599380493164,-0.2779648005962372,3.6114612193359234e-32,-12.872628211975098,-0.2779648005962372,4.838844546430506e-55,-16.555648803710938
Syngr1,0.0020787499379366636,0.0025108782574534416,-0.2727876901626587,0.9979940091511154,-0.03419815003871918,-0.2727876901626587,0.9283577169655364,-0.2886163294315338,-0.2727876901626587,0.8293465128088472,-0.4041173458099365
Tab1,0.046772588044404984,0.03589046373963356,0.38996627926826477,0.6393527826483384,-0.9714412093162537,0.38996627926826477,0.2769832753513581,1.6177668571472168,0.38996627926826477,0.10699174076557466,2.00230073928833
Mief1,0.08709285408258438,0.10911129415035248,-0.3413168787956238,0.0008650789263848652,-3.8374063968658447,-0.3413168787956238,0.12625955496127728,-2.0910122394561768,-0.3413168787956238,0.015052136969679377,-2.845526933670044
Atf4,0.7350634336471558,0.8443771004676819,-0.2891436517238617,0.0001630254380971709,-4.277707576751709,-0.2891436517238617,3.4055417272851036e-05,-4.713724136352539,-0.2891436517238617,1.1635200488031596e-09,-6.499125957489014
Rps19bp1,0.20218847692012787,0.3037334382534027,-0.6634390354156494,5.795136875067001e-10,-6.68841028213501,-0.6634390354156494,1.8019026993688579e-09,-6.620324611663818,-0.6634390354156494,1.1599003965095154e-18,-9.266802787780762
Cacna1i,0.012013178318738937,0.015595966950058937,-0.3791455626487732,0.5826645901606771,-1.0501681566238403,-0.3791455626487732,0.545774513107454,-0.95279461145401,-0.3791455626487732,0.3344223506567849,-1.2825706005096436
Enthd1,0.0012242140946909785,0.001173307653516531,0.061311233788728714,0.9979940091511154,0.025114266201853752,0.061311233788728714,1.0,0.046091366559267044,0.061311233788728714,1.0,0.05872688814997673
Grap2,0.5207791924476624,0.5157740712165833,0.017853382974863052,0.9979940091511154,0.283025324344635,0.017853382974863052,0.9567896159403717,0.23698550462722778,0.017853382974863052,0.8846317400417253,0.31657207012176514
Fam83f,0.0003079210000578314,0.0,18.2324275970459,0.9979940091511154,0.14071114361286163,18.2324275970459,0.5196272646011879,1.0,18.2324275970459,0.46147875269036936,1.0
Tnrc6b,0.47247037291526794,0.4261940121650696,0.1845862716436386,0.04152448788207096,2.530752182006836,0.1845862716436386,0.160909252351131,1.9593175649642944,0.1845862716436386,0.01880040184683661,2.7624523639678955
Adsl,0.21481941640377045,0.2898184359073639,-0.48839807510375977,3.98129361863281e-07,-5.570112705230713,-0.48839807510375977,3.677229226663649e-06,-5.193858623504639,-0.48839807510375977,6.7613417609946e-11,-6.945159912109375
Sgsm3,0.013539950363337994,0.018907012417912483,-0.48558080196380615,0.5528472801562492,-1.0935392379760742,-0.48558080196380615,0.4512008712688083,-1.2170805931091309,-0.48558080196380615,0.16325571528642058,-1.748303771018982
Mrtfa,0.15624432265758514,0.1586630940437317,-0.023953208699822426,0.11685681009112972,-2.060260534286499,-0.023953208699822426,0.9848712312292899,-0.1831088811159134,-0.023953208699822426,0.9302265532033659,-0.244207501411438
Slc25a17,0.19593459367752075,0.1991175413131714,-0.02561953105032444,0.3812881274535415,-1.3702415227890015,-0.02561953105032444,0.9603785016752305,-0.22960703074932098,-0.02561953105032444,0.8886334220400751,-0.30910244584083557
St13,0.6677825450897217,0.8814936280250549,-0.5744351148605347,4.717749080641139e-15,-8.29973030090332,-0.5744351148605347,1.9247049707769314e-18,-9.52454662322998,-0.5744351148605347,1.6584766543784976e-34,-12.849848747253418
Xpnpep3,0.04154783859848976,0.02885781042277813,0.5350192189216614,0.9979940091511154,-0.10277256369590759,0.5350192189216614,0.1519394242228349,1.9916491508483887,0.5350192189216614,0.033471089987984155,2.536688804626465
Dnajb7,0.0008977696415968239,0.0,19.776634216308594,0.9979940091511154,0.19574879109859467,19.776634216308594,0.2386255565644038,1.722132921218872,19.776634216308594,0.17058916390043113,1.722132921218872
Rbx1,1.6654847860336304,1.6744223833084106,-0.01588456518948078,0.9979940091511154,0.21035423874855042,-0.01588456518948078,0.8082927018987642,-0.5000559091567993,-0.01588456518948078,0.6553926152470041,-0.6736285090446472
Ep300,0.43769946694374084,0.4314318299293518,0.025655683130025864,0.9979940091511154,0.4012048542499542,0.025655683130025864,0.9119637014395426,0.3189828395843506,0.025655683130025864,0.8131105142026466,0.42995747923851013
L3mbtl2,0.17019698023796082,0.1761995106935501,-0.05445951223373413,0.08935543422294809,-2.1912643909454346,-0.05445951223373413,0.818569850319305,-0.48262959718704224,-0.05445951223373413,0.6790428994121507,-0.6363351941108704
Chadl,0.00035332434345036745,0.001420879503712058,-2.008486270904541,0.9979940091511154,-0.0302796121686697,-2.008486270904541,0.523380280665206,-0.9933189749717712,-2.008486270904541,0.21665464178937308,-1.5782970190048218
Rangap1,0.971923291683197,0.8397677540779114,0.32038068771362305,3.2308324699447526e-07,5.6105451583862305,0.32038068771362305,1.1126515192402201e-07,5.882191181182861,0.32038068771362305,3.7664317775632944e-14,7.994150161743164
Zc3h7b,0.04416251927614212,0.05875832214951515,-0.422589510679245,0.024265899874104314,-2.7495667934417725,-0.422589510679245,0.2623926627322636,-1.6562567949295044,-0.422589510679245,0.04962911954062985,-2.3639142513275146
Tef,0.01956270821392536,0.030614564195275307,-0.65411776304245,0.9979940091511154,-0.3057350218296051,-0.65411776304245,0.4907655116947617,-1.1427443027496338,-0.65411776304245,0.1473857818447463,-1.8336223363876343
Tob2,0.2959592044353485,0.28618118166923523,0.055864639580249786,0.9979940091511154,0.23235149681568146,0.055864639580249786,0.8238223335575464,0.47406062483787537,0.055864639580249786,0.6564218982824608,0.6720308661460876
Phf5a,0.9963909387588501,1.1159733533859253,-0.2646881341934204,1.0197894632943903e-06,-5.390127182006836,-0.2646881341934204,4.05457706698278e-07,-5.639378070831299,-0.2646881341934204,3.6343922250936985e-13,-7.690293788909912
Aco2,0.5109151601791382,0.6129422187805176,-0.3431205749511719,5.643235078925473e-05,-4.536776542663574,-0.3431205749511719,3.201541263459514e-06,-5.223073482513428,-0.3431205749511719,5.060126073043278e-11,-6.988292217254639
Polr3h,0.08943866193294525,0.13660003244876862,-0.6456475853919983,4.1821778016372585e-07,-5.560405254364014,-0.6456475853919983,0.0001896655027222815,-4.298249244689941,-0.6456475853919983,2.4265483704003928e-08,-5.990504741668701
Csdc2,0.0,0.0,0.0,0.9979940091511154,0.11319231241941452,0.0,1.0,0.0,0.0,1.0,0.0
Pmm1,0.37357380986213684,0.6147640943527222,-0.906889796257019,3.1034169694511526e-22,-10.141532897949219,-0.906889796257019,3.8360494532565655e-24,-11.140035629272461,-0.906889796257019,3.4988212502023777e-50,-15.678799629211426
Xrcc6,0.15115980803966522,0.22515442967414856,-0.6298889517784119,2.8502464476113092e-08,-6.047729015350342,-0.6298889517784119,2.9539687960820604e-06,-5.24971342086792,-0.6298889517784119,4.136737970924841e-12,-7.351327896118164
Desi1,0.3434116542339325,0.3935685157775879,-0.2350732386112213,0.03429013754896995,-2.6108150482177734,-0.2350732386112213,0.027588524703271493,-2.7746360301971436,-0.2350732386112213,0.0006658309040744006,-3.8210232257843018
Snu13,1.3304284811019897,1.4098846912384033,-0.15369828045368195,0.0005178410284946715,-3.9768707752227783,-0.15369828045368195,0.004596503379812773,-3.4046804904937744,-0.15369828045368195,1.3234506266458384e-05,-4.773655891418457
Ccdc134,0.06886328011751175,0.08114619553089142,-0.24575959146022797,0.013644508612766495,-2.965620756149292,-0.24575959146022797,0.4131542616934997,-1.2904024124145508,-0.24575959146022797,0.16021537352752957,-1.7637474536895752
Srebf2,0.33740678429603577,0.37683504819869995,-0.18957461416721344,0.08316087613036906,-2.225907802581787,-0.18957461416721344,0.09909395665549853,-2.2174081802368164,-0.18957461416721344,0.009175205906425232,-3.0228519439697266
Shisa8,0.0,0.0005959133268333972,-19.1851749420166,0.9979940091511154,0.027607882395386696,-19.1851749420166,0.5196272646011879,-1.0,-19.1851749420166,0.16021537352752957,-1.759765386581421
Tnfrsf13c,0.07156748324632645,0.11388970911502838,-0.7012619972229004,5.712037793499543e-07,-5.501092910766602,-0.7012619972229004,0.00033909184836847315,-4.148134231567383,-0.7012619972229004,8.600792954168558e-08,-5.765872478485107
Cenpm,0.5639774203300476,0.4484020471572876,0.4212180972099304,4.787423527021731e-06,5.081364154815674,0.4212180972099304,9.793893657810948e-08,5.893086910247803,0.4212180972099304,4.1850871549920853e-13,7.6757049560546875
Naga,0.05458007752895355,0.049702826887369156,0.13859525322914124,0.5052743474303042,-1.1659431457519531,0.13859525322914124,0.7482940543081674,0.6024027466773987,0.13859525322914124,0.5698611398442972,0.8129156827926636
Pheta2,0.010005722753703594,0.008009872399270535,0.3224160671234131,0.9979940091511154,-0.22816577553749084,0.3224160671234131,0.713218712129287,0.6614807844161987,0.3224160671234131,0.5554544610531943,0.836946964263916
Smdt1,1.5206462144851685,1.557749629020691,-0.06815274059772491,0.3577578554575619,-1.413968801498413,-0.06815274059772491,0.16751251412581117,-1.9356331825256348,-0.06815274059772491,0.026341166248828443,-2.6326358318328857
Ndufa6,0.9010359644889832,0.922932505607605,-0.05280337482690811,0.9979940091511154,0.4120698869228363,-0.05280337482690811,0.5196272646011879,-1.0567293167114258,-0.05280337482690811,0.27499954417235484,-1.4262189865112305
Cyp2d22,0.0,0.00405679177492857,-21.954835891723633,0.9979940091511154,0.027607882395386696,-21.954835891723633,0.5196272646011879,-1.0,-21.954835891723633,0.16021537352752957,-1.759765386581421
Cyp2d26,0.0,0.0,0.0,0.9979940091511154,0.11319231241941452,0.0,1.0,0.0,0.0,1.0,0.0
Tcf20,0.19126488268375397,0.20146673917770386,-0.08256938308477402,0.09011786947290647,-2.1869003772735596,-0.08256938308477402,0.7210820378773588,-0.6500877737998962,-0.08256938308477402,0.5227590538903675,-0.8920416831970215
Nfam1,0.0,0.0093552116304636,-23.164093017578125,0.9979940091511154,-0.22914542257785797,-23.164093017578125,0.24388282942962106,-1.7098388671875,-23.164093017578125,0.00965981365107239,-3.008915424346924
Serhl,0.20379990339279175,0.1812116801738739,0.18629388511180878,0.9979940091511154,-0.33539122343063354,0.18629388511180878,0.2642434144525754,1.6508318185806274,0.18629388511180878,0.08023625712361007,2.145683526992798
Rrp7a,0.20605948567390442,0.307447224855423,-0.6535395979881287,6.586658299170276e-10,-6.667837619781494,-0.6535395979881287,1.0501611642974153e-09,-6.708239555358887,-0.6535395979881287,7.334759430513431e-19,-9.321930885314941
Poldip3,0.4259396493434906,0.40842077136039734,0.07410622388124466,0.524621984951569,1.1374447345733643,0.07410622388124466,0.5410959395129229,0.9607755541801453,0.07410622388124466,0.33663991877303007,1.2778863906860352
Cyb5r3,0.1978219598531723,0.20172284543514252,-0.03107956051826477,0.16082517281504613,-1.894524097442627,-0.03107956051826477,0.9378582314450529,-0.27237316966056824,-0.03107956051826477,0.8557239561895537,-0.36246946454048157
A4galt,0.0,0.0,0.0,0.9979940091511154,0.11319231241941452,0.0,1.0,0.0,0.0,1.0,0.0
Arfgap3,0.039654627442359924,0.04547712951898575,-0.20188158750534058,0.16166556795271889,-1.8913179636001587,-0.20188158750534058,0.6070799204948487,-0.8427927494049072,-0.20188158750534058,0.4134931502311732,-1.1253060102462769
Pacsin2,0.25209277868270874,0.26880306005477905,-0.10517121106386185,0.07843674856373986,-2.252624988555908,-0.10517121106386185,0.5196272646011879,-1.0823826789855957,-0.10517121106386185,0.27253552291864913,-1.432807445526123
Ttll1,0.030328335240483284,0.03509483486413956,-0.21404922008514404,0.20530904832557179,-1.7588001489639282,-0.21404922008514404,0.6109728216010408,-0.8353703618049622,-0.21404922008514404,0.4188149968983779,-1.1159358024597168
Bik,0.02288551814854145,0.01900901086628437,0.2705574631690979,0.9979940091511154,-0.19414575397968292,0.2705574631690979,0.713218712129287,0.6616509556770325,0.2705574631690979,0.5167058308902435,0.9025371670722961
Mcat,0.0878591537475586,0.10598636418581009,-0.2839013934135437,0.007206796671003037,-3.1872854232788086,-0.2839013934135437,0.20123605497047609,-1.828726053237915,-0.2839013934135437,0.0369603358499962,-2.4949800968170166
Tspo,1.7972261905670166,1.6035016775131226,0.3421002924442291,2.1879559849087967e-19,9.458104133605957,0.3421002924442291,2.3870653513281673e-17,9.237460136413574,0.3421002924442291,6.004397013759127e-34,12.731258392333984
Ttll12,0.2042401283979416,0.2523256838321686,-0.3410257399082184,0.0002798023271478495,-4.141716480255127,-0.3410257399082184,0.007467747847136373,-3.24430775642395,-0.3410257399082184,6.68376120652475e-05,-4.403352737426758
Efcab6,0.002957638818770647,0.0006493120454251766,2.1891257762908936,0.9979940091511154,0.13803941011428833,2.1891257762908936,0.3713820338631542,1.377424955368042,2.1891257762908936,0.26407484256301966,1.4532629251480103
Sult4a1,0.0011290139518678188,0.004433884751051664,-1.975892186164856,0.9979940091511154,-0.06091545522212982,-1.975892186164856,0.5196272646011879,-1.0254408121109009,-1.975892186164856,0.16894690445717245,-1.7286862134933472
Pnpla3,0.0,0.0,0.0,0.9979940091511154,0.11319231241941452,0.0,1.0,0.0,0.0,1.0,0.0
Samm50,0.4816194474697113,0.5765607357025146,-0.3340755105018616,0.0002496116042622622,-4.171639919281006,-0.3340755105018616,1.2433394014879844e-05,-4.931727409362793,-0.3340755105018616,5.36237648333608e-10,-6.62475061416626
Parvb,0.001072344253771007,0.0010900230845436454,-0.023603301495313644,0.9984208920935209,-0.0025826727505773306,-0.023603301495313644,1.0,-0.015481825917959213,-0.023603301495313644,1.0,-0.018680734559893608
Parvg,0.15537656843662262,0.21041201055049896,-0.478357195854187,4.560717112705263e-06,-5.091071605682373,-0.478357195854187,0.0003438800302382599,-4.142885684967041,-0.478357195854187,1.358231410453365e-07,-5.682361602783203
Rtl6,0.0024672080762684345,0.00711422273889184,-1.5311812162399292,0.993993579790308,-0.517514169216156,-1.5311812162399292,0.169582378352586,-1.9309890270233154,-1.5311812162399292,0.009943522398762472,-2.995220184326172
Prr5,0.1070784330368042,0.19764089584350586,-0.9511986970901489,1.1182891807167401e-10,-6.938305854797363,-0.9511986970901489,8.37578594621627e-09,-6.37506628036499,-0.9511986970901489,8.98540929533369e-19,-9.297574043273926
Arhgap8,0.0002825298870448023,0.0,18.108253479003906,0.9979940091511154,0.14071114361286163,18.108253479003906,0.5196272646011879,1.0,18.108253479003906,0.46147875269036936,1.0
Phf21b,0.007842510007321835,0.011609579436480999,-0.5686501264572144,0.8830687781395046,-0.6579581499099731,-0.5686501264572144,0.5196272646011879,-1.0277236700057983,-0.5686501264572144,0.27619003794764063,-1.423434853553772
Gm29666,0.006852480582892895,0.009356392547488213,-0.45113444328308105,0.8403632902903106,-0.7113927602767944,-0.45113444328308105,0.6479578681743501,-0.7734654545783997,-0.45113444328308105,0.46147875269036936,-1.0159026384353638
Nup50,0.5438691973686218,0.5469491481781006,-0.010569427162408829,0.9979940091511154,0.1798965185880661,-0.010569427162408829,0.9995136312820194,-0.15291951596736908,-0.010569427162408829,0.9532628102641771,-0.20525313913822174
5031439G07Rik,0.018411990255117416,0.02738332748413086,-0.5791482925415039,0.5404125313260298,-1.1137553453445435,-0.5791482925415039,0.4030619213724971,-1.3123997449874878,-0.5791482925415039,0.10324818931816254,-2.0209264755249023
Fam118a,0.05682758241891861,0.07083822786808014,-0.32815080881118774,0.012799594630983699,-2.9888648986816406,-0.32815080881118774,0.34715005500215995,-1.4548039436340332,-0.32815080881118774,0.09692508741612639,-2.0524890422821045
Fbln1,0.0015703862300142646,0.0,20.58382225036621,0.9979940091511154,0.22326761484146118,20.58382225036621,0.1792697748754339,1.894466757774353,20.58382225036621,0.13173169453274783,1.894466757774353
Atxn10,0.34026482701301575,0.4158966541290283,-0.34755346179008484,0.0010609034061663956,-3.7796971797943115,-0.34755346179008484,0.0003718709663129397,-4.12169885635376,-0.34755346179008484,1.6547714411440918e-07,-5.646258354187012
Cdpf1,0.21278204023838043,0.24379858374595642,-0.21953746676445007,0.024808722526346944,-2.7408392429351807,-0.21953746676445007,0.10359090532773531,-2.1934540271759033,-0.21953746676445007,0.011095098579958575,-2.956963539123535
Ttc38,0.040298689156770706,0.028340887278318405,0.516523003578186,0.9979940091511154,-0.41901639103889465,0.516523003578186,0.1929385321739456,1.850544810295105,0.516523003578186,0.0561749030831174,2.3092923164367676
Gtse1,0.20703569054603577,0.14162471890449524,0.5963607430458069,0.04458682763300006,2.50109601020813,0.5963607430458069,8.039220801935667e-06,5.019404888153076,0.5963607430458069,1.8836214946653036e-09,6.426878929138184
Trmu,0.048911385238170624,0.05583805590867996,-0.19611844420433044,0.0799479415124852,-2.2439863681793213,-0.19611844420433044,0.5846587135051243,-0.8811995983123779,-0.19611844420433044,0.36884130228792084,-1.2096376419067383
Celsr1,0.06404344737529755,0.07591518759727478,-0.25400111079216003,0.049788462868056035,-2.455498456954956,-0.25400111079216003,0.46164299919070495,-1.1971676349639893,-0.25400111079216003,0.17915014695012718,-1.6909910440444946
Gramd4,0.12225556373596191,0.16539877653121948,-0.46791547536849976,1.957015553635336e-05,-4.778300762176514,-0.46791547536849976,0.00990952683337016,-3.1494452953338623,-0.46791547536849976,5.636695630582261e-05,-4.44289493560791
Cerk,0.04326365143060684,0.059148285537958145,-0.4627373218536377,0.046392427887985664,-2.485243797302246,-0.4627373218536377,0.2341981606065726,-1.7373011112213135,-0.4627373218536377,0.03574918062093934,-2.508890390396118
Tbc1d22a,0.08169098198413849,0.10295834392309189,-0.34938931465148926,0.0013241799747616984,-3.7171785831451416,-0.34938931465148926,0.1084313444331688,-2.171506643295288,-0.34938931465148926,0.010790904803406273,-2.9661741256713867
Brd1,0.4807608425617218,0.5441359281539917,-0.22825051844120026,0.03047005137355491,-2.6590843200683594,-0.22825051844120026,0.010190486276839415,-3.1372408866882324,-0.22825051844120026,0.00013801858239851053,-4.228055953979492
Zbed4,0.11308560520410538,0.1717257797718048,-0.6459949016571045,3.5947828189068516e-07,-5.590328693389893,-0.6459949016571045,6.547933077845758e-05,-4.563889980316162,-0.6459949016571045,1.7167563569704536e-09,-6.436491012573242
Alg12,0.03853772208094597,0.05128622055053711,-0.42156529426574707,0.03983377282837138,-2.5481183528900146,-0.42156529426574707,0.2335682630147256,-1.7388784885406494,-0.42156529426574707,0.04328465820733567,-2.4230947494506836
Creld2,0.3667614758014679,0.5405453443527222,-0.6943769454956055,2.6813048700106267e-14,-8.07984733581543,-0.6943769454956055,2.6694694345729983e-15,-8.623379707336426,-0.6943769454956055,2.6068674635709694e-30,-11.987039566040039
Pim3,0.11480097472667694,0.14004777371883392,-0.3053825795650482,0.0018544055842815304,-3.61761212348938,-0.3053825795650482,0.1523515908018456,-1.991355061531067,-0.3053825795650482,0.019269034722560596,-2.753753185272217
Ttll8,0.005328620783984661,0.009746230207383633,-0.8742724657058716,0.8603448125185816,-0.6854769587516785,-0.8742724657058716,0.35420682624114463,-1.4396499395370483,-0.8742724657058716,0.09127377831390929,-2.0830132961273193
Trabd,0.41934314370155334,0.44547930359840393,-0.10743502527475357,0.407157998537844,-1.3239314556121826,-0.10743502527475357,0.35807946141209557,-1.4305365085601807,-0.10743502527475357,0.1293997676615611,-1.9032334089279175
Selenoo,0.07380484789609909,0.07240244001150131,0.028701236471533775,0.3531125289587593,-1.4231417179107666,0.028701236471533775,1.0,0.15004584193229675,0.028701236471533775,0.9544531500653757,0.20315685868263245
Tubgcp6,0.06036946550011635,0.0582587905228138,0.05288068577647209,0.2096613023225115,-1.7474007606506348,0.05288068577647209,0.9365910201012622,0.2744233012199402,0.05288068577647209,0.8573273390537257,0.35933008790016174
Hdac10,0.03730311244726181,0.04310651123523712,-0.21282389760017395,0.40125667162675904,-1.3342622518539429,-0.21282389760017395,0.6615239247400654,-0.7508520483970642,-0.21282389760017395,0.4409075090234425,-1.075214147567749
Mapk12,0.0004609566240105778,0.0,18.814607620239258,0.9979940091511154,0.14071114361286163,18.814607620239258,0.5196272646011879,1.0,18.814607620239258,0.46147875269036936,1.0
Mapk11,0.014191797934472561,0.008935860358178616,0.6711776852607727,0.9979940091511154,0.032951343804597855,0.6711776852607727,0.2909275143233253,1.5847382545471191,0.6711776852607727,0.11346254257984473,1.9711254835128784
Plxnb2,0.004590110387653112,0.009221202693879604,-1.0097702741622925,0.9261545352874847,-0.6032767295837402,-1.0097702741622925,0.35795669799119595,-1.4314277172088623,-1.0097702741622925,0.0899306292066714,-2.0905325412750244
Dennd6b,0.014644543640315533,0.015485597774386406,-0.08117207139730453,0.9979940091511154,-0.2791958451271057,-0.08117207139730453,0.9963139081885786,-0.1600980907678604,-0.08117207139730453,0.9361695490021252,-0.23522372543811798
Ppp6r2,0.07862051576375961,0.055777646601200104,0.5118809342384338,0.9979940091511154,-0.2147180736064911,0.5118809342384338,0.04953985165346998,2.537257432937622,0.5118809342384338,0.004640323504327471,3.2505714893341064
Sbf1,0.24729765951633453,0.25998765230178833,-0.08173508942127228,0.3152649900531184,-1.498395562171936,-0.08173508942127228,0.6452161599500275,-0.7781758308410645,-0.08173508942127228,0.4454013571346158,-1.067586064338684
Lmf2,0.26742687821388245,0.19505828619003296,0.5094519257545471,0.01797152646605457,2.8654308319091797,0.5094519257545471,9.37195096934205e-06,4.986021518707275,0.5094519257545471,2.6458608584631968e-09,6.37138557434082
Ncaph2,0.6505729556083679,0.5316677689552307,0.38535869121551514,1.909584861239722e-07,5.7081522941589355,0.38535869121551514,5.273127481753868e-08,6.008330345153809,0.38535869121551514,5.56179184523747e-14,7.946515083312988
Sco2,0.08253249526023865,0.11570702493190765,-0.5117680430412292,0.00041616971645524456,-4.0360941886901855,-0.5117680430412292,0.021399879263788776,-2.8727142810821533,-0.5117680430412292,0.00019279421789020643,-4.144525051116943
Tymp,0.0,0.0006551474216394126,-19.321935653686523,0.9979940091511154,0.027607882395386696,-19.321935653686523,0.5196272646011879,-1.0,-19.321935653686523,0.16021537352752957,-1.759765386581421
Odf3b,0.00029655080288648605,0.0021684616804122925,-2.8716671466827393,0.9979940091511154,-0.11595310270786285,-2.8716671466827393,0.3577893938099482,-1.4331451654434204,-2.8716671466827393,0.04627171306431815,-2.3958449363708496
Syce3,0.0012269688304513693,0.0,20.227554321289062,0.9979940091511154,0.19574879109859467,20.227554321289062,0.23877190041522656,1.721481204032898,20.227554321289062,0.17074852663879952,1.721481204032898
Cpt1b,0.00026393975713290274,0.0009488736395724118,-1.8464974164962769,0.9979940091511154,-0.0302796121686697,-1.8464974164962769,0.5465330523131717,-0.9513041377067566,-1.8464974164962769,0.25355135601366724,-1.4786596298217773
Gm44502,0.0004579598316922784,0.0,18.805194854736328,0.9979940091511154,0.14071114361286163,18.805194854736328,0.5196272646011879,1.0,18.805194854736328,0.46147875269036936,1.0
Chkb,0.16202408075332642,0.12762300670146942,0.36973369121551514,0.9979940091511154,0.23992139101028442,0.36973369121551514,0.028703746717424605,2.7583770751953125,0.36973369121551514,0.0015562646318648809,3.5857579708099365
Mapk8ip2,0.001617450499907136,0.0,20.62645721435547,0.9979940091511154,0.22326761484146118,20.62645721435547,0.17495628287311699,1.9096351861953735,20.62645721435547,0.12819364799195387,1.9096351861953735
Arsa,0.018871646374464035,0.018810974434018135,0.004689444322139025,0.9979940091511154,-0.45829084515571594,0.004689444322139025,1.0,0.011972877196967602,0.004689444322139025,1.0,0.0167099516838789
Rabl2,0.006522307638078928,0.011594637297093868,-0.8336676359176636,0.6920371439511027,-0.9023324251174927,-0.8336676359176636,0.25494757005305424,-1.6763290166854858,-0.8336676359176636,0.04450137312137091,-2.4114749431610107
Alg10b,0.09164636582136154,0.12870287895202637,-0.5171162486076355,1.371951947310102e-05,-4.85774040222168,-0.5171162486076355,0.003758739373181201,-3.469053030014038,-0.5171162486076355,1.2926797747236523e-05,-4.779708385467529
Abcd2,0.0,0.003958520013839006,-21.91938591003418,0.9979940091511154,-0.143560990691185,-21.91938591003418,0.2762022682813405,-1.6229300498962402,-21.91938591003418,0.014786546814814788,-2.855976104736328
Lrrk2,0.0022892579436302185,0.004760920535773039,-1.058144211769104,0.9979940091511154,-0.1480138748884201,-1.058144211769104,0.5919595561230725,-0.8688847422599792,-1.058144211769104,0.29036827433323775,-1.38005793094635
Cntn1,0.0,0.0,0.0,0.9979940091511154,0.11319231241941452,0.0,1.0,0.0,0.0,1.0,0.0
Gxylt1,0.16378363966941833,0.168736532330513,-0.046652741730213165,0.031888257754610475,-2.6406493186950684,-0.046652741730213165,0.8908089688638671,-0.35754913091659546,-0.046652741730213165,0.7871868802560971,-0.46963056921958923
Yaf2,0.3563166856765747,0.3013666868209839,0.2834465801715851,0.20607388971069723,1.7565736770629883,0.2834465801715851,0.006759869231711015,3.2733864784240723,0.2834465801715851,0.0001630654733099999,4.187741756439209
Zcrb1,0.7831956148147583,0.7952466607093811,-0.03185458108782768,0.9979940091511154,-0.4974762201309204,-0.03185458108782768,0.7638776092475463,-0.5767623782157898,-0.03185458108782768,0.5981541180131736,-0.7659880518913269
Pphln1,0.13150891661643982,0.16117270290851593,-0.3153664767742157,0.0001433136846010061,-4.3111042976379395,-0.3153664767742157,0.055242967409631936,-2.490232229232788,-0.3153664767742157,0.003712830106943192,-3.322511672973633
Prickle1,0.008652822114527225,0.0036982952151447535,1.2298877239227295,0.9979940091511154,0.2431274801492691,1.2298877239227295,0.1377179596905529,2.044616460800171,1.2298877239227295,0.04328465820733567,2.4238853454589844
Adamts20,0.0005968368495814502,0.0004954008618369699,0.26881280541419983,0.9979940091511154,0.05521576479077339,0.26881280541419983,1.0,0.13077504932880402,0.26881280541419983,0.9847229232740794,0.1537146419286728
Pus7l,0.03456820920109749,0.062368400394916534,-0.8715846538543701,0.0013861083715411416,-3.703730821609497,-0.8715846538543701,0.0024317441024117423,-3.607203960418701,-0.8715846538543701,9.111172902222076e-07,-5.322337627410889
Irak4,0.1148327961564064,0.1188577190041542,-0.05266067758202553,0.11394490742561911,-2.072995662689209,-0.05266067758202553,0.8875310617365383,-0.36291778087615967,-0.05266067758202553,0.7762565122960464,-0.48675182461738586
Twf1,0.23010839521884918,0.2550187408924103,-0.16698452830314636,0.034513741157543874,-2.6079652309417725,-0.16698452830314636,0.3068942781607457,-1.547241449356079,-0.16698452830314636,0.08966053015167977,-2.091953992843628
Ano6,0.11875112354755402,0.13067331910133362,-0.14680218696594238,0.025933622474565887,-2.723116636276245,-0.14680218696594238,0.5809726963754062,-0.8874572515487671,-0.14680218696594238,0.3527056696055819,-1.2436232566833496
Arid2,0.17030498385429382,0.15776999294757843,0.11958688497543335,0.19114665974933337,-1.7983417510986328,0.11958688497543335,0.5196272646011879,1.0309337377548218,0.11958688497543335,0.3268418157067623,1.298638939857483
Scaf11,0.7970568537712097,0.820770800113678,-0.06168431416153908,0.7251056446056164,-0.8584269881248474,-0.06168431416153908,0.5196272646011879,-1.0295226573944092,-0.06168431416153908,0.2832564148479021,-1.4002556800842285
Slc38a1,0.7695118188858032,0.8188987970352173,-0.13003377616405487,0.398664011264444,-1.3385369777679443,-0.13003377616405487,0.10885071190112579,-2.1688685417175293,-0.13003377616405487,0.013961424390190578,-2.8742406368255615
Slc38a2,0.8287926912307739,0.8387807607650757,-0.025476885959506035,0.9979940091511154,-0.10090235620737076,-0.025476885959506035,0.8813191364621877,-0.37472108006477356,-0.025476885959506035,0.7638309006256842,-0.5051915645599365
Amigo2,0.0019366969354450703,0.0,20.886564254760742,0.9979940091511154,0.19574879109859467,20.886564254760742,0.2378899508140716,1.7251536846160889,20.886564254760742,0.1698662989919824,1.7251536846160889
Pced1b,0.1434176117181778,0.13573729991912842,0.08507390320301056,0.5100249168162236,-1.1591747999191284,0.08507390320301056,0.7604545904905554,0.5828009843826294,0.08507390320301056,0.579027779540823,0.7967410683631897
Rpap3,0.11941501498222351,0.1600392907857895,-0.4524283707141876,0.0001550264712689153,-4.290620803833008,-0.4524283707141876,0.006520831727386472,-3.2901947498321533,-0.4524283707141876,2.82566610692782e-05,-4.602835655212402
Endou,0.0024319167714565992,0.005223423708230257,-1.1049164533615112,0.9979940091511154,-0.3474140167236328,-1.1049164533615112,0.39237828341511316,-1.3355293273925781,-1.1049164533615112,0.1042852566646807,-2.015367269515991
Rapgef3,0.0,0.0,0.0,0.9979940091511154,0.11319231241941452,0.0,1.0,0.0,0.0,1.0,0.0
Slc48a1,0.13503782451152802,0.1732933223247528,-0.3881569504737854,8.766446609686772e-05,-4.430975914001465,-0.3881569504737854,0.01687931756883654,-2.958446979522705,-0.3881569504737854,0.00025990167163039636,-4.067955493927002
Hdac7,0.46461349725723267,0.41352489590644836,0.20759770274162292,0.034495819117135666,2.608232259750366,0.20759770274162292,0.0530425226486155,2.5092127323150635,0.20759770274162292,0.00283711044042276,3.4058749675750732
Vdr,0.0,0.0,0.0,0.9979940091511154,0.11319231241941452,0.0,1.0,0.0,0.0,1.0,0.0
Tmem106c,0.06133752688765526,0.07242494076490402,-0.24780365824699402,0.010199186245160934,-3.0699963569641113,-0.24780365824699402,0.3965078960917972,-1.3253793716430664,-0.24780365824699402,0.16195535931915134,-1.752915859222412
Col2a1,0.0,0.0,0.0,0.9979940091511154,0.11319231241941452,0.0,1.0,0.0,0.0,1.0,0.0
Senp1,0.2278168946504593,0.2478417605161667,-0.13656146824359894,0.04137652250699701,-2.5325334072113037,-0.13656146824359894,0.384382583346297,-1.3519632816314697,-0.13656146824359894,0.15998030593726406,-1.7887681722640991
Pfkm,0.013130607083439827,0.015535361133515835,-0.2443607896566391,0.6040438089261034,-1.0191761255264282,-0.2443607896566391,0.7348673873983497,-0.6267458200454712,-0.2443607896566391,0.5577493115679194,-0.8326741456985474
Asb8,0.12192490696907043,0.13560882210731506,-0.16354089975357056,0.031954956500833964,-2.639491558074951,-0.16354089975357056,0.5034545820105915,-1.1187751293182373,-0.16354089975357056,0.23292904476202048,-1.5337200164794922
Ccdc184,0.00038368874811567366,0.0,18.54985809326172,0.9979940091511154,0.14071114361286163,18.54985809326172,0.5196272646011879,1.0,18.54985809326172,0.46147875269036936,1.0
Olfr286,0.0,0.0006167445098981261,-19.234760284423828,0.9979940091511154,0.027607882395386696,-19.234760284423828,0.5196272646011879,-1.0,-19.234760284423828,0.16021537352752957,-1.759765386581421
Lalba,0.0,0.0006901472224853933,-19.397045135498047,0.9979940091511154,0.027607882395386696,-19.397045135498047,0.5196272646011879,-1.0,-19.397045135498047,0.16021537352752957,-1.759765386581421
Olfr279,0.0,0.0,0.0,0.9979940091511154,0.11319231241941452,0.0,1.0,0.0,0.0,1.0,0.0
Kansl2,0.14956340193748474,0.17436300218105316,-0.23970821499824524,0.0015972415622308358,-3.6618738174438477,-0.23970821499824524,0.17303088060453342,-1.9170230627059937,-0.23970821499824524,0.029332242687496547,-2.5895156860351562
Ccnt1,0.38339459896087646,0.3828737437725067,0.002360795857384801,0.8396923803299885,-0.7121942639350891,0.002360795857384801,1.0,0.027171246707439423,0.002360795857384801,1.0,0.03623807802796364
4930415O20Rik,0.0009016955154947937,0.0,19.78293228149414,0.9979940091511154,0.19574879109859467,19.78293228149414,0.24381522657945667,1.7066962718963623,19.78293228149414,0.17501767948268362,1.7066962718963623
Adcy6,0.000314046919811517,0.0014888112200424075,-2.245952606201172,0.9979940091511154,-0.0302796121686697,-2.245952606201172,0.5196272646011879,-1.0684337615966797,-2.245952606201172,0.16637950736192034,-1.7374560832977295
Cacnb3,0.01063172984868288,0.01895652711391449,-0.8403381109237671,0.34245761741962927,-1.4434468746185303,-0.8403381109237671,0.1264060572412164,-2.090961217880249,-0.8403381109237671,0.010290999210380535,-2.9828221797943115
Ddx23,0.24636386334896088,0.27569517493247986,-0.18436089158058167,0.06550803251898789,-2.3342018127441406,-0.18436089158058167,0.23348656744730786,-1.7391374111175537,-0.18436089158058167,0.045305089489247226,-2.4036221504211426
Rnd1,0.0015525294002145529,0.001691737910732627,-0.12398577481508255,0.9979940091511154,0.10784885287284851,-0.12398577481508255,1.0,-0.11604613810777664,-0.12398577481508255,0.9834971939521837,-0.15603932738304138
Fkbp11,0.009630231186747551,0.021518226712942123,-1.1685144901275635,0.3319643038751744,-1.4654442071914673,-1.1685144901275635,0.05650661618726146,-2.4839155673980713,-1.1685144901275635,0.0006746637246103167,-3.8180301189422607
Arf3,0.2946164309978485,0.24844636023044586,0.28071358799934387,0.2806279874627339,1.570710301399231,0.28071358799934387,0.01814487284227548,2.9303295612335205,0.28071358799934387,0.0006685762592547287,3.820610523223877
Wnt10b,0.0038665449246764183,0.002372609917074442,0.705647885799408,0.9979940091511154,0.13358652591705322,0.705647885799408,0.640941478425999,0.7846364378929138,0.705647885799408,0.46653437620734944,0.9909107685089111
Ddn,0.00023122367565520108,0.0,17.819103240966797,0.9979940091511154,0.14071114361286163,17.819103240966797,0.5196272646011879,1.0,17.819103240966797,0.46147875269036936,1.0
Prkag1,0.6128759384155273,0.5610398650169373,0.16852059960365295,0.02276865589352624,2.774592161178589,0.16852059960365295,0.03263159644332943,2.708341360092163,0.16852059960365295,0.0018098196872194494,3.5412275791168213
Kmt2d,0.2021378129720688,0.2072979360818863,-0.04021565243601799,0.27733570331311047,-1.5781021118164062,-0.04021565243601799,0.8964906792149245,-0.34698423743247986,-0.04021565243601799,0.7861358371670513,-0.4711996018886566
Rhebl1,0.043017469346523285,0.06171505153179169,-0.5343049764633179,0.012785585500193708,-2.989488363265991,-0.5343049764633179,0.07645443772414909,-2.3433423042297363,-0.5343049764633179,0.003327444690945798,-3.35642671585083
Dhh,0.0004106165433768183,0.0,18.64773178100586,0.9979940091511154,0.14071114361286163,18.64773178100586,0.5196272646011879,1.0,18.64773178100586,0.46147875269036936,1.0
Lmbr1l,0.14062055945396423,0.14037050306797028,0.002752480562776327,0.4635293524552285,-1.229263186454773,0.002752480562776327,1.0,0.018993644043803215,0.002752480562776327,1.0,0.026444334536790848
Tuba1b,2.33742618560791,2.0280253887176514,0.5034066438674927,2.1466831648296247e-18,9.20687198638916,0.5034066438674927,5.284740623875196e-15,8.654078483581543,0.5034066438674927,1.999068648870494e-38,13.647838592529297
Tuba1a,1.1897387504577637,1.1723072528839111,0.03628728911280632,0.46724658405334346,1.2236526012420654,0.03628728911280632,0.6795229604909295,0.7207745313644409,0.03628728911280632,0.47818970306912034,0.9700973629951477
Tuba1c,1.285606861114502,0.8920952677726746,0.8615315556526184,9.951229533301388e-34,12.53620433807373,0.8615315556526184,8.827450583393157e-34,13.495823860168457,0.8615315556526184,1.3966725962967843e-70,18.87405776977539
Prph,0.003032974200323224,0.0025949208065867424,0.22535879909992218,0.9984208920935209,-0.006323095411062241,0.22535879909992218,0.9481674205569537,0.25431543588638306,0.22535879909992218,0.8799641960513224,0.32512715458869934
Troap,0.21576127409934998,0.11980196833610535,0.919938862323761,0.0028828737936084357,3.482689619064331,0.919938862323761,3.3400952755837742e-12,7.539191722869873,0.919938862323761,5.285408582347568e-18,9.119444847106934
C1ql4,0.0,0.0008729302790015936,-19.73613739013672,0.9979940091511154,0.027607882395386696,-19.73613739013672,0.5196272646011879,-1.0,-19.73613739013672,0.16021537352752957,-1.759765386581421
Dnajc22,0.0006613190053030849,0.0012642877409234643,-0.9353405833244324,0.9984208920935209,-0.0025826727505773306,-0.9353405833244324,0.7529952339090056,-0.5953459143638611,-0.9353405833244324,0.5376085913146539,-0.8661636710166931
Spats2,0.026203764602541924,0.027628181502223015,-0.07739850878715515,0.41596416873838943,-1.3091479539871216,-0.07739850878715515,0.9469398103606818,-0.25614452362060547,-0.07739850878715515,0.8718329382799261,-0.3378341794013977
Kcnh3,0.00028990444843657315,0.0,18.145431518554688,0.9979940091511154,0.14071114361286163,18.145431518554688,0.5196272646011879,1.0,18.145431518554688,0.46147875269036936,1.0
Mcrs1,0.38623836636543274,0.3209097683429718,0.3172193169593811,0.010049970359803507,3.074983596801758,0.3172193169593811,0.0004958398881326871,4.037765026092529,0.3172193169593811,1.8308868461821663e-06,5.1875200271606445
Fam186b,0.001967868534848094,0.0032868084963411093,-0.7410049438476562,0.9979940091511154,-0.23199526965618134,-0.7410049438476562,0.6081296532702914,-0.8404886722564697,-0.7410049438476562,0.3857960945702775,-1.177577257156372
Prpf40b,0.0003375190426595509,0.0005281660123728216,-0.6461585164070129,0.9979940091511154,0.05521576479077339,-0.6461585164070129,0.9195397167689632,-0.3041590750217438,-0.6461585164070129,0.8176844519555242,-0.422099769115448
Fmnl3,0.039256975054740906,0.030058756470680237,0.3918367326259613,0.8131884868979277,-0.7462143301963806,0.3918367326259613,0.3588081628257606,1.4285571575164795,0.3918367326259613,0.14516705168706218,1.8420244455337524
Tmbim6,1.3221179246902466,1.2686973810195923,0.1061333492398262,0.005207574870159776,3.2954013347625732,0.1061333492398262,0.038024877156360805,2.648038387298584,0.1061333492398262,0.00146172066966564,3.6028084754943848
Nckap5l,0.002138547832146287,0.014335979707539082,-2.7537472248077393,0.6805992222402018,-0.917026937007904,-2.7537472248077393,0.04035234413176439,-2.631004571914673,-2.7537472248077393,5.472940252681459e-05,-4.457197189331055
Bcdin3d,0.07642995566129684,0.08442965149879456,-0.14945945143699646,0.04765224209455115,-2.473844289779663,-0.14945945143699646,0.6305114760005954,-0.8039165139198303,-0.14945945143699646,0.42619377022701627,-1.1021857261657715
Faim2,0.00029969486058689654,0.0,18.193355560302734,0.9979940091511154,0.14071114361286163,18.193355560302734,0.5196272646011879,1.0,18.193355560302734,0.46147875269036936,1.0
Racgap1,1.305627703666687,1.033083200454712,0.5718458890914917,1.3989183603292257e-24,10.675166130065918,0.5718458890914917,4.0153028797166213e-22,10.653742790222168,0.5718458890914917,1.6808331566585362e-48,15.393061637878418
Smarcd1,0.2423889935016632,0.22679856419563293,0.10759808868169785,0.9956132987196715,-0.5135956406593323,0.10759808868169785,0.5196272646011879,1.0677317380905151,0.10759808868169785,0.28715086191979555,1.3886725902557373
Gm17349,0.0006695637130178511,0.0,19.353347778320312,0.9979940091511154,0.16822996735572815,19.353347778320312,0.3865735376910823,1.3469833135604858,19.353347778320312,0.3046889510542924,1.3469833135604858
Gpd1,0.0006914987461641431,0.0005533293588086963,0.32168737053871155,0.9979940091511154,0.08282364159822464,0.32168737053871155,0.9840452314058593,0.18468324840068817,0.32168737053871155,0.9375673710911611,0.2327481508255005
Cox14,0.47645190358161926,0.5249683856964111,-0.17780572175979614,0.15296295554090114,-1.922666311264038,-0.17780572175979614,0.050080990948149884,-2.533393144607544,-0.17780572175979614,0.003062687482149969,-3.3824644088745117
Cers5,0.30308425426483154,0.29868119955062866,0.024447450414299965,0.9979940091511154,-0.49988076090812683,0.024447450414299965,0.939761324536634,0.2681170403957367,0.024447450414299965,0.8590375692276493,0.356777548789978
Lima1,0.0006730743334628642,0.008998542092740536,-3.7468619346618652,0.9979940091511154,-0.20162659883499146,-3.7468619346618652,0.270869885845854,-1.63628089427948,-3.7468619346618652,0.01591400040361682,-2.8280537128448486
Larp4,0.2734522819519043,0.38119152188301086,-0.5611764788627625,1.66763814466972e-08,-6.139814853668213,-0.5611764788627625,3.153789043752821e-08,-6.115238666534424,-0.5611764788627625,1.4693084957940694e-15,-8.40870475769043
Dip2b,0.13573701679706573,0.13790950179100037,-0.024510415270924568,0.1393653906991367,-1.9704903364181519,-0.024510415270924568,0.988002115744917,-0.17735564708709717,-0.024510415270924568,0.9331901953571681,-0.23931123316287994
Atf1,0.6107223629951477,0.5647148489952087,0.1494138389825821,0.11005661150905993,2.0894713401794434,0.1494138389825821,0.08484567413653817,2.290179491043091,0.1494138389825821,0.008277327509699216,3.05915904045105
Mettl7a1,0.051183003932237625,0.052665237337350845,-0.04226476326584816,0.33677172843232794,-1.4553806781768799,-0.04226476326584816,0.9842229366068657,-0.18415848910808563,-0.04226476326584816,0.9273696055589109,-0.24864831566810608
Mettl7a3,0.0,0.0,0.0,0.9979940091511154,0.11319231241941452,0.0,1.0,0.0,0.0,1.0,0.0
Mettl7a2,0.001079524401575327,0.0,20.042743682861328,0.9979940091511154,0.19574879109859467,20.042743682861328,0.24135562589399398,1.7138646841049194,20.042743682861328,0.17300244095365322,1.7138646841049194
Slc11a2,0.0900081917643547,0.08430249243974686,0.09865646809339523,0.37082002719231705,-1.3901903629302979,0.09865646809339523,0.7605909564318228,0.5822992324829102,0.09865646809339523,0.5973890885384728,0.7677438259124756
Gm5475,0.00025294936494901776,0.0005551143549382687,-1.1341513395309448,0.9979940091511154,0.05521576479077339,-1.1341513395309448,0.8115079340023363,-0.49532896280288696,-1.1341513395309448,0.6089139978717206,-0.747304379940033
Letmd1,0.07495668530464172,0.10317874699831009,-0.48167672753334045,0.0002191135027827948,-4.205036640167236,-0.48167672753334045,0.029802801725952958,-2.745107412338257,-0.48167672753334045,0.0006870495812307248,-3.8123276233673096
Csrnp2,0.005056309048086405,0.005538890138268471,-0.1318606436252594,0.9979940091511154,-0.2059013545513153,-0.1318606436252594,0.978590091303208,-0.19375184178352356,-0.1318606436252594,0.9194159596842112,-0.26027974486351013
Tfcp2,0.009616551920771599,0.010788710787892342,-0.16677787899971008,0.9979940091511154,-0.31419551372528076,-0.16677787899971008,0.9183354685137529,-0.30719679594039917,-0.16677787899971008,0.8077656710539265,-0.43853074312210083
Pou6f1,0.025156987830996513,0.023937206715345383,0.07258778810501099,0.9979940091511154,-0.42578476667404175,0.07258778810501099,0.9870704832823667,0.17963610589504242,0.07258778810501099,0.9227207997103204,0.25509339570999146
Dazap2,1.05633544921875,1.0163872241973877,0.08932489901781082,0.0421618905412549,2.524874448776245,0.08932489901781082,0.17249102837688512,1.9193006753921509,0.08932489901781082,0.028184407792979704,2.605206251144409
Smagp,0.0012630653800442815,0.00522251520305872,-2.0506722927093506,0.9979940091511154,-0.4871455132961273,-2.0506722927093506,0.19452612382739035,-1.8484759330749512,-2.0506722927093506,0.013616647535829723,-2.8840813636779785
Bin2,1.2473304271697998,1.146615743637085,0.20827023684978485,6.725660065849522e-07,5.469655513763428,0.20827023684978485,2.75975105891231e-05,4.7548418045043945,0.20827023684978485,2.963444084122638e-09,6.349797248840332
Cela1,0.016978148370981216,0.016294116154313087,0.059822749346494675,0.5875884044985026,-1.0425982475280762,0.059822749346494675,0.9990059247517328,0.1538172960281372,0.059822749346494675,0.9626486596747845,0.18921314179897308
Galnt6,0.13649925589561462,0.17391420900821686,-0.37716975808143616,0.002183484085946768,-3.5685412883758545,-0.37716975808143616,0.04209872329297124,-2.6074798107147217,-0.37716975808143616,0.0009699991837409056,-3.7172343730926514
Slc4a8,0.04803052917122841,0.06492820382118225,-0.447197288274765,0.0038657195254518835,-3.3916728496551514,-0.447197288274765,0.14039588128588984,-2.0364937782287598,-0.447197288274765,0.017753203383671735,-2.7843427658081055
Scn8a,0.0,0.0,0.0,0.9979940091511154,0.11319231241941452,0.0,1.0,0.0,0.0,1.0,0.0
Acvrl1,0.0,0.0032176009844988585,-21.619876861572266,0.9979940091511154,-0.143560990691185,-21.619876861572266,0.2571106479136505,-1.6720633506774902,-21.619876861572266,0.011667676205810084,-2.942439317703247
Acvr1b,0.0028958916664123535,0.004621108062565327,-0.6754764318466187,0.9979940091511154,-0.28908124566078186,-0.6754764318466187,0.6157305958759175,-0.8282974362373352,-0.6754764318466187,0.40223562100803906,-1.1470873355865479
Grasp,0.035066768527030945,0.03417874872684479,0.037649281322956085,0.3546147166281525,-1.4202028512954712,0.037649281322956085,1.0,0.14409425854682922,0.037649281322956085,0.9631176443092382,0.18808451294898987
Nr4a1,0.47231337428092957,0.5332507491111755,-0.22269479930400848,0.012043035027853874,-3.0116636753082275,-0.22269479930400848,0.08945081005219514,-2.2668259143829346,-0.22269479930400848,0.007341355691300813,-3.099379539489746
Atg101,0.3905314803123474,0.410117506980896,-0.08566691726446152,0.6802472395592315,-0.9176503419876099,-0.08566691726446152,0.4938294243164692,-1.1366245746612549,-0.08566691726446152,0.23734496420447287,-1.5219186544418335
Smim41,0.004117858596146107,0.0030797533690929413,0.4198286533355713,0.9979940091511154,0.04889266937971115,0.4198286533355713,0.8083708746926384,0.499844491481781,0.4198286533355713,0.6785524460050067,0.636997640132904
Krt80,0.0003786676679737866,0.004318521358072758,-3.5143730640411377,0.9979940091511154,-0.03045772761106491,-3.5143730640411377,0.48256102141070617,-1.1602269411087036,-3.5143730640411377,0.10442111885661366,-2.0156195163726807
Krt86,0.0,0.0006551474216394126,-19.321935653686523,0.9979940091511154,0.027607882395386696,-19.321935653686523,0.5196272646011879,-1.0,-19.321935653686523,0.16021537352752957,-1.759765386581421
Krt83,0.0007575126946903765,0.0015876195393502712,-1.0681211948394775,0.9979940091511154,0.08246741443872452,-1.0681211948394775,0.8115079340023363,-0.4954475462436676,-1.0681211948394775,0.5827329926164605,-0.7912664413452148
Krt18,0.005164402071386576,0.009085088036954403,-0.8177309036254883,0.8396923803299885,-0.7124614715576172,-0.8177309036254883,0.3865910150122851,-1.3474977016448975,-0.8177309036254883,0.133034516300072,-1.8883322477340698
Eif4b,0.4798535704612732,0.6099256873130798,-0.4483446776866913,5.905251810688696e-08,-5.9165472984313965,-0.4483446776866913,6.952323619905456e-10,-6.765850067138672,-0.4483446776866913,2.0288116380659558e-18,-9.204486846923828
Tns2,0.010519162751734257,0.01068134419620037,-0.022190475836396217,0.9801990088302664,-0.5327430367469788,-0.022190475836396217,1.0,-0.048623666167259216,-0.022190475836396217,1.0,-0.06290414184331894
Spryd3,0.2007107138633728,0.19430039823055267,0.051604967564344406,0.7767990208868131,-0.7914556264877319,0.051604967564344406,0.8374958312323733,0.4505971670150757,0.051604967564344406,0.6975357971078091,0.6073611378669739
Igfbp6,0.015072128735482693,0.0335739329457283,-1.1688586473464966,0.06380025647200971,-2.346224546432495,-1.1688586473464966,0.004476630205649202,-3.4180121421813965,-1.1688586473464966,1.9600245577466777e-06,-5.171867847442627
Soat2,0.028492487967014313,0.044676586985588074,-0.6606830358505249,0.04951711278582753,-2.4577248096466064,-0.6606830358505249,0.059594660885251144,-2.4584968090057373,-0.6606830358505249,0.0017274345113018773,-3.5544817447662354
Csad,0.03359850123524666,0.02824748307466507,0.2541544735431671,0.9714892571601285,-0.5451220870018005,0.2541544735431671,0.6063324582047124,0.8438371419906616,0.2541544735431671,0.4088238156128538,1.134359359741211
Zfp740,0.128611221909523,0.09888261556625366,0.40107885003089905,0.990841178570957,-0.5218780040740967,0.40107885003089905,0.02597865188960104,2.7950568199157715,0.40107885003089905,0.002066247805479363,3.502586841583252
Itgb7,1.5322767496109009,1.5686681270599365,-0.06664012372493744,0.523918949445915,-1.1388696432113647,-0.06664012372493744,0.35713978157869475,-1.433193564414978,-0.06664012372493744,0.11872782030407793,-1.9479525089263916
Rarg,0.013912606984376907,0.015166876837611198,-0.12543810904026031,0.7738228478219359,-0.7952851057052612,-0.12543810904026031,0.9100689780480802,-0.32276928424835205,-0.12543810904026031,0.8141321561915968,-0.4278095066547394
Mfsd5,0.1391419619321823,0.16697601974010468,-0.2836734354496002,0.001641472271675268,-3.653947591781616,-0.2836734354496002,0.08417684748869075,-2.294567823410034,-0.2836734354496002,0.007258745701741965,-3.1028878688812256
Espl1,0.2933242917060852,0.2142711728811264,0.5124930143356323,0.010250389967215737,3.0683043003082275,0.5124930143356323,3.3240772636942103e-06,5.2061543464660645,0.5124930143356323,4.868859213644736e-10,6.644309043884277
Pfdn5,1.514994740486145,1.4846571683883667,0.05634232237935066,0.013274628198396336,2.975595235824585,0.05634232237935066,0.34011724486526806,1.4709880352020264,0.05634232237935066,0.09529849588956088,2.0615556240081787
Myg1,0.43080079555511475,0.4112493693828583,0.08209730684757233,0.5721879235420361,1.0645065307617188,0.08209730684757233,0.5101949538072593,1.1062021255493164,0.08209730684757233,0.2664750542864908,1.4470467567443848
Aaas,0.19375257194042206,0.1861659437417984,0.06327198445796967,0.6926587861228855,-0.9013528227806091,0.06327198445796967,0.7605148147197301,0.5826102495193481,0.06327198445796967,0.5992751646143555,0.7639384865760803
Sp1,0.3565068542957306,0.28131020069122314,0.3988889455795288,0.011675560682876136,3.022617816925049,0.3988889455795288,0.00016307110581906918,4.327550411224365,0.3988889455795288,1.8575737651334363e-07,5.626867771148682
Amhr2,0.0,0.0,0.0,0.9979940091511154,0.11319231241941452,0.0,1.0,0.0,0.0,1.0,0.0
Prr13,1.2084561586380005,1.2060226202011108,0.00500857038423419,0.3714601999970235,1.388498306274414,0.00500857038423419,1.0,0.110276959836483,0.00500857038423419,0.9907770653170505,0.1441545933485031
Pcbp2,1.4825376272201538,1.492287516593933,-0.018172483891248703,0.8702273097765165,-0.6724745631217957,-0.018172483891248703,0.8172650791949096,-0.4859056770801544,-0.018172483891248703,0.6596160816155027,-0.6669930219650269
Map3k12,0.030098451301455498,0.021390724927186966,0.4990120232105255,0.9979940091511154,-0.07694583386182785,0.4990120232105255,0.3469849337819929,1.4549572467803955,0.4990120232105255,0.11884929984191846,1.9474719762802124
Tarbp2,0.23704412579536438,0.2188243269920349,0.1290242075920105,0.9979940091511154,-0.14249229431152344,0.1290242075920105,0.4420206899754966,1.2334575653076172,0.1290242075920105,0.19649716281585078,1.6377322673797607
Npff,0.0004346933856140822,0.0006402606377378106,-0.558808445930481,0.9979940091511154,0.05521576479077339,-0.558808445930481,0.9408246376306105,-0.2656315565109253,-0.558808445930481,0.8557102539474486,-0.3626406192779541
Atf7,0.07392953336238861,0.059058159589767456,0.334860622882843,0.9227647972799045,-0.6078186631202698,0.334860622882843,0.263349598775434,1.6533567905426025,0.334860622882843,0.07710100125648948,2.164825439453125
Atp5g2,2.0230343341827393,2.1245834827423096,-0.16758203506469727,2.2808979015481764e-06,-5.230268478393555,-0.16758203506469727,1.2899686892058603e-07,-5.8448166847229,-0.16758203506469727,3.7585624480157423e-13,-7.6892571449279785
Calcoco1,0.012981397099792957,0.024518143385648727,-0.9257520437240601,0.8546555265036405,-0.6938484311103821,-0.9257520437240601,0.31635356852953694,-1.5266081094741821,-0.9257520437240601,0.04122137069959299,-2.444859504699707
Hoxc9,0.0012678944040089846,0.0,20.274919509887695,0.9979940091511154,0.16822996735572815,20.274919509887695,0.36321377038034836,1.4009679555892944,20.274919509887695,0.28325075358582696,1.4009679555892944
Hoxc6,0.0,0.0,0.0,0.9979940091511154,0.11319231241941452,0.0,1.0,0.0,0.0,1.0,0.0
Hoxc4,0.0,0.001095497515052557,-20.063945770263672,0.9979940091511154,0.027607882395386696,-20.063945770263672,0.5196272646011879,-1.0,-20.063945770263672,0.16021537352752957,-1.759765386581421
Smug1,0.02789747714996338,0.017473887652158737,0.6824815273284912,0.9979940091511154,-0.2091074436903,0.6824815273284912,0.12763161278306745,2.0828499794006348,0.6824815273284912,0.033696232792046116,2.534501075744629
Cbx5,0.7567203044891357,0.7466415762901306,0.027516750618815422,0.9979940091511154,0.2094636708498001,0.027516750618815422,0.850474886256414,0.42776528000831604,0.027516750618815422,0.7137278345086787,0.5829529166221619
Hnrnpa1,1.6705430746078491,1.8105854988098145,-0.24508120119571686,5.624810871500146e-08,-5.925364017486572,-0.24508120119571686,5.8245646998355453e-08,-6.009486675262451,-0.24508120119571686,1.1271559343693253e-15,-8.440773010253906
Nfe2,0.019600506871938705,0.016252584755420685,0.2726440727710724,0.9979940091511154,-0.2126697450876236,0.2726440727710724,0.6918487758693261,0.6998798847198486,0.2726440727710724,0.49969416363305347,0.9313681125640869
Copz1,0.39937159419059753,0.4271329343318939,-0.11835429072380066,0.35768482619489445,-1.4144141674041748,-0.11835429072380066,0.3198661984840739,-1.515883445739746,-0.11835429072380066,0.09928595591529199,-2.041229486465454
Zfp385a,0.0003554179857019335,0.0017206795746460557,-2.276371479034424,0.9979940091511154,-0.11577498912811279,-2.276371479034424,0.4149470052372545,-1.2867661714553833,-2.276371479034424,0.10004857927084296,-2.037372589111328
Itga5,0.0,0.0,0.0,0.9979940091511154,0.11319231241941452,0.0,1.0,0.0,0.0,1.0,0.0
Gtsf1,0.01979769952595234,0.022473959252238274,-0.18485862016677856,0.44548894209886414,-1.2590974569320679,-0.18485862016677856,0.8042035398083215,-0.5066114068031311,-0.18485862016677856,0.6586064895101694,-0.6687802076339722
Nckap1l,0.38431215286254883,0.41948041319847107,-0.15338805317878723,0.2948894250361645,-1.5402525663375854,-0.15338805317878723,0.1970888004339411,-1.8400607109069824,-0.15338805317878723,0.03182252293683937,-2.5570948123931885
Pde1b,0.011421885341405869,0.011846602894365788,-0.0529794916510582,0.9979940091511154,-0.3140173852443695,-0.0529794916510582,1.0,-0.1018112525343895,-0.0529794916510582,0.9907770653170505,-0.14409685134887695
Mefv,0.0006666809204034507,0.0020536610390990973,-1.624129056930542,0.9984208920935209,-0.0029389034025371075,-1.624129056930542,0.6032582505397931,-0.8495008945465088,-1.624129056930542,0.29196920149515687,-1.3757431507110596
Zfp263,0.11420690268278122,0.11678256094455719,-0.03406868129968643,0.049014008746954156,-2.462266683578491,-0.03406868129968643,0.9555438669688661,-0.2399371713399887,-0.03406868129968643,0.8871644322496659,-0.3124200403690338
Zfp174,0.0009328109445050359,0.0,19.831899642944336,0.9979940091511154,0.16822996735572815,19.831899642944336,0.384382583346297,1.3515344858169556,19.831899642944336,0.30251326131579737,1.3515344858169556
Zfp597,0.04066555202007294,0.041609641164541245,-0.03379654139280319,0.23612892069321154,-1.675531268119812,-0.03379654139280319,1.0,-0.1268458068370819,-0.03379654139280319,0.9749629937535674,-0.1698768138885498
Naa60,0.16198629140853882,0.13821245729923248,0.24656204879283905,0.9979940091511154,0.1464998871088028,0.24656204879283905,0.16761622129411502,1.9348688125610352,0.24656204879283905,0.03103890092124694,2.566952705383301
1700037C18Rik,0.038230374455451965,0.04028027877211571,-0.07684273272752762,0.21964164834062533,-1.7191694974899292,-0.07684273272752762,0.9044934274530549,-0.3325311541557312,-0.07684273272752762,0.8080277854748383,-0.4381639361381531
Cluap1,0.09740764647722244,0.10027376562356949,-0.04393880069255829,0.043507725763935155,-2.5116047859191895,-0.04393880069255829,0.9408246376306105,-0.2658369541168213,-0.04393880069255829,0.8593613777851824,-0.35609740018844604
Nlrc3,0.3114970028400421,0.20829413831233978,0.6582620143890381,0.0020040214944141714,3.593477487564087,0.6582620143890381,4.581337800651856e-08,6.021979808807373,0.6582620143890381,5.833422911243857e-13,7.634623050689697
Slx4,0.07191618531942368,0.0749477669596672,-0.06178247928619385,0.16906446865825278,-1.8654022216796875,-0.06178247928619385,0.9142816100163105,-0.3146517872810364,-0.06178247928619385,0.8122118823718806,-0.43156081438064575
Dnase1,0.0,0.0,0.0,0.9979940091511154,0.11319231241941452,0.0,1.0,0.0,0.0,1.0,0.0
Trap1,0.3300989270210266,0.44284796714782715,-0.5104697942733765,3.338472672351837e-08,-6.019408702850342,-0.5104697942733765,9.400225107322375e-09,-6.32207727432251,-0.5104697942733765,6.71904182710675e-16,-8.509734153747559
Crebbp,0.4653576910495758,0.45452162623405457,0.0424049086868763,0.9307409250144908,0.5950834155082703,0.0424049086868763,0.7875217175004252,0.5356396436691284,0.0424049086868763,0.6245182130895602,0.7216867208480835
Adcy9,0.000333034637151286,0.0009648536215536296,-1.5350908041000366,0.9979940091511154,0.05521576479077339,-1.5350908041000366,0.739204533974513,-0.6189978122711182,-1.5350908041000366,0.4701468355828997,-0.9849007725715637
Srl,0.0034609592985361814,0.0036007342860102654,-0.05721988528966904,0.9979940091511154,-0.09172940999269485,-0.05721988528966904,1.0,-0.0775248184800148,-0.05721988528966904,1.0,-0.10401840507984161
Tfap4,0.019944196566939354,0.05448925122618675,-1.4750760793685913,8.357102183245211e-05,-4.442197322845459,-1.4750760793685913,3.836636764188093e-06,-5.209839820861816,-1.4750760793685913,1.7283272061463359e-13,-7.791921615600586
Glis2,0.0016076808096840978,0.002119866432622075,-0.3993617594242096,0.9979940091511154,-0.032595112919807434,-0.3993617594242096,0.9018219086695893,-0.33762305974960327,-0.3993617594242096,0.7874396074922458,-0.4687301218509674
Pam16,0.46520036458969116,0.5496482849121094,-0.30670222640037537,0.0024899133167577267,-3.529890298843384,-0.30670222640037537,0.00023048789978902658,-4.244345188140869,-0.30670222640037537,9.545767359246618e-08,-5.747103691101074
Coro7,0.359552264213562,0.3623189926147461,-0.01317436620593071,0.8459743344464131,-0.7037338018417358,-0.01317436620593071,0.996159209124351,-0.16058771312236786,-0.01317436620593071,0.9491149510059084,-0.21218401193618774
Vasn,0.0008512493222951889,0.0004968305001966655,0.7770823836326599,0.9979940091511154,0.11043152958154678,0.7770823836326599,0.8041535327993014,0.5068477988243103,0.7770823836326599,0.6864219142961224,0.6247420907020569
Dnaja3,0.09725425392389297,0.15281186997890472,-0.6928346753120422,3.3145273487589394e-07,-5.605735778808594,-0.6928346753120422,1.4007359749638338e-05,-4.915340423583984,-0.6928346753120422,6.648163187756671e-11,-6.945244312286377
Nmral1,0.18172022700309753,0.17253604531288147,0.08164168894290924,0.1663227038346724,-1.8755548000335693,0.08164168894290924,0.6983527453766474,0.6872395873069763,0.08164168894290924,0.5262371359699898,0.8852384090423584
Hmox2,0.4358498156070709,0.43974214792251587,-0.01583864726126194,0.9991362398416823,-0.0015139805618673563,-0.01583864726126194,0.9643012770102459,-0.22175361216068268,-0.01583864726126194,0.899883575435962,-0.2920374572277069
Cdip1,0.12154171615839005,0.10430217534303665,0.2333519011735916,0.8678421546586,-0.675858736038208,0.2333519011735916,0.3997159781434013,1.3182413578033447,0.2333519011735916,0.16021537352752957,1.778814673423767
4930562C15Rik,0.0,0.0,0.0,0.9979940091511154,0.11319231241941452,0.0,1.0,0.0,0.0,1.0,0.0
Ubald1,0.27227428555488586,0.25140002369880676,0.13078980147838593,0.9979940091511154,0.40307506918907166,0.13078980147838593,0.4223320586295158,1.2716337442398071,0.13078980147838593,0.17153711689362036,1.7178153991699219
Mgrn1,0.010236206464469433,0.0172869972884655,-0.7611038088798523,0.7773496562512577,-0.7904759645462036,-0.7611038088798523,0.36167647049845647,-1.4181945323944092,-0.7611038088798523,0.07645508539151703,-2.168684720993042
Nudt16l1,0.26229822635650635,0.2742860019207001,-0.07350664585828781,0.35407302099331267,-1.421271562576294,-0.07350664585828781,0.6554501635652012,-0.7614547610282898,-0.07350664585828781,0.46147875269036936,-1.025384783744812
Anks3,0.05188048630952835,0.0469021238386631,0.14915941655635834,0.707412104325422,-0.8819382190704346,0.14915941655635834,0.7646781343782524,0.5750933885574341,0.14915941655635834,0.5848721767968722,0.7878742218017578
Sept12,0.0,0.0006865788600407541,-19.389562606811523,0.9979940091511154,0.027607882395386696,-19.389562606811523,0.5196272646011879,-1.0,-19.389562606811523,0.16021537352752957,-1.759765386581421
Rogdi,0.02308330498635769,0.02932494319975376,-0.34980085492134094,0.17289520403916928,-1.8531122207641602,-0.34980085492134094,0.4577508825602423,-1.2046133279800415,-0.34980085492134094,0.19967719179986734,-1.6274102926254272
Glyr1,0.4045518934726715,0.46911385655403137,-0.263564795255661,0.03198847775756373,-2.6390461921691895,-0.263564795255661,0.003807303691081533,-3.463200569152832,-0.263564795255661,1.7983503100078664e-05,-4.7053542137146
Ubn1,0.5274814367294312,0.501688539981842,0.09252271056175232,0.6087976933676079,1.0126749277114868,0.09252271056175232,0.3703661794496908,1.38103187084198,0.09252271056175232,0.15593268844674324,1.80234694480896
Ppl,0.0007860962650738657,0.0,19.584915161132812,0.9979940091511154,0.16822996735572815,19.584915161132812,0.364914907846911,1.3960027694702148,19.584915161132812,0.2848579241822202,1.3960027694702148
Nagpa,0.07055257260799408,0.09655199944972992,-0.4716232120990753,0.00044604833896886984,-4.016857624053955,-0.4716232120990753,0.02378825412046442,-2.83158278465271,-0.4716232120990753,0.0004731653065511304,-3.911346673965454
AU021092,0.0010256364475935698,0.0004883449873887002,1.0709329843521118,0.9979940091511154,0.11043152958154678,1.0709329843521118,0.6964618049506237,0.6917352080345154,1.0709329843521118,0.5728301453836583,0.8083107471466064
Alg1,0.06054369732737541,0.09401087462902069,-0.6593031287193298,0.00025202676092028476,-4.168968200683594,-0.6593031287193298,0.0061890099283157685,-3.3099703788757324,-0.6593031287193298,1.3073903671519835e-05,-4.776352882385254
Eef2kmt,0.06334149837493896,0.10030438005924225,-0.6901882290840149,5.567670179598198e-05,-4.54033899307251,-0.6901882290840149,0.002911070833155426,-3.5505423545837402,-0.6901882290840149,3.4097649911992142e-06,-5.060294151306152
Mettl22,0.03581629693508148,0.06088403984904289,-0.783676028251648,0.0015560109616649773,-3.6693546772003174,-0.783676028251648,0.005604781978397436,-3.34167742729187,-0.783676028251648,1.2456146160041343e-05,-4.788097858428955
Abat,0.0,0.0,0.0,0.9979940091511154,0.11319231241941452,0.0,1.0,0.0,0.0,1.0,0.0
Tmem186,0.017500923946499825,0.025098565965890884,-0.5256739854812622,0.229714326611499,-1.6929864883422852,-0.5256739854812622,0.30420952638099363,-1.5538792610168457,-0.5256739854812622,0.08225062023286461,-2.133235216140747
Pmm2,0.2485036849975586,0.2538069784641266,-0.034449830651283264,0.49334253457220073,-1.185179591178894,-0.034449830651283264,0.900200128163851,-0.34106776118278503,-0.034449830651283264,0.795254617095903,-0.4572652280330658
Carhsp1,0.3807680904865265,0.4370304346084595,-0.242163747549057,0.007016027952815653,-3.196547508239746,-0.242163747549057,0.017076986661106745,-2.9530932903289795,-0.242163747549057,0.0003888298791589888,-3.96303653717041
Usp7,0.45885658264160156,0.5242761373519897,-0.2433246374130249,0.017726222046177666,-2.8700618743896484,-0.2433246374130249,0.004411036620651706,-3.415459632873535,-0.2433246374130249,2.9276626187113815e-05,-4.595117092132568
1810013L24Rik,0.1142263188958168,0.12183062732219696,-0.09857486933469772,0.057875536008174626,-2.391911268234253,-0.09857486933469772,0.6893494140086864,-0.7036807537078857,-0.09857486933469772,0.4953824851888324,-0.9388007521629333
Rpl39l,0.011229232884943485,0.016894392669200897,-0.593381404876709,0.9979940091511154,-0.15104183554649353,-0.593381404876709,0.7346848698719567,-0.6274495124816895,-0.593381404876709,0.4970761678065041,-0.9357054829597473
Atf7ip2,0.0027457312680780888,0.002265094080939889,0.277966171503067,0.9984208920935209,-0.00614497996866703,0.277966171503067,0.9112975065228599,0.3204401433467865,0.277966171503067,0.8260728952135113,0.4094841778278351
Emp2,0.00026743492344394326,0.0,18.02902603149414,0.9979940091511154,0.14071114361286163,18.02902603149414,0.5196272646011879,1.0,18.02902603149414,0.46147875269036936,1.0
Nubp1,0.7315055727958679,0.6800177693367004,0.1467699110507965,0.05923133931129503,2.3808681964874268,0.1467699110507965,0.04134908743980875,2.612558126449585,0.1467699110507965,0.0023374877355108025,3.4649248123168945
Tvp23a,0.0,0.0,0.0,0.9979940091511154,0.11319231241941452,0.0,1.0,0.0,0.0,1.0,0.0
Ciita,0.00174352724570781,0.011099809780716896,-2.6772098541259766,0.9979940091511154,-0.08870144933462143,-2.6772098541259766,0.4307165508386338,-1.2559016942977905,-2.6772098541259766,0.0832750220633772,-2.128051519393921
Dexi,0.09311018884181976,0.09287292510271072,0.0038547373842447996,0.0898088920304485,-2.1885924339294434,0.0038547373842447996,1.0,0.024448774755001068,0.0038547373842447996,1.0,0.03216385468840599
Clec16a,0.03185512498021126,0.037313081324100494,-0.2321159690618515,0.20510124105188524,-1.7595126628875732,-0.2321159690618515,0.6287843421524135,-0.8076026439666748,-0.2321159690618515,0.41490053952831696,-1.1228599548339844
Socs1,0.19008250534534454,0.14199841022491455,0.4563957154750824,0.9979940091511154,0.09965554624795914,0.4563957154750824,0.0071339103745881255,3.2557120323181152,0.4563957154750824,0.00018939917824558158,4.150482177734375
Tnp2,0.004993246868252754,0.007616051007062197,-0.6109586954116821,0.9979940091511154,-0.4319297671318054,-0.6109586954116821,0.6217302770058972,-0.8191975951194763,-0.6109586954116821,0.4042176370984038,-1.1433521509170532
Prm1,0.0002938891702797264,0.0,18.165128707885742,0.9979940091511154,0.14071114361286163,18.165128707885742,0.5196272646011879,1.0,18.165128707885742,0.46147875269036936,1.0
Rmi2,0.17753489315509796,0.1818724423646927,-0.038046859204769135,0.06503689915687562,-2.337764263153076,-0.038046859204769135,0.9109538522068397,-0.32118192315101624,-0.038046859204769135,0.8189533756600685,-0.42013490200042725
Litaf,0.2370040863752365,0.21827800571918488,0.13276536762714386,0.9979940091511154,-0.3884696066379547,0.13276536762714386,0.47956971160040596,1.1640278100967407,0.13276536762714386,0.2262452632512218,1.5520281791687012
Snn,0.005809746216982603,0.005989048629999161,-0.04398128762841225,0.9979940091511154,0.18630866706371307,-0.04398128762841225,1.0,-0.04005051404237747,-0.04398128762841225,1.0,-0.0628923773765564
Txndc11,0.1677020639181137,0.21269626915454865,-0.3763789236545563,0.0005667766097378099,-3.951578378677368,-0.3763789236545563,0.008877369794000467,-3.1870276927948,-0.3763789236545563,5.895586357608691e-05,-4.432331562042236
Zc3h7a,0.5213143825531006,0.4695111811161041,0.19143500924110413,0.06219146519931654,2.357712984085083,0.19143500924110413,0.053416610785490905,2.5053277015686035,0.19143500924110413,0.0034709369491741464,3.3435819149017334
Rsl1d1,0.6709792613983154,0.982128918170929,-0.8046528100967407,1.4701888649790657e-28,-11.516138076782227,-0.8046528100967407,1.0992694821908386e-34,-13.554788589477539,-0.8046528100967407,1.4381635930421428e-65,-18.165388107299805
Gspt1,0.7440013885498047,0.9148923754692078,-0.4384153187274933,2.76029734093881e-10,-6.80106782913208,-0.4384153187274933,2.0040977562856703e-11,-7.34116268157959,-0.4384153187274933,6.134207874788669e-22,-10.102710723876953
Tnfrsf17,0.0,0.000823233975097537,-19.651538848876953,0.9979940091511154,0.027607882395386696,-19.651538848876953,0.5196272646011879,-1.0,-19.651538848876953,0.16021537352752957,-1.759765386581421
Snx29,0.012554530054330826,0.01719791814684868,-0.457383930683136,0.9979940091511154,-0.2407229095697403,-0.457383930683136,0.7012063523452462,-0.6828502416610718,-0.457383930683136,0.44683958038768395,-1.0650302171707153
Cpped1,0.04860071837902069,0.05630865320563316,-0.2179877758026123,0.07338287850431303,-2.2833499908447266,-0.2179877758026123,0.5196272646011879,-0.9996793866157532,-0.2179877758026123,0.2929175146761893,-1.3733736276626587
Ercc4,0.06068173423409462,0.05935971811413765,0.03274112194776535,0.21426223635642624,-1.7339531183242798,0.03274112194776535,0.996159209124351,0.1607213318347931,0.03274112194776535,0.9487516396118473,0.21285021305084229
Mrtfb,0.04299285635352135,0.05382208526134491,-0.33197590708732605,0.08954225953743683,-2.1900174617767334,-0.33197590708732605,0.39562145522505254,-1.3280786275863647,-0.33197590708732605,0.13451758377230238,-1.8821370601654053
Parn,0.11594083160161972,0.14043289422988892,-0.2945367097854614,0.0005975683302149926,-3.936260461807251,-0.2945367097854614,0.11481222891794521,-2.1402854919433594,-0.2945367097854614,0.01362238485094738,-2.883497953414917
Bfar,0.236134335398674,0.22039760649204254,0.11128239333629608,0.9979940091511154,-0.26574811339378357,0.11128239333629608,0.5196272646011879,1.0269502401351929,0.11128239333629608,0.2926098943837724,1.3740320205688477
3110001I22Rik,0.02891889400780201,0.030918290838599205,-0.097897469997406,0.5605768033575333,-1.0824071168899536,-0.097897469997406,0.9169988248106941,-0.3100411295890808,-0.097897469997406,0.8088803386216477,-0.43658068776130676
AC154607.1,0.0017390213906764984,0.0005962557625025511,1.5450955629348755,0.9979940091511154,0.13803941011428833,1.5450955629348755,0.5196272646011879,1.048587441444397,1.5450955629348755,0.3876831045641831,1.1743220090866089
Rrn3,0.12218733876943588,0.18651865422725677,-0.6578236222267151,3.589498303013884e-07,-5.590774059295654,-0.6578236222267151,8.438236548590016e-06,-5.028656482696533,-0.6578236222267151,1.7806837587409472e-11,-7.142557144165039
Ntan1,0.649578869342804,0.6615979671478271,-0.03606068715453148,0.9984208920935209,-0.010241633281111717,-0.03606068715453148,0.7689733690435453,-0.5680182576179504,-0.03606068715453148,0.5942758431111173,-0.7723860144615173
Pdxdc1,0.10472027212381363,0.13222552835941315,-0.3566924035549164,0.0016850808075838178,-3.645665168762207,-0.3566924035549164,0.07383520062598932,-2.359813690185547,-0.3566924035549164,0.004424584810422576,-3.2657032012939453
Mpv17l,0.011850610375404358,0.015509002842009068,-0.3907894194126129,0.6565170145854746,-0.949354887008667,-0.3907894194126129,0.5567741983564489,-0.9324928522109985,-0.3907894194126129,0.3368827240729562,-1.27732253074646
Bmerb1,0.0,0.0,0.0,0.9979940091511154,0.11319231241941452,0.0,1.0,0.0,0.0,1.0,0.0
Marf1,0.21545185148715973,0.22604656219482422,-0.07717808336019516,0.15908177438932183,-1.900223731994629,-0.07717808336019516,0.6979021219614258,-0.6887748837471008,-0.07717808336019516,0.49681264684091725,-0.9362403154373169
Nde1,0.4988025426864624,0.3966671824455261,0.40969419479370117,4.060670603608841e-05,4.611763000488281,0.40969419479370117,1.5519174350794726e-06,5.366079330444336,0.40969419479370117,3.661787363936954e-11,7.040216445922852
Myh11,0.00031405643676407635,0.0,18.260894775390625,0.9979940091511154,0.14071114361286163,18.260894775390625,0.5196272646011879,1.0,18.260894775390625,0.46147875269036936,1.0
Fopnl,0.410266250371933,0.3390823304653168,0.32947206497192383,0.006963156866056545,3.199130058288574,0.32947206497192383,0.0004788940790312099,4.050534248352051,0.32947206497192383,8.528924307182548e-07,5.336526393890381
Abcc1,0.051339421421289444,0.07626365125179291,-0.5890988111495972,0.000839294304448811,-3.845421552658081,-0.5890988111495972,0.019477172529986982,-2.9063515663146973,-0.5890988111495972,0.00024572219130626264,-4.082250118255615
Snai2,0.0,0.0011761499335989356,-20.16649055480957,0.9979940091511154,0.027607882395386696,-20.16649055480957,0.5196272646011879,-1.0,-20.16649055480957,0.16021537352752957,-1.759765386581421
Gm21897,0.0,0.0005434431368485093,-19.05216407775879,0.9979940091511154,0.027607882395386696,-19.05216407775879,0.5196272646011879,-1.0,-19.05216407775879,0.16021537352752957,-1.759765386581421
Ube2v2,0.49200528860092163,0.5661488175392151,-0.2606850266456604,0.00893375121001326,-3.1155049800872803,-0.2606850266456604,0.0010424701301037572,-3.8401834964752197,-0.2606850266456604,2.407092629190857e-06,-5.1312713623046875
Mcm4,0.6217260360717773,0.9148171544075012,-0.7954245805740356,5.981149461997825e-25,-10.75514030456543,-0.7954245805740356,3.2002225155456368e-25,-11.401235580444336,-0.7954245805740356,1.0953712554356236e-51,-15.932848930358887
Prkdc,0.1253521889448166,0.13921211659908295,-0.16151569783687592,0.019853729460613583,-2.826690912246704,-0.16151569783687592,0.4761541216021654,-1.169760823249817,-0.16151569783687592,0.21899906521146834,-1.5718388557434082
Mzt2,0.08589388430118561,0.13823965191841125,-0.7250086665153503,7.157430940801545e-07,-5.458434581756592,-0.7250086665153503,5.577003218149578e-05,-4.604567050933838,-0.7250086665153503,7.441438335460171e-10,-6.569930076599121
Cebpd,0.004034915938973427,0.006340164691209793,-0.6536460518836975,0.9979940091511154,-0.20786063373088837,-0.6536460518836975,0.6416280149958866,-0.7835217118263245,-0.6536460518836975,0.40074024527677016,-1.1497535705566406
Spidr,0.08995478600263596,0.08505664765834808,0.08436086028814316,0.3577578554575619,-1.413968801498413,0.08436086028814316,0.8505145356766698,0.4275410771369934,0.08436086028814316,0.7067776227190493,0.5933821797370911
Pkp2,0.0022724962327629328,0.0019302675500512123,0.23572376370429993,0.9979940091511154,0.1621740460395813,0.23572376370429993,0.9721477235077178,0.20732854306697845,0.23572376370429993,0.8966931514606897,0.29682186245918274
Yars2,0.076652891933918,0.1082252487540245,-0.5207507014274597,8.302344799454183e-05,-4.443800449371338,-0.5207507014274597,0.008610368831116705,-3.197357177734375,-0.5207507014274597,5.2528750550336816e-05,-4.459877967834473
Dnm1l,0.2950293719768524,0.28133058547973633,0.07894782721996307,0.9984208920935209,0.00730272987857461,0.07894782721996307,0.6078891267053811,0.8414688110351562,0.07894782721996307,0.4132169103100291,1.1259177923202515
Fgd4,0.00034792767837643623,0.006003104615956545,-4.112926959991455,0.9979940091511154,-0.03063584305346012,-4.112926959991455,0.4062942583971138,-1.3060173988342285,-4.112926959991455,0.059726348593363975,-2.282883882522583
Spag6l,0.003926811274141073,0.005806790664792061,-0.5657400488853455,0.9979940091511154,-0.3459000289440155,-0.5657400488853455,0.61478633732558,-0.829713761806488,-0.5657400488853455,0.39644307173418286,-1.157701015472412
Vpreb1,0.006427539512515068,0.0068098376505076885,-0.08362992852926254,0.9979940091511154,-0.12459170073270798,-0.08362992852926254,1.0,-0.12511439621448517,-0.08362992852926254,0.9733499648329014,-0.17220838367938995
Top3b,0.1397128403186798,0.140095517039299,-0.00422866502776742,0.23738849357183728,-1.6722360849380493,-0.00422866502776742,1.0,-0.029570575803518295,-0.00422866502776742,1.0,-0.04054153710603714
Ppm1f,0.018618149682879448,0.027114246040582657,-0.5484932661056519,0.49715837804024504,-1.178767442703247,-0.5484932661056519,0.366947820220315,-1.3908154964447021,-0.5484932661056519,0.09313796771893194,-2.0733747482299805
Mapk1,0.7419539093971252,0.7516433000564575,-0.02657001093029976,0.9984208920935209,0.006323095411062241,-0.02657001093029976,0.8364201957484801,-0.452083557844162,-0.02657001093029976,0.6948718322701769,-0.6115787625312805
Ypel1,0.030509011819958687,0.01249289233237505,1.3011702299118042,0.9979940091511154,0.40895289182662964,1.3011702299118042,0.0016027578589449187,3.710603952407837,1.3011702299118042,0.00013385826414738614,4.240428447723389
Ppil2,0.4820612370967865,0.4261121153831482,0.22138594090938568,0.020051846194173856,2.8229503631591797,0.22138594090938568,0.015530395566184381,2.9880807399749756,0.22138594090938568,0.00039470139513874265,3.959115505218506
2610318N02Rik,0.26003843545913696,0.22512665390968323,0.23418870568275452,0.9979940091511154,0.3707471191883087,0.23418870568275452,0.08806920151967051,2.2732229232788086,0.23418870568275452,0.011163814489015999,2.954704999923706
Sdf2l1,0.9511916637420654,1.1917493343353271,-0.5292023420333862,1.2653990716874119e-17,-9.006047248840332,-0.5292023420333862,2.5849675836485033e-15,-8.635124206542969,-0.5292023420333862,8.005253802406399e-31,-12.093473434448242
Ccdc116,0.0017598492559045553,0.004948275629431009,-1.4937747716903687,0.9979940091511154,-0.28881406784057617,-1.4937747716903687,0.4341222196478989,-1.2493634223937988,-1.4937747716903687,0.1168670812261411,-1.9561105966567993
Ydjc,0.04088651388883591,0.08082865178585052,-1.0123461484909058,1.0045739710613217e-05,-4.923999309539795,-1.0123461484909058,2.6765884614114618e-05,-4.7783403396606445,-1.0123461484909058,4.1842365364949194e-11,-7.014504909515381
Ube2l3,1.4368716478347778,1.5085439682006836,-0.13418008387088776,0.000452129821808365,-4.0132951736450195,-0.13418008387088776,0.005496252973617436,-3.345822334289551,-0.13418008387088776,2.171989910097316e-05,-4.66243314743042
Rimbp3,0.0,0.0,0.0,0.9979940091511154,0.11319231241941452,0.0,1.0,0.0,0.0,1.0,0.0
Hic2,0.011459526605904102,0.008736815303564072,0.39333540201187134,0.9979940091511154,-0.2579110562801361,0.39333540201187134,0.6466388865429599,0.775526762008667,0.39333540201187134,0.4815001560668548,0.9639469385147095
Tmem191c,0.06594377756118774,0.0859939232468605,-0.3976444602012634,0.030898703097789693,-2.653651714324951,-0.3976444602012634,0.209074256724151,-1.8073835372924805,-0.3976444602012634,0.023892056744280386,-2.671312093734741
Pi4ka,0.17426863312721252,0.1805514544248581,-0.055763158947229385,0.051382076320371554,-2.4418725967407227,-0.055763158947229385,0.8257574420714388,-0.46950963139533997,-0.055763158947229385,0.6917955951042075,-0.616507887840271
Serpind1,0.0,0.0,0.0,0.9979940091511154,0.11319231241941452,0.0,1.0,0.0,0.0,1.0,0.0
Snap29,0.18609291315078735,0.1906985491514206,-0.038697294890880585,0.08322114451802602,-2.2252843379974365,-0.038697294890880585,0.8953156413622017,-0.34921199083328247,-0.038697294890880585,0.7956599741751331,-0.4566715359687805
Crkl,0.18366070091724396,0.17591997981071472,0.06787465512752533,0.2655275564732771,-1.6049975156784058,0.06787465512752533,0.7630427965508488,0.5782057642936707,0.06787465512752533,0.6032913336819096,0.7568594813346863
Aifm3,0.0,0.0,0.0,0.9979940091511154,0.11319231241941452,0.0,1.0,0.0,0.0,1.0,0.0
Lztr1,0.10984350740909576,0.12965944409370422,-0.2538570761680603,0.005992529026157719,-3.249358654022217,-0.2538570761680603,0.23096987109858985,-1.746203064918518,-0.2538570761680603,0.04480822065063656,-2.408649444580078
Thap7,0.1971263289451599,0.19432581961154938,0.02272871881723404,0.46080954615085296,-1.2338051795959473,0.02272871881723404,0.9697798077879588,0.2113659679889679,0.02272871881723404,0.9082302803627404,0.2779717445373535
Lrrc74b,0.000860267726238817,0.0,19.71504783630371,0.9979940091511154,0.16822996735572815,19.71504783630371,0.3668623084336317,1.390207290649414,19.71504783630371,0.28672525940281085,1.390207290649414
Slc7a4,0.0004649198963306844,0.0,18.826961517333984,0.9979940091511154,0.14071114361286163,18.826961517333984,0.5196272646011879,1.0,18.826961517333984,0.46147875269036936,1.0
Smpd4,0.10143157839775085,0.1491376757621765,-0.5912690162658691,6.307476956941595e-08,-5.904969692230225,-0.5912690162658691,0.00019217879997964415,-4.291014671325684,-0.5912690162658691,7.380090291340009e-08,-5.794677734375
Ccdc74a,0.0005471297772601247,0.0006454145768657327,-0.2384135127067566,0.9979940091511154,0.08282364159822464,-0.2384135127067566,1.0,-0.1297147423028946,-0.2384135127067566,0.9670529457775898,-0.1818646788597107
Med15,0.2727356553077698,0.27994075417518616,-0.04305455461144447,0.5948456932094753,-1.0316442251205444,-0.04305455461144447,0.8491788030601345,-0.430196076631546,-0.04305455461144447,0.7129119380501985,-0.5843372941017151
Klhl22,0.02558840997517109,0.027952473610639572,-0.1291983276605606,0.44787282211968704,-1.2550008296966553,-0.1291983276605606,0.8519198442642384,-0.42481690645217896,-0.1291983276605606,0.7244070855030236,-0.56661057472229
Scarf2,0.0,0.0006193814915604889,-19.240917205810547,0.9979940091511154,0.027607882395386696,-19.240917205810547,0.5196272646011879,-1.0,-19.240917205810547,0.16021537352752957,-1.759765386581421
Car15,0.0,0.0,0.0,0.9979940091511154,0.11319231241941452,0.0,1.0,0.0,0.0,1.0,0.0
Dgcr2,0.16655327379703522,0.18158575892448425,-0.13582542538642883,0.024443097788262657,-2.7466280460357666,-0.13582542538642883,0.4977697134321561,-1.1293660402297974,-0.13582542538642883,0.23661770309125138,-1.52406644821167
Ess2,0.1338091790676117,0.11626411974430084,0.21569092571735382,0.5756690070911907,-1.0596973896026611,0.21569092571735382,0.30479741486506257,1.551505446434021,0.21569092571735382,0.10498492931405469,2.0119707584381104
Slc25a1,0.06440098583698273,0.08557865023612976,-0.42563530802726746,0.0014685616288022572,-3.6859192848205566,-0.42563530802726746,0.07279722363671991,-2.3671772480010986,-0.42563530802726746,0.004849677922715497,-3.2353899478912354
Dgcr6,0.02672058716416359,0.04598773270845413,-0.7972797751426697,0.005893543309067686,-3.254523992538452,-0.7972797751426697,0.015587383456031485,-2.9891865253448486,-0.7972797751426697,0.00012672720533274715,-4.248301982879639
Prodh,0.0,0.0011061914265155792,-20.07796859741211,0.9979940091511154,-0.05797655135393143,-20.07796859741211,0.36237076326736384,-1.4061863422393799,-20.07796859741211,0.038688933889774006,-2.474558115005493
Rtn4r,0.0,0.0,0.0,0.9979940091511154,0.11319231241941452,0.0,1.0,0.0,0.0,1.0,0.0
Zdhhc8,0.09820686280727386,0.11118245124816895,-0.18855632841587067,0.006476865989252392,-3.223353862762451,-0.18855632841587067,0.4235654718087968,-1.2694870233535767,-0.18855632841587067,0.17857567460693943,-1.6929655075073242
Ranbp1,1.58750319480896,1.8160663843154907,-0.4035741090774536,1.0677114611136982e-18,-9.283461570739746,-0.4035741090774536,1.1355693131611352e-11,-7.459874153137207,-0.4035741090774536,1.1856368704968135e-24,-10.744665145874023
Trmt2a,0.11420837789773941,0.14961926639080048,-0.4157325029373169,0.00010096161158940184,-4.396688938140869,-0.4157325029373169,0.015545262727802666,-2.989201784133911,-0.4157325029373169,0.0002115216563471065,-4.120630264282227
Dgcr8,0.13745400309562683,0.15257471799850464,-0.16173787415027618,0.009613413523291545,-3.0906577110290527,-0.16173787415027618,0.4879260854954188,-1.147889494895935,-0.16173787415027618,0.22621085765191123,-1.5523499250411987
Tango2,0.15091964602470398,0.1624220460653305,-0.11448067426681519,0.009624038296019707,-3.090123414993286,-0.11448067426681519,0.5336415249689985,-0.9739508628845215,-0.11448067426681519,0.3426963373274435,-1.2648563385009766
Arvcf,0.004390100948512554,0.008402826264500618,-0.9395178556442261,0.9979940091511154,-0.4602501094341278,-0.9395178556442261,0.45890413528491314,-1.2028485536575317,-0.9395178556442261,0.14042428665247175,-1.8599854707717896
Comt,0.2582075893878937,0.3203440010547638,-0.3580707311630249,0.001676365439707995,-3.647446393966675,-0.3580707311630249,0.0031200876284111063,-3.5269739627838135,-0.3580707311630249,6.27128388128459e-06,-4.934838771820068
Txnrd2,0.11444351822137833,0.1348264366388321,-0.2514762878417969,0.00315696946059245,-3.4550819396972656,-0.2514762878417969,0.204510386597507,-1.8186999559402466,-0.2514762878417969,0.03970596287319551,-2.4602174758911133
Gnb1l,0.033767834305763245,0.03223424404859543,0.06816758960485458,0.5243861255515384,-1.1379790306091309,0.06816758960485458,0.943227660944842,0.2617102861404419,0.06816758960485458,0.8710411066699192,0.33928048610687256
Rtl10,0.0032805069349706173,0.0017817156622186303,0.8817329406738281,0.9979940091511154,0.07872699201107025,0.8817329406738281,0.553233024633976,0.938528835773468,0.8817329406738281,0.42387590924214935,1.1065059900283813
Gp1bb,0.0,0.0,0.0,0.9979940091511154,0.11319231241941452,0.0,1.0,0.0,0.0,1.0,0.0
Sept5,0.002463162876665592,0.0006684300606139004,1.882957100868225,0.9979940091511154,0.19325517117977142,1.882957100868225,0.3679594651119265,1.3868311643600464,1.882957100868225,0.23375472503390315,1.5320920944213867
Cdc45,0.38818445801734924,0.35015273094177246,0.1778763383626938,0.461308620799389,1.2330036163330078,0.1778763383626938,0.1245422131626308,2.0976505279541016,0.1778763383626938,0.018567334799220646,2.76767635345459
Ufd1,0.3358708918094635,0.34881791472435,-0.06443843990564346,0.8702273097765165,-0.6725636124610901,-0.06443843990564346,0.6574545443902748,-0.758105456829071,-0.06443843990564346,0.46147875269036936,-1.0200320482254028
2510002D24Rik,0.20619195699691772,0.2659505605697632,-0.4119712710380554,2.493486450231362e-05,-4.7245988845825195,-0.4119712710380554,0.0009929525229697461,-3.8556597232818604,-0.4119712710380554,1.1809156511701898e-06,-5.27250862121582
Mrpl40,0.5672339200973511,0.5985487699508667,-0.102295882999897,0.6724980667140167,-0.9278029203414917,-0.102295882999897,0.27759105702192777,-1.6160959005355835,-0.102295882999897,0.07935469969824757,-2.150998830795288
Hira,0.13044729828834534,0.17226244509220123,-0.4320649802684784,3.358652977724709e-05,-4.65602445602417,-0.4320649802684784,0.0044394460240098025,-3.4140093326568604,-0.4320649802684784,2.171989910097316e-05,-4.662667274475098
Iglc1,0.006709402892738581,0.024139532819390297,-1.8597468137741089,0.9979940091511154,-0.38116687536239624,-1.8597468137741089,0.3467146145435726,-1.4573867321014404,-1.8597468137741089,0.035141960987302046,-2.5178005695343018
Iglc3,0.0028363598976284266,0.012921939603984356,-2.1949944496154785,0.9984208920935209,-0.006412153132259846,-2.1949944496154785,0.4958247117233035,-1.133898138999939,-2.1949944496154785,0.12133223523044499,-1.9373224973678589
Iglv1,0.00024924552417360246,0.011988675221800804,-5.596432209014893,0.9979940091511154,0.05503764748573303,-5.596432209014893,0.5317211742532233,-0.9789983630180359,-5.596432209014893,0.17059587826479428,-1.7220276594161987
Iglc2,0.00699178222566843,0.007892092689871788,-0.1753978580236435,0.9979940091511154,0.13251782953739166,-0.1753978580236435,1.0,-0.12811999022960663,-0.1753978580236435,0.9582206049994719,-0.1968119591474533
Iglv3,0.0,0.005416521802544594,-22.372844696044922,0.9979940091511154,0.027607882395386696,-22.372844696044922,0.5196272646011879,-1.0,-22.372844696044922,0.16021537352752957,-1.759765386581421
Lamp3,0.0,0.002740083960816264,-21.387765884399414,0.9979940091511154,-0.22914542257785797,-21.387765884399414,0.17079594981759794,-1.9284775257110596,-21.387765884399414,0.0030058771830894903,-3.3936679363250732
B3gnt5,0.06891921907663345,0.05324912071228027,0.38356757164001465,0.9979940091511154,-0.48402851819992065,0.38356757164001465,0.2328730817343542,1.7404727935791016,0.38356757164001465,0.054335121528902554,2.3246347904205322
Klhl6,0.3829370439052582,0.4298473596572876,-0.2028415948152542,0.07192488146572229,-2.292611837387085,-0.2028415948152542,0.1004385988263149,-2.2112083435058594,-0.2028415948152542,0.008260713037751652,-3.0597217082977295
Klhl24,0.1778220534324646,0.16553157567977905,0.11244688928127289,0.9979940091511154,0.14275947213172913,0.11244688928127289,0.692723904374688,0.6981906890869141,0.11244688928127289,0.46147875269036936,1.0101358890533447
Yeats2,0.09348899871110916,0.09816773235797882,-0.07388120144605637,0.012454625347143916,-2.9988393783569336,-0.07388120144605637,0.8415159221451354,-0.44359228014945984,-0.07388120144605637,0.7107535068518707,-0.5875953435897827
Parl,0.31782543659210205,0.3808099627494812,-0.3089098632335663,0.003038097383811231,-3.467015504837036,-0.3089098632335663,0.0012793458117228089,-3.784207582473755,-0.3089098632335663,2.53329328402893e-06,-5.120351791381836
Cyp2ab1,0.0,0.0,0.0,0.9979940091511154,0.11319231241941452,0.0,1.0,0.0,0.0,1.0,0.0
Abcc5,0.028215738013386726,0.05334668233990669,-0.9371498823165894,0.006058580173973369,-3.2453510761260986,-0.9371498823165894,0.016810152719860763,-2.9640984535217285,-0.9371498823165894,4.949807486588122e-05,-4.4745774269104
Eif2b5,0.2537595331668854,0.30025574564933777,-0.2778162658214569,0.005162794249181686,-3.298340320587158,-0.2778162658214569,0.015847266126210437,-2.9810612201690674,-0.2778162658214569,0.00028331833013955557,-4.045902252197266
Dvl3,0.0707823783159256,0.053446948528289795,0.41791683435440063,0.7191362232193237,-0.8668874502182007,0.41791683435440063,0.11206980545052832,2.1519792079925537,0.41791683435440063,0.022796947124790495,2.689615488052368
Ap2m1,0.7736040949821472,0.8190947771072388,-0.11955947428941727,0.3497766823732318,-1.4293757677078247,-0.11955947428941727,0.0932345459448507,-2.2474353313446045,-0.11955947428941727,0.010039968261918596,-2.991549491882324
Abcf3,0.08506535738706589,0.1059565544128418,-0.33213865756988525,0.0026350721814500096,-3.511188268661499,-0.33213865756988525,0.11895275752719317,-2.1218011379241943,-0.33213865756988525,0.014422949820415008,-2.8620147705078125
Vwa5b2,0.00038274776306934655,0.0,18.546314239501953,0.9979940091511154,0.14071114361286163,18.546314239501953,0.5196272646011879,1.0,18.546314239501953,0.46147875269036936,1.0
Alg3,0.06674189120531082,0.08671732246875763,-0.39232105016708374,0.0005412395828920417,-3.964402675628662,-0.39232105016708374,0.09683205184878023,-2.2295870780944824,-0.39232105016708374,0.008601211880364258,-3.0455398559570312
Eef1akmt4,0.02551507204771042,0.05121632665395737,-1.0239121913909912,0.0019544845428133197,-3.6013145446777344,-1.0239121913909912,0.0008851748118519394,-3.893786668777466,-1.0239121913909912,1.0404272522134098e-07,-5.730449199676514
Camk2n2,0.023240268230438232,0.02699362300336361,-0.21871072053909302,0.48369066415292583,-1.1992506980895996,-0.21871072053909302,0.7373564481403477,-0.6220108866691589,-0.21871072053909302,0.538004683885073,-0.8655105233192444
Ece2,0.0,0.0,0.0,0.9979940091511154,0.11319231241941452,0.0,1.0,0.0,0.0,1.0,0.0
Psmd2,0.7395966649055481,0.9220706820487976,-0.46778351068496704,2.5981286482288132e-12,-7.474165916442871,-0.46778351068496704,3.88130284041055e-14,-8.241835594177246,-0.46778351068496704,1.2013711690051983e-26,-11.201822280883789
Eif4g1,0.6913287043571472,0.9196135401725769,-0.5981951355934143,5.551127935195667e-18,-9.100537300109863,-0.5981951355934143,3.8941897161101198e-22,-10.516542434692383,-0.5981951355934143,1.888927023812742e-40,-13.993799209594727
Fam131a,0.0009853930678218603,0.003021657932549715,-1.618037462234497,0.9979940091511154,-0.1733953058719635,-1.618037462234497,0.46592060301266636,-1.189673900604248,-1.618037462234497,0.15661015821443172,-1.800179362297058
Clcn2,0.001928979647345841,0.0023748751264065504,-0.3003353476524353,0.9979940091511154,-0.11764519661664963,-0.3003353476524353,0.9302303531541518,-0.2854302227497101,-0.3003353476524353,0.8525854079450623,-0.36701998114585876
Polr2h,0.35687455534935,0.5299227833747864,-0.7043865323066711,3.619980041538188e-15,-8.331880569458008,-0.7043865323066711,3.316031125145916e-17,-9.19550895690918,-0.7043865323066711,1.0661903488914373e-33,-12.680185317993164
Teddm3,0.0002719565818551928,0.0,18.053218841552734,0.9979940091511154,0.14071114361286163,18.053218841552734,0.5196272646011879,1.0,18.053218841552734,0.46147875269036936,1.0
Ephb3,0.0007187274168245494,0.0,19.45560646057129,0.9979940091511154,0.16822996735572815,19.45560646057129,0.36777620834122393,1.3874404430389404,19.45560646057129,0.28774063894161356,1.3874404430389404
Vps8,0.03507262095808983,0.03026501089334488,0.21618108451366425,0.7052621133753102,-0.8850552439689636,0.21618108451366425,0.6564012824983994,0.7597817778587341,0.21618108451366425,0.47254040698163857,0.9803304672241211
2510009E07Rik,0.0,0.0,0.0,0.9979940091511154,0.11319231241941452,0.0,1.0,0.0,0.0,1.0,0.0
Ehhadh,0.004973818548023701,0.006326004397124052,-0.3479171097278595,0.9979940091511154,-0.34492039680480957,-0.3479171097278595,0.772897023600227,-0.5612325668334961,-0.3479171097278595,0.5996879204573562,-0.7632756233215332
Map3k13,0.005414588376879692,0.005828101187944412,-0.10647306591272354,0.9979940091511154,-0.205010786652565,-0.10647306591272354,0.9963490839401106,-0.15984615683555603,-0.10647306591272354,0.9487564816541506,-0.21275413036346436
Tmem41a,0.018683506175875664,0.036561284214258194,-0.9815067052841187,0.09129905735135325,-2.180577278137207,-0.9815067052841187,0.049068595966398135,-2.546569347381592,-0.9815067052841187,0.0004104366488040869,-3.9490833282470703
Liph,0.0003723461995832622,0.0,18.50655746459961,0.9979940091511154,0.14071114361286163,18.50655746459961,0.5196272646011879,1.0,18.50655746459961,0.46147875269036936,1.0
Senp2,0.3769772946834564,0.34191372990608215,0.1676502525806427,0.3795865944005976,1.3733584880828857,0.1676502525806427,0.14445513284825287,2.0208942890167236,0.1676502525806427,0.024543424260080052,2.6605496406555176
Igf2bp2,0.005161569453775883,0.007162079680711031,-0.4740133583545685,0.9979940091511154,-0.3202514350414276,-0.4740133583545685,0.664651939157215,-0.7449902892112732,-0.4740133583545685,0.45442008164638925,-1.0508745908737183
Tra2b,1.3182899951934814,1.3585275411605835,-0.07869043201208115,0.9183295467161108,-0.6127168536186218,-0.07869043201208115,0.1816657643245699,-1.8873146772384644,-0.07869043201208115,0.03606184598709686,-2.505474805831909
Etv5,0.007307457271963358,0.005979899317026138,0.2902068495750427,0.9979940091511154,-0.1202278733253479,0.2902068495750427,0.8082927018987642,0.5000698566436768,0.2902068495750427,0.6797686773652889,0.6351253390312195
Dgkg,0.0026922367978841066,0.005750427488237619,-1.0970712900161743,0.9979940091511154,-0.26218581199645996,-1.0970712900161743,0.5196272646011879,-1.0282872915267944,-1.0970712900161743,0.19661076665026592,-1.637237548828125
Tbccd1,0.0409521646797657,0.046726688742637634,-0.19450300931930542,0.06021937263175482,-2.3728528022766113,-0.19450300931930542,0.5943608838690225,-0.8644734025001526,-0.19450300931930542,0.4036410071196116,-1.144448161125183
Dnajb11,0.8973492383956909,1.1358555555343628,-0.5407378673553467,3.0524022908051704e-19,-9.422213554382324,-0.5407378673553467,1.3776498030050455e-18,-9.597719192504883,-0.5407378673553467,1.0100297553190327e-36,-13.272364616394043
Eif4a2,0.7654362916946411,0.7678403854370117,-0.006477741990238428,0.5890689140208515,1.0403718948364258,-0.006477741990238428,1.0,-0.1032494604587555,-0.006477741990238428,0.9922445125375026,-0.14174389839172363
Rfc4,0.650964617729187,0.7590309381484985,-0.3086170256137848,0.00014082624621204992,-4.315646171569824,-0.3086170256137848,0.00010851438913796287,-4.437575817108154,-0.3086170256137848,9.906571473705844e-09,-6.146270751953125
St6gal1,0.0005904761492274702,0.007536630611866713,-3.678980588912964,0.9979940091511154,-0.28712198138237,-3.678980588912964,0.2772030063730059,-1.6196542978286743,-3.678980588912964,0.017349838652984347,-2.795201301574707
Rtp4,0.2865756154060364,0.18381372094154358,0.7177013158798218,0.023383697617713396,2.764528512954712,0.7177013158798218,3.668189035817458e-06,5.189375400543213,0.7177013158798218,2.2282606011709429e-10,6.763636112213135
Bcl6,0.012185538187623024,0.007080701179802418,0.786893904209137,0.9979940091511154,0.23992139101028442,0.786893904209137,0.3851104042916536,1.3504207134246826,0.786893904209137,0.16021537352752957,1.7764641046524048
Lpp,0.1061917170882225,0.06023324653506279,0.851651132106781,0.30680098940896755,1.5153164863586426,0.851651132106781,0.00014285545821987483,4.357347011566162,0.851651132106781,3.2318514636464625e-07,5.524236679077148
Tprg,0.0006113717681728303,0.0,19.22213363647461,0.9979940091511154,0.14071114361286163,19.22213363647461,0.5196272646011879,1.0,19.22213363647461,0.46147875269036936,1.0
P3h2,0.0008201976888813078,0.0,19.64620590209961,0.9979940091511154,0.14071114361286163,19.64620590209961,0.5196272646011879,1.0,19.64620590209961,0.46147875269036936,1.0
Il1rap,0.040492717176675797,0.039576079696416855,0.033699341118335724,0.47518544269772317,-1.211362600326538,0.033699341118335724,1.0,0.1272718459367752,0.033699341118335724,0.9750161223443178,0.16973158717155457
Uts2b,0.0,0.0,0.0,0.9979940091511154,0.11319231241941452,0.0,1.0,0.0,0.0,1.0,0.0
Ccdc50,0.5655602812767029,0.5310491919517517,0.11799359321594238,0.37359648564222636,1.3839564323425293,0.11799359321594238,0.2789417420891489,1.6130298376083374,0.11799359321594238,0.08645792446423523,2.10963773727417
Opa1,0.1787479668855667,0.22633519768714905,-0.37601903080940247,0.0003443020496838506,-4.087213039398193,-0.37601903080940247,0.009953653339235768,-3.146953821182251,-0.37601903080940247,8.279301561438573e-05,-4.351668834686279
Hes1,0.010327393189072609,0.02450098842382431,-1.2566176652908325,0.28349207288933803,-1.5642091035842896,-1.2566176652908325,0.05745017770083002,-2.475451946258545,-1.2566176652908325,0.0010277779090385102,-3.7012245655059814
Gp5,0.0,0.0,0.0,0.9979940091511154,0.11319231241941452,0.0,1.0,0.0,0.0,1.0,0.0
Atp13a3,0.45701345801353455,0.5375089645385742,-0.29690954089164734,0.0018306274139151585,-3.6211743354797363,-0.29690954089164734,0.00035625889463667364,-4.130823135375977,-0.29690954089164734,3.1241925213738173e-07,-5.5280680656433105
Tmem44,0.0,0.0,0.0,0.9979940091511154,0.11319231241941452,0.0,1.0,0.0,0.0,1.0,0.0
Lsg1,0.2359217256307602,0.2929864227771759,-0.35550108551979065,0.0004595012100531507,-4.0091094970703125,-0.35550108551979065,0.0023815240322864976,-3.608161211013794,-0.35550108551979065,6.410840358260493e-06,-4.930554389953613
Fam43a,0.002495082328096032,0.005481212865561247,-1.1375629901885986,0.9979940091511154,-0.31829217076301575,-1.1375629901885986,0.437292684721081,-1.2428061962127686,-1.1375629901885986,0.1523648371458305,-1.8150843381881714
Xxylt1,0.024215999990701675,0.03617890924215317,-0.587861180305481,0.025864672670506895,-2.7244527339935303,-0.587861180305481,0.11316499338583803,-2.1481945514678955,-0.587861180305481,0.012421725686826302,-2.916550397872925
Acap2,0.2682721018791199,0.21060587465763092,0.39240720868110657,0.20330973232359476,1.7642326354980469,0.39240720868110657,0.002547211510341095,3.5846951007843018,0.39240720868110657,1.876248387862391e-05,4.696537971496582
Ppp1r2,0.5388830900192261,0.5675841569900513,-0.09746488183736801,0.59699088410773,-1.028883457183838,-0.09746488183736801,0.36167647049845647,-1.4182765483856201,-0.09746488183736801,0.12406017811439349,-1.9253339767456055
Bdh1,0.0755612924695015,0.13157184422016144,-0.8412318229675293,3.634466339152012e-08,-6.003734588623047,-0.8412318229675293,5.2357247965064514e-06,-5.135497570037842,-0.8412318229675293,3.1383286397852977e-12,-7.390479564666748
Dlg1,0.18324600160121918,0.153662770986557,0.27595266699790955,0.9979940091511154,-0.269399493932724,0.27595266699790955,0.07575062267476779,2.3460419178009033,0.27595266699790955,0.009806813931858014,3.000217914581299
0610012G03Rik,0.45766791701316833,0.5369477868080139,-0.2923893630504608,0.004497630552802072,-3.343759775161743,-0.2923893630504608,0.0002717080136957085,-4.201236248016357,-0.2923893630504608,1.104312226157911e-07,-5.720172882080078
Ncbp2,0.3864346742630005,0.46353867650032043,-0.32201167941093445,0.0012584341118049972,-3.7315168380737305,-0.32201167941093445,0.00016108302310435785,-4.334285736083984,-0.32201167941093445,7.544739164939712e-08,-5.791238784790039
Senp5,0.09399827569723129,0.09573834389448166,-0.027737747877836227,0.0769782891222774,-2.2620651721954346,-0.027737747877836227,0.9928637528819211,-0.16720406711101532,-0.027737747877836227,0.9434067791550711,-0.22258663177490234
Pak2,0.9576641321182251,0.9906436800956726,-0.0764390379190445,0.6793641736019986,-0.9187190532684326,-0.0764390379190445,0.29921540232329885,-1.565592885017395,-0.0764390379190445,0.0957409316584766,-2.0591440200805664
Pigx,0.5128110647201538,0.5156288146972656,-0.010111578740179539,0.9979940091511154,-0.06127168610692024,-0.010111578740179539,1.0,-0.1481228917837143,-0.010111578740179539,0.9554992431887755,-0.20080409944057465
Cep19,0.11408748477697372,0.14491057395935059,-0.3677363395690918,0.00021398911735158642,-4.210647106170654,-0.3677363395690918,0.03263729065055655,-2.7093663215637207,-0.3677363395690918,0.0011227140551287723,-3.676579713821411
Nrros,0.13035514950752258,0.1525849848985672,-0.2435787469148636,0.012301694810672883,-3.0034704208374023,-0.2435787469148636,0.2596437406307655,-1.6630743741989136,-0.2435787469148636,0.055654657143259394,-2.3135297298431396
Bex6,0.00045138708082959056,0.004379355348646641,-3.281113386154175,0.9979940091511154,-0.11595310270786285,-3.281113386154175,0.45647149581501734,-1.208406686782837,-3.281113386154175,0.09118565764032405,-2.084782361984253
Fbxo45,0.10234769433736801,0.10316761583089828,-0.012112945318222046,0.056660581775140224,-2.4010841846466064,-0.012112945318222046,1.0,-0.07531342655420303,-0.012112945318222046,1.0,-0.10025354474782944
Wdr53,0.0985102504491806,0.09616243094205856,0.03652172163128853,0.08125753894708695,-2.2365946769714355,0.03652172163128853,0.9524227210842212,0.24531885981559753,0.03652172163128853,0.8848732230854541,0.31619274616241455
Smco1,0.0,0.0004626369336619973,-18.81985855102539,0.9979940091511154,0.027607882395386696,-18.81985855102539,0.5196272646011879,-1.0,-18.81985855102539,0.16021537352752957,-1.759765386581421
Rnf168,0.16748560965061188,0.1755537986755371,-0.07386233657598495,0.014685218650565103,-2.938725471496582,-0.07386233657598495,0.7639271467889562,-0.5765197277069092,-0.07386233657598495,0.6016887262092145,-0.7594058513641357
Ubxn7,0.11729547381401062,0.09847632050514221,0.2661178410053253,0.6811295128236329,-0.9163144826889038,0.2661178410053253,0.22418273006745906,1.7641034126281738,0.2661178410053253,0.056905663738962074,2.3031928539276123
Tctex1d2,0.010411876253783703,0.02863258868455887,-1.472614049911499,0.1333662679233479,-1.9929327964782715,-1.472614049911499,0.017264241011163958,-2.9574382305145264,-1.472614049911499,1.591881841969188e-05,-4.735384464263916
Pcyt1a,0.06674756854772568,0.06537342071533203,0.031013496220111847,0.17023753761793187,-1.861750841140747,0.031013496220111847,1.0,0.14129021763801575,0.031013496220111847,0.9626486596747845,0.1893336921930313
Slc51a,0.0003264257684350014,0.0,18.316635131835938,0.9979940091511154,0.14071114361286163,18.316635131835938,0.5196272646011879,1.0,18.316635131835938,0.46147875269036936,1.0
Zdhhc19,0.0,0.0006219209171831608,-19.246822357177734,0.9979940091511154,0.027607882395386696,-19.246822357177734,0.5196272646011879,-1.0,-19.246822357177734,0.16021537352752957,-1.759765386581421
Tfrc,0.13216325640678406,0.20888938009738922,-0.7173364758491516,3.102304450517181e-08,-6.032767295837402,-0.7173364758491516,1.7501039299101758e-06,-5.362003326416016,-0.7173364758491516,4.948547277366114e-13,-7.646437644958496
Tnk2,0.11124143749475479,0.07012707740068436,0.695756733417511,0.9979940091511154,0.17597797513008118,0.695756733417511,0.00039195059447747903,4.095354080200195,0.695756733417511,6.247199120925638e-06,4.94087553024292
Muc4,0.0013634412316605449,0.0,20.379806518554688,0.9979940091511154,0.22326761484146118,20.379806518554688,0.15400453890131507,1.9828987121582031,20.379806518554688,0.11114125624727927,1.9828987121582031
Muc20,0.009151051752269268,0.009096765890717506,0.008623042143881321,0.9979940091511154,-0.2348451018333435,0.008623042143881321,1.0,0.01629152148962021,0.008623042143881321,1.0,0.022016141563653946
Rubcn,0.02215156890451908,0.026863371953368187,-0.28164419531822205,0.30109049568735624,-1.527339220046997,-0.28164419531822205,0.5562992344257685,-0.9333344101905823,-0.28164419531822205,0.3448404220435547,-1.2605105638504028
Fyttd1,0.13070306181907654,0.18329298496246338,-0.5267866849899292,1.8587796414927439e-06,-5.271413326263428,-0.5267866849899292,0.0005971978228008235,-3.995274066925049,-0.5267866849899292,2.6338476020403756e-07,-5.559199333190918
Lrch3,0.2021746188402176,0.1976594179868698,0.035950563848018646,0.6623472695506234,-0.9416959285736084,0.035950563848018646,0.9133960123663923,0.31626591086387634,0.035950563848018646,0.8160667168228976,0.4247339367866516
Iqcg,0.014480415731668472,0.018041912466287613,-0.319825142621994,0.5476784914205852,-1.1019997596740723,-0.319825142621994,0.6076261851770329,-0.8419416546821594,-0.319825142621994,0.4094418353995348,-1.1331727504730225
Rpl35a,3.1425881385803223,3.2679498195648193,-0.1885077804327011,1.52250148341951e-17,-8.983070373535156,-0.1885077804327011,1.5695085170735477e-22,-10.599713325500488,-0.1885077804327011,4.2301267527941715e-40,-13.93598461151123
Lmln,0.004305301234126091,0.0052626123651862144,-0.2903561294078827,0.9979940091511154,-0.374042272567749,-0.2903561294078827,0.8545292839394857,-0.4209859371185303,-0.2903561294078827,0.7381085668833632,-0.5449803471565247
Osbpl11,0.09181714057922363,0.07221247255802155,0.3608505129814148,0.8814551219389164,-0.6604517698287964,0.3608505129814148,0.11761213239312487,2.1270177364349365,0.3608505129814148,0.021629198208035768,2.709524393081665
Snx4,0.37559235095977783,0.43317902088165283,-0.2501276731491089,0.011685559210326154,-3.022261619567871,-0.2501276731491089,0.010073065851395467,-3.1410574913024902,-0.2501276731491089,0.00015170785296396037,-4.2045416831970215
Zfp148,0.3973448872566223,0.3553757965564728,0.19321516156196594,0.3408084744030715,1.4469201564788818,0.19321516156196594,0.07097373097622359,2.3779094219207764,0.19321516156196594,0.007411345072880053,3.0966811180114746
Slc12a8,0.0020482628606259823,0.003453681943938136,-0.7547482848167419,0.9979940091511154,-0.06296378374099731,-0.7547482848167419,0.6946875618248091,-0.6951168179512024,-0.7547482848167419,0.46147875269036936,-1.0358140468597412
Heg1,0.08553873747587204,0.043996285647153854,0.9894861578941345,0.5546003422554204,1.0907784700393677,0.9894861578941345,3.419485019531137e-05,4.695838928222656,0.9894861578941345,9.554827394712698e-08,5.752688884735107
Muc13,0.00028712194762192667,0.0011487818555906415,-2.0009872913360596,0.9979940091511154,-0.0302796121686697,-2.0009872913360596,0.5266404924550419,-0.9879526495933533,-2.0009872913360596,0.21992682889408996,-1.5693728923797607
Itgb5,0.00156269664876163,0.007936036214232445,-2.3489811420440674,0.8145930458731212,-0.7440769076347351,-2.3489811420440674,0.02743005410271762,-2.783031940460205,-2.3489811420440674,5.099450421664222e-05,-4.4703192710876465
Umps,0.23250150680541992,0.36986902356147766,-0.7738302946090698,1.9214567864702165e-13,-7.824162483215332,-0.7738302946090698,6.065017996887538e-14,-8.209158897399902,-0.7738302946090698,2.438149872840109e-28,-11.565834999084473
Kalrn,0.000229570985538885,0.0,17.808752059936523,0.9979940091511154,0.14071114361286163,17.808752059936523,0.5196272646011879,1.0,17.808752059936523,0.46147875269036936,1.0
Ccdc14,0.040504202246665955,0.03024398721754551,0.42886781692504883,0.7571347697892399,-0.816480815410614,0.42886781692504883,0.2358283945471574,1.7313035726547241,0.42886781692504883,0.0814807289919822,2.1381237506866455
Hacd2,0.2556065022945404,0.20874658226966858,0.3272809386253357,0.27894039464199377,1.574807047843933,0.3272809386253357,0.006834841914687207,3.270098924636841,0.3272809386253357,0.0001352795027667403,4.234021186828613
Sec22a,0.061193402856588364,0.06854820251464844,-0.1691053807735443,0.045825365336824686,-2.4904091358184814,-0.1691053807735443,0.6148216327336867,-0.8295408487319946,-0.1691053807735443,0.41265277473419704,-1.126958966255188
Pdia5,0.0025904595386236906,0.007447934243828058,-1.5271388292312622,0.9979940091511154,-0.40663737058639526,-1.5271388292312622,0.2519920381973988,-1.686850905418396,-1.5271388292312622,0.021286717586426154,-2.715876579284668
Slc49a4,0.005578659009188414,0.01034433115273714,-0.8942922353744507,0.8595548721320339,-0.6877034306526184,-0.8942922353744507,0.4056159578507443,-1.3060933351516724,-0.8942922353744507,0.1464121079986221,-1.8368912935256958
Hspbap1,0.03267572075128555,0.03178424388170242,0.04055379703640938,0.4615230485668645,-1.23264741897583,0.04055379703640938,0.9999019479424175,0.15230616927146912,0.04055379703640938,0.9564799583793707,0.19927772879600525
Parp14,0.31477928161621094,0.25409069657325745,0.35484689474105835,0.1828657573295115,1.8226544857025146,0.35484689474105835,0.004099357651857733,3.437167167663574,0.35484689474105835,4.8010764805964846e-05,4.48237419128418
Dtx3l,0.2568228244781494,0.2715747654438019,-0.09168526530265808,0.2701357764831583,-1.594666838645935,-0.09168526530265808,0.6338425191696139,-0.7972971200942993,-0.09168526530265808,0.4236664195529073,-1.1068934202194214
Parp9,0.32896873354911804,0.3203566074371338,0.04481979459524155,0.8737203404239589,-0.6685560345649719,0.04481979459524155,0.8241751140677643,0.47275659441947937,0.04481979459524155,0.6848086015429601,0.6272770166397095
Kpna1,0.24566707015037537,0.28805017471313477,-0.26154661178588867,0.01655990509443254,-2.895087242126465,-0.26154661178588867,0.06070909845999031,-2.449087142944336,-0.26154661178588867,0.0028585598362463045,-3.4035000801086426
Wdr5b,0.017364121973514557,0.02150397002696991,-0.311489462852478,0.33476073878334317,-1.4590320587158203,-0.311489462852478,0.5575568432413605,-0.9307266473770142,-0.311489462852478,0.3558668326248106,-1.2372713088989258
Fam162a,0.44021186232566833,0.5275628566741943,-0.3292170763015747,0.0004242163195140569,-4.030394554138184,-0.3292170763015747,0.00011899761756012492,-4.411401271820068,-0.3292170763015747,3.119314825927851e-08,-5.947170734405518
Ccdc58,0.11250508576631546,0.19543088972568512,-0.8580210208892822,7.220594727976394e-10,-6.653054237365723,-0.8580210208892822,1.243765491428034e-08,-6.302901744842529,-0.8580210208892822,2.3865004523393095e-18,-9.182459831237793
Stfa2l1,0.0,0.0,0.0,0.9979940091511154,0.11319231241941452,0.0,1.0,0.0,0.0,1.0,0.0
Cstdc4,0.0,0.0,0.0,0.9979940091511154,0.11319231241941452,0.0,1.0,0.0,0.0,1.0,0.0
Csta2,0.0004144734120927751,0.0,18.661222457885742,0.9979940091511154,0.14071114361286163,18.661222457885742,0.5196272646011879,1.0,18.661222457885742,0.46147875269036936,1.0
Cstdc5,0.0,0.0,0.0,0.9979940091511154,0.11319231241941452,0.0,1.0,0.0,0.0,1.0,0.0
Stfa3,0.0,0.0,0.0,0.9979940091511154,0.11319231241941452,0.0,1.0,0.0,0.0,1.0,0.0
Cd86,0.05975161865353584,0.03867274522781372,0.6429905295372009,0.6673254135813714,0.9342150688171387,0.6429905295372009,0.15581015081629931,1.9784438610076904,0.6429905295372009,0.017974448577692804,2.7795684337615967
Ildr1,0.07678795605897903,0.04756598547101021,0.7122474312782288,0.9979940091511154,-0.1760670393705368,0.7122474312782288,0.004608007014686385,3.3951261043548584,0.7122474312782288,0.0002574585134961398,4.0731964111328125
Slc15a2,0.007456484716385603,0.00955679640173912,-0.3595484495162964,0.9979940091511154,0.20928555727005005,-0.3595484495162964,0.9057928949740668,-0.3299166262149811,-0.3595484495162964,0.7419735051408285,-0.5388392806053162
Eaf2,0.005068731959909201,0.015459424816071987,-1.6162978410720825,0.9979940091511154,-0.26806363463401794,-1.6162978410720825,0.48314720419249024,-1.1591581106185913,-1.6162978410720825,0.10841542451693326,-1.9963645935058594
Iqcb1,0.033654436469078064,0.03849363699555397,-0.19733519852161407,0.3892133500406703,-1.3547455072402954,-0.19733519852161407,0.7311621362687496,-0.6321282982826233,-0.19733519852161407,0.5166368498311453,-0.9028909206390381
Golgb1,0.23398812115192413,0.2824709415435791,-0.3081437051296234,0.001361257822892232,-3.7091634273529053,-0.3081437051296234,0.030753181358869657,-2.733064889907837,-0.3081437051296234,0.0007456587890403099,-3.7897467613220215
Hcls1,0.9132288694381714,0.9236753582954407,-0.025082504376769066,0.9979940091511154,0.20572324097156525,-0.025082504376769066,0.8110304575571398,-0.49604564905166626,-0.025082504376769066,0.663827974796607,-0.6598442792892456
Fbxo40,0.0,0.0,0.0,0.9979940091511154,0.11319231241941452,0.0,1.0,0.0,0.0,1.0,0.0
Polq,0.11741436272859573,0.08148398250341415,0.5533684492111206,0.9979940091511154,0.40984344482421875,0.5533684492111206,0.002843153093542238,3.549173355102539,0.5533684492111206,5.308511496757452e-05,4.459471225738525
Stxbp5l,0.0,0.0,0.0,0.9979940091511154,0.11319231241941452,0.0,1.0,0.0,0.0,1.0,0.0
Gtf2e1,0.058829668909311295,0.07340312749147415,-0.3299258053302765,0.019335575003520566,-2.8371996879577637,-0.3299258053302765,0.29550423342210413,-1.5754780769348145,-0.3299258053302765,0.06927558436018874,-2.214708089828491
Rabl3,0.05032793805003166,0.07574810832738876,-0.6083799004554749,0.0014291830568689233,-3.6946470737457275,-0.6083799004554749,0.022404816327118517,-2.855835437774658,-0.6083799004554749,0.00025050136759229366,-4.077258110046387
Hgd,0.0,0.0,0.0,0.9979940091511154,0.11319231241941452,0.0,1.0,0.0,0.0,1.0,0.0
Ndufb4,0.6728180646896362,0.7549480199813843,-0.23239479959011078,0.002484620602096249,-3.5306918621063232,-0.23239479959011078,0.0005797612485383589,-3.999558687210083,-0.23239479959011078,9.429492406107192e-07,-5.316839694976807
Fstl1,0.0,0.0,0.0,0.9979940091511154,0.11319231241941452,0.0,1.0,0.0,0.0,1.0,0.0
Lrrc58,0.20458070933818817,0.2781173586845398,-0.4982012212276459,1.886281296199181e-06,-5.267850875854492,-0.4982012212276459,7.263445453331888e-05,-4.536797046661377,-0.4982012212276459,3.579708501350385e-09,-6.316714286804199
Gsk3b,0.6758177876472473,0.6036855578422546,0.22037982940673828,0.0025185442499783476,3.5257935523986816,0.22037982940673828,0.0046437152046543305,3.3972973823547363,0.22037982940673828,4.741565111227426e-05,4.485119342803955
Maats1,0.003374034073203802,0.011125790886580944,-1.7269595861434937,0.7263685201596995,-0.8562896251678467,-1.7269595861434937,0.17293711960246727,-1.9202083349227905,-1.7269595861434937,0.007661030681853621,-3.0862622261047363
Cox17,1.113269567489624,1.0701099634170532,0.09373167157173157,0.06723388402701397,2.3231587409973145,0.09373167157173157,0.1850381178656823,1.8762052059173584,0.09373167157173157,0.03317488527865693,2.540226936340332
Gm21987,0.0008516822126694024,0.0,19.700571060180664,0.9979940091511154,0.16822996735572815,19.700571060180664,0.37685692291810746,1.3668005466461182,19.700571060180664,0.29584668364341715,1.3668005466461182
Popdc2,0.13963276147842407,0.09632948040962219,0.5674390196800232,0.9979940091511154,0.3984440565109253,0.5674390196800232,0.002334691327842468,3.6075730323791504,0.5674390196800232,4.165014860702187e-05,4.517025470733643
Pla1a,0.014273138716816902,0.02342606522142887,-0.721435010433197,0.23028592002076032,-1.6914725303649902,-0.721435010433197,0.1283683405794416,-2.081639051437378,-0.721435010433197,0.011667347444688884,-2.9388699531555176
Adprh,0.7230342626571655,0.6975951194763184,0.07217905670404434,0.5356312867092848,1.1212362051010132,0.07217905670404434,0.4539338753463558,1.2117820978164673,0.07217905670404434,0.2058504615570859,1.6088653802871704
Cd80,0.04907158762216568,0.019150730222463608,1.3791946172714233,0.8454095267932592,0.704624354839325,1.3791946172714233,3.0982208925181215e-05,4.711097717285156,1.3791946172714233,7.530731391395885e-07,5.369478702545166
Timmdc1,0.1591789722442627,0.20083880424499512,-0.36634066700935364,0.0005880525325875315,-3.9410696029663086,-0.36634066700935364,0.01515741348396545,-2.999221086502075,-0.36634066700935364,0.00016866953902427723,-4.178107738494873
Poglut1,0.06283129006624222,0.08130590617656708,-0.38536351919174194,0.003769624624032745,-3.399509906768799,-0.38536351919174194,0.14328195924158751,-2.0257480144500732,-0.38536351919174194,0.016833856650545712,-2.8037021160125732
Tmem39a,0.08287809789180756,0.11927352100610733,-0.5519070029258728,5.6944008486831174e-05,-4.534728050231934,-0.5519070029258728,0.004724222930931287,-3.396103620529175,-0.5519070029258728,1.3118344057505824e-05,-4.7755231857299805
Arhgap31,0.15248064696788788,0.10767725110054016,0.5349318385124207,0.7196804308636099,0.8662641048431396,0.5349318385124207,0.0038603720737165753,3.455533027648926,0.5349318385124207,5.11959478486976e-05,4.467814922332764
B4galt4,0.00142184819560498,0.0013245551381260157,0.10232949256896973,0.9979940091511154,0.05281120538711548,0.10232949256896973,1.0,0.08223875612020493,0.10232949256896973,1.0,0.10869130492210388
Zbtb20,0.10439887642860413,0.07669591903686523,0.4651694893836975,0.9979940091511154,0.37617963552474976,0.4651694893836975,0.15890115206035732,1.9659274816513062,0.4651694893836975,0.022357862244071502,2.6966712474823
Tigit,0.03266409784555435,0.032180193811655045,0.021883532404899597,0.4156942204376454,-1.3096822500228882,0.021883532404899597,1.0,0.08304015547037125,0.021883532404899597,1.0,0.10807804763317108
Qtrt2,0.011884763836860657,0.028424810618162155,-1.2700085639953613,0.0647402171718417,-2.3399906158447266,-1.2700085639953613,0.005115093425642295,-3.3725600242614746,-1.2700085639953613,4.875561017910287e-06,-4.987776756286621
Ccdc191,0.01995222643017769,0.039799097925424576,-1.0105738639831543,0.01498032680791825,-2.93160080909729,-1.0105738639831543,0.019869770862934136,-2.901207208633423,-1.0105738639831543,0.00010753464935899824,-4.289422512054443
Zdhhc23,0.002900033025071025,0.0101450365036726,-1.8118644952774048,0.8151413861251479,-0.7429192066192627,-1.8118644952774048,0.17824347294039472,-1.9020438194274902,-1.8118644952774048,0.006623760337581289,-3.135058879852295
Gramd1c,0.008586208336055279,0.008153395727276802,0.07493285089731216,0.9979940091511154,-0.3423377275466919,0.07493285089731216,1.0,0.1459767371416092,0.07493285089731216,0.9626486596747845,0.18917925655841827
Atp6v1a,0.27625948190689087,0.32312220335006714,-0.26154598593711853,0.007227933175588462,-3.1859495639801025,-0.26154598593711853,0.022122359465812588,-2.8580024242401123,-0.26154598593711853,0.0006359805255509984,-3.833555221557617
Naa50,0.5513543486595154,0.6718923449516296,-0.3810082674026489,2.4878211311297127e-06,-5.212991237640381,-0.3810082674026489,2.6940700990732764e-07,-5.71537971496582,-0.3810082674026489,2.1289776528061014e-13,-7.763301372528076
Usf3,0.09803328663110733,0.08903861045837402,0.14543002843856812,0.2971533995000522,-1.5356216430664062,0.14543002843856812,0.609427356190289,0.8379088640213013,0.14543002843856812,0.42484461927298334,1.1045836210250854
Sidt1,0.35679423809051514,0.4078950583934784,-0.23231038451194763,0.05240893893989877,-2.433145046234131,-0.23231038451194763,0.0855144726825822,-2.2878127098083496,-0.23231038451194763,0.004804363664549483,-3.238426446914673
Spice1,0.13263151049613953,0.14363503456115723,-0.1231040358543396,0.021114988209139554,-2.8031795024871826,-0.1231040358543396,0.5955389578182532,-0.8616276383399963,-0.1231040358543396,0.39240839106437464,-1.1654340028762817
Boc,0.0,0.0,0.0,0.9979940091511154,0.11319231241941452,0.0,1.0,0.0,0.0,1.0,0.0
Nepro,0.04254389926791191,0.04373234137892723,-0.040611736476421356,0.19966547186153785,-1.7745634317398071,-0.040611736476421356,0.9868042832557984,-0.17999640107154846,-0.040611736476421356,0.9349724724375824,-0.23690015077590942
Gtpbp8,0.06518025696277618,0.07332728803157806,-0.17585967481136322,0.11130508009977026,-2.0837717056274414,-0.17585967481136322,0.5742961164297233,-0.8997164368629456,-0.17585967481136322,0.34874539179775477,-1.2520174980163574
Cd200r1,0.0107117909938097,0.003418617183342576,1.6529816389083862,0.9979940091511154,0.4923999309539795,1.6529816389083862,0.04876805669918221,2.5417680740356445,1.6529816389083862,0.010590655075052222,2.9742677211761475
Cd200r4,0.04480673372745514,0.0463215596973896,-0.04906931519508362,0.22477939557878363,-1.7065232992172241,-0.04906931519508362,0.9755432900474157,-0.20090128481388092,-0.04906931519508362,0.9141502088585863,-0.2689685821533203
Cd200r2,0.0006091461982578039,0.0,19.21687126159668,0.9979940091511154,0.14071114361286163,19.21687126159668,0.5196272646011879,1.0,19.21687126159668,0.46147875269036936,1.0
Cd200r3,0.0,0.000706334481947124,-19.430503845214844,0.9979940091511154,0.027607882395386696,-19.430503845214844,0.5196272646011879,-1.0,-19.430503845214844,0.16021537352752957,-1.759765386581421
Ccdc80,0.000457061396446079,0.0,18.80236053466797,0.9979940091511154,0.14071114361286163,18.80236053466797,0.5196272646011879,1.0,18.80236053466797,0.46147875269036936,1.0
Slc35a5,0.059690508991479874,0.056647878140211105,0.07769574970006943,0.2566788808010706,-1.6263713836669922,0.07769574970006943,0.8809175618432256,0.3753703534603119,0.07769574970006943,0.7674603174254098,0.4992888867855072
Atg3,0.5985015034675598,0.6353887915611267,-0.1156119704246521,0.35695505335840344,-1.4159281253814697,-0.1156119704246521,0.16397083604215437,-1.947935700416565,-0.1156119704246521,0.031688696055054456,-2.5590600967407227
Btla,0.07673528790473938,0.07476305961608887,0.039005521684885025,0.09061003748054747,-2.184584856033325,0.039005521684885025,0.9753310103265493,0.20121604204177856,0.039005521684885025,0.9169661169034489,0.264585942029953
Cd200,0.029643673449754715,0.014949001371860504,0.9983141422271729,0.9979940091511154,0.3736860454082489,0.9983141422271729,0.03669973991939517,2.6589651107788086,0.9983141422271729,0.005246616678967612,3.211754560470581
Gm609,0.00023606474860571325,0.0,17.8489990234375,0.9979940091511154,0.14071114361286163,17.8489990234375,0.5196272646011879,1.0,17.8489990234375,0.46147875269036936,1.0
Gcsam,0.0,0.0,0.0,0.9979940091511154,0.11319231241941452,0.0,1.0,0.0,0.0,1.0,0.0
Tagln3,0.0,0.0005686125950887799,-19.11749839782715,0.9979940091511154,0.027607882395386696,-19.11749839782715,0.5196272646011879,-1.0,-19.11749839782715,0.16021537352752957,-1.759765386581421
Abhd10,0.12130101770162582,0.11178696900606155,0.12483560293912888,0.5250851671119774,-1.1367322206497192,0.12483560293912888,0.5878241845627867,0.8754584193229675,0.12483560293912888,0.39869121417232395,1.1535645723342896
Phldb2,0.0,0.0,0.0,0.9979940091511154,0.11319231241941452,0.0,1.0,0.0,0.0,1.0,0.0
Plcxd2,0.26474231481552124,0.26452723145484924,0.0013346263440325856,0.2832372042007395,-1.5647435188293457,0.0013346263440325856,1.0,0.01161861140280962,0.0013346263440325856,1.0,0.01567738503217697
Cd96,0.3259073793888092,0.251489520072937,0.4302242398262024,0.1165752178306986,2.061507225036621,0.4302242398262024,0.0008184932836087416,3.9046401977539062,0.4302242398262024,2.305009519431926e-06,5.140539169311523
Gm4737,0.003172908443957567,0.002566944109275937,0.3061913549900055,0.9982866462090498,0.021373843774199486,0.3061913549900055,0.8962929437345399,0.34723976254463196,0.3061913549900055,0.8088977865338227,0.4364205598831177
Nectin3,0.0,0.0006598000763915479,-19.3321475982666,0.9979940091511154,0.027607882395386696,-19.3321475982666,0.5196272646011879,-1.0,-19.3321475982666,0.16021537352752957,-1.759765386581421
Dppa2,0.0,0.0006093130796216428,-19.217266082763672,0.9979940091511154,0.027607882395386696,-19.217266082763672,0.5196272646011879,-1.0,-19.217266082763672,0.16021537352752957,-1.759765386581421
Morc1,0.0,0.003090171841904521,-21.561485290527344,0.9979940091511154,-0.05797655135393143,-21.561485290527344,0.4570142903488106,-1.2073012590408325,-21.561485290527344,0.08401774800268855,-2.1245670318603516
Trat1,0.004334002733230591,0.010737868957221508,-1.3135607242584229,0.9979940091511154,-0.1489044427871704,-1.3135607242584229,0.5227797428698732,-0.9944117665290833,-1.3135607242584229,0.2091824521583889,-1.599197268486023
Retnlg,0.0018563929479569197,0.000706334481947124,1.3949073553085327,0.9979940091511154,0.16546916961669922,1.3949073553085327,0.5196272646011879,1.0163661241531372,1.3949073553085327,0.38196813388030254,1.1845706701278687
Dzip3,0.09881546348333359,0.10908908396959305,-0.1502370536327362,0.03864783690447735,-2.5607645511627197,-0.1502370536327362,0.5732845863338533,-0.9021640419960022,-0.1502370536327362,0.35743953671801054,-1.2338898181915283
Cip2a,0.43015745282173157,0.3789656460285187,0.22220782935619354,0.19927144010443906,1.7757210731506348,0.22220782935619354,0.04240916568226321,2.6017911434173584,0.22220782935619354,0.002430924913639763,3.4527652263641357
Ift57,0.030693529173731804,0.05399404838681221,-0.8317923545837402,0.0009826566299978056,-3.80151629447937,-0.8317923545837402,0.004046370612690515,-3.4453654289245605,-0.8317923545837402,1.1907747387577658e-05,-4.797878742218018
Cd47,2.1810965538024902,2.1546037197113037,0.04315989464521408,0.14909144698356114,1.9360249042510986,0.04315989464521408,0.398532456679499,1.3212954998016357,0.04315989464521408,0.1547758886323047,1.8067498207092285
Bbx,0.1461893916130066,0.16573655605316162,-0.1955198049545288,0.00989447387823576,-3.080416202545166,-0.1955198049545288,0.4097891431307876,-1.2982121706008911,-0.1955198049545288,0.15206189763785483,-1.8161238431930542
Cblb,0.5627927780151367,0.44277113676071167,0.43984413146972656,1.2256844083188957e-05,4.88223123550415,0.43984413146972656,5.421244987255416e-06,5.114658355712891,0.43984413146972656,9.0461211309826e-11,6.901191234588623
Alcam,0.24117214977741241,0.20527663826942444,0.25934943556785583,0.9979940091511154,-0.15380261838436127,0.25934943556785583,0.06979728138893665,2.3846614360809326,0.25934943556785583,0.00889681638527054,3.034226894378662
Nfkbiz,0.7936039566993713,0.7392092943191528,0.14663735032081604,0.16721985609210488,1.8722596168518066,0.14663735032081604,0.14374677279066647,2.023526668548584,0.14663735032081604,0.0212886621542077,2.715142250061035
Nxpe3,0.08042434602975845,0.07168698310852051,0.17230352759361267,0.7023044599619491,-0.8889737725257874,0.17230352759361267,0.6052355991043813,0.8458345532417297,0.17230352759361267,0.3986842348225029,1.1536893844604492
Cep97,0.22204183042049408,0.16504184901714325,0.4704418480396271,0.29316345450617626,1.543725848197937,0.4704418480396271,0.0019013564653645246,3.6711151599884033,0.4704418480396271,8.935154958859404e-06,4.860807418823242
Rpl24,2.9928858280181885,3.09313702583313,-0.15187859535217285,8.381804724147935e-08,-5.854384899139404,-0.15187859535217285,2.0933623469512827e-11,-7.334361553192139,-0.15187859535217285,5.699324380745386e-22,-10.110487937927246
Zbtb11,0.2387884259223938,0.2833663821220398,-0.28048965334892273,0.001647028540910681,-3.652878999710083,-0.28048965334892273,0.029145960510081368,-2.7532906532287598,-0.28048965334892273,0.0009223764419323676,-3.7319648265838623
Pcnp,0.8974324464797974,0.9128368496894836,-0.03731934353709221,0.9979940091511154,-0.2779490351676941,-0.03731934353709221,0.664651939157215,-0.7449464201927185,-0.03731934353709221,0.4639452573467868,-0.9955963492393494
Trmt10c,0.19684845209121704,0.2323879599571228,-0.26600247621536255,0.005335742897070083,-3.2877423763275146,-0.26600247621536255,0.06239450681236276,-2.4356515407562256,-0.26600247621536255,0.0038695781563009304,-3.3088481426239014
Senp7,0.23032212257385254,0.1922842413187027,0.2888166904449463,0.947721730767276,0.5748673677444458,0.2888166904449463,0.05228905070203632,2.5144548416137695,0.2888166904449463,0.0038580056348185817,3.3100438117980957
Impg2,0.0002338876947760582,0.0,17.835630416870117,0.9979940091511154,0.14071114361286163,17.835630416870117,0.5196272646011879,1.0,17.835630416870117,0.46147875269036936,1.0
Abi3bp,0.00024262000806629658,0.0,17.888519287109375,0.9979940091511154,0.14071114361286163,17.888519287109375,0.5196272646011879,1.0,17.888519287109375,0.46147875269036936,1.0
Tfg,0.3106975555419922,0.4060450792312622,-0.45900702476501465,3.2335614938269106e-06,-5.161248683929443,-0.45900702476501465,5.297319432446455e-07,-5.586523532867432,-0.45900702476501465,6.988932390356781e-13,-7.601588726043701
Tmem45a2,0.0,0.0006433224771171808,-19.2956485748291,0.9979940091511154,0.027607882395386696,-19.2956485748291,0.5196272646011879,-1.0,-19.2956485748291,0.16021537352752957,-1.759765386581421
Tomm70a,0.3348354697227478,0.44317930936813354,-0.4876457750797272,5.612272663535846e-07,-5.504566192626953,-0.4876457750797272,1.1823832753258317e-07,-5.87575626373291,-0.4876457750797272,1.5273580313099272e-14,-8.110832214355469
Nit2,0.0930149257183075,0.13169525563716888,-0.5300934314727783,1.0883119182543696e-05,-4.906722068786621,-0.5300934314727783,0.002243523616572756,-3.6261773109436035,-0.5300934314727783,4.485998421932274e-06,-5.004964828491211
Tbc1d23,0.082585409283638,0.08525461703538895,-0.047843340784311295,0.10166274078137809,-2.1291911602020264,-0.047843340784311295,0.9574915590677263,-0.23555749654769897,-0.047843340784311295,0.8801445254491551,-0.3246905207633972
Tmem30c,0.0,0.0012157491873949766,-20.214292526245117,0.9979940091511154,-0.05797655135393143,-20.214292526245117,0.36167647049845647,-1.4163585901260376,-20.214292526245117,0.03726207145007799,-2.4924588203430176
Cmss1,0.16884972155094147,0.2123383730649948,-0.36299172043800354,0.00023948648123942436,-4.181881427764893,-0.36299172043800354,0.008124443723545588,-3.2153823375701904,-0.36299172043800354,7.537142631284658e-05,-4.374317646026611
Filip1l,0.07415356487035751,0.052056197077035904,0.5265536308288574,0.9979940091511154,-0.24660071730613708,0.5265536308288574,0.09447424419014165,2.2411203384399414,0.5265536308288574,0.012193628426170621,2.9236605167388916
Dcbld2,0.003375007538124919,0.012684730812907219,-1.9168546199798584,0.37025497465310214,-1.3914371728897095,-1.9168546199798584,0.011105328667732412,-3.11521053314209,-1.9168546199798584,1.0913260240174063e-05,-4.817957878112793
St3gal6,0.32246530055999756,0.2585059702396393,0.36731377243995667,0.11829595661402792,2.0541155338287354,0.36731377243995667,0.008121499494947204,3.215703248977661,0.36731377243995667,7.830652475156892e-05,4.365121841430664
Cpox,0.2076205611228943,0.31373921036720276,-0.6754866242408752,3.472336171144736e-11,-7.111433982849121,-0.6754866242408752,1.0533257734688616e-10,-7.075657844543457,-0.6754866242408752,3.561587665022485e-20,-9.663487434387207
Gpr15,0.0010219364194199443,0.0005576154217123985,0.8742969036102295,0.9979940091511154,0.08282364159822464,0.8742969036102295,0.8051235978634091,0.5050478577613831,0.8742969036102295,0.7138154596569947,0.5828219056129456
Cldnd1,0.37982165813446045,0.47804123163223267,-0.4077126979827881,1.846146636334215e-05,-4.792015552520752,-0.4077126979827881,2.3400650811202276e-05,-4.795062065124512,-0.4077126979827881,8.20230665223747e-10,-6.5555739402771
Olfr172,0.0002663622726686299,0.0,18.02322769165039,0.9979940091511154,0.14071114361286163,18.02322769165039,0.5196272646011879,1.0,18.02322769165039,0.46147875269036936,1.0
Olfr173,0.000906293629668653,0.0,19.790273666381836,0.9979940091511154,0.16822996735572815,19.790273666381836,0.36167647049845647,1.4130412340164185,19.790273666381836,0.27977087692999414,1.4130412340164185
Olfr204,0.00041593238711357117,0.0,18.666292190551758,0.9979940091511154,0.14071114361286163,18.666292190551758,0.5196272646011879,1.0,18.666292190551758,0.46147875269036936,1.0
Gabrr3,0.0,0.0,0.0,0.9979940091511154,0.11319231241941452,0.0,1.0,0.0,0.0,1.0,0.0
Riox2,0.3734683096408844,0.40828680992126465,-0.15534551441669464,0.16469416440921264,-1.8808982372283936,-0.15534551441669464,0.17635627872362258,-1.905519723892212,-0.15534551441669464,0.031563257156229214,-2.5604844093322754
Crybg3,0.1333797723054886,0.12082785367965698,0.15183281898498535,0.2591577050327489,-1.6206717491149902,0.15183281898498535,0.5196272646011879,1.003848910331726,0.15183281898498535,0.3172619151230882,1.3179450035095215
Arl6,0.027571553364396095,0.04098378121852875,-0.5816026926040649,0.03280287513311645,-2.6288936138153076,-0.5816026926040649,0.09000214576682579,-2.2640395164489746,-0.5816026926040649,0.007134635288054603,-3.1088476181030273
Nsun3,0.0516292005777359,0.0737164169549942,-0.5298976302146912,0.001937467184889383,-3.6038081645965576,-0.5298976302146912,0.05330922931703499,-2.5076212882995605,-0.5298976302146912,0.001937161458067368,-3.5210471153259277
Arl13b,0.04210662841796875,0.051793843507766724,-0.30577588081359863,0.03884673853329194,-2.5584490299224854,-0.30577588081359863,0.422617863792043,-1.2710957527160645,-0.30577588081359863,0.17041535452472453,-1.722131609916687
Stx19,0.0,0.0,0.0,0.9979940091511154,0.11319231241941452,0.0,1.0,0.0,0.0,1.0,0.0
Pros1,0.0,0.0,0.0,0.9979940091511154,0.11319231241941452,0.0,1.0,0.0,0.0,1.0,0.0
Epha3,0.0004766923375427723,0.0005203280015848577,-0.12639406323432922,0.9979940091511154,0.05521576479077339,-0.12639406323432922,1.0,-0.06183534488081932,-0.12639406323432922,1.0,-0.07778912782669067
4930453N24Rik,0.7380571365356445,0.6702798008918762,0.1935509592294693,0.003309701235995249,3.440298318862915,0.1935509592294693,0.005722556531730182,3.3308560848236084,0.1935509592294693,5.7839168218371375e-05,4.4377031326293945
Zfp654,0.19104009866714478,0.1766626387834549,0.12356730550527573,0.7058873432605429,-0.8841646909713745,0.12356730550527573,0.5196272646011879,1.0118372440338135,0.12356730550527573,0.30630587494144135,1.3432692289352417
Cggbp1,0.6785660982131958,0.7128374576568604,-0.09864877164363861,0.6172636694131177,-1.001631736755371,-0.09864877164363861,0.2701891686559106,-1.6358963251113892,-0.09864877164363861,0.07607149970786209,-2.1711645126342773
Pou1f1,0.0006083775660954416,0.0,19.21504783630371,0.9979940091511154,0.14071114361286163,19.21504783630371,0.5196272646011879,1.0,19.21504783630371,0.46147875269036936,1.0
Chmp2b,0.11264702677726746,0.1611281782388687,-0.5521689653396606,9.575693677322832e-07,-5.402506351470947,-0.5521689653396606,0.0004211632549403211,-4.089043617248535,-0.5521689653396606,1.7182034962010245e-07,-5.639181613922119
Gbe1,0.034197889268398285,0.04664193466305733,-0.45675724744796753,0.046637500742078494,-2.4829282760620117,-0.45675724744796753,0.2704584293693104,-1.6355141401290894,-0.45675724744796753,0.055836526458422665,-2.3118605613708496
Rbm11,0.0009063315810635686,0.0010880205081775784,-0.2637256979942322,0.9984208920935209,-0.0025826727505773306,-0.2637256979942322,0.9866495464759403,-0.18033480644226074,-0.2637256979942322,0.938240655326217,-0.23157577216625214
Hspa13,0.13803720474243164,0.15934228897094727,-0.22282113134860992,0.003336190109451227,-3.437715530395508,-0.22282113134860992,0.26002473023255346,-1.661849021911621,-0.22282113134860992,0.06398341432007952,-2.2516868114471436
Samsn1,0.24214117228984833,0.215642049908638,0.1870536059141159,0.9979940091511154,-0.3743094503879547,0.1870536059141159,0.26153456745643033,1.6573225259780884,0.1870536059141159,0.07600415282136194,2.1717631816864014
Nrip1,0.32299697399139404,0.3527575731277466,-0.1498306542634964,0.042765063757039534,-2.5189075469970703,-0.1498306542634964,0.3028242899415843,-1.5565165281295776,-0.1498306542634964,0.09118565764032405,-2.0836994647979736
Usp25,0.517374575138092,0.4954221546649933,0.07971682399511337,0.511618400986094,1.1567702293395996,0.07971682399511337,0.5196272646011879,1.021983027458191,0.07971682399511337,0.2888253340456383,1.3837836980819702
Cxadr,0.0024909155908972025,0.001035240013152361,1.2677603960037231,0.9979940091511154,0.08050814270973206,1.2677603960037231,0.5196272646011879,1.0784658193588257,1.2677603960037231,0.37108199393918395,1.205544114112854
Btg3,0.3239341080188751,0.3002154529094696,0.12769995629787445,0.9949506637054818,0.514664351940155,0.12769995629787445,0.372281897237625,1.3765015602111816,0.12769995629787445,0.1473857818447463,1.8334451913833618
D16Ertd472e,0.7614996433258057,0.7038794755935669,0.16010969877243042,0.06358441652764284,2.348005771636963,0.16010969877243042,0.07340865740166956,2.362395763397217,0.16010969877243042,0.00569636448099755,3.184157609939575
Gm21833,0.0010388995287939906,0.0,19.987375259399414,0.9979940091511154,0.19574879109859467,19.987375259399414,0.2370162750394412,1.727498173713684,19.987375259399414,0.16930201926797958,1.727498173713684
A730009L09Rik,0.0,0.0,0.0,0.9979940091511154,0.11319231241941452,0.0,1.0,0.0,0.0,1.0,0.0
Mrpl39,0.28030478954315186,0.29169365763664246,-0.06606389582157135,0.5419881859338929,-1.1111726760864258,-0.06606389582157135,0.6714391787496459,-0.7338627576828003,-0.06606389582157135,0.46968845798660624,-0.9855939149856567
Jam2,0.0009018622804433107,0.0010012913262471557,-0.1509542018175125,0.9984208920935209,-0.0025826727505773306,-0.1509542018175125,1.0,-0.104338139295578,-0.1509542018175125,0.9986503835816556,-0.1317998319864273
Atp5j,1.9754750728607178,1.9277125597000122,0.08031731098890305,0.033294839176105505,2.62248158454895,0.08031731098890305,0.05565045422104911,2.4890260696411133,0.08031731098890305,0.0015565719763829492,3.5848727226257324
Gabpa,0.2558325231075287,0.2776995897293091,-0.13479965925216675,0.06095666955952043,-2.3666188716888428,-0.13479965925216675,0.3675868008544727,-1.3886569738388062,-0.13479965925216675,0.14188047898019054,-1.8539047241210938
App,0.0016266455641016364,0.019517822191119194,-3.597748041152954,0.9979940091511154,-0.37707021832466125,-3.597748041152954,0.13737457607481676,-2.051812171936035,-3.597748041152954,0.0016388277704428712,-3.5754449367523193
N6amt1,0.09896742552518845,0.14843085408210754,-0.621181070804596,1.2443322721117764e-06,-5.351565361022949,-0.621181070804596,0.0005461120004006393,-4.0211334228515625,-0.621181070804596,1.5180668711678684e-07,-5.6616129875183105
Ltn1,0.24548210203647614,0.30282145738601685,-0.3460986018180847,0.00015363240191487037,-4.29329252243042,-0.3460986018180847,0.0014371311149361497,-3.7504262924194336,-0.3460986018180847,5.3593157833275e-06,-4.9691386222839355
Rwdd2b,0.07176623493432999,0.11342981457710266,-0.6909403800964355,2.0016264881516193e-06,-5.255560874938965,-0.6909403800964355,0.00022992573202524694,-4.248349666595459,-0.6909403800964355,3.9608922380440635e-08,-5.904752731323242
Usp16,0.3487311899662018,0.406218945980072,-0.26421332359313965,0.008322405178549293,-3.1389269828796387,-0.26421332359313965,0.00880979078709662,-3.187924861907959,-0.26421332359313965,0.00011464507043493372,-4.273617744445801
Cct8,1.1398015022277832,1.4399827718734741,-0.599097728729248,9.166366135143745e-31,-11.96677017211914,-0.599097728729248,3.911830266114379e-27,-11.854660034179688,-0.599097728729248,2.010263451999542e-54,-16.38595199584961
Bach1,0.05880560725927353,0.07463572919368744,-0.3554586172103882,0.06664378566853271,-2.3268990516662598,-0.3554586172103882,0.3113017835124655,-1.537397027015686,-0.3554586172103882,0.06877658364904189,-2.21808123588562
Tiam1,0.03268975391983986,0.04330547899007797,-0.41341716051101685,0.07821639406757137,-2.2540500164031982,-0.41341716051101685,0.3588081628257606,-1.4295568466186523,-0.41341716051101685,0.10969446414860415,-1.9888449907302856
Sod1,0.6297629475593567,0.680788516998291,-0.15319617092609406,0.11660177804313084,-2.0613291263580322,-0.15319617092609406,0.05675999523526906,-2.47778582572937,-0.15319617092609406,0.004207399424218643,-3.2826483249664307
Scaf4,0.15804079174995422,0.18146948516368866,-0.21680809557437897,0.006927491590649941,-3.200911283493042,-0.21680809557437897,0.2245682957986676,-1.763413429260254,-0.21680809557437897,0.04588811950848316,-2.398336172103882
Hunk,0.0,0.0,0.0,0.9979940091511154,0.11319231241941452,0.0,1.0,0.0,0.0,1.0,0.0
Mis18a,0.5497350096702576,0.409845232963562,0.5326041579246521,5.023279619419458e-10,6.711119651794434,0.5326041579246521,2.3153721001985064e-12,7.626224040985107,0.5326041579246521,6.635468525576208e-21,9.86115837097168
Mrap,0.0,0.005447766277939081,-22.38116455078125,0.9979940091511154,-0.05797655135393143,-22.38116455078125,0.3855450480978533,-1.3511260747909546,-22.38116455078125,0.0483432983206652,-2.3776650428771973
Urb1,0.03925015404820442,0.055005669593811035,-0.4983363747596741,0.035165116073815686,-2.599950075149536,-0.4983363747596741,0.15285704838205041,-1.9899842739105225,-0.4983363747596741,0.014361598209291386,-2.8636558055877686
Cfap298,0.17409947514533997,0.25448939204216003,-0.6077520847320557,2.141796904668997e-08,-6.097512245178223,-0.6077520847320557,5.13251829996375e-07,-5.598979473114014,-0.6077520847320557,1.7604911418990852e-13,-7.788097858428955
Synj1,0.15965905785560608,0.1497614085674286,0.09965209662914276,0.4841322049868915,-1.1985383033752441,0.09965209662914276,0.6809333026698191,0.7184122204780579,0.09965209662914276,0.4789781527909146,0.9684691429138184
Paxbp1,0.25740280747413635,0.30116650462150574,-0.25956985354423523,0.005550347207426659,-3.274472951889038,-0.25956985354423523,0.03431469950697787,-2.6892855167388916,-0.25956985354423523,0.001266127138359452,-3.6436030864715576
4932438H23Rik,0.0010345145128667355,0.0,19.98126983642578,0.9979940091511154,0.16822996735572815,19.98126983642578,0.3621040251177201,1.4057254791259766,19.98126983642578,0.281657976934388,1.4057254791259766
Ifnar2,0.27527523040771484,0.20009088516235352,0.516599714756012,0.10464205520625836,2.1146745681762695,0.516599714756012,8.86157680355232e-05,4.478816986083984,0.516599714756012,8.103382264798717e-08,5.780065059661865
Il10rb,0.25800424814224243,0.24242091178894043,0.10158976167440414,0.9979940091511154,0.03508872538805008,0.10158976167440414,0.5657053301903616,0.9146215915679932,0.10158976167440414,0.34822031631336126,1.2535444498062134
Ifnar1,0.3416160047054291,0.33022987842559814,0.05757730454206467,0.9723185999251115,0.5423612594604492,0.05757730454206467,0.7522189344114292,0.5964304208755493,0.05757730454206467,0.5634906019707063,0.8237384557723999
Ifngr2,0.0011837695492431521,0.006832861807197332,-2.5331783294677734,0.9979940091511154,-0.23226243257522583,-2.5331783294677734,0.28276718018330055,-1.6064096689224243,-2.5331783294677734,0.021205790241787127,-2.718726873397827
Tmem50b,0.07311627268791199,0.10491909831762314,-0.5442941188812256,5.2901335472773354e-05,-4.551827430725098,-0.5442941188812256,0.006935835529136334,-3.268874168395996,-0.5442941188812256,4.587027124353199e-05,-4.491952896118164
Dnajc28,0.0,0.0,0.0,0.9979940091511154,0.11319231241941452,0.0,1.0,0.0,0.0,1.0,0.0
Gart,0.2192089706659317,0.3508991003036499,-0.7782503962516785,3.335076263038584e-13,-7.752203941345215,-0.7782503962516785,1.229600850504022e-12,-7.7709269523620605,-0.7782503962516785,4.337145512129623e-25,-10.846171379089355
Son,1.2821083068847656,1.2532683610916138,0.057908497750759125,0.14602542710834934,1.9471571445465088,0.057908497750759125,0.3644095746160908,1.3973859548568726,0.057908497750759125,0.13927578917006542,1.864210605621338
Donson,0.1913614571094513,0.2165466845035553,-0.19716204702854156,0.0008775048377060793,-3.8336660861968994,-0.19716204702854156,0.20169530104955466,-1.8266524076461792,-0.19716204702854156,0.04818855296989389,-2.377519369125366
Cryzl1,0.10531672835350037,0.134512260556221,-0.3744838535785675,0.00019369198321875764,-4.236117839813232,-0.3744838535785675,0.04912243449523106,-2.5426599979400635,-0.3744838535785675,0.001929712525100151,-3.522216796875
Itsn1,0.010257762856781483,0.014244134537875652,-0.4765332043170929,0.6389235515199994,-0.9721536636352539,-0.4765332043170929,0.488548915546716,-1.1468533277511597,-0.4765332043170929,0.21679014167455318,-1.5776015520095825
Atp5o-1,1.5528510808944702,1.6189717054367065,-0.11996206641197205,0.005153227513772963,-3.298963785171509,-0.11996206641197205,0.00975915676847425,-3.154393434524536,-0.11996206641197205,6.628037530570212e-05,-4.4049272537231445
Mrps6,0.23024113476276398,0.29521444439888,-0.4075358808040619,4.560717112705263e-06,-5.091160297393799,-0.4075358808040619,0.00042666245770447525,-4.082541465759277,-0.4075358808040619,4.1372169396212734e-07,-5.474358081817627
Slc5a3,0.03243110701441765,0.046404317021369934,-0.5270265340805054,0.07669019966754911,-2.2638463973999023,-0.5270265340805054,0.22047861096095558,-1.7744786739349365,-0.5270265340805054,0.027062281367108393,-2.6219727993011475
Smim11,0.34564894437789917,0.41767239570617676,-0.3283146917819977,0.001478072119572783,-3.684049129486084,-0.3283146917819977,0.0005133499364204981,-4.033908367156982,-0.3283146917819977,4.1140786934264495e-07,-5.475067138671875
Rcan1,0.014390296302735806,0.0171243567019701,-0.2529308497905731,0.703467271633453,-0.8872817158699036,-0.2529308497905731,0.7422480630232008,-0.6133513450622559,-0.2529308497905731,0.555614600481087,-0.836608350276947
Runx1,0.3403041660785675,0.3129732012748718,0.1415722519159317,0.7362832807785146,0.8428419232368469,0.1415722519159317,0.37098998188460053,1.3797242641448975,0.1415722519159317,0.1329109043011815,1.8888986110687256
Setd4,0.07170888781547546,0.0739188864827156,-0.04540469869971275,0.33208376744237267,-1.465087890625,-0.04540469869971275,0.9620400955023055,-0.22596222162246704,-0.04540469869971275,0.8875887456413459,-0.3111650347709656
Cbr1,0.138136625289917,0.20554494857788086,-0.6233747601509094,3.216635222555175e-07,-5.611880779266357,-0.6233747601509094,2.1731690370204166e-05,-4.8185834884643555,-0.6233747601509094,1.3170443700410366e-10,-6.841224193572998
Cbr3,0.0002797209599521011,0.0006407072069123387,-1.1959342956542969,0.9979940091511154,0.05521576479077339,-1.1959342956542969,0.7986874247235086,-0.5163539052009583,-1.1959342956542969,0.5858838301241973,-0.7862348556518555
Dop1b,0.12733159959316254,0.11419107019901276,0.16681066155433655,0.2966260804533731,-1.536690354347229,0.16681066155433655,0.4938294243164692,1.1365991830825806,0.16681066155433655,0.24838078955868137,1.4915106296539307
Morc3,0.4363701641559601,0.3906799256801605,0.19478891789913177,0.14359372212854085,1.9557067155838013,0.19478891789913177,0.07575062267476779,2.3468334674835205,0.19478891789913177,0.007123113360627231,3.1096365451812744
Chaf1b,0.35711655020713806,0.4917897880077362,-0.5656442046165466,6.205810558148107e-10,-6.676832675933838,-0.5656442046165466,5.997996334318495e-10,-6.79348611831665,-0.5656442046165466,9.20505697051889e-19,-9.297046661376953
Hlcs,0.05646676942706108,0.10082775354385376,-0.8688380122184753,1.8531527941383867e-05,-4.790946960449219,-0.8688380122184753,0.0008440063586414844,-3.9084935188293457,-0.8688380122184753,5.080627183768274e-08,-5.8609395027160645
Ripply3,0.0010877292370423675,0.0012273945612832904,-0.17438030242919922,0.9979940091511154,0.025114266201853752,-0.17438030242919922,1.0,-0.12936456501483917,-0.17438030242919922,0.9733308783481514,-0.172316312789917
Pigp,0.17862072587013245,0.2472890019416809,-0.5205890536308289,1.3310741112513823e-06,-5.337939262390137,-0.5205890536308289,9.662532290076081e-05,-4.469277858734131,-0.5205890536308289,5.673338555102419e-09,-6.241091251373291
Ttc3,0.11793942749500275,0.18294718861579895,-0.6814495921134949,9.84515323109508e-08,-5.82677698135376,-0.6814495921134949,7.494949185720642e-05,-4.533199310302734,-0.6814495921134949,1.327690536494465e-09,-6.477243900299072
Vps26c,0.15373025834560394,0.15986602008342743,-0.0610034316778183,0.14293315666673176,-1.9579331874847412,-0.0610034316778183,0.8350834705909598,-0.45469993352890015,-0.0610034316778183,0.6921235045874575,-0.615971028804779
Dyrk1a,0.3094967305660248,0.256974995136261,0.30796852707862854,0.19404162259213859,1.790237545967102,0.30796852707862854,0.007476703628269039,3.2415499687194824,0.30796852707862854,0.0001415063179170509,4.22242546081543
Kcnj15,0.0004134898481424898,0.0,18.657794952392578,0.9979940091511154,0.14071114361286163,18.657794952392578,0.5196272646011879,1.0,18.657794952392578,0.46147875269036936,1.0
Erg,0.0,0.0,0.0,0.9979940091511154,0.11319231241941452,0.0,1.0,0.0,0.0,1.0,0.0
Ets2,0.033483218401670456,0.050566453486680984,-0.6071518063545227,0.024181132507148033,-2.7510807514190674,-0.6071518063545227,0.07858979787829169,-2.33040452003479,-0.6071518063545227,0.0035046091449605177,-3.340384006500244
Psmg1,0.15603260695934296,0.23054297268390656,-0.6186662316322327,2.227266284591891e-07,-5.6798319816589355,-0.6186662316322327,3.485621090635699e-06,-5.217310905456543,-0.6186662316322327,3.729195875854378e-12,-7.366024971008301
Brwd1,0.10416305810213089,0.11547897011041641,-0.1570984125137329,0.01142572366136092,-3.030811071395874,-0.1570984125137329,0.5288516173599406,-0.9840206503868103,-0.1570984125137329,0.31024762667847045,-1.3338029384613037
Hmgn1,0.6947908401489258,0.9413881301879883,-0.640075147151947,1.0129052960447486e-15,-8.489245414733887,-0.640075147151947,1.192583139395333e-15,-8.747347831726074,-0.640075147151947,4.809547432054748e-32,-12.341976165771484
Wrb,0.011538570746779442,0.020480474457144737,-0.8342518210411072,0.2400410711167996,-1.6658239364624023,-0.8342518210411072,0.11611207783897166,-2.1362593173980713,-0.8342518210411072,0.009067602114707148,-3.0268428325653076
Lca5l,0.0014761810889467597,0.002353082876652479,-0.6733147501945496,0.9979940091511154,-0.11764519661664963,-0.6733147501945496,0.732108989682739,-0.6308549046516418,-0.6733147501945496,0.5315966361502428,-0.8758281469345093
Sh3bgr,0.0,0.0009493414545431733,-19.857254028320312,0.9979940091511154,-0.05797655135393143,-19.857254028320312,0.36167647049845647,-1.416254997253418,-19.857254028320312,0.03726207145007799,-2.492276430130005
B3galt5,0.0,0.0007174386992119253,-19.45301628112793,0.9979940091511154,0.027607882395386696,-19.45301628112793,0.5196272646011879,-1.0,-19.45301628112793,0.16021537352752957,-1.759765386581421
Igsf5,0.0,0.0011540728155523539,-20.139137268066406,0.9979940091511154,0.027607882395386696,-20.139137268066406,0.5196272646011879,-1.0,-20.139137268066406,0.16021537352752957,-1.759765386581421
Dscam,0.0,0.0,0.0,0.9979940091511154,0.11319231241941452,0.0,1.0,0.0,0.0,1.0,0.0
Bace2,0.0,0.0008026217110455036,-19.614940643310547,0.9979940091511154,0.027607882395386696,-19.614940643310547,0.5196272646011879,-1.0,-19.614940643310547,0.16021537352752957,-1.759765386581421
Fam3b,0.0005117222899571061,0.0,18.965373992919922,0.9979940091511154,0.16822996735572815,18.965373992919922,0.36167647049845647,1.4130566120147705,18.965373992919922,0.27977087692999414,1.4130566120147705
Ripk4,0.0002647490764502436,0.0004718841228168458,-0.8339539170265198,0.9979940091511154,0.05521576479077339,-0.8339539170265198,0.876337073851529,-0.3828183114528656,-0.8339539170265198,0.7349712665580338,-0.5496842861175537
Prdm15,0.02036285400390625,0.021641165018081665,-0.08876370638608932,0.7032884051213485,-0.8875488638877869,-0.08876370638608932,0.9554700067573958,-0.24022112786769867,-0.08876370638608932,0.879269534717926,-0.3261513113975525
C2cd2,0.011415851302444935,0.022532274946570396,-0.9889960289001465,0.2048198268943047,-1.7603141069412231,-0.9889960289001465,0.07810683466350041,-2.3334240913391113,-0.9889960289001465,0.003032519764001177,-3.3851802349090576
Zbtb21,0.05687791109085083,0.0704217329621315,-0.318025678396225,0.031829898405493044,-2.6416289806365967,-0.318025678396225,0.31099782546318944,-1.537782073020935,-0.318025678396225,0.08093277683785184,-2.1410155296325684
B230307C23Rik,0.15483137965202332,0.15079696476459503,0.04107486084103584,0.12161024463124823,-2.040400505065918,0.04107486084103584,0.9138348195594804,0.3154469430446625,0.04107486084103584,0.8228019583122628,0.41432687640190125
A630089N07Rik,0.024183226749300957,0.037554070353507996,-0.6446569561958313,0.09471868654657965,-2.163389205932617,-0.6446569561958313,0.1283683405794416,-2.081974744796753,-0.6446569561958313,0.009910986244901873,-2.9961516857147217
Scaf8,0.19480963051319122,0.21839629113674164,-0.18248310685157776,0.06901886655213929,-2.311314105987549,-0.18248310685157776,0.304461590749109,-1.553328275680542,-0.18248310685157776,0.08040827898860811,-2.1441872119903564
Tiam2,0.0,0.0020459929946810007,-20.96584701538086,0.9979940091511154,-0.05797655135393143,-20.96584701538086,0.4029220168267906,-1.3134409189224243,-20.96584701538086,0.05611148341318876,-2.311347723007202
Tfb1m,0.04848482832312584,0.07653165608644485,-0.6789653897285461,0.00018353925137835303,-4.249120235443115,-0.6789653897285461,0.006421590103796157,-3.296203374862671,-0.6789653897285461,2.100095802368554e-05,-4.669826984405518
Arid1b,0.16083520650863647,0.15250839293003082,0.08285772055387497,0.5419861934720066,-1.1112617254257202,0.08285772055387497,0.736820006416558,0.6235206723213196,0.08285772055387497,0.5552223045526024,0.8372910022735596
Tmem242,0.10294098407030106,0.12859049439430237,-0.3398256003856659,0.0025927021836904913,-3.5158190727233887,-0.3398256003856659,0.07330669461095804,-2.363844394683838,-0.3398256003856659,0.004530992968135189,-3.258303165435791
Ldhal6b,0.00034990956191904843,0.0,18.416879653930664,0.9979940091511154,0.14071114361286163,18.416879653930664,0.5196272646011879,1.0,18.416879653930664,0.46147875269036936,1.0
Zdhhc14,0.0008272574632428586,0.0018182497005909681,-1.136855959892273,0.9979940091511154,-0.06020299345254898,-1.136855959892273,0.5973172388111949,-0.859325110912323,-1.136855959892273,0.32761256921620163,-1.2968859672546387
Snx9,0.07379606366157532,0.07613427191972733,-0.046709783375263214,0.2320708825671538,-1.6862181425094604,-0.046709783375263214,0.9661616905407566,-0.21878713369369507,-0.046709783375263214,0.892230017222373,-0.30376097559928894
Synj2,0.017186589539051056,0.02168605476617813,-0.33874040842056274,0.671619889426134,-0.9288716316223145,-0.33874040842056274,0.5793759466513937,-0.8913449645042419,-0.33874040842056274,0.3407088657324785,-1.268936276435852
Serac1,0.001978139625862241,0.0024905649479478598,-0.3326983153820038,0.9979940091511154,-0.08977014571428299,-0.3326983153820038,0.9055551912136953,-0.3306416869163513,-0.3326983153820038,0.8072537171632952,-0.4394978880882263
Gtf2h5,0.9712048172950745,1.0327422618865967,-0.14031407237052917,0.17549014438697627,-1.8456313610076904,-0.14031407237052917,0.012724195609461447,-3.058004379272461,-0.14031407237052917,0.0003331441604331351,-4.004604339599609
Tulp4,0.2380279153585434,0.23833820223808289,-0.002112193964421749,0.10829558267963216,-2.097219467163086,-0.002112193964421749,1.0,-0.02002532407641411,-0.002112193964421749,1.0,-0.025922831147909164
Tmem181a,0.056122731417417526,0.04904565587639809,0.19960960745811462,0.2812444085161602,-1.569196343421936,0.19960960745811462,0.53023190832557,0.9812900424003601,0.19960960745811462,0.3552147869582652,1.2386513948440552
Dynlt1a,0.08465201407670975,0.1014595776796341,-0.27360084652900696,0.0037298720706290924,-3.403250217437744,-0.27360084652900696,0.23121501729985292,-1.745258092880249,-0.27360084652900696,0.052263911618119135,-2.3419361114501953
Dynlt1b,0.0034421109594404697,0.003849799046292901,-0.16178381443023682,0.9979940091511154,-0.1480138748884201,-0.16178381443023682,0.9741052158555406,-0.20429718494415283,-0.16178381443023682,0.9127748784116679,-0.2710827887058258
Dynlt1c,0.013205444440245628,0.020022636279463768,-0.6054301261901855,0.4198745993549159,-1.3018451929092407,-0.6054301261901855,0.29952223710925996,-1.5654387474060059,-0.6054301261901855,0.07038384204342193,-2.207799196243286
Dynlt1f,0.31724250316619873,0.3691396415233612,-0.25815367698669434,0.015022754692846222,-2.9305319786071777,-0.25815367698669434,0.015228490772969694,-2.995948076248169,-0.25815367698669434,0.00026965937135292454,-4.05877685546875
Sytl3,0.5522946119308472,0.6297032237052917,-0.25054073333740234,0.0010263943148990243,-3.7893152236938477,-0.25054073333740234,0.0014807270513045032,-3.7409701347351074,-0.25054073333740234,6.859182842563683e-06,-4.917886257171631
Ezr,1.2143404483795166,1.2701467275619507,-0.11320556700229645,0.012383832654959237,-3.001154899597168,-0.11320556700229645,0.07618663343206196,-2.3448970317840576,-0.11320556700229645,0.004092177928394381,-3.2914035320281982
Rsph3b,0.02098075859248638,0.013104191049933434,0.6847363114356995,0.9984208920935209,0.010508806444704533,0.6847363114356995,0.1656262333007036,1.9413745403289795,0.6847363114356995,0.043553739883972764,2.420867919921875
Tagap1,0.04914884269237518,0.0438891239464283,0.16711746156215668,0.5042793814811949,-1.1679915189743042,0.16711746156215668,0.6890807385929621,0.7040806412696838,0.16711746156215668,0.5000366636823791,0.9305893182754517
Rnaset2b,0.28117483854293823,0.2653020918369293,0.09580191224813461,0.9979940091511154,0.43166258931159973,0.09580191224813461,0.5196272646011879,1.0355511903762817,0.09580191224813461,0.2900901103496486,1.3807679414749146
Gm1604b,0.0,0.0,0.0,0.9979940091511154,0.11319231241941452,0.0,1.0,0.0,0.0,1.0,0.0
Rps6ka2,0.0014970387564972043,0.0013494122540578246,0.1498868763446808,0.9979940091511154,0.05281120538711548,0.1498868763446808,1.0,0.11870477348566055,0.1498868763446808,0.9851060144864556,0.1529018133878708
Tagap,0.47799205780029297,0.4913472831249237,-0.05016522854566574,0.6657519642757508,-0.9368868470191956,-0.05016522854566574,0.7622473621270905,-0.5797326564788818,-0.05016522854566574,0.5885523989375385,-0.7821177840232849
Rsph3a,0.01219696830958128,0.019059309735894203,-0.6489363312721252,0.4494927031572074,-1.2521510124206543,-0.6489363312721252,0.2725514880892354,-1.6295700073242188,-0.6489363312721252,0.05853257952984599,-2.2903802394866943
Rnaset2a,0.29734763503074646,0.2929791808128357,0.024658404290676117,0.9979940091511154,-0.2706463038921356,0.024658404290676117,0.9395727421393364,0.2690897285938263,0.024658404290676117,0.8565474060853886,0.36090952157974243
Fgfr1op,0.1830504685640335,0.14334696531295776,0.3821488618850708,0.9079515259787682,0.62491774559021,0.3821488618850708,0.018493021024572478,2.922503709793091,0.3821488618850708,0.0007074523489061598,3.8051395416259766
Ccr6,0.0037960829213261604,0.0011689714156091213,1.7011668682098389,0.9979940091511154,0.19129590690135956,1.7011668682098389,0.2547081402911911,1.6751831769943237,1.7011668682098389,0.13847583930204463,1.8678892850875854
Mpc1,0.7789562344551086,0.8275386691093445,-0.12697088718414307,0.15685294104293643,-1.907971739768982,-0.12697088718414307,0.08363634376916675,-2.2970879077911377,-0.12697088718414307,0.008369014599279615,-3.0553371906280518
Sft2d1,0.376627653837204,0.30301350355148315,0.3698599934577942,0.0020709361544994707,3.583592176437378,0.3698599934577942,7.883881297660237e-05,4.507717132568359,0.3698599934577942,5.03600413027776e-08,5.864762306213379
Prr18,0.00066524522844702,0.0,19.344009399414062,0.9979940091511154,0.14071114361286163,19.344009399414062,0.5196272646011879,1.0,19.344009399414062,0.46147875269036936,1.0
T2,0.0,0.0007056209142319858,-19.429044723510742,0.9979940091511154,0.027607882395386696,-19.429044723510742,0.5196272646011879,-1.0,-19.429044723510742,0.16021537352752957,-1.759765386581421
Pde10a,0.004372887313365936,0.0011317258467897773,1.9523999691009521,0.9979940091511154,0.21899284422397614,1.9523999691009521,0.17541825855336998,1.9075489044189453,1.9523999691009521,0.0939807394797328,2.069716453552246
Gm17087,0.00036266635288484395,0.000785896903835237,-1.1160002946853638,0.9979940091511154,0.05521576479077339,-1.1160002946853638,0.8155361456960718,-0.48897817730903625,-1.1160002946853638,0.6159645331317133,-0.7356680631637573
1700010I14Rik,0.012322884052991867,0.013433493673801422,-0.12529757618904114,0.7701108882963162,-0.8002723455429077,-0.12529757618904114,0.9169988248106941,-0.30993860960006714,-0.12529757618904114,0.8265311401294757,-0.40880870819091797
Qk,0.3040474057197571,0.32442691922187805,-0.10906678438186646,0.19438725290782896,-1.7892578840255737,-0.10906678438186646,0.49810731687675125,-1.1288022994995117,-0.10906678438186646,0.23592754909411218,-1.5259712934494019
Prkn,0.0006696199998259544,0.0,19.35346794128418,0.9979940091511154,0.16822996735572815,19.35346794128418,0.36321377038034836,1.401077151298523,19.35346794128418,0.2832358720424609,1.401077151298523
Agpat4,0.3073720932006836,0.32273048162460327,-0.08200328052043915,0.5507726655589834,-1.0971015691757202,-0.08200328052043915,0.5894169914567252,-0.8730417490005493,-0.08200328052043915,0.3776425944364207,-1.1929422616958618
Map3k4,0.17767339944839478,0.18037667870521545,-0.023793090134859085,0.16864632254502565,-1.8669161796569824,-0.023793090134859085,0.9760652812486657,-0.19960637390613556,-0.023793090134859085,0.9178089179018165,-0.26331332325935364
Slc22a1,0.0,0.0,0.0,0.9979940091511154,0.11319231241941452,0.0,1.0,0.0,0.0,1.0,0.0
Igf2r,0.30881521105766296,0.31186404824256897,-0.01648620516061783,0.39287178079080054,-1.34815514087677,-0.01648620516061783,0.9909033572715821,-0.17189881205558777,-0.01648620516061783,0.9406975022813345,-0.22715266048908234
Pnldc1,0.0015630492707714438,0.002253732644021511,-0.5284512639045715,0.9979940091511154,-0.11764519661664963,-0.5284512639045715,0.8117807017152199,-0.49476075172424316,-0.5284512639045715,0.6630225667448438,-0.6611380577087402
Mrpl18,1.3674499988555908,1.4580358266830444,-0.1727784425020218,3.879140133844033e-05,-4.622716903686523,-0.1727784425020218,0.0005056380813067819,-4.039699077606201,-0.1727784425020218,2.3348381587506777e-07,-5.582138538360596
Tcp1,1.1028159856796265,1.2871417999267578,-0.38181009888648987,9.78217283935652e-13,-7.609889984130859,-0.38181009888648987,1.0571315044655834e-12,-7.781300067901611,-0.38181009888648987,2.30384939455371e-24,-10.682073593139648
Acat3,0.0002946674940176308,0.0,18.1689453125,0.9979940091511154,0.14071114361286163,18.1689453125,0.5196272646011879,1.0,18.1689453125,0.46147875269036936,1.0
Acat2,0.10433537513017654,0.17404057085514069,-0.7896429300308228,1.36398018336095e-09,-6.553754806518555,-0.7896429300308228,1.760851192795579e-07,-5.809615612030029,-0.7896429300308228,5.493290719025738e-15,-8.240035057067871
Wtap,0.591309130191803,0.5806179046630859,0.03478432446718216,0.9317910602930038,0.5935694575309753,0.03478432446718216,0.7770883396564698,0.5527878999710083,0.03478432446718216,0.6221569732693885,0.725545346736908
Sod2,0.4346974790096283,0.5600342154502869,-0.463377982378006,1.0879213832118964e-07,-5.809678077697754,-0.463377982378006,1.4440418941316394e-09,-6.646999835968018,-0.463377982378006,6.015924952257436e-18,-9.076529502868652
Afdn,0.019082752987742424,0.03262314200401306,-0.7834361791610718,0.09163301975540171,-2.1787962913513184,-0.7834361791610718,0.09466056111322245,-2.242077589035034,-0.7834361791610718,0.00486461362364319,-3.2341361045837402
Wdr27,0.004295765422284603,0.002957539865747094,0.5394833087921143,0.9979940091511154,-0.03508872538805008,0.5394833087921143,0.7064420138522657,0.6737997531890869,0.5394833087921143,0.5735846340321311,0.8070630431175232
1600012H06Rik,0.09666766971349716,0.113951675593853,-0.250003457069397,0.024443097788262657,-2.7465388774871826,-0.250003457069397,0.3172299962544051,-1.523074746131897,-0.250003457069397,0.08509780736534936,-2.117042303085327
Phf10,0.17002226412296295,0.20162849128246307,-0.26948070526123047,0.0015001272567493665,-3.679596185684204,-0.26948070526123047,0.06490535482279101,-2.4183506965637207,-0.26948070526123047,0.0049488532768240424,-3.2289631366729736
Gm3417,0.0004975859192200005,0.002854344667866826,-2.5218400955200195,0.9979940091511154,-0.17392964661121368,-2.5218400955200195,0.2836852324139424,-1.6039254665374756,-2.5218400955200195,0.02427371568977818,-2.6662092208862305
9030025P20Rik,0.021783951669931412,0.022119728848338127,-0.022311069071292877,0.760656535684269,-0.8123841881752014,-0.022311069071292877,1.0,-0.06388065963983536,-0.022311069071292877,1.0,-0.08779586851596832
Gm3448,0.04415873438119888,0.04397204518318176,0.006247684825211763,0.45711527545073927,-1.239682912826538,0.006247684825211763,1.0,0.02437569387257099,0.006247684825211763,1.0,0.03306608647108078
Gm3435,0.008289165794849396,0.007155312225222588,0.2130311280488968,0.9979940091511154,-0.31348302960395813,0.2130311280488968,0.863051170287217,0.4058576822280884,0.2130311280488968,0.7626817883758098,0.506924033164978
Tcte3,0.0007115714251995087,0.000616118311882019,0.20786964893341064,0.9979940091511154,0.08282364159822464,0.20786964893341064,1.0,0.11988265812397003,0.20786964893341064,0.9835557712586391,0.15547139942646027
Ermard,0.05505061894655228,0.06303802132606506,-0.20128175616264343,0.05298081014102555,-2.428514003753662,-0.20128175616264343,0.5554886237735358,-0.934730589389801,-0.20128175616264343,0.3365657569465167,-1.2783228158950806
Dll1,0.0004515659820754081,0.0,18.7849063873291,0.9979940091511154,0.14071114361286163,18.7849063873291,0.5196272646011879,1.0,18.7849063873291,0.46147875269036936,1.0
Fam120b,0.07611251622438431,0.08360288292169571,-0.14089402556419373,0.045825510724279137,-2.4903199672698975,-0.14089402556419373,0.6713503705711118,-0.7341495752334595,-0.14089402556419373,0.46147875269036936,-1.0064164400100708
Psmb1,1.7046395540237427,1.7168083190917969,-0.02142874337732792,0.9979940091511154,0.20429831743240356,-0.02142874337732792,0.6563193799901106,-0.7601107358932495,-0.02142874337732792,0.4644122096584588,-0.9946069121360779
Tbp,0.10999859124422073,0.13279497623443604,-0.2884924113750458,0.003390459286495398,-3.4323720932006836,-0.2884924113750458,0.17079594981759794,-1.9251039028167725,-0.2884924113750458,0.024094003098036044,-2.6677417755126953
Pdcd2,0.3389939069747925,0.3835703730583191,-0.21231913566589355,0.034720629439957316,-2.6053824424743652,-0.21231913566589355,0.03415459883953238,-2.690678358078003,-0.21231913566589355,0.0016102879681737581,-3.575594186782837
Prdm9,0.0042528267949819565,0.00814049318432808,-0.9395012259483337,0.9979940091511154,-0.4613187909126282,-0.9395012259483337,0.349744048790231,-1.4493781328201294,-0.9395012259483337,0.08551768594896159,-2.1146538257598877
Chd1,0.39139804244041443,0.4547780752182007,-0.26545950770378113,0.00584487513230637,-3.257284641265869,-0.26545950770378113,0.00791514824076788,-3.224466562271118,-0.26545950770378113,6.77514302289255e-05,-4.39984655380249
Rgmb,0.0018301659729331732,0.007808294612914324,-2.097348213195801,0.9979940091511154,-0.20429831743240356,-2.097348213195801,0.3956209184129708,-1.3291913270950317,-2.097348213195801,0.06553692759885633,-2.2418205738067627
Zfp960,0.0014804020756855607,0.0,20.498626708984375,0.9979940091511154,0.19574879109859467,20.498626708984375,0.32194094489766034,1.5103693008422852,20.498626708984375,0.24159859395185826,1.5103693008422852
Zfp97,0.003632602747529745,0.008004385977983475,-1.1429435014724731,0.9979940091511154,-0.4043218791484833,-1.1429435014724731,0.4611007657381023,-1.1988946199417114,-1.1429435014724731,0.13880628006846502,-1.866052269935608
Riok2,0.1368335783481598,0.159467875957489,-0.23757389187812805,0.002528738801812454,-3.523834466934204,-0.23757389187812805,0.1865609558047557,-1.8717775344848633,-0.23757389187812805,0.03594884139295007,-2.50669527053833
Lix1,0.0003676187770906836,0.0,18.488121032714844,0.9979940091511154,0.14071114361286163,18.488121032714844,0.5196272646011879,1.0,18.488121032714844,0.46147875269036936,1.0
Lnpep,0.6341947317123413,0.6552944779396057,-0.06406211853027344,0.9979940091511154,-0.30858486890792847,-0.06406211853027344,0.5336415249689985,-0.973936915397644,-0.06406211853027344,0.3218658064364757,-1.3091999292373657
Vmn2r90,0.0,0.000823233975097537,-19.651538848876953,0.9979940091511154,0.027607882395386696,-19.651538848876953,0.5196272646011879,-1.0,-19.651538848876953,0.16021537352752957,-1.759765386581421
Spaca6,0.0008411028538830578,0.0033192511182278395,-1.9822906255722046,0.9979940091511154,-0.23119373619556427,-1.9822906255722046,0.3012089973418434,-1.56260347366333,-1.9822906255722046,0.035431237399957426,-2.513256311416626
Fpr1,0.0003751519543584436,0.00047693747910670936,-0.34639772772789,0.9979940091511154,0.05521576479077339,-0.34639772772789,0.9926118939487479,-0.16774100065231323,-0.34639772772789,0.9452007858101843,-0.21992965042591095
Fpr2,0.0,0.0014348039403557777,-20.453458786010742,0.9979940091511154,0.027607882395386696,-20.453458786010742,0.5196272646011879,-1.0,-20.453458786010742,0.16021537352752957,-1.759765386581421
Vmn2r124,0.000287768489215523,0.0,18.134761810302734,0.9979940091511154,0.14071114361286163,18.134761810302734,0.5196272646011879,1.0,18.134761810302734,0.46147875269036936,1.0
Vmn2r95,0.00033757422352209687,0.0,18.365093231201172,0.9979940091511154,0.14071114361286163,18.365093231201172,0.5196272646011879,1.0,18.365093231201172,0.46147875269036936,1.0
Vmn2r96,0.006460233591496944,0.007079727482050657,-0.132554829120636,0.9984208920935209,-0.011132210493087769,-0.132554829120636,0.9975621932626997,-0.15695048868656158,-0.132554829120636,0.938600941802417,-0.23091788589954376
Vmn2r97,0.0007913067820481956,0.00047363320481963456,0.7406947612762451,0.9979940091511154,0.08282364159822464,0.7406947612762451,0.8516318333188744,0.42567604780197144,0.7406947612762451,0.7675277012534594,0.4991481602191925
Vmn2r108,0.0,0.0004983686958439648,-18.927215576171875,0.9979940091511154,0.027607882395386696,-18.927215576171875,0.5196272646011879,-1.0,-18.927215576171875,0.16021537352752957,-1.759765386581421
Vmn1r229,0.0,0.0,0.0,0.9979940091511154,0.11319231241941452,0.0,1.0,0.0,0.0,1.0,0.0
Ppp2r1a,0.44756805896759033,0.5124329924583435,-0.24577531218528748,0.008113859012670943,-3.1478328704833984,-0.24577531218528748,0.003084830753451857,-3.5274386405944824,-0.24577531218528748,1.8091986876316154e-05,-4.704427242279053
Zfp160,0.03834635391831398,0.03555751591920853,0.11095869541168213,0.5706550662116905,-1.0665547847747803,0.11095869541168213,0.8751570762358643,0.3848213255405426,0.11095869541168213,0.7542001296579596,0.519470751285553
Zfp677,0.030379267409443855,0.025054076686501503,0.2819006145000458,0.9979940091511154,-0.19815334677696228,0.2819006145000458,0.6684653138552215,0.7385745644569397,0.2819006145000458,0.45414179122501647,1.0515379905700684
Zfp54,0.029053397476673126,0.01993117853999138,0.5502870678901672,0.9979940091511154,-0.2144508957862854,0.5502870678901672,0.1963473460619357,1.8409900665283203,0.5502870678901672,0.05878106831841979,2.2887394428253174
Zfp51,0.07127812504768372,0.06680747866630554,0.09671209007501602,0.4631700407311574,-1.2298866510391235,0.09671209007501602,0.8169629774852929,0.4868350028991699,0.09671209007501602,0.6603414957018781,0.6656972765922546
Zfp53,0.2276606261730194,0.18680717051029205,0.3158215284347534,0.5934428146639322,1.0336034297943115,0.3158215284347534,0.019798361273570708,2.8974246978759766,0.3158215284347534,0.0008083199353845894,3.7686824798583984
Zfp52,0.15321771800518036,0.11136706173419952,0.49111491441726685,0.5568232735140396,1.0878396034240723,0.49111491441726685,0.004249737819220464,3.425913095474243,0.49111491441726685,5.0318879523328904e-05,4.471571445465088
Zfp948,0.007494050078094006,0.004382867366075516,0.7761169075965881,0.9979940091511154,0.10473183542490005,0.7761169075965881,0.4100175868643581,1.2969890832901,0.7761169075965881,0.21541775089103904,1.5815505981445312
Zfp983,0.03735055774450302,0.04021298140287399,-0.10860960185527802,0.28767357526932114,-1.5547690391540527,-0.10860960185527802,0.8519198442642384,-0.42492228746414185,-0.10860960185527802,0.7150006762281695,-0.5809352993965149
Gm10226,0.0,0.002293393714353442,-21.130708694458008,0.9979940091511154,-0.143560990691185,-21.130708694458008,0.2718766498913329,-1.6338486671447754,-21.130708694458008,0.014037368615389744,-2.875190258026123
Zfp760,0.014846407808363438,0.012413912452757359,0.2599145174026489,0.9979940091511154,-0.2868548035621643,0.2599145174026489,0.763930401902189,0.5762866735458374,0.2599145174026489,0.6100256628421854,0.7451058626174927
Zfp229,0.0003786676679737866,0.0,18.53084945678711,0.9979940091511154,0.14071114361286163,18.53084945678711,0.5196272646011879,1.0,18.53084945678711,0.46147875269036936,1.0
Zfp820,0.0008164524915628135,0.0012522585457190871,-0.6174055337905884,0.9984208920935209,-0.0025826727505773306,-0.6174055337905884,0.8621683810851994,-0.4071103036403656,-0.6174055337905884,0.7318522460986246,-0.5549336075782776
Zfp995,0.02415802888572216,0.025939445942640305,-0.1039353758096695,0.5998926303423912,-1.0246976613998413,-0.1039353758096695,0.902233062383664,-0.336806058883667,-0.1039353758096695,0.7983569463378765,-0.45246806740760803
Zfp942,0.07605921477079391,0.05918491631746292,0.374203085899353,0.9979940091511154,-0.36825352907180786,0.374203085899353,0.17979279515828026,1.8936272859573364,0.374203085899353,0.03822632155067511,2.477640151977539
Zfp943,0.030140407383441925,0.040769509971141815,-0.443504273891449,0.10198517879565526,-2.1274099349975586,-0.443504273891449,0.3497731630636687,-1.448987364768982,-0.443504273891449,0.09499732222389866,-2.06312894821167
Zfp947,0.002031452488154173,0.002621475839987397,-0.36829325556755066,0.9979940091511154,-0.08994825929403305,-0.36829325556755066,0.890903578101324,-0.3569630980491638,-0.36829325556755066,0.7829967809064842,-0.4759822487831116
Zfp994,0.027558106929063797,0.03877543658018112,-0.5008026361465454,0.10050942060726414,-2.1345345973968506,-0.5008026361465454,0.21239253555117624,-1.7966969013214111,-0.5008026361465454,0.03728503936432318,-2.4893240928649902
Gm7072,0.06429265439510345,0.07640723139047623,-0.25789645314216614,0.08493087721202489,-2.2155771255493164,-0.25789645314216614,0.48839368233716435,-1.1474207639694214,-0.25789645314216614,0.18877732212928164,-1.6607939004898071
Zfp944,0.08087069541215897,0.06516086310148239,0.3230814039707184,0.7675182403911687,-0.8038346171379089,0.3230814039707184,0.2522552637708867,1.6839133501052856,0.3230814039707184,0.07678312707773592,2.166877269744873
Zfp758,0.047679461538791656,0.051365818828344345,-0.11012192815542221,0.22708301009571752,-1.7002002000808716,-0.11012192815542221,0.835470359082991,-0.45384481549263,-0.11012192815542221,0.6866723340921027,-0.624275803565979
Zfp946,0.013567733578383923,0.015065787360072136,-0.15217949450016022,0.8497431431779943,-0.6996371746063232,-0.15217949450016022,0.8899592125481217,-0.358978807926178,-0.15217949450016022,0.7783356832242795,-0.4834776520729065
Zfp945,0.09103529155254364,0.09325315058231354,-0.03635084256529808,0.58618975747738,-1.0448247194290161,-0.03635084256529808,0.9926118939487479,-0.1679793745279312,-0.03635084256529808,0.9314156169506435,-0.24221038818359375
Zfp40,0.016726035624742508,0.015672318637371063,0.09463899582624435,0.9979940091511154,-0.3556963801383972,0.09463899582624435,0.9628883462215996,0.22444884479045868,0.09463899582624435,0.8914207159930811,0.3051345646381378
Vmn2r115,0.0,0.0,0.0,0.9979940091511154,0.11319231241941452,0.0,1.0,0.0,0.0,1.0,0.0
Zfp213,0.04358777776360512,0.04173771291971207,0.06391594558954239,0.37428426550037774,-1.3826205730438232,0.06391594558954239,0.939761324536634,0.268372505903244,0.06391594558954239,0.8635491925823141,0.3498990535736084
Zfp13,0.0,0.0,0.0,0.9979940091511154,0.11319231241941452,0.0,1.0,0.0,0.0,1.0,0.0
Mmp25,0.0003607002436183393,0.0006956302095204592,-0.9477598667144775,0.9979940091511154,0.05521576479077339,-0.9477598667144775,0.8505145356766698,-0.4274326264858246,-0.9477598667144775,0.6856751815244628,-0.6258848309516907
Bicdl2,0.0005097195971757174,0.0006004744209349155,-0.23646387457847595,0.9979940091511154,0.08282364159822464,-0.23646387457847595,1.0,-0.1295931488275528,-0.23646387457847595,0.9663747324332662,-0.18287082016468048
Thoc6,0.28627026081085205,0.3071666955947876,-0.11746159195899963,0.18879591502955517,-1.8054664134979248,-0.11746159195899963,0.4101576589145758,-1.2969386577606201,-0.11746159195899963,0.16662977158613224,-1.736318588256836
Hcfc1r1,0.2848358750343323,0.2701858878135681,0.08723441511392593,0.9979940091511154,0.23582474887371063,0.08723441511392593,0.56999176671071,0.9072425365447998,0.08723441511392593,0.36471666831435023,1.2188557386398315
Tnfrsf12a,0.012163319624960423,0.00818219967186451,0.5748529434204102,0.9984208920935209,-0.003651364939287305,0.5748529434204102,0.44399567960538494,1.2297985553741455,0.5748529434204102,0.2300990748619218,1.5412282943725586
1520401A03Rik,0.00029627906042151153,0.0,18.176815032958984,0.9979940091511154,0.14071114361286163,18.176815032958984,0.5196272646011879,1.0,18.176815032958984,0.46147875269036936,1.0
Pkmyt1,0.23127834498882294,0.19783389568328857,0.25032761693000793,0.9979940091511154,0.5096771121025085,0.25032761693000793,0.08756332788030392,2.2757728099823,0.25032761693000793,0.010426838030425054,2.9788436889648438
Paqr4,0.12301287800073624,0.19011253118515015,-0.6777089238166809,5.328610233633228e-09,-6.330398082733154,-0.6777089238166809,2.285473773593293e-06,-5.299982070922852,-0.6777089238166809,4.484141270753249e-12,-7.340273380279541
Kremen2,0.1576198935508728,0.17082534730434418,-0.12585872411727905,0.012582017432616888,-2.995544195175171,-0.12585872411727905,0.5321989485675287,-0.9771157503128052,-0.12585872411727905,0.3252753143769999,-1.3019286394119263
Flywch1,0.17278198897838593,0.18628767132759094,-0.1186128556728363,0.04338686048346362,-2.5127625465393066,-0.1186128556728363,0.5196272646011879,-1.0032094717025757,-0.1186128556728363,0.31007513093659606,-1.334514856338501
Flywch2,0.00950847752392292,0.007487157825380564,0.346256285905838,0.9979940091511154,-0.19984543323516846,0.346256285905838,0.6978369182545475,0.6891081929206848,0.346256285905838,0.5403363802137884,0.8618879914283752
Srrm2,1.656980276107788,1.6775634288787842,-0.03660503029823303,0.9343010636385147,-0.5900071263313293,-0.03660503029823303,0.5196272646011879,-1.0289677381515503,-0.03660503029823303,0.28120830889874754,-1.4064648151397705
Elob,1.945017695426941,1.8963299989700317,0.08230092376470566,0.025953922672355276,2.7224042415618896,0.08230092376470566,0.039224643446461135,2.6360702514648438,0.08230092376470566,0.0010536329538378066,3.6941170692443848
Prss41,0.002149594482034445,0.0036866210866719484,-0.7793436050415039,0.9979940091511154,-0.23199526965618134,-0.7793436050415039,0.5906758462169291,-0.8712371587753296,-0.7793436050415039,0.3612117568650114,-1.2262883186340332
Prss30,0.0324290432035923,0.030361246317625046,0.09655477106571198,0.570412577418368,-1.066910982131958,0.09655477106571198,0.8766036733472442,0.38206079602241516,0.09655477106571198,0.767538184701635,0.4990362226963043
Prss27,0.0003462468448560685,0.0011884986888617277,-1.779872179031372,0.9979940091511154,-0.0302796121686697,-1.779872179031372,0.5591434315286258,-0.9277259111404419,-1.779872179031372,0.27395084978146883,-1.4291298389434814
Kctd5,0.1556837558746338,0.17911174893379211,-0.21961253881454468,0.0031299514728324934,-3.4579317569732666,-0.21961253881454468,0.17624773875310237,-1.9058212041854858,-0.21961253881454468,0.03499854608565336,-2.5179603099823
Pdpk1,0.3486257791519165,0.3254803419113159,0.11674090474843979,0.9979940091511154,0.3373504877090454,0.11674090474843979,0.36167647049845647,1.4136244058609009,0.11674090474843979,0.14884523380398124,1.8280298709869385
Amdhd2,0.26037082076072693,0.3108021020889282,-0.2935361862182617,0.007414568728691229,-3.1776671409606934,-0.2935361862182617,0.0163598407586277,-2.970407009124756,-0.2935361862182617,0.00022106668447321456,-4.109636306762695
Atp6v0c,0.9905503392219543,1.1217418909072876,-0.2904284596443176,7.641462139490531e-07,-5.445164680480957,-0.2904284596443176,5.07890331886151e-07,-5.601634502410889,-0.2904284596443176,1.5292141319176397e-13,-7.807207107543945
Tbc1d24,0.0034129624255001545,0.004572628065943718,-0.4228360056877136,0.9979940091511154,-0.12263242900371552,-0.4228360056877136,0.8012321887870334,-0.5115545392036438,-0.4228360056877136,0.6273604609804572,-0.7170560359954834
Ntn3,0.0007669215556234121,0.0,19.549274444580078,0.9979940091511154,0.16822996735572815,19.549274444580078,0.36167647049845647,1.4129893779754639,19.549274444580078,0.27977087692999414,1.4129893779754639
Tedc2,0.03996429592370987,0.040851857513189316,-0.03233443573117256,0.16228139452112306,-1.8886462450027466,-0.03233443573117256,1.0,-0.13533034920692444,-0.03233443573117256,0.971338819348534,-0.17535820603370667
Ccnf,0.3784537613391876,0.2855031192302704,0.47736313939094543,0.0005412395828920417,3.964402675628662,0.47736313939094543,4.16021525897105e-06,5.165153503417969,0.47736313939094543,1.7745500950781105e-10,6.798796653747559
Abca17,0.0004944084212183952,0.0005671292310580611,-0.19802622497081757,0.9979940091511154,0.05521576479077339,-0.19802622497081757,1.0,-0.09665437042713165,-0.19802622497081757,1.0,-0.12321996688842773
Abca3,0.02895277924835682,0.031731463968753815,-0.13422684371471405,0.44878768910312405,-1.253397822380066,-0.13422684371471405,0.8239655300909197,-0.47340306639671326,-0.13422684371471405,0.6750351057783377,-0.6419492959976196
Rnps1,0.7468748688697815,0.7828713655471802,-0.09715279191732407,0.41758295203847434,-1.3060308694839478,-0.09715279191732407,0.25278600315727345,-1.6825478076934814,-0.09715279191732407,0.06274890977066659,-2.2605369091033936
Eci1,0.22256524860858917,0.24868710339069366,-0.17968548834323883,0.02085043584719599,-2.808077812194824,-0.17968548834323883,0.2365935248780861,-1.7296440601348877,-0.17968548834323883,0.05516752008291681,-2.3179574012756348
Dnase1l2,0.003677511354908347,0.0030788329895585775,0.2567782700061798,0.9979940091511154,-0.06305284053087234,0.2567782700061798,0.9108614150084201,0.32150471210479736,0.2567782700061798,0.8275350537959544,0.4068586230278015
E4f1,0.10399413853883743,0.09094604849815369,0.2029845267534256,0.3846816891205748,-1.3631168603897095,0.2029845267534256,0.4431251917681398,1.2315798997879028,0.2029845267534256,0.20863065429170677,1.6007663011550903
Pgp,0.5349685549736023,0.6368889808654785,-0.33224615454673767,0.00014293946235205464,-4.311816692352295,-0.33224615454673767,2.1747705406076833e-05,-4.811334133148193,-0.33224615454673767,7.5770893212083e-10,-6.567978382110596
Mlst8,0.048678137362003326,0.057044096291065216,-0.2348916083574295,0.0635839745435093,-2.348094940185547,-0.2348916083574295,0.5095436394034202,-1.1078706979751587,-0.2348916083574295,0.24325698240297175,-1.5052963495254517
Bricd5,0.0,0.0,0.0,0.9979940091511154,0.11319231241941452,0.0,1.0,0.0,0.0,1.0,0.0
Caskin1,0.0,0.0,0.0,0.9979940091511154,0.11319231241941452,0.0,1.0,0.0,0.0,1.0,0.0
Traf7,0.29826757311820984,0.2996220886707306,-0.007562390994280577,0.730181460957566,-0.8510352373123169,-0.007562390994280577,1.0,-0.08197683095932007,-0.007562390994280577,1.0,-0.10882239788770676
Rab26,0.019612515345215797,0.019696662202477455,-0.0062375119887292385,0.5060264358857789,-1.1648744344711304,-0.0062375119887292385,1.0,-0.019309168681502342,-0.0062375119887292385,1.0,-0.024903692305088043
Pkd1,0.03975687921047211,0.03306761011481285,0.27064016461372375,0.9979940091511154,-0.309030145406723,0.27064016461372375,0.5918673321454646,0.868797779083252,0.27064016461372375,0.37539247715321306,1.1972222328186035
Tsc2,0.052308764308691025,0.06997846812009811,-0.43273410201072693,0.0634013188655058,-2.349252700805664,-0.43273410201072693,0.18572685347496165,-1.8752920627593994,-0.43273410201072693,0.020787174805542073,-2.7249462604522705
Nthl1,0.010573889128863811,0.017681805416941643,-0.7468988299369812,0.37509568615370975,-1.3811064958572388,-0.7468988299369812,0.17502538537123072,-1.9112094640731812,-0.7468988299369812,0.020633361924036333,-2.727886438369751
Slc9a3r2,0.0009502571192570031,0.00438813678920269,-2.2096986770629883,0.9979940091511154,-0.4014720320701599,-2.2096986770629883,0.15863334331968096,-1.9693586826324463,-2.2096986770629883,0.006401931136080915,-3.145784854888916
Npw,0.001524706487543881,0.006519559770822525,-2.0998475551605225,0.9269574552590446,-0.6013174653053284,-2.0998475551605225,0.08697573725288028,-2.283338785171509,-2.0998475551605225,0.0011892635739180223,-3.661799192428589
Zfp598,0.13891981542110443,0.15412938594818115,-0.16112875938415527,0.011797639062357397,-3.0187883377075195,-0.16112875938415527,0.43050140833899747,-1.255418300628662,-0.16112875938415527,0.17935933133410628,-1.690163016319275
Syngr3,0.00730925053358078,0.012023407965898514,-0.7214561700820923,0.9051189230819173,-0.6308846473693848,-0.7214561700820923,0.4062942583971138,-1.304900884628296,-0.7214561700820923,0.13264385370836723,-1.8900288343429565
Gfer,0.2520788908004761,0.323912650346756,-0.4160303771495819,3.323002180987358e-05,-4.658518314361572,-0.4160303771495819,0.00019212672648959617,-4.292783260345459,-0.4160303771495819,4.794788308027214e-08,-5.871279716491699
Noxo1,0.0029040935914963484,0.0013048116816207767,1.1553997993469238,0.9979940091511154,0.10820508748292923,1.1553997993469238,0.5196272646011879,1.026178002357483,1.1553997993469238,0.385840003573069,1.1776182651519775
Tbl3,0.11313540488481522,0.12437380105257034,-0.14489932358264923,0.03454964338219274,-2.6075198650360107,-0.14489932358264923,0.5311797748240644,-0.9798452854156494,-0.14489932358264923,0.30733176678718166,-1.3406751155853271
Rnf151,0.00045406544813886285,0.0,18.792871475219727,0.9979940091511154,0.14071114361286163,18.792871475219727,0.5196272646011879,1.0,18.792871475219727,0.46147875269036936,1.0
Rps2,3.6984307765960693,4.032271385192871,-0.4919898808002472,1.8842145478973263e-40,-13.774374008178711,-0.4919898808002472,5.677937865264584e-47,-15.839177131652832,-0.4919898808002472,3.6729449970865905e-75,-19.744373321533203
Ndufb10,1.2682454586029053,1.237189531326294,0.06272910535335541,0.060352380827355806,2.3715169429779053,0.06272910535335541,0.3296272464562598,1.4955984354019165,0.06272910535335541,0.09768208361123615,2.0488851070404053
Rpl3l,0.0,0.0,0.0,0.9979940091511154,0.11319231241941452,0.0,1.0,0.0,0.0,1.0,0.0
Msrb1,0.48098278045654297,0.554367184638977,-0.26233893632888794,0.04362927833801914,-2.5101797580718994,-0.26233893632888794,0.00347411723800746,-3.4946837425231934,-0.26233893632888794,8.951436835838259e-06,-4.859282493591309
Hs3st6,0.0008686891524121165,0.0,19.729108810424805,0.9979940091511154,0.16822996735572815,19.729108810424805,0.36167647049845647,1.4145076274871826,19.729108810424805,0.2795042275398297,1.4145076274871826
Hagh,0.05803988128900528,0.09706402570009232,-0.7704057693481445,2.2713017447087202e-05,-4.745349407196045,-0.7704057693481445,0.0007768532093270505,-3.9285902976989746,-0.7704057693481445,1.0633671542605611e-07,-5.726396083831787
Fahd1,0.006615177728235722,0.008918742649257183,-0.4327242076396942,0.9979940091511154,-0.48483002185821533,-0.4327242076396942,0.6220600318098053,-0.8186038136482239,-0.4327242076396942,0.39997660159719717,-1.1511788368225098
Nubp2,0.4091525375843048,0.46391060948371887,-0.22357234358787537,0.03040589654082647,-2.6602420806884766,-0.22357234358787537,0.009685115977340841,-3.1544742584228516,-0.22357234358787537,0.0001730467761751009,-4.172060489654541
Spsb3,0.2972545921802521,0.2576107978820801,0.23642374575138092,0.5129155531930205,1.154632806777954,0.23642374575138092,0.054121369748411044,2.498178482055664,0.23642374575138092,0.004670807363156866,3.248373508453369
Eme2,0.00817697774618864,0.008272536098957062,-0.01683098077774048,0.9979940091511154,-0.36852067708969116,-0.01683098077774048,1.0,-0.03284727782011032,-0.01683098077774048,1.0,-0.04263444244861603
Mapk8ip3,0.12448205798864365,0.11320274323225021,0.14532628655433655,0.3346438861920043,-1.4594773054122925,0.14532628655433655,0.5196272646011879,1.0274407863616943,0.14532628655433655,0.3099852888064209,1.3349636793136597
Mrps34,0.42613130807876587,0.5181813836097717,-0.3537651300430298,0.00033054519422319386,-4.0983452796936035,-0.3537651300430298,1.78200610520986e-05,-4.854665756225586,-0.3537651300430298,7.391000784306289e-10,-6.572667121887207
Nme3,0.008610240183770657,0.01165090687572956,-0.4385138154029846,0.6968477435990348,-0.8958312273025513,-0.4385138154029846,0.5353047401645533,-0.9708991050720215,-0.4385138154029846,0.3224093378894902,-1.308092713356018
Jpt2,0.09521465003490448,0.14067836105823517,-0.5965845584869385,4.295755882495945e-07,-5.554794788360596,-0.5965845584869385,0.00023239280149328306,-4.243090629577637,-0.5965845584869385,6.943443495221906e-08,-5.804958820343018
Cramp1l,0.10399644076824188,0.11033551394939423,-0.09001728892326355,0.013808967558426203,-2.961168050765991,-0.09001728892326355,0.7433203300853446,-0.6113841533660889,-0.09001728892326355,0.5761077974480323,-0.8022385239601135
Ift140,0.024472786113619804,0.028261929750442505,-0.21042665839195251,0.3491647299198432,-1.4309788942337036,-0.21042665839195251,0.7303250577953939,-0.6334853172302246,-0.21042665839195251,0.5410712322135174,-0.8602960705757141
Telo2,0.05551208183169365,0.07953392714262009,-0.5362915396690369,0.0002598025138386704,-4.161131381988525,-0.5362915396690369,0.03460016300877607,-2.6866209506988525,-0.5362915396690369,0.0010643822892385914,-3.691309690475464
Clcn7,0.028323955833911896,0.026529792696237564,0.09570954740047455,0.5447501212668447,-1.1067198514938354,0.09570954740047455,0.9056494829022814,0.33027905225753784,0.09570954740047455,0.8138570409410953,0.42826715111732483
BC003965,0.29475048184394836,0.3459891080856323,-0.27016350626945496,0.013063006740959197,-2.981384038925171,-0.27016350626945496,0.018431725717384714,-2.925929546356201,-0.27016350626945496,0.0003114543029535786,-4.0210371017456055
Unkl,0.12635689973831177,0.1118333488702774,0.18683841824531555,0.7325385607148008,-0.8473838567733765,0.18683841824531555,0.46762607771927595,1.185256838798523,0.18683841824531555,0.2126005706950632,1.589428424835205
Gnptg,0.34543222188949585,0.244655579328537,0.5739148259162903,2.283201919369077e-05,4.74383544921875,0.5739148259162903,1.5943066808407705e-07,5.808286666870117,0.5739148259162903,3.310702342423402e-13,7.7056121826171875
Tsr3,0.27352190017700195,0.3031766712665558,-0.17092041671276093,0.03932747841328455,-2.553372859954834,-0.17092041671276093,0.17878984950913207,-1.8972996473312378,-0.17092041671276093,0.03483993862425044,-2.5199718475341797
Baiap3,0.16562548279762268,0.15998950600624084,0.054122887551784515,0.10546616634321403,-2.1104888916015625,0.054122887551784515,0.8435325308269533,0.4396320581436157,0.054122887551784515,0.721699757576633,0.570682942867279
Ube2i,1.6286247968673706,1.6065317392349243,0.039761658757925034,0.40413905243441817,1.329096794128418,0.039761658757925034,0.4778058127251837,1.166966438293457,0.039761658757925034,0.20510701587902383,1.6109157800674438
Cacna1h,0.0,0.0,0.0,0.9979940091511154,0.11319231241941452,0.0,1.0,0.0,0.0,1.0,0.0
Sox8,0.0022111148573458195,0.002930188551545143,-0.4067383408546448,0.9979940091511154,-0.11800143122673035,-0.4067383408546448,0.8836201936289004,-0.3697936534881592,-0.4067383408546448,0.7852838451420299,-0.47247999906539917
Lmf1,0.062051694840192795,0.061221953481435776,0.020026110112667084,0.3234282873158687,-1.4813854694366455,0.020026110112667084,1.0,0.10086317360401154,0.020026110112667084,0.9960337630782123,0.13597913086414337
Gng13,0.0010849888203665614,0.0004621986299753189,1.2315428256988525,0.9979940091511154,0.11043152958154678,1.2315428256988525,0.6326031811957892,0.7999604940414429,1.2315428256988525,0.5085547541808798,0.9168009161949158
Chtf18,0.14078637957572937,0.13555975258350372,0.05843595042824745,0.1003691115181343,-2.135603189468384,0.05843595042824745,0.8377786491754056,0.45009154081344604,0.05843595042824745,0.7188673789277283,0.5752251148223877
Rpusd1,0.05098867788910866,0.05959584563970566,-0.2313009798526764,0.013903339164876011,-2.95849609375,-0.2313009798526764,0.46600343064857586,-1.1884580850601196,-0.2313009798526764,0.2254939899729727,-1.5544371604919434
Ciao3,0.08611415326595306,0.10180085152387619,-0.25292032957077026,0.011168723965679694,-3.0386481285095215,-0.25292032957077026,0.3012089973418434,-1.5610524415969849,-0.25292032957077026,0.082092801197255,-2.1342222690582275
Haghl,0.08151591569185257,0.04992271214723587,0.730424702167511,0.9264247407537893,0.6026533246040344,0.730424702167511,0.0022173005751658964,3.6239283084869385,0.730424702167511,3.283764319566949e-05,4.571080207824707
Ccdc78,0.001385159557685256,0.0034416941925883293,-1.3145502805709839,0.9979940091511154,-0.2881016135215759,-1.3145502805709839,0.41106039116046683,-1.2953240871429443,-1.3145502805709839,0.1337609481349618,-1.8852003812789917
Fam173a,0.04978511482477188,0.04875298961997032,0.0309743694961071,0.29841911207960714,-1.533128023147583,0.0309743694961071,1.0,0.13048315048217773,0.0309743694961071,0.9690220366048806,0.17887969315052032
Metrn,0.27518877387046814,0.30207961797714233,-0.15483681857585907,0.11472846862589979,-2.0692553520202637,-0.15483681857585907,0.2527134091276328,-1.6829073429107666,-0.15483681857585907,0.06377104084195516,-2.253211498260498
Fbxl16,0.0003150998381897807,0.0004626369336619973,-0.5541764497756958,0.9979940091511154,0.05521576479077339,-0.5541764497756958,0.9420001146805838,-0.2635764479637146,-0.5541764497756958,0.8572225018652407,-0.3595230281352997
Wdr24,0.04691680148243904,0.05954643338918686,-0.3531014919281006,0.006881620513066804,-3.2034049034118652,-0.3531014919281006,0.20214654056831557,-1.8253480195999146,-0.3531014919281006,0.04237493008298377,-2.432842493057251
Jmjd8,0.021587230265140533,0.034447845071554184,-0.6835558414459229,0.043518960955011704,-2.5113375186920166,-0.6835558414459229,0.07065513679078841,-2.381368398666382,-0.6835558414459229,0.00406786994146206,-3.2932240962982178
Stub1,0.6075994968414307,0.5826607346534729,0.08022814989089966,0.34316365372062807,1.4420219659805298,0.08022814989089966,0.4198957147456859,1.2760820388793945,0.08022814989089966,0.1884159355560885,1.6621525287628174
Rhot2,0.13268646597862244,0.14949865639209747,-0.18452389538288116,0.008364931427408935,-3.137234926223755,-0.18452389538288116,0.34254051670185975,-1.465963363647461,-0.18452389538288116,0.11705015340172098,-1.9551331996917725
Wdr90,0.072813481092453,0.06119157001376152,0.2593497335910797,0.36828314305334153,-1.3949995040893555,0.2593497335910797,0.3725527026698845,1.3754290342330933,0.2593497335910797,0.1654478227611047,1.7405648231506348
Mcrip2,0.013253633864223957,0.029882868751883507,-1.1849690675735474,0.05170047103410575,-2.4393789768218994,-1.1849690675735474,0.006021019044499375,-3.3209049701690674,-1.1849690675735474,6.917382562621627e-06,-4.914809226989746
Mettl26,0.34267324209213257,0.3559545874595642,-0.06499676406383514,0.550059155358384,-1.098170280456543,-0.06499676406383514,0.6484183068648494,-0.7728009223937988,-0.06499676406383514,0.46147875269036936,-1.0280033349990845
Wfikkn1,0.0011576620163396,0.002333130454644561,-1.0119003057479858,0.9979940091511154,-0.11764519661664963,-1.0119003057479858,0.5764418466293575,-0.8965488076210022,-1.0119003057479858,0.31279925300092976,-1.3279879093170166
Rab40c,0.029563218355178833,0.031637027859687805,-0.09931429475545883,0.4393908829598108,-1.268715739250183,-0.09931429475545883,0.9018219086695893,-0.33827558159828186,-0.09931429475545883,0.7917607250947449,-0.4622298777103424
Pigq,0.10798727720975876,0.13564921915531158,-0.34937819838523865,0.0002614389789182686,-4.1594390869140625,-0.34937819838523865,0.05585535429391713,-2.48563551902771,-0.34937819838523865,0.0033138722261461325,-3.3579652309417725
Capn15,0.06971237063407898,0.08199766278266907,-0.24314209818840027,0.047296197231815454,-2.476961374282837,-0.24314209818840027,0.44105239983460587,-1.235396385192871,-0.24314209818840027,0.16834620149585747,-1.730562686920166
Rab11fip3,0.0023644997272640467,0.010036761872470379,-2.091226577758789,0.9979940091511154,-0.1805199235677719,-2.091226577758789,0.2761817042067764,-1.6227539777755737,-2.091226577758789,0.01947043616770506,-2.751603126525879
Decr2,0.023702207952737808,0.026001032441854477,-0.13521268963813782,0.4704770565300316,-1.2188434600830078,-0.13521268963813782,0.8356506524199194,-0.4535491466522217,-0.13521268963813782,0.6969602947545994,-0.6081832051277161
Nme4,0.007944607175886631,0.027416039258241653,-1.801059365272522,0.05086206130502705,-2.4465925693511963,-1.801059365272522,0.0002701237613724609,-4.2201313972473145,-1.801059365272522,6.213924006627599e-10,-6.604083061218262
Tmem8,0.035876426845788956,0.0357988215982914,0.0031806400511413813,0.3431025164512694,-1.4422000646591187,0.0031806400511413813,1.0,0.011567136272788048,0.0031806400511413813,1.0,0.015465953387320042
Mrpl28,0.596636950969696,0.736950695514679,-0.41709449887275696,2.8558941340047907e-08,-6.047194957733154,-0.41709449887275696,5.086581604858354e-09,-6.438190460205078,-0.41709449887275696,3.3081019703200324e-17,-8.872819900512695
Axin1,0.23421695828437805,0.21312329173088074,0.15193991363048553,0.9979940091511154,-0.38410577178001404,0.15193991363048553,0.34996079417409354,1.4479148387908936,0.15193991363048553,0.13479683245075277,1.8810782432556152
Pdia2,0.00027242154465056956,0.0,18.055683135986328,0.9979940091511154,0.14071114361286163,18.055683135986328,0.5196272646011879,1.0,18.055683135986328,0.46147875269036936,1.0
Arhgdig,0.00354795646853745,0.0202492643147707,-2.5248806476593018,0.0811065857362513,-2.23748517036438,-2.5248806476593018,6.696825444624035e-05,-4.581186771392822,-2.5248806476593018,1.689597898797712e-12,-7.497147560119629
Rgs11,0.00291142868809402,0.001453810022212565,1.0029398202896118,0.9979940091511154,0.19129590690135956,1.0029398202896118,0.5196272646011879,1.0045273303985596,1.0029398202896118,0.3568713799748313,1.2353090047836304
Fam234a,0.02639189548790455,0.054350558668375015,-1.0625033378601074,0.0006649245713336483,-3.907672882080078,-1.0625033378601074,0.00038883768619079706,-4.11482048034668,-1.0625033378601074,4.1073365829089905e-08,-5.897987365722656
Luc7l,0.3323618173599243,0.42426472902297974,-0.422673761844635,1.4738316040270975e-05,-4.841175556182861,-0.422673761844635,1.1938341207929903e-05,-4.946226596832275,-0.422673761844635,1.421652756508615e-10,-6.829969882965088
Neurl1b,0.043285202234983444,0.011102081276476383,1.9863641262054443,0.3689035887911421,1.3937526941299438,1.9863641262054443,1.465891983564698e-08,6.198896884918213,1.9863641262054443,2.2007606144225105e-10,6.787962913513184
Dusp1,0.6395101547241211,0.5717319250106812,0.21542513370513916,0.11394230656750731,2.073173761367798,0.21542513370513916,0.07526353523448837,2.350850820541382,0.21542513370513916,0.005088726245349882,3.2198288440704346
Ergic1,0.058224163949489594,0.0985078513622284,-0.7880587577819824,1.0342852545843292e-05,-4.9174981117248535,-0.7880587577819824,0.0003281371291474971,-4.160721778869629,-0.7880587577819824,2.6357543826859653e-08,-5.975614547729492
Atp6v0e,1.3903651237487793,1.4140558242797852,-0.04533306136727333,0.9979940091511154,-0.20607948303222656,-0.04533306136727333,0.39594053836937265,-1.3265564441680908,-0.04533306136727333,0.16532025247617071,-1.741013526916504
Crebrf,0.10508815199136734,0.11763525009155273,-0.17193931341171265,0.26112322310957076,-1.6162188053131104,-0.17193931341171265,0.6292260667703192,-0.8067472577095032,-0.17193931341171265,0.38184807745237076,-1.1846683025360107
Bnip1,0.14483962953090668,0.14391152560710907,0.009959918446838856,0.23152758919137414,-1.6879993677139282,0.009959918446838856,1.0,0.0772801861166954,0.009959918446838856,1.0,0.10248782485723495
Kifc5b,0.1062978133559227,0.05888722836971283,0.8867553472518921,0.7718667963502142,0.7977787256240845,0.8867553472518921,6.5360110804049115e-06,5.055239677429199,0.8867553472518921,1.623015112245299e-08,6.070549488067627
Phf1,0.06411641836166382,0.062092412263154984,0.0477522611618042,0.5184146516949699,-1.1461724042892456,0.0477522611618042,0.9753310103265493,0.201300248503685,0.0477522611618042,0.9032280235033152,0.2859932780265808
Cuta,0.8973295092582703,0.9166524410247803,-0.04675419256091118,0.9979940091511154,-0.46897774934768677,-0.04675419256091118,0.5591434315286258,-0.9273169040679932,-0.04675419256091118,0.35769262466337304,-1.2332956790924072
Syngap1,0.0002822064561769366,0.0,18.106599807739258,0.9979940091511154,0.14071114361286163,18.106599807739258,0.5196272646011879,1.0,18.106599807739258,0.46147875269036936,1.0
Zbtb9,0.0014120382256805897,0.0,20.43036651611328,0.9979940091511154,0.19574879109859467,20.43036651611328,0.31428322272166215,1.5294263362884521,20.43036651611328,0.23498826215018287,1.5294263362884521
Gm50253,0.0010981268715113401,0.0006245176773518324,0.8145713210105896,0.9979940091511154,0.11043152958154678,0.8145713210105896,0.7977174007398485,0.5176131129264832,0.8145713210105896,0.685824514397759,0.6255989074707031
Ggnbp1,0.0044992705807089806,0.006289796903729439,-0.48461487889289856,0.9979940091511154,-0.34696874022483826,-0.48461487889289856,0.7096552890820403,-0.6678584218025208,-0.48461487889289856,0.5058714645895607,-0.9212567806243896
Bak1,0.530366837978363,0.5980884432792664,-0.2267885059118271,0.00937286895723097,-3.0996525287628174,-0.2267885059118271,0.0037932510348870382,-3.4638102054595947,-0.2267885059118271,2.393063198262736e-05,-4.641430377960205
Itpr3,0.12216170877218246,0.14717964828014374,-0.28723764419555664,0.0023089672007869533,-3.552332878112793,-0.28723764419555664,0.15902179719940526,-1.9656715393066406,-0.28723764419555664,0.020669503139782636,-2.7271509170532227
Uqcc2,0.7923518419265747,0.9508917927742004,-0.3939076066017151,1.7184589049413622e-08,-6.1345601081848145,-0.3939076066017151,4.52039234114312e-11,-7.200212001800537,-0.3939076066017151,3.63063275930648e-20,-9.664145469665527
Lemd2,0.1343982219696045,0.12285935133695602,0.138008251786232,0.3763492403682911,-1.37870192527771,0.138008251786232,0.5196272646011879,1.0013306140899658,0.138008251786232,0.3240175357520941,1.3045953512191772
Hmga1,0.06881777942180634,0.094974584877491,-0.48388585448265076,6.442311400471592e-05,-4.504181385040283,-0.48388585448265076,0.02110356126705864,-2.8754303455352783,-0.48388585448265076,0.0005415192012933484,-3.8767759799957275
AI413582,0.4669401943683624,0.470668762922287,-0.014373468235135078,0.9984208920935209,0.014338286593556404,-0.014373468235135078,0.9794419279012536,-0.19212324917316437,-0.014373468235135078,0.9195246659324259,-0.26007533073425293
Nudt3,0.2184993326663971,0.2319193184375763,-0.0960378348827362,0.15056626411017413,-1.9306814670562744,-0.0960378348827362,0.5793759466513937,-0.8911392688751221,-0.0960378348827362,0.36834027900153415,-1.210709810256958
Rps10,2.1382858753204346,2.2109594345092773,-0.11829403042793274,0.04337578671385652,-2.5129406452178955,-0.11829403042793274,7.373546024211448e-05,-4.525643348693848,-0.11829403042793274,2.668837194522714e-08,-5.975609302520752
Pacsin1,0.03881366550922394,0.028897058218717575,0.4328356683254242,0.9979940091511154,-0.32238879799842834,0.4328356683254242,0.36321377038034836,1.4011425971984863,0.4328356683254242,0.15511971778490066,1.8054457902908325
Ilrun,0.2348812371492386,0.254294753074646,-0.12914425134658813,0.10511366352186524,-2.1121809482574463,-0.12914425134658813,0.4341222196478989,-1.2486652135849,-0.12914425134658813,0.18007573896565213,-1.687768816947937
Snrpc,1.0741631984710693,1.0388365983963013,0.07813309878110886,0.16166761733040175,1.8912289142608643,0.07813309878110886,0.2565412924428703,1.671223759651184,0.07813309878110886,0.05897343256605912,2.2869794368743896
Uhrf1bp1,0.0024557963479310274,0.0036478249821811914,-0.5717057585716248,0.9979940091511154,-0.14694517850875854,-0.5717057585716248,0.7394393005921627,-0.618100643157959,-0.5717057585716248,0.537429788962219,-0.8664661645889282
Taf11,0.3771308362483978,0.4303882122039795,-0.2315688133239746,0.05180341268036035,-2.438310384750366,-0.2315688133239746,0.011447061746031191,-3.097825050354004,-0.2315688133239746,0.000160798445377045,-4.190094947814941
Anks1,0.04478089511394501,0.03738430514931679,0.2658226191997528,0.9263398443268078,-0.6029205322265625,0.2658226191997528,0.5196272646011879,1.0730208158493042,0.2658226191997528,0.27977087692999414,1.4125093221664429
Tcp11,0.006750189233571291,0.00459011597558856,0.557956874370575,0.9979940091511154,-0.0915512964129448,0.557956874370575,0.5580505881240162,0.9295247793197632,0.557956874370575,0.40842934721634494,1.1351627111434937
Scube3,0.0,0.0,0.0,0.9979940091511154,0.11319231241941452,0.0,1.0,0.0,0.0,1.0,0.0
Zfp523,0.013719037175178528,0.023211441934108734,-0.7655253410339355,0.7549163156509916,-0.8191525340080261,-0.7655253410339355,0.3355851150265563,-1.4822584390640259,-0.7655253410339355,0.053511315847050385,-2.3318371772766113
Def6,0.7383511066436768,0.6649132966995239,0.21025949716567993,0.0014544250263710335,3.6889472007751465,0.21025949716567993,0.0030838983217298705,3.5283560752868652,0.21025949716567993,1.5030517496600263e-05,4.746044158935547
Ppard,0.035533830523490906,0.045693378895521164,-0.37017008662223816,0.09611910899375169,-2.156620740890503,-0.37017008662223816,0.35067413042929213,-1.4464201927185059,-0.37017008662223816,0.10426572223571524,-2.0156021118164062
Fance,0.07521650195121765,0.07286132127046585,0.047616057097911835,0.23598819739089857,-1.6760655641555786,0.047616057097911835,0.9541557161608895,0.24225373566150665,0.047616057097911835,0.8777389918703926,0.3287447988986969
Rpl10a,3.171114206314087,3.343918561935425,-0.25929635763168335,1.7194438858663308e-21,-9.967781066894531,-0.25929635763168335,1.273194721824526e-31,-12.636220932006836,-0.25929635763168335,1.5119430361336667e-48,-15.523046493530273
Tead3,0.0020891798194497824,0.0037708370946347713,-0.8531615138053894,0.9979940091511154,-0.1480138748884201,-0.8531615138053894,0.5653109648657985,-0.9158875942230225,-0.8531615138053894,0.33699898250062305,-1.276855707168579
Tulp1,0.003926206845790148,0.004496076609939337,-0.1959419846534729,0.9979940091511154,-0.20483267307281494,-0.1959419846534729,0.9412446250983922,-0.26489031314849854,-0.1959419846534729,0.8657621992203304,-0.3471008837223053
Fkbp5,0.4923326075077057,0.6619876027107239,-0.5612569451332092,2.7195746591054335e-10,-6.803472518920898,-0.5612569451332092,4.817233581576584e-11,-7.201528549194336,-0.5612569451332092,4.904877822907785e-21,-9.881203651428223
Clps,0.0002834659244399518,0.0,18.113025665283203,0.9979940091511154,0.14071114361286163,18.113025665283203,0.5196272646011879,1.0,18.113025665283203,0.46147875269036936,1.0
Srpk1,0.7884253859519958,0.9212949872016907,-0.33402520418167114,4.925400261513686e-06,-5.07521915435791,-0.33402520418167114,2.7476293472944603e-08,-6.126506328582764,-0.33402520418167114,1.7126391669491592e-14,-8.100386619567871
Slc26a8,0.0,0.0,0.0,0.9979940091511154,0.11319231241941452,0.0,1.0,0.0,0.0,1.0,0.0
Mapk14,0.24702337384223938,0.21902476251125336,0.19453412294387817,0.9979940091511154,0.3157985508441925,0.19453412294387817,0.18684268799797882,1.8703256845474243,0.19453412294387817,0.040579302869631934,2.4512746334075928
Gm4356,0.020948104560375214,0.027767937630414963,-0.41153988242149353,0.4946176511606224,-1.1828641891479492,-0.41153988242149353,0.5196272646011879,-1.0169479846954346,-0.41153988242149353,0.25675296429645383,-1.4706591367721558
Mapk13,0.00029178435215726495,0.0,18.15475845336914,0.9979940091511154,0.14071114361286163,18.15475845336914,0.5196272646011879,1.0,18.15475845336914,0.46147875269036936,1.0
Brpf3,0.050531137734651566,0.02166675217449665,1.2426363229751587,0.9979940091511154,0.4540160596370697,1.2426363229751587,5.2861930567818096e-05,4.590724945068359,1.2426363229751587,1.5806415104034591e-06,5.224146842956543
Pnpla1,0.0,0.0,0.0,0.9979940091511154,0.11319231241941452,0.0,1.0,0.0,0.0,1.0,0.0
4930539E08Rik,0.0009464267641305923,0.003240627236664295,-1.777364730834961,0.9979940091511154,-0.17357341945171356,-1.777364730834961,0.46607688573691924,-1.1888216733932495,-1.777364730834961,0.14139625422815272,-1.8562610149383545
Pxt1,0.0,0.0006112469709478319,-19.221839904785156,0.9979940091511154,0.027607882395386696,-19.221839904785156,0.5196272646011879,-1.0,-19.221839904785156,0.16021537352752957,-1.759765386581421
Kctd20,0.2774658799171448,0.24534857273101807,0.2016534060239792,0.5024785555458378,1.1705741882324219,0.2016534060239792,0.12030710239012013,2.1160712242126465,0.2016534060239792,0.01718635799671117,2.7967569828033447
Stk38,0.6043983697891235,0.5920813083648682,0.03946990147233009,0.6761047792643653,0.923439085483551,0.03946990147233009,0.7991505665070405,0.5152187943458557,0.03946990147233009,0.6326719009110424,0.7090747356414795
Srsf3,2.233633518218994,2.1847689151763916,0.07919176667928696,0.28968251859654287,1.5507614612579346,0.07919176667928696,0.09808240186049938,2.2242624759674072,0.07919176667928696,0.004191283663053742,3.2834997177124023
Cdkn1a,0.13829419016838074,0.1760893166065216,-0.37654414772987366,6.10714336343134e-05,-4.518786907196045,-0.37654414772987366,0.07640425717768906,-2.3428051471710205,-0.37654414772987366,0.004902628788109375,-3.2317068576812744
Rab44,0.0,0.0,0.0,0.9979940091511154,0.11319231241941452,0.0,1.0,0.0,0.0,1.0,0.0
Cpne5,0.0005646994104608893,0.00337403966113925,-2.580946922302246,0.9979940091511154,-0.3442079424858093,-2.580946922302246,0.16100655704408542,-1.961177945137024,-2.580946922302246,0.005494256120055663,-3.197009325027466
Ppil1,0.6254491806030273,0.7349979877471924,-0.3207606375217438,8.522321212214852e-06,-4.959266185760498,-0.3207606375217438,1.358154325131437e-05,-4.9172139167785645,-0.3207606375217438,2.0342015877606057e-10,-6.77406644821167
BC004004,0.39668235182762146,0.370479941368103,0.11869518458843231,0.5890704400470786,1.0402828454971313,0.11869518458843231,0.32682132289285176,1.50095796585083,0.11869518458843231,0.11293411258951945,1.9733574390411377
Pi16,0.0008405608823522925,0.0028291174676269293,-1.752361536026001,0.9979940091511154,-0.08816710859537125,-1.752361536026001,0.5196272646011879,-1.0748649835586548,-1.752361536026001,0.17892803895718984,-1.6919194459915161
Mtch1,0.9151853919029236,0.9934095740318298,-0.1835927963256836,0.015652706524919718,-2.9157485961914062,-0.1835927963256836,0.005065768567479886,-3.3697547912597656,-0.1835927963256836,3.615613323483191e-05,-4.547389030456543
Fgd2,0.0004967816639691591,0.009058253839612007,-4.194727420806885,0.9979940091511154,-0.3452766239643097,-4.194727420806885,0.19380475513580592,-1.8518280982971191,-4.194727420806885,0.0048566183224471775,-3.2392561435699463
Pim1,1.9451982975006104,1.911025881767273,0.057690225541591644,0.14446832208392557,1.9527678489685059,0.057690225541591644,0.5196272646011879,1.0106028318405151,0.057690225541591644,0.29925945023921674,1.358066201210022
Gm17657,0.0011906189611181617,0.0013908450491726398,-0.22439436614513397,0.9979940091511154,0.1373269408941269,-0.22439436614513397,1.0,-0.13190892338752747,-0.22439436614513397,0.9554992431887755,-0.20080184936523438
Tmem217,0.0014424137771129608,0.0027155564166605473,-0.9136809706687927,0.9979940091511154,-0.08977014571428299,-0.9136809706687927,0.6079531422669967,-0.8411709070205688,-0.9136809706687927,0.3453541736843348,-1.2594703435897827
Tbc1d22b,0.12751784920692444,0.12318457663059235,0.05306851491332054,0.4173750408808409,-1.306565284729004,0.05306851491332054,0.8917080363822973,0.355124294757843,0.05306851491332054,0.7762565122960464,0.48676732182502747
Rnf8,0.2439090460538864,0.264486700296402,-0.13232368230819702,0.049406135095946505,-2.4587936401367188,-0.13232368230819702,0.3621040251177201,-1.4063549041748047,-0.13232368230819702,0.1463329765470634,-1.8373771905899048
Gm28043,0.003811455797404051,0.0031633221078664064,0.26936936378479004,0.9979940091511154,-0.0354449562728405,0.26936936378479004,0.900200128163851,0.34108617901802063,0.26936936378479004,0.8127758585034519,0.4305799901485443
Cmtr1,0.03265665844082832,0.02411614917218685,0.44356733560562134,0.9979940091511154,0.05334554985165596,0.44356733560562134,0.4288753847452032,1.2588797807693481,0.44356733560562134,0.17335353782456084,1.7113542556762695
Ccdc167,0.1691896766424179,0.16313549876213074,0.057058680802583694,0.30324320490168993,-1.5226192474365234,0.057058680802583694,0.8201668255925895,0.479617714881897,0.057058680802583694,0.6864346226607572,0.6246389746665955
Mdga1,0.0003548922250047326,0.0,18.437280654907227,0.9979940091511154,0.14071114361286163,18.437280654907227,0.5196272646011879,1.0,18.437280654907227,0.46147875269036936,1.0
Zfand3,0.24296122789382935,0.21801285445690155,0.17500005662441254,0.9979940091511154,0.0977853387594223,0.17500005662441254,0.26937947310144367,1.6384916305541992,0.17500005662441254,0.07950250915379486,2.150089979171753
Btbd9,0.14055487513542175,0.12748262286186218,0.150472953915596,0.7882941968685193,-0.776850163936615,0.150472953915596,0.5196272646011879,1.0020813941955566,0.150472953915596,0.29683943539256086,1.364014744758606
Glo1,0.5098166465759277,0.6564030051231384,-0.48056063055992126,8.80979392321045e-09,-6.245258808135986,-0.48056063055992126,6.986461942007362e-11,-7.134888172149658,-0.48056063055992126,4.341348062736878e-20,-9.64286994934082
Dnah8,0.11664794385433197,0.08583267033100128,0.4651656150817871,0.9979940091511154,0.1090066060423851,0.4651656150817871,0.02957549187123151,2.7458527088165283,0.4651656150817871,0.0018702565716510902,3.53214693069458
Glp1r,0.004701962228864431,0.0010433787247166038,2.1746394634246826,0.9979940091511154,0.2466897815465927,2.1746394634246826,0.10278009274158945,2.195359230041504,2.1746394634246826,0.05040081836841009,2.3584513664245605
Abcg1,0.04854767397046089,0.05834444239735603,-0.27232277393341064,0.2079292231372901,-1.7515864372253418,-0.27232277393341064,0.5196272646011879,-1.0447171926498413,-0.27232277393341064,0.24393553580635627,-1.5034300088882446
Tff1,0.0012390392366796732,0.0,20.24168586730957,0.9979940091511154,0.16822996735572815,20.24168586730957,0.36179032358873764,1.4085297584533691,20.24168586730957,0.28077448648972153,1.4085297584533691
Tmprss3,0.0005149805801920593,0.001756738987751305,-1.771203875541687,0.9979940091511154,-0.08798898756504059,-1.771203875541687,0.4864179171389059,-1.1510334014892578,-1.771203875541687,0.15111873865079511,-1.819873571395874
Ubash3a,0.2786623239517212,0.3083113133907318,-0.16830168664455414,0.08239139013986928,-2.2306277751922607,-0.16830168664455414,0.2506994385501616,-1.688822627067566,-0.16830168664455414,0.054950095636813676,-2.319688081741333
Rsph1,0.02330811880528927,0.03228982537984848,-0.47675612568855286,0.17799753660012793,-1.837616205215454,-0.47675612568855286,0.24918327482636526,-1.693337082862854,-0.47675612568855286,0.053309266931063776,-2.333416700363159
Slc37a1,0.09978724271059036,0.09701051563024521,0.042750194668769836,0.12663184706337036,-2.0200064182281494,0.042750194668769836,0.9296024834492753,0.28647714853286743,0.042750194668769836,0.8480069753982638,0.37443894147872925
Pde9a,0.00024262000806629658,0.0,17.888519287109375,0.9979940091511154,0.14071114361286163,17.888519287109375,0.5196272646011879,1.0,17.888519287109375,0.46147875269036936,1.0
Wdr4,0.04353327676653862,0.10438624024391174,-1.3061779737472534,1.7151866350106489e-09,-6.515994548797607,-1.3061779737472534,2.7109942283516325e-09,-6.579840183258057,-1.3061779737472534,1.0609313196518756e-20,-9.797468185424805
Ndufv3,1.031761646270752,1.0350440740585327,-0.007351067382842302,0.9979940091511154,0.45766744017601013,-0.007351067382842302,0.9970917265861204,-0.15771350264549255,-0.007351067382842302,0.949334183214355,-0.2118055373430252
Pknox1,0.2241603583097458,0.2116837501525879,0.0919472947716713,0.8051002054149927,-0.7550310492515564,0.0919472947716713,0.5949072741462614,0.8634350299835205,0.0919472947716713,0.4094418353995348,1.1332409381866455
Cbs,0.0012583883944898844,0.0006774610374122858,0.8937854170799255,0.9979940091511154,0.11043152958154678,0.8937854170799255,0.7597579242433002,0.5835957527160645,0.8937854170799255,0.6355726291868097,0.7044124007225037
U2af1,1.1955426931381226,1.2716896533966064,-0.15502604842185974,0.0013869465470822111,-3.7032856941223145,-0.15502604842185974,0.0041673352381934,-3.43567156791687,-0.15502604842185974,1.6775156449836882e-05,-4.7205305099487305
Sik1,0.1920376420021057,0.17869126796722412,0.11384450644254684,0.6088000709094222,-1.012496829032898,0.11384450644254684,0.5591434315286258,0.9273610711097717,0.11384450644254684,0.3554547886541758,1.2380092144012451
Hsf2bp,0.0,0.001195177435874939,-20.18965721130371,0.9979940091511154,-0.05797655135393143,-20.18965721130371,0.36167647049845647,-1.4136900901794434,-20.18965721130371,0.037525382070958194,-2.487762928009033
Rrp1b,0.16984649002552032,0.25935596227645874,-0.6775771379470825,5.786696286941842e-09,-6.316504955291748,-0.6775771379470825,2.587914966311624e-07,-5.736390113830566,-0.6775771379470825,1.3382196452228981e-14,-8.126981735229492
Notch3,0.0012271013110876083,0.001947001670487225,-0.6665188074111938,0.9979940091511154,-0.08798898756504059,-0.6665188074111938,0.8135080209549063,-0.491855651140213,-0.6665188074111938,0.6799818017456964,-0.634740948677063
Ephx3,0.0009417505352757871,0.004623821470886469,-2.2983250617980957,0.9979940091511154,-0.4867892861366272,-2.2983250617980957,0.11718457638048303,-2.133244514465332,-2.2983250617980957,0.0028506962852937255,-3.4055368900299072
Brd4,0.8231168985366821,0.8193117380142212,0.009801143780350685,0.664965433773158,0.9379554986953735,0.009801143780350685,0.9844301744019841,0.18374936282634735,0.009801143780350685,0.9315092853327913,0.24194270372390747
Akap8,0.3474474251270294,0.39218148589134216,-0.20897988975048065,0.036097331584222486,-2.5896193981170654,-0.20897988975048065,0.07086162156766528,-2.379725217819214,-0.20897988975048065,0.004743571572285047,-3.2428412437438965
Akap8l,0.10395035892724991,0.11848427355289459,-0.19947923719882965,0.013900200435612088,-2.958852529525757,-0.19947923719882965,0.4368896699480988,-1.243129014968872,-0.19947923719882965,0.17371509385849992,-1.7101300954818726
Wiz,0.13746954500675201,0.15793476998806,-0.21534249186515808,0.001988803200320061,-3.5957930088043213,-0.21534249186515808,0.24126629104836952,-1.714892029762268,-0.21534249186515808,0.06017445116511784,-2.2780420780181885
Rasal3,0.4260255694389343,0.3922099471092224,0.14536549150943756,0.2466186952307816,1.6498826742172241,0.14536549150943756,0.24151844345376264,1.7139633893966675,0.14536549150943756,0.05425630499312417,2.325312852859497
Pglyrp2,0.2901679277420044,0.2592664659023285,0.18576239049434662,0.9192086226295508,0.6116481423377991,0.18576239049434662,0.20382618551878579,1.8205437660217285,0.18576239049434662,0.04187073033986304,2.438014507293701
Cyp4f39,0.0011035737115889788,0.0019835783168673515,-0.8465569019317627,0.9979940091511154,-0.06020299345254898,-0.8465569019317627,0.708462956108859,-0.670017421245575,-0.8465569019317627,0.4834002907745994,-0.96055006980896
Cyp4f17,0.016456032171845436,0.012654484249651432,0.38171663880348206,0.9979940091511154,-0.08335798978805542,0.38171663880348206,0.5626385918488267,0.9204392433166504,0.38171663880348206,0.36709416015705515,1.2137115001678467
Cyp4f16,0.0007408427190966904,0.0035762537736445665,-2.27325439453125,0.9979940091511154,-0.08834522217512131,-2.27325439453125,0.5196272646011879,-1.0843963623046875,-2.27325439453125,0.1492820898545771,-1.826956033706665
Zfp871,0.319480836391449,0.2812226414680481,0.21299345791339874,0.7834364782632894,0.783262312412262,0.21299345791339874,0.12541117481195976,2.093925952911377,0.21299345791339874,0.018208000248148348,2.7751424312591553
Zfp811,0.0017463319236412644,0.001160535728558898,0.5899590849876404,0.9979940091511154,0.16493482887744904,0.5899590849876404,0.8566277767313617,0.41697898507118225,0.5899590849876404,0.7231759362006023,0.5685197710990906
Zfp799,0.012328686192631721,0.011047904379665852,0.15917213261127472,0.9979940091511154,-0.14427344501018524,0.15917213261127472,0.9141524076754628,0.3148788511753082,0.15917213261127472,0.8098299289604673,0.4350481331348419
Zfp870,0.004870119504630566,0.004339857492595911,0.16669230163097382,0.9979940091511154,-0.1202278733253479,0.16669230163097382,0.953474406143132,0.24342310428619385,0.16669230163097382,0.8881020080501731,0.3099409341812134
Cyp4f13,0.015848634764552116,0.016264671459794044,-0.037684064358472824,0.8311420819635211,-0.723682701587677,-0.037684064358472824,1.0,-0.07985110580921173,-0.037684064358472824,1.0,-0.10929180681705475
Zfp472,0.10962364822626114,0.09740482270717621,0.17946001887321472,0.49797978716044483,-1.1775206327438354,0.17946001887321472,0.48439209201395994,1.1548031568527222,0.17946001887321472,0.23994208234343647,1.514597773551941
Zfp952,0.04660967364907265,0.043762799352407455,0.0929931029677391,0.3493502460607664,-1.4304444789886475,0.0929931029677391,0.8686884161573215,0.39631929993629456,0.0929931029677391,0.7545678078040872,0.5189043283462524
Zfp763,0.006096921395510435,0.009164427407085896,-0.5901790857315063,0.9715814118872326,-0.5436080694198608,-0.5901790857315063,0.5443632625594435,-0.9554377794265747,-0.5901790857315063,0.31373308754810325,-1.3261250257492065
Zfp563,0.01401488110423088,0.00896291621029377,0.6485704183578491,0.9979940091511154,-0.2000235617160797,0.6485704183578491,0.4193334207787383,1.2768919467926025,0.6485704183578491,0.2447717866068853,1.5015380382537842
Zfp955a,0.02917153388261795,0.03428566828370094,-0.23675282299518585,0.24191256488065224,-1.6609257459640503,-0.23675282299518585,0.6110817710712809,-0.8351643681526184,-0.23675282299518585,0.41989231041805825,-1.1139428615570068
Olfr63,0.0,0.0,0.0,0.9979940091511154,0.11319231241941452,0.0,1.0,0.0,0.0,1.0,0.0
Zfp955b,0.05430873483419418,0.06369621306657791,-0.23686164617538452,0.037754544335368186,-2.5707390308380127,-0.23686164617538452,0.5196272646011879,-1.0425121784210205,-0.23686164617538452,0.2727769299531996,-1.4321072101593018
Zfp81,0.03521658480167389,0.02919027954339981,0.2751372158527374,0.9475282853838836,-0.5751345157623291,0.2751372158527374,0.5297396810190845,0.9824586510658264,0.2751372158527374,0.342910671788433,1.264374017715454
Zfp101,0.11861515045166016,0.10228811949491501,0.22564397752285004,0.521086106222558,-1.1426100730895996,0.22564397752285004,0.3118593617496837,1.5352439880371094,0.22564397752285004,0.11087431247885142,1.9832934141159058
Adamts10,0.19844821095466614,0.20295923948287964,-0.03579017519950867,0.2076474179018382,-1.7522989511489868,-0.03579017519950867,0.9241502075591116,-0.2956080734729767,-0.03579017519950867,0.8313894160338828,-0.400229275226593
Myo1f,0.6443902254104614,0.6260433793067932,0.056298378854990005,0.3832678492864299,1.3661448955535889,0.056298378854990005,0.581236576814214,0.8863599896430969,0.056298378854990005,0.3813397134576945,1.1856160163879395
Zfp414,0.1611987054347992,0.15851248800754547,0.02623314969241619,0.19217043497474942,-1.7955809831619263,0.02623314969241619,0.9673152141586808,0.21595922112464905,0.02623314969241619,0.9058032018633994,0.28207653760910034
Pram1,0.0,0.004080193117260933,-21.963150024414062,0.9979940091511154,-0.143560990691185,-21.963150024414062,0.3259935235043527,-1.5046896934509277,-21.963150024414062,0.025506219716431675,-2.6479008197784424
Hnrnpm,1.0524441003799438,1.247287631034851,-0.41195669770240784,2.9606725747157556e-15,-8.357885360717773,-0.41195669770240784,9.47527008760572e-16,-8.741203308105469,-0.41195669770240784,8.291717253488075e-30,-11.88537883758545
March2,0.35697513818740845,0.34575942158699036,0.054618436843156815,0.9979940091511154,0.40334224700927734,0.054618436843156815,0.7158974064950783,0.6574112772941589,0.054618436843156815,0.5335186774280857,0.8727002739906311
Rab11b,0.7529619932174683,0.6463329195976257,0.30611228942871094,1.1494216749106475e-06,5.367684841156006,0.30611228942871094,5.062915375115694e-06,5.125528335571289,0.30611228942871094,2.0008451418438694e-10,6.779138565063477
Angptl4,0.008160129189491272,0.015623243525624275,-0.9424239993095398,0.42089236225466936,-1.2998859882354736,-0.9424239993095398,0.18112091740692882,-1.890113115310669,-0.9424239993095398,0.02435514120527285,-2.663490056991577
Kank3,0.012383878231048584,0.015169660560786724,-0.29473957419395447,0.68139406378664,-0.9158691763877869,-0.29473957419395447,0.6858713301160343,-0.7098795175552368,-0.29473957419395447,0.4900004619227669,-0.948244571685791
Rps28,2.270230293273926,2.4449052810668945,-0.27839329838752747,5.521518968137566e-16,-8.561827659606934,-0.27839329838752747,3.182641198569677e-23,-10.735408782958984,-0.27839329838752747,5.916187327528577e-39,-13.741012573242188
Ndufa7,1.1223357915878296,1.1649607419967651,-0.09026112407445908,0.8260734559745537,-0.7295605540275574,-0.09026112407445908,0.10346542995044959,-2.1936721801757812,-0.09026112407445908,0.01448990728545677,-2.860530376434326
Cd320,0.0360134020447731,0.05239449813961983,-0.5527849197387695,0.0024632637873016855,-3.533630609512329,-0.5527849197387695,0.07209130586322891,-2.371565103530884,-0.5527849197387695,0.005112005237947676,-3.218336820602417
Kifc1,0.3885291814804077,0.2494061440229416,0.7452076077461243,1.7310243784149805e-09,6.514124393463135,0.7452076077461243,3.0885252958237315e-15,8.528375625610352,0.7452076077461243,4.264484589992932e-25,10.873353958129883
Smim40,0.011956483125686646,0.008687586523592472,0.4631277024745941,0.9979940091511154,0.10027895122766495,0.4631277024745941,0.673682887080528,0.7304617762565613,0.4631277024745941,0.46147875269036936,1.0113193988800049
Daxx,0.2467692494392395,0.26422205567359924,-0.11171325296163559,0.21674138805292836,-1.7267394065856934,-0.11171325296163559,0.5196272646011879,-1.0090316534042358,-0.11171325296163559,0.2850332507772123,-1.3949100971221924
Tapbp,0.861896276473999,0.8386933207511902,0.05845211073756218,0.10976335397816464,2.0908963680267334,0.05845211073756218,0.5065941165474747,1.1128716468811035,0.05845211073756218,0.2604170422861785,1.4613243341445923
Zbtb22,0.10709898173809052,0.07624483108520508,0.5128298997879028,0.9979940091511154,0.19503632187843323,0.5128298997879028,0.007135316161829918,3.2549915313720703,0.5128298997879028,0.0002300571881704269,4.101243495941162
Rgl2,0.07314222306013107,0.07023806124925613,0.06057141348719597,0.45995301829872237,-1.2352300882339478,0.06057141348719597,0.9334644841030015,0.2801966071128845,0.06057141348719597,0.8411379079146749,0.38512951135635376
Pfdn6,0.8465999364852905,0.8527951836585999,-0.015613419003784657,0.9338065732678925,0.5905414819717407,-0.015613419003784657,0.9203662888810362,-0.3018835484981537,-0.015613419003784657,0.8266194668633966,-0.40854063630104065
Wdr46,0.0962568148970604,0.15918852388858795,-0.772137463092804,3.945726560506526e-09,-6.379379749298096,-0.772137463092804,1.055312494496558e-06,-5.461301326751709,-0.772137463092804,2.552360405698283e-13,-7.736908435821533
B3galt4,0.12111412733793259,0.10797081887722015,0.1753874570131302,0.923328486997239,-0.6068390607833862,0.1753874570131302,0.4453146593933189,1.2276206016540527,0.1753874570131302,0.2012816678820104,1.6226129531860352
Rps18,3.5114099979400635,3.693403482437134,-0.2699294686317444,6.094818722461037e-27,-11.180480003356934,-0.2699294686317444,9.16579924966449e-36,-13.602494239807129,-0.2699294686317444,1.1425291439211086e-58,-17.173860549926758
Vps52,0.19170616567134857,0.21427737176418304,-0.17741501331329346,0.037793490680033966,-2.570115566253662,-0.17741501331329346,0.2772034510194434,-1.6173070669174194,-0.17741501331329346,0.07230270746905995,-2.195836305618286
H2-K1,2.7898764610290527,2.535224199295044,0.39503300189971924,6.271499870997083e-15,8.264731407165527,0.39503300189971924,3.703110326892022e-15,8.570712089538574,0.39503300189971924,1.7684814260717018e-29,11.812087059020996
Ring1,0.1406661719083786,0.13465210795402527,0.06747651100158691,0.7256442382165129,-0.8576254844665527,0.06747651100158691,0.7939938472062803,0.5246654748916626,0.06747651100158691,0.6337354598695681,0.7070338726043701
H2-Ke6,0.19485421478748322,0.1567213535308838,0.34250593185424805,0.882327044505594,0.6594721078872681,0.34250593185424805,0.025433944140495653,2.8041274547576904,0.34250593185424805,0.001193108247176604,3.6599161624908447
Slc39a7,0.24448871612548828,0.29132336378097534,-0.2881443500518799,0.006451803079143899,-3.224867820739746,-0.2881443500518799,0.021193035121913385,-2.874734878540039,-0.2881443500518799,0.0003727286183827273,-3.974130630493164
Rxrb,0.15519610047340393,0.18109826743602753,-0.2418883889913559,0.006327175894394965,-3.2314579486846924,-0.2418883889913559,0.16641501147652363,-1.9394110441207886,-0.2418883889913559,0.024187960403652814,-2.6663055419921875
Col11a2,0.002228335477411747,0.004337815102189779,-0.9625242948532104,0.9979940091511154,-0.11782331019639969,-0.9625242948532104,0.613033646464644,-0.832726776599884,-0.9625242948532104,0.35756736052724986,-1.233545184135437
H2-Oa,0.03189971297979355,0.04925446957349777,-0.6393145322799683,0.1686846727937806,-1.8666490316390991,-0.6393145322799683,0.1815807096374387,-1.8897932767868042,-0.6393145322799683,0.013025919815245554,-2.8993260860443115
Brd2,0.6833884119987488,0.7255952954292297,-0.12045081704854965,0.1368177894176408,-1.9799304008483887,-0.12045081704854965,0.1760908476127473,-1.90675687789917,-0.12045081704854965,0.0317531976143467,-2.5581815242767334
H2-DMa,0.08379260450601578,0.11444167792797089,-0.4721915125846863,0.012094881617976243,-3.0098824501037598,-0.4721915125846863,0.12124429640096984,-2.114765167236328,-0.4721915125846863,0.005619013488059852,-3.1882760524749756
H2-DMb2,0.001985248876735568,0.0023499312810599804,-0.2435617595911026,0.9979940091511154,0.11007529497146606,-0.2435617595911026,1.0,-0.13730430603027344,-0.2435617595911026,0.9557344041003136,-0.20028287172317505
H2-DMb1,0.0012058151187375188,0.01874905824661255,-3.971412181854248,0.9979940091511154,-0.2602265477180481,-3.971412181854248,0.18700878093841278,-1.87349534034729,-3.971412181854248,0.004444313982660742,-3.268650531768799
Psmb9,1.7748141288757324,1.6372305154800415,0.24259312450885773,4.0271217841303377e-10,6.744516372680664,0.24259312450885773,3.3291924995025263e-09,6.524317264556885,0.24259312450885773,8.152820607000171e-19,9.30871295928955
Tap1,1.0296944379806519,0.8589776754379272,0.40376758575439453,5.422916456094122e-12,7.373441696166992,0.40376758575439453,4.982374723030199e-13,7.846482753753662,0.40376758575439453,7.314882426066675e-22,10.099930763244629
Psmb8,2.220642328262329,2.2479019165039062,-0.04404313117265701,0.46438995208017897,-1.2278382778167725,-0.04404313117265701,0.2197423722520397,-1.7750743627548218,-0.04404313117265701,0.05346726032212968,-2.332101583480835
Tap2,0.7562081217765808,0.8197332620620728,-0.1681513637304306,0.07961291723610359,-2.246034860610962,-0.1681513637304306,0.022005562737139574,-2.860276222229004,-0.1681513637304306,0.0005750328003011914,-3.860745668411255
H2-Ob,0.005237926263362169,0.013861991465091705,-1.4102977514266968,0.9979940091511154,-0.2921091914176941,-1.4102977514266968,0.46607688573691924,-1.1887900829315186,-1.4102977514266968,0.1300772762725707,-1.900174617767334
H2-Ab1,0.009360123425722122,0.05228829383850098,-2.5130136013031006,0.5941858214139444,-1.0325347185134888,-2.5130136013031006,0.12950573172313823,-2.080609083175659,-2.5130136013031006,0.0018753252636262323,-3.5341742038726807
H2-Aa,0.016503741964697838,0.062312521040439606,-1.949989676475525,0.914793049356261,-0.6168134808540344,-1.949989676475525,0.16526038796255804,-1.9469674825668335,-1.949989676475525,0.004246630483630376,-3.282221794128418
H2-Eb1,0.00870074424892664,0.05734468996524811,-2.7557313442230225,0.5355518419118408,-1.121414303779602,-2.7557313442230225,0.07294902887566045,-2.3715178966522217,-2.7557313442230225,0.0003079038082535779,-4.029655933380127
H2-Eb2,0.0004036705940961838,0.000823233975097537,-1.028424859046936,0.9979940091511154,0.05521576479077339,-1.028424859046936,0.8333905759068506,-0.45760032534599304,-1.028424859046936,0.6519692053777956,-0.6790196895599365
BC051142,0.0,0.0,0.0,0.9979940091511154,0.11319231241941452,0.0,1.0,0.0,0.0,1.0,0.0
Btnl4,0.0004036547616124153,0.0,18.623056411743164,0.9979940091511154,0.14071114361286163,18.623056411743164,0.5196272646011879,1.0,18.623056411743164,0.46147875269036936,1.0
Notch4,0.001574216177687049,0.0006865788600407541,1.1977754831314087,0.9979940091511154,0.13803941011428833,1.1977754831314087,0.6079531422669967,0.8407118916511536,1.1977754831314087,0.4642022068893311,0.9951633810997009
Gpsm3,0.9482759237289429,0.8864184021949768,0.14866818487644196,0.0010478924220793612,3.783437490463257,0.14866818487644196,0.03196979446894259,2.7178874015808105,0.14866818487644196,0.0009245014420106401,3.7310993671417236
Pbx2,0.0997304916381836,0.08149675279855728,0.30464351177215576,0.6848426687965424,-0.9111491441726685,0.30464351177215576,0.1807754215294966,1.8901981115341187,0.30464351177215576,0.0428657234549818,2.427698850631714
Ager,0.0027468472253531218,0.0006956302095204592,1.9828628301620483,0.9979940091511154,0.22086305916309357,1.9828628301620483,0.27906697449940343,1.6118018627166748,1.9828628301620483,0.15536318006746866,1.8046469688415527
Rnf5,0.2724073827266693,0.2148158848285675,0.3858935832977295,0.05944809350588213,2.379086971282959,0.3858935832977295,0.001291698371012829,3.779160261154175,0.3858935832977295,5.124720690928826e-06,4.978510856628418
Agpat1,0.16013580560684204,0.18583807349205017,-0.23382453620433807,0.004450236473652225,-3.3474111557006836,-0.23382453620433807,0.1535818178211101,-1.9859565496444702,-0.23382453620433807,0.024233966610891763,-2.6656832695007324
Egfl8,0.004561358131468296,0.004465369042009115,0.030753208324313164,0.9979940091511154,-0.2891702950000763,0.030753208324313164,1.0,0.04370678961277008,0.030753208324313164,1.0,0.054111115634441376
Ppt2,0.09144994616508484,0.07969547808170319,0.20708413422107697,0.5350793618379694,-1.122304916381836,0.20708413422107697,0.472752158332369,1.1752644777297974,0.20708413422107697,0.2334550129405872,1.5325627326965332
Prrt1,0.017987055703997612,0.02415829710662365,-0.43002697825431824,0.3346438861920043,-1.4592992067337036,-0.43002697825431824,0.5196272646011879,-1.0397894382476807,-0.43002697825431824,0.25789039857233365,-1.4678879976272583
Fkbpl,0.021415794268250465,0.022366264835000038,-0.06333747506141663,0.7204864614833332,-0.8646610379219055,-0.06333747506141663,0.9848712312292899,-0.18309321999549866,-0.06333747506141663,0.929410944944548,-0.24553482234477997
Atf6b,0.14260968565940857,0.13401776552200317,0.09598835557699203,0.4273038982120163,-1.2893770933151245,0.09598835557699203,0.6670809298694311,0.7405162453651428,0.09598835557699203,0.47662285511868124,0.9729987978935242
C4b,0.0017420138465240598,0.0011905921855941415,0.5494742393493652,0.9979940091511154,0.05281120538711548,0.5494742393493652,0.841004562429623,0.44452935457229614,0.5494742393493652,0.7420521615069101,0.5385968685150146
Stk19,0.26942455768585205,0.2677921950817108,0.00999775156378746,0.9307409250144908,-0.5951724648475647,0.00999775156378746,1.0,0.10325071215629578,0.00999775156378746,0.9943809479299074,0.13828542828559875
Dxo,0.20365013182163239,0.1785242259502411,0.2086743265390396,0.9979940091511154,0.46684035658836365,0.2086743265390396,0.19277888836057688,1.8517364263534546,0.2086743265390396,0.04034693328640416,2.4537222385406494
Skiv2l,0.2279268056154251,0.18604958057403564,0.3241329491138458,0.4348881715903768,1.2767308950424194,0.3241329491138458,0.014463995108794545,3.012636661529541,0.3241329491138458,0.000458281611136826,3.921011209487915
Nelfe,0.3518335223197937,0.33711424469947815,0.07288143783807755,0.9979940091511154,-0.21943813562393188,0.07288143783807755,0.6157305958759175,0.8280619382858276,0.07288143783807755,0.43714164631675223,1.0820075273513794
Cfb,0.0002955259114969522,0.00318063679151237,-3.4300365447998047,0.9979940091511154,0.05503764748573303,-3.4300365447998047,0.5731392128917735,-0.9031956791877747,-3.4300365447998047,0.21784820929443618,-1.5753393173217773
C2,0.0044733514077961445,0.007840529084205627,-0.8120262622833252,0.9066390836184085,-0.6271442174911499,-0.8120262622833252,0.39237828341511316,-1.3352025747299194,-0.8120262622833252,0.13373351357445176,-1.8854866027832031
Zbtb12,0.011269886046648026,0.013379939831793308,-0.24912379682064056,0.7431653524482187,-0.8350048065185547,-0.24912379682064056,0.7630082614955142,-0.5786718726158142,-0.24912379682064056,0.5982670789670086,-0.7657468318939209
Ehmt2,0.4322430193424225,0.38148558139801025,0.2193039357662201,0.11842493555544943,2.0535809993743896,0.2193039357662201,0.03124112876055802,2.72505784034729,0.2193039357662201,0.001627612320788024,3.5725343227386475
Neu1,0.0837894007563591,0.1189994290471077,-0.5319428443908691,0.0006240268059734707,-3.925128221511841,-0.5319428443908691,0.018570577846117542,-2.9253902435302734,-0.5319428443908691,0.00012672720533274715,-4.248332500457764
Hspa1b,0.03226791322231293,0.040772534906864166,-0.3436693251132965,0.21631343769334732,-1.7281643152236938,-0.3436693251132965,0.5604563020988655,-0.9247297048568726,-0.3436693251132965,0.3582846949259874,-1.2317808866500854
Hspa1a,0.02693793922662735,0.03069891780614853,-0.19127443432807922,0.6449358476213503,-0.9637822508811951,-0.19127443432807922,0.8491157274251702,-0.4304867386817932,-0.19127443432807922,0.7172149249170566,-0.5778697729110718
Hspa1l,0.0002848072908818722,0.0005822896491736174,-1.0319628715515137,0.9979940091511154,0.05521576479077339,-1.0319628715515137,0.83253271865724,-0.4589288532733917,-1.0319628715515137,0.6503548644765001,-0.6813896298408508
Lsm2,1.0375710725784302,1.030317783355713,0.016238801181316376,0.9979940091511154,-0.032595112919807434,0.016238801181316376,0.9250992400950542,0.29427027702331543,0.016238801181316376,0.8235064518893622,0.41345012187957764
Vars,0.5383396148681641,0.6039146780967712,-0.21760885417461395,0.041302728147201415,-2.533691167831421,-0.21760885417461395,0.0068180358962733004,-3.2728099822998047,-0.21760885417461395,7.044277481358504e-05,-4.390693187713623
Vwa7,0.00031468740780837834,0.0012911106459796429,-2.0373222827911377,0.9979940091511154,-0.0302796121686697,-2.0373222827911377,0.5196272646011879,-1.012574315071106,-2.0373222827911377,0.20510701587902383,-1.6110730171203613
Sapcd1,0.0048447358421981335,0.00635066581889987,-0.39157694578170776,0.9979940091511154,-0.4017392098903656,-0.39157694578170776,0.7435471436383005,-0.6104201078414917,-0.39157694578170776,0.5682126463088158,-0.8157742619514465
Msh5,0.05015652999281883,0.023376140743494034,1.1208370923995972,0.9979940091511154,0.4787741005420685,1.1208370923995972,0.00021473666733994414,4.248894691467285,1.1208370923995972,6.263005380016213e-06,4.942233562469482
Clic1,2.625802755355835,2.3542582988739014,0.42731189727783203,1.5471577801521386e-45,14.63395881652832,0.42731189727783203,2.207398362736777e-39,14.957959175109863,0.42731189727783203,1.323056457681562e-91,21.844804763793945
Ddah2,0.06477092951536179,0.03433408960700035,0.9378415942192078,0.9979940091511154,0.23707154393196106,0.9378415942192078,0.0004787017649930662,4.042142391204834,0.9378415942192078,1.3392339909176445e-05,4.776657581329346
Ly6g6c,0.000862950342707336,0.0,19.719541549682617,0.9979940091511154,0.16822996735572815,19.719541549682617,0.36167647049845647,1.4131439924240112,19.719541549682617,0.27977087692999414,1.4131439924240112
Abhd16a,0.15829843282699585,0.17276154458522797,-0.136855810880661,0.050298086054583704,-2.45113468170166,-0.136855810880661,0.5196272646011879,-1.0846364498138428,-0.136855810880661,0.25349151002175685,-1.4788579940795898
Ly6g5b,0.004088758956640959,0.0011142330477014184,1.8777576684951782,0.9979940091511154,0.21899284422397614,1.8777576684951782,0.16658180054421204,1.9366884231567383,1.8777576684951782,0.08164029953377179,2.137784719467163
Csnk2b,1.1287728548049927,1.0754581689834595,0.11518766731023788,0.023767437013242413,2.7583835124969482,0.11518766731023788,0.057129789534310305,2.4753668308258057,0.11518766731023788,0.0035411962926457817,3.3374202251434326
Gpank1,0.23295284807682037,0.1965949833393097,0.2719760239124298,0.8263589025732665,0.7292042970657349,0.2719760239124298,0.05467070987972096,2.494220733642578,0.2719760239124298,0.004413900013614824,3.267237424850464
D17H6S53E,0.05737686902284622,0.061021588742733,-0.09150540083646774,0.17868666089906854,-1.8353006839752197,-0.09150540083646774,0.8393986979226726,-0.4474976658821106,-0.09150540083646774,0.7004503865306024,-0.6027461886405945
Apom,0.0011312797432765365,0.001190165407024324,-0.07324860244989395,0.9979940091511154,0.025114266201853752,-0.07324860244989395,1.0,-0.0552591010928154,-0.07324860244989395,1.0,-0.07265427708625793
Bag6,0.3066857159137726,0.3414671719074249,-0.18142838776111603,0.08495108889723656,-2.2153987884521484,-0.18142838776111603,0.13967193942794362,-2.0391945838928223,-0.18142838776111603,0.01874857344154331,-2.763960838317871
Prrc2a,0.5563323497772217,0.5269858241081238,0.10125361382961273,0.1939610204566008,1.7905937433242798,0.10125361382961273,0.30263936813783016,1.5571932792663574,0.10125361382961273,0.09932173851870969,2.0409700870513916
Aif1,0.0038694816175848246,0.018922830000519753,-2.300794839859009,0.9247027223153791,-0.6052359938621521,-2.300794839859009,0.21066012763156367,-1.8046119213104248,-2.300794839859009,0.008305613528615304,-3.0602855682373047
Lst1,0.028190409764647484,0.04824001342058182,-0.7895806431770325,0.8239004350053304,-0.7325884699821472,-0.7895806431770325,0.28198651375747746,-1.608620524406433,-0.7895806431770325,0.02652381408270066,-2.6307029724121094
Ltb,0.8111277222633362,0.8599997162818909,-0.12451387196779251,0.4206203620870548,-1.3004202842712402,-0.12451387196779251,0.398950134399952,-1.320480227470398,-0.12451387196779251,0.14575818380563338,-1.8395228385925293
Tnf,0.07510144263505936,0.11305087804794312,-0.6178637146949768,2.7638486266901376e-06,-5.192419052124023,-0.6178637146949768,0.004372162775236647,-3.4195544719696045,-0.6178637146949768,1.9002928236911992e-05,-4.692656993865967
Lta,0.003972095437347889,0.005133016034960747,-0.370744526386261,0.9979940091511154,-0.23270772397518158,-0.370744526386261,0.7837627685992737,-0.5414106845855713,-0.370744526386261,0.6077842020937283,-0.7490878701210022
Nfkbil1,0.16488103568553925,0.16580241918563843,-0.008722490631043911,0.1326504151596817,-1.9959608316421509,-0.008722490631043911,1.0,-0.07309189438819885,-0.008722490631043911,1.0,-0.09588458389043808
Gm16181,0.0,0.0005004449049010873,-18.933216094970703,0.9979940091511154,0.027607882395386696,-18.933216094970703,0.5196272646011879,-1.0,-18.933216094970703,0.16021537352752957,-1.759765386581421
Atp6v1g2,0.009721330367028713,0.01345512643456459,-0.47162869572639465,0.9979940091511154,-0.4846518933773041,-0.47162869572639465,0.6576944597402669,-0.7578427195549011,-0.47162869572639465,0.3963125496614166,-1.1580573320388794
Ddx39b,1.0820618867874146,1.1118624210357666,-0.06454531103372574,0.8990634630402516,-0.638009250164032,-0.06454531103372574,0.42725885495475946,-1.261798620223999,-0.06454531103372574,0.1773843692773973,-1.6976882219314575
H2-D1,2.9864752292633057,2.7840399742126465,0.3093598484992981,7.183061231178587e-19,9.327990531921387,0.3093598484992981,5.141307817396278e-21,10.246033668518066,0.3093598484992981,2.950953558539137e-40,13.945287704467773
H2-Q1,0.0009589174878783524,0.0,19.871740341186523,0.9979940091511154,0.19574879109859467,19.871740341186523,0.2419272276153377,1.7116608619689941,19.871740341186523,0.1735010222974809,1.7116608619689941
H2-Q2,0.002042449312284589,0.0031875146087259054,-0.6429576277732849,0.9979940091511154,-0.14730140566825867,-0.6429576277732849,0.702960942717202,-0.6793960332870483,-0.6429576277732849,0.48141083191369105,-0.9641477465629578
H2-Q4,0.5243145823478699,0.41056492924690247,0.4412441849708557,0.000735166135604383,3.880955696105957,0.4412441849708557,7.964949443401373e-06,5.024674892425537,0.4412441849708557,8.63580848484056e-10,6.550138473510742
H2-Q6,0.9456180334091187,0.8756343722343445,0.1689693182706833,0.011508655629885766,3.028139352798462,0.1689693182706833,0.021815148368359415,2.862928628921509,0.1689693182706833,0.0006772956034650335,3.8166344165802
H2-Q7,2.5043838024139404,2.2103068828582764,0.46884283423423767,3.248413449651608e-22,10.1359224319458,0.46884283423423767,1.3697698742731686e-26,11.6237154006958,0.46884283423423767,3.1846458322801834e-48,15.380637168884277
H2-Q10,0.49986323714256287,0.676095724105835,-0.5752039551734924,1.8911108616212102e-10,-6.8587775230407715,-0.5752039551734924,1.3585088330059624e-11,-7.3899617195129395,-0.5752039551734924,2.3260264788776627e-21,-9.96518611907959
Pou5f1,0.00624654209241271,0.012487142346799374,-1.0038220882415771,0.6235948501180241,-0.992993175983429,-1.0038220882415771,0.17921048296394732,-1.8966560363769531,-1.0038220882415771,0.021785949692271152,-2.7062692642211914
Tcf19,0.30898869037628174,0.2875150144100189,0.1201755702495575,0.7857663669592241,-0.7800562381744385,0.1201755702495575,0.4472478175268022,1.2242405414581299,0.1201755702495575,0.21958383295471043,1.5703097581863403
Cchcr1,0.10323341935873032,0.08145751804113388,0.3577399253845215,0.4631700407311574,-1.2298866510391235,0.3577399253845215,0.09333244001368123,2.245591878890991,0.3577399253845215,0.017753203383671735,2.785033941268921
Psors1c2,0.0008514930377714336,0.0022109702695161104,-1.377592921257019,0.9979940091511154,-0.08798898756504059,-1.377592921257019,0.5623369894012161,-0.9215801954269409,-1.377592921257019,0.2861715630155771,-1.391270637512207
Mucl3,0.0,0.0,0.0,0.9979940091511154,0.11319231241941452,0.0,1.0,0.0,0.0,1.0,0.0
Vars2,0.04138493537902832,0.04476651921868324,-0.11577142030000687,0.21510433433158654,-1.731370449066162,-0.11577142030000687,0.8251512040169634,-0.47039639949798584,-0.11577142030000687,0.6738229250837693,-0.6436045169830322
Gtf2h4,0.11000912636518478,0.15096527338027954,-0.48677945137023926,6.900896385398467e-06,-5.004151344299316,-0.48677945137023926,0.0021782149097722765,-3.6349055767059326,-0.48677945137023926,4.921772028978972e-06,-4.985863208770752
Ddr1,0.0037364608142524958,0.00665596779435873,-0.8350836634635925,0.9714892571601285,-0.5443205833435059,-0.8350836634635925,0.4526833995135179,-1.2140283584594727,-0.8350836634635925,0.17371509385849992,-1.709958791732788
Ier3,0.10520236939191818,0.11570324748754501,-0.14497652649879456,0.00860428429441507,-3.1280620098114014,-0.14497652649879456,0.662977861998308,-0.7483285665512085,-0.14497652649879456,0.46147875269036936,-1.0074256658554077
Flot1,0.17243719100952148,0.20688308775424957,-0.2883770763874054,0.004053786542526786,-3.376533031463623,-0.2883770763874054,0.10156013607546023,-2.2059271335601807,-0.2883770763874054,0.007394809742269822,-3.096964120864868
Tubb5,3.089317560195923,2.681199550628662,0.6238998770713806,1.1036394981736437e-44,14.487903594970703,0.6238998770713806,4.875529988949622e-29,12.746384620666504,0.6238998770713806,1.135320001983527e-79,20.442562103271484
Mdc1,0.09893269836902618,0.1303374171257019,-0.42081838846206665,0.0006691840384520283,-3.9058918952941895,-0.42081838846206665,0.026980307709717953,-2.783705472946167,-0.42081838846206665,0.0006160489922958527,-3.8421010971069336
Nrm,0.6203519105911255,0.47315359115600586,0.5065866708755493,2.8072181148745464e-07,5.637885570526123,0.5065866708755493,8.086523403417653e-12,7.425130844116211,0.5065866708755493,1.6689890122861794e-18,9.246840476989746
Ppp1r18,1.0389622449874878,0.8787607550621033,0.37535086274147034,7.96169597094825e-11,6.9905829429626465,0.37535086274147034,8.062682313183884e-11,7.121906757354736,0.37535086274147034,9.754788167311708e-21,9.806005477905273
Dhx16,0.27915459871292114,0.26316455006599426,0.09715421497821808,0.9979940091511154,0.12681813538074493,0.09715421497821808,0.5442218397419648,0.9557744264602661,0.09715421497821808,0.3272910873138988,1.2975728511810303
2310061I04Rik,0.14579789340496063,0.184103325009346,-0.36493679881095886,0.0005909591127806343,-3.939288377761841,-0.36493679881095886,0.022427015211181123,-2.854109287261963,-0.36493679881095886,0.0003858784904601243,-3.9648358821868896
Atat1,0.01977747492492199,0.021525753661990166,-0.12347085028886795,0.7278239353137711,-0.8545084595680237,-0.12347085028886795,0.8999148677370873,-0.34171926975250244,-0.12347085028886795,0.78741494283279,-0.46887025237083435
Mrps18b,0.1475439965724945,0.291729599237442,-1.0912981033325195,1.183395307754084e-19,-9.524185180664062,-1.0912981033325195,4.578798135019861e-19,-9.788957595825195,-1.0912981033325195,5.243733480106459e-41,-14.07262897491455
Ppp1r10,0.284261018037796,0.3068867623806,-0.12761397659778595,0.08351238140630171,-2.223414182662964,-0.12761397659778595,0.4311120323445042,-1.2541204690933228,-0.12761397659778595,0.17853395007343148,-1.693189024925232
Abcf1,0.9274629354476929,0.97232586145401,-0.10555988550186157,0.32135362491554365,-1.4856603145599365,-0.10555988550186157,0.12825762234980087,-2.0814831256866455,-0.10555988550186157,0.019129961103473803,-2.7566909790039062
Prr3,0.09333578497171402,0.11335576325654984,-0.2950454652309418,0.0025638454481831073,-3.5191142559051514,-0.2950454652309418,0.1807754215294966,-1.890879511833191,-0.2950454652309418,0.030414763388071617,-2.5750603675842285
Gnl1,0.1420246958732605,0.21298640966415405,-0.6373213529586792,4.023197750624998e-08,-5.984498023986816,-0.6373213529586792,9.467179108003311e-07,-5.477633476257324,-0.6373213529586792,6.30438476139617e-13,-7.6142754554748535
H2-T24,0.039886780083179474,0.02531452104449272,0.6665141582489014,0.9979940091511154,0.08317987620830536,0.6665141582489014,0.11707257334624442,2.1305558681488037,0.6665141582489014,0.016832409135230226,2.8042209148406982
H2-T23,1.093180775642395,0.9137381315231323,0.409410297870636,3.507865095802733e-11,7.109742164611816,0.409410297870636,4.454744402152337e-11,7.190907955169678,0.409410297870636,3.2680849289111034e-19,9.423081398010254
H2-T22,0.9354115724563599,0.8115639686584473,0.3070761561393738,1.699409845987784e-06,5.289402961730957,0.3070761561393738,1.7685633820750527e-06,5.3437933921813965,0.3070761561393738,1.9446977697200913e-11,7.132637023925781
Gm6034,0.0011965156299993396,0.0024833925999701023,-1.05440092086792,0.9979940091511154,-0.14569836854934692,-1.05440092086792,0.5779914410937124,-0.8939129710197449,-1.05440092086792,0.338373377875356,-1.2738654613494873
Gm11127,0.0,0.0,0.0,0.9979940091511154,0.11319231241941452,0.0,1.0,0.0,0.0,1.0,0.0
Gm19684,0.004621629603207111,0.005021221470087767,-0.11992517113685608,0.9979940091511154,-0.12236525863409042,-0.11992517113685608,0.9944615023442839,-0.1637871116399765,-0.11992517113685608,0.9397833776078449,-0.22862471640110016
Gm8909,0.0015897109406068921,0.0012042843736708164,0.4008661210536957,0.9979940091511154,0.025114266201853752,0.4008661210536957,0.9183354685137529,0.3071592450141907,0.4008661210536957,0.8503436467574857,0.3706481456756592
Rpp21,0.7071437835693359,0.7075265049934387,-0.0010889092227444053,0.9770516269034244,0.5365725159645081,-0.0010889092227444053,1.0,-0.018543755635619164,-0.0010889092227444053,1.0,-0.024976558983325958
Trim39,0.0786152333021164,0.10469336807727814,-0.43238791823387146,0.0004961854454478981,-3.988359212875366,-0.43238791823387146,0.09134277571573333,-2.2579827308654785,-0.43238791823387146,0.005415061103572823,-3.2001161575317383
Trim26,0.4186341464519501,0.38486534357070923,0.14732179045677185,0.2239224359992293,1.7086607217788696,0.14732179045677185,0.2464203982962929,1.7003003358840942,0.14732179045677185,0.056005880864150086,2.3104333877563477
Trim10,0.0,0.0005960016278550029,-19.185388565063477,0.9979940091511154,0.027607882395386696,-19.185388565063477,0.5196272646011879,-1.0,-19.185388565063477,0.16021537352752957,-1.759765386581421
Rnf39,0.0003786676679737866,0.001008922583423555,-1.4142637252807617,0.9979940091511154,0.05521576479077339,-1.4142637252807617,0.7590285327963885,-0.5848459005355835,-1.4142637252807617,0.5082436305179392,-0.9172801375389099
Ppp1r11,0.678329586982727,0.6947615146636963,-0.04773033410310745,0.9979940091511154,-0.44475406408309937,-0.04773033410310745,0.641445360918981,-0.7839813828468323,-0.04773033410310745,0.46147875269036936,-1.0363632440567017
Znrd1,0.6597267389297485,0.6478526592254639,0.03569499030709267,0.563230121862161,1.0781322717666626,0.03569499030709267,0.7572037733183148,0.5881285071372986,0.03569499030709267,0.5849012553146916,0.7877465486526489
Znrd1as,0.030189860612154007,0.0392930768430233,-0.3868159055709839,0.0849106719903011,-2.2157552242279053,-0.3868159055709839,0.29540995783922275,-1.5756369829177856,-0.3868159055709839,0.08281633262373685,-2.129678726196289
Gabbr1,0.07553113251924515,0.06625685840845108,0.1957704722881317,0.4985107419461091,-1.1764520406723022,0.1957704722881317,0.5313675520782573,0.9792022109031677,0.1957704722881317,0.3272910873138988,1.2975866794586182
Olfr90,0.0,0.0,0.0,0.9979940091511154,0.11319231241941452,0.0,1.0,0.0,0.0,1.0,0.0
Ubd,0.0021477858535945415,0.007389833685010672,-1.786475658416748,0.9979940091511154,0.02457991987466812,-1.786475658416748,0.633494714394281,-0.7988156080245972,-1.786475658416748,0.3069930648547123,-1.341861605644226
Olfr95,0.0,0.0,0.0,0.9979940091511154,0.11319231241941452,0.0,1.0,0.0,0.0,1.0,0.0
H2-M3,0.35244303941726685,0.3351106643676758,0.08597006648778915,0.9979940091511154,0.2070591151714325,0.08597006648778915,0.5744511391163749,0.8993176817893982,0.08597006648778915,0.36532335592372633,1.2176090478897095
Olfr99,0.0,0.0,0.0,0.9979940091511154,0.11319231241941452,0.0,1.0,0.0,0.0,1.0,0.0
Olfr107,0.0,0.0,0.0,0.9979940091511154,0.11319231241941452,0.0,1.0,0.0,0.0,1.0,0.0
Crisp3,0.0,0.0,0.0,0.9979940091511154,0.11319231241941452,0.0,1.0,0.0,0.0,1.0,0.0
9130008F23Rik,0.0,0.0006004744209349155,-19.196178436279297,0.9979940091511154,0.027607882395386696,-19.196178436279297,0.5196272646011879,-1.0,-19.196178436279297,0.16021537352752957,-1.759765386581421
Cenpq,0.33178868889808655,0.33263856172561646,-0.004337593447417021,0.8687045389824437,-0.6747009754180908,-0.004337593447417021,1.0,-0.04929477721452713,-0.004337593447417021,1.0,-0.06554348766803741
Mmut,0.04550672322511673,0.06759071350097656,-0.5868256688117981,0.002531769312790864,-3.5232110023498535,-0.5868256688117981,0.03591798693435926,-2.6728718280792236,-0.5868256688117981,0.000733530387888101,-3.794161796569824
Cd2ap,0.09208811074495316,0.12985512614250183,-0.5235629677772522,0.0001536633496593045,-4.29311466217041,-0.5235629677772522,0.02487784862861486,-2.8165791034698486,-0.5235629677772522,0.0002686885603947886,-4.059338092803955
Tnfrsf21,0.006449750158935785,0.01993919536471367,-1.638043761253357,0.30835705136249225,-1.512555718421936,-1.638043761253357,0.015623059766900847,-2.991626262664795,-1.638043761253357,3.345494914168479e-05,-4.565310955047607
Pla2g7,0.0019469655817374587,0.011192381381988525,-2.529893636703491,0.9981009014843685,0.02404557354748249,-2.529893636703491,0.4839379472367724,-1.1573491096496582,-2.529893636703491,0.10880742842169633,-1.9945695400238037
Slc25a27,0.011572803370654583,0.005700384266674519,1.025849461555481,0.9979940091511154,0.35070914030075073,1.025849461555481,0.19322365259752744,1.8496382236480713,1.025849461555481,0.05825114167952013,2.2931785583496094
Cyp39a1,0.009320090524852276,0.00728197256103158,0.35748669505119324,0.9979940091511154,-0.14552025496959686,0.35748669505119324,0.6970583916238128,0.6906930804252625,0.35748669505119324,0.5311945768765194,0.8764586448669434
Enpp5,0.0067215184681117535,0.006413176190108061,0.06797079741954803,0.9979940091511154,-0.20572324097156525,0.06797079741954803,1.0,0.10866975039243698,0.06797079741954803,0.9916569058421385,0.1425836682319641
Enpp4,0.04259590432047844,0.06451967358589172,-0.6149801015853882,0.0025265620331478447,-3.524190664291382,-0.6149801015853882,0.05374880419765627,-2.504178285598755,-0.6149801015853882,0.0016289133893472383,-3.571611166000366
Clic5,0.002886358182877302,0.003318785922601819,-0.20171712338924408,0.9979940091511154,-0.23199526965618134,-0.20171712338924408,0.9579352289932102,-0.23447778820991516,-0.20171712338924408,0.8983696299130617,-0.2943049967288971
Runx2,0.5554419159889221,0.5058496594429016,0.17384962737560272,0.1026281729326768,2.12420392036438,0.17384962737560272,0.09723013410747372,2.2272844314575195,0.17384962737560272,0.009062022306147012,3.0272469520568848
Supt3,0.12437467277050018,0.11559376865625381,0.11209002882242203,0.5231509506764183,-1.1399383544921875,0.11209002882242203,0.659175615122221,0.754690408706665,0.11209002882242203,0.46147875269036936,1.0075633525848389
Cdc5l,0.7403935194015503,0.7799695134162903,-0.10725612938404083,0.4967122978823648,-1.1793909072875977,-0.10725612938404083,0.1888193505018918,-1.863983392715454,-0.10725612938404083,0.03726207145007799,-2.491140604019165
Spats1,0.004582332447171211,0.0027186861261725426,0.7545174956321716,0.9979940091511154,0.07712395489215851,0.7545174956321716,0.584118143659656,0.8817052245140076,0.7545174956321716,0.46147875269036936,1.038753867149353
Aars2,0.025569558143615723,0.03546878322958946,-0.47929972410202026,0.14462008218700823,-1.9522334337234497,-0.47929972410202026,0.32784879205204864,-1.4993457794189453,-0.47929972410202026,0.08006680576890353,-2.1468305587768555
Tmem151b,0.0,0.0,0.0,0.9979940091511154,0.11319231241941452,0.0,1.0,0.0,0.0,1.0,0.0
Nfkbie,0.11875777691602707,0.08666057884693146,0.4781237542629242,0.9979940091511154,0.09172940999269485,0.4781237542629242,0.021485040226288877,2.8672943115234375,0.4781237542629242,0.0009162078652951465,3.7343626022338867
Slc35b2,0.22831325232982635,0.27014052867889404,-0.27411922812461853,0.00423812370939585,-3.3634414672851562,-0.27411922812461853,0.028934343497888045,-2.756197929382324,-0.27411922812461853,0.00092699074803049,-3.730056047439575
Hsp90ab1,2.9123189449310303,3.473217010498047,-0.8443691730499268,7.990363039425762e-64,-17.360191345214844,-0.8443691730499268,2.0498141582762906e-68,-20.322134017944336,-0.8443691730499268,1.0200556780812508e-131,-27.047014236450195
Slc29a1,0.2904741168022156,0.27497705817222595,0.0908031240105629,0.8223697084780719,-0.7342805862426758,0.0908031240105629,0.5524171829127876,0.9406293034553528,0.0908031240105629,0.36528982947433614,1.2177623510360718
Capn11,0.0,0.0,0.0,0.9979940091511154,0.11319231241941452,0.0,1.0,0.0,0.0,1.0,0.0
Tmem63b,0.016603296622633934,0.016043899580836296,0.04984941706061363,0.8044496461550205,-0.7560997009277344,0.04984941706061363,1.0,0.13375884294509888,0.04984941706061363,0.9735858280274228,0.1718597263097763
Mrpl14,0.4996265172958374,0.5632604956626892,-0.2229011356830597,0.027925979631321905,-2.693460464477539,-0.2229011356830597,0.005535997999815229,-3.3410146236419678,-0.2229011356830597,5.1656581542692455e-05,-4.464527130126953
Vegfa,0.0020427957642823458,0.006855875253677368,-1.750269889831543,0.9979940091511154,-0.28970465064048767,-1.750269889831543,0.36167647049845647,-1.4166839122772217,-1.750269889831543,0.06800497040044227,-2.2239325046539307
Mrps18a,0.4508412182331085,0.5784111022949219,-0.4593557119369507,5.537964167184479e-08,-5.92812442779541,-0.4593557119369507,1.7342949637379096e-10,-6.982682704925537,-0.4593557119369507,9.769466784784623e-19,-9.293689727783203
Rsph9,0.003526637563481927,0.005101312417536974,-0.533711850643158,0.9979940091511154,-0.23261865973472595,-0.533711850643158,0.6985924070739611,-0.6867262125015259,-0.533711850643158,0.4901743539125907,-0.9479283690452576
Mad2l1bp,0.2912784814834595,0.24607011675834656,0.2773992717266083,0.4036803563666131,1.3298983573913574,0.2773992717266083,0.017925579686928164,2.9342286586761475,0.2773992717266083,0.0007527713069708672,3.788015604019165
Gtpbp2,0.3404518961906433,0.2377914935350418,0.595370888710022,0.00012060110818071115,4.35340690612793,0.595370888710022,4.8809121372749196e-08,6.016629219055176,0.595370888710022,1.61201705092341e-13,7.807098865509033
Polh,0.21936354041099548,0.18098483979701996,0.3060625195503235,0.9979940091511154,0.5010384917259216,0.3060625195503235,0.019730692583560076,2.897860527038574,0.3060625195503235,0.0011250717642467029,3.67673921585083
Xpo5,0.09321105480194092,0.13218954205513,-0.5326801538467407,4.94542648304751e-05,-4.566699981689453,-0.5326801538467407,0.0024949918860778814,-3.5948169231414795,-0.5326801538467407,4.755988854134328e-06,-4.992855548858643
Polr1c,0.19439665973186493,0.19814734160900116,-0.03036421351134777,0.14063456805149713,-1.966037392616272,-0.03036421351134777,0.939761324536634,-0.26796209812164307,-0.03036421351134777,0.8610843488180685,-0.3536915183067322
Yipf3,0.43049806356430054,0.4092126488685608,0.08958147466182709,0.4567559209081168,1.240395426750183,0.08958147466182709,0.4479798882599935,1.222952961921692,0.08958147466182709,0.20600606664100202,1.6083623170852661
Lrrc73,0.004175429232418537,0.0060117668472230434,-0.5271903872489929,0.9717657172175966,-0.5432518720626831,-0.5271903872489929,0.6271252836669531,-0.8101043105125427,-0.5271903872489929,0.44391883317629566,-1.0700451135635376
Tjap1,0.09609449654817581,0.09382762014865875,0.036102235317230225,0.16180497771940808,-1.8906055688858032,0.036102235317230225,0.9692982271612216,0.2121610939502716,0.036102235317230225,0.9055101922673994,0.2826474606990814
Dlk2,0.0,0.0023183845914900303,-21.1463623046875,0.9979940091511154,-0.143560990691185,-21.1463623046875,0.2573937681634586,-1.6713510751724243,-21.1463623046875,0.01170609917584307,-2.94118595123291
Abcc10,0.008818951435387135,0.004506667144596577,0.9716601967811584,0.9979940091511154,0.07765829563140869,0.9716601967811584,0.23348656744730786,1.7378209829330444,0.9716601967811584,0.09739227289045961,2.050830125808716
Zfp318,0.05862518027424812,0.04559430852532387,0.3721480369567871,0.7123633195602502,-0.875615119934082,0.3721480369567871,0.4110502773985752,1.2950563430786133,0.3721480369567871,0.17033744389385574,1.7226324081420898
Crip3,0.0,0.0,0.0,0.9979940091511154,0.11319231241941452,0.0,1.0,0.0,0.0,1.0,0.0
Ttbk1,0.0002546208561398089,0.0,17.958179473876953,0.9979940091511154,0.14071114361286163,17.958179473876953,0.5196272646011879,1.0,17.958179473876953,0.46147875269036936,1.0
Dnph1,0.05409339442849159,0.13846683502197266,-1.417855143547058,1.966105038864772e-12,-7.5131731033325195,-1.417855143547058,9.099913307685336e-13,-7.876620292663574,-1.417855143547058,4.924780269661918e-30,-11.9378662109375
Cul9,0.0055112033151090145,0.020935513079166412,-1.9366636276245117,0.46538410949887343,-1.2265024185180664,-1.9366636276245117,0.08092620719217203,-2.3182568550109863,-1.9366636276245117,0.0005987179999550503,-3.8534369468688965
Srf,0.12975925207138062,0.15105387568473816,-0.23494595289230347,0.0012486213415725711,-3.733832359313965,-0.23494595289230347,0.21477492968066036,-1.7895712852478027,-0.23494595289230347,0.04825492314198319,-2.376786231994629
Klc4,0.007259448990225792,0.019429203122854233,-1.4290927648544312,0.5255464116772319,-1.1361088752746582,-1.4290927648544312,0.10677281110552758,-2.182431936264038,-1.4290927648544312,0.0017558509179244803,-3.5518860816955566
Mrpl2,0.2830367088317871,0.38755255937576294,-0.5329999923706055,1.1769277450207569e-07,-5.795695781707764,-0.5329999923706055,2.1920998246428444e-08,-6.18143892288208,-0.5329999923706055,6.153229683786947e-16,-8.51863956451416
Cul7,0.0026912828907370567,0.005619380623102188,-1.0642304420471191,0.9979940091511154,-0.43050482869148254,-1.0642304420471191,0.3679717107194103,-1.3875855207443237,-1.0642304420471191,0.10287861441221699,-2.022514820098877
Rrp36,0.1686210185289383,0.2025986760854721,-0.2901078760623932,0.0010844784494074638,-3.7736411094665527,-0.2901078760623932,0.05110931431394363,-2.5253000259399414,-0.2901078760623932,0.0027746667738023116,-3.412803888320923
Klhdc3,0.11364936828613281,0.13135752081871033,-0.22194379568099976,0.021683030586739958,-2.793026924133301,-0.22194379568099976,0.3603362694758462,-1.4252477884292603,-0.22194379568099976,0.10618140599146784,-2.006359338760376
Mea1,0.366535484790802,0.36974814534187317,-0.015049473382532597,0.9979940091511154,-0.39630669355392456,-0.015049473382532597,0.9825599717399439,-0.18685702979564667,-0.015049473382532597,0.9281955606832725,-0.24731086194515228
Ppp2r5d,0.19965365529060364,0.19379693269729614,0.04731690511107445,0.44731378744096556,-1.2558914422988892,0.04731690511107445,0.8419879309206534,0.44298940896987915,0.04731690511107445,0.7178641822178982,0.5769004225730896
Pex6,0.07672525942325592,0.08507078140974045,-0.15506315231323242,0.026409526591195165,-2.7151906490325928,-0.15506315231323242,0.5798256507433683,-0.8898527026176453,-0.15506315231323242,0.37583321102090544,-1.1963382959365845
Gnmt,0.0012679557548835874,0.0,20.274988174438477,0.9979940091511154,0.19574879109859467,20.274988174438477,0.2803799819452748,1.6094826459884644,20.274988174438477,0.2058504615570859,1.6094826459884644
Cnpy3,0.11454293131828308,0.15839853882789612,-0.5000250935554504,1.1055579424513454e-05,-4.9031596183776855,-0.5000250935554504,0.0022747745381621175,-3.6219840049743652,-0.5000250935554504,4.418057637559316e-06,-5.008111476898193
Ptcra,0.002761252922937274,0.011454150080680847,-2.05875301361084,0.9979940091511154,-0.43228599429130554,-2.05875301361084,0.23805363786855396,-1.7276884317398071,-2.05875301361084,0.014943659038694124,-2.849703550338745
2310039H08Rik,0.1699073761701584,0.19021198153495789,-0.1779455989599228,0.052551653463675616,-2.4318981170654297,-0.1779455989599228,0.34347654031534375,-1.4640330076217651,-0.1779455989599228,0.1052970221331334,-2.0103182792663574
Rpl7l1,0.34935563802719116,0.48170220851898193,-0.5655050873756409,1.4971942807447987e-09,-6.5371012687683105,-0.5655050873756409,5.4406175786508004e-11,-7.185251712799072,-0.5655050873756409,3.943982793249514e-21,-9.904751777648926
Bicral,0.125790536403656,0.15184833109378815,-0.29083922505378723,0.0004842115746475407,-3.9953057765960693,-0.29083922505378723,0.1272816129462027,-2.085895538330078,-0.29083922505378723,0.016531761766675843,-2.8106255531311035
Tbcc,0.23688428103923798,0.25757959485054016,-0.13637879490852356,0.07090978809282616,-2.2992911338806152,-0.13637879490852356,0.36943595396856654,-1.3829843997955322,-0.13637879490852356,0.14782030377626157,-1.8318787813186646
Ubr2,0.3043244183063507,0.3383178114891052,-0.1786009818315506,0.06035200486735805,-2.3716061115264893,-0.1786009818315506,0.18016521496816626,-1.8929200172424316,-0.1786009818315506,0.030383773909350723,-2.5754892826080322
Mrps10,0.22481438517570496,0.3581021726131439,-0.7724472880363464,2.0103219451505383e-14,-8.119478225708008,-0.7724472880363464,6.916055345913735e-15,-8.489090919494629,-0.7724472880363464,4.0377389665895267e-29,-11.735897064208984
Guca1b,0.0,0.0,0.0,0.9979940091511154,0.11319231241941452,0.0,1.0,0.0,0.0,1.0,0.0
Taf8,0.09439883381128311,0.08938629925251007,0.08238646388053894,0.3121164057585485,-1.5050748586654663,0.08238646388053894,0.8135080209549063,0.4919145703315735,0.08238646388053894,0.6641540530009162,0.6590148210525513
Ccnd3,0.8466771245002747,0.975143313407898,-0.3103480935096741,7.094000988128663e-05,-4.48084831237793,-0.3103480935096741,6.139950447614451e-06,-5.0876240730285645,-0.3103480935096741,1.2095555030125245e-10,-6.856636047363281
Bysl,0.15163499116897583,0.20346611738204956,-0.46267983317375183,2.068743142213163e-05,-4.765743732452393,-0.46267983317375183,0.0005222030454390041,-4.030598163604736,-0.46267983317375183,2.987514389409645e-07,-5.5360636711120605
Med20,0.14649724960327148,0.14901022613048553,-0.026395222172141075,0.13708130147247224,-1.978861689567566,-0.026395222172141075,0.9742910564988493,-0.2035692185163498,-0.026395222172141075,0.9129822084345893,-0.27076855301856995
Gm20517,0.014460218138992786,0.009555804543197155,0.6011849045753479,0.9979940091511154,-0.1562962383031845,0.6011849045753479,0.34551277204336994,1.458653211593628,0.6011849045753479,0.16021537352752957,1.7798794507980347
Usp49,0.007665329612791538,0.0071140481159091,0.10807527601718903,0.9979940091511154,-0.2614733576774597,0.10807527601718903,0.9879376186832055,0.17761319875717163,0.10807527601718903,0.9431524431567413,0.22331751883029938
Tomm6,0.2055078148841858,0.24697014689445496,-0.29617899656295776,0.0010029293491580489,-3.7956383228302,-0.29617899656295776,0.01610117263976522,-2.9750144481658936,-0.29617899656295776,0.00035554257041591316,-3.9872334003448486
Gm21981,0.00037242696271277964,0.0,18.50687026977539,0.9979940091511154,0.14071114361286163,18.50687026977539,0.5196272646011879,1.0,18.50687026977539,0.46147875269036936,1.0
Prickle4,0.0,0.000613298499956727,-19.226675033569336,0.9979940091511154,0.027607882395386696,-19.226675033569336,0.5196272646011879,-1.0,-19.226675033569336,0.16021537352752957,-1.759765386581421
Frs3,0.00036738294875249267,0.0007382815238088369,-1.0071520805358887,0.9979940091511154,0.05521576479077339,-1.0071520805358887,0.837961690389951,-0.4497707486152649,-1.0071520805358887,0.6606571437572581,-0.66510409116745
Tfeb,0.07630711048841476,0.09541114419698715,-0.33631807565689087,0.0022776640313599285,-3.556251287460327,-0.33631807565689087,0.21814212026240662,-1.7808083295822144,-0.33631807565689087,0.03681590224276055,-2.4967427253723145
Mdfi,0.0,0.0,0.0,0.9979940091511154,0.11319231241941452,0.0,1.0,0.0,0.0,1.0,0.0
Foxp4,0.13476644456386566,0.09808770567178726,0.4852885901927948,0.9979940091511154,-0.05940147489309311,0.4852885901927948,0.004805572593343566,3.383101224899292,0.4852885901927948,0.00014259840016786647,4.22160530090332
A530064D06Rik,0.0,0.002424414036795497,-21.210954666137695,0.9979940091511154,0.027607882395386696,-21.210954666137695,0.5196272646011879,-1.0,-21.210954666137695,0.16021537352752957,-1.759765386581421
Trem1,0.0,0.002424414036795497,-21.210954666137695,0.9979940091511154,0.027607882395386696,-21.210954666137695,0.5196272646011879,-1.0,-21.210954666137695,0.16021537352752957,-1.759765386581421
Trem3,0.0,0.007666410878300667,-22.875654220581055,0.9979940091511154,-0.22914542257785797,-22.875654220581055,0.21663380268135046,-1.787827491760254,-22.875654220581055,0.0064535017287857275,-3.1461567878723145
Treml4,0.0003452623204793781,0.0,18.397586822509766,0.9979940091511154,0.14071114361286163,18.397586822509766,0.5196272646011879,1.0,18.397586822509766,0.46147875269036936,1.0
Treml2,0.012814371846616268,0.01882861740887165,-0.5595139265060425,0.6489866854492766,-0.9584387540817261,-0.5595139265060425,0.45884222064609315,-1.2028459310531616,-0.5595139265060425,0.16672521409132615,-1.7359325885772705
B430306N03Rik,0.00034347016480751336,0.0017374709714204073,-2.3397345542907715,0.9979940091511154,-0.03045772761106491,-2.3397345542907715,0.5196272646011879,-1.0492419004440308,-2.3397345542907715,0.16876281950711533,-1.729225993156433
Trem2,0.0,0.0010680563282221556,-20.027328491210938,0.9979940091511154,0.027607882395386696,-20.027328491210938,0.5196272646011879,-1.0,-20.027328491210938,0.16021537352752957,-1.759765386581421
Treml1,0.0,0.0005500192055478692,-19.069520950317383,0.9979940091511154,0.027607882395386696,-19.069520950317383,0.5196272646011879,-1.0,-19.069520950317383,0.16021537352752957,-1.759765386581421
Nfya,0.15139707922935486,0.12024365365505219,0.3553576171398163,0.78156268261444,-0.7854887843132019,0.3553576171398163,0.04130927649065643,2.6116843223571777,0.3553576171398163,0.004043436279264041,3.295881748199463
Oard1,0.5111971497535706,0.4982401728630066,0.04716798663139343,0.7686347219209548,0.8024987578392029,0.04716798663139343,0.6983446275842041,0.6879003643989563,0.04716798663139343,0.510199819158546,0.9141575694084167
Apobec2,0.18332204222679138,0.23287378251552582,-0.38215067982673645,0.00024712205737330664,-4.174222469329834,-0.38215067982673645,0.043954308866356255,-2.5892627239227295,-0.38215067982673645,0.0013964948301755944,-3.615375518798828
Tspo2,0.0,0.0,0.0,0.9979940091511154,0.11319231241941452,0.0,1.0,0.0,0.0,1.0,0.0
Unc5cl,0.029433222487568855,0.05255207046866417,-0.8530927896499634,0.15782757801684147,-1.9047657251358032,-0.8530927896499634,0.10140388382886083,-2.2090532779693604,-0.8530927896499634,0.002444002995023603,-3.451204299926758
Mocs1,0.011757802218198776,0.008506689220666885,0.4692979156970978,0.9979940091511154,-0.11559686809778214,0.4692979156970978,0.5362829091537914,0.9689119458198547,0.4692979156970978,0.36544735383248284,1.2173752784729004
Rftn1,0.18440692126750946,0.18094298243522644,0.029932279139757156,0.4387575486786434,-1.2700515985488892,0.029932279139757156,0.9523977949542307,0.2460419237613678,0.029932279139757156,0.8750293157009428,0.3326546549797058
Dazl,0.001964298542588949,0.0013192743062973022,0.5747345685958862,0.9979940091511154,0.08050814270973206,0.5747345685958862,0.8124267768183732,0.493760347366333,0.5747345685958862,0.6959529997672154,0.6098228693008423
Plcl2,0.2649008333683014,0.2473083734512329,0.11237262189388275,0.9979940091511154,0.039452552795410156,0.11237262189388275,0.516241272804285,1.0962811708450317,0.11237262189388275,0.2586759148310075,1.4658063650131226
Tbc1d5,0.08447033911943436,0.08894931524991989,-0.07781626284122467,0.1625817058947692,-1.8876665830612183,-0.07781626284122467,0.8421227302837205,-0.4428000748157501,-0.07781626284122467,0.6989350966019808,-0.6052080392837524
Satb1,0.7251936793327332,0.7572195529937744,-0.0882752537727356,0.9979940091511154,-0.12307772040367126,-0.0882752537727356,0.49874256941378664,-1.1272354125976562,-0.0882752537727356,0.22532220749057516,-1.554905891418457
Efhb,0.0005614046240225434,0.0005029860767535865,0.15856412053108215,0.9979940091511154,0.08282364159822464,0.15856412053108215,1.0,0.09104163944721222,0.15856412053108215,1.0,0.11913739144802094
Rab5a,0.665909469127655,0.6421387791633606,0.0714438408613205,0.375290260617421,1.3805721998214722,0.0714438408613205,0.4865275433618706,1.1500999927520752,0.0714438408613205,0.22871133735687488,1.5447124242782593
Pp2d1,0.0009631240973249078,0.0007698027766309679,0.32337185740470886,0.9979940091511154,0.11043152958154678,0.32337185740470886,0.9745760258151084,0.20292167365550995,0.32337185740470886,0.9126276968339705,0.2716699242591858
Kat2b,0.12418592721223831,0.11392887681722641,0.13191387057304382,0.42533681167490955,-1.2926722764968872,0.13191387057304382,0.6295923881507066,0.8058294653892517,0.13191387057304382,0.42809610150111177,1.0986016988754272
Sgo1,0.5088549852371216,0.32584500312805176,0.7842373847961426,2.2162806495526288e-14,8.10513973236084,0.7842373847961426,9.856864067151354e-20,9.834033012390137,0.7842373847961426,8.119243950292754e-34,12.732145309448242
Pot1b,0.10974539816379547,0.10340490937232971,0.09051038324832916,0.48178465284666416,-1.2021896839141846,0.09051038324832916,0.7763543394106571,0.5545061230659485,0.09051038324832916,0.6057001280265651,0.7527316808700562
Adgre4,0.0,0.003578690579161048,-21.773582458496094,0.9979940091511154,0.027607882395386696,-21.773582458496094,0.5196272646011879,-1.0,-21.773582458496094,0.16021537352752957,-1.759765386581421
Zfp119a,0.02059134840965271,0.017151731997728348,0.26617297530174255,0.9979940091511154,-0.43941059708595276,0.26617297530174255,0.647422767204515,0.774188756942749,0.26617297530174255,0.4685859278899205,0.9876792430877686
Zfp959,0.06785694509744644,0.059547945857048035,0.19450196623802185,0.7834364782632894,-0.7833513617515564,0.19450196623802185,0.5657053301903616,0.9146974086761475,0.19450196623802185,0.35641429951109926,1.2361663579940796
Zfp119b,0.007878226228058338,0.007883843965828419,-0.0010327491909265518,0.9979940091511154,-0.2910405099391937,-0.0010327491909265518,1.0,-0.0017783701186999679,-0.0010327491909265518,1.0,-0.0023492267355322838
Ebi3,0.0008668898371979594,0.006418318022042513,-2.892280340194702,0.9979940091511154,-0.42997050285339355,-2.892280340194702,0.1905241155666763,-1.8614234924316406,-2.892280340194702,0.0066763147724999364,-3.132859945297241
Yju2,0.18477968871593475,0.18287818133831024,0.016336822882294655,0.3006566634433226,-1.5284079313278198,0.016336822882294655,1.0,0.1365281045436859,0.016336822882294655,0.9668355402870026,0.18219619989395142
Shd,0.002359966980293393,0.0013042889768257737,0.8562643527984619,0.9979940091511154,0.05281120538711548,0.8562643527984619,0.7018653523902635,0.6815553307533264,0.8562643527984619,0.5880858493657979,0.7829136252403259
Stap2,0.00042057893006131053,0.0022777761332690716,-2.438514471054077,0.9979940091511154,-0.20127035677433014,-2.438514471054077,0.3183310727361798,-1.5217788219451904,-2.438514471054077,0.046165311103829106,-2.3961923122406006
Mpnd,0.2923925220966339,0.22987022995948792,0.3941476047039032,0.08302597646101394,2.2267091274261475,0.3941476047039032,0.0003888878132984757,4.102579116821289,0.3941476047039032,1.2880791196937189e-06,5.257864952087402
Sh3gl1,0.46481800079345703,0.4506504237651825,0.05565398931503296,0.9979940091511154,0.34011128544807434,0.05565398931503296,0.6531762131484566,0.7660362124443054,0.05565398931503296,0.4639452573467868,0.9956398606300354
Chaf1a,0.32306748628616333,0.41161343455314636,-0.41722849011421204,4.621614895066074e-06,-5.088221549987793,-0.41722849011421204,6.331111919061562e-05,-4.566137790679932,-0.41722849011421204,8.224011331009668e-09,-6.1797194480896
Ubxn6,0.23705743253231049,0.236934632062912,0.0008397192577831447,0.9689271283804509,-0.5489515662193298,0.0008397192577831447,1.0,0.0072444709949195385,0.0008397192577831447,1.0,0.010104609653353691
Hdgfl2,0.27878302335739136,0.28577515482902527,-0.04101838171482086,0.3346438861920043,-1.459388256072998,-0.04101838171482086,0.8391024322514251,-0.44787663221359253,-0.04101838171482086,0.7113757246595777,-0.5865066051483154
Plin5,0.0,0.002341910032555461,-21.16094398498535,0.9979940091511154,0.027607882395386696,-21.16094398498535,0.5196272646011879,-1.0,-21.16094398498535,0.16021537352752957,-1.759765386581421
Lrg1,0.0,0.0,0.0,0.9979940091511154,0.11319231241941452,0.0,1.0,0.0,0.0,1.0,0.0
Sema6b,0.007843604311347008,0.00878925621509552,-0.1649072915315628,0.9548054159815657,-0.5653381943702698,-0.1649072915315628,0.9067594339383341,-0.3279211223125458,-0.1649072915315628,0.8144011690105972,-0.42719992995262146
Tnfaip8l1,0.31278255581855774,0.16755631566047668,1.0094612836837769,5.0805601310554015e-06,5.068896293640137,1.0094612836837769,6.684932403734322e-16,8.706472396850586,1.0094612836837769,1.4411457658230305e-24,10.76445198059082
Mydgf,0.5574878454208374,0.7114920020103455,-0.47466596961021423,1.4240156925384227e-09,-6.545828819274902,-0.47466596961021423,3.542473980941224e-12,-7.582991600036621,-0.47466596961021423,4.822359805926878e-22,-10.134096145629883
Dpp9,0.25405415892601013,0.26112502813339233,-0.044924091547727585,0.4063012815725257,-1.325445532798767,-0.044924091547727585,0.8169629774852929,-0.48667216300964355,-0.044924091547727585,0.676360563765898,-0.6399902105331421
Fem1a,0.07024327665567398,0.057162560522556305,0.3068253695964813,0.7137151919774148,-0.8740121126174927,0.3068253695964813,0.25910497194770593,1.663913607597351,0.3068253695964813,0.08509780736534936,2.1172358989715576
Ticam1,0.027589749544858932,0.03372131288051605,-0.2939741909503937,0.22927844178092707,-1.694055199623108,-0.2939741909503937,0.5196272646011879,-1.0190720558166504,-0.2939741909503937,0.2834439515453471,-1.3990447521209717
Plin3,0.14912904798984528,0.22555100917816162,-0.6537395715713501,3.391862819506005e-08,-6.016202449798584,-0.6537395715713501,5.9070420909135805e-06,-5.106264114379883,-0.6537395715713501,9.440938934042456e-12,-7.2339959144592285
Arrdc5,0.0,0.0,0.0,0.9979940091511154,0.11319231241941452,0.0,1.0,0.0,0.0,1.0,0.0
Uhrf1,0.5059497952461243,0.6677538752555847,-0.5283889770507812,4.940791362883712e-09,-6.342510223388672,-0.5283889770507812,5.4180424073396525e-09,-6.437685489654541,-0.5283889770507812,4.5999270657488906e-18,-9.105545997619629
Kdm4b,0.01801522634923458,0.024306224659085274,-0.43666306138038635,0.779779114649181,-0.7874480485916138,-0.43666306138038635,0.5275244970999785,-0.9864831566810608,-0.43666306138038635,0.2448767885273609,-1.500994086265564
Ptprs,0.022298989817500114,0.03071776032447815,-0.4681946039199829,0.21434928946865464,-1.7335968017578125,-0.4681946039199829,0.33602176996572813,-1.480210781097412,-0.4681946039199829,0.09117993896056763,-2.083782434463501
Gm20219,0.0008405129192396998,0.0013771125813946128,-0.7126911878585815,0.9984208920935209,-0.0025826727505773306,-0.7126911878585815,0.826047487847245,-0.4689350426197052,-0.7126911878585815,0.6638368810212436,-0.6596250534057617
Safb2,0.46173885464668274,0.4949552118778229,-0.12608441710472107,0.2654764053495642,-1.6051756143569946,-0.12608441710472107,0.26473736380129675,-1.649656057357788,-0.12608441710472107,0.07329956725952612,-2.189363479614258
Safb,0.5028868317604065,0.5159971117973328,-0.04738602787256241,0.9979940091511154,-0.4842066168785095,-0.04738602787256241,0.7076263027178179,-0.6713842153549194,-0.04738602787256241,0.5192162256324298,-0.8980953693389893
Micos13,0.9816882014274597,0.9563373327255249,0.05894022062420845,0.12748504980039382,2.016355037689209,0.05894022062420845,0.4349780520578941,1.246658205986023,0.05894022062420845,0.19067502853457732,1.6551802158355713
Rpl36,2.6600496768951416,2.8894569873809814,-0.3530368208885193,5.554594544439514e-34,-12.583494186401367,-0.3530368208885193,7.543481933570168e-42,-15.106827735900879,-0.3530368208885193,1.823122993056055e-79,-20.218215942382812
Lonp1,0.14624997973442078,0.2275962084531784,-0.6985458731651306,6.534257744586849e-09,-6.297001361846924,-0.6985458731651306,1.1951333402901897e-07,-5.8812255859375,-0.6985458731651306,3.046904878093316e-15,-8.314624786376953
Catsperd,0.0,0.0,0.0,0.9979940091511154,0.11319231241941452,0.0,1.0,0.0,0.0,1.0,0.0
Ranbp3,0.26012715697288513,0.2716459333896637,-0.07118704915046692,0.16721985609210488,-1.8722596168518066,-0.07118704915046692,0.6627155158017057,-0.7489659190177917,-0.07118704915046692,0.4703810837301189,-0.9842115640640259
Vmac,0.010483668185770512,0.012450741603970528,-0.24950984120368958,0.9772453148785353,-0.5363053679466248,-0.24950984120368958,0.8163884043038803,-0.48776349425315857,-0.24950984120368958,0.6421557892398589,-0.6946919560432434
Ndufa11,1.2032145261764526,1.1970396041870117,0.01274764072149992,0.7293721276868548,0.8527272939682007,0.01274764072149992,0.9304233433693887,0.28501489758491516,0.01274764072149992,0.8398728191767443,0.3873731791973114
Nrtn,0.0013788046780973673,0.002572078024968505,-0.9003767967224121,0.9979940091511154,-0.11764519661664963,-0.9003767967224121,0.6239366562203666,-0.8154296875,-0.9003767967224121,0.38367196896929817,-1.1814827919006348
Dus3l,0.09907595068216324,0.11801659315824509,-0.26629289984703064,0.014806585604155563,-2.935697555541992,-0.26629289984703064,0.23208492820249035,-1.7429147958755493,-0.26629289984703064,0.04377676444692974,-2.418274402618408
Prr22,0.002138289390131831,0.0012606943491846323,0.7628711462020874,0.9979940091511154,0.1359020173549652,0.7628711462020874,0.6772460832115096,0.724705696105957,0.7628711462020874,0.5122600102259448,0.910075843334198
Rfx2,0.015460682101547718,0.015379447489976883,0.007659237366169691,0.9678287780402011,-0.550109326839447,0.007659237366169691,1.0,0.01528644748032093,0.007659237366169691,1.0,0.02160794846713543
Acsbg2,0.0,0.0,0.0,0.9979940091511154,0.11319231241941452,0.0,1.0,0.0,0.0,1.0,0.0
Acsbg3,0.005964251700788736,0.007494134362787008,-0.33052539825439453,0.9979940091511154,-0.3996018171310425,-0.33052539825439453,0.7555600687110735,-0.5908891558647156,-0.33052539825439453,0.574150743630675,-0.8058782815933228
Mllt1,0.10042290389537811,0.11881289631128311,-0.25611087679862976,0.0013648220669621174,-3.708272933959961,-0.25611087679862976,0.21946093114887152,-1.776373028755188,-0.25611087679862976,0.04904580850653601,-2.3693618774414062
Acer1,0.0002504800504539162,0.0,17.93452262878418,0.9979940091511154,0.14071114361286163,17.93452262878418,0.5196272646011879,1.0,17.93452262878418,0.46147875269036936,1.0
Clpp,0.2246616929769516,0.3214225769042969,-0.5896876454353333,1.6793837321485643e-08,-6.138478755950928,-0.5896876454353333,2.5087522442166252e-08,-6.155958652496338,-0.5896876454353333,9.932007477167126e-16,-8.458155632019043
Alkbh7,0.13032166659832,0.1472250521183014,-0.18842147290706635,0.022968236406969236,-2.771385908126831,-0.18842147290706635,0.3859238992400598,-1.3488177061080933,-0.18842147290706635,0.1431761633198513,-1.8491185903549194
Pspn,0.0,0.001222901395522058,-20.222759246826172,0.9979940091511154,-0.05797655135393143,-20.222759246826172,0.36167647049845647,-1.412612795829773,-20.222759246826172,0.037672201504667754,-2.4858670234680176
Gtf2f1,0.5238946080207825,0.5838960409164429,-0.20369188487529755,0.03602270705849487,-2.590420722961426,-0.20369188487529755,0.011593416113660509,-3.0921924114227295,-0.20369188487529755,0.00023175825540174412,-4.098251819610596
Gm17949,0.0011501838453114033,0.0006096942815929651,0.916095495223999,0.9979940091511154,0.08282364159822464,0.916095495223999,0.7997331796987196,0.513817548751831,0.916095495223999,0.7128073910953915,0.5845869779586792
Khsrp,0.49755799770355225,0.5734946727752686,-0.2645575702190399,0.005091070891658326,-3.302882194519043,-0.2645575702190399,0.0010771349425139137,-3.8313605785369873,-0.2645575702190399,2.321431326057015e-06,-5.13837194442749
Slc25a41,0.0,0.0014639411820098758,-20.48248291015625,0.9979940091511154,-0.05797655135393143,-20.48248291015625,0.3625869528824704,-1.405554175376892,-20.48248291015625,0.03877573560721278,-2.4734456539154053
Slc25a23,0.01699722558259964,0.01745174638926983,-0.03840107470750809,0.9301695405234123,-0.5960630774497986,-0.03840107470750809,1.0,-0.09295579046010971,-0.03840107470750809,0.9999682771219689,-0.12960641086101532
Crb3,0.00565526494756341,0.008942442946135998,-0.6634483337402344,0.9061683667832459,-0.6279457211494446,-0.6634483337402344,0.4844627101874967,-1.1549278497695923,-0.6634483337402344,0.19858625484545725,-1.6308975219726562
Dennd1c,0.38257816433906555,0.3644134998321533,0.08409471064805984,0.8702273097765165,0.6725636124610901,0.08409471064805984,0.54076116074108,0.9613271951675415,0.08409471064805984,0.33091498353695503,1.2895478010177612
Tubb4a,0.005852504167705774,0.0015522940084338188,1.9177554845809937,0.9979940091511154,0.2176569700241089,1.9177554845809937,0.09418110994027096,2.240812301635742,1.9177554845809937,0.04310448110479824,2.426527738571167
Tnfsf9,0.07833920419216156,0.11331947147846222,-0.5582255721092224,2.7763277407965527e-05,-4.699395656585693,-0.5582255721092224,0.01075586069019378,-3.1208181381225586,-0.5582255721092224,8.351059601365391e-05,-4.349416732788086
Cd70,0.007534130476415157,0.004468145314604044,0.7559785842895508,0.9979940091511154,0.1559399962425232,0.7559785842895508,0.4711428162278778,1.1778608560562134,0.7559785842895508,0.26602487562887245,1.4484837055206299
Tnfsf14,0.0589386448264122,0.04432955011725426,0.4215739667415619,0.9979940091511154,-0.44083553552627563,0.4215739667415619,0.23208492820249035,1.7422608137130737,0.4215739667415619,0.06316627197880133,2.257627248764038
C3,0.0015419130213558674,0.00935779232531786,-2.607089042663574,0.9979940091511154,-0.03437626361846924,-2.607089042663574,0.48393083787230023,-1.1575027704238892,-2.607089042663574,0.1058825915100169,-2.0089282989501953
Gpr108,0.18520165979862213,0.1723625808954239,0.11318770796060562,0.6324348754637048,-0.980168879032135,0.11318770796060562,0.5404618952054995,0.9626379609107971,0.11318770796060562,0.3426936021506267,1.264916181564331
Trip10,0.027453457936644554,0.03425038605928421,-0.3240602910518646,0.25288894436101667,-1.6354552507400513,-0.3240602910518646,0.4680381609463749,-1.1843069791793823,-0.3240602910518646,0.20230415178680983,-1.619179368019104
Vav1,0.31764447689056396,0.3203341066837311,-0.014207631349563599,0.931204131446337,-0.5941928625106812,-0.014207631349563599,0.9941725565739331,-0.1641838699579239,-0.014207631349563599,0.9456072451327329,-0.21888698637485504
Adgre1,0.0,0.008137821219861507,-22.962085723876953,0.9979940091511154,-0.22914542257785797,-22.962085723876953,0.2672371405851631,-1.646549105644226,-22.962085723876953,0.013210050543276633,-2.8975400924682617
Vmn2r120,0.000692022847943008,0.0,19.40096092224121,0.9979940091511154,0.16822996735572815,19.40096092224121,0.36971127687427857,1.3819252252578735,19.40096092224121,0.2897689339511052,1.3819252252578735
Nudt12,0.00021023841691203415,0.0,17.681825637817383,0.9979940091511154,0.14071114361286163,17.681825637817383,0.5196272646011879,1.0,17.681825637817383,0.46147875269036936,1.0
Fbxl17,0.06930530816316605,0.06513428688049316,0.09259107708930969,0.31727384021117633,-1.4939426183700562,0.09259107708930969,0.8350688067489702,0.45502421259880066,0.09259107708930969,0.6953347409119701,0.6109631657600403
Fer,0.0010500247590243816,0.0,20.002750396728516,0.9979940091511154,0.19574879109859467,20.002750396728516,0.28482828570147994,1.5986047983169556,20.002750396728516,0.2095731941978643,1.5986047983169556
Pja2,0.04858224093914032,0.06743831187486649,-0.48687273263931274,0.010157301770439851,-3.0714213848114014,-0.48687273263931274,0.11585425977530507,-2.137518882751465,-0.48687273263931274,0.008356912401024921,-3.0555579662323
Man2a1,0.2406465858221054,0.2622451186180115,-0.14023233950138092,0.02682954900636996,-2.7087783813476562,-0.14023233950138092,0.3965387259762334,-1.3253144025802612,-0.14023233950138092,0.16021537352752957,-1.7750341892242432
Vapa,0.814167320728302,0.8772374391555786,-0.15947479009628296,0.07286348785049503,-2.286912202835083,-0.15947479009628296,0.00824709010429083,-3.2077465057373047,-0.15947479009628296,0.000141381556479512,-4.222487449645996
Rab31,0.004697001539170742,0.013113411143422127,-1.4873110055923462,0.543802592476285,-1.1082338094711304,-1.4873110055923462,0.04564282769708345,-2.5761125087738037,-1.4873110055923462,0.00043488948422128583,-3.9336323738098145
Ppp4r1,0.07950611412525177,0.0905366986989975,-0.19550670683383942,0.025878447393036554,-2.7240962982177734,-0.19550670683383942,0.5165734412687797,-1.0954397916793823,-0.19550670683383942,0.24637676029943878,-1.4964629411697388
Ralbp1,0.6212974190711975,0.68760085105896,-0.1992950588464737,0.07107839050646594,-2.298133373260498,-0.1992950588464737,0.015010594864411406,-3.0014114379882812,-0.1992950588464737,0.00026370687335449506,-4.064380645751953
Twsg1,0.08386694639921188,0.07855794578790665,0.09822672605514526,0.07024099484271062,-2.3035659790039062,0.09822672605514526,0.7686148273566485,0.5687246322631836,0.09822672605514526,0.6265685673286645,0.7184008955955505
Ankrd12,0.5185537338256836,0.47251075506210327,0.17009106278419495,0.14516989457015467,1.9501851797103882,0.17009106278419495,0.2279160512919827,1.7540440559387207,0.17009106278419495,0.04013597497960701,2.4556658267974854
Ndufv2,0.9908009767532349,1.0161268711090088,-0.057687461376190186,0.5476765097393501,-1.1020888090133667,-0.057687461376190186,0.44924892240937486,-1.2204126119613647,-0.057687461376190186,0.18447296824462397,-1.673978567123413
Washc1,0.1975097805261612,0.20470742881298065,-0.0570053905248642,0.4124472524612326,-1.3148475885391235,-0.0570053905248642,0.8115079340023363,-0.49515822529792786,-0.0570053905248642,0.6523495383919187,-0.6782788634300232
Ddx11,0.08736322075128555,0.07431084662675858,0.24299536645412445,0.7430750095020753,-0.8351829648017883,0.24299536645412445,0.3525458043201626,1.442204475402832,0.24299536645412445,0.13743092921957747,1.8712176084518433
Mtcl1,0.0,0.0,0.0,0.9979940091511154,0.11319231241941452,0.0,1.0,0.0,0.0,1.0,0.0
Rab12,0.08138709515333176,0.07235858589410782,0.1762320101261139,0.2577345008050421,-1.62369966506958,0.1762320101261139,0.5196272646011879,1.0078115463256836,0.1762320101261139,0.32601726364288436,1.300485610961914
Ptprm,0.0,0.0,0.0,0.9979940091511154,0.11319231241941452,0.0,1.0,0.0,0.0,1.0,0.0
Epb41l3,0.00302120647393167,0.0018690753495320678,0.6936311721801758,0.9979940091511154,0.2472241222858429,0.6936311721801758,0.7913878974320455,0.5288070440292358,0.6936311721801758,0.6092736283126348,0.7465741634368896
Zbtb14,0.049416057765483856,0.07743262499570847,-0.6683849096298218,0.00019659637577620833,-4.232377529144287,-0.6683849096298218,0.019477172529986982,-2.907386064529419,-0.6683849096298218,0.00017906861871383415,-4.1628570556640625
Dlgap1,0.0005147733027115464,0.0023327141534537077,-2.181309938430786,0.9979940091511154,-0.1733953058719635,-2.181309938430786,0.33330805404549874,-1.4876946210861206,-2.181309938430786,0.04533683902388598,-2.4038689136505127
Tgif1,0.28916195034980774,0.2717789113521576,0.1025686040520668,0.9979940091511154,-0.4117136597633362,0.1025686040520668,0.5573150842813261,0.9312726259231567,0.1025686040520668,0.3467574920170844,1.256720781326294
Myl12b,1.1733248233795166,1.1577244997024536,0.03270209580659866,0.18445981237141643,1.8174891471862793,0.03270209580659866,0.6484471714731039,0.7726359367370605,0.03270209580659866,0.46147875269036936,1.034691333770752
Myl12a,1.85037362575531,1.7908703088760376,0.10243554413318634,0.0020472105741890477,3.5867981910705566,0.10243554413318634,0.011178220456039568,3.105245590209961,0.10243554413318634,0.00020294055189623168,4.131595611572266
Myom1,0.002056802622973919,0.0034975490998476744,-0.7669804096221924,0.9979940091511154,-0.23199526965618134,-0.7669804096221924,0.5943079431054208,-0.864758312702179,-0.7669804096221924,0.3640619215834518,-1.220381259918213
Lpin2,0.1894688904285431,0.19310161471366882,-0.030103113502264023,0.1878968123890555,-1.8080490827560425,-0.030103113502264023,0.9514710888948062,-0.24756166338920593,-0.030103113502264023,0.8749363622382222,-0.33284181356430054
Emilin2,0.0016015969449654222,0.0111524797976017,-2.8066775798797607,0.9979940091511154,-0.2900608777999878,-2.8066775798797607,0.2975454828806046,-1.571872591972351,-2.8066775798797607,0.02164686542746552,-2.710991382598877
Smchd1,1.5006037950515747,1.4430632591247559,0.1077471673488617,0.018805171086768154,2.8486881256103516,0.1077471673488617,0.044450602320948926,2.5840611457824707,0.1077471673488617,0.002037612858262471,3.506115674972534
Gm4707,0.15240593254566193,0.1244199350476265,0.3133546710014343,0.9979940091511154,-0.32719793915748596,0.3133546710014343,0.10094271996764231,2.2077994346618652,0.3133546710014343,0.013332515004590515,2.8911499977111816
Ndc80,0.8531189560890198,0.5950799584388733,0.7280625700950623,9.825578151861237e-23,10.254992485046387,0.7280625700950623,3.639471688952435e-25,11.32736873626709,0.7280625700950623,2.2533477944188067e-48,15.38727855682373
Spdya,0.001516947872005403,0.0014156383695080876,0.09979166835546494,0.9979940091511154,0.05281120538711548,0.09979166835546494,1.0,0.0796525776386261,0.09979166835546494,1.0,0.10441891103982925
Wdr43,0.28533992171287537,0.43811216950416565,-0.7354490756988525,2.6813048700106267e-14,-8.080114364624023,-0.7354490756988525,2.197469078002263e-14,-8.328775405883789,-0.7354490756988525,8.234912171843488e-28,-11.454626083374023
Clip4,0.0,0.0,0.0,0.9979940091511154,0.11319231241941452,0.0,1.0,0.0,0.0,1.0,0.0
Ypel5,0.1904740184545517,0.15859755873680115,0.2878863215446472,0.9979940091511154,0.5045117735862732,0.2878863215446472,0.11394217585461755,2.1448452472686768,0.2878863215446472,0.01261509146200201,2.9106600284576416
Lbh,0.5746042728424072,0.5068382024765015,0.23431026935577393,0.00865278013125851,3.12601375579834,0.23431026935577393,0.007614490544530184,3.2366886138916016,0.23431026935577393,8.355048668249697e-05,4.349708557128906
Lclat1,0.04206131026148796,0.03647767752408981,0.20953406393527985,0.6774236802567913,-0.9211236238479614,0.20953406393527985,0.5932682393833957,0.8666806817054749,0.20953406393527985,0.42031342332801336,1.1132804155349731
Galnt14,0.0022273084614425898,0.0013598232762888074,0.7125077843666077,0.9979940091511154,0.19236458837985992,0.7125077843666077,0.794751551536608,0.5232170820236206,0.7125077843666077,0.6326719009110424,0.7090314626693726
Ehd3,0.32428354024887085,0.35570231080055237,-0.15736012160778046,0.09390540204883747,-2.167574882507324,-0.15736012160778046,0.28189397370821134,-1.6072312593460083,-0.15736012160778046,0.07176567891087172,-2.1992380619049072
Xdh,0.2367681860923767,0.1630195677280426,0.593399703502655,0.2124235260761872,1.7394746541976929,0.593399703502655,0.0006291843667575861,3.9773318767547607,0.593399703502655,1.10926958454858e-06,5.28562068939209
Memo1,0.3608981668949127,0.3301461935043335,0.15194469690322876,0.5658291776436294,1.0730559825897217,0.15194469690322876,0.1892950392141228,1.861928105354309,0.15194469690322876,0.044340236535296916,2.413206100463867
Dpy30,0.9478901624679565,1.0567808151245117,-0.2483392059803009,4.8880377080818476e-06,-5.076911449432373,-0.2483392059803009,2.75975105891231e-05,-4.759795665740967,-0.2483392059803009,8.437931095396536e-10,-6.550725936889648
Spast,0.17982117831707,0.2105901837348938,-0.2507922053337097,0.001171043721863716,-3.7515549659729004,-0.2507922053337097,0.0814575293630279,-2.309861183166504,-0.2507922053337097,0.008334219898113473,-3.056783676147461
Slc30a6,0.0687156543135643,0.09201633930206299,-0.4382842481136322,0.0037686201541618633,-3.3996880054473877,-0.4382842481136322,0.07338230584905522,-2.36391544342041,-0.4382842481136322,0.0032535263441061725,-3.363783121109009
Nlrc4,0.0005609047948382795,0.0,19.097803115844727,0.9979940091511154,0.16822996735572815,19.097803115844727,0.36179032358873764,1.4082214832305908,19.097803115844727,0.28084221269825094,1.4082214832305908
Yipf4,0.5124120712280273,0.48391255736351013,0.10481589287519455,0.19609198027164246,1.7841815948486328,0.10481589287519455,0.313440127180669,1.5319600105285645,0.10481589287519455,0.09962542672755206,2.0393834114074707
Birc6,0.8193671107292175,0.8427224159240723,-0.05970226600766182,0.9979940091511154,-0.2702900767326355,-0.05970226600766182,0.5196272646011879,-1.0727688074111938,-0.05970226600766182,0.26641431047031566,-1.4472001791000366
Ttc27,0.03657345101237297,0.06222742050886154,-0.7854114174842834,0.001101098750840533,-3.768921136856079,-0.7854114174842834,0.004503253414352527,-3.411862373352051,-0.7854114174842834,8.79756400712437e-06,-4.8628830909729
Ltbp1,0.0,0.0011693345149978995,-20.15810203552246,0.9979940091511154,-0.05797655135393143,-20.15810203552246,0.36167647049845647,-1.4152365922927856,-20.15810203552246,0.03733745765311269,-2.4904842376708984
Rasgrp3,0.0017421868396922946,0.0062241144478321075,-1.8402037620544434,0.9979940091511154,-0.06127168610692024,-1.8402037620544434,0.5175388087291413,-1.0941835641860962,-1.8402037620544434,0.15507882153551536,-1.806043267250061
Fam98a,0.10636699944734573,0.18138249218463898,-0.8253938555717468,1.6270212359600846e-10,-6.8813090324401855,-0.8253938555717468,1.6644151396762887e-08,-6.2412109375,-0.8253938555717468,4.1239393902120594e-17,-8.845038414001465
Crim1,0.02809498831629753,0.033910226076841354,-0.27562394738197327,0.8734363876208305,-0.6689122319221497,-0.27562394738197327,0.7713787119731542,-0.5639435052871704,-0.27562394738197327,0.5495542606703491,-0.846457302570343
Fez2,0.06523390859365463,0.0642189309000969,0.023363403975963593,0.15602705948222487,-1.9114450216293335,0.023363403975963593,1.0,0.11954426765441895,0.023363403975963593,0.9828902598126092,0.15710408985614777
Strn,0.15272322297096252,0.14678436517715454,0.06161193922162056,0.16864855376081603,-1.866827130317688,0.06161193922162056,0.805596613633555,0.5042889714241028,0.06161193922162056,0.669270772328018,0.6506852507591248
Heatr5b,0.07340382039546967,0.07236988097429276,0.02122054249048233,0.24698820330796636,-1.6489920616149902,0.02122054249048233,1.0,0.11090986430644989,0.02122054249048233,0.9872141226546023,0.14976994693279266
Gpatch11,0.319480836391449,0.2711246609687805,0.27336886525154114,0.20797433872460572,1.7513192892074585,0.27336886525154114,0.012850780836488907,3.0540757179260254,0.27336886525154114,0.0003839812094377824,3.9671027660369873
Eif2ak2,0.15218931436538696,0.19249390065670013,-0.36885395646095276,6.260891905356548e-05,-4.511662006378174,-0.36885395646095276,0.03494932505280874,-2.682555675506592,-0.36885395646095276,0.001047596330171139,-3.696013927459717
Sult6b1,0.0,0.0004621986299753189,-18.818490982055664,0.9979940091511154,0.027607882395386696,-18.818490982055664,0.5196272646011879,-1.0,-18.818490982055664,0.16021537352752957,-1.759765386581421
Cebpzos,0.2817792296409607,0.3701207935810089,-0.46061164140701294,9.290125112530792e-07,-5.408473014831543,-0.46061164140701294,2.279261239589853e-06,-5.293449401855469,-0.46061164140701294,2.4979950140097006e-11,-7.095460414886475
Cebpz,0.35404258966445923,0.5061785578727722,-0.6333082318305969,1.0199185844346495e-11,-7.285096645355225,-0.6333082318305969,1.4848579042977437e-13,-8.050470352172852,-0.6333082318305969,3.2344145092452e-25,-10.881446838378906
Ndufaf7,0.1924894005060196,0.2432110756635666,-0.37534523010253906,0.0003572456707200566,-4.077416896820068,-0.37534523010253906,0.003771759553424839,-3.467833995819092,-0.37534523010253906,1.3585397807836805e-05,-4.767898082733154
Prkd3,0.09723582118749619,0.11384516209363937,-0.2397049069404602,0.0009100059204151706,-3.823068141937256,-0.2397049069404602,0.33805415312922865,-1.4750052690505981,-0.2397049069404602,0.1074256129438182,-2.000053644180298
Qpct,0.0020599355921149254,0.002780732000246644,-0.43338543176651,0.9979940091511154,-0.14694517850875854,-0.43338543176651,0.8225606479586568,-0.47594743967056274,-0.43338543176651,0.6714232811533715,-0.6473926305770874
Cdc42ep3,0.35367241501808167,0.29651570320129395,0.29776501655578613,0.15589572971552926,1.9119794368743896,0.29776501655578613,0.015739175424689222,2.982727527618408,0.29776501655578613,0.00035974701869077646,3.983961582183838
Rmdn2,0.018083002418279648,0.029359417036175728,-0.7073556780815125,0.27291178480504147,-1.588432788848877,-0.7073556780815125,0.20171582018974155,-1.8279356956481934,-0.7073556780815125,0.021245794633130585,-2.716153144836426
Atl2,0.24027928709983826,0.19575592875480652,0.3289393186569214,0.5744548081479506,1.0613003969192505,0.3289393186569214,0.011636486287696804,3.089139461517334,0.3289393186569214,0.0003402848437683242,3.999338150024414
Hnrnpll,0.27574050426483154,0.30995360016822815,-0.19462329149246216,0.027038819309908545,-2.7060177326202393,-0.19462329149246216,0.14059043892285902,-2.0352256298065186,-0.19462329149246216,0.019705316908796133,-2.745526075363159
Galm,0.015395122580230236,0.024245405569672585,-0.6616430878639221,0.3505482819079071,-1.4279508590698242,-0.6616430878639221,0.2683622145872415,-1.6420069932937622,-0.6616430878639221,0.0425370272370245,-2.431137800216675
Srsf7,1.4209473133087158,1.4745988845825195,-0.10119875520467758,0.02590601968896311,-2.723562002182007,-0.10119875520467758,0.09021444108201342,-2.26316237449646,-0.10119875520467758,0.006439052888288403,-3.142500877380371
Gemin6,0.18396371603012085,0.23654517531394958,-0.40195220708847046,8.584466033587814e-05,-4.436052322387695,-0.40195220708847046,0.0015003969489061856,-3.7405788898468018,-0.40195220708847046,2.434187996510332e-06,-5.128361701965332
Dhx57,0.08139560371637344,0.0691896304488182,0.24331016838550568,0.3942879160192538,-1.3456615209579468,0.24331016838550568,0.38925101737413964,1.3419814109802246,0.24331016838550568,0.16914745160644837,1.7276098728179932
Morn2,0.02045317552983761,0.04025249555706978,-0.9911080002784729,0.023652023175571305,-2.760342836380005,-0.9911080002784729,0.010010666792086413,-3.1492984294891357,-0.9911080002784729,1.6531672501301427e-05,-4.724110126495361
Arhgef33,0.0008378308266401291,0.0012083078036084771,-0.5285239815711975,0.9984208920935209,-0.0025826727505773306,-0.5285239815711975,0.891571598655041,-0.3556057810783386,-0.5285239815711975,0.7795515324470956,-0.4814433753490448
Sos1,0.08414129912853241,0.09199853986501694,-0.13454772531986237,0.02251067867596229,-2.7792232036590576,-0.13454772531986237,0.6538104234507377,-0.7643819451332092,-0.13454772531986237,0.46147875269036936,-1.0258667469024658
Cdkl4,0.0024570925161242485,0.0004968305001966655,2.3075385093688965,0.9979940091511154,0.19325517117977142,2.3075385093688965,0.286985790740768,1.5930414199829102,2.3075385093688965,0.1798884771463598,1.6889796257019043
Map4k3,0.004436018411070108,0.0035764446947723627,0.3113597631454468,0.9979940091511154,-0.11996069550514221,0.3113597631454468,0.8615824290422887,0.40878960490226746,0.3113597631454468,0.7665423943530314,0.5008920431137085
Thumpd2,0.024643639102578163,0.042309533804655075,-0.7925816774368286,0.03011049384843921,-2.663893461227417,-0.7925816774368286,0.03237370621428154,-2.7154629230499268,-0.7925816774368286,0.00035432360461324226,-3.9878108501434326
Slc8a1,0.0,0.004111327230930328,-21.974140167236328,0.9979940091511154,-0.143560990691185,-21.974140167236328,0.32148149749503374,-1.5143486261367798,-21.974140167236328,0.024423884680858952,-2.664898157119751
Pkdcc,0.0,0.0004861770139541477,-18.891475677490234,0.9979940091511154,0.027607882395386696,-18.891475677490234,0.5196272646011879,-1.0,-18.891475677490234,0.16021537352752957,-1.759765386581421
Eml4,0.353069931268692,0.3943866491317749,-0.1913124918937683,0.1079090743086391,-2.0991785526275635,-0.1913124918937683,0.11321594800350356,-2.1479368209838867,-0.1913124918937683,0.012320537406479848,-2.9196746349334717
Cox7a2l,1.3033010959625244,1.1910309791564941,0.2273574024438858,7.721803906975698e-07,5.442938327789307,0.2273574024438858,4.270022130364821e-06,5.167511940002441,0.2273574024438858,2.7801623687442404e-11,7.077744483947754
Kcng3,0.0012846937170252204,0.0,20.293920516967773,0.9979940091511154,0.22326761484146118,20.293920516967773,0.15369475535295538,1.9839179515838623,20.293920516967773,0.11097302832020277,1.9839179515838623
Mta3,0.3922082781791687,0.39062559604644775,0.007049680687487125,0.9979940091511154,-0.45472851395606995,0.007049680687487125,1.0,0.08851238340139389,0.007049680687487125,1.0,0.11600970476865768
Haao,0.15031281113624573,0.12051095068454742,0.340786337852478,0.9979940091511154,-0.21160104870796204,0.340786337852478,0.058930218709110645,2.4605724811553955,0.340786337852478,0.005638303749396656,3.1875669956207275
Zfp36l2,1.3799794912338257,1.1969748735427856,0.36485421657562256,3.609322036057645e-07,5.589438438415527,0.36485421657562256,3.529582607391642e-06,5.209780216217041,0.36485421657562256,1.1445517337126215e-11,7.20703125
Thada,0.07908609509468079,0.09395299106836319,-0.25939369201660156,0.032469746325718106,-2.6329903602600098,-0.25939369201660156,0.3675868008544727,-1.388688325881958,-0.25939369201660156,0.12044600953305781,-1.940561056137085
Dync2li1,0.0007426098454743624,0.003024084260687232,-2.0274667739868164,0.9979940091511154,-0.2588016390800476,-2.0274667739868164,0.296324836432728,-1.5740143060684204,-2.0274667739868164,0.040721192620463094,-2.4495818614959717
Lrpprc,0.10401228815317154,0.159554585814476,-0.6582410335540771,7.613424516951621e-08,-5.871751308441162,-0.6582410335540771,2.9597644783235062e-05,-4.746540069580078,-0.6582410335540771,5.44504383317132e-10,-6.620359897613525
Ppm1b,0.2827739715576172,0.2472488433122635,0.22044193744659424,0.38065382002006204,1.371488332748413,0.22044193744659424,0.12825377432979831,2.0821406841278076,0.22044193744659424,0.014983010168295707,2.8474221229553223
Slc3a1,0.0,0.0,0.0,0.9979940091511154,0.11319231241941452,0.0,1.0,0.0,0.0,1.0,0.0
Prepl,0.023607952520251274,0.03051120415329933,-0.3750682473182678,0.31587692672163087,-1.4970595836639404,-0.3750682473182678,0.443205596274513,-1.2316511869430542,-0.3750682473182678,0.17768826654457945,-1.6967731714248657
Camkmt,0.022066477686166763,0.02936818264424801,-0.41768738627433777,0.5543615625425895,-1.0911346673965454,-0.41768738627433777,0.5196272646011879,-1.0807944536209106,-0.41768738627433777,0.20991976419745528,-1.5969935655593872
Srbd1,0.2178482860326767,0.20716607570648193,0.0805143490433693,0.839521978985805,-0.7128176689147949,0.0805143490433693,0.6958878560109978,0.6929339170455933,0.0805143490433693,0.4960596242230555,0.9376034736633301
Prkce,0.15600602328777313,0.1900249868631363,-0.309834361076355,0.0002325308239402071,-4.189095497131348,-0.309834361076355,0.0826131633206188,-2.3034374713897705,-0.309834361076355,0.006414084866856199,-3.1439549922943115
Gm10309,0.0,0.0,0.0,0.9979940091511154,0.11319231241941452,0.0,1.0,0.0,0.0,1.0,0.0
Epas1,0.0830468162894249,0.14645226299762726,-0.8650454878807068,1.6807336267158412e-10,-6.876143455505371,-0.8650454878807068,7.276269541741435e-07,-5.533320903778076,-0.8650454878807068,1.9118085128183469e-13,-7.775781154632568
Tmem247,0.0,0.0,0.0,0.9979940091511154,0.11319231241941452,0.0,1.0,0.0,0.0,1.0,0.0
Rhoq,0.03623092547059059,0.03742535039782524,-0.04766136407852173,0.2220116751402564,-1.7132025957107544,-0.04766136407852173,0.9879376186832055,-0.17752686142921448,-0.04766136407852173,0.9376055708214178,-0.2325500100851059
Pigf,0.2499273717403412,0.28371158242225647,-0.20836876332759857,0.020401969452901715,-2.8160929679870605,-0.20836876332759857,0.08312970111001083,-2.299960136413574,-0.20836876332759857,0.008833069439441487,-3.0365705490112305
Cript,0.8307472467422485,0.8553950190544128,-0.062429994344711304,0.9979940091511154,-0.4682652950286865,-0.062429994344711304,0.4706178501917001,-1.1792747974395752,-0.062429994344711304,0.22136890009204105,-1.5657408237457275
Socs5,0.007979833520948887,0.012200252152979374,-0.6155298352241516,0.8213474246303245,-0.7361508011817932,-0.6155298352241516,0.4653121471156564,-1.190380573272705,-0.6155298352241516,0.1760566262234297,-1.7025691270828247
Mcfd2,0.030944207683205605,0.042283907532691956,-0.4586692154407501,0.05176467165350798,-2.438755512237549,-0.4586692154407501,0.24611265773556631,-1.7014753818511963,-0.4586692154407501,0.04792139537407443,-2.37963604927063
Ttc7,0.42796972393989563,0.4672456681728363,-0.1571110337972641,0.2508807765046671,-1.6399972438812256,-0.1571110337972641,0.14935916804987015,-2.0021016597747803,-0.1571110337972641,0.02095286850467443,-2.7218942642211914
Stpg4,0.0,0.0,0.0,0.9979940091511154,0.11319231241941452,0.0,1.0,0.0,0.0,1.0,0.0
Calm2,2.04352068901062,1.6521114110946655,0.6714206337928772,1.7749409438275665e-57,16.48261833190918,0.6714206337928772,3.373583004331875e-56,18.346200942993164,0.6714206337928772,1.1122641877202706e-120,25.549922943115234
Epcam,0.02571438066661358,0.046707481145858765,-0.8763131499290466,0.05140765671583039,-2.44160532951355,-0.8763131499290466,0.03586496283353823,-2.675168037414551,-0.8763131499290466,0.0003727286183827273,-3.9741790294647217
Msh2,0.2665458917617798,0.37158679962158203,-0.5591084957122803,4.257058575034633e-08,-5.97425651550293,-0.5591084957122803,9.81940254973864e-08,-5.912262916564941,-0.5591084957122803,6.329408765983141e-15,-8.222758293151855
Kcnk12,0.00034350442001596093,0.001343444688245654,-1.9682546854019165,0.9979940091511154,-0.0302796121686697,-1.9682546854019165,0.5316770036368463,-0.9788047671318054,-1.9682546854019165,0.22735704414024696,-1.5486570596694946
Rpl36-ps4,0.0,0.0,0.0,0.9979940091511154,0.11319231241941452,0.0,1.0,0.0,0.0,1.0,0.0
Msh6,0.10977034270763397,0.17045003175735474,-0.6796532273292542,5.7953187031894304e-08,-5.91984224319458,-0.6796532273292542,1.8973717686635716e-05,-4.846630573272705,-0.6796532273292542,1.8423682251434157e-10,-6.789146900177002
Fbxo11,0.19048632681369781,0.1516740322113037,0.3575080931186676,0.8642520077872777,0.679866373538971,0.3575080931186676,0.019956800706305403,2.8939757347106934,0.3575080931186676,0.000846618241123723,3.756138801574707
Foxn2,0.2371288239955902,0.27501538395881653,-0.24233564734458923,0.012752383447068392,-2.9903788566589355,-0.24233564734458923,0.06236626258454466,-2.436091423034668,-0.24233564734458923,0.0036038581192284107,-3.3320136070251465
Ppp1r21,0.14371363818645477,0.16096454858779907,-0.17630568146705627,0.07977992508840914,-2.2450551986694336,-0.17630568146705627,0.4175040211826949,-1.2812540531158447,-0.17630568146705627,0.15785801696788165,-1.795691728591919
Ston1,0.0,0.00047363320481963456,-18.853755950927734,0.9979940091511154,0.027607882395386696,-18.853755950927734,0.5196272646011879,-1.0,-18.853755950927734,0.16021537352752957,-1.759765386581421
Gtf2a1l,0.0,0.0005821105442009866,-19.151355743408203,0.9979940091511154,0.027607882395386696,-19.151355743408203,0.5196272646011879,-1.0,-19.151355743408203,0.16021537352752957,-1.759765386581421
Gm10184,0.06267913430929184,0.053094785660505295,0.24639548361301422,0.5887405954356791,-1.040817141532898,0.24639548361301422,0.4135695479089261,1.2890863418579102,0.24639548361301422,0.1948608268656122,1.6430391073226929
Mettl4,0.1019657701253891,0.11390718072652817,-0.16854263842105865,0.037146856831363075,-2.5778636932373047,-0.16854263842105865,0.4949929569681161,-1.1344530582427979,-0.16854263842105865,0.232897542119264,-1.5338841676712036
Kdm5d,0.11087250709533691,0.11948622763156891,-0.11427532136440277,0.26297863838289387,-1.6114096641540527,-0.11427532136440277,0.7262265030120268,-0.640583872795105,-0.11427532136440277,0.5049978943866025,-0.9227685928344727
Eif2s3y,0.4488150179386139,0.45808327198028564,-0.03667799383401871,0.8579155143462842,-0.6896626949310303,-0.03667799383401871,0.8439466036208038,-0.43889597058296204,-0.03667799383401871,0.7056798005848091,-0.5954878926277161
Uty,0.10824216157197952,0.09878332167863846,0.13886399567127228,0.38716090201198466,-1.3586640357971191,0.13886399567127228,0.5980276745230155,0.8578195571899414,0.13886399567127228,0.4045393692735605,1.1425831317901611
Ddx3y,0.4036768078804016,0.3993490934371948,0.018880529329180717,0.9979940091511154,0.13741600513458252,0.018880529329180717,0.9765286099023381,0.198622465133667,0.018880529329180717,0.9090525412086613,0.27680259943008423
Gm21748,0.0,0.0,0.0,0.9979940091511154,0.11319231241941452,0.0,1.0,0.0,0.0,1.0,0.0
Crem,0.1278274655342102,0.1155070886015892,0.15528364479541779,0.5638750252921634,-1.0770635604858398,0.15528364479541779,0.5196272646011879,1.0249671936035156,0.15528364479541779,0.29604294692259797,1.3658307790756226
Cul2,0.15136031806468964,0.20413614809513092,-0.47074154019355774,6.1206977394268394e-06,-5.029176235198975,-0.47074154019355774,0.0004239858031055821,-4.085946559906006,-0.47074154019355774,2.571856338743594e-07,-5.564155578613281
Bambi,0.017121272161602974,0.011726253665983677,0.5499488711357117,0.9979940091511154,-0.354983925819397,0.5499488711357117,0.40285645513926643,1.3116215467453003,0.5499488711357117,0.21345766620932563,1.587027907371521
Map3k8,0.35609200596809387,0.42564770579338074,-0.31084391474723816,0.0018678494341156384,-3.6152966022491455,-0.31084391474723816,0.007756267771223578,-3.2327661514282227,-0.31084391474723816,4.481965436585119e-05,-4.4977006912231445
Mtpap,0.20069792866706848,0.23089653253555298,-0.22478735446929932,0.01010621653181278,-3.073024272918701,-0.22478735446929932,0.1272816129462027,-2.0859642028808594,-0.22478735446929932,0.01622321537167427,-2.817948818206787
Jcad,0.0002541152061894536,0.0023325332440435886,-3.1998376846313477,0.9979940091511154,-0.20127035677433014,-3.1998376846313477,0.2327483869104918,-1.743396282196045,-3.1998376846313477,0.011975402901050038,-2.9315075874328613
Svil,0.24351148307323456,0.23703829944133759,0.04372592642903328,0.6899014014580371,-0.905093252658844,0.04372592642903328,0.8573948890907438,0.41524699330329895,0.04372592642903328,0.7320116622709217,0.5546783208847046
Zfp438,0.020299972966313362,0.01102236844599247,0.8877532482147217,0.9979940091511154,0.25452685356140137,0.8877532482147217,0.14742118314427574,2.0092430114746094,0.8877532482147217,0.03293610136004501,2.543596029281616
Zeb1,0.1824377030134201,0.16129717230796814,0.19336922466754913,0.6625214928369909,-0.9412506222724915,0.19336922466754913,0.35795669799119595,1.4308377504348755,0.19336922466754913,0.1309675057701224,1.896661639213562
Arhgap12,0.05673380568623543,0.06384965032339096,-0.17565475404262543,0.08841604997361228,-2.196607828140259,-0.17565475404262543,0.6258211976277325,-0.8119122982025146,-0.17565475404262543,0.4218517759811903,-1.1100348234176636
Kif5b,1.1362725496292114,1.1787289381027222,-0.08932902663946152,0.27970359191577787,-1.5730258226394653,-0.08932902663946152,0.16681957466748293,-1.9378063678741455,-0.08932902663946152,0.026480141653793324,-2.6304991245269775
Epc1,0.2603730857372284,0.262015700340271,-0.010309350676834583,0.5665555148707083,-1.0718982219696045,-0.010309350676834583,1.0,-0.09520663321018219,-0.010309350676834583,0.9999188136835473,-0.1298370659351349
Rab18,0.35158297419548035,0.38402846455574036,-0.15218396484851837,0.08351160063726241,-2.2235031127929688,-0.15218396484851837,0.1832505938574449,-1.8817739486694336,-0.15218396484851837,0.03809206448781877,-2.4793434143066406
Mpp7,0.07870537787675858,0.11245442181825638,-0.5395389199256897,0.001904149079991954,-3.6094188690185547,-0.5395389199256897,0.027401869415414955,-2.780012845993042,-0.5395389199256897,0.00025160765423837115,-4.075969219207764
Wac,0.5828142166137695,0.6060332655906677,-0.07475971430540085,0.9641393004585059,-0.5540278553962708,-0.07475971430540085,0.4903707699505804,-1.1430178880691528,-0.07475971430540085,0.232897542119264,-1.5338739156723022
Gjd4,0.000334664189722389,0.0,18.35260009765625,0.9979940091511154,0.14071114361286163,18.35260009765625,0.5196272646011879,1.0,18.35260009765625,0.46147875269036936,1.0
Ccny,0.13643847405910492,0.17398400604724884,-0.3784877061843872,0.00022544615368382353,-4.197021484375,-0.3784877061843872,0.038784158998780426,-2.6413676738739014,-0.3784877061843872,0.0009323094822266214,-3.72814679145813
Colec12,0.0021376742515712976,0.0,21.02915382385254,0.9979940091511154,0.22326761484146118,21.02915382385254,0.15792634007831557,1.9684406518936157,21.02915382385254,0.11429780954114489,1.9684406518936157
Thoc1,0.3834262192249298,0.46203234791755676,-0.32973024249076843,0.0012858461123413595,-3.725282907485962,-0.32973024249076843,0.00047379351800124175,-4.056863307952881,-0.32973024249076843,3.061529223017003e-07,-5.531778812408447
Usp14,0.522315502166748,0.589353621006012,-0.22702641785144806,0.02749010785799355,-2.699516534805298,-0.22702641785144806,0.005019429386814369,-3.372833251953125,-0.22702641785144806,4.16308066829244e-05,-4.515419006347656
Rock1,1.1719090938568115,1.0646681785583496,0.2299407571554184,1.6801923450298478e-07,5.73068380355835,0.2299407571554184,5.165884220415188e-06,5.120203018188477,0.2299407571554184,2.3417416844652823e-10,6.75449275970459
Greb1l,0.0006669638096354902,0.0005893948837183416,0.17842967808246613,0.9979940091511154,0.05521576479077339,0.17842967808246613,1.0,0.08714913576841354,0.17842967808246613,1.0,0.10393299907445908
Esco1,0.31133681535720825,0.3111133277416229,0.0012056725099682808,0.9979940091511154,-0.174285888671875,0.0012056725099682808,1.0,0.012333907186985016,0.0012056725099682808,1.0,0.016958070918917656
Snrpd1,1.6259011030197144,1.6465543508529663,-0.03700082376599312,0.20036767609297382,-1.7727822065353394,-0.03700082376599312,0.6529813719050207,-0.7665582299232483,-0.03700082376599312,0.4133361438859677,-1.1256563663482666
Abhd3,0.0016819181619212031,0.0004968305001966655,1.7601346969604492,0.9979940091511154,0.19325517117977142,1.7601346969604492,0.3713376829403759,1.377652883529663,1.7601346969604492,0.22146314522423696,1.5657764673233032
Mib1,0.06491079181432724,0.08631274849176407,-0.42674803733825684,0.0007111261663082599,-3.8898613452911377,-0.42674803733825684,0.11009554404895637,-2.163332939147949,-0.42674803733825684,0.010714654172847612,-2.968700885772705
Gata6,0.0,0.0,0.0,0.9979940091511154,0.11319231241941452,0.0,1.0,0.0,0.0,1.0,0.0
Rbbp8,0.6187329888343811,0.6110309958457947,0.02419276349246502,0.9979940091511154,0.394080251455307,0.02419276349246502,0.8953595791033493,0.34894296526908875,0.02419276349246502,0.7873774625600267,0.46908921003341675
Cables1,0.013894419185817242,0.02252553403377533,-0.7033008337020874,0.42696556556779325,-1.2899115085601807,-0.7033008337020874,0.24040437851255672,-1.7183104753494263,-0.7033008337020874,0.03854690339593797,-2.473987579345703
Tmem241,0.03056739643216133,0.031123822554945946,-0.026429060846567154,0.7865202899701049,-0.7792547345161438,-0.026429060846567154,1.0,-0.08381405472755432,-0.026429060846567154,1.0,-0.11723505705595016
Riok3,0.6444967985153198,0.6223644614219666,0.0680527538061142,0.36538578835876284,1.4006102085113525,0.0680527538061142,0.5174569522181683,1.093565583229065,0.0680527538061142,0.2740782786941386,1.4286350011825562
Rmc1,0.12523286044597626,0.13588456809520721,-0.1256193071603775,0.04960351768055834,-2.456923246383667,-0.1256193071603775,0.5632264900835174,-0.9195359945297241,-0.1256193071603775,0.35234607967767645,-1.244296669960022
Npc1,0.11739043891429901,0.12240532785654068,-0.06404129415750504,0.08781493429564215,-2.199368476867676,-0.06404129415750504,0.8640724325817397,-0.4039977788925171,-0.06404129415750504,0.7353509043560101,-0.5491176843643188
Ankrd29,0.008492995984852314,0.00819720420986414,0.05135544389486313,0.9979940091511154,-0.3984440565109253,0.05135544389486313,1.0,0.09890922158956528,0.05135544389486313,1.0,0.1271229088306427
Ttc39c,0.16640488803386688,0.1269652396440506,0.41940924525260925,0.7773496562512577,0.7904759645462036,0.41940924525260925,0.031167651649153097,2.7271018028259277,0.41940924525260925,0.0011142985879320857,3.678818702697754
Cabyr,0.0011126884492114186,0.0,20.086421966552734,0.9979940091511154,0.16822996735572815,20.086421966552734,0.37052519637636594,1.3802284002304077,20.086421966552734,0.29046418327906387,1.3802284002304077
Osbpl1a,0.0064829010516405106,0.008380190469324589,-0.3717133700847626,0.9979940091511154,-0.4575783610343933,-0.3717133700847626,0.7166724181514398,-0.6563014984130859,-0.3717133700847626,0.5128506374604843,-0.9088402390480042
Impact,0.095717653632164,0.11464215070009232,-0.27417105436325073,0.005068621992429206,-3.3048415184020996,-0.27417105436325073,0.289500659106064,-1.5887761116027832,-0.27417105436325073,0.06827672715287289,-2.221703290939331
Hrh4,0.0,0.0,0.0,0.9979940091511154,0.11319231241941452,0.0,1.0,0.0,0.0,1.0,0.0
Ss18,0.3846604526042938,0.41440561413764954,-0.1303396075963974,0.2605395107441319,-1.6177327632904053,-0.1303396075963974,0.28931433364537856,-1.5890870094299316,-0.1303396075963974,0.08023335742047287,-2.145655632019043
Psma8,0.0018071852391585708,0.002359310630708933,-0.3850192427635193,0.9979940091511154,-0.061895087361335754,-0.3850192427635193,0.8705184617674923,-0.3926864266395569,-0.3850192427635193,0.7399413766375511,-0.5419676899909973
Taf4b,0.01943781040608883,0.034973617643117905,-0.8586592674255371,0.08318222778842639,-2.2255513668060303,-0.8586592674255371,0.05132443562663113,-2.526071786880493,-0.8586592674255371,0.0007828107795377644,-3.7767789363861084
Kctd1,0.006378197111189365,0.01563921570777893,-1.3006399869918823,0.4913449690630823,-1.1880295276641846,-1.3006399869918823,0.11630417300693242,-2.1368424892425537,-1.3006399869918823,0.00378011530050581,-3.3170323371887207
Dsg2,0.0014689003583043814,0.00509669492021203,-1.7974432706832886,0.9979940091511154,-0.23137186467647552,-1.7974432706832886,0.4127484464308401,-1.2921247482299805,-1.7974432706832886,0.0939807394797328,-2.0691800117492676
B4galt6,0.0,0.0,0.0,0.9979940091511154,0.11319231241941452,0.0,1.0,0.0,0.0,1.0,0.0
Trappc8,0.22598905861377716,0.2068900614976883,0.14166200160980225,0.9979940091511154,-0.41696807742118835,0.14166200160980225,0.37759337509366164,1.3653502464294434,0.14166200160980225,0.16021537352752957,1.7684361934661865
Rnf125,0.4011411666870117,0.392147034406662,0.03963110223412514,0.9979940091511154,0.2655700147151947,0.03963110223412514,0.8264910538564164,0.4681699573993683,0.03963110223412514,0.681666220538441,0.6318560242652893
Rnf138,0.7736024260520935,0.7013463377952576,0.1999361515045166,0.00038597222195205206,4.056755542755127,0.1999361515045166,0.017409285608658603,2.947964668273926,0.1999361515045166,0.0002434299725964859,4.084880352020264
Klhl14,0.0,0.0,0.0,0.9979940091511154,0.11319231241941452,0.0,1.0,0.0,0.0,1.0,0.0
Mapre2,0.4873284697532654,0.4707191288471222,0.06296207755804062,0.7879216424489877,0.7773845195770264,0.06296207755804062,0.5918973455860334,0.8686009049415588,0.06296207755804062,0.39985227816040075,1.1515270471572876
Zfp397,0.11024211347103119,0.10925468057394028,0.013705762103199959,0.017030538012242122,-2.884578227996826,0.013705762103199959,1.0,0.08818046748638153,0.013705762103199959,1.0,0.11344567686319351
Zfp35,0.03734831511974335,0.04244260489940643,-0.1881691813468933,0.23734138181267006,-1.6724141836166382,-0.1881691813468933,0.7076145971596202,-0.6715468764305115,-0.1881691813468933,0.4966029899153862,-0.9367201328277588
Zfp24,0.15572789311408997,0.1556987166404724,0.0002920877013821155,0.22121017989390634,-1.7150728702545166,0.0002920877013821155,1.0,0.002338385907933116,0.0002920877013821155,1.0,0.0031298925168812275
Ino80c,0.3039323687553406,0.31882262229919434,-0.08030124008655548,0.3638158964188861,-1.4030147790908813,-0.08030124008655548,0.568016904135025,-0.9105148911476135,-0.08030124008655548,0.3691486259555947,-1.209032654762268
Galnt1,0.5492514967918396,0.5731576085090637,-0.08031434565782547,0.5102574951942481,-1.1586405038833618,-0.08031434565782547,0.46383555904683055,-1.192809820175171,-0.08031434565782547,0.2091824521583889,-1.5991477966308594
2700062C07Rik,0.1087799146771431,0.12683893740177155,-0.23486803472042084,0.007876109197897337,-3.1577181816101074,-0.23486803472042084,0.28482828570147994,-1.599259614944458,-0.23486803472042084,0.07422041639260799,-2.18280291557312
Rprd1a,0.044006187468767166,0.043701205402612686,0.01025505643337965,0.3716568595824919,-1.387874960899353,0.01025505643337965,1.0,0.043688349425792694,0.01025505643337965,1.0,0.05799185857176781
Slc39a6,0.12519408762454987,0.1625305861234665,-0.4041229486465454,1.8529335604831853e-05,-4.791125297546387,-0.4041229486465454,0.01246990525842955,-3.0665159225463867,-0.4041229486465454,0.0001980033152229561,-4.137855529785156
Elp2,0.14596328139305115,0.16467240452766418,-0.18783818185329437,0.025953922672355276,-2.7224934101104736,-0.18783818185329437,0.331488800920631,-1.4906672239303589,-0.18783818185329437,0.09929237046409851,-2.041063070297241
Mocos,0.004087421577423811,0.007670284248888493,-0.9106760025024414,0.927266517956562,-0.5998925566673279,-0.9106760025024414,0.36179032358873764,-1.408566951751709,-0.9106760025024414,0.1069432806587395,-2.002312660217285
Tpgs2,0.17731748521327972,0.20622019469738007,-0.23936551809310913,0.0029450400467980944,-3.4765448570251465,-0.23936551809310913,0.091598956617558,-2.2552101612091064,-0.23936551809310913,0.010155576484896312,-2.9877657890319824
AW554918,0.08252916485071182,0.055062565952539444,0.6038724184036255,0.9979940091511154,0.09734004735946655,0.6038724184036255,0.011635401620604545,3.0877161026000977,0.6038724184036255,0.0006137070979403098,3.8448400497436523
Celf4,0.008874054066836834,0.011565525084733963,-0.38411015272140503,0.9497815181479945,-0.5712159872055054,-0.38411015272140503,0.6890807385929621,-0.7043836116790771,-0.38411015272140503,0.46968845798660624,-0.98555988073349
Pik3c3,0.10209895670413971,0.1227026879787445,-0.2803395688533783,0.0011596895101517821,-3.7542266845703125,-0.2803395688533783,0.19575659943539941,-1.8434447050094604,-0.2803395688533783,0.03688981091647759,-2.4959702491760254
Slc25a46,0.21292275190353394,0.23853230476379395,-0.1830224096775055,0.021683030586739958,-2.792937994003296,-0.1830224096775055,0.22464790984028088,-1.7628213167190552,-0.1830224096775055,0.05073407626045935,-2.35430908203125
B930094E09Rik,0.0031889795791357756,0.004056436475366354,-0.3477439880371094,0.9979940091511154,-0.176601380109787,-0.3477439880371094,0.8562556837928003,-0.41785210371017456,-0.3477439880371094,0.7211285981717723,-0.5715575814247131
Sap130,0.1836954802274704,0.15561941266059875,0.26011887192726135,0.9979940091511154,-0.13652542233467102,0.26011887192726135,0.15464002295836507,1.9815130233764648,0.26011887192726135,0.025853588526863737,2.640235424041748
Ammecr1l,0.05710000917315483,0.0543583519756794,0.07298512011766434,0.42771273229644563,-1.288664698600769,0.07298512011766434,0.9056494829022814,0.33033913373947144,0.07298512011766434,0.8047014207978683,0.4432245194911957
Polr2d,0.3163493871688843,0.4017392694950104,-0.41001448035240173,8.930487065626112e-06,-4.949202537536621,-0.41001448035240173,7.492528721816318e-06,-5.0456366539001465,-0.41001448035240173,1.5220242783306247e-10,-6.820528507232666
Wdr33,0.5784862041473389,0.5333129167556763,0.15288960933685303,0.07754057405195937,2.258413791656494,0.15288960933685303,0.06592956360833509,2.4098429679870605,0.15288960933685303,0.0067015281244617465,3.1295764446258545
Sft2d3,0.09845254570245743,0.09191402047872543,0.10393474996089935,0.545778787954954,-1.105027675628662,0.10393474996089935,0.747149365234205,0.6049262881278992,0.10393474996089935,0.5650594616228772,0.82082599401474
Lims2,0.0002955259114969522,0.0,18.17314338684082,0.9979940091511154,0.14071114361286163,18.17314338684082,0.5196272646011879,1.0,18.17314338684082,0.46147875269036936,1.0
Iws1,0.467042475938797,0.4651716649532318,0.007244427222758532,0.9979940091511154,0.14988407492637634,0.007244427222758532,1.0,0.09567857533693314,0.007244427222758532,1.0,0.12720215320587158
Map3k2,0.1620849072933197,0.14821867644786835,0.1392834335565567,0.564767091213335,-1.075371503829956,0.1392834335565567,0.54076116074108,0.9613200426101685,0.1392834335565567,0.32375376007301854,1.3052175045013428
Ercc3,0.14692892134189606,0.16395483911037445,-0.17077985405921936,0.006906383030544846,-3.2018909454345703,-0.17077985405921936,0.36179032358873764,-1.4082305431365967,-0.17077985405921936,0.14188607333193923,-1.853846788406372
Bin1,0.6628636121749878,0.625442385673523,0.11370690166950226,0.12137277132428506,2.0413801670074463,0.11370690166950226,0.20406148496284085,1.8197358846664429,0.11370690166950226,0.04625694918418734,2.395158052444458
Gypc,0.05954740196466446,0.05166907235980034,0.21047328412532806,0.5804609942886803,-1.0532852411270142,0.21047328412532806,0.5196272646011879,1.0492655038833618,0.21047328412532806,0.29489085643780766,1.3687691688537598
Tslp,0.0002861535467673093,0.0,18.12664222717285,0.9979940091511154,0.14071114361286163,18.12664222717285,0.5196272646011879,1.0,18.12664222717285,0.46147875269036936,1.0
Wdr36,0.2289620339870453,0.2914118468761444,-0.3949505388736725,4.721218215722309e-05,-4.576852321624756,-0.3949505388736725,0.0004847082120445779,-4.049479961395264,-0.3949505388736725,3.728784646702546e-07,-5.4939985275268555
Camk4,0.29591089487075806,0.3036383390426636,-0.043043170124292374,0.31367068835493794,-1.5015125274658203,-0.043043170124292374,0.8306144556518075,-0.46210184693336487,-0.043043170124292374,0.6960618736282548,-0.6096047163009644
Stard4,0.20965681970119476,0.2558899521827698,-0.32213637232780457,0.0003623588447085258,-4.073231220245361,-0.32213637232780457,0.012002050639463335,-3.079803466796875,-0.32213637232780457,0.00018622296728828703,-4.153345584869385
Nrep,0.0,0.0006009904900565743,-19.197418212890625,0.9979940091511154,0.027607882395386696,-19.197418212890625,0.5196272646011879,-1.0,-19.197418212890625,0.16021537352752957,-1.759765386581421
Epb41l4a,0.0002563780581112951,0.0006086328066885471,-1.247550129890442,0.9979940091511154,0.05521576479077339,-1.247550129890442,0.7888715673637167,-0.5333743691444397,-1.247550129890442,0.5666880603641211,-0.8182042837142944
Apc,0.16343793272972107,0.14687514305114746,0.16640900075435638,0.4158950348191285,-1.3093260526657104,0.16640900075435638,0.4580345756281844,1.203891396522522,0.16640900075435638,0.21419197521839456,1.5847686529159546
Srp19,0.8927309513092041,1.0397683382034302,-0.3428492844104767,7.420639737114919e-09,-6.275182247161865,-0.3428492844104767,7.841180662032714e-11,-7.102997303009033,-0.3428492844104767,6.054323419256276e-19,-9.352334976196289
Reep5,1.71872079372406,1.6270817518234253,0.1627761572599411,2.983361712112663e-05,4.682742118835449,0.1627761572599411,0.00016170195618330424,4.334594249725342,0.1627761572599411,5.2867027748991575e-08,5.854134559631348
Pkd2l2,0.0022727211471647024,0.004669808782637119,-1.0406725406646729,0.9979940091511154,-0.31740158796310425,-1.0406725406646729,0.46787067296346324,-1.184966802597046,-1.0406725406646729,0.17058916390043113,-1.7212295532226562
Fam13b,0.260161817073822,0.22398976981639862,0.24312086403369904,0.9488314028309542,0.5727299451828003,0.24312086403369904,0.08000804513721903,2.3187222480773926,0.24312086403369904,0.009068182195509186,3.027172565460205
Brd8dc,0.00914272852241993,0.009346701204776764,-0.03197991102933884,0.958267495797455,-0.5615087151527405,-0.03197991102933884,1.0,-0.06775852292776108,-0.03197991102933884,1.0,-0.0870312973856926
Brd8,0.7138540744781494,0.5462602376937866,0.5195446014404297,2.4970240988202653e-12,7.479687690734863,0.5195446014404297,1.6463588244581226e-12,7.700211048126221,0.5195446014404297,6.776824962844536e-23,10.340529441833496
Kif20a,0.5362529158592224,0.40034961700439453,0.527309775352478,1.1240335998049767e-08,6.205272197723389,0.527309775352478,2.497921556055695e-10,6.927857398986816,0.527309775352478,9.388850502818066e-19,9.29719066619873
Cdc23,0.1809827834367752,0.14063523709774017,0.3937787115573883,0.9979940091511154,0.4898172616958618,0.3937787115573883,0.00567661940036799,3.330253839492798,0.3937787115573883,0.00017393449889316755,4.171807765960693
Cdc25c,0.306659072637558,0.1882304847240448,0.7930828332901001,2.282612898831024e-05,4.744191646575928,0.7930828332901001,2.1871057219546973e-12,7.617727279663086,0.7930828332901001,1.2233908482530224e-19,9.546241760253906
Gm3550,0.09756734222173691,0.04640771448612213,1.1093802452087402,0.3671149180906286,1.397136926651001,1.1093802452087402,5.359741741318065e-08,5.976962089538574,1.1093802452087402,3.398969360685819e-11,7.064760684967041
Fam53c,0.06412892043590546,0.08449059724807739,-0.4126853942871094,0.010604073752209293,-3.0571720600128174,-0.4126853942871094,0.160909252351131,-1.959452748298645,-0.4126853942871094,0.017873293029010136,-2.781909942626953
Kdm3b,0.1594976782798767,0.14389781653881073,0.16002792119979858,0.22782634382559325,-1.6981518268585205,0.16002792119979858,0.48393083787230023,1.1562451124191284,0.16002792119979858,0.24425049574578384,1.5026756525039673
Reep2,0.005757665261626244,0.00667143939062953,-0.21317391097545624,0.9979940091511154,-0.3170453608036041,-0.21317391097545624,0.8827404947780267,-0.3722892701625824,-0.21317391097545624,0.7631439081802446,-0.5062304139137268
Egr1,0.29990920424461365,0.3121732771396637,-0.06711860001087189,0.3694538891955814,-1.3928622007369995,-0.06711860001087189,0.8257581194789816,-0.46941834688186646,-0.06711860001087189,0.6589600799427338,-0.6680610179901123
Etf1,0.5367111563682556,0.7544159889221191,-0.6650324463844299,4.05385642217981e-18,-9.135537147521973,-0.6650324463844299,1.9862609725632567e-21,-10.345362663269043,-0.6650324463844299,1.977290944298444e-40,-13.981026649475098
Hspa9,0.361617773771286,0.621115505695343,-0.9828482270240784,1.54997501084829e-24,-10.664300918579102,-0.9828482270240784,4.7081369397264495e-27,-11.898805618286133,-0.9828482270240784,1.2695610171524468e-57,-16.890892028808594
Ctnna1,0.1758495718240738,0.21920746564865112,-0.35026058554649353,0.0001427386327586102,-4.312262058258057,-0.35026058554649353,0.0161359952741325,-2.974619150161743,-0.35026058554649353,0.00029660617306460164,-4.034047603607178
Lrrtm2,0.0018045513425022364,0.0012320383684709668,0.5510057806968689,0.9979940091511154,0.025114266201853752,0.5510057806968689,0.8571285806503728,0.4157038927078247,0.5510057806968689,0.7763721215316981,0.48657307028770447
Sil1,0.05174293369054794,0.07656484097242355,-0.5834171175956726,0.0016855146385968533,-3.645487070083618,-0.5834171175956726,0.017621223872855217,-2.9442594051361084,-0.5834171175956726,0.00019479786566018294,-4.141820907592773
Snhg4,0.0016688249306753278,0.0017819490749388933,-0.09470506012439728,0.9984208920935209,-0.004630999639630318,-0.09470506012439728,1.0,-0.08855468779802322,-0.09470506012439728,1.0,-0.11808576434850693
Matr3,0.6731300950050354,0.7417986392974854,-0.19546851515769958,0.09426751189443353,-2.1657936573028564,-0.19546851515769958,0.010843609047649399,-3.116814374923706,-0.19546851515769958,0.00013132985120427654,-4.24006462097168
Paip2,0.8149884343147278,0.8139374256134033,0.002721618628129363,0.5241546761622478,1.1383353471755981,0.002721618628129363,1.0,0.050793472677469254,0.002721618628129363,1.0,0.06750266999006271
Slc23a1,0.005320397205650806,0.00335980043746531,0.6645736694335938,0.9979940091511154,0.07605525851249695,0.6645736694335938,0.5568518563442163,0.9319020509719849,0.6645736694335938,0.39999521840623237,1.1511685848236084
Prob1,0.0013019979232922196,0.0007236283854581416,0.8478226661682129,0.9979940091511154,0.13786129653453827,0.8478226661682129,0.7580182026779373,0.5866641998291016,0.8478226661682129,0.6158119967505095,0.7360893487930298
Spata24,0.09081313014030457,0.11313309520483017,-0.33342233300209045,0.0007228757444211215,-3.885408639907837,-0.33342233300209045,0.11755541787205073,-2.1282477378845215,-0.33342233300209045,0.013984187298963016,-2.873540163040161
Dnajc18,0.06759544461965561,0.06358864158391953,0.09107866883277893,0.33359352163126027,-1.4617037773132324,0.09107866883277893,0.8323419787036219,0.45912399888038635,0.09107866883277893,0.6939290564987987,0.613063633441925
1700066B19Rik,0.013434696942567825,0.031533122062683105,-1.244008183479309,0.023613588705022916,-2.7609663009643555,-1.244008183479309,0.002416632676763172,-3.6093990802764893,-1.244008183479309,8.172053728418556e-07,-5.3434672355651855
Ecscr,0.0005658249719999731,0.0019591974560171366,-1.7928385734558105,0.9979940091511154,-0.08816710859537125,-1.7928385734558105,0.49395074427709135,-1.1370604038238525,-1.7928385734558105,0.1551649327532636,-1.8052589893341064
Tmem173,0.28852760791778564,0.333855003118515,-0.24490195512771606,0.034684625021929094,-2.606005907058716,-0.24490195512771606,0.04661187589745461,-2.564513921737671,-0.24490195512771606,0.0018378658708692052,-3.5363683700561523
Ube2d2a,1.1122220754623413,1.106073021888733,0.013237402774393559,0.31389081803978086,1.5010672807693481,0.013237402774393559,0.9236850101228127,0.2966051399707794,0.013237402774393559,0.831827124845087,0.3995036780834198
Cxxc5,0.0052415551617741585,0.015052055940032005,-1.528982162475586,0.9979940091511154,-0.3517778515815735,-1.528982162475586,0.3513809457440471,-1.4460843801498413,-1.528982162475586,0.05307126717443568,-2.336085081100464
Psd2,0.0,0.0,0.0,0.9979940091511154,0.11319231241941452,0.0,1.0,0.0,0.0,1.0,0.0
Nrg2,0.0019729703199118376,0.007797858212143183,-1.9869132041931152,0.9979940091511154,-0.4315735399723053,-1.9869132041931152,0.2715740451206444,-1.6339458227157593,-1.9869132041931152,0.022380367647477094,-2.6972522735595703
Pura,0.4260375201702118,0.49075809121131897,-0.25427186489105225,0.025185842819014415,-2.7350504398345947,-0.25427186489105225,0.012543814333115464,-3.065242052078247,-0.25427186489105225,0.0001526488819799002,-4.202508926391602
Igip,0.00952141173183918,0.009513855911791325,0.0011509483447298408,0.9979940091511154,-0.5088756084442139,0.0011509483447298408,1.0,0.0023228388745337725,0.0011509483447298408,1.0,0.002954210387542844
Cystm1,0.004758263006806374,0.004650440067052841,0.033145759254693985,0.9979940091511154,-0.17624515295028687,0.033145759254693985,1.0,0.05159333348274231,0.033145759254693985,1.0,0.0675300657749176
Pfdn1,0.7278260588645935,0.8283039927482605,-0.2683509290218353,0.0002954833399433102,-4.127912521362305,-0.2683509290218353,2.5869998051624546e-05,-4.770777702331543,-0.2683509290218353,1.928070160254984e-09,-6.419589519500732
Hbegf,0.003770194249227643,0.0032504082191735506,0.21439287066459656,0.9984208920935209,-0.006501210853457451,0.21439287066459656,0.955759711507358,0.2393011748790741,0.21439287066459656,0.8875887456413459,0.31127339601516724
Ankhd1,0.2686804234981537,0.2657597064971924,0.017969215288758278,0.8090959196284176,-0.7507562637329102,0.017969215288758278,0.9879376186832055,0.17753829061985016,0.017969215288758278,0.9342982276334678,0.2379378229379654
Maskbp3,0.0006872678059153259,0.0,19.391010284423828,0.9979940091511154,0.16822996735572815,19.391010284423828,0.38261972030300156,1.354966402053833,19.391010284423828,0.30092276558673225,1.354966402053833
Sra1,0.7532911896705627,0.7765546441078186,-0.06277935951948166,0.8604266416869855,-0.6852098107337952,-0.06277935951948166,0.5196272646011879,-1.0792704820632935,-0.06277935951948166,0.2544496022317481,-1.4763649702072144
Apbb3,0.028990084305405617,0.02874036878347397,0.012661825865507126,0.9979940091511154,-0.48963913321495056,0.012661825865507126,1.0,0.034541159868240356,0.012661825865507126,1.0,0.05024029687047005
Slc35a4,0.19839827716350555,0.22367605566978455,-0.1918862760066986,0.05043534873679825,-2.450065851211548,-0.1918862760066986,0.21728944344794404,-1.782936453819275,-0.1918862760066986,0.04264793621006717,-2.429871082305908
Cd14,0.0007936101756058633,0.012260109186172485,-3.9576761722564697,0.9979940091511154,-0.17446400225162506,-3.9576761722564697,0.3679717107194103,-1.389094352722168,-3.9576761722564697,0.04274822654754031,-2.4308183193206787
Tmco6,0.07654626667499542,0.08455740660429001,-0.149455726146698,0.036322014783717944,-2.587125778198242,-0.149455726146698,0.6139638290640375,-0.8312507271766663,-0.149455726146698,0.4104726269563581,-1.1314152479171753
Ndufa2,1.3781700134277344,1.3134218454360962,0.12630219757556915,0.0009464619866985533,3.8122031688690186,0.12630219757556915,0.005255100933224391,3.3580732345581055,0.12630219757556915,3.6028329881666906e-05,4.548166275024414
Ik,0.5743528604507446,0.5976970195770264,-0.07595159113407135,0.906353852009506,-0.6275894641876221,-0.07595159113407135,0.4671462822891233,-1.186191439628601,-0.07595159113407135,0.22002544922077905,-1.5689952373504639
Wdr55,0.11768544465303421,0.1582908183336258,-0.4576055407524109,4.218569762033945e-05,-4.603391647338867,-0.4576055407524109,0.0029373941914729537,-3.544430732727051,-0.4576055407524109,9.4669634642084e-06,-4.847406387329102
Dnd1,0.0014296151930466294,0.0015315951313823462,-0.09948167949914932,0.9979940091511154,-0.032416995614767075,-0.09948167949914932,1.0,-0.08864858746528625,-0.09948167949914932,1.0,-0.11443493515253067
Hars,0.4381524324417114,0.5235121250152588,-0.32327935099601746,0.0014932286561267973,-3.681199312210083,-0.32327935099601746,4.048560201349672e-05,-4.671582221984863,-0.32327935099601746,4.01018020029501e-09,-6.299062728881836
Hars2,0.08312538266181946,0.08827344328165054,-0.09045682102441788,0.02630395464463248,-2.7169718742370605,-0.09045682102441788,0.7736679974042752,-0.5596483945846558,-0.09045682102441788,0.6199337530696096,-0.7295292019844055
Zmat2,0.7600494623184204,0.7492429614067078,0.029426002874970436,0.551252571229705,1.0962109565734863,0.029426002874970436,0.8135008274278859,0.4921678900718689,0.029426002874970436,0.6600953412575276,0.6662074327468872
Pcdhb22,0.0,0.0,0.0,0.9979940091511154,0.11319231241941452,0.0,1.0,0.0,0.0,1.0,0.0
Slc25a2,0.0011047222651541233,0.002817632397636771,-1.3520349264144897,0.9979940091511154,-0.14552025496959686,-1.3520349264144897,0.5114511068772323,-1.1043946743011475,-1.3520349264144897,0.18826076537538258,-1.6626018285751343
Taf7,0.39699044823646545,0.353347510099411,0.2014622539281845,0.16062731137822522,1.895147442817688,0.2014622539281845,0.08216073399662592,2.305574655532837,0.2014622539281845,0.007453653451690538,3.094508647918701
Pcdhga4,0.0,0.0006569146062247455,-19.325822830200195,0.9979940091511154,0.027607882395386696,-19.325822830200195,0.5196272646011879,-1.0,-19.325822830200195,0.16021537352752957,-1.759765386581421
Pcdhgb2,0.0003185372625011951,0.0,18.28133773803711,0.9979940091511154,0.14071114361286163,18.28133773803711,0.5196272646011879,1.0,18.28133773803711,0.46147875269036936,1.0
Pcdhgb4,0.0003559207252692431,0.0007053575827740133,-0.9870489239692688,0.9979940091511154,0.05521576479077339,-0.9870489239692688,0.8422628392521185,-0.44228655099868774,-0.9870489239692688,0.6684332021131419,-0.6518844366073608
Pcdhgb5,0.0,0.0,0.0,0.9979940091511154,0.11319231241941452,0.0,1.0,0.0,0.0,1.0,0.0
Pcdhga9,0.0,0.0,0.0,0.9979940091511154,0.11319231241941452,0.0,1.0,0.0,0.0,1.0,0.0
Pcdhgb6,0.00028940997435711324,0.0,18.142969131469727,0.9979940091511154,0.14071114361286163,18.142969131469727,0.5196272646011879,1.0,18.142969131469727,0.46147875269036936,1.0
Pcdhga10,0.00046819212730042636,0.0013369539519771934,-1.514401912689209,0.9979940091511154,-0.0302796121686697,-1.514401912689209,0.633494714394281,-0.7982596755027771,-1.514401912689209,0.3779468011516829,-1.1923301219940186
Pcdhgb7,0.00045695953303948045,0.0006880931323394179,-0.5907031297683716,0.9979940091511154,0.05521576479077339,-0.5907031297683716,0.9334644841030015,-0.2798210680484772,-0.5907031297683716,0.8416718472834476,-0.3843141496181488
Pcdhga11,0.0,0.0,0.0,0.9979940091511154,0.11319231241941452,0.0,1.0,0.0,0.0,1.0,0.0
Pcdhga12,0.000846630078740418,0.002297022147104144,-1.4410064220428467,0.9979940091511154,-0.06073733791708946,-1.4410064220428467,0.5196272646011879,-1.0047919750213623,-1.4410064220428467,0.2134520074614922,-1.5870118141174316
Pcdhgc3,0.00616048276424408,0.006072571035474539,0.020799430087208748,0.9979940091511154,-0.09440114349126816,0.020799430087208748,1.0,0.026713721454143524,0.020799430087208748,1.0,0.03735824301838875
Pcdhgc4,0.030047329142689705,0.022129783406853676,0.44698366522789,0.8565870401027936,-0.6916219592094421,0.44698366522789,0.30627554843058113,1.547922968864441,0.44698366522789,0.1297149388389067,1.902014136314392
Pcdhgc5,0.006942181382328272,0.0019478143658488989,1.8371376991271973,0.9979940091511154,0.3010149598121643,1.8371376991271973,0.0763452572169183,2.3398306369781494,1.8371376991271973,0.028899271340469893,2.5971274375915527
Diaph1,0.9962251782417297,0.9142416715621948,0.1923099160194397,0.0005575288932881222,3.9564766883850098,0.1923099160194397,0.0011921693974939896,3.801074504852295,0.1923099160194397,4.9483854636496245e-06,4.985918998718262
Hdac3,0.31672191619873047,0.32104992866516113,-0.02286866120994091,0.8411123158524816,-0.7102349996566772,-0.02286866120994091,0.9361131289204839,-0.27531129121780396,-0.02286866120994091,0.8536101137899618,-0.3656299412250519
Rell2,0.003685547271743417,0.006377434823662043,-0.7930405735969543,0.9979940091511154,-0.4882142245769501,-0.7930405735969543,0.5196272646011879,-1.0735292434692383,-0.7930405735969543,0.2377786109413783,-1.520511507987976
Fchsd1,0.01758534647524357,0.015688059851527214,0.16607925295829773,0.9631892209879991,-0.5555418133735657,0.16607925295829773,0.82705070359354,0.4669721722602844,0.16607925295829773,0.7051580483943805,0.5961837768554688
Arap3,0.008833354339003563,0.011130512692034245,-0.33514639735221863,0.9979940091511154,-0.207326278090477,-0.33514639735221863,0.8182056221371288,-0.48399654030799866,-0.33514639735221863,0.6092736283126348,-0.7466204762458801
Dele1,0.1412300169467926,0.1433289349079132,-0.022833146154880524,0.04901382819458119,-2.462355852127075,-0.022833146154880524,0.9873650492521036,-0.17894059419631958,-0.022833146154880524,0.9371269466519759,-0.23390449583530426
Rnf14,0.18514832854270935,0.18900945782661438,-0.03264884650707245,0.17988347452506875,-1.8314712047576904,-0.03264884650707245,0.9307318624993981,-0.2843347489833832,-0.03264884650707245,0.8453892936000421,-0.3784755766391754
Gnpda1,0.3539329469203949,0.43160611391067505,-0.34592700004577637,0.0003013523070386649,-4.122747421264648,-0.34592700004577637,0.00023029048406836384,-4.243929862976074,-0.34592700004577637,1.1730614193133091e-07,-5.709514141082764
Ndfip1,1.4293349981307983,1.4343656301498413,-0.00953531451523304,0.7675182403911687,0.8039237260818481,-0.00953531451523304,0.950168326132214,-0.25049516558647156,-0.00953531451523304,0.8808294243051117,-0.3230476379394531
Spry4,0.001211910624988377,0.001008922583423555,0.26461389660835266,0.9979940091511154,0.1376831829547882,0.26461389660835266,0.9909033572715821,0.17202502489089966,0.26461389660835266,0.931465696005604,0.24207153916358948
Arhgap26-1,0.19767194986343384,0.14358745515346527,0.5013011693954468,0.4470971937001694,1.2564257383346558,0.5013011693954468,0.0016415245531491507,3.7106101512908936,0.5013011693954468,1.198394670629647e-05,4.798253059387207
Nr3c1,0.2802359461784363,0.23808598518371582,0.2668761909008026,0.682985478653488,0.9138208627700806,0.2668761909008026,0.07908617394435778,2.325536012649536,0.2668761909008026,0.006632206769446218,3.1329543590545654
Yipf5,0.2553456723690033,0.30117562413215637,-0.2727438807487488,0.003914682998775106,-3.3874871730804443,-0.2727438807487488,0.017028151514522413,-2.9543159008026123,-0.2727438807487488,0.00037279801969054903,-3.97430157661438
Prelid2,0.046148378401994705,0.10191581398248672,-1.183750033378601,1.330412551173198e-06,-5.338206768035889,-1.183750033378601,4.881411969948405e-07,-5.6317973136901855,-1.183750033378601,7.987380287160795e-16,-8.487472534179688
Lars,0.30954238772392273,0.4195351004600525,-0.5228070020675659,4.1507057757754137e-07,-5.562097549438477,-0.5228070020675659,5.273127481753868e-08,-6.023113250732422,-0.5228070020675659,2.525783131301074e-15,-8.339563369750977
Rbm27,0.39933744072914124,0.4209980070590973,-0.09289506077766418,0.45490732924675253,-1.2436014413833618,-0.09289506077766418,0.46439524238573787,-1.191737174987793,-0.09289506077766418,0.21386524230757833,-1.5857737064361572
Tcerg1,0.5418748259544373,0.6223009824752808,-0.26326486468315125,0.001167426179182973,-3.7524454593658447,-0.26326486468315125,0.0010766859248673827,-3.831946611404419,-0.26326486468315125,2.081844845825114e-06,-5.1597819328308105
Dpysl3,0.0008522866992279887,0.0,19.701595306396484,0.9979940091511154,0.16822996735572815,19.701595306396484,0.38983137398524154,1.3400955200195312,19.701595306396484,0.30773510271961574,1.3400955200195312
Eif3j2,0.021310849115252495,0.013834098353981972,0.6287687420845032,0.9979940091511154,-0.15015125274658203,0.6287687420845032,0.19575659943539941,1.8424241542816162,0.6287687420845032,0.06272751798843904,2.2611961364746094
Jakmip2,0.0,0.0,0.0,0.9979940091511154,0.11319231241941452,0.0,1.0,0.0,0.0,1.0,0.0
Spink14,0.0,0.0,0.0,0.9979940091511154,0.11319231241941452,0.0,1.0,0.0,0.0,1.0,0.0
Dcp2,0.2481721043586731,0.32751405239105225,-0.4601908326148987,7.246594577393492e-06,-4.9939093589782715,-0.4601908326148987,2.996521971256074e-05,-4.741648197174072,-0.4601908326148987,8.835564469450392e-10,-6.5431060791015625
Mcc,0.0,0.0,0.0,0.9979940091511154,0.11319231241941452,0.0,1.0,0.0,0.0,1.0,0.0
Ythdc2,0.17481333017349243,0.18977533280849457,-0.12959761917591095,0.04381766754832746,-2.508042335510254,-0.12959761917591095,0.5196272646011879,-1.0556950569152832,-0.12959761917591095,0.2757881639073479,-1.4244277477264404
Trim36,0.01712692342698574,0.012835396453738213,0.41924163699150085,0.9979940091511154,-0.3647802770137787,0.41924163699150085,0.4974185194603588,1.1296964883804321,0.41924163699150085,0.28246441406830974,1.402917504310608
Pggt1b,0.1739468276500702,0.18650315701961517,-0.10988296568393707,0.03687960006285869,-2.5809807777404785,-0.10988296568393707,0.5530816710791207,-0.9391607642173767,-0.10988296568393707,0.352007934769523,-1.2451320886611938
Ccdc112,0.015543881803750992,0.01654517650604248,-0.09078799188137054,0.8306624026754202,-0.7243061065673828,-0.09078799188137054,0.9720941813001237,-0.2074565291404724,-0.09078799188137054,0.9055987191733996,-0.28238415718078613
Fem1c,0.1647094339132309,0.1667935997247696,-0.019685734063386917,0.30652780691373777,-1.5159398317337036,-0.019685734063386917,1.0,-0.1487332433462143,-0.019685734063386917,0.9539590960135337,-0.2038804590702057
Ticam2,0.007821648381650448,0.005687222816050053,0.4612897038459778,0.9979940091511154,-0.09261999279260635,0.4612897038459778,0.6292260667703192,0.806289553642273,0.4612897038459778,0.46147875269036936,1.0058729648590088
Tmed7,0.41659432649612427,0.4910317659378052,-0.29491567611694336,0.0019176156426225963,-3.6069252490997314,-0.29491567611694336,0.0005971793513717318,-3.9930999279022217,-0.29491567611694336,5.176429751205466e-07,-5.430758953094482
Eif1a,0.29474112391471863,0.3835301399230957,-0.44755250215530396,1.5777562999564522e-05,-4.826213836669922,-0.44755250215530396,2.2866544068365383e-05,-4.803078651428223,-0.44755250215530396,3.9529003190560365e-10,-6.670714378356934
Cdo1,0.0019676124211400747,0.0,20.909435272216797,0.9979940091511154,0.22326761484146118,20.909435272216797,0.17547649273680066,1.9077744483947754,20.909435272216797,0.12859869199005342,1.9077744483947754
Atg12,0.25261110067367554,0.2183028608560562,0.2363055795431137,0.495971100901979,1.180370569229126,0.2363055795431137,0.10508275961449147,2.1864285469055176,0.2363055795431137,0.011298615965585557,2.950268030166626
Ap3s1,0.6149004697799683,0.6444952487945557,-0.0913904458284378,0.6824545006321859,-0.9145333170890808,-0.0913904458284378,0.3865735376910823,-1.3475656509399414,-0.0913904458284378,0.14547291822151412,-1.8407644033432007
Commd10,0.1810763031244278,0.1657664179801941,0.1388087272644043,0.8331495358243118,-0.721278190612793,0.1388087272644043,0.48368172278195565,1.157071828842163,0.1388087272644043,0.23564232351131834,1.5272036790847778
Hspe1-rs1,0.047351934015750885,0.08266332000494003,-0.8295716643333435,0.0004183589297928525,-4.034401893615723,-0.8295716643333435,0.0007454105745058612,-3.9414501190185547,-0.8295716643333435,6.272066934050693e-08,-5.823047637939453
Eno1b,0.055687420070171356,0.0681060254573822,-0.29948145151138306,0.013903339164876011,-2.95849609375,-0.29948145151138306,0.27314659939905056,-1.6274226903915405,-0.29948145151138306,0.07579808973769471,-2.1731300354003906
Dtwd2,0.029223477467894554,0.04049117490649223,-0.47865498065948486,0.06736352998990765,-2.322089910507202,-0.47865498065948486,0.17765550548250428,-1.9013279676437378,-0.47865498065948486,0.027100642377585586,-2.6212077140808105
Dmxl1,0.14160916209220886,0.15318244695663452,-0.1218898668885231,0.06443071326446076,-2.342038869857788,-0.1218898668885231,0.6018120480307871,-0.851454496383667,-0.1218898668885231,0.39271609310846745,-1.164888858795166
Tnfaip8,0.6339156627655029,0.6242613792419434,0.029829923063516617,0.9979940091511154,0.4345124363899231,0.029829923063516617,0.842765954781704,0.44112709164619446,0.029829923063516617,0.7078674686444472,0.5917662382125854
Hsd17b4,0.12862291932106018,0.17714279890060425,-0.4976562261581421,5.6747281230845895e-06,-5.045474052429199,-0.4976562261581421,0.0014829764901014171,-3.7450013160705566,-0.4976562261581421,1.6580612387358407e-06,-5.204816818237305
Srfbp1,0.1025591641664505,0.12751814723014832,-0.3325953185558319,0.0002598583512807342,-4.160953044891357,-0.3325953185558319,0.10176262472459396,-2.204134941101074,-0.3325953185558319,0.010714654172847612,-2.9687399864196777
Snx2,0.35306093096733093,0.38309246301651,-0.14076440036296844,0.11782657400673656,-2.0564310550689697,-0.14076440036296844,0.25866319313133845,-1.6655865907669067,-0.14076440036296844,0.06816111798348835,-2.222532272338867
Snx24,0.0,0.0,0.0,0.9979940091511154,0.11319231241941452,0.0,1.0,0.0,0.0,1.0,0.0
Ppic,0.056575678288936615,0.06506672501564026,-0.20792490243911743,0.21921210773697514,-1.7205053567886353,-0.20792490243911743,0.6430997255460971,-0.7811828255653381,-0.20792490243911743,0.43712433522811966,-1.0820726156234741
Cep120,0.2146359086036682,0.18429350852966309,0.24250057339668274,0.9979940091511154,0.23992139101028442,0.24250057339668274,0.12334985708468554,2.1033778190612793,0.24250057339668274,0.01874857344154331,2.764099359512329
Csnk1g3,0.23631928861141205,0.24406841397285461,-0.05236152932047844,0.2804748574532385,-1.5710666179656982,-0.05236152932047844,0.8135008274278859,-0.49210870265960693,-0.05236152932047844,0.6627696526340187,-0.6615849137306213
Zfp608,0.0033860451076179743,0.0031087484676390886,0.12346746027469635,0.9984208920935209,0.020839497447013855,0.12346746027469635,1.0,0.1367853432893753,0.12346746027469635,0.9650106722672869,0.1851864457130432
Gramd3,0.9568946957588196,0.8874395489692688,0.16640567779541016,0.0015243702394569449,3.6750543117523193,0.16640567779541016,0.04457902877105478,2.5828728675842285,0.16640567779541016,0.0017009937319165183,3.559168577194214
Aldh7a1,0.0778622180223465,0.14419138431549072,-0.937721312046051,4.527331796923585e-08,-5.962768077850342,-0.937721312046051,2.655034869809979e-07,-5.742795944213867,-0.937721312046051,9.44172824320676e-16,-8.464149475097656
Phax,0.42540985345840454,0.5078639984130859,-0.3196757435798645,0.0004836877658984797,-3.995751142501831,-0.3196757435798645,6.717930620146588e-05,-4.547981262207031,-0.3196757435798645,1.824434332204957e-08,-6.042659759521484
Tex43,0.0,0.0005029860767535865,-18.94052505493164,0.9979940091511154,0.027607882395386696,-18.94052505493164,0.5196272646011879,-1.0,-18.94052505493164,0.16021537352752957,-1.759765386581421
Lmnb1,1.8437645435333252,1.6673784255981445,0.3077511489391327,5.497308137013356e-07,5.508395671844482,0.3077511489391327,2.442648690220424e-07,5.772449016571045,0.3077511489391327,4.160151992263132e-17,8.851252555847168
March3,0.002212358871474862,0.0025963333901017904,-0.23116733133792877,0.9979940091511154,-0.061895087361335754,-0.23116733133792877,0.9579352289932102,-0.23443876206874847,-0.23116733133792877,0.8875710089593994,-0.3114801347255707
C330018D20Rik,0.04960859939455986,0.04956874996423721,0.0011882970575243235,0.15163605802365662,-1.927030086517334,0.0011882970575243235,1.0,0.005441106390208006,0.0011882970575243235,1.0,0.007218371145427227
Prrc1,0.14629019796848297,0.1932825893163681,-0.4367353022098541,1.910430683093783e-05,-4.78391170501709,-0.4367353022098541,0.0038761504728786074,-3.4581429958343506,-0.4367353022098541,1.4671330778380173e-05,-4.751152992248535
Slc12a2,0.02734595723450184,0.05485343188047409,-1.0242327451705933,0.0005867520389078633,-3.941960096359253,-1.0242327451705933,0.000485078984648062,-4.056090354919434,-1.0242327451705933,4.8795743922288684e-08,-5.867483615875244
Slc27a6,0.0,0.0005323857767507434,-19.022499084472656,0.9979940091511154,0.027607882395386696,-19.022499084472656,0.5196272646011879,-1.0,-19.022499084472656,0.16021537352752957,-1.759765386581421
Isoc1,0.16309930384159088,0.2775539755821228,-0.8526084423065186,1.963713623734882e-15,-8.408470153808594,-0.8526084423065186,2.182634593219166e-13,-8.017348289489746,-0.8526084423065186,2.5481468512673323e-26,-11.125911712646484
Chsy3,0.0,0.0,0.0,0.9979940091511154,0.11319231241941452,0.0,1.0,0.0,0.0,1.0,0.0
Gm4951,0.0,0.014907433651387691,-23.840295791625977,0.9979940091511154,-0.4003142714500427,-23.840295791625977,0.10211257575715574,-2.207451820373535,-23.840295791625977,0.0005414442080126236,-3.8845973014831543
Gm4841,0.0,0.0030448350589722395,-21.540130615234375,0.9979940091511154,0.027607882395386696,-21.540130615234375,0.5196272646011879,-1.0,-21.540130615234375,0.16021537352752957,-1.759765386581421
F830016B08Rik,0.0,0.005393654108047485,-22.366724014282227,0.9979940091511154,-0.143560990691185,-22.366724014282227,0.25284825114010145,-1.6850826740264893,-22.366724014282227,0.010940452244674524,-2.9653501510620117
Iigp1,0.013942623510956764,0.033645760267972946,-1.2851916551589966,0.9979940091511154,-0.5060257315635681,-1.2851916551589966,0.24241708106191884,-1.7134686708450317,-1.2851916551589966,0.01652839090675623,-2.811836004257202
Smim3,0.1293984055519104,0.1348264366388321,-0.0632852092385292,0.11996295679666732,-2.0468127727508545,-0.0632852092385292,0.8479760888588745,-0.4322098195552826,-0.0632852092385292,0.7111038300698462,-0.5868903994560242
Dctn4,0.5258014798164368,0.49091073870658875,0.12634903192520142,0.22316048577300446,1.7103527784347534,0.12634903192520142,0.19542718980218718,1.8439756631851196,0.12634903192520142,0.04477418209680463,2.4091830253601074
Rbm22,0.4436958432197571,0.4428830146789551,0.003274795599281788,0.9979940091511154,0.1361691951751709,0.003274795599281788,1.0,0.04345647245645523,0.003274795599281788,1.0,0.058172885328531265
Myoz3,0.0011921761324629188,0.0,20.18602752685547,0.9979940091511154,0.19574879109859467,20.18602752685547,0.2545660023736288,1.6759703159332275,20.18602752685547,0.18406868959549297,1.6759703159332275
Synpo,0.004445068072527647,0.0029841104988008738,0.575958788394928,0.9984208920935209,-0.0071246144361793995,0.575958788394928,0.6545483624275954,0.762661874294281,0.575958788394928,0.500047585653608,0.9305536150932312
Ndst1,0.058893393725156784,0.0829659178853035,-0.5119829177856445,0.024416965204716166,-2.747073173522949,-0.5119829177856445,0.11820472501704722,-2.126697540283203,-0.5119829177856445,0.005811710690808402,-3.1771509647369385
Rps14,3.332484006881714,3.4354538917541504,-0.15377163887023926,1.1983933977193499e-10,-6.927975177764893,-0.15377163887023926,6.607675879221229e-13,-7.885555267333984,-0.15377163887023926,1.8130285610812226e-27,-11.3754243850708
Cd74,0.021611791104078293,0.10835158079862595,-2.3890764713287354,0.3057126083108445,-1.5177210569381714,-2.3890764713287354,0.04363385137625106,-2.5984487533569336,-2.3890764713287354,6.1007342568633746e-05,-4.432465553283691
Tcof1,0.6271153688430786,0.7407093644142151,-0.33138495683670044,1.9068157806467547e-05,-4.784445762634277,-0.33138495683670044,1.2149532108764357e-05,-4.939764499664307,-0.33138495683670044,2.3393806391660043e-10,-6.752447128295898
Camk2a,0.0,0.0,0.0,0.9979940091511154,0.11319231241941452,0.0,1.0,0.0,0.0,1.0,0.0
Pdgfrb,0.0,0.0,0.0,0.9979940091511154,0.11319231241941452,0.0,1.0,0.0,0.0,1.0,0.0
Csf1r,0.0007870427216403186,0.007346386089920998,-3.2272539138793945,0.9979940091511154,-0.08870144933462143,-3.2272539138793945,0.45234307252128336,-1.215956687927246,-3.2272539138793945,0.08560540079232923,-2.115473508834839
Hmgxb3,0.07859377562999725,0.08623021841049194,-0.13936269283294678,0.01186972957808587,-3.016650915145874,-0.13936269283294678,0.6204938770240979,-0.8207962512969971,-0.13936269283294678,0.44632396334966457,-1.0660302639007568
Slc26a2,0.05822422355413437,0.09446541965007782,-0.7246419191360474,4.1848966363666276e-05,-4.605350971221924,-0.7246419191360474,0.004259211625602371,-3.432853937149048,-0.7246419191360474,3.6584247145322506e-06,-5.04627799987793
Pde6a,0.0011651954846456647,0.002316064666956663,-0.991933286190033,0.9979940091511154,-0.14552025496959686,-0.991933286190033,0.6044421331107958,-0.847328245639801,-0.991933286190033,0.37641056503697345,-1.1950751543045044
Ppargc1b,0.013831241056323051,0.02943277359008789,-1.10078763961792,0.15799442559409838,-1.9040532112121582,-1.10078763961792,0.05110931431394363,-2.528547763824463,-1.10078763961792,0.0006602051180193464,-3.8236188888549805
Arhgef37,0.0,0.0010680563282221556,-20.027328491210938,0.9979940091511154,0.027607882395386696,-20.027328491210938,0.5196272646011879,-1.0,-20.027328491210938,0.16021537352752957,-1.759765386581421
Csnk1a1,1.132500410079956,1.1696501970291138,-0.0783940926194191,0.4370290283947095,-1.2729904651641846,-0.0783940926194191,0.2200835366610453,-1.7743743658065796,-0.0783940926194191,0.05055242026556214,-2.355807065963745
Pcyox1l,0.06467224657535553,0.08377332240343094,-0.3872932493686676,0.003427876914050658,-3.428987979888916,-0.3872932493686676,0.09201609401995434,-2.2537107467651367,-0.3872932493686676,0.007983915817640271,-3.0714094638824463
Grpel2,0.11718370020389557,0.13131310045719147,-0.17464213073253632,0.0399153513345341,-2.5472278594970703,-0.17464213073253632,0.4776456842071521,-1.167364239692688,-0.17464213073253632,0.20081211673152916,-1.6238324642181396
Adrb2,0.12519942224025726,0.11306793242692947,0.15596264600753784,0.1795225845685095,-1.8325399160385132,0.15596264600753784,0.5196272646011879,1.0387974977493286,0.15596264600753784,0.3061192079925037,1.3436986207962036
Fbxo38,0.14076991379261017,0.14196400344371796,-0.013067906722426414,0.123629512714782,-2.0322072505950928,-0.013067906722426414,1.0,-0.09618142247200012,-0.013067906722426414,1.0,-0.1287757307291031
Spink10,0.0022958265617489815,0.004464921075850725,-0.9611861109733582,0.9979940091511154,-0.317223459482193,-0.9611861109733582,0.5099016107602387,-1.1074388027191162,-0.9611861109733582,0.21849138960610096,-1.5730282068252563
Spink13,0.0,0.0,0.0,0.9979940091511154,0.11319231241941452,0.0,1.0,0.0,0.0,1.0,0.0
Apcdd1,0.0015566914808005095,0.0,20.571176528930664,0.9979940091511154,0.16822996735572815,20.571176528930664,0.3627945929782623,1.4023630619049072,20.571176528930664,0.2827108734724969,1.4023630619049072
Napg,0.2550896406173706,0.25926509499549866,-0.02656453102827072,0.4712056545117953,-1.2175076007843018,-0.02656453102827072,0.9498645652108926,-0.25118353962898254,-0.02656453102827072,0.8708788033612621,-0.33976632356643677
Txnl1,0.9517865777015686,1.087120532989502,-0.30573007464408875,3.613319854829616e-08,-6.004892349243164,-0.30573007464408875,1.4460126569714691e-07,-5.838334560394287,-0.30573007464408875,2.0101379471152608e-14,-8.074695587158203
Wdr7,0.03395305201411247,0.04346616193652153,-0.36325815320014954,0.16517528197047318,-1.879028081893921,-0.36325815320014954,0.4346997510479867,-1.2476279735565186,-0.36325815320014954,0.15332803587160285,-1.8115509748458862
Onecut2,0.0,0.0,0.0,0.9979940091511154,0.11319231241941452,0.0,1.0,0.0,0.0,1.0,0.0
Fech,0.06693104654550552,0.09266196191310883,-0.4881092607975006,0.002841756369693703,-3.4874987602233887,-0.4881092607975006,0.038738341153887364,-2.6422080993652344,-0.4881092607975006,0.0008123232117368348,-3.7664971351623535
Nars,0.5088038444519043,0.6856980919837952,-0.5706913471221924,4.54681672756312e-13,-7.711148262023926,-0.5706913471221924,7.28984492493689e-16,-8.77562141418457,-0.5706913471221924,6.115544708707151e-30,-11.913461685180664
Atp8b1,0.0,0.0,0.0,0.9979940091511154,0.11319231241941452,0.0,1.0,0.0,0.0,1.0,0.0
Nedd4l,0.027459654957056046,0.027776207774877548,-0.01676555909216404,0.9079515259787682,-0.6248286962509155,-0.01676555909216404,1.0,-0.05109862983226776,-0.01676555909216404,1.0,-0.07214626669883728
Alpk2,0.009187829680740833,0.008414705283939838,0.12736985087394714,0.9979940091511154,-0.2870329022407532,0.12736985087394714,0.953474406143132,0.24359671771526337,0.12736985087394714,0.8865771731916067,0.31332024931907654
Malt1,0.8785913586616516,0.8313462734222412,0.11862116307020187,0.18704510186461487,1.8102755546569824,0.11862116307020187,0.2652130905488027,1.6486564874649048,0.11862116307020187,0.06548666978726556,2.241306781768799
Sec11c,1.564727544784546,1.5947461128234863,-0.05454626679420471,0.6098909492159483,-1.0107156038284302,-0.05454626679420471,0.3928062619556909,-1.334284782409668,-0.05454626679420471,0.1406148941089129,-1.859113335609436
Lman1,0.29533544182777405,0.48051831126213074,-0.8444318771362305,4.100520138055297e-17,-8.869522094726562,-0.8444318771362305,6.297518492507366e-19,-9.729897499084473,-0.8444318771362305,1.633449758146271e-39,-13.795984268188477
Pmaip1,0.3196853697299957,0.33998939394950867,-0.10428683459758759,0.2222270526852594,-1.7125792503356934,-0.10428683459758759,0.5196272646011879,-1.0074942111968994,-0.10428683459758759,0.29136923801884956,-1.3770464658737183
Gnal,0.011752914637327194,0.0045048873871564865,1.3886908292770386,0.9979940091511154,0.24473051726818085,1.3886908292770386,0.07499506837510961,2.349412679672241,1.3886908292770386,0.025815508141412275,2.642180919647217
Chmp1b,0.19626858830451965,0.18027432262897491,0.13453467190265656,0.9426774900045901,-0.5805670022964478,0.13453467190265656,0.49664823293125326,1.1312048435211182,0.13453467190265656,0.24316207284540328,1.505611777305603
Mppe1,0.18797168135643005,0.1830463707447052,0.041968658566474915,0.5650880755250007,-1.0749262571334839,0.041968658566474915,0.8996445194862985,0.3421669006347656,0.041968658566474915,0.792385459427965,0.4614464044570923
Impa2,0.28015848994255066,0.30508801341056824,-0.14184096455574036,0.058102261468500546,-2.3899519443511963,-0.14184096455574036,0.3047607253191132,-1.5522087812423706,-0.14184096455574036,0.09613327469158565,-2.057088613510132
Tubb6,0.007311119232326746,0.011687442660331726,-0.6799569129943848,0.7510565037367226,-0.8244960308074951,-0.6799569129943848,0.42226364730429805,-1.2718837261199951,-0.6799569129943848,0.16437010232798974,-1.7444169521331787
Afg3l2,0.15963320434093475,0.23799416422843933,-0.6345626711845398,2.4454925870768335e-08,-6.074268341064453,-0.6345626711845398,7.825261909323673e-07,-5.517106056213379,-0.6345626711845398,2.950404724548171e-13,-7.717399597167969
Prelid3a,0.0008060319232754409,0.0004718841228168458,0.7726442217826843,0.9979940091511154,0.08282364159822464,0.7726442217826843,0.8446808676654347,0.43752726912498474,0.7726442217826843,0.7618760369465238,0.5080974102020264
Spire1,0.002237351844087243,0.004982161335647106,-1.1569606065750122,0.9979940091511154,-0.3742203712463379,-1.1569606065750122,0.36578871366137783,-1.3944075107574463,-1.1569606065750122,0.09581088045585548,-2.058527946472168
Cep76,0.08476264029741287,0.09058056771755219,-0.10003122687339783,0.03040589654082647,-2.6599748134613037,-0.10003122687339783,0.7466052854867431,-0.6060250401496887,-0.10003122687339783,0.573946948318262,-0.8062123656272888
Psmg2,0.3132319748401642,0.3679955303668976,-0.2741985619068146,0.008642887147388678,-3.1265480518341064,-0.2741985619068146,0.011538894789755297,-3.0953614711761475,-0.2741985619068146,0.00013563327373844648,-4.232333660125732
Ptpn2,0.5479274988174438,0.5359936356544495,0.04115143045783043,0.9279075001886175,0.5985566973686218,0.04115143045783043,0.7352096471852901,0.626149594783783,0.04115143045783043,0.5684903621303958,0.8153603672981262
Seh1l,0.2363276183605194,0.2847174108028412,-0.3051622211933136,0.0031945291637334654,-3.4512524604797363,-0.3051622211933136,0.01162931574157562,-3.0924108028411865,-0.3051622211933136,0.00013300485537845558,-4.237010478973389
Cep192,0.4404659867286682,0.3787054717540741,0.2655378580093384,0.01973961790958891,2.829362630844116,0.2655378580093384,0.004184767222884446,3.431248664855957,0.2655378580093384,4.5591784747494754e-05,4.494402885437012
Ldlrad4,0.011381351388990879,0.016003230586647987,-0.49503272771835327,0.862644087202722,-0.6823599338531494,-0.49503272771835327,0.5214230680931413,-0.996328592300415,-0.49503272771835327,0.26407484256301966,-1.4527043104171753
Fam210a,0.043159227818250656,0.06435880064964294,-0.5918974280357361,0.003999921907635105,-3.380629539489746,-0.5918974280357361,0.07330669461095804,-2.3652501106262207,-0.5918974280357361,0.002486017754040271,-3.445068120956421
Rnmt,0.18757298588752747,0.2586674988269806,-0.5168358683586121,4.2266128639331065e-07,-5.5580010414123535,-0.5168358683586121,1.0781481945142405e-05,-4.967658996582031,-0.5168358683586121,1.8364214850956437e-10,-6.790810585021973
Mc5r,0.0,0.0,0.0,0.9979940091511154,0.11319231241941452,0.0,1.0,0.0,0.0,1.0,0.0
Tcf4,0.056389253586530685,0.057183388620615005,-0.020754104480147362,0.46897130434623635,-1.2209808826446533,-0.020754104480147362,1.0,-0.07887018471956253,-0.020754104480147362,1.0,-0.11071798205375671
4930503L19Rik,0.24218818545341492,0.18451093137264252,0.4355057179927826,0.2332617203296231,1.6833683252334595,0.4355057179927826,0.00048612037638059644,4.042598247528076,0.4355057179927826,2.0264056471810923e-06,5.167172908782959
Stard6,0.012492652051150799,0.01105407439172268,0.1775410771369934,0.9635492270732637,-0.5549184083938599,0.1775410771369934,0.8574899479341133,0.41496336460113525,0.1775410771369934,0.7526672364723833,0.5219892263412476
Poli,0.039539359509944916,0.052303142845630646,-0.4128858149051666,0.032469746325718106,-2.632901430130005,-0.4128858149051666,0.21585418192909092,-1.7870314121246338,-0.4128858149051666,0.04056681923001942,-2.4513604640960693
Mbd2,1.3883723020553589,1.2971516847610474,0.17815013229846954,0.0009477202644769715,3.811757802963257,0.17815013229846954,0.00025313348468124474,4.222083568572998,0.17815013229846954,6.282540884933293e-08,5.822737216949463
Mex3c,0.09299692511558533,0.08162098377943039,0.19656811654567719,0.23170953442411835,-1.6873759031295776,0.19656811654567719,0.4907925504758352,1.1416029930114746,0.19656811654567719,0.2582493225547023,1.4671785831451416
Smad4,0.25297263264656067,0.21806153655052185,0.24041669070720673,0.7922519636655306,0.7723972797393799,0.24041669070720673,0.10683302539085844,2.17824387550354,0.24041669070720673,0.012407038528476258,2.9171462059020996
Elac1,0.01953834667801857,0.025288429111242294,-0.3763324022293091,0.32445314667226555,-1.4790699481964111,-0.3763324022293091,0.4794995181797833,-1.1643496751785278,-0.3763324022293091,0.21591163415842388,-1.5799943208694458
Me2,0.5840380191802979,0.640123724937439,-0.17684733867645264,0.17307261853239195,-1.8524888753890991,-0.17684733867645264,0.024330696886194405,-2.821697473526001,-0.17684733867645264,0.0008682478715482326,-3.7491676807403564
Ska1,0.627345621585846,0.47617536783218384,0.5167900919914246,9.013833189391292e-10,6.618054389953613,0.5167900919914246,2.2222961676474162e-11,7.313816547393799,0.5167900919914246,4.258170777671408e-21,9.898924827575684
Cxxc1,0.29646363854408264,0.286730021238327,0.05552435293793678,0.9979940091511154,-0.4546394646167755,0.05552435293793678,0.7366894971104505,0.623812198638916,0.05552435293793678,0.5745550069981784,0.8050587773323059
Mbd1,0.13193807005882263,0.148948073387146,-0.1875056028366089,0.007736987893267032,-3.1635069847106934,-0.1875056028366089,0.3821766818634886,-1.3565703630447388,-0.1875056028366089,0.14425736261189773,-1.84501051902771
Cfap53,0.0,0.0,0.0,0.9979940091511154,0.11319231241941452,0.0,1.0,0.0,0.0,1.0,0.0
Myo5b,0.0,0.0,0.0,0.9979940091511154,0.11319231241941452,0.0,1.0,0.0,0.0,1.0,0.0
Acaa2,0.37738895416259766,0.4606042802333832,-0.35168224573135376,0.0002965294463366893,-4.1268439292907715,-0.35168224573135376,4.255456849326652e-05,-4.661548137664795,-0.35168224573135376,3.6331886377418723e-09,-6.315036296844482
Lipg,0.0005729442927986383,0.0,19.128450393676758,0.9979940091511154,0.14071114361286163,19.128450393676758,0.5196272646011879,1.0,19.128450393676758,0.46147875269036936,1.0
Rpl17,3.296837568283081,3.3463079929351807,-0.0740436390042305,0.26254077784045177,-1.6124783754348755,-0.0740436390042305,0.004300217020638659,-3.427204132080078,-0.0740436390042305,8.248237144571827e-06,-4.876659393310547
BC031181,0.6627573370933533,0.646146833896637,0.049898408353328705,0.3013635291182867,1.5266268253326416,0.049898408353328705,0.6081296532702914,0.8402802348136902,0.049898408353328705,0.4178994253930739,1.1174931526184082
Dym,0.11578219383955002,0.10826590657234192,0.10235734283924103,0.26087706405547095,-1.6169313192367554,0.10235734283924103,0.702960942717202,0.6788734793663025,0.10235734283924103,0.5189960323607705,0.8986018300056458
Smad7,0.5228671431541443,0.5226964354515076,0.0006049802177585661,0.9979940091511154,0.2939794063568115,0.0006049802177585661,1.0,0.007185506168752909,0.0006049802177585661,1.0,0.009917031042277813
Ctif,0.0024075794499367476,0.0021221237257122993,0.18228045105934143,0.9982866462090498,0.022620651870965958,0.18228045105934143,0.9921128747250167,0.169680655002594,0.18228045105934143,0.9464266847966497,0.21722261607646942
Smad2,0.1925884187221527,0.21813669800758362,-0.1987709403038025,0.016190666361179547,-2.903102397918701,-0.1987709403038025,0.21684542741001184,-1.7839545011520386,-0.1987709403038025,0.044899633442120584,-2.407611131668091
Ier3ip1,0.6155227422714233,0.6399433016777039,-0.07557830959558487,0.7955209764080534,-0.7677662968635559,-0.07557830959558487,0.4486515420194129,-1.2219754457473755,-0.07557830959558487,0.19825931667386057,-1.6320737600326538
Gm50364,0.0,0.0,0.0,0.9979940091511154,0.11319231241941452,0.0,1.0,0.0,0.0,1.0,0.0
Hdhd2,0.0052299704402685165,0.0048791710287332535,0.1004200130701065,0.9979940091511154,-0.176601380109787,0.1004200130701065,0.9978040144566164,0.15656276047229767,0.1004200130701065,0.9548516144880551,0.2024584859609604
Katnal2,0.0,0.0,0.0,0.9979940091511154,0.11319231241941452,0.0,1.0,0.0,0.0,1.0,0.0
Pias2,0.08305902779102325,0.09154224395751953,-0.14650902152061462,0.037521990590924925,-2.573499917984009,-0.14650902152061462,0.5786406164903114,-0.8925264477729797,-0.14650902152061462,0.37841434729383916,-1.1914074420928955
Rnf165,0.00036375378840602934,0.0,18.472869873046875,0.9979940091511154,0.14071114361286163,18.472869873046875,0.5196272646011879,1.0,18.472869873046875,0.46147875269036936,1.0
8030462N17Rik,0.14866046607494354,0.13752305507659912,0.12057271599769592,0.3405077249743332,-1.4477217197418213,0.12057271599769592,0.5644804236716454,0.9171867370605469,0.12057271599769592,0.3737596116618827,1.200172781944275
Haus1,0.2128341645002365,0.2099878340959549,0.021549412980675697,0.3860260138436947,-1.3604451417922974,0.021549412980675697,0.9745760258151084,0.20283587276935577,0.021549412980675697,0.9166300391378456,0.26512694358825684
Atp5a1,1.7070428133010864,1.9424949884414673,-0.40524277091026306,2.9856535775768617e-27,-11.245847702026367,-0.40524277091026306,2.628628940819609e-18,-9.52963924407959,-0.40524277091026306,5.69955570210426e-37,-13.317279815673828
Pstpip2,0.0,0.0014348039403557777,-20.453458786010742,0.9979940091511154,0.027607882395386696,-20.453458786010742,0.5196272646011879,-1.0,-20.453458786010742,0.16021537352752957,-1.759765386581421
Epg5,0.04574631154537201,0.04959247261285782,-0.11926250904798508,0.34644237807203637,-1.436144232749939,-0.11926250904798508,0.8338830914041753,-0.45671355724334717,-0.11926250904798508,0.6683145165687668,-0.6520957946777344
Slc14a1,0.024847805500030518,0.011141526512801647,1.1670881509780884,0.7702904455708715,0.7999160885810852,1.1670881509780884,0.1030626412786394,2.1961843967437744,1.1670881509780884,0.01138579075469856,2.9475367069244385
Gm6133,0.03892038017511368,0.04635004699230194,-0.2574426233768463,0.1801783251059615,-1.830491542816162,-0.2574426233768463,0.524600844863401,-0.9911195039749146,-0.2574426233768463,0.28218368109049524,-1.4035890102386475
Setbp1,0.052965305745601654,0.031049737706780434,0.7863859534263611,0.9979940091511154,-0.11239079385995865,0.7863859534263611,0.022519658701271365,2.847794532775879,0.7863859534263611,0.002433663055884764,3.4537055492401123
Pard6g,0.002341968473047018,0.0016712486976757646,0.4872790575027466,0.9981009014843685,0.02315499819815159,0.4872790575027466,0.8211086393596471,0.4778374433517456,0.4872790575027466,0.7128073910953915,0.5846266150474548
Adnp2,0.0412370041012764,0.04969019070267677,-0.2751653790473938,0.1145491331074416,-2.070234775543213,-0.2751653790473938,0.5101877932367888,-1.1068613529205322,-0.2751653790473938,0.22838530293512355,-1.5455341339111328
Rbfa,0.2586919069290161,0.3419807255268097,-0.4657629430294037,4.560717112705263e-06,-5.091160297393799,-0.4657629430294037,6.280158302905387e-06,-5.085580348968506,-0.4657629430294037,6.515934415998501e-11,-6.94949197769165
Gm16286,0.7048932909965515,0.8658695220947266,-0.42790862917900085,4.142627122640927e-10,-6.7397074699401855,-0.42790862917900085,2.8995570554304724e-12,-7.619556903839111,-0.42790862917900085,1.1490295693562558e-22,-10.283984184265137
Txnl4a,0.5156176090240479,0.6722998023033142,-0.5069474577903748,1.4221368106072724e-09,-6.546274185180664,-0.5069474577903748,1.802917167817926e-11,-7.358230113983154,-0.5069474577903748,4.343978677313919e-22,-10.139392852783203
Hsbp1l1,0.0064611854031682014,0.011176198720932007,-0.7939648628234863,0.885666831310101,-0.6547520756721497,-0.7939648628234863,0.335719510057637,-1.481343150138855,-0.7939648628234863,0.07616972596758392,-2.170337677001953
Pqlc1,0.055335819721221924,0.1315041333436966,-1.304621696472168,1.856015574053009e-12,-7.521633625030518,-1.304621696472168,6.232754847781218e-11,-7.207423210144043,-1.304621696472168,1.676976691606391e-24,-10.713647842407227
Ctdp1,0.13073690235614777,0.13596078753471375,-0.06037602573633194,0.037793490680033966,-2.570204734802246,-0.06037602573633194,0.8519198442642384,-0.42469388246536255,-0.06037602573633194,0.7255928377609041,-0.5643390417098999
Nfatc1,0.458436518907547,0.3879079520702362,0.2954607605934143,0.015723753337073702,2.9141454696655273,0.2954607605934143,0.0018428305967829043,3.6783206462860107,0.2954607605934143,1.4419926664669806e-05,4.756508827209473
Atp9b,0.09096080809831619,0.08281069248914719,0.14139214158058167,0.13634925088628982,-1.9818896055221558,0.14139214158058167,0.6322206891939182,0.801007866859436,0.14139214158058167,0.45891493463632677,1.0436484813690186
Mbp,0.2095058262348175,0.20066384971141815,0.06880545616149902,0.9317910602930038,-0.5934804081916809,0.06880545616149902,0.7850583227911596,0.5392913818359375,0.06880545616149902,0.6100057138839065,0.7453223466873169
Zfp236,0.0785008892416954,0.08137520402669907,-0.05398126319050789,0.0323763495804542,-2.634058952331543,-0.05398126319050789,0.9179269116133605,-0.30842873454093933,-0.05398126319050789,0.8295620549192944,-0.40376710891723633
Zfp516,0.0013251501368358731,0.0036968274507671595,-1.4818426370620728,0.9979940091511154,-0.08816710859537125,-1.4818426370620728,0.5895895488150364,-0.873075008392334,-1.4818426370620728,0.2999837084915673,-1.3565093278884888
Tshz1,0.19013138115406036,0.19850140810012817,-0.06838572770357132,0.09684012781288417,-2.1528804302215576,-0.06838572770357132,0.7758551483183975,-0.5554856061935425,-0.06838572770357132,0.6101975681822029,-0.7448126673698425
Zadh2,0.07161495834589005,0.06435797363519669,0.1594364196062088,0.31365751800607033,-1.501868724822998,0.1594364196062088,0.5998165311352698,0.854751467704773,0.1594364196062088,0.4220172383398017,1.1097533702850342
Zfp407,0.16113580763339996,0.13028177618980408,0.3294384777545929,0.9979940091511154,-0.045953765511512756,0.3294384777545929,0.06113833800266806,2.444110631942749,0.3294384777545929,0.005997420263543718,3.1666178703308105
Cndp1,0.0012899796711280942,0.0009599365293979645,0.4265749752521515,0.9984208920935209,-0.0025826727505773306,0.4265749752521515,0.9283577169655364,0.2887071967124939,0.4265749752521515,0.8763396884254371,0.3307325541973114
Cndp2,0.27069956064224243,0.3687548339366913,-0.5204636454582214,6.12967827565948e-06,-5.028730869293213,-0.5204636454582214,7.341775564297609e-07,-5.532236576080322,-0.5204636454582214,1.6471390599196897e-13,-7.796548366546631
Gm17266,0.0006686471169814467,0.0,19.351369857788086,0.9979940091511154,0.14071114361286163,19.351369857788086,0.5196272646011879,1.0,19.351369857788086,0.46147875269036936,1.0
Cyb5a,0.4871770143508911,0.5645127892494202,-0.27321261167526245,0.011605805297690053,-3.025111436843872,-0.27321261167526245,0.0016845731441460065,-3.706887722015381,-0.27321261167526245,4.051581375305408e-06,-5.025869369506836
Fbxo15,0.00032499857479706407,0.0,18.310312271118164,0.9979940091511154,0.14071114361286163,18.310312271118164,0.5196272646011879,1.0,18.310312271118164,0.46147875269036936,1.0
Timm21,0.16875605285167694,0.20611518621444702,-0.31630176305770874,0.00046186739349348826,-4.0077738761901855,-0.31630176305770874,0.022789710136294838,-2.8461813926696777,-0.31630176305770874,0.0006548320439710125,-3.8257429599761963
Socs6,0.04469442367553711,0.060846250504255295,-0.4568268060684204,0.00626846314430114,-3.234931230545044,-0.4568268060684204,0.14808062124385124,-2.008270502090454,-0.4568268060684204,0.01667216722931568,-2.8073887825012207
Rttn,0.1215825080871582,0.09877854585647583,0.3164176344871521,0.5168869524588584,-1.148398756980896,0.3164176344871521,0.11042035985701697,2.159733772277832,0.3164176344871521,0.02237130327033259,2.696943759918213
Cd226,0.5982988476753235,0.3928040564060211,0.7674805521965027,4.560717112705263e-06,5.091338634490967,0.7674805521965027,2.6295051480415214e-10,6.9137492179870605,0.7674805521965027,2.593951259503284e-18,9.179513931274414
Dok6,0.0,0.0,0.0,0.9979940091511154,0.11319231241941452,0.0,1.0,0.0,0.0,1.0,0.0
Tmx3,0.3925766050815582,0.3745972812175751,0.08143021166324615,0.8130964710677021,0.7463924288749695,0.08143021166324615,0.5196272646011879,1.0208638906478882,0.08143021166324615,0.29882057411784896,1.3593366146087646
Gm45871,0.024139249697327614,0.015131298452615738,0.680364191532135,0.9984208920935209,0.004630999639630318,0.680364191532135,0.2089828165091203,1.806114673614502,0.680364191532135,0.058735658499936325,2.289076089859009
Ighmbp2,0.038514282554388046,0.04238127917051315,-0.14084173738956451,0.18126340577445285,-1.8272855281829834,-0.14084173738956451,0.7478372296442874,-0.6036877632141113,-0.14084173738956451,0.5732619077946283,-0.8074928522109985
Mrpl21,0.6230341792106628,0.7008729577064514,-0.23214007914066315,0.008686614296458471,-3.1247668266296387,-0.23214007914066315,0.0012298921559111072,-3.7960081100463867,-0.23214007914066315,1.54537385897822e-06,-5.219155788421631
Cpt1a,0.2535995841026306,0.21532700955867767,0.2647087574005127,0.8507917007356666,0.698212206363678,0.2647087574005127,0.04237774165273934,2.6015636920928955,0.2647087574005127,0.003228130122269708,3.3668792247772217
Tesmin,0.0022752205841243267,0.0,21.119216918945312,0.9979940091511154,0.2783052623271942,21.119216918945312,0.08345996054705249,2.296564817428589,21.119216918945312,0.05800535930505512,2.296564817428589
Gal,0.00030014701769687235,0.0004682882281485945,-0.6418470144271851,0.9979940091511154,0.05521576479077339,-0.6418470144271851,0.9203079778686772,-0.30229195952415466,-0.6418470144271851,0.8195955391232708,-0.41917330026626587
Ppp6r3,0.4417493939399719,0.3562569320201874,0.37606996297836304,0.0009929773370374662,3.798577308654785,0.37606996297836304,2.8610805859063113e-05,4.742945194244385,0.37606996297836304,8.463213137202939e-09,6.1768317222595215
Lrp5,0.00502031110227108,0.006646007299423218,-0.4058850109577179,0.9979940091511154,-0.31864839792251587,-0.4058850109577179,0.7244573545746108,-0.6434483528137207,-0.4058850109577179,0.5184367292686773,-0.8996819853782654
1810055G02Rik,0.025879954919219017,0.026060203090310097,-0.010143826715648174,0.5974053798340407,-1.0282599925994873,-0.010143826715648174,1.0,-0.03553729131817818,-0.010143826715648174,1.0,-0.046762097626924515
Kmt5b,0.18727515637874603,0.1863265186548233,0.008032208308577538,0.38551501270642746,-1.3616029024124146,0.008032208308577538,1.0,0.06119934469461441,0.008032208308577538,1.0,0.08432448655366898
Chka,0.15848757326602936,0.13589172065258026,0.23861122131347656,0.5096469714491262,-1.159709095954895,0.23861122131347656,0.24427356356813346,1.7055977582931519,0.23861122131347656,0.06911921445962503,2.215923547744751
Tcirg1,0.12587474286556244,0.11724577844142914,0.10880360007286072,0.4045980897156441,-1.328295350074768,0.10880360007286072,0.6946875618248091,0.6949524879455566,0.10880360007286072,0.4905171538091427,0.947128415107727
Ndufs8,0.885949432849884,0.895696222782135,-0.023846298456192017,0.9979940091511154,0.4725400507450104,-0.023846298456192017,0.8330285220866739,-0.4579906463623047,-0.023846298456192017,0.6906580144134382,-0.6184208989143372
Aldh3b1,0.0006094200653024018,0.0037569310516119003,-2.626315116882324,0.9979940091511154,-0.17392964661121368,-2.626315116882324,0.3082995975745863,-1.5459868907928467,-2.626315116882324,0.0288661279895276,-2.5974369049072266
Unc93b1,0.06275061517953873,0.10029782354831696,-0.7040413022041321,0.012373277798849749,-3.0015110969543457,-0.7040413022041321,0.030507978162925338,-2.7405195236206055,-0.7040413022041321,0.0001265875804924704,-4.250024318695068
Nudt8,0.0,0.0,0.0,0.9979940091511154,0.11319231241941452,0.0,1.0,0.0,0.0,1.0,0.0
Gm49405,0.004852194804698229,0.005987120326608419,-0.3040441870689392,0.9979940091511154,-0.2903280556201935,-0.3040441870689392,0.824367268074568,-0.4720935821533203,-0.3040441870689392,0.6924625890505538,-0.6153625249862671
Doc2g,0.0019350926158949733,0.0012055448023602366,0.6832433938980103,0.9979940091511154,0.05281120538711548,0.6832433938980103,0.784329208210457,0.5403380990028381,0.6832433938980103,0.6814663484890716,0.6322077512741089
Ndufv1,0.5523890256881714,0.6402314305305481,-0.28253382444381714,0.0005613408421664263,-3.954606294631958,-0.28253382444381714,0.0002611157072528656,-4.210559844970703,-0.28253382444381714,1.6163770363525257e-07,-5.651371002197266
Gstp1,0.12191589176654816,0.14079232513904572,-0.2215970903635025,0.007495035064023386,-3.173837661743164,-0.2215970903635025,0.26621279323346153,-1.6463617086410522,-0.2215970903635025,0.06599673064500816,-2.237395763397217
Gstp2,0.0011782720685005188,0.0018276486080139875,-0.6337839961051941,0.9979940091511154,-0.032416995614767075,-0.6337839961051941,0.7901831075756903,-0.531313419342041,-0.6337839961051941,0.6007669874048984,-0.7610522508621216
Gstp3,0.4846499264240265,0.4761171340942383,0.032272450625896454,0.9979940091511154,-0.1415126621723175,0.032272450625896454,0.8706115260075632,0.3922032415866852,0.032272450625896454,0.7564375169332983,0.5159139633178711
Cdk2ap2,1.24453866481781,1.1854453086853027,0.12123541533946991,0.003733074323459508,3.4028050899505615,0.12123541533946991,0.03870008309813783,2.640432357788086,0.12123541533946991,0.002020567418236209,3.508983612060547
Pitpnm1,0.13697925209999084,0.11161638051271439,0.31408292055130005,0.9979940091511154,-0.1476576328277588,0.31408292055130005,0.1345608244728376,2.0576422214508057,0.31408292055130005,0.019872120521270503,2.7425873279571533
Aip,0.6510580778121948,0.5398030877113342,0.3585236966609955,3.2148752015506198e-06,5.1626739501953125,0.3585236966609955,4.4548857208948766e-07,5.610462665557861,0.3585236966609955,3.919464738795345e-12,7.363976001739502
Tmem134,0.8082007169723511,0.7162196040153503,0.24900978803634644,1.4773005678867249e-05,4.84055233001709,0.24900978803634644,0.00010488663941200155,4.442968845367432,0.24900978803634644,2.3649779893492035e-08,5.996147632598877
Cabp4,0.003710811724886298,0.004601107910275459,-0.3108890652656555,0.9979940091511154,-0.23359830677509308,-0.3108890652656555,0.8402221462535285,-0.4459773302078247,-0.3108890652656555,0.6962580360363632,-0.6092955470085144
Coro1b,0.03416881710290909,0.038817450404167175,-0.18739871680736542,0.19392073354789008,-1.7907718420028687,-0.18739871680736542,0.6728069468422586,-0.7318559885025024,-0.18739871680736542,0.46673882818328183,-0.9905190467834473
Ptprcap,2.224961280822754,2.056159257888794,0.27603819966316223,1.1582781613173124e-17,9.016645431518555,0.27603819966316223,8.868696460012779e-16,8.797767639160156,0.27603819966316223,5.170806852279991e-33,12.538846015930176
Rps6kb2,0.1233520433306694,0.11658862978219986,0.08633096516132355,0.3408693252787719,-1.446742057800293,0.08633096516132355,0.7539716598524525,0.5932949185371399,0.08633096516132355,0.5849503485847242,0.7876183390617371
Carns1,0.018174786120653152,0.016258561983704567,0.16212470829486847,0.9710231851345474,-0.5467250943183899,0.16212470829486847,0.8633597712832458,0.4053195118904114,0.16212470829486847,0.7482410328317914,0.5290035605430603
Tbc1d10c,0.9189931154251099,0.8461360931396484,0.179351806640625,0.00015583838165602264,4.288928985595703,0.179351806640625,0.00476031798731351,3.390493869781494,0.179351806640625,3.736871704986178e-05,4.5396270751953125
Ppp1ca,2.0978798866271973,2.150583267211914,-0.08635816723108292,0.02221778994800159,-2.78412127494812,-0.08635816723108292,0.029265401769563316,-2.7526333332061768,-0.08635816723108292,0.0006462440420530951,-3.8288633823394775
Rad9a,0.09386540949344635,0.08417021483182907,0.16438113152980804,0.41610575368392727,-1.3087025880813599,0.16438113152980804,0.5470251326090105,0.9496273398399353,0.16438113152980804,0.3487946016921891,1.2517701387405396
Clcf1,0.039410848170518875,0.04354746639728546,-0.14700065553188324,0.5142924451541175,-1.1523174047470093,-0.14700065553188324,0.8194354360564967,-0.4813001751899719,-0.14700065553188324,0.640110970597587,-0.6978001594543457
Pold4,0.3384057879447937,0.3534756600856781,-0.07435275614261627,0.5404085541903723,-1.1139334440231323,-0.07435275614261627,0.6221625993873757,-0.8180991411209106,-0.07435275614261627,0.4248742806502337,-1.1043919324874878
Ssh3,0.009577395394444466,0.009107539430260658,0.07291136682033539,0.9979940091511154,-0.23048128187656403,0.07291136682033539,1.0,0.14664320647716522,0.07291136682033539,0.9586141192040984,0.1961994618177414
Ankrd13d,0.01654898375272751,0.02113809622824192,-0.3564237356185913,0.6233408696704428,-0.9933493733406067,-0.3564237356185913,0.5470251326090105,-0.9497113823890686,-0.3564237356185913,0.2992256840902082,-1.358296275138855
Grk2,1.026826024055481,1.0287971496582031,-0.004428264684975147,0.9406954193689205,0.5826153755187988,-0.004428264684975147,1.0,-0.0897090882062912,-0.004428264684975147,1.0,-0.12052629142999649
Kdm2a,0.414742648601532,0.36411044001579285,0.2267281711101532,0.05064821373514247,2.448373794555664,0.2267281711101532,0.0519154705403422,2.5188584327697754,0.2267281711101532,0.0023992897750716147,3.456669569015503
Rhod,0.0010957731865346432,0.0004974139155820012,1.1398605108261108,0.9979940091511154,0.13803941011428833,1.1398605108261108,0.6295309642713971,0.8058057427406311,1.1398605108261108,0.4805481637582629,0.9657600522041321
Pcx,0.006388347130268812,0.0034966934472322464,0.8715388774871826,0.9979940091511154,0.07658960670232773,0.8715388774871826,0.38834817620095524,1.3435324430465698,0.8715388774871826,0.2079886486818219,1.6029868125915527
Lrfn4,0.0009619735064916313,0.0025673150084912777,-1.4173485040664673,0.9979940091511154,-0.17357341945171356,-1.4173485040664673,0.5196272646011879,-1.0508220195770264,-1.4173485040664673,0.235643459327255,-1.527030110359192
Rce1,0.1659308820962906,0.208110049366951,-0.3581378161907196,6.929712652061945e-05,-4.486547946929932,-0.3581378161907196,0.00914207134464072,-3.1753909587860107,-0.3581378161907196,0.00011260501813613311,-4.278100490570068
Gm960,0.00022720807464793324,0.0012472948292270303,-2.4574472904205322,0.9979940091511154,-0.0302796121686697,-2.4574472904205322,0.5022355398721801,-1.1215232610702515,-2.4574472904205322,0.14149228088999968,-1.8559335470199585
Sptbn2,0.0002660886093508452,0.0,18.021743774414062,0.9979940091511154,0.14071114361286163,18.021743774414062,0.5196272646011879,1.0,18.021743774414062,0.46147875269036936,1.0
Gm21992,0.00548589788377285,0.001708631170913577,1.6856125593185425,0.9979940091511154,0.2454429715871811,1.6856125593185425,0.12786391908422423,2.081381320953369,1.6856125593185425,0.05397596587787717,2.3288986682891846
Rbm4b,0.24056807160377502,0.23483790457248688,0.03907692804932594,0.8416862270664629,-0.7094334959983826,0.03907692804932594,0.892562346613217,0.35378485918045044,0.03907692804932594,0.7795515324470956,0.4813368022441864
Rbm4,0.06131564825773239,0.05493905395269394,0.1630675345659256,0.2896891883883938,-1.5505833625793457,0.1630675345659256,0.6157305958759175,0.8279200792312622,0.1630675345659256,0.4467977685405852,1.065159559249878
Rbm14,0.19745098054409027,0.25568217039108276,-0.4164465367794037,2.335163170028592e-05,-4.738670349121094,-0.4164465367794037,0.0003638104725520622,-4.125876426696777,-0.4164465367794037,2.789572725158377e-07,-5.54940938949585
Ccs,0.14500729739665985,0.1625068187713623,-0.17732135951519012,0.030695983553001897,-2.6563234329223633,-0.17732135951519012,0.39160216737358644,-1.3372536897659302,-0.17732135951519012,0.14271062852127903,-1.8507989645004272
Ctsf,0.0,0.0,0.0,0.9979940091511154,0.11319231241941452,0.0,1.0,0.0,0.0,1.0,0.0
Actn3,0.00066524522844702,0.004223704803735018,-2.669116973876953,0.9979940091511154,-0.45775648951530457,-2.669116973876953,0.13505288964986042,-2.0580406188964844,-2.669116973876953,0.006048984124513671,-3.1638033390045166
Zdhhc24,0.018067650496959686,0.02137680910527706,-0.24503235518932343,0.4344040139650222,-1.2776215076446533,-0.24503235518932343,0.6838898723032114,-0.713010847568512,-0.24503235518932343,0.49200580634543917,-0.9444954991340637
Bbs1,0.0018929870566353202,0.0012392970966175199,0.6116136908531189,0.9979940091511154,0.08050814270973206,0.6116136908531189,0.795224543954832,0.5217536687850952,0.6116136908531189,0.6745439696335359,0.6426305770874023
Dpp3,0.38198456168174744,0.47575822472572327,-0.38917768001556396,2.4970948479872198e-05,-4.724153995513916,-0.38917768001556396,3.490235172839247e-06,-5.206749439239502,-0.38917768001556396,4.1063296018638183e-11,-7.019716739654541
Peli3,0.0,0.0007209163741208613,-19.45999526977539,0.9979940091511154,0.027607882395386696,-19.45999526977539,0.5196272646011879,-1.0,-19.45999526977539,0.16021537352752957,-1.759765386581421
Mrpl11,0.3996627628803253,0.5529540777206421,-0.5876970291137695,3.9539831085985553e-11,-7.091485023498535,-0.5876970291137695,2.866548108147855e-13,-7.977489471435547,-0.5876970291137695,5.358311588083608e-26,-11.052889823913574
Npas4,0.0007283010636456311,0.0005727933021262288,0.3466320037841797,0.9979940091511154,0.08282364159822464,0.3466320037841797,0.9770516883047266,0.19632339477539062,0.3466320037841797,0.9302265532033659,0.24427343904972076
Slc29a2,0.0022229100577533245,0.00228444067761302,-0.039435792714357376,0.9979940091511154,-0.11764519661664963,-0.039435792714357376,1.0,-0.03786648064851761,-0.039435792714357376,1.0,-0.046572256833314896
B4gat1,0.0017344611696898937,0.0011937618255615234,0.5393622517585754,0.9979940091511154,0.025114266201853752,0.5393622517585754,0.8727938037695188,0.38848209381103516,0.5393622517585754,0.8015964190786337,0.44806647300720215
Gm50388,0.00023947136651258916,0.0,17.869672775268555,0.9979940091511154,0.14071114361286163,17.869672775268555,0.5196272646011879,1.0,17.869672775268555,0.46147875269036936,1.0
Brms1,0.0013574901968240738,0.0020801909267902374,-0.6162952780723572,0.9979940091511154,-0.032416995614767075,-0.6162952780723572,0.7944312310237394,-0.5238498449325562,-0.6162952780723572,0.6073321733818889,-0.7500218749046326
Rin1,0.0009992276318371296,0.0008420775993727148,0.24697329103946686,0.9979940091511154,0.11025340855121613,0.24697329103946686,0.9991573447698058,0.1534942090511322,0.24697329103946686,0.9514950277174559,0.2085007131099701
Cd248,0.0003056368441320956,0.0,18.221683502197266,0.9979940091511154,0.14071114361286163,18.221683502197266,0.5196272646011879,1.0,18.221683502197266,0.46147875269036936,1.0
Tmem151a,0.0027315407060086727,0.0031267707236111164,-0.19524355232715607,0.9979940091511154,-0.11898106336593628,-0.19524355232715607,0.9636213691414038,-0.22292563319206238,-0.19524355232715607,0.8999018602290357,-0.29193633794784546
Yif1a,0.21576252579689026,0.22658613324165344,-0.0787103921175003,0.18989651165327803,-1.8019931316375732,-0.0787103921175003,0.6797334666100489,-0.7202861905097961,-0.0787103921175003,0.4742392424802973,-0.9774450659751892
Cnih2,0.0033668815158307552,0.0028282315470278263,0.25190144777297974,0.9982866462090498,0.021551959216594696,0.25190144777297974,0.9257835772873518,0.29280194640159607,0.25190144777297974,0.8453150529516346,0.37871915102005005
Rab1b,0.48255622386932373,0.43932321667671204,0.1689874678850174,0.048492332883223625,2.4664525985717773,0.1689874678850174,0.07687596413828461,2.339176893234253,0.1689874678850174,0.006180912156500436,3.156747579574585
Klc2,0.019706539809703827,0.0179534163326025,0.1356847584247589,0.9979940091511154,-0.3711033761501312,0.1356847584247589,0.8801918181579161,0.3764820694923401,0.1356847584247589,0.7661834813797214,0.5014822483062744
Pacs1,0.2204212248325348,0.1891937255859375,0.2436932474374771,0.9979940091511154,-0.2877453863620758,0.2436932474374771,0.08967629586090584,2.2641875743865967,0.2436932474374771,0.014228305583453319,2.8675336837768555
Sf3b2,1.4740368127822876,1.4248807430267334,0.09267008304595947,0.012266965993395043,3.0047171115875244,0.09267008304595947,0.07979801515684379,2.321108102798462,0.09267008304595947,0.0063957491198299845,3.145301342010498
Gal3st3,0.0003067428187932819,0.0005180751322768629,-0.7562823295593262,0.9979940091511154,0.05521576479077339,-0.7562823295593262,0.8942403947871892,-0.35100728273391724,-0.7562823295593262,0.7689946490749155,-0.4970632493495941
Cst6,0.005684754345566034,0.006519348360598087,-0.19823241233825684,0.9979940091511154,-0.319004625082016,-0.19823241233825684,0.9132095829529767,-0.31662872433662415,-0.19823241233825684,0.8185570242610288,-0.4206571578979492
Banf1,1.4027583599090576,1.3290165662765503,0.14284993708133698,0.020770580262413057,2.809591770172119,0.14284993708133698,0.009899807592015596,3.1511988639831543,0.14284993708133698,3.467024737814819e-05,4.556464672088623
Eif1ad,0.5144306421279907,0.4693361222743988,0.1675398051738739,0.1579582871744421,1.904320478439331,0.1675398051738739,0.06262386978986784,2.432952880859375,0.1675398051738739,0.005810816598212747,3.1776225566864014
Sart1,0.47974923253059387,0.4952296018600464,-0.05788726359605789,0.9181366997522591,-0.6129840016365051,-0.05788726359605789,0.618249127572629,-0.8240893483161926,-0.05788726359605789,0.42164983303574977,-1.110810399055481
Tsga10ip,0.0005968368495814502,0.0012964898487553,-1.1197059154510498,0.9979940091511154,-0.0302796121686697,-1.1197059154510498,0.7262644861649512,-0.6402738690376282,-1.1197059154510498,0.5270358034983987,-0.883744478225708
Drap1,0.7218490839004517,0.7790770530700684,-0.15646544098854065,0.16822902043127996,-1.8684301376342773,-0.15646544098854065,0.025295059860069004,-2.806227922439575,-0.15646544098854065,0.001091656460179502,-3.6849172115325928
AI837181,0.1580570787191391,0.12914234399795532,0.31284016370773315,0.9979940091511154,0.24499768018722534,0.31284016370773315,0.08008710945427512,2.3183414936065674,0.31284016370773315,0.008000657392246726,3.0708932876586914
Fosl1,0.005688583943992853,0.004422551486641169,0.3641044795513153,0.9984208920935209,-0.008905768394470215,0.3641044795513153,0.7657441754463273,0.5731346607208252,0.3641044795513153,0.6119490394412394,0.7420305013656616
Ccdc85b,0.3871229290962219,0.46445873379707336,-0.32249149680137634,0.0015020840369195146,-3.6791510581970215,-0.32249149680137634,0.0008266013132114218,-3.906134605407715,-0.32249149680137634,5.64867167171327e-07,-5.413646697998047
Fibp,0.2737007141113281,0.26902806758880615,0.02836531773209572,0.5767248739091542,-1.0581834316253662,0.02836531773209572,0.9293148956792638,0.2869626581668854,0.02836531773209572,0.844603226935717,0.37959447503089905
Ctsw,1.2380999326705933,1.0142428874969482,0.47888466715812683,1.1053574027471756e-14,8.194643020629883,0.47888466715812683,1.7115956354710056e-14,8.35718059539795,0.47888466715812683,1.1623239107279167e-27,11.423479080200195
Efemp2,0.009145036339759827,0.01182443369179964,-0.37264636158943176,0.7639024856355157,-0.8084656596183777,-0.37264636158943176,0.6017084630668076,-0.8516367077827454,-0.37264636158943176,0.39673652957221045,-1.157195806503296
Mus81,0.1282375305891037,0.11120805144309998,0.21808646619319916,0.6481217158123936,-0.9601308703422546,0.21808646619319916,0.3208184420373791,1.5136862993240356,0.21808646619319916,0.11302483667932542,1.9728329181671143
Cfl1,2.98264479637146,2.9416685104370117,0.06234022602438927,0.008130324295678485,3.146942377090454,0.06234022602438927,0.05522210391312735,2.4927566051483154,0.06234022602438927,0.0015249886728772558,3.590744733810425
Snx32,0.050919059664011,0.030342979356646538,0.761786162853241,0.9979940091511154,-0.033129457384347916,0.761786162853241,0.017358849519624204,2.944612503051758,0.761786162853241,0.0012828816455300524,3.641326665878296
1700020D05Rik,0.0010636510560289025,0.001414701109752059,-0.411725252866745,0.9979940091511154,0.08264552801847458,-0.411725252866745,0.9681669099799444,-0.21385155618190765,-0.411725252866745,0.8924930600996326,-0.30330440402030945
Ap5b1,0.027910901233553886,0.026840582489967346,0.05718806013464928,0.5994745184501319,-1.0254992246627808,0.05718806013464928,0.9781214198934949,0.19477578997612,0.05718806013464928,0.925059030218563,0.2519005239009857
Rnaseh2c,1.1497050523757935,1.0279525518417358,0.26494666934013367,2.4423071206797233e-07,5.663177967071533,0.26494666934013367,2.515064903253731e-07,5.731749057769775,0.26494666934013367,1.1793826204713134e-13,7.843509197235107
Kat5,0.18181610107421875,0.16586115956306458,0.14434625208377838,0.8377091216218878,-0.7151331901550293,0.14434625208377838,0.4194866000438836,1.2769253253936768,0.14434625208377838,0.1899644191699113,1.6572165489196777
Rela,0.2570304572582245,0.25359970331192017,0.021966395899653435,0.5062531796546513,-1.1645182371139526,0.021966395899653435,0.9664677427305425,0.2177502065896988,0.021966395899653435,0.9022994991083421,0.28787872195243835
Sipa1,0.6600459218025208,0.634363055229187,0.07776860892772675,0.4379268097439344,1.2714765071868896,0.07776860892772675,0.42967446515449953,1.2573269605636597,0.07776860892772675,0.1906488380890544,1.6553243398666382
Pcnx3,0.15239962935447693,0.15671682357788086,-0.04349502921104431,0.24037076817546082,-1.6646661758422852,-0.04349502921104431,0.9112975065228599,-0.3204799294471741,-0.04349502921104431,0.8064822843022226,-0.44047707319259644
Map3k11,0.12293262779712677,0.10907737910747528,0.18270346522331238,0.5365669229735175,-1.1199003458023071,0.18270346522331238,0.3988583727264412,1.3203818798065186,0.18270346522331238,0.17384302763943338,1.7095760107040405
Kcnk7,0.07492043077945709,0.07168683409690857,0.06601223349571228,0.09386225101684618,-2.167842149734497,0.06601223349571228,0.8833743876406126,0.370694100856781,0.06601223349571228,0.7837743649866988,0.47480159997940063
Ehbp1l1,0.35179054737091064,0.35479500889778137,-0.014563503675162792,0.8855931402016312,-0.6549301743507385,-0.014563503675162792,0.9935137834336547,-0.16548816859722137,-0.014563503675162792,0.9434960513267954,-0.2223428636789322
Fam89b,0.011588416062295437,0.012727946974337101,-0.1361398547887802,0.8383701033185662,-0.7142426371574402,-0.1361398547887802,0.9029156754444216,-0.3352338969707489,-0.1361398547887802,0.8042240415517261,-0.44398361444473267
Gm50387,0.0031688320450484753,0.0012690682196989655,1.3215516805648804,0.9979940091511154,0.19129590690135956,1.3215516805648804,0.38589986355979805,1.3482263088226318,1.3215516805648804,0.2152663210936173,1.5821164846420288
Znrd2,0.0036315221805125475,0.0021720530930906534,0.7425680756568909,0.9979940091511154,0.07854887843132019,0.7425680756568909,0.6399177173231166,0.7864329218864441,0.7425680756568909,0.48886348687389525,0.9503026008605957
Ltbp3,0.0007876488962210715,0.0,19.5877628326416,0.9979940091511154,0.16822996735572815,19.5877628326416,0.36167647049845647,1.4095126390457153,19.5877628326416,0.28043270697471323,1.4095126390457153
Scyl1,0.16073182225227356,0.14876583218574524,0.12046649307012558,0.299056719647174,-1.531792163848877,0.12046649307012558,0.5196272646011879,1.0117931365966797,0.12046649307012558,0.3306084552714063,1.2903460264205933
Frmd8,0.45625537633895874,0.4839160442352295,-0.10642576217651367,0.6057943459076337,-1.016682505607605,-0.10642576217651367,0.349744048790231,-1.449181318283081,-0.10642576217651367,0.11471957144922561,-1.9653605222702026
Slc25a45,0.09022626280784607,0.07953807711601257,0.18972072005271912,0.6671504743417127,-0.9344822764396667,0.18972072005271912,0.5196272646011879,1.058642864227295,0.18972072005271912,0.27879003433649474,1.417197585105896
Tigd3,0.0037330924533307552,0.004411812871694565,-0.24149014055728912,0.9979940091511154,-0.20509983599185944,-0.24149014055728912,0.9077991463490903,-0.3258170783519745,-0.24149014055728912,0.8081796260656975,-0.4377596080303192
Dpf2,0.28012120723724365,0.27109411358833313,0.054067742079496384,0.9979940091511154,-0.3547167479991913,0.054067742079496384,0.748408155694093,0.6020195484161377,0.054067742079496384,0.5882698686497397,0.7825531363487244
Cdc42ep2,0.0009339751559309661,0.005470779724419117,-2.553563356399536,0.9979940091511154,-0.14605459570884705,-2.553563356399536,0.459796196835704,-1.201794981956482,-2.553563356399536,0.09388897001822248,-2.07057785987854
Pola2,0.2413301318883896,0.2946217358112335,-0.3280125558376312,0.0002916526304061405,-4.131296634674072,-0.3280125558376312,0.005371660590754964,-3.3511099815368652,-0.3280125558376312,4.484520976706481e-05,-4.497795581817627
Capn1,0.3911655843257904,0.38173937797546387,0.042427923530340195,0.8396923803299885,0.7122833728790283,0.042427923530340195,0.802874791972202,0.5091147422790527,0.042427923530340195,0.6408493284863775,0.6966968178749084
Syvn1,0.10068129748106003,0.09058982133865356,0.15977026522159576,0.6043791751200551,-1.0185526609420776,0.15977026522159576,0.5196272646011879,1.0075796842575073,0.15977026522159576,0.3087981132097309,1.3372721672058105
Mrpl49,0.3121177852153778,0.3497356176376343,-0.19280344247817993,0.014099981653335106,-2.9536871910095215,-0.19280344247817993,0.08818668034887127,-2.2725670337677,-0.19280344247817993,0.009976245142457901,-2.993955373764038
Fau,3.6247479915618896,3.566495656967163,0.08641155809164047,5.832602713139505e-11,7.034666538238525,0.08641155809164047,0.0006515214530488806,3.978388786315918,0.08641155809164047,5.4328244023835044e-08,5.848384380340576
Znhit2,0.1906467229127884,0.1936793476343155,-0.025026021525263786,0.10473552630459217,-2.114229440689087,-0.025026021525263786,0.957952808029212,-0.23388005793094635,-0.025026021525263786,0.8922572980886175,-0.3036543130874634
Tm7sf2,0.024900780990719795,0.024205811321735382,0.04134117439389229,0.6003095190241267,-1.0239852666854858,0.04134117439389229,1.0,0.14311200380325317,0.04134117439389229,0.9660370257629617,0.18360786139965057
Vps51,0.1987466812133789,0.18057867884635925,0.15182256698608398,0.9979940091511154,0.05352366715669632,0.15182256698608398,0.4096494894171286,1.2983728647232056,0.15182256698608398,0.16162676267091478,1.7540380954742432
Zfpl1,0.1701919287443161,0.17742934823036194,-0.06545385718345642,0.13749429053765855,-1.9770805835723877,-0.06545385718345642,0.7820263433742116,-0.5450043082237244,-0.06545385718345642,0.6153980998735721,-0.7369179129600525
Cdca5,0.4391065537929535,0.33757537603378296,0.4573289155960083,0.00015580665888148708,4.289106845855713,0.4573289155960083,1.2065712495016246e-06,5.415459632873535,0.4573289155960083,2.515630723910382e-11,7.096315383911133
Gm550,0.001126386341638863,0.0029060752131044865,-1.368653655052185,0.9979940091511154,-0.23083750903606415,-1.368653655052185,0.4564442365513761,-1.2077702283859253,-1.368653655052185,0.16021537352752957,-1.7799103260040283
Naaladl1,0.0005575454561039805,0.0007404090138152242,-0.4093642830848694,0.9979940091511154,0.05521576479077339,-0.4093642830848694,0.9770516883047266,-0.1972944140434265,-0.4093642830848694,0.9185729295846705,-0.2618001699447632
Sac3d1,0.16549697518348694,0.1709403693675995,-0.05072490870952606,0.2609779754160667,-1.616575002670288,-0.05072490870952606,0.8552048881179111,-0.4196401834487915,-0.05072490870952606,0.7242319975743038,-0.5670015811920166
Snx15,0.1268845498561859,0.1469847708940506,-0.22698013484477997,0.0035364286654457453,-3.4194588661193848,-0.22698013484477997,0.23872155783953428,-1.7226227521896362,-0.22698013484477997,0.05536236474494703,-2.316155433654785
Arl2,0.08183117210865021,0.09132043272256851,-0.16523079574108124,0.05001174180937972,-2.4535391330718994,-0.16523079574108124,0.5328927414559427,-0.9757782816886902,-0.16523079574108124,0.30845606783586804,-1.3381248712539673
Batf2,0.0,0.00318063679151237,-21.603179931640625,0.9979940091511154,0.027607882395386696,-21.603179931640625,0.5196272646011879,-1.0,-21.603179931640625,0.16021537352752957,-1.759765386581421
Ppp2r5b,0.033660292625427246,0.042274314910173416,-0.33498674631118774,0.1282278691389195,-2.013416051864624,-0.33498674631118774,0.39160216737358644,-1.3371273279190063,-0.33498674631118774,0.14174644167470712,-1.8544093370437622
Atg2a,0.1411750316619873,0.15732814371585846,-0.16823357343673706,0.041302728147201415,-2.533423900604248,-0.16823357343673706,0.5101949538072593,-1.1063542366027832,-0.16823357343673706,0.2263766086492038,-1.551563024520874
Ehd1,0.3851834535598755,0.48074695467948914,-0.3936251103878021,9.428821579107567e-05,-4.4144110679626465,-0.3936251103878021,2.9191037736870404e-05,-4.747800827026367,-0.3936251103878021,8.394819094824172e-10,-6.55152702331543
Cdc42bpg,0.01853654719889164,0.01921667903661728,-0.05247845873236656,0.7206656350648262,-0.864304780960083,-0.05247845873236656,1.0,-0.14811353385448456,-0.05247845873236656,0.9576300844627424,-0.19756048917770386
Men1,0.11043200641870499,0.14136652648448944,-0.3790647089481354,3.784019142168937e-05,-4.628684043884277,-0.3790647089481354,0.026721124212446847,-2.7867045402526855,-0.3790647089481354,0.0008360090601732508,-3.759113073348999
Map4k2,0.26951465010643005,0.318744033575058,-0.27928426861763,0.027903744880180856,-2.693816661834717,-0.27928426861763,0.027119015451715744,-2.782296657562256,-0.27928426861763,0.00046729926992656706,-3.914854049682617
Sf1,0.7121438384056091,0.7887097001075745,-0.20939986407756805,0.010049970359803507,-3.075072765350342,-0.20939986407756805,0.002239175247815933,-3.624680519104004,-0.20939986407756805,9.4669634642084e-06,-4.847853183746338
Pygm,0.045379944145679474,0.06532684713602066,-0.5401424765586853,0.014056172991180697,-2.9549338817596436,-0.5401424765586853,0.06510881715842565,-2.417841672897339,-0.5401424765586853,0.0027259733880254313,-3.4179887771606445
Rasgrp2,1.5213706493377686,1.6912262439727783,-0.3066924214363098,3.939752493272323e-08,-5.988951206207275,-0.3066924214363098,2.1917887008033767e-07,-5.763301849365234,-0.3066924214363098,2.9874630573777837e-14,-8.022623062133789
Nrxn2,0.003325873054563999,0.0031334166415035725,0.08613540977239609,0.9979940091511154,0.04818020761013031,0.08613540977239609,1.0,0.0973244458436966,0.08613540977239609,0.9971232865132834,0.13404931128025055
Rps6ka4,0.172719344496727,0.18270424008369446,-0.08849628269672394,0.0703916591257352,-2.302497386932373,-0.08849628269672394,0.6461237276026213,-0.7766474485397339,-0.08849628269672394,0.46147875269036936,-1.0316425561904907
Ccdc88b,0.1723368912935257,0.18540948629379272,-0.11519433557987213,0.0421189732644638,-2.5254087448120117,-0.11519433557987213,0.5196272646011879,-1.027441143989563,-0.11519433557987213,0.30513511264800003,-1.345664143562317
Prdx5,0.7972231507301331,0.8231265544891357,-0.06731202453374863,0.9979940091511154,0.2832034230232239,-0.06731202453374863,0.506256888713528,-1.1138502359390259,-0.06731202453374863,0.2237112440436843,-1.5592297315597534
Trmt112,1.0133824348449707,1.0215880870819092,-0.01854095049202442,0.8427370722590309,0.7080976366996765,-0.01854095049202442,0.865153759472996,-0.4021674394607544,-0.01854095049202442,0.7436646195024905,-0.5359015464782715
Esrra,0.10585007816553116,0.08512672781944275,0.3295247554779053,0.9979940091511154,-0.29522621631622314,0.3295247554779053,0.14604575499402542,2.015399217605591,0.3295247554779053,0.02524950375013304,2.6492817401885986
Catsperz,0.0,0.0021520410664379597,-21.038827896118164,0.9979940091511154,-0.143560990691185,-21.038827896118164,0.24126629104836952,-1.7180051803588867,-21.038827896118164,0.009267258866502875,-3.0232861042022705
Kcnk4,0.0005570874782279134,0.0005001650424674153,0.15554051101207733,0.9979940091511154,0.05521576479077339,0.15554051101207733,1.0,0.07603112608194351,0.15554051101207733,1.0,0.09101725369691849
Gpr137,0.017774606123566628,0.03037201426923275,-0.7820485830307007,0.27023936824629263,-1.5943106412887573,-0.7820485830307007,0.14223254708078983,-2.0311052799224854,-0.7820485830307007,0.00863745136254166,-3.0441384315490723
Bad,0.20265713334083557,0.21004977822303772,-0.057206474244594574,0.245193040089783,-1.6532667875289917,-0.057206474244594574,0.7847177847050046,-0.5397862195968628,-0.057206474244594574,0.6241694943344759,-0.7224418520927429
Plcb3,0.00944224651902914,0.012611186131834984,-0.4197917580604553,0.9512535851685484,-0.5694348216056824,-0.4197917580604553,0.5979899088391746,-0.8580852746963501,-0.4197917580604553,0.3642206709172168,-1.2198328971862793
Ppp1r14b,0.5472686290740967,0.9497177600860596,-1.1214134693145752,1.073464118576094e-40,-13.817566871643066,-1.1214134693145752,3.9468041583001845e-42,-15.496126174926758,-1.1214134693145752,1.0427883849407065e-93,-22.12019920349121
Fkbp2,0.9811689853668213,0.9816557765007019,-0.0011233184486627579,0.9979940091511154,-0.3140173852443695,-0.0011233184486627579,1.0,-0.01949198916554451,-0.0011233184486627579,1.0,-0.027305828407406807
Vegfb,0.0895519033074379,0.08804509788751602,0.025584449991583824,0.06677145688693341,-2.3260085582733154,0.025584449991583824,0.9968804925595617,0.158291757106781,0.025584449991583824,0.9537183223807267,0.20432248711585999
Dnajc4,0.13373301923274994,0.11935056746006012,0.17474398016929626,0.5941007707877893,-1.0328019857406616,0.17474398016929626,0.4255307667429719,1.2658151388168335,0.17474398016929626,0.19299055265649273,1.6487184762954712
Nudt22,0.12971264123916626,0.09619565308094025,0.455907940864563,0.9979940091511154,-0.025203324854373932,0.455907940864563,0.008282348049210537,3.204041004180908,0.455907940864563,0.0003130194751127582,4.021127700805664
Trpt1,0.015509317629039288,0.005498172249644995,1.5033451318740845,0.9979940091511154,0.4191054403781891,1.5033451318740845,0.011619916749553543,3.0860140323638916,1.5033451318740845,0.0022681304579307707,3.47672176361084
Fermt3,0.7832306623458862,0.8242695331573486,-0.10720578581094742,0.6231712955008264,-0.9936165809631348,-0.10720578581094742,0.14835078699068402,-2.0064148902893066,-0.10720578581094742,0.024043801687412186,-2.668894052505493
Stip1,0.6833890080451965,0.8862383365631104,-0.5402551293373108,1.7143680468496298e-15,-8.42476749420166,-0.5402551293373108,8.017718115741434e-16,-8.778447151184082,-0.5402551293373108,7.036719565051704e-31,-12.107996940612793
Macrod1,0.005035271868109703,0.01358106080442667,-1.4376285076141357,0.9029663310859875,-0.6333782076835632,-1.4376285076141357,0.25925836187745316,-1.66575288772583,-1.4376285076141357,0.021248993439002217,-2.71689772605896
Otub1,0.579854428768158,0.5081537365913391,0.24681313335895538,0.0010807277774358473,3.774620771408081,0.24681313335895538,0.0022306198186176026,3.625654697418213,0.24681313335895538,1.1180536180484089e-05,4.8121843338012695
Cox8a,2.634598731994629,2.579261541366577,0.08619305491447449,0.0011116788504273215,3.766071319580078,0.08619305491447449,0.0019833487558887915,3.6658592224121094,0.08619305491447449,9.125424592206496e-07,5.321707248687744
Naa40,0.25688135623931885,0.2693803906440735,-0.07795366644859314,0.13162670216430383,-2.0002355575561523,-0.07795366644859314,0.6837262013368287,-0.7137706875801086,-0.07795366644859314,0.4834002907745994,-0.9604727625846863
Rcor2,0.0029929010197520256,0.004021375440061092,-0.42688676714897156,0.9979940091511154,-0.20447644591331482,-0.42688676714897156,0.8089825500007336,-0.49881553649902344,-0.42688676714897156,0.6617391386885619,-0.6633164882659912
Mark2,0.6280415654182434,0.6157611608505249,0.038260214030742645,0.594679950839637,1.0319113731384277,0.038260214030742645,0.738900270015534,0.6195310354232788,0.038260214030742645,0.5679520988615028,0.81624835729599
Spindoc,0.04266885668039322,0.03669450804591179,0.22195738554000854,0.6923925515167935,-0.9017980694770813,0.22195738554000854,0.6019933028438547,0.8510376214981079,0.22195738554000854,0.4079508655831603,1.1360082626342773
2700081O15Rik,0.020359553396701813,0.019662799313664436,0.05074151232838631,0.8377091216218878,-0.7153112888336182,0.05074151232838631,1.0,0.1473887413740158,0.05074151232838631,0.9604508865784304,0.19303445518016815
Rtn3,0.8679638504981995,0.9147275686264038,-0.11438624560832977,0.11928525875643728,-2.0496625900268555,-0.11438624560832977,0.09760982588314536,-2.2249603271484375,-0.11438624560832977,0.009515007292715863,-3.0106770992279053
Atl3,0.27652740478515625,0.3048211336135864,-0.16193760931491852,0.07431904751668228,-2.2779173851013184,-0.16193760931491852,0.25343052406754146,-1.681054711341858,-0.16193760931491852,0.05818161456754823,-2.2933177947998047
Plaat3,0.7383801341056824,0.6376968026161194,0.29238396883010864,0.0004268326456010139,4.028702259063721,0.29238396883010864,0.00010488663941200155,4.441853046417236,0.29238396883010864,3.2484079614192765e-08,5.940319061279297
Slc3a2,0.8204349875450134,0.7919904589653015,0.07415198534727097,0.5326613563913157,1.1262234449386597,0.07415198534727097,0.48992327612797215,1.1438512802124023,0.07415198534727097,0.22799568054114366,1.5466830730438232
Wdr74,0.188476100564003,0.24831506609916687,-0.442524790763855,3.2645527321586404e-05,-4.662614822387695,-0.442524790763855,0.0002694029816005301,-4.20478630065918,-0.442524790763855,7.939374731334471e-08,-5.781041145324707
1700092M07Rik,0.0017272218829020858,0.0010443569626659155,0.7263306379318237,0.9979940091511154,0.08050814270973206,0.7263306379318237,0.7376070692258222,0.6213187575340271,0.7263306379318237,0.6097669569820205,0.7458746433258057
Stx5a,0.2802063524723053,0.2903631329536438,-0.059042882174253464,0.48369066415292583,-1.1993398666381836,-0.059042882174253464,0.7368268306920424,-0.6232985854148865,-0.059042882174253464,0.5541052438450811,-0.8392770290374756
Nxf1,0.33132725954055786,0.30834272503852844,0.12118425965309143,0.8965504211190376,0.6413043737411499,0.12118425965309143,0.3685501556279095,1.3855047225952148,0.12118425965309143,0.14783040282928256,1.8317477703094482
Tmem223,0.30391329526901245,0.33478689193725586,-0.16303719580173492,0.10724102858393207,-2.1022067070007324,-0.16303719580173492,0.19647470201660017,-1.841508388519287,-0.16303719580173492,0.03726207145007799,-2.490980863571167
Tmem179b,0.5268741846084595,0.4402768909931183,0.32652896642684937,0.00022260767936621272,4.200672626495361,0.32652896642684937,5.677589887327738e-05,4.587119102478027,0.32652896642684937,2.196700839032356e-08,6.010455131530762
Taf6l,0.0651128888130188,0.0728614330291748,-0.1678657978773117,0.08882423805200632,-2.1942031383514404,-0.1678657978773117,0.5705388161261219,-0.9063798189163208,-0.1678657978773117,0.3537836332623057,-1.2415944337844849
Polr2g,0.7284451723098755,0.7526525855064392,-0.06676151603460312,0.9944210829868714,-0.5160002112388611,-0.06676151603460312,0.46947662200005313,-1.1815487146377563,-0.06676151603460312,0.20841105667654206,-1.6012952327728271
Zbtb3,0.005774778313934803,0.004227147437632084,0.4511983096599579,0.9979940091511154,-0.0372261106967926,0.4511983096599579,0.7414428264071145,0.6148221492767334,0.4511983096599579,0.6001138036799765,0.7624993920326233
Ttc9c,0.22419045865535736,0.19410206377506256,0.23036973178386688,0.9979940091511154,0.2885468900203705,0.23036973178386688,0.11206980545052832,2.1525661945343018,0.23036973178386688,0.016833313184812248,2.804147243499756
Hnrnpul2,0.750177800655365,0.8414720296859741,-0.24018123745918274,0.0012538044281460894,-3.7326745986938477,-0.24018123745918274,0.0004733114082069313,-4.057446002960205,-0.24018123745918274,2.881104430903669e-07,-5.54306173324585
Gng3,0.037702638655900955,0.039302196353673935,-0.061105553060770035,0.27261175477212635,-1.589145302772522,-0.061105553060770035,0.9662518751310892,-0.2185903787612915,-0.061105553060770035,0.899342364438215,-0.29290109872817993
Bscl2,0.48524224758148193,0.4117421805858612,0.29393285512924194,0.003909828354419949,3.387932300567627,0.29393285512924194,0.0010805203247094986,3.828749895095825,0.29393285512924194,3.622870436102164e-06,5.049576759338379
Lrrn4cl,0.0012940665474161506,0.0006167445098981261,1.0696543455123901,0.9979940091511154,0.11043152958154678,1.0696543455123901,0.6971444997901546,0.6904364228248596,1.0696543455123901,0.5737124174576034,0.8067775964736938
Ubxn1,0.9433406591415405,0.9546555876731873,-0.026635516434907913,0.9979940091511154,0.39247721433639526,-0.026635516434907913,0.7564863666438799,-0.589290201663971,-0.026635516434907913,0.5897868697033135,-0.7799520492553711
Uqcc3,0.47179412841796875,0.49017757177352905,-0.06946681439876556,0.9979940091511154,-0.49168747663497925,-0.06946681439876556,0.55962633904731,-0.9263297319412231,-0.06946681439876556,0.3414464307060865,-1.2673120498657227
Lbhd1,0.017794372513890266,0.015963969752192497,0.15792594850063324,0.9815940308222634,-0.5312290787696838,0.15792594850063324,0.8430748601415331,0.4403597116470337,0.15792594850063324,0.725198989612982,0.5650859475135803
1810009A15Rik,0.022442249581217766,0.02880249358713627,-0.36458414793014526,0.2799128108382017,-1.5724024772644043,-0.36458414793014526,0.4327148461298612,-1.2515785694122314,-0.36458414793014526,0.16973988257069333,-1.7248878479003906
Ints5,0.08468563109636307,0.10834510624408722,-0.37278619408607483,0.00044964104482020205,-4.014720439910889,-0.37278619408607483,0.05301016593693623,-2.5092782974243164,-0.37278619408607483,0.003157919713406427,-3.3733716011047363
Ganab,0.36138561367988586,0.38962024450302124,-0.13016821444034576,0.3145551737712305,-1.4996423721313477,-0.13016821444034576,0.297776435077849,-1.5693213939666748,-0.13016821444034576,0.08267250437859285,-2.130713939666748
B3gat3,0.5562460422515869,0.5151814222335815,0.14289677143096924,0.05704887651856969,2.3982343673706055,0.14289677143096924,0.10975419167265008,2.164158821105957,0.14289677143096924,0.015469741393591334,2.836087703704834
Rom1,0.4964137375354767,0.6104920506477356,-0.3882714807987213,0.0001334992785165936,-4.328915596008301,-0.3882714807987213,0.0001626864047417562,-4.335768222808838,-0.3882714807987213,2.456456625256461e-08,-5.988365650177002
Eml3,0.2838892638683319,0.28297269344329834,0.005357628222554922,0.6927472951351537,-0.9011746644973755,0.005357628222554922,1.0,0.06079926714301109,0.005357628222554922,1.0,0.07878576964139938
Mta2,0.6067513227462769,0.6603239178657532,-0.16476628184318542,0.12875544668456984,-2.0111896991729736,-0.16476628184318542,0.0375192186936628,-2.6522774696350098,-0.16476628184318542,0.0019441018324997505,-3.520113945007324
Tut1,0.027579892426729202,0.03154200315475464,-0.1965298056602478,0.40047903979736954,-1.3355090618133545,-0.1965298056602478,0.7285297616663335,-0.6363393664360046,-0.1965298056602478,0.5304483114699844,-0.8776147365570068
Eef1g,1.6293222904205322,2.0268795490264893,-0.6845875978469849,6.86132929897964e-51,-15.480095863342285,-0.6845875978469849,3.447486986483962e-56,-17.900409698486328,-0.6845875978469849,1.4026817958999764e-103,-23.5430908203125
Ahnak,1.595767855644226,1.6667680740356445,-0.12736184895038605,0.40125667162675904,-1.3342622518539429,-0.12736184895038605,0.05588855677020227,-2.48557186126709,-0.12736184895038605,0.0029849749066649394,-3.390498161315918
Scgb1a1,0.0017447929130867124,0.0006763632991351187,1.3679550886154175,0.9979940091511154,0.13803941011428833,1.3679550886154175,0.5479972344900426,0.9476643204689026,1.3679550886154175,0.43293361166339256,1.0896867513656616
Asrgl1,0.511357843875885,0.4830035865306854,0.10444051772356033,0.24186478118158256,1.6611038446426392,0.10444051772356033,0.34551277204336994,1.4590692520141602,0.10444051772356033,0.11641105026317335,1.9581533670425415
Incenp,1.3512130975723267,1.0481165647506714,0.6277802586555481,5.223972094752377e-21,9.850224494934082,0.6277802586555481,1.8643722531131977e-19,9.975305557250977,0.6277802586555481,1.35935283835915e-46,15.0861177444458
Fth1,2.4043569564819336,2.5479578971862793,-0.22620783746242523,3.8104999058140606e-11,-7.097452163696289,-0.22620783746242523,1.0984424147500698e-13,-8.112139701843262,-0.22620783746242523,8.66606155533652e-27,-11.230104446411133
Best1,0.00023977587989065796,0.001380949281156063,-2.5267202854156494,0.9979940091511154,0.05503764748573303,-2.5267202854156494,0.6247960353634217,-0.8141869902610779,-2.5267202854156494,0.2863891353844479,-1.3907431364059448
Rab3il1,0.0006004628376103938,0.0,19.196151733398438,0.9979940091511154,0.16822996735572815,19.196151733398438,0.3679717107194103,1.3866549730300903,19.196151733398438,0.28794977880918515,1.3866549730300903
Fads3,0.0,0.0012697431957349181,-20.277023315429688,0.9979940091511154,-0.05797655135393143,-20.277023315429688,0.36167647049845647,-1.4139670133590698,-20.277023315429688,0.03748923045594166,-2.4882500171661377
Fads2,0.0016793536487966776,0.006228017620742321,-1.8941497802734375,0.9979940091511154,-0.4319297671318054,-1.8941497802734375,0.19743130112432286,-1.8408371210098267,-1.8941497802734375,0.012054313198225235,-2.927924394607544
Fads1,0.03310060873627663,0.05029536783695221,-0.6160573959350586,0.0029937101383912257,-3.471290349960327,-0.6160573959350586,0.04846035235612475,-2.5478463172912598,-0.6160573959350586,0.002466090068668065,-3.4478759765625
Fen1,0.560804009437561,0.6039631366729736,-0.1411016434431076,0.06530415476200856,-2.3356268405914307,-0.1411016434431076,0.1338459840638333,-2.0607025623321533,-0.1411016434431076,0.018060907464475664,-2.7778468132019043
Tmem258,1.0698275566101074,1.1142021417617798,-0.09635517746210098,0.4483662664740834,-1.254110336303711,-0.09635517746210098,0.10983547621990968,-2.1638314723968506,-0.09635517746210098,0.014389000799658198,-2.8631749153137207
Dagla,0.0,0.0010423046769574285,-19.99209976196289,0.9979940091511154,-0.05797655135393143,-19.99209976196289,0.36167647049845647,-1.4137978553771973,-19.99209976196289,0.03751295789333461,-2.487952470779419
Syt7,0.0,0.0,0.0,0.9979940091511154,0.11319231241941452,0.0,1.0,0.0,0.0,1.0,0.0
Ppp1r32,0.00034188898280262947,0.0,18.383419036865234,0.9979940091511154,0.14071114361286163,18.383419036865234,0.5196272646011879,1.0,18.383419036865234,0.46147875269036936,1.0
Sdhaf2,0.36482518911361694,0.37342169880867004,-0.04018225893378258,0.9979940091511154,-0.4980105459690094,-0.04018225893378258,0.805596613633555,-0.5043802857398987,-0.04018225893378258,0.6556949687021639,-0.673125147819519
Cpsf7,0.26763397455215454,0.2452227622270584,0.1430249959230423,0.9979940091511154,0.29647302627563477,0.1430249959230423,0.36943595396856654,1.3830537796020508,0.1430249959230423,0.14216333189458302,1.8528043031692505
Tmem216,0.02643912471830845,0.04007576406002045,-0.6099470853805542,0.011886553425853217,-3.0160274505615234,-0.6099470853805542,0.05743650618395288,-2.473078489303589,-0.6099470853805542,0.0032001936223829026,-3.369342803955078
Tmem138,0.10606551170349121,0.09752794355154037,0.12733116745948792,0.33665440061530055,-1.4556478261947632,0.12733116745948792,0.6240178615298075,0.8150742650032043,0.12733116745948792,0.4386854153862073,1.0791929960250854
Cyb561a3,0.0930195227265358,0.08743301779031754,0.09344583749771118,0.39222825277881984,-1.3493129014968872,0.09344583749771118,0.7749879629236834,0.5574463605880737,0.09344583749771118,0.6098595150088555,0.7455794811248779
Tkfc,0.07840166240930557,0.07367388159036636,0.09318442642688751,0.22782634382559325,-1.6981518268585205,0.09318442642688751,0.7826727956596163,0.5437909364700317,0.09318442642688751,0.6335238147803424,0.7075117230415344
Ddb1,0.44966939091682434,0.5925745964050293,-0.5101284980773926,1.0504333338859667e-09,-6.594632148742676,-0.5101284980773926,4.039592552659791e-12,-7.566934108734131,-0.5101284980773926,3.6579702848150007e-22,-10.162760734558105
Vwce,0.00031162367668002844,0.0006003959570080042,-0.9463155269622803,0.9979940091511154,0.05521576479077339,-0.9463155269622803,0.8509127818409957,-0.4268937408924103,-0.9463155269622803,0.6862854113072402,-0.6249475479125977
Vps37c,0.06786105781793594,0.06111938878893852,0.15586905181407928,0.22831715174131864,-1.6965488195419312,0.15586905181407928,0.595097864842719,0.862322211265564,0.15586905181407928,0.42387590924214935,1.1064292192459106
Cd5,0.8761841058731079,0.7374196648597717,0.3621605336666107,3.4663288669111746e-06,5.147712230682373,0.3621605336666107,5.251582641865558e-06,5.124128341674805,0.3621605336666107,4.126600471752269e-11,7.017907619476318
Cd6,0.622470498085022,0.5532538890838623,0.2248569130897522,0.07097707623399574,2.2988460063934326,0.2248569130897522,0.03620472535870635,2.667842388153076,0.2248569130897522,0.0014787373644901864,3.5996110439300537
Slc15a3,0.029314709827303886,0.030886849388480186,-0.07650754600763321,0.350072790621469,-1.428841471672058,-0.07650754600763321,0.9408246376306105,-0.2660399079322815,-0.07650754600763321,0.8645041285007267,-0.3486694097518921
Tmem132a,0.0,0.0005865362472832203,-19.16228675842285,0.9979940091511154,0.027607882395386696,-19.16228675842285,0.5196272646011879,-1.0,-19.16228675842285,0.16021537352752957,-1.759765386581421
Tmem109,0.2974829077720642,0.32804667949676514,-0.16428889334201813,0.042483785705092016,-2.52193546295166,-0.16428889334201813,0.1985685229062101,-1.8353697061538696,-0.16428889334201813,0.04274822654754031,-2.4288880825042725
Prpf19,0.3459834158420563,0.46800270676612854,-0.5297862887382507,3.873547736736301e-08,-5.992335319519043,-0.5297862887382507,2.2589518110289423e-09,-6.575812339782715,-0.5297862887382507,6.674544366136251e-18,-9.062841415405273
Ccdc86,0.11035288125276566,0.1848941445350647,-0.7996677160263062,6.811578348579655e-10,-6.662137985229492,-0.7996677160263062,8.200899859074075e-07,-5.515473365783691,-0.7996677160263062,5.4124559820221206e-14,-7.9448418617248535
Ms4a15,0.0,0.0008026217110455036,-19.614940643310547,0.9979940091511154,0.027607882395386696,-19.614940643310547,0.5196272646011879,-1.0,-19.614940643310547,0.16021537352752957,-1.759765386581421
Ms4a8a,0.0,0.004261550027877092,-22.02602195739746,0.9979940091511154,0.027607882395386696,-22.02602195739746,0.5196272646011879,-1.0,-22.02602195739746,0.16021537352752957,-1.759765386581421
Ms4a20,0.0,0.0,0.0,0.9979940091511154,0.11319231241941452,0.0,1.0,0.0,0.0,1.0,0.0
Ms4a1,0.003695068648084998,0.009871138259768486,-1.4220751523971558,0.9979940091511154,-0.2614733576774597,-1.4220751523971558,0.5131290277614567,-1.1020551919937134,-1.4220751523971558,0.16735349722994236,-1.7340807914733887
Ms4a7,0.0012019139248877764,0.004401924554258585,-1.875109314918518,0.9979940091511154,0.02457991987466812,-1.875109314918518,0.599008134926369,-0.8566312193870544,-1.875109314918518,0.2633099946068235,-1.4549797773361206
Ms4a4a,0.00203975779004395,0.004413447342813015,-1.1152210235595703,0.9983610824586676,0.021195728331804276,-1.1152210235595703,0.634069304481964,-0.7971383929252625,-1.1152210235595703,0.3281006569079055,-1.2955753803253174
Ms4a4c,0.179221972823143,0.2627616226673126,-0.6144856810569763,1.2523469334631624e-05,-4.877511024475098,-0.6144856810569763,0.002242538293822805,-3.634087324142456,-0.6144856810569763,3.503156554694154e-07,-5.506152629852295
Ms4a4b,3.228607416152954,2.9500601291656494,0.42110005021095276,5.8655035863430794e-30,11.80593204498291,0.42110005021095276,2.1860549608889474e-29,12.44591999053955,0.42110005021095276,3.229260937781223e-61,17.458330154418945
Ms4a6c,0.054920002818107605,0.06240534782409668,-0.18979035317897797,0.9979940091511154,-0.4315735399723053,-0.18979035317897797,0.8182614081756073,-0.48352986574172974,-0.18979035317897797,0.5992751646143555,-0.7640039920806885
Gm8369,1.2376981973648071,1.0562667846679688,0.384044349193573,2.6090037024168785e-10,6.810240745544434,0.384044349193573,3.294675578521246e-08,6.110447406768799,0.384044349193573,8.611079528613626e-16,8.475602149963379
Ms4a6b,2.3800384998321533,2.237405776977539,0.22850990295410156,2.10147036155548e-09,6.482508659362793,0.22850990295410156,2.9712680504503622e-09,6.538758754730225,0.22850990295410156,1.8690336627003038e-18,9.211003303527832
Ms4a4d,0.015558053739368916,0.0107958372682333,0.5306290984153748,0.9979940091511154,-0.08353610336780548,0.5306290984153748,0.4524170304096929,1.2141969203948975,0.5306290984153748,0.23576689637225065,1.526747703552246
Ms4a6d,0.3202410042285919,0.28527146577835083,0.1933184713125229,0.6899014014580371,0.9049150943756104,0.1933184713125229,0.18845633611281162,1.8660495281219482,0.1933184713125229,0.033773670326071425,2.532926321029663
Ms4a3,0.0,0.0,0.0,0.9979940091511154,0.11319231241941452,0.0,1.0,0.0,0.0,1.0,0.0
Oosp1,0.0,0.001478514983318746,-20.496784210205078,0.9979940091511154,0.027607882395386696,-20.496784210205078,0.5196272646011879,-1.0,-20.496784210205078,0.16021537352752957,-1.759765386581421
Mrpl16,0.41929131746292114,0.48631149530410767,-0.26590853929519653,0.0072429827860792054,-3.185148000717163,-0.26590853929519653,0.003009836827153807,-3.53588604927063,-0.26590853929519653,1.458377118414036e-05,-4.752902984619141
Stx3,0.008823339827358723,0.008714789524674416,0.017937546595931053,0.9979940091511154,-0.31864839792251587,0.017937546595931053,1.0,0.031463056802749634,0.017937546595931053,1.0,0.04032173380255699
Olfr1419,0.0,0.0,0.0,0.9979940091511154,0.11319231241941452,0.0,1.0,0.0,0.0,1.0,0.0
Patl1,0.15035675466060638,0.1566147357225418,-0.06345990300178528,0.1286430945407021,-2.0117239952087402,-0.06345990300178528,0.8182056221371288,-0.48351845145225525,-0.06345990300178528,0.6692628078321459,-0.6507562398910522
Osbp,0.1906571090221405,0.18990212678909302,0.006286121904850006,0.25064478042743993,-1.6406205892562866,0.006286121904850006,1.0,0.05582522600889206,0.006286121904850006,1.0,0.0737966001033783
Olfr1423,0.0008872994803823531,0.0,19.759702682495117,0.9979940091511154,0.16822996735572815,19.759702682495117,0.36167647049845647,1.4149314165115356,19.759702682495117,0.2795042275398297,1.4149314165115356
Mpeg1,0.0012908239150419831,0.014561813324689865,-3.5054104328155518,0.9979940091511154,-0.12049504369497299,-3.5054104328155518,0.30212925895638115,-1.560996174812317,-3.5054104328155518,0.020669503139782636,-2.729901075363159
Dtx4,0.0036343575920909643,0.007583735045045614,-1.0640594959259033,0.9979940091511154,-0.15068559348583221,-1.0640594959259033,0.5604776002777399,-0.9250011444091797,-1.0640594959259033,0.24786875997407712,-1.4931535720825195
Fam111a,0.5242363810539246,0.6173710227012634,-0.3094593286514282,0.0003443020496838506,-4.087124347686768,-0.3094593286514282,0.00023703080541161977,-4.237499237060547,-0.3094593286514282,7.876212022415386e-08,-5.782742500305176
Glyat,0.0,0.0,0.0,0.9979940091511154,0.11319231241941452,0.0,1.0,0.0,0.0,1.0,0.0
Cntf,0.0004266213800292462,0.0,18.70290756225586,0.9979940091511154,0.14071114361286163,18.70290756225586,0.5196272646011879,1.0,18.70290756225586,0.46147875269036936,1.0
Zfp91-1,0.4897545576095581,0.44814491271972656,0.16044582426548004,0.10030011647175588,2.1360485553741455,0.16044582426548004,0.10148247760047359,2.2054266929626465,0.16044582426548004,0.01145321021728323,2.9455819129943848
Lpxn,0.4598374366760254,0.4300830364227295,0.11955837160348892,0.28860027051799353,1.5528987646102905,0.11955837160348892,0.33330805404549874,1.486433744430542,0.11955837160348892,0.10666767224904601,2.0038063526153564
Gm5244,0.0022636076901108027,0.0010805368656292558,1.0677285194396973,0.9979940091511154,0.1359020173549652,1.0677285194396973,0.5196272646011879,1.0165823698043823,1.0677285194396973,0.36811610599401007,1.2113268375396729
Olfr1444,0.0013678919058293104,0.0038237483240664005,-1.4848048686981201,0.9984208920935209,-0.0029389034025371075,-1.4848048686981201,0.657574827754077,-0.7582362294197083,-1.4848048686981201,0.3625832439795314,-1.2233830690383911
Tle4,0.3714529275894165,0.30623650550842285,0.328228235244751,0.09175804361606402,2.1781728267669678,0.328228235244751,0.0037125093803783917,3.4698500633239746,0.328228235244751,3.524123775790766e-05,4.553939342498779
Psat1,0.41201749444007874,0.5338938236236572,-0.468666136264801,1.4356288883329253e-07,-5.759271144866943,-0.468666136264801,3.256721996134e-09,-6.502455711364746,-0.468666136264801,1.177471646060092e-16,-8.723974227905273
Cep78,0.060162805020809174,0.07854314148426056,-0.39802518486976624,0.0036286196071046856,-3.411710739135742,-0.39802518486976624,0.11627962112869056,-2.1347596645355225,-0.39802518486976624,0.011667347444688884,-2.938910722732544
Gnaq,0.033923424780368805,0.04497165605425835,-0.4147561192512512,0.08989205255618098,-2.1880581378936768,-0.4147561192512512,0.36167647049845647,-1.4210337400436401,-0.4147561192512512,0.10493903313524568,-2.012063503265381
Gna14,0.00030013828654773533,0.0,18.19548988342285,0.9979940091511154,0.14071114361286163,18.19548988342285,0.5196272646011879,1.0,18.19548988342285,0.46147875269036936,1.0
Vps13a,0.33777111768722534,0.35206139087677,-0.07068070769309998,0.5862727998343327,-1.0446466207504272,-0.07068070769309998,0.6642370424577833,-0.745735764503479,-0.07068070769309998,0.46147875269036936,-1.029066562652588
Prune2,0.0014674421399831772,0.004914951045066118,-1.7463608980178833,0.9979940091511154,-0.4867892861366272,-1.7463608980178833,0.21625984624625744,-1.7867423295974731,-1.7463608980178833,0.02538909583927494,-2.646916151046753
Gcnt1,0.022674255073070526,0.027284862473607063,-0.27038541436195374,0.3629676846941267,-1.4044396877288818,-0.27038541436195374,0.5843860397106866,-0.8815783858299255,-0.27038541436195374,0.3745654718607551,-1.1987367868423462
Rfk,0.24126584827899933,0.28685587644577026,-0.28403428196907043,0.005758470265785457,-3.2626280784606934,-0.28403428196907043,0.021232719311186758,-2.8736207485198975,-0.28403428196907043,0.00040040492981145004,-3.9548392295837402
Ostf1,1.5986218452453613,1.6233184337615967,-0.04452033340930939,0.9979940091511154,-0.2832925021648407,-0.04452033340930939,0.3798568435479234,-1.3607420921325684,-0.04452033340930939,0.16021537352752957,-1.785548210144043
Nmrk1,0.10021183639764786,0.11273922026157379,-0.1791335791349411,0.024181132507148033,-2.7512590885162354,-0.1791335791349411,0.5196272646011879,-1.0859992504119873,-0.1791335791349411,0.24623485118144123,-1.4972598552703857
Carnmt1,0.4398054778575897,0.4911983907222748,-0.19937826693058014,0.04293876600655331,-2.5172154903411865,-0.19937826693058014,0.048708552319348605,-2.545670986175537,-0.19937826693058014,0.0023403795490663662,-3.464268922805786
D030056L22Rik,0.44187918305397034,0.36032506823539734,0.35710400342941284,0.0016309785711728802,3.655728816986084,0.35710400342941284,0.00010933509070492013,4.428375720977783,0.35710400342941284,6.910613810176301e-08,5.80769681930542
Trpm6,0.005799510516226292,0.0018863403238356113,1.623165249824524,0.9979940091511154,0.16208498179912567,1.623165249824524,0.1892280324879758,1.8611860275268555,1.623165249824524,0.0961604630342997,2.057664632797241
Rorb,0.0003465840418357402,0.0,18.403099060058594,0.9979940091511154,0.14071114361286163,18.403099060058594,0.5196272646011879,1.0,18.403099060058594,0.46147875269036936,1.0
Anxa1,0.30193689465522766,0.3752487301826477,-0.3694622218608856,3.003301595742137e-05,-4.681228160858154,-0.3694622218608856,0.012612910728344086,-3.0632832050323486,-0.3694622218608856,0.00015780531297055167,-4.194667339324951
Zfand5,0.5274785161018372,0.5479528903961182,-0.07102582603693008,0.5367279918310638,-1.119455099105835,-0.07102582603693008,0.5196272646011879,-1.0034643411636353,-0.07102582603693008,0.3153661256261539,-1.322278618812561
Gda,0.0,0.011370225809514523,-23.44696807861328,0.9979940091511154,-0.143560990691185,-23.44696807861328,0.2758890172021091,-1.6240242719650269,-23.44696807861328,0.014711561342018164,-2.8579015731811523
1110059E24Rik,0.23284165561199188,0.27174609899520874,-0.25215256214141846,0.010160025634326898,-3.0712432861328125,-0.25215256214141846,0.04313108357347903,-2.5958776473999023,-0.25215256214141846,0.0018932505169179956,-3.527761697769165
Abhd17b,0.1869131177663803,0.22596460580825806,-0.30286705493927,0.002035155072177958,-3.5886683464050293,-0.30286705493927,0.04780463738987054,-2.554215669631958,-0.30286705493927,0.0017898449626474067,-3.544095516204834
Cemip2,0.07575409859418869,0.07699212431907654,-0.024291284382343292,0.1676438623484011,-1.870389461517334,-0.024291284382343292,1.0,-0.12387116253376007,-0.024291284382343292,0.9768725861710528,-0.16712312400341034
Trpm3,0.00033099623396992683,0.0007104421965777874,-1.1021738052368164,0.9979940091511154,0.05521576479077339,-1.1021738052368164,0.8181728648689283,-0.48413267731666565,-1.1021738052368164,0.6213328838538734,-0.7268284559249878
Klf9,0.020336482673883438,0.020167311653494835,0.012173951603472233,0.9979940091511154,-0.45330360531806946,0.012173951603472233,1.0,0.02896910533308983,0.012173951603472233,1.0,0.04117380455136299
Smc5,0.3747880756855011,0.3514057397842407,0.11082250624895096,0.9979940091511154,0.41491973400115967,0.11082250624895096,0.41385212239540603,1.2886149883270264,0.11082250624895096,0.17617000384681675,1.7022068500518799
Mamdc2,0.0,0.0028778091073036194,-21.458616256713867,0.9979940091511154,0.027607882395386696,-21.458616256713867,0.5196272646011879,-1.0,-21.458616256713867,0.16021537352752957,-1.759765386581421
Ptar1,0.10969589650630951,0.12591975927352905,-0.21092785894870758,0.002816339370304982,-3.4904377460479736,-0.21092785894870758,0.37737034672518693,-1.365989327430725,-0.21092785894870758,0.144151606161787,-1.8454656600952148
Apba1,0.0,0.0006283739930950105,-19.26171875,0.9979940091511154,0.027607882395386696,-19.26171875,0.5196272646011879,-1.0,-19.26171875,0.16021537352752957,-1.759765386581421
Tjp2,0.0751902386546135,0.08806423097848892,-0.23742373287677765,0.01771153289813029,-2.870418071746826,-0.23742373287677765,0.3995038816023899,-1.3189480304718018,-0.23742373287677765,0.1548970529283561,-1.8062554597854614
Fxn,0.4033757150173187,0.39104700088500977,0.05426273122429848,0.9979940091511154,0.47957563400268555,0.05426273122429848,0.6978369182545475,0.6889948844909668,0.05426273122429848,0.5104072830910317,0.9136114716529846
Pip5k1b,0.0,0.0,0.0,0.9979940091511154,0.11319231241941452,0.0,1.0,0.0,0.0,1.0,0.0
Fam122a,0.12990300357341766,0.1472279280424118,-0.19340237975120544,0.012628329702118612,-2.993941068649292,-0.19340237975120544,0.37693748503492314,-1.3670014142990112,-0.19340237975120544,0.13478866644189355,-1.8811209201812744
Gm10053,0.02487144060432911,0.04345458745956421,-0.8184996247291565,0.008555168485033151,-3.129843235015869,-0.8184996247291565,0.013030073808066513,-3.0528712272644043,-0.8184996247291565,9.931985712955282e-05,-4.308733940124512
Cbwd1,0.1260991394519806,0.15966710448265076,-0.365299254655838,0.0009800527531699456,-3.8024067878723145,-0.365299254655838,0.04236382227579801,-2.603884220123291,-0.365299254655838,0.0013658415685485615,-3.6218321323394775
Dock8,0.5932559370994568,0.5441399216651917,0.16344663500785828,0.030198174120681886,2.6628246307373047,0.16344663500785828,0.06082675474304996,2.447258710861206,0.16344663500785828,0.0042997703978886635,3.275529623031616
Dmrt2,0.0,0.00047738291323184967,-18.865135192871094,0.9979940091511154,0.027607882395386696,-18.865135192871094,0.5196272646011879,-1.0,-18.865135192871094,0.16021537352752957,-1.759765386581421
Smarca2,0.17073076963424683,0.16068051755428314,0.09497778862714767,0.3387539650049367,-1.4512839317321777,0.09497778862714767,0.6809333026698191,0.7183154225349426,0.09497778862714767,0.4855088956235349,0.9561004638671875
Pum3,0.26913967728614807,0.3852250874042511,-0.6056422591209412,2.5811381824587875e-09,-6.449735641479492,-0.6056422591209412,1.2896877711740527e-09,-6.671084403991699,-0.6056422591209412,1.8690336627003038e-18,-9.212457656860352
Rfx3,0.08203466981649399,0.08609728515148163,-0.07270556688308716,0.12961106500659209,-2.0080726146698,-0.07270556688308716,0.8773472300227197,-0.38038918375968933,-0.07270556688308716,0.7538377144312068,-0.5200344324111938
Glis3,0.0,0.0,0.0,0.9979940091511154,0.11319231241941452,0.0,1.0,0.0,0.0,1.0,0.0
Slc1a1,0.0,0.0,0.0,0.9979940091511154,0.11319231241941452,0.0,1.0,0.0,0.0,1.0,0.0
4430402I18Rik,0.0029389073606580496,0.008738878183066845,-1.5763556957244873,0.9979940091511154,-0.4885704517364502,-1.5763556957244873,0.317947632632377,-1.5230188369750977,-1.5763556957244873,0.036124101998494265,-2.505549192428589
Plpp6,0.053417716175317764,0.055345505475997925,-0.05255099758505821,0.07070880246329297,-2.3005380630493164,-0.05255099758505821,0.9408246376306105,-0.26592618227005005,-0.05255099758505821,0.8665341972655847,-0.34568071365356445
Cdc37l1,0.23538479208946228,0.19932162761688232,0.2668786942958832,0.9723185999251115,0.5423612594604492,0.2668786942958832,0.06804445252277161,2.3960747718811035,0.2668786942958832,0.0063891852315928485,3.1459250450134277
Ak3,0.2812180519104004,0.3538545072078705,-0.38663142919540405,0.00012215325533945057,-4.350467681884766,-0.38663142919540405,0.00020393268660838892,-4.276529312133789,-0.38663142919540405,6.035402317200792e-08,-5.830450534820557
Rcl1,0.06483066082000732,0.13233284652233124,-1.0789153575897217,2.8047423672522206e-09,-6.43593168258667,-1.0789153575897217,4.6373078417364784e-08,-6.069738388061523,-1.0789153575897217,1.572766586124334e-17,-8.96137523651123
Jak2,0.2948395609855652,0.311984658241272,-0.09453707933425903,0.39788296874574747,-1.3399618864059448,-0.09453707933425903,0.5196272646011879,-1.0104091167449951,-0.09453707933425903,0.29173628726292866,-1.3761059045791626
Insl6,0.4338798224925995,0.3723891079425812,0.26781290769577026,0.24350367766013992,1.6571853160858154,0.26781290769577026,0.021375598941504446,2.869819164276123,0.26781290769577026,0.0007028502503716914,3.8066465854644775
Rln1,0.0,0.0,0.0,0.9979940091511154,0.11319231241941452,0.0,1.0,0.0,0.0,1.0,0.0
Plgrkt,0.766849160194397,0.7224037647247314,0.1221403181552887,0.014528565153594438,2.943000078201294,0.1221403181552887,0.13223684104174785,2.06672739982605,0.1221403181552887,0.016505547232597995,2.811462163925171
Cd274,0.15821488201618195,0.14890174567699432,0.09441448003053665,0.47018874395155796,-1.21928870677948,0.09441448003053665,0.7368268306920424,0.6232621073722839,0.09441448003053665,0.5483253697009727,0.8485268950462341
Pdcd1lg2,0.0413508415222168,0.044378653168678284,-0.10414905101060867,0.13308051301797685,-1.9940905570983887,-0.10414905101060867,0.8527609112903586,-0.4235164523124695,-0.10414905101060867,0.7272591920774093,-0.562166690826416
Ric1,0.20013435184955597,0.19166401028633118,0.06869877129793167,0.44221477739846643,-1.264530062675476,0.06869877129793167,0.7613160041679048,0.5810505151748657,0.06869877129793167,0.5978647640946175,0.7668037414550781
Ermp1,0.11674725264310837,0.13851821422576904,-0.2627255320549011,0.016969433864595936,-2.886181354522705,-0.2627255320549011,0.2493900837383054,-1.6931387186050415,-0.2627255320549011,0.04561976666078932,-2.400697708129883
Mlana,0.0,0.0,0.0,0.9979940091511154,0.11319231241941452,0.0,1.0,0.0,0.0,1.0,0.0
9930021J03Rik,0.10504617542028427,0.08846741169691086,0.25995761156082153,0.3874292174531115,-1.3578624725341797,0.25995761156082153,0.2958296100443059,1.5735902786254883,0.25995761156082153,0.10911539558213,1.9922641515731812
Ranbp6,0.06067600101232529,0.06425034999847412,-0.0851832926273346,0.08892587798564384,-2.193668842315674,-0.0851832926273346,0.876337073851529,-0.38286152482032776,-0.0851832926273346,0.7518118887610198,-0.5235480070114136
Il33,0.0008250319515354931,0.0005821105442009866,0.5033314228057861,0.9979940091511154,0.05521576479077339,0.5033314228057861,0.9554070958094956,0.24058343470096588,0.5033314228057861,0.9116218672747811,0.27329084277153015
Uhrf2,0.7099636197090149,0.6009820699691772,0.3275635540485382,0.003974982425608084,3.3827669620513916,0.3275635540485382,0.0002609012258698811,4.209410667419434,0.3275635540485382,2.437775057553598e-07,5.57540225982666
Gldc,0.11902662366628647,0.09088987112045288,0.4097440838813782,0.9979940091511154,0.2571985721588135,0.4097440838813782,0.12224615872287217,2.1083755493164062,0.4097440838813782,0.015602077010978656,2.8328301906585693
Cstf2t,0.07415704429149628,0.08514882624149323,-0.20743674039840698,0.013271672236888488,-2.9759514331817627,-0.20743674039840698,0.47331770432226883,-1.1745898723602295,-0.20743674039840698,0.21541775089103904,-1.581376314163208
Asah2,0.006554718129336834,0.008077764883637428,-0.30252230167388916,0.9979940091511154,-0.17864970862865448,-0.30252230167388916,0.876337073851529,-0.3829399049282074,-0.30252230167388916,0.7177017183682411,-0.5771558880805969
Sgms1,0.04658975079655647,0.06419725716114044,-0.47531747817993164,0.07784943826738296,-2.2565436363220215,-0.47531747817993164,0.2534573017939152,-1.6814556121826172,-0.47531747817993164,0.03667351603843513,-2.498232364654541
Rpl9-ps6,0.2825048565864563,0.3305564224720001,-0.26305094361305237,0.012143379495790514,-3.008368492126465,-0.26305094361305237,0.020675420591283997,-2.88336181640625,-0.26305094361305237,0.00043036951822995846,-3.9359774589538574
Minpp1,0.2135060578584671,0.24922692775726318,-0.249942809343338,0.006350338803363583,-3.2302112579345703,-0.249942809343338,0.06411348833395539,-2.4238195419311523,-0.249942809343338,0.004357733544412792,-3.2710306644439697
Papss2,0.0,0.001763686421327293,-20.751436233520508,0.9979940091511154,-0.05797655135393143,-20.751436233520508,0.3690676067226424,-1.38575279712677,-20.751436233520508,0.04202621807001886,-2.4385998249053955
Atad1,0.3276176154613495,0.3512541353702545,-0.11851517856121063,0.13336464489251462,-1.993021845817566,-0.11851517856121063,0.36167647049845647,-1.415173888206482,-0.11851517856121063,0.14003762376041334,-1.861334204673767
Pten,0.5235446095466614,0.5720965266227722,-0.16615067422389984,0.11462501356770002,-2.069878578186035,-0.16615067422389984,0.06676711016650576,-2.4052906036376953,-0.16615067422389984,0.00462374919213194,-3.2513866424560547
Lipo3,0.023456217721104622,0.015523272566497326,0.6012784838676453,0.9984208920935209,0.0035623072180896997,0.6012784838676453,0.23208492820249035,1.7419930696487427,0.6012784838676453,0.07246602229642524,2.194927930831909
Stambpl1,0.1023595780134201,0.10545951873064041,-0.04531797021627426,0.07155267546659494,-2.2948384284973145,-0.04531797021627426,0.9241502075591116,-0.29564034938812256,-0.04531797021627426,0.8336257687409325,-0.39662355184555054
Acta2,0.0005287704989314079,0.0007209163741208613,-0.4473280608654022,0.9979940091511154,0.05521576479077339,-0.4473280608654022,0.9677234655661164,-0.2149171382188797,-0.4473280608654022,0.9024998022217681,-0.2872573137283325
Fas,0.09642135351896286,0.10481585562229156,-0.12658938765525818,0.13061416231269188,-2.0042431354522705,-0.12658938765525818,0.6970091595213881,-0.6911172270774841,-0.12658938765525818,0.4803760913644654,-0.965984582901001
Ch25h,0.0021761171519756317,0.0,21.054895401000977,0.9979940091511154,0.2507864236831665,21.054895401000977,0.10969041287699852,2.1634392738342285,21.054895401000977,0.07754174600356271,2.1634392738342285
Lipa,0.15601803362369537,0.17296138405799866,-0.1612943708896637,0.029936161937114174,-2.6662979125976562,-0.1612943708896637,0.46886889088603695,-1.1826809644699097,-0.1612943708896637,0.19419198523326114,-1.6451081037521362
Ifit2,0.08191271126270294,0.08763174712657928,-0.10155010223388672,0.09655609867105061,-2.1543052196502686,-0.10155010223388672,0.8059347484271303,-0.503641664981842,-0.10155010223388672,0.6334364939794159,-0.7077282071113586
Ifit3,0.06702869385480881,0.04922676831483841,0.4583016335964203,0.9984208920935209,-0.00730272987857461,0.4583016335964203,0.3957659009068697,1.3272705078125,0.4583016335964203,0.15937236741880395,1.790888786315918
Ifit1bl1,0.057899340987205505,0.04326438158750534,0.43101295828819275,0.9979940091511154,-0.48287075757980347,0.43101295828819275,0.31790664621885983,1.5215367078781128,0.43101295828819275,0.1042566991125875,2.0157971382141113
Ifit3b,0.010962480679154396,0.013156061992049217,-0.26473885774612427,0.9979940091511154,-0.1556728333234787,-0.26473885774612427,0.8996445194862985,-0.3422306478023529,-0.26473885774612427,0.7661624719704242,-0.5016515254974365
Ifit1bl2,0.0003063702315557748,0.0,18.225141525268555,0.9979940091511154,0.14071114361286163,18.225141525268555,0.5196272646011879,1.0,18.225141525268555,0.46147875269036936,1.0
Ifit1,0.06195276975631714,0.02850123681128025,1.1444560289382935,0.9979940091511154,0.028320342302322388,1.1444560289382935,0.002311941439287707,3.6061019897460938,1.1444560289382935,0.0003093128187304797,4.027969837188721
Pank1,0.012371356599032879,0.012900694273412228,-0.06082756444811821,0.9012925846422536,-0.6351593732833862,-0.06082756444811821,1.0,-0.14624594151973724,-0.06082756444811821,0.9611058528027056,-0.19204308092594147
Kif20b,0.821243941783905,0.5652445554733276,0.7447616457939148,1.4129741248782472e-17,8.992599487304688,0.7447616457939148,2.4686076969427176e-21,10.31998348236084,0.7447616457939148,2.978927227357137e-40,13.947538375854492
Htr7,0.0,0.0006956302095204592,-19.408464431762695,0.9979940091511154,0.027607882395386696,-19.408464431762695,0.5196272646011879,-1.0,-19.408464431762695,0.16021537352752957,-1.759765386581421
Rpp30,0.3316597640514374,0.3823419511318207,-0.24388961493968964,0.03116797503786114,-2.6500003337860107,-0.24388961493968964,0.014282234679811101,-3.0184390544891357,-0.24388961493968964,0.0002827290538227006,-4.046648979187012
Pcgf5,0.23395565152168274,0.2553776800632477,-0.14247974753379822,0.019837426662823232,-2.827047109603882,-0.14247974753379822,0.372281897237625,-1.376489281654358,-0.14247974753379822,0.15425072272156776,-1.808685302734375
Hectd2,0.009370395913720131,0.009458860382437706,-0.0136202871799469,0.9979940091511154,-0.31348302960395813,-0.0136202871799469,1.0,-0.02833542600274086,-0.0136202871799469,1.0,-0.037367213517427444
Tnks2,0.4611203372478485,0.49819907546043396,-0.14045561850070953,0.35443070628325096,-1.4206480979919434,-0.14045561850070953,0.1781420510855938,-1.8997762203216553,-0.14045561850070953,0.03089843287600658,-2.568660020828247
Fgfbp3,0.0201990008354187,0.024726035073399544,-0.29502490162849426,0.4368865770359305,-1.2733467817306519,-0.29502490162849426,0.6234440917307849,-0.8162716031074524,-0.29502490162849426,0.4141203126811989,-1.124224066734314
Btaf1,0.24743208289146423,0.24882204830646515,-0.009125757962465286,0.4366081654035389,-1.2738810777664185,-0.009125757962465286,1.0,-0.08713602274656296,-0.009125757962465286,1.0,-0.11663961410522461
Cpeb3,0.0004109940491616726,0.0031713873613625765,-2.949913501739502,0.9979940091511154,-0.2014484703540802,-2.949913501739502,0.31909005043797817,-1.51939058303833,-2.949913501739502,0.03321172092118812,-2.5409176349639893
March5,0.4654729664325714,0.48421144485473633,-0.0715225338935852,0.9214913234559555,-0.6093326807022095,-0.0715225338935852,0.5196272646011879,-1.007847785949707,-0.0715225338935852,0.302173270582167,-1.351815938949585
Ide,0.4879572093486786,0.5707208514213562,-0.29097431898117065,0.0017731863154692785,-3.6306145191192627,-0.29097431898117065,0.00040986973629555755,-4.0942606925964355,-0.29097431898117065,2.977239036505119e-07,-5.537319660186768
Kif11,1.4048752784729004,1.00308358669281,0.8325971364974976,4.435029895168468e-31,12.027863502502441,0.8325971364974976,1.1283589512824867e-28,12.464136123657227,0.8325971364974976,1.354076213874941e-69,18.7562255859375
Hhex,0.0064185806550085545,0.022433366626501083,-1.8168997764587402,0.3382223958571551,-1.4525307416915894,-1.8168997764587402,0.028097218131244304,-2.774226665496826,-1.8168997764587402,4.262417940901035e-05,-4.5131402015686035
Exoc6,0.1417243331670761,0.1475183069705963,-0.06208672747015953,0.09129623916316698,-2.18084454536438,-0.06208672747015953,0.8220411876399597,-0.4765785336494446,-0.06208672747015953,0.676360563765898,-0.6399457454681396
Cyp26a1,0.0,0.0,0.0,0.9979940091511154,0.11319231241941452,0.0,1.0,0.0,0.0,1.0,0.0
Myof,0.0,0.010569838806986809,-23.341081619262695,0.9979940091511154,-0.143560990691185,-23.341081619262695,0.32453139516817564,-1.50771963596344,-23.341081619262695,0.02515350490579527,-2.6532328128814697
Cep55,0.6186756491661072,0.47434771060943604,0.4967842698097229,3.3062805215394526e-08,6.0211896896362305,0.4967842698097229,4.994045277797149e-10,6.808192729949951,0.4967842698097229,1.1359307585504487e-17,9.006237030029297
Fra10ac1,0.13690510392189026,0.1537381410598755,-0.17973551154136658,0.011675560682876136,-3.022617816925049,-0.17973551154136658,0.3570462392311484,-1.433398962020874,-0.17973551154136658,0.12633696430638186,-1.916036605834961
Lgi1,0.00029244404868222773,0.0,18.158016204833984,0.9979940091511154,0.14071114361286163,18.158016204833984,0.5196272646011879,1.0,18.158016204833984,0.46147875269036936,1.0
Slc35g1,0.03725258260965347,0.05958937853574753,-0.6939571499824524,0.0025835253832469833,-3.516976833343506,-0.6939571499824524,0.027778720432199727,-2.7736241817474365,-0.6939571499824524,0.0003572324135345011,-3.9852564334869385
Plce1,0.001302327262237668,0.0,20.313600540161133,0.9979940091511154,0.22326761484146118,20.313600540161133,0.15807735161069109,1.9676533937454224,20.313600540161133,0.11448112257337656,1.9676533937454224
Noc3l,0.06503122299909592,0.11694461107254028,-0.884636402130127,1.3648583553272335e-06,-5.3326849937438965,-0.884636402130127,3.570556299841941e-05,-4.712812423706055,-0.884636402130127,1.0384273923293544e-10,-6.878010272979736
Tbc1d12,0.0034904361236840487,0.007966124452650547,-1.193702220916748,0.9266794830644679,-0.6018518209457397,-1.193702220916748,0.23166397392765053,-1.7453689575195312,-1.193702220916748,0.027300837784022102,-2.618300437927246
Hells,0.42620450258255005,0.6822958588600159,-0.8805556297302246,1.6658612521641884e-19,-9.487582206726074,-0.8805556297302246,1.679660793055531e-19,-9.923272132873535,-0.8805556297302246,1.2060937487156636e-42,-14.370898246765137
Pdlim1,0.3973710238933563,0.44445356726646423,-0.1978844404220581,0.017207628118978545,-2.880659818649292,-0.1978844404220581,0.08043396194298835,-2.31645131111145,-0.1978844404220581,0.007526613740302041,-3.0909557342529297
Sorbs1,0.033814601600170135,0.035191282629966736,-0.058570705354213715,0.1833428312650075,-1.8212295770645142,-0.058570705354213715,0.9693782049630505,-0.21189627051353455,-0.058570705354213715,0.9126276968339705,-0.27165940403938293
Aldh18a1,0.10456187278032303,0.1464410126209259,-0.5168038010597229,1.8742738726306144e-05,-4.788364410400391,-0.5168038010597229,0.0017336749502678307,-3.7007837295532227,-0.5168038010597229,2.3608956561133775e-06,-5.134275913238525
Tctn3,0.011877086944878101,0.010852934792637825,0.13083583116531372,0.9979940091511154,-0.4150088131427765,0.13083583116531372,0.9195397167689632,0.30425307154655457,0.13083583116531372,0.8345530477763683,0.39489540457725525
Entpd1,0.08873037993907928,0.08127676695585251,0.13203802704811096,0.25158363524903204,-1.6383050680160522,0.13203802704811096,0.6983092251254629,0.6880524158477783,0.13203802704811096,0.5115523589034431,0.9116696715354919
Ccnj,0.008497392758727074,0.007189639378339052,0.242045596241951,0.9979940091511154,-0.20447644591331482,0.242045596241951,0.8445351658381403,0.4378960430622101,0.242045596241951,0.7285438562635793,0.5603956580162048
Zfp518a,0.11482354253530502,0.10302811115980148,0.16504326462745667,0.19918919542937083,-1.776077389717102,0.16504326462745667,0.5150919284270866,1.09783136844635,0.16504326462745667,0.28120830889874754,1.4065030813217163
Blnk,0.0,0.004401924554258585,-22.072879791259766,0.9979940091511154,-0.05797655135393143,-22.072879791259766,0.4610782198242878,-1.1995782852172852,-22.072879791259766,0.08645792446423523,-2.110976219177246
Dntt,0.0,0.0005804196698591113,-19.147157669067383,0.9979940091511154,0.027607882395386696,-19.147157669067383,0.5196272646011879,-1.0,-19.147157669067383,0.16021537352752957,-1.759765386581421
Tm9sf3,0.8446109890937805,0.8895661234855652,-0.11187189072370529,0.36551316232058234,-1.4002538919448853,-0.11187189072370529,0.12536249706959304,-2.0945348739624023,-0.11187189072370529,0.015749931856995424,-2.829393148422241
Pik3ap1,0.42241811752319336,0.34610629081726074,0.34602048993110657,0.005119748840082551,3.3011012077331543,0.34602048993110657,0.0006797825472880893,3.955465793609619,0.34602048993110657,1.3351007219332024e-06,5.249096870422363
Lcor,0.11773273348808289,0.11685244739055634,0.01147486548870802,0.0652099429943032,-2.336339235305786,0.01147486548870802,1.0,0.07779014110565186,0.01147486548870802,1.0,0.10262680053710938
Arhgap19,0.39708411693573,0.2765943109989166,0.6134580969810486,3.910999294928102e-06,5.123488426208496,0.6134580969810486,4.5025079624525925e-10,6.81495475769043,0.6134580969810486,5.717262496395644e-17,8.817573547363281
Frat1,0.03126082196831703,0.02274944633245468,0.4646914005279541,0.9979940091511154,-0.2658371925354004,0.4646914005279541,0.32289391269128365,1.5082907676696777,0.4646914005279541,0.12596360642272608,1.917907476425171
Frat2,0.14687271416187286,0.14483532309532166,0.021658509969711304,0.43385889286976587,-1.2784230709075928,0.021658509969711304,1.0,0.13775748014450073,0.021658509969711304,0.9603246983591255,0.19328363239765167
Rrp12,0.04324035346508026,0.09388629347085953,-1.1554869413375854,3.964221581694303e-08,-5.987704277038574,-1.1554869413375854,2.0895842615376154e-07,-5.788590908050537,-1.1554869413375854,7.492040374796583e-16,-8.493001937866211
Pgam1,0.872829794883728,1.212487816810608,-0.7610158920288086,2.182150835255565e-32,-12.283370018005371,-0.7610158920288086,7.243626164022626e-32,-13.0132474899292,-0.7610158920288086,6.8403249378498216e-65,-18.029306411743164
Exosc1,0.2662930488586426,0.3610951006412506,-0.5113187432289124,3.224429743761227e-07,-5.611168384552002,-0.5113187432289124,2.323886549348354e-07,-5.746644973754883,-0.5113187432289124,1.1065067893702344e-13,-7.852750778198242
Zdhhc16,0.13888457417488098,0.15672051906585693,-0.18749025464057922,0.004627567224272294,-3.3345868587493896,-0.18749025464057922,0.3314831222205079,-1.49113929271698,-0.18749025464057922,0.11075759751499388,-1.983868956565857
Mms19,0.16716523468494415,0.15871594846248627,0.08108814060688019,0.4393780557122013,-1.2690719366073608,0.08108814060688019,0.7268475086221815,0.6391981244087219,0.08108814060688019,0.5456812140398918,0.8528525829315186
Ubtd1,0.008711252361536026,0.008421260863542557,0.04905320331454277,0.9979940091511154,-0.34287208318710327,0.04905320331454277,1.0,0.0952422171831131,0.04905320331454277,1.0,0.12364266067743301
Hoga1,0.0,0.0008203503675758839,-19.646474838256836,0.9979940091511154,0.027607882395386696,-19.646474838256836,0.5196272646011879,-1.0,-19.646474838256836,0.16021537352752957,-1.759765386581421
Morn4,0.0030194169376045465,0.005889948923140764,-0.9660570621490479,0.9979940091511154,-0.43139541149139404,-0.9660570621490479,0.4289207258361048,-1.259020447731018,-0.9660570621490479,0.15344533569050847,-1.8111217021942139
Pi4k2a,0.11627677083015442,0.1344023495912552,-0.22234322130680084,0.010625832087536645,-3.056459665298462,-0.22234322130680084,0.3170455778566144,-1.5233795642852783,-0.22234322130680084,0.08898374119754156,-2.0953588485717773
Avpi1,0.09696462005376816,0.1425543576478958,-0.5895240306854248,4.159285433619572e-06,-5.111198425292969,-0.5895240306854248,0.0010611578525446818,-3.8394546508789062,-0.5895240306854248,7.052334154925318e-07,-5.371593475341797
Marveld1,0.028340036049485207,0.04491157457232475,-0.6762725710868835,0.02830010391669947,-2.6882951259613037,-0.6762725710868835,0.07971386357718871,-2.3229148387908936,-0.6762725710868835,0.003745970327189244,-3.3192031383514404
Zfyve27,0.10483018308877945,0.1016753613948822,0.04639913886785507,0.4066970585588076,-1.324733018875122,0.04639913886785507,0.9399167486348453,0.26745328307151794,0.04639913886785507,0.8524873368242949,0.3672497272491455
Golga7b,0.0,0.0007404090138152242,-19.498498916625977,0.9979940091511154,0.027607882395386696,-19.498498916625977,0.5196272646011879,-1.0,-19.498498916625977,0.16021537352752957,-1.759765386581421
R3hcc1l,0.08052157610654831,0.09338688105344772,-0.22325925529003143,0.018934603500803938,-2.8456602096557617,-0.22325925529003143,0.4385453806080359,-1.2395882606506348,-0.22325925529003143,0.16993864831644992,-1.7240060567855835
Pyroxd2,0.0003737776423804462,0.003578690579161048,-3.261488676071167,0.9979940091511154,0.05503764748573303,-3.261488676071167,0.5798108107948043,-0.8907095193862915,-3.261488676071167,0.22713976127064026,-1.5500022172927856
Hps1,0.11058329790830612,0.13390296697616577,-0.2932184934616089,0.006277706099982301,-3.2343077659606934,-0.2932184934616089,0.1703036456643334,-1.926788568496704,-0.2932184934616089,0.022392463192923796,-2.6958110332489014
Cnnm1,0.0,0.0006166617386043072,-19.234567642211914,0.9979940091511154,0.027607882395386696,-19.234567642211914,0.5196272646011879,-1.0,-19.234567642211914,0.16021537352752957,-1.759765386581421
Got1,0.30792173743247986,0.3381159007549286,-0.15790532529354095,0.09251119076583218,-2.1744322776794434,-0.15790532529354095,0.2099073167359658,-1.804012417793274,-0.15790532529354095,0.044105189860847376,-2.415152072906494
Slc25a28,0.14181821048259735,0.13038907945156097,0.12965089082717896,0.3576882130050624,-1.4143249988555908,0.12965089082717896,0.52798819426675,0.9853596091270447,0.12965089082717896,0.335028081188392,1.2813700437545776
Entpd7,0.05771138519048691,0.07164870947599411,-0.32224687933921814,0.020952527061165665,-2.80576229095459,-0.32224687933921814,0.2765878474900264,-1.6196037530899048,-0.32224687933921814,0.06649572084628493,-2.2340242862701416
Cox15,0.07181812822818756,0.08172594755887985,-0.19368469715118408,0.0370416630149257,-2.579021453857422,-0.19368469715118408,0.5196272646011879,-1.031322717666626,-0.19368469715118408,0.28063275343863686,-1.4083360433578491
Cutc,0.10764458775520325,0.12487239390611649,-0.22684670984745026,0.026743836060752393,-2.7102034091949463,-0.22684670984745026,0.28226270530475167,-1.6058844327926636,-0.22684670984745026,0.07340265844891271,-2.188490629196167
Dnmbp,0.011587071232497692,0.0074172597378492355,0.6465705633163452,0.9979940091511154,-0.1677846759557724,0.6465705633163452,0.3737485027163435,1.373265266418457,0.6465705633163452,0.1942160228745627,1.6452454328536987
Cyp2c23,0.0004266213800292462,0.0007029501721262932,-0.7206641435623169,0.9979940091511154,0.05521576479077339,-0.7206641435623169,0.902553116163959,-0.3360518217086792,-0.7206641435623169,0.7850513202768612,-0.47280851006507874
Erlin1,0.023144271224737167,0.04702544957399368,-1.0401138067245483,0.007227933175588462,-3.1861276626586914,-1.0401138067245483,0.006464919660179821,-3.297351598739624,-1.0401138067245483,6.206848025440341e-06,-4.937707901000977
Chuk,0.2840121388435364,0.2600252628326416,0.14538714289665222,0.9979940091511154,0.4487616717815399,0.14538714289665222,0.28851562077542253,1.590510606765747,0.14538714289665222,0.09451062675674678,2.0656938552856445
Cwf19l1,0.053682003170251846,0.05917004123330116,-0.1444244235754013,0.06389224290298358,-2.3456013202667236,-0.1444244235754013,0.6983446275842041,-0.6876718997955322,-0.1444244235754013,0.5010698014812783,-0.9289752840995789
Bloc1s2,0.39383548498153687,0.45434096455574036,-0.2529035806655884,0.019545342074746085,-2.8331921100616455,-0.2529035806655884,0.006899370686132814,-3.2704946994781494,-0.2529035806655884,4.571668303743928e-05,-4.492769718170166
Scd3,0.00033447990426793694,0.0,18.351804733276367,0.9979940091511154,0.14071114361286163,18.351804733276367,0.5196272646011879,1.0,18.351804733276367,0.46147875269036936,1.0
Scd2,0.1179845780134201,0.23284927010536194,-1.0660762786865234,3.0736867069186225e-14,-8.062480926513672,-1.0660762786865234,1.8780134495443998e-11,-7.390878677368164,-1.0660762786865234,4.433029747565298e-25,-10.843935012817383
Scd4,0.0,0.0,0.0,0.9979940091511154,0.11319231241941452,0.0,1.0,0.0,0.0,1.0,0.0
Scd1,0.0016061997739598155,0.004883515648543835,-1.6066334247589111,0.9979940091511154,-0.23119373619556427,-1.6066334247589111,0.5196272646011879,-1.064988613128662,-1.6066334247589111,0.19432092609744103,-1.6446635723114014
Sec31b,0.0011934594949707389,0.0,20.187580108642578,0.9979940091511154,0.22326761484146118,20.187580108642578,0.1498985728485071,1.9985413551330566,20.187580108642578,0.10799877556255298,1.9985413551330566
Ndufb8,1.1825859546661377,1.3346707820892334,-0.3066709339618683,4.174281747107772e-13,-7.72236967086792,-0.3066709339618683,2.626743583624217e-10,-6.937371253967285,-0.3066709339618683,3.691560517514476e-20,-9.656984329223633
Hif1an,0.19319142401218414,0.19269870221614838,0.004050876945257187,0.5867665540348787,-1.0438450574874878,0.004050876945257187,1.0,0.03329533338546753,0.004050876945257187,1.0,0.04587624967098236
Pax2,0.0,0.0004788881342392415,-18.869678497314453,0.9979940091511154,0.027607882395386696,-18.869678497314453,0.5196272646011879,-1.0,-18.869678497314453,0.16021537352752957,-1.759765386581421
Slf2,0.11758416146039963,0.15565666556358337,-0.4327623248100281,9.713634485825904e-05,-4.40639591217041,-0.4327623248100281,0.014192082564499144,-3.021841287612915,-0.4327623248100281,0.00018107746493572073,-4.1603240966796875
Sema4g,0.0,0.0013807837385684252,-20.398052215576172,0.9979940091511154,-0.05797655135393143,-20.398052215576172,0.36167647049845647,-1.416057825088501,-20.398052215576172,0.037277906666215874,-2.491929531097412
Mrpl43,0.6988051533699036,0.7258147597312927,-0.07648807018995285,0.6191179092554641,-0.9990490674972534,-0.07648807018995285,0.37052519637636594,-1.3809301853179932,-0.07648807018995285,0.1343019600886708,-1.8830846548080444
Twnk,0.01942269876599312,0.029887869954109192,-0.6293964982032776,0.2813978448454143,-1.5688401460647583,-0.6293964982032776,0.24828419854214837,-1.6964004039764404,-0.6293964982032776,0.03446620745710353,-2.524594783782959
Lzts2,0.004118513315916061,0.0019130405271425843,1.1078476905822754,0.9979940091511154,0.18987098336219788,1.1078476905822754,0.40427385707454355,1.3081634044647217,1.1078476905822754,0.2262452632512218,1.5522708892822266
Pdzd7,0.0,0.0,0.0,0.9979940091511154,0.11319231241941452,0.0,1.0,0.0,0.0,1.0,0.0
Sfxn3,0.14414407312870026,0.092451311647892,0.6787691712379456,0.30421267605808444,1.5206599235534668,0.6787691712379456,6.552298683153448e-05,4.548484802246094,0.6787691712379456,8.827377650610418e-08,5.764989376068115
Kazald1,0.0016143883112818003,0.0012045460753142834,0.4227934181690216,0.9979940091511154,0.08050814270973206,0.4227934181690216,0.8875310617365383,0.36304253339767456,0.4227934181690216,0.7915400745458923,0.46264219284057617
Btrc,0.05242331326007843,0.06309906393289566,-0.27518513798713684,0.04425067361404082,-2.5043020248413086,-0.27518513798713684,0.4472478175268022,-1.2245956659317017,-0.27518513798713684,0.17336449247311778,-1.7112289667129517
Poll,0.06673236936330795,0.0726693719625473,-0.12729321420192719,0.016676873651471174,-2.8925936222076416,-0.12729321420192719,0.6683846345176674,-0.7386342883110046,-0.12729321420192719,0.4854048984770856,-0.9563902020454407
Gm17018,0.5800196528434753,0.6352453827857971,-0.17505890130996704,0.12786960633880629,-2.014841079711914,-0.17505890130996704,0.04138260130629794,-2.6124072074890137,-0.17505890130996704,0.0021271088126432252,-3.4929404258728027
Fbxw4,0.07392378151416779,0.07042914628982544,0.0724169909954071,0.41858070458644037,-1.3045169115066528,0.0724169909954071,0.8833743876406126,0.37063294649124146,0.0724169909954071,0.7633257378943142,0.5059470534324646
Fgf8,0.0,0.0,0.0,0.9979940091511154,0.11319231241941452,0.0,1.0,0.0,0.0,1.0,0.0
Npm3,1.0488362312316895,1.1411834955215454,-0.20027653872966766,0.00020292737454504558,-4.2247185707092285,-0.20027653872966766,0.0010766490043708397,-3.834254026412964,-0.20027653872966766,1.07975945633848e-06,-5.28997278213501
Oga,0.4785711467266083,0.4763180613517761,0.00856233760714531,0.9979940091511154,0.2115119993686676,0.00856233760714531,1.0,0.11833775788545609,0.00856233760714531,0.9828902598126092,0.15701904892921448
Kcnip2,0.0035249204374849796,0.0025868054945021868,0.4470960199832916,0.9979940091511154,0.2173898071050644,0.4470960199832916,0.8733518106177246,0.3877445459365845,0.4470960199832916,0.7358417598866254,0.5482518672943115
Armh3,0.040728289633989334,0.040013816207647324,0.026052117347717285,0.31604366380769994,-1.4967033863067627,0.026052117347717285,1.0,0.10173627734184265,0.026052117347717285,0.9967361904310873,0.13479167222976685
Hps6,0.05984499305486679,0.07153290510177612,-0.26589977741241455,0.12892103728106816,-2.010566234588623,-0.26589977741241455,0.42725885495475946,-1.2619972229003906,-0.26589977741241455,0.16021537352752957,-1.7859598398208618
Ldb1,0.28154680132865906,0.30725905299186707,-0.14553681015968323,0.10373752999494892,-2.1187713146209717,-0.14553681015968323,0.3189949766083498,-1.5180864334106445,-0.14553681015968323,0.09993800250644228,-2.0377848148345947
Pprc1,0.02434268407523632,0.05721440538764,-1.2567633390426636,0.000688166238494889,-3.8984110355377197,-1.2567633390426636,0.0005829043307498423,-4.013295650482178,-1.2567633390426636,8.780143876781074e-09,-6.1696062088012695
Nolc1,0.2903536856174469,0.5497279763221741,-1.1210620403289795,2.195405041204464e-30,-11.890180587768555,-1.1210620403289795,1.644072839235285e-32,-13.187847137451172,-1.1210620403289795,3.257186815219494e-67,-18.377107620239258
Elovl3,0.0004053247976116836,0.0,18.62901496887207,0.9979940091511154,0.14071114361286163,18.62901496887207,0.5196272646011879,1.0,18.62901496887207,0.46147875269036936,1.0
Gbf1,0.22431115806102753,0.2246934473514557,-0.0027427468448877335,0.4368865770359305,-1.2733467817306519,-0.0027427468448877335,1.0,-0.026361538097262383,-0.0027427468448877335,1.0,-0.03511298820376396
Nfkb2,0.2145068347454071,0.18879760801792145,0.20335115492343903,0.9979940091511154,-0.39096322655677795,0.20335115492343903,0.28216155687645783,1.6062119007110596,0.20335115492343903,0.07998211233898997,2.1475565433502197
Psd,0.020022181794047356,0.016305575147271156,0.29892316460609436,0.9979940091511154,-0.175443634390831,0.29892316460609436,0.6636686344843891,0.7470167279243469,0.29892316460609436,0.46147875269036936,1.008378505706787
Fbxl15,0.10506410896778107,0.10293742269277573,0.031063150614500046,0.14943728902145184,-1.9346890449523926,0.031063150614500046,0.9741052158555406,0.20424781739711761,0.031063150614500046,0.9139081845975995,0.26948630809783936
Cuedc2,0.32424938678741455,0.35528889298439026,-0.15554437041282654,0.1224356103698585,-2.0367491245269775,-0.15554437041282654,0.21967825764841378,-1.7756601572036743,-0.15554437041282654,0.04643957542387968,-2.3931994438171387
Mfsd13a,0.0159988421946764,0.033815886825323105,-1.0926393270492554,0.0708092345461076,-2.299914598464966,-1.0926393270492554,0.01834452211761657,-2.9332334995269775,-1.0926393270492554,3.902586989876672e-05,-4.530439853668213
2310034G01Rik,0.0003312510089017451,0.0016963635571300983,-2.3574299812316895,0.9984208920935209,-0.002760788192972541,-2.3574299812316895,0.4011666836086105,-1.31667160987854,-2.3574299812316895,0.08771599884952656,-2.102890729904175
Actr1a,0.3538733720779419,0.37991318106651306,-0.12236623466014862,0.23802168687950084,-1.6705440282821655,-0.12236623466014862,0.33285196220556923,-1.487718939781189,-0.12236623466014862,0.10669513836144512,-2.00356388092041
Sufu,0.056758735328912735,0.06411316990852356,-0.18113671243190765,0.0834136538874831,-2.224215507507324,-0.18113671243190765,0.5742961164297233,-0.8996269106864929,-0.18113671243190765,0.3734728113079869,-1.2007460594177246
Trim8,0.18704916536808014,0.20156732201576233,-0.11865600943565369,0.02906240188678849,-2.6784098148345947,-0.11865600943565369,0.5196272646011879,-1.0144801139831543,-0.11865600943565369,0.2981635926924611,-1.3608657121658325
Arl3,0.150370791554451,0.21196433901786804,-0.541068434715271,4.361409249130311e-06,-5.101046085357666,-0.541068434715271,0.000124650527514334,-4.406713008880615,-0.541068434715271,6.26873845642054e-09,-6.224128723144531
Sfxn2,0.03027108497917652,0.022197244688868523,0.4534092843532562,0.9714892571601285,-0.5448548793792725,0.4534092843532562,0.3560162331451585,1.4348223209381104,0.4534092843532562,0.16021537352752957,1.7668720483779907
Wbp1l,0.16018281877040863,0.16241048276424408,-0.02157519944012165,0.1077896169495619,-2.099713087081909,-0.02157519944012165,0.9949832835444418,-0.16285930573940277,-0.02157519944012165,0.9453089774488338,-0.21956729888916016
Cyp17a1,0.0,0.0004788881342392415,-18.869678497314453,0.9979940091511154,0.027607882395386696,-18.869678497314453,0.5196272646011879,-1.0,-18.869678497314453,0.16021537352752957,-1.759765386581421
Borcs7,0.2267691045999527,0.2438274323940277,-0.11742347478866577,0.057467900126528276,-2.3950283527374268,-0.11742347478866577,0.5332258601393092,-0.9749516844749451,-0.11742347478866577,0.3086689128018953,-1.3376761674880981
As3mt,0.09554959833621979,0.12283976376056671,-0.3824997842311859,0.0027718452282148136,-3.495335817337036,-0.3824997842311859,0.2189579598992217,-1.7783808708190918,-0.3824997842311859,0.03483485145052994,-2.51992130279541
Cnnm2,0.01032180618494749,0.013375603593885899,-0.3761157989501953,0.8221811079389296,-0.7345477342605591,-0.3761157989501953,0.6295923881507066,-0.805823802947998,-0.3761157989501953,0.4204440602946192,-1.1129794120788574
Nt5c2,0.06847594678401947,0.08702979236841202,-0.35946938395500183,0.000922826320634547,-3.8191497325897217,-0.35946938395500183,0.14243128365826868,-2.028515338897705,-0.35946938395500183,0.021196795411623254,-2.717442512512207
Ina,0.0,0.0010726551990956068,-20.03352928161621,0.9979940091511154,-0.05797655135393143,-20.03352928161621,0.3625987265945032,-1.4051724672317505,-20.03352928161621,0.03879468547905398,-2.472773790359497
Pcgf6,0.07743589580059052,0.12348078191280365,-0.7069823741912842,3.7356921415440017e-07,-5.5821356773376465,-0.7069823741912842,0.00014343190090985905,-4.368078231811523,-0.7069823741912842,1.2115391461707904e-08,-6.111313343048096
Taf5,0.22100743651390076,0.2142622172832489,0.049759604036808014,0.7008739822431915,-0.8910220861434937,0.049759604036808014,0.831192463306784,0.46052756905555725,0.049759604036808014,0.6946487971198118,0.6120614409446716
Atp5md,1.008132815361023,1.0698442459106445,-0.13780349493026733,0.07989190194067819,-2.244342565536499,-0.13780349493026733,0.023657938475673043,-2.833493709564209,-0.13780349493026733,0.0005672162761122584,-3.864417314529419
Pdcd11,0.1364651620388031,0.1982923001050949,-0.5849383473396301,3.643501157179683e-07,-5.586944580078125,-0.5849383473396301,0.00010793806792685566,-4.440459728240967,-0.5849383473396301,6.74228001754061e-09,-6.211813449859619
Calhm2,0.05029730498790741,0.05014592781662941,0.004458803683519363,0.20999580345123312,-1.7462430000305176,0.004458803683519363,1.0,0.02046940289437771,0.004458803683519363,1.0,0.026856962591409683
Neurl1a,0.0,0.0010680563282221556,-20.027328491210938,0.9979940091511154,0.027607882395386696,-20.027328491210938,0.5196272646011879,-1.0,-20.027328491210938,0.16021537352752957,-1.759765386581421
Sh3pxd2a,0.0,0.005645102355629206,-22.432641983032227,0.9979940091511154,-0.22914542257785797,-22.432641983032227,0.22280331724136992,-1.7708373069763184,-22.432641983032227,0.007065872113515539,-3.116258144378662
Stn1,0.10179450362920761,0.12940329313278198,-0.3665139079093933,0.00041534656613631424,-4.036717414855957,-0.3665139079093933,0.058743465195533126,-2.4631540775299072,-0.3665139079093933,0.0033516006761929863,-3.3540430068969727
Slk,0.42768096923828125,0.4783459007740021,-0.20081637799739838,0.05995671558364988,-2.374901294708252,-0.20081637799739838,0.06016626416944144,-2.452752113342285,-0.20081637799739838,0.0035933615857636544,-3.3329532146453857
Sfr1,0.923699676990509,1.0312418937683105,-0.24890297651290894,9.77511650043303e-05,-4.4045257568359375,-0.24890297651290894,2.9962284532595715e-06,-5.229248046875,-0.24890297651290894,2.4528653483197016e-10,-6.749000072479248
Cfap43,0.0020976057276129723,0.0023593653459101915,-0.16984422504901886,0.9979940091511154,-0.061895087361335754,-0.16984422504901886,0.9879376186832055,-0.17782491445541382,-0.16984422504901886,0.9355833728764664,-0.2360488772392273
Gsto1,0.09628105908632278,0.2211817353963852,-1.2923874855041504,3.734817669348041e-18,-9.145333290100098,-1.2923874855041504,5.340761607760636e-16,-8.914828300476074,-1.2923874855041504,1.1236710970924758e-36,-13.265724182128906
Gsto2,0.0015110201202332973,0.0025259326212108135,-0.7420253157615662,0.9979940091511154,-0.11764519661664963,-0.7420253157615662,0.701996683114835,-0.6813802719116211,-0.7420253157615662,0.4834002907745994,-0.960507869720459
Itprip,0.0462694987654686,0.07097571343183517,-0.6352593302726746,0.0052813231928200656,-3.2910375595092773,-0.6352593302726746,0.04181135926555623,-2.611445903778076,-0.6352593302726746,0.0006074901938413244,-3.8460164070129395
Xpnpep1,0.2455637902021408,0.31651636958122253,-0.4197578728199005,7.194889151456391e-05,-4.477552890777588,-0.4197578728199005,0.0001386171510199428,-4.375479698181152,-0.4197578728199005,1.6350952417414266e-08,-6.059529781341553
Add3,0.7431713938713074,0.7619223594665527,-0.05115583911538124,0.9979940091511154,-0.500504195690155,-0.05115583911538124,0.6273249419644368,-0.8098010420799255,-0.05115583911538124,0.4430306790268618,-1.071796178817749
Mxi1,0.16544941067695618,0.1395471692085266,0.2647966742515564,0.9979940091511154,-0.34135809540748596,0.2647966742515564,0.14760839107287116,2.008742332458496,0.2647966742515564,0.027806447998383756,2.610992431640625
Smndc1,0.5597155094146729,0.566605269908905,-0.02308405004441738,0.9979940091511154,0.09840873628854752,-0.02308405004441738,0.8996445194862985,-0.3423650860786438,-0.02308405004441738,0.7950179294040421,-0.45770108699798584
Dusp5,0.9465519189834595,0.8355279564857483,0.27181869745254517,0.0005488081794380177,3.960484266281128,0.27181869745254517,0.0008633220474547847,3.8910372257232666,0.27181869745254517,1.8344537379215583e-06,5.185574054718018
Nutf2-ps1,0.02971494384109974,0.0510711744427681,-0.7968294024467468,0.008832949972397032,-3.1191563606262207,-0.7968294024467468,0.015108503016740315,-3.0023317337036133,-0.7968294024467468,8.211114156561809e-05,-4.353516578674316
Smc3,1.0755269527435303,1.1347726583480835,-0.12781229615211487,0.07454612313749563,-2.2765815258026123,-0.12781229615211487,0.07606856244211703,-2.3450968265533447,-0.12781229615211487,0.00550357125402683,-3.1950228214263916
Rbm20,0.0003495421551633626,0.001288649975322187,-1.8829965591430664,0.9979940091511154,-0.0302796121686697,-1.8829965591430664,0.5406539991730185,-0.9624890685081482,-1.8829965591430664,0.24393553580635627,-1.5034980773925781
Pdcd4,0.4875410497188568,0.3814001679420471,0.43630918860435486,0.0009050704341104995,3.8247601985931396,0.43630918860435486,0.00020190441204037918,4.279854774475098,0.43630918860435486,5.012413233810846e-08,5.8632917404174805
Bbip1,0.6524729132652283,0.5131987929344177,0.4565689265727997,1.273998441486225e-08,6.184877872467041,0.4565689265727997,3.39550359351532e-10,6.863574504852295,0.4565689265727997,1.7935531594089613e-17,8.95431900024414
Shoc2,0.275471955537796,0.24536193907260895,0.18965546786785126,0.5887405954356791,1.040817141532898,0.18965546786785126,0.1579407393871428,1.969264030456543,0.18965546786785126,0.0280557463219956,2.6073203086853027
Adra2a,0.0006313840276561677,0.0025679266545921564,-2.0254099369049072,0.9979940091511154,-0.1733953058719635,-2.0254099369049072,0.36167647049845647,-1.4224950075149536,-2.0254099369049072,0.0627538674311082,-2.26057767868042
Gpam,0.014525352977216244,0.015724485740065575,-0.11530676484107971,0.7155202328822611,-0.8715184926986694,-0.11530676484107971,0.9189442370897183,-0.3055249750614166,-0.11530676484107971,0.8312639383084424,-0.4006536602973938
Acsl5,0.5096351504325867,0.5984073281288147,-0.3015812039375305,0.0005777409559303396,-3.9457895755767822,-0.3015812039375305,0.00011535881749248147,-4.416474342346191,-0.3015812039375305,5.4783597495861144e-08,-5.848660945892334
Zdhhc6,0.20234879851341248,0.22111102938652039,-0.14193792641162872,0.0699750970619759,-2.30525803565979,-0.14193792641162872,0.4016665743871829,-1.3141093254089355,-0.14193792641162872,0.16021537352752957,-1.7749162912368774
Vti1a,0.1522231101989746,0.16627155244350433,-0.13775667548179626,0.034693614526186925,-2.605827808380127,-0.13775667548179626,0.5196272646011879,-1.0115134716033936,-0.13775667548179626,0.28715086191979555,-1.388635516166687
Tcf7l2,0.002195899374783039,0.007995303720235825,-1.8685274124145508,0.9979940091511154,-0.17669044435024261,-1.8685274124145508,0.4302128980934079,-1.2574135065078735,-1.8685274124145508,0.08781343883192665,-2.102576971054077
Habp2,0.0,0.0,0.0,0.9979940091511154,0.11319231241941452,0.0,1.0,0.0,0.0,1.0,0.0
Nrap,0.0,0.0,0.0,0.9979940091511154,0.11319231241941452,0.0,1.0,0.0,0.0,1.0,0.0
Casp7,0.17892226576805115,0.14461871981620789,0.33249038457870483,0.9979940091511154,-0.06171697378158569,0.33249038457870483,0.0491567201326314,2.5403740406036377,0.33249038457870483,0.00429310239980306,3.2765791416168213
Plekhs1,0.0002320201019756496,0.0,17.824064254760742,0.9979940091511154,0.14071114361286163,17.824064254760742,0.5196272646011879,1.0,17.824064254760742,0.46147875269036936,1.0
Dclre1a,0.04485304653644562,0.06923584640026093,-0.6440688967704773,0.0010935006877171639,-3.7708804607391357,-0.6440688967704773,0.020852339309846618,-2.8810458183288574,-0.6440688967704773,0.0003308558938881486,-4.005542278289795
Nhlrc2,0.17141065001487732,0.2063325196504593,-0.29349762201309204,0.0016850808075838178,-3.645665168762207,-0.29349762201309204,0.057863749030641,-2.4699878692626953,-0.29349762201309204,0.003094200855418687,-3.379119873046875
Adrb1,0.015421103686094284,0.014689777977764606,0.07062217593193054,0.9572907012626023,-0.5628445744514465,0.07062217593193054,0.996159209124351,0.16049091517925262,0.07062217593193054,0.9527595409670753,0.20649400353431702
Ccdc186,0.14977632462978363,0.14485222101211548,0.051866985857486725,0.2101190822010612,-1.7458868026733398,0.051866985857486725,0.8769683200439482,0.38122376799583435,0.051866985857486725,0.7618286589574512,0.5082623958587646
Afap1l2,0.00027242154465056956,0.0,18.055683135986328,0.9979940091511154,0.14071114361286163,18.055683135986328,0.5196272646011879,1.0,18.055683135986328,0.46147875269036936,1.0
Ablim1,0.8776594996452332,0.8814506530761719,-0.009349177591502666,0.8662976356903278,0.6777289509773254,-0.009349177591502666,0.9982599814604517,-0.15571708977222443,-0.009349177591502666,0.949334183214355,-0.21176856756210327
Fam160b1,0.17187729477882385,0.15086519718170166,0.20368345081806183,0.8914689962301505,-0.6470931172370911,0.20368345081806183,0.27759105702192777,1.6159332990646362,0.20368345081806183,0.0873304076064926,2.1047158241271973
Trub1,0.02604423277080059,0.04963694512844086,-0.9475761651992798,0.004963752091795121,-3.31152081489563,-0.9475761651992798,0.00883391730118312,-3.1927084922790527,-0.9475761651992798,1.3045278824181277e-05,-4.777463436126709
Atrnl1,0.01243510004132986,0.011027389205992222,0.17434437572956085,0.9443332126994947,-0.5783405900001526,0.17434437572956085,0.855662209960217,0.4188563823699951,0.17434437572956085,0.7496487625390628,0.5268478393554688
Pnliprp1,0.0,0.0,0.0,0.9979940091511154,0.11319231241941452,0.0,1.0,0.0,0.0,1.0,0.0
Hspa12a,0.0,0.0,0.0,0.9979940091511154,0.11319231241941452,0.0,1.0,0.0,0.0,1.0,0.0
Shtn1,0.0004822424380108714,0.0066244532354176044,-3.7844016551971436,0.9979940091511154,-0.2602265477180481,-3.7844016551971436,0.1534790685786298,-1.9906617403030396,-3.7844016551971436,0.0024181859727725424,-3.458986282348633
Slc18a2,0.003863366087898612,0.0038798917084932327,-0.0061699142679572105,0.9979940091511154,-0.12013881653547287,-0.0061699142679572105,1.0,-0.00794855784624815,-0.0061699142679572105,1.0,-0.010259972885251045
Pdzd8,0.18994183838367462,0.23768800497055054,-0.35917913913726807,0.00010114632459717418,-4.396154403686523,-0.35917913913726807,0.009778552390261413,-3.1525251865386963,-0.35917913913726807,9.663751113032168e-05,-4.3153839111328125
Rab11fip2,0.10143156349658966,0.0830293670296669,0.30229151248931885,0.9406954193689205,-0.5827044248580933,0.30229151248931885,0.2762865897972786,1.619949460029602,0.30229151248931885,0.07725978078745671,2.163738250732422
Fam204a,0.44031375646591187,0.416770875453949,0.097469262778759,0.7455551950672796,0.8321549892425537,0.097469262778759,0.44584389958063786,1.2266294956207275,0.097469262778759,0.19783493878355565,1.6333829164505005
Cacul1,0.11798833310604095,0.12474018335342407,-0.08525107055902481,0.06286892363885599,-2.3530821800231934,-0.08525107055902481,0.7359175382254961,-0.6251686215400696,-0.08525107055902481,0.5563895238985346,-0.8353783488273621
Nanos1,0.019420277327299118,0.03685431554913521,-0.9369049072265625,0.020135297781892707,-2.8215255737304688,-0.9369049072265625,0.011355050574922525,-3.1036813259124756,-0.9369049072265625,5.340744056512893e-05,-4.455554485321045
Eif3a,1.2243512868881226,1.542380452156067,-0.6138108968734741,1.489511623857437e-30,-11.923487663269043,-0.6138108968734741,7.243626164022626e-32,-12.930805206298828,-0.6138108968734741,7.138688249048769e-61,-17.431533813476562
Fam45a,0.0937967300415039,0.08098548650741577,0.22125005722045898,0.37100627703547884,-1.3898341655731201,0.22125005722045898,0.39160216737358644,1.3367877006530762,0.22125005722045898,0.17038550820142834,1.7224290370941162
Sfxn4,0.004392847418785095,0.010504952631890774,-1.2622557878494263,0.7718667963502142,-0.7977787256240845,-1.2622557878494263,0.2652130905488027,-1.6500775814056396,-1.2622557878494263,0.027919506012151395,-2.6095404624938965
Prdx3,0.40657907724380493,0.5884613394737244,-0.6754452586174011,3.0503727562929168e-15,-8.35361099243164,-0.6754452586174011,4.881385161723773e-18,-9.42694091796875,-0.6754452586174011,6.963610484936163e-35,-12.919017791748047
Grk5,0.007255475502461195,0.011312795802950859,-0.6437445878982544,0.7970090210646135,-0.7657179236412048,-0.6437445878982544,0.4302170221533307,-1.2564005851745605,-0.6437445878982544,0.16021537352752957,-1.7678574323654175
Zfp950,0.07235197722911835,0.07979751378297806,-0.14675012230873108,0.011469288875350335,-3.029564142227173,-0.14675012230873108,0.6538104234507377,-0.7646400332450867,-0.14675012230873108,0.46147875269036936,-1.0204572677612305
Gm7102,0.00033409043680876493,0.0005990875069983304,-0.8427174091339111,0.9979940091511154,0.05521576479077339,-0.8427174091339111,0.8740751477763703,-0.3863234221935272,-0.8427174091339111,0.731566934598533,-0.5555688738822937
Csf2ra,0.016151700168848038,0.031394779682159424,-0.9698778986930847,0.45995608330565174,-1.2351410388946533,-0.9698778986930847,0.15964894295463306,-1.965997338294983,-0.9698778986930847,0.0062979318395055585,-3.151292324066162
mt-Nd1,2.9020702838897705,3.0281167030334473,-0.19173893332481384,4.326209349410948e-06,-5.102916240692139,-0.19173893332481384,1.1311586183877937e-09,-6.665364742279053,-0.19173893332481384,2.6801382699116e-16,-8.62977123260498
mt-Nd2,2.6992950439453125,2.780275821685791,-0.12489987164735794,0.06506885014678564,-2.3374078273773193,-0.12489987164735794,0.0004860053009240199,-4.04328727722168,-0.12489987164735794,1.7509064180764278e-06,-5.196609020233154
mt-Co1,4.3224263191223145,4.243488311767578,0.11547772586345673,3.3739828943058166e-07,5.602084636688232,0.11547772586345673,4.99903886204015e-07,5.604278087615967,0.11547772586345673,1.6346134304557469e-13,7.798178195953369
mt-Co2,4.146909713745117,4.085967063903809,0.08937836438417435,0.0001468737005500201,4.304870128631592,0.08937836438417435,0.00013440835566033683,4.383495330810547,0.08937836438417435,1.7819322797836886e-08,6.045081615447998
mt-Atp8,0.28947797417640686,0.3289334774017334,-0.2142678052186966,0.018365334061815182,-2.8571486473083496,-0.2142678052186966,0.06790857300010503,-2.3975443840026855,-0.2142678052186966,0.0050743773284369475,-3.220926284790039
mt-Atp6,4.447318077087402,4.361417770385742,0.12546145915985107,2.6860160798323436e-08,6.0581488609313965,0.12546145915985107,8.040681310368353e-08,5.943628311157227,0.12546145915985107,1.2058106777405947e-14,8.142125129699707
mt-Co3,4.220884799957275,4.140625953674316,0.11758687347173691,1.3913040956516562e-05,4.854177951812744,0.11758687347173691,1.1887303078509672e-05,4.946492671966553,0.11758687347173691,1.7721661747185558e-10,6.796329975128174
mt-Nd3,1.3468884229660034,1.467063069343567,-0.22967424988746643,0.00027738366134957116,-4.144477367401123,-0.22967424988746643,1.1060790727716654e-05,-4.957691192626953,-0.22967424988746643,4.69819634096688e-10,-6.645959854125977
mt-Nd4l,0.7514330148696899,0.8837753534317017,-0.34236541390419006,9.454597304861714e-06,-4.9366455078125,-0.34236541390419006,1.7583553361183465e-08,-6.2006635665893555,-0.34236541390419006,2.1896651817811893e-14,-8.070229530334473
mt-Nd4,2.934431314468384,2.9642298221588135,-0.045366667211055756,0.3853726128656947,-1.3620481491088867,-0.045366667211055756,0.2245682957986676,-1.7633634805679321,-0.045366667211055756,0.04585520103330245,-2.398669481277466
mt-Nd5,1.4885917901992798,1.6131445169448853,-0.22811472415924072,3.930633579341511e-05,-4.619688987731934,-0.22811472415924072,4.790063430740534e-08,-6.021777629852295,-0.22811472415924072,1.1333694365657442e-13,-7.854555606842041
mt-Nd6,0.24478143453598022,0.23130394518375397,0.09181148558855057,0.8210667278006349,-0.7366851568222046,0.09181148558855057,0.638271090458999,0.7897840738296509,0.09181148558855057,0.4479322899954105,1.0628427267074585
mt-Cytb,3.4189987182617188,3.445936918258667,-0.040161680430173874,0.9979940091511154,-0.4273878037929535,-0.040161680430173874,0.36971127687427857,-1.382431149482727,-0.040161680430173874,0.14621929097722003,-1.837827205657959
Vamp7,0.21036666631698608,0.258383184671402,-0.3325943946838379,0.0003295830806034783,-4.099146842956543,-0.3325943946838379,0.005790701516358169,-3.3274381160736084,-0.3325943946838379,5.1415826210064504e-05,-4.4658122062683105
Tmlhe,0.002619770122691989,0.003773881820961833,-0.5274417996406555,0.9979940091511154,-0.17588892579078674,-0.5274417996406555,0.725158099901163,-0.6423131227493286,-0.5274417996406555,0.5159669039614556,-0.9039223790168762
AC133103.1,0.0,0.0,0.0,0.9979940091511154,0.11319231241941452,0.0,1.0,0.0,0.0,1.0,0.0
AC132444.1,0.0014318268513306975,0.000483606563648209,1.5666334629058838,0.9979940091511154,0.11043152958154678,1.5666334629058838,0.5378222276897999,0.9662274718284607,1.5666334629058838,0.4510598936208997,1.0570281744003296
Csprs,0.0009299393859691918,0.0008905103895813227,0.06253256648778915,0.9979940091511154,0.08282364159822464,0.06253256648778915,1.0,0.03557230159640312,0.06253256648778915,1.0,0.0474100224673748
AC132444.6,0.0,0.0,0.0,0.9979940091511154,0.11319231241941452,0.0,1.0,0.0,0.0,1.0,0.0
AC125149.3,0.004656928591430187,0.007845928892493248,-0.7548679113388062,0.9979940091511154,-0.20803874731063843,-0.7548679113388062,0.615420490103647,-0.8289922475814819,-0.7548679113388062,0.3498236610105499,-1.2492555379867554
AC168977.2,0.0,0.0,0.0,0.9979940091511154,0.11319231241941452,0.0,1.0,0.0,0.0,1.0,0.0
AC168977.1,0.003182152519002557,0.006866502575576305,-1.1122322082519531,0.9271892045315492,-0.6004269123077393,-1.1122322082519531,0.3034511699341317,-1.555801510810852,-1.1122322082519531,0.06553692759885633,-2.2408647537231445
AC149090.1,0.21550433337688446,0.23687082529067993,-0.15237662196159363,0.02463522731162473,-2.7435109615325928,-0.15237662196159363,0.5196272646011879,-1.0858765840530396,-0.15237662196159363,0.24325698240297175,-1.5052334070205688
CAAA01118383.1,0.30763423442840576,0.2681422233581543,0.22806987166404724,0.5365669229735175,1.1199003458023071,0.22806987166404724,0.05092376047045723,2.5256845951080322,0.22806987166404724,0.004510060423817078,3.260258913040161
CAAA01147332.1,0.01868405006825924,0.012140123173594475,0.626756489276886,0.9979940091511154,-0.10437560081481934,0.626756489276886,0.233510948702326,1.7379064559936523,0.626756489276886,0.08168533973194633,2.1369261741638184
