"ID","Description","GeneRatio","BgRatio","pvalue","p.adjust","qvalue","geneID","Count"
"GO:0098687","chromosomal region","119/2867","299/23436",4.8278322041262e-34,4.8278322041262e-34,2.63752096204368e-31,"Sgo2a/Hjurp/Nuf2/Cenpf/Nsl1/Nek2/Suv39h2/Spc25/Nup160/Ckap5/Kif18a/Bub1b/Knstrn/Knl1/Rad51/Oip5/Bub1/Dsn1/Snai1/Aurka/Rtel1/Suv39h1/Ercc6l/Cenpi/Smc1a/Pmf1/Cenpe/Nbn/Itgb3bp/Orc1/Kif2c/Scmh1/Cdca8/Rcc2/Cenps/Cenpa/Ncapg/Chek2/Dynll1/Kntc1/Stag3/Mad1l1/Brca2/Ezh2/Hnrnpa2b1/Cbx3/Mad2l1/Ncapd2/Ercc1/Pold1/Blm/Plk1/Kat8/Mki67/Nup43/Cenpw/Dna2/Nup37/Sycp3/Nup107/Cdk2/Cenpu/Dync1li2/Terb1/Cenpt/Cenpn/Cdt1/Nup133/Wdhd1/Ska3/Pinx1/Esco2/Dnmt1/Spc24/Sept7/Ncapd3/Chek1/H2afx/Zwilch/Pif1/Ttk/Xpo1/Spdl1/Nudcd2/Rad50/Cenpv/Ctc1/Aurkb/Mis12/Rpa1/Spag5/Ska2/Cbx1/Nup85/Birc5/Cenpp/Thoc3/Cenph/Ccnb1/Cenpk/Mis18bp1/Rad21/Dscc1/Recql4/Dmc1/Rangap1/Xrcc6/Cenpm/Cbx5/Nde1/Thoc6/Telo2/Sgo1/Ndc80/Ska1/Incenp/Fen1/Hells/Dclre1a",119
"GO:0000775","chromosome, centromeric region","90/2867","190/23436",5.51543616345342e-33,5.51543616345342e-33,1.50658493096438e-30,"Sgo2a/Hjurp/Nuf2/Cenpf/Nsl1/Nek2/Suv39h2/Spc25/Nup160/Ckap5/Kif18a/Bub1b/Knstrn/Knl1/Oip5/Bub1/Dsn1/Snai1/Aurka/Suv39h1/Ercc6l/Cenpi/Smc1a/Pmf1/Cenpe/Itgb3bp/Kif2c/Cdca8/Rcc2/Cenps/Cenpa/Ncapg/Dynll1/Kntc1/Stag3/Mad1l1/Cbx3/Mad2l1/Ncapd2/Plk1/Kat8/Mki67/Nup43/Cenpw/Nup37/Sycp3/Nup107/Cenpu/Dync1li2/Cenpt/Cenpn/Cdt1/Nup133/Wdhd1/Ska3/Pinx1/Esco2/Dnmt1/Spc24/Sept7/Ncapd3/Zwilch/Ttk/Xpo1/Spdl1/Nudcd2/Cenpv/Aurkb/Mis12/Spag5/Ska2/Cbx1/Nup85/Birc5/Cenpp/Cenph/Ccnb1/Cenpk/Mis18bp1/Rad21/Dscc1/Rangap1/Cenpm/Cbx5/Nde1/Sgo1/Ndc80/Ska1/Incenp/Hells",90
"GO:0000776","kinetochore","69/2867","132/23436",6.39686060480595e-29,6.39686060480595e-29,1.16490198382256e-26,"Sgo2a/Hjurp/Nuf2/Cenpf/Nsl1/Nek2/Spc25/Nup160/Ckap5/Kif18a/Bub1b/Knstrn/Knl1/Bub1/Dsn1/Ercc6l/Cenpi/Smc1a/Pmf1/Cenpe/Itgb3bp/Kif2c/Cenps/Cenpa/Dynll1/Kntc1/Mad1l1/Mad2l1/Plk1/Kat8/Nup43/Cenpw/Nup37/Nup107/Cenpu/Dync1li2/Cenpt/Cenpn/Cdt1/Nup133/Ska3/Pinx1/Spc24/Sept7/Ncapd3/Zwilch/Ttk/Xpo1/Spdl1/Nudcd2/Cenpv/Aurkb/Mis12/Spag5/Ska2/Nup85/Birc5/Cenph/Ccnb1/Cenpk/Mis18bp1/Rangap1/Cenpm/Cbx5/Nde1/Sgo1/Ndc80/Ska1/Incenp",69
"GO:0005874","microtubule","129/2867","420/23436",3.66233892828781e-24,3.66233892828781e-24,5.00198395731941e-22,"Stau2/Bag2/Map2/Tuba4a/Nav1/Kif14/Aspm/Dnm3/Ccdc181/Nek2/Spag6l/Tubb4b/Spaca9/Ttll11/Ttc30b/Ckap5/Tcp11l1/Kif18a/Knstrn/Nusap1/Stard9/Map1a/Ninl/Tpx2/Ttll9/Mapre1/Spag4/Aurka/Hdac6/Haus7/Kif4/Mid1/Map9/Fhdc1/Cct3/Psrc1/Cenpe/Kif24/Kif2c/Nudc/Stmn1/Kif17/Rcc2/Tmem214/Dynll1/Kntc1/Cct6a/Katnal1/Hsph1/Dysf/Cct7/Fkbp4/Casc1/Apoe/Haus5/Selenos/Kif7/Ttll13/Dnah3/Plk1/Kif22/Tube1/Cdk1/Gas2l3/Mdm1/Ncoa2/Rassf3/Kif5a/Camsap3/Cdc16/Ckap2/Haus8/Cfap20/Dync1li2/Tppp3/Enkd1/Tubb3/Ccsap/Haus4/Ska3/Reep4/Rab3d/Lrrc49/Kif23/Myo5a/Nicn1/Kif9/Kif15/Gas2l1/Cct4/Eml6/Kif3a/Aurkb/Spag5/Tubd1/Ska2/Dynll2/Tubg1/Kif18b/Kif19a/Birc5/Tubb2a/Tubb2b/Tppp/Map1b/Dnal1/Cct5/Ndrg1/Gtse1/Tuba1b/Tuba1a/Tuba1c/Nde1/Cct8/Tiam1/Dynlt1a/Tcp1/Kifc5b/Kifc1/Tubb5/Trip10/Kif20a/Reep2/Tubb6/Ska1/Haus1/Incenp/Kif20b/Kif11",129
"GO:0005657","replication fork","42/2867","71/23436",6.56667976319293e-21,6.56667976319293e-21,7.17496167809922e-19,"Prim2/Zranb3/Mcm10/Pcna/Pola1/Plrg1/Nbn/Mms22l/Xrcc2/Rfc1/Rfc5/Rfc2/Rfc3/Rpa3/Pold1/Blm/Pold3/Hdac2/Prim1/Timeless/Gins4/Gins2/Wdhd1/Dnmt1/Chek1/H2afx/Tipin/Pif1/Pold2/Etaa1/Rpa1/Rad51c/E2f6/Rad51b/Xrcc3/Tonsl/Cdc45/Rfc4/Polh/Uhrf1/Pola2/Prpf19",42
"GO:0005819","spindle","92/2867","273/23436",1.27693797435716e-20,1.27693797435716e-20,1.1626856292831e-18,"Hecw2/Kif14/Aspm/Shcbp1l/Cenpf/Nek2/Ckap5/Kif18a/Bub1b/Knstrn/Nusap1/Ckap2l/Tpx2/Mapre1/Dsn1/Aurka/Rae1/Smc1a/Ect2/Map9/Psrc1/Gpsm2/Cenpe/Cdca8/Kdf1/Aunip/Rcc2/Tacc3/Cdc7/Dynll1/Kntc1/Mad1l1/Katnal1/Cbx3/Mad2l1/Capg/Wdr62/Cep89/Nup62/Cpeb1/Plk1/Kif22/Fbxo5/Cdk1/Nedd1/Cdc16/Ccsap/Dlgap5/Ska3/Pinx1/Kif23/Ttk/Poc1a/Spdl1/Kif3a/Cenpv/Myh10/Aurkb/Spag5/Tada2a/Ska2/Cbx1/Cdc6/Tubg1/Kif18b/Birc5/Ccnb1/Hspa2/Cep128/Akt1/Myc/Rangap1/Racgap1/Espl1/Aaas/Nde1/Mzt2/Cep19/Tctex1d2/App/Rps6ka2/Kifc5b/Kifc1/Sgo1/Mtcl1/Kif20a/Hdac3/Ska1/Sac3d1/Incenp/Kif20b/Kif11",92
"GO:0000793","condensed chromosome","75/2867","209/23436",7.77046660814771e-19,7.77046660814771e-19,6.06446942801302e-17,"Rrs1/Sgo2a/Hjurp/Nuf2/Cenpf/Nsl1/Nek2/Spc25/Bub1b/Knl1/Rad51/Ncaph/Bub1/Dsn1/L3mbtl1/Aurka/Syn1/Xlr3a/Smc1a/Pmf1/Cenpe/Msh4/Smc2/Rcc1/Cenpa/Ncapg/Stag3/Brca2/Cbx3/Fancd2/Ncapd2/Blm/Plk1/Mki67/Syce1/Sycp3/Cdk2/Hmgb2/Syce2/Nup133/Ccnb1ip1/Ska3/Ncapd3/Chek1/H2afx/Hmbs/Topbp1/Mlh1/Hormad2/Spdl1/Rad50/Aurkb/Mis12/Rpa1/Ska2/Top2a/Tubg1/Brca1/Birc5/Ccnb1/Cenpk/Mis18bp1/4930447C04Rik/Hspa2/Ncapg2/Rad21/Dmc1/Ncaph2/Msh5/Sgo1/Ndc80/Ska1/Banf1/Cdca5/Incenp",75
"GO:0000779","condensed chromosome, centromeric region","33/2867","51/23436",1.93794222596703e-18,1.93794222596703e-18,1.32341054641696e-16,"Sgo2a/Hjurp/Nuf2/Cenpf/Nsl1/Spc25/Bub1b/Knl1/Bub1/Dsn1/Aurka/Pmf1/Cenpe/Cenpa/Ncapg/Cbx3/Ncapd2/Plk1/Sycp3/Nup133/Ska3/Ncapd3/Spdl1/Aurkb/Mis12/Ska2/Birc5/Ccnb1/Cenpk/Mis18bp1/Sgo1/Ndc80/Ska1",33
"GO:0000777","condensed chromosome kinetochore","25/2867","35/23436",7.47789089305749e-16,7.47789089305749e-16,4.5392109631542e-14,"Hjurp/Nuf2/Cenpf/Nsl1/Spc25/Bub1b/Knl1/Bub1/Dsn1/Pmf1/Cenpe/Cenpa/Plk1/Nup133/Ska3/Ncapd3/Spdl1/Mis12/Ska2/Birc5/Ccnb1/Cenpk/Mis18bp1/Ndc80/Ska1",25
"GO:0005875","microtubule associated complex","53/2867","147/23436",7.89308897999768e-14,7.89308897999768e-14,4.31211913749347e-12,"Map2/Kif14/Wdr34/Kif18a/Sptbn5/Stard9/Map1a/Aurka/Hdac6/Haus7/Kif4/Cenpe/Kif24/Haus6/Lrp8/Kif2c/Cdca8/Kif17/Drc1/Dynll1/Casc1/Haus5/Ccdc114/Kif7/Dnah3/Kif22/Kif5a/Fnta/Haus8/Dync1li2/Haus4/Kif23/Kif9/Kif15/Kif3a/Aurkb/Ywhae/Dynll2/Ccdc103/Kif18b/Kif19a/Birc5/Map1b/Dnal1/Nde1/Tctex1d2/Dynlt1a/Kifc5b/Kifc1/Kif20a/Haus1/Kif20b/Kif11",53
"GO:0043596","nuclear replication fork","24/2867","40/23436",1.00582121934973e-12,1.00582121934973e-12,4.99541830471303e-11,"Prim2/Zranb3/Mcm10/Pcna/Pola1/Plrg1/Mms22l/Rpa3/Pold1/Pold3/Prim1/Timeless/Gins4/Gins2/Wdhd1/Tipin/Pold2/Etaa1/Rpa1/E2f6/Tonsl/Cdc45/Pola2/Prpf19",24
"GO:0072686","mitotic spindle","42/2867","107/23436",1.1181277673893e-12,1.1181277673893e-12,5.09042378311444e-11,"Hecw2/Aspm/Kif18a/Knstrn/Nusap1/Ckap2l/Tpx2/Mapre1/Aurka/Rae1/Smc1a/Ect2/Map9/Gpsm2/Cenpe/Kdf1/Rcc2/Tacc3/Cdc7/Dynll1/Mad1l1/Mad2l1/Capg/Nup62/Kif22/Cdk1/Ccsap/Kif23/Aurkb/Spag5/Tada2a/Kif18b/Rangap1/Racgap1/Espl1/Aaas/Kifc5b/Kifc1/Hdac3/Ska1/Kif20b/Kif11",42
"GO:0005759","mitochondrial matrix","71/2867","264/23436",6.96278442075473e-11,6.96278442075473e-11,2.92606082135361e-09,"Hspd1/Fastkd2/Acadl/Dtymk/Pmpca/Mpg/Mrps28/Dap3/Fdps/Acot11/Mrpl37/Prdx1/Atad3a/Pmpcb/Tyms/Grpel1/Coasy/Mrpl1/Mdh2/Nudt1/Mrpl35/Mrps25/Mrpl51/Mrps12/Etfb/Mrps11/Mrpl17/Ndufab1/Tufm/Supv3l1/Dna2/Cdk1/Tfam/Mrpl54/Mrpl42/Tsfm/Shmt2/Atp5b/Cs/Primpol/Chchd1/Mipep/Etfa/Bckdhb/Mrps22/Vdac1/Lyrm7/Mrpl22/C1qbp/Lrrc59/Mrpl27/Brca1/Mrpl12/Mrps27/Mrps36/Ccnb1/Mrps30/Mrpl13/Top1mt/Trap1/Dnaja3/Tfb1m/Mrpl18/Mrpl28/Uqcc2/Hspa1b/Mrps18b/Mrps18a/Clpp/Mrpl11/Mrpl49",71
"GO:0000794","condensed nuclear chromosome","49/2867","155/23436",1.55649074896682e-10,1.55649074896682e-10,6.07382480235923e-09,"Rrs1/Sgo2a/Nuf2/Nek2/Bub1b/Rad51/Ncaph/Bub1/Dsn1/Aurka/Syn1/Xlr3a/Pmf1/Cenpe/Msh4/Rcc1/Cenpa/Stag3/Brca2/Ncapd2/Blm/Plk1/Syce1/Sycp3/Syce2/Ccnb1ip1/Ncapd3/Chek1/H2afx/Topbp1/Mlh1/Hormad2/Rad50/Aurkb/Mis12/Rpa1/Tubg1/Brca1/Ccnb1/Cenpk/Mis18bp1/4930447C04Rik/Hspa2/Rad21/Dmc1/Msh5/Sgo1/Ndc80/Incenp",49
"GO:0000780","condensed nuclear chromosome, centromeric region","18/2867","29/23436",3.23957839751445e-10,3.23957839751445e-10,1.1798885532e-08,"Sgo2a/Nuf2/Bub1b/Bub1/Dsn1/Aurka/Pmf1/Cenpe/Cenpa/Plk1/Sycp3/Aurkb/Mis12/Ccnb1/Cenpk/Mis18bp1/Sgo1/Ndc80",18
"GO:0000778","condensed nuclear chromosome kinetochore","13/2867","16/23436",5.24251324357416e-10,5.24251324357416e-10,1.79004235093091e-08,"Nuf2/Bub1b/Bub1/Dsn1/Pmf1/Cenpe/Cenpa/Plk1/Mis12/Ccnb1/Cenpk/Mis18bp1/Ndc80",13
"GO:0044450","microtubule organizing center part","49/2867","164/23436",1.3570112494693e-09,1.3570112494693e-09,4.36092160046172e-08,"Dyrk3/Wdr34/Bbs5/Agbl2/Ckap5/Stard9/Rp2/Cetn4/Plk4/Sass6/Odf2l/Ssx2ip/Kif24/Cntln/Stil/Crocc/Ran/Cep41/Capg/Alms1/Cep89/Ccp110/Plk1/Nedd1/Mdm1/Cfap20/Ccsap/Poc1a/Zmynd10/Ccdc13/Ccdc88a/Cby3/Kif3a/Cntrob/Spag5/Top2a/Tubg1/Birc5/Cep72/Cep128/Cby1/Mzt2/Cep19/Ccdc14/Tcp1/Ccnf/Wdr90/Hspa1a/Bbs1",49
"GO:0043209","myelin sheath","58/2867","213/23436",2.25173332398622e-09,2.25173332398622e-09,6.8342081587652e-08,"Hspd1/Igsf8/Atp1a2/Tubb4b/Ass1/Stxbp1/Hspa5/Ermn/Cd59b/Pdia3/Syn1/Car13/Cct3/Phgdh/Gstm1/Prdx1/Eno1/Uchl1/Pebp1/Mdh2/Fscn1/Cycs/Gapdh/Ehd3/Calm3/Tufm/Mif/Atp5b/Got2/Tkt/Sept7/Rdx/Idh3a/Pkm/Anxa2/Nefh/Ppia/Canx/Vdac1/Sept8/Omg/Nme1/Erbb2/Srd5a1/Tppp/Dld/Hspa2/Hsp90aa1/Cct5/Ndrg1/Tuba1b/Tuba1a/Tcp1/Atp5a1/Ehd1/Stip1/Pgam1/Gsto1",58
"GO:0000940","condensed chromosome outer kinetochore","12/2867","15/23436",3.50240442202829e-09,3.50240442202829e-09,1.00706254572448e-07,"Cenpf/Bub1b/Bub1/Cenpe/Plk1/Nup133/Ska3/Spdl1/Ska2/Ccnb1/Ndc80/Ska1",12
"GO:0005635","nuclear envelope","91/2867","407/23436",6.2259657963601e-09,6.2259657963601e-09,1.70067170963731e-07,"Stau2/Cacybp/Mgst3/Parp1/Lbr/Cenpf/Sephs1/Osbpl6/Nup35/Nup160/Tyro3/Prnp/Spag4/Cpne1/Cse1l/Rae1/Pola1/Eif5a2/Plrg1/Creb3l4/Sigmar1/Ndc1/Prpf38a/Ybx1/Rcc1/Dnajc2/Gabrb1/Nup54/Nos1/Ran/Ache/Mad1l1/Nudt1/Nup205/Cbx3/Mad2l1/Anxa4/Gapdh/Pla2g4c/Dmpk/Apoe/Ggn/Nup62/Rrm1/Nup43/Ak9/Lmnb2/Nup37/Tmpo/Yeats4/Nup107/Agpat5/Calr3/Smad1/Clgn/Calr/Nup93/Terb1/Nup133/Anxa7/Lmo7/Mns1/Cep70/Xpo1/Ltc4s/Eif5a/Nup88/Tmem97/Brip1/Kpnb1/Nup85/Slc16a3/Rrm2/Syne3/Nup155/Myc/Rangap1/Aaas/Rogdi/Ranbp1/App/Itsn1/Tubb5/Nrm/Gata6/Lmnb1/Txnl4a/Tm7sf2/Scgb1a1/Tmem109/Gsto1",91
"GO:0005871","kinesin complex","24/2867","56/23436",9.68588347907926e-09,9.68588347907926e-09,2.51978622839205e-07,"Kif14/Kif18a/Stard9/Kif4/Cenpe/Kif24/Kif2c/Kif17/Kif7/Kif22/Kif5a/Kif23/Kif9/Kif15/Kif3a/Ywhae/Kif18b/Kif19a/Nde1/Kifc5b/Kifc1/Kif20a/Kif20b/Kif11",24
"GO:0005876","spindle microtubule","23/2867","54/23436",2.26471309187779e-08,2.26471309187779e-08,5.62385691236637e-07,"Kif18a/Nusap1/Tpx2/Mapre1/Aurka/Map9/Psrc1/Cenpe/Kntc1/Plk1/Cdk1/Cdc16/Ccsap/Ska3/Kif3a/Aurkb/Spag5/Ska2/Tubg1/Kif18b/Birc5/Ska1/Kif11",23
"GO:0042555","MCM complex","10/2867","12/23436",3.86348462502326e-08,3.86348462502326e-08,9.17688110016966e-07,"Mcmdc2/Mcm3/Mcm6/Mcm8/Mms22l/Mcm7/Mcm2/Mcm5/Tonsl/Mcm4",10
"GO:0000922","spindle pole","39/2867","129/23436",4.40153225532965e-08,4.40153225532965e-08,1.00192773706846e-06,"Aspm/Cenpf/Nek2/Ckap5/Tpx2/Dsn1/Aurka/Rae1/Smc1a/Psrc1/Gpsm2/Aunip/Kntc1/Mad1l1/Katnal1/Mad2l1/Wdr62/Cep89/Nup62/Plk1/Nedd1/Dlgap5/Poc1a/Spdl1/Aurkb/Spag5/Cdc6/Tubg1/Ccnb1/Cep128/Aaas/Nde1/Cep19/Tctex1d2/Kifc1/Sgo1/Mtcl1/Kif20b/Kif11",39
"GO:0005814","centriole","36/2867","115/23436",5.34971233635221e-08,5.34971233635221e-08,1.16905292739655e-06,"Wdr34/Agbl2/Stard9/Rp2/Cetn4/Plk4/Sass6/Kif24/Cntln/Stil/Crocc/Ran/Cep41/Capg/Alms1/Cep89/Ccp110/Plk1/Nedd1/Mdm1/Cfap20/Ccsap/Poc1a/Ccdc88a/Cby3/Kif3a/Cntrob/Top2a/Tubg1/Birc5/Cep128/Cby1/Cep19/Ccnf/Wdr90/Hspa1a",36
"GO:0101031","chaperone complex","13/2867","21/23436",1.04723638701781e-07,1.04723638701781e-07,2.20046835976617e-06,"Bag2/Cct3/Cct6a/Cct7/Ptges3/Cct4/Cct6b/Cct5/Cct8/Tcp1/Stub1/Hsp90ab1/Stip1",13
"GO:0002199","zona pellucida receptor complex","10/2867","13/23436",1.48893315327739e-07,1.48893315327739e-07,3.01269515224547e-06,"Cct3/Cct6a/Cct7/Cct4/Zpbp2/Cct5/Cct8/Tcp1/Hspa1b/Hspa1l",10
"GO:0005643","nuclear pore","25/2867","68/23436",1.8316037256372e-07,1.8316037256372e-07,3.57369298348011e-06,"Lbr/Nup35/Nup160/Rae1/Eif5a2/Ndc1/Nup54/Ran/Mad1l1/Nup205/Mad2l1/Nup62/Nup43/Nup37/Nup107/Nup93/Nup133/Eif5a/Nup88/Kpnb1/Nup85/Nup155/Rangap1/Aaas/Ranbp1",25
"GO:0044441","ciliary part","94/2867","457/23436",2.38844707908358e-07,2.38844707908358e-07,4.49947017801953e-06,"Flacc1/Tmem237/Opn3/Cenpf/Spag6l/Ssna1/Spaca9/Wdr34/Bbs5/Ttc30b/Agbl2/Sptbn5/Map1a/Nphp1/Cask/Rp2/Akap14/Cetn4/Intu/Mlf1/Gnat2/Slc9b2/Odf2l/Ssx2ip/Kif17/Crocc/Gpr157/Nphp4/Drc1/Evc/Lyar/Wdr19/Grk3/Ccdc63/Tctn1/Tctn2/Cep41/Alms1/Casc1/Ehd3/Cep89/Rgs9bp/Ccdc114/Ldha/Kif7/Myo7a/Dnah3/Spef1l/Cd24a/Tspear/Nedd1/Cfap54/Kif5a/Prkaca/Cfap20/Ccsap/Nek4/Rpgrip1/Sept7/Spa17/Ift46/Mns1/Myo5a/Poc1a/Hyal3/Wdpcp/Ccdc88a/Kif3a/B9d1/Tmem107/Tubg1/Ccdc103/Ccdc40/Tbc1d7/Map1b/Prkar2b/Dnaaf2/Dnal1/Cep128/Hsp90aa1/Akt1/Cby1/Rabl2/Prph/Cep19/Tctex1d2/App/Wdr90/Bbs1/Ehd1/Catsperz/Rom1/Tmem216/Pdzd7",94
"GO:0043601","nuclear replisome","13/2867","23/23436",4.63740196168515e-07,4.63740196168515e-07,8.44495304601612e-06,"Prim2/Pola1/Plrg1/Rpa3/Pold1/Pold3/Prim1/Pold2/Rpa1/E2f6/Tonsl/Pola2/Prpf19",13
"GO:0051233","spindle midzone","16/2867","34/23436",6.03222801660254e-07,6.03222801660254e-07,1.06306497134693e-05,"Kif14/Kif18a/Mapre1/Aurka/Map9/Cenpe/Cdca8/Rcc2/Plk1/Cenpv/Aurkb/Cdc6/Kif18b/Racgap1/App/Kif20b",16
"GO:1905368","peptidase complex","29/2867","92/23436",8.71185902837278e-07,8.71185902837278e-07,1.48676609631326e-05,"Psmd1/Uchl5/Psmb7/Psmd14/Psmc3/Psmb2/Taf12/Psmc2/Wfs1/Taf6/Spcs2/Psma1/Psmd13/Arxes1/Spcs3/Arxes2/Psmd7/Psmd6/Psma4/Psmb6/Psmc5/Psmd12/Psmc1/Psmd2/Usp14/Psma8/Txnl1/Sec11c/Taf6l",29
"GO:0030894","replisome","13/2867","24/23436",8.98075474362632e-07,8.98075474362632e-07,1.48676609631326e-05,"Prim2/Pola1/Plrg1/Rpa3/Pold1/Pold3/Prim1/Pold2/Rpa1/E2f6/Tonsl/Pola2/Prpf19",13
"GO:0061695","transferase complex, transferring phosphorus-containing groups","57/2867","245/23436",1.06281952699237e-06,1.06281952699237e-06,1.7077502616379e-05,"Prim2/Cdk5r2/Acvr1/Pcna/Polr3k/Pola1/Phka1/Ccna2/Cks1b/Ccne2/Pole3/Pik3r3/Taf12/Pole/Phkg1/Chuk/Taf6/Ercc1/Ccne1/Pold1/Pold3/Zfp768/Pycard/Dna2/Cdk1/Prim1/Cdk2/Gtf2e2/Prkaca/Cks1brt/Polr2c/Pkm/Ccnb2/Acvr2b/Pold2/Pik3r6/Cdk5r1/Psmc5/Cks2/Polr3g/Gtf2h2/Ccnb1/Ccno/Pole2/Polr2k/Polr3h/Acvrl1/Polr2h/Ccnf/Cdkn1a/Gtf2h4/Supt3/Gtf2f1/Polr2d/Socs6/Pola2/Taf6l",57
"GO:0098798","mitochondrial protein complex","60/2867","263/23436",1.12343635396854e-06,1.12343635396854e-06,1.75357433897646e-05,"Ndufs2/Pmpca/Romo1/Apoo/Mrps28/Ndufc1/Dap3/Mcub/Ndufb6/Mrpl37/Ndufs5/Sdhb/Pmpcb/Grpel1/Mrpl1/Ndufa5/Mrpl35/Chchd6/Mrps25/Mrpl51/Timm50/Mrps12/Etfb/Mrps11/Ndufc2/Mrpl17/Ndufab1/Supv3l1/Dna2/Chchd10/Mrpl54/Ndufa12/Mrpl42/Atp5b/Chchd1/Sdhd/Etfa/Bckdhb/Mrps22/Vdac1/Mrpl22/Timm22/Mrpl27/Mrpl12/Mrps27/Mrps36/Mrps30/Immp2l/Mrpl13/Cyc1/Mrpl18/Mrpl28/Mrps18b/Mrps18a/Tomm6/Atp5a1/Timm21/Mrpl11/Mrpl49/Ndufb8",60
"GO:0005832","chaperonin-containing T-complex","8/2867","10/23436",1.77904164364556e-06,1.77904164364556e-06,2.6997737223744e-05,"Cct3/Cct6a/Cct7/Cct4/Cct6b/Cct5/Cct8/Tcp1",8
"GO:0034663","endoplasmic reticulum chaperone complex","9/2867","13/23436",2.72748706756915e-06,2.72748706756915e-06,3.97307807711407e-05,"Hspa5/Pdia4/Hsp90b1/Hyou1/P4hb/Pdia6/Sdf2l1/Dnajb11/Hspa13",9
"GO:1902554","serine/threonine protein kinase complex","26/2867","82/23436",2.78890575007593e-06,2.78890575007593e-06,3.97307807711407e-05,"Cdk5r2/Acvr1/Pcna/Phka1/Ccna2/Cks1b/Ccne2/Phkg1/Chuk/Ccne1/Pycard/Cdk1/Cdk2/Cks1brt/Ccnb2/Acvr2b/Cdk5r1/Psmc5/Cks2/Gtf2h2/Ccnb1/Ccno/Acvrl1/Ccnf/Cdkn1a/Gtf2h4",26
"GO:0000313","organellar ribosome","28/2867","92/23436",2.90899743603727e-06,2.90899743603727e-06,3.97307807711407e-05,"Mrps28/Dap3/Mrpl37/Mrpl1/Mrpl35/Mrps25/Mrpl51/Mrps12/Mrps11/Mrpl17/Ndufab1/Mrpl54/Mrpl42/Chchd1/Mrps22/Mrpl22/Mrpl27/Mrpl12/Mrps27/Mrps36/Mrps30/Mrpl13/Mrpl18/Mrpl28/Mrps18b/Mrps18a/Mrpl11/Mrpl49",28
"GO:0005761","mitochondrial ribosome","28/2867","92/23436",2.90899743603727e-06,2.90899743603727e-06,3.97307807711407e-05,"Mrps28/Dap3/Mrpl37/Mrpl1/Mrpl35/Mrps25/Mrpl51/Mrps12/Mrps11/Mrpl17/Ndufab1/Mrpl54/Mrpl42/Chchd1/Mrps22/Mrpl22/Mrpl27/Mrpl12/Mrps27/Mrps36/Mrps30/Mrpl13/Mrpl18/Mrpl28/Mrps18b/Mrps18a/Mrpl11/Mrpl49",28
"GO:0043073","germ cell nucleus","14/2867","30/23436",3.47813151951071e-06,3.47813151951071e-06,4.63453211457269e-05,"Aurka/Ran/Stag3/Blm/Marcks/Sycp3/Ncapd3/H2afx/Topbp1/Mlh1/Rpa1/Coil/Trip13/Hspa2",14
"GO:0032993","protein-DNA complex","45/2867","186/23436",4.68407505939562e-06,4.68407505939562e-06,6.09281943816122e-05,"Prim2/Parp1/Gins1/Pola1/Plrg1/H3c13/Cenpa/Rpa3/Tead4/H4f16/Pold1/Pold3/Nupr1/Prim1/Gins4/Terb1/Gins2/H2afx/Pold2/Ctc1/Rpa1/H3c10/H2bc14/H4c11/H4c12/H1f5/H2ac12/H2bc12/H4c9/H2ac10/H3c8/H3c4/H3c3/H2bc3/H3c2/H4c2/E2f6/Tonsl/Xrcc6/Cdc45/Polr2h/Pola2/Prpf19/Hhex/Tcf7l2",45
"GO:0090734","site of DNA damage","22/2867","65/23436",4.84272586193143e-06,4.84272586193143e-06,6.15269209875744e-05,"Fh1/Parp1/Rad51/Wdr76/Nbn/Aunip/Rpa3/Cbx3/Aplf/Timeless/Rfwd3/Esco2/H2afx/Cgas/Rad50/Rpa1/Cbx1/Cbx5/Rnf168/Polh/Prpf19/Slf2",22
"GO:0000781","chromosome, telomeric region","31/2867","110/23436",5.29167534391679e-06,5.29167534391679e-06,6.57028589352348e-05,"Rad51/Rtel1/Nbn/Orc1/Chek2/Brca2/Ezh2/Hnrnpa2b1/Ercc1/Pold1/Blm/Dna2/Cdk2/Terb1/Pinx1/Chek1/H2afx/Pif1/Rad50/Ctc1/Rpa1/Cbx1/Thoc3/Recql4/Dmc1/Xrcc6/Cbx5/Thoc6/Telo2/Fen1/Dclre1a",31
"GO:0030496","midbody","36/2867","139/23436",8.09049011405363e-06,8.09049011405363e-06,9.82213887530722e-05,"Ralb/Kif14/Aspm/Sccpdh/Cenpf/Nek2/Hspa5/Kif4/Ect2/Psrc1/Cenpe/Cdca8/Rcc2/Crmp1/Lap3/Cit/Ran/Capg/Nup62/Plk1/Cdk1/Hsp90b1/Anln/Rdx/Kif23/Anxa2/Myh10/Aurkb/Birc5/Erh/Racgap1/Mtcl1/Kif20a/Incenp/Kif20b/Cep55",36
"GO:0005881","cytoplasmic microtubule","24/2867","78/23436",1.18246085051222e-05,1.18246085051222e-05,0.000140434137623763,"Spaca9/Ttc30b/Kif18a/Mapre1/Hdac6/Mid1/Map9/Fhdc1/Tmem214/Casc1/Selenos/Ckap2/Enkd1/Ccsap/Rab3d/Tubg1/Kif18b/Birc5/Gtse1/Tuba1b/Tuba1a/Tuba1c/Dynlt1a/Reep2",24
"GO:0015629","actin cytoskeleton","92/2867","490/23436",1.69129227065988e-05,1.69129227065988e-05,0.000196591419590701,"Map2/Obsl1/Csrp1/Vangl2/Cdc42bpa/Enah/Arhgap21/Aif1l/Neb/Ptpn11/Gck/Amot/Hax1/Tpm3/Tmod4/Vcam1/Cnn3/Trmt10a/Calb1/Stoml2/Tpm2/Alg2/Ndc1/Crocc/Actr3b/Ablim2/Crmp1/Sept11/Myo1h/Cit/Kntc1/Fscn1/Arpc1a/Lancl2/Gng12/Ankrd26/Tnnt1/Tnni3/Myo7a/Mylpf/Ulbp1/Epb41l2/Marcks/Gas2l3/Pawr/Myo1a/Ptges3/Myl6b/Myo16/Dlc1/Bcar1/Acta1/Flnb/Synpo2l/Tnnc1/Tpm3-rs7/Anln/Sept7/Rdx/Anxa2/Myo5a/Filip1/Topbp1/Kif9/Smtn/Gas2l1/Sptbn1/Myh10/Dynll2/Myl4/Cdc42ep4/Hfe/Cap2/Pdlim7/Dapk1/Actn1/Tars/Myo10/Mtss1/Ptk2/Baiap2l2/Parvb/Dnaja3/Itsn1/Snx9/Clic5/Fer/Ctnna1/Synpo/Onecut2/Actn3/Npm3",92
"GO:0008180","COP9 signalosome","14/2867","34/23436",2.06564507101531e-05,2.06564507101531e-05,0.000235103024530032,"Cops5/Hspa5/Amot/Stoml2/Dynll1/Epb41l2/Amotl1/Cops3/Basp1/Hspa1b/Hspa1a/Hspa1l/Hsp90ab1/Atp5a1",14
"GO:0000502","proteasome complex","21/2867","66/23436",2.32164006062839e-05,2.32164006062839e-05,0.000258846657672639,"Psmd1/Uchl5/Psmb7/Psmd14/Psmc3/Psmb2/Psmc2/Wfs1/Psma1/Psmd13/Psmd7/Psmd6/Psma4/Psmb6/Psmc5/Psmd12/Psmc1/Psmd2/Usp14/Psma8/Txnl1",21
"GO:0005838","proteasome regulatory particle","11/2867","23/23436",2.96644540901374e-05,2.96644540901374e-05,0.000320790338013245,"Psmd1/Psmd14/Psmc3/Psmc2/Psmd13/Psmd7/Psmd6/Psmc5/Psmd12/Psmc1/Psmd2",11
"GO:1905369","endopeptidase complex","21/2867","67/23436",2.99466124792712e-05,2.99466124792712e-05,0.000320790338013245,"Psmd1/Uchl5/Psmb7/Psmd14/Psmc3/Psmb2/Psmc2/Wfs1/Psma1/Psmd13/Psmd7/Psmd6/Psma4/Psmb6/Psmc5/Psmd12/Psmc1/Psmd2/Usp14/Psma8/Txnl1",21
"GO:0010369","chromocenter","9/2867","16/23436",3.08573820122008e-05,3.08573820122008e-05,0.00032418990413628,"Oip5/Scmh1/Cdca8/Cbx3/Esco2/Aurkb/Cbx1/Cbx5/Incenp",9
"GO:0005732","small nucleolar ribonucleoprotein complex","12/2867","27/23436",3.22701357644982e-05,3.22701357644982e-05,0.000332635560313298,"Nop58/Nop56/Dkc1/Gar1/Fbl/Pop4/Snrpf/Lsm6/Rpp25/Nhp2/Pop1/Rpp30",12
"GO:0031970","organelle envelope lumen","25/2867","88/23436",3.5926395441244e-05,3.5926395441244e-05,0.000363465872007907,"Dtymk/Cacybp/Pdia3/Prelid3b/Aifm1/Timm8a1/Hax1/Lyn/Stoml2/Cox19/Cycs/Chchd4/Chchd10/Thop1/Shmt2/Timm8b/Dusp18/Prelid1/Trap1/Cpox/App/Nme4/Uqcc2/Tubb5/Prelid2",25
"GO:0099568","cytoplasmic region","88/2867","475/23436",4.24775705216367e-05,4.24775705216367e-05,0.00042193031771731,"Pard3b/Map2/Lamc2/Cenpf/Spag6l/Sapcd2/Wdr34/Hmcn2/Ermn/Cd302/Bbs5/Ttc30b/Sptbn5/Mapre1/Ada/Pard6b/Akap14/Gck/Tpm3/Gpsm2/Calb1/Unc13b/Melk/Rims3/Kdf1/Kif17/Eno1/Eno1b/Drc1/Sept11/Dynll1/Ccdc63/Hnrnpa2b1/Lancl2/Eps8/Casc1/Pla2g4c/Ryr1/Ppfia3/Ccdc114/Dnah3/Spef1l/Epb41l2/Marcks/Stox1/Tle6/Cfap54/Myo1a/Dlc1/Unc13a/Prkaca/Exoc3l/Spire2/Rhou/Ccsap/Nek4/Rpgrip1/Anln/Sept7/Phldb1/Rdx/Anxa2/Mns1/Bsn/Wdpcp/Sptbn1/Canx/Sept8/Kif3a/Myh10/Rnd2/Ccdc103/Itgb4/Ccdc40/Hfe/Cap2/Actn1/Dnal1/Crip2/Rangap1/Ranbp1/Tctex1d2/Phldb2/Snx9/Wdr90/Spire1/Pard6g/Bbs1",88
"GO:1902911","protein kinase complex","27/2867","101/23436",5.79457447867859e-05,5.79457447867859e-05,0.000565297773389885,"Cdk5r2/Acvr1/Pcna/Phka1/Ccna2/Cks1b/Ccne2/Phkg1/Chuk/Ccne1/Pycard/Cdk1/Cdk2/Prkaca/Cks1brt/Ccnb2/Acvr2b/Cdk5r1/Psmc5/Cks2/Gtf2h2/Ccnb1/Ccno/Acvrl1/Ccnf/Cdkn1a/Gtf2h4",27
"GO:0005758","mitochondrial intermembrane space","22/2867","75/23436",6.09081851845577e-05,6.09081851845577e-05,0.000583773741658087,"Dtymk/Pdia3/Prelid3b/Aifm1/Timm8a1/Hax1/Lyn/Stoml2/Cox19/Cycs/Chchd4/Chchd10/Thop1/Shmt2/Timm8b/Dusp18/Prelid1/Trap1/Cpox/Nme4/Uqcc2/Prelid2",22
"GO:0044452","nucleolar part","41/2867","181/23436",6.22885936007861e-05,6.22885936007861e-05,0.000586711072210671,"Rrs1/Nop58/Nhej1/Tfcp2l1/Nop56/Snrpb2/Dsn1/Rae1/Dkc1/Rps6ka6/Plrg1/Gar1/Cdkn2a/Fbl/Btbd10/Stox1/Smarcb1/Pwp2/Ube2n/Orc6/Chchd1/Samd4/Pspc1/Nhp2/Ybx2/Utp6/Coil/Heatr1/Rpp40/Riox1/Pop1/Polr2k/Eif3l/Vdr/Polr2h/Tmem217/Ubd/Ino80c/Fam111a/Rpp30/Dclre1a",41
"GO:0044815","DNA packaging complex","26/2867","97/23436",7.50665881939406e-05,7.50665881939406e-05,0.000695085803258789,"Ncaph/H3c13/Smc2/Cenpa/Ncapg/Ncapd2/H4f16/Ncapd3/H2afx/H3c10/H2bc14/H4c11/H4c12/H1f5/H2ac12/H2bc12/H4c9/H2ac10/H3c8/H3c4/H3c3/H2bc3/H3c2/H4c2/Ncapg2/Ncaph2",26
"GO:0022624","proteasome accessory complex","11/2867","25/23436",7.73829304641419e-05,7.73829304641419e-05,0.000704591945805081,"Psmd1/Psmd14/Psmc3/Psmc2/Psmd13/Psmd7/Psmd6/Psmc5/Psmd12/Psmc1/Psmd2",11
"GO:0000792","heterochromatin","25/2867","95/23436",0.000140900465118524,0.000140900465118524,0.00126190407931862,"Suv39h2/Wdr76/Snai1/Suv39h1/Ube2a/Cdkn2a/Phc2/Cenpa/Cbx3/Trim28/Hdac2/Esco2/Dnmt1/Ncapd3/Eme1/Cbx1/Cbx2/Hmga1/Hmga1b/Vdr/Cbx5/Tcp1/Uhrf1/Incenp/Hells",25
"GO:0036064","ciliary basal body","34/2867","147/23436",0.000165868770280302,0.000165868770280302,0.00146156013201149,"Cenpf/Ssna1/Spaca9/Wdr34/Bbs5/Ttc30b/Agbl2/Rp2/Cetn4/Intu/Mlf1/Odf2l/Ssx2ip/Kif17/Nphp4/Evc/Cep41/Alms1/Kif7/Nedd1/Cfap20/Ccsap/Nek4/Poc1a/Ccdc88a/B9d1/Tubg1/Tbc1d7/Dnaaf2/Akt1/Cby1/Cep19/Wdr90/Bbs1",34
"GO:0000784","nuclear chromosome, telomeric region","21/2867","75/23436",0.000184085917199361,0.000184085917199361,0.00158570316100718,"Rad51/Nbn/Orc1/Brca2/Ercc1/Pold1/Dna2/Terb1/Pinx1/Pif1/Rad50/Ctc1/Rpa1/Cbx1/Thoc3/Xrcc6/Cbx5/Thoc6/Telo2/Fen1/Dclre1a",21
"GO:0001673","male germ cell nucleus","10/2867","23/23436",0.000185762528302961,0.000185762528302961,0.00158570316100718,"Ran/Stag3/Blm/Sycp3/H2afx/Topbp1/Mlh1/Rpa1/Trip13/Hspa2",10
"GO:0000315","organellar large ribosomal subunit","18/2867","60/23436",0.000202693671139013,0.000202693671139013,0.00167779928741862,"Mrpl37/Mrpl1/Mrpl35/Mrpl51/Mrpl17/Ndufab1/Mrpl54/Mrpl42/Mrpl22/Mrpl27/Mrpl12/Mrps30/Mrpl13/Mrpl18/Mrpl28/Mrps18a/Mrpl11/Mrpl49",18
"GO:0005762","mitochondrial large ribosomal subunit","18/2867","60/23436",0.000202693671139013,0.000202693671139013,0.00167779928741862,"Mrpl37/Mrpl1/Mrpl35/Mrpl51/Mrpl17/Ndufab1/Mrpl54/Mrpl42/Mrpl22/Mrpl27/Mrpl12/Mrps30/Mrpl13/Mrpl18/Mrpl28/Mrps18a/Mrpl11/Mrpl49",18
"GO:0035861","site of double-strand break","16/2867","51/23436",0.00025526274085948,0.00025526274085948,0.00208140396710244,"Fh1/Parp1/Rad51/Nbn/Rpa3/Aplf/Timeless/Rfwd3/Esco2/H2afx/Cgas/Rad50/Rnf168/Polh/Prpf19/Slf2",16
"GO:0005721","pericentric heterochromatin","10/2867","24/23436",0.000283655396536078,0.000283655396536078,0.00227890326319233,"Snai1/Cenpa/Cbx3/Esco2/Dnmt1/Ncapd3/Cbx1/Cbx5/Incenp/Hells",10
"GO:0000790","nuclear chromatin","74/2867","407/23436",0.000298410549422129,0.000298410549422129,0.00236270137528734,"Nucks1/Uchl5/Suv39h2/Swi5/Hat1/Ssrp1/Nr1h3/Creb3l1/Rad51/E2f1/Suv39h1/Ube2a/Hmgb3/Scml2/Rbbp7/Actl6a/H3c13/Nasp/Prdx1/Rcc1/Cenpa/Hmgb1/Ezh2/Cbx3/Ruvbl1/Rad51ap1/H4f16/Trim28/Dpf1/Ruvbl2/Kat8/Hdac2/Asf1a/Smarcb1/Pawr/Timeless/Sap30/Hmgb2/Asf1b/E2f4/Thrb/Esco2/Ncapd3/H2afx/Tipin/Smarcc1/Rad50/Eme1/H3c10/H4c11/H4c12/H1f5/H2ac12/H4c9/H2ac10/H3c8/H3c4/H3c2/H4c2/Polr3g/Myc/Vdr/Cbx5/Zfp385a/Chaf1b/Tcp1/Telo2/Chaf1a/Uhrf1/Fer/Msh6/Ino80c/Cdca5/Tcf7l2",74
"GO:0000307","cyclin-dependent protein kinase holoenzyme complex","14/2867","42/23436",0.000303333926137537,0.000303333926137537,0.00236737304759972,"Pcna/Ccna2/Cks1b/Ccne2/Ccne1/Cdk1/Cdk2/Cks1brt/Ccnb2/Cks2/Ccnb1/Ccno/Ccnf/Cdkn1a",14
"GO:0019866","organelle inner membrane","84/2867","475/23436",0.000311090642561559,0.000311090642561559,0.00239371450688583,"Tmem70/Hspd1/Ndufs2/Lbr/Pmpca/Coq4/Crls1/Romo1/Aifm1/Apoo/Timm8a1/Ndufc1/Mcub/Hadh/Slc9b2/Lyn/Ndufaf6/Ndufb6/Stoml2/Cpt2/Ndufs5/Sdhb/Atad3a/Pmpcb/Tyms/Grpel1/Rcc1l/Mdh2/Slc25a13/Ndufa5/Sfxn5/Chchd6/Tamm41/Timm50/Cox7a1/Ndufc2/Mrpl17/Coq7/Ndufab1/Tufm/Chchd10/Uqcr11/Tmpo/Ndufa12/Shmt2/Atp5b/Vdac3/Smad1/Got2/Terb1/Cyb5b/Chdh/Lgals3/Sdhd/Timm8b/Bckdhb/Exog/Dusp18/Mtfp1/Vdac1/Timm22/Akap1/Cox11/Slc25a10/Tmem14c/Sfxn1/Immp2l/Slc1a3/Cyc1/Tst/Gcat/Trap1/Cpox/Uqcc2/Mtch1/Nrm/Slc25a23/Lmnb1/Atp5a1/Timm21/Tm7sf2/Ndufb8/Acsl5/Sfxn4",84
"GO:0009295","nucleoid","15/2867","47/23436",0.000320332529294506,0.000320332529294506,0.00239729751555658,"Fastkd2/Mpg/Atad3a/Tufm/Supv3l1/Dna2/Tfam/Shmt2/Atp5b/Vdac1/Lrrc59/Top1mt/Dnaja3/Tfb1m/Uqcc2",15
"GO:0042645","mitochondrial nucleoid","15/2867","47/23436",0.000320332529294506,0.000320332529294506,0.00239729751555658,"Fastkd2/Mpg/Atad3a/Tufm/Supv3l1/Dna2/Tfam/Shmt2/Atp5b/Vdac1/Lrrc59/Top1mt/Dnaja3/Tfb1m/Uqcc2",15
"GO:0005652","nuclear lamina","7/2867","13/23436",0.000356187837293682,0.000356187837293682,0.00261413419880176,"Lbr/Nup35/Pcna/Cask/Lmnb2/Nrm/Lmnb1",7
"GO:0031965","nuclear membrane","47/2867","233/23436",0.0003605435355802,0.0003605435355802,0.00261413419880176,"Stau2/Lbr/Sephs1/Osbpl6/Nup35/Prnp/Cpne1/Plrg1/Creb3l4/Ndc1/Prpf38a/Ybx1/Rcc1/Dnajc2/Nos1/Nudt1/Nup205/Anxa4/Gapdh/Dmpk/Nup62/Ak9/Lmnb2/Tmpo/Yeats4/Nup107/Smad1/Nup93/Terb1/Nup133/Cep70/Xpo1/Tmem97/Brip1/Kpnb1/Slc16a3/Syne3/Nup155/Rangap1/Aaas/Nrm/Gata6/Lmnb1/Txnl4a/Tm7sf2/Tmem109/Gsto1",47
"GO:0032838","plasma membrane bounded cell projection cytoplasm","37/2867","171/23436",0.000363661828812113,0.000363661828812113,0.00261413419880176,"Map2/Cenpf/Spag6l/Wdr34/Bbs5/Ttc30b/Sptbn5/Ada/Akap14/Kif17/Drc1/Dynll1/Ccdc63/Hnrnpa2b1/Casc1/Ccdc114/Dnah3/Spef1l/Cfap54/Prkaca/Ccsap/Nek4/Rpgrip1/Sept7/Mns1/Bsn/Wdpcp/Canx/Kif3a/Ccdc103/Ccdc40/Dnal1/Rangap1/Ranbp1/Tctex1d2/Wdr90/Bbs1",37
"GO:0045171","intercellular bridge","17/2867","58/23436",0.000409274945459766,0.000409274945459766,0.00290380993429417,"Fastkd2/Rbm44/Ninl/Tpx2/Kif4/Gstm7/Gstm1/Gstm4/Cdca8/Cdc7/Ehd2/Prkaca/Kif23/Snrnp25/Ncaph2/Kif20a/Cep55",17
"GO:0120114","Sm-like protein family complex","20/2867","74/23436",0.000432613324378652,0.000432613324378652,0.00299493703622802,"Snrpb2/Rbmx2/Ppih/Sf3a3/Lsm5/Lsm3/Strap/Snrpa/Snrpa1/Snrpf/Lsm4/Lsm6/Lsm11/Gemin4/Smn1/Gemin2/Lsm2/Gemin6/Snrpd1/Txnl4a",20
"GO:0000800","lateral element","8/2867","17/23436",0.000433082898976711,0.000433082898976711,0.00299493703622802,"Rad51/Stag3/Brca2/Blm/Sycp3/Rpa1/Brca1/Incenp",8
"GO:0031080","nuclear pore outer ring","6/2867","10/23436",0.000450996722458625,0.000450996722458625,0.00307528425109189,"Nup160/Nup43/Nup37/Nup107/Nup133/Nup85",6
"GO:0005743","mitochondrial inner membrane","77/2867","433/23436",0.000455959774800618,0.000455959774800618,0.00307528425109189,"Tmem70/Hspd1/Ndufs2/Pmpca/Coq4/Crls1/Romo1/Aifm1/Apoo/Timm8a1/Ndufc1/Mcub/Hadh/Slc9b2/Lyn/Ndufaf6/Ndufb6/Stoml2/Cpt2/Ndufs5/Sdhb/Atad3a/Pmpcb/Tyms/Grpel1/Rcc1l/Mdh2/Slc25a13/Ndufa5/Sfxn5/Chchd6/Tamm41/Timm50/Cox7a1/Ndufc2/Mrpl17/Coq7/Ndufab1/Tufm/Chchd10/Uqcr11/Ndufa12/Shmt2/Atp5b/Vdac3/Got2/Cyb5b/Chdh/Lgals3/Sdhd/Timm8b/Bckdhb/Exog/Dusp18/Mtfp1/Vdac1/Timm22/Akap1/Cox11/Slc25a10/Tmem14c/Sfxn1/Immp2l/Slc1a3/Cyc1/Tst/Gcat/Trap1/Cpox/Uqcc2/Mtch1/Slc25a23/Atp5a1/Timm21/Ndufb8/Acsl5/Sfxn4",77
"GO:0055038","recycling endosome membrane","14/2867","44/23436",0.000520716517928473,0.000520716517928473,0.00344335544798255,"Pigr/Ehd4/Nsg1/Ehd3/Ehd2/Zdhhc2/Ldlr/Scamp1/Ndrg1/Pacsin2/Lztr1/Tfrc/Ehd1/Slc1a1",14
"GO:0000314","organellar small ribosomal subunit","11/2867","30/23436",0.000529440779863212,0.000529440779863212,0.00344335544798255,"Mrps28/Dap3/Mrps25/Mrps12/Mrps11/Mrpl42/Mrps22/Mrps27/Mrps36/Mrps18b/Mrps18a",11
"GO:0005763","mitochondrial small ribosomal subunit","11/2867","30/23436",0.000529440779863212,0.000529440779863212,0.00344335544798255,"Mrps28/Dap3/Mrps25/Mrps12/Mrps11/Mrpl42/Mrps22/Mrps27/Mrps36/Mrps18b/Mrps18a",11
"GO:0015030","Cajal body","12/2867","35/23436",0.000605539915767311,0.000605539915767311,0.00389195314282643,"Nop58/Oip5/Zc3h8/Dkc1/Hnrnpa2b1/Fbl/Zfp473/Cdk2/Gemin4/Coil/Smn1/Ak6",12
"GO:0042575","DNA polymerase complex","7/2867","14/23436",0.000637180024904707,0.000637180024904707,0.00395569895843951,"Pole3/Pole/Pold1/Pold3/Dna2/Pold2/Pole2",7
"GO:0072687","meiotic spindle","7/2867","14/23436",0.000637180024904707,0.000637180024904707,0.00395569895843951,"Aspm/Shcbp1l/Aurka/Cpeb1/Fbxo5/Hspa2/Rps6ka2",7
"GO:1990023","mitotic spindle midzone","7/2867","14/23436",0.000637180024904707,0.000637180024904707,0.00395569895843951,"Kif18a/Map9/Cenpe/Rcc2/Aurkb/Kif18b/Kif20b",7
"GO:0001650","fibrillar center","29/2867","128/23436",0.000690379814242621,0.000690379814242621,0.00423781340735565,"Rrs1/Nop58/Nhej1/Tfcp2l1/Nop56/Snrpb2/Dsn1/Rae1/Dkc1/Rps6ka6/Plrg1/Fbl/Btbd10/Stox1/Smarcb1/Ube2n/Orc6/Chchd1/Samd4/Pspc1/Ybx2/Coil/Heatr1/Eif3l/Tmem217/Ubd/Ino80c/Fam111a/Dclre1a",29
"GO:0097014","ciliary plasm","29/2867","129/23436",0.000788249944755977,0.000788249944755977,0.00478481545413277,"Cenpf/Spag6l/Wdr34/Bbs5/Ttc30b/Sptbn5/Akap14/Kif17/Drc1/Ccdc63/Casc1/Ccdc114/Dnah3/Spef1l/Cfap54/Prkaca/Ccsap/Nek4/Rpgrip1/Sept7/Mns1/Wdpcp/Kif3a/Ccdc103/Ccdc40/Dnal1/Tctex1d2/Wdr90/Bbs1",29
"GO:0005790","smooth endoplasmic reticulum","12/2867","36/23436",0.000808146670475405,0.000808146670475405,0.00485168446473956,"Map2/Hspa5/Pdia3/Prdx4/Pdia4/Ryr1/Hsp90b1/Calr/Hyou1/Myo5a/Canx/Pdia6",12
"GO:0034719","SMN-Sm protein complex","7/2867","15/23436",0.00106887169866875,0.00106887169866875,0.00634719006417711,"Strap/Snrpf/Gemin4/Smn1/Gemin2/Gemin6/Snrpd1",7
"GO:0071005","U2-type precatalytic spliceosome","14/2867","47/23436",0.00108620589105159,0.00108620589105159,0.00638076805269698,"Snrpb2/Rbmx2/Magohb/Prpf38a/Sf3a3/Lsm5/Lsm3/Snrpa1/Snrpf/Lsm4/Lsm6/Lsm2/Snrpd1/Txnl4a",14
"GO:0090575","RNA polymerase II transcription factor complex","34/2867","163/23436",0.00120992172797532,0.00120992172797532,0.00703190791510852,"Nr1h3/E2f1/Med14/Taf12/E2f2/Taf6/Trim28/Ercc1/Cebpa/Tead2/E2f8/Ascl3/Ascl4/E2f7/Tfdp1/Gtf2e2/Cbfb/E2f4/Thrb/Pou2af1/Hyal2/Hnrnpab/Psmc5/Hmga1/E2f3/Mxd3/Gtf2h2/E2f6/Vdr/Gtf2h4/Supt3/Gtf2f1/Taf6l/Tcf7l2",34
"GO:0099738","cell cortex region","15/2867","53/23436",0.00130808869720025,0.00130808869720025,0.00752241588750062,"Sapcd2/Sptbn5/Gck/Gpsm2/Unc13b/Rims3/Eno1/Eno1b/Ppfia3/Epb41l2/Unc13a/Anln/Phldb1/Bsn/Phldb2",15
"GO:0071011","precatalytic spliceosome","14/2867","48/23436",0.00136309781234015,0.00136309781234015,0.00775710268206729,"Snrpb2/Rbmx2/Magohb/Prpf38a/Sf3a3/Lsm5/Lsm3/Snrpa1/Snrpf/Lsm4/Lsm6/Lsm2/Snrpd1/Txnl4a",14
"GO:0005930","axoneme","28/2867","128/23436",0.00149388703580136,0.00149388703580136,0.00841375335410641,"Cenpf/Spag6l/Wdr34/Bbs5/Ttc30b/Sptbn5/Akap14/Kif17/Drc1/Ccdc63/Casc1/Ccdc114/Dnah3/Spef1l/Cfap54/Prkaca/Ccsap/Rpgrip1/Sept7/Mns1/Wdpcp/Kif3a/Ccdc103/Ccdc40/Dnal1/Tctex1d2/Wdr90/Bbs1",28
"GO:0030141","secretory granule","67/2867","383/23436",0.00158108124746357,0.00158108124746357,0.00871324026294686,"Hspd1/Ica1l/Slc11a1/Serpine2/Dnajb3/Rnpep/Selp/Spaca9/Stxbp1/Knl1/Pdia3/Astl/Gm14569/Gck/Rab13/Rab3b/Kit/Spink2/Pf4/Dynll1/Nos1/Tmed2/Cct6a/Tmem184a/Nudt1/Brca2/Gars/Abcc9/Klk1b9/Klk1b27/Dkkl1/Ppfia3/Izumo1/Fstl3/Prss57/Igf1/Prkaca/Calr/Exoc3l/Anxa7/Tssk4/Cma1/Angptl6/Rab3d/Acrv1/Myo5a/Trh/Hyal3/Ngp/Mpo/Col1a1/Zpbp2/Unc13d/Catsper3/Ctsl/Scamp1/Dld/Sypl/Actn1/Slirp/Chga/Bace2/Tcp1/Tnf/Vegfa/Ctnna1/Scgb1a1",67
"GO:0005818","aster","6/2867","12/23436",0.00159490910400761,0.00159490910400761,0.00871324026294686,"Kif18a/Tpx2/Mapre1/Map9/Ccsap/Kif18b",6
"GO:0008540","proteasome regulatory particle, base subcomplex","6/2867","12/23436",0.00159490910400761,0.00159490910400761,0.00871324026294686,"Psmd1/Psmc3/Psmc2/Psmc5/Psmc1/Psmd2",6
"GO:0031514","motile cilium","39/2867","199/23436",0.00189572818220054,0.00189572818220054,0.0102541211731327,"Flacc1/Ccdc181/Efcab2/Spag6l/Spaca9/Sord/Nphp1/Spag4/Akap14/Intu/Mlf1/Slc9b2/Drc1/Wdr19/Grk3/Wdr66/Ran/Cep89/Ldha/Prkaca/Cfap20/Tssk4/Sept7/Spa17/Ift46/Mns1/Hyal3/Kif3a/Ccdc103/Ccdc40/Catsper3/Dld/Slirp/Hsp90aa1/Ropn1l/Rabl2/Bbs1/Catsperz/Cfap43",39
"GO:0034399","nuclear periphery","25/2867","113/23436",0.00220776912245499,0.00220776912245499,0.0118248934422512,"Map2/Lbr/Cenpf/Nup35/Pcna/Cask/Pola1/Smc1a/Ebna1bp2/Nup205/Hnrnpa2b1/Ruvbl1/Cebpa/Blm/Kat8/Lmnb2/Nup107/Nup93/Rad21/Vdr/Hes1/Telo2/Nrm/Uhrf1/Lmnb1",25
"GO:0001741","XY body","8/2867","21/23436",0.00230931719214112,0.00230931719214112,0.0122487033492206,"Ube2a/Scml2/Plk4/Smarcb1/Pbx4/Esco2/H2afx/Smarcc1",8
"GO:0034362","low-density lipoprotein particle","6/2867","13/23436",0.00265667018976241,0.00265667018976241,0.0139555853085698,"Apoe/Lsr/Selenos/Msr1/Ldlr/Apom",6
"GO:0031594","neuromuscular junction","22/2867","97/23436",0.00284741721120217,0.00284741721120217,0.0147754409237563,"Serpine2/Rapsn/Snta1/Syp/Sv2a/Unc13b/Sync/Dok7/Ache/Syngr4/Unc13a/Prkaca/Lamb2/Lamc1/Myh10/Cdk5r1/Akap1/Syngr1/Tuba1a/Dnaja3/App/Syngr3",22
"GO:0034451","centriolar satellite","10/2867","31/23436",0.00286683410601591,0.00286683410601591,0.0147754409237563,"Bbs5/Odf2l/Ssx2ip/Plk1/Zmynd10/Ccdc13/Spag5/Cep72/Ccdc14/Bbs1",10
"GO:0016529","sarcoplasmic reticulum","18/2867","75/23436",0.0034871842023236,0.0034871842023236,0.0178047083227344,"Cacna1s/Hax1/S100a1/Gstm7/Nos1/Calu/Dmpk/Rtn2/Ryr1/Hrc/Akap7/Hsp90b1/Calr/Manf/Rasd1/Fkbp1b/Pygm/Tmem109",18
"GO:0008250","oligosaccharyltransferase complex","5/2867","10/23436",0.00403920183836162,0.00403920183836162,0.019879997668181,"Rpn2/Magt1/Ostc/Ddost/Stt3b",5
"GO:0030681","multimeric ribonuclease P complex","5/2867","10/23436",0.00403920183836162,0.00403920183836162,0.019879997668181,"Pop4/Rpp25/Rpp40/Pop1/Rpp30",5
"GO:0032797","SMN complex","5/2867","10/23436",0.00403920183836162,0.00403920183836162,0.019879997668181,"Strap/Gemin4/Smn1/Gemin2/Gemin6",5
"GO:1904115","axon cytoplasm","5/2867","10/23436",0.00403920183836162,0.00403920183836162,0.019879997668181,"Dynll1/Bsn/Kif3a/Rangap1/Ranbp1",5
"GO:0000177","cytoplasmic exosome (RNase complex)","6/2867","14/23436",0.0041712878134057,0.0041712878134057,0.0201667291584309,"Exosc9/Exosc8/Exosc3/Supv3l1/Dis3/Carhsp1",6
"GO:0043240","Fanconi anaemia nuclear complex","6/2867","14/23436",0.0041712878134057,0.0041712878134057,0.0201667291584309,"Fancb/Cenps/Faap24/Fanci/Fanca/Fancm",6
"GO:0055029","nuclear DNA-directed RNA polymerase complex","22/2867","100/23436",0.00422150922606315,0.00422150922606315,0.0202305012772555,"Prim2/Polr3k/Pola1/Taf12/Taf6/Ercc1/Zfp768/Prim1/Gtf2e2/Polr2c/Psmc5/Polr3g/Gtf2h2/Polr2k/Polr3h/Polr2h/Gtf2h4/Supt3/Gtf2f1/Polr2d/Pola2/Taf6l",22
"GO:0005720","nuclear heterochromatin","12/2867","43/23436",0.00438781250639718,0.00438781250639718,0.0208446195956076,"Suv39h2/Suv39h1/Cenpa/Cbx3/Trim28/Esco2/Ncapd3/Eme1/Vdr/Cbx5/Tcp1/Uhrf1",12
"GO:0045120","pronucleus","8/2867","23/23436",0.00444710747121547,0.00444710747121547,0.020944181284581,"Cenpf/Aurka/Ccna2/Ezh2/Ncapd2/Blm/Rad50/Cbx1",8
"GO:0000788","nuclear nucleosome","11/2867","38/23436",0.00462438200174118,0.00462438200174118,0.0215929308043515,"H3c13/Cenpa/H4f16/H3c10/H4c11/H4c12/H4c9/H3c8/H3c4/H3c2/H4c2",11
"GO:0000428","DNA-directed RNA polymerase complex","22/2867","101/23436",0.00478715026244489,0.00478715026244489,0.0221635235165825,"Prim2/Polr3k/Pola1/Taf12/Taf6/Ercc1/Zfp768/Prim1/Gtf2e2/Polr2c/Psmc5/Polr3g/Gtf2h2/Polr2k/Polr3h/Polr2h/Gtf2h4/Supt3/Gtf2f1/Polr2d/Pola2/Taf6l",22
"GO:0045177","apical part of cell","69/2867","416/23436",0.00519218680979107,0.00519218680979107,0.023836753244419,"Trpa1/Pard3b/Aspm/Vangl2/Sapcd2/Acvr1/Sptbn5/Pdia3/Jag1/Pard6b/S100g/Pld1/P2ry1/Muc1/Hax1/Pdzk1/Gpsm2/Vcam1/Spp1/Pebp1/Atp6v1b1/Anxa4/Atp2b2/Kcnn4/Upk1a/Rhcg/Myo7a/Slco2b1/Tomt/Cd81/Akap7/Tjp3/Nedd1/Myo1a/Erbb3/Lmo7/Amotl1/Ldlr/Plet1/Rdx/Trf/Zmynd10/Hyal2/Tdgf1/Slc6a20a/Slc46a1/Erbb2/Tubg1/Birc5/Hfe/Ctsl/Vash1/Lgmn/Hsp90aa1/Ptk2/Cldnd1/App/Abcb1a/Hspa1a/Hsp90ab1/Slc29a1/Dsg2/Slc23a1/Slc23a2/Atp8b1/Pard6g/Naaladl1/Trpm6/Slc1a1",69
"GO:0005938","cell cortex","54/2867","312/23436",0.00527909831137385,0.00527909831137385,0.0239962200373501,"Pard3b/Lamc2/Sapcd2/Hmcn2/Ermn/Cd302/Sptbn5/Mapre1/Pard6b/Gck/Tpm3/Gpsm2/Calb1/Unc13b/Melk/Rims3/Kdf1/Eno1/Eno1b/Sept11/Lancl2/Eps8/Pla2g4c/Ryr1/Ppfia3/Epb41l2/Marcks/Stox1/Tle6/Myo1a/Dlc1/Unc13a/Exoc3l/Spire2/Rhou/Anln/Sept7/Phldb1/Rdx/Anxa2/Bsn/Sptbn1/Sept8/Myh10/Rnd2/Itgb4/Hfe/Cap2/Actn1/Crip2/Phldb2/Snx9/Spire1/Pard6g",54
"GO:0035869","ciliary transition zone","17/2867","72/23436",0.00531476973659614,0.00531476973659614,0.0239962200373501,"Tmem237/Sptbn5/Nphp1/Kif17/Nphp4/Wdr19/Tctn1/Tctn2/Myo7a/Ccsap/Nek4/Rpgrip1/Kif3a/B9d1/Tmem107/Tmem216/Pdzd7",17
"GO:0016528","sarcoplasm","19/2867","84/23436",0.00548739667823246,0.00548739667823246,0.0245725528559331,"Cacna1s/Hax1/S100a1/Gstm7/Nos1/Calu/Dmpk/Rtn2/Ryr1/Hrc/Akap7/Hsp90b1/Calr/Jph3/Manf/Rasd1/Fkbp1b/Pygm/Tmem109",19
"GO:0097431","mitotic spindle pole","9/2867","29/23436",0.00612815343637606,0.00612815343637606,0.0272187559561761,"Aspm/Aurka/Rae1/Smc1a/Gpsm2/Mad1l1/Aurkb/Spag5/Kif20b",9
"GO:0098589","membrane region","63/2867","377/23436",0.00619927408418906,0.00619927408418906,0.0272701840072129,"Hspd1/Ptgs2/Rgs16/Fcer1g/Atp1a2/Stom/Tfpi/Kif18a/Prnp/Hdac6/Cask/Dmd/Pgk1/Tlr2/Pdzk1/Lyn/Stoml2/Lrp8/Eno1/Eno1b/Grk3/Nos1/Adam1a/Scarb1/Lat2/Dysf/Atp2b2/Ehd2/Kcnn4/Nup62/Cd24a/Arid3a/Grip1/Myo1a/Atp5b/Dlc1/Plvap/Hmox1/Prkaca/Tradd/Ldlr/Anxa2/Hyal2/Tdgf1/Xpo1/Rangrf/Eif5a/Erbb2/Prkar2b/Tshr/Bves/Pacsin2/Vdr/Adcy6/Tuba1a/Tuba1c/App/Cacna1h/Hspa1a/Tnf/Tubb5/Ctnna1/Atp5a1",63
"GO:0005662","DNA replication factor A complex","6/2867","15/23436",0.00623956522323032,0.00623956522323032,0.0272701840072129,"Plrg1/Rpa3/Rpa1/E2f6/Tonsl/Prpf19",6
"GO:0055037","recycling endosome","28/2867","141/23436",0.00635339561767073,0.00635339561767073,0.0275473043071939,"Pigr/Ehd4/Atp9a/Rab13/Slc31a1/Nsg1/Ran/Ehd3/Ehd2/Cd22/Grip1/Zdhhc2/Ldlr/Myo5a/Trf/Commd1/Tubg1/Hfe/Scamp1/Ndrg1/Pacsin2/Tuba1a/Lztr1/Tfrc/App/Tnf/Ehd1/Slc1a1",28
"GO:0000235","astral microtubule","5/2867","11/23436",0.00666405776779293,0.00666405776779293,0.028666771500079,"Kif18a/Mapre1/Map9/Ccsap/Kif18b",5
"GO:0030880","RNA polymerase complex","22/2867","104/23436",0.00687228289960971,0.00687228289960971,0.0293315363889592,"Prim2/Polr3k/Pola1/Taf12/Taf6/Ercc1/Zfp768/Prim1/Gtf2e2/Polr2c/Psmc5/Polr3g/Gtf2h2/Polr2k/Polr3h/Polr2h/Gtf2h4/Supt3/Gtf2f1/Polr2d/Pola2/Taf6l",22
"GO:0031252","cell leading edge","63/2867","380/23436",0.0073760778962965,0.0073760778962965,0.0311398956118731,"Map2/Cdc42bpa/Enah/Vim/Aif1l/Kif18a/Pla2g4f/Slc12a5/Kcnb1/Ptk6/Hdac6/Amot/Stmn2/Pld1/Hax1/Rab13/Kcna2/Ssx2ip/Bspry/Kdf1/Cit/Fscn1/Sgce/Cntnap2/Dysf/Frmd4b/Eps8/Hcn2/Palm/Myo1a/Dlc1/Bcar1/Tubb3/Amotl1/Rdx/Tln2/Anxa2/Myo5a/Ccdc88a/Sptbn1/Wwc1/Myh10/Nme1/Tubg1/Mpp2/Itgb4/Pdlim7/Actn1/Hsp90aa1/Myo10/Ptk2/Parvb/Phldb2/App/Tiam1/Itsn1/Dynlt1a/Fgd2/Fer/Ptprm/Jcad/Ctnna1/Fam89b",63
"GO:0043083","synaptic cleft","7/2867","20/23436",0.00740997516005072,0.00740997516005072,0.0311398956118731,"Dnm3/Ache/Apoe/Lamb2/Lamc1/C1ql1/Sparcl1",7
"GO:0005865","striated muscle thin filament","9/2867","30/23436",0.00782118858844563,0.00782118858844563,0.032610995083019,"Obsl1/Neb/Tmod4/Tpm2/Tnnt1/Tnni3/Acta1/Tnnc1/Actn3",9
"GO:0030532","small nuclear ribonucleoprotein complex","15/2867","63/23436",0.00787941962121498,0.00787941962121498,0.032610995083019,"Snrpb2/Rbmx2/Ppih/Sf3a3/Lsm5/Lsm3/Snrpa/Snrpa1/Snrpf/Lsm4/Lsm6/Lsm11/Lsm2/Snrpd1/Txnl4a",15
"GO:0044455","mitochondrial membrane part","39/2867","216/23436",0.00807127700520688,0.00807127700520688,0.0331538802192511,"Tmem70/Hspd1/Abcb6/Ndufs2/Romo1/Apoo/Armcx3/Mgarp/Ndufc1/Mcub/Lyn/Ndufb6/Ndufs5/Sdhb/Grpel1/Ndufa5/Chchd6/Dmpk/Timm50/Cox7a1/Ndufc2/Ndufab1/Cisd1/Chchd10/Ndufa12/Atp5b/Sdhd/Dusp18/Timm22/Akap1/Cox11/Sfxn1/Immp2l/Cyc1/Bak1/Tomm6/Atp5a1/Timm21/Ndufb8",39
"GO:0097525","spliceosomal snRNP complex","14/2867","58/23436",0.00888671109543181,0.00888671109543181,0.0362309745367566,"Snrpb2/Rbmx2/Ppih/Sf3a3/Lsm5/Lsm3/Snrpa/Snrpa1/Snrpf/Lsm4/Lsm6/Lsm2/Snrpd1/Txnl4a",14
"GO:0000795","synaptonemal complex","20/2867","94/23436",0.0090516779466348,0.0090516779466348,0.0363608425255686,"Rad51/Syn1/Xlr3a/Msh4/Stag3/Brca2/Blm/Plk1/Syce1/Sycp3/Syce2/Ccnb1ip1/Mlh1/Hormad2/Rpa1/Brca1/4930447C04Rik/Hspa2/Msh5/Incenp",20
"GO:0099086","synaptonemal structure","20/2867","94/23436",0.0090516779466348,0.0090516779466348,0.0363608425255686,"Rad51/Syn1/Xlr3a/Msh4/Stag3/Brca2/Blm/Plk1/Syce1/Sycp3/Syce2/Ccnb1ip1/Mlh1/Hormad2/Rpa1/Brca1/4930447C04Rik/Hspa2/Msh5/Incenp",20
"GO:0000786","nucleosome","19/2867","88/23436",0.00920424996412622,0.00920424996412622,0.0367038473406186,"H3c13/Cenpa/H4f16/H2afx/H3c10/H2bc14/H4c11/H4c12/H1f5/H2ac12/H2bc12/H4c9/H2ac10/H3c8/H3c4/H3c3/H2bc3/H3c2/H4c2",19
"GO:0046540","U4/U6 x U5 tri-snRNP complex","9/2867","31/23436",0.00984796996762141,0.00984796996762141,0.0384292963398159,"Ppih/Lsm5/Lsm3/Snrpf/Lsm4/Lsm6/Lsm2/Snrpd1/Txnl4a",9
"GO:0097526","spliceosomal tri-snRNP complex","9/2867","31/23436",0.00984796996762141,0.00984796996762141,0.0384292963398159,"Ppih/Lsm5/Lsm3/Snrpf/Lsm4/Lsm6/Lsm2/Snrpd1/Txnl4a",9
"GO:1990752","microtubule end","9/2867","31/23436",0.00984796996762141,0.00984796996762141,0.0384292963398159,"Aspm/Ckap5/Knstrn/Mapre1/Kif2c/Camsap3/Myo5a/Spag5/Kif18b",9
"GO:0005680","anaphase-promoting complex","7/2867","21/23436",0.00996030414400549,0.00996030414400549,0.0385919958995061,"Ube2c/Cdc20/Anapc5/Ube2s/Anapc15/Cdc16/Anapc11",7
"GO:0008278","cohesin complex","5/2867","12/23436",0.0102848782419253,0.0102848782419253,0.0394637906185445,"Sgo2a/Smc1a/Stag3/Rad21/Cdca5",5
"GO:0098857","membrane microdomain","60/2867","365/23436",0.0104256262585792,0.0104256262585792,0.0394637906185445,"Hspd1/Ptgs2/Rgs16/Fcer1g/Atp1a2/Stom/Tfpi/Kif18a/Prnp/Hdac6/Cask/Dmd/Pgk1/Tlr2/Pdzk1/Lyn/Stoml2/Lrp8/Eno1/Eno1b/Grk3/Nos1/Adam1a/Scarb1/Lat2/Dysf/Atp2b2/Ehd2/Kcnn4/Cd24a/Arid3a/Grip1/Myo1a/Atp5b/Dlc1/Plvap/Hmox1/Prkaca/Tradd/Ldlr/Anxa2/Hyal2/Tdgf1/Rangrf/Erbb2/Prkar2b/Tshr/Bves/Pacsin2/Vdr/Adcy6/Tuba1a/Tuba1c/App/Cacna1h/Hspa1a/Tnf/Tubb5/Ctnna1/Atp5a1",60
"GO:0044798","nuclear transcription factor complex","37/2867","206/23436",0.0104966169041321,0.0104966169041321,0.0394637906185445,"Nr1h3/E2f1/Med14/Taf12/E2f2/Taf6/Trim28/Ercc1/Cebpa/Tead2/E2f8/Ascl3/Ascl4/E2f7/Tfdp1/Gtf2e2/Cbfb/E2f4/Thrb/Pou2af1/Hyal2/Hnrnpab/Sox15/Psmc5/Hmga1/Sox4/E2f3/Mxd3/Gtf2h2/E2f6/Vdr/Sox8/Gtf2h4/Supt3/Gtf2f1/Taf6l/Tcf7l2",37
"GO:0016324","apical plasma membrane","53/2867","316/23436",0.0105211969583157,0.0105211969583157,0.0394637906185445,"Trpa1/Pard3b/Aspm/Vangl2/Pdia3/Jag1/Pard6b/S100g/Pld1/P2ry1/Muc1/Hax1/Pdzk1/Atp6v1b1/Anxa4/Atp2b2/Kcnn4/Upk1a/Rhcg/Myo7a/Slco2b1/Cd81/Akap7/Tjp3/Myo1a/Erbb3/Lmo7/Amotl1/Plet1/Rdx/Trf/Zmynd10/Hyal2/Tdgf1/Slc6a20a/Slc46a1/Erbb2/Birc5/Hsp90aa1/Ptk2/Cldnd1/Abcb1a/Hspa1a/Hsp90ab1/Slc29a1/Dsg2/Slc23a1/Slc23a2/Atp8b1/Pard6g/Naaladl1/Trpm6/Slc1a1",53
"GO:0097223","sperm part","42/2867","240/23436",0.0105464889379424,0.0105464889379424,0.0394637906185445,"Flacc1/Ica1l/Dnajb3/Ccdc181/Spag6l/Spaca9/Knl1/Pdia3/Gm14569/Akap14/Adam30/Slc9b2/Kit/Spink2/Grk3/Wdr66/Ran/Cct6a/Nudt1/Abcc9/Dkkl1/Ppfia3/Izumo1/Ldha/Prkaca/Calr/Tssk4/Sept7/Acrv1/Spa17/Mns1/Hyal3/Zpbp2/Catsper3/Dld/Slirp/Hsp90aa1/Rabl2/Tcp1/Hsp90ab1/Ctnna1/Catsperz",42
"GO:0001669","acrosomal vesicle","25/2867","127/23436",0.0106399804644163,0.0106399804644163,0.0395427845401508,"Ica1l/Dnajb3/Spaca9/Knl1/Pdia3/Gm14569/Kit/Spink2/Cct6a/Nudt1/Abcc9/Dkkl1/Ppfia3/Izumo1/Prkaca/Calr/Tssk4/Acrv1/Hyal3/Zpbp2/Catsper3/Dld/Slirp/Tcp1/Ctnna1",25
"GO:1990204","oxidoreductase complex","22/2867","108/23436",0.0107529724987599,0.0107529724987599,0.0396926936476272,"Ndufs2/Ndufc1/Ndufb6/Ndufs5/Sdhb/Ndufa5/Etfb/Ndufc2/Rrm1/Ndufab1/Ndufa12/Gcsh/Ogdhl/Sdhd/Etfa/Bckdhb/P4hb/Mrps36/Rrm2/Dld/Cyc1/Ndufb8",22
"GO:0062023","collagen-containing extracellular matrix","59/2867","359/23436",0.0110598630661662,0.0110598630661662,0.0405515290098217,"Serpine2/Lamc2/Serpinc1/Plxdc2/Entpd2/Egfl7/Hmcn2/Tgm2/Col9a3/Cask/Muc1/S100a11/S100a3/Anxa9/Adamtsl4/Npnt/Col15a1/P3h1/Tinagl1/Emilin1/Igfbp7/Pf4/Ache/Anxa4/Mfap5/Ssc5d/Ltbp4/Igf1/Comp/Calr/Nid2/Anxa7/Lgals3/Pkm/Anxa2/Trf/Lamb2/Lamc1/Emid1/Serpinf1/Col1a1/Itgb4/Sparcl1/Ecm2/Omd/Ctsl/Hsp90aa1/Lgals1/Chadl/Plxnb2/Col2a1/Igfbp6/Ntn3/Col11a2/Vegfa/Emilin2/Lman1/Ltbp3/Gsto1",59
"GO:0005788","endoplasmic reticulum lumen","14/2867","60/23436",0.0120425992096728,0.0120425992096728,0.0438604139636505,"Poglut2/Hspa5/Txndc12/Ache/Calu/Pdia4/Hsp90b1/Calr3/Calr/Poglut3/Manf/Pdia6/Alg12/Hspa13",14
"GO:0036379","myofilament","9/2867","32/23436",0.0122461431319131,0.0122461431319131,0.0443063665769459,"Obsl1/Neb/Tmod4/Tpm2/Tnnt1/Tnni3/Acta1/Tnnc1/Actn3",9
"GO:0000152","nuclear ubiquitin ligase complex","11/2867","43/23436",0.0124653625564691,0.0124653625564691,0.0448027920139021,"Bard1/Ube2c/Cdc20/Phc2/Anapc5/Ube2s/Anapc15/Cdc16/Brca1/Cbx2/Anapc11",11
"GO:0042641","actomyosin","20/2867","97/23436",0.01277561790461,0.01277561790461,0.0456177894220337,"Vangl2/Cdc42bpa/Enah/Ptpn11/Amot/Tpm3/Sept11/Fscn1/Dlc1/Acta1/Flnb/Sept7/Anxa2/Myo5a/Gas2l1/Myh10/Pdlim7/Actn1/Ptk2/Synpo",20
"GO:0071007","U2-type catalytic step 2 spliceosome","8/2867","27/23436",0.0128986846300111,0.0128986846300111,0.0457581498494585,"Snrpb2/Plrg1/Snrnp40/Snrpa1/Snrpf/Ppil1/Snrpd1/Prpf19",8
"GO:0045121","membrane raft","59/2867","364/23436",0.0145249868547922,0.0145249868547922,0.0511950300688431,"Hspd1/Ptgs2/Rgs16/Fcer1g/Atp1a2/Stom/Tfpi/Kif18a/Prnp/Hdac6/Cask/Dmd/Pgk1/Tlr2/Pdzk1/Lyn/Stoml2/Lrp8/Eno1/Eno1b/Grk3/Nos1/Adam1a/Scarb1/Lat2/Atp2b2/Ehd2/Kcnn4/Cd24a/Arid3a/Grip1/Myo1a/Atp5b/Dlc1/Plvap/Hmox1/Prkaca/Tradd/Ldlr/Anxa2/Hyal2/Tdgf1/Rangrf/Erbb2/Prkar2b/Tshr/Bves/Pacsin2/Vdr/Adcy6/Tuba1a/Tuba1c/App/Cacna1h/Hspa1a/Tnf/Tubb5/Ctnna1/Atp5a1",59
"GO:0048786","presynaptic active zone","19/2867","92/23436",0.0147157100118343,0.0147157100118343,0.0513562788262117,"Stxbp1/Syp/Syn1/P2ry1/Sv2a/Unc13b/Rims3/Atp2b2/Slc17a7/Ppfia3/Ncoa2/Unc13a/Nectin1/Bsn/Canx/C1qbp/Scn8a/App/Cacna1h",19
"GO:0005665","RNA polymerase II, core complex","5/2867","13/23436",0.0150525082745271,0.0150525082745271,0.0513562788262117,"Zfp768/Polr2c/Polr2k/Polr2h/Polr2d",5
"GO:0030677","ribonuclease P complex","5/2867","13/23436",0.0150525082745271,0.0150525082745271,0.0513562788262117,"Pop4/Rpp25/Rpp40/Pop1/Rpp30",5
"GO:0035253","ciliary rootlet","5/2867","13/23436",0.0150525082745271,0.0150525082745271,0.0513562788262117,"Crocc/Kif5a/Nek4/Rpgrip1/App",5
"GO:0001725","stress fiber","18/2867","86/23436",0.015134764636742,0.015134764636742,0.0513562788262117,"Vangl2/Enah/Ptpn11/Amot/Tpm3/Sept11/Fscn1/Dlc1/Acta1/Flnb/Sept7/Anxa2/Gas2l1/Myh10/Pdlim7/Actn1/Ptk2/Synpo",18
"GO:0097517","contractile actin filament bundle","18/2867","86/23436",0.015134764636742,0.015134764636742,0.0513562788262117,"Vangl2/Enah/Ptpn11/Amot/Tpm3/Sept11/Fscn1/Dlc1/Acta1/Flnb/Sept7/Anxa2/Gas2l1/Myh10/Pdlim7/Actn1/Ptk2/Synpo",18
"GO:0005913","cell-cell adherens junction","22/2867","112/23436",0.0162265746927938,0.0162265746927938,0.0547211973070825,"Pard3b/Gm14569/Ssx2ip/Lyn/Cdca3/Camsap3/Cdh5/Tgm1/Lmo7/Nectin1/Rdx/Tln2/Cdc42ep4/Dsp/Pdlim7/Actn1/Ndrg1/Pkp2/Arvcf/Vegfa/Ptprm/Ctnna1",22
"GO:0005791","rough endoplasmic reticulum","19/2867","93/23436",0.0164333603309832,0.0164333603309832,0.0550785535148874,"Hspd1/Map2/Rpn2/Mttp/Hgfac/Pebp1/Ache/Rpn1/Derl3/Ncoa2/Vdac3/Gnrh1/Canx/Rangrf/Tmem97/Arsb/Myc/App/Scgb1a1",19
"GO:0034361","very-low-density lipoprotein particle","6/2867","18/23436",0.0167649923231252,0.0167649923231252,0.055508969797142,"Apoa2/Apoe/Lsr/Selenos/Lpl/Apom",6
"GO:0034385","triglyceride-rich plasma lipoprotein particle","6/2867","18/23436",0.0167649923231252,0.0167649923231252,0.055508969797142,"Apoa2/Apoe/Lsr/Selenos/Lpl/Apom",6
"GO:0035371","microtubule plus-end","7/2867","23/23436",0.0168779565452248,0.0168779565452248,0.0555463503295604,"Ckap5/Knstrn/Mapre1/Kif2c/Myo5a/Spag5/Kif18b",7
"GO:0005901","caveola","19/2867","94/23436",0.0183033865350182,0.0183033865350182,0.0588747985948185,"Ptgs2/Atp1a2/Tfpi/Kif18a/Hdac6/Lrp8/Nos1/Scarb1/Ehd2/Dlc1/Plvap/Hmox1/Ldlr/Rangrf/Bves/Pacsin2/Vdr/Cacna1h/Ctnna1",19
"GO:0034358","plasma lipoprotein particle","9/2867","34/23436",0.0183060913083449,0.0183060913083449,0.0588747985948185,"Hdlbp/Apoa2/Apoe/Lsr/Selenos/Msr1/Lpl/Ldlr/Apom",9
"GO:1990777","lipoprotein particle","9/2867","34/23436",0.0183060913083449,0.0183060913083449,0.0588747985948185,"Hdlbp/Apoa2/Apoe/Lsr/Selenos/Msr1/Lpl/Ldlr/Apom",9
"GO:0030286","dynein complex","13/2867","57/23436",0.0183203853045534,0.0183203853045534,0.0588747985948185,"Wdr34/Hdac6/Drc1/Dynll1/Casc1/Ccdc114/Dnah3/Dync1li2/Dynll2/Ccdc103/Dnal1/Tctex1d2/Dynlt1a",13
"GO:0005911","cell-cell junction","74/2867","477/23436",0.0185591642706589,0.0185591642706589,0.0592933595350691,"Pard3b/F11r/Vangl2/Atp1a2/Cdc42bpa/Frmd4a/Sapcd2/Nphp1/Pard6b/Cask/Gm14569/Pdzd11/Amot/Ect2/Iqgap3/Rab13/Sv2a/Gja5/Ssx2ip/Lyn/Ptpru/Kazn/Nphp4/Magi2/Ywhah/Kit/Fscn1/Frmd4b/Cdca3/Ybx3/Lsr/Fzd4/Tjp3/Camsap3/Cldn23/Cdh5/Tgm1/Lmo7/Mmp13/Trpc6/Amotl1/Nectin1/Cadm1/Rdx/Tln2/Rangrf/Cldn7/Cdc42ep4/Dsp/Pdlim7/Actn1/Ccdc85c/Akt1/Bves/Grhl2/Ndrg1/Ptk2/Baiap2l2/Sgsm3/Pacsin2/Pkp2/Arvcf/App/Tiam1/Abcb1a/Vegfa/Ptprm/Jcad/Gjd4/Dsg2/Ctnna1/Synpo/Pard6g/Tjp2",74
"GO:0005684","U2-type spliceosomal complex","18/2867","88/23436",0.0189582963962521,0.0189582963962521,0.0602163759464801,"Snrpb2/Rbmx2/Plrg1/Magohb/Prpf38a/Sf3a3/Snrnp40/Lsm5/Lsm3/Snrpa1/Snrpf/Lsm4/Lsm6/Ppil1/Lsm2/Snrpd1/Txnl4a/Prpf19",18
"GO:0030990","intraciliary transport particle","8/2867","29/23436",0.0199892495554708,0.0199892495554708,0.0627611646659972,"Ttc30b/Kif17/Wdr19/Ift22/Ift46/Ttc21a/Ift43/Rabl2",8
"GO:0044305","calyx of Held","8/2867","29/23436",0.0199892495554708,0.0199892495554708,0.0627611646659972,"Kcna2/Calb1/Unc13b/Nos1/Unc13a/Glra1/Tspoap1/Itsn1",8
"GO:0032432","actin filament bundle","19/2867","95/23436",0.0203341092217023,0.0203341092217023,0.0634791139011338,"Vangl2/Enah/Ptpn11/Amot/Tpm3/Sept11/Fscn1/Marcks/Dlc1/Acta1/Flnb/Sept7/Anxa2/Gas2l1/Myh10/Pdlim7/Actn1/Ptk2/Synpo",19
"GO:0036038","MKS complex","5/2867","14/23436",0.0210976307529279,0.0210976307529279,0.0651184678011869,"Tctn1/Tctn2/B9d1/Tmem107/Tmem216",5
"GO:0045239","tricarboxylic acid cycle enzyme complex","5/2867","14/23436",0.0210976307529279,0.0210976307529279,0.0651184678011869,"Fh1/Ogdhl/Bckdhb/Mrps36/Dld",5
"GO:0098800","inner mitochondrial membrane protein complex","24/2867","128/23436",0.0213587468630126,0.0213587468630126,0.0655540486215467,"Ndufs2/Romo1/Apoo/Ndufc1/Mcub/Ndufb6/Ndufs5/Sdhb/Grpel1/Ndufa5/Chchd6/Timm50/Ndufc2/Ndufab1/Chchd10/Ndufa12/Atp5b/Sdhd/Timm22/Immp2l/Cyc1/Atp5a1/Timm21/Ndufb8",24
"GO:0032039","integrator complex","6/2867","19/23436",0.0220212832487609,0.0220212832487609,0.0672099147668739,"Ints8/Ints11/Ints1/Ints10/Ints2/Ints5",6
"GO:0032154","cleavage furrow","10/2867","41/23436",0.0232903750316926,0.0232903750316926,0.0706883312365407,"Mastl/Ect2/Tpm3/Cit/Spire2/Rdx/Myh10/Racgap1/Kif20a/Spire1",10
"GO:0097730","non-motile cilium","27/2867","150/23436",0.0251553769871668,0.0251553769871668,0.0757616169300001,"Opn3/Sptbn5/Map1a/Strc/Nphp1/Mlf1/Gnat2/Kif17/Nphp4/Lyar/Wdr19/Cep89/Rgs9bp/Myo7a/Mdm1/Rpgrip1/Sept7/Dnaaf4/Myo5a/Kif3a/Tubg1/Map1b/Prph/Glis2/Tiam1/Rom1/Pdzd7",27
"GO:0005681","spliceosomal complex","33/2867","191/23436",0.025339833937464,0.025339833937464,0.0757616169300001,"Snrpb2/Akap17b/Rbmx2/Plrg1/Magoh/Magohb/Prpf38a/Ybx1/Sf3a3/Snrnp40/Ppp1r8/Snrnp35/Hnrnpa2b1/Lsm5/Lsm3/Eif4a3l1/Snrpa/Snrpa1/Snrpf/Lsm4/Rbmxl1/Lsm6/Lgals3/Snrnp25/Srsf1/Srsf2/Alyref/Gemin2/Ppil1/Lsm2/Snrpd1/Txnl4a/Prpf19",33
"GO:0034709","methylosome","4/2867","10/23436",0.0255166293629364,0.0255166293629364,0.0757616169300001,"Prmt1/Snrpf/Erh/Snrpd1",4
"GO:0045240","dihydrolipoyl dehydrogenase complex","4/2867","10/23436",0.0255166293629364,0.0255166293629364,0.0757616169300001,"Ogdhl/Bckdhb/Mrps36/Dld",4
"GO:0043292","contractile fiber","38/2867","226/23436",0.0258873758039172,0.0258873758039172,0.0764469305390214,"Obsl1/Dbi/Csrp1/Cacna1s/Neb/Dmd/S100a1/Tmod4/Npnt/Tpm2/Sync/Ablim2/Grk3/Nos1/Abcc9/Tnnt1/Tnni3/Ryr1/Csrp2/Arhgef25/Acta1/Synpo2l/Tnnc1/Klhl40/Sptbn1/Cdk5r1/Myl4/Dek/Pdlim7/Fkbp1b/Actn1/Ahnak2/Scn8a/Stub1/Synpo/Lman1/Actn3/Pygm",38
"GO:0032994","protein-lipid complex","9/2867","36/23436",0.0262898200696232,0.0262898200696232,0.0772179774540715,"Hdlbp/Apoa2/Apoe/Lsr/Selenos/Msr1/Lpl/Ldlr/Apom",9
"GO:0045178","basal part of cell","14/2867","66/23436",0.0268319557754793,0.0268319557754793,0.0783888829016256,"Gck/Rhcg/Slco2b1/Myo1a/Erbb3/Phldb1/Trf/Erbb2/Itgb4/Hfe/Muc20/Phldb2/Slc23a1/Slc23a2",14
"GO:0005811","lipid droplet","16/2867","79/23436",0.0282437011807502,0.0282437011807502,0.0817544883931017,"Sccpdh/Set/Sigmar1/Plin2/Gapdh/Dgat2/Lss/Anxa2/Rbp1/Akap1/Lpcat1/Pnpla1/Plin5/Plin3/Ehd1/Prpf19",16
"GO:0005839","proteasome core complex","6/2867","20/23436",0.0282832724296366,0.0282832724296366,0.0817544883931017,"Psmb7/Psmb2/Psma1/Psma4/Psmb6/Psma8",6
"GO:0031011","Ino80 complex","5/2867","15/23436",0.0285266635177767,0.0285266635177767,0.0820240352671806,"Uchl5/Actl6a/Ruvbl1/Ruvbl2/Ino80c",5
"GO:0005669","transcription factor TFIID complex","9/2867","37/23436",0.0310861348848173,0.0310861348848173,0.088452324590023,"Taf12/Taf6/Ercc1/Gtf2e2/Gtf2h2/Gtf2h4/Supt3/Gtf2f1/Taf6l",9
"GO:1990391","DNA repair complex","9/2867","37/23436",0.0310861348848173,0.0310861348848173,0.088452324590023,"Nhej1/Msh4/Ercc1/Pold1/Mlh1/Xrcc6/Rnf168/Msh5/Msh6",9
"GO:0009925","basal plasma membrane","10/2867","43/23436",0.0318200055827585,0.0318200055827585,0.0900713547720299,"Rhcg/Slco2b1/Myo1a/Erbb3/Trf/Erbb2/Itgb4/Muc20/Slc23a1/Slc23a2",10
"GO:0030017","sarcomere","32/2867","189/23436",0.0351568255754638,0.0351568255754638,0.0990037573177737,"Obsl1/Csrp1/Cacna1s/Neb/Dmd/S100a1/Tmod4/Tpm2/Sync/Grk3/Nos1/Abcc9/Tnnt1/Tnni3/Ryr1/Csrp2/Acta1/Synpo2l/Tnnc1/Klhl40/Sptbn1/Myl4/Pdlim7/Fkbp1b/Actn1/Ahnak2/Scn8a/Stub1/Synpo/Lman1/Actn3/Pygm",32
"GO:0043296","apical junction complex","25/2867","141/23436",0.0356388423741787,0.0356388423741787,0.099846473372193,"Pard3b/F11r/Frmd4a/Sapcd2/Nphp1/Pard6b/Amot/Ect2/Rab13/Nphp4/Magi2/Frmd4b/Tjp3/Camsap3/Cldn23/Cdh5/Amotl1/Nectin1/Cldn7/Ccdc85c/Bves/Ctnna1/Synpo/Pard6g/Tjp2",25
"GO:0032153","cell division site","12/2867","56/23436",0.0359388957746777,0.0359388957746777,0.100173399071202,"Mastl/Ect2/Tpm3/Cit/Spire2/Anln/Rdx/Myh10/Rnd2/Racgap1/Kif20a/Spire1",12
"GO:0005744","TIM23 mitochondrial import inner membrane translocase complex","4/2867","11/23436",0.0362895274173042,0.0362895274173042,0.1004258941578,"Romo1/Grpel1/Timm50/Timm21",4
"GO:0005923","bicellular tight junction","22/2867","121/23436",0.0364194769359365,0.0364194769359365,0.1004258941578,"Pard3b/F11r/Frmd4a/Sapcd2/Nphp1/Pard6b/Amot/Ect2/Rab13/Nphp4/Magi2/Frmd4b/Tjp3/Cldn23/Cdh5/Amotl1/Cldn7/Ccdc85c/Bves/Synpo/Pard6g/Tjp2",22
"GO:0060170","ciliary membrane","11/2867","50/23436",0.0365809543170176,0.0365809543170176,0.1004258941578,"Sptbn5/Cask/Gpr157/Evc/Ehd3/Cd24a/Tspear/Ift46/Prph/Ehd1/Rom1",11
"GO:0070160","tight junction","23/2867","128/23436",0.0372005865146513,0.0372005865146513,0.101616338953179,"Pard3b/F11r/Frmd4a/Sapcd2/Nphp1/Pard6b/Amot/Ect2/Rab13/Nphp4/Magi2/Frmd4b/Lsr/Tjp3/Cldn23/Cdh5/Amotl1/Cldn7/Ccdc85c/Bves/Synpo/Pard6g/Tjp2",23
"GO:0033202","DNA helicase complex","5/2867","16/23436",0.037419235720609,0.037419235720609,0.101705071165206,"Uchl5/Actl6a/Ruvbl1/Ruvbl2/Ino80c",5
"GO:0016234","inclusion body","15/2867","76/23436",0.0404384842257289,0.0404384842257289,0.109367239776724,"Prnp/Hdac6/Klf8/Nbn/Prdm16/Pold1/Nefh/Rad50/Psmc5/Sncb/Rangap1/Stub1/Hspa1a/Ubd/Hsp90ab1",15
"GO:0032155","cell division site part","11/2867","51/23436",0.0416703190407938,0.0416703190407938,0.112143612041338,"Mastl/Ect2/Tpm3/Cit/Spire2/Anln/Rdx/Myh10/Racgap1/Kif20a/Spire1",11
"GO:0030315","T-tubule","14/2867","70/23436",0.042281066609159,0.042281066609159,0.112529132973281,"Cacna1s/Atp1a2/Stbd1/Nos1/Dysf/Abcc9/Rtn2/Ryr1/Akap7/Got2/Kcnj3/Rdx/Ahnak2/Vdr",14
"GO:0000803","sex chromosome","9/2867","39/23436",0.042431505439058,0.042431505439058,0.112529132973281,"Ube2a/Scml2/Plk4/Smarcb1/Cdk2/Pbx4/Esco2/H2afx/Smarcc1",9
"GO:0044447","axoneme part","9/2867","39/23436",0.042431505439058,0.042431505439058,0.112529132973281,"Spag6l/Ttc30b/Drc1/Casc1/Ccdc114/Dnah3/Wdpcp/Ccdc103/Dnal1",9
"GO:0001726","ruffle","25/2867","144/23436",0.0444092946945788,0.0444092946945788,0.117205308652359,"Map2/Aif1l/Kif18a/Pla2g4f/Ptk6/Amot/Cit/Fscn1/Frmd4b/Eps8/Dlc1/Bcar1/Rdx/Tln2/Anxa2/Myo5a/Wwc1/Nme1/Pdlim7/Actn1/Hsp90aa1/Myo10/Tiam1/Fgd2/Jcad",25
"GO:0016591","RNA polymerase II, holoenzyme","15/2867","77/23436",0.0447547341576291,0.0447547341576291,0.117549124634663,"Taf12/Taf6/Ercc1/Zfp768/Gtf2e2/Polr2c/Psmc5/Gtf2h2/Polr2k/Polr2h/Gtf2h4/Supt3/Gtf2f1/Polr2d/Taf6l",15
"GO:0016328","lateral plasma membrane","12/2867","58/23436",0.045747990346876,0.045747990346876,0.119583011785589,"Vangl2/Iqgap3/Rab13/Nsg1/Atp6v1b1/Akap7/Myo1a/Erbb3/Cldn7/Bves/Mtcl1/Dsg2",12
"GO:0016323","basolateral plasma membrane","37/2867","229/23436",0.0466925739554967,0.0466925739554967,0.121280606467736,"Vangl2/Cask/Pdzd11/S100g/P2ry1/Hcn4/Slc9b2/Mttp/Atp6v1b1/Kcnn4/Rhcg/Slco2b1/Cd81/Palm/Myo1a/Erbb3/Nod2/Ldlr/Cadm1/Anxa2/Trf/Cldn7/Erbb2/Itgb4/Dsp/Tshr/Hsp90aa1/Slc1a3/Ptk2/Tfrc/Muc20/Hspa1a/Hsp90ab1/Slc29a1/Slc23a1/Slc23a2/Slc29a2",37
"GO:0071013","catalytic step 2 spliceosome","16/2867","84/23436",0.0468414211299762,0.0468414211299762,0.121280606467736,"Snrpb2/Plrg1/Magoh/Magohb/Sf3a3/Snrnp40/Hnrnpa2b1/Lsm3/Eif4a3l1/Snrpa1/Snrpf/Srsf1/Ppil1/Lsm2/Snrpd1/Prpf19",16
"GO:0030672","synaptic vesicle membrane","20/2867","111/23436",0.0482364009113498,0.0482364009113498,0.123719753264099,"Sema4c/Syp/Syn1/Sv2a/Slc9b2/Unc13b/Rab3b/Wfs1/Atp6v1b1/Calm3/Slc17a7/Syngr4/Slc18a1/Unc13a/Snap47/Atp6v0a1/Scamp1/Sypl/Syngr1/Syngr3",20
"GO:0099501","exocytic vesicle membrane","20/2867","111/23436",0.0482364009113498,0.0482364009113498,0.123719753264099,"Sema4c/Syp/Syn1/Sv2a/Slc9b2/Unc13b/Rab3b/Wfs1/Atp6v1b1/Calm3/Slc17a7/Syngr4/Slc18a1/Unc13a/Snap47/Atp6v0a1/Scamp1/Sypl/Syngr1/Syngr3",20
"GO:0042627","chylomicron","4/2867","12/23436",0.0492918520049936,0.0492918520049936,0.125490141042194,"Apoa2/Apoe/Lsr/Lpl",4
"GO:0030684","preribosome","15/2867","78/23436",0.0493860526163161,0.0493860526163161,0.125490141042194,"Rrs1/Nop58/Utp14b/Nop56/Ebna1bp2/Mrto4/Fbl/Pwp2/Nip7/Tsr1/Utp6/Heatr1/Riox1/Fcf1/Rsl1d1",15
"GO:0000178","exosome (RNase complex)","6/2867","23/23436",0.0536491119850503,0.0536491119850503,0.133857598453006,"Exosc9/Exosc8/Exosc3/Supv3l1/Dis3/Carhsp1",6
"GO:0005858","axonemal dynein complex","6/2867","23/23436",0.0536491119850503,0.0536491119850503,0.133857598453006,"Drc1/Casc1/Ccdc114/Dnah3/Ccdc103/Dnal1",6
"GO:1905354","exoribonuclease complex","6/2867","23/23436",0.0536491119850503,0.0536491119850503,0.133857598453006,"Exosc9/Exosc8/Exosc3/Supv3l1/Dis3/Carhsp1",6
"GO:0044449","contractile fiber part","33/2867","203/23436",0.0536591008827512,0.0536591008827512,0.133857598453006,"Obsl1/Csrp1/Cacna1s/Neb/Dmd/S100a1/Tmod4/Npnt/Tpm2/Sync/Grk3/Nos1/Abcc9/Tnnt1/Tnni3/Ryr1/Csrp2/Acta1/Synpo2l/Tnnc1/Klhl40/Sptbn1/Myl4/Pdlim7/Fkbp1b/Actn1/Ahnak2/Scn8a/Stub1/Synpo/Lman1/Actn3/Pygm",33
"GO:0044665","MLL1/2 complex","7/2867","29/23436",0.0562025748008819,0.0562025748008819,0.137846162044659,"Taf6/Ruvbl1/Ruvbl2/Kat8/Pelp1/E2f6/Ino80c",7
"GO:0071339","MLL1 complex","7/2867","29/23436",0.0562025748008819,0.0562025748008819,0.137846162044659,"Taf6/Ruvbl1/Ruvbl2/Kat8/Pelp1/E2f6/Ino80c",7
"GO:0031012","extracellular matrix","70/2867","475/23436",0.0562478570204374,0.0562478570204374,0.137846162044659,"Ihh/Serpine2/Lamc2/Serpinc1/Plxdc2/Entpd2/Egfl7/Hmcn2/Hsd17b12/Tgm2/Col9a3/Cask/Muc1/S100a11/S100a3/Anxa9/Thsd4/Adamtsl4/Npnt/Col15a1/P3h1/Tinagl1/Emilin1/Igfbp7/Pf4/Ache/Ndnf/Anxa4/Mfap5/Ssc5d/Apoe/Ltbp4/Wnt11/Ccn6/Igf1/Comp/Calr/Nid2/Anxa7/Lgals3/Mmp14/Mmp13/Mmp10/Pkm/Anxa2/Trf/Lamb2/Lamc1/Emid1/Serpinf1/Col1a1/Itgb4/Dspp/Sparcl1/Ecm2/Omd/Ctsl/Hsp90aa1/Lgals1/Chadl/Plxnb2/Col2a1/Igfbp6/Ntn3/Col11a2/Vegfa/Emilin2/Lman1/Ltbp3/Gsto1",70
"GO:0120111","neuron projection cytoplasm","9/2867","41/23436",0.0562672628692892,0.0562672628692892,0.137846162044659,"Map2/Ada/Dynll1/Hnrnpa2b1/Bsn/Canx/Kif3a/Rangap1/Ranbp1",9
"GO:0097546","ciliary base","8/2867","35/23436",0.056822499200974,0.056822499200974,0.138584948709142,"Spaca9/Nphp1/Mlf1/Nphp4/Prkaca/Ift46/Prkar2b/Tctex1d2",8
"GO:0030016","myofibril","34/2867","212/23436",0.0595227037074729,0.0595227037074729,0.143297488189387,"Obsl1/Csrp1/Cacna1s/Neb/Dmd/S100a1/Tmod4/Tpm2/Sync/Ablim2/Grk3/Nos1/Abcc9/Tnnt1/Tnni3/Ryr1/Csrp2/Arhgef25/Acta1/Synpo2l/Tnnc1/Klhl40/Sptbn1/Myl4/Pdlim7/Fkbp1b/Actn1/Ahnak2/Scn8a/Stub1/Synpo/Lman1/Actn3/Pygm",34
"GO:0005666","RNA polymerase III complex","5/2867","18/23436",0.0597740142995526,0.0597740142995526,0.143297488189387,"Polr3k/Polr3g/Polr2k/Polr3h/Polr2h",5
"GO:0031528","microvillus membrane","5/2867","18/23436",0.0597740142995526,0.0597740142995526,0.143297488189387,"Pdzk1/Mttp/Scarb1/Cd24a/Adcy6",5
"GO:0030134","COPII-coated ER to Golgi transport vesicle","11/2867","54/23436",0.0598039228166112,0.0598039228166112,0.143297488189387,"Vangl2/Pdcd6/Tmed2/Yif1b/Sec23ip/Tmed1/Tmed3/Lman2/App/Ticam2/Lman1",11
"GO:0005604","basement membrane","19/2867","107/23436",0.0601315677015477,0.0601315677015477,0.14345338376053,"Lamc2/Entpd2/Hmcn2/Cask/Npnt/Col15a1/P3h1/Ache/Nid2/Anxa2/Trf/Lamb2/Lamc1/Serpinf1/Itgb4/Col2a1/Ntn3/Vegfa/Gsto1",19
"GO:0036464","cytoplasmic ribonucleoprotein granule","32/2867","198/23436",0.0604995089753596,0.0604995089753596,0.143703639168017,"Stau2/Bard1/Cnot9/Dyrk3/Tstd1/Psmc3/Tdrkh/Shb/Ybx1/Pabpc4/Psmc2/Hnrnpa2b1/Lsm3/Kif5a/Rbpms/Lsm4/Lsm6/Samd4/Piwil4/Psma4/G3bp1/Kpnb1/Smn1/Ddx4/Ddx1/Eif2s1/Tuba1a/Carhsp1/Lsm2/Tubb5/Khsrp/Polr2d",32
"GO:0005581","collagen trimer","15/2867","81/23436",0.0652545305622031,0.0652545305622031,0.154327187795778,"Fcna/Col9a3/Col15a1/C1qb/C1qc/Emilin1/Msr1/Emid1/Col1a1/C1ql1/C1qtnf6/Col2a1/C1ql4/Col11a2/Emilin2",15
"GO:0005667","transcription factor complex","62/2867","421/23436",0.069404675256192,0.069404675256192,0.162823506836047,"Cops5/Tfcp2l1/Parp1/Pax8/Nr1h3/E2f1/Mafb/Med14/Bex2/Hax1/Taf12/E2f2/Taf6/Tead4/Arntl2/Trim28/Ercc1/Cebpa/Atf5/Tead2/E2f8/Ascl3/Sox6/Hdac2/Tle6/Ascl4/E2f7/Cdk2/Tfdp1/Gtf2e2/Smad1/Cbfb/E2f4/Thrb/Klf5/Pou2af1/Hyal2/Hnrnpab/Sox15/Psmc5/Hmga1/Sox4/E2f3/Tfap2a/Mxd3/Gtf2h2/E2f6/Six1/Six4/Xrcc6/Vdr/Glis2/Pou1f1/Sox8/Gtf2h4/Supt3/Hsp90ab1/Gtf2f1/Gata6/Rbm14/Taf6l/Tcf7l2",62
"GO:0031253","cell projection membrane","45/2867","295/23436",0.0694431276265108,0.0694431276265108,0.162823506836047,"Map2/Entpd2/Aif1l/Sptbn5/Pla2g4f/Mapre1/Slc12a5/Kcnb1/Cask/Dmd/Pdzk1/Mttp/Gpr157/Evc/Scarb1/Fscn1/Arpc1a/Sgce/Cntnap2/Eps8/Ehd3/Cd24a/Tspear/Hcn2/Palm/Dlc1/Ift46/Sptbn1/Wwc1/Pemt/Slc46a1/Nme1/Mpp2/Hsp90aa1/Bves/Adcy6/Prph/Tiam1/Abcb1a/Hsp90ab1/Jcad/Atp8b1/Ehd1/Rom1/Trpm6",45
"GO:0044853","plasma membrane raft","21/2867","123/23436",0.0708926909546138,0.0708926909546138,0.165511950541811,"Ptgs2/Atp1a2/Tfpi/Kif18a/Hdac6/Lrp8/Nos1/Scarb1/Ehd2/Myo1a/Dlc1/Plvap/Hmox1/Prkaca/Ldlr/Rangrf/Bves/Pacsin2/Vdr/Cacna1h/Ctnna1",21
"GO:0031091","platelet alpha granule","5/2867","19/23436",0.0732571325319783,0.0732571325319783,0.169400887097154,"Serpine2/Selp/Stxbp1/Pf4/Igf1",5
"GO:0099571","postsynaptic cytoskeleton","5/2867","19/23436",0.0732571325319783,0.0732571325319783,0.169400887097154,"Myo5a/Filip1/Nefh/Myh10/Itsn1",5
"GO:0005793","endoplasmic reticulum-Golgi intermediate compartment","13/2867","69/23436",0.0734886507320314,0.0734886507320314,0.169400887097154,"Cnih4/Surf4/Hspa5/Azin2/Tmed2/Yif1b/Tmed1/Tmed3/P4hb/Lman2/Pdia6/Ticam2/Lman1",13
"GO:0035770","ribonucleoprotein granule","33/2867","209/23436",0.0743559107164747,0.0743559107164747,0.169965724121781,"Stau2/Fastkd2/Bard1/Cnot9/Dyrk3/Tstd1/Psmc3/Tdrkh/Shb/Ybx1/Pabpc4/Psmc2/Hnrnpa2b1/Lsm3/Kif5a/Rbpms/Lsm4/Lsm6/Samd4/Piwil4/Psma4/G3bp1/Kpnb1/Smn1/Ddx4/Ddx1/Eif2s1/Tuba1a/Carhsp1/Lsm2/Tubb5/Khsrp/Polr2d",33
"GO:0098858","actin-based cell projection","33/2867","209/23436",0.0743559107164747,0.0743559107164747,0.169965724121781,"Map2/Enah/Ermn/Cd302/Strc/Dmd/Pdzk1/Vcam1/Mttp/Calb1/Scarb1/Fscn1/Atp6v1b1/Eps8/Myo7a/Cd24a/Tspear/Palm/Myo1a/Tubb3/Rdx/Myo5a/Hyal2/Erbb2/Ctsl/Myo10/Nptxr/Adcy6/App/Clic5/Atp8b1/Morn4/Pdzd7",33
"GO:0031461","cullin-RING ubiquitin ligase complex","26/2867","159/23436",0.0749377926754238,0.0749377926754238,0.170133901405118,"Cacybp/Dtl/Ube2c/Plrg1/Cks1b/Pdcd6/Zswim5/Cdc20/Fbxo2/Anapc5/Kbtbd8/Ube2s/Anapc15/Cdc16/Cks1brt/Klhl40/Commd1/Anapc11/Cks2/Skp2/Lztr1/Fbxo45/Kctd5/Ccnf/Cul7/Ddb1",26
"GO:0032040","small-subunit processome","8/2867","37/23436",0.075052325099618,0.075052325099618,0.170133901405118,"Nop58/Utp14b/Nop56/Fbl/Pwp2/Utp6/Heatr1/Fcf1",8
"GO:0098871","postsynaptic actin cytoskeleton","4/2867","14/23436",0.0818740210492212,0.0818740210492212,0.184830869615249,"Myo5a/Filip1/Myh10/Itsn1",4
"GO:0032421","stereocilium bundle","12/2867","64/23436",0.0857062990416678,0.0857062990416678,0.192686026435458,"Trpa1/Strc/Calb1/Eps8/Myo7a/Tspear/Rdx/Tiam1/Clic5/Atp8b1/Morn4/Pdzd7",12
"GO:0036126","sperm flagellum","20/2867","119/23436",0.0868642812655417,0.0868642812655417,0.194489050805937,"Flacc1/Ccdc181/Spag6l/Spaca9/Akap14/Slc9b2/Grk3/Wdr66/Ran/Ldha/Prkaca/Tssk4/Sept7/Spa17/Mns1/Hyal3/Slirp/Hsp90aa1/Rabl2/Catsperz",20
"GO:0008305","integrin complex","7/2867","32/23436",0.0880481417148723,0.0880481417148723,0.195981726922558,"Itga10/Npnt/Lyn/Emilin1/Tspan32/Itgae/Itgb4",7
"GO:0031616","spindle pole centrosome","5/2867","20/23436",0.0882484192327588,0.0882484192327588,0.195981726922558,"Aurka/Dlgap5/Aurkb/Nde1/Kifc1",5
"GO:0005868","cytoplasmic dynein complex","6/2867","26/23436",0.0894281625274524,0.0894281625274524,0.197000069404702,"Wdr34/Dynll1/Dync1li2/Dynll2/Tctex1d2/Dynlt1a",6
"GO:0099059","integral component of presynaptic active zone membrane","6/2867","26/23436",0.0894281625274524,0.0894281625274524,0.197000069404702,"P2ry1/Atp2b2/Nectin1/Canx/Scn8a/Cacna1h",6
"GO:0032391","photoreceptor connecting cilium","9/2867","45/23436",0.0918624832413585,0.0918624832413585,0.201549899819341,"Sptbn5/Nphp1/Kif17/Nphp4/Wdr19/Myo7a/Rpgrip1/Kif3a/Pdzd7",9
"GO:0042383","sarcolemma","26/2867","163/23436",0.0943325496615818,0.0943325496615818,0.20614144536573,"Cacna1s/Atp1a2/Chrm4/Cd59b/Snta1/Dmd/Vcam1/Sync/Stbd1/Nos1/Dysf/Abcc9/Rtn2/Ryr1/Akap7/Got2/Kcnj3/Rdx/Anxa2/Pemt/Ahnak2/Bves/Ptk2/Vdr/Adcy6/Cacna1h",26
"GO:0030658","transport vesicle membrane","23/2867","142/23436",0.097067072748375,0.097067072748375,0.211272009882183,"Sema4c/Syp/Syn1/Sv2a/Slc9b2/Unc13b/Pdcd6/Rab3b/Wfs1/Ap1s1/Atp6v1b1/Calm3/Slc17a7/Syngr4/Slc18a1/Unc13a/Nrgn/Snap47/Atp6v0a1/Scamp1/Sypl/Syngr1/Syngr3",23
"GO:0035686","sperm fibrous sheath","4/2867","15/23436",0.101273060151565,0.101273060151565,0.218684078296909,"Flacc1/Akap14/Ldha/Spa17",4
"GO:0090543","Flemming body","4/2867","15/23436",0.101273060151565,0.101273060151565,0.218684078296909,"Kif14/Capg/Nup62/Cep55",4
"GO:0000791","euchromatin","9/2867","46/23436",0.102438299998097,0.102438299998097,0.219991191341712,"Prdx1/Cbx3/Trim28/Ruvbl2/Cbx2/H1f5/Myc/Vdr/Uhrf1",9
"GO:0098573","intrinsic component of mitochondrial membrane","13/2867","73/23436",0.104504917593068,0.104504917593068,0.219991191341712,"Tmem70/Abcb6/Apoo/Armcx3/Mgarp/Mcub/Chchd6/Dmpk/Chchd10/Dusp18/Cox11/Sfxn1/Bak1",13
"GO:0005686","U2 snRNP","5/2867","21/23436",0.104697156573031,0.104697156573031,0.219991191341712,"Snrpb2/Rbmx2/Sf3a3/Snrpa1/Snrpd1",5
"GO:0030992","intraciliary transport particle B","5/2867","21/23436",0.104697156573031,0.104697156573031,0.219991191341712,"Ttc30b/Kif17/Ift22/Ift46/Rabl2",5
"GO:0035267","NuA4 histone acetyltransferase complex","5/2867","21/23436",0.104697156573031,0.104697156573031,0.219991191341712,"Morf4l2/Actl6a/Ruvbl1/Ruvbl2/Yeats4",5
"GO:0043189","H4/H2A histone acetyltransferase complex","5/2867","21/23436",0.104697156573031,0.104697156573031,0.219991191341712,"Morf4l2/Actl6a/Ruvbl1/Ruvbl2/Yeats4",5
"GO:0098831","presynaptic active zone cytoplasmic component","5/2867","21/23436",0.104697156573031,0.104697156573031,0.219991191341712,"Unc13b/Rims3/Ppfia3/Unc13a/Bsn",5
"GO:0030027","lamellipodium","26/2867","165/23436",0.105162027820452,0.105162027820452,0.220121364947832,"Cdc42bpa/Enah/Amot/Stmn2/Pld1/Hax1/Rab13/Kcna2/Fscn1/Dysf/Bcar1/Tubb3/Amotl1/Rdx/Ccdc88a/Myh10/Myo10/Ptk2/Parvb/App/Itsn1/Dynlt1a/Fer/Ptprm/Ctnna1/Fam89b",26
"GO:0016459","myosin complex","11/2867","60/23436",0.109823577396777,0.109823577396777,0.229001352627269,"Myo1h/Myo7a/Mylpf/Myo1a/Myl6b/Myo16/Myo5a/Myh10/Dynll2/Myl4/Myo10",11
"GO:0070382","exocytic vesicle","37/2867","247/23436",0.111888686682323,0.111888686682323,0.232420365771966,"Cops5/Sema4c/Dbi/Syp/Syn1/Sv2a/Slc9b2/Unc13b/Rab3b/Marcksl1/Wfs1/Pebp1/Atp6v1b1/Calm3/Slc17a7/Syngr4/Ptpn5/Akap7/Igf1/Vdac3/Slc18a1/Unc13a/Mt3/Rab3d/Cadm1/Myo5a/Bsn/Vdac1/Snap47/Atp6v0a1/Unc13d/Scamp1/Sypl/Ston2/Syngr1/App/Syngr3",37
"GO:0043256","laminin complex","3/2867","10/23436",0.113633217987803,0.113633217987803,0.235150080285765,"Lamc2/Lamb2/Lamc1",3
"GO:0032420","stereocilium","10/2867","54/23436",0.117431457289817,0.117431457289817,0.242093053955968,"Strc/Calb1/Eps8/Myo7a/Tspear/Rdx/Clic5/Atp8b1/Morn4/Pdzd7",10
"GO:0031307","integral component of mitochondrial outer membrane","5/2867","22/23436",0.122532603608357,0.122532603608357,0.248363410022521,"Abcb6/Armcx3/Mgarp/Dmpk/Bak1",5
"GO:0000176","nuclear exosome (RNase complex)","4/2867","16/23436",0.122557668295217,0.122557668295217,0.248363410022521,"Exosc9/Exosc8/Exosc3/Dis3",4
"GO:0035098","ESC/E(Z) complex","4/2867","16/23436",0.122557668295217,0.122557668295217,0.248363410022521,"Phf19/Rbbp7/Ezh2/Hdac2",4
"GO:0044327","dendritic spine head","4/2867","16/23436",0.122557668295217,0.122557668295217,0.248363410022521,"Cacna1s/Dnm3/Nrgn/Ppp1r1b",4
"GO:0005741","mitochondrial outer membrane","26/2867","168/23436",0.122839542889126,0.122839542889126,0.248363410022521,"Abcb6/Ass1/Prnp/Tomm34/Maoa/Aifm1/Gk/Armcx1/Armcx3/Mgarp/Hax1/Pebp1/Nos1/Bri3bp/Dmpk/Cpt1c/Cisd1/Vdac3/Cyb5b/Vdac1/Akap1/Nme1/Moap1/Bak1/Tomm6/Acsl5",26
"GO:0008021","synaptic vesicle","34/2867","227/23436",0.123200693468782,0.123200693468782,0.248363410022521,"Cops5/Sema4c/Dbi/Syp/Syn1/Sv2a/Slc9b2/Unc13b/Rab3b/Marcksl1/Wfs1/Pebp1/Atp6v1b1/Calm3/Slc17a7/Syngr4/Ptpn5/Vdac3/Slc18a1/Unc13a/Mt3/Rab3d/Cadm1/Myo5a/Bsn/Vdac1/Snap47/Atp6v0a1/Scamp1/Sypl/Ston2/Syngr1/App/Syngr3",34
"GO:0016607","nuclear speck","46/2867","317/23436",0.124297631177695,0.124297631177695,0.249653523921145,"Bard1/Dyrk3/Nsl1/Nostrin/Oip5/Snrpb2/Rbm10/Plrg1/Haus6/Ppih/Sf3a3/Snrnp40/Ppp1r8/Kazn/Srsf9/Mbd4/Timm50/Snrpa1/Kif22/Lhpp/E2f7/Gtf2e2/Ddx39/Prkaca/Synpo2l/Tkt/H2afx/Zbtb16/Srsf1/Atp6v0a1/Srsf2/Gtf2h2/Ncapg2/Basp1/Gcat/Pacsin2/Glis2/Rmi2/Thoc6/Srsf3/Hspa1a/Gtf2h4/Polr2d/Cdc25c/Rbm14/Prpf19",46
"GO:0098636","protein complex involved in cell adhesion","7/2867","35/23436",0.128200643491957,0.128200643491957,0.256549581539717,"Itga10/Npnt/Lyn/Emilin1/Tspan32/Itgae/Itgb4",7
"GO:0014704","intercalated disc","11/2867","62/23436",0.130633126735912,0.130633126735912,0.259516144596894,"Atp1a2/Gja5/Ywhah/Tln2/Rangrf/Dsp/Actn1/Ptk2/Pkp2/Dsg2/Ctnna1",11
"GO:0031985","Golgi cisterna","11/2867","62/23436",0.130633126735912,0.130633126735912,0.259516144596894,"Gorasp2/Necab3/Pld1/Cit/Bet1/Rab30/B4galnt4/Csgalnact1/Smpd3/Chsy3/Gcnt1",11
"GO:0033267","axon part","63/2867","448/23436",0.132101787604404,0.132101787604404,0.260703203947225,"Map2/Cdk5r2/Nav1/Ermn/Chrm4/Map1a/Tpx2/Aurka/Syp/Stmn2/Hcn3/Hcn4/Tpm3/Kcna2/Calb1/Unc13b/Eno1/Eno1b/Crmp1/Dynll1/Pebp1/Nos1/Ap1s1/Fscn1/Cntnap2/Mgll/Fkbp4/Calm3/Tshz3/Cpeb1/Calca/Kif5a/Myo1a/Slc18a1/Unc13a/Tubb3/Gnrh1/Sept7/Nectin1/Cadm1/Dixdc1/Bsn/Sptbn1/Kif3a/Glra1/Myh10/Serpinf1/Ywhae/Cdk5r1/Tspoap1/Sncb/Map1b/Hsp90aa1/Nptxr/Rangap1/Prph/Scn8a/Ranbp1/App/Tiam1/Itsn1/Dynlt1a/Hsp90ab1",63
"GO:0044291","cell-cell contact zone","14/2867","83/23436",0.132185063812548,0.132185063812548,0.260703203947225,"Atp1a2/Gja5/Ywhah/Nectin1/Tln2/Rangrf/Dsp/Actn1/Ptk2/Baiap2l2/Pkp2/Tiam1/Dsg2/Ctnna1",14
"GO:0097729","9+2 motile cilium","20/2867","126/23436",0.133845767593154,0.133845767593154,0.263028979102032,"Flacc1/Ccdc181/Spag6l/Spaca9/Akap14/Slc9b2/Grk3/Wdr66/Ran/Ldha/Prkaca/Tssk4/Sept7/Spa17/Mns1/Hyal3/Slirp/Hsp90aa1/Rabl2/Catsperz",20
"GO:0097733","photoreceptor cell cilium","18/2867","112/23436",0.137094504658249,0.137094504658249,0.268447643530017,"Opn3/Sptbn5/Map1a/Nphp1/Gnat2/Kif17/Nphp4/Lyar/Wdr19/Rgs9bp/Myo7a/Rpgrip1/Myo5a/Kif3a/Map1b/Prph/Rom1/Pdzd7",18
"GO:0030175","filopodium","15/2867","91/23436",0.140944075074179,0.140944075074179,0.269636335505202,"Map2/Enah/Ermn/Cd302/Dmd/Vcam1/Fscn1/Palm/Tubb3/Rdx/Myo5a/Myo10/Nptxr/App/Morn4",15
"GO:0031306","intrinsic component of mitochondrial outer membrane","5/2867","23/23436",0.141666906837053,0.141666906837053,0.269636335505202,"Abcb6/Armcx3/Mgarp/Dmpk/Bak1",5
"GO:0046930","pore complex","5/2867","23/23436",0.141666906837053,0.141666906837053,0.269636335505202,"Pdzd11/Tspan33/Vdac3/Vdac1/Bak1",5
"GO:0044448","cell cortex part","31/2867","208/23436",0.14191893096477,0.14191893096477,0.269636335505202,"Sapcd2/Sptbn5/Mapre1/Gck/Tpm3/Gpsm2/Calb1/Unc13b/Rims3/Eno1/Eno1b/Sept11/Lancl2/Ppfia3/Epb41l2/Myo1a/Dlc1/Unc13a/Exoc3l/Anln/Sept7/Phldb1/Rdx/Bsn/Sptbn1/Sept8/Hfe/Cap2/Actn1/Phldb2/Snx9",31
"GO:0005746","mitochondrial respiratory chain","13/2867","77/23436",0.142271821377174,0.142271821377174,0.269636335505202,"Ndufs2/Ndufc1/Ndufb6/Ndufs5/Sdhb/Ndufa5/Cox7a1/Ndufc2/Ndufab1/Ndufa12/Sdhd/Cyc1/Ndufb8",13
"GO:0002177","manchette","3/2867","11/23436",0.14263710195174,0.14263710195174,0.269636335505202,"Ppp1r42/Ccdc181/Ran",3
"GO:0005952","cAMP-dependent protein kinase complex","3/2867","11/23436",0.14263710195174,0.14263710195174,0.269636335505202,"Akap14/Prkaca/Prkar2b",3
"GO:0031932","TORC2 complex","3/2867","11/23436",0.14263710195174,0.14263710195174,0.269636335505202,"Prr5l/Prr5/Telo2",3
"GO:0044615","nuclear pore nuclear basket","3/2867","11/23436",0.14263710195174,0.14263710195174,0.269636335505202,"Nup35/Mad1l1/Mad2l1",3
"GO:0070852","cell body fiber","3/2867","11/23436",0.14263710195174,0.14263710195174,0.269636335505202,"Ass1/Cadm1/Srd5a1",3
"GO:0031674","I band","22/2867","142/23436",0.144903040441011,0.144903040441011,0.2729752377092,"Obsl1/Csrp1/Cacna1s/Neb/Dmd/S100a1/Sync/Grk3/Nos1/Ryr1/Csrp2/Synpo2l/Klhl40/Pdlim7/Fkbp1b/Actn1/Ahnak2/Scn8a/Stub1/Synpo/Actn3/Pygm",22
"GO:1902562","H4 histone acetyltransferase complex","8/2867","43/23436",0.148270045247981,0.148270045247981,0.278358305240376,"Morf4l2/Actl6a/Pole3/Ruvbl1/Ruvbl2/Kat8/Yeats4/Tada2a",8
"GO:0005747","mitochondrial respiratory chain complex I","9/2867","50/23436",0.151224556400112,0.151224556400112,0.281008037134472,"Ndufs2/Ndufc1/Ndufb6/Ndufs5/Ndufa5/Ndufc2/Ndufab1/Ndufa12/Ndufb8",9
"GO:0030964","NADH dehydrogenase complex","9/2867","50/23436",0.151224556400112,0.151224556400112,0.281008037134472,"Ndufs2/Ndufc1/Ndufb6/Ndufs5/Ndufa5/Ndufc2/Ndufab1/Ndufa12/Ndufb8",9
"GO:0045271","respiratory chain complex I","9/2867","50/23436",0.151224556400112,0.151224556400112,0.281008037134472,"Ndufs2/Ndufc1/Ndufb6/Ndufs5/Ndufa5/Ndufc2/Ndufab1/Ndufa12/Ndufb8",9
"GO:1902555","endoribonuclease complex","6/2867","30/23436",0.152725537188643,0.152725537188643,0.282835160752562,"Tsen2/Pop4/Rpp25/Rpp40/Pop1/Rpp30",6
"GO:0032592","integral component of mitochondrial membrane","12/2867","71/23436",0.153341319216403,0.153341319216403,0.28301616171164,"Tmem70/Abcb6/Apoo/Armcx3/Mgarp/Mcub/Chchd6/Dmpk/Chchd10/Cox11/Sfxn1/Bak1",12
"GO:0097731","9+0 non-motile cilium","18/2867","114/23436",0.154093291595587,0.154093291595587,0.283446458756369,"Opn3/Sptbn5/Map1a/Nphp1/Gnat2/Kif17/Nphp4/Lyar/Wdr19/Rgs9bp/Myo7a/Rpgrip1/Myo5a/Kif3a/Map1b/Prph/Rom1/Pdzd7",18
"GO:0005769","early endosome","38/2867","263/23436",0.15661245691697,0.15661245691697,0.28711361759063,"Hspd1/Atp9a/Snx16/Vcam1/Rap1gap/Rcc2/Nsg1/Tmem184a/Snx8/Hmgb1/Cntnap2/Dysf/Apoe/Cd22/Ifitm1/Slc35d3/Vps35/Ldlr/Anxa2/Myo5a/Trf/Hyal3/Commd1/Havcr2/Ankrd13b/Rnd2/Hfe/Snx31/Tgfbrap1/Tfrc/App/Neurl1b/Fgd2/H2-Ab1/Ticam2/Lipg/Ehd1/Slc1a1",38
"GO:0030133","transport vesicle","46/2867","324/23436",0.158224057280037,0.158224057280037,0.28909799587516,"Cops5/Sema4c/Dbi/Pigr/Syp/Syn1/Sv2a/Slc9b2/Unc13b/Pdcd6/Rab3b/Azin2/Marcksl1/Wfs1/Pebp1/Ap1s1/Atp6v1b1/Calm3/Slc17a7/Syngr4/Ptpn5/Akap7/Igf1/Vdac3/Slc18a1/Unc13a/Mt3/Rab3d/Nrgn/Cadm1/Aph1b/Myo5a/Bsn/Ccdc88a/Vdac1/Snap47/Atp6v0a1/Unc13d/Bloc1s5/Scamp1/Sypl/Erg28/Ston2/Syngr1/App/Syngr3",46
"GO:0033017","sarcoplasmic reticulum membrane","5/2867","24/23436",0.161998096009999,0.161998096009999,0.293053369917008,"Nos1/Dmpk/Ryr1/Hrc/Fkbp1b",5
"GO:0097346","INO80-type complex","5/2867","24/23436",0.161998096009999,0.161998096009999,0.293053369917008,"Uchl5/Actl6a/Ruvbl1/Ruvbl2/Ino80c",5
"GO:0099523","presynaptic cytosol","5/2867","24/23436",0.161998096009999,0.161998096009999,0.293053369917008,"Calb1/Marcksl1/Hnrnpab/Sncb/Fbxo45",5
"GO:0044420","extracellular matrix component","9/2867","51/23436",0.164952797773932,0.164952797773932,0.29741359056686,"Lamc2/Thsd4/Emilin1/Mfap5/Lamb2/Lamc1/Col1a1/Sparcl1/Col2a1",9
"GO:0030018","Z disc","20/2867","130/23436",0.166257477905869,0.166257477905869,0.298779885848844,"Obsl1/Csrp1/Neb/Dmd/S100a1/Sync/Grk3/Nos1/Ryr1/Csrp2/Synpo2l/Pdlim7/Fkbp1b/Actn1/Ahnak2/Scn8a/Stub1/Synpo/Actn3/Pygm",20
"GO:0070161","anchoring junction","44/2867","311/23436",0.170337050457309,0.170337050457309,0.30039101983258,"Pard3b/Enah/Frmd4a/Aif1l/Fam129b/Jag1/Mapre1/Gm14569/Ssx2ip/Lyn/Kazn/Frmd4b/Cdca3/Camsap3/Efnb2/Dlc1/Cdh5/Bcar1/Flnb/Tgm1/Lmo7/Nectin1/Rexo2/Rdx/Tln2/Tns3/Cdc42ep4/Itgb4/Dsp/Pdlim7/Actn1/Mtss1/Ndrg1/Ptk2/Parvb/Tns2/Pkp2/Arvcf/Phldb2/Vegfa/Ptprm/Jcad/Dsg2/Ctnna1",44
"GO:0098945","intrinsic component of presynaptic active zone membrane","6/2867","31/23436",0.171021315975715,0.171021315975715,0.30039101983258,"P2ry1/Atp2b2/Nectin1/Canx/Scn8a/Cacna1h",6
"GO:1905348","endonuclease complex","6/2867","31/23436",0.171021315975715,0.171021315975715,0.30039101983258,"Tsen2/Pop4/Rpp25/Rpp40/Pop1/Rpp30",6
"GO:0034708","methyltransferase complex","18/2867","116/23436",0.172186328364175,0.172186328364175,0.30039101983258,"Phf19/Rbbp7/Paxip1/Taf6/Ezh2/Ruvbl1/Prmt1/Ruvbl2/Kat8/Hdac2/Snrpf/Pelp1/E2f6/Erh/Cbx5/Dpy30/Snrpd1/Ino80c",18
"GO:0005675","transcription factor TFIIH holo complex","3/2867","12/23436",0.173752185267323,0.173752185267323,0.30039101983258,"Psmc5/Gtf2h2/Gtf2h4",3
"GO:0030061","mitochondrial crista","3/2867","12/23436",0.173752185267323,0.173752185267323,0.30039101983258,"Hspd1/Lyn/Akap1",3
"GO:0030914","STAGA complex","3/2867","12/23436",0.173752185267323,0.173752185267323,0.30039101983258,"Taf12/Supt3/Taf6l",3
"GO:0032009","early phagosome","3/2867","12/23436",0.173752185267323,0.173752185267323,0.30039101983258,"Tlr7/Unc13b/Syk",3
"GO:0036128","CatSper complex","3/2867","12/23436",0.173752185267323,0.173752185267323,0.30039101983258,"Catsper3/Hspa2/Catsperz",3
"GO:0044294","dendritic growth cone","3/2867","12/23436",0.173752185267323,0.173752185267323,0.30039101983258,"Map2/Hsp90aa1/Hsp90ab1",3
"GO:0071564","npBAF complex","3/2867","12/23436",0.173752185267323,0.173752185267323,0.30039101983258,"Actl6a/Smarcb1/Smarcc1",3
"GO:0097524","sperm plasma membrane","3/2867","12/23436",0.173752185267323,0.173752185267323,0.30039101983258,"Adam30/Hsp90aa1/Hsp90ab1",3
"GO:0005912","adherens junction","42/2867","297/23436",0.177570333401683,0.177570333401683,0.305506753727792,"Pard3b/Enah/Frmd4a/Aif1l/Fam129b/Jag1/Mapre1/Gm14569/Ssx2ip/Lyn/Frmd4b/Cdca3/Camsap3/Efnb2/Dlc1/Cdh5/Bcar1/Flnb/Tgm1/Lmo7/Nectin1/Rexo2/Rdx/Tln2/Tns3/Cdc42ep4/Itgb4/Dsp/Pdlim7/Actn1/Mtss1/Ndrg1/Ptk2/Parvb/Tns2/Pkp2/Arvcf/Phldb2/Vegfa/Ptprm/Jcad/Ctnna1",42
"GO:0098862","cluster of actin-based cell projections","28/2867","191/23436",0.178309334746175,0.178309334746175,0.305506753727792,"Trpa1/Lct/Strc/Pdzk1/Mttp/Calb1/Eps8/Myo7a/Tspear/Myo1a/Flnb/Rdx/Pemt/Myh10/Slc46a1/Actn1/Hsp90aa1/Soat2/Tiam1/Abcb1a/Clic5/Hsp90ab1/Slc23a1/Atp8b1/Actn3/Trpm6/Morn4/Pdzd7",28
"GO:0030285","integral component of synaptic vesicle membrane","8/2867","45/23436",0.178388866507143,0.178388866507143,0.305506753727792,"Syp/Sv2a/Wfs1/Slc17a7/Atp6v0a1/Scamp1/Sypl/Syngr1",8
"GO:0070461","SAGA-type complex","5/2867","25/23436",0.183413059490473,0.183413059490473,0.312744299498226,"Taf12/Taf6/Tada2a/Supt3/Taf6l",5
"GO:0016363","nuclear matrix","14/2867","88/23436",0.183759873086674,0.183759873086674,0.312744299498226,"Cenpf/Cask/Pola1/Smc1a/Hnrnpa2b1/Ruvbl1/Cebpa/Blm/Kat8/Rad21/Vdr/Hes1/Uhrf1/Lmnb1",14
"GO:0019867","outer membrane","27/2867","185/23436",0.189779592743448,0.189779592743448,0.32098943664282,"Abcb6/Ass1/Prnp/Tomm34/Maoa/Aifm1/Gk/Armcx1/Armcx3/Mgarp/Hax1/Pebp1/Nos1/Bri3bp/Dmpk/Cpt1c/Cisd1/Vdac3/Cyb5b/Vdac1/Akap1/Nme1/Moap1/Syne3/Bak1/Tomm6/Acsl5",27
"GO:0031968","organelle outer membrane","27/2867","185/23436",0.189779592743448,0.189779592743448,0.32098943664282,"Abcb6/Ass1/Prnp/Tomm34/Maoa/Aifm1/Gk/Armcx1/Armcx3/Mgarp/Hax1/Pebp1/Nos1/Bri3bp/Dmpk/Cpt1c/Cisd1/Vdac3/Cyb5b/Vdac1/Akap1/Nme1/Moap1/Syne3/Bak1/Tomm6/Acsl5",27
"GO:1904949","ATPase complex","15/2867","96/23436",0.191764878835783,0.191764878835783,0.323346238192889,"Uchl5/Atp1a2/Rbbp7/Actl6a/Rfc1/Ruvbl1/Fxyd4/Dpf1/Ruvbl2/Hdac2/Smarcb1/Smarcc1/Atad5/Rfc4/Ino80c",15
"GO:0034704","calcium channel complex","10/2867","60/23436",0.192881604659708,0.192881604659708,0.324228511152675,"Cacna1s/Sestd1/Mcub/Ryr1/Catsper3/Fkbp1b/Hspa2/Cacna1i/Cacna1h/Catsperz",10
"GO:0070469","respiratory chain","14/2867","89/23436",0.195108603504142,0.195108603504142,0.324269221672462,"Ndufs2/Ndufc1/Ndufb6/Ndufs5/Sdhb/Ndufa5/Cox7a1/Ndufc2/Ndufab1/Uqcr11/Ndufa12/Sdhd/Cyc1/Ndufb8",14
"GO:0005697","telomerase holoenzyme complex","4/2867","19/23436",0.195873604998684,0.195873604998684,0.324269221672462,"Dkc1/Ptges3/Lsm11/Nhp2",4
"GO:0043186","P granule","4/2867","19/23436",0.195873604998684,0.195873604998684,0.324269221672462,"Tdrkh/Piwil4/Ddx4/Carhsp1",4
"GO:0045495","pole plasm","4/2867","19/23436",0.195873604998684,0.195873604998684,0.324269221672462,"Tdrkh/Piwil4/Ddx4/Carhsp1",4
"GO:0060293","germ plasm","4/2867","19/23436",0.195873604998684,0.195873604998684,0.324269221672462,"Tdrkh/Piwil4/Ddx4/Carhsp1",4
"GO:0000123","histone acetyltransferase complex","13/2867","82/23436",0.198383382395287,0.198383382395287,0.32609216749783,"Morf4l2/Actl6a/Pole3/Taf12/Taf6/Ruvbl1/Dpf1/Ruvbl2/Kat8/Yeats4/Tada2a/Supt3/Taf6l",13
"GO:0005689","U12-type spliceosomal complex","5/2867","26/23436",0.205790415910239,0.205790415910239,0.32609216749783,"Ybx1/Snrnp35/Snrpf/Snrnp25/Snrpd1",5
"GO:0097440","apical dendrite","5/2867","26/23436",0.205790415910239,0.205790415910239,0.32609216749783,"Map2/Cask/Kif5a/Map1b/Itsn1",5
"GO:0000124","SAGA complex","3/2867","13/23436",0.206525039415292,0.206525039415292,0.32609216749783,"Taf12/Taf6/Taf6l",3
"GO:0000137","Golgi cis cisterna","3/2867","13/23436",0.206525039415292,0.206525039415292,0.32609216749783,"Necab3/Bet1/Smpd3",3
"GO:0000346","transcription export complex","3/2867","13/23436",0.206525039415292,0.206525039415292,0.32609216749783,"Ddx39/Thoc3/Thoc6",3
"GO:0005641","nuclear envelope lumen","3/2867","13/23436",0.206525039415292,0.206525039415292,0.32609216749783,"Cacybp/App/Tubb5",3
"GO:0005766","primary lysosome","3/2867","13/23436",0.206525039415292,0.206525039415292,0.32609216749783,"Nos1/Prss57/Mpo",3
"GO:0005916","fascia adherens","3/2867","13/23436",0.206525039415292,0.206525039415292,0.32609216749783,"Tln2/Dsp/Actn1",3
"GO:0005940","septin ring","3/2867","13/23436",0.206525039415292,0.206525039415292,0.32609216749783,"Sept11/Sept7/Sept8",3
"GO:0017101","aminoacyl-tRNA synthetase multienzyme complex","3/2867","13/23436",0.206525039415292,0.206525039415292,0.32609216749783,"Yars/Aimp2/Rars",3
"GO:0031105","septin complex","3/2867","13/23436",0.206525039415292,0.206525039415292,0.32609216749783,"Sept11/Sept7/Sept8",3
"GO:0031680","G-protein beta/gamma-subunit complex","3/2867","13/23436",0.206525039415292,0.206525039415292,0.32609216749783,"Gng12/Gng7/Gm5741",3
"GO:0032437","cuticular plate","3/2867","13/23436",0.206525039415292,0.206525039415292,0.32609216749783,"Calb1/Sptbn1/Snx9",3
"GO:0042582","azurophil granule","3/2867","13/23436",0.206525039415292,0.206525039415292,0.32609216749783,"Nos1/Prss57/Mpo",3
"GO:1990124","messenger ribonucleoprotein complex","3/2867","13/23436",0.206525039415292,0.206525039415292,0.32609216749783,"Stau2/Ybx1/Cpeb1",3
"GO:0008023","transcription elongation factor complex","9/2867","54/23436",0.209399822507339,0.209399822507339,0.329678470745666,"Eloc/Ssrp1/Ell3/Zc3h8/Mms22l/Supt16/Elof1/Tonsl/Nelfe",9
"GO:0016235","aggresome","7/2867","40/23436",0.211385778858024,0.211385778858024,0.330897961777453,"Hdac6/Klf8/Prdm16/Pold1/Rangap1/Hspa1a/Ubd",7
"GO:0099522","region of cytosol","7/2867","40/23436",0.211385778858024,0.211385778858024,0.330897961777453,"Calb1/Rims3/Marcksl1/Hnrnpa2b1/Hnrnpab/Sncb/Fbxo45",7
"GO:0005777","peroxisome","21/2867","143/23436",0.216838386830625,0.216838386830625,0.337499243560038,"Hspd1/Idh1/Pecr/Vim/Fdps/Pmvk/Baat/Prdx1/Pxmp2/Mvk/Pex11a/Far1/Tkt/Hacl1/Ephx2/Myo5a/Acaa1b/Pex12/Idi1/Hmgcr/Isoc1",21
"GO:0042579","microbody","21/2867","143/23436",0.216838386830625,0.216838386830625,0.337499243560038,"Hspd1/Idh1/Pecr/Vim/Fdps/Pmvk/Baat/Prdx1/Pxmp2/Mvk/Pex11a/Far1/Tkt/Hacl1/Ephx2/Myo5a/Acaa1b/Pex12/Idi1/Hmgcr/Isoc1",21
"GO:0098802","plasma membrane receptor complex","26/2867","181/23436",0.218700530635456,0.218700530635456,0.338535810174338,"Acvr1/Lime1/Porcn/Tlr2/Itga10/Npnt/Lyn/Stoml2/Il6/Emilin1/Chuk/Eps8/Cpt1c/Tspan32/Trf/Acvr2b/Itgae/Ramp2/Itgb4/Hfe/Syk/Acvrl1/Tfrc/Ebi3/Ticam2/Cnih2",26
"GO:0005902","microvillus","14/2867","91/23436",0.218743707017272,0.218743707017272,0.338535810174338,"Pdzk1/Vcam1/Mttp/Scarb1/Fscn1/Atp6v1b1/Myo7a/Cd24a/Myo1a/Rdx/Hyal2/Erbb2/Ctsl/Adcy6",14
"GO:0000930","gamma-tubulin complex","4/2867","20/23436",0.222779901440165,0.222779901440165,0.339966976911043,"Ckap5/Nedd1/Tubg1/Mzt2",4
"GO:0005685","U1 snRNP","4/2867","20/23436",0.222779901440165,0.222779901440165,0.339966976911043,"Snrpb2/Snrpa/Snrpf/Snrpd1",4
"GO:0032426","stereocilium tip","4/2867","20/23436",0.222779901440165,0.222779901440165,0.339966976911043,"Strc/Eps8/Morn4/Pdzd7",4
"GO:0044292","dendrite terminus","4/2867","20/23436",0.222779901440165,0.222779901440165,0.339966976911043,"Map2/Grk3/Hsp90aa1/Hsp90ab1",4
"GO:0090723","growth cone part","4/2867","20/23436",0.222779901440165,0.222779901440165,0.339966976911043,"Kif5a/Nectin1/Ywhae/App",4
"GO:0005637","nuclear inner membrane","7/2867","41/23436",0.230021069056509,0.230021069056509,0.348617678800082,"Lbr/Tmpo/Smad1/Terb1/Nrm/Lmnb1/Tm7sf2",7
"GO:0031248","protein acetyltransferase complex","14/2867","92/23436",0.23100119410279,0.23100119410279,0.348617678800082,"Morf4l2/Actl6a/Pole3/Taf12/Taf6/Ruvbl1/Dpf1/Ruvbl2/Kat8/Yeats4/Tada2a/Naa50/Supt3/Taf6l",14
"GO:0035097","histone methyltransferase complex","14/2867","92/23436",0.23100119410279,0.23100119410279,0.348617678800082,"Phf19/Rbbp7/Paxip1/Taf6/Ezh2/Ruvbl1/Ruvbl2/Kat8/Hdac2/Pelp1/E2f6/Cbx5/Dpy30/Ino80c",14
"GO:1902493","acetyltransferase complex","14/2867","92/23436",0.23100119410279,0.23100119410279,0.348617678800082,"Morf4l2/Actl6a/Pole3/Taf12/Taf6/Ruvbl1/Dpf1/Ruvbl2/Kat8/Yeats4/Tada2a/Naa50/Supt3/Taf6l",14
"GO:0044309","neuron spine","28/2867","198/23436",0.233522522283754,0.233522522283754,0.351451903915523,"Cacna1s/Dnm3/Atp1a2/Lzts3/Syp/Cnn3/Calb1/Fbxo2/Psmc2/Grk3/Arhgap33/Palm/Ncoa2/Prkaca/Nrgn/Canx/Myh10/Cdk5r1/Ppp1r1b/Mpp2/Prkar2b/Actn1/Slc1a3/Ptk2/Tiam1/Itsn1/Synpo/Cnih2",28
"GO:0015935","small ribosomal subunit","13/2867","85/23436",0.236212001889042,0.236212001889042,0.354522929382339,"Mrps28/Dap3/Mrps25/Mrps12/Mrps11/Rps17/Mrpl42/Rps27l/Mrps22/Mrps27/Mrps36/Mrps18b/Mrps18a",13
"GO:0033276","transcription factor TFTC complex","3/2867","14/23436",0.240520771696948,0.240520771696948,0.359017200203383,"Taf12/Taf6/Supt3",3
"GO:0038201","TOR complex","3/2867","14/23436",0.240520771696948,0.240520771696948,0.359017200203383,"Prr5l/Prr5/Telo2",3
"GO:0000932","P-body","11/2867","71/23436",0.246978178947544,0.246978178947544,0.367651440911445,"Cnot9/Psmc3/Psmc2/Lsm3/Kif5a/Lsm4/Lsm6/Samd4/Psma4/Lsm2/Polr2d",11
"GO:0044304","main axon","13/2867","86/23436",0.249416353792747,0.249416353792747,0.369965165885825,"Map2/Nav1/Ermn/Map1a/Kcna2/Cntnap2/Mgll/Cadm1/Sptbn1/Map1b/Scn8a/App/Tiam1",13
"GO:0000242","pericentriolar material","4/2867","21/23436",0.25056407670302,0.25056407670302,0.369965165885825,"Dyrk3/Nedd1/Tubg1/Tcp1",4
"GO:0016327","apicolateral plasma membrane","4/2867","21/23436",0.25056407670302,0.25056407670302,0.369965165885825,"Thbd/Palm/Cldn7/Mtcl1",4
"GO:0010494","cytoplasmic stress granule","10/2867","64/23436",0.252490383356294,0.252490383356294,0.370442311902503,"Stau2/Dyrk3/Ybx1/Pabpc4/Rbpms/G3bp1/Kpnb1/Ddx1/Eif2s1/Khsrp",10
"GO:0098563","intrinsic component of synaptic vesicle membrane","10/2867","64/23436",0.252490383356294,0.252490383356294,0.370442311902503,"Syp/Syn1/Sv2a/Rab3b/Wfs1/Slc17a7/Atp6v0a1/Scamp1/Sypl/Syngr1",10
"GO:0030137","COPI-coated vesicle","5/2867","28/23436",0.252921451296054,0.252921451296054,0.370442311902503,"Tmed2/Kdelr2/Tmed3/Ccdc88a/Kdelr3",5
"GO:0005884","actin filament","18/2867","124/23436",0.25442131571466,0.25442131571466,0.371642732496224,"Aif1l/Gck/Amot/Tpm3/Tpm2/Gng12/Ankrd26/Pawr/Myo1a/Ptges3/Dlc1/Acta1/Tpm3-rs7/Myo5a/Smtn/Pdlim7/Actn1/Dnaja3",18
"GO:0043197","dendritic spine","27/2867","193/23436",0.256680677065211,0.256680677065211,0.373943217956055,"Cacna1s/Dnm3/Atp1a2/Lzts3/Cnn3/Calb1/Fbxo2/Psmc2/Grk3/Arhgap33/Palm/Ncoa2/Prkaca/Nrgn/Canx/Myh10/Cdk5r1/Ppp1r1b/Mpp2/Prkar2b/Actn1/Slc1a3/Ptk2/Tiam1/Itsn1/Synpo/Cnih2",27
"GO:0031304","intrinsic component of mitochondrial inner membrane","7/2867","43/23436",0.268804139166469,0.268804139166469,0.390563684847137,"Apoo/Mcub/Chchd6/Chchd10/Dusp18/Cox11/Sfxn1",7
"GO:0005719","nuclear euchromatin","6/2867","36/23436",0.273615710066893,0.273615710066893,0.39273786198634,"Prdx1/Cbx3/Trim28/Ruvbl2/H1f5/Myc",6
"GO:0032809","neuronal cell body membrane","6/2867","36/23436",0.273615710066893,0.273615710066893,0.39273786198634,"Dab2ip/Kcnb1/Kcna2/Atp2b2/Cd22/Slc4a8",6
"GO:0030176","integral component of endoplasmic reticulum membrane","20/2867","141/23436",0.273773585929046,0.273773585929046,0.39273786198634,"Tmco1/Hspa5/Creb3l1/Pdia3/Porcn/Insig1/Wfs1/Cpt1c/Selenos/Dgat2/Derl3/Calr/Emc8/Elovl4/Xbp1/Slc35b2/Slc35b1/Gpaa1/Tm7sf2/Scd2",20
"GO:0032156","septin cytoskeleton","3/2867","15/23436",0.275332699583294,0.275332699583294,0.39273786198634,"Sept11/Sept7/Sept8",3
"GO:0032580","Golgi cisterna membrane","3/2867","15/23436",0.275332699583294,0.275332699583294,0.39273786198634,"B4galnt4/Csgalnact1/Chsy3",3
"GO:0061702","inflammasome complex","3/2867","15/23436",0.275332699583294,0.275332699583294,0.39273786198634,"Pycard/Nlrp6/Nlrp1b",3
"GO:0071565","nBAF complex","3/2867","15/23436",0.275332699583294,0.275332699583294,0.39273786198634,"Dpf1/Smarcb1/Smarcc1",3
"GO:0031227","intrinsic component of endoplasmic reticulum membrane","21/2867","149/23436",0.277305676856472,0.277305676856472,0.394522056711922,"Tmco1/Hspa5/Creb3l1/Pdia3/Porcn/Insig1/Wfs1/Cpt1c/Selenos/Dgat2/Derl3/Calr/Emc8/Elovl4/Xbp1/Slc35b2/Slc35b1/Pgap3/Gpaa1/Tm7sf2/Scd2",21
"GO:0043194","axon initial segment","4/2867","22/23436",0.279015515168501,0.279015515168501,0.395923588168016,"Map2/Nav1/Map1a/Scn8a",4
"GO:0098803","respiratory chain complex","12/2867","81/23436",0.284231667040782,0.284231667040782,0.40228043412644,"Ndufs2/Ndufc1/Ndufb6/Ndufs5/Sdhb/Ndufa5/Ndufc2/Ndufab1/Ndufa12/Sdhd/Cyc1/Ndufb8",12
"GO:0030659","cytoplasmic vesicle membrane","41/2867","306/23436",0.289919166737999,0.289919166737999,0.409269815142177,"Sema4c/Slc11a1/Selp/Syp/Syn1/Sv2a/Slc9b2/Unc13b/Pdcd6/Rab3b/Wfs1/Tmed2/Ap1s1/Tmem184a/Kdelr2/Atp6v1b1/Calm3/Ryr1/Slc17a7/Izumo1/Syngr4/Trpm2/Slc18a1/Unc13a/Spire2/Anxa7/Nrgn/Tmed3/Trf/Hyal3/Snap47/Atp6v0a1/Scamp1/Sypl/Actn1/Ahnak2/Kdelr3/Syngr1/Snx9/Syngr3/Spire1",41
"GO:0000151","ubiquitin ligase complex","38/2867","283/23436",0.294008128590499,0.294008128590499,0.413972378563399,"Eloc/Bard1/Asb1/Cacybp/Dtl/Ube2c/Ube2a/Plrg1/Cks1b/Pdcd6/Zswim5/Cdc20/Phc2/Fbxo2/Anapc5/Kbtbd8/Ube2s/Anapc15/Derl3/Ube2n/Cdc16/Cks1brt/Klhl40/Commd1/Brca1/Cbx2/Anapc11/Cks2/Skp2/Med30/Lztr1/Fbxo45/Rnf168/Kctd5/Ccnf/Stub1/Cul7/Ddb1",38
"GO:0044445","cytosolic part","40/2867","299/23436",0.296357550815631,0.296357550815631,0.41620773609339,"Psmd1/Uchl5/Psmd14/Ubl4a/Cct3/Calb1/Rims3/Marcksl1/Zcchc17/Eno1/Eno1b/Mrpl1/Cct6a/Chuk/Get4/Hnrnpa2b1/Cct7/Rps17/Rrm1/Pycard/Nlrp6/Ciao2a/Rps27l/Cct4/Hnrnpab/Snap47/Eno3/Nlrp1b/Cct6b/Psmc5/Bloc1s5/Sncb/Rrm2/Cct5/Psmd2/Fbxo45/Cct8/Tcp1/Rpl7l1/Fxn",40
"GO:0017053","transcriptional repressor complex","12/2867","82/23436",0.298948515837152,0.298948515837152,0.418569315160058,"Ywhab/Suv39h1/Rbbp7/Hdgf/Depdc1a/Prdm16/Hdac2/Zbtb16/C1d/Cbx5/Tfap4/Hdac3",12
"GO:0043235","receptor complex","52/2867","394/23436",0.299571429896346,0.299571429896346,0.418569315160058,"Hspd1/Pigr/Acvr1/Nr1h3/Tyro3/Lime1/Porcn/Tlr7/Tlr2/Itga10/Egf/Npnt/Mttp/Lyn/Stoml2/Lrp8/Epha8/Il6/Emilin1/Gabrb1/Kit/Chuk/Gprc5a/Eps8/Caprin2/Cpt1c/Tspan32/Erbb3/Tradd/Ldlr/Trf/Acvr2b/Itgae/Erbb2/Ramp2/Itgb4/Hfe/Syk/Il31ra/Tshr/Plxnb2/Vdr/Acvrl1/Tfrc/App/Hsp90ab1/Ebi3/Ticam2/Csf1r/Cnih2/Tm7sf2/Csf2ra",52
"GO:0044215","other organism","5/2867","30/23436",0.302352021566777,0.302352021566777,0.419237775028473,"Pf4/Top2a/C4b/C4a/Lman1",5
"GO:0044216","other organism cell","5/2867","30/23436",0.302352021566777,0.302352021566777,0.419237775028473,"Pf4/Top2a/C4b/C4a/Lman1",5
"GO:0044217","other organism part","5/2867","30/23436",0.302352021566777,0.302352021566777,0.419237775028473,"Pf4/Top2a/C4b/C4a/Lman1",5
"GO:0005798","Golgi-associated vesicle","19/2867","136/23436",0.303793553411184,0.303793553411184,0.420170164478093,"Vangl2/Pdcd6/Tmed2/Ap1s1/Kdelr2/Yif1b/Sec23ip/Unc13a/Gnrh1/Tmed1/Nrgn/Tmed3/Bsn/Ccdc88a/Lman2/Kdelr3/App/Ticam2/Lman1",19
"GO:0012506","vesicle membrane","44/2867","332/23436",0.307704160654621,0.307704160654621,0.421800095273443,"Sema4c/Slc11a1/Selp/Syp/Syn1/Sv2a/Slc9b2/Unc13b/Pdcd6/Rab3b/Wfs1/Nos1/Tmed2/Ap1s1/Tmem184a/Kdelr2/Atp6v1b1/Anxa4/Calm3/Ryr1/Slc17a7/Izumo1/Syngr4/Trpm2/Slc18a1/Unc13a/Spire2/Anxa7/Nrgn/Tmed3/Trf/Hyal3/Snap47/Atp6v0a1/Scamp1/Sypl/Actn1/Ahnak2/Baiap2l2/Kdelr3/Syngr1/Snx9/Syngr3/Spire1",44
"GO:0034364","high-density lipoprotein particle","4/2867","23/23436",0.307931011659332,0.307931011659332,0.421800095273443,"Hdlbp/Apoa2/Apoe/Apom",4
"GO:0097470","ribbon synapse","4/2867","23/23436",0.307931011659332,0.307931011659332,0.421800095273443,"Unc13b/Nphp4/Bsn/Kif3a",4
"GO:0031301","integral component of organelle membrane","30/2867","222/23436",0.308060358599997,0.308060358599997,0.421800095273443,"Tmem70/Abcb6/Syp/Apoo/Armcx3/Mgarp/Sv2a/Mcub/Wfs1/Tpst1/Bet1/Chchd6/Dmpk/Yif1b/Slc17a7/Pex11a/Far1/Chchd10/Tvp23b/Pex12/Cox11/Slc35b2/Slc35b1/Atp6v0a1/Sfxn1/Scamp1/Sypl/Syngr1/Tvp23a/Bak1",30
"GO:0044391","ribosomal subunit","31/2867","230/23436",0.309579555620477,0.309579555620477,0.422088031060088,"Mrps28/Dap3/Mrpl37/Zcchc17/Mrpl1/Mrpl35/Mrps25/Mrpl51/Mrps12/Mrps11/Rps17/Mrpl17/Ndufab1/Mrpl54/Mrpl42/Rps27l/Mrps22/Mrpl22/Mrpl27/Mrpl12/Mrps27/Mrps36/Mrps30/Mrpl13/Mrpl18/Mrpl28/Mrps18b/Mrps18a/Rpl7l1/Mrpl11/Mrpl49",31
"GO:0005779","integral component of peroxisomal membrane","3/2867","16/23436",0.310588476034389,0.310588476034389,0.422088031060088,"Pex11a/Far1/Pex12",3
"GO:0043196","varicosity","3/2867","16/23436",0.310588476034389,0.310588476034389,0.422088031060088,"Mgll/Cadm1/Map1b",3
"GO:0044298","cell body membrane","6/2867","38/23436",0.318213918476971,0.318213918476971,0.431377886089977,"Dab2ip/Kcnb1/Kcna2/Atp2b2/Cd22/Slc4a8",6
"GO:0032587","ruffle membrane","10/2867","69/23436",0.334168148248927,0.334168148248927,0.450660500807762,"Map2/Aif1l/Pla2g4f/Eps8/Dlc1/Wwc1/Nme1/Hsp90aa1/Tiam1/Jcad",10
"GO:0030057","desmosome","4/2867","24/23436",0.337117594789199,0.337117594789199,0.450660500807762,"Kazn/Dsp/Pkp2/Dsg2",4
"GO:0042588","zymogen granule","4/2867","24/23436",0.337117594789199,0.337117594789199,0.450660500807762,"Hspd1/Tmed2/Rab3d/Scamp1",4
"GO:0031300","intrinsic component of organelle membrane","33/2867","249/23436",0.33851930063156,0.33851930063156,0.450660500807762,"Tmem70/Abcb6/Syp/Syn1/Apoo/Armcx3/Mgarp/Sv2a/Mcub/Rab3b/Wfs1/Tpst1/Bet1/Chchd6/Dmpk/Yif1b/Slc17a7/Pex11a/Far1/Chchd10/Dusp18/Tvp23b/Pex12/Cox11/Slc35b2/Slc35b1/Atp6v0a1/Sfxn1/Scamp1/Sypl/Syngr1/Tvp23a/Bak1",33
"GO:0019897","extrinsic component of plasma membrane","25/2867","186/23436",0.338837015131893,0.338837015131893,0.450660500807762,"Serpine2/Ptk6/Rab13/Gnat2/Lyn/Stoml2/Eno1/Magi2/Gng12/Apoe/Ryr1/Gng7/Gm5741/Cdh5/Anxa2/Trf/Tdgf1/Stac2/Racgap1/Dnaja3/Ppl/Tiam1/Snx9/Fer/Ctnna1",25
"GO:0005840","ribosome","35/2867","265/23436",0.340180625076909,0.340180625076909,0.450660500807762,"Hspa14/Mrps28/Dap3/Mrpl37/Zcchc17/Mrpl1/Mrpl35/Ptcd3/Mrps25/Mrpl51/Mrps12/Mrps11/Rps17/Mrpl17/Ndufab1/Mrpl54/Mrpl42/Chchd1/Rps27l/Mrps22/Canx/Mrpl22/Mrpl27/Mrpl12/Mrps27/Mrps36/Mrps30/Mrpl13/Mrpl18/Mrpl28/Mrps18b/Mrps18a/Rpl7l1/Mrpl11/Mrpl49",35
"GO:0005614","interstitial matrix","3/2867","17/23436",0.345953499371154,0.345953499371154,0.450660500807762,"Adamtsl4/Igf1/Ecm2",3
"GO:0016514","SWI/SNF complex","3/2867","17/23436",0.345953499371154,0.345953499371154,0.450660500807762,"Actl6a/Smarcb1/Smarcc1",3
"GO:0031231","intrinsic component of peroxisomal membrane","3/2867","17/23436",0.345953499371154,0.345953499371154,0.450660500807762,"Pex11a/Far1/Pex12",3
"GO:0048787","presynaptic active zone membrane","7/2867","47/23436",0.350560355278795,0.350560355278795,0.450660500807762,"Stxbp1/P2ry1/Atp2b2/Nectin1/Canx/Scn8a/Cacna1h",7
"GO:0005687","U4 snRNP","2/2867","10/23436",0.350786790671639,0.350786790671639,0.450660500807762,"Snrpf/Snrpd1",2
"GO:0005775","vacuolar lumen","2/2867","10/23436",0.350786790671639,0.350786790671639,0.450660500807762,"Nsg1/Prss57",2
"GO:0005883","neurofilament","2/2867","10/23436",0.350786790671639,0.350786790671639,0.450660500807762,"Nefh/Prph",2
"GO:0031464","Cul4A-RING E3 ubiquitin ligase complex","2/2867","10/23436",0.350786790671639,0.350786790671639,0.450660500807762,"Dtl/Ddb1",2
"GO:0044224","juxtaparanode region of axon","2/2867","10/23436",0.350786790671639,0.350786790671639,0.450660500807762,"Kcna2/Cntnap2",2
"GO:0046581","intercellular canaliculus","2/2867","10/23436",0.350786790671639,0.350786790671639,0.450660500807762,"Mmp13/Abcb1a",2
"GO:0048500","signal recognition particle","2/2867","10/23436",0.350786790671639,0.350786790671639,0.450660500807762,"Derl3/Srp19",2
"GO:0051286","cell tip","2/2867","10/23436",0.350786790671639,0.350786790671639,0.450660500807762,"Rdx/Trf",2
"GO:0097197","tetraspanin-enriched microdomain","2/2867","10/23436",0.350786790671639,0.350786790671639,0.450660500807762,"Tspan33/Cd81",2
"GO:0097539","ciliary transition fiber","2/2867","10/23436",0.350786790671639,0.350786790671639,0.450660500807762,"Cenpf/Cep89",2
"GO:0098850","extrinsic component of synaptic vesicle membrane","2/2867","10/23436",0.350786790671639,0.350786790671639,0.450660500807762,"Syn1/Atp6v1b1",2
"GO:0099569","presynaptic cytoskeleton","2/2867","10/23436",0.350786790671639,0.350786790671639,0.450660500807762,"Rims3/Bsn",2
"GO:0030426","growth cone","27/2867","203/23436",0.35141099167033,0.35141099167033,0.450660500807762,"Map2/Cdk5r2/Stmn2/Tpm3/Eno1/Eno1b/Crmp1/Fscn1/Fkbp4/Calm3/Tshz3/Cpeb1/Kif5a/Myo1a/Tubb3/Nectin1/Myh10/Ywhae/Cdk5r1/Sncb/Map1b/Hsp90aa1/Nptxr/App/Tiam1/Dynlt1a/Hsp90ab1",27
"GO:0098984","neuron to neuron synapse","54/2867","418/23436",0.354930568864506,0.354930568864506,0.454108135685144,"Sema4c/Il1r1/Map2/Dnm3/Chrm4/Map1a/Lzts3/Prnp/Epb41l1/Syp/Cask/Syn1/Fabp5/Dclk1/P2ry1/Cnn3/Lyn/Calb1/Sigmar1/Unc13b/Lrp8/Magi2/Sept11/Nos1/Atp2b2/Gapdh/Eps8/Cpeb1/Akap7/Palm/Ncoa2/Grip1/Efnb2/Vps35/Neto2/Nrgn/Nectin1/Cadm1/Bsn/Nefh/Bcl11a/Sptbn1/Snap47/Cdk5r1/Dynll2/Mpp2/Slc16a3/Cap2/Map1b/Scn8a/Fbxo45/Tiam1/Lrrtm2/Cnih2",54
"GO:0030687","preribosome, large subunit precursor","4/2867","25/23436",0.366394649131813,0.366394649131813,0.467680331774252,"Rrs1/Ebna1bp2/Mrto4/Nip7",4
"GO:0030135","coated vesicle","24/2867","181/23436",0.368982787355595,0.368982787355595,0.469886067077791,"Hspd1/Vangl2/Hax1/Pdcd6/Tmed2/Ap1s1/Kdelr2/Yif1b/Gga2/Sec23ip/Tmed1/Nrgn/Tmed3/Trf/Ccdc88a/Unc13d/Lman2/Scamp1/Ston2/Kdelr3/App/Snx9/Ticam2/Lman1",24
"GO:0044306","neuron projection terminus","27/2867","205/23436",0.371360317090146,0.371360317090146,0.471813964675119,"Chrm4/Syp/Dmd/Hcn3/Hcn4/Kcna2/Calb1/Unc13b/Uchl1/Pebp1/Nos1/Ap1s1/Calca/Fstl3/Ptbp1/Atcay/Slc18a1/Unc13a/Gnrh1/Sept7/Dixdc1/Bsn/Glra1/Tspoap1/Sncb/Prph/Itsn1",27
"GO:0005903","brush border","18/2867","134/23436",0.373462345526652,0.373462345526652,0.473383703329667,"Lct/Pdzk1/Mttp/Eps8/Myo1a/Flnb/Pemt/Myh10/Slc46a1/Actn1/Hsp90aa1/Soat2/Abcb1a/Hsp90ab1/Slc23a1/Atp8b1/Actn3/Trpm6",18
"GO:0015934","large ribosomal subunit","20/2867","150/23436",0.376065466306539,0.376065466306539,0.47557986601631,"Mrpl37/Zcchc17/Mrpl1/Mrpl35/Mrpl51/Mrpl17/Ndufab1/Mrpl54/Mrpl42/Mrpl22/Mrpl27/Mrpl12/Mrps30/Mrpl13/Mrpl18/Mrpl28/Mrps18a/Rpl7l1/Mrpl11/Mrpl49",20
"GO:0005921","gap junction","5/2867","33/23436",0.378590163957061,0.378590163957061,0.476726296798015,"Gja5/Ybx3/Sgsm3/Gjd4/Tjp2",5
"GO:0000159","protein phosphatase type 2A complex","3/2867","18/23436",0.381132277086353,0.381132277086353,0.476726296798015,"Ppp2r2c/Nkd1/Ppp2r5d",3
"GO:0005891","voltage-gated calcium channel complex","6/2867","41/23436",0.386706574157234,0.386706574157234,0.476726296798015,"Cacna1s/Catsper3/Hspa2/Cacna1i/Cacna1h/Catsperz",6
"GO:0010008","endosome membrane","27/2867","207/23436",0.391519452982307,0.391519452982307,0.476726296798015,"Slc11a1/Pigr/Ehd4/Snx16/Slc9b2/Rcc2/Nsg1/Vps37d/Tmem184a/Snx8/Ehd3/Ehd2/Zdhhc2/Vps35/Ldlr/Anxa2/Erbb2/Wipi1/Stard3nl/Scamp1/Ndrg1/Pacsin2/Lztr1/Tfrc/Treml4/Ehd1/Slc1a1",27
"GO:0098686","hippocampal mossy fiber to CA3 synapse","7/2867","49/23436",0.392472982811668,0.392472982811668,0.476726296798015,"Calb1/Unc13b/Akap7/Nectin1/Bsn/Snap47/Lrrtm2",7
"GO:0097038","perinuclear endoplasmic reticulum","4/2867","26/23436",0.395595418808462,0.395595418808462,0.476726296798015,"Dbi/Osbpl6/Dgat2/Sec23ip",4
"GO:0099524","postsynaptic cytosol","4/2867","26/23436",0.395595418808462,0.395595418808462,0.476726296798015,"Calb1/Rims3/Hnrnpa2b1/Fbxo45",4
"GO:0044438","microbody part","8/2867","57/23436",0.396749039414277,0.396749039414277,0.476726296798015,"Hspd1/Pecr/Prdx1/Pxmp2/Pex11a/Far1/Pex12/Hmgcr",8
"GO:0044439","peroxisomal part","8/2867","57/23436",0.396749039414277,0.396749039414277,0.476726296798015,"Hspd1/Pecr/Prdx1/Pxmp2/Pex11a/Far1/Pex12/Hmgcr",8
"GO:0000782","telomere cap complex","2/2867","11/23436",0.397042277053838,0.397042277053838,0.476726296798015,"Terb1/Ctc1",2
"GO:0000783","nuclear telomere cap complex","2/2867","11/23436",0.397042277053838,0.397042277053838,0.476726296798015,"Terb1/Ctc1",2
"GO:0001527","microfibril","2/2867","11/23436",0.397042277053838,0.397042277053838,0.476726296798015,"Thsd4/Mfap5",2
"GO:0005583","fibrillar collagen trimer","2/2867","11/23436",0.397042277053838,0.397042277053838,0.476726296798015,"Col1a1/Col2a1",2
"GO:0005885","Arp2/3 protein complex","2/2867","11/23436",0.397042277053838,0.397042277053838,0.476726296798015,"Actr3b/Arpc1a",2
"GO:0034992","microtubule organizing center attachment site","2/2867","11/23436",0.397042277053838,0.397042277053838,0.476726296798015,"Spag4/Syne3",2
"GO:0034993","meiotic nuclear membrane microtubule tethering complex","2/2867","11/23436",0.397042277053838,0.397042277053838,0.476726296798015,"Spag4/Syne3",2
"GO:0036156","inner dynein arm","2/2867","11/23436",0.397042277053838,0.397042277053838,0.476726296798015,"Casc1/Dnah3",2
"GO:0060091","kinocilium","2/2867","11/23436",0.397042277053838,0.397042277053838,0.476726296798015,"Strc/Tiam1",2
"GO:0090533","cation-transporting ATPase complex","2/2867","11/23436",0.397042277053838,0.397042277053838,0.476726296798015,"Atp1a2/Fxyd4",2
"GO:0097732","9+2 non-motile cilium","2/2867","11/23436",0.397042277053838,0.397042277053838,0.476726296798015,"Strc/Tiam1",2
"GO:0098643","banded collagen fibril","2/2867","11/23436",0.397042277053838,0.397042277053838,0.476726296798015,"Col1a1/Col2a1",2
"GO:0106083","nuclear membrane protein complex","2/2867","11/23436",0.397042277053838,0.397042277053838,0.476726296798015,"Spag4/Syne3",2
"GO:0106094","nuclear membrane microtubule tethering complex","2/2867","11/23436",0.397042277053838,0.397042277053838,0.476726296798015,"Spag4/Syne3",2
"GO:0031225","anchored component of membrane","25/2867","192/23436",0.401395081718734,0.401395081718734,0.480160676744321,"Cd59b/Prnp/Syn1/Efna4/Cd160/Vcam1/Rab3b/Marcksl1/Ache/Svip/Sprn/Ulbp1/Raet1d/Cd24a/Enpp6/Dpep2/Plet1/Sema7a/Cd109/Hyal2/Tdgf1/Omg/Mpp2/Ly6g/Ly6g6c",25
"GO:0030427","site of polarized growth","27/2867","208/23436",0.401660419669647,0.401660419669647,0.480160676744321,"Map2/Cdk5r2/Stmn2/Tpm3/Eno1/Eno1b/Crmp1/Fscn1/Fkbp4/Calm3/Tshz3/Cpeb1/Kif5a/Myo1a/Tubb3/Nectin1/Myh10/Ywhae/Cdk5r1/Sncb/Map1b/Hsp90aa1/Nptxr/App/Tiam1/Dynlt1a/Hsp90ab1",27
"GO:0016605","PML body","10/2867","73/23436",0.402562415866657,0.402562415866657,0.480188218420582,"Rad51/Nbn/Casp8ap2/Chek2/Blm/Zbtb16/Topbp1/Rpa1/Calcoco2/Cbx5",10
"GO:0150034","distal axon","47/2867","369/23436",0.406649299130273,0.406649299130273,0.484006389745698,"Map2/Cdk5r2/Chrm4/Syp/Stmn2/Hcn3/Hcn4/Tpm3/Kcna2/Calb1/Unc13b/Eno1/Eno1b/Crmp1/Pebp1/Nos1/Ap1s1/Fscn1/Fkbp4/Calm3/Tshz3/Cpeb1/Calca/Kif5a/Myo1a/Slc18a1/Unc13a/Tubb3/Gnrh1/Sept7/Nectin1/Dixdc1/Glra1/Myh10/Ywhae/Cdk5r1/Tspoap1/Sncb/Map1b/Hsp90aa1/Nptxr/Prph/App/Tiam1/Itsn1/Dynlt1a/Hsp90ab1",47
"GO:0005778","peroxisomal membrane","6/2867","42/23436",0.409627284862786,0.409627284862786,0.484384964328516,"Pecr/Pxmp2/Pex11a/Far1/Pex12/Hmgcr",6
"GO:0031305","integral component of mitochondrial inner membrane","6/2867","42/23436",0.409627284862786,0.409627284862786,0.484384964328516,"Apoo/Mcub/Chchd6/Chchd10/Cox11/Sfxn1",6
"GO:0031903","microbody membrane","6/2867","42/23436",0.409627284862786,0.409627284862786,0.484384964328516,"Pecr/Pxmp2/Pex11a/Far1/Pex12/Hmgcr",6
"GO:0030663","COPI-coated vesicle membrane","3/2867","19/23436",0.415868278102791,0.415868278102791,0.490702822178807,"Kdelr2/Tmed3/Kdelr3",3
"GO:0002102","podosome","4/2867","27/23436",0.424567975274854,0.424567975274854,0.498813308811883,"Tpm3/Vcam1/Fscn1/Kif9",4
"GO:0097225","sperm midpiece","4/2867","27/23436",0.424567975274854,0.424567975274854,0.498813308811883,"Grk3/Prkaca/Hyal3/Rabl2",4
"GO:0043198","dendritic shaft","9/2867","67/23436",0.436500334919696,0.436500334919696,0.511731813470346,"Stau2/Map2/Map1a/Slc12a5/Grk3/Hcn2/Mpp2/Prkar2b/Cnih2",9
"GO:0000812","Swr1 complex","2/2867","12/23436",0.441700295411142,0.441700295411142,0.515615054697217,"Ruvbl1/Ruvbl2",2
"GO:0042405","nuclear inclusion body","2/2867","12/23436",0.441700295411142,0.441700295411142,0.515615054697217,"Nbn/Stub1",2
"GO:0014069","postsynaptic density","49/2867","390/23436",0.443625713613085,0.443625713613085,0.516758490326992,"Sema4c/Il1r1/Map2/Dnm3/Chrm4/Map1a/Lzts3/Prnp/Epb41l1/Syp/Cask/Syn1/Fabp5/Dclk1/P2ry1/Cnn3/Lyn/Sigmar1/Lrp8/Magi2/Nos1/Atp2b2/Gapdh/Eps8/Cpeb1/Palm/Ncoa2/Grip1/Efnb2/Vps35/Neto2/Nrgn/Cadm1/Bsn/Nefh/Bcl11a/Sptbn1/Snap47/Cdk5r1/Dynll2/Mpp2/Slc16a3/Cap2/Map1b/Scn8a/Fbxo45/Tiam1/Lrrtm2/Cnih2",49
"GO:0016010","dystrophin-associated glycoprotein complex","3/2867","20/23436",0.449942697513843,0.449942697513843,0.521891295138416,"Snta1/Dmd/Sgce",3
"GO:0090665","glycoprotein complex","3/2867","20/23436",0.449942697513843,0.449942697513843,0.521891295138416,"Snta1/Dmd/Sgce",3
"GO:0016592","mediator complex","5/2867","36/23436",0.454589428765063,0.454589428765063,0.526163946318171,"Med14/Havcr2/Med9/Med30/Gm20517",5
"GO:0032279","asymmetric synapse","49/2867","393/23436",0.466327883661357,0.466327883661357,0.538609483966272,"Sema4c/Il1r1/Map2/Dnm3/Chrm4/Map1a/Lzts3/Prnp/Epb41l1/Syp/Cask/Syn1/Fabp5/Dclk1/P2ry1/Cnn3/Lyn/Sigmar1/Lrp8/Magi2/Nos1/Atp2b2/Gapdh/Eps8/Cpeb1/Palm/Ncoa2/Grip1/Efnb2/Vps35/Neto2/Nrgn/Cadm1/Bsn/Nefh/Bcl11a/Sptbn1/Snap47/Cdk5r1/Dynll2/Mpp2/Slc16a3/Cap2/Map1b/Scn8a/Fbxo45/Tiam1/Lrrtm2/Cnih2",49
"GO:0044440","endosomal part","29/2867","231/23436",0.470683639748911,0.470683639748911,0.542493468864501,"Slc11a1/Pigr/Ehd4/Snx16/Slc9b2/Rragd/Rcc2/Nsg1/Vps37d/Tmem184a/Snx8/Ehd3/Ehd2/Zdhhc2/Vps35/Ldlr/Anxa2/Erbb2/Wipi1/Stard3nl/Scamp1/Ndrg1/Pacsin2/Tgfbrap1/Lztr1/Tfrc/Treml4/Ehd1/Slc1a1",29
"GO:0030173","integral component of Golgi membrane","7/2867","53/23436",0.475895204469059,0.475895204469059,0.546397014597871,"Tpst1/Bet1/Yif1b/Tvp23b/Slc35b2/Slc35b1/Tvp23a",7
"GO:0031362","anchored component of external side of plasma membrane","3/2867","21/23436",0.48317246764898,0.48317246764898,0.546397014597871,"Cd59b/Cd24a/Hyal2",3
"GO:0032806","carboxy-terminal domain protein kinase complex","3/2867","21/23436",0.48317246764898,0.48317246764898,0.546397014597871,"Psmc5/Gtf2h2/Gtf2h4",3
"GO:0035145","exon-exon junction complex","3/2867","21/23436",0.48317246764898,0.48317246764898,0.546397014597871,"Magoh/Magohb/Srsf1",3
"GO:0000109","nucleotide-excision repair complex","2/2867","13/23436",0.484459432864933,0.484459432864933,0.546397014597871,"Ercc1/Pold1",2
"GO:0005736","RNA polymerase I complex","2/2867","13/23436",0.484459432864933,0.484459432864933,0.546397014597871,"Polr2k/Polr2h",2
"GO:0012510","trans-Golgi network transport vesicle membrane","2/2867","13/23436",0.484459432864933,0.484459432864933,0.546397014597871,"Ap1s1/Nrgn",2
"GO:0016580","Sin3 complex","2/2867","13/23436",0.484459432864933,0.484459432864933,0.546397014597871,"Hdac2/Sap30",2
"GO:0070938","contractile ring","2/2867","13/23436",0.484459432864933,0.484459432864933,0.546397014597871,"Anln/Kif20b",2
"GO:0098533","ATPase dependent transmembrane transport complex","2/2867","13/23436",0.484459432864933,0.484459432864933,0.546397014597871,"Atp1a2/Fxyd4",2
"GO:0019898","extrinsic component of membrane","39/2867","314/23436",0.485460743432357,0.485460743432357,0.546397014597871,"Serpine2/Nmt2/Ptk6/Syn1/Snx16/Rab13/Gnat2/Lyn/Stoml2/Pik3r3/Eno1/Magi2/Gng12/Atp6v1b1/Mgll/Ehd2/Apoe/Ryr1/Gng7/Gm5741/Cdh5/Anxa2/Trf/Bsn/Tdgf1/Dusp18/Pik3r6/Stac2/Nmt1/Wipi1/Pacsin2/Racgap1/Dnaja3/Ppl/Tiam1/Snx9/Fer/Ctnna1/Socs6",39
"GO:0005795","Golgi stack","11/2867","86/23436",0.486072257494869,0.486072257494869,0.546397014597871,"Gorasp2/Necab3/Pld1/Cit/Bet1/Rab30/B4galnt4/Csgalnact1/Smpd3/Chsy3/Gcnt1",11
"GO:0070603","SWI/SNF superfamily-type complex","10/2867","78/23436",0.48828178448753,0.48828178448753,0.547753693178489,"Uchl5/Rbbp7/Actl6a/Ruvbl1/Dpf1/Ruvbl2/Hdac2/Smarcb1/Smarcc1/Ino80c",10
"GO:0001772","immunological synapse","5/2867","38/23436",0.503831414936757,0.503831414936757,0.562885597572224,"Stoml2/Cd81/Lgals3/Havcr2/Socs6",5
"GO:0031463","Cul3-RING ubiquitin ligase complex","5/2867","38/23436",0.503831414936757,0.503831414936757,0.562885597572224,"Pdcd6/Kbtbd8/Klhl40/Lztr1/Kctd5",5
"GO:0001750","photoreceptor outer segment","10/2867","79/23436",0.505142521337301,0.505142521337301,0.563198643553296,"Opn3/Sptbn5/Map1a/Gnat2/Lyar/Rgs9bp/Myo5a/Map1b/Prph/Rom1",10
"GO:0030686","90S preribosome","4/2867","30/23436",0.508827645244494,0.508827645244494,0.566151887408924,"Pwp2/Utp6/Heatr1/Rsl1d1",4
"GO:0034703","cation channel complex","27/2867","219/23436",0.513797410164076,0.513797410164076,0.566954732365157,"Cacna1s/Sestd1/Kcnb1/Porcn/Hcn4/Kcna2/Mcub/Cntnap2/Eps8/Abcc9/Calm3/Ryr1/Cpt1c/Hcn2/Trpc6/Kcnj3/Scn2b/Kcnmb1/Catsper3/Fkbp1b/Hspa2/Cacna1i/Scn8a/Cacna1h/Cnih2/Kcnk4/Catsperz",27
"GO:0043204","perikaryon","17/2867","137/23436",0.514015186880326,0.514015186880326,0.566954732365157,"Ass1/Slc12a5/Kcnb1/Hdac6/Kcna2/Azin2/Hnrnpa2b1/Ptpn5/Kif5a/Got2/Gnrh1/Nefh/Ctsl/Map1b/Smn1/Pde10a/Cacna1h",17
"GO:0031430","M band","3/2867","22/23436",0.515407775935372,0.515407775935372,0.566954732365157,"Obsl1/S100a1/Sptbn1",3
"GO:0031228","intrinsic component of Golgi membrane","7/2867","55/23436",0.516541991627824,0.516541991627824,0.566954732365157,"Tpst1/Bet1/Yif1b/Tvp23b/Slc35b2/Slc35b1/Tvp23a",7
"GO:0032590","dendrite membrane","6/2867","47/23436",0.521615214886554,0.521615214886554,0.566954732365157,"Slc12a5/Kcnb1/Sgce/Hcn2/Palm/Mpp2",6
"GO:0000153","cytoplasmic ubiquitin ligase complex","2/2867","14/23436",0.52511587639293,0.52511587639293,0.566954732365157,"Eloc/Derl3",2
"GO:0000974","Prp19 complex","2/2867","14/23436",0.52511587639293,0.52511587639293,0.566954732365157,"Plrg1/Prpf19",2
"GO:0001518","voltage-gated sodium channel complex","2/2867","14/23436",0.52511587639293,0.52511587639293,0.566954732365157,"Scn2b/Scn8a",2
"GO:0005671","Ada2/Gcn5/Ada3 transcription activator complex","2/2867","14/23436",0.52511587639293,0.52511587639293,0.566954732365157,"Pole3/Tada2a",2
"GO:0033178","proton-transporting two-sector ATPase complex, catalytic domain","2/2867","14/23436",0.52511587639293,0.52511587639293,0.566954732365157,"Atp5b/Atp5a1",2
"GO:0042589","zymogen granule membrane","2/2867","14/23436",0.52511587639293,0.52511587639293,0.566954732365157,"Tmed2/Scamp1",2
"GO:0042622","photoreceptor outer segment membrane","2/2867","14/23436",0.52511587639293,0.52511587639293,0.566954732365157,"Prph/Rom1",2
"GO:0042824","MHC class I peptide loading complex","2/2867","14/23436",0.52511587639293,0.52511587639293,0.566954732365157,"Pdia3/Calr",2
"GO:0071006","U2-type catalytic step 1 spliceosome","2/2867","14/23436",0.52511587639293,0.52511587639293,0.566954732365157,"Magohb/Prpf19",2
"GO:0071012","catalytic step 1 spliceosome","2/2867","14/23436",0.52511587639293,0.52511587639293,0.566954732365157,"Magohb/Prpf19",2
"GO:0005905","clathrin-coated pit","8/2867","64/23436",0.530866815207094,0.530866815207094,0.572033379201665,"Hspd1/Ap1s1/Ldlr/Trf/Lrp12/Tfrc/App/Itsn1",8
"GO:0030863","cortical cytoskeleton","16/2867","131/23436",0.542763727095165,0.542763727095165,0.582875480183544,"Sptbn5/Mapre1/Tpm3/Calb1/Rims3/Lancl2/Myo1a/Dlc1/Anln/Rdx/Bsn/Sptbn1/Hfe/Cap2/Actn1/Snx9",16
"GO:0031519","PcG protein complex","6/2867","48/23436",0.543062501816479,0.543062501816479,0.582875480183544,"Phf19/Rbbp7/Phc2/Ezh2/Hdac2/Cbx2",6
"GO:0031234","extrinsic component of cytoplasmic side of plasma membrane","12/2867","98/23436",0.544779890908497,0.544779890908497,0.5835722670413,"Ptk6/Gnat2/Lyn/Gng12/Ryr1/Gng7/Gm5741/Stac2/Racgap1/Tiam1/Snx9/Fer",12
"GO:0030139","endocytic vesicle","21/2867","173/23436",0.550123177345255,0.550123177345255,0.587017428163059,"Slc11a1/Rab7b/Vim/Stxbp1/Dab2ip/Amot/Tlr7/Pld1/Rab13/Unc13b/Capg/Dysf/Ehd3/Flnb/Trf/Hyal2/Cdc42ep4/Syk/Itsn1/Kifc1/Ehd1",21
"GO:0099572","postsynaptic specialization","52/2867","429/23436",0.550965726146251,0.550965726146251,0.587017428163059,"Sema4c/Il1r1/Map2/Dnm3/Rapsn/Chrm4/Map1a/Lzts3/Prnp/Epb41l1/Syp/Cask/Syn1/Fabp5/Dclk1/P2ry1/Cnn3/Lyn/Sigmar1/Lrp8/Magi2/Sept11/Nos1/Atp2b2/Gapdh/Eps8/Cpeb1/Palm/Ncoa2/Grip1/Efnb2/Vps35/Neto2/Nrgn/Cadm1/Bsn/Nefh/Bcl11a/Sptbn1/Glra1/Snap47/Cdk5r1/Dynll2/Mpp2/Slc16a3/Cap2/Map1b/Scn8a/Fbxo45/Tiam1/Lrrtm2/Cnih2",52
"GO:0031672","A band","5/2867","40/23436",0.551219544538086,0.551219544538086,0.587017428163059,"Obsl1/S100a1/Klhl40/Sptbn1/Myl4",5
"GO:0045111","intermediate filament cytoskeleton","20/2867","165/23436",0.553334913155086,0.553334913155086,0.58809747144269,"Vim/Ndor1/Upp2/Sestd1/Sync/Lmnb2/Mmp14/Mns1/Myo5a/Nefh/Nme1/Krt222/Krt10/Dsp/Prph/Ppl/Pkp2/Phldb2/Cct8/Lmnb1",20
"GO:0031256","leading edge membrane","18/2867","149/23436",0.56035278538355,0.56035278538355,0.58809747144269,"Map2/Aif1l/Pla2g4f/Slc12a5/Kcnb1/Sgce/Cntnap2/Eps8/Hcn2/Palm/Dlc1/Sptbn1/Wwc1/Nme1/Mpp2/Hsp90aa1/Tiam1/Jcad",18
"GO:0031526","brush border membrane","9/2867","74/23436",0.560551342335517,0.560551342335517,0.58809747144269,"Pdzk1/Mttp/Pemt/Slc46a1/Hsp90aa1/Abcb1a/Hsp90ab1/Atp8b1/Trpm6",9
"GO:0097228","sperm principal piece","4/2867","32/23436",0.561762929011988,0.561762929011988,0.58809747144269,"Spag6l/Slc9b2/Spa17/Catsperz",4
"GO:0005852","eukaryotic translation initiation factor 3 complex","2/2867","15/23436",0.563544057440567,0.563544057440567,0.58809747144269,"Eif3b/Eif3l",2
"GO:0031083","BLOC-1 complex","2/2867","15/23436",0.563544057440567,0.563544057440567,0.58809747144269,"Snap47/Bloc1s5",2
"GO:0031462","Cul2-RING ubiquitin ligase complex","2/2867","15/23436",0.563544057440567,0.563544057440567,0.58809747144269,"Zswim5/Commd1",2
"GO:0035102","PRC1 complex","2/2867","15/23436",0.563544057440567,0.563544057440567,0.58809747144269,"Phc2/Cbx2",2
"GO:0042101","T cell receptor complex","2/2867","15/23436",0.563544057440567,0.563544057440567,0.58809747144269,"Stoml2/Syk",2
"GO:0097449","astrocyte projection","2/2867","15/23436",0.563544057440567,0.563544057440567,0.58809747144269,"Eif2s1/App",2
"GO:0005801","cis-Golgi network","6/2867","49/23436",0.564074992840406,0.564074992840406,0.58809747144269,"Azin2/Kdelr2/Bet1/Rab30/Sec23ip/Kdelr3",6
"GO:0018995","host","3/2867","24/23436",0.576445247117861,0.576445247117861,0.596441553537021,"Pf4/Top2a/Lman1",3
"GO:0031233","intrinsic component of external side of plasma membrane","3/2867","24/23436",0.576445247117861,0.576445247117861,0.596441553537021,"Cd59b/Cd24a/Hyal2",3
"GO:0043657","host cell","3/2867","24/23436",0.576445247117861,0.576445247117861,0.596441553537021,"Pf4/Top2a/Lman1",3
"GO:0060077","inhibitory synapse","3/2867","24/23436",0.576445247117861,0.576445247117861,0.596441553537021,"Lhfpl4/Bsn/Glra1",3
"GO:0031901","early endosome membrane","6/2867","50/23436",0.584612643076453,0.584612643076453,0.601693697273145,"Rcc2/Nsg1/Tmem184a/Snx8/Ehd1/Slc1a1",6
"GO:0019005","SCF ubiquitin ligase complex","8/2867","67/23436",0.585030825737194,0.585030825737194,0.601693697273145,"Cacybp/Cks1b/Fbxo2/Cks1brt/Cks2/Skp2/Fbxo45/Ccnf",8
"GO:0005834","heterotrimeric G-protein complex","4/2867","33/23436",0.587028137985081,0.587028137985081,0.601693697273145,"Gnat2/Gng12/Gng7/Gm5741",4
"GO:0098688","parallel fiber to Purkinje cell synapse","4/2867","33/23436",0.587028137985081,0.587028137985081,0.601693697273145,"Atp2b2/Kcnj3/Slc16a3/Scn8a",4
"GO:1905360","GTPase complex","4/2867","33/23436",0.587028137985081,0.587028137985081,0.601693697273145,"Gnat2/Gng12/Gng7/Gm5741",4
"GO:0060076","excitatory synapse","9/2867","76/23436",0.593947627968495,0.593947627968495,0.604455652257411,"Syp/Atp2b2/Slc17a7/Unc13a/Kcnj3/Bsn/Slc16a3/Scn8a/Lrrtm2",9
"GO:0000118","histone deacetylase complex","7/2867","59/23436",0.593955030231615,0.593955030231615,0.604455652257411,"Hdac6/Rbbp7/Hdac2/Sap30/Hr/Cbx5/Hdac3",7
"GO:0005882","intermediate filament","15/2867","127/23436",0.59851796786233,0.59851796786233,0.604455652257411,"Vim/Upp2/Sync/Lmnb2/Mns1/Myo5a/Nefh/Nme1/Krt222/Krt10/Dsp/Prph/Ppl/Pkp2/Lmnb1",15
"GO:0005682","U5 snRNP","2/2867","16/23436",0.599680569070021,0.599680569070021,0.604455652257411,"Snrpd1/Txnl4a",2
"GO:0016581","NuRD complex","2/2867","16/23436",0.599680569070021,0.599680569070021,0.604455652257411,"Rbbp7/Hdac2",2
"GO:0031527","filopodium membrane","2/2867","16/23436",0.599680569070021,0.599680569070021,0.604455652257411,"Dmd/Palm",2
"GO:0090545","CHD-type complex","2/2867","16/23436",0.599680569070021,0.599680569070021,0.604455652257411,"Rbbp7/Hdac2",2
"GO:0098644","complex of collagen trimers","2/2867","16/23436",0.599680569070021,0.599680569070021,0.604455652257411,"Col1a1/Col2a1",2
"GO:0098890","extrinsic component of postsynaptic membrane","2/2867","16/23436",0.599680569070021,0.599680569070021,0.604455652257411,"Magi2/Tiam1",2
"GO:0032589","neuron projection membrane","8/2867","68/23436",0.602412030847479,0.602412030847479,0.606090615508077,"Slc12a5/Kcnb1/Sgce/Cntnap2/Hcn2/Palm/Sptbn1/Mpp2",8
"GO:0035327","transcriptionally active chromatin","3/2867","25/23436",0.605088510479595,0.605088510479595,0.607664351661977,"Zc3h8/Exosc3/Pelp1",3
"GO:0030430","host cell cytoplasm","2/2867","17/23436",0.63351084502987,0.63351084502987,0.631563827450063,"Pf4/Lman1",2
"GO:0033270","paranode region of axon","2/2867","17/23436",0.63351084502987,0.63351084502987,0.631563827450063,"Ermn/Cntnap2",2
"GO:0033655","host cell cytoplasm part","2/2867","17/23436",0.63351084502987,0.63351084502987,0.631563827450063,"Pf4/Lman1",2
"GO:0070822","Sin3-type complex","2/2867","17/23436",0.63351084502987,0.63351084502987,0.631563827450063,"Hdac2/Sap30",2
"GO:0098685","Schaffer collateral - CA1 synapse","13/2867","113/23436",0.636564963213987,0.636564963213987,0.631939804566578,"Syp/Cask/Syn1/Akap12/Efnb2/Cadm1/Myo5a/Bsn/Nefh/Mpp2/Tubb2b/Lrrtm2/Synpo",13
"GO:0005770","late endosome","23/2867","198/23436",0.63735817090631,0.63735817090631,0.631939804566578,"Slc11a1/Steap3/Rab7b/Snx16/5330417C22Rik/Slc31a1/Magi2/Nsg1/Dysf/Apoe/Vps35/Dync1li2/Ldlr/Anxa2/Myo5a/Trf/Ankrd13b/Abca5/Stard3nl/Lgmn/H2-Ab1/Osbpl1a/Ticam2",23
"GO:0042734","presynaptic membrane","23/2867","198/23436",0.63735817090631,0.63735817090631,0.631939804566578,"Stxbp1/Chrm4/Syp/Cask/P2ry1/Kcna2/Unc13b/Rims3/Marcksl1/Ache/Atp2b2/Efnb2/Unc13a/Pcdh17/Sept7/Kcnj3/Nectin1/Cadm1/Canx/Glra1/Scn8a/Cacna1h/Fosl1",23
"GO:0044295","axonal growth cone","5/2867","44/23436",0.638705828621778,0.638705828621778,0.632128766313315,"Fkbp4/Hsp90aa1/Tiam1/Dynlt1a/Hsp90ab1",5
"GO:0034705","potassium channel complex","10/2867","88/23436",0.647020043098996,0.647020043098996,0.639199395390462,"Kcnb1/Hcn4/Kcna2/Cntnap2/Abcc9/Calm3/Hcn2/Kcnj3/Kcnmb1/Kcnk4",10
"GO:0043679","axon terminus","21/2867","183/23436",0.656852378018273,0.656852378018273,0.643772761983996,"Chrm4/Syp/Hcn3/Hcn4/Kcna2/Calb1/Unc13b/Pebp1/Nos1/Ap1s1/Calca/Slc18a1/Unc13a/Gnrh1/Sept7/Dixdc1/Glra1/Tspoap1/Sncb/Prph/Itsn1",21
"GO:0032839","dendrite cytoplasm","3/2867","27/23436",0.658394411484103,0.658394411484103,0.643772761983996,"Map2/Ada/Canx",3
"GO:0070971","endoplasmic reticulum exit site","3/2867","27/23436",0.658394411484103,0.658394411484103,0.643772761983996,"Pdcd6/Sec23ip/Tfg",3
"GO:0045335","phagocytic vesicle","10/2867","89/23436",0.66134488374374,0.66134488374374,0.643772761983996,"Slc11a1/Rab7b/Vim/Stxbp1/Tlr7/Unc13b/Capg/Flnb/Cdc42ep4/Syk",10
"GO:0005782","peroxisomal matrix","2/2867","18/23436",0.66505816602281,0.66505816602281,0.643772761983996,"Hspd1/Prdx1",2
"GO:0005847","mRNA cleavage and polyadenylation specificity factor complex","2/2867","18/23436",0.66505816602281,0.66505816602281,0.643772761983996,"Nudt21/Cpsf2",2
"GO:0016471","vacuolar proton-transporting V-type ATPase complex","2/2867","18/23436",0.66505816602281,0.66505816602281,0.643772761983996,"Atp6v1b1/Atp6v0a1",2
"GO:0030867","rough endoplasmic reticulum membrane","2/2867","18/23436",0.66505816602281,0.66505816602281,0.643772761983996,"Derl3/Gnrh1",2
"GO:0031907","microbody lumen","2/2867","18/23436",0.66505816602281,0.66505816602281,0.643772761983996,"Hspd1/Prdx1",2
"GO:0032433","filopodium tip","2/2867","18/23436",0.66505816602281,0.66505816602281,0.643772761983996,"Myo5a/Morn4",2
"GO:0099144","anchored component of synaptic membrane","2/2867","18/23436",0.66505816602281,0.66505816602281,0.643772761983996,"Marcksl1/Mpp2",2
"GO:1903561","extracellular vesicle","11/2867","98/23436",0.665790038525838,0.665790038525838,0.643772761983996,"Hspd1/Sord/Egf/Hnrnpa2b1/Gars/Gprc5a/Ppfia3/Cd81/Anxa2/Hexdc/Tfrc",11
"GO:0098791","Golgi subcompartment","51/2867","438/23436",0.669782983433687,0.669782983433687,0.646489433516987,"Rab7b/Blzf1/Optn/Gorasp2/Necab3/Atp9a/Rab33a/Apoo/Pld1/Rab13/5330417C22Rik/Azin2/Nsg1/Lap3/Pi4k2b/Cit/Tpst1/Ap1s1/Kdelr2/Bet1/Plekha8/Yif1b/Rab30/Gga2/Pycard/B4galnt4/Chst3/Csgalnact1/Smpd3/Chst2/Hyal2/Bsn/Gal3st1/Rhbdf1/Tvp23b/Slc35b2/Slc35b1/Wipi1/Lman2/Scamp1/Kdelr3/Cby1/Tvp23a/Bace2/Snx9/Dpy30/Chsy3/Lman1/Pqlc1/Gcnt1/Mlana",51
"GO:0099056","integral component of presynaptic membrane","13/2867","116/23436",0.674392765666331,0.674392765666331,0.649457806474026,"Chrm4/P2ry1/Kcna2/Atp2b2/Efnb2/Pcdh17/Kcnj3/Nectin1/Cadm1/Canx/Glra1/Scn8a/Cacna1h",13
"GO:0005802","trans-Golgi network","25/2867","219/23436",0.675235900526752,0.675235900526752,0.649457806474026,"Rab7b/Optn/Atp9a/Rab13/5330417C22Rik/Azin2/Nsg1/Lap3/Pi4k2b/Ap1s1/Plekha8/Rab30/Gga2/Chst3/Chst2/Bsn/Wipi1/Scamp1/Cby1/Bace2/Snx9/Dpy30/Pqlc1/Gcnt1/Mlana",25
"GO:0030864","cortical actin cytoskeleton","11/2867","99/23436",0.679065221936468,0.679065221936468,0.651993062963698,"Calb1/Lancl2/Myo1a/Dlc1/Anln/Rdx/Sptbn1/Hfe/Cap2/Actn1/Snx9",11
"GO:0005942","phosphatidylinositol 3-kinase complex","3/2867","28/23436",0.683020653349637,0.683020653349637,0.653493813417756,"Pik3r3/Pik3r6/Socs6",3
"GO:0097386","glial cell projection","3/2867","28/23436",0.683020653349637,0.683020653349637,0.653493813417756,"Lgals3/Eif2s1/App",3
"GO:0005925","focal adhesion","17/2867","152/23436",0.690421113952269,0.690421113952269,0.657947212889688,"Enah/Aif1l/Mapre1/Dlc1/Bcar1/Flnb/Rexo2/Rdx/Tln2/Tns3/Itgb4/Pdlim7/Actn1/Ptk2/Parvb/Tns2/Phldb2",17
"GO:0043034","costamere","2/2867","19/23436",0.694374623425165,0.694374623425165,0.657947212889688,"Dmd/Ahnak2",2
"GO:0043218","compact myelin","2/2867","19/23436",0.694374623425165,0.694374623425165,0.657947212889688,"Cd59b/Anxa2",2
"GO:0061827","sperm head","2/2867","19/23436",0.694374623425165,0.694374623425165,0.657947212889688,"Adam30/Hsp90ab1",2
"GO:0098993","anchored component of synaptic vesicle membrane","2/2867","19/23436",0.694374623425165,0.694374623425165,0.657947212889688,"Syn1/Rab3b",2
"GO:1990351","transporter complex","36/2867","315/23436",0.694901280819812,0.694901280819812,0.657947212889688,"Cacna1s/Atp1a2/Clic3/Sestd1/Kcnb1/Porcn/Hcn4/Kcna2/Mcub/Gabrb1/Lrrc8b/Cntnap2/Fxyd4/Eps8/Abcc9/Calm3/Ryr1/Cpt1c/Pidd1/Hcn2/Trpc6/Kcnj3/Scn2b/Kcnmb1/Glra1/Pex12/Catsper3/Fkbp1b/Hspa2/Cacna1i/Scn8a/Cacna1h/Clic5/Cnih2/Kcnk4/Catsperz",36
"GO:0001917","photoreceptor inner segment","6/2867","56/23436",0.696249658433134,0.696249658433134,0.65808335954616,"Dnm3/Gnat2/Crocc/Nos1/Pkm/Pdzd7",6
"GO:0046658","anchored component of plasma membrane","8/2867","74/23436",0.698205966251413,0.698205966251413,0.658168842718532,"Cd59b/Cd160/Marcksl1/Ulbp1/Raet1d/Cd24a/Hyal2/Mpp2",8
"GO:0000139","Golgi membrane","27/2867","239/23436",0.700417462660912,0.700417462660912,0.658168842718532,"Blzf1/Gorasp2/Rab33a/Apoo/Nsg1/Tpst1/Kdelr2/Bet1/Yif1b/Rab30/Pycard/B4galnt4/Chst3/Csgalnact1/Chst2/Hyal2/Gal3st1/Rhbdf1/Tvp23b/Slc35b2/Slc35b1/Lman2/Scamp1/Kdelr3/Tvp23a/Chsy3/Lman1",27
"GO:1902495","transmembrane transporter complex","35/2867","308/23436",0.705865261984839,0.705865261984839,0.658168842718532,"Cacna1s/Atp1a2/Clic3/Sestd1/Kcnb1/Porcn/Hcn4/Kcna2/Mcub/Gabrb1/Lrrc8b/Cntnap2/Fxyd4/Eps8/Abcc9/Calm3/Ryr1/Cpt1c/Pidd1/Hcn2/Trpc6/Kcnj3/Scn2b/Kcnmb1/Glra1/Catsper3/Fkbp1b/Hspa2/Cacna1i/Scn8a/Cacna1h/Clic5/Cnih2/Kcnk4/Catsperz",35
"GO:0090568","nuclear transcriptional repressor complex","3/2867","29/23436",0.706296394649119,0.706296394649119,0.658168842718532,"Suv39h1/Rbbp7/Hdac2",3
"GO:0098889","intrinsic component of presynaptic membrane","14/2867","128/23436",0.712596675340377,0.712596675340377,0.658168842718532,"Chrm4/P2ry1/Kcna2/Marcksl1/Atp2b2/Efnb2/Pcdh17/Kcnj3/Nectin1/Cadm1/Canx/Glra1/Scn8a/Cacna1h",14
"GO:0030667","secretory granule membrane","9/2867","84/23436",0.71368381718135,0.71368381718135,0.658168842718532,"Slc11a1/Selp/Tmed2/Tmem184a/Izumo1/Anxa7/Hyal3/Scamp1/Actn1",9
"GO:0034702","ion channel complex","33/2867","293/23436",0.720915974757838,0.720915974757838,0.658168842718532,"Cacna1s/Clic3/Sestd1/Kcnb1/Porcn/Hcn4/Kcna2/Mcub/Gabrb1/Lrrc8b/Cntnap2/Eps8/Abcc9/Calm3/Ryr1/Cpt1c/Pidd1/Hcn2/Trpc6/Kcnj3/Scn2b/Kcnmb1/Glra1/Catsper3/Fkbp1b/Hspa2/Cacna1i/Scn8a/Cacna1h/Clic5/Cnih2/Kcnk4/Catsperz",33
"GO:0005849","mRNA cleavage factor complex","2/2867","20/23436",0.721533726304201,0.721533726304201,0.658168842718532,"Nudt21/Cpsf2",2
"GO:0005922","connexin complex","2/2867","20/23436",0.721533726304201,0.721533726304201,0.658168842718532,"Gja5/Gjd4",2
"GO:0030904","retromer complex","2/2867","20/23436",0.721533726304201,0.721533726304201,0.658168842718532,"Snx8/Vps35",2
"GO:0031082","BLOC complex","2/2867","20/23436",0.721533726304201,0.721533726304201,0.658168842718532,"Snap47/Bloc1s5",2
"GO:0033646","host intracellular part","2/2867","20/23436",0.721533726304201,0.721533726304201,0.658168842718532,"Pf4/Lman1",2
"GO:0043656","intracellular region of host","2/2867","20/23436",0.721533726304201,0.721533726304201,0.658168842718532,"Pf4/Lman1",2
"GO:0044232","organelle membrane contact site","2/2867","20/23436",0.721533726304201,0.721533726304201,0.658168842718532,"Canx/Stard3nl",2
"GO:0032281","AMPA glutamate receptor complex","3/2867","30/23436",0.728237366805188,0.728237366805188,0.658168842718532,"Porcn/Cpt1c/Cnih2",3
"GO:0000408","EKC/KEOPS complex","1/2867","10/23436",0.728868097018259,0.728868097018259,0.658168842718532,"Gon7",1
"GO:0000805","X chromosome","1/2867","10/23436",0.728868097018259,0.728868097018259,0.658168842718532,"Cdk2",1
"GO:0000813","ESCRT I complex","1/2867","10/23436",0.728868097018259,0.728868097018259,0.658168842718532,"Vps37d",1
"GO:0005845","mRNA cap binding complex","1/2867","10/23436",0.728868097018259,0.728868097018259,0.658168842718532,"Ncbp2",1
"GO:0017119","Golgi transport complex","1/2867","10/23436",0.728868097018259,0.728868097018259,0.658168842718532,"Cog6",1
"GO:0030056","hemidesmosome","1/2867","10/23436",0.728868097018259,0.728868097018259,0.658168842718532,"Itgb4",1
"GO:0030130","clathrin coat of trans-Golgi network vesicle","1/2867","10/23436",0.728868097018259,0.728868097018259,0.658168842718532,"Ap1s1",1
"GO:0030877","beta-catenin destruction complex","1/2867","10/23436",0.728868097018259,0.728868097018259,0.658168842718532,"Cacybp",1
"GO:0031414","N-terminal protein acetyltransferase complex","1/2867","10/23436",0.728868097018259,0.728868097018259,0.658168842718532,"Naa50",1
"GO:0034518","RNA cap binding complex","1/2867","10/23436",0.728868097018259,0.728868097018259,0.658168842718532,"Ncbp2",1
"GO:0036513","Derlin-1 retrotranslocation complex","1/2867","10/23436",0.728868097018259,0.728868097018259,0.658168842718532,"Selenos",1
"GO:0098554","cytoplasmic side of endoplasmic reticulum membrane","1/2867","10/23436",0.728868097018259,0.728868097018259,0.658168842718532,"Gnrh1",1
"GO:0030055","cell-substrate junction","18/2867","165/23436",0.73312572650742,0.73312572650742,0.66092105620523,"Enah/Aif1l/Mapre1/Dmd/Dlc1/Bcar1/Flnb/Rexo2/Rdx/Tln2/Tns3/Itgb4/Pdlim7/Actn1/Ptk2/Parvb/Tns2/Phldb2",18
"GO:0043195","terminal bouton","9/2867","86/23436",0.739692551021099,0.739692551021099,0.663913287233614,"Syp/Hcn4/Unc13b/Ap1s1/Calca/Slc18a1/Unc13a/Sncb/Prph",9
"GO:0008076","voltage-gated potassium channel complex","8/2867","77/23436",0.740090621057818,0.740090621057818,0.663913287233614,"Kcnb1/Hcn4/Kcna2/Cntnap2/Calm3/Hcn2/Kcnj3/Kcnmb1",8
"GO:0099146","intrinsic component of postsynaptic density membrane","8/2867","77/23436",0.740090621057818,0.740090621057818,0.663913287233614,"Chrm4/Atp2b2/Efnb2/Mpp2/Slc16a3/Scn8a/Lrrtm2/Cnih2",8
"GO:0043230","extracellular organelle","12/2867","113/23436",0.74160282211485,0.74160282211485,0.664179231540306,"Hspd1/Sord/Egf/Pf4/Hnrnpa2b1/Gars/Gprc5a/Ppfia3/Cd81/Anxa2/Hexdc/Tfrc",12
"GO:0005753","mitochondrial proton-transporting ATP synthase complex","2/2867","21/23436",0.746624385110013,0.746624385110013,0.665788539933451,"Atp5b/Atp5a1",2
"GO:0030673","axolemma","2/2867","21/23436",0.746624385110013,0.746624385110013,0.665788539933451,"Cntnap2/Sptbn1",2
"GO:0042470","melanosome","3/2867","31/23436",0.748869047785797,0.748869047785797,0.665788539933451,"Myo7a/Myo5a/Mlana",3
"GO:0048770","pigment granule","3/2867","31/23436",0.748869047785797,0.748869047785797,0.665788539933451,"Myo7a/Myo5a/Mlana",3
"GO:0005924","cell-substrate adherens junction","17/2867","158/23436",0.749493168508899,0.749493168508899,0.665788539933451,"Enah/Aif1l/Mapre1/Dlc1/Bcar1/Flnb/Rexo2/Rdx/Tln2/Tns3/Itgb4/Pdlim7/Actn1/Ptk2/Parvb/Tns2/Phldb2",17
"GO:0000138","Golgi trans cisterna","1/2867","11/23436",0.762050679014701,0.762050679014701,0.666112509319798,"Bet1",1
"GO:0002178","palmitoyltransferase complex","1/2867","11/23436",0.762050679014701,0.762050679014701,0.666112509319798,"Ormdl2",1
"GO:0005750","mitochondrial respiratory chain complex III","1/2867","11/23436",0.762050679014701,0.762050679014701,0.666112509319798,"Cyc1",1
"GO:0030897","HOPS complex","1/2867","11/23436",0.762050679014701,0.762050679014701,0.666112509319798,"Aktip",1
"GO:0032591","dendritic spine membrane","1/2867","11/23436",0.762050679014701,0.762050679014701,0.666112509319798,"Palm",1
"GO:0035631","CD40 receptor complex","1/2867","11/23436",0.762050679014701,0.762050679014701,0.666112509319798,"Chuk",1
"GO:0044666","MLL3/4 complex","1/2867","11/23436",0.762050679014701,0.762050679014701,0.666112509319798,"Dpy30",1
"GO:0045275","respiratory chain complex III","1/2867","11/23436",0.762050679014701,0.762050679014701,0.666112509319798,"Cyc1",1
"GO:0072546","ER membrane protein complex","1/2867","11/23436",0.762050679014701,0.762050679014701,0.666112509319798,"Emc8",1
"GO:1990907","beta-catenin-TCF complex","1/2867","11/23436",0.762050679014701,0.762050679014701,0.666112509319798,"Tcf7l2",1
"GO:0080008","Cul4-RING E3 ubiquitin ligase complex","3/2867","32/23436",0.768224853176191,0.768224853176191,0.668560284308026,"Dtl/Plrg1/Ddb1",3
"GO:0001891","phagocytic cup","2/2867","22/23436",0.769746046027478,0.769746046027478,0.668560284308026,"Tnf/Ticam2",2
"GO:0033643","host cell part","2/2867","22/23436",0.769746046027478,0.769746046027478,0.668560284308026,"Pf4/Lman1",2
"GO:0045259","proton-transporting ATP synthase complex","2/2867","22/23436",0.769746046027478,0.769746046027478,0.668560284308026,"Atp5b/Atp5a1",2
"GO:0099061","integral component of postsynaptic density membrane","7/2867","71/23436",0.781057187658794,0.781057187658794,0.671165439624532,"Chrm4/Atp2b2/Efnb2/Slc16a3/Scn8a/Lrrtm2/Cnih2",7
"GO:0070062","extracellular exosome","9/2867","90/23436",0.786739203123016,0.786739203123016,0.671165439624532,"Hspd1/Sord/Egf/Hnrnpa2b1/Gars/Gprc5a/Cd81/Anxa2/Tfrc",9
"GO:0008287","protein serine/threonine phosphatase complex","4/2867","43/23436",0.788283660411251,0.788283660411251,0.671165439624532,"Ppp2r2c/Nkd1/Ppp4r4/Ppp2r5d",4
"GO:1903293","phosphatase complex","4/2867","43/23436",0.788283660411251,0.788283660411251,0.671165439624532,"Ppp2r2c/Nkd1/Ppp4r4/Ppp2r5d",4
"GO:0000421","autophagosome membrane","2/2867","23/23436",0.79100478464183,0.79100478464183,0.671165439624532,"Rpn2/Wipi1",2
"GO:0071782","endoplasmic reticulum tubular network","2/2867","23/23436",0.79100478464183,0.79100478464183,0.671165439624532,"Kpnb1/Reep5",2
"GO:0099243","extrinsic component of synaptic membrane","2/2867","23/23436",0.79100478464183,0.79100478464183,0.671165439624532,"Magi2/Tiam1",2
"GO:0017146","NMDA selective glutamate receptor complex","1/2867","12/23436",0.791173441160479,0.791173441160479,0.671165439624532,"Eps8",1
"GO:0020005","symbiont-containing vacuole membrane","1/2867","12/23436",0.791173441160479,0.791173441160479,0.671165439624532,"Pf4",1
"GO:0030670","phagocytic vesicle membrane","1/2867","12/23436",0.791173441160479,0.791173441160479,0.671165439624532,"Slc11a1",1
"GO:0030688","preribosome, small subunit precursor","1/2867","12/23436",0.791173441160479,0.791173441160479,0.671165439624532,"Tsr1",1
"GO:0031313","extrinsic component of endosome membrane","1/2867","12/23436",0.791173441160479,0.791173441160479,0.671165439624532,"Snx16",1
"GO:0034045","phagophore assembly site membrane","1/2867","12/23436",0.791173441160479,0.791173441160479,0.671165439624532,"Wipi1",1
"GO:0048188","Set1C/COMPASS complex","1/2867","12/23436",0.791173441160479,0.791173441160479,0.671165439624532,"Dpy30",1
"GO:0099026","anchored component of presynaptic membrane","1/2867","12/23436",0.791173441160479,0.791173441160479,0.671165439624532,"Marcksl1",1
"GO:0030660","Golgi-associated vesicle membrane","6/2867","63/23436",0.798635554399276,0.798635554399276,0.676445292098285,"Pdcd6/Ap1s1/Kdelr2/Nrgn/Tmed3/Kdelr3",6
"GO:0002080","acrosomal membrane","2/2867","24/23436",0.810510197144009,0.810510197144009,0.684381017355797,"Izumo1/Hyal3",2
"GO:0034706","sodium channel complex","2/2867","24/23436",0.810510197144009,0.810510197144009,0.684381017355797,"Scn2b/Scn8a",2
"GO:0005844","polysome","7/2867","74/23436",0.816036370349008,0.816036370349008,0.685898237342724,"Hspa14/Vim/Dazl/Vbp1/Calr/Myh10/Ybx2",7
"GO:0044233","Mitochondria-associated ER Membrane","1/2867","13/23436",0.816732941851775,0.816732941851775,0.685898237342724,"Canx",1
"GO:0098833","presynaptic endocytic zone","1/2867","13/23436",0.816732941851775,0.816732941851775,0.685898237342724,"Itsn1",1
"GO:0034707","chloride channel complex","4/2867","45/23436",0.817329026752616,0.817329026752616,0.685898237342724,"Clic3/Gabrb1/Glra1/Clic5",4
"GO:0044431","Golgi apparatus part","54/2867","491/23436",0.818945749096224,0.818945749096224,0.686200910204941,"Rab7b/Blzf1/Optn/Gorasp2/Necab3/Atp9a/Rab33a/Apoo/Pld1/Cog6/Rab13/5330417C22Rik/Azin2/Nsg1/Lap3/Pi4k2b/Cit/Tpst1/Ap1s1/Kdelr2/Bet1/Plekha8/Yif1b/Rab30/Gga2/Pycard/Sec23ip/B4galnt4/Chst3/Csgalnact1/Smpd3/Tmed3/Chst2/Hyal2/Bsn/Gal3st1/Rhbdf1/Tvp23b/Slc35b2/Slc35b1/Wipi1/Lman2/Scamp1/Kdelr3/Cby1/Tvp23a/Bace2/Snx9/Dpy30/Chsy3/Lman1/Pqlc1/Gcnt1/Mlana",54
"GO:0098982","GABA-ergic synapse","10/2867","103/23436",0.824020789284579,0.824020789284579,0.689395969434507,"Sv2a/Calb1/Magi2/Gabrb1/Sept11/Atp2b2/Pcdh17/Bsn/C1qbp/Lrrtm2",10
"GO:0033176","proton-transporting V-type ATPase complex","2/2867","25/23436",0.828372952506132,0.828372952506132,0.691977406004639,"Atp6v1b1/Atp6v0a1",2
"GO:0098839","postsynaptic density membrane","9/2867","95/23436",0.836386131910684,0.836386131910684,0.692521302842211,"Chrm4/Atp2b2/Efnb2/Mpp2/Slc16a3/Scn8a/Tiam1/Lrrtm2/Cnih2",9
"GO:0020003","symbiont-containing vacuole","1/2867","14/23436",0.839165023810148,0.839165023810148,0.692521302842211,"Pf4",1
"GO:0030126","COPI vesicle coat","1/2867","14/23436",0.839165023810148,0.839165023810148,0.692521302842211,"Tmed3",1
"GO:0030127","COPII vesicle coat","1/2867","14/23436",0.839165023810148,0.839165023810148,0.692521302842211,"Pdcd6",1
"GO:0031588","nucleotide-activated protein kinase complex","1/2867","14/23436",0.839165023810148,0.839165023810148,0.692521302842211,"Prkaca",1
"GO:0042581","specific granule","1/2867","14/23436",0.839165023810148,0.839165023810148,0.692521302842211,"Ngp",1
"GO:0071437","invadopodium","1/2867","14/23436",0.839165023810148,0.839165023810148,0.692521302842211,"Fscn1",1
"GO:0098690","glycinergic synapse","1/2867","14/23436",0.839165023810148,0.839165023810148,0.692521302842211,"Glra1",1
"GO:0031941","filamentous actin","3/2867","37/23436",0.847403279511172,0.847403279511172,0.697213541639661,"Myo1a/Smtn/Pdlim7",3
"GO:0099091","postsynaptic specialization, intracellular component","3/2867","37/23436",0.847403279511172,0.847403279511172,0.697213541639661,"Lyn/Nos1/Gapdh",3
"GO:0030662","coated vesicle membrane","7/2867","78/23436",0.855716648804435,0.855716648804435,0.701352073519038,"Pdcd6/Ap1s1/Kdelr2/Nrgn/Tmed3/Trf/Kdelr3",7
"GO:0033391","chromatoid body","1/2867","15/23436",0.858852235693689,0.858852235693689,0.701352073519038,"Ddx4",1
"GO:0043220","Schmidt-Lanterman incisure","1/2867","15/23436",0.858852235693689,0.858852235693689,0.701352073519038,"Anxa2",1
"GO:0098799","outer mitochondrial membrane protein complex","1/2867","15/23436",0.858852235693689,0.858852235693689,0.701352073519038,"Tomm6",1
"GO:0098845","postsynaptic endosome","1/2867","15/23436",0.858852235693689,0.858852235693689,0.701352073519038,"Nsg1",1
"GO:0045211","postsynaptic membrane","39/2867","370/23436",0.861213716830405,0.861213716830405,0.702230823307118,"Sema4c/Dnm3/Rapsn/Chrm4/Lzts3/Snta1/Kcnb1/Dmd/Magee1/Fabp5/P2ry1/Sigmar1/Magi2/Nsg1/Gabrb1/Ache/Lhfpl4/Atp2b2/Cpeb1/Grip1/Erbb3/Efnb2/Pcdh17/Nrgn/Cadm1/Canx/Glra1/Akap1/Erbb2/Mpp2/Slc16a3/Scn8a/Dnaja3/Fbxo45/Tiam1/Cacna1h/Lrrtm2/Synpo/Cnih2",39
"GO:0016469","proton-transporting two-sector ATPase complex","4/2867","49/23436",0.865582219943802,0.865582219943802,0.704741034043192,"Atp6v1b1/Atp5b/Atp6v0a1/Atp5a1",4
"GO:0016342","catenin complex","2/2867","28/23436",0.873191177725995,0.873191177725995,0.707007152282055,"Cdh5/Ctnna1",2
"GO:0031045","dense core granule","2/2867","28/23436",0.873191177725995,0.873191177725995,0.707007152282055,"Actn1/Bace2",2
"GO:0016460","myosin II complex","1/2867","16/23436",0.876130346801933,0.876130346801933,0.707007152282055,"Myh10",1
"GO:0065010","extracellular membrane-bounded organelle","1/2867","16/23436",0.876130346801933,0.876130346801933,0.707007152282055,"Pf4",1
"GO:0098691","dopaminergic synapse","1/2867","16/23436",0.876130346801933,0.876130346801933,0.707007152282055,"Rab3b",1
"GO:0098981","cholinergic synapse","1/2867","16/23436",0.876130346801933,0.876130346801933,0.707007152282055,"Pld1",1
"GO:0044437","vacuolar part","17/2867","176/23436",0.879857609336392,0.879857609336392,0.708967705706548,"Abcb6/Rab7b/Thbd/Rpn2/Mcoln3/Rragd/Nsg1/Atp6v1b1/Myo7a/Trpm2/Prss57/Anxa2/Atp6v0a1/Wipi1/Dld/Hsp90ab1/Treml4",17
"GO:0030140","trans-Golgi network transport vesicle","2/2867","29/23436",0.885553754250208,0.885553754250208,0.712506624999392,"Ap1s1/Nrgn",2
"GO:0005640","nuclear outer membrane","1/2867","17/23436",0.891294065662687,0.891294065662687,0.713970705477596,"Syne3",1
"GO:0030014","CCR4-NOT complex","1/2867","17/23436",0.891294065662687,0.891294065662687,0.713970705477596,"Cnot9",1
"GO:0032982","myosin filament","1/2867","17/23436",0.891294065662687,0.891294065662687,0.713970705477596,"Myh10",1
"GO:0000407","phagophore assembly site","2/2867","30/23436",0.896790639067709,0.896790639067709,0.717321941398075,"Atg9b/Wipi1",2
"GO:0098562","cytoplasmic side of membrane","17/2867","180/23436",0.899883072374386,0.899883072374386,0.71874317414944,"Ptk6/Gnat2/Lyn/Kit/Chuk/Gng12/Ryr1/Cisd1/Gng7/Gm5741/Gnrh1/Stac2/Nptxr/Racgap1/Tiam1/Snx9/Fer",17
"GO:0000145","exocyst","1/2867","18/23436",0.904602059759151,0.904602059759151,0.721257817352529,"Exoc3l",1
"GO:0032588","trans-Golgi network membrane","2/2867","31/23436",0.906992128121634,0.906992128121634,0.721257817352529,"Nsg1/Scamp1",2
"GO:0099092","postsynaptic density, intracellular component","2/2867","31/23436",0.906992128121634,0.906992128121634,0.721257817352529,"Nos1/Gapdh",2
"GO:0009898","cytoplasmic side of plasma membrane","15/2867","163/23436",0.908364165784087,0.908364165784087,0.721298962732468,"Ptk6/Gnat2/Lyn/Kit/Chuk/Gng12/Ryr1/Gng7/Gm5741/Stac2/Nptxr/Racgap1/Tiam1/Snx9/Fer",15
"GO:0033268","node of Ranvier","1/2867","19/23436",0.916281361777705,0.916281361777705,0.72523212378895,"Scn8a",1
"GO:1902711","GABA-A receptor complex","1/2867","19/23436",0.916281361777705,0.916281361777705,0.72523212378895,"Gabrb1",1
"GO:0008328","ionotropic glutamate receptor complex","4/2867","55/23436",0.917299860618991,0.917299860618991,0.72523212378895,"Porcn/Eps8/Cpt1c/Cnih2",4
"GO:0031312","extrinsic component of organelle membrane","4/2867","56/23436",0.923934728419904,0.923934728419904,0.72849535774524,"Syn1/Snx16/Atp6v1b1/Dusp18",4
"GO:0030136","clathrin-coated vesicle","8/2867","98/23436",0.924094255821924,0.924094255821924,0.72849535774524,"Hax1/Ap1s1/Gga2/Nrgn/Unc13d/Scamp1/Ston2/Snx9",8
"GO:0030120","vesicle coat","4/2867","57/23436",0.930086692386522,0.930086692386522,0.731109418172821,"Pdcd6/Ap1s1/Tmed3/Trf",4
"GO:0098878","neurotransmitter receptor complex","4/2867","57/23436",0.930086692386522,0.930086692386522,0.731109418172821,"Porcn/Eps8/Cpt1c/Cnih2",4
"GO:0012507","ER to Golgi transport vesicle membrane","1/2867","21/23436",0.935526579939889,0.935526579939889,0.733275383204413,"Pdcd6",1
"GO:1902710","GABA receptor complex","1/2867","21/23436",0.935526579939889,0.935526579939889,0.733275383204413,"Gabrb1",1
"GO:0098948","intrinsic component of postsynaptic specialization membrane","9/2867","111/23436",0.936924755141162,0.936924755141162,0.733319179487653,"Chrm4/Atp2b2/Efnb2/Glra1/Mpp2/Slc16a3/Scn8a/Lrrtm2/Cnih2",9
"GO:0005764","lysosome","43/2867","431/23436",0.938665612407437,0.938665612407437,0.733630679676921,"Slc11a1/Rab7b/Ass1/Pla2g4f/Ada/Tlr7/Snx16/5330417C22Rik/Mcoln3/Rragd/Tspan1/Nsg1/Nos1/March8/Plbd1/Apoe/Siglecf/Myo7a/Trpm2/Prss57/Vps35/Mt1/Dync1li2/Galns/Gzmb/Mmp13/Ldlr/Anxa2/Myo5a/Hyal2/Hyal3/Tmem97/Mpo/Abca5/Unc13d/Epdr1/Prss16/Ctsl/Arsb/Lgmn/Hsp90ab1/Treml4/Trip10",43
"GO:0000323","lytic vacuole","43/2867","432/23436",0.940745481128037,0.940745481128037,0.73420587173752,"Slc11a1/Rab7b/Ass1/Pla2g4f/Ada/Tlr7/Snx16/5330417C22Rik/Mcoln3/Rragd/Tspan1/Nsg1/Nos1/March8/Plbd1/Apoe/Siglecf/Myo7a/Trpm2/Prss57/Vps35/Mt1/Dync1li2/Galns/Gzmb/Mmp13/Ldlr/Anxa2/Myo5a/Hyal2/Hyal3/Tmem97/Mpo/Abca5/Unc13d/Epdr1/Prss16/Ctsl/Arsb/Lgmn/Hsp90ab1/Treml4/Trip10",43
"GO:0030665","clathrin-coated vesicle membrane","2/2867","36/23436",0.945260932563528,0.945260932563528,0.736677564382418,"Ap1s1/Nrgn",2
"GO:0099634","postsynaptic specialization membrane","11/2867","134/23436",0.947085888233597,0.947085888233597,0.736970629675957,"Rapsn/Chrm4/Atp2b2/Efnb2/Glra1/Mpp2/Slc16a3/Scn8a/Tiam1/Lrrtm2/Cnih2",11
"GO:0005797","Golgi medial cisterna","1/2867","23/23436",0.950348895916609,0.950348895916609,0.736970629675957,"Gorasp2",1
"GO:0042611","MHC protein complex","1/2867","23/23436",0.950348895916609,0.950348895916609,0.736970629675957,"H2-Ab1",1
"GO:0099060","integral component of postsynaptic specialization membrane","8/2867","105/23436",0.952622715305064,0.952622715305064,0.736970629675957,"Chrm4/Atp2b2/Efnb2/Glra1/Slc16a3/Scn8a/Lrrtm2/Cnih2",8
"GO:0005774","vacuolar membrane","14/2867","166/23436",0.953237019617247,0.953237019617247,0.736970629675957,"Abcb6/Rab7b/Thbd/Rpn2/Mcoln3/Rragd/Atp6v1b1/Myo7a/Trpm2/Anxa2/Atp6v0a1/Wipi1/Hsp90ab1/Treml4",14
"GO:0099023","tethering complex","4/2867","62/23436",0.95459393532674,0.95459393532674,0.736970629675957,"Cog6/Aktip/Exoc3l/Tgfbrap1",4
"GO:0033177","proton-transporting two-sector ATPase complex, proton-transporting domain","1/2867","24/23436",0.956428839341505,0.956428839341505,0.736970629675957,"Atp6v0a1",1
"GO:0036452","ESCRT complex","1/2867","24/23436",0.956428839341505,0.956428839341505,0.736970629675957,"Vps37d",1
"GO:0001533","cornified envelope","3/2867","55/23436",0.971465308961573,0.971465308961573,0.744299430065135,"Kazn/Dsp/Cst6",3
"GO:0005771","multivesicular body","2/2867","42/23436",0.971534816134732,0.971534816134732,0.744299430065135,"Steap3/H2-Ab1",2
"GO:0030125","clathrin vesicle coat","1/2867","28/23436",0.974162284243363,0.974162284243363,0.744299430065135,"Ap1s1",1
"GO:0030131","clathrin adaptor complex","1/2867","29/23436",0.977326874600262,0.977326874600262,0.744299430065135,"Ap1s1",1
"GO:0070069","cytochrome complex","1/2867","30/23436",0.98010398617035,0.98010398617035,0.744299430065135,"Cyc1",1
"GO:0030666","endocytic vesicle membrane","1/2867","32/23436",0.984679685793069,0.984679685793069,0.744299430065135,"Slc11a1",1
"GO:0030118","clathrin coat","2/2867","48/23436",0.985421130721414,0.985421130721414,0.744299430065135,"Ap1s1/Baiap2l2",2
"GO:0031201","SNARE complex","2/2867","49/23436",0.986975805779642,0.986975805779642,0.744299430065135,"Bet1/Snap47",2
"GO:0098936","intrinsic component of postsynaptic membrane","13/2867","178/23436",0.988053435703834,0.988053435703834,0.744299430065135,"Chrm4/Atp2b2/Efnb2/Pcdh17/Cadm1/Canx/Glra1/Mpp2/Slc16a3/Scn8a/Cacna1h/Lrrtm2/Cnih2",13
"GO:0099055","integral component of postsynaptic membrane","12/2867","169/23436",0.989297600510449,0.989297600510449,0.744299430065135,"Chrm4/Atp2b2/Efnb2/Pcdh17/Cadm1/Canx/Glra1/Slc16a3/Scn8a/Cacna1h/Lrrtm2/Cnih2",12
"GO:0031902","late endosome membrane","2/2867","53/23436",0.991730044332922,0.991730044332922,0.744299430065135,"Anxa2/Stard3nl",2
"GO:0022627","cytosolic small ribosomal subunit","2/2867","54/23436",0.992623091039531,0.992623091039531,0.744299430065135,"Rps17/Rps27l",2
"GO:0005765","lysosomal membrane","6/2867","108/23436",0.993595825392783,0.993595825392783,0.744299430065135,"Mcoln3/Myo7a/Trpm2/Anxa2/Hsp90ab1/Treml4",6
"GO:0098852","lytic vacuole membrane","6/2867","109/23436",0.994134405469022,0.994134405469022,0.744299430065135,"Mcoln3/Myo7a/Trpm2/Anxa2/Hsp90ab1/Treml4",6
"GO:0005776","autophagosome","3/2867","71/23436",0.994445608200292,0.994445608200292,0.744299430065135,"Rpn2/Atg9b/Wipi1",3
"GO:0099240","intrinsic component of synaptic membrane","18/2867","244/23436",0.994983678763991,0.994983678763991,0.744299430065135,"Chrm4/P2ry1/Kcna2/Marcksl1/Atp2b2/Efnb2/Pcdh17/Kcnj3/Nectin1/Cadm1/Canx/Glra1/Mpp2/Slc16a3/Scn8a/Cacna1h/Lrrtm2/Cnih2",18
"GO:0030117","membrane coat","5/2867","99/23436",0.995269968621708,0.995269968621708,0.744299430065135,"Pdcd6/Ap1s1/Tmed3/Trf/Baiap2l2",5
"GO:0048475","coated membrane","5/2867","99/23436",0.995269968621708,0.995269968621708,0.744299430065135,"Pdcd6/Ap1s1/Tmed3/Trf/Baiap2l2",5
"GO:0045095","keratin filament","1/2867","42/23436",0.995854086827303,0.995854086827303,0.744299430065135,"Krt10",1
"GO:0099699","integral component of synaptic membrane","16/2867","226/23436",0.995905534745156,0.995905534745156,0.744299430065135,"Chrm4/P2ry1/Kcna2/Atp2b2/Efnb2/Pcdh17/Kcnj3/Nectin1/Cadm1/Canx/Glra1/Slc16a3/Scn8a/Cacna1h/Lrrtm2/Cnih2",16
"GO:0030119","AP-type membrane coat adaptor complex","1/2867","47/23436",0.997843749297722,0.997843749297722,0.744299430065135,"Ap1s1",1
"GO:0022625","cytosolic large ribosomal subunit","3/2867","89/23436",0.999203417975592,0.999203417975592,0.744299430065135,"Zcchc17/Mrpl1/Rpl7l1",3
"GO:0022626","cytosolic ribosome","5/2867","148/23436",0.999964899931068,0.999964899931068,0.744299430065135,"Zcchc17/Mrpl1/Rps17/Rps27l/Rpl7l1",5
"GO:0019814","immunoglobulin complex","3/2867","142/23436",0.999998157614848,0.999998157614848,0.744299430065135,"Lime1/Syk/Igha",3
"GO:0042571","immunoglobulin complex, circulating","1/2867","138/23436",0.99999998571179,0.99999998571179,0.744299430065135,"Igha",1
