ChIP,ChIP gene #,2021_GoldrathLab_Brd4___BRD4_TE-CD8,2021_GoldrathLab_Brd4___BRD4_NAV-CD8,2021_GoldrathLab_Brd4___BRD4_MP-CD8,2020_PNAS_KwesiMaliepaard___H3K79me2_naive-CD8,2020_PNAS_KwesiMaliepaard___H3K79me2_mem-CD8,2020_PNAS_KwesiMaliepaard___H3K4me3_mem-CD8,2019_IMMUNITY_Veeken___Eomes_LCMV-d07-CD8,2018_SCIENCE_Pace_native___H3K9me3_native_invitro-d3-CD8-WT,2018_IMMUNITY_Page___Tox_LCMVova_CNS-OTI-CD8-WT,2018_IMMUNITY_Page___Tox_LCMVova_CNS-OTI-CD8-ToxKO,2018_FRONTIERS_IMMUNOL_Li___Eomes_invitro-act-OTI-EomesOE,2017_PNAS_Li___STAT5B_noIL2-CD8,2017_PNAS_Li___STAT5B_IL2-WT-CD4,2017_PNAS_Li___STAT5B_IL2-UP-deletion-CD4,2017_PNAS_Li___STAT5B_IL2-IN2-deletion-CD4,2017_PNAS_Li___STAT5B_IL2-IN1-deletion-CD4,2017_PNAS_Li___STAT5B_IL2-CD8,2017_PNAS_Li___STAT5B_IL2-CD4,2017_PNAS_Li___STAT3_noIL21-CD4,2017_PNAS_Li___STAT3_IL21-CD4,2017_PNAS_Li___H3K4me3-noIL2-CD4,2017_PNAS_Li___H3K4me3_IL2-CD4,2017_PNAS_Li___H3K27Ac-noIL2-CD4,2017_PNAS_Li___H3K27Ac_IL2-WT-CD4,2017_PNAS_Li___H3K27Ac_IL2-UP-deletion-CD4,2017_PNAS_Li___H3K27Ac_IL2-IN2-deletion-CD4,2017_PNAS_Li___H3K27Ac_IL2-IN1-deletion-CD4,2017_PNAS_Li___H3K27Ac_IL2-CD4,2017_NAT_IMMUNOL_Yu___H3K4me3_P14-CD8-TN,2017_NAT_IMMUNOL_Yu___H3K4me3_P14-CD8-TE,2017_NAT_IMMUNOL_Yu___H3K4me3_P14-CD8-MP,2017_NAT_IMMUNOL_Yu___H3K4me3_P14-CD8-Memory,2017_NAT_IMMUNOL_Yu___H3K4me1_P14-CD8-TN,2017_NAT_IMMUNOL_Yu___H3K4me1_P14-CD8-TE,2017_NAT_IMMUNOL_Yu___H3K4me1_P14-CD8-MP,2017_NAT_IMMUNOL_Yu___H3K4me1_P14-CD8-Memory,2017_NAT_IMMUNOL_Yu___H3K27me3_P14-CD8-TN,2017_NAT_IMMUNOL_Yu___H3K27me3_P14-CD8-TE,2017_NAT_IMMUNOL_Yu___H3K27me3_P14-CD8-MP,2017_NAT_IMMUNOL_Yu___H3K27me3_P14-CD8-Memory,2017_NAT_IMMUNOL_Yu___H3K27ac_P14-CD8-TN,2017_NAT_IMMUNOL_Yu___H3K27ac_P14-CD8-TE,2017_NAT_IMMUNOL_Yu___H3K27ac_P14-CD8-MP,2017_NAT_IMMUNOL_Yu___H3K27ac_P14-CD8-Memory,2017_NAT_IMMUNOL_Shan___H3K4Me3_LCMVarmD4-P14-CD8-WT,2017_NAT_IMMUNOL_Shan___H3K4Me3_LCMVarmD4-P14-CD8-Runx3KO,2017_NAT_IMMUNOL_Shan___H3K4Me1_LCMVarmD4-P14-CD8-Runx3KO,2017_NAT_IMMUNOL_Shan___H3K27Me3_LCMVarmD4-P14-CD8-WT,2017_NAT_IMMUNOL_Shan___H3K27Me3_LCMVarmD4-P14-CD8-Runx3KO,2017_NAT_IMMUNOL_Shan___H3K27Ac_LCMVarmD4-P14-CD8-WT,2017_NAT_IMMUNOL_Shan___H3K27Ac_LCMVarmD4-P14-CD8-Runx3KO,2017_NAT_IMMUNOL_Shan___CBFb_Naive_P14-CD8-WT,2017_NAT_IMMUNOL_Shan___CBFb_Naive_P14-CD8-CbfbKO,2017_NAT_IMMUNOL_Shan___CBFb_LCMVarmD8_P14-CD8-WT,2016_SCIENCE_Mackay___Hobit_invitro-CD8,2016_SCIENCE_Mackay___Blimp1-Bio_invitro-CD8,2016_NAT_IMMUNOL_Xing___Tcf1_naive-CD8-WT,2016_NAT_IMMUNOL_Roychoudhuri___p300_invitro-CD8-WT,2016_NAT_IMMUNOL_Roychoudhuri___JunD_invitro-stim-CD8-WT,2016_NAT_IMMUNOL_Roychoudhuri___JunD_invitro-stim-CD8-Bach2KO,2015_JEM_Dominguez___Tbet_LCMVarm-D8-CD8-Zeb2KO,2015_JEM_Dominguez___Tbet_LCMVarm-D8-CD8-WT,2015_JEM_Dominguez___Tbet_LCMVarm-D8-CD8-Il12-WT,2015_IMMUNITY_Martinez___Nfat1_invitro-CD8-PI-1h-WT,2015_IMMUNITY_Martinez___Nfat1_invitro-CD8-PI-1h-Nfat1KO-CA-RIT-RV,2015_IMMUNITY_Martinez___Nfat1_invitro-CD8-PI-1h-Nfat1KO,2015_IMMUNITY_Martinez___Nfat1_invitro-CD8-Nfat1KO-CA-RIT-RV,2015_IMMUNITY_Martinez___Nfat1_invitro-CD8-Nfat1KO,2014_NAT_IMMUNOL_Kurachi___JunD-invitro-d3-CD8,2014_NAT_IMMUNOL_Kurachi___JunB-invitro-d3-CD8,2014_NAT_IMMUNOL_Kurachi___IRF4-invitro-d3-CD8,2014_NAT_IMMUNOL_Kurachi___IgG-invitro-d3-CD8,2014_NAT_IMMUNOL_Kurachi___H3K4me3-invitro-d3-CD8,2014_NAT_IMMUNOL_Kurachi___H3K4me1-invitro-d3-CD8,2014_NAT_IMMUNOL_Kurachi___H3K36me3-invitro-d3-CD8,2014_NAT_IMMUNOL_Kurachi___H3K27me3-invitro-d3-CD8,2014_NAT_IMMUNOL_Kurachi___H3K27ac-invitro-d3-CD8,2014_NAT_IMMUNOL_Kurachi___cJun-invitro-d3-CD8,2014_NAT_IMMUNOL_Kurachi___BATF-invitro-d3-CD8,2013_PLOS_ONE_Lotem___Runx3_invitro-NAV-CD8,2013_PLOS_ONE_Lotem___Runx3_invitro-Il2-CD8,2013_PLOS_ONE_Lotem___H3K4me1_invitro-NAV-CD8,2013_PLOS_ONE_Lotem___H3K4me1_invitro-Il2-CD8,2013_IMMUNITY_KIM___Foxo1_naive-CD8-WT,2013_IMMUNITY_KIM___Foxo1_Biotin_naive-CD8-WT
2021_GoldrathLab_Brd4___BRD4_TE-CD8,8410,1.0000,0.7265,0.8096,0.7229,0.7022,0.7497,0.1646,0.0041,0.4260,0.1653,0.3046,0.0135,0.2909,0.6093,0.5075,0.2848,0.3440,0.5382,0.0259,0.4061,0.7445,0.7432,0.7723,0.7505,0.7347,0.7655,0.7313,0.7675,0.5543,0.6954,0.6119,0.7409,0.7389,0.7351,0.7700,0.7620,0.1228,0.4026,0.3629,0.0704,0.6229,0.8088,0.8076,0.7617,0.7473,0.7436,0.6109,0.2667,0.2079,0.7860,0.7884,0.5732,0.0136,0.6955,0.0434,0.2877,0.5609,0.0257,0.6230,0.6757,0.6863,0.1252,0.7053,0.5946,0.5080,0.0853,0.4164,0.0245,0.0882,0.0177,0.5405,0.0041,0.7328,0.7490,0.6929,0.2302,0.7485,0.2510,0.4219,0.3648,0.4213,0.7290,0.5115,0.3303,0.2261
2021_GoldrathLab_Brd4___BRD4_NAV-CD8,7333,0.7265,1.0000,0.7353,0.6840,0.6642,0.6586,0.1659,0.0047,0.4179,0.1737,0.2952,0.0138,0.3236,0.6239,0.5245,0.3074,0.3691,0.5432,0.0279,0.4022,0.6597,0.6493,0.6853,0.6800,0.6624,0.6781,0.6574,0.6914,0.5545,0.6215,0.5828,0.6655,0.6681,0.6424,0.6602,0.6605,0.1116,0.3883,0.3477,0.0782,0.6653,0.6718,0.6890,0.6860,0.6488,0.6369,0.5685,0.2649,0.2087,0.6794,0.6765,0.5728,0.0139,0.6199,0.0478,0.3009,0.6162,0.0293,0.5765,0.6393,0.6043,0.1252,0.6297,0.5721,0.4849,0.0904,0.4057,0.0280,0.0854,0.0154,0.5117,0.0016,0.6465,0.6600,0.6439,0.2221,0.6557,0.2548,0.4096,0.3934,0.4227,0.6463,0.5041,0.3646,0.2631
2021_GoldrathLab_Brd4___BRD4_MP-CD8,7086,0.8096,0.7353,1.0000,0.6760,0.6646,0.6695,0.1787,0.0046,0.4266,0.1865,0.3202,0.0167,0.3048,0.5923,0.5080,0.2964,0.3610,0.5447,0.0258,0.4169,0.6775,0.6653,0.6985,0.6838,0.6681,0.6947,0.6649,0.6934,0.5312,0.6537,0.5819,0.6715,0.6702,0.6562,0.6931,0.6900,0.1221,0.4015,0.3575,0.0753,0.6075,0.7210,0.7341,0.7119,0.6652,0.6620,0.5754,0.2690,0.2070,0.7240,0.7113,0.5741,0.0167,0.6838,0.0486,0.3105,0.5735,0.0272,0.6208,0.6560,0.6787,0.1400,0.6404,0.5928,0.5066,0.0937,0.4317,0.0274,0.0953,0.0182,0.5515,0.0030,0.6592,0.6691,0.6406,0.2249,0.6680,0.2576,0.4280,0.3906,0.4397,0.6569,0.5061,0.3444,0.2470
2020_PNAS_KwesiMaliepaard___H3K79me2_naive-CD8,8091,0.7229,0.6840,0.6760,1.0000,0.8747,0.7355,0.1371,0.0042,0.4134,0.1596,0.2555,0.0195,0.2788,0.5872,0.4808,0.2691,0.3290,0.5066,0.0222,0.3687,0.7341,0.7309,0.7654,0.7436,0.7222,0.7511,0.7261,0.7566,0.5932,0.6742,0.6291,0.7472,0.7281,0.7196,0.7311,0.7284,0.0999,0.3733,0.3464,0.0677,0.6261,0.7619,0.7638,0.7258,0.7253,0.7217,0.5785,0.2420,0.1913,0.7457,0.7610,0.5305,0.0195,0.5780,0.0459,0.2790,0.5337,0.0277,0.5752,0.6177,0.5814,0.1157,0.6931,0.5512,0.4600,0.0783,0.3828,0.0208,0.0828,0.0181,0.4868,0.0042,0.7425,0.7240,0.7314,0.2102,0.7327,0.2417,0.3810,0.3458,0.3866,0.7205,0.4711,0.3324,0.2297
2020_PNAS_KwesiMaliepaard___H3K79me2_mem-CD8,7425,0.7022,0.6642,0.6646,0.8747,1.0000,0.7117,0.1373,0.0043,0.4089,0.1671,0.2610,0.0188,0.2731,0.5694,0.4649,0.2649,0.3176,0.4969,0.0231,0.3687,0.7123,0.7108,0.7368,0.7232,0.7018,0.7250,0.7039,0.7319,0.5819,0.6667,0.6167,0.7317,0.7059,0.6968,0.7180,0.7115,0.0933,0.3718,0.3365,0.0672,0.6197,0.7312,0.7463,0.7023,0.7029,0.6976,0.5776,0.2406,0.1885,0.7267,0.7218,0.5364,0.0188,0.5810,0.0461,0.2784,0.5437,0.0288,0.5570,0.6044,0.5725,0.1200,0.6698,0.5390,0.4531,0.0797,0.3779,0.0231,0.0843,0.0188,0.4841,0.0043,0.7146,0.6969,0.7043,0.2065,0.7059,0.2521,0.3724,0.3434,0.3871,0.6907,0.4774,0.3315,0.2312
2020_PNAS_KwesiMaliepaard___H3K4me3_mem-CD8,14161,0.7497,0.6586,0.6695,0.7355,0.7117,1.0000,0.1348,0.0043,0.4000,0.1403,0.2558,0.0172,0.2641,0.6347,0.4984,0.2548,0.3203,0.5329,0.0204,0.3819,0.9421,0.9358,0.8776,0.9002,0.9156,0.8963,0.9177,0.8636,0.5058,0.6414,0.5877,0.8705,0.8811,0.9198,0.8707,0.8714,0.1592,0.4795,0.4476,0.0910,0.5593,0.8754,0.8481,0.7016,0.9311,0.9345,0.6628,0.3354,0.2503,0.7296,0.8457,0.5248,0.0161,0.5784,0.0387,0.2751,0.5227,0.0247,0.5992,0.6829,0.5713,0.0986,0.8721,0.6281,0.4911,0.0718,0.3996,0.0193,0.0707,0.0161,0.5204,0.0032,0.9176,0.8889,0.7174,0.3053,0.9151,0.2246,0.3907,0.3066,0.3604,0.9234,0.4605,0.2874,0.1899
2019_IMMUNITY_Veeken___Eomes_LCMV-d07-CD8,821,0.1646,0.1659,0.1787,0.1371,0.1373,0.1348,1.0000,0.0000,0.1369,0.0820,0.3741,0.0282,0.2257,0.1713,0.1644,0.2248,0.2368,0.1893,0.0274,0.2176,0.1349,0.1339,0.1403,0.1370,0.1369,0.1370,0.1354,0.1365,0.1234,0.1405,0.1398,0.1323,0.1386,0.1322,0.1397,0.1438,0.1498,0.1836,0.1647,0.1474,0.1392,0.1356,0.1390,0.1476,0.1343,0.1383,0.1751,0.1790,0.1879,0.1350,0.1387,0.1820,0.0357,0.2109,0.1216,0.2421,0.1761,0.0265,0.1891,0.1707,0.2074,0.2874,0.1376,0.1869,0.2004,0.0815,0.2220,0.0276,0.1243,0.0357,0.2123,0.0076,0.1320,0.1384,0.1455,0.1676,0.1326,0.1544,0.2257,0.2485,0.2963,0.1284,0.2162,0.1609,0.1756
2018_SCIENCE_Pace_native___H3K9me3_native_invitro-d3-CD8-WT,214,0.0041,0.0047,0.0046,0.0042,0.0043,0.0043,0.0000,1.0000,0.0078,0.0147,0.0079,0.0000,0.0038,0.0064,0.0084,0.0040,0.0063,0.0056,0.0000,0.0027,0.0042,0.0043,0.0034,0.0044,0.0044,0.0044,0.0044,0.0045,0.0040,0.0032,0.0035,0.0047,0.0033,0.0041,0.0044,0.0034,0.0128,0.0063,0.0067,0.0110,0.0055,0.0034,0.0035,0.0043,0.0045,0.0044,0.0045,0.0121,0.0123,0.0042,0.0036,0.0058,0.0000,0.0054,0.0000,0.0075,0.0078,0.0000,0.0051,0.0043,0.0054,0.0208,0.0043,0.0047,0.0020,0.0000,0.0025,0.0000,0.0139,0.0556,0.0057,0.0000,0.0044,0.0032,0.0041,0.0064,0.0031,0.0000,0.0052,0.0102,0.0083,0.0041,0.0044,0.0072,0.0111
2018_IMMUNITY_Page___Tox_LCMVova_CNS-OTI-CD8-WT,5045,0.4260,0.4179,0.4266,0.4134,0.4089,0.4000,0.1369,0.0078,1.0000,0.3308,0.2441,0.0256,0.2447,0.4919,0.4719,0.2397,0.3017,0.3685,0.0279,0.2916,0.4021,0.4034,0.4133,0.4141,0.4131,0.4126,0.4138,0.4154,0.3502,0.3970,0.3855,0.4398,0.3991,0.3917,0.4033,0.3913,0.1395,0.3538,0.3212,0.0750,0.4094,0.4173,0.4319,0.4291,0.4079,0.4048,0.3722,0.2786,0.2266,0.4154,0.4118,0.4625,0.0230,0.4456,0.0605,0.2428,0.3935,0.0250,0.3602,0.3715,0.4039,0.1244,0.4103,0.3524,0.3415,0.0913,0.3032,0.0280,0.0940,0.0256,0.3727,0.0052,0.4178,0.3981,0.4269,0.2305,0.3954,0.2077,0.3432,0.2607,0.3186,0.3926,0.3312,0.2922,0.2401
2018_IMMUNITY_Page___Tox_LCMVova_CNS-OTI-CD8-ToxKO,1603,0.1653,0.1737,0.1865,0.1596,0.1671,0.1403,0.0820,0.0147,0.3308,1.0000,0.1221,0.0563,0.1550,0.1943,0.2163,0.1480,0.1821,0.1693,0.0267,0.1567,0.1391,0.1394,0.1460,0.1438,0.1438,0.1450,0.1435,0.1461,0.1618,0.1677,0.1653,0.1516,0.1393,0.1363,0.1466,0.1356,0.0667,0.1338,0.1252,0.0374,0.1801,0.1505,0.1558,0.1678,0.1451,0.1440,0.1486,0.1124,0.1023,0.1621,0.1501,0.2004,0.0493,0.1969,0.0828,0.1303,0.2011,0.0127,0.1521,0.1502,0.1792,0.1068,0.1444,0.1484,0.1607,0.1469,0.1659,0.0338,0.0741,0.0276,0.1532,0.0074,0.1438,0.1403,0.1649,0.0965,0.1368,0.1410,0.1354,0.1390,0.1382,0.1360,0.1459,0.2000,0.2283
2018_FRONTIERS_IMMUNOL_Li___Eomes_invitro-act-OTI-EomesOE,1642,0.3046,0.2952,0.3202,0.2555,0.2610,0.2558,0.3741,0.0079,0.2441,0.1221,1.0000,0.0268,0.3256,0.2987,0.3007,0.3280,0.3705,0.3800,0.0264,0.3276,0.2581,0.2595,0.2677,0.2600,0.2595,0.2641,0.2562,0.2673,0.2397,0.2747,0.2662,0.2534,0.2659,0.2551,0.2711,0.2780,0.1734,0.3000,0.3024,0.1448,0.2567,0.2635,0.2697,0.2715,0.2571,0.2579,0.3304,0.2870,0.2500,0.2726,0.2657,0.3445,0.0269,0.3676,0.1034,0.3499,0.3065,0.0532,0.3695,0.3442,0.3597,0.2446,0.2593,0.3663,0.4023,0.1031,0.4176,0.0304,0.1758,0.0430,0.4341,0.0039,0.2554,0.2684,0.2744,0.2303,0.2565,0.1827,0.4977,0.3949,0.4571,0.2515,0.3890,0.2736,0.2428
2017_PNAS_Li___STAT5B_noIL2-CD8,282,0.0135,0.0138,0.0167,0.0195,0.0188,0.0172,0.0282,0.0000,0.0256,0.0563,0.0268,1.0000,0.0221,0.0175,0.0123,0.0234,0.0377,0.0166,0.0909,0.0105,0.0169,0.0160,0.0122,0.0153,0.0165,0.0153,0.0165,0.0135,0.0118,0.0142,0.0121,0.0165,0.0166,0.0152,0.0154,0.0169,0.0366,0.0271,0.0242,0.0196,0.0146,0.0148,0.0165,0.0128,0.0168,0.0167,0.0165,0.0236,0.0237,0.0124,0.0142,0.0232,0.5500,0.0250,0.1304,0.0446,0.0213,0.0250,0.0235,0.0187,0.0106,0.0185,0.0172,0.0189,0.0182,0.0000,0.0251,0.0000,0.0759,0.1071,0.0229,0.1176,0.0165,0.0160,0.0136,0.0285,0.0156,0.0177,0.0229,0.0098,0.0135,0.0164,0.0107,0.0247,0.0430
2017_PNAS_Li___STAT5B_IL2-WT-CD4,1746,0.2909,0.3236,0.3048,0.2788,0.2731,0.2641,0.2257,0.0038,0.2447,0.1550,0.3256,0.0221,1.0000,0.3522,0.4122,0.8370,0.6152,0.4842,0.0218,0.4427,0.2676,0.2691,0.2819,0.2821,0.2776,0.2807,0.2756,0.2917,0.2587,0.2675,0.2455,0.2608,0.2813,0.2629,0.2740,0.2838,0.1156,0.2449,0.2496,0.0940,0.2812,0.2721,0.2786,0.2802,0.2712,0.2705,0.3186,0.2206,0.2029,0.2895,0.2835,0.2965,0.0185,0.3016,0.0919,0.2924,0.3129,0.0214,0.3577,0.3399,0.3151,0.1342,0.2609,0.3717,0.3955,0.1037,0.3682,0.0294,0.1301,0.0185,0.3816,0.0076,0.2597,0.2766,0.2911,0.1925,0.2684,0.1671,0.3708,0.2921,0.3831,0.2633,0.4122,0.2708,0.2579
2017_PNAS_Li___STAT5B_IL2-UP-deletion-CD4,7602,0.6093,0.6239,0.5923,0.5872,0.5694,0.6347,0.1713,0.0064,0.4919,0.1943,0.2987,0.0175,0.3522,1.0000,0.6682,0.3499,0.3970,0.5585,0.0223,0.4123,0.6447,0.6411,0.6568,0.6573,0.6594,0.6502,0.6509,0.6663,0.4834,0.5666,0.5433,0.6532,0.6314,0.6294,0.6290,0.6272,0.1462,0.4204,0.3886,0.0974,0.5404,0.6325,0.6465,0.6147,0.6421,0.6390,0.5433,0.3181,0.2322,0.6196,0.6324,0.5400,0.0192,0.5601,0.0511,0.2836,0.5249,0.0254,0.5302,0.5692,0.5252,0.1205,0.6385,0.5462,0.4767,0.0951,0.4019,0.0289,0.0865,0.0208,0.4844,0.0048,0.6505,0.6328,0.5957,0.2684,0.6340,0.2609,0.4019,0.3208,0.4069,0.6316,0.4456,0.3294,0.2308
2017_PNAS_Li___STAT5B_IL2-IN2-deletion-CD4,5473,0.5075,0.5245,0.5080,0.4808,0.4649,0.4984,0.1644,0.0084,0.4719,0.2163,0.3007,0.0123,0.4122,0.6682,1.0000,0.4078,0.4263,0.5286,0.0246,0.4188,0.4979,0.5000,0.5138,0.5180,0.5192,0.5130,0.5180,0.5286,0.4221,0.4779,0.4403,0.5195,0.4914,0.4843,0.4941,0.4989,0.1426,0.3781,0.3722,0.1010,0.4934,0.5078,0.5097,0.5135,0.5049,0.5027,0.4628,0.3065,0.2448,0.5088,0.5080,0.4895,0.0123,0.5000,0.0575,0.2850,0.4580,0.0223,0.4685,0.4817,0.4864,0.1257,0.4920,0.4794,0.4418,0.1048,0.4065,0.0332,0.0895,0.0207,0.4451,0.0042,0.5060,0.4942,0.4901,0.2390,0.4881,0.2419,0.3840,0.3270,0.4077,0.4872,0.4369,0.3375,0.2586
2017_PNAS_Li___STAT5B_IL2-IN1-deletion-CD4,1710,0.2848,0.3074,0.2964,0.2691,0.2649,0.2548,0.2248,0.0040,0.2397,0.1480,0.3280,0.0234,0.8370,0.3499,0.4078,1.0000,0.6279,0.4562,0.0231,0.4213,0.2584,0.2572,0.2695,0.2672,0.2640,0.2658,0.2648,0.2748,0.2568,0.2605,0.2473,0.2552,0.2648,0.2490,0.2604,0.2713,0.1204,0.2427,0.2406,0.0915,0.2694,0.2610,0.2686,0.2754,0.2588,0.2610,0.2971,0.2147,0.1927,0.2781,0.2720,0.2778,0.0195,0.2984,0.0846,0.2807,0.3007,0.0188,0.3467,0.3281,0.3015,0.1448,0.2450,0.3446,0.3778,0.1092,0.3596,0.0311,0.1210,0.0195,0.3672,0.0081,0.2503,0.2606,0.2816,0.1834,0.2541,0.1646,0.3533,0.2902,0.3741,0.2505,0.3936,0.2745,0.2544
2017_PNAS_Li___STAT5B_IL2-CD8,2526,0.3440,0.3691,0.3610,0.3290,0.3176,0.3203,0.2368,0.0063,0.3017,0.1821,0.3705,0.0377,0.6152,0.3970,0.4263,0.6279,1.0000,0.5625,0.0277,0.4794,0.3232,0.3224,0.3319,0.3269,0.3239,0.3297,0.3232,0.3363,0.2848,0.3133,0.2977,0.3152,0.3381,0.3141,0.3304,0.3430,0.1584,0.3015,0.2797,0.1261,0.3154,0.3196,0.3322,0.3281,0.3238,0.3257,0.3689,0.2380,0.2215,0.3346,0.3314,0.3404,0.0411,0.3641,0.0802,0.3341,0.3502,0.0399,0.4329,0.4183,0.3631,0.1461,0.3171,0.4204,0.4278,0.1166,0.4056,0.0278,0.1502,0.0346,0.4598,0.0063,0.3197,0.3316,0.3480,0.2168,0.3192,0.1812,0.4493,0.3203,0.4100,0.3160,0.4347,0.2867,0.2615
2017_PNAS_Li___STAT5B_IL2-CD4,5394,0.5382,0.5432,0.5447,0.5066,0.4969,0.5329,0.1893,0.0056,0.3685,0.1693,0.3800,0.0166,0.4842,0.5585,0.5286,0.4562,0.5625,1.0000,0.0239,0.5042,0.5416,0.5376,0.5476,0.5447,0.5345,0.5529,0.5334,0.5541,0.4087,0.4752,0.4339,0.5154,0.5511,0.5359,0.5489,0.5648,0.1558,0.3939,0.3771,0.1083,0.4673,0.5471,0.5396,0.5129,0.5421,0.5331,0.5242,0.2999,0.2365,0.5157,0.5484,0.4692,0.0204,0.5208,0.0612,0.3508,0.4623,0.0408,0.6175,0.6278,0.5034,0.1230,0.5234,0.6267,0.5642,0.1040,0.4888,0.0259,0.1142,0.0242,0.6015,0.0037,0.5280,0.5608,0.5284,0.2688,0.5438,0.2175,0.5290,0.3507,0.4522,0.5345,0.5317,0.2960,0.2184
2017_PNAS_Li___STAT3_noIL21-CD4,238,0.0259,0.0279,0.0258,0.0222,0.0231,0.0204,0.0274,0.0000,0.0279,0.0267,0.0264,0.0909,0.0218,0.0223,0.0246,0.0231,0.0277,0.0239,1.0000,0.0347,0.0200,0.0203,0.0224,0.0218,0.0209,0.0218,0.0209,0.0226,0.0278,0.0271,0.0243,0.0212,0.0210,0.0203,0.0209,0.0214,0.0175,0.0206,0.0151,0.0093,0.0331,0.0229,0.0225,0.0229,0.0213,0.0211,0.0210,0.0174,0.0273,0.0235,0.0214,0.0270,0.0294,0.0302,0.0370,0.0215,0.0271,0.0465,0.0217,0.0230,0.0230,0.0364,0.0216,0.0235,0.0242,0.0230,0.0351,0.0263,0.0349,0.0294,0.0266,0.0455,0.0209,0.0213,0.0233,0.0154,0.0208,0.0308,0.0278,0.0196,0.0188,0.0205,0.0237,0.0316,0.0312
2017_PNAS_Li___STAT3_IL21-CD4,2779,0.4061,0.4022,0.4169,0.3687,0.3687,0.3819,0.2176,0.0027,0.2916,0.1567,0.3276,0.0105,0.4427,0.4123,0.4188,0.4213,0.4794,0.5042,0.0347,1.0000,0.3828,0.3795,0.3929,0.3866,0.3855,0.3881,0.3816,0.3902,0.3282,0.3566,0.3395,0.3718,0.3822,0.3688,0.3893,0.3894,0.1473,0.3085,0.2943,0.1068,0.3669,0.3842,0.3911,0.3810,0.3786,0.3817,0.4148,0.2460,0.2051,0.3777,0.3906,0.3896,0.0106,0.4131,0.0660,0.3298,0.3952,0.0315,0.4605,0.4377,0.4297,0.1464,0.3642,0.4620,0.4492,0.1148,0.4305,0.0293,0.1205,0.0241,0.4316,0.0027,0.3706,0.3831,0.3804,0.2242,0.3793,0.2409,0.4041,0.3442,0.4000,0.3683,0.4239,0.2996,0.2523
2017_PNAS_Li___H3K4me3-noIL2-CD4,13677,0.7445,0.6597,0.6775,0.7341,0.7123,0.9421,0.1349,0.0042,0.4021,0.1391,0.2581,0.0169,0.2676,0.6447,0.4979,0.2584,0.3232,0.5416,0.0200,0.3828,1.0000,0.9769,0.8901,0.9246,0.9243,0.9286,0.9204,0.8897,0.5131,0.6461,0.5912,0.8716,0.8879,0.9358,0.8850,0.8782,0.1602,0.4761,0.4432,0.0895,0.5614,0.8803,0.8589,0.7058,0.9196,0.9149,0.6486,0.3354,0.2487,0.7354,0.8412,0.5224,0.0158,0.5687,0.0380,0.2771,0.5219,0.0242,0.6058,0.6925,0.5667,0.0969,0.8750,0.6295,0.4906,0.0717,0.3987,0.0201,0.0717,0.0158,0.5228,0.0032,0.9343,0.8993,0.7322,0.3043,0.9312,0.2247,0.3929,0.3028,0.3686,0.9376,0.4574,0.2893,0.1867
2017_PNAS_Li___H3K4me3_IL2-CD4,13823,0.7432,0.6493,0.6653,0.7309,0.7108,0.9358,0.1339,0.0043,0.4034,0.1394,0.2595,0.0160,0.2691,0.6411,0.5000,0.2572,0.3224,0.5376,0.0203,0.3795,0.9769,1.0000,0.8837,0.9202,0.9239,0.9182,0.9200,0.8852,0.5185,0.6512,0.5941,0.8768,0.8739,0.9238,0.8730,0.8680,0.1594,0.4719,0.4448,0.0904,0.5624,0.8719,0.8485,0.7043,0.9273,0.9205,0.6417,0.3347,0.2474,0.7395,0.8347,0.5215,0.0149,0.5681,0.0384,0.2747,0.5146,0.0245,0.5971,0.6821,0.5628,0.0968,0.8725,0.6225,0.4911,0.0702,0.4030,0.0192,0.0725,0.0160,0.5172,0.0032,0.9401,0.8873,0.7254,0.3033,0.9211,0.2258,0.3897,0.3005,0.3653,0.9256,0.4545,0.2883,0.1849
2017_PNAS_Li___H3K27Ac-noIL2-CD4,11701,0.7723,0.6853,0.6985,0.7654,0.7368,0.8776,0.1403,0.0034,0.4133,0.1460,0.2677,0.0122,0.2819,0.6568,0.5138,0.2695,0.3319,0.5476,0.0224,0.3929,0.8901,0.8837,1.0000,0.9133,0.8771,0.9174,0.8851,0.9496,0.5467,0.6711,0.6170,0.8610,0.8701,0.8940,0.8809,0.8562,0.1330,0.4346,0.4044,0.0791,0.5962,0.8900,0.8861,0.7470,0.8585,0.8504,0.6571,0.2922,0.2200,0.7922,0.8675,0.5377,0.0122,0.5932,0.0391,0.2778,0.5457,0.0257,0.6076,0.6901,0.5928,0.1039,0.8404,0.6269,0.5109,0.0760,0.4096,0.0213,0.0736,0.0168,0.5330,0.0034,0.8771,0.8858,0.7688,0.2544,0.9144,0.2339,0.4020,0.3134,0.3856,0.8899,0.4824,0.2992,0.1964
2017_PNAS_Li___H3K27Ac_IL2-WT-CD4,12167,0.7505,0.6800,0.6838,0.7436,0.7232,0.9002,0.1370,0.0044,0.4141,0.1438,0.2600,0.0153,0.2821,0.6573,0.5180,0.2672,0.3269,0.5447,0.0218,0.3866,0.9246,0.9202,0.9133,1.0000,0.9200,0.9531,0.9323,0.9252,0.5303,0.6641,0.6058,0.8685,0.8696,0.9143,0.8706,0.8541,0.1481,0.4545,0.4274,0.0878,0.5837,0.8793,0.8615,0.7256,0.8853,0.8789,0.6489,0.3168,0.2356,0.7581,0.8416,0.5366,0.0142,0.5775,0.0393,0.2781,0.5377,0.0251,0.6002,0.6813,0.5822,0.1014,0.8607,0.6209,0.4894,0.0742,0.4045,0.0207,0.0718,0.0164,0.5190,0.0033,0.9000,0.8852,0.7452,0.2814,0.9134,0.2296,0.3955,0.3088,0.3795,0.9083,0.4742,0.2949,0.1943
2017_PNAS_Li___H3K27Ac_IL2-UP-deletion-CD4,12990,0.7347,0.6624,0.6681,0.7222,0.7018,0.9156,0.1369,0.0044,0.4131,0.1438,0.2595,0.0165,0.2776,0.6594,0.5192,0.2640,0.3239,0.5345,0.0209,0.3855,0.9243,0.9239,0.8771,0.9200,1.0000,0.9119,0.9591,0.8864,0.5151,0.6519,0.6059,0.8699,0.8633,0.9024,0.8529,0.8421,0.1632,0.4661,0.4386,0.0909,0.5699,0.8670,0.8550,0.7043,0.9048,0.8981,0.6544,0.3366,0.2497,0.7401,0.8255,0.5280,0.0154,0.5842,0.0396,0.2722,0.5341,0.0253,0.5968,0.6712,0.5736,0.1011,0.8754,0.6262,0.4920,0.0724,0.4080,0.0198,0.0713,0.0165,0.5074,0.0033,0.9136,0.8657,0.7167,0.3030,0.8937,0.2276,0.3899,0.3115,0.3693,0.9021,0.4656,0.2946,0.1947
2017_PNAS_Li___H3K27Ac_IL2-IN2-deletion-CD4,12233,0.7655,0.6781,0.6947,0.7511,0.7250,0.8963,0.1370,0.0044,0.4126,0.1450,0.2641,0.0153,0.2807,0.6502,0.5130,0.2658,0.3297,0.5529,0.0218,0.3881,0.9286,0.9182,0.9174,0.9531,0.9119,1.0000,0.9221,0.9273,0.5353,0.6677,0.6041,0.8586,0.8812,0.9182,0.8900,0.8636,0.1456,0.4515,0.4229,0.0842,0.5837,0.8993,0.8714,0.7275,0.8833,0.8750,0.6593,0.3140,0.2278,0.7676,0.8552,0.5399,0.0153,0.5894,0.0393,0.2823,0.5377,0.0251,0.6139,0.6973,0.5856,0.1014,0.8551,0.6295,0.5005,0.0742,0.4090,0.0207,0.0742,0.0164,0.5320,0.0033,0.8941,0.8967,0.7471,0.2827,0.9272,0.2323,0.4015,0.3102,0.3810,0.9102,0.4838,0.2949,0.1943
2017_PNAS_Li___H3K27Ac_IL2-IN1-deletion-CD4,12574,0.7313,0.6574,0.6649,0.7261,0.7039,0.9177,0.1354,0.0044,0.4138,0.1435,0.2562,0.0165,0.2756,0.6509,0.5180,0.2648,0.3232,0.5334,0.0209,0.3816,0.9204,0.9200,0.8851,0.9323,0.9591,0.9221,1.0000,0.8846,0.5238,0.6595,0.6133,0.8701,0.8711,0.9063,0.8588,0.8460,0.1603,0.4620,0.4316,0.0907,0.5806,0.8691,0.8513,0.7100,0.8948,0.8942,0.6600,0.3330,0.2465,0.7479,0.8295,0.5252,0.0154,0.5762,0.0396,0.2703,0.5280,0.0252,0.5905,0.6750,0.5690,0.1009,0.8717,0.6197,0.4878,0.0723,0.4056,0.0198,0.0699,0.0165,0.5095,0.0033,0.9037,0.8734,0.7170,0.2968,0.8977,0.2284,0.3846,0.3065,0.3700,0.9119,0.4709,0.2926,0.1930
2017_PNAS_Li___H3K27Ac_IL2-CD4,11747,0.7675,0.6914,0.6934,0.7566,0.7319,0.8636,0.1365,0.0045,0.4154,0.1461,0.2673,0.0135,0.2917,0.6663,0.5286,0.2748,0.3363,0.5541,0.0226,0.3902,0.8897,0.8852,0.9496,0.9252,0.8864,0.9273,0.8846,1.0000,0.5498,0.6770,0.6153,0.8604,0.8637,0.8879,0.8647,0.8460,0.1366,0.4352,0.4048,0.0810,0.5980,0.8814,0.8795,0.7478,0.8598,0.8478,0.6574,0.2988,0.2219,0.7913,0.8608,0.5476,0.0135,0.5914,0.0406,0.2817,0.5471,0.0247,0.6111,0.6960,0.5927,0.1036,0.8379,0.6270,0.5055,0.0755,0.4117,0.0214,0.0755,0.0169,0.5360,0.0034,0.8766,0.8814,0.7601,0.2592,0.9062,0.2373,0.4024,0.3147,0.3844,0.8818,0.4834,0.3019,0.1995
2017_NAT_IMMUNOL_Yu___H3K4me3_P14-CD8-TN,5666,0.5543,0.5545,0.5312,0.5932,0.5819,0.5058,0.1234,0.0040,0.3502,0.1618,0.2397,0.0118,0.2587,0.4834,0.4221,0.2568,0.2848,0.4087,0.0278,0.3282,0.5131,0.5185,0.5467,0.5303,0.5151,0.5353,0.5238,0.5498,1.0000,0.6442,0.6625,0.5738,0.5135,0.4990,0.5261,0.5164,0.0849,0.2867,0.2640,0.0597,0.6134,0.5427,0.5653,0.5830,0.5142,0.5070,0.4233,0.2067,0.1578,0.5908,0.5583,0.4610,0.0179,0.4620,0.0512,0.2447,0.4730,0.0275,0.4431,0.4704,0.4572,0.1086,0.4979,0.4160,0.3912,0.0925,0.3419,0.0319,0.0779,0.0158,0.3845,0.0040,0.5366,0.5110,0.5618,0.1612,0.5124,0.2535,0.3293,0.3145,0.3406,0.5051,0.3912,0.2953,0.2426
2017_NAT_IMMUNOL_Yu___H3K4me3_P14-CD8-TE,7288,0.6954,0.6215,0.6537,0.6742,0.6667,0.6414,0.1405,0.0032,0.3970,0.1677,0.2747,0.0142,0.2675,0.5666,0.4779,0.2605,0.3133,0.4752,0.0271,0.3566,0.6461,0.6512,0.6711,0.6641,0.6519,0.6677,0.6595,0.6770,0.6442,1.0000,0.7061,0.7125,0.6381,0.6275,0.6498,0.6392,0.1003,0.3362,0.3030,0.0610,0.6285,0.6968,0.7113,0.6889,0.6543,0.6422,0.5195,0.2399,0.1793,0.7364,0.6789,0.5153,0.0175,0.5661,0.0442,0.2518,0.4967,0.0252,0.5130,0.5635,0.5553,0.1234,0.6228,0.4964,0.4517,0.0878,0.3850,0.0288,0.0827,0.0175,0.4562,0.0032,0.6736,0.6377,0.6601,0.2036,0.6354,0.2560,0.3736,0.3175,0.3757,0.6297,0.4229,0.3124,0.2278
2017_NAT_IMMUNOL_Yu___H3K4me3_P14-CD8-MP,6520,0.6119,0.5828,0.5819,0.6291,0.6167,0.5877,0.1398,0.0035,0.3855,0.1653,0.2662,0.0121,0.2455,0.5433,0.4403,0.2473,0.2977,0.4339,0.0243,0.3395,0.5912,0.5941,0.6170,0.6058,0.6059,0.6041,0.6133,0.6153,0.6625,0.7061,1.0000,0.6651,0.5888,0.5745,0.5916,0.5756,0.1120,0.3372,0.3140,0.0715,0.5840,0.6247,0.6465,0.6302,0.6007,0.5926,0.5000,0.2441,0.2006,0.6517,0.6151,0.4972,0.0156,0.5291,0.0502,0.2648,0.4883,0.0241,0.4847,0.5156,0.5161,0.1139,0.5729,0.4743,0.4297,0.0903,0.3791,0.0315,0.0811,0.0174,0.4200,0.0035,0.6182,0.5762,0.6077,0.2105,0.5847,0.2285,0.3574,0.3216,0.3711,0.5812,0.4191,0.2940,0.2339
2017_NAT_IMMUNOL_Yu___H3K4me3_P14-CD8-Memory,11227,0.7409,0.6655,0.6715,0.7472,0.7317,0.8705,0.1323,0.0047,0.4398,0.1516,0.2534,0.0165,0.2608,0.6532,0.5195,0.2552,0.3152,0.5154,0.0212,0.3718,0.8716,0.8768,0.8610,0.8685,0.8699,0.8586,0.8701,0.8604,0.5738,0.7125,0.6651,1.0000,0.8164,0.8456,0.8212,0.8081,0.1429,0.4464,0.4179,0.0810,0.6016,0.8626,0.8664,0.7421,0.8749,0.8683,0.5992,0.3180,0.2403,0.7624,0.8275,0.5304,0.0165,0.5751,0.0413,0.2755,0.5247,0.0223,0.5727,0.6425,0.5711,0.1007,0.8158,0.5791,0.4648,0.0765,0.3875,0.0225,0.0727,0.0177,0.4924,0.0035,0.9086,0.8196,0.7489,0.2734,0.8516,0.2383,0.3735,0.3036,0.3612,0.8451,0.4456,0.3023,0.1977
2017_NAT_IMMUNOL_Yu___H3K4me1_P14-CD8-TN,12275,0.7389,0.6681,0.6702,0.7281,0.7059,0.8811,0.1386,0.0033,0.3991,0.1393,0.2659,0.0166,0.2813,0.6314,0.4914,0.2648,0.3381,0.5511,0.0210,0.3822,0.8879,0.8739,0.8701,0.8696,0.8633,0.8812,0.8711,0.8637,0.5135,0.6381,0.5888,0.8164,1.0000,0.9071,0.9245,0.9074,0.1599,0.4691,0.4354,0.0900,0.5700,0.8522,0.8325,0.7029,0.8488,0.8446,0.6941,0.3262,0.2465,0.7350,0.8224,0.5313,0.0166,0.5861,0.0398,0.2801,0.5459,0.0231,0.6142,0.7018,0.5909,0.1026,0.8459,0.6456,0.5049,0.0739,0.4155,0.0199,0.0739,0.0166,0.5317,0.0033,0.8519,0.9129,0.7208,0.2956,0.9003,0.2256,0.3957,0.3212,0.3855,0.9185,0.4978,0.2928,0.1940
2017_NAT_IMMUNOL_Yu___H3K4me1_P14-CD8-TE,15671,0.7351,0.6424,0.6562,0.7196,0.6968,0.9198,0.1322,0.0041,0.3917,0.1363,0.2551,0.0152,0.2629,0.6294,0.4843,0.2490,0.3141,0.5359,0.0203,0.3688,0.9358,0.9238,0.8940,0.9143,0.9024,0.9182,0.9063,0.8879,0.4990,0.6275,0.5745,0.8456,0.9071,1.0000,0.9158,0.8937,0.1543,0.4782,0.4460,0.0884,0.5456,0.8787,0.8483,0.6974,0.8863,0.8839,0.6650,0.3300,0.2434,0.7209,0.8367,0.5157,0.0153,0.5671,0.0366,0.2683,0.5152,0.0234,0.5951,0.6929,0.5650,0.0956,0.8940,0.6346,0.4894,0.0702,0.3955,0.0193,0.0691,0.0153,0.5223,0.0031,0.8986,0.9297,0.7265,0.3011,0.9519,0.2165,0.3884,0.2957,0.3648,0.9620,0.4629,0.2787,0.1811
2017_NAT_IMMUNOL_Yu___H3K4me1_P14-CD8-MP,12083,0.7700,0.6602,0.6931,0.7311,0.7180,0.8707,0.1397,0.0044,0.4033,0.1466,0.2711,0.0154,0.2740,0.6290,0.4941,0.2604,0.3304,0.5489,0.0209,0.3893,0.8850,0.8730,0.8809,0.8706,0.8529,0.8900,0.8588,0.8647,0.5261,0.6498,0.5916,0.8212,0.9245,0.9158,1.0000,0.9105,0.1484,0.4593,0.4244,0.0852,0.5711,0.8708,0.8529,0.7279,0.8422,0.8362,0.6933,0.3188,0.2381,0.7492,0.8388,0.5357,0.0154,0.5959,0.0397,0.2812,0.5369,0.0242,0.6223,0.7065,0.6059,0.1038,0.8432,0.6327,0.5011,0.0762,0.4074,0.0210,0.0750,0.0154,0.5410,0.0033,0.8510,0.9060,0.7328,0.2776,0.9013,0.2294,0.4074,0.3194,0.3882,0.9117,0.4989,0.2953,0.1925
2017_NAT_IMMUNOL_Yu___H3K4me1_P14-CD8-Memory,11565,0.7620,0.6605,0.6900,0.7284,0.7115,0.8714,0.1438,0.0034,0.3913,0.1356,0.2780,0.0169,0.2838,0.6272,0.4989,0.2713,0.3430,0.5648,0.0214,0.3894,0.8782,0.8680,0.8562,0.8541,0.8421,0.8636,0.8460,0.8460,0.5164,0.6392,0.5756,0.8081,0.9074,0.8937,0.9105,1.0000,0.1552,0.4714,0.4403,0.0966,0.5617,0.8538,0.8319,0.7084,0.8351,0.8328,0.7052,0.3308,0.2470,0.7373,0.8217,0.5162,0.0157,0.5919,0.0405,0.2854,0.5273,0.0258,0.6293,0.7129,0.6038,0.1059,0.8270,0.6540,0.5143,0.0753,0.4186,0.0202,0.0753,0.0169,0.5518,0.0034,0.8458,0.8952,0.7173,0.2941,0.8869,0.2231,0.4187,0.3258,0.3991,0.8915,0.5073,0.2969,0.1951
2017_NAT_IMMUNOL_Yu___H3K27me3_P14-CD8-TN,4470,0.1228,0.1116,0.1221,0.0999,0.0933,0.1592,0.1498,0.0128,0.1395,0.0667,0.1734,0.0366,0.1156,0.1462,0.1426,0.1204,0.1584,0.1558,0.0175,0.1473,0.1602,0.1594,0.1330,0.1481,0.1632,0.1456,0.1603,0.1366,0.0849,0.1003,0.1120,0.1429,0.1599,0.1543,0.1484,0.1552,1.0000,0.2805,0.3130,0.3829,0.0876,0.1308,0.1288,0.1114,0.1622,0.1584,0.1758,0.3547,0.4028,0.1093,0.1220,0.1363,0.0432,0.1372,0.0497,0.1355,0.1310,0.0229,0.1563,0.1587,0.1304,0.0877,0.1634,0.1662,0.1550,0.0519,0.1444,0.0117,0.0670,0.0497,0.1698,0.0064,0.1607,0.1493,0.1108,0.3821,0.1492,0.0729,0.1538,0.1495,0.1525,0.1576,0.1404,0.1117,0.0921
2017_NAT_IMMUNOL_Yu___H3K27me3_P14-CD8-TE,8010,0.4026,0.3883,0.4015,0.3733,0.3718,0.4795,0.1836,0.0063,0.3538,0.1338,0.3000,0.0271,0.2449,0.4204,0.3781,0.2427,0.3015,0.3939,0.0206,0.3085,0.4761,0.4719,0.4346,0.4545,0.4661,0.4515,0.4620,0.4352,0.2867,0.3362,0.3372,0.4464,0.4691,0.4782,0.4593,0.4714,0.2805,1.0000,0.7276,0.1824,0.3294,0.4357,0.4235,0.3652,0.4726,0.4753,0.4665,0.6303,0.4673,0.3472,0.4079,0.4028,0.0208,0.4043,0.0535,0.2776,0.3785,0.0287,0.4122,0.4414,0.3847,0.1176,0.4826,0.4465,0.3602,0.0583,0.3452,0.0164,0.0878,0.0187,0.4304,0.0063,0.4708,0.4709,0.3807,0.4952,0.4669,0.1815,0.3596,0.3151,0.3484,0.4781,0.3671,0.2755,0.1956
2017_NAT_IMMUNOL_Yu___H3K27me3_P14-CD8-MP,8024,0.3629,0.3477,0.3575,0.3464,0.3365,0.4476,0.1647,0.0067,0.3212,0.1252,0.3024,0.0242,0.2496,0.3886,0.3722,0.2406,0.2797,0.3771,0.0151,0.2943,0.4432,0.4448,0.4044,0.4274,0.4386,0.4229,0.4316,0.4048,0.2640,0.3030,0.3140,0.4179,0.4354,0.4460,0.4244,0.4403,0.3130,0.7276,1.0000,0.1929,0.2937,0.4006,0.3880,0.3349,0.4368,0.4459,0.4348,0.6037,0.4871,0.3150,0.3757,0.3698,0.0220,0.3654,0.0542,0.2700,0.3422,0.0237,0.3833,0.4111,0.3445,0.1125,0.4628,0.4218,0.3521,0.0570,0.3297,0.0130,0.0881,0.0265,0.4032,0.0044,0.4416,0.4439,0.3447,0.5089,0.4345,0.1649,0.3506,0.2749,0.3235,0.4473,0.3388,0.2440,0.1849
2017_NAT_IMMUNOL_Yu___H3K27me3_P14-CD8-Memory,2344,0.0704,0.0782,0.0753,0.0677,0.0672,0.0910,0.1474,0.0110,0.0750,0.0374,0.1448,0.0196,0.0940,0.0974,0.1010,0.0915,0.1261,0.1083,0.0093,0.1068,0.0895,0.0904,0.0791,0.0878,0.0909,0.0842,0.0907,0.0810,0.0597,0.0610,0.0715,0.0810,0.0900,0.0884,0.0852,0.0966,0.3829,0.1824,0.1929,1.0000,0.0518,0.0724,0.0712,0.0582,0.0925,0.0942,0.1144,0.2470,0.2980,0.0661,0.0742,0.0987,0.0198,0.0911,0.0508,0.0997,0.0891,0.0180,0.1037,0.0985,0.0914,0.0898,0.0936,0.1146,0.1015,0.0753,0.1032,0.0094,0.0903,0.0404,0.1093,0.0000,0.0933,0.0902,0.0751,0.2524,0.0869,0.0786,0.1206,0.1144,0.1285,0.0901,0.1059,0.0742,0.0857
2017_NAT_IMMUNOL_Yu___H3K27ac_P14-CD8-TN,6290,0.6229,0.6653,0.6075,0.6261,0.6197,0.5593,0.1392,0.0055,0.4094,0.1801,0.2567,0.0146,0.2812,0.5404,0.4934,0.2694,0.3154,0.4673,0.0331,0.3669,0.5614,0.5624,0.5962,0.5837,0.5699,0.5837,0.5806,0.5980,0.6134,0.6285,0.5840,0.6016,0.5700,0.5456,0.5711,0.5617,0.0876,0.3294,0.2937,0.0518,1.0000,0.5982,0.6249,0.6941,0.5559,0.5534,0.4761,0.2162,0.1754,0.6601,0.6009,0.5100,0.0165,0.5385,0.0510,0.2713,0.5246,0.0291,0.5100,0.5348,0.5292,0.1259,0.5382,0.4736,0.4278,0.0893,0.3675,0.0275,0.0816,0.0202,0.4332,0.0037,0.5750,0.5530,0.5803,0.1740,0.5553,0.2625,0.3553,0.3328,0.3508,0.5474,0.4249,0.3583,0.2794
2017_NAT_IMMUNOL_Yu___H3K27ac_P14-CD8-TE,11362,0.8088,0.6718,0.7210,0.7619,0.7312,0.8754,0.1356,0.0034,0.4173,0.1505,0.2635,0.0148,0.2721,0.6325,0.5078,0.2610,0.3196,0.5471,0.0229,0.3842,0.8803,0.8719,0.8900,0.8793,0.8670,0.8993,0.8691,0.8814,0.5427,0.6968,0.6247,0.8626,0.8522,0.8787,0.8708,0.8538,0.1308,0.4357,0.4006,0.0724,0.5982,1.0000,0.9132,0.7649,0.8659,0.8576,0.6439,0.2885,0.2152,0.7910,0.8753,0.5320,0.0148,0.6112,0.0376,0.2709,0.5349,0.0239,0.6167,0.6824,0.6072,0.1074,0.8231,0.6204,0.5033,0.0739,0.4089,0.0205,0.0764,0.0160,0.5240,0.0034,0.8651,0.8567,0.7443,0.2542,0.8851,0.2333,0.3996,0.3112,0.3783,0.8707,0.4761,0.3012,0.1952
2017_NAT_IMMUNOL_Yu___H3K27ac_P14-CD8-MP,10683,0.8076,0.6890,0.7341,0.7638,0.7463,0.8481,0.1390,0.0035,0.4319,0.1558,0.2697,0.0165,0.2786,0.6465,0.5097,0.2686,0.3322,0.5396,0.0225,0.3911,0.8589,0.8485,0.8861,0.8615,0.8550,0.8714,0.8513,0.8795,0.5653,0.7113,0.6465,0.8664,0.8325,0.8483,0.8529,0.8319,0.1288,0.4235,0.3880,0.0712,0.6249,0.9132,1.0000,0.7875,0.8439,0.8319,0.6257,0.2824,0.2170,0.8081,0.8587,0.5432,0.0165,0.6175,0.0401,0.2744,0.5444,0.0223,0.6013,0.6645,0.6171,0.1073,0.8110,0.6054,0.4983,0.0778,0.4005,0.0225,0.0778,0.0165,0.5127,0.0036,0.8531,0.8335,0.7517,0.2476,0.8582,0.2371,0.3941,0.3190,0.3803,0.8423,0.4806,0.3134,0.2064
2017_NAT_IMMUNOL_Yu___H3K27ac_P14-CD8-Memory,7810,0.7617,0.6860,0.7119,0.7258,0.7023,0.7016,0.1476,0.0043,0.4291,0.1678,0.2715,0.0128,0.2802,0.6147,0.5135,0.2754,0.3281,0.5129,0.0229,0.3810,0.7058,0.7043,0.7470,0.7256,0.7043,0.7275,0.7100,0.7478,0.5830,0.6889,0.6302,0.7421,0.7029,0.6974,0.7279,0.7084,0.1114,0.3652,0.3349,0.0582,0.6941,0.7649,0.7875,1.0000,0.6981,0.6929,0.5694,0.2439,0.1967,0.7909,0.7500,0.5144,0.0129,0.5941,0.0414,0.2702,0.5469,0.0228,0.5733,0.6222,0.6080,0.1225,0.6722,0.5545,0.4781,0.0823,0.3918,0.0244,0.0792,0.0172,0.4963,0.0029,0.7134,0.7010,0.6809,0.2172,0.7118,0.2541,0.4008,0.3379,0.3814,0.6982,0.4693,0.3389,0.2369
2017_NAT_IMMUNOL_Shan___H3K4Me3_LCMVarmD4-P14-CD8-WT,12441,0.7473,0.6488,0.6652,0.7253,0.7029,0.9311,0.1343,0.0045,0.4079,0.1451,0.2571,0.0168,0.2712,0.6421,0.5049,0.2588,0.3238,0.5421,0.0213,0.3786,0.9196,0.9273,0.8585,0.8853,0.9048,0.8833,0.8948,0.8598,0.5142,0.6543,0.6007,0.8749,0.8488,0.8863,0.8422,0.8351,0.1622,0.4726,0.4368,0.0925,0.5559,0.8659,0.8439,0.6981,1.0000,0.9552,0.6392,0.3366,0.2555,0.7416,0.8395,0.5206,0.0157,0.5720,0.0404,0.2742,0.5184,0.0246,0.6002,0.6667,0.5631,0.1004,0.8477,0.6247,0.4892,0.0713,0.4013,0.0202,0.0713,0.0168,0.5145,0.0034,0.9149,0.8532,0.7143,0.2998,0.8832,0.2330,0.3891,0.3083,0.3668,0.8841,0.4562,0.2913,0.1942
2017_NAT_IMMUNOL_Shan___H3K4Me3_LCMVarmD4-P14-CD8-Runx3KO,12244,0.7436,0.6369,0.6620,0.7217,0.6976,0.9345,0.1383,0.0044,0.4048,0.1440,0.2579,0.0167,0.2705,0.6390,0.5027,0.2610,0.3257,0.5331,0.0211,0.3817,0.9149,0.9205,0.8504,0.8789,0.8981,0.8750,0.8942,0.8478,0.5070,0.6422,0.5926,0.8683,0.8446,0.8839,0.8362,0.8328,0.1584,0.4753,0.4459,0.0942,0.5534,0.8576,0.8319,0.6929,0.9552,1.0000,0.6432,0.3384,0.2549,0.7268,0.8392,0.5216,0.0156,0.5711,0.0400,0.2749,0.5113,0.0244,0.6009,0.6688,0.5690,0.1021,0.8529,0.6218,0.4903,0.0732,0.4074,0.0200,0.0732,0.0167,0.5171,0.0033,0.9122,0.8566,0.7037,0.3102,0.8846,0.2271,0.3862,0.3045,0.3640,0.8892,0.4544,0.2890,0.1953
2017_NAT_IMMUNOL_Shan___H3K4Me1_LCMVarmD4-P14-CD8-Runx3KO,5794,0.6109,0.5685,0.5754,0.5785,0.5776,0.6628,0.1751,0.0045,0.3722,0.1486,0.3304,0.0165,0.3186,0.5433,0.4628,0.2971,0.3689,0.5242,0.0210,0.4148,0.6486,0.6417,0.6571,0.6489,0.6544,0.6593,0.6600,0.6574,0.4233,0.5195,0.5000,0.5992,0.6941,0.6650,0.6933,0.7052,0.1758,0.4665,0.4348,0.1144,0.4761,0.6439,0.6257,0.5694,0.6392,0.6432,1.0000,0.3529,0.2746,0.5819,0.6351,0.5064,0.0180,0.5594,0.0512,0.3224,0.5234,0.0315,0.6131,0.6464,0.5955,0.1334,0.6494,0.6526,0.5464,0.0943,0.4694,0.0241,0.0960,0.0211,0.5424,0.0045,0.6269,0.6924,0.5831,0.2895,0.6718,0.2150,0.4495,0.3786,0.4476,0.6707,0.5755,0.3202,0.2299
2017_NAT_IMMUNOL_Shan___H3K27Me3_LCMVarmD4-P14-CD8-WT,5983,0.2667,0.2649,0.2690,0.2420,0.2406,0.3354,0.1790,0.0121,0.2786,0.1124,0.2870,0.0236,0.2206,0.3181,0.3065,0.2147,0.2380,0.2999,0.0174,0.2460,0.3354,0.3347,0.2922,0.3168,0.3366,0.3140,0.3330,0.2988,0.2067,0.2399,0.2441,0.3180,0.3262,0.3300,0.3188,0.3308,0.3547,0.6303,0.6037,0.2470,0.2162,0.2885,0.2824,0.2439,0.3366,0.3384,0.3529,1.0000,0.5989,0.2309,0.2704,0.2985,0.0176,0.2843,0.0607,0.2654,0.2700,0.0319,0.3069,0.3213,0.2686,0.1097,0.3379,0.3320,0.2781,0.0499,0.2680,0.0174,0.0811,0.0237,0.3271,0.0000,0.3395,0.3271,0.2503,0.5348,0.3218,0.1547,0.3084,0.2435,0.2868,0.3320,0.2718,0.2100,0.1621
2017_NAT_IMMUNOL_Shan___H3K27Me3_LCMVarmD4-P14-CD8-Runx3KO,5135,0.2079,0.2087,0.2070,0.1913,0.1885,0.2503,0.1879,0.0123,0.2266,0.1023,0.2500,0.0237,0.2029,0.2322,0.2448,0.1927,0.2215,0.2365,0.0273,0.2051,0.2487,0.2474,0.2200,0.2356,0.2497,0.2278,0.2465,0.2219,0.1578,0.1793,0.2006,0.2403,0.2465,0.2434,0.2381,0.2470,0.4028,0.4673,0.4871,0.2980,0.1754,0.2152,0.2170,0.1967,0.2555,0.2549,0.2746,0.5989,1.0000,0.1775,0.1996,0.2273,0.0198,0.2263,0.0608,0.2009,0.2142,0.0308,0.2367,0.2447,0.2214,0.1271,0.2524,0.2681,0.2167,0.0612,0.2137,0.0155,0.0909,0.0361,0.2443,0.0000,0.2552,0.2416,0.1973,0.5593,0.2357,0.1368,0.2505,0.2159,0.2459,0.2449,0.2203,0.1885,0.1534
2017_NAT_IMMUNOL_Shan___H3K27Ac_LCMVarmD4-P14-CD8-WT,9399,0.7860,0.6794,0.7240,0.7457,0.7267,0.7296,0.1350,0.0042,0.4154,0.1621,0.2726,0.0124,0.2895,0.6196,0.5088,0.2781,0.3346,0.5157,0.0235,0.3777,0.7354,0.7395,0.7922,0.7581,0.7401,0.7676,0.7479,0.7913,0.5908,0.7364,0.6517,0.7624,0.7350,0.7209,0.7492,0.7373,0.1093,0.3472,0.3150,0.0661,0.6601,0.7910,0.8081,0.7909,0.7416,0.7268,0.5819,0.2309,0.1775,1.0000,0.8116,0.5342,0.0138,0.6096,0.0428,0.2664,0.5414,0.0262,0.5769,0.6419,0.6071,0.1152,0.7014,0.5582,0.4725,0.0869,0.3952,0.0250,0.0854,0.0166,0.4976,0.0042,0.7513,0.7325,0.7084,0.2023,0.7376,0.2608,0.3934,0.3303,0.3833,0.7253,0.4749,0.3275,0.2305
2017_NAT_IMMUNOL_Shan___H3K27Ac_LCMVarmD4-P14-CD8-Runx3KO,9882,0.7884,0.6765,0.7113,0.7610,0.7218,0.8457,0.1387,0.0036,0.4118,0.1501,0.2657,0.0142,0.2835,0.6324,0.5080,0.2720,0.3314,0.5484,0.0214,0.3906,0.8412,0.8347,0.8675,0.8416,0.8255,0.8552,0.8295,0.8608,0.5583,0.6789,0.6151,0.8275,0.8224,0.8367,0.8388,0.8217,0.1220,0.4079,0.3757,0.0742,0.6009,0.8753,0.8587,0.7500,0.8395,0.8392,0.6351,0.2704,0.1996,0.8116,1.0000,0.5294,0.0155,0.5995,0.0404,0.2837,0.5341,0.0273,0.6273,0.6891,0.5973,0.1081,0.7830,0.6200,0.5000,0.0746,0.4161,0.0214,0.0771,0.0167,0.5437,0.0036,0.8236,0.8387,0.7258,0.2424,0.8520,0.2374,0.4097,0.3182,0.3766,0.8362,0.4856,0.3079,0.2036
2017_NAT_IMMUNOL_Shan___CBFb_Naive_P14-CD8-WT,5180,0.5732,0.5728,0.5741,0.5305,0.5364,0.5248,0.1820,0.0058,0.4625,0.2004,0.3445,0.0232,0.2965,0.5400,0.4895,0.2778,0.3404,0.4692,0.0270,0.3896,0.5224,0.5215,0.5377,0.5366,0.5280,0.5399,0.5252,0.5476,0.4610,0.5153,0.4972,0.5304,0.5313,0.5157,0.5357,0.5162,0.1363,0.4028,0.3698,0.0987,0.5100,0.5320,0.5432,0.5144,0.5206,0.5216,0.5064,0.2985,0.2273,0.5342,0.5294,1.0000,0.0272,0.6218,0.0619,0.3186,0.5539,0.0307,0.5089,0.5383,0.5758,0.1453,0.5281,0.4987,0.4620,0.1107,0.4156,0.0310,0.0960,0.0233,0.4835,0.0058,0.5280,0.5252,0.5227,0.2232,0.5185,0.2513,0.4091,0.4248,0.4772,0.5158,0.4711,0.3430,0.2749
2017_NAT_IMMUNOL_Shan___CBFb_Naive_P14-CD8-CbfbKO,227,0.0136,0.0139,0.0167,0.0195,0.0188,0.0161,0.0357,0.0000,0.0230,0.0493,0.0269,0.5500,0.0185,0.0192,0.0123,0.0195,0.0411,0.0204,0.0294,0.0106,0.0158,0.0149,0.0122,0.0142,0.0154,0.0153,0.0154,0.0135,0.0179,0.0175,0.0156,0.0165,0.0166,0.0153,0.0154,0.0157,0.0432,0.0208,0.0220,0.0198,0.0165,0.0148,0.0165,0.0129,0.0157,0.0156,0.0180,0.0176,0.0198,0.0138,0.0155,0.0272,1.0000,0.0268,0.1591,0.0487,0.0233,0.0256,0.0253,0.0216,0.0106,0.0187,0.0162,0.0173,0.0162,0.0000,0.0226,0.0000,0.0500,0.1111,0.0249,0.1250,0.0154,0.0160,0.0150,0.0221,0.0145,0.0088,0.0230,0.0099,0.0108,0.0154,0.0086,0.0285,0.0432
2017_NAT_IMMUNOL_Shan___CBFb_LCMVarmD8_P14-CD8-WT,6201,0.6955,0.6199,0.6838,0.5780,0.5810,0.5784,0.2109,0.0054,0.4456,0.1969,0.3676,0.0250,0.3016,0.5601,0.5000,0.2984,0.3641,0.5208,0.0302,0.4131,0.5687,0.5681,0.5932,0.5775,0.5842,0.5894,0.5762,0.5914,0.4620,0.5661,0.5291,0.5751,0.5861,0.5671,0.5959,0.5919,0.1372,0.4043,0.3654,0.0911,0.5385,0.6112,0.6175,0.5941,0.5720,0.5711,0.5594,0.2843,0.2263,0.6096,0.5995,0.6218,0.0268,1.0000,0.0568,0.3163,0.5805,0.0355,0.5802,0.6113,0.7222,0.1682,0.5769,0.5671,0.5116,0.1056,0.4534,0.0321,0.0922,0.0250,0.5297,0.0054,0.5656,0.5902,0.5657,0.2436,0.5723,0.2714,0.4362,0.4375,0.4943,0.5642,0.5340,0.3392,0.2729
2016_SCIENCE_Mackay___Hobit_invitro-CD8,270,0.0434,0.0478,0.0486,0.0459,0.0461,0.0387,0.1216,0.0000,0.0605,0.0828,0.1034,0.1304,0.0919,0.0511,0.0575,0.0846,0.0802,0.0612,0.0370,0.0660,0.0380,0.0384,0.0391,0.0393,0.0396,0.0393,0.0396,0.0406,0.0512,0.0442,0.0502,0.0413,0.0398,0.0366,0.0397,0.0405,0.0497,0.0535,0.0542,0.0508,0.0510,0.0376,0.0401,0.0414,0.0404,0.0400,0.0512,0.0607,0.0608,0.0428,0.0404,0.0619,0.1591,0.0568,1.0000,0.1273,0.0601,0.0339,0.0589,0.0504,0.0496,0.0656,0.0388,0.0553,0.0652,0.0825,0.0779,0.0577,0.1290,0.0625,0.0670,0.0541,0.0396,0.0383,0.0451,0.0486,0.0374,0.0593,0.0876,0.0719,0.0820,0.0368,0.0605,0.0653,0.0863
2016_SCIENCE_Mackay___Blimp1-Bio_invitro-CD8,1716,0.2877,0.3009,0.3105,0.2790,0.2784,0.2751,0.2421,0.0075,0.2428,0.1303,0.3499,0.0446,0.2924,0.2836,0.2850,0.2807,0.3341,0.3508,0.0215,0.3298,0.2771,0.2747,0.2778,0.2781,0.2722,0.2823,0.2703,0.2817,0.2447,0.2518,0.2648,0.2755,0.2801,0.2683,0.2812,0.2854,0.1355,0.2776,0.2700,0.0997,0.2713,0.2709,0.2744,0.2702,0.2742,0.2749,0.3224,0.2654,0.2009,0.2664,0.2837,0.3186,0.0487,0.3163,0.1273,1.0000,0.2912,0.0394,0.3750,0.3324,0.3068,0.1506,0.2571,0.3550,0.3429,0.0705,0.3456,0.0071,0.1517,0.0294,0.3814,0.0075,0.2695,0.2781,0.2846,0.1933,0.2712,0.1514,0.4091,0.3044,0.3617,0.2673,0.3508,0.2391,0.1909
