ChIP,ChIP gene #,2020_PNAS_KwesiMaliepaard___H3K79me2_naive-CD8,2020_PNAS_KwesiMaliepaard___H3K79me2_mem-CD8,2020_PNAS_KwesiMaliepaard___H3K4me3_mem-CD8,2019_IMMUNITY_Veeken___Eomes_LCMV-d07-CD8,2018_SCIENCE_Pace_native___H3K9me3_native_invitro-d3-CD8-WT,2018_IMMUNITY_Page___Tox_LCMVova_CNS-OTI-CD8-WT,2018_IMMUNITY_Page___Tox_LCMVova_CNS-OTI-CD8-ToxKO,2018_FRONTIERS_IMMUNOL_Li___Eomes_invitro-act-OTI-EomesOE,2017_PNAS_Li___STAT5B_noIL2-CD8,2017_PNAS_Li___STAT5B_IL2-WT-CD4,2017_PNAS_Li___STAT5B_IL2-UP-deletion-CD4,2017_PNAS_Li___STAT5B_IL2-IN2-deletion-CD4,2017_PNAS_Li___STAT5B_IL2-IN1-deletion-CD4,2017_PNAS_Li___STAT5B_IL2-CD8,2017_PNAS_Li___STAT5B_IL2-CD4,2017_PNAS_Li___STAT3_noIL21-CD4,2017_PNAS_Li___STAT3_IL21-CD4,2017_PNAS_Li___H3K4me3-noIL2-CD4,2017_PNAS_Li___H3K4me3_IL2-CD4,2017_PNAS_Li___H3K27Ac-noIL2-CD4,2017_PNAS_Li___H3K27Ac_IL2-WT-CD4,2017_PNAS_Li___H3K27Ac_IL2-UP-deletion-CD4,2017_PNAS_Li___H3K27Ac_IL2-IN2-deletion-CD4,2017_PNAS_Li___H3K27Ac_IL2-IN1-deletion-CD4,2017_PNAS_Li___H3K27Ac_IL2-CD4,2017_NAT_IMMUNOL_Yu___H3K4me3_P14-CD8-TN,2017_NAT_IMMUNOL_Yu___H3K4me3_P14-CD8-TE,2017_NAT_IMMUNOL_Yu___H3K4me3_P14-CD8-MP,2017_NAT_IMMUNOL_Yu___H3K4me3_P14-CD8-Memory,2017_NAT_IMMUNOL_Yu___H3K4me1_P14-CD8-TN,2017_NAT_IMMUNOL_Yu___H3K4me1_P14-CD8-TE,2017_NAT_IMMUNOL_Yu___H3K4me1_P14-CD8-MP,2017_NAT_IMMUNOL_Yu___H3K4me1_P14-CD8-Memory,2017_NAT_IMMUNOL_Yu___H3K27me3_P14-CD8-TN,2017_NAT_IMMUNOL_Yu___H3K27me3_P14-CD8-TE,2017_NAT_IMMUNOL_Yu___H3K27me3_P14-CD8-MP,2017_NAT_IMMUNOL_Yu___H3K27me3_P14-CD8-Memory,2017_NAT_IMMUNOL_Yu___H3K27ac_P14-CD8-TN,2017_NAT_IMMUNOL_Yu___H3K27ac_P14-CD8-TE,2017_NAT_IMMUNOL_Yu___H3K27ac_P14-CD8-MP,2017_NAT_IMMUNOL_Yu___H3K27ac_P14-CD8-Memory,2017_NAT_IMMUNOL_Shan___H3K4Me3_LCMVarmD4-P14-CD8-WT,2017_NAT_IMMUNOL_Shan___H3K4Me3_LCMVarmD4-P14-CD8-Runx3KO,2017_NAT_IMMUNOL_Shan___H3K4Me1_LCMVarmD4-P14-CD8-Runx3KO,2017_NAT_IMMUNOL_Shan___H3K27Me3_LCMVarmD4-P14-CD8-WT,2017_NAT_IMMUNOL_Shan___H3K27Me3_LCMVarmD4-P14-CD8-Runx3KO,2017_NAT_IMMUNOL_Shan___H3K27Ac_LCMVarmD4-P14-CD8-WT,2017_NAT_IMMUNOL_Shan___H3K27Ac_LCMVarmD4-P14-CD8-Runx3KO,2017_NAT_IMMUNOL_Shan___CBFb_Naive_P14-CD8-WT,2017_NAT_IMMUNOL_Shan___CBFb_Naive_P14-CD8-CbfbKO,2017_NAT_IMMUNOL_Shan___CBFb_LCMVarmD8_P14-CD8-WT,2016_SCIENCE_Mackay___Hobit_invitro-CD8,2016_SCIENCE_Mackay___Blimp1-Bio_invitro-CD8,2016_NAT_IMMUNOL_Xing___Tcf1_naive-CD8-WT,2016_NAT_IMMUNOL_Roychoudhuri___p300_invitro-CD8-WT,2016_NAT_IMMUNOL_Roychoudhuri___JunD_invitro-stim-CD8-WT,2016_NAT_IMMUNOL_Roychoudhuri___JunD_invitro-stim-CD8-Bach2KO,2015_JEM_Dominguez___Tbet_LCMVarm-D8-CD8-Zeb2KO,2015_JEM_Dominguez___Tbet_LCMVarm-D8-CD8-WT,2015_JEM_Dominguez___Tbet_LCMVarm-D8-CD8-Il12-WT,2015_IMMUNITY_Martinez___Nfat1_invitro-CD8-PI-1h-WT,2015_IMMUNITY_Martinez___Nfat1_invitro-CD8-PI-1h-Nfat1KO-CA-RIT-RV,2015_IMMUNITY_Martinez___Nfat1_invitro-CD8-PI-1h-Nfat1KO,2015_IMMUNITY_Martinez___Nfat1_invitro-CD8-Nfat1KO-CA-RIT-RV,2015_IMMUNITY_Martinez___Nfat1_invitro-CD8-Nfat1KO,2014_NAT_IMMUNOL_Kurachi___JunD-invitro-d3-CD8,2014_NAT_IMMUNOL_Kurachi___JunB-invitro-d3-CD8,2014_NAT_IMMUNOL_Kurachi___IRF4-invitro-d3-CD8,2014_NAT_IMMUNOL_Kurachi___IgG-invitro-d3-CD8,2014_NAT_IMMUNOL_Kurachi___H3K4me3-invitro-d3-CD8,2014_NAT_IMMUNOL_Kurachi___H3K4me1-invitro-d3-CD8,2014_NAT_IMMUNOL_Kurachi___H3K36me3-invitro-d3-CD8,2014_NAT_IMMUNOL_Kurachi___H3K27me3-invitro-d3-CD8,2014_NAT_IMMUNOL_Kurachi___H3K27ac-invitro-d3-CD8,2014_NAT_IMMUNOL_Kurachi___cJun-invitro-d3-CD8,2014_NAT_IMMUNOL_Kurachi___BATF-invitro-d3-CD8,2013_PLOS_ONE_Lotem___Runx3_invitro-NAV-CD8,2013_PLOS_ONE_Lotem___Runx3_invitro-Il2-CD8,2013_PLOS_ONE_Lotem___H3K4me1_invitro-NAV-CD8,2013_PLOS_ONE_Lotem___H3K4me1_invitro-Il2-CD8,2013_IMMUNITY_KIM___Foxo1_naive-CD8-WT,2013_IMMUNITY_KIM___Foxo1_Biotin_naive-CD8-WT
2020_PNAS_KwesiMaliepaard___H3K79me2_naive-CD8,8091,1.0000,0.8743,0.7089,0.0711,0.0039,0.4303,0.1611,0.1294,0.0121,0.1389,0.5735,0.4632,0.1336,0.1788,0.3403,0.0181,0.2401,0.7287,0.7239,0.7658,0.7492,0.7250,0.7606,0.7353,0.7647,0.5782,0.6489,0.5964,0.7488,0.7176,0.7143,0.7376,0.7080,0.0766,0.2983,0.2778,0.0444,0.6498,0.7539,0.7629,0.7065,0.7145,0.7112,0.4396,0.1776,0.1405,0.7423,0.7485,0.4670,0.0125,0.5469,0.0207,0.1586,0.4719,0.0163,0.4369,0.5083,0.5277,0.0613,0.6349,0.4188,0.2977,0.0608,0.2468,0.0185,0.0350,0.0121,0.3252,0.0057,0.7327,0.7134,0.7051,0.1946,0.7345,0.2751,0.2363,0.2453,0.2621,0.7083,0.3245,0.2765,0.1792
2020_PNAS_KwesiMaliepaard___H3K79me2_mem-CD8,7425,0.8743,1.0000,0.6702,0.0696,0.0038,0.4314,0.1665,0.1294,0.0128,0.1397,0.5577,0.4552,0.1342,0.1804,0.3380,0.0181,0.2398,0.6886,0.6838,0.7303,0.7147,0.6869,0.7202,0.6982,0.7271,0.5715,0.6407,0.5915,0.7134,0.6881,0.6759,0.7099,0.6846,0.0749,0.2890,0.2682,0.0424,0.6449,0.7174,0.7262,0.6951,0.6764,0.6739,0.4382,0.1704,0.1355,0.7195,0.7158,0.4719,0.0128,0.5420,0.0219,0.1579,0.4750,0.0162,0.4292,0.4940,0.5213,0.0649,0.5998,0.4117,0.2942,0.0628,0.2455,0.0188,0.0371,0.0128,0.3272,0.0057,0.6924,0.6826,0.6895,0.1865,0.6948,0.2773,0.2363,0.2502,0.2624,0.6680,0.3303,0.2788,0.1817
2020_PNAS_KwesiMaliepaard___H3K4me3_mem-CD8,14161,0.7089,0.6702,1.0000,0.0649,0.0052,0.4278,0.1480,0.1241,0.0121,0.1279,0.5912,0.4480,0.1250,0.1708,0.3451,0.0165,0.2298,0.9060,0.9152,0.8387,0.8509,0.8812,0.8470,0.8736,0.8341,0.5074,0.6055,0.5511,0.8459,0.8188,0.8824,0.8186,0.7871,0.1471,0.3988,0.3814,0.0850,0.6045,0.8428,0.8271,0.6846,0.8895,0.8950,0.4633,0.2641,0.2159,0.7525,0.7968,0.4599,0.0113,0.5356,0.0171,0.1429,0.4533,0.0160,0.4303,0.5318,0.5065,0.0532,0.8268,0.4478,0.2969,0.0508,0.2447,0.0160,0.0327,0.0110,0.3336,0.0047,0.8947,0.8269,0.6725,0.2894,0.8610,0.2563,0.2341,0.2165,0.2406,0.8706,0.3021,0.2449,0.1578
2019_IMMUNITY_Veeken___Eomes_LCMV-d07-CD8,821,0.0711,0.0696,0.0649,1.0000,0.0000,0.0745,0.0602,0.3043,0.0104,0.1646,0.0769,0.0852,0.1624,0.1506,0.1257,0.0265,0.1396,0.0634,0.0633,0.0680,0.0656,0.0642,0.0659,0.0653,0.0682,0.0663,0.0710,0.0742,0.0637,0.0683,0.0636,0.0708,0.0726,0.0658,0.0858,0.0837,0.0607,0.0720,0.0672,0.0679,0.0728,0.0662,0.0671,0.1102,0.0873,0.0784,0.0691,0.0715,0.0994,0.0177,0.1064,0.0690,0.1627,0.0995,0.0198,0.1230,0.1022,0.1143,0.2451,0.0604,0.1199,0.1380,0.0492,0.1431,0.0298,0.0783,0.0325,0.1463,0.0077,0.0606,0.0667,0.0701,0.0665,0.0628,0.0739,0.1562,0.1722,0.2094,0.0629,0.1544,0.1029,0.1282
2018_SCIENCE_Pace_native___H3K9me3_native_invitro-d3-CD8-WT,214,0.0039,0.0038,0.0052,0.0000,1.0000,0.0055,0.0052,0.0080,0.0135,0.0097,0.0043,0.0052,0.0080,0.0087,0.0086,0.0220,0.0044,0.0041,0.0044,0.0035,0.0038,0.0032,0.0040,0.0032,0.0039,0.0040,0.0038,0.0037,0.0037,0.0032,0.0039,0.0035,0.0037,0.0139,0.0079,0.0088,0.0056,0.0038,0.0036,0.0037,0.0044,0.0047,0.0048,0.0028,0.0118,0.0132,0.0038,0.0036,0.0056,0.0000,0.0034,0.0000,0.0071,0.0045,0.0000,0.0053,0.0065,0.0041,0.0090,0.0073,0.0061,0.0058,0.0000,0.0061,0.0000,0.0131,0.0147,0.0089,0.0000,0.0045,0.0036,0.0041,0.0087,0.0040,0.0020,0.0096,0.0084,0.0064,0.0039,0.0060,0.0053,0.0049
2018_IMMUNITY_Page___Tox_LCMVova_CNS-OTI-CD8-WT,5045,0.4303,0.4314,0.4278,0.0745,0.0055,1.0000,0.3153,0.1280,0.0122,0.1397,0.4863,0.4933,0.1326,0.1748,0.2871,0.0188,0.2323,0.4345,0.4335,0.4437,0.4483,0.4444,0.4430,0.4483,0.4477,0.3536,0.3940,0.3687,0.4645,0.4189,0.4119,0.4273,0.4154,0.1011,0.2835,0.2599,0.0570,0.4550,0.4414,0.4548,0.4596,0.4433,0.4459,0.3307,0.2025,0.1647,0.4556,0.4503,0.4493,0.0098,0.4662,0.0200,0.1536,0.3897,0.0213,0.3246,0.3543,0.4135,0.0647,0.3975,0.3153,0.2572,0.0651,0.2186,0.0200,0.0406,0.0147,0.2850,0.0043,0.4414,0.4184,0.4248,0.1842,0.4213,0.2297,0.2209,0.2041,0.2300,0.4092,0.2543,0.2578,0.1990
2018_IMMUNITY_Page___Tox_LCMVova_CNS-OTI-CD8-ToxKO,1603,0.1611,0.1665,0.1480,0.0602,0.0052,0.3153,1.0000,0.1003,0.0242,0.1092,0.1998,0.2268,0.1036,0.1310,0.1447,0.0133,0.1425,0.1480,0.1491,0.1566,0.1561,0.1528,0.1555,0.1536,0.1581,0.1466,0.1609,0.1581,0.1601,0.1519,0.1410,0.1525,0.1522,0.0491,0.1170,0.1119,0.0257,0.1779,0.1573,0.1618,0.1730,0.1531,0.1542,0.1452,0.0887,0.0738,0.1697,0.1657,0.2258,0.0226,0.2129,0.0304,0.0981,0.1997,0.0201,0.1628,0.1607,0.1995,0.0738,0.1356,0.1503,0.1392,0.1016,0.1357,0.0338,0.0500,0.0174,0.1531,0.0072,0.1501,0.1475,0.1565,0.0776,0.1459,0.1315,0.1307,0.1256,0.1376,0.1409,0.1373,0.1782,0.1858
2018_FRONTIERS_IMMUNOL_Li___Eomes_invitro-act-OTI-EomesOE,1642,0.1294,0.1294,0.1241,0.3043,0.0080,0.1280,0.1003,1.0000,0.0156,0.2618,0.1413,0.1467,0.2497,0.2704,0.2503,0.0346,0.2368,0.1232,0.1236,0.1265,0.1232,0.1224,0.1239,0.1221,0.1274,0.1303,0.1299,0.1310,0.1241,0.1312,0.1219,0.1348,0.1373,0.0921,0.1520,0.1533,0.0719,0.1336,0.1295,0.1312,0.1364,0.1265,0.1286,0.1948,0.1529,0.1352,0.1295,0.1329,0.1694,0.0198,0.1787,0.0591,0.2488,0.1713,0.0447,0.2330,0.2047,0.1930,0.1858,0.1161,0.2329,0.2614,0.0679,0.2668,0.0286,0.1236,0.0321,0.3027,0.0041,0.1221,0.1310,0.1298,0.1271,0.1249,0.1022,0.3521,0.2561,0.3197,0.1216,0.2733,0.1682,0.1603
2017_PNAS_Li___STAT5B_noIL2-CD8,282,0.0121,0.0128,0.0121,0.0104,0.0135,0.0122,0.0242,0.0156,1.0000,0.0152,0.0100,0.0092,0.0116,0.0646,0.0135,0.1111,0.0108,0.0088,0.0091,0.0070,0.0073,0.0083,0.0075,0.0078,0.0083,0.0050,0.0054,0.0069,0.0076,0.0088,0.0088,0.0088,0.0092,0.0227,0.0144,0.0163,0.0134,0.0067,0.0083,0.0079,0.0084,0.0098,0.0099,0.0088,0.0143,0.0140,0.0072,0.0082,0.0192,0.5172,0.0194,0.3095,0.0446,0.0101,0.0000,0.0230,0.0183,0.0117,0.0298,0.0110,0.0111,0.0107,0.0040,0.0111,0.0000,0.0955,0.1316,0.0155,0.2857,0.0096,0.0097,0.0085,0.0165,0.0081,0.0131,0.0158,0.0129,0.0106,0.0091,0.0093,0.0179,0.0176
2017_PNAS_Li___STAT5B_IL2-WT-CD4,1746,0.1389,0.1397,0.1279,0.1646,0.0097,0.1397,0.1092,0.2618,0.0152,1.0000,0.1857,0.2318,0.7974,0.5353,0.3501,0.0375,0.3184,0.1288,0.1286,0.1351,0.1341,0.1328,0.1360,0.1319,0.1364,0.1372,0.1363,0.1238,0.1285,0.1385,0.1258,0.1368,0.1432,0.0780,0.1288,0.1311,0.0580,0.1427,0.1333,0.1353,0.1429,0.1309,0.1317,0.1882,0.1161,0.1010,0.1402,0.1422,0.1613,0.0153,0.1602,0.0473,0.1977,0.1772,0.0298,0.2227,0.1977,0.1747,0.1118,0.1187,0.2118,0.2498,0.0663,0.2565,0.0278,0.0883,0.0153,0.2324,0.0040,0.1250,0.1342,0.1358,0.1050,0.1317,0.0952,0.2476,0.2194,0.2513,0.1249,0.2563,0.1876,0.1726
2017_PNAS_Li___STAT5B_IL2-UP-deletion-CD4,7602,0.5735,0.5577,0.5912,0.0769,0.0043,0.4863,0.1998,0.1413,0.0100,0.1857,1.0000,0.6193,0.1791,0.2129,0.3763,0.0222,0.2769,0.6034,0.6052,0.6198,0.6245,0.6200,0.6210,0.6216,0.6271,0.4776,0.5357,0.5058,0.6248,0.5892,0.5810,0.6015,0.5753,0.1016,0.3080,0.2850,0.0578,0.5624,0.6067,0.6161,0.5949,0.5995,0.6014,0.4161,0.2084,0.1655,0.6201,0.6163,0.4851,0.0100,0.5368,0.0199,0.1566,0.4654,0.0164,0.4212,0.4692,0.4961,0.0643,0.5530,0.4017,0.3066,0.0659,0.2594,0.0217,0.0356,0.0126,0.3288,0.0030,0.6133,0.5896,0.5708,0.2157,0.5946,0.2737,0.2467,0.2259,0.2567,0.5793,0.3125,0.2658,0.1937
2017_PNAS_Li___STAT5B_IL2-IN2-deletion-CD4,5473,0.4632,0.4552,0.4480,0.0852,0.0052,0.4933,0.2268,0.1467,0.0092,0.2318,0.6193,1.0000,0.2260,0.2450,0.3676,0.0248,0.2936,0.4600,0.4614,0.4777,0.4767,0.4716,0.4753,0.4723,0.4825,0.4014,0.4305,0.4041,0.4879,0.4513,0.4404,0.4645,0.4542,0.0852,0.2675,0.2514,0.0530,0.4867,0.4731,0.4793,0.4924,0.4605,0.4628,0.3671,0.1843,0.1457,0.4889,0.4848,0.4426,0.0080,0.4721,0.0218,0.1708,0.4123,0.0166,0.3752,0.4001,0.4389,0.0718,0.4160,0.3566,0.2957,0.0674,0.2582,0.0212,0.0419,0.0127,0.3121,0.0029,0.4646,0.4500,0.4531,0.1830,0.4535,0.2419,0.2463,0.2257,0.2664,0.4373,0.3014,0.2684,0.2043
2017_PNAS_Li___STAT5B_IL2-IN1-deletion-CD4,1710,0.1336,0.1342,0.1250,0.1624,0.0080,0.1326,0.1036,0.2497,0.0116,0.7974,0.1791,0.2260,1.0000,0.5261,0.3388,0.0384,0.3109,0.1256,0.1253,0.1303,0.1297,0.1297,0.1319,0.1281,0.1326,0.1348,0.1324,0.1226,0.1253,0.1347,0.1218,0.1320,0.1378,0.0707,0.1261,0.1247,0.0535,0.1407,0.1294,0.1314,0.1403,0.1274,0.1288,0.1784,0.1140,0.0967,0.1339,0.1380,0.1546,0.0097,0.1522,0.0404,0.1951,0.1692,0.0305,0.2160,0.1907,0.1651,0.1124,0.1149,0.2043,0.2494,0.0609,0.2583,0.0285,0.0787,0.0137,0.2236,0.0041,0.1217,0.1300,0.1308,0.1003,0.1279,0.0919,0.2317,0.2107,0.2397,0.1221,0.2464,0.1886,0.1725
2017_PNAS_Li___STAT5B_IL2-CD8,2526,0.1788,0.1804,0.1708,0.1506,0.0087,0.1748,0.1310,0.2704,0.0646,0.5353,0.2129,0.2450,0.5261,1.0000,0.4285,0.0445,0.3276,0.1652,0.1663,0.1694,0.1671,0.1663,0.1711,0.1656,0.1740,0.1654,0.1653,0.1625,0.1655,0.1768,0.1642,0.1743,0.1812,0.0986,0.1678,0.1707,0.0758,0.1740,0.1695,0.1724,0.1783,0.1697,0.1706,0.2229,0.1475,0.1314,0.1701,0.1782,0.2005,0.0522,0.2029,0.0707,0.2441,0.2084,0.0357,0.2872,0.2556,0.2048,0.1070,0.1582,0.2598,0.2904,0.0653,0.2861,0.0239,0.0989,0.0308,0.2843,0.0226,0.1641,0.1741,0.1725,0.1343,0.1699,0.1139,0.2900,0.2429,0.2812,0.1634,0.2845,0.2136,0.1911
2017_PNAS_Li___STAT5B_IL2-CD4,5394,0.3403,0.3380,0.3451,0.1257,0.0086,0.2871,0.1447,0.2503,0.0135,0.3501,0.3763,0.3676,0.3388,0.4285,1.0000,0.0321,0.3660,0.3464,0.3456,0.3504,0.3482,0.3411,0.3497,0.3433,0.3525,0.3125,0.3270,0.3079,0.3396,0.3578,0.3426,0.3569,0.3665,0.1214,0.2738,0.2688,0.0766,0.3395,0.3519,0.3512,0.3522,0.3444,0.3470,0.3653,0.2113,0.1778,0.3399,0.3584,0.3333,0.0157,0.3496,0.0306,0.2286,0.3449,0.0284,0.4445,0.4556,0.3516,0.0867,0.3243,0.4393,0.4039,0.0702,0.3644,0.0240,0.0694,0.0186,0.4249,0.0057,0.3404,0.3603,0.3374,0.1933,0.3548,0.1785,0.3847,0.2972,0.3209,0.3392,0.3760,0.2622,0.1985
2017_PNAS_Li___STAT3_noIL21-CD4,238,0.0181,0.0181,0.0165,0.0265,0.0220,0.0188,0.0133,0.0346,0.1111,0.0375,0.0222,0.0248,0.0384,0.0445,0.0321,1.0000,0.0542,0.0155,0.0164,0.0156,0.0149,0.0164,0.0159,0.0151,0.0160,0.0180,0.0193,0.0171,0.0162,0.0173,0.0151,0.0170,0.0172,0.0146,0.0179,0.0199,0.0154,0.0189,0.0170,0.0171,0.0188,0.0163,0.0168,0.0221,0.0195,0.0170,0.0175,0.0168,0.0265,0.0816,0.0237,0.0756,0.0414,0.0231,0.0160,0.0293,0.0243,0.0235,0.0569,0.0153,0.0233,0.0289,0.0114,0.0343,0.0078,0.0674,0.0505,0.0280,0.0800,0.0159,0.0164,0.0167,0.0163,0.0154,0.0199,0.0327,0.0353,0.0329,0.0153,0.0296,0.0282,0.0348
2017_PNAS_Li___STAT3_IL21-CD4,2779,0.2401,0.2398,0.2298,0.1396,0.0044,0.2323,0.1425,0.2368,0.0108,0.3184,0.2769,0.2936,0.3109,0.3276,0.3660,0.0542,1.0000,0.2285,0.2299,0.2426,0.2368,0.2336,0.2394,0.2361,0.2433,0.2305,0.2404,0.2291,0.2349,0.2419,0.2262,0.2454,0.2456,0.0890,0.2014,0.1905,0.0627,0.2496,0.2435,0.2459,0.2522,0.2317,0.2349,0.3038,0.1535,0.1363,0.2441,0.2541,0.2722,0.0087,0.2639,0.0314,0.2256,0.2816,0.0270,0.3199,0.3107,0.2869,0.1140,0.2121,0.3140,0.3168,0.0834,0.2948,0.0314,0.0741,0.0164,0.3124,0.0033,0.2281,0.2361,0.2401,0.1368,0.2339,0.1747,0.2893,0.2829,0.3067,0.2231,0.3210,0.2472,0.2153
2017_PNAS_Li___H3K4me3-noIL2-CD4,13677,0.7287,0.6886,0.9060,0.0634,0.0041,0.4345,0.1480,0.1232,0.0088,0.1288,0.6034,0.4600,0.1256,0.1652,0.3464,0.0155,0.2285,1.0000,0.9622,0.8706,0.8785,0.8933,0.8884,0.8911,0.8679,0.5275,0.6311,0.5736,0.8770,0.8300,0.9002,0.8370,0.7929,0.1289,0.3757,0.3550,0.0738,0.6274,0.8654,0.8550,0.7152,0.8895,0.8852,0.4599,0.2445,0.1990,0.7770,0.8078,0.4545,0.0083,0.5330,0.0146,0.1404,0.4558,0.0160,0.4323,0.5342,0.5101,0.0505,0.8084,0.4367,0.2972,0.0530,0.2458,0.0172,0.0315,0.0097,0.3319,0.0030,0.9291,0.8427,0.7003,0.2705,0.8927,0.2599,0.2332,0.2115,0.2380,0.8852,0.2964,0.2450,0.1576
2017_PNAS_Li___H3K4me3_IL2-CD4,13823,0.7239,0.6838,0.9152,0.0633,0.0044,0.4335,0.1491,0.1236,0.0091,0.1286,0.6052,0.4614,0.1253,0.1663,0.3456,0.0164,0.2299,0.9622,1.0000,0.8691,0.8796,0.9010,0.8859,0.8948,0.8684,0.5253,0.6272,0.5684,0.8735,0.8272,0.8945,0.8317,0.7910,0.1341,0.3837,0.3603,0.0779,0.6213,0.8629,0.8511,0.7081,0.8962,0.8914,0.4600,0.2509,0.2038,0.7745,0.8038,0.4546,0.0086,0.5321,0.0152,0.1418,0.4567,0.0158,0.4328,0.5321,0.5091,0.0518,0.8083,0.4372,0.2974,0.0523,0.2476,0.0169,0.0321,0.0103,0.3332,0.0033,0.9282,0.8356,0.6926,0.2763,0.8860,0.2611,0.2335,0.2122,0.2377,0.8805,0.2955,0.2433,0.1584
2017_PNAS_Li___H3K27Ac-noIL2-CD4,11701,0.7658,0.7303,0.8387,0.0680,0.0035,0.4437,0.1566,0.1265,0.0070,0.1351,0.6198,0.4777,0.1303,0.1694,0.3504,0.0156,0.2426,0.8706,0.8691,1.0000,0.9095,0.8703,0.9269,0.8856,0.9466,0.5635,0.6720,0.6056,0.8715,0.8228,0.8624,0.8495,0.7948,0.0914,0.3309,0.3067,0.0492,0.6773,0.8990,0.8980,0.7686,0.8272,0.8221,0.4668,0.2003,0.1553,0.8265,0.8447,0.4742,0.0076,0.5613,0.0144,0.1477,0.4841,0.0159,0.4478,0.5464,0.5438,0.0551,0.7545,0.4489,0.3055,0.0566,0.2527,0.0180,0.0315,0.0100,0.3398,0.0027,0.8709,0.8379,0.7316,0.2153,0.8956,0.2695,0.2411,0.2271,0.2509,0.8500,0.3183,0.2588,0.1696
2017_PNAS_Li___H3K27Ac_IL2-WT-CD4,12167,0.7492,0.7147,0.8509,0.0656,0.0038,0.4483,0.1561,0.1232,0.0073,0.1341,0.6245,0.4767,0.1297,0.1671,0.3482,0.0149,0.2368,0.8785,0.8796,0.9095,1.0000,0.9039,0.9282,0.9247,0.9116,0.5566,0.6555,0.5993,0.8804,0.8176,0.8634,0.8355,0.7844,0.1045,0.3478,0.3223,0.0598,0.6592,0.8819,0.8786,0.7432,0.8447,0.8438,0.4667,0.2171,0.1731,0.8062,0.8321,0.4711,0.0079,0.5523,0.0146,0.1440,0.4708,0.0152,0.4363,0.5293,0.5309,0.0526,0.7641,0.4369,0.2984,0.0552,0.2458,0.0173,0.0309,0.0100,0.3298,0.0026,0.8856,0.8279,0.7193,0.2341,0.8829,0.2690,0.2315,0.2211,0.2444,0.8500,0.3069,0.2517,0.1655
2017_PNAS_Li___H3K27Ac_IL2-UP-deletion-CD4,12990,0.7250,0.6869,0.8812,0.0642,0.0032,0.4444,0.1528,0.1224,0.0083,0.1328,0.6200,0.4716,0.1297,0.1663,0.3411,0.0164,0.2336,0.8933,0.9010,0.8703,0.9039,1.0000,0.8921,0.9495,0.8727,0.5337,0.6340,0.5834,0.8702,0.8174,0.8704,0.8220,0.7821,0.1243,0.3669,0.3469,0.0713,0.6339,0.8600,0.8504,0.7089,0.8710,0.8691,0.4701,0.2371,0.1888,0.7833,0.8067,0.4649,0.0086,0.5480,0.0155,0.1419,0.4667,0.0155,0.4336,0.5249,0.5217,0.0529,0.7923,0.4381,0.2957,0.0537,0.2438,0.0170,0.0313,0.0107,0.3262,0.0035,0.8965,0.8238,0.6989,0.2587,0.8722,0.2648,0.2301,0.2164,0.2428,0.8613,0.3032,0.2472,0.1631
2017_PNAS_Li___H3K27Ac_IL2-IN2-deletion-CD4,12233,0.7606,0.7202,0.8470,0.0659,0.0040,0.4430,0.1555,0.1239,0.0075,0.1360,0.6210,0.4753,0.1319,0.1711,0.3497,0.0159,0.2394,0.8884,0.8859,0.9269,0.9282,0.8921,1.0000,0.9067,0.9324,0.5581,0.6655,0.6029,0.8760,0.8236,0.8719,0.8425,0.7904,0.0958,0.3365,0.3124,0.0518,0.6592,0.8921,0.8874,0.7487,0.8353,0.8308,0.4654,0.2041,0.1599,0.8178,0.8395,0.4702,0.0081,0.5556,0.0150,0.1448,0.4770,0.0159,0.4434,0.5411,0.5339,0.0548,0.7661,0.4402,0.3039,0.0550,0.2504,0.0171,0.0315,0.0104,0.3385,0.0032,0.8823,0.8395,0.7242,0.2245,0.9027,0.2677,0.2358,0.2217,0.2462,0.8604,0.3135,0.2539,0.1659
2017_PNAS_Li___H3K27Ac_IL2-IN1-deletion-CD4,12574,0.7353,0.6982,0.8736,0.0653,0.0032,0.4483,0.1536,0.1221,0.0078,0.1319,0.6216,0.4723,0.1281,0.1656,0.3433,0.0151,0.2361,0.8911,0.8948,0.8856,0.9247,0.9495,0.9067,1.0000,0.8849,0.5413,0.6430,0.5920,0.8847,0.8170,0.8682,0.8245,0.7811,0.1194,0.3615,0.3393,0.0683,0.6424,0.8705,0.8635,0.7238,0.8651,0.8632,0.4720,0.2311,0.1850,0.7964,0.8205,0.4664,0.0081,0.5495,0.0151,0.1450,0.4670,0.0148,0.4344,0.5280,0.5248,0.0527,0.7832,0.4366,0.2965,0.0547,0.2460,0.0174,0.0309,0.0107,0.3302,0.0032,0.8964,0.8268,0.7044,0.2519,0.8769,0.2654,0.2315,0.2184,0.2429,0.8615,0.3052,0.2494,0.1627
2017_PNAS_Li___H3K27Ac_IL2-CD4,11747,0.7647,0.7271,0.8341,0.0682,0.0039,0.4477,0.1581,0.1274,0.0083,0.1364,0.6271,0.4825,0.1326,0.1740,0.3525,0.0160,0.2433,0.8679,0.8684,0.9466,0.9116,0.8727,0.9324,0.8849,1.0000,0.5653,0.6715,0.6082,0.8740,0.8166,0.8540,0.8437,0.7880,0.0890,0.3296,0.3046,0.0486,0.6754,0.8930,0.8957,0.7675,0.8229,0.8213,0.4664,0.1981,0.1532,0.8315,0.8514,0.4763,0.0086,0.5663,0.0154,0.1468,0.4837,0.0166,0.4497,0.5420,0.5437,0.0562,0.7515,0.4448,0.3043,0.0561,0.2534,0.0178,0.0326,0.0107,0.3395,0.0033,0.8707,0.8289,0.7304,0.2151,0.8858,0.2726,0.2396,0.2258,0.2513,0.8412,0.3176,0.2570,0.1701
2017_NAT_IMMUNOL_Yu___H3K4me3_P14-CD8-TN,5666,0.5782,0.5715,0.5074,0.0663,0.0040,0.3536,0.1466,0.1303,0.0050,0.1372,0.4776,0.4014,0.1348,0.1654,0.3125,0.0180,0.2305,0.5275,0.5253,0.5635,0.5566,0.5337,0.5581,0.5413,0.5653,1.0000,0.6299,0.6404,0.5823,0.5225,0.5095,0.5403,0.5148,0.0625,0.2319,0.2135,0.0383,0.6086,0.5624,0.5731,0.5846,0.5169,0.5181,0.3607,0.1466,0.1164,0.5857,0.5649,0.3994,0.0070,0.4444,0.0190,0.1481,0.4280,0.0160,0.3751,0.4252,0.4494,0.0643,0.4603,0.3432,0.2770,0.0678,0.2403,0.0236,0.0366,0.0126,0.2950,0.0030,0.5443,0.5177,0.5523,0.1567,0.5258,0.2726,0.2217,0.2255,0.2397,0.5049,0.2824,0.2550,0.1763
2017_NAT_IMMUNOL_Yu___H3K4me3_P14-CD8-TE,7288,0.6489,0.6407,0.6055,0.0710,0.0038,0.3940,0.1609,0.1299,0.0054,0.1363,0.5357,0.4305,0.1324,0.1653,0.3270,0.0193,0.2404,0.6311,0.6272,0.6720,0.6555,0.6340,0.6655,0.6430,0.6715,0.6299,1.0000,0.6632,0.6941,0.6121,0.6101,0.6385,0.6082,0.0713,0.2538,0.2288,0.0382,0.6083,0.6761,0.6842,0.6513,0.6131,0.6134,0.4129,0.1582,0.1250,0.6935,0.6688,0.4348,0.0071,0.5075,0.0163,0.1466,0.4466,0.0155,0.4030,0.4665,0.4995,0.0636,0.5370,0.3833,0.2907,0.0661,0.2433,0.0215,0.0324,0.0101,0.3159,0.0025,0.6508,0.6127,0.6166,0.1669,0.6304,0.2689,0.2356,0.2218,0.2437,0.6025,0.2957,0.2587,0.1756
2017_NAT_IMMUNOL_Yu___H3K4me3_P14-CD8-MP,6520,0.5964,0.5915,0.5511,0.0742,0.0037,0.3687,0.1581,0.1310,0.0069,0.1238,0.5058,0.4041,0.1226,0.1625,0.3079,0.0171,0.2291,0.5736,0.5684,0.6056,0.5993,0.5834,0.6029,0.5920,0.6082,0.6404,0.6632,1.0000,0.6317,0.5584,0.5549,0.5804,0.5537,0.0736,0.2556,0.2390,0.0395,0.5703,0.6053,0.6222,0.5957,0.5613,0.5619,0.3890,0.1623,0.1336,0.6258,0.6016,0.4195,0.0078,0.4783,0.0189,0.1531,0.4280,0.0175,0.3899,0.4432,0.4683,0.0627,0.4983,0.3674,0.2776,0.0679,0.2423,0.0208,0.0342,0.0125,0.2966,0.0033,0.5908,0.5594,0.5757,0.1707,0.5699,0.2687,0.2252,0.2325,0.2448,0.5489,0.2867,0.2496,0.1766
2017_NAT_IMMUNOL_Yu___H3K4me3_P14-CD8-Memory,11227,0.7488,0.7134,0.8459,0.0637,0.0037,0.4645,0.1601,0.1241,0.0076,0.1285,0.6248,0.4879,0.1253,0.1655,0.3396,0.0162,0.2349,0.8770,0.8735,0.8715,0.8804,0.8702,0.8760,0.8847,0.8740,0.5823,0.6941,0.6317,1.0000,0.7953,0.8366,0.8127,0.7679,0.1042,0.3444,0.3210,0.0606,0.6698,0.8724,0.8830,0.7529,0.8446,0.8524,0.4590,0.2194,0.1778,0.8147,0.8237,0.4715,0.0073,0.5507,0.0147,0.1422,0.4678,0.0156,0.4308,0.5228,0.5296,0.0530,0.7428,0.4197,0.2888,0.0549,0.2412,0.0174,0.0308,0.0104,0.3287,0.0028,0.9055,0.8005,0.7087,0.2383,0.8465,0.2785,0.2323,0.2146,0.2394,0.8229,0.2970,0.2529,0.1646
2017_NAT_IMMUNOL_Yu___H3K4me1_P14-CD8-TN,12275,0.7176,0.6881,0.8188,0.0683,0.0032,0.4189,0.1519,0.1312,0.0088,0.1385,0.5892,0.4513,0.1347,0.1768,0.3578,0.0173,0.2419,0.8300,0.8272,0.8228,0.8176,0.8174,0.8236,0.8170,0.8166,0.5225,0.6121,0.5584,0.7953,1.0000,0.8653,0.8797,0.8498,0.1264,0.3788,0.3516,0.0765,0.6097,0.8156,0.8034,0.6890,0.7853,0.7816,0.5052,0.2403,0.1938,0.7226,0.7579,0.4535,0.0088,0.5400,0.0158,0.1494,0.4761,0.0176,0.4487,0.5489,0.5234,0.0567,0.7568,0.4601,0.3128,0.0542,0.2595,0.0176,0.0337,0.0106,0.3568,0.0032,0.8168,0.8635,0.7038,0.2551,0.8515,0.2592,0.2479,0.2369,0.2586,0.8691,0.3335,0.2533,0.1668
2017_NAT_IMMUNOL_Yu___H3K4me1_P14-CD8-TE,15671,0.7143,0.6759,0.8824,0.0636,0.0039,0.4119,0.1410,0.1219,0.0088,0.1258,0.5810,0.4404,0.1218,0.1642,0.3426,0.0151,0.2262,0.9002,0.8945,0.8624,0.8634,0.8704,0.8719,0.8682,0.8540,0.5095,0.6101,0.5549,0.8366,0.8653,1.0000,0.8811,0.8367,0.1342,0.3895,0.3680,0.0788,0.6058,0.8564,0.8354,0.6947,0.8369,0.8317,0.4653,0.2491,0.2025,0.7436,0.7724,0.4395,0.0083,0.5236,0.0143,0.1374,0.4489,0.0164,0.4269,0.5338,0.5008,0.0506,0.8322,0.4474,0.2967,0.0513,0.2427,0.0167,0.0305,0.0091,0.3339,0.0029,0.8834,0.8867,0.7145,0.2759,0.9148,0.2469,0.2316,0.2114,0.2359,0.9376,0.2989,0.2358,0.1528
2017_NAT_IMMUNOL_Yu___H3K4me1_P14-CD8-MP,12083,0.7376,0.7099,0.8186,0.0708,0.0035,0.4273,0.1525,0.1348,0.0088,0.1368,0.6015,0.4645,0.1320,0.1743,0.3569,0.0170,0.2454,0.8370,0.8317,0.8495,0.8355,0.8220,0.8425,0.8245,0.8437,0.5403,0.6385,0.5804,0.8127,0.8797,0.8811,1.0000,0.8652,0.1158,0.3645,0.3402,0.0685,0.6319,0.8436,0.8329,0.7149,0.7884,0.7843,0.4968,0.2304,0.1816,0.7566,0.7840,0.4678,0.0085,0.5601,0.0155,0.1501,0.4806,0.0170,0.4548,0.5505,0.5426,0.0570,0.7533,0.4616,0.3119,0.0542,0.2566,0.0176,0.0334,0.0103,0.3532,0.0026,0.8267,0.8688,0.7274,0.2456,0.8624,0.2635,0.2518,0.2357,0.2615,0.8660,0.3334,0.2568,0.1671
2017_NAT_IMMUNOL_Yu___H3K4me1_P14-CD8-Memory,11565,0.7080,0.6846,0.7871,0.0726,0.0037,0.4154,0.1522,0.1373,0.0092,0.1432,0.5753,0.4542,0.1378,0.1812,0.3665,0.0172,0.2456,0.7929,0.7910,0.7948,0.7844,0.7821,0.7904,0.7811,0.7880,0.5148,0.6082,0.5537,0.7679,0.8498,0.8367,0.8652,1.0000,0.1324,0.3794,0.3544,0.0831,0.6003,0.7903,0.7769,0.6851,0.7538,0.7499,0.5108,0.2421,0.1971,0.7084,0.7404,0.4526,0.0086,0.5456,0.0159,0.1542,0.4741,0.0169,0.4610,0.5521,0.5290,0.0576,0.7238,0.4666,0.3145,0.0546,0.2609,0.0165,0.0336,0.0107,0.3628,0.0028,0.7855,0.8300,0.6966,0.2577,0.8096,0.2504,0.2579,0.2435,0.2700,0.8249,0.3462,0.2578,0.1684
2017_NAT_IMMUNOL_Yu___H3K27me3_P14-CD8-TN,4470,0.0766,0.0749,0.1471,0.0658,0.0139,0.1011,0.0491,0.0921,0.0227,0.0780,0.1016,0.0852,0.0707,0.0986,0.1214,0.0146,0.0890,0.1289,0.1341,0.0914,0.1045,0.1243,0.0958,0.1194,0.0890,0.0625,0.0713,0.0736,0.1042,0.1264,0.1342,0.1158,0.1324,1.0000,0.3254,0.3577,0.4201,0.0679,0.0972,0.0924,0.0780,0.1293,0.1310,0.1406,0.4252,0.4739,0.0757,0.0821,0.0971,0.0182,0.0890,0.0221,0.0905,0.0966,0.0132,0.1154,0.1208,0.0891,0.0523,0.1546,0.1325,0.1187,0.0297,0.1065,0.0102,0.0457,0.0152,0.1227,0.0094,0.1292,0.1256,0.0828,0.4172,0.1110,0.0593,0.1083,0.0989,0.1025,0.1370,0.0967,0.0726,0.0628
2017_NAT_IMMUNOL_Yu___H3K27me3_P14-CD8-TE,8010,0.2983,0.2890,0.3988,0.0858,0.0079,0.2835,0.1170,0.1520,0.0144,0.1288,0.3080,0.2675,0.1261,0.1678,0.2738,0.0179,0.2014,0.3757,0.3837,0.3309,0.3478,0.3669,0.3365,0.3615,0.3296,0.2319,0.2538,0.2556,0.3444,0.3788,0.3895,0.3645,0.3794,0.3254,1.0000,0.7028,0.1982,0.2792,0.3404,0.3304,0.2931,0.3767,0.3812,0.3463,0.5818,0.4903,0.2841,0.3050,0.2753,0.0133,0.2977,0.0247,0.1565,0.2720,0.0222,0.3008,0.3430,0.2830,0.0693,0.3922,0.3316,0.2566,0.0395,0.2184,0.0125,0.0431,0.0114,0.2897,0.0042,0.3728,0.3725,0.2862,0.5197,0.3592,0.1464,0.2366,0.2099,0.2356,0.3877,0.2766,0.2079,0.1536
2017_NAT_IMMUNOL_Yu___H3K27me3_P14-CD8-MP,8024,0.2778,0.2682,0.3814,0.0837,0.0088,0.2599,0.1119,0.1533,0.0163,0.1311,0.2850,0.2514,0.1247,0.1707,0.2688,0.0199,0.1905,0.3550,0.3603,0.3067,0.3223,0.3469,0.3124,0.3393,0.3046,0.2135,0.2288,0.2390,0.3210,0.3516,0.3680,0.3402,0.3544,0.3577,0.7028,1.0000,0.2072,0.2540,0.3137,0.3063,0.2707,0.3572,0.3610,0.3343,0.5753,0.4973,0.2600,0.2824,0.2665,0.0157,0.2811,0.0237,0.1585,0.2647,0.0186,0.2904,0.3292,0.2692,0.0679,0.3801,0.3269,0.2488,0.0409,0.2130,0.0129,0.0434,0.0150,0.2776,0.0050,0.3525,0.3515,0.2635,0.5259,0.3351,0.1380,0.2356,0.2034,0.2243,0.3667,0.2707,0.1954,0.1409
2017_NAT_IMMUNOL_Yu___H3K27me3_P14-CD8-Memory,2344,0.0444,0.0424,0.0850,0.0607,0.0056,0.0570,0.0257,0.0719,0.0134,0.0580,0.0578,0.0530,0.0535,0.0758,0.0766,0.0154,0.0627,0.0738,0.0779,0.0492,0.0598,0.0713,0.0518,0.0683,0.0486,0.0383,0.0382,0.0395,0.0606,0.0765,0.0788,0.0685,0.0831,0.4201,0.1982,0.2072,1.0000,0.0374,0.0524,0.0475,0.0416,0.0745,0.0774,0.0917,0.2809,0.3283,0.0403,0.0452,0.0589,0.0136,0.0507,0.0207,0.0648,0.0583,0.0103,0.0727,0.0720,0.0500,0.0354,0.0811,0.0776,0.0785,0.0211,0.0687,0.0102,0.0410,0.0109,0.0828,0.0058,0.0773,0.0722,0.0471,0.2536,0.0611,0.0353,0.0731,0.0710,0.0792,0.0788,0.0646,0.0529,0.0514
2017_NAT_IMMUNOL_Yu___H3K27ac_P14-CD8-TN,6290,0.6498,0.6449,0.6045,0.0720,0.0038,0.4550,0.1779,0.1336,0.0067,0.1427,0.5624,0.4867,0.1407,0.1740,0.3395,0.0189,0.2496,0.6274,0.6213,0.6773,0.6592,0.6339,0.6592,0.6424,0.6754,0.6086,0.6083,0.5703,0.6698,0.6097,0.6058,0.6319,0.6003,0.0679,0.2792,0.2540,0.0374,1.0000,0.6730,0.6928,0.7555,0.6071,0.6100,0.3951,0.1709,0.1290,0.6984,0.6750,0.4843,0.0080,0.5351,0.0168,0.1591,0.4899,0.0172,0.4241,0.4907,0.5157,0.0641,0.5505,0.3831,0.2839,0.0666,0.2407,0.0206,0.0328,0.0135,0.3137,0.0034,0.6365,0.6104,0.6145,0.1746,0.6286,0.2888,0.2316,0.2387,0.2491,0.5991,0.2988,0.3024,0.1977
2017_NAT_IMMUNOL_Yu___H3K27ac_P14-CD8-TE,11362,0.7539,0.7174,0.8428,0.0672,0.0036,0.4414,0.1573,0.1295,0.0083,0.1333,0.6067,0.4731,0.1294,0.1695,0.3519,0.0170,0.2435,0.8654,0.8629,0.8990,0.8819,0.8600,0.8921,0.8705,0.8930,0.5624,0.6761,0.6053,0.8724,0.8156,0.8564,0.8436,0.7903,0.0972,0.3404,0.3137,0.0524,0.6730,1.0000,0.9234,0.7730,0.8378,0.8317,0.4723,0.2060,0.1626,0.8315,0.8633,0.4756,0.0086,0.5689,0.0152,0.1477,0.4843,0.0170,0.4477,0.5440,0.5508,0.0580,0.7488,0.4464,0.3070,0.0550,0.2536,0.0173,0.0324,0.0104,0.3462,0.0030,0.8626,0.8246,0.7183,0.2249,0.8758,0.2695,0.2437,0.2336,0.2545,0.8370,0.3195,0.2602,0.1687
2017_NAT_IMMUNOL_Yu___H3K27ac_P14-CD8-MP,10683,0.7629,0.7262,0.8271,0.0679,0.0037,0.4548,0.1618,0.1312,0.0079,0.1353,0.6161,0.4793,0.1314,0.1724,0.3512,0.0171,0.2459,0.8550,0.8511,0.8980,0.8786,0.8504,0.8874,0.8635,0.8957,0.5731,0.6842,0.6222,0.8830,0.8034,0.8354,0.8329,0.7769,0.0924,0.3304,0.3063,0.0475,0.6928,0.9234,1.0000,0.7917,0.8260,0.8239,0.4703,0.2002,0.1590,0.8500,0.8674,0.4853,0.0092,0.5758,0.0153,0.1508,0.4903,0.0162,0.4520,0.5458,0.5588,0.0588,0.7331,0.4444,0.3050,0.0561,0.2560,0.0187,0.0329,0.0107,0.3442,0.0031,0.8572,0.8127,0.7200,0.2165,0.8591,0.2788,0.2429,0.2337,0.2561,0.8203,0.3198,0.2657,0.1749
2017_NAT_IMMUNOL_Yu___H3K27ac_P14-CD8-Memory,7810,0.7065,0.6951,0.6846,0.0728,0.0044,0.4596,0.1730,0.1364,0.0084,0.1429,0.5949,0.4924,0.1403,0.1783,0.3522,0.0188,0.2522,0.7152,0.7081,0.7686,0.7432,0.7089,0.7487,0.7238,0.7675,0.5846,0.6513,0.5957,0.7529,0.6890,0.6947,0.7149,0.6851,0.0780,0.2931,0.2707,0.0416,0.7555,0.7730,0.7917,1.0000,0.6858,0.6838,0.4405,0.1782,0.1380,0.7793,0.7608,0.4862,0.0088,0.5650,0.0165,0.1571,0.4968,0.0177,0.4473,0.5274,0.5496,0.0651,0.6160,0.4184,0.2988,0.0595,0.2512,0.0210,0.0340,0.0122,0.3362,0.0033,0.7186,0.6917,0.6684,0.1932,0.7198,0.2814,0.2451,0.2401,0.2583,0.6844,0.3231,0.2889,0.1885
2017_NAT_IMMUNOL_Shan___H3K4Me3_LCMVarmD4-P14-CD8-WT,12441,0.7145,0.6764,0.8895,0.0662,0.0047,0.4433,0.1531,0.1265,0.0098,0.1309,0.5995,0.4605,0.1274,0.1697,0.3444,0.0163,0.2317,0.8895,0.8962,0.8272,0.8447,0.8710,0.8353,0.8651,0.8229,0.5169,0.6131,0.5613,0.8446,0.7853,0.8369,0.7884,0.7538,0.1293,0.3767,0.3572,0.0745,0.6071,0.8378,0.8260,0.6858,1.0000,0.9555,0.4666,0.2451,0.1988,0.7657,0.8185,0.4655,0.0092,0.5419,0.0163,0.1432,0.4585,0.0163,0.4355,0.5288,0.5195,0.0551,0.7773,0.4381,0.3013,0.0522,0.2505,0.0172,0.0322,0.0107,0.3364,0.0036,0.8787,0.7884,0.6691,0.2655,0.8318,0.2666,0.2381,0.2201,0.2422,0.8206,0.3034,0.2475,0.1620
2017_NAT_IMMUNOL_Shan___H3K4Me3_LCMVarmD4-P14-CD8-Runx3KO,12244,0.7112,0.6739,0.8950,0.0671,0.0048,0.4459,0.1542,0.1286,0.0099,0.1317,0.6014,0.4628,0.1288,0.1706,0.3470,0.0168,0.2349,0.8852,0.8914,0.8221,0.8438,0.8691,0.8308,0.8632,0.8213,0.5181,0.6134,0.5619,0.8524,0.7816,0.8317,0.7843,0.7499,0.1310,0.3812,0.3610,0.0774,0.6100,0.8317,0.8239,0.6838,0.9555,1.0000,0.4677,0.2494,0.2031,0.7652,0.8199,0.4666,0.0093,0.5424,0.0165,0.1449,0.4575,0.0162,0.4409,0.5309,0.5194,0.0559,0.7704,0.4381,0.3041,0.0523,0.2539,0.0171,0.0339,0.0105,0.3381,0.0039,0.8883,0.7843,0.6662,0.2696,0.8270,0.2676,0.2384,0.2195,0.2411,0.8159,0.3029,0.2501,0.1635
2017_NAT_IMMUNOL_Shan___H3K4Me1_LCMVarmD4-P14-CD8-Runx3KO,5794,0.4396,0.4382,0.4633,0.1102,0.0028,0.3307,0.1452,0.1948,0.0088,0.1882,0.4161,0.3671,0.1784,0.2229,0.3653,0.0221,0.3038,0.4599,0.4600,0.4668,0.4667,0.4701,0.4654,0.4720,0.4664,0.3607,0.4129,0.3890,0.4590,0.5052,0.4653,0.4968,0.5108,0.1406,0.3463,0.3343,0.0917,0.3951,0.4723,0.4703,0.4405,0.4666,0.4677,1.0000,0.2575,0.2156,0.4482,0.4693,0.3924,0.0099,0.4402,0.0232,0.1968,0.4120,0.0226,0.4430,0.4672,0.4470,0.0943,0.4245,0.4571,0.3624,0.0641,0.3078,0.0204,0.0487,0.0127,0.3895,0.0033,0.4555,0.4775,0.4236,0.2233,0.4628,0.2020,0.3125,0.3257,0.3558,0.4606,0.4481,0.2812,0.2101
2017_NAT_IMMUNOL_Shan___H3K27Me3_LCMVarmD4-P14-CD8-WT,5983,0.1776,0.1704,0.2641,0.0873,0.0118,0.2025,0.0887,0.1529,0.0143,0.1161,0.2084,0.1843,0.1140,0.1475,0.2113,0.0195,0.1535,0.2445,0.2509,0.2003,0.2171,0.2371,0.2041,0.2311,0.1981,0.1466,0.1582,0.1623,0.2194,0.2403,0.2491,0.2304,0.2421,0.4252,0.5818,0.5753,0.2809,0.1709,0.2060,0.2002,0.1782,0.2451,0.2494,0.2575,1.0000,0.6698,0.1634,0.1815,0.1925,0.0126,0.1954,0.0258,0.1555,0.1906,0.0186,0.2148,0.2395,0.1845,0.0647,0.2632,0.2497,0.2070,0.0353,0.1778,0.0132,0.0385,0.0108,0.2270,0.0036,0.2465,0.2382,0.1706,0.5339,0.2243,0.0982,0.2030,0.1675,0.1952,0.2516,0.1948,0.1539,0.1217
2017_NAT_IMMUNOL_Shan___H3K27Me3_LCMVarmD4-P14-CD8-Runx3KO,5135,0.1405,0.1355,0.2159,0.0784,0.0132,0.1647,0.0738,0.1352,0.0140,0.1010,0.1655,0.1457,0.0967,0.1314,0.1778,0.0170,0.1363,0.1990,0.2038,0.1553,0.1731,0.1888,0.1599,0.1850,0.1532,0.1164,0.1250,0.1336,0.1778,0.1938,0.2025,0.1816,0.1971,0.4739,0.4903,0.4973,0.3283,0.1290,0.1626,0.1590,0.1380,0.1988,0.2031,0.2156,0.6698,1.0000,0.1277,0.1391,0.1556,0.0141,0.1548,0.0246,0.1281,0.1547,0.0138,0.1793,0.1959,0.1433,0.0592,0.2166,0.2065,0.1729,0.0291,0.1572,0.0084,0.0493,0.0163,0.1963,0.0055,0.2010,0.1937,0.1360,0.5249,0.1781,0.0823,0.1829,0.1476,0.1676,0.2050,0.1598,0.1321,0.1016
2017_NAT_IMMUNOL_Shan___H3K27Ac_LCMVarmD4-P14-CD8-WT,9399,0.7423,0.7195,0.7525,0.0691,0.0038,0.4556,0.1697,0.1295,0.0072,0.1402,0.6201,0.4889,0.1339,0.1701,0.3399,0.0175,0.2441,0.7770,0.7745,0.8265,0.8062,0.7833,0.8178,0.7964,0.8315,0.5857,0.6935,0.6258,0.8147,0.7226,0.7436,0.7566,0.7084,0.0757,0.2841,0.2600,0.0403,0.6984,0.8315,0.8500,0.7793,0.7657,0.7652,0.4482,0.1634,0.1277,1.0000,0.8718,0.4910,0.0079,0.5809,0.0155,0.1474,0.4917,0.0158,0.4489,0.5254,0.5651,0.0611,0.6668,0.4263,0.3012,0.0617,0.2526,0.0211,0.0339,0.0107,0.3327,0.0031,0.7865,0.7330,0.7112,0.1853,0.7691,0.2934,0.2355,0.2302,0.2507,0.7330,0.3125,0.2700,0.1811
2017_NAT_IMMUNOL_Shan___H3K27Ac_LCMVarmD4-P14-CD8-Runx3KO,9882,0.7485,0.7158,0.7968,0.0715,0.0036,0.4503,0.1657,0.1329,0.0082,0.1422,0.6163,0.4848,0.1380,0.1782,0.3584,0.0168,0.2541,0.8078,0.8038,0.8447,0.8321,0.8067,0.8395,0.8205,0.8514,0.5649,0.6688,0.6016,0.8237,0.7579,0.7724,0.7840,0.7404,0.0821,0.3050,0.2824,0.0452,0.6750,0.8633,0.8674,0.7608,0.8185,0.8199,0.4693,0.1815,0.1391,0.8718,1.0000,0.4939,0.0092,0.5810,0.0161,0.1525,0.4941,0.0178,0.4646,0.5438,0.5667,0.0610,0.6939,0.4496,0.3157,0.0588,0.2647,0.0195,0.0345,0.0112,0.3481,0.0033,0.8052,0.7623,0.7108,0.1983,0.8008,0.2851,0.2464,0.2382,0.2617,0.7620,0.3249,0.2704,0.1801
2017_NAT_IMMUNOL_Shan___CBFb_Naive_P14-CD8-WT,5180,0.4670,0.4719,0.4599,0.0994,0.0056,0.4493,0.2258,0.1694,0.0192,0.1613,0.4851,0.4426,0.1546,0.2005,0.3333,0.0265,0.2722,0.4545,0.4546,0.4742,0.4711,0.4649,0.4702,0.4664,0.4763,0.3994,0.4348,0.4195,0.4715,0.4535,0.4395,0.4678,0.4526,0.0971,0.2753,0.2665,0.0589,0.4843,0.4756,0.4853,0.4862,0.4655,0.4666,0.3924,0.1925,0.1556,0.4910,0.4939,1.0000,0.0210,0.5801,0.0306,0.1903,0.4839,0.0202,0.4204,0.4489,0.4903,0.0917,0.4266,0.3914,0.3188,0.0776,0.2817,0.0265,0.0467,0.0176,0.3460,0.0085,0.4593,0.4533,0.4527,0.1759,0.4501,0.2528,0.2682,0.3136,0.3239,0.4416,0.3364,0.2943,0.2315
2017_NAT_IMMUNOL_Shan___CBFb_Naive_P14-CD8-CbfbKO,227,0.0125,0.0128,0.0113,0.0177,0.0000,0.0098,0.0226,0.0198,0.5172,0.0153,0.0100,0.0080,0.0097,0.0522,0.0157,0.0816,0.0087,0.0083,0.0086,0.0076,0.0079,0.0086,0.0081,0.0081,0.0086,0.0070,0.0071,0.0078,0.0073,0.0088,0.0083,0.0085,0.0086,0.0182,0.0133,0.0157,0.0136,0.0080,0.0086,0.0092,0.0088,0.0092,0.0093,0.0099,0.0126,0.0141,0.0079,0.0092,0.0210,1.0000,0.0205,0.3590,0.0486,0.0113,0.0194,0.0236,0.0197,0.0107,0.0348,0.0100,0.0122,0.0107,0.0041,0.0152,0.0000,0.0909,0.1549,0.0118,0.3409,0.0097,0.0092,0.0089,0.0126,0.0084,0.0101,0.0170,0.0118,0.0117,0.0088,0.0102,0.0190,0.0227
2017_NAT_IMMUNOL_Shan___CBFb_LCMVarmD8_P14-CD8-WT,6201,0.5469,0.5420,0.5356,0.1064,0.0034,0.4662,0.2129,0.1787,0.0194,0.1602,0.5368,0.4721,0.1522,0.2029,0.3496,0.0237,0.2639,0.5330,0.5321,0.5613,0.5523,0.5480,0.5556,0.5495,0.5663,0.4444,0.5075,0.4783,0.5507,0.5400,0.5236,0.5601,0.5456,0.0890,0.2977,0.2811,0.0507,0.5351,0.5689,0.5758,0.5650,0.5419,0.5424,0.4402,0.1954,0.1548,0.5809,0.5810,0.5801,0.0205,1.0000,0.0282,0.1819,0.5277,0.0242,0.4634,0.4962,0.6402,0.0955,0.4960,0.4361,0.3255,0.0693,0.2839,0.0237,0.0431,0.0165,0.3578,0.0083,0.5332,0.5396,0.5244,0.1932,0.5354,0.2795,0.2716,0.3241,0.3502,0.5185,0.3646,0.3119,0.2323
2016_SCIENCE_Mackay___Hobit_invitro-CD8,270,0.0207,0.0219,0.0171,0.0690,0.0000,0.0200,0.0304,0.0591,0.3095,0.0473,0.0199,0.0218,0.0404,0.0707,0.0306,0.0756,0.0314,0.0146,0.0152,0.0144,0.0146,0.0155,0.0150,0.0151,0.0154,0.0190,0.0163,0.0189,0.0147,0.0158,0.0143,0.0155,0.0159,0.0221,0.0247,0.0237,0.0207,0.0168,0.0152,0.0153,0.0165,0.0163,0.0165,0.0232,0.0258,0.0246,0.0155,0.0161,0.0306,0.3590,0.0282,1.0000,0.0922,0.0231,0.0325,0.0354,0.0291,0.0230,0.0656,0.0155,0.0250,0.0306,0.0350,0.0333,0.0320,0.1446,0.1304,0.0319,0.2273,0.0162,0.0158,0.0164,0.0210,0.0146,0.0230,0.0392,0.0402,0.0418,0.0145,0.0288,0.0335,0.0381
2016_SCIENCE_Mackay___Blimp1-Bio_invitro-CD8,1716,0.1586,0.1579,0.1429,0.1627,0.0071,0.1536,0.0981,0.2488,0.0446,0.1977,0.1566,0.1708,0.1951,0.2441,0.2286,0.0414,0.2256,0.1404,0.1418,0.1477,0.1440,0.1419,0.1448,0.1450,0.1468,0.1481,0.1466,0.1531,0.1422,0.1494,0.1374,0.1501,0.1542,0.0905,0.1565,0.1585,0.0648,0.1591,0.1477,0.1508,0.1571,0.1432,0.1449,0.1968,0.1555,0.1281,0.1474,0.1525,0.1903,0.0486,0.1819,0.0922,1.0000,0.1769,0.0361,0.2375,0.2112,0.1812,0.1237,0.1301,0.2197,0.2355,0.0570,0.2285,0.0185,0.0918,0.0357,0.2518,0.0220,0.1413,0.1446,0.1479,0.1176,0.1406,0.1136,0.2650,0.2271,0.2459,0.1358,0.2543,0.1781,0.1686
2016_NAT_IMMUNOL_Xing___Tcf1_naive-CD8-WT,5013,0.4719,0.4750,0.4533,0.0995,0.0045,0.3897,0.1997,0.1713,0.0101,0.1772,0.4654,0.4123,0.1692,0.2084,0.3449,0.0231,0.2816,0.4558,0.4567,0.4841,0.4708,0.4667,0.4770,0.4670,0.4837,0.4280,0.4466,0.4280,0.4678,0.4761,0.4489,0.4806,0.4741,0.0966,0.2720,0.2647,0.0583,0.4899,0.4843,0.4903,0.4968,0.4585,0.4575,0.4120,0.1906,0.1547,0.4917,0.4941,0.4839,0.0113,0.5277,0.0231,0.1769,1.0000,0.0236,0.4463,0.4699,0.5326,0.0918,0.4193,0.4105,0.3255,0.0765,0.2990,0.0271,0.0462,0.0130,0.3397,0.0028,0.4554,0.4649,0.4551,0.1773,0.4611,0.2910,0.2725,0.3328,0.3313,0.4473,0.3603,0.3385,0.2460
2016_NAT_IMMUNOL_Roychoudhuri___p300_invitro-CD8-WT,185,0.0163,0.0162,0.0160,0.0198,0.0000,0.0213,0.0201,0.0447,0.0000,0.0298,0.0164,0.0166,0.0305,0.0357,0.0284,0.0160,0.0270,0.0160,0.0158,0.0159,0.0152,0.0155,0.0159,0.0148,0.0166,0.0160,0.0155,0.0175,0.0156,0.0176,0.0164,0.0170,0.0169,0.0132,0.0222,0.0186,0.0103,0.0172,0.0170,0.0162,0.0177,0.0163,0.0162,0.0226,0.0186,0.0138,0.0158,0.0178,0.0202,0.0194,0.0242,0.0325,0.0361,0.0236,1.0000,0.0300,0.0258,0.0235,0.0360,0.0156,0.0307,0.0341,0.0076,0.0344,0.0159,0.0385,0.0098,0.0281,0.0000,0.0159,0.0170,0.0154,0.0155,0.0165,0.0179,0.0371,0.0317,0.0308,0.0164,0.0340,0.0293,0.0283
2016_NAT_IMMUNOL_Roychoudhuri___JunD_invitro-stim-CD8-WT,5885,0.4369,0.4292,0.4303,0.1230,0.0053,0.3246,0.1628,0.2330,0.0230,0.2227,0.4212,0.3752,0.2160,0.2872,0.4445,0.0293,0.3199,0.4323,0.4328,0.4478,0.4363,0.4336,0.4434,0.4344,0.4497,0.3751,0.4030,0.3899,0.4308,0.4487,0.4269,0.4548,0.4610,0.1154,0.3008,0.2904,0.0727,0.4241,0.4477,0.4520,0.4473,0.4355,0.4409,0.4430,0.2148,0.1793,0.4489,0.4646,0.4204,0.0236,0.4634,0.0354,0.2375,0.4463,0.0300,1.0000,0.6927,0.4744,0.0997,0.4001,0.5475,0.4405,0.0861,0.3809,0.0275,0.0689,0.0225,0.4879,0.0101,0.4280,0.4547,0.4277,0.2087,0.4418,0.2354,0.4064,0.3245,0.3572,0.4257,0.4083,0.2861,0.2108
2016_NAT_IMMUNOL_Roychoudhuri___JunD_invitro-stim-CD8-Bach2KO,7855,0.5083,0.4940,0.5318,0.1022,0.0065,0.3543,0.1607,0.2047,0.0183,0.1977,0.4692,0.4001,0.1907,0.2556,0.4556,0.0243,0.3107,0.5342,0.5321,0.5464,0.5293,0.5249,0.5411,0.5280,0.5420,0.4252,0.4665,0.4432,0.5228,0.5489,0.5338,0.5505,0.5521,0.1208,0.3430,0.3292,0.0720,0.4907,0.5440,0.5458,0.5274,0.5288,0.5309,0.4672,0.2395,0.1959,0.5254,0.5438,0.4489,0.0197,0.4962,0.0291,0.2112,0.4699,0.0258,0.6927,1.0000,0.4952,0.0850,0.4968,0.5714,0.4252,0.0738,0.3569,0.0253,0.0577,0.0178,0.4820,0.0080,0.5257,0.5630,0.4991,0.2392,0.5501,0.2413,0.3851,0.2970,0.3275,0.5308,0.4103,0.2849,0.2017
2015_JEM_Dominguez___Tbet_LCMVarm-D8-CD8-Zeb2KO,5711,0.5277,0.5213,0.5065,0.1143,0.0041,0.4135,0.1995,0.1930,0.0117,0.1747,0.4961,0.4389,0.1651,0.2048,0.3516,0.0235,0.2869,0.5101,0.5091,0.5438,0.5309,0.5217,0.5339,0.5248,0.5437,0.4494,0.4995,0.4683,0.5296,0.5234,0.5008,0.5426,0.5290,0.0891,0.2830,0.2692,0.0500,0.5157,0.5508,0.5588,0.5496,0.5195,0.5194,0.4470,0.1845,0.1433,0.5651,0.5667,0.4903,0.0107,0.6402,0.0230,0.1812,0.5326,0.0235,0.4744,0.4952,1.0000,0.0989,0.4643,0.4473,0.3376,0.0738,0.2904,0.0261,0.0435,0.0154,0.3665,0.0041,0.5086,0.5185,0.5142,0.1767,0.5144,0.3186,0.2765,0.3300,0.3546,0.4962,0.3759,0.3151,0.2333
