ChIP,ChIP gene #,2021_GoldrathLab_Brd4___BRD4_TE-CD8,2021_GoldrathLab_Brd4___BRD4_NAV-CD8,2021_GoldrathLab_Brd4___BRD4_MP-CD8,2020_PNAS_KwesiMaliepaard___H3K79me2_naive-CD8,2020_PNAS_KwesiMaliepaard___H3K79me2_mem-CD8,2020_PNAS_KwesiMaliepaard___H3K4me3_mem-CD8,2019_IMMUNITY_Veeken___Eomes_LCMV-d07-CD8,2018_SCIENCE_Pace_native___H3K9me3_native_invitro-d3-CD8-WT,2018_IMMUNITY_Page___Tox_LCMVova_CNS-OTI-CD8-WT,2018_IMMUNITY_Page___Tox_LCMVova_CNS-OTI-CD8-ToxKO,2018_FRONTIERS_IMMUNOL_Li___Eomes_invitro-act-OTI-EomesOE,2017_PNAS_Li___STAT5B_noIL2-CD8,2017_PNAS_Li___STAT5B_IL2-WT-CD4,2017_PNAS_Li___STAT5B_IL2-UP-deletion-CD4,2017_PNAS_Li___STAT5B_IL2-IN2-deletion-CD4,2017_PNAS_Li___STAT5B_IL2-IN1-deletion-CD4,2017_PNAS_Li___STAT5B_IL2-CD8,2017_PNAS_Li___STAT5B_IL2-CD4,2017_PNAS_Li___STAT3_noIL21-CD4,2017_PNAS_Li___STAT3_IL21-CD4,2017_PNAS_Li___H3K4me3-noIL2-CD4,2017_PNAS_Li___H3K4me3_IL2-CD4,2017_PNAS_Li___H3K27Ac-noIL2-CD4,2017_PNAS_Li___H3K27Ac_IL2-WT-CD4,2017_PNAS_Li___H3K27Ac_IL2-UP-deletion-CD4,2017_PNAS_Li___H3K27Ac_IL2-IN2-deletion-CD4,2017_PNAS_Li___H3K27Ac_IL2-IN1-deletion-CD4,2017_PNAS_Li___H3K27Ac_IL2-CD4,2017_NAT_IMMUNOL_Yu___H3K4me3_P14-CD8-TN,2017_NAT_IMMUNOL_Yu___H3K4me3_P14-CD8-TE,2017_NAT_IMMUNOL_Yu___H3K4me3_P14-CD8-MP,2017_NAT_IMMUNOL_Yu___H3K4me3_P14-CD8-Memory,2017_NAT_IMMUNOL_Yu___H3K4me1_P14-CD8-TN,2017_NAT_IMMUNOL_Yu___H3K4me1_P14-CD8-TE,2017_NAT_IMMUNOL_Yu___H3K4me1_P14-CD8-MP,2017_NAT_IMMUNOL_Yu___H3K4me1_P14-CD8-Memory,2017_NAT_IMMUNOL_Yu___H3K27me3_P14-CD8-TN,2017_NAT_IMMUNOL_Yu___H3K27me3_P14-CD8-TE,2017_NAT_IMMUNOL_Yu___H3K27me3_P14-CD8-MP,2017_NAT_IMMUNOL_Yu___H3K27me3_P14-CD8-Memory,2017_NAT_IMMUNOL_Yu___H3K27ac_P14-CD8-TN,2017_NAT_IMMUNOL_Yu___H3K27ac_P14-CD8-TE,2017_NAT_IMMUNOL_Yu___H3K27ac_P14-CD8-MP,2017_NAT_IMMUNOL_Yu___H3K27ac_P14-CD8-Memory,2017_NAT_IMMUNOL_Shan___H3K4Me3_LCMVarmD4-P14-CD8-WT,2017_NAT_IMMUNOL_Shan___H3K4Me3_LCMVarmD4-P14-CD8-Runx3KO,2017_NAT_IMMUNOL_Shan___H3K4Me1_LCMVarmD4-P14-CD8-Runx3KO,2017_NAT_IMMUNOL_Shan___H3K27Me3_LCMVarmD4-P14-CD8-WT,2017_NAT_IMMUNOL_Shan___H3K27Me3_LCMVarmD4-P14-CD8-Runx3KO,2017_NAT_IMMUNOL_Shan___H3K27Ac_LCMVarmD4-P14-CD8-WT,2017_NAT_IMMUNOL_Shan___H3K27Ac_LCMVarmD4-P14-CD8-Runx3KO,2017_NAT_IMMUNOL_Shan___CBFb_Naive_P14-CD8-WT,2017_NAT_IMMUNOL_Shan___CBFb_Naive_P14-CD8-CbfbKO,2017_NAT_IMMUNOL_Shan___CBFb_LCMVarmD8_P14-CD8-WT,2016_SCIENCE_Mackay___Hobit_invitro-CD8,2016_SCIENCE_Mackay___Blimp1-Bio_invitro-CD8,2016_NAT_IMMUNOL_Xing___Tcf1_naive-CD8-WT,2016_NAT_IMMUNOL_Roychoudhuri___p300_invitro-CD8-WT,2016_NAT_IMMUNOL_Roychoudhuri___JunD_invitro-stim-CD8-WT,2016_NAT_IMMUNOL_Roychoudhuri___JunD_invitro-stim-CD8-Bach2KO,2015_JEM_Dominguez___Tbet_LCMVarm-D8-CD8-Zeb2KO,2015_JEM_Dominguez___Tbet_LCMVarm-D8-CD8-WT,2015_JEM_Dominguez___Tbet_LCMVarm-D8-CD8-Il12-WT,2015_IMMUNITY_Martinez___Nfat1_invitro-CD8-PI-1h-WT,2015_IMMUNITY_Martinez___Nfat1_invitro-CD8-PI-1h-Nfat1KO-CA-RIT-RV,2015_IMMUNITY_Martinez___Nfat1_invitro-CD8-PI-1h-Nfat1KO,2015_IMMUNITY_Martinez___Nfat1_invitro-CD8-Nfat1KO-CA-RIT-RV,2015_IMMUNITY_Martinez___Nfat1_invitro-CD8-Nfat1KO,2014_NAT_IMMUNOL_Kurachi___JunD-invitro-d3-CD8,2014_NAT_IMMUNOL_Kurachi___JunB-invitro-d3-CD8,2014_NAT_IMMUNOL_Kurachi___IRF4-invitro-d3-CD8,2014_NAT_IMMUNOL_Kurachi___IgG-invitro-d3-CD8,2014_NAT_IMMUNOL_Kurachi___H3K4me3-invitro-d3-CD8,2014_NAT_IMMUNOL_Kurachi___H3K4me1-invitro-d3-CD8,2014_NAT_IMMUNOL_Kurachi___H3K36me3-invitro-d3-CD8,2014_NAT_IMMUNOL_Kurachi___H3K27me3-invitro-d3-CD8,2014_NAT_IMMUNOL_Kurachi___H3K27ac-invitro-d3-CD8,2014_NAT_IMMUNOL_Kurachi___cJun-invitro-d3-CD8,2014_NAT_IMMUNOL_Kurachi___BATF-invitro-d3-CD8,2013_PLOS_ONE_Lotem___Runx3_invitro-NAV-CD8,2013_PLOS_ONE_Lotem___Runx3_invitro-Il2-CD8,2013_PLOS_ONE_Lotem___H3K4me1_invitro-NAV-CD8,2013_PLOS_ONE_Lotem___H3K4me1_invitro-Il2-CD8,2013_IMMUNITY_KIM___Foxo1_naive-CD8-WT,2013_IMMUNITY_KIM___Foxo1_Biotin_naive-CD8-WT
2021_GoldrathLab_Brd4___BRD4_TE-CD8,8410,1.0000,0.7274,0.7465,0.6533,0.6244,0.7218,0.0703,0.0032,0.4229,0.1712,0.1215,0.0074,0.1390,0.5816,0.4406,0.1332,0.1731,0.3371,0.0145,0.2275,0.7160,0.7144,0.7290,0.7203,0.7150,0.7245,0.7134,0.7313,0.5305,0.6190,0.5777,0.7186,0.6832,0.7045,0.7155,0.6733,0.0816,0.2808,0.2603,0.0363,0.6067,0.7429,0.7519,0.6858,0.7235,0.7222,0.3973,0.1585,0.1203,0.7609,0.7609,0.4551,0.0064,0.5981,0.0148,0.1185,0.4614,0.0148,0.4592,0.5367,0.5662,0.0464,0.7067,0.4159,0.2975,0.0633,0.2575,0.0193,0.0311,0.0077,0.3231,0.0023,0.7121,0.7099,0.6673,0.2073,0.7134,0.3127,0.2295,0.1872,0.2269,0.7076,0.2627,0.2014,0.1331
2021_GoldrathLab_Brd4___BRD4_NAV-CD8,7333,0.7274,1.0000,0.7196,0.6053,0.5836,0.6061,0.0661,0.0031,0.4127,0.1849,0.1153,0.0076,0.1451,0.5420,0.4424,0.1380,0.1774,0.3293,0.0176,0.2237,0.6078,0.6054,0.6166,0.6127,0.6045,0.6139,0.6070,0.6187,0.5088,0.5536,0.5322,0.6170,0.5832,0.5921,0.6036,0.5790,0.0676,0.2556,0.2329,0.0339,0.6189,0.6210,0.6336,0.6460,0.5984,0.5972,0.3488,0.1432,0.1044,0.6432,0.6417,0.4671,0.0061,0.5457,0.0157,0.1208,0.4778,0.0137,0.4266,0.4916,0.5094,0.0464,0.5956,0.3750,0.2763,0.0680,0.2416,0.0225,0.0307,0.0073,0.3028,0.0015,0.6045,0.5976,0.5854,0.1861,0.6001,0.2946,0.2209,0.2045,0.2224,0.5945,0.2480,0.2187,0.1555
2021_GoldrathLab_Brd4___BRD4_MP-CD8,7086,0.7465,0.7196,1.0000,0.5819,0.5615,0.6026,0.0789,0.0038,0.4258,0.1905,0.1373,0.0084,0.1513,0.5451,0.4431,0.1441,0.1876,0.3468,0.0157,0.2367,0.6025,0.5982,0.6162,0.6080,0.5991,0.6061,0.5974,0.6163,0.4939,0.5483,0.5151,0.6083,0.5871,0.5913,0.6147,0.5937,0.0808,0.2675,0.2470,0.0347,0.5798,0.6269,0.6361,0.6329,0.6027,0.5991,0.3835,0.1526,0.1141,0.6401,0.6438,0.4664,0.0065,0.5760,0.0157,0.1239,0.4676,0.0165,0.4606,0.5231,0.5462,0.0537,0.5944,0.4197,0.3118,0.0689,0.2723,0.0234,0.0351,0.0084,0.3437,0.0019,0.5961,0.6037,0.5850,0.1891,0.5982,0.2824,0.2473,0.2099,0.2456,0.5941,0.2764,0.2115,0.1493
2020_PNAS_KwesiMaliepaard___H3K79me2_naive-CD8,8091,0.6533,0.6053,0.5819,1.0000,0.8487,0.6942,0.0569,0.0036,0.4031,0.1595,0.0971,0.0088,0.1237,0.5575,0.4291,0.1173,0.1583,0.3032,0.0147,0.2039,0.7072,0.7025,0.7243,0.7122,0.6948,0.7202,0.6988,0.7232,0.5643,0.6340,0.5942,0.7188,0.6937,0.7002,0.7165,0.6761,0.0648,0.2555,0.2372,0.0310,0.6061,0.7214,0.7287,0.6592,0.6871,0.6835,0.3620,0.1419,0.1022,0.7322,0.7315,0.4250,0.0069,0.5007,0.0150,0.1081,0.4171,0.0111,0.4120,0.4910,0.4768,0.0396,0.6811,0.3728,0.2605,0.0543,0.2245,0.0156,0.0269,0.0065,0.2871,0.0026,0.7078,0.7064,0.7207,0.1912,0.7063,0.2957,0.2042,0.1672,0.1947,0.7021,0.2366,0.1973,0.1266
2020_PNAS_KwesiMaliepaard___H3K79me2_mem-CD8,7425,0.6244,0.5836,0.5615,0.8487,1.0000,0.6390,0.0582,0.0036,0.4018,0.1658,0.0969,0.0089,0.1245,0.5329,0.4211,0.1186,0.1555,0.2996,0.0156,0.2118,0.6494,0.6447,0.6651,0.6576,0.6400,0.6607,0.6450,0.6644,0.5465,0.6026,0.5745,0.6599,0.6537,0.6430,0.6697,0.6436,0.0605,0.2465,0.2316,0.0288,0.5972,0.6646,0.6712,0.6347,0.6327,0.6302,0.3574,0.1354,0.1006,0.6818,0.6748,0.4178,0.0075,0.4789,0.0156,0.1073,0.4121,0.0110,0.3984,0.4650,0.4622,0.0406,0.6267,0.3619,0.2552,0.0588,0.2197,0.0170,0.0278,0.0068,0.2794,0.0025,0.6478,0.6533,0.6754,0.1792,0.6472,0.2907,0.2051,0.1662,0.1893,0.6444,0.2392,0.2014,0.1307
2020_PNAS_KwesiMaliepaard___H3K4me3_mem-CD8,14161,0.7218,0.6061,0.6026,0.6942,0.6390,1.0000,0.0548,0.0032,0.4200,0.1431,0.1014,0.0074,0.1215,0.6130,0.4451,0.1168,0.1555,0.3230,0.0128,0.2040,0.9368,0.9417,0.8965,0.9053,0.9330,0.9092,0.9238,0.8982,0.5120,0.6507,0.5880,0.9041,0.8151,0.9184,0.8405,0.7719,0.1128,0.3328,0.3092,0.0548,0.5569,0.8895,0.8719,0.6661,0.9356,0.9315,0.4091,0.1999,0.1520,0.8307,0.8602,0.4048,0.0061,0.5223,0.0128,0.1064,0.4038,0.0115,0.4208,0.5304,0.4837,0.0351,0.9096,0.4158,0.2786,0.0524,0.2391,0.0159,0.0260,0.0064,0.3060,0.0020,0.9357,0.8631,0.7566,0.2532,0.9077,0.2880,0.2111,0.1502,0.1903,0.9102,0.2321,0.1728,0.1066
2019_IMMUNITY_Veeken___Eomes_LCMV-d07-CD8,821,0.0703,0.0661,0.0789,0.0569,0.0582,0.0548,1.0000,0.0000,0.0612,0.0582,0.3057,0.0077,0.1574,0.0675,0.0740,0.1487,0.1622,0.1125,0.0443,0.1353,0.0521,0.0522,0.0549,0.0528,0.0539,0.0527,0.0518,0.0549,0.0496,0.0550,0.0575,0.0514,0.0581,0.0530,0.0591,0.0635,0.0667,0.0821,0.0785,0.0569,0.0540,0.0557,0.0564,0.0591,0.0563,0.0560,0.1038,0.0798,0.0691,0.0556,0.0573,0.0868,0.0159,0.0940,0.0599,0.1592,0.0828,0.0294,0.1074,0.0887,0.1018,0.2328,0.0557,0.1086,0.1254,0.0536,0.1294,0.0273,0.1100,0.0320,0.1311,0.0042,0.0509,0.0565,0.0580,0.0688,0.0531,0.0657,0.1403,0.1644,0.2056,0.0529,0.1611,0.0757,0.1005
2018_SCIENCE_Pace_native___H3K9me3_native_invitro-d3-CD8-WT,214,0.0032,0.0031,0.0038,0.0036,0.0036,0.0032,0.0000,1.0000,0.0056,0.0049,0.0023,0.0238,0.0038,0.0034,0.0031,0.0020,0.0044,0.0056,0.0317,0.0046,0.0031,0.0031,0.0032,0.0032,0.0032,0.0029,0.0032,0.0032,0.0031,0.0028,0.0023,0.0033,0.0032,0.0030,0.0031,0.0031,0.0080,0.0063,0.0045,0.0041,0.0041,0.0030,0.0031,0.0034,0.0033,0.0034,0.0023,0.0047,0.0076,0.0033,0.0030,0.0058,0.0270,0.0045,0.0156,0.0088,0.0046,0.0164,0.0054,0.0043,0.0039,0.0128,0.0032,0.0049,0.0057,0.0000,0.0067,0.0000,0.0081,0.0256,0.0081,0.0500,0.0031,0.0032,0.0035,0.0064,0.0030,0.0041,0.0076,0.0047,0.0049,0.0030,0.0040,0.0082,0.0044
2018_IMMUNITY_Page___Tox_LCMVova_CNS-OTI-CD8-WT,5045,0.4229,0.4127,0.4258,0.4031,0.4018,0.4200,0.0612,0.0056,1.0000,0.3099,0.1122,0.0078,0.1210,0.4522,0.4507,0.1147,0.1561,0.2740,0.0172,0.1913,0.4180,0.4186,0.4195,0.4265,0.4240,0.4170,0.4256,0.4201,0.3163,0.3503,0.3304,0.4322,0.4076,0.4060,0.4196,0.4067,0.1063,0.2703,0.2595,0.0512,0.4104,0.4223,0.4287,0.4366,0.4215,0.4240,0.2993,0.1917,0.1560,0.4257,0.4287,0.4157,0.0073,0.4311,0.0178,0.1203,0.3393,0.0133,0.3027,0.3406,0.3613,0.0400,0.4213,0.2969,0.2415,0.0515,0.2096,0.0204,0.0350,0.0101,0.2639,0.0028,0.4196,0.4129,0.4090,0.2085,0.4101,0.2060,0.2108,0.1420,0.1723,0.4084,0.2126,0.2008,0.1438
2018_IMMUNITY_Page___Tox_LCMVova_CNS-OTI-CD8-ToxKO,1603,0.1712,0.1849,0.1905,0.1595,0.1658,0.1431,0.0582,0.0049,0.3099,1.0000,0.0848,0.0128,0.0913,0.1788,0.2023,0.0902,0.1163,0.1422,0.0218,0.1253,0.1426,0.1427,0.1458,0.1465,0.1444,0.1445,0.1445,0.1457,0.1402,0.1430,0.1421,0.1480,0.1460,0.1384,0.1485,0.1484,0.0560,0.1171,0.1197,0.0295,0.1772,0.1471,0.1506,0.1724,0.1451,0.1457,0.1409,0.0866,0.0828,0.1565,0.1528,0.2234,0.0129,0.2110,0.0202,0.0824,0.1864,0.0155,0.1522,0.1532,0.1820,0.0490,0.1450,0.1390,0.1222,0.0658,0.1098,0.0305,0.0452,0.0112,0.1481,0.0049,0.1433,0.1444,0.1557,0.1064,0.1411,0.1119,0.1301,0.0985,0.1057,0.1402,0.1203,0.1673,0.1546
2018_FRONTIERS_IMMUNOL_Li___Eomes_invitro-act-OTI-EomesOE,1642,0.1215,0.1153,0.1373,0.0971,0.0969,0.1014,0.3057,0.0023,0.1122,0.0848,1.0000,0.0132,0.2418,0.1185,0.1281,0.2363,0.2722,0.2215,0.0321,0.2084,0.0978,0.0967,0.1012,0.0974,0.0992,0.0980,0.0977,0.1014,0.0919,0.1042,0.1017,0.0938,0.1084,0.0989,0.1084,0.1160,0.0965,0.1443,0.1368,0.0607,0.0919,0.1041,0.1047,0.1089,0.1030,0.1032,0.1785,0.1355,0.1086,0.1017,0.1057,0.1373,0.0179,0.1524,0.0477,0.2030,0.1352,0.0300,0.1999,0.1722,0.1626,0.1636,0.1007,0.2050,0.2399,0.0636,0.2513,0.0183,0.1266,0.0292,0.2725,0.0023,0.0964,0.1057,0.1048,0.1209,0.0998,0.0945,0.3222,0.2146,0.2842,0.0993,0.2493,0.1250,0.1071
2017_PNAS_Li___STAT5B_noIL2-CD8,282,0.0074,0.0076,0.0084,0.0088,0.0089,0.0074,0.0077,0.0238,0.0078,0.0128,0.0132,1.0000,0.0110,0.0060,0.0052,0.0096,0.0339,0.0091,0.1081,0.0113,0.0069,0.0069,0.0066,0.0069,0.0073,0.0072,0.0071,0.0064,0.0061,0.0072,0.0073,0.0071,0.0062,0.0067,0.0070,0.0066,0.0137,0.0091,0.0120,0.0077,0.0045,0.0068,0.0067,0.0061,0.0074,0.0075,0.0073,0.0069,0.0059,0.0074,0.0071,0.0133,0.4474,0.0118,0.2239,0.0281,0.0069,0.0260,0.0131,0.0111,0.0092,0.0174,0.0068,0.0098,0.0105,0.0000,0.0132,0.0000,0.0758,0.1633,0.0117,0.2667,0.0070,0.0064,0.0066,0.0090,0.0070,0.0106,0.0161,0.0107,0.0109,0.0068,0.0109,0.0135,0.0084
2017_PNAS_Li___STAT5B_IL2-WT-CD4,1746,0.1390,0.1451,0.1513,0.1237,0.1245,0.1215,0.1574,0.0038,0.1210,0.0913,0.2418,0.0110,1.0000,0.1683,0.2214,0.8303,0.5388,0.3592,0.0344,0.2878,0.1218,0.1219,0.1245,0.1235,0.1231,0.1240,0.1232,0.1247,0.1131,0.1237,0.1166,0.1188,0.1322,0.1189,0.1279,0.1387,0.0792,0.1269,0.1239,0.0503,0.1185,0.1259,0.1276,0.1370,0.1242,0.1246,0.1874,0.1102,0.0965,0.1270,0.1306,0.1510,0.0112,0.1506,0.0344,0.1797,0.1466,0.0216,0.2081,0.1883,0.1630,0.0921,0.1194,0.2082,0.2496,0.0617,0.2417,0.0243,0.0768,0.0168,0.2315,0.0038,0.1176,0.1265,0.1271,0.1058,0.1212,0.1025,0.2383,0.1815,0.2312,0.1204,0.2560,0.1439,0.1257
2017_PNAS_Li___STAT5B_IL2-UP-deletion-CD4,7602,0.5816,0.5420,0.5451,0.5575,0.5329,0.6130,0.0675,0.0034,0.4522,0.1788,0.1185,0.0060,0.1683,1.0000,0.5779,0.1608,0.1987,0.3483,0.0162,0.2435,0.6153,0.6126,0.6216,0.6236,0.6191,0.6169,0.6201,0.6264,0.4602,0.5104,0.4994,0.6205,0.5916,0.6027,0.6099,0.5742,0.1000,0.2825,0.2645,0.0481,0.5080,0.6133,0.6196,0.5626,0.6094,0.6110,0.3746,0.1834,0.1400,0.6167,0.6183,0.4354,0.0064,0.5053,0.0154,0.1175,0.4109,0.0120,0.3989,0.4656,0.4515,0.0457,0.6163,0.3708,0.2833,0.0579,0.2463,0.0199,0.0299,0.0075,0.3057,0.0015,0.6140,0.6060,0.5802,0.2205,0.6053,0.2757,0.2225,0.1648,0.2069,0.6071,0.2455,0.1919,0.1362
2017_PNAS_Li___STAT5B_IL2-IN2-deletion-CD4,5473,0.4406,0.4424,0.4431,0.4291,0.4211,0.4451,0.0740,0.0031,0.4507,0.2023,0.1281,0.0052,0.2214,0.5779,1.0000,0.2136,0.2326,0.3571,0.0140,0.2561,0.4440,0.4433,0.4527,0.4550,0.4492,0.4499,0.4498,0.4544,0.3633,0.3958,0.3777,0.4537,0.4408,0.4335,0.4479,0.4401,0.0942,0.2477,0.2356,0.0455,0.4228,0.4476,0.4578,0.4605,0.4460,0.4475,0.3310,0.1625,0.1281,0.4595,0.4627,0.4045,0.0036,0.4305,0.0166,0.1272,0.3638,0.0140,0.3479,0.3881,0.3905,0.0503,0.4454,0.3230,0.2630,0.0551,0.2337,0.0196,0.0365,0.0073,0.2896,0.0000,0.4451,0.4458,0.4454,0.1948,0.4383,0.2350,0.2242,0.1671,0.2087,0.4378,0.2419,0.1857,0.1485
2017_PNAS_Li___STAT5B_IL2-IN1-deletion-CD4,1710,0.1332,0.1380,0.1441,0.1173,0.1186,0.1168,0.1487,0.0020,0.1147,0.0902,0.2363,0.0096,0.8303,0.1608,0.2136,1.0000,0.5295,0.3432,0.0321,0.2822,0.1161,0.1156,0.1184,0.1182,0.1184,0.1177,0.1176,0.1191,0.1129,0.1191,0.1128,0.1134,0.1264,0.1136,0.1220,0.1323,0.0789,0.1260,0.1223,0.0505,0.1166,0.1199,0.1217,0.1321,0.1187,0.1190,0.1762,0.1078,0.0914,0.1220,0.1253,0.1428,0.0117,0.1443,0.0321,0.1689,0.1443,0.0206,0.2051,0.1837,0.1543,0.0940,0.1141,0.1976,0.2476,0.0592,0.2363,0.0236,0.0724,0.0175,0.2262,0.0040,0.1122,0.1206,0.1213,0.1053,0.1153,0.0998,0.2325,0.1787,0.2237,0.1150,0.2464,0.1461,0.1226
2017_PNAS_Li___STAT5B_IL2-CD8,2526,0.1731,0.1774,0.1876,0.1583,0.1555,0.1555,0.1622,0.0044,0.1561,0.1163,0.2722,0.0339,0.5388,0.1987,0.2326,0.5295,1.0000,0.4316,0.0343,0.3185,0.1555,0.1542,0.1570,0.1559,0.1559,0.1567,0.1547,0.1578,0.1450,0.1588,0.1496,0.1527,0.1672,0.1531,0.1633,0.1737,0.1078,0.1606,0.1661,0.0585,0.1460,0.1595,0.1624,0.1702,0.1591,0.1596,0.2121,0.1332,0.1193,0.1596,0.1627,0.1828,0.0295,0.1946,0.0569,0.2179,0.1785,0.0271,0.2608,0.2359,0.1922,0.0966,0.1543,0.2599,0.2944,0.0644,0.2924,0.0220,0.0859,0.0279,0.2899,0.0119,0.1508,0.1620,0.1595,0.1360,0.1556,0.1247,0.2934,0.2140,0.2684,0.1547,0.2951,0.1696,0.1336
2017_PNAS_Li___STAT5B_IL2-CD4,5394,0.3371,0.3293,0.3468,0.3032,0.2996,0.3230,0.1125,0.0056,0.2740,0.1422,0.2215,0.0091,0.3592,0.3483,0.3571,0.3432,0.4316,1.0000,0.0231,0.3351,0.3244,0.3251,0.3274,0.3242,0.3251,0.3274,0.3241,0.3298,0.2741,0.2972,0.2825,0.3187,0.3314,0.3220,0.3322,0.3470,0.1163,0.2519,0.2411,0.0545,0.2979,0.3321,0.3320,0.3319,0.3257,0.3273,0.3290,0.1806,0.1494,0.3255,0.3345,0.2920,0.0106,0.3226,0.0238,0.1790,0.2930,0.0224,0.4088,0.4242,0.3268,0.0621,0.3240,0.4097,0.3798,0.0597,0.3506,0.0193,0.0613,0.0141,0.3977,0.0028,0.3191,0.3337,0.3209,0.1972,0.3256,0.1949,0.3594,0.2181,0.2689,0.3229,0.3322,0.1831,0.1426
2017_PNAS_Li___STAT3_noIL21-CD4,238,0.0145,0.0176,0.0157,0.0147,0.0156,0.0128,0.0443,0.0317,0.0172,0.0218,0.0321,0.1081,0.0344,0.0162,0.0140,0.0321,0.0343,0.0231,1.0000,0.0395,0.0124,0.0124,0.0125,0.0123,0.0127,0.0126,0.0125,0.0125,0.0140,0.0144,0.0134,0.0131,0.0134,0.0120,0.0124,0.0128,0.0093,0.0159,0.0163,0.0106,0.0138,0.0128,0.0126,0.0141,0.0128,0.0129,0.0151,0.0169,0.0159,0.0134,0.0130,0.0207,0.1000,0.0172,0.0612,0.0311,0.0184,0.0100,0.0195,0.0170,0.0173,0.0479,0.0120,0.0179,0.0274,0.0187,0.0282,0.0083,0.0581,0.0676,0.0219,0.0714,0.0122,0.0121,0.0118,0.0178,0.0122,0.0185,0.0244,0.0285,0.0202,0.0119,0.0247,0.0293,0.0246
2017_PNAS_Li___STAT3_IL21-CD4,2779,0.2275,0.2237,0.2367,0.2039,0.2118,0.2040,0.1353,0.0046,0.1913,0.1253,0.2084,0.0113,0.2878,0.2435,0.2561,0.2822,0.3185,0.3351,0.0395,1.0000,0.2012,0.2002,0.2064,0.2045,0.2026,0.2027,0.2026,0.2058,0.1880,0.2048,0.2011,0.2011,0.2161,0.1985,0.2119,0.2209,0.1015,0.1791,0.1743,0.0436,0.1969,0.2078,0.2104,0.2172,0.2068,0.2089,0.2643,0.1407,0.1194,0.2087,0.2151,0.2322,0.0159,0.2325,0.0325,0.1935,0.2233,0.0200,0.2814,0.2679,0.2471,0.0881,0.2035,0.2812,0.2899,0.0687,0.2589,0.0229,0.0641,0.0136,0.2787,0.0046,0.1998,0.2091,0.2063,0.1331,0.2014,0.1626,0.2610,0.2115,0.2594,0.1998,0.2927,0.1797,0.1483
2017_PNAS_Li___H3K4me3-noIL2-CD4,13677,0.7160,0.6078,0.6025,0.7072,0.6494,0.9368,0.0521,0.0031,0.4180,0.1426,0.0978,0.0069,0.1218,0.6153,0.4440,0.1161,0.1555,0.3244,0.0124,0.2012,1.0000,0.9755,0.9270,0.9262,0.9357,0.9420,0.9320,0.9279,0.5256,0.6675,0.6012,0.9202,0.8311,0.9453,0.8609,0.7836,0.1068,0.3211,0.2981,0.0505,0.5701,0.9074,0.8908,0.6801,0.9038,0.8993,0.4067,0.1915,0.1454,0.8399,0.8551,0.4025,0.0057,0.5092,0.0119,0.1039,0.4005,0.0112,0.4218,0.5354,0.4748,0.0333,0.9016,0.4130,0.2802,0.0509,0.2380,0.0164,0.0260,0.0062,0.3055,0.0017,0.9597,0.8915,0.7787,0.2435,0.9426,0.2827,0.2106,0.1462,0.1845,0.9412,0.2271,0.1699,0.1057
2017_PNAS_Li___H3K4me3_IL2-CD4,13823,0.7144,0.6054,0.5982,0.7025,0.6447,0.9417,0.0522,0.0031,0.4186,0.1427,0.0967,0.0069,0.1219,0.6126,0.4433,0.1156,0.1542,0.3251,0.0124,0.2002,0.9755,1.0000,0.9220,0.9225,0.9411,0.9397,0.9347,0.9237,0.5236,0.6640,0.5947,0.9165,0.8262,0.9417,0.8569,0.7796,0.1105,0.3243,0.3010,0.0529,0.5644,0.9042,0.8862,0.6731,0.9118,0.9064,0.4063,0.1942,0.1479,0.8384,0.8541,0.4024,0.0057,0.5097,0.0119,0.1042,0.4001,0.0115,0.4218,0.5345,0.4738,0.0337,0.9045,0.4159,0.2812,0.0510,0.2392,0.0160,0.0260,0.0062,0.3050,0.0017,0.9587,0.8883,0.7718,0.2473,0.9390,0.2849,0.2100,0.1463,0.1843,0.9380,0.2256,0.1692,0.1047
2017_PNAS_Li___H3K27Ac-noIL2-CD4,11701,0.7290,0.6166,0.6162,0.7243,0.6651,0.8965,0.0549,0.0032,0.4195,0.1458,0.1012,0.0066,0.1245,0.6216,0.4527,0.1184,0.1570,0.3274,0.0125,0.2064,0.9270,0.9220,1.0000,0.9298,0.9124,0.9482,0.9149,0.9678,0.5421,0.6881,0.6188,0.9102,0.8270,0.9295,0.8720,0.7827,0.0912,0.2988,0.2770,0.0399,0.5889,0.9153,0.9076,0.7059,0.8637,0.8570,0.4057,0.1737,0.1297,0.8614,0.8654,0.4109,0.0056,0.5204,0.0122,0.1065,0.4072,0.0112,0.4296,0.5387,0.4859,0.0349,0.8782,0.4100,0.2814,0.0527,0.2399,0.0166,0.0268,0.0063,0.3100,0.0017,0.9268,0.8950,0.8001,0.2226,0.9402,0.2865,0.2154,0.1512,0.1904,0.9249,0.2344,0.1741,0.1078
2017_PNAS_Li___H3K27Ac_IL2-WT-CD4,12167,0.7203,0.6127,0.6080,0.7122,0.6576,0.9053,0.0528,0.0032,0.4265,0.1465,0.0974,0.0069,0.1235,0.6236,0.4550,0.1182,0.1559,0.3242,0.0123,0.2045,0.9262,0.9225,0.9298,1.0000,0.9268,0.9414,0.9386,0.9367,0.5351,0.6693,0.6087,0.9075,0.8216,0.9225,0.8596,0.7732,0.1008,0.3089,0.2878,0.0482,0.5792,0.9054,0.8930,0.6939,0.8749,0.8704,0.4074,0.1836,0.1402,0.8453,0.8590,0.4095,0.0056,0.5161,0.0123,0.1062,0.4028,0.0110,0.4231,0.5333,0.4812,0.0343,0.8794,0.4087,0.2789,0.0522,0.2387,0.0164,0.0257,0.0066,0.3059,0.0017,0.9300,0.8823,0.7799,0.2375,0.9237,0.2870,0.2124,0.1475,0.1850,0.9183,0.2305,0.1724,0.1072
2017_PNAS_Li___H3K27Ac_IL2-UP-deletion-CD4,12990,0.7150,0.6045,0.5991,0.6948,0.6400,0.9330,0.0539,0.0032,0.4240,0.1444,0.0992,0.0073,0.1231,0.6191,0.4492,0.1184,0.1559,0.3251,0.0127,0.2026,0.9357,0.9411,0.9124,0.9268,1.0000,0.9269,0.9677,0.9150,0.5190,0.6552,0.5963,0.9076,0.8160,0.9209,0.8443,0.7711,0.1107,0.3236,0.3024,0.0526,0.5629,0.8926,0.8794,0.6735,0.9064,0.9032,0.4118,0.1950,0.1480,0.8363,0.8539,0.4075,0.0061,0.5165,0.0125,0.1059,0.4017,0.0115,0.4210,0.5323,0.4813,0.0345,0.9032,0.4144,0.2804,0.0525,0.2406,0.0164,0.0261,0.0064,0.3070,0.0020,0.9364,0.8703,0.7616,0.2474,0.9177,0.2842,0.2114,0.1481,0.1875,0.9162,0.2306,0.1712,0.1072
2017_PNAS_Li___H3K27Ac_IL2-IN2-deletion-CD4,12233,0.7245,0.6139,0.6061,0.7202,0.6607,0.9092,0.0527,0.0029,0.4170,0.1445,0.0980,0.0072,0.1240,0.6169,0.4499,0.1177,0.1567,0.3274,0.0126,0.2027,0.9420,0.9397,0.9482,0.9414,0.9269,1.0000,0.9295,0.9546,0.5369,0.6795,0.6129,0.9136,0.8264,0.9358,0.8694,0.7812,0.0946,0.3032,0.2801,0.0427,0.5776,0.9128,0.9006,0.6906,0.8777,0.8709,0.4013,0.1752,0.1318,0.8544,0.8650,0.4068,0.0060,0.5159,0.0123,0.1059,0.4055,0.0111,0.4236,0.5366,0.4793,0.0345,0.8825,0.4083,0.2793,0.0514,0.2367,0.0157,0.0256,0.0063,0.3070,0.0019,0.9386,0.8910,0.7908,0.2289,0.9457,0.2843,0.2102,0.1490,0.1852,0.9326,0.2301,0.1705,0.1066
2017_PNAS_Li___H3K27Ac_IL2-IN1-deletion-CD4,12574,0.7134,0.6070,0.5974,0.6988,0.6450,0.9238,0.0518,0.0032,0.4256,0.1445,0.0977,0.0071,0.1232,0.6201,0.4498,0.1176,0.1547,0.3241,0.0125,0.2026,0.9320,0.9347,0.9149,0.9386,0.9677,0.9295,1.0000,0.9162,0.5245,0.6594,0.6030,0.9088,0.8170,0.9190,0.8467,0.7687,0.1083,0.3192,0.2976,0.0510,0.5709,0.8933,0.8792,0.6786,0.8959,0.8922,0.4099,0.1918,0.1462,0.8357,0.8520,0.4083,0.0059,0.5176,0.0123,0.1056,0.4032,0.0113,0.4195,0.5309,0.4817,0.0335,0.8960,0.4085,0.2784,0.0524,0.2395,0.0164,0.0260,0.0064,0.3057,0.0017,0.9331,0.8723,0.7654,0.2445,0.9167,0.2844,0.2105,0.1477,0.1855,0.9157,0.2295,0.1717,0.1072
2017_PNAS_Li___H3K27Ac_IL2-CD4,11747,0.7313,0.6187,0.6163,0.7232,0.6644,0.8982,0.0549,0.0032,0.4201,0.1457,0.1014,0.0064,0.1247,0.6264,0.4544,0.1191,0.1578,0.3298,0.0125,0.2058,0.9279,0.9237,0.9678,0.9367,0.9150,0.9546,0.9162,1.0000,0.5432,0.6887,0.6197,0.9137,0.8247,0.9259,0.8701,0.7822,0.0913,0.2995,0.2768,0.0417,0.5867,0.9139,0.9066,0.7032,0.8671,0.8608,0.4073,0.1731,0.1296,0.8649,0.8689,0.4115,0.0056,0.5208,0.0122,0.1069,0.4088,0.0115,0.4305,0.5365,0.4862,0.0350,0.8773,0.4099,0.2819,0.0520,0.2405,0.0166,0.0269,0.0064,0.3082,0.0017,0.9290,0.8919,0.7987,0.2235,0.9374,0.2888,0.2143,0.1506,0.1898,0.9226,0.2347,0.1729,0.1077
2017_NAT_IMMUNOL_Yu___H3K4me3_P14-CD8-TN,5666,0.5305,0.5088,0.4939,0.5643,0.5465,0.5120,0.0496,0.0031,0.3163,0.1402,0.0919,0.0061,0.1131,0.4602,0.3633,0.1129,0.1450,0.2741,0.0140,0.1880,0.5256,0.5236,0.5421,0.5351,0.5190,0.5369,0.5245,0.5432,1.0000,0.6134,0.6050,0.5509,0.5210,0.5190,0.5312,0.5055,0.0519,0.2067,0.2016,0.0233,0.5889,0.5460,0.5581,0.5463,0.4982,0.4983,0.3063,0.1204,0.0884,0.5570,0.5436,0.3588,0.0057,0.4069,0.0136,0.1065,0.3814,0.0109,0.3529,0.4082,0.4045,0.0428,0.5053,0.3088,0.2355,0.0565,0.2050,0.0192,0.0277,0.0061,0.2628,0.0018,0.5305,0.5303,0.5522,0.1600,0.5239,0.2871,0.1927,0.1541,0.1698,0.5218,0.2057,0.1783,0.1233
2017_NAT_IMMUNOL_Yu___H3K4me3_P14-CD8-TE,7288,0.6190,0.5536,0.5483,0.6340,0.6026,0.6507,0.0550,0.0028,0.3503,0.1430,0.1042,0.0072,0.1237,0.5104,0.3958,0.1191,0.1588,0.2972,0.0144,0.2048,0.6675,0.6640,0.6881,0.6693,0.6552,0.6795,0.6594,0.6887,0.6134,1.0000,0.6679,0.6983,0.6312,0.6611,0.6575,0.6137,0.0661,0.2350,0.2176,0.0279,0.5689,0.6938,0.6938,0.6123,0.6294,0.6276,0.3448,0.1392,0.1019,0.6908,0.6757,0.3904,0.0052,0.4679,0.0134,0.1088,0.3947,0.0096,0.3872,0.4588,0.4497,0.0393,0.6319,0.3524,0.2542,0.0573,0.2225,0.0168,0.0277,0.0055,0.2775,0.0017,0.6750,0.6575,0.6553,0.1806,0.6678,0.2920,0.2037,0.1574,0.1834,0.6603,0.2233,0.1789,0.1150
2017_NAT_IMMUNOL_Yu___H3K4me3_P14-CD8-MP,6520,0.5777,0.5322,0.5151,0.5942,0.5745,0.5880,0.0575,0.0023,0.3304,0.1421,0.1017,0.0073,0.1166,0.4994,0.3777,0.1128,0.1496,0.2825,0.0134,0.2011,0.6012,0.5947,0.6188,0.6087,0.5963,0.6129,0.6030,0.6197,0.6050,0.6679,1.0000,0.6313,0.5732,0.5966,0.6022,0.5574,0.0662,0.2366,0.2198,0.0283,0.5373,0.6168,0.6359,0.5767,0.5731,0.5730,0.3364,0.1396,0.1053,0.6246,0.6141,0.3797,0.0057,0.4415,0.0134,0.1080,0.3758,0.0103,0.3792,0.4346,0.4273,0.0393,0.5815,0.3380,0.2529,0.0597,0.2211,0.0175,0.0284,0.0057,0.2738,0.0015,0.6074,0.6028,0.6053,0.1814,0.6007,0.2819,0.2049,0.1566,0.1853,0.5955,0.2195,0.1717,0.1144
2017_NAT_IMMUNOL_Yu___H3K4me3_P14-CD8-Memory,11227,0.7186,0.6170,0.6083,0.7188,0.6599,0.9041,0.0514,0.0033,0.4322,0.1480,0.0938,0.0071,0.1188,0.6205,0.4537,0.1134,0.1527,0.3187,0.0131,0.2011,0.9202,0.9165,0.9102,0.9075,0.9076,0.9136,0.9088,0.9137,0.5509,0.6983,0.6313,1.0000,0.8044,0.9008,0.8408,0.7607,0.0990,0.3099,0.2880,0.0461,0.5895,0.9023,0.8948,0.6985,0.8738,0.8709,0.3899,0.1833,0.1387,0.8468,0.8585,0.4162,0.0058,0.5147,0.0124,0.1058,0.4016,0.0108,0.4130,0.5216,0.4753,0.0324,0.8726,0.3968,0.2698,0.0510,0.2320,0.0166,0.0244,0.0063,0.2978,0.0018,0.9332,0.8598,0.7762,0.2348,0.9019,0.2933,0.2053,0.1464,0.1801,0.8978,0.2204,0.1730,0.1063
2017_NAT_IMMUNOL_Yu___H3K4me1_P14-CD8-TN,12275,0.6832,0.5832,0.5871,0.6937,0.6537,0.8151,0.0581,0.0032,0.4076,0.1460,0.1084,0.0062,0.1322,0.5916,0.4408,0.1264,0.1672,0.3314,0.0134,0.2161,0.8311,0.8262,0.8270,0.8216,0.8160,0.8264,0.8170,0.8247,0.5210,0.6312,0.5732,0.8044,1.0000,0.8524,0.8693,0.8201,0.1118,0.3230,0.3029,0.0544,0.5519,0.8086,0.7982,0.6505,0.7904,0.7835,0.4524,0.1957,0.1476,0.7591,0.7692,0.4089,0.0056,0.5129,0.0126,0.1130,0.4133,0.0121,0.4377,0.5378,0.4901,0.0382,0.8086,0.4298,0.2930,0.0552,0.2532,0.0177,0.0279,0.0064,0.3216,0.0016,0.8246,0.8515,0.7392,0.2394,0.8449,0.2857,0.2233,0.1652,0.2079,0.8603,0.2610,0.1802,0.1142
2017_NAT_IMMUNOL_Yu___H3K4me1_P14-CD8-TE,15671,0.7045,0.5921,0.5913,0.7002,0.6430,0.9184,0.0530,0.0030,0.4060,0.1384,0.0989,0.0067,0.1189,0.6027,0.4335,0.1136,0.1531,0.3220,0.0120,0.1985,0.9453,0.9417,0.9295,0.9225,0.9209,0.9358,0.9190,0.9259,0.5190,0.6611,0.5966,0.9008,0.8524,1.0000,0.8911,0.8052,0.1099,0.3228,0.3009,0.0530,0.5587,0.9028,0.8796,0.6757,0.8828,0.8728,0.4064,0.1932,0.1475,0.8269,0.8341,0.3935,0.0058,0.5030,0.0120,0.1023,0.3926,0.0113,0.4191,0.5339,0.4701,0.0334,0.9131,0.4144,0.2787,0.0505,0.2374,0.0157,0.0256,0.0062,0.3078,0.0018,0.9398,0.9210,0.7888,0.2467,0.9653,0.2756,0.2096,0.1457,0.1858,0.9746,0.2270,0.1657,0.1025
2017_NAT_IMMUNOL_Yu___H3K4me1_P14-CD8-MP,12083,0.7155,0.6036,0.6147,0.7165,0.6697,0.8405,0.0591,0.0031,0.4196,0.1485,0.1084,0.0070,0.1279,0.6099,0.4479,0.1220,0.1633,0.3322,0.0124,0.2119,0.8609,0.8569,0.8720,0.8596,0.8443,0.8694,0.8467,0.8701,0.5312,0.6575,0.6022,0.8408,0.8693,0.8911,1.0000,0.8342,0.1037,0.3123,0.2906,0.0496,0.5731,0.8545,0.8428,0.6842,0.8140,0.8068,0.4320,0.1863,0.1409,0.8057,0.8137,0.4189,0.0057,0.5295,0.0129,0.1091,0.4125,0.0119,0.4420,0.5453,0.4961,0.0374,0.8389,0.4231,0.2884,0.0535,0.2473,0.0173,0.0281,0.0064,0.3210,0.0018,0.8583,0.8853,0.7772,0.2357,0.8841,0.2878,0.2220,0.1601,0.2024,0.8941,0.2509,0.1779,0.1116
2017_NAT_IMMUNOL_Yu___H3K4me1_P14-CD8-Memory,11565,0.6733,0.5790,0.5937,0.6761,0.6436,0.7719,0.0635,0.0031,0.4067,0.1484,0.1160,0.0066,0.1387,0.5742,0.4401,0.1323,0.1737,0.3470,0.0128,0.2209,0.7836,0.7796,0.7827,0.7732,0.7711,0.7812,0.7687,0.7822,0.5055,0.6137,0.5574,0.7607,0.8201,0.8052,0.8342,1.0000,0.1107,0.3254,0.3016,0.0575,0.5441,0.7766,0.7654,0.6493,0.7525,0.7472,0.4577,0.1955,0.1523,0.7265,0.7401,0.4103,0.0051,0.5134,0.0134,0.1165,0.4111,0.0131,0.4415,0.5328,0.4937,0.0402,0.7651,0.4352,0.2994,0.0556,0.2572,0.0174,0.0284,0.0066,0.3279,0.0014,0.7762,0.8121,0.7102,0.2373,0.7971,0.2739,0.2327,0.1737,0.2182,0.8059,0.2741,0.1822,0.1167
2017_NAT_IMMUNOL_Yu___H3K27me3_P14-CD8-TN,4470,0.0816,0.0676,0.0808,0.0648,0.0605,0.1128,0.0667,0.0080,0.1063,0.0560,0.0965,0.0137,0.0792,0.1000,0.0942,0.0789,0.1078,0.1163,0.0093,0.1015,0.1068,0.1105,0.0912,0.1008,0.1107,0.0946,0.1083,0.0913,0.0519,0.0661,0.0662,0.0990,0.1118,0.1099,0.1037,0.1107,1.0000,0.2818,0.3219,0.3858,0.0569,0.0937,0.0867,0.0701,0.1146,0.1152,0.1451,0.3758,0.3801,0.0741,0.0795,0.0865,0.0158,0.0891,0.0150,0.0772,0.0813,0.0132,0.1084,0.1170,0.0864,0.0462,0.1181,0.1436,0.1338,0.0320,0.1199,0.0108,0.0362,0.0138,0.1256,0.0040,0.1086,0.1055,0.0738,0.3336,0.1005,0.0591,0.1125,0.0872,0.1049,0.1090,0.1007,0.0595,0.0564
2017_NAT_IMMUNOL_Yu___H3K27me3_P14-CD8-TE,8010,0.2808,0.2556,0.2675,0.2555,0.2465,0.3328,0.0821,0.0063,0.2703,0.1171,0.1443,0.0091,0.1269,0.2825,0.2477,0.1260,0.1606,0.2519,0.0159,0.1791,0.3211,0.3243,0.2988,0.3089,0.3236,0.3032,0.3192,0.2995,0.2067,0.2350,0.2366,0.3099,0.3230,0.3228,0.3123,0.3254,0.2818,1.0000,0.6630,0.1603,0.2295,0.3011,0.2925,0.2615,0.3382,0.3396,0.2968,0.5273,0.4164,0.2625,0.2781,0.2383,0.0084,0.2744,0.0138,0.1305,0.2328,0.0166,0.2652,0.3153,0.2504,0.0526,0.3373,0.3079,0.2565,0.0453,0.2282,0.0178,0.0359,0.0084,0.2742,0.0021,0.3209,0.3185,0.2640,0.4878,0.3126,0.1470,0.2222,0.1615,0.2113,0.3224,0.2385,0.1526,0.1168
2017_NAT_IMMUNOL_Yu___H3K27me3_P14-CD8-MP,8024,0.2603,0.2329,0.2470,0.2372,0.2316,0.3092,0.0785,0.0045,0.2595,0.1197,0.1368,0.0120,0.1239,0.2645,0.2356,0.1223,0.1661,0.2411,0.0163,0.1743,0.2981,0.3010,0.2770,0.2878,0.3024,0.2801,0.2976,0.2768,0.2016,0.2176,0.2198,0.2880,0.3029,0.3009,0.2906,0.3016,0.3219,0.6630,1.0000,0.1745,0.2144,0.2801,0.2705,0.2398,0.3140,0.3149,0.2945,0.5122,0.4225,0.2406,0.2558,0.2314,0.0113,0.2632,0.0133,0.1233,0.2204,0.0148,0.2526,0.2902,0.2367,0.0456,0.3130,0.2957,0.2390,0.0433,0.2134,0.0161,0.0376,0.0105,0.2636,0.0023,0.2990,0.2955,0.2420,0.4734,0.2898,0.1429,0.2138,0.1527,0.2069,0.3001,0.2275,0.1356,0.1035
2017_NAT_IMMUNOL_Yu___H3K27me3_P14-CD8-Memory,2344,0.0363,0.0339,0.0347,0.0310,0.0288,0.0548,0.0569,0.0041,0.0512,0.0295,0.0607,0.0077,0.0503,0.0481,0.0455,0.0505,0.0585,0.0545,0.0106,0.0436,0.0505,0.0529,0.0399,0.0482,0.0526,0.0427,0.0510,0.0417,0.0233,0.0279,0.0283,0.0461,0.0544,0.0530,0.0496,0.0575,0.3858,0.1603,0.1745,1.0000,0.0233,0.0400,0.0361,0.0297,0.0549,0.0560,0.0799,0.2488,0.2943,0.0295,0.0344,0.0455,0.0118,0.0420,0.0106,0.0511,0.0389,0.0144,0.0530,0.0561,0.0427,0.0300,0.0561,0.0693,0.0659,0.0225,0.0651,0.0066,0.0207,0.0078,0.0646,0.0000,0.0519,0.0513,0.0306,0.1973,0.0467,0.0263,0.0561,0.0548,0.0689,0.0519,0.0545,0.0325,0.0413
2017_NAT_IMMUNOL_Yu___H3K27ac_P14-CD8-TN,6290,0.6067,0.6189,0.5798,0.6061,0.5972,0.5569,0.0540,0.0041,0.4104,0.1772,0.0919,0.0045,0.1185,0.5080,0.4228,0.1166,0.1460,0.2979,0.0138,0.1969,0.5701,0.5644,0.5889,0.5792,0.5629,0.5776,0.5709,0.5867,0.5889,0.5689,0.5373,0.5895,0.5519,0.5587,0.5731,0.5441,0.0569,0.2295,0.2144,0.0233,1.0000,0.5943,0.6121,0.6882,0.5453,0.5435,0.3104,0.1268,0.0924,0.6157,0.5988,0.4344,0.0037,0.4721,0.0113,0.1128,0.4141,0.0122,0.3828,0.4392,0.4466,0.0389,0.5473,0.3291,0.2404,0.0647,0.2099,0.0215,0.0265,0.0065,0.2639,0.0004,0.5723,0.5703,0.5814,0.1663,0.5663,0.2835,0.1940,0.1681,0.1727,0.5613,0.2114,0.2061,0.1390
2017_NAT_IMMUNOL_Yu___H3K27ac_P14-CD8-TE,11362,0.7429,0.6210,0.6269,0.7214,0.6646,0.8895,0.0557,0.0030,0.4223,0.1471,0.1041,0.0068,0.1259,0.6133,0.4476,0.1199,0.1595,0.3321,0.0128,0.2078,0.9074,0.9042,0.9153,0.9054,0.8926,0.9128,0.8933,0.9139,0.5460,0.6938,0.6168,0.9023,0.8086,0.9028,0.8545,0.7766,0.0937,0.3011,0.2801,0.0400,0.5943,1.0000,0.9271,0.7142,0.8647,0.8548,0.4040,0.1766,0.1323,0.8638,0.8742,0.4138,0.0058,0.5239,0.0120,0.1082,0.4093,0.0118,0.4322,0.5403,0.4927,0.0362,0.8591,0.4143,0.2831,0.0524,0.2442,0.0168,0.0269,0.0065,0.3123,0.0018,0.9044,0.8713,0.7774,0.2285,0.9064,0.2883,0.2177,0.1544,0.1926,0.8967,0.2362,0.1761,0.1089
2017_NAT_IMMUNOL_Yu___H3K27ac_P14-CD8-MP,10683,0.7519,0.6336,0.6361,0.7287,0.6712,0.8719,0.0564,0.0031,0.4287,0.1506,0.1047,0.0067,0.1276,0.6196,0.4578,0.1217,0.1624,0.3320,0.0126,0.2104,0.8908,0.8862,0.9076,0.8930,0.8794,0.9006,0.8792,0.9066,0.5581,0.6938,0.6359,0.8948,0.7982,0.8796,0.8428,0.7654,0.0867,0.2925,0.2705,0.0361,0.6121,0.9271,1.0000,0.7318,0.8490,0.8395,0.4029,0.1670,0.1234,0.8720,0.8733,0.4237,0.0057,0.5327,0.0126,0.1097,0.4208,0.0119,0.4334,0.5367,0.5030,0.0366,0.8421,0.4116,0.2820,0.0543,0.2405,0.0175,0.0273,0.0065,0.3108,0.0018,0.8900,0.8542,0.7782,0.2212,0.8874,0.2945,0.2174,0.1563,0.1942,0.8760,0.2382,0.1810,0.1125
2017_NAT_IMMUNOL_Yu___H3K27ac_P14-CD8-Memory,7810,0.6858,0.6460,0.6329,0.6592,0.6347,0.6661,0.0591,0.0034,0.4366,0.1724,0.1089,0.0061,0.1370,0.5626,0.4605,0.1321,0.1702,0.3319,0.0141,0.2172,0.6801,0.6731,0.7059,0.6939,0.6735,0.6906,0.6786,0.7032,0.5463,0.6123,0.5767,0.6985,0.6505,0.6757,0.6842,0.6493,0.0701,0.2615,0.2398,0.0297,0.6882,0.7142,0.7318,1.0000,0.6489,0.6441,0.3626,0.1469,0.1077,0.7161,0.7062,0.4425,0.0051,0.5226,0.0128,0.1175,0.4333,0.0108,0.4246,0.5011,0.4954,0.0420,0.6576,0.3860,0.2789,0.0607,0.2356,0.0195,0.0274,0.0064,0.3032,0.0007,0.6798,0.6811,0.6641,0.1891,0.6838,0.2861,0.2229,0.1712,0.1994,0.6774,0.2397,0.2050,0.1278
2017_NAT_IMMUNOL_Shan___H3K4Me3_LCMVarmD4-P14-CD8-WT,12441,0.7235,0.5984,0.6027,0.6871,0.6327,0.9356,0.0563,0.0033,0.4215,0.1451,0.1030,0.0074,0.1242,0.6094,0.4460,0.1187,0.1591,0.3257,0.0128,0.2068,0.9038,0.9118,0.8637,0.8749,0.9064,0.8777,0.8959,0.8671,0.4982,0.6294,0.5731,0.8738,0.7904,0.8828,0.8140,0.7525,0.1146,0.3382,0.3140,0.0549,0.5453,0.8647,0.8490,0.6489,1.0000,0.9757,0.4117,0.2028,0.1538,0.8073,0.8502,0.4083,0.0064,0.5226,0.0133,0.1088,0.4024,0.0123,0.4269,0.5335,0.4882,0.0368,0.8881,0.4165,0.2850,0.0521,0.2431,0.0163,0.0262,0.0064,0.3077,0.0020,0.8985,0.8357,0.7314,0.2577,0.8733,0.2873,0.2156,0.1519,0.1923,0.8762,0.2350,0.1736,0.1084
2017_NAT_IMMUNOL_Shan___H3K4Me3_LCMVarmD4-P14-CD8-Runx3KO,12244,0.7222,0.5972,0.5991,0.6835,0.6302,0.9315,0.0560,0.0034,0.4240,0.1457,0.1032,0.0075,0.1246,0.6110,0.4475,0.1190,0.1596,0.3273,0.0129,0.2089,0.8993,0.9064,0.8570,0.8704,0.9032,0.8709,0.8922,0.8608,0.4983,0.6276,0.5730,0.8709,0.7835,0.8728,0.8068,0.7472,0.1152,0.3396,0.3149,0.0560,0.5435,0.8548,0.8395,0.6441,0.9757,1.0000,0.4148,0.2034,0.1542,0.8029,0.8508,0.4078,0.0064,0.5229,0.0134,0.1087,0.4023,0.0124,0.4255,0.5309,0.4871,0.0363,0.8844,0.4140,0.2853,0.0516,0.2434,0.0160,0.0262,0.0067,0.3072,0.0021,0.8958,0.8303,0.7285,0.2600,0.8663,0.2876,0.2144,0.1511,0.1909,0.8675,0.2342,0.1754,0.1095
2017_NAT_IMMUNOL_Shan___H3K4Me1_LCMVarmD4-P14-CD8-Runx3KO,5794,0.3973,0.3488,0.3835,0.3620,0.3574,0.4091,0.1038,0.0023,0.2993,0.1409,0.1785,0.0073,0.1874,0.3746,0.3310,0.1762,0.2121,0.3290,0.0151,0.2643,0.4067,0.4063,0.4057,0.4074,0.4118,0.4013,0.4099,0.4073,0.3063,0.3448,0.3364,0.3899,0.4524,0.4064,0.4320,0.4577,0.1451,0.2968,0.2945,0.0799,0.3104,0.4040,0.4029,0.3626,0.4117,0.4148,1.0000,0.2238,0.1771,0.3853,0.4074,0.3290,0.0073,0.3849,0.0179,0.1525,0.3377,0.0196,0.4013,0.4221,0.3985,0.0628,0.4105,0.4221,0.3347,0.0711,0.2984,0.0205,0.0456,0.0101,0.3466,0.0017,0.4000,0.4227,0.3747,0.2167,0.4075,0.2098,0.2874,0.2219,0.2817,0.4094,0.3761,0.1989,0.1452
2017_NAT_IMMUNOL_Shan___H3K27Me3_LCMVarmD4-P14-CD8-WT,5983,0.1585,0.1432,0.1526,0.1419,0.1354,0.1999,0.0798,0.0047,0.1917,0.0866,0.1355,0.0069,0.1102,0.1834,0.1625,0.1078,0.1332,0.1806,0.0169,0.1407,0.1915,0.1942,0.1737,0.1836,0.1950,0.1752,0.1918,0.1731,0.1204,0.1392,0.1396,0.1833,0.1957,0.1932,0.1863,0.1955,0.3758,0.5273,0.5122,0.2488,0.1268,0.1766,0.1670,0.1469,0.2028,0.2034,0.2238,1.0000,0.5894,0.1426,0.1535,0.1590,0.0092,0.1689,0.0146,0.1152,0.1484,0.0124,0.1768,0.1987,0.1535,0.0495,0.2040,0.2180,0.1899,0.0378,0.1749,0.0154,0.0322,0.0092,0.2030,0.0012,0.1917,0.1917,0.1492,0.4716,0.1845,0.0950,0.1781,0.1268,0.1784,0.1928,0.1714,0.1094,0.0852
2017_NAT_IMMUNOL_Shan___H3K27Me3_LCMVarmD4-P14-CD8-Runx3KO,5135,0.1203,0.1044,0.1141,0.1022,0.1006,0.1520,0.0691,0.0076,0.1560,0.0828,0.1086,0.0059,0.0965,0.1400,0.1281,0.0914,0.1193,0.1494,0.0159,0.1194,0.1454,0.1479,0.1297,0.1402,0.1480,0.1318,0.1462,0.1296,0.0884,0.1019,0.1053,0.1387,0.1476,0.1475,0.1409,0.1523,0.3801,0.4164,0.4225,0.2943,0.0924,0.1323,0.1234,0.1077,0.1538,0.1542,0.1771,0.5894,1.0000,0.1050,0.1134,0.1209,0.0075,0.1300,0.0130,0.0937,0.1106,0.0145,0.1348,0.1545,0.1173,0.0419,0.1556,0.1689,0.1490,0.0332,0.1384,0.0184,0.0381,0.0165,0.1656,0.0030,0.1467,0.1458,0.1120,0.4341,0.1396,0.0831,0.1447,0.1079,0.1400,0.1466,0.1359,0.0846,0.0722
2017_NAT_IMMUNOL_Shan___H3K27Ac_LCMVarmD4-P14-CD8-WT,9399,0.7609,0.6432,0.6401,0.7322,0.6818,0.8307,0.0556,0.0033,0.4257,0.1565,0.1017,0.0074,0.1270,0.6167,0.4595,0.1220,0.1596,0.3255,0.0134,0.2087,0.8399,0.8384,0.8614,0.8453,0.8363,0.8544,0.8357,0.8649,0.5570,0.6908,0.6246,0.8468,0.7591,0.8269,0.8057,0.7265,0.0741,0.2625,0.2406,0.0295,0.6157,0.8638,0.8720,0.7161,0.8073,0.8029,0.3853,0.1426,0.1050,1.0000,0.8869,0.4280,0.0058,0.5379,0.0126,0.1075,0.4262,0.0121,0.4329,0.5266,0.5106,0.0384,0.8064,0.3979,0.2775,0.0554,0.2351,0.0175,0.0282,0.0066,0.3025,0.0022,0.8424,0.8126,0.7785,0.1979,0.8384,0.3071,0.2097,0.1569,0.1898,0.8265,0.2360,0.1839,0.1144
2017_NAT_IMMUNOL_Shan___H3K27Ac_LCMVarmD4-P14-CD8-Runx3KO,9882,0.7609,0.6417,0.6438,0.7315,0.6748,0.8602,0.0573,0.0030,0.4287,0.1528,0.1057,0.0071,0.1306,0.6183,0.4627,0.1253,0.1627,0.3345,0.0130,0.2151,0.8551,0.8541,0.8654,0.8590,0.8539,0.8650,0.8520,0.8689,0.5436,0.6757,0.6141,0.8585,0.7692,0.8341,0.8137,0.7401,0.0795,0.2781,0.2558,0.0344,0.5988,0.8742,0.8733,0.7062,0.8502,0.8508,0.4074,0.1535,0.1134,0.8869,1.0000,0.4280,0.0062,0.5415,0.0133,0.1112,0.4284,0.0122,0.4452,0.5404,0.5108,0.0386,0.8215,0.4113,0.2886,0.0549,0.2495,0.0176,0.0282,0.0068,0.3142,0.0022,0.8520,0.8209,0.7762,0.2094,0.8465,0.3010,0.2205,0.1607,0.1949,0.8333,0.2422,0.1840,0.1166
2017_NAT_IMMUNOL_Shan___CBFb_Naive_P14-CD8-WT,5180,0.4551,0.4671,0.4664,0.4250,0.4178,0.4048,0.0868,0.0058,0.4157,0.2234,0.1373,0.0133,0.1510,0.4354,0.4045,0.1428,0.1828,0.2920,0.0207,0.2322,0.4025,0.4024,0.4109,0.4095,0.4075,0.4068,0.4083,0.4115,0.3588,0.3904,0.3797,0.4162,0.4089,0.3935,0.4189,0.4103,0.0865,0.2383,0.2314,0.0455,0.4344,0.4138,0.4237,0.4425,0.4083,0.4078,0.3290,0.1590,0.1209,0.4280,0.4280,1.0000,0.0110,0.5330,0.0231,0.1465,0.4116,0.0126,0.3643,0.3936,0.4352,0.0656,0.4058,0.3417,0.2760,0.0723,0.2466,0.0269,0.0373,0.0098,0.3025,0.0035,0.4017,0.4063,0.4073,0.1697,0.3994,0.2495,0.2392,0.2493,0.2632,0.3980,0.2694,0.2332,0.1723
2017_NAT_IMMUNOL_Shan___CBFb_Naive_P14-CD8-CbfbKO,227,0.0064,0.0061,0.0065,0.0069,0.0075,0.0061,0.0159,0.0270,0.0073,0.0129,0.0179,0.4474,0.0112,0.0064,0.0036,0.0117,0.0295,0.0106,0.1000,0.0159,0.0057,0.0057,0.0056,0.0056,0.0061,0.0060,0.0059,0.0056,0.0057,0.0052,0.0057,0.0058,0.0056,0.0058,0.0057,0.0051,0.0158,0.0084,0.0113,0.0118,0.0037,0.0058,0.0057,0.0051,0.0064,0.0064,0.0073,0.0092,0.0075,0.0058,0.0062,0.0110,1.0000,0.0114,0.2222,0.0352,0.0075,0.0137,0.0131,0.0107,0.0082,0.0303,0.0059,0.0104,0.0113,0.0000,0.0142,0.0000,0.0703,0.1556,0.0118,0.3200,0.0058,0.0057,0.0055,0.0081,0.0059,0.0065,0.0151,0.0108,0.0134,0.0058,0.0120,0.0122,0.0107
2017_NAT_IMMUNOL_Shan___CBFb_LCMVarmD8_P14-CD8-WT,6201,0.5981,0.5457,0.5760,0.5007,0.4789,0.5223,0.0940,0.0045,0.4311,0.2110,0.1524,0.0118,0.1506,0.5053,0.4305,0.1443,0.1946,0.3226,0.0172,0.2325,0.5092,0.5097,0.5204,0.5161,0.5165,0.5159,0.5176,0.5208,0.4069,0.4679,0.4415,0.5147,0.5129,0.5030,0.5295,0.5134,0.0891,0.2744,0.2632,0.0420,0.4721,0.5239,0.5327,0.5226,0.5226,0.5229,0.3849,0.1689,0.1300,0.5379,0.5415,0.5330,0.0114,1.0000,0.0199,0.1356,0.4700,0.0167,0.4236,0.4625,0.6016,0.0654,0.5202,0.3880,0.2960,0.0646,0.2608,0.0202,0.0354,0.0104,0.3282,0.0036,0.5085,0.5156,0.4997,0.1993,0.5070,0.3001,0.2479,0.2419,0.2882,0.5064,0.2902,0.2257,0.1659
2016_SCIENCE_Mackay___Hobit_invitro-CD8,270,0.0148,0.0157,0.0157,0.0150,0.0156,0.0128,0.0599,0.0156,0.0178,0.0202,0.0477,0.2239,0.0344,0.0154,0.0166,0.0321,0.0569,0.0238,0.0612,0.0325,0.0119,0.0119,0.0122,0.0123,0.0125,0.0123,0.0123,0.0122,0.0136,0.0134,0.0134,0.0124,0.0126,0.0120,0.0129,0.0134,0.0150,0.0138,0.0133,0.0106,0.0113,0.0120,0.0126,0.0128,0.0133,0.0134,0.0179,0.0146,0.0130,0.0126,0.0133,0.0231,0.2222,0.0199,1.0000,0.0826,0.0155,0.0202,0.0250,0.0204,0.0193,0.0260,0.0125,0.0235,0.0266,0.0187,0.0311,0.0167,0.0649,0.1449,0.0271,0.1538,0.0118,0.0123,0.0132,0.0124,0.0122,0.0169,0.0331,0.0239,0.0362,0.0121,0.0267,0.0238,0.0246
2016_SCIENCE_Mackay___Blimp1-Bio_invitro-CD8,1716,0.1185,0.1208,0.1239,0.1081,0.1073,0.1064,0.1592,0.0088,0.1203,0.0824,0.2030,0.0281,0.1797,0.1175,0.1272,0.1689,0.2179,0.1790,0.0311,0.1935,0.1039,0.1042,0.1065,0.1062,0.1059,0.1059,0.1056,0.1069,0.1065,0.1088,0.1080,0.1058,0.1130,0.1023,0.1091,0.1165,0.0772,0.1305,0.1233,0.0511,0.1128,0.1082,0.1097,0.1175,0.1088,0.1087,0.1525,0.1152,0.0937,0.1075,0.1112,0.1465,0.0352,0.1356,0.0826,1.0000,0.1342,0.0270,0.1785,0.1575,0.1404,0.0785,0.1035,0.1833,0.1871,0.0438,0.1780,0.0157,0.0920,0.0350,0.2016,0.0134,0.1028,0.1088,0.1115,0.0956,0.1031,0.0965,0.2195,0.1728,0.1968,0.1031,0.2072,0.1396,0.1106
