gene_names,P0,P8,wilcoxon_logfc,wilcoxon_padj,wilcoxon_score,t-test_logfc,t-test_padj,t-test_score,t-test_overestim_var_logfc,t-test_overestim_var_padj,t-test_overestim_var_score
Mrpl15,0.4120962619781494,0.5518038868904114,0.5300152897834778,0.0002205007947646,4.113048553466797,0.5300152897834778,2.924725129016308e-05,4.552957057952881,0.5300152897834778,0.000607099791783,3.8523917198181152
Lypla1,0.2000850141048431,0.3798038065433502,1.0605360269546509,1.8226424295324847e-10,6.742928504943848,1.0605360269546509,1.1601398468896979e-10,6.862914085388184,1.0605360269546509,2.4890780768422116e-08,6.004003524780273
Gm37988,0.0,0.0007217935053631,19.461750030517575,0.9888502385877284,0.1678170263767242,19.461750030517575,0.4679991859106411,1.0,19.461750030517575,0.5282133287683867,1.0
Tcea1,0.3663516044616699,0.4682734906673431,0.4327422678470611,0.0027967328795763,3.428187608718872,0.4327422678470611,0.0014631027301135,3.556199073791504,0.4327422678470611,0.0106066513135629,2.98785400390625
Atp6v1h,0.272844910621643,0.3310863077640533,0.3232495188713074,0.0266401026366054,2.683504104614258,0.3232495188713074,0.0716849270351251,2.178499460220337,0.3232495188713074,0.1567378869327529,1.8531655073165891
Rb1cc1,0.4935590922832489,0.3969836235046386,-0.3889605402946472,0.2059688473148586,-1.7730201482772827,-0.3889605402946472,0.0068073113577615,-3.082101345062256,-0.3889605402946472,0.0351762172103191,-2.544440031051636
Pcmtd1,0.3788917660713196,0.2440633326768875,-0.7368288040161133,0.0285904963183194,-2.6562440395355225,-0.7368288040161133,2.5418873870933285e-06,-5.075570106506348,-0.7368288040161133,0.0002161255221905,-4.125309944152832
Rrs1,0.2079891711473465,0.2316912561655044,0.1734187006950378,0.1046462315174337,2.1144049167633057,0.1734187006950378,0.4679991859106411,1.0252501964569092,0.1734187006950378,0.6069950913521522,0.8650491833686829
Adhfe1,0.0010559529764577,0.001139898202382,0.1104198545217514,0.9888502385877284,0.1345822364091873,0.1104198545217514,1.0,0.0540245212614536,0.1104198545217514,1.0,0.0444303043186664
Mybl1,0.0011473618214949,0.0056433198042213,2.3014676570892334,0.9888502385877284,0.4706644117832184,2.3014676570892334,0.1948113585361016,1.6652402877807615,2.3014676570892334,0.2724902430098974,1.528374195098877
Vcpip1,0.2417462766170501,0.2583852112293243,0.10853211581707,0.2337954060149262,1.7022188901901243,0.10853211581707,0.6849252677121884,0.6654490232467651,0.10853211581707,0.7780041588348409,0.5618298649787903
Sgk3,0.1174489110708236,0.0252696610987186,-2.283838987350464,0.1211706444414423,-2.0456948280334477,-2.283838987350464,5.628349246405659e-11,-6.937718868255615,-2.283838987350464,2.1256022183857814e-06,-5.18656587600708
Mcmdc2,0.0024783124681562,0.0,-21.24271583557129,0.9888502385877284,0.0342056974768638,-21.24271583557129,0.2961565500252031,-1.4030756950378418,-21.24271583557129,0.5317868521247996,-0.9832856059074402
Ppp1r42,0.0,0.0,0.0,0.9888502385877284,0.1005259156227111,0.0,1.0,0.0,0.0,1.0,0.0
Cops5,0.2504412829875946,0.4362589120864868,0.9424052834510804,1.1652858996264555e-09,6.455541133880615,0.9424052834510804,7.919405308670962e-11,6.915467262268066,0.9424052834510804,3.0269798285396245e-08,5.969161033630371
Cspp1,0.2513062059879303,0.2253421545028686,-0.1768013685941696,0.9221330102767432,0.6702225208282471,-0.1768013685941696,0.4699203571494009,-0.9961236119270324,-0.1768013685941696,0.6279272381016214,-0.832108199596405
Arfgef1,0.3555016219615936,0.3532735407352447,-0.0107722915709018,0.6274473758350458,1.0402116775512695,-0.0107722915709018,1.0,-0.081075869500637,-0.0107722915709018,1.0,-0.0673103928565979
Prex2,0.0009633873123675,0.0017889244481921,0.8934996128082275,0.9888502385877284,0.1345822364091873,0.8934996128082275,0.8675673869920231,0.4063006639480591,0.8934996128082275,0.9128414685259773,0.3659128248691559
A830018L16Rik,0.0009098733426071,0.0,-19.79596328735352,0.9888502385877284,0.0673658028244972,-19.79596328735352,0.4679991859106411,-1.0,-19.79596328735352,0.6832027011037286,-0.7008072733879089
Slco5a1,0.0,0.0,0.0,0.9888502385877284,0.1005259156227111,0.0,1.0,0.0,0.0,1.0,0.0
Ncoa2,0.2951063215732574,0.3281561434268951,0.1782245188951492,0.1495703724215186,1.9404637813568115,0.1782245188951492,0.3881499543074129,1.210645079612732,0.1782245188951492,0.5282133287683867,1.0245541334152222
Tram1,0.5317851901054382,0.9823395609855652,1.2509732246398926,2.2353955376523704e-28,11.347403526306152,1.2509732246398926,1.4823174362187684e-37,13.650818824768066,1.2509732246398926,4.5929701401617975e-27,11.48714542388916
Lactb2,0.106577843427658,0.1762118339538574,0.7768169641494751,0.0021391915449373,3.506531953811645,0.7768169641494751,0.0012351891963801,3.6066558361053462,0.7768169641494751,0.0066745000876496,3.1425859928131104
Xkr9,0.0,0.0,0.0,0.9888502385877284,0.1005259156227111,0.0,1.0,0.0,0.0,1.0,0.0
Eya1,0.0,0.0,0.0,0.9888502385877284,0.1005259156227111,0.0,1.0,0.0,0.0,1.0,0.0
Msc,0.0,0.0067139463499188,22.683576583862305,0.9888502385877284,0.4369814991950989,22.683576583862305,0.0870096910733914,2.0931968688964844,22.683576583862305,0.0983011469450668,2.0931968688964844
Trpa1,0.0,0.0,0.0,0.9888502385877284,0.1005259156227111,0.0,1.0,0.0,0.0,1.0,0.0
Terf1,0.1874474287033081,0.1700540333986282,-0.1534130424261093,0.7066871557751673,0.935802161693573,-0.1534130424261093,0.5668507333968915,-0.8408424854278564,-0.1534130424261093,0.6870045385373343,-0.6947096586227417
Sbspon,0.0,0.0,0.0,0.9888502385877284,0.1005259156227111,0.0,1.0,0.0,0.0,1.0,0.0
4930444P10Rik,0.0,0.0,0.0,0.9888502385877284,0.1005259156227111,0.0,1.0,0.0,0.0,1.0,0.0
Rpl7,3.583057641983032,3.1110472679138184,-0.7060602903366089,4.544293571152287e-128,-24.29149627685547,-0.7060602903366089,9.640786937936288e-156,-33.00127410888672,-0.7060602903366089,2.231381627524737e-123,-28.26447868347168
Rdh10,0.0231100879609584,0.0412284582853317,0.8482575416564941,0.5447576287816989,1.15403151512146,0.8482575416564941,0.1362018138920196,1.8680076599121092,0.8482575416564941,0.2261505213231836,1.6430814266204834
Stau2,0.0,0.0058335699141025,22.48015785217285,0.9888502385877284,0.3696903884410858,22.48015785217285,0.128885472390215,1.899692416191101,22.48015785217285,0.1437551835027194,1.899692416191101
Ube2w,0.140381634235382,0.1580225676298141,0.183817908167839,0.1563163139807937,1.9186557531356807,0.183817908167839,0.5234512448847153,0.9084026217460632,0.183817908167839,0.6723861136561324,0.7671642899513245
Eloc,0.4953566491603851,0.9313704371452332,1.262457251548767,3.4217770550014635e-27,11.103259086608888,1.262457251548767,1.018325583896875e-33,12.91497802734375,1.262457251548767,2.2310388368662457e-25,11.080217361450195
Tmem70,0.1492432653903961,0.2149367779493332,0.5750716328620911,0.0017249817516008,3.568819284439087,0.5750716328620911,0.0057417087058261,3.139951467514038,0.5750716328620911,0.0240085648062334,2.693516492843628
Ly96,0.002199460286647,0.0337213762104511,3.961247682571411,0.3602049733529541,1.444779872894287,3.961247682571411,0.0001737963452604,4.148310661315918,3.961247682571411,0.0002914140195296,4.060945987701416
Pi15,0.0,0.0,0.0,0.9888502385877284,0.1005259156227111,0.0,1.0,0.0,0.0,1.0,0.0
Il17a,0.0,0.0,0.0,0.9888502385877284,0.1005259156227111,0.0,1.0,0.0,0.0,1.0,0.0
Il17f,0.0010661400156095,0.0,-20.024736404418945,0.9888502385877284,0.0673658028244972,-20.024736404418945,0.4679991859106411,-1.0,-20.024736404418945,0.6832027011037286,-0.7008072733879089
Mcm3,0.1928309798240661,0.5485799312591553,1.7807939052581787,1.3456214104902683e-16,8.606840133666992,1.7807939052581787,1.6493634970746077e-21,10.215639114379885,1.7807939052581787,9.068166040470728e-19,9.442843437194824
Paqr8,0.0184272360056638,0.0031799771822988,-2.545769214630127,0.9888502385877284,-0.2645340263843536,-2.545769214630127,0.0121125870401349,-2.885545253753662,-2.545769214630127,0.0923015299783453,-2.122180461883545
Efhc1,0.0,0.0,0.0,0.9888502385877284,0.1005259156227111,0.0,1.0,0.0,0.0,1.0,0.0
Tram2,0.0129238925874233,0.0442185774445533,1.7972935438156128,0.2082029333941808,1.767269492149353,1.7972935438156128,0.0020439734569936,3.465229034423828,1.7972935438156128,0.0057234055881605,3.19354248046875
Tmem14a,0.0165316443890333,0.0390122383832931,1.2549878358840942,0.5387040944217371,1.1626203060150146,1.2549878358840942,0.0396030800135123,2.43618106842041,1.2549878358840942,0.0800528007103703,2.1860079765319824
Gsta3,0.0018647105898708,0.0,-20.831867218017575,0.9888502385877284,0.0342056974768638,-20.831867218017575,0.2942789202292576,-1.413987159729004,-20.831867218017575,0.5299909986835808,-0.9909324645996094
Khdc1a,0.0,0.0,0.0,0.9888502385877284,0.1005259156227111,0.0,1.0,0.0,0.0,1.0,0.0
Khdc1c,0.0,0.0,0.0,0.9888502385877284,0.1005259156227111,0.0,1.0,0.0,0.0,1.0,0.0
Khdc1b,0.0,0.0,0.0,0.9888502385877284,0.1005259156227111,0.0,1.0,0.0,0.0,1.0,0.0
Kcnq5,0.002291184850037,0.0093447426334023,2.033153533935547,0.9888502385877284,0.5041979551315308,2.033153533935547,0.1708625131045653,1.747715711593628,2.033153533935547,0.2365513786691335,1.6176763772964478
Ogfrl1,0.0293723735958337,0.0257070641964674,-0.1949510127305984,0.9888502385877284,0.4204761385917663,-0.1949510127305984,0.8491632589380113,-0.4316428601741791,-0.1949510127305984,0.9200449394270704,-0.3548210561275482
B3gat2,0.0061662443913519,0.0037844106554985,-0.706043004989624,0.9888502385877284,0.1354784518480301,-0.706043004989624,0.6975751052155886,-0.6462363600730896,-0.706043004989624,0.8119819011590031,-0.5136569738388062
Smap1,0.3217553496360779,0.7520545125007629,1.5628901720046997,1.0133409879688164e-30,11.816575050354004,1.5628901720046997,1.629751467517343e-36,13.563775062561035,1.5628901720046997,1.1794752017569758e-28,11.847594261169434
Sdhaf4,0.2256170958280563,0.2526079416275024,0.1832685321569442,0.0383915985828055,2.5433952808380127,0.1832685321569442,0.4188164167799482,1.1550182104110718,0.1832685321569442,0.5404066676340907,0.96788489818573
Fam135a,0.0,0.0017096082447096,20.70646858215332,0.9888502385877284,0.1678170263767242,20.70646858215332,0.4679991859106411,1.0,20.70646858215332,0.5282133287683867,1.0
Lmbrd1,0.0913465097546577,0.2350936383008957,1.470324993133545,1.7706777136504262e-08,6.012211322784424,1.470324993133545,1.0265003908027828e-10,6.895665168762207,1.470324993133545,8.945709309948914e-09,6.185072898864746
Phf3,0.6937244534492493,0.6829919219017029,-0.0311172567307949,0.9888502385877284,-0.4729049503803253,-0.0311172567307949,0.9363354739587304,-0.3077518343925476,-0.0311172567307949,0.9832085110106,-0.2573471069335937
Ptp4a1,0.002339043887332,0.0012958127772435,-0.8528138995170593,0.9888502385877284,0.1013474464416503,-0.8528138995170593,0.8042305099649015,-0.4960774183273315,-0.8528138995170593,0.8984313864930839,-0.3870505094528198
Ptp4a1-1,0.0127670457586646,0.019221780821681,0.594986081123352,0.9888502385877284,0.5350428223609924,0.594986081123352,0.5073610490522424,0.9341331124305724,0.594986081123352,0.6418557530312287,0.8112308979034424
Prim2,0.0340898446738719,0.0937957987189292,1.503709077835083,0.0108733036078299,3.0023341178894043,1.503709077835083,6.453953686627947e-05,4.378772258758545,1.503709077835083,0.0004022842129367,3.965142965316773
Rab23,0.0239946339279413,0.0587172657251358,1.3162927627563477,0.2373036979918266,1.693779468536377,1.3162927627563477,0.0085027610298752,3.012516021728516,1.3162927627563477,0.0207748742070122,2.7484633922576904
Bag2,0.0089711723849177,0.0380589328706264,2.105931043624878,0.2070164009237144,1.7702568769454956,2.105931043624878,0.0009878057999625,3.675892114639282,2.105931043624878,0.0029595028731378,3.400859832763672
Zfp451,0.2067043185234069,0.2096751779317855,0.0228048525750637,0.5769731313598481,1.1083242893218994,0.0228048525750637,1.0,0.1258744299411773,0.0228048525750637,1.0,0.1063489019870758
Bend6,0.0012240676442161,0.0019219715613871,0.6514067649841309,0.9888502385877284,0.1345822364091873,0.6514067649841309,0.9375826321277658,0.3062774538993835,0.6514067649841309,0.9756235967791176,0.2687273621559143
Dst,0.0053304652683436,0.006561990827322,0.3007611632347107,0.9888502385877284,0.269612580537796,0.3007611632347107,0.9295541876823448,0.3166137635707855,0.3007611632347107,0.9768667376541456,0.266810804605484
Ccdc115,0.2461707592010498,0.3119679093360901,0.3914055228233337,0.0044099757688167,3.290095090866089,0.3914055228233337,0.026091045741636,2.603047609329224,0.3914055228233337,0.0752423888434826,2.215784311294556
Imp4,0.2744708955287933,0.3220795691013336,0.2668109536170959,0.0397591524977811,2.529877185821533,0.2668109536170959,0.1516428498154899,1.8108006715774536,0.2668109536170959,0.2718010820364819,1.5301237106323242
Ptpn18,1.927598237991333,2.151625633239746,0.3716830909252167,1.3234427626633926e-09,6.435226917266846,0.3716830909252167,6.500264025607246e-14,7.91511869430542,0.3716830909252167,1.6238279551725224e-09,6.476153373718262
Prss39,0.0,0.0020478072110563,20.96712684631348,0.9888502385877284,0.1678170263767242,20.96712684631348,0.4679991859106411,1.0,20.96712684631348,0.5282133287683867,1.0
Arhgef4,0.0376944914460182,0.0269782189279794,-0.4903304576873779,0.9888502385877284,0.0597479417920112,-0.4903304576873779,0.4606980079324993,-1.0843108892440796,-0.4903304576873779,0.591795702988113,-0.8891781568527222
Fam168b,0.2777667641639709,0.3000577688217163,0.1282192319631576,0.1160163701201911,2.065934419631958,0.1282192319631576,0.5446114571550688,0.8749834895133972,0.1282192319631576,0.6832027011037286,0.7327471375465393
Plekhb2,0.0933399051427841,0.359344333410263,2.1439130306243896,3.64438663533101e-19,9.274598121643066,2.1439130306243896,4.4341015105170844e-24,10.880756378173828,2.1439130306243896,5.306037387127678e-21,10.041743278503418
Hs6st1,0.0676694512367248,0.0124653689563274,-2.480666160583496,0.459918579720142,-1.2817426919937134,-2.480666160583496,1.447103250673011e-07,-5.63092565536499,-2.480666160583496,0.0001949729079846,-4.16237211227417
Uggt1,0.2354510426521301,0.2103921324014663,-0.1810936480760574,0.9402034653418456,0.6475183367729187,-0.1810936480760574,0.4679991859106411,-1.0703020095825195,-0.1810936480760574,0.5933562676790811,-0.8866458535194397
Neurl3,0.3562698066234588,0.2040028572082519,-0.9193395376205444,0.0035970372797363,-3.353203773498535,-0.9193395376205444,1.2089952084564014e-07,-5.667281150817871,-0.9193395376205444,2.568727269270374e-05,-4.635672569274902
Arid5a,0.287184476852417,0.2128816992044448,-0.4877550303936004,0.6607481530910512,-0.9963716268539428,-0.4877550303936004,0.0092139966077808,-2.980926752090454,-0.4877550303936004,0.0440537610363848,-2.4505772590637207
Kansl3,0.1715810894966125,0.1907260566949844,0.1668380200862884,0.0460080551894795,2.4717724323272705,0.1668380200862884,0.529135720959897,0.8988067507743835,0.1668380200862884,0.6806006292917554,0.755170464515686
Lman2l,0.0881402045488357,0.0416265577077865,-1.1162110567092896,0.9580199517427564,-0.6231710314750671,-1.1162110567092896,0.0017444881177121,-3.502145767211914,-1.1162110567092896,0.0203912467782041,-2.7561123371124268
Cnnm4,0.0180603805929422,0.0384634286165237,1.105446457862854,0.3700949159182579,1.4267808198928833,1.105446457862854,0.0543811097540075,2.3028151988983154,1.105446457862854,0.1099813859423556,2.0364830493927
Cnnm3,0.0843568369746208,0.0851494073867797,0.014071324840188,0.6246528084630179,1.0451408624649048,0.014071324840188,1.0,0.0522324964404106,0.014071324840188,1.0,0.0435865633189678
Ankrd23,0.0073080258443951,0.0028867365326732,-1.343233942985535,0.9888502385877284,0.035251285880804,-1.343233942985535,0.3994737717540846,-1.1880837678909302,-1.343233942985535,0.5753428112852516,-0.9136725068092346
Gm42417,0.0010399554157629,0.0,-19.988842010498047,0.9888502385877284,0.0673658028244972,-19.988842010498047,0.4679991859106411,-1.0,-19.988842010498047,0.6832027011037286,-0.7008072733879089
Ankrd39,0.1121739745140075,0.1558700799942016,0.5068299770355225,0.0192840010361804,2.802775859832764,0.5068299770355225,0.049226945226287,2.345378875732422,0.5068299770355225,0.1153018408873237,2.0122358798980717
Sema4c,0.0010953084565699,0.0274564437568187,4.666795253753662,0.5049614008259508,1.2104933261871338,4.666795253753662,0.000807429054809,3.7400951385498047,4.666795253753662,0.0011306795372506,3.6941633224487305
Cox5b,1.0493628978729248,1.964206337928772,1.723645806312561,3.974462497419421e-109,22.41571044921875,1.723645806312561,4.5826627302150925e-139,28.90966033935547,1.723645806312561,1.7309320764423976e-87,23.095815658569336
Actr1b,0.132780060172081,0.1720679104328155,0.4029995501041412,0.0150695543927127,2.8906054496765137,0.4029995501041412,0.0957020099325862,2.045044183731079,0.4029995501041412,0.1947360442332247,1.7346693277359009
4933424G06Rik,0.0010808538645505,0.0,-20.04452133178711,0.9888502385877284,0.0673658028244972,-20.04452133178711,0.4679991859106411,-1.0,-20.04452133178711,0.6832027011037286,-0.7008072733879089
Zap70,0.4666579663753509,0.9110300540924072,1.3221638202667236,1.2987665022935627e-28,11.395501136779783,1.3221638202667236,2.643417276542429e-37,13.634757041931152,1.3221638202667236,1.4094083987927229e-27,11.60142993927002
Tmem131,0.1303551644086837,0.1169320791959762,-0.1666589230298996,0.684169352993853,0.965900182723999,-0.1666589230298996,0.6217234784030435,-0.757731556892395,-0.1666589230298996,0.7333973909568937,-0.6271893382072449
Vwa3b,0.0168996937572956,0.001642920775339,-3.37368392944336,0.9888502385877284,-0.3307048678398132,-3.37368392944336,0.0037455546525394,-3.274155616760254,-3.37368392944336,0.0533955552451387,-2.3707613945007324
Inpp4a,0.0671010240912437,0.1260444968938827,0.952729105949402,0.018996558029948,2.808377265930176,0.952729105949402,0.0020274709603296,3.4640862941741943,0.952729105949402,0.0085732524462892,3.0594558715820312
Coa5,0.1483961939811706,0.343489408493042,1.357303261756897,2.524317575075568e-12,7.360423564910889,1.357303261756897,9.050824870016172e-14,7.925535678863525,1.357303261756897,4.569188699970936e-11,7.042438507080078
Unc50,0.2772080898284912,0.3563482463359833,0.4224148094654083,0.0018476256499269,3.549475908279419,0.4224148094654083,0.0094981201587384,2.971949577331543,0.4224148094654083,0.0371457838896191,2.521468162536621
Mgat4a,0.1314204484224319,0.0297498404979705,-2.2175607681274414,0.045177849529166,-2.4796142578125,-2.2175607681274414,2.1000142957024265e-12,-7.42091178894043,-2.2175607681274414,2.969562417271537e-07,-5.576234340667725
2010300C02Rik,0.0067202341742813,0.0203553102910518,1.6086795330047607,0.8393265797406829,0.7717193365097046,1.6086795330047607,0.0886475456987055,2.0827364921569824,1.6086795330047607,0.1403137756631554,1.9106154441833496
Tsga10,0.0104532018303871,0.0304756723344326,1.5582053661346436,0.4039713984011315,1.3700950145721436,1.5582053661346436,0.0260167433686717,2.605721950531006,1.5582053661346436,0.0595564443754807,2.3206799030303955
Lipt1,0.0146239334717392,0.0165298860520124,0.1781238168478012,0.9888502385877284,0.4658845663070678,0.1781238168478012,0.9440077729034302,0.2961020767688751,0.1781238168478012,0.9885064034315728,0.2494056671857834
Mitd1,0.2790052890777588,0.4047354161739349,0.6325392127037048,1.9299932478316563e-05,4.680877685546875,0.6325392127037048,6.17851684678945e-05,4.381458759307861,0.6325392127037048,0.0008427321881528,3.7626004219055176
Mrpl30,0.810724139213562,0.7714178562164307,-0.1037523001432418,0.2135249709222889,-1.752780556678772,-0.1037523001432418,0.440153941425187,-1.119070291519165,-0.1037523001432418,0.5606158253356746,-0.9365010261535645
Txndc9,0.3582369983196258,0.5917240381240845,0.9057160019874572,3.527604786919952e-11,6.985953330993652,0.9057160019874572,1.9951466720864523e-13,7.7883148193359375,0.9057160019874572,4.657735174359848e-10,6.674361228942871
Eif5b,0.6475231647491455,0.7730123996734619,0.3567068874835968,0.0099621159085442,3.0317599773406982,0.3567068874835968,0.0022531924070548,3.430255889892578,0.3567068874835968,0.0141771953243853,2.8861162662506104
Rev1,0.0716010555624961,0.0676775202155113,-0.0841671228408813,0.7143198623183104,0.9248981475830078,-0.0841671228408813,0.9485061181670452,-0.2896864414215088,-0.0841671228408813,0.9946897833213698,-0.2397804260253906
Aff3,0.1789471209049224,0.0073559586890041,-4.730174064636231,3.539621697587149e-05,-4.546071529388428,-4.730174064636231,1.3007135370430562e-29,-11.969786643981934,-4.730174064636231,3.1697348053843968e-15,-8.532119750976562
Chst10,0.0719625130295753,0.0256643444299697,-1.521148681640625,0.7036710720954774,-0.9399845004081726,-1.521148681640625,0.0001460305608349,-4.167123317718506,-1.521148681640625,0.0052694057278562,-3.2220122814178467
Pdcl3,0.2443705350160598,0.5032326579093933,1.2404879331588743,1.3974147175832833e-15,8.32729434967041,1.2404879331588743,1.82659530348884e-18,9.29856300354004,1.2404879331588743,2.5292129391308508e-14,8.112311363220215
Rpl31,2.2248075008392334,1.9950408935546875,-0.3773664534091949,8.471542980223556e-19,-9.182138442993164,-0.3773664534091949,8.849451218426794e-15,-8.208542823791504,-0.3773664534091949,5.363786240757056e-11,-7.015005588531494
Tbc1d8,0.0,0.0,0.0,0.9888502385877284,0.1005259156227111,0.0,1.0,0.0,0.0,1.0,0.0
Cnot11,0.1068499386310577,0.1942747980356216,0.9271581768989564,2.702042925586085e-05,4.606640815734863,0.9271581768989564,3.3651990566847006e-05,4.525384902954102,0.9271581768989564,0.000433717622296,3.943773031234741
Rnf149,0.1359964311122894,0.1607716977596283,0.2597580850124359,0.0715744437350207,2.286628484725952,0.2597580850124359,0.3617151717237458,1.2617539167404177,0.2597580850124359,0.5088055877497504,1.067698955535889
Rfx8,0.0,0.0,0.0,0.9888502385877284,0.1005259156227111,0.0,1.0,0.0,0.0,1.0,0.0
Map4k4,0.8410964012145996,0.4677180647850036,-1.1451194286346436,1.1698649392198256e-20,-9.64234733581543,-1.1451194286346436,5.467657429396142e-26,-11.10657787322998,-1.1451194286346436,1.9293796589204558e-17,-9.051712036132812
Il1r2,0.0,0.009830211289227,23.23588752746582,0.9452671725632862,0.6388548612594604,23.23588752746582,0.0247203525217275,2.6303842067718506,23.23588752746582,0.0286771584436069,2.6303842067718506
Il1r1,0.0,0.0,0.0,0.9888502385877284,0.1005259156227111,0.0,1.0,0.0,0.0,1.0,0.0
Il1rl2,0.013807201758027,0.0093988329172134,-0.5580534338951111,0.9888502385877284,0.1675182878971099,-0.5580534338951111,0.5828051549115013,-0.8163328766822815,-0.5580534338951111,0.7161151844356269,-0.6528447866439819
Il1rl1,0.0015659279888495,0.2371929734945297,7.416247844696045,1.154347474147436e-14,8.066569328308105,7.416247844696045,4.642849823180131e-26,11.601846694946287,7.416247844696045,7.641395823447635e-26,11.566279411315918
Il18r1,0.2135260254144668,1.467178225517273,3.809292793273926,4.766418489230789e-135,24.94879913330078,3.809292793273926,2.879419962740292e-159,36.51736831665039,3.809292793273926,2.4277388363366082e-150,33.2278938293457
Il18rap,0.0339864380657672,0.9935209155082704,5.620462894439697,3.0103474514435843e-108,22.324071884155277,5.620462894439697,1.562779270755704e-102,28.496356964111328,5.620462894439697,1.6629511799582728e-102,28.043045043945312
Slc9a2,0.0,0.0,0.0,0.9888502385877284,0.1005259156227111,0.0,1.0,0.0,0.0,1.0,0.0
Mfsd9,0.0068858005106449,0.0040878765285015,-0.7542926669120789,0.9888502385877284,0.102094292640686,-0.7542926669120789,0.6231256782988125,-0.7550567984580994,-0.7542926669120789,0.7539363582672733,-0.5971296429634094
Mrps9,0.277189701795578,0.3372678756713867,0.3285743296146393,0.0073759041590859,3.129522562026977,0.3285743296146393,0.0499438950257789,2.3387258052825928,0.3285743296146393,0.1266087651471603,1.964427471160889
Gpr45,0.0,0.0018792123300954,20.843053817749023,0.9888502385877284,0.1678170263767242,20.843053817749023,0.4679991859106411,1.0,20.843053817749023,0.5282133287683867,1.0
Tgfbrap1,0.0641310065984726,0.1063958182930946,0.7612683773040771,0.0709376512840837,2.290362596511841,0.7612683773040771,0.0206948916830947,2.6935694217681885,0.7612683773040771,0.0535009715189259,2.366579055786133
AI597479,0.0410198979079723,0.0390377901494503,-0.0728918015956878,0.9267302155099666,0.6638743281364441,-0.0728918015956878,1.0,-0.1922867596149444,-0.0728918015956878,1.0,-0.1601815372705459
Fhl2,0.0228048488497734,0.2350381910800933,3.521864652633667,2.3323771934921957e-15,8.264484405517578,3.521864652633667,2.767197801264627e-25,11.296476364135742,3.521864652633667,8.248465055160661e-24,10.87314224243164
Nck2,0.1079794466495513,0.1259123980998993,0.2348516881465912,0.232410264685652,1.7059531211853027,0.2348516881465912,0.4679991859106411,1.0099287033081057,0.2348516881465912,0.6115298048096686,0.8571867346763611
Uxs1,0.0536157190799713,0.0892200171947479,0.7607004046440125,0.045177849529166,2.479539632797241,0.7607004046440125,0.0302530926003884,2.545135021209717,0.7607004046440125,0.0779098277878744,2.198940753936768
Tpp2,0.3573853373527527,0.5261960625648499,0.6888275146484375,4.356362070609266e-07,5.443037509918213,0.6888275146484375,1.6400959175808564e-07,5.619373321533203,0.6888275146484375,1.3054174692795944e-05,4.783288955688477
Mettl21c,0.0078527778387069,0.0060916575603187,-0.3676398992538452,0.9888502385877284,0.1354784518480301,-0.3676398992538452,0.8678940363587412,-0.4058056175708771,-0.3676398992538452,0.9339112319094014,-0.3332119882106781
Gm8251,0.0676044970750808,0.0198549181222915,-1.802318096160889,0.7890387004429991,-0.8316913843154907,-1.802318096160889,0.001127412885285,-3.626380681991577,-1.802318096160889,0.0175552752628932,-2.811809778213501
Tex30,0.1160637140274047,0.2102553993463516,0.9270176887512208,1.3525496770912868e-05,4.757803440093994,0.9270176887512208,1.3746451100610593e-05,4.726597309112549,0.9270176887512208,0.0002177995415905,4.120980262756348
Poglut2,0.0167478621006011,0.0231164935976266,0.4695547819137573,0.9509379260534656,0.6316851377487183,0.4695547819137573,0.5543100194651752,0.8602586984634399,0.4695547819137573,0.6832027011037286,0.7435246109962463
Bivm,0.0266200173646211,0.0183996856212615,-0.5387824177742004,0.9888502385877284,0.102094292640686,-0.5387824177742004,0.4679991859106411,-1.0156713724136353,-0.5387824177742004,0.6264661734110053,-0.8342592120170593
Ercc5,0.1126371771097183,0.1137781590223312,0.0153791718184947,0.4444405611380655,1.3047456741333008,0.0153791718184947,1.0,0.0635773763060569,0.0153791718184947,1.0,0.0534978508949279
Wdr75,0.1516705155372619,0.1507123112678527,-0.009851885959506,0.3692424534626195,1.4282745122909546,-0.009851885959506,1.0,-0.0495115518569946,-0.009851885959506,1.0,-0.0413991473615169
Slc40a1,0.0009669660939835,0.0063563492149114,2.7205498218536377,0.9888502385877284,0.3362315595149994,2.7205498218536377,0.212323422795713,1.6159985065460205,2.7205498218536377,0.2636733050716709,1.549906611442566
Slc39a10,0.0829251185059547,0.0486508160829544,-0.7943397164344788,0.9888502385877284,-0.1874591708183288,-0.7943397164344788,0.0219108901377001,-2.6692936420440674,-0.7943397164344788,0.0912855887740055,-2.1259913444519043
Cavin2,0.0023908815346658,0.0,-21.19083595275879,0.9888502385877284,0.0342056974768638,-21.19083595275879,0.2942789202292576,-1.410602569580078,-21.19083595275879,0.5299909986835808,-0.9885604977607728
Nabp1,0.2940729856491089,0.7422999143600464,1.68693208694458,2.2743724687693926e-32,12.136449813842772,1.68693208694458,2.0300675334129108e-35,13.396318435668944,1.68693208694458,7.415241182728781e-29,11.904648780822754
Myo1b,0.0009638330084271,0.0,-19.879119873046875,0.9888502385877284,0.0673658028244972,-19.879119873046875,0.4679991859106411,-1.0,-19.879119873046875,0.6832027011037286,-0.7008072733879089
Stat4,0.4877068996429443,0.6845524311065674,0.644930899143219,7.605142323957696e-07,5.337432861328125,0.644930899143219,8.037325160722538e-08,5.7528581619262695,0.644930899143219,7.34311074191772e-06,4.907426357269287
Stat1,1.326508641242981,1.1226048469543457,-0.4171592593193054,2.346395320257134e-06,-5.116813659667969,-0.4171592593193054,1.0256932507596444e-05,-4.78134822845459,-0.4171592593193054,0.0005263608420836,-3.893136978149414
Gls,0.6003509759902954,0.7381035685539246,0.4083851277828216,0.0062809427410866,3.180681705474853,0.4083851277828216,0.0002906790868478,3.9975569248199454,0.4083851277828216,0.0032104286660502,3.374096632003784
Nab1,0.2850165069103241,0.7568961381912231,1.7788338661193848,6.996017619389345e-38,13.14768409729004,1.7788338661193848,1.768362139330661e-44,15.20667839050293,1.7788338661193848,1.1945314384933068e-35,13.37125015258789
Nemp2,0.0732207372784614,0.1181262135505676,0.7229138016700745,0.0424273359252531,2.504633665084839,0.7229138016700745,0.0179244732701098,2.745875835418701,0.7229138016700745,0.0498703674845687,2.3966104984283447
Mfsd6,0.0914241001009941,0.0747875347733497,-0.3019437789916992,0.9888502385877284,0.3083740770816803,-0.3019437789916992,0.4472668495468666,-1.106971025466919,-0.3019437789916992,0.5734033828316601,-0.9163729548454284
Inpp1,0.2671926021575928,0.4414343535900116,0.8574134111404419,9.705882682380352e-09,6.113110542297363,0.8574134111404419,4.97144835416476e-09,6.245620250701904,0.8574134111404419,7.001054905535522e-07,5.386425495147705
Hibch,0.1160279959440231,0.12061757594347,0.0593431368470191,0.3925162367177566,1.3891396522521973,0.0593431368470191,0.9688421439342274,0.2604028880596161,0.0593431368470191,1.0,0.2194153666496276
1700019D03Rik,0.0122310705482959,0.0032274050172418,-1.9286068677902224,0.9888502385877284,-0.1312960982322693,-1.9286068677902224,0.0889716136110922,-2.0786919593811035,-1.9286068677902224,0.2551886460636733,-1.5725373029708862
1700019A02Rik,0.0,0.0010886250529438,20.05486297607422,0.9888502385877284,0.1678170263767242,20.05486297607422,0.4679991859106411,1.0,20.05486297607422,0.5282133287683867,1.0
Pms1,0.0833089500665664,0.0850362777709961,0.0308700874447822,0.4097563275433914,1.3601619005203247,0.0308700874447822,1.0,0.1139645725488662,0.0308700874447822,1.0,0.0951007157564163
Ormdl1,0.1199659258127212,0.2608890533447265,1.2256903648376465,5.995548260227214e-09,6.193098068237305,1.2256903648376465,1.0154617795641134e-09,6.519410610198975,1.2256903648376465,1.0974015558734686e-07,5.738405704498291
Osgepl1,0.032436329871416,0.0346275530755519,0.0958992019295692,0.7872477851408839,0.8339319229125977,0.0958992019295692,0.9841685361229026,0.2390542477369308,0.0958992019295692,1.0,0.199233591556549
Gm28551,0.0,0.0,0.0,0.9888502385877284,0.1005259156227111,0.0,1.0,0.0,0.0,1.0,0.0
Asnsd1,0.1670903712511062,0.2982250154018402,0.9340307116508484,1.569206120771072e-07,5.631318092346191,0.9340307116508484,2.950783481314009e-07,5.512896537780762,0.9340307116508484,1.2898405602099408e-05,4.785851955413818
Stk17b,1.395260453224182,1.4665136337280271,0.1351125091314315,0.9817930631345466,0.5932223796844482,0.1351125091314315,0.1094109875222781,1.9789358377456665,0.1351125091314315,0.2280186568632217,1.6381688117980957
Hecw2,0.0011010892922058,0.0015921341255307,0.5323842763900757,0.9888502385877284,0.1345822364091873,0.5323842763900757,0.9736364232117218,0.2536661624908447,0.5323842763900757,1.0,0.2195256501436233
Ccdc150,0.0,0.0,0.0,0.9888502385877284,0.1005259156227111,0.0,1.0,0.0,0.0,1.0,0.0
Gtf3c3,0.1039533838629722,0.0906616598367691,-0.2071156203746795,0.9289409282371618,0.6599160432815552,-0.2071156203746795,0.577788193780681,-0.824181079864502,-0.2071156203746795,0.6935455134849463,-0.685460090637207
Pgap1,0.0660912841558456,0.0478803068399429,-0.4782887995243072,0.9888502385877284,0.1103843227028846,-0.4782887995243072,0.2945192984251671,-1.4091050624847412,-0.4782887995243072,0.45724948706434,-1.1526302099227903
Ankrd44,0.9837878346443176,1.0588500499725342,0.1692854017019271,0.5258918963459976,1.1817395687103271,0.1692854017019271,0.0912916424753964,2.067655563354492,0.1692854017019271,0.194621325726873,1.7350528240203855
Sf3b1,1.2993603944778442,1.4308605194091797,0.2548776268959045,0.059859781519481,2.3625829219818115,0.2548776268959045,0.0005751615649289,3.815221786499024,0.2548776268959045,0.0075127816359494,3.1042654514312744
Coq10b,0.2868706583976745,0.4173954725265503,0.6406823992729187,2.740849409862487e-05,4.603579044342041,0.6406823992729187,3.652365189093232e-05,4.50537109375,0.6406823992729187,0.0005335452644461,3.887676954269409
Hspd1,0.6360652446746826,0.7221773862838745,0.2522721588611603,0.1445391760229633,1.957790732383728,0.2522721588611603,0.0461525474057587,2.3721606731414795,0.2522721588611603,0.1132218759227011,2.021789312362671
Hspe1,1.5579279661178589,1.1007310152053833,-0.9019118547439576,2.437034431510313e-40,-13.57338809967041,-0.9019118547439576,1.6318418289663685e-35,-13.24347686767578,-0.9019118547439576,9.062416476311375e-26,-11.180110931396484
Mob4,0.3936877846717834,0.5133471488952637,0.4757004380226135,0.0004423302147602,3.9375388622283936,0.4757004380226135,0.0003500894174388,3.9486894607543945,0.4757004380226135,0.0036327930380363,3.3370487689971924
Rftn2,0.0083873607218265,0.0072342180646955,-0.2142125964164734,0.9888502385877284,0.1694601029157638,-0.2142125964164734,0.9713667472817284,-0.2571924924850464,-0.2142125964164734,1.0,-0.2130167931318283
Mars2,0.0617688335478305,0.0439355038106441,-0.504469096660614,0.9888502385877284,0.2389170825481414,-0.504469096660614,0.2657351941126981,-1.482073426246643,-0.504469096660614,0.4270219936596545,-1.2063713073730469
Boll,0.0116732167080044,0.0062678954564034,-0.9010541439056396,0.9888502385877284,0.1016461849212646,-0.9010541439056396,0.4254316509226399,-1.1440688371658323,-0.9010541439056396,0.5871666806853757,-0.8958634734153748
Plcl1,0.0037149232812225,0.0365876443684101,3.323744058609009,0.2741277294200466,1.6115514039993286,3.323744058609009,0.0002887945634221,4.015329360961914,3.323744058609009,0.0005730478240586,3.877218723297119
Satb2,0.0,0.0,0.0,0.9888502385877284,0.1005259156227111,0.0,1.0,0.0,0.0,1.0,0.0
1700066M21Rik,0.0095429914072155,0.0319770760834217,1.7607629299163818,0.5328525023255707,1.1712090969085691,1.7607629299163818,0.0203799520544992,2.701181650161743,1.7607629299163818,0.0396422472629436,2.4948172569274902
Tyw5,0.049468245357275,0.0867904946208,0.8382622599601746,0.0781187975389184,2.247045516967773,0.8382622599601746,0.0175367685373754,2.7545859813690186,0.8382622599601746,0.0483834347411995,2.4096548557281494
Maip1,0.1438065022230148,0.1618316918611526,0.1836988627910614,0.1035711704671607,2.1193342208862305,0.1836988627910614,0.5135687553203739,0.9244866967201232,0.1836988627910614,0.6645420291189718,0.7794700264930725
Spats2l,0.0015089091612026,0.0,-20.52616500854492,0.9888502385877284,0.0673658028244972,-20.52616500854492,0.4679991859106411,-1.0,-20.52616500854492,0.6832027011037286,-0.7008072733879089
Kctd18,0.1141178458929061,0.1460197269916534,0.3791497647762298,0.0591982896752502,2.367288112640381,0.3791497647762298,0.1844041249161011,1.6965757608413696,0.3791497647762298,0.3072456249180895,1.451157808303833
Sgo2a,0.0127075389027595,0.0247863549739122,0.9726014733314514,0.6822110349710998,0.9690369367599488,0.9726014733314514,0.1827827472342691,1.7027219533920288,0.9726014733314514,0.283681460973734,1.503270983695984
Aox1,0.0,0.0,0.0,0.9888502385877284,0.1005259156227111,0.0,1.0,0.0,0.0,1.0,0.0
Aox2,0.0043843211606144,0.0,-22.06708526611328,0.9888502385877284,-0.0321145206689834,-22.06708526611328,0.1050102391980644,-2.0007240772247314,-22.06708526611328,0.3289871968516604,-1.4021220207214355
Bzw1,0.7365137338638306,1.1356241703033447,0.9568432569503784,1.0842453721874497e-19,9.405521392822266,0.9568432569503784,2.506183788303461e-27,11.440458297729492,0.9568432569503784,4.1919425264673664e-19,9.50306224822998
Clk1,0.9812855124473572,0.9805037379264832,-0.0018044575117528,0.9888502385877284,-0.5783600807189941,-0.0018044575117528,1.0,-0.0207211319357156,-0.0018044575117528,1.0,-0.0172054395079612
Ppil3,0.1982116550207138,0.243473619222641,0.3305739760398865,0.0167408705705393,2.8536365032196045,0.3305739760398865,0.1117222245118821,1.9688106775283811,0.3305739760398865,0.2169424650246338,1.6689327955245972
Nif3l1,0.0499793551862239,0.0666965544223785,0.4284560680389404,0.3379172411666908,1.4860806465148926,0.4284560680389404,0.3380052976081543,1.310451626777649,0.4284560680389404,0.472320656014234,1.1277247667312622
Orc2,0.0925321951508522,0.1335749924182891,0.5597864389419556,0.0153904606179728,2.883211612701416,0.5597864389419556,0.043168244847086,2.3998782634735107,0.5597864389419556,0.1051297362802135,2.058068990707397
Fam126b,0.1167180985212326,0.1170826330780983,0.0047670006752014,0.6377542842280319,1.026768445968628,0.0047670006752014,1.0,0.0195493549108505,0.0047670006752014,1.0,0.0165201816707849
Ndufb3,0.7338851690292358,0.8991932272911072,0.428370326757431,0.0008140979590102,3.776443481445313,0.428370326757431,8.421626164231484e-06,4.8283562660217285,0.428370326757431,0.0002821616879554,4.056014537811279
Flacc1,0.0,0.0013315042015165,20.3455867767334,0.9888502385877284,0.1678170263767242,20.3455867767334,0.4679991859106411,1.0,20.3455867767334,0.5282133287683867,1.0
Cflar,0.4664093554019928,0.511419951915741,0.1680152118206024,0.235797070752224,1.6976630687713623,0.1680152118206024,0.3014933888002136,1.3899272680282593,0.1680152118206024,0.4457276037877822,1.1722986698150637
Casp8,0.5276333093643188,0.4952507317066192,-0.1167181581258773,0.7382269121494002,-0.8932317495346069,-0.1167181581258773,0.4679991859106411,-1.0179871320724487,-0.1167181581258773,0.6147634636813195,-0.8519244194030762
Trak2,0.1221688687801361,0.1054145470261573,-0.2251176387071609,0.9888502385877284,0.5834386348724365,-0.2251176387071609,0.4864143648652599,-0.9689717888832092,-0.2251176387071609,0.6462043688285977,-0.8047850728034973
Stradb,0.0345650613307952,0.0452613346278667,0.3967318534851074,0.6800826166536565,0.972248375415802,0.3967318534851074,0.4873348346912091,0.9673996567726136,0.3967318534851074,0.626294395419821,0.8346132636070251
Tmem237,0.0132409706711769,0.071355439722538,2.472230672836304,0.0121735182615397,2.96461820602417,2.472230672836304,1.380231522772531e-06,5.232955455780029,2.472230672836304,6.6334905269519564e-06,4.939908981323242
Mpp4,0.0,0.0,0.0,0.9888502385877284,0.1005259156227111,0.0,1.0,0.0,0.0,1.0,0.0
Als2,0.0241622105240821,0.042474128305912,0.8271145224571228,0.478720458068875,1.250524401664734,0.8271145224571228,0.1333613396411033,1.8797318935394287,0.8271145224571228,0.2245193646331463,1.6481770277023315
Cdk15,0.0,0.0,0.0,0.9888502385877284,0.1005259156227111,0.0,1.0,0.0,0.0,1.0,0.0
Fzd7,0.0,0.0,0.0,0.9888502385877284,0.1005259156227111,0.0,1.0,0.0,0.0,1.0,0.0
Gm973,0.001378663117066,0.0,-20.39583396911621,0.9888502385877284,0.0673658028244972,-20.39583396911621,0.4679991859106411,-1.0,-20.39583396911621,0.6832027011037286,-0.7008072733879089
Sumo1,0.8931648135185242,1.11381733417511,0.5038608908653259,2.9141343321327697e-07,5.518991947174072,0.5038608908653259,3.1572937897609866e-10,6.6817779541015625,0.5038608908653259,3.370830743848687e-07,5.5297722816467285
Nop58,0.5035989284515381,0.4464064538478851,-0.2184268534183502,0.6095948446376009,-1.0643348693847656,-0.2184268534183502,0.1671411786108079,-1.7590996026992798,-0.2184268534183502,0.2987696467166426,-1.469724416732788
Bmpr2,0.0047558895312249,0.0106940073892474,1.1733042001724243,0.9888502385877284,0.5038245320320129,1.1733042001724243,0.3548334632914441,1.275790810585022,1.1733042001724243,0.4704044473467264,1.1309430599212646
Fam117b,0.1602945029735565,0.2644920647144317,0.8003207445144653,1.7346293248933037e-05,4.704329013824463,0.8003207445144653,2.602509744226147e-05,4.582552433013916,0.8003207445144653,0.0004036622397705,3.962634086608887
Ica1l,0.0011093423236161,0.0046500340104103,2.070091009140014,0.9888502385877284,0.2690151035785675,2.070091009140014,0.4097183300099351,1.170987606048584,2.070091009140014,0.4908246434397123,1.0969873666763306
Wdr12,0.1825492233037948,0.135230004787445,-0.4679072797298431,0.9888502385877284,-0.1339100748300552,-0.4679072797298431,0.0443992523299049,-2.387401819229126,-0.4679072797298431,0.1293313502049673,-1.952649712562561
Carf,0.0487015470862388,0.0175747592002153,-1.4930399656295776,0.94271738774624,-0.6446803212165833,-1.4930399656295776,0.0030961677470194,-3.331526279449463,-1.4930399656295776,0.0321666782335139,-2.5811305046081543
Nbeal1,0.1722325533628463,0.1104224994778633,-0.6869599223136902,0.9888502385877284,-0.5577470660209656,-0.6869599223136902,0.0045893727556564,-3.210411787033081,-0.6869599223136902,0.03150959582084,-2.5880486965179443
Cyp20a1,0.0366224199533462,0.1514490842819214,2.1321616172790527,1.6263925177301471e-06,5.189855575561523,2.1321616172790527,2.4461103122544545e-11,7.140735149383545,2.1321616172790527,7.372288374519224e-10,6.616003513336182
Abi2,0.0281528513878583,0.0782131478190422,1.5105611085891724,0.0579572675669452,2.3766238689422607,1.5105611085891724,0.0005812532065428,3.821414470672608,1.5105611085891724,0.002344303534522,3.4707303047180176
Raph1,0.0147415287792682,0.2238748222589492,4.078590393066406,8.689846530986673e-14,7.808309078216553,4.078590393066406,6.1560700071703145e-24,10.98692798614502,4.078590393066406,4.6679663243410223e-23,10.73548412322998
Cd28,0.420847624540329,1.0825036764144895,1.899420022964477,1.9908075562341418e-52,15.495553970336914,1.899420022964477,5.3588627476420725e-61,18.190786361694336,1.899420022964477,5.40152722980957e-48,15.80452823638916
Ctla4,0.0457502678036689,0.7519455552101135,4.581892490386963,7.383451475187781e-74,18.41864776611328,4.581892490386963,6.845943590258283e-73,21.89920425415039,4.581892490386963,1.0257418848923214e-71,21.327072143554688
Icos,0.1272449940443039,0.8374096751213074,3.2715373039245605,1.6236902508496228e-72,18.24881362915039,3.2715373039245605,4.077660213011173e-72,21.164539337158203,3.2715373039245605,6.955507577411341e-68,19.89720726013184
Pard3b,0.0007365080527961,0.0066008288413286,3.168104887008667,0.9888502385877284,0.3366796672344208,3.168104887008667,0.1852508079627382,1.6955429315567017,3.168104887008667,0.2217003539070504,1.657062292098999
Nrp2,0.0082007609307765,0.0033288365229964,-1.3042572736740112,0.9994412017932364,0.0019418081501498,-1.3042572736740112,0.3690828778550311,-1.2473777532577517,-1.3042572736740112,0.5404066676340907,-0.9680795669555664
Ino80d,0.2980636954307556,0.2960992753505707,-0.0110266404226422,0.4773515980706629,1.252540946006775,-0.0110266404226422,1.0,-0.0747271403670311,-0.0110266404226422,1.0,-0.0624593719840049
Ndufs1,0.2314563393592834,0.2252312451601028,-0.0439942628145217,0.5000150045502706,1.2190821170806885,-0.0439942628145217,0.9663661117618364,-0.2643312811851501,-0.0439942628145217,1.0,-0.2210368067026138
Eef1b2,3.19566011428833,2.590811491012573,-0.9247168898582458,5.179780324128308e-120,-23.510143280029297,-0.9247168898582458,1.733631813168626e-120,-27.657201766967773,-0.9247168898582458,1.495630218581244e-94,-23.73111343383789
Zdbf2,0.0,0.0,0.0,0.9888502385877284,0.1005259156227111,0.0,1.0,0.0,0.0,1.0,0.0
Fastkd2,0.0728894472122192,0.0506801567971706,-0.5404748320579529,0.9888502385877284,0.087829478085041,-0.5404748320579529,0.1655654854395103,-1.7640734910964966,-0.5404748320579529,0.3182144220954438,-1.4278793334960938
Klf7,0.3671779930591583,0.2159116566181183,-0.8804481029510498,0.0128348873800116,-2.9461710453033447,-0.8804481029510498,7.590563910398505e-08,-5.75128984451294,-0.8804481029510498,2.568405926189616e-05,-4.637346267700195
Creb1,0.3701028823852539,0.3910568654537201,0.0955236628651619,0.232410264685652,1.7058783769607544,0.0955236628651619,0.6751070921354086,0.6782276630401611,0.0955236628651619,0.7723934061286089,0.5700815916061401
Mettl21a,0.04856488853693,0.0770558342337608,0.6867576241493225,0.0778262833134791,2.248837947845459,0.6867576241493225,0.06071182033143,2.253632068634033,0.6867576241493225,0.1336727918711632,1.935288667678833
Ccnyl1,0.0213899668306112,0.0160240735858678,-0.4205763041973114,0.9888502385877284,0.1312960982322693,-0.4205763041973114,0.6281400128718644,-0.7478402256965637,-0.4205763041973114,0.7425356165892125,-0.6140474677085876
Fzd5,0.0113945212215185,0.0151089308783411,0.4097467064857483,0.9888502385877284,0.3374265134334564,0.4097467064857483,0.7311133509349192,0.5989546775817871,0.4097467064857483,0.8072241625225857,0.5216584801673889
Plekhm3,0.0376604460179805,0.02899513207376,-0.383524626493454,0.9888502385877284,0.186562955379486,-0.383524626493454,0.5324068626293842,-0.893405020236969,-0.383524626493454,0.6832027011037286,-0.7391319870948792
Idh1,0.0118124894797801,0.029862780123949,1.3511011600494385,0.7066871557751673,0.935802161693573,1.3511011600494385,0.0582471710879804,2.273430824279785,1.3511011600494385,0.1037630489215819,2.064675807952881
Pikfyve,0.1126447841525077,0.0811265930533409,-0.4966364502906799,0.9888502385877284,-0.2052341848611831,-0.4966364502906799,0.1082649851783717,-1.9838837385177608,-0.4966364502906799,0.2309991333216486,-1.6308010816574097
Map2,0.0023363614454865,0.0079021630808711,1.762001872062683,0.9888502385877284,0.4372055530548095,1.762001872062683,0.3091362068121528,1.3719412088394165,1.762001872062683,0.3951982070524063,1.267414927482605
Rpe,0.160898819565773,0.2205391675233841,0.4992691874504089,0.0018274595436384,3.5525379180908203,0.4992691874504089,0.0167014253096499,2.772181987762451,0.4992691874504089,0.0540805352754166,2.362011194229126
Kansl1l,0.0772881284356117,0.0457389689981937,-0.7798143029212952,0.9888502385877284,-0.2872382402420044,-0.7798143029212952,0.0346177076237856,-2.489420890808105,-0.7798143029212952,0.1187087987172474,-1.9985647201538088
Acadl,0.26524618268013,0.7054334282875061,1.7542701959609983,1.7758660774567912e-32,12.157063484191896,1.7542701959609983,7.856340654453358e-38,13.907135009765623,1.7542701959609983,7.179329547778621e-31,12.356443405151367
Lancl1,0.0850164219737052,0.1139625683426857,0.4439728558063507,0.0602421695540078,2.359969139099121,0.4439728558063507,0.155130064836542,1.7985535860061646,0.4439728558063507,0.2715887423518699,1.530776023864746
Ikzf2,0.2129572033882141,0.1317896246910095,-0.7525580525398254,0.9888502385877284,-0.1482495814561844,-0.7525580525398254,0.0025260201823653,-3.3937675952911377,-0.7525580525398254,0.0251207515319358,-2.6773769855499268
Spag16,0.0,0.0,0.0,0.9888502385877284,0.1005259156227111,0.0,1.0,0.0,0.0,1.0,0.0
Bard1,0.0097123486921191,0.0829090327024459,3.1468451023101807,0.00050290066699,3.904752016067505,3.1468451023101807,5.913751190944134e-10,6.650618076324463,3.1468451023101807,4.321141187893635e-09,6.334780216217041
Atic,0.2702721953392029,0.2562205791473388,-0.0876067355275154,0.7870620129828211,0.8344547152519226,-0.0876067355275154,0.7568698100910677,-0.5640878677368164,-0.0876067355275154,0.8420044379878504,-0.4704616367816925
Fn1,0.0033947599586099,0.0,-21.697328567504883,0.9994412017932364,0.0010455889860168,-21.697328567504883,0.1761390792284668,-1.7266788482666016,-21.697328567504883,0.4257255342315298,-1.2100690603256226
Mreg,0.0,0.0,0.0,0.9888502385877284,0.1005259156227111,0.0,1.0,0.0,0.0,1.0,0.0
Pecr,0.0396915934979915,0.0141090946272015,-1.5107446908950806,0.9888502385877284,-0.5434075593948364,-1.5107446908950806,0.00508441174005,-3.1774377822875977,-1.5107446908950806,0.0433981516753355,-2.457735061645508
Tmem169,0.0,0.0,0.0,0.9888502385877284,0.1005259156227111,0.0,1.0,0.0,0.0,1.0,0.0
Xrcc5,0.1460737586021423,0.1251183450222015,-0.2388614267110824,0.6650150383865563,0.9912183880805968,-0.2388614267110824,0.4200052451408343,-1.1530247926712036,-0.2388614267110824,0.5538873524854162,-0.946426808834076
Smarcal1,0.0410318225622177,0.0369213558733463,-0.1552721560001373,0.9888502385877284,0.4969535171985626,-0.1552721560001373,0.8650436975392672,-0.4099657237529754,-0.1552721560001373,0.9306296778252876,-0.3384996652603149
Ankar,0.0,0.0,0.0,0.9888502385877284,0.1005259156227111,0.0,1.0,0.0,0.0,1.0,0.0
Rpl37a,3.889416933059693,3.2740955352783203,-0.9135693311691284,6.749505185402161e-149,-26.206642150878903,-0.9135693311691284,1.513270530132851e-186,-38.45538330078125,-0.9135693311691284,6.160273908628479e-156,-33.34266662597656
Tns1,0.0128290001302957,0.0383081212639808,1.5966989994049072,0.3283538000618925,1.5030341148376465,1.5966989994049072,0.0116544491900178,2.9038400650024414,1.5966989994049072,0.0264854270369968,2.655611038208008
Rufy4,0.0,0.0,0.0,0.9888502385877284,0.1005259156227111,0.0,1.0,0.0,0.0,1.0,0.0
Cxcr2,0.0,0.0031605625990778,21.594030380249023,0.9888502385877284,0.2351081520318985,21.594030380249023,0.3030837451961675,1.3875184059143066,21.594030380249023,0.3342463997149518,1.3875184059143066
Cxcr1,0.0,0.0,0.0,0.9888502385877284,0.1005259156227111,0.0,1.0,0.0,0.0,1.0,0.0
Arpc2,1.7966872453689575,2.351682424545288,0.9179621934890748,3.1952028166825472e-71,18.0830135345459,0.9179621934890748,1.6833952963932703e-75,20.03743934631348,0.9179621934890748,2.661858049518021e-49,16.191320419311523
Aamp,0.3257819712162018,0.3643079698085785,0.1906374394893646,0.1303828402244178,2.009547233581543,0.1906374394893646,0.301945154124291,1.388800859451294,0.1906374394893646,0.4444470946225413,1.1742560863494873
Pnkd,0.2192971855401992,0.3276086151599884,0.6607721447944641,2.461924330040716e-05,4.627478122711182,0.6607721447944641,6.9771270956515e-05,4.352168083190918,0.6607721447944641,0.0009596950694703,3.727329015731812
Tmbim1,0.0093993609771132,0.0460551381111145,2.319291114807129,0.1823452740146444,1.838593602180481,2.319291114807129,0.0003935254333183,3.929536819458008,2.319291114807129,0.001096022997329,3.695269823074341
Catip,0.0,0.0,0.0,0.9888502385877284,0.1005259156227111,0.0,1.0,0.0,0.0,1.0,0.0
Slc11a1,0.0,0.0015016174875199,20.5191707611084,0.9888502385877284,0.1678170263767242,20.5191707611084,0.4679991859106411,1.0,20.5191707611084,0.5282133287683867,1.0
Ctdsp1,0.1691730618476867,0.2345433831214904,0.5200949311256409,0.0024722296629253,3.46523118019104,0.5200949311256409,0.0110267520502638,2.9203789234161377,0.5200949311256409,0.0390094830371113,2.5007355213165283
Usp37,0.0996234416961669,0.2025845348834991,1.1001073122024536,2.6286174774258406e-06,5.094258785247803,1.1001073122024536,1.6385998520333222e-06,5.177883148193359,1.1001073122024536,4.108091523374306e-05,4.526492118835449
Cnot9,0.0708647519350051,0.1298335194587707,0.9167710542678832,0.0014612593205845,3.616543054580689,0.9167710542678832,0.0008038919416972,3.7280781269073486,0.9167710542678832,0.0049075653020112,3.2415034770965576
Plcd4,0.0,0.0,0.0,0.9888502385877284,0.1005259156227111,0.0,1.0,0.0,0.0,1.0,0.0
Zfp142,0.0481861568987369,0.0930410251021385,0.9819849729537964,0.0152073265542524,2.887319326400757,0.9819849729537964,0.0029356625028248,3.352290391921997,0.9819849729537964,0.0126213409068632,2.928016662597656
Bcs1l,0.0357576459646225,0.0397961921989917,0.1573103070259094,0.940319271143125,0.6472195982933044,0.1573103070259094,0.8832594824955914,0.3841133415699005,0.1573103070259094,0.9364586519487458,0.3294267654418945
Rnf25,0.0502276681363582,0.0500052832067012,-0.0065636751241981,0.8449455980538556,0.7647736668586731,-0.0065636751241981,1.0,-0.0189560316503047,-0.0065636751241981,1.0,-0.0157851260155439
Ttll4,0.0486580803990364,0.046292420476675,-0.073623351752758,0.9853902518656444,0.58948814868927,-0.073623351752758,1.0,-0.2047834694385528,-0.073623351752758,1.0,-0.1713296771049499
Cyp27a1,0.0,0.0,0.0,0.9888502385877284,0.1005259156227111,0.0,1.0,0.0,0.0,1.0,0.0
Wnt6,0.0,0.0014572162181138,20.4758358001709,0.9888502385877284,0.1678170263767242,20.4758358001709,0.4679991859106411,1.0,20.4758358001709,0.5282133287683867,1.0
Wnt10a,0.0020679973531514,0.0,-20.98129653930664,0.9888502385877284,0.0342056974768638,-20.98129653930664,0.2942789202292576,-1.414742112159729,-20.98129653930664,0.5299909986835808,-0.9914615750312804
Cdk5r2,0.0,0.0,0.0,0.9888502385877284,0.1005259156227111,0.0,1.0,0.0,0.0,1.0,0.0
Ihh,0.0,0.0010275107342749,19.97146415710449,0.9888502385877284,0.1678170263767242,19.97146415710449,0.4679991859106411,1.0,19.97146415710449,0.5282133287683867,1.0
Nhej1,0.0239370130002498,0.0309627186506986,0.376380056142807,0.6948120088529507,0.951859414577484,0.376380056142807,0.5802567628665966,0.8206227421760559,0.376380056142807,0.6897714086987208,0.6911892890930176
Slc23a3,0.001280119176954,0.0,-20.28877067565918,0.9888502385877284,0.0673658028244972,-20.28877067565918,0.4679991859106411,-1.0,-20.28877067565918,0.6832027011037286,-0.7008072733879089
Cnppd1,0.2650872468948364,0.3447932600975036,0.4396775960922241,0.0009734802487867,3.7281222343444815,0.4396775960922241,0.0084393174163649,3.0113418102264404,0.4396775960922241,0.0344698717141939,2.552320957183838
Retreg2,0.1358029395341873,0.2085005044937133,0.6724801659584045,0.0004156083213328,3.953446626663208,0.6724801659584045,0.0021807603006908,3.441441774368286,0.6724801659584045,0.0109370756484288,2.976681709289551
Zfand2b,0.1615793406963348,0.2003889977931976,0.3393998742103576,0.0209895354225776,2.77125883102417,0.3393998742103576,0.1379147431831786,1.8609191179275515,0.3393998742103576,0.2520738888840803,1.579501986503601
Abcb6,0.012390237301588,0.0021130633540451,-2.559217691421509,0.9888502385877284,-0.1312960982322693,-2.559217691421509,0.0303759562629591,-2.542027711868286,-2.559217691421509,0.157527812663409,-1.8520948886871336
Atg9a,0.0543169789016246,0.0553032681345939,0.0266793519258499,0.8016006286383369,0.8175012469291687,0.0266793519258499,1.0,0.0822389051318168,0.0266793519258499,1.0,0.0687141269445419
Ankzf1,0.0612150356173515,0.0752783715724945,0.3086094856262207,0.3898366662885358,1.3935461044311523,0.3086094856262207,0.4679991859106411,1.0034078359603882,0.3086094856262207,0.6110812831050472,0.858085572719574
Glb1l,0.0120323980227112,0.0075879441574215,-0.6683542728424072,0.9888502385877284,0.0682620257139206,-0.6683542728424072,0.5378094404583711,-0.8851690888404846,-0.6683542728424072,0.6832027011037286,-0.71394282579422
Stk16,0.198076069355011,0.2406395524740219,0.3126437962055206,0.01385385995882,2.9197325706481934,0.3126437962055206,0.138318126746499,1.8592733144760127,0.3126437962055206,0.2572181601486436,1.5673432350158691
Tuba4a,0.4697494804859161,0.2991924285888672,-0.7817120552062988,0.0007063280119817,-3.815279483795166,-0.7817120552062988,2.7997152676084948e-08,-5.931072235107422,-0.7817120552062988,1.1202712048396549e-05,-4.820094108581543
A630095N17Rik,0.0072104893624782,0.0,-22.7868709564209,0.9888502385877284,-0.0984347313642501,-22.7868709564209,0.0405840842477121,-2.425217390060425,-22.7868709564209,0.2063629345097346,-1.6996099948883057
Dnajb2,0.0625573173165321,0.0139393480494618,-2.2013096809387207,0.5336912024251244,-1.1697152853012085,-2.2013096809387207,5.431779518595655e-06,-4.914482593536377,-2.2013096809387207,0.0009164564822274,-3.7463436126708975
Ptprn,0.0020648825448006,0.0,-20.97911834716797,0.9888502385877284,0.0342056974768638,-20.97911834716797,0.2950667672630976,-1.4062947034835815,-20.97911834716797,0.5306960534645491,-0.985541582107544
Dnpep,0.1170748099684715,0.1987552046775818,0.8240318894386292,0.000113786050135,4.275263786315918,0.8240318894386292,0.0001865582828965,4.113988876342773,0.8240318894386292,0.0015924952650007,3.58284854888916
Gmppa,0.085571065545082,0.1002996265888214,0.239910215139389,0.2140017115634853,1.7516603469848633,0.239910215139389,0.507222011230537,0.934595227241516,0.239910215139389,0.6560481003292807,0.79137122631073
Chpf,0.0272537041455507,0.0755914971232414,1.5069388151168823,0.0285604415462988,2.656766891479492,1.5069388151168823,0.0002700127108373,4.023758888244629,1.5069388151168823,0.001327603892013,3.636653184890747
Obsl1,0.0,0.0005771293654106,19.138954162597656,0.9888502385877284,0.1678170263767242,19.138954162597656,0.4679991859106411,1.0,19.138954162597656,0.5282133287683867,1.0
Tmem198,0.0,0.0129040731117129,23.63064193725586,0.8940648012290606,0.7061460018157959,23.63064193725586,0.0098906217544783,2.9665307998657227,23.63064193725586,0.0115316333218505,2.9665307998657227
Inha,0.0,0.0,0.0,0.9888502385877284,0.1005259156227111,0.0,1.0,0.0,0.0,1.0,0.0
Stk11ip,0.0280685611069202,0.0513492561876773,0.8882928490638733,0.3616083848721548,1.4421659708023071,0.8882928490638733,0.0805166371390005,2.126579523086548,0.8882928490638733,0.1525254690543801,1.867587924003601
Slc4a3,0.0011696164729073,0.0011447402648627,-0.0310331787914037,0.9888502385877284,0.1345822364091873,-0.0310331787914037,1.0,-0.0152000160887837,-0.0310331787914037,1.0,-0.0122917219996452
Sgpp2,0.0011192033998668,0.0,-20.0948486328125,0.9888502385877284,0.0673658028244972,-20.0948486328125,0.4679991859106411,-1.0,-20.0948486328125,0.6832027011037286,-0.7008072733879089
Farsb,0.1646031588315963,0.2983959913253784,0.9584673643112184,2.6563045794552164e-07,5.5358710289001465,0.9584673643112184,1.2395076896734482e-07,5.67875337600708,0.9584673643112184,5.540703429182318e-06,4.966719150543213
Mogat1,0.0059561664238572,0.003411594312638,-0.8057748079299927,0.9888502385877284,0.0685607641935348,-0.8057748079299927,0.6569921673016641,-0.7053641080856323,-0.8057748079299927,0.7774481906478098,-0.5625863075256348
Acsl3,0.0363176278769969,0.0010303737362846,-5.164962291717529,0.8191667655464905,-0.7959919571876526,-5.164962291717529,2.4115686458848043e-06,-5.093682765960693,-5.164962291717529,0.0016266476507088,-3.5899529457092285
Utp14b,0.0519037619233131,0.0010303737362846,-5.691457271575928,0.4511954767172276,-1.2945138216018677,-5.691457271575928,1.283441678594623e-09,-6.467591762542725,-5.691457271575928,4.114247009303615e-05,-4.552454471588135
Ap1s3,0.0384213104844093,0.153200015425682,2.079555034637451,2.298528590501595e-06,5.120995998382568,2.079555034637451,4.6679077424517567e-11,7.039360046386719,2.079555034637451,1.313882721840297e-09,6.519374370574951
Wdfy1,0.0479215718805789,0.1451196670532226,1.6697371006011963,0.0001536965513135,4.202744960784912,1.6697371006011963,7.340564851253382e-08,5.79116678237915,1.6697371006011963,1.2019134590780917e-06,5.285071849822998
Mrpl44,0.1241006925702095,0.2165376543998718,0.8716775178909302,3.703083830438766e-05,4.53561544418335,0.8716775178909302,3.948527023395647e-05,4.488219261169434,0.8716775178909302,0.0004861352445967,3.913079261779785
Serpine2,0.0031525683589279,0.0423711240291595,3.776878833770752,0.341366482190825,1.479657769203186,3.776878833770752,0.0008390438405448,3.729094982147217,3.776878833770752,0.0012137285219211,3.672606706619263
Fam124b,0.0080469874665141,0.004173039458692,-0.950147271156311,0.9994412017932364,0.0022405479103326,-0.950147271156311,0.5196165813052388,-0.9144757986068726,-0.950147271156311,0.6832027011037286,-0.7382411360740662
Cul3,0.5028775334358215,0.4933112859725952,-0.0351798981428146,0.9888502385877284,0.2468336820602417,-0.0351798981428146,0.942463141104236,-0.2986787557601928,-0.0351798981428146,0.988738746459099,-0.2488106936216354
Dock10,1.0210773944854736,0.9409192800521852,-0.1850767135620117,0.0019924744243539,-3.527294397354126,-0.1850767135620117,0.06304729858638,-2.236284017562866,-0.1850767135620117,0.152642620442759,-1.8672324419021609
Rhbdd1,0.032864861190319,0.0301430411636829,-0.1266947388648986,0.9888502385877284,0.3840298950672149,-0.1266947388648986,0.9474733663385112,-0.2914715409278869,-0.1266947388648986,0.9924797703197572,-0.2431248128414154
Col4a4,0.0083594480529427,0.0042684730142354,-0.9726415872573853,0.9888502385877284,0.0687101334333419,-0.9726415872573853,0.4679991859106411,-1.0046495199203491,-0.9726415872573853,0.6629876181128421,-0.7816162109375
Mff,0.3182372152805328,0.482581228017807,0.7271077632904053,4.454071163859567e-07,5.438780307769775,0.7271077632904053,8.359279791504795e-08,5.746084690093994,0.7271077632904053,7.324818397171408e-06,4.90798807144165
Tm4sf20,0.0010035001905635,0.0,-19.937334060668945,0.9888502385877284,0.0673658028244972,-19.937334060668945,0.4679991859106411,-1.0,-19.937334060668945,0.6832027011037286,-0.7008072733879089
Agfg1,0.3604688942432403,0.4991096258163452,0.5766312479972839,6.138590764229e-05,4.421347618103027,0.5766312479972839,3.764850833410579e-05,4.496795654296875,0.5766312479972839,0.0006280593080134,3.842850208282471
A030005L19Rik,0.0054242848418653,0.0046886289492249,-0.2107977420091629,0.9888502385877284,0.1357772052288055,-0.2107977420091629,1.0,-0.1966936588287353,-0.2107977420091629,1.0,-0.1639664620161056
Pid1,0.0,0.0,0.0,0.9888502385877284,0.1005259156227111,0.0,1.0,0.0,0.0,1.0,0.0
Trip12,0.5085226893424988,0.5651319026947021,0.1967464834451675,0.187492765118574,1.8234325647354128,0.1967464834451675,0.1719670296683771,1.7432472705841064,0.1967464834451675,0.301613204298636,1.463903546333313
Fbxo36,0.0076115755364298,0.0012717221397906,-2.585987329483032,0.9994412017932364,0.0019418081501498,-2.585987329483032,0.0852997306690785,-2.0987064838409424,-2.585987329483032,0.2824039337039041,-1.5071675777435305
C130026I21Rik,0.0173783469945192,0.0080105829983949,-1.1240832805633545,0.9888502385877284,-0.066021479666233,-1.1240832805633545,0.2107849440135719,-1.6185808181762695,-1.1240832805633545,0.3936875211193518,-1.2703006267547607
A530032D15Rik,0.0049168476834893,0.0,-22.232851028442383,0.9888502385877284,-0.0652746260166168,-22.232851028442383,0.0877019271680591,-2.086380958557129,-22.232851028442383,0.3029092467786852,-1.4621509313583374
Gm7609,0.0,0.0,0.0,0.9888502385877284,0.1005259156227111,0.0,1.0,0.0,0.0,1.0,0.0
AC147806.2,0.0034112518187612,0.0,-21.70433235168457,0.9994412017932364,0.0010455889860168,-21.70433235168457,0.1749935190420283,-1.7337377071380615,-21.70433235168457,0.4247033279437463,-1.2150160074234009
G530012D18Rik,0.0034723398275673,0.0051907827146351,0.5812841653823853,0.9888502385877284,0.2023961544036865,0.5812841653823853,0.8222932452730273,0.4699025452136993,0.5812841653823853,0.8831813639856368,0.4100422859191894
Sp110,0.7622412443161011,0.7361066341400146,-0.0715171545743942,0.4513617482713346,-1.2942150831222534,-0.0715171545743942,0.6186557425935055,-0.7622159719467163,-0.0715171545743942,0.7295746247584627,-0.6329551339149475
Sp140,0.3194954395294189,0.3495028018951416,0.1523586958646774,0.2048303911213178,1.7760822772979736,0.1523586958646774,0.4679991859106411,1.0553948879241943,0.1523586958646774,0.5870913821616167,0.8959090709686279
Sp100,1.3364298343658447,1.5805178880691528,0.4594316184520721,5.901536421935232e-07,5.385156631469727,0.4594316184520721,9.475541483670069e-11,6.870133399963379,0.4594316184520721,1.4613627610965045e-07,5.688191890716553
A630001G21Rik,0.1330295801162719,0.3757156729698181,1.6803672313690186,2.4668905920575393e-16,8.53521728515625,1.6803672313690186,1.5410855533994171e-19,9.64175033569336,1.6803672313690186,3.098601253946593e-16,8.698540687561035
Cab39,0.4560738801956177,0.7301887273788452,0.8961610794067383,4.339699760003885e-12,7.284842491149902,0.8961610794067383,5.493590563216027e-15,8.273770332336426,0.8961610794067383,3.328764170743741e-11,7.087609767913818
Itm2c,0.2619643807411194,0.5379456877708435,1.250399112701416,3.575472061201713e-17,8.761363983154297,1.250399112701416,3.3504163829700465e-19,9.50360870361328,1.250399112701416,5.8966801407597466e-15,8.30533218383789
4933407L21Rik,0.0021374539937824,0.0,-21.02900505065918,0.9888502385877284,0.0342056974768638,-21.02900505065918,0.295925981046452,-1.4036140441894531,-21.02900505065918,0.5316039394954916,-0.9836629033088684
Gpr55,0.0032758249435573,0.1669316589832306,5.790981769561768,9.637614795267178e-09,6.114455223083496,5.790981769561768,2.4989387437090887e-19,9.752355575561523,5.790981769561768,4.924249457551182e-19,9.688454627990724
2810459M11Rik,0.0,0.0,0.0,0.9888502385877284,0.1005259156227111,0.0,1.0,0.0,0.0,1.0,0.0
Psmd1,0.2231716364622116,0.3433890342712402,0.712497353553772,3.0777414230518315e-05,4.5775885581970215,0.712497353553772,2.285004234941535e-05,4.611380577087402,0.712497353553772,0.0003761325648197,3.98068642616272
Htr2b,0.0,0.0012649364070966,20.271547317504883,0.9888502385877284,0.1678170263767242,20.271547317504883,0.4679991859106411,1.0,20.271547317504883,0.5282133287683867,1.0
Armc9,0.0300116706639528,0.0141409840434789,-1.0971314907073977,0.9888502385877284,-0.2715544104576111,-1.0971314907073977,0.0868094749473858,-2.0901758670806885,-1.0971314907073977,0.2215379372625207,-1.65675151348114
B3gnt7,0.0,0.0,0.0,0.9888502385877284,0.1005259156227111,0.0,1.0,0.0,0.0,1.0,0.0
Ncl,1.6567004919052124,1.5655927658081057,-0.1642518192529678,0.0024734949236669,-3.465007305145264,-0.1642518192529678,0.0369575333684236,-2.463413953781128,-0.1642518192529678,0.1015567557471118,-2.0742173194885254
Ptma,2.7018377780914307,2.9127414226531982,0.3238621354103088,6.66422882664765e-08,5.783003330230713,0.3238621354103088,6.903939922563529e-08,5.804754734039307,0.3238621354103088,9.789051963371389e-07,5.327638626098633
Pde6d,0.1164383739233017,0.0889676883816719,-0.4083682298660278,0.9888502385877284,0.246086835861206,-0.4083682298660278,0.1857666550972608,-1.691914200782776,-0.4083682298660278,0.3305980088134893,-1.3957030773162842
Cops7b,0.0612162053585052,0.0679594129323959,0.1556763499975204,0.5157787431133727,1.1954069137573242,0.1556763499975204,0.795784382247781,0.5078672766685486,0.1556763499975204,0.8718646043533235,0.4264405071735382
Nppc,0.0,0.0,0.0,0.9888502385877284,0.1005259156227111,0.0,1.0,0.0,0.0,1.0,0.0
Dis3l2,0.0968290790915489,0.1083331927657127,0.170403391122818,0.4161920035357422,1.3497806787490845,0.170403391122818,0.6830432961383333,0.6679322123527527,0.170403391122818,0.7730474612745923,0.5690533518791199
Prss56,0.0,0.0048358449712395,22.20882606506348,0.9888502385877284,0.3023992776870727,22.20882606506348,0.1804804390614483,1.7124072313308716,22.20882606506348,0.2022514423370673,1.7124072313308716
Chrng,0.0,0.0,0.0,0.9888502385877284,0.1005259156227111,0.0,1.0,0.0,0.0,1.0,0.0
Eif4e2,0.3342489302158355,0.8526802062988281,1.761784911155701,9.581759899877572e-42,13.810214042663574,1.761784911155701,8.840233545935357e-52,16.550586700439453,1.761784911155701,6.582607727448474e-41,14.435958862304688
Efhd1,0.0,0.0,0.0,0.9888502385877284,0.1005259156227111,0.0,1.0,0.0,0.0,1.0,0.0
Gigyf2,0.3343870043754577,0.3116181492805481,-0.1190463006496429,0.9888502385877284,0.4487817287445068,-0.1190463006496429,0.5705087141070695,-0.8352731466293335,-0.1190463006496429,0.6851972314142148,-0.6972790956497192
Kcnj13,0.0047817481681704,0.0049177366308867,0.0405543446540832,0.9888502385877284,0.1688626259565353,0.0405543446540832,1.0,0.0361261740326881,0.0405543446540832,1.0,0.0303357951343059
Snorc,0.0011097042588517,0.0,-20.08254623413086,0.9888502385877284,0.0673658028244972,-20.08254623413086,0.4679991859106411,-1.0,-20.08254623413086,0.6832027011037286,-0.7008072733879089
Inpp5d,0.1738762408494949,0.2773699760437011,0.7512104511260986,2.279058486823948e-05,4.644580841064453,0.7512104511260986,5.179479837299493e-05,4.42357349395752,0.7512104511260986,0.0007024980176374,3.812602043151856
Atg16l1,0.1383636444807052,0.1720206886529922,0.33902308344841,0.0526763780364673,2.415609359741211,0.33902308344841,0.193212131608447,1.669930338859558,0.33902308344841,0.3196021261089979,1.425100326538086
Sag,0.0504104606807231,0.0186330787837505,-1.4589115381240845,0.9888502385877284,-0.3547534048557281,-1.4589115381240845,0.0036734796617424,-3.2790791988372803,-1.4589115381240845,0.0382412827096289,-2.510826826095581
Dgkd,0.2741799056529999,0.3289588689804077,0.3042819201946258,0.015404566475226,2.882838249206543,0.3042819201946258,0.0993072574851791,2.0283195972442627,0.3042819201946258,0.2023170832186537,1.7101908922195437
Usp40,0.11472038179636,0.0662224739789962,-0.828240156173706,0.9106281608075654,-0.6845620274543762,-0.828240156173706,0.0052625859909728,-3.166157960891724,-0.828240156173706,0.0348234059898557,-2.548744201660156
Ugt1a7c,0.0,0.0013294862583279,20.34339714050293,0.9888502385877284,0.1678170263767242,20.34339714050293,0.4679991859106411,1.0,20.34339714050293,0.5282133287683867,1.0
Ugt1a6a,0.0,0.0,0.0,0.9888502385877284,0.1005259156227111,0.0,1.0,0.0,0.0,1.0,0.0
Dnajb3,0.0033943932503461,0.0019867299124598,-0.7737736701965332,0.9888502385877284,0.1351797133684158,-0.7737736701965332,0.7482169543369023,-0.5759690403938293,-0.7737736701965332,0.8582891880620303,-0.4458439946174621
Mroh2a,0.0,0.0,0.0,0.9888502385877284,0.1005259156227111,0.0,1.0,0.0,0.0,1.0,0.0
Hjurp,0.1719289422035217,0.2324827015399933,0.4804625213146209,0.0160790535097726,2.867527723312378,0.4804625213146209,0.0298645282215338,2.55042576789856,0.4804625213146209,0.0753385095694916,2.2150559425354004
Glrp1,0.0073017342947423,0.0013004166539758,-2.4935965538024902,0.9888502385877284,-0.0315917246043682,-2.4935965538024902,0.1467054473980721,-1.8288674354553225,-2.4935965538024902,0.3592533759015203,-1.336187720298767
Arl4c,1.600718975067139,0.3705167472362518,-3.14113450050354,7.237155243145413e-125,-23.98446655273437,-3.14113450050354,1.0332200555556043e-206,-37.75739669799805,-3.14113450050354,5.717913739626503e-129,-30.140195846557617
Sh3bp4,0.0,0.0032699161674827,21.6431827545166,0.9888502385877284,0.2351081520318985,21.6431827545166,0.2950667672630976,1.4074857234954834,21.6431827545166,0.3266573426552215,1.4074857234954834
Agap1,0.0005408413126133,0.0,-19.045238494873047,0.9888502385877284,0.0673658028244972,-19.045238494873047,0.4679991859106411,-1.0,-19.045238494873047,0.6832027011037286,-0.7008072733879089
Ackr3,0.0,0.0,0.0,0.9888502385877284,0.1005259156227111,0.0,1.0,0.0,0.0,1.0,0.0
Cops8,0.2112116515636444,0.2554909288883209,0.3077645301818847,0.0286467408279994,2.6554973125457764,0.3077645301818847,0.1301249849747736,1.8920812606811523,0.3077645301818847,0.2404376291554438,1.6071504354476929
Col6a3,0.0,0.0,0.0,0.9888502385877284,0.1005259156227111,0.0,1.0,0.0,0.0,1.0,0.0
Lrrfip1,0.7414706945419312,1.0520133972167969,0.7617275714874268,4.338760750173291e-13,7.597996234893799,0.7617275714874268,1.0012358581887966e-16,8.768914222717285,0.7617275714874268,5.862232509982846e-12,7.350791931152344
Rbm44,0.0095978612080216,0.0053436607122421,-0.8479569554328918,0.9888502385877284,0.1351797133684158,-0.8479569554328918,0.4679991859106411,-1.0514624118804932,-0.8479569554328918,0.6368136214205801,-0.8188419938087463
Ramp1,0.603351891040802,0.0010886250529438,-9.570605278015137,6.110087518655707e-47,-14.653929710388184,-9.570605278015137,1.6772731283645068e-121,-27.826980590820312,-9.570605278015137,8.284938226945203e-60,-19.513916015625
Ube2f,0.1834489405155182,0.2560071647167206,0.535060465335846,0.0015185277493435,3.605116128921509,0.535060465335846,0.0055063457980662,3.1536619663238525,0.535060465335846,0.0237570926581677,2.6974496841430664
Scly,0.0639825165271759,0.098605066537857,0.6492974162101746,0.0923051990556369,2.1724352836608887,0.6492974162101746,0.0522234501679892,2.320049524307251,0.6492974162101746,0.1139387315486558,2.0182976722717285
Klhl30,0.0,0.0,0.0,0.9888502385877284,0.1005259156227111,0.0,1.0,0.0,0.0,1.0,0.0
Erfe,0.0,0.0,0.0,0.9888502385877284,0.1005259156227111,0.0,1.0,0.0,0.0,1.0,0.0
Ilkap,0.2542243301868438,0.388650506734848,0.7145249247550964,5.49727955713128e-06,4.944440841674805,0.7145249247550964,4.679848727568218e-06,4.957582950592041,0.7145249247550964,0.0001231784878071,4.263183116912842
Hes6,0.1939470022916793,0.2503761947154999,0.4106458723545074,0.0061234154849569,3.188971757888794,0.4106458723545074,0.0384551995531861,2.4473659992218018,0.4106458723545074,0.0986924594340867,2.0879580974578857
Per2,0.009226563386619,0.0032454337924718,-1.5117006301879885,0.9888502385877284,-0.0313676707446575,-1.5117006301879885,0.2629962283403684,-1.488021969795227,-1.5117006301879885,0.4637907952429692,-1.1421114206314087
Traf3ip1,0.0218274779617786,0.0509509369730949,1.2440989017486572,0.3382316677723036,1.4854085445404053,1.2440989017486572,0.0152918839928219,2.8063018321990967,1.2440989017486572,0.036021654620428,2.5345537662506104
Asb1,0.0260344035923481,0.0384726375341415,0.5724339485168457,0.550540976411735,1.145143985748291,0.5724339485168457,0.3321266259884504,1.3227007389068604,0.5724339485168457,0.4681574655467738,1.134480357170105
Hdac4,0.2821315228939056,0.1020529866218566,-1.6011041402816772,0.0003163969515763,-4.02253007888794,-1.6011041402816772,2.20465095877852e-16,-8.634512901306152,-1.6011041402816772,4.5369281698571214e-10,-6.705272197723389
Ndufa10,0.5670114755630493,0.6306153535842896,0.2038147747516632,0.2588503031752021,1.6456077098846436,0.2038147747516632,0.122753793203069,1.9213826656341555,0.2038147747516632,0.2389433062540352,1.6110903024673462
Olfr12,0.001145290210843,0.0,-20.128108978271484,0.9888502385877284,0.0673658028244972,-20.128108978271484,0.4679991859106411,-1.0,-20.128108978271484,0.6832027011037286,-0.7008072733879089
Cops9,0.5276795029640198,0.8143883943557739,0.8558225035667419,3.2609827699472348e-12,7.324649810791016,0.8558225035667419,1.1336241904088225e-15,8.471831321716309,0.8558225035667419,1.7503406175263968e-11,7.1853928565979
Otos,0.0034252339974045,0.0187322236597538,2.462309598922729,0.7036710720954774,0.9399845004081726,2.462309598922729,0.0161208226499705,2.7891921997070312,2.462309598922729,0.0291848368942822,2.6189301013946533
Gpc1,0.0357643812894821,0.0293568018823862,-0.2894757688045501,0.9888502385877284,0.345791220664978,-0.2894757688045501,0.668407199545254,-0.6877781748771667,-0.2894757688045501,0.7738022747320843,-0.5678531527519226
Ankmy1,0.0043089687824249,0.0038909311406314,-0.1475287824869156,0.9888502385877284,0.1688626259565353,-0.1475287824869156,1.0,-0.1292512714862823,-0.1475287824869156,1.0,-0.106921948492527
Dusp28,0.0562035627663135,0.0488063171505928,-0.208976462483406,0.9782356523200216,0.5973300337791443,-0.208976462483406,0.7131820430647318,-0.6251562237739563,-0.208976462483406,0.8097966401887096,-0.5173940062522888
Rnpepl1,0.172436848282814,0.1759821772575378,0.0319928713142871,0.3995262359955127,1.3771153688430786,0.0319928713142871,1.0,0.167005717754364,0.0319928713142871,1.0,0.1404872238636016
Capn10,0.0308906249701976,0.0435231775045394,0.503783643245697,0.4685349357019551,1.2659841775894165,0.503783643245697,0.3562180191760694,1.272579550743103,0.503783643245697,0.5007149706334895,1.0807299613952637
Gpr35,0.0,0.0,0.0,0.9888502385877284,0.1005259156227111,0.0,1.0,0.0,0.0,1.0,0.0
Sned1,0.0,0.0,0.0,0.9888502385877284,0.1005259156227111,0.0,1.0,0.0,0.0,1.0,0.0
Mterf4,0.0545947477221488,0.0908637270331382,0.7614218592643738,0.0684378601742882,2.3065693378448486,0.7614218592643738,0.0274993139371479,2.582930564880371,0.7614218592643738,0.0704116242750865,2.245322227478028
Pask,0.0039254473522305,0.0200436264276504,2.3638644218444824,0.5530469675773623,1.141185641288757,2.3638644218444824,0.0111485496280985,2.919760465621948,2.3638644218444824,0.0251062118527909,2.677136182785034
Ppp1r7,0.1840272843837738,0.2306238114833831,0.3603946566581726,0.0184400180075445,2.819206714630127,0.3603946566581726,0.0927227825824908,2.060246467590332,0.3603946566581726,0.1880889362262377,1.7544456720352173
Ano7,0.0,0.0,0.0,0.9888502385877284,0.1005259156227111,0.0,1.0,0.0,0.0,1.0,0.0
Hdlbp,0.2432419508695602,0.3894726037979126,0.7901648879051208,3.070089329450183e-07,5.50868558883667,0.7901648879051208,5.641519748633999e-07,5.387174129486084,0.7901648879051208,2.392650501612336e-05,4.649505138397217
Sept2,0.0341292805969715,0.0319864377379417,-0.0951040014624595,0.9888502385877284,0.4750708341598511,-0.0951040014624595,0.9912954818702228,-0.2287572771310806,-0.0951040014624595,1.0,-0.1899227052927017
Farp2,0.0068027395755052,0.003978919237852,-0.7757779955863953,0.9888502385877284,0.102094292640686,-0.7757779955863953,0.6172117271911102,-0.7644160985946655,-0.7757779955863953,0.7475213239337332,-0.6062573790550232
Stk25,0.1261392682790756,0.1471712440252304,0.2379950135946273,0.1752261931633922,1.8599534034729004,0.2379950135946273,0.4361099591533454,1.1263039112091064,0.2379950135946273,0.5472578862832587,0.9570469856262208
Bok,0.0,0.0,0.0,0.9888502385877284,0.1005259156227111,0.0,1.0,0.0,0.0,1.0,0.0
Thap4,0.0380050241947174,0.062975987792015,0.7467759847640991,0.2179037470370851,1.7418018579483032,0.7467759847640991,0.08669678530572,2.0920252799987797,0.7467759847640991,0.165221864802396,1.825446367263794
Atg4b,0.1070787906646728,0.1628274321556091,0.645789384841919,0.0024932719253618,3.4626920223236084,0.645789384841919,0.0095554209225896,2.970265388488769,0.645789384841919,0.0344698717141939,2.5522305965423584
Dtymk,0.2677366733551025,0.5513750910758972,1.2607437372207642,1.1256253291020251e-14,8.069781303405762,1.2607437372207642,3.980037948649549e-18,9.22133445739746,1.2607437372207642,1.862819932721937e-14,8.156271934509277
Ing5,0.1230955645442009,0.1345934420824051,0.1373014450073242,0.2757782821199566,1.6078171730041504,0.1373014450073242,0.7226152496798568,0.6112543940544128,0.1373014450073242,0.808209186239813,0.5198431015014648
D2hgdh,0.05778294429183,0.0419383198022842,-0.4738990664482116,0.9888502385877284,0.2976194322109222,-0.4738990664482116,0.3039486518935332,-1.383379340171814,-0.4738990664482116,0.4728278276212752,-1.1266851425170898
Gal3st2c,0.0,0.0,0.0,0.9888502385877284,0.1005259156227111,0.0,1.0,0.0,0.0,1.0,0.0
Pdcd1,0.0082985265180468,0.6333820819854736,6.729010581970215,4.0874494431199766e-64,17.151094436645508,6.729010581970215,4.218409463358906e-67,21.007387161254883,6.729010581970215,8.492337443714521e-67,20.88510131835937
Fam174a,0.1850789785385131,0.2681384086608886,0.5970125794410706,8.677534633928463e-05,4.338895797729492,0.5970125794410706,0.0016169465090057,3.528116464614868,0.5970125794410706,0.0096472677239381,3.0186972618103027
St8sia4,0.2857708930969238,0.1583966314792633,-0.9465962052345276,0.1588371284182366,-1.909992337226868,-0.9465962052345276,6.987881686133901e-07,-5.33198881149292,-0.9465962052345276,0.0001295535571485,-4.25512170791626
D1Ertd622e,0.1456492394208908,0.2691184282302856,0.9778832197189332,3.0118994567785545e-07,5.512569427490234,0.9778832197189332,6.314133590683801e-07,5.368199825286865,0.9778832197189332,2.026170287249016e-05,4.686280727386475
Ppip5k2,0.1383403986692428,0.291185587644577,1.1879137754440308,5.985326801692866e-08,5.8016743659973145,1.1879137754440308,4.224474164874147e-09,6.286675453186035,1.1879137754440308,2.3334085683458747e-07,5.598950386047363
Gin1,0.1551543772220611,0.2540937066078186,0.785457968711853,1.8254901736046877e-05,4.692752838134766,0.785457968711853,7.726726761251626e-05,4.329666614532471,0.785457968711853,0.0008777065805894,3.75167179107666
Pam,0.0275089368224143,0.0061259851790964,-2.182354211807251,0.9888502385877284,-0.4666314423084259,-2.182354211807251,0.0025127891811675,-3.3954315185546875,-2.182354211807251,0.0356574620296894,-2.541306257247925
Rnf152,0.0,0.0,0.0,0.9888502385877284,0.1005259156227111,0.0,1.0,0.0,0.0,1.0,0.0
Pign,0.064081847667694,0.0737701505422592,0.2101904302835464,0.4669966655179095,1.2694944143295288,0.2101904302835464,0.6664860776308574,0.6907325983047485,0.2101904302835464,0.7599611752503973,0.5877754092216492
Relch,0.3042862117290497,0.3199909925460815,0.0845193415880203,0.3585423432265767,1.447842001914978,0.0845193415880203,0.7450642413377201,0.5804551243782043,0.0845193415880203,0.8298157651168233,0.4878928363323211
Tnfrsf11a,0.0,0.0,0.0,0.9888502385877284,0.1005259156227111,0.0,1.0,0.0,0.0,1.0,0.0
Zcchc2,0.1196375265717506,0.1442781686782837,0.288348525762558,0.0832013778009092,2.218590497970581,0.288348525762558,0.3149412297442866,1.3579965829849243,0.288348525762558,0.4602100800026033,1.1478757858276367
Phlpp1,0.0216396860778331,0.0987653657793998,2.2465178966522217,0.0011945121864486,3.672332525253296,2.2465178966522217,5.867421895434805e-08,5.839793682098389,2.2465178966522217,5.90429566554758e-07,5.429410934448242
Bcl2,0.7488539218902588,0.7287672162055969,-0.0554837323725223,0.9888502385877284,-0.1268150061368942,-0.0554837323725223,0.824595635881579,-0.466428130865097,-0.0554837323725223,0.8911665206596204,-0.3978801667690277
Kdsr,0.1703919470310211,0.1553241163492202,-0.1447393894195556,0.7684475158174993,0.8570842146873474,-0.1447393894195556,0.6310878168354787,-0.7430540919303894,-0.1447393894195556,0.7415559415609874,-0.6154125332832336
Vps4b,0.3214534223079681,0.3895403444766998,0.3291809558868408,0.0121591651773967,2.965066432952881,0.3291809558868408,0.0349635368203078,2.486163377761841,0.3291809558868408,0.0980651004571975,2.091378688812256
Serpinb2,0.0,0.0,0.0,0.9888502385877284,0.1005259156227111,0.0,1.0,0.0,0.0,1.0,0.0
Serpinb8,0.0003030791413038,0.0,-18.20955848693848,0.9888502385877284,0.0673658028244972,-18.20955848693848,0.4679991859106411,-1.0,-18.20955848693848,0.6832027011037286,-0.7008072733879089
Dsel,0.0050334488041698,0.0057097459211945,0.1823678165674209,0.9888502385877284,0.2358549982309341,0.1823678165674209,1.0,0.174965962767601,0.1823678165674209,1.0,0.1453906595706939
Tsn,0.6438965797424316,0.8357433676719666,0.5315269231796265,1.3805522497139904e-05,4.753471374511719,0.5315269231796265,1.155131056539903e-07,5.681079864501953,0.5315269231796265,1.417028392283187e-05,4.765796661376953
Nifk,0.2576741576194763,0.2447222471237182,-0.0841360986232757,0.7256976418816549,0.9112308025360109,-0.0841360986232757,0.7723511209756617,-0.540657639503479,-0.0841360986232757,0.8561112577160598,-0.4489250481128692
Clasp1,0.1714356690645218,0.1995112001895904,0.2396803200244903,0.0683990550512471,2.306868076324463,0.2396803200244903,0.3385794446902602,1.308935284614563,0.2396803200244903,0.4855683691307454,1.1050742864608765
Tfcp2l1,0.0,0.0007415512227453,19.50072288513184,0.9888502385877284,0.1678170263767242,19.50072288513184,0.4679991859106411,1.0,19.50072288513184,0.5282133287683867,1.0
Ralb,0.0313580408692359,0.0165191013365983,-0.9354468584060668,0.9888502385877284,-0.0377158895134925,-0.9354468584060668,0.1468368688909277,-1.8280519247055051,-0.9354468584060668,0.3081353630537152,-1.449436902999878
Tmem185b,0.0551461949944496,0.0574765317142009,0.0614083707332611,0.7991172378585045,0.820712685585022,0.0614083707332611,1.0,0.1877247542142868,0.0614083707332611,1.0,0.15896937251091
Epb41l5,0.0,0.0018241389188915,20.80010032653809,0.9888502385877284,0.1678170263767242,20.80010032653809,0.4679991859106411,1.0,20.80010032653809,0.5282133287683867,1.0
Ptpn4,0.0903819724917411,0.2736430168151855,1.7343906164169312,4.4238611367245096e-11,6.953017234802246,1.7343906164169312,6.069038851618723e-15,8.314142227172852,1.7343906164169312,1.5913933237261045e-12,7.548091411590576
Tmem177,0.031946487724781,0.0290433932095766,-0.1395519822835922,0.945175204811245,0.6419916152954102,-0.1395519822835922,0.92142337611545,-0.3286942541599273,-0.1395519822835922,0.9757305131508788,-0.2685346305370331
Sctr,0.0035252596717327,0.0009356220252811,-1.9155994653701784,0.9888502385877284,0.0681126564741134,-1.9155994653701784,0.4190125721049929,-1.1545627117156982,-1.9155994653701784,0.6179426583437416,-0.847517192363739
Tmem37,0.0121873375028371,0.0558175928890705,2.226987838745117,0.2290969682930412,1.7138696908950806,2.226987838745117,0.000364073670204,3.951864004135132,2.226987838745117,0.0008836438129643,3.75598669052124
Dbi,0.6394875645637512,1.1147956848144531,1.1941009759902954,1.753733982225691e-28,11.369136810302734,1.1941009759902954,2.381027569040368e-33,12.834650993347168,1.1941009759902954,4.628528267587429e-25,11.004576683044434
3110009E18Rik,0.0816009268164634,0.0924288779497146,0.1876821517944336,0.3601726941879607,1.4450039863586426,0.1876821517944336,0.657093660047024,0.7050108313560486,0.1876821517944336,0.7555719796448868,0.5948259234428406
Steap3,0.0003030791413038,0.0245483182370662,6.357306480407715,0.5036877462087701,1.2124351263046265,6.357306480407715,0.0006543378099801,3.799924850463867,6.357306480407715,0.0007933309424551,3.795490741729736
Marco,0.0,0.0029371648561209,21.488113403320312,0.9888502385877284,0.2351081520318985,21.488113403320312,0.3155076922961393,1.3580001592636108,21.488113403320312,0.348559643059097,1.3580001592636108
Insig2,0.1070781722664833,0.1324813812971115,0.3258156776428222,0.0892794208646925,2.1874468326568604,0.3258156776428222,0.3036384941427621,1.384634017944336,0.3258156776428222,0.4396131026304231,1.182262659072876
Ccdc93,0.0627256780862808,0.0888907313346862,0.5220896005630493,0.2120514232594828,1.7565895318984983,0.5220896005630493,0.1508261831558922,1.814057469367981,0.5220896005630493,0.2592545025493858,1.561073660850525
Htr5b,0.0010237579699605,0.0,-19.966182708740234,0.9888502385877284,0.0673658028244972,-19.966182708740234,0.4679991859106411,-1.0,-19.966182708740234,0.6832027011037286,-0.7008072733879089
Ddx18,0.4270881116390228,0.325110375881195,-0.4717657268047333,0.1542569595871583,-1.9256014823913572,-0.4717657268047333,0.0010608499170346,-3.645488977432251,-0.4717657268047333,0.0110697101813138,-2.973060607910156
Actr3,1.621922254562378,2.1853187084198,0.9581830501556396,1.605358590644501e-63,17.07036018371582,0.9581830501556396,7.331066274231868e-69,18.971981048583984,0.9581830501556396,3.094415250114615e-44,15.22944164276123
Slc35f5,0.0,0.0,0.0,0.9888502385877284,0.1005259156227111,0.0,1.0,0.0,0.0,1.0,0.0
Lypd1,0.0,0.0,0.0,0.9888502385877284,0.1005259156227111,0.0,1.0,0.0,0.0,1.0,0.0
Mgat5,0.0958819389343261,0.0281560886651277,-1.8171712160110476,0.3094098555119058,-1.538658857345581,-1.8171712160110476,2.331434895476089e-07,-5.539430618286133,-1.8171712160110476,0.0001499074339061,-4.224070549011231
Tmem163,0.0031973011791706,0.5546497702598572,7.854811668395996,3.137615716544504e-70,17.956348419189453,7.854811668395996,1.2868960072605292e-73,22.47892951965332,7.854811668395996,2.1213244216820736e-73,22.41205406188965
Acmsd,0.0,0.0021466901525855,21.035232543945312,0.9888502385877284,0.2351081520318985,21.035232543945312,0.3620363542172869,1.2621153593063354,21.035232543945312,0.3985321475647632,1.2621153593063354
Ccnt2,0.2984255850315094,0.2759634256362915,-0.1298716217279434,0.9888502385877284,0.5311592221260071,-0.1298716217279434,0.5468083616557149,-0.8715921640396118,-0.1298716217279434,0.6832027011037286,-0.7257251143455505
Map3k19,0.0013400035677477,0.0005840815720148,-1.1985390186309814,0.9888502385877284,0.1345822364091873,-1.1985390186309814,0.7891032728382439,-0.5171291828155518,-1.1985390186309814,0.9045179023702086,-0.3780922591686249
Rab3gap1,0.3093971610069275,0.2530359625816345,-0.3326767086982727,0.9888502385877284,-0.2055329233407974,-0.3326767086982727,0.0664381932631487,-2.2120227813720703,-0.3326767086982727,0.1679139914576462,-1.816702127456665
Zranb3,0.0128707578405737,0.0148284705355763,0.2056881934404373,0.9888502385877284,0.5676801204681396,0.2056881934404373,0.910953741007174,0.3435027599334717,0.2056881934404373,0.9654810956133674,0.284170925617218
R3hdm1,0.6511597037315369,0.5273550748825073,-0.4022628962993622,0.0049422350222894,-3.2551426887512207,-0.4022628962993622,0.0008023083225623,-3.725272655487061,-0.4022628962993622,0.0077656984683504,-3.09254002571106
Ubxn4,0.4549043476581573,0.6214647889137268,0.580981433391571,1.49641127119247e-05,4.736294269561768,0.580981433391571,2.388661346270144e-06,5.093963146209717,0.580981433391571,0.0001063094558625,4.299713611602783
Lct,0.0,0.0,0.0,0.9888502385877284,0.1005259156227111,0.0,1.0,0.0,0.0,1.0,0.0
Mcm6,0.2022667229175567,0.9067800045013428,2.719326972961426,2.7987315141415463e-61,16.7645263671875,2.719326972961426,3.809880929990156e-66,19.75627326965332,2.719326972961426,6.253636795250899e-60,18.228960037231445
Dars,0.3195907473564148,0.3618996143341064,0.2116135358810424,0.138502149436636,1.979374647140503,0.2116135358810424,0.2412771729273974,1.5393688678741455,0.2116135358810424,0.3760895431737975,1.3025884628295898
Cxcr4,0.1023960039019584,0.1775388568639755,0.8494435548782349,0.001521442456941,3.6044440269470215,0.8494435548782349,0.0007439809384142,3.750399112701416,0.8494435548782349,0.004276447338626,3.285884141921997
Thsd7b,0.0,0.0019219715613871,20.87554359436035,0.9888502385877284,0.1678170263767242,20.87554359436035,0.4679991859106411,1.0,20.87554359436035,0.5282133287683867,1.0
Cd55,0.2481067478656768,0.0869631171226501,-1.6319695711135864,0.0010003444077085,-3.7207283973693848,-1.6319695711135864,6.003482889568255e-14,-7.911274433135986,-1.6319695711135864,1.0983770300619696e-08,-6.1656575202941895
Zp3r,0.0011696164729073,0.0,-20.158449172973636,0.9888502385877284,0.0673658028244972,-20.158449172973636,0.4679991859106411,-1.0,-20.158449172973636,0.6832027011037286,-0.7008072733879089
Pfkfb2,0.0057196617126464,0.0049817697145044,-0.1998040527105331,0.9888502385877284,0.1354784518480301,-0.1998040527105331,1.0,-0.1898820400238037,-0.1998040527105331,1.0,-0.1575376540422439
Yod1,0.0496322996914386,0.0395669154822826,-0.334299087524414,0.9888502385877284,0.3435506820678711,-0.334299087524414,0.497488757095552,-0.950280785560608,-0.334299087524414,0.664814453968157,-0.778878390789032
AA986860,0.0010709221241995,0.0018940819427371,0.8232386112213135,0.9888502385877284,0.1345822364091873,0.8232386112213135,0.8865524041189995,0.3783125877380371,0.8232386112213135,0.9306584280478872,0.3382390141487121
Pigr,0.0,0.0,0.0,0.9888502385877284,0.1005259156227111,0.0,1.0,0.0,0.0,1.0,0.0
Fcmr,0.0,0.0015084893675521,20.5257625579834,0.9888502385877284,0.1678170263767242,20.5257625579834,0.4679991859106411,1.0,20.5257625579834,0.5282133287683867,1.0
Il19,0.0,0.0,0.0,0.9888502385877284,0.1005259156227111,0.0,1.0,0.0,0.0,1.0,0.0
Il10,0.0,0.0029025620315223,21.470991134643555,0.9888502385877284,0.2351081520318985,21.470991134643555,0.2942789202292576,1.415596842765808,21.470991134643555,0.3242439506611627,1.415596842765808
Mapkapk2,0.1338721811771392,0.2570409178733825,1.032881498336792,1.088577580488566e-06,5.268573760986328,1.032881498336792,4.648603077100485e-07,5.4295854568481445,1.032881498336792,1.335321006123523e-05,4.778446674346924
Dyrk3,0.0023898796644061,0.0141619509086012,2.5755131244659424,0.9452671725632862,0.6387801766395569,2.5755131244659424,0.0704674511039679,2.189147472381592,2.5755131244659424,0.0998206302438166,2.0836994647979736
Eif2d,0.0959024056792259,0.1342999339103698,0.5140491724014282,0.0242069409811709,2.718979597091675,0.5140491724014282,0.0629362362711884,2.2377874851226807,0.5140491724014282,0.1392324877474686,1.9142502546310425
Rassf5,0.5152548551559448,0.6185033917427063,0.3449726998806,0.0202117219374871,2.785299777984619,0.3449726998806,0.0052688319846145,3.1672325134277344,0.3449726998806,0.0255561431082129,2.6692354679107666
Ikbke,0.2905688881874084,0.1283237636089325,-1.3002089262008667,0.0014933219563358,-3.609895944595337,-1.3002089262008667,6.376771216783913e-12,-7.261617660522461,-1.3002089262008667,1.1387322386534164e-07,-5.742891311645508
Srgap2,0.1186512783169746,0.1310573816299438,0.1526062786579132,0.2987000428867287,1.5594959259033203,0.1526062786579132,0.6717670394641988,0.6830061674118042,0.1526062786579132,0.7672609158812682,0.5776205062866211
Fam72a,0.0034899949096143,0.0153053924441337,2.1412792205810547,0.8106133710479172,0.8058503866195679,2.1412792205810547,0.04951600115451,2.344977855682373,2.1412792205810547,0.082577131792055,2.172065496444702
Ctse,0.0307598020881414,0.0175530072301626,-0.8188930153846741,0.9888502385877284,-0.0751330405473709,-0.8188930153846741,0.1943357995694616,-1.6657637357711792,-0.8188930153846741,0.361523257605428,-1.3303331136703491
Rab7b,0.0,0.0,0.0,0.9888502385877284,0.1005259156227111,0.0,1.0,0.0,0.0,1.0,0.0
Pm20d1,0.0,0.0,0.0,0.9888502385877284,0.1005259156227111,0.0,1.0,0.0,0.0,1.0,0.0
Slc41a1,0.059882428497076,0.0819978043437004,0.4695941209793091,0.3305071697141475,1.4992252588272097,0.4695941209793091,0.2491097752611226,1.520271062850952,0.4695941209793091,0.3693982625331858,1.3151984214782717
Rab29,0.0506157800555229,0.2189986556768417,2.237452983856201,1.8226424295324847e-10,6.7430033683776855,2.237452983856201,4.511749674654821e-16,8.688776016235352,2.237452983856201,3.85418158465908e-14,8.087766647338867
Nucks1,0.7456339001655579,0.7154770493507385,-0.0839409679174423,0.5691713837076341,-1.1192283630371094,-0.0839409679174423,0.5864699661053887,-0.8107307553291321,-0.0839409679174423,0.6933503251958635,-0.6859992146492004
Slc45a3,0.0,0.0,0.0,0.9888502385877284,0.1005259156227111,0.0,1.0,0.0,0.0,1.0,0.0
Elk4,0.406900554895401,0.317831426858902,-0.4245361685752868,0.3009479722966465,-1.5550148487091064,-0.4245361685752868,0.0055637751512658,-3.1482999324798584,-0.4245361685752868,0.0317249817340805,-2.5849454402923584
Mfsd4a,0.1026658192276954,0.0562678351998329,-0.9014857411384584,0.9669371901743092,-0.6130885481834412,-0.9014857411384584,0.0032562594797531,-3.3159618377685547,-0.9014857411384584,0.0273868830484516,-2.6434004306793213
Nuak2,0.0186545439064502,0.0,-24.166501998901367,0.9888502385877284,-0.430035799741745,-24.166501998901367,0.0002774086715988,-4.011166095733643,-24.166501998901367,0.017814045903163,-2.8110544681549072
Dstyk,0.0556138046085834,0.0127414846792817,-2.1570115089416504,0.7297980422053136,-0.9048826098442078,-2.1570115089416504,3.5166196100931814e-05,-4.504899024963379,-2.1570115089416504,0.0031277374079992,-3.3878262042999268
Rbbp5,0.0677365362644195,0.0728192403912544,0.1080949455499649,0.6653727245554827,0.9907702803611756,0.1080949455499649,0.8983254544549825,0.3616317510604858,0.1080949455499649,0.9504186041853754,0.3072356581687927
Tmem81,0.0188536066561937,0.0097650401294231,-0.955714225769043,0.9888502385877284,-0.063930295407772,-0.955714225769043,0.2751868236384658,-1.4607579708099363,-0.955714225769043,0.4472246163458648,-1.1700900793075562
Cntn2,0.0,0.0028417978901416,21.4404239654541,0.9888502385877284,0.2351081520318985,21.4404239654541,0.3045308305630429,1.3834116458892822,21.4404239654541,0.3361183658201707,1.3834116458892822
Mdm4,0.4509210586547851,0.4133214056491852,-0.1546806395053863,0.987364904757764,-0.5873222947120667,-0.1546806395053863,0.3751480832927734,-1.2352888584136963,-0.1546806395053863,0.5282133287683867,-1.0342698097229004
Pik3c2b,0.0092044416815042,0.0132282534614205,0.5261285305023193,0.9888502385877284,0.4032986164093017,0.5261285305023193,0.678662339117094,0.6738256812095642,0.5261285305023193,0.7679623008195647,0.5766197443008423
Ppp1r15b,0.1883777827024459,0.2797463834285736,0.6389678716659546,0.0001175430870566,4.267198085784912,0.6389678716659546,0.000558168433241,3.826836824417114,0.6389678716659546,0.0043107467233461,3.2834584712982178
Plekha6,0.0275355800986289,0.0,-24.73470115661621,0.9014740592769312,-0.6953166723251343,-24.73470115661621,5.890571461458713e-06,-4.908159732818604,-24.73470115661621,0.0026864385600479,-3.439674139022827
Etnk2,0.0,0.0,0.0,0.9888502385877284,0.1005259156227111,0.0,1.0,0.0,0.0,1.0,0.0
Snrpe,1.3497520685195925,1.779335856437683,0.7861600518226624,2.4172228826669785e-36,12.874113082885742,0.7861600518226624,2.0629987368025304e-37,13.559252738952637,0.7861600518226624,1.5201660330402485e-25,11.148382186889648
Zc3h11a,0.0281659439206123,0.0181771181523799,-0.6390615105628967,0.989142915124309,0.0300980266183614,-0.6390615105628967,0.3895430013648915,-1.2075231075286863,-0.6390615105628967,0.5327580243559252,-0.9806339740753174
Gm38394,0.1587182730436325,0.1837918162345886,0.2302067279815673,0.1036620545688689,2.1188859939575195,0.2302067279815673,0.3934455998116555,1.199955701828003,0.2302067279815673,0.5282133287683867,1.0159270763397217
Lax1,0.1506182849407196,0.513943612575531,2.047276735305786,2.0222967662262616e-28,11.356515884399414,2.047276735305786,1.956974104727696e-31,12.621273040771484,2.047276735305786,4.1248399270825565e-27,11.542169570922852
Atp2b4,0.0102632995694875,0.4204010367393493,5.66265344619751,5.81610710886165e-41,13.678619384765623,5.66265344619751,1.3543911110577196e-49,17.11894989013672,5.66265344619751,4.847482158708317e-49,16.936952590942383
Btg2,1.1022999286651611,1.1050208806991575,0.0058734095655381,0.9888502385877284,-0.5066625475883484,0.0058734095655381,1.0,0.0627939701080322,0.0058734095655381,1.0,0.0537803061306476
Chit1,0.0009246513363905,0.1200846210122108,7.107747077941895,0.0001323191106401,4.239415168762207,7.107747077941895,2.6824475805273215e-13,7.8822855949401855,7.107747077941895,3.794429474457921e-13,7.867053031921387
Chil1,0.0,0.0,0.0,0.9888502385877284,0.1005259156227111,0.0,1.0,0.0,0.0,1.0,0.0
Ppfia4,0.0012911116937175,0.0,-20.301115036010746,0.9888502385877284,0.0673658028244972,-20.301115036010746,0.4679991859106411,-1.0,-20.301115036010746,0.6832027011037286,-0.7008072733879089
Tmem183a,0.096217431128025,0.2071994096040725,1.1887294054031372,3.597627550037752e-06,5.030328750610352,1.1887294054031372,2.131147787293981e-07,5.580682277679443,1.1887294054031372,6.199421776632625e-06,4.943592548370361
Cyb5r1,0.0494309738278389,0.0625354126095771,0.3487990796566009,0.3236083912528047,1.5119216442108154,0.3487990796566009,0.4589601640785925,1.0875537395477295,0.3487990796566009,0.5716552160606836,0.9188165664672852
Adipor1,0.2487605810165405,0.4061090648174286,0.8267945647239685,6.548040723186404e-08,5.786065578460693,0.8267945647239685,3.8694874058874874e-08,5.8865156173706055,0.8267945647239685,3.715518233145527e-06,5.050714015960693
Klhl12,0.0867073088884353,0.1187325790524482,0.4769873023033142,0.0573457705368784,2.380880832672119,0.4769873023033142,0.1239196716665487,1.9170385599136357,0.4769873023033142,0.2267136370261066,1.641477108001709
Rabif,0.112281396985054,0.159761294722557,0.5438246726989746,0.0142552471491196,2.909874200820923,0.5438246726989746,0.0318069954503886,2.525364637374878,0.5438246726989746,0.0814084261277777,2.178353071212769
Kdm5b,0.2494288682937622,0.1097218841314315,-1.2885686159133911,0.002115269840411,-3.510042190551758,-1.2885686159133911,7.906669272134502e-10,-6.528814315795898,-1.2885686159133911,1.5724198395084934e-06,-5.233057022094727
Syt2,0.0010174091439694,0.0,-19.957204818725582,0.9888502385877284,0.0673658028244972,-19.957204818725582,0.4679991859106411,-1.0,-19.957204818725582,0.6832027011037286,-0.7008072733879089
Ppp1r12b,0.0543796978890895,0.0472460500895977,-0.2080637961626052,0.9888502385877284,0.2994865477085113,-0.2080637961626052,0.74805526368204,-0.5763424634933472,-0.2080637961626052,0.8349548621225169,-0.4810335040092468
Ube2t,0.0359378308057785,0.1016625463962555,1.5481666326522827,0.0014851033557226,3.611763000488281,1.5481666326522827,6.190800575067786e-06,4.906743049621582,1.5481666326522827,6.654611219093648e-05,4.4141387939453125
Lgr6,0.0,0.0,0.0,0.9888502385877284,0.1005259156227111,0.0,1.0,0.0,0.0,1.0,0.0
Ptpn7,0.2395234704017639,0.532358705997467,1.37701678276062,3.606580622308894e-17,8.76024341583252,1.37701678276062,8.090645131322737e-20,9.68745231628418,1.37701678276062,8.116824838216738e-16,8.565483093261719
Arl8a,0.0998319312930107,0.1482109427452087,0.6056979298591614,0.0084500597241291,3.0856823921203613,0.6056979298591614,0.0239069685196752,2.637223243713379,0.6056979298591614,0.0670251036757223,2.267819404602051
Elf3,0.0,0.0,0.0,0.9888502385877284,0.1005259156227111,0.0,1.0,0.0,0.0,1.0,0.0
Rnpep,0.1245053485035896,0.2763499319553375,1.2634775638580322,8.302035576697542e-10,6.508716583251953,1.2634775638580322,1.8847043619316272e-10,6.792403697967529,1.2634775638580322,2.361765478984389e-08,6.014117240905762
Timm17a,0.3450336754322052,0.488002747297287,0.6104205846786499,3.327334123706297e-05,4.560186862945557,0.6104205846786499,3.775330048072685e-06,4.999767780303955,0.6104205846786499,0.0001376015310471,4.236476898193359
Shisa4,0.0011410432634875,0.0,-20.12274742126465,0.9888502385877284,0.0673658028244972,-20.12274742126465,0.4679991859106411,-1.0,-20.12274742126465,0.6832027011037286,-0.7008072733879089
Ipo9,0.0549718141555786,0.0876538902521133,0.6969815492630005,0.052013097094723,2.421135902404785,0.6969815492630005,0.0399057351376308,2.4320435523986816,0.6969815492630005,0.0958741605955553,2.102283477783203
Nav1,0.0024101093877106,0.0019473450956866,-0.307923823595047,0.9888502385877284,0.0682620257139206,-0.307923823595047,1.0,-0.1873237192630767,-0.307923823595047,1.0,-0.1587544381618499
Csrp1,0.148618534207344,0.358100563287735,1.426232933998108,4.877649181857388e-13,7.58231258392334,1.426232933998108,3.220598380710196e-15,8.37939167022705,1.426232933998108,2.7041367160017544e-12,7.464230537414551
Phlda3,0.0,0.0250548310577869,24.59669685363769,0.5290212840492334,1.1771838665008545,24.59669685363769,0.0008617401116223,3.723071813583374,24.59669685363769,0.0010314976775831,3.723071813583374
Tnni1,0.0,0.0,0.0,0.9888502385877284,0.1005259156227111,0.0,1.0,0.0,0.0,1.0,0.0
Lad1,0.0,0.0020358564797788,20.95867347717285,0.9888502385877284,0.2351081520318985,20.95867347717285,0.3527160394306241,1.2809231281280518,20.95867347717285,0.3881707871033869,1.2809231281280518
Tmem9,0.1051293909549713,0.0547545962035656,-0.9779360890388488,0.8506084893950482,-0.757454514503479,-0.9779360890388488,0.001384388411176,-3.569231510162353,-0.9779360890388488,0.0162316378340085,-2.8389601707458496
Cacna1s,0.0020073421765118,0.0457405410706996,4.541786670684815,0.0899882065208444,2.183488607406616,4.541786670684815,1.706683896711879e-06,5.202540874481201,4.541786670684815,2.976004442994964e-06,5.127346992492676
Kif21b,0.5382801294326782,0.6128914952278137,0.2462296485900879,0.1731913756219101,1.8660776615142824,0.2462296485900879,0.0712687287763399,2.1815378665924072,0.2462296485900879,0.1571363223543765,1.8518083095550537
Inava,0.0,0.0,0.0,0.9888502385877284,0.1005259156227111,0.0,1.0,0.0,0.0,1.0,0.0
Gpr25,0.0,0.0,0.0,0.9888502385877284,0.1005259156227111,0.0,1.0,0.0,0.0,1.0,0.0
Camsap2,0.0667828321456909,0.0079946955665946,-3.1050329208374023,0.2681982181044733,-1.625741481781006,-3.1050329208374023,4.465627628048031e-09,-6.243361473083496,-3.1050329208374023,2.8757879499669866e-05,-4.624588966369629
Ddx59,0.0466168820858001,0.0219769570976495,-1.102736234664917,0.9888502385877284,-0.2276396602392196,-1.102736234664917,0.0213879829420363,-2.6780405044555664,-1.102736234664917,0.0970991205411664,-2.097126245498657
Kif14,0.0029328397940844,0.0161251928657293,2.468477249145508,0.7548176793525896,0.8738136291503906,2.468477249145508,0.0305521770420883,2.544269561767578,2.468477249145508,0.0481383627293001,2.413657188415528
Zfp281,0.2797275185585022,0.1669335812330246,-0.8291373252868652,0.1662291748235927,-1.8868399858474727,-0.8291373252868652,8.106185950139772e-06,-4.831807613372803,-0.8291373252868652,0.0005226963105642,-3.895803213119507
Ptprc,2.496661424636841,2.696193218231201,0.3110975623130798,2.062679275048973e-14,7.993079662322998,0.3110975623130798,3.461202820076195e-15,8.31894588470459,0.3110975623130798,6.568101441860235e-11,6.985480308532715
Atp6v1g3,0.0031160688959062,0.0099088568240404,1.673896551132202,0.9888502385877284,0.4040454626083374,1.673896551132202,0.2965176130640893,1.4027998447418213,1.673896551132202,0.3719307575740677,1.3106201887130735
Nek7,0.2385227382183075,0.373077243566513,0.7473470568656921,1.0293940632286392e-06,5.279328346252441,0.7473470568656921,2.3372459404335657e-06,5.10136604309082,0.7473470568656921,7.770437899511398e-05,4.374728679656982
Lhx9,0.0,0.0,0.0,0.9888502385877284,0.1005259156227111,0.0,1.0,0.0,0.0,1.0,0.0
2310009B15Rik,0.1621378809213638,0.1658962070941925,0.0358447693288326,0.2297294089397214,1.712226629257202,0.0358447693288326,1.0,0.1833129823207855,0.0358447693288326,1.0,0.1538566201925277
Dennd1b,0.3583824932575226,0.6253600120544434,1.011489987373352,4.2219856850037166e-14,7.901665210723877,1.011489987373352,1.370490150656734e-15,8.46329402923584,1.011489987373352,7.332857765139887e-12,7.314924240112305
Zbtb41,0.0627193301916122,0.0490016974508762,-0.3660656809806824,0.9888502385877284,0.3580395579338074,-0.3660656809806824,0.4386843383931718,-1.1217952966690063,-0.3660656809806824,0.5696558364191097,-0.9219321012496948
Aspm,0.0064977463334798,0.0322982519865036,2.33211612701416,0.2758133642239986,1.6076678037643433,2.33211612701416,0.0014066425381854,3.5749521255493164,2.33211612701416,0.0040067615931909,3.307537317276001
Cfh,0.0,0.0,0.0,0.9888502385877284,0.1005259156227111,0.0,1.0,0.0,0.0,1.0,0.0
Cdc73,0.2514835596084595,0.2552335858345032,0.0241733454167842,0.308682067423892,1.5403766632080078,0.0241733454167842,1.0,0.1519148349761963,0.0241733454167842,1.0,0.1271839290857315
B3galt2,0.0023516011424362,0.0094207674264907,2.007305145263672,0.9888502385877284,0.4370561838150024,2.007305145263672,0.2008473846758587,1.647711992263794,2.007305145263672,0.271103607008367,1.5324519872665403
Glrx2,0.3188778460025787,0.4842469394207001,0.7299889922142029,1.7036422720844957e-07,5.616605281829834,0.7299889922142029,9.459736747483116e-08,5.723466873168945,0.7299889922142029,8.075145793271923e-06,4.8870158195495605
Ro60,0.0202203765511512,0.018527865409851,-0.1273378282785415,0.9888502385877284,0.269612580537796,-0.1273378282785415,1.0,-0.208941712975502,-0.1273378282785415,1.0,-0.1779971420764923
Uchl5,0.1796838343143463,0.3279587030410766,0.9795308113098145,3.9504600420795606e-08,5.874268531799316,0.9795308113098145,2.1816256061106145e-08,5.992769718170166,0.9795308113098145,1.740688503648092e-06,5.205149173736572
Rgs2,0.2206655293703079,0.2595114707946777,0.2630786299705505,0.0502723290533666,2.4358489513397217,0.2630786299705505,0.2751868236384658,1.4611164331436155,0.2630786299705505,0.407264572456972,1.2454460859298706
Rgs1,0.1037312299013137,0.7522077560424805,3.359264612197876,2.4130529709262788e-48,14.874324798583984,3.359264612197876,2.3881800358090865e-47,16.35378646850586,3.359264612197876,5.698156057378128e-45,15.655237197875977
Rgs18,0.0029108005110174,0.0,-21.475086212158203,0.9888502385877284,0.0342056974768638,-21.475086212158203,0.3015092726089289,-1.3899344205856323,-21.475086212158203,0.5365500891378605,-0.9740760922431946
Pla2g4a,0.0005408413126133,0.0,-19.045238494873047,0.9888502385877284,0.0673658028244972,-19.045238494873047,0.4679991859106411,-1.0,-19.045238494873047,0.6832027011037286,-0.7008072733879089
Ptgs2,0.0003030791413038,0.0,-18.20955848693848,0.9888502385877284,0.0673658028244972,-18.20955848693848,0.4679991859106411,-1.0,-18.20955848693848,0.6832027011037286,-0.7008072733879089
Odr4,0.0966291204094886,0.1736940741539001,0.9028610587120056,0.0018977082041502,3.541559219360352,0.9028610587120056,0.0004707903118982,3.874697685241699,0.9028610587120056,0.0027382383594728,3.4218101501464844
Tpr,1.2124782800674438,1.4620925188064575,0.4891095459461212,1.084831552687375e-07,5.6973395347595215,0.4891095459461212,1.4510923160659667e-10,6.801783561706543,0.4891095459461212,2.398030052496089e-07,5.595661163330078
Prg4,0.0013016308657824,0.0060269241221249,2.2145113945007324,0.9888502385877284,0.3362315595149994,2.2145113945007324,0.3071555783698974,1.3765637874603271,2.2145113945007324,0.3859062914757069,1.284223556518555
Ivns1abp,0.2491087764501571,0.2880269587039947,0.2387564480304718,0.0326701853800324,2.606877326965332,0.2387564480304718,0.2268369747269714,1.57665753364563,0.2387564480304718,0.361827291427069,1.3293437957763672
Swt1,0.3053298592567444,0.3042697608470917,-0.0058208904229104,0.7486527047648944,0.8816555738449097,-0.0058208904229104,1.0,-0.0392491891980171,-0.0058208904229104,1.0,-0.0330096520483493
Trmt1l,0.2102736979722976,0.2173609733581543,0.0531189665198326,0.3303720851069885,1.4995239973068235,0.0531189665198326,0.9377470712652368,0.3058276176452636,0.0531189665198326,0.9832085110106,0.2573803663253784
Rnf2,0.1179643422365188,0.1585206687450409,0.4562489688396454,0.0490050935541561,2.446080684661865,0.4562489688396454,0.0850258966713296,2.100883960723877,0.4562489688396454,0.1703845076182185,1.8083064556121824
Fam129a,0.0301018711179494,0.1696056872606277,2.596564531326294,8.645721478542902e-08,5.737595081329346,2.596564531326294,3.569669811616656e-14,8.115799903869629,2.596564531326294,7.79508406842204e-13,7.681811332702637
Edem3,0.0401331894099712,0.0666472986340522,0.7510465979576111,0.2386008674378399,1.6910160779953003,0.7510465979576111,0.0875136836964012,2.0877435207366943,0.7510465979576111,0.1634790376859785,1.83092737197876
1700025G04Rik,0.0498628728091716,0.0268523599952459,-0.9096217155456544,0.9888502385877284,-0.1250225752592086,-0.9096217155456544,0.0648880493121381,-2.2225184440612797,-0.9096217155456544,0.1893237855091005,-1.7512564659118652
Tsen15,0.0763297528028488,0.0616249591112136,-0.3194597363471985,0.9888502385877284,0.4818671643733978,-0.3194597363471985,0.4478770981136803,-1.105894684791565,-0.3194597363471985,0.5774373348568241,-0.9102014303207396
Rgl1,0.0,0.0,0.0,0.9888502385877284,0.1005259156227111,0.0,1.0,0.0,0.0,1.0,0.0
Arpc5,1.0027915239334106,1.7676507234573364,1.4927557706832886,6.483979076701306e-75,18.55195999145508,1.4927557706832886,2.0396899154475463e-84,21.590761184692383,1.4927557706832886,5.925733491945569e-59,17.87746810913086
Ncf2,0.0041496148332953,0.0056620496325194,0.4494387805461883,0.9888502385877284,0.1694601029157638,0.4494387805461883,0.8869787332747108,0.3776705265045166,0.4494387805461883,0.9374307736164388,0.3279762268066406
Smg7,0.1657956540584564,0.1688688844442367,0.0287759341299533,0.4447460104181236,1.3040735721588137,0.0287759341299533,1.0,0.1477734595537185,0.0287759341299533,1.0,0.1242122501134872
Nmnat2,0.0041517922654747,0.0289819594472646,2.821309328079224,0.6263868676030685,1.0421534776687622,2.821309328079224,0.0045213028474913,3.2252731323242188,2.821309328079224,0.0075000462668105,3.108693599700928
Lamc2,0.0,0.0169086623936891,24.023473739624023,0.7272849805709227,0.9080193638801576,24.023473739624023,0.0036769817804202,3.2933831214904785,24.023473739624023,0.0043232702214912,3.2933831214904785
Lamc1,0.0010710337664932,0.1646455526351928,7.383837699890137,1.3227812191911432e-10,6.790503025054932,7.383837699890137,2.7499907790401223e-22,10.594654083251951,7.383837699890137,4.247947591987745e-22,10.568339347839355
Shcbp1l,0.0,0.0024755226913839,21.2410888671875,0.9888502385877284,0.2351081520318985,21.2410888671875,0.3037441647169248,1.3855772018432615,21.2410888671875,0.3352051867695514,1.3855772018432615
Dhx9,0.5373786091804504,0.6459121108055115,0.3513643145561218,0.015809189007946,2.8737266063690186,0.3513643145561218,0.0052625859909728,3.168171167373657,0.3513643145561218,0.0244380845262074,2.6870017051696777
Npl,0.0,0.0016204242128878,20.62911033630371,0.9888502385877284,0.2351081520318985,20.62911033630371,0.3130530803742118,1.3634746074676514,20.62911033630371,0.3458294539995415,1.3634746074676514
Rgs8,0.0,0.0045462748967111,22.119535446166992,0.9888502385877284,0.4369814991950989,22.119535446166992,0.0817224637924213,2.1227927207946777,22.119535446166992,0.0923753271423327,2.1227927207946777
Rgs16,0.0208830293267965,0.4770902395248413,4.856573581695557,4.456585134379427e-32,12.080511093139648,4.856573581695557,2.962153712459025e-38,14.544153213500977,4.856573581695557,1.190337188011344e-37,14.363879203796388
Rnasel,0.1768989264965057,0.2481332272291183,0.5413929224014282,0.0030023048007601,3.406827688217163,0.5413929224014282,0.0079341638760801,3.032357692718506,0.5413929224014282,0.0296378688004913,2.611123323440552
Teddm2,0.0098626650869846,0.0080879349261522,-0.2874880731105804,0.9888502385877284,0.1690119951963424,-0.2874880731105804,0.9078961862762768,-0.3476483225822449,-0.2874880731105804,0.9647844532567544,-0.2849912941455841
Teddm1b,0.0,0.0,0.0,0.9888502385877284,0.1005259156227111,0.0,1.0,0.0,0.0,1.0,0.0
Glul,0.1391072869300842,0.1648788303136825,0.2642693221569061,0.1080885378714938,2.09909462928772,0.2642693221569061,0.350407493640794,1.2845416069030762,0.2642693221569061,0.4941154333057589,1.091321349143982
Cacna1e,0.0011696164729073,0.0015084893675521,0.3673132061958313,0.9888502385877284,0.1345822364091873,0.3673132061958313,1.0,0.1775312721729278,0.3673132061958313,1.0,0.1506331712007522
Ier5,0.7315153479576111,0.527442455291748,-0.6344223618507385,2.554650779209056e-06,-5.099860191345215,-0.6344223618507385,6.183129726550973e-08,-5.793769836425781,-0.6344223618507385,1.2053356926590334e-05,-4.802393913269043
Mr1,0.046523530036211,0.0400920808315277,-0.2193158417940139,0.9888502385877284,0.2924661636352539,-0.2193158417940139,0.7449667768555376,-0.5806270837783813,-0.2193158417940139,0.8349548621225169,-0.480974018573761
Stx6,0.1848060488700866,0.1826866120100021,-0.0182168092578649,0.3886946867298659,1.395487904548645,-0.0182168092578649,1.0,-0.0991959497332573,-0.0182168092578649,1.0,-0.0830051526427269
BC034090,0.0012649769196286,0.0,-20.27159309387207,0.9888502385877284,0.0673658028244972,-20.27159309387207,0.4679991859106411,-1.0,-20.27159309387207,0.6832027011037286,-0.7008072733879089
Xpr1,0.2037093341350555,0.1562117487192154,-0.418298602104187,0.9888502385877284,-0.0483958348631858,-0.418298602104187,0.07304737631913,-2.169442653656006,-0.418298602104187,0.1799048192161747,-1.7791979312896729
Acbd6,0.3815930783748626,0.4129681289196014,0.1381223201751709,0.4161920035357422,1.3497060537338257,0.1381223201751709,0.4541258024163065,1.0956063270568848,0.1381223201751709,0.5694565106394307,0.9222956895828248
Qsox1,0.0947033241391182,0.1318568736314773,0.5047924518585205,0.0899882065208444,2.183488607406616,0.5047924518585205,0.0888588013858032,2.0804452896118164,0.5047924518585205,0.1731523579594714,1.800126075744629
Cep350,0.3165327310562134,0.3387831747531891,0.1149327531456947,0.2040236759078252,1.7783228158950806,0.1149327531456947,0.5898802854107468,0.8053818345069885,0.1149327531456947,0.6998749452134514,0.6765429973602295
Tor1aip1,0.3247766494750976,0.5399464964866638,0.8997285962104797,7.140960065334745e-11,6.882888317108154,0.8997285962104797,4.769454830282764e-11,6.993105888366699,0.8997285962104797,2.1678711580534993e-08,6.027755260467529
Tor1aip2,0.1383171826601028,0.1862038522958755,0.4643793404102325,0.0127646381664243,2.948038101196289,0.4643793404102325,0.052234404148455,2.319561243057251,0.4643793404102325,0.1214160718728627,1.986670017242432
Axdnd1,0.0057319947518408,0.0,-22.454742431640625,0.9888502385877284,-0.0652746260166168,-22.454742431640625,0.0662413090724775,-2.2141127586364746,-22.454742431640625,0.2632896794204323,-1.551666259765625
Gm2000,0.596000611782074,0.4877736866474151,-0.3741873204708099,0.0065255145042963,-3.1686575412750244,-0.3741873204708099,0.0018789189424943,-3.482489585876465,-0.3741873204708099,0.0150869059917449,-2.8639605045318604
Soat1,0.1396429985761642,0.1212059259414672,-0.2178715616464615,0.835700641078768,0.7774701118469238,-0.2178715616464615,0.4700738042731737,-0.9958194494247437,-0.2178715616464615,0.6335787433562828,-0.8234332203865051
Abl2,0.1215432211756706,0.0631380751729011,-0.9876660108566284,0.8456022981733833,-0.7638027667999268,-0.9876660108566284,0.000537192689369,-3.8323042392730713,-0.9876660108566284,0.0092615159884435,-3.034364461898804
Tor3a,0.0808430165052414,0.123304508626461,0.640180766582489,0.0547481316363689,2.400000095367432,0.640180766582489,0.0325876521570145,2.515728712081909,0.640180766582489,0.0799252141485294,2.186975479125977
Fam20b,0.0462844930589199,0.0547760091722011,0.2491921484470367,0.6422942265434279,1.0212416648864746,0.2491921484470367,0.6570278334237372,0.7052479386329651,0.2491921484470367,0.7515595280866217,0.601004958152771
Ralgps2,0.2067776024341583,0.0187399461865425,-3.6020798683166504,8.930323784897349e-06,-4.844288349151611,-3.6020798683166504,2.443481309645912e-29,-11.868630409240724,-3.6020798683166504,1.5540837843607496e-15,-8.607089042663574
Rasal2,0.0,0.0156342796981334,23.909502029418945,0.8940648012290606,0.7061460018157959,23.909502029418945,0.0146812948618645,2.826703786849976,23.909502029418945,0.0170614760948497,2.826703786849976
Cryzl2,0.0012132634874433,0.0069386479444801,2.5198934078216557,0.9888502385877284,0.4034479856491089,2.5198934078216557,0.1818099366243525,1.7069480419158936,2.5198934078216557,0.2429608306528574,1.6018215417861938
Sec16b,0.0010155108757317,0.0029557386878877,1.5427120923995972,0.9888502385877284,0.2690151035785675,1.5427120923995972,0.5203270110773637,0.9135746359825134,1.5427120923995972,0.63498892689557,0.8214424848556519
Cop1,0.2155207842588424,0.2450239956378936,0.2071940749883651,0.0850023035139588,2.2088067531585693,0.2071940749883651,0.3733471809919667,1.2387511730194092,0.2071940749883651,0.5233368891097596,1.0443973541259766
Tnr,0.0,0.0006815261440351,19.37890243530273,0.9888502385877284,0.1678170263767242,19.37890243530273,0.4679991859106411,1.0,19.37890243530273,0.5282133287683867,1.0
4930523C07Rik,1.0892740488052368,0.776955246925354,-0.7472792267799377,1.0221119772286113e-14,-8.081954956054688,-0.7472792267799377,6.088613204439661e-15,-8.239994049072266,-0.7472792267799377,1.4310793429626662e-10,-6.86592435836792
Mrps14,0.7434760332107544,0.8515651822090149,0.2840556502342224,0.0928503634233068,2.169597148895264,0.2840556502342224,0.0055600126427403,3.1495723724365234,0.2840556502342224,0.0268625631561647,2.6497786045074463
Cacybp,0.5163527727127075,0.5994889736175537,0.2808936238288879,0.188524219288977,1.8204450607299805,0.2808936238288879,0.0267657238704792,2.5927484035491943,0.2808936238288879,0.0795486748600545,2.1891984939575195
Rabgap1l,0.5451428890228271,0.6299192309379578,0.2756395936012268,0.0462703933375203,2.46923303604126,0.2756395936012268,0.0348863581438425,2.487179040908813,0.2756395936012268,0.0973887455483577,2.094702959060669
Gpr52,0.0,0.0060309213586151,22.52829933166504,0.9888502385877284,0.3696903884410858,22.52829933166504,0.1174765905968578,1.9469177722930908,22.52829933166504,0.1313764925377074,1.9469177722930908
Rc3h1,0.2616885900497436,0.293062150478363,0.1870316714048385,0.1053122766534949,2.111417531967163,0.1870316714048385,0.3934455998116555,1.1999289989471436,0.1870316714048385,0.5282133287683867,1.017366886138916
Serpinc1,0.0253889244049787,0.0119908740743994,-1.0919572114944458,0.9888502385877284,-0.1335366517305374,-1.0919572114944458,0.1428064791528265,-1.842057228088379,-1.0919572114944458,0.3107278817894024,-1.4431673288345337
Zbtb37,0.0961407497525215,0.0995493829250335,0.0527629517018795,0.7136790015093439,0.9259437322616576,0.0527629517018795,1.0,0.1983066350221634,0.0527629517018795,1.0,0.1675782948732376
Dars2,0.0313865318894386,0.0380503423511981,0.2825986742973327,0.805734233343882,0.8130947947502136,0.2825986742973327,0.6735258363654114,0.6802337169647217,0.2825986742973327,0.7656603390392934,0.579831063747406
Cenpl,0.0282298270612955,0.0573035739362239,1.0425264835357666,0.1255834412904426,2.028293371200561,1.0425264835357666,0.0169746591666685,2.7673110961914062,1.0425264835357666,0.0463306861784869,2.428504228591919
Klhl20,0.1260344386100769,0.1601726114749908,0.3710221946239471,0.1219632096589562,2.042483329772949,0.3710221946239471,0.1829032998226078,1.701886773109436,0.3710221946239471,0.3023492030816287,1.462286353111267
Prdx6,0.9262279272079468,0.9010220170021056,-0.060718148946762,0.312602122700393,-1.5324599742889404,-0.060718148946762,0.6637017361537781,-0.6948447227478027,-0.060718148946762,0.761208229293692,-0.5860167741775513
Tnfsf4,0.0,0.0010303737362846,19.975481033325195,0.9888502385877284,0.1678170263767242,19.975481033325195,0.4679991859106411,1.0,19.975481033325195,0.5282133287683867,1.0
Fasl,0.0068513080477714,0.3165735900402069,5.759451389312744,7.36172909823408e-27,11.033204078674316,5.759451389312744,5.238471804124197e-38,14.506597518920898,5.759451389312744,1.501575561258562e-37,14.37826156616211
Suco,0.200686439871788,0.2704483270645141,0.482706218957901,0.0036181582789602,3.3514113426208496,0.482706218957901,0.0134277877675172,2.850738286972046,0.482706218957901,0.0443696462558047,2.447094678878784
4930558K02Rik,0.0030951504595577,0.0011447402648627,-1.4363958835601809,0.9888502385877284,0.0681126564741134,-1.4363958835601809,0.5176383062832809,-0.917879581451416,-1.4363958835601809,0.6855584003779885,-0.6967620849609375
Pigc,0.0237214397639036,0.053504467010498,1.1950899362564087,0.2889626655348773,1.5797356367111206,1.1950899362564087,0.0164462436273117,2.779838800430298,1.1950899362564087,0.0394956195263711,2.4959042072296143
Dnm3,0.0013312991941347,0.031715840101242,4.596273899078369,0.4624241754688571,1.2775603532791138,4.596273899078369,0.000579915095232,3.8320891857147217,4.596273899078369,0.0008369186039426,3.777319192886353
Eef1aknmt,0.080454908311367,0.0343069694936275,-1.2632858753204346,0.8120101894852096,-0.8040579557418823,-1.2632858753204346,0.0006735819451342,-3.7705698013305664,-1.2632858753204346,0.0115928172913535,-2.958686113357544
Vamp4,0.1750234812498092,0.2870344221591949,0.7975824475288391,1.7982430510585133e-05,4.696113586425781,0.7975824475288391,2.020541849725901e-05,4.640902042388916,0.7975824475288391,0.0003071021871385,4.033390045166016
Prrc2c,1.4578551054000854,1.3478384017944336,-0.2105329632759094,0.0007267186335857,-3.8073630332946777,-0.2105329632759094,0.0064632515298867,-3.100072145462036,-0.2105329632759094,0.030296420441309,-2.60253381729126
Gorab,0.0367454290390014,0.0308369230479002,-0.2571919560432434,0.9888502385877284,0.2800684869289398,-0.2571919560432434,0.7226152496798568,-0.6112889647483826,-0.2571919560432434,0.8172592728685335,-0.5058041214942932
Kifap3,0.0263916365802288,0.0086498744785785,-1.6221648454666138,0.9888502385877284,-0.2980675399303436,-1.6221648454666138,0.030949382009375,-2.5342729091644287,-1.6221648454666138,0.1270966579947453,-1.9628851413726809
Scyl3,0.0804233476519584,0.1201810017228126,0.6086809039115906,0.0716619241386466,2.2856576442718506,0.6086809039115906,0.0468512225710469,2.366180896759033,0.6086809039115906,0.105024472414722,2.058629512786865
BC055324,0.0086960066109895,0.016542911529541,0.933460295200348,0.8949672210382924,0.7036067247390747,0.933460295200348,0.31127163018239,1.3667354583740234,0.933460295200348,0.4342111068384724,1.1913292407989502
Mettl18,0.0651911422610282,0.0241680778563022,-1.4613854885101318,0.8327733500754944,-0.7804574966430664,-1.4613854885101318,0.0002844567775442,-3.9986727237701416,-1.4613854885101318,0.0080194556235348,-3.0843679904937744
Sell,1.3225566148757937,0.0189078208059072,-7.172219276428223,1.3738136304804725e-132,-24.718769073486328,-7.172219276428223,4.01774036279159e-291,-53.188846588134766,-7.172219276428223,6.3459660547847626e-142,-37.81352233886719
Selp,0.0035367826931178,0.0018783843843266,-0.9141415953636168,0.9888502385877284,0.0681126564741134,-0.9141415953636168,0.73195618125407,-0.597610354423523,-0.9141415953636168,0.8368433034135353,-0.4782569110393524
F5,0.0,0.0,0.0,0.9888502385877284,0.1005259156227111,0.0,1.0,0.0,0.0,1.0,0.0
Slc19a2,0.0034569767303764,0.0121621470898389,1.821102499961853,0.972906362803818,0.6047985553741455,1.821102499961853,0.1388815124984503,1.8580398559570312,1.821102499961853,0.2043426549834755,1.703436255455017
Ccdc181,0.0121937757357954,0.0242379251867532,0.9998356699943542,0.6585173663152313,0.9989855885505676,0.9998356699943542,0.1728869263954439,1.7407513856887815,0.9998356699943542,0.2714060773726495,1.531506061553955
Blzf1,0.0666000172495842,0.0646673440933227,-0.0438945926725864,0.7033290358579104,0.9408807158470154,-0.0438945926725864,1.0,-0.1485703885555267,-0.0438945926725864,1.0,-0.1236691549420356
Nme7,0.0612439736723899,0.0632649436593055,0.0483112335205078,0.4909958154434463,1.23200261592865,0.0483112335205078,1.0,0.1617309004068374,0.0483112335205078,1.0,0.1344587802886963
Atp1b1,0.2866382598876953,0.0,-28.30635643005371,9.493551433731002e-13,-7.493138790130615,-28.30635643005371,7.318000357812051e-55,-17.017393112182617,-28.30635643005371,3.733628847876063e-27,-11.925912857055664
Xcl1,0.0225817244499921,0.0294293649494647,0.3870616555213928,0.9888502385877284,0.3688688576221466,0.3870616555213928,0.7744380667061591,0.5378357768058777,0.3870616555213928,0.8265948176065725,0.4923925697803497
Tbx19,0.0,0.0,0.0,0.9888502385877284,0.1005259156227111,0.0,1.0,0.0,0.0,1.0,0.0
Sft2d2,0.0960030406713485,0.1199824139475822,0.3392796218395233,0.1037171231926297,2.1185126304626465,0.3392796218395233,0.2958570471937217,1.4038832187652588,0.3392796218395233,0.4314355761188533,1.1971843242645264
Tiprl,0.2846817970275879,0.4120950102806091,0.6308614611625671,5.071721095089621e-05,4.465113162994385,0.6308614611625671,3.1281424947701364e-05,4.540312767028809,0.6308614611625671,0.0004870387357528,3.912315607070923
Gpr161,0.0,0.0,0.0,0.9888502385877284,0.1005259156227111,0.0,1.0,0.0,0.0,1.0,0.0
Dcaf6,0.0479907877743244,0.0439090803265571,-0.1312049180269241,0.966472483970274,0.6139100790023804,-0.1312049180269241,0.8966003432737275,-0.3640827238559723,-0.1312049180269241,0.953338281056826,-0.3035461604595184
Mpc2,0.5228618383407593,0.72957444190979,0.6451960206031799,9.902976549898254e-07,5.287020683288574,0.6451960206031799,1.1433249999666326e-09,6.481915473937988,0.6451960206031799,4.693610484762424e-07,5.465054512023926
Adcy10,0.0012824336299672,0.0,-20.291379928588867,0.9888502385877284,0.0673658028244972,-20.291379928588867,0.4679991859106411,-1.0,-20.291379928588867,0.6832027011037286,-0.7008072733879089
Mpzl1,0.0012897681444883,0.0,-20.29961204528809,0.9888502385877284,0.0673658028244972,-20.29961204528809,0.4679991859106411,-1.0,-20.29961204528809,0.6832027011037286,-0.7008072733879089
Rcsd1,0.6089641451835632,0.3453696072101593,-1.023419737815857,7.946681444549439e-09,-6.146569728851318,-1.023419737815857,1.4230341918436628e-15,-8.413215637207031,-1.023419737815857,1.9442957419388087e-10,-6.824976921081543
Creg1,0.1494524329900741,0.0553263798356056,-1.5027029514312744,0.1623926158472826,-1.898789644241333,-1.5027029514312744,1.1091684372410489e-08,-6.086241245269775,-1.5027029514312744,1.948579643510705e-05,-4.705015659332275
Cd247,0.7254191637039185,0.9972578287124634,0.6830417513847351,4.422809783863231e-09,6.243062496185303,0.6830417513847351,2.607984148833536e-13,7.741174221038818,0.6830417513847351,1.1251972188716626e-09,6.53129768371582
Pou2f1,0.1891784518957138,0.0858469307422638,-1.2161550521850586,0.1256928939338689,-2.0278451442718506,-1.2161550521850586,6.309167468526976e-08,-5.781924247741699,-1.2161550521850586,4.020561328201521e-05,-4.538726329803467
Tada1,0.0896810218691825,0.1448429524898529,0.7321832180023193,0.0059075441757556,3.2000997066497803,0.7321832180023193,0.0057638153602822,3.139082670211792,0.7321832180023193,0.0221224359074,2.7245965003967285
Pogk,0.0085206888616085,0.1964385658502578,4.664832592010498,4.875087749891264e-11,6.938827037811279,4.664832592010498,3.8176848893318494e-22,10.526225090026855,4.664832592010498,1.4019455534995568e-21,10.372366905212402
Fam78b,0.0,0.0097926845774054,23.230342864990234,0.9888502385877284,0.5042726397514343,23.230342864990234,0.043614168728093,2.4002625942230225,23.230342864990234,0.0499507354551869,2.4002625942230225
Uck2,0.1048233658075332,0.1781056076288223,0.8188804388046265,0.000427261051489,3.946650266647339,0.8188804388046265,0.0006168852988581,3.8005542755126953,0.8188804388046265,0.0041811031332298,3.2926278114318848
Tmco1,0.265793889760971,0.4590782225131988,0.9362598061561584,2.539303979906601e-10,6.693188667297363,0.9362598061561584,8.254643992067603e-11,6.909348964691162,0.9362598061561584,3.0570595905238937e-08,5.967060089111328
Aldh9a1,0.1075555905699729,0.1917329728603363,0.8962509036064148,0.0001016578946962,4.302225112915039,0.8962509036064148,5.588125428456315e-05,4.407164096832275,0.8962509036064148,0.000650047409805,3.833648204803467
Mgst3,0.0328427739441394,0.0491903498768806,0.5946720242500305,0.5349287593426053,1.1677734851837158,0.5946720242500305,0.2522296003743041,1.5128873586654663,0.5946720242500305,0.3707912692345755,1.312575340270996
Pbx1,0.0023784986697137,0.0007112665334716,-1.7427905797958374,0.9888502385877284,0.1345822364091873,-1.7427905797958374,0.6801933788738095,-0.6715749502182007,-1.7427905797958374,0.835172306867452,-0.48079314827919
Nuf2,0.0070676621980965,0.0436130352318286,2.6519272327423096,0.0984370579887648,2.1427106857299805,2.6519272327423096,4.042052232853344e-05,4.496888160705566,2.6519272327423096,0.000130651763839,4.256742000579834
Hsd17b7,0.0331216938793659,0.0257467366755008,-0.3687328696250915,0.9888502385877284,0.3458659052848816,-0.3687328696250915,0.5565986047299196,-0.8566020131111145,-0.3687328696250915,0.6854017318604152,-0.6969171762466431
Uap1,0.0969886109232902,0.083242118358612,-0.2305666357278823,0.7872477851408839,0.8339319229125977,-0.2305666357278823,0.5248900143954587,-0.9060491323471068,-0.2305666357278823,0.6832027011037286,-0.7453041076660156
Uhmk1,0.1641673445701599,0.2174309343099594,0.4450327157974243,0.0161802713282675,2.8652873039245605,0.4450327157974243,0.047015474802965,2.3644473552703857,0.4450327157974243,0.1100134071189232,2.0362257957458496
Sh2d1b1,0.0,0.0012252902379259,20.22557640075684,0.9888502385877284,0.1678170263767242,20.22557640075684,0.4679991859106411,1.0,20.22557640075684,0.5282133287683867,1.0
Gm7694,0.0,0.0,0.0,0.9888502385877284,0.1005259156227111,0.0,1.0,0.0,0.0,1.0,0.0
Nos1ap,0.0012311364989727,0.0,-20.23244857788086,0.9888502385877284,0.0673658028244972,-20.23244857788086,0.4679991859106411,-1.0,-20.23244857788086,0.6832027011037286,-0.7008072733879089
Atf6,0.0371006801724433,0.307708203792572,3.252851724624634,2.488963689028005e-23,10.265294075012209,3.252851724624634,3.981380273008111e-31,12.70395565032959,3.252851724624634,5.481881192049526e-29,12.112533569335938
Dusp12,0.074948251247406,0.0853356420993805,0.1948463916778564,0.4042259311379734,1.3695721626281738,0.1948463916778564,0.6421218706789612,0.7268578410148621,0.1948463916778564,0.7413860556590579,0.615821361541748
Gm26620,0.0034989130217581,0.0038363551720976,0.1330731511116027,0.9888502385877284,0.2022467851638794,0.1330731511116027,1.0,0.1099468618631362,0.1330731511116027,1.0,0.0912944003939628
Fcrla,0.0,0.0034063498023897,21.702253341674805,0.9888502385877284,0.2351081520318985,21.702253341674805,0.2973163660080912,1.401214838027954,21.702253341674805,0.3294000374318996,1.401214838027954
Fcgr2b,0.0018109324155375,0.0323640778660774,4.181690216064453,0.5284868747648115,1.178154706954956,4.181690216064453,0.0010697352763475,3.659682035446167,4.181690216064453,0.0014787372072014,3.615800857543945
Fcgr4,0.0,0.0012640638742595,20.270551681518555,0.9888502385877284,0.1678170263767242,20.270551681518555,0.4679991859106411,1.0,20.270551681518555,0.5282133287683867,1.0
Fcgr3,0.0043037454597651,0.0071520549245178,0.7348215579986572,0.9888502385877284,0.3028473854064941,0.7348215579986572,0.6406515743893487,0.7289412021636963,0.7348215579986572,0.7283417840650899,0.6352320909500122
Cfap126,0.0,0.0126190660521388,23.59821510314941,0.8940648012290606,0.7061460018157959,23.59821510314941,0.0172908766734867,2.766063690185547,23.59821510314941,0.0201110798979555,2.766063690185547
Sdhc,0.2547714412212372,0.3986298441886902,0.7552577257156372,1.1046224348147015e-06,5.2655863761901855,0.7552577257156372,5.848553287254301e-07,5.379824638366699,0.7552577257156372,2.53306819595032e-05,4.636534690856934
Mpz,0.0,0.0,0.0,0.9888502385877284,0.1005259156227111,0.0,1.0,0.0,0.0,1.0,0.0
Pcp4l1,0.0,0.0,0.0,0.9888502385877284,0.1005259156227111,0.0,1.0,0.0,0.0,1.0,0.0
Nr1i3,0.0,0.0018457226688042,20.817087173461918,0.9888502385877284,0.1678170263767242,20.817087173461918,0.4679991859106411,1.0,20.817087173461918,0.5282133287683867,1.0
Tomm40l,0.0535240359604358,0.0766671299934387,0.535296618938446,0.3222220718615053,1.5143862962722778,0.535296618938446,0.1843344280717052,1.6970350742340088,0.535296618938446,0.2979319064976242,1.4718222618103027
Apoa2,0.0044100806117057,0.0050750682130455,0.2031022012233734,0.9888502385877284,0.3028473854064941,0.2031022012233734,1.0,0.2000301331281662,0.2031022012233734,1.0,0.1656568050384521
Fcer1g,0.0048173759132623,0.1332162022590637,4.883063316345215,0.0052347212571188,3.237591505050659,4.883063316345215,4.709752163052717e-09,6.322488307952881,4.883063316345215,7.089500390697783e-09,6.284145355224609
Ndufs2,0.4711764454841614,0.5290143489837646,0.2122237384319305,0.2633587891042828,1.635749340057373,0.2122237384319305,0.1314976260389522,1.8863613605499268,0.2122237384319305,0.2475940049539262,1.5906561613082886
B4galt3,0.0485513359308242,0.0383570082485675,-0.347427487373352,0.9888502385877284,0.354604035615921,-0.347427487373352,0.4963002733948342,-0.9524369239807128,-0.347427487373352,0.661998587191567,-0.7829498052597046
Ppox,0.0510932356119155,0.0524037629365921,0.0374915823340415,0.7931536740653442,0.8269861936569214,0.0374915823340415,1.0,0.1129328459501266,0.0374915823340415,1.0,0.0947991758584976
Usp21,0.0444327071309089,0.0250815078616142,-0.8390376567840576,0.9888502385877284,-0.1833515018224716,-0.8390376567840576,0.1087357308149224,-1.9816102981567385,-0.8390376567840576,0.2505300305138489,-1.583741307258606
Ufc1,0.3686936199665069,0.8041781187057495,1.469733715057373,4.818225323406251e-31,11.880355834960938,1.469733715057373,9.174091054224673e-38,13.800293922424316,1.469733715057373,2.8849201948054015e-29,11.983487129211426
Dedd,0.0865168869495391,0.116376481950283,0.4496490061283111,0.1085730969707476,2.0968539714813232,0.4496490061283111,0.1502914514733677,1.8157933950424197,0.4496490061283111,0.259301776235129,1.5609064102172852
Nit1,0.1578449457883834,0.1847019642591476,0.2466170489788055,0.0794806542936042,2.239203453063965,0.2466170489788055,0.3353156651389817,1.3160505294799805,0.2466170489788055,0.4817165617437624,1.1117565631866455
Pfdn2,0.6017377376556396,0.619305431842804,0.0554700717329978,0.9888502385877284,-0.303892970085144,0.0554700717329978,0.759045418210528,0.560722291469574,0.0554700717329978,0.8439098575498399,0.4663462340831756
Klhdc9,0.0034468863159418,0.0,-21.719348907470703,0.9994412017932364,0.0010455889860168,-21.719348907470703,0.1772921792804993,-1.7212468385696411,-21.719348907470703,0.4272898643024883,-1.2062623500823977
Nectin4,0.0,0.0,0.0,0.9888502385877284,0.1005259156227111,0.0,1.0,0.0,0.0,1.0,0.0
Arhgap30,0.8661282658576965,1.0612690448760986,0.4561657011508941,0.0002112986037711,4.123952388763428,0.4561657011508941,4.964879698192026e-07,5.403026580810547,0.4561657011508941,5.258466351875724e-05,4.469949722290039
Usf1,0.1786052733659744,0.1972493380308151,0.1571156084537506,0.1314853471969245,2.005066156387329,0.1571156084537506,0.5576214170985879,0.8550843000411987,0.1571156084537506,0.6832027011037286,0.7228917479515076
Tstd1,0.0044207326136529,0.0055797901004552,0.3367621600627899,0.9888502385877284,0.1691613644361496,0.3367621600627899,0.9451705324090236,0.2941108644008636,0.3367621600627899,0.984782230908776,0.2554281651973724
F11r,0.0,0.0,0.0,0.9888502385877284,0.1005259156227111,0.0,1.0,0.0,0.0,1.0,0.0
Alyref2,0.0777793675661087,0.1145483255386352,0.5854451060295105,0.0758923991312148,2.260115385055542,0.5854451060295105,0.0625575224529852,2.2412149906158447,0.5854451060295105,0.1344078260198042,1.9323818683624268
Cd244a,0.0094447107985615,0.0510849095880985,2.46550726890564,0.1222780986444372,2.040915012359619,2.46550726890564,0.0001158750533767,4.244095802307129,2.46550726890564,0.0003505284272209,4.00554895401001
Ly9,0.3076262474060058,0.3210389614105224,0.0717508047819137,0.3176483544745023,1.522750973701477,0.0717508047819137,0.8057013911031529,0.493644654750824,0.0717508047819137,0.8787647030390867,0.4163542091846466
Slamf7,0.0247634295374155,0.7864660024642944,5.575508117675781,3.3192749315612335e-95,20.929553985595703,5.575508117675781,3.4767981345696657e-93,26.377517700195312,5.575508117675781,7.223573057391696e-93,25.89299774169922
Cd48,0.7126254439353943,1.8464821577072144,2.36049485206604,9.768321151374552e-124,23.87438201904297,2.36049485206604,1.6051177506368568e-152,31.951005935668945,2.36049485206604,2.570149645435524e-114,26.92479515075684
Slamf1,0.029035085812211,0.2600178718566894,3.33337140083313,8.465410500329517e-18,8.9255952835083,3.33337140083313,1.0328015302307388e-25,11.39733600616455,3.33337140083313,4.24172044103137e-24,10.936091423034668
Cd84,0.4895301759243011,0.4699949622154236,-0.073966659605503,0.9888502385877284,0.1035133078694343,-0.073966659605503,0.733171284566299,-0.5958526730537415,-0.073966659605503,0.8209425973839333,-0.5004172325134277
Gm10521,0.0168505255132913,0.0100432205945253,-0.751492977142334,0.9888502385877284,-0.0630340799689292,-0.751492977142334,0.4610308753676392,-1.083704113960266,-0.751492977142334,0.5933158236533539,-0.8869366645812988
Slamf6,0.5516674518585205,0.432195782661438,-0.4453315734863281,0.0741370885951038,-2.271019220352173,-0.4453315734863281,0.0014728520278486,-3.5530734062194824,-0.4453315734863281,0.0124013139530392,-2.9345946311950684
Vangl2,0.0215492658317089,0.0,-24.376707077026367,0.9888502385877284,-0.4963560402393341,-24.376707077026367,0.0001352873752007,-4.192835807800293,-24.376707077026367,0.0125319288191223,-2.9383697509765625
Ncstn,0.0952025353908538,0.1674743592739105,0.8681423664093018,0.0017026525605693,3.572926998138428,0.8681423664093018,0.0006268453638802,3.797438144683838,0.8681423664093018,0.00366974514299,3.3333370685577397
Copa,0.3602835536003113,0.4825889766216278,0.5160650014877319,6.774335962091866e-05,4.396851062774658,0.5160650014877319,0.0001205899046279,4.218701362609863,0.5160650014877319,0.001856434799295,3.538205623626709
Pex19,0.1045424491167068,0.1221556738018989,0.2375773936510086,0.1217965456074869,2.043304920196533,0.2375773936510086,0.4679991859106411,1.0538517236709597,0.2375773936510086,0.5935036931776443,0.8856478929519653
Dcaf8,0.4212393164634704,0.3704911470413208,-0.2242169827222824,0.9204477425272792,-0.6736580729484558,-0.2242169827222824,0.1803593625860163,-1.710670828819275,-0.2242169827222824,0.3179599146241189,-1.428706169128418
Pea15a,0.0812742561101913,0.1367746293544769,0.7916926741600037,0.007747977637258,3.1137640476226807,0.7916926741600037,0.0038651145241376,3.267732858657837,0.7916926741600037,0.0158426297501238,2.845822095870972
Casq1,0.0,0.0,0.0,0.9888502385877284,0.1005259156227111,0.0,1.0,0.0,0.0,1.0,0.0
Igsf8,0.0314223282039165,0.0511510781943798,0.7173036932945251,0.2672015890998128,1.627907395362854,0.7173036932945251,0.1344141675550081,1.875043272972107,0.7173036932945251,0.2360812281573527,1.6184148788452148
Atp1a2,0.0,0.0121022602543234,23.537511825561523,0.9452671725632862,0.6388548612594604,23.537511825561523,0.0303450849873474,2.5491955280303955,23.537511825561523,0.0351965971591429,2.5491955280303955
Kcnj10,0.0,0.0,0.0,0.9888502385877284,0.1005259156227111,0.0,1.0,0.0,0.0,1.0,0.0
Pigm,0.1055173575878143,0.0999741703271865,-0.0819200053811073,0.6256378532190852,1.0434978008270264,-0.0819200053811073,0.9199283231484672,-0.3306334614753723,-0.0819200053811073,0.97122611378957,-0.2764869034290313
Slamf9,0.0,0.0,0.0,0.9888502385877284,0.1005259156227111,0.0,1.0,0.0,0.0,1.0,0.0
Igsf9,0.0011835942277684,0.0,-20.17559814453125,0.9888502385877284,0.0673658028244972,-20.17559814453125,0.4679991859106411,-1.0,-20.17559814453125,0.6832027011037286,-0.7008072733879089
Tagln2,1.361266851425171,1.3079363107681274,-0.1044404655694961,0.1904881730874942,-1.815067768096924,-0.1044404655694961,0.3473479616820443,-1.290882229804993,-0.1044404655694961,0.4855683691307454,-1.1050649881362915
Cfap45,0.0,0.0,0.0,0.9888502385877284,0.1005259156227111,0.0,1.0,0.0,0.0,1.0,0.0
Slamf8,0.0,0.0,0.0,0.9888502385877284,0.1005259156227111,0.0,1.0,0.0,0.0,1.0,0.0
Fcrl6,0.0,0.0,0.0,0.9888502385877284,0.1005259156227111,0.0,1.0,0.0,0.0,1.0,0.0
Dusp23,0.02536066994071,0.0126018989831209,-1.0181841850280762,0.9888502385877284,-0.0375665202736854,-1.0181841850280762,0.1418218585964579,-1.8457189798355105,-1.0181841850280762,0.3106553750665685,-1.443402647972107
Ackr1,0.0,0.0016603544354438,20.66425895690918,0.9888502385877284,0.1678170263767242,20.66425895690918,0.4679991859106411,1.0,20.66425895690918,0.5282133287683867,1.0
Cadm3,0.0,0.0045554731041193,22.12245750427246,0.9888502385877284,0.3023992776870727,22.12245750427246,0.1767018451745854,1.7268171310424805,22.12245750427246,0.1976688989485475,1.7268171310424805
Aim2,0.1761498898267746,0.0915249288082122,-1.0069721937179563,0.552243688063044,-1.142530083656311,-1.0069721937179563,2.095848954403985e-05,-4.62240743637085,-1.0069721937179563,0.0011783561392386,-3.6730339527130127
Ifi206,0.466867983341217,0.8494375944137573,1.1694960594177246,8.048759724914522e-22,9.91845703125,1.1694960594177246,2.0701951018713767e-24,10.807427406311035,1.1694960594177246,3.1312149040519543e-18,9.252326965332031
Ifi214,0.2249102145433426,0.522217869758606,1.4430813789367676,5.9545348307955466e-18,8.965328216552734,1.4430813789367676,2.3575926685061872e-20,9.835942268371582,1.4430813789367676,2.321197802368657e-16,8.726892471313477
Ifi213,0.4299394786357879,0.6815272569656372,0.8628389239311218,1.1258726531322608e-10,6.814775466918945,0.8628389239311218,7.319534966717997e-11,6.931167125701904,0.8628389239311218,2.2291726189628463e-08,6.022935390472412
Ifi209,0.502191960811615,0.8018415570259094,0.914545476436615,3.429023998405332e-12,7.3174052238464355,0.914545476436615,1.2715943922491508e-14,8.173218727111816,0.914545476436615,3.0927058549374173e-11,7.098751544952393
Ifi208,0.4255384504795074,0.423156589269638,-0.0099372547119855,0.9888502385877284,0.5242134928703308,-0.0099372547119855,1.0,-0.0736152604222297,-0.0099372547119855,1.0,-0.0623195730149745
Ifi207,0.0010324596660211,0.0069016381166875,2.745088815689087,0.9888502385877284,0.3363809287548065,2.745088815689087,0.2200472203026781,1.5960899591445925,2.745088815689087,0.2703926447276262,1.5346451997756958
Ifi204,0.0,0.0569087117910385,25.80339241027832,0.0894445443031133,2.1865506172180176,25.80339241027832,2.7031062348105e-07,5.577620983123779,25.80339241027832,3.346284357890072e-07,5.577620983123779
Mndal,1.1278940439224243,1.418845295906067,0.5843319296836853,4.988686037814597e-10,6.5883307456970215,0.5843319296836853,3.0688455316472305e-13,7.71409273147583,0.5843319296836853,1.7339890513978943e-09,6.460821628570557
Ifi211,0.0,0.0625437200069427,25.94371223449707,0.0091162268913856,3.0613350868225098,25.94371223449707,1.5253588609503551e-09,6.52081823348999,25.94371223449707,1.8947329371013623e-09,6.52081823348999
Ifi203,1.1627776622772217,1.5367882251739502,0.7310307025909424,1.1134597219353389e-15,8.354703903198242,0.7310307025909424,5.373105331790313e-20,9.654012680053713,0.7310307025909424,6.206847434309953e-14,7.998315811157227
Ifi205,0.0,0.0048954761587083,22.226551055908203,0.9888502385877284,0.2351081520318985,22.226551055908203,0.3039003152502795,1.3849540948867798,22.226551055908203,0.3353557032912881,1.3849540948867798
Fh1,0.1163593828678131,0.2346328198909759,1.0996276140213013,6.796513878278094e-07,5.358792781829834,1.0996276140213013,7.310203776028308e-08,5.778359413146973,1.0996276140213013,3.421203235446791e-06,5.068236827850342
Kmo,0.0,0.0,0.0,0.9888502385877284,0.1005259156227111,0.0,1.0,0.0,0.0,1.0,0.0
Opn3,0.0,0.0024111981038004,21.20305824279785,0.9888502385877284,0.2351081520318985,21.20305824279785,0.2948683122877646,1.4083662033081057,21.20305824279785,0.3263308940324332,1.4083662033081057
Chml,0.0164405032992362,0.0161268357187509,-0.0280179847031831,0.9888502385877284,0.4328738451004028,-0.0280179847031831,1.0,-0.0471587814390659,-0.0280179847031831,1.0,-0.0390995442867279
Exo1,0.0043463441543281,0.04641580209136,3.447216749191284,0.0905628177070489,2.18072509765625,3.447216749191284,1.026463956120489e-05,4.813544750213623,3.447216749191284,2.4087155959091343e-05,4.665153980255127
Gm38100,0.0,0.0,0.0,0.9888502385877284,0.1005259156227111,0.0,1.0,0.0,0.0,1.0,0.0
Rbm8a2,0.003327939659357,0.0084747551009058,1.352258563041687,0.9888502385877284,0.5375820994377136,1.352258563041687,0.3008169283439504,1.391860008239746,1.352258563041687,0.4159451783201763,1.230102300643921
Cep170,0.0915599465370178,0.1035841628909111,0.1868295967578888,0.3420490030519498,1.478089451789856,0.1868295967578888,0.6365268941410259,0.7352534532546997,0.1868295967578888,0.7365355639867345,0.6226341128349304
Sdccag8,0.0637948364019393,0.1586368083953857,1.38389790058136,0.0002981588078956,4.037467002868652,1.38389790058136,1.1934899714062762e-06,5.250212669372559,1.38389790058136,1.6395095333023144e-05,4.735631465911865
Akt3,0.0531903803348541,0.0235822293907403,-1.19495952129364,0.9888502385877284,-0.4200280308723449,-1.19495952129364,0.0107243739238159,-2.928149700164795,-1.19495952129364,0.0625211691069982,-2.3003334999084477
Zbtb18,0.0485663153231143,0.0005095215165056,-6.609473705291748,0.5394744377607978,-1.1615747213363647,-6.609473705291748,4.4780399325506e-09,-6.261605262756348,-6.609473705291748,7.971736530074576e-05,-4.393107891082764
Adss,0.3598871529102325,0.6745194792747498,1.1527440547943115,1.190500497583502e-17,8.886759757995605,1.1527440547943115,6.964363532610475e-21,9.92738914489746,1.1527440547943115,1.0338119001937014e-15,8.53096866607666
Catspere2,0.0,0.0,0.0,0.9888502385877284,0.1005259156227111,0.0,1.0,0.0,0.0,1.0,0.0
Desi2,0.2529956698417663,0.3849704563617706,0.7058870196342468,4.950475470222546e-06,4.965875625610352,0.7058870196342468,9.17579874838274e-06,4.814223289489746,0.7058870196342468,0.0001813320749841,4.167590141296387
Cox20,0.3701497912406921,0.5970683693885803,0.866613507270813,1.2811873335641243e-10,6.795581817626953,0.866613507270813,2.850093299222192e-12,7.412328720092773,0.866613507270813,2.861947837567821e-09,6.375432968139648
Hnrnpu,1.2905919551849363,1.3020225763320925,0.0227004438638687,0.9888502385877284,-0.4704403579235077,0.0227004438638687,0.9377470712652368,0.3059676885604858,0.0227004438638687,0.983740224200482,0.2566125094890594
Efcab2,0.0209063850343227,0.0117922089993953,-0.8327019810676575,0.9888502385877284,0.0989575311541557,-0.8327019810676575,0.3035177658324329,-1.384692907333374,-0.8327019810676575,0.4891954026840324,-1.0994068384170532
Smyd3,0.1212981864809989,0.0710977241396904,-0.8074750900268555,0.9832018781807887,-0.5914299488067627,-0.8074750900268555,0.0047241797744492,-3.200908660888672,-0.8074750900268555,0.0328917731349393,-2.571554660797119
Tfb2m,0.1114889159798622,0.0674143657088279,-0.7580393552780151,0.9888502385877284,-0.299710601568222,-0.7580393552780151,0.0107998269375417,-2.9259274005889893,-0.7580393552780151,0.0552759654776901,-2.353333711624145
Cnst,0.0519186630845069,0.0621656402945518,0.2673258781433105,0.5239234328157918,1.184801697731018,0.2673258781433105,0.5803822087846714,0.8203481435775757,0.2673258781433105,0.6854017318604152,0.6969545483589172
Sccpdh,0.0,0.0020063624251633,20.937599182128903,0.9888502385877284,0.1678170263767242,20.937599182128903,0.4679991859106411,1.0,20.937599182128903,0.5282133287683867,1.0
Ahctf1,0.2696951627731323,0.2054125219583511,-0.4410098791122436,0.9668220673802452,-0.6133872866630554,-0.4410098791122436,0.0174046624032476,-2.755277395248413,-0.4410098791122436,0.0693588402852279,-2.252021074295044
Cdc42bpa,0.0005408413126133,0.0,-19.045238494873047,0.9888502385877284,0.0673658028244972,-19.045238494873047,0.4679991859106411,-1.0,-19.045238494873047,0.6832027011037286,-0.7008072733879089
Coq8a,0.0251833666115999,0.0440472327172756,0.8202659487724304,0.6390812250183573,1.0252000093460083,0.8202659487724304,0.1499179438888833,1.8174302577972408,0.8202659487724304,0.2396167896972633,1.6092398166656494
Psen2,0.1185272783041,0.2646886110305786,1.2678747177124023,4.081306329945757e-08,5.868368148803711,1.2678747177124023,1.981366995291735e-09,6.4134521484375,1.2678747177124023,1.3111199457442068e-07,5.706798553466797
Itpkb,0.74703049659729,0.658884584903717,-0.2521139979362488,0.1004333421598939,-2.1338231563568115,-0.2521139979362488,0.0489981167077071,-2.3469231128692627,-0.2521139979362488,0.125780815763902,-1.967674136161804
Stum,0.0,0.0,0.0,0.9888502385877284,0.1005259156227111,0.0,1.0,0.0,0.0,1.0,0.0
Parp1,0.2043748050928115,0.227126806974411,0.1692825853824615,0.0805339535563035,2.233079433441162,0.1692825853824615,0.4683991100655117,0.998472273349762,0.1692825853824615,0.6227365560803638,0.8399739861488342
Lin9,0.1041518822312355,0.0905621126294136,-0.2116713374853134,0.7312523201491311,0.9021939039230348,-0.2116713374853134,0.5718724279702873,-0.8329821228981018,-0.2116713374853134,0.6923072708136871,-0.6875962018966675
Acbd3,0.2761397361755371,0.2631715834140777,-0.0791693702340126,0.8279495871866168,0.7862082123756409,-0.0791693702340126,0.7989223123539504,-0.5030957460403442,-0.0791693702340126,0.8752202872044645,-0.42116779088974
H3f3a,2.4432733058929443,2.4534919261932373,0.016137583181262,0.9888502385877284,0.4569223821163177,0.016137583181262,0.8396257775560874,0.4446977972984314,0.016137583181262,0.906084329940621,0.3754413723945617
Sde2,0.2177131921052932,0.2168909758329391,-0.0060733254067599,0.3370514497406126,1.487499713897705,-0.0060733254067599,1.0,-0.0365736000239849,-0.0060733254067599,1.0,-0.0304090678691864
Pycr2,0.2906243503093719,0.2838160693645477,-0.039345096796751,0.7028940114690971,0.9420009851455688,-0.039345096796751,0.961193761136132,-0.2712123990058899,-0.039345096796751,1.0,-0.2259466350078582
Lefty1,0.0076628173701465,0.0007112665334716,-3.4344289302825928,0.9888502385877284,-0.0648265182971954,-3.4344289302825928,0.0504129344255787,-2.334313154220581,-3.4344289302825928,0.2207510692840718,-1.660177230834961
Tmem63a,0.0739646255970001,0.0730679482221603,-0.0182516928762197,0.6928524818858871,0.9542493224143982,-0.0182516928762197,1.0,-0.0642234832048416,-0.0182516928762197,1.0,-0.0535799153149127
Ephx1,0.0647883936762809,0.0828975066542625,0.3688168823719024,0.4758620638398024,1.2547067403793335,0.3688168823719024,0.401196297899919,1.1853686571121216,0.3688168823719024,0.5282133287683867,1.0220366716384888
Nvl,0.2120075821876526,0.1948471218347549,-0.1345713287591934,0.9141105776748368,0.6810518503189087,-0.1345713287591934,0.6189982787181416,-0.7615966200828552,-0.1345713287591934,0.7276601604023567,-0.6366103887557983
Cnih4,0.150959700345993,0.3146083652973175,1.182016372680664,1.4468739529958348e-08,6.046043872833252,1.182016372680664,1.8218080005485172e-10,6.799307346343994,1.182016372680664,2.108304407544576e-08,6.0345778465271
Wdr26,0.3963066041469574,0.705034613609314,1.074105978012085,3.740589547985211e-17,8.755986213684082,1.074105978012085,3.5874959263468123e-19,9.475622177124023,1.074105978012085,1.865245989069768e-14,8.15285587310791
Dnah14,0.0021015643142163,0.0,-21.004549026489254,0.9888502385877284,0.0342056974768638,-21.004549026489254,0.2942789202292576,-1.4149280786514282,-21.004549026489254,0.5299909986835808,-0.9915918707847596
Lbr,0.6138828992843628,0.6284308433532715,0.0453642532229423,0.9888502385877284,0.1601244807243347,0.0453642532229423,0.8404229698891672,0.4436545372009277,0.0453642532229423,0.9105778906069268,0.3691284656524658
Enah,0.0092709707096219,0.0019233509665355,-2.2744028568267822,0.9888502385877284,-0.0313676707446575,-2.2744028568267822,0.0961268340345578,-2.0425984859466557,-2.2744028568267822,0.2873510499378114,-1.49585223197937
Srp9,0.979459285736084,1.3594706058502195,0.7993285059928894,2.0985715845951608e-24,10.505928993225098,0.7993285059928894,6.3723071157736885e-27,11.343374252319336,0.7993285059928894,1.076174102998617e-18,9.392919540405272
Degs1,0.2319070398807525,0.5383021235466003,1.450032353401184,1.9454077278144507e-21,9.828685760498049,1.450032353401184,3.2567751851339656e-24,10.808446884155272,1.450032353401184,3.9831099391002444e-19,9.500463485717772
Fbxo28,0.1681489497423172,0.1526617556810379,-0.1508712619543075,0.7206866639041561,0.9175043106079102,-0.1508712619543075,0.6179367695843294,-0.7632290720939636,-0.1508712619543075,0.728977087351847,-0.6341550946235657
Trp53bp2,0.066558837890625,0.040212832391262,-0.746147871017456,0.9888502385877284,-0.204188585281372,-0.746147871017456,0.06071182033143,-2.252601861953736,-0.746147871017456,0.17016520360617,-1.809683322906494
Capn2,0.0800540372729301,0.2955891191959381,2.0448861122131348,9.582927515140185e-14,7.795836925506592,2.0448861122131348,2.2110009623198685e-18,9.358064651489258,2.0448861122131348,4.76864917684476e-16,8.66468620300293
Susd4,0.0,0.0,0.0,0.9888502385877284,0.1005259156227111,0.0,1.0,0.0,0.0,1.0,0.0
Disp1,0.0236489027738571,0.0308460891246795,0.3885295987129211,0.90159389058754,0.6944951415061951,0.3885295987129211,0.601875128733262,0.7871666550636292,0.3885295987129211,0.6989138961689663,0.6781483292579651
Brox,0.0883764177560806,0.1535570472478866,0.8450069427490234,0.0037710887440728,3.3381175994873047,0.8450069427490234,0.0014392577071017,3.5638315677642822,0.8450069427490234,0.0070295762142938,3.125378370285034
Aida,0.1458945721387863,0.2619096934795379,0.9306721687316896,3.2659236475725924e-06,5.050418853759766,0.9306721687316896,3.1148158051161183e-06,5.0461931228637695,0.9306721687316896,6.60822613667375e-05,4.414421081542969
Mia3,0.3794863820075989,0.3871422410011291,0.0346900001168251,0.705313169748123,0.9375945925712584,0.0346900001168251,0.9665026347285548,0.263752669095993,0.0346900001168251,1.0,0.220590204000473
Taf1a,0.0355062894523143,0.0241823196411132,-0.5623311996459961,0.9888502385877284,0.2424272745847702,-0.5623311996459961,0.3381141395981188,-1.3098105192184448,-0.5623311996459961,0.5194804282598695,-1.0500844717025757
Hhipl2,0.0010003033094108,0.0,-19.932729721069336,0.9888502385877284,0.0673658028244972,-19.932729721069336,0.4679991859106411,-1.0,-19.932729721069336,0.6832027011037286,-0.7008072733879089
Dusp10,0.271062970161438,0.180363729596138,-0.6556037068367004,0.443018808418137,-1.3073596954345703,-0.6556037068367004,0.0003489631495252,-3.946754217147827,-0.6556037068367004,0.0056342811271037,-3.198704957962036
1700056E22Rik,0.0585421659052372,0.0570049583911895,-0.0395082384347915,0.9403771777650356,0.6470702290534973,-0.0395082384347915,1.0,-0.1246835142374038,-0.0395082384347915,1.0,-0.1045461148023605
Hlx,0.0,0.0,0.0,0.9888502385877284,0.1005259156227111,0.0,1.0,0.0,0.0,1.0,0.0
Marc1,0.0,0.0,0.0,0.9888502385877284,0.1005259156227111,0.0,1.0,0.0,0.0,1.0,0.0
Marc2,0.6299262642860413,0.7067475914955139,0.2275541871786117,0.2155101098828961,1.7476272583007812,0.2275541871786117,0.0565256597509463,2.2846291065216064,0.2275541871786117,0.1405806982661479,1.9092870950698853
Rab3gap2,0.056689016520977,0.0705132484436035,0.3249028325080871,0.5011146141489825,1.216990947723389,0.3249028325080871,0.4679991859106411,1.0363616943359375,0.3249028325080871,0.5933562676790811,0.886693000793457
Iars2,0.1307647377252578,0.1685413867235183,0.3940588533878326,0.0249202137457033,2.707926034927368,0.3940588533878326,0.1134445415126848,1.9610481262207031,0.3940588533878326,0.2176510018552758,1.6667534112930298
Bpnt1,0.0583881810307502,0.0652720481157302,0.1658058762550354,0.4550931362441119,1.2884644269943235,0.1658058762550354,0.7763973211428287,0.5349615812301636,0.1658058762550354,0.8543056021270542,0.4515457153320312
Eprs,0.5126780867576599,0.5150886178016663,0.008654722943902,0.9888502385877284,0.1625890880823135,0.008654722943902,1.0,0.0734232887625694,0.008654722943902,1.0,0.0619103983044624
Lyplal1,0.0003030791413038,0.0,-18.20955848693848,0.9888502385877284,0.0673658028244972,-18.20955848693848,0.4679991859106411,-1.0,-18.20955848693848,0.6832027011037286,-0.7008072733879089
Tgfb2,0.0,0.0,0.0,0.9888502385877284,0.1005259156227111,0.0,1.0,0.0,0.0,1.0,0.0
Rrp15,0.1946212649345398,0.1828350275754928,-0.0988963544368743,0.7109516071171805,0.9302007555961608,-0.0988963544368743,0.7678895878308526,-0.5474314093589783,-0.0988963544368743,0.8506251892283891,-0.4570219814777374
Spata17,0.0,0.0,0.0,0.9888502385877284,0.1005259156227111,0.0,1.0,0.0,0.0,1.0,0.0
Gpatch2,0.1463744044303894,0.1343186944723129,-0.1329025328159332,0.896181632571978,0.7019636631011963,-0.1329025328159332,0.7236335415046917,-0.6097815632820129,-0.1329025328159332,0.8147665876056536,-0.5091879367828369
Kctd3,0.0499866604804992,0.0602177083492279,0.2760924100875854,0.5751538682195138,1.1113864183425903,0.2760924100875854,0.5914000784695173,0.8031624555587769,0.2760924100875854,0.6935455134849463,0.685441255569458
Cenpf,0.0231606047600507,0.0691571235656738,1.6116396188735962,0.2181626074524069,1.7409056425094604,1.6116396188735962,0.0020069100465248,3.470492124557495,1.6116396188735962,0.0056571239148674,3.1975667476654053
Ptpn14,0.0047309147194027,0.0,-22.177101135253903,0.9888502385877284,-0.0321145206689834,-22.177101135253903,0.1046799651819584,-2.0024588108062744,-22.177101135253903,0.3285710803696844,-1.4033377170562744
Smyd2,0.0350643508136272,0.0577265471220016,0.735703706741333,0.1222370621920763,2.0411391258239746,0.735703706741333,0.0836139725082391,2.108675003051758,0.735703706741333,0.1651083799129821,1.825824499130249
Rps6kc1,0.0124417068436741,0.0157291777431964,0.3406356871128082,0.9888502385877284,0.368794173002243,0.3406356871128082,0.795784382247781,0.5079092979431152,0.3406356871128082,0.8605969940721498,0.442451536655426
Angel2,0.2749093174934387,0.3197879791259765,0.2521352171897888,0.0199382946955356,2.790303468704224,0.2521352171897888,0.1788545316138345,1.7156147956848145,0.2521352171897888,0.3119022229995254,1.4401649236679075
Vash2,0.0020359538029879,0.0,-20.958742141723636,0.9888502385877284,0.0342056974768638,-20.958742141723636,0.2942789202292576,-1.413265347480774,-20.958742141723636,0.5299909986835808,-0.9904266595840454
Flvcr1,0.0451881550252437,0.0577003695070743,0.3617388308048248,0.504911178005835,1.210642695426941,0.3617388308048248,0.4679991859106411,1.032150149345398,0.3617388308048248,0.5943352854741615,0.8841806650161743
Spata45,0.0,0.0,0.0,0.9888502385877284,0.1005259156227111,0.0,1.0,0.0,0.0,1.0,0.0
Tatdn3,0.0227556750178337,0.0227208454161882,-0.0022350309882313,0.9888502385877284,0.4938167333602905,-0.0022350309882313,1.0,-0.0043100058101117,-0.0022350309882313,1.0,-0.0036292732693254
Nsl1,0.0058781374245882,0.0247360877692699,2.0868239402771,0.4651812057892418,1.2730792760849,2.0868239402771,0.0085206176510108,3.0122218132019043,2.0868239402771,0.0196815410581416,2.7684812545776367
Batf3,0.003256635274738,0.0014572162181138,-1.1614651679992676,0.9888502385877284,0.0681126564741134,-1.1614651679992676,0.6223634892378522,-0.7563983798027039,-1.1614651679992676,0.7592348234019212,-0.5893294215202332
Fam71a,0.0,0.0,0.0,0.9888502385877284,0.1005259156227111,0.0,1.0,0.0,0.0,1.0,0.0
Atf3,0.0010863555362448,0.0023699139710515,1.1262638568878174,0.9888502385877284,0.201798677444458,1.1262638568878174,0.7065687269964425,0.6340334415435791,1.1262638568878174,0.7820029144662678,0.5564344525337219
Nenf,0.0574181377887725,0.1364759802818298,1.3070182800292969,0.0003872904294236,3.971445798873901,1.3070182800292969,6.597699489386904e-06,4.8916497230529785,1.3070182800292969,8.010836974588984e-05,4.368393898010254
Pacc1,0.0221843775361776,0.0181136615574359,-0.2954121232032776,0.9888502385877284,0.1667714416980743,-0.2954121232032776,0.7749202246001513,-0.5370478630065918,-0.2954121232032776,0.856630427575373,-0.4480465352535248
Ppp2r5a,0.7997952103614807,0.6593189239501953,-0.3921989798545837,7.555348754192546e-05,-4.371159553527832,-0.3921989798545837,0.0002114475453051,-4.076788425445557,-0.3921989798545837,0.0032835395529121,-3.367853879928589
Dtl,0.0496824160218238,0.2485735416412353,2.4698994159698486,5.544556773827534e-12,7.2497406005859375,2.4698994159698486,5.46923374109067e-18,9.266641616821287,2.4698994159698486,4.1217114335919993e-16,8.699899673461914
Ints7,0.0839115381240844,0.1762116700410843,1.1383914947509766,1.7316363668254187e-05,4.704777240753174,1.1383914947509766,2.5327332462486648e-06,5.091064929962158,1.1383914947509766,4.682080044276838e-05,4.496397495269775
Lpgat1,0.0765432491898536,0.3179126977920532,2.2341132164001465,2.8402174850873864e-16,8.518487930297852,2.2341132164001465,4.095078177117995e-21,10.122753143310549,2.2341132164001465,1.2241147979889093e-18,9.415291786193848
Nek2,0.0095542063936591,0.0197044890373945,1.0516560077667236,0.7588339601546974,0.8690338134765625,1.0516560077667236,0.2081028188953654,1.6269358396530151,1.0516560077667236,0.3119022229995254,1.440157413482666
Slc30a1,0.0310775134712457,0.0334348194301128,0.1071898713707923,0.9888502385877284,0.4845558106899261,0.1071898713707923,0.9774381543243296,0.2484084963798523,0.1071898713707923,1.0,0.210674837231636
Rd3,0.0009876359254121,0.0051816925406455,2.3943979740142822,0.9888502385877284,0.2693138420581817,2.3943979740142822,0.352184783732657,1.2815989255905151,2.3943979740142822,0.419060902888081,1.225095272064209
Traf5,0.1989503800868988,0.3167868554592132,0.7597536444664001,6.240207307879467e-06,4.918525218963623,0.7597536444664001,1.4737298240913915e-05,4.709924697875977,0.7597536444664001,0.0002604582027543,4.075819969177246
Rcor3,0.0657102614641189,0.0827058479189872,0.3442820608615875,0.3995262359955127,1.3771153688430786,0.3442820608615875,0.4066366233513662,1.176034688949585,0.3442820608615875,0.5282133287683867,1.0056904554367063
Hhat,0.00787297450006,0.0397846028208732,2.360340118408203,0.2463037476142699,1.6730917692184448,2.360340118408203,0.0006361822784513,3.80078649520874,2.360340118408203,0.001671726578599,3.5726959705352783
Syt14,0.0,0.0014636729611083,20.48221778869629,0.9888502385877284,0.1678170263767242,20.48221778869629,0.4679991859106411,1.0,20.48221778869629,0.5282133287683867,1.0
Utp25,0.1032466813921928,0.0485626421868801,-1.128121852874756,0.705505033170372,-0.9372211694717408,-1.128121852874756,0.0002750984804882,-4.007524490356445,-1.128121852874756,0.0062861058129684,-3.1635549068450928
Irf6,0.0135831581428647,0.0005095215165056,-4.745970726013184,0.9888502385877284,-0.1312960982322693,-4.745970726013184,0.0034327772107414,-3.302607297897339,-4.745970726013184,0.0595882195872081,-2.3243095874786377
A130010J15Rik,0.0727412477135658,0.015009687282145,-2.318828821182251,0.4903581788589002,-1.2330482006072998,-2.318828821182251,9.958212345049023e-08,-5.70006275177002,-2.318828821182251,0.0001474939065899,-4.231931209564209
Traf3ip3,0.6542975306510925,0.6993157267570496,0.1321062594652176,0.7612454309006002,0.8658223748207092,0.1321062594652176,0.3380052976081543,1.3102184534072876,0.1321062594652176,0.4890488549503415,1.099625825881958
Lamb3,0.1141151040792465,0.2804172039031982,1.420987844467163,1.201067569664071e-07,5.679116725921631,1.420987844467163,2.7735809254119834e-10,6.744708061218262,1.420987844467163,1.2890801587089905e-08,6.124524593353272
Hsd11b1,0.4407876133918762,0.982178270816803,1.5923010110855105,2.90007421304716e-39,13.38876724243164,1.5923010110855105,2.15793713840153e-46,15.49554443359375,1.5923010110855105,6.750683453613169e-36,13.415358543395996
G0s2,0.0844811201095581,0.0472339689731597,-0.8659674525260925,0.9888502385877284,-0.5853804349899292,-0.8659674525260925,0.0202390971804185,-2.699497699737549,-0.8659674525260925,0.0799302889175325,-2.1872494220733643
Cd34,0.0010237579699605,0.0,-19.966182708740234,0.9888502385877284,0.0673658028244972,-19.966182708740234,0.4679991859106411,-1.0,-19.966182708740234,0.6832027011037286,-0.7008072733879089
Cd46,0.0328361168503761,0.0290072374045848,-0.1816468834877014,0.9888502385877284,0.188803493976593,-0.1816468834877014,0.8679434927049443,-0.4056815505027771,-0.1816468834877014,0.9299823893045204,-0.3398826718330383
Cr1l,0.4307040572166443,0.6389766335487366,0.7326297760009766,2.1703981978243735e-08,5.977408409118652,0.7326297760009766,4.5650777281231136e-10,6.6297807693481445,0.7326297760009766,2.588445430031257e-07,5.578520774841309
Cr2,0.0067551215179264,0.0022688661701977,-1.577248215675354,0.9888502385877284,-0.0311436150223016,-1.577248215675354,0.3655500957357024,-1.2541424036026,-1.577248215675354,0.5306493040455239,-0.985562264919281
Fam171a1,0.0,0.0,0.0,0.9888502385877284,0.1005259156227111,0.0,1.0,0.0,0.0,1.0,0.0
Nmt2,0.0979136228561401,0.1162874549627304,0.2616044878959656,0.0937858974678229,2.16511607170105,0.2616044878959656,0.4460235349118818,1.1091132164001465,0.2616044878959656,0.5607445136442035,0.9361125826835632
Rpp38,0.0551036559045314,0.0167596191167831,-1.7449835538864136,0.9276601557088724,-0.6619325280189514,-1.7449835538864136,0.00014782462849,-4.164130210876465,-1.7449835538864136,0.0067464114856186,-3.143498182296753
Acbd7,0.0,0.0,0.0,0.9888502385877284,0.1005259156227111,0.0,1.0,0.0,0.0,1.0,0.0
Meig1,0.0,0.0,0.0,0.9888502385877284,0.1005259156227111,0.0,1.0,0.0,0.0,1.0,0.0
Dclre1c,0.0728591382503509,0.0766545385122299,0.0760331004858017,0.5618144532711999,1.12908673286438,0.0760331004858017,0.9682035915692924,0.2616012096405029,0.0760331004858017,1.0,0.2203079611063003
Suv39h2,0.0070093846879899,0.0203954558819532,1.5505660772323608,0.7039404029352312,0.939387023448944,1.5505660772323608,0.0737676613418871,2.166765689849853,1.5505660772323608,0.1249410775270181,1.9715027809143064
Hspa14,0.3050703108310699,0.4304046034812927,0.5924895405769348,0.0001430509395867,4.22059440612793,0.5924895405769348,4.3754807680318726e-05,4.461933135986328,0.5924895405769348,0.0006793311135095,3.8221259117126474
Gm45902,0.0125476652756333,0.0657661035656929,2.428564548492432,0.0330629785381948,2.602022886276245,2.428564548492432,1.2645940680688532e-05,4.761167049407959,2.428564548492432,4.814770162724012e-05,4.498111248016357
Cdnf,0.0021332863252609,0.0027844340074807,0.3847762644290924,0.9888502385877284,0.1684892028570175,0.3847762644290924,0.9676345736881674,0.2622962892055511,0.3847762644290924,1.0,0.2229484319686889
Fam107b,0.5147116184234619,0.9238213896751404,1.1740119457244873,2.0161366024585848e-23,10.286429405212402,1.1740119457244873,1.7336671179901415e-30,12.19558334350586,1.1740119457244873,1.6302517656026467e-22,10.381665229797363
Frmd4a,0.0473148375749588,0.0546173974871635,0.2123802900314331,0.6956405442714039,0.9508885145187378,0.2123802900314331,0.7415134474438841,0.5850551128387451,0.2123802900314331,0.8219474564231218,0.4989387989044189
Prpf18,0.1467652916908264,0.2850564420223236,1.0610793828964231,2.3659598771508974e-07,5.557156085968018,1.0610793828964231,3.8951415817458745e-08,5.893165111541748,1.0610793828964231,1.9497991046652576e-06,5.182591915130615
Bend7,0.0,0.0034096590243279,21.703657150268555,0.9888502385877284,0.3023992776870727,21.703657150268555,0.1875827642990615,1.6883316040039062,21.703657150268555,0.2103549751752347,1.6883316040039062
Sephs1,0.0789821222424507,0.1235792785882949,0.6785519123077393,0.0241278760998371,2.720398426055908,0.6785519123077393,0.0224681759616873,2.6618027687072754,0.6785519123077393,0.0600840931234542,2.316598653793335
Phyh,0.1121221259236335,0.106725737452507,-0.0751264616847038,0.6252725497079451,1.044244647026062,-0.0751264616847038,0.928996733821066,-0.3173443675041199,-0.0751264616847038,0.9785647554666934,-0.2644564807415008
Mcm10,0.0059009785763919,0.0608343556523323,3.4057064056396484,0.0202390656343824,2.7847769260406494,3.4057064056396484,3.6181696934422636e-07,5.508315563201904,3.4057064056396484,1.0429591281005049e-06,5.333518505096436
Optn,0.0034383595921099,0.001510783098638,-1.187814474105835,0.9888502385877284,0.1351797133684158,-1.187814474105835,0.5670130941217899,-0.8403772115707397,-1.187814474105835,0.7318014383573794,-0.6295321583747864
Camk1d,0.1304911226034164,0.1407403498888015,0.116644762456417,0.4623538872616102,1.2780084609985352,0.116644762456417,0.7775091593857817,0.5335841178894043,0.116644762456417,0.8534757195831293,0.4529362320899963
Cdc123,0.2167433053255081,0.3287408947944641,0.6854203939437866,2.8357372323657443e-05,4.5961103439331055,0.6854203939437866,5.393815476667449e-05,4.413834095001221,0.6854203939437866,0.0007462652280824,3.79624342918396
Nudt5,0.2013216167688369,0.2816677093505859,0.5447796583175659,0.000463764163834,3.925365209579468,0.5447796583175659,0.002694189835407,3.3771989345550537,0.5447796583175659,0.0141405683612137,2.887340784072876
Gm13199,0.00499027967453,0.0032760477624833,-0.6084015369415283,0.9888502385877284,0.1018702387809753,-0.6084015369415283,0.7998727024414903,-0.5018717050552368,-0.6084015369415283,0.8885555536259815,-0.4017435610294342
Sec61a2,0.050578910857439,0.0595962330698967,0.243249624967575,0.6813140121739427,0.9700078368186952,0.243249624967575,0.6465539964763944,0.720665454864502,0.243249624967575,0.7415072811699759,0.6155312657356262
Dhtkd1,0.0,0.0,0.0,0.9888502385877284,0.1005259156227111,0.0,1.0,0.0,0.0,1.0,0.0
Upf2,0.2462116926908493,0.198268249630928,-0.3483093976974487,0.9919408540382558,-0.0251688212156295,-0.3483093976974487,0.0952323100428986,-2.0473358631134038,-0.3483093976974487,0.2097558213566182,-1.6883585453033447
Echdc3,0.0,0.0,0.0,0.9888502385877284,0.1005259156227111,0.0,1.0,0.0,0.0,1.0,0.0
AL845275.1,0.0,0.0,0.0,0.9888502385877284,0.1005259156227111,0.0,1.0,0.0,0.0,1.0,0.0
Usp6nl,0.0406298674643039,0.0352390669286251,-0.2092783600091934,0.9888502385877284,0.3975478708744049,-0.2092783600091934,0.7741005860293099,-0.5383334755897522,-0.2092783600091934,0.8587641841331071,-0.4451364576816559
Celf2,1.1097482442855835,1.3615504503250122,0.5131340622901917,1.9787472455014077e-07,5.589419841766357,0.5131340622901917,5.9543177944280185e-12,7.281547546386719,0.5131340622901917,3.139529899123574e-08,5.967288494110107
Gata3,0.1731170117855072,0.2097701728343963,0.3043448030948639,0.0404346413099503,2.523454427719116,0.3043448030948639,0.2088438068629945,1.6243716478347778,0.3043448030948639,0.3354155352068739,1.383647084236145
9230102O04Rik,0.0,0.0009990700054913,19.93094825744629,0.9888502385877284,0.1678170263767242,19.93094825744629,0.4679991859106411,1.0,19.93094825744629,0.5282133287683867,1.0
Taf3,0.2728436887264251,0.2431246042251587,-0.1887374520301818,0.8492203778974218,0.7589482069015503,-0.1887374520301818,0.4090077135465846,-1.1717541217803955,-0.1887374520301818,0.5404792310652637,-0.9674956798553468
Atp5c1,1.1302052736282349,1.645838975906372,0.9975114464759828,7.1413107128953825e-43,13.99752426147461,0.9975114464759828,5.14229542389024e-50,15.872872352600098,0.9975114464759828,6.6395820104366e-33,12.854608535766602
Kin,0.2021699696779251,0.2408420741558075,0.2814435958862304,0.0367641731898922,2.5604233741760254,0.2814435958862304,0.2007912428078775,1.6470143795013428,0.2814435958862304,0.3313016415684305,1.3935346603393557
Itih5,0.0079587157815694,0.2357390969991684,5.056155681610107,4.2249923641755253e-16,8.471660614013672,5.056155681610107,1.663568970331588e-27,11.934127807617188,5.056155681610107,7.33770861514112e-27,11.754941940307615
Sfmbt2,0.0513360202312469,0.0043960674665868,-3.579703092575073,0.5125763756292714,-1.199738621711731,-3.579703092575073,3.907050194208202e-08,-5.875051498413086,-3.579703092575073,0.0001512317763707,-4.230309009552002
Prkcq,0.8634689450263977,0.7935984134674072,-0.1790175884962082,0.0517852324394222,-2.4230778217315674,-0.1790175884962082,0.123734283427367,-1.9174811840057373,-0.1790175884962082,0.2420829211274978,-1.6033639907836914
Pfkfb3,0.0350293554365634,0.0704989284276962,1.034847617149353,0.1142617590827122,2.0729548931121826,1.034847617149353,0.0122100764789231,2.886061906814575,1.034847617149353,0.0333267989228113,2.5655887126922607
Rbm17,0.3095923662185669,0.4228186905384063,0.5363185405731201,0.000291526944759,4.043367385864258,0.5363185405731201,0.0002369166582157,4.050442218780518,0.5363185405731201,0.0025342213400213,3.445512533187866
Il2ra,0.0148451151326298,0.1239697486162185,3.141555070877075,6.662037417890288e-05,4.401033401489258,3.141555070877075,2.8533102122479584e-11,7.140673637390137,3.141555070877075,2.1569326939351549e-10,6.839170455932617
Il15ra,0.0555496849119663,0.1183467283844947,1.1371240615844729,0.0053647813228978,3.2298991680145264,1.1371240615844729,0.0003130154876274,3.983591318130493,1.1371240615844729,0.0017853890298471,3.5497348308563232
Fbh1,0.0668491944670677,0.0832009389996528,0.3276326954364776,0.274412623881856,1.6109539270401,0.3276326954364776,0.4181641376453381,1.156291127204895,0.3276326954364776,0.5322708601742899,0.9817835688591005
Ankrd16,0.1142753437161445,0.130305677652359,0.2011848092079162,0.2581838011172171,1.6475495100021362,0.2011848092079162,0.5447918188271701,0.8747150897979736,0.2011848092079162,0.6832027011037286,0.7447872161865234
Mindy3,0.162049725651741,0.4832151234149933,1.8203314542770384,8.859833504694722e-26,10.804818153381348,1.8203314542770384,1.5222138277610882e-27,11.66362762451172,1.8203314542770384,7.503387389021107e-23,10.483478546142578
Pter,0.0010899408953264,0.0,-20.05660629272461,0.9888502385877284,0.0673658028244972,-20.05660629272461,0.4679991859106411,-1.0,-20.05660629272461,0.6832027011037286,-0.7008072733879089
C1ql3,0.0,0.0,0.0,0.9888502385877284,0.1005259156227111,0.0,1.0,0.0,0.0,1.0,0.0
Rsu1,0.1857678443193435,0.1825802773237228,-0.0273394398391246,0.5020930149884174,1.2155718803405762,-0.0273394398391246,1.0,-0.146778404712677,-0.0273394398391246,1.0,-0.1234144195914268
Trdmt1,0.0294911731034517,0.022723676636815,-0.3809898197650909,0.9888502385877284,0.1895503401756286,-0.3809898197650909,0.5869095437687154,-0.8100746273994446,-0.3809898197650909,0.7054297593890987,-0.6681144833564758
Vim,0.905791401863098,2.5537753105163574,3.007862091064453,4.911640797598015e-155,26.74848175048828,3.007862091064453,3.575592223116274e-214,41.12746810913086,3.007862091064453,2.0424123170702504e-163,34.676177978515625
St8sia6,0.0053689475171267,0.0015084893675521,-1.834320425987244,0.9994412017932364,0.0017924382118508,-1.834320425987244,0.3450012355583977,-1.2957606315612793,-1.834320425987244,0.5365500891378605,-0.9738172888755798
Hacd1,0.0065413545817136,0.0,-22.6458797454834,0.9888502385877284,-0.0984347313642501,-22.6458797454834,0.0538648966846759,-2.306321859359741,-22.6458797454834,0.2375346449008457,-1.616287112236023
Stam,0.0711570605635643,0.0450888760387897,-0.6772217750549316,0.9888502385877284,0.1120273917913436,-0.6772217750549316,0.0839089876574941,-2.1059505939483643,-0.6772217750549316,0.2096306998302656,-1.6889700889587402
Tmem236,0.0010035001905635,0.0,-19.937334060668945,0.9888502385877284,0.0673658028244972,-19.937334060668945,0.4679991859106411,-1.0,-19.937334060668945,0.6832027011037286,-0.7008072733879089
Mrc1,0.0,0.001791916671209,20.77436637878418,0.9888502385877284,0.1678170263767242,20.77436637878418,0.4679991859106411,1.0,20.77436637878418,0.5282133287683867,1.0
Nsun6,0.0759199559688568,0.0815050303936004,0.1064916551113128,0.3501732181705398,1.4630777835845947,0.1064916551113128,0.8837236831230135,0.3832718431949615,0.1064916551113128,0.9423787438261974,0.3198810517787933
Arl5b,0.0507913567125797,0.1010840758681297,1.0296385288238523,0.050291749224078,2.435624837875366,1.0296385288238523,0.0031753748605483,3.3297064304351807,1.0296385288238523,0.0109592641969819,2.976261615753174
Plxdc2,0.0077238054946064,0.0175014808773994,1.1871609687805176,0.9213187170541868,0.6714174747467041,1.1871609687805176,0.2106654827369334,1.6197997331619265,1.1871609687805176,0.3092024313681732,1.4465553760528564
Nebl,0.0034863816108554,0.0201079044491052,2.539973497390747,0.7549915756700758,0.8733655214309692,2.539973497390747,0.0224762704135802,2.665066957473755,2.539973497390747,0.0363878131810478,2.532184839248657
A930004D18Rik,0.0,0.0025196790229529,21.266626358032227,0.9888502385877284,0.2351081520318985,21.266626358032227,0.3052761156705577,1.381596565246582,21.266626358032227,0.337143510273299,1.381596565246582
Skida1,0.0,0.0032693515531718,21.642932891845703,0.9888502385877284,0.2351081520318985,21.642932891845703,0.2945239034950411,1.4103405475616455,21.642932891845703,0.3258054395810877,1.4103405475616455
Mllt10,0.3416997194290161,0.3016289174556732,-0.2104062438011169,0.9888502385877284,-0.2339131981134414,-0.2104062438011169,0.2836296755507129,-1.442171335220337,-0.2104062438011169,0.4270219936596545,-1.2063591480255127
Dnajc1,0.3542504012584686,0.7204203605651855,1.3117341995239258,1.340356508002077e-21,9.866775512695312,1.3117341995239258,1.0860584999370682e-25,11.149290084838867,1.3117341995239258,5.98970046575233e-20,9.718338966369627
Commd3,0.3589594662189483,0.6591851711273193,1.111719250679016,1.1678141769044442e-16,8.623644828796387,1.111719250679016,1.0059627570742716e-20,9.883940696716309,1.111719250679016,1.5399839898836934e-15,8.48005485534668
Bmi1,0.0856366828083992,0.1366297155618667,0.7114353179931641,0.0080847968177429,3.100245952606201,0.7114353179931641,0.009110753113218,2.986909866333008,0.7114353179931641,0.0311903364242571,2.5913281440734863
Spag6,0.0,0.0,0.0,0.9888502385877284,0.1005259156227111,0.0,1.0,0.0,0.0,1.0,0.0
Pip4k2a,0.2977775931358337,0.311580091714859,0.0758288651704788,0.3121666120844813,1.5332815647125244,0.0758288651704788,0.7825892576050183,0.5263447165489197,0.0758288651704788,0.8605685997085543,0.4426485598087311
Armc3,0.0482005439698696,0.1630620956420898,1.8426135778427124,3.699824056991037e-05,4.535989284515381,1.8426135778427124,3.7902615529672286e-09,6.322684288024902,1.8426135778427124,6.389915579881553e-08,5.846574306488037
Msrb2,0.0565562918782234,0.0253150202333927,-1.1823835372924805,0.9888502385877284,-0.3770095109939575,-1.1823835372924805,0.0059929802960985,-3.122417449951172,-1.1823835372924805,0.0449849023882499,-2.4423482418060303
Otud1,0.0607129372656345,0.0159302502870559,-1.9627450704574585,0.7148827646264861,-0.9240766167640686,-1.9627450704574585,2.0941798317087375e-05,-4.621993064880371,-1.9627450704574585,0.0022844663068561,-3.4833595752716064
Arhgap21,0.0100402943789958,0.0124619929119944,0.3134832084178924,0.9888502385877284,0.5348934531211853,0.3134832084178924,0.8220616939231677,0.4701967537403106,0.3134832084178924,0.8953183629265591,0.3915326297283172
Enkur,0.0022263941355049,0.0,-21.0878849029541,0.9888502385877284,0.0342056974768638,-21.0878849029541,0.2942789202292576,-1.4137983322143557,-21.0878849029541,0.5299909986835808,-0.9908000826835632
Thnsl1,0.0184850823134183,0.0046272655017673,-2.008144855499268,0.9888502385877284,-0.2304030060768127,-2.008144855499268,0.0304243368512858,-2.5409200191497803,-2.008144855499268,0.138014757349965,-1.9200255870819087
Gad2,0.0,0.0,0.0,0.9888502385877284,0.1005259156227111,0.0,1.0,0.0,0.0,1.0,0.0
Apbb1ip,0.9290855526924132,1.0376859903335571,0.2504618465900421,0.1918439802487933,1.8111841678619385,0.2504618465900421,0.0085721932743046,3.0057830810546875,0.2504618465900421,0.0377504773052659,2.514249801635742
Pdss1,0.031244808807969,0.0572670623660087,0.8929986357688904,0.0832292414211818,2.218291759490967,0.8929986357688904,0.0353199663884196,2.4827094078063965,0.8929986357688904,0.086662593888885,2.149455070495605
Abi1,0.3010582029819488,0.5097445845603943,0.920409083366394,1.1047684842728563e-10,6.81761360168457,0.920409083366394,1.3017457780660608e-11,7.19047737121582,0.920409083366394,8.086867023769067e-09,6.198570251464844
Acbd5,0.2018600106239318,0.3140435218811035,0.7220075726509094,0.0001078485720816,4.287736415863037,0.7220075726509094,0.000100723631837,4.267125129699707,0.7220075726509094,0.0009749859314267,3.723138332366944
Mastl,0.0197612289339303,0.0422903932631015,1.1139925718307495,0.3003234279643975,1.5565085411071775,1.1139925718307495,0.0400339785105288,2.4313619136810303,1.1139925718307495,0.0853633976441658,2.156196594238281
Yme1l1,0.3876244723796844,0.3899627029895782,0.0104722352698445,0.7610713327104597,0.8662704825401306,0.0104722352698445,1.0,0.0798394009470939,0.0104722352698445,1.0,0.0670659765601158
Potegl,0.0,0.0,0.0,0.9888502385877284,0.1005259156227111,0.0,1.0,0.0,0.0,1.0,0.0
Spopl,0.2501342892646789,0.2547518014907837,0.0298603624105453,0.3149646828505306,1.5281282663345337,0.0298603624105453,1.0,0.1841883063316345,0.0298603624105453,1.0,0.1544922739267349
Hnmt,0.0,0.0,0.0,0.9888502385877284,0.1005259156227111,0.0,1.0,0.0,0.0,1.0,0.0
Il1f9,0.0,0.0,0.0,0.9888502385877284,0.1005259156227111,0.0,1.0,0.0,0.0,1.0,0.0
Il1rn,0.0,0.0,0.0,0.9888502385877284,0.1005259156227111,0.0,1.0,0.0,0.0,1.0,0.0
Psd4,0.188622698187828,0.2103926539421081,0.1738065779209137,0.1682598246069341,1.880641222000122,0.1738065779209137,0.4803771361066681,0.9791356921195984,0.1738065779209137,0.6306040145689246,0.8275034427642822
Pax8,0.0022751216311007,0.0,-21.11915397644043,0.9888502385877284,0.0342056974768638,-21.11915397644043,0.2942789202292576,-1.414981484413147,-21.11915397644043,0.5299909986835808,-0.9916292428970336
Cacna1b,0.0,0.0005840815720148,19.156234741210938,0.9888502385877284,0.1678170263767242,19.156234741210938,0.4679991859106411,1.0,19.156234741210938,0.5282133287683867,1.0
Ehmt1,0.2374908477067947,0.2008420377969741,-0.269212007522583,0.9888502385877284,0.2445931434631347,-0.269212007522583,0.2254489655864568,-1.5802761316299438,-0.269212007522583,0.3742539621599981,-1.3061580657958984
Arrdc1,0.1973127871751785,0.3224709033966064,0.8028727769851685,1.959261125153521e-06,5.153483867645264,0.8028727769851685,3.644794668290647e-06,5.010965347290039,0.8028727769851685,9.150797432416709e-05,4.336178302764893
Zmynd19,0.0453866384923458,0.0884711816906929,0.9943658113479614,0.0259993735654225,2.6923916339874268,0.9943658113479614,0.0039892616181243,3.258400678634644,0.9943658113479614,0.0149527184157331,2.867136001586914
Dph7,0.0632418915629386,0.0694092363119125,0.1387452781200409,0.4431831677808143,1.307060956954956,0.1387452781200409,0.824595635881579,0.466482549905777,0.1387452781200409,0.8962231497528188,0.3902897834777832
Mrpl41,0.3144265711307525,0.4514151215553283,0.626838743686676,1.263988633878612e-05,4.772516250610352,0.626838743686676,1.1853665081173763e-05,4.756158351898193,0.626838743686676,0.0002807831254297,4.056960582733154
Pnpla7,0.1544325947761535,0.0646281242370605,-1.322705864906311,0.209302077743244,-1.763908624649048,-1.322705864906311,5.827814628613765e-07,-5.365872383117676,-1.322705864906311,0.0001619834043895,-4.2017598152160645
Nsmf,0.009591999463737,0.07157614082098,2.944589853286743,0.0143162113316068,2.908380508422852,2.944589853286743,3.763407542180572e-07,5.49604082107544,2.944589853286743,1.5139115491724524e-06,5.252490043640137
Noxa1,0.0,0.0,0.0,0.9888502385877284,0.1005259156227111,0.0,1.0,0.0,0.0,1.0,0.0
Nrarp,0.0158977936953306,0.0806796997785568,2.3904852867126465,0.0123439070430641,2.9599130153656006,2.3904852867126465,9.231303054970891e-07,5.314037799835205,2.3904852867126465,4.796970791370864e-06,5.009424209594727
Tor4a,0.0482596047222614,0.0291140619665384,-0.7429994940757751,0.9897028495875584,0.0289777517318725,-0.7429994940757751,0.1249651226444761,-1.912022829055786,-0.7429994940757751,0.2755648526459295,-1.521340012550354
Nelfb,0.2444972991943359,0.2945468127727508,0.3064011633396148,0.0181602230166691,2.8249573707580566,0.3064011633396148,0.1117350174507006,1.9686106443405151,0.3064011633396148,0.2161104578222386,1.6712318658828735
Stpg3,0.0,0.0,0.0,0.9888502385877284,0.1005259156227111,0.0,1.0,0.0,0.0,1.0,0.0
Fam166a,0.0,0.0,0.0,0.9888502385877284,0.1005259156227111,0.0,1.0,0.0,0.0,1.0,0.0
Tubb4b,0.5962045192718506,0.6552934050559998,0.1833737641572952,0.5957967256188386,1.0832301378250122,0.1833737641572952,0.20626988807486,1.631325125694275,0.1833737641572952,0.3326273728413901,1.3901787996292114
Rnf208,0.0,0.0027858619578182,21.41170310974121,0.9888502385877284,0.2351081520318985,21.41170310974121,0.3205869714372679,1.347303867340088,21.41170310974121,0.3535641305728341,1.347303867340088
Ndor1,0.0011326511157676,0.0,-20.112091064453125,0.9888502385877284,0.0673658028244972,-20.112091064453125,0.4679991859106411,-1.0,-20.112091064453125,0.6832027011037286,-0.7008072733879089
Ndor1-1,0.0235599502921104,0.0183114074170589,-0.3673932552337646,0.9888502385877284,0.1947782933712005,-0.3673932552337646,0.6615946069191571,-0.6980158090591431,-0.3673932552337646,0.7695564249937468,-0.5741955637931824
Tmem203,0.1503859907388687,0.2005307525396347,0.452382355928421,0.018507052675831,2.8177876472473145,0.452382355928421,0.0462836712928906,2.3707854747772217,0.452382355928421,0.1105233253618153,2.03369402885437
Tprn,0.0286953765898942,0.0411528348922729,0.5292120575904846,0.6458311942273124,1.016835331916809,0.5292120575904846,0.3663663687149158,1.2530250549316406,0.5292120575904846,0.4978887102143348,1.0851384401321411
Ssna1,0.3177689909934997,0.5523526072502136,0.9790560603141784,1.925184952202294e-11,7.073484420776367,0.9790560603141784,6.453097719504091e-14,7.948422431945801,0.9790560603141784,1.494133095477732e-10,6.855246543884277
Anapc2,0.1123023852705955,0.1654013246297836,0.597771167755127,0.0061551278229548,3.186880588531494,0.597771167755127,0.0150643757337624,2.810022354125977,0.597771167755127,0.0472700056099843,2.419757843017578
Grin1,0.0,0.0,0.0,0.9888502385877284,0.1005259156227111,0.0,1.0,0.0,0.0,1.0,0.0
Man1b1,0.048076182603836,0.0701745748519897,0.5617236495018005,0.2436013144462847,1.6796640157699585,0.5617236495018005,0.1729358961729159,1.7403327226638794,0.5617236495018005,0.2844374908604827,1.5012644529342651
Dpp7,0.0102432798594236,0.0248420294374227,1.288666844367981,0.7577517610639374,0.8702287673950195,1.288666844367981,0.1084399216117829,1.9844242334365845,1.288666844367981,0.1747770901896209,1.7948960065841677
Uap1l1,0.0387132689356803,0.1240403950214386,1.7422953844070437,0.0005522184920606,3.88055419921875,1.7422953844070437,2.840768840584924e-07,5.536126136779785,1.7422953844070437,3.455180982404001e-06,5.070889949798584
Sapcd2,0.0020587674807757,0.0218990519642829,3.425355195999145,0.4415880232018982,1.3100483417510986,3.425355195999145,0.0009814467721099,3.682327270507813,3.425355195999145,0.0018237295045872,3.550159454345703
Entpd2,0.0,0.0,0.0,0.9888502385877284,0.1005259156227111,0.0,1.0,0.0,0.0,1.0,0.0
Npdc1,0.0019683293066918,0.0070532415993511,1.844985008239746,0.9888502385877284,0.3700638115406036,1.844985008239746,0.2942789202292576,1.4120770692825315,1.844985008239746,0.3702355510954186,1.3138477802276611
Fut7,0.0030400168616324,0.0362320132553577,3.5991344451904297,0.274016263182165,1.61199951171875,3.5991344451904297,9.68206418531722e-05,4.294023036956787,3.5991344451904297,0.0001799808083678,4.183237075805664
Abca2,0.133278802037239,0.1884891390800476,0.5409274101257324,0.005289397702202,3.234454870223999,0.5409274101257324,0.0188620721469814,2.7268686294555664,0.5409274101257324,0.055996272962454,2.347151517868042
Paxx,0.2236166447401046,0.3601278364658355,0.7907366752624512,3.507411010787757e-07,5.483442306518555,0.7907366752624512,1.2079562230806897e-06,5.23661470413208,0.7907366752624512,4.254503085097354e-05,4.518314838409424
Clic3,0.0,0.0014971751952543,20.514892578125,0.9888502385877284,0.1678170263767242,20.514892578125,0.4679991859106411,1.0,20.514892578125,0.5282133287683867,1.0
C8g,0.002193598775193,0.0023164448793977,0.0787011235952377,0.9888502385877284,0.1684892028570175,0.0787011235952377,1.0,0.0527111962437629,0.0787011235952377,1.0,0.0436378754675388
Fbxw5,0.084205150604248,0.0699559822678566,-0.2778714299201965,0.7312523201491311,0.9018951654434204,-0.2778714299201965,0.4679991859106411,-1.0231634378433228,-0.2778714299201965,0.6297258969634257,-0.82908695936203
Traf2,0.0960213094949722,0.1479312032461166,0.6617061495780945,0.0112017602665261,2.992326259613037,0.6617061495780945,0.010857525878696,2.92641282081604,0.6617061495780945,0.0354447059282828,2.5408921241760254
Edf1,0.9144449234008788,1.300484538078308,0.8368988037109375,1.4959731074055892e-22,10.087618827819824,0.8368988037109375,8.984735855398231e-28,11.527764320373535,0.8368988037109375,4.752772281062433e-19,9.493389129638672
Mamdc4,0.0066666649654507,0.0,-22.6733455657959,0.9888502385877284,-0.0984347313642501,-22.6733455657959,0.0384795050716074,-2.4471144676208496,-22.6733455657959,0.2015021667463896,-1.7149555683135986
Phpt1,0.1015625447034835,0.0486017242074012,-1.1019701957702637,0.8663751222149411,-0.7412478923797607,-1.1019701957702637,0.0002915431063038,-3.99260139465332,-1.1019701957702637,0.0067664558672062,-3.1403439044952397
Ajm1,0.0,0.0053863706998527,22.364768981933597,0.9888502385877284,0.3023992776870727,22.364768981933597,0.1772722595739621,1.723352074623108,22.364768981933597,0.1986970324214635,1.723352074623108
Rabl6,0.1760852485895156,0.1921275854110717,0.1377176195383072,0.0843042594076081,2.212615728378296,0.1377176195383072,0.6267618913788092,0.7498828768730164,0.1377176195383072,0.7318014383573794,0.6294194459915161
Tmem141,0.0428833290934562,0.0105423368513584,-2.0476551055908203,0.9888502385877284,-0.5752233266830444,-2.0476551055908203,0.0003128076529349,-3.9743597507476807,-2.0476551055908203,0.0112771008473538,-2.9702157974243164
Fcna,0.0,0.0,0.0,0.9888502385877284,0.1005259156227111,0.0,1.0,0.0,0.0,1.0,0.0
Bmyc,0.1087472066283226,0.0024732616730034,-5.535789966583252,0.0176204830084788,-2.83571195602417,-5.535789966583252,4.088117777770879e-20,-9.71721649169922,-5.535789966583252,2.7685209733542153e-10,-6.844017505645752
Camsap1,0.0692776814103126,0.0503780990839004,-0.4733630716800689,0.9888502385877284,0.1168072298169136,-0.4733630716800689,0.2627135234147645,-1.4888598918914795,-0.4733630716800689,0.4246228367999744,-1.2152822017669678
Ubac1,0.0978992730379104,0.132012739777565,0.4563860595226288,0.063497709373731,2.338011741638184,0.4563860595226288,0.1231858932498105,1.9198888540267944,0.4563860595226288,0.2233532393872864,1.6512190103530884
Nacc2,0.0259491372853517,0.0,-24.64794158935547,0.9792891977942936,-0.595836341381073,-24.64794158935547,3.14800514374618e-05,-4.538488864898682,-24.64794158935547,0.0061133884998342,-3.1806061267852783
Tmem250-ps,0.0484734922647476,0.0353613533079624,-0.4645469188690185,0.9888502385877284,0.3147222995758056,-0.4645469188690185,0.3476484157952912,-1.2899752855300903,-0.4645469188690185,0.5210191733901454,-1.0476922988891602
Qsox2,0.0282719228416681,0.0055566495284438,-2.3635144233703613,0.9888502385877284,-0.4664820730686188,-2.3635144233703613,0.0012626321100917,-3.5953917503356934,-2.3635144233703613,0.0260966403332299,-2.6644861698150635
Gpsm1,0.0305650327354669,0.0195399802178144,-0.6534392833709717,0.9912188376016144,0.0265878345817327,-0.6534392833709717,0.3327522171574443,-1.3212201595306396,-0.6534392833709717,0.5087289784416571,-1.0679787397384644
Dnlz,0.1697245389223098,0.1877878904342651,0.1593265086412429,0.1054526324014033,2.110446691513061,0.1593265086412429,0.5382609920478535,0.8845111727714539,0.1593265086412429,0.6832027011037286,0.7432839870452881
Card9,0.0120492354035377,0.0,-23.531139373779297,0.9888502385877284,-0.1979150623083114,-23.531139373779297,0.0091832232150521,-2.983642101287842,-23.531139373779297,0.09871052750044,-2.0909581184387207
Snapc4,0.0437656715512275,0.0398235656321048,-0.1390406489372253,0.9888502385877284,0.4310814142227173,-0.1390406489372253,0.8921612281303882,-0.3700365126132965,-0.1390406489372253,0.9499013106383744,-0.3085558414459228
Entr1,0.1509558409452438,0.2031192630529403,0.4669383764266968,0.0133099561856713,2.933549165725708,0.4669383764266968,0.0371714800179115,2.461199283599853,0.4669383764266968,0.093677446532369,2.112768650054932
Pmpca,0.1278212219476699,0.1688499748706817,0.4319418668746948,0.0181565636578943,2.8251068592071533,0.4319418668746948,0.0791521099065151,2.1337366104125977,0.4319418668746948,0.1655736348348737,1.8244073390960691
Inpp5e,0.0401284992694854,0.0510478168725967,0.3551587164402008,0.5753458255088474,1.1110129356384275,0.3551587164402008,0.4716722229634101,0.9929285049438475,0.3551587164402008,0.6177405778606958,0.8476332426071167
Sec16a,0.149805411696434,0.099695473909378,-0.6243877410888672,0.9888502385877284,-0.1619169265031814,-0.6243877410888672,0.0132435542024491,-2.8537144660949707,-0.6243877410888672,0.0642740946616487,-2.2881078720092773
Notch1,0.3644254207611084,0.3265193402767181,-0.187369704246521,0.9888502385877284,0.1839489787817001,-0.187369704246521,0.3164785869085751,-1.3547978401184082,-0.187369704246521,0.4769068757399822,-1.1194429397583008
Egfl7,0.0,0.0067629404366016,22.694101333618164,0.9888502385877284,0.5715637803077698,22.694101333618164,0.0308646002315764,2.542515754699707,22.694101333618164,0.0357728964230849,2.542515754699707
Agpat2,0.0661602467298507,0.1377728432416916,1.1107902526855469,0.0012878177520209,3.651420831680298,1.1107902526855469,6.583600719027919e-05,4.370843887329102,1.1107902526855469,0.0005408384389904,3.884352445602417
Dipk1b,0.0031336094252765,0.0172719843685627,2.472752094268799,0.7035982954223566,0.9402832388877868,2.472752094268799,0.0196672889961026,2.715381383895874,2.472752094268799,0.0339687845086523,2.5596981048583984
Lcn4,0.1271021217107772,0.1148587167263031,-0.1551374644041061,0.9888502385877284,0.5649167895317078,-0.1551374644041061,0.6862046243210325,-0.6636641621589661,-0.1551374644041061,0.7829796952549412,-0.5549092888832092
Surf6,0.1052387282252311,0.0486319884657859,-1.1550447940826416,0.7260852492997215,-0.9104839563369752,-1.1550447940826416,0.0002517936461287,-4.029997825622559,-1.1550447940826416,0.006190643015304,-3.1687281131744385
Med22,0.0466860271990299,0.0642261803150177,0.4729402959346771,0.2741277294200466,1.6115514039993286,0.4729402959346771,0.2823825669391637,1.4453288316726685,0.4729402959346771,0.4146172112905759,1.2327255010604858
Rpl7a,2.840795993804932,2.859076738357544,0.0279928669333457,0.9326426013223724,0.6559576988220215,0.0279928669333457,0.480332574119436,0.9792556762695312,0.0279928669333457,0.6327863568639926,0.8247060775756836
Surf1,0.2202364057302475,0.436149537563324,1.1500205993652344,3.771899255783475e-13,7.616742134094238,1.1500205993652344,2.7108692515512312e-14,8.072471618652344,1.1500205993652344,5.267744668933923e-11,7.01759672164917
Surf2,0.1881720423698425,0.1809745281934738,-0.0616173632442951,0.5430681062035283,1.1566455364227295,-0.0616173632442951,0.9135830805609172,-0.3388294279575348,-0.0616173632442951,0.9660407534164566,-0.2834944128990173
Surf4,0.2299435585737228,0.465966135263443,1.199051022529602,2.9367326439881684e-14,7.948493003845215,1.199051022529602,1.8614699362188e-16,8.726534843444824,1.199051022529602,1.0610691596345322e-12,7.59418249130249
Stkld1,0.0,0.0,0.0,0.9888502385877284,0.1005259156227111,0.0,1.0,0.0,0.0,1.0,0.0
Rexo4,0.1572427302598953,0.1835902780294418,0.2430415451526641,0.0588633540963146,2.369976758956909,0.2430415451526641,0.3526542813473925,1.280044674873352,0.2430415451526641,0.4994733620567305,1.08268404006958
Adamts13,0.0336295589804649,0.0,-25.02755355834961,0.7647000840367372,-0.8611172437667847,-25.02755355834961,4.47085790724418e-07,-5.430983543395996,-25.02755355834961,0.000764577373058,-3.80607271194458
Cacfd1,0.107363037765026,0.1031438186764717,-0.060936938971281,0.5647705496778904,1.1251283884048462,-0.060936938971281,0.9728241811854847,-0.2550373375415802,-0.060936938971281,1.0,-0.2125865072011947
Slc2a6,0.0,0.0014985152520239,20.51618385314941,0.9888502385877284,0.1678170263767242,20.51618385314941,0.4679991859106411,1.0,20.51618385314941,0.5282133287683867,1.0
Sardh,0.003269052831456,0.0,-21.64280128479004,0.9994412017932364,0.0010455889860168,-21.64280128479004,0.174998031945529,-1.7336474657058716,-21.64280128479004,0.4247033279437463,-1.2149527072906494
Vav2,0.0092611340805888,0.0130193289369344,0.4941102862358093,0.9888502385877284,0.4693200886249542,0.4941102862358093,0.688740385254847,0.6594222784042358,0.4941102862358093,0.7806682918108454,0.5584315061569214
Brd3os,0.0,0.0,0.0,0.9888502385877284,0.1005259156227111,0.0,1.0,0.0,0.0,1.0,0.0
Brd3,0.208767220377922,0.1913822293281555,-0.1383968591690063,0.683793788529068,0.967095136642456,-0.1383968591690063,0.6050044626463941,-0.782158374786377,-0.1383968591690063,0.7175127826038663,-0.6507948637008667
Wdr5,0.0848153382539749,0.0895568802952766,0.0819491744041442,0.2896207127658186,1.578167200088501,0.0819491744041442,0.9277351294613552,0.3190279304981231,0.0819491744041442,0.97689698626184,0.2666927576065063
Rxra,0.0129145057871937,0.0093547357246279,-0.4677960574626922,0.9888502385877284,0.1351797133684158,-0.4677960574626922,0.7017405724041824,-0.6406816840171814,-0.4677960574626922,0.8081359362353356,-0.5201433300971985
Col5a1,0.0007365080527961,0.0,-19.490875244140625,0.9888502385877284,0.0673658028244972,-19.490875244140625,0.4679991859106411,-1.0,-19.490875244140625,0.6832027011037286,-0.7008072733879089
Olfm1,0.0003030791413038,0.023406445980072,6.287761211395264,0.6504748463907436,1.010487079620361,6.287761211395264,0.0012848919280198,3.608525037765503,6.287761211395264,0.0015511701325359,3.6043431758880615
Ppp1r26,0.0,0.0009783473797142,19.900693893432617,0.9888502385877284,0.1678170263767242,19.900693893432617,0.4679991859106411,1.0,19.900693893432617,0.5282133287683867,1.0
1700007K13Rik,0.0,0.0,0.0,0.9888502385877284,0.1005259156227111,0.0,1.0,0.0,0.0,1.0,0.0
Mrps2,0.035315204411745,0.0535957813262939,0.6151145100593567,0.3905496605586672,1.3921270370483398,0.6151145100593567,0.1947788860596649,1.6647814512252808,0.6151145100593567,0.3099663638188129,1.4448163509368896
Ralgds,0.0105679044499993,0.0214040223509073,1.0260299444198608,0.870237278852044,0.7347503304481506,1.0260299444198608,0.2253494543579665,1.5810991525650024,1.0260299444198608,0.3293198490127288,1.4003527164459229
Cel,0.0,0.0,0.0,0.9888502385877284,0.1005259156227111,0.0,1.0,0.0,0.0,1.0,0.0
Gtf3c5,0.0280824694782495,0.0535107962787151,0.9486273527145386,0.2196387976206805,1.7372461557388306,0.9486273527145386,0.0446825734365558,2.386136293411255,0.9486273527145386,0.097293445370869,2.09517502784729
Tsc1,0.1204105988144874,0.1180392280220985,-0.0304404646158218,0.7189866616240052,0.9195955395698548,-0.0304404646158218,1.0,-0.1280002295970916,-0.0304404646158218,1.0,-0.1082088500261306
Spaca9,0.0033403367269784,0.0097457570955157,1.5494060516357422,0.9888502385877284,0.4037467241287231,1.5494060516357422,0.3035410861789121,1.3853871822357178,1.5494060516357422,0.3909468430661265,1.2753574848175049
Ak8,0.0,0.0,0.0,0.9888502385877284,0.1005259156227111,0.0,1.0,0.0,0.0,1.0,0.0
Gtf3c4,0.038618329912424,0.0437119044363498,0.1824401915073394,0.8377432793108659,0.7747814655303955,0.1824401915073394,0.8223472602106147,0.4697192311286926,0.1824401915073394,0.8891395571055548,0.4008619487285614
Ddx31,0.0437814965844154,0.0624850243330001,0.5268005728721619,0.3616083848721548,1.4420166015625,0.5268005728721619,0.245780360320546,1.5285189151763916,0.5268005728721619,0.3671939235620235,1.3193527460098269
Cfap77,0.0019641837570816,0.0034756402019411,0.8244393467903137,0.9888502385877284,0.1684892028570175,0.8244393467903137,0.7770221822549773,0.53425532579422,0.8244393467903137,0.8370639876864687,0.477920651435852
Ttf1,0.1851383596658706,0.1906228363513946,0.0461972504854202,0.2410810216137233,1.6854894161224363,0.0461972504854202,0.9764698457690052,0.2502952516078949,0.0461972504854202,1.0,0.2106070667505264
Setx,0.5899518728256226,0.5913824439048767,0.0046270345337688,0.9917262719404768,-0.0256169307976961,0.0046270345337688,1.0,0.0419255718588829,0.0046270345337688,1.0,0.0350356139242649
Ntng2,0.0033875172957777,0.0089723598212003,1.4092917442321775,0.9888502385877284,0.4705150425434112,1.4092917442321775,0.3058478110915273,1.3793554306030271,1.4092917442321775,0.4121585968764521,1.2373895645141602
Med27,0.083343468606472,0.0959368199110031,0.2122352570295334,0.2094664387525495,1.7634605169296265,0.2122352570295334,0.5759505071356316,0.8268490433692932,0.2122352570295334,0.6862321188059535,0.6956487894058228
Rapgef1,0.1745833903551101,0.269143670797348,0.6951911449432373,0.000101924598339,4.301553249359131,0.6951911449432373,0.0002860356325359,4.004009246826172,0.6951911449432373,0.0024139414165123,3.4601593017578125
Gm13547,0.0,0.0,0.0,0.9888502385877284,0.1005259156227111,0.0,1.0,0.0,0.0,1.0,0.0
Trub2,0.0802395045757293,0.1255746483802795,0.6794235706329346,0.0380523965135793,2.546905517578125,0.6794235706329346,0.022660166669584,2.658257007598877,0.6794235706329346,0.0617257033532652,2.304774284362793
Coq4,0.0224461033940315,0.0199872907251119,-0.1691618710756302,0.9888502385877284,0.327418714761734,-0.1691618710756302,0.9198872670763224,-0.3308225870132446,-0.1691618710756302,0.9726572082635246,-0.2739406824111938
Slc27a4,0.0177138540893793,0.0783446431159973,2.189042329788208,0.0182014488564126,2.824061155319214,2.189042329788208,3.4272780232771185e-06,5.042334079742432,2.189042329788208,1.7869306566690024e-05,4.721837997436523
Urm1,0.1740125268697738,0.2367952018976211,0.4912859797477722,0.0037264603765812,3.3417770862579346,0.4912859797477722,0.0152466432468538,2.8056085109710693,0.4912859797477722,0.0484551154320145,2.4088611602783203
Cercam,0.0093673896044492,0.0340941324830055,1.8817055225372317,0.4447460104181236,1.3039988279342651,1.8817055225372317,0.0086724283378548,3.00672459602356,1.8817055225372317,0.0191037983977159,2.7801246643066406
Odf2,0.1268265694379806,0.1475825607776641,0.2339797616004943,0.0872089802048537,2.197678804397583,0.2339797616004943,0.4532141737898661,1.0970745086669922,0.2339797616004943,0.5690741179458534,0.9229815602302552
Gle1,0.2372006773948669,0.1887160390615463,-0.3661056160926819,0.9888502385877284,-0.0659467875957489,-0.3661056160926819,0.080575102783181,-2.125193357467652,-0.3661056160926819,0.1870067868846173,-1.757906198501587
Sptan1,0.3428223729133606,0.4493899643421173,0.4724403917789459,0.0002758459761358,4.057109355926514,0.4724403917789459,0.001005062811971,3.663100004196167,0.4724403917789459,0.0076472576760162,3.097378253936768
Wdr34,0.0063502038829028,0.0084679210558533,0.4167343378067016,0.9888502385877284,0.3694663345813751,0.4167343378067016,0.8048072439764621,0.4950226247310638,0.4167343378067016,0.874972385029301,0.4215084612369537
Set,1.407939076423645,1.518353819847107,0.207332968711853,0.0255789527228547,2.698665142059326,0.207332968711853,0.007456374455989,3.0530261993408203,0.207332968711853,0.0321660941009071,2.579481601715088
Pkn3,0.0003030791413038,0.0068996781483292,4.513519287109375,0.9888502385877284,0.3368290364742279,4.513519287109375,0.226019314842398,1.5805716514587402,4.513519287109375,0.2538720092464782,1.5762711763381958
Zdhhc12,0.0622622035443782,0.1082775816321373,0.831970751285553,0.0237969128354833,2.7255518436431885,0.831970751285553,0.0080367698638751,3.0290770530700684,0.831970751285553,0.0262366588738167,2.65864634513855
Zer1,0.1730045527219772,0.1789111793041229,0.0528193600475788,0.4381860683531366,1.315500259399414,0.0528193600475788,0.9586958331346918,0.2747965455055237,0.0528193600475788,0.9996386229314708,0.231493130326271
Tbc1d13,0.04429417476058,0.059797640889883,0.444252073764801,0.5023206302839484,1.2151237726211548,0.444252073764801,0.3615573710705833,1.2621856927871704,0.444252073764801,0.4945451343717354,1.090529441833496
Endog,0.1446303278207779,0.1150299087166786,-0.3521750271320343,0.9201569867073734,0.6741061806678772,-0.3521750271320343,0.1880834378119835,-1.6846369504928589,-0.3521750271320343,0.3419560283904198,-1.3709437847137451
Spout1,0.0876835882663726,0.0589844696223735,-0.5929268598556519,0.9888502385877284,-0.1762564331293106,-0.5929268598556519,0.0922824939296418,-2.062246799468994,-0.5929268598556519,0.2091626515042904,-1.6900461912155151
Kyat1,0.020077584311366,0.0267845746129751,0.4206734299659729,0.8466685036746284,0.761711597442627,0.4206734299659729,0.5713047272316379,0.8341857194900513,0.4206734299659729,0.6832027011037286,0.7165815234184265
Lrrc8a,0.1256341636180877,0.1936136037111282,0.6742923259735107,0.0031936633433195,3.3889780044555664,0.6742923259735107,0.0037334994827443,3.278137445449829,0.6742923259735107,0.0155734802694636,2.8522403240203857
Gm28035,0.0,0.0,0.0,0.9888502385877284,0.1005259156227111,0.0,1.0,0.0,0.0,1.0,0.0
Phyhd1,0.0,0.0,0.0,0.9888502385877284,0.1005259156227111,0.0,1.0,0.0,0.0,1.0,0.0
Dolk,0.0298157148063182,0.0425744168460369,0.5231726765632629,0.4673948211824593,1.2685234546661377,0.5231726765632629,0.3440353509400011,1.2983914613723757,0.5231726765632629,0.4818363089208606,1.11147940158844
Nup188,0.0643599927425384,0.103157639503479,0.7089918851852417,0.0267846412699125,2.6811888217926025,0.7089918851852417,0.0263529739894026,2.5993683338165283,0.7089918851852417,0.0703264201416948,2.2459752559661865
Sh3glb2,0.1602076739072799,0.218156635761261,0.4885394275188446,0.0027420070450328,3.434162378311157,0.4885394275188446,0.0229156698120526,2.6531481742858887,0.4885394275188446,0.0675238290431626,2.2635183334350586
Miga2,0.008993225172162,0.0082422867417335,-0.1263364255428314,0.9888502385877284,0.2703594267368316,-0.1263364255428314,1.0,-0.1622476130723953,-0.1263364255428314,1.0,-0.1342274397611618
Dolpp1,0.0399031825363636,0.0412156172096729,0.0476404801011085,0.8958056134410003,0.7026358246803284,0.0476404801011085,1.0,0.1242618188261985,0.0476404801011085,1.0,0.1043131127953529
Crat,0.0054248357191681,0.0089789563789963,0.7295350432395935,0.9888502385877284,0.4031492471694946,0.7295350432395935,0.5862739724027357,0.8111708164215088,0.7295350432395935,0.6832027011037286,0.7065688371658325
Ptpa,0.1789512932300567,0.3291221857070923,0.9919629096984864,3.2263274280189324e-08,5.909668922424316,0.9919629096984864,6.3400919795880805e-09,6.207283020019531,0.9919629096984864,6.621517749508461e-07,5.397329807281494
Ier5l,0.0068515315651893,0.0163177102804183,1.258781909942627,0.9888502385877284,0.4386992752552032,1.258781909942627,0.3108721637289073,1.367916464805603,1.258781909942627,0.3967439004212961,1.264715552330017
Cstad,0.0089734867215156,0.0066482853144407,-0.434365838766098,0.9888502385877284,0.1021689847111702,-0.434365838766098,0.7983095413524777,-0.5038307905197144,-0.434365838766098,0.8812549260883247,-0.4129113852977752
1700001O22Rik,0.0024926271289587,0.0195969548076391,2.987250804901123,0.7832900426630274,0.8402054309844971,2.987250804901123,0.0146969351839676,2.823873996734619,2.987250804901123,0.0235635212099008,2.703400135040283
Ntmt1,0.0596615299582481,0.0778654739260673,0.3974645137786865,0.2758484540597682,1.607518434524536,0.3974645137786865,0.3233580634958923,1.3403780460357666,0.3974645137786865,0.4618628690846943,1.1452981233596802
Asb6,0.0891064628958702,0.1362709701061248,0.6475372314453125,0.0214419159609448,2.7630436420440674,0.6475372314453125,0.0206410597536316,2.694204330444336,0.6475372314453125,0.057258698447272,2.337570905685425
Prrx2,0.0,0.0,0.0,0.9888502385877284,0.1005259156227111,0.0,1.0,0.0,0.0,1.0,0.0
Ptges,0.0,0.0,0.0,0.9888502385877284,0.1005259156227111,0.0,1.0,0.0,0.0,1.0,0.0
Tor1b,0.1273034363985061,0.1475924402475357,0.2283180654048919,0.178864664645287,1.8487507104873655,0.2283180654048919,0.4679991859106411,1.058961033821106,0.2283180654048919,0.586660314595129,0.8967856168746948
Tor1a,0.1939883381128311,0.2940305471420288,0.6750932335853577,3.54557919745964e-05,4.545623302459717,0.6750932335853577,0.000132320781463,4.198024272918701,0.6750932335853577,0.0015085902035983,3.598207473754883
BC005624,0.3576305508613586,0.346271812915802,-0.0552385412156581,0.9888502385877284,0.5198817849159241,-0.0552385412156581,0.8663106543741693,-0.4081657230854034,-0.0552385412156581,0.9297235205278648,-0.3403253555297851
Usp20,0.0597782880067825,0.0694126859307289,0.2226023823022842,0.7285559624683611,0.9061522483825684,0.2226023823022842,0.672237525917198,0.6820366978645325,0.2226023823022842,0.7618997041660995,0.5847899317741394
Fnbp1,0.5222486257553101,0.7689221501350403,0.7550471425056458,2.1901036877508767e-09,6.356135368347168,0.7550471425056458,1.0120648952806424e-12,7.547950744628906,0.7550471425056458,3.6901328747357477e-09,6.334194660186768
Gpr107,0.1332434862852096,0.2008855193853378,0.6424599289894104,0.0007801208094765,3.7880196571350098,0.6424599289894104,0.0032935867137823,3.3157505989074707,0.6424599289894104,0.015448477606069,2.8551316261291504
Ncs1,0.0,0.0024815129581838,21.244579315185547,0.9888502385877284,0.2351081520318985,21.244579315185547,0.3339391170396167,1.320037603378296,21.244579315185547,0.3672924638623075,1.320037603378296
Hmcn2,0.0,0.0,0.0,0.9888502385877284,0.1005259156227111,0.0,1.0,0.0,0.0,1.0,0.0
Ass1,0.1723240166902542,0.0634601712226867,-1.5212714672088623,0.0960981734537812,-2.1539132595062256,-1.5212714672088623,1.310662171400875e-09,-6.442215442657471,-1.5212714672088623,4.8427831429249766e-06,-5.007081031799316
Fubp3,0.0828691571950912,0.064056247472763,-0.3852326571941376,0.9888502385877284,0.3693916499614715,-0.3852326571941376,0.3078428870326116,-1.3743830919265747,-0.3852326571941376,0.4769068757399822,-1.1194031238555908
Exosc2,0.1089044064283371,0.1589703410863876,0.5826160907745361,0.0212897869102006,2.76603102684021,0.5826160907745361,0.0304669374584732,2.542497158050537,0.5826160907745361,0.0746998693380899,2.2197060585021973
Abl1,0.0832029432058334,0.0810695439577102,-0.0390344932675361,0.5326686583633841,1.1715078353881836,-0.0390344932675361,1.0,-0.1460010260343551,-0.0390344932675361,1.0,-0.1212474256753921
Qrfp,0.0057891360484063,0.1398347318172454,4.692097187042236,6.693518258594828e-06,4.903812408447266,4.692097187042236,1.3273331581731347e-14,8.299023628234863,4.692097187042236,3.6321457031969617e-14,8.180578231811523
Fibcd1,0.0,0.0,0.0,0.9888502385877284,0.1005259156227111,0.0,1.0,0.0,0.0,1.0,0.0
Aif1l,0.0,0.0008045358699746,19.618379592895508,0.9888502385877284,0.1678170263767242,19.618379592895508,0.4679991859106411,1.0,19.618379592895508,0.5282133287683867,1.0
Nup214,0.1893752068281173,0.2330819815397262,0.3322268724441528,0.0131330223732628,2.938030481338501,0.3322268724441528,0.1188256173806621,1.9383201599121092,0.3322268724441528,0.2261269316343571,1.64329993724823
Fam78a,0.6102210283279419,0.276468276977539,-1.4006929397583008,9.837744120461318e-15,-8.086883544921875,-1.4006929397583008,1.7918083318610265e-27,-11.4157133102417,-1.4006929397583008,2.620114612635914e-17,-9.037490844726562
Prrc2b,0.3837586045265198,0.6857925057411194,1.0747637748718262,2.2363062357664842e-15,8.269638061523438,1.0747637748718262,7.50717941699683e-18,9.122278213500977,1.0747637748718262,9.875348016084933e-14,7.926211357116699
Pomt1,0.0196978021413087,0.0039701997302472,-2.3221182823181152,0.9888502385877284,-0.2976194322109222,-2.3221182823181152,0.0101941319692837,-2.945500135421753,-2.3221182823181152,0.0786355997334302,-2.196465492248535
Uck1,0.12446079403162,0.168204590678215,0.4668495953083038,0.0138666898936466,2.9193592071533203,0.4668495953083038,0.0545015295895526,2.301091432571411,0.4668495953083038,0.1257093735786846,1.9680001735687256
Swi5,0.6575586795806885,0.904391586780548,0.6608180999755859,2.615421053903318e-09,6.32790470123291,0.6608180999755859,1.2456605346116242e-11,7.187654495239258,0.6608180999755859,1.5902478318121563e-08,6.082526206970215
Golga2,0.0862211734056472,0.0983430445194244,0.198659285902977,0.5162187104933189,1.1948094367980957,0.198659285902977,0.6309870338495635,0.7434804439544678,0.198659285902977,0.7279917792007966,0.6360045075416565
Dnm1,0.0,0.0,0.0,0.9888502385877284,0.1005259156227111,0.0,1.0,0.0,0.0,1.0,0.0
Ciz1,0.1759694516658783,0.159573495388031,-0.1532617956399917,0.7077252644126496,0.9338603615760804,-0.1532617956399917,0.5918147351743284,-0.8024634122848511,-0.1532617956399917,0.7066459636853517,-0.6662140488624573
1110008P14Rik,0.1963668763637542,0.7215651869773865,2.2852742671966557,1.1846470236750938e-50,15.228331565856934,2.2852742671966557,1.534083656751186e-57,17.8485050201416,2.2852742671966557,6.913793772258362e-49,16.03120231628418
Lcn2,0.0,0.0,0.0,0.9888502385877284,0.1005259156227111,0.0,1.0,0.0,0.0,1.0,0.0
Ptges2,0.0418191477656364,0.0593658946454525,0.5182347297668457,0.2634735737352806,1.6354506015777588,0.5182347297668457,0.2594890155394512,1.49639892578125,0.5182347297668457,0.3837383720035001,1.2879629135131836
Slc25a25,0.0685438513755798,0.0432532019913196,-0.6826334595680237,0.9888502385877284,0.1634106189012527,-0.6826334595680237,0.0757593600421866,-2.152894973754883,-0.6826334595680237,0.1975259060582341,-1.7256388664245603
Naif1,0.0209077447652816,0.0155244134366512,-0.4333938062191009,0.9888502385877284,0.129802405834198,-0.4333938062191009,0.6048039353769574,-0.7825916409492493,-0.4333938062191009,0.7258567771608714,-0.6388546228408813
Fam102a,0.4163644313812256,0.3164168894290924,-0.4725096821784973,0.1479655066797487,-1.9456170797348025,-0.4725096821784973,0.0015042628461429,-3.5464649200439453,-0.4725096821784973,0.012968797726708,-2.918968677520752
Dpm2,0.2340944409370422,0.3429488837718963,0.6331954598426819,4.121436687240975e-05,4.511567115783691,0.6331954598426819,0.0001147201527033,4.23321008682251,0.6331954598426819,0.0013299208221989,3.634987831115722
Pip5kl1,0.0022335522808134,0.0,-21.09252166748047,0.9888502385877284,0.0342056974768638,-21.09252166748047,0.2942789202292576,-1.4136619567871094,-21.09252166748047,0.5299909986835808,-0.9907045960426332
St6galnac4,0.1053757816553115,0.1571041345596313,0.614307701587677,0.0101948670155314,3.023843288421631,0.614307701587677,0.0153817498201637,2.8025166988372803,0.614307701587677,0.046050070026326,2.4309842586517334
St6galnac6,0.0072250599041581,0.0553010143339633,2.9710845947265625,0.0494456291651236,2.442346572875977,2.9710845947265625,3.3744082309807445e-06,5.050447940826416,2.9710845947265625,1.2005702338493524e-05,4.81497859954834
Ak1,0.0,0.0,0.0,0.9888502385877284,0.1005259156227111,0.0,1.0,0.0,0.0,1.0,0.0
Eng,0.0592823214828968,0.00201824051328,-4.917949199676514,0.2990034880361614,-1.5588984489440918,-4.917949199676514,1.376554236443185e-10,-6.818077564239502,-4.917949199676514,1.0989992424325136e-05,-4.849945068359375
Fpgs,0.0605411231517791,0.0198341235518455,-1.639491081237793,0.7983062141458289,-0.8218329548835754,-1.639491081237793,0.0002269145102738,-4.056252956390381,-1.639491081237793,0.007059049456945,-3.1270830631256104
Cdk9,0.3319245278835296,0.412561297416687,0.3755207359790802,0.0038002920935054,3.33572769165039,0.3755207359790802,0.0106899841251277,2.930983781814575,0.3755207359790802,0.0419657713714085,2.469910860061645
Sh2d3c,0.1909549981355667,0.3323914408683777,0.9061193466186525,2.3174353273329754e-06,5.119353294372559,0.9061193466186525,4.293049857982974e-07,5.4452223777771,0.9061193466186525,1.250794168253646e-05,4.793219566345215
Ttc16,0.0022581533994525,0.0057585295289754,1.3530831336975098,0.9888502385877284,0.3027727007865906,1.3530831336975098,0.4679991859106411,1.02292001247406,1.3530831336975098,0.5685502932842994,0.9240837097167968
Tor2a,0.1788989156484604,0.3306276500225067,1.000153660774231,1.1263392393273421e-08,6.088016510009766,1.000153660774231,5.7350049637715485e-09,6.223943710327148,1.000153660774231,6.327084874153837e-07,5.406027317047119
Ptrh1,0.0120805287733674,0.0222495105117559,0.8884461522102356,0.8700933060376965,0.7350490689277649,0.8884461522102356,0.2884045858692903,1.4319546222686768,0.8884461522102356,0.3961934430433523,1.265634059906006
Cfap157,0.0,0.0,0.0,0.9888502385877284,0.1005259156227111,0.0,1.0,0.0,0.0,1.0,0.0
Stxbp1,0.003975287079811,0.0,-21.92549705505371,0.9888502385877284,-0.0321145206689834,-21.92549705505371,0.1287136171092436,-1.897965431213379,-21.92549705505371,0.3619280937535964,-1.3301080465316772
Fam129b,0.0041197859682142,0.0149794230237603,1.870186686515808,0.9452671725632862,0.6384067535400391,1.870186686515808,0.0926642183820452,2.0622658729553223,1.870186686515808,0.1394788117243396,1.9138689041137693
Lrsam1,0.0036239677574485,0.0051689762622118,0.5134236812591553,0.9888502385877284,0.2693138420581817,0.5134236812591553,0.8363730602266708,0.4494089186191559,0.5134236812591553,0.9017535066781542,0.3820873200893402
Rpl12,4.368495464324951,3.3632848262786865,-1.4826496839523315,3.0964299235096526e-182,-29.035484313964844,-1.4826496839523315,3.34735988568e-311,-62.47693634033203,-1.4826496839523315,1.1211420221126436e-281,-54.641937255859375
Slc2a8,0.0067066154442727,0.0635837167501449,3.286268949508667,0.0222878015260754,2.748704195022583,3.286268949508667,1.8209812935615053e-07,5.640773773193359,3.286268949508667,5.729129493852239e-07,5.45067834854126
Garnl3,0.0,0.0,0.0,0.9888502385877284,0.1005259156227111,0.0,1.0,0.0,0.0,1.0,0.0
Ralgps1,0.0349909178912639,0.0194004885852336,-0.8621846437454224,0.9888502385877284,-0.0481717772781848,-0.8621846437454224,0.1369317686744127,-1.863983392715454,-0.8621846437454224,0.2923181814365138,-1.484002947807312
Angptl2,0.004477703012526,0.001431216718629,-1.647714614868164,0.9888502385877284,0.0348778627812862,-1.647714614868164,0.4243402419876407,-1.1457003355026243,-1.647714614868164,0.6040599153879407,-0.8695657849311829
Zbtb34,0.0188992246985435,0.0128969652578234,-0.5556365251541138,0.9888502385877284,0.1011233925819397,-0.5556365251541138,0.5416799078927823,-0.8792820572853088,-0.5556365251541138,0.6832027011037286,-0.7202563881874084
Zbtb43,0.0855852961540222,0.0710664689540863,-0.2788037061691284,0.9888502385877284,0.4859001338481903,-0.2788037061691284,0.4701588258110435,-0.9956254959106444,-0.2788037061691284,0.6359265529005625,-0.8199936747550964
Mvb12b,0.0682120323181152,0.0167468171566724,-2.063526391983032,0.5863068752150218,-1.0957772731781006,-2.063526391983032,2.103473573820418e-06,-5.111769199371338,-2.063526391983032,0.000660546781025,-3.838162899017334
Pbx3,0.0060320105403661,0.1013237684965133,4.139543056488037,0.0005384356261915,3.887051820755005,4.139543056488037,1.2241487607426667e-11,7.288688659667969,4.139543056488037,4.0377090240804097e-11,7.127385139465332
Mapkap1,0.1711479872465133,0.2452469915151596,0.5742955207824707,0.000629121151041,3.846946001052856,0.5742955207824707,0.0044492991470876,3.222928762435913,0.5742955207824707,0.0199120530820769,2.763247489929199
Gapvd1,0.3517705500125885,0.274412602186203,-0.4169968962669372,0.4867851961840172,-1.2386494874954224,-0.4169968962669372,0.0115200406621782,-2.9036128520965576,-0.4169968962669372,0.0504249710216865,-2.3919906616210938
Hspa5,1.0082712173461914,1.35163152217865,0.7180934548377991,1.8385358623848503e-14,8.007643699645996,0.7180934548377991,4.815788382293689e-16,8.582535743713379,0.7180934548377991,8.624032537542007e-12,7.291505336761475
Rabepk,0.1249852254986763,0.2067813277244568,0.7869825959205627,0.0001077480201003,4.288034915924072,0.7869825959205627,0.0002998406147917,3.992180109024048,0.7869825959205627,0.002378705743627,3.465146064758301
Fbxw2,0.4023723006248474,0.5893523097038269,0.6965768337249756,1.1527484890561745e-07,5.686659812927246,0.6965768337249756,2.3134442734823623e-08,5.975637435913086,0.6965768337249756,3.288372367648828e-06,5.076841831207275
Gm34653,0.0,0.0,0.0,0.9888502385877284,0.1005259156227111,0.0,1.0,0.0,0.0,1.0,0.0
Psmd5,0.1326070874929428,0.1400029510259628,0.0837556794285774,0.2841824898474561,1.5895940065383911,0.0837556794285774,0.8723653917540011,0.3993714451789856,0.0837556794285774,0.9323107396902732,0.3357372581958771
Phf19,0.0012138502206653,0.0201439335942268,4.066361427307129,0.5050344296644377,1.2100452184677124,4.066361427307129,0.0014501982407633,3.571406126022339,4.066361427307129,0.0023404681768854,3.478156089782715
Traf1,0.4727508723735809,0.6296374201774597,0.5369541645050049,3.3412540537250625e-05,4.559141635894775,0.5369541645050049,5.285732746599501e-05,4.418247699737549,0.5369541645050049,0.0007640698303564,3.7898976802825928
AI182371,0.0022831964306533,0.0,-21.124271392822266,0.9888502385877284,0.0342056974768638,-21.124271392822266,0.2942789202292576,-1.4131865501403809,-21.124271392822266,0.5299909986835808,-0.9903714060783386
Cntrl,0.5197787880897522,0.8108763098716736,0.8746732473373413,9.167929266249422e-13,7.497843742370605,0.8746732473373413,1.0991257055717297e-15,8.478768348693848,0.8746732473373413,1.4129098973129278e-11,7.217498779296875
Rab14,0.5780611038208008,0.7042397260665894,0.3855227530002594,0.0214504809622364,2.762744903564453,0.3855227530002594,0.000560006688464,3.823904275894165,0.3855227530002594,0.0056535944184596,3.196580648422241
Gsn,0.1796052008867263,0.0993374213576316,-0.9136660695075988,0.5134896372787546,-1.198319673538208,-0.9136660695075988,6.259845841043113e-05,-4.371188640594482,-0.9136660695075988,0.0024020306632398,-3.4646058082580566
Stom,0.0003030791413038,0.0053106667473912,4.134736061096191,0.9888502385877284,0.3368290364742279,4.134736061096191,0.1520120984806493,1.8117142915725708,4.134736061096191,0.1735393543417265,1.800533652305603
Ggta1,0.0690965205430984,0.0943949148058891,0.4685936272144317,0.2830778782102768,1.5921332836151123,0.4685936272144317,0.2057226889197444,1.63293194770813,0.4685936272144317,0.3219712591699573,1.4193906784057615
Dab2ip,0.0,0.0166219789534807,23.99859619140625,0.7829282611445391,0.840728223323822,23.99859619140625,0.0057112473695131,3.151588201522827,23.99859619140625,0.0066868935062285,3.151588201522827
Ttll11,0.0,0.0,0.0,0.9888502385877284,0.1005259156227111,0.0,1.0,0.0,0.0,1.0,0.0
Ndufa8,0.5855221152305603,0.9958402514457704,1.1007506847381592,3.668187150472647e-25,10.67158031463623,1.1007506847381592,9.69327662097658e-34,12.850940704345703,1.1007506847381592,5.9430187287043504e-24,10.747047424316406
Morn5,0.0,0.0,0.0,0.9888502385877284,0.1005259156227111,0.0,1.0,0.0,0.0,1.0,0.0
Lhx6,0.0,0.0,0.0,0.9888502385877284,0.1005259156227111,0.0,1.0,0.0,0.0,1.0,0.0
Rbm18,0.1286659985780716,0.1888071894645691,0.5978128910064697,0.0017860392007916,3.5592596530914307,0.5978128910064697,0.0095383028744049,2.9710614681243896,0.5978128910064697,0.0342152512717125,2.555290460586548
Mrrf,0.0618367493152618,0.0722326412796974,0.2317691594362259,0.4749288162020398,1.2562004327774048,0.2317691594362259,0.615749812392343,0.7665519118309021,0.2317691594362259,0.7174454259231795,0.6509374380111694
Ptgs1,0.0003030791413038,0.0019209296442568,2.665201425552368,0.9888502385877284,0.1347316056489944,2.665201425552368,0.572873816162207,0.8319314122200012,2.665201425552368,0.6349914485847618,0.8216566443443298
Olfr338,0.001049384009093,0.0,-20.00186920166016,0.9888502385877284,0.0673658028244972,-20.00186920166016,0.4679991859106411,-1.0,-20.00186920166016,0.6832027011037286,-0.7008072733879089
Olfr354,0.0,0.0,0.0,0.9888502385877284,0.1005259156227111,0.0,1.0,0.0,0.0,1.0,0.0
Pdcl,0.0905085802078247,0.1377582550048828,0.6407442688941956,0.0099913829233562,3.0307891368865967,0.6407442688941956,0.0202546703390998,2.700864315032959,0.6407442688941956,0.0578787895753472,2.3329079151153564
Rc3h2,0.2918269336223602,0.2893699407577514,-0.0140558155253529,0.6845686341475388,0.9652280211448668,-0.0140558155253529,1.0,-0.0912642404437065,-0.0140558155253529,1.0,-0.0771676674485206
Zbtb6,0.0591477490961551,0.0371235236525535,-0.6880040168762207,0.9888502385877284,-0.1498926430940628,-0.6880040168762207,0.1152846651724296,-1.9525879621505735,-0.6880040168762207,0.2518065100163759,-1.5803662538528442
Zbtb26,0.0489450432360172,0.0277139153331518,-0.8359649777412415,0.9888502385877284,-0.2177812457084655,-0.8359649777412415,0.0991780585661566,-2.028501272201538,-0.8359649777412415,0.2308545451145672,-1.6313103437423706
Rabgap1,0.2214705348014831,0.132723182439804,-0.8046005368232727,0.4085303980029084,-1.3622530698776243,-0.8046005368232727,0.0001033297211385,-4.253062725067139,-0.8046005368232727,0.0026704914340322,-3.430915355682373
Strbp,0.1444353908300399,0.0770804807543754,-0.9554696083068848,0.8910527945654597,-0.710925817489624,-0.9554696083068848,0.0001777511592363,-4.118295669555664,-0.9554696083068848,0.0049456474186641,-3.241671323776245
Gpr21,0.0063881343230605,0.0088570034131407,0.4732070863246918,0.9888502385877284,0.3026233315467834,0.4732070863246918,0.7701630246851262,0.5440413355827332,0.4732070863246918,0.8420196715790217,0.4696072936058044
Dennd1a,0.1350047886371612,0.0905515849590301,-0.6088675260543823,0.9888502385877284,-0.3350365757942199,-0.6088675260543823,0.0281804894649081,-2.5716094970703125,-0.6088675260543823,0.0980911706612777,-2.0913960933685303
Lhx2,0.0,0.0007112665334716,19.4405460357666,0.9888502385877284,0.1678170263767242,19.4405460357666,0.4679991859106411,1.0,19.4405460357666,0.5282133287683867,1.0
Nek6,0.001118098385632,0.0096644097939133,3.117803812026977,0.9728535020078471,0.6050972938537598,3.117803812026977,0.0601211203861046,2.2606918811798096,3.117803812026977,0.084015590498573,2.164720058441162
Psmb7,0.3779453635215759,0.7530232667922974,1.2904285192489624,5.464127246701483e-23,10.187322616577148,1.2904285192489624,4.098010592383429e-29,11.920598983764648,1.2904285192489624,4.0972042839901254e-22,10.278940200805664
Nr6a1,0.0055920584127306,0.0,-22.418983459472656,0.9888502385877284,-0.0652746260166168,-22.418983459472656,0.0688195406438774,-2.197042942047119,-22.418983459472656,0.2685513758698554,-1.539703607559204
Olfml2a,0.0,0.0,0.0,0.9888502385877284,0.1005259156227111,0.0,1.0,0.0,0.0,1.0,0.0
Wdr38,0.0033119088038802,0.005653197877109,0.7730942368507385,0.9888502385877284,0.2026948928833007,0.7730942368507385,0.7212248514091633,0.6136307120323181,0.7730942368507385,0.7890218453854426,0.5467225313186646
Rpl35,2.8561253547668457,2.435793399810791,-0.6531370282173157,2.7436122961688398e-76,-18.722091674804688,-0.6531370282173157,7.353561213394487e-74,-20.14794540405273,-0.6531370282173157,8.09966455939319e-55,-17.072782516479492
Arpc5l,0.6265882849693298,1.0551000833511353,1.103681206703186,3.386377443473485e-24,10.459848403930664,1.103681206703186,4.7860692714684485e-31,12.320363998413086,1.103681206703186,5.671005251406942e-23,10.49697208404541
Golga1,0.0895847305655479,0.0871193408966064,-0.0420644991099834,0.6885977567283548,0.9597012996673584,-0.0420644991099834,1.0,-0.1603448092937469,-0.0420644991099834,1.0,-0.1336770057678222
Scai,0.107726477086544,0.0969138145446777,-0.1605311632156372,0.8256709551559134,0.7888222336769104,-0.1605311632156372,0.686908400954846,-0.6627519726753235,-0.1605311632156372,0.7852753969721623,-0.5518763065338135
Ppp6c,0.2416522204875946,0.3665941655635834,0.6959388256072998,1.783449286294924e-05,4.698354244232178,0.6959388256072998,8.771979073703463e-06,4.823501110076904,0.6959388256072998,0.0001902200874386,4.155503749847412
Kynu,0.0,0.0,0.0,0.9888502385877284,0.1005259156227111,0.0,1.0,0.0,0.0,1.0,0.0
Arhgap15,1.0763936042785645,0.8419011831283569,-0.5502620339393616,2.3584561031224075e-11,-7.044058322906494,-0.5502620339393616,1.4315472381911371e-09,-6.4412336349487305,-0.5502620339393616,8.118216503651693e-07,-5.359835147857666
Gtdc1,0.0474794097244739,0.1096183508634567,1.252525806427002,0.0122289491875142,2.96304988861084,1.252525806427002,0.0002076611897996,4.089845180511475,1.252525806427002,0.0012020826588667,3.664947986602783
Zeb2,0.0080319186672568,0.4118006229400635,5.981490612030029,2.7782035003507872e-31,11.927407264709473,5.981490612030029,5.947355705399636e-41,15.189291954040527,5.981490612030029,1.715901495581869e-40,15.053852081298828
Acvr2a,0.0077185379341244,0.001271593151614,-2.606343507766724,0.9888502385877284,-0.0648265182971954,-2.606343507766724,0.100001635500026,-2.023972272872925,-2.606343507766724,0.2946506787730986,-1.4796816110610962
Orc4,0.168248176574707,0.268917053937912,0.7518306970596313,4.408755502162424e-06,4.989476203918457,0.7518306970596313,6.248740764565428e-05,4.378852367401123,0.7518306970596313,0.0008481957388899,3.7608752250671382
Mbd5,0.0946820154786109,0.0637381374835968,-0.5935494303703308,0.9888502385877284,-0.1531040966510772,-0.5935494303703308,0.0786847480737928,-2.135979175567627,-0.5935494303703308,0.193513939266914,-1.738792061805725
Epc2,0.2405315637588501,0.2591613829135895,0.1216222196817398,0.0989456309808602,2.140395402908325,0.1216222196817398,0.6206873934893583,0.7592015862464905,0.1216222196817398,0.7280431912762635,0.6358004808425903
Kif5c,0.0053876056335866,0.0078095174394547,0.537338137626648,0.9888502385877284,0.3363809287548065,0.537338137626648,0.7424412260670795,0.5835678577423096,0.537338137626648,0.8203246916702253,0.5016354322433472
Lypd6b,0.0786136537790298,0.0,-26.285356521606445,0.1032224240072292,-2.121201276779175,-26.285356521606445,1.621406386707081e-15,-8.435933113098145,-26.285356521606445,5.777742335487052e-08,-5.91196346282959
Mmadhc,0.1197310090065002,0.2532718777656555,1.180211901664734,3.246886664500155e-07,5.49830436706543,1.180211901664734,2.731813604888696e-08,5.961596012115479,1.180211901664734,1.0636204490606529e-06,5.3061933517456055
Rnd3,0.0,0.0,0.0,0.9888502385877284,0.1005259156227111,0.0,1.0,0.0,0.0,1.0,0.0
Rbm43,0.1101507842540741,0.196821928024292,0.9015297293663024,0.0001770689257814,4.167418956756592,0.9015297293663024,9.082397652223998e-05,4.29305362701416,0.9015297293663024,0.0008180528288967,3.770872116088867
Nmi,0.4012904465198517,0.6172626614570618,0.7901929020881653,5.057312146636405e-09,6.221179962158203,0.7901929020881653,9.224357967759936e-11,6.886086940765381,0.7901929020881653,5.2929132159549336e-08,5.869635105133057
Rif1,0.4684475362300873,0.5176346302032471,0.182431548833847,0.2973185101074663,1.5627821683883667,0.182431548833847,0.2606364546053165,1.4938842058181765,0.182431548833847,0.394355385397805,1.2687872648239136
Neb,0.0031715696677565,0.0644590035080909,4.389571189880371,0.0264592414230069,2.686118125915528,4.389571189880371,1.442137070352419e-07,5.693087577819824,4.389571189880371,2.679764078560797e-07,5.609793186187744
Arl5a,0.0919327437877655,0.3024962842464447,1.875144839286804,5.769659503873781e-14,7.860812664031982,1.875144839286804,9.054335036891457e-18,9.162727355957031,1.875144839286804,4.275381326122944e-15,8.366576194763184
Cacnb4,0.0,0.0051507959142327,22.30008125305176,0.9888502385877284,0.3023992776870727,22.30008125305176,0.1923666897123248,1.6742699146270752,22.30008125305176,0.2156135106791276,1.6742699146270752
Stam2,0.0921399369835853,0.137305349111557,0.6086921095848083,0.0225243580865896,2.7448203563690186,0.6086921095848083,0.0266476670548803,2.5952467918396,0.6086921095848083,0.0701942558342695,2.246798038482666
Fmnl2,0.0032912869937717,0.0019372168462723,-0.7656432390213013,0.9888502385877284,0.0681126564741134,-0.7656432390213013,0.8017917624092666,-0.4991524815559387,-0.7656432390213013,0.8854720040660781,-0.4065097272396087
Prpf40a,0.6418831944465637,0.8089357018470764,0.4686585962772369,0.0007108467990753,3.813262939453125,0.4686585962772369,1.2783902668631568e-05,4.737439155578613,0.4686585962772369,0.0003505284272209,3.99970817565918
Arl6ip6,0.1347702890634536,0.1593315303325653,0.2596805393695831,0.0768946399430046,2.2547378540039062,0.2596805393695831,0.3567656560749114,1.271411418914795,0.2596805393695831,0.502917807150988,1.0771881341934204
Nr4a2,0.0942667722702026,0.6262694001197815,3.1386871337890625,8.294313647818852e-40,13.482272148132324,3.1386871337890625,2.8275449368045625e-42,15.207005500793455,3.1386871337890625,1.6902005730098498e-39,14.438628196716309
Gpd2,0.0830733627080917,0.2496113330125808,1.710685968399048,1.3323001264822866e-10,6.789233207702637,1.710685968399048,2.607984148833536e-13,7.796552658081055,1.710685968399048,3.5278429400674835e-11,7.088885307312012
Ermn,0.0,0.0754088461399078,26.22296905517578,0.0048139994050919,3.2632086277008057,26.22296905517578,1.6930489207921646e-10,6.886962890625,26.22296905517578,2.1773306487075439e-10,6.886962890625
Cytip,1.1409002542495728,1.2874900102615356,0.3010196983814239,0.0105487665587743,3.012565851211548,0.3010196983814239,0.0001506786059989,4.162761688232422,0.3010196983814239,0.0024774490958356,3.4528250694274902
Acvr1,0.001091917976737,0.0023307902738451,1.0948480367660522,0.9888502385877284,0.201798677444458,1.0948480367660522,0.7137335375582916,0.6242160797119141,1.0948480367660522,0.790600658195417,0.544627845287323
Upp2,0.0,0.0,0.0,0.9888502385877284,0.1005259156227111,0.0,1.0,0.0,0.0,1.0,0.0
Ccdc148,0.0023069886956363,0.0127520356327295,2.4741880893707275,0.9888502385877284,0.5050941705703735,2.4741880893707275,0.1263983084609981,1.9090663194656368,2.4741880893707275,0.1651083799129821,1.8268709182739256
Pkp4,0.2085779756307602,0.1136198416352272,-0.9467080235481262,0.2239191083899531,-1.726416826248169,-0.9467080235481262,1.0224666449115813e-05,-4.780955791473389,-0.9467080235481262,0.0006271064876529,-3.845808506011963
Dapl1,1.485256552696228,0.0028847840148955,-10.20758819580078,5.4906538096266375e-93,-20.683094024658203,-10.20758819580078,2.1949467978042048e-200,-40.072147369384766,-10.20758819580078,2.136250235138172e-98,-28.10626220703125
Tanc1,0.2836474180221557,0.035388994961977,-3.186564445495605,3.1649706465976852e-09,-6.296835422515869,-3.186564445495605,8.304651898381882e-38,-13.59535026550293,-3.186564445495605,2.4566588691483028e-20,-9.992232322692873
Wdsub1,0.0151212895289063,0.0104356938973069,-0.5384419560432434,0.9888502385877284,0.2000062316656112,-0.5384419560432434,0.5781734298695463,-0.8234398365020752,-0.5384419560432434,0.7127410243056371,-0.6579086184501648
Baz2b,0.2401962429285049,0.199392944574356,-0.2991098463535309,0.9904609862786348,0.0278574787080287,-0.2991098463535309,0.18906125306541,-1.6818978786468506,-0.2991098463535309,0.3296529771759773,-1.3993899822235107
March7,0.5983227491378784,0.5166480541229248,-0.2761038839817047,0.1582740408603787,-1.9117101430892944,-0.2761038839817047,0.034343979757017,-2.493121385574341,-0.2761038839817047,0.1044729700298187,-2.061286687850952
Cd302,0.0025487965904176,0.0,-21.28322410583496,0.9888502385877284,0.0342056974768638,-21.28322410583496,0.2963209200989886,-1.4026201963424685,-21.28322410583496,0.5319307295984632,-0.9829663634300232
Ly75,0.2273557335138321,0.1460284143686294,-0.6991916298866272,0.4871698422896517,-1.2377532720565796,-0.6991916298866272,0.0005537065400556,-3.8252432346344,-0.6991916298866272,0.0075501375799582,-3.102413415908813
Pla2r1,0.0,0.0,0.0,0.9888502385877284,0.1005259156227111,0.0,1.0,0.0,0.0,1.0,0.0
Rbms1,0.4591863453388214,0.8291234970092773,1.1477975845336914,7.237248013874683e-21,9.692609786987305,1.1477975845336914,1.629229761570824e-25,11.06496810913086,1.1477975845336914,6.565333769587009e-19,9.439793586730955
Tank,0.2050207108259201,0.1931582242250442,-0.094827301800251,0.3954698656766154,1.3843598365783691,-0.094827301800251,0.7696610043746547,-0.544788658618927,-0.094827301800251,0.8554283414500907,-0.449977308511734
Psmd14,0.3091653883457184,0.616498589515686,1.2344467639923096,4.1286073299031176e-18,9.006180763244629,1.2344467639923096,4.833934933480301e-21,9.986571311950684,1.2344467639923096,3.1215351711116165e-16,8.684600830078125
Tbr1,0.0035387680400162,0.0,-21.757369995117188,0.9994412017932364,0.0010455889860168,-21.757369995117188,0.1750516476277115,-1.7329033613204956,-21.757369995117188,0.4247033279437463,-1.2144312858581543
Dpp4,0.3931694626808166,0.2375074028968811,-0.8453563451766968,0.0050226710621201,-3.250138759613037,-0.8453563451766968,1.215651388613877e-07,-5.665390491485596,-0.8453563451766968,2.8389138348552597e-05,-4.61336088180542
Fap,0.0,0.000480409245938,18.87425422668457,0.9888502385877284,0.1678170263767242,18.87425422668457,0.4679991859106411,1.0,18.87425422668457,0.5282133287683867,1.0
Ifih1,0.0945775881409645,0.2564848065376282,1.55950927734375,1.7056856202031604e-08,6.018485069274902,1.55950927734375,3.555769920038708e-11,7.068305015563965,1.55950927734375,2.4147641806444867e-09,6.410751819610596
Gca,0.0020451273303478,0.0067738001234829,1.7311878204345703,0.9888502385877284,0.3362315595149994,1.7311878204345703,0.3982859025823497,1.191517353057861,1.7311878204345703,0.516366454667683,1.055162787437439
Kcnh7,0.0010280378628522,0.0,-19.972204208374023,0.9888502385877284,0.0673658028244972,-19.972204208374023,0.4679991859106411,-1.0,-19.972204208374023,0.6832027011037286,-0.7008072733879089
Grb14,0.0,0.0,0.0,0.9888502385877284,0.1005259156227111,0.0,1.0,0.0,0.0,1.0,0.0
Cobll1,0.0092375958338379,0.1269206404685974,3.866118907928467,2.3679039765811686e-06,5.114797115325928,3.866118907928467,3.9022525079943385e-14,8.134296417236328,3.866118907928467,1.8727049744644425e-13,7.924063682556152
Slc38a11,0.0,0.0,0.0,0.9888502385877284,0.1005259156227111,0.0,1.0,0.0,0.0,1.0,0.0
Scn2a,0.0,0.0,0.0,0.9888502385877284,0.1005259156227111,0.0,1.0,0.0,0.0,1.0,0.0
Galnt3,0.0013442197814583,0.1436725109815597,6.843778610229492,6.719477406405213e-08,5.781509399414063,6.843778610229492,2.26018977030774e-18,9.476179122924805,6.843778610229492,3.7827653888771975e-18,9.437100410461426
Ttc21b,0.0329183228313922,0.0446648262441158,0.448776513338089,0.6502146005288407,1.0109351873397827,0.448776513338089,0.4498497022667743,1.1028592586517334,0.448776513338089,0.5537602052661518,0.9466185569763184
Stk39,0.034243144094944,0.4028167128562927,3.831776142120361,1.1058373813696344e-34,12.570817947387695,3.831776142120361,8.140871300485093e-43,15.43577003479004,3.831776142120361,4.643509970549363e-41,14.90475845336914
Cers6,0.0408609434962272,0.0944742783904075,1.2483091354370115,0.0211907420315091,2.7678980827331543,1.2483091354370115,0.0006899062158813,3.773109436035156,1.2483091354370115,0.0029931774113342,3.3957479000091557
Nostrin,0.0,0.001431216718629,20.44984436035156,0.9888502385877284,0.1678170263767242,20.44984436035156,0.4679991859106411,1.0,20.44984436035156,0.5282133287683867,1.0
Spc25,0.0123807890340685,0.0584867559373378,2.27346134185791,0.0637248243179398,2.336592674255371,2.27346134185791,4.01545316890327e-05,4.496190071105957,2.27346134185791,0.0001598806089227,4.20474910736084
Dhrs9,0.0,0.0048990314826369,22.22760009765625,0.9888502385877284,0.4369814991950989,22.22760009765625,0.1105376220790194,1.9771815538406368,22.22760009765625,0.1241871226418113,1.9771815538406368
Bbs5,0.0,0.0061924895271658,22.566556930541992,0.9888502385877284,0.3696903884410858,22.566556930541992,0.1587527826289723,1.7888896465301514,22.566556930541992,0.1774249720646879,1.7888896465301514
Fastkd1,0.0477431900799274,0.0364578291773796,-0.3972641825675964,0.9888502385877284,0.1109817996621131,-0.3972641825675964,0.4679991859106411,-1.001583218574524,-0.3972641825675964,0.627412011344914,-0.8329322934150696
Ppig,0.6404655575752258,0.73063063621521,0.2624351680278778,0.146504191584543,1.9510689973831177,0.2624351680278778,0.0330028420551636,2.509765863418579,0.2624351680278778,0.0921165112822649,2.121137380599976
Ccdc173,0.0197798907756805,0.0161123219877481,-0.298523485660553,0.9888502385877284,0.2331663519144058,-0.298523485660553,0.8000161762193108,-0.5015716552734375,-0.298523485660553,0.8817014953717833,-0.4121911823749542
Phospho2,0.119555078446865,0.1069125309586525,-0.1705362796783447,0.6623618561836212,0.994131088256836,-0.1705362796783447,0.6288456027016345,-0.7469285726547241,-0.1705362796783447,0.7406932675910225,-0.6169055104255676
Klhl23,0.0,0.0,0.0,0.9888502385877284,0.1005259156227111,0.0,1.0,0.0,0.0,1.0,0.0
Ssb,0.8649506568908691,1.1156023740768433,0.5772978067398071,8.592922562568473e-07,5.314131259918213,0.5772978067398071,1.4355527184848354e-11,7.156286716461182,0.5772978067398071,4.039823340616107e-08,5.921045780181885
Mettl5,0.1220604330301284,0.136696770787239,0.1741692125797271,0.1550909808237447,1.9228380918502808,0.1741692125797271,0.5946838431352884,0.7976785898208618,0.1741692125797271,0.702449491595009,0.6731178760528564
Ubr3,0.1470650434494018,0.1117198690772056,-0.4226143658161163,0.9888502385877284,0.0836471170186996,-0.4226143658161163,0.1212726368847046,-1.9275312423706052,-0.4226143658161163,0.2506336499641432,-1.583288311958313
Myo3b,0.0031650585588067,0.0042553194798529,0.4278220236301422,0.9888502385877284,0.2022467851638794,0.4278220236301422,0.9071498381718522,0.3490948677062988,0.4278220236301422,0.955692356126044,0.299978494644165
Gorasp2,0.1401522010564804,0.2327976077795028,0.8009871244430542,0.0001031370585108,4.298565864562988,0.8009871244430542,0.0001098421249069,4.245326519012451,0.8009871244430542,0.0010920202125656,3.691899538040161
Tlk1,0.3566367626190185,0.4486196637153625,0.4018292427062988,0.0019199604296103,3.5380489826202397,0.4018292427062988,0.0051880696249321,3.172940492630005,0.4018292427062988,0.0253976477106724,2.6717350482940674
Mettl8,0.1389442682266235,0.0358238331973552,-2.030983686447144,0.0834628723646152,-2.216947317123413,-2.030983686447144,1.2456605346116242e-11,-7.162633419036865,-2.030983686447144,7.062805348103316e-07,-5.40636682510376
Dcaf17,0.2563965022563934,0.1510459035634994,-0.8419622182846069,0.1662291748235927,-1.8869147300720213,-0.8419622182846069,1.5670376263347076e-05,-4.687727928161621,-0.8419622182846069,0.0007355697914498,-3.80231523513794
Cybrd1,0.0049090078100562,0.0,-22.23054313659668,0.9888502385877284,-0.0321145206689834,-22.23054313659668,0.1084399216117829,-1.9836252927780151,-22.23054313659668,0.3331039261069297,-1.3901389837265017
Dync1i2,0.3911055028438568,0.5129150152206421,0.4856258034706116,0.0006541719842842,3.836564779281616,0.4856258034706116,0.0003932733294159,3.919069290161133,0.4856258034706116,0.0035015920582307,3.34789776802063
Slc25a12,0.132400095462799,0.1381023079156875,0.0650394558906555,0.3755992292184972,1.4167730808258057,0.0650394558906555,0.9365542604297152,0.3074349761009216,0.0650394558906555,0.9831127389060168,0.2576229870319366
Hat1,0.1735526025295257,0.3299396634101867,1.044366478919983,5.1536061222831534e-08,5.8274407386779785,1.044366478919983,1.105536891627268e-08,6.116481304168701,1.044366478919983,7.068468493874898e-07,5.385059356689453
Metap1d,0.0920517742633819,0.0371174775063991,-1.3503998517990112,0.7371009679841388,-0.8945760726928711,-1.3503998517990112,7.789549881070735e-05,-4.319129943847656,-1.3503998517990112,0.0032560335268178,-3.3731391429901123
Dlx1,0.0010852044215425,0.0,-20.05031967163086,0.9888502385877284,0.0673658028244972,-20.05031967163086,0.4679991859106411,-1.0,-20.05031967163086,0.6832027011037286,-0.7008072733879089
Dlx2,0.0009968404192477,0.0,-19.927722930908203,0.9888502385877284,0.0673658028244972,-19.927722930908203,0.4679991859106411,-1.0,-19.927722930908203,0.6832027011037286,-0.7008072733879089
Itga6,0.1498574614524841,0.1441031098365783,-0.0607418902218341,0.7732378353728132,0.851333498954773,-0.0607418902218341,0.9485833070033544,-0.2894387543201446,-0.0607418902218341,0.9924797703197572,-0.2431132048368454
Pdk1,0.5270877480506897,0.0438866578042507,-3.951290845870972,7.371145486122846e-31,-11.844207763671877,-3.951290845870972,4.377639684611603e-84,-21.403718948364254,-3.951290845870972,1.7759502648031294e-43,-15.587053298950195
Rapgef4,0.3267436921596527,0.0,-28.525691986083984,2.375969952871188e-16,-8.539698600769043,-28.525691986083984,3.437488216413163e-64,-18.65790367126465,-28.525691986083984,1.021978322758237e-31,-13.075593948364258
Map3k20,0.0,0.0010303737362846,19.975481033325195,0.9888502385877284,0.1678170263767242,19.975481033325195,0.4679991859106411,1.0,19.975481033325195,0.5282133287683867,1.0
Cdca7,0.0280013214796781,0.1859279721975326,2.8471271991729736,1.5781216101637344e-10,6.764288425445557,2.8471271991729736,1.4701747837889913e-17,9.15583610534668,2.8471271991729736,5.551011653126173e-16,8.674954414367676
Sp3,0.5000597238540649,0.4573599994182586,-0.1620196998119354,0.8096370254819024,-0.8086137175559998,-0.1620196998119354,0.3193948749793177,-1.348760008811951,-0.1620196998119354,0.4714879710945854,-1.129225254058838
Ola1,0.4327820539474487,0.5889972448348999,0.5668581128120422,2.6009508330497688e-05,4.615229606628418,0.5668581128120422,3.44972513199409e-06,5.018219470977783,0.5668581128120422,0.0001357571248228,4.239829063415527
Sp9,0.001006131991744,0.0009749568998813,-0.0454317592084407,0.9888502385877284,0.1345822364091873,-0.0454317592084407,1.0,-0.0222518313676118,-0.0454317592084407,1.0,-0.0179639663547277
Cir1,0.2738787233829498,0.3594513535499573,0.4572394788265228,0.0007718887161058,3.791007041931152,0.4572394788265228,0.0062312146988514,3.112303733825684,0.4572394788265228,0.0270222722108435,2.6474406719207764
Scrn3,0.0146570708602666,0.0409121848642826,1.4999604225158691,0.349017726245138,1.465617060661316,1.4999604225158691,0.0123430789654835,2.883110523223877,1.4999604225158691,0.0288287701263834,2.622785806655884
Gpr155,0.0142263872548937,0.007176958490163,-0.9922189116477966,0.9994412017932364,0.0013443287461996,-0.9922189116477966,0.3128650766204427,-1.3624838590621948,-0.9922189116477966,0.5061610918786379,-1.0719596147537231
Wipf1,0.5039055943489075,0.70540851354599,0.6452162861824036,6.44708647280637e-07,5.3687262535095215,0.6452162861824036,1.3478731640642523e-08,6.069788932800293,0.6452162861824036,2.1985883605148128e-06,5.15818452835083
Chrna1,0.0,0.0,0.0,0.9888502385877284,0.1005259156227111,0.0,1.0,0.0,0.0,1.0,0.0
Chn1,0.0,0.0,0.0,0.9888502385877284,0.1005259156227111,0.0,1.0,0.0,0.0,1.0,0.0
Atf2,0.199576199054718,0.2251760363578796,0.1932331472635269,0.1554963574669096,1.921269774436951,0.1932331472635269,0.4563109945722924,1.0917062759399414,0.1932331472635269,0.5654422496743033,0.9287768006324768
Atp5g3,0.8734328150749207,1.4562631845474243,1.2376550436019895,4.4586715998376296e-46,14.516509056091309,1.2376550436019895,8.023776005431184e-54,16.642353057861328,1.2376550436019895,9.858445255776931e-38,13.826825141906738
Lnpk,0.1480147689580917,0.1835492253303527,0.3367666900157928,0.0187286123040319,2.813455820083618,0.3367666900157928,0.1802620532678834,1.7111748456954956,0.3367666900157928,0.3083588565500793,1.448725342750549
Mtx2,0.1317891478538513,0.2424008548259735,0.9614389538764954,1.4229503350532713e-06,5.216368675231934,0.9614389538764954,1.1960448416569742e-06,5.239867210388184,0.9614389538764954,3.8221407235017896e-05,4.543113708496094
Hnrnpa3,1.3476974964141846,1.6460473537445068,0.5554934740066528,3.1486246707158343e-12,7.329728126525879,0.5554934740066528,6.287038270582443e-17,8.809889793395996,0.5554934740066528,1.4412887850977018e-11,7.222413063049316
Nfe2l2,0.2346005588769912,0.1430464386940002,-0.7818422317504883,0.2735573604925264,-1.6132690906524658,-0.7818422317504883,0.0001102939317703,-4.23744535446167,-0.7818422317504883,0.0025795961803229,-3.441415309906006
Agps,0.1147865504026413,0.1704800277948379,0.6117782592773438,0.0028249807102125,3.425125360488892,0.6117782592773438,0.0103560770165059,2.942537307739258,0.6117782592773438,0.0365076103221621,2.528701066970825
Ttc30b,0.0056314649991691,0.0,-22.42914390563965,0.9888502385877284,-0.0652746260166168,-22.42914390563965,0.063289384661501,-2.2349696159362797,-22.42914390563965,0.2580239614465888,-1.5662829875946045
Ttc30a2,0.0010559529764577,0.0,-20.01087760925293,0.9888502385877284,0.0673658028244972,-20.01087760925293,0.4679991859106411,-1.0,-20.01087760925293,0.6832027011037286,-0.7008072733879089
Ttc30a1,0.0043930890969932,0.0060876184143126,0.4718655943870544,0.9888502385877284,0.3031461238861084,0.4718655943870544,0.8351862764121893,0.4511183500289917,0.4718655943870544,0.8980167339942199,0.3876040577888489
Pde11a,0.0121987992897629,0.0037289317697286,-1.716022491455078,0.9888502385877284,-0.1308479905128479,-1.716022491455078,0.1363393917779604,-1.866292953491211,-1.716022491455078,0.3122287877859606,-1.4398727416992188
Rbm45,0.04853380843997,0.0498135089874267,0.038477636873722,0.7823468927230424,0.8422219157218933,0.038477636873722,1.0,0.1113205403089523,0.038477636873722,1.0,0.0931169316172599
Osbpl6,0.0,0.0,0.0,0.9888502385877284,0.1005259156227111,0.0,1.0,0.0,0.0,1.0,0.0
Prkra,0.0216104816645383,0.0288307350128889,0.4211064875125885,0.9888502385877284,0.5627509355545044,0.4211064875125885,0.5702304321592814,0.835835874080658,0.4211064875125885,0.6832027011037286,0.7246853709220886
Fkbp7,0.0108644822612404,0.0241107903420925,1.159642457962036,0.8945309975659225,0.704577624797821,1.159642457962036,0.1663408958963817,1.762576699256897,1.159642457962036,0.2443726039153627,1.598414659500122
Plekha3,0.129007413983345,0.2044697403907776,0.7203798294067383,0.0003844324110926,3.973387479782105,0.7203798294067383,0.0008839747142591,3.700445890426636,0.7203798294067383,0.0057744252309661,3.1889591217041016
Ttn,0.0013425664510577,0.0,-20.357532501220703,0.9888502385877284,0.0673658028244972,-20.357532501220703,0.4679991859106411,-1.0,-20.357532501220703,0.6832027011037286,-0.7008072733879089
Ccdc141,0.0012608141405507,0.0187493860721588,3.907051086425781,0.7548176793525896,0.8739629983901978,3.907051086425781,0.0065866249888545,3.1022777557373047,3.907051086425781,0.0096333408324824,3.024881362915039
Sestd1,0.0047782366164028,0.0058908094651997,0.3027909100055694,0.9888502385877284,0.3029967546463012,0.3027909100055694,0.9451397243317154,0.2942991256713867,0.3027909100055694,0.9898784501804232,0.24708291888237
Cwc22,0.1727356165647506,0.1802082508802414,0.0666480585932731,0.2755341428882784,1.6083399057388306,0.0666480585932731,0.9040353594484491,0.3537805378437042,0.0666480585932731,0.9572731078334322,0.2972858846187591
Ube2e3,0.120655320584774,0.2381264269351959,1.068105936050415,1.2071351057523957e-06,5.2482590675354,1.068105936050415,3.073557170623611e-07,5.507808208465576,1.068105936050415,1.0521628718569104e-05,4.830472946166992
Itga4,0.627325177192688,2.130298852920532,3.0875258445739746,9.511949902240513e-150,26.28199958801269,3.0875258445739746,2.6346134349745263e-222,41.645416259765625,3.0875258445739746,2.2724282568405045e-162,34.69624710083008
Cerkl,0.0156389586627483,0.0482417456805706,1.6487808227539062,0.2961916856933061,1.565470814704895,1.6487808227539062,0.0039343681866863,3.265903949737549,1.6487808227539062,0.01014614237075,3.0035831928253174
Itprid2,0.0325856879353523,0.0387730561196804,0.2553057670593261,0.7244072958056069,0.9130232334136964,0.2553057670593261,0.7230127186514406,0.6106456518173218,0.2553057670593261,0.811180367126459,0.5154250264167786
Prdx6b,0.0,0.0,0.0,0.9888502385877284,0.1005259156227111,0.0,1.0,0.0,0.0,1.0,0.0
Dnajc10,0.198871299624443,0.1701123118400573,-0.2467303425073623,0.9888502385877284,0.4789544343948364,-0.2467303425073623,0.3133671634022523,-1.361402988433838,-0.2467303425073623,0.4737343224255612,-1.1248576641082764
Nckap1,0.0344376638531684,0.0535991601645946,0.6521466970443726,0.3548483900535639,1.454712986946106,0.6521466970443726,0.1659530318279554,1.763333439826965,0.6521466970443726,0.2751461297518221,1.5219920873641968
Dusp19,0.080643206834793,0.1090385913848877,0.4560206532478332,0.080317110988609,2.234647750854492,0.4560206532478332,0.1521696509269863,1.808970808982849,0.4560206532478332,0.2630738755630601,1.5508460998535156
Nup35,0.0692991837859153,0.1494159698486328,1.1672693490982056,5.8700365857785e-05,4.431654453277588,1.1672693490982056,1.1192534804385712e-05,4.77409029006958,1.1672693490982056,0.0001540757553672,4.208393573760986
Zc3h15,0.5219142436981201,0.584313690662384,0.2120703011751175,0.1525024703859617,1.930978775024414,0.2120703011751175,0.1305012198803954,1.8903613090515137,0.2120703011751175,0.24788311238613,1.5898637771606443
Itgav,0.0503933951258659,0.1768261343240738,1.9039533138275144,1.4716737380314196e-07,5.642894268035889,1.9039533138275144,1.3023303019737595e-11,7.228663444519043,1.9039533138275144,6.935640430084438e-10,6.620880603790283
Fam171b,0.0,0.0064265397377312,22.620248794555664,0.9888502385877284,0.3023992776870727,22.620248794555664,0.1832854183066391,1.7023063898086548,22.620248794555664,0.2053620570105568,1.7023063898086548
Calcrl,0.1014703810214996,0.040082398802042,-1.3848222494125366,0.4867851961840172,-1.2385748624801636,-1.3848222494125366,2.7375178021555296e-05,-4.560791969299316,-1.3848222494125366,0.0018227648526258,-3.547433853149414
Tfpi,0.0252838004380464,0.0281123276799917,0.1550389677286148,0.8820062030591833,0.7211576700210571,0.1550389677286148,0.9218825930793618,0.328046053647995,0.1550389677286148,0.972267663678546,0.2746091187000274
Ctnnd1,0.0003030791413038,0.0016771348891779,2.46921968460083,0.9888502385877284,0.1347316056489944,2.46921968460083,0.5897732589062625,0.8062288165092468,2.46921968460083,0.6546803973709652,0.7933361530303955
Btbd18,0.0009482273017056,0.0,-19.855558395385746,0.9888502385877284,0.0673658028244972,-19.855558395385746,0.4679991859106411,-1.0,-19.855558395385746,0.6832027011037286,-0.7008072733879089
Selenoh,0.5327028036117554,0.7285369038581848,0.6076830625534058,1.525978477539452e-05,4.73203706741333,0.6076830625534058,5.293139497828336e-07,5.400083541870117,0.6076830625534058,2.173571514000384e-05,4.670942783355713
Tmx2,0.1272687166929245,0.1253289431333542,-0.0235868971794843,0.3605936702127905,1.4440330266952517,-0.0235868971794843,1.0,-0.1102062240242958,-0.0235868971794843,1.0,-0.0911390259861946
Med19,0.1523685455322265,0.1640982925891876,0.1156793683767318,0.2560199300217325,1.651881217956543,0.1156793683767318,0.7458430448861911,0.5794345140457153,0.1156793683767318,0.8294034211088385,0.4884926676750183
Zdhhc5,0.1262427419424057,0.1663457602262497,0.4276180267333984,0.0185484141653162,2.816816806793213,0.4276180267333984,0.0926807527667233,2.0606305599212646,0.4276180267333984,0.185056853682781,1.7638533115386963
Clp1,0.1098379045724868,0.1768403351306915,0.7365575432777405,0.0012860097323893,3.6518688201904297,0.7365575432777405,0.0018489476773036,3.490379810333252,0.7365575432777405,0.0095556825812384,3.0222179889678955
Ypel4,0.0,0.0,0.0,0.9888502385877284,0.1005259156227111,0.0,1.0,0.0,0.0,1.0,0.0
Ube2l6,0.0148253524675965,0.1123170852661132,2.992509603500366,0.0002049624100365,4.131495475769043,2.992509603500366,6.104621939650752e-11,7.01947546005249,2.992509603500366,4.6006556553554127e-10,6.713916301727295
Timm10,0.1924058347940445,0.1823216527700424,-0.0851679220795631,0.3492713651539616,1.464944839477539,-0.0851679220795631,0.8138008309490455,-0.4828002452850342,-0.0851679220795631,0.8898186833998741,-0.3997377753257751
Slc43a1,0.0013602261897176,0.0007112665334716,-0.9358516335487366,0.9888502385877284,0.1014968156814575,-0.9358516335487366,0.8044611984723492,-0.4956048727035522,-0.9358516335487366,0.9053598220245496,-0.3767570257186889
Slc43a3,0.0062549305148422,0.0942436605691909,3.9773316383361816,0.0004677823284768,3.92319917678833,3.9773316383361816,2.937008171838588e-11,7.150426864624023,3.9773316383361816,1.0074731292431336e-10,6.979866981506348
Prg2,0.0,0.0,0.0,0.9888502385877284,0.1005259156227111,0.0,1.0,0.0,0.0,1.0,0.0
P2rx3,0.0,0.0,0.0,0.9888502385877284,0.1005259156227111,0.0,1.0,0.0,0.0,1.0,0.0
Ssrp1,0.5047146081924438,0.6844797134399414,0.5819868445396423,4.551092347839915e-05,4.489460468292236,0.5819868445396423,6.801402613487838e-07,5.3487749099731445,0.5819868445396423,3.2551117546420284e-05,4.579207420349121
Tnks1bp1,0.0114458100870251,0.0554819144308567,2.309140205383301,0.1818206855299629,1.8403112888336184,2.309140205383301,0.0002313990641908,4.069844722747803,2.309140205383301,0.0006241590093285,3.85049819946289
Olfr52,0.0,0.0,0.0,0.9888502385877284,0.1005259156227111,0.0,1.0,0.0,0.0,1.0,0.0
Olfr1090,0.0,0.0,0.0,0.9888502385877284,0.1005259156227111,0.0,1.0,0.0,0.0,1.0,0.0
Olfr259,0.0,0.0,0.0,0.9888502385877284,0.1005259156227111,0.0,1.0,0.0,0.0,1.0,0.0
Olfr1122,0.0,0.0,0.0,0.9888502385877284,0.1005259156227111,0.0,1.0,0.0,0.0,1.0,0.0
Olfr1124,0.0,0.003010578919202,21.52378273010254,0.9888502385877284,0.2351081520318985,21.52378273010254,0.3097458183323471,1.3713403940200806,21.52378273010254,0.3421414757274557,1.3713403940200806
Olfr1129,0.0,0.0,0.0,0.9888502385877284,0.1005259156227111,0.0,1.0,0.0,0.0,1.0,0.0
Olfr1152,0.0,0.0,0.0,0.9888502385877284,0.1005259156227111,0.0,1.0,0.0,0.0,1.0,0.0
Olfr1156,0.0,0.0033454115036875,21.676166534423828,0.9888502385877284,0.2351081520318985,21.676166534423828,0.3055115795445677,1.3810381889343262,21.676166534423828,0.3373922934392612,1.3810381889343262
Olfr1160,0.0,0.0,0.0,0.9888502385877284,0.1005259156227111,0.0,1.0,0.0,0.0,1.0,0.0
Olfr1167,0.0,0.0,0.0,0.9888502385877284,0.1005259156227111,0.0,1.0,0.0,0.0,1.0,0.0
Olfr1175,0.0,0.0,0.0,0.9888502385877284,0.1005259156227111,0.0,1.0,0.0,0.0,1.0,0.0
Olfr1191-ps1,0.0,0.0,0.0,0.9888502385877284,0.1005259156227111,0.0,1.0,0.0,0.0,1.0,0.0
Olfr1238,0.0,0.0018877029651775,20.84956359863281,0.9888502385877284,0.1678170263767242,20.84956359863281,0.4679991859106411,1.0,20.84956359863281,0.5282133287683867,1.0
Olfr1260,0.0020253015682101,0.0,-20.95116806030273,0.9888502385877284,0.0342056974768638,-20.95116806030273,0.2942789202292576,-1.4145301580429075,-20.95116806030273,0.5299909986835808,-0.9913129806518556
Ptprj,0.006980322767049,0.1216258257627487,4.206597328186035,2.9117399662420213e-05,4.589837074279785,4.206597328186035,1.9070530717620242e-13,7.913384437561035,4.206597328186035,6.482176112349394e-13,7.755632877349853
Nup160,0.0691131055355072,0.0694931149482727,0.0081880735233426,0.6800826166536565,0.972248375415802,0.0081880735233426,1.0,0.0282892249524593,0.0081880735233426,1.0,0.0237421318888664
Fnbp4,0.3478598892688751,0.3639678061008453,0.0776115879416465,0.3574737106760725,1.449858546257019,0.0776115879416465,0.7668860174140896,0.548729658126831,0.0776115879416465,0.8461699087498251,0.4634489119052887
Agbl2,0.0,0.0,0.0,0.9888502385877284,0.1005259156227111,0.0,1.0,0.0,0.0,1.0,0.0
Mtch2,0.2640812695026397,0.4695080518722534,0.9873889684677124,1.910753596204733e-10,6.735833644866943,0.9873889684677124,5.3686122183332265e-12,7.323629379272461,0.9873889684677124,3.4196806544593718e-09,6.344892501831055
C1qtnf4,0.0437391027808189,0.0339897908270359,-0.3709003329277038,0.9888502385877284,0.2755873799324035,-0.3709003329277038,0.5064909090956461,-0.9356482028961182,-0.3709003329277038,0.6717378926857128,-0.7681391835212708
Ndufs3,0.4843136966228485,0.6599684357643127,0.5851789712905884,1.736991645292522e-05,4.70395565032959,0.5851789712905884,2.3361742615597045e-07,5.550693035125732,0.5851789712905884,2.001519919010139e-05,4.689377307891846
Kbtbd4,0.062564767897129,0.0756909325718879,0.2843475937843323,0.3556684947035981,1.453144669532776,0.2843475937843323,0.4942299138808542,0.9559972286224364,0.2843475937843323,0.6403760572668311,0.8132814168930054
Ptpmt1,0.1209189817309379,0.1686441153287887,0.5151983499526978,0.0121014943835182,2.9667840003967285,0.5151983499526978,0.0386914147323781,2.4447250366210938,0.5151983499526978,0.0961366293736099,2.100860118865967
Celf1,0.4808716475963592,0.5638796091079712,0.2948022782802582,0.022970293219908,2.737874746322632,0.2948022782802582,0.0329537955386759,2.5104689598083496,0.2948022782802582,0.0912855887740055,2.1254024505615234
Rapsn,0.0025573612656444,0.0127325328066945,2.323140382766724,0.8101867390177802,0.8073440790176392,2.323140382766724,0.050300018298648,2.3378775119781494,2.323140382766724,0.0802116689135294,2.1858627796173096
Psmc3,0.408116728067398,0.6573148369789124,0.8832421898841858,6.863260302723935e-11,6.889012336730957,0.8832421898841858,3.298677708319668e-13,7.717891693115234,0.8832421898841858,6.63271847482586e-10,6.617092132568359
Slc39a13,0.031043542549014,0.0236128084361553,-0.4001080393791199,0.9888502385877284,0.2503438889980316,-0.4001080393791199,0.539542688157168,-0.8824512362480164,-0.4001080393791199,0.6832027011037286,-0.7179057598114014
Spi1,0.0033383714035153,0.0084283547475934,1.339781641960144,0.9888502385877284,0.2370499670505523,1.339781641960144,0.4679991859106411,1.0515897274017334,1.339781641960144,0.5308695876200127,0.9846786856651306
Mybpc3,0.0,0.0,0.0,0.9888502385877284,0.1005259156227111,0.0,1.0,0.0,0.0,1.0,0.0
Madd,0.3499481678009033,0.4230548143386841,0.3298268616199493,0.0127443486010314,2.948859691619873,0.3298268616199493,0.0347793190193716,2.4884870052337646,0.3298268616199493,0.0945140781350487,2.1087355613708496
Nr1h3,0.0025282311253249,0.0047676232643425,0.9167581796646118,0.9888502385877284,0.2356309443712234,0.9167581796646118,0.6892546292589927,0.6588062047958374,0.9167581796646118,0.7666067846123393,0.5786449313163757
Acp2,0.0238053053617477,0.0361480377614498,0.6115821003913879,0.7653012809544718,0.860370397567749,0.6115821003913879,0.356343958986593,1.272469401359558,0.6115821003913879,0.4788974676554572,1.116508722305298
Ddb2,0.1057921051979065,0.0818213075399398,-0.3882452249526977,0.9888502385877284,0.4661833047866821,-0.3882452249526977,0.2383384617804138,-1.5468642711639404,-0.3882452249526977,0.3992706095490018,-1.2596098184585571
Pacsin3,0.0,0.0021620616316795,21.04553604125977,0.9888502385877284,0.2351081520318985,21.04553604125977,0.3191385272714944,1.3505022525787354,21.04553604125977,0.3520596350854004,1.3505022525787354
Arfgap2,0.2824640870094299,0.3136996924877167,0.1749662458896637,0.1793311286539852,1.8473316431045528,0.1749662458896637,0.3990186694777189,1.1892863512039185,0.1749662458896637,0.5282133287683867,1.0059229135513306
1110051M20Rik,0.017824063077569,0.0107556898146867,-0.7338370680809021,0.9888502385877284,0.1324910670518875,-0.7338370680809021,0.3899244415056152,-1.2064749002456665,-0.7338370680809021,0.541302499853597,-0.9661057591438292
Lrp4,0.0,0.0,0.0,0.9888502385877284,0.1005259156227111,0.0,1.0,0.0,0.0,1.0,0.0
Ckap5,0.1233251243829727,0.1716119199991226,0.512370228767395,0.0098392002964548,3.0360169410705566,0.512370228767395,0.0348934855685656,2.4874417781829834,0.512370228767395,0.0902883615360506,2.1303327083587646
F2,0.0010745108593255,0.0,-20.03602600097656,0.9888502385877284,0.0673658028244972,-20.03602600097656,0.4679991859106411,-1.0,-20.03602600097656,0.6832027011037286,-0.7008072733879089
Zfp408,0.0391977950930595,0.0189746227115392,-1.0613598823547363,0.9888502385877284,-0.208370953798294,-1.0613598823547363,0.057191829633154,-2.2789368629455566,-1.0613598823547363,0.1735393543417265,-1.7990750074386597
Arhgap1,0.2048457860946655,0.2950435280799866,0.5941606760025024,0.0001327403348846,4.238519191741943,0.5941606760025024,0.0008648740861879,3.7060470581054688,0.5941606760025024,0.0060162798128449,3.1761698722839355
Atg13,0.0669995620846748,0.0785224661231041,0.2373666614294052,0.3829158805239394,1.4048235416412354,0.2373666614294052,0.5843139455484607,0.8142470717430115,0.2373666614294052,0.6927328215605356,0.6870113611221313
Harbi1,0.052413560450077,0.044059969484806,-0.2565459609031677,0.9888502385877284,0.3285389840602875,-0.2565459609031677,0.6492946593657702,-0.7160136699676514,-0.2565459609031677,0.7539363582672733,-0.5971238613128662
Ambra1,0.0816446393728256,0.075432077050209,-0.1187203824520111,0.9727628394540874,0.6068897247314453,-0.1187203824520111,0.8610810226941036,-0.4150916039943695,-0.1187203824520111,0.9251538254482644,-0.3475802540779114
Chrm4,0.0,0.002085362561047,20.993371963500977,0.9888502385877284,0.2351081520318985,20.993371963500977,0.3118387397681524,1.366505742073059,20.993371963500977,0.3443567979252936,1.366505742073059
Mdk,0.0077531584538519,0.0054963855072855,-0.4979304671287536,0.9888502385877284,0.1689373105764389,-0.4979304671287536,0.7881677814263114,-0.5184620022773743,-0.4979304671287536,0.880094311392687,-0.4145606756210327
Dgkz,0.4201449155807495,0.5343884229660034,0.4359410405158996,0.0017675048029912,3.5621724128723145,0.4359410405158996,0.0011134617285595,3.6338212490081783,0.4359410405158996,0.0078562475815826,3.088369846343994
Creb3l1,0.007344904821366,0.0271293614059686,1.899351716041565,0.6800826166536565,0.9723977446556092,1.899351716041565,0.025279174202252,2.617901086807251,1.899351716041565,0.0482644847548911,2.4115183353424072
Phf21a,0.293100893497467,0.1298534721136093,-1.2964177131652832,0.0006937555979327,-3.820507526397705,-1.2964177131652832,2.467380785453465e-12,-7.398490905761719,-1.2964177131652832,6.660522741681796e-08,-5.84182596206665
Large2,0.0013197114458307,0.0,-20.332744598388672,0.9888502385877284,0.0673658028244972,-20.332744598388672,0.4679991859106411,-1.0,-20.332744598388672,0.6832027011037286,-0.7008072733879089
Pex16,0.0912951901555061,0.1579320430755615,0.8397599458694458,0.0028303033367505,3.424527883529663,0.8397599458694458,0.0010608499170346,3.650127410888672,0.8397599458694458,0.0056642510254957,3.195441722869873
1700029I15Rik,0.0010558445937931,0.0039664255455136,1.9115413427352903,0.9888502385877284,0.2690151035785675,1.9115413427352903,0.4679991859106411,1.0643881559371948,1.9115413427352903,0.5299909986835808,0.9906228184700012
Mapk8ip1,0.0,0.0,0.0,0.9888502385877284,0.1005259156227111,0.0,1.0,0.0,0.0,1.0,0.0
Cry2,0.0448775291442871,0.0223343931138515,-1.0230783224105835,0.9888502385877284,-0.156091496348381,-1.0230783224105835,0.0428569852287224,-2.4015610218048096,-1.0230783224105835,0.1485194375726342,-1.88190233707428
Slc35c1,0.0846685394644737,0.1273219138383865,0.6198942065238953,0.0133861253796522,2.931607484817505,0.6198942065238953,0.0294039519761885,2.556100368499756,0.6198942065238953,0.077553331863435,2.2013819217681885
Prdm11,0.0510761588811874,0.026604039594531,-0.9587717652320862,0.9888502385877284,-0.0882775858044624,-0.9587717652320862,0.0490213958571553,-2.345869779586792,-0.9587717652320862,0.1586777218280727,-1.8468438386917116
Trp53i11,0.1296272575855255,0.2303885966539383,0.9045635461807252,1.281037870230817e-05,4.769528865814209,0.9045635461807252,1.7941130488653763e-05,4.66746711730957,0.9045635461807252,0.0002641410860037,4.072222232818604
Tspan18,0.0,0.0,0.0,0.9888502385877284,0.1005259156227111,0.0,1.0,0.0,0.0,1.0,0.0
Cd82,0.3594040274620056,0.7458975315093994,1.3577011823654177,8.988397363316733e-26,10.80332374572754,1.3577011823654177,5.05296154513778e-29,11.900897979736328,1.3577011823654177,4.571532165188407e-22,10.266401290893556
Ext2,0.1331709176301956,0.1564633101224899,0.2497525960206985,0.103205827421616,2.1213507652282715,0.2497525960206985,0.3865889862012603,1.21354341506958,0.2497525960206985,0.5282133287683867,1.0294121503829956
Accs,0.0418189764022827,0.0799550041556358,0.9628190398216248,0.1356417134915002,1.989830493927002,0.9628190398216248,0.0167014253096499,2.773787021636963,0.9628190398216248,0.0425471889415606,2.4644670486450195
Gm13889,0.0,0.0,0.0,0.9888502385877284,0.1005259156227111,0.0,1.0,0.0,0.0,1.0,0.0
Alkbh3,0.1100655347108841,0.1573943048715591,0.5509216785430908,0.0073044265393094,3.132734060287476,0.5509216785430908,0.0280886047940348,2.57436203956604,0.5509216785430908,0.0772986474073253,2.2028815746307373
Hsd17b12,0.2093049138784408,0.2364207506179809,0.1960361748933792,0.0606632474806882,2.357131004333496,0.1960361748933792,0.4005285977975705,1.186485767364502,0.1960361748933792,0.5282133287683867,1.0002633333206177
Ttc17,0.0955234691500663,0.0761012956500053,-0.3421445488929748,0.9888502385877284,0.3900046944618225,-0.3421445488929748,0.3471577300532607,-1.2912278175354004,-0.3421445488929748,0.5132111201419008,-1.0605826377868652
Api5,0.2914614081382751,0.3742443025112152,0.4236972033977508,0.0032064708630599,3.3877084255218506,0.4236972033977508,0.009045657934181,2.98842453956604,0.4236972033977508,0.036021654620428,2.534177780151367
Gm10801,0.0012132634874433,0.0,-20.21133804321289,0.9888502385877284,0.0673658028244972,-20.21133804321289,0.4679991859106411,-1.0,-20.21133804321289,0.6832027011037286,-0.7008072733879089
Gm10800,0.0019904063083231,0.0,-20.92606735229492,0.9888502385877284,0.0342056974768638,-20.92606735229492,0.2970076761307177,-1.4007534980773926,-20.92606735229492,0.5324940856433361,-0.9816582202911376
B230118H07Rik,0.0067400219850242,0.0036123027093708,-0.9020923972129822,0.9888502385877284,0.0691582411527633,-0.9020923972129822,0.5191035113496603,-0.9153999090194702,-0.9020923972129822,0.6832027011037286,-0.718694806098938
Traf6,0.0742227062582969,0.1067885309457779,0.5486696362495422,0.1119440127751197,2.0830373764038086,0.5486696362495422,0.102316977252611,2.013744115829468,0.5486696362495422,0.1894060958813832,1.7504982948303225
Prr5l,0.0,0.0082964990288019,22.99006080627441,0.9888502385877284,0.5042726397514343,22.99006080627441,0.0465467712252737,2.373163938522339,22.99006080627441,0.0532395238709873,2.373163938522339
Commd9,0.0763705670833587,0.0895854532718658,0.239912137389183,0.3316229832149026,1.4971340894699097,0.239912137389183,0.5389440324502692,0.8834521770477295,0.239912137389183,0.6811123392753284,0.7543830275535583
Ldlrad3,0.0003030791413038,0.0,-18.20955848693848,0.9888502385877284,0.0673658028244972,-18.20955848693848,0.4679991859106411,-1.0,-18.20955848693848,0.6832027011037286,-0.7008072733879089
Trim44,0.3083567917346954,0.3146704137325287,0.034031007438898,0.4080518217799629,1.3630746603012085,0.034031007438898,0.9863887719677618,0.2353824526071548,0.034031007438898,1.0,0.1976054906845092
Slc1a2,0.0,0.0,0.0,0.9888502385877284,0.1005259156227111,0.0,1.0,0.0,0.0,1.0,0.0
Cd44,0.0458414629101753,0.6262623071670532,4.21410083770752,6.3601759050595614e-68,17.65730857849121,4.21410083770752,2.990260428564825e-71,21.424116134643555,4.21410083770752,1.642536342887766e-69,20.69632148742676
Pdhx,0.0594932958483696,0.0666694268584251,0.1695292592048645,0.4396574764497389,1.3132597208023071,0.1695292592048645,0.759794280053211,0.5595178008079529,0.1695292592048645,0.8420196715790217,0.4697084426879883
Apip,0.0550888888537883,0.1163673400878906,1.1236873865127563,0.0056501880133835,3.2137670516967773,1.1236873865127563,0.0003550998986375,3.950077772140503,1.1236873865127563,0.0020094976381707,3.515629291534424
Cat,0.1366152465343475,0.200766459107399,0.6029754281044006,0.0023759026899966,3.476508617401123,0.6029754281044006,0.0073418100388714,3.059171676635742,0.6029754281044006,0.0273180127279322,2.6432223320007324
Abtb2,0.1102087125182151,0.1096585541963577,-0.0076241353526711,0.5176557978337185,1.1927930116653442,-0.0076241353526711,1.0,-0.0318802185356617,-0.0076241353526711,1.0,-0.0267011038959026
Nat10,0.0980122834444046,0.1573491692543029,0.7266479730606079,0.0100256846787769,3.0296688079833984,0.7266479730606079,0.0051022969469895,3.1803579330444336,0.7266479730606079,0.0192874085762859,2.775207996368408
Caprin1,0.502217173576355,0.5464097261428833,0.156322956085205,0.7342756254645951,0.8977128267288208,0.156322956085205,0.2901020423384917,1.428071141242981,0.156322956085205,0.4314355761188533,1.1970627307891846
Lmo2,0.0027839057147502,0.001267853542231,-1.1358156204223633,0.9888502385877284,0.1345822364091873,-1.1358156204223633,0.8044611984723492,-0.4956011474132538,-1.1358156204223633,0.914653664686354,-0.3635749518871307
4931422A03Rik,0.0012587441597133,0.0,-20.264463424682617,0.9888502385877284,0.0673658028244972,-20.264463424682617,0.4679991859106411,-1.0,-20.264463424682617,0.6832027011037286,-0.7008072733879089
Fbxo3,0.1461827009916305,0.1822985410690307,0.3452952206134796,0.0483506682019388,2.4516820907592773,0.3452952206134796,0.1630996339001613,1.772512435913086,0.3452952206134796,0.2803422097893726,1.510649561882019
Cd59b,0.0,0.0,0.0,0.9888502385877284,0.1005259156227111,0.0,1.0,0.0,0.0,1.0,0.0
Cd59a,0.0,0.0,0.0,0.9888502385877284,0.1005259156227111,0.0,1.0,0.0,0.0,1.0,0.0
D430041D05Rik,0.0,0.0,0.0,0.9888502385877284,0.1005259156227111,0.0,1.0,0.0,0.0,1.0,0.0
Hipk3,0.1092998832464218,0.1081889048218727,-0.0155552169308066,0.63734907381644,1.0273659229278564,-0.0155552169308066,1.0,-0.064624398946762,-0.0155552169308066,1.0,-0.0541575215756893
Cstf3,0.2226699143648147,0.2899214923381805,0.4313372671604156,0.0064121713830338,3.1742587089538574,0.4313372671604156,0.0218440383079269,2.672044277191162,0.4313372671604156,0.0645979318754922,2.284785509109497
Tcp11l1,0.0026829962152987,0.0017911676550284,-0.5835879445075989,0.9888502385877284,0.1013474464416503,-0.5835879445075989,0.9132228359341356,-0.3395331799983978,-0.5835879445075989,0.97344032277779,-0.272342175245285
Depdc7,0.0,0.0,0.0,0.9888502385877284,0.1005259156227111,0.0,1.0,0.0,0.0,1.0,0.0
Qser1,0.0232676565647125,0.0,-24.48863983154297,0.9888502385877284,-0.5295161604881287,-24.48863983154297,6.526003165906833e-05,-4.36839485168457,-24.48863983154297,0.0087450445270562,-3.0614027976989746
Prrg4,0.0097836973145604,0.0005095215165056,-4.269857883453369,0.9888502385877284,-0.0980613082647323,-4.269857883453369,0.0234370521753175,-2.644669771194458,-4.269857883453369,0.1543846765737628,-1.8634402751922607
Ccdc73,0.0092132929712533,0.0158823579549789,0.7904570698738098,0.9888502385877284,0.3725284337997436,0.7904570698738098,0.496263344994398,0.9528471231460572,0.7904570698738098,0.6132422851831444,0.854533851146698
Eif3m,1.17605459690094,1.3730775117874146,0.3949792385101318,1.993880258989531e-05,4.674006938934326,0.3949792385101318,2.8411607360177855e-08,5.929941177368164,0.3949792385101318,9.397532838044956e-06,4.857217311859131
Rcn1,0.1483336687088012,0.1952943354845047,0.4316486716270447,0.0075689037379673,3.1210830211639404,0.4316486716270447,0.0531649792409029,2.31179141998291,0.4316486716270447,0.1249097458946713,1.9715646505355835
Pax6,0.0,0.0,0.0,0.9888502385877284,0.1005259156227111,0.0,1.0,0.0,0.0,1.0,0.0
Elp4,0.0493238717317581,0.0567650943994522,0.2081333100795745,0.5454269920985754,1.1526124477386477,0.2081333100795745,0.7056445248058967,0.6356330513954163,0.2081333100795745,0.7970733943552052,0.5355110764503479
Immp1l,0.2722247540950775,0.3279308080673218,0.3107834160327911,0.0071420142955068,3.1403517723083496,0.3107834160327911,0.0737249412811332,2.165672063827514,0.3107834160327911,0.1637784858766351,1.829890489578247
Dnajc24,0.0918564572930336,0.1946103572845459,1.1590256690979004,2.6887171708374666e-06,5.089777946472168,1.1590256690979004,7.100675452699376e-07,5.347862720489502,1.1590256690979004,1.7299798041602377e-05,4.721787929534912
Mpped2,0.0017532132333144,0.001431216718629,-0.2929914593696594,0.9888502385877284,0.1345822364091873,-0.2929914593696594,1.0,-0.1422739923000335,-0.2929914593696594,1.0,-0.1117201149463653
Arl14ep,0.0675125792622566,0.1806472837924957,1.503244161605835,1.044105015644733e-05,4.812099456787109,1.503244161605835,1.6560169946835724e-08,6.0548295974731445,1.503244161605835,4.871298388720845e-07,5.460447311401367
Kcna4,0.0,0.0013095693429931,20.32160758972168,0.9888502385877284,0.1678170263767242,20.32160758972168,0.4679991859106411,1.0,20.32160758972168,0.5282133287683867,1.0
Mettl15,0.0162533298134803,0.0356930419802665,1.1489911079406738,0.5616250031962425,1.129385471343994,1.1489911079406738,0.0643831610296276,2.2282605171203613,1.1489911079406738,0.1177133375563452,2.0025317668914795
Kif18a,0.0310270432382822,0.0471353381872177,0.6149783730506897,0.3679832680395915,1.430963158607483,0.6149783730506897,0.2275020853828026,1.5748497247695925,0.6149783730506897,0.3516715241442739,1.3504149913787842
Lin7c,0.1955239474773407,0.2285813391208648,0.2500501573085785,0.0624681261369324,2.3449573516845703,0.2500501573085785,0.281301170610788,1.447702407836914,0.2500501573085785,0.4187379633710141,1.22533118724823
Lgr4,0.0,0.0005095215165056,18.95915412902832,0.9888502385877284,0.1678170263767242,18.95915412902832,0.4679991859106411,1.0,18.95915412902832,0.5282133287683867,1.0
Ccdc34,0.084885723888874,0.1500996351242065,0.8702893853187561,0.003647940714888,3.348797559738159,0.8702893853187561,0.0022603813766104,3.4315779209136963,0.8702893853187561,0.0102978123388138,2.9975056648254395
Olfr1279,0.0,0.0,0.0,0.9888502385877284,0.1005259156227111,0.0,1.0,0.0,0.0,1.0,0.0
Olfr1284,0.0,0.0,0.0,0.9888502385877284,0.1005259156227111,0.0,1.0,0.0,0.0,1.0,0.0
Olfr1307,0.0013591191964223,0.0,-20.375221252441406,0.9888502385877284,0.0673658028244972,-20.375221252441406,0.4679991859106411,-1.0,-20.375221252441406,0.6832027011037286,-0.7008072733879089
Lpcat4,0.0449874475598335,0.2271005511283874,2.470080852508545,9.686570989014637e-12,7.172292232513428,2.470080852508545,1.6500368290425514e-17,9.134267807006836,2.470080852508545,8.36811226243321e-16,8.614204406738281
Nutm1,0.0013092125300318,0.0,-20.321212768554688,0.9888502385877284,0.0673658028244972,-20.321212768554688,0.4679991859106411,-1.0,-20.321212768554688,0.6832027011037286,-0.7008072733879089
Nop10,1.027185559272766,0.8382787704467773,-0.4503419101238251,1.0801609617606094e-08,-6.095261096954346,-0.4503419101238251,8.635078087718824e-07,-5.297482013702393,-0.4503419101238251,6.063329985093801e-05,-4.435729503631592
Slc12a6,0.1698268502950668,0.2157141864299774,0.3792201280593872,0.0326568604448584,2.6071014404296875,0.3792201280593872,0.1058315728009095,1.9962003231048584,0.3792201280593872,0.1987963867193264,1.7210925817489624
Emc4,0.2114978730678558,0.2649492919445038,0.3651594221591949,0.0194390649704906,2.7999379634857178,0.3651594221591949,0.0627163329920769,2.239604949951172,0.3651594221591949,0.1389863089698245,1.9150993824005127
Katnbl1,0.1156337112188339,0.1733396351337433,0.6266679167747498,0.0034668219456464,3.3648548126220703,0.6266679167747498,0.0088359356468122,2.9966487884521484,0.6266679167747498,0.0326386823159859,2.573782444000244
Emc7,0.368036150932312,0.5221647620201111,0.6240577697753906,1.9140786617771117e-05,4.6826701164245605,0.6240577697753906,1.3234240952769702e-06,5.2162909507751465,0.6240577697753906,5.3689805927073965e-05,4.463593006134033
Aven,0.2040831744670868,0.2939485907554626,0.5939181447029114,0.0002957195855375,4.039483547210693,0.5939181447029114,0.0009709958753567,3.674460649490357,0.5939181447029114,0.0063472901962847,3.158202171325684
Ryr3,0.0,0.0091751115396618,23.13591766357422,0.9888502385877284,0.4369814991950989,23.13591766357422,0.0717431269110063,2.181866407394409,23.13591766357422,0.0814084261277777,2.181866407394409
Fmn1,0.0,0.0,0.0,0.9888502385877284,0.1005259156227111,0.0,1.0,0.0,0.0,1.0,0.0
Scg5,0.0121223153546452,0.0021267000120133,-2.518194913864136,0.9888502385877284,-0.1976163238286972,-2.518194913864136,0.0461770596538938,-2.3705894947052,-2.518194913864136,0.1797478158404262,-1.7805691957473757
Arhgap11a,0.0234237127006053,0.0583091638982296,1.3410887718200684,0.0977525516316285,2.1459219455718994,1.3410887718200684,0.0035918266309146,3.292375087738037,1.3410887718200684,0.0113071254021587,2.9653444290161133
Aqr,0.3859363496303558,0.3294112980365753,-0.2716725170612335,0.7508418612849502,-0.8790416121482849,-0.2716725170612335,0.0990187161057713,-2.029557943344116,-0.2716725170612335,0.2103549751752347,-1.6865981817245483
Zfp770,0.0478237718343734,0.049234215170145,0.0429590940475463,0.8106133710479172,0.8057010173797607,0.0429590940475463,1.0,0.1224955916404724,0.0429590940475463,1.0,0.1027382537722587
Dph6,0.1262536942958831,0.0834704786539077,-0.628388524055481,0.9888502385877284,0.0563124343752861,-0.628388524055481,0.0216728806451164,-2.673496961593628,-0.628388524055481,0.087151373991013,-2.147425889968872
BC052040,0.0073415716178715,0.028790395706892,1.9869452714920044,0.6033177904961077,1.0729236602783203,1.9869452714920044,0.0170564146497449,2.7682368755340576,1.9869452714920044,0.0305700626393674,2.6003875732421875
Meis2,0.0,0.0,0.0,0.9888502385877284,0.1005259156227111,0.0,1.0,0.0,0.0,1.0,0.0
Spred1,0.0462253764271736,0.0540922097861766,0.23245769739151,0.6202703434916614,1.0505928993225098,0.23245769739151,0.6879957235507709,0.6606552004814148,0.23245769739151,0.7783739622616388,0.5613096952438354
Fam98b,0.1180169582366943,0.160857081413269,0.4784061312675476,0.0127858143601242,2.9474406242370605,0.4784061312675476,0.0554454116296092,2.2937166690826416,0.4784061312675476,0.128043618361256,1.9581537246704104
Rasgrp1,0.5647194385528564,0.3146487772464752,-1.037353277206421,1.016251492473234e-07,-5.708990573883057,-1.037353277206421,3.932338479705e-15,-8.277283668518066,-1.037353277206421,6.198856367197134e-10,-6.641514778137207
Thbs1,0.0014041684335097,0.0,-20.422298431396484,0.9888502385877284,0.0342056974768638,-20.422298431396484,0.377901262795873,-1.229876160621643,-20.422298431396484,0.6091398982355846,-0.8619061708450317
Fsip1,0.0,0.0,0.0,0.9888502385877284,0.1005259156227111,0.0,1.0,0.0,0.0,1.0,0.0
Eif2ak4,0.0302262287586927,0.0349851474165916,0.214393064379692,0.8048134397469189,0.8142150640487671,0.214393064379692,0.803393467833024,0.4971122741699219,0.214393064379692,0.8757345587939596,0.4202925860881805
Srp14,0.8778925538063049,1.1935524940490725,0.7094519734382629,5.8851902867784e-14,7.858198642730713,0.7094519734382629,1.938746932703306e-19,9.50790786743164,0.7094519734382629,1.3483918571251916e-13,7.890047073364258
Bmf,0.0129250204190611,0.0221754591912031,0.7854898571968079,0.9243436187937616,0.6669363975524902,0.7854898571968079,0.3541276454581333,1.2770658731460571,0.7854898571968079,0.4784079348301757,1.1172934770584106
Bub1b,0.0136076034978032,0.0570389367640018,2.0990476608276367,0.0509295435655065,2.430471658706665,2.0990476608276367,7.546650561278836e-05,4.345617771148682,2.0990476608276367,0.0003103911522152,4.034828186035156
Pak6,0.0023487778380513,0.0366326533257961,3.987958669662476,0.3234752797687517,1.5122203826904297,3.987958669662476,0.0002042625837843,4.106671333312988,3.987958669662476,0.0003367499965711,4.023529052734375
Ankrd63,0.0,0.0,0.0,0.9888502385877284,0.1005259156227111,0.0,1.0,0.0,0.0,1.0,0.0
Plcb2,0.1425632387399673,0.0483681447803974,-1.628501296043396,0.0661093678323553,-2.3212075233459477,-1.628501296043396,1.2046930420743337e-08,-6.072413444519043,-1.628501296043396,1.6453993549462636e-05,-4.741408348083496
Inafm2,0.0338500440120697,0.0317388288676738,-0.0944400131702423,0.9452671725632862,0.6410953998565674,-0.0944400131702423,0.9929919602540328,-0.2263350188732147,-0.0944400131702423,1.0,-0.1859280318021774
Knstrn,0.0426826179027557,0.1251074075698852,1.6117347478866575,0.0011289402915689,3.6877923011779785,1.6117347478866575,1.565661066307582e-06,5.198637962341309,1.6117347478866575,1.4761415123142826e-05,4.760037899017334
Ivd,0.1065563112497329,0.0362795405089855,-1.6056849956512451,0.2943427545269113,-1.569130301475525,-1.6056849956512451,6.487109266194955e-07,-5.344655990600586,-1.6056849956512451,0.000222632918819,-4.12252950668335
Bahd1,0.0591634660959243,0.0270544849336147,-1.1521669626235962,0.9888502385877284,-0.4376536905765533,-1.1521669626235962,0.0076431936346735,-3.0428247451782227,-1.1521669626235962,0.0501793066743128,-2.3949007987976074
Chst14,0.0074895247817039,0.0076614147983491,0.0328608155250549,0.9888502385877284,0.3026233315467834,0.0328608155250549,1.0,0.0384819246828556,0.0328608155250549,1.0,0.0322791412472724
Ccdc32,0.1140167936682701,0.1639496833086013,0.5608599781990051,0.0093472392042521,3.052895784378052,0.5608599781990051,0.0213498320181356,2.6806814670562744,0.5608599781990051,0.06239109843923,2.300394296646118
Rpusd2,0.0157149657607078,0.0135081484913825,-0.2199049741029739,0.9888502385877284,0.4974763095378876,-0.2199049741029739,0.8864387769680593,-0.3785900175571441,-0.2199049741029739,0.9519389808887848,-0.3054806888103485
Knl1,0.0185826513916254,0.0825898721814155,2.198569297790528,0.0212034333419445,2.7674500942230225,2.198569297790528,8.637545664420067e-06,4.845158576965332,2.198569297790528,3.684751867270498e-05,4.559585094451904
Rad51,0.0212484151124954,0.1271520853042602,2.658466100692749,4.8424074515258095e-05,4.475195407867432,2.658466100692749,9.420422103633688e-11,6.944625377655029,2.658466100692749,9.627386766471355e-10,6.585148334503174
Rmdn3,0.0523579455912113,0.0608890168368816,0.2239855080842971,0.4668168430521021,1.270166516304016,0.2239855080842971,0.6664860776308574,0.6905593276023865,0.2239855080842971,0.7645895158434157,0.5813921689987183
Gchfr,0.001212531235069,0.0,-20.21046638488769,0.9888502385877284,0.0673658028244972,-20.21046638488769,0.4679991859106411,-1.0,-20.21046638488769,0.6832027011037286,-0.7008072733879089
Dnajc17,0.0687087327241897,0.0722616612911224,0.0753301084041595,0.4897704572200505,1.2340190410614014,0.0753301084041595,0.968754818753895,0.2605812847614288,0.0753301084041595,1.0,0.21890589594841
Zfyve19,0.0530721880495548,0.0836291015148162,0.6783422827720642,0.1131468321183074,2.0777347087860107,0.6783422827720642,0.0606796552315737,2.254321575164795,0.6783422827720642,0.1292673393970559,1.9528483152389529
Spint1,0.0,0.0049545341171324,22.243894577026367,0.9888502385877284,0.3696903884410858,22.243894577026367,0.1215341707344611,1.9295843839645384,22.243894577026367,0.1357731845351905,1.9295843839645384
Rhov,0.0,0.0,0.0,0.9888502385877284,0.1005259156227111,0.0,1.0,0.0,0.0,1.0,0.0
Vps18,0.0370422527194023,0.0681310221552848,0.9017622470855712,0.2004507992317811,1.7873597145080566,0.9017622470855712,0.0332379756272422,2.5082204341888428,0.9017622470855712,0.074849798525618,2.2186055183410645
Chac1,0.0,0.0,0.0,0.9888502385877284,0.1005259156227111,0.0,1.0,0.0,0.0,1.0,0.0
Ino80,0.2379432916641235,0.1677651107311248,-0.5565083026885986,0.8220565035338503,-0.7926311492919922,-0.5565083026885986,0.0051501863488338,-3.1743226051330566,-0.5565083026885986,0.0315346306126355,-2.5874571800231934
Exd1,0.0015009479830041,0.0,-20.518526077270508,0.9888502385877284,0.0673658028244972,-20.518526077270508,0.4679991859106411,-1.0,-20.518526077270508,0.6832027011037286,-0.7008072733879089
Chp1,0.1314831525087356,0.2721475958824157,1.1543893814086914,1.6373476608706525e-07,5.623775005340576,1.1543893814086914,7.836181696801271e-09,6.1780524253845215,1.1543893814086914,4.609676589779707e-07,5.468786716461182
Oip5,0.006201690994203,0.0248422902077436,2.015545606613159,0.4017117948621311,1.373605251312256,2.015545606613159,0.0069068242134498,3.082221508026123,2.015545606613159,0.0168002611383837,2.826025009155273
Nusap1,0.0193658284842968,0.0722194537520408,1.937291145324707,0.0509806911490226,2.430023431777954,1.937291145324707,0.0001217661525571,4.229264736175537,1.937291145324707,0.0004703414548895,3.9256396293640137
Ndufaf1,0.0728612542152404,0.1340681761503219,0.9246558547019958,0.001923134264133,3.5375263690948486,0.9246558547019958,0.0007329175941287,3.7542710304260254,0.9246558547019958,0.0043717435588522,3.278536081314087
Rtf1,0.5175318121910095,0.561121940612793,0.1509231626987457,0.2980345086427978,1.5611389875411987,0.1509231626987457,0.3103078680891405,1.3685362339019775,0.1509231626987457,0.4647178320522988,1.1403323411941528
Itpka,0.0,0.0020219106227159,20.94874763488769,0.9888502385877284,0.1678170263767242,20.94874763488769,0.4679991859106411,1.0,20.94874763488769,0.5282133287683867,1.0
Ltk,0.0,0.0074268896132707,22.829687118530277,0.9888502385877284,0.5042726397514343,22.829687118530277,0.0582471710879804,2.2762765884399414,22.829687118530277,0.0664154048404694,2.2762765884399414
Rpap1,0.0881107971072197,0.0732970833778381,-0.2763925194740295,0.8945309975659225,0.704577624797821,-0.2763925194740295,0.4679991859106411,-1.0327998399734497,-0.2763925194740295,0.618791981385783,-0.8456135392189026
Tyro3,0.0055143916979432,0.0068203308619558,0.307582676410675,0.9888502385877284,0.2694632112979889,0.307582676410675,0.9227619820420032,0.3265245258808136,0.307582676410675,0.9714423005520392,0.2760841846466064
Mga,0.394495815038681,0.162235215306282,-1.4572246074676514,1.1838747635583733e-06,-5.252142906188965,-1.4572246074676514,9.227372496186776e-19,-9.29382038116455,-1.4572246074676514,9.188245533545548e-12,-7.3082404136657715
Mapkbp1,0.0196473598480224,0.0144720301032066,-0.4448117613792419,0.9888502385877284,0.0973144620656967,-0.4448117613792419,0.6096741351693666,-0.7752333879470825,-0.4448117613792419,0.7285351966677526,-0.6348082423210144
Jmjd7,0.0218338202685117,0.050924826413393,1.242916226387024,0.3366806222558352,1.4882465600967407,1.242916226387024,0.0158115018417691,2.794145345687866,1.242916226387024,0.0374959703141146,2.517061710357666
Pla2g4b,0.0,0.0,0.0,0.9888502385877284,0.1005259156227111,0.0,1.0,0.0,0.0,1.0,0.0
Sptbn5,0.0,0.0,0.0,0.9888502385877284,0.1005259156227111,0.0,1.0,0.0,0.0,1.0,0.0
Ehd4,0.0319328717887401,0.3486398458480835,3.684316635131836,3.393372950195457e-28,11.310135841369627,3.684316635131836,5.8289927044773936e-37,14.107909202575684,3.684316635131836,3.5426152408214527e-35,13.592832565307615
Pla2g4f,0.0,0.0,0.0,0.9888502385877284,0.1005259156227111,0.0,1.0,0.0,0.0,1.0,0.0
Vps39,0.0715374648571014,0.0684212669730186,-0.0665283203125,0.8353052871138984,0.7779182195663452,-0.0665283203125,0.9911240699355262,-0.2292058616876602,-0.0665283203125,1.0,-0.1920966207981109
Tmem87a,0.1312748938798904,0.1255382448434829,-0.0686908215284347,0.5649605887286041,1.124829649925232,-0.0686908215284347,0.9252087825813144,-0.3227312564849853,-0.0686908215284347,0.9754950187213772,-0.2689523100852966
Ganc,0.1057832464575767,0.0969559997320175,-0.1321842074394226,0.7309193320424276,0.9035382270812988,-0.1321842074394226,0.7857848862221124,-0.5215739011764526,-0.1321842074394226,0.8662648150572659,-0.4340437352657318
Capn3,0.0060093593783676,0.0,-22.523117065429688,0.9888502385877284,-0.0652746260166168,-22.523117065429688,0.0653432912905601,-2.220782995223999,-22.523117065429688,0.2616923396322256,-1.5563408136367798
Zfp106,0.2695861160755157,0.3039320111274719,0.1989601403474807,0.0984370579887648,2.1427106857299805,0.1989601403474807,0.334163447649287,1.3183293342590332,0.1989601403474807,0.480436445235841,1.1141409873962402
Snap23,0.1028677448630333,0.1711463332176208,0.7848166227340698,0.0007858768505639,3.785928249359131,0.7848166227340698,0.0010599882263619,3.649781703948975,0.7848166227340698,0.0061897792053066,3.166389226913452
Lrrc57,0.044448547065258,0.0752900168299675,0.7827920913696289,0.1549916349649326,1.923286318778992,0.7827920913696289,0.0435262432191663,2.3969571590423584,0.7827920913696289,0.097455417120268,2.09417724609375
Haus2,0.087989330291748,0.1023818477988243,0.2291061580181121,0.2230498032444955,1.7285826206207275,0.2291061580181121,0.5254395257597372,0.9051096439361572,0.2291061580181121,0.6727222238019188,0.7666341662406921
Stard9,0.0064113931730389,0.0012802579440176,-2.3279061317443848,0.9888502385877284,-0.0315917246043682,-2.3279061317443848,0.1674578133100857,-1.757741928100586,-2.3279061317443848,0.3793443997870069,-1.296943426132202
Cdan1,0.0512565374374389,0.0773701146245002,0.6130791902542114,0.2305400720368792,1.7101354598999023,0.6130791902542114,0.1201402570247555,1.933085322380066,0.6130791902542114,0.2121631637043488,1.6815756559371948
Ttbk2,0.0122227231040596,0.0040114377625286,-1.6133054494857788,0.9994412017932364,0.0020911779720336,-1.6133054494857788,0.1348484318480482,-1.872231125831604,-1.6133054494857788,0.3285710803696844,-1.4027044773101809
Ubr1,0.2293790429830551,0.1996020078659057,-0.2228543609380722,0.9888502385877284,0.4172646999359131,-0.2228543609380722,0.343142138266838,-1.300410270690918,-0.2228543609380722,0.5027754076929841,-1.0775495767593384
Tmem62,0.0334951803088188,0.0931484177708625,1.5190623998641968,0.0097621769177788,3.0385563373565674,1.5190623998641968,5.4182198165209527e-05,4.419656276702881,1.5190623998641968,0.000374158092592,3.983601093292236
Ccndbp1,0.2573861479759216,0.4192905128002167,0.8273776769638062,3.6040297355760954e-08,5.890549659729004,0.8273776769638062,1.3102662219334726e-08,6.077027320861816,0.8273776769638062,1.7696175261134556e-06,5.201668739318848
Lcmt2,0.0706181600689888,0.0551479235291481,-0.3680090606212616,0.9888502385877284,0.4343675374984741,-0.3680090606212616,0.401196297899919,-1.1852229833602903,-0.3680090606212616,0.5409711501603243,-0.9665537476539612
Adal,0.0300101414322853,0.0336940549314022,0.1697152704000473,0.7548532745990655,0.8735895752906799,0.1697152704000473,0.8684884437514048,0.40493243932724,0.1697152704000473,0.9304613916140048,0.3387848436832428
Zscan29,0.0683806017041206,0.0777827799320221,0.1927287280559539,0.6091097784375968,1.064932346343994,0.1927287280559539,0.6963107341559486,0.6483560800552368,0.1927287280559539,0.7856944475177023,0.5510215759277344
Tubgcp4,0.1766661554574966,0.2185221910476684,0.3379403948783874,0.0121997247941148,2.963871479034424,0.3379403948783874,0.1298958005972684,1.893096208572388,0.3379403948783874,0.2419537642045927,1.6037449836730957
Trp53bp1,0.1093805804848671,0.1193976998329162,0.1337819695472717,0.5396446398130529,1.161201238632202,0.1337819695472717,0.7615675379212178,0.5567907094955444,0.1337819695472717,0.8404450945761165,0.4729440212249756
Map1a,0.0,0.0,0.0,0.9888502385877284,0.1005259156227111,0.0,1.0,0.0,0.0,1.0,0.0
Ppip5k1,0.0274033956229686,0.0644198581576347,1.2600566148757937,0.1395818916459798,1.9755656719207764,1.2600566148757937,0.0053524336051954,3.1658051013946533,1.2600566148757937,0.015584153602749,2.852358341217041
Ckmt1,0.0,0.0,0.0,0.9888502385877284,0.1005259156227111,0.0,1.0,0.0,0.0,1.0,0.0
Strc,0.0,0.0,0.0,0.9888502385877284,0.1005259156227111,0.0,1.0,0.0,0.0,1.0,0.0
Catsper2,0.0111454213038086,0.0106136975809931,-0.070908211171627,0.9888502385877284,0.2350334674119949,-0.070908211171627,1.0,-0.0991256609559059,-0.070908211171627,1.0,-0.0824360102415084
Pdia3,0.8050156831741333,1.2708066701889038,1.0517096519470217,4.198421180880919e-28,11.291090965270996,1.0517096519470217,6.419347731269414e-34,12.90661334991455,1.0517096519470217,1.7845294643675612e-24,10.87059211730957
Ell3,0.0,0.0,0.0,0.9888502385877284,0.1005259156227111,0.0,1.0,0.0,0.0,1.0,0.0
Serinc4,0.0011607622727751,0.0,-20.147480010986328,0.9888502385877284,0.0673658028244972,-20.147480010986328,0.4679991859106411,-1.0,-20.147480010986328,0.6832027011037286,-0.7008072733879089
Serf2,2.0418343544006348,2.2847442626953125,0.3961184024810791,1.3143463130536911e-16,8.609678268432617,0.3961184024810791,3.1321691159008258e-18,9.17211627960205,0.3961184024810791,1.831947659265849e-12,7.525894641876221
Hypk,0.3772211968898773,0.3977856636047363,0.0923703387379646,0.3899879146678756,1.3931726217269895,0.0923703387379646,0.6431919423850628,0.7253507375717163,0.0923703387379646,0.7474685817582688,0.6063515543937683
Mfap1b,0.1505784392356872,0.1764403283596038,0.2478285431861877,0.0526278676023085,2.4162814617156982,0.2478285431861877,0.3433388757592519,1.3000866174697876,0.2478285431861877,0.4915535667217884,1.0955795049667358
Mfap1a,0.1608009934425354,0.1975186020135879,0.323988676071167,0.0357785997507004,2.57110333442688,0.323988676071167,0.1937089658982608,1.6683835983276367,0.323988676071167,0.317173487556142,1.4302371740341189
Wdr76,0.1194345951080322,0.228711649775505,1.0184214115142822,1.880376388722818e-05,4.686404705047607,1.0184214115142822,2.4613393511645338e-06,5.097355365753174,1.0184214115142822,4.428013120298506e-05,4.509592056274414
Frmd5,0.0,0.0,0.0,0.9888502385877284,0.1005259156227111,0.0,1.0,0.0,0.0,1.0,0.0
Casc4,0.1063843816518783,0.0729049369692802,-0.5697093605995178,0.9888502385877284,-0.0837218016386032,-0.5697093605995178,0.0729294154163516,-2.170387983322144,-0.5697093605995178,0.1855457083798184,-1.7624951601028442
Mageb3,0.0011761491186916,0.0013286405010148,0.1759897470474243,0.9888502385877284,0.1345822364091873,0.1759897470474243,1.0,0.0859381183981895,0.1759897470474243,1.0,0.0712397769093513
Ctdspl2,0.2102762311697006,0.2377834767103195,0.197945088148117,0.0605688370009617,2.3578779697418213,0.197945088148117,0.4025255930246488,1.1828761100769043,0.197945088148117,0.5299909986835808,0.99565988779068
Eif3j1,0.2495045512914657,0.3423278033733368,0.5265676379203796,0.0004632434221698,3.9258131980896,0.5265676379203796,0.0017412117851637,3.5062859058380127,0.5265676379203796,0.0104234281917421,2.9933760166168213
Spg11,0.0540239550173282,0.0570603497326374,0.0810998305678367,0.5622462095664702,1.1284146308898926,0.0810998305678367,0.9715038486272364,0.256743848323822,0.0810998305678367,1.0,0.2144850045442581
Patl2,0.0,0.0,0.0,0.9888502385877284,0.1005259156227111,0.0,1.0,0.0,0.0,1.0,0.0
B2m,3.045449495315552,3.3756470680236816,0.4964995980262756,1.4802592098935924e-55,15.954716682434082,0.4964995980262756,2.7206890276356174e-63,18.24224853515625,0.4964995980262756,3.7292223453168944e-44,15.117803573608398
Trim69,0.0024588424712419,0.0,-21.2313232421875,0.9888502385877284,0.0342056974768638,-21.2313232421875,0.2942789202292576,-1.4121992588043213,-21.2313232421875,0.5299909986835808,-0.9896794557571412
Sord,0.0055566290393471,0.026525879278779,2.270285129547119,0.7033290358579104,0.9407313466072084,2.270285129547119,0.0148727320292808,2.819210767745972,2.270285129547119,0.0259148739903752,2.665540933609009
Shf,0.0112844314426183,0.0050384146161377,-1.1678035259246826,0.9994412017932364,0.0022405479103326,-1.1678035259246826,0.3473479616820443,-1.290629267692566,-1.1678035259246826,0.5282133287683867,-1.0012000799179075
Slc28a2,0.1497096866369247,0.1594356298446655,0.0980029478669166,0.2746492996767637,1.6103564500808716,0.0980029478669166,0.8137263889188491,0.4830763041973114,0.0980029478669166,0.8850715201837397,0.4073071181774139
Slc28a2b,0.1064498797059059,0.0,-26.743066787719727,0.0185150877576011,-2.817563533782959,-26.743066787719727,1.2281131910759485e-19,-9.599692344665527,-26.743066787719727,5.657604655009577e-10,-6.727534294128418
Gatm,0.0011195723200216,0.000480409245938,-1.2210712432861328,0.9888502385877284,0.1345822364091873,-1.2210712432861328,0.7838336917343353,-0.5246386528015137,-1.2210712432861328,0.9011505982720762,-0.3831413984298706
AA467197,0.0060353712178766,0.7093150615692139,7.414265155792236,2.9331616875644535e-67,17.570526123046875,7.414265155792236,5.430228458357681e-67,21.02193069458008,7.414265155792236,9.238324923530996e-67,20.95109367370605
Slc30a4,0.0365981012582778,0.0273173358291387,-0.4286823570728302,0.9888502385877284,0.2107608616352081,-0.4286823570728302,0.4679991859106411,-1.011739730834961,-0.4286823570728302,0.6327918669938831,-0.8246549367904663
Bloc1s6,0.1210824847221374,0.13590669631958,0.1775489002466201,0.1787449940596532,1.8496469259262085,0.1775489002466201,0.5892833254742551,0.8066187500953674,0.1775489002466201,0.6935455134849463,0.6855672597885132
Sqor,0.013086000457406,0.0016785711050033,-2.970957040786743,0.9888502385877284,-0.2310004830360412,-2.970957040786743,0.017088695108669,-2.7621712684631348,-2.970957040786743,0.113439622612548,-2.0226311683654785
Sema6d,0.0,0.001727731199935,20.721694946289062,0.9888502385877284,0.1678170263767242,20.721694946289062,0.4679991859106411,1.0,20.721694946289062,0.5282133287683867,1.0
Slc24a5,0.0944230034947395,0.127363696694374,0.4559446275234222,0.109259762289433,2.0938665866851807,0.4559446275234222,0.1328549302118214,1.8816368579864504,0.4559446275234222,0.2333386617303017,1.625361084938049
Myef2,0.1361424922943115,0.1915731132030487,0.5338538289070129,0.0061542181933541,3.1871793270111084,0.5338538289070129,0.0207914159368191,2.690901041030884,0.5338538289070129,0.0614848774482986,2.306567907333374
Dut,0.3716173470020294,1.2818816900253296,2.5321578979492188,4.617253422538498e-74,18.444339752197266,2.5321578979492188,3.4345839342970976e-80,22.16960334777832,2.5321578979492188,1.4755824774446799e-71,20.185466766357425
Cep152,0.0326828472316265,0.0541528537869453,0.744102954864502,0.3503138666736358,1.462704300880432,0.744102954864502,0.1175505618722554,1.943980693817139,0.744102954864502,0.2096649630655921,1.6885212659835815
Shc4,0.0022949618287384,0.0045713991858065,0.9958084225654602,0.9888502385877284,0.2356309443712234,0.9958084225654602,0.637833935512719,0.7334757447242737,0.9958084225654602,0.719637617125309,0.6473509669303894
Eid1,0.3070690929889679,0.4631295204162597,0.7126331329345703,1.1432744821303951e-06,5.258864402770996,0.7126331329345703,8.568494866511413e-07,5.305115699768066,0.7126331329345703,3.3267984808121775e-05,4.57402229309082
Secisbp2l,0.1502791494131088,0.1776200085878372,0.2614103555679321,0.1331058262775387,1.9992408752441408,0.2614103555679321,0.3306556439254037,1.3253026008605957,0.2614103555679321,0.472740183364779,1.1268064975738523
Cops2,0.1838776916265487,0.3310462534427643,0.9589958786964417,5.359447237418792e-08,5.820794105529785,0.9589958786964417,1.6049904915533882e-08,6.047754764556885,0.9589958786964417,1.2554258025719953e-06,5.27184009552002
Galk2,0.1170242577791214,0.2012143731117248,0.8442657589912415,0.0002870065745943,4.04747486114502,0.8442657589912415,0.0001715038611001,4.135600090026856,0.8442657589912415,0.0014158651329812,3.617167711257935
Fgf7,0.0022636635694652,0.0,-21.111862182617188,0.9888502385877284,0.0342056974768638,-21.111862182617188,0.2942789202292576,-1.414999008178711,-21.111862182617188,0.5299909986835808,-0.9916415810585022
Dtwd1,0.0618684217333793,0.025725845247507,-1.2922464609146118,0.9888502385877284,-0.4189077615737915,-1.2922464609146118,0.0019269881465426,-3.473170518875122,-1.2922464609146118,0.0251062118527909,-2.6783738136291504
Gm17555,0.001173417433165,0.0016997556667774,0.5349903106689453,0.9888502385877284,0.1345822364091873,0.5349903106689453,0.9729505406026348,0.2548299431800842,0.5349903106689453,1.0,0.2205997705459594
Atp8b4,0.2677377164363861,0.4604412913322449,0.9296182990074158,5.803854393872869e-09,6.198400974273682,0.9296182990074158,5.620643778399355e-10,6.6128644943237305,0.9296182990074158,8.606518865165277e-08,5.7827887535095215
Hdc,0.0053099044598639,0.0166639983654022,1.6581817865371704,0.9213187170541868,0.6715668439865112,1.6581817865371704,0.1047074109622613,2.003316164016724,1.6581817865371704,0.1604176453771869,1.840672254562378
Gabpb1,0.1090578064322471,0.1402107179164886,0.3854422867298126,0.0856665429399531,2.2055952548980717,0.3854422867298126,0.1788159437130349,1.7161269187927246,0.3854422867298126,0.2964912371459811,1.4747514724731443
Usp8,0.2264928370714187,0.2205576449632644,-0.0427504517138004,0.6106421756811097,1.0623184442520142,-0.0427504517138004,0.9732557260584668,-0.2543969452381134,-0.0427504517138004,1.0,-0.2127975225448608
Usp50,0.0438064001500606,0.0899886935949325,1.0722864866256714,0.0183945998800178,2.8202521800994877,1.0722864866256714,0.0018496599211048,3.491473913192749,1.0722864866256714,0.0079917974993148,3.082608222961426
Trpm7,0.3858665227890014,0.3326104581356048,-0.2549797594547272,0.9888502385877284,-0.4612541198730469,-0.2549797594547272,0.1299797565252668,-1.8924672603607176,-0.2549797594547272,0.2579545676100853,-1.5652836561203003
Sppl2a,0.2991921007633209,0.475101113319397,0.8022201657295227,2.9267359447894352e-08,5.926771640777588,0.8022201657295227,1.6663021441914243e-08,6.037513256072998,0.8022201657295227,1.6760617477869103e-06,5.212907791137695
Ap4e1,0.062948390841484,0.0619379840791225,-0.0240816157311201,0.7321583315929461,0.9008495807647704,-0.0240816157311201,1.0,-0.078412152826786,-0.0240816157311201,1.0,-0.0653823539614677
Blvra,0.1446069031953811,0.3340040147304535,1.3497930765151978,5.659877158747668e-12,7.246828079223633,1.3497930765151978,6.924421461178934e-14,7.958462238311768,1.3497930765151978,4.635063786895765e-11,7.039319038391113
Ncaph,0.0154139390215277,0.0813408270478248,2.447683811187744,0.0039629240293257,3.323031187057495,2.447683811187744,2.404920069427285e-07,5.576375961303711,2.447683811187744,1.5972822897453278e-06,5.23484992980957
Itpripl1,0.0697936415672302,0.1275666207075119,0.912442982196808,0.0050330459749373,3.2494664192199707,0.912442982196808,0.0013082476690722,3.5904037952423096,0.912442982196808,0.0068336602192881,3.134750366210937
1810024B03Rik,0.0167171265929937,0.0349910743534565,1.0788986682891846,0.6097061425423433,1.0636627674102783,1.0788986682891846,0.0860084383676675,2.096061944961548,1.0788986682891846,0.1512467934891459,1.872008800506592
Snrnp200,0.3010996282100677,0.3095093369483948,0.0461166501045227,0.4432299689319177,1.306911587715149,0.0461166501045227,0.9325773421143568,0.3126029074192047,0.0461166501045227,0.980025440819284,0.2626189589500427
Ciao1,0.1504302024841308,0.1611373722553253,0.1071210727095604,0.2827437532396828,1.5928055047988892,0.1071210727095604,0.7687169134496271,0.5460568070411682,0.1071210727095604,0.8484693786252436,0.4597342014312744
Tmem127,0.1202971562743187,0.1549613624811172,0.3908843398094177,0.0570486397233758,2.3830466270446777,0.3908843398094177,0.16029542295754,1.781524896621704,0.3908843398094177,0.2723249133607135,1.5287045240402222
Stard7,0.1793373823165893,0.2116465866565704,0.2630461752414703,0.0491460845071126,2.444960594177246,0.2630461752414703,0.2680498593828466,1.4771593809127808,0.2630461752414703,0.4014187963608193,1.25550639629364
Dusp2,0.7062062621116638,1.984742283821106,2.6126770973205566,6.247613324585994e-107,22.18680000305176,2.6126770973205566,9.504850452391272e-126,28.769716262817383,2.6126770973205566,2.547292641208044e-102,24.962047576904297
Astl,0.0,0.0048167812637984,22.203113555908203,0.9888502385877284,0.3023992776870727,22.203113555908203,0.2437852925720167,1.5350143909454346,22.203113555908203,0.2705466311357007,1.5350143909454346
Adra2b,0.0,0.0,0.0,0.9888502385877284,0.1005259156227111,0.0,1.0,0.0,0.0,1.0,0.0
Gpat2,0.0,0.0020151608623564,20.94391822814941,0.9888502385877284,0.1678170263767242,20.94391822814941,0.4679991859106411,1.0,20.94391822814941,0.5282133287683867,1.0
Fahd2a,0.0659607127308845,0.1154909133911132,0.8443691730499268,0.0106160860891438,3.010549545288086,0.8443691730499268,0.0046475628283385,3.2097830772399902,0.8443691730499268,0.0180080204138668,2.8002758026123047
Kcnip3,0.0019141931552439,0.0,-20.869686126708984,0.9888502385877284,0.0342056974768638,-20.869686126708984,0.2948387671894117,-1.4078328609466553,-20.869686126708984,0.5305496658179054,-0.986619472503662
Zfp661,0.0072752428241074,0.002189711201936,-1.7359256744384766,0.9994412017932364,0.0019418081501498,-1.7359256744384766,0.231870474086411,-1.5627890825271606,-1.7359256744384766,0.4381513052887152,-1.1849967241287231
Mrps5,0.2518627941608429,0.2007273882627487,-0.3656767606735229,0.9888502385877284,-0.1164337992668151,-0.3656767606735229,0.0675168821797524,-2.2052323818206787,-0.3656767606735229,0.1662986671345157,-1.822180151939392
Mal,0.0,0.0,0.0,0.9888502385877284,0.1005259156227111,0.0,1.0,0.0,0.0,1.0,0.0
Nphp1,0.0015472307568416,0.0,-20.562374114990234,0.9888502385877284,0.0342056974768638,-20.562374114990234,0.3891991239224038,-1.2085773944854736,-20.562374114990234,0.6181980023040183,-0.8469797968864441
Mtln,0.2259451448917389,0.1279471814632415,-0.8931983113288879,0.2747192610367199,-1.610057711601257,-0.8931983113288879,1.0852727680322292e-05,-4.768089294433594,-0.8931983113288879,0.0006497815055899,-3.836326360702514
Bub1,0.0060741887427866,0.0467004925012588,2.972108602523804,0.1209265096740396,2.046964406967163,2.972108602523804,3.67327716193502e-05,4.5225019454956055,2.972108602523804,9.5325284019001e-05,4.337656021118164
Acoxl,0.0187068562954664,0.0868171602487564,2.2639760971069336,0.0075060670650914,3.123622417449951,2.2639760971069336,1.2866238142319209e-06,5.246684074401856,2.2639760971069336,6.550953168107848e-06,4.942111015319824
Bcl2l11,0.1602409332990646,0.8321310877799988,2.9010777473449707,1.4007580806893345e-59,16.527997970581055,2.9010777473449707,7.337563049580199e-62,19.059085845947266,2.9010777473449707,5.638521623179399e-57,17.77471351623535
Anapc1,0.1869485229253769,0.2230006605386734,0.2813009321689605,0.0406961062860168,2.520765781402588,0.2813009321689605,0.213917537775743,1.6103249788284302,0.2813009321689605,0.3422782394186306,1.369636297225952
Mertk,0.0,0.0,0.0,0.9888502385877284,0.1005259156227111,0.0,1.0,0.0,0.0,1.0,0.0
Tmem87b,0.0787521675229072,0.0770695582032203,-0.0323877371847629,0.8949069343214386,0.7040548324584961,-0.0323877371847629,1.0,-0.1139028370380401,-0.0323877371847629,1.0,-0.0958902165293693
Zc3h8,0.0627758651971817,0.0848646387457847,0.4510830044746399,0.1866071409605385,1.8258224725723269,0.4510830044746399,0.2295233088039341,1.5694130659103394,0.4510830044746399,0.3578389282002891,1.338157057762146
Zc3h6,0.1416050493717193,0.0785029083490371,-0.8974080681800842,0.4977743643429526,-1.222368240356445,-0.8974080681800842,0.0010667720520778,-3.643254041671753,-0.8974080681800842,0.0120916188642219,-2.943862199783325
Ttl,0.0143654122948646,0.0035138360690325,-2.0393197536468506,0.9888502385877284,-0.0982106775045394,-2.0393197536468506,0.052924549369883,-2.312845468521118,-2.0393197536468506,0.2046098394267588,-1.7035987377166748
Polr1b,0.0606053434312343,0.0213201660662889,-1.5357578992843628,0.9728535020078471,-0.6053213477134705,-1.5357578992843628,0.000318946571272,-3.968644380569458,-1.5357578992843628,0.0090145984521296,-3.0453662872314453
Chchd5,0.1201390400528907,0.1829212456941604,0.6529487371444702,0.0030259665543612,3.404512405395508,0.6529487371444702,0.0058551891706602,3.1334402561187744,0.6529487371444702,0.023348677683757,2.7041735649108887
Slc20a1,0.3037896454334259,0.2640223205089569,-0.2324542552232742,0.9888502385877284,-0.0334588475525379,-0.2324542552232742,0.249133201606856,-1.5197876691818235,-0.2324542552232742,0.3944424519218145,-1.2685497999191284
Ckap2l,0.0116883441805839,0.0341398902237415,1.5626448392868042,0.3652302057571968,1.4361164569854736,1.5626448392868042,0.0182205806079238,2.7413530349731445,1.5626448392868042,0.0405520226381113,2.484940767288208
Il1b,0.0,0.0036960975266993,21.82023811340332,0.9888502385877284,0.2351081520318985,21.82023811340332,0.2948454156985165,1.40856671333313,21.82023811340332,0.3263308940324332,1.40856671333313
Sirpa,0.0015659279888495,0.0012010501231998,-0.3829844295978546,0.9888502385877284,0.1345822364091873,-0.3829844295978546,1.0,-0.184889867901802,-0.3829844295978546,1.0,-0.1438339650630951
Stk35,0.0131884505972266,0.0390575192868709,1.5850671529769895,0.2968099762408317,1.5639023780822754,1.5850671529769895,0.0077665779402,3.0428929328918457,1.5850671529769895,0.0195768543778638,2.770164251327514
Snrpb,0.9359659552574158,1.2847098112106323,0.7540832757949829,6.977166439632389e-18,8.947552680969238,0.7540832757949829,1.8343962804015355e-20,9.79432201385498,0.7540832757949829,8.532051383945946e-15,8.259305953979492
Tmc2,0.0,0.0,0.0,0.9888502385877284,0.1005259156227111,0.0,1.0,0.0,0.0,1.0,0.0
Nop56,0.5856600403785706,0.4567103683948517,-0.459844559431076,0.0069118840439749,-3.150359630584717,-0.459844559431076,0.0003269216431761,-3.9648241996765137,-0.459844559431076,0.0044489143579778,-3.273521900177002
Idh3b,0.2988493740558624,0.5309977531433105,1.0082918405532837,1.827060521269152e-11,7.081101894378662,1.0082918405532837,1.6011729606809322e-13,7.826674461364746,1.0082918405532837,2.3610663356783745e-10,6.783657073974609
Cpxm1,0.0,0.0047054332681,22.16929244995117,0.9888502385877284,0.3023992776870727,22.16929244995117,0.1818097095995058,1.7079081535339355,22.16929244995117,0.2036049351866171,1.7079081535339355
Pced1a,0.0284971930086612,0.0568711832165718,1.017491102218628,0.377187406682143,1.414159059524536,1.017491102218628,0.0349033189278119,2.488545656204224,1.017491102218628,0.0733033216605799,2.2283835411071777
Vps16,0.1594217270612716,0.1011523380875587,-0.6992636322975159,0.9888502385877284,-0.5673066973686218,-0.6992636322975159,0.0040939887571382,-3.2460877895355225,-0.6992636322975159,0.0294371860373063,-2.6146819591522217
Ptpra,0.3280696868896484,0.3759049773216247,0.2328917980194091,0.0245408493895718,2.713676929473877,0.2328917980194091,0.1866674637874875,1.6888766288757324,0.2328917980194091,0.3216880953142692,1.420040488243103
Mrps26,0.4207768440246582,0.5771687626838684,0.5780929923057556,8.44575383197091e-05,4.345393180847168,0.5780929923057556,1.513246936567676e-06,5.1869707107543945,0.5780929923057556,7.473279680636601e-05,4.384706974029541
Oxt,0.0011891761096194,0.0,-20.18239021301269,0.9888502385877284,0.0673658028244972,-20.18239021301269,0.4679991859106411,-1.0,-20.18239021301269,0.6832027011037286,-0.7008072733879089
Ubox5,0.0108000747859478,0.0184659771621227,0.7793712615966797,0.9888502385877284,0.5682029128074646,0.7793712615966797,0.3987631475723578,1.1902841329574585,0.7793712615966797,0.5210191733901454,1.047688364982605
Fastkd5,0.013715986162424,0.013421319425106,-0.0315448381006717,0.9888502385877284,0.3016524314880371,-0.0315448381006717,1.0,-0.0476425848901271,-0.0315448381006717,1.0,-0.0398703292012214
Lzts3,0.0010155108757317,0.0009356220252811,-0.1182654723525047,0.9888502385877284,0.1345822364091873,-0.1182654723525047,1.0,-0.0578562878072261,-0.1182654723525047,1.0,-0.046315997838974
Ddrgk1,0.463628739118576,0.5609709620475769,0.3511428534984588,0.019804929831339,2.79306697845459,0.3511428534984588,0.0060489275560386,3.1213490962982178,0.3511428534984588,0.0284769264943234,2.627747058868408
Itpa,0.1534942090511322,0.3316766321659088,1.245315432548523,1.0722518716321984e-11,7.157878398895264,1.245315432548523,8.26119885163732e-13,7.601806163787842,1.245315432548523,5.549478782953366e-10,6.646836280822754
Slc4a11,0.0,0.0,0.0,0.9888502385877284,0.1005259156227111,0.0,1.0,0.0,0.0,1.0,0.0
4930402H24Rik,0.0592017173767089,0.0714905112981796,0.2810739278793335,0.4325066740876343,1.324238419532776,0.2810739278793335,0.5185199729558859,0.9164872765541076,0.2810739278793335,0.6670816312131025,0.7754724621772766
Atrn,0.1108534932136535,0.0894768685102462,-0.3247451782226562,0.9888502385877284,0.3404885828495025,-0.3247451782226562,0.351972028570512,-1.2812652587890625,-0.3247451782226562,0.5141207772479539,-1.0589770078659058
Adam33,0.0,0.0,0.0,0.9888502385877284,0.1005259156227111,0.0,1.0,0.0,0.0,1.0,0.0
Siglec1,0.0,0.0,0.0,0.9888502385877284,0.1005259156227111,0.0,1.0,0.0,0.0,1.0,0.0
Hspa12b,0.0,0.0,0.0,0.9888502385877284,0.1005259156227111,0.0,1.0,0.0,0.0,1.0,0.0
1700037H04Rik,0.0283159092068672,0.0676747038960456,1.2856223583221436,0.1166781094669146,2.063171148300171,1.2856223583221436,0.0027127326020229,3.37860107421875,1.2856223583221436,0.0089896091486496,3.043617486953736
Spef1,0.0044601182453334,0.0082196854054927,0.8847157955169678,0.9888502385877284,0.3028473854064941,0.8847157955169678,0.5474944379057889,0.8707756400108337,0.8847157955169678,0.670314417096337,0.7709471583366394
Cenpb,0.1692014634609222,0.328676164150238,1.0777289867401123,1.1858488891411572e-09,6.452553749084473,1.0777289867401123,1.0483768502502572e-09,6.509354591369629,1.0777289867401123,1.589335704356016e-07,5.669888496398926
Cdc25b,0.0620003119111061,0.2045789808034896,1.8274431228637693,1.9221637044775775e-08,5.9982452392578125,1.8274431228637693,2.4404311224005184e-11,7.132523536682129,1.8274431228637693,1.2261945759750415e-09,6.526087284088135
Ap5s1,0.028523776680231,0.0246994458138942,-0.2104572653770446,0.9888502385877284,0.4161444306373596,-0.2104572653770446,0.8241590607198132,-0.4672751724720001,-0.2104572653770446,0.8999241169338069,-0.3846876323223114
Mavs,0.0431933552026748,0.0487631633877754,0.1790309697389602,0.6029583160370027,1.073670506477356,0.1790309697389602,0.7975125207979943,0.5049537420272827,0.1790309697389602,0.874283212273256,0.4228169023990631
Pank2,0.1824721097946167,0.3071951866149902,0.8451155424118042,2.817143241465022e-07,5.525041580200195,0.8451155424118042,1.5358274719729266e-06,5.188523292541504,0.8451155424118042,4.841597058450962e-05,4.487718105316162
Rnf24,0.0035551635082811,0.0069105704315006,0.9613111615180968,0.9888502385877284,0.2694632112979889,0.9613111615180968,0.5762615832547827,0.8265016078948975,0.9613111615180968,0.6832027011037286,0.7339030504226685
Smox,0.0190871339291334,0.0302633512765169,0.6730664968490601,0.9483664544361748,0.6349712610244751,0.6730664968490601,0.4237473940416963,1.1473032236099243,0.6730664968490601,0.5282133287683867,1.0235199928283691
Prnp,0.0,0.0036641410551965,21.80768775939941,0.9888502385877284,0.2351081520318985,21.80768775939941,0.2942789202292576,1.4138174057006836,21.80768775939941,0.3247822728813008,1.4138174057006836
Rassf2,0.3715977966785431,0.1618989408016204,-1.3566300868988037,4.497211874230104e-06,-4.985443115234375,-1.3566300868988037,2.0622611024767766e-16,-8.647159576416016,-1.3566300868988037,1.7924055311580575e-10,-6.846795558929443
Slc23a2,0.0639173686504364,0.0635143667459487,-0.0094189755618572,0.940319271143125,0.6472195982933044,-0.0094189755618572,1.0,-0.0299766045063734,-0.0094189755618572,1.0,-0.0252177417278289
Tmem230,0.2078400999307632,0.1441376805305481,-0.5753251314163208,0.8796501494395902,-0.7236969470977783,-0.5753251314163208,0.0067511616386152,-3.084635734558105,-0.5753251314163208,0.0378988254751754,-2.512767791748047
Pcna,0.4498306214809418,0.8245540857315063,1.1730356216430664,1.5409549439861046e-16,8.59085750579834,1.1730356216430664,4.1800842358458007e-20,9.77061939239502,1.1730356216430664,3.4930847797748067e-16,8.675093650817871
Cds2,0.1688522547483444,0.2740080654621124,0.7771076560020447,4.8840082129089696e-06,4.968788146972656,0.7771076560020447,2.460233130066157e-05,4.594503402709961,0.7771076560020447,0.0004142889350774,3.955646514892578
Gpcpd1,0.3008785545825958,0.1781109571456909,-0.8484945297241211,0.0601831085433074,-2.360417127609253,-0.8484945297241211,1.5370841864140656e-06,-5.176248550415039,-0.8484945297241211,0.0001899766277213,-4.159180641174316
Shld1,0.1725242882966995,0.1532902419567108,-0.1847846060991287,0.9558223972774332,0.6256356239318848,-0.1847846060991287,0.5022273412275309,-0.9426906704902648,-0.1847846060991287,0.6611333111626327,-0.7842159867286682
Chgb,0.0,0.0,0.0,0.9888502385877284,0.1005259156227111,0.0,1.0,0.0,0.0,1.0,0.0
Trmt6,0.1800910979509353,0.2281958162784576,0.3774255812168121,0.0133704825430907,2.9320554733276367,0.3774255812168121,0.0847076157833759,2.1024844646453857,0.3774255812168121,0.1745668877118549,1.7953572273254397
Mcm8,0.0055437628179788,0.0240558423101902,2.130836248397827,0.5536105501183914,1.1402894258499146,2.130836248397827,0.0134877116268588,2.8527793884277344,2.130836248397827,0.0264854270369968,2.656222343444824
Crls1,0.0906194821000099,0.102468691766262,0.1859750598669052,0.2869818208155597,1.583768606185913,0.1859750598669052,0.6478261913811026,0.7184227705001831,0.1859750598669052,0.7465886662073834,0.6075575947761536
Lrrn4,0.0,0.0,0.0,0.9888502385877284,0.1005259156227111,0.0,1.0,0.0,0.0,1.0,0.0
Tmx4,0.1420777142047882,0.1368636339902877,-0.0577896982431411,0.6231592020922615,1.0471574068069458,-0.0577896982431411,0.9663311759640636,-0.2644549906253814,-0.0577896982431411,1.0,-0.2212213277816772
Plcb1,0.0,0.0,0.0,0.9888502385877284,0.1005259156227111,0.0,1.0,0.0,0.0,1.0,0.0
Plcb4,0.0147937163710594,0.0,-23.82916641235352,0.9888502385877284,-0.3305554986000061,-23.82916641235352,0.00160286234742,-3.530963182449341,-23.82916641235352,0.0419859519729376,-2.47452449798584
Mkks,0.027819549664855,0.0461475625634193,0.7434578537940979,0.4008100178560374,1.3750989437103271,0.7434578537940979,0.1499179438888833,1.8174759149551392,0.7434578537940979,0.2491295930018769,1.5867973566055298
Slx4ip,0.048911016434431,0.0793014243245124,0.7193438410758972,0.1414079040231357,1.968844056129456,0.7193438410758972,0.0551721187585211,2.2963240146636963,0.7193438410758972,0.118971318122798,1.9969631433486936
Jag1,0.0023473196197301,0.0,-21.164276123046875,0.9888502385877284,0.0342056974768638,-21.164276123046875,0.2942789202292576,-1.411649465560913,-21.164276123046875,0.5299909986835808,-0.9892942309379578
Ism1,0.0,0.0007606937433592,19.537506103515625,0.9888502385877284,0.1678170263767242,19.537506103515625,0.4679991859106411,1.0,19.537506103515625,0.5282133287683867,1.0
Tasp1,0.1054138615727424,0.0579258501529693,-0.8985071182250977,0.9888502385877284,-0.5595394968986511,-0.8985071182250977,0.0039718019369546,-3.255519390106201,-0.8985071182250977,0.0305696173747295,-2.599844694137573
Esf1,0.3517673909664154,0.3154427111148834,-0.1849006712436676,0.9888502385877284,0.3026233315467834,-0.1849006712436676,0.343560242931102,-1.2994441986083984,-0.1849006712436676,0.5032337863119434,-1.0765091180801392
Ndufaf5,0.0286117773503065,0.0595658309757709,1.0803686380386353,0.2478991811346449,1.6692827939987185,1.0803686380386353,0.0179308346755866,2.74662184715271,1.0803686380386353,0.0435185253992358,2.4552371501922607
Macrod2,0.0037105497904121,0.001139898202382,-1.7045822143554688,0.9888502385877284,0.0350272320210933,-1.7045822143554688,0.4401516064784375,-1.1190890073776243,-1.7045822143554688,0.6237948338288845,-0.8385632038116455
Kif16b,0.0534028336405754,0.0633356198668479,0.2533353269100189,0.5682864900608321,1.1205726861953735,0.2533353269100189,0.6014607696040057,0.7878773808479309,0.2533353269100189,0.7043007522488275,0.6700289249420166
Snrpb2,0.2936148345470428,0.466690719127655,0.8012802004814148,1.1965664092340069e-07,5.679863452911377,0.8012802004814148,2.7571519667290272e-08,5.948943614959717,0.8012802004814148,2.5344922720320174e-06,5.129310131072998
Bfsp1,0.0,0.0,0.0,0.9888502385877284,0.1005259156227111,0.0,1.0,0.0,0.0,1.0,0.0
Dstn,0.0618473514914512,0.1947376877069473,1.752657771110535,4.950858225323643e-07,5.418989181518555,1.752657771110535,1.376554236443185e-10,6.863836288452148,1.752657771110535,4.586894028903159e-09,6.30634880065918
Rrbp1,0.3573469817638397,0.6915583610534668,1.2145755290985107,4.847505553720054e-18,8.98840618133545,1.2145755290985107,7.394100805976507e-21,9.944459915161133,1.2145755290985107,3.076287042886148e-16,8.687243461608887
Snx5,0.4212185144424438,1.0350534915924072,1.7930384874343872,5.024901935787669e-51,15.28524112701416,1.7930384874343872,4.054111408302418e-62,18.3148250579834,1.7930384874343872,8.197797717129604e-48,15.769390106201172
Mgme1,0.0361601375043392,0.0505423806607723,0.4935428202152252,0.4710466566315446,1.2621753215789795,0.4935428202152252,0.3377834762434802,1.3110443353652954,0.4935428202152252,0.4729911368061152,1.1263206005096436
Ovol2,0.0,0.0137432254850864,23.722143173217773,0.9452671725632862,0.6388548612594604,23.722143173217773,0.014886321674807,2.8216888904571533,23.722143173217773,0.0173049759590061,2.8216888904571533
Kat14,0.0430445969104766,0.0591850541532039,0.47114297747612,0.2687524617311015,1.62447190284729,0.47114297747612,0.2973163660080912,1.3999916315078735,0.47114297747612,0.4324825047650476,1.194927215576172
Dzank1,0.0,0.0033718298655003,21.68753433227539,0.9888502385877284,0.1678170263767242,21.68753433227539,0.4679991859106411,1.0,21.68753433227539,0.5282133287683867,1.0
Polr3f,0.1170336976647377,0.1283880323171615,0.1419444978237152,0.3345775769160316,1.491756796836853,0.1419444978237152,0.7201047132047813,0.6151419878005981,0.1419444978237152,0.808695569935617,0.519125759601593
Rbbp9,0.0275680143386125,0.0165462344884872,-0.7444721460342407,0.9888502385877284,-0.1010487079620361,-0.7444721460342407,0.3030889388199373,-1.385870337486267,-0.7444721460342407,0.4730075077229435,-1.1263023614883425
Sec23b,0.1204187199473381,0.2530483603477478,1.1700011491775513,3.6163858886885854e-08,5.8898773193359375,1.1700011491775513,1.4954350809323158e-08,6.0644850730896,1.1700011491775513,8.542206145732684e-07,5.348708629608154
Smim26,0.1560230404138565,0.1835405826568603,0.254751056432724,0.0710456839417685,2.2896158695220947,0.254751056432724,0.3321266259884504,1.3226138353347778,0.254751056432724,0.4736650917518501,1.124986171722412
Dtd1,0.2222334742546081,0.3014658987522125,0.4995641112327575,0.0006589728318199,3.83432412147522,0.4995641112327575,0.0051399096585909,3.176868200302124,0.4995641112327575,0.0230508629786088,2.7090229988098145
Slc24a3,0.0011374665191397,0.0,-20.118213653564453,0.9888502385877284,0.0673658028244972,-20.118213653564453,0.4679991859106411,-1.0,-20.118213653564453,0.6832027011037286,-0.7008072733879089
Rin2,0.0011002594837918,0.0052541643381118,2.2586145401000977,0.9888502385877284,0.2019480466842651,2.2586145401000977,0.4679991859106411,1.0253511667251587,2.2586145401000977,0.5299909986835808,0.988282024860382
Naa20,0.230255901813507,0.6618143320083618,1.8575401306152344,1.935019795823545e-35,12.710254669189451,1.8575401306152344,1.1163665174095205e-43,15.075516700744627,1.8575401306152344,2.155912648313469e-35,13.32233428955078
Crnkl1,0.1453539282083511,0.2197079807519912,0.6512832641601562,0.0001152955534352,4.272052764892578,0.6512832641601562,0.0017371759883601,3.506983757019043,0.6512832641601562,0.0104030552605044,2.9941585063934326
Cfap61,0.0,0.0,0.0,0.9888502385877284,0.1005259156227111,0.0,1.0,0.0,0.0,1.0,0.0
Insm1,0.0,0.0008134738309308,19.63432502746582,0.9888502385877284,0.1678170263767242,19.63432502746582,0.4679991859106411,1.0,19.63432502746582,0.5282133287683867,1.0
Ralgapa2,0.1365123391151428,0.1892585158348083,0.5104077458381653,0.0072996476093508,3.1331820487976074,0.5104077458381653,0.0255009997774711,2.611944437026977,0.5104077458381653,0.0713347513863771,2.2398664951324463
Kiz,0.0403117313981056,0.0329059585928916,-0.2982257306575775,0.9888502385877284,0.4083024859428406,-0.2982257306575775,0.6384864365311957,-0.7321956157684326,-0.2982257306575775,0.7516190697611349,-0.6008791923522949
Xrn2,0.9703002572059632,1.2293329238891602,0.5617955327033997,2.014464485117946e-07,5.586208343505859,0.5617955327033997,4.258305570116716e-12,7.332459926605225,0.5617955327033997,1.955278766338296e-08,6.049833297729492
Thbd,0.0013142230454832,0.0,-20.32672882080078,0.9888502385877284,0.0342056974768638,-20.32672882080078,0.3701757984331322,-1.2453937530517578,-20.32672882080078,0.6019045108825948,-0.872780978679657
Cd93,0.0007365080527961,0.0011416648048907,0.6326575875282288,0.9888502385877284,0.1345822364091873,0.6326575875282288,0.9426823762373944,0.2982124388217926,0.6326575875282288,0.9808034859787844,0.2610993683338165
Nxt1,0.175223097205162,0.3447452783584595,1.1039142608642578,2.474963887724155e-09,6.336642742156982,1.1039142608642578,1.0604205855609327e-10,6.878862380981445,1.1039142608642578,2.002541060979513e-08,6.042263507843018
Gzf1,0.040844727307558,0.0899327620863914,1.1744924783706665,0.0770421776232886,2.2539165019989014,1.1744924783706665,0.0022322524572605,3.437537670135498,1.1744924783706665,0.0077708122930214,3.09238862991333
Napb,0.0045638778246939,0.0,-22.1251220703125,0.9888502385877284,-0.0321145206689834,-22.1251220703125,0.1095847353463962,-1.9785884618759155,-22.1251220703125,0.3347108251923434,-1.3866091966629028
Cst3,0.3985649049282074,0.9652519822120668,1.730911374092102,1.3141810897266217e-43,14.11776638031006,1.730911374092102,1.1488391815894444e-50,16.37001609802246,1.730911374092102,2.0994779150430398e-40,14.33867645263672
Zfp120,0.1066429316997528,0.0984050557017326,-0.1220277100801467,0.825528784935496,0.7890462875366211,-0.1220277100801467,0.8093669379161791,-0.4887658953666687,-0.1220277100801467,0.8854720040660781,-0.4064328968524933
Gm14139,0.0,0.0010831931140273,20.04764175415039,0.9888502385877284,0.1678170263767242,20.04764175415039,0.4679991859106411,1.0,20.04764175415039,0.5282133287683867,1.0
Zfp937,0.0182414799928665,0.0079890107735991,-1.1985456943511963,0.9888502385877284,-0.066021479666233,-1.1985456943511963,0.1789637765028983,-1.7147773504257202,-1.1985456943511963,0.3598207301148704,-1.3341567516326904
3300002I08Rik,0.0143329054117202,0.006089090835303,-1.240988850593567,0.9888502385877284,-0.0971650928258895,-1.240988850593567,0.2556224316984493,-1.5049721002578735,-1.240988850593567,0.4348471871034925,-1.1903294324874878
Gm10130,0.0567248091101646,0.0521232783794403,-0.1254017353057861,0.8545504653980431,0.7534962296485901,-0.1254017353057861,0.8844181756619579,-0.3818646371364593,-0.1254017353057861,0.9454587550600074,-0.3148518800735473
Zfp442,0.0176313631236553,0.0118246274068951,-0.5805482864379883,0.9888502385877284,0.1348809748888015,-0.5805482864379883,0.5191813441629806,-0.9152535796165466,-0.5805482864379883,0.6832027011037286,-0.737566351890564
Zfp345,0.0,0.0011860650265589,20.178607940673828,0.9888502385877284,0.1678170263767242,20.178607940673828,0.4679991859106411,1.0,20.178607940673828,0.5282133287683867,1.0
Cst7,0.4946105778217315,0.9894677996635436,1.401027798652649,5.32191423130781e-32,12.065723419189451,1.401027798652649,3.237967662279477e-36,13.494709014892578,1.401027798652649,2.654585894275257e-28,11.76737117767334
Apmap,0.0765153616666793,0.1331496387720108,0.8407939672470093,0.008517616215963,3.0831432342529297,0.8407939672470093,0.0024836993263317,3.403774738311768,0.8407939672470093,0.010623000708218,2.987045764923096
Acss1,0.1097287684679031,0.0810617581009864,-0.4578560292720794,0.9888502385877284,-0.285595178604126,-0.4578560292720794,0.1606451542322521,-1.7799618244171145,-0.4578560292720794,0.2987696467166426,-1.469847559928894
Entpd6,0.1288659870624542,0.07847910374403,-0.7524652481079102,0.8700933060376965,-0.735198438167572,-0.7524652481079102,0.0062130696307795,-3.111526727676392,-0.7524652481079102,0.0381984704597892,-2.5099947452545166
Pygb,0.0928139016032219,0.1057833805680275,0.1982103586196899,0.2123835703956494,1.7556933164596558,0.1982103586196899,0.5898802854107468,0.8056347370147705,0.1982103586196899,0.6995853399848423,0.6769443154335022
Abhd12,0.0937887281179428,0.1685259193181991,0.9005736112594604,0.0002089539343059,4.126790523529053,0.9005736112594604,0.0001712160031463,4.135348796844482,0.9005736112594604,0.0015265225395208,3.594839811325073
Gins1,0.0082082552835345,0.0625028386712074,2.968169927597046,0.0116503052680943,2.9789576530456543,2.968169927597046,3.003543775736102e-07,5.539455413818359,2.968169927597046,1.2682346776611402e-06,5.287627220153809
Ninl,0.0003030791413038,0.0012842231662943,2.083833694458008,0.9888502385877284,0.1347316056489944,2.083833694458008,0.6310774019177405,0.7435713410377502,2.083833694458008,0.6832027011037286,0.7240450382232666
Nanp,0.077211394906044,0.1183190792798996,0.6459330916404724,0.0158525804392616,2.8726062774658203,0.6459330916404724,0.0290230685549842,2.5617122650146484,0.6459330916404724,0.0777607214288438,2.200075626373291
Nsfl1c,0.2055710256099701,0.2860012948513031,0.5367770195007324,0.0012238774826521,3.6656110286712646,0.5367770195007324,0.0028032588592146,3.365162849426269,0.5367770195007324,0.0143178142891957,2.8827507495880127
Fkbp1a,0.565315306186676,1.33928382396698,1.8897294998168943,1.2226140641676525e-74,18.517230987548828,1.8897294998168943,5.019934510353487e-96,23.456445693969727,1.8897294998168943,5.707919161729754e-69,19.59908866882324
Sdcbp2,0.0098449094220995,0.5291336178779602,6.139483451843262,4.9319917595687325e-54,15.732379913330078,6.139483451843262,2.845090581571773e-60,19.489850997924805,6.139483451843262,7.241330014823468e-60,19.338035583496094
Psmf1,0.118881456553936,0.1863550245761871,0.698439359664917,0.0006387854034032,3.842763662338257,0.698439359664917,0.0020535923954771,3.458862781524658,0.698439359664917,0.010623000708218,2.986862897872925
Fam110a,0.0229531247168779,0.1017806679010391,2.2061541080474854,0.0016702300423847,3.5783042907714844,2.2061541080474854,1.2029174915281689e-07,5.708473205566406,2.2061541080474854,8.746323165413498e-07,5.355799674987793
Slc52a3,0.0056259310804307,0.0461087226867675,3.06420373916626,0.1915686243619551,1.8120057582855225,3.06420373916626,9.800658552535847e-05,4.289360523223877,3.06420373916626,0.000211841980146,4.139420032501221
Srxn1,0.0,0.0211921818554401,24.35234260559082,0.5290212840492334,1.1771838665008545,24.35234260559082,0.0012636265178415,3.613522291183472,24.35234260559082,0.0015034473611231,3.613522291183472
Csnk2a1,0.6080361604690552,0.6286919116973877,0.0646221339702606,0.9888502385877284,0.2760354876518249,0.0646221339702606,0.716544428482857,0.6199957132339478,0.0646221339702606,0.8095542491951423,0.5180197954177856
Tbc1d20,0.1434281170368194,0.2791016399860382,1.061773657798767,6.142881061087312e-07,5.377538681030273,1.061773657798767,8.916417886489196e-08,5.744024753570557,1.061773657798767,3.385361464843313e-06,5.070827007293701
Rbck1,0.3943919241428375,0.4886426329612732,0.3821238577365875,0.005959360668392,3.197411060333252,0.3821238577365875,0.0052022483898245,3.1722280979156494,0.3821238577365875,0.0248619351529598,2.680449724197388
Trib3,0.0010429020039737,0.0040026656351983,1.9424923658370967,0.9888502385877284,0.2691644728183746,1.9424923658370967,0.4679991859106411,1.0726215839385986,1.9424923658370967,0.5282133287683867,1.0010937452316284
Sox12,0.0121280690655112,0.0,-23.540603637695312,0.9888502385877284,-0.2310751676559448,-23.540603637695312,0.0054246018437716,-3.1589088439941406,-23.540603637695312,0.0761515358417167,-2.213786363601685
Zcchc3,0.0088909491896629,0.0065104742534458,-0.4512940645217895,0.9888502385877284,0.4025517702102661,-0.4512940645217895,0.74805526368204,-0.5763108730316162,-0.4512940645217895,0.8521374495726085,-0.4549829363822937
Defb25,0.0,0.0,0.0,0.9888502385877284,0.1005259156227111,0.0,1.0,0.0,0.0,1.0,0.0
Rem1,0.0,0.0,0.0,0.9888502385877284,0.1005259156227111,0.0,1.0,0.0,0.0,1.0,0.0
H13,0.4368313550949096,0.7373653650283813,0.9931767582893372,2.5397732554809414e-14,7.966865539550781,0.9931767582893372,1.7043392126627393e-18,9.290916442871094,0.9931767582893372,5.918826140812099e-14,7.99716329574585
Mcts2,0.0035445194225758,0.009712915867567,1.4587687253952026,0.9888502385877284,0.4034479856491089,1.4587687253952026,0.3061683098733264,1.3785741329193115,1.4587687253952026,0.40476468907965,1.2497063875198364
Id1,0.0031084134243428,0.0038922813255339,0.3250032365322113,0.9888502385877284,0.1686385720968246,0.3250032365322113,1.0,0.2126566171646118,0.3250032365322113,1.0,0.1799222975969314
Cox4i2,0.0,0.0,0.0,0.9888502385877284,0.1005259156227111,0.0,1.0,0.0,0.0,1.0,0.0
Bcl2l1,0.0248866491019725,0.1599228978157043,2.7828404903411865,6.37119182677881e-08,5.790770530700684,2.7828404903411865,1.0043239334670646e-14,8.292455673217773,2.7828404903411865,2.257083379736575e-13,7.860172748565674
Tpx2,0.021923029795289,0.0892770290374755,2.0748777389526367,0.0076921252381915,3.1161539554595947,2.0748777389526367,2.059247246119935e-06,5.147327899932861,2.0748777389526367,1.2866369653448844e-05,4.793790817260742
Ttll9,0.0011093423236161,0.0008831589948385,-0.3291224241256714,0.9888502385877284,0.1345822364091873,-0.3291224241256714,1.0,-0.1595132201910019,-0.3291224241256714,1.0,-0.1247805282473564
Pdrg1,0.2995675802230835,0.3229849636554718,0.12635238468647,0.2181626074524069,1.7409803867340088,0.12635238468647,0.5340480498379253,0.8910172581672668,0.12635238468647,0.6832027011037286,0.7479575872421265
Hck,0.0011598317651078,0.0017354019219055,0.5817691683769226,0.9888502385877284,0.1345822364091873,0.5817691683769226,0.9581602449976334,0.2757484018802643,0.5817691683769226,0.9946897833213698,0.2400163263082504
Tm9sf4,0.1586004644632339,0.200208693742752,0.3670188188552856,0.0378432413975418,2.548921823501587,0.3670188188552856,0.1312736350972335,1.887381076812744,0.3670188188552856,0.2392970255047847,1.610045075416565
Tspyl3,0.0872131884098053,0.0714061930775642,-0.3000502288341522,0.9888502385877284,0.5347440838813782,-0.3000502288341522,0.4360368353267095,-1.126434326171875,-0.3000502288341522,0.5686088043066081,-0.9237498044967652
Plagl2,0.0787277743220329,0.1443674862384796,0.9230303764343262,0.0017456661250256,3.565607786178589,0.9230303764343262,0.0007454747269232,3.74961256980896,0.9230303764343262,0.0043212085951143,3.2827460765838623
Pofut1,0.1087411791086196,0.0791685879230499,-0.4795643389225006,0.9888502385877284,0.1689373105764389,-0.4795643389225006,0.1270069120028794,-1.9040195941925049,-0.4795643389225006,0.2623794241896887,-1.5530555248260498
Kif3b,0.1056302413344383,0.0884236693382263,-0.2691311836242676,0.9888502385877284,0.408974677324295,-0.2691311836242676,0.4679991859106411,-1.0690261125564575,-0.2691311836242676,0.5940307124620446,-0.8846391439437866
Asxl1,0.1845098882913589,0.2616694867610931,0.5617743730545044,0.0004112666022349,3.956135272979736,0.5617743730545044,0.0037897105248019,3.2726492881774902,0.5617743730545044,0.017814045903163,2.8040215969085693
Nol4l,0.0060714995488524,0.0132666686549782,1.1328799724578855,0.9888502385877284,0.4706644117832184,1.1328799724578855,0.3541276454581333,1.2772536277770996,1.1328799724578855,0.4629546467210319,1.1435065269470217
Commd7,0.3003652691841125,0.514167308807373,0.9401829838752748,2.63282474149604e-10,6.687661647796631,0.9401829838752748,2.662135798243195e-12,7.424654483795166,0.9401829838752748,2.304595866984129e-09,6.4119744300842285
Dnmt3b,0.0232841279357671,0.0632904767990112,1.4717081785202026,0.1116633401572631,2.0843069553375244,1.4717081785202026,0.0018489476773036,3.493738174438477,1.4717081785202026,0.0062820293253182,3.162537813186645
Mapre1,0.5698463916778564,0.7124204039573669,0.4359152317047119,0.0023383206523511,3.4812138080596924,0.4359152317047119,6.688212759988449e-05,4.35936975479126,0.4359152317047119,0.0012905507733886,3.643977642059326
Efcab8,0.0,0.0,0.0,0.9888502385877284,0.1005259156227111,0.0,1.0,0.0,0.0,1.0,0.0
Cdk5rap1,0.1660962849855423,0.0247351787984371,-2.850975275039673,0.0036124530011479,-3.35193419456482,-2.850975275039673,3.8855558145406614e-20,-9.670073509216309,-2.850975275039673,5.1198877008007735e-11,-7.088181018829346
Snta1,0.0,0.0,0.0,0.9888502385877284,0.1005259156227111,0.0,1.0,0.0,0.0,1.0,0.0
Cbfa2t2,0.0469599850475788,0.0296945516020059,-0.6737675070762634,0.9944703886532446,-0.0213598888367414,-0.6737675070762634,0.1876852094518211,-1.685678482055664,-0.6737675070762634,0.3460767688167512,-1.3619751930236816
Necab3,0.0,0.0011122599244117,20.085866928100582,0.9888502385877284,0.1678170263767242,20.085866928100582,0.4679991859106411,1.0,20.085866928100582,0.5282133287683867,1.0
1700003F12Rik,0.0,0.0,0.0,0.9888502385877284,0.1005259156227111,0.0,1.0,0.0,0.0,1.0,0.0
E2f1,0.0120312785729765,0.15158112347126,3.7572643756866455,5.6720344235752667e-08,5.810786247253418,3.7572643756866455,3.820912953172648e-16,8.771323204040527,3.7572643756866455,2.163509729503284e-15,8.544127464294434
Pxmp4,0.0674350708723068,0.141791746020317,1.1267744302749634,0.0002239800705751,4.109164714813232,1.1267744302749634,3.832243345913922e-05,4.496383190155029,1.1267744302749634,0.0004301815898887,3.946055412292481
Zfp341,0.0142804495990276,0.0070598786696791,-1.0215438604354858,0.9888502385877284,0.1011233925819397,-1.0215438604354858,0.3030889388199373,-1.3858705759048462,-1.0215438604354858,0.5015065596794992,-1.079692006111145
Chmp4b,0.7019102573394775,1.0825275182724,0.9398754239082336,3.0685709551617346e-18,9.039116859436035,0.9398754239082336,3.0818150987072696e-25,10.964166641235352,0.9398754239082336,7.343304703841952e-18,9.156554222106934
Gm14214,0.0,0.0,0.0,0.9888502385877284,0.1005259156227111,0.0,1.0,0.0,0.0,1.0,0.0
Raly,0.717227041721344,0.995019257068634,0.7009193897247314,3.81341906637203e-11,6.974526882171631,0.7009193897247314,1.7697002237173833e-14,8.105552673339844,0.7009193897247314,1.8494890273120516e-10,6.824124336242676
a,0.0035699564032256,0.0274606067687273,2.960662841796875,0.4637281064939539,1.2753198146820068,2.960662841796875,0.0014975689290133,3.5596063137054443,2.960662841796875,0.0030235761818106,3.397061586380005
Eif2s2,0.872026801109314,1.1495943069458008,0.6320635080337524,5.0378396983686126e-08,5.831548690795898,0.6320635080337524,1.2490059153139673e-12,7.508187770843506,0.6320635080337524,9.495802658894784e-09,6.176128387451172
Ahcy,0.0128755494952201,0.0405895747244358,1.6765557527542114,0.2088871301368253,1.765252947807312,1.6765557527542114,0.0045141140437052,3.221152782440185,1.6765557527542114,0.0138755276181357,2.894864797592163
Itch,0.3364234864711761,0.3702816963195801,0.1642035692930221,0.1236498945299958,2.03568696975708,0.1642035692930221,0.3990186694777189,1.1892309188842771,0.1642035692930221,0.5282133287683867,1.001047968864441
Dynlrb1,0.4883862137794494,0.9139321446418762,1.2465864419937134,5.8763027487051835e-27,11.053966522216797,1.2465864419937134,1.3187079011101525e-35,13.277748107910156,1.2465864419937134,3.798729173652417e-26,11.26723861694336
Map1lc3a,0.0609978288412094,0.1019705608487129,0.7712796330451965,0.0444559878842461,2.486111879348755,0.7712796330451965,0.0189577661444055,2.72531533241272,0.7712796330451965,0.0527141143086593,2.372812509536743
Pigu,0.0748230218887329,0.1000798866152763,0.4380824267864227,0.1059350618731046,2.1083555221557617,0.4380824267864227,0.195420490436857,1.6625882387161257,0.4380824267864227,0.3211311426160849,1.4218554496765137
Trp53inp2,0.0058532059192657,0.0122770871967077,1.0733102560043335,0.9888502385877284,0.4038960933685303,1.0733102560043335,0.4029475801282017,1.1823216676712036,1.0733102560043335,0.5125268363037209,1.061976432800293
Ncoa6,0.1224577277898788,0.1200586557388305,-0.030309785157442,0.522526343402696,1.186668872833252,-0.030309785157442,1.0,-0.1357013285160064,-0.030309785157442,1.0,-0.1132852360606193
Ggt7,0.0036978756543248,0.0065468419343233,0.8261590600013733,0.9888502385877284,0.2693138420581817,0.8261590600013733,0.6434237772747241,0.7250744700431824,0.8261590600013733,0.7286038661239782,0.6346349716186523
Acss2,0.1805474758148193,0.0543253347277641,-1.8255127668380735,0.0113364021567664,-2.9885921478271484,-1.8255127668380735,1.2464100209921788e-12,-7.49289608001709,-1.8255127668380735,1.0499074195915065e-07,-5.76569414138794
Gss,0.0362569540739059,0.0409335643053054,0.1784218996763229,0.760216764399985,0.8674654364585876,0.1784218996763229,0.8292756263404644,0.459588348865509,0.1784218996763229,0.897819660665723,0.387896865606308
Trpc4ap,0.4205078780651092,0.285930722951889,-0.6592467427253723,0.0109778673646597,-2.998898506164551,-0.6592467427253723,8.785728166908284e-06,-4.815963745117188,-0.6592467427253723,0.0004311750364558,-3.946789979934693
Edem2,0.0931316167116165,0.1851224303245544,1.0590322017669678,5.930837516720975e-05,4.4293389320373535,1.0590322017669678,9.441059910627628e-06,4.8109283447265625,1.0590322017669678,0.0001418127132758,4.229119777679443
Procr,0.0,0.0,0.0,0.9888502385877284,0.1005259156227111,0.0,1.0,0.0,0.0,1.0,0.0
Mmp24,0.0,0.0,0.0,0.9888502385877284,0.1005259156227111,0.0,1.0,0.0,0.0,1.0,0.0
BC029722,0.1188627630472183,0.1249296218156814,0.0762840658426284,0.2511346971904826,1.6620383262634275,0.0762840658426284,0.9062384072529404,0.3510918617248535,0.0762840658426284,0.96032649520099,0.293046236038208
Eif6,0.4791764318943023,0.7615811228752136,0.893075168132782,1.4424575810636108e-12,7.436527729034424,0.893075168132782,4.0063849172300676e-17,8.892033576965332,0.893075168132782,1.571675190517493e-12,7.53972053527832
Uqcc1,0.0857133939862251,0.0721241906285286,-0.258969098329544,0.9076430727217168,0.6876988410949707,-0.258969098329544,0.4937129260238184,-0.9570346474647522,-0.258969098329544,0.6582115339481969,-0.7885796427726746
Cep250,0.1712822020053863,0.3801775276660919,1.307898759841919,1.987823570291963e-12,7.3931355476379395,1.307898759841919,3.8311472923915675e-14,8.043458938598633,1.307898759841919,2.3598732844207094e-11,7.142308235168457
6430550D23Rik,0.0011701578041538,0.0,-20.15911674499512,0.9888502385877284,0.0673658028244972,-20.15911674499512,0.4679991859106411,-1.0,-20.15911674499512,0.6832027011037286,-0.7008072733879089
Ergic3,0.2195093035697937,0.4264170229434967,1.1152538061141968,1.2509475492377699e-11,7.135846138000488,1.1152538061141968,4.5072076408662426e-13,7.686323642730713,1.1152538061141968,3.670547294052246e-10,6.7134690284729
Spag4,0.0046094506978988,0.0026340016629546,-0.8087641000747681,0.9888502385877284,0.0354753397405147,-0.8087641000747681,0.7568698100910677,-0.5640643835067749,-0.8087641000747681,0.8424873486051646,-0.4684261083602905
Cpne1,0.0035672199446707,0.0020151608623564,-0.8250249028205872,0.9888502385877284,0.0681126564741134,-0.8250249028205872,0.7752883422029527,-0.5364643931388855,-0.8250249028205872,0.8667849503644182,-0.433219701051712
Rbm12,0.0777757838368415,0.081011489033699,0.0611702762544155,0.4707051328588966,1.2626980543136597,0.0611702762544155,0.9959016226159528,0.2216680943965912,0.0611702762544155,1.0,0.1854535043239593
Nfs1,0.1230193004012107,0.1958862543106079,0.7250902056694031,0.0002590293222258,4.072942733764648,0.7250902056694031,0.0008932705398847,3.697532415390015,0.7250902056694031,0.0059358205666248,3.1804983615875244
Romo1,0.454923927783966,0.6246778964996338,0.5909008979797363,1.303193749501876e-05,4.765495777130127,0.5909008979797363,7.70162012338598e-07,5.321982383728027,0.5909008979797363,4.50103998595519e-05,4.505453586578369
Rbm39,1.817507266998291,1.8522027730941768,0.0595644228160381,0.9888502385877284,0.1353290826082229,0.0595644228160381,0.4017839245141063,1.1840524673461914,0.0595644228160381,0.5352551909844842,0.9764078855514526
Phf20,0.2320539951324463,0.166339561343193,-0.5293047428131104,0.9452671725632862,-0.6384814381599426,-0.5293047428131104,0.009554070657013,-2.968624830245972,-0.5293047428131104,0.0465880041245476,-2.4266459941864014
Scand1,1.0338692665100098,1.1364845037460327,0.2236767709255218,0.6517760788335887,1.0078730583190918,0.2236767709255218,0.0106428985670747,2.93184494972229,0.2236767709255218,0.0470959525483709,2.4216251373291016
Cnbd2,0.0137894190847873,0.0060592624358832,-1.1919329166412354,0.9994412017932364,0.001643068389967,-1.1919329166412354,0.2634407891546463,-1.4870775938034058,-1.1919329166412354,0.4591449722157592,-1.149683713912964
Epb41l1,0.0035579388495534,0.0,-21.76517868041992,0.9994412017932364,0.0010455889860168,-21.76517868041992,0.1759922094568582,-1.7272062301635742,-21.76517868041992,0.4256448719229913,-1.21043860912323
Aar2,0.0520725436508655,0.0641063526272773,0.308708906173706,0.4439466983607325,1.3056418895721436,0.308708906173706,0.4827069631626151,0.9752714037895204,0.308708906173706,0.6285780897853083,0.8311085104942322
Dlgap4,0.1991388350725174,0.2056695967912674,0.0514237880706787,0.3297282128684744,1.5007935762405396,0.0514237880706787,0.9438396300139964,0.296450138092041,0.0514237880706787,0.988738746459099,0.2488743513822555
Myl9,0.0,0.0016531069995835,20.657941818237305,0.9888502385877284,0.1678170263767242,20.657941818237305,0.4679991859106411,1.0,20.657941818237305,0.5282133287683867,1.0
Tgif2,0.0330986939370632,0.0083321100100874,-2.0079474449157715,0.9888502385877284,-0.4699175655841827,-2.0079474449157715,0.0016701077803117,-3.514993906021118,-2.0079474449157715,0.0284831815799043,-2.630438327789306
Rab5if,0.5599496364593506,0.8469763398170471,0.8281393051147461,5.020143087512066e-12,7.263930797576904,0.8281393051147461,2.5116306921325556e-17,8.93786907196045,0.8281393051147461,2.4181433117249167e-12,7.479571342468262
Sla2,0.2630195915699005,0.4047020375728607,0.7295679450035095,3.765085901555212e-07,5.470073699951172,0.7295679450035095,2.2572200615949127e-06,5.108242511749268,0.7295679450035095,7.78284115701075e-05,4.374303817749023
Ndrg3,0.2355811595916748,0.1183924973011016,-1.0796723365783691,0.0530610284350719,-2.4126219749450684,-1.0796723365783691,4.5456601903967415e-08,-5.84151554107666,-1.0796723365783691,2.559523918492856e-05,-4.639998912811279
Dsn1,0.0167103223502635,0.043912373483181,1.4136093854904177,0.1865187554037678,1.826121211051941,1.4136093854904177,0.0095950379062014,2.9705798625946045,1.4136093854904177,0.0263899223881733,2.656575918197632
Soga1,0.0,0.0,0.0,0.9888502385877284,0.1005259156227111,0.0,1.0,0.0,0.0,1.0,0.0
Samhd1,0.935647428035736,1.4811198711395264,1.1334203481674194,6.096841945589124e-30,11.662797927856444,1.1334203481674194,2.431391800397306e-38,13.795279502868652,1.1334203481674194,2.466992401299357e-27,11.55421257019043
Rbl1,0.1229983568191528,0.2067913860082626,0.8116410970687866,0.0001054065369877,4.293188571929932,0.8116410970687866,0.0002432313222094,4.045883655548096,0.8116410970687866,0.0020296275935227,3.51235294342041
Mroh8,0.0034185608383268,0.0,-21.70742416381836,0.9994412017932364,0.0010455889860168,-21.70742416381836,0.1750730072300931,-1.732471942901611,-21.70742416381836,0.4247033279437463,-1.2141289710998535
Rpn2,0.4149816036224365,0.5574063658714294,0.5367116332054138,0.0001738760202366,4.17219877243042,0.5367116332054138,1.734393497699647e-05,4.670394420623779,0.5367116332054138,0.0004120237087134,3.957277774810791
Manbal,0.1307750046253204,0.219234213232994,0.8110561370849609,6.128513485717001e-05,4.421795845031738,0.8110561370849609,0.0001296662291839,4.204764366149902,0.8110561370849609,0.0012589266451028,3.650787115097046
Src,0.0012875914108008,0.0,-20.29717254638672,0.9888502385877284,0.0673658028244972,-20.29717254638672,0.4679991859106411,-1.0,-20.29717254638672,0.6832027011037286,-0.7008072733879089
Blcap,0.0338728465139865,0.0343450270593166,0.0203146990388631,0.9452671725632862,0.6413941383361816,0.0203146990388631,1.0,0.0488735511898994,0.0203146990388631,1.0,0.0408573411405086
Nnat,0.001236459123902,0.0019657523371279,0.6693928837776184,0.9888502385877284,0.1345822364091873,0.6693928837776184,0.9315661652564818,0.3140410780906677,0.6693928837776184,0.9714423005520392,0.2760997116565704
Ctnnbl1,0.2230576872825622,0.2632983922958374,0.2694846987724304,0.0250522629513053,2.7059097290039062,0.2694846987724304,0.1804619837897164,1.7104007005691528,0.2694846987724304,0.3119022229995254,1.440093994140625
Tti1,0.034366775304079,0.0481282658874988,0.4958650171756744,0.4705344289957972,1.262996792793274,0.4958650171756744,0.3451359268709484,1.2956901788711548,0.4958650171756744,0.4822866353369105,1.1106573343276978
Rprd1b,0.1441294103860855,0.1809626668691635,0.3556164503097534,0.028740432714432,2.6542277336120605,0.3556164503097534,0.1509308390602486,1.8135288953781128,0.3556164503097534,0.2678936115097561,1.5398778915405271
Tgm2,0.0012201954377815,0.0,-20.219562530517575,0.9888502385877284,0.0673658028244972,-20.219562530517575,0.4679991859106411,-1.0,-20.219562530517575,0.6832027011037286,-0.7008072733879089
Lbp,0.0172048807144165,0.0,-24.048742294311523,0.9888502385877284,-0.430035799741745,-24.048742294311523,0.0002862747137985,-4.003108501434326,-24.048742294311523,0.0180880407225473,-2.8054075241088867
Snhg11,0.0,0.0,0.0,0.9888502385877284,0.1005259156227111,0.0,1.0,0.0,0.0,1.0,0.0
Ralgapb,0.1290848106145858,0.1351854503154754,0.0711184293031692,0.5116360784385846,1.2010083198547363,0.0711184293031692,0.9263162044251796,0.3211356401443481,0.0711184293031692,0.973753323249234,0.2714777588844299
Slc32a1,0.0010600900277495,0.0,-20.016521453857425,0.9888502385877284,0.0673658028244972,-20.016521453857425,0.4679991859106411,-1.0,-20.016521453857425,0.6832027011037286,-0.7008072733879089
Actr5,0.1040958911180496,0.1236366182565689,0.2625561058521271,0.1339993372711487,1.9956560134887693,0.2625561058521271,0.4393892478467761,1.120537281036377,0.2625561058521271,0.5522989449350273,0.9489319920539856
Ppp1r16b,0.2325101047754287,0.4226901531219482,1.0069688558578491,2.1541689177879348e-10,6.717909336090088,1.0069688558578491,2.2492421011968877e-10,6.756301403045654,1.0069688558578491,4.8149121613988354e-08,5.886372089385986
Fam83d,0.0057047009468078,0.0059463763609528,0.0600339397788047,0.9888502385877284,0.3032208085060119,0.0600339397788047,1.0,0.0655633807182312,0.0600339397788047,1.0,0.0544061549007892
Dhx35,0.0237843971699476,0.0334094949066638,0.4972188770771026,0.8262905326443343,0.7880753874778748,0.4972188770771026,0.4679991859106411,1.069563627243042,0.4972188770771026,0.5706404879411326,0.9204872846603394
Mafb,0.0010870475089177,0.0,-20.05276870727539,0.9888502385877284,0.0673658028244972,-20.05276870727539,0.4679991859106411,-1.0,-20.05276870727539,0.6832027011037286,-0.7008072733879089
Top1,0.7811076045036316,0.8360416889190674,0.142962634563446,0.8200682790738505,0.7949463725090027,0.142962634563446,0.2466492420637205,1.5260089635849,0.142962634563446,0.3918475880980069,1.273617386817932
Plcg1,0.2162507623434066,0.1733685880899429,-0.3507990837097168,0.9888502385877284,-0.1261428445577621,-0.3507990837097168,0.1167365071367738,-1.9467535018920896,-0.3507990837097168,0.2413596921435035,-1.6052008867263794
Zhx3,0.0458839796483516,0.0299784298986196,-0.6256114840507507,0.9888502385877284,0.1359265744686126,-0.6256114840507507,0.2344305305929451,-1.5565316677093506,-0.6256114840507507,0.4030541809678095,-1.2528233528137207
Lpin3,0.0,0.0052662999369204,22.3321590423584,0.9888502385877284,0.3696903884410858,22.3321590423584,0.1094730819690925,1.9818955659866333,22.3321590423584,0.123099315373567,1.9818955659866333
Chd6,0.3574132621288299,0.197551816701889,-0.9760030508041382,0.009272727038897,-3.0558085441589355,-0.9760030508041382,2.605159391621696e-09,-6.333165645599365,-0.9760030508041382,3.656420136004088e-06,-5.060678005218506
Srsf6,0.6561663150787354,0.6535399556159973,-0.0078859031200408,0.9059617188122552,-0.6898646950721741,-0.0078859031200408,1.0,-0.0791726559400558,-0.0078859031200408,1.0,-0.0657176449894905
L3mbtl1,0.002343232743442,0.0,-21.161760330200195,0.9888502385877284,0.0342056974768638,-21.161760330200195,0.2942789202292576,-1.414528489112854,-21.161760330200195,0.5299909986835808,-0.9913118481636048
Ift52,0.0805911794304847,0.2523189783096313,1.7738651037216189,4.4238611367245096e-11,6.953017234802246,1.7738651037216189,1.5629181554138036e-14,8.189037322998047,1.7738651037216189,2.9820509571001613e-12,7.458840370178223
Mybl2,0.0069911060854792,0.0626061335206031,3.20306134223938,0.0095682644442166,3.045277833938598,3.20306134223938,9.851330707960219e-08,5.7544941902160645,3.20306134223938,4.219281141723739e-07,5.505751132965088
Tox2,0.0,0.0717982873320579,26.149547576904297,0.0164540306817355,2.859461784362793,26.149547576904297,1.0184441861856398e-08,6.189662933349609,26.149547576904297,1.251850931422925e-08,6.189662933349609
Oser1,0.1534545272588729,0.29068323969841,1.0242863893508911,2.7552221733810216e-07,5.529149055480957,1.0242863893508911,5.6142104726506135e-08,5.8268232345581055,1.0242863893508911,2.717975876925911e-06,5.115744590759277
Gdap1l1,0.0,0.0,0.0,0.9888502385877284,0.1005259156227111,0.0,1.0,0.0,0.0,1.0,0.0
Fitm2,0.0199221037328243,0.0181672517210245,-0.1342997848987579,0.9888502385877284,0.3299580216407776,-0.1342997848987579,0.9810233684741348,-0.2437059879302978,-0.1342997848987579,1.0,-0.201257511973381
Ttpal,0.0658539161086082,0.0932554677128791,0.5219472050666809,0.2206742244404491,1.7347067594528198,0.5219472050666809,0.1475021940181675,1.8263490200042725,0.5219472050666809,0.2515383314792818,1.580777287483215
Serinc3,0.3868339955806732,1.1428725719451904,2.1769394874572754,2.1361368949617326e-68,17.719074249267578,2.1769394874572754,2.9011478514740915e-78,21.299165725708008,2.1769394874572754,4.198592045796068e-64,18.71754264831543
Pkig,0.0103435330092906,0.0535223819315433,2.4027256965637207,0.0462703933375203,2.46923303604126,2.4027256965637207,2.0545611819988e-05,4.650545597076416,2.4027256965637207,8.978962057499543e-05,4.3468852043151855
Ada,0.0450084805488586,0.0202485062181949,-1.1703389883041382,0.9888502385877284,-0.2575883269309997,-1.1703389883041382,0.0169478886160463,-2.765061855316162,-1.1703389883041382,0.0854079830774129,-2.15682315826416
Ywhab,0.7566509246826172,1.0268375873565674,0.6639880537986755,1.7333606491868921e-09,6.393104553222656,0.6639880537986755,1.4452626069843794e-13,7.817490577697754,0.6639880537986755,1.113658945431534e-09,6.534439086914063
Pabpc1l,0.0022747591137886,0.0632300823926925,4.841034889221191,0.0241380770484943,2.720174551010132,4.841034889221191,1.5948256437437613e-08,6.102744102478027,4.841034889221191,2.9665222226489644e-08,6.022380352020264
Tomm34,0.2869688868522644,0.2639008164405823,-0.1383013278245926,0.9888502385877284,0.3429531753063202,-0.1383013278245926,0.5112741583322397,-0.9284569025039672,-0.1383013278245926,0.6705327406118989,-0.77055823802948
Stk4,0.8305585384368896,0.6519659757614136,-0.4938825666904449,1.9650078832596822e-06,-5.152737140655518,-0.4938825666904449,2.2112241833079543e-06,-5.106559753417969,-0.4938825666904449,0.0001456546936344,-4.223254203796387
Kcns1,0.0,0.0,0.0,0.9888502385877284,0.1005259156227111,0.0,1.0,0.0,0.0,1.0,0.0
Slpi,0.0850630179047584,0.0033005888108164,-4.747149467468262,0.1252973985776068,-2.0294883251190186,-4.747149467468262,2.726316564728287e-13,-7.734742164611816,-4.747149467468262,5.105700177616372e-07,-5.490106582641602
Sdc4,0.0024060218129307,0.0,-21.199954986572266,0.9888502385877284,0.0342056974768638,-21.199954986572266,0.2952639131729832,-1.4054536819458008,-21.199954986572266,0.5308695876200127,-0.98495215177536
Sys1,0.5422429442405701,0.8139107823371887,0.8038704991340637,2.8110534066441576e-10,6.677131175994873,0.8038704991340637,2.7242470920301708e-15,8.35130786895752,0.8038704991340637,5.2035521936487007e-11,7.021632194519043
Dbndd2,0.006620047148317,0.0082690073177218,0.3220635056495666,0.9888502385877284,0.2359296828508377,0.3220635056495666,0.9002138552474062,0.3592033684253692,0.3220635056495666,0.95020791675282,0.307886391878128
Pigt,0.1822863668203354,0.2953236997127533,0.7808717489242554,1.39461338733346e-05,4.7512311935424805,0.7808717489242554,1.122149415096206e-05,4.77022123336792,0.7808717489242554,0.0002100520116161,4.130356311798096
Wfdc2,0.0022041199263185,0.0,-21.073362350463867,0.9888502385877284,0.0342056974768638,-21.073362350463867,0.294555737387739,-1.408718228340149,-21.073362350463867,0.530209076476308,-0.987239956855774
Wfdc3,0.0,0.0,0.0,0.9888502385877284,0.1005259156227111,0.0,1.0,0.0,0.0,1.0,0.0
Dnttip1,0.1827244758605957,0.2404356002807617,0.4390774369239807,0.0029507612710215,3.4119808673858643,0.4390774369239807,0.0255467247743099,2.610836982727051,0.4390774369239807,0.0761165409047528,2.210493326187134
Ube2c,0.0861999541521072,0.2919950783252716,1.9133096933364868,8.955190861924724e-09,6.126703262329102,1.9133096933364868,2.7542752657446575e-13,7.812324047088623,1.9133096933364868,1.004350728475532e-11,7.294178009033203
Tnnc2,0.0,0.0,0.0,0.9888502385877284,0.1005259156227111,0.0,1.0,0.0,0.0,1.0,0.0
Snx21,0.0048333662562072,0.0102705238386988,1.0913362503051758,0.9888502385877284,0.3698397576808929,1.0913362503051758,0.4443836470516638,1.1123552322387695,1.0913362503051758,0.5299909986835808,0.991408109664917
Acot8,0.0972813218832016,0.1764038950204849,0.9170237183570862,0.0001369830267882,4.23090124130249,0.9170237183570862,0.0001264017613984,4.211662769317627,0.9170237183570862,0.0011432990812929,3.678661108016968
Zswim3,0.0154771283268928,0.0144148003309965,-0.1033551692962646,0.9888502385877284,0.2000062316656112,-0.1033551692962646,1.0,-0.1595537662506103,-0.1033551692962646,1.0,-0.1333259046077728
Zswim1,0.0546625219285488,0.0424584746360778,-0.3733741044998169,0.9888502385877284,0.3389202058315277,-0.3733741044998169,0.4617219753001744,-1.0823973417282104,-0.3733741044998169,0.5963979519507926,-0.8808175325393677
Spata25,0.0010485289385542,0.0,-20.00069236755371,0.9888502385877284,0.0673658028244972,-20.00069236755371,0.4679991859106411,-1.0,-20.00069236755371,0.6832027011037286,-0.7008072733879089
Neurl2,0.0128533206880092,0.0374991111457347,1.5625680685043335,0.4679152071025753,1.2671045064926147,1.5625680685043335,0.0144110004903629,2.828657388687134,1.5625680685043335,0.0329887296963998,2.5701403617858887
Ctsa,0.2826921343803406,0.6288636326789856,1.4221194982528689,2.596769204212061e-23,10.26103687286377,1.4221194982528689,1.599458941044507e-25,11.130034446716309,1.4221194982528689,3.022884661979116e-20,9.799232482910156
Pltp,0.0250212103128433,0.0081971306353807,-1.6221299171447754,0.9888502385877284,-0.3329454064369201,-1.6221299171447754,0.0247662328114638,-2.621772527694702,-1.6221299171447754,0.1123612447248615,-2.026342868804932
Pcif1,0.3570801913738251,0.4520318210124969,0.4132748246192932,0.0011509923589416,3.682340383529663,0.4132748246192932,0.0027732523982179,3.3672280311584477,0.4132748246192932,0.0173633750081853,2.813661575317383
Zfp335,0.0528581403195858,0.0763256773352623,0.5471533536911011,0.2159157732784921,1.7465816736221311,0.5471533536911011,0.1767861123835372,1.7244938611984253,0.5471533536911011,0.2923181814365138,1.4838804006576538
Mmp9,0.0,0.0,0.0,0.9888502385877284,0.1005259156227111,0.0,1.0,0.0,0.0,1.0,0.0
Slc12a5,0.0,0.0,0.0,0.9888502385877284,0.1005259156227111,0.0,1.0,0.0,0.0,1.0,0.0
Ncoa5,0.062560886144638,0.0531629845499992,-0.2416830956935882,0.8456022981733833,0.7637280821800232,-0.2416830956935882,0.6065879360350395,-0.7796356081962585,-0.2416830956935882,0.726056278162448,-0.6385539174079895
Cd40,0.0,0.0014961459673941,20.513900756835938,0.9888502385877284,0.1678170263767242,20.513900756835938,0.4679991859106411,1.0,20.513900756835938,0.5282133287683867,1.0
Slc35c2,0.0780964940786361,0.1390156596899032,0.8766566514968872,0.002187048556299,3.5000345706939697,0.8766566514968872,0.0012946301316054,3.593660593032837,0.8766566514968872,0.0065452680161659,3.14880895614624
Elmo2,0.0572022497653961,0.0971985012292862,0.7940845489501953,0.075769080334571,2.2611608505249023,0.7940845489501953,0.0176408510291987,2.752053022384644,0.7940845489501953,0.0484554634124447,2.4087321758270264
Ocstamp,0.0011104287113994,0.0,-20.08348846435547,0.9888502385877284,0.0673658028244972,-20.08348846435547,0.4679991859106411,-1.0,-20.08348846435547,0.6832027011037286,-0.7008072733879089
Slc13a3,0.0,0.0,0.0,0.9888502385877284,0.1005259156227111,0.0,1.0,0.0,0.0,1.0,0.0
Trp53rka,0.1027337238192558,0.0745611414313316,-0.4830360412597656,0.9891173779230972,0.030546136200428,-0.4830360412597656,0.1353201014546584,-1.870766282081604,-0.4830360412597656,0.2716304781725,-1.5307410955429075
Eya2,0.039199523627758,0.0142345502972602,-1.4795279502868652,0.9888502385877284,-0.5039739012718201,-1.4795279502868652,0.0112003996091902,-2.912505388259888,-1.4795279502868652,0.0653096108313975,-2.2810475826263428
Zmynd8,0.3833083510398865,0.2831307649612427,-0.5133053064346313,0.1937528600428534,-1.8055827617645264,-0.5133053064346313,0.0010608499170346,-3.6458351612091056,-0.5133053064346313,0.0102186735426281,-3.000527620315552
Ncoa3,0.2658083140850067,0.2706854343414306,0.0299061629921197,0.5744557139140383,1.1124320030212402,0.0299061629921197,1.0,0.1930733919143676,0.0299061629921197,1.0,0.1623885631561279
Sulf2,0.0009667864069342,0.0,-19.88353729248047,0.9888502385877284,0.0673658028244972,-19.88353729248047,0.4679991859106411,-1.0,-19.88353729248047,0.6832027011037286,-0.7008072733879089
Prex1,0.3471878170967102,1.0760178565979004,2.219354152679444,1.8881155486183286e-65,17.330188751220703,2.219354152679444,9.375651393661475e-76,20.94713020324707,2.219354152679444,7.227290207518867e-63,18.51822662353516
Trp53rkb,0.0448870211839675,0.0721906721591949,0.7054013609886169,0.1366069640271973,1.9863203763961792,0.7054013609886169,0.077004746891487,2.1467342376708984,0.7054013609886169,0.1535779084014834,1.8637514114379885
Arfgef2,0.062615729868412,0.0921674370765686,0.579323947429657,0.2373036979918266,1.693779468536377,0.579323947429657,0.1132643652552883,1.962206244468689,0.579323947429657,0.2014599780903902,1.7132338285446167
Cse1l,0.1082269847393035,0.1397274136543274,0.3917469084262848,0.0596130991870263,2.364450216293335,0.3917469084262848,0.1704521968863819,1.748364806175232,0.3917469084262848,0.2869054203603501,1.4958564043045044
Stau1,0.1139124631881713,0.1144858822226524,0.007665601093322,0.6400589310414225,1.023855686187744,0.007665601093322,1.0,0.0324451699852943,0.007665601093322,1.0,0.0273869764059782
Ddx27,0.3203733265399933,0.3322439193725586,0.0615164712071418,0.4903942847850899,1.2328240871429443,0.0615164712071418,0.8465588727081672,0.4355746805667877,0.0615164712071418,0.9120399275110562,0.3673383593559265
Znfx1,0.0913453251123428,0.1313499510288238,0.5534053444862366,0.0690390566786107,2.3014907836914062,0.5534053444862366,0.0591482205823752,2.2654473781585693,0.5534053444862366,0.1282277812339101,1.9572988748550413
Kcnb1,0.0012513224501162,0.0013886174419894,0.1502945572137832,0.9888502385877284,0.201798677444458,0.1502945572137832,1.0,0.0859419107437133,0.1502945572137832,1.0,0.067197635769844
B4galt5,0.0632374659180641,0.2317927181720733,1.9985586404800413,2.7805798449542416e-11,7.0206074714660645,1.9985586404800413,1.0567972016745313e-15,8.560433387756348,1.9985586404800413,1.821959276570085e-13,7.860855579376221
Slc9a8,0.1584470272064209,0.1408770978450775,-0.1825536042451858,0.8013769679314743,0.8178746700286865,-0.1825536042451858,0.5235096354392308,-0.90821772813797,-0.1825536042451858,0.6830838377738137,-0.7516792416572571
Spata2,0.070582166314125,0.074788898229599,0.086591713130474,0.4669258257060101,1.2699425220489502,0.086591713130474,0.942622751682663,0.2983426451683044,0.086591713130474,0.9874787059291242,0.2511019706726074
Rnf114,0.2881516516208648,0.5146187543869019,1.0109342336654663,1.4729048726556696e-11,7.11187219619751,1.0109342336654663,1.1396136446115398e-12,7.553427696228027,1.0109342336654663,8.193419531382974e-10,6.582761287689209
Snai1,0.0057619181461632,0.0043990621343255,-0.3903369903564453,0.9888502385877284,0.1354784518480301,-0.3903369903564453,0.8890230928915317,-0.3747771382331848,-0.3903369903564453,0.9532844015983134,-0.3037232458591461
Ube2v1,0.0057197562418878,0.0245299115777015,2.114119291305542,0.7036710720954774,0.9398351311683656,2.114119291305542,0.0227097965366885,2.660387754440308,2.114119291305542,0.0396366267557517,2.495477199554444
Tmem189,0.1744110882282257,0.2250941097736358,0.4058128893375397,0.0089576540772323,3.06701135635376,0.4058128893375397,0.0553396591143042,2.2946369647979736,0.4058128893375397,0.1280274953619593,1.9582836627960205
Cebpb,0.2807272374629974,0.2901028394699096,0.0544797889888286,0.2229484154152484,1.7288813591003418,0.0544797889888286,0.9116233533961272,0.3420933783054352,0.0544797889888286,0.9635827821810556,0.2872496247291565
Ptpn1,0.5470972061157227,0.8407338857650757,0.855959951877594,2.852720301451293e-13,7.653113842010498,0.855959951877594,1.904966954553257e-16,8.699013710021973,0.855959951877594,4.8958075746060735e-12,7.375506401062012
Ripor3,0.0013411006657406,0.0031713375356048,1.2429940700531006,0.9888502385877284,0.201798677444458,1.2429940700531006,0.6602090105310545,0.6999687552452087,1.2429940700531006,0.737917858435009,0.6204949021339417
Pard6b,0.0021231761202216,0.0017762220231816,-0.2576623558998108,0.9888502385877284,0.1684892028570175,-0.2576623558998108,1.0,-0.1700465828180313,-0.2576623558998108,1.0,-0.1360823363065719
Gm20716,0.0,0.0,0.0,0.9888502385877284,0.1005259156227111,0.0,1.0,0.0,0.0,1.0,0.0
Adnp,0.0492630340158939,0.0402344912290573,-0.2986342012882232,0.9888502385877284,0.3607282042503357,-0.2986342012882232,0.5835393387357569,-0.8152449131011963,-0.2986342012882232,0.7027806005187982,-0.6726073622703552
Dpm1,0.2556454241275787,0.3121826350688934,0.3309562504291534,0.0088012801122906,3.0726125240325928,0.3309562504291534,0.0724017877214771,2.1739158630371094,0.3309562504291534,0.1625291654026553,1.833953857421875
Mocs3,0.0693024545907974,0.0400998145341873,-0.8105678558349609,0.9888502385877284,-0.0598973110318183,-0.8105678558349609,0.0316160124011876,-2.525977849960327,-0.8105678558349609,0.1149331508049622,-2.014341115951538
Nfatc2,0.1035325452685356,0.1973381638526916,0.9999478459358216,6.645350320595547e-05,4.401854991912842,0.9999478459358216,1.387283560716156e-05,4.726313591003418,0.9999478459358216,0.0001852080280231,4.162535190582275
Atp9a,0.001350135426037,0.0038339984603226,1.5075374841690063,0.9888502385877284,0.2690151035785675,1.5075374841690063,0.4993757922162883,0.9475789070129396,1.5075374841690063,0.6232204101360147,0.8392303586006165
Zfp64,0.0647857785224914,0.0949954688549041,0.5742632746696472,0.1363727772753174,1.987216591835022,0.5742632746696472,0.1005155827587664,2.02238130569458,0.5742632746696472,0.1908587475102896,1.7460243701934814
Tshz2,0.0,0.0025871496181935,21.304800033569336,0.9888502385877284,0.1678170263767242,21.304800033569336,0.4679991859106411,1.0,21.304800033569336,0.5282133287683867,1.0
Zfp217,0.1516577452421188,0.058902334421873,-1.4325047731399536,0.2078471310464928,-1.7682403326034546,-1.4325047731399536,4.5075728670263695e-08,-5.841238021850586,-1.4325047731399536,4.265435775149204e-05,-4.52651309967041
Bcas1,0.0012166450032964,0.0032197143882513,1.4054690599441528,0.9888502385877284,0.201798677444458,1.4054690599441528,0.6097104379228129,0.7752410173416138,1.4054690599441528,0.6841434731663224,0.6990879774093628
Pfdn4,0.2139054238796234,0.3399830460548401,0.763627827167511,1.3370551491968535e-06,5.228094100952148,0.763627827167511,1.3843960829096448e-06,5.207248687744141,0.763627827167511,5.4988809975376513e-05,4.457990646362305
Fam210b,0.0353689230978488,0.0606918558478355,0.7974333763122559,0.2699947928130649,1.621260404586792,0.7974333763122559,0.0716849270351251,2.178945541381836,0.7974333763122559,0.1424949386823561,1.9021544456481931
Aurka,0.0132322311401367,0.0263360813260078,1.0024679899215698,0.7312523201491311,0.9021939039230348,1.0024679899215698,0.1775369677402246,1.7206579446792605,1.0024679899215698,0.2721745389868948,1.5291796922683716
Cstf1,0.0790573582053184,0.0732051506638526,-0.1152297779917717,0.8940648012290606,0.7069675326347351,-0.1152297779917717,0.8623373187045696,-0.4135736227035522,-0.1152297779917717,0.9273934661321672,-0.3438746333122253
Cass4,0.0,0.0,0.0,0.9888502385877284,0.1005259156227111,0.0,1.0,0.0,0.0,1.0,0.0
Rtf2,0.3528242707252502,0.4726846218109131,0.5143199563026428,0.0001443790587981,4.218055248260498,0.5143199563026428,0.0001819920761437,4.117035865783691,0.5143199563026428,0.00221944699453,3.4856719970703125
Gcnt7,0.0010362970642745,0.0,-19.983755111694336,0.9888502385877284,0.0673658028244972,-19.983755111694336,0.4679991859106411,-1.0,-19.983755111694336,0.6832027011037286,-0.7008072733879089
Fam209,0.0011129725025966,0.0039940061978995,1.845496773719788,0.9888502385877284,0.2690151035785675,1.845496773719788,0.4404824570975614,1.1188234090805054,1.845496773719788,0.5282133287683867,1.0240951776504517
Bmp7,0.0009482273017056,0.002772003179416,1.5489391088485718,0.9888502385877284,0.201798677444458,1.5489391088485718,0.5688241234799969,0.8379938006401062,1.5489391088485718,0.6730128308513988,0.7660387754440308
Spo11,0.0133223552256822,0.0211266335099935,0.6708596348762512,0.9496532062952036,0.6334775686264038,0.6708596348762512,0.4378084455639195,1.1235707998275757,0.6708596348762512,0.5346581132608571,0.9776585698127748
Rae1,0.3326558172702789,0.4316043257713318,0.4515901207923889,0.0021356865126852,3.507129430770874,0.4515901207923889,0.0016515182064313,3.5214684009552,0.4515901207923889,0.010623000708218,2.987008571624756
Rbm38,0.46369668841362,0.4239309728145599,-0.1601518094539642,0.9724707033500116,-0.6073378324508667,-0.1601518094539642,0.351296346055118,-1.2826495170593262,-0.1601518094539642,0.504643343140691,-1.07433819770813
Ctcfl,0.0,0.0,0.0,0.9888502385877284,0.1005259156227111,0.0,1.0,0.0,0.0,1.0,0.0
Zbp1,0.4314104914665222,1.011181116104126,1.696902632713318,1.2160669426769025e-42,13.958986282348633,1.696902632713318,1.3623842363437616e-48,15.947454452514648,1.696902632713318,3.246386116942399e-38,13.893647193908691
Pmepa1,0.2764797210693359,0.0,-28.246627807617188,1.3160030476093266e-11,-7.128377437591553,-28.246627807617188,2.0677552107920333e-51,-16.390336990356445,-28.246627807617188,1.7998019414757622e-25,-11.486467361450195
Ankrd60,0.0,0.0,0.0,0.9888502385877284,0.1005259156227111,0.0,1.0,0.0,0.0,1.0,0.0
Rab22a,0.1641761809587478,0.3191289603710174,1.0751664638519287,4.173228628949568e-09,6.252248764038086,1.0751664638519287,3.85363330479131e-09,6.296516418457031,1.0751664638519287,3.279592985301405e-07,5.532707691192627
Vapb,0.1617141962051391,0.3070505559444427,1.0339590311050415,4.9783879572616445e-09,6.223868370056152,1.0339590311050415,1.1799926940178462e-08,6.101253986358643,1.0339590311050415,1.0178962140221595e-06,5.313696384429932
Stx16,0.3428447842597961,0.3450735509395599,0.0110478093847632,0.8446856948453313,0.765296459197998,0.0110478093847632,1.0,0.0799897536635398,0.0110478093847632,1.0,0.0674096643924713
Npepl1,0.1957539618015289,0.2458178550004959,0.3659892678260803,0.006821793825241,3.154616594314575,0.3659892678260803,0.0736864139678135,2.1660656929016118,0.3659892678260803,0.1594810517899878,1.8435789346694944
Gnas,1.7006672620773315,1.7579879760742188,0.1005350574851036,0.3838432180727982,1.4032551050186155,0.1005350574851036,0.1692470543412481,1.752285718917847,0.1005350574851036,0.2997465413060479,1.4677389860153198
Gm20721,0.0255563259124755,0.0382252261042594,0.5900318026542664,0.6741681916226483,0.9810612201690674,0.5900318026542664,0.316305772174816,1.3554701805114746,0.5900318026542664,0.4447182924300251,1.1737250089645386
Nelfcd,0.1044808477163314,0.1786920726299286,0.8290319442749023,0.0001368566910354,4.231199741363525,0.8290319442749023,0.0003267906613454,3.9689550399780273,0.8290319442749023,0.0026391238233945,3.432851791381836
Ctsz,0.1766232103109359,0.1865499764680862,0.0862642899155616,0.3004051631125726,1.5562845468521118,0.0862642899155616,0.8266039893655915,0.4636012613773346,0.0862642899155616,0.8962051678883491,0.3905138969421386
Atp5e,1.8305965662002563,2.152661085128784,0.5385593175888062,2.224660829451159e-28,11.34800148010254,0.5385593175888062,2.2939218999099057e-29,11.868402481079102,0.5385593175888062,9.646637183555421e-20,9.686734199523926
Prelid3b,0.1738210916519165,0.3801154792308807,1.284503936767578,2.0275582978451853e-13,7.698298454284668,1.284503936767578,5.856935439615994e-15,8.285534858703613,1.284503936767578,1.004350728475532e-11,7.268479824066162
Zfp831,0.0992565304040908,0.0173854045569896,-2.572916984558105,0.1047791602855139,-2.113807439804077,-2.572916984558105,1.451437368825412e-10,-6.791590213775635,-2.572916984558105,3.3326432651157867e-06,-5.093286514282227
Gm14393,0.0,0.0,0.0,0.9888502385877284,0.1005259156227111,0.0,1.0,0.0,0.0,1.0,0.0
Gm14399,0.0121249081566929,0.0015220044879242,-3.0015857219696045,0.9888502385877284,-0.1977656930685043,-3.0015857219696045,0.0211620190015848,-2.682769775390625,-3.0015857219696045,0.1291107633584709,-1.95533287525177
Gm14443,0.0011555984383448,0.0013462216593325,0.2204131036996841,0.9888502385877284,0.1345822364091873,0.2204131036996841,1.0,0.1074428707361221,0.2204131036996841,1.0,0.0895491391420364
Gm14391,0.0044896360486745,0.0024828952737152,-0.8560231924057007,0.9888502385877284,0.1018702387809753,-0.8560231924057007,0.6578472767296387,-0.7039112448692322,-0.8560231924057007,0.7871556909049084,-0.54918372631073
Gm4631,0.0295982714742422,0.0195113904774189,-0.6085022687911987,0.9913732616423362,0.0261397249996662,-0.6085022687911987,0.3776076905557958,-1.2303367853164673,-0.6085022687911987,0.5282133287683867,-0.9999222755432128
Zfp968,0.0045268656685948,0.0190040245652198,2.080183744430542,0.8940648012290606,0.7058472633361816,2.080183744430542,0.0564636120261005,2.287914991378784,2.080183744430542,0.087151373991013,2.147886276245117
Gm4724,0.0,0.0025136794429272,21.26318359375,0.9888502385877284,0.2351081520318985,21.26318359375,0.2969036962027284,1.4022079706192017,21.26318359375,0.3289811265487507,1.4022079706192017
Zfp965,0.005133890081197,0.0,-22.29532623291016,0.9888502385877284,-0.0652746260166168,-22.29532623291016,0.0631163836465839,-2.236233711242676,-22.29532623291016,0.2577651309974743,-1.5671688318252563
Gm14288,0.0,0.0,0.0,0.9888502385877284,0.1005259156227111,0.0,1.0,0.0,0.0,1.0,0.0
Gm6710,0.0180544797331094,0.0507983975112438,1.5161815881729126,0.2362259857989799,1.6965428590774536,1.5161815881729126,0.0053136987932618,3.168976068496704,1.5161815881729126,0.0138748000387305,2.8954455852508545
Zfp966,0.0046025863848626,0.0,-22.1373348236084,0.9888502385877284,-0.0321145206689834,-22.1373348236084,0.1064577934438468,-1.993048071861267,-22.1373348236084,0.3305980088134893,-1.396742582321167
Gm2026,0.0,0.0,0.0,0.9888502385877284,0.1005259156227111,0.0,1.0,0.0,0.0,1.0,0.0
2210418O10Rik,0.0,0.0,0.0,0.9888502385877284,0.1005259156227111,0.0,1.0,0.0,0.0,1.0,0.0
Gm14435,0.0,0.0,0.0,0.9888502385877284,0.1005259156227111,0.0,1.0,0.0,0.0,1.0,0.0
Gm14434,0.0,0.0,0.0,0.9888502385877284,0.1005259156227111,0.0,1.0,0.0,0.0,1.0,0.0
Zfp967,0.0024082781746983,0.0010275107342749,-1.229844093322754,0.9888502385877284,0.1013474464416503,-1.229844093322754,0.6650317284237445,-0.6931498050689697,-1.229844093322754,0.8069009671267606,-0.5224153995513916
Gm14308,0.0,0.0,0.0,0.9888502385877284,0.1005259156227111,0.0,1.0,0.0,0.0,1.0,0.0
Zfp973,0.0021901729051023,0.0078910449519753,1.853286862373352,0.9888502385877284,0.3699144423007965,1.853286862373352,0.273485019315568,1.4655203819274902,1.853286862373352,0.3481543525531182,1.3579809665679932
Gm14305,0.0235200989991426,0.0530161075294017,1.1939491033554075,0.2894180555981091,1.5786900520324707,1.1939491033554075,0.0150168321981485,2.812734365463257,1.1939491033554075,0.0372021578883732,2.5208399295806885
Gm14295,0.0159221719950437,0.028070006519556,0.8267871141433716,0.7905267521430079,0.8300482630729675,0.8267871141433716,0.2459582338713078,1.5282257795333862,0.8267871141433716,0.3550824787648149,1.3433393239974976
Gm14296,0.0200867373496294,0.0305668916553258,0.6133183836936951,0.9254789887947228,0.6656667590141296,0.6133183836936951,0.4139792314086907,1.1636230945587158,0.6133183836936951,0.5282133287683867,1.0169439315795898
Gm14419,0.0072251223027706,0.0080011645331978,0.1477484703063964,0.9888502385877284,0.3027727007865906,0.1477484703063964,1.0,0.1713862419128418,0.1477484703063964,1.0,0.1424904614686966
Gm14401,0.0,0.0,0.0,0.9888502385877284,0.1005259156227111,0.0,1.0,0.0,0.0,1.0,0.0
Gm14410,0.0011020393576472,0.0021251919679343,0.9481549263000488,0.9888502385877284,0.1345822364091873,0.9481549263000488,0.852213908587861,0.4273933470249176,0.9481549263000488,0.8984313864930839,0.3870115578174591
Gm14418,0.0009876359254121,0.0,-19.91433334350586,0.9888502385877284,0.0673658028244972,-19.91433334350586,0.4679991859106411,-1.0,-19.91433334350586,0.6832027011037286,-0.7008072733879089
Zfp970,0.0037223955150693,0.0,-21.830486297607425,0.9994412017932364,0.0010455889860168,-21.830486297607425,0.1750730072300931,-1.7322813272476196,-21.830486297607425,0.4247033279437463,-1.213995337486267
Gm14403,0.0059233075007796,0.006880004890263,0.2166974395513534,0.9888502385877284,0.2023961544036865,0.2166974395513534,0.9972689691943426,0.2191124409437179,0.2166974395513534,1.0,0.1859533637762069
Gm14322,0.0,0.0,0.0,0.9888502385877284,0.1005259156227111,0.0,1.0,0.0,0.0,1.0,0.0
Gm14325,0.0120408190414309,0.0146994581446051,0.2897514700889587,0.9888502385877284,0.4004605710506439,0.2897514700889587,0.8395155492449972,0.4449028074741363,0.2897514700889587,0.9040509062979012,0.3786158561706543
Gm14327,0.0010786928469315,0.0011919613461941,0.1441349238157272,0.9888502385877284,0.1345822364091873,0.1441349238157272,1.0,0.0704585164785385,0.1441349238157272,1.0,0.0581824742257595
Zfp972,0.0050746616907417,0.0013207611627876,-1.9446505308151243,0.9994412017932364,0.0017924382118508,-1.9446505308151243,0.314158782501931,-1.359665036201477,-1.9446505308151243,0.5282133287683867,-1.0137150287628174
Gm14326,0.0070073888637125,0.0378134623169899,2.4542558193206787,0.2917672040845837,1.5741342306137085,2.4542558193206787,0.0013128040995003,3.5967040061950684,2.4542558193206787,0.002943258346281,3.4046566486358643
Zfp971,0.0284259095788002,0.0141780730336904,-1.0138592720031738,0.9888502385877284,-0.0708013102412223,-1.0138592720031738,0.1240106878550799,-1.915885090827942,-1.0138592720031738,0.2771683792604636,-1.517558217048645
Zfp931,0.0673382505774498,0.0447448529303073,-0.6061543226242065,0.9888502385877284,-0.046155285090208,-0.6061543226242065,0.1358053684820511,-1.8688879013061523,-0.6061543226242065,0.2802323322997072,-1.5111773014068604
Phactr3,0.0,0.0,0.0,0.9888502385877284,0.1005259156227111,0.0,1.0,0.0,0.0,1.0,0.0
Ppp1r3d,0.0,0.0,0.0,0.9888502385877284,0.1005259156227111,0.0,1.0,0.0,0.0,1.0,0.0
Fam217b,0.0,0.0,0.0,0.9888502385877284,0.1005259156227111,0.0,1.0,0.0,0.0,1.0,0.0
Cdh4,0.0,0.0,0.0,0.9888502385877284,0.1005259156227111,0.0,1.0,0.0,0.0,1.0,0.0
Taf4,0.0736107006669044,0.0776882097125053,0.0807587057352066,0.445075600181177,1.3034013509750366,0.0807587057352066,0.951190828321704,0.2861181199550628,0.0807587057352066,0.9946897833213698,0.2393673360347747
Lsm14b,0.0936854034662246,0.0842751413583755,-0.159605860710144,0.7961036291825434,0.8239241242408752,-0.159605860710144,0.7133514739737292,-0.6248525977134705,-0.159605860710144,0.8101454928704432,-0.5169406533241272
Psma7,1.1536294221878052,1.4211020469665527,0.5340574383735657,2.417416568818121e-10,6.7007317543029785,0.5340574383735657,1.6164083037728994e-12,7.477698802947998,0.5340574383735657,6.780181682638582e-09,6.232018947601318
Ss18l1,0.0181767288595438,0.0080738384276628,-1.1780694723129272,0.9888502385877284,-0.0988081619143486,-1.1780694723129272,0.1805003879390903,-1.709710717201233,-1.1780694723129272,0.3529127294128109,-1.3477362394332886
Mtg2,0.1437366902828216,0.1401389241218567,-0.0392272621393203,0.5143025669447088,1.1971993446350098,-0.0392272621393203,1.0,-0.188430905342102,-0.0392272621393203,1.0,-0.1573463082313537
Osbpl2,0.0815128982067108,0.0754113867878913,-0.1167046874761581,0.9271954257728864,0.6629034280776978,-0.1167046874761581,0.8583218353066235,-0.4190333187580108,-0.1167046874761581,0.923251695409686,-0.3503897786140442
Adrm1,0.2303359359502792,0.4012008309364319,0.9303130507469176,5.057312146636405e-09,6.221179962158203,0.9303130507469176,2.8448007357785072e-09,6.342728137969971,0.9303130507469176,3.7783970377194817e-07,5.505298614501953
Rps21,3.7440669536590576,3.1131765842437744,-0.941251814365387,1.2733667949485682e-138,-25.27711296081543,-0.941251814365387,1.3953857223393743e-183,-36.47712326049805,-0.941251814365387,2.575633351963149e-138,-30.708398818969727
Cables2,0.0756300538778305,0.1062128022313118,0.5123211145401001,0.0959072033604274,2.154958963394165,0.5123211145401001,0.1174390964779952,1.9444246292114256,0.5123211145401001,0.2170507125198142,1.6685993671417236
Slco4a1,0.007271603681147,0.0628664493560791,3.152282238006592,0.0352394563612133,2.5773768424987797,3.152282238006592,7.188778965668234e-07,5.370281219482422,3.152282238006592,2.4504094723503336e-06,5.155121803283691
Mrgbp,0.1785719692707061,0.1524584591388702,-0.2474458813667297,0.9195169627844136,0.6748530268669128,-0.2474458813667297,0.3539527577830362,-1.2773174047470093,-0.2474458813667297,0.5128403590224223,-1.0611788034439087
Ogfr,0.2277973741292953,0.4418635964393616,1.1188654899597168,2.9896430124070317e-12,7.337047100067139,1.1188654899597168,2.1126372961301046e-13,7.791330814361572,1.1188654899597168,2.3883869110208864e-10,6.781950950622559
Col9a3,0.0022851156536489,0.0007112665334716,-1.6849392652511597,0.9888502385877284,0.1013474464416503,-1.6849392652511597,0.536873176225394,-0.8868039846420288,-1.6849392652511597,0.7190144977743294,-0.6485475897789001
Tcfl5,0.0,0.0,0.0,0.9888502385877284,0.1005259156227111,0.0,1.0,0.0,0.0,1.0,0.0
Dido1,0.2878029644489288,0.3465315699577331,0.312504768371582,0.0126907335695789,2.950428009033203,0.312504768371582,0.0768244237301226,2.147390604019165,0.312504768371582,0.166931048650122,1.8196991682052608
Gid8,0.1495447754859924,0.2107702046632766,0.5405834317207336,0.0037170344667493,3.342822790145874,0.5405834317207336,0.0124299965769899,2.878084659576416,0.5405834317207336,0.0415766765488771,2.473780393600464
Slc17a9,0.2132557332515716,0.1224992871284484,-0.867108941078186,0.1491596119149131,-1.941733479499817,-0.867108941078186,9.092923017388493e-05,-4.284831523895264,-0.867108941078186,0.0021377929204054,-3.4975697994232178
Ythdf1,0.177314206957817,0.2424518465995788,0.500019371509552,0.0021980078535472,3.498615503311157,0.500019371509552,0.0118735727087931,2.894296646118164,0.500019371509552,0.0419209885598694,2.470449686050415
Arfgap1,0.0842098966240882,0.1190058887004852,0.5244964957237244,0.056335230006724,2.3884239196777344,0.5244964957237244,0.0828450083447582,2.112577438354492,0.5244964957237244,0.1702776215869441,1.8089736700057983
Col20a1,0.0041981558315455,0.0,-22.00435447692871,0.9888502385877284,-0.0321145206689834,-22.00435447692871,0.1064252513425453,-1.9932446479797363,-22.00435447692871,0.3305980088134893,-1.3968803882598877
Ppdpf,0.7101767659187317,0.7407249808311462,0.0854370892047882,0.9888502385877284,0.0426450930535793,0.0854370892047882,0.5366446666107458,0.8872906565666199,0.0854370892047882,0.6832027011037286,0.7430833578109741
Ptk6,0.0,0.0,0.0,0.9888502385877284,0.1005259156227111,0.0,1.0,0.0,0.0,1.0,0.0
Srms,0.0,0.0,0.0,0.9888502385877284,0.1005259156227111,0.0,1.0,0.0,0.0,1.0,0.0
Fndc11,0.0,0.0,0.0,0.9888502385877284,0.1005259156227111,0.0,1.0,0.0,0.0,1.0,0.0
Helz2,0.1433777213096618,0.1922687292098999,0.4595567882061004,0.0209895354225776,2.77125883102417,0.4595567882061004,0.052766130488372,2.3154242038726807,0.4595567882061004,0.1201314006287817,1.9920145273208616
Gmeb2,0.0533551461994648,0.0711986422538757,0.4292271733283996,0.4082077002447294,1.3627759218215942,0.4292271733283996,0.3197455398167399,1.3482264280319214,0.4292271733283996,0.4515416514727516,1.162398099899292
Rtel1,0.0489493384957313,0.0475555695593357,-0.0426884889602661,0.81458171427895,0.801070511341095,-0.0426884889602661,1.0,-0.1242708265781402,-0.0426884889602661,1.0,-0.1033906117081642
Arfrp1,0.2749026715755462,0.345031201839447,0.3810018002986908,0.0054302084124733,3.2260901927948,0.3810018002986908,0.021451284107779,2.6782500743865967,0.3810018002986908,0.0666492326130717,2.2705538272857666
Zgpat,0.1224677562713623,0.1724595576524734,0.5308034420013428,0.0123854438890132,2.9587926864624023,0.5308034420013428,0.0261516380440459,2.602283000946045,0.5308034420013428,0.0727916804097181,2.2315421104431152
Lime1,0.0,0.0103328451514244,23.308195114135746,0.9452671725632862,0.6388548612594604,23.308195114135746,0.0347223143344941,2.4947190284729004,23.308195114135746,0.0400744445406201,2.4947190284729004
Zbtb46,0.0077115851454436,0.0035478540230542,-1.12308669090271,0.9994412017932364,0.0019418081501498,-1.12308669090271,0.460657820073474,-1.0844484567642212,-1.12308669090271,0.6107129077797462,-0.8588317036628723
Tpd52l2,0.1826580911874771,0.2600443065166473,0.5674918293952942,0.0002137926759266,4.120890140533447,0.5674918293952942,0.0028078226607958,3.364396333694458,0.5674918293952942,0.0147111392138955,2.8733572959899902
Dnajc5,0.3523815274238586,0.4831102788448334,0.5560610890388489,0.000113853783265,4.275040149688721,0.5560610890388489,5.7966628384150114e-05,4.3957624435424805,0.5560610890388489,0.0008840232956837,3.7497520446777344
Uckl1,0.1322986185550689,0.1097675189375877,-0.2859273254871368,0.9888502385877284,0.3094943463802337,-0.2859273254871368,0.3615573710705833,-1.2620341777801514,-0.2859273254871368,0.5210409051015304,-1.0474697351455688
Zfp512b,0.0841533094644546,0.0702453777194023,-0.2707784175872803,0.9888502385877284,0.2691644728183746,-0.2707784175872803,0.4903385220155383,-0.9626551270484924,-0.2707784175872803,0.6513350789196459,-0.7978423237800598
Prpf6,0.1938470155000686,0.2172853350639343,0.1821582019329071,0.1724425620650038,1.868168830871582,0.1821582019329071,0.4679991859106411,1.0335135459899902,0.1821582019329071,0.5991449276128886,0.8765764236450195
Samd10,0.044704832136631,0.0770663768053054,0.8092516660690308,0.1020837136421487,2.126429319381714,0.8092516660690308,0.0351713230795926,2.484846830368042,0.8092516660690308,0.0829417102218697,2.1692185401916504
Gm29797,0.0024344590492546,0.0,-21.21692657470703,0.9888502385877284,0.0342056974768638,-21.21692657470703,0.3020096904283783,-1.3886913061141968,-21.21692657470703,0.5370114146187109,-0.9732049703598022
Tcea2,0.0153827294707298,0.0126306964084506,-0.2863673567771911,0.9888502385877284,0.2003049701452255,-0.2863673567771911,0.8208967259668767,-0.4717699289321899,-0.2863673567771911,0.8991781848873197,-0.3858089745044708
Rgs19,0.370667040348053,0.4307178556919098,0.2628219723701477,0.0658311751891745,2.3232240676879883,0.2628219723701477,0.0954289958367705,2.0465245246887207,0.2628219723701477,0.1958646175587263,1.730679273605347
Pcmtd2,0.1820189207792282,0.1644646078348159,-0.1593394577503204,0.8658270464169115,0.7421441078186035,-0.1593394577503204,0.5802567628665966,-0.8205453157424927,-0.1593394577503204,0.6935455134849463,-0.6854175329208374
Polr3k,0.1979494988918304,0.3848400115966797,1.1004765033721924,8.35370402975768e-10,6.507671356201172,1.1004765033721924,2.0554514265094485e-11,7.132721424102783,1.1004765033721924,5.3797184777533435e-09,6.268609523773193
Gm14496,0.0,0.0,0.0,0.9888502385877284,0.1005259156227111,0.0,1.0,0.0,0.0,1.0,0.0
Nudt11,0.0,0.0,0.0,0.9888502385877284,0.1005259156227111,0.0,1.0,0.0,0.0,1.0,0.0
Nudt10,0.0,0.0,0.0,0.9888502385877284,0.1005259156227111,0.0,1.0,0.0,0.0,1.0,0.0
Clcn5,0.0126918368041515,0.0503886118531227,2.0165319442749023,0.1954980572738605,1.8012510538101196,2.0165319442749023,0.0006525350682914,3.792536497116089,2.0165319442749023,0.0019077423580259,3.5331389904022217
Usp27x,0.0,0.0,0.0,0.9888502385877284,0.1005259156227111,0.0,1.0,0.0,0.0,1.0,0.0
Ppp1r3f,0.0336070396006107,0.0054849637672305,-2.635560989379883,0.9263231074635424,-0.6645464897155762,-2.635560989379883,0.0002616229866991,-4.02069091796875,-2.635560989379883,0.0109704079155723,-2.980346441268921
Foxp3,0.0,0.0015391468768939,20.554811477661133,0.9888502385877284,0.1678170263767242,20.554811477661133,0.4679991859106411,1.0,20.554811477661133,0.5282133287683867,1.0
Ccdc22,0.098477616906166,0.1245666518807411,0.3582191467285156,0.1628285735255684,1.8974453210830688,0.3582191467285156,0.2475936416125413,1.5239869356155396,0.3582191467285156,0.3733840691586473,1.307715892791748
Syp,0.0070134396664798,0.0041846358217298,-0.7470625638961792,0.9888502385877284,0.0358487665653228,-0.7470625638961792,0.6729783564010047,-0.6808974146842957,-0.7470625638961792,0.7813844007578714,-0.5572778582572937
Prickle3,0.0784595757722854,0.08569947630167,0.1326311081647873,0.5781645542663356,1.1062331199645996,0.1326311081647873,0.8152148898881388,0.4804966151714325,0.1326311081647873,0.8857831634032058,0.4057268798351288
Plp2,0.0887632519006729,0.5356081128120422,2.932204008102417,3.4345597181614064e-44,14.212467193603516,2.932204008102417,4.1048312604735416e-50,16.75429916381836,2.932204008102417,4.9952670650186176e-46,15.692707061767578
Magix,0.0,0.0,0.0,0.9888502385877284,0.1005259156227111,0.0,1.0,0.0,0.0,1.0,0.0
Gpkow,0.0610852241516113,0.0839441269636154,0.4752941131591797,0.2494340756484437,1.6659966707229614,0.4752941131591797,0.2078833726757233,1.6272443532943726,0.4752941131591797,0.3297944508287531,1.3983348608016968
Wdr45,0.084039069712162,0.0888722091913223,0.0842087939381599,0.4423030439751944,1.308629274368286,0.0842087939381599,0.9239692761717206,0.3241397142410278,0.0842087939381599,0.973731602290728,0.2716762721538543
Praf2,0.0367606990039348,0.0394812375307083,0.1049782261252403,0.6906283869867155,0.9571620225906372,0.1049782261252403,0.9567077027079608,0.2780604660511017,0.1049782261252403,0.999612028312136,0.2316298633813858
Ccdc120,0.0,0.0,0.0,0.9888502385877284,0.1005259156227111,0.0,1.0,0.0,0.0,1.0,0.0
Tfe3,0.0585897415876388,0.0713284835219383,0.2931189239025116,0.4605441744312063,1.2806971073150637,0.2931189239025116,0.4860493059793437,0.9697219133377076,0.2931189239025116,0.6344969201028495,0.8222141265869141
Gripap1,0.2219186574220657,0.2018028795719146,-0.1521067768335342,0.810404443661812,0.8063731789588928,-0.1521067768335342,0.537791743173286,-0.885298490524292,-0.1521067768335342,0.6832027011037286,-0.7327010035514832
Kcnd1,0.0,0.0,0.0,0.9888502385877284,0.1005259156227111,0.0,1.0,0.0,0.0,1.0,0.0
Otud5,0.2422045022249221,0.2950309813022613,0.3244509398937225,0.006985959548446,3.14707350730896,0.3244509398937225,0.0924308698217778,2.0617995262146,0.3244509398937225,0.1904345667337075,1.747237205505371
Pim2,0.2400869280099868,0.16858471930027,-0.5634165406227112,0.7985053222687777,-0.8214595317840576,-0.5634165406227112,0.0062951240386673,-3.1072804927825928,-0.5634165406227112,0.0358722840233221,-2.536485433578491
Slc35a2,0.0676010400056839,0.0666124820709228,-0.0219737980514764,0.722530963195086,0.9155625104904176,-0.0219737980514764,1.0,-0.0735599845647811,-0.0219737980514764,1.0,-0.061367355287075
Pqbp1,0.2114372849464416,0.243671104311943,0.2288383543491363,0.0754125120806991,2.2634761333465576,0.2288383543491363,0.3052761156705577,1.3803976774215698,0.2288383543491363,0.4491464736043388,1.1667723655700684
Timm17b,0.1869174689054489,0.3678292334079742,1.1131590604782104,2.795218574475955e-09,6.317075252532959,1.1131590604782104,3.0817352378467765e-11,7.072014331817627,1.1131590604782104,6.879004419195123e-09,6.227294445037842
Gm10490,0.0,0.0,0.0,0.9888502385877284,0.1005259156227111,0.0,1.0,0.0,0.0,1.0,0.0
Hdac6,0.0143215637654066,0.022525755688548,0.6593225598335266,0.8447441372276329,0.7650724053382874,0.6593225598335266,0.4208552975205284,1.1518160104751587,0.6593225598335266,0.5299909986835808,0.9922187924385072
Gata1,0.0017303870990872,0.001098129316233,-0.6565024852752686,0.9888502385877284,0.1013474464416503,-0.6565024852752686,0.8841117697112021,-0.3823445737361908,-0.6565024852752686,0.95294927506612,-0.3042540252208709
Suv39h1,0.0640458837151527,0.0698546022176742,0.129486083984375,0.3395123958252211,1.4830186367034912,0.129486083984375,0.8361538583043528,0.4498089253902435,0.129486083984375,0.906355813241102,0.3749938607215881
Was,0.3673159182071686,0.4755896031856537,0.4562682211399078,0.0012175852378684,3.667104721069336,0.4562682211399078,0.0011383505008732,3.627350807189941,0.4562682211399078,0.0080521161220103,3.0796427726745605
Wdr13,0.0664211437106132,0.0607876218855381,-0.1319716572761535,0.9888502385877284,0.460208535194397,-0.1319716572761535,0.8602266388395521,-0.4162545502185821,-0.1319716572761535,0.9242849770608969,-0.3486608862876892
Rbm3,1.7262669801712036,3.07564115524292,2.161251783370972,2.395528816119096e-176,28.556827545166016,2.161251783370972,6.092127386867576e-289,49.20051574707031,2.161251783370972,1.1994585395834347e-185,39.6336555480957
Tbc1d25,0.0113995717838406,0.0100292498245835,-0.1857561767101287,0.9888502385877284,0.169086679816246,-0.1857561767101287,0.9793817866312414,-0.2459011226892471,-0.1857561767101287,1.0,-0.2050211131572723
Ebp,0.270790696144104,0.6503586769104004,1.5587892532348633,4.8158260402689677e-29,11.48318099975586,1.5587892532348633,1.06960797293332e-34,13.172749519348145,1.5587892532348633,4.5777016194743735e-27,11.479995727539062
Porcn,0.0,0.0,0.0,0.9888502385877284,0.1005259156227111,0.0,1.0,0.0,0.0,1.0,0.0
Ftsj1,0.0479069799184799,0.0452044308185577,-0.085736259818077,0.9381635059746194,0.6506550908088684,-0.085736259818077,0.9835514889649776,-0.2398847937583923,-0.085736259818077,1.0,-0.199650689959526
B630019K06Rik,0.005629566963762,0.0018569604726508,-1.6028032302856443,0.9994412017932364,0.001643068389967,-1.6028032302856443,0.3899244415056152,-1.2063695192337036,-1.6028032302856443,0.5627027715861878,-0.9332983493804932
Lancl3,0.0022718580439686,0.035116970539093,3.973989725112915,0.258623743641375,1.646205186843872,3.973989725112915,9.081854852995586e-05,4.310192108154297,3.973989725112915,0.0001606311435581,4.212818145751953
Gm14862,0.0,0.0031265860889106,21.578413009643555,0.9888502385877284,0.2351081520318985,21.578413009643555,0.2942789202292576,1.4129371643066406,21.578413009643555,0.3249263468812097,1.4129371643066406
Xk,0.0057833660393953,0.0178431998938322,1.6341092586517334,0.8940648012290606,0.7057725787162781,1.6341092586517334,0.0930017128650487,2.059921979904175,1.6341092586517334,0.145868930455564,1.8902429342269895
H2al1m,0.0012890975922346,0.0,-20.29886054992676,0.9888502385877284,0.0673658028244972,-20.29886054992676,0.4679991859106411,-1.0,-20.29886054992676,0.6832027011037286,-0.7008072733879089
Cybb,0.0,0.0030445342417806,21.539987564086918,0.9888502385877284,0.1678170263767242,21.539987564086918,0.4679991859106411,1.0,21.539987564086918,0.5282133287683867,1.0
Dynlt3,0.0574233494699001,0.1332767009735107,1.2703012228012085,0.0003935361579417,3.967188596725464,1.2703012228012085,1.028800157252924e-05,4.794745445251465,1.2703012228012085,0.0001147617643994,4.281366348266602
Rpgr,0.0202961806207895,0.0186034590005874,-0.1268623918294906,0.9888502385877284,0.2342866212129593,-0.1268623918294906,0.9956482174128752,-0.2223716676235199,-0.1268623918294906,1.0,-0.1872086375951767
Mid1ip1,0.0721140876412391,0.1643587499856948,1.256346344947815,3.151300556602229e-05,4.572360515594482,1.256346344947815,1.3156066656529526e-06,5.225491046905518,1.256346344947815,2.612949943852127e-05,4.6299262046813965
Bcor,0.2455333024263382,0.1895491331815719,-0.4151937365531921,0.9888502385877284,-0.3417582213878631,-0.4151937365531921,0.0408964280282406,-2.4210433959960938,-0.4151937365531921,0.1205611698319021,-1.9904794692993164
Atp6ap2,0.2374615669250488,0.2612937688827514,0.1558836251497268,0.0961655652339214,2.1534652709960938,0.1558836251497268,0.4703427842397122,0.9952344298362732,0.1558836251497268,0.6239903118343754,0.8379202485084534
1810030O07Rik,0.1668474078178405,0.2014422118663787,0.2975572645664215,0.0380523965135793,2.546830654144287,0.2975572645664215,0.2238416213428305,1.585210919380188,0.2975572645664215,0.3512084356658571,1.3513745069503784
Med14,0.1184593364596366,0.1562713682651519,0.4275613129138946,0.0347196151907031,2.5833516120910645,0.4275613129138946,0.1107496673927296,1.9733890295028689,0.4275613129138946,0.2105317632025763,1.685876488685608
Usp9x,0.3696429133415222,0.252292275428772,-0.6400670409202576,0.0886084378054423,-2.1905837059021,-0.6400670409202576,6.435473964564854e-05,-4.366725444793701,-0.6400670409202576,0.0016760692651034,-3.5690596103668213
Ddx3x,0.6323487162590027,0.3372208178043365,-1.1370441913604736,5.314928350969516e-12,-7.255715370178223,-1.1370441913604736,1.2698354432163161e-19,-9.535043716430664,-1.1370441913604736,5.597112760529967e-13,-7.701950550079346
Cask,0.006872218567878,0.0012252902379259,-2.491727352142334,0.9888502385877284,-0.0315917246043682,-2.491727352142334,0.1419038153749442,-1.845404863357544,-2.491727352142334,0.3523388986168272,-1.34949791431427
Gpr34,0.027042418718338,0.0008873788174241,-4.948439598083496,0.952192654082454,-0.6298180222511292,-4.948439598083496,1.4873775220003713e-05,-4.705336570739746,-4.948439598083496,0.0039669447864137,-3.319126605987549
Gpr82,0.0,0.0,0.0,0.9888502385877284,0.1005259156227111,0.0,1.0,0.0,0.0,1.0,0.0
Maoa,0.0030895648524165,0.0,-21.56120109558105,0.9994412017932364,0.0010455889860168,-21.56120109558105,0.174998031945529,-1.7335898876190186,-21.56120109558105,0.4247033279437463,-1.2149124145507812
Efhc2,0.0015687993727624,0.0,-20.58236312866211,0.9888502385877284,0.0673658028244972,-20.58236312866211,0.4679991859106411,-1.0,-20.58236312866211,0.6832027011037286,-0.7008072733879089
Fundc1,0.1387551128864288,0.1350300163030624,-0.0420089438557624,0.3989011846541855,1.3782356977462769,-0.0420089438557624,1.0,-0.2013465762138366,-0.0420089438557624,1.0,-0.1670788675546646
Kdm6a,0.1993239372968673,0.1964021474123001,-0.0234816372394561,0.3501732181705398,1.4630030393600464,-0.0234816372394561,1.0,-0.1320346444845199,-0.0234816372394561,1.0,-0.1099411845207214
Chst7,0.0,0.0,0.0,0.9888502385877284,0.1005259156227111,0.0,1.0,0.0,0.0,1.0,0.0
Slc9a7,0.0145871629938483,0.0242308638989925,0.7391254305839539,0.9743620949583252,0.6024086475372314,0.7391254305839539,0.3793829876166176,1.22706401348114,0.7391254305839539,0.4967823376979269,1.087249517440796
Rp2,0.042936947196722,0.065675176680088,0.6296791434288025,0.3063316314621946,1.5448577404022217,0.6296791434288025,0.1486856477560611,1.8221980333328247,0.6296791434288025,0.2465806459064109,1.5930538177490234
Jade3,0.021705200895667,0.008424200117588,-1.3750331401824951,0.9888502385877284,-0.1338353902101516,-1.3750331401824951,0.0733798517982638,-2.167034149169922,-1.3750331401824951,0.2168882206904511,-1.6698951721191406
Ndufb11,1.05256986618042,1.3939288854599,0.7004505395889282,2.0482670305927016e-18,9.084226608276367,0.7004505395889282,1.5932331666814772e-24,10.77362060546875,0.7004505395889282,9.5055595159971e-17,8.849029541015625
Rbm10,0.1650901287794113,0.1748471111059188,0.090077206492424,0.2299368652194011,1.7116291522979736,0.090077206492424,0.8193562198424659,0.474095731973648,0.090077206492424,0.8911665206596204,0.3977408409118652
Uba1,0.2979277074337005,0.5770012140274048,1.1695469617843628,3.8641617230334563e-16,8.48219108581543,1.1695469617843628,1.912001739846949e-18,9.28989315032959,1.1695469617843628,3.0582981216084533e-14,8.086165428161621
Cdk16,0.0640186071395874,0.0825935453176498,0.3811002671718597,0.2403380968734251,1.687132477760315,0.3811002671718597,0.3263074457169688,1.3341766595840454,0.3811002671718597,0.4660553967973249,1.1377017498016355
Usp11,0.0779628828167915,0.02199630998075,-1.866233468055725,0.5416406034522231,-1.1585125923156738,-1.866233468055725,1.4106016016445771e-06,-5.191325664520264,-1.866233468055725,0.0004870387357528,-3.9208481311798096
Araf,0.2538034617900848,0.2724400460720062,0.1162593141198158,0.1482448769613986,1.9447208642959597,0.1162593141198158,0.6268885786945444,0.7495868802070618,0.1162593141198158,0.7319955566413212,0.6290394067764282
Syn1,0.0,0.0005840815720148,19.156234741210938,0.9888502385877284,0.1678170263767242,19.156234741210938,0.4679991859106411,1.0,19.156234741210938,0.5282133287683867,1.0
Timp1,0.0,0.0,0.0,0.9888502385877284,0.1005259156227111,0.0,1.0,0.0,0.0,1.0,0.0
Cfp,0.0148389674723148,0.0107719181105494,-0.4650554656982422,0.9888502385877284,0.0673658028244972,-0.4650554656982422,0.6758065724575563,-0.6772409081459045,-0.4650554656982422,0.7824190281982465,-0.5558987855911255
Elk1,0.0299014244228601,0.0203540250658988,-0.5618159770965576,0.9888502385877284,0.0979119390249252,-0.5618159770965576,0.432997269236053,-1.131374478340149,-0.5618159770965576,0.5677216396260854,-0.92524391412735
Uxt,0.1381693482398986,0.2202567607164383,0.733729898929596,0.0002519751820633,4.079813480377197,0.733729898929596,0.0004669316849595,3.875148296356201,0.733729898929596,0.0033298223679046,3.362752914428711
Zfp182,0.0693790391087532,0.1066464260220527,0.6475409269332886,0.1609214900595614,1.9031959772109983,0.6475409269332886,0.0592143102857562,2.265141248703003,0.6475409269332886,0.1217098907084513,1.9852806329727173
Zfp300,0.0157757867127656,0.0158524941653013,0.0070534199476242,0.9888502385877284,0.233987882733345,0.0070534199476242,1.0,0.011246089823544,0.0070534199476242,1.0,0.0095233954489231
Wdr44,0.1459404081106186,0.2164155542850494,0.620796263217926,0.0036976658407746,3.34461522102356,0.620796263217926,0.0044492991470876,3.223483800888061,0.620796263217926,0.0183513449998718,2.793166399002075
Dock11,0.4144552052021026,0.4014833271503448,-0.0558678545057773,0.9888502385877284,0.3388455212116241,-0.0558678545057773,0.8463817735412918,-0.4361815750598907,-0.0558678545057773,0.9146934424557096,-0.3631686270236969
Il13ra1,0.0,0.0,0.0,0.9888502385877284,0.1005259156227111,0.0,1.0,0.0,0.0,1.0,0.0
Zcchc12,0.0033745616674423,0.0,-21.688703536987305,0.9994412017932364,0.0010455889860168,-21.688703536987305,0.1750730072300931,-1.7315781116485596,-21.688703536987305,0.4247319514704951,-1.2135025262832642
Lonrf3,0.0,0.0,0.0,0.9888502385877284,0.1005259156227111,0.0,1.0,0.0,0.0,1.0,0.0
Gm14569,0.0,0.0047696218825876,22.188884735107425,0.9888502385877284,0.3696903884410858,22.188884735107425,0.1310266337952537,1.890990257263184,22.188884735107425,0.1462633249744365,1.890990257263184
Pgrmc1,0.120624653995037,0.3775376081466675,1.8391025066375728,6.032621008998151e-20,9.467733383178713,1.8391025066375728,1.3068964259851729e-23,10.712220191955566,1.8391025066375728,1.0421522607466294e-19,9.671971321105955
Akap17b,0.0203325804322958,0.0296970568597316,0.5533099174499512,0.7143198623183104,0.9248981475830078,0.5533099174499512,0.4347633988262522,1.1287869215011597,0.5533099174499512,0.5436240304983563,0.9625529646873474
Slc25a43,0.0,0.0033314523752778,21.67012405395508,0.9888502385877284,0.2351081520318985,21.67012405395508,0.2943306606944322,1.4113777875900269,21.67012405395508,0.3254549957022156,1.4113777875900269
Slc25a5,1.3503347635269165,1.9139459133148196,1.0156487226486206,2.4193259662325597e-52,15.482783317565918,1.0156487226486206,2.3947547923412814e-56,17.02821922302246,1.0156487226486206,1.8353745153128182e-38,13.99644660949707
C330007P06Rik,0.1098915636539459,0.14829021692276,0.4606375694274902,0.0680669573382847,2.3089592456817627,0.4606375694274902,0.1055255213545797,1.9984052181243896,0.4606375694274902,0.1967378658323251,1.727694034576416
Ube2a,0.2723077833652496,0.5698767304420471,1.2950769662857056,1.09192800227096e-19,9.404475212097168,1.2950769662857056,1.4459144840570238e-23,10.619566917419434,1.2950769662857056,5.0279986400704625e-18,9.195257186889648
Nkrf,0.03913389518857,0.0342612564563751,-0.1953772604465484,0.9888502385877284,0.5378808379173279,-0.1953772604465484,0.8093904247248264,-0.4884188175201416,-0.1953772604465484,0.888263923216068,-0.4022395312786102
Sept6,0.8153523206710815,0.7847925424575806,-0.0800651758909225,0.2109842384539928,-1.7593528032302856,-0.0800651758909225,0.5589583667452822,-0.8531553745269775,-0.0800651758909225,0.6832027011037286,-0.7134873867034912
Rpl39,3.973035097122192,3.540988683700561,-0.6383412480354309,1.4493188048768122e-108,-22.35715675354004,-0.6383412480354309,2.6288033895565048e-120,-27.54034805297852,-0.6383412480354309,2.393714572732219e-93,-23.543621063232425
Upf3b,0.25678151845932,0.3374620079994201,0.4552602767944336,0.0014758627094153,3.613555431365967,0.4552602767944336,0.0103929510907002,2.941277980804444,0.4552602767944336,0.0366717335256176,2.526732444763184
Nkap,0.2032254487276077,0.2834753692150116,0.5403757691383362,0.0001593652418558,4.193633556365967,0.5403757691383362,0.0031564439640939,3.32886004447937,0.5403757691383362,0.0161756426092947,2.8389155864715576
Akap14,0.0,0.0,0.0,0.9888502385877284,0.1005259156227111,0.0,1.0,0.0,0.0,1.0,0.0
Ndufa1,0.5861356258392334,1.0571389198303225,1.2365859746932983,3.477523728653914e-31,11.908138275146484,1.2365859746932983,2.4882647643066837e-41,14.40225601196289,1.2365859746932983,7.182982639155158e-30,12.128972053527832
Rnf113a1,0.033928420394659,0.0359664261341095,0.0856353119015693,0.7843629654559106,0.8382636308670044,0.0856353119015693,1.0,0.2119813710451126,0.0856353119015693,1.0,0.1765347272157669
Rhox8,0.0449875444173812,0.0166655778884887,-1.4531891345977783,0.9888502385877284,-0.5431088209152222,-1.4531891345977783,0.0053976463970155,-3.157443046569824,-1.4531891345977783,0.042349877863422,-2.4676108360290527
Zbtb33,0.0728280916810035,0.0789513885974884,0.1209423542022705,0.4346255923838018,1.3204295635223389,0.1209423542022705,0.8474430208832023,0.4343918859958648,0.1209423542022705,0.9136372338961952,0.3648200035095215
Tmem255a,0.002506517805159,0.0076076872646808,1.6054558753967283,0.9888502385877284,0.3027727007865906,1.6054558753967283,0.3905886288678171,1.2058318853378296,1.6054558753967283,0.4833503738827799,1.1088664531707764
Lamp2,0.1274536848068237,0.3136468231678009,1.4384102821350098,5.844781243285983e-12,7.24234676361084,1.4384102821350098,3.2418678340185545e-13,7.752552509307861,1.4384102821350098,8.874274192394223e-11,6.941028118133545
Cul4b,0.0864611119031906,0.1077597364783287,0.3333071172237396,0.1479176089969649,1.945841073989868,0.3333071172237396,0.3258269904446754,1.3352338075637815,0.3333071172237396,0.4671862380870333,1.1360652446746826
Mcts1,0.4266677498817444,0.5729935765266418,0.5397136211395264,0.0002099457647246,4.125520706176758,0.5397136211395264,1.210602192504556e-05,4.750367641448975,0.5397136211395264,0.0003169282357173,4.025458335876465
C1galt1c1,0.0639602169394493,0.0992157459259033,0.659171462059021,0.0982031285377352,2.1438307762146,0.659171462059021,0.0505121026617912,2.3340513706207275,0.659171462059021,0.1110807700591623,2.0310637950897217
Gria3,0.0315299816429615,0.0,-24.933025360107425,0.8200682790738505,-0.7947970032691956,-24.933025360107425,1.2188005343675707e-06,-5.233962535858154,-24.933025360107425,0.0012487167562083,-3.667999029159546
Thoc2,0.5713985562324524,0.5503774881362915,-0.0706495121121406,0.9888502385877284,-0.3046398162841797,-0.0706495121121406,0.6962871014441151,-0.6484916806221008,-0.0706495121121406,0.7949289308871339,-0.5385543704032898
Xiap,0.2562951445579529,0.383033275604248,0.675947904586792,7.231138923388117e-06,4.887754917144775,0.675947904586792,1.67124109187964e-05,4.680984973907471,0.675947904586792,0.0003205549521834,4.022342205047607
Stag2,0.4140262305736542,0.3928153812885284,-0.0921972170472145,0.9888502385877284,0.1252466291189193,-0.0921972170472145,0.6338410851139956,-0.7390764951705933,-0.0921972170472145,0.7446926089889925,-0.6105704307556152
Tex13c2,0.0,0.0,0.0,0.9888502385877284,0.1005259156227111,0.0,1.0,0.0,0.0,1.0,0.0
Sh2d1a,0.4698367118835449,0.9954405426979064,1.5081545114517212,4.6740169881496894e-36,12.82228183746338,1.5081545114517212,8.172352667760591e-42,14.64611530303955,1.5081545114517212,6.404531793259698e-33,12.790593147277832
Tenm1,0.0,0.0,0.0,0.9888502385877284,0.1005259156227111,0.0,1.0,0.0,0.0,1.0,0.0
Ocrl,0.0444888882339,0.0173858050256967,-1.3751866817474363,0.9888502385877284,-0.375217080116272,-1.3751866817474363,0.0086526356948164,-3.001110076904297,-1.3751866817474363,0.0571203556316171,-2.3399550914764404
Apln,0.0,0.0015016174875199,20.5191707611084,0.9888502385877284,0.1678170263767242,20.5191707611084,0.4679991859106411,1.0,20.5191707611084,0.5282133287683867,1.0
Xpnpep2,0.001164500718005,0.0,-20.15212059020996,0.9888502385877284,0.0673658028244972,-20.15212059020996,0.4679991859106411,-1.0,-20.15212059020996,0.6832027011037286,-0.7008072733879089
Sash3,0.4170190095901489,0.3986697196960449,-0.0790526792407035,0.9888502385877284,0.1064260229468345,-0.0790526792407035,0.7153162356352437,-0.6216191649436951,-0.0790526792407035,0.8076454465982137,-0.5211319923400879
Zdhhc9,0.023782767355442,0.0169143509119749,-0.4966399073600769,0.9888502385877284,0.1306986212730407,-0.4966399073600769,0.5166744956699927,-0.9195481538772584,-0.4966399073600769,0.683030745146173,-0.7518277168273926
Utp14a,0.3106937706470489,0.243706002831459,-0.400902509689331,0.9595738824266182,-0.6214532852172852,-0.400902509689331,0.0228960584704637,-2.652500867843628,-0.400902509689331,0.0820370704138092,-2.17480993270874
Bcorl1,0.0415596328675746,0.0179572086781263,-1.2277299165725708,0.9888502385877284,-0.246609628200531,-1.2277299165725708,0.0236769477869142,-2.6390511989593506,-1.2277299165725708,0.1070453699835789,-2.049845695495605
Elf4,0.245256245136261,0.4028699398040771,0.8358479738235474,4.1654550051885314e-08,5.864559173583984,0.8358479738235474,3.5984251971952364e-08,5.900661945343018,0.8358479738235474,3.20938774367129e-06,5.081462860107422
Aifm1,0.0998461544513702,0.1405710130929947,0.5234856009483337,0.0233360166691106,2.7324228286743164,0.5234856009483337,0.0521264066188397,2.320650100708008,0.5234856009483337,0.1202558562973252,1.991501808166504
Rab33a,0.0,0.0,0.0,0.9888502385877284,0.1005259156227111,0.0,1.0,0.0,0.0,1.0,0.0
Zfp280c,0.0720796659588813,0.0673127472400665,-0.1021912470459938,0.9888502385877284,0.4866469800472259,-0.1021912470459938,0.9219841910741046,-0.3278585374355316,-0.1021912470459938,0.9704435658260784,-0.2773934602737427
Slc25a14,0.0235262792557477,0.0621872507035732,1.430432677268982,0.1059350618731046,2.1083555221557617,1.430432677268982,0.002185840051284,3.444241523742676,1.430432677268982,0.0070743779870859,3.123797655105591
Rbmx2,0.1064083501696586,0.1339845508337021,0.352745771408081,0.0702052944307915,2.2944703102111816,0.352745771408081,0.248582782079724,1.5214842557907104,0.352745771408081,0.380200990333355,1.2944492101669312
Enox2,0.0406843833625316,0.0421043261885643,0.0505245439708232,0.90159389058754,0.6945698261260986,0.0505245439708232,1.0,0.1346599459648132,0.0505245439708232,1.0,0.1135273724794387
Olfr1322,0.0,0.0,0.0,0.9888502385877284,0.1005259156227111,0.0,1.0,0.0,0.0,1.0,0.0
Stk26,0.2639048993587494,0.3387751579284668,0.4170256853103637,0.0018832383196154,3.5440986156463623,0.4170256853103637,0.0114395972738388,2.9070003032684326,0.4170256853103637,0.0426614210461178,2.463258743286133
Rap2c,0.1499058306217193,0.2447808384895324,0.7781218886375427,3.7053712833063206e-05,4.535391807556152,0.7781218886375427,0.0001050821729363,4.255864143371582,0.7781218886375427,0.0010920202125656,3.691784381866455
Mbnl3,0.0479474179446697,0.1157233268022537,1.320711374282837,0.0013211045035444,3.644251108169556,1.320711374282837,1.7281891041615383e-05,4.6795573234558105,1.320711374282837,0.0001793736106872,4.171253204345703
Ccdc160,0.0,0.001041647978127,19.99118995666504,0.9888502385877284,0.1678170263767242,19.99118995666504,0.4679991859106411,1.0,19.99118995666504,0.5282133287683867,1.0
Phf6,0.1509991735219955,0.2824428975582123,1.001657009124756,3.524126793843255e-07,5.482396602630615,1.001657009124756,2.7599536300641617e-07,5.529345989227295,1.001657009124756,9.269506718494913e-06,4.857668876647949
Hprt,0.5344845056533813,0.902987003326416,1.0539296865463257,2.4614786892335073e-19,9.317243576049805,1.0539296865463257,1.1905584309882709e-25,11.093743324279783,1.0539296865463257,6.34800260664178e-19,9.44426727294922
Fam122b,0.0426555387675762,0.0531327426433563,0.3244860470294952,0.5923079068079727,1.0875619649887085,0.3244860470294952,0.5194864895808238,0.9148258566856384,0.3244860470294952,0.6619471959955802,0.7830589413642883
Mospd1,0.045301366597414,0.0610329695045948,0.4414828717708587,0.4079515298581975,1.3634480237960815,0.4414828717708587,0.3427529491358554,1.3013482093811035,0.4414828717708587,0.4784459853752075,1.1171636581420898
Rtl8c,0.0013827655930072,0.0,-20.400123596191406,0.9888502385877284,0.0673658028244972,-20.400123596191406,0.4679991859106411,-1.0,-20.400123596191406,0.6832027011037286,-0.7008072733879089
Rtl8a,0.0384439155459404,0.0356740839779377,-0.1098891347646713,0.9276601557088724,0.6617084741592407,-0.1098891347646713,0.951433283448919,-0.2854588329792022,-0.1098891347646713,0.9972409430896564,-0.2356929183006286
Rtl8b,0.0341053567826747,0.0392087064683437,0.2048793882131576,0.7312523201491311,0.9024926424026488,0.2048793882131576,0.7885155662338094,0.5180363655090332,0.2048793882131576,0.8641692537438761,0.4370353519916534
Xlr,0.0060232845135033,0.0084748174995183,0.4944022595882416,0.9888502385877284,0.202993631362915,0.4944022595882416,0.8101441249378674,0.4875678122043609,0.4944022595882416,0.8712770624973843,0.4273053407669067
3830403N18Rik,0.0023046617861837,0.0242238715291023,3.4096484184265137,0.6787561117616673,0.9744889140129088,3.4096484184265137,0.0042629473290917,3.244513273239136,3.4096484184265137,0.006623516351445,3.1508963108062744
Zfp449,0.001170564093627,0.0,-20.159618377685547,0.9888502385877284,0.0673658028244972,-20.159618377685547,0.4679991859106411,-1.0,-20.159618377685547,0.6832027011037286,-0.7008072733879089
Smim10l2a,0.0,0.0008512633503414,19.699861526489254,0.9888502385877284,0.1678170263767242,19.699861526489254,0.4679991859106411,1.0,19.699861526489254,0.5282133287683867,1.0
Ints6l,0.0733140483498573,0.0630980059504509,-0.2239481806755066,0.9888502385877284,0.5231679081916809,-0.2239481806755066,0.6274276080144543,-0.7488462328910828,-0.2239481806755066,0.7394893017443891,-0.6185145378112793
Mmgt1,0.0230684727430343,0.0271460805088281,0.2377748787403106,0.8814315472454339,0.7217551469802856,0.2377748787403106,0.7971224821297432,0.5056228041648865,0.2377748787403106,0.8714773936159416,0.4270126819610595
Slc9a6,0.023690877482295,0.0394364744424819,0.746616780757904,0.544437230038803,1.1544796228408811,0.746616780757904,0.2000260672160778,1.6496473550796509,0.746616780757904,0.310068261572425,1.4445210695266724
Fhl1,0.0,0.0,0.0,0.9888502385877284,0.1005259156227111,0.0,1.0,0.0,0.0,1.0,0.0
Map7d3,0.0022785172332078,0.0032280455343425,0.5032505989074707,0.9888502385877284,0.1684892028570175,0.5032505989074707,0.9142737561195968,0.3376900851726532,0.5032505989074707,0.9612487391962752,0.2917185127735138
Htatsf1,0.2087018489837646,0.2206064909696579,0.0889262035489082,0.1836467069255909,1.8346352577209477,0.0889262035489082,0.7941229156054117,0.5104703307151794,0.0889262035489082,0.870585753470384,0.4282849133014679
Cd40lg,0.0136985154822468,0.0151393711566925,0.1453274190425872,0.9888502385877284,0.3667030036449432,0.1453274190425872,0.992468100081326,0.2272500991821289,0.1453274190425872,1.0,0.1909981220960617
Arhgef6,0.415806233882904,0.4711728692054748,0.2232259511947631,0.068867333617225,2.302760362625122,0.2232259511947631,0.1498840646844793,1.8172545433044436,0.2232259511947631,0.2735290262653903,1.525727391242981
Rbmx,0.1402194947004318,0.180931955575943,0.3979136645793915,0.0359932427825578,2.5687880516052246,0.3979136645793915,0.1059727038639239,1.9951810836791992,0.3979136645793915,0.2036296139914062,1.7058937549591064
Fgf13,0.1232475787401199,0.042242094874382,-1.6040446758270264,0.1757694736317384,-1.858310341835022,-1.6040446758270264,1.0863877858131352e-07,-5.681664943695068,-1.6040446758270264,7.133008808975234e-05,-4.403975009918213
Atp11c,0.091077022254467,0.0933736339211463,0.0376100428402423,0.5656153513448897,1.1239334344863892,0.0376100428402423,1.0,0.1427535712718963,0.0376100428402423,1.0,0.1199331954121589
Slitrk4,0.0,0.0,0.0,0.9888502385877284,0.1005259156227111,0.0,1.0,0.0,0.0,1.0,0.0
Fmr1,0.2054158449172973,0.3318235874176025,0.7871299982070923,8.123328858875079e-07,5.324960708618164,0.7871299982070923,3.872523379917658e-06,4.997805118560791,0.7871299982070923,9.796101306023384e-05,4.319443225860596
Fmr1nb,0.0,0.0,0.0,0.9888502385877284,0.1005259156227111,0.0,1.0,0.0,0.0,1.0,0.0
Gm14698,0.0049411249347031,0.0024364404380321,-1.0218721628189087,0.9888502385877284,0.1018702387809753,-1.0218721628189087,0.5809094264809466,-0.8193069100379944,-1.0218721628189087,0.7319045286101413,-0.6293034553527832
Ids,0.0642179474234581,0.0892069488763809,0.4924358427524566,0.2040852004201004,1.778098702430725,0.4924358427524566,0.1919662879416196,1.6736003160476685,0.4924358427524566,0.3110638978305019,1.4421048164367676
1110012L19Rik,0.0834225639700889,0.1490654051303863,0.8857043385505676,0.0028586269619768,3.421391248703003,0.8857043385505676,0.0008575744515721,3.7107086181640634,0.8857043385505676,0.0046670913271702,3.2575552463531494
Tmem185a,0.040064912289381,0.042717095464468,0.0944007188081741,0.7934587353937493,0.8266127705574036,0.0944007188081741,0.976981549265693,0.2493157684803009,0.0944007188081741,1.0,0.2095980197191238
Mtm1,0.0448813140392303,0.0191319491714239,-1.2488044500350952,0.9888502385877284,-0.1879072785377502,-1.2488044500350952,0.0158885652873835,-2.788240432739258,-1.2488044500350952,0.0890557223723744,-2.138136625289917
Mtmr1,0.1045974269509315,0.3160410821437835,1.7531306743621826,4.2940302490084186e-14,7.899425029754639,1.7531306743621826,2.293404608666117e-17,9.040011405944824,1.7531306743621826,1.3516700604842056e-14,8.210700988769531
Cd99l2,0.0276407152414321,0.0661048963665962,1.2859251499176023,0.178864664645287,1.8489000797271729,1.2859251499176023,0.0048970427263282,3.1951651573181152,1.2859251499176023,0.0140597075572168,2.889989137649536
Hmgb3,0.0343279689550399,0.1770444512367248,2.4714162349700928,3.7942266896257554e-08,5.881512641906738,2.4714162349700928,6.165808104883647e-14,8.032938957214355,2.4714162349700928,1.7489272069634729e-12,7.559725761413574
Vma21,0.164940059185028,0.3473946452140808,1.2118587493896484,2.8463728584323685e-11,7.017096996307373,1.2118587493896484,1.0654692585642022e-12,7.5675835609436035,1.2118587493896484,5.911114514742486e-10,6.636754512786865
Gm1141,0.0,0.0,0.0,0.9888502385877284,0.1005259156227111,0.0,1.0,0.0,0.0,1.0,0.0
Cetn2,0.3480982482433319,0.5672677755355835,0.8746483325958252,3.1457332944050685e-10,6.659804344177246,0.8746483325958252,2.1250356371600948e-11,7.1163530349731445,0.8746483325958252,1.2153720172657554e-08,6.128297805786133
Nsdhl,0.0615423955023288,0.0684874579310417,0.1593231409788131,0.5459559244789156,1.1514922380447388,0.1593231409788131,0.7840734824938987,0.5242217779159546,0.1593231409788131,0.860823649174255,0.4421321153640747
Xlr4a,0.1019877344369888,0.1358173340559005,0.4381581842899322,0.0928655984073381,2.169447898864746,0.4381581842899322,0.1295713695486515,1.8945882320404053,0.4381581842899322,0.2311587856456404,1.6302613019943235
Xlr3a,0.0023674399126321,0.0,-21.17660522460937,0.9888502385877284,0.0342056974768638,-21.17660522460937,0.2942789202292576,-1.4106780290603638,-21.17660522460937,0.5299909986835808,-0.9886134266853333
Xlr3b,0.0150864133611321,0.0119192032143473,-0.3422516882419586,0.9888502385877284,0.1681904643774032,-0.3422516882419586,0.7822450336593527,-0.5268341302871704,-0.3422516882419586,0.865100263412158,-0.4355827271938324
Xlr4b,0.1740370392799377,0.2585644721984863,0.6342997550964355,0.0001627893154611,4.188629627227783,0.6342997550964355,0.0009395720286561,3.6837332248687744,0.6342997550964355,0.0061133884998342,3.1706652641296387
F8a,0.0867403596639633,0.1197743415832519,0.4897825717926025,0.0361301216470152,2.5672197341918945,0.4897825717926025,0.1037800949659053,2.006753206253052,0.4897825717926025,0.2014062380935468,1.7135833501815796
Xlr4c,0.054830826818943,0.0948574841022491,0.8200076818466187,0.0641794877008059,2.3336799144744877,0.8200076818466187,0.0152652546485978,2.805684804916382,0.8200076818466187,0.0429322514152297,2.460577249526977
Xlr3c,0.0,0.0,0.0,0.9888502385877284,0.1005259156227111,0.0,1.0,0.0,0.0,1.0,0.0
Zfp275,0.0468093864619731,0.0621435157954692,0.4199676811695099,0.355091079895988,1.4542648792266846,0.4199676811695099,0.3571349813301842,1.2706509828567505,0.4199676811695099,0.4973566141802762,1.0862774848937988
Trex2,0.0,0.0,0.0,0.9888502385877284,0.1005259156227111,0.0,1.0,0.0,0.0,1.0,0.0
Haus7,0.0698921531438827,0.0839660316705703,0.2749576866626739,0.2415753832675591,1.6839957237243652,0.2749576866626739,0.4717981499977629,0.9925296306610109,0.2749576866626739,0.6227098414143537,0.8400776386260986
Dusp9,0.0,0.0063696252182126,22.60737419128418,0.9888502385877284,0.3696903884410858,22.60737419128418,0.1213365431816412,1.930362105369568,22.60737419128418,0.1356249671459621,1.930362105369568
Pnck,0.0011093423236161,0.0,-20.082075119018555,0.9888502385877284,0.0673658028244972,-20.082075119018555,0.4679991859106411,-1.0,-20.082075119018555,0.6832027011037286,-0.7008072733879089
Slc6a8,0.0009682253585197,0.0,-19.885683059692383,0.9888502385877284,0.0673658028244972,-19.885683059692383,0.4679991859106411,-1.0,-19.885683059692383,0.6832027011037286,-0.7008072733879089
Bcap31,0.5486039519309998,0.7957835793495178,0.7347354292869568,4.497418584745572e-09,6.240224361419678,0.7347354292869568,1.7897569519945422e-12,7.467329502105713,0.7347354292869568,5.099760784076328e-09,6.2786712646484375
Abcd1,0.0667569637298584,0.1017479747533798,0.6336050629615784,0.093488496614266,2.1664602756500244,0.6336050629615784,0.0563323210403376,2.2868964672088623,0.6336050629615784,0.1226965073762368,1.980973720550537
Srpk3,0.0,0.0014346968382596,20.453350067138672,0.9888502385877284,0.1678170263767242,20.453350067138672,0.4679991859106411,1.0,20.453350067138672,0.5282133287683867,1.0
Idh3g,0.3353414833545685,0.4888773560523987,0.6621792912483215,5.634007997264254e-06,4.939362525939941,0.6621792912483215,9.225406376719298e-07,5.2875752449035645,0.6621792912483215,4.454148378617371e-05,4.507707595825195
Ssr4,0.9304062724113464,1.26350998878479,0.7248431444168091,1.0931100470830161e-15,8.357019424438477,0.7248431444168091,1.522904921982985e-20,9.790611267089844,0.7248431444168091,3.782067736668935e-14,8.06750774383545
Pdzd4,0.0019404748454689,0.0,-20.889379501342773,0.9888502385877284,0.0342056974768638,-20.889379501342773,0.2942789202292576,-1.4139264822006226,-20.889379501342773,0.5299909986835808,-0.9908899664878844
L1cam,0.0091204000636935,0.1128143966197967,3.704269409179688,0.0004764793689685,3.91849422454834,3.704269409179688,3.2304504747988147e-11,7.134580612182617,3.704269409179688,1.1583410738269775e-10,6.956110000610352
Arhgap4,0.3322705924510956,0.3023220896720886,-0.1590159684419632,0.9888502385877284,0.2187521606683731,-0.1590159684419632,0.4405043486815423,-1.11834979057312,-0.1590159684419632,0.5639732669750543,-0.9310179948806764
Avpr2,0.0090086935088038,0.0046522933989763,-0.95652174949646,0.989142915124309,-0.030172711238265,-0.95652174949646,0.5001449342553845,-0.9461850523948668,-0.95652174949646,0.6678855491413012,-0.7743707895278931
Naa10,0.3745860159397125,0.4464567303657532,0.3086045384407043,0.0385693812321274,2.5415279865264893,0.3086045384407043,0.0357958368260848,2.476517915725708,0.3086045384407043,0.0987678474137913,2.0875391960144043
Renbp,0.0026536756195127,0.0255885776132345,3.2860183715820312,0.6008686581088819,1.0765085220336914,3.2860183715820312,0.0025437399515536,3.4045355319976807,3.2860183715820312,0.0041814656688159,3.2988743782043457
Hcfc1,0.230800449848175,0.3539446294307709,0.7100293636322021,5.426689365201715e-06,4.947054862976074,0.7100293636322021,8.6378860787969e-06,4.826231002807617,0.7100293636322021,0.0001990470464724,4.1439080238342285
Irak1,0.2776007652282715,0.3037562370300293,0.1496823728084564,0.1120791223959217,2.0822904109954834,0.1496823728084564,0.4711293466181774,0.9937167167663574,0.1496823728084564,0.6249954369021752,0.8363068699836731
Mecp2,0.2274945229291916,0.183144062757492,-0.3459387421607971,0.9888502385877284,-0.1705056875944137,-0.3459387421607971,0.1021088882534703,-2.0141470432281494,-0.3459387421607971,0.2211053209789734,-1.6576021909713743
Tktl1,0.0,0.0016886966768652,20.688697814941406,0.9888502385877284,0.1678170263767242,20.688697814941406,0.4679991859106411,1.0,20.688697814941406,0.5282133287683867,1.0
Flna,0.4345911145210266,0.8780950307846069,1.3693586587905884,5.176480452509595e-29,11.476758003234863,1.3693586587905884,1.2339135889075344e-34,13.128633499145508,1.3693586587905884,1.8872188309389955e-26,11.334814071655272
Emd,0.2419604510068893,0.4290346801280975,0.9687991738319396,3.27990065599571e-10,6.653082847595215,0.9687991738319396,3.516056383604984e-11,7.041189193725586,0.9687991738319396,1.6203271177000938e-08,6.078429698944092
Rpl10,3.5121734142303467,3.070218563079834,-0.6624729037284851,3.093341877613181e-90,-20.371658325195312,-0.6624729037284851,6.218087858327592e-76,-21.271961212158203,-0.6624729037284851,2.74024919576996e-66,-19.206666946411133
Dnase1l1,0.0280217546969652,0.0705560073256492,1.3631556034088137,0.131427920665409,2.00551438331604,1.3631556034088137,0.0019511738904927,3.47707748413086,1.3631556034088137,0.0067675858447482,3.138535737991333
Taz,0.2180733680725097,0.14923857152462,-0.5983659625053406,0.8175398700827521,-0.7979337573051453,-0.5983659625053406,0.0047959155888724,-3.196542263031006,-0.5983659625053406,0.0296761024799941,-2.611069917678833
Atp6ap1,0.2051988989114761,0.2294095158576965,0.1789985597133636,0.0985449975479281,2.1421878337860107,0.1789985597133636,0.4643152116608335,1.077873468399048,0.1789985597133636,0.5805749672354176,0.9054657220840454
Gdi1,0.1982309073209762,0.2167156487703323,0.1424161493778228,0.2417209214137735,1.6836223602294922,0.1424161493778228,0.6036921835447814,0.784430980682373,0.1424161493778228,0.7075187960602837,0.6650741696357727
Fam50a,0.2112026810646057,0.2391001731157302,0.199865385890007,0.0381318350367896,2.5459344387054443,0.199865385890007,0.3898992404465838,1.2067203521728516,0.199865385890007,0.5282133287683867,1.0122151374816897
Plxna3,0.0044990377500653,0.0,-22.10443115234375,0.9888502385877284,-0.0321145206689834,-22.10443115234375,0.1056271282683516,-1.9974403381347656,-22.10443115234375,0.3296937777427147,-1.3998206853866575
Lage3,0.2622679769992828,0.3070582747459411,0.2613108456134796,0.0390185780929525,2.5369722843170166,0.2613108456134796,0.1631654601595063,1.77199125289917,0.2613108456134796,0.2847763669952303,1.5004386901855469
Ubl4a,0.2255168259143829,0.318407654762268,0.5676796436309814,0.0002418117902236,4.0898213386535645,0.5676796436309814,0.0008139777033747,3.722857713699341,0.5676796436309814,0.0059558012167567,3.1793911457061768
Slc10a3,0.0385989509522914,0.0436779893934726,0.1820340305566787,0.7608166220882462,0.866718590259552,0.1820340305566787,0.8190485105091201,0.4747543632984161,0.1820340305566787,0.8882944761661503,0.4020851552486419
Fam3a,0.0552306808531284,0.0685898214578628,0.3222606778144836,0.3916619014953808,1.3904093503952026,0.3222606778144836,0.4679991859106411,1.0392282009124756,0.3222606778144836,0.5949128100759453,0.8830299973487854
Ikbkg,0.0647670030593872,0.0924809128046035,0.5341499447822571,0.1868813298580905,1.825075626373291,0.5341499447822571,0.1355626120076967,1.870516657829285,0.5341499447822571,0.2347089550308978,1.6220358610153198
G6pdx,0.0646094754338264,0.1308999806642532,1.067244529724121,0.0025323907595463,3.4574639797210693,1.067244529724121,0.0002233439421513,4.070193767547607,1.067244529724121,0.001463614005941,3.6074068546295166
Gab3,0.1015846133232116,0.0738152638077735,-0.4810147583484649,0.9888502385877284,-0.0839458554983139,-0.4810147583484649,0.1481658884604339,-1.823409080505371,-0.4810147583484649,0.2874392134848677,-1.4945034980773926
Dkc1,0.4091272354125976,0.2572002708911896,-0.7853231430053711,0.0048129118387511,-3.2633578777313232,-0.7853231430053711,1.1829151842103155e-07,-5.66988468170166,-0.7853231430053711,3.127472796773078e-05,-4.5916829109191895
Mpp1,0.2444366514682769,0.0984883978962898,-1.4197211265563965,0.0136357232134466,-2.9252593517303467,-1.4197211265563965,6.2719059451799545e-12,-7.261910438537598,-1.4197211265563965,1.850382026734477e-07,-5.656738758087158
F8,0.0048456867225468,0.0008845259435474,-2.456582307815552,0.9888502385877284,0.0348778627812862,-2.456582307815552,0.2437110394088966,-1.5334811210632324,-2.456582307815552,0.4841073502290368,-1.1082464456558228
Fundc2,0.4526744186878204,0.8403791785240173,1.2021461725234983,4.8483454478281544e-24,10.425119400024414,1.2021461725234983,1.1591696040259104e-27,11.58488655090332,1.2021461725234983,6.5512946501744765e-21,9.969805717468262
Cmc4,0.0868953689932823,0.1462486088275909,0.7947173118591309,0.0071007653748193,3.142219066619873,0.7947173118591309,0.0030681742819497,3.339299440383911,0.7947173118591309,0.0126453906122118,2.9271910190582275
Mtcp1,0.040735337883234,0.051719281822443,0.352405697107315,0.5260086771359903,1.1815155744552612,0.352405697107315,0.4809424867198531,0.978086531162262,0.352405697107315,0.6313339251742661,0.8265926241874695
Brcc3,0.2088275551795959,0.2744244039058685,0.4433183968067169,0.0031161819014231,3.3962223529815674,0.4433183968067169,0.0187497578342623,2.7286159992218018,0.4433183968067169,0.059364003256465,2.3219382762908936
Vbp1,0.2458436191082,0.3977482318878174,0.8095569014549255,3.474590804717925e-07,5.48530912399292,0.8095569014549255,1.2652209521127704e-07,5.671179294586182,0.8095569014549255,7.752180067195636e-06,4.895483493804932
Rab39b,0.0025569282006472,0.0321819260716438,3.6751983165740967,0.3237804899339699,1.511473536491394,3.6751983165740967,0.0002002504710929,4.110279083251953,3.6751983165740967,0.000397229807824,3.977311849594116
Pls3,0.0011373392771929,0.0033745092805474,1.570628643035889,0.9888502385877284,0.2019480466842651,1.570628643035889,0.6251987160611182,0.7523241639137268,1.570628643035889,0.6832027011037286,0.7010688185691833
Tbl1x,0.3719846904277801,0.2962762415409088,-0.3859477639198303,0.4477201766350315,-1.2995177507400513,-0.3859477639198303,0.0182564565861192,-2.737398624420166,-0.3859477639198303,0.0663772363884131,-2.272804021835327
Prkx,0.1002854704856872,0.1458178162574768,0.5735723376274109,0.0362226219264295,2.566248893737793,0.5735723376274109,0.0357211796209769,2.478089570999145,0.5735723376274109,0.0879083790114699,2.142594337463379
Prrg1,0.0975936502218246,0.0069964756257832,-3.868008375167847,0.1088646970975382,-2.0955097675323486,-3.868008375167847,2.607445472558565e-15,-8.354702949523926,-3.868008375167847,4.289040604139017e-08,-5.958791255950928
Dmd,0.0,0.0,0.0,0.9888502385877284,0.1005259156227111,0.0,1.0,0.0,0.0,1.0,0.0
Tab3,0.0298301186412572,0.0470745861530303,0.6706976294517517,0.5992094478194248,1.0788984298706057,0.6706976294517517,0.2123173001610552,1.6151143312454224,0.6706976294517517,0.3263135380209534,1.408010721206665
Gk,0.0317686833441257,0.022739453241229,-0.488950252532959,0.9888502385877284,0.4150241315364837,-0.488950252532959,0.4497205567363251,-1.102932691574097,-0.488950252532959,0.5933452836005024,-0.8868542313575745
5430427O19Rik,0.0224138926714658,0.1094312444329261,2.3510189056396484,0.0008117044351382,3.777264833450317,2.3510189056396484,4.374021506600391e-09,6.305536270141602,2.3510189056396484,4.356636687753104e-08,5.921298027038574
Arx,0.0,0.0,0.0,0.9888502385877284,0.1005259156227111,0.0,1.0,0.0,0.0,1.0,0.0
Pola1,0.0450517088174819,0.1598901748657226,1.911680102348328,7.349572652090127e-06,4.884244918823242,1.911680102348328,1.1031547459173218e-09,6.529544353485107,1.911680102348328,2.239410479736244e-08,6.033215999603272
Pcyt1b,0.0,0.0040989201515913,21.969770431518555,0.9888502385877284,0.3696903884410858,21.969770431518555,0.1347179370734223,1.8760197162628172,21.969770431518555,0.1507900312438492,1.8760197162628172
Pdk3,0.068339318037033,0.1683366149663925,1.3741166591644287,2.447119948056462e-05,4.628822326660156,1.3741166591644287,1.878924437111647e-07,5.6084980964660645,1.3741166591644287,4.10347039494793e-06,5.031826972961426
Zfx,0.2431813925504684,0.2173160910606384,-0.1816109269857406,0.9888502385877284,0.5607344508171082,-0.1816109269857406,0.4391003033919058,-1.120943546295166,-0.1816109269857406,0.5664568881831061,-0.9273492097854614
Eif2s3x,0.2269036471843719,0.2363337576389312,0.0658105835318565,0.1834154885224616,1.8354567289352417,0.0658105835318565,0.8668383245132012,0.407193511724472,0.0658105835318565,0.9297235205278648,0.3404718041419983
Klhl15,0.0343834087252616,0.0521712452173233,0.61446613073349,0.4120355060678027,1.3565770387649536,0.61446613073349,0.2022038717123785,1.642735481262207,0.61446613073349,0.3202257574611576,1.4236716032028198
Fam90a1b,0.0,0.0,0.0,0.9888502385877284,0.1005259156227111,0.0,1.0,0.0,0.0,1.0,0.0
Apoo,0.037926472723484,0.098912127315998,1.4274357557296753,0.0025203269041743,3.459181785583496,1.4274357557296753,2.183291439648232e-05,4.628137111663818,1.4274357557296753,0.0002008575006317,4.142434597015381
Maged1,0.0029457735363394,0.0015730569139122,-0.9060659408569336,0.9888502385877284,0.1351797133684158,-0.9060659408569336,0.6792655623045615,-0.6729694604873657,-0.9060659408569336,0.8125901338557245,-0.5121499300003052
Gspt2,0.0,0.0069169173948466,22.7266902923584,0.9888502385877284,0.4369814991950989,22.7266902923584,0.0933990775203317,2.0597927570343018,22.7266902923584,0.1054257833655038,2.0597927570343018
Zxdb,0.0787193477153778,0.0795316770672798,0.0154050150886178,0.6990849898950976,0.9463326930999756,0.0154050150886178,1.0,0.0554306060075759,0.0154050150886178,1.0,0.0464803874492645
Spin4,0.001350135426037,0.0083359330892562,2.631281852722168,0.9888502385877284,0.4034479856491089,2.631281852722168,0.1671547962081913,1.760475516319275,2.631281852722168,0.2190300299220343,1.6635318994522097
Arhgef9,0.0023451698943972,0.0073200813494622,1.6457582712173462,0.9888502385877284,0.3699144423007965,1.6457582712173462,0.3206947398044755,1.3463157415390017,1.6457582712173462,0.4190858033168042,1.2246949672698977
Amer1,0.109469473361969,0.0401970967650413,-1.495957851409912,0.2686770481226957,-1.624695897102356,-1.495957851409912,3.4851704549957087e-06,-5.007503986358643,-1.495957851409912,0.0004896273661437,-3.915826559066773
Zc4h2,0.0067110727541148,0.0075449114665389,0.1695626676082611,0.9888502385877284,0.2699113190174103,0.1695626676082611,1.0,0.2010286152362823,0.1695626676082611,1.0,0.1689265370368957
Zc3h12b,0.0108084110543131,0.0,-23.373455047607425,0.9888502385877284,-0.1979150623083114,-23.373455047607425,0.009014184754343,-2.990248680114746,-23.373455047607425,0.097838906807657,-2.095587968826294
Las1l,0.2708906233310699,0.1984999179840088,-0.5028320550918579,0.9888502385877284,-0.5699206590652466,-0.5028320550918579,0.007282004558031,-3.0595812797546387,-0.5028320550918579,0.0398897892816783,-2.4920594692230225
Msn,1.500243902206421,1.7631449699401855,0.4720054566860199,9.869760245788336e-13,7.487910747528076,0.4720054566860199,2.7514477506084068e-15,8.33661937713623,0.4720054566860199,1.4310793429626662e-10,6.868622303009033
Ar,0.1467093974351883,0.1923794150352478,0.42486771941185,0.015809189007946,2.8737266063690186,0.42486771941185,0.1011591774963818,2.018930673599243,0.42486771941185,0.2018185171262783,1.7118744850158691
Yipf6,0.1104871481657028,0.169152557849884,0.6577504873275757,0.0029886156868533,3.408246755599976,0.6577504873275757,0.0061303720812574,3.118258237838745,0.6577504873275757,0.0243403061742285,2.688428401947021
Stard8,0.0,0.0,0.0,0.9888502385877284,0.1005259156227111,0.0,1.0,0.0,0.0,1.0,0.0
Efnb1,0.0041740289889276,0.0019888987299054,-1.07104754447937,0.9888502385877284,0.1020196080207824,-1.07104754447937,0.5756851386724838,-0.8271651268005371,-1.07104754447937,0.7241961475894092,-0.6411383748054504
Pja1,0.0997358784079551,0.0766811296343803,-0.3961158394813537,0.9888502385877284,0.4059125781059265,-0.3961158394813537,0.2406816189082854,-1.5409307479858398,-0.3961158394813537,0.399692071604452,-1.2588385343551636
Awat2,0.0,0.0,0.0,0.9888502385877284,0.1005259156227111,0.0,1.0,0.0,0.0,1.0,0.0
Igbp1,0.4248263537883758,0.5644843578338623,0.5190733075141907,0.0001691760474015,4.179069995880127,0.5190733075141907,4.090828262889807e-05,4.476034164428711,0.5190733075141907,0.0007680172351273,3.7882936000823975
Dgat2l6,0.0,0.0,0.0,0.9888502385877284,0.1005259156227111,0.0,1.0,0.0,0.0,1.0,0.0
Pdzd11,0.0827973634004592,0.1757319569587707,1.1542019844055176,3.689697426107186e-05,4.536661148071289,1.1542019844055176,2.9054448143237062e-06,5.0627055168151855,1.1542019844055176,5.114468023415781e-05,4.475472927093506
Kif4,0.0078138411045074,0.0350790955126285,2.1862456798553467,0.2459378256333709,1.6741373538970947,2.1862456798553467,0.0025358005409647,3.402474880218506,2.1862456798553467,0.0059380369749059,3.182889699935913
Gdpd2,0.0,0.0,0.0,0.9888502385877284,0.1005259156227111,0.0,1.0,0.0,0.0,1.0,0.0
Dlg3,0.0221956949681043,0.0045474246144294,-2.2999167442321777,0.9888502385877284,-0.3648358583450317,-2.2999167442321777,0.006497165701738,-3.09648060798645,-2.2999167442321777,0.0625011716647838,-2.301841735839844
Tex11,0.0,0.0,0.0,0.9888502385877284,0.1005259156227111,0.0,1.0,0.0,0.0,1.0,0.0
Slc7a3,0.0010295757092535,0.0020283428020775,0.9789714813232422,0.9888502385877284,0.201798677444458,0.9789714813232422,0.7752883422029527,0.5365498661994934,0.9789714813232422,0.8430819939342514,0.467543751001358
Snx12,0.103580541908741,0.1846222430467605,0.893686056137085,0.0003089318840325,4.028504848480225,0.893686056137085,0.0001141246064887,4.23656702041626,0.893686056137085,0.0010546431145246,3.701406478881836
Foxo4,0.0366901420056819,0.0431234128773212,0.2377503216266632,0.9682289804290944,0.6115201711654663,0.2377503216266632,0.7496487827075798,0.5741403102874756,0.2377503216266632,0.8241360263824864,0.4960390627384186
Gm614,0.0177303757518529,0.0099117923527956,-0.8446580767631531,0.9888502385877284,-0.0328613668680191,-0.8446580767631531,0.3470621399307925,-1.291521430015564,-0.8446580767631531,0.5282133287683867,-1.0355061292648315
Il2rg,1.0425260066986084,0.9693174958229064,-0.1665584444999694,0.0533292633449711,-2.410530805587769,-0.1665584444999694,0.1121748316814624,-1.9665058851242063,-0.1665584444999694,0.2227840380166388,-1.6527982950210571
Med12,0.1789583712816238,0.2048449963331222,0.2141784429550171,0.0716233694868223,2.286031007766724,0.2141784429550171,0.4030195827331246,1.1818665266036987,0.2141784429550171,0.5299909986835808,0.996127188205719
Nlgn3,0.0011169956997036,0.002214531879872,0.9881694316864014,0.9888502385877284,0.1345822364091873,0.9881694316864014,0.8413410096328646,0.4425034523010254,0.9881694316864014,0.888263923216068,0.4022527039051056
Zmym3,0.0415887050330638,0.0475013479590415,0.1960733085870742,0.6458311942273124,1.016835331916809,0.1960733085870742,0.7744171902999643,0.5379270315170288,0.1960733085870742,0.8512349889346643,0.4560453593730926
Nono,0.6850919127464294,0.8809022307395935,0.5221757888793945,1.9958558599167557e-05,4.673707962036133,0.5221757888793945,1.460311820394333e-07,5.639021873474121,0.5221757888793945,1.4170670377875536e-05,4.765326499938965
Itgb1bp2,0.0029392554424703,0.0013095693429931,-1.1675336360931396,0.9888502385877284,0.1013474464416503,-1.1675336360931396,0.6876290402078501,-0.6614184379577637,-1.1675336360931396,0.8207625903368861,-0.5009271502494812
Taf1,0.1787083595991134,0.2242346256971359,0.3613440990447998,0.0116397400509865,2.979405879974365,0.3613440990447998,0.103253667265619,2.0091140270233154,0.3613440990447998,0.2026058397592373,1.7090444564819336
Ogt,0.9659709334373474,1.2611573934555054,0.6363412141799927,7.888804706214453e-09,6.147839069366455,0.6363412141799927,2.701828718882286e-13,7.739405632019043,0.6363412141799927,9.157069318951147e-10,6.564785957336426
Cxcr3,0.0766570046544075,0.6610801815986633,3.5557303428649902,8.504211504354042e-58,16.276086807250977,3.5557303428649902,7.034444048450944e-62,19.32654190063477,3.5557303428649902,4.7040550358762385e-59,18.426847457885746
Gm4779,0.0,0.0,0.0,0.9888502385877284,0.1005259156227111,0.0,1.0,0.0,0.0,1.0,0.0
Nhsl2,0.0012166450032964,0.0042634350247681,1.8113058805465696,0.9888502385877284,0.2690151035785675,1.8113058805465696,0.4624943397909945,1.0814597606658936,1.8113058805465696,0.5299909986835808,0.9900302290916444
Rtl5,0.0,0.0,0.0,0.9888502385877284,0.1005259156227111,0.0,1.0,0.0,0.0,1.0,0.0
Pin4,0.3389084935188293,0.5781989097595215,0.9564246535301208,3.878504612954945e-12,7.300601005554199,0.9564246535301208,3.6551573540078915e-14,8.022974014282227,0.9564246535301208,1.200835742889588e-10,6.8896803855896
Ercc6l,0.0119893522933125,0.0419123098254203,1.827302098274231,0.1834678194387345,1.8351579904556277,1.827302098274231,0.0017972777135959,3.503411293029785,1.827302098274231,0.0051247107333417,3.2293710708618164
Rps4x,4.128671169281006,3.4447500705718994,-1.0100584030151367,4.8543249990612295e-169,-27.93619537353516,-1.0100584030151367,8.889323520641712e-214,-44.20220565795898,-1.0100584030151367,4.404241358363799e-190,-38.90578079223633
Cited1,0.0,0.0,0.0,0.9888502385877284,0.1005259156227111,0.0,1.0,0.0,0.0,1.0,0.0
Hdac8,0.0578076913952827,0.0814972668886184,0.5127773284912109,0.1782114959261493,1.851065993309021,0.5127773284912109,0.1832341239535345,1.7006433010101318,0.5127773284912109,0.2995621514917044,1.468137502670288
Phka1,0.0,0.0,0.0,0.9888502385877284,0.1005259156227111,0.0,1.0,0.0,0.0,1.0,0.0
Chic1,0.0032458342611789,0.0051887654699385,0.6782044172286987,0.9888502385877284,0.2026948928833007,0.6782044172286987,0.7816897162031003,0.527778685092926,0.6782044172286987,0.8424833742025847,0.4686035513877868
Tsx,0.0,0.0,0.0,0.9888502385877284,0.1005259156227111,0.0,1.0,0.0,0.0,1.0,0.0
Gm26992,0.0009175207815133,0.0,-19.80804443359375,0.9888502385877284,0.0673658028244972,-19.80804443359375,0.4679991859106411,-1.0,-19.80804443359375,0.6832027011037286,-0.7008072733879089
Slc16a2,0.0011097042588517,0.0,-20.08254623413086,0.9888502385877284,0.0673658028244972,-20.08254623413086,0.4679991859106411,-1.0,-20.08254623413086,0.6832027011037286,-0.7008072733879089
Rlim,0.333726167678833,0.299135684967041,-0.1841301620006561,0.9888502385877284,0.3583382964134216,-0.1841301620006561,0.3508656108119444,-1.2836185693740845,-0.1841301620006561,0.5124814848808878,-1.062175154685974
Abcb7,0.100165918469429,0.1129009276628494,0.1820152103900909,0.2466257278749515,1.6721208095550537,0.1820152103900909,0.613763858957078,0.7695181965827942,0.1820152103900909,0.7190144977743294,0.64835125207901
Uprt,0.0042430246248841,0.0075204819440841,0.828098475933075,0.9888502385877284,0.3029967546463012,0.828098475933075,0.5918229470484286,0.8024983406066895,0.828098475933075,0.6832027011037286,0.708963930606842
Zdhhc15,0.0504935011267662,0.0680036842823028,0.4422708749771118,0.4339185402721766,1.3219232559204102,0.4422708749771118,0.3133536054059603,1.3617266416549685,0.4422708749771118,0.4420668599086342,1.17808198928833
Magee2,0.0,0.0,0.0,0.9888502385877284,0.1005259156227111,0.0,1.0,0.0,0.0,1.0,0.0
Pbdc1,0.1700814962387085,0.2759021520614624,0.777098536491394,6.150810317755331e-05,4.420825004577637,0.777098536491394,3.844049829709241e-05,4.494396209716797,0.777098536491394,0.0004778159757954,3.917565107345581
Magee1,0.0027079815044999,0.0149642908945679,2.475087881088257,0.7833009375234585,0.8399066925048828,2.475087881088257,0.0340549600913311,2.49979305267334,2.475087881088257,0.0603308585351176,2.315699577331543
Fgf16,0.0,0.0,0.0,0.9888502385877284,0.1005259156227111,0.0,1.0,0.0,0.0,1.0,0.0
Atrx,1.0440220832824707,1.1304677724838257,0.1882079243659973,0.4765139967982404,1.253735899925232,0.1882079243659973,0.0541195882144463,2.30359411239624,0.1882079243659973,0.1384620425547531,1.9173762798309328
Magt1,0.243915393948555,0.3132237792015075,0.413126528263092,0.0044379826673977,3.2882280349731445,0.413126528263092,0.0239535957628854,2.636151075363159,0.413126528263092,0.0686072593184067,2.2562644481658936
Cox7b,1.0771994590759275,1.5610337257385254,0.9587583541870116,9.532845934562272e-35,12.58314037322998,0.9587583541870116,1.625268499586844e-40,14.15714168548584,0.9587583541870116,2.17251369769655e-27,11.591714859008787
Atp7a,0.0336917415261268,0.0383164323866367,0.1889243721961975,0.9888502385877284,0.5810487270355225,0.1889243721961975,0.8363730602266708,0.4493456780910492,0.1889243721961975,0.9016431571593304,0.3823707699775696
Tlr13,0.0,0.0,0.0,0.9888502385877284,0.1005259156227111,0.0,1.0,0.0,0.0,1.0,0.0
Pgk1,0.5721294283866882,1.0015994310379028,1.1578744649887085,1.955600578393315e-25,10.730879783630373,1.1578744649887085,5.254579407851129e-30,12.127079010009766,1.1578744649887085,6.292928740847174e-23,10.483856201171877
Taf9b,0.0382006615400314,0.0940568745136261,1.3406715393066406,0.0127646381664243,2.948038101196289,1.3406715393066406,0.000193935266331,4.108060359954834,1.3406715393066406,0.001101309774194,3.690304756164551
Cysltr1,0.0,0.0,0.0,0.9888502385877284,0.1005259156227111,0.0,1.0,0.0,0.0,1.0,0.0
Gm5127,0.0,0.0011592789087444,20.14563369750977,0.9888502385877284,0.1678170263767242,20.14563369750977,0.4679991859106411,1.0,20.14563369750977,0.5282133287683867,1.0
P2ry10,0.127458244562149,0.1616069078445434,0.3676905930042267,0.0585506891098375,2.3723666667938232,0.3676905930042267,0.1767795444788466,1.724531888961792,0.3676905930042267,0.2955930789812322,1.476871371269226
P2ry10b,0.0639230161905288,0.0541185662150383,-0.2473537176847458,0.9888502385877284,0.3002334237098694,-0.2473537176847458,0.6189528816341174,-0.7617641687393188,-0.2473537176847458,0.7285351966677526,-0.6348128914833069
Gpr174,0.2244593948125839,0.3333553671836853,0.6528049111366272,7.596210988309739e-05,4.369889736175537,0.6528049111366272,0.0001811088026755,4.120130062103272,0.6528049111366272,0.0017803127029093,3.5503270626068115
Itm2a,0.1082046926021575,0.1198080629110336,0.1554910242557525,0.2693842326647688,1.6225301027297974,0.1554910242557525,0.6969526689596979,0.6472980380058289,0.1554910242557525,0.789978745524251,0.545449435710907
2610002M06Rik,0.1285621970891952,0.1828885525465011,0.5487031936645508,0.0085237287418162,3.0828444957733154,0.5487031936645508,0.0175798432868524,2.75272798538208,0.5487031936645508,0.053719123880816,2.364867687225342
Tent5d,0.0010486356914043,0.0,-20.00083923339844,0.9888502385877284,0.0673658028244972,-20.00083923339844,0.4679991859106411,-1.0,-20.00083923339844,0.6832027011037286,-0.7008072733879089
Brwd3,0.0786781907081604,0.1278687715530395,0.7367222905158997,0.0357584129210185,2.571476697921753,0.7367222905158997,0.0149376967717722,2.813526153564453,0.7367222905158997,0.0431167213889021,2.458706378936768
Hmgn5,0.1571670472621917,0.3677856028079986,1.3851327896118164,1.858577754092507e-11,7.078487873077393,1.3851327896118164,6.558254510080902e-13,7.652442455291748,1.3851327896118164,1.5208957698116827e-10,6.857102870941162
Sh3bgrl,0.1104044616222381,0.4029425978660583,2.0878119468688965,1.277222953971315e-22,10.1034517288208,2.0878119468688965,6.892832477237033e-27,11.550792694091797,2.0878119468688965,4.777834091051716e-23,10.552645683288574
Gm6377,0.0013859099708497,0.0022617522627115,0.7072387933731079,0.9888502385877284,0.201798677444458,0.7072387933731079,0.8685802453174369,0.4045903086662292,0.7072387933731079,0.9304102513127864,0.3389669358730316
Rps6ka6,0.0,0.0,0.0,0.9888502385877284,0.1005259156227111,0.0,1.0,0.0,0.0,1.0,0.0
Apool,0.1044917702674865,0.1825957596302032,0.8629512786865234,0.0009782945480057,3.72670316696167,0.8629512786865234,0.0003019662201124,3.991368770599365,0.8629512786865234,0.0021225912406469,3.4985809326171875
Chm,0.1331912577152252,0.1767020672559738,0.4400160610675812,0.0244015960762003,2.715991973876953,0.4400160610675812,0.0739133495702948,2.1645092964172363,0.4400160610675812,0.1560769208888719,1.8554943799972532
Dach2,0.0,0.0,0.0,0.9888502385877284,0.1005259156227111,0.0,1.0,0.0,0.0,1.0,0.0
Klhl4,0.001164500718005,0.0,-20.15212059020996,0.9888502385877284,0.0673658028244972,-20.15212059020996,0.4679991859106411,-1.0,-20.15212059020996,0.6832027011037286,-0.7008072733879089
Nap1l3,0.0,0.0005397105123847,19.042219161987305,0.9888502385877284,0.1678170263767242,19.042219161987305,0.4679991859106411,1.0,19.042219161987305,0.5282133287683867,1.0
Cldn34c1,0.0012051162775605,0.0010303737362846,-0.2261304706335067,0.9888502385877284,0.1345822364091873,-0.2261304706335067,1.0,-0.1102092564105987,-0.2261304706335067,1.0,-0.0871673747897148
Diaph2,0.1475153118371963,0.0578212738037109,-1.4169998168945312,0.1185089842194864,-2.0560760498046875,-1.4169998168945312,1.8660087463284255e-07,-5.582103252410889,-1.4169998168945312,7.217653993550545e-05,-4.398791790008545
Tspan6,0.0093074738979339,0.0070267510600388,-0.4071792662143707,0.9888502385877284,0.2354068905115127,-0.4071792662143707,0.795965737785625,-0.5074834823608398,-0.4071792662143707,0.8853486276465697,-0.4069516658782959
Cstf2,0.1077276244759559,0.1859045624732971,0.8449456691741943,0.0008404976644413,3.76777982711792,0.8449456691741943,0.000368531044168,3.938795566558838,0.8449456691741943,0.0025082814357374,3.4486429691314697
Nox1,0.0078531187027692,0.0,-22.91050338745117,0.9888502385877284,-0.1315948367118835,-22.91050338745117,0.0235656181617168,-2.642777681350708,-22.91050338745117,0.1577148363747666,-1.852077841758728
Xkrx,0.0319201536476612,0.0031066448427736,-3.381883144378662,0.9515815645188184,-0.6309382915496826,-3.381883144378662,7.718434428013217e-05,-4.32459020614624,-3.381883144378662,0.007288080412068,-3.1200828552246094
Trmt2b,0.0495279394090175,0.0853075757622718,0.8105307817459106,0.0452676337905541,2.4784939289093018,0.8105307817459106,0.0217042002323526,2.674978256225586,0.8105307817459106,0.0586013273788929,2.327633619308472
Tmem35a,0.0,0.0,0.0,0.9888502385877284,0.1005259156227111,0.0,1.0,0.0,0.0,1.0,0.0
Cenpi,0.0029132589697837,0.0117583330720663,2.0193653106689453,0.7833009375234585,0.8399066925048828,2.0193653106689453,0.0779576810833299,2.141745090484619,2.0193653106689453,0.1431139422865683,1.8997042179107664
Drp2,0.0,0.0,0.0,0.9888502385877284,0.1005259156227111,0.0,1.0,0.0,0.0,1.0,0.0
Timm8a1,0.222892627120018,0.250230997800827,0.1874089688062667,0.1196168712632995,2.051893711090088,0.1874089688062667,0.4162022279959813,1.159597396850586,0.1874089688062667,0.5361690048899848,0.9743977785110474
Btk,0.0012897921260446,0.0020565974991768,0.673673689365387,0.9888502385877284,0.1345822364091873,0.673673689365387,0.9300862371301304,0.3158719837665558,0.673673689365387,0.9701815314271892,0.2778425216674804
Rpl36a,2.9916951656341557,2.187790870666504,-1.2571158409118652,1.5583739502067643e-140,-25.4510555267334,-1.2571158409118652,9.03544828895866e-144,-32.368167877197266,-1.2571158409118652,4.1409851960906287e-125,-28.634790420532227
Gla,0.018158933147788,0.0414488241076469,1.2075350284576416,0.4097563275433914,1.3603860139846802,1.2075350284576416,0.0358154150464713,2.4779155254364014,1.2075350284576416,0.0737361448934904,2.2254366874694824
Hnrnph2,0.2751339972019195,0.3229922652244568,0.267605721950531,0.0320678765337683,2.61374831199646,0.267605721950531,0.1515168353795199,1.8113172054290767,0.267605721950531,0.2714510579505594,1.5311219692230225
Armcx4,0.0033021459821611,0.0023347653914242,-0.5008242726325989,0.9888502385877284,0.1351797133684158,-0.5008242726325989,0.8837291098399069,-0.3831641674041748,-0.5008242726325989,0.953338281056826,-0.3035030663013458
Armcx1,0.001165707828477,0.0,-20.15361785888672,0.9888502385877284,0.0673658028244972,-20.15361785888672,0.4679991859106411,-1.0,-20.15361785888672,0.6832027011037286,-0.7008072733879089
Armcx6,0.0022698247339576,0.0012047253549098,-0.9146445989608764,0.9888502385877284,0.1013474464416503,-0.9146445989608764,0.7801772345147459,-0.530125617980957,-0.9146445989608764,0.8826152278267494,-0.4110135436058044
Armcx3,0.0335923135280609,0.0247452687472105,-0.4473911821842193,0.9888502385877284,0.1874591708183288,-0.4473911821842193,0.4721295327521987,-0.9919191002845764,-0.4473911821842193,0.6432885451330843,-0.8092594146728516
Armcx2,0.0477318093180656,0.0049566440284252,-3.298506259918213,0.65612306126949,-1.002122402191162,-3.298506259918213,3.705958484497677e-07,-5.458089351654053,-3.298506259918213,0.0004598716614577,-3.942171335220337
Nxf2,0.0,0.0,0.0,0.9888502385877284,0.1005259156227111,0.0,1.0,0.0,0.0,1.0,0.0
Zmat1,0.0552594512701034,0.0068367151543498,-3.049956083297729,0.5819004630620283,-1.101677417755127,-3.049956083297729,3.231787305652684e-07,-5.482147693634033,-3.049956083297729,0.000374158092592,-3.995760679244995
Tmsb15a,0.0,0.0,0.0,0.9888502385877284,0.1005259156227111,0.0,1.0,0.0,0.0,1.0,0.0
Armcx5,0.0768860280513763,0.0722990930080413,-0.0920935720205307,0.9382214073907116,0.6505057215690613,-0.0920935720205307,0.9278558491519128,-0.3187328577041626,-0.0920935720205307,0.9761227258272078,-0.2678783237934112
Gprasp1,0.0645483061671257,0.024656768888235,-1.4173849821090698,0.9204477425272792,-0.6736580729484558,-1.4173849821090698,0.0007975081824902,-3.7243616580963135,-1.4173849821090698,0.0150325874355158,-2.8675577640533447
Bhlhb9,0.0564571022987365,0.0628963336348533,0.1605118364095688,0.4945558290686342,1.227073311805725,0.1605118364095688,0.7843535420754391,0.523702085018158,0.1605118364095688,0.8618761226497866,0.4403467178344726
Gprasp2,0.0011010892922058,0.0,-20.0712947845459,0.9888502385877284,0.0673658028244972,-20.0712947845459,0.4679991859106411,-1.0,-20.0712947845459,0.6832027011037286,-0.7008072733879089
Arxes2,0.0038276279810816,0.0143456002697348,1.9136842489242556,0.8677593012897103,0.7387832999229431,1.9136842489242556,0.0824664913915166,2.116171836853028,1.9136842489242556,0.1367495821985774,1.923325777053833
Arxes1,0.0,0.0,0.0,0.9888502385877284,0.1005259156227111,0.0,1.0,0.0,0.0,1.0,0.0
Bex2,0.0009669660939835,0.0043794238008558,2.1816654205322266,0.9888502385877284,0.3362315595149994,2.1816654205322266,0.3337542047749654,1.319973707199097,2.1816654205322266,0.4143065377561948,1.2335916757583618
Bex4,0.0,0.0,0.0,0.9888502385877284,0.1005259156227111,0.0,1.0,0.0,0.0,1.0,0.0
Tceal8,0.0005408413126133,0.00290854787454,2.428727865219116,0.9888502385877284,0.2693138420581817,2.428727865219116,0.3571457220465485,1.2712496519088743,2.428727865219116,0.422485805771947,1.219108819961548
Bex1,0.0,0.0,0.0,0.9888502385877284,0.1005259156227111,0.0,1.0,0.0,0.0,1.0,0.0
Tceal9,0.1210655942559242,0.3445720374584198,1.6764917373657229,2.332627269435718e-15,8.264335632324219,1.6764917373657229,1.7732678960839237e-18,9.345277786254885,1.6764917373657229,2.6673593005258868e-15,8.419890403747559
Bex3,0.215285450220108,0.418333500623703,1.1125904321670532,7.588661004707311e-11,6.873627185821533,1.1125904321670532,2.0056530508263698e-12,7.476741313934326,1.1125904321670532,9.387338557374446e-10,6.560686111450195
Tceal3,0.0011368304258212,0.0,-20.117406845092773,0.9888502385877284,0.0673658028244972,-20.117406845092773,0.4679991859106411,-1.0,-20.117406845092773,0.6832027011037286,-0.7008072733879089
Tceal1,0.0,0.0,0.0,0.9888502385877284,0.1005259156227111,0.0,1.0,0.0,0.0,1.0,0.0
Morf4l2,0.1664166152477264,0.2065196186304092,0.341306209564209,0.0116121860119639,2.980302095413208,0.341306209564209,0.1463576546175781,1.8306119441986084,0.341306209564209,0.2628817371088334,1.5516536235809326
Plp1,0.0337716378271579,0.0031387619674205,-3.449709177017212,0.9003715457434183,-0.6974078416824341,-3.449709177017212,3.0174894878447185e-05,-4.542559146881104,-3.449709177017212,0.0043830774437557,-3.285881519317627
Tmsb15l,0.0024282308295369,0.0011431411840021,-1.087828516960144,0.9888502385877284,0.1013474464416503,-1.087828516960144,0.7151702787666422,-0.6221092343330383,-1.087828516960144,0.8394846927258021,-0.4745174944400787
Tmsb15b2,0.0,0.0,0.0,0.9888502385877284,0.1005259156227111,0.0,1.0,0.0,0.0,1.0,0.0
Tmsb15b1,0.0476166568696498,0.1232626512646675,1.4275412559509275,0.0014901009963439,3.610717535018921,1.4275412559509275,9.356165037256022e-06,4.818199157714844,1.4275412559509275,8.663168483841153e-05,4.350907802581787
Slc25a53,0.0436948873102664,0.0860021412372589,1.0077561140060425,0.108011697709206,2.099542617797852,1.0077561140060425,0.0090242500978455,2.9915547370910645,1.0077561140060425,0.0255561431082129,2.6694207191467285
Zcchc18,0.0258016679435968,0.1221476644277572,2.313445806503296,0.0002305884725154,4.10199499130249,2.313445806503296,3.801674757756629e-09,6.327028274536133,2.313445806503296,4.5835419760651956e-08,5.9097442626953125
Fam199x,0.0526058413088321,0.0430227145552635,-0.2970922887325287,0.9888502385877284,0.3504963517189026,-0.2970922887325287,0.5693029309664991,-0.8370271325111389,-0.2970922887325287,0.6910090237926874,-0.6895779967308044
Rnf128,0.0,0.0030512355733662,21.543163299560547,0.9888502385877284,0.2351081520318985,21.543163299560547,0.2942789202292576,1.4131011962890625,21.543163299560547,0.3249263468812097,1.4131011962890625
Tbc1d8b,0.0301304925233125,0.0763892233371734,1.3758095502853394,0.0687384508378227,2.303731203079224,1.3758095502853394,0.0012551594943326,3.605086088180542,1.3758095502853394,0.004756454405841,3.2520480155944824
Gm15013,0.0066885370761156,0.0028399899601936,-1.2385828495025637,0.9888502385877284,0.035251285880804,-1.2385828495025637,0.4326811920076074,-1.131813406944275,-1.2385828495025637,0.6003895531229222,-0.8747977018356323
Morc4,0.0,0.0,0.0,0.9888502385877284,0.1005259156227111,0.0,1.0,0.0,0.0,1.0,0.0
Rbm41,0.0350140035152435,0.0547328256070613,0.6588045954704285,0.4868837169974686,1.238276124000549,0.6588045954704285,0.1782427772694192,1.7183133363723757,0.6588045954704285,0.2830927275043707,1.5046321153640747
Nup62cl,0.0,0.0,0.0,0.9888502385877284,0.1005259156227111,0.0,1.0,0.0,0.0,1.0,0.0
Prps1,0.1844414621591568,0.173012837767601,-0.1007731705904007,0.6126256563066815,1.0593310594558716,-0.1007731705904007,0.7568698100910677,-0.5641446709632874,-0.1007731705904007,0.8431436097054816,-0.4673241078853607
Tsc22d3,0.4862048923969269,0.7414656281471252,0.8116626739501953,1.1059064049018161e-09,6.463681697845459,0.8116626739501953,7.880538670617921e-10,6.5544867515563965,0.8116626739501953,1.5041528058705826e-07,5.679947853088379
Mid2,0.0,0.0009749568998813,19.89568328857422,0.9888502385877284,0.1678170263767242,19.89568328857422,0.4679991859106411,1.0,19.89568328857422,0.5282133287683867,1.0
Psmd10,0.1703044474124908,0.267262727022171,0.7226312756538391,3.384240579478757e-05,4.556079387664795,0.7226312756538391,0.000142324185446,4.181153297424316,0.7226312756538391,0.0014475580644063,3.6107735633850098
Atg4a,0.0476700812578201,0.0734983086585998,0.6434460878372192,0.1912259473416537,1.8129019737243648,0.6434460878372192,0.1021373989950082,2.014495611190796,0.6434460878372192,0.1912789328674611,1.7449226379394531
Nxt2,0.0141278244554996,0.0180053319782018,0.3526893854141235,0.9888502385877284,0.5011358857154846,0.3526893854141235,0.751774783877705,0.5712181925773621,0.3526893854141235,0.8304572033339692,0.4867221415042877
Acsl4,0.1361406445503235,0.1669763773679733,0.3173511326313019,0.0514232289479431,2.4262144565582275,0.3173511326313019,0.2427946453230124,1.5357654094696045,0.3173511326313019,0.3713754883617877,1.3114410638809204
Tmem164,0.0585075467824935,0.0976925790309906,0.7682601809501648,0.068867333617225,2.3026857376098637,0.7682601809501648,0.0230797002673399,2.6508026123046875,0.7682601809501648,0.0608956850267739,2.3108041286468506
Ammecr1,0.0568775720894336,0.1181654259562492,1.0997306108474731,0.0063066651623846,3.1794121265411377,1.0997306108474731,0.0003963095341605,3.92047381401062,1.0997306108474731,0.0023237087555483,3.4724483489990234
Alg13,0.0375742129981517,0.0611443892121315,0.7196193933486938,0.103288861906355,2.1206037998199463,0.7196193933486938,0.0763114825924169,2.1505374908447266,0.7196193933486938,0.1594454889952754,1.8437937498092647
Trpc5,0.0,0.0,0.0,0.9888502385877284,0.1005259156227111,0.0,1.0,0.0,0.0,1.0,0.0
Lhfpl1,0.0,0.0,0.0,0.9888502385877284,0.1005259156227111,0.0,1.0,0.0,0.0,1.0,0.0
Amot,0.0,0.0,0.0,0.9888502385877284,0.1005259156227111,0.0,1.0,0.0,0.0,1.0,0.0
Tmem29,0.0301420837640762,0.1379660367965698,2.2733302116394043,1.2771907844451186e-06,5.2373552322387695,2.2733302116394043,1.2553677225627814e-11,7.246192455291748,2.2733302116394043,3.3971070562681223e-10,6.745465755462647
Apex2,0.0368576794862747,0.070573903620243,0.96170836687088,0.091946777633307,2.174227714538574,0.96170836687088,0.0170268227066768,2.766132354736328,0.96170836687088,0.0457992239261599,2.433563470840454
Pfkfb1,0.0031629528384655,0.0139691336080431,2.1507043838500977,0.9728535020078471,0.6052466630935669,2.1507043838500977,0.0942719374097005,2.0542521476745605,2.1507043838500977,0.133514396732943,1.936774730682373
Maged2,0.0033781202509999,0.0102546941488981,1.6069576740264893,0.972906362803818,0.6046491861343384,1.6069576740264893,0.1940488374136176,1.6676589250564575,1.6069576740264893,0.2839966465245689,1.502614974975586
Gnl3l,0.1234141364693641,0.1251153498888015,0.0210037659853696,0.2825376678058507,1.5932536125183103,0.0210037659853696,1.0,0.0951459109783172,0.0210037659853696,1.0,0.0794844850897789
Fgd1,0.003319144481793,0.005634875036776,0.7652437686920166,0.9888502385877284,0.2023961544036865,0.7652437686920166,0.7240281695446167,0.6090842485427856,0.7652437686920166,0.7926925202123191,0.5418928861618042
Tsr2,0.0701055601239204,0.0496093928813934,-0.513847827911377,0.9888502385877284,0.2286852449178695,-0.513847827911377,0.193325190927824,-1.6692123413085938,-0.513847827911377,0.3508400467833732,-1.352157711982727
Fam120c,0.0245129838585853,0.0085860872641205,-1.5249937772750854,0.9888502385877284,-0.2336144596338272,-1.5249937772750854,0.037071955686441,-2.4611294269561768,-1.5249937772750854,0.1446012834952186,-1.8950743675231931
Phf8,0.1025101840496063,0.1789929568767547,0.8605998158454895,0.0003793253511037,3.976823091506958,0.8605998158454895,0.000368598426477,3.93847918510437,0.8605998158454895,0.0025543037541953,3.443207263946533
Huwe1,0.6319025158882141,0.4485290944576263,-0.6386268734931946,7.536855734822797e-06,-4.879016876220703,-0.6386268734931946,5.1256183781734146e-08,-5.825160980224609,-0.6386268734931946,1.3538430650547446e-05,-4.777389049530029
Hsd17b10,0.4190800786018371,0.4721489548683166,0.2131309956312179,0.33557520566217,1.4900389909744265,0.2131309956312179,0.1499179438888833,1.8168261051177976,0.2131309956312179,0.2735290262653903,1.525795817375183
Ribc1,0.0056570889428257,0.0035909498110413,-0.6571857929229736,0.9888502385877284,0.1354784518480301,-0.6571857929229736,0.7240065065856307,-0.6091052293777466,-0.6571857929229736,0.8329436136266497,-0.4836241006851196
Smc1a,0.6770468950271606,0.6776482462882996,0.0017632958479225,0.9888502385877284,-0.2262206524610519,0.0017632958479225,1.0,0.016270587220788,0.0017632958479225,1.0,0.0138354068621993
Iqsec2,0.0,0.0,0.0,0.9888502385877284,0.1005259156227111,0.0,1.0,0.0,0.0,1.0,0.0
Kdm5c,0.1328402161598205,0.1348472535610199,0.0231143068522214,0.2781659708459668,1.6024397611618042,0.0231143068522214,1.0,0.1091411709785461,0.0231143068522214,1.0,0.0910260155797004
Kantr,0.0719988420605659,0.0468494780361652,-0.6382618546485901,0.9888502385877284,-0.0530262999236583,-0.6382618546485901,0.1039924776360092,-2.005070686340332,-0.6382618546485901,0.2355191362563582,-1.6199586391448977
Tspyl2,0.0648956224322319,0.0242632180452346,-1.448878288269043,0.8461484023417675,-0.7628318667411804,-1.448878288269043,0.0005079233283797,-3.8468446731567374,-1.448878288269043,0.0106864765436368,-2.9872519969940186
Usp51,0.0,0.0,0.0,0.9888502385877284,0.1005259156227111,0.0,1.0,0.0,0.0,1.0,0.0
Mageh1,0.0008568071061745,0.0,-19.709230422973636,0.9888502385877284,0.0673658028244972,-19.709230422973636,0.4679991859106411,-1.0,-19.709230422973636,0.6832027011037286,-0.7008072733879089
Rragb,0.0230255778878927,0.0152851212769746,-0.596710741519928,0.9888502385877284,0.096642293035984,-0.596710741519928,0.4621349294981988,-1.0816051959991455,-0.596710741519928,0.601113697589225,-0.873552680015564
Klf8,0.004965916275978,0.0102085266262292,1.043429255485535,0.9888502385877284,0.3371277749538421,1.043429255485535,0.4563109945722924,1.0919573307037354,1.043429255485535,0.534666005594787,0.977543830871582
Ubqln2,0.1152922883629798,0.0945840999484062,-0.3008251190185547,0.9888502385877284,0.4697681963443756,-0.3008251190185547,0.3632544978241703,-1.2586511373519895,-0.3008251190185547,0.5278979842504853,-1.0377556085586548
Kctd12b,0.0024379568640142,0.0015645534731447,-0.6405515074729919,0.9888502385877284,0.1013474464416503,-0.6405515074729919,0.8893156366079007,-0.3742209672927856,-0.6405515074729919,0.956599467577051,-0.2986119985580444
Nbdy,0.1314554512500763,0.1603372991085052,0.3078764379024505,0.1220671056137014,2.0418858528137207,0.3078764379024505,0.2864722259902544,1.4360294342041016,0.3078764379024505,0.4146203047444742,1.2326412200927734
Spin2c,0.0339109189808368,0.0779007524251937,1.231914758682251,0.0579016509704633,2.3770718574523926,1.231914758682251,0.0019572816246978,3.475550413131714,1.231914758682251,0.0072791396419265,3.113643884658813
Sat1,0.3927484452724457,0.5170083045959473,0.4929881393909454,0.0005195663965378,3.8963873386383057,0.4929881393909454,0.0004369528521826,3.8915278911590576,0.4929881393909454,0.0038247690323414,3.3197052478790283
Acot9,0.1189543977379798,0.3731978237628937,1.8404417037963867,1.663016090384616e-18,9.107603073120115,1.8404417037963867,1.9060497966413041e-22,10.417359352111816,1.8404417037963867,9.389946432939793e-19,9.414348602294922
Prdx4,0.0276288408786058,0.1683173328638076,2.710078716278076,7.799955518006514e-09,6.149855613708496,2.710078716278076,3.9108044456850083e-16,8.72379207611084,2.710078716278076,1.6038325025984487e-14,8.221367835998535
Phex,0.0,0.0,0.0,0.9888502385877284,0.1005259156227111,0.0,1.0,0.0,0.0,1.0,0.0
Sms,0.4698531031608581,0.75201815366745,0.9026871919631958,1.446783532769367e-12,7.436004638671875,0.9026871919631958,5.502263111491222e-16,8.566909790039062,0.9026871919631958,8.769648651082269e-12,7.288826942443848
Mbtps2,0.1081283390522003,0.0868799909949302,-0.331225037574768,0.9888502385877284,0.4155469238758087,-0.331225037574768,0.3253180018573162,-1.3360862731933594,-0.331225037574768,0.4903867352726274,-1.0974912643432615
Rps6ka3,0.3103885650634765,0.2833883464336395,-0.1517340987920761,0.9888502385877284,0.4012074470520019,-0.1517340987920761,0.4679991859106411,-1.0552480220794678,-0.1517340987920761,0.5986534180937007,-0.877461850643158
Eif1ax,0.3612512648105621,0.6865227222442627,1.181323766708374,8.959544752752416e-18,8.919023513793945,1.181323766708374,2.6848084426174585e-22,10.301504135131836,1.181323766708374,4.939353938410274e-17,8.914666175842285
Map7d2,0.0,0.0,0.0,0.9888502385877284,0.1005259156227111,0.0,1.0,0.0,0.0,1.0,0.0
Bclaf3,0.0613873563706874,0.1110019758343696,0.8908751010894775,0.0084043841560244,3.087624311447144,0.8908751010894775,0.004285771855734,3.235123872756958,0.8908751010894775,0.0172336023534856,2.81609845161438
Sh3kbp1,0.8876482248306274,1.0718237161636353,0.4262137413024902,0.000463764163834,3.925439834594727,0.4262137413024902,1.4048312895552595e-06,5.199036598205566,0.4262137413024902,9.558019518202257e-05,4.326722621917725
Map3k15,0.0011798589257523,0.0013668003957718,0.2123230099678039,0.9888502385877284,0.1345822364091873,0.2123230099678039,1.0,0.1035340130329132,0.2123230099678039,1.0,0.086206279695034
Pdha1,0.3569122850894928,0.3223839402198791,-0.1731036156415939,0.9888502385877284,-0.2501198351383209,-0.1731036156415939,0.3633582409106901,-1.2584625482559204,-0.1731036156415939,0.5190506226776571,-1.0507930517196655
Phka2,0.0345064140856266,0.0452985167503356,0.4004356861114502,0.6841528538881338,0.9662736058235168,0.4004356861114502,0.4679991859106411,1.0279146432876587,0.4004356861114502,0.5955161119095254,0.8821855783462524
Cdkl5,0.0069282939657568,0.0008982903091236,-2.9515974521636963,0.9994412017932364,0.001643068389967,-2.9515974521636963,0.1463576546175781,-1.830519437789917,-2.9515974521636963,0.3737271381138036,-1.3078240156173706
Gja6,0.0,0.0,0.0,0.9888502385877284,0.1005259156227111,0.0,1.0,0.0,0.0,1.0,0.0
Scml2,0.0,0.0,0.0,0.9888502385877284,0.1005259156227111,0.0,1.0,0.0,0.0,1.0,0.0
Reps2,0.0,0.0,0.0,0.9888502385877284,0.1005259156227111,0.0,1.0,0.0,0.0,1.0,0.0
Rbbp7,0.5001637935638428,0.6195253729820251,0.4028558135032654,0.0098054779514668,3.037137269973755,0.4028558135032654,0.0015935114394113,3.532216310501098,0.4028558135032654,0.009659473355099,3.018239498138428
Txlng,0.1844416409730911,0.1845128536224365,0.0006099259480834,0.3690448731160948,1.4286479949951172,0.0006099259480834,1.0,0.0033151791431009,0.0006099259480834,1.0,0.0027719289064407
Syap1,0.0942137613892555,0.1660197377204895,0.8702648282051086,0.0018601580489308,3.5476088523864746,0.8702648282051086,0.0004852310807679,3.8663830757141113,0.8702648282051086,0.003025932979855,3.391826629638672
Ctps2,0.1662995815277099,0.1651372164487838,-0.0109810167923569,0.4871205568956692,1.2379026412963867,-0.0109810167923569,1.0,-0.0571975409984588,-0.0109810167923569,1.0,-0.0479385964572429
S100g,0.0019524155650287,0.0,-20.898237228393555,0.9888502385877284,0.0342056974768638,-20.898237228393555,0.2942789202292576,-1.4107966423034668,-20.898237228393555,0.5299909986835808,-0.9886965751647948
Rnf138rt1,0.0,0.0,0.0,0.9888502385877284,0.1005259156227111,0.0,1.0,0.0,0.0,1.0,0.0
Ap1s2,0.0561787113547325,0.3541234135627746,2.8784191608428955,1.3232796807785083e-25,10.767326354980469,2.8784191608428955,8.299201340586745e-32,12.817649841308594,2.8784191608428955,4.932515155776151e-29,12.0757474899292
Zrsr2,0.2888135015964508,0.3008488416671753,0.0680083930492401,0.2888469385161269,1.5801090002059937,0.0680083930492401,0.8356952949045628,0.4504737257957458,0.0680083930492401,0.9030121857792408,0.3802293837070465
Car5b,0.0057736453600227,0.2842230796813965,5.827106952667236,1.9489814878370984e-22,10.060806274414062,5.827106952667236,1.9730702088196137e-33,13.424814224243164,5.827106952667236,5.32090998472948e-33,13.316298484802246
Siah1b,0.012926704250276,0.0337970368564128,1.4016555547714231,0.4894700889727494,1.2344671487808228,1.4016555547714231,0.0301445848666602,2.5478615760803223,1.4016555547714231,0.0630381467312053,2.2960541248321533
Bmx,0.0,0.0,0.0,0.9888502385877284,0.1005259156227111,0.0,1.0,0.0,0.0,1.0,0.0
Pir,0.0,0.0091956472024321,23.139158248901367,0.9452671725632862,0.6388548612594604,23.139158248901367,0.0210785011241207,2.692192554473877,23.139158248901367,0.0244918085668035,2.692192554473877
Vegfd,0.0,0.0011431411840021,20.125398635864254,0.9888502385877284,0.1678170263767242,20.125398635864254,0.4679991859106411,1.0,20.125398635864254,0.5282133287683867,1.0
Piga,0.119438461959362,0.0667627677321434,-0.877738893032074,0.8013769679314743,-0.817799985408783,-0.877738893032074,0.0025244492505964,-3.3944337368011475,-0.877738893032074,0.0225112265464339,-2.7187764644622803
Asb11,0.001187355723232,0.0,-20.180177688598636,0.9888502385877284,0.0673658028244972,-20.180177688598636,0.4679991859106411,-1.0,-20.180177688598636,0.6832027011037286,-0.7008072733879089
Mospd2,0.0401814132928848,0.0550641976296901,0.4654071927070617,0.4326685311813589,1.3239396810531616,0.4654071927070617,0.3457333747579978,1.2944655418395996,0.4654071927070617,0.4806364522566135,1.113573670387268
Fancb,0.0095459204167127,0.0089489370584487,-0.0935993194580078,0.9888502385877284,0.4354878067970276,-0.0935993194580078,1.0,-0.1277685910463333,-0.0935993194580078,1.0,-0.1025769636034965
Gemin8,0.0257640220224857,0.0250843279063701,-0.0390639342367649,0.9888502385877284,0.456026166677475,-0.0390639342367649,1.0,-0.0828788876533508,-0.0390639342367649,1.0,-0.0691012889146804
Gpm6b,0.0021875365637242,0.008331025019288,1.933621883392334,0.9888502385877284,0.3702131807804107,1.933621883392334,0.2706290241405633,1.4721245765686035,1.933621883392334,0.3388629780412956,1.3773738145828247
Ofd1,0.0700574144721031,0.1019385308027267,0.5644168257713318,0.080226184463852,2.235170602798462,0.5644168257713318,0.0930273899388789,2.0585474967956543,0.5644168257713318,0.1819721705326444,1.7730350494384766
Trappc2,0.0741316974163055,0.0869011133909225,0.2386186420917511,0.3898366662885358,1.393471360206604,0.2386186420917511,0.555395567977549,0.8585634827613831,0.2386186420917511,0.6832027011037286,0.732501745223999
Rab9,0.1186744719743728,0.2335203886032104,1.0618127584457395,5.492595671550038e-07,5.399271965026856,1.0618127584457395,1.6956467541887556e-07,5.622012615203857,1.0618127584457395,6.118719994233957e-06,4.946101665496826
Tceanc,0.0403234772384166,0.0136972842738032,-1.5770232677459717,0.9888502385877284,-0.3140501081943512,-1.5770232677459717,0.003690766152177,-3.2776126861572266,-1.5770232677459717,0.041067468539139,-2.4812674522399902
Tmsb4x,4.874373912811279,5.597349166870117,1.0487382411956787,7.282067974052352e-173,28.26809501647949,1.0487382411956787,1.1921114329358452e-207,44.693824768066406,1.0487382411956787,2.2461491232367858e-194,40.07055282592773
Tlr8,0.0,0.0,0.0,0.9888502385877284,0.1005259156227111,0.0,1.0,0.0,0.0,1.0,0.0
Tlr7,0.0200716685503721,0.0152898663654923,-0.3960441946983337,0.9888502385877284,0.165800541639328,-0.3960441946983337,0.6661554921881886,-0.6912844777107239,-0.3960441946983337,0.7733026195944983,-0.5685551166534424
Prps2,0.2468180805444717,0.2099440544843673,-0.2610535025596618,0.9888502385877284,0.4129329621791839,-0.2610535025596618,0.2205131212067825,-1.5933839082717896,-0.2610535025596618,0.3707912692345755,-1.3126205205917358
Msl3,0.1299083679914474,0.1600876599550247,0.3236632347106933,0.0647771187448479,2.3298709392547607,0.3236632347106933,0.2423552437339574,1.536897897720337,0.3236632347106933,0.371108774412852,1.3119217157363892
Arhgap6,0.0033663867507129,0.0,-21.685199737548828,0.9994412017932364,0.0010455889860168,-21.685199737548828,0.1768387026406404,-1.7239500284194946,-21.685199737548828,0.4266131864207171,-1.208156704902649
Hccs,0.0988876372575759,0.2406736463308334,1.388385534286499,2.0761634707098965e-08,5.985175609588623,1.388385534286499,2.2087210050916809e-10,6.772317409515381,1.388385534286499,1.9180392836423757e-08,6.052005290985107
Mid1,0.0569103993475437,0.0458661839365959,-0.3192960917949676,0.8910527945654597,0.7110005021095276,-0.3192960917949676,0.4786553707103431,-0.9817671775817872,-0.3192960917949676,0.6523211895200853,-0.7964473366737366
Asmt,0.0,0.0019379240693524,20.88747978210449,0.9888502385877284,0.1678170263767242,20.88747978210449,0.4679991859106411,1.0,20.88747978210449,0.5282133287683867,1.0
Pex2,0.1148233190178871,0.204028382897377,0.8954111337661743,0.0001052727343199,4.293561935424805,0.8954111337661743,4.631440774505307e-05,4.450961589813232,0.8954111337661743,0.0005473029243557,3.8806076049804688
Gm8797,0.0256472919136285,0.0407442785799503,0.678741455078125,0.5025983836955352,1.2145262956619265,0.678741455078125,0.2292001322150913,1.570626974105835,0.678741455078125,0.3433704976782614,1.3674297332763672
Zc2hc1a,0.001019817776978,0.0020547930616885,1.011427640914917,0.9888502385877284,0.1345822364091873,1.011427640914917,0.8351862764121893,0.4511761665344238,1.011427640914917,0.8826152278267494,0.4110478162765503
Il7,0.0,0.0,0.0,0.9888502385877284,0.1005259156227111,0.0,1.0,0.0,0.0,1.0,0.0
Stmn2,0.0,0.0056691071949899,22.43878173828125,0.9888502385877284,0.2351081520318985,22.43878173828125,0.2976734957593339,1.4002567529678345,22.43878173828125,0.3296529771759773,1.4002567529678345
Hey1,0.0,0.0,0.0,0.9888502385877284,0.1005259156227111,0.0,1.0,0.0,0.0,1.0,0.0
Mrps28,0.2491072416305542,0.2447281330823898,-0.0288756005465984,0.6400589310414225,1.0237809419631958,-0.0288756005465984,1.0,-0.179005891084671,-0.0288756005465984,1.0,-0.1502734571695327
Tpd52,0.0988563597202301,0.0475498624145984,-1.0933537483215332,0.9888502385877284,-0.5755220651626587,-1.0933537483215332,0.0006824760910733,-3.7669310569763184,-1.0933537483215332,0.0119913897258503,-2.947761058807373
Zbtb10,0.0192572008818388,0.0010303737362846,-4.237327098846436,0.9888502385877284,-0.4302598834037781,-4.237327098846436,0.0005131240447402,-3.8480286598205566,-4.237327098846436,0.0221573466328977,-2.729792833328247
Zfp704,0.0016523587983101,0.0,-20.65728759765625,0.9888502385877284,0.0342056974768638,-20.65728759765625,0.3248388986037693,-1.3373194932937622,-20.65728759765625,0.5604959299648559,-0.9372032284736632
Pag1,0.4168981313705444,0.2999654114246368,-0.564275860786438,0.0819352326757027,-2.2253119945526123,-0.564275860786438,0.0002407168817125,-4.043884754180908,-0.564275860786438,0.0036693939253689,-3.334174633026123
Fabp5,0.0813747271895408,0.2365132421255111,1.6541403532028198,4.472819681475085e-08,5.852311134338379,1.6541403532028198,2.2691208536265502e-11,7.140792369842529,1.6541403532028198,1.35479935140291e-09,6.507562637329102
Gm9833,0.0008490878390148,0.0018272768938913,1.1064144372940063,0.9888502385877284,0.201798677444458,1.1064144372940063,0.7072618261601775,0.6329358220100403,1.1064144372940063,0.7849108789306123,0.5524204969406128
Fabp4,0.0,0.0,0.0,0.9888502385877284,0.1005259156227111,0.0,1.0,0.0,0.0,1.0,0.0
Impa1,0.219231441617012,0.4391249120235443,1.1694812774658203,1.120888272881563e-13,7.775372982025146,1.1694812774658203,3.3887027926381586e-15,8.352071762084961,1.1694812774658203,9.176513988336758e-12,7.281534194946289
Gm38303,0.0,0.0,0.0,0.9888502385877284,0.1005259156227111,0.0,1.0,0.0,0.0,1.0,0.0
Slc10a5,0.001280119176954,0.0,-20.28877067565918,0.9888502385877284,0.0673658028244972,-20.28877067565918,0.4679991859106411,-1.0,-20.28877067565918,0.6832027011037286,-0.7008072733879089
Zfand1,0.0828315466642379,0.1152813360095024,0.5007005929946899,0.0805339535563035,2.233004570007324,0.5007005929946899,0.0996506945092702,2.026679039001465,0.5007005929946899,0.1921688514414688,1.7423006296157837
Chmp4c,0.0,0.0,0.0,0.9888502385877284,0.1005259156227111,0.0,1.0,0.0,0.0,1.0,0.0
Snx16,0.0307618230581283,0.0428123399615287,0.485631376504898,0.678458404318319,0.9755344986915588,0.485631376504898,0.4016180117478176,1.1846702098846436,0.485631376504898,0.5282133287683867,1.0213876962661743
Ralyl,0.0,0.0018187096575275,20.79579734802246,0.9888502385877284,0.1678170263767242,20.79579734802246,0.4679991859106411,1.0,20.79579734802246,0.5282133287683867,1.0
Lrrcc1,0.1081696674227714,0.1478722244501114,0.4803050756454468,0.0555601398430226,2.3940253257751465,0.4803050756454468,0.0918661962144854,2.065297365188598,0.4803050756454468,0.178226942380607,1.7843955755233765
E2f5,0.0631949380040168,0.0301197189837694,-1.093144774436951,0.9888502385877284,-0.5678294897079468,-1.093144774436951,0.0079998989117383,-3.027027130126953,-1.093144774436951,0.0492196373493327,-2.403057813644409
Rbis,0.3484951555728912,0.4173872172832489,0.3131070733070373,0.0148559220580446,2.895684003829956,0.3131070733070373,0.0386425868448704,2.4447901248931885,0.3131070733070373,0.1061023343693503,2.0533342361450195
Car13,0.0,0.004069993738085,21.959531784057617,0.9888502385877284,0.3023992776870727,21.959531784057617,0.1814146673760793,1.7092797756195068,21.959531784057617,0.2031152622186826,1.7092797756195068
Car3,0.0,0.0,0.0,0.9888502385877284,0.1005259156227111,0.0,1.0,0.0,0.0,1.0,0.0
Car2,0.0310599412769079,0.0124785332009196,-1.3290588855743408,0.9888502385877284,-0.296797901391983,-1.3290588855743408,0.0707344963662153,-2.1839513778686523,-1.3290588855743408,0.196231917162576,-1.7297123670578003
Gm9733,0.0,0.0,0.0,0.9888502385877284,0.1005259156227111,0.0,1.0,0.0,0.0,1.0,0.0
Sirpb1a,0.0,0.0,0.0,0.9888502385877284,0.1005259156227111,0.0,1.0,0.0,0.0,1.0,0.0
Sirpb1b,0.0,0.0,0.0,0.9888502385877284,0.1005259156227111,0.0,1.0,0.0,0.0,1.0,0.0
Sirpb1c,0.0010559529764577,0.0,-20.01087760925293,0.9888502385877284,0.0673658028244972,-20.01087760925293,0.4679991859106411,-1.0,-20.01087760925293,0.6832027011037286,-0.7008072733879089
Gm5150,0.0,0.0012010501231998,20.196733474731445,0.9888502385877284,0.1678170263767242,20.196733474731445,0.4679991859106411,1.0,20.196733474731445,0.5282133287683867,1.0
Ythdf3,0.1994408071041107,0.2243881225585937,0.1886664628982544,0.110523518323037,2.0890121459960938,0.1886664628982544,0.4679991859106411,1.0706987380981443,0.1886664628982544,0.5805749672354176,0.9054550528526306
Armc1,0.181859016418457,0.2874594926834106,0.7396889925003052,1.2383929481500318e-05,4.776922702789307,0.7396889925003052,3.7936069208457234e-05,4.495975494384766,0.7396889925003052,0.0005646713382562,3.871986150741577
Mtfr1,0.0953474938869476,0.0709060579538345,-0.4451612532138824,0.9888502385877284,0.3332441449165344,-0.4451612532138824,0.1899185220488999,-1.6791324615478516,-0.4451612532138824,0.3421659969413366,-1.3701428174972534
Pde7a,0.5077120661735535,0.4875238239765167,-0.074303388595581,0.9994412017932364,-0.0112027395516633,-0.074303388595581,0.710497644136619,-0.6285974979400635,-0.074303388595581,0.8040519718310104,-0.5265011787414551
1700064H15Rik,0.0,0.0019852782133966,20.92234230041504,0.9888502385877284,0.1678170263767242,20.92234230041504,0.4679991859106411,1.0,20.92234230041504,0.5282133287683867,1.0
Cp,0.0,0.0,0.0,0.9888502385877284,0.1005259156227111,0.0,1.0,0.0,0.0,1.0,0.0
Hps3,0.2113199830055236,0.1543359011411667,-0.495712399482727,0.9452671725632862,-0.639452338218689,-0.495712399482727,0.0294146546862489,-2.5549049377441406,-0.495712399482727,0.0937751715268186,-2.112384080886841
Hltf,0.243885725736618,0.3116754293441772,0.40500009059906,0.0055850339119688,3.2174267768859863,0.40500009059906,0.029213274540552,2.5591328144073486,0.40500009059906,0.0786355997334302,2.194460391998291
Gyg,0.0934006571769714,0.3026005327701568,1.851791501045227,5.543932230770579e-15,8.157685279846191,1.851791501045227,4.734310064232184e-18,9.23746109008789,1.851791501045227,3.25062727075204e-15,8.399826049804688
Cpa3,0.0,0.0,0.0,0.9888502385877284,0.1005259156227111,0.0,1.0,0.0,0.0,1.0,0.0
Tbl1xr1,0.1998192965984344,0.3492307662963867,0.9181870818138124,1.2170055260735068e-07,5.676651954650879,0.9181870818138124,6.384669663694508e-08,5.800994396209717,0.9181870818138124,3.678585230313792e-06,5.052833080291748
Ect2,0.0072825108654797,0.0248857289552688,1.7855427265167236,0.5539864513838548,1.139691948890686,1.7855427265167236,0.0199776356171877,2.7079591751098637,1.7855427265167236,0.0419609909901975,2.4705076217651367
Nceh1,0.110160157084465,0.0890847966074943,-0.3218064904212951,0.9888502385877284,0.5841854810714722,-0.3218064904212951,0.336940961909522,-1.312435269355774,-0.3218064904212951,0.5040892263719894,-1.0752241611480713
Tnfsf10,0.0772257149219513,0.0741318389773368,-0.0612475909292697,0.9097579689873316,0.6856076121330261,-0.0612475909292697,1.0,-0.2121520936489105,-0.0612475909292697,1.0,-0.1784602999687194
Fndc3b,0.0054856529459357,0.0046964790672063,-0.2246534675359726,0.9888502385877284,0.2023961544036865,-0.2246534675359726,0.9933744789054896,-0.2256614118814468,-0.2246534675359726,1.0,-0.1829894185066223
Pld1,0.000954125309363,0.0,-19.86450958251953,0.9888502385877284,0.0673658028244972,-19.86450958251953,0.4679991859106411,-1.0,-19.86450958251953,0.6832027011037286,-0.7008072733879089
Tnik,0.5051632523536682,0.3605522215366363,-0.5983576774597168,0.0040582219670365,-3.315711975097656,-0.5983576774597168,1.5456965528328475e-05,-4.692534446716309,-0.5983576774597168,0.0005669951389422,-3.871842861175537
Slc2a2,0.0021741027012467,0.0,-21.05355834960937,0.9888502385877284,0.0342056974768638,-21.05355834960937,0.2945239034950411,-1.4090499877929688,-21.05355834960937,0.530209076476308,-0.9874724745750428
Eif5a2,0.013076951727271,0.0147557947784662,0.1754692941904068,0.9888502385877284,0.565738320350647,0.1754692941904068,0.9451397243317154,0.2944458425045013,0.1754692941904068,0.9914695293360716,0.244441881775856
Rpl22l1,2.496464490890503,2.168548583984375,-0.5242390632629395,8.61849986209731e-31,-11.830540657043455,-0.5242390632629395,1.593750328731765e-28,-11.77969741821289,-0.5242390632629395,1.6315983122385158e-21,-10.125822067260742
Actrt3,0.0011317688040435,0.0,-20.11096572875977,0.9888502385877284,0.0673658028244972,-20.11096572875977,0.4679991859106411,-1.0,-20.11096572875977,0.6832027011037286,-0.7008072733879089
Mynn,0.095474936068058,0.1164853423833847,0.3023781478404999,0.1547020150803018,1.9241825342178345,0.3023781478404999,0.3732537033731697,1.2390692234039309,0.3023781478404999,0.5175717798010706,1.0531197786331177
Lrrc34,0.0,0.0,0.0,0.9888502385877284,0.1005259156227111,0.0,1.0,0.0,0.0,1.0,0.0
Lrrc31,0.0,0.0,0.0,0.9888502385877284,0.1005259156227111,0.0,1.0,0.0,0.0,1.0,0.0
Sec62,0.6423220038414001,0.7820647954940796,0.396659106016159,0.0026933595818866,3.4396142959594727,0.396659106016159,0.0002982409448862,3.9908432960510254,0.396659106016159,0.0032857263908684,3.366914749145508
Gpr160,0.0056824013590812,0.0747548639774322,3.767754077911377,0.0084500597241291,3.0856823921203613,3.767754077911377,1.7480398229985284e-08,6.079279899597168,3.767754077911377,4.884421159290421e-08,5.921146869659424
Phc3,0.3023615181446075,0.3054564297199249,0.017037471756339,0.3415675390224936,1.4789109230041504,0.017037471756339,1.0,0.1174429506063461,0.017037471756339,1.0,0.0977735593914985
Prkci,0.0222176387906074,0.0046309549361467,-2.275038242340088,0.9888502385877284,-0.3645371198654175,-2.275038242340088,0.0065705052674114,-3.09273099899292,-2.275038242340088,0.0606731959433777,-2.3146417140960693
Skil,0.2780794501304626,0.0898862481117248,-1.769237399101257,0.0002637576095437,-4.0680131912231445,-1.769237399101257,5.360310451669482e-18,-9.082796096801758,-1.769237399101257,7.047383158408659e-11,-7.006053447723389
Slc7a14,0.0022669944446533,0.0080645736306905,1.8350026607513428,0.9888502385877284,0.3030714392662048,1.8350026607513428,0.3435992139795435,1.2999498844146729,1.8350026607513428,0.4215328261044576,1.2206655740737915
Zmat3,0.0418984778225421,0.0668216273188591,0.6915584206581116,0.2464898307808071,1.6726436614990234,0.6915584206581116,0.0999909142186336,2.0250701904296875,0.6915584206581116,0.1827599368462464,1.770561933517456
Pik3ca,0.2507707178592682,0.2646689116954803,0.0882754847407341,0.1851090992748753,1.8303781747817995,0.0882754847407341,0.7654095037231387,0.5509763360023499,0.0882754847407341,0.8469811454571334,0.4619690775871277
Kcnmb3,0.0,0.0,0.0,0.9888502385877284,0.1005259156227111,0.0,1.0,0.0,0.0,1.0,0.0
Zfp639,0.1832052618265152,0.16021728515625,-0.2104878276586532,0.810204621539686,0.8069706559181213,-0.2104878276586532,0.4523993967365958,-1.0985167026519775,-0.2104878276586532,0.5763807160453885,-0.9118293523788452
Mfn1,0.0542032420635223,0.0544843189418315,0.0076665501110255,0.8002929732080518,0.8190696239471436,0.0076665501110255,1.0,0.0233748499304056,0.0076665501110255,1.0,0.0194554906338453
Gnb4,0.0337465219199657,0.048093345016241,0.5215180516242981,0.5050344296644377,1.2101198434829712,0.5215180516242981,0.3537477564856513,1.2779672145843506,0.5215180516242981,0.48534490594129,1.1055810451507568
Actl6a,0.3238434493541717,0.4685302376747131,0.6440883278846741,5.291343188569889e-06,4.952357769012451,0.6440883278846741,3.453574118284166e-06,5.020035266876221,0.6440883278846741,0.0001093503019494,4.292481422424316
Mrpl47,0.0578099526464939,0.0983620285987854,0.7964166402816772,0.0364993690650411,2.5631866455078125,0.7964166402816772,0.0170993476512248,2.7640697956085205,0.7964166402816772,0.0479221042732113,2.4141504764556885
Ndufb5,0.8797746896743774,1.1469707489013672,0.6073642373085022,3.302369426632467e-10,6.6519622802734375,0.6073642373085022,4.379565243983093e-13,7.665145397186279,0.6073642373085022,2.0741140264141203e-09,6.431118965148926
Ttc14,0.7006912231445312,0.7950562834739685,0.2587541937828064,0.1767965148742344,1.854874849319458,0.2587541937828064,0.0208355118170666,2.6893105506896973,0.2587541937828064,0.0712341724462475,2.240789890289306
Ccdc39,0.0011358141200616,0.003781208069995,1.73702871799469,0.9888502385877284,0.201798677444458,1.73702871799469,0.5216585295276757,0.911508321762085,1.73702871799469,0.6181498170264128,0.846790611743927
Fxr1,0.2768714129924774,0.3256723582744598,0.2711724638938904,0.0427485525810882,2.501795768737793,0.2711724638938904,0.1479377381220731,1.824551343917847,0.2711724638938904,0.2645387742044696,1.547260880470276
Dnajc19,0.4132092893123626,0.5279572010040283,0.442789077758789,0.0028548225580692,3.4218392372131348,0.442789077758789,0.0005346869129486,3.8375537395477295,0.442789077758789,0.0046507479699567,3.2590317726135254
Atp11b,0.9158155918121338,0.6027904152870178,-0.8574934005737305,3.073713437726106e-15,-8.23012924194336,-0.8574934005737305,2.4041067337149746e-17,-8.927313804626465,-0.8574934005737305,7.727355496026359e-12,-7.316156387329102
Dcun1d1,0.1990929394960403,0.2214148789644241,0.1699757874011993,0.1090020479946225,2.09491229057312,0.1699757874011993,0.4717981499977629,0.992562174797058,0.1699757874011993,0.6258052425269304,0.8353012204170227
Mccc1,0.0595864169299602,0.0353467874228954,-0.7710280418395996,0.9888502385877284,-0.1805134713649749,-0.7710280418395996,0.0739356259695858,-2.1634275913238525,-0.7710280418395996,0.194502829978531,-1.7357184886932373
Acad9,0.1005309894680976,0.0834075883030891,-0.2819311618804931,0.9285918021506456,0.6605135202407837,-0.2819311618804931,0.4402771763977956,-1.1187667846679688,-0.2819311618804931,0.5736550246103185,-0.9160111546516418
Zfp267,0.0183612611144781,0.0086269369348883,-1.0967822074890137,0.9888502385877284,-0.0971650928258895,-1.0967822074890137,0.2351883235057173,-1.5546540021896362,-1.0967822074890137,0.4136813335220942,-1.2348328828811646
Anxa5,0.2992904782295227,0.5343753099441528,1.0176290273666382,1.5636820968790597e-12,7.425474166870117,1.0176290273666382,7.09205810044643e-14,7.936741352081299,1.0176290273666382,1.4666603218151792e-10,6.858386516571045
1810062G17Rik,0.004621151369065,0.007154902908951,0.632509171962738,0.9888502385877284,0.2364524751901626,0.632509171962738,0.7839518239721078,0.5245242118835449,0.632509171962738,0.8413495531310793,0.4716472327709198
Exosc9,0.136876106262207,0.1708973497152328,0.3454298377037048,0.0267197109057646,2.6820850372314453,0.3454298377037048,0.1705415014294076,1.7478939294815063,0.3454298377037048,0.2935014142012312,1.4815019369125366
Ccna2,0.0433058328926563,0.0946485996246337,1.165481448173523,0.0527601266638512,2.4148623943328857,1.165481448173523,0.0021771080714463,3.4449524879455566,1.165481448173523,0.0075265164107532,3.103102922439575
Bbs7,0.005817559082061,0.0,-22.47618103027344,0.9888502385877284,-0.0984347313642501,-22.47618103027344,0.0496243965013618,-2.3420653343200684,-22.47618103027344,0.2273993092384167,-1.6413363218307495
4932438A13Rik,0.6182394623756409,0.5326253771781921,-0.2826921343803406,0.0631497925473094,-2.3404016494750977,-0.2826921343803406,0.0298032033229128,-2.550331354141236,-0.2826921343803406,0.091492241717995,-2.124354362487793
Adad1,0.0,0.0,0.0,0.9888502385877284,0.1005259156227111,0.0,1.0,0.0,0.0,1.0,0.0
Il2,0.009152996353805,0.0140798967331647,0.6248818635940552,0.9888502385877284,0.5690244436264038,0.6248818635940552,0.5301856120865513,0.8972700238227844,0.6248818635940552,0.6713939495052702,0.7689619660377502
Il21,0.0012321969261392,0.0209036879241466,4.098668098449707,0.7548176793525896,0.874261736869812,4.098668098449707,0.0078333003218603,3.044802665710449,4.098668098449707,0.010739549726811,2.9889976978302
Cetn4,0.0033928246702998,0.0272503402084112,3.0229685306549072,0.5524837084783368,1.1420818567276,3.0229685306549072,0.002947078812143,3.358456611633301,3.0229685306549072,0.005117169509193,3.233506679534912
Bbs12,0.0057996050454676,0.0164297223091125,1.5099636316299438,0.868163768046772,0.7380364537239075,1.5099636316299438,0.1249651226444761,1.913507580757141,1.5099636316299438,0.1965905334201402,1.7283058166503906
Fgf2,0.002074969233945,0.0,-20.986156463623047,0.9888502385877284,0.0342056974768638,-20.986156463623047,0.2948387671894117,-1.4076547622680664,-20.986156463623047,0.5305707936699021,-0.9864947199821472
Nudt6,0.0819112882018089,0.0603521540760993,-0.4563930630683899,0.9888502385877284,0.2112089693546295,-0.4563930630683899,0.2257284143956219,-1.5795413255691528,-0.4563930630683899,0.380261355197552,-1.2943589687347412
Spata5,0.0743917450308799,0.1747626364231109,1.3060873746871948,6.156666590879094e-05,4.420526027679443,1.3060873746871948,4.81940974713135e-07,5.426999092102051,1.3060873746871948,9.63801918889724e-06,4.850375652313232
Spry1,0.0070226197130978,0.020995482802391,1.5901004076004028,0.9888502385877284,0.5405694842338562,1.5901004076004028,0.128885472390215,1.898486852645874,1.5901004076004028,0.1820629354115529,1.7731335163116455
Gm5148,0.0010676919482648,0.0030119542498141,1.4976065158843994,0.9888502385877284,0.201798677444458,1.4976065158843994,0.5871109494081491,0.809813380241394,1.4976065158843994,0.6832027011037286,0.7377476692199707
Ankrd50,0.0274662598967552,0.0536605641245842,0.9852246642112732,0.2460086050950393,1.6738386154174805,0.9852246642112732,0.0408279272505471,2.423384666442871,0.9852246642112732,0.0877280005646725,2.143641471862793
Intu,0.0029178643599152,0.0041338708251714,0.5034580230712891,0.9888502385877284,0.2026948928833007,0.5034580230712891,0.8757595115255532,0.394443154335022,0.5034580230712891,0.9325067658037,0.3354448080062866
Hspa4l,0.0945583209395408,0.2229053974151611,1.3321861028671265,6.767655533791974e-07,5.359763622283936,1.3321861028671265,4.110444465721824e-08,5.890360355377197,1.3321861028671265,1.1982741123223635e-06,5.282996654510498
Plk4,0.0455549471080303,0.1702070832252502,1.99314546585083,3.594582554571518e-07,5.478662014007568,1.99314546585083,9.054910991054908e-12,7.287580490112305,1.99314546585083,4.0589803311533877e-10,6.710822582244873
Mfsd8,0.0605587437748909,0.0588422119617462,-0.0427342429757118,0.9182372618887672,0.6763467192649841,-0.0427342429757118,1.0,-0.1347474753856659,-0.0427342429757118,1.0,-0.1124488338828086
Abhd18,0.1166701391339302,0.0935264900326728,-0.3359753489494324,0.9888502385877284,0.1535522043704986,-0.3359753489494324,0.3336369601842879,-1.319569110870361,-0.3359753489494324,0.492611713123818,-1.0939406156539917
1700034I23Rik,0.0,0.0,0.0,0.9888502385877284,0.1005259156227111,0.0,1.0,0.0,0.0,1.0,0.0
Larp1b,0.0921594426035881,0.1302046924829483,0.5265299081802368,0.0344742733548959,2.585965633392334,0.5265299081802368,0.0626675178438892,2.240229368209839,0.5265299081802368,0.1356249671459621,1.9278467893600464
Pgrmc2,0.083577886223793,0.137393981218338,0.7566606402397156,0.0037323335198605,3.341254234313965,0.7566606402397156,0.0046624505724178,3.20822811126709,0.7566606402397156,0.0191586034111402,2.7778453826904297
Jade1,0.1397689878940582,0.1047822386026382,-0.441401869058609,0.9888502385877284,-0.0451096966862678,-0.441401869058609,0.1118671526605132,-1.967574000358581,-0.441401869058609,0.2367373500580632,-1.61692476272583
Sclt1,0.0702561438083648,0.0751277431845665,0.1002779677510261,0.599246436644079,1.0787490606307983,0.1002779677510261,0.910651489201762,0.3439675271511078,0.1002779677510261,0.9621297219425496,0.289853572845459
D3Ertd751e,0.0553364567458629,0.0381881259381771,-0.5475723743438721,0.9888502385877284,0.3579648733139038,-0.5475723743438721,0.2130791834801265,-1.612431526184082,-0.5475723743438721,0.383603603649191,-1.2884858846664429
Pcdh10,0.0,0.0,0.0,0.9888502385877284,0.1005259156227111,0.0,1.0,0.0,0.0,1.0,0.0
Slc7a11,0.0,0.0,0.0,0.9888502385877284,0.1005259156227111,0.0,1.0,0.0,0.0,1.0,0.0
Noct,0.0630963295698165,0.0753305628895759,0.2646061480045318,0.2004323267978045,1.787658452987671,0.2646061480045318,0.5152586606471528,0.9217590093612672,0.2646061480045318,0.6655177951518526,0.7776821255683899
Elf2,0.3907351493835449,0.3435233831405639,-0.2219178229570388,0.9888502385877284,-0.3716321885585785,-0.2219178229570388,0.1968048945768925,-1.6581082344055176,-0.2219178229570388,0.3404763895593542,-1.3737879991531372
Mgarp,0.0,0.0027977798599749,21.417869567871094,0.9888502385877284,0.2351081520318985,21.417869567871094,0.3275705611606771,1.33268940448761,21.417869567871094,0.3608963778821242,1.33268940448761
Ndufc1,0.5139480233192444,0.6631088852882385,0.4857126474380493,0.0004124001535367,3.9553885459899902,0.4857126474380493,3.928195907324216e-05,4.485161304473877,0.4857126474380493,0.0007658886815122,3.789363384246826
Naa15,0.4275657534599304,0.4183450043201446,-0.0385718643665313,0.9888502385877284,0.3066563010215759,-0.0385718643665313,0.9384660955106476,-0.3042103052139282,-0.0385718643665313,0.9856121797710968,-0.25420743227005
Rab33b,0.0710933059453964,0.0722436308860778,0.0239962991327047,0.8767746676198263,0.7272818088531494,0.0239962991327047,1.0,0.0782366767525672,0.0239962991327047,1.0,0.0667550489306449
Setd7,0.2464623004198074,0.1273751854896545,-1.040860295295715,0.0526669444286919,-2.4158334732055664,-1.040860295295715,2.037627425988974e-07,-5.567214488983154,-1.040860295295715,5.634619377387638e-05,-4.456290245056152
Mgst2,0.3611138164997101,0.2120673954486847,-0.8805733323097229,0.0090805536714123,-3.0626795291900635,-0.8805733323097229,2.120028307029841e-07,-5.562181949615479,-0.8805733323097229,4.055103637836488e-05,-4.532467842102051
Maml3,0.0776486992835998,0.0077497414313256,-3.375521659851074,0.1973104852144529,-1.79602313041687,-3.375521659851074,1.1982993138370384e-10,-6.828184127807617,-3.375521659851074,5.813190397018792e-06,-4.981369495391846
Foxo1,0.652948796749115,0.2450948655605316,-1.7297626733779907,6.39743946925346e-22,-9.94183349609375,-1.7297626733779907,8.925116698467515e-41,-14.13152313232422,-1.7297626733779907,4.188882850080055e-25,-11.107426643371582
Cog6,0.0526650212705135,0.0743113309144973,0.5125168561935425,0.3465349679073328,1.4703221321105957,0.5125168561935425,0.2062404145518827,1.6315613985061646,0.5125168561935425,0.3265605158572993,1.4066123962402344
Lhfp,0.0003030791413038,0.0,-18.20955848693848,0.9888502385877284,0.0673658028244972,-18.20955848693848,0.4679991859106411,-1.0,-18.20955848693848,0.6832027011037286,-0.7008072733879089
Nhlrc3,0.0624679736793041,0.0722653120756149,0.2173333913087844,0.5450326544580044,1.153359293937683,0.2173333913087844,0.6684830984996964,0.6875825524330139,0.2173333913087844,0.761208229293692,0.5860699415206909
Proser1,0.115280695259571,0.1742514371871948,0.6395843029022217,0.0048188957848834,3.262835025787353,0.6395843029022217,0.0079773204563633,3.030758857727051,0.6395843029022217,0.0292182579485452,2.6167988777160645
Ufm1,0.251995712518692,0.4656402468681335,1.0491232872009275,1.4211345943769115e-11,7.117249488830566,1.0491232872009275,4.449431694160439e-13,7.685131549835205,1.0491232872009275,4.4508719336541224e-10,6.681900501251221
Supt20,0.3237025141716003,0.4293104112148285,0.4883013963699341,0.0002640792975411,4.067639827728272,0.4883013963699341,0.0008330956939743,3.7158901691436768,0.4883013963699341,0.0066910205701994,3.1418089866638184
Gm21958,0.0,0.0,0.0,0.9888502385877284,0.1005259156227111,0.0,1.0,0.0,0.0,1.0,0.0
Exosc8,0.4415028691291809,0.5701421499252319,0.469481498003006,0.0018935878344079,3.5423061847686768,0.469481498003006,0.0002550947947062,4.031925678253174,0.469481498003006,0.0025935494858101,3.4384982585906982
Alg5,0.2991546094417572,0.4584841132164001,0.7381507754325867,1.0525739127751335e-06,5.275146007537842,0.7381507754325867,1.0318268472215939e-07,5.708130836486816,0.7381507754325867,7.713789953980735e-06,4.896628379821777
Rfxap,0.2198668122291565,0.3249505460262298,0.642829179763794,4.731496883097245e-05,4.480423450469971,0.642829179763794,0.0001381810146896,4.188069820404053,0.642829179763794,0.0014612367997909,3.607730388641357
Spg20,0.0807265415787696,0.0717767253518104,-0.1760649979114532,0.8411116861681794,0.7695534825325012,-0.1760649979114532,0.7108546229327469,-0.6280979514122009,-0.1760649979114532,0.8106620553156945,-0.5163108110427856
Ccdc169,0.0,0.0,0.0,0.9888502385877284,0.1005259156227111,0.0,1.0,0.0,0.0,1.0,0.0
Dclk1,0.0,0.0013396939029917,20.35443878173828,0.9888502385877284,0.1678170263767242,20.35443878173828,0.4679991859106411,1.0,20.35443878173828,0.5282133287683867,1.0
Nbea,0.0,0.0,0.0,0.9888502385877284,0.1005259156227111,0.0,1.0,0.0,0.0,1.0,0.0
Commd2,0.2331266403198242,0.4297766387462616,1.032146692276001,4.0307270311630365e-11,6.966609954833984,1.032146692276001,2.467380785453465e-12,7.43902587890625,1.032146692276001,1.779868146688483e-09,6.454215049743652
Rnf13,0.1468524783849716,0.135964959859848,-0.119171105325222,0.769374299628461,0.8560386300086975,-0.119171105325222,0.7546892717970524,-0.5671866536140442,-0.119171105325222,0.8397237648311333,-0.4741199314594269
Pfn2,0.0110780922695994,0.0073099033907055,-0.602507472038269,0.9888502385877284,0.1681904643774032,-0.602507472038269,0.6010354612299942,-0.7884623408317566,-0.602507472038269,0.7297422538362941,-0.6324449181556702
Tsc22d2,0.2268154174089431,0.1768358647823333,-0.3963722586631775,0.9888502385877284,-0.1782729178667068,-0.3963722586631775,0.0677527445366986,-2.203286409378052,-0.3963722586631775,0.169529439927952,-1.8114383220672607
Serp1,0.3966023921966553,0.6133248805999756,0.7983890175819397,1.1500247374322754e-08,6.084356784820557,0.7983890175819397,2.3854678449846025e-10,6.7410888671875,0.7983890175819397,7.925616441064908e-08,5.797482013702393
Eif2a,0.2835796177387237,0.3609588146209717,0.4068906009197235,0.0017111767177273,3.5713586807250977,0.4068906009197235,0.0139595729634213,2.837172031402588,0.4068906009197235,0.0477944328077248,2.415214776992798
Selenot,0.4213722348213196,0.4182451963424682,-0.0131592340767383,0.9888502385877284,0.5558798909187317,-0.0131592340767383,1.0,-0.1067157238721847,-0.0131592340767383,1.0,-0.0887884050607681
Erich6,0.0,0.0,0.0,0.9888502385877284,0.1005259156227111,0.0,1.0,0.0,0.0,1.0,0.0
Siah2,0.0909672081470489,0.216593712568283,1.3445144891738892,8.37486525356156e-07,5.318911075592041,1.3445144891738892,1.7506701274321192e-08,6.04252290725708,1.3445144891738892,5.983422477035683e-07,5.419145107269287
Med12l,0.0005408413126133,0.0555861853063106,6.723267078399658,0.0516390782858785,2.4242727756500244,6.723267078399658,1.5772404367427114e-07,5.681239604949951,6.723267078399658,2.052873901257497e-07,5.672091007232666
Gpr171,0.2273543626070022,0.6614018678665161,1.8767787218093872,2.0337640174330246e-33,12.334962844848633,1.8767787218093872,2.4439622171207457e-37,13.84968376159668,1.8767787218093872,3.524628077877304e-31,12.43876838684082
P2ry14,0.008667055517435,0.0262362826615571,1.6106597185134888,0.75753280891461,0.8705275058746338,1.6106597185134888,0.0509747051817211,2.331589460372925,1.6106597185134888,0.0902883615360506,2.1308043003082275
Gpr87,0.0,0.0,0.0,0.9888502385877284,0.1005259156227111,0.0,1.0,0.0,0.0,1.0,0.0
P2ry13,0.0,0.0016328648198395,20.640151977539062,0.9888502385877284,0.1678170263767242,20.640151977539062,0.4679991859106411,1.0,20.640151977539062,0.5282133287683867,1.0
P2ry12,0.0011010892922058,0.0480764545500278,5.4823503494262695,0.1282517515947025,2.017389297485352,5.4823503494262695,3.11716375648897e-06,5.078571796417236,5.4823503494262695,4.543676632463667e-06,5.041694641113281
Igsf10,0.0,0.0,0.0,0.9888502385877284,0.1005259156227111,0.0,1.0,0.0,0.0,1.0,0.0
Mbnl1,2.0760223865509038,1.9511258602142332,-0.2079784423112869,7.853079495616063e-07,-5.331308841705322,-0.2079784423112869,0.0001010785645307,-4.261800289154053,-0.2079784423112869,0.0016130087946367,-3.579411745071411
P2ry1,0.0011220382293686,0.0,-20.098501205444336,0.9888502385877284,0.0673658028244972,-20.098501205444336,0.4679991859106411,-1.0,-20.098501205444336,0.6832027011037286,-0.7008072733879089
Rap2b,0.2455611675977707,0.2715380787849426,0.1646171361207962,0.126182780521772,2.026052713394165,0.1646171361207962,0.4679991859106411,1.0402731895446775,0.1646171361207962,0.5968063764042482,0.8801449537277222
B430305J03Rik,0.0019795519765466,0.0024467962794005,0.3060572147369385,0.9888502385877284,0.1684892028570175,0.3060572147369385,1.0,0.2091283500194549,0.3060572147369385,1.0,0.1759041249752044
Arhgef26,0.0010295757092535,0.0,-19.974363327026367,0.9888502385877284,0.0673658028244972,-19.974363327026367,0.4679991859106411,-1.0,-19.974363327026367,0.6832027011037286,-0.7008072733879089
Dhx36,0.5729724764823914,0.531516969203949,-0.1409922391176223,0.5241055155468308,-1.1845029592514038,-0.1409922391176223,0.3654415703346315,-1.254688739776611,-0.1409922391176223,0.5190506226776571,-1.051017999649048
Plch1,0.0,0.0,0.0,0.9888502385877284,0.1005259156227111,0.0,1.0,0.0,0.0,1.0,0.0
E130311K13Rik,0.0456060841679573,0.0428870916366577,-0.0906587243080139,0.9888502385877284,0.5655142664909363,-0.0906587243080139,0.9820373487456652,-0.2423694878816604,-0.0906587243080139,1.0,-0.2024661749601364
Slc33a1,0.0580588616430759,0.0967974886298179,0.7657577991485596,0.0395765889213632,2.5317444801330566,0.7657577991485596,0.0193645624383617,2.717420816421509,0.7657577991485596,0.0554517784742458,2.3512656688690186
Gmps,0.2824434041976928,0.4685836732387543,0.8729990720748901,7.2551208124067694e-09,6.161880016326904,0.8729990720748901,3.985308754687575e-10,6.660548210144043,0.8729990720748901,1.1120397748490649e-07,5.735072612762451
Vmn2r1,0.0010564953554421,0.0,-20.01161766052246,0.9888502385877284,0.0673658028244972,-20.01161766052246,0.4679991859106411,-1.0,-20.01161766052246,0.6832027011037286,-0.7008072733879089
Vmn2r3,0.0,0.0,0.0,0.9888502385877284,0.1005259156227111,0.0,1.0,0.0,0.0,1.0,0.0
Vmn2r4,0.0,0.0011592789087444,20.14563369750977,0.9888502385877284,0.1678170263767242,20.14563369750977,0.4679991859106411,1.0,20.14563369750977,0.5282133287683867,1.0
Kcnab1,0.0063793566077947,0.0068993880413472,0.1134330481290817,0.9888502385877284,0.2693138420581817,0.1134330481290817,1.0,0.1204303279519081,0.1134330481290817,1.0,0.0997421965003013
Ssr3,0.3178997635841369,0.5372841954231262,0.9266074895858764,4.938344441632572e-11,6.936885356903076,0.9266074895858764,7.633838274200897e-12,7.270325660705566,0.9266074895858764,5.1167116045743554e-09,6.2763991355896
Tiparp,0.1235397830605506,0.1348709166049957,0.1349531263113021,0.2280313299410051,1.7164089679718018,0.1349531263113021,0.726814438178052,0.6049112677574158,0.1349531263113021,0.8153912383283347,0.5083571672439575
Lekr1,0.001035984721966,0.004559607245028,2.140448570251465,0.9888502385877284,0.3362315595149994,2.140448570251465,0.3419799152018082,1.303192377090454,2.140448570251465,0.4247033279437463,1.2141205072402954
Ccnl1,0.7750922441482544,0.7571619749069214,-0.0483353696763515,0.6390812250183573,-1.0250506401062012,-0.0483353696763515,0.8043222280187367,-0.495930403470993,-0.0483353696763515,0.8803696103569795,-0.4141687750816345
Rsrc1,0.2922815978527069,0.2969190776348114,0.0262199733406305,0.3471928626573327,1.46905255317688,0.0262199733406305,1.0,0.1775329113006591,0.0262199733406305,1.0,0.1482187956571579
Mlf1,0.0011410432634875,0.0069218957796692,2.604985475540161,0.9888502385877284,0.5378808379173279,2.604985475540161,0.116434985579183,1.9499876499176023,2.604985475540161,0.1683542092610025,1.815616250038147
Gfm1,0.0803820267319679,0.1296870708465576,0.7262786626815796,0.0101578840693045,3.025187730789185,0.7262786626815796,0.0102651875681841,2.9457836151123047,0.7262786626815796,0.0347372653043633,2.549053192138672
Lxn,0.0068075875751674,0.1188638508319854,4.207700252532959,1.1758052195047272e-05,4.7878265380859375,4.207700252532959,8.02346575839695e-14,8.038113594055176,4.207700252532959,2.791587077634191e-13,7.87777853012085
Mfsd1,0.0742740556597709,0.1464603692293167,1.0326091051101685,0.0009672039495289,3.729840040206909,1.0326091051101685,0.0001536392416169,4.164296627044678,1.0326091051101685,0.001188239280019,3.6676533222198486
Il12a,0.0005408413126133,0.0,-19.045238494873047,0.9888502385877284,0.0673658028244972,-19.045238494873047,0.4679991859106411,-1.0,-19.045238494873047,0.6832027011037286,-0.7008072733879089
1110032F04Rik,0.003513240488246,0.0,-21.746906280517575,0.9994412017932364,0.0010455889860168,-21.746906280517575,0.1768289723941412,-1.7241642475128174,-21.746906280517575,0.4266081748702066,-1.208306908607483
Ift80,0.2575975656509399,0.0313478037714958,-3.205815076828003,4.699147443212571e-07,-5.428922176361084,-3.205815076828003,3.671400286427122e-31,-12.24298858642578,-3.205815076828003,8.969882301700043e-17,-8.972298622131348
Smc4,1.3370654582977295,0.7141206860542297,-1.4295722246170044,8.284598776184871e-40,-13.482571601867676,-1.4295722246170044,2.241177718026384e-46,-15.267849922180176,-1.4295722246170044,1.2545849508089662e-31,-12.548019409179688
Trim59,0.2892798781394958,0.1821521371603012,-0.7476315498352051,0.4195598626912168,-1.3441792726516724,-0.7476315498352051,3.758518267251039e-05,-4.490954875946045,-0.7476315498352051,0.0014735624481389,-3.607401132583618
Kpna4,0.4813963770866394,0.5785782337188721,0.3415516316890716,0.0394861218471185,2.532715320587158,0.3415516316890716,0.0086625563771649,3.002638339996338,0.3415516316890716,0.0359831854907414,2.5347397327423096
Ppm1l,0.0242923814803361,0.0045860637910664,-2.419424772262573,0.9888502385877284,-0.3640890121459961,-2.419424772262573,0.0050780630698973,-3.178187131881714,-2.419424772262573,0.0539175693256781,-2.365742921829224
Nmd3,0.216786727309227,0.2995481491088867,0.5287770628929138,0.0008251332412641,3.772559642791748,0.5287770628929138,0.0026464639978292,3.3830065727233887,0.5287770628929138,0.0140412274288238,2.8899717330932617
Wdr49,0.0036757660564035,0.0035805194638669,-0.0379448905587196,0.9888502385877284,0.0685607641935348,-0.0379448905587196,1.0,-0.0228864829987287,-0.0379448905587196,1.0,-0.020314997062087
Pdcd10,0.7818730473518372,1.032201051712036,0.6082153916358948,1.4597342419529706e-08,6.044400691986084,0.6082153916358948,1.7763835285110973e-12,7.462778568267822,0.6082153916358948,8.026114054435148e-09,6.20305871963501
Serpini1,0.0982165560126304,0.067682608962059,-0.559511125087738,0.9888502385877284,-0.1660992801189422,-0.559511125087738,0.0924203906968195,-2.061511993408203,-0.559511125087738,0.2123382474991559,-1.6809831857681274
Golim4,0.1133279502391815,0.1288605630397796,0.196737602353096,0.4294379546054744,1.329018235206604,0.196737602353096,0.5725305889525345,0.8320767879486084,0.196737602353096,0.6832027011037286,0.7114092111587524
Rapgef2,0.1183528378605842,0.1276133805513382,0.115502543747425,0.4370436958868001,1.317143440246582,0.115502543747425,0.7958858814526872,0.5076820850372314,0.115502543747425,0.8703793210435591,0.4285837411880493
Fnip2,0.0,0.0052712801843881,22.333526611328125,0.9888502385877284,0.3023992776870727,22.333526611328125,0.175399915118669,1.7312577962875366,22.333526611328125,0.196231917162576,1.7312577962875366
Ppid,0.2848780155181885,0.2371825128793716,-0.3002468943595886,0.9888502385877284,-0.197989746928215,-0.3002468943595886,0.1162945411947612,-1.9488221406936648,-0.3002468943595886,0.2386245710462625,-1.6119495630264282
Etfdh,0.1037067621946334,0.1251252889633178,0.2866080403327942,0.1572215099297481,1.9152950048446653,0.2866080403327942,0.3988512588877256,1.1898869276046753,0.2866080403327942,0.5282133287683867,1.0163038969039917
4930579G24Rik,0.0266712345182895,0.0842028111219406,1.7004674673080444,0.0093452433668807,3.0530452728271484,1.7004674673080444,1.8372309123370547e-05,4.670455932617188,1.7004674673080444,0.0001238108232582,4.264588356018066
Tmem144,0.004924857057631,0.0,-22.235204696655277,0.9888502385877284,-0.0321145206689834,-22.235204696655277,0.1059194961161298,-1.99566662311554,-22.235204696655277,0.3300807793251876,-1.3985776901245115
Gria2,0.0,0.0,0.0,0.9888502385877284,0.1005259156227111,0.0,1.0,0.0,0.0,1.0,0.0
Ctso,0.2405347526073455,0.1983456015586853,-0.309774100780487,0.9994412017932364,0.0108293145895004,-0.309774100780487,0.149799649786071,-1.8178013563156128,-0.309774100780487,0.283211476809319,-1.5044089555740356
Tdo2,0.0036742670927196,0.0,-21.811676025390625,0.9994412017932364,0.0010455889860168,-21.811676025390625,0.1750422520893373,-1.7330642938613892,-21.811676025390625,0.4247033279437463,-1.2145440578460691
Gucy1b1,0.0,0.0,0.0,0.9888502385877284,0.1005259156227111,0.0,1.0,0.0,0.0,1.0,0.0
Gucy1a1,0.0013936671894043,0.0,-20.411460876464844,0.9888502385877284,0.0673658028244972,-20.411460876464844,0.4679991859106411,-1.0,-20.411460876464844,0.6832027011037286,-0.7008072733879089
Map9,0.0022360286675393,0.0036852024495601,0.7218506932258606,0.9888502385877284,0.1686385720968246,0.7218506932258606,0.8218253693078155,0.4706531465053558,0.7218506932258606,0.8800523774661088,0.4146657586097717
Plrg1,0.0799148678779602,0.09368247538805,0.2393902689218521,0.2125497942159827,1.7552452087402344,0.2393902689218521,0.5072951735344233,0.934348165988922,0.2393902689218521,0.6597659798017204,0.7864658832550049
Tlr2,0.0080606313422322,0.001727731199935,-2.2265853881835938,0.9888502385877284,-0.0648265182971954,-2.2265853881835938,0.1548078459651746,-1.7991633415222168,-2.2265853881835938,0.3539295202012896,-1.3460792303085327
Tmem131l,0.3208756446838379,0.2198240011930465,-0.6218390464782715,0.1210108025498829,-2.04659104347229,-0.6218390464782715,0.0002343331317993,-4.050095558166504,-0.6218390464782715,0.0039539104228604,-3.310559034347534
Mnd1,0.0,0.0171521846204996,24.044279098510746,0.6260582279895978,1.0426015853881836,24.044279098510746,0.0015228064455136,3.559492588043213,24.044279098510746,0.0018062905103176,3.559492588043213
Trim2,0.0215675886720418,0.0053827622905373,-2.0141470432281494,0.9888502385877284,-0.3625953197479248,-2.0141470432281494,0.0159400780928174,-2.787058115005493,-2.0141470432281494,0.0907121915088407,-2.129626035690308
Gm6525,0.0,0.0,0.0,0.9888502385877284,0.1005259156227111,0.0,1.0,0.0,0.0,1.0,0.0
Fhdc1,0.0,0.0,0.0,0.9888502385877284,0.1005259156227111,0.0,1.0,0.0,0.0,1.0,0.0
Arfip1,0.0693727880716323,0.1137624904513359,0.7460921406745911,0.0254594027830603,2.700308322906494,0.7460921406745911,0.0148911713204736,2.8147060871124268,0.7460921406745911,0.0441450078861146,2.449397087097168
Tigd4,0.0,0.0,0.0,0.9888502385877284,0.1005259156227111,0.0,1.0,0.0,0.0,1.0,0.0
Tmem154,0.0416619442403316,0.1494892388582229,1.9222590923309328,3.772801701040059e-05,4.531209468841553,1.9222590923309328,5.6425834866605364e-09,6.25482177734375,1.9222590923309328,8.350158368549472e-08,5.799077033996582
Fbxw7,0.1844905912876129,0.2411728054285049,0.4288569986820221,0.0104973300027452,3.014134407043457,0.4288569986820221,0.03884636720328,2.4429497718811035,0.4288569986820221,0.0985794224087385,2.08849835395813
Gatb,0.0288306474685668,0.0211394857615232,-0.4532339572906494,0.9888502385877284,0.1248731985688209,-0.4532339572906494,0.5137410148978475,-0.9239898324012756,-0.4532339572906494,0.6800736908197408,-0.7559490203857422
Fam160a1,0.0,0.0,0.0,0.9888502385877284,0.1005259156227111,0.0,1.0,0.0,0.0,1.0,0.0
Glt28d2,0.0,0.0,0.0,0.9888502385877284,0.1005259156227111,0.0,1.0,0.0,0.0,1.0,0.0
Sh3d19,0.0052652973681688,0.00229980237782,-1.1971453428268433,0.9888502385877284,0.0685607641935348,-1.1971453428268433,0.4679991859106411,-1.0165189504623413,-1.1971453428268433,0.6617852804277183,-0.7834433913230896
Rps3a1,4.311886310577393,3.673678159713745,-0.938356876373291,1.3178229646758096e-170,-28.07466125488281,-0.938356876373291,1.7174687478794732e-238,-47.61552429199219,-0.938356876373291,2.81074424772989e-206,-41.43423461914063
Lrba,0.1655591577291488,0.3093685805797577,1.0098177194595337,4.4771837658196914e-08,5.851937294006348,1.0098177194595337,2.6858892837557264e-08,5.957724571228027,1.0098177194595337,1.7976258672190144e-06,5.198522567749023
Mab21l2,0.0011195723200216,0.0025233344640582,1.173396110534668,0.9888502385877284,0.201798677444458,1.173396110534668,0.6844776594646668,0.6660982370376587,1.173396110534668,0.7612258340399213,0.585918128490448
Dclk2,0.0077861868776381,0.0262674633413553,1.7676571607589722,0.5554697437055484,1.1376007795333862,1.7676571607589722,0.0211155680783802,2.6875741481781006,1.7676571607589722,0.0426984787601731,2.463491439819336
Cd1d1,0.1265778541564941,0.0901049897074699,-0.5171307325363159,0.9888502385877284,0.1196452528238296,-0.5171307325363159,0.0765486705253381,-2.14845609664917,-0.5171307325363159,0.1921523746508107,-1.742651104927063
Fcrls,0.0,0.0,0.0,0.9888502385877284,0.1005259156227111,0.0,1.0,0.0,0.0,1.0,0.0
Cd5l,0.0,0.0017354019219055,20.728090286254883,0.9888502385877284,0.1678170263767242,20.728090286254883,0.4679991859106411,1.0,20.728090286254883,0.5282133287683867,1.0
Fcrl1,0.0,0.0081683946773409,22.967517852783203,0.9888502385877284,0.5042726397514343,22.967517852783203,0.0387927949316636,2.4485533237457275,22.967517852783203,0.0446879374724912,2.4485533237457275
Fcrl5,0.0,0.0,0.0,0.9888502385877284,0.1005259156227111,0.0,1.0,0.0,0.0,1.0,0.0
Etv3,0.2081689536571502,0.1604989171028137,-0.4106337428092956,0.9888502385877284,-0.1598257422447204,-0.4106337428092956,0.0791521099065151,-2.1333155632019043,-0.4106337428092956,0.1859901240191059,-1.7609784603118896
Arhgef11,0.0206707641482353,0.0081427106633782,-1.3530694246292114,0.9888502385877284,-0.2001556009054184,-1.3530694246292114,0.0855881103584864,-2.096557140350342,-1.3530694246292114,0.2295485854745769,-1.634702205657959
Lrrc71,0.0011958087561652,0.0,-20.190418243408203,0.9888502385877284,0.0673658028244972,-20.190418243408203,0.4679991859106411,-1.0,-20.190418243408203,0.6832027011037286,-0.7008072733879089
Pear1,0.0206744335591793,0.1042080894112587,2.3944313526153564,0.0020425366038222,3.5201992988586426,2.3944313526153564,3.5035739595960937e-08,5.940869331359863,2.3944313526153564,2.2515195108229003e-07,5.621438980102539
Insrr,0.0,0.0029376291204243,21.488340377807617,0.9888502385877284,0.2351081520318985,21.488340377807617,0.2942789202292576,1.4150476455688477,21.488340377807617,0.3244768436761144,1.4150476455688477
Sh2d2a,0.3722071051597595,1.454342484474182,2.863442897796631,1.4154510091448401e-120,23.56563377380371,2.863442897796631,9.132755766607311e-161,34.01049041748047,2.863442897796631,4.530597337276968e-130,29.297487258911133
Prcc,0.0785548985004425,0.0973739847540855,0.3236092031002044,0.1347914370355874,1.9927432537078855,0.3236092031002044,0.3611637163405876,1.2631224393844604,0.3236092031002044,0.5073541609992123,1.070005178451538
Hdgf,0.478217750787735,0.6393162608146667,0.5458352565765381,0.0003413788747225,4.003261566162109,0.5458352565765381,1.3819405353363266e-05,4.722779273986816,0.5458352565765381,0.0002860319300492,4.0520524978637695
Mrpl24,0.490381121635437,0.6420465707778931,0.5084465146064758,0.0001896086928976,4.150614738464356,0.5084465146064758,1.335026018964952e-05,4.72782564163208,0.5084465146064758,0.0003656745560163,3.988682746887207
Rrnad1,0.1051585227251052,0.1069500669836998,0.0256866198033094,0.6813140121739427,0.9700078368186952,0.0256866198033094,1.0,0.1034421771764755,0.0256866198033094,1.0,0.0877315551042556
Isg20l2,0.1516230404376983,0.2353852093219757,0.6969035267829895,0.0003604803417338,3.98974347114563,0.6969035267829895,0.0007950782888569,3.7313191890716553,0.6969035267829895,0.0049360848652162,3.23974609375
Crabp2,0.0,0.0,0.0,0.9888502385877284,0.1005259156227111,0.0,1.0,0.0,0.0,1.0,0.0
Nes,0.0,0.0,0.0,0.9888502385877284,0.1005259156227111,0.0,1.0,0.0,0.0,1.0,0.0
Bcan,0.0,0.0,0.0,0.9888502385877284,0.1005259156227111,0.0,1.0,0.0,0.0,1.0,0.0
Hapln2,0.0,0.0,0.0,0.9888502385877284,0.1005259156227111,0.0,1.0,0.0,0.0,1.0,0.0
Gpatch4,0.289274126291275,0.1362260729074478,-1.200746774673462,0.0160611107928716,-2.868050575256348,-1.200746774673462,7.247701428217739e-11,-6.898857593536377,-1.200746774673462,5.629369435270881e-07,-5.439722061157227
Naxe,0.1383715271949768,0.339546799659729,1.4459539651870728,2.603684246241399e-13,7.665362358093262,1.4459539651870728,1.6477084850650126e-15,8.464701652526855,1.4459539651870728,1.8627756372972226e-12,7.517061233520508
Iqgap3,0.0011521669803187,0.0043129273690283,1.90659773349762,0.9888502385877284,0.3033701777458191,1.90659773349762,0.3234225139970645,1.340757131576538,1.90659773349762,0.4049555960006941,1.2494865655899048
Mef2d,0.3697382807731628,0.3909055590629577,0.0965500175952911,0.2583638526786832,1.6469520330429075,0.0965500175952911,0.6415086461526645,0.7277203798294067,0.0965500175952911,0.7438399013591609,0.611765444278717
Tsacc,0.0277025289833545,0.0139747560024261,-0.9971315264701844,0.9888502385877284,-0.0697557255625724,-0.9971315264701844,0.1325199571759936,-1.882034540176392,-0.9971315264701844,0.2911023526120806,-1.487131118774414
Cct3,0.6279689073562622,0.5750256776809692,-0.1690628230571746,0.1668351783222375,-1.8848981857299805,-0.1690628230571746,0.2249567003066519,-1.5817359685897827,-0.1690628230571746,0.3628140288803753,-1.3274928331375122
Glmp,0.1856936365365982,0.4636756777763366,1.5315418243408203,3.3640426964268756e-20,9.530543327331545,1.5315418243408203,3.458078051874359e-22,10.31686782836914,1.5315418243408203,7.110873830599248e-18,9.158858299255373
Tmem79,0.0034816884435713,0.0054020825773477,0.6351149082183838,0.9888502385877284,0.2026948928833007,0.6351149082183838,0.811306609301568,0.4861783683300018,0.6351149082183838,0.8683643068322617,0.4311241507530212
Smg5,0.1732246726751327,0.185312807559967,0.1062980443239212,0.190955814906448,1.813798189163208,0.1062980443239212,0.7482169543369023,0.5760842561721802,0.1062980443239212,0.8337944666332433,0.4824467897415161
Paqr6,0.0,0.0017233008984476,20.717987060546875,0.9888502385877284,0.1678170263767242,20.717987060546875,0.4679991859106411,1.0,20.717987060546875,0.5282133287683867,1.0
Bglap,0.0,0.0,0.0,0.9888502385877284,0.1005259156227111,0.0,1.0,0.0,0.0,1.0,0.0
Pmf1,0.0977801755070686,0.2342584729194641,1.3616580963134766,3.5385264714303546e-08,5.893686294555664,1.3616580963134766,7.420165294614194e-10,6.576626300811768,1.3616580963134766,5.9201513629932536e-08,5.851261615753174
Slc25a44,0.0618079788982868,0.0692991390824318,0.1705072373151779,0.6364837829547116,1.0287102460861206,0.1705072373151779,0.757758948264205,0.5627430081367493,0.1705072373151779,0.8372500104119336,0.4776358902454376
Sema4a,0.2742860615253448,0.3835996985435486,0.5670885443687439,0.0001441984098648,4.218428611755371,0.5670885443687439,0.0003826198749647,3.9270598888397217,0.5670885443687439,0.0031918027420431,3.3756864070892334
Lmna,0.0055774729698896,0.007401080802083,0.409441202878952,0.9888502385877284,0.2693138420581817,0.409441202878952,0.8431021309128496,0.4401351809501648,0.409441202878952,0.906355813241102,0.3749869465827942
Mex3a,0.0264563150703907,0.0021562441252171,-3.634589672088623,0.9888502385877284,-0.5298148989677429,-3.634589672088623,0.0003844200090724,-3.9221622943878174,-3.634589672088623,0.0164841611324177,-2.8375179767608643
Rab25,0.0,0.0,0.0,0.9888502385877284,0.1005259156227111,0.0,1.0,0.0,0.0,1.0,0.0
Lamtor2,0.7043543457984924,0.7345502376556396,0.0849310457706451,0.9888502385877284,-0.1207655295729637,0.0849310457706451,0.5288662077495343,0.8992166519165039,0.0849310457706451,0.6832027011037286,0.7510880827903748
Ubqln4,0.073017381131649,0.0586452260613441,-0.3267073035240173,0.9888502385877284,0.5778372883796692,-0.3267073035240173,0.4476923738378414,-1.106215238571167,-0.3267073035240173,0.5791119628719733,-0.9077562689781188
Ssr2,0.3512055277824402,0.7514649629592896,1.412496566772461,2.4325506507005948e-27,11.13387966156006,1.412496566772461,7.965324859953525e-33,12.762470245361328,1.412496566772461,1.9405934054728204e-25,11.094887733459473
Arhgef2,0.2183738350868225,0.3486892282962799,0.7735801339149475,1.2655328437259926e-06,5.239147663116455,0.7735801339149475,2.689007796083677e-06,5.073362827301025,0.7735801339149475,7.642136405910405e-05,4.378749847412109
Khdc4,0.1996169686317443,0.2990964353084564,0.6581150889396667,3.929207323781733e-05,4.522246837615967,0.6581150889396667,0.0003453805597889,3.954046726226807,0.6581150889396667,0.002963399928177,3.398000955581665
Rit1,0.0831985622644424,0.1765283793210983,1.1540496349334717,7.435033899318451e-05,4.375491142272949,1.1540496349334717,4.259880028118737e-06,4.983434677124023,1.1540496349334717,6.443202764815199e-05,4.421245574951172
Syt11,0.0929552540183067,0.2480701655149459,1.5312097072601318,2.8915987475463993e-08,5.928863048553467,1.5312097072601318,6.994039504270787e-11,6.959370136260986,1.5312097072601318,5.231995480058364e-09,6.277627468109131
Gon4l,0.3220545053482055,0.3842803835868835,0.3023775219917297,0.0201020727219625,2.787316083908081,0.3023775219917297,0.0568901057890787,2.2820725440979004,0.3023775219917297,0.1361256759835447,1.9255560636520384
Msto1,0.0512399077415466,0.0640216171741485,0.3305999934673309,0.2630485601370544,1.6364961862564087,0.3305999934673309,0.4679991859106411,1.0558258295059204,0.3305999934673309,0.5928554552988743,0.8876007199287415
Dap3,0.2976405024528503,0.2793542146682739,-0.1052994653582573,0.9500906855913384,0.6328054070472717,-0.1052994653582573,0.6477626678676606,-0.7185488939285278,-0.1052994653582573,0.753565198340157,-0.5979055762290955
Ash1l,0.6110070943832397,0.554236650466919,-0.1855925321578979,0.5769941028508102,-1.1080255508422852,-0.1855925321578979,0.1858206941925315,-1.6917412281036377,-0.1855925321578979,0.3285710803696844,-1.4021488428115845
Gm43738,0.0,0.0,0.0,0.9888502385877284,0.1005259156227111,0.0,1.0,0.0,0.0,1.0,0.0
Rusc1,0.1227914988994598,0.1579320132732391,0.3890342116355896,0.0354292990459932,2.575435161590576,0.3890342116355896,0.1378500585356628,1.861192226409912,0.3890342116355896,0.2520852350359873,1.5792577266693115
Fdps,0.155569776892662,0.1054621711373329,-0.5977674126625061,0.9888502385877284,0.1985872238874435,-0.5977674126625061,0.0171764112066222,-2.7598190307617188,-0.5977674126625061,0.0765013779890362,-2.208555221557617
Hcn3,0.012392790056765,0.0,-23.57194709777832,0.9888502385877284,-0.2642352879047394,-23.57194709777832,0.0033325722649479,-3.312100887298584,-23.57194709777832,0.0600357501052492,-2.3211443424224854
Clk2,0.10792838037014,0.1134753450751304,0.0763795152306556,0.3451277782290857,1.4727120399475098,0.0763795152306556,0.9210102354960716,0.3293313086032867,0.0763795152306556,0.9716792705288608,0.2754882872104645
Scamp3,0.3435635566711426,0.5554274916648865,0.8572578430175781,1.028695217512599e-09,6.475183010101318,0.8572578430175781,1.8745814476114947e-11,7.132988929748535,0.8572578430175781,1.2946016384690908e-08,6.117275714874268
Fam189b,0.9322434663772584,0.3708584308624267,-1.7784028053283691,4.8138695827896465e-40,-13.523200035095217,-1.7784028053283691,2.2922201233795215e-56,-16.95712661743164,-1.7784028053283691,9.667208761621056e-37,-13.68363094329834
Gba,0.046163085848093,0.1569531410932541,1.846792817115784,2.819057403077945e-05,4.597529411315918,1.846792817115784,1.7510796260205543e-09,6.4512434005737305,1.846792817115784,3.6682528616576346e-08,5.944571018218994
Mtx1,0.1429107338190078,0.2039615660905838,0.5584942102432251,0.0033386914430648,3.375833511352539,0.5584942102432251,0.0092473630602828,2.9810774326324463,0.5584942102432251,0.0344110918095652,2.5529909133911133
Thbs3,0.0010536814806982,0.0,-20.007768630981445,0.9888502385877284,0.0673658028244972,-20.007768630981445,0.4679991859106411,-1.0,-20.007768630981445,0.6832027011037286,-0.7008072733879089
Muc1,0.0,0.0064058708958327,22.61558723449707,0.9888502385877284,0.3696903884410858,22.61558723449707,0.1134724528637501,1.963727593421936,22.61558723449707,0.1272723527751899,1.963727593421936
Trim46,0.0010174091439694,0.014373512007296,3.8300859928131104,0.9728535020078471,0.6052466630935669,3.8300859928131104,0.0314427327642267,2.534456491470337,3.8300859928131104,0.0406698308598179,2.4868898391723637
Krtcap2,0.979955554008484,1.3970707654953003,0.8707066178321838,1.0622730503444646e-24,10.570979118347168,0.8707066178321838,2.2423498151486932e-30,12.118276596069336,0.8707066178321838,3.1546327314936097e-21,10.06547737121582
Dpm3,0.4654505848884582,0.6269562840461731,0.5567907691001892,3.244672595236267e-05,4.565863132476807,0.5567907691001892,2.03350617945659e-06,5.127203941345215,0.5567907691001892,9.457060083557287e-05,4.328734397888184
Slc50a1,0.550947904586792,0.5487735867500305,-0.007416377775371,0.9888502385877284,0.0407779701054096,-0.007416377775371,1.0,-0.0683746561408042,-0.007416377775371,1.0,-0.0568702481687068
Efna1,0.0,0.0,0.0,0.9888502385877284,0.1005259156227111,0.0,1.0,0.0,0.0,1.0,0.0
Efna4,0.0,0.0010833521373569,20.047853469848636,0.9888502385877284,0.1678170263767242,20.047853469848636,0.4679991859106411,1.0,20.047853469848636,0.5282133287683867,1.0
Adam15,0.0033820187672972,0.0039205509237945,0.213560402393341,0.9888502385877284,0.2022467851638794,0.213560402393341,1.0,0.1716825366020202,0.213560402393341,1.0,0.1450313478708267
Dcst1,0.0,0.0,0.0,0.9888502385877284,0.1005259156227111,0.0,1.0,0.0,0.0,1.0,0.0
Zbtb7b,0.0046394066885113,0.1211119443178176,4.791153907775879,8.147245679339972e-06,4.862959861755371,4.791153907775879,1.5506971971853863e-14,8.277886390686035,4.791153907775879,4.116321160903413e-14,8.163352012634277
Flad1,0.0685063377022743,0.1415382772684097,1.100486397743225,0.0005200167568815,3.895939350128174,1.100486397743225,5.772081649816905e-05,4.400928497314453,1.100486397743225,0.0005700564401089,3.8694159984588623
Cks1b,0.0914152562618255,0.3086879849433899,1.9175925254821775,1.412467586851921e-09,6.425219058990479,1.9175925254821775,1.1213702195903951e-14,8.259617805480957,1.9175925254821775,6.057109810436434e-13,7.704471588134766
Shc1,0.0980855152010917,0.1171806678175926,0.2706437110900879,0.1270640026352773,2.022467851638794,0.2706437110900879,0.4358789287849329,1.126909852027893,0.2706437110900879,0.5477065523207457,0.956347644329071
Pygo2,0.0375214964151382,0.0614534765481948,0.7291828393936157,0.3526192426090478,1.4588207006454468,0.7291828393936157,0.1081669262260823,1.9853311777114868,0.7291828393936157,0.1944325615381962,1.735693335533142
Pbxip1,0.3102730512619018,0.3774201869964599,0.333839863538742,0.0080626889088626,3.101142168045044,0.333839863538742,0.0468571833924788,2.365403175354004,0.333839863538742,0.1188985089143182,1.9973390102386477
Pmvk,0.0827479884028434,0.264988362789154,1.8143982887268064,1.223305789618431e-12,7.4587836265563965,1.8143982887268064,3.348460341979469e-16,8.697452545166016,1.8143982887268064,1.3779447218122997e-13,7.893066883087158
Adar,0.2227590829133987,0.2316070944070816,0.062819018959999,0.2546176484696564,1.6547939777374268,0.062819018959999,0.8892665905485293,0.3743797242641449,0.062819018959999,0.9447134135638116,0.3163152933120727
Chrnb2,0.0073800161480903,0.0041840230114758,-0.8210407495498657,0.9994412017932364,0.0029873971361666,-0.8210407495498657,0.6629594121520372,-0.6962372064590454,-0.8210407495498657,0.7573452756745741,-0.5921251177787781
Ube2q1,0.3718864023685455,0.4896734952926636,0.4880046844482422,0.0002126314885043,4.12223482131958,0.4880046844482422,0.0004547857852271,3.880018949508667,0.4880046844482422,0.0043432193303328,3.280981063842773
She,0.0079630315303802,0.0,-22.930633544921875,0.9888502385877284,-0.1315948367118835,-22.930633544921875,0.0270259243678096,-2.5892155170440674,-22.930633544921875,0.1692715108397248,-1.8145411014556885
Il6ra,0.5077813863754272,0.005327908322215,-6.952402114868164,2.572888516308041e-34,-12.502704620361328,-6.952402114868164,1.0653214118621159e-97,-24.000864028930664,-6.952402114868164,2.4725998844129333e-48,-16.91458511352539
Atp8b2,0.0894121825695037,0.1571575254201889,0.8635398149490356,0.0034187661275646,3.368962526321411,0.8635398149490356,0.0008632229218405,3.708486318588257,0.8635398149490356,0.0047568096692613,3.251220226287842
Hax1,0.0867491066455841,0.1251172870397567,0.5565256476402283,0.0291976615994876,2.6485517024993896,0.5565256476402283,0.0528280980264678,2.3149046897888184,0.5565256476402283,0.1189715562927486,1.9968820810317995
Ubap2l,0.6571013927459717,0.6330522298812866,-0.0729916766285896,0.7244647388384293,-0.9128738641738892,-0.0729916766285896,0.6570278334237372,-0.7052243947982788,-0.0729916766285896,0.7599611752503973,-0.587773323059082
4933434E20Rik,0.2544710338115692,0.2767039835453033,0.1375887095928192,0.199057156122476,1.7913179397583008,0.1375887095928192,0.5225398162476187,0.9100015163421632,0.1375887095928192,0.6741491031536786,0.7641986608505249
AC163616.1,0.0605014935135841,0.0381383746862411,-0.6819915175437927,0.9888502385877284,-0.0670670643448829,-0.6819915175437927,0.1040825812782573,-2.0044565200805664,-0.6819915175437927,0.2398184662744824,-1.608970046043396
1700094D03Rik,0.0130497962236404,0.0047006928361952,-1.479113221168518,0.9888502385877284,-0.0648265182971954,-1.479113221168518,0.1736742009856253,-1.737461805343628,-1.479113221168518,0.3616040340994137,-1.330278754234314
Tpm3,1.5369656085968018,1.7089327573776243,0.309222936630249,2.6081916865571187e-05,4.61455774307251,0.309222936630249,2.5617174588121957e-06,5.077235221862793,0.309222936630249,0.0001423429138962,4.228765964508057
Nup210l,0.0109862135723233,0.0063979127444326,-0.7833355069160461,0.9888502385877284,0.0351019166409969,-0.7833355069160461,0.485563653865208,-0.970346987247467,-0.7833355069160461,0.6655646597576447,-0.7775264978408813
Rps27,3.956216812133789,3.0414609909057617,-1.3624502420425415,1.1788253425029031e-172,-28.24905204772949,-1.3624502420425415,1.0084715623780364e-224,-47.35821914672852,-1.3624502420425415,4.586802122515394e-208,-42.16810989379883
Rab13,0.0024266988039016,0.0016752765513956,-0.5351378917694092,0.9888502385877284,0.1684892028570175,-0.5351378917694092,0.9065076944259204,-0.3504507541656494,-0.5351378917694092,0.973731602290728,-0.2717629969120025
Jtb,0.3906329870223999,0.5232608318328857,0.5246476531028748,0.0004314926173102,3.9441111087799072,0.5246476531028748,5.35919650192102e-05,4.414593696594238,0.5246476531028748,0.0008115291161236,3.7731199264526367
Creb3l4,0.0,0.0,0.0,0.9888502385877284,0.1005259156227111,0.0,1.0,0.0,0.0,1.0,0.0
Slc39a1,0.1247885823249816,0.1937546879053115,0.6858139038085938,0.0035716408715178,3.3555939197540283,0.6858139038085938,0.0027345924507658,3.373929023742676,0.6858139038085938,0.0120198170733985,2.944770812988281
Crtc2,0.0759304389357566,0.1087574660778045,0.5424081087112427,0.0727107687449091,2.2795333862304688,0.5424081087112427,0.099769025520314,2.0261130332946777,0.5424081087112427,0.1897490841921286,1.7493362426757812
Dennd4b,0.0854440107941627,0.0991083309054374,0.2240354418754577,0.3202015139395418,1.5180457830429075,0.2240354418754577,0.5659820807950153,0.8425477147102356,0.2240354418754577,0.6832027011037286,0.7166324257850647
Gatad2b,0.4749766588211059,0.3913902044296264,-0.3438833057880401,0.324816352374124,-1.5093077421188354,-0.3438833057880401,0.0189439825034352,-2.723987340927124,-0.3438833057880401,0.0703264201416948,-2.246171712875366
Slc27a3,0.0021145159844309,0.0032361354678869,0.6147539019584656,0.9888502385877284,0.1686385720968246,0.6147539019584656,0.8724086892940248,0.3992048501968384,0.6147539019584656,0.923251695409686,0.3503358662128448
Ints3,0.0909182429313659,0.0811003148555755,-0.1720457077026367,0.7858823188942015,0.8363965153694153,-0.1720457077026367,0.6898438700224934,-0.6579753160476685,-0.1720457077026367,0.7907656522292841,-0.5442125201225281
Npr1,0.0003030791413038,0.0,-18.20955848693848,0.9888502385877284,0.0673658028244972,-18.20955848693848,0.4679991859106411,-1.0,-18.20955848693848,0.6832027011037286,-0.7008072733879089
Ilf2,0.3553308844566345,0.3419609069824219,-0.0655355229973793,0.8492203778974218,0.7588735222816467,-0.0655355229973793,0.8183912173016312,-0.4755370020866394,-0.0655355229973793,0.8922345430579706,-0.3961943089962005
Snapin,0.1439597904682159,0.1751926094293594,0.3064048588275909,0.0672566015616811,2.3138136863708496,0.3064048588275909,0.2416444729776091,1.538513422012329,0.3064048588275909,0.3710815156527264,1.3120396137237549
Chtop,0.3600230515003204,0.4127511978149414,0.2376618981361389,0.1432531952546503,1.9621224403381348,0.2376618981361389,0.1418300570898346,1.8461047410964968,0.2376618981361389,0.2577093955934885,1.565898895263672
S100a1,0.0032558846287429,0.0744685903191566,4.567212104797363,0.0151187806803132,2.8894104957580566,4.567212104797363,4.3152703423508556e-08,5.921509265899658,4.567212104797363,7.747782555533218e-08,5.8477044105529785
S100a13,0.6233875751495361,1.5918817520141602,2.1771039962768555,9.196983015623482e-108,22.273658752441406,2.1771039962768555,8.181597704705021e-138,29.627185821533203,2.1771039962768555,1.2229174743528883e-100,24.80340003967285
S100a14,0.0,0.0012649364070966,20.271547317504883,0.9888502385877284,0.1678170263767242,20.271547317504883,0.4679991859106411,1.0,20.271547317504883,0.5282133287683867,1.0
S100a2,0.001120064407587,0.0037743460852652,1.7545595169067385,0.9888502385877284,0.2019480466842651,1.7545595169067385,0.5409587675341416,0.8806061744689941,1.7545595169067385,0.6335216017615409,0.8236531019210815
S100a3,0.0010302950395271,0.0050882841460406,2.307049036026001,0.9888502385877284,0.3362315595149994,2.307049036026001,0.2942789202292576,1.415806531906128,2.307049036026001,0.361827291427069,1.3295975923538208
S100a4,0.2886002957820892,3.376553535461426,6.4008564949035645,4.015925492453855e-192,29.88860893249512,6.4008564949035645,0.0,103.50474548339844,6.4008564949035645,0.0,90.51589965820312
S100a5,0.0,0.0027247651014477,21.37966728210449,0.9888502385877284,0.2351081520318985,21.37966728210449,0.2942789202292576,1.411901593208313,21.37966728210449,0.3252308731325575,1.411901593208313
S100a6,0.5589640736579895,3.862483739852905,5.958976268768311,6.803434564400392e-190,29.67964172363281,5.958976268768311,0.0,88.5255126953125,5.958976268768311,0.0,75.6762924194336
S100a7a,0.0,0.0,0.0,0.9888502385877284,0.1005259156227111,0.0,1.0,0.0,0.0,1.0,0.0
S100a8,0.0,0.0107025634497404,23.359180450439453,0.9888502385877284,0.5042726397514343,23.359180450439453,0.0564184243302701,2.2901806831359863,23.359180450439453,0.0644043755742663,2.2901806831359863
S100a9,0.0057091079652309,0.0043674572370946,-0.3874400854110718,0.9888502385877284,0.0691582411527633,-0.3874400854110718,0.918185184452004,-0.3329143524169922,-0.3874400854110718,0.968706574521643,-0.2796525359153747
Gm9774,0.0037072028499096,0.0119934845715761,1.6998326778411863,0.9212610273683788,0.6718655824661255,1.6998326778411863,0.1594511423245014,1.785070538520813,1.6998326778411863,0.2376485437134787,1.6144607067108154
Tchh,0.0,0.0,0.0,0.9888502385877284,0.1005259156227111,0.0,1.0,0.0,0.0,1.0,0.0
S100a11,0.8971812129020691,2.295991897583008,2.620635271072388,4.440427663461886e-160,27.18269920349121,2.620635271072388,2.134950724532681e-239,42.89763641357422,2.620635271072388,1.1527770441846302e-160,34.94631576538086
S100a10,1.6701604127883911,3.132399797439575,2.346065759658813,1.468425217098183e-170,28.067716598510746,2.346065759658813,1.4878276287389513e-258,46.03391647338867,2.346065759658813,5.230928015607935e-179,37.78821563720703
Them4,0.0394674651324749,0.0294275805354118,-0.4307787120342254,0.9888502385877284,0.145710289478302,-0.4307787120342254,0.4679991859106411,-1.0452942848205566,-0.4307787120342254,0.6112941072580667,-0.8577045798301697
Rorc,0.0016437945887446,0.0,-20.6497859954834,0.9888502385877284,0.0673658028244972,-20.6497859954834,0.4679991859106411,-1.0,-20.6497859954834,0.6832027011037286,-0.7008072733879089
Lingo4,0.0023188029881566,0.0014319677138701,-0.6960209608078003,0.9888502385877284,0.1013474464416503,-0.6960209608078003,0.8668383245132012,-0.4072282612323761,-0.6960209608078003,0.9402650990256044,-0.3231430351734161
Tdrkh,0.0361218601465225,0.0,-25.132503509521484,0.6879672025202862,-0.9605975151062012,-25.132503509521484,1.2138008184156648e-07,-5.6776323318481445,-25.132503509521484,0.0004072000382692,-3.978926181793213
Oaz3,0.0034188323188573,0.0,-21.707538604736328,0.9994412017932364,0.0010455889860168,-21.707538604736328,0.1751537935686868,-1.7311395406723022,-21.707538604736328,0.4247445287235097,-1.2131952047348022
Mrpl9,0.2947287857532501,0.5081164240837097,0.949966549873352,3.1418293591042154e-10,6.66010332107544,0.949966549873352,1.9517759437098976e-11,7.137256145477295,0.949966549873352,6.5200038546850065e-09,6.236084938049316
Riiad1,0.0012058388674631,0.0,-20.202476501464844,0.9888502385877284,0.0673658028244972,-20.202476501464844,0.4679991859106411,-1.0,-20.202476501464844,0.6832027011037286,-0.7008072733879089
Celf3,0.0011536256643012,0.0,-20.13857650756836,0.9888502385877284,0.0673658028244972,-20.13857650756836,0.4679991859106411,-1.0,-20.13857650756836,0.6832027011037286,-0.7008072733879089
Snx27,0.1241828352212905,0.154516652226448,0.3376857042312622,0.0846071988939321,2.2110471725463867,0.3376857042312622,0.2403024536392522,1.542235016822815,0.3376857042312622,0.3688736736419078,1.3161531686782837
Tuft1,0.0032733946572989,0.0214045029133558,2.7221603393554688,0.6517760788335887,1.00794780254364,2.7221603393554688,0.0113503703679908,2.915901660919189,2.7221603393554688,0.0189728770539131,2.784193515777588
Cgn,0.0,0.0,0.0,0.9888502385877284,0.1005259156227111,0.0,1.0,0.0,0.0,1.0,0.0
Pogz,0.1362325698137283,0.1162473633885383,-0.2435933351516723,0.7507038347452254,0.8792656660079956,-0.2435933351516723,0.4414723043512411,-1.11653470993042,-0.2435933351516723,0.5716552160606836,-0.9187770485877992
Psmb4,0.7664954662322998,1.2536884546279907,1.1193923950195312,6.269813504278105e-33,12.24317455291748,1.1193923950195312,1.3556563562267434e-38,13.851171493530272,1.1193923950195312,1.2436232214759462e-27,11.6224365234375
Selenbp1,0.0038851127028465,0.0009595549781806,-2.019629001617432,0.9888502385877284,0.0350272320210933,-2.019629001617432,0.3571509949344588,-1.2702760696411133,-2.019629001617432,0.5633100180284414,-0.9323493838310242
Rfx5,0.0487733706831932,0.0372731424868106,-0.3963123261928558,0.9888502385877284,0.293362408876419,-0.3963123261928558,0.4679991859106411,-1.0668001174926758,-0.3963123261928558,0.599644241101133,-0.875824511051178
Pi4kb,0.0545290857553482,0.0787820667028427,0.5485304594039917,0.1687042838108001,1.8792221546173096,0.5485304594039917,0.1524824492215822,1.807883143424988,0.5485304594039917,0.2608651757130953,1.5568145513534546
Zfp687,0.1074251681566238,0.0740239024162292,-0.5617268085479736,0.9888502385877284,-0.0990322157740593,-0.5617268085479736,0.0629362362711884,-2.236996650695801,-0.5617268085479736,0.1695218961717407,-1.811642289161682
Psmd4,0.6396835446357727,0.9221541285514832,0.7576548457145691,5.808721758057661e-10,6.564431667327881,0.7576548457145691,1.5335484833105502e-15,8.423081398010254,0.7576548457145691,4.2072448829679836e-11,7.055069923400879
Pip5k1a,0.2256342619657516,0.1808808743953704,-0.3523219525814056,0.9994412017932364,-0.009709040634334,-0.3523219525814056,0.1018081548955991,-2.015699863433838,-0.3523219525814056,0.2219246151721145,-1.6552194356918335
Vps72,0.1417836397886276,0.224111720919609,0.7217238545417786,0.0002042858386004,4.132615566253662,0.7217238545417786,0.0006411902551386,3.789889335632324,0.7217238545417786,0.004350681722628,3.280177593231201
Tmod4,0.0,0.0011592789087444,20.14563369750977,0.9888502385877284,0.1678170263767242,20.14563369750977,0.4679991859106411,1.0,20.14563369750977,0.5282133287683867,1.0
Scnm1,0.1182150170207023,0.1508420705795288,0.375688761472702,0.0583307352777021,2.374009847640991,0.375688761472702,0.1724632945892198,1.741871356964111,0.375688761472702,0.2894299892008232,1.490355134010315
Lysmd1,0.0463052242994308,0.0220680702477693,-1.0867975950241089,0.9888502385877284,-0.2557958662509918,-1.0867975950241089,0.0269267254312582,-2.5889551639556885,-1.0867975950241089,0.1107620098899344,-2.033390998840332
Tnfaip8l2,0.4659183621406555,0.4296116530895233,-0.1451819986104965,0.9888502385877284,-0.4035226702690124,-0.1451819986104965,0.3966054025197737,-1.1942745447158811,-0.1451819986104965,0.5299909986835808,-0.9955933690071106
Sema6c,0.0011980852577835,0.0,-20.193164825439453,0.9888502385877284,0.0673658028244972,-20.193164825439453,0.4679991859106411,-1.0,-20.193164825439453,0.6832027011037286,-0.7008072733879089
Gabpb2,0.435288667678833,0.5307806730270386,0.360550045967102,0.0072483346534053,3.135422706604004,0.360550045967102,0.0107327045962519,2.929588079452514,0.360550045967102,0.0404282348538266,2.4857897758483887
Mllt11,0.0809298530220985,0.1146026626229286,0.5265820622444153,0.075282290343029,2.264222860336304,0.5265820622444153,0.0928278408512869,2.059777021408081,0.5265820622444153,0.1800581905532403,1.7785574197769165
Cdc42se1,0.5827341675758362,0.789730966091156,0.6047821640968323,2.8925827824362064e-06,5.075214385986328,0.6047821640968323,5.4956436688705406e-09,6.220055103302002,0.6047821640968323,1.5669011514762058e-06,5.227988243103027
Gm128,0.0166873522102832,0.0057154195383191,-1.553752899169922,0.9888502385877284,-0.0649758875370025,-1.553752899169922,0.0822322696114461,-2.115527868270874,-1.553752899169922,0.2373384357673668,-1.6159417629241943
Bnipl,0.0010302950395271,0.0,-19.97537040710449,0.9888502385877284,0.0673658028244972,-19.97537040710449,0.4679991859106411,-1.0,-19.97537040710449,0.6832027011037286,-0.7008072733879089
Prune1,0.0345989391207695,0.0658063441514968,0.9501986503601074,0.2646284908226788,1.6330605745315552,0.9501986503601074,0.0292181082801682,2.559903621673584,0.9501986503601074,0.066459894148895,2.271938800811768
Mindy1,0.0519321858882904,0.0565406046807765,0.1260126382112503,0.6587232343457683,0.9986868500709534,0.1260126382112503,0.8901721824298421,0.3727932274341583,0.1260126382112503,0.9475170491293364,0.312048465013504
Anxa9,0.0010160097153857,0.0213971473276615,4.411160469055176,0.6013700106226378,1.0756123065948486,4.411160469055176,0.0015041573549528,3.56134295463562,4.411160469055176,0.0021502000857876,3.5045783519744877
Cers2,0.2398612052202224,0.4204442501068115,0.9471316933631896,1.2046935221085895e-09,6.449939727783203,0.9471316933631896,2.246585640743593e-10,6.7515869140625,0.9471316933631896,6.980814071939161e-08,5.820336818695068
Setdb1,0.1107897162437439,0.1205527707934379,0.1290190070867538,0.1750579997360188,1.860550880432129,0.1290190070867538,0.756037169291541,0.5654748678207397,0.1290190070867538,0.8398080854454798,0.4738895893096924
Arnt,0.1431541591882705,0.1009154245257377,-0.5355110764503479,0.9888502385877284,-0.1754349023103714,-0.5355110764503479,0.0413707479050095,-2.415994882583618,-0.5355110764503479,0.1266942850317082,-1.9642672538757324
Ctsk,0.0011321468045935,0.0,-20.111448287963867,0.9888502385877284,0.0673658028244972,-20.111448287963867,0.4679991859106411,-1.0,-20.111448287963867,0.6832027011037286,-0.7008072733879089
Ctss,0.699656069278717,0.4047137796878814,-1.0219743251800537,9.860341290300021e-14,-7.792102336883545,-1.0219743251800537,6.496660340868687e-18,-9.092039108276367,-1.0219743251800537,1.7811238506847201e-12,-7.527095794677734
Hormad1,0.0022191165480762,0.0,-21.08315658569336,0.9888502385877284,0.0342056974768638,-21.08315658569336,0.2942789202292576,-1.411587834358215,-21.08315658569336,0.5299909986835808,-0.9892509579658508
Golph3l,0.0820999965071678,0.082762137055397,0.0120732858777046,0.6132933523242969,1.0583600997924805,0.0120732858777046,1.0,0.0447030402719974,0.0120732858777046,1.0,0.0375668704509735
Ensa,0.2571108639240265,0.3476656079292297,0.5039183497428894,0.0005182178080541,3.897134304046631,0.5039183497428894,0.003872620231933,3.2663943767547607,0.5039183497428894,0.0175558744104853,2.80945372581482
Mcl1,1.0187244415283203,1.1413302421569824,0.2680119276046753,0.0789717278209775,2.2421908378601074,0.2680119276046753,0.0030249873928922,3.340648651123047,0.2680119276046753,0.0192257516133318,2.776855945587158
Adamtsl4,0.0011372119188308,0.0,-20.117891311645508,0.9888502385877284,0.0673658028244972,-20.117891311645508,0.4679991859106411,-1.0,-20.117891311645508,0.6832027011037286,-0.7008072733879089
Ecm1,0.0139290727674961,0.0080304993316531,-0.7988002300262451,0.9888502385877284,-0.0618391185998916,-0.7988002300262451,0.4679991859106411,-1.019225835800171,-0.7988002300262451,0.626294395419821,-0.8345977067947388
Tars2,0.1042414382100105,0.126075878739357,0.2904158532619476,0.1764494343069159,1.855920433998108,0.2904158532619476,0.372990441096436,1.2397061586380005,0.2904158532619476,0.5146720194472201,1.05794358253479
Rprd2,0.3002265095710754,0.228691428899765,-0.44652259349823,0.8711284579107376,-0.73348069190979,-0.44652259349823,0.0144472413533886,-2.824084520339966,-0.44652259349823,0.0589641994401734,-2.325363874435425
Prpf3,0.0828986838459968,0.1069531291723251,0.3851839303970337,0.2068920195522507,1.770704984664917,0.3851839303970337,0.26933589674069,1.4743523597717283,0.3851839303970337,0.3987686950741194,1.2607753276824951
Mrps21,0.4366598427295685,0.7356571555137634,0.9891477227211,2.482508255704797e-15,8.25649356842041,0.9891477227211,8.344745006893477e-19,9.362588882446287,0.9891477227211,7.900859828379364e-14,7.958291053771973
Ciart,0.0114536061882972,0.0029609445482492,-1.9578056335449217,0.9888502385877284,-0.0979866236448288,-1.9578056335449217,0.1004579317050354,-2.0217301845550537,-1.9578056335449217,0.2771683792604636,-1.517980456352234
BC028528,0.0,0.0,0.0,0.9888502385877284,0.1005259156227111,0.0,1.0,0.0,0.0,1.0,0.0
Aph1a,0.1672319024801254,0.3746360242366791,1.3199962377548218,2.938897799381027e-14,7.948268890380859,1.3199962377548218,6.9200890459796755e-15,8.266996383666992,1.3199962377548218,9.11129823136256e-12,7.284043788909912
Anp32e,0.5225982069969177,0.6659230589866638,0.4632193744182586,0.0015965466226335,3.5907766819000244,0.4632193744182586,0.0002040751766963,4.089221000671387,0.4632193744182586,0.0020539337311959,3.508583068847656
Plekho1,0.1261406987905502,0.043486338108778,-1.5968647003173828,0.1851090992748753,-1.8303035497665403,-1.5968647003173828,6.613974479371149e-07,-5.341499328613281,-1.5968647003173828,0.0001734060540222,-4.184485912322998
Vps45,0.0500331744551658,0.0598105899989604,0.264633297920227,0.440968295768435,1.3113179206848145,0.264633297920227,0.5825568355868294,0.8169918656349182,0.264633297920227,0.6918640510800327,0.6882197856903076
Otud7b,0.07027368247509,0.1832551062107086,1.4660170078277588,5.111298126756999e-06,4.959377765655518,1.4660170078277588,4.0367888557825735e-08,5.895774841308594,1.4660170078277588,1.0075972572945648e-06,5.318928241729736
Mtmr11,0.0044528781436383,0.0,-22.089519500732425,0.9994412017932364,0.0010455889860168,-22.089519500732425,0.1939761422164811,-1.667554259300232,-22.089519500732425,0.4485049663635655,-1.168634057044983
Sf3b4,0.1919524222612381,0.261932909488678,0.5008366107940674,0.0004754750734841,3.919091701507568,0.5008366107940674,0.0068436828266102,3.08135199546814,0.5008366107940674,0.0291334698000056,2.6181559562683105
Sv2a,0.0204927437007427,0.0033531761728227,-2.6239006519317627,0.9888502385877284,-0.2317473292350769,-2.6239006519317627,0.0081488865130723,-3.0215461254119877,-2.6239006519317627,0.0761488893517234,-2.212684631347656
Bola1,0.2046224623918533,0.141830027103424,-0.5754036903381348,0.9437123422204232,-0.6436347365379333,-0.5754036903381348,0.0066094669377986,-3.091344356536865,-0.5754036903381348,0.0368250565211205,-2.525517463684082
H2ac21,0.009716598317027,0.0066377627663314,-0.5519782304763794,0.9888502385877284,0.1688626259565353,-0.5519782304763794,0.6917740194620281,-0.6550980806350708,-0.5519782304763794,0.8068553434097395,-0.522487461566925
H2ac20,0.0612608566880226,0.0674963817000389,0.1443908214569091,0.5000238672425984,1.218708634376526,0.1443908214569091,0.8191672784250023,0.4744603335857391,0.1443908214569091,0.8908608130921191,0.3983874917030334
H2bc21,0.0227931309491395,0.0054268590174615,-2.0829663276672363,0.9888502385877284,-0.2975447475910187,-2.0829663276672363,0.0107352743457451,-2.927496194839477,-2.0829663276672363,0.0777133780024708,-2.202199697494507
H3c15,0.0023120916448533,0.001607650774531,-0.5247524380683899,0.9888502385877284,0.1684892028570175,-0.5247524380683899,0.9092381218344427,-0.3456187844276428,-0.5247524380683899,0.9765453133861424,-0.2673487961292267
H2ac19,0.0,0.0,0.0,0.9888502385877284,0.1005259156227111,0.0,1.0,0.0,0.0,1.0,0.0
H2ac18,0.0094585372135043,0.0373554453253746,2.001831293106079,0.277043350027544,1.605128526687622,2.001831293106079,0.0019446648608382,3.4803354740142822,2.001831293106079,0.0052087755516424,3.2242271900177
H3c14,0.0027369013987481,0.0010936032049357,-1.3246392011642456,0.9888502385877284,0.1351797133684158,-1.3246392011642456,0.5565986047299196,-0.8566192984580994,-1.3246392011642456,0.7337601377394086,-0.6268658638000488
H4c14,0.0433065108954906,0.020043272525072,-1.1283351182937622,0.9888502385877284,-0.3770095109939575,-1.1283351182937622,0.0366894550584268,-2.4653127193450928,-1.1283351182937622,0.130622458004405,-1.94795823097229
H3c13,0.0023079633247107,0.0025740107521414,0.1575897932052612,0.9888502385877284,0.1684892028570175,0.1575897932052612,1.0,0.1081267744302749,0.1575897932052612,1.0,0.0896031633019447
H2bc18,0.0288594849407672,0.0199189689010381,-0.5413780808448792,0.9888502385877284,0.3493013978004455,-0.5413780808448792,0.4064080241564095,-1.1763479709625244,-0.5413780808448792,0.5592812217037876,-0.9386448264122008
Fcgr1,0.0,0.0,0.0,0.9888502385877284,0.1005259156227111,0.0,1.0,0.0,0.0,1.0,0.0
Txnip,1.0594292879104614,0.8677905201911926,-0.4479683339595794,5.152136342843524e-06,-4.957735061645508,-0.4479683339595794,1.2451142612488316e-05,-4.743157863616943,-0.4479683339595794,0.0003460004728279,-4.003365993499756
Gm16253,0.0020041773095726,0.0018177824094891,-0.1409650892019271,0.9888502385877284,0.1013474464416503,-0.1409650892019271,1.0,-0.0808483585715293,-0.1409650892019271,1.0,-0.0685254707932472
Polr3gl,0.1421826928853988,0.1708918660879135,0.286587119102478,0.2004507992317811,1.7873597145080566,0.286587119102478,0.3069128981433243,1.3766599893569946,0.286587119102478,0.4355906893940976,1.1887476444244385
Ankrd34a,0.0,0.0,0.0,0.9888502385877284,0.1005259156227111,0.0,1.0,0.0,0.0,1.0,0.0
Lix1l,0.0015895749675109,0.0,-20.601356506347656,0.9888502385877284,0.0342056974768638,-20.601356506347656,0.2942789202292576,-1.4112017154693604,-20.601356506347656,0.5299909986835808,-0.98898047208786
Rbm8a,0.5625821948051453,0.7241585850715637,0.4932056069374084,0.0012721830854165,3.655080318450928,0.4932056069374084,4.846921484958393e-06,4.947380065917969,0.4932056069374084,0.0001702374748016,4.183842182159424
Pex11b,0.0649883151054382,0.1452867090702057,1.2195885181427002,0.0002171012948784,4.117081165313721,1.2195885181427002,7.794918072707633e-06,4.854606628417969,1.2195885181427002,0.0001026483848895,4.308673858642578
Gm42957,0.0010558445937931,0.0,-20.01072883605957,0.9888502385877284,0.0673658028244972,-20.01072883605957,0.4679991859106411,-1.0,-20.01072883605957,0.6832027011037286,-0.7008072733879089
Itga10,0.0047354749403893,0.0,-22.17849540710449,0.9888502385877284,-0.0321145206689834,-22.17849540710449,0.1082323023323343,-1.9846168756484983,-22.17849540710449,0.3327251842983419,-1.3908339738845823
Ankrd35,0.0,0.0015996608417481,20.61048889160156,0.9888502385877284,0.1678170263767242,20.61048889160156,0.4679991859106411,1.0,20.61048889160156,0.5282133287683867,1.0
Pias3,0.0226498302072286,0.074686124920845,1.7591806650161743,0.0298219307575296,2.6405603885650635,1.7591806650161743,6.534518689203888e-05,4.378493785858154,1.7591806650161743,0.0003071021871385,4.036657810211182
Nudt17,0.0018296503694728,0.0024812961928546,0.4399959444999695,0.9888502385877284,0.1684892028570175,0.4399959444999695,0.9483335942163298,0.2900538444519043,0.4399959444999695,0.9880110766138052,0.2502672970294952
Polr3c,0.199379563331604,0.2803421318531036,0.5524055361747742,0.000918256717841,3.743955373764038,0.5524055361747742,0.0027785486642235,3.3683011531829834,0.5524055361747742,0.0136199323237193,2.9012327194213867
Rnf115,0.3083761930465698,0.4734459817409515,0.7453183531761169,2.515281452391168e-07,5.546252250671387,0.7453183531761169,1.0498126603282786e-07,5.70517110824585,0.7453183531761169,7.485223252921391e-06,4.902953624725342
Cd160,0.1482511758804321,0.9492356181144714,3.308953046798706,1.9262643648131788e-73,18.36636734008789,3.308953046798706,1.6707406134263558e-73,21.51565742492676,3.308953046798706,8.241489915269253e-70,20.32929039001465
Pdzk1,0.0022829119116067,0.0026833494193851,0.2334487289190292,0.9888502385877284,0.2356309443712234,0.2334487289190292,1.0,0.1769417226314544,0.2334487289190292,1.0,0.1425863653421402
Gpr89,0.0594519451260566,0.123197466135025,1.097859025001526,0.003235484200132,3.384721040725708,1.097859025001526,0.0003681602380531,3.940635681152344,1.097859025001526,0.0021221383627957,3.499066114425659
Gja5,0.0,0.0,0.0,0.9888502385877284,0.1005259156227111,0.0,1.0,0.0,0.0,1.0,0.0
Gja8,0.0,0.0,0.0,0.9888502385877284,0.1005259156227111,0.0,1.0,0.0,0.0,1.0,0.0
Acp6,0.0722884014248848,0.0610265210270881,-0.2525419890880584,0.9888502385877284,0.4201027154922485,-0.2525419890880584,0.5648930512155638,-0.8444329500198364,-0.2525419890880584,0.6843043001689089,-0.698826014995575
Bcl9,0.0863409787416458,0.0042098425328731,-4.417899131774902,0.1031127711974124,-2.1217987537384038,-4.417899131774902,1.2537064794497026e-13,-7.834763526916504,-4.417899131774902,2.672800719665317e-07,-5.612949848175049
Chd1l,0.1123691722750663,0.1471715718507766,0.4149001240730285,0.0478874603051017,2.4555656909942627,0.4149001240730285,0.1367173219868948,1.865461587905884,0.4149001240730285,0.2437034431103158,1.5997060537338257
Fmo5,0.0377116203308105,0.0187933258712291,-1.0184996128082275,0.9888502385877284,-0.2134495228528976,-1.0184996128082275,0.0649749411356655,-2.221942186355591,-1.0184996128082275,0.1882095113462701,-1.7544409036636353
Prkab2,0.0234096888452768,0.0082438308745622,-1.516687512397766,0.9888502385877284,-0.233091652393341,-1.516687512397766,0.0483164553479904,-2.351472854614258,-1.516687512397766,0.1693808280879762,-1.812750577926636
Pde4dip,0.0696525052189827,0.0581107027828693,-0.2697854340076446,0.9888502385877284,0.4433297216892242,-0.2697854340076446,0.551144011311734,-0.864774763584137,-0.2697854340076446,0.6832027011037286,-0.7166134119033813
Sec22b,0.200994998216629,0.3647832572460174,0.9835907220840454,3.61690916036354e-09,6.275102138519287,0.9835907220840454,9.910465056547166e-10,6.518161773681641,0.9835907220840454,1.6082690763656648e-07,5.667532920837402
Notch2,0.113980159163475,0.0919993072748184,-0.3252156674861908,0.9888502385877284,0.3578901886940002,-0.3252156674861908,0.3200108149501468,-1.3473373651504517,-0.3252156674861908,0.4852417499657715,-1.105923056602478
Adam30,0.002455219393596,0.0,-21.22919273376465,0.9888502385877284,0.0342056974768638,-21.22919273376465,0.2942789202292576,-1.4149891138076782,-21.22919273376465,0.5299909986835808,-0.9916346669197084
Phgdh,0.4068558812141418,0.6153915524482727,0.7601702809333801,3.843731237884731e-08,5.8790483474731445,0.7601702809333801,1.578780980270654e-09,6.435644149780273,0.7601702809333801,3.5593192401978455e-07,5.516802787780762
Hsd3b2,0.0011434842599555,0.0,-20.125831604003903,0.9888502385877284,0.0673658028244972,-20.125831604003903,0.4679991859106411,-1.0,-20.125831604003903,0.6832027011037286,-0.7008072733879089
Wars2,0.0408742800354957,0.0219356957823038,-0.911645531654358,0.9888502385877284,-0.1187490373849868,-0.911645531654358,0.0922767807184302,-2.062097787857056,-0.911645531654358,0.2264776338077885,-1.6423959732055664
Wdr3,0.1442534476518631,0.1538155823945999,0.0996648445725441,0.2723723727975329,1.6161818504333496,0.0996648445725441,0.8166979512231851,0.4780220091342926,0.0996648445725441,0.8877106136357681,0.4031163454055786
Gdap2,0.0565117262303829,0.1067387908697128,0.9541864395141602,0.0093362744727349,3.053418636322021,0.9541864395141602,0.0029287103348602,3.353147506713867,0.9541864395141602,0.0123963151884758,2.934355497360229
Tent5c,0.1563807278871536,0.1581886410713195,0.0179214589297771,0.4492958262828034,1.2973518371582031,0.0179214589297771,1.0,0.0863216295838356,0.0179214589297771,1.0,0.0725525170564651
Man1a2,0.3559407889842987,0.395672470331192,0.1831207126379013,0.1232788211937465,2.0371060371398926,0.1831207126379013,0.3047478404383203,1.3816827535629272,0.1831207126379013,0.4513580420929507,1.163197040557861
Trim45,0.0094884587451815,0.003761266125366,-1.3390909433364868,0.9888502385877284,0.0353259705007076,-1.3390909433364868,0.2942789202292576,-1.4134454727172852,-1.3390909433364868,0.5049924636557528,-1.073934555053711
Ttf2,0.0438671186566352,0.1043240651488304,1.29400897026062,0.0109778673646597,2.998823881149292,1.29400897026062,0.0002278697760008,4.067010879516602,1.29400897026062,0.0012057311073892,3.6640779972076416
Cd101,0.0096208369359374,0.0178807415068149,0.900144100189209,0.9743620949583252,0.6024086475372314,0.900144100189209,0.3239283955607195,1.339180827140808,0.900144100189209,0.4388498248600511,1.1833914518356323
Ptgfrn,0.0033807845320552,0.0,-21.69136619567871,0.9994412017932364,0.0010455889860168,-21.69136619567871,0.1750643475464448,-1.7327337265014648,-21.69136619567871,0.4247033279437463,-1.2143124341964722
Cd2,1.2617344856262207,1.755824089050293,0.919472336769104,2.9792419129632345e-36,12.857757568359377,0.919472336769104,7.229683041191394e-41,14.24162769317627,0.919472336769104,5.016918847444289e-28,11.732125282287598
Igsf3,0.018562015146017,0.0,-24.159259796142575,0.9888502385877284,-0.4631959199905395,-24.159259796142575,0.0001652169076077,-4.143045425415039,-24.159259796142575,0.0138253571777446,-2.9034762382507324
Atp1a1,0.4603347182273865,0.6290765404701233,0.5832685232162476,6.193504243280468e-05,4.418957710266113,0.5832685232162476,9.180362651207484e-07,5.286494255065918,0.5832685232162476,5.490430437577001e-05,4.458824157714844
Slc22a15,0.0024805187713354,0.0781564936041832,5.032606601715088,0.003157976139982,3.3924882411956787,5.032606601715088,7.667212923241093e-10,6.630528926849365,5.032606601715088,1.4617438370034471e-09,6.550858020782471
Vangl1,0.0,0.0,0.0,0.9888502385877284,0.1005259156227111,0.0,1.0,0.0,0.0,1.0,0.0
Tspan2,0.0,0.0874750018119812,26.44592666625977,0.0007426987093355,3.80153751373291,26.44592666625977,4.04969077946708e-12,7.476771831512451,26.44592666625977,5.304019781956883e-12,7.476771831512451
Tshb,0.0,0.0,0.0,0.9888502385877284,0.1005259156227111,0.0,1.0,0.0,0.0,1.0,0.0
Sike1,0.3581905364990234,0.6835746765136719,1.1873629093170166,7.740506648618568e-19,9.192444801330566,1.1873629093170166,4.2825128793554056e-21,10.001333236694336,1.1873629093170166,2.7080878740154274e-16,8.702909469604492
Csde1,0.8729324340820312,1.0359582901000977,0.3830491006374359,0.0116372981845739,2.979555130004883,0.3830491006374359,2.7245626206397192e-05,4.566722393035889,0.3830491006374359,0.0007497945057274,3.795560121536255
Nras,0.400914579629898,0.5076038837432861,0.4231746792793274,0.0018997716828407,3.5411858558654785,0.4231746792793274,0.0019254612038438,3.476569652557373,0.4231746792793274,0.0122163476346964,2.939470052719116
Ampd1,0.0585609786212444,0.0,-25.84588623046875,0.26897881076605,-1.6237996816635132,-25.84588623046875,4.775206030456212e-12,-7.336206912994385,-25.84588623046875,2.898844800266592e-06,-5.1412672996521
Dennd2c,0.0084428023546934,0.0,-23.015384674072266,0.9888502385877284,-0.1315948367118835,-23.015384674072266,0.0263079276923854,-2.599930763244629,-23.015384674072266,0.1669187809526104,-1.8220503330230715
Bcas2,0.6328287124633789,0.732342004776001,0.2905896306037903,0.1523027764676208,1.931800365447998,0.2905896306037903,0.006230988509074,3.111467838287353,0.2905896306037903,0.0320853752679904,2.5807089805603027
Trim33,0.2905419170856476,0.2727156579494476,-0.1048104614019393,0.7432243874677895,0.887779712677002,-0.1048104614019393,0.6637017361537781,-0.6948328018188477,-0.1048104614019393,0.7668367586442142,-0.578245222568512
Syt6,0.0022816204000264,0.0,-21.123273849487305,0.9888502385877284,0.0342056974768638,-21.123273849487305,0.3008169283439504,-1.3917137384414673,-21.123273849487305,0.5360865448608425,-0.9753230810165404
Atg4a-ps,0.0010151122696697,0.0017136922106146,0.7559722065925598,0.9888502385877284,0.1345822364091873,0.7559722065925598,0.9064870885889152,0.35073122382164,0.7559722065925598,0.9478287275949818,0.3113309144973755
Olfml3,0.0195526797324419,0.0,-24.2349910736084,0.9888502385877284,-0.4963560402393341,-24.2349910736084,0.0001074689243578,-4.249246597290039,-24.2349910736084,0.0111511730972965,-2.977902889251709
Hipk1,0.3863602876663208,0.4416520297527313,0.2355922758579254,0.0664333006535681,2.3190417289733887,0.2355922758579254,0.149799649786071,1.817923665046692,0.2355922758579254,0.2683003577845909,1.538884520530701
Dclre1b,0.0523232333362102,0.0656179785728454,0.3363238871097564,0.552139031561047,1.1429781913757324,0.3363238871097564,0.4679991859106411,1.0058581829071045,0.3363238871097564,0.6086402244099517,0.8622211217880249
Ap4b1,0.0412762351334095,0.0307907424867153,-0.4304237365722656,0.9888502385877284,0.3650599420070648,-0.4304237365722656,0.4512338571097505,-1.1002213954925537,-0.4304237365722656,0.5872253091862325,-0.8956431746482849
Gm43064,0.0,0.0,0.0,0.9888502385877284,0.1005259156227111,0.0,1.0,0.0,0.0,1.0,0.0
Bcl2l15,0.0034622922539711,0.0067893872037529,0.9739556908607484,0.9888502385877284,0.3363809287548065,0.9739556908607484,0.548881460937505,0.8687281608581543,0.9739556908607484,0.6727222238019188,0.7667065858840942
Ptpn22,0.6284305453300476,1.2916717529296875,1.5931129455566406,2.905617977340921e-56,16.05725860595703,1.5931129455566406,3.744572368661018e-71,19.591590881347656,1.5931129455566406,6.484731408286962e-51,16.384143829345703
Rsbn1,0.2862031161785126,0.337856113910675,0.2785635888576507,0.025818064520993,2.695229768753052,0.2785635888576507,0.115847795661847,1.9507533311843872,0.2785635888576507,0.2262068164764391,1.6428989171981812
Phtf1,0.1202662214636802,0.1499220728874206,0.3398547768592834,0.0959384879651064,2.154660224914551,0.3398547768592834,0.2273087501259833,1.5754618644714355,0.3398547768592834,0.3521178245853988,1.3492604494094849
Magi3,0.0407499484717845,0.0169779695570468,-1.2803648710250854,0.9888502385877284,-0.2805165946483612,-1.2803648710250854,0.0196672889961026,-2.709642171859741,-1.2803648710250854,0.097167076514355,-2.096961736679077
Lrig2,0.0608086287975311,0.0676368623971939,0.1585118472576141,0.8113947502860629,0.804804801940918,0.1585118472576141,0.8031573331941239,0.497458279132843,0.1585118472576141,0.8724430414319312,0.4252495765686035
Slc16a1,0.090419091284275,0.0959171503782272,0.0891891345381736,0.2654145639678829,1.6312681436538696,0.0891891345381736,0.9000995288490395,0.3593935370445251,0.0891891345381736,0.9561804378551948,0.2993839979171753
Tafa3,0.0,0.0061793006025254,22.56347274780273,0.9888502385877284,0.3696903884410858,22.56347274780273,0.117544668264913,1.9465992450714111,22.56347274780273,0.1314391640406932,1.9465992450714111
Ppm1j,0.0193888153880834,0.1733801066875457,3.2735068798065186,7.875708918920238e-09,6.148212432861328,3.2735068798065186,2.9583483472214046e-17,9.092568397521973,3.2735068798065186,3.4439709492566496e-16,8.768269538879395
Rhoc,0.0053252167999744,0.1340418457984924,4.747626781463623,3.583080125529228e-06,5.031224727630615,4.747626781463623,2.002931051067747e-15,8.564090728759766,4.747626781463623,5.1463979136072745e-15,8.45447063446045
Mov10,0.0921767354011535,0.0812140107154846,-0.1906962841749191,0.9869521269737834,0.587770402431488,-0.1906962841749191,0.6467038930228549,-0.7202361226081848,-0.1906962841749191,0.7530766655949981,-0.5985750555992126
Capza1,0.5694276690483093,0.9498742818832396,1.0470540523529053,2.9112983815229174e-20,9.54615306854248,1.0470540523529053,1.8525414961100206e-26,11.277268409729004,1.0470540523529053,2.3154376740834947e-19,9.563309669494627
St7l,0.0982439219951629,0.1237533837556839,0.3517696559429168,0.1639426931266432,1.893860340118408,0.3517696559429168,0.2695668615997502,1.4738335609436035,0.3517696559429168,0.3990635533288004,1.2600704431533811
Wnt2b,0.0012179737677797,0.0,-20.21693229675293,0.9888502385877284,0.0673658028244972,-20.21693229675293,0.4679991859106411,-1.0,-20.21693229675293,0.6832027011037286,-0.7008072733879089
Cttnbp2nl,0.0,0.001791916671209,20.77436637878418,0.9888502385877284,0.1678170263767242,20.77436637878418,0.4679991859106411,1.0,20.77436637878418,0.5282133287683867,1.0
Kcnd3,0.0,0.0,0.0,0.9888502385877284,0.1005259156227111,0.0,1.0,0.0,0.0,1.0,0.0
Ddx20,0.0674019008874893,0.0469930693507194,-0.5352034568786621,0.9888502385877284,0.1498179584741592,-0.5352034568786621,0.1903869574857174,-1.677596926689148,-0.5352034568786621,0.3449154996253674,-1.3643269538879397
Inka2,0.0050538214854896,0.006090082693845,0.2698352038860321,0.9888502385877284,0.2361537367105484,0.2698352038860321,0.9762106706092092,0.2506796419620514,0.2698352038860321,1.0,0.212289810180664
Rap1a,0.7740833163261414,1.433343768119812,1.449989676475525,9.230495701675113e-59,16.41268539428711,1.449989676475525,1.043338180942668e-73,19.865291595458984,1.449989676475525,2.63683807287499e-50,16.320180892944336
Adora3,0.0,0.001279214862734,20.287750244140625,0.9888502385877284,0.1678170263767242,20.287750244140625,0.4679991859106411,1.0,20.287750244140625,0.5282133287683867,1.0
Tmigd3,0.0,0.003879097290337,21.89008903503418,0.9888502385877284,0.2351081520318985,21.89008903503418,0.2942789202292576,1.415805101394653,21.89008903503418,0.3242439506611627,1.415805101394653
I830077J02Rik,0.0012513065012171,0.0047036223113536,1.9128278493881223,0.9888502385877284,0.1689373105764389,1.9128278493881223,0.5037023612502732,0.9404276609420776,1.9128278493881223,0.5801099843562418,0.9065472483634948
Atp5pb,1.1320486068725586,1.5832266807556152,0.8808086514472961,1.1232835658985764e-32,12.195003509521484,0.8808086514472961,3.5762514578442556e-39,13.8975191116333,0.8808086514472961,1.714318005058563e-26,11.379384994506836
Wdr77,0.1065355911850929,0.1095702871680259,0.042749423533678,0.3492713651539616,1.464795470237732,0.042749423533678,1.0,0.1853513270616531,0.042749423533678,1.0,0.154831513762474
Ovgp1,0.0145703768357634,0.0055254660546779,-1.4054051637649536,0.9888502385877284,-0.1306986212730407,-1.4054051637649536,0.1695477604262027,-1.7508739233016968,-1.4054051637649536,0.3415190646846241,-1.3719744682312012
Pifo,0.0046626264229416,0.0,-22.15607643127441,0.9888502385877284,-0.0321145206689834,-22.15607643127441,0.1066420307833173,-1.992113471031189,-22.15607643127441,0.3306278743004377,-1.396087646484375
Chil5,0.0284059047698974,0.0048698903992772,-2.5612540245056152,0.9888502385877284,-0.466780811548233,-2.5612540245056152,0.0006120002056959,-3.798129081726074,-2.5612540245056152,0.0192535429702478,-2.780624866485596
Chia1,0.0,0.0,0.0,0.9888502385877284,0.1005259156227111,0.0,1.0,0.0,0.0,1.0,0.0
Chil3,0.0,0.0015194512670859,20.536216735839844,0.9888502385877284,0.1678170263767242,20.536216735839844,0.4679991859106411,1.0,20.536216735839844,0.5282133287683867,1.0
Chil6,0.0,0.0,0.0,0.9888502385877284,0.1005259156227111,0.0,1.0,0.0,0.0,1.0,0.0
Dennd2d,0.3963049352169037,0.1495559364557266,-1.5920019149780271,3.9504600420795606e-08,-5.874193668365479,-1.5920019149780271,5.55888334985206e-22,-10.120847702026367,-1.5920019149780271,1.0656322133384525e-13,-7.951217174530029
Cept1,0.1873676478862762,0.2703172266483307,0.5908973813056946,0.0002215447524557,4.111778736114502,0.5908973813056946,0.0014176910064181,3.5661613941192627,0.5908973813056946,0.0087857535920892,3.050957202911377
Dram2,0.1014342978596687,0.161982774734497,0.7199298739433289,0.0171376856011022,2.845421075820923,0.7199298739433289,0.0055177017920949,3.1542646884918213,0.7199298739433289,0.0196391330946168,2.768381834030152
Lrif1,0.3593780696392059,0.2687532305717468,-0.488008439540863,0.4680853216165243,-1.2668057680130005,-0.488008439540863,0.0036391979916122,-3.283243417739868,-0.488008439540863,0.0241649070984228,-2.6915388107299805
Cd53,1.3684135675430298,1.3956596851348877,0.0524856597185134,0.9888502385877284,-0.5176412463188171,0.0524856597185134,0.5875436438635645,0.8090156316757202,0.0524856597185134,0.7035790334281979,0.6713076233863831
Kcna3,0.0127762835472822,0.0077861086465418,-0.7180997133255005,0.9888502385877284,0.0684113949537277,-0.7180997133255005,0.497380742644716,-0.9505254626274108,-0.7180997133255005,0.6775019522784099,-0.7597574591636658
Kcna2,0.1350580602884292,0.0020067431032657,-6.169651508331299,0.0032089588506032,-3.3874096870422363,-6.169651508331299,5.760945042606576e-23,-10.44340991973877,-6.169651508331299,1.0477184958536776e-11,-7.36545991897583
Cym,0.0,0.0,0.0,0.9888502385877284,0.1005259156227111,0.0,1.0,0.0,0.0,1.0,0.0
A630076J17Rik,0.0,0.0,0.0,0.9888502385877284,0.1005259156227111,0.0,1.0,0.0,0.0,1.0,0.0
Prok1,0.0,0.0,0.0,0.9888502385877284,0.1005259156227111,0.0,1.0,0.0,0.0,1.0,0.0
Lamtor5,0.4222953021526336,0.8304750323295593,1.3006428480148315,2.3085598563425223e-25,10.715195655822754,1.3006428480148315,1.268177067351072e-33,12.907265663146973,1.3006428480148315,1.5153607052684036e-25,11.120854377746582
Slc16a4,0.0044224727898836,0.0008045358699746,-2.4612340927124023,0.9888502385877284,0.0348778627812862,-2.4612340927124023,0.242639170934763,-1.5359995365142822,-2.4612340927124023,0.4830701406694063,-1.109890103340149
Rbm15,0.1281609982252121,0.1683949679136276,0.4236311018466949,0.0161983371266643,2.864764451980591,0.4236311018466949,0.0839089876574941,2.1065800189971924,0.4236311018466949,0.1771488984033529,1.787732720375061
Strip1,0.0805088207125663,0.0884199738502502,0.14101243019104,0.4066629831055032,1.3653898239135742,0.14101243019104,0.7813794419066509,0.5285102725028992,0.14101243019104,0.8597904405698532,0.4438251554965973
Ahcyl1,0.170573204755783,0.2305209338665008,0.4791942834854126,0.0046388303162623,3.2746353149414062,0.4791942834854126,0.0199528533111307,2.7060492038726807,0.4791942834854126,0.0605900701693237,2.3131229877471924
Csf1,0.0,0.0555204562842845,25.76675033569336,0.0661093678323553,2.3211328983306885,25.76675033569336,2.836632383305878e-07,5.567818641662598,25.76675033569336,3.519326493944664e-07,5.567818641662598
Gstm5,0.0003030791413038,0.0100519824773073,5.058675765991211,0.9888502385877284,0.5387770533561707,5.058675765991211,0.0510265696533671,2.333754301071167,5.058675765991211,0.0592030916023084,2.327415943145752
Gstm7,0.0015577720478177,0.0,-20.57217788696289,0.9888502385877284,0.0673658028244972,-20.57217788696289,0.4679991859106411,-1.0,-20.57217788696289,0.6832027011037286,-0.7008072733879089
Gstm2,0.0011002594837918,0.0,-20.070207595825195,0.9888502385877284,0.0673658028244972,-20.070207595825195,0.4679991859106411,-1.0,-20.070207595825195,0.6832027011037286,-0.7008072733879089
Gstm1,0.0070369280874729,0.0390818566083908,2.496685743331909,0.3425133604626183,1.4771184921264648,2.496685743331909,0.0010251362537083,3.6682071685791016,2.496685743331909,0.0022282059922132,3.4894230365753174
Gstm4,0.0143338963389396,0.0163138955831527,0.1881023794412613,0.9888502385877284,0.3992656171321869,0.1881023794412613,0.9353715247732778,0.3089525699615478,0.1881023794412613,0.9807008610890008,0.2613349258899688
Ampd2,0.0408935248851776,0.0493617877364158,0.2776767909526825,0.6632455587533052,0.9931601881980896,0.2776767909526825,0.6217234784030435,0.7577593326568604,0.2776767909526825,0.7219450745990105,0.6440171003341675
Gnat2,0.0,0.0011592789087444,20.14563369750977,0.9888502385877284,0.1678170263767242,20.14563369750977,0.4679991859106411,1.0,20.14563369750977,0.5282133287683867,1.0
Gnai3,0.3530759811401367,0.4842853844165802,0.5571111440658569,0.0001288800192018,4.2456889152526855,0.5571111440658569,6.167137735647337e-05,4.38109016418457,0.5571111440658569,0.0009388514270217,3.7333343029022217
Amigo1,0.0029696247074753,0.0122447162866592,2.0505053997039795,0.9888502385877284,0.471411257982254,2.0505053997039795,0.185860510114276,1.6930159330368042,2.0505053997039795,0.238550663054524,1.6127463579177856
Cyb561d1,0.0434516109526157,0.0556208007037639,0.3650654256343841,0.59675522389334,1.0820351839065552,0.3650654256343841,0.4679991859106411,1.0219628810882568,0.3650654256343841,0.6000488543048943,0.8751252293586731
Atxn7l2,0.0333410575985908,0.0276945680379867,-0.2717905938625335,0.9888502385877284,0.4461677670478821,-0.2717905938625335,0.7075797810252774,-0.6324206590652466,-0.2717905938625335,0.8115260281786578,-0.5148313045501709
Sypl2,0.0,0.0,0.0,0.9888502385877284,0.1005259156227111,0.0,1.0,0.0,0.0,1.0,0.0
Psma5,0.5908104181289673,0.9983519315719604,1.0893347263336182,2.4720640937708585e-23,10.266115188598633,1.0893347263336182,1.6055951241886431e-31,12.398804664611816,1.0893347263336182,8.712944843009021e-23,10.454120635986328
Sort1,0.0,0.0,0.0,0.9888502385877284,0.1005259156227111,0.0,1.0,0.0,0.0,1.0,0.0
Psrc1,0.0028902520425617,0.0130845792591571,2.185963630676269,0.9888502385877284,0.5384783148765564,2.185963630676269,0.0955732538275995,2.0476582050323486,2.185963630676269,0.1338637487932408,1.935391902923584
Celsr2,0.0174658577889204,0.0063842278905212,-1.4599628448486328,0.9888502385877284,-0.1314454674720764,-1.4599628448486328,0.1117350174507006,-1.967870831489563,-1.4599628448486328,0.2760026948805523,-1.5206563472747805
Sars,0.4084734320640564,0.7642847299575806,1.1854596138000488,1.1698649392198256e-20,9.642197608947754,1.1854596138000488,4.276197555114796e-26,11.205336570739746,1.1854596138000488,2.1459081941870496e-19,9.57050895690918
5330417C22Rik,0.0016540823271498,0.001787283224985,0.1118333041667938,0.9888502385877284,0.1345822364091873,0.1118333041667938,1.0,0.05469736084342,0.1118333041667938,1.0,0.0449911393225193
Tmem167b,0.0519646853208541,0.0873923301696777,0.7758275270462036,0.080104425677927,2.235842704772949,0.7758275270462036,0.0274269232575157,2.5841643810272217,0.7758275270462036,0.0687994265056311,2.255037546157837
Taf13,0.1237689405679702,0.2354028820991516,1.01041841506958,9.506820084875388e-07,5.294787883758545,1.01041841506958,1.1971181161645376e-06,5.241329669952393,1.01041841506958,3.2535165552391294e-05,4.579471588134766
Wdr47,0.0438470430672168,0.0597105622291564,0.4570487141609192,0.5249144183364834,1.1833080053329468,0.4570487141609192,0.3437696142289205,1.299003839492798,0.4570487141609192,0.4765838652679219,1.1200963258743286
Clcc1,0.0959585756063461,0.1409887820482254,0.5882203578948975,0.0239987835283466,2.7223403453826904,0.5882203578948975,0.0316049463106944,2.527838468551636,0.5882203578948975,0.0798949608617158,2.187273979187012
Gpsm2,0.0340300872921943,0.0370990261435508,0.1267971694469452,0.7580512368989015,0.8698553442955017,0.1267971694469452,0.927669895890889,0.3191834390163421,0.1267971694469452,0.9761227258272078,0.2678550481796264
Stxbp3,0.1903252303600311,0.1974922567605972,0.0586661882698535,0.3164818452112946,1.5250662565231323,0.0586661882698535,0.9262585310080232,0.3212789297103882,0.0586661882698535,0.9747041437960796,0.2701307833194732
Fndc7,0.0,0.0,0.0,0.9888502385877284,0.1005259156227111,0.0,1.0,0.0,0.0,1.0,0.0
Prpf38b,0.8955591320991516,0.811932384967804,-0.2102339416742324,0.0215383588088461,-2.7613258361816406,-0.2102339416742324,0.0572476641797522,-2.279120922088623,-0.2102339416742324,0.1434762183799187,-1.8985545635223389
Henmt1,0.0,0.0,0.0,0.9888502385877284,0.1005259156227111,0.0,1.0,0.0,0.0,1.0,0.0
Fam102b,0.0414244718849659,0.0667218938469886,0.7060897946357727,0.4222510283818741,1.339922308921814,0.7060897946357727,0.1231136289894879,1.9206082820892332,0.7060897946357727,0.2059316227170445,1.698854923248291
Slc25a24,0.01858233474195,0.1547499597072601,3.1575777530670166,3.89721466502127e-07,5.463650703430176,3.1575777530670166,3.2911659509116677e-15,8.461198806762695,3.1575777530670166,3.8087353166568903e-14,8.128128051757812
Vav3,0.0338200181722641,0.0410390719771385,0.2843605875968933,0.7259702722978809,0.9108573794364928,0.2843605875968933,0.6666818853226388,0.6901984810829163,0.2843605875968933,0.760247177635492,0.5873756408691406
Prmt6,0.0596895478665828,0.0700961500406265,0.2394447326660156,0.4997381478698069,1.2196048498153689,0.2394447326660156,0.6031965390397769,0.7853150367736816,0.2394447326660156,0.7087586641760215,0.6633832454681396
Amy1,0.001223022583872,0.0,-20.222902297973636,0.9888502385877284,0.0673658028244972,-20.222902297973636,0.4679991859106411,-1.0,-20.222902297973636,0.6832027011037286,-0.7008072733879089
Rnpc3,0.1660072356462478,0.1698412895202636,0.0357840470969677,0.3749241104294276,1.418266773223877,0.0357840470969677,1.0,0.1831064075231552,0.0357840470969677,1.0,0.1540176272392273
S1pr1,1.0009764432907104,0.6037344932556152,-1.0538617372512815,5.955639887000021e-20,-9.469226837158203,-1.0538617372512815,3.148456789006581e-23,-10.478581428527832,-1.0538617372512815,2.163658111188585e-16,-8.738228797912598
Dph5,0.6195827722549438,0.1699089705944061,-2.2121739387512207,1.792862857742246e-24,-10.520940780639648,-2.2121739387512207,1.255402692713591e-53,-16.407262802124023,-2.2121739387512207,2.5513556643706603e-31,-12.63022232055664
Slc30a7,0.1116572767496109,0.0983160436153411,-0.1933705508708953,0.9888502385877284,0.5699206590652466,-0.1933705508708953,0.6002938812386908,-0.7896357178688049,-0.1933705508708953,0.7107452792977869,-0.6607091426849365
Extl2,0.0281789191067218,0.0146720539778471,-0.9513234496116638,0.9994412017932364,-0.0070203831419348,-0.9513234496116638,0.1386297176245299,-1.857627391815185,-0.9513234496116638,0.3048355676321101,-1.4567900896072388
Vcam1,0.0010391167597845,0.0108213545754551,3.387513399124145,0.9888502385877284,0.4037467241287231,3.387513399124145,0.1570459471193729,1.793900489807129,3.387513399124145,0.1863783039597904,1.7610775232315063
Cdc14a,0.0987548157572746,0.2962171733379364,1.731856107711792,1.8648310363524626e-12,7.401873588562012,1.731856107711792,2.2964980690132093e-15,8.445452690124512,1.731856107711792,6.514397085637403e-13,7.676128387451172
Rtca,0.0736775770783424,0.1439334601163864,1.0177019834518433,0.0006459072845545,3.839776277542114,1.0177019834518433,0.0001610306038058,4.152677059173584,1.0177019834518433,0.0012053576690493,3.663482189178467
Dbt,0.1063354611396789,0.0701423212885856,-0.6267575621604919,0.9888502385877284,-0.0822281092405319,-0.6267575621604919,0.0519766614435855,-2.3209123611450195,-0.6267575621604919,0.1509037169890069,-1.8733774423599243
Lrrc39,0.0,0.0,0.0,0.9888502385877284,0.1005259156227111,0.0,1.0,0.0,0.0,1.0,0.0
Trmt13,0.1154319792985916,0.1285807192325592,0.1653090715408325,0.356439393144626,1.4516509771347046,0.1653090715408325,0.6490669609199776,0.7166023254394531,0.1653090715408325,0.744698890814507,0.6104728579521179
Sass6,0.0640089735388755,0.078356847167015,0.302257776260376,0.222882610630465,1.7291054725646973,0.302257776260376,0.4679991859106411,1.0384681224822998,0.302257776260376,0.5981320342825113,0.8782110810279846
Mfsd14a,0.1920108795166015,0.3149740993976593,0.8064875602722168,9.117387703244486e-07,5.302928447723389,0.8064875602722168,2.684764988819218e-06,5.074304580688477,0.8064875602722168,7.277960238955503e-05,4.390668869018555
Slc35a3,0.0570335835218429,0.0962563306093216,0.7837242484092712,0.0388462233194355,2.538690090179444,0.7837242484092712,0.0165303293892974,2.776545286178589,0.7837242484092712,0.0483332435245019,2.41013765335083
Agl,0.0647782981395721,0.0264668148010969,-1.3191717863082886,0.9888502385877284,-0.5118904709815979,-1.3191717863082886,0.0015793404513425,-3.530731439590454,-1.3191717863082886,0.0224793186633585,-2.720544815063477
Frrs1,0.1470814347267151,0.1677291393280029,0.2048029899597168,0.1512118768523381,1.9351611137390137,0.2048029899597168,0.4679991859106411,1.0014550685882568,0.2048029899597168,0.6164198166805396,0.8495427370071411
Palmd,0.0,0.0,0.0,0.9888502385877284,0.1005259156227111,0.0,1.0,0.0,0.0,1.0,0.0
Snx7,0.0,0.0,0.0,0.9888502385877284,0.1005259156227111,0.0,1.0,0.0,0.0,1.0,0.0
Ptbp2,0.13271164894104,0.135444089770317,0.0314176045358181,0.2513235172652598,1.6615902185440063,0.0314176045358181,1.0,0.1449288874864578,0.0314176045358181,1.0,0.1210551783442497
Rwdd3,0.0210655722767114,0.003049703547731,-2.8011674880981445,0.9888502385877284,-0.3974731862545013,-2.8011674880981445,0.0028921130103049,-3.352909803390503,-2.8011674880981445,0.0441891560354207,-2.452268600463867
Alg14,0.0262370985001325,0.0560580864548683,1.116973042488098,0.171390230828388,1.871305584907532,1.116973042488098,0.016518892436238,2.777554750442505,1.116973042488098,0.0438849232752663,2.451918125152588
Cnn3,0.0922337546944618,0.0008873788174241,-6.766003131866455,0.0476667411754068,-2.4577314853668213,-6.766003131866455,1.4593890004357402e-17,-9.02637004852295,-6.766003131866455,5.373314668471425e-09,-6.338157176971436
F3,0.0,0.0,0.0,0.9888502385877284,0.1005259156227111,0.0,1.0,0.0,0.0,1.0,0.0
Abcd3,0.0725069716572761,0.0698432922363281,-0.0559423342347145,0.6886544287699452,0.9595519304275512,-0.0559423342347145,1.0,-0.1942328959703445,-0.0559423342347145,1.0,-0.1614001542329788
Arhgap29,0.0096380757167935,0.0,-23.20727157592773,0.9888502385877284,-0.1647549569606781,-23.20727157592773,0.0152500287903199,-2.805501699447632,-23.20727157592773,0.1267903353788922,-1.9661160707473757
Gclm,0.1641600877046585,0.1445113867521286,-0.198458194732666,0.6613108887024951,0.9955500960350036,-0.198458194732666,0.4679991859106411,-1.0084267854690552,-0.198458194732666,0.6297894192070979,-0.8288751244544983
Dnttip2,0.4095528423786163,0.4141803085803985,0.0197759214788675,0.9134135737615384,0.6818733811378479,0.0197759214788675,1.0,0.1556189060211181,0.0197759214788675,1.0,0.1301754862070083
Bcar3,0.0,0.0,0.0,0.9888502385877284,0.1005259156227111,0.0,1.0,0.0,0.0,1.0,0.0
Fnbp1l,0.0010999041842296,0.001340786460787,0.285875141620636,0.9888502385877284,0.1345822364091873,0.285875141620636,1.0,0.1388999670743942,0.285875141620636,1.0,0.1166943833231926
Pde5a,0.0028328606858849,0.0036811139434576,0.3784947991371155,0.9888502385877284,0.0685607641935348,0.3784947991371155,1.0,0.2090087383985519,0.3784947991371155,1.0,0.1921060979366302
1810037I17Rik,0.6109707355499268,1.2012120485305786,1.4644323587417605,8.334002911474986e-46,14.47311782836914,1.4644323587417605,5.820171943286494e-54,16.794099807739258,1.4644323587417605,3.810342762507227e-40,14.286887168884276
Usp53,0.160350814461708,0.074110247194767,-1.1769111156463623,0.2245710659931129,-1.7246243953704834,-1.1769111156463623,3.859464259631447e-06,-4.98660135269165,-1.1769111156463623,0.0004482318541903,-3.939176082611084
Synpo2,0.0003030791413038,0.0,-18.20955848693848,0.9888502385877284,0.0673658028244972,-18.20955848693848,0.4679991859106411,-1.0,-18.20955848693848,0.6832027011037286,-0.7008072733879089
Sec24d,0.0201502982527017,0.0555486902594566,1.488647222518921,0.2372087920505914,1.6942275762557983,1.488647222518921,0.0048606705828501,3.198362350463867,1.488647222518921,0.0125319288191223,2.9315316677093506
Mettl14,0.0726327151060104,0.0826171115040779,0.1931165605783462,0.3168831566118745,1.5242446660995483,0.1931165605783462,0.6586040635767421,0.7024258375167847,0.1931165605783462,0.7592348234019212,0.5892659425735474
Prss12,0.0289728194475173,0.0,-24.80914688110352,0.8200682790738505,-0.7947970032691956,-24.80914688110352,1.2545296374950652e-06,-5.228072643280029,-24.80914688110352,0.0012657957562006,-3.663871288299561
Camk2d,0.560309886932373,0.2700115740299225,-1.2770527601242063,7.020615774184337e-11,-6.885427474975586,-1.2770527601242063,1.664125577702306e-20,-9.75861930847168,-1.2770527601242063,2.537226069323794e-13,-7.817702293395996
Larp7,0.2414692491292953,0.3131749629974365,0.4292416870594024,0.0046120990114387,3.276353120803833,0.4292416870594024,0.0173778850292193,2.757038116455078,0.4292416870594024,0.0553287410489133,2.352193117141724
Zgrf1,0.0200793296098709,0.0713333114981651,1.8661184310913088,0.0131202633015086,2.938851833343506,1.8661184310913088,1.7818153164974608e-05,4.678050518035889,1.8661184310913088,0.0001138871279202,4.285648822784424
Neurog2,0.0,0.0,0.0,0.9888502385877284,0.1005259156227111,0.0,1.0,0.0,0.0,1.0,0.0
Alpk1,0.0,0.0,0.0,0.9888502385877284,0.1005259156227111,0.0,1.0,0.0,0.0,1.0,0.0
Tifa,0.0,0.0,0.0,0.9888502385877284,0.1005259156227111,0.0,1.0,0.0,0.0,1.0,0.0
Ap1ar,0.2059656232595443,0.193820908665657,-0.0967317000031471,0.5055965965123405,1.2092983722686768,-0.0967317000031471,0.7667406243165891,-0.548954963684082,-0.0967317000031471,0.850671170624355,-0.4568260610103607
Fam241a,0.524306058883667,0.2324757128953933,-1.3970800638198853,1.1349262278122283e-10,-6.813506126403809,-1.3970800638198853,1.0668873544086782e-23,-10.538972854614258,-1.3970800638198853,9.011666515086506e-15,-8.288585662841797
Pitx2,0.0,0.0014985152520239,20.51618385314941,0.9888502385877284,0.1678170263767242,20.51618385314941,0.4679991859106411,1.0,20.51618385314941,0.5282133287683867,1.0
Elovl6,0.0956373810768127,0.0211590193212032,-2.2305493354797363,0.3200854640825265,-1.5184940099716189,-2.2305493354797363,5.391852777251024e-09,-6.2104692459106445,-2.2305493354797363,2.7746422557802207e-05,-4.631652355194092
Egf,0.0279733818024396,0.0091457683593034,-1.6265017986297607,0.9888502385877284,-0.2657289803028106,-1.6265017986297607,0.0238487286822636,-2.63619327545166,-1.6265017986297607,0.1145061947779524,-2.016819715499878
Rrh,0.0055221072398126,0.0,-22.40077209472656,0.9888502385877284,-0.0652746260166168,-22.40077209472656,0.0647251419411547,-2.2248966693878174,-22.40077209472656,0.2604789348967954,-1.5592236518859863
Gar1,0.3392370641231537,0.3372198939323425,-0.0101409666240215,0.9888502385877284,0.5301136374473572,-0.0101409666240215,1.0,-0.07331083714962,-0.0101409666240215,1.0,-0.061984896659851
Pla2g12a,0.0846230611205101,0.1112542599439621,0.4142616689205169,0.0790595008247158,2.241593360900879,0.4142616689205169,0.1832341239535345,1.7005170583724976,0.4142616689205169,0.3088879734268704,1.4474302530288696
Casp6,0.1032985374331474,0.158328503370285,0.6566624045372009,0.0144744352206422,2.904347419738769,0.6566624045372009,0.0115308100672918,2.905002355575561,0.6566624045372009,0.0376149282407555,2.515512466430664
Mcub,0.0177065059542655,0.102893128991127,2.6008620262146,0.0003246720576196,4.01573371887207,2.6008620262146,2.0214409322966283e-09,6.441310405731201,2.6008620262146,1.629729776867687e-08,6.100196361541748
Sec24b,0.1285281032323837,0.1450328677892685,0.1864730417728424,0.1130285378493854,2.0783321857452397,0.1864730417728424,0.5347802505939505,0.8899269104003906,0.1864730417728424,0.6832027011037286,0.7472838759422302
Ostc,0.6371169686317444,1.0423437356948853,1.0429214239120483,1.476274982066709e-23,10.316901206970217,1.0429214239120483,3.6484928837618507e-28,11.67563533782959,1.0429214239120483,9.014631709685987e-21,9.935293197631836
Rpl34,3.801820516586304,3.53609561920166,-0.3934248387813568,2.069508144826051e-59,-16.503950119018555,-0.3934248387813568,6.285475375999616e-57,-17.519840240478516,-0.3934248387813568,1.7882235683711882e-45,-15.331893920898438
Lef1,1.5641942024230957,0.5006994009017944,-2.539703130722046,4.873757567709793e-106,-22.09337043762207,-2.539703130722046,1.0737426566100117e-148,-30.56932258605957,-2.539703130722046,3.896065423825745e-100,-24.956029891967773
Hadh,0.1912328600883484,0.2836289703845978,0.6379589438438416,0.0001328532513257,4.23814582824707,0.6379589438438416,0.0004534994351518,3.882246255874634,0.6379589438438416,0.0036046920178244,3.339146137237549
Cyp2u1,0.0032787972595542,0.0007112665334716,-2.2065556049346924,0.9888502385877284,0.0681126564741134,-2.2065556049346924,0.3611637163405876,-1.2630270719528198,-2.2065556049346924,0.5752941670250946,-0.914068043231964
Sgms2,0.0,0.0,0.0,0.9888502385877284,0.1005259156227111,0.0,1.0,0.0,0.0,1.0,0.0
Papss1,0.0924333482980728,0.0924015119671821,-0.0005202111788094,0.4768710086522411,1.2532130479812622,-0.0005202111788094,1.0,-0.0020906785503029,-0.0005202111788094,1.0,-0.0017403058009222
Aimp1,0.611879289150238,0.793428361415863,0.5210228562355042,7.000012481555582e-05,4.389083862304688,0.5210228562355042,1.301144491723859e-06,5.216756343841553,0.5210228562355042,7.13764729425067e-05,4.396091938018799
Tbck,0.1380395591259002,0.1252688765525818,-0.149467796087265,0.7533325940515201,0.8760542273521423,-0.149467796087265,0.6692286567471903,-0.6866043210029602,-0.149467796087265,0.7726468555631979,-0.5696550011634827
Npnt,0.0012547844089567,0.0192533358931541,3.952601194381714,0.651515549228385,1.0083959102630615,3.952601194381714,0.004831893402789,3.2047195434570312,3.952601194381714,0.007164245530359,3.1249287128448486
Gstcd,0.0548882484436035,0.0560764633119106,0.0317631214857101,0.651311582997573,1.00899338722229,0.0317631214857101,1.0,0.1002623438835144,0.0317631214857101,1.0,0.0837640091776847
Ints12,0.0450213067233562,0.1172451004385948,1.4336504936218262,0.0048783722424537,3.259100914001465,1.4336504936218262,2.916670943430748e-05,4.5649027824401855,1.4336504936218262,0.000196733845875,4.148880481719971
Ppa2,0.1926192343235016,0.2241242527961731,0.2420614808797836,0.0241646498466247,2.719726324081421,0.2420614808797836,0.2942899983384477,1.4103338718414309,0.2420614808797836,0.4353774066318117,1.1891313791275024
Tet2,0.1997036188840866,0.2974250018596649,0.6480739712715149,0.0001684118062279,4.180190086364746,0.6480739712715149,0.0005328776657147,3.840323209762573,0.6480739712715149,0.0037130254664034,3.3294777870178223
Cenpe,0.0234720017760992,0.119220033288002,2.414502620697021,0.0027413677542078,3.434311628341675,2.414502620697021,1.4861859206881565e-07,5.674071311950684,2.414502620697021,6.911007148910868e-07,5.40750789642334
Bdh2,0.0,0.0,0.0,0.9888502385877284,0.1005259156227111,0.0,1.0,0.0,0.0,1.0,0.0
Slc9b2,0.0,0.0109773902222514,23.395957946777344,0.9888502385877284,0.5042726397514343,23.395957946777344,0.0414561885660645,2.420945882797241,23.395957946777344,0.0476823352145881,2.420945882797241
Slc9b1,0.0,0.0,0.0,0.9888502385877284,0.1005259156227111,0.0,1.0,0.0,0.0,1.0,0.0
Cisd2,0.4552834928035736,0.6468473076820374,0.6574696898460388,1.214822334324398e-06,5.246989727020264,0.6574696898460388,3.7100682501018334e-08,5.890347480773926,0.6574696898460388,5.008116385675922e-06,4.988940238952637
Ube2d3,1.6032403707504272,1.817670941352844,0.3778572082519531,3.450809914858434e-07,5.486728191375732,0.3778572082519531,7.763700189279286e-11,6.89689302444458,0.3778572082519531,1.837176064145627e-07,5.647277355194092
Manba,0.060901902616024,0.0876126810908317,0.5441586971282959,0.262893547874361,1.63694429397583,0.5441586971282959,0.1515559163189705,1.8114594221115112,0.5441586971282959,0.2529925284765307,1.576988935470581
Nfkb1,0.5453024506568909,0.4744846522808075,-0.2561019659042358,0.2245710659931129,-1.7246990203857422,-0.2561019659042358,0.0631705049063549,-2.2351622581481934,-0.2561019659042358,0.156452266484827,-1.8543832302093504
Slc39a8,0.003133587539196,0.0062778936699032,1.0047351121902466,0.9888502385877284,0.2693138420581817,1.0047351121902466,0.5543100194651752,0.8603338599205017,1.0047351121902466,0.6717378926857128,0.7683324217796326
Bank1,0.0088619571179151,0.0053343921899795,-0.7348487973213196,0.9994412017932364,0.0029873971361666,-0.7348487973213196,0.6794391078005563,-0.672595202922821,-0.7348487973213196,0.7796965607613999,-0.5598052144050598
Ppp3ca,0.396577924489975,0.5378880500793457,0.5495436787605286,4.3703507439705765e-05,4.49864673614502,0.5495436787605286,4.292495934751531e-05,4.465685844421387,0.5495436787605286,0.000720060400325,3.806156635284424
Ddit4l,0.0,0.0,0.0,0.9888502385877284,0.1005259156227111,0.0,1.0,0.0,0.0,1.0,0.0
Gm21962,0.0013400035677477,0.0,-20.354772567749023,0.9888502385877284,0.0673658028244972,-20.354772567749023,0.4679991859106411,-1.0,-20.354772567749023,0.6832027011037286,-0.7008072733879089
H2az1,1.4918442964553833,2.479234218597412,1.665878176689148,2.782342909189548e-110,22.535131454467773,1.665878176689148,1.6173102385297926e-117,27.00745010375977,1.665878176689148,9.431980202225813e-90,22.9783878326416
Dnajb14,0.0998033881187439,0.0279879868030548,-1.8866368532180784,0.2507513230690281,-1.6628599166870115,-1.8866368532180784,1.0980557802840677e-07,-5.679465293884277,-1.8866368532180784,9.44260967632158e-05,-4.338524341583252
Lamtor3,0.2274617254734039,0.4301733672618866,1.0735177993774414,3.299919092239323e-12,7.32293176651001,1.0735177993774414,2.2931214520773724e-13,7.774981021881103,1.0735177993774414,3.5342991424865124e-10,6.719211101531982
Dapp1,0.1151982173323631,0.2149232178926468,0.9736171960830688,7.775630673240688e-06,4.872668743133545,0.9736171960830688,7.9338892226842e-06,4.847447872161865,0.9736171960830688,0.0001418276208059,4.2288360595703125
Mttp,0.0254161339253187,0.0165847409516572,-0.6222808361053467,0.9888502385877284,0.1949276626110077,-0.6222808361053467,0.4173044076319814,-1.1575888395309448,-0.6222808361053467,0.5663080114807206,-0.9276596903800964
Trmt10a,0.0637570843100547,0.0687774270772934,0.1130110472440719,0.552139031561047,1.143276929855347,0.1130110472440719,0.8982376926642079,0.361809104681015,0.1130110472440719,0.9502367528043258,0.3077560365200043
Adh1,0.0010302950395271,0.0,-19.97537040710449,0.9888502385877284,0.0673658028244972,-19.97537040710449,0.4679991859106411,-1.0,-19.97537040710449,0.6832027011037286,-0.7008072733879089
Adh4,0.0,0.0,0.0,0.9888502385877284,0.1005259156227111,0.0,1.0,0.0,0.0,1.0,0.0
Adh5,0.4325494468212127,0.5505979657173157,0.4402365386486053,0.0027354469267647,3.434983968734741,0.4402365386486053,0.0003514237309769,3.9472503662109375,0.4402365386486053,0.0038173102754248,3.320838689804077
Metap1,0.1003450229763984,0.157494455575943,0.6924422979354858,0.0025061240983569,3.4610488414764404,0.6924422979354858,0.0051379401079828,3.177641630172729,0.6924422979354858,0.0211243591162086,2.741782188415528
Eif4e,0.3066374063491821,0.4699234068393707,0.7412803173065186,1.0610332390952049e-06,5.2735772132873535,0.7412803173065186,6.827654408244432e-08,5.784316062927246,0.7412803173065186,5.6484774071917125e-06,4.962624549865723
Tspan5,0.070742517709732,0.0850973352789878,0.2770257294178009,0.3632671283246409,1.4393279552459717,0.2770257294178009,0.4725129858711329,0.9912877082824708,0.2770257294178009,0.6183100450352411,0.8463646769523621
Rap1gds1,0.2529242932796478,0.2142920345067978,-0.2680786848068237,0.9888502385877284,0.0438400544226169,-0.2680786848068237,0.2082112740094198,-1.6260889768600464,-0.2680786848068237,0.3503589029006111,-1.3530566692352295
Stpg2,0.0014393726596608,0.0,-20.45804786682129,0.9888502385877284,0.0673658028244972,-20.45804786682129,0.4679991859106411,-1.0,-20.45804786682129,0.6832027011037286,-0.7008072733879089
Pdlim5,0.1135453656315803,0.1177688091993331,0.0557939708232879,0.6223045744963022,1.0481282472610474,0.0557939708232879,0.9853320234878464,0.2372107952833175,0.0557939708232879,1.0,0.2016051113605499
Gbp5,0.1112859323620796,0.0514287315309047,-1.1573880910873413,0.650939836258076,-1.0097402334213257,-1.1573880910873413,0.0001040280170718,-4.250272750854492,-1.1573880910873413,0.003578879427183,-3.344075918197632
Gbp7,0.4753890335559845,0.7566413879394531,0.894074022769928,4.408319701552573e-12,7.282601833343506,0.894074022769928,5.98758831766723e-14,7.949992179870605,0.894074022769928,2.5611696550513264e-10,6.771334171295166
Gbp3,0.0976061969995498,0.2157874852418899,1.232041597366333,8.165659652307618e-07,5.323915004730225,1.232041597366333,9.12212632937537e-08,5.74280309677124,1.232041597366333,2.7249220586808363e-06,5.116162300109863
Gbp2b,0.0,0.0,0.0,0.9888502385877284,0.1005259156227111,0.0,1.0,0.0,0.0,1.0,0.0
Gbp2,0.4112474024295807,0.2608976066112518,-0.7710400223731995,0.0127443486010314,-2.9487850666046143,-0.7710400223731995,1.3182158012177133e-06,-5.208688259124756,-0.7710400223731995,0.0001363164027824,-4.240835189819336
Kyat3,0.0067529245279729,0.0079440660774707,0.2352253794670105,0.9888502385877284,0.1701322644948959,0.2352253794670105,0.9834645433977982,0.2401666194200515,0.2352253794670105,1.0,0.2085403949022293
Gtf2b,0.2965551018714905,0.4461521804332733,0.7038100957870483,9.066579173882172e-07,5.304049015045166,0.7038100957870483,6.280855384973754e-07,5.364375114440918,0.7038100957870483,3.141390150241107e-05,4.587197780609131
Pkn2,0.4343489706516266,0.4062480628490448,-0.1181799843907356,0.9888502385877284,0.1242010369896888,-0.1181799843907356,0.5024970345340464,-0.94223552942276,-0.1181799843907356,0.6629241398588636,-0.7816746830940247
Lmo4,0.196405291557312,0.0751864835619926,-1.4747077226638794,0.0316057317975177,-2.619125843048096,-1.4747077226638794,1.120271309828082e-09,-6.468672752380371,-1.4747077226638794,3.323865885813766e-06,-5.083848476409912
Hs2st1,0.1197113841772079,0.0937171280384063,-0.3722597956657409,0.9452671725632862,0.6387801766395569,-0.3722597956657409,0.2134546732431607,-1.6114975214004517,-0.3722597956657409,0.3731975146958659,-1.3083397150039673
Selenof,0.753038763999939,0.9861968159675598,0.5814089179039001,4.656795264164953e-07,5.430639743804932,0.5814089179039001,6.54409796179798e-11,6.931056499481201,0.5814089179039001,8.01821531846889e-08,5.796958923339844
Sh3glb1,0.5923305153846741,1.0074399709701538,1.1051305532455444,4.290398991683879e-24,10.437068939208984,1.1051305532455444,1.7577399822588253e-29,11.964508056640623,1.1051305532455444,1.4022975775732544e-21,10.145612716674805
Clca3a1,0.0011101871496066,0.0,-20.08317375183105,0.9888502385877284,0.0673658028244972,-20.08317375183105,0.4679991859106411,-1.0,-20.08317375183105,0.6832027011037286,-0.7008072733879089
Odf2l,0.0433113612234592,0.0399273037910461,-0.1198280230164527,0.9019420492408168,0.693822979927063,-0.1198280230164527,0.9285846573864832,-0.3178638517856598,-0.1198280230164527,0.9803419506955852,-0.2620277404785156
Znhit6,0.1508720368146896,0.1361503303050995,-0.1589985638856887,0.7862317583555478,0.8355002999305725,-0.1589985638856887,0.6039337177822527,-0.7838528156280518,-0.1589985638856887,0.718856118495504,-0.6486904621124268
Bcl10,0.3843452334403991,0.4245936572551727,0.1746648550033569,0.2080780158160698,1.767642855644226,0.1746648550033569,0.3061683098733264,1.3780382871627808,0.1746648550033569,0.4549112926799653,1.1568793058395386
2410004B18Rik,0.1633202284574508,0.2273889183998108,0.5251782536506653,0.0022534745271477,3.491445779800415,0.5251782536506653,0.0118820412680831,2.8943166732788086,0.5251782536506653,0.0399912136771786,2.4905481338500977
Syde2,0.0047110323794186,0.0016186850843951,-1.5434520244598389,0.9888502385877284,0.0348778627812862,-1.5434520244598389,0.4618946385642425,-1.0820274353027344,-1.5434520244598389,0.6297894192070979,-0.8289662599563599
Mcoln3,0.0238124467432498,0.0023428036365658,-3.360928058624268,0.9888502385877284,-0.4643908739089966,-3.360928058624268,0.000347620730588,-3.94936203956604,-3.360928058624268,0.016583592121834,-2.835803985595703
Mcoln2,0.0712392628192901,0.0481044426560401,-0.5833567380905151,0.9888502385877284,0.1641574651002884,-0.5833567380905151,0.1361618230744557,-1.867440938949585,-0.5833567380905151,0.2810901509005696,-1.509150743484497
Ssx2ip,0.011924110352993,0.011648466810584,-0.0339408554136753,0.9888502385877284,0.2687163650989532,-0.0339408554136753,1.0,-0.0486243106424808,-0.0339408554136753,1.0,-0.040586769580841
Ctbs,0.04166716709733,0.0616447888314724,0.5796026587486267,0.3491988098122108,1.4651689529418943,0.5796026587486267,0.1859934280622433,1.6913100481033323,0.5796026587486267,0.3031489712169533,1.4602869749069214
Spata1,0.0295233987271785,0.0216442290693521,-0.4535841643810272,0.9888502385877284,0.0923852548003196,-0.4535841643810272,0.5024970345340464,-0.942143738269806,-0.4535841643810272,0.669667930970683,-0.7719208002090454
Gng5,1.297365427017212,1.5721402168273926,0.5211867690086365,1.4028176254881562e-12,7.44033670425415,0.5211867690086365,1.7286680766369516e-15,8.398857116699219,0.5211867690086365,8.67817394059424e-11,6.9455766677856445
Rpf1,0.2448108047246933,0.2476871460676193,0.0190116111189126,0.4017455375333885,1.3733811378479004,0.0190116111189126,1.0,0.1204972267150878,0.0190116111189126,1.0,0.1007013246417045
Samd13,0.0,0.0,0.0,0.9888502385877284,0.1005259156227111,0.0,1.0,0.0,0.0,1.0,0.0
Prkacb,0.5134353041648865,0.4798268377780914,-0.1239105314016342,0.9602492639959048,-0.6207811236381531,-0.1239105314016342,0.4640178107388352,-1.0783922672271729,-0.1239105314016342,0.5866704819171459,-0.8965747952461243
Ttll7,0.0,0.0,0.0,0.9888502385877284,0.1005259156227111,0.0,1.0,0.0,0.0,1.0,0.0
Adgrl2,0.001047313096933,0.0,-19.9990177154541,0.9888502385877284,0.0673658028244972,-19.9990177154541,0.4679991859106411,-1.0,-19.9990177154541,0.6832027011037286,-0.7008072733879089
Ifi44,0.029848488047719,0.0162215530872344,-0.8896133899688721,0.9888502385877284,-0.0374918319284915,-0.8896133899688721,0.1902481628970355,-1.6779004335403442,-0.8896133899688721,0.3614236022502467,-1.3305950164794922
Gipc2,0.0011436130153015,0.0105036264285445,3.205974102020264,0.9888502385877284,0.403597354888916,3.205974102020264,0.1610801448106762,1.7806390523910522,3.205974102020264,0.1939275880187844,1.738519310951233
Dnajb4,0.159500777721405,0.1397902071475982,-0.2048729807138443,0.9778237557394904,0.5978528261184692,-0.2048729807138443,0.4705682627342232,-0.9948011636734008,-0.2048729807138443,0.6324080038624291,-0.8252674341201782
Fubp1,0.97444748878479,0.8673375248908997,-0.256948173046112,0.004445893930474,-3.287555932998657,-0.256948173046112,0.0135266363762483,-2.8469271659851074,-0.256948173046112,0.0549839154765183,-2.3551414012908936
Nexn,0.0030696161556988,0.0,-21.551841735839844,0.9994412017932364,0.0010455889860168,-21.551841735839844,0.177076038729684,-1.7226300239562988,-21.551841735839844,0.4270219936596545,-1.2072316408157349
Miga1,0.1059289276599884,0.0794182419776916,-0.4349729120731354,0.9888502385877284,-0.0924599394202232,-0.4349729120731354,0.2022038717123785,-1.6423513889312744,-0.4349729120731354,0.3503113240576764,-1.3533852100372314
Usp33,0.1137785166501998,0.0726162269711494,-0.6780177354812622,0.9888502385877284,-0.1109817996621131,-0.6780177354812622,0.0229683368425886,-2.650697708129883,-0.6780177354812622,0.0916071188594151,-2.124180316925049
Zzz3,0.2662684023380279,0.1981612145900726,-0.4772350192070007,0.6365390362302037,-1.0285608768463137,-0.4772350192070007,0.0141678588856556,-2.831166505813598,-0.4772350192070007,0.0560074237664432,-2.3472256660461426
Ak5,0.0012571568368002,0.0,-20.26264190673828,0.9888502385877284,0.0673658028244972,-20.26264190673828,0.4679991859106411,-1.0,-20.26264190673828,0.6832027011037286,-0.7008072733879089
Pigk,0.1589083075523376,0.2456837743520736,0.6933121085166931,0.0002599787048787,4.071822166442871,0.6933121085166931,0.0005799447848949,3.817557811737061,0.6933121085166931,0.0039398501860824,3.310702323913574
St6galnac3,0.0271426793187856,0.2981019616127014,3.6579203605651855,5.0517624312567676e-21,9.729877471923828,3.6579203605651855,6.498375001412733e-30,12.46828842163086,3.6579203605651855,1.726865991978612e-28,12.062707901000977
Msh4,0.0011133369989693,0.0,-20.087263107299805,0.9888502385877284,0.0673658028244972,-20.087263107299805,0.4679991859106411,-1.0,-20.087263107299805,0.6832027011037286,-0.7008072733879089
Rabggtb,0.1822721362113952,0.2531844675540924,0.5271019339561462,0.0010911843096354,3.697053194046021,0.5271019339561462,0.0067381006779713,3.087077617645264,0.5271019339561462,0.0277209317175504,2.6377816200256348
Acadm,0.1659817546606063,0.1418032497167587,-0.2450223267078399,0.9888502385877284,0.44549560546875,-0.2450223267078399,0.3890838484424363,-1.2087591886520386,-0.2450223267078399,0.5282133287683867,-1.003307580947876
Tyw3,0.020711213350296,0.0198421906679868,-0.0624698251485824,0.9888502385877284,0.3998630940914154,-0.0624698251485824,1.0,-0.1111877337098121,-0.0624698251485824,1.0,-0.0928037092089653
Cryz,0.0076807690784335,0.0141739686951041,0.8886134028434753,0.97302135799443,0.6043504476547241,0.8886134028434753,0.398694494047799,1.190393090248108,0.8886134028434753,0.5282133287683867,1.0332828760147097
Fpgt,0.0601537339389324,0.0238780342042446,-1.359320878982544,0.9888502385877284,-0.5688003897666931,-1.359320878982544,0.0014877353519494,-3.548044443130493,-1.359320878982544,0.0206679299410043,-2.751760721206665
Lrriq3,0.0,0.0005397105123847,19.042219161987305,0.9888502385877284,0.1678170263767242,19.042219161987305,0.4679991859106411,1.0,19.042219161987305,0.5282133287683867,1.0
Zranb2,0.3997301459312439,0.4487129151821136,0.2045908123254776,0.1192528422629703,2.0532381534576416,0.2045908123254776,0.2128312990951753,1.6133623123168943,0.2045908123254776,0.3481543525531182,1.357794165611267
Cth,0.0,0.0,0.0,0.9888502385877284,0.1005259156227111,0.0,1.0,0.0,0.0,1.0,0.0
Ankrd13c,0.1917100995779037,0.2555128335952759,0.4622068703174591,0.0029177111541438,3.415565729141236,0.4622068703174591,0.0212797499320973,2.681917190551758,0.4622068703174591,0.0644043755742663,2.286226511001587
Srsf11,0.8932700157165527,1.0223591327667236,0.3024934828281402,0.0158119150595694,2.873577356338501,0.3024934828281402,0.0011470562519009,3.624284029006958,0.3024934828281402,0.0092552871028262,3.033026218414306
Lrrc40,0.0225195400416851,0.0434904173016548,0.964730441570282,0.2583638526786832,1.6470266580581665,0.964730441570282,0.0629362362711884,2.238224744796753,0.964730441570282,0.1301583092202048,1.9492175579071045
Depdc1a,0.0084922490641474,0.0428019724786281,2.3583133220672607,0.1496964898366126,1.94001567363739,2.3583133220672607,0.0004040060922668,3.9221248626708975,2.3583133220672607,0.0011767359230117,3.674499988555908
Wls,0.1379452794790268,0.0591592416167259,-1.2791858911514282,0.226213439123004,-1.7205166816711426,-1.2791858911514282,7.108794510723019e-06,-4.858144760131836,-1.2791858911514282,0.0006495939725979,-3.837822675704956
Tmem68,0.0831746235489845,0.1130864024162292,0.4651399552822113,0.1261992226996869,2.0259034633636475,0.4651399552822113,0.1530809608273882,1.8057149648666384,0.4651399552822113,0.2604338705983241,1.5578763484954834
Tgs1,0.2376468032598495,0.2468143552541732,0.0614869222044944,0.2089109958210503,1.765028953552246,0.0614869222044944,0.8902850990868518,0.3724817037582397,0.0614869222044944,0.9467047093801269,0.3131111562252044
Lyn,0.0038480251096189,0.0266485437750816,2.80835509300232,0.5293875460910794,1.176586389541626,2.80835509300232,0.004509202563786,3.226588010787964,2.80835509300232,0.0075184158668668,3.107649564743042
Rps20,4.391321659088135,3.59580397605896,-1.1698499917984009,8.625875858828513e-172,-28.176681518554688,-1.1698499917984009,6.393239385969513e-238,-48.05242919921875,-1.1698499917984009,1.3593403374257116e-209,-42.04071044921875
Plag1,0.0064769997261464,0.0033376477658748,-0.9587600827217102,0.9994412017932364,0.0025392875541001,-0.9587600827217102,0.5308842156680573,-0.8959678411483765,-0.9587600827217102,0.6832027011037286,-0.7196199297904968
Chchd7,0.2005083709955215,0.2127715200185775,0.0947929918766021,0.2450482777978878,1.676303148269653,0.0947929918766021,0.7655123593098814,0.5505560040473938,0.0947929918766021,0.8468008913992897,0.4624505341053009
Gm11808,0.830604612827301,0.7020981311798096,-0.3469116687774658,4.749327035475306e-05,-4.479527473449707,-0.3469116687774658,0.0007305346716165,-3.75112509727478,-0.3469116687774658,0.0074603536963924,-3.1060311794281006
Penk,0.0,0.0014402354136109,20.458913803100582,0.9888502385877284,0.1678170263767242,20.458913803100582,0.4679991859106411,1.0,20.458913803100582,0.5282133287683867,1.0
Impad1,0.1534400135278701,0.1841585636138916,0.2860554158687591,0.0593402733114051,2.3663172721862797,0.2860554158687591,0.277172948211576,1.4565051794052124,0.2860554158687591,0.4100342723848243,1.2408170700073242
Fam110b,0.0096978731453418,0.0,-23.216238021850582,0.9888502385877284,-0.1979150623083114,-23.216238021850582,0.0121742447275788,-2.8857553005218506,-23.216238021850582,0.1136642507278356,-2.0223581790924072
Ubxn2b,0.065949760377407,0.0919939801096916,0.499206006526947,0.0812388722611652,2.22904634475708,0.499206006526947,0.1588483427601042,1.7862966060638428,0.499206006526947,0.2751149633928964,1.5221341848373413
Sdcbp,0.4307860732078552,0.7782686352729797,1.129042387008667,6.676579300753456e-20,9.456978797912598,1.129042387008667,7.43125433332078e-24,10.671639442443848,1.129042387008667,8.077858701022836e-18,9.137548446655272
Nsmaf,0.1475130915641784,0.4769486784934997,1.942969560623169,3.349418468063771e-26,10.8945894241333,1.942969560623169,2.538060443602495e-28,11.878409385681152,1.942969560623169,4.7253414837289755e-24,10.794130325317385
Tox,0.2875355184078216,0.671846866607666,1.5236799716949463,1.1864612837647286e-19,9.395587921142578,1.5236799716949463,4.367524354913419e-22,10.329811096191406,1.5236799716949463,1.4466740700881041e-18,9.364493370056152
Rab2a,0.6295632123947144,0.7664476633071899,0.3939712047576904,0.0054039502617388,3.2277331352233887,0.3939712047576904,0.0002844159719308,4.003237247467041,0.3939712047576904,0.0031798920133344,3.3770101070404053
Chd7,0.5500138401985168,0.6263830661773682,0.2480354011058807,0.0772121753558029,2.2526466846466064,0.2480354011058807,0.0697666855936173,2.1908652782440186,0.2480354011058807,0.155893538705486,1.8561941385269165
Asph,0.0155029306188225,0.0146254552528262,-0.084693931043148,0.9888502385877284,0.3347378373146057,-0.084693931043148,1.0,-0.134670615196228,-0.084693931043148,1.0,-0.1129818707704544
2610301B20Rik,0.0371214784681797,0.0066642076708376,-2.4997990131378174,0.8709260775745148,-0.7338541150093079,-2.4997990131378174,0.0001208235275652,-4.21440315246582,-2.4997990131378174,0.0070295762142938,-3.130798816680908
Plekhf2,0.0880859419703483,0.1490074694156646,0.8032145500183105,0.0014054648844012,3.6270735263824463,0.8032145500183105,0.0017245867711857,3.5104000568389893,0.8032145500183105,0.0088205856734453,3.049429178237915
Ndufaf6,0.0363123826682567,0.0577136427164077,0.6840095520019531,0.3184228440829753,1.521332025527954,0.6840095520019531,0.1475021940181675,1.8264445066452024,0.6840095520019531,0.2447951747598173,1.5973447561264038
Trp53inp1,0.2783668637275696,0.1569585055112838,-0.9173563122749328,0.0430616347748699,-2.4990322589874268,-0.9173563122749328,1.0485532835283769e-06,-5.252838611602783,-0.9173563122749328,0.0001473627558474,-4.222580432891846
Ccne2,0.0143734952434897,0.0454624444246292,1.6838020086288452,0.1537827403116766,1.92702054977417,1.6838020086288452,0.0018920266829021,3.4874355792999268,1.6838020086288452,0.0060386694610274,3.176020860671997
Ints8,0.0665235370397567,0.09932192414999,0.6022331714630127,0.0538183883931933,2.406945943832397,0.6022331714630127,0.0658863853206964,2.2168526649475098,0.6022331714630127,0.1424735590651018,1.9022881984710691
Dpy19l4,0.0473338179290294,0.0633806735277175,0.4328539669513702,0.5687208820863066,1.119900465011597,0.4328539669513702,0.3668135231888755,1.2521941661834717,0.4328539669513702,0.4966742925124442,1.0875256061553955
Virma,0.2566540539264679,0.2881012856960296,0.1904640644788742,0.0523411880565573,2.4185221195220947,0.1904640644788742,0.3741458502378545,1.237204909324646,0.1904640644788742,0.5282133287683867,1.036984920501709
Rad54b,0.0022406852804124,0.0172217562794685,2.953043937683105,0.6787561117616673,0.9744889140129088,2.953043937683105,0.014682595837628,2.824223756790161,2.953043937683105,0.0236483916215177,2.701935052871704
Fsbp,0.0,0.0113515444099903,23.444581985473636,0.7829282611445391,0.840728223323822,23.444581985473636,0.0060062108668817,3.1342813968658447,23.444581985473636,0.0070374041686103,3.1342813968658447
Gem,0.0323512814939022,0.3060405254364013,3.4448156356811523,1.0893791338745166e-18,9.154430389404297,3.4448156356811523,4.811722374115256e-26,11.505315780639648,3.4448156356811523,9.730549520628056e-25,11.128599166870115
Cdh17,0.0,0.0021691755391657,21.050281524658203,0.9888502385877284,0.2351081520318985,21.050281524658203,0.2942789202292576,1.4138507843017578,21.050281524658203,0.3247822728813008,1.4138507843017578
Pdp1,0.0297506526112556,0.0226421598345041,-0.3990598022937774,0.9888502385877284,0.2872382402420044,-0.3990598022937774,0.5500937256005201,-0.8665064573287964,-0.3990598022937774,0.6832027011037286,-0.7039713263511658
Tmem67,0.0044265072792768,0.0179611034691333,2.030416488647461,0.8940948722753739,0.7055485248565674,2.030416488647461,0.0599583379957408,2.261292695999145,2.030416488647461,0.0932678733574255,2.115696907043457
Rbm12b2,0.0560882948338985,0.0639883130788803,0.1958645433187484,0.7047328420809142,0.9383414387702942,0.1958645433187484,0.7375239102677964,0.5900642275810242,0.1958645433187484,0.819245004421961,0.5033719539642334
Rbm12b1,0.0200479794293642,0.0316484495997428,0.6670820116996765,0.712710363241321,0.927288055419922,0.6670820116996765,0.3292077428775565,1.3282233476638794,0.6670820116996765,0.4554863331158444,1.1557505130767822
Fam92a,0.1060697585344314,0.2298507392406463,1.207471251487732,3.264285937517531e-07,5.49725866317749,1.207471251487732,2.8710382632884697e-08,5.950567245483398,1.207471251487732,1.2600031375516207e-06,5.271936893463135
Otud6b,0.0734811574220657,0.0937355831265449,0.3660365641117096,0.1247970773250819,2.0315046310424805,0.3660365641117096,0.3100769030572772,1.369081735610962,0.3660365641117096,0.4548147340713123,1.157192587852478
Pip4p2,0.0614137463271617,0.0656041055917739,0.0982789993286132,0.6410005288950616,1.022735357284546,0.0982789993286132,0.9231302576053504,0.3260456621646881,0.0982789993286132,0.9722711874822624,0.2744301855564117
Tmem64,0.0564084611833095,0.041702352464199,-0.4464776217937469,0.9888502385877284,0.2687163650989532,-0.4464776217937469,0.3413545765351491,-1.3037759065628052,-0.4464776217937469,0.5144025334095318,-1.058429718017578
Calb1,0.0,0.0,0.0,0.9888502385877284,0.1005259156227111,0.0,1.0,0.0,0.0,1.0,0.0
Decr1,0.0463358052074909,0.0859058648347854,0.919487476348877,0.0667205879397182,2.317249298095703,0.919487476348877,0.0120125500046792,2.8913607597351074,0.919487476348877,0.0346379863255992,2.550298929214477
Nbn,0.0590144805610179,0.0277334749698638,-1.1121680736541748,0.9888502385877284,-0.3106893002986908,-1.1121680736541748,0.0082344456935576,-3.017431735992432,-1.1121680736541748,0.0524854284608721,-2.3759477138519287
Osgin2,0.0553096756339073,0.0887709781527519,0.706983208656311,0.0781187975389184,2.2469706535339355,0.706983208656311,0.0462836712928906,2.371129512786865,0.706983208656311,0.1039468564869127,2.063577651977539
Ripk2,0.0613366067409515,0.0535917356610298,-0.2003781497478485,0.9888502385877284,0.552743136882782,-0.2003781497478485,0.7093299405178752,-0.630219042301178,-0.2003781497478485,0.8058774407555653,-0.5237489938735962
Mmp16,0.0775666981935501,0.1254176497459411,0.7283316254615784,0.0868960953349909,2.1991724967956543,0.7283316254615784,0.0247095906465711,2.6253480911254883,0.7283316254615784,0.0613973412906939,2.307223081588745
Cpne3,0.1681005656719207,0.1024820208549499,-0.7623544931411743,0.9261776260554456,-0.6648452281951904,-0.7623544931411743,0.0015468169308153,-3.537530899047852,-0.7623544931411743,0.0164234144066198,-2.834630250930786
Rmdn1,0.0660530626773834,0.0614628493785858,-0.1072571203112602,0.9385109524330436,0.6497588753700256,-0.1072571203112602,0.9113760333318576,-0.3427739143371582,-0.1072571203112602,0.9635827821810556,-0.2872161865234375
Gm12353,0.0,0.0,0.0,0.9888502385877284,0.1005259156227111,0.0,1.0,0.0,0.0,1.0,0.0
Wwp1,0.0880786627531051,0.1202213615179061,0.4724173247814178,0.0972491027318453,2.1482372283935547,0.4724173247814178,0.1248160072711842,1.913601279258728,0.4724173247814178,0.2226933117958933,1.6530351638793943
Atp6v0d2,0.0,0.0,0.0,0.9888502385877284,0.1005259156227111,0.0,1.0,0.0,0.0,1.0,0.0
Ggh,0.045517973601818,0.155637726187706,1.8544492721557615,2.2187661189045876e-05,4.650779724121094,1.8544492721557615,4.7251870208535196e-09,6.283517360687256,1.8544492721557615,8.269160064746705e-08,5.799413204193115
Ccnc,0.092039406299591,0.2212788760662078,1.3612017631530762,1.818254557103353e-07,5.604580879211426,1.3612017631530762,2.6460238343934493e-09,6.367846965789795,1.3612017631530762,1.3656014253403128e-07,5.700196266174316
Tstd3,0.0460271574556827,0.3280519545078277,3.0431411266326904,6.478980893669071e-27,11.044855117797852,3.0431411266326904,2.0608359020255777e-33,13.18805694580078,3.0431411266326904,1.5844582276145983e-30,12.420419692993164
Usp45,0.0834376737475395,0.061271920800209,-0.4616550505161285,0.9888502385877284,0.1327898055315017,-0.4616550505161285,0.2118925857188254,-1.6158199310302734,-0.4616550505161285,0.367094502433165,-1.3197177648544312
Pnisr,0.8683362603187561,0.9384765028953552,0.1701784878969192,0.5038519565342052,1.212061643600464,0.1701784878969192,0.1504854027855885,1.814890027046204,0.1701784878969192,0.2746414041568067,1.5232731103897097
Coq3,0.0352746099233627,0.1055263355374336,1.6321715116500854,0.0035198218753414,3.360149621963501,1.6321715116500854,7.60126742997891e-06,4.865618705749512,1.6321715116500854,6.12497432569497e-05,4.435437679290772
Faxc,0.0,0.0226796213537454,24.451284408569336,0.6260582279895978,1.0426015853881836,24.451284408569336,0.0010666329211623,3.662024974822998,24.451284408569336,0.0012734869753133,3.662024974822998
Fbxl4,0.0288421567529439,0.0255253575742244,-0.1786510348320007,0.9888502385877284,0.2585592269897461,-0.1786510348320007,0.8901721824298421,-0.3727449178695678,-0.1786510348320007,0.9476674149141396,-0.3115866780281067
Pou3f2,0.0,0.0,0.0,0.9888502385877284,0.1005259156227111,0.0,1.0,0.0,0.0,1.0,0.0
Mms22l,0.0473795533180236,0.1709850877523422,1.9423184394836424,2.514627902369159e-07,5.546401500701904,1.9423184394836424,2.4404311224005184e-11,7.136164665222168,1.9423184394836424,9.875780803136703e-10,6.563982963562012
Klhl32,0.0035199832636862,0.00355318444781,0.0135679049417376,0.9888502385877284,0.1351797133684158,0.0135679049417376,1.0,0.0102543234825134,0.0135679049417376,1.0,0.00862567871809
Ndufaf4,0.2371057868003845,0.1611237823963165,-0.6139887571334839,0.8877348318688062,-0.7148094177246094,-0.6139887571334839,0.0018655120589175,-3.4839189052581787,-0.6139887571334839,0.0170343288893997,-2.821126699447632
Ufl1,0.1700649857521057,0.1662714034318924,-0.0353593342006206,0.4629787044092944,1.276514768600464,-0.0353593342006206,1.0,-0.1794762015342712,-0.0353593342006206,1.0,-0.1499655693769455
Manea,0.0701588913798332,0.0561655238270759,-0.3311415016651153,0.9631253111955684,0.6176443696022034,-0.3311415016651153,0.45957443259792,-1.0863330364227295,-0.3311415016651153,0.5937685946096799,-0.8851954936981201
Map3k7,0.1447228789329528,0.1000412479043006,-0.565586268901825,0.9888502385877284,-0.1030652001500129,-0.565586268901825,0.0284688167582563,-2.5674219131469727,-0.565586268901825,0.1018186750952313,-2.0734341144561768
Bach2,0.2887801826000213,0.0250496957451105,-3.722319841384888,7.368412900659679e-11,-6.878182888031006,-3.722319841384888,8.020725802939883e-41,-14.189026832580566,-3.722319841384888,9.007627591293093e-22,-10.39163875579834
Casp8ap2,0.3155963718891144,0.425199955701828,0.5139925479888916,0.0003380068226837,4.005875587463379,0.5139925479888916,0.0008078068390498,3.7247910499572754,0.5139925479888916,0.0060413392564449,3.1746721267700195
Mdn1,0.3057840466499328,0.1233791634440422,-1.445693016052246,0.0002092114730652,-4.12641716003418,-1.445693016052246,3.216696749240433e-15,-8.297014236450195,-1.445693016052246,1.3181560120448262e-09,-6.52320671081543
Lyrm2,0.161110907793045,0.1877864450216293,0.240840345621109,0.086232228077015,2.2026824951171875,0.240840345621109,0.3598428487324279,1.265641689300537,0.240840345621109,0.5068140478429505,1.0708526372909546
Ankrd6,0.0022968263365328,0.0054108849726617,1.2384703159332275,0.9888502385877284,0.2356309443712234,1.2384703159332275,0.5397664580216378,0.8821917176246643,1.2384703159332275,0.650789108061632,0.7988426089286804
Rragd,0.0044353837147355,0.0,-22.08382797241211,0.9888502385877284,-0.0321145206689834,-22.08382797241211,0.1091519452120204,-1.9806777238845823,-22.08382797241211,0.3340910898455239,-1.3880733251571655
Ube2j1,0.1406244933605194,0.280433177947998,1.1001955270767212,6.92593433265349e-08,5.776206970214844,1.1001955270767212,1.326521600107402e-08,6.083887100219727,1.1001955270767212,8.724952875647681e-07,5.344404697418213
Gabrr2,0.0058795739896595,0.0,-22.49152374267578,0.9888502385877284,-0.0652746260166168,-22.49152374267578,0.0639682015193972,-2.230415344238281,-22.49152374267578,0.2592065560674511,-1.5630911588668823
Gabrr1,0.0,0.0,0.0,0.9888502385877284,0.1005259156227111,0.0,1.0,0.0,0.0,1.0,0.0
Pm20d2,0.0,0.0,0.0,0.9888502385877284,0.1005259156227111,0.0,1.0,0.0,0.0,1.0,0.0
Srsf12,0.0054248822852969,0.0048599303700029,-0.1590640842914581,0.9888502385877284,0.1354784518480301,-0.1590640842914581,1.0,-0.1514637768268585,-0.1590640842914581,1.0,-0.1262663006782531
Pnrc1,1.2517247200012207,1.1927613019943235,-0.1206010356545448,0.0526669444286919,-2.415908098220825,-0.1206010356545448,0.2428843758247671,-1.5353872776031494,-0.1206010356545448,0.3838919276391419,-1.2876853942871094
Rngtt,0.1860034167766571,0.2087661921977996,0.1835184842348098,0.1084361931717682,2.097451448440552,0.1835184842348098,0.4679991859106411,1.026463270187378,0.1835184842348098,0.6048109958817866,0.867971658706665
Spaca1,0.018840879201889,0.0,-24.18097496032715,0.9888502385877284,-0.4631959199905395,-24.18097496032715,0.0001643027599454,-4.144554138183594,-24.18097496032715,0.0137864024254828,-2.904533624649048
Akirin2,0.3064792454242706,0.2869988977909088,-0.1094900518655777,0.9307180215818032,0.6579742431640625,-0.1094900518655777,0.6223920050849097,-0.7562711834907532,-0.1094900518655777,0.7340640623401674,-0.6262984275817871
Orc3,0.1247184425592422,0.1574696451425552,0.3605793118476867,0.0348955521521175,2.581185817718506,0.3605793118476867,0.1796785862182248,1.7130348682403564,0.3605793118476867,0.3035583836360426,1.4595080614089966
Rars2,0.0752341672778129,0.08311078697443,0.1494044959545135,0.3382316677723036,1.485333800315857,0.1494044959545135,0.7683079035871886,0.5466855764389038,0.1494044959545135,0.8484693786252436,0.459713339805603
Slc35a1,0.0709756091237068,0.0969443917274475,0.4688288569450378,0.1466143504982176,1.950322151184082,0.4688288569450378,0.178944543861386,1.7155054807662964,0.4688288569450378,0.297970580889524,1.4716156721115112
Smim8,0.2432797104120254,0.2732776701450348,0.1903211772441864,0.0823416523240954,2.2232208251953125,0.1903211772441864,0.3745373040072201,1.2364085912704468,0.1903211772441864,0.5248906207178048,1.0421819686889648
Zfp292,0.8854260444641113,0.5851082801818848,-0.8406030535697937,2.3754637818793807e-14,-7.975528717041016,-0.8406030535697937,7.254140106578961e-16,-8.5098876953125,-0.8406030535697937,4.9025362495260965e-11,-7.034297466278076
Mob3b,0.048179492354393,0.0070308693684637,-2.8064630031585693,0.6805172547194396,-0.9714268445968628,-2.8064630031585693,1.840308365125489e-06,-5.141259670257568,-2.8064630031585693,0.0008842127617422,-3.760292053222656
C9orf72,0.0188976060599088,0.012150558643043,-0.6420603394508362,0.9888502385877284,0.0360728204250335,-0.6420603394508362,0.468266849972497,-0.998686671257019,-0.6420603394508362,0.6415548651420796,-0.8117679953575134
Aco1,0.0223060548305511,0.0570247694849967,1.3793630599975586,0.1208640647813749,2.0472631454467773,1.3793630599975586,0.0040630675976324,3.254035711288452,1.3793630599975586,0.0127133714537104,2.925689935684204
Ddx58,0.2847915291786194,0.334246963262558,0.2685199081897735,0.0419583413214068,2.5088160037994385,0.2685199081897735,0.1517850528893626,1.8102600574493408,0.2685199081897735,0.2666016257022122,1.5427075624465942
Topors,0.2392898797988891,0.2338122874498367,-0.0375156998634338,0.5038519565342052,1.212061643600464,-0.0375156998634338,0.9961486707437,-0.2213081419467926,-0.0375156998634338,1.0,-0.1855257451534271
Smim27,0.16749007999897,0.1426620334386825,-0.2498463839292526,0.9888502385877284,0.4248078763484955,-0.2498463839292526,0.3689874141391457,-1.247800588607788,-0.2498463839292526,0.5282133287683867,-1.0322668552398682
Ndufb6,0.3621298372745514,0.6588043570518494,1.095470666885376,2.0840603220002784e-15,8.278450965881348,1.095470666885376,6.790941977485841e-19,9.407462120056152,1.095470666885376,2.1009602024149903e-14,8.136911392211914
Aptx,0.0667183324694633,0.093420885503292,0.505180835723877,0.0919966184391239,2.17392897605896,0.505180835723877,0.1381251946611138,1.8602523803710935,0.505180835723877,0.2477848139741509,1.5901732444763184
Dnaja1,1.126151442527771,1.0699262619018557,-0.1217244789004325,0.0293577034324028,-2.64646053314209,-0.1217244789004325,0.2327077230062718,-1.560994267463684,-0.1217244789004325,0.381707756597112,-1.2914166450500488
Smu1,0.2653481364250183,0.380596250295639,0.6079757809638977,0.0001157252597303,4.270857810974121,0.6079757809638977,0.0001065709983626,4.251233577728272,0.6079757809638977,0.0012670384514919,3.6487877368927
B4galt1,0.3804948925971985,0.3587083518505096,-0.1017471551895141,0.9888502385877284,0.4269737303256988,-0.1017471551895141,0.6310878168354787,-0.7430356740951538,-0.1017471551895141,0.7373180611055908,-0.6216215491294861
Bag1,0.4595949947834015,0.9970959424972534,1.5516952276229858,3.148588243184272e-42,13.890799522399902,1.5516952276229858,2.7573213273444567e-53,16.68033790588379,1.5516952276229858,9.068236922109202e-40,14.211021423339844
Chmp5,0.3322290480136871,0.4659897685050964,0.591008722782135,6.600827967161513e-05,4.40349817276001,0.591008722782135,3.482091418396824e-05,4.514717102050781,0.591008722782135,0.0005960369638329,3.8571314811706543
Nfx1,0.2031093388795852,0.1862850040197372,-0.1372745633125305,0.5844473677081876,1.0979430675506592,-0.1372745633125305,0.6056415344303575,-0.7810832262039185,-0.1372745633125305,0.7219997799460258,-0.6438180804252625
Aqp7,0.0020593605004251,0.0,-20.975252151489254,0.9888502385877284,0.0342056974768638,-20.975252151489254,0.2942789202292576,-1.4149978160858154,-20.975252151489254,0.5299909986835808,-0.9916407465934752
Aqp3,0.0277639869600534,0.0339378491044044,0.2941567301750183,0.9888502385877284,0.4028505086898803,0.2941567301750183,0.719363320467116,0.6161729693412781,0.2941567301750183,0.7956293113428876,0.5375345349311829
Nol6,0.1076016873121261,0.0762650966644287,-0.5195566415786743,0.9888502385877284,0.3157678842544555,-0.5195566415786743,0.0757974129210436,-2.152681350708008,-0.5195566415786743,0.1944064852218632,-1.7360965013504028
Ube2r2,0.4507841765880584,0.409709483385086,-0.1695827394723892,0.9888502385877284,-0.280890017747879,-0.1695827394723892,0.3174676389802919,-1.3526238203048706,-0.1695827394723892,0.4744596230533549,-1.1234430074691772
Ubap2,0.1631561368703842,0.2556493282318115,0.7169594764709473,4.461799479952371e-05,4.493866920471191,0.7169594764709473,0.0001779340193116,4.124631881713867,0.7169594764709473,0.0017584122586622,3.5541160106658936
Dcaf12,0.1436746269464492,0.2268371284008026,0.7206917405128479,0.000200509323139,4.137171745300293,0.7206917405128479,0.0005191560980276,3.847007989883423,0.7206917405128479,0.0036876516779319,3.331541061401367
Ubap1,0.0819480121135711,0.1339676231145858,0.7473026514053345,0.0100593924402367,3.0283992290496826,0.7473026514053345,0.0081813795346896,3.022876739501953,0.7473026514053345,0.0279595579859171,2.6344614028930664
Kif24,0.0027860817499458,0.0078856134787201,1.504666805267334,0.9888502385877284,0.5041979551315308,1.504666805267334,0.3164785869085751,1.3551496267318726,1.504666805267334,0.4348593274632502,1.1900526285171509
Nudt2,0.0723501667380333,0.0528499595820903,-0.4673072397708893,0.9888502385877284,0.4360852837562561,-0.4673072397708893,0.2275020853828026,-1.5743688344955444,-0.4673072397708893,0.3908394532370937,-1.2755553722381592
1110017D15Rik,0.0,0.0,0.0,0.9888502385877284,0.1005259156227111,0.0,1.0,0.0,0.0,1.0,0.0
Fam219a,0.0065786484628915,0.005282892845571,-0.3173985779285431,0.9888502385877284,0.1022436693310737,-0.3173985779285431,0.9278367746403152,-0.3188320398330688,-0.3173985779285431,0.9785647554666934,-0.2644177079200744
Enho,0.0,0.0124363433569669,23.57703971862793,0.9452671725632862,0.6388548612594604,23.57703971862793,0.0172908766734867,2.766143083572388,23.57703971862793,0.0201110798979555,2.766143083572388
Cntfr,0.0,0.0013172723120078,20.33007431030273,0.9888502385877284,0.1678170263767242,20.33007431030273,0.4679991859106411,1.0,20.33007431030273,0.5282133287683867,1.0
Il11ra1,0.0118677476420998,0.0035815231967717,-1.73438560962677,0.9888502385877284,-0.1306986212730407,-1.73438560962677,0.1358518720351026,-1.868488073348999,-1.73438560962677,0.3132358085574496,-1.4377223253250122
Rpp25l,0.1948182582855224,0.3474479913711548,0.9497358202934264,3.039578676001532e-08,5.9201250076293945,0.9497358202934264,7.821003042481626e-09,6.171381950378418,0.9497358202934264,7.90424087986735e-07,5.36313009262085
Dctn3,0.4929473400115967,0.8284295797348022,1.0173885822296145,3.419834653828239e-17,8.766666412353516,1.0173885822296145,8.252667384209234e-25,10.876283645629885,1.0173885822296145,6.849350487510818e-18,9.16175365447998
Arid3c,0.0009680452640168,0.0,-19.88541412353516,0.9888502385877284,0.0673658028244972,-19.88541412353516,0.4679991859106411,-1.0,-19.88541412353516,0.6832027011037286,-0.7008072733879089
Sigmar1,0.09437096118927,0.0664979144930839,-0.5254094004631042,0.9888502385877284,0.1366734206676483,-0.5254094004631042,0.1109497224725778,-1.9719208478927608,-0.5254094004631042,0.2433289714695919,-1.600727915763855
Galt,0.0596199668943882,0.1071355044841766,0.8803208470344543,0.0340121992598271,2.591118812561035,0.8803208470344543,0.0068681518516084,3.081961870193481,0.8803208470344543,0.0222710086965704,2.721782684326172
Ccl27a,0.014854990877211,0.0395768545567989,1.4316233396530151,0.4676486240034284,1.2677019834518433,1.4316233396530151,0.0225612922783949,2.6617393493652344,1.4316233396530151,0.0468283439693829,2.424387216567993
Gm20878,0.0046715694479644,0.0012432078365236,-1.912313222885132,0.9888502385877284,0.0348778627812862,-1.912313222885132,0.3497832016810249,-1.2855311632156372,-1.912313222885132,0.5486376957000323,-0.9552748203277588
Ccl19,0.0,0.0,0.0,0.9888502385877284,0.1005259156227111,0.0,1.0,0.0,0.0,1.0,0.0
Phf24,0.0,0.0,0.0,0.9888502385877284,0.1005259156227111,0.0,1.0,0.0,0.0,1.0,0.0
Dnajb5,0.0209746193140745,0.0165985673666,-0.3407526314258575,0.9888502385877284,0.19746695458889,-0.3407526314258575,0.7327516558230214,-0.5963760614395142,-0.3407526314258575,0.8304572033339692,-0.486823171377182
1700022I11Rik,0.0,0.0,0.0,0.9888502385877284,0.1005259156227111,0.0,1.0,0.0,0.0,1.0,0.0
Vcp,0.5356131792068481,0.7053537964820862,0.5321776866912842,0.0001861861898668,4.154871940612793,0.5321776866912842,2.7094991911442707e-06,5.0685858726501465,0.5321776866912842,0.0001048725497527,4.302967071533203
Fancg,0.0179358776658773,0.037226527929306,1.0674618482589722,0.3710758983642684,1.4248390197753906,1.0674618482589722,0.0629628088864609,2.2382256984710693,1.0674618482589722,0.1235066731248036,1.977407932281494
Pigo,0.0363600626587867,0.0449116751551628,0.3109464049339294,0.7078395833233766,0.9336363077163696,0.3109464049339294,0.5914000784695173,0.8031954765319824,0.3109464049339294,0.6941901687351218,0.6845305562019348
Stoml2,0.1928813010454177,0.3050633668899536,0.7456721663475037,1.8254901736046877e-05,4.692827224731445,0.7456721663475037,1.5043200717084404e-05,4.704216480255127,0.7456721663475037,0.0002941579073376,4.044423580169678
Fam214b,0.0117187295109033,0.0385284498333931,1.7365281581878662,0.4451815026397456,1.3031773567199707,1.7365281581878662,0.0098659317203739,2.962672710418701,1.7365281581878662,0.0218519794969678,2.7301504611968994
Unc13b,0.0,0.0,0.0,0.9888502385877284,0.1005259156227111,0.0,1.0,0.0,0.0,1.0,0.0
Atp8b5,0.0,0.0,0.0,0.9888502385877284,0.1005259156227111,0.0,1.0,0.0,0.0,1.0,0.0
Tesk1,0.099630057811737,0.1062295138835907,0.0973739549517631,0.5034645319594072,1.2133313417434692,0.0973739549517631,0.8722744456214588,0.3996488749980926,0.0973739549517631,0.9313231199024408,0.3371983766555786
Cd72,0.241754338145256,0.1075545474886894,-1.2680944204330444,0.0107866961054535,-3.0050227642059326,-1.2680944204330444,3.3546149647546035e-10,-6.661215305328369,-1.2680944204330444,1.3800078727728997e-06,-5.262687683105469
Sit1,0.2966694235801697,0.2064035385847091,-0.5912283658981323,0.3542124477247776,-1.4558333158493042,-0.5912283658981323,0.0011295947883923,-3.627603530883789,-0.5912283658981323,0.0107088929209819,-2.9844367504119877
Ccdc107,0.326691210269928,0.2187539488077163,-0.6600134968757629,0.1211706444414423,-2.045844316482544,-0.6600134968757629,7.219285798274704e-05,-4.339344501495361,-0.6600134968757629,0.0018471683884983,-3.540737628936768
Arhgef39,0.0040675546042621,0.0052954563871026,0.3814797401428222,0.9888502385877284,0.2700606882572174,0.3814797401428222,0.8822194783630976,0.3857174813747406,0.3814797401428222,0.9364586519487458,0.3293837010860443
Car9,0.0013411006657406,0.0,-20.355955123901367,0.9888502385877284,0.0673658028244972,-20.355955123901367,0.4679991859106411,-1.0,-20.355955123901367,0.6832027011037286,-0.7008072733879089
Tpm2,0.0,0.0,0.0,0.9888502385877284,0.1005259156227111,0.0,1.0,0.0,0.0,1.0,0.0
Tln1,0.9707612991333008,1.3695896863937378,0.8390839695930481,3.7737274964832703e-20,9.518145561218262,0.8390839695930481,2.837151069687421e-27,11.411959648132324,0.8390839695930481,1.2511943730262076e-18,9.379234313964844
Creb3,0.1031825989484787,0.1568033993244171,0.6432743072509766,0.0045619928695474,3.2798633575439453,0.6432743072509766,0.0108594352776415,2.925941705703736,0.6432743072509766,0.03729236619973,2.519408226013184
Gba2,0.0568029768764972,0.0627967342734336,0.1490896791219711,0.6969651620528675,0.9489467144012452,0.1490896791219711,0.830533038191532,0.4577488899230957,0.1490896791219711,0.897819660665723,0.3879017829895019
Rgp1,0.0315502248704433,0.0127588538452982,-1.3197568655014038,0.9888502385877284,-0.302175223827362,-1.3197568655014038,0.0368415101203387,-2.4635815620422363,-1.3197568655014038,0.1339005221395811,-1.9349111318588257
Hint2,0.2365738600492477,0.2084477692842483,-0.2036450207233429,0.8802243666179215,0.7230994701385498,-0.2036450207233429,0.3793829876166176,-1.2268487215042114,-0.2036450207233429,0.5282133287683867,-1.013117432594299
Fam221b,0.0045199184678494,0.0078355865553021,0.7961385846138,0.9888502385877284,0.336978405714035,0.7961385846138,0.575281174178618,0.8281534910202026,0.7961385846138,0.6832027011037286,0.7269327640533447
Tmem8b,0.0033451691269874,0.0038965716958045,0.2205241918563842,0.9888502385877284,0.1351797133684158,0.2205241918563842,1.0,0.1640411764383316,0.2205241918563842,1.0,0.1416317373514175
Olfr71,0.0,0.0,0.0,0.9888502385877284,0.1005259156227111,0.0,1.0,0.0,0.0,1.0,0.0
Reck,0.0242789555341005,0.0307423174381256,0.3452032208442688,0.9888502385877284,0.562825620174408,0.3452032208442688,0.6497725605432143,0.7154260873794556,0.3452032208442688,0.739964141683483,0.6177705526351929
Glipr2,0.4174639582633972,0.8656779527664185,1.4098060131072998,3.295582130534836e-29,11.516639709472656,1.4098060131072998,1.773679755923833e-32,12.696449279785156,1.4098060131072998,2.4575592841469338e-25,11.070892333984377
Ccin,0.0,0.0,0.0,0.9888502385877284,0.1005259156227111,0.0,1.0,0.0,0.0,1.0,0.0
Clta,1.2066969871520996,1.5132585763931274,0.5963590741157532,1.8096060535517442e-15,8.296076774597168,0.5963590741157532,1.5410855533994171e-19,9.528853416442873,0.5963590741157532,1.720903263476121e-13,7.857919692993164
Gne,0.0702809989452362,0.0378432609140872,-0.9167079925537108,0.9888502385877284,-0.4378030598163605,-0.9167079925537108,0.0167531946019158,-2.7694149017333984,-0.9167079925537108,0.0765319393470382,-2.2083778381347656
Rnf38,0.1840796023607254,0.1474658101797104,-0.3470896184444427,0.9888502385877284,0.3094196617603302,-0.3470896184444427,0.1534141830900281,-1.804022431373596,-0.3470896184444427,0.2958060701416204,-1.476457595825195
Melk,0.008449638262391,0.0204356238245964,1.2827914953231812,0.5558463534515093,1.1370033025741575,1.2827914953231812,0.0999783169096391,2.025239944458008,1.2827914953231812,0.1824444625140976,1.7714368104934692
Pax5,0.0,0.0032957724761217,21.654563903808597,0.9888502385877284,0.2351081520318985,21.654563903808597,0.2945192984251671,1.4107547998428345,21.654563903808597,0.3257031254807668,1.4107547998428345
Zcchc7,0.7303382158279419,0.6380817890167236,-0.2689025998115539,0.0086127808591692,-3.079408884048462,-0.2689025998115539,0.0229276090977353,-2.6524012088775635,-0.2689025998115539,0.0743286904606933,-2.2220516204833984
Grhpr,0.0747156217694282,0.0763131827116012,0.0316890738904476,0.6666534440509108,0.9891271591186525,0.0316890738904476,1.0,0.1120379790663719,0.0316890738904476,1.0,0.0941633731126785
Zbtb5,0.0463328808546066,0.0345142781734466,-0.4334259033203125,0.9888502385877284,0.1365987360477447,-0.4334259033203125,0.4358910212891966,-1.1267125606536863,-0.4334259033203125,0.5702060960906044,-0.9212034344673156
Polr1e,0.0612873546779155,0.1058573499321937,0.8210582733154297,0.0339762585444797,2.591567039489746,0.8210582733154297,0.0111256345328361,2.9181721210479736,0.8210582733154297,0.0345339210730193,2.5514509677886963
Fbxo10,0.0030980214942246,0.0,-21.56515121459961,0.9994412017932364,0.0010455889860168,-21.56515121459961,0.1771994272789158,-1.7219648361206057,-21.56515121459961,0.4271609305152885,-1.2067655324935913
Tomm5,0.6226967573165894,0.8367396593093872,0.5992582440376282,2.49085734444252e-06,5.104938983917236,0.5992582440376282,1.8487612696178794e-09,6.403850078582764,0.5992582440376282,6.316877326808709e-07,5.407120227813721
Trmt10b,0.0494976751506328,0.0468635931611061,-0.080808401107788,0.9888502385877284,0.5260059237480164,-0.080808401107788,0.9930744048970568,-0.2261652052402496,-0.080808401107788,1.0,-0.1899320483207702
Exosc3,0.3306814134120941,0.4760029315948486,0.637382984161377,3.05205931875164e-05,4.579530239105225,0.637382984161377,3.0098344210273297e-06,5.048211574554443,0.637382984161377,0.0001030988478202,4.306973457336426
Dcaf10,0.0867234468460083,0.1152731254696846,0.4315030574798584,0.1263091143646392,2.0253806114196777,0.4315030574798584,0.1921334679737865,1.6731115579605105,0.4315030574798584,0.3114508883594679,1.441217064857483
Slc25a51,0.1691591739654541,0.1617399156093597,-0.0702045857906341,0.4296566471545738,1.328644871711731,-0.0702045857906341,0.8908522017891096,-0.3716006875038147,-0.0702045857906341,0.95009250665555,-0.3082703649997711
Shb,0.0047400118783116,0.0,-22.179880142211918,0.9888502385877284,-0.0321145206689834,-22.179880142211918,0.1662183918845369,-1.762478232383728,-22.179880142211918,0.4138297040307503,-1.2351576089859009
Aldh1b1,0.0273123290389776,0.0017976310336962,-3.9438323974609375,0.9788822793520214,-0.5965831875801086,-3.9438323974609375,9.174682005697998e-05,-4.284231662750244,-3.9438323974609375,0.0083646951354285,-3.0745391845703125
Stra6l,0.0,0.0,0.0,0.9888502385877284,0.1005259156227111,0.0,1.0,0.0,0.0,1.0,0.0
Ccdc180,0.005136664956808,0.0128472791984677,1.3281291723251345,0.9888502385877284,0.4053897857666015,1.3281291723251345,0.314158782501931,1.3604086637496948,1.3281291723251345,0.4012987724362683,1.2559596300125122
Tdrd7,0.0077499826438724,0.0027926792390644,-1.4761219024658203,0.9888502385877284,0.1357772052288055,-1.4761219024658203,0.2680253270622747,-1.4769212007522583,-1.4761219024658203,0.4725394381354397,-1.1274356842041016
Tmod1,0.0164295379072427,0.0119118290022015,-0.4671633243560791,0.9888502385877284,0.0693076103925705,-0.4671633243560791,0.651793169881216,-0.7124693989753723,-0.4671633243560791,0.7594597423682404,-0.5889496207237244
Tstd2,0.0360345877707004,0.0945405736565589,1.434213638305664,0.024628092830846,2.7122578620910645,1.434213638305664,0.0001647589477929,4.150752544403076,1.434213638305664,0.0008168432284514,3.7727839946746826
Ncbp1,0.2099516987800598,0.2641701996326446,0.3720643222332001,0.015425996142678,2.882315397262573,0.3720643222332001,0.0546489044104559,2.2997491359710693,0.3720643222332001,0.1285749530039796,1.9554810523986816
Xpa,0.2184851467609405,0.3303746879100799,0.6809660196304321,2.610754567233534e-05,4.614258766174316,0.6809660196304321,7.15791897792682e-05,4.347388744354248,0.6809660196304321,0.0008576543878151,3.757876396179199
Foxe1,0.0,0.0,0.0,0.9888502385877284,0.1005259156227111,0.0,1.0,0.0,0.0,1.0,0.0
Trmo,0.0523987486958503,0.0479209460318088,-0.132133275270462,0.9888502385877284,0.4391473829746246,-0.132133275270462,0.8781613536284111,-0.3912015855312347,-0.132133275270462,0.9383511407922852,-0.3265019059181213
Hemgn,0.0010905215749517,0.0,-20.057374954223636,0.9888502385877284,0.0673658028244972,-20.057374954223636,0.4679991859106411,-1.0,-20.057374954223636,0.6832027011037286,-0.7008072733879089
Anp32b,1.157253623008728,1.5374670028686523,0.7438872456550598,2.5784322583880124e-19,9.31216526031494,0.7438872456550598,2.0880337964173097e-22,10.284090995788574,0.7438872456550598,4.915397525243442e-16,8.630782127380371
Nans,0.2264459133148193,0.5369200110435486,1.483707308769226,1.264321791762114e-20,9.633758544921877,1.483707308769226,4.439385874082236e-25,11.032073974609377,1.483707308769226,4.542543305940601e-20,9.75436782836914
Trim14,0.1035827696323394,0.1460576504468917,0.5270300507545471,0.0842115928395705,2.2132132053375244,0.5270300507545471,0.0569065900550343,2.282465934753418,0.5270300507545471,0.1225760369665131,1.981638789176941
Coro2a,0.0409184657037258,0.2736822664737701,2.913980484008789,5.27601908543895e-17,8.716254234313965,2.913980484008789,2.701761300024921e-23,10.733978271484377,2.913980484008789,3.2399589990052965e-21,10.14360809326172
Tbc1d2,0.0033021329436451,0.0432144738733768,3.738946437835693,0.2739880992390934,1.6121488809585571,3.738946437835693,0.0001455644279356,4.19366979598999,3.738946437835693,0.0002422210065021,4.108376502990723
Gabbr2,0.0,0.0004586329159792,18.807313919067383,0.9888502385877284,0.1678170263767242,18.807313919067383,0.4679991859106411,1.0,18.807313919067383,0.5282133287683867,1.0
Anks6,0.0010342190507799,0.0016744001768529,0.6955640316009521,0.9888502385877284,0.1345822364091873,0.6955640316009521,0.923155135539536,0.3252868950366974,0.6955640316009521,0.9638433800836704,0.2868298590183258
Galnt12,0.1182412952184677,0.1309689432382583,0.1568624824285507,0.1864304038481153,1.826494574546814,0.1568624824285507,0.6515811241149418,0.7128854393959045,0.1568624824285507,0.7528276626180828,0.5990759134292603
Col15a1,0.0012557321460917,0.0,-20.26100349426269,0.9888502385877284,0.0673658028244972,-20.26100349426269,0.4679991859106411,-1.0,-20.26100349426269,0.6832027011037286,-0.7008072733879089
Tgfbr1,0.0889304801821708,0.0622549355030059,-0.5339745283126831,0.9888502385877284,0.1123261302709579,-0.5339745283126831,0.1230218338712768,-1.920029163360596,-0.5339745283126831,0.2605172776766906,-1.5577411651611328
Alg2,0.0443428196012973,0.0255674254149198,-0.8080159425735474,0.9888502385877284,-0.0924599394202232,-0.8080159425735474,0.1150810032531656,-1.95343017578125,-0.8080159425735474,0.2563916367416709,-1.569471836090088
Sec61b,1.463862061500549,1.8759502172470093,0.7341793179512024,1.4211166794175482e-34,12.550578117370604,0.7341793179512024,4.740074440217484e-36,13.27858066558838,0.7341793179512024,1.9458197658428232e-24,10.88362979888916
Nr4a3,0.0476736761629581,0.065034307539463,0.4606488049030304,0.4542084428651902,1.2896593809127808,0.4606488049030304,0.3782981492757644,1.2291126251220703,0.4606488049030304,0.5073828996078611,1.0698851346969604
Stx17,0.1009932979941368,0.0911278203129768,-0.1555265337228775,0.7456318183408401,0.8852404356002808,-0.1555265337228775,0.719363320467116,-0.6161255240440369,-0.1555265337228775,0.8128816980710224,-0.5115283131599426
Erp44,0.2707691192626953,0.600621223449707,1.4045462608337402,3.5666020226261775e-23,10.2293701171875,1.4045462608337402,5.23313924875879e-27,11.464629173278809,1.4045462608337402,4.771919247368385e-21,10.006649017333984
Invs,0.0613595321774482,0.0591919720172882,-0.0534650310873985,0.9888502385877284,0.5776132345199585,-0.0534650310873985,1.0,-0.1710216701030731,-0.0534650310873985,1.0,-0.1433682441711425
Tex10,0.138676717877388,0.1385123282670974,-0.0018323116237297,0.5488629419287634,1.1474592685699463,-0.0018323116237297,1.0,-0.0086196241900324,-0.0018323116237297,1.0,-0.0072426185943186
Msantd3,0.0,0.0,0.0,0.9888502385877284,0.1005259156227111,0.0,1.0,0.0,0.0,1.0,0.0
Baat,0.0,0.0,0.0,0.9888502385877284,0.1005259156227111,0.0,1.0,0.0,0.0,1.0,0.0
Mrpl50,0.1073763072490692,0.179920881986618,0.7982690334320068,0.0002916016363603,4.04321813583374,0.7982690334320068,0.0005145986715567,3.848984956741333,0.7982690334320068,0.0038221264044389,3.320075511932373
Zfp189,0.0126253329217433,0.0206075478345155,0.7126255035400391,0.9743620949583252,0.6021099090576172,0.7126255035400391,0.4291672604726631,1.138300538063049,0.7126255035400391,0.5299909986835808,0.9904761910438538
Rnf20,0.2459221184253692,0.333720326423645,0.506825864315033,0.0012444497143183,3.6609058380126953,0.506825864315033,0.0040680987604897,3.250957727432251,0.506825864315033,0.0180664911425832,2.7989635467529297
Grin3a,0.0011761491186916,0.0,-20.166488647460938,0.9888502385877284,0.0673658028244972,-20.166488647460938,0.4679991859106411,-1.0,-20.166488647460938,0.6832027011037286,-0.7008072733879089
Smc2,0.1573401987552642,0.4068786203861236,1.5591652393341064,7.567474124932888e-12,7.206498146057129,1.5591652393341064,6.933786335306702e-15,8.301626205444336,1.5591652393341064,1.3035280183076586e-12,7.579473495483398
Nipsnap3b,0.1767013221979141,0.2819059193134308,0.7526875138282776,1.4682464578001716e-05,4.740625858306885,0.7526875138282776,3.842733699166769e-05,4.492877960205078,0.7526875138282776,0.0005662291876733,3.871135473251343
Abca1,0.0466997623443603,0.0015084893675521,-4.984967231750488,0.5622989662677624,-1.128190517425537,-4.984967231750488,3.735820580903148e-08,-5.888984203338623,-4.984967231750488,0.0001954976449918,-4.168227672576904
Slc44a1,0.0252635683864355,0.0148603720590472,-0.7731176614761353,0.9888502385877284,-0.0996296927332878,-0.7731176614761353,0.3235071294105745,-1.3397855758666992,-0.7731176614761353,0.492611713123818,-1.0939924716949463
Fsd1l,0.0016800188459455,0.0,-20.68125915527344,0.9888502385877284,0.0673658028244972,-20.68125915527344,0.4679991859106411,-1.0,-20.68125915527344,0.6832027011037286,-0.7008072733879089
Fktn,0.0323643200099468,0.022307313978672,-0.5441749691963196,0.9896512421272384,0.0291271209716796,-0.5441749691963196,0.4632399578244499,-1.0797010660171509,-0.5441749691963196,0.5940307124620446,-0.8847714066505432
Tmem38b,0.0283713229000568,0.0709014758467674,1.3523151874542236,0.0594945475916089,2.36527156829834,1.3523151874542236,0.0014741876497232,3.558736801147461,1.3523151874542236,0.0055979460668398,3.2001423835754395
Rad23b,0.3496063351631164,0.3260169327259063,-0.1187568008899688,0.9888502385877284,0.2351081520318985,-0.1187568008899688,0.548881460937505,-0.8683749437332153,-0.1187568008899688,0.6832027011037286,-0.7210938930511475
Klf4,0.0986040085554122,0.0248793754726648,-2.040424108505249,0.425502363713781,-1.3352171182632446,-2.040424108505249,6.52994614069596e-08,-5.776464939117432,-2.040424108505249,0.0001078079877469,-4.308984756469727
Actl7b,0.0022081537172198,0.0,-21.07600212097168,0.9888502385877284,0.0342056974768638,-21.07600212097168,0.2942789202292576,-1.413719654083252,-21.07600212097168,0.5299909986835808,-0.9907450079917908
Actl7a,0.0,0.0,0.0,0.9888502385877284,0.1005259156227111,0.0,1.0,0.0,0.0,1.0,0.0
Elp1,0.1069840565323829,0.0510050244629383,-1.1095963716506958,0.8663751222149411,-0.7411732077598572,-1.1095963716506958,0.000234666524686,-4.047821044921875,-1.1095963716506958,0.0058538972851567,-3.187239408493042
Abitram,0.069189041852951,0.0658394694328308,-0.0740341767668724,0.7859514351106565,0.8359484076499939,-0.0740341767668724,0.9762106706092092,-0.2506539821624756,-0.0740341767668724,1.0,-0.2083976417779922
Ctnnal1,0.002572301775217,0.0006815261440351,-1.917581558227539,0.9888502385877284,0.0682620257139206,-1.917581558227539,0.4679991859106411,-1.0693037509918213,-1.917581558227539,0.6647309246685327,-0.7794146537780762
Tmem245,0.2103646397590637,0.121967427432537,-0.8519260287284851,0.4194011710636381,-1.3444780111312866,-0.8519260287284851,0.000103270014476,-4.253040790557861,-0.8519260287284851,0.0027899930663034,-3.418056964874268
Epb41l4b,0.0,0.0,0.0,0.9888502385877284,0.1005259156227111,0.0,1.0,0.0,0.0,1.0,0.0
Ptpn3,0.0015377775998786,0.0127804270014166,3.063136100769043,0.9452671725632862,0.6396763920783997,3.063136100769043,0.0347363133507982,2.4932844638824463,3.063136100769043,0.0480605460473639,2.415443420410156
Pakap-2,0.0118175111711025,0.0,-23.50295639038086,0.9888502385877284,-0.2310751676559448,-23.50295639038086,0.0055508661717284,-3.1511788368225098,-23.50295639038086,0.0769823895254868,-2.208369016647339
D630039A03Rik,0.0009876359254121,0.0407960936427116,5.397121906280518,0.2733977912819473,1.613941311836243,5.397121906280518,5.2486327553228e-05,4.444993495941162,5.397121906280518,7.168794609511537e-05,4.417250156402588
Txn1,0.8566789031028748,2.105242252349853,2.4111783504486084,3.982407595523845e-144,25.778026580810547,2.4111783504486084,7.433606614257086e-197,37.486114501953125,2.4111783504486084,1.069754557094286e-137,30.899789810180664
Olfr267,0.0021428063046187,0.0,-21.032615661621094,0.9888502385877284,0.0342056974768638,-21.032615661621094,0.2942789202292576,-1.4144974946975708,-21.032615661621094,0.5299909986835808,-0.9912901520729064
Ecpas,0.217777818441391,0.2383285015821457,0.1454817503690719,0.1149626226551864,2.0701916217803955,0.1454817503690719,0.5436893128575835,0.8763653635978699,0.1454817503690719,0.6832027011037286,0.7386848330497742
Ptgr1,0.002813922939822,0.0168987996876239,2.596442461013794,0.8101779073190659,0.8076428174972534,2.596442461013794,0.0244074298499978,2.6328046321868896,2.596442461013794,0.040121796254111,2.49082088470459
Dnajc25,0.0378073044121265,0.091460682451725,1.3136065006256104,0.0197787179747969,2.7936644554138184,1.3136065006256104,0.0003341116246481,3.967046022415161,1.3136065006256104,0.0017331541948816,3.559040069580078
Gng10,0.0069789853878319,0.0137283634394407,0.9809472560882568,0.9888502385877284,0.5031523704528809,0.9809472560882568,0.3664957594709875,1.2528352737426758,0.9809472560882568,0.4867350919954106,1.1030372381210327
Ugcg,0.752519965171814,0.7399023771286011,-0.0346180833876132,0.9888502385877284,-0.5483367443084717,-0.0346180833876132,0.912902203307733,-0.3403106331825256,-0.0346180833876132,0.9640682980679066,-0.2859982848167419
Susd1,0.0363068208098411,0.059600930660963,0.7320317029953003,0.284510903831623,1.5888471603393557,0.7320317029953003,0.1096602563711402,1.978342056274414,0.7320317029953003,0.2014028814773304,1.713659405708313
Ptbp3,0.9170315861701964,1.013992190361023,0.2260290384292602,0.2942622099133537,1.5693544149398804,0.2260290384292602,0.016980727245434,2.7654030323028564,0.2260290384292602,0.0617257033532652,2.304999351501465
Hsdl2,0.1439455449581146,0.1196673810482025,-0.2843908965587616,0.9452671725632862,0.6392282843589783,-0.2843908965587616,0.3097458183323471,-1.3699347972869873,-0.2843908965587616,0.4738919404621782,-1.1245118379592896
E130308A19Rik,0.027678694576025,0.036364372819662,0.4000485837459564,0.6470927918680548,1.0151922702789309,0.4000485837459564,0.5235869366566269,0.9080936312675476,0.4000485837459564,0.6713044780854571,0.7691428065299988
Inip,0.1134726628661155,0.1343653798103332,0.259198933839798,0.1075412007683349,2.101409912109375,0.259198933839798,0.4077211638094012,1.174072265625,0.259198933839798,0.5299909986835808,0.9911291599273682
Snx30,0.0515336394309997,0.0296291727572679,-0.8144035339355469,0.9888502385877284,-0.2218142300844192,-0.8144035339355469,0.0946014699391137,-2.0500411987304688,-0.8144035339355469,0.2258710975151122,-1.6444666385650637
Slc46a2,0.0059751635417342,0.0,-22.51486015319824,0.9888502385877284,-0.0652746260166168,-22.51486015319824,0.0644395477841399,-2.2268643379211426,-22.51486015319824,0.2600033592347898,-1.560602784156799
Slc31a2,0.02313251234591,0.0484985187649726,1.0864256620407104,0.3397964998205784,1.4824957847595217,1.0864256620407104,0.0350006344089431,2.48713755607605,1.0864256620407104,0.0766242264987459,2.207172155380249
Fkbp15,0.1808400303125381,0.1800828129053115,-0.00661615235731,0.3326764778486027,1.4949681758880615,-0.00661615235731,1.0,-0.0360226444900035,-0.00661615235731,1.0,-0.0301282294094562
Slc31a1,0.0337332785129547,0.0840403363108635,1.3535544872283936,0.0178241862323271,2.8315296173095703,1.3535544872283936,0.0003042449028493,3.991762399673462,1.3535544872283936,0.0016173410324474,3.5789527893066406
Cdc26,0.4150260984897613,0.4059424698352813,-0.0389261022210121,0.9888502385877284,-0.1859654635190963,-0.0389261022210121,0.9214780871626068,-0.3285579681396484,-0.0389261022210121,0.9732082849456222,-0.2728382050991058
Prpf4,0.1376992315053939,0.136685624718666,-0.0114066721871495,0.4577293556030682,1.284730076789856,-0.0114066721871495,1.0,-0.0546347387135028,-0.0114066721871495,1.0,-0.0456846021115779
Rnf183,0.0,0.0,0.0,0.9888502385877284,0.1005259156227111,0.0,1.0,0.0,0.0,1.0,0.0
Wdr31,0.0038233753293752,0.0016892263665795,-1.1800239086151123,0.9888502385877284,0.0681126564741134,-1.1800239086151123,0.6173311994870454,-0.764169454574585,-1.1800239086151123,0.7564255260965702,-0.5936378836631775
Bspry,0.0114891668781638,0.2150172144174575,4.375690460205078,5.175600755002552e-16,8.447014808654785,4.375690460205078,2.6154470364935247e-26,11.6092529296875,4.375690460205078,1.910144742358135e-25,11.359824180603027
Hdhd3,0.0,0.0065996209159493,22.658714294433597,0.9888502385877284,0.5042726397514343,22.658714294433597,0.0593903822366595,2.2673747539520264,22.658714294433597,0.0675238290431626,2.2673747539520264
Alad,0.1022203266620636,0.2617764770984649,1.4752377271652222,2.871156532654597e-09,6.3128180503845215,1.4752377271652222,1.208761298790501e-11,7.229411602020264,1.4752377271652222,1.2586970846800699e-09,6.516868114471436
Pole3,0.1174216940999031,0.2262433022260666,1.026921272277832,2.992972127309975e-07,5.513988018035889,1.026921272277832,9.002159135422169e-07,5.297321319580078,1.026921272277832,2.868401607786229e-05,4.608097076416016
4933430I17Rik,0.0,0.0,0.0,0.9888502385877284,0.1005259156227111,0.0,1.0,0.0,0.0,1.0,0.0
Rgs3,0.1290021985769271,0.3192830979824066,1.449821710586548,3.634564107327376e-11,6.98139762878418,1.449821710586548,3.3317200069578817e-13,7.752962112426758,1.449821710586548,6.891113129917039e-11,6.982061386108398
Col27a1,0.001107056508772,0.0,-20.07909774780273,0.9888502385877284,0.0673658028244972,-20.07909774780273,0.4679991859106411,-1.0,-20.07909774780273,0.6832027011037286,-0.7008072733879089
Orm1,0.0,0.0,0.0,0.9888502385877284,0.1005259156227111,0.0,1.0,0.0,0.0,1.0,0.0
Orm3,0.0010785793419927,0.0035828631371259,1.7337868213653564,0.9888502385877284,0.201798677444458,1.7337868213653564,0.527166612038429,0.9028930068016052,1.7337868213653564,0.6231370277383285,0.8395166993141174
Orm2,0.0,0.0,0.0,0.9888502385877284,0.1005259156227111,0.0,1.0,0.0,0.0,1.0,0.0
Akna,0.2935985624790191,0.5639258623123169,1.1505486965179443,2.463674011926231e-15,8.257538795471191,1.1505486965179443,4.239151804533779e-18,9.189509391784668,1.1505486965179443,7.286436673930417e-14,7.968759059906006
Whrn,0.011220877058804,0.0,-23.427783966064453,0.9888502385877284,-0.2310751676559448,-23.427783966064453,0.0057196813236079,-3.141244411468506,-23.427783966064453,0.0781241948749483,-2.201406955718994
Atp6v1g1,0.680931031703949,0.7158312201499939,0.1001926884055137,0.9888502385877284,0.2477299124002456,0.1001926884055137,0.4679991859106411,1.053613305091858,0.1001926884055137,0.598006638981946,0.8785209655761719
Tmem268,0.0517347641289234,0.0604683756828308,0.2314059287309646,0.810404443661812,0.8064478635787964,0.2314059287309646,0.6720075374589289,0.6824842095375061,0.2314059287309646,0.7618997041660995,0.5847968459129333
Gm11214,0.0,0.0,0.0,0.9888502385877284,0.1005259156227111,0.0,1.0,0.0,0.0,1.0,0.0
Tnfsf8,0.1940642595291137,0.0755277052521705,-1.448882818222046,0.0104692994811518,-3.0150306224823,-1.448882818222046,7.207952221734541e-09,-6.162424087524414,-1.448882818222046,6.982826702910951e-06,-4.924102783203125
Trim32,0.0268161203712224,0.0283614080399274,0.0819484293460846,0.9101639454474536,0.6851595044136047,0.0819484293460846,1.0,0.1834357380867004,0.0819484293460846,1.0,0.1533781886100769
Tlr4,0.0,0.0,0.0,0.9888502385877284,0.1005259156227111,0.0,1.0,0.0,0.0,1.0,0.0
Cdk5rap2,0.1132579296827316,0.0571349337697029,-1.0282262563705444,0.952192654082454,-0.6298180222511292,-1.0282262563705444,0.000513388015348,-3.844025135040283,-1.0282262563705444,0.0097618685208337,-3.01697039604187
Megf9,0.0146753983572125,0.006781016010791,-1.1195310354232788,0.9888502385877284,0.0356247089803218,-1.1195310354232788,0.2717126203554876,-1.4685401916503906,-1.1195310354232788,0.4631889801471787,-1.1432318687438965
Tle1,0.0427598617970943,0.0322884768247604,-0.4128384590148926,0.9888502385877284,0.3340656757354736,-0.4128384590148926,0.4679991859106411,-1.0661472082138062,-0.4128384590148926,0.6048214084370848,-0.8679227828979492
Aldoart1,0.0,0.0,0.0,0.9888502385877284,0.1005259156227111,0.0,1.0,0.0,0.0,1.0,0.0
Kdm4c,0.0910781696438789,0.1344813257455825,0.5941259860992432,0.0268736852122368,2.679993867874145,0.5941259860992432,0.0319937249817203,2.522630453109741,0.5941259860992432,0.0817854545367914,2.17596435546875
Dmac1,0.4895675480365753,0.378775417804718,-0.4558496475219726,0.0278209988852437,-2.66677474975586,-0.4558496475219726,0.0005799447848949,-3.813575029373169,-0.4558496475219726,0.0066999734391481,-3.1418581008911133
Zdhhc21,0.1143629103899002,0.1797364056110382,0.7005758881568909,0.0007136065667835,3.8122174739837646,0.7005758881568909,0.0028671182609006,3.3583216667175293,0.7005758881568909,0.0141607724323528,2.886711835861206
Ttc39b,0.1122570559382438,0.5304042100906372,2.558029890060425,1.0176616974323171e-38,13.294140815734863,2.558029890060425,5.640853733361766e-43,15.21739673614502,2.558029890060425,1.2154220940692016e-38,14.13251495361328
Snapc3,0.1488839238882064,0.1749952733516693,0.2524714767932892,0.0568998304249982,2.384092330932617,0.2524714767932892,0.3493109772079247,1.286916732788086,0.2524714767932892,0.4972606710773532,1.0864850282669067
Psip1,0.6029686331748962,0.6211685538291931,0.0573614574968814,0.9888502385877284,0.5826917886734009,0.0573614574968814,0.7730446183828691,0.5396631956100464,0.0573614574968814,0.8550162669408773,0.4505732655525207
Ccdc171,0.0659096240997314,0.0124730803072452,-2.440469264984131,0.5469340078500146,-1.1501479148864746,-2.440469264984131,6.638532529026888e-07,-5.342442512512207,-2.440469264984131,0.000447699583654,-3.946753978729248
Cntln,0.0041552647016942,0.0025305589661002,-0.7166568040847778,0.9888502385877284,0.1690119951963424,-0.7166568040847778,0.7243674724908796,-0.6082293391227722,-0.7166568040847778,0.8420196715790217,-0.4696579277515411
Rraga,0.1914020925760269,0.3275080919265747,0.8773439526557922,3.534006823741016e-07,5.481799125671387,0.8773439526557922,3.630174037862387e-07,5.473544597625732,0.8773439526557922,1.4728093299054248e-05,4.7565083503723145
Haus6,0.0874213948845863,0.1173035353422164,0.446111261844635,0.0582850817370632,2.3743832111358643,0.446111261844635,0.145603905834681,1.833420753479004,0.446111261844635,0.2580222663834173,1.5648419857025146
Plin2,0.0293268114328384,0.1119990646839141,1.9935322999954224,0.0005195663965378,3.896312713623047,1.9935322999954224,1.8116959854962578e-07,5.628131866455078,1.9935322999954224,1.535052166964244e-06,5.240906238555908
Dennd4c,0.126220628619194,0.1418308764696121,0.179735779762268,0.2075491543666662,1.7689871788024902,0.179735779762268,0.5714966934476602,0.8337678909301758,0.179735779762268,0.6832027011037286,0.702680766582489
Rps6,3.583486795425415,3.085787534713745,-0.7448615431785583,1.2069481574847527e-124,-23.96265983581543,-0.7448615431785583,1.803878291697629e-142,-30.98496627807617,-0.7448615431785583,2.119393774226885e-112,-26.54887008666992
Acer2,0.0117541840299963,0.0,-23.49515914916992,0.9888502385877284,-0.2310751676559448,-23.49515914916992,0.0058038147013056,-3.1359782218933105,-23.49515914916992,0.0786898218575526,-2.197716236114502
Mllt3,0.3165567815303802,0.432755172252655,0.5401275753974915,0.0003340968624332,4.008713722229004,0.5401275753974915,0.0003224490978246,3.971409320831299,0.5401275753974915,0.0029965807343563,3.3946261405944824
Focad,0.0570315308868885,0.0334578678011894,-0.7865473031997681,0.9888502385877284,0.1081437766551971,-0.7865473031997681,0.0626688937870536,-2.2389793395996094,-0.7865473031997681,0.1803964431399906,-1.778043508529663
Hacd4,0.0016419305466115,0.0,-20.64814758300781,0.9888502385877284,0.0342056974768638,-20.64814758300781,0.3239283955607195,-1.339031457901001,-20.64814758300781,0.559635628751777,-0.9384030103683472
Klhl9,0.1476346403360366,0.1377366483211517,-0.1074282899498939,0.8888009556792683,0.7137638330459595,-0.1074282899498939,0.7869907202818429,-0.5201523900032043,-0.1074282899498939,0.865100263412158,-0.4356019794940948
Gm26566,0.0078656524419784,0.0045731607824563,-0.7847523093223572,0.9888502385877284,0.0687101334333419,-0.7847523093223572,0.5779940746120992,-0.8237326145172119,-0.7847523093223572,0.7133884979984405,-0.6570351719856262
Gm13283,0.0,0.0,0.0,0.9888502385877284,0.1005259156227111,0.0,1.0,0.0,0.0,1.0,0.0
Ifnz,0.0,0.0,0.0,0.9888502385877284,0.1005259156227111,0.0,1.0,0.0,0.0,1.0,0.0
Gm13285,0.0010948395356535,0.0,-20.06307983398437,0.9888502385877284,0.0673658028244972,-20.06307983398437,0.4679991859106411,-1.0,-20.06307983398437,0.6832027011037286,-0.7008072733879089
Gm13288,0.0,0.0,0.0,0.9888502385877284,0.1005259156227111,0.0,1.0,0.0,0.0,1.0,0.0
Mtap,0.1709709763526916,0.1985689103603363,0.2364087253808975,0.0650177281966032,2.328227996826172,0.2364087253808975,0.3450012355583977,1.2960150241851809,0.2364087253808975,0.4915535667217884,1.0956658124923706
Cdkn2a,0.0020941384136676,0.05163399502635,4.659787178039551,0.0482429836911266,2.452652931213379,4.659787178039551,9.333195669325606e-07,5.326536178588867,4.659787178039551,1.5888252431961975e-06,5.25783634185791
Cdkn2b,0.0,0.0055523170158267,22.408666610717773,0.9888502385877284,0.3696903884410858,22.408666610717773,0.1546154811684739,1.8027422428131104,22.408666610717773,0.1730084959720942,1.8027422428131104
Dmrta1,0.0055565633811056,0.0,-22.40977096557617,0.9888502385877284,-0.0984347313642501,-22.40977096557617,0.0381797614390321,-2.4504122734069824,-22.40977096557617,0.2008425944446438,-1.7172667980194092
Gm12666,0.0,0.0,0.0,0.9888502385877284,0.1005259156227111,0.0,1.0,0.0,0.0,1.0,0.0
Tusc1,0.0194958020001649,0.0053912554867565,-1.864665508270264,0.9888502385877284,-0.2321207523345947,-1.864665508270264,0.0267391717076668,-2.591919183731079,-1.864665508270264,0.1271763041835514,-1.9627437591552732
Caap1,0.1464665085077285,0.1928462982177734,0.4312819242477417,0.0293326011963081,2.646833896636963,0.4312819242477417,0.0686051298043788,2.198345422744751,0.4312819242477417,0.1480306987663055,1.882946848869324
Plaa,0.196868285536766,0.3073413670063019,0.7256450653076172,1.792887234749728e-05,4.697009563446045,0.7256450653076172,4.378328673345761e-05,4.462363243103027,0.7256450653076172,0.0006322873647985,3.840954780578613
Ift74,0.0355722419917583,0.0245736315846443,-0.541614294052124,0.9888502385877284,0.0934308469295501,-0.541614294052124,0.4146084335205244,-1.162195324897766,-0.541614294052124,0.5502391015892095,-0.9525349140167236
Eqtn,0.0011902991682291,0.0012215533060953,0.0374151021242141,0.9888502385877284,0.1345822364091873,0.0374151021242141,1.0,0.018324626609683,0.0374151021242141,1.0,0.014938935637474
Mysm1,0.3438149690628052,0.3776659071445465,0.1613616049289703,0.2476085519705062,1.6699550151824951,0.1613616049289703,0.4221118090240333,1.149661421775818,0.1613616049289703,0.5360865448608425,0.9748637676239014
Jun,0.8949782252311707,0.5631067752838135,-0.9366596937179564,3.1095520062837604e-08,-5.91616678237915,-0.9366596937179564,1.2379053463872998e-12,-7.510555267333984,-0.9366596937179564,8.738771245901946e-09,-6.190205097198486
Fggy,0.003643182804808,0.0019599378574639,-0.8956058025360107,0.9888502385877284,0.0681126564741134,-0.8956058025360107,0.7467088422561783,-0.5781975388526917,-0.8956058025360107,0.8469811454571334,-0.4619682729244232
Hook1,0.0757752954959869,0.0765638053417205,0.0155108449980616,0.4182922367915749,1.3461211919784546,0.0155108449980616,1.0,0.0562644712626934,0.0155108449980616,1.0,0.0467874333262443
Nfia,0.0191791821271181,0.0443199090659618,1.2266449928283691,0.6044801610196024,1.071429967880249,1.2266449928283691,0.0462516986875307,2.372800350189209,1.2266449928283691,0.0839798408455178,2.1640141010284424
Tm2d1,0.1984285116195678,0.2720379531383514,0.5103663802146912,0.0013518608803901,3.637977600097656,0.5103663802146912,0.0052625859909728,3.168369770050049,0.5103663802146912,0.0233585443915758,2.703675508499145
Patj,0.1056974083185195,0.006787531543523,-4.032926082611084,0.044393143866804,-2.4867093563079834,-4.032926082611084,7.503245140561224e-17,-8.803182601928711,-4.032926082611084,6.877713473663554e-09,-6.286219120025635
L1td1,0.0,0.0,0.0,0.9888502385877284,0.1005259156227111,0.0,1.0,0.0,0.0,1.0,0.0
Usp1,0.2269534766674041,0.4438441395759582,1.1328378915786743,1.2212581848129687e-10,6.80260181427002,1.1328378915786743,1.2405178106147914e-12,7.55303955078125,1.1328378915786743,4.207601576423536e-10,6.693161010742188
Dock7,0.0,0.0047954781912267,22.196704864501957,0.9888502385877284,0.3023992776870727,22.196704864501957,0.1823660682404679,1.7061845064163208,22.196704864501957,0.2040522187367975,1.7061845064163208
Atg4c,0.0046843006275594,0.0,-22.162782669067383,0.9888502385877284,-0.0652746260166168,-22.162782669067383,0.0827085945909638,-2.1135056018829346,-22.162782669067383,0.2941811802467307,-1.481160044670105
Alg6,0.033957615494728,0.0710900127887725,1.092931628227234,0.07220321220138,2.282371282577514,1.092931628227234,0.0075038187305406,3.05300521850586,1.092931628227234,0.0239545874457826,2.694448947906494
Itgb3bp,0.1295460909605026,0.0752496346831321,-0.8235437273979187,0.9888502385877284,-0.4763404726982116,-0.8235437273979187,0.00212674068416,-3.4448771476745605,-0.8235437273979187,0.0207066175156764,-2.750136137008667
Efcab7,0.0128125520423054,0.0116341449320316,-0.1400442421436309,0.9888502385877284,0.3013536930084228,-0.1400442421436309,1.0,-0.2138517200946808,-0.1400442421436309,1.0,-0.1748856157064438
Pgm1,0.0522684194147586,0.1062694936990737,1.063184142112732,0.0131330223732628,2.93810510635376,1.063184142112732,0.0010945374057307,3.641808032989502,1.063184142112732,0.0051675972017986,3.224903106689453
Raver2,0.0394382253289222,0.0033804483246058,-3.57041072845459,0.7109516071171805,-0.9302754402160645,-3.57041072845459,1.8453841994832212e-06,-5.142531394958496,-3.57041072845459,0.0010358584863964,-3.718182802200317
Jak1,1.4910999536514282,1.28126859664917,-0.4040579795837402,5.361729425691512e-11,-6.925010681152344,-0.4040579795837402,2.00459677846661e-08,-5.997017860412598,-0.4040579795837402,4.037977976042633e-06,-5.034313678741455
Ak4,0.0,0.0,0.0,0.9888502385877284,0.1005259156227111,0.0,1.0,0.0,0.0,1.0,0.0
Dnajc6,0.005681405775249,0.0,-22.441917419433597,0.9888502385877284,-0.0652746260166168,-22.441917419433597,0.0781027992318379,-2.14026141166687,-22.441917419433597,0.2856075061573185,-1.499910831451416
Leprot,0.0762011632323265,0.2937235534191131,2.108316421508789,1.0859800200509151e-16,8.6323823928833,2.108316421508789,1.20925181181339e-20,9.9727201461792,2.108316421508789,8.512326518159619e-18,9.162328720092772
Lepr,0.003812797833234,0.005791894160211,0.6046137809753418,0.9888502385877284,0.3363809287548065,0.6046137809753418,0.7510565757353912,0.5722312331199646,0.6046137809753418,0.8365229730004404,0.4790603816509247
Pde4b,0.2872013449668884,0.1596210896968841,-0.9428645968437196,0.0449832137414197,-2.4813320636749268,-0.9428645968437196,3.301876400102864e-07,-5.476152420043945,-0.9428645968437196,7.265200266212514e-05,-4.395121574401856
Sgip1,0.0322622992098331,0.0017825264949351,-4.199902057647705,0.8191667655464905,-0.7959919571876526,-4.199902057647705,5.6834255873702434e-06,-4.910683155059815,-4.199902057647705,0.0020781933587471,-3.516016960144043
Tctex1d1,0.0010684697190299,0.0019152197055518,0.8425742387771606,0.9888502385877284,0.1345822364091873,0.8425742387771606,0.8819733262566137,0.3860970437526703,0.8425742387771606,0.9262736359164974,0.3458989262580871
Wdr78,0.0370944663882255,0.0035330764949321,-3.4164981842041016,0.7899175756828234,-0.8307951092720032,-3.4164981842041016,8.522443944350967e-06,-4.822662830352783,-3.4164981842041016,0.0022132851031973,-3.4961094856262207
Mier1,0.7116785049438477,0.7640119791030884,0.1447208672761917,0.809836744650459,0.8082402944564819,0.1447208672761917,0.2698384046574544,1.47310471534729,0.1447208672761917,0.4148158941708277,1.2321633100509644
Slc35d1,0.0404411666095256,0.0691860541701316,0.7955812811851501,0.140348045189254,1.972727656364441,0.7955812811851501,0.0550818861702886,2.2970449924468994,0.7955812811851501,0.1182067181613935,2.0002987384796143
Oma1,0.0705318301916122,0.1059399545192718,0.6128177642822266,0.0598372056194937,2.362881660461426,0.6128177642822266,0.0530707990498098,2.312782526016236,0.6128177642822266,0.1191394461130302,1.996208906173706
Gm12728,0.0,0.0,0.0,0.9888502385877284,0.1005259156227111,0.0,1.0,0.0,0.0,1.0,0.0
Usp24,0.2843687236309051,0.1602265983819961,-0.9205132722854614,0.0669557990896054,-2.315755605697632,-0.9205132722854614,3.023169685533288e-07,-5.492385387420654,-0.9205132722854614,7.500528182704062e-05,-4.387787818908691
Pcsk9,0.0,0.0,0.0,0.9888502385877284,0.1005259156227111,0.0,1.0,0.0,0.0,1.0,0.0
Dhcr24,0.0652382150292396,0.0444677546620368,-0.5680774450302124,0.9888502385877284,0.2714050412178039,-0.5680774450302124,0.1631445590089826,-1.7717787027359009,-0.5680774450302124,0.3214949741037637,-1.420683979988098
Lexm,0.0,0.0,0.0,0.9888502385877284,0.1005259156227111,0.0,1.0,0.0,0.0,1.0,0.0
Pars2,0.0232943966984748,0.0237402617931365,0.0276754163205623,0.9888502385877284,0.3932161331176758,0.0276754163205623,1.0,0.055595189332962,0.0276754163205623,1.0,0.0467639341950416
Ttc4,0.1247284486889839,0.1589842289686203,0.37538743019104,0.0856195747629673,2.205893993377685,0.37538743019104,0.1735477292975591,1.7384915351867676,0.37538743019104,0.2888323606551659,1.4915783405303955
Acot11,0.0023438935168087,0.0157303381711244,2.7562410831451416,0.7833009375234585,0.8399066925048828,2.7562410831451416,0.0226164618573216,2.662473440170288,2.7562410831451416,0.0372684909353339,2.521578550338745
Ssbp3,0.2703676521778106,0.3348629772663116,0.35751473903656,0.007747977637258,3.1137640476226807,0.35751473903656,0.0428649060791191,2.4025895595550537,0.35751473903656,0.108957523109302,2.040804862976074
Mrpl37,0.0735381469130516,0.1097704768180847,0.6044609546661377,0.0218936454505843,2.755052328109741,0.6044609546661377,0.042587124325365,2.405446529388428,0.6044609546661377,0.1030805577769324,2.0673394203186035
Cyb5rl,0.0194945093244314,0.0101474868133664,-0.9487042427062988,0.9888502385877284,0.0661708489060401,-0.9487042427062988,0.239322995764337,-1.5441609621047974,-0.9487042427062988,0.4302018623366921,-1.1996980905532837
Cdcp2,0.0,0.0,0.0,0.9888502385877284,0.1005259156227111,0.0,1.0,0.0,0.0,1.0,0.0
Tceanc2,0.1077277436852455,0.0967814102768898,-0.1626186221837997,0.6948120088529507,0.9517847299575806,-0.1626186221837997,0.6698139343117621,-0.6856237053871155,-0.1626186221837997,0.7747255938722851,-0.5665403604507446
Tmem59,0.7846869826316833,0.6847110986709595,-0.2774912118911743,0.0051523283913903,-3.2423715591430664,-0.2774912118911743,0.0111780795215507,-2.9145607948303223,-0.2774912118911743,0.0469545539544338,-2.422801971435547
Ldlrad1,0.0011673218104988,0.0016016726149246,0.4566899836063385,0.9888502385877284,0.1345822364091873,0.4566899836063385,0.9972689691943426,0.2191568911075592,0.4566899836063385,1.0,0.1879646033048629
Lrrc42,0.103597804903984,0.1065689846873283,0.0429749377071857,0.3644880939379665,1.4374607801437378,0.0429749377071857,1.0,0.1810616105794906,0.0429749377071857,1.0,0.1511493325233459
Hspb11,0.2346065789461136,0.1218048781156539,-1.0294560194015503,0.1314853471969245,-2.005141019821167,-1.0294560194015503,5.397506625036218e-07,-5.381606101989746,-1.0294560194015503,0.0001205227912399,-4.2734551429748535
Yipf1,0.2093970328569412,0.4369196891784668,1.2340723276138306,1.5740950169624582e-13,7.731234550476074,1.2340723276138306,3.2143553685387504e-15,8.370342254638672,1.2340723276138306,4.648992736656861e-12,7.383943557739258
Ndc1,0.0269084963947534,0.0195955988019704,-0.4628277719020843,0.9888502385877284,0.4209989309310913,-0.4628277719020843,0.4853796140578941,-0.9707230925559998,-0.4628277719020843,0.6651108219070251,-0.7783424854278564
Glis1,0.0,0.0020787469111382,20.98878288269043,0.9888502385877284,0.2351081520318985,20.98878288269043,0.346867320904596,1.293166160583496,20.98878288269043,0.3813037745967547,1.293166160583496
Lrp8,0.0196278803050518,0.027105102315545,0.4710749685764313,0.9245764228372464,0.666637659072876,0.4710749685764313,0.5480957456966801,0.869820237159729,0.4710749685764313,0.6797807527797053,0.7563992142677307
Magoh,0.5372263193130493,0.8761756420135498,0.97873854637146,1.2414802640655857e-15,8.34170913696289,0.97873854637146,1.5359797679281586e-21,10.077622413635254,0.97873854637146,9.870663110358629e-16,8.538957595825195
Czib,0.1526094824075698,0.1163900941610336,-0.4175885617733001,0.9888502385877284,0.1022436693310737,-0.4175885617733001,0.121992537853092,-1.924490213394165,-0.4175885617733001,0.2515104802282729,-1.5811041593551636
Cpt2,0.0282855331897735,0.0265534631907939,-0.0924192890524864,0.9888502385877284,0.552220344543457,-0.0924192890524864,1.0,-0.2070051580667495,-0.0924192890524864,1.0,-0.1714689284563064
Slc1a7,0.0,0.0,0.0,0.9888502385877284,0.1005259156227111,0.0,1.0,0.0,0.0,1.0,0.0
Podn,0.0,0.0,0.0,0.9888502385877284,0.1005259156227111,0.0,1.0,0.0,0.0,1.0,0.0
Scp2,1.0331121683120728,0.8871170878410339,-0.3417109549045563,8.840528574391137e-07,-5.308753967285156,-0.3417109549045563,9.726961657879526e-05,-4.270339012145996,-0.3417109549045563,0.0017659988932364,-3.553318500518799
Echdc2,0.0042073456570506,0.0143978921696543,1.7822376489639282,0.9888502385877284,0.5714144110679626,1.7822376489639282,0.1268212015259183,1.906546115875244,1.7822376489639282,0.1830170152238498,1.7701067924499512
Zyg11b,0.2320058345794677,0.236477330327034,0.0308921970427036,0.3736421666923338,1.420806050300598,0.0308921970427036,1.0,0.1799682974815368,0.0308921970427036,1.0,0.1516874134540558
Coa7,0.0732055455446243,0.0893803462386131,0.2998301684856415,0.2959931516501367,1.5661429166793823,0.2998301684856415,0.4541940693377417,1.0954211950302124,0.2998301684856415,0.5616431586825942,0.9346429109573364
Gpx7,0.0011382309021428,0.0054407473653554,2.2601158618927,0.9888502385877284,0.2690151035785675,2.2601158618927,0.351296346055118,1.2832558155059814,2.2601158618927,0.4247319514704951,1.2128807306289673
Tut4,0.831105649471283,0.6611836552619934,-0.467655211687088,3.574284036522064e-05,-4.543830871582031,-0.467655211687088,2.004382941203524e-05,-4.637351512908936,-0.467655211687088,0.0005425551022982,-3.88348650932312
Prpf38a,0.1762605309486389,0.2928439974784851,0.8198042511940002,1.955615042536262e-06,5.153932094573975,0.8198042511940002,3.646524043374011e-06,5.0100202560424805,0.8198042511940002,9.82295956758393e-05,4.318653106689453
Orc1,0.0020891146268695,0.0416360422968864,4.345499515533447,0.1043665693325199,2.115898609161377,4.345499515533447,2.3828568346186987e-06,5.131905555725098,4.345499515533447,4.525686388985155e-06,5.0367608070373535
Cc2d1b,0.1636259257793426,0.1863534450531005,0.2045121788978576,0.0875330656443392,2.1958861351013184,0.2045121788978576,0.4679991859106411,1.0684012174606323,0.2045121788978576,0.5785075053768003,0.9086524248123168
Zfyve9,0.0,0.0,0.0,0.9888502385877284,0.1005259156227111,0.0,1.0,0.0,0.0,1.0,0.0
3110021N24Rik,0.0,0.0,0.0,0.9888502385877284,0.1005259156227111,0.0,1.0,0.0,0.0,1.0,0.0
Btf3l4,0.0644770488142967,0.0754436030983924,0.2346159517765045,0.3036422338025299,1.5500110387802124,0.2346159517765045,0.5802567628665966,0.8206668496131897,0.2346159517765045,0.6905860296430217,0.6901181936264038
Txndc12,0.1108219400048255,0.1377094388008117,0.3331807851791382,0.1115259385157296,2.084904432296753,0.3331807851791382,0.2623867704646214,1.4898266792297363,0.3331807851791382,0.3926465904771867,1.2720375061035156
Kti12,0.2016355693340301,0.1884226500988006,-0.1076185852289199,0.5522960273627336,1.142380714416504,-0.1076185852289199,0.7144830716025536,-0.6231499910354614,-0.1076185852289199,0.8117456275689179,-0.5141675472259521
Rab3b,0.0,0.001173325930722,20.16301918029785,0.9888502385877284,0.1678170263767242,20.16301918029785,0.4679991859106411,1.0,20.16301918029785,0.5282133287683867,1.0
Nrd1,0.360928863286972,0.4814589619636535,0.5087276101112366,0.0002143336976909,4.120218276977539,0.5087276101112366,0.0002958777963758,3.993733167648315,0.5087276101112366,0.0029620425523827,3.3983640670776367
Osbpl9,0.2887647747993469,0.482227623462677,0.8883160948753357,6.74500503603215e-10,6.540756702423096,0.8883160948753357,7.004780129354967e-10,6.573276042938232,0.8883160948753357,1.403222444515218e-07,5.692746162414551
Eps15,0.2011584192514419,0.2420442402362823,0.2975199520587921,0.0273631429302786,2.6732723712921143,0.2975199520587921,0.1666500388462599,1.7607938051223757,0.2975199520587921,0.2887877042861541,1.491748929023743
Rnf11,0.0711030885577201,0.1605798155069351,1.241096019744873,0.0002587136399632,4.0733160972595215,1.241096019744873,4.837221372367288e-06,4.95917272567749,1.241096019744873,5.829126990402782e-05,4.445400238037109
Cdkn2c,0.0542244240641593,0.0893728286027908,0.7465510964393616,0.0442386026909691,2.488277673721313,0.7465510964393616,0.0281773460192074,2.57316255569458,0.7465510964393616,0.074393420472854,2.221450090408325
Faf1,0.134694367647171,0.1703656315803527,0.3653300702571869,0.0221877300585797,2.750347137451172,0.3653300702571869,0.1447285715770533,1.8363524675369265,0.3653300702571869,0.2598717002669891,1.5595098733901978
Dmrta2,0.0009451358928345,0.0019473450956866,1.0436371564865112,0.9888502385877284,0.1347316056489944,1.0436371564865112,0.8269853744878708,0.4630025923252105,1.0436371564865112,0.8741092619752578,0.423096090555191
Bend5,0.0436348728835582,0.0030524509493261,-3.8668289184570312,0.6347556321603968,-1.0306520462036133,-3.8668289184570312,2.3426796537427887e-07,-5.546894550323486,-3.8668289184570312,0.0004066318412494,-3.976160049438477
Spata6,0.1959774792194366,0.1378573626279831,-0.5506023168563843,0.9461137019097396,-0.6373611688613892,-0.5506023168563843,0.0157071795865943,-2.7936062812805176,-0.5506023168563843,0.0638791450614345,-2.290515661239624
Skint8,0.0,0.0,0.0,0.9888502385877284,0.1005259156227111,0.0,1.0,0.0,0.0,1.0,0.0
Skint3,0.0,0.0,0.0,0.9888502385877284,0.1005259156227111,0.0,1.0,0.0,0.0,1.0,0.0
Foxd2,0.011453160084784,0.0121918329969048,0.0907032340764999,0.9888502385877284,0.3015777468681335,0.0907032340764999,1.0,0.1301056444644928,0.0907032340764999,1.0,0.1088134050369262
Cmpk1,0.4110930562019348,0.7956146597862244,1.2576866149902344,3.151255308532521e-23,10.241843223571776,1.2576866149902344,2.78705134096046e-28,11.742140769958496,1.2576866149902344,1.0814653035395957e-21,10.171412467956545
Stil,0.0030230819247663,0.0281835366040468,3.238956928253174,0.3062487893630987,1.5450817346572876,3.238956928253174,0.0006144785835834,3.8133625984191895,3.238956928253174,0.0011816589627976,3.677062511444092
Tal1,0.0003030791413038,0.0,-18.20955848693848,0.9888502385877284,0.0673658028244972,-18.20955848693848,0.4679991859106411,-1.0,-18.20955848693848,0.6832027011037286,-0.7008072733879089
Pdzk1ip1,0.0003030791413038,0.0108935227617621,5.175273895263672,0.9888502385877284,0.4715606272220611,5.175273895263672,0.0556018917039461,2.296574592590332,5.175273895263672,0.06426877828416,2.291452407836914
Cyp4x1,0.0,0.0,0.0,0.9888502385877284,0.1005259156227111,0.0,1.0,0.0,0.0,1.0,0.0
Efcab14,0.1740301102399826,0.1802701950073242,0.0554579347372055,0.3858194346023623,1.4000436067581177,0.0554579347372055,0.947542885145327,0.2913166880607605,0.0554579347372055,0.9907033858938872,0.2458499819040298
Tex38,0.0010485289385542,0.0017911676550284,0.7730689644813538,0.9888502385877284,0.1345822364091873,0.7730689644813538,0.9013045449042816,0.3578121960163116,0.7730689644813538,0.9434862998247856,0.3182044625282287
Atpaf1,0.1233364045619964,0.0937682017683982,-0.4171427190303802,0.9888502385877284,0.3540065586566925,-0.4171427190303802,0.1550904953439061,-1.7984400987625122,-0.4171427190303802,0.2995621514917044,-1.4682931900024414
Mob3c,0.0841928645968437,0.0589952394366264,-0.5314923524856567,0.9888502385877284,-0.0978372544050216,-0.5314923524856567,0.1581520179213895,-1.7882628440856934,-0.5314923524856567,0.2985504794505617,-1.4703891277313232
Mknk1,0.0743432715535163,0.1128362640738487,0.6301566362380981,0.0700965581277828,2.295142412185669,0.6301566362380981,0.0446825734365558,2.385838270187378,0.6301566362380981,0.1030805577769324,2.067332983016968
Faah,0.2534077167510986,0.2430180758237838,-0.0682010725140571,0.9146915518006314,0.6801556348800659,-0.0682010725140571,0.860707727183978,-0.4155781269073486,-0.0682010725140571,0.9232951017824254,-0.3501219153404236
Nsun4,0.0660623162984848,0.0493991747498512,-0.4314761757850647,0.9888502385877284,0.1756589561700821,-0.4314761757850647,0.3084540082703225,-1.3727643489837646,-0.4314761757850647,0.4752951610294607,-1.1220815181732178
Uqcrh,1.9982712268829343,2.26546573638916,0.4375804662704468,2.6482330629861176e-19,9.30917739868164,0.4375804662704468,8.866657518931611e-25,10.811579704284668,0.4375804662704468,3.307363289944377e-16,8.703807830810547
Lrrc41,0.0434455201029777,0.0987522527575492,1.2249743938446045,0.0157728602964079,2.8746228218078613,1.2249743938446045,0.0004376904664531,3.895283699035645,1.2249743938446045,0.0022563206213414,3.481355905532837
Rad54l,0.0051141884177923,0.0587402917444705,3.560661792755127,0.0126360433230626,2.951847076416016,3.560661792755127,1.0379808968028295e-07,5.74901294708252,3.560661792755127,3.178396612499942e-07,5.565953254699707
Pomgnt1,0.0337205678224563,0.0448277704417705,0.4188283681869507,0.7506459520260159,0.8794150352478027,0.4188283681869507,0.4679991859106411,1.0385395288467407,0.4188283681869507,0.5852636538471189,0.898673415184021
Lurap1,0.0,0.0,0.0,0.9888502385877284,0.1005259156227111,0.0,1.0,0.0,0.0,1.0,0.0
Tspan1,0.0,0.0,0.0,0.9888502385877284,0.1005259156227111,0.0,1.0,0.0,0.0,1.0,0.0
Pik3r3,0.0044303638860583,0.0,-22.08219146728516,0.9888502385877284,-0.0321145206689834,-22.08219146728516,0.104746391736327,-2.001922607421875,-22.08219146728516,0.3286776283329615,-1.4029618501663208
Mast2,0.0198314022272825,0.0495423004031181,1.3424298763275146,0.2982487911586666,1.5606908798217771,1.3424298763275146,0.0145483864583542,2.8252289295196533,1.3424298763275146,0.0327318583810101,2.573310136795044
Ipp,0.03340794891119,0.0752070695161819,1.201101303100586,0.068292704943276,2.30754017829895,1.201101303100586,0.0024339896070532,3.41076135635376,1.201101303100586,0.0088556242768552,3.048445701599121
Tmem69,0.0358394756913185,0.0221070609986782,-0.7069957256317139,0.9888502385877284,0.0820040479302406,-0.7069957256317139,0.2139646624128904,-1.6097854375839231,-0.7069957256317139,0.3837383720035001,-1.288157343864441
Gpbp1l1,0.3302347064018249,0.3509617447853088,0.1036207377910614,0.3491082587621839,1.4653929471969604,0.1036207377910614,0.63887118064466,0.7315229177474976,0.1036207377910614,0.737917858435009,0.6204952597618103
Ccdc17,0.0162553749978542,0.0066813635639846,-1.2896215915679932,0.9888502385877284,-0.0658721029758453,-1.2896215915679932,0.1399088828089163,-1.852690935134888,-1.2896215915679932,0.3174586667419236,-1.4301055669784546
Nasp,0.3927232623100281,0.6088582277297974,0.8014581203460693,1.7070351212474693e-07,5.616157054901123,0.8014581203460693,6.4512742013584315e-09,6.2083821296691895,0.8014581203460693,4.924498942590135e-07,5.455435276031494
Akr1a1,0.588371217250824,1.0492851734161377,1.2119239568710327,7.537142553137978e-29,11.44314956665039,1.2119239568710327,4.397354976072889e-36,13.387614250183104,1.2119239568710327,9.935718136502487e-27,11.402517318725586
Prdx1,1.0718050003051758,1.719828486442566,1.2548800706863403,6.1998721217793885e-56,16.009685516357422,1.2548800706863403,2.2239730261109376e-60,17.81970977783203,1.2548800706863403,2.5207547271459187e-43,14.93353271484375
Mmachc,0.0084553929045796,0.0036370181478559,-1.2205947637557983,0.9888502385877284,0.0687101334333419,-1.2205947637557983,0.3863085025819658,-1.2138909101486206,-1.2205947637557983,0.5631634272696894,-0.9326235055923462
Ccdc163,0.0334566421806812,0.0300294160842895,-0.1584014445543289,0.9888502385877284,0.4812696874141693,-0.1584014445543289,0.8966003432737275,-0.3640422821044922,-0.1584014445543289,0.9552870117939268,-0.300668329000473
Tesk2,0.0085798641666769,0.0077640935778617,-0.1447265446186065,0.9888502385877284,0.2354068905115127,-0.1447265446186065,1.0,-0.1803310960531234,-0.1447265446186065,1.0,-0.1488654166460037
Toe1,0.0950096473097801,0.1621032953262329,0.8202019929885864,0.000909109739169,3.7466440200805664,0.8202019929885864,0.0009920647235854,3.6686978340148926,0.8202019929885864,0.0059203700766344,3.181342363357544
Mutyh,0.0394091494381427,0.0439272969961166,0.1598690003156662,0.5698289696834974,1.1182574033737185,0.1598690003156662,0.8465588727081672,0.4355601072311401,0.1598690003156662,0.9128414685259773,0.3660005629062652
Hpdl,0.0,0.0008287224336527,19.66112899780273,0.9888502385877284,0.1678170263767242,19.66112899780273,0.4679991859106411,1.0,19.66112899780273,0.5282133287683867,1.0
Zswim5,0.0,0.0,0.0,0.9888502385877284,0.1005259156227111,0.0,1.0,0.0,0.0,1.0,0.0
Urod,0.1369659453630447,0.2555537819862366,0.9881486892700196,6.952567042905316e-07,5.354386329650879,0.9881486892700196,4.228238588545648e-07,5.446148872375488,0.9881486892700196,1.4582285799025773e-05,4.758892059326172
Hectd3,0.0881581678986549,0.1317861378192901,0.6120803356170654,0.0294193201034923,2.6454148292541504,0.6120803356170654,0.0326889391186195,2.5142507553100586,0.6120803356170654,0.081588772080864,2.177072048187256
Eif2b3,0.1012623459100723,0.1426574438810348,0.5249242782592773,0.045313814643991,2.47804594039917,0.5249242782592773,0.0583800050110548,2.271186590194702,0.5249242782592773,0.1264779103963165,1.9650037288665767
Ptch2,0.0,0.0,0.0,0.9888502385877284,0.1005259156227111,0.0,1.0,0.0,0.0,1.0,0.0
Btbd19,0.0764514654874801,0.1355384290218353,0.8694610595703125,0.0076225551329261,3.118917226791382,0.8694610595703125,0.0017890730072704,3.5008251667022705,0.8694610595703125,0.0080888113681225,3.078058958053589
Tctex1d4,0.0062324772588908,0.0008330838172696,-2.907167673110962,0.9888502385877284,-0.0315917246043682,-2.907167673110962,0.1020482209905833,-2.0145456790924072,-2.907167673110962,0.3091492842652072,-1.447847843170166
Plk3,0.0457717776298522,0.1679216176271438,1.9649386405944824,4.892861765393596e-06,4.968339920043945,1.9649386405944824,3.2829226946037233e-10,6.727944374084473,1.9649386405944824,7.691737587823499e-09,6.219812870025635
Rps8,4.29533052444458,3.7230703830718994,-0.8410776257514954,1.3091691802057938e-153,-26.622787475585938,-0.8410776257514954,9.827230522161355e-175,-37.94685363769531,-0.8410776257514954,6.543604101008021e-157,-33.73311233520508
Kif2c,0.0040520927868783,0.0191257447004318,2.2496707439422607,0.5768294661542929,1.1088471412658691,2.2496707439422607,0.0161227883076568,2.788299083709717,2.2496707439422607,0.0325817351670216,2.5754542350769043
Armh1,0.0,0.0,0.0,0.9888502385877284,0.1005259156227111,0.0,1.0,0.0,0.0,1.0,0.0
Tmem53,0.0,0.0005840815720148,19.156234741210938,0.9888502385877284,0.1678170263767242,19.156234741210938,0.4679991859106411,1.0,19.156234741210938,0.5282133287683867,1.0
Rnf220,0.2095088064670562,0.2289045751094818,0.1422371864318847,0.1826406125397887,1.8376973867416384,0.1422371864318847,0.580447182354079,0.8201959729194641,0.1422371864318847,0.6856388586191076,0.6964684724807739
Eri3,0.0645814687013626,0.0617702342569828,-0.0662578269839286,0.7076887983997426,0.9341591000556946,-0.0662578269839286,0.9951605724014096,-0.2231505513191223,-0.0662578269839286,1.0,-0.1850474029779434
Dmap1,0.0476584285497665,0.0621724389493465,0.3941091895103454,0.3743873475724876,1.419461727142334,0.3941091895103454,0.3927862713999563,1.2015095949172974,0.3941091895103454,0.5282133287683867,1.0255099534988403
Slc6a9,0.0,0.0,0.0,0.9888502385877284,0.1005259156227111,0.0,1.0,0.0,0.0,1.0,0.0
B4galt2,0.0,0.0014862382085993,20.50430679321289,0.9888502385877284,0.1678170263767242,20.50430679321289,0.4679991859106411,1.0,20.50430679321289,0.5282133287683867,1.0
Atp6v0b,0.3964985609054565,0.534377932548523,0.5376906991004944,0.0001807436087759,4.162190914154053,0.5376906991004944,1.5860036028787664e-05,4.68940544128418,0.5376906991004944,0.0004218657396064,3.951504945755005
Dph2,0.047339528799057,0.0341348014771938,-0.4813919365406036,0.9888502385877284,0.0364462435245513,-0.4813919365406036,0.3705226747935382,-1.2443151473999023,-0.4813919365406036,0.5282133287683867,-1.0185714960098269
Ipo13,0.028159275650978,0.0479261688888073,0.7815527319908142,0.3092430197551928,1.5391069650650024,0.7815527319908142,0.1226693704479932,1.9222791194915767,0.7815527319908142,0.2125021518738361,1.6802897453308103
Artn,0.0,0.0,0.0,0.9888502385877284,0.1005259156227111,0.0,1.0,0.0,0.0,1.0,0.0
St3gal3,0.0085113020613789,0.0312880612909793,1.8946449756622317,0.5087940451628988,1.2046679258346558,1.8946449756622317,0.0121834832085656,2.888742208480835,1.8946449756622317,0.0257653368033826,2.666994333267212
Kdm4a,0.0912951380014419,0.1901697814464569,1.1316733360290527,7.611212948085435e-05,4.3693671226501465,1.1316733360290527,3.71166326996838e-06,5.011913299560547,1.1316733360290527,5.994216273748565e-05,4.438239574432373
Ptprf,0.0024677100591361,0.0,-21.236522674560547,0.9888502385877284,0.0342056974768638,-21.236522674560547,0.2942789202292576,-1.4148072004318235,-21.236522674560547,0.5299909986835808,-0.9915071129798888
Szt2,0.0494345016777515,0.0488076359033584,-0.0188670456409454,0.9888502385877284,0.5584939122200012,-0.0188670456409454,1.0,-0.0530426427721977,-0.0188670456409454,1.0,-0.0446535050868988
Med8,0.2775187194347381,0.3669043481349945,0.4707535803318023,0.0008849976404739,3.75426197052002,0.4707535803318023,0.002506953573853,3.3987410068511963,0.4707535803318023,0.0148185824419646,2.87058162689209
Elovl1,0.1221758797764778,0.2873029410839081,1.3567886352539062,6.773631069205926e-10,6.54000997543335,1.3567886352539062,4.924690843691032e-12,7.354594707489014,1.3567886352539062,9.85583287110589e-10,6.554831027984619
Cdc20,0.0304207298904657,0.0565875619649887,0.9144424200057985,0.3779042959499226,1.412964105606079,0.9144424200057985,0.0655865461698521,2.2198562622070312,0.9144424200057985,0.1240447722796964,1.9752134084701536
Cfap57,0.0,0.0,0.0,0.9888502385877284,0.1005259156227111,0.0,1.0,0.0,0.0,1.0,0.0
Ebna1bp2,0.3894229531288147,0.4731266796588897,0.3455947041511535,0.0266111277987005,2.6839523315429688,0.3455947041511535,0.0178294881382623,2.7469735145568848,0.3455947041511535,0.055860194876727,2.348227977752685
Slc2a1,0.070176750421524,0.1089206635951995,0.6625775098800659,0.0513652082222413,2.4269614219665527,0.6625775098800659,0.0413544944168626,2.4177141189575195,0.6625775098800659,0.0934902667735286,2.11374568939209
Zfp691,0.0112009020522236,0.020947964861989,0.9102450013160706,0.9228308299641564,0.66902756690979,0.9102450013160706,0.3079942910128713,1.3742613792419434,0.9102450013160706,0.4256448719229913,1.2097879648208618
Svbp,0.3064990639686584,0.4673623740673065,0.7321611046791077,5.901536421935232e-07,5.385156631469727,0.7321611046791077,2.4305602029722537e-07,5.547781467437744,0.7321611046791077,1.3280599221108554e-05,4.779254913330078
AU022252,0.0617749877274036,0.0330378152430057,-0.9237976670265198,0.9888502385877284,-0.2268181294202804,-0.9237976670265198,0.0227783058178237,-2.6542012691497803,-0.9237976670265198,0.097244615251044,-2.096230745315552
P3h1,0.0109644196927547,0.0,-23.394243240356445,0.9888502385877284,-0.2310751676559448,-23.394243240356445,0.0054570721785339,-3.1568803787231445,-23.394243240356445,0.076382412660961,-2.212364673614502
Ybx1,1.405515193939209,1.81824004650116,0.745833694934845,3.005316360101293e-25,10.690251350402832,0.745833694934845,5.467454415616337e-31,12.232389450073242,0.745833694934845,3.5640460059060686e-21,10.059057235717772
Ppih,0.1709950417280197,0.2320681661367416,0.4861280024051666,0.0046826389311269,3.2717225551605225,0.4861280024051666,0.0188763384678833,2.726369380950928,0.4861280024051666,0.0571216341093487,2.3386263847351074
Ccdc30,0.0608197264373302,0.0264843124896287,-1.2243492603302002,0.9888502385877284,-0.4739505648612976,-1.2243492603302002,0.0039875872390093,-3.2538487911224365,-1.2243492603302002,0.0358381425522269,-2.537930727005005
Ppcs,0.1406614780426025,0.121144875884056,-0.2298791706562042,0.9432148235869168,0.6441575288772583,-0.2298791706562042,0.4679991859106411,-1.0570406913757324,-0.2298791706562042,0.600516065642013,-0.8744508624076843
Zmynd12,0.0012048275675624,0.0,-20.201265335083008,0.9888502385877284,0.0673658028244972,-20.201265335083008,0.4679991859106411,-1.0,-20.201265335083008,0.6832027011037286,-0.7008072733879089
Rimkla,0.0,0.0011431411840021,20.125398635864254,0.9888502385877284,0.1678170263767242,20.125398635864254,0.4679991859106411,1.0,20.125398635864254,0.5282133287683867,1.0
Frg2f1,0.0153666548430919,0.0075185638852417,-1.0369460582733154,0.9888502385877284,-0.0315917246043682,-1.0369460582733154,0.2863240009320928,-1.436091661453247,-1.0369460582733154,0.464411332557904,-1.1409324407577517
Foxj3,0.1658840477466583,0.1553915590047836,-0.1020383387804031,0.6101022567354795,1.0630652904510498,-0.1020383387804031,0.7845621887892653,-0.5233836770057678,-0.1020383387804031,0.8662648150572659,-0.4339801073074341
Guca2a,0.0,0.0,0.0,0.9888502385877284,0.1005259156227111,0.0,1.0,0.0,0.0,1.0,0.0
Hivep3,0.0533638522028923,0.1450541019439697,1.5098901987075806,0.0002055489459527,4.130748748779297,1.5098901987075806,1.942662222840219e-06,5.1492533683776855,1.5098901987075806,2.7746422557802207e-05,4.617090702056885
Foxo6,0.0,0.0,0.0,0.9888502385877284,0.1005259156227111,0.0,1.0,0.0,0.0,1.0,0.0
Scmh1,0.0486213266849517,0.0058869272470474,-3.0769686698913574,0.7053702382315029,-0.9374452233314514,-3.0769686698913574,9.020786680536202e-07,-5.28532075881958,-3.0769686698913574,0.0006860548795927,-3.831846714019776
Ctps,0.0526465214788913,0.0829050242900848,0.6771948337554932,0.060722711304789,2.3566830158233643,0.6771948337554932,0.0529426653349251,2.313758134841919,0.6771948337554932,0.1205611698319021,1.9902831315994265
Cited4,0.0003030791413038,0.0010770300868898,1.829846978187561,0.9888502385877284,0.1347316056489944,1.829846978187561,0.6661296575965431,0.6917308568954468,1.829846978187561,0.7064008742474189,0.666845977306366
Nfyc,0.1202000305056572,0.180034801363945,0.6270795464515686,0.0017240788141792,3.5690433979034424,0.6270795464515686,0.0064798054364599,3.10012149810791,0.6270795464515686,0.0261106094418996,2.660539388656616
Rims3,0.0033760864753276,0.0084975007921457,1.335384488105774,0.9888502385877284,0.3363809287548065,1.335384488105774,0.3981578948266416,1.1920456886291504,1.335384488105774,0.4996550240244397,1.0822769403457642
Exo5,0.0339483134448528,0.0516812540590763,0.6191841959953308,0.452230523328185,1.2929455041885376,0.6191841959953308,0.2008985648721865,1.6466476917266846,0.6191841959953308,0.319007524468834,1.4263190031051636
Zfp69,0.0284531880170106,0.0021198403555899,-3.765606164932251,0.9888502385877284,-0.5643193125724792,-3.765606164932251,6.890409160247732e-05,-4.352795600891113,-3.765606164932251,0.0077881313568504,-3.099176406860352
Smap2,0.6970473527908325,0.8716279864311218,0.4646833837032318,0.0005772726751801,3.8691272735595694,0.4646833837032318,6.926137183050788e-06,4.870948791503906,0.4646833837032318,0.0002222882796265,4.116014003753662
Zmpste24,0.1589693278074264,0.2690326869487762,0.8412564396858215,6.684078273851708e-06,4.904185771942139,0.8412564396858215,1.021883511719918e-05,4.791496276855469,0.8412564396858215,0.0001827119823671,4.165513038635254
Rlf,0.3346121311187744,0.3147599399089813,-0.1033316999673843,0.8838197462797882,0.7189918160438538,-0.1033316999673843,0.6401411210941235,-0.7296815514564514,-0.1033316999673843,0.7479914397266353,-0.6056262254714966
Ppt1,0.2278933674097061,0.2483740150928497,0.139514684677124,0.11293370337835,2.078929662704468,0.139514684677124,0.5666709515046305,0.8415883183479309,0.139514684677124,0.6832027011037286,0.7082436084747314
Cap1,0.670159101486206,1.1580785512924194,1.1939572095870972,3.1035126439693672e-31,11.917996406555176,1.1939572095870972,1.9924176665267767e-38,13.842607498168944,1.1939572095870972,5.149776638043364e-28,11.705448150634766
Mfsd2a,0.0023579723201692,0.0111469067633152,2.247371196746826,0.9452671725632862,0.6384814381599426,2.247371196746826,0.0911734143825836,2.0701277256011963,2.247371196746826,0.1372847729841254,1.921825170516968
Mycl,0.0,0.0040129730477929,21.939136505126957,0.9888502385877284,0.3023992776870727,21.939136505126957,0.2047557485516336,1.6373356580734253,21.939136505126957,0.2290193521448529,1.6373356580734253
Trit1,0.0623252615332603,0.0448966138064861,-0.4858948588371277,0.9888502385877284,0.2138229459524154,-0.4858948588371277,0.25211837070032,-1.5129213333129885,-0.4858948588371277,0.4163991683079802,-1.2292388677597046
Bmp8b,0.0,0.0012640638742595,20.270551681518555,0.9888502385877284,0.1678170263767242,20.270551681518555,0.4679991859106411,1.0,20.270551681518555,0.5282133287683867,1.0
Ppie,0.2533740401268005,0.2486159950494766,-0.0309254173189401,0.7799888882559242,0.8447611927986145,-0.0309254173189401,1.0,-0.1964609026908874,-0.0309254173189401,1.0,-0.1648965030908584
Hpcal4,0.0,0.0,0.0,0.9888502385877284,0.1005259156227111,0.0,1.0,0.0,0.0,1.0,0.0
Pabpc4,0.139652281999588,0.1189895123243331,-0.2462309449911117,0.9888502385877284,0.5366858839988708,-0.2462309449911117,0.4293408632977712,-1.1378108263015747,-0.2462309449911117,0.556511095916165,-0.942545473575592
Bmp8a,0.0,0.0,0.0,0.9888502385877284,0.1005259156227111,0.0,1.0,0.0,0.0,1.0,0.0
Oxct2a,0.0,0.0,0.0,0.9888502385877284,0.1005259156227111,0.0,1.0,0.0,0.0,1.0,0.0
Macf1,1.181364893913269,1.1174157857894895,-0.1350661814212799,0.0634248938478001,-2.338609218597412,-0.1350661814212799,0.2043564901825274,-1.6366041898727417,-0.1350661814212799,0.3318141160849366,-1.3922357559204102
Ndufs5,0.5797958374023438,0.7243901491165161,0.4367801547050476,0.0042657154595019,3.300550937652588,0.4367801547050476,4.976209930119073e-05,4.429766178131104,0.4367801547050476,0.0009885382969122,3.7198479175567623
Akirin1,0.3192643523216247,0.4594074785709381,0.6326574087142944,1.1164326549513314e-05,4.798506736755371,0.6326574087142944,6.270522872074187e-06,4.893858432769775,0.6326574087142944,0.000173362096291,4.178888320922852
Rhbdl2,0.0039233486168086,0.0,-21.90648460388184,0.9994412017932364,0.0010455889860168,-21.90648460388184,0.1757466798943668,-1.728132724761963,-21.90648460388184,0.4255984904801659,-1.211087942123413
Mycbp,0.0594400390982627,0.1153031885623931,0.99680894613266,0.0061387987536414,3.188075542449951,0.99680894613266,0.0009457846781186,3.684024572372437,0.99680894613266,0.0047568096692613,3.251288652420044
Rragc,0.1741032600402832,0.2885770201683044,0.8147695660591125,1.4968070358910907e-06,5.206286430358887,0.8147695660591125,4.582194732805146e-06,4.962494850158691,0.8147695660591125,0.000115644042097,4.278405666351318
Pou3f1,0.0038289120420813,0.0030030149500817,-0.3511188924312591,0.9888502385877284,0.1351797133684158,-0.3511188924312591,0.9665026347285548,-0.2636576294898987,-0.3511188924312591,1.0,-0.2128844857215881
Utp11,0.2957731783390045,0.4261882901191711,0.6267213225364685,1.303193749501876e-05,4.7656450271606445,0.6267213225364685,1.4902708808869352e-05,4.705191135406494,0.6267213225364685,0.0003291712728846,4.015542507171631
Fhl3,0.0065036201849579,0.0050427592359483,-0.3680844008922577,0.9888502385877284,0.1029905155301094,-0.3680844008922577,0.9013343769135936,-0.357659637928009,-0.3680844008922577,0.9566734564288828,-0.2983482778072357
Sf3a3,0.3066983819007873,0.3480177819728851,0.2137695699930191,0.0766022113561083,2.256455659866333,0.2137695699930191,0.2392355497051645,1.5447804927825928,0.2137695699930191,0.3798941656920639,1.295003890991211
Inpp5b,0.1508170664310455,0.3162976205348968,1.1924940347671509,3.08216215291773e-09,6.3013916015625,1.1924940347671509,1.7345001216963506e-10,6.8080363273620605,1.1924940347671509,1.9180392836423757e-08,6.051028251647949
Mtf1,0.078617163002491,0.1423945277929306,0.903830349445343,0.0023720392044111,3.4770314693450928,0.903830349445343,0.0009768175425795,3.674553871154785,0.903830349445343,0.0051237629951319,3.227872610092163
1110065P20Rik,0.0845736116170883,0.1292657852172851,0.644873857498169,0.0212897869102006,2.765956401824951,0.644873857498169,0.0252017878943265,2.617115259170532,0.644873857498169,0.0656949453000111,2.2772490978240967
Yrdc,0.2332158386707306,0.2548527121543884,0.1442397981882095,0.1576817966360284,1.91350257396698,0.1442397981882095,0.5136526940633218,0.9242958426475524,0.1442397981882095,0.6655646597576447,0.7774927616119385
Maneal,0.0022417563013732,0.0,-21.09781646728516,0.9888502385877284,0.0342056974768638,-21.09781646728516,0.2968978853725758,-1.4011586904525757,-21.09781646728516,0.532385932849352,-0.9819421172142028
Epha10,0.0,0.0,0.0,0.9888502385877284,0.1005259156227111,0.0,1.0,0.0,0.0,1.0,0.0
Cdca8,0.0360614657402038,0.1411941200494766,2.046107053756714,0.0001829790212655,4.15920352935791,2.046107053756714,1.1882786299929204e-08,6.128805637359619,2.046107053756714,1.2675360761841084e-07,5.724576950073242
9930104L06Rik,0.0555243641138076,0.0346676185727119,-0.6946902275085449,0.9888502385877284,-0.1297277212142944,-0.6946902275085449,0.1377834171229029,-1.86113440990448,-0.6946902275085449,0.2805033517013765,-1.5103578567504885
Rspo1,0.0,0.0,0.0,0.9888502385877284,0.1005259156227111,0.0,1.0,0.0,0.0,1.0,0.0
Gnl2,0.2195490151643753,0.1613955348730087,-0.4872223436832428,0.9888502385877284,-0.3968757092952728,-0.4872223436832428,0.0182564565861192,-2.7369210720062256,-0.4872223436832428,0.072990853692593,-2.230692148208618
Dnali1,0.0010832535335794,0.0,-20.04772186279297,0.9888502385877284,0.0673658028244972,-20.04772186279297,0.4679991859106411,-1.0,-20.04772186279297,0.6832027011037286,-0.7008072733879089
Snip1,0.0878860726952552,0.151763454079628,0.8351154923439026,0.0023427861722861,3.480616331100464,0.8351154923439026,0.0014043223899116,3.570577621459961,0.8351154923439026,0.0071330805775013,3.1202821731567383
Meaf6,0.1331267803907394,0.1563211381435394,0.2488464415073394,0.1120408928615471,2.0825891494750977,0.2488464415073394,0.3859288285258425,1.2151062488555908,0.2488464415073394,0.5282133287683867,1.0300445556640625
Zc3h12a,0.1114130094647407,0.1276916563510894,0.2087230235338211,0.3497016748212605,1.4639739990234375,0.2087230235338211,0.5378566607255313,0.8851375579833984,0.2087230235338211,0.6802250842892803,0.7556750178337097
Csf3r,0.0,0.001802169252187,20.782604217529297,0.9888502385877284,0.1678170263767242,20.782604217529297,0.4679991859106411,1.0,20.782604217529297,0.5282133287683867,1.0
Mrps15,0.4085271656513214,0.4422937631607055,0.1406519711017608,0.4607729444516082,1.2803237438201904,0.1406519711017608,0.4076789084059232,1.174172282218933,0.1406519711017608,0.532251887966943,0.9819542169570924
Oscp1,0.0,0.0017097215168178,20.70656394958496,0.9888502385877284,0.2351081520318985,20.70656394958496,0.3376716636503163,1.3123294115066528,20.70656394958496,0.371402462577152,1.3123294115066528
Lsm10,0.141875684261322,0.2141997069120407,0.6480470299720764,0.0013615583609014,3.6359610557556152,0.6480470299720764,0.0021168231220501,3.4501988887786865,0.6480470299720764,0.010623000708218,2.986964464187622
Stk40,0.119487889111042,0.1191703304648399,-0.0040730596520006,0.679989861973739,0.9726964831352234,-0.0040730596520006,1.0,-0.0179817341268062,-0.0040730596520006,1.0,-0.0150881810113787
Eva1b,0.2068044543266296,0.4422122538089752,1.2754486799240112,1.7986614113815052e-13,7.713982105255127,1.2754486799240112,6.088613204439661e-15,8.291047096252441,1.2754486799240112,5.523237443257664e-12,7.359422206878662
Sh3d21,0.0,0.0027178642340004,21.37600326538086,0.9888502385877284,0.3023992776870727,21.37600326538086,0.1896750800393541,1.68213152885437,21.37600326538086,0.2125021518738361,1.68213152885437
Thrap3,0.7909445762634277,0.7886743545532227,-0.0059978421777486,0.7872477851408839,-0.833707869052887,-0.0059978421777486,1.0,-0.0642005205154419,-0.0059978421777486,1.0,-0.0536835566163063
Map7d1,0.1235511302947998,0.2162236720323562,0.8761571645736694,3.533674229025257e-05,4.546519756317139,0.8761571645736694,4.094130818457699e-05,4.479350566864014,0.8761571645736694,0.0005226963105642,3.893274784088135
Trappc3,0.204572856426239,0.3124623894691467,0.6922429203987122,1.2266269475528855e-05,4.778939247131348,0.6922429203987122,4.815322069385426e-05,4.440107822418213,0.6922429203987122,0.000700645635709,3.81344485282898
Col8a2,0.0,0.0,0.0,0.9888502385877284,0.1005259156227111,0.0,1.0,0.0,0.0,1.0,0.0
Adprhl2,0.1467580646276474,0.149885356426239,0.032731220126152,0.3164129519332322,1.5255143642425537,0.032731220126152,1.0,0.1618471145629882,0.032731220126152,1.0,0.1356663852930069
Tekt2,0.0,0.0,0.0,0.9888502385877284,0.1005259156227111,0.0,1.0,0.0,0.0,1.0,0.0
Ago3,0.1137891411781311,0.1061754152178764,-0.1055056899785995,0.6390812250183573,1.02512526512146,-0.1055056899785995,0.8465588727081672,-0.4358865618705749,-0.1055056899785995,0.9148543332116544,-0.3626681268215179
Ago1,0.1114152818918228,0.111771784722805,0.0048708543181419,0.7260852492997215,0.9105586409568788,0.0048708543181419,1.0,0.0202175769954919,0.0048708543181419,1.0,0.017097670584917
Ago4,0.0,0.0,0.0,0.9888502385877284,0.1005259156227111,0.0,1.0,0.0,0.0,1.0,0.0
Clspn,0.0444919131696224,0.2044886797666549,2.318212985992432,9.745326389657952e-07,5.290157318115234,2.318212985992432,2.756721005855131e-12,7.486555099487305,2.318212985992432,4.357230940237036e-11,7.080855369567871
5730409E04Rik,0.0,0.0,0.0,0.9888502385877284,0.1005259156227111,0.0,1.0,0.0,0.0,1.0,0.0
Psmb2,0.6878023147583008,1.0835069417953491,0.9826501607894896,8.373368505191496e-22,9.914349555969238,0.9826501607894896,4.8157830957789195e-28,11.62838649749756,0.9826501607894896,3.119186844988308e-20,9.79699420928955
Ncdn,0.0782746002078056,0.0756757110357284,-0.0506124123930931,0.5459189791077901,1.151641607284546,-0.0506124123930931,1.0,-0.1856800615787506,-0.0506124123930931,1.0,-0.1535798609256744
AU040320,0.0527145117521286,0.0828556567430496,0.6743877530097961,0.1739093550607764,1.8639863729476929,0.6743877530097961,0.0751047664748723,2.157785654067993,0.6743877530097961,0.1515273354725032,1.870861291885376
Zmym4,0.1516882181167602,0.1236209198832511,-0.3158966898918152,0.9888502385877284,0.2567667961120605,-0.3158966898918152,0.2635799200321948,-1.4869364500045776,-0.3158966898918152,0.4160199409205219,-1.2298014163970947
Sfpq,0.9280336499214172,1.227237105369568,0.6570153832435608,6.698146360479614e-10,6.542026042938232,0.6570153832435608,6.34291510480442e-14,7.930195808410644,0.6570153832435608,6.19677668297127e-10,6.631146430969238
Zmym1,0.0582783073186874,0.0647435411810875,0.1564888507127761,0.5036877462087701,1.2125844955444336,0.1564888507127761,0.8067991299430648,0.4922833442687988,0.1564888507127761,0.881379549310411,0.4126066863536834
Zmym6,0.0309017207473516,0.0381211712956428,0.3081428706645965,0.7271681510389161,0.9093636870384216,0.3081428706645965,0.6316021989757858,0.7423741221427917,0.3081428706645965,0.7297422538362941,0.6322970390319824
Tmem35b,0.0234500560909509,0.0275025591254234,0.2329101711511612,0.9820538184681772,0.5926995873451233,0.2329101711511612,0.8149964167042771,0.4811459183692932,0.2329101711511612,0.8840961676243935,0.4088307917118072
Dlgap3,0.0,0.0,0.0,0.9888502385877284,0.1005259156227111,0.0,1.0,0.0,0.0,1.0,0.0
Smim12,0.201498731970787,0.1743519902229309,-0.2289633005857467,0.9888502385877284,0.458416074514389,-0.2289633005857467,0.3436309410802494,-1.299122929573059,-0.2289633005857467,0.5030316837484168,-1.0769168138504028
Zscan20,0.0225379932671785,0.0243076682090759,0.1103342026472091,0.9888502385877284,0.4277205765247345,0.1103342026472091,0.9972713416832936,0.2188815325498581,0.1103342026472091,1.0,0.1848452985286712
Tlr12,0.0483659133315086,0.0062972498126327,-2.9716808795928955,0.6366312423179743,-1.0281873941421509,-2.9716808795928955,3.646524043374011e-06,-4.999575138092041,-2.9716808795928955,0.0011343947652325,-3.690270185470581
Phc2,0.2285668551921844,0.2478767186403274,0.1314882040023803,0.1458783690828874,1.953160285949707,0.1314882040023803,0.5891649216791894,0.8068179488182068,0.1314882040023803,0.6985308139370552,0.6787371635437012
A3galt2,0.0,0.0051649785600602,22.30405807495117,0.9888502385877284,0.3023992776870727,22.30405807495117,0.1893833852148127,1.6830731630325315,22.30405807495117,0.2122379483582722,1.6830731630325315
Zfp362,0.0742940977215766,0.1083937361836433,0.5699338316917419,0.0914143601541431,2.176766872406006,0.5699338316917419,0.0857850383250143,2.096740484237671,0.5699338316917419,0.166601241026232,1.8209973573684688
Trim62,0.0132071617990732,0.0146087752655148,0.1465281844139099,0.9888502385877284,0.302698016166687,0.1465281844139099,0.9966916154414366,0.2199431657791137,0.1465281844139099,1.0,0.1878170222043991
Azin2,0.0008490878390148,0.0,-19.696168899536133,0.9888502385877284,0.0673658028244972,-19.696168899536133,0.4679991859106411,-1.0,-19.696168899536133,0.6832027011037286,-0.7008072733879089
Ak2,0.3070280253887176,0.4845755994319916,0.7948505282402039,1.1181911398545857e-07,5.691962242126465,0.7948505282402039,8.680888592093835e-09,6.149500370025635,0.7948505282402039,1.1452297965702577e-06,5.289860248565674
Rnf19b,0.0941127017140388,0.1418727189302444,0.627264678478241,0.0329759960051735,2.6035165786743164,0.627264678478241,0.0269005601333171,2.591327428817749,0.627264678478241,0.0705258439014585,2.2445931434631348
Fndc5,0.0102763306349515,0.0068711191415786,-0.5831679701805115,0.9888502385877284,0.0688595026731491,-0.5831679701805115,0.6602006956822085,-0.699930727481842,-0.5831679701805115,0.7737413839293652,-0.5680092573165894
S100pbp,0.1182017773389816,0.1702380925416946,0.5647402405738831,0.0054051595012488,3.227583885192871,0.5647402405738831,0.0236769477869142,2.6408863067626958,0.5647402405738831,0.0669804798794542,2.268152952194214
Yars,0.0645344480872154,0.0869634896516799,0.4467238187789917,0.0923703666071104,2.1719870567321777,0.4467238187789917,0.2303307277714067,1.5675278902053833,0.4467238187789917,0.3574445696162167,1.3390437364578247
C77080,0.0,0.002643842017278,21.33611297607422,0.9888502385877284,0.1678170263767242,21.33611297607422,0.4679991859106411,1.0,21.33611297607422,0.5282133287683867,1.0
Sync,0.0,0.0,0.0,0.9888502385877284,0.1005259156227111,0.0,1.0,0.0,0.0,1.0,0.0
Rbbp4,0.5654045343399048,0.6727094650268555,0.3360397219657898,0.030027916912167,2.6377222537994385,0.3360397219657898,0.0045030934825525,3.2183971405029297,0.3360397219657898,0.0232773437063014,2.7055015563964844
Zbtb8os,0.2478136271238327,0.5796302556991577,1.481682538986206,3.919958062833699e-24,10.445807456970217,1.481682538986206,6.310098187681559e-28,11.693086624145508,1.481682538986206,4.673702498037849e-22,10.266783714294434
Zbtb8a,0.0537494905292987,0.0615408420562744,0.2009672671556472,0.53440571980698,1.1688190698623655,0.2009672671556472,0.7058172518836611,0.6352336406707764,0.2009672671556472,0.7971563774150975,0.5352590084075928
Bsdc1,0.0877560600638389,0.1139247864484787,0.3957053124904632,0.2166051802024808,1.7450133562088013,0.3957053124904632,0.2242500147251494,1.584092378616333,0.3957053124904632,0.3464194698649933,1.3611342906951904
Fam229a,0.0011439996305853,0.0,-20.12648200988769,0.9888502385877284,0.0673658028244972,-20.12648200988769,0.4679991859106411,-1.0,-20.12648200988769,0.6832027011037286,-0.7008072733879089
Marcksl1,0.0228029340505599,0.0924011319875717,2.069377422332764,0.0049459505968095,3.254769086837769,2.069377422332764,2.864243868941901e-06,5.077595233917236,2.069377422332764,1.828635113400394e-05,4.715092658996582
Hdac1,0.4238435626029968,0.7061406373977661,0.959126114845276,1.5302428777846337e-12,7.42846155166626,0.959126114845276,6.159572734280777e-16,8.562484741210938,0.959126114845276,5.072004294776341e-12,7.369046688079834
Lck,1.4685651063919067,1.5323084592819214,0.1183694377541542,0.9888502385877284,-0.1840983480215072,0.1183694377541542,0.1075630053747516,1.987455129623413,0.1183694377541542,0.2392970255047847,1.6102135181427002
Fam167b,0.0010310155339539,0.0018241389188915,0.8237212300300598,0.9888502385877284,0.1345822364091873,0.8237212300300598,0.8864387769680593,0.3785166442394256,0.8237212300300598,0.9306296778252876,0.3384394645690918
Eif3i,0.9885310530662536,1.3428934812545776,0.7461549639701843,2.898735691926171e-17,8.785411834716797,0.7461549639701843,1.0973400351456865e-22,10.33665657043457,0.7461549639701843,9.05859796622408e-16,8.55769157409668
Tmem234,0.7941927909851074,1.1155517101287842,0.7583358883857727,7.107095066059879e-13,7.532049655914307,0.7583358883857727,2.7890338814463515e-17,8.9240140914917,0.7583358883857727,2.8045202103601948e-12,7.458825588226318
Dcdc2b,0.0097853345796465,0.0016049976693466,-2.6139557361602783,0.9994412017932364,0.0019418081501498,-2.6139557361602783,0.0825853109171405,-2.113496780395508,-2.6139557361602783,0.2635322418042468,-1.550544023513794
Iqcc,0.0704197436571121,0.0546911396086216,-0.3761369884014129,0.9888502385877284,0.2320460677146911,-0.3761369884014129,0.3807159026797752,-1.224170207977295,-0.3761369884014129,0.5282133287683867,-1.0040113925933838
Ccdc28b,0.045039415359497,0.1264448165893554,1.5488085746765137,0.0014612593205845,3.6164681911468506,1.5488085746765137,3.2640227529246846e-06,5.046501636505127,1.5488085746765137,2.8379920908723723e-05,4.614132881164551
Txlna,0.1734970510005951,0.2116669565439224,0.3153018057346344,0.0198128712383586,2.792768239974976,0.3153018057346344,0.1682589501112189,1.7555320262908936,0.3153018057346344,0.2923172332572281,1.483993411064148
Kpna6,0.0860924497246742,0.0904392898082733,0.0742449611425399,0.3664924059852742,1.4336519241333008,0.0742449611425399,0.9491537401170668,0.2887449562549591,0.0742449611425399,0.993435672951393,0.2417553663253784
Tmem39b,0.0368305705487728,0.0908102318644523,1.3413032293319702,0.0131049035022594,2.939300060272217,1.3413032293319702,0.0001575655785022,4.159745216369629,1.3413032293319702,0.0010136455472773,3.712982177734375
Khdrbs1,0.7276407480239868,0.6992637515068054,-0.0802729874849319,0.4976611618041784,-1.2225922346115112,-0.0802729874849319,0.5898802854107468,-0.8054615259170532,-0.0802729874849319,0.6992135964932099,-0.6776655316352844
Ptp4a2,1.0622565746307373,1.3557630777359009,0.6053370237350464,3.1744585422885903e-10,6.658236026763916,0.6053370237350464,2.1968421906441984e-15,8.365507125854492,0.6053370237350464,1.2570345356208684e-10,6.8886590003967285
Adgrb2,0.0252175237983465,0.0030039732810109,-3.0855438709259038,0.9888502385877284,-0.4643908739089966,-3.0855438709259038,0.00077253763745,-3.7350738048553462,-3.0855438709259038,0.0233535646982928,-2.7087385654449463
Pef1,0.0899494960904121,0.1054994165897369,0.2414474636316299,0.2987000428867287,1.5595706701278689,0.2414474636316299,0.4827709261875353,0.975110113620758,0.2414474636316299,0.6297258969634257,0.8290484547615051
Tinagl1,0.0,0.0,0.0,0.9888502385877284,0.1005259156227111,0.0,1.0,0.0,0.0,1.0,0.0
Fabp3,0.0011761491186916,0.0,-20.166488647460938,0.9888502385877284,0.0673658028244972,-20.166488647460938,0.4679991859106411,-1.0,-20.166488647460938,0.6832027011037286,-0.7008072733879089
Zcchc17,0.2755706906318664,0.427324116230011,0.7487735748291016,1.294523108769047e-06,5.23466682434082,0.7487735748291016,5.480902693970667e-07,5.392603874206543,0.7487735748291016,2.3788074234040752e-05,4.650914192199707
Snrnp40,0.3138798773288727,0.5771951675415039,1.0828423500061035,9.985035908905067e-14,7.790384769439697,1.0828423500061035,8.647085469121695e-17,8.818876266479492,1.0828423500061035,7.190696458148198e-13,7.649318218231201
Nkain1,0.0,0.0,0.0,0.9888502385877284,0.1005259156227111,0.0,1.0,0.0,0.0,1.0,0.0
Pum1,0.4688492119312286,0.3970233500003814,-0.2954382300376892,0.419866193600893,-1.343507170677185,-0.2954382300376892,0.0472083158363768,-2.362083196640014,-0.2954382300376892,0.1263156701652215,-1.9658211469650269
Sdc3,0.0023032361641526,0.0097968382760882,2.094064474105835,0.9888502385877284,0.5713397264480591,2.094064474105835,0.1364628172603918,1.86762011051178,2.094064474105835,0.1976688989485475,1.7251760959625244
Laptm5,1.5681575536727903,2.21522855758667,1.1040245294570925,1.5518138720854864e-72,18.251577377319336,1.1040245294570925,1.233803156712546e-87,21.84695816040039,1.1040245294570925,8.968600320789367e-57,17.604873657226562
Matn1,0.0,0.001431216718629,20.44984436035156,0.9888502385877284,0.1678170263767242,20.44984436035156,0.4679991859106411,1.0,20.44984436035156,0.5282133287683867,1.0
Ptpru,0.0,0.0,0.0,0.9888502385877284,0.1005259156227111,0.0,1.0,0.0,0.0,1.0,0.0
Mecr,0.0410362891852855,0.0732808336615562,0.8600166440010071,0.0615376959068282,2.3513054847717285,0.8600166440010071,0.0249836438722374,2.620333671569824,0.8600166440010071,0.0649941595471444,2.2821385860443115
Srsf4,0.2078568190336227,0.2781272828578949,0.4728954136371612,0.0016551812865163,3.580843448638916,0.4728954136371612,0.0114887728876595,2.905696153640747,0.4728954136371612,0.0415499967063759,2.474419593811035
Epb41,0.3409848809242248,0.3289110064506531,-0.0612051673233509,0.9669371901743092,0.6130138635635376,-0.0612051673233509,0.8492351984037867,-0.4314955472946167,-0.0612051673233509,0.9157058561631152,-0.361552894115448
Ythdf2,0.2383517622947693,0.2941969633102417,0.3457594215869903,0.0053147480470452,3.232662439346313,0.3457594215869903,0.0630396095069586,2.2366421222686768,0.3457594215869903,0.1456022258327524,1.8910349607467647
Gmeb1,0.1065267547965049,0.1007147580385208,-0.0852056518197059,0.7518395145417343,0.8779213428497314,-0.0852056518197059,0.907697978305422,-0.348118782043457,-0.0852056518197059,0.9612487391962752,-0.2913854420185089
Taf12,0.21388840675354,0.4150587916374206,1.1091631650924685,1.7864519366829384e-12,7.407699108123779,1.1091631650924685,3.273034226589694e-13,7.726945877075195,1.1091631650924685,3.9498847924928546e-10,6.701420783996582
Rab42,0.0009983764030039,0.0009882686426863,-0.0146877942606806,0.9888502385877284,0.1345822364091873,-0.0146877942606806,1.0,-0.0071951928548514,-0.0146877942606806,1.0,-0.0058296895585954
Trnau1ap,0.2347489297389984,0.2557004690170288,0.1390667706727981,0.1049316141907172,2.11313533782959,0.1390667706727981,0.5287367867263045,0.8995269536972046,0.1390667706727981,0.6822239426700725,0.7528533339500427
Rcc1,0.0450047105550766,0.066966600716114,0.5893557667732239,0.1594065421181304,1.9077517986297607,0.5893557667732239,0.1396922113546896,1.8543798923492432,0.5893557667732239,0.2475940049539262,1.59069561958313
Phactr4,0.0616987533867359,0.065186008810997,0.0818631872534751,0.5826034999318838,1.1005570888519287,0.0818631872534751,0.9667246648690172,0.2633437514305115,0.0818631872534751,1.0,0.2195151001214981
Med18,0.0429660081863403,0.0468032360076904,0.1262010484933853,0.603997340281156,1.0720274448394775,0.1262010484933853,0.9020016900924872,0.3567805886268616,0.1262010484933853,0.9570135590128472,0.2976489067077636
Sesn2,0.0011305111693218,0.0255129542201757,4.5138092041015625,0.6013700106226378,1.0757616758346558,4.5138092041015625,0.001626924470912,3.5387861728668213,4.5138092041015625,0.0022609750872497,3.490439414978028
Atpif1,0.3908769190311432,0.8563457131385803,1.5018868446350098,8.50703244608571e-30,11.634044647216797,1.5018868446350098,7.476904078332598e-36,13.41700553894043,1.5018868446350098,5.364054146651701e-28,11.696385383605955
Dnajc8,0.6627976894378662,0.8463655710220337,0.5016235709190369,0.00020484295463,4.131719589233398,0.5016235709190369,9.063971188527288e-07,5.288453102111816,0.5016235709190369,5.82816740642803e-05,4.444794178009033
Ptafr,0.0,0.0018569604726508,20.825851440429688,0.9888502385877284,0.1678170263767242,20.825851440429688,0.4679991859106411,1.0,20.825851440429688,0.5282133287683867,1.0
Eya3,0.043105099350214,0.0819157436490058,0.9545698165893556,0.0872899064371039,2.197230577468872,0.9545698165893556,0.0126561373938407,2.872985363006592,0.9545698165893556,0.0354805143217009,2.5405635833740234
Xkr8,0.0113586355000734,0.02326275780797,1.0428444147109983,0.8426185786482285,0.767536997795105,1.0428444147109983,0.1845805516216769,1.6963622570037842,1.0428444147109983,0.2835156998286531,1.5037345886230469
Smpdl3b,0.0057585705071687,0.1699151396751403,5.003106594085693,8.437008139212102e-10,6.505953311920166,5.003106594085693,6.642627947919586e-19,9.620455741882324,5.003106594085693,1.775453211038802e-18,9.50793743133545
Rpa2,0.199296087026596,0.9556813836097716,2.859336376190185,9.793046320141308e-75,18.52947998046875,2.859336376190185,6.898138966284299e-84,22.968204498291016,2.859336376190185,3.2222456273579106e-76,21.065242767333984
Themis2,0.0012661028886213,0.0857478007674217,6.143014430999756,0.0043509866910379,3.294650793075561,6.143014430999756,6.73184598664399e-10,6.6565775871276855,6.143014430999756,1.0084453192049643e-09,6.622520923614502
Ppp1r8,0.0909285694360733,0.1821512728929519,1.069631814956665,2.838515110741524e-05,4.59581184387207,1.069631814956665,6.59325348525711e-06,4.888458728790283,1.069631814956665,0.0001092444900452,4.292950630187988
Stx12,0.0553042106330394,0.1292164027690887,1.2784640789031982,0.0010532732330077,3.706986427307129,1.2784640789031982,2.79144613047022e-05,4.57159423828125,1.2784640789031982,0.0002514165433765,4.08532190322876
Fam76a,0.1552954018115997,0.2214899063110351,0.5614731907844543,0.0009017516470864,3.749033927917481,0.5614731907844543,0.0092827361980362,2.979743480682373,0.5614731907844543,0.0342625901515678,2.5547351837158203
Fgr,0.0091936634853482,0.0102954506874084,0.1640911847352981,0.9888502385877284,0.2363031059503555,0.1640911847352981,1.0,0.20496666431427,0.1640911847352981,1.0,0.1740584075450897
Ahdc1,0.0966256037354469,0.0900364592671394,-0.1067233011126518,0.8403780493701161,0.7703003287315369,-0.1067233011126518,0.8623750623914029,-0.4134526252746582,-0.1067233011126518,0.9271587699050584,-0.3442306816577911
Wasf2,0.4813958406448364,0.7186306715011597,0.7661631107330322,1.7329407688251464e-09,6.393253803253174,0.7661631107330322,1.208761298790501e-11,7.196305274963379,0.7661631107330322,1.1434847401025163e-08,6.139130115509033
Gpr3,0.0023523396812379,0.0,-21.16736221313477,0.9888502385877284,0.0342056974768638,-21.16736221313477,0.2945239034950411,-1.4090665578842163,-21.16736221313477,0.530209076476308,-0.9874840378761292
Map3k6,0.0,0.0034507270902395,21.7209587097168,0.9888502385877284,0.2351081520318985,21.7209587097168,0.2942789202292576,1.415141224861145,21.7209587097168,0.3244724998586388,1.415141224861145
Sytl1,0.046096671372652,0.0991583615541458,1.1438112258911133,0.0257090525070879,2.696723461151123,1.1438112258911133,0.001005062811971,3.667070865631104,1.1438112258911133,0.004651440101109,3.259136199951172
Tmem222,0.1628014743328094,0.2319661080837249,0.5623321533203125,0.0037121833381521,3.343270778656006,0.5623321533203125,0.0053603908305691,3.162755250930786,0.5623321533203125,0.0220825941331871,2.725269079208374
Wdtc1,0.0854153335094451,0.109330728650093,0.3736635446548462,0.0996048137030272,2.1374826431274414,0.3736635446548462,0.2652269847623469,1.4834270477294922,0.3736635446548462,0.3999134653565726,1.258365273475647
Slc9a1,0.0647625029087066,0.0897840857505798,0.4895825684070587,0.1410748649481859,1.9703377485275269,0.4895825684070587,0.1687987257639172,1.7540757656097412,0.4895825684070587,0.2836347438350147,1.5034098625183103
Tent5b,0.0,0.0,0.0,0.9888502385877284,0.1005259156227111,0.0,1.0,0.0,0.0,1.0,0.0
Trnp1,0.0309721194207668,0.0,-24.9068660736084,0.7921909882612643,-0.8279570937156677,-24.9068660736084,8.291959878269755e-07,-5.310623645782471,-24.9068660736084,0.0010358584863964,-3.7217235565185542
Kdf1,0.0,0.0,0.0,0.9888502385877284,0.1005259156227111,0.0,1.0,0.0,0.0,1.0,0.0
Nudc,0.5369979739189148,0.5837942361831665,0.1574362814426422,0.8139655350179005,0.8018173575401306,0.1574362814426422,0.281301170610788,1.447811245918274,0.1574362814426422,0.4168913489550201,1.228151559829712
Gpatch3,0.0274375025182962,0.020358707755804,-0.4356297254562378,0.9888502385877284,0.2876116633415222,-0.4356297254562378,0.5232504494053303,-0.9086589217185974,-0.4356297254562378,0.6832027011037286,-0.7345134019851685
Gpn2,0.0650566443800926,0.0925775244832038,0.5290785431861877,0.1351666433893676,1.9913989305496216,0.5290785431861877,0.1381792520008354,1.86013925075531,0.5290785431861877,0.2404376291554438,1.6071810722351074
Sfn,0.0698072388768196,0.1108785644173622,0.6976045966148376,0.0688791874576069,2.3025362491607666,0.6976045966148376,0.0313313752706612,2.5317153930664062,0.6976045966148376,0.0767178760959898,2.2065279483795166
Zdhhc18,0.3760499954223633,0.8730701804161072,1.6107399463653564,9.834666934349678e-40,13.469277381896973,1.6107399463653564,8.516379949200635e-46,15.350785255432127,1.6107399463653564,6.507126475184622e-35,13.20965576171875
Pigv,0.0522615537047386,0.0758579075336456,0.5547524690628052,0.2089109958210503,1.7651035785675049,0.5547524690628052,0.1614175081847847,1.777912139892578,0.5547524690628052,0.2696211746554477,1.5359101295471191
Arid1a,0.7215654850006104,0.6623499989509583,-0.1711388677358627,0.0783744706467453,-2.245626449584961,-0.1711388677358627,0.1692384969777276,-1.7523488998413086,-0.1711388677358627,0.3074222949650068,-1.4506380558013916
Rps6ka1,0.2848444879055023,0.4959549307823181,0.962200164794922,1.4739917746436517e-11,7.111648082733154,0.962200164794922,2.2991520823237727e-12,7.443543910980225,0.962200164794922,2.529384816017767e-09,6.396306037902832
Hmgn2,0.3047035038471222,0.6905027627944946,1.4815078973770142,2.0413975543673516e-20,9.58364486694336,1.4815078973770142,5.9215439697119e-24,10.786389350891112,1.4815078973770142,9.258283413547416e-20,9.681282997131348
Dhdds,0.0413385480642318,0.0846617892384529,1.0658024549484253,0.045387300286036,2.4772989749908447,1.0658024549484253,0.0029435191175479,3.352463960647583,1.0658024549484253,0.0110838036419694,2.9718997478485107
Zfp683,0.0032515551429241,0.0036254089791327,0.157283678650856,0.9888502385877284,0.2022467851638794,0.157283678650856,1.0,0.1263886392116546,0.157283678650856,1.0,0.106093592941761
Crybg2,0.0109754204750061,0.0111353974789381,0.0209925603121519,0.9888502385877284,0.3681220114231109,0.0209925603121519,1.0,0.0304299797862768,0.0209925603121519,1.0,0.0252416115254163
Cd52,3.2796053886413574,3.8745062351226807,0.8833441138267517,1.7991983017135227e-105,22.033472061157227,0.8833441138267517,3.484114064829571e-119,26.71121597290039,0.8833441138267517,1.3679241975894582e-83,22.10550308227539
Ubxn11,0.0748606547713279,0.0595519952476024,-0.3412241637706756,0.9888502385877284,0.1998568624258041,-0.3412241637706756,0.425700194337003,-1.1436389684677124,-0.3412241637706756,0.5560810960034742,-0.9432243704795836
Sh3bgrl3,2.075665235519409,2.659271240234375,0.9306938648223876,5.006121842895263e-78,18.935691833496094,0.9306938648223876,5.217021918948136e-87,21.79917907714844,0.9306938648223876,2.588057852203028e-57,17.67354393005371
Cep85,0.063819020986557,0.0769828781485557,0.2801583707332611,0.310603222965071,1.536268949508667,0.2801583707332611,0.4916477430733824,0.96065092086792,0.2801583707332611,0.6388482489506814,0.8154169321060181
Cnksr1,0.0,0.0,0.0,0.9888502385877284,0.1005259156227111,0.0,1.0,0.0,0.0,1.0,0.0
Zfp593,0.275995671749115,0.3056976795196533,0.1699225455522537,0.0993291033968794,2.1386775970458984,0.1699225455522537,0.4413263303644809,1.116957426071167,0.1699225455522537,0.5559238900818028,0.9434654712677002
E130218I03Rik,0.0,0.0,0.0,0.9888502385877284,0.1005259156227111,0.0,1.0,0.0,0.0,1.0,0.0
Grrp1,0.0,0.0,0.0,0.9888502385877284,0.1005259156227111,0.0,1.0,0.0,0.0,1.0,0.0
Pdik1l,0.082098364830017,0.0906317308545112,0.148906722664833,0.2745309425314655,1.6106551885604858,0.148906722664833,0.7590341690561352,0.560952365398407,0.148906722664833,0.8420196715790217,0.4694889783859253
Slc30a2,0.0,0.0,0.0,0.9888502385877284,0.1005259156227111,0.0,1.0,0.0,0.0,1.0,0.0
Extl1,0.0008603712194599,0.0,-19.715221405029297,0.9888502385877284,0.0673658028244972,-19.715221405029297,0.4679991859106411,-1.0,-19.715221405029297,0.6832027011037286,-0.7008072733879089
Pafah2,0.0063032046891748,0.0016886966768652,-1.903505563735962,0.9888502385877284,-0.031442355364561,-1.903505563735962,0.2755393062975852,-1.459886908531189,-1.903505563735962,0.484964053600468,-1.10661518573761
Stmn1,0.1766711920499801,0.7715941667556763,2.589658498764038,3.943197132103796e-29,11.50080680847168,2.589658498764038,1.2974974548416403e-34,13.517303466796877,2.589658498764038,2.590495449711455e-32,12.885170936584473
Paqr7,0.094723179936409,0.1224567964673042,0.3908508718013763,0.232410264685652,1.7058037519454956,0.3908508718013763,0.2248607639260788,1.5824358463287354,0.3908508718013763,0.3439300236943403,1.3664579391479492
Aunip,0.0034245236311107,0.0319711193442344,3.243446350097656,0.2443401199739784,1.677871584892273,3.243446350097656,0.0001670976863299,4.155250072479248,3.243446350097656,0.0003793936810562,3.9873836040496826
Mtfr1l,0.2433989942073822,0.2703976333141327,0.1720674932003021,0.0873687671102391,2.1967077255249023,0.1720674932003021,0.4532141737898661,1.0972377061843872,0.1720674932003021,0.5686088043066081,0.9237849712371826
Selenon,0.0047693327069282,0.0299730133265256,2.670037746429444,0.5769731313598481,1.1082496643066406,2.670037746429444,0.0050716431577178,3.1883175373077397,2.670037746429444,0.0090172586361686,3.045648097991944
Man1c1,0.0011498323874548,0.0091824550181627,3.0032546520233154,0.9888502385877284,0.4706644117832184,3.0032546520233154,0.1026192578190184,2.014290809631348,3.0032546520233154,0.1346449038605999,1.9327654838562007
Ldlrap1,0.2483015060424804,0.1044378653168678,-1.3562721014022827,0.0053070116798737,-3.233334541320801,-1.3562721014022827,1.8708923614129788e-11,-7.103353977203369,-1.3562721014022827,2.5661129604535084e-07,-5.591401100158691
Maco1,0.1271520107984542,0.1712870150804519,0.4624897539615631,0.0161983371266643,2.8648390769958496,0.4624897539615631,0.0655431602497747,2.219482183456421,0.4624897539615631,0.1422420287919569,1.903378129005432
Rhd,0.0,0.0,0.0,0.9888502385877284,0.1005259156227111,0.0,1.0,0.0,0.0,1.0,0.0
Tmem50a,0.951551616191864,1.40574848651886,0.9534873962402344,5.798509023012296e-29,11.466227531433104,0.9534873962402344,7.108447064914154e-37,13.464756965637209,0.9534873962402344,1.7324840139371507e-25,11.129125595092772
Rsrp1,1.1839951276779177,1.3995352983474731,0.4293363690376282,3.924015611473833e-05,4.522695064544678,0.4293363690376282,6.025120853262897e-08,5.80051851272583,0.4293363690376282,9.52283938771705e-06,4.852626323699951
Syf2,0.7080695033073425,0.916234850883484,0.5420878529548645,1.2263042798046006e-05,4.779088497161865,0.5420878529548645,1.1996120573685541e-08,6.085275650024414,0.5420878529548645,3.1368760721009024e-06,5.087395668029785
Runx3,0.832417368888855,0.8527134656906128,0.051426738500595,0.9888502385877284,0.1823059022426605,0.051426738500595,0.7654060784587453,0.5510548949241638,0.051426738500595,0.8476096507929711,0.4608713388442993
Clic4,0.0825683176517486,0.2477321922779083,1.7075390815734863,6.011853075102032e-11,6.908430576324463,1.7075390815734863,5.6452042138674995e-14,8.007652282714844,1.7075390815734863,1.1959999622427995e-11,7.250921249389648
Srrm1,0.7481508851051331,0.931050181388855,0.4657098054885864,0.0002331475786091,4.0990824699401855,0.4657098054885864,1.95788688871044e-06,5.133042335510254,0.4657098054885864,0.0001094597751309,4.292777061462402
Ncmap,0.0012822678545489,0.0018856977112591,0.5568358302116394,0.9888502385877284,0.1345822364091873,0.5568358302116394,0.9662709128349068,0.2646198272705078,0.5568358302116394,1.0,0.2296608984470367
Rcan3,0.0441833585500717,0.0483446903526783,0.1328792423009872,0.6524095299352848,1.0070515871047974,0.1328792423009872,0.884731210198748,0.3812070786952972,0.1328792423009872,0.9432136179664892,0.3185764849185943
Nipal3,0.0751493424177169,0.2447465062141418,1.82905375957489,3.3742786520987236e-10,6.64867639541626,1.82905375957489,3.1000234278715914e-14,8.100348472595215,1.82905375957489,4.215709465770451e-12,7.411065101623535
Stpg1,0.0,0.0,0.0,0.9888502385877284,0.1005259156227111,0.0,1.0,0.0,0.0,1.0,0.0
Grhl3,0.0,0.0,0.0,0.9888502385877284,0.1005259156227111,0.0,1.0,0.0,0.0,1.0,0.0
Srsf10,0.539745032787323,0.5446953177452087,0.0170632749795913,0.9888502385877284,-0.1870110630989074,0.0170632749795913,1.0,0.1564132422208786,0.0170632749795913,1.0,0.1307668387889862
Pnrc2,0.2444917857646942,0.2905676364898681,0.283805102109909,0.0513031638636043,2.4274842739105225,0.283805102109909,0.1463576546175781,1.8306645154953003,0.283805102109909,0.2624937516859457,1.552551031112671
Cnr2,0.0399728864431381,0.0,-25.28144836425781,0.6121741294076272,-1.0600779056549072,-25.28144836425781,2.8679501514718254e-08,-5.940609931945801,-25.28144836425781,0.0002004550890458,-4.163222789764404
Fuca1,0.227288156747818,0.3781397342681885,0.8486945629119873,7.047358547437825e-08,5.773070335388184,0.8486945629119873,2.6680139380686034e-08,5.954154968261719,0.8486945629119873,2.682050337595792e-06,5.118068218231201
Hmgcl,0.1180680617690086,0.1403835415840149,0.2661989331245422,0.0715848406656026,2.2864043712615967,0.2661989331245422,0.3670197960408197,1.251550316810608,0.2661989331245422,0.512790791717102,1.0613725185394287
Gale,0.0103062251582741,0.0739661082625389,2.889591693878174,0.0088843900965899,3.0695505142211914,2.889591693878174,1.074153504677786e-07,5.736478805541992,2.889591693878174,4.970705180040322e-07,5.472592830657959
Lypla2,0.2110713124275207,0.4881561398506164,1.4211057424545288,1.0880789241854162e-19,9.40499782562256,1.4211057424545288,2.458773420481767e-21,10.07896614074707,1.4211057424545288,7.993056015340501e-17,8.857892990112305
Pithd1,0.1472296714782714,0.1736233830451965,0.2574406564235687,0.0863411131391549,2.2019357681274414,0.2574406564235687,0.3355320513377526,1.3155597448349,0.2574406564235687,0.4806364522566135,1.1135728359222412
Eloa,0.1486961990594864,0.2876198589801788,1.0556480884552002,3.4598398785728955e-08,5.897719383239746,1.0556480884552002,2.685870188820708e-08,5.958248615264893,1.0556480884552002,1.737736745575507e-06,5.205719947814941
Rpl11,3.851858615875244,3.5533759593963623,-0.4415504336357116,4.324829747322649e-83,-19.54325294494629,-0.4415504336357116,2.833525512310537e-85,-22.12388801574707,-0.4415504336357116,1.2527384046552869e-65,-18.964250564575195
Id3,0.4702149927616119,0.0067603178322315,-6.467660903930664,3.3598327039082208e-21,-9.772224426269531,-6.467660903930664,3.4799030655160733e-68,-19.265867233276367,-6.467660903930664,7.08142461905342e-34,-13.574934005737305
E2f2,0.0391147620975971,0.3263311684131622,3.274038553237915,7.696226668116619e-24,10.379935264587402,3.274038553237915,3.514981137252332e-32,12.966097831726074,3.274038553237915,3.714653011049852e-30,12.402780532836914
Asap3,0.0,0.0009595549781806,19.872699737548828,0.9888502385877284,0.1678170263767242,19.872699737548828,0.4679991859106411,1.0,19.872699737548828,0.5282133287683867,1.0
Tcea3,0.0,0.0,0.0,0.9888502385877284,0.1005259156227111,0.0,1.0,0.0,0.0,1.0,0.0
Zfp46,0.0195032618939876,0.0161411724984645,-0.2754024863243103,0.9888502385877284,0.23346509039402,-0.2754024863243103,0.8314276424874019,-0.4566027522087097,-0.2754024863243103,0.9047563522626512,-0.3775132000446319
Hnrnpr,0.6878476738929749,0.5596873760223389,-0.3994645476341247,0.0029668488788943,-3.410412549972534,-0.3994645476341247,0.0008063517937898,-3.72330641746521,-0.3994645476341247,0.0082153015499453,-3.073460340499878
Htr1d,0.0,0.0140168545767664,23.750782012939453,0.9888502385877284,0.5715637803077698,23.750782012939453,0.0354596158169167,2.486015796661377,23.750782012939453,0.0408796673335579,2.486015796661377
Luzp1,0.0486574135720729,0.037461444735527,-0.3853873014450073,0.9888502385877284,0.3592345118522644,-0.3853873014450073,0.4679991859106411,-1.029799461364746,-0.3853873014450073,0.6223091305251742,-0.8406488299369812
Kdm1a,0.3612011969089508,0.348092257976532,-0.0633468255400657,0.8072361217287923,0.8114517331123352,-0.0633468255400657,0.820093056844871,-0.4732072651386261,-0.0633468255400657,0.8946698678190689,-0.3925496637821197
Lactbl1,0.0020062893163412,0.0025200676172971,0.3293034434318542,0.9888502385877284,0.1016461849212646,0.3293034434318542,1.0,0.1776486039161682,0.3293034434318542,1.0,0.1589303463697433
C1qb,0.0026661874726414,0.0133554078638553,2.332294464111328,0.9888502385877284,0.504496693611145,2.332294464111328,0.1299797565252668,1.8943175077438357,2.332294464111328,0.1763868110894863,1.7907124757766724
C1qc,0.0010391167597845,0.0137834409251809,3.7387094497680655,0.9888502385877284,0.5381795763969421,3.7387094497680655,0.0499509507617506,2.342825412750244,3.7387094497680655,0.062887813836583,2.2997541427612305
C1qa,0.0010391167597845,0.0103780627250671,3.3268492221832275,0.9888502385877284,0.4709631502628326,3.3268492221832275,0.091164041449714,2.071298837661743,3.3268492221832275,0.1147016747147207,2.0165529251098637
Epha8,0.0011155290994793,0.0005771293654106,-0.9511486887931824,0.9888502385877284,0.1345822364091873,-0.9511486887931824,0.8513099582874507,-0.4286693334579468,-0.9511486887931824,0.9435665819546508,-0.3179827630519867
Zbtb40,0.0448763072490692,0.031489435583353,-0.520804226398468,0.9888502385877284,0.165800541639328,-0.520804226398468,0.3235540952652134,-1.3396071195602417,-0.520804226398468,0.4985479790840929,-1.0840036869049072
Wnt4,0.0240337196737527,0.0026387840043753,-3.202581882476806,0.9888502385877284,-0.4303345680236816,-3.202581882476806,0.0009346448362947,-3.6818807125091553,-3.202581882476806,0.0253159387424821,-2.677396535873413
Cdc42,1.471982479095459,2.186764001846313,1.235466480255127,7.697983122623099e-85,19.74908447265625,1.235466480255127,4.17275926119003e-101,23.72471237182617,1.235466480255127,7.423046504130179e-64,18.952430725097656
Usp48,0.2112110406160354,0.4591739773750305,1.3091943264007568,7.312670061903227e-16,8.40571403503418,1.3091943264007568,3.667160591297714e-17,8.94159984588623,1.3091943264007568,1.5343231478407782e-13,7.867189407348633
Rap1gap,0.0010935518657788,0.001791916671209,0.7129852175712585,0.9888502385877284,0.1345822364091873,0.7129852175712585,0.9183569445292192,0.3326745629310608,0.7129852175712585,0.9598298873917804,0.2939117550849914
Alpl,0.0,0.0,0.0,0.9888502385877284,0.1005259156227111,0.0,1.0,0.0,0.0,1.0,0.0
Ece1,0.0542568787932395,0.0911971479654312,0.7761522531509399,0.0808390320645941,2.2312121391296387,0.7761522531509399,0.0230254715288782,2.6516401767730717,0.7761522531509399,0.0610545508701623,2.3094661235809326
Eif4g3,0.3951101899147033,0.4674959480762481,0.298656016588211,0.0543196555486446,2.403136968612671,0.298656016588211,0.0481043325277206,2.3545312881469727,0.298656016588211,0.1197896688272765,1.9934090375900269
Hp1bp3,0.8800609111785889,0.8572609424591064,-0.0566671676933765,0.2780953823417625,-1.6027384996414185,-0.0566671676933765,0.7114101745218295,-0.6273267865180969,-0.0566671676933765,0.80716610777757,-0.5218084454536438
Sh2d5,0.0034104962833225,0.0056186453439295,0.7218344211578369,0.9888502385877284,0.3363809287548065,0.7218344211578369,0.6971725024154313,0.6468523740768433,0.7218344211578369,0.7809844156329552,0.5579290390014648
Kif17,0.001091917976737,0.0,-20.059221267700195,0.9888502385877284,0.0673658028244972,-20.059221267700195,0.4679991859106411,-1.0,-20.059221267700195,0.6832027011037286,-0.7008072733879089
Ddost,0.3650353550910949,0.5943290591239929,0.8817963600158691,2.8687328998413275e-10,6.673919677734375,0.8817963600158691,1.5998175899605489e-12,7.497444152832031,0.8817963600158691,1.7425023619880975e-09,6.457643032073975
Pink1,0.172498732805252,0.151399478316307,-0.2038557082414627,0.9888502385877284,0.2631896734237671,-0.2038557082414627,0.4679991859106411,-1.0128542184829712,-0.2038557082414627,0.6178886216680414,-0.8473974466323853
Mul1,0.0468755178153514,0.081603892147541,0.8251227736473083,0.1132652335382368,2.0771372318267822,0.8251227736473083,0.028249012426801,2.572628974914551,0.8251227736473083,0.0674255182897936,2.2645926475524902
Camk2n1,0.0201529841870069,0.1506360024213791,2.997464179992676,5.115901875027622e-07,5.412715435028076,2.997464179992676,3.465130329571434e-13,7.800267219543457,2.997464179992676,4.0424393979555536e-12,7.452016353607178
Pla2g2d,0.0,0.0013290834613144,20.342960357666016,0.9888502385877284,0.1678170263767242,20.342960357666016,0.4679991859106411,1.0,20.342960357666016,0.5282133287683867,1.0
Otud3,0.0206227730959653,0.038444485515356,0.9114572405815125,0.5418111555510775,1.1581392288208008,0.9114572405815125,0.1266897667147029,1.9065223932266235,0.9114572405815125,0.2108736489912519,1.6849783658981323
Tmco4,0.0664610117673873,0.1221228018403053,0.9185348749160768,0.003526199847945,3.3594775199890137,0.9185348749160768,0.0015198316799359,3.5473523139953613,0.9185348749160768,0.0076725744279876,3.096134901046753
Htr6,0.0,0.0,0.0,0.9888502385877284,0.1005259156227111,0.0,1.0,0.0,0.0,1.0,0.0
Nbl1,0.0,0.0,0.0,0.9888502385877284,0.1005259156227111,0.0,1.0,0.0,0.0,1.0,0.0
Micos10,0.6900025606155396,1.0287472009658811,0.855126678943634,2.26154076552527e-16,8.545823097229004,0.855126678943634,4.943649515656192e-21,9.934859275817873,0.855126678943634,4.947099674321744e-15,8.331839561462402
Capzb,0.9970329403877258,1.6802170276641846,1.352361083030701,7.809063329710392e-69,17.776432037353516,1.352361083030701,1.0724428720907887e-82,21.13227081298828,1.352361083030701,4.9112126442027994e-54,17.081003189086914
Pqlc2,0.0107008097693324,0.0305352099239826,1.527110576629639,0.6068630015101085,1.068293213844299,1.527110576629639,0.0340549600913311,2.4991137981414795,1.527110576629639,0.0664364399602975,2.2725212574005127
Akr7a5,0.0839167013764381,0.0768655389547348,-0.1317755877971649,0.7312523201491311,0.9021939039230348,-0.1317755877971649,0.8053335492445284,-0.4941905736923218,-0.1317755877971649,0.8838353230949397,-0.4092777073383331
Mrto4,0.2676675319671631,0.2369144409894943,-0.1991917341947555,0.9888502385877284,0.2870888710021972,-0.1991917341947555,0.3541239249939986,-1.2769688367843628,-0.1991917341947555,0.5134794668057829,-1.060076117515564
Emc1,0.0817510783672332,0.0890870913863182,0.1293455809354782,0.397466276677228,1.380998969078064,0.1293455809354782,0.8123923706387174,0.4848446547985077,0.1293455809354782,0.8845207231939588,0.4082194566726684
Ubr4,0.261604905128479,0.2748234272003174,0.081076368689537,0.312082670300313,1.533580303192139,0.081076368689537,0.7849715142841878,0.5227875113487244,0.081076368689537,0.862704987475359,0.4390771090984344
Iffo2,0.0600129850208759,0.018089385703206,-1.76056969165802,0.6986412028181964,-0.9468554854393004,-1.76056969165802,0.0001731105563721,-4.124509334564209,-1.76056969165802,0.0061812089560111,-3.1705102920532227
Aldh4a1,0.0224629901349544,0.0146087547764182,-0.6263998746871948,0.9888502385877284,0.1610953956842422,-0.6263998746871948,0.4101324209889845,-1.16954243183136,-0.6263998746871948,0.5627027715861878,-0.9332751631736756
Arhgef10l,0.0,0.0,0.0,0.9888502385877284,0.1005259156227111,0.0,1.0,0.0,0.0,1.0,0.0
Rcc2,0.399444431066513,0.294567734003067,-0.5194144248962402,0.133656823138418,-1.9970749616622925,-0.5194144248962402,0.0005518734476684,-3.826651096343994,-0.5194144248962402,0.0068768418496771,-3.1334352493286133
Padi4,0.0,0.0,0.0,0.9888502385877284,0.1005259156227111,0.0,1.0,0.0,0.0,1.0,0.0
Padi3,0.0010151122696697,0.0,-19.953941345214844,0.9888502385877284,0.0673658028244972,-19.953941345214844,0.4679991859106411,-1.0,-19.953941345214844,0.6832027011037286,-0.7008072733879089
Padi1,0.002110973931849,0.0026540476828813,0.3306773006916046,0.9888502385877284,0.1684892028570175,0.3306773006916046,1.0,0.2116966545581817,0.3306773006916046,1.0,0.1821072995662689
Padi2,0.1044684126973152,0.1355136483907699,0.3982134759426117,0.0774934814693168,2.2510783672332764,0.3982134759426117,0.1750730072300931,1.731993317604065,0.3982134759426117,0.2913327290640543,1.486339092254639
Sdhb,0.5113655924797058,0.8748090863227844,1.066810965538025,4.884999284119875e-20,9.490363121032717,1.066810965538025,1.4987816585395035e-25,11.06691837310791,1.066810965538025,8.881728325963952e-19,9.405046463012695
Atp13a2,0.0571865290403366,0.1056635528802871,0.9211738109588624,0.0370514860343313,2.557211875915528,0.9211738109588624,0.0065982371539571,3.0957140922546387,0.9211738109588624,0.0207620521637743,2.7481579780578613
Crocc,0.0039738393388688,0.0119924964383244,1.599318265914917,0.9888502385877284,0.5048701167106628,1.599318265914917,0.1894623615534134,1.6816437244415283,1.599318265914917,0.2677870389815612,1.5404163599014282
Necap2,0.2096582949161529,0.302580714225769,0.5991674661636353,0.0003875101486686,3.971221685409546,0.5991674661636353,0.0007760064040675,3.737348079681397,0.5991674661636353,0.0051673864138618,3.2247555255889893
Szrd1,0.1690749377012252,0.2541970014572143,0.6518508791923523,0.0003926975321452,3.967786073684693,0.6518508791923523,0.0008478907830253,3.712778806686402,0.6518508791923523,0.0054334608043442,3.208759069442749
Fbxo42,0.0318875387310981,0.0582975521683692,0.8896363973617554,0.1997227596614026,1.7894508838653564,0.8896363973617554,0.0447703623582977,2.3851232528686523,0.8896363973617554,0.0988376798034612,2.0871341228485107
Cplane2,0.0010645929723978,0.0,-20.022640228271484,0.9888502385877284,0.0673658028244972,-20.022640228271484,0.4679991859106411,-1.0,-20.022640228271484,0.6832027011037286,-0.7008072733879089
Arhgef19,0.0,0.0,0.0,0.9888502385877284,0.1005259156227111,0.0,1.0,0.0,0.0,1.0,0.0
Clcnkb,0.0,0.0,0.0,0.9888502385877284,0.1005259156227111,0.0,1.0,0.0,0.0,1.0,0.0
Zbtb17,0.0603497549891471,0.0653401315212249,0.1182590574026107,0.6084988220201833,1.0659033060073853,0.1182590574026107,0.8840628619330845,0.3826841711997986,0.1182590574026107,0.9410174525765704,0.3218215405941009
Spen,0.2513183653354645,0.3272371888160705,0.4382210373878479,0.0038042286801694,3.3353540897369385,0.4382210373878479,0.0128511243689697,2.865732192993164,0.4382210373878479,0.0454155280113955,2.437068462371826
Fblim1,0.0,0.0,0.0,0.9888502385877284,0.1005259156227111,0.0,1.0,0.0,0.0,1.0,0.0
Tmem82,0.0,0.0,0.0,0.9888502385877284,0.1005259156227111,0.0,1.0,0.0,0.0,1.0,0.0
Slc25a34,0.0,0.0,0.0,0.9888502385877284,0.1005259156227111,0.0,1.0,0.0,0.0,1.0,0.0
Plekhm2,0.0645000711083412,0.0700867921113967,0.123917169868946,0.612228694255079,1.0599285364151,0.123917169868946,0.8645458521390128,0.4108827114105224,0.123917169868946,0.925555413492699,0.3468181192874908
Ddi2,0.1193138137459755,0.1391975134611129,0.2370242923498153,0.1130106617057044,2.078481435775757,0.2370242923498153,0.4638245128989183,1.0788418054580688,0.2370242923498153,0.5770067929466384,0.910840094089508
Dnajc16,0.0255333334207534,0.0231683105230331,-0.1419420093297958,0.9888502385877284,0.4221192002296448,-0.1419420093297958,0.9451705324090236,-0.2941539585590362,-0.1419420093297958,0.9929803109716356,-0.2424135059118271
Casp9,0.0194807928055524,0.0609457902610302,1.6755852699279783,0.1192341971977728,2.053387403488159,1.6755852699279783,0.0006837820170864,3.7775802612304688,1.6755852699279783,0.0024092563049315,3.4625186920166016
Cela2a,0.0010935518657788,0.0023322084452956,1.0935680866241455,0.9888502385877284,0.1347316056489944,1.0935680866241455,0.8151080827469243,0.480871170759201,1.0935680866241455,0.8612838287737771,0.4414184391498565
Efhd2,0.2470192611217498,1.230671525001526,3.112560272216797,5.536922033879119e-112,22.70840072631836,3.112560272216797,3.137806948073633e-138,31.59625625610352,3.112560272216797,2.9332220024887533e-121,28.066499710083008
Fhad1,0.0,0.0036093604285269,21.78591728210449,0.9888502385877284,0.2351081520318985,21.78591728210449,0.2942789202292576,1.4131556749343872,21.78591728210449,0.3249263468812097,1.4131556749343872
Tmem51,0.0,0.0,0.0,0.9888502385877284,0.1005259156227111,0.0,1.0,0.0,0.0,1.0,0.0
Kazn,0.0009037580457516,0.0,-19.786230087280277,0.9888502385877284,0.0673658028244972,-19.786230087280277,0.4679991859106411,-1.0,-19.786230087280277,0.6832027011037286,-0.7008072733879089
Prdm2,0.2719030976295471,0.2398249357938766,-0.2052361071109771,0.9888502385877284,0.401132732629776,-0.2052361071109771,0.3461209404673832,-1.293357014656067,-0.2052361071109771,0.5045126902338243,-1.074590802192688
Pramef8,0.0645129606127739,0.0744121968746185,0.2131736278533935,0.5021430474794512,1.215422511100769,0.2131736278533935,0.6467172415515225,0.7201076745986938,0.2131736278533935,0.7434544840928585,0.612751305103302
Dhrs3,0.0017053419724106,0.0184450689703226,3.4471969604492188,0.9888502385877284,0.5726840496063232,3.4471969604492188,0.0686525914414436,2.201357126235962,3.4471969604492188,0.0833853353677164,2.169573307037353
Vps13d,0.1790352910757064,0.1564586609601974,-0.2112033516168594,0.9888502385877284,0.5360137224197388,-0.2112033516168594,0.4498783097864275,-1.1026440858840942,-0.2112033516168594,0.5739656430727607,-0.9155404567718506
Tnfrsf1b,0.0745434910058975,0.3293516933917999,2.333460569381714,2.186444497731237e-20,9.57639980316162,2.333460569381714,4.338638494852987e-25,11.145570755004885,2.333460569381714,4.444797838826618e-22,10.328895568847656
Tnfrsf8,0.0,0.0015084893675521,20.5257625579834,0.9888502385877284,0.1678170263767242,20.5257625579834,0.4679991859106411,1.0,20.5257625579834,0.5282133287683867,1.0
Zfp990,0.0024879015982151,0.0010303737362846,-1.2728124856948853,0.9888502385877284,0.1013474464416503,-1.2728124856948853,0.6544501974312008,-0.7087138891220093,-1.2728124856948853,0.8000970734094834,-0.5317957997322083
Gm13212,0.1019306108355522,0.0989224091172218,-0.0454242601990699,0.7905850523792151,0.8298988938331604,-0.0454242601990699,1.0,-0.1807027459144592,-0.0454242601990699,1.0,-0.1516254246234893
Zfp987,0.0021703338716179,0.0017411668086424,-0.3181721270084381,0.9888502385877284,0.1013474464416503,-0.3181721270084381,1.0,-0.1849438846111297,-0.3181721270084381,1.0,-0.1534402966499328
Zfp992,0.0470448285341262,0.0173833332955837,-1.4578425884246826,0.9888502385877284,-0.4240610301494598,-1.4578425884246826,0.0026836008642744,-3.375128746032715,-1.4578425884246826,0.0317249817340805,-2.586725950241089
Zfp993,0.0073154545389115,0.0019282933790236,-1.9275113344192505,0.9994412017932364,0.0019418081501498,-1.9275113344192505,0.1699682733249513,-1.7494465112686155,-1.9275113344192505,0.381211978166739,-1.2930017709732056
Gm21411,0.0,0.0,0.0,0.9888502385877284,0.1005259156227111,0.0,1.0,0.0,0.0,1.0,0.0
Zfp989,0.0,0.0,0.0,0.9888502385877284,0.1005259156227111,0.0,1.0,0.0,0.0,1.0,0.0
Zfp991,0.0150714060291647,0.0171332582831382,0.1864768713712692,0.9888502385877284,0.3359327912330627,0.1864768713712692,0.9383383897322072,0.3046943545341491,0.1864768713712692,0.9803419506955852,0.2620141506195068
Zfp988,0.0,0.001524887396954,20.541372299194336,0.9888502385877284,0.1678170263767242,20.541372299194336,0.4679991859106411,1.0,20.541372299194336,0.5282133287683867,1.0
Zfp982,0.0003030791413038,0.0091030281037092,4.914927959442139,0.9888502385877284,0.4715606272220611,4.914927959442139,0.0557728688008799,2.295184373855591,4.914927959442139,0.0647199615040081,2.287790298461914
Zfp985,0.0209149830043315,0.0218331422656774,0.0626475438475608,0.9888502385877284,0.4605072736740112,0.0626475438475608,1.0,0.122221291065216,0.0626475438475608,1.0,0.1025731787085533
Zfp979,0.0,0.0,0.0,0.9888502385877284,0.1005259156227111,0.0,1.0,0.0,0.0,1.0,0.0
Zfp534,0.0,0.0,0.0,0.9888502385877284,0.1005259156227111,0.0,1.0,0.0,0.0,1.0,0.0
Zfp984,0.1015935093164444,0.1653750985860824,0.7499659061431885,0.0103036574624963,3.0200343132019043,0.7499659061431885,0.0039769695267209,3.259174108505249,0.7499659061431885,0.0154073408158975,2.8561720848083496
Zfp933,0.0437073111534118,0.033145036548376,-0.406749963760376,0.9888502385877284,0.1728209257125854,-0.406749963760376,0.4679991859106411,-1.0376545190811155,-0.406749963760376,0.6144090368414866,-0.8525061011314392
Miip,0.1225021705031395,0.0984429121017456,-0.3331224918365478,0.9888502385877284,0.2373487055301666,-0.3331224918365478,0.2944301532677127,-1.4096447229385376,-0.3331224918365478,0.4513649005570795,-1.1630750894546509
Fv1,0.0044812909327447,0.0015708997379988,-1.514423131942749,0.9888502385877284,0.0348778627812862,-1.514423131942749,0.4679991859106411,-1.0590351819992063,-1.514423131942749,0.6407807195680547,-0.8128249049186707
Mfn2,0.0427086353302001,0.1006190702319145,1.2785767316818235,0.0219975537602005,2.7533345222473145,1.2785767316818235,0.0003443428279538,3.9601316452026367,1.2785767316818235,0.0016417675046977,3.574786424636841
Plod1,0.0112255020067095,0.0076118274591863,-0.5630759000778198,0.9888502385877284,0.1684892028570175,-0.5630759000778198,0.6291345622286785,-0.7463351488113403,-0.5630759000778198,0.7538792789891237,-0.5974600911140442
2510039O18Rik,0.1953237056732177,0.2792619466781616,0.5786927938461304,0.0008759463528771,3.7570998668670654,0.5786927938461304,0.0014741876497232,3.555226802825928,0.5786927938461304,0.0085511043181199,3.060156345367432
Nppa,0.0,0.0,0.0,0.9888502385877284,0.1005259156227111,0.0,1.0,0.0,0.0,1.0,0.0
Clcn6,0.0222163256257772,0.0150681380182504,-0.5652913451194763,0.9888502385877284,0.1314454674720764,-0.5652913451194763,0.4679991859106411,-1.0095683336257937,-0.5652913451194763,0.6385235625013054,-0.8161402940750122
Mthfr,0.0101380106061697,0.0153621025383472,0.6033774614334106,0.9888502385877284,0.4040454626083374,0.6033774614334106,0.5766437328625972,0.8257899880409241,0.6033774614334106,0.6832027011037286,0.725993275642395
Agtrap,0.0758017227053642,0.0853054448962211,0.1773549169301986,0.4500309697021896,1.296156883239746,0.1773549169301986,0.7058603159738399,0.6350284218788147,0.1773549169301986,0.7936638690882706,0.5405242443084717
Mad2l2,0.0582714192569255,0.1812318712472915,1.7274430990219116,3.712091079127077e-07,5.472687244415283,1.7274430990219116,1.8862022516767759e-10,6.806911945343018,1.7274430990219116,8.929894945928514e-09,6.188704967498779
Fbxo6,0.0636936947703361,0.1332373023033142,1.115763783454895,0.0020949426098311,3.5129549503326416,1.115763783454895,0.0001002031440355,4.2703399658203125,1.115763783454895,0.0007944509782118,3.779384136199951
Fbxo44,0.0010558445937931,0.032245710492134,4.955197811126709,0.3415675390224936,1.4789109230041504,4.955197811126709,8.997397907411173e-05,4.314694881439209,4.955197811126709,0.0001306652403272,4.2677836418151855
Fbxo2,0.0,0.0048953518271446,22.22651481628418,0.9888502385877284,0.3696903884410858,22.22651481628418,0.1305012198803954,1.8931409120559688,22.22651481628418,0.1456784124341168,1.8931409120559688
Ubiad1,0.012772262096405,0.0140356039628386,0.136990413069725,0.9888502385877284,0.3347378373146057,0.136990413069725,1.0,0.2050297409296035,0.136990413069725,1.0,0.1730675399303436
Mtor,0.0634879991412162,0.1105150058865547,0.8341010808944702,0.019847689594089,2.791946649551392,0.8341010808944702,0.0071985206105054,3.0662457942962646,0.8341010808944702,0.0248535044576599,2.680579423904419
Angptl7,0.0012251148000359,0.0027573241386562,1.171456813812256,0.9888502385877284,0.201798677444458,1.171456813812256,0.6854730165229318,0.6647260189056396,1.171456813812256,0.7619596015591312,0.5846487879753113
Exosc10,0.1677646338939666,0.1463601738214492,-0.2127597332000732,0.8369779297830094,0.7757523655891418,-0.2127597332000732,0.4591566640812286,-1.0870821475982666,-0.2127597332000732,0.5849932914596621,-0.899171769618988
Srm,0.2203073054552078,0.1182599738240242,-0.9732428789138794,0.2725594995514672,-1.615584373474121,-0.9732428789138794,2.214943782095836e-06,-5.101848125457764,-0.9732428789138794,0.0002765188750485,-4.0645527839660645
Masp2,0.0,0.0011122599244117,20.085866928100582,0.9888502385877284,0.1678170263767242,20.085866928100582,0.4679991859106411,1.0,20.085866928100582,0.5282133287683867,1.0
Tardbp,0.3789352774620056,0.4590564966201782,0.3385397791862488,0.0114685314708862,2.984708547592163,0.3385397791862488,0.0263198654345428,2.5993423461914062,0.3385397791862488,0.0769823895254868,2.2048416137695312
Casz1,0.0384883694350719,0.0180577989667654,-1.106607437133789,0.9888502385877284,-0.2436222285032272,-1.106607437133789,0.0440913120131649,-2.3897554874420166,-1.106607437133789,0.1481212596475201,-1.883100986480713
Pex14,0.0521455630660057,0.0801707431674003,0.6409702897071838,0.1462309230492471,1.9520399570465088,0.6409702897071838,0.0858314949022737,2.096352815628052,0.6409702897071838,0.169945212126543,1.810084342956543
Dffa,0.0513457991182804,0.0687746182084083,0.4343280494213104,0.312082670300313,1.53350567817688,0.4343280494213104,0.3113524451855498,1.3663398027420044,0.4343280494213104,0.4487218693568445,1.167410969734192
Cort,0.0,0.0014417101629078,20.460390090942383,0.9888502385877284,0.1678170263767242,20.460390090942383,0.4679991859106411,1.0,20.460390090942383,0.5282133287683867,1.0
Cenps,0.0202971342951059,0.1348007470369339,2.8151447772979736,2.7934169848732736e-06,5.082234859466553,2.8151447772979736,1.2803405099669085e-12,7.604897022247314,2.8151447772979736,1.732293068843344e-11,7.226256370544434
Pgd,0.158434122800827,0.3109393417835235,1.0870579481124878,1.3970187515375412e-08,6.052018642425537,1.0870579481124878,1.748578610299155e-09,6.428733825683594,1.0870579481124878,1.797236920127396e-07,5.647525787353516
Kif1b,0.3357453346252441,0.1109154671430587,-1.766117811203003,4.320303559420546e-06,-4.993583679199219,-1.766117811203003,1.6840793783105648e-20,-9.744401931762695,-1.766117811203003,1.8512644576556548e-12,-7.553499698638916
Ube4b,0.1409381926059723,0.1286676377058029,-0.1404632776975631,0.732900189141891,0.8995799422264099,-0.1404632776975631,0.6917740194620281,-0.6550931930541992,-0.1404632776975631,0.7897649288781564,-0.5457635521888733
Nmnat1,0.016582453623414,0.0414866246283054,1.3410402536392212,0.3903546393549783,1.3925751447677612,1.3410402536392212,0.0201071988892967,2.7052924633026123,1.3410402536392212,0.0444753373025914,2.446462392807007
Lzic,0.0826268047094345,0.2096897214651107,1.4374624490737915,1.0218829449673875e-07,5.707944869995117,1.4374624490737915,6.304182789713825e-10,6.60714054107666,1.4374624490737915,3.8017298958586873e-08,5.931794166564941
Ctnnbip1,0.0058639938943088,0.1042681559920311,4.22390604019165,0.0001422210558049,4.22208833694458,4.22390604019165,2.9447804685996684e-12,7.507047653198242,4.22390604019165,9.37575478774037e-12,7.355814456939697
Clstn1,0.0299005210399627,0.0384412817656993,0.3686816692352295,0.7829282611445391,0.8408029079437256,0.3686816692352295,0.5317119971929009,0.8945143818855286,0.3686816692352295,0.6740476651425701,0.7644597291946411
Pik3cd,0.7499255537986755,0.4341623485088348,-1.0386240482330322,3.6598008262298664e-14,-7.920112609863281,-1.0386240482330322,1.180552702341514e-19,-9.550101280212402,-1.0386240482330322,2.987467146398309e-13,-7.785740852355957
Tmem201,0.0385757237672805,0.0301572494208812,-0.3612958788871765,0.9888502385877284,0.5295161604881287,-0.3612958788871765,0.5183502096774227,-0.916768193244934,-0.3612958788871765,0.6832027011037286,-0.7421046495437622
Slc25a33,0.0532781183719635,0.1366505771875381,1.419968843460083,0.0009321872445476,3.739997148513794,1.419968843460083,3.105594032876013e-06,5.055001735687256,1.419968843460083,3.233398400779946e-05,4.583309650421143
Spsb1,0.0237750802189111,0.0014961459673941,-4.00623083114624,0.9888502385877284,-0.4636440277099609,-4.00623083114624,0.0003909215093804,-3.919022798538208,-4.00623083114624,0.0184916235722314,-2.7962002754211426
H6pd,0.0415521711111068,0.0542728677392005,0.3945567011833191,0.7077252644126496,0.9338603615760804,0.3945567011833191,0.4631338115582061,1.0801494121551514,0.3945567011833191,0.5614769703786978,0.9349169135093688
Gpr157,0.0010091721778735,0.001271593151614,0.3336538076400757,0.9888502385877284,0.1345822364091873,0.3336538076400757,1.0,0.1616504937410354,0.3336538076400757,1.0,0.1365999728441238
Eno1,0.5756900906562805,0.9814820885658264,1.0999675989151,4.131602758380218e-23,10.214956283569336,1.0999675989151,1.958530904606025e-27,11.5173978805542,1.0999675989151,2.0251331511556634e-20,9.842459678649902
Rere,0.1875153332948684,0.0533689968287944,-1.9116427898406985,0.010731941678477,-3.00674057006836,-1.9116427898406985,4.2180268330750406e-14,-7.957865715026855,-1.9116427898406985,2.1821425071495203e-08,-6.053658962249756
Errfi1,0.0554119274020195,0.1310705542564392,1.2974992990493774,0.003271494605962,3.38150954246521,1.2974992990493774,3.785932142089778e-05,4.503576278686523,1.2974992990493774,0.0002803361098037,4.05869197845459
Park7,1.1215851306915283,1.245216965675354,0.2572309076786041,0.0311043023090088,2.6252498626708984,0.2572309076786041,0.0019352522644553,3.4746458530426025,0.2572309076786041,0.0127688941733947,2.9239320755004883
Tnfrsf9,0.0318982489407062,0.247932568192482,3.1178667545318604,7.428280065261117e-13,7.526149749755859,3.1178667545318604,7.536324094288123e-20,9.842674255371094,3.1178667545318604,1.2384760228329524e-18,9.481451988220217
Camta1,0.107533685863018,0.1988697797060012,0.9546021223068236,7.89835875974693e-05,4.360629081726074,0.9546021223068236,2.9612033958089216e-05,4.5554914474487305,0.9546021223068236,0.000348381503623,4.001418113708496
Uts2,0.0,0.0,0.0,0.9888502385877284,0.1005259156227111,0.0,1.0,0.0,0.0,1.0,0.0
Per3,0.0117527768015861,0.0116945886984467,-0.0072028180584311,0.9888502385877284,0.1695347875356674,-0.0072028180584311,1.0,-0.0095040090382099,-0.0072028180584311,1.0,-0.0080553358420729
Vamp3,0.1423839777708053,0.2697985470294952,1.017160415649414,1.0108301703372573e-07,5.710110664367676,1.017160415649414,9.604272493965885e-08,5.727274417877197,1.017160415649414,4.5691339070404216e-06,5.007925033569336
Dnajc11,0.1166028529405593,0.1100849062204361,-0.0877768322825431,0.5571964711871502,1.135061502456665,-0.0877768322825431,0.8829244026615954,-0.3845379650592804,-0.0877768322825431,0.9420811563904488,-0.3204505741596222
Thap3,0.2608601748943329,0.4453839659690857,0.9126953482627868,6.987853038900911e-09,6.167929649353027,0.9126953482627868,1.9684289302395048e-09,6.405850410461426,0.9126953482627868,2.461540654983501e-07,5.587052822113037
Phf13,0.0364258550107479,0.0726614296436309,1.0226030349731443,0.1131647330614165,2.077585220336914,1.0226030349731443,0.013867987525019,2.841017246246338,1.0226030349731443,0.0373964923541553,2.518165349960327
Klhl21,0.0449775978922843,0.0498383678495883,0.1515842676162719,0.9728535020078471,0.6054707169532776,0.1515842676162719,0.8602529538543298,0.4161611199378967,0.1515842676162719,0.9183525835555832,0.3572427332401275
Zbtb48,0.027060180902481,0.0338527932763099,0.3280279636383056,0.8296099660297045,0.7843410968780518,0.3280279636383056,0.6387526067261671,0.731741726398468,0.3280279636383056,0.7363799397912688,0.6228815913200378
Tas1r1,0.0,0.0029407797846943,21.48988914489746,0.9888502385877284,0.2351081520318985,21.48988914489746,0.2948454156985165,1.4085091352462769,21.48988914489746,0.3263308940324332,1.4085091352462769
Nol9,0.1079324558377265,0.103785403072834,-0.0595694705843925,0.5769941028508102,1.1079509258270264,-0.0595694705843925,0.9794122564499436,-0.2457716017961502,-0.0595694705843925,1.0,-0.2056612223386764
Plekhg5,0.0058538820594549,0.0284351706504821,2.296546220779419,0.6531736955617413,1.0060060024261477,2.296546220779419,0.009555459544784,2.9750280380249023,2.296546220779419,0.0177759632120388,2.807210683822632
Tnfrsf25,0.0681583955883979,0.0504548996686935,-0.4467935264110565,0.9888502385877284,-0.2809647023677826,-0.4467935264110565,0.3512671200514338,-1.2828949689865112,-0.4467935264110565,0.5015065596794992,-1.0796515941619873
Espn,0.0367344729602336,0.0023196535184979,-4.010058403015137,0.8454269365230858,-0.7641761898994446,-4.010058403015137,5.379553007224411e-06,-4.923611640930176,-4.010058403015137,0.0021223398814632,-3.5099785327911377
Acot7,0.045142401009798,0.3133138418197632,2.994271993637085,3.6772739747858267e-22,9.99747371673584,2.994271993637085,2.9107225502193383e-30,12.478899955749512,2.994271993637085,6.468049747002843e-28,11.836949348449709
Gpr153,0.0,0.000480409245938,18.87425422668457,0.9888502385877284,0.1678170263767242,18.87425422668457,0.4679991859106411,1.0,18.87425422668457,0.5282133287683867,1.0
Icmt,0.0263445004820823,0.0536585487425327,1.0461407899856567,0.232871283064971,1.7046087980270386,1.0461407899856567,0.0274993139371479,2.5835564136505127,1.0461407899856567,0.0643783369476437,2.286693811416626
Rpl22,3.1994845867156982,2.851876974105835,-0.5272169709205627,6.432731552491821e-67,-17.524818420410156,-0.5272169709205627,2.3628661928154544e-66,-18.95294952392578,-0.5272169709205627,8.284885675274911e-50,-16.148771286010742
Chd5,0.0009490035008639,0.0,-19.856739044189453,0.9888502385877284,0.0673658028244972,-19.856739044189453,0.4679991859106411,-1.0,-19.856739044189453,0.6832027011037286,-0.7008072733879089
Kcnab2,0.1984138935804367,0.3826240301132202,1.086717963218689,3.7593458317076376e-10,6.632171154022217,1.086717963218689,1.517808933692563e-11,7.1767754554748535,1.086717963218689,4.8077081833351855e-09,6.28832483291626
Nphp4,0.0012667472474277,0.0023086422588676,0.8666673302650452,0.9888502385877284,0.201798677444458,0.8666673302650452,0.7982549859132996,0.5039942264556885,0.8666673302650452,0.8711256880891095,0.4276303350925445
A430005L14Rik,0.1517518758773803,0.2636629343032837,0.8804994821548462,4.90361932332652e-06,4.967817306518555,0.8804994821548462,4.218514829279739e-06,4.9818549156188965,0.8804994821548462,8.978962057499543e-05,4.340762615203857
Dffb,0.0767479762434959,0.112222634255886,0.5741554498672485,0.0357439784545218,2.5717008113861084,0.5741554498672485,0.0582625637422665,2.2719123363494877,0.5741554498672485,0.1303841994126817,1.948391675949097
Cep104,0.0541400052607059,0.0690996348857879,0.3628847897052765,0.4425139827736199,1.3081811666488647,0.3628847897052765,0.424125051462684,1.146437644958496,0.3628847897052765,0.533499564440646,0.9793426394462584
Lrrc47,0.140650674700737,0.1454448103904724,0.0518958903849124,0.2532997155945358,1.657557249069214,0.0518958903849124,0.976932245534976,0.2496815025806427,0.0518958903849124,1.0,0.2091344892978668
Smim1,0.0032255025580525,0.0019372168462723,-0.7364678382873535,0.9888502385877284,0.0681126564741134,-0.7364678382873535,0.8157162537751157,-0.479544997215271,-0.7364678382873535,0.89509588091767,-0.3918929398059845
Trp73,0.0,0.0188189558684825,24.179279327392575,0.7272849805709227,0.9080193638801576,24.179279327392575,0.0069796620342612,3.08473801612854,24.179279327392575,0.0081426375947769,3.08473801612854
Wrap73,0.064023308455944,0.1500665098428726,1.292106866836548,0.000693584489035,3.820656776428223,1.292106866836548,5.32132974825226e-06,4.939096927642822,1.292106866836548,6.004506994720513e-05,4.438714504241943
Tprgl,0.6887786388397217,0.6797285676002502,-0.0263485424220561,0.7849942322314354,-0.8375914692878723,-0.0263485424220561,0.9646932445792696,-0.2664573788642883,-0.0263485424220561,1.0,-0.2236986607313156
Arhgef16,0.0,0.0034277071245014,21.711286544799805,0.9888502385877284,0.2351081520318985,21.711286544799805,0.3053759451576747,1.3813494443893433,21.711286544799805,0.3372493480714187,1.3813494443893433
Prdm16,0.0048079076223075,0.0044584479182958,-0.1091199144721031,0.9888502385877284,0.1688626259565353,-0.1091199144721031,1.0,-0.0982153937220573,-0.1091199144721031,1.0,-0.0803060382604599
Prxl2b,0.0249987803399562,0.0071156686171889,-1.82572078704834,0.9888502385877284,-0.3341403603553772,-1.82572078704834,0.0108757620759475,-2.922752141952514,-1.82572078704834,0.0753385095694916,-2.2166554927825928
Tnfrsf14,0.0122472001239657,0.0155518101528286,0.347019761800766,0.9888502385877284,0.4019542932510376,0.347019761800766,0.7815398116009625,0.5279839038848877,0.347019761800766,0.8536339279362404,0.4524406790733337
Hes5,0.0055594239383935,0.0,-22.4105167388916,0.9888502385877284,-0.0652746260166168,-22.4105167388916,0.0627267224998129,-2.239569664001465,-22.4105167388916,0.2569203981931682,-1.5695067644119265
Pank4,0.0435214526951313,0.025229712948203,-0.7998732924461365,0.9950549524957044,-0.0204636696726083,-0.7998732924461365,0.1150159620296229,-1.95378839969635,-0.7998732924461365,0.2580119759166466,-1.5652357339859009
Pex10,0.046889591962099,0.0192465018481016,-1.304721713066101,0.9888502385877284,-0.417787492275238,-1.304721713066101,0.0076995843448368,-3.0402824878692627,-1.304721713066101,0.0537690468908904,-2.365743398666382
Rer1,0.6392741799354553,0.9871701002120972,0.9114457368850708,2.1912901476476548e-17,8.817526817321777,0.9114457368850708,2.970835543375382e-22,10.254408836364746,0.9114457368850708,3.7782091121356797e-16,8.662391662597656
Morn1,0.0,0.0,0.0,0.9888502385877284,0.1005259156227111,0.0,1.0,0.0,0.0,1.0,0.0
Ski,0.1992153972387313,0.1002720147371292,-1.0635632276535034,0.2099212093952091,-1.7621161937713623,-1.0635632276535034,1.057877726352601e-06,-5.249630451202393,-1.0635632276535034,0.0001966142753182,-4.151747703552246
Faap20,0.2054003030061721,0.2495908141136169,0.314210832118988,0.0215870394091768,2.7605042457580566,0.314210832118988,0.1335682690832894,1.8784574270248413,0.314210832118988,0.2455402469950185,1.5956900119781494
Prkcz,0.0626859664916992,0.0734390169382095,0.2362488359212875,0.5997271546913413,1.078076958656311,0.2362488359212875,0.6220050306183214,0.757013738155365,0.2362488359212875,0.7186562746472748,0.6489807367324829
Gabrd,0.0,0.0015220044879242,20.53864097595215,0.9888502385877284,0.1678170263767242,20.53864097595215,0.4679991859106411,1.0,20.53864097595215,0.5282133287683867,1.0
Cfap74,0.0064219175837934,0.0016228144522756,-1.9879695177078247,0.9888502385877284,-0.0315917246043682,-1.9879695177078247,0.2379586258289602,-1.5478135347366333,-1.9879695177078247,0.4478370740333446,-1.1692743301391602
Gnb1,0.5787070393562317,0.9541929364204408,1.0265494585037231,1.6548907819971592e-19,9.359739303588867,1.0265494585037231,1.2225989924845676e-26,11.29352569580078,1.0265494585037231,7.032398347924656e-19,9.4385347366333
Nadk,0.1338309198617935,0.1964292377233505,0.599995493888855,0.0064627967706919,3.171719551086426,0.599995493888855,0.0078871216667031,3.0348503589630127,0.599995493888855,0.0282348263234475,2.630784511566162
Slc35e2,0.0683047696948051,0.0684008598327636,0.0020981337875127,0.9452671725632862,0.639452338218689,0.0020981337875127,1.0,0.006926808040589,0.0020981337875127,1.0,0.005835011601448
Cdk11b,0.4954372942447662,0.4798737168312073,-0.0581831708550453,0.9888502385877284,0.1923883706331253,-0.0581831708550453,0.8138008309490455,-0.4827544391155243,-0.0581831708550453,0.8863574761204065,-0.404957503080368
Mmp23,0.0,0.0046112402342259,22.140050888061523,0.9888502385877284,0.3023992776870727,22.140050888061523,0.1753713455366452,1.7316683530807495,22.140050888061523,0.1961293562016453,1.7316683530807495
Mib2,0.0362969189882278,0.0138953430578112,-1.401472568511963,0.9888502385877284,-0.3102411925792694,-1.401472568511963,0.0129105738912605,-2.8620471954345703,-1.401472568511963,0.0769823895254868,-2.205970525741577
Fndc10,0.0282414946705102,0.0212106518447399,-0.4181200563907623,0.9888502385877284,0.06034542247653,-0.4181200563907623,0.564554082917404,-0.8449268341064453,-0.4181200563907623,0.6851972314142148,-0.697296142578125
Ssu72,0.6497673988342285,0.7920513153076172,0.4005319774150848,0.0050551818327658,3.2480475902557373,0.4005319774150848,0.0001457198547503,4.172236919403076,0.4005319774150848,0.0020953323188308,3.50286865234375
Tmem240,0.0200918558984994,0.0181120224297046,-0.1510958075523376,0.9888502385877284,0.3302567601203918,-0.1510958075523376,0.960102544613588,-0.2728317975997925,-0.1510958075523376,1.0,-0.2253855019807815
Atad3a,0.1231697499752044,0.0686943382024765,-0.8823087215423584,0.9888502385877284,-0.4821659028530121,-0.8823087215423584,0.0011092481721164,-3.631354331970215,-0.8823087215423584,0.0148435190177886,-2.871519088745117
Vwa1,0.0047816890291869,0.0021509276703,-1.154459834098816,0.9888502385877284,0.0350272320210933,-1.154459834098816,0.5828686128857576,-0.8161104321479797,-1.154459834098816,0.7178245119988031,-0.6503326296806335
Mrpl20,0.5300981402397156,0.9506601691246032,1.1831125020980835,1.3232796807785083e-25,10.767251014709473,1.1831125020980835,6.419347731269414e-34,12.910955429077148,1.1831125020980835,1.4405143140164956e-24,10.892075538635254
Ccnl2,0.4970620572566986,0.4936477243900299,-0.0126095050945878,0.9888502385877284,0.1253213137388229,-0.0126095050945878,1.0,-0.1102888062596321,-0.0126095050945878,1.0,-0.0916812345385551
Aurkaip1,0.5882611870765686,0.8619880676269531,0.7723127603530884,1.2627883352174692e-11,7.134427070617676,0.7723127603530884,8.628036642689844e-15,8.20584487915039,0.7723127603530884,7.880527800593268e-11,6.956124305725098
Mxra8,0.0044641369022428,0.0048539857380092,0.1210701018571853,0.9888502385877284,0.1688626259565353,0.1210701018571853,1.0,0.1083265244960784,0.1210701018571853,1.0,0.0916019827127456
Dvl1,0.0286363717168569,0.0338420718908309,0.2447438389062881,0.9571110011606564,0.624216616153717,0.2447438389062881,0.7666884474365137,0.5491155982017517,0.2447438389062881,0.8420196715790217,0.4699931740760803
Tas1r3,0.0040262527763843,0.0030344985425472,-0.4086953699588775,0.9888502385877284,0.1351797133684158,-0.4086953699588775,0.9325050437138424,-0.3129141330718994,-0.4086953699588775,0.9880110766138052,-0.2504465281963348
Cptp,0.0194090381264686,0.034470334649086,0.8395397663116455,0.4953728151261951,1.225654363632202,0.8395397663116455,0.175188784299411,1.730690360069275,0.8395397663116455,0.2778493596219435,1.5158512592315674
Ints11,0.1538917571306228,0.1895745545625686,0.3273253142833709,0.0429190053765853,2.5003020763397217,0.3273253142833709,0.1865097434649909,1.6895371675491333,0.3273253142833709,0.3114843911360955,1.4410899877548218
Pusl1,0.0801941975951194,0.0768544524908065,-0.0638095512986183,0.6273183190110233,1.040659785270691,-0.0638095512986183,0.985427496304628,-0.2368127256631851,-0.0638095512986183,1.0,-0.1965506225824356
Acap3,0.0273976400494575,0.0655876249074935,1.2871336936950684,0.2152882262027946,1.7484488487243652,1.2871336936950684,0.0061247461502385,3.1214492321014404,1.2871336936950684,0.0164874213046693,2.8325467109680176
Ube2j2,0.2892559170722961,0.4735623300075531,0.852586567401886,3.0694902991934245e-08,5.918406963348389,0.852586567401886,1.0766000042182286e-09,6.5010600090026855,0.852586567401886,2.136570916544933e-07,5.6138787269592285
C1qtnf12,0.0015810575569048,0.0219705197960138,3.811343193054199,0.6781771839954246,0.9762814044952391,3.811343193054199,0.0034066442482414,3.314741849899292,3.811343193054199,0.0050589406867072,3.2391536235809326
B3galt6,0.0483953803777694,0.0471274107694625,-0.0392248108983039,0.8695991811503558,0.7360946536064148,-0.0392248108983039,1.0,-0.1143038421869278,-0.0392248108983039,1.0,-0.0951191410422325
Sdf4,0.6434364914894104,0.9108554124832152,0.7190566658973694,1.8290102654928101e-09,6.384665012359619,0.7190566658973694,1.6858640139299258e-13,7.8006110191345215,0.7190566658973694,8.886627965214468e-10,6.570905685424805
Tnfrsf4,0.025137398391962,0.0964331328868866,1.9916434288024905,0.0148726396718003,2.8951611518859863,1.9916434288024905,5.542159498165986e-06,4.9394145011901855,1.9916434288024905,2.787178700565453e-05,4.622076511383057
Tnfrsf18,0.3002806305885315,0.5489605069160461,1.0624295473098757,4.071775722393285e-12,7.29380464553833,1.0624295473098757,3.70457721122691e-14,8.037200927734375,1.0624295473098757,4.4305870939608436e-11,7.044923782348633
9430015G10Rik,0.0363620333373546,0.0122137945145368,-1.591410994529724,0.9888502385877284,-0.3084487617015838,-1.591410994529724,0.0054998266426271,-3.151179790496826,-1.591410994529724,0.0490761189744589,-2.405303239822388
Rnf223,0.0,0.0017917667282745,20.77424430847168,0.9888502385877284,0.1678170263767242,20.77424430847168,0.4679991859106411,1.0,20.77424430847168,0.5282133287683867,1.0
Agrn,0.0060916878283023,0.00276580452919,-1.1415432691574097,0.9888502385877284,0.1354784518480301,-1.1415432691574097,0.4679991859106411,-1.0525270700454712,-1.1415432691574097,0.6562202726646835,-0.7912015914916992
Isg15,0.2497754693031311,0.494680792093277,1.1734598875045776,6.696550254069974e-10,6.542175769805908,1.1734598875045776,9.217090200344748e-11,6.913578510284424,1.1734598875045776,7.845751914115175e-09,6.207736968994141
Perm1,0.004250259604305,0.0024009353946894,-0.8252888321876526,0.9888502385877284,0.1018702387809753,-0.8252888321876526,0.6905738756211182,-0.6568049192428589,-0.8252888321876526,0.8083248076269437,-0.5196409225463867
Plekhn1,0.0441349484026432,0.0349041894078254,-0.3452236652374267,0.9888502385877284,0.329883337020874,-0.3452236652374267,0.529843507036593,-0.8976969718933105,-0.3452236652374267,0.6832027011037286,-0.7349099516868591
Noc2l,0.3128495514392853,0.249611496925354,-0.3735364973545074,0.9888502385877284,-0.5634230971336365,-0.3735364973545074,0.0320761280955454,-2.520477056503296,-0.3735364973545074,0.1012850176637559,-2.075775384902954
Samd11,0.0059087830595672,0.0042009791359305,-0.4933684468269348,0.9888502385877284,0.2023961544036865,-0.4933684468269348,0.7998934167599285,-0.501764178276062,-0.4933684468269348,0.8943090826911752,-0.393607497215271
Cdk6,0.1728593111038208,0.5695510506629944,2.024031162261963,1.5954497201649106e-29,11.5798978805542,2.024031162261963,8.222463951383662e-32,12.685858726501465,2.024031162261963,4.0885672430341816e-27,11.532360076904297
Fam133b,0.319828063249588,0.3778397142887115,0.2847521305084228,0.0266512436726128,2.6832799911499023,0.2847521305084228,0.1026304188146242,2.0119388103485107,0.2847521305084228,0.2042041991452382,1.703595519065857
1700109H08Rik,0.017617080360651,0.0091070532798767,-0.9580708146095276,0.9888502385877284,0.0672164335846901,-0.9580708146095276,0.2777566793666703,-1.4549167156219482,-0.9580708146095276,0.4641890733434527,-1.1413463354110718
Rbm48,0.1152592152357101,0.1031244471669197,-0.1694083362817764,0.7010941096340714,0.9440174698829652,-0.1694083362817764,0.6517614125649296,-0.7125837802886963,-0.1694083362817764,0.7580184333773148,-0.5912220478057861
Pex1,0.0332248620688915,0.0370250940322876,0.158997505903244,0.8936505935678453,0.708013117313385,0.158997505903244,0.8864387769680593,0.3785431385040283,0.158997505903244,0.9435665819546508,0.3178623914718628
Gatad1,0.2191292345523834,0.3756974339485168,0.896318793296814,3.2565516254893945e-08,5.908025741577148,0.896318793296814,2.9328487863035665e-08,5.938987255096436,0.896318793296814,2.3509045333358783e-06,5.144639015197754
Tmbim7,0.0,0.0,0.0,0.9888502385877284,0.1005259156227111,0.0,1.0,0.0,0.0,1.0,0.0
Ankib1,0.2277913242578506,0.3438620269298553,0.6818270683288574,7.174552478826604e-06,4.889398097991943,0.6818270683288574,4.187195932712329e-05,4.472499370574951,0.6818270683288574,0.0006212460025895,3.8458502292633057
Krit1,0.7526260018348694,0.7154332995414734,-0.1031976863741874,0.3595300956018159,-1.4461243152618408,-0.1031976863741874,0.4679991859106411,-1.025852918624878,-0.1031976863741874,0.6135070204183115,-0.8539938926696777
Lrrd1,0.009754167869687,0.0028989317361265,-1.755447268486023,0.9888502385877284,-0.0645277798175811,-1.755447268486023,0.1662890420892347,-1.761559009552002,-1.755447268486023,0.3569423293119166,-1.3406527042388916
Mterf1a,0.0649447664618492,0.0604548156261444,-0.1066288128495216,0.8126842173091012,0.8031617403030396,-0.1066288128495216,0.9116387902301945,-0.341992050409317,-0.1066288128495216,0.963912608898106,-0.2863358557224273
Akap9,0.5384818315505981,0.3691235482692718,-0.6761674880981445,0.0010584015976349,-3.7054927349090576,-0.6761674880981445,6.452728013919881e-07,-5.351552963256836,-0.6761674880981445,6.978994328264034e-05,-4.403075218200684
Cyp51,0.0856863930821418,0.099487766623497,0.2255624383687973,0.2442756027894792,1.6781703233718872,0.2255624383687973,0.548881460937505,0.8685464262962341,0.2255624383687973,0.6832027011037286,0.730597972869873
Mterf1b,0.0133554637432098,0.0172240100800991,0.3697884678840637,0.9888502385877284,0.4684238731861114,0.3697884678840637,0.7254583855564205,0.6066915988922119,0.3697884678840637,0.808209186239813,0.519946277141571
Cdk14,0.0,0.0183536875993013,24.142826080322266,0.7272849805709227,0.9080193638801576,24.142826080322266,0.0058577747104289,3.1427948474884038,24.142826080322266,0.0068663981705027,3.1427948474884038
Cldn12,0.0011583728482946,0.0035800244659185,1.629616618156433,0.9888502385877284,0.2690151035785675,1.629616618156433,0.5027519011595656,0.9418864250183104,1.629616618156433,0.6121060791367876,0.8561474084854126
Gtpbp10,0.0432508550584316,0.0472899973392486,0.1317419558763504,0.5769731313598481,1.1082496643066406,0.1317419558763504,0.8886147329458488,0.375400185585022,0.1317419558763504,0.9468484902587432,0.3128760457038879
Gm8773,0.0,0.0009144817013293,19.80325698852539,0.9888502385877284,0.1678170263767242,19.80325698852539,0.4679991859106411,1.0,19.80325698852539,0.5282133287683867,1.0
Cfap69,0.0,0.0,0.0,0.9888502385877284,0.1005259156227111,0.0,1.0,0.0,0.0,1.0,0.0
Steap4,0.0,0.0,0.0,0.9888502385877284,0.1005259156227111,0.0,1.0,0.0,0.0,1.0,0.0
Sri,0.9449259638786316,1.3552581071853638,0.871774435043335,3.0497834789751674e-24,10.469930648803713,0.871774435043335,9.405270881630189e-30,11.978238105773926,0.871774435043335,1.0764770975602214e-20,9.927807807922363
Adam22,0.0022161207161843,0.0059547438286244,1.4287012815475464,0.9888502385877284,0.3027727007865906,1.4287012815475464,0.4547556851704334,1.0945159196853638,1.4287012815475464,0.5299909986835808,0.9915390610694884
Dbf4,0.096546359360218,0.1918092966079712,1.060747146606445,5.173516770936819e-05,4.460482597351074,1.060747146606445,6.849357273095626e-06,4.880674362182617,1.060747146606445,0.0001084441364543,4.294853210449219
Slc25a40,0.1026628986001014,0.1309600174427032,0.3720209002494812,0.1252973985776068,2.0294134616851807,0.3720209002494812,0.2411008491548339,1.5400320291519165,0.3720209002494812,0.3671939235620235,1.3192434310913086
Rundc3b,0.0451097451150417,0.027617011219263,-0.720576822757721,0.9994412017932364,0.0056760543957352,-0.720576822757721,0.1609024063973787,-1.7788846492767334,-0.720576822757721,0.3211311426160849,-1.4219485521316528
Abcb1a,0.0613318681716918,0.0847188755869865,0.4831218421459198,0.2583973358945697,1.6468026638031006,0.4831218421459198,0.2024573726766851,1.641941785812378,0.4831218421459198,0.3239942960543683,1.415342926979065
Abcb1b,0.0848975032567977,0.1272854954004287,0.6153910160064697,0.0236105211807219,2.728315114974976,0.6153910160064697,0.0290548814251908,2.5612809658050537,0.6153910160064697,0.0767322024469815,2.20629358291626
Abcb4,0.0003030791413038,0.0005289735854603,0.8036619424819946,0.9888502385877284,0.1345822364091873,0.8036619424819946,0.891813848381663,0.3705328702926636,0.8036619424819946,0.9359793740585592,0.3306125402450561
Crot,0.1720909029245376,0.574878454208374,2.0486676692962646,6.669342458206102e-35,12.6121187210083,2.0486676692962646,8.80316690254809e-39,14.16946792602539,2.0486676692962646,1.2374810265712475e-32,12.763824462890623
Tmem243,0.3954965770244598,0.3470960855484009,-0.225399374961853,0.7654402388747272,-0.8601462841033936,-0.225399374961853,0.1805799969162816,-1.7095825672149658,-0.225399374961853,0.3214949741037637,-1.420588493347168
Dmtf1,0.2815637290477752,0.230463221669197,-0.3273573219776153,0.9888502385877284,-0.4031492471694946,-0.3273573219776153,0.0916178682961894,-2.065886974334717,-0.3273573219776153,0.2020236167776922,-1.7114007472991943
Gm8857,0.0,0.0,0.0,0.9888502385877284,0.1005259156227111,0.0,1.0,0.0,0.0,1.0,0.0
Gm8879,0.0,0.0,0.0,0.9888502385877284,0.1005259156227111,0.0,1.0,0.0,0.0,1.0,0.0
Gm5861,0.0,0.0025684868451207,21.294340133666992,0.9888502385877284,0.2351081520318985,21.294340133666992,0.3119993084360324,1.3661539554595947,21.294340133666992,0.3445296352303258,1.3661539554595947
Speer1,0.0,0.0,0.0,0.9888502385877284,0.1005259156227111,0.0,1.0,0.0,0.0,1.0,0.0
Gm8906,0.0,0.0,0.0,0.9888502385877284,0.1005259156227111,0.0,1.0,0.0,0.0,1.0,0.0
4933402N22Rik,0.0,0.0,0.0,0.9888502385877284,0.1005259156227111,0.0,1.0,0.0,0.0,1.0,0.0
Cacna2d1,0.0,0.0,0.0,0.9888502385877284,0.1005259156227111,0.0,1.0,0.0,0.0,1.0,0.0
Hgf,0.0005408413126133,0.0,-19.045238494873047,0.9888502385877284,0.0673658028244972,-19.045238494873047,0.4679991859106411,-1.0,-19.045238494873047,0.6832027011037286,-0.7008072733879089
Cd36,0.0,0.0,0.0,0.9888502385877284,0.1005259156227111,0.0,1.0,0.0,0.0,1.0,0.0
Gnai1,0.0,0.0,0.0,0.9888502385877284,0.1005259156227111,0.0,1.0,0.0,0.0,1.0,0.0
Magi2,0.0158323012292385,0.0196107998490333,0.3115110695362091,0.9888502385877284,0.5643193125724792,0.3115110695362091,0.7710661690180466,0.5428735613822937,0.3115110695362091,0.8468231880873726,0.4622715711593628
Phtf2,0.051564946770668,0.0300782117992639,-0.7932767868041992,0.9888502385877284,-0.0379399433732032,-0.7932767868041992,0.0827742088362494,-2.1121976375579834,-0.7932767868041992,0.211390568875896,-1.6838114261627195
Tmem60,0.1813159883022308,0.2396974861621856,0.446298599243164,0.0064268010757233,3.1735119819641118,0.446298599243164,0.0271202866092502,2.5875906944274902,0.446298599243164,0.0758856704936912,2.211794137954712
Rsbn1l,0.6655629873275757,0.741626501083374,0.2173671871423721,0.2211474914106001,1.7333624362945557,0.2173671871423721,0.0716584914662279,2.178734540939331,0.2173671871423721,0.1606108697167095,1.839749813079834
Ptpn12,0.0702572837471962,0.202442929148674,1.6243135929107666,4.3437327154667054e-08,5.857389450073242,1.6243135929107666,6.659735031168966e-11,6.967044353485107,1.6243135929107666,5.034409860430331e-09,6.284785747528076
Gsap,0.035746831446886,0.2405766099691391,2.901763200759888,1.0192546992783625e-12,7.483429908752441,2.901763200759888,2.201530521453521e-21,10.244338035583496,2.901763200759888,9.814660266793372e-20,9.763062477111816
Ccdc146,0.0053339847363531,0.0051115811802446,-0.0616044215857982,0.9888502385877284,0.2026948928833007,-0.0616044215857982,1.0,-0.0611516609787941,-0.0616044215857982,1.0,-0.0506869331002235
Fgl2,0.0025879489257931,0.1141476184129715,5.544203281402588,7.478595475850947e-05,4.373847961425781,5.544203281402588,1.6425784554134738e-13,7.948359489440918,5.544203281402588,2.993144254708955e-13,7.891076564788818
Fam185a,0.0201050639152526,0.0499388724565506,1.334250569343567,0.270063835446979,1.6209616661071775,1.334250569343567,0.0099573531211627,2.958168268203736,1.334250569343567,0.0255333718345204,2.670025110244751
Fbxl13,0.0,0.0,0.0,0.9888502385877284,0.1005259156227111,0.0,1.0,0.0,0.0,1.0,0.0
Lrrc17,0.0,0.0007606937433592,19.537506103515625,0.9888502385877284,0.1678170263767242,19.537506103515625,0.4679991859106411,1.0,19.537506103515625,0.5282133287683867,1.0
Armc10,0.1530553549528122,0.1979783922433853,0.4046421647071838,0.0214504809622364,2.762744903564453,0.4046421647071838,0.0792135069367913,2.133414030075073,0.4046421647071838,0.1636826046746795,1.830270290374756
Napepld,0.0203452315181493,0.0135453175753355,-0.5918153524398804,0.9888502385877284,0.1970188468694687,-0.5918153524398804,0.4679991859106411,-1.0213828086853027,-0.5918153524398804,0.6403760572668311,-0.8132900595664978
Pmpcb,0.1540109664201736,0.2464862763881683,0.7474058270454407,6.199402443344683e-05,4.418659210205078,0.7474058270454407,9.980570751389025e-05,4.268098831176758,0.7474058270454407,0.0011368360798136,3.6802244186401367
Dnajc2,0.4900861084461212,0.6466870307922363,0.5236390829086304,0.0002078851688177,4.1280598640441895,0.5236390829086304,1.0313507079385952e-05,4.784600257873535,0.5236390829086304,0.0002944498859168,4.044383525848389
Psmc2,0.3608967959880829,0.5997957587242126,0.9189546704292296,1.7469968633535324e-11,7.087674140930176,0.9189546704292296,1.5020037567938816e-13,7.832116603851318,0.9189546704292296,2.8388039731307726e-10,6.754650115966797
Orc5,0.063357412815094,0.0704410672187805,0.1580700874328613,0.5448095908805546,1.1538821458816528,0.1580700874328613,0.7834681303480497,0.5252254605293274,0.1580700874328613,0.8597904405698532,0.4439057111740112
Lhfpl3,0.0010407954687252,0.0,-19.99000740051269,0.9888502385877284,0.0673658028244972,-19.99000740051269,0.4679991859106411,-1.0,-19.99000740051269,0.6832027011037286,-0.7008072733879089
Kmt2e,0.8625621199607849,1.1492799520492554,0.6549460291862488,3.111270483625919e-09,6.299822807312012,0.6549460291862488,1.1661068857385488e-13,7.844487190246582,0.6549460291862488,1.154148835401891e-09,6.5292158126831055
Srpk2,0.6907908916473389,0.7437250018119812,0.1492301970720291,0.7279097083062606,0.9070484638214112,0.1492301970720291,0.2595462511060666,1.496091365814209,0.1492301970720291,0.3971350781442297,1.2639150619506836
Pus7,0.092605672776699,0.0591177493333816,-0.6719712018966675,0.9888502385877284,-0.2919433712959289,-0.6719712018966675,0.0434570109747272,-2.3961024284362797,-0.6719712018966675,0.1322527659650727,-1.9409854412078855
Rint1,0.1172242239117622,0.116761066019535,-0.0060518360696733,0.4669966655179095,1.2695690393447876,-0.0060518360696733,1.0,-0.0268563013523817,-0.0060518360696733,1.0,-0.0224411766976118
Tomm7,0.9375045895576476,0.9852844476699828,0.1116198450326919,0.9888502385877284,0.0958954468369484,0.1116198450326919,0.3210645687290309,1.345028281211853,0.1116198450326919,0.4763720623835781,1.1204935312271118
Fam126a,0.0795687660574913,0.1438631415367126,0.9016647338867188,0.0077113526076644,3.1153323650360107,0.9016647338867188,0.0015488810198173,3.542807579040528,0.9016647338867188,0.0069409605201158,3.129554033279419
Klhl7,0.0294080898165702,0.0366571061313152,0.3231377601623535,0.8316405895493071,0.7819511890411377,0.3231377601623535,0.6233581921097974,0.7547276020050049,0.3231377601623535,0.7203257103237818,0.6465053558349609
Nupl2,0.0253144726157188,0.051849540323019,1.0536329746246338,0.2329760598208939,1.7043100595474243,1.0536329746246338,0.0276663273264451,2.5809648036956787,1.0536329746246338,0.0637726133304314,2.2910122871398926
Kcnh2,0.0118019124493002,0.0,-23.501039505004883,0.9888502385877284,-0.2310751676559448,-23.501039505004883,0.0056891767922931,-3.143096208572388,-23.501039505004883,0.0779098277878744,-2.202704668045044
Nos3,0.0010558445937931,0.0045230882242321,2.101412057876587,0.9888502385877284,0.2019480466842651,2.101412057876587,0.4679991859106411,1.0225452184677124,2.101412057876587,0.5361099917919885,0.9747535586357116
Atg9b,0.0010640416294336,0.0071835005655884,2.7595486640930176,0.9888502385877284,0.4034479856491089,2.7595486640930176,0.1750730072300931,1.7331695556640625,2.7595486640930176,0.2215876470160936,1.6569632291793823
Abcb8,0.0282408408820629,0.0389582812786102,0.4719212651252746,0.6253822976212773,1.0439459085464478,0.4719212651252746,0.4386843383931718,1.1219770908355713,0.4719212651252746,0.5436240304983563,0.9626018404960632
Asic3,0.0,0.0,0.0,0.9888502385877284,0.1005259156227111,0.0,1.0,0.0,0.0,1.0,0.0
Cdk5,0.0591852962970733,0.1142717599868774,0.9894689917564392,0.0044997650981215,3.283821582794189,0.9894689917564392,0.0008377491124479,3.717060089111328,0.9894689917564392,0.0047380504048596,3.252547264099121
Slc4a2,0.0773792639374733,0.1024369150400161,0.4230628609657287,0.1677309927082994,1.8822842836380005,0.4230628609657287,0.2132625392113678,1.6123403310775757,0.4230628609657287,0.3391376897662425,1.3765665292739868
Fastk,0.1350595653057098,0.1588370651006698,0.2515236139297485,0.0622106638614523,2.346749782562256,0.2515236139297485,0.3724051562732529,1.241055965423584,0.2515236139297485,0.5218280540931067,1.0463271141052246
Tmub1,0.076292835175991,0.0902556851506233,0.2526821494102478,0.3765667393865238,1.4151300191879272,0.2526821494102478,0.5085646926051152,0.932333767414093,0.2526821494102478,0.6545336694378,0.793300986289978
Agap3,0.0618319660425186,0.0647132620215416,0.0678090825676918,0.5543100458500668,1.1392438411712646,0.0678090825676918,0.9938514619509324,0.2250728458166122,0.0678090825676918,1.0,0.1877451986074447
Gbx1,0.0010114402975887,0.0,-19.948711395263672,0.9888502385877284,0.0673658028244972,-19.948711395263672,0.4679991859106411,-1.0,-19.948711395263672,0.6832027011037286,-0.7008072733879089
Abcf2,0.1765205115079879,0.2077527493238449,0.2582821547985077,0.018293822646589,2.8222687244415283,0.2582821547985077,0.2764937595393524,1.4579325914382937,0.2582821547985077,0.4211059703009702,1.2211939096450806
Chpf2,0.0731283724308013,0.0833778157830238,0.1967220604419708,0.3555263758259319,1.45344340801239,0.1967220604419708,0.6481354294207614,0.7179791927337646,0.1967220604419708,0.7483206306939064,0.6050249934196472
Smarcd3,0.0019644175190478,0.0006399056292138,-1.6191247701644895,0.9888502385877284,0.1013474464416503,-1.6191247701644895,0.5505294192683288,-0.8656631112098694,-1.6191247701644895,0.7282899341383827,-0.6356089115142822
Nub1,0.3104632198810577,0.3130104541778564,0.01372124068439,0.582130761802526,1.1011545658111572,0.01372124068439,1.0,0.0949491560459137,0.01372124068439,1.0,0.0796315968036651
Wdr86,0.0011192033998668,0.0,-20.0948486328125,0.9888502385877284,0.0673658028244972,-20.0948486328125,0.4679991859106411,-1.0,-20.0948486328125,0.6832027011037286,-0.7008072733879089
Crygn,0.0,0.0,0.0,0.9888502385877284,0.1005259156227111,0.0,1.0,0.0,0.0,1.0,0.0
Rheb,0.4109322428703308,0.7088427543640137,1.0214040279388428,5.2419689220615314e-15,8.164855003356934,1.0214040279388428,4.667362887011525e-19,9.442728996276855,1.0214040279388428,2.57523592911006e-14,8.109272956848145
Prkag2,0.0507445186376571,0.0504984483122825,-0.0071919769980013,0.9603646535613948,0.6204823851585388,-0.0071919769980013,1.0,-0.0205315183848142,-0.0071919769980013,1.0,-0.0173615552484989
Galnt11,0.2004955261945724,0.1541107445955276,-0.4140505790710449,0.9888502385877284,-0.2021721005439758,-0.4140505790710449,0.0735416570801617,-2.16645622253418,-0.4140505790710449,0.1771255511355602,-1.788013935089111
E130116L18Rik,0.0,0.0,0.0,0.9888502385877284,0.1005259156227111,0.0,1.0,0.0,0.0,1.0,0.0
Kmt2c,0.5377971529960632,0.3609034419059753,-0.7125743627548218,0.0002311697526892,-4.101322650909424,-0.7125743627548218,7.37609549694887e-08,-5.75911283493042,-0.7125743627548218,1.7701436337826235e-05,-4.718506336212158
Xrcc2,0.0133699448779225,0.0237770248204469,0.8381050825119019,0.6851377787606022,0.9641077518463136,0.8381050825119019,0.2410220154801288,1.5404127836227417,0.8381050825119019,0.3600948057184064,1.3331871032714844
Actr3b,0.0025171220768243,0.004787313286215,0.929079294204712,0.9888502385877284,0.3371277749538421,0.929079294204712,0.5671787361677099,0.8401666879653931,0.929079294204712,0.6832027011037286,0.7203569412231445
Paxip1,0.1036393344402313,0.1639344245195388,0.7060103416442871,0.0037264603765812,3.3417770862579346,0.7060103416442871,0.0054736113426828,3.156413555145264,0.7060103416442871,0.0212840435721995,2.7385950088500977
Insig1,0.0869185030460357,0.0675160065293312,-0.3786096572875976,0.9888502385877284,0.4905306100845337,-0.3786096572875976,0.3033462962008322,-1.3852896690368652,-0.3786096572875976,0.4701672366253088,-1.1313811540603638
Rbm33,0.3313915729522705,0.2984690070152282,-0.1759489476680755,0.9888502385877284,0.1448140740394592,-0.1759489476680755,0.3731073746431332,-1.2393453121185305,-0.1759489476680755,0.5282133287683867,-1.0288560390472412
Rnf32,0.0021567065268754,0.0,-21.041955947875977,0.9888502385877284,0.0342056974768638,-21.041955947875977,0.2942789202292576,-1.4141008853912354,-21.041955947875977,0.5299909986835808,-0.991012156009674
Lmbr1,0.007308826316148,0.004292347934097,-0.7700506448745728,0.9888502385877284,0.0693076103925705,-0.7700506448745728,0.6039337177822527,-0.783785343170166,-0.7700506448745728,0.7297029770609424,-0.6326042413711548
Nom1,0.1948303133249282,0.2359726279973983,0.3071438670158386,0.0276469032158663,2.669388771057129,0.3071438670158386,0.149468597439565,1.8192133903503416,0.3071438670158386,0.2666920670815208,1.5424673557281494
Ube3c,0.1947685331106186,0.1849251091480255,-0.0821445435285568,0.6252725497079451,1.0443193912506104,-0.0821445435285568,0.8328584243737238,-0.4544815421104431,-0.0821445435285568,0.9040169494113868,-0.3788748979568481
Dnajb6,0.606705367565155,0.9367619752883912,0.8950821757316589,7.699030349976112e-17,8.67233943939209,0.8950821757316589,5.7447640700380084e-21,9.921154022216797,0.8950821757316589,4.491597531344917e-15,8.344075202941895
Il6,0.0,0.0,0.0,0.9888502385877284,0.1005259156227111,0.0,1.0,0.0,0.0,1.0,0.0
Tyms,0.0453127212822437,0.3548508286476135,3.199946880340576,4.9063385438754124e-21,9.733163833618164,3.199946880340576,3.87499230616554e-29,12.261109352111816,3.199946880340576,1.6082661920511328e-27,11.802184104919434
Garem2,0.0,0.0,0.0,0.9888502385877284,0.1005259156227111,0.0,1.0,0.0,0.0,1.0,0.0
Hadha,0.370530903339386,0.5562084317207336,0.7302752137184143,8.739948844354022e-08,5.735652923583984,0.7302752137184143,1.6241870647223105e-08,6.039299011230469,0.7302752137184143,2.1275216275313253e-06,5.164782524108887
Hadhb,0.3993811905384063,0.5299530029296875,0.5095533728599548,0.0001163383079149,4.269587993621826,0.5095533728599548,0.0001161708327729,4.228470802307129,0.5095533728599548,0.0016130087946367,3.5791964530944824
Adgrf3,0.0,0.0,0.0,0.9888502385877284,0.1005259156227111,0.0,1.0,0.0,0.0,1.0,0.0
Selenoi,0.1267837285995483,0.2728422284126282,1.2145622968673706,2.7837210109857613e-08,5.935211181640625,1.2145622968673706,4.462871463063777e-09,6.274086952209473,1.2145622968673706,3.0485910447260825e-07,5.54709529876709
Drc1,0.0,0.0023366915993392,21.15772247314453,0.9888502385877284,0.1678170263767242,21.15772247314453,0.4679991859106411,1.0,21.15772247314453,0.5282133287683867,1.0
Otof,0.0,0.0,0.0,0.9888502385877284,0.1005259156227111,0.0,1.0,0.0,0.0,1.0,0.0
Kcnk3,0.0024440654087811,0.0010833521373569,-1.1747616529464722,0.9888502385877284,0.1345822364091873,-1.1747616529464722,0.7949609662305889,-0.5089808702468872,-1.1747616529464722,0.908300708778606,-0.3726050853729248
Slc35f6,0.0423951260745525,0.040445651859045,-0.0693295001983642,0.9058166850121953,0.6900887489318848,-0.0693295001983642,1.0,-0.1839585900306701,-0.0693295001983642,1.0,-0.1519434452056884
Cenpa,0.2287135422229766,0.4742287695407867,1.2394936084747314,4.69107086576986e-10,6.598264217376709,1.2394936084747314,2.471981251761884e-12,7.467172622680664,1.2394936084747314,3.016330900613462e-10,6.751571178436279
Dpysl5,0.0,0.0,0.0,0.9888502385877284,0.1005259156227111,0.0,1.0,0.0,0.0,1.0,0.0
Mapre3,0.0133485114201903,0.0079244179651141,-0.7562215328216553,0.9888502385877284,0.1356278359889984,-0.7562215328216553,0.4699203571494009,-0.996069610118866,-0.7562215328216553,0.6564027346906273,-0.7908109426498413
Tmem214,0.0861703678965568,0.0996734946966171,0.2199091017246246,0.2299368652194011,1.711703896522522,0.2199091017246246,0.5608291589304827,0.8504586219787598,0.2199091017246246,0.6832027011037286,0.7215409874916077
Agbl5,0.0129353664815425,0.0143856089562177,0.1543537229299545,0.9888502385877284,0.3022499084472656,0.1543537229299545,0.989033514670179,0.2317842692136764,0.1543537229299545,1.0,0.1968636810779571
Ost4,0.7448765635490417,0.9844529032707214,0.5997331738471985,9.756060146161186e-08,5.716459274291992,0.5997331738471985,5.359840052141096e-11,6.961233139038086,0.5997331738471985,7.111071260505433e-08,5.818939685821533
Emilin1,0.0260300282388925,0.0083248699083924,-1.6574853658676147,0.9888502385877284,-0.2687163650989532,-1.6574853658676147,0.0197300794948185,-2.708425998687744,-1.6574853658676147,0.1031609233296329,-2.068115711212158
Khk,0.0744204968214035,0.0406534038484096,-0.8969151973724365,0.9888502385877284,-0.4435537755489349,-0.8969151973724365,0.0168857027978003,-2.766698837280273,-0.8969151973724365,0.0768620742748673,-2.2062315940856934
Cgref1,0.0,0.0,0.0,0.9888502385877284,0.1005259156227111,0.0,1.0,0.0,0.0,1.0,0.0
Preb,0.1638961136341095,0.1940954327583313,0.2664184272289276,0.061744801978445,2.349886655807495,0.2664184272289276,0.285418775002219,1.438249111175537,0.2664184272289276,0.4233898407420008,1.2171542644500732
Slc5a6,0.0150085482746362,0.0103951301425695,-0.5332115292549133,0.9888502385877284,0.1014968156814575,-0.5332115292549133,0.5898802854107468,-0.8054705262184143,-0.5332115292549133,0.7137175604679883,-0.6562814712524414
Atraid,0.3039227724075317,0.4168048799037933,0.541974663734436,7.47151651241673e-05,4.374146938323975,0.541974663734436,0.0002225941713064,4.06666898727417,0.541974663734436,0.0024020306632398,3.461872339248657
Cad,0.0839694663882255,0.0916766673326492,0.132330909371376,0.3665859743047297,1.4333531856536863,0.132330909371376,0.7902422907229105,0.515526294708252,0.132330909371376,0.8662648150572659,0.433917224407196
Slc30a3,0.0009682253585197,0.0,-19.885683059692383,0.9888502385877284,0.0673658028244972,-19.885683059692383,0.4679991859106411,-1.0,-19.885683059692383,0.6832027011037286,-0.7008072733879089
Mpv17,0.0821328312158584,0.1043327823281288,0.3614242374897003,0.2026293066426736,1.781982421875,0.3614242374897003,0.3008173012790937,1.3914756774902344,0.3614242374897003,0.4373535707597953,1.185805320739746
Gm29609,0.0043349550105631,0.0017911676550284,-1.2769521474838257,0.9888502385877284,0.0348778627812862,-1.2769521474838257,0.5254395257597372,-0.9050340056419371,-1.2769521474838257,0.6832027011037286,-0.7120861411094666
Gtf3c2,0.2192355394363403,0.199645921587944,-0.1496620029211044,0.7312523201491311,0.9021192193031312,-0.1496620029211044,0.5533461705441005,-0.8617119789123535,-0.1496620029211044,0.6832027011037286,-0.7150970697402954
Eif2b4,0.1068976372480392,0.1285346001386642,0.2818405628204345,0.112445490477806,2.080871343612671,0.2818405628204345,0.3816444734168582,1.222651124000549,0.2818405628204345,0.5282133287683867,1.0371205806732178
Snx17,0.2652918398380279,0.3961060643196106,0.6778601408004761,5.235350396068658e-06,4.95452356338501,0.6778601408004761,5.676461233776205e-06,4.915066719055176,0.6778601408004761,0.0001570990956871,4.20346736907959
Zfp513,0.0384988635778427,0.0710767433047294,0.9082762598991394,0.188733714672357,1.8197729587554927,0.9082762598991394,0.027633128554585,2.58143949508667,0.9082762598991394,0.0644043755742663,2.2862415313720703
Ppm1g,0.5530535578727722,0.615826427936554,0.204771488904953,0.2797920983374942,1.5987802743911743,0.204771488904953,0.1225846637843334,1.9222743511199951,0.204771488904953,0.2373754329142541,1.61516010761261
Nrbp1,0.2670859694480896,0.3500767350196838,0.4533062577247619,0.0013995180814099,3.628343105316162,0.4533062577247619,0.0057015624168988,3.1417577266693115,0.4533062577247619,0.025863571399217,2.6643645763397217
Krtcap3,0.0370506271719932,0.0516850911080837,0.4908847212791443,0.6301159285499986,1.0367761850357056,0.4908847212791443,0.3590241032662109,1.267368197441101,0.4908847212791443,0.4859966253746226,1.104284405708313
Ift172,0.019711960107088,0.0033696498721837,-2.560211420059204,0.9888502385877284,-0.2978434860706329,-2.560211420059204,0.0092601400452441,-2.97853422164917,-2.560211420059204,0.0788118751702867,-2.1955454349517822
Fndc4,0.0,0.0,0.0,0.9888502385877284,0.1005259156227111,0.0,1.0,0.0,0.0,1.0,0.0
Zfp512,0.1440303027629852,0.1814548373222351,0.3609660863876343,0.0629780801048894,2.341671228408813,0.3609660863876343,0.1674974847934413,1.7580134868621826,0.3609660863876343,0.2819648471188399,1.5069880485534668
4930548H24Rik,0.0073561393655836,0.0,-22.815826416015625,0.9888502385877284,-0.1315948367118835,-22.815826416015625,0.0239757346696277,-2.6358237266540527,-22.815826416015625,0.1591116160888365,-1.847204327583313
Gpn1,0.1198214516043663,0.087880901992321,-0.4707035720348358,0.9888502385877284,0.1884300708770752,-0.4707035720348358,0.1113166151986791,-1.970142126083374,-0.4707035720348358,0.2413596921435035,-1.6052775382995603
Supt7l,0.0550946816802024,0.0687271952629089,0.3289032280445099,0.5295707324839176,1.1762876510620115,0.3289032280445099,0.4679991859106411,1.0414310693740845,0.3289032280445099,0.590475828812952,0.8909671902656555
Slc4a1ap,0.1338987201452255,0.1684152632951736,0.3564063608646393,0.0630630687846283,2.340999126434326,0.3564063608646393,0.1841627774264817,1.6974822282791138,0.3564063608646393,0.3021123763469088,1.4627735614776611
Mrpl33,0.8048053979873657,1.2706995010375977,1.0520436763763428,2.5587439584695098e-28,11.335229873657228,1.0520436763763428,8.237669688073194e-37,13.469141006469728,1.0520436763763428,7.693504746039443e-26,11.207985877990724
Rbks,0.0383248031139373,0.0792732685804367,1.0783835649490356,0.111101034437668,2.086547613143921,1.0783835649490356,0.0079227664210437,3.03462028503418,1.0783835649490356,0.0233540649786099,2.704016923904419
Babam2,0.2223369926214218,0.279470682144165,0.372883677482605,0.0055850339119688,3.2173519134521484,0.372883677482605,0.0474596159229367,2.360431671142578,0.372883677482605,0.1170574493437648,2.004976511001587
Fosl2,0.1254072785377502,0.1397023350000381,0.1662745177745819,0.2648929728830898,1.6323137283325195,0.1662745177745819,0.6302131211510998,0.7447505593299866,0.1662745177745819,0.7300812554119973,0.6315611600875854
Ppp1cb,0.4443196952342987,0.548154354095459,0.3840541541576385,0.0131330223732628,2.9382543563842773,0.3840541541576385,0.0028841666248433,3.355745792388916,0.3840541541576385,0.0160392511415273,2.841772556304932
Yes1,0.0139265218749642,0.0080124763771891,-0.8017885684967041,0.9994412017932364,0.0025392875541001,-0.8017885684967041,0.4565094408858098,-1.0911613702774048,-0.8017885684967041,0.5943370539347506,-0.8839213252067566
Pisd,0.0633311867713928,0.0578423961997032,-0.1347881108522415,0.949768948562158,0.6331788301467896,-0.1347881108522415,0.8486512641581723,-0.4322814643383026,-0.1347881108522415,0.9176031951309284,-0.3589097559452057
Prr14l,0.1346977055072784,0.1717436015605926,0.3779361248016357,0.0240306497408353,2.7218174934387207,0.3779361248016357,0.1413682795819263,1.8479349613189695,0.3779361248016357,0.2551560496305884,1.571973204612732
Depdc5,0.0702859759330749,0.1229284182190895,0.8450945019721985,0.008371552567829,3.088968515396118,0.8450945019721985,0.0031692275716146,3.328977108001709,0.8450945019721985,0.0131450289690869,2.913581132888794
Ywhah,0.558091402053833,1.2018717527389526,1.6382348537445068,3.559650133381314e-55,15.8996000289917,1.6382348537445068,1.5349014240910051e-62,18.323362350463867,1.6382348537445068,3.733436209978127e-47,15.648969650268556
Spon2,0.0,0.0,0.0,0.9888502385877284,0.1005259156227111,0.0,1.0,0.0,0.0,1.0,0.0
Ctbp1,0.4523102641105652,0.6416630148887634,0.6534810662269592,8.254354353217534e-07,5.321824073791504,0.6534810662269592,2.3945186057073762e-08,5.969789028167725,0.6534810662269592,3.324461153580161e-06,5.074402332305908
Maea,0.1552064418792724,0.2596559524536133,0.8203601241111755,5.637692305958983e-06,4.939138412475586,0.8203601241111755,2.2037310936444743e-05,4.6204023361206055,0.8203601241111755,0.000347640331187,4.001822471618652
Uvssa,0.2051271796226501,0.1412419080734253,-0.5857633352279663,0.9888502385877284,-0.4933686256408691,-0.5857633352279663,0.0085848480525468,-3.004401445388794,-0.5857633352279663,0.0446422913376832,-2.444774389266968
Fam53a,0.2614030539989471,0.2440763115882873,-0.1119682043790817,0.8308187494140585,0.7830714583396912,-0.1119682043790817,0.6506015345004512,-0.714252233505249,-0.1119682043790817,0.7543572457146218,-0.5963926315307617
Gm9903,0.0045107542537152,0.0005947765312157,-2.9257729053497314,0.9888502385877284,0.0348778627812862,-2.9257729053497314,0.1900620745290385,-1.6788250207901,-2.9257729053497314,0.4320297919168204,-1.1964927911758425
Slbp,0.4108684360980987,0.7685213685035706,1.1865980625152588,6.885107801128251e-17,8.685334205627441,1.1865980625152588,2.93774395728089e-20,9.803951263427734,1.1865980625152588,3.80625508528227e-16,8.661905288696289
Tmem129,0.0355350896716117,0.030563149601221,-0.2210573554039001,0.9888502385877284,0.5041232705116272,-0.2210573554039001,0.7729396278530879,-0.5399199724197388,-0.2210573554039001,0.8605969940721498,-0.4425137937068939
Tacc3,0.03354974091053,0.1061717569828033,1.715022087097168,0.0021235086348291,3.50892186164856,1.715022087097168,2.248521658394384e-06,5.124478340148926,1.715022087097168,2.00757847699619e-05,4.692208290100098
Fgfr3,0.0,0.0,0.0,0.9888502385877284,0.1005259156227111,0.0,1.0,0.0,0.0,1.0,0.0
Letm1,0.2041229754686355,0.3174381256103515,0.722324788570404,2.04512752823294e-06,5.144745826721191,0.722324788570404,2.0539785415391644e-05,4.635084629058838,0.722324788570404,0.0003873252626003,3.973281383514404
Nsd2,0.073013387620449,0.424487441778183,2.803518772125244,6.320529045669396e-31,11.857277870178224,2.803518772125244,4.2171072478943756e-38,14.208224296569824,2.803518772125244,1.5619460397917683e-34,13.28714370727539
Nelfa,0.1337048411369323,0.1838339567184448,0.4964685142040252,0.0114821454644638,2.984260320663452,0.4964685142040252,0.0357917417195958,2.4770872592926025,0.4964685142040252,0.0906713617203857,2.128542423248291
Gm1673,0.0009037580457516,0.0011416648048907,0.3373019099235534,0.9888502385877284,0.1345822364091873,0.3373019099235534,1.0,0.163388192653656,0.3373019099235534,1.0,0.1381299346685409
Nat8l,0.0,0.0,0.0,0.9888502385877284,0.1005259156227111,0.0,1.0,0.0,0.0,1.0,0.0
Poln,0.0047030369751155,0.0078805331140756,0.7469947934150696,0.9888502385877284,0.3028473854064941,0.7469947934150696,0.6316779449736414,0.7422480583190918,0.7469947934150696,0.7204581930413778,0.646051287651062
Haus3,0.1448120027780532,0.226329892873764,0.7048665285110474,0.0001739660185311,4.171900272369385,0.7048665285110474,0.0008499405041792,3.711554288864136,0.7048665285110474,0.0057233815994218,3.1919524669647217
Mxd4,0.2622453570365906,0.3558039367198944,0.5111235976219177,0.0065056616007177,3.169628381729126,0.5111235976219177,0.005177837875862,3.1753413677215576,0.5111235976219177,0.0199391011744198,2.762648105621338
Zfyve28,0.009129149839282,0.0028340637218207,-1.6921536922454834,0.9888502385877284,-0.0313676707446575,-1.6921536922454834,0.1988124831846276,-1.6521402597427368,-1.6921536922454834,0.4037406814078717,-1.251886963844299
Rnf4,0.3240719735622406,0.3668477535247803,0.2114963978528976,0.0621250453882687,2.3473472595214844,0.2114963978528976,0.2473180877759892,1.524552345275879,0.2114963978528976,0.3849645816946003,1.2857587337493896
Fam193a,0.3044608831405639,0.2870211899280548,-0.0982986539602279,0.8067876575417565,0.8120492100715637,-0.0982986539602279,0.6875247684948448,-0.6616921424865723,-0.0982986539602279,0.7856975185788052,-0.5509215593338013
Tnip2,0.0151607105508446,0.0543159320950508,1.869446039199829,0.1162821019546293,2.064739465713501,1.869446039199829,0.000442933614445,3.895090579986572,1.869446039199829,0.001680441524804,3.56880259513855
Sh3bp2,0.0152160543948411,0.1037451326847076,2.833870887756348,0.001084200729981,3.6987709999084473,2.833870887756348,1.7561679571693527e-09,6.470380783081055,2.833870887756348,1.0419982445337891e-08,6.184351921081543
Add1,0.4258722066879272,0.417751282453537,-0.0340451970696449,0.8595546566981496,0.7484176754951477,-0.0340451970696449,0.9630164630742322,-0.2685829699039459,-0.0340451970696449,1.0,-0.2232879549264907
Mfsd10,0.0949003919959068,0.3650760352611542,2.1460630893707275,4.386137340204601e-23,10.208831787109377,2.1460630893707275,6.701948188489397e-28,11.789630889892578,2.1460630893707275,7.121664447026596e-24,10.756129264831545
Nop14,0.2193608283996582,0.2372836023569107,0.1267265230417251,0.1359501069887851,1.988784909248352,0.1267265230417251,0.6257297898134879,0.7514153718948364,0.1267265230417251,0.7296737686678276,0.6327599287033081
Grk4,0.0201385542750358,0.015655543655157,-0.3665300905704498,0.9888502385877284,0.1976163238286972,-0.3665300905704498,0.7027031047477272,-0.6394844055175781,-0.3665300905704498,0.8076587294143703,-0.5210518836975098
Htt,0.2075844705104828,0.1842619031667709,-0.1893135607242584,0.540667954636893,1.1597822904586792,-0.1893135607242584,0.4591566640812286,-1.0871156454086304,-0.1893135607242584,0.5897299505347228,-0.8922185897827148
Msantd1,0.0080663906410336,0.0032197858672589,-1.328457593917847,0.9994412017932364,0.0019418081501498,-1.328457593917847,0.3553303155680228,-1.2743690013885498,-1.328457593917847,0.530135771880524,-0.9878076910972596
Rgs12,0.0154475606977939,0.0068952408619225,-1.169886827468872,0.9888502385877284,-0.0317410938441753,-1.169886827468872,0.2101591898185453,-1.620157241821289,-1.169886827468872,0.4008858248981969,-1.256864309310913
Hgfac,0.0010088770650327,0.0,-19.94504737854004,0.9888502385877284,0.0673658028244972,-19.94504737854004,0.4679991859106411,-1.0,-19.94504737854004,0.6832027011037286,-0.7008072733879089
Dok7,0.0,0.0,0.0,0.9888502385877284,0.1005259156227111,0.0,1.0,0.0,0.0,1.0,0.0
Lrpap1,0.1285040527582168,0.2317516952753067,0.9274781942367554,6.677192231692451e-06,4.904484748840332,0.9274781942367554,5.542159498165986e-06,4.923932075500488,0.9274781942367554,0.0001072362845323,4.297357559204102
Trmt44,0.0264743138104677,0.0338683947920799,0.3607065081596374,0.8001520512060908,0.8192936778068542,0.3607065081596374,0.6042680704180106,0.7833840847015381,0.3607065081596374,0.7049732179653394,0.6689212918281555
Acox3,0.0836038067936897,0.0987996980547905,0.2520660161972046,0.2623418385256891,1.6380645036697388,0.2520660161972046,0.4915918551983361,0.96079683303833,0.2520660161972046,0.6388358878918821,0.8155079483985901
Htra3,0.0,0.0,0.0,0.9888502385877284,0.1005259156227111,0.0,1.0,0.0,0.0,1.0,0.0
Sh3tc1,0.0020846321713179,0.0034576598554849,0.7309936285018921,0.9888502385877284,0.1684892028570175,0.7309936285018921,0.815105704037106,0.4809843599796295,0.7309936285018921,0.8722699015056312,0.4255998730659485
Ablim2,0.0043393936939537,0.0138673409819602,1.683008909225464,0.9888502385877284,0.5038245320320129,1.683008909225464,0.1653897771127893,1.7661551237106323,1.683008909225464,0.2295273365501408,1.634649634361267
Afap1,0.0545942485332489,0.0017997552640736,-4.961137771606445,0.4700836441738487,-1.263818383216858,-4.961137771606445,1.3508045405355187e-09,-6.458258628845215,-4.961137771606445,4.069320237279754e-05,-4.554781436920166
Sorcs2,0.0149731542915105,0.0,-23.846689224243164,0.9888502385877284,-0.3305554986000061,-23.846689224243164,0.0013248391462894,-3.585534811019897,-23.846689224243164,0.0383385810489577,-2.5127689838409424
Grpel1,0.3959305882453918,0.5185009241104126,0.484228640794754,0.000445618625342,3.93567156791687,0.484228640794754,0.0002105531931833,4.079553604125977,0.484228640794754,0.002611056448068,3.43643569946289
Tada2b,0.0618584491312503,0.057408407330513,-0.110950581729412,0.8292996912428972,0.7847145199775696,-0.110950581729412,0.9098516792047692,-0.3448984920978546,-0.110950581729412,0.9638433800836704,-0.2865885496139526
Ccdc96,0.0024333207402378,0.0,-21.216251373291016,0.9888502385877284,0.0342056974768638,-21.216251373291016,0.2942789202292576,-1.4149909019470217,-21.216251373291016,0.5299909986835808,-0.9916358590126038
Tbc1d14,0.0912576019763946,0.1922764182090759,1.1497559547424316,6.995769216146162e-05,4.389307975769043,1.1497559547424316,3.2467657463512616e-06,5.041942596435547,1.1497559547424316,4.59541631606144e-05,4.501338958740234
D5Ertd579e,0.1869879066944122,0.2532176077365875,0.4869584441184997,0.0014830376870795,3.612211227416992,0.4869584441184997,0.0129335978595986,2.8635213375091557,0.4869584441184997,0.0446770049103062,2.443920612335205
Bloc1s4,0.1081375926733017,0.1674562394618988,0.6746876239776611,0.0012973352744306,3.649180173873901,0.6746876239776611,0.004876847551707,3.193347692489624,0.6746876239776611,0.0212454571034062,2.739385843276977
Mrfap1,0.666077196598053,0.8320165276527405,0.4554266631603241,0.0010389341305862,3.7107205390930176,0.4554266631603241,7.554204326623769e-06,4.852524757385254,0.4554266631603241,0.00023648550032,4.100156784057617
Man2b2,0.0451232716441154,0.097819335758686,1.1547129154205322,0.0418620036403996,2.509712219238281,1.1547129154205322,0.0010499750746999,3.654942035675049,1.1547129154205322,0.0045834366273263,3.2642009258270264
Ppp2r2c,0.0,0.0,0.0,0.9888502385877284,0.1005259156227111,0.0,1.0,0.0,0.0,1.0,0.0
Wfs1,0.0055690179578959,0.0023182749282568,-1.2667173147201538,0.9888502385877284,0.0685607641935348,-1.2667173147201538,0.4679991859106411,-1.0722914934158323,-1.2667173147201538,0.6352155724659526,-0.8210977911949158
Jakmip1,0.3564033508300781,0.2492640316486358,-0.5970155000686646,0.2168383802434743,-1.7444158792495728,-0.5970155000686646,0.0001797540456871,-4.116780757904053,-0.5970155000686646,0.003578879427183,-3.3425817489624023
Gm1043,0.0233705826103687,0.0021011580247431,-3.490811824798584,0.9888502385877284,-0.5290680527687073,-3.490811824798584,0.0004970974809845,-3.8542020320892334,-3.490811824798584,0.0179454412787944,-2.806555986404419
Crmp1,0.0024882445577532,0.179391473531723,6.301380634307861,2.6861340137470817e-10,6.684375762939453,6.301380634307861,6.704074304704088e-21,10.20211696624756,6.301380634307861,1.2413915239364336e-20,10.148043632507324
Evc,0.0,0.0,0.0,0.9888502385877284,0.1005259156227111,0.0,1.0,0.0,0.0,1.0,0.0
Evc2,0.0009175207815133,0.0,-19.80804443359375,0.9888502385877284,0.0673658028244972,-19.80804443359375,0.4679991859106411,-1.0,-19.80804443359375,0.6832027011037286,-0.7008072733879089
Stx18,0.0988397300243377,0.1110372617840766,0.1768334060907364,0.2207695756356021,1.7343333959579468,0.1768334060907364,0.6244011569356704,0.7532274127006531,0.1768334060907364,0.7292813606615987,0.6335042119026184
Nsg1,0.0,0.003729986725375,21.833431243896484,0.9888502385877284,0.1678170263767242,21.833431243896484,0.4679991859106411,1.0,21.833431243896484,0.5282133287683867,1.0
Zbtb49,0.0213027652353048,0.0241520591080188,0.1831686198711395,0.9888502385877284,0.3977719247341156,0.1831686198711395,0.9071498381718522,0.3490643501281738,0.1831686198711395,0.9566734564288828,0.2984044849872589
Lyar,0.277271032333374,0.3251121640205383,0.2658803164958954,0.0454799185277603,2.476402759552002,0.2658803164958954,0.1624849796839768,1.7743157148361206,0.2658803164958954,0.2846902010394916,1.500748872756958
Tmem128,0.3388735353946686,0.7314379811286926,1.4182857275009155,5.638271215235416e-27,11.05785083770752,1.4182857275009155,5.790421884107952e-33,12.768525123596191,1.4182857275009155,4.3433031047408455e-25,11.010879516601562
Otop1,0.0,0.0,0.0,0.9888502385877284,0.1005259156227111,0.0,1.0,0.0,0.0,1.0,0.0
Slc2a9,0.0169326402246952,0.0177846178412437,0.0714394375681877,0.9888502385877284,0.3320491909980774,0.0714394375681877,1.0,0.1223218515515327,0.0714394375681877,1.0,0.1031077578663826
Wdr1,0.5899950265884399,0.8517677783966064,0.7410731911659241,4.5460210326607086e-09,6.238431930541992,0.7410731911659241,1.0465811188647677e-12,7.551442146301269,0.7410731911659241,2.0300430572769236e-09,6.433074951171875
Zfp518b,0.0022968996781855,0.003946335054934,0.7820158004760742,0.9888502385877284,0.2356309443712234,0.7820158004760742,0.7608598555313663,0.55783611536026,0.7820158004760742,0.8304572033339692,0.4867410361766815
Clnk,0.0,0.0114136384800076,23.452497482299805,0.9888502385877284,0.5715637803077698,23.452497482299805,0.0246968264580076,2.6308462619781494,23.452497482299805,0.0286516374137692,2.6308462619781494
Hs3st1,0.0,0.0019725214224308,20.91303253173828,0.9888502385877284,0.1678170263767242,20.91303253173828,0.4679991859106411,1.0,20.91303253173828,0.5282133287683867,1.0
Rab28,0.0861398875713348,0.1259316056966781,0.5770981311798096,0.0364229192804142,2.5640828609466557,0.5770981311798096,0.0478812319750287,2.3570330142974854,0.5770981311798096,0.1100934320587194,2.035845994949341
Bod1l,0.7004299759864807,0.6382573246955872,-0.1839170455932617,0.41345973582799,-1.353963017463684,-0.1839170455932617,0.1831320865950928,-1.7007722854614258,-0.1839170455932617,0.3198016475947107,-1.4246448278427124
Cpeb2,0.0297341104596853,0.0335110053420066,0.1752549111843109,0.9595738824266182,0.6214532852172852,0.1752549111843109,0.874155556964055,0.3962452113628387,0.1752549111843109,0.931923466959596,0.3363975584506988
Cc2d2a,0.0003030791413038,0.0,-18.20955848693848,0.9888502385877284,0.0673658028244972,-18.20955848693848,0.4679991859106411,-1.0,-18.20955848693848,0.6832027011037286,-0.7008072733879089
Fbxl5,0.1638402193784713,0.1924280673265457,0.2532635629177093,0.0438110211743718,2.492161273956299,0.2532635629177093,0.3098288869606619,1.369587779045105,0.2532635629177093,0.4547157891857498,1.157401442527771
Bst1,0.0,0.0043344818986952,22.050556182861328,0.9888502385877284,0.3696903884410858,22.050556182861328,0.1270838666170799,1.9067752361297607,22.050556182861328,0.1420208411878128,1.9067752361297607
Cd38,0.0087275030091404,0.1504567861557006,4.211228370666504,1.9537058055835834e-07,5.591735363006592,4.211228370666504,8.755057109728703e-17,8.975515365600586,4.211228370666504,3.582675586552684e-16,8.798042297363281
Gm7879,0.0,0.0015137391164898,20.53077888488769,0.9888502385877284,0.1678170263767242,20.53077888488769,0.4679991859106411,1.0,20.53077888488769,0.5282133287683867,1.0
Prom1,0.0,0.0,0.0,0.9888502385877284,0.1005259156227111,0.0,1.0,0.0,0.0,1.0,0.0
Tapt1,0.1475200057029724,0.0834688022732734,-0.8686937689781189,0.8845419195300561,-0.7178715467453003,-0.8686937689781189,0.00060290639107,-3.801398277282715,-0.8686937689781189,0.0096284103705748,-3.021233558654785
Qdpr,0.2124768793582916,0.1866987198591232,-0.2058069556951522,0.9888502385877284,0.385224848985672,-0.2058069556951522,0.3984228228809734,-1.1909124851226809,-0.2058069556951522,0.5299909986835808,-0.9899582862854004
Lap3,0.1109535694122314,0.1463967561721801,0.4260423481464386,0.0256406849461169,2.6976943016052246,0.4260423481464386,0.1078365476138252,1.986634969711304,0.4260423481464386,0.2087942672814251,1.690970540046692
Med28,0.4347363114356994,0.5261399745941162,0.3464990854263305,0.0202658351985114,2.784179449081421,0.3464990854263305,0.0075640892384145,3.0479958057403564,0.3464990854263305,0.0336949910288201,2.5614001750946045
Fam184b,0.0069739599712193,0.00162342377007,-2.106800079345703,0.9888502385877284,-0.0315917246043682,-2.106800079345703,0.205099225854416,-1.6340694427490234,-2.106800079345703,0.4194653367119519,-1.2242974042892456
Ncapg,0.0135569730773568,0.0731476470828056,2.4750723838806152,0.0109275918050622,3.000392198562622,2.4750723838806152,7.189403663060395e-07,5.364543914794922,2.4750723838806152,3.756007710145267e-06,5.060333251953125
Lcorl,0.1532816439867019,0.1396683156490326,-0.1442398428916931,0.9390937629727484,0.64901202917099,-0.1442398428916931,0.6917848488806845,-0.6550132632255554,-0.1442398428916931,0.787247831323463,-0.5489524602890015
5730480H06Rik,0.0667364075779914,0.0883018374443054,0.4197265207767486,0.1451891139441156,1.955699563026428,0.4197265207767486,0.2577658627603984,1.5003905296325684,0.4197265207767486,0.3896420318037301,1.2775062322616575
Adgra3,0.0042039058171212,0.0,-22.006332397460938,0.9888502385877284,-0.0321145206689834,-22.006332397460938,0.1058740062715107,-1.9959156513214111,-22.006332397460938,0.3300669035276604,-1.398752212524414
Ppargc1a,0.0,0.0,0.0,0.9888502385877284,0.1005259156227111,0.0,1.0,0.0,0.0,1.0,0.0
Dhx15,0.3820656538009643,0.4318654537200928,0.2151140570640564,0.1267556196216294,2.0237374305725098,0.2151140570640564,0.1860738630784438,1.6907296180725098,0.2151140570640564,0.3212993952700615,1.421146035194397
Lgi2,0.0,0.0028480917681008,21.443618774414062,0.9888502385877284,0.2351081520318985,21.443618774414062,0.2942789202292576,1.4126349687576294,21.443618774414062,0.3249263468812097,1.4126349687576294
Sepsecs,0.0447991117835044,0.0168039239943027,-1.4349699020385742,0.9888502385877284,-0.3850754797458648,-1.4349699020385742,0.0040092506051491,-3.25195050239563,-1.4349699020385742,0.0390545012824417,-2.502026081085205
Pi4k2b,0.0144156161695718,0.0370846726000309,1.379612922668457,0.3492713651539616,1.4648702144622805,1.379612922668457,0.0190480941173803,2.724478483200073,1.379612922668457,0.0459382814756608,2.432289123535156
Zcchc4,0.0835440978407859,0.0854990109801292,0.0347997695207595,0.6963879671873013,0.9496935606002808,0.0347997695207595,1.0,0.1302744895219802,0.0347997695207595,1.0,0.1096142381429672
Anapc4,0.114071786403656,0.1645838469266891,0.5661633014678955,0.0101826433235002,3.024291515350342,0.5661633014678955,0.0211234334049689,2.6848998069763184,0.5661633014678955,0.0608956850267739,2.3107481002807617
Smim20,0.2179646641016006,0.3315639793872833,0.6908851265907288,2.918765739268233e-05,4.589239597320557,0.6908851265907288,4.843679615860462e-05,4.439727306365967,0.6908851265907288,0.0006322873647985,3.841028213500977
Rbpj,0.1533992439508438,0.3285977840423584,1.2304809093475342,1.627803534547349e-09,6.4030375480651855,1.2304809093475342,4.6794380455336576e-11,7.011400699615479,1.2304809093475342,7.372192208181234e-09,6.216219425201416
Tbc1d19,0.0079410290345549,0.0135118942707777,0.770857572555542,0.9888502385877284,0.4693200886249542,0.770857572555542,0.4679991859106411,1.0061137676239014,0.770857572555542,0.5963953796141737,0.8809177875518799
Stim2,0.1466795057058334,0.2213049978017807,0.6488494873046875,0.0019087606377318,3.539766788482666,0.6488494873046875,0.0032045302200223,3.324708938598633,0.6488494873046875,0.01434436038518,2.8820719718933105
Pcdh7,0.0,0.0,0.0,0.9888502385877284,0.1005259156227111,0.0,1.0,0.0,0.0,1.0,0.0
Arap2,0.4032199680805206,1.0788111686706543,1.966673493385315,4.3201543222159305e-56,16.03238868713379,1.966673493385315,2.163450376279853e-63,18.720888137817383,1.966673493385315,1.925454233249832e-51,16.45642852783203
Dthd1,0.0,0.0,0.0,0.9888502385877284,0.1005259156227111,0.0,1.0,0.0,0.0,1.0,0.0
Rell1,0.0287865400314331,0.0472237318754196,0.727501630783081,0.4826327215960941,1.24499773979187,0.727501630783081,0.175188784299411,1.7308297157287598,0.727501630783081,0.2770208181374337,1.5177650451660156
Pgm2,0.0525751449167728,0.1594972610473632,1.6795694828033447,5.350808259778404e-06,4.949892997741699,1.6795694828033447,2.5762146597724073e-09,6.378698348999023,1.6795694828033447,8.640092936658175e-08,5.786855220794678
Tbc1d1,0.4243437647819519,0.3401543200016022,-0.3836335241794586,0.3756943628336483,-1.4165489673614502,-0.3836335241794586,0.0113610189306169,-2.909013509750366,-0.3836335241794586,0.0484554634124447,-2.409030675888061
Klf3,0.9112172722816468,0.2631691992282867,-2.304682731628418,5.895547070660935e-38,-13.160828590393066,-2.304682731628418,1.414192796262064e-64,-18.22661781311035,-2.304682731628418,1.8998702661191585e-39,-14.33083724975586
Tlr1,0.1266754269599914,0.0050291041843593,-4.743403434753418,0.0042333951487714,-3.302940845489502,-4.743403434753418,8.222247129385575e-22,-10.136615753173828,-4.743403434753418,2.671334493305279e-11,-7.212190628051758
Tlr6,0.0196545720100402,0.0016091741854324,-3.623511791229248,0.9888502385877284,-0.3971744477748871,-3.623511791229248,0.0012440061493797,-3.6011745929718018,-3.623511791229248,0.0314325453200928,-2.5926735401153564
Fam114a1,0.0119593255221843,0.0,-23.520267486572266,0.9888502385877284,-0.2642352879047394,-23.520267486572266,0.0032385431124325,-3.3208048343658447,-23.520267486572266,0.059245743076724,-2.327244281768799
Tmem156,0.0636363998055458,0.0660989433526992,0.0565704144537448,0.7870620129828211,0.8345293998718262,0.0565704144537448,1.0,0.1826265156269073,0.0565704144537448,1.0,0.1538845896720886
Klhl5,0.0414108112454414,0.0615635961294174,0.5867321491241455,0.5349655158824843,1.1676241159439087,0.5867321491241455,0.2097173829108675,1.622226595878601,0.5867321491241455,0.3216066417527658,1.4202326536178589
Wdr19,0.0082583269104361,0.0044501032680273,-0.8947605490684509,0.9888502385877284,0.0357740819454193,-0.8947605490684509,0.4927326993902863,-0.9583775997161864,-0.8947605490684509,0.6790818173884811,-0.757481038570404
Rfc1,0.2930714786052704,0.2771296203136444,-0.0927368700504303,0.8685955006601241,0.7373642921447754,-0.0927368700504303,0.72147164952565,-0.6130567789077759,-0.0927368700504303,0.8128816980710224,-0.5115423202514648
Rpl9,4.066178798675537,3.4637625217437744,-0.8900524973869324,3.260818997660781e-165,-27.61579704284668,-0.8900524973869324,2.8874628002485835e-220,-44.29853820800781,-0.8900524973869324,1.946997048233568e-188,-38.50712203979492
Lias,0.14844411611557,0.200839027762413,0.4750138521194458,0.0062809427410866,3.180681705474853,0.4750138521194458,0.0360274551105893,2.473873853683472,0.4750138521194458,0.0922092724449855,2.120610475540161
Ugdh,0.0852866321802139,0.1310698390007019,0.6535652279853821,0.0180732386005206,2.826749801635742,0.6535652279853821,0.022955096000656,2.652837038040161,0.6535652279853821,0.0633781016872368,2.2933459281921387
Smim14,0.5056766867637634,0.4882347881793976,-0.0642597749829292,0.9888502385877284,-0.4069581627845764,-0.0642597749829292,0.756037169291541,-0.565453290939331,-0.0642597749829292,0.8416474918799451,-0.4710230231285095
Ube2k,0.4363090991973877,0.6390216946601868,0.7097790241241455,3.0232418451390125e-07,5.5116729736328125,0.7097790241241455,1.9018856751590195e-09,6.400850296020508,0.7097790241241455,5.589174044853485e-07,5.430724143981934
Pds5a,0.5132811069488525,0.5485401153564453,0.123521901667118,0.7125385991634161,0.9278855323791504,0.123521901667118,0.4628919587291135,1.0804569721221924,0.123521901667118,0.5785075053768003,0.9086873531341552
N4bp2,0.2362388521432876,0.079937644302845,-1.6790159940719604,0.0034650887245038,-3.3650786876678467,-1.6790159940719604,1.3407319142764408e-14,-8.108302116394043,-1.6790159940719604,6.8746733916355766e-09,-6.25113582611084
Rhoh,1.2904350757598877,1.045171856880188,-0.5147061347961426,5.904130377060231e-12,-7.240853309631348,-0.5147061347961426,4.1527493314703045e-10,-6.643560886383057,-0.5147061347961426,2.650051583448406e-07,-5.574033260345459
Chrna9,0.001083139097318,0.0008982903091236,-0.2700978815555572,0.9888502385877284,0.1345822364091873,-0.2700978815555572,1.0,-0.1313624382019043,-0.2700978815555572,1.0,-0.1034034341573715
9130230L23Rik,0.0,0.003388452110812,21.69464111328125,0.9888502385877284,0.2351081520318985,21.69464111328125,0.2942789202292576,1.4158084392547607,21.69464111328125,0.3242439506611627,1.4158084392547607
Rbm47,0.0072116684168577,0.2179470062255859,5.072364807128906,2.401506339999685e-13,7.676116943359375,5.072364807128906,3.4179486720812315e-24,11.084073066711426,5.072364807128906,1.1088532051614211e-23,10.947182655334473
Nsun7,0.0,0.0028953845612704,21.4674129486084,0.9888502385877284,0.1678170263767242,21.4674129486084,0.4679991859106411,1.0,21.4674129486084,0.5282133287683867,1.0
Apbb2,0.0070620332844555,0.001727731199935,-2.035054922103882,0.9888502385877284,-0.0315917246043682,-2.035054922103882,0.224236521151574,-1.5837043523788452,-2.035054922103882,0.4339267048229967,-1.1925770044326782
Uchl1,0.0040836087428033,0.0026832341682165,-0.6068822741508484,0.9888502385877284,0.1351797133684158,-0.6068822741508484,0.8344538926342647,-0.4521829187870025,-0.6068822741508484,0.9217369024580224,-0.3523802757263183
Limch1,0.0,0.0005397105123847,19.042219161987305,0.9888502385877284,0.1678170263767242,19.042219161987305,0.4679991859106411,1.0,19.042219161987305,0.5282133287683867,1.0
Tmem33,0.1549045890569687,0.3197567164897918,1.1692094802856443,5.248286776090807e-10,6.580563545227051,1.1692094802856443,4.607939393675986e-11,7.009525775909424,1.1692094802856443,9.801366664242511e-09,6.16658878326416
Slc30a9,0.1467712819576263,0.2164583802223205,0.6123090982437134,0.0016906276078342,3.574868679046631,0.6123090982437134,0.0056839865256944,3.1436336040496826,0.6123090982437134,0.0228408039760726,2.712305784225464
Bend4,0.0949182957410812,0.1747134327888488,0.9390853643417358,0.0012502049748873,3.65963625907898,0.9390853643417358,0.0002110275803576,4.084245681762695,0.9390853643417358,0.0014232393730624,3.615797281265259
Shisa3,0.0,0.0,0.0,0.9888502385877284,0.1005259156227111,0.0,1.0,0.0,0.0,1.0,0.0
Atp8a1,0.1874984055757522,0.0839126259088516,-1.236329197883606,0.0776662870421702,-2.24988341331482,-1.236329197883606,1.4711378506653078e-07,-5.626611709594727,-1.236329197883606,5.581913636177927e-05,-4.459658145904541
Guf1,0.0840696543455123,0.1261994987726211,0.6169719099998474,0.0211428593419195,2.7687196731567383,0.6169719099998474,0.0303704154469013,2.5434787273406982,0.6169719099998474,0.0785507707205867,2.195181608200073
Gnpda2,0.135182723402977,0.2689371705055237,1.0920884609222412,1.4455861600379685e-07,5.646180629730225,1.0920884609222412,7.05332146653161e-08,5.788329124450684,1.0920884609222412,2.523511663059769e-06,5.131227970123291
Gabra2,0.0011372119188308,0.0010364881018176,-0.1338701546192169,0.9888502385877284,0.1345822364091873,-0.1338701546192169,1.0,-0.0654608905315399,-0.1338701546192169,1.0,-0.0523107126355171
Gabrb1,0.0021427769679576,0.0,-21.03259658813477,0.9888502385877284,0.0342056974768638,-21.03259658813477,0.2942789202292576,-1.4115785360336304,-21.03259658813477,0.5299909986835808,-0.9892444610595704
Commd8,0.4781222939491272,0.4035534858703613,-0.3023490905761719,0.1673657340088389,-1.8833298683166504,-0.3023490905761719,0.0292163023534496,-2.5580766201019287,-0.3023490905761719,0.093035342862451,-2.116124153137207
Corin,0.0159873683005571,0.0,-23.94197654724121,0.9888502385877284,-0.3637155890464782,-23.94197654724121,0.0007249532404539,-3.755883455276489,-23.94197654724121,0.0285627956463693,-2.632150411605835
Nfxl1,0.0345517322421073,0.0352842882275581,0.03079922683537,0.9384530383737032,0.6499082446098328,0.03079922683537,1.0,0.071610614657402,0.03079922683537,1.0,0.0605887658894062
Slc10a4l,0.0,0.0,0.0,0.9888502385877284,0.1005259156227111,0.0,1.0,0.0,0.0,1.0,0.0
Cnga1,0.0622440353035926,0.0084888068959116,-2.913306474685669,0.509744866681592,-1.2034729719161987,-2.913306474685669,1.2437871879555472e-07,-5.660195827484131,-2.913306474685669,0.0002077543078663,-4.14719820022583
Nipal1,0.0848286673426628,0.0339337661862373,-1.3589065074920654,0.6580129930111174,-1.0000312328338623,-1.3589065074920654,0.000234142893579,-4.048375606536865,-1.3589065074920654,0.0062826435633775,-3.1643505096435547
Txk,0.8271229863166809,0.4902322292327881,-1.0241267681121826,1.083264890166917e-15,-8.35836410522461,-1.0241267681121826,5.390820962650281e-20,-9.643205642700195,-1.0241267681121826,1.3132893937061708e-13,-7.898943424224853
Tec,0.1199408248066902,0.0620390623807907,-0.9934744834899902,0.5598962669525865,-1.1315513849258425,-0.9934744834899902,0.0010890618022976,-3.637260437011719,-0.9934744834899902,0.012257328268689,-2.939206600189209
Slain2,0.1925150603055954,0.2393316924571991,0.3490256071090698,0.0208068348233932,2.7746944427490234,0.3490256071090698,0.0953760862217957,2.0469820499420166,0.3490256071090698,0.1921523746508107,1.742490291595459
Gm10135,0.0,0.0,0.0,0.9888502385877284,0.1005259156227111,0.0,1.0,0.0,0.0,1.0,0.0
Fryl,0.4169929623603821,0.5451623201370239,0.4865015149116516,0.0002949855216945,4.04015588760376,0.4865015149116516,0.0003281049868338,3.9663450717926025,0.4865015149116516,0.0031261091872238,3.3821709156036377
Ociad1,0.3411738574504852,0.5782068371772766,0.9451128244400024,5.125690491886409e-12,7.260868549346924,0.9451128244400024,4.532605939842382e-14,7.991306781768799,0.9451128244400024,1.6194819820989176e-10,6.842854022979736
Ociad2,0.0010028202086687,0.0302188713103532,4.934443473815918,0.4623890165084069,1.277859091758728,4.934443473815918,0.0005733327193554,3.835907220840454,4.934443473815918,0.0007689265564653,3.801914691925049
Dcun1d4,0.017613910138607,0.0317898765206337,0.8621200323104858,0.7125385991634161,0.9277361631393432,0.8621200323104858,0.194359848066443,1.666341781616211,0.8621200323104858,0.3017580022289139,1.46347975730896
Sgcb,0.0272690132260322,0.0768740028142929,1.5313265323638916,0.0549018472141371,2.3988051414489746,1.5313265323638916,0.0003473789706948,3.9590518474578857,1.5313265323638916,0.0014499461192345,3.611917972564697
Usp46,0.0288471169769763,0.047805055975914,0.7424985766410828,0.5056468756648146,1.2091490030288696,0.7424985766410828,0.1520120984806493,1.8097963333129885,0.7424985766410828,0.2478856546707153,1.589603066444397
Rasl11b,0.0182941500097513,0.0083748307079076,-1.134421706199646,0.9888502385877284,-0.0330107398331165,-1.134421706199646,0.180116239555596,-1.711230754852295,-1.134421706199646,0.3598207301148704,-1.334367036819458
Scfd2,0.0502403415739536,0.1306609958410263,1.437796115875244,0.0031920560909612,3.389202117919922,1.437796115875244,6.598506869594337e-06,4.895760536193848,1.437796115875244,5.566605064443592e-05,4.457695960998535
Fip1l1,0.4718567728996277,0.6260983347892761,0.5294302701950073,9.924897467214088e-05,4.307901382446289,0.5294302701950073,9.28779110555521e-06,4.807709217071533,0.5294302701950073,0.0002759177092326,4.061673164367676
Lnx1,0.0033038116525858,0.0,-21.65808486938477,0.9994412017932364,0.0010455889860168,-21.65808486938477,0.1757869681338452,-1.7279573678970337,-21.65808486938477,0.4256317498937523,-1.2109651565551758
Chic2,0.5575132369995117,0.7376652359962463,0.5478391051292419,3.075834399951054e-05,4.577812671661377,0.5478391051292419,1.9553928347494065e-07,5.582434177398682,0.5478391051292419,2.1357035955640804e-05,4.675717830657959
Kit,0.0036459022667258,0.0016166284913197,-1.17475163936615,0.9888502385877284,0.0681126564741134,-1.17475163936615,0.623180319361087,-0.7549118399620056,-1.17475163936615,0.7613598598875243,-0.5856838822364807
Kdr,0.0,0.0,0.0,0.9888502385877284,0.1005259156227111,0.0,1.0,0.0,0.0,1.0,0.0
Srd5a3,0.1174188107252121,0.1865572333335876,0.7190905213356018,0.0018905467403728,3.5429036617279053,0.7190905213356018,0.0019151907966015,3.479966878890991,0.7190905213356018,0.0094615333863713,3.025568962097168
Tmem165,0.2430039644241333,0.5225639343261719,1.319117546081543,3.947059778114968e-17,8.749637603759766,1.319117546081543,7.901868404447947e-20,9.678650856018066,1.319117546081543,1.444864573289004e-15,8.48947525024414
Clock,0.1503800749778747,0.1435930877923965,-0.0716427266597747,0.6660883937850797,0.989874005317688,-0.0716427266597747,0.9118789022511092,-0.341569721698761,-0.0716427266597747,0.9638433800836704,-0.2866549491882324
Exoc1,0.1232582703232765,0.1741345971822738,0.536126971244812,0.0108862773625618,3.0018858909606934,0.536126971244812,0.0266657119906838,2.594714403152466,0.536126971244812,0.0732090955509286,2.228844165802002
Cep135,0.0898555070161819,0.0942718163132667,0.0724538937211036,0.4448518614593024,1.3037748336791992,0.0724538937211036,0.9581602449976334,0.2757852375507355,0.0724538937211036,0.9993138973103208,0.2321678251028061
C530008M17Rik,0.002275355393067,0.0,-21.11930274963379,0.9888502385877284,0.0342056974768638,-21.11930274963379,0.2942789202292576,-1.4108291864395142,-21.11930274963379,0.5299909986835808,-0.9887193441390992
Aasdh,0.0527680478990078,0.0332510881125927,-0.6804424524307251,0.9888502385877284,-0.0374918319284915,-0.6804424524307251,0.1537788527441956,-1.8026295900344849,-0.6804424524307251,0.3074222949650068,-1.4507343769073486
Ppat,0.146313801407814,0.2238494604825973,0.6711171269416809,0.0007823850618596,3.787123203277588,0.6711171269416809,0.0011356033244528,3.629221677780152,0.6711171269416809,0.0068988869255789,3.131419897079468
Paics,0.2469104677438736,0.447420209646225,1.0106303691864014,2.4477870124982623e-10,6.698790073394775,1.0106303691864014,2.706965651444669e-11,7.08460807800293,1.0106303691864014,1.0369573317781452e-08,6.156121730804443
Srp72,0.4116827249526977,0.5481357574462891,0.5192725658416748,0.0001769651073983,4.167643070220947,0.5192725658416748,9.026043184337027e-05,4.290654182434082,0.5192725658416748,0.0012596481996945,3.650565624237061
Arl9,0.0,0.0,0.0,0.9888502385877284,0.1005259156227111,0.0,1.0,0.0,0.0,1.0,0.0
Hopx,0.1653749644756317,1.0223190784454346,3.306831121444702,7.656737617232094e-92,20.554487228393555,3.306831121444702,6.3200593901794864e-96,25.35567283630371,3.306831121444702,2.095700353464298e-89,23.44034576416016
Spink2,0.0,0.0,0.0,0.9888502385877284,0.1005259156227111,0.0,1.0,0.0,0.0,1.0,0.0
Rest,0.2955850660800934,0.2560694813728332,-0.2368512600660324,0.9888502385877284,0.2606503963470459,-0.2368512600660324,0.2331033902130931,-1.5598537921905518,-0.2368512600660324,0.383935411218586,-1.2875405550003052
Noa1,0.1240582019090652,0.144324854016304,0.2332487255334854,0.0730781989177196,2.277442216873169,0.2332487255334854,0.4443836470516638,1.1119683980941772,0.2332487255334854,0.5608322536217109,0.9359332919120787
Polr2b,0.212141528725624,0.2295901477336883,0.1270831078290939,0.1590164126750699,1.909245491027832,0.1270831078290939,0.6307909449584962,0.743951141834259,0.1270831078290939,0.7344384901254858,0.6257315874099731
Igfbp7,0.0,0.0184639506042003,24.151546478271484,0.7272849805709227,0.9080193638801576,24.151546478271484,0.0045213028474913,3.2282252311706543,24.151546478271484,0.0052795956851314,3.2282252311706543
Cenpc1,0.1217371001839637,0.1516091227531433,0.3386266231536865,0.0685962402595126,2.304851531982422,0.3386266231536865,0.2294460443868662,1.5696637630462646,0.3386266231536865,0.3565986932945093,1.340814471244812
Stap1,0.4177856743335724,0.4653348624706268,0.1923216730356216,0.1413864973427145,1.9689934253692627,0.1923216730356216,0.2543240268096651,1.5080366134643557,0.1923216730356216,0.3911444850475524,1.2748539447784424
Uba6,0.1412746906280517,0.1785137951374054,0.3651103675365448,0.0291799419776537,2.648850440979004,0.3651103675365448,0.1524030109620991,1.808030128479004,0.3651103675365448,0.2702162055815755,1.5344244241714478
Tmprss11d,0.001378663117066,0.0,-20.39583396911621,0.9888502385877284,0.0673658028244972,-20.39583396911621,0.4679991859106411,-1.0,-20.39583396911621,0.6832027011037286,-0.7008072733879089
Ythdc1,0.7541561126708984,0.6739004850387573,-0.2270513772964477,0.0175352626818454,-2.8374297618865967,-0.2270513772964477,0.0561712049195511,-2.2875075340271,-0.2270513772964477,0.1396014215606697,-1.9128689765930176
Jchain,0.0050545963458716,0.0085167754441499,0.755211591720581,0.9888502385877284,0.4370561838150024,0.755211591720581,0.7166968099254338,0.6196387410163879,0.755211591720581,0.8267221759589546,0.4920273721218109
Utp3,0.4343037605285644,0.4825025796890259,0.1892472505569458,0.2609134071907894,1.6409772634506226,0.1892472505569458,0.2073388353815883,1.6284295320510864,0.1892472505569458,0.3481543525531182,1.3579024076461792
Rufy3,0.0279630310833454,0.03336938098073,0.2589239776134491,0.8784438293514989,0.7250412702560425,0.2589239776134491,0.7578540133613691,0.5624552965164185,0.2589239776134491,0.8368336576662283,0.4786056578159332
Grsf1,0.1037999093532562,0.1525239497423172,0.591127872467041,0.0163089466822552,2.8625237941741943,0.591127872467041,0.0257328141796221,2.608870029449463,0.591127872467041,0.0679772558756019,2.2604217529296875
Mob1b,0.1396908164024353,0.1898531913757324,0.4798248410224914,0.0095835636468395,3.0444564819335938,0.4798248410224914,0.0419024532923718,2.4120025634765625,0.4798248410224914,0.1029900986878287,2.068000555038452
Dck,0.1008510142564773,0.1958239376544952,1.0275330543518066,2.3413870764831667e-05,4.638531684875488,1.0275330543518066,5.242516895504139e-06,4.936914443969727,1.0275330543518066,9.56606608208466e-05,4.325587749481201
Slc4a4,0.0013990526786074,0.0,-20.417028427124023,0.9888502385877284,0.0673658028244972,-20.417028427124023,0.4679991859106411,-1.0,-20.417028427124023,0.6832027011037286,-0.7008072733879089
Adamts3,0.0010091721778735,0.0,-19.945470809936523,0.9888502385877284,0.0673658028244972,-19.945470809936523,0.4679991859106411,-1.0,-19.945470809936523,0.6832027011037286,-0.7008072733879089
Cox18,0.1405595690011978,0.1840858310461044,0.4214436411857605,0.0205716297594549,2.778727531433105,0.4214436411857605,0.0805166371390005,2.1261508464813232,0.4214436411857605,0.1664745962673702,1.8214194774627688
Ankrd17,0.6235569715499878,0.6359729766845703,0.0383343510329723,0.9994412017932364,0.0032114519271999,0.0383343510329723,0.9011403188329904,0.3580362498760223,0.0383343510329723,0.9552870117939268,0.3006737828254699
Afp,0.0436137728393077,0.0087669659405946,-2.3398804664611816,0.9209702505299352,-0.672761857509613,-2.3398804664611816,6.282975228664603e-05,-4.370434761047363,-2.3398804664611816,0.0048558131689671,-3.250735282897949
Albfm1,0.0,0.0020450903102755,20.9652099609375,0.9888502385877284,0.2351081520318985,20.9652099609375,0.3448998296829669,1.2975473403930664,20.9652099609375,0.3792382770572942,1.2975473403930664
Rassf6,0.0,0.0030709642451256,21.55247688293457,0.9888502385877284,0.2351081520318985,21.55247688293457,0.3097458183323471,1.3712356090545654,21.55247688293457,0.3421595886500435,1.3712356090545654
Ppbp,0.0022791589144617,0.0,-21.121715545654297,0.9888502385877284,0.0342056974768638,-21.121715545654297,0.2942789202292576,-1.4141907691955566,-21.121715545654297,0.5299909986835808,-0.9910751581192015
Pf4,0.004623879212886,0.0081949215382337,0.828204870223999,0.9888502385877284,0.1686385720968246,0.828204870223999,0.8277842060768155,0.4616757333278656,0.828204870223999,0.8787647030390867,0.4163630604743957
Cxcl3,0.0,0.0,0.0,0.9888502385877284,0.1005259156227111,0.0,1.0,0.0,0.0,1.0,0.0
Cxcl2,0.0,0.0,0.0,0.9888502385877284,0.1005259156227111,0.0,1.0,0.0,0.0,1.0,0.0
Mthfd2l,0.0620036199688911,0.0563248619437217,-0.1427171677350998,0.9593702366764892,0.621826708316803,-0.1427171677350998,0.842430246125198,-0.4410957396030426,-0.1427171677350998,0.9127223488312516,-0.3664571940898895
Areg,0.0008914056234061,0.0010303737362846,0.2091138511896133,0.9888502385877284,0.1345822364091873,0.2091138511896133,1.0,0.1019986048340797,0.2091138511896133,1.0,0.0848950073122978
Parm1,0.0,0.0,0.0,0.9888502385877284,0.1005259156227111,0.0,1.0,0.0,0.0,1.0,0.0
Rchy1,0.444305419921875,0.5141359567642212,0.2649782001972198,0.0739257781210915,2.2723636627197266,0.2649782001972198,0.0612057741229399,2.2501180171966557,0.2649782001972198,0.1423495453842579,1.9028528928756716
Odaph,0.0,0.0,0.0,0.9888502385877284,0.1005259156227111,0.0,1.0,0.0,0.0,1.0,0.0
Cdkl2,0.0141677884384989,0.0126289259642362,-0.1669951528310775,0.9888502385877284,0.1691613644361496,-0.1669951528310775,0.9860888203553916,-0.2358778715133667,-0.1669951528310775,1.0,-0.1988065093755722
G3bp2,0.681498646736145,0.7202440500259399,0.1109623312950134,0.9400577424770752,0.6477423906326294,0.1109623312950134,0.4431108004013424,1.114002346992493,0.1109623312950134,0.5635396353108701,0.9316872954368592
Uso1,0.2244079262018203,0.1924545019865036,-0.2454556077718734,0.9888502385877284,0.303892970085144,-0.2454556077718734,0.2908948955538883,-1.4260681867599487,-0.2454556077718734,0.4401732652972428,-1.1812344789505005
Ppef2,0.0,0.0,0.0,0.9888502385877284,0.1005259156227111,0.0,1.0,0.0,0.0,1.0,0.0
Naaa,0.0141554195433855,0.0378579124808311,1.4364120960235596,0.3886946867298659,1.395413160324097,1.4364120960235596,0.0165510011893921,2.7778282165527344,1.4364120960235596,0.0374550427517222,2.517639398574829
Sdad1,0.2227078527212143,0.1515895873308181,-0.6078821420669556,0.8155311717573649,-0.8000249266624451,-0.6078821420669556,0.0030688108313483,-3.3352315425872803,-0.6078821420669556,0.0233262292598184,-2.7053258419036865
Cxcl9,0.0,0.0105836642906069,23.34297752380371,0.9888502385877284,0.3023992776870727,23.34297752380371,0.2459692088171799,1.529425859451294,23.34297752380371,0.2725466988166681,1.529425859451294
Art3,0.0082615241408348,0.0,-22.98394012451172,0.9888502385877284,-0.1647549569606781,-22.98394012451172,0.0142700032914447,-2.829753398895264,-22.98394012451172,0.1228367436555798,-1.9831117391586304
Cxcl10,0.0556074231863021,0.0269119031727314,-1.0678749084472656,0.9888502385877284,-0.3392189443111419,-1.0678749084472656,0.0582371093091966,-2.27139663696289,-1.0678749084472656,0.1662941515318995,-1.8224884271621704
Nup54,0.1093306392431259,0.1685293763875961,0.6679935455322266,0.0019996143299979,3.526174068450928,0.6679935455322266,0.0059265562016569,3.129249334335327,0.6679935455322266,0.0237570926581677,2.697477102279663
Scarb2,0.1605849862098693,0.1328059583902359,-0.2945451736450195,0.9888502385877284,0.440790444612503,-0.2945451736450195,0.2721035671166718,-1.467888593673706,-0.2945451736450195,0.4257604691259891,-1.209160089492798
Stbd1,0.0,0.0,0.0,0.9888502385877284,0.1005259156227111,0.0,1.0,0.0,0.0,1.0,0.0
Shroom3,0.0,0.0,0.0,0.9888502385877284,0.1005259156227111,0.0,1.0,0.0,0.0,1.0,0.0
Sept11,0.2050660103559494,0.9699580669403076,2.847177743911743,7.764500961113487e-79,19.03390121459961,2.847177743911743,1.3148406488250642e-90,23.8051815032959,2.847177743911743,2.3496308526188905e-79,21.41518211364746
Ccni,0.3704648911952972,0.521612823009491,0.6107505559921265,1.783449286294924e-05,4.69827938079834,0.6107505559921265,2.85473315315732e-06,5.058507442474365,0.6107505559921265,0.0001048117664002,4.303135395050049
2010109A12Rik,0.0426781103014946,0.0249827057123184,-0.7854030132293701,0.9994412017932364,0.0028380271978676,-0.7854030132293701,0.118923291021816,-1.937053084373474,-0.7854030132293701,0.2680662906317498,-1.5396783351898191
Ccng2,0.1166411414742469,0.1247676163911819,0.1031466275453567,0.4719393640910179,1.260830998420715,0.1031466275453567,0.8387559660569153,0.4460417628288269,0.1031466275453567,0.9046273643645716,0.3777269124984741
Cxcl13,0.0,0.0,0.0,0.9888502385877284,0.1005259156227111,0.0,1.0,0.0,0.0,1.0,0.0
Cnot6l,0.6329240798950195,0.9294793009757996,0.7958732843399048,1.4275838544729783e-11,7.116427898406982,0.7958732843399048,1.4069375488597272e-15,8.438572883605957,0.7958732843399048,2.921998854539329e-11,7.109179496765137
Mrpl1,0.1274793893098831,0.1799783259630203,0.5363989472389221,0.0053093909878112,3.2331104278564453,0.5363989472389221,0.0222594195707793,2.6648011207580566,0.5363989472389221,0.0648166498495016,2.2833352088928223
Anxa3,0.0,0.0,0.0,0.9888502385877284,0.1005259156227111,0.0,1.0,0.0,0.0,1.0,0.0
Bmp2k,0.0760382935404777,0.1769653558731079,1.2930065393447876,3.994885590914076e-05,4.5183634757995605,1.2930065393447876,7.385070110029996e-07,5.344024658203125,1.2930065393447876,1.2851954526017153e-05,4.788375377655029
Paqr3,0.0021833886858075,0.0129057960584759,2.57112193107605,0.9888502385877284,0.504496693611145,2.57112193107605,0.1055267883447117,2.000192165374756,2.57112193107605,0.138180066255518,1.9194374084472656
Antxr2,0.05568403378129,0.0440581664443016,-0.346310406923294,0.9888502385877284,0.3667776882648468,-0.346310406923294,0.4679991859106411,-1.015128254890442,-0.346310406923294,0.6279130816348885,-0.8322203159332275
Prdm8,0.0011662452016025,0.0,-20.154281616210938,0.9888502385877284,0.0673658028244972,-20.154281616210938,0.4679991859106411,-1.0,-20.154281616210938,0.6832027011037286,-0.7008072733879089
Rasgef1b,0.0019690487533807,0.0059271994978189,1.5927083492279053,0.9888502385877284,0.3029220700263977,1.5927083492279053,0.4016688530460077,1.1847766637802124,1.5927083492279053,0.4946710230488857,1.0903997421264648
Vamp9,0.0,0.0,0.0,0.9888502385877284,0.1005259156227111,0.0,1.0,0.0,0.0,1.0,0.0
Hnrnpd,0.9050261378288268,1.1868128776550293,0.6291201114654541,8.595592163307543e-10,6.503040790557861,0.6291201114654541,3.3968471017346405e-14,8.01246166229248,0.6291201114654541,4.755101112390428e-10,6.674384117126465
Hnrnpdl,0.6480587124824524,0.6946879625320435,0.1376124769449234,0.7136790015093439,0.9257943630218506,0.1376124769449234,0.3055229164201328,1.3795901536941528,0.1376124769449234,0.4554863331158444,1.155842661857605
Enoph1,0.0445914380252361,0.0773578137159347,0.818656325340271,0.1346073679881243,1.9934900999069212,0.818656325340271,0.0337495378627225,2.501642227172852,0.818656325340271,0.0789221972351222,2.1926701068878174
Tmem150c,0.0,0.0,0.0,0.9888502385877284,0.1005259156227111,0.0,1.0,0.0,0.0,1.0,0.0
Sec31a,0.26980060338974,0.2881073653697967,0.1085315570235252,0.1961726059606942,1.799085259437561,0.1085315570235252,0.6424338880887969,0.726402759552002,0.1085315570235252,0.7447304152690284,0.6102997064590454
Lin54,0.0512140356004238,0.0913732722401619,0.8645460605621338,0.0459228626400426,2.4725191593170166,0.8645460605621338,0.0132630063429056,2.856039524078369,0.8645460605621338,0.0382431564281194,2.5087618827819824
Cops4,0.2444664388895034,0.4183462262153625,0.9074031710624696,5.104516177866492e-09,6.219611644744873,0.9074031710624696,1.6376631342483562e-09,6.431487083435059,0.9074031710624696,3.15728812847248e-07,5.5392746925354
Plac8,1.6108044385910034,2.3695292472839355,1.2743839025497437,4.429027292187889e-64,17.14616584777832,1.2743839025497437,2.6920283283536467e-68,19.111915588378903,1.2743839025497437,1.4484149702846984e-48,15.949172973632812
Coq2,0.1426658928394317,0.1248892769217491,-0.2050998955965042,0.5988170587667145,1.079495906829834,-0.2050998955965042,0.4679991859106411,-1.0095678567886353,-0.2050998955965042,0.6306040145689246,-0.8275629281997681
Hpse,0.0,0.0201029479503631,24.275428771972656,0.7272849805709227,0.9080193638801576,24.275428771972656,0.0028615441956489,3.370803117752075,24.275428771972656,0.0033701182708653,3.370803117752075
Helq,0.0329031236469745,0.0674599707126617,1.0609431266784668,0.1023392829711788,2.12508487701416,1.0609431266784668,0.0128650231102907,2.866851329803467,1.0609431266784668,0.03580342193657,2.536916494369507
Mrps18c,0.3375259637832641,0.6510915160179138,1.1926032304763794,1.2491732114137748e-18,9.13919448852539,1.1926032304763794,3.3518778000450445e-22,10.273614883422852,1.1926032304763794,7.032081539393901e-17,8.871585845947266
Abraxas1,0.0755242481827735,0.0573537722229957,-0.4103039503097534,0.9888502385877284,0.3970250785350799,-0.4103039503097534,0.3200864772776191,-1.3470823764801023,-0.4103039503097534,0.4830701406694063,-1.1094703674316406
Gpat3,0.0,0.0162709895521402,23.967552185058597,0.8940648012290606,0.7061460018157959,23.967552185058597,0.0128060718864375,2.875194787979126,23.967552185058597,0.0149284876887584,2.875194787979126
Cds1,0.0,0.0,0.0,0.9888502385877284,0.1005259156227111,0.0,1.0,0.0,0.0,1.0,0.0
Wdfy3,0.0005408413126133,0.0,-19.045238494873047,0.9888502385877284,0.0673658028244972,-19.045238494873047,0.4679991859106411,-1.0,-19.045238494873047,0.6832027011037286,-0.7008072733879089
Arhgap24,0.0,0.0,0.0,0.9888502385877284,0.1005259156227111,0.0,1.0,0.0,0.0,1.0,0.0
Ptpn13,0.0139597915112972,0.1400705724954605,3.4189414978027344,9.374418623411428e-07,5.297551155090332,3.4189414978027344,1.3200674410009496e-14,8.274754524230957,3.4189414978027344,1.1109904185941677e-13,7.984089374542236
Aff1,0.1531419456005096,0.1057237163186073,-0.5695130228996277,0.9888502385877284,-0.4738011956214905,-0.5695130228996277,0.0271202866092502,-2.586544990539551,-0.5695130228996277,0.0933682938238781,-2.1146340370178223
Klhl8,0.0129677904769778,0.0065432204864919,-0.9915018677711488,0.9888502385877284,0.0693076103925705,-0.9915018677711488,0.3695133519968893,-1.246576905250549,-0.9915018677711488,0.5323558077916855,-0.9817157983779908
Hsd17b11,0.0634820461273193,0.0248565971851348,-1.380787372589111,0.8991573833231392,-0.6986027956008911,-1.380787372589111,0.0011215474540924,-3.627965211868286,-1.380787372589111,0.017203128814901,-2.818941116333008
Nudt9,0.1456711441278457,0.1539898067712783,0.0862705931067466,0.2606117188046348,1.641798734664917,0.0862705931067466,0.8582716126223018,0.4191747903823852,0.0862705931067466,0.9204543834812164,0.3542023003101349
Spp1,0.0,0.0066283335909247,22.66499900817871,0.9888502385877284,0.5042726397514343,22.66499900817871,0.0591912350423545,2.268941640853882,22.66499900817871,0.067371870484577,2.268941640853882
Pkd2,0.0,0.0,0.0,0.9888502385877284,0.1005259156227111,0.0,1.0,0.0,0.0,1.0,0.0
Thoc2l,0.2787028551101684,0.1607491672039032,-0.882115364074707,0.2123201280586786,-1.7559173107147217,-0.882115364074707,7.71974575075374e-06,-4.842067241668701,-0.882115364074707,0.0005207903785892,-3.896937847137451
Zfp951,0.0287835728377103,0.012562096118927,-1.2079100608825684,0.9888502385877284,-0.1396608203649521,-1.2079100608825684,0.0574035650798874,-2.2771763801574707,-1.2079100608825684,0.185056853682781,-1.7645068168640137
Abcg3,0.0600351095199584,0.020971406251192,-1.545751452445984,0.8477162896683611,-0.7605913281440735,-1.545751452445984,0.0005111180497837,-3.845090866088867,-1.545751452445984,0.011555092375091,-2.9605941772460938
Gbp8,0.2681747376918793,0.2412303984165191,-0.1730220764875412,0.9888502385877284,0.181708425283432,-0.1730220764875412,0.4679991859106411,-1.0669150352478027,-0.1730220764875412,0.5918003587006951,-0.8890777826309204
Gbp9,0.2960107028484344,0.3055810630321502,0.0531548336148262,0.404126246838265,1.3697962760925293,0.0531548336148262,0.9064963167554452,0.3505708277225494,0.0531548336148262,0.9588169433372974,0.2951473593711853
Gbp4,0.5040064454078674,0.5875698924064636,0.2870523929595947,0.0155345474470912,2.8798508644104004,0.2870523929595947,0.0500197866686552,2.338094472885132,0.2870523929595947,0.1249410775270181,1.9712988138198853
Gbp10,0.0094196442514657,0.0122134871780872,0.376749575138092,0.9888502385877284,0.3356340527534485,0.376749575138092,0.7873274422355395,0.5195927023887634,0.376749575138092,0.8579313708645621,0.4463365077972412
Gbp6,0.060785673558712,0.1406642943620681,1.26904034614563,0.0036652385724673,3.34722900390625,1.26904034614563,3.927778948150887e-05,4.494599342346191,1.26904034614563,0.0002937026238494,4.046148300170898
Lrrc8b,0.0739147737622261,0.0222694892436265,-1.7683470249176023,0.6504192139074543,-1.0106364488601685,-1.7683470249176023,9.126903318903768e-06,-4.803720474243164,-1.7683470249176023,0.0012082968316658,-3.668421030044556
Lrrc8c,0.3562722206115722,0.4667817950248718,0.4749359786510467,0.0006798744732017,3.826108932495117,0.4749359786510467,0.0009179180376598,3.689086675643921,0.4749359786510467,0.0070374041686103,3.124839782714844
Lrrc8d,0.0546410270035266,0.0473978891968727,-0.2104309797286987,0.8364981003780425,0.7762751579284668,-0.2104309797286987,0.6978787191652557,-0.6458335518836975,-0.2104309797286987,0.8026717083060022,-0.5283123254776001
Zfp326,0.1709133386611938,0.1583843678236007,-0.1191207095980644,0.8586979000781524,0.7494632601737976,-0.1191207095980644,0.7294984118203373,-0.6011222004890442,-0.1191207095980644,0.8196403306261802,-0.5028541088104248
Zfp644,0.6365344524383545,0.4567242264747619,-0.6203778982162476,4.169283758322491e-06,-5.001126766204834,-0.6203778982162476,1.0376917075395409e-07,-5.696519374847412,-0.6203778982162476,2.2158573827696643e-05,-4.6691179275512695
Cdc7,0.0502504259347915,0.0840664803981781,0.7670608162879944,0.0446311295552913,2.484468698501587,0.7670608162879944,0.0298844658312767,2.5501599311828613,0.7670608162879944,0.0750303775069816,2.2174394130706787
Tgfbr3,0.0598310157656669,0.0014257963048294,-5.433398246765137,0.2984631854365283,-1.560242772102356,-5.433398246765137,4.526539784384627e-11,-6.994641780853272,-5.433398246765137,7.386899482599535e-06,-4.938670158386231
Brdt,0.0119336070492863,0.0007913129520602,-3.922682046890259,0.9888502385877284,-0.1645309031009674,-3.922682046890259,0.0125012763742788,-2.8753466606140137,-3.922682046890259,0.1104612310193857,-2.0367894172668457
Ephx4,0.0,0.0008389085996896,19.678760528564453,0.9888502385877284,0.1678170263767242,19.678760528564453,0.4679991859106411,1.0,19.678760528564453,0.5282133287683867,1.0
Btbd8,0.0121321994811296,0.0283659808337688,1.2370703220367432,0.6318377545279072,1.0344609022140503,1.2370703220367432,0.0847076157833759,2.1032538414001465,1.2370703220367432,0.1505260542849209,1.8747204542160036
Gm42669,0.0012281175004318,0.0,-20.228904724121094,0.9888502385877284,0.0673658028244972,-20.228904724121094,0.4679991859106411,-1.0,-20.228904724121094,0.6832027011037286,-0.7008072733879089
1700028K03Rik,0.0066282209008932,0.0,-22.664974212646484,0.9888502385877284,-0.0652746260166168,-22.664974212646484,0.067769077721012,-2.2037971019744877,-22.664974212646484,0.2665039283217534,-1.5444369316101074
Glmn,0.0902976766228675,0.194077119231224,1.1805037260055542,3.253624298594206e-05,4.56519079208374,1.1805037260055542,1.6119079892946716e-06,5.185250759124756,1.1805037260055542,2.8205190713697346e-05,4.612832546234131
Rpap2,0.0803937017917633,0.1350474804639816,0.788444459438324,0.0173206977887219,2.8416121006011963,0.788444459438324,0.0054431195297536,3.1586837768554688,0.788444459438324,0.0201526038259542,2.7586145401000977
Gfi1,0.0673511326313018,0.1019183918833732,0.6229268312454224,0.075850002607078,2.260414123535156,0.6229268312454224,0.0580800585490736,2.273772716522217,0.6229268312454224,0.1256927697130666,1.9681240320205688
Evi5,0.0079580172896385,0.0013372696703299,-2.577897310256958,0.9888502385877284,-0.0648265182971954,-2.577897310256958,0.1020482209905833,-2.01431941986084,-2.577897310256958,0.296732215666127,-1.4751447439193726
Rpl5,3.709405422210693,2.9425084590911865,-1.148781657218933,5.187730059232291e-170,-28.01991844177246,-1.148781657218933,1.1988240711673203e-232,-46.64215087890625,-1.148781657218933,2.5405952927391064e-201,-40.62088394165039
Dipk1a,0.2416854947805404,0.2340366840362548,-0.0521322190761566,0.6084988220201833,1.0660526752471924,-0.0521322190761566,0.923155135539536,-0.3253396451473236,-0.0521322190761566,0.97401627393084,-0.2711164653301239
Mtf2,0.2434388548135757,0.2659470438957214,0.1445043534040451,0.128953334304976,2.014849901199341,0.1445043534040451,0.5366717603481894,0.887199342250824,0.1445043534040451,0.6832027011037286,0.7477790713310242
Tmed5,0.4530914425849914,0.7639093995094299,1.000397562980652,4.932886667106446e-15,8.172323226928711,1.000397562980652,2.9726342399171398e-18,9.220377922058104,1.000397562980652,1.0918690838631316e-13,7.912425994873047
Ccdc18,0.0067520481534302,0.0227553639560937,1.7643818855285645,0.6274473758350458,1.0402863025665283,1.7643818855285645,0.0430696703956883,2.4026005268096924,1.7643818855285645,0.0782430155519753,2.197418451309204
Dr1,0.1505738943815231,0.2480402141809463,0.7927432060241699,3.0330761233486503e-05,4.581024169921875,0.7927432060241699,6.17851684678945e-05,4.383056640625,0.7927432060241699,0.0007068722421841,3.810986042022705
Pigg,0.0190977994352579,0.0311063565313816,0.7125014662742615,0.923179762139006,0.6684300899505615,0.7125014662742615,0.336233794774194,1.314409255981445,0.7125014662742615,0.4485851266803809,1.1676914691925049
Pde6b,0.0,0.0,0.0,0.9888502385877284,0.1005259156227111,0.0,1.0,0.0,0.0,1.0,0.0
Atp5k,0.599614679813385,0.9581400156021118,0.9680428504943848,6.437125066146772e-18,8.956589698791504,0.9680428504943848,1.0217392114353305e-23,10.619551658630373,0.9680428504943848,2.7505697440894344e-17,8.989527702331543
Mfsd7a,0.0,0.0,0.0,0.9888502385877284,0.1005259156227111,0.0,1.0,0.0,0.0,1.0,0.0
Pcgf3,0.0775203332304954,0.071913905441761,-0.1123984828591346,0.9010676833893324,0.6960635185241699,-0.1123984828591346,0.8847490882959607,-0.381025105714798,-0.1123984828591346,0.9426926846945004,-0.3193795084953308
Gak,0.1987314820289611,0.2642396092414856,0.4601018726825714,0.0011989399439266,3.671137571334839,0.4601018726825714,0.0171371683954152,2.762263298034668,0.4601018726825714,0.055697359941984,2.349415779113769
Tmem175,0.0511984154582023,0.0948994979262352,0.9222087264060974,0.0584236623538265,2.373337745666504,0.9222087264060974,0.0082394915957693,3.021127939224243,0.9222087264060974,0.0253076353938929,2.673250436782837
Dgkq,0.0456376262009143,0.0332596488296985,-0.4654383659362793,0.9888502385877284,0.2306270599365234,-0.4654383659362793,0.3909533610763059,-1.2044228315353394,-0.4654383659362793,0.5335608203848107,-0.9792497158050536
Idua,0.0405177064239978,0.0240833852440118,-0.7624329924583435,0.9888502385877284,-0.154896542429924,-0.7624329924583435,0.1512997828291067,-1.8117790222167969,-0.7624329924583435,0.3040485089897505,-1.4583841562271118
Fgfrl1,0.0010116382036358,0.0,-19.948993682861328,0.9888502385877284,0.0673658028244972,-19.948993682861328,0.4679991859106411,-1.0,-19.948993682861328,0.6832027011037286,-0.7008072733879089
Rnf212,0.0,0.0,0.0,0.9888502385877284,0.1005259156227111,0.0,1.0,0.0,0.0,1.0,0.0
Vmn2r10,0.0,0.0,0.0,0.9888502385877284,0.1005259156227111,0.0,1.0,0.0,0.0,1.0,0.0
Crlf2,0.2403232008218765,0.76076340675354,2.06904411315918,1.0195779191620473e-42,13.971757888793944,2.06904411315918,6.711868701011049e-48,16.003080368041992,2.06904411315918,2.2267680774355823e-40,14.37265968322754
5430403G16Rik,0.0737012103199958,0.0269251838326454,-1.486756682395935,0.8845419195300561,-0.7178715467453003,-1.486756682395935,0.0001880685572081,-4.103672027587891,-1.486756682395935,0.0063698059580669,-3.1605775356292725
4930522L14Rik,0.0708521381020546,0.1050700545310974,0.5935131907463074,0.05198649766568,2.421584129333496,0.5935131907463074,0.069109130500551,2.195363998413086,0.5935131907463074,0.1436276442012148,1.8977082967758176
Gm15446,0.0413380712270736,0.0516616404056549,0.3291272521018982,0.5719055485763325,1.1156435012817385,0.3291272521018982,0.5189187092468742,0.9158997535705566,0.3291272521018982,0.6654098602780641,0.777877151966095
Zfp932,0.0646029710769653,0.0806303322315216,0.3314233124256134,0.3207852714900785,1.516850829124451,0.3314233124256134,0.414323861178821,1.1628658771514893,0.3314233124256134,0.5299909986835808,0.9880560040473938
Gm17655,0.0252580512315034,0.0504772327840328,1.0171959400177002,0.4346255923838018,1.3204295635223389,1.0171959400177002,0.0468325853893849,2.3671016693115234,1.0171959400177002,0.0929431681405979,2.1166346073150635
Gm35315,0.0126350792124867,0.0054502477869391,-1.2182313203811646,0.9888502385877284,0.0681126564741134,-1.2182313203811646,0.2381068354607706,-1.5473493337631226,-1.2182313203811646,0.4384912084774317,-1.1843349933624268
Plcxd1,0.0022044593933969,0.0,-21.073585510253903,0.9888502385877284,0.0342056974768638,-21.073585510253903,0.2942789202292576,-1.4145324230194092,-21.073585510253903,0.5299909986835808,-0.9913145899772644
Gtpbp6,0.0927655547857284,0.1171719655394554,0.3548796772956848,0.2987000428867287,1.5597200393676758,0.3548796772956848,0.2865429688847769,1.4357179403305054,0.3548796772956848,0.4119622122736586,1.2377727031707764
Zfp605,0.0518467985093593,0.027416868135333,-0.9369300603866576,0.9888502385877284,-0.0690088719129562,-0.9369300603866576,0.0404799304203971,-2.424867868423462,-0.9369300603866576,0.1407809205952615,-1.9090393781661987
Chfr,0.2214241921901703,0.3934939503669739,0.9600003361701964,4.477032970789972e-09,6.241045951843262,0.9600003361701964,3.889219728443886e-09,6.291948795318604,0.9600003361701964,4.146606309909389e-07,5.487865924835205
Golga3,0.1247386485338211,0.1573424339294433,0.3590706586837768,0.0426686348561054,2.502542495727539,0.3590706586837768,0.1828893071448054,1.7019381523132324,0.3590706586837768,0.3092665512153867,1.4463274478912354
Ankle2,0.1083877310156822,0.1374568045139312,0.3641753494739532,0.0792258449186259,2.240697145462036,0.3641753494739532,0.2052859028631712,1.633933663368225,0.3641753494739532,0.3316073338467604,1.3927229642868042
Pgam5,0.0886172503232956,0.1352507621049881,0.6442435383796692,0.0184437336526298,2.8190572261810303,0.6442435383796692,0.0178289205457582,2.7474610805511475,0.6442435383796692,0.0522279897006012,2.3770763874053955
Pxmp2,0.0090621728450059,0.0636368468403816,2.851539134979248,0.0249419412867317,2.707552671432495,2.851539134979248,1.4975485734224884e-06,5.21978759765625,2.851539134979248,5.521414867047346e-06,4.982484817504883
Pole,0.0168951656669378,0.1066609770059585,2.723769187927246,9.293526972782576e-05,4.323062419891357,2.723769187927246,2.708109415111719e-10,6.773106098175049,2.723769187927246,2.7654046416857407e-09,6.406944274902344
Fbrsl1,0.0843345895409584,0.1301847547292709,0.6600291132926941,0.0407867756303867,2.5197200775146484,0.6600291132926941,0.0260280527511518,2.60482120513916,0.6600291132926941,0.0663544057718058,2.272833824157715
Galnt9,0.001625224482268,0.0,-20.633380889892575,0.9888502385877284,0.0673658028244972,-20.633380889892575,0.4679991859106411,-1.0,-20.633380889892575,0.6832027011037286,-0.7008072733879089
Noc4l,0.0981420800089836,0.1220163404941558,0.3316684067249298,0.0651845759726187,2.3271822929382324,0.3316684067249298,0.281301170610788,1.447757363319397,0.3316684067249298,0.4166463828850375,1.2285720109939575
Ddx51,0.0395431853830814,0.0343195013701915,-0.2081917971372604,0.9269631251364516,0.6635009050369263,-0.2081917971372604,0.7761099522650375,-0.5354097485542297,-0.2081917971372604,0.8634205131714039,-0.4380713403224945
Ep400,0.4704436361789703,0.4447868764400482,-0.1008217111229896,0.9888502385877284,-0.4690213501453399,-0.1008217111229896,0.5585091354795606,-0.8538536429405212,-0.1008217111229896,0.6832027011037286,-0.7091308832168579
Pus1,0.169835090637207,0.1849955916404724,0.1346154808998108,0.0900201172053027,2.1832644939422607,0.1346154808998108,0.6307909449584962,0.7438257336616516,0.1346154808998108,0.7357368560858307,0.6236734390258789
Ulk1,0.0448729284107685,0.0687153041362762,0.6321473121643066,0.2972004900913185,1.5631555318832395,0.6321473121643066,0.1335287870631029,1.878863215446472,0.6321473121643066,0.2340513342035574,1.6236387491226196
Hscb,0.2091981023550033,0.3949812650680542,1.0576647520065308,1.8840164103065942e-10,6.737999439239502,1.0576647520065308,4.614288043532384e-11,7.006653308868408,1.0576647520065308,1.1678560410775743e-08,6.135669708251953
Chek2,0.0244874078780412,0.0344982035458087,0.5017378330230713,0.5025983836955352,1.2146010398864746,0.5017378330230713,0.436526141437015,1.1254867315292358,0.5017378330230713,0.5505384840358436,0.9516319632530212
Ttc28,0.1343570500612259,0.0118336966261267,-3.594557762145996,0.0103261932206278,-3.019287586212158,-3.594557762145996,4.4766626607700436e-18,-9.132612228393556,-3.594557762145996,1.0888142640547292e-09,-6.597505569458008
Pitpnb,0.1809975206851959,0.243894949555397,0.4772660434246063,0.0025296929102768,3.457837581634521,0.4772660434246063,0.0158591289446353,2.790945529937744,0.4772660434246063,0.0518540550476216,2.380143642425537
Mn1,0.002680811099708,0.0,-21.356172561645508,0.9888502385877284,0.0342056974768638,-21.356172561645508,0.2995565247926152,-1.39482843875885,-21.356172561645508,0.535050500324003,-0.97750586271286
Cryba4,0.0,0.0153676932677626,23.884496688842773,0.838242944553846,0.7734370827674866,23.884496688842773,0.0068522207636489,3.09067177772522,23.884496688842773,0.0080120740442354,3.09067177772522
Crybb1,0.0010784658370539,0.0138990357518196,3.697190761566162,0.9209702505299352,0.6723137497901917,3.697190761566162,0.0227912599743989,2.6606767177581787,3.697190761566162,0.0312335981397802,2.594205141067505
Tpst2,0.504545271396637,0.7851074934005737,0.861883282661438,2.0597791831254007e-12,7.388281345367432,0.861883282661438,4.523434492813389e-16,8.59203052520752,0.861883282661438,7.478996552791898e-12,7.312628269195557
Tfip11,0.0558209381997585,0.0989504158496856,0.8574118614196777,0.0177831650801712,2.8323512077331543,0.8574118614196777,0.007414912888216,3.056258201599121,0.8574118614196777,0.0261212530759851,2.660330295562744
Srrd,0.0492861084640026,0.1081157550215721,1.1763168573379517,0.0032174420165421,3.3865134716033936,1.1763168573379517,0.0002317460771852,4.059985637664795,1.1763168573379517,0.0016378358644114,3.574745416641236
Hps4,0.0514740161597728,0.0640505328774452,0.3245258033275604,0.5433426629434422,1.1559733152389526,0.3245258033275604,0.468266849972497,0.9987744092941284,0.3245258033275604,0.6121060791367876,0.8560575842857361
Asphd2,0.0010003033094108,0.0,-19.932729721069336,0.9888502385877284,0.0673658028244972,-19.932729721069336,0.4679991859106411,-1.0,-19.932729721069336,0.6832027011037286,-0.7008072733879089
Myo18b,0.0011686703655868,0.0,-20.15728187561035,0.9888502385877284,0.0673658028244972,-20.15728187561035,0.4679991859106411,-1.0,-20.15728187561035,0.6832027011037286,-0.7008072733879089
Grk3,0.0003030791413038,0.0,-18.20955848693848,0.9888502385877284,0.0673658028244972,-18.20955848693848,0.4679991859106411,-1.0,-18.20955848693848,0.6832027011037286,-0.7008072733879089
2900026A02Rik,0.0035303859040141,0.0053019034676253,0.5879631638526917,0.9888502385877284,0.3035942316055298,0.5879631638526917,0.7507247370921435,0.5726909637451172,0.5879631638526917,0.8309959418723979,0.4859876036643982
Wscd2,0.014615380205214,0.0281682927161455,0.9563959240913392,0.733569593335077,0.8987584114074707,0.9563959240913392,0.1792149977702011,1.714665174484253,0.9563959240913392,0.2844374908604827,1.5012781620025637
Cmklr1,0.0014735431177541,0.0283804349601268,4.286992073059082,0.552139031561047,1.1428288221359253,4.286992073059082,0.0009070007730466,3.706509113311768,4.286992073059082,0.0014031857089128,3.629837989807129
Ficd,0.0161957927048206,0.0363021828234195,1.179004192352295,0.5591772170742006,1.1325222253799438,1.179004192352295,0.0721568441911723,2.176412582397461,1.179004192352295,0.1314801832533955,1.943756937980652
Sart3,0.1009685173630714,0.1397139430046081,0.4970799684524536,0.0180022832099451,2.828094244003296,0.4970799684524536,0.0714631847196855,2.180294990539551,0.4970799684524536,0.1541727255469316,1.8618847131729128
Iscu,0.3095696568489074,0.3666164875030517,0.2874724268913269,0.0298096179523474,2.64078426361084,0.2874724268913269,0.0755502094263201,2.154635190963745,0.2874724268913269,0.1694462076838284,1.8116987943649288
Selplg,1.4372566938400269,1.7663494348526,0.5956409573554993,5.984841806596694e-16,8.42961311340332,0.5956409573554993,2.667071507704217e-19,9.472249031066896,0.5956409573554993,1.556988358507313e-13,7.869827270507812
Coro1c,0.1241752654314041,0.2334910482168197,0.9921929836273192,6.744969305687072e-06,4.90201997756958,0.9921929836273192,2.187120495264085e-06,5.119803428649902,0.9921929836273192,4.812736094810098e-05,4.4896016120910645
Ssh1,0.0641951560974121,0.2016162276268005,1.7523987293243408,1.6605981726427925e-07,5.6212358474731445,1.7523987293243408,2.992416138251787e-11,7.098748683929443,1.7523987293243408,1.6263368391868715e-09,6.477960109710693
Dao,0.0,0.0013668003957718,20.383358001708984,0.9888502385877284,0.1678170263767242,20.383358001708984,0.4679991859106411,1.0,20.383358001708984,0.5282133287683867,1.0
Usp30,0.032700702548027,0.0574679188430309,0.8314350843429565,0.311365188876721,1.534850001335144,0.8314350843429565,0.084189999376642,2.105583906173706,0.8314350843429565,0.1602851951103755,1.8407882452011108
Alkbh2,0.0491086393594741,0.0580754280090332,0.2484770566225052,0.5404157707760313,1.1601556539535522,0.2484770566225052,0.6319182127714005,0.7417694330215454,0.2484770566225052,0.7332628343781201,0.6274816989898682
Ung,0.0794837474822998,0.172135055065155,1.1830434799194336,0.000956280564045,3.7330515384674072,1.1830434799194336,1.788634086059772e-05,4.674043655395508,1.1830434799194336,0.0001512701323995,4.213926792144775
Acacb,0.0013776903506368,0.0018977961735799,0.4624483287334442,0.9888502385877284,0.1345822364091873,0.4624483287334442,0.9959016226159528,0.2217806726694107,0.4624483287334442,1.0,0.1903446018695831
Myo1h,0.0041991905309259,0.0033048121258616,-0.3461883962154388,0.9888502385877284,0.1018702387809753,-0.3461883962154388,0.951714568252562,-0.2849887311458587,-0.3461883962154388,0.9972409430896564,-0.2356326580047607
Kctd10,0.1251565366983413,0.2238378226757049,0.9119726419448853,0.000110789756234,4.281388282775879,0.9119726419448853,2.2640917879559783e-05,4.616032600402832,0.9119726419448853,0.00028925973358,4.049271106719971
Ube3b,0.0942437797784805,0.0905965268611908,-0.0596128702163696,0.6338556214689895,1.0318470001220703,-0.0596128702163696,0.9859390296305772,-0.2361198663711547,-0.0596128702163696,1.0,-0.1957475394010543
Mmab,0.0171799454838037,0.0170321371406316,-0.0125729497522115,0.9888502385877284,0.4670795500278473,-0.0125729497522115,1.0,-0.0211575888097286,-0.0125729497522115,1.0,-0.0177796147763729
Mvk,0.0582569539546966,0.0459499396383762,-0.3513219058513641,0.9888502385877284,0.3737233877182007,-0.3513219058513641,0.4679991859106411,-1.0318931341171265,-0.3513219058513641,0.6185293494948748,-0.8460676074028015
Fam222a,0.0047958414070308,0.0,-22.196813583374023,0.9888502385877284,-0.0321145206689834,-22.196813583374023,0.1059727038639239,-1.9953129291534424,-22.196813583374023,0.3301393343175807,-1.398329734802246
Trpv4,0.0,0.0008389085996896,19.678760528564453,0.9888502385877284,0.1678170263767242,19.678760528564453,0.4679991859106411,1.0,19.678760528564453,0.5282133287683867,1.0
Gltp,0.529486358165741,0.5989460349082947,0.2326237112283706,0.2959931516501367,1.5660682916641235,0.2326237112283706,0.0753176187788048,2.1560559272766118,0.2326237112283706,0.1670191529536009,1.8193551301956177
Tchp,0.0544923432171344,0.0397396013140678,-0.466201514005661,0.9888502385877284,0.1924630552530288,-0.466201514005661,0.3453329089386369,-1.2950873374938965,-0.466201514005661,0.5168941810979674,-1.0541739463806152
Git2,0.6844330430030823,0.4996491372585296,-0.6003617644309998,6.875927802952525e-05,-4.393341064453125,-0.6003617644309998,4.405551340749578e-07,-5.42501163482666,-0.6003617644309998,5.352070963339474e-05,-4.466166019439697
Ankrd13a,0.2261334210634231,0.2999481856822967,0.4631165862083435,0.0006588101189825,3.834473609924317,0.4631165862083435,0.0096978672571925,2.964684009552002,0.4631165862083435,0.0373075440504913,2.5191545486450195
1500011B03Rik,0.1640887260437011,0.4935912191867828,1.8395239114761357,5.748435849237918e-25,10.629084587097168,1.8395239114761357,7.94259769887781e-30,12.201035499572754,1.8395239114761357,6.929634852316799e-25,10.98581886291504
Oasl2,0.0661706328392028,0.0378141067922115,-0.8278986215591431,0.9888502385877284,-0.4001618325710296,-0.8278986215591431,0.0588143537826228,-2.266754150390625,-0.8278986215591431,0.1633041323856546,-1.831764817237854
Oasl1,0.0457306466996669,0.0697957947850227,0.6275053024291992,0.3065502243048619,1.5444096326828003,0.6275053024291992,0.1499179438888833,1.8171820640563965,0.6275053024291992,0.2522661797850355,1.5788044929504397
2210016L21Rik,0.2521331310272217,0.2763658761978149,0.1506428718566894,0.1377100555202752,1.9820632934570312,0.1506428718566894,0.4939474266462003,0.956701159477234,0.1506428718566894,0.6439917418792398,0.8080888986587524
Sppl3,0.1825596839189529,0.3160985708236694,0.8923324942588806,1.2071351057523957e-06,5.248333930969238,0.8923324942588806,6.888809657416654e-07,5.352343559265137,0.8923324942588806,1.896984393508724e-05,4.700912952423096
Gm10401,0.0,0.0045381658710539,22.116952896118164,0.9888502385877284,0.3023992776870727,22.116952896118164,0.2014502980786502,1.6468394994735718,22.116952896118164,0.2255469249947826,1.6468394994735718
Acads,0.1300169378519058,0.3000775575637817,1.3337013721466064,2.0093339457148206e-11,7.067061424255371,1.3337013721466064,1.7265329286872505e-12,7.5029520988464355,1.3337013721466064,6.281938636456317e-10,6.627594947814941
Unc119b,0.0695903524756431,0.3604159355163574,2.589998960494995,7.581837111204175e-22,9.92458152770996,2.589998960494995,1.2930667801253943e-28,12.050960540771484,2.589998960494995,6.516248913859941e-26,11.320512771606444
Mlec,0.2190646380186081,0.3046033978462219,0.5399680137634277,0.0002785572577758,4.054644584655762,0.5399680137634277,0.002335731927025,3.420210599899292,0.5399680137634277,0.0125147493498724,2.9310264587402344
Cabp1,0.001186377950944,0.0066545428708195,2.491721868515014,0.9888502385877284,0.4034479856491089,2.491721868515014,0.1976097381603531,1.6571372747421265,2.491721868515014,0.2612900647746166,1.5561975240707395
Pop5,0.5249698162078857,0.6655907034873962,0.4538416564464569,0.0010532732330077,3.707061052322388,0.4538416564464569,6.77538086092127e-05,4.356930255889893,0.4538416564464569,0.0011900604863589,3.66728138923645
Rnf10,0.3152467906475067,0.4279471039772033,0.5272699594497681,0.0002721831238663,4.060320854187012,0.5272699594497681,0.000410555336856,3.907954454421997,0.5272699594497681,0.0035220673470539,3.3460047245025635
Coq5,0.1429400891065597,0.1051268428564071,-0.4711197912693023,0.9888502385877284,0.1618422418832779,-0.4711197912693023,0.0720864253309394,-2.175289392471313,-0.4711197912693023,0.1832382533198769,-1.769264817237854
Dynll1,0.986225128173828,1.5219769477844238,1.091071605682373,1.3684157618648878e-37,13.09622573852539,1.091071605682373,1.3418381367948949e-42,14.618969917297363,1.091071605682373,3.2216671592611615e-30,12.214028358459473
Srsf9,0.3797063529491424,0.602632999420166,0.8403117656707764,6.896352384380374e-10,6.537096977233887,0.8403117656707764,4.770018880190556e-12,7.334626197814941,0.8403117656707764,4.9551402342779506e-09,6.282717704772949
Gatc,0.0260822903364896,0.0453765057027339,0.8128753304481506,0.4178625612556175,1.3468680381774902,0.8128753304481506,0.1287539268156735,1.897976279258728,0.8128753304481506,0.2210254310306373,1.6578096151351929
Triap1,0.1293864846229553,0.2168392390012741,0.8098418712615967,2.8783709926619832e-05,4.592600345611572,0.8098418712615967,8.954399832732147e-05,4.294778347015381,0.8098418712615967,0.0009897391374751,3.719066619873047
Cox6a1,0.9327494502067566,1.2258111238479614,0.6428701877593994,4.903140044496517e-10,6.591243743896484,0.6428701877593994,1.3782031898308177e-15,8.430731773376465,0.6428701877593994,6.165103312306744e-11,6.997809886932373
Pla2g1b,0.0,0.0,0.0,0.9888502385877284,0.1005259156227111,0.0,1.0,0.0,0.0,1.0,0.0
Sirt4,0.0193469244986772,0.0240866839885711,0.3195629417896271,0.953626059590311,0.6281002163887024,0.3195629417896271,0.7265781259119662,0.6052607893943787,0.3195629417896271,0.8125901338557245,0.5121148228645325
Pxn,0.0961014553904533,0.1576850861310959,0.759778618812561,0.0040897734622635,3.312948703765869,0.759778618812561,0.0026836008642744,3.3797285556793213,0.759778618812561,0.0122338855682454,2.938840389251709
Rplp0,4.142095565795898,3.991137981414795,-0.221587136387825,8.473023523887814e-30,-11.634567260742188,-0.221587136387825,2.533583513146526e-23,-10.512219429016112,-0.221587136387825,9.94795051733622e-17,-8.832817077636719
Gcn1,0.2601349949836731,0.1849872469902038,-0.5480512976646423,0.7420729489503746,-0.8890493512153625,-0.5480512976646423,0.0034987515042502,-3.294837474822998,-0.5480512976646423,0.0241649070984228,-2.6916098594665527
Rab35,0.2223940789699554,0.3088665008544922,0.5389998555183411,0.0003846505609814,3.973163366317749,0.5389998555183411,0.001961310958036,3.4714481830596924,0.5389998555183411,0.011168101367284,2.9691336154937744
Bicdl1,0.1472929269075393,0.0646981596946716,-1.247523069381714,0.278130672721956,-1.602589130401611,-1.247523069381714,4.235385468063771e-06,-4.967676162719727,-1.247523069381714,0.0004630371409505,-3.930229425430298
Cit,0.0135269407182931,0.0884677171707153,2.763833284378052,0.0006804163141148,3.825810194015503,2.763833284378052,3.5603101060847006e-09,6.345733165740967,2.763833284378052,2.6748975769384797e-08,6.013256072998047
Prkab1,0.1075631454586982,0.1114754676818847,0.0544161014258861,0.2960666784836338,1.5657695531845093,0.0544161014258861,0.9881382778787536,0.2329069823026657,0.0544161014258861,1.0,0.1947477906942367
Suds3,0.309326022863388,0.3552985191345215,0.2348990142345428,0.075741493586346,2.261384963989258,0.2348990142345428,0.1772021087176986,1.7216320037841797,0.2348990142345428,0.3081353630537152,1.4492706060409546
Taok3,0.3937770128250122,0.62176114320755,0.8372925519943237,3.0052122656374063e-10,6.666749954223633,0.8372925519943237,2.044596171005943e-11,7.120096683502197,0.8372925519943237,1.3716319245205488e-08,6.107450485229492
Pebp1,0.7266440987586975,0.6992381811141968,-0.0775633826851844,0.3164818452112946,-1.5250662565231323,-0.0775633826851844,0.5844221514550747,-0.8139491677284241,-0.0775633826851844,0.6994315133849915,-0.6772747039794922
Vsig10,0.0013725504977628,0.0232768487185239,4.099796772003174,0.4824593796254147,1.2452964782714844,4.099796772003174,0.0009634768817349,3.6898348331451416,4.099796772003174,0.0014310600838646,3.6246206760406494
Wsb2,0.116851307451725,0.1614562720060348,0.4993911981582641,0.0244932147307744,2.714498281478882,0.4993911981582641,0.0511345000421744,2.328535795211792,0.4993911981582641,0.1179786954953383,2.0013370513916016
Rfc5,0.0849697664380073,0.2248669117689132,1.507568597793579,1.0478361252330855e-07,5.703464031219482,1.507568597793579,1.7671671105029026e-10,6.813293933868408,1.507568597793579,1.1225885535460732e-08,6.146865367889404
Ksr2,0.0121536757797002,0.0,-23.543664932250977,0.9888502385877284,-0.2642352879047394,-23.543664932250977,0.0031564439640939,-3.3292694091796875,-23.543664932250977,0.0584319688952841,-2.3331761360168457
Nos1,0.0011002594837918,0.0015194512670859,0.4660087525844574,0.9888502385877284,0.1345822364091873,0.4660087525844574,0.9950002864032552,0.2234521210193634,0.4660087525844574,1.0,0.1918624341487884
Fbxo21,0.0843087434768676,0.0566020011901855,-0.5950502157211304,0.9888502385877284,-0.0439147390425205,-0.5950502157211304,0.1005424940161507,-2.0214684009552,-0.5950502157211304,0.2257339975381043,-1.6447458267211914
Tesc,0.1516035199165344,0.123039111495018,-0.3222624361515045,0.9888502385877284,0.2864167094230652,-0.3222624361515045,0.2543240268096651,-1.507948398590088,-0.3222624361515045,0.4091585649780083,-1.242423176765442
Fbxw8,0.0115069402381777,0.0779354274272918,2.8080501556396484,0.0080368691935051,3.102262496948242,2.8080501556396484,1.1843067135362077e-07,5.717259407043457,2.8080501556396484,5.632434177470861e-07,5.447423934936523
Rnft2,0.0,0.0,0.0,0.9888502385877284,0.1005259156227111,0.0,1.0,0.0,0.0,1.0,0.0
2410131K14Rik,0.0388285517692565,0.0394028313457965,0.0215982794761657,0.9888502385877284,0.5641699433326721,0.0215982794761657,1.0,0.0563208796083927,0.0215982794761657,1.0,0.0473011061549186
Med13l,0.2719181180000305,0.2928197383880615,0.1226266846060752,0.179738468770653,1.846136689186096,0.1226266846060752,0.598213237634612,0.7925595045089722,0.1226266846060752,0.7053774650137452,0.6682363152503967
Rbm19,0.0875386819243431,0.0887374952435493,0.0205007903277874,0.5501511195394051,1.1456668376922607,0.0205007903277874,1.0,0.0773682743310928,0.0205007903277874,1.0,0.0650566965341568
Lhx5,0.0,0.0,0.0,0.9888502385877284,0.1005259156227111,0.0,1.0,0.0,0.0,1.0,0.0
Sdsl,0.0009027667110785,0.0,-19.78464698791504,0.9888502385877284,0.0673658028244972,-19.78464698791504,0.4679991859106411,-1.0,-19.78464698791504,0.6832027011037286,-0.7008072733879089
Plbd2,0.0596669279038906,0.115418292582035,0.9926711916923524,0.0120813477705742,2.967381477355957,0.9926711916923524,0.0012244839437199,3.610274076461792,0.9926711916923524,0.0058218639614188,3.186659574508667
Slc8b1,0.0113774491474032,0.0703352689743042,2.6708898544311523,0.0684695980159708,2.30597186088562,2.6708898544311523,5.098409376288005e-06,4.963173389434815,2.6708898544311523,1.660892182075461e-05,4.743915557861328
Tpcn1,0.1556578576564788,0.0450329817831516,-1.8704577684402464,0.0284239349541948,-2.6586339473724365,-1.8704577684402464,3.2508835209365726e-11,-7.018619537353516,-1.8704577684402464,6.878834824851662e-07,-5.406169414520264
Iqcd,0.0010342190507799,0.0016166284913197,0.6448661684989929,0.9888502385877284,0.1345822364091873,0.6448661684989929,0.938959312992376,0.3034742772579193,0.6448661684989929,0.9773746370452264,0.266072541475296
Rita1,0.0195574685931205,0.0085081877186894,-1.208784818649292,0.9888502385877284,-0.1324910670518875,-1.208784818649292,0.1511196980290106,-1.812347769737244,-1.208784818649292,0.3205221874038969,-1.4234113693237305
Ddx54,0.3716729283332824,0.523009181022644,0.6100798845291138,5.390956989522402e-05,4.450997829437256,0.6100798845291138,3.599996146501926e-06,5.011396884918213,0.6100798845291138,0.0001124749996478,4.285481929779053
Rasal1,0.0215597357600927,0.0122289918363094,-0.8247838020324707,0.9888502385877284,0.0636315569281578,-0.8247838020324707,0.2823825669391637,-1.4449602365493774,-0.8247838020324707,0.463345590541281,-1.142825722694397
Dtx1,0.4758979380130768,0.2143469899892807,-1.350200891494751,2.4121994674577387e-08,-5.9596333503723145,-1.350200891494751,2.1662564379904163e-18,-9.200122833251951,-1.350200891494751,5.901262083122923e-12,-7.365410804748535
Oas2,0.0247326474636793,0.008286147378385,-1.5895394086837769,0.9888502385877284,-0.3004574775695801,-1.5895394086837769,0.0292462041316032,-2.556694507598877,-1.5895394086837769,0.1264209906761323,-1.9662625789642332
Oas3,0.0985094904899597,0.1974296122789383,1.0761187076568604,0.0002601290534436,4.071598052978516,1.0761187076568604,9.983035733972727e-06,4.800829887390137,1.0761187076568604,0.0001205227912399,4.269387245178223
Oas1e,0.0,0.0,0.0,0.9888502385877284,0.1005259156227111,0.0,1.0,0.0,0.0,1.0,0.0
Oas1c,0.0521108508110046,0.0755246803164482,0.552433431148529,0.2591568530305006,1.644860863685608,0.552433431148529,0.1655585786282961,1.764744520187378,0.552433431148529,0.2724499744977538,1.5283927917480469
Oas1g,0.0010404802160337,0.0,-19.98957061767578,0.9888502385877284,0.0673658028244972,-19.98957061767578,0.4679991859106411,-1.0,-19.98957061767578,0.6832027011037286,-0.7008072733879089
Oas1a,0.02649468742311,0.1709070205688476,2.795321226119995,2.600893424692144e-07,5.539978504180908,2.795321226119995,2.865543567368317e-14,8.156188011169434,2.795321226119995,3.8807577109073234e-13,7.792023181915283
Oas1d,0.0011891761096194,0.0,-20.18239021301269,0.9888502385877284,0.0673658028244972,-20.18239021301269,0.4679991859106411,-1.0,-20.18239021301269,0.6832027011037286,-0.7008072733879089
Ptpn11,0.1395398080348968,0.368735671043396,1.5742336511611938,5.034718379524823e-14,7.878512859344482,1.5742336511611938,2.713411577956919e-16,8.71721076965332,1.5742336511611938,1.6823864583130256e-13,7.862105846405029
Rpl6,3.554050922393799,3.15433931350708,-0.5976934432983398,4.625935111472179e-95,-20.91334724426269,-0.5976934432983398,1.071836994069274e-98,-24.328296661376957,-0.5976934432983398,2.14610715879871e-77,-20.94536590576172
Hectd4,0.0969865620136261,0.0939541831612587,-0.0480498969554901,0.6894389000681108,0.9585063457489014,-0.0480498969554901,1.0,-0.1907480359077453,-0.0480498969554901,1.0,-0.1598621010780334
Trafd1,0.1274895370006561,0.3202658295631408,1.473133206367493,3.5433778623802236e-11,6.985206604003906,1.473133206367493,1.0001121605212235e-13,7.922014236450195,1.473133206367493,2.6952803751248502e-11,7.125674724578857
Naa25,0.1224858835339546,0.0682992860674858,-0.8823818564414978,0.7480348089756584,-0.8823277354240417,-0.8823818564414978,0.0016806838865436,-3.5135743618011475,-0.8823818564414978,0.0167120493924274,-2.8282220363616943
Erp29,0.4942432641983032,0.7734154462814331,0.8685279488563538,1.3080813158939305e-12,7.449821472167969,0.8685279488563538,2.8847265178339205e-16,8.645108222961426,0.8685279488563538,7.179892168763124e-12,7.319459915161133
Tmem116,0.0047134486958384,0.0031728071626275,-0.5721350312232971,0.9888502385877284,0.1018702387809753,-0.5721350312232971,0.8208967259668767,-0.4717875719070434,-0.5721350312232971,0.903357692613988,-0.3797484338283539
Adam1b,0.0,0.0,0.0,0.9888502385877284,0.1005259156227111,0.0,1.0,0.0,0.0,1.0,0.0
Adam1a,0.0,0.0013372696703299,20.351825714111328,0.9888502385877284,0.1678170263767242,20.351825714111328,0.4679991859106411,1.0,20.351825714111328,0.5282133287683867,1.0
Mapkapk5,0.0119503438472747,0.0205849073827266,0.7907800674438477,0.9736629817356126,0.6033048629760742,0.7907800674438477,0.3733471809919667,1.2390261888504028,0.7907800674438477,0.4915535667217884,1.0956528186798096
Aldh2,0.0073016993701457,0.003601391101256,-1.02234947681427,0.9888502385877284,0.102094292640686,-1.02234947681427,0.4707640759923304,-0.994303584098816,-1.02234947681427,0.6717378926857128,-0.7683261632919312
Acad12,0.0132465595379471,0.0008045358699746,-4.0503010749816895,0.9888502385877284,-0.2310004830360412,-4.0503010749816895,0.004925621535188,-3.1896111965179443,-4.0503010749816895,0.0686065647453052,-2.259896039962769
Acad10,0.0147028435021638,0.0014636729611083,-3.3379921913146973,0.9888502385877284,-0.2642352879047394,-3.3379921913146973,0.0075141457426299,-3.049581289291382,-3.3379921913146973,0.0779098277878744,-2.2017970085144043
Brap,0.1882925331592559,0.1971136033535003,0.0726190507411956,0.2712268798695563,1.6184223890304563,0.0726190507411956,0.8736899250789648,0.3971652686595917,0.0726190507411956,0.9338513545424564,0.3333545625209808
Atxn2,0.1659913063049316,0.0568871535360813,-1.625096082687378,0.0630630687846283,-2.341073751449585,-1.625096082687378,3.5497971569742826e-10,-6.650641441345215,-1.625096082687378,2.50401750010603e-06,-5.145009517669678
Sh2b3,0.0825101286172866,0.0175439640879631,-2.2808501720428467,0.2733977912819473,-1.6136425733566284,-2.2808501720428467,9.66400349331841e-08,-5.704182147979736,-2.2808501720428467,0.0001124075746751,-4.297084808349609
Pheta1,0.0176437031477689,0.0032982553821057,-2.429744005203247,0.9888502385877284,-0.2645340263843536,-2.429744005203247,0.0151200310179145,-2.806586265563965,-2.429744005203247,0.1007940738389041,-2.079901695251465
Cux2,0.0025913065765053,0.0,-21.30711936950684,0.9888502385877284,0.0342056974768638,-21.30711936950684,0.2945192984251671,-1.4092891216278076,-21.30711936950684,0.530209076476308,-0.9876400232315063
Ccdc63,0.0021248962730169,0.0161052197217941,2.9321634769439697,0.7279097083062606,0.9070484638214112,2.9321634769439697,0.0113832014333214,2.9146616458892822,2.9321634769439697,0.0193392076368153,2.7769930362701416
Ppp1cc,0.6727882027626038,0.9519248008728028,0.7290080189704895,9.065383493209319e-11,6.847039699554443,0.7290080189704895,3.81566878730634e-14,8.004680633544922,0.7290080189704895,2.8805690314971257e-10,6.753499031066895
Hvcn1,0.3221072256565094,0.2550164461135864,-0.3876706659793854,0.7815762896892569,-0.8431181311607361,-0.3876706659793854,0.0239821849381234,-2.634563684463501,-0.3876706659793854,0.0827977044326243,-2.1704108715057373
Tctn1,0.0105188777670264,0.0019725214224308,-2.421038627624512,0.9888502385877284,-0.1312960982322693,-2.421038627624512,0.0834733482531161,-2.108398914337158,-2.421038627624512,0.2538720092464782,-1.5755561590194702
Pptc7,0.1799738705158233,0.1413148641586303,-0.3775069415569305,0.9888502385877284,-0.1519838273525238,-0.3775069415569305,0.120308840324228,-1.9317158460617063,-0.3775069415569305,0.2457652131042844,-1.5951695442199707
Rad9b,0.0368480384349823,0.021258171647787,-0.8048704862594604,0.9954074415132595,0.0199408754706382,-0.8048704862594604,0.1602850819132155,-1.7811006307601929,-0.8048704862594604,0.3214949741037637,-1.4208310842514038
Vps29,0.3498085737228393,0.8453034162521362,1.665679097175598,2.0260338320773163e-40,13.587130546569824,1.665679097175598,3.1219047940032415e-51,16.387067794799805,1.665679097175598,1.6789021312473483e-39,14.152624130249023
Fam216a,0.0580073557794094,0.0728094726800918,0.3386843502521515,0.310603222965071,1.536268949508667,0.3386843502521515,0.432415202166713,1.1324540376663208,0.3386843502521515,0.5441461411424208,0.9617690443992616
Gpn3,0.1850016862154007,0.1459228992462158,-0.371298611164093,0.9888502385877284,0.2271915525197982,-0.371298611164093,0.1185849242964543,-1.9389097690582275,-0.371298611164093,0.24788311238613,-1.5899499654769895
Arpc3,1.325591802597046,2.072151660919189,1.328356146812439,3.019274513908706e-92,20.5999698638916,1.328356146812439,7.009167366224859e-112,25.25091361999512,1.328356146812439,4.915572151791948e-71,20.21737098693848
Anapc7,0.1058474406599998,0.1792441755533218,0.8141418099403381,0.0001996899253542,4.138291835784912,0.8141418099403381,0.0005081536956331,3.852584362030029,0.8141418099403381,0.0037353484019394,3.327356338500977
Atp2a2,0.1539587080478668,0.337159514427185,1.2684415578842163,1.285858332036485e-11,7.131813049316406,1.2684415578842163,6.749864379086268e-13,7.634499549865723,1.2684415578842163,3.622749255903979e-10,6.716379165649414
Ift81,0.0077328439801931,0.0014971751952543,-2.3732566833496094,0.9888502385877284,-0.0648265182971954,-2.3732566833496094,0.1297853403526958,-1.893095016479492,-2.3732566833496094,0.3286776283329615,-1.4024624824523926
P2rx7,0.0160697139799594,0.0014189417706802,-3.5120396614074707,0.9888502385877284,-0.2974700629711151,-3.5120396614074707,0.0041603460532389,-3.2419235706329346,-3.5120396614074707,0.0585885449866608,-2.331190586090088
P2rx4,0.1534621119499206,0.0209570582956075,-2.9693453311920166,0.0035894247812045,-3.3538761138916016,-2.9693453311920166,1.684926272961002e-18,-9.231529235839844,-2.9693453311920166,2.8404755610354484e-10,-6.809738636016846
Camkk2,0.1079674959182739,0.0950259268283844,-0.1936972141265869,0.6732958919007332,0.9821068048477172,-0.1936972141265869,0.5926341919916656,-0.8011641502380371,-0.1936972141265869,0.7091727609278862,-0.6627079844474792
Anapc5,0.5194017887115479,0.6147047877311707,0.3182514607906341,0.0117574724050404,2.975895643234253,0.3182514607906341,0.0146266014850953,2.820420026779175,0.3182514607906341,0.0512018853930923,2.385404348373413
Rnf34,0.1431778818368911,0.1693262308835983,0.2613496482372284,0.1043665693325199,2.115823984146118,0.2613496482372284,0.3385794446902602,1.3091329336166382,0.2613496482372284,0.4832040524904208,1.1090320348739624
Kdm2b,0.144670695066452,0.2594025731086731,0.9279665350914,1.6036302370321554e-05,4.721282482147217,0.9279665350914,5.824246896968023e-06,4.915001392364502,0.9279665350914,9.59340785728732e-05,4.324982643127441
Orai1,0.2510871589183807,0.3602477610111236,0.6035489439964294,0.0007610673973086,3.7950398921966553,0.6035489439964294,0.0004117010664668,3.908945322036743,0.6035489439964294,0.002834992593889,3.411496162414551
Morn3,0.002311741001904,0.0023279273882508,0.0100779151543974,0.9888502385877284,0.1684892028570175,0.0100779151543974,1.0,0.006944385357201,0.0100779151543974,1.0,0.005644894670695
Tmem120b,0.0092391623184084,0.0033569934312254,-1.4648394584655762,0.9888502385877284,0.0353259705007076,-1.4648394584655762,0.2384407310903343,-1.546454668045044,-1.4648394584655762,0.4509931259161067,-1.1642059087753296
Rhof,0.2316266596317291,0.4149997234344482,0.9806992411613464,5.254788352785018e-10,6.580265045166016,0.9806992411613464,2.3910144467928766e-10,6.746581077575684,0.9806992411613464,5.08562611977441e-08,5.876651287078857
Setd1b,0.2980595827102661,0.2277111858129501,-0.4413618445396423,0.9888502385877284,-0.5123385787010193,-0.4413618445396423,0.0152652546485978,-2.8034815788269043,-0.4413618445396423,0.0633232078323973,-2.2941133975982666
Psmd9,0.1912776827812194,0.3109561502933502,0.7909813523292542,1.906084805070149e-06,5.158936023712158,0.7909813523292542,5.267032078382244e-06,4.9323906898498535,0.7909813523292542,0.0001339905818663,4.242574691772461
Wdr66,0.00860555190593,0.0054563488811254,-0.6596059799194336,0.9888502385877284,0.0691582411527633,-0.6596059799194336,0.6697882550296911,-0.6857054829597473,-0.6596059799194336,0.7838591024135786,-0.5537421703338623
Bcl7a,0.0920446887612342,0.0487538501620292,-0.948412537574768,0.9888502385877284,-0.3026233315467834,-0.948412537574768,0.0042821724140984,-3.23162579536438,-0.948412537574768,0.0350082536852014,-2.547144889831543
Mlxip,0.1177871525287628,0.2346066832542419,1.0808025598526,2.681039793614596e-05,4.608358860015869,1.0808025598526,1.1447785563862417e-06,5.25446891784668,1.0808025598526,2.222504010110716e-05,4.666749477386475
Diablo,0.2019766271114349,0.2208670824766159,0.143096461892128,0.181902971052063,1.839937925338745,0.143096461892128,0.5667433817904189,0.8412311673164368,0.143096461892128,0.6832027011037286,0.7094636559486389
B3gnt4,0.0,0.0015894471434876,20.601242065429688,0.9888502385877284,0.1678170263767242,20.601242065429688,0.4679991859106411,1.0,20.601242065429688,0.5282133287683867,1.0
Gm49027,0.0,0.0,0.0,0.9888502385877284,0.1005259156227111,0.0,1.0,0.0,0.0,1.0,0.0
Vps33a,0.0672368556261062,0.1096540614962577,0.7366836667060852,0.0242069409811709,2.7190542221069336,0.7366836667060852,0.0176509730581505,2.7514448165893555,0.7366836667060852,0.0512083920168853,2.3852202892303467
Clip1,0.3736516833305359,0.2501475512981415,-0.6726275086402893,0.065968428766539,-2.32210373878479,-0.6726275086402893,1.0900697713529232e-05,-4.767815113067627,-0.6726275086402893,0.0005793627358494,-3.866926670074463
Zcchc8,0.1377249360084533,0.2134230434894561,0.688127875328064,0.0003067396119632,4.030447006225586,0.688127875328064,0.0015417719916424,3.542334079742432,0.688127875328064,0.0087219026800355,3.0534582138061523
Rsrc2,0.7400429844856262,0.706612229347229,-0.0936879068613052,0.4776472768432431,-1.2520928382873535,-0.0936879068613052,0.516098807483789,-0.9204220175743104,-0.0936879068613052,0.6707246836962358,-0.7701829671859741
Kntc1,0.0024320338852703,0.0343234054744243,3.842032194137573,0.258623743641375,1.646205186843872,3.842032194137573,0.0001575655785022,4.172704696655273,3.842032194137573,0.0002831793446291,4.067484378814697
Hcar2,0.0,0.0,0.0,0.9888502385877284,0.1005259156227111,0.0,1.0,0.0,0.0,1.0,0.0
Denr,0.4367619156837463,0.5624642968177795,0.4631083905696869,0.001489743908595,3.6108667850494394,0.4631083905696869,0.0002030139794886,4.089202880859375,0.4631083905696869,0.002481618640144,3.451843738555908
Ccdc62,0.0161220226436853,0.0189222265034914,0.2330749034881591,0.9888502385877284,0.3669270575046539,0.2330749034881591,0.8819733262566137,0.386065810918808,0.2330749034881591,0.9363566673009782,0.3298186659812927
Hip1r,0.063842698931694,0.4078297913074493,2.9332470893859863,5.118907666005199e-30,11.678033828735352,2.9332470893859863,2.523398024328143e-34,13.400510787963867,2.9332470893859863,1.9808035749956105e-31,12.630751609802246
Vps37b,0.4641936719417572,0.658622682094574,0.6580286622047424,1.0866678037542637e-06,5.269096374511719,0.6580286622047424,6.12490662064154e-08,5.803844451904297,0.6580286622047424,5.3761841797091984e-06,4.973057270050049
Abcb9,0.1078258529305458,0.2595806717872619,1.3802971839904783,2.412782460636892e-09,6.3406758308410645,1.3802971839904783,2.1358419980258475e-11,7.135099411010742,1.3802971839904783,3.253414037084092e-09,6.355803489685059
Ogfod2,0.0654873549938201,0.0702328160405159,0.1043907403945922,0.6551149503164208,1.0036907196044922,0.1043907403945922,0.9133708380599456,0.3392289876937866,0.1043907403945922,0.9635827821810556,0.2872916162014007
Arl6ip4,0.3027443885803222,0.5261913537979126,0.96977037191391,4.4033406615774965e-11,6.953913688659668,0.96977037191391,9.19190843119958e-13,7.57899808883667,0.96977037191391,9.846908394693083e-10,6.552140235900879
Pitpnm2,0.106979064643383,0.2690631151199341,1.451196551322937,2.401694245772876e-09,6.341497421264648,1.451196551322937,1.2491821366305111e-11,7.223745346069336,1.451196551322937,1.3300711952724354e-09,6.507096290588379
Mphosph9,0.1202556416392326,0.0942873954772949,-0.3700347542762756,0.9888502385877284,0.3661055266857147,-0.3700347542762756,0.2248671731061435,-1.5819226503372192,-0.3700347542762756,0.3796149748197306,-1.2957388162612915
2810006K23Rik,0.0720333755016326,0.0617008693516254,-0.2309110313653946,0.923994650453804,0.6675338745117188,-0.2309110313653946,0.6034299340630679,-0.7848452925682068,-0.2309110313653946,0.7219997799460258,-0.6438909769058228
Cdk2ap1,0.1624142825603485,0.3736768662929535,1.3613051176071167,7.611264724783446e-13,7.522714138031006,1.3613051176071167,5.190444940798751e-15,8.312603950500488,1.3613051176071167,4.882268146788501e-12,7.377891540527344
Sbno1,0.6422567963600159,0.6730533838272095,0.0922037065029144,0.9888502385877284,0.5177159309387207,0.0922037065029144,0.5288662077495343,0.899227499961853,0.0922037065029144,0.6831635155341481,0.7515057325363159
Kmt5a,0.218939259648323,0.3814387321472168,0.9239943027496338,1.0773702540593012e-08,6.095783710479736,0.9239943027496338,1.4212208310951296e-08,6.068550109863281,0.9239943027496338,1.193381318303798e-06,5.281673908233643
Rilpl2,0.1866525411605835,1.0741205215454102,3.231506824493408,7.76257185610495e-96,20.999086380004883,3.231506824493408,1.2881926118289832e-103,26.57685661315918,3.231506824493408,1.0196569185926737e-95,24.383115768432617
Snrnp35,0.0134425545111298,0.0510000698268413,1.950929284095764,0.1420544293840847,1.9663047790527344,1.950929284095764,0.0005444446179521,3.8415699005126953,1.950929284095764,0.0017593355691137,3.5565168857574463
Rilpl1,0.0,0.0050757462158799,22.278852462768555,0.9888502385877284,0.3023992776870727,22.278852462768555,0.1750730072300931,1.7343610525131226,22.278852462768555,0.1952850333705609,1.7343610525131226
Tmed2,0.852341890335083,1.2008577585220337,0.7882196307182312,2.194311103710665e-17,8.817228317260742,0.7882196307182312,9.226556155562472e-22,10.112262725830078,0.7882196307182312,2.580706909910341e-15,8.419977188110352
Ddx55,0.1856799125671386,0.1503792256116867,-0.3303894698619842,0.9888502385877284,0.1383164823055267,-0.3303894698619842,0.192728986224997,-1.6710476875305176,-0.3303894698619842,0.3341307688120393,-1.3867675065994265
Eif2b1,0.0885468274354934,0.1834464222192764,1.1208525896072388,6.530362569721165e-06,4.909040451049805,1.1208525896072388,2.266641306465488e-06,5.113273620605469,1.1208525896072388,4.5437213281205535e-05,4.503252506256104
Gtf2h3,0.0679339319467544,0.1245293468236923,0.9157612919807434,0.007249916663137,3.1352732181549072,0.9157612919807434,0.0018736570676865,3.487571954727173,0.9157612919807434,0.0082204204002048,3.072750329971313
Tctn2,0.0049122725613415,0.0005095215165056,-3.272350549697876,0.9888502385877284,0.0348778627812862,-3.272350549697876,0.1729358961729159,-1.74008047580719,-3.272350549697876,0.4151961561115965,-1.2322415113449097
Atp6v0a2,0.2425893694162368,0.2919258773326874,0.304257869720459,0.0237008714987448,2.726970672607422,0.304257869720459,0.1193194139897156,1.936102509498596,0.304257869720459,0.2246347861017203,1.647849440574646
Dnah10,0.0,0.0,0.0,0.9888502385877284,0.1005259156227111,0.0,1.0,0.0,0.0,1.0,0.0
Ccdc92,0.0358287431299686,0.1092605665326118,1.6621935367584229,0.0018270252566764,3.552687406539917,1.6621935367584229,2.638698497009477e-06,5.090589046478272,1.6621935367584229,2.392279444922709e-05,4.653326988220215
Zfp664,0.1095004975795745,0.1086952462792396,-0.0112400641664862,0.5006326994690953,1.2177377939224243,-0.0112400641664862,1.0,-0.0475402995944023,-0.0112400641664862,1.0,-0.0397024229168891
Rflna,0.0034688671585172,0.0,-21.72853660583496,0.9994412017932364,0.0010455889860168,-21.72853660583496,0.175399915118669,-1.7293246984481812,-21.72853660583496,0.4251387973546216,-1.211923360824585
Ncor2,0.1449969857931137,0.1462862193584442,0.013723561540246,0.4781154241205023,1.251345992088318,0.013723561540246,1.0,0.0662366598844528,0.013723561540246,1.0,0.0557143278419971
Scarb1,0.0379906371235847,0.0125753292813897,-1.613458275794983,0.9888502385877284,-0.2806659638881683,-1.613458275794983,0.0031845391580352,-3.322723627090454,-1.613458275794983,0.0390545012824417,-2.5026841163635254
Ubc,1.416446566581726,1.5773003101348877,0.2991314828395843,0.0011374692264826,3.685701131820679,0.2991314828395843,1.835628959268411e-05,4.654922962188721,0.2991314828395843,0.000612571703911,3.8505055904388423
Dhx37,0.0270705111324787,0.0373457930982112,0.4716754257678985,0.6468144112550175,1.0155656337738037,0.4716754257678985,0.4503068455861055,1.101781964302063,0.4716754257678985,0.557380738684972,0.9413127303123474
Bri3bp,0.0862684845924377,0.1767104864120483,1.101151466369629,4.290476336854898e-05,4.502754211425781,1.101151466369629,7.530359858444191e-06,4.861023426055908,1.101151466369629,0.0001094234107753,4.29259204864502
Aacs,0.0312230493873357,0.0195390284061431,-0.6847168207168579,0.9888502385877284,0.1873098015785217,-0.6847168207168579,0.2772559644425745,-1.455953598022461,-0.6847168207168579,0.4575522700420066,-1.1521698236465454
Slc15a4,0.0400547049939632,0.0606467984616756,0.6134386658668518,0.3431432323665156,1.476072907447815,0.6134386658668518,0.1716973109342948,1.7443344593048096,0.6134386658668518,0.2811483193898774,1.5087838172912598
Fzd10,0.0,0.0,0.0,0.9888502385877284,0.1005259156227111,0.0,1.0,0.0,0.0,1.0,0.0
Stx2,0.098676286637783,0.0311731584370136,-1.7116189002990725,0.3572298890968703,-1.4503066539764404,-1.7116189002990725,9.044225493383514e-07,-5.279693126678467,-1.7116189002990725,0.0003220610077572,-4.029121398925781
Ran,1.2386306524276731,1.585889220237732,0.6641037464141846,1.2216849142205318e-13,7.763946533203125,0.6641037464141846,1.748343521502961e-17,8.998295783996582,0.6641037464141846,6.528360718845947e-13,7.663782119750977
Adgrd1,0.0034170756116509,0.0015153212007135,-1.1745103597640991,0.9888502385877284,0.0681126564741134,-1.1745103597640991,0.6183369128472069,-0.7626177072525024,-1.1745103597640991,0.7568177217989155,-0.5930618643760681
Sfswap,0.2677609324455261,0.2912361919879913,0.1389656811952591,0.2836049659477327,1.5908637046813965,0.1389656811952591,0.5200042546423653,0.9139788150787354,0.1389656811952591,0.6685285691931603,0.7734735608100891
Mmp17,0.004626746289432,0.0,-22.14490509033203,0.9888502385877284,-0.0321145206689834,-22.14490509033203,0.1078365476138252,-1.986710906028748,-22.14490509033203,0.3322445316400384,-1.3923014402389526
Zfp11,0.0056773647665977,0.0142061952501535,1.329389214515686,0.9888502385877284,0.470216304063797,1.329389214515686,0.251682768497002,1.5147360563278198,1.329389214515686,0.3393047844832602,1.376328468322754
Mrps17,0.3379050493240356,0.4078673422336578,0.3250781893730163,0.0273631429302786,2.673346996307373,0.3250781893730163,0.0338217330513169,2.499847412109375,0.3250781893730163,0.0937481602024188,2.1124329566955566
Nipsnap2,0.0957973003387451,0.1293854564428329,0.4583020508289337,0.0520051342365369,2.421285390853882,0.4583020508289337,0.1208004066971793,1.93014931678772,0.4583020508289337,0.2261269316343571,1.643198013305664
Psph,0.2146463543176651,0.4551844894886017,1.2676663398742676,2.4952374636372625e-15,8.255746841430664,1.2676663398742676,1.3582942336643396e-17,9.0558500289917,1.2676663398742676,1.1263596396249685e-13,7.908326148986816
Cct6a,0.607171356678009,0.6817595362663269,0.2267027199268341,0.38374677523047,1.4034792184829712,0.2267027199268341,0.0658863853206964,2.216566801071167,0.2267027199268341,0.1533079919306478,1.8648855686187744
Sumf2,0.062046118080616,0.0665864944458007,0.1051990091800689,0.5496417374768641,1.1464136838912964,0.1051990091800689,0.9073288328511216,0.3485960662364959,0.1051990091800689,0.9612487391962752,0.2916098237037658
Phkg1,0.0057690106332302,0.0035816240124404,-0.6892889738082886,0.9888502385877284,0.1354784518480301,-0.6892889738082886,0.6879221233482276,-0.6608195900917053,-0.6892889738082886,0.8096895254812813,-0.5176281332969666
Chchd2,1.8010213375091553,2.006472587585449,0.3484490811824798,5.366618202764507e-10,6.576904296875,0.3484490811824798,6.027460075516511e-13,7.604516506195068,0.3484490811824798,1.0530243697228884e-08,6.161467552185059
Zbed5,0.0041813822463154,0.0005771293654106,-2.859611988067627,0.9888502385877284,0.0348778627812862,-2.859611988067627,0.1950726228716982,-1.663540244102478,-2.859611988067627,0.4368550378325452,-1.1874557733535769
Nupr1l,0.0,0.0034444008488208,21.718307495117188,0.9888502385877284,0.2351081520318985,21.718307495117188,0.2942789202292576,1.4146770238876345,21.718307495117188,0.3245420138936422,1.4146770238876345
Vkorc1l1,0.0640160739421844,0.0660282969474792,0.0461173243820667,0.6459609051269392,1.0166112184524536,0.0461173243820667,1.0,0.1527552753686905,0.0461173243820667,1.0,0.1278271079063415
Gusb,0.1453232318162918,0.2363043278455734,0.7690955400466919,0.0001423520895151,4.221789836883545,0.7690955400466919,0.0001472883953945,4.173122406005859,0.7690955400466919,0.0013624066706711,3.628186702728272
Asl,0.0856233462691307,0.1738853603601455,1.087104320526123,0.0001537362970474,4.2025957107543945,1.087104320526123,1.696415412082858e-05,4.682130813598633,1.087104320526123,0.0002029818114278,4.139303207397461
Crcp,0.1000204756855964,0.2141385525465011,1.1827219724655151,2.56949725431348e-06,5.098665237426758,1.1827219724655151,1.0693301849552828e-07,5.710052013397217,1.1827219724655151,3.773742671277864e-06,5.047992706298828
Tpst1,0.021248722448945,0.0085445931181311,-1.3234790563583374,0.9888502385877284,-0.1678917109966278,-1.3234790563583374,0.0737633599105123,-2.1645667552948,-1.3234790563583374,0.2148050614375994,-1.6751033067703247
Kctd7,0.0032005293760448,0.003207687754184,0.0032283582258969,0.9888502385877284,0.1684892028570175,0.0032283582258969,1.0,0.0022295415401458,0.0032283582258969,1.0,0.001811854308471
Rabgef1,0.0554034486413002,0.0649127587676048,0.2354546338319778,0.4894700889727494,1.234541893005371,0.2354546338319778,0.6226163011061799,0.75596022605896,0.2354546338319778,0.7251368162937054,0.6397851705551147
Tmem248,0.146301195025444,0.2059004157781601,0.5372581481933594,0.0027471842602388,3.4335649013519287,0.5372581481933594,0.0151722862196758,2.807295560836792,0.5372581481933594,0.0485377283753009,2.4079344272613525
Sbds,0.3033530116081238,0.3116923570632934,0.0454483777284622,0.3526192426090478,1.4588953256607056,0.0454483777284622,0.9298750533618578,0.3161574006080627,0.0454483777284622,0.9781756387734872,0.2649995684623718
Tyw1,0.1035633385181427,0.1083104759454727,0.0681442320346832,0.4898198706151989,1.2338696718215942,0.0681442320346832,0.952623486270018,0.2836866676807403,0.0681442320346832,0.9946897833213698,0.2395997494459152
Auts2,0.1042155772447586,0.0,-26.710824966430664,0.0265473303684352,-2.6849231719970703,-26.710824966430664,9.76370334955543e-19,-9.35627555847168,-26.710824966430664,1.5338523492145624e-09,-6.55694580078125
Castor2,0.0376389175653457,0.013277874328196,-1.520848035812378,0.9888502385877284,-0.4375043213367462,-1.520848035812378,0.0092409136448259,-2.9788339138031006,-1.520848035812378,0.0621422684483033,-2.3034050464630127
Rcc1l,0.0450509712100029,0.0387216843664646,-0.2230142056941986,0.9888502385877284,0.5572989583015442,-0.2230142056941986,0.7290420961195456,-0.6016948223114014,-0.2230142056941986,0.8260527979152652,-0.4934079647064209
Gtf2ird2,0.0297736432403326,0.0189371276646852,-0.6606667637825012,0.9922334426667528,0.0246460270136594,-0.6606667637825012,0.3207365801993038,-1.345544457435608,-0.6606667637825012,0.4979348747035327,-1.0849413871765137
Ncf1,0.1264507323503494,0.1517620235681533,0.281916856765747,0.2069542018364986,1.7704808712005615,0.281916856765747,0.3727551641711318,1.2404303550720217,0.281916856765747,0.5130805761038587,1.060774803161621
Gtf2i,0.576336145401001,0.5799429416656494,0.0118514886125922,0.9888502385877284,0.1877579092979431,0.0118514886125922,1.0,0.1055908501148223,0.0118514886125922,1.0,0.0894809439778328
Gtf2ird1,0.044870663434267,0.0138740567490458,-1.7158514261245728,0.9888502385877284,-0.4457943439483642,-1.7158514261245728,0.0012418947099548,-3.5995891094207764,-1.7158514261245728,0.0217387806718306,-2.733975648880005
Clip2,0.0033124105539172,0.009770656004548,1.565237283706665,0.9888502385877284,0.437877744436264,1.565237283706665,0.2557877267868031,1.5055062770843506,1.565237283706665,0.3334296063315739,1.388425588607788
Rfc2,0.2576640844345093,0.5219212174415588,1.2213107347488403,1.6282792910333844e-14,8.023102760314941,1.2213107347488403,9.938662493369516e-17,8.817946434020996,1.2213107347488403,3.118262976009286e-13,7.767970561981201
Lat2,0.0010754121467471,0.1511357426643371,7.244428634643555,9.374570940417013e-09,6.119085311889648,7.244428634643555,3.5693348019491644e-19,9.715401649475098,7.244428634643555,5.418636475639441e-19,9.69109344482422
Eif4h,0.504788875579834,0.8530503511428833,1.0363645553588867,1.5057341911709232e-17,8.860321044921875,1.0363645553588867,2.540243143702645e-23,10.530159950256348,1.0363645553588867,3.4880539264098015e-17,8.95863151550293
Limk1,0.1066329926252365,0.0662788525223732,-0.7155621647834778,0.9888502385877284,-0.2977688014507293,-0.7155621647834778,0.0194731324102138,-2.71364688873291,-0.7155621647834778,0.0793528450139318,-2.1906778812408447
Mettl27,0.0645307376980781,0.0029047660063952,-4.518195629119873,0.2807520207314055,-1.5969130992889404,-4.518195629119873,5.5244493023905097e-11,-6.959691047668457,-4.518195629119873,7.067073148841188e-06,-4.9463958740234375
Abhd11,0.1433171033859253,0.0808885619044303,-0.8710767030715942,0.7466840837499148,-0.8839707970619202,-0.8710767030715942,0.0006163206554323,-3.795686006546021,-0.8710767030715942,0.0090789309690797,-3.041084289550781
Stx1a,0.0391250401735305,0.0068673151545226,-2.533632040023804,0.8693112840091703,-0.7365427613258362,-2.533632040023804,5.005621075684062e-05,-4.424428462982178,-2.533632040023804,0.0046987454792509,-3.2617578506469727
Bud23,0.1520948559045791,0.2008101344108581,0.4370341300964355,0.0025250055838139,3.458509683609009,0.4370341300964355,0.0501115738687798,2.33730149269104,0.4370341300964355,0.1243826832141726,1.973554372787476
Dnajc30,0.1010246723890304,0.1506913900375366,0.6134676337242126,0.0081280164564273,3.0981547832489014,0.6134676337242126,0.0169528101899695,2.767009735107422,0.6134676337242126,0.0523077746426977,2.3763620853424072
Vps37d,0.0,0.0,0.0,0.9888502385877284,0.1005259156227111,0.0,1.0,0.0,0.0,1.0,0.0
Mlxipl,0.0,0.0,0.0,0.9888502385877284,0.1005259156227111,0.0,1.0,0.0,0.0,1.0,0.0
Tbl2,0.029508389532566,0.0381354950368404,0.3762675523757934,0.7255613426409275,0.9114548563957214,0.3762675523757934,0.5371064214209981,0.8864488005638123,0.3762675523757934,0.6811102224252678,0.7544645071029663
Bcl7b,0.2851282358169555,0.259708046913147,-0.1538886427879333,0.9461716443042976,0.6371371150016785,-0.1538886427879333,0.4679991859106411,-0.999958634376526,-0.1538886427879333,0.6268028426884574,-0.8337046504020691
Baz1b,0.4345155358314514,0.6020314693450928,0.6016584634780884,6.393945885117215e-06,4.913372039794922,0.6016584634780884,2.9519497314869518e-06,5.052138805389404,0.6016584634780884,0.0001021563141857,4.309488296508789
Fzd9,0.0,0.0,0.0,0.9888502385877284,0.1005259156227111,0.0,1.0,0.0,0.0,1.0,0.0
Nsun5,0.0587869957089424,0.0307381302118301,-0.955851435661316,0.9888502385877284,0.0446615852415561,-0.955851435661316,0.024954736537487,-2.6186423301696777,-0.955851435661316,0.1066252347436789,-2.051799058914185
Pom121,0.1692494451999664,0.1745440363883972,0.0483686104416847,0.217251130515706,1.7433702945709229,0.0483686104416847,0.9715038486272364,0.2569498121738434,0.0483686104416847,1.0,0.2144895792007446
Hip1,0.0108130285516381,0.51360023021698,5.948302268981934,1.058957711250032e-58,16.404096603393555,5.948302268981934,4.065106413187676e-63,20.086206436157227,5.948302268981934,1.1638817757201498e-62,19.89301109313965
Ccl24,0.0,0.0030819573439657,21.557640075683597,0.9888502385877284,0.2351081520318985,21.557640075683597,0.3097700702490801,1.3710179328918457,21.557640075683597,0.3421659969413366,1.3710179328918457
Rhbdd2,0.0721042230725288,0.0291913766413927,-1.3357577323913574,0.7996807498512326,-0.8198164701461792,-1.3357577323913574,0.0005513811710383,-3.825175285339356,-1.3357577323913574,0.0105208237759638,-2.9925477504730225
Por,0.0822556465864181,0.1008939296007156,0.3083024024963379,0.1777388263548043,1.8523355722427368,0.3083024024963379,0.3898992404465838,1.206861138343811,0.3083024024963379,0.5282133287683867,1.0254276990890503
Tmem120a,0.0582030825316906,0.1306239366531372,1.2193143367767334,0.00070615350956,3.815428972244263,1.2193143367767334,2.2415256971736927e-05,4.620887279510498,1.2193143367767334,0.0002263051969365,4.111653804779053
Styxl1,0.0009490035008639,0.0,-19.856739044189453,0.9888502385877284,0.0673658028244972,-19.856739044189453,0.4679991859106411,-1.0,-19.856739044189453,0.6832027011037286,-0.7008072733879089
Mdh2,0.8307201266288757,1.1244120597839355,0.6825582385063171,3.705185363297729e-12,7.306874752044678,0.6825582385063171,3.5919511684947837e-16,8.60359001159668,0.6825582385063171,2.2036674240790323e-11,7.154132843017578
Srrm3,0.0,0.0,0.0,0.9888502385877284,0.1005259156227111,0.0,1.0,0.0,0.0,1.0,0.0
Hspb1,0.0011424550320953,0.0,-20.124530792236328,0.9888502385877284,0.0673658028244972,-20.124530792236328,0.4679991859106411,-1.0,-20.124530792236328,0.6832027011037286,-0.7008072733879089
Ywhag,0.1800717562437057,0.3696105480194092,1.1804113388061523,1.0889311638029269e-11,7.155637741088867,1.1804113388061523,1.9016407959680568e-12,7.48454475402832,1.1804113388061523,8.948439250958387e-10,6.568743705749512
Ssc4d,0.0045255939476192,0.0306412633508443,2.7781898975372314,0.4846798279836422,1.241636872291565,2.7781898975372314,0.0023025512855441,3.4332683086395264,2.7781898975372314,0.0043432193303328,3.285774707794189
Dtx2,0.0461262464523315,0.0767605155706405,0.7571008801460266,0.1572643335140535,1.914921522140503,0.7571008801460266,0.0505121026617912,2.334179401397705,0.7571008801460266,0.1080800336699362,2.044320583343506
Rasa4,0.0076970951631665,0.014899842441082,0.958116352558136,0.9888502385877284,0.5366858839988708,0.958116352558136,0.3611686840574073,1.2631897926330566,0.958116352558136,0.4768580092821727,1.1196209192276
Polr2j,0.4608481824398041,0.7476971745491028,0.9257868528366088,4.3519929379038453e-13,7.597473621368408,0.9257868528366088,9.713587344790278e-19,9.334643363952637,0.9257868528366088,1.6431055046109654e-13,7.858740329742432
Lrwd1,0.1547420471906662,0.2309748530387878,0.6346273422241211,0.0001012893398188,4.303121566772461,0.6346273422241211,0.0016093174828406,3.529243230819702,0.6346273422241211,0.0099022965658809,3.0100951194763184
Alkbh4,0.1479852497577667,0.1158423945307731,-0.3769857585430145,0.9888502385877284,0.231896698474884,-0.3769857585430145,0.158852504094854,-1.785796880722046,-0.3769857585430145,0.3025720764722865,-1.4617310762405396
Orai2,0.2966280281543731,0.1791703402996063,-0.8154069185256958,0.0619665372595964,-2.3484675884246826,-0.8154069185256958,4.908080443502447e-06,-4.939069271087647,-0.8154069185256958,0.0003346779650468,-4.013547897338867
Prkrip1,0.094005674123764,0.1585031449794769,0.8011954426765442,0.0021334786329432,3.507503032684326,0.8011954426765442,0.0012983211083672,3.5921201705932617,0.8011954426765442,0.0071655885007496,3.118647813796997
Sh2b2,0.0,0.0,0.0,0.9888502385877284,0.1005259156227111,0.0,1.0,0.0,0.0,1.0,0.0
Cux1,0.323386937379837,0.129522442817688,-1.4651755094528198,0.0001567646960282,-4.197815895080566,-1.4651755094528198,9.08911588668675e-16,-8.45848560333252,-1.4651755094528198,6.532813060207144e-10,-6.640877723693848
Myl10,0.0022771549411118,0.0056525925174355,1.314116358757019,0.9888502385877284,0.2359296828508377,1.314116358757019,0.5281419300567026,0.9011651277542114,1.314116358757019,0.6324080038624291,0.8252591490745544
Ift22,0.0223697815090417,0.0152329793199896,-0.5595172047615051,0.9888502385877284,0.1320429593324661,-0.5595172047615051,0.4679991859106411,-1.0210586786270142,-0.5595172047615051,0.6297258969634257,-0.8292183876037598
Fis1,0.684021532535553,1.177354097366333,1.193665623664856,2.6136829201686434e-32,12.124874114990234,1.193665623664856,1.073592848614969e-45,15.160422325134276,1.193665623664856,1.4512007764542571e-31,12.526209831237791
Cldn15,0.0,0.0,0.0,0.9888502385877284,0.1005259156227111,0.0,1.0,0.0,0.0,1.0,0.0
Znhit1,0.1693675816059112,0.2457427829504013,0.5939885377883911,0.0005468485800022,3.883018732070923,0.5939885377883911,0.0028002962674748,3.3656296730041504,0.5939885377883911,0.0141082948937262,2.8882064819335938
Plod3,0.0236284714192152,0.0448343381285667,0.939461886882782,0.5222791679180208,1.187042236328125,0.939461886882782,0.0824867359434638,2.1154088973999023,0.939461886882782,0.1508333910863125,1.8734055757522583
Vgf,0.0,0.0,0.0,0.9888502385877284,0.1005259156227111,0.0,1.0,0.0,0.0,1.0,0.0
Ap1s1,0.1129983514547348,0.2774363458156585,1.4183282852172852,6.864691135308834e-11,6.88886308670044,1.4183282852172852,2.969793869142609e-13,7.758965015411377,1.4183282852172852,1.1831882657108355e-10,6.894710540771484
Serpine1,0.0,0.0,0.0,0.9888502385877284,0.1005259156227111,0.0,1.0,0.0,0.0,1.0,0.0
Trim56,0.3041046857833862,0.2149316966533661,-0.5677934885025024,0.4344749646948035,-1.320802927017212,-0.5677934885025024,0.0015247878972483,-3.54240083694458,-0.5677934885025024,0.0136756060136544,-2.9003703594207764
Muc3a,0.0,0.0021504857577383,21.037782669067383,0.9888502385877284,0.1678170263767242,21.037782669067383,0.4679991859106411,1.0,21.037782669067383,0.5282133287683867,1.0
Ache,0.00139593007043,0.0,-20.413803100585938,0.9888502385877284,0.0342056974768638,-20.413803100585938,0.3772111940804633,-1.2312235832214355,-20.413803100585938,0.6086402244099517,-0.8628504276275635
Ufsp1,0.009644579142332,0.0111334063112735,0.2081807404756546,0.9888502385877284,0.2693138420581817,0.2081807404756546,0.9575444803825252,0.2766839265823364,0.2081807404756546,0.9969118381427544,0.2362406253814697
Srrt,0.3574663698673248,0.3921084105968475,0.1599912345409393,0.2231512273841059,1.7282838821411133,0.1599912345409393,0.3944382379704318,1.197919487953186,0.1599912345409393,0.5282133287683867,1.0092118978500366
Trip6,0.0024903793819248,0.0091264033690094,1.878472089767456,0.9888502385877284,0.4370561838150024,1.878472089767456,0.2214429803379229,1.5919991731643677,1.878472089767456,0.3036308284002006,1.4594018459320068
Slc12a9,0.063311219215393,0.0557902567088604,-0.1879268884658813,0.9888502385877284,0.4805974960327148,-0.1879268884658813,0.7322313662094239,-0.5972029566764832,-0.1879268884658813,0.8242719475367326,-0.4958221018314361
Zan,0.0012018047273159,0.006203172262758,2.371412754058838,0.9888502385877284,0.4034479856491089,2.371412754058838,0.2210185396973526,1.5932666063308716,2.371412754058838,0.2922274983389922,1.4845213890075684
Pop7,0.2119035720825195,0.3190569281578064,0.6711167097091675,3.671789619804258e-05,4.537781715393066,0.6711167097091675,9.681066241443596e-05,4.275508403778076,0.6711167097091675,0.0011068548476761,3.687993288040161
Gigyf1,0.3074855506420135,0.2157806158065796,-0.5799854397773743,0.2711096222297089,-1.6187211275100708,-0.5799854397773743,0.0008304342449153,-3.714731216430664,-0.5799854397773743,0.0091282830379043,-3.038534164428711
Gnb2,0.8647364377975464,1.2869571447372437,0.9317485094070436,7.697587267391288e-26,10.81788730621338,0.9317485094070436,6.346296069949253e-33,12.649673461914062,0.9317485094070436,1.1443038027576008e-22,10.438732147216797
Tfr2,0.0,0.0011447402648627,20.127416610717773,0.9888502385877284,0.1678170263767242,20.127416610717773,0.4679991859106411,1.0,20.127416610717773,0.5282133287683867,1.0
Mospd3,0.1223122105002403,0.2070456892251968,0.8221795558929443,0.0001020198845011,4.3012542724609375,0.8221795558929443,0.0002269145102738,4.063841819763184,0.8221795558929443,0.0019135273500627,3.529165029525757
Pcolce,0.0011116384994238,0.0,-20.085060119628903,0.9888502385877284,0.0673658028244972,-20.085060119628903,0.4679991859106411,-1.0,-20.085060119628903,0.6832027011037286,-0.7008072733879089
Fbxo24,0.0,0.0,0.0,0.9888502385877284,0.1005259156227111,0.0,1.0,0.0,0.0,1.0,0.0
Lrch4,0.0424532853066921,0.0403670482337474,-0.0742135047912597,0.9525723519147022,0.6292952299118042,-0.0742135047912597,1.0,-0.196332037448883,-0.0742135047912597,1.0,-0.1642703115940094
Gm20605,0.0098754037171602,0.0020628392230719,-2.2648489475250244,0.9888502385877284,-0.1308479905128479,-2.2648489475250244,0.1038516648838538,-2.005586624145508,-2.2648489475250244,0.2771683792604636,-1.5180089473724363
Sap25,0.0010618424275889,0.0,-20.01890563964844,0.9888502385877284,0.0673658028244972,-20.01890563964844,0.4679991859106411,-1.0,-20.01890563964844,0.6832027011037286,-0.7008072733879089
Irs3,0.0,0.0,0.0,0.9888502385877284,0.1005259156227111,0.0,1.0,0.0,0.0,1.0,0.0
Agfg2,0.0995849817991256,0.1557877957820892,0.68698650598526,0.0065336632734646,3.168209314346313,0.68698650598526,0.007734832258542,3.0418035984039307,0.68698650598526,0.0278591901122379,2.635772943496704
Nyap1,0.0084332851693034,0.002882084576413,-1.552989840507507,0.9888502385877284,0.035251285880804,-1.552989840507507,0.3084540082703225,-1.3726658821105957,-1.552989840507507,0.5282133287683867,-1.0317734479904177
Tsc22d4,0.7169544100761414,0.9532695412635804,0.6049176454544067,4.160608939174261e-07,5.451626300811768,0.6049176454544067,1.011086531963274e-09,6.503922939300537,0.6049176454544067,3.850281430014974e-07,5.502381801605225
Ppp1r35,0.1694124191999435,0.2483662068843841,0.6108636260032654,0.0005368444679883,3.887948036193848,0.6108636260032654,0.001961310958036,3.472012042999268,0.6108636260032654,0.0104030552605044,2.9940993785858154
Mepce,0.1839426904916763,0.115638643503189,-0.7201331853866577,0.678458404318319,-0.9756091833114624,-0.7201331853866577,0.001411275144147,-3.5643372535705566,-0.7201331853866577,0.0144125151186037,-2.8814706802368164
Zcwpw1,0.0539324954152107,0.0154808899387717,-1.8285636901855469,0.9888502385877284,-0.5012852549552917,-1.8285636901855469,5.940664271915874e-05,-4.383560657501221,-1.8285636901855469,0.0046606058716203,-3.264115571975708
Pilra,0.0,0.0,0.0,0.9888502385877284,0.1005259156227111,0.0,1.0,0.0,0.0,1.0,0.0
Pilrb1,0.0,0.0,0.0,0.9888502385877284,0.1005259156227111,0.0,1.0,0.0,0.0,1.0,0.0
Pilrb2,0.0,0.0,0.0,0.9888502385877284,0.1005259156227111,0.0,1.0,0.0,0.0,1.0,0.0
Gjc3,0.0,0.0,0.0,0.9888502385877284,0.1005259156227111,0.0,1.0,0.0,0.0,1.0,0.0
Zkscan1,0.1084142103791236,0.0799218490719795,-0.4607674479484558,0.9888502385877284,0.0817053094506263,-0.4607674479484558,0.1663562532432161,-1.761398434638977,-0.4607674479484558,0.3110356099207155,-1.4423381090164185
Zscan21,0.0401747860014438,0.0391282923519611,-0.0388378277420997,0.8234862662240076,0.7910627722740173,-0.0388378277420997,1.0,-0.1014951989054679,-0.0388378277420997,1.0,-0.0840153023600578
Zfp113,0.0855463519692421,0.052034106105566,-0.7417001128196716,0.9888502385877284,-0.351168543100357,-0.7417001128196716,0.042587124325365,-2.4043519496917725,-0.7417001128196716,0.1311479627891798,-1.9456000328063965
Cops6,0.3796946704387665,0.6073538661003113,0.855369508266449,8.748398267100801e-10,6.500277519226074,0.855369508266449,1.5630681098872822e-12,7.496261119842529,0.855369508266449,2.353159264996497e-09,6.408573150634766
Mcm7,0.1762303113937378,0.4281106293201446,1.471348762512207,1.1482006631424446e-11,7.1478705406188965,1.471348762512207,1.7571156175391841e-15,8.481953620910645,1.471348762512207,4.894267868434917e-13,7.716953277587891
Ap4m1,0.0667172819375991,0.0703501850366592,0.0791439861059188,0.6648082152880169,0.9915171265602112,0.0791439861059188,0.9748266233252788,0.2523059844970703,0.0791439861059188,1.0,0.2140582799911499
Taf6,0.1022596508264541,0.1313270181417465,0.3823027610778808,0.0746467161669765,2.267807722091675,0.3823027610778808,0.1967196243998449,1.6587724685668943,0.3823027610778808,0.3242088414161412,1.4149171113967896
Cnpy4,0.0635037794709205,0.0561400614678859,-0.1831766217947006,0.7202577192708495,0.9181018471717834,-0.1831766217947006,0.73195618125407,-0.5975770354270935,-0.1831766217947006,0.8289114189441098,-0.4893513023853302
Mblac1,0.0011378485942259,0.0037832600064575,1.7352294921875,0.9888502385877284,0.2690151035785675,1.7352294921875,0.4726632213344723,0.9911795258522034,1.7352294921875,0.5781955461080568,0.9092549085617064
Nxpe5,0.0,0.0015645534731447,20.578449249267575,0.9888502385877284,0.1678170263767242,20.578449249267575,0.4679991859106411,1.0,20.578449249267575,0.5282133287683867,1.0
Lamtor4,0.4558662474155426,0.9398539066314696,1.4331918954849243,1.0124581501220726e-34,12.577987670898438,1.4331918954849243,1.1609414273341801e-42,14.736852645874023,1.4331918954849243,2.851914979655752e-32,12.649249076843262
Map11,0.1096770763397216,0.0814445689320564,-0.4500612318515777,0.9888502385877284,0.2405601590871811,-0.4500612318515777,0.1567496060215379,-1.7926387786865234,-0.4500612318515777,0.3009665679138705,-1.4653470516204834
Gpc2,0.0,0.0,0.0,0.9888502385877284,0.1005259156227111,0.0,1.0,0.0,0.0,1.0,0.0
Stag3,0.0,0.0033779656514525,21.690160751342773,0.9888502385877284,0.2351081520318985,21.690160751342773,0.2948454156985165,1.4085098505020142,21.690160751342773,0.3263308940324332,1.4085098505020142
Pvrig,0.0,0.0035852920264005,21.776247024536133,0.9888502385877284,0.3023992776870727,21.776247024536133,0.1749983540782809,1.735454797744751,21.776247024536133,0.1950290828758697,1.735454797744751
Zfp157,0.1052962765097618,0.0728230997920036,-0.5557587742805481,0.9888502385877284,-0.1755095869302749,-0.5557587742805481,0.0929514002966142,-2.058384418487549,-0.5557587742805481,0.2107023974143899,-1.685565710067749
Zfp68,0.1710810363292694,0.1737381517887115,0.0242065303027629,0.3765667393865238,1.4151300191879272,0.0242065303027629,1.0,0.1299441456794738,0.0242065303027629,1.0,0.1082864850759506
A430033K04Rik,0.0341222696006298,0.0183887779712677,-0.9032866954803468,0.9888502385877284,-0.0478730387985706,-0.9032866954803468,0.1225847581968571,-1.921738862991333,-0.9032866954803468,0.2739258654136735,-1.525169849395752
Fam20c,0.0,0.0,0.0,0.9888502385877284,0.1005259156227111,0.0,1.0,0.0,0.0,1.0,0.0
Pdgfa,0.0,0.0,0.0,0.9888502385877284,0.1005259156227111,0.0,1.0,0.0,0.0,1.0,0.0
Prkar1b,0.0,0.0027260591741651,21.380352020263672,0.9888502385877284,0.2351081520318985,21.380352020263672,0.3413073935751108,1.3051726818084717,21.380352020263672,0.3752208808182609,1.3051726818084717
Dnaaf5,0.0493338890373706,0.0821298882365226,0.7592448592185974,0.155400490078897,1.9217925071716309,0.7592448592185974,0.0492960925158856,2.34543776512146,0.7592448592185974,0.1028514255108636,2.0686769485473637
Sun1,0.0906486362218856,0.2583910822868347,1.6357170343399048,2.3920517244522936e-11,7.041967391967773,1.6357170343399048,9.560087051420713e-14,7.929348468780518,1.6357170343399048,2.4478113802312538e-11,7.140607833862305
Get4,0.112008586525917,0.1832747161388397,0.7630706429481506,0.0004389539876269,3.939555168151856,0.7630706429481506,0.0010115502974526,3.662874460220337,0.7630706429481506,0.0061684002511759,3.1675572395324707
Adap1,0.0096183149144053,0.2805674374103546,5.066591262817383,2.485884526146256e-25,10.708175659179688,5.066591262817383,3.4956694725737573e-36,14.048089027404783,5.066591262817383,1.6961392301614297e-35,13.84847354888916
Cox19,0.1143626421689987,0.2265374958515167,1.0693484544754028,3.373810759389236e-06,5.0436224937438965,1.0693484544754028,4.554469291224895e-07,5.433087348937988,1.0693484544754028,1.3538430650547446e-05,4.775064468383789
3110082I17Rik,0.0132283102720975,0.0046567195095121,-1.5124350786209106,0.9888502385877284,0.0345791205763816,-1.5124350786209106,0.1167365071367738,-1.9464471340179443,-1.5124350786209106,0.3027408127181386,-1.461883306503296
Gpr146,0.2613821923732757,0.1826838552951812,-0.5756798386573792,0.449983778012204,-1.2963062524795532,-0.5756798386573792,0.0030836716112958,-3.3342208862304688,-0.5756798386573792,0.0212454571034062,-2.7398931980133057
C130050O18Rik,0.004570425953716,0.0,-22.127195358276367,0.9888502385877284,-0.0321145206689834,-22.127195358276367,0.1093616434356419,-1.979776620864868,-22.127195358276367,0.3342463997149518,-1.3874417543411257
Gper1,0.0,0.0,0.0,0.9888502385877284,0.1005259156227111,0.0,1.0,0.0,0.0,1.0,0.0
Zfand2a,0.0292814560234546,0.0351950637996196,0.2696744799613952,0.7525970647359909,0.8770251274108887,0.2696744799613952,0.70503882353401,0.6364079117774963,0.2696744799613952,0.7938797858120862,0.5400543212890625
Micall2,0.0012083025649189,0.0,-20.20542335510254,0.9888502385877284,0.0673658028244972,-20.20542335510254,0.4679991859106411,-1.0,-20.20542335510254,0.6832027011037286,-0.7008072733879089
Ints1,0.1126769259572029,0.0965346023440361,-0.2349214106798172,0.9820538184681772,0.5926995873451233,-0.2349214106798172,0.479532324495911,-0.9804677367210388,-0.2349214106798172,0.6387756707738638,-0.8156665563583374
Mafk,0.0978598520159721,0.0965323969721794,-0.0206768363714218,0.788594019163363,0.8322888612747192,-0.0206768363714218,1.0,-0.0833052098751068,-0.0206768363714218,1.0,-0.0700283497571945
Tmem184a,0.0,0.0013095693429931,20.32160758972168,0.9888502385877284,0.1678170263767242,20.32160758972168,0.4679991859106411,1.0,20.32160758972168,0.5282133287683867,1.0
Psmg3,0.1446748375892639,0.2117800563573837,0.5995962619781494,0.0007696534563284,3.791903257369995,0.5995962619781494,0.0042629473290917,3.2360494136810303,0.5995962619781494,0.0192755496350748,2.7754712104797363
Mad1l1,0.058763351291418,0.0410372652113437,-0.5308750867843628,0.9390937629727484,0.6491613984107971,-0.5308750867843628,0.2171897322098872,-1.6016398668289185,-0.5308750867843628,0.3899612000915333,-1.2771320343017578
Nudt1,0.0744983926415443,0.1714043021202087,1.2734570503234863,9.936330528742738e-06,4.822181701660156,1.2734570503234863,5.144897463642646e-07,5.412821292877197,1.2734570503234863,1.1258130331185797e-05,4.816407680511475
Mrm2,0.0390962660312652,0.0504207164049148,0.3752154111862182,0.5498289086299505,1.146114945411682,0.3752154111862182,0.4679991859106411,1.0357255935668943,0.3752154111862182,0.5935036931776443,0.8855385184288025
Snx8,0.0013503213413059,0.0137619124725461,3.358269691467285,0.810204621539686,0.8067466020584106,3.358269691467285,0.0189636586588913,2.729167222976685,3.358269691467285,0.0297265025887549,2.6124558448791504
Eif3b,0.3764053583145141,0.5294236540794373,0.6108177900314331,4.0569749979709816e-05,4.515002727508545,0.6108177900314331,3.853517063055183e-06,4.997129440307617,0.6108177900314331,0.0001160479805204,4.277583122253418
Chst12,0.0538226701319217,0.1806534379720688,1.840214967727661,7.955964700710061e-07,5.32884407043457,1.840214967727661,1.0308277266982776e-10,6.907962799072266,1.840214967727661,3.9225932837932215e-09,6.331999778747559
Grifin,0.0085624875500798,0.0059640822000801,-0.5236064791679382,0.9888502385877284,0.1024677231907844,-0.5236064791679382,0.7325132147019721,-0.5967200398445129,-0.5236064791679382,0.8304572033339692,-0.4869624376296997
Lfng,0.3939168155193329,0.6032679080963135,0.7784178853034973,5.768046579284634e-09,6.199521064758301,0.7784178853034973,1.0491512412057727e-09,6.503966808319092,0.7784178853034973,2.3363114594394043e-07,5.596874713897705
Ttyh3,0.1134202405810356,0.1211489886045456,0.1007885560393333,0.5454269920985754,1.1524630784988403,0.1007885560393333,0.8547648208897711,0.4243298172950744,0.1007885560393333,0.9168811596770992,0.3599798679351806
Iqce,0.0910502299666404,0.0674261897802352,-0.4506196677684784,0.9888502385877284,0.0749836638569831,-0.4506196677684784,0.2049447249293523,-1.634724259376526,-0.4506196677684784,0.3587068333773527,-1.3367208242416382
Brat1,0.0556473731994628,0.029174430295825,-0.950840175151825,0.9888502385877284,-0.3026233315467834,-0.950840175151825,0.0336594924204763,-2.500739097595215,-0.950840175151825,0.1226965073762368,-1.9815765619277956
Amz1,0.0035882915835827,0.0008831589948385,-2.024502992630005,0.9888502385877284,0.0681126564741134,-2.024502992630005,0.3922298582935481,-1.2022560834884644,-2.024502992630005,0.5986688946127209,-0.8776546716690063
Gna12,0.0288042221218347,0.0277007166296243,-0.0571569688618183,0.9888502385877284,0.5514734983444214,-0.0571569688618183,1.0,-0.1290385574102401,-0.0571569688618183,1.0,-0.1071965619921684
Card11,0.2428874373435974,0.2182054370641708,-0.1730884611606598,0.9888502385877284,0.4336206912994385,-0.1730884611606598,0.4679991859106411,-1.029996395111084,-0.1730884611606598,0.6120608345888336,-0.856281042098999
Foxk1,0.1561901420354843,0.1052746921777725,-0.6066726446151733,0.9983878160603488,0.0153850950300693,-0.6066726446151733,0.0138039654529319,-2.839584827423096,-0.6066726446151733,0.0643783369476437,-2.287203311920166
Ap5z1,0.0464389249682426,0.0420666486024856,-0.1458348780870437,0.9888502385877284,0.4421347677707672,-0.1458348780870437,0.8890230928915317,-0.3748779594898224,-0.1458348780870437,0.944884251801487,-0.3156217932701111
Wipi2,0.123797096312046,0.1825260818004608,0.6035701632499695,0.0029231954143043,3.414968252182007,0.6035701632499695,0.0101520182033413,2.949266195297241,0.6035701632499695,0.0364899589997583,2.529029607772827
Slc29a4,0.0,0.0136958975344896,23.717130661010746,0.8940648012290606,0.7061460018157959,23.717130661010746,0.0121666236242359,2.8937792778015137,23.717130661010746,0.0141745627309252,2.8937792778015137
Tnrc18,0.1407967805862426,0.1800638735294342,0.3839766085147857,0.0399742794840479,2.527561902999878,0.3839766085147857,0.1298617311471271,1.893395185470581,0.3839766085147857,0.2355191362563582,1.619789719581604
Fbxl18,0.0248714368790388,0.0506896860897541,1.0459434986114502,0.3580123753550542,1.448887586593628,1.0459434986114502,0.0381046658379405,2.4521970748901367,1.0459434986114502,0.0834574417780213,2.166395902633667
Actb,4.185055732727051,4.87013053894043,0.999370574951172,1.038811473588653e-106,22.16349983215332,0.999370574951172,8.784558158913889e-127,28.155288696289062,0.999370574951172,5.283035011243078e-94,23.703731536865234
Fscn1,0.0,0.0024047198239713,21.19917297363281,0.9888502385877284,0.1678170263767242,21.19917297363281,0.4679991859106411,1.0,21.19917297363281,0.5282133287683867,1.0
Rnf216,0.0135402986779809,0.1905608475208282,3.944784641265869,4.838138612144205e-11,6.940022468566895,3.944784641265869,1.2327022954291591e-20,10.081029891967772,3.944784641265869,1.0875139460331717e-19,9.804253578186035
Olfr718-ps1,0.0,0.0,0.0,0.9888502385877284,0.1005259156227111,0.0,1.0,0.0,0.0,1.0,0.0
Rbak,0.0396333821117877,0.049826256930828,0.3375975489616394,0.6468144112550175,1.0155656337738037,0.3375975489616394,0.5153438827740179,0.9215348958969116,0.3375975489616394,0.659865474283005,0.7861627340316772
Spdye4b,0.0,0.0016785711050033,20.68001365661621,0.9888502385877284,0.1678170263767242,20.68001365661621,0.4679991859106411,1.0,20.68001365661621,0.5282133287683867,1.0
Zfp12,0.0496179312467575,0.0392004214227199,-0.3475625216960907,0.9888502385877284,0.2200217992067337,-0.3475625216960907,0.4867305810457455,-0.968385636806488,-0.3475625216960907,0.6518757450344498,-0.7970860004425049
Zfp316,0.0044041727669537,0.0059559890069067,0.4365902245044708,0.9888502385877284,0.2363031059503555,0.4365902245044708,0.8685122523975537,0.4048449993133545,0.4365902245044708,0.9237220390359548,0.3493327498435974
E130309D02Rik,0.0742002576589584,0.1368045061826706,0.9285730719566344,0.0064074589159716,3.174557447433472,0.9285730719566344,0.0006366713604823,3.793410301208496,0.9285730719566344,0.0036439191120098,3.336071252822876
Zdhhc4,0.0837065204977989,0.1637786626815796,1.0272862911224363,7.672715881832313e-05,4.367425441741943,1.0272862911224363,3.8323302522995206e-05,4.495545387268066,1.0272862911224363,0.0004642634369655,3.925565481185913
Kdelr2,0.2184827476739883,0.5263730883598328,1.504410982131958,4.7857298357939525e-21,9.73592758178711,1.504410982131958,2.157663354320393e-25,11.112977981567385,1.504410982131958,2.0283775036144428e-20,9.847562789916992
Daglb,0.037840649485588,0.0522428378462791,0.4757632613182068,0.4153357856861602,1.351199746131897,0.4757632613182068,0.3471577300532607,1.291458010673523,0.4757632613182068,0.4830557692799528,1.1095236539840698
Rac1,0.8552390933036804,1.2522515058517456,0.8858678340911865,5.3647160061690976e-21,9.723604202270508,0.8858678340911865,5.54357582409908e-26,11.143194198608398,0.8858678340911865,1.7240070549963916e-18,9.330124855041504
Fam220a,0.0026136459782719,0.0015645534731447,-0.7410694360733032,0.9888502385877284,0.0682620257139206,-0.7410694360733032,0.8291599656727148,-0.4598436951637268,-0.7410694360733032,0.910321914000964,-0.3694944679737091
Fam220a-1,0.0517424643039703,0.044258065521717,-0.230850487947464,0.9888502385877284,0.5483367443084717,-0.230850487947464,0.6960959570426438,-0.6487797498703003,-0.230850487947464,0.7970108132586562,-0.535741925239563
Cyth3,0.0929196998476982,0.014961983077228,-2.691423177719116,0.19657271067453,-1.7978155612945557,-2.691423177719116,1.0265003908027828e-10,-6.84880256652832,-2.691423177719116,4.22969006756854e-06,-5.047049045562744
Usp42,0.0922470912337303,0.09340850263834,0.0189010426402091,0.3926681714540626,1.388840913772583,0.0189010426402091,1.0,0.0742617174983024,0.0189010426402091,1.0,0.0621019266545772
Eif2ak1,0.1313698589801788,0.2169516384601593,0.787264347076416,0.0004932924189929,3.9096813201904297,0.787264347076416,0.0002718661033199,4.0178399085998535,0.787264347076416,0.0020956150565392,3.502382040023804
Ankrd61,0.0010574731277301,0.0,-20.012954711914062,0.9888502385877284,0.0673658028244972,-20.012954711914062,0.4679991859106411,-1.0,-20.012954711914062,0.6832027011037286,-0.7008072733879089
Aimp2,0.1244082897901535,0.1329530030488968,0.102129690349102,0.1757947869433105,1.858086347579956,0.102129690349102,0.8138008309490455,0.4828764498233795,0.102129690349102,0.8875314720854025,0.4034580290317535
Pms2,0.143160343170166,0.1350803077220916,-0.0897782444953918,0.4097563275433914,1.3601619005203247,-0.0897782444953918,0.8475802666704743,-0.4339354336261749,-0.0897782444953918,0.91741783638768,-0.3592531681060791
Gm42421,0.0010473558213561,0.0,-19.99907684326172,0.9888502385877284,0.0673658028244972,-19.99907684326172,0.4679991859106411,-1.0,-19.99907684326172,0.6832027011037286,-0.7008072733879089
Rsph10b,0.0043491572141647,0.0029887706041336,-0.5421655774116516,0.9888502385877284,0.1018702387809753,-0.5421655774116516,0.8368849187324119,-0.4486006200313568,-0.5421655774116516,0.9151322268941884,-0.3622514605522156
Ccz1,0.1822314858436584,0.3308763206005096,0.9723239541053772,8.380930868711113e-09,6.13768196105957,0.9723239541053772,1.1009518855857966e-08,6.112590789794922,0.9723239541053772,1.021906678804132e-06,5.312716484069824
Lmtk2,0.0536118149757385,0.0578859932720661,0.1137749254703521,0.6666534440509108,0.9891271591186525,0.1137749254703521,0.9114021947647664,0.3424141407012939,0.1137749254703521,0.963141838386084,0.2882004678249359
Bhlha15,0.001023149699904,0.0,-19.96532440185547,0.9888502385877284,0.0673658028244972,-19.96532440185547,0.4679991859106411,-1.0,-19.96532440185547,0.6832027011037286,-0.7008072733879089
Tecpr1,0.6441513895988464,0.5252507925033569,-0.3884721994400024,0.0142552471491196,-2.9099488258361816,-0.3884721994400024,0.0020249726757719,-3.460904836654663,-0.3884721994400024,0.0140102631128201,-2.891222715377808
Bri3,0.3837642073631286,0.5907065272331238,0.7835710644721985,2.7864496740195196e-09,6.317672729492188,0.7835710644721985,2.513464453166649e-10,6.731255531311035,0.7835710644721985,9.299268152255473e-08,5.768344402313232
Baiap2l1,0.0,0.0,0.0,0.9888502385877284,0.1005259156227111,0.0,1.0,0.0,0.0,1.0,0.0
Trrap,0.2217737436294555,0.19278584420681,-0.2237215340137481,0.9888502385877284,0.5608838200569153,-0.2237215340137481,0.3443413028359626,-1.2974494695663452,-0.2237215340137481,0.5076031884110086,-1.0694971084594729
Smurf1,0.0582934096455574,0.0441495552659034,-0.4112234115600586,0.9888502385877284,0.300980269908905,-0.4112234115600586,0.3863629947526507,-1.213823676109314,-0.4112234115600586,0.5299909986835808,-0.9896066188812256
Arpc1a,0.2379355728626251,0.5128120183944702,1.3185126781463623,3.041356311591929e-18,9.040237426757812,1.3185126781463623,3.2546091684341324e-21,10.032329559326172,1.3185126781463623,2.1561380702302955e-16,8.732001304626465
Arpc1b,1.5789035558700562,2.2461395263671875,1.1344311237335205,2.6208478649775075e-82,19.45012092590332,1.1344311237335205,9.128426883046313e-104,23.96248435974121,1.1344311237335205,3.574015868460064e-61,18.65746688842773
Pdap1,0.4263157248497009,0.6244746446609497,0.7061198949813843,9.441401643381293e-08,5.722135066986084,0.7061198949813843,3.899516393520604e-09,6.280045509338379,0.7061198949813843,1.04368726487335e-06,5.3091301918029785
Bud31,0.2836702167987823,0.4946082830429077,0.9640730619430542,6.425128502397672e-11,6.898870944976807,0.9640730619430542,4.097485423606412e-12,7.359891414642334,0.9640730619430542,3.5182593777168123e-09,6.3401947021484375
Ptcd1,0.0477412715554237,0.0760392323136329,0.6921302080154419,0.1428916509673114,1.9635413885116575,0.6921302080154419,0.0660273900617157,2.216130495071411,0.6921302080154419,0.1360460916468951,1.9259945154190063
Cpsf4,0.0836957916617393,0.1579672992229461,0.9710530042648317,0.0003068181245965,4.03029727935791,0.9710530042648317,0.0001661499539014,4.143784046173096,0.9710530042648317,0.0013640428999356,3.627864837646485
Atp5j2,1.2907593250274658,1.686467528343201,0.7395229339599609,7.374310202567771e-28,11.241127014160156,0.7395229339599609,9.495048216294332e-34,12.78144073486328,0.7395229339599609,4.404776320337064e-22,10.312106132507324
Zkscan14,0.0913223773241043,0.12801094353199,0.514175534248352,0.06526079402542,2.3266594409942627,0.514175534248352,0.0790271962206429,2.1347382068634038,0.514175534248352,0.1596497712535926,1.8429374694824217
Zkscan5,0.0202158689498901,0.0256030838936567,0.3447302579879761,0.98146956559287,0.5935958027839661,0.3447302579879761,0.6876290402078501,0.6614524722099304,0.3447302579879761,0.7766029477206194,0.563937246799469
Zfp655,0.113838329911232,0.1601651757955551,0.52675461769104,0.0473530305737171,2.460270881652832,0.52675461769104,0.0438344033423312,2.393566131591797,0.52675461769104,0.1013412055858936,2.075255870819092
Zscan25,0.0054360218346118,0.0063221179880201,0.218496561050415,0.9888502385877284,0.2693138420581817,0.218496561050415,0.9911910505259248,0.229024589061737,0.218496561050415,1.0,0.1929142028093338
1700001J03Rik,0.0,0.0,0.0,0.9888502385877284,0.1005259156227111,0.0,1.0,0.0,0.0,1.0,0.0
Rnf6,0.2095767259597778,0.287291944026947,0.5134171843528748,0.0007917149744848,3.783911943435669,0.5134171843528748,0.0071634556168422,3.067071914672852,0.5134171843528748,0.0273934072617586,2.6421287059783936
Cdk8,0.1815520226955413,0.1543634086847305,-0.2542137205600738,0.9888502385877284,0.4816431105136871,-0.2542137205600738,0.3263074457169688,-1.3340120315551758,-0.2542137205600738,0.4862201559802734,-1.1038039922714231
Usp12,0.115381471812725,0.0760993734002113,-0.6292433142662048,0.9888502385877284,-0.4765645265579223,-0.6292433142662048,0.0320761280955454,-2.520272970199585,-0.6292433142662048,0.1054746298454052,-2.056695938110352
Rpl21,3.9527549743652335,3.3583035469055176,-0.8807315826416016,5.0821418860738544e-154,-26.66012954711914,-0.8807315826416016,1.9664624003834328e-182,-38.53137969970703,-0.8807315826416016,1.4509173883935979e-158,-33.834075927734375
Rasl11a,0.0,0.0081685530021786,22.96754646301269,0.9888502385877284,0.5042726397514343,22.96754646301269,0.050300018298648,2.340062141418457,22.96754646301269,0.0574942138940391,2.340062141418457
Gtf3a,0.3137465119361877,0.4966650009155273,0.8035069704055786,3.810657889252679e-08,5.880691051483154,0.8035069704055786,2.9519213506323902e-09,6.333080768585205,0.8035069704055786,5.092951835726461e-07,5.448175430297852
Mtif3,0.088738277554512,0.1170667931437492,0.4204885959625244,0.2087280975158766,1.7657757997512815,0.4204885959625244,0.1936613120363688,1.668656587600708,0.4204885959625244,0.3111797565630824,1.441831111907959
Lnx2,0.0436185859143734,0.0637638494372367,0.5624579191207886,0.310603222965071,1.536268949508667,0.5624579191207886,0.2066683563554403,1.6304551362991333,0.5624579191207886,0.3247822728813008,1.412389039993286
Polr1d,0.9012271165847778,1.5894289016723633,1.415266990661621,4.0914889897007336e-67,17.55080795288086,1.415266990661621,3.333315761893934e-88,21.934877395629883,1.415266990661621,3.2096390044400387e-57,17.684951782226562
Flt3,0.0,0.0,0.0,0.9888502385877284,0.1005259156227111,0.0,1.0,0.0,0.0,1.0,0.0
Pan3,0.4349707663059234,0.3541747629642486,-0.3585617244243622,0.6482069215004175,-1.0136985778808594,-0.3585617244243622,0.0172908766734867,-2.757894992828369,-0.3585617244243622,0.0672106964989915,-2.266654253005981
Flt1,0.0016520126955583,0.0104535408318042,2.6680498123168945,0.9888502385877284,0.4034479856491089,2.6680498123168945,0.1819558706273664,1.7066255807876587,2.6680498123168945,0.2347336092242232,1.6225526332855225
Pomp,0.95467346906662,1.5055102109909058,1.133905053138733,1.4554241082723982e-45,14.434505462646484,1.133905053138733,1.2076562911241612e-51,16.259811401367188,1.133905053138733,3.079717217755217e-36,13.51621913909912
Slc46a3,0.0403912365436553,0.0267522521317005,-0.6042757034301758,0.9888502385877284,0.0762533098459243,-0.6042757034301758,0.2883042607628888,-1.431699275970459,-0.6042757034301758,0.4572160050031174,-1.1529440879821775
Mtus2,0.0271259676665067,0.0205054581165313,-0.4084613025188446,0.9888502385877284,0.2254737913608551,-0.4084613025188446,0.5912000424778244,-0.8034704923629761,-0.4084613025188446,0.7186562746472748,-0.6490820050239563
Slc7a1,0.1197671964764595,0.113771766424179,-0.0784993320703506,0.4284374310726455,1.3305866718292236,-0.0784993320703506,0.9078040586740096,-0.3478344082832336,-0.0784993320703506,0.963141838386084,-0.2882641553878784
Ubl3,0.2726174294948578,0.5510133504867554,1.2297698259353638,6.549255183270462e-17,8.691160202026367,1.2297698259353638,7.223552882285453e-19,9.409616470336914,1.2297698259353638,1.2932693310830783e-14,8.202001571655273
Katnal1,0.013982462696731,0.0140689993277192,0.0089637041091918,0.9888502385877284,0.3671511113643646,0.0089637041091918,1.0,0.014004398137331,0.0089637041091918,1.0,0.0115800686180591
Hmgb1,1.4811649322509766,1.918676495552063,0.7743050456047058,1.4714194877900954e-30,11.784460067749023,0.7743050456047058,4.824927688285759e-33,12.720414161682127,0.7743050456047058,8.249626149235996e-24,10.708114624023438
Uspl1,0.1410409659147262,0.1013862043619155,-0.5054356455802917,0.9888502385877284,0.2764835953712463,-0.5054356455802917,0.0603476373296852,-2.2554962635040283,-0.5054356455802917,0.1636826046746795,-1.8304582834243772
Alox5ap,0.0024281558580696,0.0047753104008734,0.9774274826049804,0.9888502385877284,0.2026948928833007,0.9774274826049804,0.6405506652519347,0.7291939854621887,0.9774274826049804,0.7137175604679883,0.6562536358833313
Wdr95,0.0060148457996547,0.3383512198925018,6.060452938079834,4.581850737055416e-26,10.865686416625977,6.060452938079834,4.108440470206276e-37,14.31362533569336,6.060452938079834,9.087310442686368e-37,14.23029613494873
Hsph1,0.1512901186943054,0.308180958032608,1.1439621448516846,2.0313341714777823e-08,5.988834857940674,1.1439621448516846,2.4754874322376063e-09,6.372289657592773,1.1439621448516846,2.089645953336121e-07,5.619063377380371
B3glct,0.0249070469290018,0.0746815577149391,1.6204006671905518,0.0333121002811052,2.5991101264953613,1.6204006671905518,0.000132320781463,4.20574951171875,1.6204006671905518,0.000673083224893,3.826324462890625
Fry,0.1165571957826614,0.0947587266564369,-0.3147085607051849,0.9888502385877284,0.1568383425474167,-0.3147085607051849,0.3646256843519442,-1.2561426162719729,-0.3147085607051849,0.5264924593300405,-1.0396995544433594
Brca2,0.0244832914322614,0.109236940741539,2.219409465789795,0.0014916746619888,3.61026930809021,2.219409465789795,5.606715040704136e-08,5.85191822052002,2.219409465789795,4.293033436013083e-07,5.494811534881592
N4bp2l1,0.1950917094945907,0.2564142346382141,0.4402215480804443,0.0038851400962044,3.329155445098877,0.4402215480804443,0.0305144277876968,2.541133165359497,0.4402215480804443,0.0847113613164537,2.1595044136047363
N4bp2l2,0.6262295842170715,0.6395861506462097,0.0410912632942199,0.9888502385877284,0.0584036149084568,0.0410912632942199,0.8738804534487287,0.3966158032417297,0.0410912632942199,0.9339622633945586,0.3330675661563873
Pds5b,0.2421188503503799,0.2173128277063369,-0.1745203584432602,0.9603646535613948,0.6204823851585388,-0.1745203584432602,0.4679991859106411,-1.037861704826355,-0.1745203584432602,0.6074287834240404,-0.8643715977668762
Stard13,0.0,0.001431216718629,20.44984436035156,0.9888502385877284,0.1678170263767242,20.44984436035156,0.4679991859106411,1.0,20.44984436035156,0.5282133287683867,1.0
Vmn2r18,0.0,0.0,0.0,0.9888502385877284,0.1005259156227111,0.0,1.0,0.0,0.0,1.0,0.0
Rfc3,0.0674026310443878,0.2438704371452331,1.9858328104019165,6.863260302723935e-11,6.889012336730957,1.9858328104019165,2.631013075371059e-15,8.4456205368042,1.9858328104019165,2.851317906251658e-13,7.803145885467529
Samd9l,0.5046084523200989,0.467337042093277,-0.1397556513547897,0.9888502385877284,-0.3892578482627868,-0.1397556513547897,0.4211708382441545,-1.1511850357055664,-0.1397556513547897,0.543368824200457,-0.9631118774414062
Hepacam2,0.0,0.0,0.0,0.9888502385877284,0.1005259156227111,0.0,1.0,0.0,0.0,1.0,0.0
Vps50,0.112963892519474,0.1357085555791854,0.2813966870307922,0.1875460074459879,1.823208451271057,0.2813966870307922,0.3688212316212741,1.2483160495758057,0.2813966870307922,0.5115939831274127,1.0634777545928955
Gngt1,0.0,0.0,0.0,0.9888502385877284,0.1005259156227111,0.0,1.0,0.0,0.0,1.0,0.0
Gng11,0.0023876996710896,0.009554841555655,2.0057852268218994,0.9888502385877284,0.3036689162254333,2.0057852268218994,0.3224596806070934,1.343044400215149,2.0057852268218994,0.3893639772566406,1.2784396409988403
Bet1,0.1453509181737899,0.1971076428890228,0.4778430461883545,0.0045842963657696,3.2781455516815186,0.4778430461883545,0.0326669354718726,2.5141758918762207,0.4778430461883545,0.0872766043098044,2.146259307861328
Casd1,0.1194083169102668,0.0673974305391311,-0.8632395267486572,0.861691068984053,-0.7462518215179443,-0.8632395267486572,0.0034672602865809,-3.29700231552124,-0.8632395267486572,0.0269892203937334,-2.648817300796509
Sgce,0.0005408413126133,0.0017694362904876,1.7108970880508425,0.9888502385877284,0.1347316056489944,1.7108970880508425,0.6861570628581888,0.6640167236328125,1.7108970880508425,0.7277770574312665,0.6364420652389526
Peg10,0.0,0.0,0.0,0.9888502385877284,0.1005259156227111,0.0,1.0,0.0,0.0,1.0,0.0
Pon3,0.0013735544634982,0.0063568409532308,2.213992118835449,0.9888502385877284,0.3033701777458191,2.213992118835449,0.2744588526493729,1.4636609554290771,2.213992118835449,0.333334004889988,1.3888874053955078
Pon2,0.1712887734174728,0.46937957406044,1.6808077096939087,2.503781192068076e-21,9.802919387817385,1.6808077096939087,2.000502585244996e-24,10.89784049987793,1.6808077096939087,4.982644647877931e-20,9.750351905822754
Asb4,0.0,0.0,0.0,0.9888502385877284,0.1005259156227111,0.0,1.0,0.0,0.0,1.0,0.0
Slc25a13,0.0139325251802802,0.0307268071919679,1.1532007455825806,0.4079515298581975,1.36352276802063,1.1532007455825806,0.0681750297332849,2.2015268802642822,1.1532007455825806,0.1338294329144182,1.934731721878052
Sem1,1.2385720014572144,1.674671649932861,0.8235278129577637,7.252013748451806e-32,12.039658546447754,0.8235278129577637,1.9113338053514644e-39,13.933526992797852,0.8235278129577637,3.119081399756751e-26,11.32707977294922
Sdhaf3,0.0610821731388568,0.0731113106012344,0.2681174278259277,0.4161689329949642,1.35000479221344,0.2681174278259277,0.5302138327332034,0.8971273303031921,0.2681174278259277,0.6773613682365495,0.7599356174468994
Asns,0.001754691475071,0.0393658243119716,4.5148773193359375,0.0896949089939918,2.1852810382843018,4.5148773193359375,3.0054712991832526e-06,5.083634376525879,4.5148773193359375,5.369470334136281e-06,5.000807762145996
C1galt1,0.2009861022233963,0.2880833745002746,0.5847762227058411,0.000475355738046,3.919240951538086,0.5847762227058411,0.0020028197536305,3.465719699859619,0.5847762227058411,0.0109684249748625,2.975569248199463
Mios,0.0844687595963478,0.080218993127346,-0.0775813162326812,0.6999935463460344,0.9453617930412292,-0.0775813162326812,0.9501121598560216,-0.2875519096851349,-0.0775813162326812,0.9946897833213698,-0.2393562942743301
Rpa3,0.2226571589708328,0.3965862691402435,0.9647372364997864,5.162059762315992e-09,6.217520236968994,0.9647372364997864,1.1268204896030548e-09,6.495085716247559,0.9647372364997864,1.9671794082572345e-07,5.629879474639893
Umad1,0.016705809161067,0.0566667988896369,1.7911556959152222,0.1343965183315434,1.994236946105957,1.7911556959152222,0.0006248125668215,3.8034281730651855,1.7911556959152222,0.0020809548006241,3.506746530532837
Glcci1,0.0177201330661773,0.0495166666805744,1.505589485168457,0.2687868382357115,1.624322533607483,1.505589485168457,0.004509202563786,3.222423791885376,1.505589485168457,0.0125101697870274,2.932034730911255
Ica1,0.001354607171379,0.0542023591697216,5.360706329345703,0.103288861906355,2.120678424835205,5.360706329345703,1.0879641337668522e-06,5.297852039337158,5.360706329345703,1.5648879884601022e-06,5.265145301818848
Ndufa4,1.4546369314193726,1.6743017435073853,0.4010716676712036,2.0599454219535222e-09,6.365993976593018,0.4010716676712036,8.35790216481999e-10,6.536299705505371,0.4010716676712036,3.041667753071519e-07,5.5471014976501465
Phf14,0.5301242470741272,0.5176082849502563,-0.0442827157676219,0.9888502385877284,-0.2078481614589691,-0.0442827157676219,0.8882311873629064,-0.3761442005634308,-0.0442827157676219,0.9448239353668908,-0.3158571124076843
Tmem106b,0.1340056806802749,0.2889907956123352,1.224465012550354,5.530559100748142e-09,6.206466674804688,1.224465012550354,9.948174624265076e-10,6.527225494384766,1.224465012550354,7.945653695987369e-08,5.798455715179443
Tmem168,0.1233986020088195,0.1553728282451629,0.3560082912445068,0.0625290988283204,2.3445093631744385,0.3560082912445068,0.1854553318185324,1.693321704864502,0.3560082912445068,0.309753399161454,1.4452611207962036
Bmt2,0.162869393825531,0.107025071978569,-0.6469555497169495,0.9888502385877284,-0.5278730988502502,-0.6469555497169495,0.0089350787257697,-2.99117112159729,-0.6469555497169495,0.0459382814756608,-2.432672500610352
Gpr85,0.0,0.0,0.0,0.9888502385877284,0.1005259156227111,0.0,1.0,0.0,0.0,1.0,0.0
2610001J05Rik,0.200879693031311,0.4315124154090881,1.2781875133514404,4.509414566135313e-14,7.892927169799805,1.2781875133514404,5.930688426851971e-16,8.593894004821777,1.2781875133514404,1.045248107294643e-12,7.598887920379639
Mdfic,0.0153209054842591,0.3670402467250824,4.844151496887207,6.011383534165243e-34,12.434293746948242,4.844151496887207,3.5316451091090536e-42,15.407543182373049,4.844151496887207,2.64188181168325e-41,15.129088401794434
Tfec,0.0,0.0,0.0,0.9888502385877284,0.1005259156227111,0.0,1.0,0.0,0.0,1.0,0.0
Tes,0.4446765482425689,0.6374128460884094,0.6709761023521423,1.7908484307651665e-07,5.607344150543213,0.6709761023521423,2.4506364433626442e-08,5.965161323547363,0.6709761023521423,3.541225883889757e-06,5.061060428619385
Cav2,0.0,0.0103467302396893,23.310142517089844,0.9888502385877284,0.5042726397514343,23.310142517089844,0.0927227825824908,2.0634186267852783,23.310142517089844,0.1046418748162764,2.0634186267852783
Met,0.0,0.0,0.0,0.9888502385877284,0.1005259156227111,0.0,1.0,0.0,0.0,1.0,0.0
Capza2,0.7814206480979919,1.3752408027648926,1.3192927837371826,4.8837852147559436e-51,15.28733253479004,1.3192927837371826,6.478590760495458e-61,17.87769889831543,1.3192927837371826,4.079073948098045e-43,14.9019775390625
St7,0.0331266485154628,0.0813309922814369,1.3309166431427002,0.0179399497206259,2.829289197921753,1.3309166431427002,0.0003465513715543,3.957353830337525,1.3309166431427002,0.0018503559053596,3.539410352706909
Lsm8,0.3717959821224212,0.5180948972702026,0.5920372605323792,6.698947440396725e-05,4.399465084075928,0.5920372605323792,6.658798350921325e-06,4.880978584289551,0.5920372605323792,0.0001823397823295,4.166134834289551
Ankrd7,0.0,0.0,0.0,0.9888502385877284,0.1005259156227111,0.0,1.0,0.0,0.0,1.0,0.0
Ing3,0.2077361494302749,0.1796250343322754,-0.2306959182024002,0.9888502385877284,0.3809678256511688,-0.2306959182024002,0.3531767096370172,-1.278929591178894,-0.2306959182024002,0.5102353877484567,-1.0657331943511963
Cped1,0.0018240252975374,0.0,-20.800010681152344,0.9888502385877284,0.0342056974768638,-20.800010681152344,0.2942789202292576,-1.414064645767212,-20.800010681152344,0.5299909986835808,-0.9909867644309998
Wnt16,0.0011708353413268,0.0,-20.15995216369629,0.9888502385877284,0.0673658028244972,-20.15995216369629,0.4679991859106411,-1.0,-20.15995216369629,0.6832027011037286,-0.7008072733879089
Fam3c,0.322744756937027,0.3222519755363464,-0.00257905642502,0.7126531028079713,0.9275121092796326,-0.00257905642502,1.0,-0.0181341189891099,-0.00257905642502,1.0,-0.0152827966958284
Ndufa5,0.4870439767837524,0.562557578086853,0.267162948846817,0.1476422157437385,1.9468120336532595,0.267162948846817,0.0412929493881473,2.4175307750701904,0.267162948846817,0.1108854926172961,2.032015085220337
Wasl,0.1482792943716049,0.1417946964502334,-0.0693040266633033,0.5452709368055617,1.1529111862182615,-0.0693040266633033,0.9180648654428416,-0.3332923650741577,-0.0693040266633033,0.9694215465497044,-0.2788158357143402
Pot1a,0.1178931295871734,0.0980632230639457,-0.2802569568157196,0.9888502385877284,0.4791784882545471,-0.2802569568157196,0.3982859025823497,-1.1912602186203003,-0.2802569568157196,0.5307486564877636,-0.9848105907440186
Zfp800,0.2667132318019867,0.2873788177967071,0.1232585534453392,0.1325909698818466,2.001033306121826,0.1232585534453392,0.5966515791903586,0.7948259711265564,0.1232585534453392,0.7052333331706705,0.6684750914573669
Gcc1,0.0527516789734363,0.0652398094534874,0.3156323730945587,0.6060385354596186,1.0693387985229492,0.3156323730945587,0.4966743002762269,0.951888918876648,0.3156323730945587,0.6384093331932096,0.8162972927093506
Arf5,1.3317327499389648,1.745030641555786,0.7616193890571594,4.47383279591539e-34,12.458267211914062,0.7616193890571594,6.63703707230769e-39,13.820910453796388,0.7616193890571594,1.164299727157432e-25,11.195024490356444
Fscn3,0.0,0.0,0.0,0.9888502385877284,0.1005259156227111,0.0,1.0,0.0,0.0,1.0,0.0
Snd1,0.2252296358346939,0.2393625676631927,0.0983899161219596,0.2780180158512692,1.602962613105774,0.0983899161219596,0.7218322986077431,0.6124842762947083,0.0983899161219596,0.8119819011590031,0.5134720802307129
Lrrc4,0.0020975165534764,0.0025794424582272,0.2987247705459595,0.9888502385877284,0.1684892028570175,0.2987247705459595,1.0,0.2036438435316085,0.2987247705459595,1.0,0.171679675579071
Rbm28,0.323679506778717,0.3586589395999908,0.1747108697891235,0.1045159825064483,2.115151882171631,0.1747108697891235,0.3638664278864557,1.2575304508209229,0.1747108697891235,0.515585402948778,1.056207537651062
Prrt4,0.0020883742254227,0.0,-20.99545669555664,0.9888502385877284,0.0342056974768638,-20.99545669555664,0.2942789202292576,-1.4128892421722412,-20.99545669555664,0.5299909986835808,-0.9901630878448486
Impdh1,0.2420852184295654,0.2936078011989593,0.3171980082988739,0.007504430600606,3.123771905899048,0.3171980082988739,0.097713703159929,2.035651445388794,0.3171980082988739,0.1989945717571629,1.7203876972198486
Hilpda,0.1072427332401275,0.3204359710216522,1.738418459892273,5.40396060728493e-14,7.869401454925537,1.738418459892273,2.29810279847013e-16,8.75178337097168,1.738418459892273,7.513337832695768e-14,7.980555534362793
Fam71f2,0.0,0.0016333583043888,20.640588760375977,0.9888502385877284,0.1678170263767242,20.640588760375977,0.4679991859106411,1.0,20.640588760375977,0.5282133287683867,1.0
Calu,0.1222568526864051,0.135755717754364,0.1610445231199264,0.1315756212839916,2.0046181678771973,0.1610445231199264,0.6135764925143804,0.7698109745979309,0.1610445231199264,0.7204581930413778,0.6461045742034912
Opn1sw,0.0010485289385542,0.0,-20.00069236755371,0.9888502385877284,0.0673658028244972,-20.00069236755371,0.4679991859106411,-1.0,-20.00069236755371,0.6832027011037286,-0.7008072733879089
Ccdc136,0.0011835942277684,0.0030725174583494,1.3776087760925293,0.9888502385877284,0.201798677444458,1.3776087760925293,0.6174869056728376,0.7640012502670288,1.3776087760925293,0.6928593435846117,0.6867995858192444
Atp6v1f,0.976868748664856,1.3454385995864868,0.7780125141143799,3.474903506399597e-19,9.28012466430664,0.7780125141143799,6.699081511469235e-25,10.869864463806152,0.7780125141143799,3.1563160029107315e-17,8.982010841369629
Atp6v1fnb,0.0,0.0,0.0,0.9888502385877284,0.1005259156227111,0.0,1.0,0.0,0.0,1.0,0.0
Kcp,0.0,0.0,0.0,0.9888502385877284,0.1005259156227111,0.0,1.0,0.0,0.0,1.0,0.0
Irf5,0.0023522647097706,0.0728633850812912,5.004252910614014,0.0031707822853928,3.3912932872772217,5.004252910614014,2.1065870870214767e-10,6.841520309448242,5.004252910614014,4.440439002793087e-10,6.751129150390625
Tnpo3,0.3037064969539642,0.2777054011821747,-0.1487859487533569,0.9888502385877284,0.416592538356781,-0.1487859487533569,0.4679991859106411,-1.0122089385986328,-0.1487859487533569,0.6219171109233081,-0.8411559462547302
Tspan33,0.0,0.000480409245938,18.87425422668457,0.9888502385877284,0.1678170263767242,18.87425422668457,0.4679991859106411,1.0,18.87425422668457,0.5282133287683867,1.0
Smo,0.0296166241168975,0.0,-24.8413200378418,0.8755146063717693,-0.7284767627716064,-24.8413200378418,3.3744082309807445e-06,-5.025928020477295,-24.8413200378418,0.0020518307208614,-3.522207021713257
Ahcyl2,0.2748920619487762,0.2511192858219147,-0.1483916491270065,0.9888502385877284,0.3838058412075043,-0.1483916491270065,0.50812913197442,-0.9329451322555542,-0.1483916491270065,0.6642532215002089,-0.7798751592636108
Strip2,0.0,0.0,0.0,0.9888502385877284,0.1005259156227111,0.0,1.0,0.0,0.0,1.0,0.0
Nrf1,0.1844673901796341,0.2439709156751632,0.4477972388267517,0.0028448823665238,3.422959566116333,0.4477972388267517,0.0281606573270822,2.5730230808258057,0.4477972388267517,0.0799252141485294,2.1870229244232178
Ube2h,0.4952415227890014,0.5013723373413086,0.0225383751094341,0.9522505076364602,0.629668653011322,0.0225383751094341,1.0,0.1882212311029434,0.0225383751094341,1.0,0.158236026763916
Zc3hc1,0.0599871762096881,0.0893916711211204,0.596961259841919,0.0950300216695757,2.1592905521392822,0.596961259841919,0.091135817623144,2.069204568862915,0.596961259841919,0.1744168316627321,1.7959394454956057
Klhdc10,0.0372269526124,0.0548926033079624,0.5731050372123718,0.3544548333290546,1.4553852081298828,0.5731050372123718,0.2389305293084599,1.5458543300628662,0.5731050372123718,0.3586032991385539,1.33686101436615
Tmem209,0.1082116663455963,0.1271418184041977,0.2465055137872696,0.1833893332418278,1.8356060981750488,0.2465055137872696,0.466147427808057,1.0752017498016355,0.2465055137872696,0.5763589190105599,0.9120478630065918
Ssmem1,0.0,0.0,0.0,0.9888502385877284,0.1005259156227111,0.0,1.0,0.0,0.0,1.0,0.0
Cpa2,0.0,0.0049009565263986,22.228168487548828,0.9888502385877284,0.3023992776870727,22.228168487548828,0.2098968923774725,1.6232010126113892,22.228168487548828,0.2348392901957333,1.6232010126113892
Cep41,0.0380379483103752,0.041758082807064,0.137317344546318,0.7890387004429991,0.8316913843154907,0.137317344546318,0.907011664324488,0.3497359454631805,0.137317344546318,0.96032649520099,0.293110728263855
Mest,0.0010953084565699,0.0,-20.063697814941406,0.9888502385877284,0.0673658028244972,-20.063697814941406,0.4679991859106411,-1.0,-20.063697814941406,0.6832027011037286,-0.7008072733879089
Copg2,0.0565997064113616,0.0879734978079795,0.6591783761978149,0.0846375139674217,2.2108232975006104,0.6591783761978149,0.0671710527595769,2.2082345485687256,0.6591783761978149,0.138665803097801,1.9163272380828855
Mkln1,0.4820216298103332,0.5117227435112,0.1094562858343124,0.4684256668897508,1.266208291053772,0.1094562858343124,0.509125759719255,0.9314806461334229,0.1094562858343124,0.6638649872340594,0.7803842425346375
Podxl,0.0,0.0,0.0,0.9888502385877284,0.1005259156227111,0.0,1.0,0.0,0.0,1.0,0.0
Chchd3,0.3154427409172058,0.3853747248649597,0.3422690331935882,0.0059426291275322,3.1983072757720947,0.3422690331935882,0.025279174202252,2.61484694480896,0.3422690331935882,0.078609991688847,2.1948273181915283
Exoc4,0.2543869316577911,0.2214723974466323,-0.2245811372995376,0.9888502385877284,0.4333966374397278,-0.2245811372995376,0.3041362526893566,-1.3829675912857056,-0.2245811372995376,0.4628241204326231,-1.143839955329895
Lrguk,0.0,0.0,0.0,0.9888502385877284,0.1005259156227111,0.0,1.0,0.0,0.0,1.0,0.0
Slc35b4,0.0626051872968673,0.0900925546884536,0.5452061295509338,0.1559211645785469,1.9199254512786863,0.5452061295509338,0.1257754603236997,1.9097685813903809,0.5452061295509338,0.2244961717666629,1.6482881307601929
Akr1b3,0.6946797370910645,0.7574002742767334,0.1753783524036407,0.5686149484934999,1.120124578475952,0.1753783524036407,0.1454835575881222,1.833699107170105,0.1753783524036407,0.2673169026452082,1.5412213802337646
Akr1b8,0.0,0.01293914206326,23.63458251953125,0.8940648012290606,0.7061460018157959,23.63458251953125,0.0114029529668494,2.9168126583099365,23.63458251953125,0.0133175228477031,2.9168126583099365
Akr1b10,0.1326061636209488,0.1473968476057052,0.1634758561849594,0.3414066774678627,1.479508399963379,0.1634758561849594,0.6220050306183214,0.7572098970413208,0.1634758561849594,0.721600265675602,0.6444764733314514
Bpgm,0.087920643389225,0.1323645114898681,0.622890293598175,0.0213031661326612,2.765582799911499,0.622890293598175,0.0252152591831299,2.6164867877960205,0.622890293598175,0.0698256162580824,2.2489166259765625
Cald1,0.0,0.0,0.0,0.9888502385877284,0.1005259156227111,0.0,1.0,0.0,0.0,1.0,0.0
Agbl3,0.0216815937310457,0.0056961202062666,-1.939976453781128,0.9888502385877284,-0.2660277187824249,-1.939976453781128,0.0158115018417691,-2.7902255058288574,-1.939976453781128,0.0981823795454294,-2.092240333557129
Tmem140,0.0350193940103054,0.0750177204608917,1.1281945705413818,0.1623926158472826,1.898864269256592,1.1281945705413818,0.0073884578642257,3.0591843128204346,1.1281945705413818,0.02045323330708,2.7537434101104736
Cyren,0.0589047484099864,0.0640045776963234,0.1235076487064361,0.608696660524748,1.065455198287964,0.1235076487064361,0.8727095935167773,0.3986894190311432,0.1235076487064361,0.9329593000737472,0.3348867893218994
Wdr91,0.0551302768290042,0.0633885785937309,0.2073938250541687,0.4642004013319156,1.2746477127075195,0.2073938250541687,0.6959081129557902,0.649211049079895,0.2073938250541687,0.7890218453854426,0.5467333197593689
Stra8,0.0,0.0005771293654106,19.138954162597656,0.9888502385877284,0.1678170263767242,19.138954162597656,0.4679991859106411,1.0,19.138954162597656,0.5282133287683867,1.0
Slc23a4,0.0010665829759091,0.0,-20.02533531188965,0.9888502385877284,0.0673658028244972,-20.02533531188965,0.4679991859106411,-1.0,-20.02533531188965,0.6832027011037286,-0.7008072733879089
Cnot4,0.359030544757843,0.3252772092819214,-0.1681705117225647,0.9888502385877284,-0.0977625697851181,-0.1681705117225647,0.38937849064481,-1.2080488204956057,-0.1681705117225647,0.5282133287683867,-1.0075503587722778
Nup205,0.0854391530156135,0.0850686952471733,-0.0065399161539971,0.5005827463456016,1.2178871631622314,-0.0065399161539971,1.0,-0.0249121524393558,-0.0065399161539971,1.0,-0.0207380224019289
1810058I24Rik,0.5596640110015869,0.887269139289856,0.9293650388717652,9.108400119987245e-16,8.379349708557129,0.9293650388717652,4.5066564077550765e-21,9.955556869506836,0.9293650388717652,2.536998992743752e-15,8.417671203613281
Mtpn,0.4143019616603851,0.7593317627906799,1.1471257209777832,1.4254819557592296e-19,9.375946044921877,1.1471257209777832,2.245275666389729e-23,10.556869506835938,1.1471257209777832,1.56022892746492e-17,9.056678771972656
Creb3l2,0.023384990170598,0.0319492444396019,0.4564053118228912,0.8784438293514989,0.7250412702560425,0.4564053118228912,0.4939542006705361,0.9566224217414856,0.4564053118228912,0.6297923591048733,0.8287326097488403
Trim24,0.1524229943752288,0.2024832367897033,0.4469002783298492,0.0350070097472076,2.57991623878479,0.4469002783298492,0.0522909267229731,2.319166660308838,0.4469002783298492,0.1182635690419287,2.0000128746032715
Atp6v0a4,0.0,0.0,0.0,0.9888502385877284,0.1005259156227111,0.0,1.0,0.0,0.0,1.0,0.0
D630045J12Rik,0.0,0.0,0.0,0.9888502385877284,0.1005259156227111,0.0,1.0,0.0,0.0,1.0,0.0
Zc3hav1l,0.0097469938918948,0.0118543310090899,0.283907949924469,0.9888502385877284,0.336978405714035,0.283907949924469,0.8849785858371563,0.3807048499584198,0.283907949924469,0.9400521213455274,0.3236030340194702
Zc3hav1,0.8044134378433228,0.8555779457092285,0.1309173852205276,0.9888502385877284,0.2197230607271194,0.1309173852205276,0.272525734550487,1.4669216871261597,0.1309173852205276,0.4241578677241305,1.215966820716858
Ttc26,0.0,0.0020559953991323,20.972888946533203,0.9888502385877284,0.1678170263767242,20.972888946533203,0.4679991859106411,1.0,20.972888946533203,0.5282133287683867,1.0
Ubn2,0.4208327233791351,0.3606555759906769,-0.2688535451889038,0.9888502385877284,-0.331601083278656,-0.2688535451889038,0.1021373989950082,-2.013878583908081,-0.2688535451889038,0.2204953805531293,-1.6594603061676023
Fmc1,0.273604542016983,0.2625889182090759,-0.0675868168473243,0.5328743905404036,1.1710596084594729,-0.0675868168473243,0.8474430208832023,-0.4342290461063385,-0.0675868168473243,0.9168712568660016,-0.3600795567035675
Luc7l2,1.2166764736175537,1.4832276105880735,0.520060658454895,1.4423280056765543e-10,6.77765703201294,0.520060658454895,1.071561980655167e-12,7.532054424285889,0.520060658454895,7.072881849407033e-09,6.225728511810303
Klrg2,0.0,0.0,0.0,0.9888502385877284,0.1005259156227111,0.0,1.0,0.0,0.0,1.0,0.0
Clec2l,0.0,0.0,0.0,0.9888502385877284,0.1005259156227111,0.0,1.0,0.0,0.0,1.0,0.0
Hipk2,0.1023116111755371,0.1326089650392532,0.396491140127182,0.1466143504982176,1.950322151184082,0.396491140127182,0.1953326050299833,1.6629363298416138,0.396491140127182,0.316158015390852,1.432249665260315
Tbxas1,0.0003030791413038,0.0012010501231998,1.987174153327942,0.9888502385877284,0.1347316056489944,1.987174153327942,0.6436055684424159,0.7249299883842468,1.987174153327942,0.6832027011037286,0.7034416198730469
Parp12,0.0317268557846546,0.0204664040356874,-0.6406050324440002,0.9994412017932364,-0.0061241639778018,-0.6406050324440002,0.3437885338321511,-1.2986445426940918,-0.6406050324440002,0.5190786767167799,-1.050713062286377
Kdm7a,0.4111075699329376,0.2384294122457504,-0.9172443747520448,0.000797636120882,-3.781970024108887,-0.9172443747520448,5.5558561145725516e-09,-6.209474563598633,-0.9172443747520448,3.886611100201788e-06,-5.045368194580078
Slc37a3,0.0644931644201278,0.0928051844239234,0.5457497239112854,0.2200152290640125,1.7362751960754397,0.5457497239112854,0.1304526574963778,1.8910610675811768,0.5457497239112854,0.2259595375822938,1.6439262628555298
Rab19,0.1240729615092277,0.3218511641025543,1.5231680870056152,6.65139456057756e-14,7.842589378356934,1.5231680870056152,3.5503106915303797e-15,8.369843482971191,1.5231680870056152,2.403997951464807e-12,7.482274055480957
Mkrn1,0.4434129297733307,0.6294713616371155,0.6516433954238892,5.568752570798103e-06,4.941826820373535,0.6516433954238892,4.110444465721824e-08,5.873183727264404,0.6516433954238892,4.798590947122885e-06,4.997986316680908
Dennd2a,0.0,0.0,0.0,0.9888502385877284,0.1005259156227111,0.0,1.0,0.0,0.0,1.0,0.0
Adck2,0.055611502379179,0.0453990213572979,-0.3001507818698883,0.9888502385877284,0.2367512285709381,-0.3001507818698883,0.5612751583359684,-0.8497952222824097,-0.3001507818698883,0.6832027011037286,-0.710102379322052
Gm42420,0.0010402702027931,0.0,-19.98927879333496,0.9888502385877284,0.0673658028244972,-19.98927879333496,0.4679991859106411,-1.0,-19.98927879333496,0.6832027011037286,-0.7008072733879089
Ndufb2,0.4099270105361938,0.5874990820884705,0.6579123139381409,1.479640342063136e-06,5.208527088165283,0.6579123139381409,1.0492188232194873e-07,5.702217102050781,0.6579123139381409,9.943227331209077e-06,4.842681407928467
Braf,0.1682130545377731,0.1516836881637573,-0.1614650934934616,0.914168701874827,0.680827796459198,-0.1614650934934616,0.5930591899414965,-0.8004431128501892,-0.1614650934934616,0.7049732179653394,-0.6689221858978271
Mrps33,0.5821108222007751,0.6837826371192932,0.3132699429988861,0.0283995391652009,2.6590075492858887,0.3132699429988861,0.0087135779925223,3.000365734100342,0.3132699429988861,0.0373013939712018,2.5193769931793213
Agk,0.1771732866764068,0.1438853144645691,-0.3248962759971618,0.9888502385877284,0.3114361464977264,-0.3248962759971618,0.2038733127136331,-1.6376855373382568,-0.3248962759971618,0.3498907942394438,-1.3542650938034058
E330009J07Rik,0.0407235287129879,0.0153271742165088,-1.428175926208496,0.9888502385877284,-0.313900738954544,-1.428175926208496,0.0065536519284326,-3.093357801437378,-1.428175926208496,0.052968123173668,-2.372408390045166
Ssbp1,0.3776552975177765,0.5737597942352295,0.7560083866119385,2.592563434208593e-08,5.947086334228516,0.7560083866119385,8.67279217172869e-10,6.530860424041748,0.7560083866119385,2.991877149329775e-07,5.550114154815674
Olfr461,0.0,0.0,0.0,0.9888502385877284,0.1005259156227111,0.0,1.0,0.0,0.0,1.0,0.0
Clec5a,0.0,0.0,0.0,0.9888502385877284,0.1005259156227111,0.0,1.0,0.0,0.0,1.0,0.0
Mgam,0.0,0.0,0.0,0.9888502385877284,0.1005259156227111,0.0,1.0,0.0,0.0,1.0,0.0
Trbv1,0.0,0.0,0.0,0.9888502385877284,0.1005259156227111,0.0,1.0,0.0,0.0,1.0,0.0
2210010C04Rik,0.0,0.0,0.0,0.9888502385877284,0.1005259156227111,0.0,1.0,0.0,0.0,1.0,0.0
Trbv2,0.0,0.0,0.0,0.9888502385877284,0.1005259156227111,0.0,1.0,0.0,0.0,1.0,0.0
Trbv3,0.0,0.0013668003957718,20.383358001708984,0.9888502385877284,0.1678170263767242,20.383358001708984,0.4679991859106411,1.0,20.383358001708984,0.5282133287683867,1.0
Trbv4,0.0,0.0,0.0,0.9888502385877284,0.1005259156227111,0.0,1.0,0.0,0.0,1.0,0.0
Trbv5,0.0,0.0,0.0,0.9888502385877284,0.1005259156227111,0.0,1.0,0.0,0.0,1.0,0.0
Trbv12-1,0.0010574731277301,0.0,-20.012954711914062,0.9888502385877284,0.0673658028244972,-20.012954711914062,0.4679991859106411,-1.0,-20.012954711914062,0.6832027011037286,-0.7008072733879089
Trbv13-1,0.0011747815879061,0.0017495333449915,0.574991762638092,0.9888502385877284,0.1345822364091873,0.574991762638092,0.960102544613588,0.2727349996566772,0.574991762638092,0.9961617244339078,0.2372064739465713
Trbv12-2,0.0068077412433922,0.029895044863224,2.151362895965576,0.6266976144892747,1.041481375694275,2.151362895965576,0.0100682864097916,2.956514835357666,2.151362895965576,0.0195522101273484,2.7719523906707764
Trbv13-2,0.0049577467143535,0.0014580930583178,-1.7681268453598022,0.9888502385877284,0.0348778627812862,-1.7681268453598022,0.3895430013648915,-1.2074495553970337,-1.7681268453598022,0.5801099843562418,-0.9065773487091064
Trbv13-3,0.3259249627590179,1.0868383646011353,2.350348234176636,1.599038746860146e-61,16.798282623291016,2.350348234176636,1.2412830694308296e-62,18.9044189453125,2.350348234176636,1.0599764908830527e-54,17.156707763671875
Trbv14,0.0,0.0,0.0,0.9888502385877284,0.1005259156227111,0.0,1.0,0.0,0.0,1.0,0.0
Trbv15,0.0010838265297934,0.0,-20.048484802246094,0.9888502385877284,0.0673658028244972,-20.048484802246094,0.4679991859106411,-1.0,-20.048484802246094,0.6832027011037286,-0.7008072733879089
Trbv16,0.0,0.001949849887751,20.896339416503903,0.9888502385877284,0.1678170263767242,20.896339416503903,0.4679991859106411,1.0,20.896339416503903,0.5282133287683867,1.0
Trbv17,0.0,0.0009777448140084,19.899805068969727,0.9888502385877284,0.1678170263767242,19.899805068969727,0.4679991859106411,1.0,19.899805068969727,0.5282133287683867,1.0
Trbv19,0.0,0.002335503231734,21.1569881439209,0.9888502385877284,0.1678170263767242,21.1569881439209,0.4679991859106411,1.0,21.1569881439209,0.5282133287683867,1.0
Trbv20,0.0,0.0,0.0,0.9888502385877284,0.1005259156227111,0.0,1.0,0.0,0.0,1.0,0.0
Trbv21,0.0,0.0,0.0,0.9888502385877284,0.1005259156227111,0.0,1.0,0.0,0.0,1.0,0.0
Trbv23,0.0,0.0,0.0,0.9888502385877284,0.1005259156227111,0.0,1.0,0.0,0.0,1.0,0.0
Trbv24,0.0,0.0,0.0,0.9888502385877284,0.1005259156227111,0.0,1.0,0.0,0.0,1.0,0.0
Trbv26,0.0,0.0,0.0,0.9888502385877284,0.1005259156227111,0.0,1.0,0.0,0.0,1.0,0.0
Trbv29,0.0,0.0004586329159792,18.807313919067383,0.9888502385877284,0.1678170263767242,18.807313919067383,0.4679991859106411,1.0,18.807313919067383,0.5282133287683867,1.0
Try4,0.0,0.0,0.0,0.9888502385877284,0.1005259156227111,0.0,1.0,0.0,0.0,1.0,0.0
Try5,0.0,0.0,0.0,0.9888502385877284,0.1005259156227111,0.0,1.0,0.0,0.0,1.0,0.0
Gm10334,0.0,0.0,0.0,0.9888502385877284,0.1005259156227111,0.0,1.0,0.0,0.0,1.0,0.0
Prss2,0.009287322871387,0.0098291626200079,0.08219725638628,0.9888502385877284,0.2022467851638794,0.08219725638628,1.0,0.0659367069602012,0.08219725638628,1.0,0.0548807829618454
Trbc1,1.974350094795227,1.9453541040420528,-0.0486925728619098,0.6366312423179743,-1.0282621383666992,-0.0486925728619098,0.7814028659682181,-0.5283752083778381,-0.0486925728619098,0.8511279168792019,-0.456238716840744
Trbc2,2.6530394554138184,3.05457091331482,0.6149944067001343,3.0349982441570126e-38,13.211315155029297,0.6149944067001343,5.2196678324482404e-42,14.48721408843994,0.6149944067001343,2.0915439724891078e-29,12.03711223602295
Trbv31,0.0008603712194599,0.0021978800650686,1.3540453910827637,0.9888502385877284,0.201798677444458,1.3540453910827637,0.6298032649777946,0.7455594539642334,1.3540453910827637,0.7043007522488275,0.6699873805046082
Ephb6,0.0116895521059632,0.010657450184226,-0.1341032087802887,0.9888502385877284,0.2360790520906448,-0.1341032087802887,1.0,-0.1821526736021042,-0.1341032087802887,1.0,-0.1513850688934326
Gstk1,0.0268710516393184,0.0047114342451095,-2.527841329574585,0.9888502385877284,-0.4980737864971161,-2.527841329574585,0.0011833077576413,-3.613660097122192,-2.527841329574585,0.0249882075560367,-2.681959629058838
Casp2,0.1123895049095153,0.1617452949285507,0.5616321563720703,0.0137752949945994,2.921674489974976,0.5616321563720703,0.0260561283422892,2.60392689704895,0.5616321563720703,0.0715396162442894,2.2385215759277344
Clcn1,0.0,0.0,0.0,0.9888502385877284,0.1005259156227111,0.0,1.0,0.0,0.0,1.0,0.0
Fam131b,0.0,0.0,0.0,0.9888502385877284,0.1005259156227111,0.0,1.0,0.0,0.0,1.0,0.0
Zyx,0.3204375207424164,0.9908064007759094,2.164499044418335,1.9719050783484584e-64,17.19366455078125,2.164499044418335,1.5660288467943414e-76,20.93377685546875,2.164499044418335,9.806789900614949e-62,18.295555114746094
Epha1,0.0010607464937493,0.0,-20.017414093017575,0.9888502385877284,0.0673658028244972,-20.017414093017575,0.4679991859106411,-1.0,-20.017414093017575,0.6832027011037286,-0.7008072733879089
Arhgef5,0.0057584210298955,0.0015708997379988,-1.8771039247512815,0.9994412017932364,0.001643068389967,-1.8771039247512815,0.3079942910128713,-1.3737618923187256,-1.8771039247512815,0.5282133287683867,-1.0352360010147097
Tpk1,0.0198657698929309,0.0200724098831415,0.0150786219164729,0.9888502385877284,0.5613319277763367,0.0150786219164729,1.0,0.0294600278139114,0.0150786219164729,1.0,0.0242018662393093
Cntnap2,0.0,0.0,0.0,0.9888502385877284,0.1005259156227111,0.0,1.0,0.0,0.0,1.0,0.0
Cul1,0.2580591440200805,0.3461247086524963,0.4903096258640289,0.0004083452503468,3.957927703857422,0.4903096258640289,0.0031692275716146,3.327194929122925,0.4903096258640289,0.016833564842906,2.824375629425049
Ezh2,0.1434085071086883,0.4448744058609009,1.86137056350708,1.3011687714752127e-21,9.869912147521973,1.86137056350708,4.186173060054844e-24,10.837563514709473,1.86137056350708,3.9081899946565676e-20,9.785600662231444
Pdia4,0.2715139091014862,0.3485695123672485,0.4188717007637024,0.0020079999427877,3.5249791145324707,0.4188717007637024,0.0098752750185448,2.9581243991851807,0.4188717007637024,0.0389876130160497,2.5010745525360107
Zfp786,0.0012513224501162,0.0,-20.25592613220215,0.9888502385877284,0.0673658028244972,-20.25592613220215,0.4679991859106411,-1.0,-20.25592613220215,0.6832027011037286,-0.7008072733879089
Zfp398,0.2793093919754028,0.174538105726242,-0.7567543387413025,0.2006050103686696,-1.786836862564087,-0.7567543387413025,3.681769944917991e-05,-4.496466159820557,-0.7567543387413025,0.0012927874528439,-3.6447207927703857
Zfp282,0.0365608967840671,0.0713519603013992,0.9899738430976868,0.1232153705651447,2.037404775619507,0.9899738430976868,0.0135705719495674,2.848134756088257,0.9899738430976868,0.0378445114578135,2.5130550861358643
Zfp212,0.0640024244785308,0.1005253419280052,0.6780675053596497,0.0828610439529791,2.220607042312622,0.6780675053596497,0.0436954061852062,2.3950562477111816,0.6780675053596497,0.1001310584044173,2.081028461456299
Zfp956,0.0285948049277067,0.0235423259437084,-0.284156858921051,0.9888502385877284,0.1626637727022171,-0.284156858921051,0.736893903541284,-0.5909760594367981,-0.284156858921051,0.8265496063529603,-0.4925859868526459
Zfp777,0.058924775570631,0.0348425917327404,-0.7755297422409058,0.9888502385877284,-0.0323385745286941,-0.7755297422409058,0.0618153564677311,-2.244943618774414,-0.7755297422409058,0.1784078444289409,-1.7841254472732544
Zfp746,0.150771290063858,0.1959399878978729,0.4115734100341797,0.0218312826152448,2.756321907043457,0.4115734100341797,0.0753176187788048,2.1562647819519043,0.4115734100341797,0.159939571304811,1.84190571308136
Krba1,0.0715627074241638,0.0477492399513721,-0.6010785102844238,0.9888502385877284,-0.1801400482654571,-0.6010785102844238,0.1306994955730493,-1.889179229736328,-0.6010785102844238,0.2696211746554477,-1.536029815673828
Zfp467,0.0123682701960206,0.0014856299385428,-3.0653555393218994,0.9888502385877284,-0.1977656930685043,-3.0653555393218994,0.0195287655837006,-2.7128076553344727,-3.0653555393218994,0.125400020554288,-1.971184253692627
Lrrc61,0.0269147027283906,0.039975069463253,0.5801795721054077,0.8282596710121769,0.785834789276123,0.5801795721054077,0.3434990162276147,1.2999017238616943,0.5801795721054077,0.4631889801471787,1.1430516242980957
Rarres2,0.0022934165317565,0.0015894471434876,-0.529481053352356,0.9888502385877284,0.1013474464416503,-0.529481053352356,0.9383383897322072,-0.3049042522907257,-0.529481053352356,0.991000627937457,-0.2452951371669769
Repin1,0.0031555949244648,0.0164878200739622,2.395049333572388,0.8105458938598636,0.8061491250991821,2.395049333572388,0.0314141827643248,2.53330135345459,2.395049333572388,0.0511737924485558,2.387183666229248
Zfp775,0.0448284856975078,0.0454487279057502,0.0202749278396368,0.8828697861962218,0.7201120853424072,0.0202749278396368,1.0,0.0560950301587581,0.0202749278396368,1.0,0.0471610687673091
AI854703,0.0227181185036897,0.0094520691782236,-1.2747360467910769,0.9888502385877284,-0.1001524850726127,-1.2747360467910769,0.089855550323197,-2.0743520259857178,-1.2747360467910769,0.2388170847535106,-1.6118894815444946
Gimap8,0.5017706155776978,0.6371293663978577,0.4514158368110657,0.0012266770226341,3.6649386882781982,0.4514158368110657,0.0001946671458336,4.099864482879639,0.4514158368110657,0.0024764297923688,3.45263147354126
Gimap9,0.6024329662322998,0.9603063464164734,0.9641094207763672,5.870643963104115e-17,8.704005241394043,0.9641094207763672,5.98910546394994e-23,10.420035362243652,0.9641094207763672,1.86853322563202e-16,8.754589080810547
Gimap4,1.3379074335098269,2.323324918746948,1.7120181322097778,8.742508866400444e-120,23.487438201904297,1.7120181322097778,9.362539021162889e-153,30.666414260864254,1.7120181322097778,8.319059556408212e-95,24.402544021606445
Gimap6,1.4123989343643188,1.6993640661239624,0.5254643559455872,2.8821495361199256e-11,7.015230178833008,0.5254643559455872,5.034764758824217e-15,8.254962921142578,0.5254643559455872,2.8735038785033685e-10,6.760053634643555
Gm28053,0.0114612253382802,0.0072327409870922,-0.667201578617096,0.9888502385877284,0.1026917770504951,-0.667201578617096,0.5745589175702971,-0.829164981842041,-0.667201578617096,0.7039530008513588,-0.6705488562583923
Gimap7,0.5550689697265625,1.4635676145553589,2.1621594429016118,2.335914834981357e-85,19.810550689697266,2.1621594429016118,3.4033366142135067e-112,25.97625541687012,2.1621594429016118,1.5569434142492268e-82,21.844383239746094
Gimap1,1.0754714012145996,1.596450686454773,1.0269131660461426,6.245165896625465e-35,12.6174955368042,1.0269131660461426,1.4636584702562645e-44,14.92789077758789,1.0269131660461426,2.917017982483859e-30,12.246614456176758
Gimap5,0.7573844194412231,1.2815393209457395,1.1999670267105105,6.222854151408085e-32,12.052653312683104,1.1999670267105105,4.680679566181924e-41,14.344732284545898,1.1999670267105105,1.3769648002616696e-29,12.066951751708984
Gimap3,1.19903826713562,1.708862066268921,0.9649643898010254,6.408122869975912e-34,12.428991317749023,0.9649643898010254,1.296298862396958e-41,14.376564025878906,0.9649643898010254,2.466099414092557e-28,11.80781078338623
Tmem176b,0.0133245522156357,0.0376899018883705,1.517741560935974,0.4868837169974686,1.238276124000549,1.517741560935974,0.0254394856892376,2.6144723892211914,1.517741560935974,0.0549952709525906,2.355027675628662
Tmem176a,0.0170616097748279,0.0381787940859794,1.1773207187652588,0.6545738042424895,1.0045123100280762,1.1773207187652588,0.118923291021816,1.9383589029312132,1.1773207187652588,0.1968827829780986,1.727303147315979
Gpnmb,0.0,0.003192575648427,21.608592987060547,0.9888502385877284,0.2351081520318985,21.608592987060547,0.3254564715431498,1.3370606899261477,21.608592987060547,0.3590068598784833,1.3370606899261477
Malsu1,0.2107811570167541,0.3011870682239532,0.5829073786735535,0.0003591425538201,3.990714550018311,0.5829073786735535,0.0008166826432117,3.7221429347991934,0.5829073786735535,0.0057566187208597,3.1899585723876958
Igf2bp3,0.0774621814489364,0.1144711524248123,0.590543270111084,0.0330908629602907,2.601649522781372,0.590543270111084,0.0554496561733848,2.293873786926269,0.590543270111084,0.1224571384556511,1.982275485992432
Tra2a,0.7429065108299255,0.7977840304374695,0.1474363654851913,0.761845558024713,0.86500084400177,0.1474363654851913,0.2293154170401566,1.5698554515838623,0.1474363654851913,0.3796149748197306,1.295631766319275
Ccdc126,0.0678961426019668,0.0222391001880168,-1.6434131860733032,0.7500272435386597,-0.8800871968269348,-1.6434131860733032,5.118259590697599e-05,-4.417799472808838,-1.6434131860733032,0.0032740469613247,-3.37296462059021
Fam221a,0.0047248089686036,0.0191089138388633,2.0263142585754395,0.6276304102792332,1.039763569831848,2.0263142585754395,0.0275591459529625,2.583852529525757,2.0263142585754395,0.0528313862334806,2.37247633934021
Mpp6,0.1334698349237442,0.2941805124282837,1.2602438926696775,3.405233508295094e-09,6.284811496734619,1.2602438926696775,1.1240967692551366e-10,6.874995231628418,1.2602438926696775,1.4720070550998166e-08,6.096428871154785
Gsdme,0.0388058759272098,0.044448334723711,0.1999526470899582,0.587082966114928,1.0945823192596436,0.1999526470899582,0.7804754455741596,0.5296837687492371,0.1999526470899582,0.858334955402571,0.4456669390201568
Osbpl3,0.0185009967535734,0.6606425046920776,5.647522926330566,2.0845883770698782e-80,19.223451614379883,5.647522926330566,3.1004021310895715e-84,24.51842498779297,5.647522926330566,8.226870384885339e-84,24.135974884033203
Cycs,0.5968335866928101,1.0230963230133057,1.1260570287704468,2.824279175840619e-23,10.25259780883789,1.1260570287704468,8.677281253255036e-29,11.841270446777344,1.1260570287704468,9.437697019956894e-22,10.186429023742676
4921507P07Rik,0.0012630518758669,0.0,-20.26939392089844,0.9888502385877284,0.0673658028244972,-20.26939392089844,0.4679991859106411,-1.0,-20.26939392089844,0.6832027011037286,-0.7008072733879089
Nfe2l3,0.0020731466356664,0.0,-20.984886169433597,0.9888502385877284,0.0342056974768638,-20.984886169433597,0.2942789202292576,-1.410940647125244,-20.984886169433597,0.5299909986835808,-0.9887974262237548
Hnrnpa2b1,1.6706911325454712,1.877343773841858,0.3592338860034942,3.4950765258518654e-06,5.036377906799316,0.3592338860034942,1.6708500902115943e-09,6.410398960113525,0.3592338860034942,1.6318352312278912e-06,5.2231268882751465
Cbx3,0.8636987805366516,1.1614961624145508,0.6778358221054077,2.057867591798957e-11,7.063625812530518,0.6778358221054077,2.345185721158496e-13,7.76168155670166,0.6778358221054077,7.055985734064033e-10,6.607560157775879
Snx10,0.0636781826615333,0.4351028501987457,3.051530361175537,2.699566510608572e-32,12.12203598022461,3.051530361175537,7.426624412711697e-39,14.439722061157228,3.051530361175537,5.181091168603671e-36,13.669451713562012
Skap2,0.0427385978400707,0.164331167936325,2.0322179794311523,5.949872734504659e-07,5.3835883140563965,2.0322179794311523,1.1956029922853563e-11,7.249945163726807,2.0322179794311523,4.106445522332121e-10,6.711456298828125
Hoxa5,0.0013320199213922,0.0,-20.34614562988281,0.9888502385877284,0.0673658028244972,-20.34614562988281,0.4679991859106411,-1.0,-20.34614562988281,0.6832027011037286,-0.7008072733879089
Hoxa7,0.0128442998975515,0.0,-23.623899459838867,0.9888502385877284,-0.2310751676559448,-23.623899459838867,0.0091421739911655,-2.9851603507995605,-23.623899459838867,0.0985279706247228,-2.092021942138672
Hibadh,0.2082046270370483,0.1978118419647216,-0.0816235095262527,0.5487433563431381,1.1476832628250122,-0.0816235095262527,0.8226228738185286,-0.4691884517669678,-0.0816235095262527,0.8964542588359766,-0.389762133359909
Tax1bp1,0.8994837999343872,1.0069411993026731,0.2524558901786804,0.1589657067306626,1.9094696044921875,0.2524558901786804,0.0118867685322201,2.8932948112487797,0.2524558901786804,0.0454155280113955,2.4371204376220703
Jazf1,0.0,0.0147601123899221,23.82586097717285,0.838242944553846,0.7734370827674866,23.82586097717285,0.0078491660462572,3.0451574325561523,23.82586097717285,0.0091597054219704,3.0451574325561523
Creb5,0.0,0.0,0.0,0.9888502385877284,0.1005259156227111,0.0,1.0,0.0,0.0,1.0,0.0
Chn2,0.0022061108611524,0.0502578727900981,4.544585704803467,0.0775968282064502,2.250480890274048,4.544585704803467,9.768438718092808e-07,5.316690444946289,4.544585704803467,1.7454248662305427e-06,5.236432552337647
Wipf3,0.0,0.0,0.0,0.9888502385877284,0.1005259156227111,0.0,1.0,0.0,0.0,1.0,0.0
Plekha8,0.0056409416720271,0.0116727733984589,1.053496479988098,0.9888502385877284,0.4031492471694946,1.053496479988098,0.4005285977975705,1.1867557764053345,1.053496479988098,0.5140325661594004,1.059151291847229
Mturn,0.0913000330328941,0.0323711521923542,-1.5388531684875488,0.4414480097079991,-1.310347080230713,-1.5388531684875488,1.3178672109896338e-05,-4.723535537719727,-1.5388531684875488,0.0012589266451028,-3.655696153640747
Znrf2,0.5859036445617676,0.6628665924072266,0.2393122166395187,0.0962533839755674,2.153017044067383,0.2393122166395187,0.0582471710879804,2.271838426589966,0.2393122166395187,0.1420705604424017,1.904125094413757
Nod1,0.0888705030083656,0.1268647313117981,0.5414140224456787,0.068867333617225,2.302834987640381,0.5414140224456787,0.0585534314053461,2.269789934158325,0.5414140224456787,0.1265570890453165,1.9646602869033811
Ggct,0.1876182109117508,0.3081404566764831,0.8063147068023682,2.0421377261187165e-06,5.1451191902160645,0.8063147068023682,5.932501744790087e-06,4.908452033996582,0.8063147068023682,0.0001248270793975,4.259898662567139
Gars,0.2192723900079727,0.4138066470623016,1.0639492273330688,6.54232358141959e-11,6.896182060241699,1.0639492273330688,1.2695754132242127e-11,7.200887680053711,1.0639492273330688,5.0046271321193084e-09,6.281100273132324
Pde1c,0.0,0.0005947765312157,19.182418823242188,0.9888502385877284,0.1678170263767242,19.182418823242188,0.4679991859106411,1.0,19.182418823242188,0.5282133287683867,1.0
Lsm5,0.5874255299568176,0.8592003583908081,0.7680555582046509,4.3905253059825403e-10,6.608421325683594,0.7680555582046509,3.603287143860802e-13,7.70339822769165,0.7680555582046509,8.065992046923708e-10,6.585346698760986
Avl9,0.3606073558330536,0.3469714522361755,-0.0660265162587165,0.9888502385877284,0.2932877242565155,-0.0660265162587165,0.8132163511459798,-0.4837060570716858,-0.0660265162587165,0.8862643339308586,-0.4051390290260315
Kbtbd2,0.155845433473587,0.1547183245420456,-0.0113058788701891,0.4659936578194985,1.2718843221664429,-0.0113058788701891,1.0,-0.0556338466703891,-0.0113058788701891,1.0,-0.0465021282434463
Fkbp9,0.0012875914108008,0.0,-20.29717254638672,0.9888502385877284,0.0673658028244972,-20.29717254638672,0.4679991859106411,-1.0,-20.29717254638672,0.6832027011037286,-0.7008072733879089
Nt5c3,0.2828044295310974,0.3375638723373413,0.2968951165676117,0.0088227032115259,3.07171630859375,0.2968951165676117,0.08669678530572,2.0915122032165527,0.2968951165676117,0.1857165571369228,1.7617993354797363
Vmn1r4,0.0,0.0024667072575539,21.23593521118164,0.9888502385877284,0.2351081520318985,21.23593521118164,0.323966532285412,1.3399617671966553,21.23593521118164,0.3574833529411312,1.3399617671966553
Vmn1r6,0.0,0.0,0.0,0.9888502385877284,0.1005259156227111,0.0,1.0,0.0,0.0,1.0,0.0
Vmn1r12,0.001121420529671,0.0014833023305982,0.4037460684776306,0.9888502385877284,0.1345822364091873,0.4037460684776306,1.0,0.194611594080925,0.4037460684776306,1.0,0.1658547520637512
Vmn1r16,0.0,0.0,0.0,0.9888502385877284,0.1005259156227111,0.0,1.0,0.0,0.0,1.0,0.0
Ppm1k,0.1379025131464004,0.1093019247055053,-0.3563854396343231,0.9888502385877284,0.2620694041252136,-0.3563854396343231,0.2408558270139555,-1.5405112504959106,-0.3563854396343231,0.3930938747903267,-1.271060347557068
Herc6,0.2690419256687164,0.3440463542938232,0.4116363227367401,0.0035480394650099,3.357685089111328,0.4116363227367401,0.0198044641418764,2.7090132236480717,0.4116363227367401,0.0592840112326141,2.3226523399353027
Pyurf,0.0741940066218376,0.1450438946485519,1.0191558599472046,0.0006354038231049,3.844331979751587,1.0191558599472046,0.00013182043031,4.202152252197266,1.0191558599472046,0.0010903467566361,3.692582368850708
Lancl2,0.0086753936484456,0.0336052700877189,1.97173273563385,0.3632253238960762,1.4394773244857788,1.97173273563385,0.0046832418221011,3.2108054161071777,1.97173273563385,0.011395767631881,2.9636449813842773
Vopp1,0.0641480162739753,0.0980990678071975,0.6376564502716064,0.1168023539457146,2.062648296356201,0.6376564502716064,0.0580406166529118,2.274214267730713,0.6376564502716064,0.123117111505495,1.979011058807373
Abcg2,0.0288281831890344,0.0093460269272327,-1.6391528844833374,0.9888502385877284,-0.2705087959766388,-1.6391528844833374,0.0126627964898023,-2.8691906929016118,-1.6391528844833374,0.0823190368058287,-2.1745927333831787
Herc3,0.1923431903123855,0.1628719419240951,-0.2618328034877777,0.9888502385877284,0.4481842517852783,-0.2618328034877777,0.3088521167627134,-1.3719011545181274,-0.2618328034877777,0.4679004029095052,-1.1349353790283203
Nap1l5,0.0023529925383627,0.0028732563368976,0.2885651588439941,0.9888502385877284,0.1016461849212646,0.2885651588439941,1.0,0.1566106081008911,0.2885651588439941,1.0,0.1394630670547485
Fam13a,0.002301761880517,0.0,-21.135969161987305,0.9888502385877284,0.0342056974768638,-21.135969161987305,0.2955799464069707,-1.404587745666504,-21.135969161987305,0.531236284290797,-0.984345316886902
Tigd2,0.3508223593235016,0.3055136799812317,-0.2339713871479034,0.9901165089512994,-0.0283802729099988,-0.2339713871479034,0.196058511388492,-1.6605255603790283,-0.2339713871479034,0.3433116104110806,-1.3677358627319336
Gprin3,0.1889311820268631,0.1874088644981384,-0.012804158963263,0.5417593213527411,1.158288598060608,-0.012804158963263,1.0,-0.0675938799977302,-0.012804158963263,1.0,-0.0569381676614284
Snca,0.0003030791413038,0.0,-18.20955848693848,0.9888502385877284,0.0673658028244972,-18.20955848693848,0.4679991859106411,-1.0,-18.20955848693848,0.6832027011037286,-0.7008072733879089
Ccser1,0.0,0.0,0.0,0.9888502385877284,0.1005259156227111,0.0,1.0,0.0,0.0,1.0,0.0
Smarcad1,0.1457409411668777,0.2548863887786865,0.8878065943717957,3.2214197901904263e-06,5.05333137512207,0.8878065943717957,4.510497006791991e-06,4.967343330383301,0.8878065943717957,9.806005683481994e-05,4.319167613983154
Hpgds,0.0288494676351547,0.0017764709191396,-4.041036605834961,0.952192654082454,-0.6298180222511292,-4.041036605834961,5.590396498807039e-05,-4.401762008666992,-4.041036605834961,0.0066362694685559,-3.152426481246948
Tnip3,0.0019802139140665,0.1042696461081504,5.792957782745361,0.0003411840333325,4.003485679626465,5.792957782745361,5.316710474170765e-12,7.429253578186035,5.792957782745361,9.126066523402622e-12,7.381746768951416
Ndnf,0.0034498109016567,0.0175118260085582,2.3539011478424072,0.8677593012897103,0.7387832999229431,2.3539011478424072,0.0361841304761702,2.474937677383423,2.3539011478424072,0.0584916580220678,2.329772472381592
Prdm5,0.0003030791413038,0.0041757677681744,3.787065267562866,0.9888502385877284,0.2693138420581817,3.787065267562866,0.2876933765860344,1.4345563650131226,3.787065267562866,0.3200124154468352,1.42527973651886
Mad2l1,0.0407752357423305,0.1560294926166534,2.020555019378662,5.886135200904208e-07,5.385828971862793,2.020555019378662,6.272459416018044e-11,6.987872123718262,2.020555019378662,2.353386806726012e-09,6.4194440841674805
Vmn1r32,0.0,0.0,0.0,0.9888502385877284,0.1005259156227111,0.0,1.0,0.0,0.0,1.0,0.0
Gng12,0.0500632412731647,0.0498574487864971,-0.0060923509299755,0.9275445003620542,0.6624553203582764,-0.0060923509299755,1.0,-0.0168394073843956,-0.0060923509299755,1.0,-0.0141852041706442
Gadd45a,0.0708116665482521,0.0221189502626657,-1.7141002416610718,0.683793788529068,-0.9670204520225524,-1.7141002416610718,4.34889243745913e-05,-4.455321311950684,-1.7141002416610718,0.0029159591492382,-3.4079065322875977
Serbp1,1.749582052230835,1.9113353490829468,0.2780024707317352,5.869099422383156e-06,4.930997848510742,0.2780024707317352,2.6199640978291106e-06,5.072229385375977,0.2780024707317352,0.0001512317763707,4.213576316833496
Il12rb2,0.0133200008422136,0.2932727634906769,4.667675971984863,1.7331186889551157e-24,10.524301528930664,4.667675971984863,1.665811462270793e-34,13.634451866149902,4.667675971984863,1.1292606179784478e-33,13.392882347106934
Il23r,0.0,0.0,0.0,0.9888502385877284,0.1005259156227111,0.0,1.0,0.0,0.0,1.0,0.0
Tacstd2,0.0010574731277301,0.0,-20.012954711914062,0.9888502385877284,0.0673658028244972,-20.012954711914062,0.4679991859106411,-1.0,-20.012954711914062,0.6832027011037286,-0.7008072733879089
Igkv14-111,0.0,0.0,0.0,0.9888502385877284,0.1005259156227111,0.0,1.0,0.0,0.0,1.0,0.0
Igkc,0.0414758846163749,0.3897822499275207,3.492591381072998,1.1482433075845528e-22,10.114206314086914,3.492591381072998,6.659661518992998e-28,11.915938377380373,3.492591381072998,8.697788039865586e-26,11.326493263244627
Rpia,0.1395391970872879,0.2311224341392517,0.796089768409729,3.049079235324628e-05,4.579829216003418,0.796089768409729,8.399867284602554e-05,4.309915065765381,0.796089768409729,0.0009450566223013,3.731314659118652
Eif2ak3,0.0553878434002399,0.0670904442667961,0.2850656509399414,0.4632082337032016,1.2761414051055908,0.2850656509399414,0.5254395257597372,0.9052169919013976,0.2850656509399414,0.6694563003802079,0.7722058296203613
Thnsl2,0.0020442982204258,0.0018327396828681,-0.1577563136816024,0.9888502385877284,0.1013474464416503,-0.1577563136816024,1.0,-0.0905739665031433,-0.1577563136816024,1.0,-0.0765979140996933
Smyd1,0.0023870060686022,0.0175877176225185,2.892276763916016,0.8383664917086351,0.7729142904281616,2.892276763916016,0.0224550998969942,2.6658923625946045,2.892276763916016,0.0348211948887277,2.550450563430786
Krcc1,0.4342063367366791,0.5493398308753967,0.4291488528251648,0.0024077586997522,3.472849130630493,0.4291488528251648,0.0008713033209144,3.703010082244873,0.4291488528251648,0.0069028563703916,3.131305694580078
Cd8b1,2.4688124656677246,2.306968212127685,-0.2571338415145874,5.866788457460247e-11,-6.912015438079834,-0.2571338415145874,8.126642453503375e-07,-5.30781364440918,-0.2571338415145874,6.798648996090855e-05,-4.40883731842041
Cd8a,1.6145012378692627,1.4997127056121826,-0.2098715454339981,8.041160200757787e-06,-4.86564826965332,-0.2098715454339981,0.007100049946179,-3.068543672561645,-0.2098715454339981,0.0341875930564485,-2.555873155593872
Rmnd5a,0.1972424089908599,0.1447415649890899,-0.4854406118392944,0.9994412017932364,-0.0046304655261337,-0.4854406118392944,0.0281097811113089,-2.572806596755981,-0.4854406118392944,0.0980911706612777,-2.0914125442504883
Rnf103,0.0716330632567405,0.0653381198644638,-0.1372934579849243,0.9556765055003056,0.6258596777915955,-0.1372934579849243,0.8324748667557388,-0.4549965262413025,-0.1372934579849243,0.90253269668118,-0.3809430599212646
Chmp3,0.277301013469696,0.3111243546009063,0.1916315257549286,0.1158717638281646,2.0665318965911865,0.1916315257549286,0.3493109772079247,1.2870012521743774,0.1916315257549286,0.4937071692534021,1.0922181606292725
Kdm3a,0.1588847935199737,0.1653591990470886,0.0624187588691711,0.5712305339364985,1.1164649724960327,0.0624187588691711,0.9385368408095932,0.3040582239627838,0.0624187588691711,0.9819702577427522,0.258996844291687
Reep1,0.0,0.0,0.0,0.9888502385877284,0.1005259156227111,0.0,1.0,0.0,0.0,1.0,0.0
Mrpl35,0.2905955612659454,0.3907144069671631,0.5034148097038269,0.0004079868029035,3.958226442337036,0.5034148097038269,0.0009760436408328,3.672096967697144,0.5034148097038269,0.0072282665774899,3.115829944610596
Immt,0.3540631830692291,0.4405891001224518,0.3819644153118133,0.0050656185970038,3.247375249862671,0.3819644153118133,0.0118069759229228,2.8959708213806152,0.3819644153118133,0.0439445314344159,2.4512524604797363
Ptcd3,0.1309664398431778,0.1148759499192237,-0.2009647637605667,0.7671973660736957,0.8584285378456116,-0.2009647637605667,0.5112924225207331,-0.9282820820808412,-0.2009647637605667,0.6740766202037423,-0.7643725275993347
Polr1a,0.108074739575386,0.0857231244444847,-0.3506564497947693,0.9888502385877284,0.5691738128662109,-0.3506564497947693,0.2942789202292576,-1.415910720825195,-0.3506564497947693,0.4537555926344743,-1.1590452194213867
St3gal5,0.0011823462555184,0.0017851316370069,0.5948124527931213,0.9888502385877284,0.201798677444458,0.5948124527931213,0.9140980953887112,0.3381081819534302,0.5948124527931213,0.9682389392069064,0.2802327871322632
Usp39,0.1484875231981277,0.1755131036043167,0.2612581253051758,0.0862959344693198,2.2023091316223145,0.2612581253051758,0.3226395131060807,1.3417168855667114,0.2612581253051758,0.4655352768755184,1.1389268636703491
0610030E20Rik,0.1872299313545227,0.2113709300756454,0.1929580420255661,0.139466031243128,1.976088523864746,0.1929580420255661,0.4679991859106411,1.0667762756347656,0.1929580420255661,0.5816751903824845,0.9038435816764832
Tmem150a,0.0035116921644657,0.0122083229944109,1.8039079904556277,0.9888502385877284,0.4041948318481445,1.8039079904556277,0.2177023486681235,1.6015433073043823,1.8039079904556277,0.2874392134848677,1.4947450160980225
Rnf181,0.1301015168428421,0.2160925567150116,0.7958295345306396,0.0002212726482969,4.112152099609375,0.7958295345306396,0.0002343917369624,4.055603504180908,0.7958295345306396,0.0018988453544719,3.5314109325408936
Vamp5,0.1777349859476089,0.3459378182888031,1.087406039237976,3.1535450939713222e-09,6.297507762908936,1.087406039237976,1.606955390880643e-09,6.443882942199707,1.087406039237976,1.55682546190239e-07,5.674306869506836
Vamp8,0.4968560039997101,1.1850560903549194,1.819130539894104,1.2546571988836698e-60,16.674081802368164,1.819130539894104,4.998770414040317e-75,20.422758102416992,1.819130539894104,5.608999149063208e-57,17.451961517333984
Ggcx,0.0280994828790426,0.0106111234053969,-1.4176219701766968,0.9888502385877284,-0.2338385134935379,-1.4176219701766968,0.0391789768303498,-2.43778133392334,-1.4176219701766968,0.1470228969481251,-1.886917233467102
Mat2a,0.5814564824104309,0.5185889005661011,-0.2145656496286392,0.3752712559272566,-1.4176692962646484,-0.2145656496286392,0.1400860073092465,-1.8525402545928955,-0.2145656496286392,0.2619938522070111,-1.5540506839752195
Capg,0.0690031126141548,0.4990924000740051,3.179473876953125,1.6381310587278695e-30,11.775050163269045,3.179473876953125,8.43740049756534e-37,14.04769515991211,3.179473876953125,8.914114974823023e-35,13.474069595336914
Elmod3,0.0338015593588352,0.0366554595530033,0.1190088838338851,0.9216095003598496,0.6709693670272827,0.1190088838338851,0.9451397243317154,0.2943662703037262,0.1190088838338851,0.9892273916109368,0.247943103313446
Retsat,0.0081463390961289,0.0026688016951084,-1.613914132118225,0.9888502385877284,-0.0312182996422052,-1.613914132118225,0.2309427821788429,-1.5651392936706543,-1.613914132118225,0.4342111068384724,-1.191733956336975
Tgoln1,0.3688609004020691,0.5661560893058777,0.7714887857437134,2.1599185623152617e-08,5.978304386138916,0.7714887857437134,3.3084948550512966e-09,6.313914299011231,0.7714887857437134,5.615670092855495e-07,5.429307460784912
Tcf7l1,0.0118443397805094,0.015241976827383,0.3663087487220764,0.9888502385877284,0.5009118318557739,0.3663087487220764,0.7571734624495464,0.5635114908218384,0.3663087487220764,0.8384964156689587,0.4758262634277344
Kcmf1,0.238039031624794,0.3211376070976257,0.4947260320186615,0.0009022417141017,3.748810052871704,0.4947260320186615,0.0036974293447138,3.2801060676574707,0.4947260320186615,0.0180080204138668,2.80029845237732
Tmsb10,3.8274950981140137,3.2919838428497314,-0.795495867729187,3.9020779199321344e-107,-22.208385467529297,-0.795495867729187,5.669078960354733e-97,-25.046222686767575,-0.795495867729187,1.552861026366045e-86,-22.665607452392575
Suclg1,0.5376072525978088,0.520039975643158,-0.0617138147354126,0.7312523201491311,-0.9024179577827454,-0.0617138147354126,0.759045418210528,-0.5605837106704712,-0.0617138147354126,0.8409354942434076,-0.4722627401351928
Gm9008,0.0124015677720308,0.0153326876461505,0.3082073032855987,0.9888502385877284,0.4673782885074615,0.3082073032855987,0.8169175377172678,0.4777103960514068,0.3082073032855987,0.8854720040660781,0.4063029885292053
Reg2,0.0,0.0020565974991768,20.973312377929688,0.9888502385877284,0.1678170263767242,20.973312377929688,0.4679991859106411,1.0,20.973312377929688,0.5282133287683867,1.0
Reg1,0.0,0.000480409245938,18.87425422668457,0.9888502385877284,0.1678170263767242,18.87425422668457,0.4679991859106411,1.0,18.87425422668457,0.5282133287683867,1.0
Gm20594,0.0,0.0,0.0,0.9888502385877284,0.1005259156227111,0.0,1.0,0.0,0.0,1.0,0.0
Gcfc2,0.070252425968647,0.0963251814246177,0.4744337201118469,0.1230634332646507,2.038002252578736,0.4744337201118469,0.1782760532659355,1.7179819345474243,0.4744337201118469,0.2945184989643464,1.4791505336761477
Mrpl19,0.2260914295911789,0.34659543633461,0.7074140906333923,4.514098461496592e-06,4.984621524810791,0.7074140906333923,1.542602720231189e-05,4.698505401611328,0.7074140906333923,0.000304881809074,4.035367012023926
Tacr1,0.0011500931577757,0.0,-20.1341495513916,0.9888502385877284,0.0673658028244972,-20.1341495513916,0.4679991859106411,-1.0,-20.1341495513916,0.6832027011037286,-0.7008072733879089
Pole4,0.4948418140411377,0.6834759712219238,0.615276575088501,8.951932330318764e-06,4.843616485595703,0.615276575088501,1.1217903758616761e-07,5.689161777496338,0.615276575088501,1.0583380079144344e-05,4.829128265380859
Hk2,0.0149120045825839,0.0824462547898292,2.5160903930664062,0.0098870132104212,3.03429913520813,2.5160903930664062,6.617591668469524e-07,5.38071870803833,2.5160903930664062,3.618044998680416e-06,5.067953586578369
Sema4f,0.0470822341740131,0.0299705415964126,-0.6640602350234985,0.9888502385877284,-0.0614656955003738,-0.6640602350234985,0.1807711626136672,-1.7086957693099976,-0.6640602350234985,0.3376170219381097,-1.379547357559204
M1ap,0.0015624203952029,0.0007217935053631,-1.1147301197052002,0.9888502385877284,0.1345822364091873,-1.1147301197052002,0.8093904247248264,-0.4884276688098907,-1.1147301197052002,0.9176031951309284,-0.35872283577919
Dok1,0.0603613071143627,0.1465377062559127,1.3428107500076294,0.0001222093463061,4.257862567901611,1.3428107500076294,1.1726672715650178e-06,5.250070571899414,1.3428107500076294,2.199309138949031e-05,4.669322967529297
Loxl3,0.0,0.0016177166253328,20.62669563293457,0.9888502385877284,0.1678170263767242,20.62669563293457,0.4679991859106411,1.0,20.62669563293457,0.5282133287683867,1.0
Htra2,0.0880774930119514,0.0774780288338661,-0.1927374452352523,0.6328829309296284,1.033116579055786,-0.1927374452352523,0.6449027053156615,-0.7227957248687744,-0.1927374452352523,0.7550603588065911,-0.5954751372337341
Aup1,0.3114762604236603,0.5408720374107361,0.9733545184135436,2.793924074560326e-12,7.346233367919922,0.9733545184135436,2.378155233162281e-13,7.76428747177124,0.9733545184135436,5.209510560856416e-10,6.656510353088379
Dqx1,0.0184510927647352,0.0046174498274922,-2.008535861968994,0.9888502385877284,-0.2315979599952697,-2.008535861968994,0.029236231790927,-2.556968212127685,-2.008535861968994,0.1377601458155986,-1.9209996461868288
Pcgf1,0.0513703599572181,0.0590995959937572,0.2078389227390289,0.809836744650459,0.8082402944564819,0.2078389227390289,0.7277800474453014,0.6035319566726685,0.2078389227390289,0.8119819011590031,0.513361930847168
Lbx2,0.0010449116816744,0.0,-19.995704650878903,0.9888502385877284,0.0673658028244972,-19.995704650878903,0.4679991859106411,-1.0,-19.995704650878903,0.6832027011037286,-0.7008072733879089
Ccdc142,0.0051566152833402,0.0,-22.301713943481445,0.9888502385877284,-0.0652746260166168,-22.301713943481445,0.0668915093391778,-2.2099485397338867,-22.301713943481445,0.2645387742044696,-1.5487478971481323
Gm42688,0.0022210862953215,0.0,-21.084436416625977,0.9888502385877284,0.0673658028244972,-21.084436416625977,0.4679991859106411,-1.0,-21.084436416625977,0.6832027011037286,-0.7008072733879089
Mrpl53,0.0012022354640066,0.0026147721800953,1.1219842433929443,0.9888502385877284,0.2690151035785675,1.1219842433929443,0.6457763237456485,0.7216522693634033,1.1219842433929443,0.7438399013591609,0.6119035482406616
Mogs,0.1824402809143066,0.1560013890266418,-0.2454746961593628,0.91742310410105,0.6772429347038269,-0.2454746961593628,0.3356628152199953,-1.315096735954285,-0.2454746961593628,0.4975940582162068,-1.085707664489746
Wbp1,0.0988957732915878,0.098454512655735,-0.0067751239985227,0.4845192157336218,1.2420103549957275,-0.0067751239985227,1.0,-0.0272396057844162,-0.0067751239985227,1.0,-0.0227761436253786
Ino80b,0.2040272951126098,0.2703048586845398,0.455522358417511,0.0035679305563294,3.3559672832489014,0.455522358417511,0.0169992756588198,2.7656233310699463,0.455522358417511,0.0549839154765183,2.3549904823303223
Rtkn,0.0,0.0098660858348011,23.24116897583008,0.9888502385877284,0.5715637803077698,23.24116897583008,0.0338703392011128,2.504843473434448,23.24116897583008,0.0390945188428995,2.504843473434448
Wdr54,0.0,0.0022000730969011,21.070707321166992,0.9888502385877284,0.2351081520318985,21.070707321166992,0.3699621447455992,1.246809720993042,21.070707321166992,0.4069895507662683,1.246809720993042
Dctn1,0.1906228512525558,0.1855853646993637,-0.0423860624432563,0.3009479722966465,1.5549402236938477,-0.0423860624432563,0.9846839381665876,-0.2381551712751388,-0.0423860624432563,1.0,-0.1976979225873947
Slc4a5,0.0,0.0,0.0,0.9888502385877284,0.1005259156227111,0.0,1.0,0.0,0.0,1.0,0.0
Mthfd2,0.1602830439805984,0.2696776986122131,0.8323512077331543,7.2652894045802335e-06,4.886634826660156,0.8323512077331543,9.659819526348397e-06,4.803186416625977,0.8323512077331543,0.0001863824843144,4.1606855392456055
Mob1a,0.3562718033790588,0.5931688547134399,0.9198164939880372,2.933994435250618e-11,7.012616157531738,0.9198164939880372,7.356178293762889e-13,7.608972549438477,0.9198164939880372,9.144042425764207e-10,6.564274787902832
Bola3,0.3056055605411529,0.5374130606651306,0.9932839274406432,1.3157280370763484e-12,7.448925495147705,0.9932839274406432,1.399686045061068e-13,7.844077110290527,0.9932839274406432,2.3475723951622583e-10,6.784607887268066
Tet3,0.3178308606147766,0.2003048509359359,-0.7544954419136047,0.0739364703819689,-2.272139549255371,-0.7544954419136047,8.826976700537416e-06,-4.813721656799316,-0.7544954419136047,0.0005100181005191,-3.9018728733062735
Dguok,0.4307498633861542,0.4330163300037384,0.009323270060122,0.8924378554621948,0.7093574404716492,0.009323270060122,1.0,0.0770781934261322,0.009323270060122,1.0,0.0640349388122558
Actg2,0.0,0.0,0.0,0.9888502385877284,0.1005259156227111,0.0,1.0,0.0,0.0,1.0,0.0
Stambp,0.0709167420864105,0.1489129215478897,1.127563714981079,0.0026348489247428,3.4458131790161133,1.127563714981079,7.524871484270523e-05,4.340475559234619,1.127563714981079,0.000546206445268,3.8819289207458496
Vax2,0.0011696164729073,0.1326930969953537,6.921844959259033,3.004726208588272e-07,5.513092041015625,6.921844959259033,2.3097927055568397e-16,8.871515274047852,6.921844959259033,3.558852140383306e-16,8.843047142028809
Atp6v1b1,0.0,0.0017422962700948,20.733816146850582,0.9888502385877284,0.1678170263767242,20.733816146850582,0.4679991859106411,1.0,20.733816146850582,0.5282133287683867,1.0
Tex261,0.3488421142101288,0.5153042674064636,0.691546618938446,1.5451168360463009e-06,5.200087547302246,0.691546618938446,1.6217595557892593e-07,5.622671127319336,0.691546618938446,1.1591247444210446e-05,4.809173583984375
Nagk,0.0318696796894073,0.0431902669370174,0.4467388689517975,0.7272256513641912,0.9092143177986144,0.4467388689517975,0.4606980079324993,1.0843762159347534,0.4467388689517975,0.5632950750399317,0.9321172833442688
Paip2b,0.0887419730424881,0.0481513552367687,-0.9116541147232056,0.9888502385877284,-0.5371339917182922,-0.9116541147232056,0.0077228569480205,-3.0394458770751958,-0.9116541147232056,0.0475476959860843,-2.418372869491577
Zfp638,0.5264356136322021,0.4164842069149017,-0.4235172569751739,0.0647771187448479,-2.329945802688598,-0.4235172569751739,0.0018490395508582,-3.487546920776367,-0.4235172569751739,0.0141612254821671,-2.8870058059692383
Dysf,0.0,0.0,0.0,0.9888502385877284,0.1005259156227111,0.0,1.0,0.0,0.0,1.0,0.0
Exoc6b,0.0758476629853248,0.0561899952590465,-0.4471275508403778,0.9888502385877284,0.0477236695587635,-0.4471275508403778,0.2850415178364197,-1.438884973526001,-0.4471275508403778,0.4371992339454451,-1.186218500137329
Spr,0.1806423366069793,0.1835347115993499,0.025066677480936,0.328084890613343,1.5036317110061646,0.025066677480936,1.0,0.1376190483570099,0.025066677480936,1.0,0.1149212270975112
Sfxn5,0.006809894926846,0.0013004166539758,-2.392634630203247,0.9888502385877284,-0.0646771490573883,-2.392634630203247,0.1405717779472871,-1.850371599197388,-2.392634630203247,0.3449607933307884,-1.3646761178970337
Rab11fip5,0.0003030791413038,0.001787283224985,2.561068534851074,0.9888502385877284,0.1347316056489944,2.561068534851074,0.5815807035165119,0.8187363743782043,2.561068534851074,0.6447856630319629,0.8071318864822388
Smyd5,0.0526711083948612,0.0331170037388801,-0.6836458444595337,0.9888502385877284,0.2076240926980972,-0.6836458444595337,0.1226693704479932,-1.9213714599609373,-0.6836458444595337,0.2708657220743109,-1.5330734252929688
Pradc1,0.0558841526508331,0.0848973169922828,0.6244538426399231,0.0897755634888783,2.184832811355591,0.6244538426399231,0.0854364162384752,2.098510265350342,0.6244538426399231,0.166931048650122,1.819647192955017
Cct7,0.7769836783409119,0.8782366514205933,0.2597249746322632,0.0899585031184289,2.1837873458862305,0.2597249746322632,0.012831676639019,2.865931987762451,0.2597249746322632,0.0491581424473305,2.4027791023254395
Fbxo41,0.0,0.0,0.0,0.9888502385877284,0.1005259156227111,0.0,1.0,0.0,0.0,1.0,0.0
Egr4,0.0,0.0,0.0,0.9888502385877284,0.1005259156227111,0.0,1.0,0.0,0.0,1.0,0.0
Alms1,0.0045126252807676,0.036559697240591,3.041411161422729,0.1804261103563868,1.844269633293152,3.041411161422729,0.0001232417388544,4.231266975402832,3.041411161422729,0.000298645148813,4.049381732940674
Nat8f2,0.0,0.0,0.0,0.9888502385877284,0.1005259156227111,0.0,1.0,0.0,0.0,1.0,0.0
Nat8f4,0.006932558491826,0.0085673592984676,0.306643396615982,0.9888502385877284,0.3694663345813751,0.306643396615982,0.8898578261731718,0.3733285963535309,0.306643396615982,0.9475170491293364,0.3119164109230041
Nat8f1,0.023888487368822,0.0539381019771099,1.1968061923980713,0.2574010627876031,1.6491925716400146,1.1968061923980713,0.0145324104771798,2.8247790336608887,1.1968061923980713,0.0369271148970043,2.524038791656494
Tprkb,0.1190639659762382,0.181046113371849,0.6504487991333008,0.0016863687685127,3.575615644454956,0.6504487991333008,0.0045213028474913,3.217659473419189,0.6504487991333008,0.0198463531972962,2.764484405517578
Dusp11,0.6529907584190369,0.8446181416511536,0.5265561938285828,4.635179815524187e-05,4.485278129577637,0.5265561938285828,1.3414224104982786e-07,5.65197229385376,0.5265561938285828,1.7433727728497594e-05,4.720344066619873
Tgfa,0.0,0.0,0.0,0.9888502385877284,0.1005259156227111,0.0,1.0,0.0,0.0,1.0,0.0
Fam136a,0.1492758244276046,0.1509095579385757,0.0169116277247667,0.2973185101074663,1.5627821683883667,0.0169116277247667,1.0,0.0857166871428489,0.0169116277247667,1.0,0.0712740719318389
Snrpg,1.7513824701309204,1.766332745552063,0.0260567609220743,0.8839363201219086,-0.7186930775642395,0.0260567609220743,0.8003957518565589,0.5010061264038086,0.0260567609220743,0.8790328007247294,0.4159931540489197
Pcyox1,0.0165756307542324,0.0161617863923311,-0.0367763638496398,0.9888502385877284,0.3317504525184631,-0.0367763638496398,1.0,-0.0629437491297721,-0.0367763638496398,1.0,-0.0525133796036243
Tia1,0.4071076512336731,0.4961575865745544,0.3544425964355469,0.0043604033339428,3.293605327606201,0.3544425964355469,0.0132821860103109,2.8540053367614746,0.3544425964355469,0.0483332435245019,2.4101593494415283
C87436,0.2179241627454757,0.1315893232822418,-0.7918742299079895,0.5568502349212723,-1.135808348655701,-0.7918742299079895,0.0001701598637056,-4.129947662353516,-0.7918742299079895,0.0039412505470125,-3.3123204708099365
Pcbp1,0.7506041526794434,0.8651105165481567,0.2984327971935272,0.0282449129941064,2.6610987186431885,0.2984327971935272,0.0031208911008397,3.331759452819824,0.2984327971935272,0.0175637381474581,2.809357166290283
Asprv1,0.0,0.0046532596461474,22.15316772460937,0.9888502385877284,0.3023992776870727,22.15316772460937,0.236780744957659,1.5525877475738523,22.15316772460937,0.2630464517536798,1.5525877475738523
Mxd1,0.0899522453546524,0.3280498683452606,2.0444118976593018,1.5647412768927653e-14,8.0282564163208,2.0444118976593018,7.221869192233623e-19,9.497547149658203,2.0444118976593018,1.7509935571399566e-16,8.79465103149414
Snrnp27,0.2872373461723327,0.3904435336589813,0.5215144753456116,0.0001642725027413,4.186388969421387,0.5215144753456116,0.0008498253517037,3.710961818695069,0.5215144753456116,0.0062604316105013,3.162860870361328
Gmcl1,0.1314066499471664,0.1206559315323829,-0.1310574561357498,0.5945729216144534,1.0847985744476318,-0.1310574561357498,0.7277800474453014,-0.6035449504852295,-0.1310574561357498,0.8221752270620578,-0.4985447525978088
Anxa4,0.0125827500596642,0.0502343587577343,2.024529218673706,0.1325909698818466,2.0009586811065674,2.024529218673706,0.0003700259311859,3.943932056427002,2.024529218673706,0.0012837147813924,3.647768259048462
Aak1,0.3921056091785431,0.464458167552948,0.3002119660377502,0.0136872770600969,2.923840284347534,0.3002119660377502,0.0480490388766319,2.355142593383789,0.3002119660377502,0.1200933725623698,1.99226176738739
Nfu1,0.2509929537773132,0.4155823290348053,0.8527955412864685,4.464603335544094e-07,5.438257694244385,0.8527955412864685,1.7657710974740193e-08,6.029853820800781,0.8527955412864685,1.419663330332334e-06,5.247708320617676
Gfpt1,0.1588938683271408,0.1813529878854751,0.2073967605829239,0.1593830081727607,1.907901167869568,0.2073967605829239,0.4679991859106411,1.0484941005706787,0.2073967605829239,0.589977363364376,0.891818106174469
D6Ertd527e,0.0012875914108008,0.0,-20.29717254638672,0.9888502385877284,0.0673658028244972,-20.29717254638672,0.4679991859106411,-1.0,-20.29717254638672,0.6832027011037286,-0.7008072733879089
Antxr1,0.0,0.0012356715742498,20.237756729125977,0.9888502385877284,0.1678170263767242,20.237756729125977,0.4679991859106411,1.0,20.237756729125977,0.5282133287683867,1.0
Bmp10,0.0011653051478788,0.0,-20.15311813354492,0.9888502385877284,0.0673658028244972,-20.15311813354492,0.4679991859106411,-1.0,-20.15311813354492,0.6832027011037286,-0.7008072733879089
Arhgap25,0.2123157978057861,0.2614834904670715,0.3373741805553436,0.035737258553625,2.571850061416626,0.3373741805553436,0.1080550928026449,1.985502004623413,0.3373741805553436,0.2067338528632856,1.6965205669403076
Prokr1,0.0,0.0,0.0,0.9888502385877284,0.1005259156227111,0.0,1.0,0.0,0.0,1.0,0.0
Aplf,0.012593082152307,0.0285840071737766,1.1941512823104858,0.6585173663152313,0.9989855885505676,1.1941512823104858,0.0908188860839864,2.071258306503296,1.1941512823104858,0.1567254898818311,1.8533679246902464
1810020O05Rik,0.0,0.0,0.0,0.9888502385877284,0.1005259156227111,0.0,1.0,0.0,0.0,1.0,0.0
Efcc1,0.0,0.0,0.0,0.9888502385877284,0.1005259156227111,0.0,1.0,0.0,0.0,1.0,0.0
Gp9,0.0016424829373136,0.0,-20.648632049560547,0.9888502385877284,0.0673658028244972,-20.648632049560547,0.4679991859106411,-1.0,-20.648632049560547,0.6832027011037286,-0.7008072733879089
Rab43,0.0251353848725557,0.0252498760819435,0.0066389865241944,0.9888502385877284,0.2953042089939117,0.0066389865241944,1.0,0.0132520496845245,0.0066389865241944,1.0,0.0112284012138843
Gm45140,0.0,0.0,0.0,0.9888502385877284,0.1005259156227111,0.0,1.0,0.0,0.0,1.0,0.0
Isy1,0.215278759598732,0.3762296438217163,0.9272233247756958,9.973469801033666e-08,5.71250057220459,0.9272233247756958,4.762663143928555e-09,6.2559099197387695,0.9272233247756958,5.405716684632529e-07,5.436762809753418
Cnbp,1.1768044233322144,1.1442134380340576,-0.0684758871793747,0.1834678194387345,-1.835232734680176,-0.0684758871793747,0.5285118930163832,-0.9001583456993103,-0.0684758871793747,0.6778100622877009,-0.759074866771698
Copg1,0.1613187193870544,0.2448706775903701,0.6644147634506226,8.858493711526313e-05,4.334265232086182,0.6644147634506226,0.0004598423021576,3.878209352493286,0.6644147634506226,0.0038415501200843,3.3183555603027344
Hmces,0.0746721923351287,0.2003943622112274,1.5169663429260254,1.2852951285522302e-07,5.667092323303223,1.5169663429260254,4.746669873425059e-10,6.652389526367188,1.5169663429260254,3.0570595905238937e-08,5.970245838165283
H1f10,0.0011751686688512,0.0008330838172696,-0.4965804815292358,0.9888502385877284,0.1345822364091873,-0.4965804815292358,0.985147175014775,-0.2374758720397949,-0.4965804815292358,1.0,-0.1826967746019363
Rab7,0.3940659761428833,0.7064075469970703,1.0879206657409668,1.116974965875502e-16,8.629021644592285,1.0879206657409668,1.2070720763020784e-21,10.11899185180664,1.0879206657409668,3.6371406152044647e-16,8.664807319641113
Rpn1,0.1851523071527481,0.3491717875003814,1.0388009548187256,1.2080296935514629e-08,6.076141834259033,1.0388009548187256,7.429889085878172e-10,6.567951679229736,1.0388009548187256,1.0814027084198533e-07,5.740654945373535
Gata2,0.001047313096933,0.0,-19.9990177154541,0.9888502385877284,0.0673658028244972,-19.9990177154541,0.4679991859106411,-1.0,-19.9990177154541,0.6832027011037286,-0.7008072733879089
Eefsec,0.1377477794885635,0.0839760899543762,-0.753483235836029,0.9888502385877284,-0.4434790909290313,-0.753483235836029,0.0040956217214368,-3.245638132095337,-0.753483235836029,0.0312089771772247,-2.5919761657714844
Ruvbl1,0.1762393862009048,0.22298663854599,0.3742631673812866,0.007853693959804,3.1095070838928223,0.3742631673812866,0.0774579858005648,2.143734931945801,0.3742631673812866,0.1688403699334469,1.813608765602112
Sec61a1,0.2513246536254883,0.3504858314990997,0.5549154281616211,0.0002793417642255,4.053897857666016,0.5549154281616211,0.0008708173718779,3.704150915145874,0.5549154281616211,0.0060937212931378,3.171867847442627
Mgll,0.0,0.0,0.0,0.9888502385877284,0.1005259156227111,0.0,1.0,0.0,0.0,1.0,0.0
Abtb1,0.1021963581442833,0.1352303773164749,0.4283758997917175,0.0908329843621137,2.1793808937072754,0.4283758997917175,0.1517850528893626,1.810338258743286,0.4283758997917175,0.2619938522070111,1.553905963897705
Podxl2,0.0,0.0,0.0,0.9888502385877284,0.1005259156227111,0.0,1.0,0.0,0.0,1.0,0.0
Mcm2,0.1226586624979972,0.3807897865772247,1.828349471092224,3.048551555028358e-15,8.231249809265137,1.828349471092224,2.4727618446060136e-19,9.612703323364258,1.828349471092224,1.2932349732000628e-16,8.823259353637695
Tpra1,0.0555534586310386,0.0693684220314025,0.3304715454578399,0.3660668290224045,1.4345481395721436,0.3304715454578399,0.4679991859106411,1.0579886436462402,0.3304715454578399,0.5809708003655464,0.9048948884010316
Plxna1,0.0022080594208091,0.0,-21.07594108581543,0.9888502385877284,0.0342056974768638,-21.07594108581543,0.2942789202292576,-1.414948582649231,-21.07594108581543,0.5299909986835808,-0.9916062951087952
Chchd6,0.0279143415391445,0.0146531593054533,-0.939394474029541,0.9919408540382558,0.025094136595726,-0.939394474029541,0.1409683063880902,-1.8488882780075075,-0.939394474029541,0.3051495900676735,-1.4559924602508545
Txnrd3,0.0060098618268966,0.0023670659866183,-1.3468611240386963,0.9888502385877284,0.1354784518480301,-1.3468611240386963,0.3944058438254363,-1.1978901624679563,-1.3468611240386963,0.5934052937600195,-0.88631272315979
Vmn1r43,0.0,0.0017369446577504,20.72937393188477,0.9888502385877284,0.1678170263767242,20.72937393188477,0.4679991859106411,1.0,20.72937393188477,0.5282133287683867,1.0
Chst13,0.0,0.0005771293654106,19.138954162597656,0.9888502385877284,0.1678170263767242,19.138954162597656,0.4679991859106411,1.0,19.138954162597656,0.5282133287683867,1.0
Zxdc,0.0726498737931251,0.0783202275633812,0.1125665083527565,0.7312523201491311,0.9021939039230348,0.1125665083527565,0.8845800714622156,0.3815823197364807,0.1125665083527565,0.9392766669844308,0.3245874643325805
Aldh1l1,0.0082742236554622,0.0,-22.98616600036621,0.9888502385877284,-0.1315948367118835,-22.98616600036621,0.0236580485664831,-2.6413087844848637,-22.98616600036621,0.1579966945163549,-1.851048469543457
Slc41a3,0.0056485491804778,0.0105438726022839,0.9039885401725768,0.9888502385877284,0.4031492471694946,0.9039885401725768,0.4679991859106411,1.0208126306533811,0.9039885401725768,0.5849147828288606,0.8994401097297668
Iqsec1,0.1498582363128662,0.1335867196321487,-0.1778363138437271,0.9261776260554456,0.6647705435752869,-0.1778363138437271,0.5537443133526626,-0.8611088991165161,-0.1778363138437271,0.6832027011037286,-0.7163377404212952
Nup210,0.4155869483947754,0.5674959421157837,0.5679791569709778,2.656372850375524e-05,4.61037540435791,0.5679791569709778,5.493848430145519e-06,4.920124053955078,0.5679791569709778,0.0001926097375671,4.152694225311279
Hdac11,0.0021334358025342,0.0,-21.026287078857425,0.9888502385877284,0.0342056974768638,-21.026287078857425,0.2943221474054292,-1.410315752029419,-21.026287078857425,0.5300527304155622,-0.98835951089859
Chchd4,0.0855768024921417,0.1273346841335296,0.6039900779724121,0.0140881507196445,2.913907051086426,0.6039900779724121,0.0268413646686132,2.5920557975769043,0.6039900779724121,0.0734033038627722,2.227568864822388
Tmem43,0.0540545545518398,0.0786815136671066,0.5595696568489075,0.2005770062572505,1.786986231803894,0.5595696568489075,0.1418218585964579,1.846468210220337,0.5595696568489075,0.2461357508329379,1.5941158533096311
Xpc,0.1291212290525436,0.0541598834097385,-1.308328628540039,0.3861198999303526,-1.3994461297988892,-1.308328628540039,4.6416594595361926e-06,-4.94796085357666,-1.308328628540039,0.0006020245454522,-3.859418630599976
Lsm3,0.464935153722763,0.4464726150035858,-0.0727837085723877,0.9694636020500504,-0.6101758480072021,-0.0727837085723877,0.72147164952565,-0.6129878759384155,-0.0727837085723877,0.8111968124759033,-0.515328586101532
Slc6a6,0.252846211194992,0.3257744610309601,0.4207528829574585,0.0008747795543703,3.757697343826294,0.4207528829574585,0.0146580935452472,2.8195369243621826,0.4207528829574585,0.0511892117699286,2.385569334030152
Ccdc174,0.271692544221878,0.3417966961860657,0.3843142092227936,0.0025935905912583,3.4505929946899414,0.3843142092227936,0.0260584074464767,2.6034786701202397,0.3843142092227936,0.0761165409047528,2.210472583770752
4930590J08Rik,0.0125085385516285,0.0022043536882847,-2.5119271278381348,0.9888502385877284,-0.1312960982322693,-2.5119271278381348,0.0319330597366775,-2.5224032402038574,-2.5119271278381348,0.1612294549026671,-1.839438557624817
Nr2c2,0.3450867533683777,0.3538269996643066,0.0427563041448593,0.3701372356759402,1.4266314506530762,0.0427563041448593,0.9384660955106476,0.30426886677742,0.0427563041448593,0.9849588243495762,0.2551568448543548
Mrps25,0.1471250653266906,0.3195383250713348,1.2481472492218018,1.2218374546703299e-11,7.139206886291504,1.2481472492218018,4.106637851629205e-12,7.371767044067383,1.2481472492218018,1.5487053874521671e-09,6.477793216705322
Rbsn,0.0630910024046897,0.068100981414318,0.1138948276638984,0.6125710741706789,1.0594804286956787,0.1138948276638984,0.8902850990868518,0.3724664151668548,0.1138948276638984,0.944884251801487,0.3156394362449646
Magi1,0.0,0.0,0.0,0.9888502385877284,0.1005259156227111,0.0,1.0,0.0,0.0,1.0,0.0
Slc25a26,0.0326067954301834,0.0250912383198738,-0.3834362924098968,0.9888502385877284,0.3524381816387176,-0.3834362924098968,0.550237949010261,-0.8662509322166443,-0.3834362924098968,0.6832027011037286,-0.7109720706939697
Lrig1,0.0155377490445971,0.0023620943538844,-2.7271568775177,0.9888502385877284,-0.1964213550090789,-2.7271568775177,0.0182555434108844,-2.736633062362671,-2.7271568775177,0.107747907457344,-2.047332286834717
Kbtbd8,0.0184176452457904,0.011652011424303,-0.6654021739959717,0.9888502385877284,0.0994803234934806,-0.6654021739959717,0.4653428824311957,-1.0762300491333008,-0.6654021739959717,0.6082913172652139,-0.8631463050842285
Suclg2,0.1176752373576164,0.1382705271244049,0.2478560358285904,0.1197004218769332,2.051520347595215,0.2478560358285904,0.4387601282883768,1.1216264963150024,0.2478560358285904,0.5532680929450136,0.9474510550498962
Eogt,0.0198701657354831,0.0395963005721569,1.0090614557266235,0.4997880269333913,1.2194554805755615,1.0090614557266235,0.072954921888368,2.1716158390045166,1.0090614557266235,0.1361214152008358,1.9256657361984253
Tmf1,0.2450259923934936,0.3963721692562103,0.8089187741279602,1.744159651531288e-07,5.612124443054199,0.8089187741279602,3.1822838817501404e-07,5.497623920440674,0.8089187741279602,1.472012348201369e-05,4.756699085235596
Uba3,0.1156592816114425,0.1698593348264694,0.594486653804779,0.0102692009061311,3.021304130554199,0.594486653804779,0.0162905911107793,2.7816903591156006,0.594486653804779,0.0491221498508574,2.402995109558105
Arl6ip5,0.9967973232269288,1.3845198154449463,0.8078977465629578,4.025592520700488e-20,9.511275291442873,0.8078977465629578,4.067823037723209e-26,11.176673889160156,0.8078977465629578,1.2984772827169164e-18,9.364006996154783
Lmod3,0.0010515280300751,0.0,-20.00481605529785,0.9888502385877284,0.0673658028244972,-20.00481605529785,0.4679991859106411,-1.0,-20.00481605529785,0.6832027011037286,-0.7008072733879089
Frmd4b,0.0858856439590454,0.1297502219676971,0.6274581551551819,0.0259477553694074,2.693138599395752,0.6274581551551819,0.0392722135135515,2.4383997917175293,0.6274581551551819,0.0970410772432276,2.096583127975464
Mitf,0.0057844766415655,0.0010476767783984,-2.46841049194336,0.9994412017932364,0.001643068389967,-2.46841049194336,0.1915334256442875,-1.674410700798035,-2.46841049194336,0.4241274136590245,-1.2166646718978882
Foxp1,1.4447282552719116,0.5441076755523682,-2.164098024368286,6.812252194193604e-89,-20.218629837036133,-2.164098024368286,4.963989065201162e-112,-25.646263122558597,-2.164098024368286,6.59649067786244e-78,-21.17410469055176
Gm20696,0.2601526379585266,0.0075145945884287,-5.299821376800537,1.9220033751460227e-10,-6.734862804412842,-5.299821376800537,6.064627694215169e-47,-15.477862358093262,-5.299821376800537,1.1040225538973253e-23,-10.979537963867188
Eif4e3,0.0762066692113876,0.1674259901046753,1.2026704549789429,0.0005042707025245,3.904005289077759,1.2026704549789429,1.1994242024656456e-05,4.762208461761475,1.2026704549789429,0.0001215971903077,4.267461776733398
Rybp,0.0682026967406272,0.13970547914505,1.086959719657898,0.0038606633724302,3.331171751022339,1.086959719657898,0.0001796704278907,4.1253838539123535,1.086959719657898,0.0012431466458526,3.654819965362549
Shq1,0.0288153365254402,0.0543046295642852,0.9327523112297058,0.1752766972168655,1.859654664993286,0.9327523112297058,0.0376850517092552,2.456408977508545,0.9327523112297058,0.0865965532498196,2.149932384490967
Gxylt2,0.0,0.0030067777261137,21.521957397460938,0.9888502385877284,0.1678170263767242,21.521957397460938,0.4679991859106411,1.0,21.521957397460938,0.5282133287683867,1.0
Ppp4r2,0.4267254769802093,0.4713508784770965,0.178084522485733,0.3678989980916992,1.4311872720718384,0.178084522485733,0.2707286637923506,1.4710060358047483,0.178084522485733,0.4112981682424236,1.2388840913772583
Il5ra,0.0,0.0,0.0,0.9888502385877284,0.1005259156227111,0.0,1.0,0.0,0.0,1.0,0.0
Trnt1,0.1540830880403518,0.1964149922132492,0.3816238641738891,0.0357785997507004,2.571028709411621,0.3816238641738891,0.111164129107257,1.971426606178284,0.3816238641738891,0.2096306998302656,1.6887173652648926
Crbn,0.282770425081253,0.4194437265396118,0.673192024230957,1.225532216543688e-06,5.245271682739258,0.673192024230957,6.818720623304064e-06,4.876394748687744,0.673192024230957,0.0001799808083678,4.169485092163086
Setmar,0.0093106115236878,0.0043903733603656,-1.088085412979126,0.9888502385877284,0.0353259705007076,-1.088085412979126,0.4112054434938028,-1.1677086353302002,-1.088085412979126,0.5753938206258056,-0.9134926795959472
Sumf1,0.0222433228045701,0.0586443580687046,1.4250547885894775,0.1571247712210504,1.9158177375793457,1.4250547885894775,0.0037769970179202,3.27715277671814,1.4250547885894775,0.0112276350964967,2.967930555343628
Itpr1,0.1587625592947006,0.3179162740707397,1.121137022972107,1.3927825714111756e-08,6.052616119384766,1.121137022972107,5.910050993636157e-09,6.226553916931152,1.121137022972107,3.581594361405999e-07,5.516646862030029
Bhlhe40,0.0673710480332374,1.390537142753601,5.435974597930908,1.3262443763080598e-151,26.445484161376957,5.435974597930908,3.5391813114118855e-157,40.14086532592773,5.435974597930908,1.8863857241303038e-159,38.811161041259766
Arl8b,0.1966180950403213,0.1838323771953582,-0.1065203920006752,0.7626200675074339,0.863805890083313,-0.1065203920006752,0.7299873024630882,-0.6004912257194519,-0.1065203920006752,0.8209581258721769,-0.5002567768096924
Edem1,0.2718264162540436,0.3428260385990143,0.3886255919933319,0.001169850392288,3.677933931350708,0.3886255919933319,0.0209257315982801,2.6879589557647705,0.3886255919933319,0.0673810601120892,2.264948606491089
Rad18,0.0976830124855041,0.1194824576377868,0.3066287636756897,0.1418375318184626,1.9671263694763184,0.3066287636756897,0.3511904130199134,1.2831573486328125,0.3066287636756897,0.4910747391628238,1.0964101552963257
Srgap3,0.0036568569485098,0.110524483025074,4.995439529418945,6.641323023394824e-05,4.402079105377197,4.995439529418945,1.4349347397266646e-13,7.964322566986084,4.995439529418945,3.118262976009286e-13,7.877700328826904
Thumpd3,0.2340811938047409,0.272659957408905,0.2490965127944946,0.0262075056182188,2.689478874206543,0.2490965127944946,0.2278987441873028,1.573508858680725,0.2490965127944946,0.3628140288803753,1.327417492866516
Setd5,0.3954837918281555,0.4156127572059631,0.0871202647686004,0.3931990609026382,1.3880194425582886,0.0871202647686004,0.676062732685058,0.6768912076950073,0.0871202647686004,0.7746173667872757,0.5668042898178101
Lhfpl4,0.004605917725712,0.0017183450981974,-1.424552321434021,0.9888502385877284,0.0348778627812862,-1.424552321434021,0.4709154311991531,-0.9939587116241456,-1.424552321434021,0.6717378926857128,-0.7683152556419373
Mtmr14,0.046535637229681,0.0667689368128776,0.5355743169784546,0.2693842326647688,1.622455358505249,0.5355743169784546,0.2085454747666308,1.625269055366516,0.5355743169784546,0.3307275631756551,1.394687294960022
Cpne9,0.0044908341951668,0.0028569954447448,-0.6536639332771301,0.9888502385877284,0.1689373105764389,-0.6536639332771301,0.8580027286422123,-0.4195984005928039,-0.6536639332771301,0.9267602619111188,-0.345103770494461
Brpf1,0.1238753050565719,0.1384354531764984,0.1710574179887771,0.1036620545688689,2.1188113689422607,0.1710574179887771,0.5826637746033427,0.8166375160217285,0.1710574179887771,0.6948213711285212,0.6836744546890259
Ogg1,0.0251914896070957,0.034025739878416,0.4400942325592041,0.649210853590049,1.0125782489776611,0.4400942325592041,0.4679991859106411,1.02990984916687,0.4400942325592041,0.597864603321588,0.8787482976913452
Camk1,0.0010187122970819,0.0031468400266021,1.628691792488098,0.9888502385877284,0.201798677444458,1.628691792488098,0.5489068574171228,0.868446946144104,1.628691792488098,0.6501351361485922,0.7997881770133972
Tada3,0.0969006046652793,0.1546141952276229,0.71659916639328,0.0023106416010606,3.484574794769287,0.71659916639328,0.0047533162462933,3.202016592025757,0.71659916639328,0.0195562703560489,2.7699406147003174
Arpc4,0.5882039070129395,1.067497730255127,1.2527059316635132,3.911822708683431e-32,12.091415405273438,1.2527059316635132,6.539074881962373e-42,14.50472927093506,1.2527059316635132,4.2784042116733626e-30,12.18144989013672
Ttll3,0.08320302516222,0.0501979291439056,-0.7530809044837952,0.9888502385877284,-0.2646087110042572,-0.7530809044837952,0.0361279863220292,-2.471498250961304,-0.7530809044837952,0.1215026236409394,-1.986484169960022
Rpusd3,0.0397443920373916,0.0667700916528701,0.7681185603141785,0.2295584675207176,1.712749481201172,0.7681185603141785,0.0656983937594317,2.218700647354126,0.7681185603141785,0.1318742233459804,1.942220449447632
Jagn1,0.1836906522512436,0.1790586113929748,-0.0402889288961887,0.4995611174132223,1.219903588294983,-0.0402889288961887,0.9972689691943426,-0.2190580070018768,-0.0402889288961887,1.0,-0.1833672523498535
Il17re,0.0045291329734027,0.0,-22.114072799682617,0.9994412017932364,0.0010455889860168,-22.114072799682617,0.1828893071448054,-1.702031493186951,-22.114072799682617,0.4339579802814851,-1.192795991897583
Il17rc,0.0,0.0,0.0,0.9888502385877284,0.1005259156227111,0.0,1.0,0.0,0.0,1.0,0.0
Creld1,0.0157929379492998,0.0128135895356535,-0.3037592470645904,0.9888502385877284,0.1992593854665756,-0.3037592470645904,0.8047031506549116,-0.4951907396316528,-0.3037592470645904,0.8845342984435338,-0.4081284403800964
Prrt3,0.0025577445048838,0.0009306530118919,-1.45973002910614,0.9888502385877284,0.1013474464416503,-1.45973002910614,0.6049212968609428,-0.7822864651679993,-1.45973002910614,0.7667957711721749,-0.5784918665885925
Emc3,0.2465904355049133,0.3705115020275116,0.6813808679580688,6.740581202075169e-06,4.902318477630615,0.6813808679580688,1.3199988000949085e-05,4.732324600219727,0.6813808679580688,0.0002915769598143,4.046915054321289
Fancd2,0.0051931976340711,0.0293468423187732,2.5159833431243896,0.3067236567881238,1.5440361499786377,2.5159833431243896,0.0015595655392881,3.545950174331665,2.5159833431243896,0.0037703906970597,3.3274643421173096
Fancd2os,0.0,0.0,0.0,0.9888502385877284,0.1005259156227111,0.0,1.0,0.0,0.0,1.0,0.0
Brk1,0.8615913391113281,1.0908478498458862,0.5322310924530029,2.9568218793435135e-07,5.516228675842285,0.5322310924530029,6.771238765030649e-11,6.923622131347656,0.5322310924530029,9.871837469060076e-08,5.759407043457031
Vhl,0.0443288087844848,0.0830899849534034,0.934687077999115,0.0686994798254973,2.304029941558838,0.934687077999115,0.0100958395643633,2.9522361755371094,0.934687077999115,0.0307872407145471,2.5961287021636963
Irak2,0.0350624211132526,0.1559800654649734,2.241976261138916,5.349359281750957e-06,4.950042247772217,2.241976261138916,1.8201159095767526e-11,7.191451072692871,2.241976261138916,4.2210930015792867e-10,6.711214065551758
Tatdn2,0.1187129020690918,0.2512176632881164,1.179987907409668,2.67973944252603e-07,5.5342278480529785,1.179987907409668,2.7158987508506325e-08,5.962214469909668,1.179987907409668,1.1017907770823795e-06,5.298823833465576
Ghrl,0.0021511209197342,0.0017096082447096,-0.3317412436008453,0.9888502385877284,0.1013474464416503,-0.3317412436008453,1.0,-0.1929668337106704,-0.3317412436008453,1.0,-0.1598293483257293
Sec13,0.2195413708686828,0.3338652551174164,0.6910384893417358,7.886433150197332e-06,4.869681358337402,0.6910384893417358,2.7210480557415728e-05,4.571135997772217,0.6910384893417358,0.0004703285596586,3.921993970870972
Atp2b2,0.0,0.0,0.0,0.9888502385877284,0.1005259156227111,0.0,1.0,0.0,0.0,1.0,0.0
Atg7,0.1011207997798919,0.1098482012748718,0.1258376538753509,0.4125512667845474,1.3556060791015625,0.1258376538753509,0.7840734824938987,0.5241696834564209,0.1258376538753509,0.8605685997085543,0.4427127540111542
Vgll4,0.5565404891967773,0.4023693799972534,-0.5880292057991028,0.0031920560909612,-3.3892767429351807,-0.5880292057991028,9.567288362165863e-06,-4.797382354736328,-0.5880292057991028,0.0004480310152934,-3.936671495437622
Tamm41,0.0475950390100479,0.0712954252958297,0.600263774394989,0.1341147368335132,1.995207905769348,0.600263774394989,0.1224667487022107,1.9229836463928225,0.600263774394989,0.2252133038379087,1.646064281463623
Pparg,0.0,0.00293645192869,21.487762451171875,0.9888502385877284,0.2351081520318985,21.487762451171875,0.3008169283439504,1.3928399085998535,21.487762451171875,0.3320081060219244,1.3928399085998535
Tsen2,0.0531479753553867,0.0301791224628686,-0.8331473469734192,0.9888502385877284,0.1450381278991699,-0.8331473469734192,0.0535313218508691,-2.3076982498168945,-0.8331473469734192,0.1672340630673273,-1.819124698638916
Mkrn2os,0.0,0.0010886250529438,20.05486297607422,0.9888502385877284,0.1678170263767242,20.05486297607422,0.4679991859106411,1.0,20.05486297607422,0.5282133287683867,1.0
Mkrn2,0.1202113106846809,0.2070699483156204,0.8489087820053101,0.0002587136399632,4.0733160972595215,0.8489087820053101,0.0001629176594928,4.14865779876709,0.8489087820053101,0.0013552408182186,3.629796981811523
Raf1,0.2594219744205475,0.4773019850254059,1.0463944673538208,1.1454877969117956e-11,7.148318290710449,1.0463944673538208,2.3894168444192248e-12,7.448700428009033,1.0463944673538208,1.2603086764404686e-09,6.51151180267334
Tmem40,0.0007365080527961,0.0,-19.490875244140625,0.9888502385877284,0.0673658028244972,-19.490875244140625,0.4679991859106411,-1.0,-19.490875244140625,0.6832027011037286,-0.7008072733879089
Cand2,0.0276515688747167,0.0101270005106925,-1.461835265159607,0.9888502385877284,-0.2003049701452255,-1.461835265159607,0.0367418078076122,-2.464549779891968,-1.461835265159607,0.1436276442012148,-1.8987023830413816
Rpl32,4.299811840057373,4.051571369171143,-0.3637389242649078,2.3191875030728758e-61,-16.77595329284668,-0.3637389242649078,1.9751312868866865e-57,-17.469032287597656,-0.3637389242649078,8.782897367421809e-44,-14.998089790344238
Efcab12,0.0,0.0027779298834502,21.407583236694336,0.9888502385877284,0.1678170263767242,21.407583236694336,0.4679991859106411,1.0,21.407583236694336,0.5282133287683867,1.0
Mbd4,0.0354318581521511,0.063623160123825,0.8650084137916565,0.1554963574669096,1.9213443994522093,0.8650084137916565,0.043399551731795,2.398383617401123,0.8650084137916565,0.0936388196474731,2.1130549907684326
Ift122,0.0035876152105629,0.0,-21.777183532714844,0.9994412017932364,0.0010455889860168,-21.777183532714844,0.1759859709595334,-1.727290391921997,-21.777183532714844,0.4256448719229913,-1.2104976177215576
H1f8,0.0,0.0,0.0,0.9888502385877284,0.1005259156227111,0.0,1.0,0.0,0.0,1.0,0.0
Plxnd1,0.0023623348679393,0.0329321399331092,3.823326826095581,0.3236473256702094,1.5117722749710083,3.823326826095581,0.0002598227348505,4.044186115264893,3.823326826095581,0.000450941084603,3.945276975631714
Tmcc1,0.1718011796474456,0.1171202287077903,-0.5931429266929626,0.9888502385877284,-0.4773860573768616,-0.5931429266929626,0.0177679252848088,-2.74702525138855,-0.5931429266929626,0.0713419568038478,-2.2401273250579834
Washc2,0.2716412842273712,0.2109806537628173,-0.410107284784317,0.9888502385877284,-0.4106177389621734,-0.410107284784317,0.0321409468001014,-2.519617795944214,-0.410107284784317,0.1024092336667607,-2.0707907676696777
Zfand4,0.0019127902342006,0.0627423524856567,5.079803943634033,0.0200067927834461,2.7891085147857666,5.079803943634033,1.1507283865940424e-08,6.162927150726318,5.079803943634033,1.9180392836423757e-08,6.103776454925537
March8,0.0003030791413038,0.0021828007884323,2.8497660160064697,0.9888502385877284,0.1347316056489944,2.8497660160064697,0.5594021570276838,0.8529683351516724,2.8497660160064697,0.6195643481028136,0.8447312116622925
Alox5,0.0,0.0,0.0,0.9888502385877284,0.1005259156227111,0.0,1.0,0.0,0.0,1.0,0.0
Olfr212,0.0,0.0056526106782257,22.43456649780273,0.9888502385877284,0.3696903884410858,22.43456649780273,0.1337085822975537,1.8803112506866453,22.43456649780273,0.1495204048054252,1.8803112506866453
Eif4a3l2,0.0,0.0,0.0,0.9888502385877284,0.1005259156227111,0.0,1.0,0.0,0.0,1.0,0.0
Zfp422,0.1514061987400055,0.1292636841535568,-0.2444532364606857,0.7859514351106565,0.8360230922698975,-0.2444532364606857,0.4057031267395484,-1.177524209022522,-0.2444532364606857,0.5408864240446397,-0.9667218923568726
Rassf4,0.0,0.001139898202382,20.12129783630371,0.9888502385877284,0.1678170263767242,20.12129783630371,0.4679991859106411,1.0,20.12129783630371,0.5282133287683867,1.0
Tmem72,0.0,0.0,0.0,0.9888502385877284,0.1005259156227111,0.0,1.0,0.0,0.0,1.0,0.0
Cxcl12,0.0,0.0,0.0,0.9888502385877284,0.1005259156227111,0.0,1.0,0.0,0.0,1.0,0.0
Zfp637,0.0795463323593139,0.0676945522427558,-0.2414100170135498,0.9452671725632862,0.6388548612594604,-0.2414100170135498,0.561922730951818,-0.848809540271759,-0.2414100170135498,0.6848213526930835,-0.6980936527252197
Zfp239,0.0189041402190923,0.0072582610882818,-1.389425277709961,0.9888502385877284,-0.0983600467443466,-1.389425277709961,0.1052566609942695,-1.998753786087036,-1.389425277709961,0.2688643515512494,-1.5381016731262207
Hnrnpf,1.850609540939331,1.977762579917908,0.2152069807052612,0.0013924541308008,3.6299116611480713,0.2152069807052612,0.0001101961163332,4.239174842834473,0.2152069807052612,0.002060017234783,3.508193016052246
Fxyd4,0.0896270796656608,0.0044901799410581,-4.380984306335449,0.0804546554857534,-2.233900785446167,-4.380984306335449,6.3757377529093476e-15,-8.23702335357666,-4.380984306335449,6.676744325738975e-08,-5.877673625946045
Rasgef1a,0.0026118045207113,0.0067156506702303,1.3654426336288452,0.9888502385877284,0.3699144423007965,1.3654426336288452,0.4483690065199908,1.1054034233093262,1.3654426336288452,0.5319307295984632,0.9824273586273192
Csgalnact2,0.0568853095173835,0.0519212931394577,-0.1353429853916168,0.9888502385877284,0.3734246492385864,-0.1353429853916168,0.8818756545605556,-0.3864070177078247,-0.1353429853916168,0.9386347397489768,-0.3260314762592315
Ret,0.003735015168786,0.0,-21.835378646850582,0.9994412017932364,0.0010455889860168,-21.835378646850582,0.1776375143169522,-1.7197909355163574,-21.835378646850582,0.4277142416092568,-1.2052419185638428
Bms1,0.2266077846288681,0.2672199606895447,0.2683300375938415,0.015384159006385,2.8835103511810303,0.2683300375938415,0.1912789456893092,1.6753389835357666,0.2683300375938415,0.3245618411987515,1.4133323431015017
Zfp248,0.0084165381267666,0.0134883904829621,0.6840845942497253,0.9888502385877284,0.5023308396339417,0.6840845942497253,0.4944945868408273,0.9556257724761964,0.6840845942497253,0.6289609447060784,0.8302211165428162
Zfp9,0.0017585033783689,0.0,-20.7471866607666,0.9888502385877284,0.0673658028244972,-20.7471866607666,0.4679991859106411,-1.0,-20.7471866607666,0.6832027011037286,-0.7008072733879089
Ankrd26,0.0728725343942642,0.0922431796789169,0.3542323112487793,0.2560199300217325,1.651881217956543,0.3542323112487793,0.3655500957357024,1.254510760307312,0.3542323112487793,0.5047364543832311,1.074048399925232
Cacna1c,0.0012145842192694,0.0018569604726508,0.612943708896637,0.9888502385877284,0.1345822364091873,0.612943708896637,0.9485833070033544,0.2895021438598633,0.612943708896637,0.986322383011667,0.2528959810733795
Dcp1b,0.0657259821891784,0.1079204529523849,0.7463098764419556,0.0514748082144548,2.425766468048096,0.7463098764419556,0.0197149764260948,2.7112598419189453,0.7463098764419556,0.0541407229476189,2.3615059852600098
Cacna2d4,0.0481807850301265,0.0,-25.556848526000977,0.4952599172242034,-1.225878357887268,-25.556848526000977,2.7113844586612804e-09,-6.3467936515808105,-25.556848526000977,6.40308770332847e-05,-4.447878837585449
Lrtm2,0.0,0.0007913129520602,19.59446144104004,0.9888502385877284,0.1678170263767242,19.59446144104004,0.4679991859106411,1.0,19.59446144104004,0.5282133287683867,1.0
Adipor2,0.1834570616483688,0.228010669350624,0.3468987643718719,0.014389738963794,2.9064385890960693,0.3468987643718719,0.1028743403504413,2.010822296142578,0.3468987643718719,0.2039229576964932,1.7049123048782349
Wnt5b,0.0078720711171627,0.0,-22.91399383544922,0.9888502385877284,-0.1315948367118835,-22.91399383544922,0.0243410277434639,-2.630383014678955,-22.91399383544922,0.1601948522352919,-1.8433914184570312
Fbxl14,0.3320127427577972,0.2366055101156234,-0.5608334541320801,0.2168383802434743,-1.7443411350250244,-0.5608334541320801,0.0007127302114852,-3.757194995880127,-0.5608334541320801,0.0080888113681225,-3.078738212585449
Erc1,0.0375708676874637,0.0334875434637069,-0.1689528822898864,0.9747691447600584,0.6013630628585815,-0.1689528822898864,0.8566042217806923,-0.4216025173664093,-0.1689528822898864,0.925555413492699,-0.3468319475650787
Rad52,0.0832938477396965,0.0385669209063053,-1.143437147140503,0.8113947502860629,-0.8048794865608215,-1.143437147140503,0.0015560252543612,-3.5352349281311035,-1.143437147140503,0.0183924341844521,-2.793694257736206
Wnk1,1.026010036468506,1.1828464269638062,0.3387625515460968,0.0187878626460597,2.8121862411499023,0.3387625515460968,0.0001022316575769,4.257918834686279,0.3387625515460968,0.0018752286617538,3.535628080368042
Ninj2,0.0023899099323898,0.0281719826161861,3.5778775215148926,0.4415880232018982,1.3098989725112915,3.5778775215148926,0.0007616248368945,3.754695177078247,3.5778775215148926,0.0013364204719425,3.6422059535980233
Ccdc77,0.0398215390741825,0.0369215793907642,-0.1111899316310882,0.9888502385877284,0.4831368029117584,-0.1111899316310882,0.9655276158001016,-0.2654852271080017,-0.1111899316310882,1.0,-0.2238961458206176
Kdm5a,0.5388184189796448,0.4655020236968994,-0.2683059871196747,0.443018808418137,-1.307434320449829,-0.2683059871196747,0.0515951736738518,-2.3242433071136475,-0.2683059871196747,0.1386966507354257,-1.9163219928741453
Il17ra,0.3801589608192444,0.2325121015310287,-0.821230411529541,0.0057069217815321,-3.2105557918548584,-0.821230411529541,3.494119599815465e-07,-5.467936038970947,-0.821230411529541,5.272472899287015e-05,-4.470182418823242
Tmem121b,0.0,0.0,0.0,0.9888502385877284,0.1005259156227111,0.0,1.0,0.0,0.0,1.0,0.0
Hdhd5,0.1243770942091941,0.1228681504726409,-0.018720818683505,0.6580129930111174,0.999956488609314,-0.018720818683505,1.0,-0.0831501111388206,-0.018720818683505,1.0,-0.070083275437355
Cecr2,0.0,0.0,0.0,0.9888502385877284,0.1005259156227111,0.0,1.0,0.0,0.0,1.0,0.0
Atp6v1e1,0.3064797818660736,0.4877902567386627,0.8098896741867065,7.507723300315327e-09,6.156203746795654,0.8098896741867065,4.564508330488969e-09,6.259209156036377,0.8098896741867065,7.162186763943454e-07,5.381834030151367
Bcl2l13,0.0753748714923858,0.096075415611267,0.3652291893959045,0.270063835446979,1.621036410331726,0.3652291893959045,0.3330037394713992,1.3209749460220337,0.3652291893959045,0.4687160290560731,1.1336718797683716
Bid,0.0574668571352958,0.1309333741664886,1.241857409477234,0.0006399164265099,3.842240810394287,1.241857409477234,2.1583811695112057e-05,4.630148887634277,1.241857409477234,0.0002172612532498,4.12229585647583
Mical3,0.0402633138000965,0.0021234708838164,-4.272578239440918,0.6875670701568826,-0.9612696766853333,-4.272578239440918,9.258978789337044e-07,-5.282132625579834,-4.272578239440918,0.0008129554709836,-3.7860071659088135
Pex26,0.0224014781415462,0.0189090017229318,-0.247048482298851,0.9888502385877284,0.2298802137374878,-0.247048482298851,0.8264235763492148,-0.4641046822071075,-0.247048482298851,0.899873633650712,-0.3848220407962799
Tuba8,0.0014886378776282,0.0,-20.506635665893555,0.9888502385877284,0.0673658028244972,-20.506635665893555,0.4679991859106411,-1.0,-20.506635665893555,0.6832027011037286,-0.7008072733879089
Usp18,0.1324274539947509,0.3050483167171478,1.3328903913497925,8.291723763195737e-08,5.744988918304443,1.3328903913497925,5.746315423513506e-10,6.623618125915527,1.3328903913497925,3.1815377215841745e-08,5.963656902313232
Slc6a13,0.0,0.0195864476263523,24.237504959106445,0.6784946500214167,0.975310444831848,24.237504959106445,0.0027016715942831,3.388659238815308,24.237504959106445,0.0031798920133344,3.388659238815308
Klrg1,0.0109081482514739,0.1250376105308532,3.6021435260772705,0.0004618352702516,3.926634788513184,3.6021435260772705,5.926458657641149e-11,7.039566040039063,3.6021435260772705,1.9154468798333248e-10,6.877929210662842
M6pr,0.2799562215805053,0.5071171522140503,1.0316975116729736,1.1351322011525394e-11,7.1498122215271,1.0316975116729736,1.2245196684930422e-13,7.864234924316406,1.0316975116729736,1.8794034664467994e-10,6.819756507873535
Phc1,0.0445714630186557,0.0403217859566211,-0.1476481109857559,0.9888502385877284,0.471934050321579,-0.1476481109857559,0.8829244026615954,-0.384542167186737,-0.1476481109857559,0.9413674691255096,-0.3213699162006378
Mfap5,0.0,0.0,0.0,0.9888502385877284,0.1005259156227111,0.0,1.0,0.0,0.0,1.0,0.0
Aicda,0.0,0.0,0.0,0.9888502385877284,0.1005259156227111,0.0,1.0,0.0,0.0,1.0,0.0
Apobec1,0.0452498942613601,0.031385388225317,-0.5378862619400024,0.9888502385877284,0.2039645314216613,-0.5378862619400024,0.3132621671933669,-1.3616429567337036,-0.5378862619400024,0.4888999150615951,-1.0999670028686523
Gdf3,0.0003030791413038,0.0,-18.20955848693848,0.9888502385877284,0.0673658028244972,-18.20955848693848,0.4679991859106411,-1.0,-18.20955848693848,0.6832027011037286,-0.7008072733879089
Nanog,0.0,0.0,0.0,0.9888502385877284,0.1005259156227111,0.0,1.0,0.0,0.0,1.0,0.0
Slc2a3,0.1125573441386222,0.2999313473701477,1.5537760257720947,1.1952986583300096e-10,6.805813312530518,1.5537760257720947,1.1785191278125513e-13,7.907766819000244,1.5537760257720947,1.8815742909733303e-11,7.183328151702881
Foxj2,0.0844228342175483,0.0883513316512107,0.0684932246804237,0.6030666789320448,1.0733717679977417,0.0684932246804237,0.9709090843801492,0.2578579783439636,0.0684932246804237,1.0,0.217179000377655
C3ar1,0.0024692954029887,0.0,-21.237449645996094,0.9888502385877284,0.0342056974768638,-21.237449645996094,0.2942789202292576,-1.4140381813049316,-21.237449645996094,0.5299909986835808,-0.9909682273864746
Necap1,0.0492892861366272,0.0636281669139862,0.378832072019577,0.5933505643318499,1.0863670110702517,0.378832072019577,0.4531072486050887,1.0975985527038574,0.378832072019577,0.5523111827429996,0.9488358497619628
Clec4a1,0.0,0.00293645192869,21.487762451171875,0.9888502385877284,0.2351081520318985,21.487762451171875,0.3008169283439504,1.3928399085998535,21.487762451171875,0.3320081060219244,1.3928399085998535
Clec4a3,0.0,0.0,0.0,0.9888502385877284,0.1005259156227111,0.0,1.0,0.0,0.0,1.0,0.0
Clec4b1,0.0,0.0,0.0,0.9888502385877284,0.1005259156227111,0.0,1.0,0.0,0.0,1.0,0.0
Clec4a2,0.0,0.0007606937433592,19.537506103515625,0.9888502385877284,0.1678170263767242,19.537506103515625,0.4679991859106411,1.0,19.537506103515625,0.5282133287683867,1.0
Clec4n,0.0022190101444721,0.0015645534731447,-0.5046373009681702,0.9888502385877284,0.1013474464416503,-0.5046373009681702,0.9446452292982166,-0.2952437996864319,-0.5046373009681702,0.9946897833213698,-0.2394781857728958
Clec4d,0.0003030791413038,0.0,-18.20955848693848,0.9888502385877284,0.0673658028244972,-18.20955848693848,0.4679991859106411,-1.0,-18.20955848693848,0.6832027011037286,-0.7008072733879089
Clec4e,0.0,0.0023750751279294,21.18125534057617,0.9888502385877284,0.2351081520318985,21.18125534057617,0.2994866737911833,1.3962081670761108,21.18125534057617,0.3306120298935928,1.3962081670761108
Vmn2r26,0.0012730682501569,0.0,-20.280797958374023,0.9888502385877284,0.0673658028244972,-20.280797958374023,0.4679991859106411,-1.0,-20.280797958374023,0.6832027011037286,-0.7008072733879089
Vmn2r27,0.0023985847365111,0.0018572836415842,-0.3693796396255493,0.9888502385877284,0.1013474464416503,-0.3693796396255493,1.0,-0.2151543349027633,-0.3693796396255493,1.0,-0.177368476986885
Cd163,0.0037901131436228,0.0,-21.856544494628903,0.9994412017932364,0.0010455889860168,-21.856544494628903,0.1854906189711426,-1.6932274103164673,-21.856544494628903,0.4373535707597953,-1.1866260766983032
Pex5,0.0776979252696037,0.0794851705431938,0.0341156385838985,0.8755146063717693,0.72855144739151,0.0341156385838985,1.0,0.1184927150607109,0.0341156385838985,1.0,0.1005681008100509
Clstn3,0.0,0.0,0.0,0.9888502385877284,0.1005259156227111,0.0,1.0,0.0,0.0,1.0,0.0
C1rl,0.0,0.0,0.0,0.9888502385877284,0.1005259156227111,0.0,1.0,0.0,0.0,1.0,0.0
C1ra,0.0,0.0,0.0,0.9888502385877284,0.1005259156227111,0.0,1.0,0.0,0.0,1.0,0.0
Lpcat3,0.1378067135810852,0.1431847810745239,0.0592023655772209,0.3683069705118013,1.43006694316864,0.0592023655772209,0.954591589947221,0.2810763716697693,0.0592023655772209,0.9969118381427544,0.2362752705812454
Emg1,0.9653003811836244,1.0779733657836914,0.2541515231132507,0.1596410012093811,1.906855583190918,0.2541515231132507,0.0047973006015387,3.1971092224121094,0.2541515231132507,0.0259994129531448,2.6625418663024902
Phb2,0.6463448405265808,0.9157769680023192,0.7220860719680786,1.7492269644656018e-11,7.087375640869141,0.7220860719680786,3.250285241254461e-13,7.712645530700684,0.7220860719680786,1.1064179139870335e-09,6.533829689025879
Ptpn6,0.536379337310791,1.0056360960006714,1.2883142232894895,4.178298370654433e-28,11.291688919067385,1.2883142232894895,3.9722298217164246e-32,12.56973934173584,1.2883142232894895,4.315010142839278e-24,10.77066421508789
Grcc10,0.2381134033203125,0.214628204703331,-0.1673887073993683,0.9888502385877284,0.3617737889289856,-0.1673887073993683,0.4741607716046829,-0.9886061549186708,-0.1673887073993683,0.6306040145689246,-0.8276121616363525
Atn1,0.0832135081291198,0.0403912290930748,-1.073983669281006,0.9728202618293248,-0.6067403554916382,-1.073983669281006,0.002752715399068,-3.367532968521118,-1.073983669281006,0.0261960393464278,-2.6605708599090576
Eno2,0.0,0.0,0.0,0.9888502385877284,0.1005259156227111,0.0,1.0,0.0,0.0,1.0,0.0
Lrrc23,0.0062357918359339,0.0,-22.576642990112305,0.9888502385877284,-0.0984347313642501,-22.576642990112305,0.0381387301483805,-2.450999975204468,-22.576642990112305,0.2007225083289758,-1.7176785469055176
Spsb2,0.0154651412740349,0.0547918789088726,1.8534765243530276,0.1852277161569772,1.829930067062378,1.8534765243530276,0.0006543378099801,3.790898323059082,1.8534765243530276,0.0020435244155828,3.512781381607056
Tpi1,0.1784569472074508,0.4807829260826111,1.6598460674285889,1.5149012997819702e-17,8.85949993133545,1.6598460674285889,1.6996070438780594e-21,10.176939010620115,1.6598460674285889,4.2348254640124535e-18,9.236055374145508
Usp5,0.1025225669145584,0.1815704256296157,0.8829580545425415,0.0001836133194724,4.158232688903809,0.8829580545425415,0.0001618503230401,4.149845123291016,0.8829580545425415,0.0014219397906122,3.6158406734466553
Cdca3,0.0394323952496051,0.1630901396274566,2.1389217376708984,2.1750723695050304e-05,4.655261039733887,2.1389217376708984,2.5242604550538144e-10,6.778162002563477,2.1389217376708984,3.766402777877918e-09,6.348196029663086
P3h3,0.009180225431919,0.0022228450980037,-2.051145315170288,0.9888502385877284,-0.0313676707446575,-2.051145315170288,0.1301261463678586,-1.8914448022842407,-2.051145315170288,0.3265605158572993,-1.40730619430542
Gpr162,0.0,0.0058946586214005,22.49523162841797,0.9888502385877284,0.3696903884410858,22.49523162841797,0.1361808944378665,1.870259165763855,22.49523162841797,0.152440612258454,1.870259165763855
Cd4,0.0,0.0,0.0,0.9888502385877284,0.1005259156227111,0.0,1.0,0.0,0.0,1.0,0.0
Lag3,0.0141334710642695,1.3319610357284546,7.614004611968994,4.1663352821848115e-153,26.57842445373535,7.614004611968994,4.415063991392069e-150,40.19531631469727,7.614004611968994,4.8540408582855024e-151,39.82258224487305
Ptms,0.0581887364387512,1.1834771633148191,5.240901470184326,7.500373443648005e-130,24.46065902709961,5.240901470184326,2.221426586027967e-130,34.043907165527344,5.240901470184326,4.249170156330221e-131,32.985557556152344
Mlf2,0.2348577380180359,0.4705276191234588,1.1824623346328735,1.4937365850039278e-13,7.738030910491943,1.1824623346328735,5.2605043590519046e-15,8.301534652709961,1.1824623346328735,8.378141207049412e-12,7.296151161193848
Cops7a,0.1239571869373321,0.1539306938648224,0.3345609009265899,0.0951659043474928,2.158543825149536,0.3345609009265899,0.2285732977669234,1.571988582611084,0.3345609009265899,0.3549087355642756,1.3437535762786863
Pianp,0.0009098733426071,0.0,-19.79596328735352,0.9888502385877284,0.0673658028244972,-19.79596328735352,0.4679991859106411,-1.0,-19.79596328735352,0.6832027011037286,-0.7008072733879089
Zfp384,0.070381112396717,0.1075649112462997,0.6391677260398865,0.0591192965758983,2.368035078048706,0.6391677260398865,0.0414107431842823,2.4168269634246826,0.6391677260398865,0.0979457528051109,2.091882705688477
Ing4,0.2209390848875045,0.235212817788124,0.1010053977370262,0.1641622120384576,1.893188238143921,0.1010053977370262,0.7317597288668678,0.5979728102684021,0.1010053977370262,0.8197294223528115,0.502571702003479
Acrbp,0.0530002564191818,0.0220439415425062,-1.288087010383606,0.9678484577814628,-0.6121176481246948,-1.288087010383606,0.0071324683355617,-3.065591335296631,-1.288087010383606,0.048148727797744,-2.412931203842163
Lpar5,0.0009334809728898,0.0048793605528771,2.3888461589813232,0.9888502385877284,0.2693138420581817,2.3888461589813232,0.3706268445393972,1.2448923587799072,2.3888461589813232,0.4339324274003613,1.1924638748168943
Chd4,0.9132885336875916,0.9299131631851196,0.0398339219391346,0.8700933060376965,-0.7350490689277649,0.0398339219391346,0.8298974464905571,0.4588240087032318,0.0398339219391346,0.902155423329661,0.3815858066082001
Nop2,0.059705451130867,0.065160721540451,0.1301159560680389,0.4163499053377066,1.3494073152542114,0.1301159560680389,0.8531175997215101,0.426257848739624,0.1301159560680389,0.9187603143104832,0.3564893007278442
Iffo1,0.0600751228630542,0.0813383981585502,0.4526877403259277,0.365407437451081,1.4355937242507937,0.4526877403259277,0.2684619281861537,1.4763103723526,0.4526877403259277,0.3926002844942573,1.2721774578094482
Gapdh,1.50564444065094,2.79595685005188,2.1325628757476807,2.575623196491582e-173,28.30693244934082,2.1325628757476807,1.269103816979073e-261,44.49650192260742,2.1325628757476807,4.347157533712605e-153,34.91796875
Ncapd2,0.0558477602899074,0.1044751554727554,0.9391345381736756,0.0211943441561653,2.7677488327026367,0.9391345381736756,0.00414398459555,3.2465314865112305,0.9391345381736756,0.0148089528486788,2.870978355407715
Mrpl51,0.4327983856201172,0.5973387956619263,0.5936883687973022,2.3390811235398743e-05,4.638830184936523,0.5936883687973022,9.45096661279617e-07,5.282564640045166,0.5936883687973022,4.532847074812317e-05,4.50363302230835
Vamp1,0.0838859230279922,0.0489702895283699,-0.8019871711730957,0.9888502385877284,-0.3463886976242065,-0.8019871711730957,0.0239535957628854,-2.634699583053589,-0.8019871711730957,0.0952248375909158,-2.1059138774871826
Tapbpl,0.480614572763443,0.5357374548912048,0.199761688709259,0.2593102297247442,1.644487380981445,0.199761688709259,0.1749935190420283,1.733564376831055,0.199761688709259,0.3024203947643892,1.462108850479126
Cd27,1.1228628158569336,1.212388038635254,0.1875388026237487,0.4033203240972164,1.3710658550262451,0.1875388026237487,0.03795382520957,2.452324628829956,0.1875388026237487,0.1117222625118296,2.028590440750122
Tuba3a,0.0021728477440774,0.0,-21.05272483825684,0.9888502385877284,0.0342056974768638,-21.05272483825684,0.2942789202292576,-1.412428855895996,-21.05272483825684,0.5299909986835808,-0.9898403882980348
Ltbr,0.0,0.0017354019219055,20.728090286254883,0.9888502385877284,0.1678170263767242,20.728090286254883,0.4679991859106411,1.0,20.728090286254883,0.5282133287683867,1.0
Scnn1a,0.0,0.0,0.0,0.9888502385877284,0.1005259156227111,0.0,1.0,0.0,0.0,1.0,0.0
Tnfrsf1a,0.0845097973942756,0.111420176923275,0.4185487031936645,0.1816734922149639,1.84075939655304,0.4185487031936645,0.2075782154887503,1.628032088279724,0.4185487031936645,0.3296529771759773,1.3991318941116333
Cd9,0.1542621403932571,0.4263289868831634,1.6723170280456543,2.405782973124749e-17,8.806772232055664,1.6723170280456543,1.0492524216440682e-19,9.68860149383545,1.6723170280456543,2.1468126127081635e-16,8.746071815490723
Vwf,0.0009027667110785,0.0,-19.78464698791504,0.9888502385877284,0.0673658028244972,-19.78464698791504,0.4679991859106411,-1.0,-19.78464698791504,0.6832027011037286,-0.7008072733879089
Ndufa9,0.3463031649589538,0.4704306125640869,0.537562370300293,0.0002646556252314,4.067042350769043,0.537562370300293,6.40775086610193e-05,4.371270656585693,0.537562370300293,0.0010529671298038,3.7020139694213863
Dyrk4,0.0021112216636538,0.0,-21.011171340942383,0.9888502385877284,0.0342056974768638,-21.011171340942383,0.2942789202292576,-1.4147050380706787,-21.011171340942383,0.5299909986835808,-0.9914355874061584
Rad51ap1,0.0108691016212105,0.1070594787597656,3.370176315307617,0.0003700445827183,3.983171224594116,3.370176315307617,1.1758266564386643e-10,6.924290180206299,3.370176315307617,4.967121385905059e-10,6.713600158691406
D6Wsu163e,0.0352135300636291,0.0431857369840145,0.3002132177352905,0.6547043333894541,1.0042881965637207,0.3002132177352905,0.6200422988398524,0.7602896094322205,0.3002132177352905,0.7203965304077428,0.6463514566421509
Fgf23,0.0,0.0,0.0,0.9888502385877284,0.1005259156227111,0.0,1.0,0.0,0.0,1.0,0.0
Tigar,0.031143631786108,0.0759689658880233,1.3190959692001345,0.0573123950714004,2.3811795711517334,1.3190959692001345,0.0011245795747299,3.635768413543701,1.3190959692001345,0.0043878490264291,3.277787685394287
Ccnd2,1.1643688678741455,0.8385528922080994,-0.7471731305122375,2.8225873835464295e-13,-7.654607772827148,-0.7471731305122375,2.5289508899248137e-13,-7.749017715454102,-0.7471731305122375,8.683501976409082e-10,-6.573846817016602
Parp11,0.1678784489631652,0.1205507293343544,-0.5127369165420532,0.9888502385877284,-0.3988175094127655,-0.5127369165420532,0.036537057729527,-2.467432975769043,-0.5127369165420532,0.114210032407981,-2.017406225204468
Cracr2a,0.1252811998128891,0.0967982932925224,-0.3930425643920898,0.9911673495077956,-0.0267372038215398,-0.3930425643920898,0.2137917391742495,-1.6107016801834106,-0.3930425643920898,0.3593430706025105,-1.3350878953933716
Tspan9,0.0076143131591379,0.0,-22.86577796936035,0.9888502385877284,-0.1315948367118835,-22.86577796936035,0.0237345139289195,-2.639875650405884,-22.86577796936035,0.1582967433873407,-1.850044012069702
Tead4,0.0,0.0,0.0,0.9888502385877284,0.1005259156227111,0.0,1.0,0.0,0.0,1.0,0.0
Tulp3,0.0157339461147785,0.004038302693516,-1.970510005950928,0.9888502385877284,-0.2304776906967163,-1.970510005950928,0.0540374848514076,-2.303515911102295,-1.970510005950928,0.185056853682781,-1.76458477973938
Rhno1,0.1569269895553589,0.1473483890295028,-0.0979468449950218,0.5449286902000076,1.1536580324172974,-0.0979468449950218,0.8082968844041484,-0.4903291463851928,-0.0979468449950218,0.8841541609522842,-0.4086909294128418
Foxm1,0.0162305645644664,0.0150101771578192,-0.1136548966169357,0.9888502385877284,0.3660308420658111,-0.1136548966169357,1.0,-0.1893677413463592,-0.1136548966169357,1.0,-0.1560056954622268
Tex52,0.0,0.0,0.0,0.9888502385877284,0.1005259156227111,0.0,1.0,0.0,0.0,1.0,0.0
Nrip2,0.0,0.0,0.0,0.9888502385877284,0.1005259156227111,0.0,1.0,0.0,0.0,1.0,0.0
Itfg2,0.1489247679710388,0.1297038346529007,-0.2135489284992218,0.9888502385877284,0.5593154430389404,-0.2135489284992218,0.4703427842397122,-0.99519145488739,-0.2135489284992218,0.6298462071374986,-0.8286108374595642
Fkbp4,0.4346570074558258,0.3477011620998382,-0.3888338506221771,0.1891353994595596,-1.8187273740768437,-0.3888338506221771,0.008775735250348,-2.997565031051636,-0.3888338506221771,0.0407938586602626,-2.482254266738892
Klrb1a,0.0,0.0,0.0,0.9888502385877284,0.1005259156227111,0.0,1.0,0.0,0.0,1.0,0.0
Klrb1,0.0,0.0014636729611083,20.48221778869629,0.9888502385877284,0.1678170263767242,20.48221778869629,0.4679991859106411,1.0,20.48221778869629,0.5282133287683867,1.0
Klrb1c,0.0023237532004714,0.2846564948558807,7.145147800445557,8.848246692083635e-13,7.502623558044434,7.145147800445557,2.3858683104169145e-23,10.88497829437256,7.145147800445557,3.628340978674674e-23,10.862330436706545
Klrb1b,0.0,0.0386456996202468,25.23177146911621,0.3985500228152596,1.3790571689605713,25.23177146911621,0.0003832868169937,3.945027112960816,25.23177146911621,0.0004620750130744,3.945027112960816
BC035044,0.0058243824169039,0.0470864400267601,3.045030117034912,0.0847164349203124,2.2103750705718994,3.045030117034912,1.2538908039046231e-05,4.7656097412109375,3.045030117034912,3.844387434227564e-05,4.5536417961120605
Clec2i,0.3172792196273803,0.3044143319129944,-0.0694769546389579,0.9888502385877284,0.3840298950672149,-0.0694769546389579,0.83401696087239,-0.4527735114097595,-0.0694769546389579,0.9011245626815978,-0.3831677436828613
Clec2g,0.0,0.002906915731728,21.4731559753418,0.9888502385877284,0.2351081520318985,21.4731559753418,0.2953546285971632,1.406272530555725,21.4731559753418,0.3271154229290202,1.406272530555725
Clec2f,0.0,0.0,0.0,0.9888502385877284,0.1005259156227111,0.0,1.0,0.0,0.0,1.0,0.0
Klrb1f,0.0068737398833036,0.0164626222103834,1.26695716381073,0.9888502385877284,0.4375043213367462,1.26695716381073,0.2629730696471096,1.4890668392181396,1.26695716381073,0.3466802019681352,1.360703706741333
Clec2e,0.0,0.0,0.0,0.9888502385877284,0.1005259156227111,0.0,1.0,0.0,0.0,1.0,0.0
Clec2d,0.7725768685340881,0.5865601301193237,-0.5466620326042175,1.1851539039834595e-06,-5.251843929290772,-0.5466620326042175,9.06604274688666e-07,-5.28666353225708,-0.5466620326042175,6.975980390182859e-05,-4.402623653411865
Cd69,1.0248732566833496,0.7479833364486694,-0.6832213401794434,1.854801782820948e-06,-5.164238929748535,-0.6832213401794434,4.694917883503157e-08,-5.844715595245361,-0.6832213401794434,8.326183577806212e-06,-4.88141393661499
Clec12a,0.0025567105039954,0.0020628392230719,-0.3100136220455169,0.9888502385877284,0.1013474464416503,-0.3100136220455169,1.0,-0.1796618402004242,-0.3100136220455169,1.0,-0.1490653902292251
Clec1b,0.0010391167597845,0.0011447402648627,0.1397386193275451,0.9888502385877284,0.1345822364091873,0.1397386193275451,1.0,0.0683194026350975,0.1397386193275451,1.0,0.056386049836874
Clec9a,0.0,0.0014572162181138,20.4758358001709,0.9888502385877284,0.1678170263767242,20.4758358001709,0.4679991859106411,1.0,20.4758358001709,0.5282133287683867,1.0
Olr1,0.0,0.0,0.0,0.9888502385877284,0.1005259156227111,0.0,1.0,0.0,0.0,1.0,0.0
Gabarapl1,0.0168429370969533,0.1301993727684021,3.033277988433838,7.2652894045802335e-06,4.886709690093994,3.033277988433838,1.6353814429728705e-12,7.573531627655029,3.033277988433838,1.699780592756943e-11,7.234353065490723
Klre1,0.0055900253355503,0.0492797754704952,3.171728134155273,0.1295657425266055,2.0126094818115234,3.171728134155273,3.205967789807412e-05,4.554935455322266,3.171728134155273,7.42790070694454e-05,4.399326324462891
Klrd1,1.1495475769042969,1.4520349502563477,0.6012154817581177,1.482702066294612e-07,5.6414008140563965,0.6012154817581177,1.10318920675019e-08,6.11607837677002,0.6012154817581177,7.532043923239881e-07,5.372719764709473
Klrk1,0.0469973310828208,0.9646230340003968,5.076615333557129,5.963467942259244e-85,19.762304306030277,5.076615333557129,8.11531634319647e-83,24.12287139892578,5.076615333557129,3.2856560279651346e-82,23.65092086791992
Klrc3,0.0,0.0042594978585839,22.025325775146484,0.9888502385877284,0.3023992776870727,22.025325775146484,0.1765024022023084,1.7275532484054563,22.025325775146484,0.1974673745345248,1.7275532484054563
Klrc2,0.013173408806324,0.5571073889732361,5.813218593597412,2.790008334716789e-56,16.060022354125977,5.813218593597412,1.9260457881989902e-61,19.688203811645508,5.813218593597412,7.188516154611859e-61,19.44997978210449
Klrc1,0.0243111699819564,1.0354217290878296,6.205661773681641,5.286678137715591e-123,23.802684783935547,6.205661773681641,8.307752048748996e-120,32.48732376098633,6.205661773681641,2.685966260106876e-120,32.03342819213867
Klri1,0.0,0.0,0.0,0.9888502385877284,0.1005259156227111,0.0,1.0,0.0,0.0,1.0,0.0
Klri2,0.0,0.0012649364070966,20.271547317504883,0.9888502385877284,0.1678170263767242,20.271547317504883,0.4679991859106411,1.0,20.271547317504883,0.5282133287683867,1.0
Klrh1,0.0,0.0022337092086672,21.092622756958008,0.9888502385877284,0.2351081520318985,21.092622756958008,0.3521313582853297,1.2820801734924316,21.092622756958008,0.3874898672941376,1.2820801734924316
Klra17,0.0,0.0,0.0,0.9888502385877284,0.1005259156227111,0.0,1.0,0.0,0.0,1.0,0.0
Klra5,0.0,0.0016880353214219,20.688133239746094,0.9888502385877284,0.1678170263767242,20.688133239746094,0.4679991859106411,1.0,20.688133239746094,0.5282133287683867,1.0
Klra6,0.0045044152066111,0.0015413315268233,-1.5493005514144895,0.9888502385877284,0.0681126564741134,-1.5493005514144895,0.4959124718934214,-0.9532323479652404,-1.5493005514144895,0.6832027011037286,-0.7142031788825989
Klra4,0.0,0.0,0.0,0.9888502385877284,0.1005259156227111,0.0,1.0,0.0,0.0,1.0,0.0
Klra8,0.0009694880573078,0.0,-19.887563705444336,0.9888502385877284,0.0673658028244972,-19.887563705444336,0.4679991859106411,-1.0,-19.887563705444336,0.6832027011037286,-0.7008072733879089
Klra9,0.0008510039770044,0.0018339977832511,1.1084624528884888,0.9888502385877284,0.1347316056489944,1.1084624528884888,0.811306609301568,0.4861925542354584,1.1084624528884888,0.8575299250785561,0.4469021558761596
Klra7,0.0080202315002679,0.0211338195949792,1.4073201417922974,0.8677554586016053,0.7390820384025574,1.4073201417922974,0.1651459861821101,1.7663525342941284,1.4073201417922974,0.2587778054186188,1.5629007816314695
Klra10,0.0,0.0,0.0,0.9888502385877284,0.1005259156227111,0.0,1.0,0.0,0.0,1.0,0.0
Klra3,0.0040053687989711,0.1239560469985008,5.03919792175293,0.0148589738276825,2.8955347537994385,5.03919792175293,3.740704713832401e-08,5.949673652648926,5.03919792175293,5.8543822924425243e-08,5.902470111846924
Klra1,0.0012447715271264,0.0,-20.248348236083984,0.9888502385877284,0.0673658028244972,-20.248348236083984,0.4679991859106411,-1.0,-20.248348236083984,0.6832027011037286,-0.7008072733879089
Klra2,0.000955962575972,0.0,-19.867284774780277,0.9888502385877284,0.0673658028244972,-19.867284774780277,0.4679991859106411,-1.0,-19.867284774780277,0.6832027011037286,-0.7008072733879089
Magohb,0.1504883170127868,0.3492728471755981,1.364060401916504,1.0058435875269277e-12,7.485296726226807,1.364060401916504,6.925784819113586e-15,8.271405220031738,1.364060401916504,7.002297081777986e-12,7.324282169342041
Styk1,0.0008568071061745,0.0021273472812026,1.3129289150238037,0.9888502385877284,0.1347316056489944,1.3129289150238037,0.7636367848236871,0.5539963245391846,1.3129289150238037,0.8095841226581404,0.5178180932998657
Ybx3,0.173244446516037,1.0705931186676023,3.341278314590454,1.4815018439826714e-98,21.2956600189209,3.341278314590454,1.9209262165503302e-112,28.1679801940918,3.341278314590454,1.985509031246758e-104,25.82135009765625
Smim10l1,0.1885230839252472,0.2005136609077453,0.097889095544815,0.1116633401572631,2.0842323303222656,0.097889095544815,0.7645499921238902,0.5525532960891724,0.097889095544815,0.8461699087498251,0.4633824229240417
Etv6,0.0777530893683433,0.1058619320392608,0.4657981395721435,0.0883606212924402,2.1918532848358154,0.4657981395721435,0.1679228506788758,1.756648302078247,0.4657981395721435,0.2857653574674836,1.4981796741485596
Bcl2l14,0.0027353311888873,0.0036406347062438,0.4131277501583099,0.9888502385877284,0.1684892028570175,0.4131277501583099,0.9598503077989,0.2733412981033325,0.4131277501583099,0.9980406200552582,0.2342756539583206
Lrp6,0.1703648567199707,0.0608153380453586,-1.566665768623352,0.0735134582317244,-2.2747535705566406,-1.566665768623352,2.518434610493213e-10,-6.70423698425293,-1.566665768623352,2.1621159817114216e-06,-5.175042629241943
Mansc1,0.0063187922351062,0.0048478483222424,-0.3833662867546081,0.9888502385877284,0.2362284213304519,-0.3833662867546081,0.8736899250789648,-0.3970883190631866,-0.3833662867546081,0.9443322771530268,-0.316897451877594
Borcs5,0.0790147706866264,0.1070776358246803,0.4590200185775757,0.0974629079531503,2.1471917629241943,0.4590200185775757,0.1467054473980721,1.829296350479126,0.4590200185775757,0.2583902925998447,1.5638957023620603
Dusp16,0.0122241796925663,0.0178389698266983,0.5493550896644592,0.9888502385877284,0.4687226116657257,0.5493550896644592,0.5668507333968915,0.8409957885742188,0.5493550896644592,0.6832027011037286,0.7328945994377136
Crebl2,0.0719879046082496,0.0152058508247137,-2.284385204315185,0.3471928626573327,-1.469201922416687,-2.284385204315185,4.329443477493139e-07,-5.422362327575684,-2.284385204315185,0.0002297960175633,-4.116101264953613
Gpr19,0.017125329002738,0.014722729101777,-0.2198241651058197,0.9888502385877284,0.3983694016933441,-0.2198241651058197,0.8883433315391763,-0.3758468925952911,-0.2198241651058197,0.9504186041853754,-0.3072775304317474
Cdkn1b,0.5888690948486328,0.4203201234340668,-0.6182214021682739,0.0001660295179568,-4.183700084686279,-0.6182214021682739,5.723748694293499e-07,-5.374502182006836,-0.6182214021682739,6.654611219093648e-05,-4.414515495300293
Apold1,0.0022359550930559,0.0017183450981974,-0.3802446722984314,0.9888502385877284,0.1013474464416503,-0.3802446722984314,0.9959016226159528,-0.2217132151126861,-0.3802446722984314,1.0,-0.1825680881738662
Ddx47,0.2145950198173523,0.2486630827188491,0.238098531961441,0.0405356071035503,2.5224087238311768,0.238098531961441,0.275807313686181,1.4596009254455566,0.238098531961441,0.4151961561115965,1.2313847541809082
Gprc5a,0.0,0.0011860650265589,20.178607940673828,0.9888502385877284,0.1678170263767242,20.178607940673828,0.4679991859106411,1.0,20.178607940673828,0.5282133287683867,1.0
Gprc5d,0.0,0.0,0.0,0.9888502385877284,0.1005259156227111,0.0,1.0,0.0,0.0,1.0,0.0
Hebp1,0.0020279802847653,0.0035695885308086,0.8168262839317322,0.9888502385877284,0.1684892028570175,0.8168262839317322,0.7803672679637524,0.5299426913261414,0.8168262839317322,0.8399924550428403,0.4735926687717438
Fam234b,0.0156789980828762,0.0176041629165411,0.168475866317749,0.9888502385877284,0.5647674202919006,0.168475866317749,0.9440077729034302,0.2961694598197937,0.168475866317749,0.9892544711110206,0.2478273957967758
Emp1,0.0085385832935571,0.1096867695450782,3.7569305896759033,0.0006913554260667,3.8216278553009033,3.7569305896759033,1.0546406177885367e-10,6.945272922515869,3.7569305896759033,3.6698778350829645e-10,6.769128799438477
Eif4a3l1,0.0,0.0,0.0,0.9888502385877284,0.1005259156227111,0.0,1.0,0.0,0.0,1.0,0.0
Atf7ip,0.6299522519111633,0.5358567237854004,-0.3078275322914123,0.0952887316768435,-2.157871723175049,-0.3078275322914123,0.0203870495665324,-2.697498083114624,-0.3078275322914123,0.0679607698776019,-2.2607014179229736
Plbd1,0.0,0.0061541814357042,22.55757713317871,0.9888502385877284,0.3023992776870727,22.55757713317871,0.1768528408209077,1.7257832288742063,22.55757713317871,0.1979231860069587,1.7257832288742063
H4f16,0.035776387900114,0.0217144787311553,-0.7305424213409424,0.9888502385877284,-0.0740874484181404,-0.7305424213409424,0.2319635534959155,-1.5625967979431152,-0.7305424213409424,0.4022603331849929,-1.2540514469146729
H2aj,1.215409278869629,1.4906539916992188,0.536502480506897,2.065463580405186e-09,6.365470886230469,0.536502480506897,3.370730791423672e-13,7.691403865814209,0.536502480506897,3.938633233867468e-09,6.326540946960449
Wbp11,0.3620915412902832,0.3327509760856628,-0.1442995369434356,0.9888502385877284,-0.0602707378566265,-0.1442995369434356,0.4674644154611115,-1.0732314586639404,-0.1442995369434356,0.586660314595129,-0.8967334032058716
BC049715,0.0245767477899789,0.0118196951225399,-1.065331220626831,0.9888502385877284,-0.1649790108203888,-1.065331220626831,0.1478052264995347,-1.8245289325714111,-1.065331220626831,0.3074222949650068,-1.450822114944458
Smco3,0.0019901324994862,0.003574252827093,0.8459201455116272,0.9888502385877284,0.1686385720968246,0.8459201455116272,0.7683079035871886,0.5467665791511536,0.8459201455116272,0.8286008116322611,0.4897565245628357
Art4,0.0525620989501476,0.0,-25.68560028076172,0.3710758983642684,-1.4248390197753906,-25.68560028076172,8.936294004078527e-11,-6.894979476928711,-25.68560028076172,1.2117724188545372e-05,-4.832051753997803
Erp27,0.0297786202281713,0.0050083566457033,-2.589787244796753,0.9888502385877284,-0.532204806804657,-2.589787244796753,0.0008069149650155,-3.721717834472656,-2.589787244796753,0.0212161734509206,-2.7442450523376465
Arhgdib,2.369094133377075,2.683185577392578,0.4927308857440948,3.4234304494931484e-31,11.909631729125977,0.4927308857440948,2.3454918612157328e-32,12.52464199066162,0.4927308857440948,3.939702645775025e-22,10.305255889892578
Pde6h,0.0,0.0017238408327102,20.71843910217285,0.9888502385877284,0.2351081520318985,20.71843910217285,0.3338142074901234,1.3203169107437134,20.71843910217285,0.3671939235620235,1.3203169107437134
Ptpro,0.0,0.0,0.0,0.9888502385877284,0.1005259156227111,0.0,1.0,0.0,0.0,1.0,0.0
Eps8,0.0011434842599555,0.0048434659838676,2.0852725505828857,0.9888502385877284,0.2690151035785675,2.0852725505828857,0.3841365708961745,1.2189003229141235,2.0852725505828857,0.4660553967973249,1.1381008625030518
Strap,0.3552358448505401,0.5853157639503479,0.8993634581565857,1.0017033472013499e-10,6.832027912139893,0.8993634581565857,2.310935838427175e-13,7.766184329986572,0.8993634581565857,5.911899465921803e-10,6.6362128257751465
Dera,0.1571759432554245,0.3726212680339813,1.4075924158096311,7.317585360000421e-15,8.123404502868652,1.4075924158096311,6.855534827758211e-16,8.578429222106934,1.4075924158096311,9.712702389448574e-13,7.610302448272705
Mgst1,0.0010391167597845,0.0,-19.9876766204834,0.9888502385877284,0.0673658028244972,-19.9876766204834,0.4679991859106411,-1.0,-19.9876766204834,0.6832027011037286,-0.7008072733879089
Plekha5,0.1165989488363266,0.2172976434230804,0.9727768301963806,2.1346553475083797e-05,4.659219264984131,0.9727768301963806,8.522443944350967e-06,4.833301067352295,0.9727768301963806,0.0001327134083292,4.245250225067139
Aebp2,0.4325609505176544,0.6285892724990845,0.6930629014968872,5.723851804614776e-07,5.391057014465332,0.6930629014968872,3.2071327613305546e-08,5.919585704803467,0.6930629014968872,3.420506589455236e-06,5.0681328773498535
Pyroxd1,0.0738810077309608,0.0785590857267379,0.0919919833540916,0.528135689322237,1.178826928138733,0.0919919833540916,0.923155135539536,0.3254499435424804,0.0919919833540916,0.9731102960872088,0.2731137573719024
Recql,0.1172661930322647,0.1846407502889633,0.7047566175460815,0.0018847525839163,3.543799877166748,0.7047566175460815,0.0025366460732541,3.3963189125061035,0.7047566175460815,0.0124435699140614,2.9329562187194824
Golt1b,0.1023995578289032,0.1938381195068359,0.9882295727729796,6.211217549333466e-05,4.41806173324585,0.9882295727729796,2.4102219911248886e-05,4.602770805358887,0.9882295727729796,0.0002803361098037,4.057633399963379
Spx,0.0036679508630186,0.0,-21.80919075012207,0.9994412017932364,0.0010455889860168,-21.80919075012207,0.1772932935343962,-1.7211766242980957,-21.80919075012207,0.4272898643024883,-1.206213116645813
Ldhb,0.0451857186853885,0.0022477207239717,-4.360426902770996,0.6096516837392433,-1.0639615058898926,-4.360426902770996,4.5871016955633615e-08,-5.851356983184815,-4.360426902770996,0.0002068897974797,-4.1533942222595215
Kcnj8,0.0009651731234043,0.0,-19.881126403808597,0.9888502385877284,0.0673658028244972,-19.881126403808597,0.4679991859106411,-1.0,-19.881126403808597,0.6832027011037286,-0.7008072733879089
Abcc9,0.0,0.0,0.0,0.9888502385877284,0.1005259156227111,0.0,1.0,0.0,0.0,1.0,0.0
Cmas,0.282192587852478,0.3413040339946747,0.3192293047904968,0.0142468989416687,2.9103221893310547,0.3192293047904968,0.0700640934055742,2.1891684532165527,0.3192293047904968,0.1546554041273923,1.8603498935699463
Sult6b2,0.0,0.0,0.0,0.9888502385877284,0.1005259156227111,0.0,1.0,0.0,0.0,1.0,0.0
St8sia1,0.1916190236806869,0.0015748934820294,-7.066135883331299,2.348890848180528e-06,-5.116515159606934,-7.066135883331299,6.928976271174413e-36,-13.360014915466309,-7.066135883331299,5.776239076378942e-18,-9.392133712768556
C2cd5,0.1495206207036972,0.2428212165832519,0.7690514326095581,0.0001030060439145,4.298939228057861,0.7690514326095581,0.0001675937507579,4.140686511993408,0.7690514326095581,0.0015064890338071,3.598732709884644
Etnk1,0.6012292504310608,0.4555194973945617,-0.5147221684455872,0.0013618862937031,-3.635811567306519,-0.5147221684455872,4.57096983853908e-05,-4.447632789611816,-0.5147221684455872,0.0011627279557398,-3.674893617630005
Sox5,0.0113485222682356,0.0025390884838998,-2.1664836406707764,0.9888502385877284,-0.1306986212730407,-2.1664836406707764,0.1209516595978184,-1.9286296367645264,-2.1664836406707764,0.2979319064976242,-1.4722973108291626
Bcat1,0.0039645405486226,0.0290792696177959,2.8929314613342285,0.4202405343813956,1.3428349494934082,2.8929314613342285,0.0019751664554174,3.4779744148254395,2.8929314613342285,0.0040040364095863,3.310211420059204
Lrmp,0.1902726739645004,0.755835235118866,2.429974317550659,1.1171541846371858e-54,15.82730484008789,2.429974317550659,9.867019718810252e-61,18.52482032775879,2.429974317550659,1.0529757513486985e-52,16.777315139770508
Casc1,0.0081137008965015,0.0053340555168688,-0.6071344017982483,0.9888502385877284,0.2022467851638794,-0.6071344017982483,0.6695653982024203,-0.6860266923904419,-0.6071344017982483,0.7910601046268831,-0.5438463687896729
Etfrf1,0.0562243834137916,0.0544873848557472,-0.0465382523834705,0.8045894397609176,0.8145138025283813,-0.0465382523834705,1.0,-0.1417288035154342,-0.0465382523834705,1.0,-0.1179420053958892
Kras,0.5071189403533936,0.6508315801620483,0.4735739231109619,0.00133252811836,3.6418612003326416,0.4735739231109619,8.342134139430305e-05,4.308987140655518,0.4735739231109619,0.001259566041749,3.650732517242432
Lmntd1,0.0,0.0,0.0,0.9888502385877284,0.1005259156227111,0.0,1.0,0.0,0.0,1.0,0.0
Tuba3b,0.0,0.0,0.0,0.9888502385877284,0.1005259156227111,0.0,1.0,0.0,0.0,1.0,0.0
Rassf8,0.0009768633171916,0.0,-19.89850425720215,0.9888502385877284,0.0673658028244972,-19.89850425720215,0.4679991859106411,-1.0,-19.89850425720215,0.6832027011037286,-0.7008072733879089
Bhlhe41,0.0,0.0,0.0,0.9888502385877284,0.1005259156227111,0.0,1.0,0.0,0.0,1.0,0.0
Itpr2,0.5190534591674805,0.2478451579809188,-1.274548053741455,5.453537985841811e-09,-6.208782196044922,-1.274548053741455,1.3409209050914526e-18,-9.258477210998535,-1.274548053741455,3.76909629339168e-12,-7.4307379722595215
Ints13,0.1505611836910247,0.1429332494735717,-0.0806450098752975,0.447081577667042,1.300413966178894,-0.0806450098752975,0.8774893104395664,-0.3920855820178985,-0.0806450098752975,0.9379744908412568,-0.3269825577735901
Fgfr1op2,0.6250859498977661,0.8059113621711731,0.5124261379241943,6.875927802952525e-05,4.393415451049805,0.5124261379241943,7.532792911268722e-07,5.322934150695801,0.5124261379241943,6.293205378052841e-05,4.427439212799072
Tm7sf3,0.0600693598389625,0.0989552736282348,0.748569130897522,0.0553822716313695,2.3953697681427,0.748569130897522,0.0248530020014663,2.622586488723755,0.748569130897522,0.065514778691561,2.2784698009490967
Med21,0.3370691239833832,0.3357800245285034,-0.0065100365318357,0.9146915518006314,0.6802303194999695,-0.0065100365318357,1.0,-0.0491157099604606,-0.0065100365318357,1.0,-0.040944155305624
Stk38l,0.0266670882701873,0.0336635485291481,0.34119912981987,0.7237986061470757,0.9136953949928284,0.34119912981987,0.6061532741166605,0.7804383635520935,0.34119912981987,0.7074203388361808,0.6652591228485107
Arntl2,0.0,0.0,0.0,0.9888502385877284,0.1005259156227111,0.0,1.0,0.0,0.0,1.0,0.0
Ppfibp1,0.0104227242991328,0.0261245500296354,1.3370347023010254,0.6807263759379766,0.971053421497345,1.3370347023010254,0.0693962982163069,2.1943776607513428,1.3370347023010254,0.1240810878002707,1.975099205970764
Rep15,0.0104085588827729,0.006092382594943,-0.7758097052574158,0.9888502385877284,0.0687101334333419,-0.7758097052574158,0.5225729980309202,-0.9098151326179504,-0.7758097052574158,0.6832027011037286,-0.7298162579536438
Mrps35,0.174957275390625,0.2587306499481201,0.6270602345466614,7.48824440303111e-05,4.373474597930908,0.6270602345466614,0.0009969323725859,3.6662867069244394,0.6270602345466614,0.0068178718168458,3.1355817317962646
Mansc4,0.0012090293457731,0.0,-20.20629119873047,0.9888502385877284,0.0673658028244972,-20.20629119873047,0.4679991859106411,-1.0,-20.20629119873047,0.6832027011037286,-0.7008072733879089
Klhl42,0.0763642191886901,0.0482918247580528,-0.6815780997276306,0.9888502385877284,-0.2547502815723419,-0.6815780997276306,0.0760038399126647,-2.1515400409698486,-0.6815780997276306,0.1897794749252069,-1.7492694854736328
Ccdc91,0.0699243918061256,0.0215416550636291,-1.7338333129882812,0.7069569573320442,-0.9354287385940552,-1.7338333129882812,2.7375178021555296e-05,-4.560754299163818,-1.7338333129882812,0.0023596392310176,-3.4729723930358887
Far2,0.0009830547496676,0.0064589530229568,2.7199079990386963,0.9888502385877284,0.3363809287548065,2.7199079990386963,0.2363478852713708,1.5531448125839231,2.7199079990386963,0.2879175872941634,1.494132399559021
Ergic2,0.2361881881952285,0.3362934589385986,0.5854346752166748,0.0002897849583667,4.04486083984375,0.5854346752166748,0.0003183400831458,3.974827527999878,0.5854346752166748,0.0029593115719847,3.3987324237823486
Tmtc1,0.0009979918831959,0.0,-19.92938995361328,0.9888502385877284,0.0673658028244972,-19.92938995361328,0.4679991859106411,-1.0,-19.92938995361328,0.6832027011037286,-0.7008072733879089
Ipo8,0.1091471388936042,0.1433063894510269,0.4179873168468475,0.0422853806727299,2.505903482437134,0.4179873168468475,0.1300295395846813,1.8925108909606931,0.4179873168468475,0.2382635494562128,1.6128365993499756
Caprin2,0.0255346335470676,0.0092840762808918,-1.4713813066482544,0.9888502385877284,-0.2654302418231964,-1.4713813066482544,0.0385087675484796,-2.445232629776001,-1.4713813066482544,0.1436276442012148,-1.8984919786453247
Sinhcaf,0.164497897028923,0.195882186293602,0.2752355635166168,0.0478303517134531,2.456163167953491,0.2752355635166168,0.272525734550487,1.4670157432556152,0.2752355635166168,0.4095260842904644,1.241698145866394
Dennd5b,0.0034745757002383,0.0046045663766562,0.4070439338684082,0.9888502385877284,0.2022467851638794,0.4070439338684082,0.9133708380599456,0.3393072485923767,0.4070439338684082,0.9625790540187982,0.2892942428588867
Etfbkmt,0.0616367571055889,0.0505372211337089,-0.2945261597633362,0.9888502385877284,0.3047891855239868,-0.2945261597633362,0.5315391469167746,-0.894896924495697,-0.2945261597633362,0.6832027011037286,-0.7392767071723938
Amn1,0.1500098705291748,0.2012078315019607,0.4616410434246063,0.0205126837426894,2.7799971103668213,0.4616410434246063,0.0647968658501145,2.224264144897461,0.4616410434246063,0.1400209689291039,1.9113247394561768
Resf1,0.6183918118476868,0.7789073586463928,0.4620904624462127,0.0005384356261915,3.887051820755005,0.4620904624462127,0.0001210262375416,4.219620704650879,0.4620904624462127,0.001478520501667,3.604279041290283
Bicd1,0.0013638256350532,0.0072678993456065,2.418140172958374,0.9888502385877284,0.4379524290561676,2.418140172958374,0.1498840646844793,1.819027066230774,2.418140172958374,0.1996860152457737,1.719104290008545
Nlrp12,0.0,0.0,0.0,0.9888502385877284,0.1005259156227111,0.0,1.0,0.0,0.0,1.0,0.0
Myadm,0.0014418201753869,0.0402574576437473,4.8313889503479,0.2279644098553902,1.7166330814361572,4.8313889503479,2.193961393486032e-05,4.647706985473633,4.8313889503479,3.28965813877506e-05,4.600526332855225
Prkcg,0.0,0.0,0.0,0.9888502385877284,0.1005259156227111,0.0,1.0,0.0,0.0,1.0,0.0
Cacng8,0.0,0.0,0.0,0.9888502385877284,0.1005259156227111,0.0,1.0,0.0,0.0,1.0,0.0
Tarm1,0.0,0.0,0.0,0.9888502385877284,0.1005259156227111,0.0,1.0,0.0,0.0,1.0,0.0
Oscar,0.0,0.0016771348891779,20.67877769470215,0.9888502385877284,0.1678170263767242,20.67877769470215,0.4679991859106411,1.0,20.67877769470215,0.5282133287683867,1.0
Ndufa3,0.6123082637786865,0.762863278388977,0.4381162226200104,0.0009056460436539,3.747689723968506,0.4381162226200104,4.573490483538566e-05,4.449377536773682,0.4381162226200104,0.000904141883047,3.743787288665772
Tfpt,0.0602179914712905,0.1159966960549354,0.9866438508033752,0.0073150565912228,3.132136583328247,0.9866438508033752,0.0016081449205299,3.5321381092071533,0.9866438508033752,0.007064106458255,3.123635768890381
Prpf31,0.1901984363794326,0.2597717344760895,0.5018057227134705,0.0016124075088477,3.5880134105682373,0.5018057227134705,0.0072571513222211,3.0624022483825684,0.5018057227134705,0.0299928484690205,2.6065945625305176
Cnot3,0.2695496678352356,0.4152088761329651,0.7343404293060303,1.5518980093901177e-07,5.633334636688232,0.7343404293060303,6.32579432036471e-07,5.362253189086914,0.7343404293060303,3.3557323680090005e-05,4.572133541107178
Leng1,0.0941600278019905,0.0923100262880325,-0.0299826376140117,0.6735039922946766,0.981808066368103,-0.0299826376140117,1.0,-0.1164907366037368,-0.0299826376140117,1.0,-0.0979071706533432
Tmc4,0.023860428482294,0.0102147432044148,-1.2338383197784424,0.9888502385877284,-0.228610560297966,-1.2338383197784424,0.1252467584579674,-1.910970687866211,-1.2338383197784424,0.2760874415193655,-1.5201425552368164
Mboat7,0.1181145906448364,0.1117788255214691,-0.0841979011893272,0.7460890053391768,0.8847176432609558,-0.0841979011893272,0.8973178964112597,-0.3631964325904846,-0.0841979011893272,0.953638842814219,-0.3028262853622436
Tsen34,0.1124219298362732,0.1141491755843162,0.0232664868235588,0.4050116200070251,1.3681532144546509,0.0232664868235588,1.0,0.1004673615097999,0.0232664868235588,1.0,0.0839647650718689
Rps9,4.033154010772705,3.4953272342681885,-0.7945755124092102,9.118348028051504e-154,-26.63727569580078,-0.7945755124092102,1.052436712064867e-181,-38.11522674560547,-0.7945755124092102,1.6533790567676549e-155,-33.30874252319336
Pirb,0.0075021064840257,0.0,-22.84428024291992,0.9888502385877284,-0.1315948367118835,-22.84428024291992,0.0249150437957618,-2.621128559112549,-22.84428024291992,0.1623173743686397,-1.836905837059021
Pira2,0.0,0.0,0.0,0.9888502385877284,0.1005259156227111,0.0,1.0,0.0,0.0,1.0,0.0
Gm14548,0.0,0.0,0.0,0.9888502385877284,0.1005259156227111,0.0,1.0,0.0,0.0,1.0,0.0
Lilra6,0.0,0.0,0.0,0.9888502385877284,0.1005259156227111,0.0,1.0,0.0,0.0,1.0,0.0
Lair1,0.0758756175637245,0.1134031191468238,0.6072495579719543,0.0787620567696396,2.2433857917785645,0.6072495579719543,0.0517988605304045,2.323651075363159,0.6072495579719543,0.1135659292106203,2.0200507640838623
Ttyh1,0.0,0.0,0.0,0.9888502385877284,0.1005259156227111,0.0,1.0,0.0,0.0,1.0,0.0
Leng8,0.3901739418506622,0.3737082481384277,-0.0748366713523864,0.9888502385877284,0.1142679378390312,-0.0748366713523864,0.752996093532881,-0.5696080923080444,-0.0748366713523864,0.8384964156689587,-0.4758692979812622
Leng9,0.0904181078076362,0.0613826923072338,-0.5799893140792847,0.9888502385877284,-0.1000778004527092,-0.5799893140792847,0.1019932500868346,-2.0147533416748047,-0.5799893140792847,0.2252133038379087,-1.6462275981903076
Cdc42ep5,0.0003030791413038,0.0,-18.20955848693848,0.9888502385877284,0.0673658028244972,-18.20955848693848,0.4679991859106411,-1.0,-18.20955848693848,0.6832027011037286,-0.7008072733879089
Lilra5,0.0,0.0,0.0,0.9888502385877284,0.1005259156227111,0.0,1.0,0.0,0.0,1.0,0.0
Ncr1,0.0,0.0,0.0,0.9888502385877284,0.1005259156227111,0.0,1.0,0.0,0.0,1.0,0.0
Rdh13,0.0425059534609317,0.0219377670437097,-0.9691649079322816,0.9888502385877284,-0.2800684869289398,-0.9691649079322816,0.0662694603461583,-2.212847948074341,-0.9691649079322816,0.1845063336631383,-1.7657697200775146
Eps8l1,0.1561717391014099,0.0171859599649906,-3.285536050796509,0.0012764441568149,-3.654034852981568,-3.285536050796509,2.9545110338407294e-22,-10.216376304626465,-3.285536050796509,6.063592870753328e-12,-7.424866199493408
Ppp1r12c,0.1724310517311096,0.2478196173906326,0.5795549750328064,0.0006210004377736,3.850306749343872,0.5795549750328064,0.0032074452995634,3.323793172836304,0.5795549750328064,0.0155594559665554,2.8526110649108887
Tnnt1,0.0271677281707525,0.0254522524774074,-0.0953433737158775,0.9888502385877284,0.4896343946456909,-0.0953433737158775,1.0,-0.2051115185022354,-0.0953433737158775,1.0,-0.1705088913440704
Tnni3,0.0026517224032431,0.0062536764889955,1.2403748035430908,0.9888502385877284,0.3027727007865906,1.2403748035430908,0.5135687553203739,0.9246476292610168,1.2403748035430908,0.6289609447060784,0.830393373966217
Dnaaf3,0.003502994775772,0.0,-21.742685317993164,0.9994412017932364,0.0010455889860168,-21.742685317993164,0.1772611872837408,-1.7215312719345093,-21.742685317993164,0.4272209683310072,-1.2064616680145264
Syt5,0.0,0.0,0.0,0.9888502385877284,0.1005259156227111,0.0,1.0,0.0,0.0,1.0,0.0
Tmem86b,0.019788971170783,0.0087081445381045,-1.1922712326049805,0.9888502385877284,-0.100376546382904,-1.1922712326049805,0.1328663925079642,-1.880706787109375,-1.1922712326049805,0.2997465413060479,-1.4680382013320925
Ppp6r1,0.352809876203537,0.3507727682590484,-0.0099095785990357,0.7859514351106565,0.836097776889801,-0.0099095785990357,1.0,-0.0731581225991249,-0.0099095785990357,1.0,-0.0611407719552516
Hspbp1,0.190383568406105,0.1296392828226089,-0.5993918180465698,0.9888502385877284,-0.4031492471694946,-0.5993918180465698,0.005797026028467,-3.1342897415161133,-0.5993918180465698,0.0355893403525661,-2.5398736000061035
Brsk1,0.0,0.0,0.0,0.9888502385877284,0.1005259156227111,0.0,1.0,0.0,0.0,1.0,0.0
Tmem150b,0.0017948395106941,0.0,-20.77672004699707,0.9888502385877284,0.0673658028244972,-20.77672004699707,0.4679991859106411,-1.0,-20.77672004699707,0.6832027011037286,-0.7008072733879089
Kmt5c,0.053116962313652,0.0442347303032875,-0.2704521119594574,0.9888502385877284,0.436608076095581,-0.2704521119594574,0.595365746286325,-0.7966597676277161,-0.2704521119594574,0.7141146411100708,-0.6557363271713257
Cox6b2,0.0029070370364934,0.0127973444759845,2.1453664302825928,0.9728535020078471,0.6055454015731812,2.1453664302825928,0.1026608428778164,2.0136585235595703,2.1453664302825928,0.1427236147825483,1.9021143913269043
Il11,0.0,0.0,0.0,0.9888502385877284,0.1005259156227111,0.0,1.0,0.0,0.0,1.0,0.0
Tmem238,0.0777001082897186,0.1844523400068283,1.3259464502334597,7.137325538498803e-06,4.890518665313721,1.3259464502334597,6.300437569728505e-08,5.81252908706665,1.3259464502334597,1.7804456685517122e-06,5.202242374420166
Rpl28,3.6611506938934326,3.364042043685913,-0.4418650567531585,2.3969815870234822e-60,-16.63509750366211,-0.4418650567531585,3.127830440409017e-60,-18.06676483154297,-0.4418650567531585,1.5104480728694129e-47,-15.721113204956056
Ube2s,0.6403442025184631,0.804606556892395,0.4620697796344757,0.0010521399551569,3.7074344158172607,0.4620697796344757,1.1188035289917427e-05,4.765774726867676,0.4620697796344757,0.0003694668009411,3.986219167709351
Isoc2b,0.0900192037224769,0.1049015969038009,0.2316417396068573,0.1763394641234359,1.8563685417175293,0.2316417396068573,0.5135580309840726,0.92462956905365,0.2316417396068573,0.6647309246685327,0.7791042327880859
Isoc2a,0.0212424024939537,0.0137514984235167,-0.6327774524688721,0.9994412017932364,0.0011949588079005,-0.6327774524688721,0.4679991859106411,-1.0163862705230713,-0.6327774524688721,0.6195225136634246,-0.8446017503738403
Zfp628,0.0468478798866272,0.0719557404518127,0.6374167799949646,0.2465548049527531,1.6723449230194092,0.6374167799949646,0.1275754154438363,1.9026031494140625,0.6374167799949646,0.2174299022543972,1.6673930883407593
Nat14,0.0010920345084741,0.0052830032072961,2.277363538742065,0.9888502385877284,0.2690151035785675,2.277363538742065,0.3487123180059704,1.288913011550903,2.277363538742065,0.4222074786912222,1.2196141481399536
Ssc5d,0.0010292677907273,0.0,-19.97393035888672,0.9888502385877284,0.0673658028244972,-19.97393035888672,0.4679991859106411,-1.0,-19.97393035888672,0.6832027011037286,-0.7008072733879089
Sbk2,0.0,0.0,0.0,0.9888502385877284,0.1005259156227111,0.0,1.0,0.0,0.0,1.0,0.0
Zfp579,0.0490964241325855,0.0572966486215591,0.2288005948066711,0.711570614359585,0.9292298555374146,0.2288005948066711,0.6666818853226388,0.6902615427970886,0.2288005948066711,0.7606673029649074,0.586826741695404
Fiz1,0.115034706890583,0.1266610324382782,0.1474590450525283,0.2220163860363981,1.731271266937256,0.1474590450525283,0.6885146354881595,0.6597434282302856,0.1474590450525283,0.7848455498687112,0.5525753498077393
Zfp524,0.0770975947380065,0.1793120205402374,1.2930216789245603,5.680395302280203e-06,4.937570095062256,1.2930216789245603,2.540463978880859e-07,5.548532962799072,1.2930216789245603,6.488811075122939e-06,4.93454122543335
Zfp865,0.121321864426136,0.0861369892954826,-0.5199539065361023,0.9994412017932364,0.0082153417170047,-0.5199539065361023,0.0713276683058723,-2.18039345741272,-0.5199539065361023,0.1829275301105475,-1.7702142000198364
Ccdc106,0.0,0.0,0.0,0.9888502385877284,0.1005259156227111,0.0,1.0,0.0,0.0,1.0,0.0
Zfp784,0.011275079101324,0.0046001514419913,-1.2982054948806765,0.9888502385877284,0.1351797133684158,-1.2982054948806765,0.2379855955246826,-1.5476759672164917,-1.2982054948806765,0.4397079723267311,-1.182331085205078
Zfp580,0.0438206605613231,0.069392554461956,0.6817898750305176,0.209302077743244,1.764057993888855,0.6817898750305176,0.0924308698217778,2.0622384548187256,0.6817898750305176,0.1755256126422026,1.7926169633865356
U2af2,0.3784540295600891,0.4767809808254242,0.4091759324073791,0.0022034584151294,3.497868537902832,0.4091759324073791,0.0031314439833864,3.330573558807373,0.4091759324073791,0.0180674214435351,2.799033641815185
Epn1,0.2135071009397506,0.2841159105300903,0.4652389585971832,0.000956280564045,3.7330515384674072,0.4652389585971832,0.0097415935249858,2.963139533996582,0.4652389585971832,0.0378713872548968,2.5126194953918457
Rasl2-9,0.0,0.0,0.0,0.9888502385877284,0.1005259156227111,0.0,1.0,0.0,0.0,1.0,0.0
Vmn1r55,0.0009620524942874,0.0,-19.87645149230957,0.9888502385877284,0.0673658028244972,-19.87645149230957,0.4679991859106411,-1.0,-19.87645149230957,0.6832027011037286,-0.7008072733879089
Vmn1r58,0.0,0.0,0.0,0.9888502385877284,0.1005259156227111,0.0,1.0,0.0,0.0,1.0,0.0
Vmn2r28,0.0,0.0,0.0,0.9888502385877284,0.1005259156227111,0.0,1.0,0.0,0.0,1.0,0.0
Vmn1r61,0.0,0.0,0.0,0.9888502385877284,0.1005259156227111,0.0,1.0,0.0,0.0,1.0,0.0
Zfp787,0.0861793085932731,0.2081008702516555,1.3619734048843384,1.1175666340211608e-06,5.263345718383789,1.3619734048843384,1.6006651996387266e-08,6.059482574462891,1.3619734048843384,5.345107489731663e-07,5.441636562347412
Zfp444,0.0776310414075851,0.1037750914692878,0.4378985464572906,0.1764748374186563,1.8557710647583008,0.4378985464572906,0.192728986224997,1.671324372291565,0.4378985464572906,0.3164631563145105,1.431585669517517
Zfp667,0.0312384907156229,0.0261969808489084,-0.2575781345367431,0.9888502385877284,0.2203205376863479,-0.2575781345367431,0.7590341690561352,-0.5608920454978943,-0.2575781345367431,0.8437028490096364,-0.466647207736969
Zfp583,0.0075939954258501,0.002408135915175,-1.6606857776641846,0.9994412017932364,0.0019418081501498,-1.6606857776641846,0.2406816189082854,-1.5407553911209106,-1.6606857776641846,0.452433754235023,-1.1612725257873535
Gm3854,0.0038018082268536,0.0029895924963057,-0.3473230898380279,0.9888502385877284,0.1351797133684158,-0.3473230898380279,0.9684669713503472,-0.2610420882701874,-0.3473230898380279,1.0,-0.2104052156209945
Zfp78,0.008796876296401,0.0019471662817522,-2.180560111999512,0.9888502385877284,-0.0980613082647323,-2.180560111999512,0.1366149750496894,-1.865208387374878,-2.180560111999512,0.3249263468812097,-1.4120533466339111
Zfp28,0.0144714675843715,0.0074553322046995,-0.9619367718696594,0.9888502385877284,-0.0646771490573883,-0.9619367718696594,0.3553769380304184,-1.2742148637771606,-0.9619367718696594,0.5282133287683867,-1.0194789171218872
Olfr1346,0.0,0.0,0.0,0.9888502385877284,0.1005259156227111,0.0,1.0,0.0,0.0,1.0,0.0
Peg3,0.0,0.0,0.0,0.9888502385877284,0.1005259156227111,0.0,1.0,0.0,0.0,1.0,0.0
Aurkc,0.0,0.0,0.0,0.9888502385877284,0.1005259156227111,0.0,1.0,0.0,0.0,1.0,0.0
Zfp954,0.0566382445394992,0.0691680610179901,0.2974625825881958,0.524222068240671,1.1842788457870483,0.2974625825881958,0.5027519011595656,0.9417355060577391,0.2974625825881958,0.6457632135482386,0.8053439855575562
Zfp773,0.0579732283949852,0.0136061059311032,-2.1233274936676025,0.6767324589196188,-0.9780738353729248,-2.1233274936676025,2.124134981573213e-05,-4.618909358978272,-2.1233274936676025,0.002390958498426,-3.4699339866638184
Zfp418,0.0073586795479059,0.0061048665083944,-0.2703926265239715,0.9888502385877284,0.0699050948023796,-0.2703926265239715,0.963200926445188,-0.2683105170726776,-0.2703926265239715,1.0,-0.229282334446907
Zfp772,0.0141520556062459,0.0076481569558382,-0.8925274014472961,0.9888502385877284,0.0345791205763816,-0.8925274014472961,0.3898992404465838,-1.2067092657089231,-0.8925274014472961,0.5474280386314847,-0.9568682312965392
Gm45844,0.0064036445692181,0.0,-22.615083694458008,0.9888502385877284,-0.0984347313642501,-22.615083694458008,0.038630435303561,-2.445495843887329,-22.615083694458008,0.2018185171262783,-1.7138211727142334
Clcn4,0.1998748630285263,0.2717826068401336,0.4972632527351379,0.0023062329308243,3.485172271728516,0.4972632527351379,0.0098451524919974,2.9599268436431885,0.4972632527351379,0.0358798533675092,2.535829782485962
Zik1,0.0021784259006381,0.0124613866209983,2.523532629013061,0.9452671725632862,0.6387801766395569,2.523532629013061,0.0806552454819727,2.1274242401123047,2.523532629013061,0.1130892829691098,2.0234780311584477
Vmn1r81,0.0,0.0,0.0,0.9888502385877284,0.1005259156227111,0.0,1.0,0.0,0.0,1.0,0.0
Zfp551,0.0125176087021827,0.0050728898495435,-1.3084571361541748,0.9888502385877284,-0.0634821876883506,-1.3084571361541748,0.252880689925261,-1.5109219551086426,-1.3084571361541748,0.4368550378325452,-1.186917424201965
Zfp606,0.0494041480123996,0.0487844459712505,-0.0186616219580173,0.8371789889588429,0.775378942489624,-0.0186616219580173,1.0,-0.053657554090023,-0.0186616219580173,1.0,-0.0446832403540611
Vmn2r53,0.0009787949966266,0.0,-19.901355743408203,0.9888502385877284,0.0673658028244972,-19.901355743408203,0.4679991859106411,-1.0,-19.901355743408203,0.6832027011037286,-0.7008072733879089
Zscan18,0.0101420385763049,0.001340786460787,-2.9255502223968506,0.9888502385877284,-0.0980613082647323,-2.9255502223968506,0.0593214980853687,-2.263211250305176,-2.9255502223968506,0.2292652250348708,-1.6363383531570437
Zfp329,0.1794221103191375,0.2063917964696884,0.2221074402332306,0.1229809585340585,2.0384504795074463,0.2221074402332306,0.3932896858150307,1.2003779411315918,0.2221074402332306,0.5282133287683867,1.0188215970993042
Zfp110,0.108866199851036,0.0841541439294815,-0.3895624876022339,0.9888502385877284,0.2543768584728241,-0.3895624876022339,0.2211329007744239,-1.5918149948120115,-0.3895624876022339,0.3763310664464838,-1.3021496534347534
Zfp128,0.0035950492601841,0.0079509699717164,1.1482644081115725,0.9888502385877284,0.2697619497776031,1.1482644081115725,0.492504932418995,0.9590697288513184,1.1482644081115725,0.6045844229222399,0.8686004281044006
Zscan22,0.0121582923457026,0.0110624926164746,-0.1370560228824615,0.9888502385877284,0.2022467851638794,-0.1370560228824615,1.0,-0.1912012249231338,-0.1370560228824615,1.0,-0.1602485477924347
Rps5,4.05498743057251,3.553478479385376,-0.7401949763298035,2.765180809400342e-131,-24.595539093017575,-0.7401949763298035,1.198281772815984e-164,-33.72035598754883,-0.7401949763298035,9.88565807112654e-124,-28.409204483032227
Rnf225,0.0068220519460737,0.0,-22.706697463989254,0.9888502385877284,-0.0984347313642501,-22.706697463989254,0.0406174570729525,-2.424851179122925,-22.706697463989254,0.2064413255409227,-1.6993533372879028
Zfp324,0.0090248798951506,0.0170862209051847,0.9266813397407532,0.8949672210382924,0.7036067247390747,0.9266813397407532,0.321103706220503,1.3451471328735352,0.9266813397407532,0.4429061964151235,1.1765655279159546
Zfp446,0.0293473526835441,0.007579886354506,-1.968732237815857,0.9888502385877284,-0.4013568162918091,-1.968732237815857,0.0046296729259091,-3.2071361541748047,-1.968732237815857,0.0484551154320145,-2.411256790161133
Slc27a5,0.0,0.0,0.0,0.9888502385877284,0.1005259156227111,0.0,1.0,0.0,0.0,1.0,0.0
Trim28,0.2424564063549041,0.2054829597473144,-0.2663720548152923,0.9888502385877284,0.0467527657747268,-0.2663720548152923,0.2126635789656923,-1.6137213706970217,-0.2663720548152923,0.3574445696162167,-1.339115023612976
Zbtb45,0.0681167095899581,0.1354761868715286,1.041372537612915,0.0013138996844066,3.645744800567627,1.041372537612915,0.0001745854617588,4.132092475891113,1.041372537612915,0.0012941224111891,3.642822504043579
Chmp2a,0.5877696871757507,0.8937103748321533,0.8522353172302246,4.261155047465005e-13,7.600461006164551,0.8522353172302246,1.506366346543466e-16,8.729765892028809,0.8522353172302246,3.753419946937161e-12,7.414186477661133
Ube2m,0.4721444249153137,0.6740967035293579,0.6732423305511475,3.0232418451390125e-07,5.511598110198975,0.6732423305511475,6.883644786742146e-09,6.185881614685059,0.6732423305511475,1.2961729208826335e-06,5.265655517578125
Mzf1,0.0044415616430342,0.0,-22.085840225219727,0.9888502385877284,-0.0321145206689834,-22.085840225219727,0.1056450669885606,-1.997301459312439,-22.085840225219727,0.3297068204331621,-1.3997234106063845
Vmn1r86,0.0,0.0,0.0,0.9888502385877284,0.1005259156227111,0.0,1.0,0.0,0.0,1.0,0.0
Vmn1r88,0.0010786928469315,0.0,-20.0416316986084,0.9888502385877284,0.0673658028244972,-20.0416316986084,0.4679991859106411,-1.0,-20.0416316986084,0.6832027011037286,-0.7008072733879089
Zswim9,0.0175137594342231,0.0129297990351915,-0.4411040246486664,0.9888502385877284,0.1329391747713089,-0.4411040246486664,0.657093660047024,-0.7049998641014099,-0.4411040246486664,0.7686756300371465,-0.5753494501113892
Lig1,0.0883286520838737,0.3815772235393524,2.330828666687012,3.217166230571664e-15,8.224528312683105,2.330828666687012,1.1385818560805833e-21,10.295342445373535,2.330828666687012,1.4546039195097397e-19,9.689631462097168
Pla2g4c,0.0,0.0026615548413246,21.34575843811035,0.9888502385877284,0.2351081520318985,21.34575843811035,0.2942789202292576,1.415815830230713,21.34575843811035,0.3242439506611627,1.415815830230713
Selenow,1.408246397972107,1.72276771068573,0.5745990872383118,1.4937365850039278e-13,7.738030910491943,0.5745990872383118,1.0874396350717985e-19,9.566080093383787,0.5745990872383118,1.6823864583130256e-13,7.862639904022217
Nop53,0.8989149332046509,1.0717581510543823,0.3985518515110016,0.0028227700383665,3.425424098968506,0.3985518515110016,4.906785044945338e-06,4.94195556640625,0.3985518515110016,0.0002313531676208,4.106236934661865
Ehd2,0.0011491811601445,0.0,-20.133005142211918,0.9888502385877284,0.0673658028244972,-20.133005142211918,0.4679991859106411,-1.0,-20.133005142211918,0.6832027011037286,-0.7008072733879089
Bicra,0.1297993510961532,0.0850213542580604,-0.6432645916938782,0.9888502385877284,-0.3989668786525726,-0.6432645916938782,0.0235304898951987,-2.642062902450561,-0.6432645916938782,0.0880548126440714,-2.1422119140625
Napa,0.2953794300556183,0.340450644493103,0.2391079366207122,0.0478031074372525,2.456611394882202,0.2391079366207122,0.1722593999909567,1.7422823905944824,0.2391079366207122,0.3046384251028212,1.4569872617721558
Kptn,0.0558107309043407,0.1155987456440925,1.0942552089691162,0.0043604033339428,3.2935307025909424,1.0942552089691162,0.0003416448261205,3.959867238998413,1.0942552089691162,0.0020956150565392,3.502610206604004
Slc8a2,0.0,0.0,0.0,0.9888502385877284,0.1005259156227111,0.0,1.0,0.0,0.0,1.0,0.0
Meis3,0.0486433207988739,0.0270788669586181,-0.8607279062271118,0.9888502385877284,-0.282607764005661,-0.8607279062271118,0.0880755265815335,-2.083771228790283,-0.8607279062271118,0.208076221756209,-1.6930358409881592
Dhx34,0.0383162498474121,0.0322675630450248,-0.2522606551647186,0.9888502385877284,0.3080006539821625,-0.2522606551647186,0.7151702787666422,-0.6219977140426636,-0.2522606551647186,0.8113396287503761,-0.5151015520095825
C5ar2,0.0,0.0,0.0,0.9888502385877284,0.1005259156227111,0.0,1.0,0.0,0.0,1.0,0.0
C5ar1,0.0,0.0,0.0,0.9888502385877284,0.1005259156227111,0.0,1.0,0.0,0.0,1.0,0.0
Inafm1,0.0332379415631294,0.0355538725852966,0.0988558530807495,0.9888502385877284,0.463793396949768,0.0988558530807495,0.9966916154414366,0.2199901789426803,0.0988558530807495,1.0,0.1896197497844696
Ccdc9,0.1087712571024894,0.1251946687698364,0.2149535864591598,0.1553277093433057,1.922091245651245,0.2149535864591598,0.5013457504018711,0.9442530870437622,0.2149535864591598,0.6508171608266531,0.7985001802444458
Bbc3,0.1290436834096908,0.1974257528781891,0.664119303226471,0.0166751539461319,2.855055332183838,0.664119303226471,0.0064798054364599,3.1012089252471924,0.664119303226471,0.0222363730583782,2.722323417663574
Sae1,0.2612271904945373,0.5241823792457581,1.2068254947662354,4.371727565066991e-16,8.467403411865234,1.2068254947662354,1.2776922175536713e-18,9.339043617248535,1.2068254947662354,2.2669721294253293e-14,8.126617431640625
Zc3h4,0.1485687047243118,0.1482189893722534,-0.0036587114445865,0.5257897488895742,1.1820383071899414,-0.0036587114445865,1.0,-0.0178057663142681,-0.0036587114445865,1.0,-0.0149861378595232
Tmem160,0.6220241785049438,1.2603105306625366,1.5502275228500366,4.789672371397262e-54,15.734471321105955,1.5502275228500366,5.578283283523583e-69,19.21654510498047,1.5502275228500366,6.1773820815789786e-49,16.021024703979492
Arhgap35,0.0357407107949256,0.0272730067372322,-0.3962348997592926,0.9888502385877284,0.3430278599262237,-0.3962348997592926,0.5166977659723809,-0.9193695783615112,-0.3962348997592926,0.6832027011037286,-0.7460097670555115
Ap2s1,0.4198137819766998,1.0481072664260864,1.8280448913574217,1.1395908042405229e-58,16.399391174316406,1.8280448913574217,6.023056673044255e-73,20.077991485595703,1.8280448913574217,2.5406894706867235e-55,17.153661727905273
Slc1a5,0.2729196846485138,0.4464811682701111,0.842809796333313,1.980156551514245e-08,5.993092060089111,0.842809796333313,1.7272847839810442e-08,6.030153274536133,0.842809796333313,1.86385375187662e-06,5.191061019897461
Fkrp,0.06888347864151,0.0898221209645271,0.3982164561748504,0.2144345989364154,1.7504653930664062,0.3982164561748504,0.2942789202292576,1.4184436798095703,0.3982164561748504,0.4227992531843816,1.218195557594299
Strn4,0.1575224697589874,0.1415235251188278,-0.1663441061973571,0.9041385898256948,0.6917318105697632,-0.1663441061973571,0.5944131466711676,-0.7981261014938354,-0.1663441061973571,0.705615056628473,-0.6677452325820923
Prkd2,0.4416809976100921,0.2069454044103622,-1.2722150087356567,4.827197932128199e-08,-5.839091777801514,-1.2722150087356567,3.1575203916724724e-17,-8.880622863769531,-1.2722150087356567,3.1933042718402696e-11,-7.110783576965332
Dact3,0.001122532878071,0.0,-20.099136352539062,0.9888502385877284,0.0673658028244972,-20.099136352539062,0.4679991859106411,-1.0,-20.099136352539062,0.6832027011037286,-0.7008072733879089
Ptgir,0.0011507455492392,0.0,-20.13496971130371,0.9888502385877284,0.0673658028244972,-20.13496971130371,0.4679991859106411,-1.0,-20.13496971130371,0.6832027011037286,-0.7008072733879089
Calm3,0.5307772755622864,1.1221840381622314,1.564765453338623,2.741140155841137e-46,14.550715446472168,1.564765453338623,7.698020756395616e-54,16.84163475036621,1.564765453338623,3.4202380439873673e-41,14.49023723602295
Pnmal2,0.0,0.0,0.0,0.9888502385877284,0.1005259156227111,0.0,1.0,0.0,0.0,1.0,0.0
Gm42372,0.0229330379515886,0.0516944378614425,1.1934574842453003,0.2693842326647688,1.6227540969848633,1.1934574842453003,0.0222326632222829,2.666743516921997,1.1934574842453003,0.0512982055387153,2.3846776485443115
Ccdc8,0.0003030791413038,0.0004586329159792,0.5977559089660645,0.9888502385877284,0.1345822364091873,0.5977559089660645,0.953073423411372,0.2829648554325104,0.5977559089660645,0.9900135912268164,0.2467629164457321
Ppp5c,0.1543627083301544,0.1752384603023529,0.1984672993421554,0.053393425906403,2.410007953643799,0.1984672993421554,0.4679991859106411,1.063398838043213,0.1984672993421554,0.5903627026661077,0.8912216424942017
Hif3a,0.0,0.0,0.0,0.9888502385877284,0.1005259156227111,0.0,1.0,0.0,0.0,1.0,0.0
Psg16,0.0011598317651078,0.0,-20.14632225036621,0.9888502385877284,0.0673658028244972,-20.14632225036621,0.4679991859106411,-1.0,-20.14632225036621,0.6832027011037286,-0.7008072733879089
Pglyrp1,0.1228025704622268,1.3469794988632202,4.44492769241333,6.061966392000696e-144,25.76107215881348,4.44492769241333,2.6623009203115426e-165,39.22850036621094,4.44492769241333,2.0424123170702504e-163,36.53820037841797
Ccdc61,0.0402165427803993,0.0711077898740768,0.8447087407112122,0.1308114898299958,2.0078296661376958,0.8447087407112122,0.0408279272505471,2.423080921173096,0.8447087407112122,0.092407343701646,2.119302749633789
Mypop,0.0036919580306857,0.0126954158768057,1.7883529663085938,0.972906362803818,0.6049479246139526,1.7883529663085938,0.1498840646844793,1.8184614181518557,1.7883529663085938,0.2211053209789734,1.6576876640319824
Irf2bp1,0.1352192163467407,0.0929999500513076,-0.5710321664810181,0.9888502385877284,-0.2993371784687042,-0.5710321664810181,0.0366899662582834,-2.4655866622924805,-0.5710321664810181,0.1169419826436992,-2.005826950073242
Foxa3,0.0,0.0,0.0,0.9888502385877284,0.1005259156227111,0.0,1.0,0.0,0.0,1.0,0.0
Sympk,0.1393077969551086,0.1649316251277923,0.2625446319580078,0.103239025748767,2.121052026748657,0.2625446319580078,0.3442149393079706,1.2979135513305664,0.2625446319580078,0.4882462775056,1.1008715629577637
Dmwd,0.0003030791413038,0.0047710905782878,3.979772329330444,0.9888502385877284,0.3366796672344208,3.979772329330444,0.1738093709773528,1.739503264427185,3.979772329330444,0.1975259060582341,1.7270904779434204
Dmpk,0.0,0.0,0.0,0.9888502385877284,0.1005259156227111,0.0,1.0,0.0,0.0,1.0,0.0
Six5,0.0,0.0013165610143914,20.329294204711918,0.9888502385877284,0.1678170263767242,20.329294204711918,0.4679991859106411,1.0,20.329294204711918,0.5282133287683867,1.0
Gm4969,0.0,0.0,0.0,0.9888502385877284,0.1005259156227111,0.0,1.0,0.0,0.0,1.0,0.0
Fbxo46,0.0841791629791259,0.0754407122731208,-0.1645070165395736,0.9146915518006314,0.6800809502601624,-0.1645070165395736,0.7264165807491814,-0.605498731136322,-0.1645070165395736,0.8198827075193681,-0.5021968483924866
Qpctl,0.052415657788515,0.0345109850168228,-0.6159513592720032,0.9888502385877284,0.1154628992080688,-0.6159513592720032,0.1835990113759089,-1.6987991333007812,-0.6159513592720032,0.345563409586257,-1.3630485534667969
Snrpd2,0.9658177495002748,1.2916094064712524,0.6976367235183716,8.220686330657287e-15,8.109140396118164,0.6976367235183716,2.036973853306397e-18,9.237661361694336,0.6976367235183716,4.742686839036617e-13,7.712606430053711
Gipr,0.0,0.0,0.0,0.9888502385877284,0.1005259156227111,0.0,1.0,0.0,0.0,1.0,0.0
Eml2,0.0278944708406925,0.0971368327736854,1.850507378578186,0.0026720017616262,3.441854953765869,1.850507378578186,1.0642859301115448e-06,5.276560306549072,1.850507378578186,1.1005126059877454e-05,4.824496746063232
Gpr4,0.0,0.0,0.0,0.9888502385877284,0.1005259156227111,0.0,1.0,0.0,0.0,1.0,0.0
Opa3,0.0840477272868156,0.0657301023602485,-0.3680328726768493,0.9888502385877284,0.3149463534355163,-0.3680328726768493,0.3554514923711797,-1.2741118669509888,-0.3680328726768493,0.5190506226776571,-1.0507869720458984
Vasp,0.8477477431297302,1.479939103126526,1.3462514877319336,2.765492009087732e-50,15.171869277954102,1.3462514877319336,7.690718655415865e-67,18.7193603515625,1.3462514877319336,1.5543098821828198e-44,15.240752220153809
Ppm1n,0.0041489722207188,0.0252314675599336,2.619642734527588,0.6274473758350458,1.0400623083114624,2.619642734527588,0.0064245092124463,3.109360694885254,2.619642734527588,0.0112796969191574,2.969134569168091
Rtn2,0.0,0.0012756511569023,20.28372383117676,0.9888502385877284,0.1678170263767242,20.28372383117676,0.4679991859106411,1.0,20.28372383117676,0.5282133287683867,1.0
Fosb,0.3603357970714569,0.199867770075798,-0.9714455008506776,0.0136811607073565,-2.9240643978118896,-0.9714455008506776,8.084733991455937e-07,-5.307192802429199,-0.9714455008506776,8.201039815164303e-05,-4.363523960113525
Ercc1,0.0965112149715423,0.1689771711826324,0.8614894151687622,0.0007297564349881,3.80624270439148,0.8614894151687622,0.0004243069487288,3.901135206222534,0.8614894151687622,0.0028895824510302,3.405907154083252
Cd3eap,0.1715564578771591,0.0757250413298606,-1.2503929138183594,0.3025056217259534,-1.5522515773773191,-1.2503929138183594,3.1873106034930705e-07,-5.4803996086120605,-1.2503929138183594,0.0001226600069449,-4.271013259887695
Ppp1r13l,0.0,0.0012812616769224,20.29006004333496,0.9888502385877284,0.2351081520318985,20.29006004333496,0.2985307649717886,1.3984917402267456,20.29006004333496,0.3300868693228334,1.3984917402267456
Ercc2,0.0448523536324501,0.0392185784876346,-0.1977387815713882,0.9888502385877284,0.3893325328826904,-0.1977387815713882,0.7784877618463294,-0.532272458076477,-0.1977387815713882,0.8608920215321653,-0.4419823586940765
Klc3,0.005842481739819,0.0622119158506393,3.45343017578125,0.02689091500531,2.6796951293945312,3.45343017578125,3.445129635393033e-07,5.517624855041504,3.45343017578125,1.0136740194170011e-06,5.339019775390625
Ckm,0.0,0.0065645473077893,22.651002883911133,0.9888502385877284,0.4369814991950989,22.651002883911133,0.0732171291963553,2.172677993774414,22.651002883911133,0.0829417102218697,2.172677993774414
Mark4,0.0495416335761547,0.063434362411499,0.3667388260364532,0.4332239224635554,1.3230434656143188,0.3667388260364532,0.4409458339697898,1.1176854372024536,0.3667388260364532,0.5462798908464649,0.9586179852485656
Bloc1s3,0.0437385998666286,0.080555722117424,0.9079127907752992,0.103288861906355,2.120678424835205,0.9079127907752992,0.0152099818001197,2.8074660301208496,0.9079127907752992,0.0415499967063759,2.4743869304656982
Trappc6a,0.2995659410953522,0.3985944390296936,0.4876294136047363,0.0009012619137593,3.749332666397095,0.4876294136047363,0.001380563653004,3.5736563205718994,0.4876294136047363,0.0088114332025171,3.0499300956726074
Ppp1r37,0.081690564751625,0.0635517686605453,-0.375479906797409,0.9888502385877284,0.2033670544624328,-0.375479906797409,0.3336369601842879,-1.3195204734802246,-0.375479906797409,0.4967746841543534,-1.0873663425445557
Gemin7,0.2404614686965942,0.3802770972251892,0.7673094868659973,8.254354353217534e-07,5.321749210357666,0.7673094868659973,6.758958416233805e-07,5.351253032684326,0.7673094868659973,2.906981831843446e-05,4.604755878448486
Zfp296,0.008429137058556,0.0266324933618307,1.6728999614715576,0.6045344031257975,1.071280598640442,1.6728999614715576,0.0223989519316746,2.665043354034424,1.6728999614715576,0.04450196594014,2.4464831352233887
Clasrp,0.0704659074544906,0.0874669775366783,0.3242382705211639,0.2065615923570411,1.7715264558792114,0.3242382705211639,0.4194174239523541,1.1540477275848389,0.3242382705211639,0.5339178404887575,0.9786771535873412
Relb,0.155541643500328,0.1455617994070053,-0.1030485853552818,0.7556476005751213,0.8724693059921265,-0.1030485853552818,0.8027305931434404,-0.4979826807975769,-0.1030485853552818,0.8800523774661088,-0.4146900177001953
Clptm1,0.1364533603191375,0.2289922535419464,0.8156751990318298,6.0229067834584e-05,4.42582893371582,0.8156751990318298,7.634427753119072e-05,4.333404064178467,0.8156751990318298,0.0007964380223373,3.778366088867188
Apoc4,0.0,0.0,0.0,0.9888502385877284,0.1005259156227111,0.0,1.0,0.0,0.0,1.0,0.0
Apoe,0.0125728109851479,0.0202398858964443,0.692439615726471,0.9888502385877284,0.3706612884998321,0.692439615726471,0.550237949010261,0.8664150834083557,0.692439615726471,0.6607554610661047,0.7848866581916809
Tomm40,0.2832168936729431,0.3224617838859558,0.2169568091630935,0.0798459601798982,2.2372617721557617,0.2169568091630935,0.2492275951368724,1.5195014476776123,0.2169568091630935,0.3896180180828958,1.2776333093643188
Nectin2,0.0,0.0,0.0,0.9888502385877284,0.1005259156227111,0.0,1.0,0.0,0.0,1.0,0.0
Bcam,0.0,0.0,0.0,0.9888502385877284,0.1005259156227111,0.0,1.0,0.0,0.0,1.0,0.0
Cblc,0.0,0.0,0.0,0.9888502385877284,0.1005259156227111,0.0,1.0,0.0,0.0,1.0,0.0
Bcl3,0.1037314385175705,0.0817312151193618,-0.3600091636180877,0.9888502385877284,0.4087506234645843,-0.3600091636180877,0.2988622634563507,-1.396183967590332,-0.3600091636180877,0.463345590541281,-1.1427133083343506
Gm19345,0.0,0.0015171187696978,20.533998489379883,0.9888502385877284,0.1678170263767242,20.533998489379883,0.4679991859106411,1.0,20.533998489379883,0.5282133287683867,1.0
Ceacam16,0.0024151254910975,0.0248018745332956,3.3764636516571045,0.5769731313598481,1.1084736585617063,3.3764636516571045,0.0023529197014134,3.427443027496338,3.3764636516571045,0.0040067615931909,3.311586618423462
Ceacam19,0.0,0.0,0.0,0.9888502385877284,0.1005259156227111,0.0,1.0,0.0,0.0,1.0,0.0
Pvr,0.0477176532149314,0.0774201229214668,0.7198348641395569,0.2287867139580124,1.7147659063339231,0.7198348641395569,0.0642102824763066,2.2287747859954834,0.7198348641395569,0.1314643224831871,1.943783402442932
Igsf23,0.0022414487320929,0.0,-21.097618103027344,0.9888502385877284,0.0342056974768638,-21.097618103027344,0.2942789202292576,-1.4145420789718628,-21.097618103027344,0.5299909986835808,-0.9913213849067688
Vmn1r168,0.0,0.0,0.0,0.9888502385877284,0.1005259156227111,0.0,1.0,0.0,0.0,1.0,0.0
Vmn1r183,0.0,0.0,0.0,0.9888502385877284,0.1005259156227111,0.0,1.0,0.0,0.0,1.0,0.0
Zfp180,0.098555251955986,0.0707449540495872,-0.4986492991447449,0.9888502385877284,0.0782698020339012,-0.4986492991447449,0.1467054473980721,-1.828972697257996,-0.4986492991447449,0.2827363315628597,-1.5054479837417605
Zfp112,0.0204733870923519,0.0028650222811847,-2.8498575687408447,0.9888502385877284,-0.3968757092952728,-2.8498575687408447,0.0025257418368563,-3.394320011138916,-2.8498575687408447,0.0392590284208744,-2.501230478286743
Zfp235,0.0327181555330753,0.0494287833571434,0.6073965430259705,0.5309786875277627,1.1735990047454834,0.6073965430259705,0.2410486826614472,1.5403070449829102,0.6073965430259705,0.3588931748940057,1.3362606763839722
Zfp114,0.0015217047184705,0.0,-20.538354873657227,0.9888502385877284,0.0673658028244972,-20.538354873657227,0.4679991859106411,-1.0,-20.538354873657227,0.6832027011037286,-0.7008072733879089
Zfp111,0.0,0.0,0.0,0.9888502385877284,0.1005259156227111,0.0,1.0,0.0,0.0,1.0,0.0
Zfp109,0.0043754861690104,0.0017183450981974,-1.350340723991394,0.9888502385877284,0.0348778627812862,-1.350340723991394,0.4946338446661228,-0.955109179019928,-1.350340723991394,0.6832027011037286,-0.7456249594688416
Zfp93,0.0056295404210686,0.0036249973345547,-0.6364843249320984,0.9888502385877284,0.0688595026731491,-0.6364843249320984,0.7648865923262902,-0.5518415570259094,-0.6364843249320984,0.8560206125866245,-0.4491151869297027
Zfp61,0.0302396714687347,0.0230335723608732,-0.3979254364967346,0.9888502385877284,0.2873876094818115,-0.3979254364967346,0.5565986047299196,-0.8566728830337524,-0.3979254364967346,0.6851972314142148,-0.6973493099212646
Zfp94,0.0242360960692167,0.0129346000030636,-0.9140992760658264,0.9888502385877284,-0.1320429593324661,-0.9140992760658264,0.2501881026107,-1.5171489715576172,-0.9140992760658264,0.4173767757201562,-1.2274953126907349
Kcnn4,0.5269436240196228,0.3018633425235748,-0.9772937893867492,1.5249612425308714e-06,-5.202626705169678,-0.9772937893867492,6.248269826384573e-13,-7.59894847869873,-0.9772937893867492,1.1239411249627309e-08,-6.150176048278809
Smg9,0.1920005679130554,0.1298391819000244,-0.6104267239570618,0.9285918021506456,-0.6605882048606873,-0.6104267239570618,0.0050113592706416,-3.182833433151245,-0.6104267239570618,0.0325817351670216,-2.575388193130493
Irgc1,0.0058195842429995,0.0,-22.4766845703125,0.9888502385877284,-0.0652746260166168,-22.4766845703125,0.0637593255208094,-2.2319552898406982,-22.4766845703125,0.2588337968595673,-1.564170479774475
Plaur,0.0336490869522094,0.0,-25.028404235839844,0.7647000840367372,-0.8611172437667847,-25.028404235839844,5.006150603468136e-07,-5.409172534942627,-25.028404235839844,0.0008071229660116,-3.7907874584198
Zfp428,0.0140331452712416,0.0091792028397321,-0.6159056425094604,0.9888502385877284,0.2001556009054184,-0.6159056425094604,0.504833648166477,-0.9380317330360411,-0.6159056425094604,0.6832027011037286,-0.7457525134086609
Gm50092,0.0,0.0,0.0,0.9888502385877284,0.1005259156227111,0.0,1.0,0.0,0.0,1.0,0.0
Irgq,0.0221739299595356,0.0425117090344429,0.9537454843521118,0.6104440106300375,1.0626171827316284,0.9537454843521118,0.1145260460654262,1.9572570323944087,0.9537454843521118,0.1880889362262377,1.7544540166854858
Pinlyp,0.0010079930070787,0.0,-19.943782806396484,0.9888502385877284,0.0673658028244972,-19.943782806396484,0.4679991859106411,-1.0,-19.943782806396484,0.6832027011037286,-0.7008072733879089
Xrcc1,0.0609758459031581,0.0696500837802887,0.1982123702764511,0.4123602402875252,1.356054186820984,0.1982123702764511,0.6714826201762838,0.6834056973457336,0.1982123702764511,0.7686756300371465,0.5755192637443542
Zfp575,0.0,0.0,0.0,0.9888502385877284,0.1005259156227111,0.0,1.0,0.0,0.0,1.0,0.0
Ethe1,0.1122903451323509,0.131541296839714,0.2424506843090057,0.1187421883292087,2.0551798343658447,0.2424506843090057,0.4532141737898661,1.0971418619155884,0.2424506843090057,0.5670515957592417,0.9263153672218324
Phldb3,0.0298755876719951,0.0423920564353466,0.5139099955558777,0.7247158726670015,0.9123510718345642,0.5139099955558777,0.3907380081168057,1.2052056789398191,0.5139099955558777,0.5270444871542898,1.038834571838379
Cd177,0.0,0.0,0.0,0.9888502385877284,0.1005259156227111,0.0,1.0,0.0,0.0,1.0,0.0
Gm9844,0.2241284400224685,0.1470512002706527,-0.6653252840042114,0.520333860866906,-1.1893575191497805,-0.6653252840042114,0.0009551634046384,-3.6754677295684814,-0.6653252840042114,0.0106902409542778,-2.985394239425659
Rps19,4.223163604736328,3.410412073135376,-1.1997110843658447,1.6785635473268629e-167,-27.806840896606445,-1.1997110843658447,2.3230365871611942e-226,-46.07623291015625,-1.1997110843658447,1.9712683754432122e-199,-40.367862701416016
Cd79a,0.0034607467241585,0.0074004884809255,1.099381446838379,0.9888502385877284,0.1687879413366317,1.099381446838379,0.6988988274717612,0.6446835994720459,1.099381446838379,0.7546283042170019,0.5960520505905151
Arhgef1,1.12354838848114,1.0247446298599243,-0.2165898531675338,0.0004331923556268,-3.942990779876709,-0.2165898531675338,0.0161480440267826,-2.7836062908172607,-0.2165898531675338,0.0611679584859119,-2.3088862895965576
Rabac1,1.1492339372634888,0.8293669819831848,-0.73874831199646,8.930222884942998e-21,-9.670652389526367,-0.73874831199646,8.374372652063892e-18,-9.06545066833496,-0.73874831199646,1.5927501708009957e-12,-7.541634559631348
Atp1a3,0.0,0.0,0.0,0.9888502385877284,0.1005259156227111,0.0,1.0,0.0,0.0,1.0,0.0
Grik5,0.0052150031551718,0.0065366611815989,0.3268401324748993,0.9888502385877284,0.2025455236434936,0.3268401324748993,0.9220046855338592,0.3276104927062988,0.3268401324748993,0.9667461237059088,0.2824037373065948
Zfp574,0.040714144706726,0.0732020065188407,0.8700106143951416,0.1211706444414423,2.045769453048706,0.8700106143951416,0.022038944331014,2.6693928241729736,0.8700106143951416,0.0574942138940391,2.335895538330078
Pou2f2,0.2645398378372192,0.7715122699737549,1.9413080215454104,9.65938313712406e-36,12.7650728225708,1.9413080215454104,1.4831212831205234e-36,13.690984725952148,1.9413080215454104,1.2567417515011799e-30,12.319421768188477
Dedd2,0.1642994284629821,0.2325368970632553,0.5519818067550659,0.0015649597577644,3.596676826477051,0.5519818067550659,0.0062521150447342,3.1113874912261963,0.5519818067550659,0.0258971800182137,2.6637933254241943
Zfp526,0.0115169566124677,0.004843674134463,-1.2544060945510864,0.9888502385877284,-0.0312929861247539,-1.2544060945510864,0.2832251056940267,-1.442871332168579,-1.2544060945510864,0.4748572517416761,-1.1229547262191772
Gsk3a,0.2856862246990204,0.3504506349563598,0.3439696729183197,0.0171026380074881,2.846242666244507,0.3439696729183197,0.0409700213055366,2.420941114425659,0.3439696729183197,0.1058069048526755,2.0547494888305664
Erf,0.0547882877290248,0.0394247323274612,-0.4859361052513122,0.9888502385877284,0.21598881483078,-0.4859361052513122,0.3070191110876807,-1.3761013746261597,-0.4859361052513122,0.4765838652679219,-1.1201114654541016
Cic,0.2581308484077453,0.2099051177501678,-0.3345081508159637,0.9888502385877284,-0.2477299124002456,-0.3345081508159637,0.0969832645771483,-2.0388314723968506,-0.3345081508159637,0.2078417363104215,-1.693603754043579
Pafah1b3,0.1045326739549636,0.1366829127073288,0.4105363488197326,0.0274645546732489,2.671778678894043,0.4105363488197326,0.1378239927736421,1.861317753791809,0.4105363488197326,0.2534941890567821,1.5756350755691528
Tmem145,0.0,0.0,0.0,0.9888502385877284,0.1005259156227111,0.0,1.0,0.0,0.0,1.0,0.0
Megf8,0.0,0.0,0.0,0.9888502385877284,0.1005259156227111,0.0,1.0,0.0,0.0,1.0,0.0
Lipe,0.0242875199764966,0.0120607754215598,-1.0187387466430664,0.9888502385877284,-0.1675182878971099,-1.0187387466430664,0.1677290374187076,-1.7567445039749146,-1.0187387466430664,0.3305942969824362,-1.3960453271865845
Ceacam1,0.0,0.0,0.0,0.9888502385877284,0.1005259156227111,0.0,1.0,0.0,0.0,1.0,0.0
Erich4,0.0,0.0,0.0,0.9888502385877284,0.1005259156227111,0.0,1.0,0.0,0.0,1.0,0.0
Dmac2,0.1451030075550079,0.1435475796461105,-0.0166976731270551,0.6921796645623264,0.9550708532333374,-0.0166976731270551,1.0,-0.081277035176754,-0.0166976731270551,1.0,-0.0682589709758758
B3gnt8,0.0003030791413038,0.0,-18.20955848693848,0.9888502385877284,0.0673658028244972,-18.20955848693848,0.4679991859106411,-1.0,-18.20955848693848,0.6832027011037286,-0.7008072733879089
Bckdha,0.0936255306005477,0.1193052977323532,0.3685367703437805,0.1846571549347279,1.8315731287002563,0.3685367703437805,0.2445666281869294,1.531675934791565,0.3685367703437805,0.3707912692345755,1.3126976490020752
Exosc5,0.3335919678211212,0.3370231091976166,0.0173759255558252,0.7843629654559106,0.838338315486908,0.0173759255558252,1.0,0.1264452338218689,0.0173759255558252,1.0,0.1062696799635887
Tmem91,0.0137380510568618,0.008387996815145,-0.7156453728675842,0.9888502385877284,0.0345791205763816,-0.7156453728675842,0.4806909247230452,-0.97846919298172,-0.7156453728675842,0.6598781082387293,-0.7861248254776001
B9d2,0.0995295792818069,0.1800785809755325,0.914886713027954,0.0006671536268312,3.8311126232147217,0.914886713027954,0.000175264502901,4.130729675292969,0.914886713027954,0.001353674955392,3.630253314971924
Tgfb1,0.3541404604911804,0.5062903165817261,0.6332409977912903,3.440431114780081e-06,5.039589405059815,0.6332409977912903,4.970209571900284e-06,4.943738460540772,0.6332409977912903,0.0001432554545222,4.226182460784912
Ccdc97,0.0703159943222999,0.0853587687015533,0.2906783521175384,0.3680158976289391,1.430739164352417,0.2906783521175384,0.4679991859106411,1.0475168228149414,0.2906783521175384,0.588097286654422,0.8944904208183289
Hnrnpul1,0.3802329301834106,0.5261932015419006,0.5819225907325745,4.4559364369421786e-05,4.4942402839660645,0.5819225907325745,1.581055517605704e-05,4.692413806915283,0.5819225907325745,0.000327158420342,4.017143726348877
Axl,0.006810016464442,0.0424097813665866,2.664451837539673,0.1812065722984985,1.8422530889511108,2.664451837539673,0.0001615232845458,4.162036418914795,2.664451837539673,0.0004406689493771,3.946254253387451
Cyp2s1,0.0353322438895702,0.000480409245938,-6.225790023803711,0.8178234736267944,-0.7974856495857239,-6.225790023803711,1.8719068097163666e-07,-5.596175193786621,-6.225790023803711,0.0004909584161033,-3.927791357040405
Egln2,0.1742019355297088,0.2420020848512649,0.5248612761497498,0.0010259362834653,3.714081525802612,0.5248612761497498,0.0081279778563096,3.024165391921997,0.5248612761497498,0.0321966579832695,2.578939914703369
Rab4b,0.006142851896584,0.0166602917015552,1.4470340013504028,0.9458221611269892,0.637734591960907,1.4470340013504028,0.153577732618397,1.8047393560409544,1.4470340013504028,0.2231978468670217,1.652011156082153
Mia,0.0,0.0,0.0,0.9888502385877284,0.1005259156227111,0.0,1.0,0.0,0.0,1.0,0.0
Snrpa,0.2225258201360702,0.4152127206325531,1.0462452173233032,4.541077682726038e-11,6.94920825958252,1.0462452173233032,1.5393829667653492e-11,7.16878604888916,1.0462452173233032,7.168791511877139e-09,6.219223499298096
BC024978,0.0285580586642026,0.0129237798973917,-1.155186414718628,0.9888502385877284,-0.1369721591472625,-1.155186414718628,0.0790167157553788,-2.1337482929229736,-1.155186414718628,0.2143277978555919,-1.676183819770813
Itpkc,0.0173771176487207,0.017985500395298,0.050085537135601,0.9888502385877284,0.3997137248516083,0.050085537135601,1.0,0.0854845121502876,0.050085537135601,1.0,0.0720293521881103
Coq8b,0.0425853468477726,0.0435737110674381,0.03381884470582,0.852024006536306,0.7561101913452148,0.03381884470582,1.0,0.0915897712111473,0.03381884470582,1.0,0.0766285136342048
Numbl,0.0066460990346968,0.0142149105668067,1.1022943258285522,0.9888502385877284,0.5701447129249573,1.1022943258285522,0.2927412654116825,1.4229589700698853,1.1022943258285522,0.3985150340894546,1.2613481283187866
Ltbp4,0.0010379659943282,0.0016049976693466,0.6292206645011902,0.9888502385877284,0.1345822364091873,0.6292206645011902,0.943740311413346,0.2966601848602295,0.6292206645011902,0.9817034939302464,0.259634792804718
Shkbp1,0.1262992471456527,0.1932876408100128,0.6635117530822754,0.0012372750641891,3.6624741554260254,0.6635117530822754,0.0029195394588951,3.353383779525757,0.6635117530822754,0.0135971909559314,2.901916980743408
Sptbn4,0.0010490630520507,0.0018283503595739,0.8020028471946716,0.9888502385877284,0.1345822364091873,0.8020028471946716,0.8923678195117526,0.36969193816185,0.8020028471946716,0.9363566673009782,0.3297898769378662
Blvrb,0.0602775812149047,0.0284123923629522,-1.1082568168640137,0.9888502385877284,-0.4930698871612549,-1.1082568168640137,0.0100682864097916,-2.9497854709625244,-1.1082568168640137,0.0570631490874233,-2.340049266815185
Sertad3,0.0994849652051925,0.0870214328169822,-0.2022377252578735,0.9888502385877284,0.4900825023651123,-0.2022377252578735,0.6010438396911303,-0.7884234189987183,-0.2022377252578735,0.714128207773503,-0.6555653810501099
Sertad1,0.156127318739891,0.1295673251152038,-0.2886362075805664,0.9888502385877284,0.2739443182945251,-0.2886362075805664,0.3149412297442866,-1.3581080436706543,-0.2886362075805664,0.4723581440232313,-1.1274878978729248
Prx,0.0,0.0,0.0,0.9888502385877284,0.1005259156227111,0.0,1.0,0.0,0.0,1.0,0.0
Hipk4,0.0,0.0,0.0,0.9888502385877284,0.1005259156227111,0.0,1.0,0.0,0.0,1.0,0.0
Pld3,0.296493798494339,0.3767024874687195,0.406521588563919,0.0022453962820018,3.4924912452697754,0.406521588563919,0.0126275270438268,2.872293710708618,0.406521588563919,0.0446096317518602,2.444632053375244
2310022A10Rik,0.0506716035306453,0.0887069255113601,0.8356245160102844,0.09728313350461,2.148013114929199,0.8356245160102844,0.0210079589186111,2.6877737045288086,0.8356245160102844,0.0542253337516459,2.360881805419922
Akt2,0.1920670270919799,0.2342707514762878,0.3180911540985107,0.0087510671241088,3.0744049549102783,0.3180911540985107,0.1313353375758867,1.8869504928588867,0.3180911540985107,0.2487829924442527,1.587746024131775
Ttc9b,0.0,0.0,0.0,0.9888502385877284,0.1005259156227111,0.0,1.0,0.0,0.0,1.0,0.0
Map3k10,0.0476841554045677,0.0613331645727157,0.3730924129486084,0.4703764789002871,1.2633702754974363,0.3730924129486084,0.4428806376676597,1.1145228147506714,0.3730924129486084,0.5523264985775892,0.9486848711967468
Zfp607b,0.0089749889448285,0.007973332889378,-0.1714507043361663,0.9888502385877284,0.3025486469268799,-0.1714507043361663,0.997884614991824,-0.2176902592182159,-0.1714507043361663,1.0,-0.1774939000606537
Zfp60,0.0609370246529579,0.0365599691867828,-0.7547814846038818,0.9888502385877284,-0.151087611913681,-0.7547814846038818,0.0758092516521706,-2.1525368690490723,-0.7547814846038818,0.1952334037486837,-1.732983112335205
Zfp626,0.0639634057879448,0.0670671090483665,0.0706218183040618,0.9888502385877284,0.5213754773139954,0.0706218183040618,0.9966916154414366,0.220127135515213,0.0706218183040618,1.0,0.1879284530878067
Zfp59,0.0068546384572982,0.0038796246517449,-0.8233113288879395,0.9888502385877284,0.035251285880804,-0.8233113288879395,0.6220050306183214,-0.7569247484207153,-0.8233113288879395,0.7440582509821272,-0.6114398241043091
Zfp607a,0.0474565736949443,0.0466395765542984,-0.0256472080945968,0.9888502385877284,0.5357896685600281,-0.0256472080945968,1.0,-0.0700108930468559,-0.0256472080945968,1.0,-0.0592477954924106
Zfp974,0.0064705833792686,0.0063373120501637,-0.0301210600882768,0.9888502385877284,0.1029905155301094,-0.0301210600882768,1.0,-0.0286517087370157,-0.0301210600882768,1.0,-0.0247876346111297
Zfp780b,0.0946253538131713,0.0521645806729793,-0.8901597857475281,0.97302135799443,-0.6044251322746277,-0.8901597857475281,0.0078871216667031,-3.032017707824707,-0.8901597857475281,0.0467970231049105,-2.4251604080200195
Zfp850,0.0244171489030122,0.0252328440546989,0.0479988642036914,0.9888502385877284,0.4910534024238586,0.0479988642036914,1.0,0.0998333916068077,0.0479988642036914,1.0,0.0839336216449737
Psmc4,0.3947909772396087,0.6039741635322571,0.7767961025238037,1.8356346144740785e-08,6.005938053131104,0.7767961025238037,4.301258861546922e-11,7.002452373504639,0.7767961025238037,3.3824382708299083e-08,5.949376583099365
Fbl,0.7546543478965759,0.5528523325920105,-0.6102381348609924,9.229553699481116e-08,-5.726093292236328,-0.6102381348609924,3.478343413957078e-08,-5.897397994995117,-0.6102381348609924,7.454664758291601e-06,-4.905471324920654
Dyrk1b,0.0158533230423927,0.0205654762685298,0.3788489997386932,0.9888502385877284,0.5329516530036926,0.3788489997386932,0.6797426251911776,0.6722042560577393,0.3788489997386932,0.7686756300371465,0.5752167701721191
Eid2,0.0488429106771945,0.0129402158781886,-1.9423189163208008,0.8317830357727333,-0.781727135181427,-1.9423189163208008,0.0001065878452385,-4.244166374206543,-1.9423189163208008,0.0056503518395791,-3.201436996459961
Eid2b,0.0316143855452537,0.0361303687095642,0.1959066838026046,0.9422500620610054,0.6452777981758118,0.1959066838026046,0.8208967259668767,0.4718489050865173,0.1959066838026046,0.8896627463775392,0.4000625312328338
Timm50,0.1535586267709732,0.2516124546527862,0.7855310440063477,2.3810021332844813e-05,4.634871959686279,0.7855310440063477,4.182593727370634e-05,4.473231315612793,0.7855310440063477,0.0005933962154999,3.858253955841065
Supt5,0.3829773664474487,0.441057950258255,0.2484739869832992,0.0686994798254973,2.304104804992676,0.2484739869832992,0.1127845664813909,1.9637395143508911,0.2484739869832992,0.2224104174637158,1.6539827585220337
Rps16,4.537224769592285,3.825093030929565,-1.0436874628067017,1.7340091064139142e-176,-28.57071876525879,-1.0436874628067017,2.9010074126188447e-279,-54.21786880493164,-1.0436874628067017,1.4150530623522197e-238,-46.8383674621582
Plekhg2,0.1910412162542343,0.1608753800392151,-0.2703385651111603,0.9888502385877284,0.5078575015068054,-0.2703385651111603,0.2948454156985165,-1.407161831855774,-0.2703385651111603,0.4513649005570795,-1.1629226207733154
Zfp36,0.8011077642440796,0.5651726722717285,-0.6927196979522705,1.6467486465090318e-06,-5.187241554260254,-0.6927196979522705,7.74405921504194e-09,-6.157465934753418,-0.6927196979522705,3.103722931271024e-06,-5.090561866760254
Med29,0.2185224741697311,0.2367816567420959,0.1294462829828262,0.0831236478359567,2.219038486480713,0.1294462829828262,0.5996349580734768,0.7906537652015686,0.1294462829828262,0.7110127961703947,0.6603349447250366
Paf1,0.1658810526132583,0.1751783341169357,0.0855725407600402,0.1522801008854886,1.9319497346878047,0.0855725407600402,0.826666326844372,0.4634465873241424,0.0855725407600402,0.8989489733970187,0.3861272633075714
Samd4b,0.0884632840752601,0.0989125147461891,0.1687295883893966,0.3979154829237467,1.3800281286239624,0.1687295883893966,0.6943610511077839,0.6513199210166931,0.1687295883893966,0.7856064642956584,0.5513545870780945
Gmfg,1.3611042499542236,2.114941120147705,1.329439640045166,5.055851146780877e-90,20.34723663330078,1.329439640045166,8.702803227813164e-106,24.38584518432617,1.329439640045166,7.800936338442735e-67,19.486618041992188
Lrfn1,0.0021714905742555,0.0008045358699746,-1.4334421157836914,0.9888502385877284,0.1013474464416503,-1.4334421157836914,0.6008164108854472,-0.7888665199279785,-1.4334421157836914,0.7612748004576801,-0.5859131813049316
Nccrp1,0.0,0.0468936897814273,25.516849517822266,0.156712266324467,1.917386174201965,25.516849517822266,2.6349895572551974e-06,5.1160197257995605,25.516849517822266,3.270801834368516e-06,5.1160197257995605
Pak4,0.0146802002564072,0.0196146760135889,0.4216315448284149,0.9762435651581224,0.6000187397003174,0.4216315448284149,0.6501232419554287,0.7149267792701721,0.4216315448284149,0.7434544840928585,0.6126428246498108
Fbxo27,0.0011026340071111,0.0201648529618978,4.20659065246582,0.7548176793525896,0.874261736869812,4.20659065246582,0.0055783821739917,3.158020496368408,4.20659065246582,0.0076349793757069,3.1048033237457275
Fbxo17,0.030772166326642,0.0251525212079286,-0.2949956357479095,0.9888502385877284,0.0918624624609947,-0.2949956357479095,0.7060524090219471,-0.6347088813781738,-0.2949956357479095,0.8018175347495279,-0.5294788479804993
Mrps12,0.3126114904880523,0.4870060086250305,0.773727297782898,3.411831589962856e-07,5.489043235778809,0.773727297782898,5.181520126699955e-09,6.236742973327637,0.773727297782898,8.478237455009897e-07,5.34956169128418
Sars2,0.0378170199692249,0.0605592280626297,0.695850670337677,0.2733977912819473,1.6137919425964355,0.695850670337677,0.1212726368847046,1.928228497505188,0.695850670337677,0.2126941247590546,1.679776906967163
Ccer2,0.0,0.0,0.0,0.9888502385877284,0.1005259156227111,0.0,1.0,0.0,0.0,1.0,0.0
Nfkbib,0.1400554776191711,0.3022533357143402,1.2310694456100464,1.196708417898074e-09,6.451059818267822,1.2310694456100464,5.884515759789742e-11,6.97540807723999,1.2310694456100464,9.271530768343424e-09,6.176781177520752
Sirt2,0.1819676458835601,0.672145426273346,2.26374626159668,3.4850953873214202e-46,14.533612251281738,2.26374626159668,9.301566149971025e-53,16.981042861938477,2.26374626159668,4.0418863507476905e-45,15.326400756835938
Rinl,0.8320224285125732,1.090157151222229,0.6054162383079529,5.605563932513706e-07,5.395313739776611,0.6054162383079529,6.960880665092897e-12,7.270242691040039,0.6054162383079529,1.2928012739970438e-08,6.11901330947876
Hnrnpl,0.6108182072639465,0.8844718933105469,0.7558367252349854,2.6949633248759575e-10,6.683778285980225,0.7558367252349854,6.509040245642947e-14,7.9328532218933105,0.7558367252349854,3.9110504468018727e-10,6.704292297363281
Ech1,0.3229554891586303,0.9697695970535278,2.102716445922852,7.814024037321593e-61,16.702611923217773,2.102716445922852,4.10261769175033e-70,19.88717269897461,2.102716445922852,5.612028006524277e-57,17.46000862121582
Lgals4,0.0096789039671421,0.0221709702163934,1.2047914266586304,0.8949672210382924,0.7036067247390747,1.2047914266586304,0.170838538456499,1.7475266456604004,1.2047914266586304,0.25595914424822,1.5702484846115112
Lgals7,0.0036410544998943,0.0095093986019492,1.3892353773117063,0.9888502385877284,0.4705150425434112,1.3892353773117063,0.3123019342602903,1.3644111156463623,1.3892353773117063,0.4207452539474634,1.2217906713485718
Capn12,0.0023406415712088,0.002559874439612,0.1293270736932754,0.9888502385877284,0.1684892028570175,0.1293270736932754,1.0,0.089443638920784,0.1293270736932754,1.0,0.0737138167023658
Actn4,0.2854977250099182,0.524958074092865,1.0630886554718018,4.063463237731895e-13,7.606734752655029,1.0630886554718018,4.194846533926764e-15,8.317740440368652,1.0630886554718018,1.566992701435592e-11,7.201144695281982
Eif3k,1.41192889213562,1.715755820274353,0.5552462935447693,1.4258472115411292e-14,8.040056228637695,0.5552462935447693,2.2372376263722603e-20,9.738414764404297,0.5552462935447693,9.756659766032913e-14,7.941797256469727
Map4k1,0.1151832565665245,0.239388108253479,1.1476613283157349,2.74630628166045e-07,5.529821395874023,1.1476613283157349,1.0092256433443288e-07,5.720078945159912,1.1476613283157349,3.939038010805436e-06,5.038965225219727
Ryr1,0.0,0.0163251515477895,23.97238540649414,0.7272849805709227,0.9080193638801576,23.97238540649414,0.0043923250495496,3.237647533416748,23.97238540649414,0.0051297017619027,3.237647533416748
Rasgrp4,0.001186377950944,0.0005289735854603,-1.1657689809799194,0.9888502385877284,0.1345822364091873,-1.1657689809799194,0.7969472290394436,-0.506099283695221,-1.1657689809799194,0.909669539702589,-0.3706624209880829
Fam98c,0.1269894689321518,0.1212553903460502,-0.0708818808197975,0.406030497383673,1.3665101528167725,-0.0708818808197975,0.9266057428867044,-0.320482075214386,-0.0708818808197975,0.9773746370452264,-0.2660174369812011
Spred3,0.0026886679697781,0.003134241560474,0.2215463519096374,0.9888502385877284,0.1684892028570175,0.2215463519096374,1.0,0.1501960903406143,0.2215463519096374,1.0,0.12571482360363
Ggn,0.0,0.0,0.0,0.9888502385877284,0.1005259156227111,0.0,1.0,0.0,0.0,1.0,0.0
Psmd8,0.6282310485839844,1.3146034479141235,1.6391547918319702,2.044827737858729e-65,17.325334548950195,1.6391547918319702,1.60397877049201e-78,20.778709411621094,1.6391547918319702,1.948289023093354e-56,17.39148712158203
Kcnk6,0.0008603712194599,0.0181713495403528,4.413067817687988,0.7032977736316826,0.9413288235664368,4.413067817687988,0.0047741992878221,3.2095303535461426,4.413067817687988,0.0063078624241613,3.1680402755737305
Yif1b,0.1323605924844741,0.2237165868282318,0.8250524401664734,3.702108332208504e-05,4.535765171051025,0.8250524401664734,6.999071614810127e-05,4.3527045249938965,0.8250524401664734,0.0008309562906773,3.7666540145874015
2200002D01Rik,0.0288312006741762,0.0114916302263736,-1.339597225189209,0.9888502385877284,-0.2335397750139236,-1.339597225189209,0.0559955754528962,-2.2880160808563232,-1.339597225189209,0.1779132033684588,-1.785962700843811
Spint2,0.2752429842948913,0.1823065876960754,-0.663932204246521,0.2782854809535237,-1.60214102268219,-0.663932204246521,0.000227682322437,-4.057343006134033,-0.663932204246521,0.0040183191327585,-3.3055360317230225
Ppp1r14a,0.0003030791413038,0.0014572162181138,2.266277313232422,0.9888502385877284,0.1347316056489944,2.266277313232422,0.6097104379228129,0.7754210233688354,2.266277313232422,0.6778100622877009,0.7592825293540955
Dpf1,0.0069510336033999,0.0,-22.73381233215332,0.9888502385877284,-0.0984347313642501,-22.73381233215332,0.0381397027378447,-2.450924634933472,-22.73381233215332,0.2007225083289758,-1.717625856399536
Sipa1l3,0.0466208793222904,0.0590300038456916,0.3495022654533386,0.5072075680407987,1.2070578336715698,0.3495022654533386,0.4679991859106411,1.0071403980255127,0.3495022654533386,0.6116420191822172,0.856979250907898
Zfp84,0.0905246287584304,0.083727978169918,-0.1175747290253639,0.7312523201491311,0.9018951654434204,-0.1175747290253639,0.840442273969195,-0.4434857070446014,-0.1175747290253639,0.9101637561384992,-0.3698152005672455
Zfp30,0.0021415643859654,0.0,-21.03178024291992,0.9888502385877284,0.0342056974768638,-21.03178024291992,0.3025542784840761,-1.3875067234039309,-21.03178024291992,0.5375600444453467,-0.9723747372627258
Zfp790,0.0275726988911628,0.0230448618531227,-0.2620753943920135,0.9888502385877284,0.3251781761646271,-0.2620753943920135,0.7744380667061591,-0.5377087593078613,-0.2620753943920135,0.861551526675156,-0.4409349858760834
Zfp940,0.0166938733309507,0.0189719311892986,0.1861959546804428,0.9264392441342676,0.6642477512359619,0.1861959546804428,0.9232262704226842,0.3250956833362579,0.1861959546804428,0.9752311970658892,0.2693178653717041
Zfp420,0.0213440414518117,0.0139377294108271,-0.6201960444450378,0.9888502385877284,0.0654239952564239,-0.6201960444450378,0.4610308753676392,-1.0836116075515747,-0.6201960444450378,0.5999648081502903,-0.8753570318222046
Zfp27,0.0101909060031175,0.0116160726174712,0.1898701339960098,0.9888502385877284,0.3350365757942199,0.1898701339960098,0.9665026347285548,0.2637062072753906,0.1898701339960098,1.0,0.2212121784687042
Zfp383,0.0110250692814588,0.006691220216453,-0.7235772609710693,0.9888502385877284,0.0358487665653228,-0.7235772609710693,0.5345729181792768,-0.8902012705802917,-0.7235772609710693,0.6832027011037286,-0.7183598875999451
Zfp74,0.0678459107875824,0.03348870575428,-1.0435799360275269,0.9888502385877284,-0.3586370348930359,-1.0435799360275269,0.0094323620765208,-2.9721434116363525,-1.0435799360275269,0.0579946174227795,-2.333099842071533
Zfp568,0.0151440668851137,0.0327312685549259,1.124653935432434,0.5838830963632188,1.0989140272140503,1.124653935432434,0.0824664913915166,2.115875720977783,1.124653935432434,0.1462283391665456,1.8888299465179443
Zfp14,0.0193390399217605,0.006205775309354,-1.6493264436721802,0.9888502385877284,-0.1656511723995208,-1.6493264436721802,0.0598777854331672,-2.2585902214050293,-1.6493264436721802,0.201571375606931,-1.7136601209640503
Zfp82,0.0086776176467537,0.0078445151448249,-0.146216481924057,0.9888502385877284,0.1687132567167282,-0.146216481924057,1.0,-0.177802637219429,-0.146216481924057,1.0,-0.1480330377817154
Zfp566,0.0311071649193763,0.0230116583406925,-0.4407479763031006,0.9888502385877284,0.1229313910007476,-0.4407479763031006,0.5073524268386658,-0.9340834021568298,-0.4407479763031006,0.6735110003725443,-0.7653945088386536
Zfp260,0.2206658571958542,0.1433164775371551,-0.6801461577415466,0.5950514869072839,-1.084201097488403,-0.6801461577415466,0.0011979396010418,-3.610775232315064,-0.6801461577415466,0.0128921459085954,-2.92143177986145
Zfp382,0.0168660730123519,0.0294601563364267,0.8137606978416443,0.8190499628881005,0.7962906956672668,0.8137606978416443,0.2450438789484714,1.5307458639144895,0.8137606978416443,0.3527393716092116,1.3479187488555908
Zfp146,0.0997216030955314,0.0715471357107162,-0.4996255338191986,0.9888502385877284,0.0359234511852264,-0.4996255338191986,0.1276029368723244,-1.901626467704773,-0.4996255338191986,0.2632896794204323,-1.55032217502594
Cox7a1,0.0012665860122069,0.0073775164783,2.546600580215454,0.9888502385877284,0.4034479856491089,2.546600580215454,0.1848093857435944,1.6963753700256348,2.546600580215454,0.2450832077597223,1.597167730331421
Capns1,0.4678173959255218,1.0359182357788086,1.6074998378753662,1.0908563636536267e-47,14.77163314819336,1.6074998378753662,1.869205029616737e-59,17.732769012451172,1.6074998378753662,7.066538907697509e-44,15.026421546936035
Tbcb,0.2370548248291015,0.6541739106178284,1.7875982522964478,6.531509658750818e-33,12.239665031433104,1.7875982522964478,5.8218142924175765e-39,14.138651847839355,1.7875982522964478,9.72935754131922e-32,12.54647731781006
Polr2i,0.1944643408060073,0.3872602880001068,1.1396024227142334,2.9440100479396166e-11,7.01201868057251,1.1396024227142334,3.4027155146661e-12,7.398460865020752,1.1396024227142334,1.4314914579189303e-09,6.490511417388916
Ovol3,0.0,0.0,0.0,0.9888502385877284,0.1005259156227111,0.0,1.0,0.0,0.0,1.0,0.0
Wdr62,0.0023164378944784,0.015934407711029,2.7920031547546387,0.6788687424998526,0.9741901755332948,2.7920031547546387,0.0128244590481305,2.8714139461517334,2.7920031547546387,0.023176683879331,2.709012746810913
Thap8,0.0011074166977778,0.0023116909433156,1.0626184940338137,0.9888502385877284,0.201798677444458,1.0626184940338137,0.7637302716127647,0.5537467002868652,1.0626184940338137,0.8269904880626504,0.4916302263736725
Clip3,0.0009008874767459,0.0010303737362846,0.1938422173261642,0.9888502385877284,0.1345822364091873,0.1938422173261642,1.0,0.0946071371436119,0.1938422173261642,1.0,0.078596755862236
Alkbh6,0.0678458511829376,0.0625830739736557,-0.120325855910778,0.8671761735513516,0.7402769923210144,-0.120325855910778,0.8695363463317596,-0.4033117890357971,-0.120325855910778,0.9338099424100856,-0.3334867358207702
Syne4,0.0021385971922427,0.0025966048706322,0.2802920639514923,0.9888502385877284,0.1016461849212646,0.2802920639514923,1.0,0.1521330177783966,0.2802920639514923,1.0,0.1352439522743225
Sdhaf1,0.2225820571184158,0.2051790058612823,-0.1304546743631363,0.6324792819767477,1.0337140560150146,-0.1304546743631363,0.6156242008849926,-0.7668073177337646,-0.1304546743631363,0.7289855704697611,-0.6339178681373596
E130208F15Rik,0.0105094062164425,0.0113581204786896,0.1126561388373375,0.9888502385877284,0.2697619497776031,0.1126561388373375,1.0,0.1465860903263092,0.1126561388373375,1.0,0.1245835199952125
Tyrobp,0.0057126064784824,0.0281843207776546,2.31892728805542,0.7030285873605667,0.9417769312858582,2.31892728805542,0.0176841685159408,2.754632472991944,2.31892728805542,0.0292716938866663,2.618248462677002
Hcst,1.4893978834152222,1.9625704288482664,0.8328971862792969,3.278717474369829e-33,12.29605197906494,0.8328971862792969,2.0861180924952917e-36,13.385703086853027,0.8328971862792969,1.593949195018859e-25,11.132129669189451
Nfkbid,0.1620064526796341,0.0923446342349052,-0.8622665405273438,0.7533325940515201,-0.8762035965919495,-0.8622665405273438,0.0006054227666995,-3.8004634380340576,-0.8622665405273438,0.0092130824942242,-3.03601336479187
Aplp1,0.0042617670260369,0.0075136660598218,0.8204131722450256,0.9888502385877284,0.3698397576808929,0.8204131722450256,0.5594546547881856,0.8524644374847412,0.8204131722450256,0.6832027011037286,0.7411502599716187
Nphs1,0.0077187754213809,0.0074019767343997,-0.060690201818943,0.9888502385877284,0.2022467851638794,-0.060690201818943,1.0,-0.0716569647192955,-0.060690201818943,1.0,-0.0594956092536449
Arhgap33,0.0009975117864087,0.0074073411524295,2.8971757888793945,0.9888502385877284,0.4034479856491089,2.8971757888793945,0.1559302998243527,1.7973181009292605,2.8971757888793945,0.1967378658323251,1.7286226749420166
Proser3,0.0153926908969879,0.0085574788972735,-0.8519281148910522,0.9888502385877284,0.0687101334333419,-0.8519281148910522,0.3983304932642286,-1.191010355949402,-0.8519281148910522,0.5537602052661518,-0.9468355178833008
Hspb6,0.0070687197148799,0.0059725590981543,-0.2438911646604538,0.9888502385877284,0.1689373105764389,-0.2438911646604538,0.9684669713503472,-0.2609649002552032,-0.2438911646604538,1.0,-0.2126426845788955
Lin37,0.1199788823723793,0.2121149748563766,0.8903664350509644,0.0001482583982498,4.21170711517334,0.8903664350509644,4.411898092485999e-05,4.462960720062256,0.8903664350509644,0.0004954169541503,3.90732216835022
Psenen,0.7543458342552185,0.9884184002876282,0.5829551219940186,4.952177199027501e-07,5.418839454650879,0.5829551219940186,2.9337935509922005e-10,6.697203159332275,0.5829551219940186,2.221195583597425e-07,5.607968330383301
U2af1l4,0.0108599485829472,0.0386801287531852,1.8527262210845947,0.2940500097542641,1.5698025226593018,1.8527262210845947,0.0036874841848087,3.2861990928649902,1.8527262210845947,0.0091578715627575,3.038224697113037
Gm49396,0.00314377178438,0.0020355561282485,-0.6278730630874634,0.9888502385877284,0.0682620257139206,-0.6278730630874634,0.8685234305001354,-0.4047255516052246,-0.6278730630874634,0.93304014761228,-0.3345499634742737
Igflr1,0.0011267558438703,0.0,-20.10455703735352,0.9888502385877284,0.0673658028244972,-20.10455703735352,0.4679991859106411,-1.0,-20.10455703735352,0.6832027011037286,-0.7008072733879089
Kmt2b,0.2063410133123397,0.2472595870494842,0.291626900434494,0.0348748548428058,2.581559181213379,0.291626900434494,0.1705503000364517,1.7477871179580688,0.291626900434494,0.2945432740691777,1.4790481328964231
Zbtb32,0.025111524388194,0.6411025524139404,5.143061637878418,1.5107389687578113e-66,17.47537612915039,5.143061637878418,1.8417307766951371e-68,21.093379974365234,5.143061637878418,1.2154564399915973e-67,20.69752311706543
Upk1a,0.0034767442848533,0.094788871705532,4.835315704345703,0.0043891191355394,3.2915141582489014,4.835315704345703,1.8145921084826374e-09,6.484794616699219,4.835315704345703,3.2187908531995632e-09,6.417448043823242
Cox6b1,1.1746301651000977,1.7900406122207642,1.1574220657348633,2.073876306308674e-68,17.72101593017578,1.1574220657348633,2.767373348281753e-74,19.895658493041992,1.1574220657348633,1.6911648850233981e-49,16.199541091918945
Rbm42,0.3572233617305755,0.4329650700092315,0.3356486856937408,0.0136039276397903,2.926080703735352,0.3356486856937408,0.0229766237798469,2.6514406204223637,0.3356486856937408,0.0734033038627722,2.2276082038879395
Haus5,0.0476623699069023,0.0462409928441047,-0.0447116568684577,0.5920423331609829,1.0879353284835815,-0.0447116568684577,1.0,-0.133884310722351,-0.0447116568684577,1.0,-0.1095805019140243
Tmem147,0.2690922915935516,0.3467116951942444,0.424494594335556,0.0022058314255119,3.497495174407959,0.424494594335556,0.0087009500628064,3.001145839691162,0.424494594335556,0.0357209660233988,2.537843704223633
Gapdhs,0.0022715514060109,0.0,-21.116886138916016,0.9888502385877284,0.0342056974768638,-21.116886138916016,0.2942789202292576,-1.4108333587646484,-21.116886138916016,0.5299909986835808,-0.9887222647666932
Sbsn,0.0375856384634971,0.0052868723869323,-2.853076696395874,0.8464408294714517,-0.7620103359222412,-2.853076696395874,5.891101288699991e-05,-4.38612699508667,-2.853076696395874,0.0050888257902524,-3.236571788787842
Ffar2,0.0,0.0,0.0,0.9888502385877284,0.1005259156227111,0.0,1.0,0.0,0.0,1.0,0.0
Ffar1,0.0,0.0015084893675521,20.5257625579834,0.9888502385877284,0.1678170263767242,20.5257625579834,0.4679991859106411,1.0,20.5257625579834,0.5282133287683867,1.0
Cd22,0.0008568071061745,0.0062887603417038,2.879652500152588,0.9888502385877284,0.3363809287548065,2.879652500152588,0.2309427821788429,1.5670143365859983,2.879652500152588,0.2765264696692172,1.5196547508239746
Mag,0.0032895181793719,0.0,-21.651819229125977,0.9994412017932364,0.0010455889860168,-21.651819229125977,0.175188784299411,-1.7306005954742432,-21.651819229125977,0.4247678424441667,-1.2128174304962158
Hamp,0.0011788946576416,0.0,-20.16985511779785,0.9888502385877284,0.0673658028244972,-20.16985511779785,0.4679991859106411,-1.0,-20.16985511779785,0.6832027011037286,-0.7008072733879089
Usf2,0.4490251541137695,0.4766811728477478,0.1077111586928367,0.6137801169363771,1.057762622833252,0.1077111586928367,0.517715954355649,0.917751133441925,0.1077111586928367,0.6708748887192806,0.7697807550430298
Lsr,0.0032878129277378,0.0264564175158739,3.0251712799072266,0.5528591785945152,1.1414843797683716,3.0251712799072266,0.0022915095364701,3.4352126121521,3.0251712799072266,0.0041188663139359,3.3024137020111084
Fam187b,0.0,0.0035551579203456,21.764047622680664,0.9888502385877284,0.2351081520318985,21.764047622680664,0.299155214876784,1.39701509475708,21.764047622680664,0.3305942969824362,1.39701509475708
Fxyd5,2.099017381668091,2.5603485107421875,0.7381835579872131,5.890898036254451e-58,16.298789978027344,0.7381835579872131,8.188392870076359e-67,18.671152114868164,0.7381835579872131,1.5909899311170121e-43,15.068536758422852
Fxyd7,0.0280045475810766,0.0046762120909988,-2.5991222858428955,0.9888502385877284,-0.4320523142814636,-2.5991222858428955,0.0017324583909688,-3.50515365600586,-2.5991222858428955,0.0334999682548781,-2.5670855045318604
Fxyd1,0.0011844277614727,0.0048417849466204,2.033987522125244,0.9888502385877284,0.2690151035785675,2.033987522125244,0.395440267388674,1.1968194246292114,2.033987522125244,0.4808357911484205,1.1133084297180176
Lgi4,0.0,0.0,0.0,0.9888502385877284,0.1005259156227111,0.0,1.0,0.0,0.0,1.0,0.0
Hpn,0.0,0.0,0.0,0.9888502385877284,0.1005259156227111,0.0,1.0,0.0,0.0,1.0,0.0
Scn1b,0.0010784658370539,0.0018327396828681,0.765565037727356,0.9888502385877284,0.1345822364091873,0.765565037727356,0.9034380712876589,0.3547011911869049,0.765565037727356,0.9452228324896716,0.3151816427707672
Gramd1a,0.6214825510978699,0.3468446433544159,-1.0554530620574951,1.4211345943769115e-11,-7.117175102233887,-1.0554530620574951,2.9583483472214046e-17,-8.899497032165527,-1.0554530620574951,1.0642463149936898e-11,-7.269134521484375
Wtip,0.0,0.0015951242530718,20.60638999938965,0.9888502385877284,0.1678170263767242,20.60638999938965,0.4679991859106411,1.0,20.60638999938965,0.5282133287683867,1.0
Uba2,0.3454744815826416,0.5073866248130798,0.6795760989189148,5.092264368173794e-06,4.960199356079102,0.6795760989189148,2.916246103711951e-07,5.511443138122559,0.6795760989189148,1.774018453397114e-05,4.715422630310059
Pdcd2l,0.0633650869131088,0.0851918458938598,0.4429666996002197,0.1430848335604913,1.962794542312622,0.4429666996002197,0.2491097752611226,1.5200718641281128,0.4429666996002197,0.3763746173243675,1.3017693758010864
Gpi1,0.8248875737190247,1.233118772506714,0.924120306968689,3.336016283816752e-23,10.236166954040527,0.924120306968689,6.601525958469668e-30,12.010896682739258,0.924120306968689,8.930044221201696e-21,9.949333190917969
4931406P16Rik,0.1290922611951828,0.1343263089656829,0.0611980184912681,0.2737518606361253,1.6127463579177856,0.0611980184912681,0.9518403857841372,0.2846017479896545,0.0611980184912681,0.9956122538697838,0.2378752082586288
Lsm14a,0.3651238977909088,0.4583382606506347,0.3998677432537079,0.0008273163306237,3.771812915802002,0.3998677432537079,0.0055156156493852,3.1523256301879883,0.3998677432537079,0.0267653313665298,2.6511709690093994
Kctd15,0.002145578386262,0.0,-21.034482955932617,0.9888502385877284,0.0342056974768638,-21.034482955932617,0.2945464352231635,-1.4088510274887085,-21.034482955932617,0.530209076476308,-0.9873330593109132
Pepd,0.1515127718448639,0.1595756560564041,0.0807678550481796,0.1347231917055442,1.9930419921875,0.0807678550481796,0.8648263597261033,0.4104938805103302,0.0807678550481796,0.92800572799669,0.3429765105247497
Cebpg,0.0999543666839599,0.2195819169282913,1.2240077257156372,6.880294237055305e-07,5.356477737426758,1.2240077257156372,4.932454535635317e-08,5.853668212890625,1.2240077257156372,1.8526625808224697e-06,5.193384170532227
Cebpa,0.0,0.0,0.0,0.9888502385877284,0.1005259156227111,0.0,1.0,0.0,0.0,1.0,0.0
Gpatch1,0.0825780555605888,0.0659203678369522,-0.3371988534927368,0.9888502385877284,0.322788268327713,-0.3371988534927368,0.4218291799780538,-1.15013325214386,-0.3371988534927368,0.5503108314133143,-0.952357530593872
Rhpn2,0.0,0.0,0.0,0.9888502385877284,0.1005259156227111,0.0,1.0,0.0,0.0,1.0,0.0
Faap24,0.0610437542200088,0.0749135091900825,0.3055005073547363,0.2250705669221204,1.722981333732605,0.3055005073547363,0.4679991859106411,1.0517042875289917,0.3055005073547363,0.5922647285008281,0.8883683085441589
Cep89,0.021441901102662,0.0198098719120025,-0.1153946667909622,0.9888502385877284,0.3336922526359558,-0.1153946667909622,1.0,-0.204005479812622,-0.1153946667909622,1.0,-0.1722087562084198
Tdrd12,0.0003030791413038,0.0,-18.20955848693848,0.9888502385877284,0.0673658028244972,-18.20955848693848,0.4679991859106411,-1.0,-18.20955848693848,0.6832027011037286,-0.7008072733879089
Nudt19,0.1974231749773025,0.3461997807025909,0.922488272190094,1.9266884687548067e-08,5.997647762298584,0.922488272190094,1.6858457524051484e-08,6.035633563995361,0.922488272190094,1.6499662150501658e-06,5.216480255126953
Rgs9bp,0.0011195723200216,0.0017136922106146,0.6145885586738586,0.9888502385877284,0.1345822364091873,0.6145885586738586,0.948248167488232,0.2902402281761169,0.6145885586738586,0.9858632363782076,0.2535896897315979
Ankrd27,0.0754733011126518,0.0928568765521049,0.3117578029632568,0.3661508275364766,1.4342494010925293,0.3117578029632568,0.4304374102548878,1.1359416246414185,0.3117578029632568,0.5360865448608425,0.9748265743255616
Pdcd5,0.5755674839019775,0.7931795716285706,0.6373994946479797,1.253977773767162e-06,5.240940093994141,0.6373994946479797,5.364652258875767e-10,6.604149341583252,0.6373994946479797,2.923341741883425e-07,5.555385589599609
Dpy19l3,0.0373900458216667,0.0455458089709281,0.2905881404876709,0.8684515847443167,0.7376630306243896,0.2905881404876709,0.6288758861729634,0.7468776106834412,0.2905881404876709,0.7239517559977903,0.6414037346839905
Zfp507,0.1247362792491912,0.1254311054944992,0.0085255559533834,0.3779042959499226,1.4130388498306274,0.0085255559533834,1.0,0.0388282388448715,0.0085255559533834,1.0,0.0323956869542598
Tshz3,0.0010365054477006,0.0014346968382596,0.4693051874637604,0.9888502385877284,0.1345822364091873,0.4693051874637604,0.9938700167676752,0.2249741554260254,0.4693051874637604,1.0,0.1932457238435745
Zfp536,0.0024369060993194,0.0,-21.2183780670166,0.9888502385877284,0.1345822364091873,-21.2183780670166,0.3236117691502322,-1.3396984338760376,-21.2183780670166,0.5593696677921954,-0.9388704299926758
Uri1,0.3633842468261719,0.4190268218517303,0.2482946962118148,0.0492249344102756,2.444213628768921,0.2482946962118148,0.136689083758192,1.8654731512069704,0.2482946962118148,0.2520852350359873,1.5792570114135742
Ccne1,0.0555586628615856,0.2291720062494278,2.1725528240203857,2.781312376267359e-10,6.678923606872559,2.1725528240203857,7.080823556909912e-16,8.630125999450684,2.1725528240203857,5.5605548970837885e-14,8.03877067565918
1600014C10Rik,0.1251454055309295,0.1154452785849571,-0.1235335245728492,0.9515237185362068,0.6310876607894897,-0.1235335245728492,0.7683079035871886,-0.5466075539588928,-0.1235335245728492,0.8496929887720888,-0.458090603351593
Plekhf1,0.0,0.0443835258483886,25.43565559387207,0.156712266324467,1.917386174201965,25.43565559387207,1.3486166566934711e-06,5.255660533905029,25.43565559387207,1.6664134924195416e-06,5.255660533905029
Pop4,0.0874968096613884,0.189267486333847,1.1882290840148926,5.345859984506152e-06,4.950266361236572,1.1882290840148926,3.9216936087146345e-07,5.463620185852051,1.1882290840148926,1.0514611434455056e-05,4.831089019775391
Zfp619,0.0078969066962599,0.0095460200682282,0.2748030424118042,0.9888502385877284,0.2694632112979889,0.2748030424118042,0.9220046855338592,0.3275288343429565,0.2748030424118042,0.968161523822915,0.2803966999053955
AI987944,0.1233256682753562,0.1007193028926849,-0.3087443709373474,0.9888502385877284,0.3167387843132019,-0.3087443709373474,0.3346215006068936,-1.3173298835754397,-0.3087443709373474,0.4953904684391695,-1.0893434286117554
Gm20449,0.0010562783572822,0.0013246688758954,0.3268350064754486,0.9888502385877284,0.1345822364091873,0.3268350064754486,1.0,0.1584128737449646,0.3268350064754486,1.0,0.1337530314922332
AW146154,0.0524600818753242,0.0381123460829257,-0.4713892638683319,0.9888502385877284,0.2763342261314392,-0.4713892638683319,0.3300234359543278,-1.3263150453567505,-0.4713892638683319,0.5046499785043158,-1.0743136405944824
2610021A01Rik,0.0528941974043846,0.0368878915905952,-0.5315947532653809,0.9888502385877284,0.0345044359564781,-0.5315947532653809,0.2842969587376194,-1.4406304359436035,-0.5315947532653809,0.4408154844943523,-1.1801562309265137
Zfp788,0.057404950261116,0.0380480214953422,-0.6074276566505432,0.9925773597099834,0.0240485463291406,-0.6074276566505432,0.1891885256038222,-1.681365132331848,-0.6074276566505432,0.3430333318119828,-1.3684625625610352
Vmn2r59,0.0,0.0,0.0,0.9888502385877284,0.1005259156227111,0.0,1.0,0.0,0.0,1.0,0.0
Vmn2r60,0.0,0.0,0.0,0.9888502385877284,0.1005259156227111,0.0,1.0,0.0,0.0,1.0,0.0
Zfp141,0.0764670372009277,0.0455113612115383,-0.7711681127548218,0.9888502385877284,-0.103737361729145,-0.7711681127548218,0.0353070716997704,-2.4813523292541504,-0.7711681127548218,0.1239326048347191,-1.9762588739395144
Zfp976,0.0029792301356792,0.0,-21.508657455444336,0.9994412017932364,0.0010455889860168,-21.508657455444336,0.2456704716780428,-1.5289191007614136,-21.508657455444336,0.5068140478429505,-1.0714776515960691
Zfp975,0.015111050568521,0.0033052742946892,-2.201291084289551,0.9888502385877284,-0.2307764291763305,-2.201291084289551,0.0356960693645904,-2.476943016052246,-2.201291084289551,0.1567101890971279,-1.854606032371521
Vmn2r63,0.0,0.0,0.0,0.9888502385877284,0.1005259156227111,0.0,1.0,0.0,0.0,1.0,0.0
Zfp715,0.0277688987553119,0.058407474309206,1.094942927360535,0.2894180555981091,1.5786900520324707,1.094942927360535,0.0208970348011725,2.690614461898804,1.094942927360535,0.0479944071913691,2.413752317428589
Siglecf,0.0,0.0138204330578446,23.73027992248535,0.838242944553846,0.7734370827674866,23.73027992248535,0.0072388254171177,3.072829484939575,23.73027992248535,0.0084499761915876,3.072829484939575
Siglecg,0.0,0.0,0.0,0.9888502385877284,0.1005259156227111,0.0,1.0,0.0,0.0,1.0,0.0
Lim2,0.0,0.0,0.0,0.9888502385877284,0.1005259156227111,0.0,1.0,0.0,0.0,1.0,0.0
Lim2-1,0.0,0.0016584406839683,20.66259384155273,0.9888502385877284,0.1678170263767242,20.66259384155273,0.4679991859106411,1.0,20.66259384155273,0.5282133287683867,1.0
Nkg7,1.8680766820907595,3.492976427078247,2.5416688919067383,1.5471201617144037e-185,29.311220169067383,2.5416688919067383,0.0,54.764278411865234,2.5416688919067383,7.528973746951432e-198,43.12511444091797
Cldnd2,0.0021015419624745,0.0087779145687818,2.0672497749328613,0.9888502385877284,0.3699144423007965,2.0672497749328613,0.2271430813377007,1.576809644699097,2.0672497749328613,0.2921529047636425,1.4849853515625
Etfb,0.2786821722984314,0.855580747127533,2.073500156402588,6.059082828303251e-48,14.811888694763184,2.073500156402588,2.1737744493969368e-55,17.405731201171875,2.073500156402588,1.76420285128401e-46,15.561129570007324
Vsig10l,0.0010507764527574,0.034847967326641,5.075997829437256,0.3414468807910338,1.4793590307235718,5.075997829437256,8.841783691716338e-05,4.319153308868408,5.075997829437256,0.0001249356691696,4.279361248016357
4931406B18Rik,0.0,0.0025871496181935,21.304800033569336,0.9888502385877284,0.1678170263767242,21.304800033569336,0.4679991859106411,1.0,21.304800033569336,0.5282133287683867,1.0
Cd33,0.0,0.0,0.0,0.9888502385877284,0.1005259156227111,0.0,1.0,0.0,0.0,1.0,0.0
Zfp658,0.0199697688221931,0.0100574642419815,-0.9967189431190492,0.9888502385877284,-0.0988828465342521,-0.9967189431190492,0.2264052601363533,-1.5775146484375,-0.9967189431190492,0.4012840045411077,-1.256097674369812
Zfp719,0.0313465483486652,0.0218303017318248,-0.5288694500923157,0.9888502385877284,0.1206908449530601,-0.5288694500923157,0.4360368353267095,-1.1263456344604492,-0.5288694500923157,0.5755595022559723,-0.9131457209587096
Zfp819,0.0,0.0,0.0,0.9888502385877284,0.1005259156227111,0.0,1.0,0.0,0.0,1.0,0.0
Siglece,0.0010999041842296,0.0012802579440176,0.2191866189241409,0.9888502385877284,0.1345822364091873,0.2191866189241409,1.0,0.1068539246916771,0.2191866189241409,1.0,0.0890450477600097
Ctu1,0.0187655054032802,0.0306674540042877,0.7172460556030273,0.874910579147656,0.7292982935905457,0.7172460556030273,0.3008050660094132,1.3921761512756348,0.7172460556030273,0.4187379633710141,1.2252569198608398
Klk13,0.0,0.0,0.0,0.9888502385877284,0.1005259156227111,0.0,1.0,0.0,0.0,1.0,0.0
Klk10,0.001350135426037,0.0,-20.36564826965332,0.9888502385877284,0.0673658028244972,-20.36564826965332,0.4679991859106411,-1.0,-20.36564826965332,0.6832027011037286,-0.7008072733879089
Klk9,0.0010953084565699,0.0,-20.063697814941406,0.9888502385877284,0.0673658028244972,-20.063697814941406,0.4679991859106411,-1.0,-20.063697814941406,0.6832027011037286,-0.7008072733879089
Klk8,0.8821117281913757,0.4929267466068268,-1.15222430229187,4.836385462905727e-20,-9.491558074951172,-1.15222430229187,1.2150152454222574e-25,-11.02876091003418,-1.15222430229187,2.6923037698558478e-17,-9.008931159973145
Klk7,0.0031878766603767,0.0,-21.606464385986328,0.9994412017932364,0.0010455889860168,-21.606464385986328,0.1750730072300931,-1.731877684593201,-21.606464385986328,0.4247033279437463,-1.213712453842163
Klk1b9,0.0,0.0,0.0,0.9888502385877284,0.1005259156227111,0.0,1.0,0.0,0.0,1.0,0.0
Klk1b11,0.0,0.0,0.0,0.9888502385877284,0.1005259156227111,0.0,1.0,0.0,0.0,1.0,0.0
Klk1b27,0.0,0.0,0.0,0.9888502385877284,0.1005259156227111,0.0,1.0,0.0,0.0,1.0,0.0
1700028J19Rik,0.0010267090983688,0.0027679218910634,1.4320311546325684,0.9888502385877284,0.201798677444458,1.4320311546325684,0.605561128353509,0.7814263105392456,1.4320311546325684,0.6832027011037286,0.7074769735336304
2410002F23Rik,0.1446350216865539,0.085069790482521,-0.8094874620437622,0.9888502385877284,-0.4945635795593261,-0.8094874620437622,0.0016544308168793,-3.5180041790008545,-0.8094874620437622,0.0176875835105927,-2.808066844940185
Acp4,0.0,0.0,0.0,0.9888502385877284,0.1005259156227111,0.0,1.0,0.0,0.0,1.0,0.0
Clec11a,0.0153591996058821,0.0081691620871424,-0.9160395860671996,0.9994412017932364,0.0011949588079005,-0.9160395860671996,0.3554805516733927,-1.2738877534866333,-0.9160395860671996,0.5282133287683867,-1.0077507495880127
Shank1,0.0039813355542719,0.0,-21.92769432067871,0.9888502385877284,-0.0321145206689834,-21.92769432067871,0.1055267883447117,-1.9981107711791992,-21.92769432067871,0.3296529771759773,-1.4002904891967771
1700008O03Rik,0.0014817469054833,0.0,-20.49993705749512,0.9888502385877284,0.0673658028244972,-20.49993705749512,0.4679991859106411,-1.0,-20.49993705749512,0.6832027011037286,-0.7008072733879089
Josd2,0.1397562623023986,0.1147844195365905,-0.3023815751075744,0.9888502385877284,0.5706675052642822,-0.3023815751075744,0.2932323275994748,-1.421458125114441,-0.3023815751075744,0.4513580420929507,-1.1633011102676392
Emc10,0.4862936437129974,0.5351805090904236,0.1764510869979858,0.3070330490865134,1.5434386730194092,0.1764510869979858,0.231709643312118,1.5635910034179688,0.1764510869979858,0.3694030101375601,1.3151379823684692
Fam71e1,0.0163453631103038,0.0100897522643208,-0.7005130052566528,0.9888502385877284,0.0337575860321521,-0.7005130052566528,0.4679991859106411,-1.0432595014572144,-0.7005130052566528,0.6237948338288845,-0.8382919430732727
Spib,0.0,0.0023049269802868,21.13795280456543,0.9888502385877284,0.1678170263767242,21.13795280456543,0.4679991859106411,1.0,21.13795280456543,0.5282133287683867,1.0
Pold1,0.0647156164050102,0.1404674649238586,1.173627853393555,0.0001550899283906,4.200429916381836,1.173627853393555,2.301666437087135e-05,4.613996982574463,1.173627853393555,0.0002463474802069,4.090132713317871
Nr1h2,0.2500957548618316,0.3430759310722351,0.5264286994934082,0.0008752089405088,3.75739860534668,0.5264286994934082,0.0017004014869105,3.513601303100586,0.5264286994934082,0.0096956163690755,3.0169174671173096
Napsa,0.0,0.2459651976823806,28.05493927001953,1.4194251985434518e-14,8.040878295898438,28.05493927001953,6.477564897685682e-26,11.57331085205078,28.05493927001953,8.472556368075567e-26,11.57331085205078
Kcnc3,0.0014160517603158,0.0,-20.434465408325195,0.9888502385877284,0.0342056974768638,-20.434465408325195,0.3789033356483189,-1.2279574871063232,-20.434465408325195,0.6099579475571129,-0.8605614900588989
Myh14,0.0,0.0013092571171,20.32126235961914,0.9888502385877284,0.1678170263767242,20.32126235961914,0.4679991859106411,1.0,20.32126235961914,0.5282133287683867,1.0
Zfp473,0.0,0.0040156780742108,21.94011116027832,0.9888502385877284,0.3023992776870727,21.94011116027832,0.1945552821613413,1.6672245264053345,21.94011116027832,0.2181067464327165,1.6672245264053345
Vrk3,0.2615274786949157,0.3036581575870514,0.2473058998584747,0.0779110428870802,2.2482404708862305,0.2473058998584747,0.2083738080070507,1.62568461894989,0.2473058998584747,0.3352107316551149,1.384356141090393
Atf5,0.0136049818247556,0.0260873548686504,0.9482495188713074,0.6848148901963794,0.9648545980453492,0.9482495188713074,0.182605130242357,1.7032533884048462,0.9482495188713074,0.2873925057093904,1.4947890043258667
Nup62,0.0908128172159195,0.190708726644516,1.1441525220870972,3.733990143545707e-05,4.5336737632751465,1.1441525220870972,2.399137133357794e-06,5.103061199188232,1.1441525220870972,4.163775636439144e-05,4.523846626281738
Il4i1,0.0,0.0014509146567434,20.469579696655277,0.9888502385877284,0.1678170263767242,20.469579696655277,0.4679991859106411,1.0,20.469579696655277,0.5282133287683867,1.0
Tbc1d17,0.1096349656581878,0.1193019896745681,0.1290165483951568,0.4413427084995062,1.3106458187103271,0.1290165483951568,0.7723511209756617,0.5407975316047668,0.1290165483951568,0.8483785877618385,0.4599701762199402
Akt1s1,0.095078594982624,0.0773489698767662,-0.3107114434242248,0.8919755323057845,0.7099549174308777,-0.3107114434242248,0.3979406197733199,-1.192013144493103,-0.3107114434242248,0.5346581132608571,-0.9776464700698853
Pnkp,0.1791808456182479,0.220111608505249,0.3273261487483978,0.0135684929101917,2.9269769191741943,0.3273261487483978,0.1362534616945327,1.8672865629196167,0.3273261487483978,0.2520852350359873,1.5793020725250244
Ptov1,0.0295259244740009,0.0102773355320096,-1.5364466905593872,0.9888502385877284,-0.3985187709331512,-1.5364466905593872,0.0209787858902844,-2.685580015182495,-1.5364466905593872,0.0989008604570259,-2.0876753330230717
Med25,0.1182875037193298,0.1442398428916931,0.3053021132946014,0.077608001586071,2.2503316402435303,0.3053021132946014,0.2942789202292576,1.4115042686462402,0.3053021132946014,0.4302018623366921,1.1994543075561523
Fuz,0.0625451877713203,0.0609587132930755,-0.0382225140929222,0.8338413383468867,0.7794119119644165,-0.0382225140929222,1.0,-0.1204021722078323,-0.0382225140929222,1.0,-0.1009135395288467
Ap2a1,0.0931727439165115,0.1584450155496597,0.8140733242034912,0.0016826003605038,3.576287746429444,0.8140733242034912,0.0010833323166553,3.643549919128418,0.8140733242034912,0.0061065587134522,3.1711695194244385
Tsks,0.0,0.0,0.0,0.9888502385877284,0.1005259156227111,0.0,1.0,0.0,0.0,1.0,0.0
Cpt1c,0.0,0.0,0.0,0.9888502385877284,0.1005259156227111,0.0,1.0,0.0,0.0,1.0,0.0
Prmt1,0.4548012614250183,0.5686256885528564,0.4113216698169708,0.0054582106483421,3.224447011947632,0.4113216698169708,0.0013245462353401,3.584599018096924,0.4113216698169708,0.0092552871028262,3.032900810241699
Bcl2l12,0.0912244319915771,0.1457400470972061,0.7160061597824097,0.0048734204738566,3.259474277496338,0.7160061597824097,0.0055532276221176,3.1512670516967773,0.7160061597824097,0.0221885969695331,2.7231321334838867
Irf3,0.2408407032489776,0.2614631354808807,0.1340264230966568,0.1373422472764613,1.9837063550949097,0.1340264230966568,0.5655831076721789,0.843305766582489,0.1340264230966568,0.6832027011037286,0.7078314423561096
Scaf1,0.1232011392712593,0.1479929834604263,0.2828006744384765,0.1722433022683738,1.8687663078308103,0.2828006744384765,0.3434355779541552,1.299938082695007,0.2828006744384765,0.480436445235841,1.114176630973816
Rras,0.0917209163308143,0.0866691023111343,-0.0854313969612121,0.9289409282371618,0.6599907279014587,-0.0854313969612121,0.92374716408661,-0.3244607746601105,-0.0854313969612121,0.9737089548854212,-0.271961897611618
Prr12,0.1106320470571518,0.0774887353181839,-0.537993311882019,0.9888502385877284,-0.1084425151348114,-0.537993311882019,0.0786227796082394,-2.1364965438842773,-0.537993311882019,0.1932983465631827,-1.7393890619277954
Prrg2,0.0207165684551,0.0171767994761466,-0.2728851437568664,0.9888502385877284,0.2960510551929474,-0.2728851437568664,0.801253002374524,-0.4998233020305633,-0.2728851437568664,0.8839487178229124,-0.4090798199176788
Nosip,0.1473662704229354,0.2373699247837066,0.7547346949577332,4.440720119575117e-05,4.495061874389648,0.7547346949577332,0.0001576934411232,4.155065536499023,0.7547346949577332,0.0016069605296748,3.5801749229431152
Rcn3,0.2028146833181381,0.1059744358062744,-1.0080982446670532,0.2703868348694918,-1.6202895641326904,-1.0080982446670532,5.533682123526681e-06,-4.911622047424316,-1.0080982446670532,0.0004933165428981,-3.912001371383667
Fcgrt,0.0529991649091243,0.0265468880534172,-1.016634821891785,0.9888502385877284,-0.2261459678411483,-1.016634821891785,0.0352367493231136,-2.4820539951324463,-1.016634821891785,0.1321639563326031,-1.9417493343353271
Rps11,4.084621906280518,3.951919078826904,-0.1949584633111953,1.5684451332982605e-18,-9.114250183105469,-0.1949584633111953,1.2391895933463933e-15,-8.463500022888184,-0.1949584633111953,1.531195899381622e-11,-7.205282211303711
Rpl13a,1.7011418342590332,1.582532525062561,-0.2122491747140884,3.4960289532408737e-06,-5.036228656768799,-0.2122491747140884,0.0010904764946035,-3.6384997367858887,-0.2122491747140884,0.0091578715627575,-3.0368459224700928
Flt3l,0.1625372618436813,0.2615854740142822,0.7604831457138062,7.823823680671404e-05,4.362794876098633,0.7604831457138062,0.0001454722992035,4.176532745361328,0.7604831457138062,0.0013442631757461,3.63202714920044
Aldh16a1,0.0432374067604541,0.1092647761106491,1.3857104778289795,0.0016510056927093,3.581590414047241,1.3857104778289795,2.7123054789314417e-05,4.577719688415527,1.3857104778289795,0.0002633475995882,4.073612689971924
Pih1d1,0.1387906074523925,0.2281903475522995,0.783787190914154,2.4893419257498195e-05,4.625088214874268,0.783787190914154,0.0001109430074044,4.242357730865479,0.783787190914154,0.0011483472582123,3.677375555038452
Slc17a7,0.0010953084565699,0.0,-20.063697814941406,0.9888502385877284,0.0673658028244972,-20.063697814941406,0.4679991859106411,-1.0,-20.063697814941406,0.6832027011037286,-0.7008072733879089
Ccdc155,0.0,0.0,0.0,0.9888502385877284,0.1005259156227111,0.0,1.0,0.0,0.0,1.0,0.0
Dkkl1,0.0045078224502503,0.0738633871078491,4.084712982177734,0.0061612621821666,3.186507225036621,4.084712982177734,1.5783900164794755e-09,6.50133228302002,4.084712982177734,4.382332503184208e-09,6.351837635040283
Tead2,0.0082167191430926,0.0033061190042644,-1.3169691562652588,0.9888502385877284,0.0687101334333419,-1.3169691562652588,0.3401969405527063,-1.305827260017395,-1.3169691562652588,0.5282133287683867,-1.02503764629364
Cd37,0.8364417552947998,0.7975451350212097,-0.100535474717617,0.131966944634943,-2.0031991004943848,-0.100535474717617,0.4472467558230782,-1.107100486755371,-0.100535474717617,0.5670515957592417,-0.9263947010040284
Trpm4,0.0103571461513638,0.0263553019613027,1.3590419292449951,0.607114889392223,1.067845106124878,1.3590419292449951,0.0595595154312659,2.263070583343506,1.3590419292449951,0.1121224660109863,2.0267646312713623
Hrc,0.0,0.0,0.0,0.9888502385877284,0.1005259156227111,0.0,1.0,0.0,0.0,1.0,0.0
Ppfia3,0.0,0.0,0.0,0.9888502385877284,0.1005259156227111,0.0,1.0,0.0,0.0,1.0,0.0
Lin7b,0.0,0.0,0.0,0.9888502385877284,0.1005259156227111,0.0,1.0,0.0,0.0,1.0,0.0
Snrnp70,0.8652591705322266,1.045815348625183,0.4240983128547668,0.00177700223304,3.560678720474243,0.4240983128547668,1.2534378064969208e-06,5.220267295837402,0.4240983128547668,0.00011056230211,4.29132080078125
Kcna7,0.0,0.0,0.0,0.9888502385877284,0.1005259156227111,0.0,1.0,0.0,0.0,1.0,0.0
Ntf5,0.0,0.0,0.0,0.9888502385877284,0.1005259156227111,0.0,1.0,0.0,0.0,1.0,0.0
Ruvbl2,0.1177703589200973,0.1106483116745948,-0.0952304750680923,0.4536129963748533,1.2908543348312378,-0.0952304750680923,0.8578557573550917,-0.4198520183563232,-0.0952304750680923,0.92561011973106,-0.3466808795928955
Gys1,0.0160188991576433,0.0071134632453322,-1.177587389945984,0.9888502385877284,-0.0324879437685012,-1.177587389945984,0.2003967088271655,-1.6477534770965576,-1.177587389945984,0.3869553778082853,-1.282428503036499
Ftl1,1.8082424402236936,2.098491907119751,0.4883053004741668,1.794108759124266e-16,8.57308292388916,0.4883053004741668,7.676769774320632e-17,8.801955223083496,0.4883053004741668,4.8291089926810426e-12,7.379756450653076
Bax,0.6071457862854004,0.9460310339927672,0.915610373020172,3.657762605816827e-15,8.208993911743164,0.915610373020172,1.8775814453280435e-20,9.80168342590332,0.915610373020172,4.732491774967939e-15,8.334457397460938
Dhdh,0.006030021701008,0.006746616680175,0.1625183969736099,0.9888502385877284,0.3033701777458191,0.1625183969736099,1.0,0.1819847226142883,0.1625183969736099,1.0,0.1514161825180053
Tulp2,0.0023408613633364,0.0016960080247372,-0.4653615951538086,0.9888502385877284,0.1013474464416503,-0.4653615951538086,0.9606486770939806,-0.2719579339027405,-0.4653615951538086,1.0,-0.2216076552867889
Nucb1,0.197210893034935,0.6662060618400574,2.1187820434570312,1.3104688330753628e-41,13.787211418151855,2.1187820434570312,1.861742303279097e-46,15.71975803375244,2.1187820434570312,3.9108742762279697e-39,14.12095546722412
Ppp1r15a,0.6165972948074341,0.3266124725341797,-1.142303705215454,9.236785586606796e-10,-6.491987228393555,-1.142303705215454,3.835701692742821e-17,-8.866666793823242,-1.142303705215454,1.4408443469488543e-11,-7.224780559539795
Plekha4,0.0022333962842822,0.0013060632627457,-0.7746831774711609,0.9888502385877284,0.1013474464416503,-0.7746831774711609,0.8347970160339909,-0.451732873916626,-0.7746831774711609,0.9198603809353432,-0.3552750945091247
Hsd17b14,0.0,0.0,0.0,0.9888502385877284,0.1005259156227111,0.0,1.0,0.0,0.0,1.0,0.0
Bcat2,0.0793682783842086,0.0793809294700622,0.0002393714676145,0.6329381009939723,1.032967209815979,0.0002393714676145,1.0,0.0008651835960336,0.0002393714676145,1.0,0.0007261029095388
Izumo1,0.0,0.0007113116444088,19.440637588500977,0.9888502385877284,0.1678170263767242,19.440637588500977,0.4679991859106411,1.0,19.440637588500977,0.5282133287683867,1.0
Rasip1,0.0,0.0,0.0,0.9888502385877284,0.1005259156227111,0.0,1.0,0.0,0.0,1.0,0.0
Mamstr,0.0,0.0,0.0,0.9888502385877284,0.1005259156227111,0.0,1.0,0.0,0.0,1.0,0.0
Sec1,0.0,0.0,0.0,0.9888502385877284,0.1005259156227111,0.0,1.0,0.0,0.0,1.0,0.0
Car11,0.0010106501867994,0.0,-19.947582244873047,0.9888502385877284,0.0673658028244972,-19.947582244873047,0.4679991859106411,-1.0,-19.947582244873047,0.6832027011037286,-0.7008072733879089
Dbp,0.0646473839879036,0.0107118496671319,-2.6325347423553467,0.4618954201746321,-1.2787553071975708,-2.6325347423553467,1.3052277136840356e-07,-5.650450229644775,-2.6325347423553467,0.0001966142753182,-4.160649299621582
Sphk2,0.0895034223794937,0.0575066097080707,-0.661578357219696,0.9888502385877284,-0.1538509577512741,-0.661578357219696,0.0461359825869015,-2.371423482894897,-0.661578357219696,0.1394788117243396,-1.9136666059494016
Rpl18,3.9607937335968018,3.6820456981658936,-0.4111828505992889,1.994016695089822e-74,-18.490270614624023,-0.4111828505992889,7.033507704145707e-76,-20.57685089111328,-0.4111828505992889,7.629067746595437e-58,-17.605642318725586
Fam83e,0.0174973458051681,0.0101898461580276,-0.785287082195282,0.9994412017932364,0.0019418081501498,-0.785287082195282,0.4066366233513662,-1.175815224647522,-0.785287082195282,0.554257354358145,-0.9458629488945008
Sult2b1,0.0052697281353175,0.053238321095705,3.3714349269866943,0.0624681261369324,2.3449573516845703,3.3714349269866943,1.9175899433907377e-06,5.173088073730469,3.3714349269866943,5.013035975269236e-06,5.008885860443115
Lmtk3,0.003648733953014,0.0168088097125291,2.2132585048675537,0.838242944553846,0.7735865116119385,2.2132585048675537,0.0380393546904822,2.4548282623291016,2.2132585048675537,0.0624435590341045,2.301112174987793
Cyth2,0.1527199745178222,0.2001967579126358,0.4257838726043701,0.0116069196511419,2.9805262088775635,0.4257838726043701,0.0603302765907619,2.2564361095428467,0.4257838726043701,0.1365988407250646,1.923789381980896
Kcnj14,0.0,0.0,0.0,0.9888502385877284,0.1005259156227111,0.0,1.0,0.0,0.0,1.0,0.0
Grwd1,0.0838909819722175,0.0474593676626682,-0.8483905792236328,0.9888502385877284,-0.260799765586853,-0.8483905792236328,0.011666081371908,-2.898409605026245,-0.8483905792236328,0.061559804088765,-2.306746244430542
Grin2d,0.0020202484447509,0.0041568484157323,1.0424989461898804,0.9888502385877284,0.1687879413366317,1.0424989461898804,0.6925849457507044,0.6539227366447449,1.0424989461898804,0.7538792789891237,0.5973246693611145
Kdelr1,0.2644369602203369,0.3679810166358948,0.5553286671638489,5.173516770936819e-05,4.460557460784912,0.5553286671638489,0.0003751929963622,3.9309935569763184,0.5553286671638489,0.0036682597823983,3.333794355392456
Syngr4,0.0010160097153857,0.0009441179572604,-0.1059270054101944,0.9888502385877284,0.1345822364091873,-0.1059270054101944,1.0,-0.0518344081938266,-0.1059270054101944,1.0,-0.0415539219975471
Tmem143,0.0243546329438686,0.0431352481245994,0.838294506072998,0.5248633960460787,1.183457374572754,0.838294506072998,0.1412205429186433,1.848957180976868,0.838294506072998,0.2295706222308045,1.634116768836975
Emp3,1.3602083921432495,1.7067970037460327,0.6389746069908142,3.204122826767151e-14,7.937290191650391,0.6389746069908142,1.5619155950518788e-18,9.258400917053224,0.6389746069908142,8.768305028680229e-13,7.629854679107666
Ccdc114,0.0165758896619081,0.0045913462527096,-1.8607573509216309,0.9888502385877284,-0.1649790108203888,-1.8607573509216309,0.0550782014082602,-2.295561552047729,-1.8607573509216309,0.1937141226863095,-1.738829493522644
Nomo1,0.0798088014125824,0.0792978703975677,-0.009639305062592,0.6131667402954124,1.058584213256836,-0.009639305062592,1.0,-0.03461854159832,-0.009639305062592,1.0,-0.0290552973747253
Myod1,0.001350135426037,0.0,-20.36564826965332,0.9888502385877284,0.0673658028244972,-20.36564826965332,0.4679991859106411,-1.0,-20.36564826965332,0.6832027011037286,-0.7008072733879089
Kcnc1,0.0198395997285842,0.003030703170225,-2.722806215286255,0.9888502385877284,-0.2978434860706329,-2.722806215286255,0.0062369397517659,-3.11022686958313,-2.722806215286255,0.0667810777039096,-2.272258758544922
Sergef,0.0702076405286789,0.0938388258218765,0.4358361959457397,0.1918710594956222,1.8110347986221316,0.4358361959457397,0.2330628229808661,1.5603355169296265,0.4358361959457397,0.3541583306764799,1.3450751304626465
Saal1,0.0801355838775634,0.0991853475570678,0.3216309547424316,0.1665319574231447,1.885869145393372,0.3216309547424316,0.3762345063946613,1.2329806089401243,0.3216309547424316,0.5190506226776571,1.0507652759552002
Saa3,0.004894736688584,0.0,-22.22633171081543,0.9888502385877284,-0.0321145206689834,-22.22633171081543,0.1057362961878899,-1.99677574634552,-22.22633171081543,0.3298385875838359,-1.3993549346923828
Hps5,0.0611651353538036,0.0785670578479766,0.3739141225814819,0.4455232939669339,1.302654504776001,0.3739141225814819,0.3792605617888172,1.2272872924804688,0.3739141225814819,0.5164462946594041,1.054816484451294
Gtf2h1,0.1730598360300064,0.1646873205900192,-0.0777512192726135,0.6885977567283548,0.959775984287262,-0.0777512192726135,0.8721641828208915,-0.3998472392559051,-0.0777512192726135,0.931923466959596,-0.3364391624927521
Ldha,1.117859959602356,1.6569311618804932,1.0436962842941284,1.3650474342230507e-36,12.918774604797363,1.0436962842941284,3.5818684329739273e-40,14.195887565612791,1.0436962842941284,1.9597596810899909e-29,12.027057647705078
Ldhc,0.0,0.0,0.0,0.9888502385877284,0.1005259156227111,0.0,1.0,0.0,0.0,1.0,0.0
Tsg101,0.2304325848817825,0.3056300282478332,0.4641053676605224,0.0008216078178196,3.773978710174561,0.4641053676605224,0.0076395640507343,3.0451672077178955,0.4641053676605224,0.031804102522429,2.583618640899658
Uevld,0.014499133452773,0.0197444539517164,0.4492753148078918,0.9888502385877284,0.4997168481349945,0.4492753148078918,0.6223920050849097,0.7563996315002441,0.4492753148078918,0.7147356639356677,0.6546425223350525
Spty2d1,0.2327061593532562,0.317739725112915,0.51348477602005,0.0013987771228532,3.6285672187805176,0.51348477602005,0.0041134332913043,3.2472405433654785,0.51348477602005,0.0183554000202552,2.7929959297180176
Tmem86a,0.0047998083755373,0.0216813180595636,2.187608003616333,0.7842120058283096,0.8387864232063293,2.187608003616333,0.0267657238704792,2.596193313598633,2.187608003616333,0.0465883018856572,2.4273369312286377
Ptpn5,0.0,0.0221361797302961,24.41590118408203,0.6784946500214167,0.975310444831848,24.41590118408203,0.0017874305261556,3.51286244392395,24.41590118408203,0.0021144514865428,3.51286244392395
Mrgpra2b,0.0,0.0,0.0,0.9888502385877284,0.1005259156227111,0.0,1.0,0.0,0.0,1.0,0.0
Zdhhc13,0.0529525838792324,0.0599472559988498,0.1840859055519104,0.5622462095664702,1.1284892559051514,0.1840859055519104,0.762598480932881,0.5554109215736389,0.1840859055519104,0.8420196715790217,0.4696240723133087
Csrp3,0.0,0.0,0.0,0.9888502385877284,0.1005259156227111,0.0,1.0,0.0,0.0,1.0,0.0
E2f8,0.006627018097788,0.042335145175457,2.701286792755127,0.1210951442632104,2.046217679977417,2.701286792755127,0.0001025294174784,4.27431583404541,2.701286792755127,0.0003129366747336,4.034912586212158
Nav2,0.0084629282355308,0.0057423077523708,-0.5614908933639526,0.9888502385877284,0.1022436693310737,-0.5614908933639526,0.7633714228996136,-0.5542827248573303,-0.5614908933639526,0.8597904405698532,-0.4438214004039764
Htatip2,0.1237959712743759,0.4077205657958984,1.933482766151428,9.563742685505053e-22,9.900906562805176,1.933482766151428,5.416842200016853e-26,11.315510749816896,1.933482766151428,5.821787486574296e-22,10.267370223999023
Prmt3,0.2384238690137863,0.1449625641107559,-0.7874191403388977,0.3370514497406126,-1.487499713897705,-0.7874191403388977,6.01609262918462e-05,-4.3816022872924805,-0.7874191403388977,0.0018975655721127,-3.5335171222686768
Slc17a6,0.0,0.0,0.0,0.9888502385877284,0.1005259156227111,0.0,1.0,0.0,0.0,1.0,0.0
Fancf,0.0356876887381076,0.0704841166734695,1.007193922996521,0.0967501748363805,2.1506271362304688,1.007193922996521,0.0156191167899116,2.798184394836426,1.007193922996521,0.0409747305834431,2.480208396911621
Gas2,0.0202527586370706,0.0589073337614536,1.568395972251892,0.0527074281757835,2.4153106212615967,1.568395972251892,0.0007340015375129,3.7567200660705566,1.568395972251892,0.0031353099200139,3.3819005489349365
Svip,0.0011334083974361,0.0097567867487668,3.1119635105133057,0.9888502385877284,0.403597354888916,3.1119635105133057,0.1305505262700055,1.8922927379608157,3.1119635105133057,0.1627944521883223,1.834419846534729
Tubgcp5,0.1106176972389221,0.1341457962989807,0.295537531375885,0.0532760760057966,2.4109787940979004,0.295537531375885,0.3287338283842647,1.3291395902633667,0.295537531375885,0.4760927184391104,1.120916485786438
Cyfip1,0.0140904504805803,0.0931191369891166,2.7818763256073,0.0019376088243434,3.535285711288452,2.7818763256073,6.9939804926800364e-09,6.230781555175781,2.7818763256073,4.2019782712337356e-08,5.934835433959961
Nipa2,0.201126679778099,0.4345142245292663,1.2885534763336182,1.5213396788690278e-14,8.031841278076172,1.2885534763336182,6.202078135020699e-16,8.583487510681152,1.2885534763336182,1.3925244805460537e-12,7.557083606719971
Nipa1,0.0018247838597744,0.0019473450956866,0.0938713550567627,0.9888502385877284,0.1014968156814575,0.0938713550567627,1.0,0.0492274425923824,0.0938713550567627,1.0,0.0415714941918849
Herc2,0.2600670754909515,0.2858482897281647,0.1558079868555069,0.1706557934643284,1.873546123504639,0.1558079868555069,0.4796706617637896,0.9802517890930176,0.1558079868555069,0.6289609447060784,0.8302507400512695
Atp10a,0.0343600697815418,0.1210165545344352,1.8797180652618408,0.0002896184040556,4.045159816741943,1.8797180652618408,7.75482612451346e-08,5.785553455352783,1.8797180652618408,9.012033407524316e-07,5.345354080200195
Ube3a,0.5826635360717773,0.4927186071872711,-0.3125668168067932,0.14523283870187,-1.955400824546814,-0.3125668168067932,0.0179527384263175,-2.7435810565948486,-0.3125668168067932,0.0663402353796406,-2.273189783096313
Gm38393,0.0,0.0,0.0,0.9888502385877284,0.1005259156227111,0.0,1.0,0.0,0.0,1.0,0.0
Snrpn,0.0009175207815133,0.0,-19.80804443359375,0.9888502385877284,0.0673658028244972,-19.80804443359375,0.4679991859106411,-1.0,-19.80804443359375,0.6832027011037286,-0.7008072733879089
Ndn,0.0,0.0,0.0,0.9888502385877284,0.1005259156227111,0.0,1.0,0.0,0.0,1.0,0.0
Mkrn3,0.0,0.0,0.0,0.9888502385877284,0.1005259156227111,0.0,1.0,0.0,0.0,1.0,0.0
Peg12,0.0,0.0,0.0,0.9888502385877284,0.1005259156227111,0.0,1.0,0.0,0.0,1.0,0.0
Klf13,1.1989946365356443,0.8921132683753967,-0.6857714056968689,2.729806952741037e-18,-9.052335739135742,-0.6857714056968689,2.0633070006783878e-15,-8.383020401000977,-0.6857714056968689,5.7923959423968285e-11,-7.006043434143066
E030018B13Rik,0.0013425664510577,0.0016785711050033,0.3224823176860809,0.9888502385877284,0.1345822364091873,0.3224823176860809,1.0,0.156322032213211,0.3224823176860809,1.0,0.1319170147180557
Trpm1,0.0326288007199764,0.0054959640838205,-2.5893356800079346,0.9888502385877284,-0.533399760723114,-2.5893356800079346,0.000368531044168,-3.9322242736816406,-2.5893356800079346,0.0141757098250674,-2.8910012245178223
Mtmr10,0.0200179554522037,0.017991105094552,-0.1554775536060333,0.9888502385877284,0.2010518312454223,-0.1554775536060333,0.9640986005053448,-0.2671749591827392,-0.1554775536060333,1.0,-0.2234787493944168
Fan1,0.0408333130180835,0.0331413485109806,-0.3066969215869903,0.9888502385877284,0.2448171973228454,-0.3066969215869903,0.6247328310614898,-0.7527303695678711,-0.3066969215869903,0.7378169203304418,-0.6210023760795593
Mphosph10,0.3790771663188934,0.3067797720432281,-0.3604146540164947,0.6655042007992099,-0.9905462265014648,-0.3604146540164947,0.0249818390917181,-2.618854522705078,-0.3604146540164947,0.0866131354799518,-2.1500284671783447
Mcee,0.0856157541275024,0.0899858400225639,0.0750202015042305,0.4809857671485847,1.2476117610931396,0.0750202015042305,0.9517255989246572,0.2848466336727142,0.0750202015042305,0.9946897833213698,0.2392870783805847
Nsmce3,0.208374872803688,0.2318973392248153,0.1718948185443878,0.1011146451522405,2.1306862831115723,0.1718948185443878,0.4679991859106411,1.0197956562042236,0.1718948185443878,0.6106753175161017,0.8588688373565674
Tjp1,0.0,0.0035448283888399,21.759841918945312,0.9888502385877284,0.2351081520318985,21.759841918945312,0.3097700702490801,1.3709982633590698,21.759841918945312,0.3421659969413366,1.3709982633590698
Tarsl2,0.0224950723350048,0.0410237908363342,0.8802878856658936,0.4990165549759601,1.220725178718567,0.8802878856658936,0.1209516595978184,1.9298902750015257,0.8802878856658936,0.2039684628644346,1.7046818733215332
Tm2d3,0.1642170548439026,0.2493820488452911,0.6663032174110413,0.0003436084171521,4.001543521881104,0.6663032174110413,0.0008038919416972,3.7275431156158447,0.6663032174110413,0.0052257438607958,3.2211060523986816
Snrpa1,0.3572520911693573,0.4885975122451782,0.5531077980995178,0.0004492092621683,3.933655261993408,0.5531077980995178,6.0400267500473335e-05,4.38682746887207,0.5531077980995178,0.0008351713417003,3.7652218341827393
Selenos,0.4361988008022308,0.6564856171607971,0.7630758881568909,3.651811622245519e-08,5.88815975189209,0.7630758881568909,1.4076689065848883e-10,6.82474946975708,0.7630758881568909,5.068611928344005e-08,5.877187728881836
Chsy1,0.0941590443253517,0.8259785175323486,3.70107626914978,5.862250468714186e-85,19.76349830627441,3.70107626914978,7.271169319536326e-88,24.37834930419922,3.70107626914978,1.2551215329227722e-84,23.08610725402832
Lrrk1,0.009577034972608,0.3733277916908264,5.555473327636719,1.913095926031999e-32,12.150789260864258,5.555473327636719,1.2354076166493498e-42,15.574832916259766,5.555473327636719,3.566934891085521e-42,15.435025215148926
Aldh1a3,0.0,0.0010303737362846,19.975481033325195,0.9888502385877284,0.1678170263767242,19.975481033325195,0.4679991859106411,1.0,19.975481033325195,0.5282133287683867,1.0
Asb7,0.0589595213532447,0.0545326508581638,-0.1158279478549957,0.9688750038310412,0.6107733249664307,-0.1158279478549957,0.9114021947647664,-0.3425524234771728,-0.1158279478549957,0.9639904957409464,-0.286167711019516
Lins1,0.0243898760527372,0.0091706719249486,-1.4221919775009155,0.9888502385877284,-0.1354784518480301,-1.4221919775009155,0.046104744712367,-2.3714945316314697,-1.4221919775009155,0.1682163359808921,-1.8164225816726685
Cers3,0.0,0.0,0.0,0.9888502385877284,0.1005259156227111,0.0,1.0,0.0,0.0,1.0,0.0
Adamts17,0.0036709343548864,0.0,-21.810365676879883,0.9994412017932364,0.0010455889860168,-21.810365676879883,0.1749935190420283,-1.7338640689849854,-21.810365676879883,0.4247033279437463,-1.215104579925537
Lysmd4,0.0157182514667511,0.011254264973104,-0.4851960837841034,0.9888502385877284,0.1665473878383636,-0.4851960837841034,0.6220050306183214,-0.7569684982299805,-0.4851960837841034,0.7435528299919371,-0.612381637096405
Mef2a,0.3354390263557434,0.4360445141792297,0.4556503891944885,0.0004029631604657,3.9613633155822754,0.4556503891944885,0.0021771080714463,3.4405934810638428,0.4556503891944885,0.013256141494697,2.9106714725494385
Lrrc28,0.0454584062099456,0.0436292923986911,-0.0605793967843055,0.9888502385877284,0.5852310657501221,-0.0605793967843055,1.0,-0.1673221588134765,-0.0605793967843055,1.0,-0.1393354833126068
Ttc23,0.0019970196299254,0.0053774733096361,1.431519627571106,0.9888502385877284,0.2357803136110305,1.431519627571106,0.4733203170078854,0.9902104139328004,1.431519627571106,0.5763589190105599,0.9119844436645508
Igf1r,0.1005544960498809,0.0,-26.65654563903809,0.0408180917381861,-2.51912260055542,-26.65654563903809,2.5930631215812488e-17,-8.958857536315918,-26.65654563903809,7.600889189661191e-09,-6.27843189239502
Pgpep1l,0.00679169036448,0.0,-22.700241088867188,0.9888502385877284,-0.0984347313642501,-22.700241088867188,0.0396839740264584,-2.4341931343078613,-22.700241088867188,0.2041417886316725,-1.7059001922607422
Fam169b,0.4876639246940613,0.2727629840373993,-1.0030555725097656,7.349572652090127e-06,-4.884170055389404,-1.0030555725097656,2.102685037234565e-12,-7.4275126457214355,-1.0030555725097656,2.608986382803901e-08,-6.003606796264648
Arrdc4,0.0258857253938913,0.0031914939172565,-3.0362625122070312,0.9888502385877284,-0.4963560402393341,-3.0362625122070312,0.0007737189326389,-3.7341485023498535,-3.0362625122070312,0.0221732584349166,-2.728085517883301
Mctp2,0.1530264765024185,0.2986384034156799,1.073605179786682,5.61469273248449e-08,5.812802791595459,1.073605179786682,1.3929227992557264e-08,6.075681686401367,1.073605179786682,8.888242206223849e-07,5.340680122375488
Chd2,0.9128296375274658,0.659254789352417,-0.6761387586593628,1.0427747808421215e-09,-6.47301721572876,-0.6761387586593628,2.2577833643387372e-10,-6.735898971557617,-0.6761387586593628,2.340629185403091e-07,-5.598763465881348
Fam174b,0.010833216831088,0.0019235875224694,-2.500023603439331,0.9888502385877284,-0.0979866236448288,-2.500023603439331,0.042309826653046,-2.4070675373077397,-2.500023603439331,0.1905650629133142,-1.7482887506484983
Slco3a1,0.3823229968547821,0.2901122868061065,-0.4684169590473175,0.3488955128212631,-1.4660651683807373,-0.4684169590473175,0.0042281042524489,-3.236936330795288,-0.4684169590473175,0.0256007961161594,-2.668781518936157
Akap13,1.4162870645523071,1.5780717134475708,0.3008371591567993,0.0047782355010291,3.2657477855682373,0.3008371591567993,2.061099511709309e-05,4.629116535186768,0.3008371591567993,0.0006975857217574,3.81581974029541
Klhl25,0.047421671450138,0.0991318151354789,1.1015578508377075,0.0222833673963211,2.7488534450531006,1.1015578508377075,0.000960690381751,3.680146217346192,1.1015578508377075,0.0045413032569793,3.266857624053955
Ntrk3,0.0515425838530063,0.05525628849864,0.1030765026807785,0.7711372408477523,0.8536487221717834,0.1030765026807785,0.942463141104236,0.2987178266048431,0.1030765026807785,0.9860768500698952,0.2532778084278106
Mrpl46,0.1727183908224105,0.2764119207859039,0.7559942007064819,1.7210704128510645e-05,4.706195831298828,0.7559942007064819,3.9672043663360805e-05,4.485827445983887,0.7559942007064819,0.0005562242839369,3.87621545791626
Mrps11,0.1437816768884658,0.2436308562755584,0.8351668119430542,1.5743555045933163e-05,4.725315570831299,0.8351668119430542,2.266535309456377e-05,4.614040851593018,0.8351668119430542,0.0003429930987336,4.005244731903076
Det1,0.0768272429704666,0.0466110296547412,-0.7429671883583069,0.9888502385877284,-0.0780457481741905,-0.7429671883583069,0.0399455267144092,-2.43021011352539,-0.7429671883583069,0.1297297846860322,-1.9512746334075928
Aen,0.1551568806171417,0.1316190809011459,-0.2547434270381927,0.9888502385877284,0.5443037748336792,-0.2547434270381927,0.3671626202014148,-1.2511652708053589,-0.2547434270381927,0.5282133287683867,-1.036717653274536
Isg20,0.1199869066476821,0.1718733608722686,0.5568071007728577,0.012478870355897,2.9558801651000977,0.5568071007728577,0.0298645282215338,2.550187587738037,0.5568071007728577,0.0785598863420134,2.195061683654785
Mfge8,0.054764699190855,0.0670332759618759,0.3005708158016205,0.4056645374304506,1.3671822547912598,0.3005708158016205,0.4946338446661228,0.9553062915802002,0.3005708158016205,0.6417463311486076,0.8114349842071533
Abhd2,0.2104844003915786,0.316338837146759,0.6674635410308838,2.863771519334769e-05,4.593869686126709,0.6674635410308838,0.0002035842584727,4.090455055236816,0.6674635410308838,0.0019260077632821,3.52716326713562
Rlbp1,0.0,0.0,0.0,0.9888502385877284,0.1005259156227111,0.0,1.0,0.0,0.0,1.0,0.0
Fanci,0.0065060285851359,0.0194387268275022,1.5884336233139038,0.6292924897737511,1.0378963947296145,1.5884336233139038,0.0537609746714454,2.30829119682312,1.5884336233139038,0.1008371134534173,2.077960968017578
Polg,0.1175958514213562,0.0782263800501823,-0.6169724464416504,0.9888502385877284,-0.0356247089803218,-0.6169724464416504,0.0268727512000102,-2.590139627456665,-0.6169724464416504,0.0988787259526982,-2.087319612503052
Rhcg,0.0,0.0,0.0,0.9888502385877284,0.1005259156227111,0.0,1.0,0.0,0.0,1.0,0.0
Ticrr,0.0146909626200795,0.0461959466338157,1.6756784915924072,0.1337246277967289,1.9967762231826784,1.6756784915924072,0.0027218331458197,3.378718137741089,1.6756784915924072,0.0078731618302633,3.088640689849853
Kif7,0.004781141411513,0.0010303737362846,-2.216893196105957,0.9888502385877284,0.0348778627812862,-2.216893196105957,0.2864722259902544,-1.435805082321167,-2.216893196105957,0.5207775905442009,-1.0485851764678955
Pex11a,0.0010558445937931,0.009059096686542,3.1067464351654053,0.9888502385877284,0.5378808379173279,3.1067464351654053,0.0930273899388789,2.060732841491699,3.1067464351654053,0.1218411873508591,1.986087679862976
Wdr93,0.0,0.0016629131278023,20.666481018066406,0.9888502385877284,0.1678170263767242,20.666481018066406,0.4679991859106411,1.0,20.666481018066406,0.5282133287683867,1.0
Ap3s2,0.0772365033626556,0.1097117215394973,0.5301536917686462,0.0837652974330439,2.215453624725342,0.5301536917686462,0.1008452758161662,2.020552158355713,0.5301536917686462,0.1935413613068238,1.7384411096572876
Zfp710,0.0727514922618866,0.0219309125095605,-1.7669596672058103,0.651515549228385,-1.0083211660385132,-1.7669596672058103,1.237724775867182e-05,-4.737309455871582,-1.7669596672058103,0.0015609916744401,-3.595000743865967
Idh2,0.3079886734485626,0.04747249558568,-2.8911986351013184,6.863787028236177e-10,-6.537918567657471,-2.8911986351013184,7.303854746193086e-38,-13.593729972839355,-2.8911986351013184,1.3039453869149191e-20,-10.055739402770996
Sema4b,0.1416610032320022,0.0313436090946197,-2.2569236755371094,0.0183823363193144,-2.8205509185791016,-2.2569236755371094,1.5616619094539554e-13,-7.781906127929687,-2.2569236755371094,5.462843385171875e-08,-5.890444278717041
Cib1,0.2782660722732544,0.4482786655426025,0.8179770112037659,5.447781563934824e-08,5.81795597076416,0.8179770112037659,6.665771606859832e-09,6.194839954376221,0.8179770112037659,9.398051453896002e-07,5.329363822937012
Gdpgp1,0.0670276805758476,0.0342004708945751,-0.9946203231811525,0.9888502385877284,-0.5171184539794922,-0.9946203231811525,0.0145010788087145,-2.8220646381378174,-0.9946203231811525,0.067371870484577,-2.2656641006469727
Ttll13,0.0013030022382736,0.0019069466507062,0.5498602986335754,0.9888502385877284,0.201798677444458,0.5498602986335754,0.9401067414609168,0.3018678426742553,0.5498602986335754,0.9871577702103326,0.2516019642353058
Ngrn,0.15633425116539,0.1738138794898986,0.1658652126789093,0.1053122766534949,2.11156702041626,0.1658652126789093,0.5565420651446902,0.8569355010986328,0.1658652126789093,0.6832027011037286,0.720903754234314
Vps33b,0.0582077912986278,0.1026856675744056,0.8514648675918579,0.041784672110343,2.510533809661865,0.8514648675918579,0.0122982903713548,2.883136510848999,0.8514648675918579,0.0353308269924334,2.5421807765960693
Rccd1,0.0572454333305358,0.0506377890706062,-0.1817554682493209,0.9888502385877284,0.4080784320831299,-0.1817554682493209,0.7744380667061591,-0.5376619696617126,-0.1817554682493209,0.8550114022520036,-0.4506589770317077
Prc1,0.0312073230743408,0.1587839275598526,2.440592050552368,1.3402404421977611e-05,4.759745121002197,2.440592050552368,1.3639199593871287e-10,6.8836846351623535,2.440592050552368,1.5007780345939915e-09,6.508671283721924
Unc45a,0.1914219111204147,0.2112424224615097,0.1569204181432724,0.0742744908160604,2.2699737548828125,0.1569204181432724,0.5315391469167746,0.8949079513549805,0.1569204181432724,0.6832027011037286,0.7512750029563904
Hddc3,0.0124921612441539,0.0082909213379025,-0.5944545865058899,0.9888502385877284,0.1345822364091873,-0.5944545865058899,0.5898802854107468,-0.8053110837936401,-0.5944545865058899,0.7186562746472748,-0.6490117907524109
Man2a2,0.1940986812114715,0.106013223528862,-0.9376745820045472,0.4669966655179095,-1.2694944143295288,-0.9376745820045472,2.989905424426618e-05,-4.5423264503479,-0.9376745820045472,0.0013587305265002,-3.631486654281616
Fes,0.0036915952805429,0.0550756081938743,3.936343908309937,0.0970514915223678,2.149133443832397,3.936343908309937,3.2048029751181472e-06,5.068429470062256,3.936343908309937,6.531163690648744e-06,4.956028938293457
Furin,0.1318176537752151,0.3149968683719635,1.3938450813293457,5.803854393872869e-09,6.198326110839844,1.3938450813293457,4.265246852077213e-11,7.040284156799316,1.3938450813293457,2.8013216530690644e-09,6.38598108291626
Blm,0.0680160969495773,0.0827196240425109,0.2930929064750671,0.2540397482422089,1.6560635566711426,0.2930929064750671,0.4679991859106411,1.016421675682068,0.2930929064750671,0.6094996564955739,0.8609163761138916
Crtc3,0.4821627140045166,0.2214398980140686,-1.3216780424118042,2.331676006266326e-09,-6.346277236938477,-1.3216780424118042,6.308905910569208e-20,-9.607182502746582,-1.3216780424118042,7.517209739677384e-13,-7.665960788726807
Iqgap1,0.9038761258125304,1.3734716176986694,1.0052566528320312,3.596732348967846e-27,11.098628044128418,1.0052566528320312,2.411075666727536e-36,13.359444618225098,1.0052566528320312,3.6061346710408015e-25,11.051535606384276
Zscan2,0.0586914382874965,0.0138829704374074,-2.112351655960083,0.676921068844919,-0.977700412273407,-2.112351655960083,1.5378634001323525e-05,-4.689954280853272,-2.112351655960083,0.0019775653505919,-3.52640962600708
Wdr73,0.0884869843721389,0.0664242580533027,-0.4298754036426544,0.9888502385877284,0.4510969519615173,-0.4298754036426544,0.2275020853828026,-1.5744787454605105,-0.4298754036426544,0.3876138857145183,-1.2809672355651855
Nmb,0.0560452714562416,0.2960194647312164,2.579207181930542,5.459206224132981e-18,8.975186347961426,2.579207181930542,5.143757776577789e-25,11.151704788208008,2.579207181930542,2.0474095243746878e-22,10.43498706817627
Sec11a,0.7035465836524963,0.9702140092849731,0.6825318932533264,1.977401807632658e-09,6.372491359710693,0.6825318932533264,3.381511276887285e-13,7.70462703704834,0.6825318932533264,1.3133108793462042e-09,6.505563735961914
Zfp592,0.1493695080280304,0.1373324692249298,-0.1301030963659286,0.7167191465326329,0.922134816646576,-0.1301030963659286,0.7047705630813275,-0.6367663145065308,-0.1301030963659286,0.8018175347495279,-0.5293799638748169
Alpk3,0.0021334940101951,0.001802169252187,-0.2437224090099334,0.9888502385877284,0.1013474464416503,-0.2437224090099334,1.0,-0.1409990042448043,-0.2437224090099334,1.0,-0.1180461570620536
Pde8a,0.0248099472373724,0.0152502553537487,-0.7090040445327759,0.9895567421929922,-0.0295005459338426,-0.7090040445327759,0.3704710633348587,-1.244470715522766,-0.7090040445327759,0.5282133287683867,-1.0204588174819946
Rps17,2.596271753311157,2.2580676078796387,-0.5354699492454529,1.609690055953175e-32,-12.165278434753418,-0.5354699492454529,1.2334282055828393e-29,-12.080623626708984,-0.5354699492454529,2.3851377637502338e-23,-10.591058731079102
Cpeb1,0.0,0.0,0.0,0.9888502385877284,0.1005259156227111,0.0,1.0,0.0,0.0,1.0,0.0
Fsd2,0.0069055729545652,0.0017044647829607,-2.0221962928771973,0.9888502385877284,-0.0315917246043682,-2.0221962928771973,0.2257700421119667,-1.579147219657898,-2.0221962928771973,0.4347781065963534,-1.1907895803451538
Whamm,0.1034648865461349,0.1185153126716613,0.2069895416498184,0.1988062944789655,1.7920647859573364,0.2069895416498184,0.5547493524537686,0.8595070242881775,0.2069895416498184,0.6832027011037286,0.7261186838150024
Homer2,0.0,0.0,0.0,0.9888502385877284,0.1005259156227111,0.0,1.0,0.0,0.0,1.0,0.0
Ramac,0.3504001796245575,0.6387996077537537,1.0914698839187622,2.952770479347564e-15,8.235208511352539,1.0914698839187622,1.176729542721432e-18,9.345870018005373,1.0914698839187622,2.5438021057692752e-14,8.110998153686523
3110040N11Rik,0.0964786186814308,0.1541017293930053,0.7180359363555908,0.0099255548665835,3.0329549312591557,0.7180359363555908,0.0064906974058868,3.1004533767700195,0.7180359363555908,0.0227145076259272,2.714433431625366
Btbd1,0.258888304233551,0.269573301076889,0.066394455730915,0.3986488291298937,1.378758430480957,0.066394455730915,0.8450965080009492,0.4377363324165344,0.066394455730915,0.9116384739390936,0.3679287731647491
Tm6sf1,0.2783694267272949,0.5536959767341614,1.2044265270233154,1.9633165059620737e-14,7.999427795410156,1.2044265270233154,1.4763755846764976e-15,8.478373527526855,1.2044265270233154,1.8108844342562653e-12,7.521115303039551
Hdgfl3,0.2098647356033325,0.1380472183227539,-0.6576045155525208,0.6859403661825346,-0.9631368517875672,-0.6576045155525208,0.0026521676697394,-3.37992525100708,-0.6576045155525208,0.0209695321306944,-2.745203733444214
Sh3gl3,0.0,0.0,0.0,0.9888502385877284,0.1005259156227111,0.0,1.0,0.0,0.0,1.0,0.0
Saxo2,0.0,0.0,0.0,0.9888502385877284,0.1005259156227111,0.0,1.0,0.0,0.0,1.0,0.0
Efl1,0.1007145270705223,0.1194685623049736,0.2601353824138641,0.2128775059647702,1.7542742490768433,0.2601353824138641,0.4617219753001744,1.0825426578521729,0.2601353824138641,0.5693548850678648,0.92256098985672
Mex3b,0.0616441629827022,0.0145899718627333,-2.113145112991333,0.6937162859334524,-0.9531290531158448,-2.113145112991333,8.978890410099376e-06,-4.808085441589356,-2.113145112991333,0.0015863316044684,-3.591691017150879
Tmc3,0.0,0.0019473450956866,20.89448356628418,0.9888502385877284,0.1678170263767242,20.89448356628418,0.4679991859106411,1.0,20.89448356628418,0.5282133287683867,1.0
Stard5,0.0361190289258956,0.0307665187865495,-0.2352804988622665,0.9888502385877284,0.3157678842544555,-0.2352804988622665,0.7679592425561268,-0.5472180247306824,-0.2352804988622665,0.852210170700223,-0.4547439515590668
Il16,0.5196008086204529,0.3377468287944793,-0.7619838714599609,9.37352540810444e-05,-4.320896625518799,-0.7619838714599609,1.2479832796858634e-08,-6.072723865509033,-0.7619838714599609,5.718526571252157e-06,-4.963234901428223
Tlnrd1,0.0355978235602378,0.0706769376993179,1.0149788856506348,0.0849393947835054,2.2091801166534424,1.0149788856506348,0.012277088644919,2.8837480545043945,1.0149788856506348,0.0353088199327788,2.542475938796997
Mesd,0.1744890958070755,0.0989852398633956,-0.8735567927360535,0.7125385991634161,-0.9278108477592468,-0.8735567927360535,0.0001464841614094,-4.167065143585205,-0.8735567927360535,0.0038741776616942,-3.317929983139038
Abhd17c,0.0518489181995391,0.0710857063531875,0.4692641794681549,0.2602974941183441,1.6424709558486938,0.4692641794681549,0.268244584217673,1.4767649173736572,0.4692641794681549,0.3961934430433523,1.2655737400054932
Arnt2,0.0,0.0,0.0,0.9888502385877284,0.1005259156227111,0.0,1.0,0.0,0.0,1.0,0.0
Fah,0.0075074145570397,0.0323722995817661,2.1263675689697266,0.5079224100978598,1.2058628797531128,2.1263675689697266,0.0058420377001298,3.1392951011657715,2.1263675689697266,0.0119151594277775,2.950138807296753
Zfand6,0.5605888962745667,0.6229819059371948,0.201667308807373,0.3441098338635801,1.4744298458099363,0.201667308807373,0.1222617956440231,1.9235111474990845,0.201667308807373,0.2395385594429523,1.6094913482666016
Vmn2r66,0.0,0.0,0.0,0.9888502385877284,0.1005259156227111,0.0,1.0,0.0,0.0,1.0,0.0
Vmn2r79,0.0021523935720324,0.0,-21.039064407348636,0.9888502385877284,0.0342056974768638,-21.039064407348636,0.2942789202292576,-1.414209485054016,-21.039064407348636,0.5299909986835808,-0.9910882711410522
Tyr,0.0,0.0,0.0,0.9888502385877284,0.1005259156227111,0.0,1.0,0.0,0.0,1.0,0.0
Ctsc,0.2803574204444885,0.8093615770339966,1.9455558061599727,3.339862455262018e-46,14.536748886108398,1.9455558061599727,1.2475470666588411e-53,16.9144287109375,1.9455558061599727,9.79725398567902e-43,14.798429489135742
Rab38,0.0009027667110785,0.0,-19.78464698791504,0.9888502385877284,0.0673658028244972,-19.78464698791504,0.4679991859106411,-1.0,-19.78464698791504,0.6832027011037286,-0.7008072733879089
Tmem135,0.0446816459298133,0.1373467892408371,1.6879265308380127,0.0001855309057831,4.155767917633057,1.6879265308380127,1.103654501522377e-07,5.715170383453369,1.6879265308380127,1.6318352312278912e-06,5.223940849304199
Fzd4,0.0011468431912362,0.0,-20.13006591796875,0.9888502385877284,0.0673658028244972,-20.13006591796875,0.4679991859106411,-1.0,-20.13006591796875,0.6832027011037286,-0.7008072733879089
Me3,0.0011247643269598,0.0,-20.10200500488281,0.9888502385877284,0.0673658028244972,-20.10200500488281,0.4679991859106411,-1.0,-20.10200500488281,0.6832027011037286,-0.7008072733879089
Hikeshi,0.2225976139307022,0.4210682809352875,1.0704472064971924,3.254968599760325e-12,7.325023174285889,1.0704472064971924,1.0796405391792584e-12,7.556288719177246,1.0704472064971924,1.0785060657027863e-09,6.537114143371582
Eed,0.2272405475378036,0.2656293511390686,0.2540221512317657,0.0397993197295404,2.5293543338775635,0.2540221512317657,0.2276367732914472,1.5742522478103638,0.2540221512317657,0.3598207301148704,1.3339428901672363
Picalm,0.4976029694080353,0.703447163105011,0.6627026796340942,5.616400081950252e-07,5.394865989685059,0.6627026796340942,8.425239415014147e-09,6.151455879211426,0.6627026796340942,1.4688216366518973e-06,5.240553379058838
Ccdc83,0.0,0.0,0.0,0.9888502385877284,0.1005259156227111,0.0,1.0,0.0,0.0,1.0,0.0
Sytl2,0.0435845553874969,0.3625536262989044,3.2941713333129883,2.4138306627634175e-23,10.268580436706545,3.2941713333129883,3.0617592562638776e-31,12.76402759552002,3.2941713333129883,1.7106658236190914e-29,12.271821022033691
Ccdc89,0.0,0.0,0.0,0.9888502385877284,0.1005259156227111,0.0,1.0,0.0,0.0,1.0,0.0
Crebzf,0.3052860200405121,0.3543377816677093,0.2522885799407959,0.0373588232575859,2.5540003776550293,0.2522885799407959,0.1603677834142347,1.7811232805252075,0.2522885799407959,0.2807510094398427,1.509679675102234
Tmem126a,0.2140832096338272,0.627380907535553,1.8701307773590088,1.5431590873400552e-34,12.543856620788574,1.8701307773590088,5.880303510735331e-40,14.360669136047363,1.8701307773590088,7.693719927631684e-33,12.790387153625488
Tmem126b,0.1104558035731315,0.1129041090607643,0.0334276482462883,0.4561463972592423,1.2869707345962524,0.0334276482462883,1.0,0.145089715719223,0.0334276482462883,1.0,0.1215432658791542
Dlg2,0.0011731451377272,0.0077903610654175,2.7360846996307373,0.9888502385877284,0.4034479856491089,2.7360846996307373,0.1737068035608312,1.7392584085464478,2.7360846996307373,0.2207510692840718,1.6594403982162476
Ccdc90b,0.0465334877371788,0.0286200623959302,-0.7142452597618103,0.9888502385877284,0.0687101334333419,-0.7142452597618103,0.1526063276490781,-1.8067597150802608,-0.7142452597618103,0.3095847535070472,-1.445835828781128
Ankrd42,0.0,0.0016905516386032,20.690282821655277,0.9888502385877284,0.1678170263767242,20.690282821655277,0.4679991859106411,1.0,20.690282821655277,0.5282133287683867,1.0
Pcf11,0.3543103337287903,0.3488296568393707,-0.0266753062605857,0.8700933060376965,0.7351237535476685,-0.0266753062605857,1.0,-0.1898371279239654,-0.0266753062605857,1.0,-0.1594457328319549
Rab30,0.0,0.0,0.0,0.9888502385877284,0.1005259156227111,0.0,1.0,0.0,0.0,1.0,0.0
Ddias,0.014712962321937,0.0200113542377948,0.4475640952587127,0.7612454309006002,0.8657476902008057,0.4475640952587127,0.5897732589062625,0.8059126138687134,0.4475640952587127,0.6982983559863992,0.6791062355041504
Prcp,0.0874080285429954,0.0962828323245048,0.1460126936435699,0.4535656247872943,1.291003704071045,0.1460126936435699,0.7710661690180466,0.5428963899612427,0.1460126936435699,0.8495029343949624,0.4583716988563537
Tenm4,0.0,0.0,0.0,0.9888502385877284,0.1005259156227111,0.0,1.0,0.0,0.0,1.0,0.0
Nars2,0.0412659458816051,0.0235030706971883,-0.8249849081039429,0.9888502385877284,-0.0533997230231761,-0.8249849081039429,0.1077646800808287,-1.986373782157898,-0.8249849081039429,0.2508215017602651,-1.582877278327942
Gab2,0.0014404184184968,0.0,-20.459096908569336,0.9888502385877284,0.0342056974768638,-20.459096908569336,0.3808215461283178,-1.2241127490997314,-20.459096908569336,0.6113683728925282,-0.8578671216964722
Usp35,0.0068542789667844,0.009913838468492,0.5346489548683167,0.9888502385877284,0.2362284213304519,0.5346489548683167,0.7416504380543093,0.5847358107566833,0.5346489548683167,0.8119819011590031,0.513434648513794
Kctd21,0.0026828623376786,0.0017415902111679,-0.6240466833114624,0.9888502385877284,0.1013474464416503,-0.6240466833114624,0.8963071841943576,-0.364592581987381,-0.6240466833114624,0.9612487391962752,-0.2914771139621734
Alg8,0.0344456508755683,0.020846938714385,-0.7343407869338989,0.9888502385877284,0.3071044087409973,-0.7343407869338989,0.176474028502903,-1.7251163721084597,-0.7343407869338989,0.3507358915790895,-1.3525501489639282
Ndufc2,0.6141217350959778,0.9309179782867432,0.8577719330787659,3.669574624277608e-15,8.208471298217773,0.8577719330787659,8.360490290182542e-18,9.087162017822266,0.8577719330787659,3.876031659102002e-13,7.736623764038086
Kctd14,0.0011468431912362,0.0023216546978801,1.0183323621749878,0.9888502385877284,0.201798677444458,1.0183323621749878,0.753252908677179,0.5692879557609558,1.0183323621749878,0.824413100096285,0.4955023229122162
Ints4,0.057517971843481,0.0706975311040878,0.3072556555271148,0.4881312355383186,1.2363343238830566,0.3072556555271148,0.4723779365906711,0.9916130304336548,0.3072556555271148,0.6177405778606958,0.8476753234863281
Aamdc,0.1707297563552856,0.1542052775621414,-0.1591052263975143,0.8802826812757306,0.7229501008987427,-0.1591052263975143,0.5778449922360893,-0.8240351676940918,-0.1591052263975143,0.6951935499363923,-0.6831852793693542
Rsf1,0.4610458314418793,0.3097668588161468,-0.6898438930511475,0.00530582297025,-3.233484029769897,-0.6898438930511475,2.388661346270144e-06,-5.089800834655762,-0.6898438930511475,0.000173051446433,-4.180980682373047
Clns1a,0.3225660026073456,0.4081312119960785,0.4049108326435089,0.0034187661275646,3.368962526321411,0.4049108326435089,0.0058038147013056,3.13517427444458,0.4049108326435089,0.0270992052363406,2.646373987197876
Aqp11,0.0139295402914285,0.0013097256887704,-3.4199249744415283,0.9888502385877284,-0.2310004830360412,-3.4199249744415283,0.0091331359980629,-2.9841909408569336,-3.4199249744415283,0.0880801448428009,-2.1443302631378174
Pak1,0.0227486472576856,0.0,-24.455718994140625,0.9888502385877284,-0.5295161604881287,-24.455718994140625,7.862477665906314e-05,-4.324344635009766,-24.455718994140625,0.009559030575556,-3.030531883239746
Myo7a,0.0098662981763482,0.0049108429811894,-1.0101170539855957,0.9994412017932364,0.0019418081501498,-1.0101170539855957,0.4291329221744531,-1.138156533241272,-1.0101170539855957,0.5821315785171718,-0.90324068069458
Capn5,0.0,0.0,0.0,0.9888502385877284,0.1005259156227111,0.0,1.0,0.0,0.0,1.0,0.0
Acer3,0.0476681850850582,0.041471529752016,-0.2054087221622467,0.944091858231643,0.6431118845939636,-0.2054087221622467,0.7416504380543093,-0.5845904350280762,-0.2054087221622467,0.8368336576662283,-0.4784682691097259
Emsy,0.3026474714279175,0.2253315895795822,-0.4838111996650696,0.9461137019097396,-0.6372864842414856,-0.4838111996650696,0.0059105754168505,-3.1278233528137207,-0.4838111996650696,0.0349007427679233,-2.547656536102295
Thap12,0.1776197999715805,0.159214049577713,-0.171474203467369,0.7373752672946898,0.8941279649734497,-0.171474203467369,0.5279661912418361,-0.901266872882843,-0.171474203467369,0.6832027011037286,-0.7450035214424133
Wnt11,0.0,0.002423875266686,21.210634231567383,0.9888502385877284,0.1678170263767242,21.210634231567383,0.4679991859106411,1.0,21.210634231567383,0.5282133287683867,1.0
Uvrag,0.3117847740650177,0.2205042839050293,-0.5685057044029236,0.3206142379546234,-1.517298936843872,-0.5685057044029236,0.0006836014542325,-3.768042802810669,-0.5685057044029236,0.0080524511438335,-3.0803062915802
Dgat2,0.0,0.0,0.0,0.9888502385877284,0.1005259156227111,0.0,1.0,0.0,0.0,1.0,0.0
Map6,0.0,0.0137347290292382,23.72124481201172,0.838242944553846,0.7734370827674866,23.72124481201172,0.0076830703741519,3.0527989864349365,23.72124481201172,0.0089665439653107,3.0527989864349365
Gdpd5,0.0083708204329013,0.04877395555377,2.571953535079956,0.1936982880812675,1.8058815002441408,2.571953535079956,0.0001577505482757,4.168066024780273,2.571953535079956,0.0004241093865732,3.956588506698608
Klhl35,0.004032127559185,0.0077808769419789,0.9510982632637024,0.9888502385877284,0.2367512285709381,0.9510982632637024,0.5658123050314485,0.843052327632904,0.9510982632637024,0.6737398252997012,0.7649877667427063
Rps3,4.053224086761475,3.544163942337036,-0.7514417171478271,1.2047951873360782e-147,-26.09580993652344,-0.7514417171478271,4.3105751476188604e-182,-37.70398712158203,-0.7514417171478271,1.052214900653587e-151,-32.67714309692383
Arrb1,0.0472976192831993,0.024919506162405,-0.9407317638397216,0.9888502385877284,-0.1870110630989074,-0.9407317638397216,0.0582371093091966,-2.271336793899536,-0.9407317638397216,0.1703060569599397,-1.809222221374512
Tpbgl,0.002308800118044,0.0,-21.140378952026367,0.9888502385877284,0.0342056974768638,-21.140378952026367,0.2942789202292576,-1.4147473573684692,-21.140378952026367,0.5299909986835808,-0.9914652705192566
Slco2b1,0.0,0.0,0.0,0.9888502385877284,0.1005259156227111,0.0,1.0,0.0,0.0,1.0,0.0
Neu3,0.0059219216927886,0.0063811861909925,0.1080908328294754,0.9888502385877284,0.2025455236434936,0.1080908328294754,1.0,0.1088537648320198,0.1080908328294754,1.0,0.0916154384613037
Spcs2,1.0023584365844729,1.2067697048187256,0.4418078660964966,2.5260583564615405e-05,4.621578216552734,0.4418078660964966,2.1549852858291964e-08,5.982308864593506,0.4418078660964966,5.3039059256025584e-06,4.977812767028809
Xrra1,0.0,0.0,0.0,0.9888502385877284,0.1005259156227111,0.0,1.0,0.0,0.0,1.0,0.0
Rnf169,0.0709196999669075,0.0908536165952682,0.3719308078289032,0.2101488841870161,1.7614439725875854,0.3719308078289032,0.3170963850685255,1.353656530380249,0.3719308078289032,0.45724948706434,1.1525638103485107
Pold3,0.0950341522693634,0.2242032140493393,1.3339422941207886,4.331519606372159e-07,5.444157600402832,1.3339422941207886,7.113720349327788e-09,6.19877290725708,1.3339422941207886,3.111516183294101e-07,5.544459819793701
Lipt2,0.0107851736247539,0.0037920174654573,-1.5130622386932373,0.9888502385877284,0.0351019166409969,-1.5130622386932373,0.1643450634315113,-1.7681174278259275,-1.5130622386932373,0.3638524393519239,-1.325882911682129
Pgm2l1,0.0629252716898918,0.1131218671798706,0.8829064965248108,0.0733860235167105,2.2755751609802246,0.8829064965248108,0.0082589925932945,3.020500421524048,0.8829064965248108,0.0248221811491313,2.681220769882202
P4ha3,0.0,0.0,0.0,0.9888502385877284,0.1005259156227111,0.0,1.0,0.0,0.0,1.0,0.0
Ppme1,0.1326184421777725,0.1589065641164779,0.2803206443786621,0.04548821090449,2.4762535095214844,0.2803206443786621,0.3052761156705577,1.3804031610488892,0.2803206443786621,0.4499912287561113,1.1654860973358154
C2cd3,0.1633613258600235,0.1724930256605148,0.0852430090308189,0.1864304038481153,1.8264199495315552,0.0852430090308189,0.8331966084070097,0.4538480043411255,0.0852430090308189,0.90253269668118,0.3809356391429901
Ucp2,0.8643397092819214,1.4570339918136597,1.261701226234436,9.198629286500039e-43,13.979300498962402,1.261701226234436,1.1158561755601138e-49,15.966912269592283,1.261701226234436,5.625378528930323e-36,13.445034980773926
Dnajb13,0.0051276888698339,0.0639593377709388,3.6834564208984375,0.0185484141653162,2.816816806793213,3.6834564208984375,1.1795158123704846e-07,5.72730016708374,3.6834564208984375,2.956367657985608e-07,5.584463596343994
Coa4,0.0560834556818008,0.0854710936546325,0.6293100118637085,0.1569240192677356,1.9167139530181885,0.6293100118637085,0.0821693484551844,2.1172521114349365,0.6293100118637085,0.1595790906581424,1.843217134475708
Mrpl48,0.205551415681839,0.2543539404869079,0.3438896238803863,0.0192539501789789,2.80344820022583,0.3438896238803863,0.0838845025373156,2.1068310737609863,0.3438896238803863,0.1771255511355602,1.787868857383728
Rab6a,0.1631868779659271,0.2118563652038574,0.4127655327320099,0.0360077692063065,2.568563938140869,0.4127655327320099,0.0678079310344615,2.203508138656616,0.4127655327320099,0.1437859885275194,1.8970547914505005
Plekhb1,0.0,0.0,0.0,0.9888502385877284,0.1005259156227111,0.0,1.0,0.0,0.0,1.0,0.0
Fam168a,0.1229028403759002,0.1042616590857505,-0.2510107159614563,0.9888502385877284,0.2774544954299927,-0.2510107159614563,0.4679991859106411,-1.031350016593933,-0.2510107159614563,0.6094042990340347,-0.8611136078834534
Relt,0.1018845736980438,0.1017768532037735,-0.0016051938291639,0.7817161803386683,0.8428940773010254,-0.0016051938291639,1.0,-0.0064898212440311,-0.0016051938291639,1.0,-0.005464591551572
Arhgef17,0.0,0.0017208192730322,20.71590614318848,0.9888502385877284,0.1678170263767242,20.71590614318848,0.4679991859106411,1.0,20.71590614318848,0.5282133287683867,1.0
P2ry6,0.0,0.0,0.0,0.9888502385877284,0.1005259156227111,0.0,1.0,0.0,0.0,1.0,0.0
P2ry2,0.0,0.0,0.0,0.9888502385877284,0.1005259156227111,0.0,1.0,0.0,0.0,1.0,0.0
Fchsd2,0.3711903691291809,0.2263943403959274,-0.8229629397392273,0.003647940714888,-3.3489468097686768,-0.8229629397392273,2.2438808088913407e-07,-5.55186939239502,-0.8229629397392273,4.067593938236273e-05,-4.531510829925537
Atg16l2,0.0746384188532829,0.1380425989627838,0.9336701035499572,0.0015001441700914,3.608626365661621,0.9336701035499572,0.0007374848981474,3.752570390701294,0.9336701035499572,0.0043500384509242,3.280355215072632
Stard10,0.0151272220537066,0.2411446422338485,4.161197185516357,9.818775268871035e-17,8.644183158874512,4.161197185516357,1.0259269520890104e-27,11.959883689880373,4.161197185516357,9.249017752371863e-27,11.68564224243164
Arap1,0.0938473865389823,0.0849713906645774,-0.1498376429080963,0.9888502385877284,0.4103190004825592,-0.1498376429080963,0.759045418210528,-0.5607383847236633,-0.1498376429080963,0.8415025233393681,-0.4712553024291992
Pde2a,0.0345655120909214,0.0421165563166141,0.2905357778072357,0.8828114982165706,0.7202614545822144,0.2905357778072357,0.6598358178299566,0.7006620168685913,0.2905357778072357,0.7465886662073834,0.6076774001121521
Art2b,0.3197634518146515,0.1226901039481163,-1.5293809175491333,2.279058486823948e-05,-4.644655704498291,-1.5293809175491333,6.65998085426142e-16,-8.498621940612793,-1.5293809175491333,4.525853184265002e-10,-6.699323654174805
Clpb,0.071901150047779,0.0931639596819877,0.3893057405948639,0.1300416124860066,2.010817050933838,0.3893057405948639,0.2813764894032852,1.4473750591278076,0.3893057405948639,0.4146632298782643,1.232432246208191
Inppl1,0.0012015176471322,0.0185541398823261,3.961348295211792,0.7033290358579104,0.9411794543266296,3.961348295211792,0.0052178008652955,3.180210590362549,3.961348295211792,0.0076488731019672,3.103212833404541
Anapc15,0.1718898564577102,0.2321060001850128,0.4781976640224457,0.0122995131449054,2.9611079692840576,0.4781976640224457,0.0242348429829214,2.632046937942505,0.4781976640224457,0.0668045029232795,2.269312858581543
Tomt,0.0,0.0,0.0,0.9888502385877284,0.1005259156227111,0.0,1.0,0.0,0.0,1.0,0.0
Lamtor1,0.4499887824058532,0.716741681098938,0.8825835585594177,3.429023998405332e-12,7.3174052238464355,0.8825835585594177,1.6135644331580957e-15,8.426993370056152,0.8825835585594177,2.094679627969372e-11,7.157980918884277
Lrrc51,0.0049166572280228,0.003651785897091,-0.4299885034561157,0.9888502385877284,0.0693076103925705,-0.4299885034561157,0.9051430637576686,-0.3524357080459595,-0.4299885034561157,0.956519522183716,-0.2988528311252594
Numa1,0.4940961599349975,0.3703195750713348,-0.5117184519767761,0.0157706561391329,-2.874921560287476,-0.5117184519767761,0.0001338753696252,-4.19080114364624,-0.5117184519767761,0.002679497826489,-3.429295063018799
Il18bp,0.0268242880702018,0.0203135814517736,-0.4058100581169128,0.9888502385877284,0.1961226165294647,-0.4058100581169128,0.5939485363207754,-0.7988816499710083,-0.4058100581169128,0.7149853632097178,-0.654310405254364
Rnf121,0.0547901727259159,0.1459563076496124,1.480409860610962,0.0001006840462156,4.304540634155273,1.480409860610962,2.765877498391951e-07,5.536393165588379,1.480409860610962,5.051470529822648e-06,4.989066123962402
Xndc1,0.0884278565645217,0.0883702933788299,-0.000981792458333,0.6986412028181964,0.946930170059204,-0.000981792458333,1.0,-0.0037192832678556,-0.000981792458333,1.0,-0.0031337458640336
Xntrpc,0.001179032260552,0.0018665452953428,0.6632629632949829,0.9888502385877284,0.1345822364091873,0.6632629632949829,0.9334790655084626,0.3114105761051178,0.6632629632949829,0.9728965301322114,0.2735985517501831
Art5,0.0010809679515659,0.0022778289858251,1.0761985778808594,0.9888502385877284,0.1347316056489944,1.0761985778808594,0.8190960566356145,0.4746983647346496,1.0761985778808594,0.8654984821145443,0.4350728988647461
Art1,0.0058175083249807,0.0,-22.47616958618164,0.9888502385877284,-0.0652746260166168,-22.47616958618164,0.0628961894949013,-2.2383217811584477,-22.47616958618164,0.257289214936744,-1.5686322450637815
Nup98,0.2136310786008834,0.2297116667032241,0.116730511188507,0.2120272856005264,1.7568135261535645,0.116730511188507,0.665832874831154,0.6919870972633362,0.116730511188507,0.7617694065999894,0.5850911736488342
Pgap2,0.1094137802720069,0.162380650639534,0.6086578369140625,0.0132114582811592,2.935939311981201,0.6086578369140625,0.0177419491642941,2.74924635887146,0.6086578369140625,0.0522931406648375,2.376537561416626
Rhog,0.30941903591156,0.554115891456604,1.0297966003417969,4.661838933133624e-13,7.588436603546143,1.0297966003417969,3.2179356493493804e-14,8.0458984375,1.0297966003417969,7.495214597155943e-11,6.962754726409912
Stim1,0.5172885656356812,0.4274635314941406,-0.345045268535614,0.1429882156295441,-1.963168025016785,-0.345045268535614,0.0118477669855731,-2.893958568572998,-0.345045268535614,0.0512982055387153,-2.384725570678711
Rrm1,0.1072704344987869,0.2810026109218597,1.5187040567398071,3.641347615792672e-09,6.27383279800415,1.5187040567398071,3.143542589038312e-12,7.432350635528564,1.5187040567398071,3.4431422774944183e-10,6.7308735847473145
Olfr543,0.0,0.0,0.0,0.9888502385877284,0.1005259156227111,0.0,1.0,0.0,0.0,1.0,0.0
Olfr544,0.0,0.0,0.0,0.9888502385877284,0.1005259156227111,0.0,1.0,0.0,0.0,1.0,0.0
Olfr545,0.0,0.0,0.0,0.9888502385877284,0.1005259156227111,0.0,1.0,0.0,0.0,1.0,0.0
Trim21,0.118730328977108,0.1024905741214752,-0.2241276651620865,0.9668220673802452,0.6133872866630554,-0.2241276651620865,0.4939542006705361,-0.9565681219100952,-0.2241276651620865,0.6562202726646835,-0.7910657525062561
Olfr552,0.0009876359254121,0.0,-19.91433334350586,0.9888502385877284,0.0673658028244972,-19.91433334350586,0.4679991859106411,-1.0,-19.91433334350586,0.6832027011037286,-0.7008072733879089
Trim68,0.020232867449522,0.0194002632051706,-0.0612271651625633,0.9888502385877284,0.2981422245502472,-0.0612271651625633,1.0,-0.1113357841968536,-0.0612271651625633,1.0,-0.0935583636164665
Hbb-bt,0.0038040545769035,0.0,-21.861852645874023,0.9994412017932364,0.0010455889860168,-21.861852645874023,0.1769613266762458,-1.7233397960662842,-21.861852645874023,0.4268589902523644,-1.2077289819717407
Hbb-bs,0.0074352552182972,0.0015338213415816,-2.281511068344116,0.9994412017932364,0.001643068389967,-2.281511068344116,0.2423552437339574,-1.5365923643112185,-2.281511068344116,0.4747801005405792,-1.1234092712402344
Olfr633,0.0,0.0,0.0,0.9888502385877284,0.1005259156227111,0.0,1.0,0.0,0.0,1.0,0.0
Olfr635,0.0,0.0,0.0,0.9888502385877284,0.1005259156227111,0.0,1.0,0.0,0.0,1.0,0.0
Olfr639,0.0020880361553281,0.0,-20.995222091674805,0.9888502385877284,0.0342056974768638,-20.995222091674805,0.2942789202292576,-1.4109174013137815,-20.995222091674805,0.5299909986835808,-0.9887811541557312
Trim6,0.0019728993065655,0.006418562028557,1.7051414251327517,0.9888502385877284,0.3030714392662048,1.7051414251327517,0.3793829876166176,1.2273157835006714,1.7051414251327517,0.4634368621689923,1.1426191329956057
Trim34a,0.1724335551261901,0.2795710861682892,0.7773663401603699,0.0001207168942565,4.260700225830078,0.7773663401603699,0.0001217439006054,4.220838069915772,0.7773663401603699,0.0011092855511133,3.6872997283935542
Trim5,0.2038232833147049,0.3434981405735016,0.85832679271698,5.6928211143050455e-06,4.937047004699707,0.85832679271698,2.676912417493559e-06,5.077744483947754,0.85832679271698,5.640488409215292e-05,4.451762676239014
Trim12a,0.7312851548194885,0.6508015394210815,-0.2329068779945373,0.0433961776914727,-2.496044874191284,-0.2329068779945373,0.0617268022650696,-2.246171474456787,-0.2329068779945373,0.1497029626755905,-1.8772966861724851
Trim34b,0.0010645929723978,0.0,-20.022640228271484,0.9888502385877284,0.0673658028244972,-20.022640228271484,0.4679991859106411,-1.0,-20.022640228271484,0.6832027011037286,-0.7008072733879089
Trim12c,0.4254012107849121,0.6284468173980713,0.7222346067428589,2.0437701728797899e-07,5.583594799041748,0.7222346067428589,3.638711067467718e-08,5.89916467666626,0.7222346067428589,3.103722931271024e-06,5.088342666625977
Trim30b,0.0090151596814394,0.0017369446577504,-2.381055355072021,0.9888502385877284,-0.0980613082647323,-2.381055355072021,0.1035750246385987,-2.00697660446167,-2.381055355072021,0.2869054203603501,-1.4965671300888062
Trim30c,0.0606872737407684,0.0027048310730606,-4.529829502105713,0.3909167396906442,-1.391529560089111,-4.529829502105713,1.6851043104290787e-09,-6.414327144622803,-4.529829502105713,3.2726518300632235e-05,-4.601248264312744
Trim30a,0.4714694619178772,0.7635607123374939,0.927818775177002,5.900421468171571e-13,7.557069301605225,0.927818775177002,4.6969087229478256e-14,7.993472576141357,0.927818775177002,1.0375874939219958e-10,6.912284851074219
Trim30d,0.1252709478139877,0.124406062066555,-0.0106318369507789,0.8665189646089876,0.7409491539001465,-0.0106318369507789,1.0,-0.0442038774490356,-0.0106318369507789,1.0,-0.0377475321292877
Olfr655,0.0011637312127277,0.0,-20.151166915893555,0.9888502385877284,0.0342056974768638,-20.151166915893555,0.3547537371920704,-1.275824785232544,-20.151166915893555,0.5886768680242228,-0.8941072821617126
Olfr671,0.0,0.0,0.0,0.9888502385877284,0.1005259156227111,0.0,1.0,0.0,0.0,1.0,0.0
Olfr675,0.0010515280300751,0.0,-20.00481605529785,0.9888502385877284,0.0673658028244972,-20.00481605529785,0.4679991859106411,-1.0,-20.00481605529785,0.6832027011037286,-0.7008072733879089
Olfr678,0.0,0.0005289735854603,19.013219833374023,0.9888502385877284,0.1678170263767242,19.013219833374023,0.4679991859106411,1.0,19.013219833374023,0.5282133287683867,1.0
Fam160a2,0.051013633608818,0.0914231240749359,0.8711716532707214,0.2693842326647688,1.622455358505249,0.8711716532707214,0.0233247662560189,2.647949457168579,0.8711716532707214,0.0534841289519525,2.366919040679932
Cavin3,0.0,0.0,0.0,0.9888502385877284,0.1005259156227111,0.0,1.0,0.0,0.0,1.0,0.0
Smpd1,0.0910742655396461,0.11823121458292,0.396426796913147,0.1367000759945791,1.9859468936920168,0.396426796913147,0.2022038717123785,1.6427537202835083,0.396426796913147,0.3263308940324332,1.4071816205978394
Apbb1,0.0034753202926367,0.0097507750615477,1.4929025173187256,0.9888502385877284,0.4034479856491089,1.4929025173187256,0.2958570471937217,1.4042472839355469,1.4929025173187256,0.3901705477099123,1.2766683101654053
Trim3,0.0078227622434496,0.0123353097587823,0.660304605960846,0.9888502385877284,0.4025517702102661,0.660304605960846,0.5714280261536313,0.8339982032775879,0.660304605960846,0.6832027011037286,0.7289942502975464
Arfip2,0.0602677725255489,0.0857547149062156,0.5274381041526794,0.1325033093705512,2.001406669616699,0.5274381041526794,0.1356555069766478,1.8700114488601685,0.5274381041526794,0.2417026592161504,1.60431706905365
Timm10b,0.4085486531257629,0.5503680109977722,0.5403326153755188,9.302253267708138e-05,4.322763442993164,0.5403326153755188,1.959196825991352e-05,4.643713474273682,0.5403326153755188,0.0004520828622305,3.932805299758911
Gm45799,0.0012693320168182,0.0038357737939804,1.597299575805664,0.9888502385877284,0.3362315595149994,1.597299575805664,0.4679991859106411,1.0557457208633425,1.597299575805664,0.5632569736494889,0.9322470426559448
Dnhd1,0.0020454700570553,0.0,-20.965476989746094,0.9888502385877284,0.0342056974768638,-20.965476989746094,0.2942789202292576,-1.4137300252914429,-20.965476989746094,0.5299909986835808,-0.9907522797584534
Rrp8,0.1088932156562805,0.1515826433897018,0.5086527466773987,0.027804808648896,2.667222738265991,0.5086527466773987,0.0577991170217841,2.27576756477356,0.5086527466773987,0.1252930639078039,1.9697887897491453
Ilk,0.2825666666030884,0.449883371591568,0.7990028858184814,3.7915312098546525e-08,5.881736755371094,0.7990028858184814,3.243290990588116e-08,5.918056011199951,0.7990028858184814,3.317908989126197e-06,5.0747270584106445
Taf10,1.0985121726989746,1.3397661447525024,0.4949652850627899,3.9890699949431465e-08,5.872476100921631,0.4949652850627899,2.740509319401185e-11,7.062103271484375,0.4949652850627899,5.0911511265894375e-08,5.8787031173706055
Tpp1,0.131660059094429,0.1572155952453613,0.2748046815395355,0.0685437955341671,2.305224895477295,0.2748046815395355,0.336233794774194,1.3141120672225952,0.2748046815395355,0.4810137176195467,1.1128545999526978
Mrpl17,0.280121386051178,0.347661405801773,0.3628953099250793,0.0115568633703624,2.9820945262908936,0.3628953099250793,0.0325603177621916,2.51555609703064,0.3628953099250793,0.0877280005646725,2.143660068511963
Gm4070,0.1110906153917312,0.2339108437299728,1.1653635501861572,3.236897278905854e-05,4.566460609436035,1.1653635501861572,9.982679821493691e-07,5.283685684204102,1.1653635501861572,1.6453993549462636e-05,4.734050750732422
Gvin1,0.0789371579885482,0.1361008882522583,0.8278734683990479,0.01974341718271,2.7944111824035645,0.8278734683990479,0.0040854606921105,3.2510573863983154,0.8278734683990479,0.0148574976689338,2.8695991039276123
Olfr695,0.0009871663060039,0.0,-19.913646697998047,0.9888502385877284,0.0673658028244972,-19.913646697998047,0.4679991859106411,-1.0,-19.913646697998047,0.6832027011037286,-0.7008072733879089
Olfr715b,0.0,0.0,0.0,0.9888502385877284,0.1005259156227111,0.0,1.0,0.0,0.0,1.0,0.0
Olfr716,0.0,0.0,0.0,0.9888502385877284,0.1005259156227111,0.0,1.0,0.0,0.0,1.0,0.0
Ppfibp2,0.0,0.0015084893675521,20.5257625579834,0.9888502385877284,0.1678170263767242,20.5257625579834,0.4679991859106411,1.0,20.5257625579834,0.5282133287683867,1.0
Olfr472,0.001147621194832,0.0,-20.131044387817383,0.9888502385877284,0.0673658028244972,-20.131044387817383,0.4679991859106411,-1.0,-20.131044387817383,0.6832027011037286,-0.7008072733879089
Olfr482,0.0,0.0016789631918072,20.68035125732422,0.9888502385877284,0.1678170263767242,20.68035125732422,0.4679991859106411,1.0,20.68035125732422,0.5282133287683867,1.0
Olfr506,0.0,0.0,0.0,0.9888502385877284,0.1005259156227111,0.0,1.0,0.0,0.0,1.0,0.0
Nlrp10,0.0,0.0,0.0,0.9888502385877284,0.1005259156227111,0.0,1.0,0.0,0.0,1.0,0.0
Eif3f,1.844548583030701,2.053567409515381,0.3517664074897766,1.5142588200659898e-08,6.038052558898926,0.3517664074897766,1.91608093701026e-12,7.443454265594482,0.3517664074897766,1.853015901684056e-08,6.06191873550415
Tub,0.0,0.0,0.0,0.9888502385877284,0.1005259156227111,0.0,1.0,0.0,0.0,1.0,0.0
Ric3,0.0,0.0,0.0,0.9888502385877284,0.1005259156227111,0.0,1.0,0.0,0.0,1.0,0.0
Lmo1,0.0,0.0017976310336962,20.778963088989254,0.9888502385877284,0.1678170263767242,20.778963088989254,0.4679991859106411,1.0,20.778963088989254,0.5282133287683867,1.0
Trim66,0.0,0.0,0.0,0.9888502385877284,0.1005259156227111,0.0,1.0,0.0,0.0,1.0,0.0
Rpl27a,4.264867305755615,3.7524027824401855,-0.7531614899635315,4.851642550831579e-143,-25.67966651916504,-0.7531614899635315,2.127169753934038e-177,-36.7747917175293,-0.7531614899635315,5.906693020928803e-146,-31.770774841308597
St5,0.0,0.0,0.0,0.9888502385877284,0.1005259156227111,0.0,1.0,0.0,0.0,1.0,0.0
Akip1,0.0597128644585609,0.1505229771137237,1.4005231857299805,6.642453456097767e-06,4.905604839324951,1.4005231857299805,1.8222046518521685e-07,5.611618041992188,1.4005231857299805,4.981180303205667e-06,4.990814685821533
BC051019,0.0,0.0,0.0,0.9888502385877284,0.1005259156227111,0.0,1.0,0.0,0.0,1.0,0.0
Ascl3,0.0011559939011931,0.0,-20.141536712646484,0.9888502385877284,0.0673658028244972,-20.141536712646484,0.4679991859106411,-1.0,-20.141536712646484,0.6832027011037286,-0.7008072733879089
Tmem9b,0.2997235953807831,0.3589092791080475,0.3050190806388855,0.0291099027094283,2.6497466564178467,0.3050190806388855,0.0730188209693577,2.1702780723571777,0.3050190806388855,0.1615108311473929,1.8370014429092407
Nrip3,0.0,0.0,0.0,0.9888502385877284,0.1005259156227111,0.0,1.0,0.0,0.0,1.0,0.0
Dennd5a,0.0253334194421768,0.1462089568376541,2.6173574924468994,1.4342715484126362e-06,5.214800357818604,2.6173574924468994,6.313046997819474e-13,7.704268932342529,2.6173574924468994,1.1114159050330763e-11,7.289931774139404
Tmem41b,0.1095103025436401,0.168843001127243,0.6684078574180603,0.003911114286293,3.3272135257720947,0.6684078574180603,0.0068094612607267,3.084096908569336,0.6684078574180603,0.0249328601779314,2.679246425628662
Ipo7,0.1765705347061157,0.2661201953887939,0.6588107943534851,5.9385469603860174e-05,4.4289655685424805,0.6588107943534851,0.0006525362778871,3.784321546554565,0.6588107943534851,0.0047647783738786,3.2504773139953613
Zfp143,0.0850609689950943,0.0540826506912708,-0.6759365797042847,0.9994412017932364,-0.0110533693805336,-0.6759365797042847,0.0567546898478374,-2.2825584411621094,-0.6759365797042847,0.1585288969598555,-1.8470706939697263
Wee1,0.0130381034687161,0.0742471739649772,2.5540764331817627,0.0080982084044336,3.0996484756469727,2.5540764331817627,2.8187634014473e-07,5.547329425811768,2.5540764331817627,1.6610252290251742e-06,5.227879047393799
Swap70,0.0180419404059648,0.1455732583999633,3.105567216873169,4.886592964252181e-07,5.421528339385986,3.105567216873169,1.7649275745907587e-14,8.22476863861084,3.105567216873169,2.309860332995593e-13,7.868138313293457
Sbf2,0.014422470703721,0.0015084893675521,-3.2664687633514404,0.9888502385877284,-0.1977656930685043,-3.2664687633514404,0.0174718169998493,-2.754226922988892,-3.2664687633514404,0.1226965073762368,-1.9831148386001587
Adm,0.0012000848073512,0.0,-20.195571899414062,0.9888502385877284,0.0673658028244972,-20.195571899414062,0.4679991859106411,-1.0,-20.195571899414062,0.6832027011037286,-0.7008072733879089
Ampd3,0.0188616495579481,0.001727731199935,-3.4608850479125977,0.9888502385877284,-0.3970250785350799,-3.4608850479125977,0.0021459899640096,-3.443281650543213,-3.4608850479125977,0.0403486653881303,-2.490683317184448
Rnf141,0.038191583007574,0.029555344954133,-0.3761002421379089,0.9888502385877284,0.2469083666801452,-0.3761002421379089,0.5281419300567026,-0.9008118510246276,-0.3761002421379089,0.6832027011037286,-0.735827624797821
Mrvi1,0.008991896174848,0.0040569100528955,-1.15180766582489,0.9888502385877284,0.0353259705007076,-1.15180766582489,0.3822440179086207,-1.22130286693573,-1.15180766582489,0.5507840286837892,-0.9513787627220154
Ctr9,0.2069162130355835,0.2182126492261886,0.0851252526044845,0.178864664645287,1.8487507104873655,0.0851252526044845,0.8153471737050323,0.4802018105983734,0.0851252526044845,0.8875314720854025,0.4033888876438141
Eif4g2,1.0414927005767822,1.0659486055374146,0.054168377071619,0.9888502385877284,-0.3623712658882141,0.054168377071619,0.6725198399277451,0.6816046237945557,0.054168377071619,0.7714436589582973,0.5715067982673645
Usp47,0.221055194735527,0.276502400636673,0.3645386397838592,0.0149634453227149,2.892995357513428,0.3645386397838592,0.0638009798537851,2.231485605239868,0.3645386397838592,0.1424125893292641,1.9025613069534304
Dkk3,0.0,0.0,0.0,0.9888502385877284,0.1005259156227111,0.0,1.0,0.0,0.0,1.0,0.0
Mical2,0.0011859595542773,0.0073739904910326,2.6408567428588867,0.9888502385877284,0.4706644117832184,2.6408567428588867,0.1553828632188084,1.7989022731781006,2.6408567428588867,0.2066532542681965,1.6974122524261477
Tead1,0.0,0.0,0.0,0.9888502385877284,0.1005259156227111,0.0,1.0,0.0,0.0,1.0,0.0
Arntl,0.0490917339920997,0.137675940990448,1.5526185035705566,0.0007077467700522,3.814607381820679,1.5526185035705566,9.088328708766592e-07,5.3061113357543945,1.5526185035705566,1.142160986966121e-05,4.815350532531738
Btbd10,0.0598983243107795,0.1038418188691139,0.8259310722351074,0.0135104044316749,2.928395986557007,0.8259310722351074,0.0098922723091181,2.9584999084472656,0.8259310722351074,0.0332728559575449,2.5662198066711426
Far1,0.168674886226654,0.2776682376861572,0.8006611466407776,1.7611302653663342e-05,4.701042652130127,0.8006611466407776,2.2147920479016403e-05,4.620222568511963,0.8006611466407776,0.0003161611026583,4.026031017303467
Spon1,0.0194334015250206,0.0037516991142183,-2.384255886077881,0.9888502385877284,-0.3638649582862854,-2.384255886077881,0.0095461034329272,-2.9681897163391118,-2.384255886077881,0.0734670080319812,-2.2289395332336426
Rras2,0.2438644170761108,0.1769706904888153,-0.5125133395195007,0.88986941628204,-0.7122701406478882,-0.5125133395195007,0.012096317139807,-2.886543273925781,-0.5125133395195007,0.0524854284608721,-2.3751187324523926
Copb1,0.389296144247055,0.5604603886604309,0.6589477062225342,3.034607189528826e-06,5.065505027770996,0.6589477062225342,1.899690721680497e-07,5.592597961425781,0.6589477062225342,1.303671795779926e-05,4.783534526824951
Psma1,0.5473973751068115,1.0192813873291016,1.2812374830245972,1.440398281455078e-32,12.17453956604004,1.2812374830245972,3.3887068817526397e-40,14.21148681640625,1.2812374830245972,1.1726416531936664e-29,12.07608699798584
Pde3b,0.4887937009334564,0.4001712799072265,-0.3572558164596557,0.1934799371336561,-1.8064789772033687,-0.3572558164596557,0.0150792125449938,-2.8085033893585205,-0.3572558164596557,0.057161097080739,-2.338464975357056
Cyp2r1,0.0107350498437881,0.0065002609044313,-0.7268184423446655,0.9888502385877284,0.0688595026731491,-0.7268184423446655,0.5539719330715837,-0.8606991171836853,-0.7268184423446655,0.6901447281677527,-0.6907318234443665
Calca,0.0,0.0,0.0,0.9888502385877284,0.1005259156227111,0.0,1.0,0.0,0.0,1.0,0.0
Calcb,0.0,0.0,0.0,0.9888502385877284,0.1005259156227111,0.0,1.0,0.0,0.0,1.0,0.0
Sox6,0.0,0.0,0.0,0.9888502385877284,0.1005259156227111,0.0,1.0,0.0,0.0,1.0,0.0
1110004F10Rik,0.5350443720817566,0.7603980302810669,0.6870781779289246,2.122119133602172e-07,5.5769476890563965,0.6870781779289246,7.356395896057909e-11,6.914937973022461,0.6870781779289246,7.2899888542792e-08,5.813908100128174
Plekha7,0.0129569787532091,0.0040248855948448,-1.6931617259979248,0.9888502385877284,-0.1308479905128479,-1.6931617259979248,0.1469010945823335,-1.827692151069641,-1.6931617259979248,0.3263308940324332,-1.4079242944717407
Rps13,4.105637550354004,3.7716104984283447,-0.4915172159671783,5.88564930373315e-91,-20.454111099243164,-0.4915172159671783,5.2149469011203826e-98,-24.054851531982425,-0.4915172159671783,1.0825062635686693e-74,-20.507577896118164
Pik3c2a,0.1632916927337646,0.0643634051084518,-1.4158540964126587,0.112951564421994,-2.078780174255371,-1.4158540964126587,3.596376054092768e-08,-5.881599426269531,-1.4158540964126587,3.2726518300632235e-05,-4.586072444915772
Nucb2,0.02414071559906,0.0014572162181138,-4.066578388214111,0.9888502385877284,-0.5633484125137329,-4.066578388214111,9.432181231718518e-05,-4.278282165527344,-4.066578388214111,0.0088096651841031,-3.0575926303863525
Xylt1,0.0247874017804861,0.052994355559349,1.116710543632507,0.3905060218215729,1.392276406288147,1.116710543632507,0.0344508907805223,2.493983507156372,1.116710543632507,0.0712946838076161,2.2403759956359863
Rps15a,4.429844856262207,4.0000505447387695,-0.6294353604316711,1.8520767939116814e-123,-23.84712219238281,-0.6294353604316711,7.575654221559547e-135,-30.73345375061035,-0.6294353604316711,1.87833037168187e-115,-27.084197998046875
Arl6ip1,1.016822099685669,1.6560426950454712,1.2643928527832031,7.2966813779381235e-56,15.999303817749023,1.2643928527832031,3.559639757476022e-61,17.95107078552246,1.2643928527832031,7.98313541151696e-44,15.03253936767578
Smg1,0.603931188583374,0.5155476927757263,-0.2979501783847809,0.0334027058420925,-2.597840547561645,-0.2979501783847809,0.0192071629226968,-2.71917986869812,-0.2979501783847809,0.0674255182897936,-2.2646305561065674
Itpripl2,0.0039600394666194,0.019408231601119,2.3042469024658203,0.7282040065479792,0.9066750407218932,2.3042469024658203,0.0323092592948609,2.522022008895874,2.3042469024658203,0.0502298880162027,2.395051956176758
Coq7,0.0641713812947273,0.1342854797840118,1.1167140007019043,0.0007169477618404,3.810798406600952,1.1167140007019043,7.795277420380632e-05,4.329950332641602,1.1167140007019043,0.0006808023881123,3.821671724319458
Gde1,0.1161518394947052,0.2586723268032074,1.2611297369003296,3.211810304452605e-09,6.294445514678955,1.2611297369003296,1.8007720715578231e-10,6.796993732452393,1.2611297369003296,2.7807021457943822e-08,5.98482084274292
Ccp110,0.0143577456474304,0.0360385738313198,1.3434178829193115,0.2809571472501801,1.596464991569519,1.3434178829193115,0.0207004128735876,2.6938624382019043,1.3434178829193115,0.0494780811289717,2.3999032974243164
Vps35l,0.1353102624416351,0.1632327437400818,0.291301965713501,0.0858609177392687,2.2046244144439697,0.291301965713501,0.2942789202292576,1.4164021015167236,0.291301965713501,0.4260487650411892,1.208552598953247
Knop1,0.2143921554088592,0.2028302103281021,-0.0886095985770225,0.5000238672425984,1.218634009361267,-0.0886095985770225,0.7960694059846979,-0.5073130130767822,-0.0886095985770225,0.8747462484577505,-0.4219827055931091
Iqck,0.0021692463196814,0.003754636272788,0.7926231622695923,0.9888502385877284,0.2356309443712234,0.7926231622695923,0.757758948264205,0.5627444386482239,0.7926231622695923,0.8266998138489291,0.4921310544013977
Gprc5b,0.0139670828357338,0.0,-23.745615005493164,0.9888502385877284,-0.2973953783512115,-23.745615005493164,0.0019356117506613,-3.475815773010254,-23.745615005493164,0.0460415258045959,-2.435876846313477
Thumpd1,0.228577509522438,0.2103108614683151,-0.1338182985782623,0.6013700106226378,1.075836420059204,-0.1338182985782623,0.5871109494081491,-0.8096399903297424,-0.1338182985782623,0.7044307620204453,-0.6697651147842407
Acsm3,0.0010774459224194,0.0,-20.039962768554688,0.9888502385877284,0.0673658028244972,-20.039962768554688,0.4679991859106411,-1.0,-20.039962768554688,0.6832027011037286,-0.7008072733879089
Eri2,0.0351566784083843,0.0499639175832271,0.5178446173667908,0.3732863768518399,1.4214035272598269,0.5178446173667908,0.2968978853725758,1.401156663894653,0.5178446173667908,0.4323127712000183,1.1952375173568726
Rexo5,0.0463772267103195,0.1176251992583274,1.3948054313659668,0.0019087606377318,3.539766788482666,1.3948054313659668,1.732541077443356e-05,4.681077003479004,1.3948054313659668,0.0001475685587506,4.220240116119385
Dcun1d3,0.0432433485984802,0.0823177620768547,0.9572063088417052,0.1583245720740144,1.911486029624939,0.9572063088417052,0.0156637070065859,2.797488212585449,0.9572063088417052,0.0393432176952875,2.497357130050659
Lyrm1,0.0373824276030063,0.0638681948184967,0.7920039892196655,0.1417664128792207,1.9674251079559328,0.7920039892196655,0.0570228338368547,2.2814807891845703,0.7920039892196655,0.1241973914260496,1.9742975234985352
Dnah3,0.0,0.0,0.0,0.9888502385877284,0.1005259156227111,0.0,1.0,0.0,0.0,1.0,0.0
Tmem159,0.0013976484769955,0.028982562944293,4.394059658050537,0.4820638215799032,1.24604332447052,4.394059658050537,0.0004623642693515,3.893367528915405,4.394059658050537,0.0006385295464672,3.852801561355591
Uqcrc2,0.5701592564582825,0.724899411201477,0.4699994027614593,0.0019294968111444,3.536480665206909,0.4699994027614593,1.2331359557208335e-05,4.744978904724121,0.4699994027614593,0.0003590593233671,3.9935014247894287
Pdzd9,0.0,0.0,0.0,0.9888502385877284,0.1005259156227111,0.0,1.0,0.0,0.0,1.0,0.0
Mosmo,0.1513322740793228,0.1708325147628784,0.1893069297075271,0.1423462893993561,1.9652591943740845,0.1893069297075271,0.4922733691246914,0.959460973739624,0.1893069297075271,0.6403256401582246,0.8135091066360474
Eef2k,0.0603165812790393,0.0066423891112208,-3.22171401977539,0.4435120044494506,-1.3064634799957275,-3.22171401977539,1.0441607180816733e-08,-6.1047444343566895,-3.22171401977539,6.977197801005264e-05,-4.420559883117676
Polr3e,0.0896773189306259,0.0725257992744445,-0.3187882304191589,0.9452671725632862,0.6413194537162781,-0.3187882304191589,0.3990186694777189,-1.1891326904296875,-0.3187882304191589,0.5373876119342158,-0.972177505493164
Cdr2,0.0233137756586074,0.0223594419658184,-0.0609897077083587,0.9888502385877284,0.5581204891204834,-0.0609897077083587,1.0,-0.1220762878656387,-0.0609897077083587,1.0,-0.1010722368955612
Mfsd13b,0.0010449116816744,0.0,-19.995704650878903,0.9888502385877284,0.0673658028244972,-19.995704650878903,0.4679991859106411,-1.0,-19.995704650878903,0.6832027011037286,-0.7008072733879089
Mettl9,0.3183194994926452,0.2181511223316192,-0.6206300258636475,0.2450482777978878,-1.6762285232543943,-0.6206300258636475,0.0001826818303308,-4.112580299377441,-0.6206300258636475,0.0036649851614909,-3.3355069160461426
Igsf6,0.0,0.0018890420906245,20.850587844848636,0.9888502385877284,0.1678170263767242,20.850587844848636,0.4679991859106411,1.0,20.850587844848636,0.5282133287683867,1.0
Otoa,0.0021301680244505,0.0014205103507265,-0.5850695371627808,0.9888502385877284,0.1013474464416503,-0.5850695371627808,0.9130345827232692,-0.3399846851825714,-0.5850695371627808,0.9733417433095156,-0.2725331485271454
Usp31,0.0473477840423584,0.0447104834020137,-0.0846010372042656,0.841287022497268,0.7691053748130798,-0.0846010372042656,0.981088944947799,-0.2435494810342788,-0.0846010372042656,1.0,-0.2014897465705871
Cog7,0.0532630197703838,0.0308017712086439,-0.8064365983009338,0.9888502385877284,-0.140706405043602,-0.8064365983009338,0.0786588752397477,-2.136030912399292,-0.8064365983009338,0.2020900720684452,-1.7113817930221558
Gga2,0.0233075078576803,0.0200450308620929,-0.2199122905731201,0.9888502385877284,0.1684145182371139,-0.2199122905731201,0.8815993519501717,-0.3867871165275574,-0.2199122905731201,0.9376456155047774,-0.3274957239627838
Ears2,0.0667434632778167,0.0219822637736797,-1.6348135471343994,0.736292998726751,-0.895621657371521,-1.6348135471343994,0.000113423939442,-4.22884464263916,-1.6348135471343994,0.0048532581213459,-3.248866558074951
Ubfd1,0.1205602511763572,0.1302928328514099,0.1191707253456115,0.1664793895528734,1.8860931396484373,0.1191707253456115,0.7730338942209893,0.5397573113441467,0.1191707253456115,0.8532579780994308,0.4533326029777527
Ndufab1,0.5534776449203491,0.7262560129165649,0.5297865867614746,7.20241002521866e-05,4.382511615753174,0.5297865867614746,1.446043373058878e-06,5.195961952209473,0.5297865867614746,7.29728176176439e-05,4.390374183654785
Palb2,0.0262054335325956,0.0331932641565799,0.346090018749237,0.6216685384162611,1.048875093460083,0.346090018749237,0.6050738194599168,0.7820122241973877,0.346090018749237,0.7145725396771224,0.6549088358879089
Dctn5,0.0980262905359268,0.2169133275747299,1.23388671875,1.293128953333936e-06,5.234965324401856,1.23388671875,5.3807721354362806e-08,5.840051174163818,1.23388671875,1.7217866137599014e-06,5.208962917327881
Plk1,0.01501967292279,0.0394487418234348,1.4108277559280396,0.3135898368411017,1.530443549156189,1.4108277559280396,0.017952808263942,2.7464699745178223,1.4108277559280396,0.0411998644380224,2.478097915649414
Ern2,0.0,0.0,0.0,0.9888502385877284,0.1005259156227111,0.0,1.0,0.0,0.0,1.0,0.0
Prkcb,0.3287929594516754,0.4094246327877044,0.3781517446041107,0.0056661641429723,3.2128708362579346,0.3781517446041107,0.0180360214416144,2.7427427768707275,0.3781517446041107,0.056527047187595,2.343021869659424
Rbbp6,0.7786059379577637,0.5670678019523621,-0.6269455552101135,1.0329669759639013e-07,-5.706003189086914,-0.6269455552101135,5.094023855486793e-09,-6.227598190307617,-0.6269455552101135,2.4858916379550032e-06,-5.135946750640869
Tnrc6a,0.5780583024024963,0.493920236825943,-0.2930255234241485,0.0658949343886611,-2.3227758407592773,-0.2930255234241485,0.02535490870345,-2.613400220870972,-0.2930255234241485,0.081929530289271,-2.1752657890319824
Slc5a11,0.0010091721778735,0.0,-19.945470809936523,0.9888502385877284,0.0673658028244972,-19.945470809936523,0.4679991859106411,-1.0,-19.945470809936523,0.6832027011037286,-0.7008072733879089
Arhgap17,0.1940758228302002,0.2545821964740753,0.4367877244949341,0.008583206069382,3.080603837966919,0.4367877244949341,0.0290328284402037,2.561488151550293,0.4367877244949341,0.0782823630923839,2.196688652038574
Lcmt1,0.0874438285827636,0.178813174366951,1.0993952751159668,7.513317737889604e-05,4.372653007507324,1.0993952751159668,5.578455810882395e-06,4.925529003143311,1.0993952751159668,8.103789879650363e-05,4.365131378173828
Kdm8,0.004332838114351,0.0181729681789875,2.078411817550659,0.8941531438876388,0.7053991556167603,2.078411817550659,0.0523791488329631,2.3205718994140625,2.078411817550659,0.0820556970718851,2.175316333770752
Nsmce1,0.4845946729183197,0.2145178020000457,-1.3818238973617554,5.314416501901651e-10,-6.57847261428833,-1.3818238973617554,1.53880187838829e-22,-10.261796951293944,-1.3818238973617554,2.9882642429239715e-14,-8.121681213378906
Il4ra,0.28549325466156,0.0572860240936279,-2.486517429351806,3.4736708520867666e-07,-5.4854583740234375,-2.486517429351806,5.310935080121886e-29,-11.748857498168944,-2.486517429351806,2.2287900010865875e-16,-8.822572708129883
Il21r,0.4353642463684082,0.2682339549064636,-0.8263435959815979,0.0009880409081804,-3.723939895629883,-0.8263435959815979,8.207313580539484e-09,-6.142318248748779,-0.8263435959815979,5.764354144583041e-06,-4.962876796722412
Gtf3c1,0.1245694011449813,0.1778461784124374,0.55307936668396,0.0023383206523511,3.4812138080596924,0.55307936668396,0.0201495365169144,2.70247220993042,0.55307936668396,0.060312451107492,2.3150856494903564
D430042O09Rik,0.0538638941943645,0.0907097980380058,0.7788388133049011,0.1251718998845266,2.030085802078247,0.7788388133049011,0.0372994424323432,2.460416078567505,0.7788388133049011,0.0845746918254743,2.1602299213409424
Xpo6,0.3032817244529724,0.3155205845832824,0.0663584470748901,0.4753337587008333,1.2555283308029177,0.0663584470748901,0.8268775366126159,0.4631431996822357,0.0663584470748901,0.8969577702663734,0.3890376687049866
Sbk1,0.0670043528079986,0.0478297434747219,-0.5003107786178589,0.9888502385877284,0.0860370397567749,-0.5003107786178589,0.2609277422582252,-1.4930061101913452,-0.5003107786178589,0.4143065377561948,-1.233303785324097
Lat,1.35311758518219,1.2411894798278809,-0.2222868055105209,8.652383768800559e-05,-4.339716911315918,-0.2222868055105209,0.0059422522628114,-3.126786231994629,-0.2222868055105209,0.0302731799374699,-2.603048801422119
Spns1,0.0722243934869766,0.0964529141783714,0.435061514377594,0.1334331566993014,1.9981205463409424,0.435061514377594,0.2141969141440015,1.6095609664916992,0.435061514377594,0.3415218340796819,1.371602177619934
Nfatc2ip,0.0950340256094932,0.0938916727900505,-0.0182839259505271,0.6246528084630179,1.045066237449646,-0.0182839259505271,1.0,-0.0737795978784561,-0.0182839259505271,1.0,-0.0618658997118473
Cd19,0.0,0.0,0.0,0.9888502385877284,0.1005259156227111,0.0,1.0,0.0,0.0,1.0,0.0
Rabep2,0.1084251999855041,0.144337311387062,0.4391948580741882,0.0395102860619374,2.532416582107544,0.4391948580741882,0.118923291021816,1.937791466712952,0.4391948580741882,0.2197417936267855,1.6612236499786377
Atp2a1,0.0020737915765494,0.0017764709191396,-0.2234711647033691,0.9888502385877284,0.1013474464416503,-0.2234711647033691,1.0,-0.1290804296731948,-0.2234711647033691,1.0,-0.1083290725946426
Sh2b1,0.1377502679824829,0.171850636601448,0.3443322777748108,0.065968428766539,2.322178363800049,0.3443322777748108,0.1957507054011619,1.6617342233657837,0.3443322777748108,0.3193038312084489,1.4256716966629028
Tufm,0.1127469316124916,0.1984156668186187,0.8788365721702576,3.327334123706297e-05,4.560112476348877,0.8788365721702576,7.334819572201056e-05,4.341966152191162,0.8788365721702576,0.0008413806408828,3.763081789016724
Atxn2l,0.4127321541309356,0.3237686455249786,-0.4183457493782043,0.1993455819390629,-1.7905710935592651,-0.4183457493782043,0.0052495017631715,-3.168170928955078,-0.4183457493782043,0.0295762542995232,-2.612300157546997
Eif3c,0.7476828098297119,1.0154272317886353,0.6627333164215088,6.2317992495228985e-09,6.186675548553467,0.6627333164215088,1.026550950835384e-12,7.542940616607666,0.6627333164215088,4.7160262954392925e-09,6.29369592666626
Cln3,0.0874589532613754,0.1601158231496811,0.925929844379425,0.0037264603765812,3.3417770862579346,0.925929844379425,0.000506161632792,3.8559842109680176,0.925929844379425,0.0028748792292624,3.407741069793701
Apobr,0.0203647185117006,0.1196565702557563,2.627215385437012,4.767221611804679e-05,4.478631019592285,2.627215385437012,1.8362846709848137e-10,6.829720497131348,2.627215385437012,2.812869572813357e-09,6.398421287536621
Il27,0.0,0.0016049976693466,20.61529922485352,0.9888502385877284,0.1678170263767242,20.61529922485352,0.4679991859106411,1.0,20.61529922485352,0.5282133287683867,1.0
Nupr1,0.0003030791413038,0.0036343631800264,3.5863356590271,0.9888502385877284,0.2020974159240722,3.5863356590271,0.3500153555744572,1.2862340211868286,3.5863356590271,0.3902652062098283,1.2772051095962524
Sgf29,0.1563705503940582,0.1582542955875396,0.0186702217906713,0.3755138080031437,1.41707181930542,0.0186702217906713,1.0,0.0956417247653007,0.0186702217906713,1.0,0.080301709473133
Sult1a1,0.0034918838646262,0.0,-21.738094329833984,0.9994412017932364,0.0010455889860168,-21.738094329833984,0.1772021087176986,-1.7218683958053589,-21.738094329833984,0.4271609305152885,-1.206697940826416
Slx1b,0.0646171495318412,0.0439338758587837,-0.5716379880905151,0.9888502385877284,-0.0525781884789466,-0.5716379880905151,0.1958199579133799,-1.6610984802246094,-0.5716379880905151,0.3521823603076933,-1.3492034673690796
Bola2,0.6967428922653198,0.6271687746047974,-0.2074565440416336,0.0439562265749509,-2.490817070007324,-0.2074565440416336,0.0838004208168784,-2.1068897247314453,-0.2074565440416336,0.1950290828758697,-1.7337316274642944
Coro1a,2.532997369766236,3.023832082748413,0.755612850189209,9.540919322064644e-86,19.856258392333984,0.755612850189209,1.0367695195810972e-100,23.762840270996094,0.755612850189209,1.137006949623134e-65,19.19928550720215
Mapk3,0.093218058347702,0.2077092081308365,1.2405420541763306,1.7437028564218837e-07,5.612273693084717,1.2405420541763306,4.465973307809956e-08,5.868861198425293,1.2405420541763306,2.145387588815622e-06,5.163356781005859
Gdpd3,0.0058247880078852,0.001139898202382,-2.3566808700561523,0.9994412017932364,0.001643068389967,-2.3566808700561523,0.203059883936564,-1.6399272680282593,-2.3566808700561523,0.4308528497388725,-1.198864221572876
Ypel3,0.822464644908905,0.5705533027648926,-0.7302280068397522,5.160784041740158e-09,-6.217669486999512,-0.7302280068397522,1.7070984722450834e-10,-6.782970428466797,-0.7302280068397522,1.5010793537238045e-07,-5.681957721710205
Tbx6,0.0145382676273584,0.0030098590068519,-2.280415296554565,0.9888502385877284,-0.1644562184810638,-2.280415296554565,0.0419024532923718,-2.41062593460083,-2.280415296554565,0.1738793652025044,-1.7986406087875366
Ppp4c,0.4380924999713897,0.6977509260177612,0.8764101266860962,1.3363990294457188e-11,7.1261372566223145,0.8764101266860962,4.798238104795352e-14,7.981101036071777,0.8764101266860962,1.9626186573386607e-10,6.813189029693604
Aldoa,0.8972741961479187,1.26370108127594,0.8050293326377869,8.662141543370092e-18,8.922906875610352,0.8050293326377869,8.222247129385575e-22,10.136868476867676,0.8050293326377869,1.1292442152812769e-15,8.523456573486328
Doc2a,0.0,0.0,0.0,0.9888502385877284,0.1005259156227111,0.0,1.0,0.0,0.0,1.0,0.0
Ino80e,0.1930554509162902,0.2464724332094192,0.3923533260822296,0.0086022948616994,3.079857110977173,0.3923533260822296,0.0501853544626956,2.3366928100585938,0.3923533260822296,0.1213072969971867,1.98721706867218
Hirip3,0.0966182947158813,0.1019200459122657,0.0809572115540504,0.2247537690233602,1.7237281799316406,0.0809572115540504,0.9220046855338592,0.3274269700050354,0.0809572115540504,0.9732082849456222,0.2728846073150635
Taok2,0.1311912983655929,0.1699289232492447,0.4019035398960113,0.0159369425880479,2.8705899715423584,0.4019035398960113,0.1109497224725778,1.972437024116516,0.4019035398960113,0.2141686152379511,1.6761713027954102
Tmem219,0.1517933160066604,0.269595742225647,0.9166476130485536,3.347956355833645e-06,5.045190811157227,0.9166476130485536,1.528972909637431e-06,5.192293167114258,0.9166476130485536,3.7622992067897145e-05,4.546782493591309
Kctd13,0.0660196766257286,0.0738541260361671,0.1674995422363281,0.3957752820746424,1.3837623596191406,0.1674995422363281,0.7415996185607249,0.5848708748817444,0.1674995422363281,0.8260527979152652,0.4932730793952942
Asphd1,0.0,0.0,0.0,0.9888502385877284,0.1005259156227111,0.0,1.0,0.0,0.0,1.0,0.0
Sez6l2,0.0080924667418003,0.0,-22.953989028930664,0.9888502385877284,-0.1315948367118835,-22.953989028930664,0.0249167395386968,-2.621038913726806,-22.953989028930664,0.1623173743686397,-1.8368431329727173
Cdiptos,0.0011434842599555,0.0019936924800276,0.802619218826294,0.9888502385877284,0.1345822364091873,0.802619218826294,0.8922293971346161,0.3699227273464203,0.802619218826294,0.9363566673009782,0.330015629529953
Cdipt,0.3564620018005371,0.3375414311885834,-0.0931196957826614,0.9150110635044624,0.6797075271606445,-0.0931196957826614,0.6704514128380391,-0.6848117113113403,-0.0931196957826614,0.7732758717940078,-0.5686573386192322
Mvp,0.1035855039954185,0.1510867327451706,0.5795465707778931,0.0451235698044989,2.4801371097564697,0.5795465707778931,0.0329746227491592,2.5109119415283203,0.5795465707778931,0.0800528007103703,2.185883045196533
Pagr1a,0.0114810420200228,0.0,-23.46104049682617,0.9888502385877284,-0.2310751676559448,-23.46104049682617,0.0062312146988514,-3.1128060817718506,-23.46104049682617,0.0814570918975082,-2.1814770698547363
Maz,0.2760824263095855,0.4250067174434662,0.7360754609107971,1.955615042536262e-06,5.153932094573975,0.7360754609107971,8.959158165398106e-07,5.295619964599609,0.7360754609107971,3.6829139282848685e-05,4.5513834953308105
Kif22,0.0195020567625761,0.0590000748634338,1.625768780708313,0.083016147819489,2.2197108268737797,1.625768780708313,0.000744625743765,3.754133701324463,1.625768780708313,0.0026912460993416,3.428224802017212
Zg16,0.0010035001905635,0.0,-19.937334060668945,0.9888502385877284,0.0673658028244972,-19.937334060668945,0.4679991859106411,-1.0,-19.937334060668945,0.6832027011037286,-0.7008072733879089
AI467606,0.3940571844577789,0.2604073286056518,-0.6992911696434021,0.0442919524712057,-2.487605571746826,-0.6992911696434021,8.187714036048558e-06,-4.830714225769043,-0.6992911696434021,0.0004452665759738,-3.9387242794036874
Qprt,0.0345287695527076,0.0466399081051349,0.4425613582134247,0.8606360342583996,0.7473720908164978,0.4425613582134247,0.4594538122150544,1.0867559909820557,0.4425613582134247,0.5558610295927189,0.9436094164848328
Spn,0.5441427826881409,1.1535691022872925,1.5850244760513306,3.2641574444007403e-46,14.538541793823242,1.5850244760513306,3.116247618458605e-56,17.217470169067383,1.5850244760513306,3.2660288953681146e-42,14.695161819458008
Cd2bp2,0.1816905289888382,0.340688943862915,1.0266517400741575,2.4189600740739952e-08,5.958961009979248,1.0266517400741575,2.1086895047091367e-09,6.394868850708008,1.0266517400741575,2.461540654983501e-07,5.587144374847412
Tbc1d10b,0.1271121948957443,0.2037979215383529,0.737878680229187,0.0001934557432657,4.145834922790527,0.737878680229187,0.0008547760576901,3.710349559783936,0.737878680229187,0.0054754592490043,3.20643949508667
Mylpf,0.0566576272249221,0.0656880885362625,0.2199422717094421,0.4673948211824593,1.2683740854263306,0.2199422717094421,0.6619360746891488,0.6975723505020142,0.2199422717094421,0.7594933629641417,0.5885322093963623
Sept1,1.2349196672439575,1.4987202882766724,0.5116516351699829,2.768995758489987e-09,6.3188676834106445,0.5116516351699829,9.95638040277834e-13,7.5409770011901855,0.5116516351699829,7.902458151039094e-09,6.20743989944458
Zfp553,0.0724167302250862,0.050024751573801,-0.5499979853630066,0.9888502385877284,0.104185476899147,-0.5499979853630066,0.1690230467241162,-1.7528506517410278,-0.5499979853630066,0.3231516083894172,-1.417202711105347
Zfp771,0.0933175086975097,0.104297436773777,0.1685348153114318,0.6274473758350458,1.0403610467910769,0.1685348153114318,0.6899227791633544,0.6577767729759216,0.1685348153114318,0.7771470666160556,0.5630319118499756
Dctpp1,0.1794705986976623,0.3827272653579712,1.2460469007492063,2.781933278889927e-10,6.678774356842041,1.2460469007492063,1.1173919515138004e-12,7.568778038024902,1.2460469007492063,3.6816419635025807e-10,6.714784145355225
Sephs2,0.1526543796062469,0.2346442192792892,0.6812567710876465,0.0009261604954252,3.7417149543762207,0.6812567710876465,0.001030434494815,3.657661437988281,0.6812567710876465,0.0061440284476605,3.1689603328704834
Itgal,0.4557055830955505,1.250063419342041,2.109114646911621,8.348767155579942e-76,18.66241836547852,2.109114646911621,1.833084796478801e-93,23.45752716064453,2.109114646911621,1.4159901667874614e-72,20.14324951171875
Zfp768,0.0,0.0017898209625855,20.772676467895508,0.9888502385877284,0.1678170263767242,20.772676467895508,0.4679991859106411,1.0,20.772676467895508,0.5282133287683867,1.0
Zfp747,0.0341073088347911,0.0124246207997202,-1.4725804328918457,0.9888502385877284,-0.37103471159935,-1.4725804328918457,0.0144110004903629,-2.824029922485352,-1.4725804328918457,0.0807625925354536,-2.182915210723877
9130019O22Rik,0.0094575304538011,0.0057195238769054,-0.7282681465148926,0.9888502385877284,0.1020196080207824,-0.7282681465148926,0.5693029309664991,-0.8369366526603699,-0.7282681465148926,0.7087442850347743,-0.663528561592102
E430018J23Rik,0.0112161133438348,0.0105450544506311,-0.0894911363720893,0.9888502385877284,0.3014283776283264,-0.0894911363720893,1.0,-0.1275584697723388,-0.0894911363720893,1.0,-0.1051518395543098
Zfp764,0.0370997563004493,0.0134621541947126,-1.479623317718506,0.9888502385877284,-0.3742461800575256,-1.479623317718506,0.0099150298890598,-2.9546959400177,-1.479623317718506,0.0664372080424976,-2.273477792739868
Zfp688,0.0596878081560134,0.0938050299882888,0.6771542429924011,0.1020293777013748,2.126728057861328,0.6771542429924011,0.0522629075667805,2.319610357284546,0.6771542429924011,0.1144192133839145,2.0160744190216064
Zfp689,0.0162271074950695,0.0107806306332349,-0.593902051448822,0.9994412017932364,0.0028380271978676,-0.593902051448822,0.5627629592315992,-0.8476153016090393,-0.593902051448822,0.6832027011037286,-0.7014440298080444
Prr14,0.1906155943870544,0.1944491863250732,0.0315809361636638,0.3745674971209121,1.4190136194229126,0.0315809361636638,1.0,0.1737504005432129,0.0315809361636638,1.0,0.1456208974123001
Fbrs,0.1666484028100967,0.1418819576501846,-0.2504408359527588,0.9888502385877284,0.4694694578647613,-0.2504408359527588,0.3481720958984332,-1.2891018390655518,-0.2504408359527588,0.5115939831274127,-1.063648700714111
Srcap,0.1298803389072418,0.1043368205428123,-0.3347198665142059,0.9888502385877284,0.0459312312304973,-0.3347198665142059,0.2882544332610675,-1.431989669799805,-0.3347198665142059,0.4348593274632502,-1.1900173425674438
Gm42715,0.0503687709569931,0.0476303063333034,-0.0826413631439209,0.8898111967624537,0.7124195098876953,-0.0826413631439209,0.9894226230213686,-0.2312767952680587,-0.0826413631439209,1.0,-0.1926662176847458
Phkg2,0.1895653903484344,0.2435207962989807,0.4016736149787903,0.0029307350235284,3.4139227867126465,0.4016736149787903,0.0461579962342735,2.3718161582946777,0.4016736149787903,0.1169727300692404,2.00537371635437
Ccdc189,0.0037416212726384,0.0,-21.83793258666992,0.9994412017932364,0.0010455889860168,-21.83793258666992,0.1835954668966046,-1.699460744857788,-21.83793258666992,0.4348471871034925,-1.190994381904602
Rnf40,0.0909552574157714,0.1127586811780929,0.3260041773319244,0.2314371155323591,1.7080442905426023,0.3260041773319244,0.336940961909522,1.3125793933868408,0.3260041773319244,0.4733138684426449,1.1257469654083252
Zfp629,0.0044092750176787,0.0019229868194088,-1.198986530303955,0.9888502385877284,0.0688595026731491,-1.198986530303955,0.4707360859467885,-0.9944101572036744,-1.198986530303955,0.6794029811576185,-0.7570372819900513
Bcl7c,0.2120367437601089,0.4199897944927215,1.143932819366455,7.479437776684407e-12,7.208215713500977,1.143932819366455,1.331119082569578e-13,7.859307765960693,1.143932819366455,1.3256789170847559e-10,6.874588966369629
Ctf2,0.0010391167597845,0.0,-19.9876766204834,0.9888502385877284,0.0673658028244972,-19.9876766204834,0.4679991859106411,-1.0,-19.9876766204834,0.6832027011037286,-0.7008072733879089
Fbxl19,0.0068023754283785,0.015234756283462,1.1693496704101562,0.8947621895623074,0.7042788863182068,1.1693496704101562,0.2257518510503403,1.5799241065979004,1.1693496704101562,0.3339937015683469,1.3871712684631348
Orai3,0.091477982699871,0.1424256712198257,0.6761801242828369,0.0280528567216021,2.6635632514953613,0.6761801242828369,0.0149376967717722,2.813591957092285,0.6761801242828369,0.0433590158128707,2.4565999507904053
Setd1a,0.0652013272047042,0.0653155520558357,0.002608612878248,0.6106966780235877,1.062169075012207,0.002608612878248,1.0,0.008901790715754,0.002608612878248,1.0,0.0073835933580994
Hsd3b7,0.0,0.0,0.0,0.9888502385877284,0.1005259156227111,0.0,1.0,0.0,0.0,1.0,0.0
Stx1b,0.0,0.0,0.0,0.9888502385877284,0.1005259156227111,0.0,1.0,0.0,0.0,1.0,0.0
Stx4a,0.2791370153427124,0.2391385287046432,-0.2532245814800262,0.9888502385877284,0.1742399334907531,-0.2532245814800262,0.215504990170743,-1.6060166358947754,-0.2532245814800262,0.3613900964510341,-1.3307106494903564
Zfp668,0.0673344656825065,0.0729322358965873,0.1192965507507324,0.570348965838725,1.1175105571746826,0.1192965507507324,0.8760431226045521,0.3938890993595123,0.1192965507507324,0.9343242781884152,0.3325164020061493
Zfp646,0.1905787885189056,0.1966809928417205,0.0500137470662593,0.5063376035482842,1.2082527875900269,0.0500137470662593,0.9618941092138236,0.2702144682407379,0.0500137470662593,1.0,0.2287159413099289
Prss53,0.0010765409097075,0.0,-20.03874969482422,0.9888502385877284,0.0673658028244972,-20.03874969482422,0.4679991859106411,-1.0,-20.03874969482422,0.6832027011037286,-0.7008072733879089
Vkorc1,0.0927327498793602,0.0314168706536293,-1.6062273979187012,0.599084323331517,-1.079122543334961,-1.6062273979187012,1.7720000505083147e-06,-5.14539909362793,-1.6062273979187012,0.0004856048779197,-3.920929431915283
Bckdk,0.1275674253702163,0.1554813534021377,0.3060920834541321,0.0485591896892263,2.4499642848968506,0.3060920834541321,0.257595329068384,1.5007680654525757,0.3060920834541321,0.3930022353231946,1.2713730335235596
Kat8,0.0870650485157966,0.1256197839975357,0.5572022199630737,0.0508497012696068,2.431293249130249,0.5572022199630737,0.0584031825344208,2.270860195159912,0.5572022199630737,0.1287978352037675,1.954565525054932
Prss36,0.0003030791413038,0.0039906655438244,3.721519470214844,0.9888502385877284,0.2694632112979889,3.721519470214844,0.2531927788866496,1.5119251012802124,3.721519470214844,0.285523777977421,1.4999735355377195
Fus,1.2470992803573608,1.062802791595459,-0.388679951429367,2.9881520357754545e-08,-5.923037528991699,-0.388679951429367,3.390847005172522e-06,-5.020823001861572,-0.388679951429367,0.0001495912103799,-4.216026306152344
Pycard,0.8438467383384705,1.8360774517059328,1.9920066595077517,4.498044920864348e-99,21.35182380676269,1.9920066595077517,5.1846070003029585e-110,25.9675235748291,1.9920066595077517,4.4758391514446063e-85,22.208681106567383
Trim72,0.0,0.0,0.0,0.9888502385877284,0.1005259156227111,0.0,1.0,0.0,0.0,1.0,0.0
Itgam,0.0086379554122686,0.1038641333580017,3.657198905944824,0.0039869318700361,3.321089267730713,3.657198905944824,1.210075695403714e-09,6.546274662017822,3.657198905944824,3.3142620422788272e-09,6.400476455688477
Gm49368,0.0011107913451269,0.0081457272171974,2.879533052444458,0.9888502385877284,0.5378808379173279,2.879533052444458,0.0880288799401818,2.086740732192993,2.879533052444458,0.1235048795127729,1.9784343242645264
Itgax,0.0081885950639843,0.41471728682518,5.965936660766602,1.749951664466757e-30,11.769299507141112,5.965936660766602,1.6561420071630326e-39,14.869901657104492,5.965936660766602,3.856426699155332e-39,14.770349502563477
Itgad,0.0,0.0110136866569519,23.400745391845703,0.9888502385877284,0.5042726397514343,23.400745391845703,0.0519837736889335,2.3261256217956543,23.400745391845703,0.059364003256465,2.3261256217956543
Cox6a2,0.0,0.0014540745178237,20.472719192504883,0.9888502385877284,0.1678170263767242,20.472719192504883,0.4679991859106411,1.0,20.472719192504883,0.5282133287683867,1.0
9130023H24Rik,0.0117357671260833,0.0205421149730682,0.8140420317649841,0.8962982482534504,0.7017396092414856,0.8140420317649841,0.3493109772079247,1.2870099544525146,0.8140420317649841,0.4734372141644655,1.1254353523254397
Armc5,0.0571762844920158,0.1008598580956459,0.8507893085479736,0.043476084386094,2.4952235221862797,0.8507893085479736,0.00975649171522,2.964203357696533,0.8507893085479736,0.0295429265403607,2.612544536590576
Tgfb1i1,0.0130287446081638,0.0048915348015725,-1.4192171096801758,0.9888502385877284,-0.0648265182971954,-1.4192171096801758,0.191782001994532,-1.6735235452651978,-1.4192171096801758,0.3835873579601879,-1.2888386249542236
BC017158,0.0210620481520891,0.0196429453790187,-0.1016614809632301,0.9888502385877284,0.4283927381038666,-0.1016614809632301,1.0,-0.1917783468961715,-0.1016614809632301,1.0,-0.1584110260009765
Rgs10,0.9585067629814148,0.1046423763036727,-3.8654067516326895,2.5338682399916078e-76,-18.726947784423828,-3.8654067516326895,8.381367454713658e-155,-30.81305694580078,-3.8654067516326895,2.9851822897793814e-82,-23.102828979492188
Tial1,0.2771181762218475,0.3608936369419098,0.4447111487388611,0.0007732411863312,3.790484189987183,0.4447111487388611,0.0057638153602822,3.1377830505371094,0.4447111487388611,0.026726777720916,2.651694297790528
Bag3,0.0132337193936109,0.0484653860330581,1.8982808589935305,0.1738842622051861,1.8641357421875,1.8982808589935305,0.0010294802900218,3.663431406021118,1.8982808589935305,0.0032848795151485,3.3686683177948
Inpp5f,0.0398224703967571,0.0259605906903743,-0.6273134350776672,0.9888502385877284,0.1127742379903793,-0.6273134350776672,0.2726265209759547,-1.4665073156356812,-0.6273134350776672,0.4415250107592917,-1.179091453552246
Mcmbp,0.4253018200397491,0.4056783616542816,-0.0832834616303443,0.9888502385877284,-0.1622903496026992,-0.0832834616303443,0.6906955033083256,-0.6565661430358887,-0.0832834616303443,0.7856508572824124,-0.5512301921844482
Sec23ip,0.1054960787296295,0.131970539689064,0.3425019383430481,0.0719806329008562,2.2837157249450684,0.3425019383430481,0.2606391830587404,1.4938366413116455,0.3425019383430481,0.3917617332003607,1.2738652229309082
Wdr11,0.0547781884670257,0.0655732378363609,0.2673707902431488,0.5731878307584202,1.1140750646591189,0.2673707902431488,0.5846568597628856,0.8135060667991638,0.2673707902431488,0.6833657990979733,0.7001004815101624
Ate1,0.1762231439352035,0.1757771670818328,-0.0039866608567535,0.410113866080656,1.359415054321289,-0.0039866608567535,1.0,-0.0217536929994821,-0.0039866608567535,1.0,-0.0181670300662517
Nsmce4a,0.4854790270328522,0.6201725006103516,0.4593276381492615,0.0010808068353497,3.699741840362549,0.4593276381492615,0.0001257903407275,4.209458351135254,0.4593276381492615,0.0016809090891569,3.566930055618286
Tacc2,0.0301507357507944,0.1603170186281204,2.506047487258911,5.183090286154493e-07,5.4101762771606445,2.506047487258911,7.650534315623164e-13,7.6754279136657715,2.506047487258911,1.4063581872360022e-11,7.253475666046143
Btbd16,0.0010111439041793,0.0,-19.948287963867188,0.9888502385877284,0.0673658028244972,-19.948287963867188,0.4679991859106411,-1.0,-19.948287963867188,0.6832027011037286,-0.7008072733879089
Plekha1,0.1178932636976242,0.025524815544486,-2.274934768676758,0.1171814145035082,-2.0612292289733887,-2.274934768676758,1.520438504304007e-11,-7.1345720291137695,-2.274934768676758,1.044268779951763e-06,-5.331828594207764
Fam24b,0.0,0.0,0.0,0.9888502385877284,0.1005259156227111,0.0,1.0,0.0,0.0,1.0,0.0
2310057M21Rik,0.0866652131080627,0.0884380564093589,0.0305117666721344,0.4659936578194985,1.2718095779418943,0.0305117666721344,1.0,0.1188180744647979,0.0305117666721344,1.0,0.0993368849158287
Pstk,0.1424096822738647,0.1895705610513687,0.4476477205753326,0.0182178485479209,2.823687791824341,0.4476477205753326,0.0563323210403376,2.286729574203491,0.4476477205753326,0.1277438017742678,1.9593055248260496
Ikzf5,0.1325559616088867,0.143366277217865,0.12108114361763,0.2643982283788259,1.6336580514907837,0.12108114361763,0.7614353064722349,0.5570070147514343,0.12108114361763,0.8420196715790217,0.4694936573505401
Acadsb,0.0324435830116272,0.0147385643795132,-1.1511588096618652,0.9888502385877284,-0.2717037796974182,-1.1511588096618652,0.0582690468870422,-2.2706429958343506,-1.1511588096618652,0.1772434214306005,-1.787907361984253
Hmx3,0.0,0.0,0.0,0.9888502385877284,0.1005259156227111,0.0,1.0,0.0,0.0,1.0,0.0
Hmx2,0.0,0.0005840815720148,19.156234741210938,0.9888502385877284,0.1678170263767242,19.156234741210938,0.4679991859106411,1.0,19.156234741210938,0.5282133287683867,1.0
Bub3,0.4444910287857055,0.6863311529159546,0.8175498247146606,3.773553240538627e-10,6.63149881362915,0.8175498247146606,4.0273317118163913e-13,7.684260845184326,0.8175498247146606,1.1211509451361864e-09,6.531236171722412
Chst15,0.0642387270927429,0.0015084893675521,-5.457763671875,0.2520590623767679,-1.660096526145935,-5.457763671875,6.537028226631224e-12,-7.284188270568848,-5.457763671875,2.813488038175684e-06,-5.145136833190918
Oat,0.1555420458316803,0.1234033703804016,-0.3576447367668152,0.9888502385877284,0.4345169067382812,-0.3576447367668152,0.1766140307910746,-1.7248239517211914,-0.3576447367668152,0.3237365373292882,-1.416017770767212
Lhpp,0.0023937001824378,0.0027875606901943,0.2200449556112289,0.9888502385877284,0.2356309443712234,0.2200449556112289,1.0,0.1566798239946365,0.2200449556112289,1.0,0.1287918984889984
Fam53b,0.3526124954223633,0.3001031875610351,-0.2725588381290436,0.928388198154362,-0.6608869433403015,-0.2725588381290436,0.1151524825419482,-1.9533722400665283,-0.2725588381290436,0.2352811400875536,-1.620620846748352
Eef1akmt2,0.093042105436325,0.183077722787857,1.0429414510726929,2.8706846746696484e-05,4.5932722091674805,1.0429414510726929,1.0157566529386593e-05,4.794419765472412,1.0429414510726929,0.0001558806299679,4.2054762840271
Abraxas2,0.1463854014873504,0.1593404859304428,0.1319242566823959,0.1443661790258645,1.9583882093429563,0.1319242566823959,0.6872914347770654,0.6620480418205261,0.1319242566823959,0.7813844007578714,0.5573709011077881
Zranb1,0.2425949871540069,0.2248899340629577,-0.122599072754383,0.8416571887459253,0.7685825824737549,-0.122599072754383,0.6351978486653828,-0.737153947353363,-0.122599072754383,0.7425356165892125,-0.6140217781066895
Ctbp2,0.018683897331357,0.0131452763453125,-0.5112565755844116,0.9888502385877284,0.0994803234934806,-0.5112565755844116,0.5713047272316379,-0.8341554403305054,-0.5112565755844116,0.6982983559863992,-0.6790980100631714
Edrf1,0.0807446911931037,0.0719265863299369,-0.1732838898897171,0.944091858231643,0.6431865692138672,-0.1732838898897171,0.7163965122019362,-0.6202294230461121,-0.1732838898897171,0.8119819011590031,-0.5132936835289001
Uros,0.0401492826640605,0.0514743067324161,0.3667101860046386,0.5000150045502706,1.21900737285614,0.3667101860046386,0.4679991859106411,1.0113766193389893,0.3667101860046386,0.608614291930427,0.8626280426979065
Bccip,0.3629543781280517,0.4469290971755981,0.364909678697586,0.0152393565439879,2.886572360992432,0.364909678697586,0.0105656460481003,2.9351606369018555,0.364909678697586,0.0408796673335579,2.4810943603515625
Dhx32,0.0520436204969882,0.0916570797562599,0.8454422354698181,0.0437581817363842,2.492758750915528,0.8454422354698181,0.0122426570431269,2.884341239929199,0.8454422354698181,0.0374337127842755,2.5176281929016118
Dock1,0.0003030791413038,0.0,-18.20955848693848,0.9888502385877284,0.0673658028244972,-18.20955848693848,0.4679991859106411,-1.0,-18.20955848693848,0.6832027011037286,-0.7008072733879089
Ptpre,0.1341762095689773,0.1728336215019226,0.3938535749912262,0.080526311694839,2.2333033084869385,0.3938535749912262,0.1426819479967586,1.8432379961013796,0.3938535749912262,0.2496820015210763,1.5853842496871948
Mki67,0.056719422340393,0.363753080368042,2.910274028778076,2.945082851880213e-16,8.514006614685059,2.910274028778076,7.645298253987918e-24,10.910290718078612,2.910274028778076,3.052709773511102e-22,10.450202941894531
Mgmt,0.0244480986148118,0.0,-24.560890197753903,0.9276025855684084,-0.6621565818786621,-24.560890197753903,1.2088307290043824e-05,-4.752978324890137,-24.560890197753903,0.0038247690323414,-3.3309218883514404
9430038I01Rik,0.1177562698721885,0.0886114761233329,-0.4316233992576599,0.9888502385877284,0.3439987897872925,-0.4316233992576599,0.155307244741311,-1.7975181341171265,-0.4316233992576599,0.301369346897216,-1.4645062685012815
Glrx3,0.4806080460548401,0.6006288528442383,0.4159522950649261,0.0059622262342785,3.197187185287476,0.4159522950649261,0.0006521485453735,3.783643960952759,0.4159522950649261,0.0053954073685239,3.2110636234283447
Mapk1ip1,0.0557293109595775,0.0452961400151252,-0.3066374063491821,0.9888502385877284,0.1787210255861282,-0.3066374063491821,0.5316792518439339,-0.8945645093917847,-0.3066374063491821,0.6832027011037286,-0.74170982837677
Ppp2r2d,0.1625204086303711,0.2579258978366852,0.7375657558441162,2.3235349308034948e-05,4.6403985023498535,0.7375657558441162,0.0001902639941833,4.107766151428223,0.7375657558441162,0.0018442840240077,3.539999723434448
Bnip3,0.0084421103820204,0.0051240837201476,-0.7227057814598083,0.9888502385877284,0.1354784518480301,-0.7227057814598083,0.5939485363207754,-0.7987872362136841,-0.7227057814598083,0.7324506730961907,-0.6285139918327332
Stk32c,0.0035277374554425,0.0859583020210266,4.666726112365723,0.0006836861703783,3.824465751647949,4.666726112365723,1.8708923614129788e-11,7.227566719055176,4.666726112365723,4.702180880068603e-11,7.111180305480957
Lrrc27,0.0023908759467303,0.0019387069623917,-0.3027707040309906,0.9888502385877284,0.1684892028570175,-0.3027707040309906,1.0,-0.203060433268547,-0.3027707040309906,1.0,-0.1605909764766693
Pwwp2b,0.0050840652547776,0.0064457678236067,0.3433527946472168,0.9888502385877284,0.3698397576808929,0.3433527946472168,0.8936726583246313,0.3679966926574707,0.3433527946472168,0.9553809079667962,0.3004866242408752
Inpp5a,0.0165610164403915,0.0081494776532053,-1.0290915966033936,0.9888502385877284,-0.0988081619143486,-1.0290915966033936,0.2520125009081875,-1.513121485710144,-1.0290915966033936,0.4301687746224092,-1.1998894214630127
Cfap46,0.0011858200887218,0.0155873671174049,3.7268221378326416,0.9209702505299352,0.6724631190299988,3.7268221378326416,0.0221752238833418,2.67146372795105,3.7268221378326416,0.0302573136698623,2.6069159507751465
Kndc1,0.0,0.0007606937433592,19.537506103515625,0.9888502385877284,0.1678170263767242,19.537506103515625,0.4679991859106411,1.0,19.537506103515625,0.5282133287683867,1.0
Utf1,0.0057517453096807,0.0215989351272583,1.9203455448150637,0.6528194377781876,1.0064541101455688,1.9203455448150637,0.0381125992601597,2.4534401893615723,1.9203455448150637,0.067276474731489,2.266553401947021
Spef1l,0.0012054052203893,0.0,-20.20195770263672,0.9888502385877284,0.0673658028244972,-20.20195770263672,0.4679991859106411,-1.0,-20.20195770263672,0.6832027011037286,-0.7008072733879089
Adam8,0.0021526457276195,0.1677720248699188,6.405407428741455,2.248860589465636e-09,6.351953029632568,6.405407428741455,1.9861893064098152e-20,10.071422576904297,6.405407428741455,3.430716438409622e-20,10.02684497833252
Tubgcp2,0.0851681306958198,0.1653804332017898,1.0164713859558103,0.0001832060424806,4.158830165863037,1.0164713859558103,7.651153788097302e-05,4.333894729614258,1.0164713859558103,0.0007147109295375,3.808201789855957
Zfp511,0.165888100862503,0.2546676993370056,0.6846889853477478,2.8811906254454705e-05,4.592226982116699,0.6846889853477478,0.0003233016255594,3.970811605453491,0.6846889853477478,0.0029624719743323,3.398190498352051
Msx3,0.0,0.0,0.0,0.9888502385877284,0.1005259156227111,0.0,1.0,0.0,0.0,1.0,0.0
Caly,0.0,0.0011416648048907,20.123533248901367,0.9888502385877284,0.1678170263767242,20.123533248901367,0.4679991859106411,1.0,20.123533248901367,0.5282133287683867,1.0
Fuom,0.0115243187174201,0.0498046539723873,2.1393537521362305,0.1004333421598939,2.1338977813720703,2.1393537521362305,0.0001984316856616,4.106611728668213,2.1393537521362305,0.0007117813269847,3.8126180171966553
Echs1,0.1950726062059402,0.2297101467847824,0.2616727948188782,0.0404507170637194,2.5232303142547607,0.2616727948188782,0.2488107489679685,1.520862340927124,0.2616727948188782,0.3860180258606412,1.2837673425674438
Paox,0.0327457003295421,0.0830208733677864,1.3787842988967896,0.0209673415762022,2.7718563079833984,1.3787842988967896,0.0002862747137985,4.008295059204102,1.3787842988967896,0.001462929166305,3.608206272125244
Mtg1,0.0849378034472465,0.0615802407264709,-0.4809938967227936,0.9888502385877284,0.2640112340450287,-0.4809938967227936,0.1726610615081874,-1.7407121658325195,-0.4809938967227936,0.324510902411221,-1.4137858152389526
Sprn,0.0,0.0,0.0,0.9888502385877284,0.1005259156227111,0.0,1.0,0.0,0.0,1.0,0.0
Olfr523,0.0,0.0,0.0,0.9888502385877284,0.1005259156227111,0.0,1.0,0.0,0.0,1.0,0.0
Olfr524,0.001378663117066,0.0018988120136782,0.4622021317481994,0.9888502385877284,0.1345822364091873,0.4622021317481994,0.9959016226159528,0.2216673493385315,0.4622021317481994,1.0,0.190241739153862
Cd163l1,0.0140046998858451,0.0065608504228293,-1.0993350744247437,0.9888502385877284,0.0687101334333419,-1.0993350744247437,0.3529672638351798,-1.279165506362915,-1.0993350744247437,0.5324940856433361,-0.9813448786735536
5830411N06Rik,0.0353425107896328,0.005274370778352,-2.766096353530884,0.9888502385877284,-0.5317566990852356,-2.766096353530884,0.0005569206562068,-3.8237171173095694,-2.766096353530884,0.0185635013444414,-2.793660879135132
Olfr525,0.0,0.0,0.0,0.9888502385877284,0.1005259156227111,0.0,1.0,0.0,0.0,1.0,0.0
Olfr60,0.0,0.0037919322494417,21.85723876953125,0.9888502385877284,0.2351081520318985,21.85723876953125,0.3107569639228735,1.3688968420028689,21.85723876953125,0.3432879959588767,1.3688968420028689
Olfr530,0.0,0.0052979555912315,22.34082794189453,0.9888502385877284,0.3696903884410858,22.34082794189453,0.124908795989733,1.9157111644744875,22.34082794189453,0.1394968409338263,1.9157111644744875
Olfr46,0.0,0.0015171187696978,20.533998489379883,0.9888502385877284,0.1678170263767242,20.533998489379883,0.4679991859106411,1.0,20.533998489379883,0.5282133287683867,1.0
Olfr539,0.0,0.0,0.0,0.9888502385877284,0.1005259156227111,0.0,1.0,0.0,0.0,1.0,0.0
Cyp2e1,0.0009490897646173,0.0,-19.85687065124512,0.9888502385877284,0.0673658028244972,-19.85687065124512,0.4679991859106411,-1.0,-19.85687065124512,0.6832027011037286,-0.7008072733879089
Syce1,0.006414137315005,0.0092498445883393,0.5302218794822693,0.9888502385877284,0.2700606882572174,0.5302218794822693,0.7735963499993582,0.5390188694000244,0.5302218794822693,0.841998016780275,0.470563679933548
Zfp941,0.0,0.0009306530118919,19.828556060791016,0.9888502385877284,0.1678170263767242,19.828556060791016,0.4679991859106411,1.0,19.828556060791016,0.5282133287683867,1.0
Bet1l,0.1718485057353973,0.1816554069519043,0.0873493403196334,0.2500368069472362,1.6645777225494385,0.0873493403196334,0.8270743767240339,0.4626938104629516,0.0873493403196334,0.8962231497528188,0.3902758657932281
Ric8a,0.2050101608037948,0.2622139751911163,0.3979182541370392,0.0121124300176564,2.9663360118865967,0.3979182541370392,0.0451374669393691,2.3813610076904297,0.3979182541370392,0.1097373197642388,2.0375845432281494
Sirt3,0.0839310735464096,0.1247554793953895,0.6017869710922241,0.0715848406656026,2.2864043712615967,0.6017869710922241,0.0477463831694282,2.358297109603882,0.6017869710922241,0.1069373740554834,2.049479484558105
Psmd13,0.379241019487381,0.8096113801002502,1.4351147413253784,4.719013203638304e-30,11.685129165649414,1.4351147413253784,8.851190635451002e-37,13.58107566833496,1.4351147413253784,3.436418362055209e-28,11.74005126953125
Nlrp6,0.0007365080527961,0.0,-19.490875244140625,0.9888502385877284,0.0673658028244972,-19.490875244140625,0.4679991859106411,-1.0,-19.490875244140625,0.6832027011037286,-0.7008072733879089
Pgghg,0.0220860429108142,0.0514400340616703,1.2410608530044556,0.2861491037187362,1.5855610370635986,1.2410608530044556,0.0153305318663923,2.805089473724365,1.2410608530044556,0.0373564563319403,2.518866539001465
Ifitm2,0.004474505316466,0.0361844412982463,3.038520574569702,0.419866193600893,1.3435817956924438,3.038520574569702,0.0025343877506387,3.404592752456665,3.038520574569702,0.0047590066960665,3.2555673122406006
Ifitm1,0.0031682779081165,0.0593832172453403,4.269045829772949,0.5988170587667145,1.079495906829834,4.269045829772949,0.0034327772107414,3.3136563301086426,4.269045829772949,0.0043633129614801,3.2888405323028564
Ifitm3,0.0151496324688196,0.1211013197898864,3.076155424118042,0.004475127113694,3.285539388656616,3.076155424118042,7.745462751779493e-08,5.803163051605225,3.076155424118042,2.63398121533264e-07,5.600686550140381
Ifitm6,0.0,0.0,0.0,0.9888502385877284,0.1005259156227111,0.0,1.0,0.0,0.0,1.0,0.0
B4galnt4,0.0,0.0013097256887704,20.321779251098636,0.9888502385877284,0.1678170263767242,20.321779251098636,0.4679991859106411,1.0,20.321779251098636,0.5282133287683867,1.0
Pkp3,0.3886864185333252,0.7823184132575989,1.320628643035889,1.247568308389722e-22,10.105916023254396,1.320628643035889,4.084027572162201e-25,11.02012538909912,1.320628643035889,1.106203195294958e-19,9.647722244262695
Sigirr,0.2033293545246124,0.2782194912433624,0.508592426776886,0.0020209695977635,3.523186683654785,0.508592426776886,0.0061965256603632,3.114621877670288,0.508592426776886,0.0255982983559227,2.668494939804077
Ptdss2,0.0330016985535621,0.0623212270438671,0.9385009407997132,0.128953334304976,2.014849901199341,0.9385009407997132,0.0283039538579647,2.5714943408966064,0.9385009407997132,0.0712841488876047,2.240297555923462
Rnh1,0.2202574610710144,0.719187319278717,2.0951223373413086,1.8914297263576338e-44,14.255261421203612,2.0951223373413086,5.74565143720498e-53,16.958866119384766,2.0951223373413086,1.630242360854801e-44,15.184100151062012
Hras,0.1894203871488571,0.4016125798225403,1.2448036670684814,6.474327961856134e-13,7.5445966720581055,1.2448036670684814,1.891303891482181e-14,8.128548622131348,1.2448036670684814,2.4440994265150788e-11,7.1351423263549805
Lrrc56,0.009429701603949,0.0101011116057634,0.099715419113636,0.9888502385877284,0.2354068905115127,0.099715419113636,1.0,0.1260084956884384,0.099715419113636,1.0,0.106329821050167
Lmntd2,0.0010237579699605,0.009541843086481,3.2265419960021973,0.9888502385877284,0.4708137810230255,3.2265419960021973,0.095327335051614,2.049769639968872,3.2265419960021973,0.121420173046329,1.988210916519165
Rassf7,0.0221641231328248,0.0412769541144371,0.9109700322151184,0.3943166136410044,1.3863016366958618,0.9109700322151184,0.1165338614449588,1.9485989809036253,0.9109700322151184,0.1983878800030666,1.7224019765853882
Phrf1,0.2295840382575988,0.2507087886333465,0.1428378373384475,0.092237809301512,2.1728086471557617,0.1428378373384475,0.5370752094060889,0.8865318894386292,0.1428378373384475,0.6832027011037286,0.7450375556945801
Irf7,0.2794581651687622,0.5730290412902832,1.2627359628677368,4.909866481880091e-16,8.45358657836914,1.2627359628677368,2.3235746304107752e-17,9.000920295715332,1.2627359628677368,9.351907730527401e-14,7.935992240905762
Cdhr5,0.0,0.0,0.0,0.9888502385877284,0.1005259156227111,0.0,1.0,0.0,0.0,1.0,0.0
Sct,0.0,0.0021297235507518,21.023771286010746,0.9888502385877284,0.1678170263767242,21.023771286010746,0.4679991859106411,1.0,21.023771286010746,0.5282133287683867,1.0
Drd4,0.0,0.0,0.0,0.9888502385877284,0.1005259156227111,0.0,1.0,0.0,0.0,1.0,0.0
Deaf1,0.0590762794017791,0.0894569009542465,0.6208001375198364,0.1158717638281646,2.0665318965911865,0.6208001375198364,0.0823021255828485,2.116183042526245,0.6208001375198364,0.1660489660244021,1.8228764533996584
Tmem80,0.1524297893047332,0.1551547944545745,0.0275794509798288,0.3164129519332322,1.5254396200180054,0.0275794509798288,1.0,0.1361357122659683,0.0275794509798288,1.0,0.1138660758733749
Taldo1,0.7332565188407898,1.147920846939087,0.9919328093528748,1.541809033227535e-22,10.084332466125488,0.9919328093528748,3.7240731630212187e-32,12.50848388671875,0.9919328093528748,1.187275193496448e-22,10.42690372467041
Gatd1,0.2844175994396209,0.2815190851688385,-0.0169674884527921,0.5536105501183914,1.1404387950897217,-0.0169674884527921,1.0,-0.1136267408728599,-0.0169674884527921,1.0,-0.095203973352909
Cend1,0.0,0.0,0.0,0.9888502385877284,0.1005259156227111,0.0,1.0,0.0,0.0,1.0,0.0
Slc25a22,0.0463236086070537,0.0467073395848274,0.0121804811060428,0.8860375057459899,0.716377854347229,0.0121804811060428,1.0,0.0339388288557529,0.0121804811060428,1.0,0.0284281447529792
Pidd1,0.0167530849575996,0.0365507341921329,1.1398178339004517,0.4308320816746774,1.3268524408340454,1.1398178339004517,0.0576548793260772,2.2774128913879395,1.1398178339004517,0.1123068749262968,2.025723934173584
Rplp2,3.9269282817840576,3.402513265609741,-0.7767044901847839,5.918152608536681e-147,-26.03329849243164,-0.7767044901847839,3.958999674570939e-174,-36.62661361694336,-0.7767044901847839,1.646847270373168e-146,-31.87383270263672
Pnpla2,0.1491458266973495,0.2800932228565216,1.0070178508758545,3.093120661446954e-07,5.507266521453857,1.0070178508758545,1.334646725500172e-07,5.665253639221191,1.0070178508758545,5.718526571252157e-06,4.960077285766602
Cracr2b,0.0,0.0,0.0,0.9888502385877284,0.1005259156227111,0.0,1.0,0.0,0.0,1.0,0.0
Cd151,0.0227392092347145,0.0239387042820453,0.0750315859913826,0.9888502385877284,0.3980706632137298,0.0750315859913826,1.0,0.1447842717170715,0.0750315859913826,1.0,0.1235173121094703
Polr2l,0.09072045981884,0.1402303725481033,0.6646999716758728,0.0044832694648337,3.284941911697388,0.6646999716758728,0.0126852084557681,2.8706207275390625,0.6646999716758728,0.0444539682471325,2.446351766586304
Tspan4,0.0028983966913074,0.0395587384700775,3.797207593917847,0.1470891973501815,1.948679089546204,3.797207593917847,1.210602192504556e-05,4.7784037590026855,3.797207593917847,2.541753974996105e-05,4.654454708099365
Chid1,0.0631501376628875,0.0444553978741169,-0.520033597946167,0.9888502385877284,0.2731974720954895,-0.520033597946167,0.2099546950125156,-1.6208230257034302,-0.520033597946167,0.3719881585284721,-1.3103368282318115
Ap2a2,0.1804501116275787,0.2027897387742996,0.1850134879350662,0.081779830584253,2.2261335849761963,0.1850134879350662,0.4679991859106411,1.019299864768982,0.1850134879350662,0.6105113280767714,0.8591980338096619
Muc6,0.0,0.0,0.0,0.9888502385877284,0.1005259156227111,0.0,1.0,0.0,0.0,1.0,0.0
Tollip,0.0629473552107811,0.0819800645112991,0.3950226008892059,0.203375221842475,1.780040621757507,0.3950226008892059,0.3037665887811653,1.384245753288269,0.3950226008892059,0.4424728812154238,1.17731773853302
Brsk2,0.0015447739278897,0.0,-20.56007957458496,0.9888502385877284,0.0673658028244972,-20.56007957458496,0.4679991859106411,-1.0,-20.56007957458496,0.6832027011037286,-0.7008072733879089
Mob2,0.2083367556333542,0.3222612142562866,0.7151215672492981,1.567178691027645e-05,4.726435661315918,0.7151215672492981,3.326661349329051e-05,4.526638031005859,0.7151215672492981,0.0004944000833772,3.907957077026367
Dusp8,0.0,0.0018219631165266,20.798377990722656,0.9888502385877284,0.1678170263767242,20.798377990722656,0.4679991859106411,1.0,20.798377990722656,0.5282133287683867,1.0
Ifitm10,0.0631394535303115,0.181057721376419,1.6066265106201172,2.949974686883151e-05,4.586924076080322,1.6066265106201172,8.027750672202411e-09,6.187602519989014,1.6066265106201172,1.7531018566913126e-07,5.658326148986816
Ctsd,0.6825591921806335,2.0477545261383057,2.785703659057617,8.866674358581088e-153,26.54914665222168,2.785703659057617,3.4009491197596704e-217,40.87840270996094,2.785703659057617,2.4573333653070232e-158,34.0482063293457
Tnni2,0.0,0.0,0.0,0.9888502385877284,0.1005259156227111,0.0,1.0,0.0,0.0,1.0,0.0
Lsp1,1.0787696838378906,2.30598258972168,2.2185263633728027,2.6067015607133795e-147,26.065488815307617,2.2185263633728027,2.8128320826844444e-201,37.377906799316406,2.2185263633728027,5.652552966604022e-131,30.198278427124023
Prr33,0.0,0.0,0.0,0.9888502385877284,0.1005259156227111,0.0,1.0,0.0,0.0,1.0,0.0
Tnnt3,0.0032962886616587,0.003351298160851,0.0239172652363777,0.9888502385877284,0.1351797133684158,0.0239172652363777,1.0,0.0180211272090673,0.0239172652363777,1.0,0.0152172874659299
Mrpl23,0.8191311955451965,0.5420501828193665,-0.8180316090583801,5.5659858414510566e-14,-7.865443229675293,-0.8180316090583801,4.9673005101061775e-15,-8.259634017944336,-0.8180316090583801,2.23602675037012e-10,-6.798933029174805
Tspan32,0.4061342477798462,0.3119134902954101,-0.4528349041938782,0.3743873475724876,-1.419461727142334,-0.4528349041938782,0.0050716431577178,-3.179847002029419,-0.4528349041938782,0.0284831815799043,-2.6278111934661865
Cd81,0.0169001761823892,0.0102673815563321,-0.7237652540206909,0.9888502385877284,0.1662486493587494,-0.7237652540206909,0.4398530374960751,-1.1195809841156006,-0.7237652540206909,0.5943370539347506,-0.8840690851211548
Tssc4,0.0795791521668434,0.1750535517930984,1.207664966583252,3.938573759106283e-05,4.521649360656738,1.207664966583252,1.3234618240360905e-06,5.224487781524658,1.207664966583252,2.5470971764714573e-05,4.635970592498779
Cdkn1c,0.0058398158289492,0.0038006482645869,-0.6211492419242859,0.9888502385877284,0.1354784518480301,-0.6211492419242859,0.7528938670131791,-0.5697669982910156,-0.6211492419242859,0.852210170700223,-0.4547120630741119
Slc22a18,0.0003030791413038,0.0,-18.20955848693848,0.9888502385877284,0.0673658028244972,-18.20955848693848,0.4679991859106411,-1.0,-18.20955848693848,0.6832027011037286,-0.7008072733879089
Phlda2,0.0010111439041793,0.0,-19.948287963867188,0.9888502385877284,0.0673658028244972,-19.948287963867188,0.4679991859106411,-1.0,-19.948287963867188,0.6832027011037286,-0.7008072733879089
Nap1l4,0.5454572439193726,0.5508448481559753,0.0184198226779699,0.9888502385877284,0.0524288192391395,0.0184198226779699,1.0,0.1701841056346893,0.0184198226779699,1.0,0.1416947841644287
Cars,0.0477786697447299,0.0549850389361381,0.2079152464866638,0.5302083996289285,1.1750179529190063,0.2079152464866638,0.7304298045423767,0.5998290181159973,0.2079152464866638,0.8160237827529399,0.5075985789299011
Tnfrsf26,0.1022007018327713,0.0131025100126862,-3.0283780097961426,0.0843829186667774,-2.212167501449585,-3.0283780097961426,2.6611784130220056e-12,-7.392848491668701,-3.0283780097961426,6.60662083109293e-07,-5.427907943725586
Tnfrsf22,0.0268188491463661,0.0077379564754664,-1.8070263862609863,0.9888502385877284,-0.2663264572620392,-1.8070263862609863,0.0116876894527342,-2.8974759578704834,-1.8070263862609863,0.0756962746224223,-2.2144734859466557
Tnfrsf23,0.0186374522745609,0.0077828397043049,-1.267683029174805,0.9888502385877284,-0.1650536954402923,-1.267683029174805,0.1570374070809525,-1.791473627090454,-1.267683029174805,0.3249263468812097,-1.4119454622268677
Osbpl5,0.0546584278345108,0.1122258827090263,1.0799930095672607,0.0246718178016485,2.711585760116577,1.0799930095672607,0.0008765718130691,3.705679178237915,1.0799930095672607,0.0040152012051317,3.305115222930908
Mrgpre,0.0,0.0138210160657763,23.730342864990234,0.838242944553846,0.7734370827674866,23.730342864990234,0.0068489814102126,3.0908827781677246,23.730342864990234,0.0080085878856478,3.0908827781677246
Nadsyn1,0.0114741949364542,0.0132162207737565,0.20517598092556,0.9888502385877284,0.4343675374984741,0.20517598092556,0.933911063717108,0.31084144115448,0.20517598092556,0.9817034939302464,0.2596945464611053
Dhcr7,0.1026793494820594,0.1303145438432693,0.36417356133461,0.1034395147306954,2.119931697845459,0.36417356133461,0.2368344921845696,1.5508458614349363,0.36417356133461,0.3632674263284582,1.3264014720916748
Cttn,0.0005408413126133,0.0064231818541884,3.574254035949707,0.9888502385877284,0.3366796672344208,3.574254035949707,0.1829032998226078,1.7035915851593018,3.574254035949707,0.2123382474991559,1.6823430061340332
Ppfia1,0.1872863471508026,0.2597716152667999,0.5262313485145569,0.0010940206266206,3.6963064670562735,0.5262313485145569,0.0064906974058868,3.099240064620972,0.5262313485145569,0.0269379793384486,2.6486358642578125
Fadd,0.0524243079125881,0.069642536342144,0.4222796261310577,0.2082316899558954,1.7670453786849976,0.4222796261310577,0.319848418824823,1.3478602170944214,0.4222796261310577,0.4591029216238961,1.14956533908844
LTO1,0.0634810477495193,0.0872123315930366,0.4755397140979767,0.2405961833238566,1.6865350008010864,0.4755397140979767,0.2152738761515711,1.6069378852844238,0.4755397140979767,0.3326983729278434,1.3899515867233276
Ccnd1,0.011053211055696,0.0,-23.40594291687012,0.9888502385877284,-0.1979150623083114,-23.40594291687012,0.0104550822687318,-2.939160108566284,-23.40594291687012,0.1054257833655038,-2.0597846508026123
Tpcn2,0.0203420408070087,0.0264969337731599,0.3858181238174438,0.95588018424886,0.6254862546920776,0.3858181238174438,0.6157873587431861,0.7664470672607422,0.3858181238174438,0.714128207773503,0.6555500626564026
Smim38,0.0010765409097075,0.0,-20.03874969482422,0.9888502385877284,0.0673658028244972,-20.03874969482422,0.4679991859106411,-1.0,-20.03874969482422,0.6832027011037286,-0.7008072733879089
Ppp1r14c,0.0035014562308788,0.0020234603434801,-0.7921968102455139,0.9888502385877284,0.0681126564741134,-0.7921968102455139,0.7902422907229105,-0.515487790107727,-0.7921968102455139,0.8775868952705034,-0.4181060492992401
Mthfd1l,0.1106460690498352,0.1347354799509048,0.3019096553325653,0.0772252320961604,2.252497434616089,0.3019096553325653,0.3148505346399358,1.3584387302398682,0.3019096553325653,0.4584800786310703,1.1504735946655271
Akap12,0.0179079435765743,0.0382313169538974,1.10888409614563,0.5392225769155609,1.1619480848312378,1.10888409614563,0.0705649786178067,2.1870317459106445,1.10888409614563,0.1270828178646186,1.962351679801941
Zbtb2,0.0899826809763908,0.0834963098168373,-0.1126815900206565,0.9619501054605666,0.6188393235206604,-0.1126815900206565,0.8652385706722108,-0.409647673368454,-0.1126815900206565,0.9271587699050584,-0.344203382730484
Rmnd1,0.1234805583953857,0.0682082325220108,-0.8967735171318054,0.9888502385877284,-0.5305617451667786,-0.8967735171318054,0.0014446243302591,-3.55733060836792,-0.8967735171318054,0.0166791847253712,-2.829397678375244
Armt1,0.1074733212590217,0.1374397128820419,0.37687748670578,0.0579572675669452,2.376549005508423,0.37687748670578,0.1819558706273664,1.705291986465454,0.37687748670578,0.3085241011186725,1.448264479637146
Ccdc170,0.0010142164537683,0.0,-19.952667236328125,0.9888502385877284,0.0673658028244972,-19.952667236328125,0.4679991859106411,-1.0,-19.952667236328125,0.6832027011037286,-0.7008072733879089
Esr1,0.0110255517065525,0.001727731199935,-2.6806135177612305,0.9888502385877284,-0.1645309031009674,-2.6806135177612305,0.0444755425041842,-2.386303186416626,-2.6806135177612305,0.1857519280120767,-1.7628555297851562
Syne1,0.1518335789442062,0.2076350599527359,0.4930164813995361,0.0280956913516152,2.662965774536133,0.4930164813995361,0.0359173527159543,2.475684642791748,0.4930164813995361,0.0869668343763615,2.147900342941284
Myct1,0.0011561257997527,0.0,-20.14170265197754,0.9888502385877284,0.0673658028244972,-20.14170265197754,0.4679991859106411,-1.0,-20.14170265197754,0.6832027011037286,-0.7008072733879089
Fbxo5,0.0725162252783775,0.0966932699084281,0.432797372341156,0.3162435461443789,1.5258877277374268,0.432797372341156,0.2457123351612103,1.528841495513916,0.432797372341156,0.3628328420426865,1.3272955417633057
Mtrf1l,0.0692819654941558,0.0849496498703956,0.3055750131607055,0.341366482190825,1.479657769203186,0.3055750131607055,0.4602335265901625,1.0852638483047483,0.3055750131607055,0.5686088043066081,0.9236764311790466
Oprm1,0.0020834263414144,0.0007415512227453,-1.4913067817687988,0.9888502385877284,0.1013474464416503,-1.4913067817687988,0.5846315129101878,-0.8135525584220886,-1.4913067817687988,0.7509037253424246,-0.6019403338432312
Ipcef1,0.5526956915855408,0.668204665184021,0.3655517101287842,0.0250522629513053,2.7058348655700684,0.3655517101287842,0.0026939045104251,3.3767733573913574,0.3655517101287842,0.0152102394312595,2.8605847358703613
Cnksr3,0.0181571003049612,0.0007112665334716,-4.686602115631104,0.9888502385877284,-0.3639396429061889,-4.686602115631104,0.0006423355639931,-3.788018703460693,-4.686602115631104,0.0258192593102346,-2.670929193496704
Ulbp1,0.0339000113308429,0.07694873213768,1.2139517068862915,0.0325368858551918,2.608445882797241,1.2139517068862915,0.001904117450872,3.48370361328125,1.2139517068862915,0.0074459050527994,3.1065266132354736
Lrp11,0.0024240852799266,0.0073515637777745,1.6041676998138428,0.9888502385877284,0.3700638115406036,1.6041676998138428,0.3768889136064043,1.2322602272033691,1.6041676998138428,0.472320656014234,1.127672791481018
Pcmt1,0.2890971899032593,0.6091983914375305,1.323481798171997,1.1684009578697923e-20,9.642794609069824,1.323481798171997,3.554230714375146e-24,10.7785005569458,1.323481798171997,1.1362423259503261e-18,9.374022483825684
Nup43,0.0655044764280319,0.0977380350232124,0.6008945107460022,0.0405678377581394,2.521960735321045,0.6008945107460022,0.060681734530764,2.2539823055267334,0.6008945107460022,0.1356986380487355,1.9274146556854248
Lats1,0.0938919112086296,0.108912169933319,0.2251101583242416,0.2591568530305006,1.644860863685608,0.2251101583242416,0.5194046712847251,0.9149779081344604,0.2251101583242416,0.6674797809265953,0.7749511003494263
Katna1,0.1611581146717071,0.2531413435935974,0.7201071381568909,0.0001404249221158,4.22522497177124,0.7201071381568909,0.0002721752238136,4.01724910736084,0.7201071381568909,0.0021556490180459,3.493755578994751
Ginm1,0.1411001682281494,0.2443778961896896,0.8692847490310669,1.6366470748962384e-06,5.1885857582092285,0.8692847490310669,1.026463956120489e-05,4.789859294891357,0.8692847490310669,0.0001912122546279,4.154129981994629
Ppil4,0.407682716846466,0.3767448663711548,-0.137630820274353,0.9888502385877284,-0.0452590659260749,-0.137630820274353,0.4679991859106411,-1.0494112968444824,-0.137630820274353,0.5991449276128886,-0.8765777945518494
Zc3h12d,0.0997661799192428,0.1466781049966812,0.59056556224823,0.0208636149239484,2.773723602294922,0.59056556224823,0.0292135803781044,2.559368371963501,0.59056556224823,0.0747242645451863,2.2194137573242188
Tab2,0.3279664516448974,0.5128089189529419,0.7875219583511353,4.04055438062641e-09,6.257401943206787,0.7875219583511353,5.424193884607953e-09,6.227842330932617,0.7875219583511353,9.665132470545433e-07,5.323944091796875
Ust,0.0263654347509145,0.0424947813153266,0.7003396153450012,0.5695690713918782,1.1186308860778809,0.7003396153450012,0.2108142314772927,1.619070291519165,0.7003396153450012,0.3257031254807668,1.4094208478927612
Sash1,0.0003030791413038,0.0,-18.20955848693848,0.9888502385877284,0.0673658028244972,-18.20955848693848,0.4679991859106411,-1.0,-18.20955848693848,0.6832027011037286,-0.7008072733879089
Stxbp5,0.101461261510849,0.1465561389923095,0.5637255311012268,0.0146565983423055,2.900090456008911,0.5637255311012268,0.0324385069753961,2.5171632766723637,0.5637255311012268,0.0841031783038103,2.1625072956085205
Rab32,0.0173676889389753,0.0060301409102976,-1.5343363285064695,0.9888502385877284,-0.0334588475525379,-1.5343363285064695,0.0616610523348855,-2.2460262775421143,-1.5343363285064695,0.2089416953529754,-1.6914528608322144
Shprh,0.1635852754116058,0.1461635082960128,-0.1753512322902679,0.950704113800783,0.6319838762283325,-0.1753512322902679,0.5546216275303378,-0.8597185611724854,-0.1753512322902679,0.6832027011037286,-0.7181697487831116
Fbxo30,0.0111931581050157,0.0472103282809257,2.102592706680298,0.2324781552800887,1.70557963848114,2.102592706680298,0.0008983672211471,3.7040562629699703,2.102592706680298,0.0023776366871385,3.4688103199005127
Utrn,0.937541961669922,0.7767629027366638,-0.4037537574768066,1.480275534467004e-05,-4.738684177398682,-0.4037537574768066,0.0001007393021144,-4.263561248779297,-0.4037537574768066,0.0014374647663104,-3.612863063812256
Stx11,0.008809364400804,0.1849294155836105,4.52088737487793,1.910803069640927e-12,7.398512840270996,4.52088737487793,1.159436639594542e-22,10.655494689941406,4.52088737487793,6.173209712739946e-22,10.449426651000977
Sf3b5,0.7120711803436279,0.8756192922592163,0.431703120470047,0.0002379172714899,4.093854427337647,0.431703120470047,1.007139481103297e-05,4.789046764373779,0.431703120470047,0.0003275369970036,4.017258644104004
Plagl1,0.0,0.0,0.0,0.9888502385877284,0.1005259156227111,0.0,1.0,0.0,0.0,1.0,0.0
Ltv1,0.1863244324922561,0.1567203849554062,-0.2715888023376465,0.9888502385877284,0.4929205179214477,-0.2715888023376465,0.2761717960261798,-1.458570122718811,-0.2715888023376465,0.4294574832425025,-1.20087468624115
Phactr2,0.0043242182582616,0.0641759261488914,3.934941053390503,0.0344677681114892,2.586114883422852,3.934941053390503,1.0924099397112353e-07,5.742630958557129,3.934941053390503,2.627973270406925e-07,5.608036518096924
Fuca2,0.0602400228381156,0.2584773302078247,2.248037338256836,4.391523511500152e-14,7.896362781524658,2.248037338256836,3.27924582136019e-19,9.59425926208496,2.248037338256836,8.238145340528386e-17,8.890204429626465
Pex3,0.11249640583992,0.0839142948389053,-0.4438454806804657,0.9888502385877284,0.1671448647975921,-0.4438454806804657,0.158706049100891,-1.7865031957626345,-0.4438454806804657,0.3011591405241708,-1.4649221897125244
Adat2,0.0344711393117904,0.046791598200798,0.4498080015182495,0.3561042810962307,1.452323079109192,0.4498080015182495,0.3840698365644055,1.2185693979263306,0.4498080015182495,0.5282133287683867,1.031025767326355
Aig1,0.1222131699323654,0.179502248764038,0.5969659090042114,0.0052089418933662,3.2390854358673096,0.5969659090042114,0.012197697322081,2.885211944580078,0.5969659090042114,0.0398347643514659,2.492101192474365
Hivep2,0.2596498429775238,0.2762245833873749,0.1017637327313423,0.1348597117100432,1.9924445152282717,0.1017637327313423,0.6999963223077766,0.6431344747543335,0.1017637327313423,0.793774507685698,0.5403213500976562
Adgrg6,0.0,0.0,0.0,0.9888502385877284,0.1005259156227111,0.0,1.0,0.0,0.0,1.0,0.0
Vta1,0.1986867934465408,0.299033522605896,0.6651951670646667,9.61941361350369e-05,4.314996242523193,0.6651951670646667,0.0001585616612833,4.153709411621094,0.6651951670646667,0.0016020846675424,3.581141710281372
Nmbr,0.0,0.0,0.0,0.9888502385877284,0.1005259156227111,0.0,1.0,0.0,0.0,1.0,0.0
Cited2,0.4165149331092834,0.6372919082641602,0.7867613434791565,1.1800261691830543e-09,6.453524589538574,0.7867613434791565,3.547189251483081e-09,6.300639152526856,0.7867613434791565,6.772669254061488e-07,5.393085479736328
Txlnb,0.0012528934748843,0.0047314465045928,1.919527053833008,0.9888502385877284,0.2690151035785675,1.919527053833008,0.4224221488732928,1.149510622024536,1.919527053833008,0.5140325661594004,1.0592838525772097
Heca,0.3924198448657989,0.4510113000869751,0.2459921687841415,0.130515763629256,2.0089497566223145,0.2459921687841415,0.129274653180125,1.8954929113388064,0.2459921687841415,0.24005840967061,1.6081589460372925
Abracl,1.135074019432068,2.246628522872925,2.001739025115967,5.658773149308835e-145,25.854875564575195,2.001739025115967,2.539220191122312e-194,36.05405044555664,2.001739025115967,9.979128983581323e-120,28.66136360168457
Reps1,0.1412872076034546,0.2417250871658325,0.8494979739189148,1.8555393362808104e-05,4.689317226409912,0.8494979739189148,2.830501359278674e-05,4.564069271087647,0.8494979739189148,0.0003912424617452,3.9705920219421382
Ect2l,0.0023320524487644,0.0,-21.15485191345215,0.9888502385877284,0.0342056974768638,-21.15485191345215,0.2942789202292576,-1.4141489267349243,-21.15485191345215,0.5299909986835808,-0.9910458326339722
Ccdc28a,0.0890731811523437,0.029519097879529,-1.6367263793945312,0.5348256702904725,-1.16807222366333,-1.6367263793945312,5.110963437849429e-06,-4.9272990226745605,-1.6367263793945312,0.0008136985862035,-3.7784299850463863
Nhsl1,0.0045221778564155,0.0,-22.11185073852539,0.9888502385877284,-0.0321145206689834,-22.11185073852539,0.1081797326404701,-1.9848905801773071,-22.11185073852539,0.3327003199178021,-1.3910257816314695
Arfgef3,0.0,0.0,0.0,0.9888502385877284,0.1005259156227111,0.0,1.0,0.0,0.0,1.0,0.0
Perp,0.0032747120130807,0.1024552881717681,5.039656162261963,0.0002367238463752,4.095198631286621,5.039656162261963,8.735992836416242e-13,7.698719501495361,5.039656162261963,1.8661933066287294e-12,7.614412784576416
Tnfaip3,0.2831430733203888,0.7873981595039368,1.8715678453445437,7.500093150906846e-36,12.785163879394531,1.8715678453445437,7.850071855351949e-38,13.963915824890137,1.8715678453445437,9.575178394874507e-32,12.567952156066896
Olig3,0.0020251325331628,0.0,-20.951045989990234,0.9888502385877284,0.0342056974768638,-20.951045989990234,0.2942789202292576,-1.4149421453475952,-20.951045989990234,0.5299909986835808,-0.9916017651557922
Ifngr1,0.5099243521690369,1.473870873451233,2.339294672012329,6.17209713095667e-94,20.788997650146484,2.339294672012329,1.7615495231572e-111,26.308013916015625,2.339294672012329,1.2170666132175056e-87,22.619922637939453
Il22ra2,0.0,0.0,0.0,0.9888502385877284,0.1005259156227111,0.0,1.0,0.0,0.0,1.0,0.0
Il20ra,0.0,0.0064963512122631,22.635887145996094,0.9888502385877284,0.3696903884410858,22.635887145996094,0.1347018509171028,1.8761403560638428,22.635887145996094,0.1507747497383978,1.8761403560638428
Slc35d3,0.0021294225007295,0.0,-21.02356719970703,0.9888502385877284,0.0342056974768638,-21.02356719970703,0.2942789202292576,-1.4148097038269043,-21.02356719970703,0.5299909986835808,-0.9915089011192322
Pex7,0.1400635987520218,0.2310910075902938,0.7900709509849548,5.539128086281977e-05,4.444873332977295,0.7900709509849548,0.0001040733186079,4.257883548736572,0.7900709509849548,0.001123373058579,3.683719158172608
Map3k5,0.0588423311710357,0.0848686769604682,0.5473767518997192,0.1449649261985874,1.956446409225464,0.5473767518997192,0.1336726948712235,1.8782241344451904,0.5473767518997192,0.235339805634005,1.620338797569275
Map7,0.0777032524347305,0.0162929408252239,-2.298372983932495,0.4683773621270771,-1.266357660293579,-2.298372983932495,1.111331425500205e-07,-5.679293155670166,-2.298372983932495,0.0001599034914419,-4.211994171142578
Bclaf1,0.9850730299949646,0.7859053015708923,-0.4904718995094299,1.1121978445840732e-08,-6.090257167816162,-0.4904718995094299,2.800964281027111e-07,-5.513722896575928,-0.4904718995094299,2.983984784808936e-05,-4.5998053550720215
Mtfr2,0.0045743756927549,0.0136311007663607,1.5817979574203491,0.8391838011558044,0.7719433903694153,1.5817979574203491,0.1234306365010531,1.919554710388184,1.5817979574203491,0.1989945717571629,1.7204198837280271
Pde7b,0.0,0.0004586329159792,18.807313919067383,0.9888502385877284,0.1678170263767242,18.807313919067383,0.4679991859106411,1.0,18.807313919067383,0.5282133287683867,1.0
Ahi1,0.1065971627831459,0.1294625550508499,0.2971839606761932,0.1178087825346214,2.058764696121216,0.2971839606761932,0.3553303155680228,1.2745414972305298,0.2971839606761932,0.502917807150988,1.0772229433059692
Myb,0.0941941812634468,0.161459594964981,0.8270186185836792,0.0003663837596502,3.985710620880127,0.8270186185836792,0.001623286995371,3.527045965194702,0.8270186185836792,0.0095343521302088,3.0229930877685547
Hbs1l,0.1559000760316848,0.1934171020984649,0.3389436602592468,0.0217933307230799,2.757143497467041,0.3389436602592468,0.1533166177683278,1.804705262184143,0.3389436602592468,0.2710509226647819,1.5323281288146973
Aldh8a1,0.0035230759531259,0.0,-21.750946044921875,0.9994412017932364,0.0010455889860168,-21.750946044921875,0.175188784299411,-1.7304751873016355,-21.750946044921875,0.4247678424441667,-1.212729573249817
1700020N01Rik,0.0012544686906039,0.0,-20.259552001953125,0.9888502385877284,0.0673658028244972,-20.259552001953125,0.4679991859106411,-1.0,-20.259552001953125,0.6832027011037286,-0.7008072733879089
Sgk1,0.296017438173294,0.2583275139331817,-0.2249227315187454,0.9888502385877284,0.0632581338286399,-0.2249227315187454,0.2872608903312767,-1.4340626001358032,-0.2249227315187454,0.4310503981177879,-1.1979174613952637
4930444G20Rik,0.0,0.0,0.0,0.9888502385877284,0.1005259156227111,0.0,1.0,0.0,0.0,1.0,0.0
E030030I06Rik,0.0404281616210937,0.051145065575838,0.3470242917537689,0.8070948474125638,0.8116757869720459,0.3470242917537689,0.5387577882177238,0.8837920427322388,0.3470242917537689,0.6740476651425701,0.7644926905632019
Raet1e,0.0,0.0,0.0,0.9888502385877284,0.1005259156227111,0.0,1.0,0.0,0.0,1.0,0.0
H60b,0.0041002491489052,0.0037866225466132,-0.1150262951850891,0.9888502385877284,0.1021689847111702,-0.1150262951850891,1.0,-0.0927936881780624,-0.1150262951850891,1.0,-0.078808918595314
Raet1d,0.0,0.0,0.0,0.9888502385877284,0.1005259156227111,0.0,1.0,0.0,0.0,1.0,0.0
Slc2a12,0.0111014600843191,0.0066052805632352,-0.7523057460784912,0.9888502385877284,0.0365956127643585,-0.7523057460784912,0.5282124071748779,-0.9006443023681641,-0.7523057460784912,0.6832027011037286,-0.732310950756073
Tbpl1,0.121885746717453,0.2777141332626343,1.3042179346084597,1.0950489033058314e-09,6.465399742126465,1.3042179346084597,3.6016823217110306e-11,7.053011417388916,1.3042179346084597,5.6584651881055964e-09,6.261354446411133
Rps12,3.954822540283203,3.5505740642547607,-0.5973172187805176,1.591476566703153e-84,-19.7120418548584,-0.5973172187805176,8.505299830251959e-87,-22.17941093444824,-0.5973172187805176,3.596275336630647e-64,-18.73724365234375
Vnn3,0.0,0.0,0.0,0.9888502385877284,0.1005259156227111,0.0,1.0,0.0,0.0,1.0,0.0
Stx7,0.0976986587047576,0.0952077507972717,-0.0390853695571422,0.4781154241205023,1.2514206171035769,-0.0390853695571422,1.0,-0.1582508981227874,-0.0390853695571422,1.0,-0.1311951279640197
Enpp1,0.0388179458677768,0.0876730233430862,1.211022138595581,0.0129090318039551,2.9443039894104004,1.211022138595581,0.0006271968180399,3.797910451889038,1.211022138595581,0.0033896534439892,3.357593297958374
Enpp3,0.0,0.0,0.0,0.9888502385877284,0.1005259156227111,0.0,1.0,0.0,0.0,1.0,0.0
Med23,0.0750135704874992,0.0697603747248649,-0.1085788086056709,0.7872022337971882,0.8342306613922119,-0.1085788086056709,0.8905498027741421,-0.3720879852771759,-0.1085788086056709,0.9502367528043258,-0.3076894581317901
Arg1,0.0,0.0,0.0,0.9888502385877284,0.1005259156227111,0.0,1.0,0.0,0.0,1.0,0.0
Akap7,0.0091599570587277,0.0029235349502414,-1.6521297693252563,0.9994412017932364,0.0019418081501498,-1.6521297693252563,0.2557063015026584,-1.5047221183776855,-1.6521297693252563,0.4712859215156455,-1.1299142837524414
Epb41l2,0.1105196997523307,0.0512920059263706,-1.1507972478866575,0.605446475162713,-1.070235013961792,-1.1507972478866575,0.0001515866215326,-4.158442497253418,-1.1507972478866575,0.0041815170672881,-3.2947933673858643
Tmem200a,0.0,0.0,0.0,0.9888502385877284,0.1005259156227111,0.0,1.0,0.0,0.0,1.0,0.0
Samd3,0.0129487914964556,0.0053176307119429,-1.2894747257232666,0.9888502385877284,-0.0640796646475792,-1.2894747257232666,0.2555349867953205,-1.50518798828125,-1.2894747257232666,0.4468639297703475,-1.1707613468170166
L3mbtl3,0.2033354490995407,0.131137266755104,-0.6863150596618652,0.8520824567147763,-0.7559608221054077,-0.6863150596618652,0.0020585125117731,-3.454803705215454,-0.6863150596618652,0.0180244614850013,-2.800717830657959
Arhgap18,0.065846249461174,0.1469277441501617,1.2174582481384275,0.0017887568991031,3.558512687683105,1.2174582481384275,3.491703738399341e-05,4.522292613983154,1.2174582481384275,0.0002624709255344,4.075284481048584
Ptprk,0.0118390852585434,0.1193435788154602,3.4118869304656982,3.105846250225642e-05,4.575497627258301,3.4118869304656982,2.913292454840672e-12,7.495478630065918,3.4118869304656982,1.8200475711815592e-11,7.234610557556152
Themis,0.8970043659210205,0.8511826395988464,-0.1134547963738441,0.2128775059647702,-1.7542742490768433,-0.1134547963738441,0.3715973340242967,-1.2424691915512085,-0.1134547963738441,0.5282133287683867,-1.0314016342163086
Echdc1,0.0697284489870071,0.0551431290805339,-0.3491967916488647,0.9888502385877284,0.2755873799324035,-0.3491967916488647,0.4577676987604842,-1.0892786979675293,-0.3491967916488647,0.5813598324740349,-0.9043112397193908
Rnf146,0.2099321186542511,0.262687087059021,0.362974464893341,0.0130328851108825,2.9410924911499023,0.362974464893341,0.0647251419411547,2.2247209548950195,0.362974464893341,0.1463621277821401,1.8882007598876955
Cenpw,0.0694623962044715,0.2779073119163513,2.155010461807251,6.01075063175654e-13,7.554529666900635,2.155010461807251,1.8330391340431364e-18,9.389500617980955,2.155010461807251,2.8289126621855646e-16,8.738348007202148
Trmt11,0.093527927994728,0.1117268577218055,0.2698593139648437,0.2507513230690281,1.66293466091156,0.2698593139648437,0.4501128865536841,1.1022599935531616,0.2698593139648437,0.5579530203816256,0.9404680132865906
Hint3,0.2250823676586151,0.3584108352661133,0.7720069289207458,3.1551924878513734e-06,5.057588577270508,0.7720069289207458,3.1750115104308142e-06,5.041141510009766,0.7720069289207458,7.368192581366145e-05,4.387806415557861
Ncoa7,0.1386548280715942,0.1510398238897323,0.1325808465480804,0.1571247712210504,1.9158177375793457,0.1325808465480804,0.7046508955144258,0.6371368169784546,0.1325808465480804,0.7974787583060363,0.5347545742988586
Hey2,0.0011167509946972,0.0,-20.09168243408203,0.9888502385877284,0.0673658028244972,-20.09168243408203,0.4679991859106411,-1.0,-20.09168243408203,0.6832027011037286,-0.7008072733879089
Hddc2,0.2480460405349731,0.292428195476532,0.2709293961524963,0.0204379395254689,2.781266689300537,0.2709293961524963,0.1631445590089826,1.772213339805603,0.2709293961524963,0.2874392134848677,1.4944695234298706
Tpd52l1,0.0,0.0,0.0,0.9888502385877284,0.1005259156227111,0.0,1.0,0.0,0.0,1.0,0.0
Rnf217,0.0,0.0,0.0,0.9888502385877284,0.1005259156227111,0.0,1.0,0.0,0.0,1.0,0.0
Zup1,0.3549010157585144,0.3511608839035034,-0.0181409306824207,0.6703568602797089,0.98509418964386,-0.0181409306824207,1.0,-0.1298211812973022,-0.0181409306824207,1.0,-0.1087046116590499
Rwdd1,0.5683901906013489,0.8444125652313232,0.7934163212776184,3.1940071568329734e-11,7.000367641448975,0.7934163212776184,5.0599477422257546e-15,8.27537727355957,0.7934163212776184,5.7779506638273246e-11,7.004469871520996
Calhm6,0.1934066414833068,0.1172114759683609,-0.7789086103439331,0.4507913375600638,-1.2951112985610962,-0.7789086103439331,0.0004883804840816,-3.8585197925567623,-0.7789086103439331,0.0069543422253083,-3.1298539638519287
Dse,0.0735638663172721,0.0080249700695276,-3.244026899337769,0.218192397140921,-1.740756273269653,-3.244026899337769,1.5636307456628678e-10,-6.7877302169799805,-3.244026899337769,7.055414258387825e-06,-4.940819263458252
Tspyl1,0.1881210803985595,0.2298332601785659,0.3200623095035553,0.0299701153263325,2.6385438442230225,0.3200623095035553,0.1397912272460644,1.853709697723389,0.3200623095035553,0.2565107121582252,1.5689456462860107
Nt5dc1,0.1292460560798645,0.187630295753479,0.5809993743896484,0.0036405218555478,3.349618911743164,0.5809993743896484,0.010566426377147,2.9356839656829834,0.5809993743896484,0.0371600659889107,2.5211899280548096
Tspyl4,0.1053509190678596,0.0829459652304649,-0.3613744080066681,0.9888502385877284,0.1000778004527092,-0.3613744080066681,0.3001664901304079,-1.3931971788406372,-0.3613744080066681,0.4555447755849626,-1.1556333303451538
Col10a1,0.0,0.0020232663955539,20.94971466064453,0.9888502385877284,0.1678170263767242,20.94971466064453,0.4679991859106411,1.0,20.94971466064453,0.5282133287683867,1.0
Amd2,0.0703480094671249,0.0135568613186478,-2.416738986968994,0.4182922367915749,-1.3461211919784546,-2.416738986968994,2.268550251548401e-07,-5.546201229095459,-2.416738986968994,0.0002178075244582,-4.13243293762207
Hdac2,0.2485080361366272,0.205920323729515,-0.3030892610549927,0.9888502385877284,0.1203921064734458,-0.3030892610549927,0.1333613396411033,-1.8789585828781128,-0.3030892610549927,0.264939127889953,-1.5462826490402222
Marcks,0.0283583607524633,0.0150385042652487,-0.9247560501098632,0.9888502385877284,-0.1000031158328056,-0.9247560501098632,0.1858238078312793,-1.691476345062256,-0.9247560501098632,0.3483769204363202,-1.3574475049972534
Fam229b,0.001019817776978,0.0007217935053631,-0.4988678693771362,0.9888502385877284,0.1345822364091873,-0.4988678693771362,0.9844821699654166,-0.2385329157114029,-0.4988678693771362,1.0,-0.183469757437706
Tube1,0.0124113429337739,0.0182523913681507,0.5606504082679749,0.7073410532734805,0.934607207775116,0.5606504082679749,0.4863829185245806,0.9690988659858704,0.5606504082679749,0.6419114410763855,0.8111022114753723
Ccn6,0.0,0.0,0.0,0.9888502385877284,0.1005259156227111,0.0,1.0,0.0,0.0,1.0,0.0
Fyn,0.5210815668106079,0.9938363432884216,1.3151267766952517,7.296823789961127e-29,11.446137428283691,1.3151267766952517,3.860393571545029e-34,13.010918617248535,1.3151267766952517,8.144641093317802e-26,11.185580253601074
Traf3ip2,0.1060661599040031,0.1119492575526237,0.0822015330195427,0.3299980506992158,1.500196099281311,0.0822015330195427,0.9073288328511216,0.3486137390136719,0.0822015330195427,0.960925606490278,0.2923305034637451
Rev3l,0.2574656903743744,0.1593955159187317,-0.7649672627449036,0.2987000428867287,-1.5595706701278689,-0.7649672627449036,7.531155485724473e-05,-4.328980445861816,-0.7649672627449036,0.002057652850628,-3.5095012187957764
Mfsd4b4,0.0101007455959916,0.0106683541089296,0.079286091029644,0.9888502385877284,0.2687163650989532,0.079286091029644,1.0,0.1052006408572197,0.079286091029644,1.0,0.088701419532299
Mfsd4b5,0.0044877063482999,0.0,-22.100786209106445,0.9888502385877284,-0.0321145206689834,-22.100786209106445,0.1080550928026449,-1.9856148958206177,-22.100786209106445,0.3325751157558842,-1.391533374786377
Slc16a10,0.0442258603870868,0.0173166133463382,-1.372243881225586,0.9888502385877284,-0.4733530580997467,-1.372243881225586,0.0084336782937061,-3.009500741958618,-1.372243881225586,0.0559305885003696,-2.348906755447388
Rpf2,0.1786575317382812,0.2120459079742431,0.2720483243465423,0.0514232289479431,2.4262144565582275,0.2720483243465423,0.265336149054992,1.4831535816192627,0.2720483243465423,0.3990635533288004,1.2600491046905518
Gtf3c6,0.2155567556619644,0.2798957526683807,0.4251469373703003,0.0052509907720072,3.2366206645965576,0.4251469373703003,0.0226452705708628,2.6580259799957275,0.4251469373703003,0.0672106964989915,2.2663207054138184
Amd1,0.1088068187236785,0.0688037276268005,-0.6904935836791992,0.9888502385877284,-0.0445869006216526,-0.6904935836791992,0.0237104924399279,-2.6388893127441406,-0.6904935836791992,0.089727307227311,-2.133802652359009
Cdk19,0.1755158007144928,0.0602644681930542,-1.626990556716919,0.0325368858551918,-2.608445882797241,-1.626990556716919,4.996195271458612e-11,-6.953249931335449,-1.626990556716919,8.277778113330957e-07,-5.369402885437012
Cdc40,0.483578473329544,0.4026125967502594,-0.3270611464977264,0.3790476923053338,-1.4107235670089722,-0.3270611464977264,0.0228575203853139,-2.653515338897705,-0.3270611464977264,0.0788118751702867,-2.1935131549835205
Wasf1,0.0,0.0,0.0,0.9888502385877284,0.1005259156227111,0.0,1.0,0.0,0.0,1.0,0.0
Fig4,0.0464952997863292,0.0587789863348007,0.3471541702747345,0.4289432731484764,1.329839825630188,0.3471541702747345,0.4679991859106411,1.013798713684082,0.3471541702747345,0.6086402244099517,0.8621491193771362
Ak9,0.0,0.0,0.0,0.9888502385877284,0.1005259156227111,0.0,1.0,0.0,0.0,1.0,0.0
Zbtb24,0.1025866791605949,0.1081773564219474,0.0806588307023048,0.449983778012204,1.2963809967041016,0.0806588307023048,0.9181233340668268,0.3330658674240112,0.0806588307023048,0.9678963105984152,0.2807924151420593
Mical1,0.2472255676984787,0.4280290007591247,0.9296266436576844,8.257619525573772e-09,6.140146732330322,0.9296266436576844,3.419174351761521e-09,6.31426477432251,0.9296266436576844,3.663676397869964e-07,5.5112624168396
Smpd2,0.0315099693834781,0.0539120696485042,0.7910747528076172,0.4014033494102215,1.3742027282714844,0.7910747528076172,0.1126210731484932,1.9650394916534424,0.7910747528076172,0.196231917162576,1.7292336225509644
Ppil6,0.0,0.001745410496369,20.73639488220215,0.9888502385877284,0.1678170263767242,20.73639488220215,0.4679991859106411,1.0,20.73639488220215,0.5282133287683867,1.0
Cd164,0.5375789403915405,0.6645313501358032,0.4065561294555664,0.0031905822956793,3.389500856399536,0.4065561294555664,0.0004912778376415,3.858776807785034,0.4065561294555664,0.0051662586703585,3.225250720977783
Ccdc162,0.0212327037006616,0.0081635424867272,-1.388471245765686,0.9888502385877284,-0.1992593854665756,-1.388471245765686,0.0780940554212973,-2.139296770095825,-1.388471245765686,0.2198445884854597,-1.6614720821380615
Cep57l1,0.1231098398566246,0.0455211959779262,-1.4920904636383057,0.4251249791965075,-1.3358893394470217,-1.4920904636383057,8.026973619227481e-07,-5.302992820739746,-1.4920904636383057,0.0002725308602178,-4.072002410888672
Sesn1,0.1600411534309387,0.0486255027353763,-1.800424337387085,0.0270925029484062,-2.6768572330474854,-1.800424337387085,3.738645265107335e-11,-6.997499942779541,-1.800424337387085,7.742404486334949e-07,-5.38340425491333
Armc2,0.0,0.0,0.0,0.9888502385877284,0.1005259156227111,0.0,1.0,0.0,0.0,1.0,0.0
Foxo3,0.103752389550209,0.0752027705311775,-0.4851881563663482,0.9977623992160306,-0.0165053699165582,-0.4851881563663482,0.135034029192738,-1.8717952966690063,-0.4851881563663482,0.2696211746554477,-1.5358024835586548
Afg1l,0.0179959069937467,0.0200220700353384,0.155388593673706,0.9888502385877284,0.3648358583450317,0.155388593673706,0.9587332899355312,0.2746126353740692,0.155388593673706,0.9985850008673204,0.2335164546966552
Snx3,0.4975642561912536,0.9043736457824708,1.1894700527191162,7.358654539264024e-25,10.605856895446776,1.1894700527191162,6.134664979229607e-33,12.722919464111328,1.1894700527191162,2.873458532123686e-24,10.81580638885498
Ostm1,0.1395163089036941,0.2476935982704162,0.9086724519729614,2.5117888439821505e-05,4.622847557067871,0.9086724519729614,7.164549001600108e-06,4.870159149169922,0.9086724519729614,0.0001205927335673,4.268620491027832
Sec63,0.223997414112091,0.348824679851532,0.7333558797836304,1.86495407314564e-06,5.163118362426758,0.7333558797836304,9.022726452594503e-06,4.816492557525635,0.7333558797836304,0.0002074422953528,4.13364839553833
Scml4,0.4599268436431885,0.0652772486209869,-3.1138689517974854,2.323029442379356e-20,-9.569828033447266,-3.1138689517974854,1.517785535904613e-57,-17.107666015625,-3.1138689517974854,2.9653859142937194e-31,-12.726744651794434
Sobp,0.0,0.0013004166539758,20.31148147583008,0.9888502385877284,0.1678170263767242,20.31148147583008,0.4679991859106411,1.0,20.31148147583008,0.5282133287683867,1.0
Pdss2,0.0646503120660781,0.0561677478253841,-0.2090959399938583,0.9588714248595273,0.6223495006561279,-0.2090959399938583,0.6717947472784984,-0.6828685402870178,-0.2090959399938583,0.7780041588348409,-0.5618026852607727
Bend3,0.0092674456536769,0.0065186764113605,-0.5095780491828918,0.9888502385877284,0.1687132567167282,-0.5095780491828918,0.7240868103324253,-0.6087684631347656,-0.5095780491828918,0.82856413416748,-0.489893227815628
Gm9803,0.0108869960531592,0.0197861548513174,0.8683210611343384,0.7872477851408839,0.8337825536727905,0.8683210611343384,0.289317744161385,1.429886817932129,0.8683210611343384,0.4072965754467589,1.2453213930130005
1700021F05Rik,0.0810701474547386,0.0697054639458656,-0.2261996865272522,0.8048717428890566,0.81406569480896,-0.2261996865272522,0.5796348492327765,-0.8215699791908264,-0.2261996865272522,0.7035790334281979,-0.6714528203010559
Cd24a,0.0056446236558258,0.0065924166701734,0.2246145009994506,0.9888502385877284,0.2031430006027221,0.2246145009994506,1.0,0.211740955710411,0.2246145009994506,1.0,0.1835060566663742
Qrsl1,0.0715848729014396,0.1261200755834579,0.8570581078529358,0.0124732484893295,2.956104040145874,0.8570581078529358,0.0035531992495815,3.293915033340454,0.8570581078529358,0.0139494294131956,2.892646312713623
Rtn4ip1,0.0244587268680334,0.0284436699002981,0.2206455618143081,0.9888502385877284,0.5580458045005798,0.2206455618143081,0.8291599656727148,0.4598030149936676,0.2206455618143081,0.8945874984324826,0.3930476307868957
Crybg1,0.0908797904849052,0.3650991022586822,2.211571455001831,8.566892426569374e-21,9.67505931854248,2.211571455001831,1.524880792712911e-25,11.245055198669434,2.211571455001831,2.927506799508012e-22,10.366792678833008
Atg5,0.219559296965599,0.3199931383132934,0.6191314458847046,9.364734021770236e-05,4.321195125579834,0.6191314458847046,0.000303243256577,3.987847089767456,0.6191314458847046,0.0027736394984259,3.4179086685180664
Prdm1,0.0116697950288653,0.3088383078575134,4.946083068847656,5.3980339108306995e-24,10.414738655090332,4.946083068847656,1.2004157759134551e-34,13.682392120361328,4.946083068847656,6.138211072495848e-34,13.47802734375
Prep,0.0754726007580757,0.080761969089508,0.1015884131193161,0.4439466983607325,1.3056418895721436,0.1015884131193161,0.8950179669474984,0.3664050102233886,0.1015884131193161,0.95020791675282,0.3079474866390228
Lin28b,0.0,0.0,0.0,0.9888502385877284,0.1005259156227111,0.0,1.0,0.0,0.0,1.0,0.0
Hace1,0.0562558695673942,0.0991789549589157,0.8493936061859131,0.0462451454504679,2.4696812629699707,0.8493936061859131,0.0109524252148307,2.923715829849243,0.8493936061859131,0.0337847145934288,2.560299873352051
Ascc3,0.3066798150539398,0.3327298164367676,0.1374085843563079,0.2335797584325979,1.702741622924805,0.1374085843563079,0.5032153748150074,0.940924346446991,0.1374085843563079,0.6522778498909186,0.7965347170829773
Gm49339,0.0,0.0013462216593325,20.3614559173584,0.9888502385877284,0.1678170263767242,20.3614559173584,0.4679991859106411,1.0,20.3614559173584,0.5282133287683867,1.0
Lilr4b,0.0101360753178596,0.3365003168582916,5.295252799987793,1.66698372110556e-22,10.076340675354004,5.295252799987793,5.724787045101869e-32,13.063451766967772,5.295252799987793,1.7266031870071275e-31,12.94001293182373
Lilrb4a,0.0060887727886438,0.1060319542884826,4.194970607757568,0.0006923642345854,3.821179628372192,4.194970607757568,3.693054309076543e-11,7.118008613586426,4.194970607757568,1.0321195438882973e-10,6.981651782989502
Dcbld1,0.0,0.0,0.0,0.9888502385877284,0.1005259156227111,0.0,1.0,0.0,0.0,1.0,0.0
Gopc,0.1143442913889885,0.1225396543741226,0.1058928072452545,0.3164818452112946,1.5252156257629397,0.1058928072452545,0.8264152109682222,0.464200347661972,0.1058928072452545,0.8969577702663734,0.3890849947929382
Nus1,0.1997890025377273,0.2387653589248657,0.286258339881897,0.0320337492286954,2.614196538925171,0.286258339881897,0.1936162143012139,1.6686476469039917,0.286258339881897,0.3249263468812097,1.4114893674850464
Cep85l,0.0229392070323228,0.0186326131224632,-0.3031028807163238,0.9888502385877284,0.2286852449178695,-0.3031028807163238,0.7527399107799084,-0.5700328946113586,-0.3031028807163238,0.8424873486051646,-0.4683497846126556
Mcm9,0.1204797551035881,0.0949770212173461,-0.3618668913841247,0.9888502385877284,0.2482527047395706,-0.3618668913841247,0.2481686760167023,-1.5224533081054688,-0.3618668913841247,0.4021560388052607,-1.2542284727096558
Asf1a,0.2039045840501785,0.166816309094429,-0.3172134459018707,0.9888502385877284,0.2538540661334991,-0.3172134459018707,0.1646500154649721,-1.7671631574630735,-0.3172134459018707,0.3051495900676735,-1.4557758569717407
Fam184a,0.0,0.0017889244481921,20.77195167541504,0.9888502385877284,0.1678170263767242,20.77195167541504,0.4679991859106411,1.0,20.77195167541504,0.5282133287683867,1.0
Man1a,0.3376877605915069,0.2537261247634887,-0.4759637713432312,0.4079515298581975,-1.3632986545562744,-0.4759637713432312,0.0043584975945719,-3.227463483810425,-0.4759637713432312,0.0262715834780846,-2.6584041118621826
Tbc1d32,0.017140744253993,0.0045476485975086,-1.9233373403549197,0.9888502385877284,-0.1320429593324661,-1.9233373403549197,0.0365515674236174,-2.466763734817505,-1.9233373403549197,0.1573084000026946,-1.852401852607727
Msl3l2,0.0440195687115192,0.0080058723688125,-2.485105514526367,0.9176556605751608,-0.6769441962242126,-2.485105514526367,1.212606672111646e-05,-4.743930816650391,-2.485105514526367,0.0022513053737657,-3.4898016452789307
Gja1,0.0003030791413038,0.0,-18.20955848693848,0.9888502385877284,0.0673658028244972,-18.20955848693848,0.4679991859106411,-1.0,-18.20955848693848,0.6832027011037286,-0.7008072733879089
Hsf2,0.0528834648430347,0.0443765930831432,-0.2592038512229919,0.9888502385877284,0.5137576460838318,-0.2592038512229919,0.6378820396367928,-0.7330215573310852,-0.2592038512229919,0.7500990769159922,-0.6027765870094299
Serinc1,0.2811114490032196,0.4083258509635925,0.635606050491333,6.320239726841923e-06,4.915836811065674,0.635606050491333,2.6999757405784822e-05,4.572845458984375,0.635606050491333,0.0004794472537878,3.91662859916687
Pkib,0.0072595905512571,0.003549380460754,-1.0349994897842407,0.9888502385877284,0.0354006551206111,-1.0349994897842407,0.5001449342553845,-0.9461008310317992,-1.0349994897842407,0.6832027011037286,-0.7481738328933716
Smpdl3a,0.4117794930934906,0.6566846966743469,0.8656421899795532,7.019146054192356e-11,6.885576725006104,0.8656421899795532,2.8847374904459745e-12,7.409725189208984,0.8656421899795532,3.0265464559989e-09,6.365522861480713
Gcc2,0.2801664769649505,0.2598309218883514,-0.1240395009517669,0.7647000840367372,0.8613412976264954,-0.1240395009517669,0.6201080402175715,-0.76003497838974,-0.1240395009517669,0.7297422538362941,-0.6323651075363159
Lims1,0.2806772291660309,0.4875667095184326,0.9554557800292968,2.9598673685557225e-10,6.669214725494385,0.9554557800292968,4.1159089666975096e-11,7.020642757415772,0.9554557800292968,1.4138723433095284e-08,6.102300643920898
Ranbp2,0.5141211748123169,0.5410044193267822,0.0946212783455848,0.7870620129828211,0.8346040844917297,0.0946212783455848,0.580465666180439,0.8200843334197998,0.0946212783455848,0.6912835316995182,0.6891793012619019
Ccdc138,0.0296230800449848,0.0388865359127521,0.3992692828178406,0.749511059214224,0.8807593584060669,0.3992692828178406,0.5015780156461056,0.9438937306404114,0.3992692828178406,0.6457632135482386,0.8053827285766602
Sept10,0.0032906059641391,0.0085949571803212,1.3889670372009275,0.9888502385877284,0.5375820994377136,1.3889670372009275,0.2942789202292576,1.4153132438659668,1.3889670372009275,0.4003772055065853,1.2575613260269165
Sowahc,0.0078107994049787,0.0114541063085198,0.554955005645752,0.9888502385877284,0.4031492471694946,0.554955005645752,0.6662355109897667,0.691189706325531,0.554955005645752,0.751903942978597,0.6003932952880859
P4ha1,0.0979699939489364,0.0658047273755073,-0.5976676344871521,0.9888502385877284,0.2032923698425293,-0.5976676344871521,0.063096832880923,-2.2354438304901123,-0.5976676344871521,0.1731996396266473,-1.8002392053604126
Oit3,0.0010086804395541,0.0041663469746708,2.048591375350952,0.9888502385877284,0.2019480466842651,2.048591375350952,0.4679991859106411,1.0149370431900024,2.048591375350952,0.5430709152714046,0.963809609413147
Mcu,0.0326706543564796,0.1394197940826416,2.171475410461426,6.317266963862836e-05,4.414028644561768,2.171475410461426,8.897029266223053e-10,6.572073459625244,2.171475410461426,1.2548429273428094e-08,6.139204502105713
Micu1,0.042688999325037,0.1038809120655059,1.3276740312576294,0.0011835051965638,3.674797296524048,1.3276740312576294,4.913067482925714e-05,4.440234184265137,1.3276740312576294,0.000437479122112,3.9419565200805664
Dnajb12,0.0577495731413364,0.0807815566658973,0.5010213851928711,0.1831191658451395,1.836353063583374,0.5010213851928711,0.1848093857435944,1.695311188697815,0.5010213851928711,0.3072456249180895,1.4512033462524414
Ddit4,0.1736281663179397,0.5019242167472839,1.781584858894348,1.1714947703061407e-20,9.64189910888672,1.781584858894348,4.000952295010966e-23,10.60764217376709,1.781584858894348,1.1992115446217616e-19,9.664053916931152
Anapc16,0.4321834444999695,0.6750120520591736,0.8345092535018921,2.978664024283198e-10,6.668169021606445,0.8345092535018921,4.1869159091114346e-12,7.357489585876465,0.8345092535018921,3.371299308751634e-09,6.34726619720459
Ascc1,0.1757400035858154,0.1699075847864151,-0.05302070453763,0.4903942847850899,1.2328240871429443,-0.05302070453763,0.9586958331346918,-0.2747617959976196,-0.05302070453763,1.0,-0.2305836975574493
Spock2,0.0091845551505684,0.0829076543450355,3.227811574935913,0.0244174103671294,2.715693235397339,3.227811574935913,1.698904282552009e-07,5.655184268951416,3.227811574935913,4.954918723474269e-07,5.481034278869629
Chst3,0.0,0.0033368396107107,21.67245864868164,0.9888502385877284,0.2351081520318985,21.67245864868164,0.2947742628737426,1.4093267917633057,21.67245864868164,0.3262800287026057,1.4093267917633057
Psap,0.6025779247283936,0.6608904600143433,0.1797267794609069,0.5133097178564823,1.1986184120178225,0.1797267794609069,0.1705190805695398,1.747991919517517,0.1797267794609069,0.2957042716228295,1.4766167402267456
Cdh23,0.0046527334488928,0.0056852158159017,0.289882093667984,0.9888502385877284,0.3028473854064941,0.289882093667984,0.9476977063717246,0.2909744083881378,0.289882093667984,0.993784601460953,0.2412133812904358
Vsir,0.5362284183502197,0.491768479347229,-0.159674659371376,0.7610713327104597,-0.8663451671600342,-0.159674659371376,0.3124489310091446,-1.3636075258255005,-0.159674659371376,0.46597294307441,-1.1382180452346802
Gm17455,0.008657450787723,0.0015016174875199,-2.532590389251709,0.9888502385877284,-0.0648265182971954,-2.532590389251709,0.1103506455136256,-1.974581360816956,-2.532590389251709,0.3087803504806733,-1.4485245943069458
Slc29a3,0.0495398454368114,0.0536453165113925,0.1178498268127441,0.7072268041740224,0.9349059462547302,0.1178498268127441,0.9130776943527944,0.3397887647151947,0.1178498268127441,0.964543545575652,0.2854126691818237
Unc5b,0.0,0.0,0.0,0.9888502385877284,0.1005259156227111,0.0,1.0,0.0,0.0,1.0,0.0
Pcbd1,0.0,0.0,0.0,0.9888502385877284,0.1005259156227111,0.0,1.0,0.0,0.0,1.0,0.0
Sgpl1,0.0752579048275947,0.0669804066419601,-0.1741458028554916,0.950118472580082,0.632581353187561,-0.1741458028554916,0.7304298045423767,-0.5998983383178711,-0.1741458028554916,0.8239594020976676,-0.4963985085487366
Adamts14,0.0034249720629304,0.0526450090110302,3.9778029918670654,0.044789308107988,2.4831244945526123,3.9778029918670654,5.006150603468136e-07,5.447500228881836,3.9778029918670654,1.162371422335723e-06,5.315304279327393
Prf1,0.2224392294883728,1.1220970153808594,3.0556161403656006,1.8823762159452453e-85,19.821752548217773,3.0556161403656006,2.648264257268018e-90,24.34225273132324,3.0556161403656006,5.119821767703284e-84,22.535079956054688
Pald1,0.0012267642887309,0.0167925842106342,3.7861382961273193,0.810204621539686,0.8067466020584106,3.7861382961273193,0.0118867685322201,2.9002790451049805,3.7861382961273193,0.0170343288893997,2.8248276710510254
Nodal,0.0,0.0,0.0,0.9888502385877284,0.1005259156227111,0.0,1.0,0.0,0.0,1.0,0.0
Eif4ebp2,0.5083376169204712,0.5014044046401978,-0.0252325013279914,0.9888502385877284,-0.0919371470808982,-0.0252325013279914,0.9966231387685192,-0.2203630656003952,-0.0252325013279914,1.0,-0.1845833510160446
Lrrc20,0.0196349062025547,0.0195141639560461,-0.0089865894988179,0.9888502385877284,0.5615559816360474,-0.0089865894988179,1.0,-0.0167484283447265,-0.0089865894988179,1.0,-0.0136900311335921
Npffr1,0.0,0.0,0.0,0.9888502385877284,0.1005259156227111,0.0,1.0,0.0,0.0,1.0,0.0
Ppa1,0.2981955707073211,0.4291771650314331,0.625511646270752,5.437558022647495e-05,4.449055671691895,0.625511646270752,5.541132029546915e-05,4.407837867736816,0.625511646270752,0.0007405400912045,3.798425912857056
Sar1a,0.3004208505153656,0.4440478384494781,0.6737473011016846,4.761925522591046e-06,4.97379207611084,0.6737473011016846,1.7207275390464968e-06,5.162489891052246,0.6737473011016846,7.06893661069076e-05,4.398167133331299
Tysnd1,0.0775865167379379,0.0880221500992775,0.1896919757127761,0.365407437451081,1.4356683492660522,0.1896919757127761,0.6533762965609086,0.7103456258773804,0.1896919757127761,0.7527743478282756,0.5992885231971741
Aifm2,0.0011326511157676,0.0370212793350219,5.056548595428467,0.3056313724060091,1.5462766885757446,5.056548595428467,4.4162343065776696e-05,4.48476505279541,5.056548595428467,6.521151115730265e-05,4.438931941986084
Macroh2a2,0.0,0.0,0.0,0.9888502385877284,0.1005259156227111,0.0,1.0,0.0,0.0,1.0,0.0
Fam241b,0.0023949181195348,0.0068709631450474,1.5237668752670288,0.9888502385877284,0.3027727007865906,1.5237668752670288,0.4119920897647678,1.1669448614120483,1.5237668752670288,0.5110174056520842,1.064497947692871
Tspan15,0.0,0.0,0.0,0.9888502385877284,0.1005259156227111,0.0,1.0,0.0,0.0,1.0,0.0
Tacr2,0.0012201954377815,0.0,-20.219562530517575,0.9888502385877284,0.0673658028244972,-20.219562530517575,0.4679991859106411,-1.0,-20.219562530517575,0.6832027011037286,-0.7008072733879089
Hk1,0.2106097638607025,0.3032765984535217,0.5957660675048828,0.0002184126277351,4.1155877113342285,0.5957660675048828,0.0009537215926031,3.679800510406494,0.5957660675048828,0.0060045793092412,3.1768009662628174
Hkdc1,0.0,0.0,0.0,0.9888502385877284,0.1005259156227111,0.0,1.0,0.0,0.0,1.0,0.0
Supv3l1,0.0487169362604618,0.0321691334247589,-0.6107635498046875,0.9888502385877284,0.2489995509386062,-0.6107635498046875,0.1961589259496904,-1.659909725189209,-0.6107635498046875,0.3650252521686209,-1.323284149169922
Vps26a,0.1239474341273307,0.1306550651788711,0.0809758827090263,0.2775201830913652,1.6039334535598757,0.0809758827090263,0.8934491721658152,0.3684149384498596,0.0809758827090263,0.9486015480404666,0.310089647769928
Srgn,1.2588838338851929,2.5070369243621826,2.159950494766236,3.023027417221906e-141,25.51655387878418,2.159950494766236,8.326729026295686e-182,35.38955307006836,2.159950494766236,6.119236723967168e-127,29.17138290405273
Kif1bp,0.0740894228219986,0.060959868133068,-0.2909853756427765,0.9888502385877284,0.3796235024929046,-0.2909853756427765,0.4717981499977629,-0.9924907088279724,-0.2909853756427765,0.636894652504505,-0.8184337615966797
Ddx21,0.5765708088874817,0.5633133053779602,-0.0440270118415355,0.9888502385877284,-0.4230154454708099,-0.0440270118415355,0.8721126726971355,-0.3999808132648468,-0.0440270118415355,0.93304014761228,-0.3345802724361419
Ddx50,0.5088120102882385,0.5697089433670044,0.210948958992958,0.1711960264944709,1.871977686882019,0.210948958992958,0.1346023057935721,1.8738963603973389,0.210948958992958,0.2532337204017976,1.5762778520584106
Stox1,0.0,0.0,0.0,0.9888502385877284,0.1005259156227111,0.0,1.0,0.0,0.0,1.0,0.0
Ccar1,0.4919645488262176,0.5864046812057495,0.3275587558746338,0.0191578413409883,2.8053152561187744,0.3275587558746338,0.0114899880737025,2.905087947845459,0.3275587558746338,0.0452420817624997,2.4388561248779297
Tet1,0.0674400776624679,0.0033669902477413,-4.370565891265869,0.2504910848428925,-1.6635321378707886,-4.370565891265869,3.786080358686634e-11,-7.01549768447876,-4.370565891265869,5.388916708124982e-06,-5.003586292266846
Slc25a16,0.0751612335443496,0.079102985560894,0.0766231641173362,0.5893236257050619,1.0913708209991455,0.0766231641173362,0.962409861576206,0.2695782780647278,0.0766231641173362,1.0,0.2273982316255569
Dna2,0.0033997127320617,0.0449220985174179,3.7540128231048575,0.0897755634888783,2.184758186340332,3.7540128231048575,3.576680126437957e-06,5.044487476348877,3.7540128231048575,7.59939076913236e-06,4.922548294067383
Rufy2,0.1604909896850586,0.103100337088108,-0.6807509660720825,0.9888502385877284,-0.5278730988502502,-0.6807509660720825,0.0052696968136397,-3.1654512882232666,-0.6807509660720825,0.0352433511050128,-2.543945789337158
Hnrnph3,0.2670316696166992,0.2553335726261139,-0.0734329745173454,0.7368051588522392,0.8949494957923889,-0.0734329745173454,0.8245535968709217,-0.4666173160076141,-0.0734329745173454,0.8964542588359766,-0.3897526264190674
Pbld2,0.0026494949124753,0.0,-21.33919715881348,0.9888502385877284,0.0342056974768638,-21.33919715881348,0.2978883922053734,-1.3986049890518188,-21.33919715881348,0.5333434230912109,-0.9801524877548218
Pbld1,0.003018386894837,0.0015171187696978,-0.993526577949524,0.9888502385877284,0.1013474464416503,-0.993526577949524,0.7502276443591072,-0.5733422636985779,-0.993526577949524,0.8613910714506864,-0.4412553608417511
Herc4,0.2689515948295593,0.3741563260555267,0.5562437176704407,6.836970657619067e-05,4.394759654998779,0.5562437176704407,0.0003909656594846,3.92007064819336,0.5562437176704407,0.0037151339961855,3.32930850982666
Sirt1,0.1146256327629089,0.1186904236674308,0.0532630644738674,0.5612305788552426,1.129908323287964,0.0532630644738674,0.9911910505259248,0.228960245847702,0.0532630644738674,1.0,0.1927879303693771
Dnajc12,0.0149158025160431,0.0306060705333948,1.04833722114563,0.6598853741236894,0.9973425269126892,1.04833722114563,0.1243515950035572,1.9157949686050413,1.04833722114563,0.2038832740723948,1.7051341533660889
Reep3,0.1523545384407043,0.2582200169563293,0.84014493227005,2.4084259025931907e-05,4.632407188415527,0.84014493227005,2.731522738771248e-05,4.572774887084961,0.84014493227005,0.0003578764080281,3.994063138961792
Jmjd1c,0.4806944727897644,0.4062623083591461,-0.3003557622432709,0.383171655599489,-1.404375433921814,-0.3003557622432709,0.0417950742046737,-2.4123480319976807,-0.3003557622432709,0.1172854459816871,-2.004112720489502
Nrbf2,0.2325957119464874,0.2862906455993652,0.3400616943836212,0.0229032319672099,2.7389204502105717,0.3400616943836212,0.0741225439425164,2.163102865219116,0.3400616943836212,0.1585193786219906,1.846889853477478
Egr2,0.020960446447134,0.0244624279439449,0.2254337519407272,0.9888502385877284,0.4341434836387634,0.2254337519407272,0.8890230928915317,0.3747363686561584,0.2254337519407272,0.9399139150447928,0.3238327503204345
Ado,0.1219676807522773,0.1025799810886383,-0.2639967203140259,0.9888502385877284,0.5813474655151367,-0.2639967203140259,0.4082995065868333,-1.173074722290039,-0.2639967203140259,0.5404502554525709,-0.9677010774612428
Zfp365,0.0119823422282934,0.0014998581027612,-3.005581378936768,0.9888502385877284,-0.1977656930685043,-3.005581378936768,0.0208358996785643,-2.688723087310791,-3.005581378936768,0.1281577764598711,-1.9595091342926023
Rtkn2,0.0,0.0,0.0,0.9888502385877284,0.1005259156227111,0.0,1.0,0.0,0.0,1.0,0.0
Arid5b,0.3419325947761535,0.3740955591201782,0.1542769968509674,0.1397993251290609,1.9748188257217407,0.1542769968509674,0.4626668382683395,1.080851435661316,0.1542769968509674,0.5751092898454798,0.914010763168335
Cabcoco1,0.0033866609446704,0.0032032171729952,-0.080474242568016,0.9888502385877284,0.1354784518480301,-0.080474242568016,1.0,-0.0582106076180934,-0.080474242568016,1.0,-0.0492209084331989
Cdk1,0.0376921072602272,0.1650923490524292,2.224391222000122,4.305782484799385e-06,4.994330406188965,2.224391222000122,7.124567090932264e-11,6.980337142944336,2.224391222000122,1.23476648652246e-09,6.5355000495910645
Ank3,0.0,0.0706263184547424,26.124948501586918,0.0478787935169366,2.45571517944336,26.124948501586918,1.0035791175600933e-07,5.769067287445068,26.124948501586918,1.2430175143295678e-07,5.769067287445068
Ccdc6,0.1552564203739166,0.1573478430509567,0.0208523962646722,0.5432237541388147,1.156272053718567,0.0208523962646722,1.0,0.1014618128538131,0.0208523962646722,1.0,0.0857578143477439
Mrln,0.0,0.0,0.0,0.9888502385877284,0.1005259156227111,0.0,1.0,0.0,0.0,1.0,0.0
Tfam,0.300838440656662,0.3559282422065735,0.2845074534416199,0.0462703933375203,2.4693076610565186,0.2845074534416199,0.0887457506489683,2.0807077884674072,0.2845074534416199,0.1879651985599212,1.755083441734314
Ube2d1,0.2182924598455429,0.2051833420991897,-0.0991385355591774,0.9678484577814628,0.6120429635047913,-0.0991385355591774,0.7467499793170442,-0.578109622001648,-0.0991385355591774,0.8323128067956074,-0.4843465983867645
Cisd1,0.2123958170413971,0.5044347047805786,1.4711264371871948,8.954881343500432e-19,9.176013946533203,1.4711264371871948,6.328917959813892e-22,10.251323699951172,1.4711264371871948,1.0446828299612137e-17,9.111739158630373
Ipmk,0.059958416968584,0.0549079962074756,-0.1306241005659103,0.8362711742842656,0.776573896408081,-0.1306241005659103,0.8650436975392672,-0.4099283516407013,-0.1306241005659103,0.9306585238635608,-0.3381560146808624
Zwint,0.1754924803972244,0.2351377308368683,0.4665928781032562,0.001762062470054,3.563068628311157,0.4665928781032562,0.0183942069209857,2.7353665828704834,0.4665928781032562,0.0593230253947991,2.3223605155944824
Gnaz,0.0003030791413038,0.0,-18.20955848693848,0.9888502385877284,0.0673658028244972,-18.20955848693848,0.4679991859106411,-1.0,-18.20955848693848,0.6832027011037286,-0.7008072733879089
Rab36,0.0012064175680279,0.0,-20.203168869018555,0.9888502385877284,0.0673658028244972,-20.203168869018555,0.4679991859106411,-1.0,-20.203168869018555,0.6832027011037286,-0.7008072733879089
Bcr,0.0499448403716087,0.0641405060887336,0.3712375462055206,0.2869457647290063,1.5839179754257202,0.3712375462055206,0.424125051462684,1.1464390754699707,0.3712375462055206,0.5352551909844842,0.9762678146362304
Specc1l,0.1474288403987884,0.1827541887760162,0.3360682427883148,0.0539588211427345,2.405825614929199,0.3360682427883148,0.1835990113759089,1.6991592645645142,0.3360682427883148,0.3094243863186952,1.445979356765747
Adora2a,0.0283469371497631,0.310587078332901,3.663071870803833,2.2684455199322727e-25,10.716988563537598,3.663071870803833,3.7576581534706036e-34,13.445782661437988,3.663071870803833,2.909889680428017e-32,12.913677215576172
Gucd1,0.1114353910088539,0.0767119228839874,-0.5641250610351562,0.9888502385877284,-0.0661708489060401,-0.5641250610351562,0.0660671425952891,-2.214683771133423,-0.5641250610351562,0.1733472782621312,-1.7997024059295654
Upb1,0.0064914729446172,0.0090613728389143,0.4830400049686432,0.9888502385877284,0.3697650730609894,0.4830400049686432,0.7592478949281715,0.5603049397468567,0.4830400049686432,0.8334256043340367,0.4829150140285492
Snrpd3,0.9370555877685548,0.8063395023345947,-0.324566513299942,2.436791430863948e-05,-4.629793167114258,-0.324566513299942,0.0007852881556411,-3.73144006729126,-0.324566513299942,0.0075597539758285,-3.101279020309448
Lrrc75b,0.0547375604510307,0.0048281871713697,-3.5391578674316406,0.4098569083123642,-1.3599379062652588,-3.5391578674316406,9.624135092868081e-09,-6.117570400238037,-3.5391578674316406,6.231577342511906e-05,-4.447292804718018
Ggt1,0.1109879091382026,0.1063936576247215,-0.0643645972013473,0.8043900074184925,0.8148872256278992,-0.0643645972013473,0.9684669713503472,-0.2611308097839355,-0.0643645972013473,1.0,-0.2189251780509948
Ggt5,0.1003040447831153,0.0034635788761079,-4.926431655883789,0.0398490852126175,-2.528831720352173,-4.926431655883789,9.123727843754472e-17,-8.785289764404297,-4.926431655883789,9.224373462940592e-09,-6.237456798553467
Susd2,0.0021803255658596,0.001622692681849,-0.4265557825565338,0.9888502385877284,0.1013474464416503,-0.4265557825565338,0.9770096106608293,-0.2491911798715591,-0.4265557825565338,1.0,-0.2040563374757766
Cabin1,0.3741405606269836,0.3479423522949219,-0.1247650384902954,0.9888502385877284,0.4185343384742737,-0.1247650384902954,0.5122151423959044,-0.9267112612724304,-0.1247650384902954,0.6697457853080973,-0.7717412710189819
Ddt,0.3577112853527069,0.5505274534225464,0.77159583568573,7.507723300315327e-09,6.156129360198975,0.77159583568573,2.1086895047091367e-09,6.385693550109863,0.77159583568573,5.035518181744956e-07,5.450545787811279
Gstt3,0.0027639151085168,0.0107399020344018,1.963955044746399,0.9888502385877284,0.4715606272220611,1.963955044746399,0.1631654601595063,1.7731273174285889,1.963955044746399,0.2251967922386239,1.6466103792190552
Gstt1,0.0,0.0150757851079106,23.856618881225582,0.7829282611445391,0.840728223323822,23.856618881225582,0.0052517700691795,3.179805994033813,23.856618881225582,0.0061275336540561,3.179805994033813
Gstt4,0.0,0.0,0.0,0.9888502385877284,0.1005259156227111,0.0,1.0,0.0,0.0,1.0,0.0
Gstt2,0.1816042214632034,0.2482811659574508,0.5009960532188416,0.0015987605430943,3.590328454971313,0.5009960532188416,0.0133730463525636,2.852058172225952,0.5009960532188416,0.0451367680526576,2.439734935760498
Mif,1.335748553276062,1.4296996593475342,0.1809768974781036,0.1682353295051749,1.8807905912399288,0.1809768974781036,0.0391645074287782,2.439260482788086,0.1809768974781036,0.1030766291198649,2.067608118057251
Derl3,0.0010800566524267,0.0034159554634243,1.6628668308258057,0.9888502385877284,0.2690151035785675,1.6628668308258057,0.4679991859106411,1.033499002456665,1.6628668308258057,0.5650849757503478,0.9293846487998962
Smarcb1,0.2028127908706665,0.3555801510810852,0.9253451824188232,4.144571479507208e-08,5.865604877471924,0.9253451824188232,2.020117573163426e-08,6.006049633026123,0.9253451824188232,1.6481238717297564e-06,5.216838359832764
Mmp11,0.004309810232371,0.0,-22.04230308532715,0.9888502385877284,-0.0321145206689834,-22.04230308532715,0.1077646800808287,-1.9871282577514648,-22.04230308532715,0.3321121054767789,-1.3925938606262207
Chchd10,0.1477075368165969,0.1242800652980804,-0.2664309740066528,0.85924063789306,0.7487910985946655,-0.2664309740066528,0.3727446503232393,-1.240364909172058,-0.2664309740066528,0.5282133287683867,-1.019498348236084
Gm867,0.0,0.0028738107066601,21.45660781860352,0.9888502385877284,0.2351081520318985,21.45660781860352,0.2951150985645325,1.4073286056518557,21.45660781860352,0.3266661887604048,1.4073286056518557
Vpreb3,0.0,0.0024047198239713,21.19917297363281,0.9888502385877284,0.1678170263767242,21.19917297363281,0.4679991859106411,1.0,21.19917297363281,0.5282133287683867,1.0
Gm5134,0.0034368284977972,0.0012602251954376,-1.4489662647247314,0.9888502385877284,0.0681126564741134,-1.4489662647247314,0.5122151423959044,-0.926581084728241,-1.4489662647247314,0.6832027011037286,-0.7028608918190002
Zfp280b,0.0282167382538318,0.0746573433279991,1.4375197887420654,0.0513031638636043,2.427558898925781,1.4375197887420654,0.0006239350170173,3.80192494392395,1.4375197887420654,0.0025543037541953,3.4440762996673584
Slc5a4b,0.0,0.0,0.0,0.9888502385877284,0.1005259156227111,0.0,1.0,0.0,0.0,1.0,0.0
Prmt2,0.0219900850206613,0.0179928559809923,-0.2923220992088318,0.9888502385877284,0.3290618062019348,-0.2923220992088318,0.7654217464474362,-0.5507904291152954,-0.2923220992088318,0.8551658740921135,-0.4503415524959564
S100b,0.0,0.0,0.0,0.9888502385877284,0.1005259156227111,0.0,1.0,0.0,0.0,1.0,0.0
Dip2a,0.0024812126066535,0.0077362568117678,1.6443839073181152,0.9888502385877284,0.3699144423007965,1.6443839073181152,0.3352022812492593,1.3167550563812256,1.6443839073181152,0.429291940526653,1.2014813423156738
Pcnt,0.1771938651800155,0.1870954930782318,0.0858053192496299,0.176199984763215,1.856891393661499,0.0858053192496299,0.8361538583043528,0.4498467445373535,0.0858053192496299,0.9040509062979012,0.3785853087902069
AC141477.1,0.0,0.0,0.0,0.9888502385877284,0.1005259156227111,0.0,1.0,0.0,0.0,1.0,0.0
2610028H24Rik,0.0013311193324625,0.0,-20.34516906738281,0.9888502385877284,0.0673658028244972,-20.34516906738281,0.4679991859106411,-1.0,-20.34516906738281,0.6832027011037286,-0.7008072733879089
Ybey,0.0128722414374351,0.0348112620413303,1.451179265975952,0.4266472763024242,1.333275318145752,1.451179265975952,0.0248539594626591,2.623896360397339,1.451179265975952,0.0527821881659359,2.372602701187134
Mcm3ap,0.1082473322749137,0.1467382311820984,0.4672685265541076,0.0244773562127572,2.714797019958496,0.4672685265541076,0.0823021255828485,2.115997314453125,0.4672685265541076,0.17094166561233,1.8066051006317136
Lss,0.0452923625707626,0.0309415739029645,-0.5601387619972229,0.9888502385877284,0.1008246541023254,-0.5601387619972229,0.2764937595393524,-1.4577511548995972,-0.5601387619972229,0.4402265328181166,-1.1811399459838867
Col6a2,0.0,0.0016771348891779,20.67877769470215,0.9888502385877284,0.1678170263767242,20.67877769470215,0.4679991859106411,1.0,20.67877769470215,0.5282133287683867,1.0
Pcbp3,0.0095355408266186,0.0,-23.1917667388916,0.9888502385877284,-0.1647549569606781,-23.1917667388916,0.0148727320292808,-2.81490159034729,-23.1917667388916,0.1252580778766887,-1.972703456878662
Slc19a1,0.0488798841834068,0.0323627740144729,-0.6069008111953735,0.9888502385877284,0.2152419686317443,-0.6069008111953735,0.2008985648721865,-1.6461286544799805,-0.6069008111953735,0.3685732658761265,-1.3169327974319458
Col18a1,0.0,0.0,0.0,0.9888502385877284,0.1005259156227111,0.0,1.0,0.0,0.0,1.0,0.0
Pofut2,0.0688246488571167,0.2090990096330642,1.7067179679870603,2.4161290130785517e-08,5.959259986877441,1.7067179679870603,1.10736290441931e-11,7.2486891746521,1.7067179679870603,8.237831247224287e-10,6.589784145355225
Adarb1,0.0044044465757906,0.0021955776028335,-1.0059541463851929,0.9888502385877284,0.1018702387809753,-1.0059541463851929,0.6087454646559415,-0.776400089263916,-1.0059541463851929,0.7453195422613373,-0.609348475933075
Fam207a,0.1355358660221099,0.262826144695282,1.0503004789352417,5.64601139674619e-07,5.393820285797119,1.0503004789352417,1.206689545857293e-07,5.68626594543457,1.0503004789352417,4.465380524223833e-06,5.013117790222168
Itgb2,0.492763876914978,1.0671420097351074,1.5823603868484497,3.19727873375882e-44,14.217695236206056,1.5823603868484497,2.1620170612255514e-55,17.046043395996094,1.5823603868484497,3.4202380439873673e-41,14.496121406555176
Pttg1ip,0.1397310197353363,0.2086827158927917,0.6298402547836304,0.003703348317495,3.344017744064331,0.6298402547836304,0.004518977543911,3.218475103378296,0.6298402547836304,0.0188239440057184,2.784003257751465
Sumo3,0.2462139278650283,0.5801945328712463,1.494077205657959,2.1707092574647308e-21,9.817482948303224,1.494077205657959,1.6989081486044413e-24,10.894730567932127,1.494077205657959,1.0975532665838254e-19,9.653088569641112
Ube2g2,0.1078212931752204,0.4584158360958099,2.3528265953063965,1.6848297325369608e-29,11.575043678283691,2.3528265953063965,2.6615085536692246e-35,13.522161483764648,2.3528265953063965,4.773507917943857e-31,12.467036247253418
Tspear,0.0010926175164058,0.0008045358699746,-0.4417671859264374,0.9888502385877284,0.1345822364091873,-0.4417671859264374,1.0,-0.2123136818408966,-0.4417671859264374,1.0,-0.1642025113105774
Lrrc3,0.0,0.0,0.0,0.9888502385877284,0.1005259156227111,0.0,1.0,0.0,0.0,1.0,0.0
Trpm2,0.0,0.0,0.0,0.9888502385877284,0.1005259156227111,0.0,1.0,0.0,0.0,1.0,0.0
Cfap410,0.026071973145008,0.0362673513591289,0.4835644364356994,0.5751538682195138,1.1114610433578491,0.4835644364356994,0.4369851440871283,1.1248050928115845,0.4835644364356994,0.5444086111784896,0.961219072341919
Pfkl,0.1712880879640579,0.1801141500473022,0.0790394097566604,0.1825841233360452,1.837921380996704,0.0790394097566604,0.8475802666704743,0.4338926970958709,0.0790394097566604,0.9160295896463824,0.3610460162162781
Icosl,0.015509427525103,0.0190844628959894,0.301839530467987,0.9888502385877284,0.3690182268619537,0.301839530467987,0.8073667150619852,0.4914541840553283,0.301839530467987,0.8724373047120452,0.4253376722335815
Gatd3a,0.1672239750623703,0.1292666047811508,-0.3994889259338379,0.9888502385877284,0.0995550081133842,-0.3994889259338379,0.103751875421403,-2.006430625915528,-0.3994889259338379,0.2264776338077885,-1.642333984375
Pwp2,0.0704072564840316,0.0376684851944446,-0.9261946082115172,0.9888502385877284,-0.3594585657119751,-0.9261946082115172,0.0157489665811772,-2.7918624877929688,-0.9261946082115172,0.0737944996593469,-2.2255375385284424
Trappc10,0.2053562998771667,0.2234135717153549,0.1350781172513961,0.0681460385491023,2.308436393737793,0.1350781172513961,0.5891591300670285,0.806882381439209,0.1350781172513961,0.7024171606691756,0.6732358932495117
Agpat3,0.3000060617923736,0.6183881163597107,1.2906930446624756,9.268149371645791e-21,9.66669464111328,1.2906930446624756,5.164345366392717e-22,10.247906684875488,1.2906930446624756,3.1411852870422063e-17,8.971864700317383
Rrp1,0.5747880935668945,0.6449117660522461,0.2217649817466735,0.2016127356446854,1.784372329711914,0.2217649817466735,0.0738155551156843,2.164722204208374,0.2217649817466735,0.1713016345201189,1.8056414127349851
Cstb,0.2617686688899994,0.5354803800582886,1.2430615425109863,2.877493118978842e-17,8.786382675170898,1.2430615425109863,1.963957143772171e-19,9.564943313598633,1.2430615425109863,4.17692429377451e-15,8.350790023803711
Pdxk,0.0315117202699184,0.0255776681005954,-0.305304616689682,0.9888502385877284,0.2530325353145599,-0.305304616689682,0.6713521503608205,-0.6836091876029968,-0.305304616689682,0.7759228760914534,-0.5649783611297607
Ilvbl,0.2041900008916854,0.1664012968540191,-0.3233458399772644,0.9888502385877284,0.4433297216892242,-0.3233458399772644,0.1627980971589911,-1.773125410079956,-0.3233458399772644,0.3036469647866265,-1.4592115879058838
Syde1,0.0177706144750118,0.0,-24.095827102661133,0.9888502385877284,-0.3968757092952728,-24.095827102661133,0.0004880847624083,-3.8628475666046143,-24.095827102661133,0.0235539301417379,-2.707111597061157
Olfr1356,0.0011029911693185,0.0,-20.073787689208984,0.9888502385877284,0.0673658028244972,-20.073787689208984,0.4679991859106411,-1.0,-20.073787689208984,0.6832027011037286,-0.7008072733879089
2610008E11Rik,0.0641203746199607,0.0429323203861713,-0.5941388607025146,0.9888502385877284,0.1828287094831466,-0.5941388607025146,0.1527207870276082,-1.8063150644302368,-0.5941388607025146,0.3059398373984535,-1.453972101211548
Plpp2,0.0014231436653062,0.0826064348220825,5.918071746826172,0.001949516969126,3.5334932804107666,5.918071746826172,6.873354183593715e-11,7.029194355010986,5.918071746826172,1.0811122289074287e-10,6.992743968963623
Mier2,0.0409195609390735,0.0380695536732673,-0.1062220409512519,0.9778237557394904,0.5977781414985657,-0.1062220409512519,0.9575444803825252,-0.2767774760723114,-0.1062220409512519,1.0,-0.2296446859836578
Odf3l2,0.0,0.0,0.0,0.9888502385877284,0.1005259156227111,0.0,1.0,0.0,0.0,1.0,0.0
Tpgs1,0.1308901160955429,0.3629335463047027,1.6456129550933838,1.0101903571008307e-15,8.366877555847168,1.6456129550933838,7.487494604545101e-19,9.450214385986328,1.6456129550933838,1.3173914487370032e-15,8.51144027709961
Cdc34,0.166548803448677,0.3164567351341247,1.0385469198226929,1.1998761981241581e-08,6.07733678817749,1.0385469198226929,2.4307619973058357e-09,6.371166706085205,1.0385469198226929,2.8081189465306333e-07,5.561957836151123
Gzmm,0.0173026025295257,0.0230820402503013,0.4199645519256592,0.8714516005885605,0.7325097918510437,0.4199645519256592,0.6329570256793337,0.7403672933578491,0.4199645519256592,0.7383624551054588,0.6199288964271545
Bsg,0.5530304908752441,0.8715003728866577,0.9129019975662231,1.0540219720658544e-14,8.078071594238281,0.9129019975662231,2.2671070257539483e-19,9.511160850524902,0.9129019975662231,3.8315148637700903e-14,8.057235717773438
Hcn2,0.0,0.0032759213354438,21.64583396911621,0.9888502385877284,0.3023992776870727,21.64583396911621,0.1799930433457684,1.714163064956665,21.64583396911621,0.2017425614162438,1.714163064956665
Polrmt,0.0407237149775028,0.0410294122993946,0.0110113266855478,0.9276601557088724,0.6617831587791443,0.0110113266855478,1.0,0.0289445668458938,0.0110113266855478,1.0,0.0242965165525674
Fgf22,0.0023256775457412,0.0,-21.150897979736328,0.9888502385877284,0.0342056974768638,-21.150897979736328,0.2942789202292576,-1.4146945476531982,-21.150897979736328,0.5299909986835808,-0.9914282560348512
Rnf126,0.1581569761037826,0.2578001618385315,0.7792630791664124,2.584667423321151e-05,4.616723537445068,0.7792630791664124,4.422703998159704e-05,4.460309982299805,0.7792630791664124,0.000603540824915,3.853705406188965
Fstl3,0.001194957527332,0.00639418233186,2.4235525131225586,0.9888502385877284,0.3362315595149994,2.4235525131225586,0.2701231948442834,1.4734420776367188,2.4235525131225586,0.3316257960504548,1.3930035829544067
Prss57,0.0,0.0008845259435474,19.755184173583984,0.9888502385877284,0.1678170263767242,19.755184173583984,0.4679991859106411,1.0,19.755184173583984,0.5282133287683867,1.0
Palm,0.0052828667685389,0.0866036117076873,4.094143867492676,0.0054512990176671,3.2248952388763428,4.094143867492676,2.9033820962415603e-09,6.399616718292236,4.094143867492676,6.788604392876441e-09,6.279734611511231
Ptbp1,0.4117912054061889,0.5994961261749268,0.6885986328125,5.070679779754105e-07,5.414507865905762,0.6885986328125,1.2046930420743337e-08,6.088106155395508,0.6885986328125,2.228407216556009e-06,5.155556678771973
Plppr3,0.0013128659920766,0.0018994895508512,0.5333150029182434,0.9888502385877284,0.1345822364091873,0.5333150029182434,0.9733526631536752,0.2540548741817474,0.5333150029182434,1.0,0.2198843359947204
Prtn3,0.0003030791413038,0.0,-18.20955848693848,0.9888502385877284,0.0673658028244972,-18.20955848693848,0.4679991859106411,-1.0,-18.20955848693848,0.6832027011037286,-0.7008072733879089
Med16,0.0778739005327224,0.0957642197608947,0.3114387989044189,0.2328400738489015,1.7047581672668457,0.3114387989044189,0.3934455998116555,1.2000244855880735,0.3114387989044189,0.5282133287683867,1.019480586051941
R3hdm4,0.3218673467636108,0.5795227289199829,1.0481681823730469,3.7877651742037775e-14,7.915706157684326,1.0481681823730469,1.733451829410708e-16,8.72077465057373,1.0481681823730469,2.415465262952448e-12,7.476324081420898
Gm26602,0.0,0.001642920775339,20.64901733398437,0.9888502385877284,0.1678170263767242,20.64901733398437,0.4679991859106411,1.0,20.64901733398437,0.5282133287683867,1.0
Kiss1r,0.0031638101208955,0.001279214862734,-1.307763695716858,0.9888502385877284,0.0681126564741134,-1.307763695716858,0.5655056700093994,-0.8433871865272522,-1.307763695716858,0.719637617125309,-0.6475039720535278
Arid3a,0.0177180152386426,0.0721430778503418,2.065197467803955,0.0239452924219442,2.7231619358062744,2.065197467803955,1.2140365786632148e-05,4.765726089477539,2.065197467803955,6.915760129331211e-05,4.408396720886231
Wdr18,0.1879864186048507,0.2006886601448059,0.1037899106740951,0.1145895062282333,2.071610450744629,0.1037899106740951,0.7380444814299087,0.5893831253051758,0.1037899106740951,0.8263628345863787,0.4928645193576813
Grin3b,0.0,0.0,0.0,0.9888502385877284,0.1005259156227111,0.0,1.0,0.0,0.0,1.0,0.0
Tmem259,0.2146231085062027,0.2529357373714447,0.2656782269477844,0.0319157967350585,2.615540742874145,0.2656782269477844,0.2180897422975575,1.5995920896530151,0.2656782269477844,0.3496902644890642,1.354682445526123
Cnn2,1.2304840087890625,1.625741481781006,0.7526152729988098,1.6253403062212494e-20,9.607768058776855,0.7526152729988098,1.6052607940093391e-28,11.670083999633787,0.7526152729988098,8.360350516082594e-19,9.440031051635742
Abca7,0.1365687251091003,0.1300974041223526,-0.0748066678643226,0.599246436644079,1.0786744356155396,-0.0748066678643226,0.9068318023340836,-0.3500413298606872,-0.0748066678643226,0.9612487391962752,-0.2917642295360565
Arhgap45,1.2418205738067627,1.028866171836853,-0.4534722566604614,1.246337880292246e-09,-6.4445624351501465,-0.4534722566604614,7.271112903146644e-08,-5.7669453620910645,-0.4534722566604614,1.023966393306534e-05,-4.837011337280273
Polr2e,0.4707272946834564,0.5434737205505371,0.2642103731632232,0.0930187247850997,2.168626308441162,0.2642103731632232,0.0494503324959338,2.3430211544036865,0.2642103731632232,0.1281300733944702,1.957869291305542
Gpx4,1.0502817630767822,0.9857929944992064,-0.14569853246212,0.0107142380829953,-3.0074126720428467,-0.14569853246212,0.1623413664621269,-1.77472984790802,-0.14569853246212,0.2941811802467307,-1.4799206256866455
Sbno2,0.1975569278001785,0.1944167613983154,-0.0254549589008092,0.5329258424022376,1.1707608699798584,-0.0254549589008092,1.0,-0.1398863494396209,-0.0254549589008092,1.0,-0.1174134165048599
Stk11,0.195994034409523,0.213026225566864,0.1329263299703598,0.1645179682755371,1.8920679092407229,0.1329263299703598,0.6260622204420128,0.7508025765419006,0.1329263299703598,0.7294681918367535,0.633142352104187
Cbarp,0.0218575708568096,0.0122787877917289,-0.838894248008728,0.9888502385877284,0.0312929861247539,-0.838894248008728,0.2639993143021497,-1.485877513885498,-0.838894248008728,0.442318201605101,-1.1778329610824585
Atp5d,1.1483060121536257,1.6117513179779053,0.8979247212409973,6.68405788729219e-35,12.61174488067627,0.8979247212409973,1.166457496794468e-40,14.180397987365724,0.8979247212409973,2.251269781007645e-27,11.59030055999756
Midn,0.2488774806261062,0.2142287939786911,-0.2422405481338501,0.9888502385877284,0.2870141863822937,-0.2422405481338501,0.2805712347422436,-1.4494394063949585,-0.2422405481338501,0.4286700466108089,-1.2025914192199707
Cirbp,0.7642613649368286,0.6646897792816162,-0.2816912829875946,0.0039609568019122,-3.3232553005218506,-0.2816912829875946,0.0120125500046792,-2.889120578765869,-0.2816912829875946,0.0494122685249986,-2.400663137435913
1600002K03Rik,0.1508292704820633,0.1678122580051422,0.1665072292089462,0.1120408928615471,2.082514524459839,0.1665072292089462,0.5658123050314485,0.842943012714386,0.1665072292089462,0.6832027011037286,0.7096199989318848
Efna2,0.0022963061928749,0.0,-21.13254165649414,0.9888502385877284,0.0342056974768638,-21.13254165649414,0.295627103224769,-1.404433250427246,-21.13254165649414,0.5312633307847751,-0.984237015247345
Pwwp3a,0.1191069260239601,0.1178110316395759,-0.0167359635233879,0.5370323445056425,1.1648608446121216,-0.0167359635233879,1.0,-0.0746875330805778,-0.0167359635233879,1.0,-0.0622809343039989
Ndufs7,0.5822322964668274,0.7086243629455566,0.38433837890625,0.0102319725094407,3.022573709487915,0.38433837890625,0.0003936258189213,3.917488813400269,0.38433837890625,0.0040990131464661,3.29872989654541
Gamt,0.0,0.008412797935307,23.01022720336914,0.9888502385877284,0.4369814991950989,23.01022720336914,0.067769077721012,2.207486152648926,23.01022720336914,0.0771245794637598,2.207486152648926
Dazap1,0.4203731119632721,0.5173283219337463,0.3747932314872741,0.0107579661283506,3.0059189796447754,0.3747932314872741,0.0051400496563357,3.1764461994171143,0.3747932314872741,0.0243163700815036,2.68891716003418
Rps15,3.469898462295532,2.8637263774871826,-0.913666844367981,7.637725187833906e-147,-26.022768020629883,-0.913666844367981,2.378714241222222e-189,-38.030799865722656,-0.913666844367981,3.338165350090967e-150,-32.467411041259766
Apc2,0.0,0.0,0.0,0.9888502385877284,0.1005259156227111,0.0,1.0,0.0,0.0,1.0,0.0
2310011J03Rik,0.1925390809774398,0.3798091113567352,1.121643304824829,8.519792715516501e-11,6.856748580932617,1.121643304824829,7.45026797445559e-12,7.281461715698242,1.121643304824829,3.0151643925897438e-09,6.366578102111816
Pcsk4,0.0191578306257724,0.0110241826623678,-0.8031443953514099,0.9888502385877284,0.0657227337360382,-0.8031443953514099,0.3368577411124446,-1.312574028968811,-0.8031443953514099,0.524697119229037,-1.0426100492477417
Reep6,0.0013197114458307,0.0016800097655504,0.3485068380832672,0.9888502385877284,0.1345822364091873,0.3485068380832672,1.0,0.1686498820781707,0.3485068380832672,1.0,0.1427709460258484
Adamtsl5,0.0,0.0012047253549098,20.201143264770508,0.9888502385877284,0.1678170263767242,20.201143264770508,0.4679991859106411,1.0,20.201143264770508,0.5282133287683867,1.0
Mex3d,0.0159728601574897,0.0124336266890168,-0.3639345169067383,0.9888502385877284,0.2326435446739196,-0.3639345169067383,0.7382966382448666,-0.5889983773231506,-0.3639345169067383,0.8377423851710579,-0.4769698977470398
Mbd3,0.4587917625904083,0.4648123383522033,0.0234848614782094,0.9888502385877284,0.4670048654079437,0.0234848614782094,1.0,0.1986490190029144,0.0234848614782094,1.0,0.1662363857030868
Uqcr11,0.6288438439369202,0.881495475769043,0.6922184824943542,3.339502923918642e-09,6.288172245025635,0.6922184824943542,2.0119756763594386e-12,7.452300548553467,0.6922184824943542,4.907010587381021e-09,6.285640716552734
Tcf3,0.2342546284198761,0.2996673882007599,0.4045668840408325,0.0029307350235284,3.4139974117279053,0.4045668840408325,0.026091045741636,2.6029417514801025,0.4045668840408325,0.0758290034841731,2.2122561931610107
Atp8b3,0.0,0.0,0.0,0.9888502385877284,0.1005259156227111,0.0,1.0,0.0,0.0,1.0,0.0
Rexo1,0.3071891069412231,0.3368540406227112,0.1555416733026504,0.2142327658977306,1.7509881258010864,0.1555416733026504,0.4456189868336323,1.110041260719299,0.1555416733026504,0.5587671031465214,0.939333975315094
Klf16,0.0501192025840282,0.086109422147274,0.8070638179779053,0.1131083024905317,2.077958822250366,0.8070638179779053,0.0283974509884352,2.5705368518829346,0.8070638179779053,0.0670627525229735,2.267590045928955
Abhd17a,0.3574708104133606,0.5811436772346497,0.8749867081642151,1.2651909863049672e-09,6.442172527313232,0.8749867081642151,2.2991520823237727e-12,7.441906929016113,0.8749867081642151,2.822443006478115e-09,6.377870559692383
Scamp4,0.0015447739278897,0.0,-20.56007957458496,0.9888502385877284,0.0673658028244972,-20.56007957458496,0.4679991859106411,-1.0,-20.56007957458496,0.6832027011037286,-0.7008072733879089
Gm49322,0.0057355011813342,0.001855001784861,-1.631299376487732,0.9888502385877284,0.0685607641935348,-1.631299376487732,0.3291455519074015,-1.3281631469726562,-1.631299376487732,0.5299909986835808,-0.9897279143333436
Csnk1g2,0.4667113721370697,0.3597577512264251,-0.4579538106918335,0.0445388111620475,-2.485290288925171,-0.4579538106918335,0.0009395720286561,-3.680808305740357,-0.4579538106918335,0.0092260614864798,-3.0345349311828613
Btbd2,0.0777468308806419,0.0519961230456829,-0.5991560220718384,0.9888502385877284,0.0640796646475792,-0.5991560220718384,0.0921026467793998,-2.063173532485962,-0.5991560220718384,0.2184802285268347,-1.6646976470947266
Mknk2,0.4322257041931152,0.5738241672515869,0.5194923281669617,0.0003405587823245,4.004008293151856,0.5194923281669617,5.5275755891017234e-05,4.407087326049805,0.5194923281669617,0.0008591897917269,3.7574245929718018
Mob3a,0.2615240514278412,0.3013296127319336,0.2344574034214019,0.0407867756303867,2.5196454524993896,0.2344574034214019,0.2447491905731928,1.531135320663452,0.2344574034214019,0.3798197497425331,1.2951768636703491
Izumo4,0.2694518566131592,0.1140223443508148,-1.356410026550293,0.0015940294666695,-3.591448783874512,-1.356410026550293,4.441489375723121e-12,-7.313688278198242,-1.356410026550293,8.824587535858563e-08,-5.7899370193481445
Ap3d1,0.1953296214342117,0.2371792048215866,0.3113421201705932,0.0330432401141871,2.602396249771118,0.3113421201705932,0.1556976447535026,1.7965351343154907,0.3113421201705932,0.2728039738248579,1.5273621082305908
Dot1l,0.1440645605325698,0.1658153682947158,0.21895731985569,0.0863411131391549,2.2020103931427,0.21895731985569,0.4492088669932274,1.1038326025009155,0.21895731985569,0.5637089525402167,0.9314000010490416
Plekhj1,0.6558433175086975,0.8321850895881653,0.4863848686218261,0.0006103998205644,3.854787826538086,0.4863848686218261,6.234191952742651e-07,5.360208511352539,0.4863848686218261,5.538720244559962e-05,4.45725679397583
Sf3a2,0.1433300226926803,0.2142091989517212,0.6323306560516357,0.0013580784564227,3.636707782745361,0.6323306560516357,0.0030596746093362,3.3395044803619385,0.6323306560516357,0.0138707395512139,2.8946776390075684
Amh,0.0,0.0,0.0,0.9888502385877284,0.1005259156227111,0.0,1.0,0.0,0.0,1.0,0.0
Oaz1,2.1712357997894287,2.6214914321899414,0.715379536151886,1.1089503446822797e-61,16.820240020751953,0.715379536151886,7.983484091278391e-68,18.8853816986084,0.715379536151886,2.3275594550153853e-45,15.398846626281738
Lsm7,0.5017186999320984,0.4309947192668915,-0.2741761207580566,0.2889264481520192,-1.5798850059509275,-0.2741761207580566,0.0491542548751905,-2.345298767089844,-0.2741761207580566,0.132421003259448,-1.9401887655258176
Sppl2b,0.0416757836937904,0.0531331747770309,0.3587334752082824,0.5942528917069048,1.0853214263916016,0.3587334752082824,0.4679991859106411,1.0047857761383057,0.3587334752082824,0.6120608345888336,0.8563366532325745
Timm13,0.7761086225509644,0.9270557761192322,0.3805520832538605,0.0034842627613406,3.3632116317749023,0.3805520832538605,7.227617484660812e-05,4.34190034866333,0.3805520832538605,0.0012394876882774,3.655705690383911
Lmnb2,0.0367693714797496,0.0423882082104682,0.2092384099960327,0.6130401425813594,1.058808207511902,0.2092384099960327,0.7651432521811293,0.5515084862709045,0.2092384099960327,0.8446307682675138,0.4654950499534607
Gadd45b,0.2392744570970535,0.2187872231006622,-0.1444799602031707,0.9544158519094528,0.627129316329956,-0.1444799602031707,0.6066965016976532,-0.7794044613838196,-0.1444799602031707,0.7124735913621917,-0.6582404375076294
Gng7,0.0,0.0,0.0,0.9888502385877284,0.1005259156227111,0.0,1.0,0.0,0.0,1.0,0.0
Slc39a3,0.0502873957157135,0.0525756403803825,0.0658623576164245,0.8416571887459253,0.7685825824737549,0.0658623576164245,1.0,0.1931679099798202,0.0658623576164245,1.0,0.1626205742359161
Sgta,0.1888106614351272,0.2781460583209991,0.6258496642112732,0.0002343994557682,4.097663402557373,0.6258496642112732,0.0006213875848047,3.7981748580932617,0.6258496642112732,0.0044513975589135,3.2726035118103027
Thop1,0.0311874933540821,0.0428895428776741,0.4681517779827118,0.2841824898474561,1.58966863155365,0.4681517779827118,0.3619940524751347,1.2612028121948242,0.4681517779827118,0.5146846222510428,1.0575577020645142
Map2k2,0.5041007995605469,0.7153628468513489,0.6727449297904968,4.051451728612152e-07,5.456555366516113,0.6727449297904968,1.0292238706887891e-09,6.501319885253906,0.6727449297904968,3.729810004729466e-07,5.508282661437988
Zbtb7a,0.471126914024353,0.4911506474018097,0.0756478309631347,0.8950255277978183,0.7034573554992676,0.0756478309631347,0.7145290294896364,0.6230179071426392,0.0756478309631347,0.8047835307443832,0.5255066752433777
Pias4,0.1282941997051239,0.156051680445671,0.3030650615692138,0.1310844671952515,2.006783962249756,0.3030650615692138,0.2974964987155876,1.3994925022125244,0.3030650615692138,0.4315344742904929,1.196613311767578
Eef2,2.379395008087158,2.4595327377319336,0.1269088685512542,0.0171969705316141,2.844151496887207,0.1269088685512542,0.0022654495854769,3.428416967391968,0.1269088685512542,0.0145774538977815,2.876812696456909
Dapk3,0.1738811880350113,0.3125945627689361,0.9503032565116882,4.901690206878128e-08,5.836328506469727,0.9503032565116882,8.236348355839752e-08,5.753426551818848,0.9503032565116882,4.879543027929372e-06,4.994163513183594
Nmrk2,0.0024563737679272,0.0,-21.22987174987793,0.9888502385877284,0.0342056974768638,-21.22987174987793,0.3051759686124072,-1.3809610605239868,-21.22987174987793,0.5404792310652637,-0.9677875638008118
Atcay,0.0010038891341537,0.0138155436143279,3.791872262954712,0.9209702505299352,0.6723137497901917,3.791872262954712,0.0235656181617168,2.6478657722473145,3.791872262954712,0.0315346306126355,2.59071946144104
Zfr2,0.0085699101909995,0.0011122599244117,-2.951168775558472,0.9888502385877284,-0.0980613082647323,-2.951168775558472,0.053438224513332,-2.308885335922241,-2.951168775558472,0.2172470032461977,-1.669229507446289
Matk,0.12249156832695,0.0468370169401168,-1.4423044919967651,0.2411769438773913,-1.6850413084030151,-1.4423044919967651,1.5967888141173231e-06,-5.166762351989746,-1.4423044919967651,0.0002965279429223,-4.047626972198486
Mrpl54,0.4663162529468536,0.6854977607727051,0.7290388941764832,4.042590884855968e-08,5.8701605796813965,0.7290388941764832,2.886256445414723e-10,6.706680774688721,0.7290388941764832,1.248349539525418e-07,5.714312553405762
Apba3,0.039376713335514,0.0280102360993623,-0.4996336102485657,0.9888502385877284,0.0472008734941482,-0.4996336102485657,0.3994737717540846,-1.1881898641586304,-0.4996336102485657,0.5379368875806385,-0.9712733030319214
Tjp3,0.0046898075379431,0.0389312170445919,3.078116178512573,0.3059399672253426,1.545679211616516,3.078116178512573,0.0002350245666548,4.068479061126709,3.078116178512573,0.0004744404571093,3.929287672042847
Pip5k1c,0.1055645942687988,0.1353134661912918,0.3800694644451141,0.0771392057540809,2.253244161605835,0.3800694644451141,0.2007912428078775,1.647148847579956,0.3800694644451141,0.3263308940324332,1.407717227935791
Cactin,0.0888715013861656,0.1030353456735611,0.2237269431352615,0.2711096222297089,1.6187957525253296,0.2237269431352615,0.5330783991009287,0.8924370408058167,0.2237269431352615,0.6800736908197408,0.7559503316879272
Tbxa2r,0.2189712077379226,0.108204685151577,-1.099056601524353,0.0807476030505972,-2.2317349910736084,-1.099056601524353,1.337017337100287e-07,-5.6446404457092285,-1.099056601524353,4.9096364648875215e-05,-4.489736080169678
Gipc3,0.0011869365116581,0.0008330838172696,-0.5109639763832092,0.9888502385877284,0.1345822364091873,-0.5109639763832092,0.9808857814796774,-0.2440162003040313,-0.5109639763832092,1.0,-0.1874744594097137
Hmg20b,0.1874017268419265,0.2636202573776245,0.5493713617324829,0.0005314516634217,3.8904871940612793,0.5493713617324829,0.0048286138931153,3.196488857269287,0.5493713617324829,0.0211985154801224,2.7404773235321045
Mfsd12,0.0137147270143032,0.01078094355762,-0.3493630290031433,0.9888502385877284,0.1678170263767242,-0.3493630290031433,0.7941742912504813,-0.5101614594459534,-0.3493630290031433,0.8783364200985164,-0.4170641303062439
4930404N11Rik,0.0127136688679456,0.0051210895180702,-1.3173425197601318,0.9994412017932364,0.0031367670744657,-1.3173425197601318,0.2307412320757732,-1.5659239292144775,-1.3173425197601318,0.4215600463845045,-1.2205575704574585
Fzr1,0.0775820612907409,0.1198948919773101,0.6589996814727783,0.0266854563224639,2.682682514190674,0.6589996814727783,0.0247803755610377,2.623595952987671,0.6589996814727783,0.0666994964623763,2.270069360733032
Dohh,0.1494838297367096,0.1724918782711029,0.2235807627439499,0.0812095793328166,2.2292704582214355,0.2235807627439499,0.4029357406423388,1.1821438074111938,0.2235807627439499,0.5299909986835808,0.9942091107368468
Gm48551,0.0137166175991296,0.0050462465733289,-1.448906183242798,0.9888502385877284,-0.0976132005453109,-1.448906183242798,0.1750730072300931,-1.7309399843215942,-1.448906183242798,0.3548118259015556,-1.344311237335205
Smim24,0.0191155690699815,0.0824045240879058,2.154015064239502,0.0367177942078387,2.561020851135254,2.154015064239502,9.12261907229788e-06,4.831773281097412,2.154015064239502,4.28024707731095e-05,4.524047374725342
Nfic,0.1199844628572464,0.2229867875576019,0.9705336689949036,7.163570061390878e-05,4.383781433105469,0.9705336689949036,1.6904929281304277e-05,4.682822227478027,0.9705336689949036,0.0002076147367658,4.133709907531738
Celf5,0.001298046670854,0.0019725214224308,0.6041849255561829,0.9888502385877284,0.1345822364091873,0.6041849255561829,0.951433283448919,0.285636305809021,0.6041849255561829,0.9885536611824656,0.2492666989564895
Ncln,0.1780221909284591,0.1428744345903396,-0.3433405756950378,0.9888502385877284,0.2928396165370941,-0.3433405756950378,0.1692412984763324,-1.752234935760498,-0.3433405756950378,0.3106553750665685,-1.4431177377700806
S1pr4,0.391458660364151,0.9244244694709778,1.6659579277038574,2.0741530427326474e-38,13.24014377593994,1.6659579277038574,1.1919186036008124e-42,14.860944747924805,1.6659579277038574,2.2304722951459822e-34,13.10657787322998
Gna15,0.0368732959032058,0.6684215664863586,4.662352085113525,2.3529167890129283e-76,18.731203079223636,4.662352085113525,6.816924421766612e-76,22.52167320251465,4.662352085113525,9.345075795833952e-75,21.925779342651367
Gna11,0.1104647368192672,0.1290643662214279,0.2381893843412399,0.1635639471578802,1.8951300382614136,0.2381893843412399,0.4679991859106411,1.064493179321289,0.2381893843412399,0.5820435278528961,0.9033294916152954
Tle5,1.6185762882232666,1.7933225631713867,0.3081725835800171,7.833804469348251e-06,4.871100425720215,0.3081725835800171,2.2328103934582617e-07,5.555029392242432,0.3081725835800171,3.103301358624107e-05,4.591692924499512
Tle2,0.0059036896564066,0.0015153212007135,-1.9651600122451784,0.9994412017932364,0.001643068389967,-1.9651600122451784,0.2856707372151966,-1.437357783317566,-1.9651600122451784,0.5030875738339434,-1.0770785808563232
Tle6,0.0,0.0,0.0,0.9888502385877284,0.1005259156227111,0.0,1.0,0.0,0.0,1.0,0.0
BC025920,0.0258912071585655,0.0241616237908601,-0.1009975150227546,0.9888502385877284,0.29799285531044,-0.1009975150227546,1.0,-0.2000646591186523,-0.1009975150227546,1.0,-0.1674981266260147
Sirt6,0.0610184073448181,0.0865146815776825,0.5223183631896973,0.1222370621920763,2.0411391258239746,0.5223183631896973,0.1481721667838828,1.8237016201019287,0.5223183631896973,0.2577093955934885,1.5659301280975342
Ankrd24,0.0140500040724873,0.0169933047145605,0.2765244245529175,0.9888502385877284,0.4657351970672607,0.2765244245529175,0.8265587667791403,0.463735282421112,0.2765244245529175,0.8943090826911752,0.3935081362724304
Gm10778,0.0,0.0,0.0,0.9888502385877284,0.1005259156227111,0.0,1.0,0.0,0.0,1.0,0.0
Zfp433,0.0064366296865046,0.0079512437805533,0.3059689402580261,0.9888502385877284,0.2357803136110305,0.3059689402580261,0.911206689847678,0.3430716097354889,0.3059689402580261,0.960240293336974,0.2933067977428436
Gm3055,0.0047487779520452,0.0,-22.182552337646484,0.9888502385877284,-0.0321145206689834,-22.182552337646484,0.1055826509937629,-1.997752666473389,-22.182552337646484,0.3296529771759773,-1.400039553642273
Gm32687,0.0035006899852305,0.0060496712103486,0.7910574078559875,0.9888502385877284,0.269612580537796,0.7910574078559875,0.681348589528836,0.6701598763465881,0.7910574078559875,0.7594933629641417,0.58851158618927
Zfp781,0.0,0.0035805194638669,21.774320602416992,0.9888502385877284,0.1678170263767242,21.774320602416992,0.4679991859106411,1.0,21.774320602416992,0.5282133287683867,1.0
Zfp873,0.0434132143855094,0.0150750828906893,-1.5465096235275269,0.9888502385877284,-0.4757429957389831,-1.5465096235275269,0.0042846402478115,-3.2311816215515137,-1.5465096235275269,0.0406353299690664,-2.485517740249634
BC024063,0.0043715601786971,0.0019604361150413,-1.1587132215499878,0.9888502385877284,0.1018702387809753,-1.1587132215499878,0.5270307839618742,-0.9027665853500366,-1.1587132215499878,0.6877572766905505,-0.6937962770462036
AU041133,0.0719472989439964,0.0450738854706287,-0.6942227482795715,0.9888502385877284,-0.2990384399890899,-0.6942227482795715,0.0782387387945557,-2.1386189460754395,-0.6942227482795715,0.1951941740513131,-1.7331373691558838
Zfp938,0.0699929669499397,0.0387025624513626,-0.877556562423706,0.9888502385877284,-0.2973953783512115,-0.877556562423706,0.0228610525128611,-2.652745485305786,-0.877556562423706,0.0923753271423327,-2.120089054107666
Gm4924,0.0276353154331445,0.0070559522137045,-1.984488010406494,0.9888502385877284,-0.2995612323284149,-1.984488010406494,0.0084299329990018,-3.0098156929016118,-1.984488010406494,0.0692314481445677,-2.254483222961426
1190007I07Rik,0.1503984183073043,0.1288254112005233,-0.2392957806587219,0.9185279333949818,0.6758986115455627,-0.2392957806587219,0.4150220367661105,-1.161552906036377,-0.2392957806587219,0.5436240304983563,-0.962510108947754
Tdg,0.0866999849677085,0.2009888440370559,1.2974293231964111,1.3751896388480683e-06,5.22279167175293,1.2974293231964111,3.3007479784263514e-08,5.927744388580322,1.2974293231964111,1.1907677872279758e-06,5.283672332763672
Glt8d2,0.0031449035741388,0.001279214862734,-1.2991029024124146,0.9888502385877284,0.0681126564741134,-1.2991029024124146,0.5675055865553962,-0.8395382761955261,-1.2991029024124146,0.7211134322483999,-0.645264744758606
Hcfc2,0.0528173372149467,0.089923158288002,0.7947657704353333,0.1012601833600477,2.129939556121826,0.7947657704353333,0.0268339090379188,2.592883825302124,0.7947657704353333,0.0657134582320004,2.277040958404541
Nfyb,0.2499334514141082,0.4814684391021728,1.1230692863464355,3.969377724991288e-13,7.610020637512207,1.1230692863464355,1.671484383294326e-14,8.139361381530762,1.1230692863464355,3.1887907205427325e-11,7.094350814819336
Txnrd1,0.235050767660141,0.3433067798614502,0.6283743381500244,5.724839616292144e-05,4.43733024597168,0.6283743381500244,0.0001769282622089,4.126002788543701,0.6283743381500244,0.0017830145138291,3.5496838092803955
Eid3,0.0055005000904202,0.0176136419177055,1.6878129243850708,0.9888502385877284,0.4729049503803253,1.6878129243850708,0.1837704173139031,1.699760913848877,1.6878129243850708,0.2422675395756123,1.6033772230148315
Chst11,0.0346512831747531,0.1001840084791183,1.5794745683670044,0.0047827370092402,3.265224933624268,1.5794745683670044,1.3907266916469512e-05,4.731954574584961,1.5794745683670044,0.0001042041868879,4.306867599487305
Slc41a2,0.0,0.0018219631165266,20.798377990722656,0.9888502385877284,0.1678170263767242,20.798377990722656,0.4679991859106411,1.0,20.798377990722656,0.5282133287683867,1.0
D10Wsu102e,0.2294689714908599,0.1457982510328292,-0.7165676951408386,0.5593662063271113,-1.1322234869003296,-0.7165676951408386,0.0004660860345235,-3.8704826831817623,-0.7165676951408386,0.0069382675265198,-3.130795955657959
Washc4,0.253908097743988,0.1546059101819992,-0.7897791266441345,0.3489769803722354,-1.4658410549163818,-0.7897791266441345,3.970594274105701e-05,-4.477653980255127,-0.7897791266441345,0.0015688091541779,-3.589560985565185
Appl2,0.0617850497364997,0.0433114394545555,-0.5259522199630737,0.9888502385877284,-0.1133717224001884,-0.5259522199630737,0.2591971365522698,-1.4969313144683838,-0.5259522199630737,0.4131076506232887,-1.23574960231781
1500009L16Rik,0.0613219365477561,0.4632892906665802,3.2200496196746826,1.3723821797157412e-33,12.367376327514648,3.2200496196746826,4.564059486922846e-40,14.757281303405762,3.2200496196746826,1.0356673311219876e-37,14.093058586120604
Ckap4,0.0022081083152443,0.0,-21.075973510742188,0.9888502385877284,0.0342056974768638,-21.075973510742188,0.2942789202292576,-1.4139091968536377,-21.075973510742188,0.5299909986835808,-0.9908778667449952
Tcp11l2,0.4149745404720306,0.2489163130521774,-0.8637617826461792,0.0001797189235531,-4.163759231567383,-0.8637617826461792,1.6526131551506197e-08,-6.025126934051514,-0.8637617826461792,6.137504867571549e-06,-4.947721004486084
Polr3b,0.0797611773014068,0.0766642987728118,-0.0593946017324924,0.697986018812114,0.9476770758628844,-0.0593946017324924,0.9966916154414366,-0.2200597375631332,-0.0593946017324924,1.0,-0.1830284595489502
Rfx4,0.001350135426037,0.0,-20.36564826965332,0.9888502385877284,0.0673658028244972,-20.36564826965332,0.4679991859106411,-1.0,-20.36564826965332,0.6832027011037286,-0.7008072733879089
Ric8b,0.0718800872564315,0.0577402040362358,-0.3263258934020996,0.9888502385877284,0.5508013367652893,-0.3263258934020996,0.4596469138306143,-1.0861399173736572,-0.3263258934020996,0.590475828812952,-0.8909603953361511
Fhl4,0.0,0.0042933905497193,22.036785125732425,0.9888502385877284,0.3023992776870727,22.036785125732425,0.2453181409820767,1.531193494796753,22.036785125732425,0.2719294153150465,1.531193494796753
Tmem263,0.0494734831154346,0.1621304303407669,1.795125126838684,2.9196187781860606e-06,5.073347091674805,1.795125126838684,1.0154617795641134e-09,6.536712646484375,1.795125126838684,3.3075767639243225e-08,5.959636688232422
Mterf2,0.0469175204634666,0.0679789558053016,0.5502994656562805,0.2693842326647688,1.622455358505249,0.5502994656562805,0.1995317416772269,1.6509078741073608,0.5502994656562805,0.3200316907645881,1.4240715503692627
Cry1,0.0839041620492935,0.2130554467439651,1.4398820400238037,1.761263208755876e-07,5.610332012176514,1.4398820400238037,1.134869449418968e-09,6.509617805480957,1.4398820400238037,6.344069696286886e-08,5.840436458587647
Btbd11,0.0873323231935501,0.0227443985641002,-1.9880222082138064,0.358685290565242,-1.4475432634353638,-1.9880222082138064,2.348217387740853e-07,-5.538076400756836,-1.9880222082138064,0.0001694791256809,-4.194781303405762
Pwp1,0.1239707320928573,0.127628281712532,0.0446421913802623,0.2412467171225434,1.6848173141479492,0.0446421913802623,1.0,0.2086479812860489,0.0446421913802623,1.0,0.1742282807826995
Prdm4,0.0484113171696662,0.0673353970050811,0.4898033440113067,0.274016263182165,1.6119247674942017,0.4898033440113067,0.2521523347414841,1.5130908489227295,0.4898033440113067,0.3792382770572942,1.296628475189209
Ascl4,0.0,0.0,0.0,0.9888502385877284,0.1005259156227111,0.0,1.0,0.0,0.0,1.0,0.0
Rtcb,0.437755137681961,0.427435964345932,-0.042394433170557,0.9888502385877284,0.0483958348631858,-0.042394433170557,0.9044208887246988,-0.3532814681529999,-0.042394433170557,0.9595216920856514,-0.2943235337734222
Bpifc,0.0,0.0,0.0,0.9888502385877284,0.1005259156227111,0.0,1.0,0.0,0.0,1.0,0.0
Fbxo7,0.0749853253364563,0.0977959930896759,0.3998584151268005,0.1706557934643284,1.8736207485198972,0.3998584151268005,0.248582782079724,1.5214941501617432,0.3998584151268005,0.3774094226422345,1.2998377084732056
Hsp90b1,0.7580004334449768,1.2549200057983398,1.144856333732605,2.4631144226102984e-28,11.338740348815918,1.144856333732605,2.1482760936661462e-32,12.634325981140137,1.144856333732605,1.996453120636458e-24,10.851656913757324
Ttc41,0.0046483916230499,0.0022644135169684,-1.0393143892288208,0.9888502385877284,0.0350272320210933,-1.0393143892288208,0.6366132313084764,-0.7349133491516113,-1.0393143892288208,0.7562981391878383,-0.5939021706581116
Nt5dc3,0.0253413878381252,0.0222857110202312,-0.1875893175601959,0.9888502385877284,0.422417938709259,-0.1875893175601959,0.8819733262566137,-0.3861298263072967,-0.1875893175601959,0.9448123612485108,-0.3160470724105835
Stab2,0.0010925009846687,0.0,-20.05999183654785,0.9888502385877284,0.0673658028244972,-20.05999183654785,0.4679991859106411,-1.0,-20.05999183654785,0.6832027011037286,-0.7008072733879089
Igf1,0.0,0.0,0.0,0.9888502385877284,0.1005259156227111,0.0,1.0,0.0,0.0,1.0,0.0
Pmch,0.0,0.0,0.0,0.9888502385877284,0.1005259156227111,0.0,1.0,0.0,0.0,1.0,0.0
Parpbp,0.0015050274087116,0.0138416867703199,3.2100675106048584,0.8382233754307892,0.7742586731910706,3.2100675106048584,0.0205828099635673,2.69956636428833,3.2100675106048584,0.0305426610324466,2.6022491455078125
Nup37,0.0724176689982414,0.0860112085938453,0.258118063211441,0.1399187541739621,1.9743707180023196,0.258118063211441,0.4781785148106054,0.9825544357299804,0.258118063211441,0.63482855569372,0.82169109582901
Washc3,0.3888847529888153,0.353149950504303,-0.16642926633358,0.9888502385877284,-0.1605725884437561,-0.16642926633358,0.3277082066681952,-1.331053614616394,-0.16642926633358,0.4918637765011626,-1.0951439142227173
Dram1,0.00233117910102,0.0014346968382596,-0.7009603381156921,0.9888502385877284,0.1013474464416503,-0.7009603381156921,0.8652893908278937,-0.4094866514205932,-0.7009603381156921,0.9392766669844308,-0.3246263563632965
Gnptab,0.082751490175724,0.447567343711853,2.7100164890289307,1.648392470172133e-33,12.352065086364746,2.7100164890289307,4.8377888744925564e-39,14.402926445007324,2.7100164890289307,2.7732948707276133e-35,13.440505981445312
Chpt1,0.0509077943861484,0.1671650409698486,1.800700068473816,1.7585541592513346e-06,5.17439603805542,1.800700068473816,4.3803750361078223e-10,6.676004409790039,1.800700068473816,1.4331269364189e-08,6.107955455780029
Sycp3,0.0,0.0,0.0,0.9888502385877284,0.1005259156227111,0.0,1.0,0.0,0.0,1.0,0.0
Spic,0.0,0.006038196850568,22.530044555664062,0.9888502385877284,0.3023992776870727,22.530044555664062,0.1787307787352394,1.7185101509094238,22.530044555664062,0.2004442160042266,1.7185101509094238
Arl1,0.2886765301227569,0.52940434217453,1.060367226600647,1.6587027565874304e-13,7.724438190460205,1.060367226600647,5.73882577188131e-15,8.276589393615723,1.060367226600647,1.988386667363879e-11,7.1647491455078125
Utp20,0.1141471713781356,0.0712048932909965,-0.7123013734817505,0.9888502385877284,-0.3283149302005768,-0.7123013734817505,0.0183242041019494,-2.7355387210845947,-0.7123013734817505,0.0747373201553076,-2.219703435897827
Gas2l3,0.0005408413126133,0.0042928252369165,2.9913554191589355,0.9888502385877284,0.2693138420581817,2.9913554191589355,0.3307555294296657,1.3260256052017212,2.9913554191589355,0.376857157634164,1.3016176223754885
Slc17a8,0.0,0.0,0.0,0.9888502385877284,0.1005259156227111,0.0,1.0,0.0,0.0,1.0,0.0
Scyl2,0.0775403678417205,0.1006729379296302,0.3935906291007995,0.1360428547358147,1.988411545753479,0.3935906291007995,0.2614694450788679,1.4919430017471311,0.3935906291007995,0.3965145312960113,1.2649635076522827
Actr6,0.1520686000585556,0.0868728533387184,-0.8557100892066956,0.7325474022332916,-0.9001027345657349,-0.8557100892066956,0.000609635783645,-3.7987873554229736,-0.8557100892066956,0.0088320255099245,-3.0503363609313965
Uhrf1bp1l,0.1754850447177887,0.1578399240970611,-0.1659676432609558,0.925711857128667,0.6653680205345154,-0.1659676432609558,0.568468405200599,-0.8383314609527588,-0.1659676432609558,0.6833657990979733,-0.7001659274101257
Anks1b,0.0,0.0,0.0,0.9888502385877284,0.1005259156227111,0.0,1.0,0.0,0.0,1.0,0.0
Apaf1,0.08186025172472,0.1842958480119705,1.2463186979293823,1.644250523629461e-05,4.71590518951416,1.2463186979293823,3.706401641511112e-07,5.476916313171387,1.2463186979293823,8.075145793271923e-06,4.8882341384887695
Ikbip,0.005966835655272,0.0302970334887504,2.3617420196533203,0.5768294661542929,1.108921766281128,2.3617420196533203,0.0057638153602822,3.144723415374756,2.3617420196533203,0.0106518793642861,2.9890873432159424
Slc25a3,1.371045708656311,1.8006727695465088,0.7817903757095337,8.340082310644816e-32,12.02793312072754,0.7817903757095337,1.7377752441722657e-36,13.356161117553713,0.7817903757095337,1.8937827007513028e-24,10.892282485961914
Tmpo,0.409229427576065,0.5515261888504028,0.5413509011268616,0.000771698127841,3.79115629196167,0.5413509011268616,9.81972169126385e-05,4.27249002456665,0.5413509011268616,0.0010497635628677,3.702698230743408
Nedd1,0.0652417317032814,0.0794857814908027,0.2953004837036133,0.284889401774574,1.5881003141403198,0.2953004837036133,0.4679991859106411,1.0362073183059692,0.2953004837036133,0.5991449276128886,0.8766434192657471
Cfap54,0.0,0.0059009795077145,22.496782302856445,0.9888502385877284,0.3023992776870727,22.496782302856445,0.1750541971333019,1.7348284721374512,22.496782302856445,0.1951941740513131,1.7348284721374512
Cdk17,0.2154001742601394,0.2829895317554474,0.4445075392723083,0.0020757792796557,3.515568971633911,0.4445075392723083,0.0221203200681377,2.667104005813598,0.4445075392723083,0.0669011958679724,2.268709897994995
Elk3,0.1800995171070099,0.2630600035190582,0.6086490750312805,0.0002762698261327,4.056661128997803,0.6086490750312805,0.0018611796808572,3.487699508666992,0.6086490750312805,0.0103840517969597,2.994827508926392
Lta4h,0.2432676255702972,0.2176431566476822,-0.1797731071710586,0.9888502385877284,0.5836626887321472,-0.1797731071710586,0.4562658021498531,-1.0918378829956057,-0.1797731071710586,0.5801368944419014,-0.9061439037322998
Hal,0.0024151417892426,0.0,-21.205419540405277,0.9888502385877284,0.0342056974768638,-21.205419540405277,0.2951410570141407,-1.406005620956421,-21.205419540405277,0.5307486564877636,-0.9853389859199524
Amdhd1,0.0010987217538058,0.013298463076353,3.606171131134033,0.9728535020078471,0.6052466630935669,3.606171131134033,0.041953178709572,2.4153695106506348,3.606171131134033,0.0549614154460569,2.358250379562378
Ccdc38,0.0030023055151104,0.0,-21.519805908203125,0.9994412017932364,0.0010455889860168,-21.519805908203125,0.1825916757360987,-1.703208327293396,-21.519805908203125,0.433636218916929,-1.1936208009719849
Snrpf,1.1685742139816284,1.2862989902496338,0.2403472959995269,0.0969835777116344,2.1495816707611084,0.2403472959995269,0.0030961677470194,3.333444595336914,0.2403472959995269,0.019651156903249,2.7683656215667725
Ntn4,0.0010607464937493,0.0,-20.017414093017575,0.9888502385877284,0.0673658028244972,-20.017414093017575,0.4679991859106411,-1.0,-20.017414093017575,0.6832027011037286,-0.7008072733879089
Usp44,0.0,0.0,0.0,0.9888502385877284,0.1005259156227111,0.0,1.0,0.0,0.0,1.0,0.0
Metap2,0.4497775733470917,0.639250636100769,0.6561868190765381,1.1259181724019078e-06,5.261777400970459,0.6561868190765381,1.0955170908463405e-07,5.694920539855957,0.6561868190765381,9.394027426448769e-06,4.854689598083496
Vezt,0.0725408270955085,0.0411023199558258,-0.8424660563468933,0.9888502385877284,-0.1429469585418701,-0.8424660563468933,0.0283542570518464,-2.568779706954956,-0.8424660563468933,0.1076018323372225,-2.0469517707824707
Fgd6,0.005658415146172,0.0118287485092878,1.0682848691940308,0.9888502385877284,0.4040454626083374,1.0682848691940308,0.4096863532268615,1.1708853244781494,1.0682848691940308,0.5184712975590601,1.0518858432769775
Nr2c1,0.0289558842778205,0.0203581918030977,-0.5144745707511902,0.9918380127936984,0.0253928750753402,-0.5144745707511902,0.4679991859106411,-1.054207682609558,-0.5144745707511902,0.6086402244099517,-0.8623867034912109
Ndufa12,0.4894616305828094,0.7354337573051453,0.7828254103660583,3.140647787325034e-09,6.298254489898682,0.7828254103660583,4.7757614658490135e-12,7.334408760070801,0.7828254103660583,4.914844727311003e-09,6.284139633178711
Tmcc3,0.001223022583872,0.0054439092054963,2.1572375297546387,0.9888502385877284,0.2691644728183746,2.1572375297546387,0.4597087872612481,1.086520791053772,2.1572375297546387,0.5282133287683867,1.034690499305725
Cep83,0.1439992040395736,0.1697724163532257,0.2566186189651489,0.0528670300111934,2.4140408039093018,0.2566186189651489,0.34314204686091,1.3005694150924685,0.2566186189651489,0.4882462775056,1.1009178161621094
Plxnc1,0.0598072372376918,0.1092882975935936,0.9059426188468932,0.0363769179067311,2.564605712890625,0.9059426188468932,0.0059598716989483,3.1288392543792725,0.9059426188468932,0.0194735645063342,2.771880626678467
Cradd,0.065373383462429,0.1034150421619415,0.6894980669021606,0.0705359481826975,2.2926032543182373,0.6894980669021606,0.0384778052637617,2.447561264038086,0.6894980669021606,0.089728168431428,2.133298873901367
Socs2,0.0069465022534132,0.0606780387461185,3.165792942047119,0.0670071994832371,2.315382242202759,3.165792942047119,6.096408882394937e-06,4.92667818069458,3.165792942047119,1.6256475443583278e-05,4.751712799072266
Mrpl42,0.3785901367664337,0.6386816501617432,0.9579088687896729,7.220070235330315e-12,7.213144779205322,0.9579088687896729,6.058673102532054e-16,8.563365936279297,0.9579088687896729,5.421777278790295e-12,7.35930061340332
Ube2n,0.3587035536766052,0.7965933680534363,1.4971411228179932,1.356018102365652e-30,11.791704177856444,1.4971411228179932,4.827019395679242e-38,13.824983596801758,1.4971411228179932,6.990900121964423e-29,11.897025108337402
Nudt4,0.0748398974537849,0.1988663673400879,1.5014259815216064,1.345305082988205e-07,5.658951759338379,1.5014259815216064,8.90777362142447e-10,6.551407814025879,1.5014259815216064,4.798802853399555e-08,5.890463829040527
Anapc15-ps,0.0,0.0,0.0,0.9888502385877284,0.1005259156227111,0.0,1.0,0.0,0.0,1.0,0.0
Eea1,0.0395972430706024,0.3931953907012939,3.576029062271118,5.9832906946513366e-27,11.05217456817627,3.576029062271118,2.815001538948918e-33,13.278918266296388,3.576029062271118,8.018162015053682e-32,12.862234115600586
Gm5426,0.0010784658370539,0.0031780297867953,1.56066632270813,0.9888502385877284,0.201798677444458,1.56066632270813,0.5659820807950153,0.8427867293357849,1.56066632270813,0.6701646808082373,0.7712287902832031
Btg1,2.497756242752075,2.1600863933563232,-0.5400614738464355,3.587789940321008e-18,-9.021864891052246,-0.5400614738464355,7.611332889494297e-17,-8.860201835632324,-0.5400614738464355,1.5908364639573378e-13,-7.8641180992126465
Lum,0.0,0.0,0.0,0.9888502385877284,0.1005259156227111,0.0,1.0,0.0,0.0,1.0,0.0
Atp2b1,0.4702593982219696,0.9072229862213136,1.299074649810791,1.435450904106115e-26,10.972485542297363,1.299074649810791,2.836586219019166e-31,12.396156311035156,1.299074649810791,1.1153760558615458e-23,10.669011116027832
Poc1b,0.0549149475991725,0.0521408505737781,-0.0768040344119072,0.9888502385877284,0.5502785444259644,-0.0768040344119072,0.997720272102463,-0.2181257158517837,-0.0768040344119072,1.0,-0.1839294880628585
Galnt4,0.026832740753889,0.0218002814799547,-0.3032926917076111,0.9888502385877284,0.1317442059516906,-0.3032926917076111,0.7416989362007985,-0.584443986415863,-0.3032926917076111,0.8304572033339692,-0.486998051404953
Phxr2,0.0020694334525614,0.0019209296442568,-0.1075382381677627,0.9888502385877284,0.1013474464416503,-0.1075382381677627,1.0,-0.0614632666110992,-0.1075382381677627,1.0,-0.0522983260452747
Dusp6,0.0994440987706184,0.0739459618926048,-0.4460732340812683,0.9888502385877284,-0.0427197776734828,-0.4460732340812683,0.2159346192852946,-1.6048821210861206,-0.4460732340812683,0.3632674263284582,-1.326524257659912
Csl,0.0,0.0,0.0,0.9888502385877284,0.1005259156227111,0.0,1.0,0.0,0.0,1.0,0.0
Kitl,0.0,0.0,0.0,0.9888502385877284,0.1005259156227111,0.0,1.0,0.0,0.0,1.0,0.0
Tmtc3,0.0053391577675938,0.0118432259187102,1.154076099395752,0.9888502385877284,0.3377252519130707,1.154076099395752,0.4023251966300416,1.1836216449737549,1.154076099395752,0.4995562459518063,1.0825778245925903
Cep290,0.0363660044968128,0.0288173146545887,-0.3411293029785156,0.9888502385877284,0.3832830488681793,-0.3411293029785156,0.6072519518744367,-0.77846360206604,-0.3411293029785156,0.7289855704697611,-0.633968710899353
4930430F08Rik,0.0288488715887069,0.0378774739801883,0.3993741869926452,0.8776950529374479,0.7260868549346924,0.3993741869926452,0.5462381066145636,0.8726282119750977,0.3993741869926452,0.6771575719638085,0.7603140473365784
Tmtc2,0.0026844290550798,0.0,-21.35812187194824,0.9888502385877284,0.0342056974768638,-21.35812187194824,0.3041468555224185,-1.3830758333206177,-21.35812187194824,0.5398245177877038,-0.969269633293152
Mettl25,0.0247268993407487,0.0270058047026395,0.1288391202688217,0.9614509613150112,0.6193621158599854,0.1288391202688217,0.9575444803825252,0.2766464650630951,0.1288391202688217,0.9993138973103208,0.2322949916124344
Ccdc59,0.3537944555282593,0.4339490532875061,0.3562192916870117,0.0042712316842888,3.300102949142456,0.3562192916870117,0.0171350633983279,2.7619521617889404,0.3562192916870117,0.0599927577358036,2.3174281120300293
Ppp1r12a,0.6932019591331482,1.172656774520874,1.1572502851486206,1.9695591262395344e-26,10.94350814819336,1.1572502851486206,1.5648729917165061e-34,13.033946990966797,1.1572502851486206,6.472392764324475e-25,10.976727485656738
Pawr,0.0,0.0069850315339863,22.740877151489254,0.9888502385877284,0.5042726397514343,22.740877151489254,0.041295732622498,2.4226393699646,22.740877151489254,0.0474930843408402,2.4226393699646
E2f7,0.0011555984383448,0.0325607098639011,4.839136600494385,0.1904881730874942,1.814993143081665,4.839136600494385,1.832530354694106e-05,4.687403678894043,4.839136600494385,3.0424869985897764e-05,4.616790294647217
Csrp2,0.0052938731387257,0.0361931547522544,2.795687437057495,0.274684276493407,1.6102070808410645,2.795687437057495,0.0004649643918902,3.887489080429077,2.795687437057495,0.0010094052644348,3.720546007156372
Zdhhc17,0.1089855507016182,0.0710494741797447,-0.645016610622406,0.9888502385877284,-0.2449665665626526,-0.645016610622406,0.03717507539699,-2.4599719047546387,-0.645016610622406,0.1187870866274175,-1.998086214065552
Osbpl8,0.2763579487800598,0.3505341410636902,0.3993143439292907,0.0071633713764154,3.1393063068389893,0.3993143439292907,0.0209385925555531,2.688096761703491,0.3993143439292907,0.062887813836583,2.296860456466675
Bbs10,0.0079460721462965,0.0078979907557368,-0.0087910080328583,0.9888502385877284,0.2690151035785675,-0.0087910080328583,1.0,-0.0105860950425267,-0.0087910080328583,1.0,-0.0087804701179265
Nap1l1,0.7287164330482483,1.5371488332748413,1.7675453424453735,6.07408921601206e-73,18.303035736083984,1.7675453424453735,2.3737344409881655e-82,21.59575462341309,1.7675453424453735,1.6983151531109283e-62,18.428096771240234
Phlda1,0.0585381798446178,0.3221833705902099,2.6566407680511475,3.561115125817678e-17,8.761960983276367,2.6566407680511475,2.219442332166804e-23,10.759106636047363,2.6566407680511475,2.4613209295884437e-21,10.177448272705078
Krr1,0.163456305861473,0.1567101925611496,-0.0658020377159118,0.5676140141885083,1.121394157409668,-0.0658020377159118,0.9136546866537848,-0.3386685848236084,-0.0658020377159118,0.966553873683355,-0.282869279384613
Glipr1,0.221610426902771,0.7136341333389282,2.069612503051758,7.66627054100967e-41,13.658305168151855,2.069612503051758,1.7284593720804566e-46,15.725581169128418,2.069612503051758,3.7649744231707536e-39,14.124515533447266
Atxn7l3b,0.4848628342151642,0.4559166431427002,-0.1113178133964538,0.9888502385877284,-0.2964244782924652,-0.1113178133964538,0.5112924225207331,-0.928339183330536,-0.1113178133964538,0.6691439602186272,-0.7726441621780396
Tbc1d15,0.2155568152666092,0.2305226624011993,0.1080368533730506,0.1053122766534949,2.111417531967163,0.1080368533730506,0.690905697552949,0.6562448143959045,0.1080368533730506,0.7876019503789615,0.5484920740127563
Rab21,0.5231682062149048,0.6194356083869934,0.3196980357170105,0.0355432404969872,2.574240207672119,0.3196980357170105,0.0081169935439978,3.0241591930389404,0.3196980357170105,0.0348209219462239,2.5482356548309326
Tmem19,0.102810151875019,0.1140937432646751,0.1585235446691513,0.2902648298586629,1.576972246170044,0.1585235446691513,0.6827551636037246,0.6683264374732971,0.1585235446691513,0.7767440125925286,0.5636296272277832
Thap2,0.1450235694646835,0.1178207173943519,-0.3197465538978576,0.8327149632941994,0.7806068658828735,-0.3197465538978576,0.252208315854985,-1.5126136541366575,-0.3197465538978576,0.4146632298782643,-1.232521653175354
Zfc3h1,0.2466833591461181,0.3532313704490661,0.59864741563797,4.708783986787678e-05,4.48154354095459,0.59864741563797,0.0003869583785082,3.923887252807617,0.59864741563797,0.0032740469613247,3.3681154251098637
Lgr5,0.0,0.0023044140543788,21.13763236999512,0.9888502385877284,0.1678170263767242,21.13763236999512,0.4679991859106411,1.0,21.13763236999512,0.5282133287683867,1.0
Kcnmb4,0.0507675744593143,0.0259384103119373,-0.9868420958518982,0.9888502385877284,-0.2915699481964111,-0.9868420958518982,0.0429967683135933,-2.400379180908203,-0.9868420958518982,0.1356249671459621,-1.928267359733581
Cnot2,0.2259012907743454,0.2636800408363342,0.2514582276344299,0.0238494141625928,2.7246556282043457,0.2514582276344299,0.2266537074695707,1.5771160125732422,0.2514582276344299,0.3629290300382388,1.3270931243896484
Rab3ip,0.1962594985961914,0.0709810703992843,-1.5596373081207275,0.0369491980561528,-2.558257579803467,-1.5596373081207275,8.103203168676209e-12,-7.2241668701171875,-1.5596373081207275,2.96149249795943e-07,-5.569255352020264
Cct2,0.9550197720527648,1.1209821701049805,0.3712234497070312,0.0027931229275768,3.428635597229004,0.3712234497070312,2.1814156709350627e-05,4.618137359619141,0.3712234497070312,0.0005797433766671,3.8651609420776367
Frs2,0.0915292054414749,0.0569886863231658,-0.7087807059288025,0.9888502385877284,-0.1156869530677795,-0.7087807059288025,0.0371254974847136,-2.460824012756348,-0.7087807059288025,0.1240220794633902,-1.9757825136184688
Yeats4,0.4182316362857818,0.4906753897666931,0.2866681218147278,0.0335828890934302,2.5958240032196045,0.2866681218147278,0.0430785209497913,2.400270462036133,0.2866681218147278,0.1142273154576902,2.017071485519409
Lyz2,0.015862837433815,0.0102616176009178,-0.6324419975280762,0.9888502385877284,0.0693076103925705,-0.6324419975280762,0.5489068574171228,-0.8682141304016113,-0.6324419975280762,0.6832027011037286,-0.7075541615486145
Cpsf6,0.3875171542167663,0.4933852851390838,0.4304100275039673,0.000781721799572,3.787421941757202,0.4304100275039673,0.0014699948996672,3.5544745922088623,0.4304100275039673,0.0108517060169587,2.979731798171997
Cpm,0.0545263662934303,0.0082309367135167,-2.761395215988159,0.6502146005288407,-1.0109351873397827,-2.761395215988159,4.295006791756897e-07,-5.428482055664063,-2.761395215988159,0.0004354990487929,-3.955724000930786
Mdm2,0.234589472413063,0.3245019018650055,0.5359646081924438,0.0002594121219008,4.0724196434021,0.5359646081924438,0.001696859161174,3.51399827003479,0.5359646081924438,0.0101041041798704,3.003650426864624
Slc35e3,0.0127073032781481,0.0271719396114349,1.1069285869598389,0.6585173663152313,0.9991349577903748,1.1069285869598389,0.1166076432395213,1.948270320892334,1.1069285869598389,0.1980931109191192,1.7234070301055908
Nup107,0.0853547677397728,0.0775255784392356,-0.1445235311985016,0.5333746834541292,1.17016339302063,-0.1445235311985016,0.7632659806950117,-0.5544891953468323,-0.1445235311985016,0.8530641200694391,-0.4536296725273132
Rap1b,1.1383129358291626,1.7196568250656128,1.1110870838165283,6.169875533935212e-53,15.57113552093506,1.1110870838165283,1.4911394213295795e-62,18.009103775024414,1.1110870838165283,2.4000924718287536e-41,14.615874290466309
Mdm1,0.0125327566638588,0.0286224298179149,1.203088402748108,0.425822744386728,1.334619641304016,1.203088402748108,0.0661364457703429,2.215290307998657,1.203088402748108,0.1313764925377074,1.9443390369415283
Il22,0.0,0.0,0.0,0.9888502385877284,0.1005259156227111,0.0,1.0,0.0,0.0,1.0,0.0
Ifng,0.0862305462360382,1.66363263130188,5.570096492767334,1.051463464321677e-155,26.80695915222168,5.570096492767334,7.592622248281491e-150,38.74847030639648,5.570096492767334,1.0103747322910171e-151,37.65903091430664
Dyrk2,0.348104864358902,0.1072655916213989,-1.8786487579345703,2.9475161562004484e-08,-5.925502300262451,-1.8786487579345703,1.3829638667365422e-23,-10.50820541381836,-1.8786487579345703,2.1464758282751262e-14,-8.179397583007812
Cand1,0.1381467431783676,0.1461084336042404,0.0867169722914695,0.2200152290640125,1.7363499402999878,0.0867169722914695,0.8586079231147449,0.4186460375785827,0.0867169722914695,0.922698497503737,0.3510875701904297
Grip1,0.0052830725908279,0.0,-22.336759567260746,0.9888502385877284,-0.0321145206689834,-22.336759567260746,0.1080550928026449,-1.985663056373596,-22.336759567260746,0.3325751157558842,-1.3915671110153198
Helb,0.1092255637049675,0.1614149510860443,0.6019591689109802,0.0040600779346628,3.315413236618042,0.6019591689109802,0.0140979574305365,2.83379340171814,0.6019591689109802,0.0470959525483709,2.421426296234131
Irak3,0.001298046670854,0.0322003848850727,4.6550164222717285,0.3415675390224936,1.4789109230041504,4.6550164222717285,0.0001462439945164,4.193139553070068,4.6550164222717285,0.0002262020818529,4.127332210540772
Tmbim4,0.2137569487094879,0.6222801208496094,1.8567373752593996,1.3783835305657627e-34,12.553192138671877,1.8567373752593996,1.5304366959123075e-39,14.260979652404783,1.8567373752593996,2.90651780986433e-32,12.66199016571045
Llph,0.626339316368103,0.8368687629699707,0.5882728099822998,6.160462502391715e-06,4.921139240264893,0.5882728099822998,6.6258673058885325e-09,6.188762664794922,0.5882728099822998,1.714154988858047e-06,5.209196090698242
Hmga2,0.0038150681648403,0.0013207611627876,-1.532138466835022,0.9888502385877284,0.0681126564741134,-1.532138466835022,0.4919459921206605,-0.9599156975746156,-1.532138466835022,0.6832027011037286,-0.721836507320404
Msrb3,0.0,0.0,0.0,0.9888502385877284,0.1005259156227111,0.0,1.0,0.0,0.0,1.0,0.0
Lemd3,0.0909023955464363,0.098572053015232,0.1224801838397979,0.5916357324882839,1.0884581804275513,0.1224801838397979,0.8208967259668767,0.4719224572181701,0.1224801838397979,0.888998974389204,0.4010936021804809
Tbc1d30,0.010793057270348,0.001642920775339,-2.7223751544952397,0.9888502385877284,-0.1645309031009674,-2.7223751544952397,0.0411895182933237,-2.417840480804444,-2.7223751544952397,0.1793624330471066,-1.7820467948913574
Gns,0.0650500357151031,0.0795286521315574,0.3004949688911438,0.462472014254047,1.2774109840393066,0.3004949688911438,0.4754352371081157,0.986566722393036,0.3004949688911438,0.6176545069172199,0.8479604125022888
Rassf3,0.0722256898880004,0.037906490266323,-0.9550504684448242,0.9888502385877284,-0.5020321011543274,-0.9550504684448242,0.0111187156023643,-2.9154610633850098,-0.9550504684448242,0.0599635006722552,-2.318403005599976
Tbk1,0.1699645370244979,0.2463275641202926,0.5923382043838501,0.0001412448195734,4.223731517791748,0.5923382043838501,0.0022861811339678,3.42668080329895,0.5923382043838501,0.0126213409068632,2.927988290786743
Xpot,0.0907671749591827,0.1231835186481475,0.4643667638301849,0.069132751141141,2.3008933067321777,0.4643667638301849,0.122250290072811,1.923921823501587,0.4643667638301849,0.2233550113427018,1.6511410474777222
D930020B18Rik,0.0,0.0007606937433592,19.537506103515625,0.9888502385877284,0.1678170263767242,19.537506103515625,0.4679991859106411,1.0,19.537506103515625,0.5282133287683867,1.0
BC048403,0.0230100527405738,0.0266460552811622,0.2142914086580276,0.9076430727217168,0.6876241564750671,0.2142914086580276,0.8317967915218403,0.4558960497379303,0.2142914086580276,0.9001804547622815,0.3843280076980591
Srgap1,0.0,0.0,0.0,0.9888502385877284,0.1005259156227111,0.0,1.0,0.0,0.0,1.0,0.0
Rxylt1,0.1079191341996193,0.0699902474880218,-0.6524905562400818,0.9888502385877284,0.1446647047996521,-0.6524905562400818,0.0282701666957946,-2.570009469985962,-0.6524905562400818,0.107524845375074,-2.0474653244018555
Ppm1h,0.5192173719406128,0.5960777997970581,0.2597313821315765,0.0829863270977396,2.219934701919556,0.2597313821315765,0.0532131128478176,2.3111989498138428,0.2597313821315765,0.1292906000150706,1.952736020088196
Mon2,0.1604857444763183,0.1315383464097976,-0.3083510100841522,0.9888502385877284,0.3591598272323608,-0.3083510100841522,0.2579645627341254,-1.4997316598892212,-0.3083510100841522,0.413041698042569,-1.2359236478805542
Usp15,0.4755512475967407,0.4450717270374298,-0.1192301884293556,0.9888502385877284,-0.5071853399276733,-0.1192301884293556,0.4679991859106411,-1.0250345468521118,-0.1192301884293556,0.6201009479641851,-0.8436394929885864
Slc16a7,0.0020551544148474,0.0,-20.972299575805664,0.9888502385877284,0.0342056974768638,-20.972299575805664,0.2942789202292576,-1.4122172594070437,-20.972299575805664,0.5299909986835808,-0.9896920919418336
Lrig3,0.0,0.0,0.0,0.9888502385877284,0.1005259156227111,0.0,1.0,0.0,0.0,1.0,0.0
Atp23,0.0460979007184505,0.0553151257336139,0.2696780860424042,0.584006637443914,1.0986899137496948,0.2696780860424042,0.598213237634612,0.7925744652748108,0.2696780860424042,0.7006486871714661,0.6754403710365295
Ctdsp2,0.1336645781993866,0.1524733155965805,0.2038304954767227,0.2114856862846045,1.7580832242965698,0.2038304954767227,0.501794494244066,0.9434568881988524,0.2038304954767227,0.6484634855290065,0.801833987236023
Avil,0.0,0.0,0.0,0.9888502385877284,0.1005259156227111,0.0,1.0,0.0,0.0,1.0,0.0
Tsfm,0.160277783870697,0.2304689884185791,0.5762780904769897,0.0006331223905234,3.845302820205689,0.5762780904769897,0.0045102140055312,3.218817710876465,0.5762780904769897,0.0197664914685469,2.765965461730957
Eef1akmt3,0.0,0.0,0.0,0.9888502385877284,0.1005259156227111,0.0,1.0,0.0,0.0,1.0,0.0
Mettl1,0.2755931317806244,0.0932021588087081,-1.6997126340866089,0.0004998329061525,-3.906320571899414,-1.6997126340866089,1.2889285834322159e-17,-8.978538513183594,-1.6997126340866089,1.4874959677737788e-10,-6.89093828201294
Cyp27b1,0.0,0.0,0.0,0.9888502385877284,0.1005259156227111,0.0,1.0,0.0,0.0,1.0,0.0
March9,0.0139576010406017,0.0316993854939937,1.196250557899475,0.6838867423429784,0.9666470289230348,1.196250557899475,0.0821614690054508,2.117949724197388,1.196250557899475,0.1427945973236092,1.9011348485946653
Cdk4,0.4079181253910064,0.5082509517669678,0.3951423764228821,0.0138112161513349,2.920778274536133,0.3951423764228821,0.0052500099768559,3.169861316680908,0.3951423764228821,0.0222037788031295,2.7228329181671143
Tspan31,0.1127328500151634,0.207761600613594,0.9523997902870178,5.539128086281977e-05,4.444798946380615,0.9523997902870178,2.059978016381624e-05,4.638711929321289,0.9523997902870178,0.0002488570524549,4.087329387664795
Agap2,0.05222674831748,0.100408099591732,0.9782125353813172,0.0716233694868223,2.286031007766724,0.9782125353813172,0.0053223415732931,3.1669394969940186,0.9782125353813172,0.0167835534467107,2.82578444480896
Os9,0.3217585682868957,0.6128035187721252,1.1556761264801023,1.084853421198834e-17,8.897663116455078,1.1556761264801023,9.132698408218369e-20,9.642629623413086,1.1556761264801023,4.458937899168766e-15,8.341500282287598
B4galnt1,1.0792819261550903,1.306396722793579,0.4711669981479645,7.216581965007906e-07,5.347440719604492,0.4711669981479645,5.9841774181268065e-09,6.206214427947998,0.4711669981479645,1.5609706180298788e-06,5.228836536407471
Slc26a10,0.0069237193092703,0.007048288360238,0.0258156694471836,0.9888502385877284,0.2357803136110305,0.0258156694471836,1.0,0.0289260260760784,0.0258156694471836,1.0,0.0240586102008819
Arhgef25,0.0,0.0172300487756729,24.050870895385746,0.838242944553846,0.7734370827674866,24.050870895385746,0.0078459034126739,3.0453524589538574,24.050870895385746,0.0091578715627575,3.0453524589538574
Dtx3,0.0606833957135677,0.1650198400020599,1.5199437141418457,3.423836320947152e-05,4.553540229797363,1.5199437141418457,6.949809301245325e-08,5.798432350158691,1.5199437141418457,1.433414681870175e-06,5.248935222625732
Pip4k2c,0.0713581219315528,0.1530061960220337,1.160437822341919,0.0001902775985082,4.149718761444092,1.160437822341919,1.4499395851229144e-05,4.716534614562988,1.160437822341919,0.0001933672419984,4.151611328125
Kif5a,0.0,0.0,0.0,0.9888502385877284,0.1005259156227111,0.0,1.0,0.0,0.0,1.0,0.0
Dctn2,0.2412633746862411,0.4661156833171844,1.1218149662017822,1.171517748368227e-12,7.464609146118164,1.1218149662017822,4.634014970295068e-14,8.004056930541992,1.1218149662017822,5.976528287162215e-11,6.99849796295166
Mbd6,0.0801779404282569,0.0555554814636707,-0.5472380518913269,0.9888502385877284,0.2178559303283691,-0.5472380518913269,0.1283164381060622,-1.8988271951675413,-0.5472380518913269,0.271763906090073,-1.5304908752441406
Ddit3,0.1679061949253082,0.1041526049375534,-0.7359872460365295,0.8659436260637489,-0.7418453693389893,-0.7359872460365295,0.0021743086933012,-3.4389121532440186,-0.7359872460365295,0.0192716203935234,-2.776529550552368
Mars,0.0784333869814872,0.1191953718662262,0.6336760520935059,0.027937107008736,2.6652064323425293,0.6336760520935059,0.0301145859726202,2.547027587890625,0.6336760520935059,0.0775222543192009,2.2016587257385254
Arhgap9,0.6094106435775757,0.766853928565979,0.4580308794975281,0.0005526954309966,3.880255460739136,0.4580308794975281,4.575787071246762e-05,4.450178623199463,0.4580308794975281,0.00079833361386,3.777701616287232
Gli1,0.001365945674479,0.0,-20.382455825805664,0.9888502385877284,0.0673658028244972,-20.382455825805664,0.4679991859106411,-1.0,-20.382455825805664,0.6832027011037286,-0.7008072733879089
Inhbe,0.0,0.0,0.0,0.9888502385877284,0.1005259156227111,0.0,1.0,0.0,0.0,1.0,0.0
R3hdm2,0.2079981714487075,0.217327743768692,0.0702697560191154,0.2724832874381521,1.6158831119537354,0.0702697560191154,0.8688367882019002,0.4041528403759002,0.0702697560191154,0.9302958678820884,0.3392131626605987
Stac3,0.0068494719453155,0.0013172723120078,-2.382431507110596,0.9888502385877284,-0.0315917246043682,-2.382431507110596,0.1583067727153727,-1.787610411643982,-2.382431507110596,0.3699605289885871,-1.3148468732833862
Shmt2,0.1523642838001251,0.0977262556552887,-0.6809408664703369,0.9888502385877284,-0.3995643556118011,-0.6809408664703369,0.0052115640890761,-3.169909715652466,-0.6809408664703369,0.0344065357903823,-2.5538809299468994
Nxph4,0.0,0.0,0.0,0.9888502385877284,0.1005259156227111,0.0,1.0,0.0,0.0,1.0,0.0
Lrp1,0.0010391167597845,0.0,-19.9876766204834,0.9888502385877284,0.0673658028244972,-19.9876766204834,0.4679991859106411,-1.0,-19.9876766204834,0.6832027011037286,-0.7008072733879089
Stat6,0.2111567556858062,0.1990119665861129,-0.0945188552141189,0.7357594814667159,0.8962191343307495,-0.0945188552141189,0.7720184537771221,-0.5413380861282349,-0.0945188552141189,0.8543056021270542,-0.4514897167682647
Nab2,0.0628625974059104,0.1085924431681633,0.8221085071563721,0.0350070097472076,2.57991623878479,0.8221085071563721,0.0107221748080024,2.9315247535705566,0.8221085071563721,0.0332218834972982,2.566866159439087
Nemp1,0.0290253423154354,0.0232706293463706,-0.3229720890522003,0.9888502385877284,0.4503501057624817,-0.3229720890522003,0.6580551172986773,-0.7035436630249023,-0.3229720890522003,0.7723647264944193,-0.5702121257781982
Myo1a,0.0,0.0,0.0,0.9888502385877284,0.1005259156227111,0.0,1.0,0.0,0.0,1.0,0.0
Zbtb39,0.0173068884760141,0.0102091785520315,-0.7666110396385193,0.9888502385877284,0.1326404362916946,-0.7666110396385193,0.3877181418226711,-1.2112035751342771,-0.7666110396385193,0.5482984267347956,-0.955662727355957
Rdh1,0.0012579500908032,0.0018890420906245,0.5870351195335388,0.9888502385877284,0.1345822364091873,0.5870351195335388,0.9567077027079608,0.2780675590038299,0.5870351195335388,0.9931121786168944,0.2421817779541015
Prim1,0.0697823092341423,0.2919527590274811,2.229891300201416,1.844776642805429e-15,8.293238639831543,2.229891300201416,2.783578006242193e-20,9.891353607177734,2.229891300201416,8.566432224969626e-18,9.172511100769045
Naca,2.73414158821106,2.6878464221954346,-0.0715460330247879,0.0197610602912022,-2.7940378189086914,-0.0715460330247879,0.0662967929462438,-2.2131500244140625,-0.0715460330247879,0.1585193786219906,-1.8470051288604736
Ptges3,0.5414950251579285,0.5083050727844238,-0.1172800436615943,0.657751355533857,-1.0004045963287354,-0.1172800436615943,0.4679991859106411,-1.0299683809280396,-0.1172800436615943,0.6119589676678244,-0.8565514087677002
Atp5b,1.4468824863433838,1.6453510522842407,0.3641083240509033,1.091530202842914e-06,5.2679762840271,0.3641083240509033,1.8414659518240377e-08,6.009909152984619,0.3641083240509033,4.4583989351461255e-06,5.01433801651001
Baz2a,0.3695803582668304,0.4876505136489868,0.4911943674087524,0.0004865313798222,3.913191556930542,0.4911943674087524,0.0006150897075407,3.800469875335693,0.4911943674087524,0.004686717410296,3.2561092376708984
Rbms2,0.0803331732749939,0.1040579229593277,0.3906956315040588,0.188190290348526,1.821416020393372,0.3906956315040588,0.2748502342356028,1.461909532546997,0.3906956315040588,0.3991845522450199,1.2597843408584597
Gls2,0.0,0.0,0.0,0.9888502385877284,0.1005259156227111,0.0,1.0,0.0,0.0,1.0,0.0
Spryd4,0.0420430973172187,0.0353279784321785,-0.255932867527008,0.9888502385877284,0.394784539937973,-0.255932867527008,0.6816679088400978,-0.6696327328681946,-0.255932867527008,0.7854324284534469,-0.5516331195831299
Mip,0.0,0.0,0.0,0.9888502385877284,0.1005259156227111,0.0,1.0,0.0,0.0,1.0,0.0
Timeless,0.0683367326855659,0.1535458862781524,1.2305386066436768,0.0001338188486648,4.2364277839660645,1.2305386066436768,8.195788788283504e-06,4.844315052032471,1.2305386066436768,0.0001008888975267,4.313268661499023
Apon,0.0,0.0,0.0,0.9888502385877284,0.1005259156227111,0.0,1.0,0.0,0.0,1.0,0.0
Apof,0.0,0.0,0.0,0.9888502385877284,0.1005259156227111,0.0,1.0,0.0,0.0,1.0,0.0
Stat2,0.1011231169104576,0.1619218438863754,0.7240027189254761,0.0093276450099489,3.0538666248321533,0.7240027189254761,0.0077068680382771,3.0434556007385254,0.7240027189254761,0.0261433196873401,2.659984350204468
Il23a,0.0032476596534252,0.0,-21.6333122253418,0.9994412017932364,0.0010455889860168,-21.6333122253418,0.17724114320906,-1.721651911735535,-21.6333122253418,0.4272151495554058,-1.206546187400818
Pan2,0.0888122767210006,0.0707706436514854,-0.340795487165451,0.9888502385877284,0.2668492496013641,-0.340795487165451,0.3720125423897383,-1.2416703701019287,-0.340795487165451,0.5282133287683867,-1.027622103691101
Cnpy2,0.2483222037553787,0.2703692317008972,0.1393079757690429,0.1071761918495116,2.1031274795532227,0.1393079757690429,0.5205820093032427,0.91284841299057,0.1393079757690429,0.6749951378091027,0.7630302309989929
Cs,0.2816244959831238,0.363909512758255,0.4323503375053406,0.0009012619137593,3.749258041381836,0.4323503375053406,0.0067027171332527,3.0881881713867188,0.4323503375053406,0.0300066658009884,2.606417179107666
Coq10a,0.0628186762332916,0.0871623903512954,0.4902918040752411,0.2082029333941808,1.767194747924805,0.4902918040752411,0.1843571810029714,1.6968224048614502,0.4902918040752411,0.3038554307248077,1.4586819410324097
Ankrd52,0.0417506620287895,0.0787485614418983,0.9424108862876892,0.1219032902985105,2.0427820682525635,0.9424108862876892,0.0175616784354188,2.75430965423584,0.9424108862876892,0.0457575379912033,2.434080123901367
Slc39a5,0.0,0.0015823666471987,20.59479522705078,0.9888502385877284,0.1678170263767242,20.59479522705078,0.4679991859106411,1.0,20.59479522705078,0.5282133287683867,1.0
Nabp2,0.2080823183059692,0.4305644035339355,1.21808660030365,4.6588912915602814e-14,7.888595581054687,1.21808660030365,2.2193460664318358e-15,8.413226127624512,1.21808660030365,4.85297549879556e-12,7.376695156097412
Rnf41,0.0485460236668586,0.050507940351963,0.0585840381681919,0.8088805984005493,0.8095846176147461,0.0585840381681919,1.0,0.1690332144498825,0.0585840381681919,1.0,0.1421867907047271
Smarcc2,0.1895849704742431,0.2859711945056915,0.6653056144714355,4.708783986787678e-05,4.48154354095459,0.6653056144714355,0.000318946571272,3.974788188934326,0.6653056144714355,0.0027714451101026,3.4181909561157227
Myl6,2.094589948654175,2.7912192344665527,1.103238582611084,2.435621495795689e-112,22.74492073059082,1.103238582611084,3.0276628641148376e-125,27.445188522338867,1.103238582611084,6.442185343867162e-86,22.546545028686523
Myl6b,0.0009278490324504,0.0060703847557306,2.713536262512207,0.9888502385877284,0.4706644117832184,2.713536262512207,0.1347786585561541,1.8747501373291016,2.713536262512207,0.1822805907226262,1.7726213932037354
Esyt1,0.5110663175582886,0.9843193888664246,1.3291078805923462,1.6512480204742064e-31,11.971022605895996,1.3291078805923462,2.600918701779771e-38,13.837841033935549,1.3291078805923462,2.7122533287890923e-28,11.766810417175291
Zc3h10,0.0607753247022628,0.0662761926651001,0.1290152221918106,0.6016207749275256,1.0751641988754272,0.1290152221918106,0.8493541096819441,0.4312095940113067,0.1290152221918106,0.9146934424557096,0.3632921874523163
Rpl41,3.78894567489624,3.7019214630126953,-0.1285879015922546,6.796513878278094e-07,-5.358792781829834,-0.1285879015922546,4.964879698192026e-07,-5.417006015777588,-0.1285879015922546,1.3934465074731438e-05,-4.768927574157715
Pa2g4,0.437803566455841,0.5276834964752197,0.3394199311733246,0.0220572175995174,2.752363681793213,0.3394199311733246,0.0164550443969437,2.777695894241333,0.3394199311733246,0.0525319877141025,2.374330520629883
Erbb3,0.0132864024490118,0.018621752038598,0.4908971786499023,0.9888502385877284,0.5336984992027283,0.4908971786499023,0.6049212968609428,0.7824188470840454,0.4908971786499023,0.7037999673378611,0.6707614660263062
Rps26,3.461723804473877,3.104024648666382,-0.5362882614135742,3.374925170661929e-60,-16.614334106445312,-0.5362882614135742,1.990993814439997e-53,-17.052839279174805,-0.5362882614135742,5.343629272263712e-45,-15.281370162963867
Ikzf4,0.0097336284816265,0.0020219106227159,-2.272826194763184,0.9888502385877284,-0.1311467289924621,-2.272826194763184,0.1021289268861969,-2.0136373043060303,-2.272826194763184,0.2748630083516379,-1.5233335494995115
Suox,0.0455210767686367,0.0513896942138671,0.1792116910219192,0.6084988220201833,1.065753936767578,0.1792116910219192,0.7854430255568297,0.5221889019012451,0.1792116910219192,0.8637199157755002,0.4375941455364227
Rab5b,0.1111488491296768,0.1290142983198166,0.228183314204216,0.2102118394432992,1.7612199783325195,0.228183314204216,0.4679991859106411,1.0087512731552124,0.228183314204216,0.6142995531866224,0.8526832461357117
Cdk2,0.034960426390171,0.0881563052535057,1.3731073141098022,0.0055680244374442,3.218397617340088,1.3731073141098022,0.0002317874099849,4.062086582183838,1.3731073141098022,0.0012870383462255,3.645080327987671
Pmel,0.0022264765575528,0.0,-21.08793830871582,0.9888502385877284,0.0342056974768638,-21.08793830871582,0.2942789202292576,-1.4105322360992432,-21.08793830871582,0.5299909986835808,-0.9885112643241882
Dgka,0.9342297315597534,0.4657364785671234,-1.3812830448150637,3.785282995245894e-34,-12.47178554534912,-1.3812830448150637,1.0098228874093646e-40,-14.186838150024414,-1.3812830448150637,2.8375580620568307e-27,-11.569430351257324
Pym1,0.2929586470127105,0.3021032214164734,0.0512677282094955,0.419866193600893,1.3435817956924438,0.0512677282094955,0.9029330905016084,0.3553924560546875,0.0512677282094955,0.9570135590128472,0.2976451218128204
Mmp19,0.0009860413847491,0.0,-19.91200065612793,0.9888502385877284,0.0673658028244972,-19.91200065612793,0.4679991859106411,-1.0,-19.91200065612793,0.6832027011037286,-0.7008072733879089
Tmem198b,0.0090398425236344,0.009034190326929,-0.0009063619072549,0.9888502385877284,0.1697588413953781,-0.0009063619072549,1.0,-0.0010844145435839,-0.0009063619072549,1.0,-0.0009203237132169
Dnajc14,0.127630665898323,0.1626058518886566,0.3752433955669403,0.0471122871519495,2.46243667602539,0.3752433955669403,0.1481721667838828,1.8236384391784668,0.3752433955669403,0.2623482741321048,1.553052544593811
Sarnp,0.6287630796432495,0.8260405659675598,0.5531011819839478,1.5100926024561978e-05,4.734352111816406,0.5531011819839478,2.3848360570850862e-08,5.965694427490234,0.5531011819839478,5.1998557258908e-06,4.9815754890441895
Ormdl2,0.1392058134078979,0.3071539103984833,1.2673931121826172,8.856545038594011e-12,7.1849141120910645,1.2673931121826172,2.235590556764017e-12,7.460484981536865,1.2673931121826172,1.0472037363021608e-09,6.5425124168396
Gdf11,0.0233196355402469,0.0939502418041229,2.061798572540283,0.0115988271435855,2.9808249473571777,2.061798572540283,3.2800176358909267e-06,5.0500359535217285,2.061798572540283,1.948579643510705e-05,4.70160436630249
Cd63,0.0027246146928519,0.0021393713541328,-0.3492874801158905,0.9888502385877284,0.1353290826082229,-0.3492874801158905,0.9824893044186116,-0.2416486740112304,-0.3492874801158905,1.0,-0.195149153470993
Rdh5,0.016369555145502,0.001614457112737,-3.352552890777588,0.9888502385877284,-0.2974700629711151,-3.352552890777588,0.0052815851317707,-3.1653501987457275,-3.352552890777588,0.0644043755742663,-2.2892696857452397
Bloc1s1,0.0652581453323364,0.0954441875219345,0.5705655217170715,0.2007968314192133,1.7863141298294067,0.5705655217170715,0.1046586877666009,2.0027785301208496,0.5705655217170715,0.1929215928847754,1.7403225898742676
Itga7,0.0,0.0011948673054575,20.189281463623047,0.9888502385877284,0.1678170263767242,20.189281463623047,0.4679991859106411,1.0,20.189281463623047,0.5282133287683867,1.0
Olfr9,0.0022762478329241,0.0,-21.11986923217773,0.9888502385877284,0.0342056974768638,-21.11986923217773,0.2950334130291541,-1.406682014465332,-21.11986923217773,0.5306960534645491,-0.9858129620552064
Olfr775,0.001164500718005,0.0010390615789219,-0.1645207703113556,0.9888502385877284,0.1345822364091873,-0.1645207703113556,1.0,-0.0803748741745948,-0.1645207703113556,1.0,-0.0640066564083099
Olfr802,0.0,0.0,0.0,0.9888502385877284,0.1005259156227111,0.0,1.0,0.0,0.0,1.0,0.0
Olfr804,0.0,0.0,0.0,0.9888502385877284,0.1005259156227111,0.0,1.0,0.0,0.0,1.0,0.0
Gm10310,0.0,0.0,0.0,0.9888502385877284,0.1005259156227111,0.0,1.0,0.0,0.0,1.0,0.0
Tespa1,0.7121840119361877,0.0947612076997757,-3.385079860687256,6.194857363400875e-48,-14.81017017364502,-3.385079860687256,9.39652763244072e-102,-23.727317810058597,-3.385079860687256,4.153897435415776e-55,-17.79698371887207
Vmn2r84,0.0335089191794395,0.0019372168462723,-4.135328769683838,0.8462068798323276,-0.7626078128814697,-4.135328769683838,1.0995116080380922e-05,-4.768888473510742,-4.135328769683838,0.0028766784302779,-3.4173502922058105
Insr,0.0890584886074066,0.0,-26.47296905517578,0.056583175258,-2.3864822387695312,-26.47296905517578,4.360089709373777e-17,-8.894248008728027,-26.47296905517578,9.815619032507048e-09,-6.233153343200684
Arhgef18,0.4716994762420654,0.5191560983657837,0.1753482222557068,0.1790100655167828,1.8483026027679443,0.1753482222557068,0.281301170610788,1.4478638172149658,0.1753482222557068,0.4223576645152552,1.2189807891845703
Pex11g,0.0328674688935279,0.0321282856166362,-0.0333524644374847,0.965946002506659,0.6146569848060608,-0.0333524644374847,1.0,-0.0764915868639946,-0.0333524644374847,1.0,-0.0639521554112434
Tex45,0.0,0.0,0.0,0.9888502385877284,0.1005259156227111,0.0,1.0,0.0,0.0,1.0,0.0
Zfp358,0.0375574044883251,0.0117399804294109,-1.6963669061660769,0.9888502385877284,-0.3115855157375335,-1.6963669061660769,0.0025639042813007,-3.3890023231506348,-1.6963669061660769,0.0355169426688008,-2.542771339416504
Mcoln1,0.0383904241025447,0.0414243750274181,0.1119363903999328,0.7685866578880906,0.8568601608276367,0.1119363903999328,0.9423110197595344,0.2990123629570007,0.1119363903999328,0.9880631705726156,0.250039130449295
Pnpla6,0.0500677712261676,0.0826329737901687,0.7465862035751343,0.0794365589424395,2.239502191543579,0.7465862035751343,0.0361374303118647,2.47298526763916,0.7465862035751343,0.0859901901955277,2.152885675430298
C330021F23Rik,0.0,0.0,0.0,0.9888502385877284,0.1005259156227111,0.0,1.0,0.0,0.0,1.0,0.0
Camsap3,0.0,0.0,0.0,0.9888502385877284,0.1005259156227111,0.0,1.0,0.0,0.0,1.0,0.0
Xab2,0.1289906501770019,0.1539333164691925,0.2734556198120117,0.1902547904322597,1.815889358520508,0.2734556198120117,0.3473983333776178,1.290658473968506,0.2734556198120117,0.4860468764312237,1.1041427850723269
Pet100,0.2250020503997802,0.3951867222785949,0.9416924118995668,9.93433527544722e-10,6.480560779571533,0.9416924118995668,1.0624820253389127e-09,6.502927780151367,0.9416924118995668,2.1783816370882918e-07,5.610208511352539
Pcp2,0.0,0.0,0.0,0.9888502385877284,0.1005259156227111,0.0,1.0,0.0,0.0,1.0,0.0
Stxbp2,0.1758104413747787,0.2527059316635132,0.5808863639831543,0.0011965492414739,3.6717350482940674,0.5808863639831543,0.003163106709208,3.3287699222564697,0.5808863639831543,0.0147702419014701,2.8718152046203613
Retn,0.0,0.0,0.0,0.9888502385877284,0.1005259156227111,0.0,1.0,0.0,0.0,1.0,0.0
Mcemp1,0.0,0.0,0.0,0.9888502385877284,0.1005259156227111,0.0,1.0,0.0,0.0,1.0,0.0
Fcor,0.0,0.0,0.0,0.9888502385877284,0.1005259156227111,0.0,1.0,0.0,0.0,1.0,0.0
Trappc5,0.236806645989418,0.3588732182979584,0.6921813488006592,3.75413377831359e-06,5.0218892097473145,0.6921813488006592,1.275116776128641e-05,4.740647792816162,0.6921813488006592,0.0002642578660655,4.071975231170654
Fcer2a,0.0011630288790911,0.0,-20.15029525756836,0.9888502385877284,0.0673658028244972,-20.15029525756836,0.4679991859106411,-1.0,-20.15029525756836,0.6832027011037286,-0.7008072733879089
Cd209c,0.0,0.0,0.0,0.9888502385877284,0.1005259156227111,0.0,1.0,0.0,0.0,1.0,0.0
Evi5l,0.0160949137061834,0.0105689661577343,-0.6107655167579651,0.9994412017932364,0.0025392875541001,-0.6107655167579651,0.5556189652228062,-0.8581711053848267,-0.6107655167579651,0.6832027011037286,-0.7178367376327515
Prr36,0.0,0.0031107242684811,21.571063995361328,0.9888502385877284,0.3023992776870727,21.571063995361328,0.1948895365436691,1.666089653968811,21.571063995361328,0.2185088213098548,1.666089653968811
Lrrc8e,0.0,0.0,0.0,0.9888502385877284,0.1005259156227111,0.0,1.0,0.0,0.0,1.0,0.0
Map2k7,0.155801773071289,0.1513068377971649,-0.045559998601675,0.5571964711871502,1.135061502456665,-0.045559998601675,0.994800747472544,-0.2237999886274337,-0.045559998601675,1.0,-0.1872549653053283
Tgfbr3l,0.0009941647294908,0.0,-19.923843383789062,0.9888502385877284,0.0673658028244972,-19.923843383789062,0.4679991859106411,-1.0,-19.923843383789062,0.6832027011037286,-0.7008072733879089
Snapc2,0.0421735011041164,0.0567853190004825,0.4398084282875061,0.3489769803722354,1.465766429901123,0.4398084282875061,0.3518013537425455,1.2817367315292358,0.4398084282875061,0.4938551467668121,1.0919504165649414
Ctxn1,0.0057752053253352,0.0048793125897645,-0.2438411116600036,0.9888502385877284,0.1354784518480301,-0.2438411116600036,0.9885655748231672,-0.2323605567216873,-0.2438411116600036,1.0,-0.1912456005811691
Timm44,0.1721574068069458,0.2448161095380783,0.5622020363807678,0.0025007854553719,3.4617958068847656,0.5622020363807678,0.0059028194415898,3.1305370330810547,0.5622020363807678,0.0238118907448839,2.6965038776397705
Elavl1,0.4139935374259949,0.5515414476394653,0.5210326313972473,0.0005637334391909,3.875176906585693,0.5210326313972473,3.3482804671149546e-05,4.52219295501709,0.5210326313972473,0.0006881425574936,3.8187174797058105
Ccl25,0.0847787037491798,0.1161398962140083,0.4770911335945129,0.1026981042922427,2.123591184616089,0.4770911335945129,0.1466140897564766,1.829925298690796,0.4770911335945129,0.250265361194451,1.5841439962387085
Cers4,0.1003549024462699,0.2074166238307953,1.1266292333602903,2.765274105118572e-05,4.601637363433838,1.1266292333602903,2.0486100848171106e-06,5.136673450469971,1.1266292333602903,3.390585718501356e-05,4.570602416992188
Zfp958,0.0554591044783592,0.0947348922491073,0.801157534122467,0.0967501748363805,2.150776624679565,0.801157534122467,0.0219052377592057,2.672023057937622,0.801157534122467,0.0551002260050483,2.354010581970215
Shcbp1,0.0174585003405809,0.0449905842542648,1.3856568336486816,0.1989967794466702,1.7915420532226562,1.3856568336486816,0.0091150319716441,2.9881012439727783,1.3856568336486816,0.0253923576133226,2.6720755100250244
Efnb2,0.0039791329763829,0.0012215533060953,-1.7057265043258667,0.9888502385877284,0.0348778627812862,-1.7057265043258667,0.4053096548280639,-1.1780853271484375,-1.7057265043258667,0.5917596720716551,-0.8895494341850281
Arglu1,0.9906849265098572,1.2193090915679932,0.494248628616333,1.5805676645138752e-05,4.724419116973877,0.494248628616333,2.111160997331664e-09,6.373834133148193,0.494248628616333,1.43930668475342e-06,5.247496128082275
Lig4,0.0264199469238519,0.0146089205518364,-0.8633267879486084,0.9888502385877284,-0.0667683258652687,-0.8633267879486084,0.2305307250583488,-1.5665854215621948,-0.8633267879486084,0.4021560388052607,-1.254286527633667
Abhd13,0.065207302570343,0.052497923374176,-0.3220311105251312,0.9888502385877284,0.219274953007698,-0.3220311105251312,0.4679991859106411,-1.0166772603988647,-0.3220311105251312,0.6219171109233081,-0.8411994576454163
Tnfsf13b,0.0022267713211476,0.0133545529097318,2.592343330383301,0.9888502385877284,0.5717878341674805,2.592343330383301,0.0799028578433143,2.1318790912628174,2.592343330383301,0.1099400768409101,2.038027286529541
Myo16,0.0,0.0,0.0,0.9888502385877284,0.1005259156227111,0.0,1.0,0.0,0.0,1.0,0.0
Irs2,0.0613154023885726,0.008470332249999,-2.8941001892089844,0.4678669376975095,-1.267253875732422,-2.8941001892089844,1.4668785749282506e-07,-5.629150867462158,-2.8941001892089844,0.0002152457818201,-4.137658596038818
Rab20,0.0573078468441963,0.0219142287969589,-1.4125642776489258,0.88042699458799,-0.722726047039032,-1.4125642776489258,0.0017244103669605,-3.505582094192505,-1.4125642776489258,0.0217989111660764,-2.7319576740264893
Naxd,0.1881057471036911,0.2469408363103866,0.4365995228290558,0.0080626889088626,3.101142168045044,0.4365995228290558,0.0313361526732121,2.5310466289520264,0.4365995228290558,0.0840674614098574,2.16283655166626
Cars2,0.1581481099128723,0.139074370265007,-0.1995193660259246,0.9888502385877284,0.5701447129249573,-0.1995193660259246,0.4850722359093303,-0.9713613986968994,-0.1995193660259246,0.642490952747371,-0.8103709816932678
Ing1,0.3662452697753906,0.3425144553184509,-0.1147723048925399,0.9888502385877284,0.5039739012718201,-0.1147723048925399,0.5667692232480072,-0.8410917520523071,-0.1147723048925399,0.684834452942215,-0.6979963183403015
Ankrd10,0.3780894577503204,0.3445155024528503,-0.1598322540521621,0.9888502385877284,-0.0407779701054096,-0.1598322540521621,0.3909533610763059,-1.204373836517334,-0.1598322540521621,0.5282133287683867,-1.0020465850830078
1700016D06Rik,0.0034348960034549,0.0,-21.71431350708008,0.9994412017932364,0.0010455889860168,-21.71431350708008,0.1750516476277115,-1.7329198122024536,-21.71431350708008,0.4247033279437463,-1.2144428491592407
Arhgef7,0.0870701447129249,0.0863825529813766,-0.0119411936029791,0.8314981499152143,0.7821752429008484,-0.0119411936029791,1.0,-0.0446240864694118,-0.0119411936029791,1.0,-0.0376133657991886
Tubgcp3,0.0976344496011734,0.1293099224567413,0.4286519289016723,0.0356612299798378,2.57267165184021,0.4286519289016723,0.1500260456603954,1.8166018724441528,0.4286519289016723,0.2623482741321048,1.5530472993850708
Atp11a,0.034986600279808,0.0448387563228607,0.3650979697704315,0.5892865048152033,1.091594934463501,0.3650979697704315,0.4920965290210358,0.9597808122634888,0.3650979697704315,0.6375197480688007,0.8175410628318787
Mcf2l,0.0,0.0011447402648627,20.127416610717773,0.9888502385877284,0.1678170263767242,20.127416610717773,0.4679991859106411,1.0,20.127416610717773,0.5282133287683867,1.0
F10,0.0,0.0,0.0,0.9888502385877284,0.1005259156227111,0.0,1.0,0.0,0.0,1.0,0.0
Proz,0.0,0.0,0.0,0.9888502385877284,0.1005259156227111,0.0,1.0,0.0,0.0,1.0,0.0
Pcid2,0.0888454243540763,0.0937640741467475,0.0813395604491233,0.4249077981086864,1.3362627029418943,0.0813395604491233,0.923155135539536,0.3255901932716369,0.0813395604491233,0.9732131292542414,0.2727442979812622
Cul4a,0.086935319006443,0.1001010462641716,0.2130879014730453,0.2310403246690686,1.708940505981445,0.2130879014730453,0.5717082878257067,0.8333736658096313,0.2130879014730453,0.6832027011037286,0.7067311406135559
Lamp1,0.468456357717514,0.451512724161148,-0.0663038417696952,0.9888502385877284,-0.0637809261679649,-0.0663038417696952,0.7678530451672592,-0.5475782752037048,-0.0663038417696952,0.8473804168459836,-0.4611940085887909
Grtp1,0.0013019734760746,0.0039909929037094,1.6179876327514648,0.9888502385877284,0.201798677444458,1.6179876327514648,0.550565213357909,0.8658307194709778,1.6179876327514648,0.6523457416401952,0.7963561415672302
Adprhl1,0.0010913356672972,0.0026091185864061,1.258562088012695,0.9888502385877284,0.201798677444458,1.258562088012695,0.7175987471968993,0.6185259819030762,1.258562088012695,0.7768306657259567,0.5634762644767761
Dcun1d2,0.0534461736679077,0.0387586131691932,-0.4742461144924164,0.9888502385877284,0.2204699069261551,-0.4742461144924164,0.3367528051740732,-1.312870979309082,-0.4742461144924164,0.5106049664500554,-1.0651676654815674
Tmco3,0.0771106481552124,0.0630491226911544,-0.3007154464721679,0.9668220673802452,0.6133126020431519,-0.3007154464721679,0.4679991859106411,-1.040395736694336,-0.3007154464721679,0.6179564372225365,-0.8471963405609131
Tfdp1,0.1196373626589775,0.3141444325447082,1.5381340980529783,8.855742602010163e-11,6.850624561309815,1.5381340980529783,7.440947294138816e-14,7.967405796051025,1.5381340980529783,1.6558053641773574e-11,7.201204299926758
Gas6,0.0,0.0020379149354994,20.960132598876957,0.9888502385877284,0.1678170263767242,20.960132598876957,0.4679991859106411,1.0,20.960132598876957,0.5282133287683867,1.0
1700029H14Rik,0.0012281175004318,0.0,-20.228904724121094,0.9888502385877284,0.0673658028244972,-20.228904724121094,0.4679991859106411,-1.0,-20.228904724121094,0.6832027011037286,-0.7008072733879089
Rasa3,0.4115907251834869,0.6659100651741028,0.8939586281776428,9.291591453395852e-11,6.843155860900879,0.8939586281776428,3.083691267336807e-12,7.404428958892822,0.8939586281776428,2.349668674339667e-09,6.408682346343994
Cfap97d2,0.0,0.0,0.0,0.9888502385877284,0.1005259156227111,0.0,1.0,0.0,0.0,1.0,0.0
Cdc16,0.1289065480232238,0.1125338599085807,-0.2080143243074417,0.5480630788885656,1.1488035917282104,-0.2080143243074417,0.499384646752632,-0.9473088979721068,-0.2080143243074417,0.666858174881458,-0.7758246660232544
Upf3a,0.1747058629989624,0.4244296252727508,1.4697130918502808,1.623207072736571e-17,8.851508140563965,1.4697130918502808,6.971202538050352e-19,9.43518352508545,1.4697130918502808,4.0999737551759006e-15,8.356400489807129
Champ1,0.0705379396677017,0.0720128044486045,0.0309306494891643,0.5276893837117006,1.1794244050979614,0.0309306494891643,1.0,0.1079600378870964,0.0309306494891643,1.0,0.0902224704623222
Coprs,0.0022165279369801,0.0114984773099422,2.381772041320801,0.9888502385877284,0.4373549520969391,2.381772041320801,0.1426191801361203,1.845004200935364,2.381772041320801,0.1869742263321873,1.758780598640442
Fbxo25,0.0615638121962547,0.0669394582509994,0.1246936544775962,0.7324896721433337,0.900252103805542,0.1246936544775962,0.8664100270448475,0.4079858660697937,0.1246936544775962,0.9267602619111188,0.3449948728084564
Tdrp,0.4593783020973205,0.0,-29.119142532348636,1.9107869946915758e-29,-11.564064979553224,-29.119142532348636,7.808815816963669e-90,-22.889789581298828,-29.119142532348636,2.842210889001053e-44,-16.041330337524414
Erich1,0.1674574315547943,0.1432794630527496,-0.2428547143936157,0.9331384778329156,0.6554349064826965,-0.2428547143936157,0.3861811199894941,-1.214487075805664,-0.2428547143936157,0.5282133287683867,-1.0027369260787964
Cln8,0.0190712232142686,0.0128637664020061,-0.5725738406181335,0.9888502385877284,0.0997790619730949,-0.5725738406181335,0.5141656040478031,-0.9233373999595642,-0.5725738406181335,0.6832027011037286,-0.7453723549842834
Arhgef10,0.00994224101305,0.0074846316128969,-0.4114148914813995,0.9888502385877284,0.0688595026731491,-0.4114148914813995,0.8069918288152887,-0.4919074475765228,-0.4114148914813995,0.8848754185589616,-0.4076013267040252
Kbtbd11,0.5126798748970032,0.148562952876091,-2.064077615737915,4.276409875341292e-17,-8.740302085876465,-2.064077615737915,8.49611339623761e-39,-13.743708610534668,-2.064077615737915,4.10622624467412e-23,-10.637188911437988
Myom2,0.0,0.0,0.0,0.9888502385877284,0.1005259156227111,0.0,1.0,0.0,0.0,1.0,0.0
Mcph1,0.0469383597373962,0.0647665485739708,0.4774614870548248,0.2545450918427105,1.655017971992493,0.4774614870548248,0.2792380784066015,1.4522743225097656,0.4774614870548248,0.4084439225950245,1.2434570789337158
Angpt2,0.004696930758655,0.0015748934820294,-1.5787166357040403,0.9888502385877284,0.0348778627812862,-1.5787166357040403,0.4491612825279525,-1.1038082838058472,-1.5787166357040403,0.6207283117566962,-0.842900812625885
Agpat5,0.1473832428455352,0.140021413564682,-0.0793626084923744,0.1979485177726882,1.7943800687789917,-0.0793626084923744,0.8760431226045521,-0.3938890099525451,-0.0793626084923744,0.9401821641634588,-0.3233882188796997
Xkr5,0.0,0.0051389727741479,22.29675674438477,0.9888502385877284,0.3696903884410858,22.29675674438477,0.1602850819132155,1.7837822437286377,22.29675674438477,0.1791065359398125,1.7837822437286377
Gm15056,0.0,0.0,0.0,0.9888502385877284,0.1005259156227111,0.0,1.0,0.0,0.0,1.0,0.0
Atp7b,0.0009530788520351,0.0,-19.862924575805664,0.9888502385877284,0.0673658028244972,-19.862924575805664,0.4679991859106411,-1.0,-19.862924575805664,0.6832027011037286,-0.7008072733879089
Alg11,0.054572619497776,0.0420251116156578,-0.3860495984554291,0.9888502385877284,0.0325626283884048,-0.3860495984554291,0.4679991859106411,-1.0504183769226074,-0.3860495984554291,0.601113697589225,-0.8734422922134399
Nek3,0.0215353537350893,0.0139502072706818,-0.6319082975387573,0.9888502385877284,0.2293574064970016,-0.6319082975387573,0.4387032685831362,-1.121627688407898,-0.6319082975387573,0.591795702988113,-0.8893118500709534
Ckap2,0.0147419767454266,0.0455435514450073,1.6496471166610718,0.1980410726826116,1.7940813302993774,1.6496471166610718,0.0028043569532529,3.369127988815308,1.6496471166610718,0.0084094790559034,3.066312551498413
Vps36,0.3040477037429809,0.51406329870224,0.919440507888794,7.261727129758157e-10,6.529254913330078,0.919440507888794,4.2304503199401535e-11,7.013220310211182,0.919440507888794,1.8246792802355262e-08,6.058036804199219
Thsd1,0.0,0.0,0.0,0.9888502385877284,0.1005259156227111,0.0,1.0,0.0,0.0,1.0,0.0
Slc25a15,0.0303780939429998,0.0141656082123517,-1.1123771667480469,0.9888502385877284,-0.1759576946496963,-1.1123771667480469,0.0616269576001552,-2.2462875843048096,-1.1123771667480469,0.1887249409244531,-1.7530897855758667
Mrps31,0.0999051108956337,0.1269965916872024,0.3660714030265808,0.1045159825064483,2.115077257156372,0.3660714030265808,0.2242661965620069,1.5839228630065918,0.3660714030265808,0.3519729342424029,1.3496432304382324
Smim19,0.1667901873588562,0.1670151501893997,0.0021108330693095,0.3460984278462119,1.4710689783096311,0.0021108330693095,1.0,0.0109800538048148,0.0021108330693095,1.0,0.0091584268957376
Slc20a2,0.0472908020019531,0.0384863428771495,-0.3036096096038818,0.9888502385877284,0.4522919356822967,-0.3036096096038818,0.5764571883152589,-0.8259575366973877,-0.3036096096038818,0.7023257677271066,-0.6734320521354675
Vdac3,0.3903531432151794,0.687221348285675,1.0492706298828125,1.4560126685895257e-15,8.322290420532227,1.0492706298828125,2.329560945342065e-18,9.253584861755373,1.0492706298828125,7.203839851743005e-14,7.970344066619873
Polb,0.1395813077688217,0.2118798196315765,0.6558195352554321,0.0003416817464614,4.002962589263916,0.6558195352554321,0.0022348872316262,3.433798551559448,0.6558195352554321,0.0119443298398545,2.9468727111816406
Ikbkb,0.6663064360618591,0.4132799208164215,-0.8879234194755554,5.115503879173817e-09,-6.219163417816162,-0.8879234194755554,1.0536051276409009e-13,-7.848504543304443,-0.8879234194755554,2.515574326106154e-09,-6.404567241668701
Plat,0.0032616108655929,0.0,-21.63950729370117,0.9994412017932364,0.0010455889860168,-21.63950729370117,0.1807188663917605,-1.709375262260437,-21.63950729370117,0.4314355761188533,-1.1979426145553589
Ap3m2,0.1510078459978103,0.1184808909893035,-0.3739590644836426,0.9888502385877284,0.1215123757719993,-0.3739590644836426,0.1771807504445882,-1.7218056917190552,-0.3739590644836426,0.3211311426160849,-1.4217236042022705
Kat6a,0.3857042491436004,0.3839510977268219,-0.0079179117456078,0.6838867423429784,0.9666470289230348,-0.0079179117456078,1.0,-0.0590978562831878,-0.0079179117456078,1.0,-0.0494366250932216
Ank1,0.0,0.0015956531278789,20.60686683654785,0.9888502385877284,0.1678170263767242,20.60686683654785,0.4679991859106411,1.0,20.60686683654785,0.5282133287683867,1.0
Gpat4,0.0821278765797615,0.1164286658167839,0.5286545753479004,0.0628412314174874,2.342567443847656,0.5286545753479004,0.0833448091949574,2.1100704669952397,0.5286545753479004,0.1684981934969029,1.8146523237228396
Gins4,0.1306284815073013,0.2689980864524841,1.145260453224182,2.65908253963341e-08,5.942829132080078,1.145260453224182,3.8445618320718164e-09,6.297536849975586,1.145260453224182,3.139297638340059e-07,5.541018962860107
Golga7,0.2363360226154327,0.4568293392658233,1.1190354824066162,2.158380014498466e-12,7.381932735443115,1.1190354824066162,2.623351954066437e-14,8.080385208129883,1.1190354824066162,4.1789729324099895e-11,7.053741931915283
Adam3,0.0,0.001581558259204,20.594057083129883,0.9888502385877284,0.1678170263767242,20.594057083129883,0.4679991859106411,1.0,20.594057083129883,0.5282133287683867,1.0
Adam9,0.0114046828821301,0.0325667150318622,1.5290929079055786,0.4888070207939026,1.235438108444214,1.5290929079055786,0.0262033721074397,2.6034677028656006,1.5290929079055786,0.0529333771340406,2.3715169429779053
Tm2d2,0.1292223334312439,0.1643819212913513,0.3731789588928222,0.0420815453887344,2.50769591331482,0.3731789588928222,0.1409927306721591,1.8493326902389529,0.3731789588928222,0.2543525593054433,1.5737053155899048
Htra4,0.0010904053924605,0.0,-20.05722045898437,0.9888502385877284,0.0673658028244972,-20.05722045898437,0.4679991859106411,-1.0,-20.05722045898437,0.6832027011037286,-0.7008072733879089
Plekha2,0.2121055871248245,0.4153306782245636,1.1237245798110962,2.1623822762277117e-12,7.381559371948242,1.1237245798110962,2.6601635852424467e-12,7.433714866638184,1.1237245798110962,1.2784481125164023e-09,6.509275913238525
Tacc1,0.5732546448707581,0.8380424380302429,0.7611245512962341,2.0439648483914407e-10,6.725676536560059,0.7611245512962341,1.4000004344849222e-12,7.507969856262207,0.7611245512962341,2.8668290301887644e-09,6.375696659088135
Fgfr1,0.0092564579099416,0.0,-23.148712158203125,0.9888502385877284,-0.1647549569606781,-23.148712158203125,0.016222014991832,-2.7830169200897217,-23.148712158203125,0.1305416324012174,-1.9503583908081052
Letm2,0.2072576582431793,0.0860444754362106,-1.3578438758850098,0.0408180917381861,-2.51912260055542,-1.3578438758850098,1.740502852661841e-09,-6.3969340324401855,-1.3578438758850098,4.884746402429087e-06,-5.003866672515869
Nsd3,1.0176100730895996,0.7738785743713379,-0.5967179536819458,3.3515940552819033e-11,-6.993496417999268,-0.5967179536819458,1.6204886365170802e-10,-6.785829067230225,-0.5967179536819458,2.3270688256079774e-07,-5.600999355316162
Plpp5,0.0383359566330909,0.0535412728786468,0.4930054545402527,0.3098124086168709,1.5379120111465454,0.4930054545402527,0.2952639131729832,1.4053549766540527,0.4930054545402527,0.4277142416092568,1.204625368118286
Ddhd2,0.2281330674886703,0.2135662287473678,-0.10608621686697,0.684169352993853,0.9659748673439026,-0.10608621686697,0.7181590738173909,-0.6176378130912781,-0.10608621686697,0.8108821004140878,-0.515987753868103
Bag4,0.1306390464305877,0.1000850051641464,-0.4068241119384765,0.9888502385877284,0.5440797209739685,-0.4068241119384765,0.1696422016827251,-1.7506475448608398,-0.4068241119384765,0.3196823334413086,-1.4250141382217407
Lsm1,0.3233131766319275,0.5428481101989746,0.917370080947876,1.5178804375029124e-10,6.7700395584106445,0.917370080947876,5.786938482748366e-13,7.636801719665527,0.917370080947876,1.1583337535962e-09,6.525416851043701
Star,0.0182107090950012,0.0121479108929634,-0.5884634852409363,0.9888502385877284,0.2653555572032928,-0.5884634852409363,0.4901742875091595,-0.9630845189094543,-0.5884634852409363,0.6730019614927565,-0.7661532163619995
Ash2l,0.2325079143047332,0.2771881222724914,0.2871831357479095,0.0266802581952844,2.6828320026397705,0.2871831357479095,0.1364631086819828,1.8662935495376587,0.2871831357479095,0.254885567973615,1.5725994110107422
Hgsnat,0.0651438757777214,0.1716284155845642,1.475914478302002,3.4712602119898567e-05,4.550552845001221,1.475914478302002,8.653649506653148e-08,5.757657051086426,1.475914478302002,1.7633346169910511e-06,5.205604553222656
Pomk,0.0178512651473283,0.0118098929524421,-0.6003991961479187,0.9888502385877284,0.1347316056489944,-0.6003991961479187,0.524071803905446,-0.907270848751068,-0.6003991961479187,0.6832027011037286,-0.7501258850097656
Fnta,0.1797015517950058,0.1936776787042617,0.1184499561786651,0.1151872638308151,2.0692954063415527,0.1184499561786651,0.6869464123544409,0.662511944770813,0.1184499561786651,0.7838103868512183,0.5538530945777893
Hook3,0.2826899588108063,0.3417606949806213,0.3185900449752807,0.0072430638374967,3.135796070098877,0.3185900449752807,0.0815575922907975,2.120206594467163,0.3185900449752807,0.1744168316627321,1.7958436012268066
Rnf170,0.0756938681006431,0.1134266555309295,0.6111588478088379,0.0959228431889395,2.1548094749450684,0.6111588478088379,0.0585257041862731,2.2701869010925293,0.6111588478088379,0.1232010764833174,1.9786475896835327
Thap1,0.0530629716813564,0.0788458287715911,0.5901316404342651,0.1931981782052224,1.8072259426116943,0.5901316404342651,0.1307005047068526,1.8897554874420168,0.5901316404342651,0.2293700827324441,1.6347367763519287
Zfp703,0.0433040782809257,0.0515961535274982,0.258789449930191,0.5687208820863066,1.119825839996338,0.258789449930191,0.6492557305215614,0.7162222862243652,0.258789449930191,0.748228106952469,0.6052238345146179
Erlin2,0.0508632212877273,0.040020540356636,-0.3537625968456268,0.9888502385877284,0.4207748770713806,-0.3537625968456268,0.482544677030045,-0.975464165210724,-0.3537625968456268,0.6535580432304291,-0.7948191165924072
Plpbp,0.1560449004173278,0.1947883814573288,0.3487105071544647,0.0440474946888149,2.48999547958374,0.3487105071544647,0.1324693796568383,1.8828836679458616,0.3487105071544647,0.2420119427100316,1.6035412549972534
Adgra2,0.0,0.0,0.0,0.9888502385877284,0.1005259156227111,0.0,1.0,0.0,0.0,1.0,0.0
Brf2,0.051131535321474,0.0611546523869037,0.2655468881130218,0.5239234328157918,1.184801697731018,0.2655468881130218,0.5828686128857576,0.8162607550621033,0.2655468881130218,0.6884747464761649,0.6927282810211182
Rab11fip1,0.0612207241356372,0.0973061174154281,0.6948843002319336,0.0694316891547406,2.299175500869751,0.6948843002319336,0.0420347460902651,2.410933017730713,0.6948843002319336,0.0958741605955553,2.1022849082946777
Got1l1,0.0,0.0,0.0,0.9888502385877284,0.1005259156227111,0.0,1.0,0.0,0.0,1.0,0.0
Eif4ebp1,0.0429464988410472,0.0992609113454818,1.249788761138916,0.0102989306884633,3.02025842666626,1.249788761138916,0.0001878732425964,4.115050792694092,1.249788761138916,0.001181930616144,3.669641494750977
Rnf122,0.0956030786037445,0.0096036158502101,-3.3779866695404053,0.0955706454268769,-2.156601905822754,-3.3779866695404053,1.0306880521284789e-13,-7.855138778686523,-3.3779866695404053,1.850382026734477e-07,-5.681121349334717
Tti2,0.0638089254498481,0.0599158406257629,-0.0936580598354339,0.769525703713464,0.8555905222892761,-0.0936580598354339,0.9377470712652368,-0.3058295249938965,-0.0936580598354339,0.9865319597943506,-0.2524518370628357
Mak16,0.3287536799907684,0.3910270631313324,0.2978706359863281,0.019266739068905,2.803149461746216,0.2978706359863281,0.0671407147286497,2.207981586456299,0.2978706359863281,0.1533079919306478,1.864925980567932
Nrg1,0.0,0.0,0.0,0.9888502385877284,0.1005259156227111,0.0,1.0,0.0,0.0,1.0,0.0
Wrn,0.2311392873525619,0.2294684946537017,-0.0117177804931998,0.5581337057667028,1.1339412927627563,-0.0117177804931998,1.0,-0.0705495774745941,-0.0117177804931998,1.0,-0.0590768493711948
Purg,0.0059517049230635,0.0129962041974067,1.1318049430847168,0.9888502385877284,0.4700669348239898,1.1318049430847168,0.3497395990374407,1.2861907482147217,1.1318049430847168,0.45724948706434,1.15260910987854
Tex15,0.0011712422128766,0.0139919519424438,3.5877444744110107,0.810204621539686,0.8068959712982178,3.5877444744110107,0.0171742025059253,2.7670540809631348,3.5877444744110107,0.0251062118527909,2.6797642707824707
Ppp2cb,0.1186690554022789,0.2507574558258056,1.17756187915802,2.544013383894892e-07,5.544160842895508,1.17756187915802,1.0050736525865798e-08,6.135738849639893,1.17756187915802,5.360018517824486e-07,5.439528942108154
Ubxn8,0.0536439977586269,0.2326535880565643,2.2489020824432373,5.601426883805403e-13,7.564089298248291,2.2489020824432373,2.8117156429128765e-18,9.323533058166504,2.2489020824432373,7.408434715375764e-16,8.604304313659668
Gsr,0.1484725177288055,0.5685141086578369,2.2580480575561523,7.524159590142241e-39,13.316920280456545,2.2580480575561523,5.745757953366839e-46,15.67961311340332,2.2580480575561523,1.7706089972729385e-39,14.215466499328612
Gtf2e2,0.1050064712762832,0.1630100607872009,0.6772578954696655,0.0024546529479012,3.46732234954834,0.6772578954696655,0.005658984342071,3.145225763320923,0.6772578954696655,0.0224793186633585,2.71826171875
Rbpms,0.0192006938159465,0.0,-24.20852851867676,0.9888502385877284,-0.3637155890464782,-24.20852851867676,0.0009820080277109,-3.670974016189575,-24.20852851867676,0.0332001323559738,-2.5726451873779297
Dctn6,0.3035999238491058,0.361700564622879,0.2968545258045196,0.0176688671859685,2.8346664905548096,0.2968545258045196,0.0771445332641274,2.1454524993896484,0.2968545258045196,0.1699853152966783,1.8099403381347656
Gm10131,0.0041943076066672,0.0095400968566536,1.1894317865371704,0.9888502385877284,0.3704372346401214,1.1894317865371704,0.4090077135465846,1.172207951545715,1.1894317865371704,0.51270164196849,1.0616090297698977
Mboat4,0.0054146721959114,0.0033156613353639,-0.7090925574302673,0.9888502385877284,0.0685607641935348,-0.7090925574302673,0.7145290294896364,-0.6229303479194641,-0.7090925574302673,0.8197294223528115,-0.5026971697807312
Leprotl1,1.00205397605896,1.199699878692627,0.4279261231422424,0.000151145179834,4.207076549530029,0.4279261231422424,2.272154899075292e-07,5.5536723136901855,0.4279261231422424,2.507779211845066e-05,4.639773368835449
Saraf,1.4080601930618286,0.9313367009162904,-1.005720138549805,3.218679524108907e-42,-13.88900661468506,-1.005720138549805,2.3827260231914728e-39,-13.98717212677002,-1.005720138549805,6.945911406001186e-28,-11.684236526489258
Dusp4,0.0043044132180511,0.0317312963306903,2.901861429214477,0.324816352374124,1.5093077421188354,2.901861429214477,0.0006564538774679,3.7936201095581055,2.901861429214477,0.0013796072759769,3.631042003631592
Tnks,0.133462592959404,0.0766633078455925,-0.8415164947509766,0.7719841710170898,-0.8526778221130371,-0.8415164947509766,0.001904117450872,-3.4776148796081543,-0.8415164947509766,0.0182934711623371,-2.795409917831421
Ppp1r3b,0.0033980482257902,0.0017354019219055,-0.970635950565338,0.9888502385877284,0.0681126564741134,-0.970635950565338,0.7058603159738399,-0.6349653601646423,-0.970635950565338,0.8178950430841937,-0.5049891471862793
Eri1,0.2391594797372818,0.2927416861057281,0.3320177495479584,0.0109226054986026,3.000616312026977,0.3320177495479584,0.0778468164243255,2.141588926315308,0.3320177495479584,0.1694462076838284,1.811699628829956
Mfhas1,0.1112882271409034,0.1595960110425949,0.5557564496994019,0.018996558029948,2.808377265930176,0.5557564496994019,0.0308037599973039,2.5379562377929688,0.5557564496994019,0.0793528450139318,2.190213441848755
Cldn23,0.0,0.0,0.0,0.9888502385877284,0.1005259156227111,0.0,1.0,0.0,0.0,1.0,0.0
Prag1,0.1132140606641769,0.206607386469841,0.9370025396347046,0.0006420255441225,3.841344594955444,0.9370025396347046,7.005463581220869e-05,4.3553667068481445,0.9370025396347046,0.0006113426657645,3.8504364490509033
Lonrf1,0.0011267558438703,0.0045066941529512,2.002332925796509,0.9888502385877284,0.2019480466842651,2.002332925796509,0.4679991859106411,0.9998186230659484,2.002332925796509,0.5537602052661518,0.9468111395835876
Dlc1,0.0010035001905635,0.0009441179572604,-0.0880446210503578,0.9888502385877284,0.1345822364091873,-0.0880446210503578,1.0,-0.0430988781154155,-0.0880446210503578,1.0,-0.0346220955252647
AI429214,0.0,0.0,0.0,0.9888502385877284,0.1005259156227111,0.0,1.0,0.0,0.0,1.0,0.0
Tusc3,0.1879345178604126,0.2342933714389801,0.3527026176452636,0.0187535700474246,2.8128583431243896,0.3527026176452636,0.1033631636448937,2.0086803436279297,0.3527026176452636,0.1996860152457737,1.718515157699585
Msr1,0.0,0.0015645534731447,20.578449249267575,0.9888502385877284,0.1678170263767242,20.578449249267575,0.4679991859106411,1.0,20.578449249267575,0.5282133287683867,1.0
Micu3,0.0670219361782074,0.067070335149765,0.0010767712956294,0.8617494115405279,0.7461024522781372,0.0010767712956294,1.0,0.0034816246479749,0.0010767712956294,1.0,0.002936401637271
Zdhhc2,0.0060120723210275,0.1939716190099716,5.14968204498291,2.786731720963839e-12,7.34683084487915,5.14968204498291,3.1409828303552735e-23,10.831281661987305,5.14968204498291,8.624097810176228e-23,10.72028923034668
Cnot7,0.1938339918851852,0.2567255198955536,0.4524738788604736,0.0025470619479166,3.4558210372924805,0.4524738788604736,0.0213879829420363,2.679684400558472,0.4524738788604736,0.0645765192629556,2.284996271133423
Vps37a,0.161338597536087,0.2122020125389099,0.4331782758235931,0.0151897765092045,2.8877673149108887,0.4331782758235931,0.0529769283720688,2.3133885860443115,0.4331782758235931,0.1218521253057665,1.9845397472381592
Mtmr7,0.0040252832695841,0.0039251898415386,-0.0364001244306564,0.9888502385877284,0.2022467851638794,-0.0364001244306564,1.0,-0.0299066733568906,-0.0364001244306564,1.0,-0.0242731850594282
Pdgfrl,0.0,0.0,0.0,0.9888502385877284,0.1005259156227111,0.0,1.0,0.0,0.0,1.0,0.0
Mtus1,0.0,0.0,0.0,0.9888502385877284,0.1005259156227111,0.0,1.0,0.0,0.0,1.0,0.0
Pcm1,0.3307554125785827,0.3057525157928467,-0.132391408085823,0.92411082562589,0.6672351360321045,-0.132391408085823,0.5302138327332034,-0.8970338702201843,-0.132391408085823,0.6832027011037286,-0.746120035648346
Asah1,0.076418712735176,0.1434594988822937,0.9578909873962402,0.0027266460385358,3.4360294342041016,0.9578909873962402,0.0004375118365278,3.8940155506134033,0.9578909873962402,0.0026939332607585,3.426475524902344
Frg1,0.38543900847435,0.6103448271751404,0.838761568069458,6.124954473532974e-10,6.555842876434326,0.838761568069458,2.4558419375376723e-11,7.093816757202148,0.838761568069458,1.4311956519688433e-08,6.09992790222168
Triml2,0.0,0.0,0.0,0.9888502385877284,0.1005259156227111,0.0,1.0,0.0,0.0,1.0,0.0
Fat1,0.0,0.0,0.0,0.9888502385877284,0.1005259156227111,0.0,1.0,0.0,0.0,1.0,0.0
Cyp4v3,0.0375942662358284,0.0220671817660331,-0.7798661589622498,0.9888502385877284,-0.0510844923555851,-0.7798661589622498,0.1688645687355162,-1.7532861232757568,-0.7798661589622498,0.3298471017568268,-1.3983125686645508
Tlr3,0.0030069083441048,0.0,-21.52202033996582,0.9994412017932364,0.0010455889860168,-21.52202033996582,0.1749935190420283,-1.733742356300354,-21.52202033996582,0.4247033279437463,-1.2150192260742188
1700029J07Rik,0.0115233585238456,0.0103746894747018,-0.152323380112648,0.9888502385877284,0.1693854182958603,-0.152323380112648,1.0,-0.1999852657318115,-0.152323380112648,1.0,-0.1675865203142166
Ufsp2,0.1038114428520202,0.121615432202816,0.241444855928421,0.1572643335140535,1.91507089138031,0.241444855928421,0.4679991859106411,1.011429786682129,0.241444855928421,0.6130146590571476,0.8548578023910522
Ankrd37,0.0331301726400852,0.0521296635270118,0.6677614450454712,0.3316229832149026,1.4971340894699097,0.6677614450454712,0.169654637535223,1.7511017322540283,0.6677614450454712,0.2764919280778187,1.5190130472183228
Lrp2bp,0.0010515280300751,0.0,-20.00481605529785,0.9888502385877284,0.0673658028244972,-20.00481605529785,0.4679991859106411,-1.0,-20.00481605529785,0.6832027011037286,-0.7008072733879089
Snx25,0.0231506377458572,0.0858633443713188,1.9366388320922847,0.0118547890977037,2.9732816219329834,1.9366388320922847,4.429200137986801e-06,4.984739303588867,1.9366388320922847,2.9205498931260035e-05,4.6088714599609375
Cfap97,0.1855778992176056,0.1826646029949188,-0.0249937828630208,0.3089473854839656,1.539853811264038,-0.0249937828630208,1.0,-0.1345334351062774,-0.0249937828630208,1.0,-0.1115434318780899
Slc25a4,0.8681178689002991,1.023531198501587,0.3671121299266815,0.0012948251679134,3.649852514266968,0.3671121299266815,0.0001321717421659,4.197165012359619,0.3671121299266815,0.0017664212010376,3.552755832672119
Acsl1,0.0514779910445213,0.0264425817877054,-0.9792691469192504,0.9982859685537312,-0.0156838353723287,-0.9792691469192504,0.023762044831302,-2.63752818107605,-0.9792691469192504,0.1066514761203517,-2.051733016967773
Cenpu,0.0183600336313247,0.0312760286033153,0.7778441309928894,0.3711183007026938,1.4246896505355835,0.7778441309928894,0.1967997829401321,1.6584209203720093,0.7778441309928894,0.3245420138936422,1.4134521484375
Primpol,0.0720848739147186,0.0721895545721054,0.002169971819967,0.6921796645623264,0.9549961686134338,0.002169971819967,1.0,0.0076715657487511,0.002169971819967,1.0,0.006422562059015
Casp3,0.0705757662653923,0.9468445777893066,4.4311723709106445,1.0922749302591141e-103,21.84549140930176,4.4311723709106445,3.532341384326312e-110,29.111799240112305,4.4311723709106445,9.071258558120809e-109,27.820043563842773
Irf2,0.6667826771736145,0.9803779721260072,0.8130257725715637,9.465272382753848e-12,7.175578594207764,0.8130257725715637,5.757824969840002e-17,8.841361045837402,0.8130257725715637,3.0007893052510893e-12,7.447436332702637
Enpp6,0.0,0.0045657153241336,22.125703811645508,0.9888502385877284,0.3023992776870727,22.125703811645508,0.1824493605006482,1.705600619316101,22.125703811645508,0.2041894839512087,1.705600619316101
Trappc11,0.0712755471467971,0.089913360774517,0.3487533330917358,0.2839398342483602,1.5901914834976196,0.3487533330917358,0.3573813522051944,1.2700155973434448,0.3487533330917358,0.5024304699246972,1.078108787536621
Rwdd4a,0.1763015687465667,0.2282858937978744,0.411558598279953,0.0042568051075445,3.3012232780456543,0.411558598279953,0.0507563299831543,2.3316099643707275,0.411558598279953,0.1229200498599403,1.9798872470855715
Ing2,0.1826144605875015,0.2074862271547317,0.2027385532855987,0.0415225099160115,2.5129237174987797,0.2027385532855987,0.4320602939454845,1.132992148399353,0.2027385532855987,0.5505384840358436,0.951749861240387
Cdkn2aip,0.2118596583604812,0.2145562916994094,0.0202614329755306,0.2789883813428477,1.600722074508667,0.0202614329755306,1.0,0.1193418428301811,0.0202614329755306,1.0,0.0995952039957046
Wwc2,0.0103988628834486,0.0,-23.31743049621582,0.9888502385877284,-0.2310751676559448,-23.31743049621582,0.0062743842977708,-3.110437154769897,-23.31743049621582,0.0817348957997458,-2.179816961288452
Dctd,0.0195715576410293,0.0174642167985439,-0.1658813804388046,0.9888502385877284,0.4312307834625244,-0.1658813804388046,0.9383383897322072,-0.304594874382019,-0.1658813804388046,0.9880110766138052,-0.250274121761322
Aga,0.0776201263070106,0.1131360307335853,0.5695823431015015,0.0458953192340275,2.472817897796631,0.5695823431015015,0.0691153008830566,2.1951897144317627,0.5695823431015015,0.1457668144786886,1.8902764320373533
Neil3,0.0031049114186316,0.037981417030096,3.637913703918457,0.1291111879504772,2.0142524242401123,3.637913703918457,3.127297581581409e-05,4.562425136566162,3.637913703918457,6.407839800478823e-05,4.437877655029297
Spcs3,0.1785580068826675,0.2941526770591736,0.8068376779556274,4.259205262152731e-06,4.996720314025879,0.8068376779556274,6.365852280139224e-06,4.892616271972656,0.8068376779556274,0.0001430303896665,4.226554393768311
Asb5,0.0022145798429846,0.0034658552613109,0.6470812559127808,0.9888502385877284,0.2356309443712234,0.6470812559127808,0.8363730602266708,0.4493696987628937,0.6470812559127808,0.8963328291405728,0.3900430500507355
Hpgd,0.0,0.0031017269939184,21.566879272460938,0.9888502385877284,0.2351081520318985,21.566879272460938,0.3055133724802132,1.3809664249420166,21.566879272460938,0.3373922934392612,1.3809664249420166
Cep44,0.120667316019535,0.1329229176044464,0.1485820114612579,0.2736337990480921,1.6130450963974,0.1485820114612579,0.6835848946218929,0.6672237515449524,0.1485820114612579,0.7759228760914534,0.5649123191833496
Fbxo8,0.1167521402239799,0.1557855010032653,0.4449075162410736,0.0559529505571389,2.3911874294281006,0.4449075162410736,0.0997961046692226,2.0259344577789307,0.4449075162410736,0.1897469852335336,1.7494301795959473
Sap30,0.0374166145920753,0.152864784002304,2.1151037216186523,9.145989286038972e-07,5.3022565841674805,2.1151037216186523,2.837172649562781e-11,7.117196559906006,2.1151037216186523,8.634620786010024e-10,6.589630603790283
Hmgb2,0.9776490926742554,2.230385065078736,2.324092388153076,6.829608547715558e-110,22.494876861572266,2.324092388153076,2.5923717497533157e-115,27.521398544311523,2.324092388153076,1.4566427504655258e-97,24.25669479370117
Galnt7,0.1781534701585769,0.2946295440196991,0.8131081461906433,2.129276998182069e-06,5.136381149291992,0.8131081461906433,9.535725255711336e-06,4.806338310241699,0.8131081461906433,0.0001785227279114,4.171664237976074
Hpf1,0.3049758374691009,0.6241462230682373,1.2811768054962158,3.6957789351866696e-19,9.272954940795898,1.2811768054962158,3.8777163674427703e-23,10.522995948791504,1.2811768054962158,6.5905197103576515e-18,9.162871360778809
Clcn3,0.2870982885360718,0.3056485056877136,0.1043699532747268,0.2247537690233602,1.7237281799316406,0.1043699532747268,0.6664860776308574,0.6906017661094666,0.1043699532747268,0.7625451634699765,0.5839323401451111
Nek1,0.0479619428515434,0.0343432538211345,-0.4917544722557068,0.9888502385877284,0.1320429593324661,-0.4917544722557068,0.3418893173333447,-1.302691102027893,-0.4917544722557068,0.513680323799029,-1.0597869157791138
Sh3rf1,0.0058755595237016,0.0238737147301435,2.035640001296997,0.5771169076595885,1.107726812362671,2.035640001296997,0.0161751390063859,2.7876393795013428,2.035640001296997,0.0300082224772326,2.607710838317871
Cbr4,0.0527283437550067,0.0825473815202713,0.6683959364891052,0.0742744908160604,2.2699737548828125,0.6683959364891052,0.0624215444012196,2.2420480251312256,0.6683959364891052,0.1361429213562078,1.9253839254379272
Palld,0.0,0.0014572162181138,20.4758358001709,0.9888502385877284,0.1678170263767242,20.4758358001709,0.4679991859106411,1.0,20.4758358001709,0.5282133287683867,1.0
Ddx60,0.2156169563531875,0.1173521280288696,-0.9504756331443788,0.1054526324014033,-2.110595941543579,-0.9504756331443788,2.494572454666092e-05,-4.584245681762695,-0.9504756331443788,0.0010184949264909,-3.7129414081573486
Msmo1,0.1505656838417053,0.0799969732761383,-0.964257836341858,0.679989861973739,-0.9726217985153198,-0.964257836341858,0.0001998505976001,-4.08931303024292,-0.964257836341858,0.0046872563610039,-3.2579963207244877
Klhl2,0.0836549326777458,0.1017455086112022,0.2956938743591308,0.1732163997525926,1.865928292274475,0.2956938743591308,0.407288272855729,1.1748613119125366,0.2956938743591308,0.5299909986835808,0.9946030378341676
Tmem192,0.2111655920743942,0.3665837943553924,0.9132684469223022,1.040949293199708e-08,6.101609230041504,0.9132684469223022,9.875411095378971e-09,6.129683017730713,0.9132684469223022,1.067643564605857e-06,5.3039374351501465
March1,0.0,0.0,0.0,0.9888502385877284,0.1005259156227111,0.0,1.0,0.0,0.0,1.0,0.0
Tma16,0.1381092965602874,0.1139316335320472,-0.2954487204551697,0.8101779073190659,0.8076428174972534,-0.2954487204551697,0.303447809056812,-1.38502836227417,-0.2954487204551697,0.472320656014234,-1.1278058290481567
Npy1r,0.0010515280300751,0.001990879420191,0.9215956330299376,0.9888502385877284,0.1345822364091873,0.9215956330299376,0.8596185608355833,0.4172088801860809,0.9215956330299376,0.9053589625478972,0.3767983019351959
Naf1,0.05688152089715,0.0538423173129558,-0.0814319923520088,0.7647000840367372,0.8611172437667847,-0.0814319923520088,0.9704124188152524,-0.2584664225578308,-0.0814319923520088,1.0,-0.2133841961622238
Nat2,0.0391003787517547,0.0386030934751033,-0.0188274402171373,0.9888502385877284,0.4737265110015869,-0.0188274402171373,1.0,-0.0467004850506782,-0.0188274402171373,1.0,-0.0394088216125965
Psd3,0.0052441335283219,0.0023301145993173,-1.172406554222107,0.9888502385877284,0.0685607641935348,-1.172406554222107,0.468266849972497,-0.9986432790756226,-1.172406554222107,0.6729205451229878,-0.7663843631744385
Csgalnact1,0.0007365080527961,0.0,-19.490875244140625,0.9888502385877284,0.0673658028244972,-19.490875244140625,0.4679991859106411,-1.0,-19.490875244140625,0.6832027011037286,-0.7008072733879089
Ints10,0.0660827085375785,0.1281099915504455,1.000505447387695,0.0040706267245357,3.314517021179199,1.000505447387695,0.0005766988026816,3.820039749145508,1.000505447387695,0.0035204018442476,3.346273899078369
Lpl,0.0,0.0,0.0,0.9888502385877284,0.1005259156227111,0.0,1.0,0.0,0.0,1.0,0.0
Slc18a1,0.0021509851794689,0.0,-21.03811836242676,0.9888502385877284,0.0342056974768638,-21.03811836242676,0.2942789202292576,-1.4130268096923828,-21.03811836242676,0.5299909986835808,-0.9902594089508056
Atp6v1b2,0.1237861812114715,0.1972307562828064,0.7264299988746643,0.0007169477618404,3.810798406600952,0.7264299988746643,0.0009875057156645,3.669905185699463,0.7264299988746643,0.0060413392564449,3.174668788909912
Lzts1,0.0121841710060834,0.0129449665546417,0.0879330858588218,0.9888502385877284,0.3678232729434967,0.0879330858588218,1.0,0.1271730661392212,0.0879330858588218,1.0,0.106258749961853
Zfp930,0.0468288920819759,0.066832810640335,0.5277239084243774,0.3326368779754193,1.4951175451278689,0.5277239084243774,0.2143386014305092,1.609256386756897,0.5277239084243774,0.3342463997149518,1.3863290548324585
D130040H23Rik,0.0446275733411312,0.0147770466282963,-1.6162164211273191,0.9888502385877284,-0.5457974672317505,-1.6162164211273191,0.0019463486209028,-3.4700496196746826,-1.6162164211273191,0.0260917291568434,-2.663305759429932
Zfp868,0.07077506929636,0.1094245463609695,0.6569214463233948,0.1061450466368712,2.10738468170166,0.6569214463233948,0.0457614051435161,2.3765408992767334,0.6569214463233948,0.1003844022464705,2.079930305480957
Zfp964,0.0,0.0,0.0,0.9888502385877284,0.1005259156227111,0.0,1.0,0.0,0.0,1.0,0.0
Zfp869,0.2732389569282532,0.1842374801635742,-0.6352429389953613,0.4645262447518036,-1.274050235748291,-0.6352429389953613,0.0005851132272152,-3.810506582260132,-0.6352429389953613,0.0073243538577324,-3.112061023712158
Zfp963,0.0103960866108536,0.0102791721001267,-0.0164008531719446,0.9888502385877284,0.3029967546463012,-0.0164008531719446,1.0,-0.0210730452090501,-0.0164008531719446,1.0,-0.0177157931029796
Zfp866,0.072721242904663,0.0488744601607322,-0.5906721353530884,0.9888502385877284,-0.1220351755619049,-0.5906721353530884,0.1291771036028425,-1.8954687118530276,-0.5906721353530884,0.2684340630596133,-1.5387059450149536
Atp13a1,0.1150045469403266,0.1549777239561081,0.4598528444766998,0.0259426851729711,2.693287849426269,0.4598528444766998,0.0703174973816463,2.187613248825073,0.4598528444766998,0.1527363798557852,1.8667426109313965
Gmip,0.2270245254039764,0.2783879041671753,0.3328580856323242,0.0182975089048622,2.8221194744110107,0.3328580856323242,0.0903852168078541,2.072673082351685,0.3328580856323242,0.1862060649188252,1.760177493095398
Lpar2,0.0037172676529735,0.0176995582878589,2.261502981185913,0.7552682064099425,0.8729174137115479,2.261502981185913,0.0336819089196699,2.5043907165527344,2.261502981185913,0.058233395790116,2.3312599658966064
Pbx4,0.0062966025434434,0.0162998083978891,1.379438877105713,0.8940648012290606,0.7059219479560852,1.379438877105713,0.1775369677402246,1.7207930088043213,1.379438877105713,0.2630025145831504,1.5513572692871094
Cilp2,0.0010143158724531,0.0,-19.952808380126957,0.9888502385877284,0.0673658028244972,-19.952808380126957,0.4679991859106411,-1.0,-19.952808380126957,0.6832027011037286,-0.7008072733879089
Yjefn3,0.0079687824472785,0.0061034997925162,-0.386069506406784,0.9888502385877284,0.1354784518480301,-0.386069506406784,0.8477105072095448,-0.433609127998352,-0.386069506406784,0.921177501896368,-0.3531151115894317
Ndufa13,1.2940363883972168,1.82442319393158,0.9736751914024352,1.25267193312307e-50,15.224448204040527,0.9736751914024352,6.456528210644137e-58,17.2286319732666,0.9736751914024352,4.884221375771736e-38,13.94545078277588
Tssk6,0.0090333856642246,0.0082102539017796,-0.1384347379207611,0.9888502385877284,0.1688626259565353,-0.1384347379207611,1.0,-0.1685912907123565,-0.1384347379207611,1.0,-0.1402026563882827
Gatad2a,0.329924464225769,0.5227506756782532,0.8129341006278992,6.822898055125448e-09,6.172037124633789,0.8129341006278992,1.0167461536402199e-09,6.507909774780273,0.8129341006278992,2.5507658609876937e-07,5.580350875854492
Mau2,0.3784897625446319,0.3423231244087219,-0.1725478321313858,0.9888502385877284,-0.4487817287445068,-0.1725478321313858,0.3608750559736101,-1.2636715173721311,-0.1725478321313858,0.5146720194472201,-1.0576534271240234
Sugp1,0.1073201820254325,0.1405292451381683,0.4133989512920379,0.0367789737501292,2.56019926071167,0.4133989512920379,0.1408641560647412,1.849897861480713,0.4133989512920379,0.2528973578798261,1.577257752418518
Tm6sf2,0.0056760781444609,0.0016872424166649,-1.7531057596206665,0.9994412017932364,0.001643068389967,-1.7531057596206665,0.3385794446902602,-1.3087188005447388,-1.7531057596206665,0.5290971423188502,-0.9982944130897522
Hapln4,0.0012513224501162,0.0,-20.25592613220215,0.9888502385877284,0.0673658028244972,-20.25592613220215,0.4679991859106411,-1.0,-20.25592613220215,0.6832027011037286,-0.7008072733879089
Ncan,0.0,0.0,0.0,0.9888502385877284,0.1005259156227111,0.0,1.0,0.0,0.0,1.0,0.0
Rfxank,0.075879655778408,0.0748680979013443,-0.020100699737668,0.7119973117425663,0.928632378578186,-0.020100699737668,1.0,-0.0724901780486106,-0.020100699737668,1.0,-0.0607629269361496
Nr2c2ap,0.2369374930858612,0.2443393617868423,0.0499330796301364,0.2646965802615183,1.632761836051941,0.0499330796301364,0.9347475145009924,0.309781938791275,0.0499330796301364,0.9819113191822608,0.2592361867427826
Borcs8,0.2503418028354645,0.5397129654884338,1.3307327032089231,1.2512631497134948e-19,9.389837265014648,1.3307327032089231,5.740470941266e-21,9.979133605957031,1.3307327032089231,1.8934729102425222e-16,8.74982738494873
Mef2b,0.0036339645739644,0.0033657760359346,-0.1107987388968467,0.9888502385877284,0.1351797133684158,-0.1107987388968467,1.0,-0.0842455700039863,-0.1107987388968467,1.0,-0.0698864310979843
Tmem161a,0.051286831498146,0.1170920357108116,1.239116907119751,0.0032662962145593,3.3820321559906006,1.239116907119751,5.880108696003363e-05,4.3988213539123535,1.239116907119751,0.00045838293693,3.9297163486480713
Slc25a42,0.0149421198293566,0.003876854898408,-1.9544203281402588,0.9888502385877284,-0.1315948367118835,-1.9544203281402588,0.050300018298648,-2.3344619274139404,-1.9544203281402588,0.1919559350532514,-1.744124174118042
Armc6,0.0201790463179349,0.0161975752562284,-0.3199607729911804,0.9888502385877284,0.3618484735488891,-0.3199607729911804,0.7353925966360437,-0.5929440259933472,-0.3199607729911804,0.8356211322391183,-0.480115532875061
Sugp2,0.0736531019210815,0.0637785121798515,-0.2148805409669876,0.9452671725632862,0.6393029689788818,-0.2148805409669876,0.644553857711503,-0.7232903838157654,-0.2148805409669876,0.7520815383343226,-0.600132405757904
Homer3,0.0059170690365135,0.0038999284151941,-0.6028913259506226,0.9888502385877284,0.1356278359889984,-0.6028913259506226,0.7582124318700867,-0.5619314312934875,-0.6028913259506226,0.856630427575373,-0.4481172263622284
Ddx49,0.1413399875164032,0.1806378811597824,0.383038192987442,0.0373128043944074,2.554597854614258,0.383038192987442,0.1188375203086869,1.938326358795166,0.383038192987442,0.2207510692840718,1.658558011054993
Cope,0.4186969995498657,0.7291874885559082,1.0456541776657104,3.7249698265440654e-16,8.486598014831543,1.0456541776657104,5.695665177718404e-21,9.946288108825684,1.0456541776657104,1.1128574522710116e-15,8.521814346313477
Upf1,0.2272281646728515,0.237650066614151,0.0725059136748313,0.2344376730192718,1.700575828552246,0.0725059136748313,0.8431021309128496,0.4401905834674835,0.0725059136748313,0.910321914000964,0.3694930970668793
Comp,0.0012185652740299,0.0022841941099613,0.9072702527046204,0.9888502385877284,0.201798677444458,0.9072702527046204,0.7822450336593527,0.5268136262893677,0.9072702527046204,0.8560206125866245,0.449101984500885
Crtc1,0.0298901386559009,0.0352358520030975,0.2412515878677368,0.8890318977404624,0.7133904099464417,0.2412515878677368,0.754048671044653,0.568065881729126,0.2412515878677368,0.8348204958329342,0.4812717139720917
Klhl26,0.0201265830546617,0.0102621158584952,-0.9789078831672668,0.9888502385877284,-0.0996296927332878,-0.9789078831672668,0.2350517998791198,-1.5550230741500854,-0.9789078831672668,0.4116689039171139,-1.2384341955184937
Tmem59l,0.0009008874767459,0.0,-19.781639099121094,0.9888502385877284,0.0673658028244972,-19.781639099121094,0.4679991859106411,-1.0,-19.781639099121094,0.6832027011037286,-0.7008072733879089
Crlf1,0.0,0.0010886250529438,20.05486297607422,0.9888502385877284,0.1678170263767242,20.05486297607422,0.4679991859106411,1.0,20.05486297607422,0.5282133287683867,1.0
Rex1bd,0.4862383902072906,0.58037269115448,0.3292262256145477,0.0130144786678279,2.941615343093872,0.3292262256145477,0.0095221149086859,2.970709085464477,0.3292262256145477,0.0396366267557517,2.494166612625122
Uba52,0.7561283111572266,0.6205571293830872,-0.3939916491508484,1.217811730980757e-05,-4.780582427978516,-0.3939916491508484,0.0001788460104328,-4.119032382965088,-0.3939916491508484,0.0030545980686013,-3.389801502227783
Kxd1,0.3381840288639068,0.6337722539901733,1.1365742683410645,2.590401616403935e-17,8.798332214355469,1.1365742683410645,2.6567719776549764e-20,9.781856536865234,1.1365742683410645,2.0444356406636945e-15,8.443254470825195
Fkbp8,0.5636267066001892,0.801676332950592,0.6993790864944458,3.167514234291906e-08,5.912805557250977,0.6993790864944458,2.7116613386688253e-12,7.402793884277344,0.6993790864944458,9.649416212094884e-09,6.17110013961792
Ell,0.0587236434221267,0.0876581668853759,0.5990734100341797,0.1598285492704615,1.9062581062316892,0.5990734100341797,0.0982324094983069,2.0336153507232666,0.5990734100341797,0.187815823345144,1.7556302547454834
Isyna1,0.1767905354499817,0.2343290150165558,0.4494207799434662,0.0060530527305993,3.1924819946289062,0.4494207799434662,0.0327213150145539,2.5133907794952397,0.4494207799434662,0.0874374745357997,2.145219326019287
Ssbp4,0.4996864199638366,0.606024444103241,0.3620915710926056,0.012422834372323,2.9575977325439453,0.3620915710926056,0.0034246376894499,3.302855491638184,0.3620915710926056,0.0184740004479824,2.7907087802886963
Lrrc25,0.0,0.0012010501231998,20.196733474731445,0.9888502385877284,0.1678170263767242,20.196733474731445,0.4679991859106411,1.0,20.196733474731445,0.5282133287683867,1.0
Gdf15,0.0,0.0,0.0,0.9888502385877284,0.1005259156227111,0.0,1.0,0.0,0.0,1.0,0.0
Pgpep1,0.0097015127539634,0.0175528209656476,0.8610973954200745,0.9888502385877284,0.5697712898254395,0.8610973954200745,0.3929760528469762,1.201227068901062,0.8610973954200745,0.5141573566120154,1.058747410774231
Lsm4,1.099514126777649,1.2424150705337524,0.2990332841873169,0.0096210307971989,3.04311203956604,0.2990332841873169,0.0004998497591936,3.855105638504028,0.2990332841873169,0.0047039336678376,3.2548141479492188
Jund,1.801961064338684,1.73045814037323,-0.1244400590658187,0.0892646773874163,-2.187596321105957,-0.1244400590658187,0.1499179438888833,-1.8170545101165767,-0.1244400590658187,0.2594882275845245,-1.5604007244110107
Iqcn,0.0022007473744452,0.0,-21.071149826049805,0.9888502385877284,0.0342056974768638,-21.071149826049805,0.2942789202292576,-1.413033127784729,-21.071149826049805,0.5299909986835808,-0.9902639389038086
Gm3336,0.0,0.0009441179572604,19.84929084777832,0.9888502385877284,0.1678170263767242,19.84929084777832,0.4679991859106411,1.0,19.84929084777832,0.5282133287683867,1.0
Pde4c,0.0,0.0030067777261137,21.521957397460938,0.9888502385877284,0.1678170263767242,21.521957397460938,0.4679991859106411,1.0,21.521957397460938,0.5282133287683867,1.0
Rab3a,0.0221074093133211,0.0507297478616237,1.2190736532211304,0.3190202628143459,1.5202864408493042,1.2190736532211304,0.0155685730211045,2.8000550270080566,1.2190736532211304,0.0371600659889107,2.521470785140991
Mpv17l2,0.1807032078504562,0.2397634536027908,0.452084332704544,0.0059987159389394,3.1951706409454346,0.452084332704544,0.0267706680009228,2.5929417610168457,0.452084332704544,0.0752423888434826,2.215834140777588
Pik3r2,0.0114834439009428,0.0039592920802533,-1.541675329208374,0.9888502385877284,-0.0645277798175811,-1.541675329208374,0.175399915118669,-1.728885293006897,-1.541675329208374,0.3613985543253764,-1.330867052078247
Mast3,0.1936220377683639,0.2220415920019149,0.2187967151403427,0.0509099111529329,2.4306957721710205,0.2187967151403427,0.3568254382700375,1.271188259124756,0.2187967151403427,0.5051668821257542,1.0733634233474731
Il12rb1,0.021728541702032,0.1329538375139236,2.694528102874756,2.2140964150973863e-06,5.128539085388184,2.694528102874756,3.770028166427064e-12,7.437488555908203,2.694528102874756,6.4585175702735e-11,7.016976356506348
Arrdc2,0.0299980696290731,0.0136608891189098,-1.1466459035873413,0.9888502385877284,-0.1733437180519104,-1.1466459035873413,0.0703174973816463,-2.186685562133789,-1.1466459035873413,0.2024102844928764,-1.7102514505386353
Ccdc124,0.2808825373649597,0.5039646625518799,1.0147711038589478,1.0720511807170618e-11,7.158027648925781,1.0147711038589478,3.8458754027407713e-13,7.704370021820068,1.0147711038589478,4.318925551957566e-10,6.686807155609131
Slc5a5,0.0,0.0,0.0,0.9888502385877284,0.1005259156227111,0.0,1.0,0.0,0.0,1.0,0.0
Rpl18a,4.205842018127441,3.836357355117798,-0.5428462624549866,5.044439835050655e-103,-21.774688720703125,-0.5428462624549866,4.3266715353773935e-114,-26.51116943359375,-0.5428462624549866,2.6466060132917474e-87,-22.580242156982425
Map1s,0.1055620089173317,0.1247384473681449,0.2549137771129608,0.1886445457121212,1.8200716972351076,0.2549137771129608,0.4634412374364923,1.0794563293457031,0.2549137771129608,0.5723086401838137,0.9178120493888856
Haus8,0.0883055478334426,0.135369211435318,0.6509057283401489,0.0074553250312386,3.1257882118225098,0.6509057283401489,0.0170564146497449,2.764575242996216,0.6509057283401489,0.0517094279761315,2.381232976913452
Myo9b,0.1858702600002288,0.2890063822269439,0.7141435742378235,8.414858632267494e-05,4.346289157867432,0.7141435742378235,0.0001151047631092,4.233965396881104,0.7141435742378235,0.0011207851806608,3.6845102310180655
Use1,0.702297568321228,0.6495274305343628,-0.1550132632255554,0.1082821455644765,-2.098198413848877,-0.1550132632255554,0.2361026849756802,-1.5526249408721924,-0.1550132632255554,0.3814942182298689,-1.291797161102295
Ocel1,0.1254365742206573,0.1782877743244171,0.5463383197784424,0.0056880931378576,3.211675882339477,0.5463383197784424,0.0232137218132129,2.648345232009888,0.5463383197784424,0.0654822544988839,2.2788078784942627
Nr2f6,0.0072108814492821,0.0436407625675201,2.6238183975219727,0.245157120305346,1.6759297847747805,2.6238183975219727,0.0002491134334378,4.0521559715271,2.6238183975219727,0.0005812609849647,3.871290683746338
Ushbp1,0.0014831244479864,0.0,-20.501279830932617,0.9888502385877284,0.0673658028244972,-20.501279830932617,0.4679991859106411,-1.0,-20.501279830932617,0.6832027011037286,-0.7008072733879089
Babam1,0.214736133813858,0.2384975701570511,0.1691967397928238,0.1576817966360284,1.913427829742432,0.1691967397928238,0.4679991859106411,1.0275800228118896,0.1691967397928238,0.6072541898149868,0.8646734356880188
Ankle1,0.0036286565009504,0.0051959729753434,0.5190897583961487,0.9888502385877284,0.3363809287548065,0.5190897583961487,0.8240098847174687,0.4675298929214477,0.5190897583961487,0.8945982362092142,0.392872005701065
Abhd8,0.388855516910553,0.23033207654953,-0.8757597208023071,0.0011078789093133,-3.6930203437805176,-0.8757597208023071,3.4589761690930003e-09,-6.288114070892334,-0.8757597208023071,3.4707504206830258e-06,-5.070134162902832
Mrpl34,0.4325041472911834,0.5829620957374573,0.5483644604682922,9.957684913372016e-05,4.307079792022705,0.5483644604682922,3.9818692615820846e-06,4.987997531890869,0.5483644604682922,0.0001501516452317,4.214686870574951
Dda1,0.3200204372406006,0.3817657828330993,0.3016629517078399,0.0059911802130251,3.1956186294555664,0.3016629517078399,0.0557728688008799,2.2906384468078613,0.3016629517078399,0.1384681349571755,1.9172523021698
Ano8,0.0276977960020303,0.0240285787731409,-0.2076779454946518,0.9888502385877284,0.485601395368576,-0.2076779454946518,0.8387559660569153,-0.4460323452949524,-0.2076779454946518,0.9128414685259773,-0.3659480512142181
Gtpbp3,0.0370611660182476,0.0582311674952507,0.6672754883766174,0.3553338853110007,1.4538167715072632,0.6672754883766174,0.1377159467118213,1.862141728401184,0.6672754883766174,0.2348019515157028,1.62169349193573
Plvap,0.0,0.0008512633503414,19.699861526489254,0.9888502385877284,0.1678170263767242,19.699861526489254,0.4679991859106411,1.0,19.699861526489254,0.5282133287683867,1.0
Bst2,0.8143153786659241,1.0120595693588257,0.4776876270771026,0.0001599323927614,4.192737102508545,0.4776876270771026,1.1673871109350838e-06,5.237117290496826,0.4776876270771026,8.035924829838406e-05,4.367448806762695
Mvb12a,0.2469034343957901,0.614739179611206,1.6003481149673462,4.716196698996014e-27,11.074206352233888,1.6003481149673462,1.102416504292262e-32,12.757824897766112,1.6003481149673462,8.522034760097073e-26,11.183436393737791
Tmem221,0.0131762558594346,0.0573384948074817,2.15360689163208,0.1234531534771712,2.0364339351654053,2.15360689163208,0.0001492951522926,4.180416584014893,2.15360689163208,0.0004724598793476,3.925800323486328
Nxnl1,0.0,0.0,0.0,0.9888502385877284,0.1005259156227111,0.0,1.0,0.0,0.0,1.0,0.0
Slc27a1,0.0118852136656641,0.0108485054224729,-0.1324207037687301,0.9888502385877284,0.3679726421833038,-0.1324207037687301,1.0,-0.1944987177848816,-0.1324207037687301,1.0,-0.1579263657331466
Pgls,0.6955510973930359,0.8157781958580017,0.3275653123855591,0.0678400812769506,2.3103034496307373,0.3275653123855591,0.002096760354583,3.4507620334625244,0.3275653123855591,0.014569921109526,2.8771631717681885
Fam129c,0.0176307782530784,0.0033893634099513,-2.389300584793091,0.9888502385877284,-0.2645340263843536,-2.389300584793091,0.0170993476512248,-2.76155161857605,-2.389300584793091,0.1069339026412479,-2.051328420639038
Colgalt1,0.146575853228569,0.2003166079521179,0.4905204772949219,0.0025283993463087,3.458061456680298,0.4905204772949219,0.0269970404017186,2.589519023895264,0.4905204772949219,0.0762302676338072,2.2096428871154785
Unc13a,0.0030809629242867,0.0094348723068833,1.6192094087600708,0.9888502385877284,0.4708137810230255,1.6192094087600708,0.2464494286001554,1.5273029804229736,1.6192094087600708,0.3296529771759773,1.3990885019302368
Jak3,0.0600206404924392,0.1784789413213729,1.6593705415725708,2.708576725321496e-06,5.088284015655518,1.6593705415725708,9.804490838141512e-10,6.5427775382995605,1.6593705415725708,3.1898609122328225e-08,5.966066360473633
Insl3,0.0011167509946972,0.0,-20.09168243408203,0.9888502385877284,0.0673658028244972,-20.09168243408203,0.4679991859106411,-1.0,-20.09168243408203,0.6832027011037286,-0.7008072733879089
B3gnt3,0.008767869323492,0.0022691830527037,-1.954744815826416,0.9888502385877284,-0.0313676707446575,-1.954744815826416,0.1422719371862608,-1.8439817428588867,-1.954744815826416,0.3402518943252539,-1.375013828277588
Fcho1,0.1561587899923324,0.3005339503288269,1.0526182651519775,1.33541484051187e-08,6.05971097946167,1.0526182651519775,4.337695479408122e-09,6.273653030395508,1.0526182651519775,4.490644052214831e-07,5.472896575927734
Zfp709,0.0298530105501413,0.0291244238615036,-0.0361750796437263,0.9888502385877284,0.5492329597473145,-0.0361750796437263,1.0,-0.081819899380207,-0.0361750796437263,1.0,-0.0681011006236076
Zfp882,0.0337624736130237,0.0084964549168944,-2.008777379989624,0.9888502385877284,-0.4994927942752838,-2.008777379989624,0.0017108603235393,-3.50775408744812,-2.008777379989624,0.0263442348553679,-2.65968918800354
Zfp617,0.085695557296276,0.0555099658668041,-0.6485040783882141,0.9888502385877284,-0.0946258008480072,-0.6485040783882141,0.065782886317668,-2.216799736022949,-0.6485040783882141,0.1784078444289409,-1.7841346263885498
Zfp961,0.0673166662454605,0.0693233385682106,0.0438413955271244,0.7628976596856115,0.8634324669837952,0.0438413955271244,1.0,0.1474535465240478,0.0438413955271244,1.0,0.1244327202439308
Cyp4f18,0.0,0.0,0.0,0.9888502385877284,0.1005259156227111,0.0,1.0,0.0,0.0,1.0,0.0
Olfr373,0.0020493492484092,0.0,-20.96821403503418,0.9888502385877284,0.0342056974768638,-20.96821403503418,0.2942789202292576,-1.4111565351486206,-20.96821403503418,0.5299909986835808,-0.9889487028121948
Olfr374,0.0021381594706326,0.0,-21.029481887817383,0.9888502385877284,0.0342056974768638,-21.029481887817383,0.294555737387739,-1.408652424812317,-21.029481887817383,0.530209076476308,-0.9871938824653624
Tpm4,0.6750739812850952,1.1084401607513428,1.0738444328308103,1.520292788500504e-23,10.31391429901123,1.0738444328308103,1.4889717002092123e-28,11.759553909301758,1.0738444328308103,5.842490615461328e-21,9.985244750976562
Rab8a,0.6471936106681824,0.9753891825675964,0.860175609588623,1.2417274862840864e-14,8.05738353729248,0.860175609588623,1.3089642945282884e-19,9.567493438720703,0.860175609588623,4.0923192013435415e-14,8.049753189086914
Hsh2d,0.0953638851642608,0.1185099706053733,0.3304872512817383,0.1957088949313117,1.800504207611084,0.3304872512817383,0.3233469262750852,1.3404747247695925,0.3304872512817383,0.46051076167381,1.1473150253295898
Cib3,0.0036490915808826,0.0043583870865404,0.2567689120769501,0.9888502385877284,0.2022467851638794,0.2567689120769501,1.0,0.2136768102645874,0.2567689120769501,1.0,0.1784835457801818
Fam32a,0.4262259900569916,0.4927981197834015,0.2610645592212677,0.0817366500036398,2.2265071868896484,0.2610645592212677,0.0717456778963451,2.177877426147461,0.2610645592212677,0.160874673895123,1.83893620967865
Ap1m1,0.2142656147480011,0.263317197561264,0.3341917395591736,0.0122433771893355,2.962601661682129,0.3341917395591736,0.0928884631672456,2.0591955184936523,0.3341917395591736,0.1895743609573793,1.74994695186615
Gm10282,0.0064769382588565,0.0137677378952503,1.093175768852234,0.9888502385877284,0.5710409283638,1.093175768852234,0.3273499821116453,1.3323966264724731,1.093175768852234,0.4321043241756316,1.1956419944763184
Klf2,2.25145959854126,1.9821763038635252,-0.4419112801551819,3.861884020451904e-07,-5.465368270874023,-0.4419112801551819,3.4215891678315355e-08,-5.918392658233643,-0.4419112801551819,1.5420712275725989e-06,-5.231254577636719
Eps15l1,0.1716125905513763,0.1939598172903061,0.1932131946086883,0.13065194310884,2.008427143096924,0.1932131946086883,0.4679991859106411,1.0553991794586182,0.1932131946086883,0.5892346477904191,0.8929245471954346
Calr3,0.0022599869407713,0.0,-21.109514236450195,0.9888502385877284,0.0342056974768638,-21.109514236450195,0.2950667672630976,-1.4063435792922974,-21.109514236450195,0.5306960534645491,-0.9855757355690002
1700030K09Rik,0.0102748684585094,0.0144471619278192,0.4946820139884949,0.9888502385877284,0.4693200886249542,0.4946820139884949,0.6630162462312604,0.6961151361465454,0.4946820139884949,0.7527890615622027,0.5991905927658081
Cherp,0.1571792513132095,0.1390038430690765,-0.1907200217247009,0.6551149503164208,1.0037654638290403,-0.1907200217247009,0.4962402660745415,-0.9527241587638856,-0.1907200217247009,0.6609093502757813,-0.7846308946609497
Slc35e1,0.071715235710144,0.1138499751687049,0.6976462006568909,0.0266906566072389,2.682533264160156,0.6976462006568909,0.0228673908828466,2.6543922424316406,0.6976462006568909,0.0633232078323973,2.293801784515381
Med26,0.0364574417471885,0.0464064069092273,0.355336844921112,0.5654938363365647,1.1241575479507446,0.355336844921112,0.5072687540160513,0.9344863295555116,0.355336844921112,0.6508171608266531,0.7984843254089355
Smim7,0.1934816539287567,0.3247095048427582,0.845696747303009,8.645721478542902e-08,5.737669467926025,0.845696747303009,4.7525053958270003e-07,5.419425487518311,0.845696747303009,2.307646400519026e-05,4.657711029052734
Tmem38a,0.006281638983637,0.0025794792454689,-1.2867333889007568,0.9888502385877284,0.035251285880804,-1.2867333889007568,0.4163165993866887,-1.1591962575912476,-1.2867333889007568,0.5861513092909338,-0.8976219296455383
Sin3b,0.5070841908454895,1.036468267440796,1.4618327617645264,5.0603852775270046e-39,13.346719741821287,1.4618327617645264,2.0419855884570354e-48,15.819310188293455,1.4618327617645264,1.6216872854130828e-36,13.545547485351562
F2rl3,0.0043004294857382,0.0620613694190979,3.893038749694824,0.0484196569753241,2.451084613800049,3.893038749694824,5.033073423459487e-07,5.447647571563721,3.893038749694824,1.0679345224292226e-06,5.334332942962647
Large1,0.0088902842253446,0.0016872424166649,-2.4027621746063232,0.9888502385877284,-0.0980613082647323,-2.4027621746063232,0.1011591774963818,-2.018255710601806,-2.4027621746063232,0.2844374908604827,-1.5024229288101196
Hmgxb4,0.1337524354457855,0.1553376019001007,0.2317873984575271,0.0616597328153239,2.350484132766724,0.2317873984575271,0.4316564511161853,1.1337120532989502,0.2317873984575271,0.5495730833583163,0.9536924362182616
Tom1,0.0225279796868562,0.0415478274226188,0.8968482613563538,0.5910882832390335,1.0891302824020386,0.8968482613563538,0.1142057136811842,1.9584591388702397,0.8968482613563538,0.1950290828758697,1.7336136102676392
Hmox1,0.0059492792934179,0.0587060414254665,3.3409831523895264,0.0488873199362701,2.4472010135650635,3.3409831523895264,2.315306687118628e-06,5.13264274597168,3.3409831523895264,6.610431679365069e-06,4.947502613067627
Mcm5,0.1089990511536598,0.4551719427108764,2.323525667190552,3.681018237058015e-21,9.762813568115234,2.323525667190552,2.2485770322190607e-27,11.738698959350586,2.323525667190552,1.3250177382931076e-24,10.988645553588867
Nr3c2,0.0008510039770044,0.0,-19.69942283630371,0.9888502385877284,0.0673658028244972,-19.69942283630371,0.4679991859106411,-1.0,-19.69942283630371,0.6832027011037286,-0.7008072733879089
Arhgap10,0.0565319396555423,0.1006652116775512,0.8646793365478516,0.0478117579588494,2.4563872814178467,0.8646793365478516,0.009673522621232,2.9671847820281982,0.8646793365478516,0.0296500803982391,2.6109766960144043
Prmt9,0.0903420597314834,0.0931483432650566,0.0461875088512897,0.5751538682195138,1.1115357875823977,0.0461875088512897,1.0,0.1790356934070587,0.0461875088512897,1.0,0.1505069732666015
Tmem184c,0.0850657373666763,0.0587191954255104,-0.5539783835411072,0.9888502385877284,0.2529578506946563,-0.5539783835411072,0.1199134680527427,-1.9331578016281128,-0.5539783835411072,0.2592545025493858,-1.5613279342651367
Rbmxl1,0.2411849498748779,0.3778061270713806,0.7511324286460876,9.30220849801773e-06,4.835699558258057,0.7511324286460876,2.684764988819218e-06,5.074288368225098,0.7511324286460876,7.26304557189715e-05,4.391301155090332
Slc10a7,0.0720688477158546,0.1137872636318206,0.6894508600234985,0.0589197702520849,2.3694539070129395,0.6894508600234985,0.0301656843110685,2.546571493148804,0.6894508600234985,0.0734952945424035,2.226746797561645
Lsm6,0.5883744359016418,0.8685466647148132,0.788285493850708,1.974240181583484e-11,7.06974983215332,0.788285493850708,1.2468327788545817e-15,8.4596529006958,0.788285493850708,1.8640026479787427e-11,7.1756672859191895
Zfp827,0.0518127605319023,0.0490556806325912,-0.0808927863836288,0.9888502385877284,0.5413163304328918,-0.0808927863836288,0.9895644231700168,-0.231037750840187,-0.0808927863836288,1.0,-0.1921484023332595
1700011L22Rik,0.0021045554894953,0.0,-21.0066032409668,0.9888502385877284,0.0342056974768638,-21.0066032409668,0.2958570471937217,-1.4038082361221311,-21.0066032409668,0.5315546076507425,-0.9837990403175354
Mmaa,0.0237630624324083,0.018455633893609,-0.3685015439987182,0.9888502385877284,0.1308479905128479,-0.3685015439987182,0.6661554921881886,-0.6913558840751648,-0.3685015439987182,0.7721749194161216,-0.5704846978187561
Smad1,0.128986194729805,0.0099103627726435,-3.7890238761901855,0.0065829950671574,-3.165595293045044,-3.7890238761901855,3.5483678069363234e-20,-9.69998264312744,-3.7890238761901855,1.0884272116023498e-10,-6.980208873748779
Otud4,0.2025328874588012,0.2486059069633484,0.330187439918518,0.0173171897322561,2.841761589050293,0.330187439918518,0.1134445415126848,1.9609899520874023,0.330187439918518,0.2188251534764564,1.663559079170227
Abce1,0.2973849475383758,0.239065334200859,-0.3588736653327942,0.9888502385877284,-0.3673751652240753,-0.3588736653327942,0.0477028603745394,-2.3576581478118896,-0.3588736653327942,0.1331044708813603,-1.9376307725906368
Anapc10,0.1029221341013908,0.1830807328224182,0.8901265859603882,0.0005599740004117,3.87689471244812,0.8901265859603882,0.0001880426001764,4.112781047821045,0.8901265859603882,0.001457941239408,3.608696699142456
Smarca5,0.7402045726776123,0.918701708316803,0.4580274522304535,0.0001471941579264,4.213424682617188,0.4580274522304535,7.02139782246566e-06,4.867519855499268,0.4580274522304535,0.0002374013417274,4.0992608070373535
Usp38,0.1667004823684692,0.2140457481145858,0.395896315574646,0.0171894550972497,2.8443753719329834,0.395896315574646,0.0781474729323527,2.1398653984069824,0.395896315574646,0.1643668071684384,1.8281691074371336
Inpp4b,0.5250107645988464,0.2102376073598861,-1.561262130737305,1.0407767324110118e-11,-7.162209987640381,-1.561262130737305,5.467657429396142e-26,-11.080044746398926,-1.561262130737305,2.000323874155172e-16,-8.781094551086426
Il15,0.0078666182234883,0.0091279223561286,0.2154540866613388,0.9888502385877284,0.2023961544036865,0.2154540866613388,0.976981549265693,0.2493334710597992,0.2154540866613388,1.0,0.2140674591064453
Zfp330,0.19815593957901,0.3445382416248321,0.908389449119568,1.0508706873355409e-07,5.702866554260254,0.908389449119568,6.972358225209457e-08,5.78410530090332,0.908389449119568,4.194379822892248e-06,5.025345325469971
Rnf150,0.0003030791413038,0.0,-18.20955848693848,0.9888502385877284,0.0673658028244972,-18.20955848693848,0.4679991859106411,-1.0,-18.20955848693848,0.6832027011037286,-0.7008072733879089
Tbc1d9,0.0010645929723978,0.0015084893675521,0.5031224489212036,0.9888502385877284,0.1345822364091873,0.5031224489212036,0.9833039195320388,0.2404222190380096,0.5031224489212036,1.0,0.207346960902214
Elmod2,0.0358061753213405,0.0555479675531387,0.6478748917579651,0.4710466566315446,1.2621005773544312,0.6478748917579651,0.1837197092661687,1.6989712715148926,0.6478748917579651,0.2964081466329613,1.4750503301620483
Clgn,0.0,0.0023346536327153,21.15646171569824,0.9888502385877284,0.2351081520318985,21.15646171569824,0.2942789202292576,1.412150263786316,21.15646171569824,0.3251726996060136,1.412150263786316
Scoc,0.087930791079998,0.1081154644489288,0.3129305839538574,0.3072066778685812,1.543065309524536,0.3129305839538574,0.377851512805929,1.230072021484375,0.3129305839538574,0.5182317387790933,1.0522243976593018
Ndufb7,0.9137172698974608,1.6089125871658323,1.420283317565918,3.13115595998673e-67,17.566268920898438,1.420283317565918,1.530871501104454e-85,21.593164443969727,1.420283317565918,1.3017748412062322e-56,17.535873413085938
Tecr,0.5896495580673218,0.8962410688400269,0.8523138761520386,2.3542146275815178e-12,7.369983196258545,0.8523138761520386,7.812545305395269e-19,9.350603103637695,0.8523138761520386,2.638060422776732e-13,7.795208930969238
Dnajb1,0.2877852618694305,0.3430640995502472,0.2954535782337188,0.0260452501799241,2.6917195320129395,0.2954535782337188,0.1049034088986198,2.001132011413574,0.2954535782337188,0.2026319589417533,1.7088680267333984
Gipc1,0.0875700712203979,0.1105803325772285,0.3534575700759887,0.1665845407790403,1.885645031929016,0.3534575700759887,0.2942789202292576,1.4146723747253418,0.3534575700759887,0.4254331490739402,1.210552215576172
Pkn1,0.4838869869709015,0.5001524686813354,0.0603891015052795,0.807601678283779,0.8109289407730103,0.0603891015052795,0.782912720408422,0.5259057879447937,0.0603891015052795,0.8623366493615252,0.4396320581436157
Ptger1,0.0077207456342875,0.0070221279747784,-0.1373366564512252,0.9888502385877284,0.1359265744686126,-0.1373366564512252,1.0,-0.1515982002019882,-0.1373366564512252,1.0,-0.1274295896291732
Ddx39,0.3957322537899017,0.6409702897071838,0.8878456950187683,7.408695873710567e-11,6.877286911010742,0.8878456950187683,1.069614715864424e-12,7.55619478225708,0.8878456950187683,1.1885891216047326e-09,6.5209641456604
Adgre5,0.3736958503723144,0.743264377117157,1.2832703590393066,2.6307524628111122e-23,10.259617805480955,1.2832703590393066,2.7577985162814955e-26,11.267288208007812,1.2832703590393066,6.697779800101245e-20,9.704667091369627
Adgrl1,0.1093018054962158,0.0619347393512725,-0.8541518449783325,0.9888502385877284,-0.4189077615737915,-0.8541518449783325,0.0037120618998793,-3.276170492172241,-0.8541518449783325,0.0294397387441968,-2.6147916316986084
Asf1b,0.0329342931509017,0.1683326214551925,2.4529590606689453,1.450929562454653e-06,5.212559700012207,2.4529590606689453,2.3894168444192248e-12,7.50428581237793,2.4529590606689453,4.785561738561305e-11,7.062314987182617
Prkaca,0.0936889424920082,0.1298139691352844,0.4970389306545257,0.0543279288389589,2.4029128551483154,0.4970389306545257,0.0928278408512869,2.059861660003662,0.4970389306545257,0.1792499391952912,1.7812340259552002
Samd1,0.1041101366281509,0.1216561719775199,0.2375938296318054,0.1314481060522478,2.005364894866944,0.2375938296318054,0.4679991859106411,1.0358717441558838,0.2375938296318054,0.6014541701407548,0.8729569911956787
1700067K01Rik,0.0012201954377815,0.0007113116444088,-0.7789248824119568,0.9888502385877284,0.1345822364091873,-0.7789248824119568,0.8993890073978295,-0.3603001534938812,-0.7789248824119568,0.9744123043364604,-0.2705645263195038
Misp3,0.0046940157189965,0.0322488918900489,2.800292491912842,0.4003817740870906,1.3757710456848145,2.800292491912842,0.0012678313257049,3.607386350631714,2.800292491912842,0.0026494634556352,3.436630725860596
Palm3,0.0034359316341578,0.0112932436168193,1.7223610877990725,0.9888502385877284,0.4705150425434112,1.7223610877990725,0.1981951134074955,1.6551889181137085,1.7223610877990725,0.2747080794536816,1.5232622623443604
Il27ra,0.5532949566841125,0.2560687065124511,-1.3403377532958984,3.4163842009855906e-12,-7.318151950836182,-1.3403377532958984,8.579836746158763e-24,-10.567742347717283,-1.3403377532958984,3.574033180422787e-15,-8.403252601623535
Rln3,0.0,0.0,0.0,0.9888502385877284,0.1005259156227111,0.0,1.0,0.0,0.0,1.0,0.0
Gm10643,0.0128774801269173,0.0035319107118993,-1.8730798959732056,0.9888502385877284,-0.0648265182971954,-1.8730798959732056,0.0839297972869334,-2.105679512023926,-1.8730798959732056,0.2577093955934885,-1.5666948556900024
Rfx1,0.0851112529635429,0.0902137607336044,0.0877321511507034,0.5624885428333728,1.1278917789459229,0.0877321511507034,0.923155135539536,0.3252682089805603,0.0877321511507034,0.9721628894593932,0.2748921811580658
Dcaf15,0.2174081057310104,0.2414122819900512,0.1690700501203537,0.0964315711333428,2.152195453643799,0.1690700501203537,0.4679991859106411,1.0198750495910645,0.1690700501203537,0.6086402244099517,0.862144410610199
Podnl1,0.0599328428506851,0.1527468115091323,1.417860984802246,0.0004419436460142,3.937837600708008,1.417860984802246,1.4460740736527184e-06,5.211702346801758,1.417860984802246,1.7667014997698754e-05,4.7190046310424805
Cc2d1a,0.0515582337975502,0.0723617300391197,0.5041854977607727,0.2960666784836338,1.5657695531845093,0.5041854977607727,0.2403024536392522,1.5423531532287598,0.5041854977607727,0.3605737275143403,1.332218885421753
4930432K21Rik,0.0168007090687751,0.0024167711380869,-2.8077614307403564,0.9888502385877284,-0.2645340263843536,-2.8077614307403564,0.0070474876881074,-3.070348024368286,-2.8077614307403564,0.0731930182706339,-2.2317559719085693
Nanos3,0.0034838691353797,0.0168684683740139,2.2852377891540527,0.7552682064099425,0.8729174137115479,2.2852377891540527,0.0301445848666602,2.5490550994873047,2.2852377891540527,0.0525598823159267,2.375075340270996
Zswim4,0.0277542378753423,0.0171851385384798,-0.6991991996765137,0.9994412017932364,0.0022405479103326,-0.6991991996765137,0.354505082825013,-1.2761094570159912,-0.6991991996765137,0.5206157981845464,-1.048477053642273
D8Ertd738e,0.8890307545661926,1.2010239362716677,0.6975032687187195,5.194360584911628e-14,7.874480247497559,0.6975032687187195,1.7722357922537026e-17,8.979585647583008,0.6975032687187195,1.995786798503081e-12,7.507757663726807
Mri1,0.3171508908271789,0.3177407681941986,0.0031285681761801,0.3608297713287928,1.4435102939605713,0.0031285681761801,1.0,0.0220487415790557,0.0031285681761801,1.0,0.018398942425847
Ccdc130,0.0645199567079544,0.047201432287693,-0.4635237753391266,0.9888502385877284,0.0624365992844104,-0.4635237753391266,0.2902433978372412,-1.427483320236206,-0.4635237753391266,0.449480867547134,-1.1663081645965576
Cacna1a,0.0344111286103725,0.0305766388773918,-0.1732262969017028,0.9888502385877284,0.3211451768875122,-0.1732262969017028,0.8707994349940406,-0.4017985463142395,-0.1732262969017028,0.9320630439908746,-0.3361544013023376
Ier2,0.9858810305595398,1.2113827466964722,0.4890312552452087,2.8783709926619832e-05,4.592525482177734,0.4890312552452087,8.823626419369919e-08,5.729344367980957,0.4890312552452087,1.4903559202324142e-05,4.755324840545654
Nacc1,0.0844326317310333,0.1522653102874755,0.900610625743866,0.0027734408820878,3.430726766586304,0.900610625743866,0.000744625743765,3.750373601913452,0.900610625743866,0.0041079277970387,3.29793643951416
Trmt1,0.2635475993156433,0.1494506895542144,-0.9035281538963318,0.094629520065344,-2.1613070964813232,-0.9035281538963318,1.19804972290811e-06,-5.22628116607666,-0.9035281538963318,0.0001655663087524,-4.194065093994141
Nfix,0.0833429992198944,0.0080735394731163,-3.4224965572357178,0.1572643335140535,-1.9149962663650515,-3.4224965572357178,1.0465811188647677e-12,-7.532741546630859,-3.4224965572357178,5.891895892901678e-07,-5.454846382141113
Lyl1,0.0,0.0012833982473239,20.292465209960938,0.9888502385877284,0.1678170263767242,20.292465209960938,0.4679991859106411,1.0,20.292465209960938,0.5282133287683867,1.0
G430095P16Rik,0.1148551329970359,0.0557669326663017,-1.0855623483657837,0.5000238672425984,-1.218858003616333,-1.0855623483657837,0.0006875732232586,-3.765423059463501,-1.0855623483657837,0.0096422118230422,-3.0203006267547607
Dand5,0.070695124566555,0.0644031316041946,-0.1390698105096817,0.9888502385877284,0.5858286023139954,-0.1390698105096817,0.8213418222709069,-0.4712171554565429,-0.1390698105096817,0.8949103128821988,-0.3922123312950134
Gadd45gip1,0.4693723022937774,0.552060067653656,0.2987942397594452,0.0525227536471706,2.417177677154541,0.2987942397594452,0.0191771549015401,2.719820261001587,0.2987942397594452,0.0674934483975145,2.2640206813812256
Rad23a,0.3271322548389435,0.3097952008247375,-0.0917280092835426,0.9888502385877284,0.5288439989089966,-0.0917280092835426,0.6925128511949263,-0.653945803642273,-0.0917280092835426,0.790600658195417,-0.5445027947425842
Calr,1.1197607517242432,1.485695481300354,0.7276404500007629,7.386772042755116e-17,8.677193641662598,0.7276404500007629,6.381989948894022e-18,9.121186256408691,0.7276404500007629,2.9386267122905393e-13,7.775572776794434
Farsa,0.2246648669242859,0.2431214600801468,0.1277347356081009,0.1910097783405132,1.8134994506835935,0.1277347356081009,0.6115492796887247,0.7727112174034119,0.1277347356081009,0.7161151844356269,0.6528733968734741
Syce2,0.019145555794239,0.1267176419496536,2.8050758838653564,2.5002973318091697e-05,4.6238932609558105,2.8050758838653564,3.4230950249172127e-11,7.109659671783447,2.8050758838653564,2.928715793441859e-10,6.786394119262695
Gcdh,0.0539655499160289,0.0676349177956581,0.335689902305603,0.3513447033258925,1.460986614227295,0.335689902305603,0.4596469138306143,1.0862066745758057,0.335689902305603,0.5685502932842994,0.923980712890625
Klf1,0.0,0.0020298261661082,20.954389572143555,0.9888502385877284,0.2351081520318985,20.954389572143555,0.3035177658324329,1.3862159252166748,20.954389572143555,0.3348593380721938,1.3862159252166748
Dnase2a,0.0754699483513832,0.1325256377458572,0.8541673421859741,0.0195421530679838,2.798145532608032,0.8541673421859741,0.0047177503030827,3.205329656600952,0.8541673421859741,0.0172831095201792,2.815147399902344
Mast1,0.0020454148761928,0.0014636729611083,-0.4832198321819305,0.9888502385877284,0.1013474464416503,-0.4832198321819305,0.953602783677472,-0.2822891175746918,-0.4832198321819305,1.0,-0.2294615507125854
Rtbdn,0.0,0.0,0.0,0.9888502385877284,0.1005259156227111,0.0,1.0,0.0,0.0,1.0,0.0
Rnaseh2a,0.1347362846136093,0.1927124112844467,0.5592725276947021,0.0018931385082374,3.5424554347991943,0.5592725276947021,0.012316559880841,2.881211996078491,0.5592725276947021,0.0430265317231907,2.459535837173462
Prdx2,0.5361095070838928,0.9977377653121948,1.2712433338165283,5.42639453051124e-29,11.472500801086426,1.2712433338165283,9.21771862552913e-37,13.516704559326172,1.2712433338165283,4.9568074549927335e-27,11.474397659301758
Junb,1.9673603773117063,1.4842783212661743,-0.8504774570465088,5.276324765687624e-27,-11.063974380493164,-0.8504774570465088,4.172869159178955e-23,-10.511740684509276,-0.8504774570465088,8.124029225450888e-18,-9.136537551879885
Hook2,0.0275678522884845,0.0276785176247358,0.0058599510230124,0.9888502385877284,0.4919496178627014,0.0058599510230124,1.0,0.0121655408293008,0.0058599510230124,1.0,0.0101340776309371
Best2,0.0,0.0,0.0,0.9888502385877284,0.1005259156227111,0.0,1.0,0.0,0.0,1.0,0.0
Asna1,0.1126558259129524,0.2189461588859558,1.037443995475769,3.321389752548211e-06,5.046908855438232,1.037443995475769,1.126650285487331e-06,5.255460739135742,1.037443995475769,2.6325430250685424e-05,4.627859115600586
Trir,0.8064148426055908,1.1497548818588257,0.7991254329681396,7.302729934960067e-16,8.406012535095215,0.7991254329681396,7.357442453365654e-22,10.13565158843994,0.7991254329681396,2.438525706204006e-15,8.428106307983398
Tnpo2,0.0868010371923446,0.0991287380456924,0.2006213515996933,0.3867516144065527,1.3984752893447876,0.2006213515996933,0.601875128733262,0.7870789766311646,0.2006213515996933,0.7064212718981301,0.6665319800376892
Fbxw9,0.0130993630737066,0.0068612452596426,-0.9374613165855408,0.9994412017932364,0.0034355067182332,-0.9374613165855408,0.4457581369959776,-1.1095551252365112,-0.9374613165855408,0.5835208843461719,-0.9013966917991638
Gm5741,0.0022309659980237,0.0029436256736516,0.4004397988319397,0.9888502385877284,0.1684892028570175,0.4004397988319397,0.960102544613588,0.2727286219596863,0.4004397988319397,0.9993138973103208,0.2321511358022689
Dhps,0.3035930097103119,0.3091009855270386,0.0301152784377336,0.7033290358579104,0.940955400466919,0.0301152784377336,1.0,0.2079980373382568,0.0301152784377336,1.0,0.1752991378307342
Wdr83,0.1143771186470985,0.1462107002735138,0.377712219953537,0.0385765758102985,2.541378736495972,0.377712219953537,0.1743324781680721,1.73581063747406,0.377712219953537,0.2964055894637788,1.4751406908035278
Wdr83os,0.5278133153915405,0.6337368488311768,0.3476182520389557,0.0176889694736716,2.834218263626098,0.3476182520389557,0.004236635761474,3.237036943435669,0.3476182520389557,0.0225681661189691,2.716870784759521
Man2b1,0.3824998140335083,0.4191976487636566,0.1604073494672775,0.178864664645287,1.84904944896698,0.1604073494672775,0.3759388029720201,1.2338930368423462,0.1604073494672775,0.5242676640731861,1.043098211288452
Cks1brt,0.0011137018445879,0.0025200676172971,1.179113507270813,0.9888502385877284,0.1347316056489944,1.179113507270813,0.7941697818344147,0.5104423761367798,1.179113507270813,0.8410882537869537,0.472046434879303
Vps35,0.2469105422496795,0.2351016700267791,-0.0795636624097824,0.3616083848721548,1.4420912265777588,-0.0795636624097824,0.7971224821297432,-0.5057602524757385,-0.0795636624097824,0.8783364200985164,-0.4171057641506195
Orc6,0.1167812719941139,0.3234221339225769,1.6241317987442017,3.0735234495689844e-12,7.3330888748168945,1.6241317987442017,3.0242072259851642e-15,8.401422500610352,1.6241317987442017,1.2240836853226874e-12,7.582963943481445
Mylk3,0.0,0.0,0.0,0.9888502385877284,0.1005259156227111,0.0,1.0,0.0,0.0,1.0,0.0
4921524J17Rik,0.2096375823020935,0.328497976064682,0.7375667095184326,9.911381357452807e-06,4.822779178619385,0.7375667095184326,2.2640917879559783e-05,4.613672733306885,0.7375667095184326,0.0003666686976912,3.987608194351196
Gpt2,0.002017319202423,0.0,-20.945463180541992,0.9888502385877284,0.0342056974768638,-20.945463180541992,0.2945192984251671,-1.409524917602539,-20.945463180541992,0.530209076476308,-0.9878053069114684
Dnaja2,0.6507298946380615,0.7843156456947327,0.3771625161170959,0.0191096531373503,2.806211471557617,0.3771625161170959,0.0002618364845942,4.023087024688721,0.3771625161170959,0.0034575939836423,3.3520309925079346
Neto2,0.0094877798110246,0.006763509940356,-0.49026620388031,0.9888502385877284,0.2691644728183746,-0.49026620388031,0.7047705630813275,-0.6367406249046326,-0.49026620388031,0.8209965052345998,-0.5000790357589722
Itfg1,0.1616727262735366,0.1793800443410873,0.1630787849426269,0.120692729443138,2.047935485839844,0.1630787849426269,0.5688241234799969,0.8377586603164673,0.1630787849426269,0.6832027011037286,0.7057284116744995
Phkb,0.07913588732481,0.0650661885738372,-0.2926953434944153,0.9888502385877284,0.3281655609607696,-0.2926953434944153,0.4679991859106411,-1.0077370405197144,-0.2926953434944153,0.6286539670281368,-0.8309052586555481
Lonp2,0.304679661989212,0.2615505158901214,-0.2527804970741272,0.9888502385877284,-0.0687101334333419,-0.2527804970741272,0.1988124831846276,-1.6524689197540283,-0.2527804970741272,0.3408502610620466,-1.372952938079834
Siah1a,0.2152414619922638,0.0974484086036682,-1.2304282188415527,0.056335230006724,-2.388349294662476,-1.2304282188415527,8.506622218120275e-09,-6.132321357727051,-1.2304282188415527,1.1088136849114676e-05,-4.8267693519592285
N4bp1,0.1399168074131012,0.5719866156578064,2.361521482467652,5.0862456559966224e-37,12.995551109313965,2.361521482467652,6.772655895736744e-41,14.723427772521973,2.361521482467652,4.918061204834851e-36,13.547062873840332
Cbln1,0.0,0.0,0.0,0.9888502385877284,0.1005259156227111,0.0,1.0,0.0,0.0,1.0,0.0
Cnep1r1,0.1092206090688705,0.1772385537624359,0.7486827373504639,0.0007860711461086,3.785778999328613,0.7486827373504639,0.0014762370029357,3.5548737049102783,0.7486827373504639,0.0083809437451417,3.06646728515625
Heatr3,0.1056634485721588,0.0729594379663467,-0.5582520365715027,0.9888502385877284,0.0991815850138664,-0.5582520365715027,0.0677262993865163,-2.203392505645752,-0.5582520365715027,0.1784078444289409,-1.7839831113815308
Tent4b,0.1443230062723159,0.1753848642110824,0.3042261898517608,0.0742744908160604,2.27012300491333,0.3042261898517608,0.239031547097715,1.545460224151611,0.3042261898517608,0.3685305078859567,1.3169045448303225
Adcy7,0.605420708656311,0.6341224312782288,0.0896523371338844,0.9271954257728864,0.6629034280776978,0.0896523371338844,0.5669299608201953,0.8407046794891357,0.0896523371338844,0.6832027011037286,0.7080038189888
Brd7,0.4257436394691467,0.3555439710617065,-0.3138837814331054,0.5127421118950183,-1.199365258216858,-0.3138837814331054,0.0390202875571565,-2.440232276916504,-0.3138837814331054,0.1157002745174869,-2.0107479095458984
Nkd1,0.0,0.0012640638742595,20.270551681518555,0.9888502385877284,0.1678170263767242,20.270551681518555,0.4679991859106411,1.0,20.270551681518555,0.5282133287683867,1.0
Snx20,0.2109007239341735,0.2703360617160797,0.4027811586856842,0.0071685889347125,3.139007568359375,0.4027811586856842,0.0346121979200973,2.49068546295166,0.4027811586856842,0.0916777132012934,2.123265504837036
Nod2,0.0034662894904613,0.0016323714517056,-1.0877456665039062,0.9888502385877284,0.0681126564741134,-1.0877456665039062,0.6535512257566363,-0.7098982930183411,-1.0877456665039062,0.7813844007578714,-0.5573320984840393
Cyld,0.5771428942680359,0.441352516412735,-0.4932266175746918,0.0039712660657732,-3.322359085083008,-0.4932266175746918,0.0001051422991733,-4.250533580780029,-0.4932266175746918,0.0020344977373595,-3.5124144554138184
Chd9,0.2505453824996948,0.2098988145589828,-0.2858222126960754,0.9888502385877284,0.2889559864997864,-0.2858222126960754,0.1816159260990575,-1.7063274383544922,-0.2858222126960754,0.3282531776005298,-1.4030004739761353
Rbl2,0.189929649233818,0.3556574285030365,1.0299983024597168,4.3192240728526827e-10,6.610960483551025,1.0299983024597168,1.7161754271014415e-09,6.428714752197266,1.0299983024597168,2.231193822205471e-07,5.605686187744141
Aktip,0.0580908358097076,0.0355193205177784,-0.7261154651641846,0.9888502385877284,-0.0539225190877914,-0.7261154651641846,0.0921778904974698,-2.062661409378052,-0.7261154651641846,0.2218939344235437,-1.655652642250061
Rpgrip1l,0.0180425830185413,0.0208694096654653,0.2120296508073806,0.9888502385877284,0.4979991018772125,0.2120296508073806,0.8812172599855219,0.3872794210910797,0.2120296508073806,0.9371710446124436,0.328420490026474
Fto,0.2553317248821258,0.1246554777026176,-1.1316722631454468,0.0246232490342945,-2.712407112121582,-1.1316722631454468,7.848489795899137e-09,-6.147395133972168,-1.1316722631454468,8.30661677247488e-06,-4.887536525726318
Lpcat2,0.0,0.0,0.0,0.9888502385877284,0.1005259156227111,0.0,1.0,0.0,0.0,1.0,0.0
Gnao1,0.0,0.0,0.0,0.9888502385877284,0.1005259156227111,0.0,1.0,0.0,0.0,1.0,0.0
Amfr,0.1772010922431945,0.3275381028652191,0.9992763996124268,1.3394802549086926e-08,6.059113502502441,0.9992763996124268,7.677024402399179e-09,6.175803184509277,0.9992763996124268,7.08263725870441e-07,5.38412618637085
Nudt21,0.4675926864147186,0.8339618444442749,1.1274571418762207,3.6485285837606037e-20,9.521805763244627,1.1274571418762207,2.794514443454304e-26,11.245670318603516,1.1274571418762207,1.86631806787038e-19,9.587112426757812
Ogfod1,0.0315484888851642,0.0350449234247207,0.1541706323623657,0.8629757172805554,0.7448328137397766,0.1541706323623657,0.8977358500536899,0.3625851571559906,0.1541706323623657,0.9535404842398074,0.3031014502048492
Bbs2,0.0159948710352182,0.0074586416594684,-1.1067942380905151,0.9888502385877284,-0.0978372544050216,-1.1067942380905151,0.2562148208410238,-1.5035220384597778,-1.1067942380905151,0.4332831844433266,-1.1936088800430298
Mt4,0.0,0.0,0.0,0.9888502385877284,0.1005259156227111,0.0,1.0,0.0,0.0,1.0,0.0
Mt3,0.0081352982670068,0.1596337854862213,4.405237197875977,2.4574597366269236e-08,5.956272125244141,4.405237197875977,3.824933138744214e-18,9.384406089782717,4.405237197875977,1.5250353935457993e-17,9.213672637939451
Mt2,0.0101273227483034,0.3074705898761749,5.144283771514893,5.026271066010572e-21,9.730549812316896,5.144283771514893,2.230410977372954e-31,12.91312026977539,5.144283771514893,7.588130360592755e-31,12.771408081054688
Mt1,0.0539480410516262,0.7920746207237244,4.445782661437988,4.157901361499779e-60,16.6015625,4.445782661437988,1.5692355908231156e-61,19.59297752380371,4.445782661437988,1.5264467765655035e-60,19.187265396118164
Nup93,0.0662943497300148,0.1335157603025436,1.0593496561050415,0.0010193439851753,3.715799331665039,1.0593496561050415,0.0001426870164952,4.182612895965576,1.0593496561050415,0.0011528349345407,3.67644476890564
Slc12a3,0.0033438999671489,0.0037179319187998,0.1532385498285293,0.9888502385877284,0.1351797133684158,0.1532385498285293,1.0,0.114600270986557,0.1532385498285293,1.0,0.0981655344367027
Herpud1,0.2117458134889602,0.2934193909168243,0.5320231914520264,0.0005771293308379,3.869276762008667,0.5320231914520264,0.0040939887571382,3.248619079589844,0.5320231914520264,0.0188032971167586,2.784451723098755
Nlrc5,0.3486018776893616,0.5166372656822205,0.6974948644638062,8.266744102234716e-07,5.321375846862793,0.6974948644638062,3.420656698715851e-07,5.481286525726318,0.6974948644638062,1.9629929505560623e-05,4.693143367767334
Cpne2,0.0056012580171227,0.0073180552572011,0.3869491517543793,0.9888502385877284,0.2371246516704559,0.3869491517543793,0.8723653917540011,0.3993886113166809,0.3869491517543793,0.925555413492699,0.3469115495681762
Fam192a,0.2210827618837356,0.3226470947265625,0.6219490170478821,3.28443258176176e-05,4.563024997711182,0.6219490170478821,0.0002498222240916,4.037893295288086,0.6219490170478821,0.0023928556430331,3.463214635848999
Rspry1,0.2262030690908432,0.1819728463888168,-0.3468852341175079,0.9888502385877284,-0.0474996156990528,-0.3468852341175079,0.1112504512014588,-1.9705607891082764,-0.3468852341175079,0.2344704048800204,-1.6227266788482666
Arl2bp,0.4093125462532043,0.505482017993927,0.3790983259677887,0.0102197081174861,3.023021936416626,0.3790983259677887,0.0054815618590716,3.154715061187744,0.3790983259677887,0.0254478791727182,2.670941114425659
Pllp,0.0011955248191952,0.0,-20.19007682800293,0.9888502385877284,0.0673658028244972,-20.19007682800293,0.4679991859106411,-1.0,-20.19007682800293,0.6832027011037286,-0.7008072733879089
Ccl17,0.0,0.0057455734349787,22.458166122436523,0.9888502385877284,0.2351081520318985,22.458166122436523,0.3512722037319553,1.2838925123214722,22.458166122436523,0.3865211335574033,1.2838925123214722
Ciapin1,0.1450620889663696,0.4145831167697906,1.7184617519378662,2.265718327803504e-18,9.072949409484863,1.7184617519378662,3.6027304842483345e-22,10.345579147338867,1.7184617519378662,1.6003237810945989e-18,9.349913597106934
Coq9,0.0925467610359191,0.1507340222597122,0.7465744614601135,0.0080982084044336,3.099499225616455,0.7465744614601135,0.0042629473290917,3.2371857166290283,0.7465744614601135,0.0167120493924274,2.8271849155426025
Polr2c,0.332123339176178,0.4378766715526581,0.4799731075763702,0.001572914003482,3.5951831340789795,0.4799731075763702,0.000742370225586,3.7486047744750977,0.4799731075763702,0.0057401485526573,3.1909241676330566
Dok4,0.002060298109427,0.0028217118233442,0.4542669057846069,0.9888502385877284,0.1684892028570175,0.4542669057846069,0.938376219696432,0.3044885993003845,0.4542669057846069,0.9803419506955852,0.2619341909885406
Ccdc102a,0.0638628005981445,0.046670626848936,-0.4649768769741058,0.9888502385877284,0.2679695188999176,-0.4649768769741058,0.2992590363353403,-1.395248532295227,-0.4649768769741058,0.4659027088271907,-1.1384327411651611
Adgrg5,0.1773295402526855,0.0264808107167482,-2.8540756702423096,0.0006665841517488,-3.831411600112915,-2.8540756702423096,8.478469666925829e-22,-10.088274955749512,-2.8540756702423096,5.504143068431237e-12,-7.429300308227539
Adgrg1,0.0016571846790611,0.0810641050338745,5.669930934906006,0.0043585855461974,3.294053316116333,5.669930934906006,1.6808225837980603e-09,6.498694896697998,5.669930934906006,2.8900310824292107e-09,6.437639236450195
Adgrg3,0.020402442663908,0.0,-24.29698181152344,0.9888502385877284,-0.4963560402393341,-24.29698181152344,0.0001088186803771,-4.24617862701416,-24.29698181152344,0.0112196230633605,-2.97575306892395
Katnb1,0.0352967269718647,0.0835280269384384,1.2778618335723877,0.0279922136209111,2.664459466934204,1.2778618335723877,0.0005845689759022,3.818599224090576,1.2778618335723877,0.0026864385600479,3.4280593395233154
Kifc3,0.0071338484995067,0.0,-22.771398544311523,0.9888502385877284,-0.1315948367118835,-22.771398544311523,0.023638447680738,-2.641658067703247,-22.771398544311523,0.1579561873938245,-1.8512932062149048
Tepp,0.0,0.0,0.0,0.9888502385877284,0.1005259156227111,0.0,1.0,0.0,0.0,1.0,0.0
Zfp319,0.0489650256931781,0.0506853610277175,0.0510688386857509,0.7282616066666815,0.9065256714820862,0.0510688386857509,1.0,0.1475719809532165,0.0510688386857509,1.0,0.1240792199969291
Usb1,0.041938591748476,0.0757498890161514,0.8775944709777832,0.1910097783405132,1.8134994506835935,0.8775944709777832,0.0292966174168735,2.558491468429565,0.8775944709777832,0.0674934483975145,2.263957262039185
Mmp15,0.0128561751917004,0.0005397105123847,-4.583023548126221,0.9888502385877284,-0.1977656930685043,-4.583023548126221,0.0055181087374461,-3.152707099914551,-4.583023548126221,0.0751459732238689,-2.220248222351074
Cfap20,0.1215896010398864,0.2139706760644912,0.8838947415351868,3.3584997917214644e-05,4.5578718185424805,0.8838947415351868,5.171831448581429e-05,4.425050258636475,0.8838947415351868,0.0006251034608174,3.8441529273986816
Csnk2a2,0.2646777331829071,0.4133529365062713,0.756431519985199,1.016251492473234e-07,5.709065437316895,0.756431519985199,2.907879853105394e-07,5.511855125427246,0.756431519985199,1.800534061069862e-05,4.712067127227783
Gins3,0.0235999356955289,0.0391060411930084,0.7398523092269897,0.3781051037671474,1.412590742111206,0.7398523092269897,0.1774419195202886,1.7206367254257202,0.7398523092269897,0.2954985543502492,1.477112889289856
Ndrg4,0.0,0.0006399056292138,19.2879638671875,0.9888502385877284,0.1678170263767242,19.2879638671875,0.4679991859106411,1.0,19.2879638671875,0.5282133287683867,1.0
Setd6,0.0779834613204002,0.0732470452785492,-0.0938571989536285,0.6501411493631539,1.011383295059204,-0.0938571989536285,0.9084331667545574,-0.3466612100601196,-0.0938571989536285,0.963912608898106,-0.286413699388504
Cnot1,0.456238329410553,0.4477587938308716,-0.0336417667567729,0.9888502385877284,0.3318998217582702,-0.0336417667567729,0.9563257349745732,-0.2787993252277374,-0.0336417667567729,0.9993138973103208,-0.2323106080293655
Sap18b,0.0231805238872766,0.0449999123811721,0.9728378057479858,0.395819235514144,1.3836129903793335,0.9728378057479858,0.067121789367127,2.20914363861084,0.9728378057479858,0.127084594008374,1.962201476097107
Slc38a7,0.0127054899930953,0.0075202933512628,-0.7603378891944885,0.9888502385877284,0.1345822364091873,-0.7603378891944885,0.4679991859106411,-1.0412951707839966,-0.7603378891944885,0.6363358584640213,-0.8195191025733948
Got2,0.2310521304607391,0.4322188198566437,1.0566593408584597,8.341750073254223e-11,6.859885215759277,1.0566593408584597,2.861124257653181e-12,7.419558525085449,1.0566593408584597,1.680167738532512e-09,6.463830471038818
Cdh11,0.0034339651465415,0.0,-21.71392250061035,0.9994412017932364,0.0010455889860168,-21.71392250061035,0.1750730072300931,-1.7322700023651123,-21.71392250061035,0.4247033279437463,-1.2139873504638672
Cdh5,0.0,0.0,0.0,0.9888502385877284,0.1005259156227111,0.0,1.0,0.0,0.0,1.0,0.0
Bean1,0.0030340049415826,0.0,-21.53498077392578,0.9994412017932364,0.0010455889860168,-21.53498077392578,0.1749983540782809,-1.7335031032562256,-21.53498077392578,0.4247033279437463,-1.2148514986038208
Tk2,0.1378079652786255,0.0719579830765724,-0.985763430595398,0.5866412128021228,-1.0953291654586792,-0.985763430595398,0.0002646331922445,-4.017730712890625,-0.985763430595398,0.0055375435780119,-3.204717874526977
Cklf,0.2954620122909546,0.3646503984928131,0.3561904728412628,0.0038781574509659,3.3298275470733643,0.3561904728412628,0.0314865069594536,2.5287625789642334,0.3561904728412628,0.0887041744242328,2.1385645866394043
Cmtm3,0.0044664363376796,0.0670179426670074,3.9527409076690674,0.0243363228810055,2.716963052749634,3.9527409076690674,8.53162412991441e-08,5.791012287139893,3.9527409076690674,1.9570968033736057e-07,5.666830062866211
Cmtm4,0.0110074467957019,0.1334423273801803,3.689045667648315,4.366668347929366e-07,5.442514896392822,3.689045667648315,3.3469134213403425e-15,8.47192668914795,3.689045667648315,2.1464758282751262e-14,8.224977493286133
Dync1li2,0.1116453185677528,0.2709985971450805,1.3979744911193848,7.587855132569552e-09,6.154336929321289,1.3979744911193848,4.4201105824240365e-11,7.02842903137207,1.3979744911193848,4.24715348910933e-09,6.312873363494873
Terb1,0.0,0.0,0.0,0.9888502385877284,0.1005259156227111,0.0,1.0,0.0,0.0,1.0,0.0
Nae1,0.2675709426403045,0.2664496600627899,-0.006903342436999,0.5459189791077901,1.151716232299805,-0.006903342436999,1.0,-0.0447063036262989,-0.006903342436999,1.0,-0.0375033169984817
Car7,0.0257950257509946,0.0069549260661005,-1.9046131372451784,0.9888502385877284,-0.3338416218757629,-1.9046131372451784,0.0079847751981229,-3.0275025367736816,-1.9046131372451784,0.0656949453000111,-2.279151201248169
Pdp2,0.0727868527173996,0.0349995680153369,-1.083843231201172,0.9888502385877284,-0.5055422782897949,-1.083843231201172,0.0044492991470876,-3.219930410385132,-1.083843231201172,0.0360434536949448,-2.535126209259033
Rrad,0.1547702401876449,0.0708875730633735,-1.1881694793701172,0.3953381303739801,-1.3848079442977903,-1.1881694793701172,3.5174385704052963e-06,-5.0060715675354,-1.1881694793701172,0.0004293917111638,-3.950730800628662
Ciao2b,0.2786576151847839,0.4127669930458069,0.6691360473632812,4.65227982680408e-06,4.978497505187988,0.6691360473632812,3.7362960162899246e-06,5.003082752227783,0.6691360473632812,0.0001207517780506,4.2680768966674805
Ces2b,0.0,0.0,0.0,0.9888502385877284,0.1005259156227111,0.0,1.0,0.0,0.0,1.0,0.0
Ces2c,0.0014735431177541,0.0,-20.49192237854004,0.9888502385877284,0.0673658028244972,-20.49192237854004,0.4679991859106411,-1.0,-20.49192237854004,0.6832027011037286,-0.7008072733879089
Cbfb,0.271556943655014,0.4453232586383819,0.8464154005050659,6.37119182677881e-08,5.790770530700684,0.8464154005050659,1.2148200549095312e-08,6.092825412750244,0.8464154005050659,1.332282116280965e-06,5.2600626945495605
D230025D16Rik,0.0454177111387252,0.0635554119944572,0.4979625046253204,0.3673405198405683,1.4320834875106812,0.4979625046253204,0.2680253270622747,1.477370262145996,0.4979625046253204,0.3930711607398008,1.2711480855941772
B3gnt9,0.0036681923083961,0.0101535161957144,1.473521709442139,0.9888502385877284,0.4034479856491089,1.473521709442139,0.3070191110876807,1.3766759634017944,1.473521709442139,0.4040087959925333,1.2511042356491089
Tradd,0.1852805018424987,0.2812255322933197,0.6739142537117004,0.000177974793654,4.166074752807617,0.6739142537117004,0.0002042480853565,4.089428901672363,0.6739142537117004,0.0019425934285303,3.524780035018921
Fbxl8,0.0616338215768337,0.1382873356342315,1.2220896482467651,0.0017159832406559,3.5705370903015137,1.2220896482467651,2.242278836645108e-05,4.621468544006348,1.2220896482467651,0.000211841980146,4.129089832305908
Hsf4,0.0063998894765973,0.0291968528181314,2.2061870098114014,0.5775549210686245,1.1069799661636353,2.2061870098114014,0.0078499776755267,3.0411489009857178,2.2061870098114014,0.0151214103637399,2.864912986755371
Nol3,0.0,0.0021478391718119,21.0360050201416,0.9888502385877284,0.1678170263767242,21.0360050201416,0.4679991859106411,1.0,21.0360050201416,0.5282133287683867,1.0
4931428F04Rik,0.0160140469670295,0.014597600325942,-0.1346310675144195,0.9888502385877284,0.2004543393850326,-0.1346310675144195,0.9965775481779644,-0.2204978317022323,-0.1346310675144195,1.0,-0.1833692193031311
Exoc3l,0.0033964277245104,0.0007113116444088,-2.2574005126953125,0.9888502385877284,0.0681126564741134,-2.2574005126953125,0.3489154958035421,-1.287743330001831,-2.2574005126953125,0.5646324367940916,-0.9304296374320984
E2f4,0.2151236236095428,0.3160849511623382,0.631194531917572,6.28569431637943e-05,4.415298461914063,0.631194531917572,0.0001675937507579,4.138940811157227,0.631194531917572,0.001846634313689,3.5396182537078857
Elmo3,0.0126224271953105,0.0046218489296734,-1.4552265405654907,0.9888502385877284,-0.0648265182971954,-1.4552265405654907,0.1824493605006482,-1.7032175064086914,-1.4552265405654907,0.3719307575740677,-1.3107407093048096
Lrrc29,0.0140857165679335,0.0124170565977692,-0.1831160485744476,0.9888502385877284,0.2676707804203033,-0.1831160485744476,0.951190828321704,-0.2860566675662994,-0.1831160485744476,0.9980406200552582,-0.2342790216207504
Tmem208,0.3612207770347595,0.5289409160614014,0.6801543831825256,1.0011274792709771e-06,5.2849297523498535,0.6801543831825256,1.9697622877341806e-07,5.585515022277832,0.6801543831825256,1.388611965781447e-05,4.769443511962891
Fhod1,0.0458161793649196,0.0486848913133144,0.0897026136517524,0.8590118571013784,0.7490898370742798,0.0897026136517524,0.976981549265693,0.2493708729743957,0.0897026136517524,1.0,0.2116117179393768
Slc9a5,0.0022634144406765,0.0039163148030638,0.7921887040138245,0.9888502385877284,0.2356309443712234,0.7921887040138245,0.7345910502228518,0.5941140651702881,0.7921887040138245,0.8122561775732516,0.5126694440841675
Plekhg4,0.0,0.0,0.0,0.9888502385877284,0.1005259156227111,0.0,1.0,0.0,0.0,1.0,0.0
Tppp3,0.001912738662213,0.0042092478834092,1.1395797729492188,0.9888502385877284,0.169086679816246,1.1395797729492188,0.6582409222886504,0.70316481590271,1.1395797729492188,0.7192820826872552,0.648003339767456
Zdhhc1,0.0107131898403167,0.0076366169378161,-0.4906049966812134,0.9888502385877284,0.1023930385708808,-0.4906049966812134,0.7097474153142167,-0.6294962167739868,-0.4906049966812134,0.8147165014770186,-0.5093383193016052
Hsd11b2,0.0,0.0,0.0,0.9888502385877284,0.1005259156227111,0.0,1.0,0.0,0.0,1.0,0.0
Atp6v0d1,0.1756320297718048,0.2947914004325866,0.8364601135253906,2.403466686580188e-06,5.111884593963623,0.8364601135253906,5.979729016268794e-06,4.906823635101318,0.8364601135253906,0.0001249356691696,4.259529113769531
Agrp,0.0182420071214437,0.0194147229194641,0.0907352715730667,0.9888502385877284,0.2980675399303436,0.0907352715730667,1.0,0.1588679552078247,0.0907352715730667,1.0,0.1346143633127212
Ripor1,0.0688776671886444,0.0419179424643516,-0.7360952496528625,0.9888502385877284,-0.2931383550167084,-0.7360952496528625,0.0661274637717088,-2.214082956314087,-0.7360952496528625,0.1758602809154378,-1.791784644126892
Ctcf,0.6951388716697693,0.7547904849052429,0.1669586300849914,0.5398966116597447,1.160827875137329,0.1669586300849914,0.1750730072300931,1.7315369844436646,0.1669586300849914,0.3089948504312526,1.4472055435180664
Carmil2,0.0894644781947135,0.066841535270214,-0.4371017217636108,0.9888502385877284,0.3324226140975952,-0.4371017217636108,0.2309073589876923,-1.5656287670135498,-0.4371017217636108,0.3917674455767792,-1.2738776206970217
Acd,0.0907918661832809,0.2384358197450637,1.5023887157440186,6.716500182493696e-10,6.541503429412842,1.5023887157440186,6.815079778684831e-12,7.307560443878174,1.5023887157440186,1.2212541472842306e-09,6.519691467285156
Pard6a,0.0375452563166618,0.0943208932876586,1.3703516721725464,0.0124314462392248,2.9572243690490723,1.3703516721725464,0.0002028154054775,4.096889019012451,1.3703516721725464,0.0011092639245899,3.688301086425781
Enkd1,0.0068580470979213,0.0360900498926639,2.416893243789673,0.3796711830293222,1.4097527265548706,2.416893243789673,0.0023452110132307,3.4273712635040283,2.416893243789673,0.0045117095428374,3.273205518722534
Gfod2,0.034707635641098,0.0125894974917173,-1.4790499210357666,0.9888502385877284,-0.242277905344963,-1.4790499210357666,0.0108097132736607,-2.925063371658325,-1.4790499210357666,0.0752423888434826,-2.2173938751220703
Ranbp10,0.1378471255302429,0.112000860273838,-0.3185915648937225,0.9888502385877284,0.4227166771888733,-0.3185915648937225,0.2884205946248138,-1.4314137697219849,-0.3185915648937225,0.4446908779082169,-1.1739033460617063
Tsnaxip1,0.001226914464496,0.0,-20.227489471435547,0.9888502385877284,0.0673658028244972,-20.227489471435547,0.4679991859106411,-1.0,-20.227489471435547,0.6832027011037286,-0.7008072733879089
Cenpt,0.0218626093119382,0.0323302447795867,0.5720036625862122,0.6430524896570217,1.0201960802078247,0.5720036625862122,0.3668247670034728,1.2520633935928345,0.5720036625862122,0.5027448715015821,1.0776304006576538
Thap11,0.1350872069597244,0.1370000541210174,0.0216964595019817,0.4990663950652305,1.2205758094787598,0.0216964595019817,1.0,0.1003823429346084,0.0216964595019817,1.0,0.0846955552697181
Nutf2,0.0,0.0019657523371279,20.908069610595703,0.9888502385877284,0.1678170263767242,20.908069610595703,0.4679991859106411,1.0,20.908069610595703,0.5282133287683867,1.0
Edc4,0.089946299791336,0.1090220585465431,0.291472852230072,0.3243770666905334,1.5103533267974854,0.291472852230072,0.4419897563280521,1.1158682107925415,0.291472852230072,0.547026805124487,0.957401692867279
Nrn1l,0.0011369575513526,0.0019745433237403,0.7969444990158081,0.9888502385877284,0.1345822364091873,0.7969444990158081,0.8940069343448397,0.3676064610481262,0.7969444990158081,0.9375674180435472,0.3277512192726135
Pskh1,0.0699595585465431,0.046364102512598,-0.6106985211372375,0.9888502385877284,0.1009740233421325,-0.6106985211372375,0.1218110262836019,-1.9250333309173584,-0.6106985211372375,0.2647427976337842,-1.5469449758529663
Ctrl,0.0057464647106826,0.0043055997230112,-0.4175006151199341,0.9888502385877284,0.0690088719129562,-0.4175006151199341,0.8990102719614306,-0.3608081340789795,-0.4175006151199341,0.9547117264685778,-0.3015280365943908
Psmb10,0.9669214487075806,1.2988888025283811,0.7095286250114441,5.404768377584425e-14,7.8692522048950195,0.7095286250114441,1.2937161734586668e-18,9.286418914794922,0.7095286250114441,5.172660903290997e-13,7.702291011810303
Lcat,0.0019683314021676,0.0,-20.909961700439453,0.9888502385877284,0.0342056974768638,-20.909961700439453,0.2942789202292576,-1.4112526178359983,-20.909961700439453,0.5299909986835808,-0.9890161156654358
Slc12a4,0.0185304246842861,0.0377645194530487,1.0410749912261963,0.4529933991521538,1.2918999195098877,1.0410749912261963,0.0747030304948222,2.1605074405670166,1.0410749912261963,0.1404255215078518,1.9098093509674072
Dpep2,0.0,0.0036411769688129,21.79860115051269,0.9888502385877284,0.2351081520318985,21.79860115051269,0.2951450859767726,1.4070677757263184,21.79860115051269,0.3266803404885604,1.4070677757263184
Dus2,0.0863666757941246,0.1901805847883224,1.215434432029724,1.5920589013849125e-05,4.722850799560547,1.215434432029724,5.072740528337787e-07,5.415759086608887,1.215434432029724,1.093216234451396e-05,4.823044776916504
Ddx28,0.054761167615652,0.2488845884799957,2.327823638916016,1.0668442209133016e-12,7.47730541229248,2.327823638916016,1.4400011529095888e-18,9.424543380737305,2.327823638916016,1.8375690045429483e-16,8.798233985900879
Nfatc3,0.5518786907196045,0.6049232482910156,0.1743324697017669,0.2691708910340003,1.623276948928833,0.1743324697017669,0.2311493337273247,1.5649551153182983,0.1743324697017669,0.3687627090988712,1.3164159059524536
Esrp2,0.0,0.0,0.0,0.9888502385877284,0.1005259156227111,0.0,1.0,0.0,0.0,1.0,0.0
Pla2g15,0.0045781177468597,0.0115642687305808,1.3418935537338257,0.9888502385877284,0.5708168745040894,1.3418935537338257,0.261896660521861,1.491297960281372,1.3418935537338257,0.3592533759015203,1.3354054689407349
Slc7a6,0.0429173372685909,0.0779574438929557,0.8866567611694336,0.0771300389292223,2.253393650054932,0.8866567611694336,0.0193487363246434,2.718266010284424,0.8866567611694336,0.051181898614375,2.385678768157959
Slc7a6os,0.1492924839258194,0.1624618619680404,0.1317057907581329,0.1374324761876645,1.9833329916000368,0.1317057907581329,0.7017405724041824,0.640734851360321,0.1317057907581329,0.795246326002004,0.5381097197532654
Prmt7,0.135765716433525,0.1355030089616775,-0.0029880714137107,0.476033957307459,1.2544080018997192,-0.0029880714137107,1.0,-0.0141531629487872,-0.0029880714137107,1.0,-0.0118636433035135
Smpd3,0.0,0.0,0.0,0.9888502385877284,0.1005259156227111,0.0,1.0,0.0,0.0,1.0,0.0
Zfp90,0.0314505621790885,0.0267751943320035,-0.2355779409408569,0.9888502385877284,0.2546755969524383,-0.2355779409408569,0.7931250905570699,-0.5117908120155334,-0.2355779409408569,0.8728058716523617,-0.4245476424694061
Cdh1,0.0019396358402445,0.0,-20.88875389099121,0.9888502385877284,0.0342056974768638,-20.88875389099121,0.2945464352231635,-1.4088066816329956,-20.88875389099121,0.530209076476308,-0.9873020052909852
Tango6,0.0560025162994861,0.0359645374119281,-0.6534818410873413,0.9888502385877284,0.0318157784640789,-0.6534818410873413,0.1653897771127893,-1.764701008796692,-0.6534818410873413,0.3180291141065998,-1.428494930267334
Has3,0.0009334809728898,0.0,-19.832935333251957,0.9888502385877284,0.0673658028244972,-19.832935333251957,0.4679991859106411,-1.0,-19.832935333251957,0.6832027011037286,-0.7008072733879089
Chtf8,0.0100918877869844,0.0172500647604465,0.778580904006958,0.947781126869644,0.6355687379837036,0.778580904006958,0.4204165984659854,1.152524471282959,0.778580904006958,0.5299909986835808,0.9938472509384156
Gm50241,0.0011146755423396,0.0019068075343966,0.7751063108444214,0.9888502385877284,0.1345822364091873,0.7751063108444214,0.9006859702982649,0.3586394488811493,0.7751063108444214,0.9429644928741376,0.3190090358257293
Utp4,0.0898808911442756,0.1019219979643821,0.1902035027742386,0.2733977912819473,1.6137171983718872,0.1902035027742386,0.6173311994870454,0.7642017602920532,0.1902035027742386,0.7204581930413778,0.6461970210075378
Sntb2,0.0891536846756935,0.2953106462955475,1.881338715553284,4.705774447920486e-13,7.587092399597168,1.881338715553284,5.697216722807964e-17,8.935330390930176,1.881338715553284,1.7390848760591192e-14,8.182744979858398
Vps4a,0.1236243098974227,0.1827008128166198,0.6072227954864502,0.0010777402915552,3.700638055801392,0.6072227954864502,0.0103958124081781,2.9411041736602783,0.6072227954864502,0.0368055545209847,2.525291204452514
Pdf,0.0025037229061126,0.0,-21.25745010375977,0.9888502385877284,0.0342056974768638,-21.25745010375977,0.2942789202292576,-1.413879632949829,-21.25745010375977,0.5299909986835808,-0.9908571243286132
Cog8,0.1555894911289215,0.1566484272480011,0.0105698220431804,0.2819131723954925,1.5945231914520264,0.0105698220431804,1.0,0.0549363940954208,0.0105698220431804,1.0,0.0457983538508415
Nip7,0.2940995991230011,0.2859638333320617,-0.0466240458190441,0.6805172547194396,0.9713521599769592,-0.0466240458190441,0.926235637689498,-0.3213827610015869,-0.0466240458190441,0.9766434616869482,-0.2671349048614502
Tmed6,0.0031957647297531,0.0,-21.610036849975582,0.9994412017932364,0.0010455889860168,-21.610036849975582,0.1750730072300931,-1.7325154542922974,-21.610036849975582,0.4247033279437463,-1.2141594886779783
Terf2,0.1369863599538803,0.1031731963157653,-0.4338431060314178,0.9888502385877284,0.1894756555557251,-0.4338431060314178,0.121547767359992,-1.926319241523743,-0.4338431060314178,0.2527927643855213,-1.5776665210723877
Cyb5b,0.2313265204429626,0.3435839116573334,0.6555824875831604,1.792415833846438e-05,4.697159290313721,0.6555824875831604,4.026127669085593e-05,4.480804920196533,0.6555824875831604,0.0006673425358568,3.826866388320923
Nfat5,0.1805353462696075,0.3126311898231506,0.8913792967796326,4.112586067079718e-07,5.453792095184326,0.8913792967796326,2.583334517886103e-06,5.0833740234375,0.8913792967796326,6.438833956096196e-05,4.420849800109863
Nqo1,0.0010571470484137,0.0074409297667443,2.819913864135742,0.9888502385877284,0.4034479856491089,2.819913864135742,0.1710644407735532,1.7476038932800293,2.819913864135742,0.2143802503392076,1.6763803958892822
Nob1,0.1833276897668838,0.1752130687236786,-0.0713424682617187,0.5087940451628988,1.2047425508499146,-0.0713424682617187,0.8802827144329763,-0.3883553147315979,-0.0713424682617187,0.9409249700789536,-0.3220405876636505
Wwp2,0.0947848632931709,0.1536308676004409,0.7400662899017334,0.0094209529912216,3.0502817630767822,0.7400662899017334,0.0060282951927471,3.124263286590576,0.7400662899017334,0.0216634151360703,2.7324535846710205
Psmd7,0.4294385015964508,0.5974745750427246,0.6079645752906799,1.6301735062127908e-05,4.717846870422363,0.6079645752906799,9.94047031916585e-07,5.272543907165527,0.6079645752906799,4.7821936837968965e-05,4.4911956787109375
Zfhx3,0.014123142696917,0.0,-23.761756896972656,0.9888502385877284,-0.2973953783512115,-23.761756896972656,0.0030768864890248,-3.33713698387146,-23.761756896972656,0.0576684199113302,-2.3386898040771484
Dhx38,0.1155204772949218,0.199926495552063,0.8538070321083069,0.0001201800764833,4.261970043182373,0.8538070321083069,0.0001682558323473,4.139829635620117,0.8538070321083069,0.0014884203480648,3.602249383926392
Txnl4b,0.0102185392752289,0.0197803992778062,0.9597974419593812,0.9888502385877284,0.535640299320221,0.9597974419593812,0.3086794318096313,1.3727960586547852,0.9597974419593812,0.416474626879011,1.2289999723434448
Hp,0.0,0.0015137391164898,20.53077888488769,0.9888502385877284,0.1678170263767242,20.53077888488769,0.4679991859106411,1.0,20.53077888488769,0.5282133287683867,1.0
Dhodh,0.0681924521923065,0.0621950477361679,-0.1371853202581405,0.7613034738597116,0.8655983209609985,-0.1371853202581405,0.8269853744878708,-0.4628559947013855,-0.1371853202581405,0.9017535066781542,-0.38217294216156
Pkd1l3,0.0042459345422685,0.0,-22.020715713500977,0.9888502385877284,-0.0321145206689834,-22.020715713500977,0.1054376622197318,-1.9987713098526,-22.020715713500977,0.3296030813336131,-1.4007534980773926
Ist1,0.1316636651754379,0.166474387049675,0.3641774356365204,0.0896801064440016,2.18543028831482,0.3641774356365204,0.1708625131045653,1.7468693256378174,0.3641774356365204,0.285155023262753,1.4995081424713137
Zfp821,0.0120756523683667,0.0389132536947727,1.7076016664505005,0.4241768332121421,1.3373082876205444,1.7076016664505005,0.0091101484787229,2.990263700485229,1.7076016664505005,0.0199529167076059,2.763554096221924
Atxn1l,0.041692066937685,0.0408935360610485,-0.028479965403676,0.9015906176225796,0.69501793384552,-0.028479965403676,1.0,-0.0750778689980506,-0.028479965403676,1.0,-0.0624670423567295
Ap1g1,0.1475146412849426,0.1488242745399475,0.0137197412550449,0.397762205734694,1.3804014921188354,0.0137197412550449,1.0,0.0677819028496742,0.0137197412550449,1.0,0.057008896023035
Phlpp2,0.0234640501439571,0.0359457917511463,0.6244189739227295,0.5671642010011508,1.1220663785934448,0.6244189739227295,0.3345517279343529,1.3177249431610107,0.6244189739227295,0.4651973756571343,1.1395177841186523
Marveld3,0.0,0.0,0.0,0.9888502385877284,0.1005259156227111,0.0,1.0,0.0,0.0,1.0,0.0
Zfp612,0.001145290210843,0.0,-20.128108978271484,0.9888502385877284,0.0673658028244972,-20.128108978271484,0.4679991859106411,-1.0,-20.128108978271484,0.6832027011037286,-0.7008072733879089
Cmtr2,0.0216435194015502,0.0100006135180592,-1.122267246246338,0.9888502385877284,-0.0663202181458473,-1.122267246246338,0.1498840646844793,-1.8168166875839236,-1.122267246246338,0.3181399102780103,-1.428279161453247
Vac14,0.0698882788419723,0.117757499217987,0.7877668738365173,0.0186987608856161,2.8140532970428467,0.7877668738365173,0.0082378011825777,3.020528554916382,0.7877668738365173,0.0280121550025788,2.6336662769317627
Mtss2,0.0015058896970003,0.0,-20.523271560668945,0.9888502385877284,0.0342056974768638,-20.523271560668945,0.3863049440178605,-1.2143478393554688,-20.523271560668945,0.6156255847320702,-0.85102379322052
Sf3b3,0.479872465133667,0.4935302436351776,0.0511355213820934,0.8888009556792683,0.7136891484260559,0.0511355213820934,0.8465588727081672,0.4355087280273437,0.0511355213820934,0.9146934424557096,0.363122820854187
Cog4,0.1096692830324173,0.1275397390127182,0.230933129787445,0.1794468275549839,1.84695827960968,0.230933129787445,0.4679991859106411,1.0149576663970947,0.230933129787445,0.6098860865679095,0.8603149056434631
Fcsk,0.0097988350316882,0.004749177955091,-1.048579216003418,0.9994412017932364,0.0019418081501498,-1.048579216003418,0.4034517661636387,-1.1809896230697632,-1.048579216003418,0.5631634272696894,-0.9325398206710817
St3gal2,0.0172997433692216,0.0054083839058876,-1.6860750913619995,0.9888502385877284,-0.1656511723995208,-1.6860750913619995,0.0523525042250958,-2.317246198654175,-1.6860750913619995,0.1860599007559779,-1.7614858150482178
Ddx19a,0.1138811036944389,0.1944449245929718,0.8314401507377625,0.0007369384238087,3.803554058074951,0.8314401507377625,0.0003416448261205,3.9590718746185294,0.8314401507377625,0.0022996088463993,3.475350379943848
Ddx19b,0.0653452277183532,0.0882500410079956,0.4502489268779754,0.1477926958133176,1.9462891817092896,0.4502489268779754,0.2188485301549586,1.5977381467819214,0.4502489268779754,0.3442677346785043,1.3656206130981443
Aars,0.0637121722102165,0.1562175750732422,1.3618673086166382,3.19739046855168e-05,4.569223880767822,1.3618673086166382,4.064428431691854e-07,5.460022926330566,1.3618673086166382,8.230560568369393e-06,4.884486675262451
Pdpr,0.0515721254050731,0.0557120181620121,0.1144101470708847,0.6936595076734333,0.953278422355652,0.1144101470708847,0.910953741007174,0.3434758484363556,0.1144101470708847,0.963141838386084,0.2881853580474853
Glg1,0.2926936745643616,0.2697257697582245,-0.135241612792015,0.8211039102234403,0.7936767339706421,-0.135241612792015,0.5325931299553365,-0.8930978178977966,-0.135241612792015,0.6832027011037286,-0.7407703399658203
Rfwd3,0.0839790105819702,0.1560839861631393,0.9472749829292296,0.0022237132671717,3.4952545166015625,0.9472749829292296,0.0004376904664531,3.894164800643921,0.9472749829292296,0.0025543037541953,3.4431889057159424
Mlkl,0.001513410708867,0.0398821309208869,4.747638702392578,0.2877511143624728,1.5823495388031006,4.747638702392578,5.391801335714949e-05,4.438216209411621,4.747638702392578,7.640110957733371e-05,4.400636196136475
Wdr59,0.0307964384555816,0.0222044438123703,-0.4781403243541717,0.9888502385877284,0.2192002683877945,-0.4781403243541717,0.4679991859106411,-1.0194289684295654,-0.4781403243541717,0.633107911430996,-0.8241519927978516
Znrf1,0.3933514058589935,0.1218213811516761,-1.8953158855438232,3.2791542200672265e-10,-6.653232097625732,-1.8953158855438232,4.297878824980698e-29,-11.762102127075195,-1.8953158855438232,1.9879571675666968e-17,-9.096183776855469
Ldhd,0.0055940705351531,0.0,-22.41950416564941,0.9888502385877284,-0.0652746260166168,-22.41950416564941,0.0626688937870536,-2.240060806274414,-22.41950416564941,0.2567836267836731,-1.5698508024215698
Zfp1,0.1485087424516677,0.049321137368679,-1.662997841835022,0.0663971826231313,-2.3194150924682617,-1.662997841835022,1.824106243983349e-09,-6.388383865356445,-1.662997841835022,6.550953168107848e-06,-4.942840099334717
Ctrb1,0.0,0.0025370067451149,21.27652740478516,0.9888502385877284,0.2351081520318985,21.27652740478516,0.3929956757786415,1.2018579244613647,21.27652740478516,0.4293841642766639,1.2018579244613647
Bcar1,0.0,0.0,0.0,0.9888502385877284,0.1005259156227111,0.0,1.0,0.0,0.0,1.0,0.0
Cfdp1,0.3566539883613586,0.4293507039546966,0.3234967887401581,0.0258969690908879,2.693959951400757,0.3234967887401581,0.0299309981529159,2.5487751960754395,0.3234967887401581,0.0852309972857178,2.156925201416016
Tmem170,0.0082145286723971,0.0191916432231664,1.232164740562439,0.8120101894852096,0.8040579557418823,1.232164740562439,0.1682589501112189,1.7560756206512451,1.232164740562439,0.2580119759166466,1.5649868249893188
Tmem231,0.0,0.0022644135169684,21.112340927124023,0.9888502385877284,0.1678170263767242,21.112340927124023,0.4679991859106411,1.0,21.112340927124023,0.5282133287683867,1.0
Gabarapl2,0.6503937244415283,0.9534274339675904,0.7992987632751465,1.5320181390415054e-11,7.106196403503418,0.7992987632751465,3.9824639039195726e-17,8.887639999389648,0.7992987632751465,2.194952084286399e-12,7.492480278015137
Adat1,0.034715436398983,0.0116944955661892,-1.5864179134368896,0.9888502385877284,-0.3735740184783935,-1.5864179134368896,0.0079261336065668,-3.029831886291504,-1.5864179134368896,0.0599513946902778,-2.3194456100463867
Kars,0.1834730803966522,0.3209377527236938,0.910048246383667,1.5142588200659898e-08,6.0381269454956055,0.910048246383667,1.0187147336261385e-07,5.711727142333984,0.910048246383667,6.891321152917128e-06,4.920694828033447
Terf2ip,0.1144487187266349,0.1284462958574295,0.1767653226852417,0.1741687405716097,1.8632395267486568,0.1767653226852417,0.5956430984407466,0.7962839603424072,0.1767653226852417,0.7035618021952887,0.6715661287307739
Mon1b,0.0370845459401607,0.0564441904425621,0.6200807690620422,0.4973577817791205,1.2230403423309326,0.6200807690620422,0.1960773347151631,1.660897970199585,0.6200807690620422,0.3072921939773124,1.451003909111023
Nudt7,0.0373238325119018,0.0427665784955024,0.2003391236066818,0.734217855534004,0.8978621959686279,0.2003391236066818,0.7890146862198789,0.5174059271812439,0.2003391236066818,0.865983411815606,0.4344618022441864
Wwox,0.0606701001524925,0.1059730052947998,0.8377719521522522,0.0287650903350007,2.6538541316986084,0.8377719521522522,0.0097827730925996,2.9631032943725586,0.8377719521522522,0.0304236151739221,2.6007630825042725
Maf,0.0333697088062763,0.3529388904571533,3.6407411098480233,2.8319037382332504e-21,9.789999008178713,3.6407411098480233,2.412219298777004e-28,12.080711364746094,3.6407411098480233,6.1419540903986056e-27,11.677331924438477
Dynlrb2,0.0,0.0,0.0,0.9888502385877284,0.1005259156227111,0.0,1.0,0.0,0.0,1.0,0.0
Cdyl2,0.0567046292126178,0.0696684718132019,0.3064893782138824,0.4980778985750657,1.221920132637024,0.3064893782138824,0.4867305810457455,0.9685295820236206,0.3064893782138824,0.6285780897853083,0.8310428261756897
Cmc2,0.1661527156829834,0.3364771008491516,1.1460015773773191,3.5048927395506793e-09,6.280106067657471,1.1460015773773191,1.8830067711742352e-10,6.792306423187256,1.1460015773773191,2.4272963899119865e-08,6.009303092956543
Cenpn,0.0109917344525456,0.0314903110265731,1.5333279371261597,0.3647772437609055,1.4368633031845093,1.5333279371261597,0.0214045939321349,2.6814026832580566,1.5333279371261597,0.0469545539544338,2.423020124435425
Atmin,0.0556768178939819,0.0729107931256294,0.4016205072402954,0.3299108858428013,1.5004202127456665,0.4016205072402954,0.3414528048561986,1.303688883781433,0.4016205072402954,0.4793292052393749,1.115792155265808
1700030J22Rik,0.0011406588600948,0.0,-20.12225914001465,0.9888502385877284,0.0673658028244972,-20.12225914001465,0.4679991859106411,-1.0,-20.12225914001465,0.6832027011037286,-0.7008072733879089
Gcsh,0.1024418771266937,0.1184523403644561,0.2212626487016677,0.1230000744971769,2.0383009910583496,0.2212626487016677,0.4849359151763342,0.9716960787773132,0.2212626487016677,0.6367021171139623,0.8189375996589661
Pkd1l2,0.0,0.0005289735854603,19.013219833374023,0.9888502385877284,0.1678170263767242,19.013219833374023,0.4679991859106411,1.0,19.013219833374023,0.5282133287683867,1.0
Bco1,0.0,0.0247265510261058,24.577430725097656,0.5761302032955269,1.109892725944519,24.577430725097656,0.0009812838844506,3.686610221862793,24.577430725097656,0.0011720201641399,3.686610221862793
Gan,0.0464256517589092,0.0699159651994705,0.6078086495399475,0.2368157810637094,1.6952731609344482,0.6078086495399475,0.1468368688909277,1.8288313150405884,0.6078086495399475,0.2491914380991745,1.5865923166275024
Cmip,0.1789216101169586,0.3630825877189636,1.1598057746887207,8.880796913844987e-11,6.850101470947266,1.1598057746887207,1.0358042158414271e-11,7.236339569091797,1.1598057746887207,3.119379881753881e-09,6.361232280731201
Plcg2,0.0069282636977732,0.0174872744828462,1.3433719873428345,0.9213187170541868,0.6714174747467041,1.3433719873428345,0.1480514927172667,1.8249123096466064,1.3433719873428345,0.2251062705003848,1.6466426849365234
Sdr42e1,0.0023293436970561,0.0013294862583279,-0.8097755908966064,0.9888502385877284,0.1013474464416503,-0.8097755908966064,0.820557759043273,-0.4725188314914703,-0.8097755908966064,0.9096794514815072,-0.3704346716403961
Hsd17b2,0.0,0.0,0.0,0.9888502385877284,0.1005259156227111,0.0,1.0,0.0,0.0,1.0,0.0
Mphosph6,0.1118390262126922,0.2349292039871215,1.1621575355529783,4.920679016059421e-07,5.420184135437012,1.1621575355529783,2.9432572515059515e-08,5.944724082946777,1.1621575355529783,1.4197050359284592e-06,5.248258113861084
Hsbp1,0.3362605273723602,0.533058226108551,0.8169232606887817,4.775044785720793e-09,6.230515480041504,0.8169232606887817,7.870042002263297e-10,6.550844669342041,0.8169232606887817,2.0325859955061907e-07,5.623809814453125
Mlycd,0.0947403907775878,0.0976760908961296,0.0461772195994854,0.472110382513869,1.260532259941101,0.0461772195994854,1.0,0.1851683408021927,0.0461772195994854,1.0,0.1550231426954269
Osgin1,0.0054180119186639,0.0018877029651775,-1.5236796140670776,0.9888502385877284,0.0348778627812862,-1.5236796140670776,0.4679991859106411,-1.064083218574524,-1.5236796140670776,0.6387090747687181,-0.8159496188163757
Slc38a8,0.0,0.0,0.0,0.9888502385877284,0.1005259156227111,0.0,1.0,0.0,0.0,1.0,0.0
Mbtps1,0.248193934559822,0.1929881423711776,-0.4042411148548126,0.9888502385877284,-0.4144266545772552,-0.4042411148548126,0.0428569852287224,-2.402162313461304,-0.4042411148548126,0.1228429372165617,-1.980441689491272
Hsdl1,0.1954128295183181,0.0781091973185539,-1.4095056056976318,0.0525968645432638,-2.4165802001953125,-1.4095056056976318,1.0896230571527794e-09,-6.472477912902832,-1.4095056056976318,3.971667017637957e-06,-5.04758882522583
Dnaaf1,0.0,0.0,0.0,0.9888502385877284,0.1005259156227111,0.0,1.0,0.0,0.0,1.0,0.0
Taf1c,0.0461076721549034,0.0340609550476074,-0.4456356465816498,0.9888502385877284,0.0663202181458473,-0.4456356465816498,0.4232599120734722,-1.1477649211883545,-0.4456356465816498,0.5572076568815035,-0.9416369795799256
Meak7,0.0135399969294667,0.0109516829252243,-0.3079457879066467,0.9888502385877284,0.168563887476921,-0.3079457879066467,0.837854919330253,-0.4473187923431396,-0.3079457879066467,0.9117946812511386,-0.3676867485046386
Cotl1,1.388048529624939,1.3590402603149414,-0.056041020900011,0.2686770481226957,-1.624695897102356,-0.056041020900011,0.6280306150948166,-0.748080849647522,-0.056041020900011,0.7300090158795239,-0.6317732930183411
Klhl36,0.0448817461729049,0.0683053955435752,0.6229267716407776,0.3312563702764847,1.497880935668945,0.6229267716407776,0.1387148343607393,1.8580305576324463,0.6229267716407776,0.2367373500580632,1.6167508363723757
Usp10,0.1897155791521072,0.1242061555385589,-0.6595921516418457,0.9888502385877284,-0.5105461478233337,-0.6595921516418457,0.0032895127232227,-3.3133201599121094,-0.6595921516418457,0.0248221811491313,-2.681831359863281
Crispld2,0.0,0.0,0.0,0.9888502385877284,0.1005259156227111,0.0,1.0,0.0,0.0,1.0,0.0
Zdhhc7,0.0831154137849807,0.124260239303112,0.6103695631027222,0.0213562612122178,2.764686584472656,0.6103695631027222,0.0342854514643564,2.494679450988769,0.6103695631027222,0.0876791700907247,2.144021987915039
6430548M08Rik,0.0,0.0,0.0,0.9888502385877284,0.1005259156227111,0.0,1.0,0.0,0.0,1.0,0.0
Gse1,0.1196986883878707,0.2123453170061111,0.8956835269927979,4.3233956603116325e-05,4.501036643981934,0.8956835269927979,4.573896679139374e-05,4.45397424697876,0.8956835269927979,0.0005397914313544,3.8845291137695312
Gins2,0.0151725113391876,0.161413699388504,3.5182738304138184,6.953205514725053e-09,6.168825626373291,3.5182738304138184,2.4756992369299377e-17,9.120725631713867,3.5182738304138184,2.378974878588605e-16,8.823119163513184
1190005I06Rik,0.008707488887012,0.0083838077262043,-0.0548848435282707,0.9888502385877284,0.2363031059503555,-0.0548848435282707,1.0,-0.0673458129167556,-0.0548848435282707,1.0,-0.0564355514943599
Emc8,0.1506445407867431,0.312615305185318,1.174583077430725,3.9462246562798285e-10,6.624777317047119,1.174583077430725,7.369510286437234e-11,6.935772895812988,1.174583077430725,1.4893744872685013e-08,6.093395233154297
Cox4i1,2.0037975311279297,2.437798261642456,0.7031912207603455,7.095878583683176e-59,16.428892135620117,0.7031912207603455,7.887190852685309e-61,17.753599166870117,0.7031912207603455,7.042846083251974e-41,14.50231647491455
Irf8,0.0228171609342098,0.5572869777679443,5.014357089996338,8.303281078817385e-56,15.991013526916504,5.014357089996338,2.113348675537968e-60,19.39784240722656,5.014357089996338,1.3597397662557e-59,19.06659507751465
Foxf1,0.0,0.0,0.0,0.9888502385877284,0.1005259156227111,0.0,1.0,0.0,0.0,1.0,0.0
Mthfsd,0.0558562129735946,0.066815048456192,0.266441285610199,0.5308246225949035,1.1740471124649048,0.266441285610199,0.5640358319964558,0.8457783460617065,0.266441285610199,0.6832027011037286,0.7208128571510315
Fbxo31,0.0568696558475494,0.117427758872509,1.090360164642334,0.0064942055896875,3.1702258586883545,1.090360164642334,0.0004859942282076,3.8671584129333496,1.090360164642334,0.0026325944534005,3.4339637756347656
Map1lc3b,0.8111531138420105,1.3018754720687866,1.0976709127426147,1.2163046414596638e-30,11.801039695739746,1.0976709127426147,1.6196741866609327e-40,14.185429573059082,1.0976709127426147,4.740803494503604e-28,11.733335494995115
Zcchc14,0.0011528386967256,0.0,-20.137592315673828,0.9888502385877284,0.0673658028244972,-20.137592315673828,0.4679991859106411,-1.0,-20.137592315673828,0.6832027011037286,-0.7008072733879089
Jph3,0.0010682472493499,0.0,-20.027585983276367,0.9888502385877284,0.0673658028244972,-20.027585983276367,0.4679991859106411,-1.0,-20.027585983276367,0.6832027011037286,-0.7008072733879089
Klhdc4,0.0825969725847244,0.1540903002023697,0.9522035121917723,0.0003793253511037,3.976748466491699,0.9522035121917723,0.0001569084704818,4.158365249633789,0.9522035121917723,0.0013037753208649,3.640589952468872
Slc7a5,0.0345000475645065,0.05072021484375,0.5677460432052612,0.3706986001379741,1.4257352352142334,0.5677460432052612,0.2466210220738101,1.526361346244812,0.5677460432052612,0.3684870685580647,1.3170405626296997
Car5a,0.003250679699704,0.0,-21.63465690612793,0.9994412017932364,0.0010455889860168,-21.63465690612793,0.175188784299411,-1.730863332748413,-21.63465690612793,0.4247678424441667,-1.2130016088485718
Banp,0.1063441336154937,0.1090673506259918,0.038478460162878,0.5281868530191617,1.1786775588989258,0.038478460162878,1.0,0.1586119532585144,0.038478460162878,1.0,0.133882001042366
Zfp469,0.0,0.0016228144522756,20.63123893737793,0.9888502385877284,0.1678170263767242,20.63123893737793,0.4679991859106411,1.0,20.63123893737793,0.5282133287683867,1.0
Zfpm1,0.139569342136383,0.313528299331665,1.297831892967224,5.45206281699527e-10,6.574439525604248,1.297831892967224,4.376636694748704e-11,7.02449893951416,1.297831892967224,5.985230573688903e-09,6.252274513244629
Zc3h18,0.2238669693470001,0.2945477366447449,0.4490450918674469,0.0021408990126256,3.5062332153320312,0.4490450918674469,0.013045406254512,2.860546350479126,0.4490450918674469,0.0453438197014535,2.437779188156128
Cyba,1.5353492498397827,2.2555153369903564,1.2291653156280518,1.9426917171962515e-83,19.58470344543457,1.2291653156280518,2.9539861759248913e-90,22.218900680541992,1.2291653156280518,3.5189140856605805e-58,17.873838424682617
Mvd,0.0438968650996685,0.0583307109773159,0.4206384420394897,0.6159810380853357,1.0552979707717896,0.4206384420394897,0.4126535673587608,1.165650486946106,0.4206384420394897,0.5282133287683867,1.0065003633499146
Snai3,0.0700009539723396,0.168203592300415,1.3370062112808228,9.845835307932332e-06,4.824198246002197,1.3370062112808228,2.7775791015453656e-07,5.531161785125732,1.3370062112808228,7.192943497848657e-06,4.9126057624816895
Rnf166,0.4037512242794037,0.8356793522834778,1.3930057287216189,4.2573106804369034e-29,11.494009971618652,1.3930057287216189,5.529968221253525e-35,13.190320014953612,1.3930057287216189,1.6805385113592382e-26,11.34701919555664
Ctu2,0.1359527856111526,0.1529883444309234,0.1829003989696502,0.0832292414211818,2.218291759490967,0.1829003989696502,0.5285118930163832,0.8999258279800415,0.1829003989696502,0.6812953419819351,0.754033088684082
Piezo1,0.0703876912593841,0.0868479460477829,0.3151975572109222,0.2833269292581171,1.591610550880432,0.3151975572109222,0.4304374102548878,1.135887861251831,0.3151975572109222,0.5449990926098068,0.9604234099388124
Cdt1,0.1225388571619987,0.2371009439229965,1.0373765230178833,3.5033972471879427e-06,5.03563117980957,1.0373765230178833,1.2660792093234369e-06,5.23225736618042,1.0373765230178833,2.7746422557802207e-05,4.616191387176514
Aprt,0.6341613531112671,1.0532020330429075,1.0761127471923828,1.5141049364236097e-22,10.086274147033691,1.0761127471923828,1.2402289786511999e-26,11.335427284240724,1.0761127471923828,6.89301742634112e-20,9.70186710357666
Galns,0.0422074906527996,0.0468590445816516,0.1542087942361831,0.769525703713464,0.8556652069091797,0.1542087942361831,0.855576454041572,0.4232924878597259,0.1542087942361831,0.9176124684951856,0.3584522604942322
Trappc2l,0.2956950962543487,0.3986576795578003,0.5096006989479065,0.0002341123190929,4.098036766052246,0.5096006989479065,0.0007215325234946,3.756348609924317,0.5096006989479065,0.0057149512011026,3.192540407180786
Cbfa2t3,0.0042922194115817,0.0,-22.03639030456543,0.9888502385877284,-0.0321145206689834,-22.03639030456543,0.1274682962264403,-1.9027754068374636,-22.03639030456543,0.3604951393846911,-1.3334788084030151
Acsf3,0.0144059611484408,0.0264414511620998,0.8848468065261841,0.7086752936524109,0.9326654076576232,0.8848468065261841,0.2113438838421301,1.6176813840866089,0.8848468065261841,0.3239212125149168,1.4155477285385132
Cdh15,0.0,0.0016177166253328,20.62669563293457,0.9888502385877284,0.1678170263767242,20.62669563293457,0.4679991859106411,1.0,20.62669563293457,0.5282133287683867,1.0
Ankrd11,1.4212018251419067,1.3333402872085571,-0.1695528477430343,0.0058863667889971,-3.2012200355529785,-0.1695528477430343,0.0481677913636445,-2.3535685539245605,-0.1695528477430343,0.1282448618477552,-1.957175850868225
Spg7,0.188308298587799,0.156684398651123,-0.2887024283409118,0.9015906176225796,0.69501793384552,-0.2887024283409118,0.235490233309213,-1.5540623664855957,-0.2887024283409118,0.3922868018531802,-1.2729451656341553
Rpl13,4.612705707550049,3.959108591079712,-0.9563440680503844,7.643013307371562e-170,-28.004756927490234,-0.9563440680503844,1.1126425955981488e-256,-49.5611686706543,-0.9563440680503844,2.331910773284445e-213,-42.59249496459961
Cpne7,0.0,0.0037978456821292,21.8594913482666,0.9888502385877284,0.2351081520318985,21.8594913482666,0.2951450859767726,1.4071261882781982,21.8594913482666,0.3266803404885604,1.4071261882781982
Sult5a1,0.001212531235069,0.0,-20.21046638488769,0.9888502385877284,0.0673658028244972,-20.21046638488769,0.4679991859106411,-1.0,-20.21046638488769,0.6832027011037286,-0.7008072733879089
Chmp1a,0.282108336687088,0.3898898959159851,0.5489109754562378,9.584443737071382e-05,4.315892696380615,0.5489109754562378,0.00022407582702,4.064768314361572,0.5489109754562378,0.0024672067369828,3.4535839557647705
Spata33,0.0010953084565699,0.0,-20.063697814941406,0.9888502385877284,0.0673658028244972,-20.063697814941406,0.4679991859106411,-1.0,-20.063697814941406,0.6832027011037286,-0.7008072733879089
Cdk10,0.0524432361125946,0.0237300172448158,-1.1648870706558228,0.9888502385877284,-0.3099424540996551,-1.1648870706558228,0.007559872176116,-3.0463523864746094,-1.1648870706558228,0.0537690468908904,-2.3657469749450684
Spata2l,0.0129069164395332,0.0302469562739133,1.2411984205245972,0.6824203958709405,0.9687381982803344,1.2411984205245972,0.0737893759804758,2.16642165184021,1.2411984205245972,0.1282448618477552,1.9572222232818604
Vps9d1,0.052070315927267,0.0748348832130432,0.5398445129394531,0.416925526788134,1.3483617305755615,0.5398445129394531,0.2119408172331833,1.6161423921585083,0.5398445129394531,0.3249263468812097,1.4118245840072632
Zfp276,0.0448525920510292,0.0399813093245029,-0.1694047152996063,0.9888502385877284,0.370511919260025,-0.1694047152996063,0.8393940043740616,-0.4451813101768493,-0.1694047152996063,0.9090940565334154,-0.3715269863605499
Fanca,0.0078169619664549,0.0613147914409637,3.0103676319122314,0.0190136017015972,2.8080039024353027,3.0103676319122314,7.838332904121225e-07,5.352109432220459,3.0103676319122314,2.830811719273592e-06,5.124788284301758
Spire2,0.0,0.0,0.0,0.9888502385877284,0.1005259156227111,0.0,1.0,0.0,0.0,1.0,0.0
Tcf25,0.6989027261734009,0.7895507216453552,0.249365359544754,0.1821110098456859,1.8393404483795168,0.249365359544754,0.0266062786393482,2.5950405597686768,0.249365359544754,0.0807532135136994,2.181915283203125
Mc1r,0.0078259082511067,0.0,-22.90547561645508,0.9888502385877284,-0.1315948367118835,-22.90547561645508,0.0237146956242405,-2.6402273178100586,-22.90547561645508,0.1582366353620108,-1.850290417671204
Tubb3,0.0062401522882282,0.0622853562235832,3.359898567199707,0.0840686538797077,2.2139599323272705,3.359898567199707,7.33221390376561e-06,4.888082027435303,3.359898567199707,1.7423725099554133e-05,4.737514972686768
Def8,0.0320409648120403,0.0459711141884326,0.5309239029884338,0.5314265415035931,1.1730015277862549,0.5309239029884338,0.325069028462232,1.3368879556655884,0.5309239029884338,0.4556418275851816,1.155388355255127
Afg3l1,0.184416577219963,0.3289105892181396,0.9434109926223756,1.6776302985509285e-07,5.619368553161621,0.9434109926223756,1.1066905829352883e-07,5.700643539428711,0.9434109926223756,4.864501181724099e-06,4.99511194229126
Dbndd1,0.0,0.0,0.0,0.9888502385877284,0.1005259156227111,0.0,1.0,0.0,0.0,1.0,0.0
Gas8,0.0056113149039447,0.0256097726523876,2.204746723175049,0.5076152834782975,1.2063109874725342,2.204746723175049,0.0072698587254364,3.0666024684906006,2.204746723175049,0.015591442986815,2.853271961212158
Rhou,0.0,0.0,0.0,0.9888502385877284,0.1005259156227111,0.0,1.0,0.0,0.0,1.0,0.0
Rab4a,0.0071160914376378,0.0026666645426303,-1.4192606210708618,0.9888502385877284,0.102094292640686,-1.4192606210708618,0.3365720403572883,-1.3132333755493164,-1.4192606210708618,0.5303723968884687,-0.986643612384796
Ccsap,0.0435353219509124,0.0329473353922367,-0.4097108542919159,0.9888502385877284,0.4294383227825165,-0.4097108542919159,0.4679991859106411,-1.0578242540359497,-0.4097108542919159,0.6112688096434887,-0.8578407764434814
Acta1,0.0,0.0,0.0,0.9888502385877284,0.1005259156227111,0.0,1.0,0.0,0.0,1.0,0.0
Nup133,0.047015830874443,0.0505097210407257,0.1059552133083343,0.4929921793833549,1.229015231132507,0.1059552133083343,0.9325050437138424,0.3128024935722351,0.1059552133083343,0.9819702577427522,0.2590257525444031
Abcb10,0.0056543489918112,0.0230271331965923,2.038463830947876,0.704463387680495,0.9387895464897156,2.038463830947876,0.0224929492518032,2.66375470161438,2.038463830947876,0.0413752980666821,2.4770736694335938
Taf5l,0.1317313611507415,0.1708126068115234,0.4037169218063354,0.0355873201132169,2.57364273071289,0.4037169218063354,0.1041506001961422,2.0047669410705566,0.4037169218063354,0.2022514423370673,1.71039617061615
Urb2,0.0316634401679039,0.0327847711741924,0.0510210245847702,0.7057175710121326,0.9369224309921264,0.0510210245847702,1.0,0.1264159977436065,0.0510210245847702,1.0,0.1043380945920944
Galnt2,0.0019799203146249,0.004481179639697,1.1802409887313845,0.9888502385877284,0.2356309443712234,1.1802409887313845,0.5667433817904189,0.841372013092041,1.1802409887313845,0.6779991539347104,0.7587816119194031
Cog2,0.1008829325437545,0.141887366771698,0.5222407579421997,0.0346680038613254,2.583949089050293,0.5222407579421997,0.0613499268504226,2.2495596408843994,0.5222407579421997,0.1297299863208064,1.9507842063903809
Capn9,0.0,0.0,0.0,0.9888502385877284,0.1005259156227111,0.0,1.0,0.0,0.0,1.0,0.0
2310022B05Rik,0.0133380321785807,0.0193128082901239,0.5383335947990417,0.8446856948453313,0.7652217745780945,0.5383335947990417,0.5032589427415146,0.9408077597618104,0.5383335947990417,0.6501351361485922,0.7997180223464966
Ttc13,0.1863247752189636,0.1484953016042709,-0.3554516732692718,0.9888502385877284,0.4185343384742737,-0.3554516732692718,0.1332939730109726,-1.8792370557785036,-0.3554516732692718,0.271435811054572,-1.5314431190490725
Arv1,0.0418440885841846,0.0347771681845188,-0.2720135748386383,0.9888502385877284,0.40949746966362,-0.2720135748386383,0.6738280480764554,-0.6797727942466736,-0.2720135748386383,0.7771664190260298,-0.5629432797431946
Fam89a,0.0,0.0280944742262363,24.76409721374512,0.4406872816354234,1.3117660284042358,24.76409721374512,0.0002325384503225,4.076690196990967,24.76409721374512,0.000280890496799,4.076690196990967
2810004N23Rik,0.276646077632904,0.2403710186481475,-0.2300717234611511,0.91742310410105,0.6772429347038269,-0.2300717234611511,0.2838079651906347,-1.4416661262512207,-0.2300717234611511,0.4368264934782971,-1.1869603395462036
Gnpat,0.1478992700576782,0.1022591143846511,-0.5659940838813782,0.9888502385877284,-0.2652808725833893,-0.5659940838813782,0.0251216423010325,-2.616659879684448,-0.5659940838813782,0.0900666819381538,-2.131963014602661
Exoc8,0.0389091335237026,0.04940065741539,0.3520450890064239,0.5439308791815458,1.155226469039917,0.3520450890064239,0.4975457946926773,0.95021390914917,0.3520450890064239,0.6439917418792398,0.8080434799194336
Sprtn,0.0453656576573848,0.0595713108777999,0.4033541083335876,0.4059858908172625,1.3666595220565796,0.4033541083335876,0.3853678063442528,1.216165542602539,0.4033541083335876,0.5258062621121811,1.0408176183700562
Egln1,0.2486658096313476,0.3405052125453949,0.5229647159576416,0.0001433991786249,4.219773292541504,0.5229647159576416,0.001280557433519,3.594607353210449,0.5229647159576416,0.0086365763724415,3.056819200515747
Tsnax,0.2261844277381897,0.2694092094898224,0.2847661077976227,0.0218705639720829,2.7556498050689697,0.2847661077976227,0.1546511743163766,1.8001861572265625,0.2847661077976227,0.2739727428226656,1.524727702140808
Disc1,0.0151467388495802,0.0239681042730808,0.6684926152229309,0.950118472580082,0.6326560378074646,0.6684926152229309,0.4259775512917103,1.1433442831039429,0.6684926152229309,0.5282133287683867,1.0087754726409912
Sipa1l2,0.0273113157600164,0.0,-24.72274208068848,0.9014740592769312,-0.6953166723251343,-24.72274208068848,5.551720682846814e-06,-4.920604705810547,-24.72274208068848,0.0026124765406879,-3.4483954906463623
Map10,0.0142369028180837,0.0019652058836072,-2.86574649810791,0.9888502385877284,-0.230701744556427,-2.86574649810791,0.0214113021168024,-2.677816867828369,-2.86574649810791,0.125367521530897,-1.971125602722168
Ntpcr,0.1391750872135162,0.0672343596816062,-1.102417230606079,0.5740560010714149,-1.1129547357559204,-1.102417230606079,2.3840405116912068e-05,-4.592435359954834,-1.102417230606079,0.001462929166305,-3.610830545425415
Kcnk1,0.0,0.0,0.0,0.9888502385877284,0.1005259156227111,0.0,1.0,0.0,0.0,1.0,0.0
Coa6,0.2031805515289306,0.2387254983186721,0.2591740787029266,0.0388866477991263,2.5382418632507324,0.2591740787029266,0.2412771729273974,1.5394840240478516,0.2591740787029266,0.375181275937967,1.3043328523635864
Tarbp1,0.0302854087203741,0.0129796611145138,-1.234898567199707,0.9888502385877284,-0.1416026204824447,-1.234898567199707,0.045814640689995,-2.374117851257324,-1.234898567199707,0.1593712049728609,-1.844810485839844
Irf2bp2,0.5588445067405701,0.2973920702934265,-1.112091064453125,1.1119164672117996e-08,-6.09040641784668,-1.112091064453125,1.5797517871859526e-16,-8.68595027923584,-1.112091064453125,7.369923125395333e-11,-6.980129241943359
Tomm20,1.1917946338653564,1.3041892051696775,0.2275334894657135,0.1856807581057176,1.828660488128662,0.2275334894657135,0.0025488207166109,3.392298936843872,0.2275334894657135,0.0183554000202552,2.793424606323242
Rbm34,0.1940551102161407,0.222643107175827,0.2196039408445358,0.0482042303618427,2.453026533126831,0.2196039408445358,0.3586023539142595,1.2679498195648191,0.2196039408445358,0.5093196934213027,1.0669387578964231
Pard3,0.0,0.0,0.0,0.9888502385877284,0.1005259156227111,0.0,1.0,0.0,0.0,1.0,0.0
Nrp1,0.0047020283527672,0.2522431910037994,5.927772521972656,1.0243082287438433e-18,9.161226272583008,5.927772521972656,4.632475943450042e-29,12.35461711883545,5.927772521972656,1.0956900422143215e-28,12.266816139221191
Itgb1,0.1888118684291839,1.0384620428085327,3.134430170059204,7.51755883061869e-80,19.156160354614254,3.134430170059204,5.998757162393273e-78,22.215808868408203,3.134430170059204,3.629334838346986e-73,20.78835678100586
Ccdc7a,0.0,0.003771889489144,21.849578857421875,0.9888502385877284,0.3023992776870727,21.849578857421875,0.2361026849756802,1.5543146133422852,21.849578857421875,0.262387347196525,1.5543146133422852
2610044O15Rik8,0.0854369476437568,0.1188782751560211,0.5010864734649658,0.1374324761876645,1.9832582473754885,0.5010864734649658,0.1141920080897819,1.958326816558838,0.5010864734649658,0.2037966366928599,1.705352783203125
Gm3468,0.0,0.0,0.0,0.9888502385877284,0.1005259156227111,0.0,1.0,0.0,0.0,1.0,0.0
Gm8050,0.0,0.0,0.0,0.9888502385877284,0.1005259156227111,0.0,1.0,0.0,0.0,1.0,0.0
Gm3636,0.0054138726554811,0.0085613299161195,0.6634469628334045,0.9888502385877284,0.3365302979946136,0.6634469628334045,0.6492603790685487,0.7161929607391357,0.6634469628334045,0.735275284634262,0.6244083642959595
Gm3696,0.0,0.0,0.0,0.9888502385877284,0.1005259156227111,0.0,1.0,0.0,0.0,1.0,0.0
Gm3512,0.0010187122970819,0.0018224287778139,0.8396950960159302,0.9888502385877284,0.1345822364091873,0.8396950960159302,0.8827337801095176,0.3849536180496216,0.8396950960159302,0.9268622314162392,0.3447719812393188
Gm3739,0.0010423745261505,0.0,-19.99219512939453,0.9888502385877284,0.0673658028244972,-19.99219512939453,0.4679991859106411,-1.0,-19.99219512939453,0.6832027011037286,-0.7008072733879089
Flnb,0.0589769706130027,0.1287260949611663,1.1771812438964844,0.0024324533639986,3.4699363708496094,1.1771812438964844,8.278650098381485e-05,4.31756067276001,1.1771812438964844,0.000607719620142,3.852501153945923
Dnase1l3,0.0,0.0054291533306241,22.3762149810791,0.9888502385877284,0.3023992776870727,22.3762149810791,0.2350197787296094,1.5571205615997314,22.3762149810791,0.2613287514122137,1.5571205615997314
Abhd6,0.0393906570971012,0.0210178401321172,-0.9195588231086732,0.9994412017932364,0.0095596704632043,-0.9195588231086732,0.0792216160389435,-2.132297277450561,-0.9195588231086732,0.216286172858657,-1.6712250709533691
Rpp14,0.164519652724266,0.1443781852722168,-0.2033101320266723,0.501164600890749,1.2168415784835815,-0.2033101320266723,0.4679991859106411,-1.0570242404937744,-0.2033101320266723,0.6049324429891647,-0.867705762386322
Pxk,0.1683557033538818,0.2376900315284729,0.549274206161499,0.001897257689617,3.541708707809448,0.549274206161499,0.0073484967380503,3.058402299880981,0.549274206161499,0.0291334698000056,2.6181657314300537
Pdhb,0.3260338306427002,0.3689357936382293,0.2110838741064071,0.0376290761797643,2.551237106323242,0.2110838741064071,0.2275020853828026,1.5745110511779783,0.2110838741064071,0.3702355510954186,1.3136991262435913
Kctd6,0.0374877154827117,0.0401472859084606,0.1008152887225151,0.7132154583870421,0.9266158938407898,0.1008152887225151,0.9665026347285548,0.2638088166713714,0.1008152887225151,1.0,0.2207605391740799
Oit1,0.0,0.0,0.0,0.9888502385877284,0.1005259156227111,0.0,1.0,0.0,0.0,1.0,0.0
4930452B06Rik,0.0,0.0,0.0,0.9888502385877284,0.1005259156227111,0.0,1.0,0.0,0.0,1.0,0.0
Fhit,0.0106773050501942,0.0,-23.35575294494629,0.9888502385877284,-0.1979150623083114,-23.35575294494629,0.0091150319716441,-2.9862380027771,-23.35575294494629,0.098365342191539,-2.0927772521972656
Gm3839,0.0,0.0,0.0,0.9888502385877284,0.1005259156227111,0.0,1.0,0.0,0.0,1.0,0.0
Ptprg,0.0,0.0,0.0,0.9888502385877284,0.1005259156227111,0.0,1.0,0.0,0.0,1.0,0.0
Gm49355,0.0031073873396962,0.0053664520382881,0.7898970246315002,0.9888502385877284,0.2026948928833007,0.7898970246315002,0.7166968099254338,0.6197587251663208,0.7898970246315002,0.7837635592003591,0.5539848208427429
3830406C13Rik,0.1950970888137817,0.3586911559104919,1.0019965171813965,9.291158532117365e-09,6.120728492736816,1.0019965171813965,8.76728840577793e-09,6.155134201049805,1.0019965171813965,6.440317142611883e-07,5.403029441833496
Gm11100,0.00547217996791,0.0,-22.38763427734375,0.9888502385877284,-0.0652746260166168,-22.38763427734375,0.0640326475167259,-2.229757785797119,-22.38763427734375,0.2592545025493858,-1.5626304149627686
Thoc7,0.412099540233612,0.5560582876205444,0.5444324016571045,6.567352449130695e-05,4.404693126678467,0.5444324016571045,2.3746659774066255e-05,4.600492477416992,0.5444324016571045,0.0004952497405117,3.907611608505249
Atxn7,0.2235103398561477,0.2770273089408874,0.3498994708061218,0.0203306545668735,2.7830591201782227,0.3498994708061218,0.0828127651053991,2.11279559135437,0.3498994708061218,0.1703632611140173,1.808443546295166
Psmd6,0.3496031463146209,0.48035329580307,0.5591979622840881,0.0002896184040556,4.0450849533081055,0.5591979622840881,4.104011268458352e-05,4.475959300994873,0.5591979622840881,0.0007002658205062,3.813746452331543
Il3ra,0.0295794606208801,0.1173881143331527,2.052734613418579,0.000268308505875,4.063756465911865,2.052734613418579,8.260203223189316e-09,6.188714027404785,2.052734613418579,1.1730097562629453e-07,5.736147403717041
Slc4a7,0.0891747176647186,0.2037238478660583,1.276553988456726,8.634080552941944e-07,5.313160419464111,1.276553988456726,1.1645384070671447e-07,5.694992065429688,1.276553988456726,3.715518233145527e-06,5.051568031311035
Nek10,0.0,0.0,0.0,0.9888502385877284,0.1005259156227111,0.0,1.0,0.0,0.0,1.0,0.0
Oxsm,0.0421696677803993,0.0453504472970962,0.1072222217917442,0.9058166850121953,0.6900887489318848,0.1072222217917442,0.9494847503705038,0.2883109748363495,0.1072222217917442,0.9920565983814392,0.2437339127063751
Ngly1,0.2978189587593078,0.4997478723526001,0.9020793437957764,1.9050413536522136e-09,6.378316879272461,0.9020793437957764,1.401109964145253e-10,6.827475547790527,0.9020793437957764,4.3691730718318554e-08,5.903493881225586
Top2b,1.018555998802185,0.7144026160240173,-0.7623996138572693,8.103625839512045e-17,-8.666364669799805,-0.7623996138572693,2.9026114572089837e-16,-8.621944427490234,-0.7623996138572693,3.607546097794487e-11,-7.083012580871582
Thrb,0.0084961559623479,0.0009144817013293,-3.2212557792663574,0.9888502385877284,-0.0648265182971954,-3.2212557792663574,0.0635150517342695,-2.233038902282715,-3.2212557792663574,0.2465052469171745,-1.5946407318115234
Nr1d2,0.0506148338317871,0.0289352890104055,-0.8224724531173706,0.9888502385877284,-0.2546755969524383,-0.8224724531173706,0.0955326107209547,-2.045431613922119,-0.8224724531173706,0.2276894476273372,-1.639209866523743
Rpl15,3.6554436683654794,3.252413749694824,-0.6005777716636658,8.114305107642178e-106,-22.06991958618164,-0.6005777716636658,1.771819853714664e-112,-26.78132057189941,-0.6005777716636658,4.051886714520205e-92,-23.345598220825195
Nkiras1,0.0914539098739624,0.0742255970835685,-0.3137269616127014,0.9888502385877284,0.4839583337306976,-0.3137269616127014,0.416455350997425,-1.1590207815170288,-0.3137269616127014,0.5502391015892095,-0.9525484442710876
Ube2e1,0.2967333793640136,0.3709091246128082,0.378376305103302,0.0061551278229548,3.186880588531494,0.378376305103302,0.0164138818194072,2.7782416343688965,0.378376305103302,0.0562306726461269,2.345202207565308
Ube2e2,0.0013207716401666,0.0,-20.333904266357425,0.9888502385877284,0.0673658028244972,-20.333904266357425,0.4679991859106411,-1.0,-20.333904266357425,0.6832027011037286,-0.7008072733879089
Gm21738,0.0022863904014229,0.0,-21.12629127502441,0.9888502385877284,0.0342056974768638,-21.12629127502441,0.2942789202292576,-1.414980411529541,-21.12629127502441,0.5299909986835808,-0.9916285276412964
Gm2237,0.0056476541794836,0.0096870064735412,0.7813166379928589,0.9888502385877284,0.3362315595149994,0.7813166379928589,0.5654994146380291,0.8436558246612549,0.7813166379928589,0.6832027011037286,0.7428678870201111
Nid2,0.0008603712194599,0.0,-19.715221405029297,0.9888502385877284,0.0673658028244972,-19.715221405029297,0.4679991859106411,-1.0,-19.715221405029297,0.6832027011037286,-0.7008072733879089
Rtraf,0.8137136697769165,1.1913304328918457,0.8671168684959412,4.7857298357939525e-21,9.735852241516112,0.8671168684959412,1.1200911394574147e-26,11.296037673950195,0.8671168684959412,9.521657316266437e-19,9.404346466064451
Gng2,0.3176360130310058,0.99136483669281,2.180576801300049,2.46821347677499e-63,17.044967651367188,2.180576801300049,6.413142848186457e-73,20.437427520751957,2.180576801300049,3.4656559847303096e-60,18.041900634765625
Saysd1,0.2302264720201492,0.1764642894268036,-0.4237721562385559,0.9888502385877284,-0.2327182292938232,-0.4237721562385559,0.0442271601917336,-2.388986587524414,-0.4237721562385559,0.1266087651471603,-1.9645346403121948
Kcnk5,0.0009975117864087,0.120598204433918,7.004805088043213,2.4174649378135107e-06,5.110689640045166,7.004805088043213,4.00312857373249e-16,8.797700881958008,7.004805088043213,6.018661677946055e-16,8.773263931274414
Nudt13,0.0741762518882751,0.0681267753243446,-0.127151146531105,0.9767080099651276,0.5991971492767334,-0.127151146531105,0.852061189528823,-0.4277200698852539,-0.127151146531105,0.9180214631673878,-0.3578563332557678
Ecd,0.1726054251194,0.1580791771411895,-0.1375976800918579,0.7143771795423876,0.9247487783432008,-0.1375976800918579,0.648202734575695,-0.7177369594573975,-0.1375976800918579,0.754141134519509,-0.596720814704895
Fam149b,0.1341740638017654,0.0990847870707511,-0.4631738066673279,0.9888502385877284,0.0763279944658279,-0.4631738066673279,0.1211544928450652,-1.928085803985596,-0.4631738066673279,0.2506336499641432,-1.583229899406433
Dnajc9,0.5286004543304443,0.7614401578903198,0.7124393582344055,3.9288697327650973e-08,5.875313758850098,0.7124393582344055,2.1169174489288766e-09,6.390798568725586,0.7124393582344055,3.138008957795449e-07,5.5405988693237305
Mrps16,0.6880224943161011,1.108340620994568,1.035826325416565,1.3326641516103092e-25,10.766429901123049,1.035826325416565,2.678904993063163e-31,12.350831985473633,1.035826325416565,1.246098369996396e-22,10.414921760559082
Anxa7,0.2073234617710113,0.4609959423542022,1.346026062965393,2.67961907420241e-16,8.525508880615234,1.346026062965393,1.347027482455483e-18,9.347187995910645,1.346026062965393,1.0559491569695064e-14,8.230392456054688
Mss51,0.043579839169979,0.0129354633390903,-1.7745383977890017,0.9452671725632862,-0.6404979228973389,-1.7745383977890017,0.0011214675892308,-3.627997636795044,-1.7745383977890017,0.0193738381878961,-2.7761752605438232
Ppp3cb,0.3708520531654358,0.3949843347072601,0.1094678789377212,0.2775201830913652,1.6040081977844238,0.1094678789377212,0.5589583667452822,0.8532171845436096,0.1094678789377212,0.6832027011037286,0.7166411280632019
Usp54,0.0031246887519955,0.0036776077467948,0.2354540526866912,0.9888502385877284,0.1352543979883194,0.2354540526866912,1.0,0.1740659922361374,0.2354540526866912,1.0,0.1507261097431183
Myoz1,0.0011623611208051,0.0,-20.14946746826172,0.9888502385877284,0.0673658028244972,-20.14946746826172,0.4679991859106411,-1.0,-20.14946746826172,0.6832027011037286,-0.7008072733879089
Synpo2l,0.0,0.0012808549217879,20.289600372314453,0.9888502385877284,0.1678170263767242,20.289600372314453,0.4679991859106411,1.0,20.289600372314453,0.5282133287683867,1.0
Sec24c,0.2048474848270416,0.2247375696897506,0.1485521048307418,0.1644658970731494,1.892292022705078,0.1485521048307418,0.5603270361185494,0.8512259721755981,0.1485521048307418,0.6832027011037286,0.7188125848770142
Fut11,0.0843621715903282,0.1100601702928543,0.4024616181850433,0.0716619241386466,2.2856576442718506,0.4024616181850433,0.2268531134513361,1.5765199661254885,0.4024616181850433,0.3592533759015203,1.3355315923690796
Chchd1,0.5266367197036743,0.4924710392951965,-0.123498648405075,0.6848148901963794,-0.964705228805542,-0.123498648405075,0.4457781477522845,-1.1094810962677002,-0.123498648405075,0.5694146679390258,-0.922433078289032
Zswim8,0.1320007741451263,0.1889579445123672,0.5597030520439148,0.0111529069633301,2.9937453269958496,0.5597030520439148,0.0165694618185052,2.775503635406494,0.5597030520439148,0.0494122685249986,2.4005002975463867
Ndst2,0.0381601750850677,0.0494659170508384,0.3825817406177521,0.6345534907015672,1.0309507846832275,0.3825817406177521,0.4679991859106411,1.0141184329986572,0.3825817406177521,0.6047142831521396,0.8683077096939087
Camk2g,0.1475190967321396,0.2157187610864639,0.5989342927932739,0.0039474998430713,3.3243753910064697,0.5989342927932739,0.0082256248794249,3.0209336280822754,0.5989342927932739,0.028706798223982,2.623950481414795
Plau,0.0,0.0008045358699746,19.618379592895508,0.9888502385877284,0.1678170263767242,19.618379592895508,0.4679991859106411,1.0,19.618379592895508,0.5282133287683867,1.0
Vcl,0.0050658946856856,0.0380869209766387,2.934311866760254,0.2739880992390934,1.6121488809585571,2.934311866760254,0.0003528235685887,3.9614899158477774,2.934311866760254,0.0007305241333085,3.810619592666626
Ap3m1,0.1520344465970993,0.1465812772512436,-0.0567288435995578,0.6096516837392433,1.0638867616653442,-0.0567288435995578,0.9586958331346918,-0.2747323215007782,-0.0567288435995578,1.0,-0.2298391163349151
Adk,0.1050206124782562,0.1298373639583587,0.324284940958023,0.0330163245844988,2.602919101715088,0.324284940958023,0.2832251056940267,1.443204045295715,0.324284940958023,0.4247033279437463,1.213678956031799
Kat6b,0.1442083418369293,0.1035728380084037,-0.5074259042739868,0.9888502385877284,-0.0615403801202774,-0.5074259042739868,0.0655445176028603,-2.2186219692230225,-0.5074259042739868,0.1703632611140173,-1.808694005012512
Samd8,0.0721353366971015,0.0618190728127956,-0.2301788032054901,0.9888502385877284,0.5179399847984314,-0.2301788032054901,0.6150772725643181,-0.7677541375160217,-0.2301788032054901,0.7289855704697611,-0.6339991688728333
Vdac2,0.7429476380348206,1.0491712093353271,0.7513548731803894,3.0735234495689844e-12,7.333163738250732,0.7513548731803894,1.0769422712103688e-18,9.30343246459961,0.7513548731803894,6.457952905413502e-13,7.673222064971924
Comtd1,0.0908186212182045,0.115376204252243,0.3633049726486206,0.1440961298569689,1.959359049797058,0.3633049726486206,0.269228486187934,1.474612832069397,0.3633049726486206,0.40031763816882,1.257700800895691
Zfp503,0.0,0.0,0.0,0.9888502385877284,0.1005259156227111,0.0,1.0,0.0,0.0,1.0,0.0
Lrmda,0.0003030791413038,0.0,-18.20955848693848,0.9888502385877284,0.0673658028244972,-18.20955848693848,0.4679991859106411,-1.0,-18.20955848693848,0.6832027011037286,-0.7008072733879089
Dlg5,0.0029177865944802,0.0,-21.47854804992676,0.9994412017932364,0.0010455889860168,-21.47854804992676,0.1770733553034983,-1.7229068279266355,-21.47854804992676,0.4270219936596545,-1.207425594329834
Polr3a,0.0686650052666664,0.0852586030960083,0.3243938088417053,0.2195737306842513,1.7374701499938965,0.3243938088417053,0.4181641376453381,1.1563180685043335,0.3243938088417053,0.5359311551879353,0.9752857089042664
Rps24,4.925634384155273,4.031869888305664,-1.304745316505432,4.835319441411167e-187,-29.44050025939941,-1.304745316505432,0.0,-69.71522521972656,-1.304745316505432,2.563638416e-315,-61.36392211914063
Zmiz1,0.2536742687225342,0.3668716549873352,0.6181684136390686,2.188868899457772e-05,4.653767108917236,0.6181684136390686,0.0001262188023176,4.209672927856445,0.6181684136390686,0.0014857520361422,3.6028120517730717
Ppif,0.1182671412825584,0.1319529861211776,0.1680528074502945,0.2391029477853434,1.689671754837036,0.1680528074502945,0.6076858710585283,0.7779168486595154,0.1680528074502945,0.7122846089631993,0.6585268974304199
Zcchc24,0.0022225989960134,0.0031740935519337,0.5147833824157715,0.9888502385877284,0.1684892028570175,0.5147833824157715,0.9084331667545574,0.3467059433460235,0.5147833824157715,0.9563174806349044,0.2991501092910766
Anxa11,0.2334542721509933,0.4961453080177307,1.2886065244674685,1.5219314071151242e-16,8.592426300048828,1.2886065244674685,4.845944607195752e-19,9.463263511657717,1.2886065244674685,6.6749377832235065e-15,8.289520263671875
Tmem254a,0.0019177454523742,0.0084424763917922,2.142965078353882,0.9888502385877284,0.4372055530548095,2.142965078353882,0.1789742033436209,1.716308832168579,2.142965078353882,0.238322805860331,1.6131105422973633
Tmem254c,0.0,0.0,0.0,0.9888502385877284,0.1005259156227111,0.0,1.0,0.0,0.0,1.0,0.0
Cphx3,0.0,0.0,0.0,0.9888502385877284,0.1005259156227111,0.0,1.0,0.0,0.0,1.0,0.0
Slmap,0.1413225084543228,0.1691440194845199,0.279848963022232,0.0728372071191562,2.278786420822144,0.279848963022232,0.301124268849295,1.3908239603042605,0.279848963022232,0.4413481300080789,1.1792960166931152
Dennd6a,0.0986871197819709,0.0906838104128837,-0.1278810650110244,0.938017808130314,0.6508791446685791,-0.1278810650110244,0.8052771530940778,-0.4944173395633697,-0.1278810650110244,0.8803736889439272,-0.4140808284282684
Arf4,0.6645991206169128,0.8483918905258179,0.5013814568519592,0.0001327746903618,4.238369464874268,0.5013814568519592,6.830746984799893e-07,5.343091011047363,0.5013814568519592,5.27635786310776e-05,4.468375205993652
Pde12,0.1322946548461914,0.148680180311203,0.1805536746978759,0.1508793437552553,1.936281442642212,0.1805536746978759,0.54178063159897,0.8790682554244995,0.1805536746978759,0.6832027011037286,0.7425352334976196
Dnah12,0.0,0.0033676971215754,21.685760498046875,0.9888502385877284,0.3023992776870727,21.685760498046875,0.1768387026406404,1.7259254455566406,21.685760498046875,0.1979114296897087,1.7259254455566406
Asb14,0.0010781256714835,0.0,-20.04087257385254,0.9888502385877284,0.0673658028244972,-20.04087257385254,0.4679991859106411,-1.0,-20.04087257385254,0.6832027011037286,-0.7008072733879089
Appl1,0.2209836542606353,0.2235842645168304,0.0188244488090276,0.2181626074524069,1.7410550117492676,0.0188244488090276,1.0,0.1120479702949523,0.0188244488090276,1.0,0.0934814289212226
Hesx1,0.0010280378628522,0.0029864721000194,1.5399610996246338,0.9888502385877284,0.2690151035785675,1.5399610996246338,0.4850887371773163,0.9714412689208984,1.5399610996246338,0.6086402244099517,0.8622090220451355
Il17rd,0.0,0.0,0.0,0.9888502385877284,0.1005259156227111,0.0,1.0,0.0,0.0,1.0,0.0
Arhgef3,0.2877540588378906,0.3518101572990417,0.3386258482933044,0.0094323419330055,3.0498337745666504,0.3386258482933044,0.046752801296273,2.3665168285369877,0.3386258482933044,0.1167147145547298,2.0065975189208984
Tasor,0.5868580937385559,0.4645684659481048,-0.4330272078514099,0.0168429315182178,-2.8516199588775635,-0.4330272078514099,0.0005972281118494,-3.805717706680298,-0.4330272078514099,0.0066327137951388,-3.145158529281616
Ccdc66,0.1016760170459747,0.114013671875,0.1742871105670929,0.3151876993392544,1.5276801586151123,0.1742871105670929,0.6467172415515225,0.7201661467552185,0.1742871105670929,0.7453195422613373,0.609250009059906
Selenok,0.6740948557853699,1.1244120597839355,1.1109853982925415,2.6042101204137908e-28,11.33351230621338,1.1109853982925415,3.6340671821578517e-38,13.735601425170898,1.1109853982925415,1.1416507975155658e-26,11.40545654296875
Actr8,0.1111774072051048,0.0966601222753524,-0.2125241011381149,0.9888502385877284,0.5450506210327148,-0.2125241011381149,0.5449428735230474,-0.8744024038314819,-0.2125241011381149,0.6832027011037286,-0.7257517576217651
Il17rb,0.0055267172865569,0.0,-22.401979446411133,0.9888502385877284,-0.0652746260166168,-22.401979446411133,0.0639719843375332,-2.230325937271118,-22.401979446411133,0.2592065560674511,-1.5630286931991575
Chdh,0.0044000237248837,0.0,-22.07225608825684,0.9888502385877284,-0.0321145206689834,-22.07225608825684,0.105258208520982,-1.999591827392578,-22.07225608825684,0.3293771584194961,-1.401328444480896
Cacna1d,0.0,0.0,0.0,0.9888502385877284,0.1005259156227111,0.0,1.0,0.0,0.0,1.0,0.0
Dcp1a,0.0678053870797157,0.0692196041345596,0.030812531709671,0.8099781582203546,0.8080162405967712,0.030812531709671,1.0,0.1010357365012168,0.030812531709671,1.0,0.0854069292545318
Tkt,0.5426815152168274,0.818403959274292,0.813978910446167,1.3112931333238498e-10,6.791996479034424,0.813978910446167,1.221134096304128e-14,8.162070274353027,0.813978910446167,8.755855638531049e-11,6.9393086433410645
Prkcd,0.1012180671095848,0.1554344147443771,0.6587837934494019,0.0093140535788073,3.054389476776123,0.6587837934494019,0.0114274967152968,2.908244132995605,0.6587837934494019,0.0373877592596762,2.518196582794189
Rft1,0.0687660872936248,0.0347733870148658,-1.0084456205368042,0.9888502385877284,-0.4912027716636657,-1.0084456205368042,0.010183141673488,-2.9459617137908936,-1.0084456205368042,0.0578888882231102,-2.333680391311645
Sfmbt1,0.0266441311687231,0.0393729917705059,0.5726213455200195,0.4600265518285658,1.2815186977386477,0.5726213455200195,0.332569995356598,1.3218177556991575,0.5726213455200195,0.4717036982094952,1.1288474798202517
Stimate,0.0533210523426532,0.0799270793795585,0.6033844351768494,0.0948896436646851,2.1599628925323486,0.6033844351768494,0.0916178682961894,2.0664255619049072,0.6033844351768494,0.1822053756805739,1.7721848487854004
Mustn1,0.0012890975922346,0.0034203238319605,1.409308671951294,0.9888502385877284,0.201798677444458,1.409308671951294,0.6080464589184473,0.7775307893753052,1.409308671951294,0.6832027011037286,0.7013127207756042
Nek4,0.0066177281551063,0.0082441279664635,0.3182055950164795,0.9888502385877284,0.4363093376159668,0.3182055950164795,0.8736899250789648,0.3970586955547333,0.3182055950164795,0.9364586519487458,0.3293425738811493
Spcs1,0.6187244057655334,0.9345911145210266,0.8520776033401489,8.478709871263185e-14,7.811669826507568,0.8520776033401489,4.5657524725497955e-19,9.423151969909668,0.8520776033401489,9.60711767309869e-14,7.932890892028809
Glt8d1,0.0252489689737558,0.0181746631860733,-0.4794173538684845,0.9888502385877284,0.226370021700859,-0.4794173538684845,0.5037023612502732,-0.9398670792579652,-0.4794173538684845,0.6778100622877009,-0.7592458128929138
Gnl3,0.4862589836120605,0.2621399760246277,-1.0631121397018433,2.49645785765112e-06,-5.104415893554688,-1.0631121397018433,2.827117830130164e-13,-7.711461544036865,-1.0631121397018433,5.5031939155600295e-09,-6.271719455718994
Pbrm1,0.6390146613121033,0.6366849541664124,-0.0071273944340646,0.9888502385877284,-0.1508635580539703,-0.0071273944340646,1.0,-0.0669361278414726,-0.0071273944340646,1.0,-0.0557481795549392
Smim4,0.359115332365036,0.2791445553302765,-0.4241843819618225,0.4737868556316166,-1.2577688694000244,-0.4241843819618225,0.0081646296569766,-3.021284341812134,-0.4241843819618225,0.040377277258424,-2.4867846965789795
Nt5dc2,0.002319804392755,0.0109827127307653,2.2494149208068848,0.8383664917086351,0.7727649211883545,2.2494149208068848,0.0666177298663139,2.2131073474884038,2.2494149208068848,0.1105721292840569,2.033876657485962
Stab1,0.0009794407524168,0.0,-19.902307510375977,0.9888502385877284,0.0673658028244972,-19.902307510375977,0.4679991859106411,-1.0,-19.902307510375977,0.6832027011037286,-0.7008072733879089
Nisch,0.5097444653511047,0.4278226196765899,-0.3164554238319397,0.1763394641234359,-1.8564432859420776,-0.3164554238319397,0.0224923646077027,-2.659945011138916,-0.3164554238319397,0.076425305201068,-2.208574056625366
Tnnc1,0.0,0.0036423234269022,21.799057006835938,0.9888502385877284,0.2351081520318985,21.799057006835938,0.2942789202292576,1.4137672185897827,21.799057006835938,0.3247822728813008,1.4137672185897827
Phf7,0.0687985494732856,0.0708139687776565,0.043126456439495,0.8976559187786647,0.7000964879989624,0.043126456439495,1.0,0.1371551007032394,0.043126456439495,1.0,0.1178177446126937
Bap1,0.0669548511505127,0.0718901455402374,0.10620678961277,0.5375349224831143,1.164113998413086,0.10620678961277,0.8979799431088602,0.3621610105037689,0.10620678961277,0.95294927506612,0.3042961657047272
Capn7,0.1016458347439765,0.1257701069116592,0.324969619512558,0.1982634357843641,1.793483853340149,0.324969619512558,0.3122747960231878,1.3642736673355105,0.324969619512558,0.4463854993727211,1.1713210344314575
Sh3bp5,0.3293550610542297,0.0214134771376848,-4.171672821044922,4.6442965907652817e-14,-7.889118194580078,-4.171672821044922,1.59045245914204e-53,-16.58031463623047,-4.171672821044922,1.924517877850396e-27,-11.916418075561523
Mettl6,0.0970963537693023,0.1647941768169403,0.8130754828453064,0.0014339019054006,3.621546745300293,0.8130754828453064,0.000931634681794,3.687001466751098,0.8130754828453064,0.0054807721692582,3.2060954570770264
Eaf1,0.0601624213159084,0.0827809870243072,0.4769471883773803,0.1683413390555887,1.880342483520508,0.4769471883773803,0.1980847932823832,1.6547365188598633,0.4769471883773803,0.3252134791906025,1.4108190536499023
Colq,0.0087699759751558,0.0,-23.07047271728516,0.9888502385877284,-0.1315948367118835,-23.07047271728516,0.0251383749817515,-2.617664098739624,-23.07047271728516,0.1630865035507993,-1.83447790145874
Hacl1,0.0235458128154277,0.0214305464178323,-0.1373333036899566,0.9888502385877284,0.4573704898357391,-0.1373333036899566,0.9575444803825252,-0.2766716480255127,-0.1373333036899566,1.0,-0.2289682924747467
Btd,0.0385421104729175,0.0549235194921493,0.5228972434997559,0.3202015139395418,1.5180457830429075,0.5228972434997559,0.2849656016797442,1.4392927885055542,0.5228972434997559,0.4157393849803486,1.2304543256759644
Ankrd28,0.069923959672451,0.0745217055082321,0.0952304527163505,0.6429970625381146,1.0203454494476318,0.0952304527163505,0.923155135539536,0.3256701529026031,0.0952304527163505,0.9716792705288608,0.2755002975463867
Dph3,0.3390006721019745,0.6111202836036682,1.0619401931762695,2.4354057354291913e-14,7.972317218780518,1.0619401931762695,3.8630094319349715e-17,8.915836334228516,1.0619401931762695,4.730052306409808e-13,7.708421230316162
Oxnad1,0.0459270663559436,0.0286956820636987,-0.6910183429718018,0.9888502385877284,0.1619169265031814,-0.6910183429718018,0.165952840646483,-1.7627753019332886,-0.6910183429718018,0.3275922099227283,-1.4043763875961304
Ncoa4,0.1578991711139679,0.1793350875377655,0.1995512545108795,0.0598372056194937,2.362807035446167,0.1995512545108795,0.4641123967519209,1.0782177448272705,0.1995512545108795,0.5809708003655464,0.9048387408256532
Timm23,0.5357739329338074,0.8596382737159729,0.9426610469818116,2.888934856559426e-14,7.950658798217773,0.9426610469818116,3.4442362645860123e-20,9.730597496032717,0.9426610469818116,8.510642877212029e-15,8.258431434631348
Parg,0.1833065897226333,0.269314706325531,0.6194140911102295,0.00014575075754,4.215740203857422,0.6194140911102295,0.0011079731917674,3.636274099349976,0.6194140911102295,0.0068988869255789,3.131420135498047
Ogdhl,0.0,0.0,0.0,0.9888502385877284,0.1005259156227111,0.0,1.0,0.0,0.0,1.0,0.0
Ercc6,0.0672638639807701,0.0618496015667915,-0.1250150948762893,0.8092711651617746,0.8091365098953247,-0.1250150948762893,0.8576108033081984,-0.4203590154647827,-0.1250150948762893,0.9252434866727036,-0.3474046587944031
Tmem273,0.0003030791413038,0.0004586329159792,0.5977559089660645,0.9888502385877284,0.1345822364091873,0.5977559089660645,0.953073423411372,0.2829648554325104,0.5977559089660645,0.9900135912268164,0.2467629164457321
Wdfy4,0.003617147449404,0.0,-21.789031982421875,0.9888502385877284,-0.0321145206689834,-21.789031982421875,0.1361618230744557,-1.867971420288086,-21.789031982421875,0.3732396548380122,-1.3090879917144775
Arhgap22,0.0011985129676759,0.0,-20.193679809570312,0.9888502385877284,0.0673658028244972,-20.193679809570312,0.4679991859106411,-1.0,-20.193679809570312,0.6832027011037286,-0.7008072733879089
Mapk8,0.1237048953771591,0.0406559444963932,-1.666091799736023,0.230295743109591,-1.7108076810836792,-1.666091799736023,3.592101180866342e-08,-5.881494998931885,-1.666091799736023,4.7896609678492686e-05,-4.501163005828857
Anxa8,0.0,0.0,0.0,0.9888502385877284,0.1005259156227111,0.0,1.0,0.0,0.0,1.0,0.0
Gprin2,0.0,0.0,0.0,0.9888502385877284,0.1005259156227111,0.0,1.0,0.0,0.0,1.0,0.0
Syt15,0.0,0.0,0.0,0.9888502385877284,0.1005259156227111,0.0,1.0,0.0,0.0,1.0,0.0
Shld2,0.0688357874751091,0.0731828659772872,0.0915200039744377,0.6581247713003269,0.9996577501296996,0.0915200039744377,0.937793935321644,0.3056117594242096,0.0915200039744377,0.9817761678294844,0.2594641149044037
Glud1,0.3755163848400116,0.7240287065505981,1.2214782238006592,2.8635826118783155e-20,9.548020362854004,1.2214782238006592,7.355747669210277e-24,10.69256591796875,1.2214782238006592,2.9200084508614567e-18,9.260190963745115
Sncg,0.0,0.0,0.0,0.9888502385877284,0.1005259156227111,0.0,1.0,0.0,0.0,1.0,0.0
Mmrn2,0.0025785355828702,0.0,-21.29998207092285,0.9888502385877284,0.0342056974768638,-21.29998207092285,0.2945192984251671,-1.4092682600021362,-21.29998207092285,0.530209076476308,-0.9876254200935364
Bmpr1a,0.006153218448162,0.0005840815720148,-3.4011166095733643,0.9888502385877284,-0.0315917246043682,-3.4011166095733643,0.0772042312892422,-2.1450676918029785,-3.4011166095733643,0.2752442092090547,-1.523019552230835
Wapl,0.6212126016616821,0.6615588068962097,0.1229759156703949,0.7306245290814722,0.9039117097854614,0.1229759156703949,0.386874295263543,1.2128268480300903,0.1229759156703949,0.5282133287683867,1.0089799165725708
Ccser2,0.1205933839082717,0.2292640060186386,1.0075327157974243,1.4817564433913015e-05,4.738385200500488,1.0075327157974243,4.3640592357845e-06,4.977319717407227,1.0075327157974243,7.152837378802611e-05,4.395501136779785
Cdhr1,0.0,0.0,0.0,0.9888502385877284,0.1005259156227111,0.0,1.0,0.0,0.0,1.0,0.0
2610528A11Rik,0.0,0.0,0.0,0.9888502385877284,0.1005259156227111,0.0,1.0,0.0,0.0,1.0,0.0
Ghitm,0.4047954976558685,0.637395441532135,0.8372842073440552,3.4705191555450572e-09,6.281749248504639,0.8372842073440552,4.051411943311445e-12,7.358654022216797,0.8372842073440552,4.321141187893635e-09,6.305946826934815
Sh2d4b,0.0013400035677477,0.0,-20.354772567749023,0.9888502385877284,0.0673658028244972,-20.354772567749023,0.4679991859106411,-1.0,-20.354772567749023,0.6832027011037286,-0.7008072733879089
Tspan14,0.1245307400822639,0.1266918629407882,0.0264135431498289,0.5252790230237734,1.1827105283737185,0.0264135431498289,1.0,0.1186966896057128,0.0264135431498289,1.0,0.0999575853347778
Prxl2a,0.0373473688960075,0.0634869486093521,0.7844676375389099,0.1863200199926162,1.8269426822662356,0.7844676375389099,0.07304737631913,2.170542001724243,0.7844676375389099,0.1407090092081105,1.908756136894226
Gm7324,0.0044841892085969,0.0143467793241143,1.6849331855773926,0.8945008838921533,0.7048016786575317,1.6849331855773926,0.1172662013986301,1.9461350440979004,1.6849331855773926,0.181602092693795,1.774469971656799
Ear2,0.0,0.001791916671209,20.77436637878418,0.9888502385877284,0.1678170263767242,20.77436637878418,0.4679991859106411,1.0,20.77436637878418,0.5282133287683867,1.0
Ptger2,0.0073894085362553,0.0414865799248218,2.5138096809387207,0.2308996687766583,1.709313988685608,2.5138096809387207,0.000665369477733,3.78851580619812,2.5138096809387207,0.0016355426945555,3.5797150135040283
Txndc16,0.0810348391532898,0.039470475167036,-1.068051815032959,0.9888502385877284,-0.476116418838501,-1.068051815032959,0.0020843492796818,-3.4504141807556152,-1.068051815032959,0.0230508629786088,-2.7105605602264404
Gpr137c,0.0180976726114749,0.012219195254147,-0.5709059238433838,0.989142915124309,-0.030172711238265,-0.5709059238433838,0.5451179759831868,-0.8740991353988647,-0.5709059238433838,0.6832027011037286,-0.7217450141906738
Ero1l,0.1057590320706367,0.1670974045991897,0.7051605582237244,0.0016645915002341,3.579275131225586,0.7051605582237244,0.0031981690428679,3.324903011322021,0.7051605582237244,0.0151753319586182,2.8613109588623047
Psmc6,0.3902836143970489,0.5552977323532104,0.637114942073822,7.536855734822797e-06,4.879016876220703,0.637114942073822,4.050726741297281e-07,5.446383476257324,0.637114942073822,2.8888858120482945e-05,4.606658935546875
Styx,0.0750410482287406,0.0660230219364166,-0.1912924498319625,0.8503804727082322,0.7577532529830933,-0.1912924498319625,0.688104573232405,-0.6602851152420044,-0.1912924498319625,0.7912805096398778,-0.5435015559196472
Gnpnat1,0.1143296584486961,0.205964982509613,0.9170637726783752,2.3145439330876057e-05,4.641294956207275,0.9170637726783752,2.69557173089092e-05,4.575994491577148,0.9170637726783752,0.0003610494073555,3.991575241088867
Ddhd1,0.1568499654531479,0.1432463377714157,-0.1409454047679901,0.7143198623183104,0.9249728322029114,-0.1409454047679901,0.6683905913165176,-0.687873125076294,-0.1409454047679901,0.7730118971162571,-0.5691814422607422
Cdkn3,0.0101582556962966,0.1097320392727851,3.505805015563965,0.0003232551500761,4.016854286193848,3.505805015563965,7.317817989358935e-11,7.001857757568359,3.505805015563965,2.9259873192365864e-10,6.803003311157227
Cnih1,0.1694546341896057,0.340590089559555,1.1358259916305542,1.9874284717447637e-11,7.068704128265381,1.1358259916305542,1.1922212667110802e-11,7.209802150726318,1.1358259916305542,5.087353684437378e-09,6.277742862701416
Gmfb,0.2329975813627243,0.3655112087726593,0.749949038028717,3.4074276393310524e-06,5.041531562805176,0.749949038028717,5.237392739006474e-06,4.935283184051514,0.749949038028717,0.0001143660319128,4.281466960906982
Cgrrf1,0.0292346328496933,0.0836057662963867,1.5555131435394287,0.0154987868086016,2.880747079849243,1.5555131435394287,5.639972734066934e-05,4.411175727844238,1.5555131435394287,0.0003553746753545,3.997437715530396
Samd4,0.0,0.0,0.0,0.9888502385877284,0.1005259156227111,0.0,1.0,0.0,0.0,1.0,0.0
Gch1,0.0620597898960113,0.1547227501869201,1.386003851890564,0.0001042036563949,4.296101093292236,1.386003851890564,1.1012138617802352e-06,5.264715194702148,1.386003851890564,1.716956826363233e-05,4.724682331085205
Wdhd1,0.0561812780797481,0.1410748958587646,1.390544056892395,0.0001745252162002,4.171078681945801,1.390544056892395,2.1593619922442807e-06,5.128118515014648,1.390544056892395,2.9003669740464923e-05,4.606999397277832
Socs4,0.1389040350914001,0.1759139597415924,0.368178516626358,0.0539491949092791,2.405974864959717,0.368178516626358,0.1467066037209987,1.8292292356491089,0.368178516626358,0.258179394720994,1.5643820762634275
Mapk1ip1l,0.2533601224422455,0.425070971250534,0.8773660063743591,7.609843748019325e-10,6.522010803222656,0.8773660063743591,1.924970733734344e-09,6.400497913360596,0.8773660063743591,4.918904312037503e-07,5.455492973327637
Lgals3,0.1378473788499832,2.602044105529785,6.401128768920898,2.883387978851512e-186,29.3736572265625,6.401128768920898,1.7896087391719863e-281,71.13462829589844,6.401128768920898,2.69438577105302e-296,67.0743637084961
Dlgap5,0.0490015633404254,0.0708616897463798,0.5481044054031372,0.1625273068691367,1.898341536521912,0.5481044054031372,0.1708337939212603,1.7470896244049072,0.5481044054031372,0.2847474449931188,1.5005509853363037
Fbxo34,0.0617603436112403,0.0945252254605293,0.6379613876342773,0.1248164125328609,2.031355381011963,0.6379613876342773,0.0691469537894052,2.195070266723633,0.6379613876342773,0.1423495453842579,1.902855634689331
Atg14,0.0608676448464393,0.0340214781463146,-0.8587484359741211,0.9888502385877284,-0.136374682188034,-0.8587484359741211,0.0344271550669863,-2.4914872646331787,-0.8587484359741211,0.1257706296494114,-1.968325138092041
Ktn1,0.3041750490665436,0.258831113576889,-0.2671322226524353,0.9888502385877284,-0.2394398748874664,-0.2671322226524353,0.1771165571071366,-1.7220771312713623,-0.2671322226524353,0.3180291141065998,-1.4284050464630127
Peli2,0.0014393726596608,0.0,-20.45804786682129,0.9888502385877284,0.0673658028244972,-20.45804786682129,0.4679991859106411,-1.0,-20.45804786682129,0.6832027011037286,-0.7008072733879089
Tmem260,0.1568468511104583,0.103616863489151,-0.6373283863067627,0.9888502385877284,-0.5189855694770813,-0.6373283863067627,0.0127534863414341,-2.8673095703125,-0.6373283863067627,0.0580001364805465,-2.332352876663208
Exoc5,0.2081961631774902,0.3278263807296753,0.745133101940155,1.5883315257103267e-06,5.194561004638672,0.745133101940155,1.4568218708851324e-05,4.711240291595459,0.745133101940155,0.0002931137839823,4.045449733734131
Ap5m1,0.1530342400074005,0.1599352955818176,0.0687415450811386,0.262893547874361,1.6368695497512815,0.0687415450811386,0.9081707801697472,0.3471967875957489,0.0687415450811386,0.9619813172263172,0.2903571724891662
Naa30,0.105183407664299,0.0921117663383483,-0.2010338455438614,0.8898111967624537,0.7124941945075989,-0.2010338455438614,0.5939464143505806,-0.7990710735321045,-0.2010338455438614,0.7080070533496938,-0.6644608378410339
ccdc198,0.0,0.0,0.0,0.9888502385877284,0.1005259156227111,0.0,1.0,0.0,0.0,1.0,0.0
Olfr731,0.0,0.0019584901165217,20.90272331237793,0.9888502385877284,0.1678170263767242,20.90272331237793,0.4679991859106411,1.0,20.90272331237793,0.5282133287683867,1.0
Olfr742,0.0011368304258212,0.0016604822594672,0.5469626188278198,0.9888502385877284,0.1345822364091873,0.5469626188278198,0.968944939193148,0.2602180242538452,0.5469626188278198,1.0,0.2255811542272567
Ttc5,0.2210539281368255,0.2241342514753341,0.0222693011164665,0.1875460074459879,1.8231338262557983,0.0222693011164665,1.0,0.131343275308609,0.0222693011164665,1.0,0.1093540117144584
Ccnb1ip1,0.0077905529178678,0.005488933995366,-0.5068620443344116,0.9888502385877284,0.1354784518480301,-0.5068620443344116,0.7537574227118018,-0.5684910416603088,-0.5068620443344116,0.850671170624355,-0.4568284451961517
Parp2,0.1687655299901962,0.1304100900888443,-0.4003218710422516,0.9888502385877284,0.1845464557409286,-0.4003218710422516,0.1008412444641323,-2.020034074783325,-0.4003218710422516,0.221270572427116,-1.6571815013885498
Tep1,0.06836599111557,0.052207950502634,-0.4007819294929504,0.9888502385877284,0.2475058436393737,-0.4007819294929504,0.3611686840574073,-1.2627888917922974,-0.4007819294929504,0.5282133287683867,-1.0371229648590088
Klhl33,0.0011176079278811,0.0,-20.09279060363769,0.9888502385877284,0.0673658028244972,-20.09279060363769,0.4679991859106411,-1.0,-20.09279060363769,0.6832027011037286,-0.7008072733879089
Osgep,0.253428190946579,0.2391234040260315,-0.0945635363459587,0.6613108887024951,0.9955500960350036,-0.0945635363459587,0.7287716394273764,-0.6021657586097717,-0.0945635363459587,0.8198827075193681,-0.5022121071815491
Apex1,0.2119835168123245,0.1105030253529548,-1.0150353908538818,0.2472677778171055,-1.6707764863967896,-1.0150353908538818,7.573069909293549e-07,-5.3154730796813965,-1.0150353908538818,0.0001579336506133,-4.206930637359619
Pip4p1,0.1723371893167495,0.1975716799497604,0.215905874967575,0.1010795258251281,2.130910396575928,0.215905874967575,0.4016688530460077,1.1843730211257937,0.215905874967575,0.5282133287683867,1.0002468824386597
Pnp,0.1975540518760681,0.4170938730239868,1.24458646774292,2.673597859268715e-13,7.661702632904053,1.24458646774292,9.941105486700722e-16,8.519583702087402,1.24458646774292,2.415465262952448e-12,7.477350234985352
Pnp2,0.0,0.0100388685241341,23.266340255737305,0.9888502385877284,0.5715637803077698,23.266340255737305,0.0380002802715125,2.4576070308685303,23.266340255737305,0.0437844925740208,2.4576070308685303
Rnase4,0.0,0.0004586329159792,18.807313919067383,0.9888502385877284,0.1678170263767242,18.807313919067383,0.4679991859106411,1.0,18.807313919067383,0.5282133287683867,1.0
Ang,0.001307826838456,0.0,-20.319684982299805,0.9888502385877284,0.0673658028244972,-20.319684982299805,0.4679991859106411,-1.0,-20.319684982299805,0.6832027011037286,-0.7008072733879089
Rnase6,0.0065350281074643,0.0058366828598082,-0.1635489910840988,0.9888502385877284,0.1029905155301094,-0.1635489910840988,1.0,-0.1611621528863906,-0.1635489910840988,1.0,-0.1364855468273162
Rnase2b,0.0,0.0,0.0,0.9888502385877284,0.1005259156227111,0.0,1.0,0.0,0.0,1.0,0.0
Vmn2r89,0.0,0.0,0.0,0.9888502385877284,0.1005259156227111,0.0,1.0,0.0,0.0,1.0,0.0
Mettl17,0.0616497546434402,0.0411249510943889,-0.5990132093429565,0.9888502385877284,0.0612416416406631,-0.5990132093429565,0.1558433426097761,-1.7955684661865234,-0.5990132093429565,0.3057167611557184,-1.4544788599014282
Slc39a2,0.0021417238749563,0.0019278991967439,-0.1518971025943756,0.9888502385877284,0.1013474464416503,-0.1518971025943756,1.0,-0.0871419534087181,-0.1518971025943756,1.0,-0.0737404748797416
Ndrg2,0.0233964435756206,0.008727652952075,-1.433233380317688,0.9888502385877284,-0.2009024620056152,-1.433233380317688,0.0498076146390971,-2.3390417098999023,-1.433233380317688,0.17094166561233,-1.8074313402175903
Arhgef40,0.0020537532400339,0.003539050463587,0.7861709594726562,0.9888502385877284,0.1686385720968246,0.7861709594726562,0.7968228276268072,0.5063967108726501,0.7861709594726562,0.8538089267855399,0.4521796703338623
Zfp219,0.0194438844919204,0.0400141067802906,1.056104063987732,0.4733341511064122,1.2587398290634155,1.056104063987732,0.0675168821797524,2.2065348625183105,1.056104063987732,0.1242011910831418,1.9743367433547971
Tmem253,0.0027245555538684,0.0051972139626741,0.9335021376609802,0.9888502385877284,0.2356309443712234,0.9335021376609802,0.6680547004994665,0.6884908676147461,0.9335021376609802,0.7497253701990452,0.6032484769821167
Olfr221,0.0,0.0,0.0,0.9888502385877284,0.1005259156227111,0.0,1.0,0.0,0.0,1.0,0.0
Hnrnpc,0.9037363529205322,0.8816887140274048,-0.0538719221949577,0.3752712559272566,-1.4175946712493896,-0.0538719221949577,0.7131820430647318,-0.6251931190490723,-0.0538719221949577,0.8060864336737924,-0.5234421491622925
Rpgrip1,0.3707550466060638,0.2724365293979645,-0.5192627310752869,0.5143025669447088,-1.1971993446350098,-0.5192627310752869,0.0012626321100917,-3.5963447093963623,-0.5192627310752869,0.012287639820705,-2.9380507469177246
Supt16,0.4685899317264557,0.7106906771659851,0.7925943732261658,5.522189086832465e-10,6.572422981262207,0.7925943732261658,2.7421731145922904e-11,7.074504852294922,0.7925943732261658,1.8645968525822463e-08,6.054269313812256
Chd8,0.5119812488555908,0.3963941931724548,-0.4588229656219482,0.0373518284538765,-2.554149866104126,-0.4588229656219482,0.0007588557308307,-3.740272521972656,-0.4588229656219482,0.0080921282787975,-3.0784037113189697
Rab2b,0.0778551623225212,0.0649532377719879,-0.2708086967468261,0.9888502385877284,0.3583382964134216,-0.2708086967468261,0.5153438827740179,-0.9215049147605896,-0.2708086967468261,0.6745957106208952,-0.763557493686676
Tox4,0.3164969980716705,0.3986563980579376,0.3957436978816986,0.0062137347482431,3.1839678287506104,0.3957436978816986,0.010725669176158,2.930154323577881,0.3957436978816986,0.0389606800893961,2.501345157623291
Mettl3,0.1226013898849487,0.1158005446195602,-0.0873366743326187,0.4669966655179095,1.2697184085845947,-0.0873366743326187,0.875897375063869,-0.394197553396225,-0.0873366743326187,0.9388453966079672,-0.3257294595241546
Sall2,0.0116061624139547,0.0048586833290755,-1.261127471923828,0.9888502385877284,-0.031442355364561,-1.261127471923828,0.2797754835991827,-1.4508121013641355,-1.261127471923828,0.4694310997197557,-1.1327135562896729
Trav1,0.0,0.0,0.0,0.9888502385877284,0.1005259156227111,0.0,1.0,0.0,0.0,1.0,0.0
Trav2,0.0,0.0,0.0,0.9888502385877284,0.1005259156227111,0.0,1.0,0.0,0.0,1.0,0.0
Trav3-1,0.0,0.0,0.0,0.9888502385877284,0.1005259156227111,0.0,1.0,0.0,0.0,1.0,0.0
Trav5-1,0.0,0.0,0.0,0.9888502385877284,0.1005259156227111,0.0,1.0,0.0,0.0,1.0,0.0
Trav6-1,0.0,0.0,0.0,0.9888502385877284,0.1005259156227111,0.0,1.0,0.0,0.0,1.0,0.0
Trav7-1,0.0,0.0,0.0,0.9888502385877284,0.1005259156227111,0.0,1.0,0.0,0.0,1.0,0.0
Trav6-2,0.0,0.0,0.0,0.9888502385877284,0.1005259156227111,0.0,1.0,0.0,0.0,1.0,0.0
Trav7d-2,0.0,0.0,0.0,0.9888502385877284,0.1005259156227111,0.0,1.0,0.0,0.0,1.0,0.0
Trav7d-3,0.0,0.0,0.0,0.9888502385877284,0.1005259156227111,0.0,1.0,0.0,0.0,1.0,0.0
Trav6d-4,0.0,0.0,0.0,0.9888502385877284,0.1005259156227111,0.0,1.0,0.0,0.0,1.0,0.0
Trav7d-4,0.0,0.0,0.0,0.9888502385877284,0.1005259156227111,0.0,1.0,0.0,0.0,1.0,0.0
Trav8d-1,0.0,0.0,0.0,0.9888502385877284,0.1005259156227111,0.0,1.0,0.0,0.0,1.0,0.0
Trav9d-1,0.0,0.0,0.0,0.9888502385877284,0.1005259156227111,0.0,1.0,0.0,0.0,1.0,0.0
Trav6d-5,0.0,0.0,0.0,0.9888502385877284,0.1005259156227111,0.0,1.0,0.0,0.0,1.0,0.0
Trav13d-1,0.0,0.0,0.0,0.9888502385877284,0.1005259156227111,0.0,1.0,0.0,0.0,1.0,0.0
Trav8d-2,0.0,0.0,0.0,0.9888502385877284,0.1005259156227111,0.0,1.0,0.0,0.0,1.0,0.0
Trav16d-dv11,0.0,0.0,0.0,0.9888502385877284,0.1005259156227111,0.0,1.0,0.0,0.0,1.0,0.0
Trav13d-4,0.0,0.0,0.0,0.9888502385877284,0.1005259156227111,0.0,1.0,0.0,0.0,1.0,0.0
Trav14d-3-dv8,0.0,0.0,0.0,0.9888502385877284,0.1005259156227111,0.0,1.0,0.0,0.0,1.0,0.0
Trav7n-4,0.0,0.0,0.0,0.9888502385877284,0.1005259156227111,0.0,1.0,0.0,0.0,1.0,0.0
Trav9n-1,0.0,0.0,0.0,0.9888502385877284,0.1005259156227111,0.0,1.0,0.0,0.0,1.0,0.0
Trav6n-5,0.0,0.0,0.0,0.9888502385877284,0.1005259156227111,0.0,1.0,0.0,0.0,1.0,0.0
Trav10n,0.0,0.0,0.0,0.9888502385877284,0.1005259156227111,0.0,1.0,0.0,0.0,1.0,0.0
Trav6n-6,0.0,0.0,0.0,0.9888502385877284,0.1005259156227111,0.0,1.0,0.0,0.0,1.0,0.0
Trav13n-1,0.0010545456316322,0.0,-20.008953094482425,0.9888502385877284,0.0673658028244972,-20.008953094482425,0.4679991859106411,-1.0,-20.008953094482425,0.6832027011037286,-0.7008072733879089
Trav14n-1,0.0,0.002423875266686,21.210634231567383,0.9888502385877284,0.1678170263767242,21.210634231567383,0.4679991859106411,1.0,21.210634231567383,0.5282133287683867,1.0
Trav9n-4,0.0,0.0,0.0,0.9888502385877284,0.1005259156227111,0.0,1.0,0.0,0.0,1.0,0.0
Trav13n-3,0.0,0.0,0.0,0.9888502385877284,0.1005259156227111,0.0,1.0,0.0,0.0,1.0,0.0
Trav8n-2,0.0,0.0,0.0,0.9888502385877284,0.1005259156227111,0.0,1.0,0.0,0.0,1.0,0.0
Trav16n,0.0024499685969203,0.0,-21.22610092163086,0.9888502385877284,0.0342056974768638,-21.22610092163086,0.2942789202292576,-1.4124833345413208,-21.22610092163086,0.5299909986835808,-0.9898785948753356
Trav13n-4,0.000954125309363,0.0,-19.86450958251953,0.9888502385877284,0.0673658028244972,-19.86450958251953,0.4679991859106411,-1.0,-19.86450958251953,0.6832027011037286,-0.7008072733879089
Trav14n-3,0.0,0.0,0.0,0.9888502385877284,0.1005259156227111,0.0,1.0,0.0,0.0,1.0,0.0
Trav4-2,0.0,0.0,0.0,0.9888502385877284,0.1005259156227111,0.0,1.0,0.0,0.0,1.0,0.0
Trav6-3,0.0,0.0,0.0,0.9888502385877284,0.1005259156227111,0.0,1.0,0.0,0.0,1.0,0.0
Trav7-3,0.0,0.0,0.0,0.9888502385877284,0.1005259156227111,0.0,1.0,0.0,0.0,1.0,0.0
Trav6-4,0.0,0.0,0.0,0.9888502385877284,0.1005259156227111,0.0,1.0,0.0,0.0,1.0,0.0
Trav7-4,0.0,0.0,0.0,0.9888502385877284,0.1005259156227111,0.0,1.0,0.0,0.0,1.0,0.0
Trav8-1,0.0,0.0,0.0,0.9888502385877284,0.1005259156227111,0.0,1.0,0.0,0.0,1.0,0.0
Trav9-1,0.0,0.0,0.0,0.9888502385877284,0.1005259156227111,0.0,1.0,0.0,0.0,1.0,0.0
Trav6-5,0.0,0.0,0.0,0.9888502385877284,0.1005259156227111,0.0,1.0,0.0,0.0,1.0,0.0
Trav10,0.0,0.0,0.0,0.9888502385877284,0.1005259156227111,0.0,1.0,0.0,0.0,1.0,0.0
Trav7-5,0.0,0.0,0.0,0.9888502385877284,0.1005259156227111,0.0,1.0,0.0,0.0,1.0,0.0
Trav12-1,0.0010661400156095,0.0,-20.024736404418945,0.9888502385877284,0.0673658028244972,-20.024736404418945,0.4679991859106411,-1.0,-20.024736404418945,0.6832027011037286,-0.7008072733879089
Trav13-1,0.0,0.0,0.0,0.9888502385877284,0.1005259156227111,0.0,1.0,0.0,0.0,1.0,0.0
Trav14-1,0.5023723244667053,1.7754137516021729,2.909230232238769,8.192616586878785e-103,21.75205993652344,2.909230232238769,4.7284822560353076e-113,27.50242042541504,2.909230232238769,6.910076312525934e-99,24.56001853942871
Trav15-1-dv6-1,0.0033914460800588,0.0008831589948385,-1.9429643154144287,0.9888502385877284,0.0681126564741134,-1.9429643154144287,0.4131902320745051,-1.1645853519439695,-1.9429643154144287,0.6139813125085372,-0.8534780740737915
Trav9-2,0.0,0.0,0.0,0.9888502385877284,0.1005259156227111,0.0,1.0,0.0,0.0,1.0,0.0
Trav4-3,0.0,0.0,0.0,0.9888502385877284,0.1005259156227111,0.0,1.0,0.0,0.0,1.0,0.0
Trav12-2,0.0,0.0016785711050033,20.68001365661621,0.9888502385877284,0.1678170263767242,20.68001365661621,0.4679991859106411,1.0,20.68001365661621,0.5282133287683867,1.0
Trav12-3,0.0023100164253264,0.0,-21.14113998413086,0.9888502385877284,0.0342056974768638,-21.14113998413086,0.2942789202292576,-1.4134085178375244,-21.14113998413086,0.5299909986835808,-0.9905269742012024
Trav13-2,0.0,0.0009882686426863,19.915258407592773,0.9888502385877284,0.1678170263767242,19.915258407592773,0.4679991859106411,1.0,19.915258407592773,0.5282133287683867,1.0
Trav14-2,0.003029802115634,0.0028985773678869,-0.0639732107520103,0.9888502385877284,0.0685607641935348,-0.0639732107520103,1.0,-0.0387665815651416,-0.0639732107520103,1.0,-0.0343136824667453
Trav15-2-dv6-2,0.004445825703442,0.0055234665051102,0.3139004111289978,0.9888502385877284,0.1690119951963424,0.3139004111289978,0.9578076221632532,0.2762925028800964,0.3139004111289978,0.9948935299787366,0.2388941645622253
Trav3-3,0.0047812215052545,0.0,-22.192398071289062,0.9994412017932364,0.0010455889860168,-22.192398071289062,0.1824493605006482,-1.7039344310760498,-22.192398071289062,0.4333220144834754,-1.1941297054290771
Trav9-4,0.0,0.0,0.0,0.9888502385877284,0.1005259156227111,0.0,1.0,0.0,0.0,1.0,0.0
Trav4-4-dv10,0.0,0.0,0.0,0.9888502385877284,0.1005259156227111,0.0,1.0,0.0,0.0,1.0,0.0
Trav5-4,0.0,0.0,0.0,0.9888502385877284,0.1005259156227111,0.0,1.0,0.0,0.0,1.0,0.0
Trav6-7-dv9,0.0,0.0,0.0,0.9888502385877284,0.1005259156227111,0.0,1.0,0.0,0.0,1.0,0.0
Trav7-6,0.0,0.0,0.0,0.9888502385877284,0.1005259156227111,0.0,1.0,0.0,0.0,1.0,0.0
Trav13-3,0.0010160097153857,0.0,-19.955217361450195,0.9888502385877284,0.0673658028244972,-19.955217361450195,0.4679991859106411,-1.0,-19.955217361450195,0.6832027011037286,-0.7008072733879089
Trav8-2,0.0064883180893957,0.0027908089105039,-1.21983003616333,0.9888502385877284,0.1018702387809753,-1.21983003616333,0.4894356789874923,-0.964215099811554,-1.21983003616333,0.6832027011037286,-0.7265338897705078
Trav16,0.013566949404776,0.0083035714924335,-0.7120961546897888,0.9994412017932364,0.0038836163002997,-0.7120961546897888,0.5417262376897988,-0.8791441321372986,-0.7120961546897888,0.6832027011037286,-0.7155644297599792
Trav13-4-dv7,0.00562454899773,0.004056756850332,-0.4725424349308014,0.9888502385877284,0.1354784518480301,-0.4725424349308014,0.8474430208832023,-0.434238076210022,-0.4725424349308014,0.9204543834812164,-0.3542942106723785
Trav14-3,0.0046924818307161,0.0,-22.165306091308597,0.9994412017932364,0.0010455889860168,-22.165306091308597,0.1961589259496904,-1.660426378250122,-22.165306091308597,0.4513649005570795,-1.1636388301849363
Trav3-4,0.0,0.0,0.0,0.9888502385877284,0.1005259156227111,0.0,1.0,0.0,0.0,1.0,0.0
Trav13-5,0.0034755857195705,0.0046884147450327,0.4327194094657898,0.9888502385877284,0.2693138420581817,0.4327194094657898,0.889713255775394,0.3736550807952881,0.4327194094657898,0.9447181224048146,0.3162243366241455
Trav17,0.0042157843708992,0.0026429754216223,-0.6747729778289795,0.9888502385877284,0.0684113949537277,-0.6747729778289795,0.8492484786911821,-0.4313878715038299,-0.6747729778289795,0.9211637357887504,-0.3532122671604156
Trav19,0.0038094474002718,0.0,-21.86389923095703,0.9994412017932364,0.0010455889860168,-21.86389923095703,0.1808554112031634,-1.7088830471038818,-21.86389923095703,0.43147132297785,-1.197597622871399
Trav20,0.0,0.0,0.0,0.9888502385877284,0.1005259156227111,0.0,1.0,0.0,0.0,1.0,0.0
Trav21-dv12,0.0046313372440636,0.0063773402944207,0.4627863466739654,0.9888502385877284,0.2358549982309341,0.4627863466739654,0.847805346791839,0.4333554208278656,0.4627863466739654,0.906944004608808,0.3742004036903381
Trdv1,0.0158514585345983,0.0126996263861656,-0.322108507156372,0.9888502385877284,0.3682713806629181,-0.322108507156372,0.8245535968709217,-0.4666691422462463,-0.322108507156372,0.907421796192752,-0.3735509812831878
Trav22,0.0248197186738252,0.0102117704227566,-1.291821837425232,0.9888502385877284,-0.2012012004852295,-1.291821837425232,0.0793091089772385,-2.131764411926269,-1.291821837425232,0.220366782794591,-1.660223364830017
Trdv2-2,0.0309593137353658,0.0291390214115381,-0.0887407660484314,0.9888502385877284,0.1036626771092414,-0.0887407660484314,1.0,-0.1868070214986801,-0.0887407660484314,1.0,-0.1598414331674575
Trav23,0.0021189721301198,0.0,-21.016462326049805,0.9888502385877284,0.0342056974768638,-21.016462326049805,0.2942789202292576,-1.4142205715179443,-21.016462326049805,0.5299909986835808,-0.9910960793495178
Trdv3,0.0,0.0,0.0,0.9888502385877284,0.1005259156227111,0.0,1.0,0.0,0.0,1.0,0.0
Trdv4,0.0010362970642745,0.0035637812688946,1.7837941646575928,0.9888502385877284,0.201798677444458,1.7837941646575928,0.5174590368252777,0.9185824990272522,1.7837941646575928,0.6112941072580667,0.8577122688293457
Trdc,1.2555159330368042,0.9436624646186828,-0.6772953867912292,3.043771417825896e-06,-5.064833164215088,-0.6772953867912292,1.811080803457574e-07,-5.59879732131958,-0.6772953867912292,1.69348347288311e-05,-4.726633548736572
Trdv5,0.0107710221782326,0.0188354179263114,0.812124490737915,0.9742517371348264,0.6027073860168457,0.812124490737915,0.3929760528469762,1.2012556791305542,0.812124490737915,0.5190506226776571,1.0509260892868042
Traj18,0.0,0.0,0.0,0.9888502385877284,0.1005259156227111,0.0,1.0,0.0,0.0,1.0,0.0
Trac,1.833380460739136,2.619662046432495,1.276593804359436,5.407603771733082e-96,21.016637802124023,1.276593804359436,1.1316165505484628e-111,25.48215675354004,1.276593804359436,7.931739014381393e-76,20.87399673461914
Dad1,1.3504787683486938,1.5171490907669067,0.3159079551696777,6.365476543394915e-06,4.914342880249023,0.3159079551696777,1.9200517432580617e-06,5.137948036193848,0.3159079551696777,9.729130201587698e-05,4.321870803833008
Abhd4,0.0111934402957558,0.031579103320837,1.511074185371399,0.7047328420809142,0.9383414387702942,1.511074185371399,0.055687806407068,2.293487310409546,1.511074185371399,0.0947914045072197,2.107921838760376
Olfr49,0.0,0.0,0.0,0.9888502385877284,0.1005259156227111,0.0,1.0,0.0,0.0,1.0,0.0
Oxa1l,0.2621703147888183,0.3820909261703491,0.634552001953125,1.4735122562038032e-05,4.739804267883301,0.634552001953125,5.0789355596180497e-05,4.427807807922363,0.634552001953125,0.0007336381105471,3.801162004470825
Slc7a7,0.0,0.0,0.0,0.9888502385877284,0.1005259156227111,0.0,1.0,0.0,0.0,1.0,0.0
Mrpl52,0.723361611366272,0.9755353927612304,0.6388242244720459,1.2092748442127246e-07,5.677846908569336,0.6388242244720459,1.728442446264807e-11,7.133889675140381,0.6388242244720459,2.9665222226489644e-08,5.974725246429443
Mmp14,0.0012022354640066,0.0119051914662122,3.315527439117432,0.9888502385877284,0.4708137810230255,3.315527439117432,0.0883906510488875,2.085446119308472,3.315527439117432,0.1121068141818592,2.0285747051239014
Lrp10,0.3116598427295685,0.7173166871070862,1.5202221870422363,3.054647963815251e-29,11.523361206054688,1.5202221870422363,1.832778254036477e-36,13.520655632019045,1.5202221870422363,4.8778358987781565e-28,11.705026626586914
Rem2,0.0,0.0079645682126283,22.9309139251709,0.9888502385877284,0.4369814991950989,22.9309139251709,0.0948767873739565,2.052579641342163,22.9309139251709,0.1069339026412479,2.052579641342163
Prmt5,0.161395862698555,0.115868754684925,-0.5117117166519165,0.9888502385877284,-0.2550490200519562,-0.5117117166519165,0.0447389958329332,-2.3840787410736084,-0.5117117166519165,0.1292926435756415,-1.9528414011001587
Haus4,0.1346491128206253,0.204838827252388,0.6573472023010254,0.0013641892351149,3.635288953781128,0.6573472023010254,0.0029457511785357,3.3504269123077397,0.6573472023010254,0.0140111528521403,2.8908567428588867
Ajuba,0.0,0.0030485668685287,21.541900634765625,0.9888502385877284,0.3023992776870727,21.541900634765625,0.1858978791126522,1.6935276985168457,21.541900634765625,0.2085447408256027,1.6935276985168457
4931414P19Rik,0.008557085879147,0.0221060588955879,1.3790487051010132,0.81240110709482,0.8036098480224609,1.3790487051010132,0.1093616434356419,1.9804607629776,1.3790487051010132,0.1787878989830126,1.7827086448669434
Psmb5,0.7194532155990601,1.0998104810714722,0.9276618361473083,1.5583798959131812e-19,9.366236686706545,0.9276618361473083,7.499557462770334e-26,11.113337516784668,0.9276618361473083,2.05672753043244e-18,9.308709144592283
Psmb11,0.0,0.0,0.0,0.9888502385877284,0.1005259156227111,0.0,1.0,0.0,0.0,1.0,0.0
Cdh24,0.0334365703165531,0.0264993421733379,-0.3404993712902069,0.9888502385877284,0.223606675863266,-0.3404993712902069,0.6351978486653828,-0.7370957136154175,-0.3404993712902069,0.7453195422613373,-0.6092772483825684
Acin1,0.8566716313362122,0.9027917981147766,0.1137357279658317,0.9888502385877284,0.1755095869302749,0.1137357279658317,0.3457333747579978,1.294277310371399,0.1137357279658317,0.5070020045937967,1.0705524682998655
1700123O20Rik,0.2147099673748016,0.4035022258758545,1.0533758401870728,2.5678692204273535e-11,7.031959533691406,1.0533758401870728,5.066315732025899e-12,7.3340349197387695,1.0533758401870728,2.9079890547404882e-09,6.372614860534668
Cebpe,0.0,0.0,0.0,0.9888502385877284,0.1005259156227111,0.0,1.0,0.0,0.0,1.0,0.0
Slc7a8,0.0,0.0,0.0,0.9888502385877284,0.1005259156227111,0.0,1.0,0.0,0.0,1.0,0.0
Homez,0.0181598868221044,0.0242561306804418,0.4220073819160461,0.9275445003620542,0.6623059511184692,0.4220073819160461,0.5862739724027357,0.8111661076545715,0.4220073819160461,0.6881787059466865,0.693136990070343
Ppp1r3e,0.0152347283437848,0.0081811621785163,-0.902083933353424,0.9889019379570492,-0.0309942457824945,-0.902083933353424,0.3557970609141486,-1.273127555847168,-0.902083933353424,0.5282133287683867,-1.0205767154693604
Bcl2l2,0.0158524494618177,0.0129201281815767,-0.2972057461738586,0.9888502385877284,0.3326466679573059,-0.2972057461738586,0.8157162537751157,-0.4796077609062195,-0.2972057461738586,0.8985262836172325,-0.3868349492549896
Pabpn1,0.2360487431287765,0.2151147574186325,-0.1496463865041732,0.7815762896892569,0.8431928157806396,-0.1496463865041732,0.5232504494053303,-0.9087148904800416,-0.1496463865041732,0.6812953419819351,-0.7540979385375977
Slc22a17,0.0011050197063013,0.0020353598520159,0.8818823099136353,0.9888502385877284,0.1345822364091873,0.8818823099136353,0.8708584802770457,0.401704877614975,0.8818823099136353,0.9158287854600806,0.3613433241844177
Ngdn,0.2833951413631439,0.4077630639076233,0.6197853088378906,2.334245944070678e-05,4.639352798461914,0.6197853088378906,3.376346754486323e-05,4.522075653076172,0.6197853088378906,0.0005636738707936,3.8725435733795166
Zfhx2,0.0827497839927673,0.1938039362430572,1.3097244501113892,0.0001769651073983,4.167717933654785,1.3097244501113892,7.419284436497887e-07,5.34563684463501,1.3097244501113892,1.0404219274324862e-05,4.835358619689941
Thtpa,0.0400363765656948,0.0801747590303421,1.0310806035995483,0.0758223831675044,2.2607128620147705,1.0310806035995483,0.0065715253543597,3.0968520641326904,1.0310806035995483,0.0212932808686416,2.7385029792785645
Ap1g2,0.1071931943297386,0.1964123845100402,0.9396585822105408,3.769140039815801e-05,4.531507968902588,0.9396585822105408,2.8005563370024385e-05,4.567172050476074,0.9396585822105408,0.0003601689169566,3.9923365116119385
Jph4,0.0,0.0,0.0,0.9888502385877284,0.1005259156227111,0.0,1.0,0.0,0.0,1.0,0.0
Dhrs4,0.1169146448373794,0.1558600068092346,0.4435266256332397,0.0348240153037712,2.582231283187866,0.4435266256332397,0.0884704577882636,2.082442283630371,0.4435266256332397,0.1774107094740931,1.786885142326355
Carmil3,0.0,0.0,0.0,0.9888502385877284,0.1005259156227111,0.0,1.0,0.0,0.0,1.0,0.0
Nrl,0.0,0.0,0.0,0.9888502385877284,0.1005259156227111,0.0,1.0,0.0,0.0,1.0,0.0
Pck2,0.0257422663271427,0.0265465471893548,0.0449677035212516,0.9888502385877284,0.5571495890617371,0.0449677035212516,1.0,0.0945675820112228,0.0449677035212516,1.0,0.0785705149173736
Dcaf11,0.1867258995771408,0.1704165786504745,-0.143971249461174,0.9888502385877284,0.5423619747161865,-0.143971249461174,0.6310777886149598,-0.7431992888450623,-0.143971249461174,0.7346788443075337,-0.6252256631851196
Psme1,1.7525153160095217,1.8494774103164675,0.1675739884376526,0.1217965456074869,2.0432302951812744,0.1675739884376526,0.0063488299852699,3.1050784587860107,0.1675739884376526,0.0333267989228113,2.5658071041107178
Emc9,0.1722410768270492,0.0970926582813263,-0.8824193477630615,0.567217112538247,-1.1219170093536377,-0.8824193477630615,0.0001322249515365,-4.192326545715332,-0.8824193477630615,0.0036850368458083,-3.3341026306152344
Psme2,1.3304712772369385,1.6975176334381104,0.6806147694587708,4.501960856008125e-20,9.499176025390623,0.6806147694587708,6.9559734914435795e-28,11.522497177124023,0.6806147694587708,3.419672846103576e-18,9.273606300354004
Rnf31,0.1068078279495239,0.1064764186739921,-0.0047266641631722,0.701306079475078,0.9437187314033508,-0.0047266641631722,1.0,-0.0194012038409709,-0.0047266641631722,1.0,-0.0163712371140718
Irf9,0.4024533033370971,0.5105250477790833,0.427028089761734,0.0012362544357539,3.66277289390564,0.427028089761734,0.0026992142726253,3.376292943954468,0.427028089761734,0.0148180746416131,2.870609760284424
Rec8,0.0,0.0,0.0,0.9888502385877284,0.1005259156227111,0.0,1.0,0.0,0.0,1.0,0.0
Ipo4,0.0720838159322738,0.0215724427253007,-1.777206540107727,0.6761629972046675,-0.9788206815719604,-1.777206540107727,7.855426612424068e-06,-4.836259841918945,-1.777206540107727,0.0011671742949438,-3.679273843765259
Tm9sf1,0.0560825020074844,0.0587120614945888,0.0680211707949638,0.749889270484208,0.8803112506866455,0.0680211707949638,1.0,0.2098044455051422,0.0680211707949638,1.0,0.1763102561235427
Tssk4,0.0079632569104433,0.0079703135415911,0.0012829659972339,0.9888502385877284,0.2023961544036865,0.0012829659972339,1.0,0.0014978690305724,0.0012829659972339,1.0,0.0012554978020489
Mdp1,0.3835622370243072,0.5776985883712769,0.7420691251754761,2.2714786221754966e-07,5.564475059509277,0.7420691251754761,2.2149891026441396e-09,6.3788886070251465,0.7420691251754761,4.636181364168039e-07,5.466672897338867
Nedd8,1.0063462257385254,1.384026050567627,0.7851737141609192,3.4057481860900233e-22,10.005390167236328,0.7851737141609192,3.750232996577241e-28,11.605634689331056,0.7851737141609192,4.20143047766179e-19,9.511344909667969
Gmpr2,0.0952337980270385,0.1192430704832077,0.3419883847236633,0.1300847693828559,2.0105929374694824,0.3419883847236633,0.2845865124488924,1.440173864364624,0.3419883847236633,0.419198348723993,1.224377989768982
Tinf2,0.0399383567273616,0.0633693560957908,0.683057963848114,0.1961128960013901,1.799309253692627,0.683057963848114,0.1058013485330147,1.9964557886123655,0.683057963848114,0.196231917162576,1.7291302680969238
Tgm1,0.0,0.0,0.0,0.9888502385877284,0.1005259156227111,0.0,1.0,0.0,0.0,1.0,0.0
Rabggta,0.1111903488636016,0.0832626596093177,-0.4377619922161102,0.9888502385877284,-0.1174793913960456,-0.4377619922161102,0.1644813109204124,-1.7677477598190308,-0.4377619922161102,0.3072456249180895,-1.4513205289840698
Dhrs1,0.0787850841879844,0.2871370315551758,2.0206186771392822,6.625022306083801e-15,8.135727882385254,2.0206186771392822,3.627835261382408e-19,9.56121063232422,2.0206186771392822,2.2891528314459283e-16,8.747800827026367
Nop9,0.1045983731746673,0.159532755613327,0.649491012096405,0.0094209529912216,3.0502817630767822,0.649491012096405,0.0098239460057139,2.961237907409668,0.649491012096405,0.0328560764057985,2.571237325668335
Ltb4r2,0.0010920345084741,0.0,-20.059375762939453,0.9888502385877284,0.0673658028244972,-20.059375762939453,0.4679991859106411,-1.0,-20.059375762939453,0.6832027011037286,-0.7008072733879089
Ltb4r1,0.0,0.0425060428678989,25.37193489074707,0.1370828803004205,1.9846773147583008,25.37193489074707,6.3101046353578095e-06,4.92864465713501,25.37193489074707,7.798745902975432e-06,4.92864465713501
Adcy4,0.0,0.0,0.0,0.9888502385877284,0.1005259156227111,0.0,1.0,0.0,0.0,1.0,0.0
Ripk3,0.0840044394135475,0.174222856760025,1.1188751459121704,6.504749747752135e-05,4.407232284545898,1.1188751459121704,6.645612757090642e-06,4.887711048126221,1.1188751459121704,9.962292350075268e-05,4.315814971923828
Nynrin,0.0,0.0,0.0,0.9888502385877284,0.1005259156227111,0.0,1.0,0.0,0.0,1.0,0.0
Cbln3,0.0,0.0,0.0,0.9888502385877284,0.1005259156227111,0.0,1.0,0.0,0.0,1.0,0.0
Khnyn,0.1030971184372901,0.225174531340599,1.2175073623657229,1.966598723651188e-06,5.152288913726807,1.2175073623657229,7.026939857204924e-08,5.789523601531982,1.2175073623657229,2.4267957039960616e-06,5.1392903327941895
Sdr39u1,0.0863412469625473,0.0763534903526306,-0.1846583187580108,0.8461484023417675,0.7627571821212769,-0.1846583187580108,0.6602006956822085,-0.6999748945236206,-0.1846583187580108,0.7674976821685726,-0.5772957801818848
Cma1,0.0,0.0036622590851038,21.80694580078125,0.9888502385877284,0.2351081520318985,21.80694580078125,0.3122747960231878,1.365393877029419,21.80694580078125,0.3449107758055892,1.365393877029419
Mcpt8,0.0,0.0,0.0,0.9888502385877284,0.1005259156227111,0.0,1.0,0.0,0.0,1.0,0.0
Gzmf,0.0,0.0081291086971759,22.960533142089844,0.9888502385877284,0.5042726397514343,22.960533142089844,0.0644395477841399,2.230607032775879,22.960533142089844,0.0734855666309692,2.230607032775879
Gzmc,0.0,0.0154339140281081,23.890748977661133,0.7272849805709227,0.9080193638801576,23.890748977661133,0.0052562793071419,3.179415464401245,23.890748977661133,0.0061339668339432,3.179415464401245
Gzmb,0.3660643696784973,3.1636409759521484,5.679582118988037,7.0336661486696005e-189,29.59121322631836,5.679582118988037,0.0,78.30476379394531,5.679582118988037,0.0,69.25956726074219
Rnf17,0.0016510284040123,0.0017407435225322,0.0764034017920494,0.9888502385877284,0.1014968156814575,0.0764034017920494,1.0,0.0420411750674247,0.0764034017920494,1.0,0.0362279005348682
Cenpj,0.0845949351787567,0.0757346153259277,-0.1660952121019363,0.7469596287231454,0.8835226893424988,-0.1660952121019363,0.7167455082984184,-0.6195365190505981,-0.1660952121019363,0.8115881521254114,-0.5145940184593201
Parp4,0.2225998193025589,0.3120559155941009,0.55475252866745,0.0006786770279851,3.826631546020508,0.55475252866745,0.001698426268679,3.5140459537506104,0.55475252866745,0.0096109031532187,3.02014708518982
Mphosph8,0.2795118391513824,0.2870680093765259,0.0441908426582813,0.2616638779045203,1.6394835710525513,0.0441908426582813,0.9483335942163298,0.2899599075317383,0.0441908426582813,0.9925491363293456,0.242952287197113
Pspc1,0.2187904268503189,0.2568750381469726,0.2600772082805633,0.0184283027044225,2.819580078125,0.2600772082805633,0.2268531134513361,1.5765130519866943,0.2600772082805633,0.3624575441399185,1.3281203508377075
Zmym5,0.2580468952655792,0.2056146264076233,-0.3669722378253937,0.9888502385877284,-0.0957460775971412,-0.3669722378253937,0.0716309344982569,-2.178671836853028,-0.3669722378253937,0.1744168316627321,-1.79600191116333
Zmym2,0.1766900718212127,0.1121120080351829,-0.7039843201637268,0.8612914478472825,-0.7466999292373657,-0.7039843201637268,0.0025772365806976,-3.388237714767456,-0.7039843201637268,0.021066973972015,-2.743584156036377
Gjb2,0.0,0.0004586329159792,18.807313919067383,0.9888502385877284,0.1678170263767242,18.807313919067383,0.4679991859106411,1.0,18.807313919067383,0.5282133287683867,1.0
Cryl1,0.0578098632395267,0.014919901266694,-1.985203742980957,0.791910001846329,-0.8284052014350891,-1.985203742980957,1.5043200717084404e-05,-4.694884300231934,-1.985203742980957,0.0020031911993156,-3.522934913635254
Ift88,0.0103202937170863,0.0064956271089613,-0.6707060933113098,0.9888502385877284,0.1351797133684158,-0.6707060933113098,0.572873816162207,-0.8314019441604614,-0.6707060933113098,0.7105696216901028,-0.6610265374183655
Eef1akmt1,0.2483585923910141,0.3062140345573425,0.3457757532596588,0.0094696038813551,3.0485639572143555,0.3457757532596588,0.0540053476757997,2.304823875427246,0.3457757532596588,0.129844936192522,1.9503611326217647
Xpo4,0.1639332920312881,0.1576889455318451,-0.0606521777808666,0.439377012689705,1.3137078285217283,-0.0606521777808666,0.9327854399226354,-0.3122084736824035,-0.0606521777808666,0.9816571361151588,-0.2600302398204803
Lats2,0.1105701699852943,0.080981969833374,-0.4709734618663788,0.9888502385877284,-0.2133001536130905,-0.4709734618663788,0.1466140897564766,-1.8294655084609983,-0.4709734618663788,0.2792145378295442,-1.5131009817123413
Sap18,0.3806734979152679,0.5945233702659607,0.8099238276481628,3.402758280686388e-09,6.285035610198975,0.8099238276481628,4.844728656856855e-11,6.985406875610352,0.8099238276481628,3.2014731739915675e-08,5.958712100982666
Ska3,0.001939897541888,0.0226668454706668,3.5615124702453613,0.4836998993510787,1.2433546781539917,3.5615124702453613,0.0014663840703867,3.567900419235229,3.5615124702453613,0.0024083795034378,3.468755006790161
Mrpl57,0.5974419116973877,0.870110034942627,0.7629219889640808,1.1022352937228491e-10,6.818061828613281,0.7629219889640808,4.1580244088338384e-14,7.993093013763428,0.7629219889640808,3.0426841508844985e-10,6.744660377502441
Zdhhc20,0.5632547736167908,0.4852562844753265,-0.2761983275413513,0.2450482777978878,-1.6762285232543943,-0.2761983275413513,0.0382879667542493,-2.448317289352417,-0.2761983275413513,0.1151928965357904,-2.012920379638672
Micu2,0.185223639011383,0.3066936135292053,0.8187398910522461,8.624081452552206e-06,4.851308822631836,0.8187398910522461,8.19528090645417e-06,4.840822696685791,0.8187398910522461,0.0001404086594757,4.231439590454102
Fgf9,0.0,0.0,0.0,0.9888502385877284,0.1005259156227111,0.0,1.0,0.0,0.0,1.0,0.0
Rcbtb1,0.1121405437588691,0.1064183712005615,-0.0797635540366172,0.7390790867067705,0.8923355340957642,-0.0797635540366172,0.9145027739947488,-0.3372616767883301,-0.0797635540366172,0.9669109047972771,-0.2819794714450836
Phf11a,0.0364146903157234,0.1987638622522354,2.567867517471313,1.4643449271794154e-09,6.419617652893066,2.567867517471313,3.9389688920874364e-16,8.72403621673584,2.567867517471313,1.5138959541504273e-14,8.23043441772461
Phf11b,0.2315158545970916,0.8870349526405334,2.4545083045959477,8.065066671352675e-64,17.11076545715332,2.4545083045959477,4.940046542105693e-72,20.49045753479004,2.4545083045959477,7.800281746868775e-62,18.392335891723636
Phf11d,0.0116880210116505,0.0279833152890205,1.271329402923584,0.6825533198525349,0.9685141444206238,1.271329402923584,0.0826464978139259,2.1146678924560547,1.271329402923584,0.1441246215481283,1.895922899246216
Phf11c,0.1479367166757583,0.2387802898883819,0.7583439350128174,0.0002511022396428,4.080709934234619,0.7583439350128174,0.0002680349803237,4.021313190460205,0.7583439350128174,0.0021084957683384,3.500630140304565
Setdb2,0.0835743322968483,0.1222791150212287,0.5774446725845337,0.0452214942647317,2.4789421558380127,0.5774446725845337,0.0555945526128462,2.2928004264831543,0.5774446725845337,0.1214427513180297,1.9864208698272705
Cab39l,0.1792147010564804,0.2123523652553558,0.2694544196128845,0.0348955521521175,2.5812604427337646,0.2694544196128845,0.2582829383080093,1.499179482460022,0.2694544196128845,0.3941814300488835,1.2691967487335205
Cdadc1,0.0874984636902809,0.1058384105563163,0.2879763543605804,0.2050537819475396,1.7754100561141968,0.2879763543605804,0.4357884410818943,1.1271134614944458,0.2879763543605804,0.546776985301219,0.9578615427017212
Shisa2,0.0,0.0,0.0,0.9888502385877284,0.1005259156227111,0.0,1.0,0.0,0.0,1.0,0.0
Atp8a2,0.0107788927853107,0.0086010871455073,-0.3271913230419159,0.9888502385877284,0.1684892028570175,-0.3271913230419159,0.8469936636751161,-0.434950590133667,-0.3271913230419159,0.9183525835555832,-0.3573791682720184
Nupl1,0.0015455315588042,0.001727731199935,0.160907045006752,0.9888502385877284,0.1345822364091873,0.160907045006752,1.0,0.078597716987133,0.160907045006752,1.0,0.0650353878736496
Gm49336,0.082793228328228,0.1351715624332428,0.7456761002540588,0.0144404091952116,2.905169010162353,0.7456761002540588,0.0086526356948164,3.004685401916504,0.7456761002540588,0.02815480398779,2.631873369216919
Mtmr6,0.0961816236376762,0.1530711948871612,0.7122589349746704,0.012422834372323,2.9575977325439453,0.7122589349746704,0.0068034420258804,3.084523677825928,0.7122589349746704,0.0248221811491313,2.681058883666992
Spata13,0.2711521685123443,0.3255292177200317,0.3048564791679382,0.0283185960435675,2.660053014755249,0.3048564791679382,0.093557348863254,2.055706262588501,0.3048564791679382,0.1897794749252069,1.7491248846054075
C1qtnf9,0.0026571999769657,0.001727731199935,-0.6216984391212463,0.9888502385877284,0.1013474464416503,-0.6216984391212463,0.8976986035199774,-0.3626907467842102,-0.6216984391212463,0.9621297219425496,-0.289904236793518
Mipep,0.0311564356088638,0.025560088455677,-0.2896933257579803,0.9888502385877284,0.349226713180542,-0.2896933257579803,0.6959081129557902,-0.6491420865058899,-0.2896933257579803,0.7973415151961606,-0.5349898338317871
Tnfrsf19,0.0,0.0,0.0,0.9888502385877284,0.1005259156227111,0.0,1.0,0.0,0.0,1.0,0.0
Sacs,0.1391982585191726,0.1998776495456695,0.5669828653335571,0.0021106155173892,3.510714292526245,0.5669828653335571,0.0153156763231904,2.80364727973938,0.5669828653335571,0.0488432559938816,2.4053995609283447
Arl11,0.0,0.0146437790244817,23.814361572265625,0.7829282611445391,0.840728223323822,23.814361572265625,0.0052771096271653,3.17763090133667,23.814361572265625,0.0061660345108857,3.17763090133667
Ebpl,0.1905124336481094,0.3384500443935394,0.9404702186584472,1.818254557103353e-07,5.604506492614746,0.9404702186584472,2.9684590479140508e-08,5.93994140625,0.9404702186584472,1.8289628979860543e-06,5.195194244384766
Kpna3,0.0965658575296402,0.1980092078447342,1.110953688621521,3.00691039852221e-06,5.067447185516357,1.110953688621521,1.3644254273903058e-06,5.217104911804199,1.110953688621521,2.9120358383996788e-05,4.604780673980713
Spryd7,0.0698446631431579,0.0380323566496372,-0.9000765681266785,0.9888502385877284,-0.5198071002960205,-0.9000765681266785,0.0203939700271855,-2.696388959884644,-0.9000765681266785,0.0839276053824184,-2.1644883155822754
Trim13,0.0349098108708858,0.0536954365670681,0.6348178386688232,0.4673948211824593,1.268598198890686,0.6348178386688232,0.2015878619849166,1.6447794437408447,0.6348178386688232,0.3179599146241189,1.4286102056503296
Kcnrg,0.0120850754901766,0.0,-23.535449981689453,0.9888502385877284,-0.2310751676559448,-23.535449981689453,0.0064335347624128,-3.1026158332824707,-23.535449981689453,0.0826765307589091,-2.1743357181549072
Dleu7,0.0026626652106642,0.0,-21.34636116027832,0.9994412017932364,0.0010455889860168,-21.34636116027832,0.2288461228999632,-1.5713635683059692,-21.34636116027832,0.4884440212568342,-1.1012229919433594
Rnaseh2b,0.1321868896484375,0.3620714545249939,1.6263437271118164,4.8530058017730846e-14,7.883367538452148,1.6263437271118164,3.5605323182938245e-17,8.978209495544434,1.6263437271118164,2.673129463508692e-14,8.11594295501709
Fam124a,0.0,0.0,0.0,0.9888502385877284,0.1005259156227111,0.0,1.0,0.0,0.0,1.0,0.0
Ints6,0.2482552826404571,0.2328673750162124,-0.1038606315851211,0.7106811966013926,0.9306488633155824,-0.1038606315851211,0.7143451956448527,-0.6233932375907898,-0.1038606315851211,0.8078304858126995,-0.5206151008605957
Wdfy2,0.0215038992464542,0.0235287342220544,0.1312915831804275,0.9888502385877284,0.4648389816284179,0.1312915831804275,0.9774072847722248,0.2486062496900558,0.1312915831804275,1.0,0.2116384357213974
Ctsb,0.2263513505458831,0.8283319473266602,2.343815565109253,3.0890935912669104e-58,16.33844757080078,2.343815565109253,2.593197760165473e-66,19.438085556030277,2.343815565109253,2.0178646756929322e-56,17.41379737854004
Fdft1,0.0629134625196456,0.0942181795835495,0.6055137515068054,0.0809929233026142,2.230390787124634,0.6055137515068054,0.0717863938182946,2.177943468093872,0.6055137515068054,0.1496691614434215,1.8773902654647827
Neil2,0.0060819406062364,0.0194195583462715,1.684548020362854,0.868163768046772,0.7380364537239075,1.684548020362854,0.0837165507334481,2.109175682067871,1.684548020362854,0.1355887530872489,1.9284552335739136
Blk,0.0051993196830153,0.0014346968382596,-1.8602932691574097,0.9888502385877284,0.0348778627812862,-1.8602932691574097,0.3638664278864557,-1.257301688194275,-1.8602932691574097,0.5600497389333602,-0.9375975728034972
Fam167a,0.0,0.0,0.0,0.9888502385877284,0.1005259156227111,0.0,1.0,0.0,0.0,1.0,0.0
Mtmr9,0.0380170233547687,0.0773792341351509,1.0539674758911133,0.0549018472141371,2.398730516433716,1.0539674758911133,0.0069040806324902,3.0804901123046875,1.0539674758911133,0.0216752566064963,2.732327938079834
Xkr6,0.0046891956590116,0.011672556400299,1.3207522630691528,0.9888502385877284,0.4368321299552917,1.3207522630691528,0.314349940425603,1.3598754405975342,1.3207522630691528,0.4143065377561948,1.2333160638809204
Pinx1,0.1284976601600647,0.1334772706031799,0.0585223734378814,0.2483564843764042,1.6681625843048096,0.0585223734378814,0.9627540850435712,0.269123375415802,0.0585223734378814,1.0,0.2254588007926941
Msra,0.1050995141267776,0.1016169115900993,-0.0511706098914146,0.5768294661542929,1.108921766281128,-0.0511706098914146,1.0,-0.2151045501232147,-0.0511706098914146,1.0,-0.1792815923690796
Kif13b,0.0970527827739715,0.2602928280830383,1.544551134109497,9.585686796153951e-09,6.115426063537598,1.544551134109497,7.947289558763869e-12,7.296715259552002,1.544551134109497,6.679667604313722e-10,6.623592853546143
Hmbox1,0.1183502897620201,0.0858183205127716,-0.4875715970993042,0.9888502385877284,-0.0516819693148136,-0.4875715970993042,0.1081754351422691,-1.9843884706497192,-0.4875715970993042,0.2343669192779895,-1.623052954673767
Ints9,0.143715813755989,0.1151965111494064,-0.3401376903057098,0.9888502385877284,0.4886634945869446,-0.3401376903057098,0.2135350815865315,-1.6112746000289917,-0.3401376903057098,0.3690547465337919,-1.3158938884735107
Extl3,0.0801181271672248,0.0886425748467445,0.1521068513393402,0.3686077228130698,1.42954421043396,0.1521068513393402,0.7645499921238902,0.552518367767334,0.1521068513393402,0.8430819939342514,0.4675647616386413
Fzd3,0.0,0.0,0.0,0.9888502385877284,0.1005259156227111,0.0,1.0,0.0,0.0,1.0,0.0
Zfp395,0.0979436710476875,0.0149389766156673,-2.773309230804444,0.1413864973427145,-1.9689934253692627,-2.773309230804444,8.367283106559372e-12,-7.226676940917969,-2.773309230804444,1.184963684168398e-06,-5.311127185821533
Pnoc,0.0,0.0,0.0,0.9888502385877284,0.1005259156227111,0.0,1.0,0.0,0.0,1.0,0.0
Elp3,0.1036143526434898,0.0726332664489746,-0.5351977944374084,0.9888502385877284,0.2113583385944366,-0.5351977944374084,0.076061628225014,-2.151085615158081,-0.5351977944374084,0.1950290828758697,-1.7339749336242676
Nuggc,0.0,0.0,0.0,0.9888502385877284,0.1005259156227111,0.0,1.0,0.0,0.0,1.0,0.0
Pbk,0.0058841663412749,0.025701854377985,2.1412951946258545,0.324816352374124,1.5093823671340942,2.1412951946258545,0.0028212096656814,3.367816925048828,2.1412951946258545,0.0079553134214041,3.0852174758911133
Esco2,0.0151158347725868,0.0577214621007442,1.963967084884644,0.1823452740146444,1.83866822719574,1.963967084884644,0.0006875732232586,3.778515577316284,1.963967084884644,0.0018471683884983,3.5430641174316406
Ccdc25,0.158621996641159,0.2774151563644409,0.895255982875824,4.033983744817843e-06,5.0077738761901855,0.895255982875824,3.829574614961999e-06,5.002652645111084,0.895255982875824,7.733798190490106e-05,4.376153469085693
Clu,0.0024144793860614,0.0,-21.20502281188965,0.9888502385877284,0.0342056974768638,-21.20502281188965,0.2942789202292576,-1.414985418319702,-21.20502281188965,0.5299909986835808,-0.991632044315338
Adam2,0.0,0.0,0.0,0.9888502385877284,0.1005259156227111,0.0,1.0,0.0,0.0,1.0,0.0
Ephx2,0.0,0.0,0.0,0.9888502385877284,0.1005259156227111,0.0,1.0,0.0,0.0,1.0,0.0
Chrna2,0.0010140176163986,0.0,-19.95238494873047,0.9888502385877284,0.0673658028244972,-19.95238494873047,0.4679991859106411,-1.0,-19.95238494873047,0.6832027011037286,-0.7008072733879089
Ptk2b,0.3392628133296966,0.5106567740440369,0.7223146557807922,2.639122904398401e-07,5.537215232849121,0.7223146557807922,9.437338378109133e-08,5.724833965301514,0.7223146557807922,7.457922049479552e-06,4.903831481933594
Trim35,0.2229814529418945,0.2580536603927612,0.2370596230030059,0.0790461666654383,2.241742849349976,0.2370596230030059,0.2823982462092452,1.4451473951339722,0.2370596230030059,0.4193037641492292,1.2241573333740234
Dpysl2,0.2586742341518402,0.5590732097625732,1.3433129787445068,3.5912255538103304e-19,9.27646541595459,1.3433129787445068,7.943379766699658e-23,10.445222854614258,1.3433129787445068,1.134091022706455e-17,9.095795631408691
Bnip3l,0.6327018141746521,0.7161968350410461,0.2457786500453949,0.1559442615816453,1.9197760820388796,0.2457786500453949,0.0393726900299133,2.436805248260498,0.2457786500453949,0.1091011220259348,2.0402448177337646
Ppp2r2a,0.395703375339508,0.417278915643692,0.0932075828313827,0.340863084453888,1.4807780981063845,0.0932075828313827,0.6434440671093831,0.7249079346656799,0.0932075828313827,0.7473490192530392,0.6065599918365479
Cdca2,0.0126547254621982,0.0556477904319763,2.167837619781494,0.068867333617225,2.302760362625122,2.167837619781494,9.682834682989072e-05,4.287152290344238,2.167837619781494,0.0003392723689534,4.013012409210205
Kctd9,0.0254036020487546,0.085211656987667,1.789557933807373,0.0171026380074881,2.846242666244507,1.789557933807373,3.620310555888775e-05,4.517441749572754,1.789557933807373,0.0001993579640331,4.146510601043701
Gnrh1,0.0086277294903993,0.0093105798587203,0.1103835329413414,0.9888502385877284,0.4025517702102661,0.1103835329413414,1.0,0.1432289481163025,0.1103835329413414,1.0,0.1172345280647277
Dock5,0.0349664539098739,0.1545577496290207,2.231731653213501,3.2535669461868104e-06,5.05124044418335,2.231731653213501,2.1633257750117103e-11,7.165670871734619,2.231731653213501,4.6006556553554127e-10,6.697735786437988
Nefl,0.0,0.0,0.0,0.9888502385877284,0.1005259156227111,0.0,1.0,0.0,0.0,1.0,0.0
Adam28,0.0,0.0,0.0,0.9888502385877284,0.1005259156227111,0.0,1.0,0.0,0.0,1.0,0.0
Slc25a37,0.0404054820537567,0.0840544179081916,1.0885850191116333,0.0368234140199852,2.5595271587371826,1.0885850191116333,0.0036711929220467,3.2844600677490234,1.0885850191116333,0.0136756060136544,2.899800062179565
Synb,0.0,0.0,0.0,0.9888502385877284,0.1005259156227111,0.0,1.0,0.0,0.0,1.0,0.0
Gm16867,0.0455804988741874,0.0320755541324615,-0.5167473554611206,0.9888502385877284,0.2052341848611831,-0.5167473554611206,0.3339699418761627,-1.3186495304107666,-0.5167473554611206,0.5039674649319443,-1.0754637718200684
Loxl2,0.0034955036826431,0.0040838690474629,0.2248609066009521,0.9888502385877284,0.1356278359889984,0.2248609066009521,1.0,0.1621899753808975,0.2248609066009521,1.0,0.1411632746458053
R3hcc1,0.0787511616945266,0.1026604622602462,0.4000153243541717,0.18281886623991,1.8371745347976685,0.4000153243541717,0.2491488220937592,1.5198488235473633,0.4000153243541717,0.377047706042724,1.3004688024520874
Chmp7,0.0675604417920112,0.1096881777048111,0.7299948930740356,0.0173323246219897,2.841313362121582,0.7299948930740356,0.0176122346811201,2.752116441726685,0.7299948930740356,0.0526673814312924,2.3732075691223145
Tnfrsf10b,0.0212026126682758,0.0050746318884193,-2.074526071548462,0.9888502385877284,-0.2657289803028106,-2.074526071548462,0.0117337936156274,-2.896350622177124,-2.074526071548462,0.084015590498573,-2.165079116821289
Rhobtb2,0.0877153575420379,0.0384242348372936,-1.2267427444458008,0.7039404029352312,-0.9394617080688475,-1.2267427444458008,0.0004679344034471,-3.8683321475982666,-1.2267427444458008,0.0090195333653964,-3.043874263763428
Egr3,0.0796785056591034,0.0276878774166107,-1.5627750158309937,0.7512203593381274,-0.8785935044288635,-1.5627750158309937,0.0005059142322133,-3.8479931354522714,-1.5627750158309937,0.0110697101813138,-2.974954128265381
Bin3,0.1779738515615463,0.2550921440124511,0.5769883394241333,0.0025128674670477,3.4601526260375977,0.5769883394241333,0.0029843661134669,3.346657514572144,0.5769883394241333,0.0139743561352513,2.8918468952178955
Ccar2,0.0793624073266983,0.1056212037801742,0.4316054582595825,0.1299553402130969,2.0112650394439697,0.4316054582595825,0.2054962851410382,1.6333909034729004,0.4316054582595825,0.3303513397669537,1.396440505981445
9930012K11Rik,0.0197704508900642,0.0231812950223684,0.2320845574140548,0.9888502385877284,0.5614812970161438,0.2320845574140548,0.8400377694597633,0.4441786110401153,0.2320845574140548,0.9040509062979012,0.3786071538925171
Pdlim2,0.2357060015201568,0.5118348598480225,1.3302505016326904,4.668344625234248e-19,9.24741268157959,1.3302505016326904,4.887053003313639e-21,9.989548683166504,1.3302505016326904,2.5075238840037812e-16,8.712798118591309
Sorbs3,0.0,0.0015016174875199,20.5191707611084,0.9888502385877284,0.1678170263767242,20.5191707611084,0.4679991859106411,1.0,20.5191707611084,0.5282133287683867,1.0
Ppp3cc,0.2484557479619979,0.4779651761054992,1.119470238685608,4.3882641210141983e-14,7.896586894989014,1.119470238685608,1.2773370992667752e-14,8.174739837646484,1.119470238685608,2.706183825025638e-11,7.11885404586792
Slc39a14,0.0453324578702449,0.0889533162117004,1.004321813583374,0.0360611298773021,2.5679664611816406,1.004321813583374,0.0046301387786703,3.2115366458892822,1.004321813583374,0.0167120493924274,2.82720947265625
Piwil2,0.0090101966634392,0.002535335952416,-1.8340562582015991,0.9888502385877284,-0.0313676707446575,-1.8340562582015991,0.1816159260990575,-1.7061532735824585,-1.8340562582015991,0.378450271633618,-1.2983921766281128
Polr3d,0.112971693277359,0.0948289334774017,-0.2658761739730835,0.9390937629727484,0.6488626599311829,-0.2658761739730835,0.4448146848898984,-1.111150145530701,-0.2658761739730835,0.5753428112852516,-0.91359144449234
Bmp1,0.0023599157575517,0.0015170128317549,-0.6381098628044128,0.9888502385877284,0.1013474464416503,-0.6381098628044128,0.889803887029312,-0.3734511137008667,-0.6381098628044128,0.9567154066352612,-0.2982308566570282
Reep4,0.0883374884724617,0.1217550039291381,0.4874110221862793,0.0334027058420925,2.597840547561645,0.4874110221862793,0.0937358290047565,2.054825782775879,0.4874110221862793,0.1883646877566015,1.7535256147384644
Hr,0.0,0.0,0.0,0.9888502385877284,0.1005259156227111,0.0,1.0,0.0,0.0,1.0,0.0
Nudt18,0.0903044492006301,0.108394905924797,0.2766937017440796,0.1572876161273383,1.914772152900696,0.2766937017440796,0.4371682984711799,1.1244378089904783,0.2766937017440796,0.5514466636778392,0.950348973274231
Fam160b2,0.068721167743206,0.0604030229151248,-0.1921984553337097,0.9888502385877284,0.4599844813346863,-0.1921984553337097,0.7066127397265786,-0.6338397860527039,-0.1921984553337097,0.8045173347115451,-0.5259262323379517
Dmtn,0.0,0.0,0.0,0.9888502385877284,0.1005259156227111,0.0,1.0,0.0,0.0,1.0,0.0
Npm2,0.0011985129676759,0.0,-20.193679809570312,0.9888502385877284,0.0673658028244972,-20.193679809570312,0.4679991859106411,-1.0,-20.193679809570312,0.6832027011037286,-0.7008072733879089
Xpo7,0.1665817499160766,0.1866172105073928,0.1787295490503311,0.0751815614105028,2.264820337295532,0.1787295490503311,0.4815777796981084,0.9769873023033142,0.1787295490503311,0.636894652504505,0.8184149265289307
Dok2,0.1797859519720077,0.4240129292011261,1.422849416732788,1.6823343884087759e-16,8.580626487731934,1.422849416732788,1.1801693802387097e-18,9.368362426757812,1.422849416732788,7.437427372509581e-15,8.27735424041748
Gfra2,0.0,0.0,0.0,0.9888502385877284,0.1005259156227111,0.0,1.0,0.0,0.0,1.0,0.0
Fndc3a,0.1733568757772445,0.1775171905755996,0.0373023301362991,0.5645805460862451,1.1254271268844604,0.0373023301362991,1.0,0.1948536932468414,0.0373023301362991,1.0,0.1646496653556823
Cysltr2,0.047209158539772,0.1743057668209076,1.9778543710708616,2.108768157350888e-06,5.138397693634033,1.9778543710708616,8.137510558353417e-11,6.951793670654297,1.9778543710708616,2.170506630344213e-09,6.436328411102295
Rcbtb2,0.2494838088750839,0.280523270368576,0.1925524175167083,0.0720635750866939,2.283192873001098,0.1925524175167083,0.4065492797837511,1.176224708557129,0.1925524175167083,0.5299909986835808,0.9935302734375
Rb1,0.079032689332962,0.1369638890028,0.8358146548271179,0.0017887568991031,3.558587551116944,0.8358146548271179,0.0019909827811636,3.4683961868286133,0.8358146548271179,0.009559030575556,3.0219051837921143
Lpar6,0.1591625660657882,0.0952861234545707,-0.7872173190116882,0.6809355265860522,-0.9707546830177308,-0.7872173190116882,0.0014951040932024,-3.5474307537078857,-0.7872173190116882,0.0156899372156145,-2.8505094051361084
Itm2b,1.885654330253601,2.389202833175659,0.8251075744628906,1.412779353163433e-56,16.10266876220703,0.8251075744628906,5.139636575292367e-63,18.104625701904297,0.8251075744628906,4.23436865052221e-42,14.754555702209473
Med4,0.2301250249147415,0.2332142293453216,0.0215522833168506,0.2921019731228256,1.5733873844146729,0.0215522833168506,1.0,0.1301660239696502,0.0215522833168506,1.0,0.1087527871131897
Nudt15,0.0247322246432304,0.0194951295852661,-0.3470698595046997,0.9888502385877284,0.4557274281978607,-0.3470698595046997,0.6581422049561029,-0.7032874822616577,-0.3470698595046997,0.7764369773319645,-0.5642285346984863
Sucla2,0.1768620014190673,0.2982059717178345,0.8446779251098633,1.6522692365598037e-06,5.18641996383667,0.8446779251098633,3.085266008432608e-06,5.047191143035889,0.8446779251098633,7.199240428581e-05,4.393490314483643
Gm21750,0.0,0.0,0.0,0.9888502385877284,0.1005259156227111,0.0,1.0,0.0,0.0,1.0,0.0
Htr2a,0.0014819737989455,0.0,-20.500158309936523,0.9888502385877284,0.0342056974768638,-20.500158309936523,0.3844633191630055,-1.2178226709365845,-20.500158309936523,0.6140502075667942,-0.8534589409828186
Esd,0.5346874594688416,1.0848355293273926,1.4704748392105105,1.197022562354801e-43,14.124563217163086,1.4704748392105105,5.772123888527108e-54,16.76601219177246,1.4704748392105105,1.200001891859034e-39,14.19194221496582
Lrch1,0.1043778955936431,0.1227060407400131,0.2468611747026443,0.2340481159822863,1.701621413230896,0.2468611747026443,0.4679991859106411,1.0333517789840698,0.2468611747026443,0.5963953796141737,0.8808515071868896
Rubcnl,0.0,0.0111297341063618,23.41595268249512,0.9452671725632862,0.6388548612594604,23.41595268249512,0.0247280050239713,2.6302106380462646,23.41595268249512,0.0286851499640204,2.6302106380462646
Lrrc63,0.0,0.0,0.0,0.9888502385877284,0.1005259156227111,0.0,1.0,0.0,0.0,1.0,0.0
Lcp1,1.3528562784194946,1.7452210187911987,0.7206997871398926,5.9484730954752224e-24,10.405327796936035,0.7206997871398926,2.5309195607252198e-24,10.750008583068848,0.7206997871398926,2.6923037698558478e-17,8.996025085449219
Zc3h13,0.4146417379379272,0.4428408145904541,0.1167131587862968,0.3229657862381578,1.5131165981292725,0.1167131587862968,0.5279661912418361,0.9013203978538512,0.1167131587862968,0.6771574293325577,0.7603973150253296
Siah3,0.0,0.0,0.0,0.9888502385877284,0.1005259156227111,0.0,1.0,0.0,0.0,1.0,0.0
Cog3,0.0639863088726997,0.0606794543564319,-0.0789653956890106,0.7322160457848611,0.9007002115249634,-0.0789653956890106,0.9721904566834548,-0.2557964920997619,-0.0789653956890106,1.0,-0.2121417075395584
Slc25a30,0.1195443421602249,0.1827166825532913,0.6587791442871094,0.0031086664220185,3.3969693183898926,0.6587791442871094,0.0052669602620891,3.168416738510132,0.6587791442871094,0.0219535972056443,2.727452278137207
Tpt1,4.959146976470947,4.384018421173096,-0.8376845121383667,7.815113781130521e-170,-28.002666473388672,-0.8376845121383667,1.2275463195552765e-233,-47.19952774047852,-0.8376845121383667,5.187799650246437e-205,-41.267704010009766
Gtf2f2,0.1090727895498275,0.2139074355363845,1.0493520498275757,1.960569339671517e-06,5.153260231018066,1.0493520498275757,1.2436216957512512e-06,5.234532833099365,1.0493520498275757,3.083096449773634e-05,4.591814041137695
Kctd4,0.003383727511391,0.0038101403042674,0.1715385317802429,0.9888502385877284,0.1353290826082229,0.1715385317802429,1.0,0.1272441297769546,0.1715385317802429,1.0,0.1094062179327011
Gpalpp1,0.1125712022185325,0.1762144714593887,0.6935078501701355,0.0011094513137034,3.692572116851807,0.6935078501701355,0.0039448363200911,3.2609145641326904,0.6935078501701355,0.0174001980430209,2.812652111053467
Nufip1,0.1647167950868606,0.1363055557012558,-0.2941517233848572,0.8831002916208449,0.719813346862793,-0.2941517233848572,0.2640395528705878,-1.485838532447815,-0.2941517233848572,0.4246755417940321,-1.215050458908081
Tsc22d1,0.0259439293295145,0.008625254034996,-1.6012868881225586,0.9888502385877284,-0.2322701215744018,-1.6012868881225586,0.0283385148060067,-2.568821907043457,-1.6012868881225586,0.1270828178646186,-1.9633055925369265
Serp2,0.007257925812155,0.1148086115717887,4.0619001388549805,5.338697193353332e-05,4.45346212387085,4.0619001388549805,4.449431694160439e-13,7.785246849060059,4.0619001388549805,1.764621070080845e-12,7.602844715118408
Lacc1,0.0,0.0076583973132073,22.8741397857666,0.9888502385877284,0.5715637803077698,22.8741397857666,0.0310550002051919,2.540067672729492,22.8741397857666,0.0359814770172569,2.540067672729492
Ccdc122,0.00539086246863,0.0062305284664034,0.2094447761774063,0.9888502385877284,0.3362315595149994,0.2094447761774063,0.9869024801778836,0.2346559762954712,0.2094447761774063,1.0,0.1936173290014267
Dnajc15,1.22891104221344,1.9559656381607056,1.3283538818359375,3.359416183081791e-72,18.20818519592285,1.3283538818359375,5.699077101990836e-91,22.28618621826172,1.3283538818359375,9.237569005978568e-58,17.828765869140625
Epsti1,1.4601298570632937,1.9664627313613887,0.8941836953163147,4.314590796772597e-31,11.889765739440918,0.8941836953163147,8.850188617742914e-42,14.36252784729004,0.8941836953163147,3.0142214878678115e-27,11.58021354675293
Tnfsf11,0.0,0.0,0.0,0.9888502385877284,0.1005259156227111,0.0,1.0,0.0,0.0,1.0,0.0
Akap11,0.1410777121782302,0.1064350679516792,-0.4320211112499237,0.9888502385877284,0.2258472144603729,-0.4320211112499237,0.119668856757609,-1.9341926574707031,-0.4320211112499237,0.2522770907014121,-1.5788562297821045
Dgkh,0.0201594866812229,0.438809335231781,4.75758695602417,1.9575732944790942e-41,13.75800895690918,4.75758695602417,4.819981691681299e-50,17.122705459594727,4.75758695602417,5.429060861780346e-49,16.764907836914062
Vwa8,0.0247890539467334,0.0324811078608036,0.3954728543758392,0.8268518884866913,0.7874778509140015,0.3954728543758392,0.5458693882092432,0.8731401562690735,0.3954728543758392,0.6832027011037286,0.7504085302352905
Rgcc,0.5500522255897522,0.0386545658111572,-4.2178053855896,1.5029978729276645e-33,-12.3596830368042,-4.2178053855896,6.86073884560574e-86,-21.61029624938965,-4.2178053855896,7.043564465305608e-45,-15.847040176391602
Naa16,0.1639526635408401,0.197951540350914,0.2971322536468506,0.0223329002367311,2.747957229614258,0.2971322536468506,0.2178352553985815,1.6001906394958496,0.2971322536468506,0.3535160863736426,1.3464066982269287
Mtrf1,0.0199278052896261,0.034416314214468,0.7988082766532898,0.4959917063612137,1.2248327732086182,0.7988082766532898,0.1861589321565753,1.690767526626587,0.7988082766532898,0.2934332163108235,1.481694221496582
Kbtbd7,0.0174230579286813,0.0197004321962595,0.1788772046566009,0.9888502385877284,0.3695410192012787,0.1788772046566009,0.9383383897322072,0.3046392798423767,0.1788772046566009,0.9814598917959112,0.260322093963623
Kbtbd6,0.0021501355804502,0.0029438238125294,0.4538362622261047,0.9888502385877284,0.2356309443712234,0.4538362622261047,0.9141366831054184,0.337902694940567,0.4538362622261047,0.9669109047972771,0.282004565000534
Wbp4,0.3360230922698974,0.4078873097896576,0.3346552550792694,0.0028387540723358,3.4236316680908203,0.3346552550792694,0.0359786363464667,2.4740893840789795,0.3346552550792694,0.1013819180752216,2.075023412704468
Elf1,1.0522713661193848,0.8921129703521729,-0.3721679449081421,1.0190991587039244e-06,-5.281344890594482,-0.3721679449081421,3.734057454085026e-05,-4.494465351104736,-0.3721679449081421,0.0010669761939688,-3.699347972869873
Sugt1,0.841947615146637,0.7828301191329956,-0.1533868908882141,0.0542212966598047,-2.403883695602417,-0.1533868908882141,0.190245111479362,-1.678226351737976,-0.1533868908882141,0.3307934009386507,-1.394556760787964
Pcdh17,0.0011788946576416,0.0,-20.16985511779785,0.9888502385877284,0.0673658028244972,-20.16985511779785,0.4679991859106411,-1.0,-20.16985511779785,0.6832027011037286,-0.7008072733879089
Diaph3,0.0187519434839487,0.0607347935438156,1.7259680032730105,0.056335230006724,2.3884239196777344,1.7259680032730105,0.0004133909487335,3.913263559341431,1.7259680032730105,0.0015840569609222,3.5864696502685547
Tdrd3,0.0606739558279514,0.0495291166007518,-0.3009137213230133,0.9888502385877284,0.5081562399864197,-0.3009137213230133,0.5114963620479418,-0.927860677242279,-0.3009137213230133,0.6711436830504974,-0.7694129347801208
Rpl36a-ps1,0.1876987367868423,0.0901965498924255,-1.129236102104187,0.1996343355294179,-1.7898242473602295,-1.129236102104187,3.564378090832789e-07,-5.46010684967041,-1.129236102104187,0.0001023372720637,-4.314183712005615
Mzt1,0.1340770721435547,0.2059188038110733,0.6723033785820007,0.000244457188709,4.087207317352295,0.6723033785820007,0.001833169168347,3.4923548698425293,0.6723033785820007,0.0101512664673597,3.002038955688477
Bora,0.0877566188573837,0.074721947312355,-0.2415056526660919,0.8353052871138984,0.7779929041862488,-0.2415056526660919,0.5256920000013593,-0.9046593308448792,-0.2415056526660919,0.6832027011037286,-0.7468339800834656
Dis3,0.0734654441475868,0.0691974833607673,-0.0894615277647972,0.4901831524541797,1.233346939086914,-0.0894615277647972,0.9307609615117128,-0.3150359988212585,-0.0894615277647972,0.9825868168673828,-0.2582674026489258
Pibf1,0.1219519898295402,0.0937340334057807,-0.4003892242908478,0.9888502385877284,0.2923167943954468,-0.4003892242908478,0.1947331994794892,-1.6645134687423706,-0.4003892242908478,0.3442652148465286,-1.3657855987548828
Klf5,0.0,0.0,0.0,0.9888502385877284,0.1005259156227111,0.0,1.0,0.0,0.0,1.0,0.0
Klf12,0.0011106706224381,0.0012756511569023,0.1999218016862869,0.9888502385877284,0.1345822364091873,0.1999218016862869,1.0,0.0975401699542999,0.1999218016862869,1.0,0.0810931771993637
Tbc1d4,0.0480298101902008,0.0041707782074809,-3.557316541671753,0.684225893525339,-0.965750813484192,-3.557316541671753,9.20069191726772e-07,-5.28310489654541,-3.557316541671753,0.0007894533148816,-3.794109582901001
Commd6,0.3280094861984253,0.4656205773353576,0.6112300753593445,2.4899958808545804e-05,4.62493896484375,0.6112300753593445,1.300554942181046e-05,4.735569477081299,0.6112300753593445,0.0002923724000803,4.046191692352295
Uchl3,0.2415473014116287,0.3689412474632263,0.7076482176780701,1.96740955566476e-05,4.676845073699951,0.7076482176780701,8.13734430608586e-06,4.839439868927002,0.7076482176780701,0.0001867248344989,4.160178661346436
Lmo7,0.0,0.0,0.0,0.9888502385877284,0.1005259156227111,0.0,1.0,0.0,0.0,1.0,0.0
Kctd12,0.0591004230082035,0.020132090896368,-1.5819666385650637,0.9276601557088724,-0.6617084741592407,-1.5819666385650637,0.0003871622957643,-3.917967319488525,-1.5819666385650637,0.0104203850236242,-2.9968574047088623
Acod1,0.0010515280300751,0.0,-20.00481605529785,0.9888502385877284,0.0673658028244972,-20.00481605529785,0.4679991859106411,-1.0,-20.00481605529785,0.6832027011037286,-0.7008072733879089
Cln5,0.0751504227519035,0.1575301736593246,1.1283514499664309,0.0002312293876793,4.101173400878906,1.1283514499664309,2.17097876281162e-05,4.628228664398193,1.1283514499664309,0.0002293056203356,4.108101844787598
Fbxl3,0.2247224152088165,0.2331501394510269,0.0594264902174472,0.5174100266962095,1.1931663751602173,0.0594264902174472,0.907011664324488,0.3496920168399811,0.0594264902174472,0.9574281837901106,0.2970353960990906
Mycbp2,1.1564995050430298,0.7710773944854736,-0.9067974090576172,2.716709753769403e-24,-10.481207847595217,-0.9067974090576172,7.499212013720414e-23,-10.38579273223877,-0.9067974090576172,4.0755243015073223e-16,-8.6569242477417
Scel,0.0,0.0019292994402348,20.881038665771484,0.9888502385877284,0.1678170263767242,20.881038665771484,0.4679991859106411,1.0,20.881038665771484,0.5282133287683867,1.0
Slain1,0.1529374122619629,0.187929481267929,0.3232085406780243,0.025414442766622,2.700980424880981,0.3232085406780243,0.1830511906906859,1.7013118267059326,0.3232085406780243,0.3091552062673299,1.4467453956604004
Pou4f1,0.0013390909880399,0.0010303737362846,-0.3783086538314819,0.9888502385877284,0.1345822364091873,-0.3783086538314819,1.0,-0.1827133893966674,-0.3783086538314819,1.0,-0.1422076821327209
Rnf219,0.0801043733954429,0.0920479744672775,0.2092439085245132,0.2264598594292503,1.719919204711914,0.2092439085245132,0.5858844129625441,0.8117981553077698,0.2092439085245132,0.6956560789171552,0.6825042366981506
Rbm26,0.3631442785263061,0.3265791237354278,-0.1809997707605362,0.9888502385877284,0.0978372544050216,-0.1809997707605362,0.3275182589174967,-1.331612467765808,-0.1809997707605362,0.4861526402360348,-1.1039643287658691
Ndfip2,0.2722610831260681,0.608931303024292,1.421912670135498,1.549855855913652e-22,10.083660125732422,1.421912670135498,2.8678455423382394e-26,11.298361778259276,1.421912670135498,1.2880584749921935e-20,9.89463996887207
Spry2,0.0022185104899108,0.0891291126608848,5.391402721405029,0.0074237338269984,3.1272072792053223,5.391402721405029,3.268720616297741e-09,6.38606595993042,5.391402721405029,5.0647431259514874e-09,6.342563629150391
Tpm3-rs7,0.0419372469186782,0.0697187185287475,0.7535403966903687,0.1473160195337491,1.947932243347168,0.7535403966903687,0.0528533025064815,2.314827442169189,0.7535403966903687,0.1153187429609904,2.012099266052246
Dct,0.0009192925645038,0.0032082218676805,1.804828405380249,0.9888502385877284,0.201798677444458,1.804828405380249,0.5069976394945122,0.9352543354034424,1.804828405380249,0.601113697589225,0.8735783100128174
Tgds,0.0730028226971626,0.0989939719438552,0.4584056437015533,0.1273895909415574,2.0209741592407227,0.4584056437015533,0.1725900402827632,1.7413780689239502,0.4584056437015533,0.2906412887620934,1.4878063201904297
Gpr180,0.0827715694904327,0.0738843455910682,-0.1703609228134155,0.9003715457434183,0.697258472442627,-0.1703609228134155,0.7175987471968993,-0.6183393597602844,-0.1703609228134155,0.8128816980710224,-0.5116401314735413
Abcc4,0.0487681552767753,0.0505040399730205,0.0517221204936504,0.6395054114215166,1.0245277881622314,0.0517221204936504,1.0,0.1525777578353881,0.0517221204936504,1.0,0.1276954710483551
Cldn10,0.0295270755887031,0.0037219109944999,-3.006588697433472,0.9807026204053766,-0.5943426489830017,-3.006588697433472,0.0004604712454345,-3.873213052749634,-3.006588697433472,0.0147550895109446,-2.8765828609466557
Dzip1,0.1924159675836563,0.0117758130654692,-4.162850856781006,7.694550536106326e-06,-4.874834537506104,-4.162850856781006,2.859161696190336e-32,-12.53262424468994,-4.162850856781006,1.1387928539746448e-16,-8.973616600036621
Dnajc3,0.6022846102714539,0.6184319257736206,0.0509944595396518,0.9888502385877284,0.3605788350105285,0.0509944595396518,0.8166979512231851,0.4780206382274627,0.0509944595396518,0.8896627463775392,0.4000709354877472
Uggt2,0.0011378485942259,0.0,-20.11870002746582,0.9888502385877284,0.0673658028244972,-20.11870002746582,0.4679991859106411,-1.0,-20.11870002746582,0.6832027011037286,-0.7008072733879089
Mbnl2,0.277896910905838,0.2351044714450836,-0.2734342217445373,0.9888502385877284,-0.2409335821866989,-0.2734342217445373,0.1980020434310643,-1.6548680067062378,-0.2734342217445373,0.3341039288731023,-1.3868626356124878
Rap2a,0.0124522168189287,0.0604218654334545,2.313481092453003,0.1219632096589562,2.0424087047576904,2.313481092453003,0.0001158823892086,4.244872570037842,2.313481092453003,0.0003227005489741,4.0276618003845215
Ipo5,0.1352029293775558,0.1943434476852417,0.5673139095306396,0.0021510400657832,3.5048890113830566,0.5673139095306396,0.0111748189781872,2.91564679145813,0.5673139095306396,0.0402248789314715,2.488102436065674
Farp1,0.0044677960686385,0.0613228306174278,3.82002592086792,0.0169058087789784,2.850350379943848,3.82002592086792,6.564350065136998e-08,5.837857723236084,3.82002592086792,1.753660055792733e-07,5.684749126434326
Stk24,0.5578283667564392,1.184221863746643,1.602573275566101,1.3711357740310067e-49,15.06574249267578,1.602573275566101,4.791471076710617e-61,18.034780502319336,1.602573275566101,1.6441993917992014e-45,15.340213775634766
Slc15a1,0.0,0.0,0.0,0.9888502385877284,0.1005259156227111,0.0,1.0,0.0,0.0,1.0,0.0
Dock9,0.0288980845361948,0.0874458700418472,1.640058994293213,0.0258462727880368,2.694781541824341,1.640058994293213,5.079550748148194e-05,4.437130451202393,1.640058994293213,0.0002877287157488,4.052858352661133
Ubac2,0.4667506217956543,0.5762647986412048,0.3899126946926117,0.0040855635043178,3.313322067260742,0.3899126946926117,0.0023126991517888,3.422414779663086,0.3899126946926117,0.0140401981712055,2.8902218341827397
Gpr18,0.2802180647850036,0.2519004344940185,-0.1750280857086181,0.9888502385877284,0.478506326675415,-0.1750280857086181,0.4532533539481573,-1.0969362258911133,-0.1750280857086181,0.5716552160606836,-0.9189029335975648
Gpr183,0.1757507622241974,0.319649875164032,0.9710432291030884,2.7468955817153827e-06,5.0855207443237305,0.9710432291030884,1.0284686651265172e-06,5.273947238922119,0.9710432291030884,2.336200157153033e-05,4.655429363250732
Timm8a2,0.0064046131446957,0.0021557998843491,-1.5739545822143557,0.9888502385877284,-0.0311436150223016,-1.5739545822143557,0.3651420298511584,-1.2551308870315552,-1.5739545822143557,0.530209076476308,-0.987372636795044
Tm9sf2,0.2951216995716095,0.3313204646110534,0.19438998401165,0.1177504954876573,2.05906343460083,0.19438998401165,0.3116353251177427,1.3657097816467283,0.19438998401165,0.457168969010976,1.1529855728149414
Clybl,0.0491043031215667,0.0337396226823329,-0.5525652766227722,0.9888502385877284,-0.0582542419433593,-0.5525652766227722,0.281301170610788,-1.44746196269989,-0.5525652766227722,0.4357951415312878,-1.1884551048278809
Zic5,0.0,0.0,0.0,0.9888502385877284,0.1005259156227111,0.0,1.0,0.0,0.0,1.0,0.0
Pcca,0.1403969973325729,0.0655448362231254,-1.1538790464401243,0.4863117821441605,-1.2393217086791992,-1.1538790464401243,1.1671034953653464e-05,-4.75103235244751,-1.1538790464401243,0.0009437133214552,-3.735687017440796
Ggact,0.1278962790966034,0.126530259847641,-0.0164980739355087,0.4831529778092079,1.2441015243530271,-0.0164980739355087,1.0,-0.0764841511845588,-0.0164980739355087,1.0,-0.0640709176659584
Tmtc4,0.0344324484467506,0.0833114311099052,1.3103504180908203,0.0414007357161826,2.514044046401977,1.3103504180908203,0.0008603978766175,3.712087154388428,1.3103504180908203,0.0035639453912809,3.343339443206787
Gm10721,0.0012132634874433,0.0,-20.21133804321289,0.9888502385877284,0.0673658028244972,-20.21133804321289,0.4679991859106411,-1.0,-20.21133804321289,0.6832027011037286,-0.7008072733879089
Gm10719,0.0,0.0,0.0,0.9888502385877284,0.1005259156227111,0.0,1.0,0.0,0.0,1.0,0.0
Gm10717,0.0,0.0,0.0,0.9888502385877284,0.1005259156227111,0.0,1.0,0.0,0.0,1.0,0.0
Alkbh8,0.0942100584506988,0.1095146536827087,0.2283981442451477,0.2206089299921633,1.7349308729171753,0.2283981442451477,0.5228900799171169,0.9094138741493224,0.2283981442451477,0.672165302017712,0.7675654888153076
Cwf19l2,0.2564236521720886,0.1894790828227996,-0.4865739345550537,0.7073410532734805,-0.934607207775116,-0.4865739345550537,0.0158757426918521,-2.789644718170166,-0.4865739345550537,0.0610328141402513,-2.3099706172943115
Aasdhppt,0.1376427412033081,0.157183900475502,0.2059670537710189,0.0873687671102391,2.196782350540161,0.2059670537710189,0.4679991859106411,1.0106353759765625,0.2059670537710189,0.61490723320045,0.8516767024993896
Kbtbd3,0.0498173162341117,0.0511782057583332,0.0398723147809505,0.9141105776748368,0.6809771656990051,0.0398723147809505,1.0,0.1142981946468353,0.0398723147809505,1.0,0.0962471589446067
Msantd4,0.04554208740592,0.066921517252922,0.570836067199707,0.368950873072882,1.428871989250183,0.570836067199707,0.1834294155458864,1.7000404596328735,0.570836067199707,0.297265421825014,1.47323477268219
Gria4,0.0,0.0,0.0,0.9888502385877284,0.1005259156227111,0.0,1.0,0.0,0.0,1.0,0.0
Casp1,0.1379130184650421,0.4060468375682831,1.760059118270874,1.0931646290792169e-18,9.153907775878906,1.760059118270874,6.851706141306083e-22,10.272395133972168,1.760059118270874,2.8308287879925826e-18,9.280982971191406
Casp4,0.0630260929465293,0.2547830641269684,2.157232999801636,6.302699771729794e-12,7.231741428375244,2.157232999801636,4.352396399299873e-17,8.99001407623291,2.157232999801636,5.0850392830766455e-15,8.359174728393555
Casp12,0.0015073295217007,0.0016872424166649,0.1628021150827407,0.9888502385877284,0.1014968156814575,0.1628021150827407,1.0,0.0858867764472961,0.1628021150827407,1.0,0.0735411942005157
Dync2h1,0.0341180860996246,0.0336788743734359,-0.0190112497657537,0.9888502385877284,0.5469924211502075,-0.0190112497657537,1.0,-0.0455735698342323,-0.0190112497657537,1.0,-0.0380880944430828
Dcun1d5,0.4416351318359375,0.6944602131843567,0.8525815010070801,8.617449909953939e-11,6.854881286621094,0.8525815010070801,1.5754470066577214e-13,7.816827297210693,0.8525815010070801,5.209510560856416e-10,6.656951427459717
Mmp13,0.0,0.0,0.0,0.9888502385877284,0.1005259156227111,0.0,1.0,0.0,0.0,1.0,0.0
Mmp12,0.0,0.0,0.0,0.9888502385877284,0.1005259156227111,0.0,1.0,0.0,0.0,1.0,0.0
Mmp10,0.0010739483404904,0.0013092571171,0.285993367433548,0.9888502385877284,0.1345822364091873,0.285993367433548,1.0,0.13895845413208,0.285993367433548,1.0,0.1167452558875083
Mmp8,0.0,0.0,0.0,0.9888502385877284,0.1005259156227111,0.0,1.0,0.0,0.0,1.0,0.0
Tmem123,0.3179722428321838,0.4002364575862884,0.3948365151882171,0.0027659320452296,3.431548357009888,0.3948365151882171,0.0103808518052046,2.941084146499634,0.3948365151882171,0.0403839510084394,2.486358404159546
Birc2,0.455789715051651,0.4881840050220489,0.1242556720972061,0.6096492716873554,1.0641855001449585,0.1242556720972061,0.4679991859106411,1.03742253780365,0.1242556720972061,0.599644241101133,0.875757098197937
Birc3,0.1872767955064773,0.1273539364337921,-0.6006866097450256,0.9657999932802582,-0.6148810386657715,-0.6006866097450256,0.0075217225040012,-3.04874587059021,-0.6006866097450256,0.041654990616736,-2.4736082553863525
Yap1,0.0011115174274891,0.0007913129520602,-0.4904408454895019,0.9888502385877284,0.1345822364091873,-0.4904408454895019,0.9869024801778836,-0.2346814423799514,-0.4904408454895019,1.0,-0.1806518137454986
Cfap300,0.0009037580457516,0.0,-19.786230087280277,0.9888502385877284,0.0673658028244972,-19.786230087280277,0.4679991859106411,-1.0,-19.786230087280277,0.6832027011037286,-0.7008072733879089
Cep126,0.0,0.0,0.0,0.9888502385877284,0.1005259156227111,0.0,1.0,0.0,0.0,1.0,0.0
Trpc6,0.0,0.0,0.0,0.9888502385877284,0.1005259156227111,0.0,1.0,0.0,0.0,1.0,0.0
Jrkl,0.0279267877340316,0.0470161810517311,0.7653636932373047,0.5238214944822555,1.1851004362106323,0.7653636932373047,0.1699682733249513,1.75030517578125,0.7653636932373047,0.2619938522070111,1.554086446762085
Ccdc82,0.2253935933113098,0.3110696077346802,0.5293525457382202,0.0008242321047726,3.773007869720459,0.5293525457382202,0.0027854385717449,3.3670530319213867,0.5293525457382202,0.0144435622454895,2.879742383956909
Maml2,0.2321124970912933,0.1416391879320144,-0.7798976898193359,0.4336755972788051,-1.3223713636398315,-0.7798976898193359,0.0001199613476524,-4.216870307922363,-0.7798976898193359,0.0029593115719847,-3.4004571437835693
Mtmr2,0.1085097342729568,0.1138524040579795,0.0732656121253967,0.4019548065554125,1.3730076551437378,0.0732656121253967,0.9263713924548213,0.3209893405437469,0.0732656121253967,0.9752176154602916,0.2694171667098999
Cep57,0.1870433837175369,0.3937499821186065,1.2302196025848389,2.0883797028378733e-11,7.061460018157959,1.2302196025848389,3.2237244863781823e-13,7.744697570800781,1.2302196025848389,1.4880309888298864e-10,6.85807991027832
Fam76b,0.2046339958906173,0.3480691015720367,0.8745535612106323,3.618370525244942e-07,5.477317810058594,0.8745535612106323,3.258458352482582e-07,5.494865894317627,0.8745535612106323,1.282965365011402e-05,4.787286281585693
Sesn3,0.4417053461074829,0.1154443696141243,-2.1821420192718506,6.591298718611953e-14,-7.8438591957092285,-2.1821420192718506,8.587843831174525e-38,-13.546907424926758,-2.1821420192718506,6.024659928578608e-22,-10.355448722839355
Endod1,0.0135162966325879,0.1011011004447937,2.9668092727661133,0.0005195663965378,3.896238088607788,2.9668092727661133,4.0072943617123955e-10,6.716853618621826,2.9668092727661133,2.572784249002901e-09,6.42661714553833
Kdm4d,0.0011020393576472,0.0017044647829607,0.6295771598815918,0.9888502385877284,0.1345822364091873,0.6295771598815918,0.943684493827614,0.296804815530777,0.6295771598815918,0.9817034939302464,0.2597711980342865
Cwc15,0.5758001804351807,0.9671725034713744,1.066443681716919,1.801148831538737e-21,9.836602210998535,1.066443681716919,8.92739168135198e-29,11.787582397460938,1.066443681716919,1.2487435193748594e-20,9.90290355682373
Amotl1,0.0,0.0,0.0,0.9888502385877284,0.1005259156227111,0.0,1.0,0.0,0.0,1.0,0.0
Piwil4,0.0,0.0047603608109056,22.18607521057129,0.9888502385877284,0.2351081520318985,22.18607521057129,0.3778721164984183,1.2308820486068726,22.18607521057129,0.4159461193384841,1.2308820486068726
Fut4,0.0,0.0,0.0,0.9888502385877284,0.1005259156227111,0.0,1.0,0.0,0.0,1.0,0.0
1700012B09Rik,0.0,0.0,0.0,0.9888502385877284,0.1005259156227111,0.0,1.0,0.0,0.0,1.0,0.0
Ankrd49,0.1396377831697464,0.1223998293280601,-0.2027938663959503,0.9888502385877284,0.4213723540306091,-0.2027938663959503,0.5136970238194426,-0.9241487979888916,-0.2027938663959503,0.6708748887192806,-0.7698429226875305
Mre11a,0.0902948752045631,0.1514235436916351,0.7908565402030945,0.0029805686366155,3.4090681076049805,0.7908565402030945,0.0021924334858653,3.440180540084839,0.7908565402030945,0.0105093786671541,2.99066424369812
Gpr83,0.0025147057604044,0.0,-21.26377296447754,0.9888502385877284,0.0342056974768638,-21.26377296447754,0.30020153159282,-1.3931832313537598,-21.26377296447754,0.5355579375595446,-0.976352870464325
Izumo1r,0.0274790655821561,0.0159772131592035,-0.7906440496444702,0.9888502385877284,0.165800541639328,-0.7906440496444702,0.3379412792804555,-1.310399889945984,-0.7906440496444702,0.5282133287683867,-1.0258218050003052
Panx1,0.1390232294797897,0.2303110361099243,0.7961333990097046,0.0001668266262398,4.182430744171143,0.7961333990097046,0.0001565889380973,4.158106803894043,0.7961333990097046,0.0014219397906122,3.6158206462860103
Hephl1,0.0,0.0,0.0,0.9888502385877284,0.1005259156227111,0.0,1.0,0.0,0.0,1.0,0.0
Med17,0.1250525712966919,0.1693331748247146,0.4700549840927124,0.0140457791233646,2.915102005004883,0.4700549840927124,0.0497543190410214,2.3408215045928955,0.4700549840927124,0.1183682240791124,1.9995739459991453
4931406C07Rik,0.0439851097762584,0.0342258475720882,-0.3690144717693329,0.9888502385877284,0.3972491323947906,-0.3690144717693329,0.5010047999032051,-0.9447714686393738,-0.3690144717693329,0.6717378926857128,-0.768212616443634
Taf1d,0.6057398319244385,0.5204958915710449,-0.28604257106781,0.1635121161937856,-1.895354151725769,-0.28604257106781,0.0311335129013698,-2.5327703952789307,-0.28604257106781,0.0961366293736099,-2.101125955581665
Cep295,0.2044676095247268,0.1542752981185913,-0.4436531662940979,0.9888502385877284,0.1320429593324661,-0.4436531662940979,0.0502772886692222,-2.335132837295532,-0.4436531662940979,0.1416162261796047,-1.9060018062591555
Smco4,0.1433876752853393,0.2163045108318328,0.6473169326782227,0.0015944109397991,3.591299533843994,0.6473169326782227,0.0022467557799678,3.432872772216797,0.6473169326782227,0.0110333116724344,2.9734232425689697
Slc36a4,0.005297512281686,0.0068654562346637,0.3751727640628814,0.9888502385877284,0.2700606882572174,0.3751727640628814,0.8840628619330845,0.3825167715549469,0.3751727640628814,0.9363566673009782,0.3298558890819549
Chordc1,0.2804955840110779,0.3807379603385925,0.5171070694923401,0.0001530603647407,4.203865051269531,0.5171070694923401,0.0010598800753644,3.6486237049102783,0.5171070694923401,0.0072719527717744,3.11360764503479
Naalad2,0.0010116382036358,0.0,-19.948993682861328,0.9888502385877284,0.0673658028244972,-19.948993682861328,0.4679991859106411,-1.0,-19.948993682861328,0.6832027011037286,-0.7008072733879089
Zfp558,0.0,0.0,0.0,0.9888502385877284,0.1005259156227111,0.0,1.0,0.0,0.0,1.0,0.0
Olfr839-ps1,0.0,0.0,0.0,0.9888502385877284,0.1005259156227111,0.0,1.0,0.0,0.0,1.0,0.0
Zfp317,0.0558403804898262,0.0741173774003982,0.4218301177024841,0.3842059358628464,1.4026576280593872,0.4218301177024841,0.3171427227440399,1.353554129600525,0.4218301177024841,0.4515099619214842,1.1625179052352903
Olfr77,0.0079815527424216,0.010041369125247,0.33270263671875,0.9888502385877284,0.2032923698425293,0.33270263671875,0.8994424861037932,0.3602100312709808,0.33270263671875,0.9443322771530268,0.3168765306472778
Zfp560,0.1591846644878387,0.2140962034463882,0.4683996140956878,0.0028143634775554,3.4263203144073486,0.4683996140956878,0.0299676123665881,2.5484883785247803,0.4683996140956878,0.081588772080864,2.177191257476806
Zfp26,0.1373326927423477,0.1298305839300155,-0.0865768119692802,0.6617794972705695,0.994803249835968,-0.0865768119692802,0.8768236152627344,-0.3929652869701385,-0.0865768119692802,0.9367275761357038,-0.3289730250835418
Zfp426,0.0858569294214248,0.0884750634431839,0.0452524051070213,0.6033177904961077,1.0729236602783203,0.0452524051070213,1.0,0.1685412377119064,0.0452524051070213,1.0,0.1420864313840866
Zfp266,0.2305991500616073,0.2074273824691772,-0.170105442404747,0.9888502385877284,0.5487848520278931,-0.170105442404747,0.4679991859106411,-1.0203782320022583,-0.170105442404747,0.6181498170264128,-0.8467212319374084
Zfp846,0.1068536788225174,0.0229442715644836,-2.28061318397522,0.1842104462372413,-1.8329921960830688,-2.28061318397522,5.856503544253667e-10,-6.575087547302246,-2.28061318397522,8.884874851000056e-06,-4.886005401611328
Fbxl12,0.2327988445758819,0.1339562535285949,-0.8707996010780334,0.108339238544706,-2.0978996753692627,-0.8707996010780334,1.4379701559236558e-05,-4.7066755294799805,-0.8707996010780334,0.0007336381105471,-3.803303480148315
Ubl5,1.073482871055603,1.577492594718933,0.9968858361244202,4.868331602978647e-36,12.818921089172363,0.9968858361244202,1.981782502318631e-44,14.896077156066896,0.9968858361244202,5.3204460880414214e-30,12.191317558288574
Pin1,0.3013102412223816,0.3859156966209411,0.4215539395809173,0.0065629821309782,3.1665663719177246,0.4215539395809173,0.0062938139182026,3.1089274883270264,0.4215539395809173,0.0274106412203857,2.641886711120605
Olfm2,0.0,0.0,0.0,0.9888502385877284,0.1005259156227111,0.0,1.0,0.0,0.0,1.0,0.0
Col5a3,0.0,0.0026189140044152,21.32242774963379,0.9888502385877284,0.2351081520318985,21.32242774963379,0.3106004259030247,1.3692423105239868,21.32242774963379,0.3431195502571091,1.3692423105239868
Shfl,0.1191959753632545,0.0723951607942581,-0.7536690831184387,0.9888502385877284,-0.4594616889953613,-0.7536690831184387,0.0075792408259157,-3.0458548069000244,-0.7536690831184387,0.0445653857125341,-2.445866584777832
Angptl6,0.0241993553936481,0.0119841014966368,-1.0226845741271973,0.9888502385877284,-0.0690088719129562,-1.0226845741271973,0.1397299983246553,-1.8534395694732664,-1.0226845741271973,0.3035608945754516,-1.4597331285476685
Ppan,0.1949422359466552,0.1374231576919555,-0.5470611453056335,0.9888502385877284,-0.4445246756076813,-0.5470611453056335,0.01241030323851,-2.8769893646240234,-0.5470611453056335,0.0560578084957479,-2.3469386100769043
Eif3g,0.547717273235321,0.6530006527900696,0.3371525108814239,0.0338740962016199,2.5926873683929443,0.3371525108814239,0.0037169991367182,3.277362108230591,0.3371525108814239,0.0212161734509206,2.7402548789978027
Dnmt1,0.2195968478918075,0.528862714767456,1.5050008296966553,2.953212521591128e-18,9.043598175048828,1.5050008296966553,1.2782157544409602e-21,10.18262004852295,1.5050008296966553,1.1267616420480493e-17,9.1056547164917
S1pr2,0.0114562790840864,0.0358231402933597,1.6623995304107666,0.4462664369482579,1.3015342950820925,1.6623995304107666,0.014894642718703,2.8170034885406494,1.6623995304107666,0.0311967360784282,2.5920674800872803
Mrpl4,0.2319665402173996,0.5535393357276917,1.5018738508224487,3.410497597657568e-22,10.005091667175291,1.5018738508224487,2.178471574611493e-25,11.10306167602539,1.5018738508224487,3.034470223718537e-20,9.799605369567873
Icam1,0.2204251140356063,0.2122147977352142,-0.0608992986381053,0.6698462856274239,0.9856916666030884,-0.0608992986381053,0.9197586587121503,-0.3310673534870147,-0.0608992986381053,0.9703524133856916,-0.2775774300098419
Icam4,0.0057339761406183,0.0036005899310112,-0.6728425621986389,0.9888502385877284,0.0685607641935348,-0.6728425621986389,0.7388288138857819,-0.5883256196975708,-0.6728425621986389,0.8377423851710579,-0.4769095182418823
Icam5,0.0009635655442252,0.0012649364070966,0.3928272128105163,0.9888502385877284,0.1345822364091873,0.3928272128105163,1.0,0.1895255744457245,0.3928272128105163,1.0,0.1613082289695739
Zglp1,0.0010983676183968,0.0,-20.067724227905277,0.9888502385877284,0.0673658028244972,-20.067724227905277,0.4679991859106411,-1.0,-20.067724227905277,0.6832027011037286,-0.7008072733879089
Gm49373,0.0,0.0,0.0,0.9888502385877284,0.1005259156227111,0.0,1.0,0.0,0.0,1.0,0.0
Gm38431,0.0033708554692566,0.0,-21.687116622924805,0.9994412017932364,0.0010455889860168,-21.687116622924805,0.1750730072300931,-1.7320191860198977,-21.687116622924805,0.4247033279437463,-1.2138116359710691
Fdx2,0.0,0.0014898993540555,20.50786018371582,0.9888502385877284,0.1678170263767242,20.50786018371582,0.4679991859106411,1.0,20.50786018371582,0.5282133287683867,1.0
Raver1,0.0011374665191397,0.0082732439041137,2.86777925491333,0.9888502385877284,0.4034479856491089,2.86777925491333,0.155172431940335,1.7999935150146484,2.86777925491333,0.1969720924498617,1.7278107404708862
Tyk2,0.1268772184848785,0.2484702616930008,1.0600926876068115,2.1287011783024093e-06,5.13653039932251,1.0600926876068115,2.7557048922032375e-07,5.530939102172852,1.0600926876068115,8.343385580319063e-06,4.880263805389404
Cdc37,0.7282907962799072,0.8838104009628296,0.4063149392604828,0.002517641677079,3.459555149078369,0.4063149392604828,2.6396892294599617e-05,4.5741071701049805,0.4063149392604828,0.0007431418879052,3.798175096511841
Pde4a,0.0,0.0708069875836372,26.128767013549805,0.0091162268913856,3.0613350868225098,26.128767013549805,8.328068969269772e-10,6.624076843261719,26.128767013549805,1.0379849990641656e-09,6.624076843261719
Keap1,0.2427398711442947,0.3096141219139099,0.401517242193222,0.0029237544781669,3.4148190021514893,0.401517242193222,0.0309069968855198,2.536207914352417,0.401517242193222,0.0859532343398678,2.1531577110290527
S1pr5,0.0028061980847269,0.0066752466373145,1.2529971599578855,0.9888502385877284,0.2035911083221435,1.2529971599578855,0.5142821601998057,0.9234713912010192,1.2529971599578855,0.6105113280767714,0.8592209815979004
Atg4d,0.118350438773632,0.1842023134231567,0.6869253516197205,0.0036643977773583,3.3473784923553467,0.6869253516197205,0.0035269753161639,3.295531749725342,0.6869253516197205,0.0149212796447774,2.867962121963501
Kri1,0.2173828333616256,0.1395130157470703,-0.6976792812347412,0.5957967256188386,-1.0833048820495603,-0.6976792812347412,0.0007241909951837,-3.75226616859436,-0.6976792812347412,0.0092782121822911,-3.032984972000122
Cdkn2d,0.6167796850204468,0.351997047662735,-1.0155473947525024,4.992360157374379e-10,-6.588106632232666,-1.0155473947525024,4.3179235626237016e-16,-8.563579559326172,-1.0155473947525024,9.68790569842e-11,-6.934854984283447
Ap1m2,0.0053488947451114,0.0044937264174222,-0.2519457340240478,0.9888502385877284,0.1354784518480301,-0.2519457340240478,0.9850273831981804,-0.2377013266086578,-0.2519457340240478,1.0,-0.1964811235666275
Slc44a2,0.6757063865661621,0.7297109961509705,0.1544096618890762,0.7916873477169775,0.8287039399147034,0.1544096618890762,0.2398748698520779,1.5432194471359253,0.1544096618890762,0.3807821867101548,1.2931478023529053
Ilf3,0.1875011771917343,0.2012002170085907,0.1119337230920791,0.099992866218934,2.135839462280273,0.1119337230920791,0.7058172518836611,0.6352003812789917,0.1119337230920791,0.8018175347495279,0.5294557213783264
Qtrt1,0.1069615110754966,0.0913698524236679,-0.2387345880270004,0.9888502385877284,0.5853804349899292,-0.2387345880270004,0.4808744904912181,-0.9781983494758606,-0.2387345880270004,0.6433815719505225,-0.8090084195137024
Dnm2,0.4176984131336212,0.4227102696895599,0.0210751928389072,0.9103090878247384,0.684935450553894,0.0210751928389072,1.0,0.1703744530677795,0.0210751928389072,1.0,0.1424309909343719
Tmed1,0.037954494357109,0.0371038541197776,-0.0333192124962806,0.8464408294714517,0.7621597051620483,-0.0333192124962806,1.0,-0.0862233415246009,-0.0333192124962806,1.0,-0.071438543498516
AB124611,0.4927333891391754,0.2767969965934753,-0.9977065324783324,3.102411145192468e-06,-5.061099052429199,-0.9977065324783324,2.9906640379682464e-12,-7.378101825714111,-0.9977065324783324,2.6839019607963472e-08,-5.997241020202637
Carm1,0.0684745982289314,0.0717320069670677,0.0694253966212272,0.4277023824351099,1.3316322565078735,0.0694253966212272,0.9793817866312414,0.2458899468183517,0.0694253966212272,1.0,0.2049257606267929
Yipf2,0.043982196599245,0.0410780608654022,-0.1006612405180931,0.9888502385877284,0.565738320350647,-0.1006612405180931,0.9665026347285548,-0.2639870643615722,-0.1006612405180931,1.0,-0.220047578215599
Timm29,0.0571142211556434,0.0698802024126052,0.3003398776054382,0.3962986090233852,1.382866144180298,0.3003398776054382,0.4744831798740636,0.988124668598175,0.3003398776054382,0.6235735952117886,0.8387007713317871
Smarca4,0.3287419974803924,0.4259221851825714,0.4481328129768371,0.0007801208094765,3.7880196571350098,0.4481328129768371,0.0026902338246063,3.377271175384521,0.4481328129768371,0.0150845084763888,2.863619804382324
Ldlr,0.0670922100543975,0.0097093190997838,-2.8303608894348145,0.5760237442321231,-1.1101914644241333,-2.8303608894348145,3.02365400688832e-07,-5.495738983154297,-2.8303608894348145,0.0003893292964573,-3.9859135150909424
Spc24,0.0350651293992996,0.1702000945806503,2.378268957138061,6.665877553975219e-07,5.3626017570495605,2.378268957138061,1.4814553848658276e-12,7.574304580688477,2.378268957138061,3.242752392397278e-11,7.1213483810424805
Kank2,0.0,0.0,0.0,0.9888502385877284,0.1005259156227111,0.0,1.0,0.0,0.0,1.0,0.0
Dock6,0.0012494430411607,0.0029472028836607,1.2392857074737549,0.9888502385877284,0.201798677444458,1.2392857074737549,0.6721156437268752,0.6823118329048157,1.2392857074737549,0.7465886662073834,0.6075505614280701
Rab3d,0.0210461784154176,0.033145036548376,0.66400146484375,0.7872477851408839,0.8337825536727905,0.66400146484375,0.3473479616820443,1.291089653968811,0.66400146484375,0.4671479918170775,1.136196494102478
Tmem205,0.0005408413126133,0.00957543682307,4.152581214904785,0.9728535020078471,0.6056947708129883,4.152581214904785,0.0391706990454005,2.4439425468444824,4.152581214904785,0.0479992168294798,2.4172849655151367
Ccdc159,0.0,0.0,0.0,0.9888502385877284,0.1005259156227111,0.0,1.0,0.0,0.0,1.0,0.0
Plppr2,0.0010614037746563,0.0013095693429931,0.3032976686954498,0.9888502385877284,0.1345822364091873,0.3032976686954498,1.0,0.1472190171480178,0.3032976686954498,1.0,0.123946264386177
Swsap1,0.0126539478078484,0.0165140368044376,0.3868965804576874,0.9888502385877284,0.5020321011543274,0.3868965804576874,0.7218322986077431,0.6124577522277832,0.3868965804576874,0.8028981788739502,0.5278926491737366
Epor,0.0003030791413038,0.0,-18.20955848693848,0.9888502385877284,0.0673658028244972,-18.20955848693848,0.4679991859106411,-1.0,-18.20955848693848,0.6832027011037286,-0.7008072733879089
Ccdc151,0.0,0.0,0.0,0.9888502385877284,0.1005259156227111,0.0,1.0,0.0,0.0,1.0,0.0
Prkcsh,0.2556197345256805,0.3317013382911682,0.4334490001201629,0.0020305821377414,3.5218424797058105,0.4334490001201629,0.0102522470449182,2.9455788135528564,0.4334490001201629,0.0383385810489577,2.5077545642852783
Elavl3,0.0,0.0,0.0,0.9888502385877284,0.1005259156227111,0.0,1.0,0.0,0.0,1.0,0.0
Zfp653,0.0389018207788467,0.0513341352343559,0.4091160893440246,0.6177703726052163,1.0533561706542969,0.4091160893440246,0.447285210841373,1.1069868803024292,0.4091160893440246,0.5515641878117086,0.950048565864563
Ecsit,0.1287301182746887,0.168772354722023,0.4203291237354278,0.0226502227373018,2.74265456199646,0.4203291237354278,0.10064246379662,2.021538496017456,0.4203291237354278,0.1952850333705609,1.7322732210159302
Cnn1,0.0,0.0,0.0,0.9888502385877284,0.1005259156227111,0.0,1.0,0.0,0.0,1.0,0.0
Elof1,0.255070149898529,0.5447510480880737,1.3175495862960815,1.0179386982651794e-18,9.16204833984375,1.3175495862960815,2.3242326824735458e-22,10.319897651672363,1.3175495862960815,3.860386771470249e-17,8.944758415222168
Acp5,0.959909737110138,0.9009624719619752,-0.1404537409543991,0.0778131333826735,-2.248987197875977,-0.1404537409543991,0.2232138131110087,-1.5868786573410034,-0.1404537409543991,0.3570929595419963,-1.3398312330245972
Pigyl,0.1668087095022201,0.2310551553964615,0.5179222822189331,0.0009869728458047,3.724387884140015,0.5179222822189331,0.00975649171522,2.962620496749878,0.5179222822189331,0.0374550427517222,2.5172996520996094
Zfp809,0.0584396384656429,0.0537472292780876,-0.1241734102368354,0.8700933060376965,0.7349743843078613,-0.1241734102368354,0.8782266742667987,-0.3910471200942993,-0.1241734102368354,0.9392766669844308,-0.3247757256031036
Zfp599,0.0182159561663866,0.0253970138728618,0.4846552014350891,0.9006912307990756,0.6965863108634949,0.4846552014350891,0.5230561976162906,0.9091755747795104,0.4846552014350891,0.6613751445159233,0.7838523387908936
Zfp810,0.0454453565180301,0.0318098068237304,-0.5245603322982788,0.9888502385877284,0.2300295829772949,-0.5245603322982788,0.3151373052088924,-1.3573936223983765,-0.5245603322982788,0.492611713123818,-1.0938539505004885
Anln,0.0082228565588593,0.019052404910326,1.2200909852981567,0.6810683249868033,0.97053062915802,1.2200909852981567,0.1336726948712235,1.8785260915756223,1.2200909852981567,0.2181789386701738,1.6652381420135498
Rp9,0.8158906698226929,0.7639462351799011,-0.1372570991516113,0.0620270895170586,-2.348019361495972,-0.1372570991516113,0.2593240823619897,-1.496581792831421,-0.1372570991516113,0.4074174058041179,-1.245109796524048
9530077C05Rik,0.0011788946576416,0.0005771293654106,-1.030900955200195,0.9888502385877284,0.1345822364091873,-1.030900955200195,0.8301432111976867,-0.4584592580795288,-1.030900955200195,0.9306584280478872,-0.3383663594722748
Bbs9,0.0619454644620418,0.0268860645592212,-1.2296173572540283,0.9792891977942936,-0.5959110260009766,-1.2296173572540283,0.0038812304515636,-3.26235580444336,-1.2296173572540283,0.033496038713686,-2.564870357513428
Dpy19l1,0.1839090436697006,0.3196036517620086,0.8992769718170166,1.8358841508645877e-06,5.166254997253418,0.8992769718170166,9.382121973474004e-07,5.290201187133789,0.8992769718170166,2.568727269270374e-05,4.633233547210693
Herpud2,0.1825443804264068,0.1686763763427734,-0.1242855116724968,0.6325344358229702,1.0335646867752075,-0.1242855116724968,0.6963107341559486,-0.6483217477798462,-0.1242855116724968,0.7930954841707686,-0.541300892829895
Sept7,1.0190333127975464,1.517750263214111,1.008497953414917,1.3934783990671017e-33,12.365957260131836,1.008497953414917,2.3140139567258768e-37,13.584953308105469,1.008497953414917,2.4090312762897147e-26,11.325310707092283
Eepd1,0.0,0.0,0.0,0.9888502385877284,0.1005259156227111,0.0,1.0,0.0,0.0,1.0,0.0
Acad8,0.0526664331555366,0.0355817377567291,-0.5781612992286682,0.9888502385877284,0.1757336407899856,-0.5781612992286682,0.2083733521434507,-1.625454068183899,-0.5781612992286682,0.3732454418753849,-1.3081482648849487
Thyn1,0.1397872865200042,0.2800368070602417,1.107088327407837,3.843731237884731e-08,5.879122734069824,1.107088327407837,4.938568973554438e-09,6.253939151763916,1.107088327407837,4.002079733591705e-07,5.494987964630127
Vps26b,0.097089797258377,0.1584698259830474,0.7520354986190796,0.0077791338258305,3.112494468688965,0.7520354986190796,0.0036313461685706,3.2870097160339355,0.7520354986190796,0.0149680565891483,2.866506576538086
Ncapd3,0.1964350938796997,0.2221619337797165,0.1967641115188598,0.1061084697644632,2.1076085567474365,0.1967641115188598,0.4386685080984033,1.1221027374267578,0.1967641115188598,0.5538873524854162,0.9463223218917848
Jam3,0.0009598364704288,0.0,-19.873123168945312,0.9888502385877284,0.0673658028244972,-19.873123168945312,0.4679991859106411,-1.0,-19.873123168945312,0.6832027011037286,-0.7008072733879089
Igsf9b,0.0,0.0,0.0,0.9888502385877284,0.1005259156227111,0.0,1.0,0.0,0.0,1.0,0.0
Opcml,0.0,0.0,0.0,0.9888502385877284,0.1005259156227111,0.0,1.0,0.0,0.0,1.0,0.0
Ntm,0.0,0.0,0.0,0.9888502385877284,0.1005259156227111,0.0,1.0,0.0,0.0,1.0,0.0
Snx19,0.0607430934906005,0.0876031517982482,0.5478773713111877,0.1814442549916344,1.8415809869766235,0.5478773713111877,0.1474404832313264,1.8266340494155884,0.5478773713111877,0.2518211594577385,1.580064058303833
Zbtb44,0.1543262898921966,0.1334000676870346,-0.2256813943386078,0.9452671725632862,0.6397510766983032,-0.2256813943386078,0.4620581332078721,-1.081830620765686,-0.2256813943386078,0.5886270246727748,-0.8938149809837341
St14,0.0029111315961927,0.0983349978923797,5.147467136383057,7.771778528285282e-05,4.364437580108643,5.147467136383057,8.482838863699703e-14,8.040703773498535,5.147467136383057,1.8163721005345653e-13,7.957258224487305
Aplp2,0.1552013605833053,0.2276061922311782,0.6062929630279541,0.001521442456941,3.60451865196228,0.6062929630279541,0.0045213028474913,3.217865228652954,0.6062929630279541,0.0192024093819674,2.77701735496521
Prdm10,0.0468190312385559,0.0456620715558528,-0.0369398146867752,0.9888502385877284,0.5065131783485413,-0.0369398146867752,1.0,-0.0985255613923072,-0.0369398146867752,1.0,-0.0835052579641342
Nfrkb,0.2624880969524383,0.2418519407510757,-0.1336386650800705,0.8358173773617864,0.7772460579872131,-0.1336386650800705,0.5667349614760652,-0.8414159417152405,-0.1336386650800705,0.6841434731663224,-0.6991314888000488
Arhgap32,0.0,0.0,0.0,0.9888502385877284,0.1005259156227111,0.0,1.0,0.0,0.0,1.0,0.0
Kcnj1,0.0,0.0,0.0,0.9888502385877284,0.1005259156227111,0.0,1.0,0.0,0.0,1.0,0.0
Fli1,0.4345342814922333,0.6439493298530579,0.7320468425750732,2.3770406681552426e-08,5.962247371673584,0.7320468425750732,1.250486666372602e-09,6.469935417175293,0.7320468425750732,4.019525525404625e-07,5.494021415710449
Ets1,1.5079158544540403,1.5756944417953491,0.1244158372282981,0.9392095988039028,0.6485639214515686,0.1244158372282981,0.1018461012613948,2.015371561050415,0.1244158372282981,0.2287251513192482,1.6366077661514282
St3gal4,0.1213240176439285,0.2493277043104171,1.134363293647766,3.1767389741136525e-06,5.056095123291016,1.134363293647766,7.761909477265301e-08,5.771368503570557,1.134363293647766,2.567985755006192e-06,5.12783145904541
Dcps,0.2476854026317596,0.4716416597366333,1.100393772125244,2.4300358224620866e-13,7.674473762512207,1.100393772125244,4.174422527329182e-15,8.316498756408691,1.100393772125244,1.758519832577755e-11,7.183484077453613
Tirap,0.0236152932047843,0.0201628562062978,-0.2305211126804351,0.9888502385877284,0.2606503963470459,-0.2305211126804351,0.8351862764121893,-0.4511301219463348,-0.2305211126804351,0.908654546699454,-0.3720759451389313
Srpr,0.2387179732322693,0.4349115788936615,1.014867067337036,2.3856742152457857e-10,6.702897548675537,1.014867067337036,2.6670859436730304e-11,7.087285041809082,1.014867067337036,9.954201604392752e-09,6.1630024909973145
Foxred1,0.0593870133161544,0.0714456439018249,0.2754919528961181,0.3275226193110715,1.504602551460266,0.2754919528961181,0.5309932499172679,0.8958590030670166,0.2754919528961181,0.6745957106208952,0.7636071443557739
Fam118b,0.0559467300772666,0.0794978961348533,0.5240431427955627,0.0967501748363805,2.1507017612457275,0.5240431427955627,0.1559550271975261,1.7955057621002195,0.5240431427955627,0.2734990792629764,1.5259101390838623
Rpusd4,0.0979280695319175,0.125257521867752,0.3751834630966186,0.113709410153332,2.0751953125,0.3751834630966186,0.2155935417173125,1.6059770584106443,0.3751834630966186,0.3404111079028704,1.3739306926727295
Cdon,0.0272452030330896,0.0159565545618534,-0.7800253629684448,0.9913732616423362,0.0262144096195697,-0.7800253629684448,0.2501881026107,-1.517073154449463,-0.7800253629684448,0.4256448719229913,-1.2099567651748655
Ddx25,0.0,0.006801355164498,22.702299118041992,0.9888502385877284,0.4369814991950989,22.702299118041992,0.0819242073911488,2.1217219829559326,22.702299118041992,0.0925499152239827,2.1217219829559326
Pus3,0.1277926862239837,0.106602743268013,-0.2771444916725158,0.9888502385877284,0.4469146132469177,-0.2771444916725158,0.3989928078159053,-1.1894214153289795,-0.2771444916725158,0.5305707936699021,-0.9859227538108826
Hyls1,0.0338723212480545,0.0256802905350923,-0.4053841531276703,0.9888502385877284,0.3774576187133789,-0.4053841531276703,0.5037023612502732,-0.9398438334465028,-0.4053841531276703,0.6773613682365495,-0.7599769234657288
Pate2,0.0022163658868521,0.0018379413522779,-0.2703782021999359,0.9888502385877284,0.1013474464416503,-0.2703782021999359,1.0,-0.1566489040851593,-0.2703782021999359,1.0,-0.1307056248188018
Acrv1,0.0012049720389768,0.0,-20.201438903808597,0.9888502385877284,0.0673658028244972,-20.201438903808597,0.4679991859106411,-1.0,-20.201438903808597,0.6832027011037286,-0.7008072733879089
Chek1,0.0044495640322566,0.0938880145549774,4.464249610900879,9.143358683413365e-05,4.327020645141602,4.464249610900879,5.211181903880679e-12,7.422770023345947,4.464249610900879,1.4412887850977018e-11,7.293694972991943
Stt3a,0.2191963642835617,0.3157823979854584,0.599481463432312,0.0004076286919541,3.9585251808166495,0.599481463432312,0.0007685903743736,3.740102529525757,0.599481463432312,0.0050771878894692,3.230801105499268
Ei24,0.1569906771183014,0.300756573677063,1.0455745458602903,1.0090644643479326e-08,6.106688022613525,1.0455745458602903,4.743286969347028e-09,6.256607055664063,1.0455745458602903,5.40747020520233e-07,5.436602592468262
Pknox2,0.0,0.0,0.0,0.9888502385877284,0.1005259156227111,0.0,1.0,0.0,0.0,1.0,0.0
Tmem218,0.0269283652305603,0.0441990830004215,0.7274220585823059,0.5487433563431381,1.1477580070495603,0.7274220585823059,0.1770047183862857,1.7233364582061768,0.7274220585823059,0.2820632458909156,1.506737470626831
Slc37a2,0.007826498709619,0.1212847977876663,4.036611080169678,5.303972046767016e-05,4.4549560546875,4.036611080169678,2.915627968714432e-13,7.845158576965332,4.036611080169678,1.3138248364419196e-12,7.6422529220581055
Ccdc15,0.0184071492403745,0.0234998241066932,0.3560700416564941,0.7940929714355259,0.8259406089782715,0.3560700416564941,0.6545214157816809,0.7086020112037659,0.3560700416564941,0.7562127818545257,0.5940498113632202
Hepacam,0.0,0.0,0.0,0.9888502385877284,0.1005259156227111,0.0,1.0,0.0,0.0,1.0,0.0
Msantd2,0.0733453333377838,0.0901588127017021,0.310056984424591,0.1731080316304201,1.8663763999938965,0.310056984424591,0.4221118090240333,1.1496566534042358,0.310056984424591,0.5378008307879255,0.9714753031730652
Esam,0.0,0.0019068075343966,20.864103317260746,0.9888502385877284,0.1678170263767242,20.864103317260746,0.4679991859106411,1.0,20.864103317260746,0.5282133287683867,1.0
Nrgn,0.0106466794386506,0.67380690574646,6.489411354064941,2.264041427016802e-44,14.242266654968262,6.489411354064941,1.1477194726652256e-45,16.292919158935547,6.489411354064941,2.3275594550153853e-45,16.216426849365234
Siae,0.0571026839315891,0.0387699306011199,-0.5719504356384277,0.9888502385877284,0.0410020239651203,-0.5719504356384277,0.203685398795941,-1.6381570100784302,-0.5719504356384277,0.3623895558669232,-1.3284043073654177
Spa17,0.0012391518102958,0.0024027000181376,0.9561427235603333,0.9888502385877284,0.1687879413366317,0.9561427235603333,0.7465809516902083,0.5785279870033264,0.9561427235603333,0.8095542491951423,0.5179047584533691
Tbrg1,0.5595501661300659,0.6161770224571228,0.1839042007923126,0.3563980785529959,1.4518003463745115,0.1839042007923126,0.1851780455096026,1.6940228939056396,0.1839042007923126,0.3211807368262079,1.4214237928390503
Olfr889,0.0033396496437489,0.0,-21.67367553710937,0.9994412017932364,0.0010455889860168,-21.67367553710937,0.1751537935686868,-1.7312045097351074,-21.67367553710937,0.4247445287235097,-1.213240623474121
Olfr905,0.001186377950944,0.0,-20.17898941040039,0.9888502385877284,0.0673658028244972,-20.17898941040039,0.4679991859106411,-1.0,-20.17898941040039,0.6832027011037286,-0.7008072733879089
Olfr912,0.0,0.0,0.0,0.9888502385877284,0.1005259156227111,0.0,1.0,0.0,0.0,1.0,0.0
Vwa5a,0.0195045918226242,0.001787283224985,-3.460776090621948,0.9888502385877284,-0.3970250785350799,-3.460776090621948,0.0019101437981486,-3.477504014968872,-3.460776090621948,0.037827363765176,-2.5171496868133545
Olfr920,0.0010783524485304,0.0,-20.04117584228516,0.9888502385877284,0.0673658028244972,-20.04117584228516,0.4679991859106411,-1.0,-20.04117584228516,0.6832027011037286,-0.7008072733879089
Olfr976,0.0,0.0,0.0,0.9888502385877284,0.1005259156227111,0.0,1.0,0.0,0.0,1.0,0.0
Olfr984,0.0,0.0,0.0,0.9888502385877284,0.1005259156227111,0.0,1.0,0.0,0.0,1.0,0.0
Olfr986,0.0,0.0,0.0,0.9888502385877284,0.1005259156227111,0.0,1.0,0.0,0.0,1.0,0.0
Zfp202,0.0065783071331679,0.0045415284112095,-0.5360087752342224,0.9888502385877284,0.1026917770504951,-0.5360087752342224,0.7872250247853809,-0.5197451710700989,-0.5360087752342224,0.8721641760208606,-0.4258386194705963
Gramd1b,0.1377035081386566,0.2718999087810516,1.0816142559051514,3.01268949069736e-07,5.512419700622559,1.0816142559051514,7.307097003301985e-08,5.780324935913086,1.0816142559051514,2.961037911596856e-06,5.098631858825684
Clmp,0.00110418361146,0.0,-20.075345993041992,0.9888502385877284,0.0673658028244972,-20.075345993041992,0.4679991859106411,-1.0,-20.075345993041992,0.6832027011037286,-0.7008072733879089
Hspa8,2.408693790435791,2.8406968116760254,0.6724122166633606,1.831056965601968e-51,15.351337432861328,0.6724122166633606,5.612400561645589e-52,16.28083610534668,0.6724122166633606,1.107846169991892e-35,13.414670944213867
Crtam,0.0967424139380455,0.2545258700847626,1.5127382278442385,4.182744037159968e-07,5.450580596923828,1.5127382278442385,1.220358297271853e-09,6.509246349334717,1.5127382278442385,3.0570595905238937e-08,5.975801944732666
Ubash3b,0.0683097690343856,0.2972503006458282,2.29168701171875,1.6453761405111856e-15,8.307652473449707,2.29168701171875,3.0257388798104656e-20,9.88254165649414,2.29168701171875,8.78607641916069e-18,9.170137405395508
Sorl1,0.3297402560710907,0.3500065803527832,0.1014976352453231,0.2964491576165626,1.5649479627609253,0.1014976352453231,0.6386291306412499,0.7319459915161133,0.1014976352453231,0.7407219225977927,0.6167863011360168
Sc5d,0.0846354216337204,0.1113326698541641,0.4151162505149841,0.0684695980159708,2.30597186088562,0.4151162505149841,0.1968048945768925,1.658205509185791,0.4151162505149841,0.3257031254807668,1.4094048738479614
Tbcel,0.256776362657547,0.1838374435901641,-0.536626398563385,0.7438403159299142,-0.8871075510978699,-0.536626398563385,0.0047324445132339,-3.2008376121521,-0.536626398563385,0.0293287407895506,-2.615809917449951
Arhgef12,0.0765050277113914,0.1319005191326141,0.8264769315719604,0.051995814246275,2.4214346408843994,0.8264769315719604,0.0071199932828394,3.0704731941223145,0.8264769315719604,0.0223209033363569,2.720999240875244
Tmem136,0.0011902991682291,0.001431216718629,0.2660915553569793,0.9888502385877284,0.1345822364091873,0.2660915553569793,1.0,0.1294209957122802,0.2660915553569793,1.0,0.1084688678383827
Oaf,0.0025492734275758,0.0013207611627876,-0.9496025443077089,0.9888502385877284,0.1013474464416503,-0.9496025443077089,0.7664119522514752,-0.5494381785392761,-0.9496025443077089,0.8728058716523617,-0.4245844185352325
Nectin1,0.0,0.0,0.0,0.9888502385877284,0.1005259156227111,0.0,1.0,0.0,0.0,1.0,0.0
Thy1,0.7087767720222473,1.267756104469299,1.3073701858520508,3.936149793638161e-38,13.191524505615234,1.3073701858520508,2.5289500005848837e-47,15.53579330444336,1.3073701858520508,3.0778125067262183e-34,13.079922676086426
Gm49380,0.003132241545245,0.0,-21.581024169921875,0.9994412017932364,0.0010455889860168,-21.581024169921875,0.175188784299411,-1.7305222749710083,-21.581024169921875,0.4247678424441667,-1.2127625942230225
Usp2,0.0138807818293571,0.004946538247168,-1.4950522184371948,0.9888502385877284,-0.0982106775045394,-1.4950522184371948,0.151496295542402,-1.81098210811615,-1.4950522184371948,0.3313732337794112,-1.3935962915420532
Rnf26,0.0603243932127952,0.0521078966557979,-0.2172217369079589,0.9571110011606564,0.6241419315338135,-0.2172217369079589,0.6614621101207663,-0.6982458233833313,-0.2172217369079589,0.7686756300371465,-0.5752665400505066
Mfrp,0.0,0.0,0.0,0.9888502385877284,0.1005259156227111,0.0,1.0,0.0,0.0,1.0,0.0
Mcam,0.0,0.0,0.0,0.9888502385877284,0.1005259156227111,0.0,1.0,0.0,0.0,1.0,0.0
Cbl,0.5339760780334473,0.3432068228721618,-0.7853332757949829,3.769140039815801e-05,-4.531582832336426,-0.7853332757949829,1.048880239252161e-09,-6.484597206115723,-0.7853332757949829,1.424138645072286e-06,-5.252029895782471
Pdzd3,0.0,0.0,0.0,0.9888502385877284,0.1005259156227111,0.0,1.0,0.0,0.0,1.0,0.0
Nlrx1,0.0077111618593335,0.0258320495486259,1.7572497129440308,0.5552814925762447,1.1378995180130005,1.7572497129440308,0.0228610525128611,2.6566853523254395,1.7572497129440308,0.0457955163508601,2.4342589378356934
Abcg4,0.0,0.0,0.0,0.9888502385877284,0.1005259156227111,0.0,1.0,0.0,0.0,1.0,0.0
Hinfp,0.0561354681849479,0.0808863937854766,0.5450423955917358,0.1988062944789655,1.7920647859573364,0.5450423955917358,0.158852504094854,1.786311149597168,0.5450423955917358,0.2678680549142852,1.5399885177612305
C2cd2l,0.0329781919717788,0.0236844774335622,-0.4843060970306396,0.9888502385877284,0.2460121512413025,-0.4843060970306396,0.4547102704082983,-1.094346046447754,-0.4843060970306396,0.5935036931776443,-0.8857404589653015
Dpagt1,0.027909655123949,0.0606287978589534,1.1430150270462036,0.0877789318240525,2.1946165561676025,1.1430150270462036,0.008483764484716,3.0117361545562744,1.1430150270462036,0.0254780432215228,2.670541524887085
H2ax,0.1891684085130691,0.2376695871353149,0.3655159473419189,0.0778131333826735,2.249061822891236,0.3655159473419189,0.1121164427471718,1.967235803604126,0.3655159473419189,0.2026319589417533,1.7087455987930298
Hmbs,0.0910597518086433,0.1651843190193176,0.913802444934845,0.0006067189288093,3.856356143951416,0.913802444934845,0.0002483650171324,4.041965484619141,0.913802444934845,0.0017823674741642,3.550076723098755
Vps11,0.1056412830948829,0.1088655665516853,0.0457414165139198,0.7313100254941892,0.9017457962036132,0.0457414165139198,1.0,0.1862681955099105,0.0457414165139198,1.0,0.1576875895261764
Hyou1,0.0926347449421882,0.1076825931668281,0.2281958013772964,0.1750579997360188,1.8606256246566768,0.2281958013772964,0.5013043380196597,0.9443650841712952,0.2281958013772964,0.6536607213145718,0.7945965528488159
Slc37a4,0.0269236229360103,0.0739510655403137,1.4919065237045288,0.0591759282333185,2.3675122261047363,1.4919065237045288,0.0004067787293497,3.9168198108673096,1.4919065237045288,0.0016917612755139,3.566377639770508
Trappc4,0.4025053381919861,0.6184505224227905,0.7886149287223816,1.4702864541654641e-08,6.043130874633789,0.7886149287223816,2.576085307875815e-11,7.079200744628906,0.7886149287223816,2.569621734909059e-08,5.998866558074951
Rps25,3.3036134243011475,2.8648276329040527,-0.6636757850646973,1.1425476571416228e-93,-20.759048461914062,-0.6636757850646973,3.880186819141923e-92,-23.59280586242676,-0.6636757850646973,9.632441282854113e-76,-20.68948554992676
Ccdc84,0.0705667585134506,0.0816096663475036,0.2178180515766143,0.3804441924257317,1.4084830284118652,0.2178180515766143,0.6155847583750479,0.7670396566390991,0.2178180515766143,0.7163946007174585,0.6522602438926697
Foxr1,0.0,0.0,0.0,0.9888502385877284,0.1005259156227111,0.0,1.0,0.0,0.0,1.0,0.0
Bcl9l,0.4030997157096863,0.1839136183261871,-1.297939419746399,7.41962832155482e-07,-5.342212677001953,-1.297939419746399,2.5970928652201025e-16,-8.621439933776855,-1.297939419746399,1.3588155643416089e-10,-6.886693477630615
Cxcr5,0.0133473770692944,0.0,-23.679691314697266,0.9888502385877284,-0.3305554986000061,-23.679691314697266,0.0012176241543572,-3.6098554134368896,-23.679691314697266,0.0368584726091521,-2.529812812805176
Ddx6,0.8776463270187378,0.6039620041847229,-0.7607511281967163,8.651758574684965e-15,-8.102791786193848,-0.7607511281967163,2.6985380852516167e-14,-8.039812088012695,-0.7607511281967163,5.24066695506702e-10,-6.659904956817627
Phldb1,0.0,0.0038800400216132,21.890439987182617,0.9888502385877284,0.2351081520318985,21.890439987182617,0.3197455398167399,1.3492426872253418,21.890439987182617,0.3526194327006838,1.3492426872253418
Arcn1,0.3394832909107208,0.4502746164798736,0.4926294982433319,0.0002003924355825,4.137395858764648,0.4926294982433319,0.0005733327193554,3.8188955783844,0.4926294982433319,0.004905727589045,3.241774082183838
Ift46,0.0774253830313682,0.111591637134552,0.5523844361305237,0.0508196209927996,2.4315919876098637,0.5523844361305237,0.0767031400263794,2.148351192474365,0.5523844361305237,0.1579561873938245,1.848928451538086
Tmem25,0.0,0.0,0.0,0.9888502385877284,0.1005259156227111,0.0,1.0,0.0,0.0,1.0,0.0
Ttc36,0.0,0.0,0.0,0.9888502385877284,0.1005259156227111,0.0,1.0,0.0,0.0,1.0,0.0
Kmt2a,0.9571316242218018,0.7782058119773865,-0.4460654258728027,1.1765388681355776e-06,-5.25348711013794,-0.4460654258728027,7.794918072707633e-06,-4.843438148498535,-0.4460654258728027,0.0003205549521834,-4.023260593414307
Atp5l,1.552772045135498,2.1541547775268555,1.032839298248291,2.5820036978491948e-73,18.350160598754883,1.032839298248291,5.38384828006194e-85,21.39793968200684,1.032839298248291,1.106116109658585e-53,17.078693389892578
Ube4a,0.1927539855241775,0.2201574146747589,0.2122219651937484,0.0396936653310453,2.5306241512298584,0.2122219651937484,0.3942441827321114,1.1983530521392822,0.2122219651937484,0.5282133287683867,1.0099812746047974
Cd3g,2.4819843769073486,2.721141815185547,0.3727500438690185,6.353395750406235e-17,8.694893836975098,0.3727500438690185,8.381163527391527e-20,9.602078437805176,0.3727500438690185,9.067739097335901e-14,7.946180820465088
Cd3d,2.475995779037476,2.7433950901031494,0.4165197312831878,9.595200616932925e-29,11.422014236450195,0.4165197312831878,2.361996488922635e-25,11.00001049041748,0.4165197312831878,3.669028855702569e-18,9.238188743591309
Cd3e,1.8465068340301516,2.143751382827759,0.4967120885848999,3.3376686692231074e-20,9.53166389465332,0.4967120885848999,2.439898455641877e-22,10.239855766296388,0.4967120885848999,3.33750290599472e-15,8.393311500549316
Mpzl2,0.0,0.0018519661389291,20.821962356567383,0.9888502385877284,0.1678170263767242,20.821962356567383,0.4679991859106411,1.0,20.821962356567383,0.5282133287683867,1.0
Mpzl3,0.0339318476617336,0.0474315844476223,0.493012011051178,0.6513672708407489,1.008844017982483,0.493012011051178,0.3814293776671732,1.2231172323226929,0.493012011051178,0.5173329395951546,1.0534874200820925
Jaml,0.2620819509029388,0.4422603249549866,0.8924610614776611,1.5802722109819212e-06,5.195606231689453,0.8924610614776611,1.0326274096855041e-07,5.717647552490234,0.8924610614776611,3.435332775867933e-06,5.0679450035095215
Scn2b,0.0436569303274154,0.0021024192683398,-4.406177520751953,0.611489705930449,-1.06097412109375,-4.406177520751953,1.8940942402459625e-07,-5.587448120117188,-4.406177520751953,0.0003745386974326,-3.997857093811035
Scn4b,0.0,0.001431216718629,20.44984436035156,0.9888502385877284,0.1678170263767242,20.44984436035156,0.4679991859106411,1.0,20.44984436035156,0.5282133287683867,1.0
Tmprss4,0.0,0.0018940819427371,20.854434967041016,0.9888502385877284,0.1678170263767242,20.854434967041016,0.4679991859106411,1.0,20.854434967041016,0.5282133287683867,1.0
BC049352,0.0045775012113153,0.0089655695483088,0.9730036854743958,0.9888502385877284,0.3028473854064941,0.9730036854743958,0.5009424735483887,0.9451515674591064,0.9730036854743958,0.6195258641712649,0.8445199131965637
Il10ra,0.0311597976833581,0.2791254222393036,3.346647262573242,1.7272496664302702e-18,9.103047370910645,3.346647262573242,3.594018134003927e-27,11.77426052093506,3.346647262573242,1.274817117665796e-25,11.331490516662598
Tmprss13,0.0,0.0036526003386825,21.803129196166992,0.9888502385877284,0.2351081520318985,21.803129196166992,0.2942789202292576,1.4135596752166748,21.803129196166992,0.3247822728813008,1.4135596752166748
Fxyd6,0.0,0.0,0.0,0.9888502385877284,0.1005259156227111,0.0,1.0,0.0,0.0,1.0,0.0
Fxyd2,0.0,0.0,0.0,0.9888502385877284,0.1005259156227111,0.0,1.0,0.0,0.0,1.0,0.0
Cep164,0.1994585543870926,0.1073116362094879,-0.9624512195587158,0.2194384236305084,-1.737843632698059,-0.9624512195587158,1.212606672111646e-05,-4.743525505065918,-0.9624512195587158,0.0007478182726847,-3.798398971557617
Bace1,0.0670433267951011,0.0231679398566484,-1.56485116481781,0.7652431769354894,-0.8605197668075562,-1.56485116481781,0.0002422030775991,-4.039616584777832,-1.56485116481781,0.007234563746734,-3.1186490058898926
Rnf214,0.1002845838665962,0.0983907133340835,-0.0288944132626056,0.4532794538044669,1.2914518117904663,-0.0288944132626056,1.0,-0.1173440739512443,-0.0288944132626056,1.0,-0.0974924266338348
Pcsk7,0.1650918871164322,0.2297233790159225,0.5247830152511597,0.0020982914470833,3.512357473373413,0.5247830152511597,0.0114820177250799,2.906068801879883,0.5247830152511597,0.0407334597181532,2.4826040267944336
Tagln,0.0052855843678116,0.0,-22.337446212768555,0.9888502385877284,-0.0652746260166168,-22.337446212768555,0.0639393385215895,-2.2306573390960693,-22.337446212768555,0.2591835617261022,-1.5632609128952026
Sidt2,0.2871585786342621,0.3125598728656769,0.1415224522352218,0.1615196780963998,1.901403546333313,0.1415224522352218,0.4940424149464237,0.9563724994659424,0.1415224522352218,0.6435006954701415,0.8087559342384338
Pafah1b2,0.1897946745157241,0.2840930819511413,0.652629554271698,6.480671856392024e-05,4.408128261566162,0.652629554271698,0.0002976520542954,3.993017673492432,0.652629554271698,0.0026912460993416,3.4266891479492188
Sik3,0.1232678517699241,0.2125109434127807,0.8519162535667419,0.0001534034551725,4.203267574310303,0.8519162535667419,0.0001358263767158,4.193665027618408,0.8519162535667419,0.0012175379097542,3.660191059112549
Apoa1,0.0013320199213922,0.0,-20.34614562988281,0.9888502385877284,0.0673658028244972,-20.34614562988281,0.4679991859106411,-1.0,-20.34614562988281,0.6832027011037286,-0.7008072733879089
Zpr1,0.1970901638269424,0.1981912553310394,0.0088580613955855,0.341366482190825,1.4797325134277344,0.0088580613955855,1.0,0.0502262488007545,0.0088580613955855,1.0,0.0420633107423782
Bud13,0.0577973499894142,0.0728916227817535,0.3457563817501068,0.2423970212478086,1.6822032928466797,0.3457563817501068,0.4364412329405947,1.1256769895553589,0.3457563817501068,0.5505384840358436,0.9516133069992064
4931429L15Rik,0.0,0.0,0.0,0.9888502385877284,0.1005259156227111,0.0,1.0,0.0,0.0,1.0,0.0
Cadm1,0.0010391167597845,0.002335503231734,1.169310212135315,0.9888502385877284,0.1347316056489944,1.169310212135315,0.796246602983872,0.5071467757225037,1.169310212135315,0.8424833742025847,0.4686145484447479
Nxpe4,0.0022696400992572,0.0,-21.115671157836918,0.9888502385877284,0.0342056974768638,-21.115671157836918,0.2942789202292576,-1.4125244617462158,-21.115671157836918,0.5299909986835808,-0.9899073839187622
Nxpe2,0.0,0.0,0.0,0.9888502385877284,0.1005259156227111,0.0,1.0,0.0,0.0,1.0,0.0
Rexo2,0.4098990559577942,0.9760827422142028,1.7068874835968018,2.028510411760848e-43,14.086921691894531,1.7068874835968018,1.2382382883639892e-51,16.530517578125,1.7068874835968018,6.660694337505622e-41,14.435400009155272
Rbm7,0.3253452479839325,0.4667198359966278,0.6292785406112671,5.875178532412356e-06,4.930698871612549,0.6292785406112671,8.931506869025049e-06,4.818448543548584,0.6292785406112671,0.0002146746991349,4.124786376953125
Gm5617,0.0799163207411766,0.1410164386034011,0.8641869425773621,0.0015947926483812,3.591150045394897,0.8641869425773621,0.0014616054388172,3.5587048530578613,0.8641869425773621,0.0078694105159039,3.087719440460205
Zbtb16,0.0,0.0036134289111942,21.78754425048828,0.9888502385877284,0.2351081520318985,21.78754425048828,0.2942789202292576,1.414458990097046,21.78754425048828,0.3245618411987515,1.414458990097046
Usp28,0.1394530236721038,0.019212769344449,-2.947523355484009,0.0080999611330383,-3.0993497371673584,-2.947523355484009,7.190826410039632e-18,-9.060665130615234,-2.947523355484009,6.63271847482586e-10,-6.670255661010742
Zw10,0.0847681909799575,0.1189281120896339,0.5135543346405029,0.0357785997507004,2.571028709411621,0.5135543346405029,0.0930302007772025,2.058385133743286,0.5135543346405029,0.1838335901230979,1.7673354148864746
Ncam1,0.0,0.005741701927036,22.45719146728516,0.9888502385877284,0.3696903884410858,22.45719146728516,0.1144053695187857,1.959859848022461,22.45719146728516,0.1282394161208654,1.959859848022461
Rpl10-ps3,0.3007503151893616,0.2337108105421066,-0.4143519103527069,0.6812775231122833,-0.9702318906784058,-0.4143519103527069,0.0192071629226968,-2.7189507484436035,-0.4143519103527069,0.071406530850552,-2.2395830154418945
Plet1,0.0,0.0,0.0,0.9888502385877284,0.1005259156227111,0.0,1.0,0.0,0.0,1.0,0.0
Pts,0.3291929066181183,0.5626530647277832,0.954189956188202,5.169283546257194e-12,7.259599208831787,0.954189956188202,1.902398946371744e-13,7.797891139984131,0.954189956188202,3.7474017432300224e-10,6.709701061248779
Bco2,0.0,0.0031854875851422,21.60538101196289,0.9888502385877284,0.3023992776870727,21.60538101196289,0.2013461644589789,1.6471590995788574,21.60538101196289,0.2254475927271413,1.6471590995788574
Il18,0.0010391167597845,0.0266603156924247,4.699787139892578,0.505011631319387,1.2103439569473269,4.699787139892578,0.0007183753278972,3.773294687271118,4.699787139892578,0.0010020692798524,3.7283318042755127
Sdhd,0.2917820513248443,0.5296179056167603,1.0433311462402344,8.471611581828856e-13,7.508449077606201,1.0433311462402344,6.513023521359272e-15,8.257149696350098,1.0433311462402344,2.5390929322586208e-11,7.128242492675781
Timm8b,0.2329225838184356,0.4362184107303619,1.0600076913833618,8.980061658784302e-12,7.182897567749023,1.0600076913833618,1.7489267892948398e-12,7.488683700561523,1.0600076913833618,1.396087050878506e-09,6.494034290313721
Nkapd1,0.1540922224521637,0.1783773303031921,0.2291412949562072,0.0521601673727666,2.4198663234710693,0.2291412949562072,0.4185749021359662,1.1554542779922483,0.2291412949562072,0.5369785032803912,0.9727957844734192
Pih1d2,0.0021646383684128,0.0016886966768652,-0.3585590124130249,0.9888502385877284,0.1013474464416503,-0.3585590124130249,1.0,-0.2088517993688583,-0.3585590124130249,1.0,-0.1724248230457306
Dlat,0.0964480638504028,0.1414780467748642,0.5858803391456604,0.0157728602964079,2.874772310256958,0.5858803391456604,0.0270192722198548,2.58943247795105,0.5858803391456604,0.072990853692593,2.230244874954224
Dixdc1,0.0,0.0,0.0,0.9888502385877284,0.1005259156227111,0.0,1.0,0.0,0.0,1.0,0.0
Hspb2,0.0,0.0,0.0,0.9888502385877284,0.1005259156227111,0.0,1.0,0.0,0.0,1.0,0.0
Cryab,0.0019290185300633,0.0007113116444088,-1.4401905536651611,0.9888502385877284,0.1013474464416503,-1.4401905536651611,0.5986244283996853,-0.7919104695320129,-1.4401905536651611,0.7599611752503973,-0.5879079103469849
1110032A03Rik,0.0527851320803165,0.0524756498634815,-0.0087087200954556,0.870295655088997,0.7346009612083435,-0.0087087200954556,1.0,-0.0253485925495624,-0.0087087200954556,1.0,-0.0212770085781812
Fdxacb1,0.0290037114173173,0.0492789559066295,0.7794551849365234,0.3511038070599555,1.4614347219467163,0.7794551849365234,0.1060265668413172,1.9951727390289309,0.7794551849365234,0.1937141226863095,1.737876296043396
Alg9,0.0333743132650852,0.0517128892242908,0.6451082229614258,0.2550844194009652,1.6538230180740356,0.6451082229614258,0.1738815394142043,1.7371535301208496,0.6451082229614258,0.2916057233822655,1.4857780933380127
Ppp2r1b,0.0527340956032276,0.1040264964103698,1.01762592792511,0.0106676816877124,3.008906364440918,1.01762592792511,0.0014695270746581,3.5578925609588623,1.01762592792511,0.0070078854471256,3.1264710426330566
Sik2,0.1085409447550773,0.0750798806548118,-0.556247353553772,0.9994412017932364,-0.0054519996047019,-0.556247353553772,0.0804497285787225,-2.125849723815918,-0.556247353553772,0.1988755590658079,-1.7209957838058472
Layn,0.0003030791413038,0.0,-18.20955848693848,0.9888502385877284,0.0673658028244972,-18.20955848693848,0.4679991859106411,-1.0,-18.20955848693848,0.6832027011037286,-0.7008072733879089
Pou2af1,0.0221733096987009,0.0056344363838434,-1.9884387254714968,0.9888502385877284,-0.3296592831611633,-1.9884387254714968,0.0198273989104576,-2.706599235534668,-1.9884387254714968,0.105439924514982,-2.057927370071411
Arhgap20,0.0,0.000480409245938,18.87425422668457,0.9888502385877284,0.1678170263767242,18.87425422668457,0.4679991859106411,1.0,18.87425422668457,0.5282133287683867,1.0
Fdx1,0.1834850162267685,0.2705613672733307,0.6254804730415344,0.0003068966949954,4.030148029327393,0.6254804730415344,0.0008143801845836,3.7234175205230713,0.6254804730415344,0.0054054854140016,3.2103397846221924
Rdx,0.5305284261703491,0.5875652432441711,0.1922760307788849,0.2836049659477327,1.5909383296966553,0.1922760307788849,0.1700062873348369,1.7495193481445312,0.1922760307788849,0.2980844410742986,1.471367359161377
Zc3h12c,0.0012243665987625,0.0124665219336748,3.3560690879821777,0.9888502385877284,0.538030207157135,3.3560690879821777,0.0719957358481482,2.1795008182525635,3.3560690879821777,0.0929431681405979,2.118540048599243
Ddx10,0.2498760968446731,0.3879704475402832,0.7396332025527954,7.506648918786563e-07,5.339897632598877,0.7396332025527954,2.4638645234593265e-06,5.091061115264893,0.7396332025527954,7.640110957733371e-05,4.378909111022949
Exph5,0.0,0.0480399802327156,25.55252456665039,0.0894445443031133,2.1865506172180176,25.55252456665039,3.2866454914447867e-06,5.069340229034424,25.55252456665039,4.064484924420053e-06,5.069340229034424
Poglut3,0.0,0.0604472532868385,25.892995834350582,0.0238393224975266,2.724879503250122,25.892995834350582,1.5000196239341433e-08,6.120248794555664,25.892995834350582,1.8461068166246863e-08,6.120248794555664
4930550C14Rik,0.0050309696234762,0.0005840815720148,-3.109801769256592,0.9888502385877284,0.0348778627812862,-3.109801769256592,0.1844041249161011,-1.6963961124420166,-3.109801769256592,0.4283294752027671,-1.20415461063385
Atm,0.2248377501964569,0.1831156760454177,-0.3272475302219391,0.9888502385877284,0.0413007661700248,-0.3272475302219391,0.1344141675550081,-1.874580264091492,-0.3272475302219391,0.2635322418042468,-1.5496562719345093
Npat,0.0867736712098121,0.1843801736831665,1.1593530178070068,1.6353961700717468e-05,4.717100143432617,1.1593530178070068,1.5738483958661437e-06,5.187858581542969,1.1593530178070068,3.354630062824636e-05,4.572569847106934
Acat1,0.2892713248729706,0.2326154559850692,-0.3571201264858246,0.9888502385877284,-0.44303098320961,-0.3571201264858246,0.0481949836311256,-2.3530101776123047,-0.3571201264858246,0.1348204606622897,-1.930957794189453
Cul5,0.2392050623893737,0.239996075630188,0.0053560403175652,0.5557938419206584,1.1371526718139648,0.0053560403175652,1.0,0.0320679508149623,0.0053560403175652,1.0,0.0269737150520086
Rab39,0.0010922676883637,0.0,-20.05968475341797,0.9888502385877284,0.0673658028244972,-20.05968475341797,0.4679991859106411,-1.0,-20.05968475341797,0.6832027011037286,-0.7008072733879089
Slc35f2,0.0111471004784107,0.034339066594839,1.6399750709533691,0.4046355550811059,1.3688253164291382,1.6399750709533691,0.013073123688723,2.8628692626953125,1.6399750709533691,0.0291271217626311,2.619083404541016
Dmxl2,0.0,0.0,0.0,0.9888502385877284,0.1005259156227111,0.0,1.0,0.0,0.0,1.0,0.0
Cib2,0.0,0.0207537189126014,24.32186317443848,0.7272849805709227,0.9080193638801576,24.32186317443848,0.0024069052524923,3.423911094665528,24.32186317443848,0.0028330047649381,3.423911094665528
Idh3a,0.2395948767662048,0.5585299134254456,1.4663552045822144,6.350354028855399e-22,9.942729949951172,1.4663552045822144,4.1889212235366255e-26,11.25924015045166,1.4663552045822144,1.7328732838475595e-20,9.861119270324709
Acsbg1,0.0204099956899881,0.1768226325511932,3.2296371459960938,3.500098170651049e-08,5.895702838897705,3.2296371459960938,6.881566526143487e-17,8.986466407775879,3.2296371459960938,6.624541118855106e-16,8.686196327209473
Dnaja4,0.0458449088037014,0.0497798323631286,0.1216607689857482,0.7770748795090842,0.8475245833396912,0.1216607689857482,0.9114021947647664,0.3424709737300873,0.1216607689857482,0.963141838386084,0.2883603870868683
Wdr61,0.1928433179855346,0.3219601511955261,0.8365820050239563,2.6227345239926217e-07,5.538410186767578,0.8365820050239563,5.326918442652845e-07,5.39762020111084,0.8365820050239563,2.4382909905749344e-05,4.645339488983154
Crabp1,0.0,0.0,0.0,0.9888502385877284,0.1005259156227111,0.0,1.0,0.0,0.0,1.0,0.0
Ireb2,0.1798094660043716,0.2017242759466171,0.1822265088558197,0.1314853471969245,2.0049915313720703,0.1822265088558197,0.4724245280150541,0.991451859474182,0.1822265088558197,0.6237948338288845,0.8382188677787781
Hykk,0.0057440805248916,0.003425545990467,-0.7474154829978943,0.9888502385877284,0.0685607641935348,-0.7474154829978943,0.6918980480108543,-0.6547453999519348,-0.7474154829978943,0.8047835307443832,-0.5255017876625061
AY074887,0.0047232331708073,0.0023722453042864,-0.9952181577682496,0.9888502385877284,0.1018702387809753,-0.9952181577682496,0.5939464143505806,-0.7989251613616943,-0.9952181577682496,0.7396203087217742,-0.6183067560195923
Psma4,0.6988626718521118,1.218148112297058,1.2350749969482422,1.22790430915822e-38,13.279876708984377,1.2350749969482422,8.34834992745578e-48,15.603730201721191,1.2350749969482422,3.4144926632784063e-34,13.075172424316406
Chrna5,0.0,0.0,0.0,0.9888502385877284,0.1005259156227111,0.0,1.0,0.0,0.0,1.0,0.0
Ube2q2,0.0830836147069931,0.1522651761770248,0.92483252286911,0.0015773576586071,3.5943615436553955,0.92483252286911,0.0005128291053532,3.8519341945648193,0.92483252286911,0.0030529237066718,3.3893256187438965
Fbxo22,0.1531788408756256,0.25631844997406,0.8196567296981812,1.965284714525996e-06,5.152587890625,0.8196567296981812,2.173843378100283e-05,4.622807502746582,0.8196567296981812,0.0003778539543322,3.97950291633606
Nrg4,0.0009086905047297,0.0096300998702645,3.411985158920288,0.9888502385877284,0.5378808379173279,3.411985158920288,0.061724823788015,2.249854803085327,3.411985158920288,0.0800202459391432,2.1884186267852783
Etfa,0.2668139636516571,0.4474866092205047,0.8840782642364502,7.989921117069038e-09,6.145598888397217,0.8840782642364502,1.0337572446614379e-09,6.507164001464844,0.8840782642364502,2.2046451984548522e-07,5.60796594619751
Scaper,0.1694100499153137,0.101820632815361,-0.7843466401100159,0.8313557168779818,-0.7823992967605591,-0.7843466401100159,0.0011946396083835,-3.611290454864502,-0.7843466401100159,0.0136756060136544,-2.900825500488281
4930563M21Rik,0.0,0.0,0.0,0.9888502385877284,0.1005259156227111,0.0,1.0,0.0,0.0,1.0,0.0
Rcn2,0.1789074093103408,0.0961898043751716,-0.9562927484512328,0.4339185402721766,-1.321773886680603,-0.9562927484512328,2.0342893579630557e-05,-4.629338264465332,-0.9562927484512328,0.0011213172382523,-3.687162399291992
Pstpip1,0.3032498955726623,0.6787289977073669,1.45524263381958,2.675886717729253e-26,10.91535186767578,1.45524263381958,3.6266413848731377e-29,11.971689224243164,1.45524263381958,6.399758681743811e-23,10.484098434448242
Tspan3,0.0685024112462997,0.1556863486766815,1.2484805583953855,8.863819952187558e-05,4.334041118621826,1.2484805583953855,3.4761180443137265e-06,5.027603149414063,1.2484805583953855,4.83893568203498e-05,4.489023685455322
Peak1,0.3349231481552124,0.5440144538879395,0.8616526126861572,1.8099206071676034e-09,6.386383056640625,0.8616526126861572,4.04685387175861e-10,6.66057825088501,0.8616526126861572,9.293014119011933e-08,5.7684736251831055
Hmg20a,0.2383557707071304,0.1432224661111831,-0.8056637048721313,0.195860274896551,-1.7999814748764038,-0.8056637048721313,0.0001076025380729,-4.2439141273498535,-0.8056637048721313,0.0024015002866983,-3.46329116821289
Lingo1,0.0,0.0016333583043888,20.640588760375977,0.9888502385877284,0.1678170263767242,20.640588760375977,0.4679991859106411,1.0,20.640588760375977,0.5282133287683867,1.0
Snx33,0.0152393085882067,0.0094738285988569,-0.6899453401565552,0.9888502385877284,-0.0317410938441753,-0.6899453401565552,0.48437757713914,-0.9725386500358582,-0.6899453401565552,0.6552115620715188,-0.7924200892448425
Imp3,0.6669432520866394,0.6407138109207153,-0.0788518413901329,0.3971054668996092,-1.3816711902618408,-0.0788518413901329,0.5862739724027357,-0.8111330270767212,-0.0788518413901329,0.7001859266854966,-0.676045835018158
Snupn,0.0326015762984752,0.0301890447735786,-0.1126659214496612,0.9888502385877284,0.4458690285682678,-0.1126659214496612,0.9663836060058836,-0.264223963022232,-0.1126659214496612,1.0,-0.2194074541330337
Ptpn9,0.0444805845618248,0.1092610359191894,1.343859314918518,0.0020897424570932,3.513701915740967,1.343859314918518,5.667913961550838e-05,4.40852689743042,1.343859314918518,0.0004085615282272,3.960363388061523
Sin3a,0.1443573087453842,0.1532108336687088,0.0924187749624252,0.1884663102516913,1.820669174194336,0.0924187749624252,0.8328584243737238,0.4544214010238647,0.0924187749624252,0.9027464069875988,0.3806277513504028
Man2c1,0.0757316350936889,0.0468235500156879,-0.714727520942688,0.9891173779230972,0.0304714497178792,-0.714727520942688,0.0538720738887542,-2.305112838745117,-0.714727520942688,0.1575332088324128,-1.8507193326950075
Neil1,0.0373305901885032,0.0238288715481758,-0.6574366688728333,0.9888502385877284,-0.0751330405473709,-0.6574366688728333,0.2677743176256693,-1.4776705503463743,-0.6574366688728333,0.4291067801757369,-1.2018072605133057
Commd4,0.2732165455818176,0.5292310118675232,1.1508409976959229,2.0882015009746456e-15,8.278077125549316,1.1508409976959229,1.9307848283704686e-16,8.722528457641602,1.1508409976959229,1.0478542384491801e-12,7.5961689949035645
Trcg1,0.0,0.0,0.0,0.9888502385877284,0.1005259156227111,0.0,1.0,0.0,0.0,1.0,0.0
1700017B05Rik,0.2021479606628418,0.3499957621097564,0.9034762382507324,4.473995450923868e-08,5.852161407470703,0.9034762382507324,9.791382569663669e-08,5.721710681915283,0.9034762382507324,5.387684697353074e-06,4.9725189208984375
Ppcdc,0.1816726326942443,0.2228633910417556,0.3255322873592376,0.0739364703819689,2.27221417427063,0.3255322873592376,0.1486856477560611,1.8218916654586792,0.3255322873592376,0.2601665642277629,1.5586256980895996
Scamp5,0.0,0.0,0.0,0.9888502385877284,0.1005259156227111,0.0,1.0,0.0,0.0,1.0,0.0
Rpp25,0.0,0.0009356220252811,19.83624267578125,0.9888502385877284,0.1678170263767242,19.83624267578125,0.4679991859106411,1.0,19.83624267578125,0.5282133287683867,1.0
Cox5a,1.1888346672058103,1.852963089942932,1.236164689064026,2.414007191357318e-72,18.22655868530273,1.236164689064026,5.532647119808904e-83,21.23349952697754,1.236164689064026,2.057120278675625e-55,17.300304412841797
Fam219b,0.0579786673188209,0.0551251024007797,-0.074890524148941,0.8130752488986477,0.8027136325836182,-0.074890524148941,0.9845941296224114,-0.2383380979299545,-0.074890524148941,1.0,-0.1978053003549575
Mpi,0.0113106332719326,0.026599857956171,1.2448025941848757,0.6065222779358448,1.0687413215637207,1.2448025941848757,0.0872624361089235,2.08936095237732,1.2448025941848757,0.152173475017076,1.8688510656356807
Scamp2,0.182082861661911,0.3067256212234497,0.8459228873252869,2.5298824513213064e-06,5.101801872253418,0.8459228873252869,3.6092741961743e-06,5.013687610626221,0.8459228873252869,8.545193940794802e-05,4.352429866790772
Ulk3,0.0448091924190521,0.0900347977876663,1.0396780967712402,0.0771392057540809,2.2530949115753174,1.0396780967712402,0.0045548882675976,3.217350721359253,1.0396780967712402,0.0151450812309314,2.862265348434448
Lman1l,0.001049384009093,0.0,-20.00186920166016,0.9888502385877284,0.0673658028244972,-20.00186920166016,0.4679991859106411,-1.0,-20.00186920166016,0.6832027011037286,-0.7008072733879089
Csk,0.6480344533920288,0.8844093084335327,0.6407114863395691,1.1791363776753433e-07,5.682477474212647,0.6407114863395691,1.8733838773650752e-11,7.120693206787109,0.6407114863395691,3.4275244603232664e-08,5.948615074157715
Edc3,0.0700702741742134,0.114770270884037,0.7446154356002808,0.0201200077346869,2.786942720413208,0.7446154356002808,0.0142039686560858,2.8319196701049805,0.7446154356002808,0.0426183760775139,2.463651180267334
Clk3,0.1820509582757949,0.2088828533887863,0.2183370739221573,0.080526311694839,2.233452796936035,0.2183370739221573,0.3898992404465838,1.2068272829055786,0.2183370739221573,0.5282133287683867,1.0229685306549072
Arid3b,0.0917848199605941,0.1996738314628601,1.201032638549805,4.26528926296344e-05,4.504098415374756,1.201032638549805,8.610847038698945e-07,5.311955451965332,1.201032638549805,1.6826008053349692e-05,4.728602409362793
Ubl7,0.0945699736475944,0.1641151160001754,0.8465012311935425,0.0014147027519973,3.625206470489502,0.8465012311935425,0.0009301513263447,3.688285350799561,0.8465012311935425,0.0050119496914871,3.235105514526367
Sema7a,0.0060725971125066,0.1658158153295517,4.888004302978516,2.053442905415105e-09,6.366591453552246,4.888004302978516,7.018844937923189e-20,9.895455360412598,4.888004302978516,2.3593879526801743e-19,9.751476287841797
Cyp11a1,0.0,0.0,0.0,0.9888502385877284,0.1005259156227111,0.0,1.0,0.0,0.0,1.0,0.0
Islr,0.0,0.0,0.0,0.9888502385877284,0.1005259156227111,0.0,1.0,0.0,0.0,1.0,0.0
Islr2,0.0,0.0,0.0,0.9888502385877284,0.1005259156227111,0.0,1.0,0.0,0.0,1.0,0.0
Pml,0.0787577778100967,0.2534716427326202,1.8158466815948489,2.6596416030953104e-10,6.685944080352783,1.8158466815948489,4.4634182939148935e-14,8.05105209350586,1.8158466815948489,5.421777278790295e-12,7.374387264251709
Stoml1,0.0498127825558185,0.0596383586525917,0.2668769061565399,0.7033290358579104,0.9407313466072084,0.2668769061565399,0.6065090080222367,0.7798666954040527,0.2668769061565399,0.7064212718981301,0.6665759086608887
Cd276,0.0,0.0005397105123847,19.042219161987305,0.9888502385877284,0.1678170263767242,19.042219161987305,0.4679991859106411,1.0,19.042219161987305,0.5282133287683867,1.0
Nptn,0.2409083098173141,0.6588051915168762,1.7753260135650637,4.8416048234516946e-34,12.451769828796388,1.7753260135650637,6.953491052437274e-40,14.303804397583008,1.7753260135650637,4.049552876905237e-32,12.62443733215332
Rec114,0.0,0.0016531069995835,20.657941818237305,0.9888502385877284,0.1678170263767242,20.657941818237305,0.4679991859106411,1.0,20.657941818237305,0.5282133287683867,1.0
Neo1,0.0014026858843863,0.0,-20.420774459838867,0.9888502385877284,0.0673658028244972,-20.420774459838867,0.4679991859106411,-1.0,-20.420774459838867,0.6832027011037286,-0.7008072733879089
Adpgk,0.1232974305748939,0.0512352921068668,-1.3196706771850586,0.4210802289102914,-1.3416399955749512,-1.3196706771850586,4.024390818962072e-06,-4.977334499359131,-1.3196706771850586,0.0005656749759064,-3.876659154891968
Bbs4,0.0313597172498703,0.0251347124576568,-0.323742926120758,0.9888502385877284,0.2848483026027679,-0.323742926120758,0.6558203799311262,-0.7068341374397278,-0.323742926120758,0.767993275499707,-0.5765287280082703
Arih1,0.3333104848861694,0.4203321635723114,0.4013688266277313,0.0025237145763454,3.4587337970733643,0.4013688266277313,0.0067908814640634,3.083906412124634,0.4013688266277313,0.0297378104565296,2.6096551418304443
Tmem202,0.0031741303391754,0.0,-21.6002197265625,0.9994412017932364,0.0010455889860168,-21.6002197265625,0.175399915118669,-1.7293349504470823,-21.6002197265625,0.4251387973546216,-1.211930513381958
Hexa,0.2130942642688751,0.1568973958492279,-0.4834569990634918,0.9888502385877284,-0.3654333651065826,-0.4834569990634918,0.0225222978133258,-2.659039258956909,-0.4834569990634918,0.0818515109570966,-2.17588210105896
Celf6,0.0,0.0,0.0,0.9888502385877284,0.1005259156227111,0.0,1.0,0.0,0.0,1.0,0.0
Parp6,0.0604035146534442,0.0276525747030973,-1.1510167121887207,0.9888502385877284,-0.572385311126709,-1.1510167121887207,0.0065297632205501,-3.094686985015869,-1.1510167121887207,0.0456122129310333,-2.436462879180908
Pkm,0.3166108131408691,0.892189085483551,1.9513463973999023,6.90288682488949e-47,14.645415306091309,1.9513463973999023,3.203638570421836e-55,17.282493591308594,1.9513463973999023,4.135944024480422e-45,15.273486137390137
Senp8,0.0147100118920207,0.0109345922246575,-0.4306281805038452,0.9888502385877284,0.266699880361557,-0.4306281805038452,0.6902673398981535,-0.6572442054748535,-0.4306281805038452,0.8009436070711649,-0.5306541919708252
Myo9a,0.0418041497468948,0.0236539728939533,-0.8347277045249939,0.9950037718048284,-0.0206130407750606,-0.8347277045249939,0.1173835336670929,-1.943941593170166,-0.8347277045249939,0.2680656839365952,-1.5397783517837524
Thsd4,0.0,0.0,0.0,0.9888502385877284,0.1005259156227111,0.0,1.0,0.0,0.0,1.0,0.0
Lrrc49,0.0,0.001731481985189,20.72482681274414,0.9888502385877284,0.3023992776870727,20.72482681274414,0.1835990113759089,1.7012356519699097,20.72482681274414,0.2057260588973855,1.7012356519699097
Uaca,0.0003030791413038,0.0,-18.20955848693848,0.9888502385877284,0.0673658028244972,-18.20955848693848,0.4679991859106411,-1.0,-18.20955848693848,0.6832027011037286,-0.7008072733879089
Tle3,0.2569335699081421,0.3352164328098297,0.4429490566253662,0.001947402642115,3.53386664390564,0.4429490566253662,0.0111780795215507,2.9154508113861084,0.4429490566253662,0.0400636976095761,2.489842176437378
Rplp1,4.769814014434815,3.8559165000915527,-1.337032437324524,9.387567763506199e-184,-29.162372589111328,-1.337032437324524,0.0,-64.35474395751953,-1.337032437324524,2.9747883739278476e-286,-55.36544036865234
Kif23,0.106910191476345,0.0587745532393455,-0.8983374238014221,0.9888502385877284,-0.5815715193748474,-0.8983374238014221,0.0039704714979916,-3.255713939666748,-0.8983374238014221,0.030296420441309,-2.603389978408813
Paqr5,0.0,0.0,0.0,0.9888502385877284,0.1005259156227111,0.0,1.0,0.0,0.0,1.0,0.0
Glce,0.0226764027029275,0.0114302476868033,-0.9964706301689148,0.9888502385877284,0.0312929861247539,-0.9964706301689148,0.1769285797909023,-1.7229026556015017,-0.9964706301689148,0.3497120740648453,-1.354830265045166
Anp32a,1.0065712928771973,0.820042610168457,-0.4504297971725464,1.8745288956729143e-08,-6.002427577972412,-0.4504297971725464,1.1960448416569742e-06,-5.231276512145996,-0.4504297971725464,8.969941790334059e-05,-4.342290878295898
Coro2b,0.0,0.0,0.0,0.9888502385877284,0.1005259156227111,0.0,1.0,0.0,0.0,1.0,0.0
Itga11,0.0,0.0,0.0,0.9888502385877284,0.1005259156227111,0.0,1.0,0.0,0.0,1.0,0.0
Fem1b,0.081256978213787,0.0820503160357475,0.014596720226109,0.5521913561283491,1.1426794528961182,0.014596720226109,1.0,0.0537885390222072,0.014596720226109,1.0,0.0449759475886821
Cln6,0.0364335216581821,0.0445296615362167,0.2953798472881317,0.7076887983997426,0.934084415435791,0.2953798472881317,0.6167940803881872,0.7651476263999939,0.2953798472881317,0.7174105085495971,0.6510523557662964
Calml4,0.0015575478319078,0.0,-20.571969985961918,0.9888502385877284,0.0342056974768638,-20.571969985961918,0.3898422547399777,-1.2071820497512815,-20.571969985961918,0.618791981385783,-0.8460019826889038
Pias1,0.2701190710067749,0.1776363402605056,-0.6738681197166443,0.5378529013279303,-1.1636658906936646,-0.6738681197166443,0.000231754628815,-4.052032470703125,-0.6738681197166443,0.0046887482041704,-3.257427215576172
Map2k5,0.1002350598573684,0.1260420233011245,0.3494844138622284,0.1318062528162996,2.0037965774536133,0.3494844138622284,0.2619923071533209,1.4907066822052002,0.3494844138622284,0.3891864313013282,1.278399109840393
2300009A05Rik,0.201209545135498,0.2887556850910187,0.5868775844573975,0.0002329370781023,4.099380970001221,0.5868775844573975,0.0013820333668483,3.5734310150146484,0.5868775844573975,0.0085989056214446,3.0583324432373047
Iqch,0.0,0.0,0.0,0.9888502385877284,0.1005259156227111,0.0,1.0,0.0,0.0,1.0,0.0
Aagab,0.0746216624975204,0.117666982114315,0.6885910630226135,0.033212626626054,2.6003050804138184,0.6885910630226135,0.0213879829420363,2.680438995361328,0.6885910630226135,0.0575780665341983,2.3351082801818848
Smad3,0.0674705132842063,0.0914396047592163,0.4560809731483459,0.3091140950884609,1.5394057035446167,0.4560809731483459,0.2216140257021433,1.5909724235534668,0.4560809731483459,0.3397041606275477,1.3754984140396118
Lctl,0.0,0.0,0.0,0.9888502385877284,0.1005259156227111,0.0,1.0,0.0,0.0,1.0,0.0
Zwilch,0.00708460342139,0.0267518516629934,1.931106448173523,0.4645262447518036,1.273975491523743,1.931106448173523,0.0119964537324466,2.894061326980591,1.931106448173523,0.0256955793662638,2.6679930686950684
Rpl4,2.895405530929565,2.66973614692688,-0.3471016585826874,5.649161788354783e-29,-11.468841552734377,-0.3471016585826874,1.8503293396374435e-23,-10.563673973083496,-0.3471016585826874,2.833831090788703e-17,-8.984560012817383
Snapc5,0.2994557321071625,0.606680154800415,1.256880283355713,7.986189043100784e-19,9.188934326171877,1.256880283355713,1.0229780811250082e-22,10.40651035308838,1.256880283355713,2.437153939857059e-17,9.00203800201416
Map2k1,0.1318212896585464,0.2070592194795608,0.7072646021842957,0.0003706984119312,3.982573747634888,0.7072646021842957,0.0012844860389412,3.595029354095459,0.7072646021842957,0.0072255263290757,3.115930795669556
Uchl4,0.0036578273866325,0.0013892858987674,-1.398279905319214,0.9888502385877284,0.1351797133684158,-1.398279905319214,0.4911516178169618,-0.9614238739013672,-1.398279905319214,0.6832027011037286,-0.7095140814781189
Tipin,0.1612656414508819,0.4816040098667145,1.8218361139297483,7.618569895601212e-18,8.937545776367188,1.8218361139297483,1.2429028033631005e-22,10.500661849975586,1.8218361139297483,1.4151688336973062e-19,9.655908584594728
Dis3l,0.046625517308712,0.0414633713662624,-0.1730334311723709,0.9682289804290944,0.6115201711654663,-0.1730334311723709,0.8127747336484751,-0.484255313873291,-0.1730334311723709,0.8903986935578346,-0.3990458846092224
Megf11,0.001123399590142,0.0022898991592228,1.0282539129257202,0.9888502385877284,0.1347316056489944,1.0282539129257202,0.8308980125457266,0.4573395252227783,1.0282539129257202,0.8782550141110739,0.4173189401626587
Rab11a,0.2046124041080474,0.4099532067775726,1.158260464668274,3.3755671414428955e-11,6.992376327514648,1.158260464668274,4.563125785443338e-13,7.689071655273437,1.158260464668274,2.796334501812841e-10,6.7580413818359375
Dennd4a,0.1655500829219818,0.5849769115447998,2.1425294876098637,1.0338729558241204e-32,12.201949119567873,2.1425294876098637,4.0769080908205146e-35,13.433631896972656,2.1425294876098637,3.377115370189973e-30,12.247974395751951
Slc24a1,0.0014735431177541,0.0,-20.49192237854004,0.9888502385877284,0.0673658028244972,-20.49192237854004,0.4679991859106411,-1.0,-20.49192237854004,0.6832027011037286,-0.7008072733879089
Ints14,0.0746776387095451,0.0904151275753974,0.2873965203762054,0.2032145714724047,1.7804887294769287,0.2873965203762054,0.4565094408858098,1.0913408994674685,0.2873965203762054,0.5673825103398263,0.9256882667541504
Hacd3,0.0964903458952903,0.183980792760849,0.995684027671814,0.0001085312361332,4.286242485046387,0.995684027671814,2.9650809070996173e-05,4.555134296417236,0.995684027671814,0.0003487743302224,4.001061916351318
Dpp8,0.2269427180290222,0.323489636182785,0.5842254757881165,0.0003225783983842,4.017526149749756,0.5842254757881165,0.0009779441966495,3.6726863384246826,0.5842254757881165,0.006160705121832,3.168081283569336
Igdcc4,0.0009246513363905,0.0,-19.81921768188477,0.9888502385877284,0.0673658028244972,-19.81921768188477,0.4679991859106411,-1.0,-19.81921768188477,0.6832027011037286,-0.7008072733879089
Parp16,0.0152930961921811,0.0138608524575829,-0.1429001539945602,0.9888502385877284,0.2672226727008819,-0.1429001539945602,0.9950002864032552,-0.2234090268611908,-0.1429001539945602,1.0,-0.185182124376297
Clpx,0.1314347386360168,0.1492040604352951,0.1960576772689819,0.0955706454268769,2.156527280807495,0.1960576772689819,0.5039866490796132,0.9394665360450744,0.1960576772689819,0.6565811763751123,0.7904667854309082
Pdcd7,0.1749523431062698,0.201387345790863,0.22267746925354,0.0778998065188261,2.248389720916748,0.22267746925354,0.3986880516128759,1.190379023551941,0.22267746925354,0.5282133287683867,1.0101182460784912
Ubap1l,0.0,0.0,0.0,0.9888502385877284,0.1005259156227111,0.0,1.0,0.0,0.0,1.0,0.0
Kbtbd13,0.0,0.0,0.0,0.9888502385877284,0.1005259156227111,0.0,1.0,0.0,0.0,1.0,0.0
Rasl12,0.0,0.0,0.0,0.9888502385877284,0.1005259156227111,0.0,1.0,0.0,0.0,1.0,0.0
Mtfmt,0.0645277425646781,0.1327128112316131,1.0903098583221436,0.0026327773058706,3.4461119174957275,1.0903098583221436,0.0002090790886175,4.086660385131836,1.0903098583221436,0.0014044209270992,3.619716167449951
Spg21,0.2727783322334289,0.4140893518924713,0.7099701762199402,3.331391928341006e-06,5.046236515045166,0.7099701762199402,9.394054594956788e-07,5.284911632537842,0.7099701762199402,4.055103637836488e-05,4.529653072357178
Plekho2,0.0681945532560348,0.2111398428678512,1.735982894897461,2.1599185623152617e-08,5.978304386138916,1.735982894897461,9.318517655018214e-12,7.275638103485107,1.735982894897461,6.516906983022007e-10,6.629171848297119
Pif1,0.0009680452640168,0.0035002664662897,1.8561445474624636,0.9888502385877284,0.3362315595149994,1.8561445474624636,0.3670029323531705,1.2519409656524658,1.8561445474624636,0.4734372141644655,1.1254855394363403
Rbpms2,0.0010402702027931,0.0008045358699746,-0.3708992898464203,0.9888502385877284,0.1345822364091873,-0.3708992898464203,1.0,-0.1792545020580291,-0.3708992898464203,1.0,-0.1396201252937317
Oaz2,0.0624821744859218,0.0975779592990875,0.6687642931938171,0.0700587117865093,2.295516014099121,0.6687642931938171,0.041981295197575,2.4112436771392822,0.6687642931938171,0.09949005631644,2.084038734436035
Zfp609,0.0357460156083107,0.0249076802283525,-0.5290493369102478,0.9888502385877284,0.1473533660173416,-0.5290493369102478,0.3781941081603516,-1.2290639877319336,-0.5290493369102478,0.5299909986835808,-0.9920227527618408
Trip4,0.1081980317831039,0.1645644158124923,0.6465619802474976,0.0084421756163745,3.0861306190490723,0.6465619802474976,0.0109871900963011,2.922065258026123,0.6465619802474976,0.0365338917884564,2.528290271759033
Pclaf,0.1189488247036933,0.4762787520885467,2.271984100341797,3.350471903424221e-14,7.931613922119141,2.271984100341797,8.822632805598441e-20,9.802001953125,2.271984100341797,3.2776631363040297e-18,9.335346221923828
Csnk1g1,0.2910500466823578,0.2785210013389587,-0.0729472413659095,0.8371789889588429,0.7754536271095276,-0.0729472413659095,0.8139051679649973,-0.4825445115566253,-0.0729472413659095,0.888263923216068,-0.4024185240268707
Ppib,1.2838813066482544,1.986400365829468,1.2684913873672483,1.0221009215630668e-82,19.498666763305664,1.2684913873672483,3.9129473935496484e-102,23.78588104248047,1.2684913873672483,3.3188864669963726e-62,18.74995422363281
Snx22,0.0,0.0,0.0,0.9888502385877284,0.1005259156227111,0.0,1.0,0.0,0.0,1.0,0.0
Snx1,0.1688345372676849,0.2690106034278869,0.746948778629303,2.0365078513183343e-05,4.669376373291016,0.746948778629303,6.072908142245341e-05,4.386721134185791,0.746948778629303,0.0007387227701578,3.79913067817688
Ciao2a,0.4224360287189483,0.8166016340255737,1.2643834352493286,3.967880678792773e-25,10.664111137390137,1.2643834352493286,1.8047882248930802e-31,12.42985725402832,1.2643834352493286,1.2120721826701069e-23,10.660319328308104
Dapk2,0.0182409062981605,0.3802949786186218,4.651699542999268,1.0035471809690919e-34,12.57888412475586,4.651699542999268,7.166235198130388e-45,15.999030113220217,4.651699542999268,6.498895679670795e-44,15.687100410461426
Herc1,0.5140615105628967,0.4721589088439941,-0.1553688198328018,0.9888502385877284,-0.5501291751861572,-0.1553688198328018,0.3278213092514273,-1.330830693244934,-0.1553688198328018,0.48534490594129,-1.1056519746780396
Fbxl22,0.0508766584098339,0.007641315460205,-2.7664506435394287,0.6787561117616673,-0.9744889140129088,-2.7664506435394287,1.2201419603816958e-06,-5.224361896514893,-2.7664506435394287,0.0007499041381288,-3.806424856185913
Usp3,0.4726576507091522,0.6346474885940552,0.5527375936508179,3.207359207806709e-05,4.568477153778076,0.5527375936508179,5.237392739006474e-06,4.931208610534668,0.5527375936508179,0.0001716852811107,4.181545734405518
Car12,0.0010088770650327,0.0027050585485994,1.4241323471069336,0.9888502385877284,0.201798677444458,1.4241323471069336,0.6220050306183214,0.7572965621948242,1.4241323471069336,0.6918017642232439,0.688389003276825
Aph1b,0.0022298137191683,0.0066214683465659,1.5733979940414429,0.9888502385877284,0.3030714392662048,1.5733979940414429,0.4457496403561091,1.1101608276367188,1.5733979940414429,0.5282133287683867,1.0284546613693235
Aph1c,0.0011912840418517,0.0,-20.184946060180664,0.9888502385877284,0.0673658028244972,-20.184946060180664,0.4679991859106411,-1.0,-20.184946060180664,0.6832027011037286,-0.7008072733879089
Rab8b,0.2195815593004226,0.6406612396240234,1.8702415227890012,2.4602057387731426e-33,12.319428443908691,1.8702415227890012,6.216356803132145e-38,13.943597793579102,1.8702415227890012,3.415809434850834e-31,12.431599617004396
Rps27l,0.6606096029281616,1.174940586090088,1.2576404809951782,1.9758229153442898e-34,12.524065017700195,1.2576404809951782,4.909778236173441e-41,14.38303279876709,1.2576404809951782,2.112823023447229e-30,12.24089527130127
Lactb,0.1254262179136276,0.3101448714733124,1.4441817998886108,3.999424021395016e-12,7.296343803405762,1.4441817998886108,2.5455730255030565e-13,7.781970977783203,1.4441817998886108,9.884848361959604e-11,6.923048496246338
Tpm1,0.1936423182487487,0.2677165865898132,0.5227978229522705,0.0020550428823673,3.518406867980957,0.5227978229522705,0.0062312146988514,3.1126065254211426,0.5227978229522705,0.0257653368033826,2.665907382965088
Tln2,0.0,0.0067745023407042,22.69657325744629,0.9888502385877284,0.3696903884410858,22.69657325744629,0.1103506455136256,1.9780044555664065,22.69657325744629,0.1240255010745466,1.9780044555664065
C2cd4b,0.0,0.0,0.0,0.9888502385877284,0.1005259156227111,0.0,1.0,0.0,0.0,1.0,0.0
Vps13c,0.1381340771913528,0.13564233481884,-0.0281000975519418,0.7229179550909973,0.9148156642913818,-0.0281000975519418,1.0,-0.1297710686922073,-0.0281000975519418,1.0,-0.1093076020479202
Rora,0.0646478161215782,0.8004224896430969,4.19889497756958,7.950101211616146e-81,19.27371597290039,4.19889497756958,5.019506020546478e-78,22.756860733032227,4.19889497756958,3.5955463830997135e-76,21.91575050354004
Ice2,0.0953932702541351,0.0402983538806438,-1.283358454704285,0.6332133423527806,-1.032593846321106,-1.283358454704285,0.0001317175274581,-4.192854881286621,-1.283358454704285,0.0043942934526493,-3.279530763626098
Anxa2,0.1148564219474792,1.7432832717895508,5.276040554046631,1.468425217098183e-170,28.069135665893555,5.276040554046631,3.2172936414666954e-225,53.5565299987793,5.276040554046631,8.515051250905496e-231,50.12255096435547
Bnip2,0.2468699365854263,0.461161732673645,1.0652002096176147,4.557992414874932e-12,7.277597904205322,1.0652002096176147,1.566370606240312e-13,7.829762458801269,1.0652002096176147,2.335868176853077e-10,6.785630702972412
Gtf2a2,0.467965692281723,0.5050411224365234,0.1389023810625076,0.5484368479787199,1.148206114768982,0.1389023810625076,0.3890838484424363,1.2088322639465332,0.1389023810625076,0.5282133287683867,1.0130082368850708
Gcnt3,0.0,0.0,0.0,0.9888502385877284,0.1005259156227111,0.0,1.0,0.0,0.0,1.0,0.0
Fam81a,0.0,0.0076558045111596,22.87364959716797,0.9888502385877284,0.5715637803077698,22.87364959716797,0.0422108258545158,2.413694381713867,22.87364959716797,0.0484484932365619,2.413694381713867
Myo1e,0.0032942532561719,0.0398894101381301,3.6244750022888175,0.1571247712210504,1.915892481803894,3.6244750022888175,1.488544515256672e-05,4.731734752655029,3.6244750022888175,3.0906110186927506e-05,4.609184741973877
Ccnb2,0.0471098870038986,0.2275265008211136,2.40505313873291,4.537531683878876e-06,4.983426570892334,2.40505313873291,4.014188460500261e-12,7.439004421234131,2.40505313873291,3.816446616487364e-11,7.1107940673828125
Rnf111,0.2776128053665161,0.2756214439868927,-0.0118886474519968,0.4573213796732798,1.2853275537490845,-0.0118886474519968,1.0,-0.0773766711354255,-0.0118886474519968,1.0,-0.064706951379776
Sltm,0.7170483469963074,0.7857954502105713,0.1878266483545303,0.5350023021876661,1.1674001216888428,0.1878266483545303,0.1272354882517856,1.903343915939331,0.1878266483545303,0.2461357508329379,1.594141960144043
Mindy2,0.2899357378482818,0.3655240535736084,0.3917314112186432,0.0092453783750851,3.056779384613037,0.3917314112186432,0.0212775354142158,2.682197093963623,0.3917314112186432,0.0624725933751681,2.299747467041016
Adam10,0.2605591416358948,0.4469122290611267,0.920713484287262,1.632985961161157e-09,6.402440071105957,0.920713484287262,4.682797226530262e-10,6.637008666992188,0.920713484287262,1.0777471040281493e-07,5.741072177886963
Aqp9,0.0024032506626099,0.0,-21.19828987121582,0.9994412017932364,0.0010455889860168,-21.19828987121582,0.2264052601363533,-1.5780210494995115,-21.19828987121582,0.4855683691307454,-1.105888605117798
Aldh1a2,0.0,0.0,0.0,0.9888502385877284,0.1005259156227111,0.0,1.0,0.0,0.0,1.0,0.0
Polr2m,0.3965269327163696,0.6390955448150635,0.8786191344261169,3.0927985979134606e-11,7.004998207092285,0.8786191344261169,2.4591191751685133e-13,7.758645057678223,0.8786191344261169,5.723480694115862e-10,6.641469955444336
Myzap,0.0,0.0,0.0,0.9888502385877284,0.1005259156227111,0.0,1.0,0.0,0.0,1.0,0.0
Tcf12,0.5945019125938416,0.3313420116901397,-1.0477796792984009,3.0254797363913798e-09,-6.304378986358643,-1.0477796792984009,2.211555216159785e-16,-8.645331382751465,-1.0477796792984009,8.092560229251308e-11,-6.964734554290772
Zfp280d,0.3585563600063324,0.2074245512485504,-0.9037667512893676,0.0145605248878674,-2.9024057388305664,-0.9037667512893676,1.68189650331765e-08,-6.017425060272217,-0.9037667512893676,1.0900646284562771e-05,-4.827847957611084
Mns1,0.0932822078466415,0.1427796632051468,0.6505237817764282,0.0121040205940144,2.966634750366211,0.6505237817764282,0.0171764112066222,2.762014865875244,0.6505237817764282,0.049938246181004,2.3959848880767822
Tex9,0.1045261025428772,0.1071468219161033,0.0376495532691478,0.5459559244789156,1.1514174938201904,0.0376495532691478,1.0,0.1495042741298675,0.0376495532691478,1.0,0.126448854804039
Rfx7,0.3550197780132293,0.265884667634964,-0.4847177267074585,0.5124612295395594,-1.1999627351760864,-0.4847177267074585,0.0027813227564665,-3.3653218746185303,-0.4847177267074585,0.02060900991443,-2.751263380050659
Nedd4,0.2059686630964279,0.1746193617582321,-0.2615419626235962,0.9888502385877284,0.3528116047382355,-0.2615419626235962,0.2902111595880819,-1.4277206659317017,-0.2615419626235962,0.4424728812154238,-1.17727792263031
Pygo1,0.0,0.0,0.0,0.9888502385877284,0.1005259156227111,0.0,1.0,0.0,0.0,1.0,0.0
Dnaaf4,0.014850465580821,0.0313000790774822,1.0875695943832395,0.8124595211974676,0.8034604787826538,1.0875695943832395,0.1341733412879132,1.876797199249268,1.0875695943832395,0.2079014393729333,1.6934378147125244
Ccpg1os,0.0185412764549255,0.0051667117513716,-1.8530887365341189,0.9888502385877284,-0.2643846571445465,-1.8530887365341189,0.0357211796209769,-2.476351499557495,-1.8530887365341189,0.1457289088522783,-1.8914586305618288
Ccpg1,0.0997782051563263,0.1062680184841156,0.0956728160381317,0.4714010605596203,1.261577844619751,0.0956728160381317,0.8802827144329763,0.3883575201034546,0.0956728160381317,0.9384778680112142,0.3262822031974792
Pigb,0.032147217541933,0.0461238287389278,0.5309662222862244,0.5102459594290051,1.202800750732422,0.5309662222862244,0.322064690517701,1.3431477546691897,0.5309662222862244,0.4522609115247885,1.1612820625305176
2310009A05Rik,0.2619318068027496,0.2644890546798706,0.0159423928707838,0.3653235463495712,1.4358924627304075,0.0159423928707838,1.0,0.1028762310743331,0.0159423928707838,1.0,0.086063340306282
Rab27a,0.1285872310400009,0.448840469121933,2.045565366744995,1.3206892935001797e-25,10.76777458190918,2.045565366744995,7.085279061862992e-30,12.25208854675293,2.045565366744995,1.40375991959552e-25,11.171713829040527
Khdc3,0.0129985529929399,0.0226197186857461,0.8061906695365906,0.9232378613113644,0.6682807207107544,0.8061906695365906,0.3413786237391689,1.303999900817871,0.8061906695365906,0.4640824526518686,1.1413739919662476
Rsl24d1,0.3743892312049866,0.4609377682209015,0.3667976856231689,0.0184560369999003,2.818758487701416,0.3667976856231689,0.0088746381684982,2.994593858718872,0.3667976856231689,0.0362206551560647,2.532021999359131
Fam214a,0.0785461068153381,0.0923091322183609,0.2430029213428497,0.4192425191012021,1.3447768688201904,0.2430029213428497,0.531433946448386,0.8952202796936035,0.2430029213428497,0.6737398252997012,0.7650235295295715
Arpp19,0.7680729031562805,1.0526411533355713,0.6906847357749939,1.2988425628054443e-10,6.793490409851074,0.6906847357749939,4.150714985972369e-15,8.293479919433594,0.6906847357749939,8.572184281868262e-11,6.944944858551025
Myo5a,0.0237441193312406,0.0825588032603263,1.840653419494629,0.0066895284737604,3.1606662273406982,1.840653419494629,7.855426612424068e-06,4.859889507293701,1.840653419494629,5.57892050081387e-05,4.458018779754639
Myo5c,0.0011548084439709,0.0,-20.140056610107425,0.9888502385877284,0.0673658028244972,-20.140056610107425,0.4679991859106411,-1.0,-20.140056610107425,0.6832027011037286,-0.7008072733879089
Gnb5,0.0,0.0020040804520249,20.935955047607425,0.9888502385877284,0.1678170263767242,20.935955047607425,0.4679991859106411,1.0,20.935955047607425,0.5282133287683867,1.0
Mapk6,0.0943710952997207,0.2147597372531891,1.2753851413726809,1.2985780100657445e-07,5.665225028991699,1.2753851413726809,2.265405381464669e-08,5.992846488952637,1.2753851413726809,1.068574231545907e-06,5.304534435272217
Leo1,0.096547245979309,0.1362563073635101,0.5262156128883362,0.0247204734012017,2.710764169692993,0.5262156128883362,0.0672449418547817,2.2075228691101074,0.5262156128883362,0.1444967842158766,1.8945863246917725
Tmod3,0.4926185011863708,0.5729408264160156,0.2809761464595794,0.1279669166320349,2.0186588764190674,0.2809761464595794,0.0357211796209769,2.477632761001587,0.2809761464595794,0.097293445370869,2.095224618911743
Tmod2,0.0,0.0,0.0,0.9888502385877284,0.1005259156227111,0.0,1.0,0.0,0.0,1.0,0.0
Lysmd2,0.0987879186868667,0.0764340236783027,-0.3864800333976745,0.9888502385877284,0.2817115485668182,-0.3864800333976745,0.2817805014107608,-1.446368932723999,-0.3864800333976745,0.4341281104339878,-1.1916866302490234
Lrrc1,0.0553783327341079,0.0204610414803028,-1.461788535118103,0.9888502385877284,-0.5574483275413513,-1.461788535118103,0.001652686261722,-3.517807483673096,-1.461788535118103,0.0221362910582048,-2.7264058589935303
Klhl31,0.0009667864069342,0.0,-19.88353729248047,0.9888502385877284,0.0673658028244972,-19.88353729248047,0.4679991859106411,-1.0,-19.88353729248047,0.6832027011037286,-0.7008072733879089
Gclc,0.1516225486993789,0.1414746046066284,-0.1074401065707206,0.5945729216144534,1.0848733186721802,-0.1074401065707206,0.787620346952245,-0.5191653966903687,-0.1074401065707206,0.8677810685272807,-0.4319896399974823
Elovl5,0.1985308229923248,0.098573014140129,-1.0839871168136597,0.1864304038481153,-1.8265693187713623,-1.0839871168136597,5.981133911504016e-07,-5.361539363861084,-1.0839871168136597,0.0001390609519231,-4.238766193389893
Fbxo9,0.210634559392929,0.1648224592208862,-0.3879090249538421,0.9888502385877284,0.138092428445816,-0.3879090249538421,0.0713243226911119,-2.180576801300049,-0.3879090249538421,0.1778156595317544,-1.7858667373657229
Ick,0.0252100583165884,0.0384276285767555,0.6177293658256531,0.6671626391979539,0.9885296821594238,0.6177293658256531,0.3022373259398867,1.3882941007614136,0.6177293658256531,0.4258597711553538,1.2088894844055176
Gsta4,0.0022976417094469,0.0,-21.133380889892575,0.9888502385877284,0.0342056974768638,-21.133380889892575,0.2950667672630976,-1.4063870906829834,-21.133380889892575,0.5306960534645491,-0.9856062531471252
Ddx43,0.0125589435920119,0.0153913544490933,0.2954529523849487,0.9888502385877284,0.4678263962268829,0.2954529523849487,0.8277842060768155,0.4616041481494903,0.2954529523849487,0.8969577702663734,0.3889704942703247
Cgas,0.0351049415767192,0.0534810870885849,0.620708167552948,0.3858194346023623,1.4000436067581177,0.620708167552948,0.1967199308035787,1.658855438232422,0.620708167552948,0.311662412435123,1.4407058954238892
Mto1,0.061431597918272,0.0808873698115348,0.4111343622207641,0.2498875302933784,1.6649510860443115,0.4111343622207641,0.2942789202292576,1.4169338941574097,0.4111343622207641,0.4247033279437463,1.2135536670684814
Eef1a1,4.383382320404053,3.9984850883483887,-0.5638771653175354,3.717448651840539e-115,-23.02865028381348,-0.5638771653175354,4.01624511065554e-126,-28.382658004760746,-0.5638771653175354,1.4566427504655258e-97,-24.221439361572266
Slc17a5,0.0390887148678302,0.0470697879791259,0.2738474607467651,0.733569593335077,0.8987584114074707,0.2738474607467651,0.6535512257566363,0.709926426410675,0.2738474607467651,0.748228106952469,0.6052008867263794
Cd109,0.0,0.0152836423367261,23.876523971557617,0.7829282611445391,0.840728223323822,23.876523971557617,0.0078873422961764,3.043262720108032,23.876523971557617,0.0092130824942242,3.043262720108032
Col12a1,0.0,0.0,0.0,0.9888502385877284,0.1005259156227111,0.0,1.0,0.0,0.0,1.0,0.0
Cox7a2,1.0802292823791504,1.4489288330078125,0.7441973090171814,5.088306696449695e-20,9.485807418823242,0.7441973090171814,1.0391278811345735e-25,11.053644180297852,0.7441973090171814,1.312938306751778e-17,9.09281063079834
Tmem30a,0.3596250414848327,0.6803751587867737,1.1711634397506714,5.6019098720980656e-18,8.972199440002441,1.1711634397506714,8.66747692984921e-21,9.914217948913574,1.1711634397506714,6.613818691571849e-16,8.588385581970215
Filip1,0.0010892449645325,0.0679669752717018,6.011951923370361,0.0054176706534707,3.226836919784546,6.011951923370361,5.759991875883175e-10,6.681557655334473,6.011951923370361,8.989962544145726e-10,6.640938758850098
Senp6,0.5805805921554565,0.5391053557395935,-0.1396243870258331,0.5349655158824843,-1.16754949092865,-0.1396243870258331,0.344179476216063,-1.2979320287704468,-0.1396243870258331,0.5057140580465694,-1.0726299285888672
Myo6,0.0173978637903928,0.030949680134654,0.8408293724060059,0.7608166220882462,0.8667932748794556,0.8408293724060059,0.231709643312118,1.5639053583145142,0.8408293724060059,0.3377761423738915,1.3790788650512695
Impg1,0.0,0.0,0.0,0.9888502385877284,0.1005259156227111,0.0,1.0,0.0,0.0,1.0,0.0
Mei4,0.0058264173567295,0.0,-22.478382110595703,0.9888502385877284,-0.0652746260166168,-22.478382110595703,0.0639883382969213,-2.2301599979400635,-22.478382110595703,0.2592065560674511,-1.5629123449325562
Irak1bp1,0.0023445733822882,0.0051412526518106,1.134812593460083,0.9888502385877284,0.3699144423007965,1.134812593460083,0.4916477430733824,0.9605644345283508,1.134812593460083,0.6293051176516093,0.829750120639801
Phip,0.5880618095397949,0.6334778070449829,0.1434012949466705,0.352186426818617,1.4596421718597412,0.1434012949466705,0.3598011958889527,1.2657268047332764,0.1434012949466705,0.5146720194472201,1.0577937364578247
Hmgn3,0.0048885028809309,0.0077561265788972,0.6680142283439636,0.9888502385877284,0.4037467241287231,0.6680142283439636,0.6318347425877515,0.7419697046279907,0.6680142283439636,0.7258555814831876,0.6389082670211792
Lca5,0.0485283583402633,0.0177954360842704,-1.4696123600006104,0.9888502385877284,-0.4228660464286804,-1.4696123600006104,0.0025508985062736,-3.3904013633728027,-1.4696123600006104,0.0313061680618655,-2.591915845870972
Sh3bgrl2,0.0023713014088571,0.0,-21.178958892822266,0.9888502385877284,0.0342056974768638,-21.178958892822266,0.2942789202292576,-1.4146347045898438,-21.178958892822266,0.5299909986835808,-0.9913862943649292
Elovl4,0.0,0.0,0.0,0.9888502385877284,0.1005259156227111,0.0,1.0,0.0,0.0,1.0,0.0
Ttk,0.0028140391223132,0.0222518444061279,2.997261047363281,0.5050344296644377,1.2100452184677124,2.997261047363281,0.0045680073226028,3.221868991851806,2.997261047363281,0.00774815330963,3.097393751144409
Bckdhb,0.0204811841249465,0.0020675812847912,-3.321589946746826,0.9888502385877284,-0.3644624352455139,-3.321589946746826,0.001029849148049,-3.6549715995788574,-3.321589946746826,0.0291409896084348,-2.6227176189422607
Tent5a,0.4572824239730835,0.229486808180809,-1.1683775186538696,2.8819494338556868e-05,-4.592077255249023,-1.1683775186538696,9.554608592448284e-14,-7.854439258575439,-1.1683775186538696,5.2269588080172234e-09,-6.284935474395752
Ibtk,0.1351739913225174,0.1262851655483245,-0.1046841070055961,0.6415732597557549,1.0220632553100586,-0.1046841070055961,0.8091834147100606,-0.4890444874763489,-0.1046841070055961,0.8854720040660781,-0.4063926935195923
Tpbg,0.0,0.0,0.0,0.9888502385877284,0.1005259156227111,0.0,1.0,0.0,0.0,1.0,0.0
Ube2cbp,0.0207373481243848,0.0130134206265211,-0.6778184771537781,0.9888502385877284,0.0973144620656967,-0.6778184771537781,0.40991607007868,-1.169992208480835,-0.6778184771537781,0.5608409701603061,-0.9358595609664916
Dop1a,0.2430295050144195,0.1351966261863708,-0.926307499408722,0.178864664645287,-1.848974704742432,-0.926307499408722,3.947347793419324e-06,-4.98310661315918,-0.926307499408722,0.0003601689169566,-3.995283842086792
Pgm3,0.0624368079006671,0.0849061906337738,0.4598801434040069,0.1280780669312352,2.0182108879089355,0.4598801434040069,0.2204655707009889,1.5937708616256714,0.4598801434040069,0.3496470829677435,1.354897141456604
Rwdd2a,0.010401458479464,0.0120814554393291,0.2172224521636963,0.9888502385877284,0.4027011394500732,0.2172224521636963,0.9430697159740418,0.2976144850254059,0.2172224521636963,0.986557006103968,0.2523335516452789
Me1,0.0,0.0,0.0,0.9888502385877284,0.1005259156227111,0.0,1.0,0.0,0.0,1.0,0.0
Cyb5r4,0.2101896852254867,0.3925900757312774,1.0395042896270752,5.690725217895934e-10,6.567718029022217,1.0395042896270752,1.3938310705533942e-10,6.835460186004639,1.0395042896270752,2.620295846960503e-08,5.995171546936035
Cep162,0.0774692595005035,0.058301206678152,-0.4240813553333282,0.9888502385877284,0.2282371371984481,-0.4240813553333282,0.2931358038520321,-1.4217098951339722,-0.4240813553333282,0.4501024700735161,-1.165235996246338
Nt5e,0.0304345898330211,0.0059047942049801,-2.3835010528564453,0.9888502385877284,-0.562302827835083,-2.3835010528564453,0.0016689567237969,-3.515165328979492,-2.3835010528564453,0.0277510058110173,-2.640324831008911
Snx14,0.0565729066729545,0.0845549404621124,0.6001999378204346,0.1464821782556321,1.9512183666229248,0.6001999378204346,0.112929143020969,1.963500738143921,0.6001999378204346,0.2050086477774608,1.7014039754867554
Gm20537,0.0,0.0,0.0,0.9888502385877284,0.1005259156227111,0.0,1.0,0.0,0.0,1.0,0.0
Syncrip,0.5858919024467468,0.631212055683136,0.1434774845838546,0.5395928973776947,1.1613506078720093,0.1434774845838546,0.3291890726758745,1.3281798362731934,0.1434774845838546,0.4805729945998391,1.1138616800308228
Zfp949,0.052828699350357,0.0517033636569976,-0.031882606446743,0.9888502385877284,0.5595394968986511,-0.031882606446743,1.0,-0.0907304137945175,-0.031882606446743,1.0,-0.0764955803751945
Mthfsl,0.0585521236062049,0.2293437272310257,2.095872640609741,5.866788457460247e-11,6.912015438079834,2.095872640609741,5.340083274773238e-16,8.654135704040527,2.095872640609741,8.272535710267575e-14,7.974012851715088
Bcl2a1d,0.0136586697772145,0.7601615786552429,6.371463775634766,1.615890070958525e-92,20.630590438842773,6.371463775634766,5.003367345016875e-92,26.36417007446289,6.371463775634766,6.975778281997887e-92,26.103729248046875
Bcl2a1a,0.0,0.0066360956989228,22.66669273376465,0.9888502385877284,0.3023992776870727,22.66669273376465,0.188447791489284,1.6859227418899536,22.66669273376465,0.2111480601291317,1.6859227418899536
Trim43b,0.0010398505255579,0.0,-19.988697052001957,0.9888502385877284,0.0673658028244972,-19.988697052001957,0.4679991859106411,-1.0,-19.988697052001957,0.6832027011037286,-0.7008072733879089
Bcl2a1b,0.0897201597690582,1.34273099899292,4.913761138916016,5.311863206978996e-135,24.943870544433597,4.913761138916016,1.1940873506757156e-140,35.844459533691406,4.913761138916016,1.6869838915225203e-141,34.41535568237305
Gm29094,0.0,0.0,0.0,0.9888502385877284,0.1005259156227111,0.0,1.0,0.0,0.0,1.0,0.0
Mthfs,0.0643540397286415,0.1467883586883545,1.2501448392868042,0.0002114762750112,4.123653411865234,1.2501448392868042,6.206138718906541e-06,4.904206275939941,1.2501448392868042,7.899705209723967e-05,4.371576309204102
Minar1,0.0,0.0,0.0,0.9888502385877284,0.1005259156227111,0.0,1.0,0.0,0.0,1.0,0.0
Tmed3,0.2090776860713958,0.3276440799236297,0.7374383211135864,8.94280245699704e-06,4.843914985656738,0.7374383211135864,1.0450536515175868e-05,4.784739017486572,0.7374383211135864,0.0002166239255213,4.122359752655029
Rasgrf1,0.0,0.0,0.0,0.9888502385877284,0.1005259156227111,0.0,1.0,0.0,0.0,1.0,0.0
Ctsh,0.0009633873123675,0.0047056530602276,2.2909069061279297,0.9888502385877284,0.2690151035785675,2.2909069061279297,0.3443413028359626,1.2982721328735352,2.2909069061279297,0.416541590394557,1.2290931940078735
Morf4l1,1.2034753561019895,1.258710861206055,0.1125600636005401,0.7599169092347561,0.8678388595581055,0.1125600636005401,0.2219136470082798,1.5899326801300049,0.1125600636005401,0.3610553053752379,1.3313548564910889
Adamts7,0.0,0.0,0.0,0.9888502385877284,0.1005259156227111,0.0,1.0,0.0,0.0,1.0,0.0
Tbc1d2b,0.0689362213015556,0.1588852405548095,1.2707672119140625,6.554333078976933e-05,4.405290603637695,1.2707672119140625,1.4084332113839058e-06,5.212147235870361,1.2707672119140625,2.6078678644642527e-05,4.630589008331299
Plscr1,0.0062313349917531,0.245594173669815,5.476876258850098,1.859155170411364e-18,9.0949068069458,5.476876258850098,6.05627966884171e-30,12.56552505493164,5.476876258850098,1.7891678172451732e-29,12.445160865783691
Plscr2,0.0010920345084741,0.0,-20.059375762939453,0.9888502385877284,0.0673658028244972,-20.059375762939453,0.4679991859106411,-1.0,-20.059375762939453,0.6832027011037286,-0.7008072733879089
Plscr4,0.0003030791413038,0.0,-18.20955848693848,0.9888502385877284,0.0673658028244972,-18.20955848693848,0.4679991859106411,-1.0,-18.20955848693848,0.6832027011037286,-0.7008072733879089
Plod2,0.0021961303427815,0.0122490879148244,2.486898422241211,0.8940948722753739,0.705623209476471,2.486898422241211,0.0502772886692222,2.338359832763672,2.486898422241211,0.0787884352669258,2.1945548057556152
Dipk2a,0.0541645921766757,0.0363826937973499,-0.5870212912559509,0.9888502385877284,0.2135988920927047,-0.5870212912559509,0.2089612024463345,-1.6235977411270142,-0.5870212912559509,0.3746539023151766,-1.3054944276809692
Slc9a9,0.1156071722507476,0.0413621328771114,-1.5371053218841553,0.3342965963466731,-1.4922795295715332,-1.5371053218841553,7.411373600190562e-07,-5.318718433380127,-1.5371053218841553,0.0002236184307197,-4.120892524719238
Chst2,0.0020377191249281,0.1206556782126426,5.974235534667969,2.0895478000382552e-06,5.140414237976074,5.974235534667969,5.674745187519493e-16,8.745991706848145,5.974235534667969,1.004597989177465e-15,8.695265769958496
U2surp,0.5482171773910522,0.5525442361831665,0.014748852699995,0.9888502385877284,0.2071013003587722,0.014748852699995,1.0,0.1328900605440139,0.014748852699995,1.0,0.1111115515232086
Paqr9,0.0,0.0,0.0,0.9888502385877284,0.1005259156227111,0.0,1.0,0.0,0.0,1.0,0.0
Pcolce2,0.0,0.0,0.0,0.9888502385877284,0.1005259156227111,0.0,1.0,0.0,0.0,1.0,0.0
Trpc1,0.0027152244001626,0.0451927371323108,4.087710380554199,0.1902816876907861,1.815739989280701,4.087710380554199,1.4147682634521186e-05,4.745310306549072,4.087710380554199,2.454460905047707e-05,4.66593074798584
Pls1,0.0003030791413038,0.0637609884142875,7.762850284576416,0.0437753868263695,2.492534875869751,7.762850284576416,2.8411607360177855e-08,6.004158020019531,7.762850284576416,3.532569691985645e-08,6.0016021728515625
Atr,0.1779811829328537,0.1697684228420257,-0.0742527768015861,0.6014241481563369,1.0754629373550415,-0.0742527768015861,0.8832659875326587,-0.3840095698833465,-0.0742527768015861,0.941521032149742,-0.3211230635643005
Xrn1,0.4147996008396148,0.5025652050971985,0.3450286090373993,0.0190659932884092,2.807033061981201,0.3450286090373993,0.0162905911107793,2.78118896484375,0.3450286090373993,0.0533118242040088,2.368181705474853
Gk5,0.0245869494974613,0.0043657524511218,-2.508211851119995,0.9888502385877284,-0.3961288630962372,-2.508211851119995,0.0033883979438897,-3.3037803173065186,-2.508211851119995,0.0427237917542454,-2.465228080749512
Tfdp2,0.0636506900191307,0.074590153992176,0.2367909252643585,0.2103087872751757,1.7609212398529053,0.2367909252643585,0.5929227494015844,0.8007572889328003,0.2367909252643585,0.7035790334281979,0.6711689233779907
Atp1b3,1.3404624462127686,1.508034586906433,0.3185812830924988,0.003647940714888,3.348797559738159,0.3185812830924988,6.172017866257438e-05,4.379043102264404,0.3185812830924988,0.0011670908082727,3.673331022262573
Rnf7,0.4041447639465332,0.6675317883491516,0.9308399558067322,4.6634292496063796e-12,7.274386882781982,0.9308399558067322,1.1846939068799421e-15,8.476714134216309,0.9308399558067322,9.21354668853892e-12,7.280461311340332
Rasa2,0.3505223989486694,0.2594716250896454,-0.5029420852661133,0.3986929795079264,-1.37860906124115,-0.5029420852661133,0.0024324229408232,-3.40591812133789,-0.5029420852661133,0.0181659922534436,-2.797403573989868
Zbtb38,0.1733279377222061,0.3992817401885986,1.374659299850464,1.2164675587541692e-13,7.764618396759033,1.374659299850464,5.340083274773238e-16,8.612090110778809,1.374659299850464,7.419915825284665e-13,7.648419380187988
Pxylp1,0.0605927556753158,0.0934949815273284,0.6497824788093567,0.1292922298710992,2.013580322265625,0.6497824788093567,0.0676301651276363,2.2052249908447266,0.6497824788093567,0.1359506717684023,1.9263832569122317
Spsb4,0.0,0.0,0.0,0.9888502385877284,0.1005259156227111,0.0,1.0,0.0,0.0,1.0,0.0
Slc25a36,0.2966384291648865,0.2419598996639251,-0.3351481854915619,0.9888502385877284,-0.3565458357334137,-0.3351481854915619,0.0815518497276023,-2.12005615234375,-0.3351481854915619,0.1852221114983841,-1.7632375955581665
Nmnat3,0.0724222660064697,0.0215805768966674,-1.783661723136902,0.6253822976212773,-1.0439459085464478,-1.783661723136902,9.9378723368545e-06,-4.785378456115723,-1.783661723136902,0.0013817953286057,-3.6304988861083984
Rbp1,0.0064961547031998,0.0,-22.63584327697754,0.9888502385877284,-0.0984347313642501,-22.63584327697754,0.0384670183517481,-2.447364091873169,-22.63584327697754,0.2014599780903902,-1.7151305675506592
Copb2,0.3109356760978699,0.5312468409538269,0.942805290222168,1.5675183234859313e-11,7.102910041809082,0.942805290222168,1.7181114429974945e-12,7.483717918395996,0.942805290222168,2.335934464204601e-09,6.409877300262451
Mrps22,0.0659738853573799,0.1052192896604538,0.7021453976631165,0.0300336996688527,2.637573003768921,0.7021453976631165,0.025387553095952,2.613962173461914,0.7021453976631165,0.067591993088948,2.2628397941589355
Faim,0.2143525928258896,0.3655088245868683,0.8842174410820007,7.777372180900507e-08,5.756340980529785,0.8842174410820007,3.2765178089679295e-08,5.917882442474365,0.8842174410820007,2.9026994595655504e-06,5.102002143859863
Gm1123,0.0249914247542619,0.024409657344222,-0.0344024822115898,0.9888502385877284,0.3269706070423126,-0.0344024822115898,1.0,-0.0681975781917572,-0.0344024822115898,1.0,-0.0570811741054058
Pik3cb,0.0212378595024347,0.0154044963419437,-0.467507541179657,0.9888502385877284,0.0688595026731491,-0.467507541179657,0.5999281488906469,-0.7901403903961182,-0.467507541179657,0.7163946007174585,-0.652400553226471
Cep70,0.0444316789507865,0.0395541526377201,-0.171302855014801,0.8662585299205884,0.7414719462394714,-0.171302855014801,0.8152148898881388,-0.480407178401947,-0.171302855014801,0.8946698678190689,-0.3925724625587463
Esyt3,0.0,0.0,0.0,0.9888502385877284,0.1005259156227111,0.0,1.0,0.0,0.0,1.0,0.0
Mras,0.0,0.0,0.0,0.9888502385877284,0.1005259156227111,0.0,1.0,0.0,0.0,1.0,0.0
Armc8,0.1638889759778976,0.1293059885501861,-0.3674850165843963,0.9994412017932364,-0.0059001091867685,-0.3674850165843963,0.1663375172555786,-1.7616547346115112,-0.3674850165843963,0.3050053392677687,-1.4561591148376465
Dbr1,0.0905082747340202,0.1373798847198486,0.636501669883728,0.0107217691698555,3.0071139335632324,0.636501669883728,0.0172558061096524,2.760167360305786,0.636501669883728,0.0520215971130276,2.378621816635132
Il20rb,0.0068903109058737,0.010818569920957,0.6537067890167236,0.9888502385877284,0.3694663345813751,0.6537067890167236,0.6071986602693119,0.778702437877655,0.6537067890167236,0.6993432929502486,0.6774381399154663
Nck1,0.2584647238254547,0.3625321686267853,0.5670886039733887,6.408412090487631e-05,4.410742282867432,0.5670886039733887,0.0004212075761398,3.900842666625977,0.5670886039733887,0.0037340117335687,3.3275928497314453
Slc35g2,0.0,0.0,0.0,0.9888502385877284,0.1005259156227111,0.0,1.0,0.0,0.0,1.0,0.0
Stag1,0.3328628838062286,0.3649616837501526,0.157315194606781,0.1455553152722835,1.954280495643616,0.157315194606781,0.418326714774111,1.155924916267395,0.157315194606781,0.5425993692455517,0.9642874002456664
Pccb,0.0255698412656784,0.0163087677210569,-0.655499279499054,0.9896512421272384,0.0292018074542284,-0.655499279499054,0.3637406917469584,-1.257697343826294,-0.655499279499054,0.5282133287683867,-1.022541880607605
Msl2,0.2875317931175232,0.2410995215177536,-0.2890600860118866,0.9888502385877284,0.0942523777484893,-0.2890600860118866,0.1417856726737225,-1.8462846279144287,-0.2890600860118866,0.2718010820364819,-1.5301412343978882
Ppp2r3a,0.0026661497540771,0.014387703500688,2.440473318099976,0.8940648012290606,0.7057725787162781,2.440473318099976,0.0555324787889226,2.2952396869659424,2.440473318099976,0.0873725692036182,2.14652681350708
Cep63,0.1090734973549842,0.1176525801420211,0.1155375391244888,0.2792701687825096,1.60004985332489,0.1155375391244888,0.8053752136645673,0.4940790832042694,0.1155375391244888,0.8787647030390867,0.4163835644721985
Anapc13,0.2778314352035522,0.4734333753585815,0.918859839439392,5.880389583385044e-10,6.562489986419678,0.918859839439392,1.9916988933861536e-10,6.77189826965332,0.918859839439392,5.713804489300452e-08,5.855814933776856
Amotl2,0.0,0.0,0.0,0.9888502385877284,0.1005259156227111,0.0,1.0,0.0,0.0,1.0,0.0
Ryk,0.0038860077038407,0.077564537525177,4.372544765472412,0.0028502398755535,3.4223620891571045,4.372544765472412,6.914613117351642e-10,6.642171382904053,4.372544765472412,1.8273358051029414e-09,6.50405740737915
Slco2a1,0.0,0.0024114109110087,21.20318603515625,0.9888502385877284,0.2351081520318985,21.20318603515625,0.3108251982053693,1.368707537651062,21.20318603515625,0.3433116104110806,1.368707537651062
Rab6b,0.1051087975502014,0.010551244020462,-3.3852648735046387,0.0408029806861573,-2.519421339035034,-3.3852648735046387,6.019472436690376e-15,-8.230117797851562,-3.3852648735046387,3.544088491567109e-08,-5.984591960906982
Srprb,0.0846586003899574,0.1182397827506065,0.5066201686859131,0.0471784695586391,2.4617645740509038,0.5066201686859131,0.0946884877200128,2.0503501892089844,0.5066201686859131,0.1875749127273241,1.7563071250915527
Trf,0.0008568071061745,0.0012010501231998,0.4875018894672394,0.9888502385877284,0.1345822364091873,0.4875018894672394,0.9878658816320162,0.2333306819200515,0.4875018894672394,1.0,0.200859785079956
1300017J02Rik,0.0010739483404904,0.0027344939298927,1.3495467901229858,0.9888502385877284,0.201798677444458,1.3495467901229858,0.6309870338495635,0.743567705154419,1.3495467901229858,0.7055984278779647,0.6678470373153687
Topbp1,0.2131979614496231,0.4257436394691467,1.1592587232589722,2.8125355409339084e-11,7.018889427185059,1.1592587232589722,1.4487157243370681e-12,7.528078079223633,1.1592587232589722,5.568895055265231e-10,6.647220611572266
Cdv3,0.4339267909526825,0.5301527380943298,0.3639234006404876,0.0102692009061311,3.021304130554199,0.3639234006404876,0.0074414874289137,3.05338978767395,0.3639234006404876,0.033837475993656,2.55971622467041
Bfsp2,0.002280157059431,0.0,-21.12234687805176,0.9888502385877284,0.0342056974768638,-21.12234687805176,0.2942789202292576,-1.4129250049591064,-21.12234687805176,0.5299909986835808,-0.9901881217956544
Tmem108,0.3222962915897369,0.0,-28.502538681030277,4.865672930967846e-16,-8.454781532287598,-28.502538681030277,1.2412830694308296e-62,-18.38875389099121,-28.502538681030277,5.908633899220753e-31,-12.886972427368164
Nphp3,0.002224730560556,0.001919022295624,-0.2134796530008316,0.9888502385877284,0.1013474464416503,-0.2134796530008316,1.0,-0.1230625882744789,-0.2134796530008316,1.0,-0.1033516749739646
Uba5,0.1478388160467147,0.1807549446821212,0.3144040405750274,0.0650064669819806,2.328377246856689,0.3144040405750274,0.217551325267294,1.601075530052185,0.3144040405750274,0.3442452033584321,1.365809202194214
Acad11,0.0234661921858787,0.0235782861709594,0.0069561651907861,0.9888502385877284,0.2640859186649322,0.0069561651907861,1.0,0.0134304910898208,0.0069561651907861,1.0,0.0114005487412214
Dnajc13,0.1494573652744293,0.2298867851495742,0.6810399293899536,0.0015512420365315,3.599141359329224,0.6810399293899536,0.0011994444464582,3.615047454833984,0.6810399293899536,0.006429687244517,3.154270648956299
Acpp,0.0347327031195163,0.0122335897758603,-1.5217399597167969,0.9888502385877284,-0.431305468082428,-1.5217399597167969,0.0142277666948215,-2.828495740890503,-1.5217399597167969,0.0775565426459822,-2.202348470687866
Mrpl3,0.1993544548749923,0.2570995688438415,0.4102287292480469,0.0012764441568149,3.6539599895477295,0.4102287292480469,0.033069491508976,2.5089356899261475,0.4102287292480469,0.0929994044175929,2.116225242614746
Nudt16,0.1778006851673126,0.1819371581077575,0.0362523719668388,0.4619432033139158,1.2786059379577637,0.0362523719668388,1.0,0.1869444698095321,0.0362523719668388,1.0,0.1586208492517471
Nek11,0.0,0.0,0.0,0.9888502385877284,0.1005259156227111,0.0,1.0,0.0,0.0,1.0,0.0
Aste1,0.0543306060135364,0.0402179658412933,-0.4441852569580078,0.9888502385877284,0.2555718123912811,-0.4441852569580078,0.3737143129271797,-1.2379978895187378,-0.4441852569580078,0.5282133287683867,-1.010758876800537
Atp2c1,0.1178654059767723,0.180173248052597,0.6583061218261719,0.0007450846506519,3.8005666732788086,0.6583061218261719,0.0039111046872991,3.2634196281433105,0.6583061218261719,0.0176912799599554,2.806647300720215
Pik3r4,0.0759637653827667,0.0730629488825798,-0.0582900941371917,0.7036710720954774,0.939909815788269,-0.0582900941371917,1.0,-0.2053139358758926,-0.0582900941371917,1.0,-0.1713250279426574
Glyctk,0.0276853069663047,0.0175851769745349,-0.6620739102363586,0.9888502385877284,0.0607935301959514,-0.6620739102363586,0.3557784388839671,-1.2733017206192017,-0.6620739102363586,0.5282133287683867,-1.0232874155044556
Wdr82,0.2022897601127624,0.2010330110788345,-0.0099279703572392,0.5468819058616913,1.1502972841262815,-0.0099279703572392,1.0,-0.0578969083726406,-0.0099279703572392,1.0,-0.0484146252274513
Ppm1m,0.114049457013607,0.1471255719661712,0.3917667269706726,0.0587744243404453,2.370872974395752,0.3917667269706726,0.1570107763225183,1.7921571731567385,0.3917667269706726,0.2739915091383314,1.524609923362732
Twf2,0.4648444354534149,0.5635038018226624,0.354916900396347,0.0211943441561653,2.767673969268799,0.354916900396347,0.0057950056534735,3.135990619659424,0.354916900396347,0.0268003515480583,2.6506030559539795
Alas1,0.071191057562828,0.0760275349020958,0.0983576253056526,0.4667078779947147,1.2703906297683716,0.0983576253056526,0.9114021947647664,0.3424644470214844,0.0983576253056526,0.9633183700341784,0.2879130840301513
Poc1a,0.0181739591062068,0.0473552420735359,1.4028161764144895,0.200142673341291,1.7884052991867063,1.4028161764144895,0.0077665779402,3.041975498199463,1.4028161764144895,0.0221885969695331,2.7234973907470703
Dusp7,0.1374794393777847,0.1057171449065208,-0.4023826122283935,0.9888502385877284,0.0566858612000942,-0.4023826122283935,0.1537266055210325,-1.8029857873916624,-0.4023826122283935,0.2938834720209644,-1.480684757232666
Rpl29,3.118794679641724,3.0712029933929443,-0.0719169303774833,0.0045664796660896,-3.2794151306152344,-0.0719169303774833,0.0240595231710688,-2.634354591369629,-0.0719169303774833,0.0691478944134164,-2.253004312515259
Acy1,0.014235021546483,0.0113514708355069,-0.3286499083042145,0.9888502385877284,0.1375696361064911,-0.3286499083042145,0.8245535968709217,-0.4666562974452972,-0.3286499083042145,0.8962231497528188,-0.3902459740638733
Abhd14a,0.0399601124227047,0.0394984595477581,-0.0170995369553565,0.7160354296974984,0.9228816628456116,-0.0170995369553565,1.0,-0.0462800450623035,-0.0170995369553565,1.0,-0.0383952446281909
Abhd14b,0.0517682880163192,0.0582743324339389,0.1755281090736389,0.8940648012290606,0.7064447402954102,0.1755281090736389,0.7916038290905423,0.513643741607666,0.1755281090736389,0.8618761226497866,0.4402784407138824
Pcbp4,0.0119034508243203,0.075058102607727,2.7025146484375,0.0099255548665835,3.033029556274414,2.7025146484375,2.0492905906459097e-07,5.610131740570068,2.7025146484375,1.1301999459405586e-06,5.307286262512207
Gpr62,0.0,0.0045820390805602,22.1308650970459,0.9888502385877284,0.3023992776870727,22.1308650970459,0.1938092370018591,1.6698552370071411,22.1308650970459,0.2171864149944176,1.6698552370071411
Parp3,0.1270113587379455,0.0737559646368026,-0.8231841921806335,0.8254704033804496,-0.7891956567764282,-0.8231841921806335,0.0040444188892697,-3.2501580715179443,-0.8231841921806335,0.0282355971670916,-2.631432294845581
Rrp9,0.1718553453683853,0.1229273825883865,-0.5195492506027222,0.9994412017932364,-0.0087381368502974,-0.5195492506027222,0.0275292355252573,-2.580827236175537,-0.5195492506027222,0.097455417120268,-2.0945403575897217
Tex264,0.1800368428230285,0.2452015131711959,0.4943463504314422,0.0027863314558117,3.429382562637329,0.4943463504314422,0.0109532370243597,2.9225645065307617,0.4943463504314422,0.0395505405675954,2.4950644969940186
Rad54l2,0.1061742380261421,0.1663413345813751,0.6920995116233826,0.004443704390508,3.2877798080444336,0.6920995116233826,0.0059692589278031,3.127164125442505,0.6920995116233826,0.0228239056280775,2.712635040283203
Dcaf1,0.1547107845544815,0.1556904166936874,0.0098313959315419,0.3861198999303526,1.3994461297988892,0.0098313959315419,1.0,0.0489262416958808,0.0098313959315419,1.0,0.041042648255825
Manf,0.5471293330192566,0.9401942491531372,1.0994147062301636,3.2769316500482597e-21,9.77491283416748,1.0994147062301636,4.417624138728695e-26,11.208144187927246,1.0994147062301636,1.5884322806698827e-19,9.604780197143556
Rbm15b,0.1018367558717727,0.1038541570305824,0.0297809708863496,0.4161920035357422,1.3497060537338257,0.0297809708863496,1.0,0.1250521540641784,0.0297809708863496,1.0,0.104497417807579
Dock3,0.0,0.0,0.0,0.9888502385877284,0.1005259156227111,0.0,1.0,0.0,0.0,1.0,0.0
Mapkapk3,0.0658181682229042,0.2149797230958938,1.8177567720413208,3.1315970733931924e-08,5.914896965026856,1.8177567720413208,2.553471526260514e-12,7.474340438842773,1.8177567720413208,1.5273108673830995e-10,6.865311145782471
Cish,0.010936290025711,0.0832216739654541,2.980387687683105,0.0142552471491196,2.909799575805664,2.980387687683105,1.345776543366723e-07,5.696986675262451,2.980387687683105,4.693610484762424e-07,5.488523960113525
Hemk1,0.0083753960207104,0.0100287422537803,0.2611058950424194,0.9888502385877284,0.2035911083221435,0.2611058950424194,0.9446452292982166,0.2952636778354645,0.2611058950424194,0.9852256546226086,0.2547281682491302
6430571L13Rik,0.0,0.0,0.0,0.9888502385877284,0.1005259156227111,0.0,1.0,0.0,0.0,1.0,0.0
Cacna2d2,0.0243811178952455,0.0059225317090749,-2.0548267364501958,0.9888502385877284,-0.2994865477085113,-2.0548267364501958,0.0098730554983663,-2.95654296875,-2.0548267364501958,0.077817672735338,-2.201679229736328
Tmem115,0.0652954578399658,0.1214200258255004,0.9360671043395996,0.0165117152737065,2.858266830444336,0.9360671043395996,0.0020176456206651,3.465343952178955,0.9360671043395996,0.0087572653033004,3.0521202087402344
Cyb561d2,0.1278688907623291,0.2653529942035675,1.1556686162948608,7.78973002983833e-08,5.755967617034912,1.1556686162948608,8.186003432263545e-09,6.168763637542725,1.1556686162948608,5.410460808916636e-07,5.43704080581665
Nprl2,0.0663506314158439,0.1150069087743759,0.8291667103767395,0.0248929005580042,2.708374261856079,0.8291667103767395,0.0067706671126176,3.086610078811645,0.8291667103767395,0.0232617865632311,2.705705404281616
Zmynd10,0.0045017646625638,0.003340623807162,-0.4312112331390381,0.9888502385877284,0.1018702387809753,-0.4312112331390381,0.9029276895861597,-0.3555337488651275,-0.4312112331390381,0.9617203639557258,-0.2908093631267547
Rassf1,0.2953091859817505,0.4382437169551849,0.6789005994796753,1.456002703633472e-06,5.211812973022461,0.6789005994796753,7.471290622011553e-06,4.858031749725342,0.6789005994796753,0.0001702374748016,4.183594226837158
Tusc2,0.1145511046051979,0.0966230630874633,-0.2587117552757263,0.9888502385877284,0.4965800940990448,-0.2587117552757263,0.4679991859106411,-1.070413589477539,-0.2587117552757263,0.5933951093691906,-0.8862830996513367
Hyal2,0.0120804263278841,0.0110487127676606,-0.1295385956764221,0.9888502385877284,0.33399099111557,-0.1295385956764221,1.0,-0.197313517332077,-0.1295385956764221,1.0,-0.1610540896654129
Hyal1,0.0415062941610813,0.0165411755442619,-1.345363974571228,0.9888502385877284,-0.3757398724555969,-1.345363974571228,0.0157104185408114,-2.7927017211914062,-1.345363974571228,0.0782069800649335,-2.198101758956909
Naa80,0.0323376692831516,0.0474124401807785,0.562996506690979,0.4094655646706072,1.3609087467193604,0.562996506690979,0.2690978228304194,1.4749727249145508,0.562996506690979,0.3964716600542631,1.265093207359314
Hyal3,0.0021699962671846,0.0,-21.050827026367188,0.9888502385877284,0.0342056974768638,-21.050827026367188,0.2942789202292576,-1.4143589735031128,-21.050827026367188,0.5299909986835808,-0.9911929965019226
Ifrd2,0.0702160522341728,0.039235483855009,-0.8621934056282043,0.9904609862786348,-0.02778279222548,-0.8621934056282043,0.0206948916830947,-2.690965414047241,-0.8621934056282043,0.0913111354039627,-2.125924587249756
Lsmem2,0.0,0.0,0.0,0.9888502385877284,0.1005259156227111,0.0,1.0,0.0,0.0,1.0,0.0
Gnai2,1.5037814378738403,2.09887170791626,1.032541275024414,7.894345006730806e-63,16.97633171081543,1.032541275024414,1.0295970893336439e-72,19.592226028442383,1.032541275024414,3.629502402153177e-47,15.790868759155272
Gnat1,0.0012030982179567,0.0025780193973332,1.1005001068115234,0.9888502385877284,0.201798677444458,1.1005001068115234,0.7552124693416222,0.5666005611419678,1.1005001068115234,0.8172592728685335,0.5058351755142212
Sema3f,0.0,0.0,0.0,0.9888502385877284,0.1005259156227111,0.0,1.0,0.0,0.0,1.0,0.0
Rbm5,0.7154424786567688,0.6470509171485901,-0.1998492330312729,0.1499265524928357,-1.9392688274383545,-0.1998492330312729,0.1123640893150048,-1.9655137062072756,-0.1998492330312729,0.2264776338077885,-1.6421154737472534
Rbm6,0.4235929846763611,0.3747665286064148,-0.2142443805932998,0.8403780493701161,-0.7703750133514404,-0.2142443805932998,0.1788159437130349,-1.7157458066940308,-0.2142443805932998,0.3213243712061815,-1.4210660457611084
Mon1a,0.0410833694040775,0.0660751834511756,0.7037427425384521,0.1647661232016607,1.891321063041687,0.7037427425384521,0.0852883206892174,2.0995113849639893,0.7037427425384521,0.1659541737618692,1.823288083076477
Traip,0.0192717555910348,0.0355098322033882,0.8934971690177917,0.413089367555331,1.354635238647461,0.8934971690177917,0.1122819110417686,1.9665032625198364,0.8934971690177917,0.2018185171262783,1.7119752168655396
Uba7,0.1591816395521164,0.1886771470308303,0.2671388387680053,0.2043411930054844,1.7773518562316897,0.2671388387680053,0.3182129766456255,1.3512835502624512,0.2671388387680053,0.452433754235023,1.160931944847107
Gm20661,0.0,0.0,0.0,0.9888502385877284,0.1005259156227111,0.0,1.0,0.0,0.0,1.0,0.0
Inka1,0.0007365080527961,0.0107481498271226,3.874470233917236,0.9888502385877284,0.5383289456367493,3.874470233917236,0.0559504766460149,2.293328762054444,3.874470233917236,0.0684833167876489,2.2602429389953613
Cdhr4,0.0,0.0,0.0,0.9888502385877284,0.1005259156227111,0.0,1.0,0.0,0.0,1.0,0.0
Ip6k1,0.2030819505453109,0.2063043415546417,0.0251159984618425,0.516399226934127,1.1945106983184814,0.0251159984618425,1.0,0.1440227329730987,0.0251159984618425,1.0,0.1212721168994903
Gmppb,0.0673448592424392,0.1213096603751182,0.8885937929153442,0.0096094340171033,3.043560266494751,0.8885937929153442,0.0026747918351021,3.381528615951538,0.8885937929153442,0.0111511730972965,2.96977972984314
Rnf123,0.1662822961807251,0.1377590745687484,-0.2925836741924286,0.9888502385877284,0.3090462386608124,-0.2925836741924286,0.2706290241405633,-1.471153974533081,-0.2925836741924286,0.4247033279437463,-1.212992548942566
Amigo3,0.0033559291623532,0.0055415323004126,0.725150465965271,0.9888502385877284,0.2022467851638794,0.725150465965271,0.7491507312878964,0.5748060941696167,0.725150465965271,0.8139399035324978,0.5103115439414978
Mst1,0.0048296330496668,0.0,-22.20696830749512,0.9888502385877284,-0.0321145206689834,-22.20696830749512,0.1100643902559351,-1.9765233993530276,-22.20696830749512,0.3352744414221544,-1.3851619958877563
Apeh,0.1306779235601425,0.1947737634181976,0.6232727766036987,0.0037258997261432,3.342075824737549,0.6232727766036987,0.0057684247496257,3.1387505531311035,0.6232727766036987,0.0221734048513763,2.723520278930664
Bsn,0.0059163384139537,0.0143842194229364,1.287828803062439,0.9732559252063392,0.6040517091751099,1.287828803062439,0.2248671731061435,1.5826011896133425,1.287828803062439,0.3247822728813008,1.4125549793243408
Dag1,0.0521543584764003,0.0130962971597909,-2.021956443786621,0.7035982954223566,-0.9402832388877868,-2.021956443786621,5.789175883351389e-05,-4.389070510864258,-2.021956443786621,0.0037566099999912,-3.3305530548095703
Nicn1,0.0091464584693312,0.0051566367037594,-0.8296642899513245,0.9888502385877284,0.0353259705007076,-0.8296642899513245,0.5273167059784846,-0.902280867099762,-0.8296642899513245,0.6832027011037286,-0.7241268157958984
Amt,0.0048855915665626,0.0,-22.2236270904541,0.9888502385877284,-0.0321145206689834,-22.2236270904541,0.115847795661847,-1.9510023593902588,-22.2236270904541,0.3440639863140585,-1.367276668548584
Tcta,0.0383342280983924,0.0392479300498962,0.0346467345952987,0.9307180215818032,0.6579742431640625,0.0346467345952987,1.0,0.0910175666213035,0.0346467345952987,1.0,0.0759677365422248
Rhoa,1.4308080673217771,1.7901870012283323,0.6492365598678589,6.532821734421247e-24,10.39606761932373,0.6492365598678589,2.084756007936488e-30,12.082518577575684,0.6492365598678589,4.555516527397227e-20,9.780985832214355
Gpx1,0.6663565039634705,0.5864983201026917,-0.2477479428052902,0.0430616347748699,-2.498957633972168,-0.2477479428052902,0.0386567175656058,-2.444166421890259,-0.2477479428052902,0.1165689608430742,-2.0073916912078857
Usp4,0.2036396861076355,0.2386565506458282,0.2551067173480987,0.0397993197295404,2.5293543338775635,0.2551067173480987,0.2585664297489172,1.49854838848114,0.2551067173480987,0.3939035598261521,1.269676923751831
1700102P08Rik,0.0009727513534016,0.0016389326192438,0.7530936002731323,0.9888502385877284,0.1345822364091873,0.7530936002731323,0.9070991362993645,0.349541574716568,0.7530936002731323,0.9485993704162146,0.3101784884929657
Ccdc36,0.0012064175680279,0.0,-20.203168869018555,0.9888502385877284,0.0673658028244972,-20.203168869018555,0.4679991859106411,-1.0,-20.203168869018555,0.6832027011037286,-0.7008072733879089
Klhdc8b,0.0045360149815678,0.0058743930421769,0.3739806413650512,0.9888502385877284,0.2361537367105484,0.3739806413650512,0.9123160495793232,0.341032475233078,0.3739806413650512,0.960052904294174,0.2935896217823028
Ccdc71,0.0834698751568794,0.0857653096318245,0.0408179201185703,0.7843629654559106,0.8384130001068115,0.0408179201185703,1.0,0.1483691483736038,0.0408179201185703,1.0,0.1257287114858627
Lamb2,0.0021067005582153,0.0018327396828681,-0.2011810839176178,0.9888502385877284,0.1013474464416503,-0.2011810839176178,1.0,-0.1160221174359321,-0.2011810839176178,1.0,-0.0976414233446121
Usp19,0.2080091089010238,0.1994695961475372,-0.0668470337986946,0.6238878085174143,1.0460370779037476,-0.0668470337986946,0.8854468757991658,-0.3800280094146728,-0.0668470337986946,0.9443322771530268,-0.3168032765388489
Qars,0.2288839668035507,0.3452561199665069,0.6810060739517212,9.751424235048274e-06,4.826214790344238,0.6810060739517212,2.5995375725972447e-05,4.582001686096191,0.6810060739517212,0.0004416424074367,3.938974380493164
Qrich1,0.2615648508071899,0.2508027553558349,-0.0687098801136016,0.651311582997573,1.0091427564620972,-0.0687098801136016,0.8465588727081672,-0.4356985986232757,-0.0687098801136016,0.9143840869253136,-0.3638689815998077
Impdh2,0.4685328900814056,0.3958306908607483,-0.299476146697998,0.3722532605008327,-1.4229719638824463,-0.299476146697998,0.0437697677276048,-2.3933112621307373,-0.299476146697998,0.1197494885571595,-1.9937061071395876
Ndufaf3,0.1700916439294815,0.2234139889478683,0.4331316351890564,0.0045654438987493,3.279564619064331,0.4331316351890564,0.0402176216564248,2.428664207458496,0.4331316351890564,0.1012604492336124,2.0757436752319336
Dalrd3,0.1559686064720153,0.0826859250664711,-0.9694557189941406,0.5984958551036506,-1.0800187587738037,-0.9694557189941406,6.724716785965885e-05,-4.354156494140625,-0.9694557189941406,0.0024148390872358,-3.462481737136841
Wdr6,0.0585592500865459,0.0795691832900047,0.4576427042484283,0.0961318634389584,2.15368914604187,0.4576427042484283,0.2309427821788429,1.5655392408370972,0.4576427042484283,0.3651087093931424,1.322903752326965
P4htm,0.0063131414353847,0.0158633049577474,1.3361648321151731,0.9888502385877284,0.5707421898841858,1.3361648321151731,0.2008332824659436,1.6475647687911987,1.3361648321151731,0.2850178605414089,1.499979019165039
Arih2,0.1228773444890976,0.2253919243812561,0.9513105154037476,5.842135011856628e-05,4.432774543762207,0.9513105154037476,1.3175723815564646e-05,4.738293647766113,0.9513105154037476,0.0001701988851631,4.184149742126465
Slc25a20,0.0852472782135009,0.2269437909126281,1.517479658126831,2.1548571473735878e-08,5.9789018630981445,1.517479658126831,1.426902706889111e-10,6.843640327453613,1.517479658126831,1.1792264143532951e-08,6.136896133422852
Prkar2a,0.0958794206380844,0.17220139503479,0.9010879397392272,0.0004550568095732,3.930368900299072,0.9010879397392272,0.0003277408587232,3.969727754592896,0.9010879397392272,0.0022059641707784,3.4875388145446777
Ip6k2,0.0833971127867698,0.0454398281872272,-0.9037141799926758,0.9888502385877284,-0.5095005631446838,-0.9037141799926758,0.0091492094586757,-2.9825222492218018,-0.9037141799926758,0.0519807465992628,-2.379808187484741
Nckipsd,0.0261584315448999,0.0065099038183689,-2.020779848098755,0.9888502385877284,-0.3342897295951843,-2.020779848098755,0.0054824366296192,-3.152377128601074,-2.020779848098755,0.0545729334648818,-2.3605315685272217
Celsr3,0.0,0.0013246688758954,20.338157653808597,0.9888502385877284,0.1678170263767242,20.338157653808597,0.4679991859106411,1.0,20.338157653808597,0.5282133287683867,1.0
Slc26a6,0.0100864954292774,0.0092758713290095,-0.1214559897780418,0.9888502385877284,0.2019480466842651,-0.1214559897780418,1.0,-0.15955650806427,-0.1214559897780418,1.0,-0.13233382999897
Tmem89,0.0,0.0,0.0,0.9888502385877284,0.1005259156227111,0.0,1.0,0.0,0.0,1.0,0.0
Uqcrc1,0.3940809369087219,0.6882811188697815,1.035768747329712,4.099704276543539e-15,8.194878578186035,1.035768747329712,1.7730863244586404e-19,9.552885055541992,1.035768747329712,1.4978804673334962e-14,8.182559967041016
Col7a1,0.0010353608522564,0.0028953845612704,1.4849624633789062,0.9888502385877284,0.1347316056489944,1.4849624633789062,0.7268390543192116,0.6048985719680786,1.4849624633789062,0.7709919857282646,0.5722225308418274
Ucn2,0.0,0.0,0.0,0.9888502385877284,0.1005259156227111,0.0,1.0,0.0,0.0,1.0,0.0
Pfkfb4,0.0132415825501084,0.0172150880098342,0.3814714848995209,0.9888502385877284,0.3681966960430145,0.3814714848995209,0.735912315241584,0.5923474431037903,0.3814714848995209,0.8122561775732516,0.5127610564231873
Shisa5,2.447372913360596,2.2813639640808105,-0.2643896639347076,1.0980190918210153e-07,-5.695173740386963,-0.2643896639347076,2.392226155569243e-07,-5.556224822998047,-0.2643896639347076,8.29816966637138e-06,-4.881526947021484
Atrip,0.079281061887741,0.0648265555500984,-0.3009434938430786,0.9888502385877284,0.5487101674079895,-0.3009434938430786,0.4679991859106411,-1.0622565746307373,-0.3009434938430786,0.6040599153879407,-0.8694881796836853
Tma7,1.3709716796875,1.62192702293396,0.4670754373073578,4.926533531731304e-10,6.5904221534729,0.4670754373073578,6.453097719504091e-14,7.9187211990356445,0.4670754373073578,1.2876547339528591e-09,6.513280868530273
Ccdc51,0.0365310758352279,0.0551060698926448,0.6065883040428162,0.430094249534525,1.327972650527954,0.6065883040428162,0.2112270607002293,1.6180330514907837,0.6065883040428162,0.3263308940324332,1.4073532819747925
Plxnb1,0.002064908389002,0.0,-20.979137420654297,0.9888502385877284,0.0342056974768638,-20.979137420654297,0.2942789202292576,-1.414638638496399,-20.979137420654297,0.5299909986835808,-0.991388976573944
Fbxw13,0.0,0.0,0.0,0.9888502385877284,0.1005259156227111,0.0,1.0,0.0,0.0,1.0,0.0
Nme6,0.0233402755111455,0.0202376600354909,-0.2080254405736923,0.9888502385877284,0.2958270013332367,-0.2080254405736923,0.8840628619330845,-0.3825955986976623,-0.2080254405736923,0.942179513068848,-0.3202608227729797
Camp,0.0,0.0,0.0,0.9888502385877284,0.1005259156227111,0.0,1.0,0.0,0.0,1.0,0.0
Cdc25a,0.0759753286838531,0.081874132156372,0.1121877282857894,0.4079515298581975,1.3632986545562744,0.1121877282857894,0.8670044020458119,0.4069368541240692,0.1121877282857894,0.9284751298345104,0.3421454131603241
Map4,0.2139396518468856,0.2921637296676636,0.5083768963813782,0.0008246825184904,3.772783756256104,0.5083768963813782,0.0057638153602822,3.13820743560791,0.5083768963813782,0.025251795612642,2.6740548610687256
Dhx30,0.2409680038690567,0.1897792369127273,-0.382768452167511,0.9888502385877284,-0.5029283165931702,-0.382768452167511,0.0670108022409691,-2.208509922027588,-0.382768452167511,0.1666300289949053,-1.8209891319274905
Smarcc1,0.2486627101898193,0.3365723192691803,0.5032277703285217,0.0007644283920858,3.79377031326294,0.5032277703285217,0.0029745699595551,3.346731424331665,0.5032277703285217,0.0158170797097792,2.846686840057373
Cspg5,0.0075247357599437,0.001464361208491,-2.365743637084961,0.9888502385877284,-0.0315917246043682,-2.365743637084961,0.1668767323658226,-1.7597132921218872,-2.365743637084961,0.3806026202724599,-1.2941886186599731
Elp6,0.0470091924071311,0.0482640489935874,0.0389184914529323,0.7711372408477523,0.8536487221717834,0.0389184914529323,1.0,0.1081225648522377,0.0389184914529323,1.0,0.0906751900911331
Scap,0.0872942432761192,0.1004226803779602,0.2117451578378677,0.4820638215799032,1.2461926937103271,0.2117451578378677,0.5763245164197726,0.8262723088264465,0.2117451578378677,0.6832027011037286,0.7070448398590088
Ptpn23,0.0287223570048809,0.0251717120409011,-0.1929434388875961,0.9888502385877284,0.4192811846733093,-0.1929434388875961,0.8561584677542751,-0.4224097728729248,-0.1929434388875961,0.9233948263279173,-0.3499363660812378
Ngp,0.0,0.0,0.0,0.9888502385877284,0.1005259156227111,0.0,1.0,0.0,0.0,1.0,0.0
Klhl18,0.0839030370116233,0.0484418720006942,-0.8183302879333496,0.9792891977942936,-0.5959857106208801,-0.8183302879333496,0.0277865638524308,-2.5769805908203125,-0.8183302879333496,0.0985794224087385,-2.0888867378234863
Kif9,0.0046234331093728,0.0030201708432286,-0.6154913902282715,0.9888502385877284,0.1018702387809753,-0.6154913902282715,0.7971224821297432,-0.5056153535842896,-0.6154913902282715,0.8864564956963571,-0.4047890603542328
Setd2,0.3785581588745117,0.327993243932724,-0.245466873049736,0.9888502385877284,-0.2495970278978347,-0.245466873049736,0.1692637354682659,-1.7521021366119385,-0.245466873049736,0.3053876477516244,-1.4552546739578247
Nradd,0.0104663241654634,0.0252486877143383,1.2811483144760132,0.8684515847443167,0.7375883460044861,1.2811483144760132,0.1386574249470974,1.8590314388275144,1.2811483144760132,0.2066532542681965,1.696995735168457
Nbeal2,0.1217650473117828,0.4284211099147796,2.046260356903076,5.912994661895338e-23,10.17948055267334,2.046260356903076,4.9482997038746535e-27,11.59284210205078,2.046260356903076,2.7297090752586507e-23,10.617467880249023
Ccdc12,0.7743698358535767,1.1044167280197144,0.7869906425476074,2.3328803748488666e-15,8.264185905456543,0.7869906425476074,1.0106357299689776e-19,9.600210189819336,0.7869906425476074,2.873182652487619e-14,8.097095489501953
Pth1r,0.0075526828877627,0.0013668003957718,-2.470651149749756,0.9888502385877284,-0.0648265182971954,-2.470651149749756,0.1150810032531656,-1.9534714221954343,-2.470651149749756,0.3128253016344973,-1.4389125108718872
Myl3,0.0,0.0,0.0,0.9888502385877284,0.1005259156227111,0.0,1.0,0.0,0.0,1.0,0.0
Tmie,0.0688312128186225,0.0,-26.08649635314941,0.1764494343069159,-1.855920433998108,-26.08649635314941,2.0015329076214918e-13,-7.789661884307861,-26.08649635314941,6.107318704742488e-07,-5.459051609039307
Als2cl,0.2253934890031814,0.012592265382409,-4.318382740020752,5.559943094973112e-07,-5.396882057189941,-4.318382740020752,2.6899472489625467e-36,-13.376104354858398,-4.318382740020752,1.2647039111498329e-18,-9.557879447937012
Fam240a,0.001096130348742,0.0,-20.06477928161621,0.9888502385877284,0.0673658028244972,-20.06477928161621,0.4679991859106411,-1.0,-20.06477928161621,0.6832027011037286,-0.7008072733879089
Tdgf1,0.0011106706224381,0.0062099718488752,2.486835241317749,0.9888502385877284,0.2691644728183746,2.486835241317749,0.3365720403572883,1.3142017126083374,2.486835241317749,0.3985150340894546,1.2617350816726685
Lrrc2,0.0012051162775605,0.0,-20.20161247253418,0.9888502385877284,0.0673658028244972,-20.20161247253418,0.4679991859106411,-1.0,-20.20161247253418,0.6832027011037286,-0.7008072733879089
Ltf,0.0,0.0,0.0,0.9888502385877284,0.1005259156227111,0.0,1.0,0.0,0.0,1.0,0.0
Ccrl2,0.0143598010763525,0.0683489516377449,2.2900967597961426,0.0309418003558504,2.6271169185638428,2.2900967597961426,7.254877465301935e-06,4.8812761306762695,2.2900967597961426,3.667067786653511e-05,4.559294700622559
Lrrfip2,0.0728584006428718,0.1624232530593872,1.2224650382995603,0.0001660295179568,4.183774948120117,1.2224650382995603,3.963653681215958e-06,4.999190330505371,1.2224650382995603,5.678542397601668e-05,4.45087480545044
Mlh1,0.0723148137331008,0.0663579553365707,-0.1283683627843856,0.9452671725632862,0.6404979228973389,-0.1283683627843856,0.8425004182908529,-0.4409367144107818,-0.1283683627843856,0.9127223488312516,-0.3665153980255127
Epm2aip1,0.1504323631525039,0.103315494954586,-0.5767642855644226,0.9888502385877284,-0.2131507843732834,-0.5767642855644226,0.0245693044479675,-2.6252684593200684,-0.5767642855644226,0.0920505887860783,-2.121886730194092
Arpp21,0.0147805670276284,0.0,-23.82787322998047,0.9888502385877284,-0.1979150623083114,-23.82787322998047,0.0103366896637401,-2.94318962097168,-23.82787322998047,0.1048078218677961,-2.0626087188720703
Pdcd6ip,0.5538685917854309,0.7003592848777771,0.4551939666271209,0.0018142692492269,3.554703712463379,0.4551939666271209,3.2504247296061334e-05,4.527018070220947,0.4551939666271209,0.0008311896787219,3.7671985626220703
Clasp2,0.1246407926082611,0.1282952427864074,0.0443829409778118,0.4099017794593501,1.3597885370254517,0.0443829409778118,1.0,0.2037401795387268,0.0443829409778118,1.0,0.170735627412796
Ubp1,0.1977284252643585,0.22245654463768,0.1884649991989135,0.1023063180254237,2.1254584789276123,0.1884649991989135,0.4568229875420914,1.090759038925171,0.1884649991989135,0.5715214397265224,0.9191381335258484
Fbxl2,0.0023503315169364,0.0234444756060838,3.3335604667663574,0.7274214240577602,0.9077953100204468,3.3335604667663574,0.0077783104970381,3.046342372894287,3.3335604667663574,0.0117644355240478,2.956660032272339
Bcl2a1c,0.0,0.0097457431256771,23.223377227783203,0.9888502385877284,0.5715637803077698,23.223377227783203,0.0314427327642267,2.535194635391236,23.223377227783203,0.0364073747796309,2.535194635391236
Crtap,0.0197236333042383,0.0524329952895641,1.43428635597229,0.1879768176717962,1.8220134973526,1.43428635597229,0.0052562793071419,3.1721854209899902,1.43428635597229,0.0150681805719742,2.8646011352539062
Glb1,0.0903659835457801,0.0819246247410774,-0.1476593017578125,0.8713308506198958,0.7331072688102722,-0.1476593017578125,0.7578540133613691,-0.5624906420707703,-0.1476593017578125,0.8424873486051646,-0.4683847725391388
Tmppe,0.0052713765762746,0.0021924239117652,-1.267875075340271,0.9994412017932364,0.0019418081501498,-1.267875075340271,0.4941785173743807,-0.956021249294281,-1.267875075340271,0.6728887061871831,-0.7664235830307007
Ccr4,0.0032861062791198,0.0021024192683398,-0.6451826691627502,0.9888502385877284,0.0681126564741134,-0.6451826691627502,0.8590442527260389,-0.4178937971591949,-0.6451826691627502,0.926754004693727,-0.3452266752719879
Trim71,0.0,0.0,0.0,0.9888502385877284,0.1005259156227111,0.0,1.0,0.0,0.0,1.0,0.0
Cnot10,0.1456303000450134,0.2291632443666458,0.7162021994590759,0.0004983202466591,3.907141923904419,0.7162021994590759,0.0005310253712797,3.841151475906372,0.7162021994590759,0.0037501581674454,3.3261632919311523
Dync1li1,0.1367006152868271,0.2995038032531738,1.253257393836975,9.887789690738418e-10,6.481381893157959,1.253257393836975,5.092960831318233e-11,6.99721097946167,1.253257393836975,8.401405059291625e-09,6.193701267242432
Cmtm6,0.2414643466472625,0.2523906826972961,0.0720541849732399,0.177624000543227,1.8527090549468996,0.0720541849732399,0.837854919330253,0.4474117755889892,0.0720541849732399,0.9057767961830796,0.3758493661880493
Cmtm7,0.5781223177909851,0.8024423122406006,0.6533017754554749,2.1389088703151663e-06,5.135335445404053,0.6533017754554749,1.5699182002420094e-08,6.04909610748291,0.6533017754554749,1.5235553258019936e-06,5.233030796051025
Cmtm8,0.0,0.0,0.0,0.9888502385877284,0.1005259156227111,0.0,1.0,0.0,0.0,1.0,0.0
Gpd1l,0.1454458832740783,0.1009560003876686,-0.5595071911811829,0.9888502385877284,0.1001524850726127,-0.5595071911811829,0.0276631253437418,-2.5786168575286865,-0.5595071911811829,0.1013819180752216,-2.0754668712615967
Rps27rt,1.041372776031494,0.553008496761322,-1.3116668462753296,1.3958857741532318e-35,-12.736169815063477,-1.3116668462753296,4.5376901194754236e-41,-14.26662540435791,-1.3116668462753296,8.080697673937247e-28,-11.69031810760498
Stt3b,0.2600977420806885,0.22250597178936,-0.2534160017967224,0.9383073402799456,0.650206983089447,-0.2534160017967224,0.2113089031616309,-1.6173022985458374,-0.2534160017967224,0.3675409970743804,-1.3186625242233276
Gadl1,0.0,0.0,0.0,0.9888502385877284,0.1005259156227111,0.0,1.0,0.0,0.0,1.0,0.0
Tgfbr2,0.5219343304634094,0.3355677127838135,-0.7812754511833191,2.04149032238069e-05,-4.668778896331787,-0.7812754511833191,2.758315824600989e-09,-6.328063488006592,-0.7812754511833191,2.1599574623365547e-06,-5.165340900421143
Zcwpw2,0.0019423580961301,0.0,-20.890779495239254,0.9888502385877284,0.0342056974768638,-20.890779495239254,0.2942789202292576,-1.4139318466186523,-20.890779495239254,0.5299909986835808,-0.9908937215805054
Azi2,0.2834462523460388,0.4006094932556152,0.5884447693824768,6.187612270343093e-05,4.419256687164307,0.5884447693824768,0.0001597348131177,4.151494979858398,0.5884447693824768,0.0016887802861294,3.565458297729492
Cmc1,0.305853933095932,0.6562380790710449,1.3743016719818115,6.046153774034438e-24,10.403610229492188,1.3743016719818115,1.7134874548404683e-27,11.562399864196776,1.3743016719818115,3.996437066188163e-21,10.025729179382324
Eomes,0.0935838893055915,0.138249859213829,0.5957881808280945,0.0606632474806882,2.357205629348755,0.5957881808280945,0.0437630667485005,2.3944239616394043,0.5957881808280945,0.0989562327712777,2.0864062309265137
Golga4,0.3886376023292541,0.3569678068161011,-0.1468925476074218,0.9888502385877284,0.1391380131244659,-0.1468925476074218,0.4679991859106411,-1.058263897895813,-0.1468925476074218,0.5943370539347506,-0.8838140368461609
Itga9,0.0,0.0,0.0,0.9888502385877284,0.1005259156227111,0.0,1.0,0.0,0.0,1.0,0.0
Ctdspl,0.0014886378776282,0.0012649364070966,-0.2350892871618271,0.9888502385877284,0.1345822364091873,-0.2350892871618271,1.0,-0.1145140305161476,-0.2350892871618271,1.0,-0.0904837623238563
Vill,0.0010786928469315,0.0019911616109311,0.8849839568138123,0.9888502385877284,0.201798677444458,0.8849839568138123,0.7934024516867072,0.5114294290542603,0.8849839568138123,0.865100263412158,0.4355567097663879
Plcd1,0.0,0.0083180237561464,22.99381446838379,0.9888502385877284,0.4369814991950989,22.99381446838379,0.0696196466687968,2.195683479309082,22.99381446838379,0.0790179867004803,2.195683479309082
Acaa1b,0.0,0.0005840815720148,19.156234741210938,0.9888502385877284,0.1678170263767242,19.156234741210938,0.4679991859106411,1.0,19.156234741210938,0.5282133287683867,1.0
Oxsr1,0.1202665194869041,0.235061228275299,1.0520588159561155,3.464269837550489e-06,5.038170337677002,1.0520588159561155,6.758958416233805e-07,5.357707500457764,1.0520588159561155,1.657104722126981e-05,4.731478214263916
Myd88,0.1205444261431694,0.2680276334285736,1.2626458406448364,6.895889355988361e-09,6.170244693756104,1.2626458406448364,9.376731026146988e-10,6.5364251136779785,1.2626458406448364,7.912913995271499e-08,5.799333572387695
Acaa1a,0.2319163829088211,0.3649947941303253,0.7550346255302429,2.2785363170305603e-06,5.12293815612793,0.7550346255302429,3.392984540449482e-06,5.025350570678711,0.7550346255302429,9.248983168835856e-05,4.333515167236328
Xylb,0.0012554161949083,0.0,-20.26064109802246,0.9888502385877284,0.0673658028244972,-20.26064109802246,0.4679991859106411,-1.0,-20.26064109802246,0.6832027011037286,-0.7008072733879089
Acvr2b,0.0055556478910148,0.0,-22.40953254699707,0.9888502385877284,-0.0321145206689834,-22.40953254699707,0.1057934072625005,-1.9964390993118288,-22.40953254699707,0.3298898177938119,-1.3991190195083618
Exog,0.0244282837957143,0.0353917814791202,0.5428101420402527,0.6477984075382301,1.014296054840088,0.5428101420402527,0.3787608398934102,1.2282652854919434,0.5428101420402527,0.5164313829434072,1.0549129247665403
Wdr48,0.1240918338298797,0.1539365202188491,0.3329540491104126,0.0727107687449091,2.2795333862304688,0.3329540491104126,0.2279766264831079,1.5733286142349243,0.3329540491104126,0.3578389282002891,1.3381317853927612
Cx3cr1,0.0025999620556831,0.3120497763156891,7.136210441589356,1.6045169395723458e-18,9.1116361618042,7.136210441589356,3.3857807221980715e-30,12.654397010803224,7.136210441589356,5.73834864121253e-30,12.61732006072998
Gorasp1,0.0076914317905902,0.0013300506398081,-2.536362409591675,0.9888502385877284,-0.0648265182971954,-2.536362409591675,0.1073492132236215,-1.988341808319092,-2.536362409591675,0.3040485089897505,-1.459081768989563
Ttc21a,0.0010745108593255,0.0,-20.03602600097656,0.9888502385877284,0.0673658028244972,-20.03602600097656,0.4679991859106411,-1.0,-20.03602600097656,0.6832027011037286,-0.7008072733879089
Csrnp1,0.092696227133274,0.2036196887493133,1.2172839641571045,1.8682590680061068e-05,4.68782377243042,1.2172839641571045,7.208220778249982e-07,5.348733425140381,1.2172839641571045,1.2538600315160055e-05,4.793761253356934
Ccr8,0.0,0.0,0.0,0.9888502385877284,0.1005259156227111,0.0,1.0,0.0,0.0,1.0,0.0
Slc25a38,0.0646328032016754,0.0871311277151107,0.4473559856414795,0.2411449623280956,1.6851906776428225,0.4473559856414795,0.2338794154130815,1.558246374130249,0.4473559856414795,0.3574316496771351,1.3392119407653809
Rpsa,4.313528060913086,3.9947621822357178,-0.4672492146492004,2.0071261294191838e-72,-18.2369384765625,-0.4672492146492004,3.022835088276832e-71,-19.94601821899414,-0.4672492146492004,3.9398804806609116e-56,-17.29534912109375
Myrip,0.0,0.0,0.0,0.9888502385877284,0.1005259156227111,0.0,1.0,0.0,0.0,1.0,0.0
Eif1b,0.425097107887268,0.5668929219245911,0.5259881019592285,0.0001806376685176,4.162415027618408,0.5259881019592285,2.3840405116912068e-05,4.598789215087891,0.5259881019592285,0.0005391223840988,3.885215759277344
Rpl14,3.1564881801605225,2.794500827789306,-0.5504948496818542,9.093085662397331e-67,-17.504579544067383,-0.5504948496818542,1.59550299813447e-63,-18.43044662475586,-0.5504948496818542,6.321775621607508e-47,-15.613412857055664
Ctnnb1,0.3585490584373474,0.4193915128707886,0.2728539109230041,0.0458007336470545,2.473639488220215,0.2728539109230041,0.0809471475998524,2.123375654220581,0.2728539109230041,0.1771086193688534,1.788086175918579
Ulk4,0.019373957067728,0.0275977049022912,0.516385018825531,0.9267302155099666,0.6637996435165405,0.516385018825531,0.4789859618537714,0.9814053177833556,0.516385018825531,0.6139813125085372,0.853213369846344
Trak1,0.0758554860949516,0.1453119069337844,0.9888529181480408,0.0019294968111444,3.536480665206909,0.9888529181480408,0.0002508715280893,4.039568901062012,0.9888529181480408,0.0017561939920906,3.5547878742218018
Vipr1,0.0587785653769969,0.0,-25.851394653320312,0.26897881076605,-1.6237996816635132,-25.851394653320312,4.014188460500261e-12,-7.36180305480957,-25.851394653320312,2.657819913086939e-06,-5.159204959869385
Sec22c,0.0477797389030456,0.0290778037160635,-0.7300575971603394,0.989142915124309,0.0303220804780721,-0.7300575971603394,0.1322788999584468,-1.883016347885132,-0.7300575971603394,0.2844374908604827,-1.5018054246902466
Ss18l2,0.1099587976932525,0.1423330008983612,0.3961511850357055,0.0515264326020942,2.4253182411193848,0.3961511850357055,0.1596147139066393,1.7837330102920532,0.3961511850357055,0.2770208181374337,1.5178385972976685
Nktr,0.8061734437942505,0.9799374938011168,0.4253547191619873,0.001842999479468,3.550222635269165,0.4253547191619873,2.7311223066073323e-05,4.568177700042725,0.4253547191619873,0.0005867018043564,3.861660957336426
Zfp651,0.0020861437078565,0.0014580930583178,-0.5172085762023926,0.9888502385877284,0.1013474464416503,-0.5172085762023926,0.9395931869969532,-0.3024901449680328,-0.5172085762023926,0.9912073558957648,-0.2449391484260559
Klhl40,0.0,0.0,0.0,0.9888502385877284,0.1005259156227111,0.0,1.0,0.0,0.0,1.0,0.0
Ccdc13,0.0,0.0,0.0,0.9888502385877284,0.1005259156227111,0.0,1.0,0.0,0.0,1.0,0.0
Higd1a,0.4528439342975616,0.8492175936698914,1.2238309383392334,7.643527597033544e-24,10.380757331848145,1.2238309383392334,8.740328287341747e-31,12.259991645812988,1.2238309383392334,1.02416107156559e-22,10.4329195022583
Gask1a,0.0010946050751954,0.0,-20.06277084350586,0.9888502385877284,0.0673658028244972,-20.06277084350586,0.4679991859106411,-1.0,-20.06277084350586,0.6832027011037286,-0.7008072733879089
Pomgnt2,0.013393566943705,0.0,-23.684709548950195,0.9888502385877284,-0.3637155890464782,-23.684709548950195,0.0009464730341198,-3.681553363800049,-23.684709548950195,0.0325817351670216,-2.580059289932251
Snrk,0.2515114545822143,0.194078117609024,-0.4169530272483825,0.9888502385877284,-0.1781982332468032,-0.4169530272483825,0.0360154750984708,-2.4730536937713623,-0.4169530272483825,0.1135176080052054,-2.020573139190674
Ano10,0.0371949523687362,0.0645015686750412,0.8140920400619507,0.1927897401659653,1.808271527290344,0.8140920400619507,0.0509747051817211,2.3304686546325684,0.8140920400619507,0.1101741550455483,2.035402536392212
Abhd5,0.0316935405135154,0.0898036807775497,1.5449278354644775,0.0198791793461539,2.791349172592163,1.5449278354644775,8.648624649000093e-05,4.310369968414307,1.5449278354644775,0.000454926477621,3.933006763458252
Tcaim,0.0501670613884925,0.0341436453163623,-0.5667631030082703,0.9888502385877284,0.1180768683552742,-0.5667631030082703,0.239322995764337,-1.5443034172058103,-0.5667631030082703,0.4064226820043049,-1.2469936609268188
Zfp445,0.2507149279117584,0.2118209153413772,-0.2723392844200134,0.9981145581557976,0.015982573851943,-0.2723392844200134,0.2148864359649364,-1.6076449155807495,-0.2723392844200134,0.3600897743027326,-1.333324313163757
Zkscan7,0.0312029626220464,0.0078601567074656,-2.005946159362793,0.9888502385877284,-0.4649883508682251,-2.005946159362793,0.0034911027302408,-3.294407844543457,-2.005946159362793,0.0396366267557517,-2.4963841438293457
Zfp105,0.0,0.0051177400164306,22.290769577026367,0.9888502385877284,0.3023992776870727,22.290769577026367,0.1824493605006482,1.7057303190231323,22.290769577026367,0.2041822574452282,1.7057303190231323
1110059G10Rik,0.1214825809001922,0.2171087116003036,0.9085931777954102,3.924015611473833e-05,4.522620677947998,0.9085931777954102,2.2555113685049245e-05,4.616203308105469,0.9085931777954102,0.0003113417397428,4.029990196228027
Kif15,0.0247198957949876,0.0947162881493568,1.98893404006958,0.0085115080643671,3.083441972732544,1.98893404006958,2.467469703343473e-06,5.109328746795654,1.98893404006958,1.532466091425846e-05,4.754749298095703
Tmem42,0.1155035495758056,0.0881430730223655,-0.410089373588562,0.9888502385877284,0.3596826195716858,-0.410089373588562,0.1937089658982608,-1.66796612739563,-0.410089373588562,0.346030265870586,-1.3620837926864624
Tgm4,0.0032526103314012,0.0017136922106146,-0.9256002306938172,0.9888502385877284,0.0681126564741134,-0.9256002306938172,0.7268390543192116,-0.6046974658966064,-0.9256002306938172,0.8332907230523913,-0.4831692576408386
Zdhhc3,0.2212001085281372,0.253584623336792,0.2213989496231079,0.1054526324014033,2.1103720664978027,0.2213989496231079,0.319075850883086,1.3495080471038818,0.2213989496231079,0.462919905294497,1.1436017751693726
Exosc7,0.2900111079216003,0.3042702972888946,0.0800397619605064,0.3608297713287928,1.44358491897583,0.0800397619605064,0.759045418210528,0.5605911612510681,0.0800397619605064,0.8420196715790217,0.4700436890125274
Clec3b,0.0024449867196381,0.0043582175858318,0.8352922201156616,0.9888502385877284,0.2356309443712234,0.8352922201156616,0.7137335375582916,0.6242519617080688,0.8352922201156616,0.7930449236473578,0.5414276123046875
Tmem158,0.0035734975244849,0.0034134935121983,-0.0662032961845398,0.9888502385877284,0.2022467851638794,-0.0662032961845398,1.0,-0.0549690686166286,-0.0662032961845398,1.0,-0.0443593375384807
Lars2,0.1385315954685211,0.1235555484890937,-0.1760941594839096,0.7406837125753335,0.8905431032180786,-0.1760941594839096,0.5725305889525345,-0.8320695757865906,-0.1760941594839096,0.6941979907550209,-0.6844651103019714
Limd1,0.3419698774814605,0.4150784611701965,0.3355704843997955,0.010920299725709,3.000765800476074,0.3355704843997955,0.0353661330834,2.481579065322876,0.3355704843997955,0.0955457454970486,2.103859663009644
Sacm1l,0.1073538586497306,0.1830616146326065,0.8258879780769348,0.0006785483490175,3.8268556594848633,0.8258879780769348,0.0003907361809634,3.922665119171143,0.8258879780769348,0.0027974496781745,3.4153974056243896
Slc6a20b,0.0133427567780017,0.0041080601513385,-1.7061984539031982,0.9888502385877284,-0.0982106775045394,-1.7061984539031982,0.0993697702679886,-2.027329206466675,-1.7061984539031982,0.2696211746554477,-1.5365175008773804
Slc6a20a,0.0009482273017056,0.0,-19.855558395385746,0.9888502385877284,0.0673658028244972,-19.855558395385746,0.4679991859106411,-1.0,-19.855558395385746,0.6832027011037286,-0.7008072733879089
Ccr9,0.6389431953430176,0.1849990934133529,-2.138022184371948,1.221022272899776e-20,-9.637492179870604,-2.138022184371948,5.399335695127155e-41,-14.170086860656738,-2.138022184371948,4.6147406839996e-25,-11.102632522583008
Lztfl1,0.2265209704637527,0.3660901188850403,0.7981960773468018,5.606655277286437e-06,4.940407752990723,0.7981960773468018,9.812018528299546e-06,4.8007893562316895,0.7981960773468018,0.0001714829679379,4.181727886199951
Fyco1,0.2414996027946472,0.1621090024709701,-0.634249746799469,0.3619563888020186,-1.4414191246032717,-0.634249746799469,0.0013479467232846,-3.5779025554656982,-0.634249746799469,0.0123333579807048,-2.936692714691162
Cxcr6,0.353220671415329,1.137295842170715,2.32199501991272,3.1134001330964036e-67,17.566865921020508,2.32199501991272,1.2704480227798972e-70,20.279033660888672,2.32199501991272,5.234901474202317e-61,18.26155662536621
Xcr1,0.0,0.0,0.0,0.9888502385877284,0.1005259156227111,0.0,1.0,0.0,0.0,1.0,0.0
Ccr1,0.0,0.0071845459751784,22.78165054321289,0.9888502385877284,0.3696903884410858,22.78165054321289,0.1105376220790194,1.9771440029144287,22.78165054321289,0.1241871226418113,1.9771440029144287
Ccr3,0.0,0.0024986767675727,21.254535675048828,0.9888502385877284,0.2351081520318985,21.254535675048828,0.3272384748448299,1.3334625959396362,21.254535675048828,0.3604951393846911,1.3334625959396362
Ccr2,0.0146301863715052,0.4864891469478607,5.409947872161865,9.62307012665762e-34,12.396055221557615,5.409947872161865,9.951790482936428e-42,15.3673095703125,5.409947872161865,2.8959138220682916e-41,15.229652404785156
Ccr5,0.0171390231698751,0.4159556925296783,4.899126529693604,9.2807440596231e-35,12.585455894470217,4.899126529693604,4.756729427781454e-42,15.375831604003906,4.899126529693604,3.6566997906852415e-41,15.093768119812012
2010315B03Rik,0.087456040084362,0.0850687026977539,-0.0416763350367546,0.6511445584701095,1.0094414949417114,-0.0416763350367546,1.0,-0.1538511961698532,-0.0416763350367546,1.0,-0.1287429481744766
Ppp2r3d,0.062713086605072,0.0558240562677383,-0.1728980541229248,0.9888502385877284,0.5752233266830444,-0.1728980541229248,0.7696610043746547,-0.5448161959648132,-0.1728980541229248,0.853362097968012,-0.4531436860561371
Sfi1,0.1227858439087867,0.1015748158097267,-0.289188027381897,0.9888502385877284,0.2278637140989303,-0.289188027381897,0.4029357406423388,-1.182093381881714,-0.289188027381897,0.5306493040455239,-0.985463798046112
Drg1,0.2402860671281814,0.272492378950119,0.2056864351034164,0.0719118805656631,2.284238576889038,0.2056864351034164,0.322491082882066,1.342050075531006,0.2056864351034164,0.4735354049597245,1.1252466440200806
Eif4enif1,0.1509174108505249,0.2893605828285217,1.0426359176635742,9.731082663055533e-09,6.112587928771973,1.0426359176635742,1.0873981378417329e-08,6.115817070007324,1.0426359176635742,9.304171078782036e-07,5.331462860107422
Patz1,0.1486873626708984,0.0978269055485725,-0.6414204239845276,0.9888502385877284,-0.3705866038799286,-0.6414204239845276,0.0107243739238159,-2.9286434650421143,-0.6414204239845276,0.0524503906494458,-2.3757224082946777
Pik3ip1,0.5201578140258789,0.1798542141914367,-1.7918826341629028,2.7216456656126073e-16,-8.523567199707031,-1.7918826341629028,1.5097126845774198e-32,-12.506503105163574,-1.7918826341629028,2.5654095575316842e-20,-9.87486743927002
Limk2,0.0909831523895263,0.1388001292943954,0.6444908380508423,0.0336696428089196,2.594853162765503,0.6444908380508423,0.0228253238477379,2.6556079387664795,0.6444908380508423,0.0599635006722552,2.31766939163208
Rnf185,0.0281594134867191,0.01193502638489,-1.2501579523086548,0.9994412017932364,-0.0053773149847984,-1.2501579523086548,0.0587255854278312,-2.267179012298584,-1.2501579523086548,0.1889683658547407,-1.7524070739746094
Pla2g3,0.0009548243833705,0.0019657523371279,1.042502999305725,0.9888502385877284,0.1347316056489944,1.042502999305725,0.8271654258448533,0.4625875055789947,1.042502999305725,0.8743545263861461,0.4226721525192261
Inpp5j,0.0,0.0,0.0,0.9888502385877284,0.1005259156227111,0.0,1.0,0.0,0.0,1.0,0.0
Selenom,0.0012009440688416,0.0626114159822464,5.748717308044434,0.0313893921974788,2.621889114379883,5.748717308044434,2.5421876460816136e-08,6.021718978881836,5.748717308044434,3.8690465178516095e-08,5.978918552398682
Smtn,0.0,0.0054443133994936,22.380247116088867,0.9888502385877284,0.3023992776870727,22.380247116088867,0.1773423634146334,1.7229446172714231,22.380247116088867,0.198797128455674,1.7229446172714231
Morc2a,0.0685209184885025,0.077044129371643,0.1753637492656707,0.3603992856020692,1.444406509399414,0.1753637492656707,0.7168246185878722,0.6193835735321045,0.1753637492656707,0.8078304858126995,0.5205333232879639
Osbp2,0.0,0.0,0.0,0.9888502385877284,0.1005259156227111,0.0,1.0,0.0,0.0,1.0,0.0
4921536K21Rik,0.0011678608134388,0.0,-20.156280517578125,0.9888502385877284,0.0673658028244972,-20.156280517578125,0.4679991859106411,-1.0,-20.156280517578125,0.6832027011037286,-0.7008072733879089
Dusp18,0.0,0.0040537239983677,21.9537410736084,0.9888502385877284,0.3023992776870727,21.9537410736084,0.1952253016507609,1.6651219129562378,21.9537410736084,0.2188778908905721,1.6651219129562378
Slc35e4,0.013714256696403,0.0260943435132503,0.9370207190513612,0.9888502385877284,0.5078575015068054,0.9370207190513612,0.2890630070125209,1.4307022094726562,0.9370207190513612,0.3806026202724599,1.2935411930084229
Tcn2,0.0353571288287639,0.0206694025546312,-0.7851487398147583,0.9888502385877284,-0.0477236695587635,-0.7851487398147583,0.171411063953415,-1.7446386814117432,-0.7851487398147583,0.3302961488690877,-1.3968645334243774
4930556J24Rik,0.0,0.0011416648048907,20.123533248901367,0.9888502385877284,0.1678170263767242,20.123533248901367,0.4679991859106411,1.0,20.123533248901367,0.5282133287683867,1.0
Pes1,0.1353574395179748,0.2147579193115234,0.7248826622962952,0.0002521210347965,4.079589366912842,0.7248826622962952,0.0007952080350205,3.7309935092926025,0.7248826622962952,0.0050696788172069,3.231311321258545
Gal3st1,0.0,0.0012002000585198,20.195711135864254,0.9888502385877284,0.1678170263767242,20.195711135864254,0.4679991859106411,1.0,20.195711135864254,0.5282133287683867,1.0
Mtfp1,0.0044338074512779,0.0135196335613727,1.6150016784667969,0.8945008838921533,0.7048016786575317,1.6150016784667969,0.1344672580389112,1.875493049621582,1.6150016784667969,0.2055254023123645,1.700148344039917
Sec14l2,0.0020344771910458,0.001642920775339,-0.3086775243282318,0.9888502385877284,0.1013474464416503,-0.3086775243282318,1.0,-0.1793436408042907,-0.3086775243282318,1.0,-0.148967370390892
Rnf215,0.0465270914137363,0.0852916315197944,0.9026027917861938,0.0748197724565943,2.266836881637573,0.9026027917861938,0.0126384659467474,2.873145580291748,0.9026027917861938,0.0372351990586787,2.520226001739502
Ccdc157,0.0064151468686759,0.0113261118531227,0.8236461877822876,0.9888502385877284,0.3362315595149994,0.8236461877822876,0.5316174725309215,0.894848644733429,0.8236461877822876,0.6585069866937877,0.7879962921142578
Sf3a1,0.1942277997732162,0.2746635675430298,0.5602031350135803,0.0003219031087229,4.01827335357666,0.5602031350135803,0.0028516170480569,3.3599982261657715,0.5602031350135803,0.0145830474372338,2.87636661529541
Tbc1d10a,0.1183653175830841,0.0984407588839531,-0.2805508375167846,0.9888502385877284,0.4720834195613861,-0.2805508375167846,0.3934637403224925,-1.1997345685958862,-0.2805508375167846,0.5299909986835808,-0.989098072052002
Castor1,0.0340113639831543,0.0256982613354921,-0.4103724658489227,0.9888502385877284,0.4735771417617798,-0.4103724658489227,0.4846294412683177,-0.9721069931983948,-0.4103724658489227,0.6621364401520481,-0.7827433943748474
Osm,0.0493690259754657,0.0586748719215393,0.2559096813201904,0.5820074203040633,1.1013786792755127,0.2559096813201904,0.6298032649777946,0.7453976273536682,0.2559096813201904,0.7274576233648699,0.6369039416313171
Lif,0.0023372999858111,0.0017976310336962,-0.3791352808475494,0.9888502385877284,0.1013474464416503,-0.3791352808475494,0.9962990717640856,-0.2209680527448654,-0.3791352808475494,1.0,-0.1819549798965454
Hormad2,0.0011995126260444,0.0009249486611224,-0.3752009868621826,0.9888502385877284,0.1345822364091873,-0.3752009868621826,1.0,-0.1812645196914672,-0.3752009868621826,1.0,-0.1411242485046386
Mtmr3,0.1299548000097274,0.2227014750242233,0.8459690809249878,6.969952130369465e-05,4.390203952789307,0.8459690809249878,6.791966015818835e-05,4.360170841217041,0.8459690809249878,0.0007678336918883,3.788243532180786
Gm11032,0.0,0.0,0.0,0.9888502385877284,0.1005259156227111,0.0,1.0,0.0,0.0,1.0,0.0
Ascc2,0.0759113430976867,0.0758894830942154,-0.0004314433608669,0.617825066734061,1.0532068014144895,-0.0004314433608669,1.0,-0.0015620911726728,-0.0004314433608669,1.0,-0.0013021243503317
Uqcr10,0.888029932975769,1.3169564008712769,0.9336262345314026,1.3149927464085692e-24,10.550440788269045,0.9336262345314026,4.5763587870191305e-33,12.672307014465332,0.9336262345314026,1.4475528932663086e-22,10.416187286376951
Zmat5,0.3072486221790313,0.4875296056270599,0.8047178387641907,2.1093413309295773e-08,5.982486724853516,0.8047178387641907,2.097672151168786e-09,6.388238430023193,0.8047178387641907,4.431764555543413e-07,5.475325107574463
Cabp7,0.0,0.0,0.0,0.9888502385877284,0.1005259156227111,0.0,1.0,0.0,0.0,1.0,0.0
Nf2,0.0559091009199619,0.1066679954528808,0.9690830707550048,0.0295225709102394,2.6441452503204346,0.9690830707550048,0.0034617083666859,3.302170753479004,0.9690830707550048,0.0130419439402635,2.9164671897888184
Nipsnap1,0.1370307952165603,0.1259548664093017,-0.1297578811645507,0.4561939133394673,1.286821365356445,-0.1297578811645507,0.7240065065856307,-0.6091240644454956,-0.1297578811645507,0.819245004421961,-0.503361701965332
Thoc5,0.0920854359865188,0.0981277897953987,0.0961163565516471,0.3008289040737,1.5553135871887207,0.0961163565516471,0.8801360813360609,0.3886761367321014,0.0961163565516471,0.939248353722918,0.3250474333763122
Nefh,0.0211866907775402,0.0362892635166645,0.7873308062553406,0.4541610192474286,1.289883375167847,0.7873308062553406,0.1884970428482426,1.6839923858642578,0.7873308062553406,0.3006752659637816,1.4658139944076538
Ap1b1,0.139269933104515,0.186613917350769,0.4572514593601227,0.0198009617389143,2.7932162284851074,0.4572514593601227,0.0558737907815048,2.290316581726074,0.4572514593601227,0.1270966579947453,1.9618719816207888
Gas2l1,0.0012786361621692,0.0064743976108729,2.3438894748687744,0.9888502385877284,0.4034479856491089,2.3438894748687744,0.2166970251877971,1.60404372215271,2.3438894748687744,0.2905116596485808,1.4883874654769895
Rasl10a,0.0,0.0,0.0,0.9888502385877284,0.1005259156227111,0.0,1.0,0.0,0.0,1.0,0.0
Ewsr1,0.6308029890060425,0.7585020065307617,0.3686580061912536,0.0200887826727403,2.7876148223876958,0.3686580061912536,0.000799912562003,3.7268972396850586,0.3686580061912536,0.0068988869255789,3.1317567825317383
Rhbdd3,0.0134147657081484,0.0255066081881523,0.9357995986938475,0.7598589124894843,0.8679882287979126,0.9357995986938475,0.2241030746454703,1.5847234725952148,0.9357995986938475,0.3331418481284506,1.3888592720031738
Emid1,0.0142297009006142,0.0059159798547625,-1.2722232341766355,0.9888502385877284,-0.0971650928258895,-1.2722232341766355,0.2358194306691777,-1.5530811548233032,-1.2722232341766355,0.4181951318720052,-1.226359248161316
Kremen1,0.0369989573955535,0.0348804108798503,-0.0866047665476799,0.9888502385877284,0.4469146132469177,-0.0866047665476799,1.0,-0.2114713490009308,-0.0866047665476799,1.0,-0.1776515692472458
Znrf3,0.1244232207536697,0.0163052920252084,-3.010748624801636,0.0273920689699865,-2.6727495193481445,-3.010748624801636,1.038296377227552e-15,-8.451089859008789,-3.010748624801636,9.92879481055541e-09,-6.207643985748291
Xbp1,0.0875950679183006,0.2789639830589294,1.8134143352508545,7.744132924021616e-13,7.520324230194092,1.8134143352508545,9.031157291618676e-16,8.568281173706055,1.8134143352508545,3.0822391486170365e-13,7.780610084533691
Ccdc117,0.0602515786886215,0.0733766481280326,0.293895274400711,0.4017455375333885,1.3733811378479004,0.293895274400711,0.4758345528306876,0.9859092831611632,0.293895274400711,0.6249662117609623,0.8364125490188599
Mrps24,0.6796122789382935,1.047144651412964,0.9264593124389648,4.603602332723043e-19,9.249205589294434,0.9264593124389648,4.231527657928203e-26,11.171394348144531,0.9264593124389648,1.4182746010771333e-18,9.353533744812012
Urgcp,0.0609570145606994,0.0379779003560543,-0.6993445754051208,0.9994412017932364,-0.0094103012233972,-0.6993445754051208,0.0908045033800059,-2.0698304176330566,-0.6993445754051208,0.2219185725279452,-1.6555488109588623
Dbnl,0.540764331817627,0.6079925894737244,0.2221659421920776,0.1655163204556557,1.8891552686691284,0.2221659421920776,0.0905233830092688,2.0717360973358154,0.2221659421920776,0.1937517783589097,1.7377580404281616
Polm,0.0639324262738227,0.0628857091069221,-0.0245787091553211,0.8464408294714517,0.7622343897819519,-0.0245787091553211,1.0,-0.0810023248195648,-0.0245787091553211,1.0,-0.0677131861448288
Aebp1,0.0,0.0024051859509199,21.19945335388184,0.9888502385877284,0.2351081520318985,21.19945335388184,0.2947322961238871,1.4094723463058472,21.19945335388184,0.3262380189361712,1.4094723463058472
Pold2,0.1174580827355384,0.1513075530529022,0.3903017044067383,0.0515449231700088,2.4250195026397705,0.3903017044067383,0.1401795566903323,1.8523296117782595,0.3903017044067383,0.2530831765326127,1.576740860939026
Myl7,0.0,0.0,0.0,0.9888502385877284,0.1005259156227111,0.0,1.0,0.0,0.0,1.0,0.0
Ykt6,0.0839141383767128,0.22481070458889,1.5259737968444824,1.3999690281964808e-08,6.051570415496826,1.5259737968444824,4.792027662176223e-11,7.016059875488281,1.5259737968444824,4.3448547565602224e-09,6.309125900268555
Camk2b,0.0183894652873277,0.0289385300129652,0.6617516279220581,0.871389238648026,0.7329578995704651,0.6617516279220581,0.3859556020102637,1.215105652809143,0.6617516279220581,0.5153803957316037,1.056524634361267
Nudcd3,0.3687463998794555,0.2671205699443817,-0.5423232316970825,0.1416953240244177,-1.9677984714508057,-0.5423232316970825,0.0007661142711451,-3.7376608848571777,-0.5423232316970825,0.0080390852321093,-3.080971956253052
A730071L15Rik,0.001173417433165,0.0048763509839773,2.0577571392059326,0.9888502385877284,0.2690151035785675,2.0577571392059326,0.3985485592983004,1.1911232471466064,2.0577571392059326,0.4817165617437624,1.111880898475647
Ddx56,0.0976899713277816,0.1092119812965393,0.1693033427000045,0.2120514232594828,1.756664156913757,0.1693033427000045,0.6467038930228549,0.7203034162521362,0.1693033427000045,0.7484190444175809,0.6048407554626465
Tmed4,0.1075241714715957,0.1277074813842773,0.2630269527435303,0.2222894915658142,1.7305244207382202,0.2630269527435303,0.431032592809405,1.134785771369934,0.2630269527435303,0.5404792310652637,0.9672908782958984
Ogdh,0.3875752091407776,0.4723719358444214,0.3509849607944488,0.0056183595847998,3.215559482574463,0.3509849607944488,0.010660596637859,2.93160343170166,0.3509849607944488,0.0442573654863262,2.4482574462890625
Zmiz2,0.2859955430030823,0.2525437772274017,-0.2046710401773452,0.9888502385877284,0.4344422221183777,-0.2046710401773452,0.3097700702490801,-1.369640827178955,-0.2046710401773452,0.472320656014234,-1.127651572227478
Ppia,3.18778657913208,3.201197385787964,0.0201746486127376,0.6312879530033678,1.035207748413086,0.0201746486127376,0.7133514739737292,0.6249028444290161,0.0201746486127376,0.7824190281982465,0.5558311343193054
H2az2,0.7907688021659851,1.1152220964431765,0.7666544914245605,4.445890614490656e-12,7.281332492828369,0.7666544914245605,9.801060579167909e-16,8.501459121704102,0.7666544914245605,7.923403608454895e-12,7.303234100341797
Purb,0.6146524548530579,0.7790756225585938,0.4742625653743744,0.0004336810700817,3.942542552947998,0.4742625653743744,1.2380652737159073e-05,4.743317604064941,0.4742625653743744,0.0003899686684755,3.9719996452331534
Myo1g,0.280119389295578,0.7606186270713806,1.8176356554031368,6.416902303807087e-40,13.501615524291992,1.8176356554031368,4.2944021959724045e-46,15.51938247680664,1.8176356554031368,6.0707114727535414e-37,13.640460014343262
Ccm2,0.4018146991729736,0.2994365692138672,-0.5024365782737732,0.1661806362594943,-1.8871387243270876,-0.5024365782737732,0.0006515576539813,-3.7813527584075928,-0.5024365782737732,0.007967335970226,-3.084355115890503
Tbrg4,0.0925421267747879,0.0923651158809661,-0.0028916790615767,0.4694245939888136,1.264714598655701,-0.0028916790615767,1.0,-0.0115952640771865,-0.0028916790615767,1.0,-0.0096631795167922
Ramp3,0.024007610976696,0.0,-24.53434181213379,0.9888502385877284,-0.496878832578659,-24.53434181213379,2.685942388350887e-05,-4.574584007263184,-24.53434181213379,0.0056580984251178,-3.205901622772217
Adcy1,0.0,0.0,0.0,0.9888502385877284,0.1005259156227111,0.0,1.0,0.0,0.0,1.0,0.0
Tns3,0.0005408413126133,0.0,-19.045238494873047,0.9888502385877284,0.0673658028244972,-19.045238494873047,0.4679991859106411,-1.0,-19.045238494873047,0.6832027011037286,-0.7008072733879089
Hus1,0.0366546995937824,0.0301126986742019,-0.2883712947368622,0.9888502385877284,0.317410945892334,-0.2883712947368622,0.6727923001849702,-0.6811988949775696,-0.2883712947368622,0.7766458869335693,-0.5638227462768555
Upp1,0.0,0.0058682369999587,22.488731384277344,0.9888502385877284,0.3023992776870727,22.488731384277344,0.2950667672630976,1.407651662826538,22.488731384277344,0.3266029616592848,1.407651662826538
Abca13,0.0,0.0,0.0,0.9888502385877284,0.1005259156227111,0.0,1.0,0.0,0.0,1.0,0.0
Zpbp,0.0167609397321939,0.0195642858743667,0.2251477688550949,0.9888502385877284,0.399414986371994,0.2251477688550949,0.8822737149600896,0.3855787515640259,0.2251477688550949,0.9363566673009782,0.3300464749336242
Spata48,0.0034305187873542,0.0008845259435474,-1.957286477088928,0.9888502385877284,0.0681126564741134,-1.957286477088928,0.40728036747206,-1.1748080253601074,-1.957286477088928,0.6098860865679095,-0.8605985045433044
4930512M02Rik,0.0,0.0,0.0,0.9888502385877284,0.1005259156227111,0.0,1.0,0.0,0.0,1.0,0.0
Ikzf1,1.1270705461502075,1.122166872024536,-0.0104773072525858,0.7855783556124776,-0.8367699384689331,-0.0104773072525858,1.0,-0.1289131939411163,-0.0104773072525858,1.0,-0.1077659949660301
Fignl1,0.0106064295396208,0.1760000586509704,4.1737260818481445,4.827442003101883e-10,6.593782901763916,4.1737260818481445,5.729550716308365e-20,9.906993865966797,4.1737260818481445,3.096535979086026e-19,9.696344375610352
Ddc,0.0255238637328147,0.0,-24.623794555664062,0.9526880541437568,-0.6289964914321899,-24.623794555664062,1.6718995902700027e-05,-4.680839538574219,-24.623794555664062,0.0044976913522689,-3.2803664207458496
Grb10,0.0,0.0,0.0,0.9888502385877284,0.1005259156227111,0.0,1.0,0.0,0.0,1.0,0.0
Sec61g,1.0080524682998655,1.5315641164779663,1.058840274810791,3.219398271101699e-36,12.851558685302734,1.058840274810791,4.410710982181016e-46,15.209569931030272,1.058840274810791,2.501681155710097e-31,12.483878135681152
Fbxo48,0.0,0.0150883952155709,23.857833862304688,0.6260582279895978,1.0426015853881836,23.857833862304688,0.0014103819366319,3.582092523574829,23.857833862304688,0.0016736475051932,3.582092523574829
Plek,0.0458439737558364,1.314783215522766,5.859624862670898,9.511949902240513e-150,26.28214836120605,5.859624862670898,3.7341681815705385e-163,41.94123840332031,5.859624862670898,7.982629609479559e-166,40.724708557128906
Cnrip1,0.0130662834271788,0.0117441518232226,-0.1548620164394378,0.9888502385877284,0.2016493082046508,-0.1548620164394378,0.9974496546199344,-0.2185993790626526,-0.1548620164394378,1.0,-0.1819100230932235
Ppp3r1,0.2547839283943176,0.2948996722698211,0.2412111163139343,0.0415653485553533,2.5124757289886475,0.2412111163139343,0.2097950720886503,1.6216756105422974,0.2412111163139343,0.3420344179674281,1.370636820793152
Wdr92,0.0814682841300964,0.0779070779681205,-0.0670871287584304,0.7719841710170898,0.8527525067329407,-0.0670871287584304,0.9785011579493078,-0.2470885813236236,-0.0670871287584304,1.0,-0.2065170556306839
Pno1,0.1155521944165229,0.2014806717634201,0.865717887878418,0.0001207168942565,4.260700225830078,0.865717887878418,8.526574396036978e-05,4.306635856628418,0.865717887878418,0.0009104138278498,3.7415339946746826
C1d,0.3073922097682953,0.6146495342254639,1.2382861375808716,3.64438663533101e-19,9.274747848510742,1.2382861375808716,1.9957467369591676e-22,10.337532043457031,1.2382861375808716,3.291440560544864e-17,8.964421272277832
Etaa1,0.106740690767765,0.1607640832662582,0.6306727528572083,0.0037973794727147,3.336026430130005,0.6306727528572083,0.0131471233093447,2.858243703842163,0.6306727528572083,0.0424549547176891,2.465256452560425
Meis1,0.0012897921260446,0.0,-20.299638748168945,0.9888502385877284,0.0673658028244972,-20.299638748168945,0.4679991859106411,-1.0,-20.299638748168945,0.6832027011037286,-0.7008072733879089
Spred2,0.1243239939212799,0.0644028335809707,-0.99281245470047,0.8178234736267944,-0.7974856495857239,-0.99281245470047,0.0004370085322995,-3.886784553527832,-0.99281245470047,0.0083646951354285,-3.0692451000213623
Actr2,0.9007542729377748,1.2367573976516724,0.7420862913131714,1.382378231654701e-15,8.328713417053223,0.7420862913131714,1.8530649869436644e-19,9.520452499389648,0.7420862913131714,8.061159830315942e-14,7.959089279174805
Rab1a,0.1991506814956665,0.422948956489563,1.256413459777832,2.539437080102565e-14,7.967014789581299,1.256413459777832,2.697269010600866e-15,8.386884689331055,1.256413459777832,5.901262083122923e-12,7.347362041473389
Cep68,0.0905458033084869,0.0604246072471141,-0.605512797832489,0.9888502385877284,0.0920118317008018,-0.605512797832489,0.0824664913915166,-2.1143836975097656,-0.605512797832489,0.2004828652828023,-1.716647386550903
Slc1a4,0.0010645929723978,0.0,-20.022640228271484,0.9888502385877284,0.0673658028244972,-20.022640228271484,0.4679991859106411,-1.0,-20.022640228271484,0.6832027011037286,-0.7008072733879089
Sertad2,0.1722742170095443,0.1495757848024368,-0.220642477273941,0.9888502385877284,0.4864976108074188,-0.220642477273941,0.4412567981160168,-1.1170709133148191,-0.220642477273941,0.5670515957592417,-0.9264593720436096
Aftph,0.2164490520954132,0.3198561072349548,0.6413173079490662,2.1027893179834547e-05,4.662505149841309,0.6413173079490662,0.0002690541024842,4.0189385414123535,0.6413173079490662,0.002481618640144,3.4515740871429443
Lgalsl,0.0056893131695687,0.0625000074505806,3.498742818832397,0.0127646381664243,2.948112726211548,3.498742818832397,6.521091789552295e-08,5.835668087005615,3.498742818832397,2.20618052813868e-07,5.635329246520996
Peli1,1.3272463083267212,0.7106014490127563,-1.420291543006897,4.925135619709779e-47,-14.66879177093506,-1.420291543006897,7.703538448963837e-52,-16.303834915161133,-1.420291543006897,1.4800193347283014e-36,-13.58010482788086
Vps54,0.1399687975645065,0.3789463341236114,1.6167185306549072,1.3947775189225112e-16,8.602583885192871,1.6167185306549072,1.3425166620938525e-18,9.374164581298828,1.6167185306549072,2.716162775643927e-15,8.415545463562012
Ugp2,0.1200408041477203,0.1939614117145538,0.7469617128372192,0.0001300777987853,4.243523120880127,0.7469617128372192,0.0007539951203402,3.744940757751465,0.7469617128372192,0.0052992577412034,3.2165889739990234
Mdh1,0.6905186772346497,0.8965489864349365,0.5447707176208496,3.309224507435642e-06,5.047804832458496,0.5447707176208496,3.907050194208202e-08,5.8809919357299805,0.5447707176208496,5.181650147882366e-06,4.981507778167725
Wdpcp,0.001432335586287,0.0,-20.450971603393555,0.9888502385877284,0.0342056974768638,-20.450971603393555,0.3802306680150464,-1.2253749370574951,-20.450971603393555,0.6109352703729182,-0.858751654624939
Ehbp1,0.0055639706552028,0.0008045358699746,-2.793319702148437,0.9994412017932364,0.0017924382118508,-2.793319702148437,0.1860738630784438,-1.6907023191452026,-2.793319702148437,0.4256448719229913,-1.2102755308151243
Tmem17,0.0010784658370539,0.0014189417706802,0.3960801959037781,0.9888502385877284,0.1345822364091873,0.3960801959037781,1.0,0.1910350322723388,0.3960801959037781,1.0,0.1626563370227813
B3gnt2,0.0215962938964366,0.0174963008612394,-0.3067010343074798,0.9888502385877284,0.0993309542536735,-0.3067010343074798,0.7605275081843604,-0.5584501028060913,-0.3067010343074798,0.8453953136308411,-0.4646065533161163
Gm28048,0.0,0.0,0.0,0.9888502385877284,0.1005259156227111,0.0,1.0,0.0,0.0,1.0,0.0
Commd1,0.2180097699165344,0.4320977032184601,1.149746656417847,5.9117569968713195e-12,7.240554332733154,1.149746656417847,1.2184560212954366e-13,7.871364116668701,1.149746656417847,1.2489315919091315e-10,6.883759498596191
Zrsr1,0.1029464900493621,0.034077238291502,-1.6452600955963137,0.3537691392507323,-1.4565801620483398,-1.6452600955963137,3.2150035777586856e-06,-5.024036884307861,-1.6452600955963137,0.0005580165212402,-3.8811497688293457
Cct4,0.7904029488563538,0.6868287324905396,-0.2864654660224914,0.0017182709938825,-3.570014238357544,-0.2864654660224914,0.0074869660444872,-3.050881862640381,-0.2864654660224914,0.0372684909353339,-2.520033836364746
Fam161a,0.0,0.0112328026443719,23.42932510375977,0.9452671725632862,0.6388548612594604,23.42932510375977,0.018714395524633,2.7362756729125977,23.42932510375977,0.0218124307753977,2.7362756729125977
Xpo1,0.2437267452478408,0.2767725586891174,0.2083064466714859,0.0926450436916437,2.170642852783203,0.2083064466714859,0.3277082066681952,1.331176519393921,0.2083064466714859,0.4739881618046638,1.1242640018463137
Usp34,0.5765310525894165,0.551368236541748,-0.0842302143573761,0.9888502385877284,-0.5636471509933472,-0.0842302143573761,0.6203348227630158,-0.7596924901008606,-0.0842302143573761,0.7293095171495766,-0.6334002017974854
Ahsa2,0.0859213918447494,0.2499590516090393,1.6622403860092163,8.584166510351612e-11,6.85555362701416,1.6622403860092163,6.328566439699894e-14,7.991153717041016,1.6622403860092163,1.3693349618488055e-11,7.230464935302734
1700093K21Rik,0.0,0.0,0.0,0.9888502385877284,0.1005259156227111,0.0,1.0,0.0,0.0,1.0,0.0
0610010F05Rik,0.0354178547859191,0.0668390318751335,0.9390727877616882,0.1126688083839608,2.079975128173828,0.9390727877616882,0.0211234334049689,2.685504913330078,0.9390727877616882,0.0556411811773981,2.3498637676239014
Pex13,0.0927291065454483,0.1335861384868621,0.556704044342041,0.0334453878915129,2.597317695617676,0.556704044342041,0.0501559841886009,2.33742094039917,0.556704044342041,0.1130251359457284,2.022654294967652
Pus10,0.0404430627822876,0.0912479981780052,1.2109509706497192,0.0333401696664363,2.5987367630004883,1.2109509706497192,0.0010851048524525,3.645903825759888,1.2109509706497192,0.0043338642535144,3.28238844871521
Rel,0.2200731188058853,0.3464892208576202,0.7503167986869812,6.740581202075169e-06,4.902244091033936,0.7503167986869812,3.832243345913922e-05,4.494974613189697,0.7503167986869812,0.0004976632889991,3.9060287475585938
Papolg,0.1020266935229301,0.1093357428908348,0.1051836609840393,0.2895844270278906,1.578316569328308,0.1051836609840393,0.8475802666704743,0.4338480830192566,0.1051836609840393,0.9136372338961952,0.364877849817276
Bcl11a,0.0,0.0,0.0,0.9888502385877284,0.1005259156227111,0.0,1.0,0.0,0.0,1.0,0.0
Fancl,0.0493645891547203,0.1049195528030395,1.1283248662948608,0.0049422350222894,3.255067825317383,1.1283248662948608,0.0003769941307134,3.933870792388916,1.1283248662948608,0.0022611167310205,3.480329751968384
Vrk2,0.1157548502087593,0.1435621231794357,0.3310945332050323,0.0719118805656631,2.2841637134552,0.3310945332050323,0.248582782079724,1.5215277671813965,0.3310945332050323,0.3849645816946003,1.2857041358947754
Pnpt1,0.0992926433682441,0.128958910703659,0.3989593386650085,0.0508588261820622,2.4311437606811523,0.3989593386650085,0.1753713455366452,1.7295862436294556,0.3989593386650085,0.2987696467166426,1.4696928262710571
Ppp4r3b,0.5267767906188965,0.6306005120277405,0.3416104912757873,0.0171061059142457,2.84609317779541,0.3416104912757873,0.0058038147013056,3.1352312564849854,0.3416104912757873,0.0271554313679084,2.6455929279327397
Cfap36,0.1198133006691932,0.1081299930810928,-0.1566090434789657,0.6302992772508592,1.036402702331543,-0.1566090434789657,0.6660186676922084,-0.6916680335998535,-0.1566090434789657,0.7716281963333451,-0.5711567401885986
Ccdc88a,0.0131527427583932,0.0034605995751917,-1.933270573616028,0.9888502385877284,-0.031442355364561,-1.933270573616028,0.0936643143414849,-2.05447769165039,-1.933270573616028,0.2760313289419034,-1.520901083946228
Prorsd1,0.2214611321687698,0.2874608635902405,0.4259378612041473,0.0026040420954878,3.449248790740967,0.4259378612041473,0.0206913634474349,2.6926732063293457,0.4259378612041473,0.0639544967542913,2.289616346359253
Mtif2,0.1685782223939895,0.1559980064630508,-0.1212103441357612,0.5819539381135214,1.1015280485153198,-0.1212103441357612,0.7152864700169255,-0.6217137575149536,-0.1212103441357612,0.8119819011590031,-0.513755202293396
Rps27a,4.158201694488525,3.538460254669189,-0.9139047861099244,9.44043617652292e-171,-28.088180541992188,-0.9139047861099244,2.1562462963722828e-221,-45.91805267333984,-0.9139047861099244,9.842411883866049e-200,-40.55552673339844
Clhc1,0.0022782264277338,0.0,-21.121124267578125,0.9888502385877284,0.0342056974768638,-21.121124267578125,0.2942789202292576,-1.4140926599502563,-21.121124267578125,0.5299909986835808,-0.9910064339637756
Rtn4,0.3839796185493469,0.4338641166687011,0.2146432697772979,0.1395818916459798,1.9755656719207764,0.2146432697772979,0.1771165571071366,1.722221851348877,0.2146432697772979,0.3091949727974972,1.4466227293014526
Eml6,0.0,0.0,0.0,0.9888502385877284,0.1005259156227111,0.0,1.0,0.0,0.0,1.0,0.0
Sptbn1,0.8367675542831421,0.7063906788825989,-0.3503826260566711,0.0002042858386004,-4.1326904296875,-0.3503826260566711,0.0010121398399336,-3.659935474395752,-0.3503826260566711,0.0089773226566352,-3.043914556503296
Acyp2,0.0092248804867267,0.0405007749795913,2.157001495361328,0.2332280980936846,1.7037125825881958,2.157001495361328,0.000948002212565,3.688477039337158,2.157001495361328,0.0026557615454184,3.433679819107056
Psme4,0.1839566081762313,0.2494847774505615,0.4885608553886413,0.0041038365443823,3.311903238296509,0.4885608553886413,0.0160025379693826,2.7879881858825684,0.4885608553886413,0.0495288711767412,2.3992786407470703
Gpr75,0.0,0.0016366980271413,20.643537521362305,0.9888502385877284,0.1678170263767242,20.643537521362305,0.4679991859106411,1.0,20.643537521362305,0.5282133287683867,1.0
Asb3,0.0819954276084899,0.1232442855834961,0.6181686520576477,0.0216995662838221,2.7586371898651123,0.6181686520576477,0.0319417737636576,2.523419141769409,0.6181686520576477,0.082393408461784,2.172569274902344
Erlec1,0.1932582110166549,0.3168364465236664,0.8061366081237793,2.2815780320562733e-06,5.122489929199219,0.8061366081237793,3.5996911415315386e-06,5.012959957122803,0.8061366081237793,9.756154812454443e-05,4.3206281661987305
Chac2,0.0193503219634294,0.0404229462146759,1.07809317111969,0.4946551152240938,1.2267745733261108,1.07809317111969,0.0625760268269532,2.2417783737182617,1.07809317111969,0.1168890292821668,2.0059187412261963
Stc2,0.0010111439041793,0.0,-19.948287963867188,0.9888502385877284,0.0673658028244972,-19.948287963867188,0.4679991859106411,-1.0,-19.948287963867188,0.6832027011037286,-0.7008072733879089
Bod1,0.0611534751951694,0.0410818308591842,-0.5885360836982727,0.9888502385877284,0.1894009709358215,-0.5885360836982727,0.1643650409436609,-1.7680152654647827,-0.5885360836982727,0.3210043528418208,-1.4224005937576294
Cpeb4,0.1065946221351623,0.1706524491310119,0.7262017130851746,0.0088119856162133,3.072164535522461,0.7262017130851746,0.0040700715418527,3.251420497894287,0.7262017130851746,0.0164646160699306,2.832570075988769
Nsg2,0.4106975495815277,0.0,-28.91988182067871,3.382202702079935e-23,-10.234673500061035,-28.91988182067871,2.4035041556476643e-78,-21.03158187866211,-28.91988182067871,1.1690959313939293e-38,-14.73908519744873
Il9r,0.0,0.0,0.0,0.9888502385877284,0.1005259156227111,0.0,1.0,0.0,0.0,1.0,0.0
Snrnp25,0.126392588019371,0.2622889280319214,1.1544464826583862,4.130449172303683e-08,5.86627721786499,1.1544464826583862,2.1523189927311383e-09,6.393738746643066,1.1544464826583862,2.082864593573609e-07,5.619508266448975
Rhbdf1,0.0,0.0,0.0,0.9888502385877284,0.1005259156227111,0.0,1.0,0.0,0.0,1.0,0.0
Nprl3,0.0339981950819492,0.0595136806368827,0.826312243938446,0.1569741846017836,1.9164899587631223,0.826312243938446,0.0582471710879804,2.27243709564209,0.826312243938446,0.1224611081331451,1.98219633102417
Mpg,0.1273824721574783,0.2468129098415374,1.0430867671966553,2.363517016152073e-06,5.115245342254639,1.0430867671966553,7.733496403172287e-07,5.331342697143555,1.0430867671966553,1.775788286587415e-05,4.71567964553833
Hba-a1,0.0024659612681716,0.0,-21.235498428344727,0.9888502385877284,0.0342056974768638,-21.235498428344727,0.2996371793422709,-1.3946139812469482,-21.235498428344727,0.5350513460134095,-0.977355659008026
Hba-a2,0.001444328809157,0.0,-20.463010787963867,0.9888502385877284,0.0673658028244972,-20.463010787963867,0.4679991859106411,-1.0,-20.463010787963867,0.6832027011037286,-0.7008072733879089
Sh3pxd2b,0.0,0.0,0.0,0.9888502385877284,0.1005259156227111,0.0,1.0,0.0,0.0,1.0,0.0
Ubtd2,0.0055629764683544,0.0041954657062888,-0.4080130457878113,0.9888502385877284,0.1355531513690948,-0.4080130457878113,0.8886147329458488,-0.3754096925258636,-0.4080130457878113,0.9501190118808964,-0.308159202337265
Efcab9,0.0036529249045997,0.0,-21.80325698852539,0.9994412017932364,0.0010455889860168,-21.80325698852539,0.176792686871807,-1.7243958711624146,-21.80325698852539,0.4265464155081425,-1.2084691524505615
Stk10,0.4891297221183777,0.5183748602867126,0.1066382676362991,0.649210853590049,1.0125036239624023,0.1066382676362991,0.5205586615484783,0.9129584431648254,0.1066382676362991,0.6723861136561324,0.7672374248504639
Fbxw11,0.0612719357013702,0.1084191501140594,0.8578116297721863,0.0188659544996739,2.81076717376709,0.8578116297721863,0.0070131755434233,3.0746724605560303,0.8578116297721863,0.0245597429609077,2.684969425201416
Fgf18,0.0,0.0,0.0,0.9888502385877284,0.1005259156227111,0.0,1.0,0.0,0.0,1.0,0.0
Npm1,2.455552577972412,2.001523971557617,-0.7350254058837891,1.8812074264531821e-44,-14.255859375,-0.7350254058837891,3.947936181599209e-38,-13.938637733459473,-0.7350254058837891,1.314616664995632e-30,-12.290992736816406
Ranbp17,0.0,0.0029848348349332,21.51137351989746,0.9888502385877284,0.3023992776870727,21.51137351989746,0.1848973309192499,1.696915626525879,21.51137351989746,0.2073011623276329,1.696915626525879
Gm12117,0.0,0.0,0.0,0.9888502385877284,0.1005259156227111,0.0,1.0,0.0,0.0,1.0,0.0
Kcnmb1,0.0,0.0,0.0,0.9888502385877284,0.1005259156227111,0.0,1.0,0.0,0.0,1.0,0.0
4930469K13Rik,0.0021432868670672,0.0,-21.032939910888672,0.9888502385877284,0.0342056974768638,-21.032939910888672,0.2942789202292576,-1.4146932363510132,-21.032939910888672,0.5299909986835808,-0.99142724275589
Lcp2,0.5458410978317261,0.739753007888794,0.5933214426040649,1.7210704128510645e-05,4.706121444702148,0.5933214426040649,1.2827244997217493e-07,5.66322135925293,0.5933214426040649,1.2771286610798398e-05,4.78869104385376
Foxi1,0.0,0.0,0.0,0.9888502385877284,0.1005259156227111,0.0,1.0,0.0,0.0,1.0,0.0
Dock2,1.0923455953598022,1.3577698469161987,0.5434106588363647,3.2561909649903246e-09,6.292205333709717,0.5434106588363647,3.696420559409886e-11,7.025167465209961,0.5434106588363647,3.1032878431234815e-08,5.96478796005249
Insyn2b,0.0061657815240323,0.0165086910128593,1.428344964981079,0.9888502385877284,0.5371339917182922,1.428344964981079,0.1898145468343758,1.680459976196289,1.428344964981079,0.2727411718439831,1.5276893377304075
Spdl1,0.0157540719956159,0.0107220523059368,-0.5587815046310425,0.9888502385877284,0.3655827343463897,-0.5587815046310425,0.516709154116506,-0.9192510843276978,-0.5587815046310425,0.6832027011037286,-0.7205727100372314
Pank3,0.102647066116333,0.0881416127085685,-0.2304266393184662,0.9382793113418793,0.6503563523292542,-0.2304266393184662,0.5285118930163832,-0.8999830484390259,-0.2304266393184662,0.6832027011037286,-0.7462709546089172
Fbll1,0.0,0.0,0.0,0.9888502385877284,0.1005259156227111,0.0,1.0,0.0,0.0,1.0,0.0
Rars,0.2198278307914734,0.2827272117137909,0.4103071987628937,0.0147050871672047,2.898970127105713,0.4103071987628937,0.0287779049761615,2.564678430557251,0.4103071987628937,0.0790179867004803,2.1920244693756104
Wwc1,0.0,0.0008845259435474,19.755184173583984,0.9888502385877284,0.1678170263767242,19.755184173583984,0.4679991859106411,1.0,19.755184173583984,0.5282133287683867,1.0
Mat2b,0.5742379426956177,0.7534680962562561,0.5353838801383972,9.79911591696566e-05,4.310813903808594,0.5353838801383972,3.517768109358008e-07,5.470804691314697,0.5353838801383972,3.283677142336831e-05,4.577892780303955
Hmmr,0.017073405906558,0.0523452498018741,1.6418981552124023,0.2207395360355402,1.734482765197754,1.6418981552124023,0.0054495442824128,3.160908460617065,1.6418981552124023,0.014148215939478,2.8880012035369877
Nudcd2,0.2305113524198532,0.2987570464611053,0.4255325496196747,0.0067700892898352,3.1570065021514893,0.4255325496196747,0.0179711518398675,2.743896245956421,0.4255325496196747,0.0574365594211231,2.336352825164795
Ccng1,0.1856097728013992,0.2259736657142639,0.313996285200119,0.0442386026909691,2.4882030487060547,0.313996285200119,0.1768528408209077,1.7237080335617063,0.313996285200119,0.2974272012904229,1.4728782176971436
Pttg1,0.2920582890510559,0.5017373561859131,0.9419047832489014,2.5606951522890837e-10,6.691843986511231,0.9419047832489014,1.1587744585632746e-11,7.211210250854492,0.9419047832489014,6.109014859978287e-09,6.246505260467529
Slu7,0.222528800368309,0.3167496025562286,0.5803672075271606,7.647132616163906e-05,4.368246555328369,0.5803672075271606,0.0007816177613125,3.734273910522461,0.5803672075271606,0.0060386694610274,3.174982070922852
Ccnjl,0.0091163692995905,0.0,-23.126609802246094,0.9888502385877284,-0.1647549569606781,-23.126609802246094,0.0147155028241498,-2.818479061126709,-23.126609802246094,0.1246602408738468,-1.975210666656494
Pwwp2a,0.197128340601921,0.1678243428468704,-0.2539641857147217,0.9888502385877284,0.46797576546669,-0.2539641857147217,0.3084070893174317,-1.3730310201644895,-0.2539641857147217,0.4674696658341789,-1.1355773210525513
Ttc1,0.1727655678987503,0.2589101493358612,0.6480094194412231,0.0001451834778689,4.216711044311523,0.6480094194412231,0.0009238980618734,3.6882095336914062,0.6480094194412231,0.0062887943773412,3.1610991954803467
Ublcp1,0.101173922419548,0.1536459773778915,0.6414265036582947,0.0387892704525697,2.539287567138672,0.6414265036582947,0.0177304056403471,2.749811887741089,0.6414265036582947,0.0499405574413015,2.3958590030670166
Rnf145,0.2420934587717056,0.1235353425145149,-1.0587660074234009,0.0489671156280153,-2.446528911590576,-1.0587660074234009,9.883265654415317e-08,-5.701894283294678,-1.0587660074234009,3.644660998870148e-05,-4.558653354644775
Ebf1,0.0010832535335794,0.0118599357083439,3.4604341983795166,0.9728535020078471,0.6052466630935669,3.4604341983795166,0.0457691629968401,2.3795435428619385,3.4604341983795166,0.0610545508701623,2.312005519866944
Clint1,0.5778458714485168,0.7645508646965027,0.5535592436790466,1.1667797214232527e-05,4.7894697189331055,0.5535592436790466,3.02365400688832e-07,5.50047779083252,0.5535592436790466,2.6821626542341957e-05,4.623901844024658
Lsm11,0.0622662305831909,0.1113934367895126,0.8750931024551392,0.0108550152679134,3.002931594848633,0.8750931024551392,0.0047664223407769,3.2016055583953857,0.8750931024551392,0.0182060489406718,2.796026945114136
Thg1l,0.0408624075353145,0.1075579226016998,1.444973111152649,0.0082618746121602,3.093225717544556,1.444973111152649,4.312603874336732e-05,4.474704742431641,1.444973111152649,0.0002627945694024,4.075729846954346
Sox30,0.0,0.0,0.0,0.9888502385877284,0.1005259156227111,0.0,1.0,0.0,0.0,1.0,0.0
Gm12166,0.0057456637732684,0.0177694093436002,1.6375404596328735,0.868163768046772,0.7380364537239075,1.6375404596328735,0.0989710779563556,2.0313615798950195,1.6375404596328735,0.1556338398875544,1.8575087785720823
Adam19,0.0911247506737709,0.5014325976371765,2.7706990242004395,8.858897934931862e-38,13.129610061645508,2.7706990242004395,1.1824981801563432e-43,15.39152717590332,2.7706990242004395,1.2209334257158454e-39,14.366769790649414
Nipal4,0.0,0.0,0.0,0.9888502385877284,0.1005259156227111,0.0,1.0,0.0,0.0,1.0,0.0
Cyfip2,0.4114101529121399,0.531765878200531,0.4638304710388183,0.0006985808983203,3.8182668685913086,0.4638304710388183,0.0006403307596876,3.789061784744263,0.4638304710388183,0.0050681409682558,3.231528282165528
Fndc9,0.0,0.0,0.0,0.9888502385877284,0.1005259156227111,0.0,1.0,0.0,0.0,1.0,0.0
Itk,0.815837025642395,0.6415219306945801,-0.4876599311828613,3.952766866214914e-07,-5.461036682128906,-0.4876599311828613,2.435491020109925e-06,-5.08701229095459,-0.4876599311828613,0.0001496640768289,-4.216443538665772
Fam71b,0.0223235748708248,0.1207455098628997,2.5071723461151123,0.0001521752595478,4.205358982086182,2.5071723461151123,2.7788360546803596e-10,6.766979217529297,2.5071723461151123,3.1173680974586e-09,6.384410381317139
Med7,0.0538593865931034,0.0847504436969757,0.6765637397766113,0.0928001338650619,2.169895887374878,0.6765637397766113,0.0587427417783701,2.2683417797088623,0.6765637397766113,0.1283471168803638,1.9565235376358032
Havcr2,0.0082387709990143,0.6329440474510193,6.738132476806641,4.432040639605466e-66,17.413612365722656,6.738132476806641,3.31562379807042e-69,21.47089385986328,6.738132476806641,6.453044561114809e-69,21.35210418701172
Timd4,0.0,0.0,0.0,0.9888502385877284,0.1005259156227111,0.0,1.0,0.0,0.0,1.0,0.0
Rack1,3.6250479221344,3.255146026611328,-0.5514435172080994,6.444527682005373e-91,-20.449031829833984,-0.5514435172080994,1.2786080998912667e-92,-23.440723419189453,-0.5514435172080994,2.1583436182543065e-73,-20.27809333801269
Trim41,0.0655307471752166,0.086597241461277,0.4175382852554321,0.2758835516261381,1.607369065284729,0.4175382852554321,0.2828634092180429,1.4441875219345093,0.4175382852554321,0.4063730388892158,1.2470192909240725
Gm12184,0.0065857418812811,0.0184315405786037,1.4933215379714966,0.9452671725632862,0.6384814381599426,1.4933215379714966,0.1523941643240913,1.809197306632996,1.4933215379714966,0.2169087219151066,1.6694480180740356
Trim7,0.0,0.0042343130335211,22.016752243041992,0.9888502385877284,0.3023992776870727,22.016752243041992,0.1750730072300931,1.7342318296432495,22.016752243041992,0.1952850333705609,1.7342318296432495
Irgm1,0.3835392296314239,0.4361072778701782,0.2258115410804748,0.0305980175630354,2.631000518798828,0.2258115410804748,0.1840486715079027,1.6976268291473389,0.2258115410804748,0.3181399102780103,1.4279531240463257
Gm5431,0.0039552501402795,0.001990879420191,-0.9917804598808287,0.9888502385877284,0.0351766012609005,-0.9917804598808287,0.6601591115358737,-0.7001264691352844,-0.9917804598808287,0.7731190918336368,-0.5689197182655334
Gm12185,0.0903258621692657,0.0143485534936189,-2.70951771736145,0.1750369870480124,-1.8607749938964844,-2.70951771736145,1.6236031796859982e-10,-6.777810096740723,-2.70951771736145,5.326280258612713e-06,-4.997818946838379
Psme2b,0.1445387452840805,0.1372546404600143,-0.0799791142344474,0.8359600067442325,0.7769473195075989,-0.0799791142344474,0.8845800714622156,-0.3815344274044037,-0.0799791142344474,0.9426676146846852,-0.3194916844367981
9930111J21Rik1,0.017330938950181,0.0391433760523796,1.1912267208099363,0.5179524203571615,1.1922701597213743,1.1912267208099363,0.0456329531827128,2.3783438205718994,1.1912267208099363,0.0901670484811991,2.131188154220581
Olfr56,0.0035008094273507,0.0121743977069854,1.8043544292449951,0.9888502385877284,0.5375820994377136,1.8043544292449951,0.1617477503221199,1.777656316757202,1.8043544292449951,0.2280910058700812,1.6381256580352783
Tgtp1,0.0867651849985122,0.0100255813449621,-3.1692328453063965,0.1473893726805236,-1.9476335048675537,-3.1692328453063965,1.4821613741362954e-11,-7.146215438842773,-3.1692328453063965,2.017381089212545e-06,-5.204328536987305
9930111J21Rik2,0.6256474256515503,0.6137245297431946,-0.0372419692575931,0.9888502385877284,0.2180799841880798,-0.0372419692575931,0.9129547176799374,-0.3401700258255005,-0.0372419692575931,0.9645956597738932,-0.2852714359760284
Tgtp2,0.0941894352436065,0.0635102093219757,-0.5909979343414307,0.9888502385877284,-0.1129236072301864,-0.5909979343414307,0.0851096578575506,-2.099594593048096,-0.5909979343414307,0.2066295861985873,-1.697223663330078
Ifi47,0.942495822906494,1.0653384923934937,0.2799484431743622,0.0806096406407331,2.2324819564819336,0.2799484431743622,0.0051880696249321,3.1730380058288574,0.2799484431743622,0.025253941423791,2.6740317344665527
Btnl9,0.0,0.0,0.0,0.9888502385877284,0.1005259156227111,0.0,1.0,0.0,0.0,1.0,0.0
Zfp62,0.1931616067886352,0.1365005671977996,-0.5428959727287292,0.9076430727217168,-0.6876988410949707,-0.5428959727287292,0.0173204181477676,-2.7572240829467773,-0.5428959727287292,0.0677858560499105,-2.2619762420654297
Mgat1,0.1089841276407241,0.1621430963277816,0.6123616099357605,0.0216995662838221,2.7586371898651123,0.6123616099357605,0.016715616929564,2.7724809646606445,0.6123616099357605,0.0487455003176354,2.406209945678711
Olfr1393,0.0,0.0,0.0,0.9888502385877284,0.1005259156227111,0.0,1.0,0.0,0.0,1.0,0.0
Olfr1392,0.0,0.0,0.0,0.9888502385877284,0.1005259156227111,0.0,1.0,0.0,0.0,1.0,0.0
Olfr1388,0.0,0.0,0.0,0.9888502385877284,0.1005259156227111,0.0,1.0,0.0,0.0,1.0,0.0
Olfr1385,0.0,0.0,0.0,0.9888502385877284,0.1005259156227111,0.0,1.0,0.0,0.0,1.0,0.0
Scgb3a1,0.0,0.0014417101629078,20.460390090942383,0.9888502385877284,0.1678170263767242,20.460390090942383,0.4679991859106411,1.0,20.460390090942383,0.5282133287683867,1.0
Cnot6,0.2722300887107849,0.3559379577636719,0.4503372013568878,0.0014632965845862,3.61594557762146,0.4503372013568878,0.005660257091347,3.144354343414306,0.4503372013568878,0.0250765941715092,2.676875591278076
Gfpt2,0.0,0.0,0.0,0.9888502385877284,0.1005259156227111,0.0,1.0,0.0,0.0,1.0,0.0
Mapk9,0.0995304435491561,0.1405651420354843,0.5282214879989624,0.0218312826152448,2.7564713954925537,0.5282214879989624,0.0519865173631087,2.3216912746429443,0.5282214879989624,0.1209997474843541,1.9885073900222776
Rasgef1c,0.0,0.0143717462196946,23.787111282348636,0.838242944553846,0.7734370827674866,23.787111282348636,0.0100296250584668,2.9617457389831543,23.787111282348636,0.0116999752182415,2.9617457389831543
Rnf130,0.1315500736236572,0.0221998393535614,-2.646880865097046,0.0299824898567986,-2.638319730758667,-2.646880865097046,1.5706319784500884e-15,-8.39621353149414,-2.646880865097046,1.1088070769280796e-08,-6.18671178817749
Tbc1d9b,0.0903234183788299,0.107815608382225,0.26822030544281,0.1837645872032203,1.834261775016785,0.26822030544281,0.4559364485939892,1.0924808979034424,0.26822030544281,0.5696558364191097,0.9219141006469728
Mrnip,0.0176456365734338,0.0308597367256879,0.8159846663475037,0.587082966114928,1.0946569442749023,0.8159846663475037,0.2003967088271655,1.6484568119049072,0.8159846663475037,0.3127264774169768,1.4384427070617676
Sqstm1,0.1760322153568267,0.320318192243576,0.9720468521118164,3.267912991462041e-07,5.496960163116455,0.9720468521118164,1.281231161547334e-07,5.673470973968506,0.9720468521118164,5.3095965446074125e-06,4.976247310638428
Mgat4b,0.0125102596357464,0.0371086783707141,1.5864620208740234,0.3484161655440366,1.46696138381958,1.5864620208740234,0.0110956048097313,2.9210894107818604,1.5864620208740234,0.0262425227310135,2.6590816974639893
Ltc4s,0.0,0.0,0.0,0.9888502385877284,0.1005259156227111,0.0,1.0,0.0,0.0,1.0,0.0
Maml1,0.0741243883967399,0.0654987022280693,-0.1847762614488601,0.9888502385877284,0.5100980401039124,-0.1847762614488601,0.7206157497174375,-0.6144760847091675,-0.1847762614488601,0.8122561775732516,-0.512751579284668
Canx,0.4808275997638702,0.7009150385856628,0.7180206179618835,1.7362839997825236e-08,6.01549768447876,0.7180206179618835,4.726922863145884e-10,6.626722812652588,0.7180206179618835,2.126829813514265e-07,5.61539363861084
Cby3,0.0,0.0,0.0,0.9888502385877284,0.1005259156227111,0.0,1.0,0.0,0.0,1.0,0.0
Hnrnph1,0.7438368201255798,0.5880974531173706,-0.4636500775814056,6.28733662372564e-05,-4.415148735046387,-0.4636500775814056,2.4443697526159692e-05,-4.5902204513549805,-0.4636500775814056,0.0008060001578251,-3.7761459350585938
Rufy1,0.0535324588418006,0.0612020790576934,0.1987520903348922,0.5644591498172236,1.125651240348816,0.1987520903348922,0.7212248514091633,0.6134988069534302,0.1987520903348922,0.8091519912278364,0.518556535243988
Zfp354c,0.0295873060822486,0.0064068003557622,-2.224073648452759,0.9888502385877284,-0.5000903010368347,-2.224073648452759,0.0016774461062671,-3.513622999191284,-2.224073648452759,0.0286255288174142,-2.628504037857056
Zfp879,0.0011317688040435,0.0,-20.11096572875977,0.9888502385877284,0.0673658028244972,-20.11096572875977,0.4679991859106411,-1.0,-20.11096572875977,0.6832027011037286,-0.7008072733879089
Grm6,0.005988638382405,0.001672193291597,-1.84360146522522,0.9994412017932364,0.001643068389967,-1.84360146522522,0.3153878834992636,-1.356823444366455,-1.84360146522522,0.5282133287683867,-1.0257068872451782
Zfp2,0.0089149288833141,0.0,-23.094226837158203,0.9888502385877284,-0.1647549569606781,-23.094226837158203,0.0144990166051425,-2.82407546043396,-23.094226837158203,0.1237648842220279,-1.9791326522827148
BC049762,0.0014055266510695,0.0050396788865327,1.8448431491851809,0.9888502385877284,0.3362315595149994,1.8448431491851809,0.3893024483266246,1.208592176437378,1.8448431491851809,0.4941154333057589,1.0913574695587158
Clk4,0.2796913981437683,0.2484681606292724,-0.1942877173423767,0.9888502385877284,0.3828349411487579,-0.1942877173423767,0.3627037065488496,-1.2598116397857666,-0.1942877173423767,0.5256452841722742,-1.0411280393600464
Col23a1,0.0304764732718467,0.0057229143567383,-2.43078351020813,0.9888502385877284,-0.533399760723114,-2.43078351020813,0.0006532725526705,-3.779516935348511,-2.43078351020813,0.0183823647167752,-2.796586513519287
Phykpl,0.1100604012608528,0.0836552679538726,-0.4151219129562378,0.9888502385877284,-0.1212883219122886,-0.4151219129562378,0.2050819493301789,-1.6344151496887207,-0.4151219129562378,0.3496118352913259,-1.355151891708374
Hnrnpab,0.769184947013855,1.0064973831176758,0.5841242074966431,9.39227512182287e-07,5.297103404998779,0.5841242074966431,1.8751169865153713e-08,6.015011787414551,0.5841242074966431,2.1389375729582364e-06,5.163577556610107
Nhp2,0.5089970827102661,0.6696149706840515,0.522848904132843,0.0001149955976149,4.272724628448486,0.522848904132843,1.3426564767605092e-05,4.728255748748779,0.522848904132843,0.0003049692102673,4.035284042358398
Rmnd5b,0.1780833303928375,0.2097020149230957,0.259332925081253,0.0944209216423589,2.1623528003692627,0.259332925081253,0.2961565500252031,1.4030036926269531,0.259332925081253,0.4324866133660177,1.1948468685150146
N4bp3,0.0275718495249748,0.0414383485913276,0.5978307127952576,0.4253994143068368,1.3354412317276,0.5978307127952576,0.2722970103907194,1.467642903327942,0.5978307127952576,0.4035244262552347,1.251942157745361
D930048N14Rik,0.0029811246786266,0.0108880456537008,1.8745263814926147,0.9888502385877284,0.5714890956878662,1.8745263814926147,0.1715734749986716,1.7456541061401367,1.8745263814926147,0.2334000320439711,1.6255384683609009
0610009B22Rik,0.0457873418927192,0.1222764700651168,1.473073959350586,0.00048385714363,3.914685249328613,1.473073959350586,1.8537461070088437e-06,5.159868717193604,1.473073959350586,2.450455465587396e-05,4.646026134490967
Sec24a,0.1226387917995452,0.2018678933382034,0.7776927351951599,0.0009766075787177,3.72722601890564,0.7776927351951599,0.0007950782888569,3.7318577766418457,0.7776927351951599,0.004627343841799,3.2605140209198
Sar1b,0.2413185983896255,0.5634490251541138,1.471248984336853,5.213810718837424e-22,9.96267032623291,1.471248984336853,3.2378386119315404e-26,11.302374839782717,1.471248984336853,6.660994683863282e-21,9.972270011901855
Jade2,0.1789080798625946,0.1050058230757713,-0.823319137096405,0.6879306637796028,-0.960821568965912,-0.823319137096405,0.0002952610668383,-3.990125894546509,-0.823319137096405,0.0056283534625474,-3.1995067596435547
Cdkn2aipnl,0.1555741876363754,0.3075369298458099,1.0970011949539185,1.0468415723907249e-08,6.100489139556885,1.0970011949539185,1.900046682957664e-09,6.41397762298584,1.0970011949539185,2.0395670944977066e-07,5.623416900634766
Ube2b,0.6996025443077087,1.0100206136703491,0.7852041125297546,1.7297730356753585e-11,7.089168071746826,0.7852041125297546,2.1535944525888592e-16,8.679910659790039,0.7852041125297546,6.8022713734936656e-12,7.327836513519287
Cdkl3,0.015526813454926,0.033537495881319,1.1240582466125488,0.5374832648563216,1.164263367652893,1.1240582466125488,0.0779576810833299,2.141878366470337,1.1240582466125488,0.1396097636241831,1.9127895832061768
Ppp2ca,0.6596485376358032,0.8874762654304504,0.6133294701576233,7.723935550545969e-07,5.33452033996582,0.6133294701576233,2.1061440498732564e-10,6.751866817474365,0.6133294701576233,1.4477205229811676e-07,5.688055038452148
Skp1a,0.4710680544376373,0.2919289469718933,-0.8277350068092346,0.0003225783983842,-4.017601013183594,-0.8277350068092346,1.0746700009535812e-09,-6.479439735412598,-0.8277350068092346,1.6595322348778535e-06,-5.221086502075195
Tcf7,1.5597307682037354,0.0341740101575851,-6.75602388381958,1.1127894547574096e-152,-26.539737701416016,-6.75602388381958,0.0,-61.34547424316406,-6.75602388381958,6.233860403423512e-171,-44.19178009033203
Vdac1,0.3146976828575134,0.4752310812473297,0.7180654406547546,6.957304095933127e-07,5.354162693023682,0.7180654406547546,1.0639056797303053e-07,5.700464725494385,0.7180654406547546,9.216889150962575e-06,4.85893440246582
9530068E07Rik,0.1443109959363937,0.2125005275011062,0.6089352965354919,0.001006524056578,3.719085454940796,0.6089352965354919,0.0051805098632906,3.174708843231201,0.6089352965354919,0.0211846716546692,2.74075984954834
Hspa4,0.4715994894504547,0.5398538112640381,0.2483738362789154,0.1403267715157215,1.972877025604248,0.2483738362789154,0.0883560352293098,2.082926750183105,0.2483738362789154,0.1841538462320923,1.7664527893066406
Zcchc10,0.1430983543395996,0.1299561560153961,-0.1486777514219284,0.6908187230670231,0.9567885994911194,-0.1486777514219284,0.6631195230067477,-0.6956718564033508,-0.1486777514219284,0.765329860170768,-0.580354630947113
Aff4,0.2454824149608612,0.1820970177650451,-0.4782634079456329,0.9884891458361952,-0.5862767100334167,-0.4782634079456329,0.0160147562957408,-2.7861979007720947,-0.4782634079456329,0.0650134669469684,-2.282282590866089
Uqcrq,0.8801254034042358,1.3874645233154297,1.0902884006500244,9.337817159717772e-36,12.767910957336426,1.0902884006500244,4.0286094239841576e-42,14.502306938171388,1.0902884006500244,2.4357040380818658e-29,12.024140357971191
Gdf9,0.0,0.0014810832217335,20.499290466308597,0.9888502385877284,0.1678170263767242,20.499290466308597,0.4679991859106411,1.0,20.499290466308597,0.5282133287683867,1.0
Sept8,0.0011195723200216,0.0034698829986155,1.6336344480514526,0.9888502385877284,0.2690151035785675,1.6336344480514526,0.492504932418995,0.9591333866119384,1.6336344480514526,0.6039577510453247,0.8696846961975098
Kif3a,0.0166700892150402,0.0060990862548351,-1.4582363367080688,0.9888502385877284,-0.0981359928846359,-1.4582363367080688,0.1265519089029645,-1.9059460163116453,-1.4582363367080688,0.3070117395330631,-1.4523206949234009
Il13,0.0,0.0,0.0,0.9888502385877284,0.1005259156227111,0.0,1.0,0.0,0.0,1.0,0.0
Rad50,0.3139401078224182,0.3293029963970184,0.0806014463305473,0.269095379593267,1.623500943183899,0.0806014463305473,0.779556787967685,0.5309322476387024,0.0806014463305473,0.856630427575373,0.4481808543205261
Il5,0.0,0.0017495333449915,20.73980140686035,0.9888502385877284,0.1678170263767242,20.73980140686035,0.4679991859106411,1.0,20.73980140686035,0.5282133287683867,1.0
Irf1,0.7573161125183105,0.6966124176979065,-0.1695869117975235,0.3844090129865383,-1.4022841453552246,-0.1695869117975235,0.225162832703159,-1.5811928510665894,-0.1695869117975235,0.3649114938980177,-1.323481559753418
Gm12216,0.3604063093662262,0.3059965968132019,-0.2775324583053589,0.9006912307990756,-0.6966609954833984,-0.2775324583053589,0.1269407693141201,-1.9045037031173704,-0.2775324583053589,0.2493949901095031,-1.5860984325408936
Slc22a5,0.0106079708784818,0.0044166548177599,-1.2685941457748413,0.9888502385877284,0.0685607641935348,-1.2685941457748413,0.2730545412402373,-1.4654016494750977,-1.2685941457748413,0.4802531983145439,-1.1148247718811035
Slc22a21,0.0,0.0,0.0,0.9888502385877284,0.1005259156227111,0.0,1.0,0.0,0.0,1.0,0.0
Pdlim4,0.0169349741190671,0.0,-24.02573585510254,0.9888502385877284,-0.3637155890464782,-24.02573585510254,0.0010890618022976,-3.640930414199829,-24.02573585510254,0.0349820253877361,-2.5515904426574707
P4ha2,0.0,0.0,0.0,0.9888502385877284,0.1005259156227111,0.0,1.0,0.0,0.0,1.0,0.0
Csf2,0.0009037580457516,0.0120777823030948,3.748342752456665,0.9888502385877284,0.5383289456367493,3.748342752456665,0.074760921742829,2.162703275680542,3.748342752456665,0.0910287843037519,2.129216194152832
Acsl6,0.0,0.0,0.0,0.9888502385877284,0.1005259156227111,0.0,1.0,0.0,0.0,1.0,0.0
Fnip1,0.13204026222229,0.0966350138187408,-0.4763860404491424,0.9888502385877284,0.195375770330429,-0.4763860404491424,0.0833205012101574,-2.109480381011963,-0.4763860404491424,0.2016516958940608,-1.7127658128738403
Rapgef6,1.4633716344833374,0.5982498526573181,-2.0195846557617188,1.512574347557863e-89,-20.293088912963867,-2.0195846557617188,8.62163462999643e-111,-25.365291595458984,-2.0195846557617188,2.2050113121029635e-75,-20.793102264404297
Cdc42se2,0.5626415014266968,0.4424250721931457,-0.4407329857349396,0.0084043841560244,-3.0875496864318848,-0.4407329857349396,0.0006550033024074,-3.780452251434326,-0.4407329857349396,0.0067441724035144,-3.139552593231201
Lyrm7,0.0546555519104003,0.0113474689424037,-2.2994093894958496,0.6786272116429034,-0.9750863909721376,-2.2994093894958496,6.969906271574875e-06,-4.862396717071533,-2.2994093894958496,0.0013942849805506,-3.629434823989868
Hint1,1.2968590259552002,1.8529646396636963,1.0170313119888306,2.764413693410793e-48,14.864765167236328,1.0170313119888306,8.67367284291958e-54,16.5771427154541,1.0170313119888306,1.765894534204246e-36,13.591137886047363
Gpx3,0.0021730731241405,0.0018283503595739,-0.2494427561759948,0.9888502385877284,0.1013474464416503,-0.2494427561759948,1.0,-0.1443650424480438,-0.2494427561759948,1.0,-0.1207804977893829
Tnip1,0.2364977449178695,0.1608755439519882,-0.6122363805770874,0.7118620177115185,-0.9288564324378968,-0.6122363805770874,0.0022721464200503,-3.426032304763794,-0.6122363805770874,0.0190272438539023,-2.7810475826263428
Anxa6,0.7657220363616943,1.4121012687683103,1.4320745468139648,3.891855014248744e-52,15.451937675476074,1.4320745468139648,5.764734213783204e-69,19.11526298522949,1.4320745468139648,4.266412057344379e-47,15.709869384765623
Ccdc69,0.1248237639665603,0.1690001934766769,0.4697787165641784,0.0151013230190842,2.8898584842681885,0.4697787165641784,0.0593333345419804,2.2637248039245605,0.4697787165641784,0.1334189603050614,1.93634295463562
Gm2a,0.3996936678886413,0.459498256444931,0.2473838627338409,0.0587847651955084,2.3707237243652344,0.2473838627338409,0.1178323564038142,1.9425063133239744,0.2473838627338409,0.224179781867823,1.649215579032898
Slc36a3,0.0010486356914043,0.0024905982427299,1.249018311500549,0.9888502385877284,0.201798677444458,1.249018311500549,0.6582409222886504,0.7032253742218018,1.249018311500549,0.7357183275549372,0.6237706542015076
Slc36a2,0.0,0.0,0.0,0.9888502385877284,0.1005259156227111,0.0,1.0,0.0,0.0,1.0,0.0
Slc36a1,0.026621738448739,0.074178323149681,1.5129854679107666,0.059683710393424,2.363927364349365,1.5129854679107666,0.0003720427193492,3.940021276473999,1.5129854679107666,0.001671726578599,3.569899797439575
Sparc,0.0,0.0019471662817522,20.894350051879883,0.9888502385877284,0.1678170263767242,20.894350051879883,0.4679991859106411,1.0,20.894350051879883,0.5282133287683867,1.0
Atox1,0.6225439310073853,1.222353458404541,1.4715864658355713,7.849628571957823e-47,14.63645362854004,1.4715864658355713,3.0507853153803924e-60,17.80021858215332,1.4715864658355713,2.6752715982634932e-43,14.927176475524902
G3bp1,0.8367560505867004,0.7332100868225098,-0.2749458849430084,0.0017083308534559,-3.5718812942504883,-0.2749458849430084,0.0108411850546329,-2.925447702407837,-0.2749458849430084,0.0449724921937693,-2.4414279460906982
Glra1,0.0085121989250183,0.0,-23.027244567871094,0.9888502385877284,-0.1647549569606781,-23.027244567871094,0.0142261224337605,-2.830880880355835,-23.027244567871094,0.1226965073762368,-1.983901858329773
Fam114a2,0.2355809509754181,0.2190616726875305,-0.1172529831528663,0.800433903038184,0.8188455700874329,-0.1172529831528663,0.6656837041999704,-0.6922942996025085,-0.1172529831528663,0.7661594027389125,-0.5792151093482971
Mfap3,0.0822708085179328,0.1150020807981491,0.5072062015533447,0.0833849337450874,2.217395544052124,0.5072062015533447,0.0993702786751458,2.0281355381011963,0.5072062015533447,0.191440029694263,1.744454264640808
Galnt10,0.1379506886005401,0.0332309119403362,-2.130171537399292,0.0453955762424974,-2.477149724960327,-2.130171537399292,1.330906611283067e-12,-7.4849534034729,-2.130171537399292,2.1171802320061813e-07,-5.640717506408691
Sap30l,0.2759059965610504,0.4084125459194183,0.6668734550476074,3.4983464069732426e-06,5.036004543304443,0.6668734550476074,8.598823131949794e-06,4.826626300811768,0.6668734550476074,0.000212580064445,4.127287864685059
Larp1,0.4480732977390289,0.4437244236469269,-0.0174404252320528,0.9888502385877284,0.2098646461963653,-0.0174404252320528,1.0,-0.1436125487089157,-0.0174404252320528,1.0,-0.1203353106975555
Gm12248,0.0,0.0,0.0,0.9888502385877284,0.1005259156227111,0.0,1.0,0.0,0.0,1.0,0.0
Cnot8,0.1548365205526352,0.2146369516849517,0.5156169533729553,0.0058414069990721,3.203684568405152,0.5156169533729553,0.0130834712310348,2.859654188156128,0.5156169533729553,0.0442082399857834,2.448575019836426
Gemin5,0.0471364706754684,0.0808628350496292,0.8032207489013672,0.0686994798254973,2.3041794300079346,0.8032207489013672,0.0307940107161259,2.538479804992676,0.8032207489013672,0.0751937213476603,2.2163491249084477
Mrpl22,0.2003440707921981,0.2418760508298874,0.3028502166271209,0.0418620036403996,2.509787082672119,0.3028502166271209,0.1601861672523919,1.7819406986236572,0.3028502166271209,0.2786235588576697,1.5142717361450195
Igtp,0.5348265171051025,0.6833319664001465,0.4714465141296386,0.0001154715021951,4.271529674530029,0.4714465141296386,0.0005538859194748,3.8283779621124263,0.4714465141296386,0.0046144791759692,3.261590003967285
Irgm2,0.1133649200201034,0.1057618632912635,-0.1057395115494728,0.8780970097644643,0.725638747215271,-0.1057395115494728,0.8561819243373852,-0.4223093092441559,-0.1057395115494728,0.9211168482923896,-0.3533399403095245
4930438A08Rik,0.0,0.0,0.0,0.9888502385877284,0.1005259156227111,0.0,1.0,0.0,0.0,1.0,0.0
Zfp692,0.0433713160455226,0.0311773270368576,-0.485094666481018,0.9888502385877284,0.0425704084336757,-0.485094666481018,0.3827030940903601,-1.2206218242645264,-0.485094666481018,0.5282133287683867,-0.999434530735016
Zfp672,0.1171011328697204,0.1986612975597381,0.822936475276947,0.0001538268331722,4.202371597290039,0.822936475276947,0.000213380304408,4.078980922698975,0.822936475276947,0.0018853167269311,3.533461570739746
Sh3bp5l,0.0271416381001472,0.0384757742285728,0.5116629600524902,0.5296219935159665,1.1761382818222046,0.5116629600524902,0.3907380081168057,1.2050879001617432,0.5116629600524902,0.5282133287683867,1.0262582302093506
Gm12253,0.0010898248292505,0.0061514847911894,2.500490665435791,0.9888502385877284,0.2691644728183746,2.500490665435791,0.3149412297442866,1.3588647842407229,2.500490665435791,0.3763507345604741,1.3023375272750854
Olfr328,0.0010798290604725,0.0,-20.04315185546875,0.9888502385877284,0.0673658028244972,-20.04315185546875,0.4679991859106411,-1.0,-20.04315185546875,0.6832027011037286,-0.7008072733879089
Gm12258,0.0192243177443742,0.0287815164774656,0.5891317129135132,0.9747691447600584,0.6013630628585815,0.5891317129135132,0.4541940693377417,1.0955190658569336,0.5891317129135132,0.5436240304983563,0.9625350832939148
2810021J22Rik,0.0273801498115062,0.0270157698541879,-0.0195926111191511,0.9888502385877284,0.3628193736076355,-0.0195926111191511,1.0,-0.0404457449913024,-0.0195926111191511,1.0,-0.0342145077884197
Zfp39,0.0359017141163349,0.0235554985702037,-0.6169387698173523,0.9972897040087362,-0.0171775333583354,-0.6169387698173523,0.3088048732483803,-1.3719743490219116,-0.6169387698173523,0.4818550991345133,-1.111385703086853
Rnf187,0.5679036974906921,0.5497863292694092,-0.0610553510487079,0.8449455980538556,-0.7646989822387695,-0.0610553510487079,0.7567483673862229,-0.5644325017929077,-0.0610553510487079,0.8420044379878504,-0.4704002141952514
H2bu2,0.0854866281151771,0.0575842559337616,-0.5903917551040649,0.9983368957142464,0.015534465201199,-0.5903917551040649,0.1006256114260536,-2.0210494995117188,-0.5903917551040649,0.2261269316343571,-1.643427848815918
H2aw,0.1057774946093559,0.0427996255457401,-1.3513541221618652,0.5698819925157288,-1.1181080341339111,-1.3513541221618652,3.8906093064142e-05,-4.481346130371094,-1.3513541221618652,0.0020435244155828,-3.5137040615081787
Trim11,0.1071996837854385,0.1141853928565979,0.0962095409631729,0.46013454164932,1.281294584274292,0.0962095409631729,0.8715434731238425,0.4007595181465149,0.0962095409631729,0.9308296922813974,0.3378863334655761
Iba57,0.0240860097110271,0.0215436872094869,-0.1627710908651352,0.9888502385877284,0.230178952217102,-0.1627710908651352,0.9409817868431471,-0.3005127310752868,-0.1627710908651352,0.9871577702103326,-0.2515279054641723
Gjc2,0.0022789905779063,0.0,-21.12160873413086,0.9888502385877284,0.0342056974768638,-21.12160873413086,0.2945239034950411,-1.408985257148743,-21.12160873413086,0.530209076476308,-0.987427055835724
Guk1,0.3847373425960541,0.4364190101623535,0.2216645628213882,0.1438984340381389,1.960031270980835,0.2216645628213882,0.1493304885189937,1.8196419477462769,0.2216645628213882,0.2703505388545776,1.5341081619262695
Mrpl55,0.1838636994361877,0.227808728814125,0.3419725298881531,0.0158923270120177,2.87156081199646,0.3419725298881531,0.1047074109622613,2.0019338130950928,0.3419725298881531,0.2076353932550025,1.69408917427063
2310033P09Rik,0.2338755875825882,0.2271201461553573,-0.047345396131277,0.3380058131735904,1.4858566522598269,-0.047345396131277,0.9547327452748012,-0.2807504534721374,-0.047345396131277,0.9986393504209812,-0.2332745194435119
Arf1,0.6780837774276733,1.1750361919403076,1.2061737775802612,2.0205851033287151e-35,12.706669807434082,1.2061737775802612,3.7782181106881683e-44,14.90856647491455,1.2061737775802612,3.072696506431618e-31,12.441659927368164
Wnt9a,0.0,0.001139898202382,20.12129783630371,0.9888502385877284,0.1678170263767242,20.12129783630371,0.4679991859106411,1.0,20.12129783630371,0.5282133287683867,1.0
Snap47,0.0647049471735954,0.0490318834781646,-0.4115687608718872,0.9888502385877284,0.3765614032745361,-0.4115687608718872,0.3450012355583977,-1.2959386110305786,-0.4115687608718872,0.5125268363037209,-1.0619807243347168
Jmjd4,0.0264551155269145,0.0233123898506164,-0.1847261637449264,0.9888502385877284,0.3614003658294678,-0.1847261637449264,0.896597183964036,-0.3642147481441498,-0.1847261637449264,0.9535404842398074,-0.3031840324401855
Zfp867,0.0109222866594791,0.0118174385279417,0.1142891570925712,0.9888502385877284,0.3682713806629181,0.1142891570925712,1.0,0.1640106439590454,0.1142891570925712,1.0,0.1378645300865173
Zkscan17,0.0447531603276729,0.0736097022891044,0.7389271855354309,0.2239191083899531,1.726416826248169,0.7389271855354309,0.0647968658501145,2.224650859832764,0.7389271855354309,0.1315047592077622,1.943503975868225
Nlrp3,0.0,0.0,0.0,0.9888502385877284,0.1005259156227111,0.0,1.0,0.0,0.0,1.0,0.0
Mprip,0.0970755442976951,0.1162657439708709,0.2743354439735412,0.1364416919286961,1.986917853355408,0.2743354439735412,0.4101324209889845,1.1696734428405762,0.2743354439735412,0.5299909986835808,0.990713357925415
Pld6,0.0,0.0017976310336962,20.778963088989254,0.9888502385877284,0.1678170263767242,20.778963088989254,0.4679991859106411,1.0,20.778963088989254,0.5282133287683867,1.0
Flcn,0.052456047385931,0.064584344625473,0.3089094161987304,0.5796102484904053,1.1045900583267212,0.3089094161987304,0.5114963620479418,0.9279632568359376,0.3089094161987304,0.6518757450344498,0.7970812320709229
Cops3,0.2247841209173202,0.2750391662120819,0.3288568258285522,0.016068183075984,2.867826461791992,0.3288568258285522,0.08669678530572,2.091491937637329,0.3288568258285522,0.1819721705326444,1.7730231285095217
Nt5m,0.0569252558052539,0.0986111611127853,0.823141872882843,0.0246822310534906,2.7113616466522217,0.823141872882843,0.0113849994078771,2.909852266311645,0.823141872882843,0.0367911099783465,2.525506019592285
Med9,0.0889857187867164,0.1704554557800293,0.9977869391441344,9.16746937228564e-05,4.326348304748535,0.9977869391441344,3.758518267251039e-05,4.501003742218018,0.9977869391441344,0.0004257441342185,3.948828935623169
Rasd1,0.0096188066527247,0.0094999587163329,-0.0180225260555744,0.9888502385877284,0.4354878067970276,-0.0180225260555744,1.0,-0.0251430738717317,-0.0180225260555744,1.0,-0.0202508755028247
Pemt,0.0110550932586193,0.0075934873893857,-0.5443776845932007,0.9888502385877284,0.1022436693310737,-0.5443776845932007,0.6631195230067477,-0.6956318616867065,-0.5443776845932007,0.7757373601220626,-0.5652918219566345
Rai1,0.216199517250061,0.0735370367765426,-1.6612130403518677,0.0106313940484133,-3.010026693344116,-1.6612130403518677,1.4682908466744477e-13,-7.789379596710205,-1.6612130403518677,2.7807021457943822e-08,-6.005723476409912
Srebf1,0.1146735697984695,0.1072063595056533,-0.102628692984581,0.5024982508873569,1.2148250341415403,-0.102628692984581,0.8431021309128496,-0.4400440454483032,-0.102628692984581,0.9136372338961952,-0.3648993968963623
Tom1l2,0.0362540259957313,0.0158663392066955,-1.2069423198699951,0.9888502385877284,-0.2773798108100891,-1.2069423198699951,0.0353199663884196,-2.4809370040893555,-1.2069423198699951,0.1335495647369108,-1.9365063905715945
Drc3,0.0010399554157629,0.0,-19.988842010498047,0.9888502385877284,0.0673658028244972,-19.988842010498047,0.4679991859106411,-1.0,-19.988842010498047,0.6832027011037286,-0.7008072733879089
Atpaf2,0.0837766155600547,0.1191338971257209,0.5339007377624512,0.0329966207223597,2.603217840194702,0.5339007377624512,0.0709358673915849,2.183668375015259,0.5339007377624512,0.1521471134219581,1.868900775909424
Gid4,0.1890076398849487,0.0783390328288078,-1.3522498607635498,0.0916889029297344,-2.1754226684570312,-1.3522498607635498,3.055088196530291e-09,-6.304000377655029,-1.3522498607635498,7.40986850732385e-06,-4.915349006652832
Drg2,0.1114489659667015,0.1065766885876655,-0.068069614470005,0.4845683545425233,1.2418609857559204,-0.068069614470005,0.9449260112843338,-0.2947792708873749,-0.068069614470005,0.9909251344794338,-0.2454548329114914
Myo15,0.0025468317326158,0.0,-21.2821102142334,0.9888502385877284,0.0342056974768638,-21.2821102142334,0.3008173012790937,-1.3915886878967283,-21.2821102142334,0.5360970394436713,-0.9752354621887208
Alkbh5,0.3152022361755371,0.3483093082904815,0.1692911088466644,0.0978964529011792,2.145249843597412,0.1692911088466644,0.3960898591799995,1.1951602697372437,0.1692911088466644,0.5282133287683867,1.0081497430801392
Llgl1,0.0522626861929893,0.0771877393126487,0.5807639956474304,0.2243011449350401,1.7254458665847778,0.5807639956474304,0.1305505262700055,1.890363693237305,0.5807639956474304,0.2308545451145672,1.6311143636703491
Flii,0.1998684555292129,0.4450612366199493,1.3413091897964478,2.187572132320456e-15,8.272401809692383,1.3413091897964478,1.887019333155677e-17,9.02762508392334,1.3413091897964478,7.482807749673067e-14,7.967449188232422
Mief2,0.0449341721832752,0.0414646454155445,-0.1184518933296203,0.9560260763856954,0.6252622008323669,-0.1184518933296203,0.9272399899152298,-0.3197214305400848,-0.1184518933296203,0.9779807407093112,-0.2652934789657593
Top3a,0.0355356484651565,0.0226083938032388,-0.66177898645401,0.9888502385877284,0.0803609788417816,-0.66177898645401,0.248192172895094,-1.5222159624099731,-0.66177898645401,0.4222074786912222,-1.2193918228149414
Smcr8,0.0410696640610694,0.039680927991867,-0.0506358705461025,0.9888502385877284,0.5312339067459106,-0.0506358705461025,1.0,-0.1305755376815796,-0.0506358705461025,1.0,-0.1095865443348884
Shmt1,0.0290877502411603,0.0619996562600135,1.115769624710083,0.1023063180254237,2.1253836154937744,1.115769624710083,0.0090667139292701,2.989566802978516,1.115769624710083,0.0270992052363406,2.6464827060699463
Dhrs7b,0.0847575068473815,0.1217508092522621,0.5496625900268555,0.0224182367027544,2.7465381622314453,0.5496625900268555,0.0509984642131267,2.3297336101531982,0.5496625900268555,0.1192353477598416,1.9957231283187864
Tmem11,0.1619580686092376,0.1895539313554763,0.2474769204854965,0.0733610500403364,2.275873899459839,0.2474769204854965,0.3297064090974246,1.3270975351333618,0.2474769204854965,0.4741119714452126,1.124023199081421
Natd1,0.0146310692653059,0.0269395634531974,0.8896008133888245,0.6842824401840057,0.9656014442443848,0.8896008133888245,0.2239141166982248,1.5851863622665403,0.8896008133888245,0.3348082712749009,1.385236382484436
Map2k3,0.106672428548336,0.3031857311725616,1.653606414794922,1.1698732446006362e-13,7.769697189331055,1.653606414794922,2.7834313952614543e-16,8.712472915649414,1.653606414794922,1.843587227617466e-13,7.848214626312256
Tnfrsf13b,0.0659742951393127,0.2820014357566833,2.256072759628296,3.5638294235343825e-14,7.923548221588135,2.256072759628296,1.8339723906630481e-19,9.670988082885742,2.256072759628296,3.663946774979095e-17,8.995369911193848
Usp22,0.1095827668905258,0.092079184949398,-0.2639123499393463,0.9888502385877284,0.5776132345199585,-0.2639123499393463,0.4577676987604842,-1.0893067121505735,-0.2639123499393463,0.5849932914596621,-0.8992093801498413
Aldh3a2,0.0578437782824039,0.1168857589364051,1.0580753087997437,0.0087426177393092,3.0747785568237305,1.0580753087997437,0.0006451412432572,3.790571928024292,1.0580753087997437,0.0033036459984461,3.3654379844665527
Mapk7,0.0440711230039596,0.039501242339611,-0.1612551063299179,0.9888502385877284,0.5245869159698486,-0.1612551063299179,0.8497659589984948,-0.4306738972663879,-0.1612551063299179,0.9187603143104832,-0.3564919233322143
B9d1,0.0014510707696899,0.0123466160148382,3.0967936515808105,0.810204621539686,0.8067466020584106,3.0967936515808105,0.0281773460192074,2.5762507915496826,3.0967936515808105,0.0460847195566189,2.4321866035461426
Epn2,0.001123399590142,0.0067003834992647,2.580396890640259,0.9888502385877284,0.2691644728183746,2.580396890640259,0.3031047873830245,1.386869192123413,2.580396890640259,0.3600159054317258,1.3339825868606567
Grap,0.4370182454586029,0.5269937515258789,0.340189516544342,0.0106830571936054,3.008383512496948,0.340189516544342,0.0137891926920552,2.841269016265869,0.340189516544342,0.0493975630579671,2.4007797241210938
Slc5a10,0.0,0.0,0.0,0.9888502385877284,0.1005259156227111,0.0,1.0,0.0,0.0,1.0,0.0
Fam83g,0.0,0.0016584406839683,20.66259384155273,0.9888502385877284,0.1678170263767242,20.66259384155273,0.4679991859106411,1.0,20.66259384155273,0.5282133287683867,1.0
Prpsap2,0.0978736206889152,0.0922552570700645,-0.0894061103463172,0.6613668679303747,0.9954007267951964,-0.0894061103463172,0.9026524381212196,-0.3559182584285736,-0.0894061103463172,0.9580417985262544,-0.2963083684444427
Ulk2,0.0981180220842361,0.0913902148604393,-0.1074082404375076,0.6793429040173893,0.973443329334259,-0.1074082404375076,0.8571576061019508,-0.4209279716014862,-0.1074082404375076,0.9249517804460676,-0.3478802740573883
Akap10,0.0931117460131645,0.0808422788977623,-0.2128318548202514,0.85764433282969,0.7505835294723511,-0.2128318548202514,0.5963258668189829,-0.7952702045440674,-0.2128318548202514,0.7135119723726838,-0.6567884087562561
Specc1,0.001186377950944,0.0429168678820133,5.207120895385742,0.1904343234613151,1.8152918815612795,5.207120895385742,2.355820484890827e-05,4.631330490112305,5.207120895385742,3.4491221958088125e-05,4.590288162231445
Adora2b,0.0,0.0,0.0,0.9888502385877284,0.1005259156227111,0.0,1.0,0.0,0.0,1.0,0.0
Zswim7,0.0373713783919811,0.0465921945869922,0.3248524069786072,0.4964211600192986,1.2242352962493896,0.3248524069786072,0.551589182891719,0.8641729950904846,0.3248524069786072,0.6832027011037286,0.7310539484024048
Ttc19,0.227834865450859,0.2235037982463836,-0.03093090839684,0.6482069215004175,1.0136985778808594,-0.03093090839684,1.0,-0.1862149387598037,-0.03093090839684,1.0,-0.1562143564224243
Ncor1,1.1427576541900637,1.2780282497406006,0.2781959772109985,0.108011697709206,2.0994679927825928,0.2781959772109985,0.0007485303409704,3.743957757949829,0.2781959772109985,0.007952565615499,3.084789037704468
Pigl,0.0327343009412288,0.0373459160327911,0.1934931427240371,0.9888502385877284,0.5741777420043945,0.1934931427240371,0.8264152109682222,0.4642484486103058,0.1934931427240371,0.893097313992471,0.3951157033443451
Cenpv,0.0544177182018756,0.2186856716871261,2.1279003620147705,6.144841587225901e-10,6.555245399475098,2.1279003620147705,1.5891592349907129e-15,8.514714241027832,2.1279003620147705,1.6763000468285505e-13,7.878905773162842
Ubb,2.789842128753662,2.922567129135132,0.2031711786985397,8.936161464386266e-09,6.1271514892578125,0.2031711786985397,1.6501650331272755e-08,6.033176422119141,0.2031711786985397,2.865033025752205e-06,5.105253219604492
Trpv2,0.1225313544273376,0.3259880840778351,1.563911199569702,3.250777926451939e-12,7.325321674346924,1.563911199569702,6.103785225985619e-15,8.308647155761719,1.563911199569702,2.029500291556168e-12,7.510748386383057
Lrrc75a,0.0,0.0019115117611363,20.86766242980957,0.9888502385877284,0.2351081520318985,20.86766242980957,0.3097277710857463,1.3714733123779297,20.86766242980957,0.3421058776204306,1.3714733123779297
Mmgt2,0.063294306397438,0.1386020332574844,1.18603777885437,0.0003440217780719,4.001170158386231,1.18603777885437,2.2002539310257437e-05,4.624804973602295,1.18603777885437,0.0002332396847644,4.103738307952881
Zfp287,0.052525408565998,0.0485881492495536,-0.1152751669287681,0.9888502385877284,0.5682775974273682,-0.1152751669287681,0.9145027739947488,-0.3372876048088074,-0.1152751669287681,0.9678963105984152,-0.2807654738426208
Zfp286,0.0232511479407548,0.0069143222644925,-1.7614563703536987,0.9888502385877284,-0.134283497929573,-1.7614563703536987,0.0220407866401429,-2.6669089794158936,-1.7614563703536987,0.1213839051415399,-1.988396525382996
Gm10428,0.0,0.0,0.0,0.9888502385877284,0.1005259156227111,0.0,1.0,0.0,0.0,1.0,0.0
Trim16,0.0,0.0047881007194519,22.194477081298828,0.9888502385877284,0.3023992776870727,22.194477081298828,0.1986160543881504,1.655085802078247,22.194477081298828,0.2226205145311887,1.655085802078247
Fbxw10,0.0078097670339047,0.0016604822594672,-2.2381160259246826,0.9888502385877284,-0.0648265182971954,-2.2381160259246826,0.1497409062308003,-1.8178038597106931,-2.2381160259246826,0.3472914894696198,-1.360031008720398
Tvp23b,0.1135216504335403,0.1528590470552444,0.4582400023937225,0.0510003494056107,2.4297995567321777,0.4582400023937225,0.0824850838232324,2.114928722381592,0.4582400023937225,0.1679139914576462,1.8165637254714968
Hs3st3b1,0.0384038910269737,0.0451720729470253,0.2390949130058288,0.8949672210382924,0.7037560939788818,0.2390949130058288,0.72147164952565,0.613044023513794,0.2390949130058288,0.8069608968620485,0.5221809148788452
Cox10,0.1446579694747924,0.1282358914613723,-0.185960903763771,0.6787561117616673,0.9745635986328124,-0.185960903763771,0.5352969301255489,-0.8890873193740845,-0.185960903763771,0.6832027011037286,-0.7345268130302429
Elac2,0.0561788044869899,0.0815896242856979,0.5569002628326416,0.1134016819219043,2.076390266418457,0.5569002628326416,0.1336726948712235,1.8780192136764529,0.5569002628326416,0.2392626305205826,1.6102374792099
Arhgap44,0.0,0.0,0.0,0.9888502385877284,0.1005259156227111,0.0,1.0,0.0,0.0,1.0,0.0
Map2k4,0.1245328336954116,0.17149618268013,0.4963628351688385,0.0083493311535696,3.0900142192840576,0.4963628351688385,0.0435627286858747,2.396099090576172,0.4963628351688385,0.1063338809835352,2.052209854125977
Zkscan6,0.09341761469841,0.058810394257307,-0.6929036974906921,0.9888502385877284,-0.259604811668396,-0.6929036974906921,0.0334015658786282,-2.504117250442505,-0.6929036974906921,0.1145563294255501,-2.015839099884033
Tmem220,0.0032424270175397,0.0067392322234809,1.0580343008041382,0.9888502385877284,0.2693138420581817,1.0580343008041382,0.5278393390506031,0.9017658829689026,1.0580343008041382,0.6431566136987128,0.8094697594642639
Adprm,0.0907848998904228,0.1673897206783294,0.9391337633132936,0.0001973766601197,4.141055107116699,0.9391337633132936,0.0001237567034195,4.216803073883057,0.9391337633132936,0.0011282494072649,3.682500123977661
Sco1,0.0271949283778667,0.0218862909823656,-0.3171550035476684,0.9888502385877284,0.5208526849746704,-0.3171550035476684,0.6802855335758415,-0.6713595986366272,-0.3171550035476684,0.7949289308871339,-0.5385574698448181
Myh3,0.0,0.0,0.0,0.9888502385877284,0.1005259156227111,0.0,1.0,0.0,0.0,1.0,0.0
Gas7,0.0028874559793621,0.0161216538399457,2.490689992904663,0.9728535020078471,0.6055454015731812,2.490689992904663,0.0596409445312363,2.264338254928589,2.490689992904663,0.082426543400235,2.1739418506622314
Usp43,0.0,0.0,0.0,0.9888502385877284,0.1005259156227111,0.0,1.0,0.0,0.0,1.0,0.0
Stx8,0.2200876921415329,0.3772622048854828,0.896501362323761,1.8024106196920685e-08,6.009223937988281,0.896501362323761,1.4338180005988849e-08,6.064499855041504,0.896501362323761,1.4688216366518973e-06,5.240280151367188
Ntn1,0.0,0.0,0.0,0.9888502385877284,0.1005259156227111,0.0,1.0,0.0,0.0,1.0,0.0
Pik3r5,0.1709841042757034,0.2358137518167495,0.5121344923973083,0.0073044265393094,3.132734060287476,0.5121344923973083,0.0144567252540099,2.8253560066223145,0.5121344923973083,0.0449724921937693,2.4411990642547607
Pik3r6,0.0015967028448358,0.013809042982757,3.121265411376953,0.8673548860792544,0.7395301461219788,3.121265411376953,0.0275723459017742,2.584763288497925,3.121265411376953,0.0448240818653778,2.444192886352539
Mfsd6l,0.0,0.0,0.0,0.9888502385877284,0.1005259156227111,0.0,1.0,0.0,0.0,1.0,0.0
Myh10,0.0015884396852925,0.0186300855129957,3.564265012741089,0.810204621539686,0.8067466020584106,3.564265012741089,0.0149376967717722,2.81830096244812,3.564265012741089,0.0224300479625609,2.722647428512573
Ndel1,0.1972426325082779,0.2280288636684417,0.2322391122579574,0.0695121287191707,2.298652648925781,0.2322391122579574,0.3179492981844706,1.3518080711364746,0.2322391122579574,0.461444252749727,1.146010398864746
Rpl26,3.841923475265503,3.342334747314453,-0.7413975596427917,9.728352576102697e-135,-24.918476104736328,-0.7413975596427917,1.0749708751998953e-155,-33.27113342285156,-0.7413975596427917,3.168726785477435e-126,-28.69880485534668
Arhgef15,0.0,0.0,0.0,0.9888502385877284,0.1005259156227111,0.0,1.0,0.0,0.0,1.0,0.0
Slc25a35,0.0115864221006631,0.0136593664065003,0.2389539331197738,0.9888502385877284,0.4351143836975097,0.2389539331197738,0.9024344590499344,0.3562399744987488,0.2389539331197738,0.9556368608463974,0.3001247942447662
Rangrf,0.0728707984089851,0.0405922420322895,-0.8676407933235168,0.9888502385877284,-0.1911187320947647,-0.8676407933235168,0.0184223869895262,-2.733288526535034,-0.8676407933235168,0.0828489850435244,-2.170548915863037
Pfas,0.0576804392039775,0.0926662534475326,0.709514856338501,0.0496390181415256,2.4408528804779053,0.709514856338501,0.0320391448656373,2.522082090377808,0.709514856338501,0.081588772080864,2.177100419998169
Ctc1,0.0342892706394195,0.0464739985764026,0.4475152194499969,0.4541610192474286,1.289958119392395,0.4475152194499969,0.3890886701129264,1.2087725400924685,0.4475152194499969,0.5282133287683867,1.0282678604125977
Aurkb,0.0171885639429092,0.0837714374065399,2.3334431648254395,0.0111369187761294,2.99426817893982,2.3334431648254395,1.2212921091652935e-06,5.257508277893066,2.3334431648254395,6.180455125885383e-06,4.9545488357543945
Borcs6,0.0793906301259994,0.1101657003164291,0.4951845407485962,0.0794365589424395,2.239502191543579,0.4951845407485962,0.1149632885718003,1.954728364944458,0.4951845407485962,0.2148855991512736,1.674253225326538
Tmem107,0.0207618586719036,0.0254118219017982,0.294931560754776,0.8781553358415405,0.7254893779754639,0.294931560754776,0.7304298045423767,0.5997845530509949,0.294931560754776,0.814827762068187,0.5090376138687134
Vamp2,0.1758933663368225,0.2560395896434784,0.601558268070221,0.0005431951457015,3.8847365379333496,0.601558268070221,0.0027732523982179,3.368861675262451,0.601558268070221,0.0137525048337393,2.8977012634277344
Per1,0.0740823820233345,0.1083010658621788,0.5729038119316101,0.155400490078897,1.921717882156372,0.5729038119316101,0.0921422198500259,2.063939094543457,0.5729038119316101,0.1733719507059145,1.79932701587677
Hes7,0.0019877576269209,0.0072706136852502,1.874748468399048,0.9888502385877284,0.3030714392662048,1.874748468399048,0.3212751847045017,1.3452008962631226,1.874748468399048,0.3976770031782299,1.263157606124878
Alox8,0.0011955248191952,0.0044096009805798,1.8853226900100708,0.9888502385877284,0.2690151035785675,1.8853226900100708,0.4457581369959776,1.109982967376709,1.8853226900100708,0.5282133287683867,1.023287653923035
Gucy2e,0.0010618424275889,0.0,-20.01890563964844,0.9888502385877284,0.0673658028244972,-20.01890563964844,0.4679991859106411,-1.0,-20.01890563964844,0.6832027011037286,-0.7008072733879089
Cntrob,0.0258489400148391,0.0300754569470882,0.2215445637702942,0.8522842204496397,0.7555873990058899,0.2215445637702942,0.8175517360198123,0.4767214953899383,0.2215445637702942,0.8885555536259815,0.4016449749469757
Trappc1,0.1995346844196319,0.3204605281352997,0.7745122313499451,1.7163738921270922e-06,5.179026126861572,0.7745122313499451,5.646279608863136e-06,4.917817115783691,0.7745122313499451,0.0001332895934812,4.2439374923706055
Kcnab3,0.0011195723200216,0.0,-20.095325469970703,0.9888502385877284,0.0673658028244972,-20.095325469970703,0.4679991859106411,-1.0,-20.095325469970703,0.6832027011037286,-0.7008072733879089
Rnf227,0.0097406469285488,0.0251301229000091,1.3784615993499756,0.7069569573320442,0.9353540539741516,1.3784615993499756,0.0684414643840116,2.200483083724976,1.3784615993499756,0.1208405374464407,1.989357829093933
Chd3,0.9976029396057128,0.2699604034423828,-2.4655585289001465,1.7671403800971077e-59,-16.51373291015625,-2.4655585289001465,8.795351912251232e-94,-22.62641906738281,-2.4655585289001465,9.338565743956068e-58,-17.898265838623047
Cyb5d1,0.0089177237823605,0.0082624135538935,-0.110585480928421,0.9888502385877284,0.235705628991127,-0.110585480928421,1.0,-0.1378368288278579,-0.110585480928421,1.0,-0.1143150106072425
Naa38,0.2727888524532318,0.4990899860858917,1.0452289581298828,2.693946138660292e-12,7.351610660552978,1.0452289581298828,7.0506143369790836e-15,8.244819641113281,1.0452289581298828,2.9870207480084686e-11,7.103845596313477
Tmem88,0.0182737484574317,0.0130624258890748,-0.4881186485290527,0.9888502385877284,0.1676676571369171,-0.4881186485290527,0.5909026865490125,-0.8039132356643677,-0.4881186485290527,0.7163946007174585,-0.6523255109786987
Kdm6b,0.3097616732120514,0.1584819555282592,-1.080219268798828,0.0071618078690076,-3.139455556869507,-1.080219268798828,8.445158456185776e-09,-6.137414455413818,-1.080219268798828,5.787184802377756e-06,-4.961911678314209
Efnb3,0.0010762020247057,0.0046609598211944,2.1172642707824707,0.9888502385877284,0.2690151035785675,2.1172642707824707,0.3741948908839627,1.237627029418945,2.1172642707824707,0.4547157891857498,1.1576017141342163
Wrap53,0.0511999614536762,0.0953814834356308,0.9298259615898132,0.0278209988852437,2.666849374771118,0.9298259615898132,0.0056665786583886,3.1455373764038086,0.9298259615898132,0.0199774292103432,2.7618558406829834
Trp53,0.728442370891571,0.5554187297821045,-0.5293097496032715,4.294631681593429e-06,-4.994927883148193,-0.5293097496032715,1.271799915071757e-06,-5.216518402099609,-0.5293097496032715,0.0001207421181318,-4.270099639892578
Atp1b2,0.0,0.0,0.0,0.9888502385877284,0.1005259156227111,0.0,1.0,0.0,0.0,1.0,0.0
Sat2,0.0,0.0,0.0,0.9888502385877284,0.1005259156227111,0.0,1.0,0.0,0.0,1.0,0.0
Fxr2,0.1110627055168151,0.1442543417215347,0.4016922116279602,0.0576706008912369,2.3787150382995605,0.4016922116279602,0.1397232333505325,1.8541123867034912,0.4016922116279602,0.253148298203226,1.5765379667282104
Sox15,0.0011835942277684,0.0,-20.17559814453125,0.9888502385877284,0.0673658028244972,-20.17559814453125,0.4679991859106411,-1.0,-20.17559814453125,0.6832027011037286,-0.7008072733879089
Mpdu1,0.1422136723995208,0.3759955763816833,1.578566074371338,1.313403515199693e-16,8.609902381896973,1.578566074371338,4.967214703481207e-19,9.483285903930664,1.578566074371338,2.080084732563066e-15,8.446866989135742
Cd68,0.0334341339766979,0.0760566964745521,1.2167798280715942,0.1304028922335514,2.0093979835510254,1.2167798280715942,0.0050291207008612,3.187406539916992,1.2167798280715942,0.0139207063946263,2.8940343856811523
Eif4a1,1.4585918188095093,1.4663689136505127,0.0146031882613897,0.9888502385877284,-0.4437778294086456,0.0146031882613897,1.0,0.2046293020248413,0.0146031882613897,1.0,0.1741961538791656
Senp3,0.1094985008239746,0.1222660392522811,0.1685004234313964,0.1166781094669146,2.0632457733154297,0.1685004234313964,0.6268328225428235,0.7497214078903198,0.1685004234313964,0.7333678706118304,0.627293050289154
Tnfsfm13,0.0,0.0,0.0,0.9888502385877284,0.1005259156227111,0.0,1.0,0.0,0.0,1.0,0.0
Tnfsf12,0.0,0.0040031825192272,21.935604095458984,0.9888502385877284,0.3023992776870727,21.935604095458984,0.1935729826987856,1.670781493186951,21.935604095458984,0.2169399420945525,1.670781493186951
Polr2a,0.4063073694705963,0.4636141657829284,0.2346785217523574,0.077608001586071,2.2502567768096924,0.2346785217523574,0.134574548870042,1.8741250038146973,0.2346785217523574,0.2506554925186207,1.583012342453003
Slc35g3,0.0,0.0,0.0,0.9888502385877284,0.1005259156227111,0.0,1.0,0.0,0.0,1.0,0.0
Zbtb4,0.2015166729688644,0.1008894592523574,-1.0725393295288086,0.0688910453706366,-2.302386999130249,-1.0725393295288086,2.935502691968784e-06,-5.045280933380127,-1.0725393295288086,0.0002657387003832,-4.073278427124023
Chrnb1,0.0028749946504831,0.0079497126862406,1.471006989479065,0.9888502385877284,0.2699113190174103,1.471006989479065,0.431226596815195,1.1348525285720823,1.471006989479065,0.5128403590224223,1.0613791942596436
Spem1,0.0,0.0,0.0,0.9888502385877284,0.1005259156227111,0.0,1.0,0.0,0.0,1.0,0.0
Nlgn2,0.0023014221806079,0.0,-21.13575553894043,0.9888502385877284,0.0342056974768638,-21.13575553894043,0.2945192984251671,-1.4094406366348269,-21.13575553894043,0.530209076476308,-0.9877462983131408
Tmem256,0.2610923051834106,0.470385879278183,1.0094391107559204,4.558879191776229e-11,6.948536396026611,1.0094391107559204,4.093639185501382e-12,7.364769458770752,1.0094391107559204,2.565992034060539e-09,6.393809795379639
Plscr3,0.0842856243252754,0.0200930628925561,-2.1152968406677246,0.4142792312890125,-1.352768063545227,-2.1152968406677246,6.707558132860581e-08,-5.771410465240479,-2.1152968406677246,0.0001051430757709,-4.314712047576904
Tnk1,0.0013286049943417,0.0,-20.342439651489254,0.9888502385877284,0.0673658028244972,-20.342439651489254,0.4679991859106411,-1.0,-20.342439651489254,0.6832027011037286,-0.7008072733879089
Tmem95,0.0011559939011931,0.0,-20.141536712646484,0.9888502385877284,0.0673658028244972,-20.141536712646484,0.4679991859106411,-1.0,-20.141536712646484,0.6832027011037286,-0.7008072733879089
Kctd11,0.0023511017207056,0.0066223605535924,1.4970916509628296,0.9888502385877284,0.3029220700263977,1.4970916509628296,0.4552220091230397,1.0938520431518557,1.4970916509628296,0.5282133287683867,1.0019313097000122
Acap1,0.469315230846405,0.4630314409732818,-0.0243307948112487,0.9888502385877284,0.2196483761072158,-0.0243307948112487,1.0,-0.2038732022047042,-0.0243307948112487,1.0,-0.169659286737442
2810408A11Rik,0.0046626236289739,0.0030430278275161,-0.6168032288551331,0.9888502385877284,0.1018702387809753,-0.6168032288551331,0.7947420430936875,-0.5092934370040894,-0.6168032288551331,0.8848754185589616,-0.4076524972915649
Neurl4,0.0602783747017383,0.0279984138906002,-1.1297515630722046,0.9888502385877284,-0.4485576748847961,-1.1297515630722046,0.0064744257456488,-3.0976545810699463,-1.1297515630722046,0.0462200254585201,-2.43064284324646
Gps2,0.3301621675491333,0.3578420281410217,0.1372571587562561,0.2098293793406108,1.7624895572662354,0.1372571587562561,0.4804408174056176,0.9789711236953736,0.1372571587562561,0.633107911430996,0.8241446614265442
Eif5a,1.530408501625061,1.573961615562439,0.0797193571925163,0.9888502385877284,0.3014283776283264,0.0797193571925163,0.4266219531695081,1.1422139406204224,0.0797193571925163,0.5363146550422526,0.9741323590278624
Ybx2,0.0,0.0,0.0,0.9888502385877284,0.1005259156227111,0.0,1.0,0.0,0.0,1.0,0.0
Cldn7,0.0,0.0,0.0,0.9888502385877284,0.1005259156227111,0.0,1.0,0.0,0.0,1.0,0.0
Elp5,0.0934201329946518,0.1457110047340393,0.6797758340835571,0.0032166983655738,3.386662721633911,0.6797758340835571,0.0074196506951232,3.055375099182129,0.6797758340835571,0.0286608234742944,2.6248059272766118
Ctdnep1,0.2526133358478546,0.272216647863388,0.1225829049944877,0.0684813694012904,2.3058223724365234,0.1225829049944877,0.5930520018234627,0.8005183935165405,0.1225829049944877,0.7060655349604925,0.6671665906906128
Gabarap,0.9281094074249268,1.2805839776992798,0.7645431160926819,9.63371155970539e-17,8.64649772644043,0.7645431160926819,1.7264279219355195e-22,10.29790210723877,0.7645431160926819,6.574018101171474e-16,8.595736503601074
Phf23,0.2103257328271865,0.1725427508354187,-0.3137952387332916,0.9888502385877284,0.2394398748874664,-0.3137952387332916,0.1699682733249513,-1.7495845556259155,-0.3137952387332916,0.310068261572425,-1.4444924592971802
Dvl2,0.0962892919778823,0.0466650165617466,-1.081256628036499,0.8461484023417675,-0.7627571821212769,-1.081256628036499,0.000787603124002,-3.728318929672241,-1.081256628036499,0.0121115218101967,-2.9440505504608154
Acadvl,0.1630217880010604,0.2410748153924942,0.6226142644882202,0.0014678735346809,3.615049362182617,0.6226142644882202,0.0023307255842861,3.421706438064575,0.6226142644882202,0.0113505099641148,2.963533878326416
Dlg4,0.0723813101649284,0.0290375184267759,-1.3492292165756226,0.8300042694224833,-0.7838929891586304,-1.3492292165756226,0.0006549380013463,-3.777907609939575,-1.3492292165756226,0.0123503484417546,-2.9379875659942627
Mgl2,0.0,0.0,0.0,0.9888502385877284,0.1005259156227111,0.0,1.0,0.0,0.0,1.0,0.0
Clec10a,0.0,0.0005289735854603,19.013219833374023,0.9888502385877284,0.1678170263767242,19.013219833374023,0.4679991859106411,1.0,19.013219833374023,0.5282133287683867,1.0
Slc16a11,0.0,0.0037598724011331,21.8449649810791,0.9888502385877284,0.3696903884410858,21.8449649810791,0.1256290601114534,1.9128497838974,21.8449649810791,0.1403126966146258,1.9128497838974
Slc16a13,0.0118004707619547,0.0143197663128376,0.2809846699237823,0.9888502385877284,0.4676770269870758,0.2809846699237823,0.8456075185297662,0.437109500169754,0.2809846699237823,0.9096794514815072,0.3704362213611603
Bcl6b,0.0,0.0,0.0,0.9888502385877284,0.1005259156227111,0.0,1.0,0.0,0.0,1.0,0.0
Gm21988,0.015178651548922,0.0185013562440872,0.2879910767078399,0.9888502385877284,0.5665598511695862,0.2879910767078399,0.8047031506549116,0.4952632188796997,0.2879910767078399,0.8753045229113486,0.4209931492805481
0610010K14Rik,0.1582544147968292,0.2191534489393234,0.5150059461593628,0.0012892532124226,3.651047468185425,0.5150059461593628,0.0131171317097129,2.858630895614624,0.5150059461593628,0.0452420817624997,2.438744306564331
Rnasek,0.0034388301428407,0.001582944416441,-1.1206461191177368,0.9888502385877284,0.0681126564741134,-1.1206461191177368,0.6395672593132944,-0.7304706573486328,-1.1206461191177368,0.7714608726314771,-0.5714626908302307
Alox12,0.0011010892922058,0.0,-20.0712947845459,0.9888502385877284,0.0673658028244972,-20.0712947845459,0.4679991859106411,-1.0,-20.0712947845459,0.6832027011037286,-0.7008072733879089
Alox15,0.0,0.0016604822594672,20.664369583129883,0.9888502385877284,0.1678170263767242,20.664369583129883,0.4679991859106411,1.0,20.664369583129883,0.5282133287683867,1.0
Pelp1,0.1043518632650375,0.0880883112549781,-0.2563537657260895,0.8442305860371955,0.765819251537323,-0.2563537657260895,0.4679991859106411,-1.058069944381714,-0.2563537657260895,0.6048109958817866,-0.8680442571640015
Arrb2,0.3698635697364807,0.473092645406723,0.4348089098930359,0.0017040304454064,3.572628259658813,0.4348089098930359,0.0028266758832479,3.3622641563415527,0.4348089098930359,0.015024326073914,2.8651697635650635
Med11,0.141794815659523,0.190708041191101,0.4638212621212005,0.0073315577532421,3.131389617919922,0.4638212621212005,0.0419651194668124,2.411174058914185,0.4638212621212005,0.1047594803334819,2.0598323345184326
Cxcl16,0.0012579500908032,0.0020219106227159,0.6851953864097595,0.9888502385877284,0.1345822364091873,0.6851953864097595,0.9264278447287642,0.3208174109458923,0.6851953864097595,0.966683036695674,0.2825580537319183
Zmynd15,0.0021542983595281,0.0,-21.040342330932617,0.9888502385877284,0.0342056974768638,-21.040342330932617,0.2942789202292576,-1.4148346185684204,-21.040342330932617,0.5299909986835808,-0.9915263652801514
Tm4sf5,0.0012691701995208,0.0020662199240177,0.703683078289032,0.9888502385877284,0.201798677444458,0.703683078289032,0.8697250473751048,0.4030342400074005,0.703683078289032,0.9311951326472054,0.3374192118644714
Vmo1,0.0,0.0014483135892078,20.46698760986328,0.9888502385877284,0.1678170263767242,20.46698760986328,0.4679991859106411,1.0,20.46698760986328,0.5282133287683867,1.0
Psmb6,0.7082618474960327,1.0356242656707764,0.818163275718689,2.7493436027474506e-15,8.24402141571045,0.818163275718689,1.469640365923213e-19,9.565083503723145,0.818163275718689,2.2669721294253293e-14,8.127665519714355
Gm40193,0.0,0.0015823666471987,20.59479522705078,0.9888502385877284,0.1678170263767242,20.59479522705078,0.4679991859106411,1.0,20.59479522705078,0.5282133287683867,1.0
Pld2,0.007751366123557,0.0167945120483636,1.1220039129257202,0.9222491889420498,0.6699237823486328,1.1220039129257202,0.2309427821788429,1.566023826599121,1.1220039129257202,0.3326273728413901,1.3901751041412354
Mink1,0.117702879011631,0.1834277361631393,0.6886616945266724,0.003700505966681,3.3443164825439453,0.6886616945266724,0.0037447093063864,3.277190685272217,0.6886616945266724,0.0155155911445674,2.853602886199951
Chrne,0.0044288956560194,0.0259030945599079,2.5636348724365234,0.6271173783623958,1.0409585237503052,2.5636348724365234,0.0075336756381643,3.0560405254364014,2.5636348724365234,0.0134635307588867,2.908339500427246
4930544D05Rik,0.0,0.001653233426623,20.658052444458008,0.9888502385877284,0.1678170263767242,20.658052444458008,0.4679991859106411,1.0,20.658052444458008,0.5282133287683867,1.0
Gp1ba,0.0,0.0,0.0,0.9888502385877284,0.1005259156227111,0.0,1.0,0.0,0.0,1.0,0.0
Slc25a11,0.334746778011322,0.4376629292964935,0.4657548666000366,0.0006371107963266,3.8435850143432617,0.4657548666000366,0.0010611398420521,3.64736557006836,0.4657548666000366,0.007919140190013,3.085709810256958
Rnf167,0.5291101336479187,0.2979468405246734,-1.0067193508148191,3.524126793843255e-07,-5.482470989227295,-1.0067193508148191,1.1107848226282613e-13,-7.838111877441406,-1.0067193508148191,3.529196606336252e-09,-6.348598480224609
Pfn1,2.8186697959899902,3.4338808059692383,0.9290352463722228,5.439452303721693e-109,22.401296615600582,0.9290352463722228,2.109172012798686e-131,28.127721786499023,0.9290352463722228,2.823816207545963e-87,22.86708641052246
Eno3,0.0355398990213871,0.0544681586325168,0.6297297477722168,0.3661508275364766,1.4342494010925293,0.6297297477722168,0.2002100028163976,1.649067759513855,0.6297297477722168,0.310135643040401,1.4442306756973269
Spag7,0.228551760315895,0.3587138652801513,0.748792827129364,1.6478542622473885e-06,5.187017440795898,0.748792827129364,2.570896622817852e-06,5.082219123840332,0.748792827129364,7.828618135888459e-05,4.372861385345459
Camta2,0.0709295719861984,0.064350813627243,-0.1452278345823288,0.9706722312372098,0.6090555787086487,-0.1452278345823288,0.8182479109597162,-0.4758511781692505,-0.1452278345823288,0.8921877970313333,-0.3963760137557983
Inca1,0.0022937946487218,0.0035317589063197,0.6235438585281372,0.9888502385877284,0.1686385720968246,0.6235438585281372,0.8648649666548778,0.410400927066803,0.6235438585281372,0.9176031951309284,0.3585456609725952
Kif1c,0.0379888638854026,0.0681240111589431,0.8645167946815491,0.1466143504982176,1.9504715204238887,0.8645167946815491,0.0395131158770695,2.436419486999512,0.8645167946815491,0.0891209377680037,2.1365063190460205
Zfp3,0.0160053726285696,0.0136681422591209,-0.2294293493032455,0.9888502385877284,0.2324941754341125,-0.2294293493032455,0.890821251752557,-0.3717123866081238,-0.2294293493032455,0.9518262747613472,-0.3056790232658386
Scimp,0.0,0.0671817362308502,26.0502986907959,0.0285051439153986,2.657588481903076,26.0502986907959,9.00823945074682e-09,6.211181640625,26.0502986907959,1.1094477410391144e-08,6.211181640625
Rabep1,0.1675082743167877,0.1704624146223068,0.0274120233952999,0.3171456186478252,1.5237219333648682,0.0274120233952999,1.0,0.141991451382637,0.0274120233952999,1.0,0.118942379951477
Nup88,0.1159092783927917,0.1915252953767776,0.7804808616638184,0.0003272324716101,4.013792037963867,0.7804808616638184,0.0005468185754216,3.833582162857056,0.7804808616638184,0.0037535518259823,3.325834035873413
Rpain,0.1025017648935318,0.1234308332204818,0.2834354937076568,0.1338840186004705,1.996104121208191,0.2834354937076568,0.3761539398705003,1.233298659324646,0.2834354937076568,0.5212100351619781,1.0471588373184204
C1qbp,0.6025108695030212,0.499238908290863,-0.352556824684143,0.019218897775437,-2.8041203022003174,-0.352556824684143,0.0052617981474335,-3.167320728302002,-0.352556824684143,0.0287370945802528,-2.62382173538208
Dhx33,0.0250598769634962,0.0341501049697399,0.4531003832817077,0.7986461560967161,0.8212354779243469,0.4531003832817077,0.4752189174678932,0.9869372844696044,0.4531003832817077,0.6167077203098902,0.8491296768188477
Derl2,0.1851104944944381,0.3796528875827789,1.1832218170166016,4.727485468229895e-12,7.272295475006103,1.1832218170166016,4.4880829118049283e-13,7.688419818878174,1.1832218170166016,3.3524755059515004e-10,6.728532791137695
Mis12,0.0771915838122367,0.08772012591362,0.1921632587909698,0.1743404407758566,1.862716794013977,0.1921632587909698,0.6359743030768585,0.736011266708374,0.1921632587909698,0.7414066443049593,0.6157261729240417
6330403K07Rik,0.0043048770166933,0.0290397014468908,2.77187442779541,0.5304577803572114,1.1746445894241333,2.77187442779541,0.0022929554684877,3.434537172317505,2.77187442779541,0.0043398506614684,3.286060571670532
Nlrp1a,0.0,0.0,0.0,0.9888502385877284,0.1005259156227111,0.0,1.0,0.0,0.0,1.0,0.0
Nlrp1b,0.0026850225403904,0.0,-21.35844039916992,0.9888502385877284,0.0342056974768638,-21.35844039916992,0.301945154124291,-1.3888758420944214,-21.35844039916992,0.5369785032803912,-0.9733343124389648
Wscd1,0.0,0.0,0.0,0.9888502385877284,0.1005259156227111,0.0,1.0,0.0,0.0,1.0,0.0
Aipl1,0.0,0.001041647978127,19.99118995666504,0.9888502385877284,0.1678170263767242,19.99118995666504,0.4679991859106411,1.0,19.99118995666504,0.5282133287683867,1.0
Pimreg,0.0037302162963896,0.0081513551995158,1.1309728622436523,0.9888502385877284,0.3363809287548065,1.1309728622436523,0.4679991859106411,1.0245530605316162,1.1309728622436523,0.5774373348568241,0.910247802734375
4933427D14Rik,0.0050117457285523,0.0013476288877427,-1.897533655166626,0.9888502385877284,0.0348778627812862,-1.897533655166626,0.3493298237435627,-1.2864859104156494,-1.897533655166626,0.5470133918577619,-0.957785665988922
Gm43951,0.0010839411988854,0.0014767657266929,0.4464375972747803,0.9888502385877284,0.1345822364091873,0.4464375972747803,1.0,0.2144385278224945,0.4464375972747803,1.0,0.1836926937103271
Txndc17,0.5353364944458008,0.9900844097137452,1.2564023733139038,1.6271855073485667e-30,11.775796890258787,1.2564023733139038,1.258221809107387e-41,14.423539161682127,1.2564023733139038,2.39579922680572e-29,12.020537376403809
Med31,0.1076458171010017,0.1161909103393554,0.1164839342236518,0.2141689090549894,1.751212239265442,0.1164839342236518,0.7957806114806742,0.5080251097679138,0.1164839342236518,0.8725399732148168,0.4250688552856445
4930563E22Rik,0.0080588422715663,0.0079244608059525,-0.0243567712604999,0.9888502385877284,0.2022467851638794,-0.0243567712604999,1.0,-0.0286787021905183,-0.0243567712604999,1.0,-0.0238983538001775
Slc13a5,0.0,0.0,0.0,0.9888502385877284,0.1005259156227111,0.0,1.0,0.0,0.0,1.0,0.0
Xaf1,0.2609094679355621,0.6807240843772888,1.7100117206573486,8.05812775712621e-31,11.836365699768066,1.7100117206573486,1.1041645563876164e-33,13.018303871154783,1.7100117206573486,2.3678279801768228e-27,11.557889938354492
Fbxo39,0.0,0.0,0.0,0.9888502385877284,0.1005259156227111,0.0,1.0,0.0,0.0,1.0,0.0
Smtnl2,0.0,0.0,0.0,0.9888502385877284,0.1005259156227111,0.0,1.0,0.0,0.0,1.0,0.0
Mybbp1a,0.3748281598091125,0.2095675617456436,-0.9638208150863647,0.0010553947290351,-3.706388950347901,-0.9638208150863647,8.05584994127202e-10,-6.527015209197998,-0.9638208150863647,1.357140249606663e-06,-5.262407302856445
Spns2,0.0005408413126133,0.0,-19.045238494873047,0.9888502385877284,0.0673658028244972,-19.045238494873047,0.4679991859106411,-1.0,-19.045238494873047,0.6832027011037286,-0.7008072733879089
Spns3,0.0054998788982629,0.0,-22.39493751525879,0.9888502385877284,-0.0321145206689834,-22.39493751525879,0.1100058407461823,-1.976817607879639,-22.39493751525879,0.3352107316551149,-1.3853681087493896
Ube2g1,0.1784268468618393,0.3124251663684845,0.9087866544723512,3.1005032037705936e-07,5.506743907928467,0.9087866544723512,2.3104004306325042e-07,5.560751438140869,0.9087866544723512,9.780190262038917e-06,4.845939159393311
Ankfy1,0.1257576495409011,0.2064261883497238,0.7747801542282104,0.0009524155235455,3.734246492385864,0.7747801542282104,0.0005828262016776,3.8165810108184814,0.7747801542282104,0.0037130254664034,3.3294870853424072
Cyb5d2,0.0474189929664135,0.0306620839983224,-0.6411753296852112,0.9888502385877284,0.0580301880836486,-0.6411753296852112,0.1896645466901853,-1.6799063682556152,-0.6411753296852112,0.3503589029006111,-1.353219747543335
Zzef1,0.2881825566291809,0.2272084802389145,-0.3888365924358368,0.9687289767755282,-0.6109973788261414,-0.3888365924358368,0.0362398339737076,-2.470580816268921,-0.3888365924358368,0.1099586702770386,-2.036782503128052
Atp2a3,0.2023932188749313,0.3031606674194336,0.6586686372756958,0.0003227631694134,4.0173020362854,0.6586686372756958,0.0003242716155457,3.9710261821746826,0.6586686372756958,0.0026088657787823,3.436499834060669
P2rx1,0.0,0.0,0.0,0.9888502385877284,0.1005259156227111,0.0,1.0,0.0,0.0,1.0,0.0
Camkk1,0.0052400128915905,0.0039859246462583,-0.3955609798431396,0.9888502385877284,0.0690088719129562,-0.3955609798431396,0.9116755333050902,-0.3418698608875274,-0.3955609798431396,0.9638433800836704,-0.2865818440914154
Ncbp3,0.2543111443519592,0.2517076134681701,-0.0168032143265008,0.3471928626573327,1.4689778089523315,-0.0168032143265008,1.0,-0.1054124161601066,-0.0168032143265008,1.0,-0.0873304009437561
Itgae,0.2542017102241516,0.0260105766355991,-3.4572501182556152,2.1299729729348106e-07,-5.57620096206665,-3.4572501182556152,5.858198162811387e-33,-12.636013984680176,-3.4572501182556152,1.731364948398719e-17,-9.19426441192627
Haspin,0.0184800513088703,0.115872748196125,2.719541072845459,3.5205601824067854e-05,4.54749059677124,2.719541072845459,2.5425485106758532e-11,7.152495384216309,2.719541072845459,2.7453653314506075e-10,6.793495178222656
Emc6,0.4109849035739898,0.5975049734115601,0.6856691837310791,1.0190991587039244e-06,5.2812700271606445,0.6856691837310791,1.075970852962822e-08,6.108080863952637,0.6856691837310791,2.027813692507191e-06,5.174761295318604
Tax1bp3,0.0522279553115367,0.1663170754909515,1.7548387050628662,4.7258910288157e-06,4.97536039352417,1.7548387050628662,2.993259253533842e-09,6.357027530670166,1.7548387050628662,7.619240545972623e-08,5.811810493469238
Ctns,0.0220053978264331,0.0227951817214489,0.0514432713389396,0.9888502385877284,0.4585654437541961,0.0514432713389396,1.0,0.1018670573830604,0.0514432713389396,1.0,0.0850811973214149
Shpk,0.0217591319233179,0.0185159854590892,-0.2351969480514526,0.9888502385877284,0.1976163238286972,-0.2351969480514526,0.8541655411979494,-0.4250443279743194,-0.2351969480514526,0.9209359480993762,-0.3536157310009002
Olfr392,0.0,0.0,0.0,0.9888502385877284,0.1005259156227111,0.0,1.0,0.0,0.0,1.0,0.0
Olfr403,0.0,0.0,0.0,0.9888502385877284,0.1005259156227111,0.0,1.0,0.0,0.0,1.0,0.0
Olfr410,0.0,0.0,0.0,0.9888502385877284,0.1005259156227111,0.0,1.0,0.0,0.0,1.0,0.0
Olfr411,0.0,0.0,0.0,0.9888502385877284,0.1005259156227111,0.0,1.0,0.0,0.0,1.0,0.0
Rap1gap2,0.0170252937823534,0.2280754297971725,3.8991079330444336,1.1662496916568184e-13,7.770219802856445,3.8991079330444336,4.530218158063186e-23,10.743986129760742,3.8991079330444336,4.784289114157365e-22,10.447449684143066
Ccdc92b,0.0,0.0,0.0,0.9888502385877284,0.1005259156227111,0.0,1.0,0.0,0.0,1.0,0.0
Cluh,0.0646287128329277,0.0615461617708206,-0.0727533400058746,0.7729358836507674,0.8517069220542908,-0.0727533400058746,0.9824893044186116,-0.2415587306022644,-0.0727533400058746,1.0,-0.2011752277612686
Pafah1b1,0.7772748470306396,0.9114170670509338,0.3399064540863037,0.0745485931374478,2.268480062484741,0.3399064540863037,0.0003311207369879,3.961632013320923,0.3399064540863037,0.0043717435588522,3.2790915966033936
Mettl16,0.1722894459962844,0.109575979411602,-0.6992030739784241,0.9857140317097748,-0.5891147255897522,-0.6992030739784241,0.0027257330855432,-3.370866298675537,-0.6992030739784241,0.0228885946834145,-2.7124791145324707
Mnt,0.1092016547918319,0.1269624829292297,0.2304718643426895,0.1957088949313117,1.800504207611084,0.2304718643426895,0.4679991859106411,1.0078977346420288,0.2304718643426895,0.6132696133611679,0.8544082641601562
Sgsm2,0.0310546960681676,0.0263939294964075,-0.2379835695028305,0.9888502385877284,0.2893294095993042,-0.2379835695028305,0.7937959938754892,-0.5108960270881653,-0.2379835695028305,0.8745450715653396,-0.4222970902919769
Tsr1,0.1528422087430954,0.1046812981367111,-0.581525444984436,0.9888502385877284,-0.3734246492385864,-0.581525444984436,0.0213348628555395,-2.6797423362731934,-0.581525444984436,0.0799302889175325,-2.187121152877808
Srr,0.0257681272923946,0.0280547942966222,0.1243163496255874,0.9354155255018584,0.6531943678855896,0.1243163496255874,0.961193761136132,0.2712284326553345,0.1243163496255874,1.0,0.2277515828609466
Smg6,0.2789890170097351,0.3724141418933868,0.487742930650711,0.0027280336259944,3.435805320739746,0.487742930650711,0.0028873836884622,3.3563156127929688,0.487742930650711,0.0140412274288238,2.889867067337036
Hic1,0.0020787247922271,0.0354057028889656,4.114326000213623,0.3595300956018159,1.4461243152618408,4.114326000213623,0.0003139169934096,3.99587607383728,4.114326000213623,0.0004749007617958,3.933113813400269
Ovca2,0.0091023491695523,0.0059497458860278,-0.6156877875328064,0.9888502385877284,0.1020196080207824,-0.6156877875328064,0.6518881919552364,-0.7122578024864197,-0.6156877875328064,0.770875386611581,-0.5726218223571777
Dph1,0.0,0.0,0.0,0.9888502385877284,0.1005259156227111,0.0,1.0,0.0,0.0,1.0,0.0
Rtn4rl1,0.0631060749292373,0.0423160009086132,-0.5917041301727295,0.9888502385877284,-0.150564819574356,-0.5917041301727295,0.1788082812039191,-1.7157787084579468,-0.5917041301727295,0.3306120298935928,-1.3951990604400637
Rpa1,0.2318717539310455,0.3686456382274627,0.7724985480308533,3.1696679872729635e-06,5.056617736816406,0.7724985480308533,2.8003389209162053e-06,5.066622734069824,0.7724985480308533,6.859610691279527e-05,4.405605792999268
Smyd4,0.074905589222908,0.0596639290452003,-0.3393322825431824,0.9019420492408168,0.6938976645469666,-0.3393322825431824,0.4152529935986555,-1.1610928773880005,-0.3393322825431824,0.5561245417014218,-0.9431205987930298
Serpinf1,0.0,0.0066809910349547,22.67645263671875,0.9888502385877284,0.5042726397514343,22.67645263671875,0.0815575922907975,2.123748302459717,22.67645263671875,0.0922271232919131,2.123748302459717
Serpinf2,0.0011026340071111,0.0,-20.073318481445312,0.9888502385877284,0.0673658028244972,-20.073318481445312,0.4679991859106411,-1.0,-20.073318481445312,0.6832027011037286,-0.7008072733879089
Wdr81,0.0278879329562187,0.0754349678754806,1.4701855182647705,0.0638489143564844,2.3356964588165283,1.4701855182647705,0.0006739752688036,3.780543088912964,1.4701855182647705,0.0026456041377584,3.433293581008911
Tlcd2,0.0011133369989693,0.0099869668483734,3.1715617179870605,0.9728535020078471,0.6050972938537598,3.1715617179870605,0.06071182033143,2.2564327716827397,3.1715617179870605,0.0834379494248156,2.168200731277466
Prpf8,0.3130840361118316,0.3721841275691986,0.2945277094841003,0.0234194428866091,2.7310783863067627,0.2945277094841003,0.082624649380806,2.113762855529785,0.2945277094841003,0.1784175643968587,1.78363835811615
Rilp,0.0021520685404539,0.0,-21.03884696960449,0.9888502385877284,0.0342056974768638,-21.03884696960449,0.2942789202292576,-1.4120160341262815,-21.03884696960449,0.5299909986835808,-0.9895511269569396
Scarf1,0.0005408413126133,0.0,-19.045238494873047,0.9888502385877284,0.0673658028244972,-19.045238494873047,0.4679991859106411,-1.0,-19.045238494873047,0.6832027011037286,-0.7008072733879089
Slc43a2,0.1831349432468414,0.0892892852425575,-1.1055797338485718,0.2678018975780344,-1.6266376972198486,-1.1055797338485718,4.247864987957007e-06,-4.96711015701294,-1.1055797338485718,0.0004539171263928,-3.935413360595703
Pitpna,0.7356610298156738,0.9520418047904968,0.5497615933418274,4.091329266522627e-06,5.004860877990723,0.5497615933418274,1.1137731528787853e-08,6.1011643409729,0.5497615933418274,2.211537736000825e-06,5.157214164733887
Inpp5k,0.181067869067192,0.2649219334125519,0.6117709279060364,0.0002395944396467,4.092136383056641,0.6117709279060364,0.0015560252543612,3.539572238922119,0.6117709279060364,0.0086593538751242,3.055795431137085
Myo1c,0.0185313485562801,0.0731178671121597,2.019932746887207,0.0093935387348591,3.0513274669647217,2.019932746887207,6.925476740637526e-06,4.888497829437256,2.019932746887207,4.446768650021871e-05,4.512754917144775
Crk,0.1598830223083496,0.1836397349834442,0.21748848259449,0.0914143601541431,2.176692247390747,0.21748848259449,0.4303994563576273,1.136080622673035,0.21748848259449,0.5454464013915619,0.959724485874176
Ywhae,0.702839732170105,1.1551299095153809,1.0928083658218384,2.0408497058472256e-27,11.149862289428713,1.0928083658218384,1.3123550047993596e-33,12.843688011169434,1.0928083658218384,2.5955176118281288e-24,10.830144882202148
Rph3al,0.0175920706242322,0.0085311019793152,-1.0506713390350342,0.9888502385877284,0.0663202181458473,-1.0506713390350342,0.2201341042755602,-1.5941609144210815,-1.0506713390350342,0.4127420093205792,-1.2366459369659424
1700016K19Rik,0.0053279637359082,0.0,-22.3489990234375,0.9888502385877284,-0.0652746260166168,-22.3489990234375,0.0629788063791763,-2.2374801635742188,-22.3489990234375,0.257482349663049,-1.568042278289795
Rflnb,0.5627672076225281,0.0111962221562862,-6.068308830261231,1.4383305695963998e-35,-12.733631134033203,-6.068308830261231,9.372921855420776e-100,-24.24992561340332,-6.068308830261231,1.8533163812007783e-49,-17.139936447143555
Vps53,0.1834707707166671,0.2837235331535339,0.7040656208992004,7.064065791188163e-05,4.386918067932129,0.7040656208992004,9.508187331281942e-05,4.279613018035889,0.7040656208992004,0.0011258698946616,3.6830663681030273
Glod4,0.1865195482969284,0.3241973221302032,0.9010807275772096,7.036140108650774e-08,5.773443698883057,0.9010807275772096,1.7428881562180246e-07,5.613406658172607,0.9010807275772096,8.38912511891161e-06,4.878542423248291
Fam57a,0.0101648839190602,0.0156464148312807,0.626200795173645,0.9888502385877284,0.4699175655841827,0.626200795173645,0.5371678650039454,0.8863595724105835,0.626200795173645,0.66830022850503,0.7738021612167358
Gemin4,0.0024805427528917,0.0,-21.244014739990234,0.9888502385877284,0.0342056974768638,-21.244014739990234,0.2942789202292576,-1.4110586643218994,-21.244014739990234,0.5299909986835808,-0.9888801574707032
Dbil5,0.0011815158650279,0.0005947765312157,-0.9906415343284608,0.9888502385877284,0.1345822364091873,-0.9906415343284608,0.8404229698891672,-0.4435663819313049,-0.9906415343284608,0.9373625862535796,-0.3281953930854797
Mrm3,0.0627280250191688,0.0320698320865631,-0.9901832342147828,0.9888502385877284,-0.2327182292938232,-0.9901832342147828,0.012446563730106,-2.8752100467681885,-0.9901832342147828,0.0682390606849955,-2.259721517562866
Nxn,0.0513470210134983,0.0795599669218063,0.6523352265357971,0.1092771797134114,2.093717336654663,0.6523352265357971,0.0811556835004649,2.122812271118164,0.6523352265357971,0.1583396163974004,1.847544550895691
Timm22,0.1533068865537643,0.2732827663421631,0.923590362071991,3.187955774432555e-07,5.501739978790283,0.923590362071991,6.02285417661246e-07,5.374740123748779,0.923590362071991,2.463964487571089e-05,4.642659187316895
Abr,0.1347499191761016,0.2394960075616836,0.9076305031776428,1.2828013626717616e-05,4.769155502319336,0.9076305031776428,1.664474669623534e-05,4.685295104980469,0.9076305031776428,0.0002271325184783,4.110212326049805
Trarg1,0.0,0.0,0.0,0.9888502385877284,0.1005259156227111,0.0,1.0,0.0,0.0,1.0,0.0
Gosr1,0.1638533771038055,0.2336809039115905,0.5641717314720154,0.0033722405116991,3.372995376586914,0.5641717314720154,0.0077012982731672,3.0433027744293213,0.5641717314720154,0.0278591901122379,2.6357526779174805
Cpd,0.0017269739182665,0.014806043356657,3.1093149185180664,0.7829282611445391,0.8415497541427612,3.1093149185180664,0.0181755668385564,2.744614124298096,3.1093149185180664,0.0291271217626311,2.620875835418701
Tmigd1,0.0,0.0,0.0,0.9888502385877284,0.1005259156227111,0.0,1.0,0.0,0.0,1.0,0.0
Blmh,0.2164341211318969,0.4529154300689697,1.2453941106796265,7.40228064490419e-16,8.404145240783691,1.2453941106796265,4.129839963416812e-17,8.912123680114746,1.2453941106796265,3.7787325085989493e-13,7.739621162414551
Slc6a4,0.0,0.0,0.0,0.9888502385877284,0.1005259156227111,0.0,1.0,0.0,0.0,1.0,0.0
Nsrp1,0.2413987219333648,0.3451540470123291,0.5943188667297363,2.6413989714762547e-05,4.611644744873047,0.5943188667297363,0.0003989403063669,3.914939403533936,0.5943188667297363,0.0036672880989329,3.333967685699463
Efcab5,0.0011317688040435,0.0,-20.11096572875977,0.9888502385877284,0.0673658028244972,-20.11096572875977,0.4679991859106411,-1.0,-20.11096572875977,0.6832027011037286,-0.7008072733879089
Ssh2,0.8579970002174377,0.2544106245040893,-2.229304313659668,1.941145393527927e-45,-14.41441535949707,-2.229304313659668,8.878187697679291e-76,-19.954742431640625,-2.229304313659668,7.757761216722823e-46,-15.649704933166504
Coro6,0.0,0.0,0.0,0.9888502385877284,0.1005259156227111,0.0,1.0,0.0,0.0,1.0,0.0
Ankrd13b,0.0124569982290267,0.0090747149661183,-0.4594762325286865,0.9888502385877284,0.0685607641935348,-0.4594762325286865,0.7228560142150265,-0.6108734607696533,-0.4594762325286865,0.8197294223528115,-0.5025251507759094
Git1,0.0576935783028602,0.0714907720685005,0.3194057643413543,0.4440404262494272,1.3053431510925293,0.3194057643413543,0.4679991859106411,1.0318773984909058,0.3194057643413543,0.5955262620018792,0.8820986747741699
Trp53i13,0.1145913228392601,0.1597704738378524,0.5128378868103027,0.0205539484748755,2.7791755199432373,0.5128378868103027,0.0444033506562669,2.3881988525390625,0.5128378868103027,0.1075052307762932,2.0470519065856934
Abhd15,0.0135634988546371,0.0031672350596636,-2.105942964553833,0.9888502385877284,-0.1644562184810638,-2.105942964553833,0.0545662893624892,-2.299426794052124,-2.105942964553833,0.1978034006531164,-1.7254301309585571
Taok1,0.3086910545825958,0.3141981661319732,0.0296896137297153,0.5456133482903173,1.152164340019226,0.0296896137297153,1.0,0.2033365219831466,0.0296896137297153,1.0,0.1714973747730255
Nufip2,0.4977171123027801,0.3876864910125732,-0.4456427097320556,0.1133244744494118,-2.076838493347168,-0.4456427097320556,0.0015041573549528,-3.546534776687622,-0.4456427097320556,0.0130136379908022,-2.9177498817443848
Cryba1,0.0010358807630836,0.0,-19.98317527770996,0.9888502385877284,0.0673658028244972,-19.98317527770996,0.4679991859106411,-1.0,-19.98317527770996,0.6832027011037286,-0.7008072733879089
Myo18a,0.0521921664476394,0.1141415312886238,1.174224853515625,0.0131330223732628,2.937955617904663,1.174224853515625,0.0004040060922668,3.916900157928467,1.174224853515625,0.0020161253178974,3.5149471759796143
Pipox,0.002098353812471,0.0023062718100845,0.1364546120166778,0.9888502385877284,0.1684892028570175,0.1364546120166778,1.0,0.0861653238534927,0.1364546120166778,1.0,0.0730345472693443
Phf12,0.2539747655391693,0.1904428899288177,-0.4628510177135467,0.9888502385877284,-0.3552761971950531,-0.4628510177135467,0.0150792125449938,-2.807943105697632,-0.4628510177135467,0.0638791450614345,-2.2905118465423584
Dhrs13,0.0158691499382257,0.0235661026090383,0.5760586857795715,0.6869734777563136,0.96194189786911,0.5760586857795715,0.4485513194561804,1.1049107313156128,0.5760586857795715,0.5588158419250134,0.9391971230506896
Flot2,0.0720900371670723,0.1516370773315429,1.1312015056610107,0.0006001180583052,3.8591196537017822,1.1312015056610107,3.154672082194059e-05,4.543531894683838,1.1312015056610107,0.0002900776324313,4.049060344696045
Eral1,0.047049343585968,0.0394955836236476,-0.2579714059829712,0.9888502385877284,0.391124963760376,-0.2579714059829712,0.6631195230067477,-0.6957070231437683,-0.2579714059829712,0.7726271852608801,-0.5697625875473022
Fam222b,0.0471974723041057,0.0597724616527557,0.3499230146408081,0.6879672025202862,0.9605975151062012,0.3499230146408081,0.4679991859106411,1.0060980319976809,0.3499230146408081,0.6021211078853488,0.8720163702964783
Traf4,0.0949425026774406,0.0733779370784759,-0.3874815106391907,0.9888502385877284,0.5326529145240784,-0.3874815106391907,0.2676675185758611,-1.477936625480652,-0.3874815106391907,0.4306904538805865,-1.19871187210083
Nek8,0.0365814752876758,0.0352905839681625,-0.0527668446302413,0.9231509019795352,0.6686541438102722,-0.0527668446302413,1.0,-0.1330523490905761,-0.0527668446302413,1.0,-0.1103665679693222
Tlcd1,0.0309570971876382,0.0223449040204286,-0.4765643775463104,0.9888502385877284,0.4808962643146515,-0.4765643775463104,0.4679991859106411,-1.0617985725402832,-0.4765643775463104,0.6189511224864173,-0.8453966975212097
Rpl23a,3.179353713989258,2.698646783828736,-0.7327041625976562,3.904885901275001e-101,-21.57289123535156,-0.7327041625976562,2.333927645404847e-110,-25.800485610961918,-0.7327041625976562,1.697465264404278e-82,-21.81664657592773
Rab34,0.0032659226562827,0.0,-21.641416549682617,0.9994412017932364,0.0010455889860168,-21.641416549682617,0.1750730072300931,-1.7316421270370483,-21.641416549682617,0.4247319514704951,-1.2135473489761353
Proca1,0.0,0.0,0.0,0.9888502385877284,0.1005259156227111,0.0,1.0,0.0,0.0,1.0,0.0
Supt6,0.2624140083789825,0.2816532254219055,0.1165818497538566,0.1516010086085502,1.9339661598205569,0.1165818497538566,0.6153340046531177,0.7673887610435486,0.1165818497538566,0.7237741112353631,0.6416859030723572
Sdf2,0.1993030905723571,0.492512047290802,1.5288652181625366,8.128644870015123e-21,9.680585861206056,1.5288652181625366,2.635755378904615e-23,10.604241371154783,1.5288652181625366,7.511065574988722e-19,9.430143356323242
2610507B11Rik,0.2038095444440841,0.1921145766973495,-0.0939686596393585,0.5906115977555964,1.089727759361267,-0.0939686596393585,0.7912091902026429,-0.5142120122909546,-0.0939686596393585,0.869303659583237,-0.4299687147140503
Rskr,0.0098046949133276,0.00162342377007,-2.600339651107788,0.9888502385877284,-0.1312960982322693,-2.600339651107788,0.0626450813339438,-2.23937463760376,-2.600339651107788,0.222522342087174,-1.6547030210494995
Spag5,0.0089502977207303,0.0283707566559314,1.6784495115280151,0.444487457580103,1.3045963048934937,1.6784495115280151,0.0185798611797626,2.7343595027923584,1.6784495115280151,0.0409766189480819,2.480454206466675
Aldoc,0.0023765824735164,0.0077343573793768,1.7062605619430542,0.9888502385877284,0.3699144423007965,1.7062605619430542,0.3127441182090005,1.3635278940200806,1.7062605619430542,0.4044707322689336,1.2503018379211426
Pigs,0.0920938774943351,0.1736772805452346,0.9753847718238832,0.0002636052106624,4.0682373046875,0.9753847718238832,6.083486981905503e-05,4.388364315032959,0.9753847718238832,0.0005933962154999,3.8585071563720703
Unc119,0.0460865721106529,0.5096993446350098,3.8171095848083496,6.866840227948131e-51,15.264180183410645,3.8171095848083496,7.919426267056786e-57,18.36175346374512,3.8171095848083496,1.6381593893943428e-54,17.61671257019043
Slc46a1,0.0009635655442252,0.0,-19.878719329833984,0.9888502385877284,0.0673658028244972,-19.878719329833984,0.4679991859106411,-1.0,-19.878719329833984,0.6832027011037286,-0.7008072733879089
Sarm1,0.0,0.0054458929225802,22.38066673278809,0.9888502385877284,0.3023992776870727,22.38066673278809,0.1750730072300931,1.7335551977157593,22.38066673278809,0.1955338899166751,1.7335551977157593
Tmem199,0.1016790047287941,0.1515499651432037,0.6125047206878662,0.0209673415762022,2.7718563079833984,0.6125047206878662,0.0227861526537577,2.6561570167541504,0.6125047206878662,0.0614874072198428,2.306473731994629
Poldip2,0.0734277889132499,0.1399927884340286,0.9798247814178468,0.0008167428163255,3.7755472660064697,0.9798247814178468,0.0002201413929168,4.072688579559326,0.9798247814178468,0.0016388735669788,3.574438571929932
Tnfaip1,0.0345999710261821,0.0365815162658691,0.0817819386720657,0.9888502385877284,0.5806006193161011,0.0817819386720657,1.0,0.195899561047554,0.0817819386720657,1.0,0.1664985567331314
Ift20,0.3465041816234588,0.5490285754203796,0.820963442325592,6.192012205585475e-09,6.187795639038086,0.820963442325592,2.9300584137148084e-10,6.707283020019531,0.820963442325592,9.977787503563705e-08,5.755070686340332
Tmem97,0.0208774264901876,0.0667364224791526,1.7098522186279297,0.0291976615994876,2.648476839065552,1.7098522186279297,0.0001420774185434,4.188722133636475,1.7098522186279297,0.0006886378687528,3.820102453231812
Nlk,0.247534304857254,0.1528633087873459,-0.7659541368484497,0.2582969091325449,-1.647250771522522,-0.7659541368484497,0.0001041166886142,-4.251631259918213,-0.7659541368484497,0.0024561304938276,-3.45626163482666
Ccnq,0.2115235477685928,0.2506168484687805,0.2739501297473907,0.0260911985773809,2.691047430038452,0.2739501297473907,0.1905586377146446,1.6773899793624878,0.2739501297473907,0.3211311426160849,1.421640396118164
Lyrm9,0.0757542625069618,0.1270310133695602,0.7833948731422424,0.0170042390291794,2.848333835601806,0.7833948731422424,0.0081587552825747,3.0243194103240967,0.7833948731422424,0.0261106094418996,2.660680055618286
Lgals9,0.2939200103282928,0.418692022562027,0.6058028936386108,5.538163749455095e-05,4.445023059844971,0.6058028936386108,6.456548012330929e-05,4.37069845199585,0.6058028936386108,0.0008984259517456,3.745173692703247
Ksr1,0.0222693644464015,0.0690636485815048,1.6668779850006104,0.0669557990896054,2.315755605697632,1.6668779850006104,0.0003017529239069,3.996382474899292,1.6668779850006104,0.0012765618542223,3.6483216285705566
Wsb1,0.1764892935752868,0.2193801254034042,0.3458114862442016,0.0211241094592547,2.7690930366516118,0.3458114862442016,0.1209516595978184,1.9294432401657104,0.3458114862442016,0.2273520089718878,1.6398745775222778
Nf1,0.0251108556985855,0.0608489252626895,1.302884817123413,0.1064167617779366,2.106264352798462,1.302884817123413,0.0045238960114076,3.2196478843688965,1.302884817123413,0.0146348135383414,2.875455617904663
Omg,0.0064788660965859,0.0018734874902293,-1.7933390140533447,0.9888502385877284,0.035251285880804,-1.7933390140533447,0.2392355497051645,-1.5445585250854492,-1.7933390140533447,0.4617967114807146,-1.1459004878997805
Evi2,0.0648130550980568,0.0809701457619667,0.3329022228717804,0.3781908734083899,1.4122920036315918,0.3329022228717804,0.4347427441864841,1.128889083862305,0.3329022228717804,0.543368824200457,0.9631463885307312
Evi2b,0.0,0.0,0.0,0.9888502385877284,0.1005259156227111,0.0,1.0,0.0,0.0,1.0,0.0
Evi2a,0.1018352061510086,0.3359915912151336,1.897253155708313,1.922043038357001e-16,8.564867973327637,1.897253155708313,1.8339723906630481e-19,9.638745307922363,1.897253155708313,1.577909458786205e-16,8.793061256408691
Rab11fip4,0.0762842148542404,0.1547478884458542,1.0781521797180176,0.0007511308611428,3.798475503921509,1.0781521797180176,5.6966409679364e-05,4.404904365539551,1.0781521797180176,0.0005197599803347,3.895251274108887
Utp6,0.0893001183867454,0.1469198316335678,0.7606770992279053,0.0064074589159716,3.1746323108673096,0.7606770992279053,0.0036269665104025,3.287435531616211,0.7606770992279053,0.0149346046006016,2.867532730102539
Suz12,0.3674645125865936,0.5061526298522949,0.5692694187164307,8.571090384322055e-05,4.341883182525635,0.5692694187164307,5.102298164353709e-05,4.425858020782471,0.5692694187164307,0.0008031297669284,3.776024341583252
Crlf3,0.8571908473968506,0.5862681865692139,-0.7667845487594604,9.200779505797244e-11,-6.844799041748047,-0.7667845487594604,3.284909571478163e-13,-7.690637588500977,-0.7667845487594604,5.966659527618941e-09,-6.258055210113525
Atad5,0.0353405475616455,0.1561818718910217,2.2323901653289795,4.366846308096796e-06,4.99141788482666,2.2323901653289795,4.5697972614229737e-11,7.051061630249023,2.2323901653289795,7.989170153969965e-10,6.609222412109375
Tefm,0.0365042872726917,0.0405311957001686,0.1538903266191482,0.7338434149925611,0.8983103036880493,0.1538903266191482,0.8725042670311787,0.3989931046962738,0.1538903266191482,0.9320630439908746,0.3360818922519684
Adap2,0.0,0.0012802579440176,20.28892707824707,0.9888502385877284,0.1678170263767242,20.28892707824707,0.4679991859106411,1.0,20.28892707824707,0.5282133287683867,1.0
Rnf135,0.0295058134943246,0.033512070775032,0.1865867972373962,0.9888502385877284,0.5841854810714722,0.1865867972373962,0.8590442527260389,0.4179498851299286,0.1865867972373962,0.9200449394270704,0.3548004627227783
Rhot1,0.1346093118190765,0.1193751096725463,-0.1844976246356964,0.9888502385877284,0.5609585046768188,-0.1844976246356964,0.5806434009134823,-0.8197827339172363,-0.1844976246356964,0.6939625314445663,-0.6848713755607605
Rhbdl3,0.0031487122178077,0.0008287224336527,-1.927473783493042,0.9888502385877284,0.0681126564741134,-1.927473783493042,0.4153801384689919,-1.1608251333236694,-1.927473783493042,0.615118318888759,-0.851624071598053
5730455P16Rik,0.0762804299592971,0.1022192686796188,0.441271424293518,0.1379736747313155,1.9811670780181885,0.441271424293518,0.2083738080070507,1.62575101852417,0.441271424293518,0.3302783616232844,1.396859884262085
Zfp207,0.4455433189868927,0.7627651691436768,1.0273935794830322,1.838617975576529e-15,8.29391098022461,1.0273935794830322,2.3372736807621693e-19,9.527188301086426,1.0273935794830322,1.2503566386537392e-14,8.206052780151367
Psmd11,0.4470638632774353,0.6170248985290527,0.5982679724693298,3.531492707006692e-05,4.546743869781494,0.5982679724693298,3.9405114540099385e-07,5.452237606048584,0.5982679724693298,2.6631007208753095e-05,4.6251301765441895
Cdk5r1,0.0112464614212512,0.0259340126067399,1.2160018682479858,0.7312523201491311,0.9022685885429382,1.2160018682479858,0.1110085155834348,1.972920298576355,1.2160018682479858,0.1815086204391965,1.7746853828430176
Myo1d,0.0,0.0,0.0,0.9888502385877284,0.1005259156227111,0.0,1.0,0.0,0.0,1.0,0.0
Ccl2,0.0008914056234061,0.0,-19.766366958618164,0.9888502385877284,0.0673658028244972,-19.766366958618164,0.4679991859106411,-1.0,-19.766366958618164,0.6832027011037286,-0.7008072733879089
Ccl1,0.0,0.0087331598624587,23.064376831054688,0.9888502385877284,0.1678170263767242,23.064376831054688,0.4679991859106411,1.0,23.064376831054688,0.5282133287683867,1.0
Cct6b,0.0014831244479864,0.0098718022927641,2.740730047225952,0.9728535020078471,0.6050972938537598,2.740730047225952,0.1007288456199964,2.0227694511413574,2.740730047225952,0.1430132563631506,1.9007461071014404
Zfp830,0.1699989140033722,0.1734727770090103,0.0317611396312713,0.358459418997428,1.4481407403945925,0.0317611396312713,1.0,0.166894719004631,0.0317611396312713,1.0,0.1399907022714615
Lig3,0.0849543139338493,0.0805206149816513,-0.0805712342262268,0.5886865913316348,1.0924164056777954,-0.0805712342262268,0.9383383897322072,-0.3047643601894378,-0.0805712342262268,0.9865290777641365,-0.2525420784950256
Rffl,0.0514020361006259,0.0328233391046524,-0.6605991721153259,0.9888502385877284,-0.0625859722495079,-0.6605991721153259,0.1755402093712015,-1.7282642126083374,-0.6605991721153259,0.3306120298935928,-1.3954371213912964
Rad51d,0.0805786624550819,0.1241945028305053,0.6561306118965149,0.0143186973184431,2.908156394958496,0.6561306118965149,0.0217121342516628,2.674448251724243,0.6561306118965149,0.0619625612139917,2.3032405376434326
Nle1,0.0975348576903343,0.0498187653720378,-1.0040714740753174,0.9832018781807887,-0.5915793180465698,-1.0040714740753174,0.0012794548817724,-3.5914106369018555,-1.0040714740753174,0.016404470322883,-2.835552215576172
Slfn5,0.2366626411676406,0.0630353018641471,-2.036972045898437,0.0002346869485081,-4.0972900390625,-2.036972045898437,2.285453762426371e-16,-8.62927532196045,-2.036972045898437,8.01933680906445e-10,-6.61740255355835
Slfn9,0.0311482548713684,0.0654767751693725,1.0967941284179688,0.2297294089397214,1.712226629257202,1.0967941284179688,0.0175211763939272,2.755953073501587,1.0967941284179688,0.0420946792907296,2.4687283039093018
Slfn8,0.3681310713291168,0.3306859135627746,-0.1833385080099105,0.9888502385877284,-0.1498926430940628,-0.1833385080099105,0.3566089461742003,-1.2716844081878662,-0.1833385080099105,0.5106049664500554,-1.0651578903198242
Slfn2,1.0551033020019531,1.4963257312774658,0.8881704211235046,2.2439616523645343e-20,9.573562622070312,0.8881704211235046,6.491250754570536e-27,11.332895278930664,0.8881704211235046,1.8461419869495128e-18,9.330686569213867
Slfn1,0.5578221678733826,0.9374796748161316,1.0566399097442627,1.2490406654700022e-16,8.615802764892578,1.0566399097442627,5.059765859517297e-20,9.71731948852539,1.0566399097442627,2.037611583365671e-15,8.444053649902344
Slfn4,0.0,0.0018199476180598,20.79677963256836,0.9888502385877284,0.1678170263767242,20.79677963256836,0.4679991859106411,1.0,20.79677963256836,0.5282133287683867,1.0
Slfn3,0.0023126613814383,0.0250822808593511,3.4555044174194336,0.5297392418830266,1.1759141683578491,3.4555044174194336,0.0023062195039209,3.433966398239136,3.4555044174194336,0.0037776660740541,3.3302557468414307
Slfn14,0.0,0.0,0.0,0.9888502385877284,0.1005259156227111,0.0,1.0,0.0,0.0,1.0,0.0
Pex12,0.0309149101376533,0.0434509105980396,0.5001826286315918,0.6783458973922952,0.9758332371711732,0.5001826286315918,0.3989404878750745,1.189746379852295,0.5001826286315918,0.5282133287683867,1.0329763889312744
Ap2b1,0.1917742043733596,0.2517208755016327,0.4372552633285522,0.0071313578247656,3.14087462425232,0.4372552633285522,0.0262456226957491,2.6007022857666016,0.4372552633285522,0.0736024888030701,2.226090908050537
Rasl10b,0.0,0.0,0.0,0.9888502385877284,0.1005259156227111,0.0,1.0,0.0,0.0,1.0,0.0
1700020L24Rik,0.0022252907510846,0.1052785664796829,5.6390767097473145,6.670671415289891e-05,4.400660037994385,5.6390767097473145,9.027973197853229e-14,8.034770011901855,5.6390767097473145,1.699499733939791e-13,7.972404479980469
Mmp28,0.0,0.0,0.0,0.9888502385877284,0.1005259156227111,0.0,1.0,0.0,0.0,1.0,0.0
Taf15,0.3779972195625305,0.4995934963226318,0.4964860379695892,0.0006940594313339,3.8202834129333496,0.4964860379695892,0.0002672213419975,4.019913196563721,0.4964860379695892,0.0027180918754009,3.423778295516968
Heatr9,0.0,0.0291753485798835,24.81934356689453,0.4829173300851118,1.24447500705719,24.81934356689453,0.0001981668237819,4.118379592895508,24.81934356689453,0.000238382282977,4.118379592895508
Ccl5,0.6278086304664612,4.571880340576172,6.775956153869629,2.826683137816876e-184,29.207483291625977,6.775956153869629,7.3297e-319,69.44891357421875,6.775956153869629,1.33069200292e-313,62.261993408203125
Ccl9,0.0,0.0036256997846066,21.792444229125977,0.9888502385877284,0.2351081520318985,21.792444229125977,0.2942789202292576,1.4128645658493042,21.792444229125977,0.3249263468812097,1.4128645658493042
Ccl6,0.0,0.0141926137730479,23.76888656616211,0.8940648012290606,0.7061460018157959,23.76888656616211,0.0107327045962519,2.938173055648804,23.76888656616211,0.0125366101922405,2.938173055648804
Rpl9-ps1,0.0,0.003422416979447,21.70905303955078,0.9888502385877284,0.3023992776870727,21.70905303955078,0.2149775809115822,1.6092920303344729,21.70905303955078,0.2402555258230511,1.6092920303344729
Ccl3,0.0540749244391918,1.5698010921478271,6.097872734069824,4.108142825676175e-117,23.22402572631836,6.097872734069824,1.07188973578559e-94,26.950958251953125,6.097872734069824,1.4156871782289172e-94,26.681371688842773
Ccl4,0.111382395029068,1.983684062957764,5.733660697937012,1.7828401224518864e-132,24.70711898803711,5.733660697937012,5.953713280224402e-109,29.91420555114746,5.733660697937012,4.21563462068301e-109,29.43073844909668
Wfdc17,0.0,0.0031910534016788,21.6079044342041,0.9888502385877284,0.2351081520318985,21.6079044342041,0.3743898362769591,1.2376922369003296,21.6079044342041,0.4124825398498413,1.2376922369003296
Wfdc21,0.0,0.0,0.0,0.9888502385877284,0.1005259156227111,0.0,1.0,0.0,0.0,1.0,0.0
Heatr6,0.1497891098260879,0.2211783826351165,0.6153653860092163,0.0008002307604881,3.781073808670044,0.6153653860092163,0.004707538302053,3.2049660682678223,0.6153653860092163,0.0199774292103432,2.7617712020874023
Hnf1b,0.0,0.0,0.0,0.9888502385877284,0.1005259156227111,0.0,1.0,0.0,0.0,1.0,0.0
Ddx52,0.2254556119441986,0.3196170628070831,0.5745053887367249,0.0001065393676546,4.29072380065918,0.5745053887367249,0.0010265525643102,3.658130407333374,0.5745053887367249,0.0067227353061939,3.140122413635254
Synrg,0.2265700846910476,0.2396359741687774,0.0906780660152435,0.2616638779045203,1.639408826828003,0.0906780660152435,0.7817501371146878,0.527586042881012,0.0906780660152435,0.8575299250785561,0.4468449652194977
Dusp14,0.0010390119859948,0.052734836935997,5.70292854309082,0.037297816469058,2.5548219680786133,5.70292854309082,6.261767673411054e-08,5.855269908905029,5.70292854309082,9.491014007656092e-08,5.81370735168457
Tada2a,0.0312421321868896,0.0403612442314624,0.3760951459407806,0.5348772110625284,1.167922854423523,0.3760951459407806,0.4922983435609603,0.9593594074249268,0.3760951459407806,0.6403700914260497,0.8133816719055176
Acaca,0.0877656936645507,0.0566237159073352,-0.6549848914146423,0.9888502385877284,0.1318935751914978,-0.6549848914146423,0.0498076146390971,-2.339256048202514,-0.6549848914146423,0.1508333910863125,-1.873820424079895
Aatf,0.1989825963973999,0.1734566539525985,-0.2170511037111282,0.9802905326932976,0.5947907567024231,-0.2170511037111282,0.3939401295904824,-1.1988232135772705,-0.2170511037111282,0.5299909986835808,-0.993611216545105
Lhx1,0.0,0.0,0.0,0.9888502385877284,0.1005259156227111,0.0,1.0,0.0,0.0,1.0,0.0
Mrm1,0.0547439306974411,0.0213867723941802,-1.380194902420044,0.945175204811245,-0.6420662999153137,-1.380194902420044,0.0032429566712897,-3.316974639892578,-1.380194902420044,0.0292182579485452,-2.6180684566497803
Dhrs11,0.0236723087728023,0.0327011421322822,0.4726842045783996,0.8220565035338503,0.7927058339118958,0.4726842045783996,0.468266849972497,0.9989340901374816,0.4726842045783996,0.6099579475571129,0.8600742220878601
Ggnbp2,0.6253873109817505,0.5770465135574341,-0.1544061452150344,0.3957752820746424,-1.3837623596191406,-0.1544061452150344,0.2832251056940267,-1.443207621574402,-0.1544061452150344,0.4294574832425025,-1.200810194015503
Pigw,0.0288395695388317,0.0109174884855747,-1.414379596710205,0.9888502385877284,-0.1362253129482269,-1.414379596710205,0.028201814813825,-2.570776462554932,-1.414379596710205,0.1207400232988897,-1.990484356880188
Myo19,0.004425591789186,0.0031546750105917,-0.4892962574958801,0.9888502385877284,0.1018702387809753,-0.4892962574958801,0.8736899250789648,-0.3970814943313598,-0.4892962574958801,0.9392766669844308,-0.3247382342815399
Znhit3,0.1317368298768997,0.1455107033252716,0.1536315977573394,0.1390533894784217,1.9774328470230105,0.1536315977573394,0.6239765365991792,0.7538047432899475,0.1536315977573394,0.7300812554119973,0.6315426826477051
Usp32,0.1131029203534126,0.0659578442573547,-0.812535285949707,0.9888502385877284,-0.5130107402801514,-0.812535285949707,0.0058617568381039,-3.1301345825195312,-0.812535285949707,0.0389187805377467,-2.5026779174804688
1700125H20Rik,0.0,0.0,0.0,0.9888502385877284,0.1005259156227111,0.0,1.0,0.0,0.0,1.0,0.0
Appbp2,0.1559891402721405,0.207456961274147,0.4496163427829742,0.0095815201064583,3.0446057319641118,0.4496163427829742,0.041295732622498,2.4177768230438232,0.4496163427829742,0.1027731401625964,2.069025039672852
Ppm1d,0.1177814826369285,0.1578394621610641,0.4519045054912567,0.0272370107095797,2.674990177154541,0.4519045054912567,0.0804497285787225,2.1265480518341064,0.4519045054912567,0.1685902783487883,1.8143380880355835
Bcas3,0.0626914426684379,0.0912095680832862,0.5617519021034241,0.2918472803729949,1.573910117149353,0.5617519021034241,0.1318861841519402,1.8853460550308228,0.5617519021034241,0.2254475927271413,1.6454105377197266
Tbx2,0.0022055499721318,0.0027730609290301,0.330750435590744,0.9888502385877284,0.2356309443712234,0.330750435590744,0.9733526631536752,0.2541204988956451,0.330750435590744,1.0,0.20709028840065
Gm11444,0.0,0.0,0.0,0.9888502385877284,0.1005259156227111,0.0,1.0,0.0,0.0,1.0,0.0
Brip1,0.0123064760118722,0.0721900761127471,2.595883846282959,0.0131330223732628,2.938403844833374,2.595883846282959,7.520788518789553e-07,5.355945110321045,2.595883846282959,3.805974963658872e-06,5.057861804962158
Ints2,0.1037649512290954,0.0805503875017166,-0.3823588192462921,0.9888502385877284,0.3712587654590606,-0.3823588192462921,0.2445029185597256,-1.531582236289978,-0.3823588192462921,0.4043642917654631,-1.2505149841308594
Med13,0.2597276568412781,0.4637621939182281,0.9924181699752808,1.9621946867423445e-11,7.070720672607422,0.9924181699752808,1.561794217532452e-11,7.163670539855957,0.9924181699752808,8.918867391168291e-09,6.182145118713379
Rnft1,0.1007501482963562,0.1430023163557052,0.5363538265228271,0.0278163839751751,2.666998863220215,0.5363538265228271,0.0487520817226586,2.349403381347656,0.5363538265228271,0.1133631114893159,2.0211503505706787
Rps6kb1,0.3363261818885803,0.3631251454353332,0.1310616880655288,0.1702319665165242,1.8748157024383545,0.1310616880655288,0.4959124718934214,0.953273355960846,0.1310616880655288,0.6503146742136844,0.7994456887245178
Tubd1,0.0245205424726009,0.0285447016358375,0.2221476733684539,0.8785021624547512,0.7248919010162354,0.2221476733684539,0.8265506745124402,0.4638329148292541,0.2221476733684539,0.8945908436200027,0.392961710691452
Vmp1,0.2346324771642685,1.1421051025390625,3.012091636657715,1.440280948702311e-102,21.725770950317383,3.012091636657715,1.9259433695450997e-118,28.62099838256836,3.012091636657715,1.0157329976790486e-105,25.72702980041504
Ptrh2,0.102775864303112,0.2332180887460708,1.2789055109024048,4.410159983206781e-07,5.440647602081299,1.2789055109024048,7.930483586936864e-09,6.179345607757568,1.2789055109024048,3.599033553500591e-07,5.516479969024658
Cltc,0.3743692338466644,0.4740775823593139,0.4176555871963501,0.0024116758948599,3.4723262786865234,0.4176555871963501,0.0030641698793258,3.3374264240264893,0.4176555871963501,0.0174203340486882,2.8123364448547363
Dhx40,0.132191777229309,0.1428290158510208,0.1195055097341537,0.3325096507221757,1.4954910278320312,0.1195055097341537,0.7599532814308136,0.5592730045318604,0.1195055097341537,0.8398080854454798,0.4738644063472748
Ypel2,0.0157594140619039,0.0134563697502017,-0.2295899987220764,0.9888502385877284,0.2682682573795318,-0.2295899987220764,0.9073288328511216,-0.3487068116664886,-0.2295899987220764,0.9629750096097648,-0.2887277901172638
Gdpd1,0.0010057411855086,0.00238669058308,1.2477478981018066,0.9888502385877284,0.201798677444458,1.2477478981018066,0.6608145410498787,0.6991872787475586,1.2477478981018066,0.7378531486711271,0.6207544207572937
Smg8,0.0380452573299407,0.0360831767320632,-0.0778143405914306,0.9736629817356126,0.6035289168357849,-0.0778143405914306,1.0,-0.1965920031070709,-0.0778143405914306,1.0,-0.164239689707756
Prr11,0.0116071058437228,0.0153673905879259,0.4075823724269867,0.9888502385877284,0.5022561550140381,0.4075823724269867,0.7252600114559892,0.6069790720939636,0.4075823724269867,0.8115743990933482,0.5146819949150085
Ska2,0.0394515395164489,0.0690496563911438,0.8290963768959045,0.0884424417972727,2.1914050579071045,0.8290963768959045,0.0353557794175961,2.4823672771453857,0.8290963768959045,0.0853633976441658,2.156112670898437
Trim37,0.0299075115472078,0.0582905933260917,0.9833797216415404,0.1435253687679467,1.961226224899292,0.9833797216415404,0.0259330093464473,2.6065657138824463,0.9833797216415404,0.0632923781806404,2.294142007827759
Ppm1e,0.0022777772974222,0.0,-21.12084007263184,0.9888502385877284,0.0342056974768638,-21.12084007263184,0.2942789202292576,-1.4113988876342771,-21.12084007263184,0.5299909986835808,-0.9891185760498048
Rad51c,0.0013092125300318,0.0222813803702592,4.10422420501709,0.651515549228385,1.0085452795028689,4.10422420501709,0.0057519051176517,3.1478164196014404,4.10422420501709,0.008041806249396,3.0866739749908447
Tex14,0.0010863555362448,0.0017043298576027,0.6501535773277283,0.9888502385877284,0.1345822364091873,0.6501535773277283,0.9377506627740692,0.3057589828968048,0.6501535773277283,0.9759250243080626,0.2682360410690307
Sept4,0.0085623133927583,0.0115222176536917,0.4304846525192261,0.9888502385877284,0.4029998779296875,0.4304846525192261,0.7643863825176113,0.5528915524482727,0.4304846525192261,0.8421966379504294,0.4690539538860321
Mtmr4,0.037783034145832,0.035880621522665,-0.0759145691990852,0.84582993662469,0.7634293437004089,-0.0759145691990852,1.0,-0.1942202597856521,-0.0759145691990852,1.0,-0.1605250239372253
Hsf5,0.0,0.0,0.0,0.9888502385877284,0.1005259156227111,0.0,1.0,0.0,0.0,1.0,0.0
Rnf43,0.006476392969489,0.0036464754957705,-0.8307305574417114,0.9888502385877284,0.0356993973255157,-0.8307305574417114,0.6218065575262379,-0.7575238943099976,-0.8307305574417114,0.7431783018019464,-0.61318039894104
Supt4a,0.92702317237854,1.3364404439926147,0.8775671720504761,7.1954487328507895e-22,9.92995834350586,0.8775671720504761,1.839034965329232e-29,11.909916877746582,0.8775671720504761,2.2421109531125847e-20,9.845499038696287
Tspoap1,0.0079876305535435,0.0343064963817596,2.1216940879821777,0.507257915523132,1.2069084644317627,2.1216940879821777,0.0065995253773756,3.0990545749664307,2.1216940879821777,0.0131859742940862,2.9148011207580566
Mpo,0.0,0.0,0.0,0.9888502385877284,0.1005259156227111,0.0,1.0,0.0,0.0,1.0,0.0
Mks1,0.0473075024783611,0.0231904927641153,-1.0460344552993774,0.9888502385877284,-0.259604811668396,-1.0460344552993774,0.0293806259018307,-2.5547657012939453,-1.0460344552993774,0.1137076493525758,-2.019870519638061
Epx,0.0,0.0,0.0,0.9888502385877284,0.1005259156227111,0.0,1.0,0.0,0.0,1.0,0.0
Olfr464,0.0,0.0,0.0,0.9888502385877284,0.1005259156227111,0.0,1.0,0.0,0.0,1.0,0.0
Dynll2,0.1487522572278976,0.3541645407676697,1.4058843851089478,5.517486650555925e-13,7.56618070602417,1.4058843851089478,1.4888626626960853e-14,8.1717529296875,1.4058843851089478,1.0761783134554454e-11,7.260336399078369
Srsf1,0.4633211195468902,0.607452392578125,0.5039598941802979,0.00048385714363,3.914610385894776,0.5039598941802979,2.355630949054584e-05,4.600975513458252,0.5039598941802979,0.0005750492782328,3.867293119430542
Vezf1,0.2994232475757599,0.2990416586399078,-0.0021287247072905,0.4914853968700558,1.2312557697296145,-0.0021287247072905,1.0,-0.0142920073121786,-0.0021287247072905,1.0,-0.0119455577805638
Cuedc1,0.0475604273378849,0.0193963646888732,-1.314404845237732,0.9888502385877284,-0.4197292923927307,-1.314404845237732,0.0073604384259412,-3.0551486015319824,-1.314404845237732,0.0543460464845329,-2.361415386199951
Mrps23,0.3549615144729614,0.5926994681358337,0.9246194958686828,1.3065035821715698e-11,7.12949800491333,0.9246194958686828,9.818537883986232e-14,7.88953971862793,0.9246194958686828,2.2405521139188835e-10,6.792171955108643
Msi2,0.3618611395359039,0.4614510536193847,0.4274950325489044,0.0016257738929384,3.585698127746582,0.4274950325489044,0.0050726701272514,3.1813864707946777,0.4274950325489044,0.0217743554518571,2.730494260787964
Akap1,0.0088031254708766,0.0153578901663422,0.8076299428939819,0.9888502385877284,0.5702193975448608,0.8076299428939819,0.4184756258627195,1.1557906866073608,0.8076299428939819,0.5282133287683867,1.0047982931137085
Scpep1,0.0186312049627304,0.0628103092312812,1.785364866256714,0.0321371321477586,2.612926959991455,1.785364866256714,0.0001000398421362,4.2745466232299805,1.785364866256714,0.0005488072386095,3.881477117538452
Coil,0.061854463070631,0.0518935061991214,-0.2605770826339721,0.9888502385877284,0.5625268816947937,-0.2605770826339721,0.5960598282627733,-0.7956615090370178,-0.2605770826339721,0.7154101621607387,-0.6537578701972961
Trim25,0.1699149906635284,0.2332338988780975,0.5041725039482117,0.0044492646807192,3.287257194519043,0.5041725039482117,0.0175493491192031,2.7536020278930664,0.5041725039482117,0.0533129605706711,2.368072032928467
Dgke,0.0727380141615867,0.0449705012142658,-0.7139568328857422,0.9888502385877284,-0.1818577945232391,-0.7139568328857422,0.0658158334594897,-2.216545581817627,-0.7139568328857422,0.1779976704295967,-1.7853683233261108
Gm525,0.0,0.0,0.0,0.9888502385877284,0.1005259156227111,0.0,1.0,0.0,0.0,1.0,0.0
Pctp,0.0158788803964853,0.0052107633091509,-1.6152511835098269,0.9888502385877284,-0.0324879437685012,-1.6152511835098269,0.0716835862975395,-2.1777141094207764,-1.6152511835098269,0.2304701102036169,-1.6329745054244995
Gm45716,0.0586162097752094,0.3027412593364715,2.550111532211304,1.053410362312861e-15,8.361799240112305,2.550111532211304,5.670238504877104e-22,10.38045597076416,2.550111532211304,6.547344596316255e-20,9.788457870483398
Mmd,0.0684487447142601,0.1997161954641342,1.64165997505188,1.930633055313545e-07,5.59390115737915,1.64165997505188,2.9881026685319866e-10,6.731940269470215,1.64165997505188,1.4311956519688433e-08,6.105836391448975
Hlf,0.0,0.0063194870017468,22.59593772888184,0.9888502385877284,0.5042726397514343,22.59593772888184,0.0604517943935042,2.25963830947876,22.59593772888184,0.0686829276507407,2.25963830947876
Stxbp4,0.0223130751401186,0.0187028776854276,-0.2572423219680786,0.9888502385877284,0.2637871503829956,-0.2572423219680786,0.8174353957792577,-0.4769670069217682,-0.2572423219680786,0.8943090826911752,-0.3936060070991516
Cox11,0.0614249110221862,0.0783718600869178,0.3638793230056762,0.179738468770653,1.8460620641708372,0.3638793230056762,0.3605486672689307,1.2643682956695557,0.3638793230056762,0.5087289784416571,1.067946195602417
Tom1l1,0.0016563703538849,0.0,-20.660789489746094,0.9888502385877284,0.0342056974768638,-20.660789489746094,0.3251422042400148,-1.336663007736206,-20.660789489746094,0.5606893972340967,-0.9367430806159972
Utp18,0.2429134547710418,0.2684429883956909,0.1633729636669159,0.1572215099297481,1.9152950048446653,0.1633729636669159,0.4679991859106411,1.0417488813400269,0.1633729636669159,0.597393856288568,0.8793814182281494
Mbtd1,0.2277010232210159,0.156175434589386,-0.597217321395874,0.718871948447971,-0.919894278049469,-0.597217321395874,0.0041346393311457,-3.243210554122925,-0.597217321395874,0.0275613480469461,-2.6405138969421387
Nme2,0.0303096491843462,0.0311040598899126,0.0379016660153865,0.8644862609645738,0.7434137463569641,0.0379016660153865,1.0,0.0900486260652542,0.0379016660153865,1.0,0.0753256678581237
Gm20390,0.0,0.0,0.0,0.9888502385877284,0.1005259156227111,0.0,1.0,0.0,0.0,1.0,0.0
Nme1,1.037834644317627,1.3595445156097412,0.6668820977210999,2.6269246800652823e-13,7.664092540740967,0.6668820977210999,7.574832589044115e-16,8.517324447631836,0.6668820977210999,1.9445260747760002e-11,7.170268535614014
Spag9,0.2756507396697998,0.415858656167984,0.7002065181732178,3.1285054131887526e-06,5.059306144714356,0.7002065181732178,4.749528086275447e-06,4.9545416831970215,0.7002065181732178,0.0001237692337504,4.262003421783447
Tob1,0.1513718515634536,0.1089948564767837,-0.5050684213638306,0.9888502385877284,-0.1490711122751236,-0.5050684213638306,0.0573480669797264,-2.278078317642212,-0.5050684213638306,0.1554171102509072,-1.858293294906616
Wfikkn2,0.0011498323874548,0.0369842685759067,5.033346176147461,0.3781908734083899,1.4122920036315918,5.033346176147461,0.0001427196073372,4.200464725494385,5.033346176147461,0.0001994767540192,4.161483287811279
Gm21885,0.0,0.0,0.0,0.9888502385877284,0.1005259156227111,0.0,1.0,0.0,0.0,1.0,0.0
Luc7l3,0.5463731288909912,0.8142391443252563,0.7905256152153015,1.1729200072162966e-10,6.808651447296143,0.7905256152153015,3.784970473104322e-13,7.693369388580322,0.7905256152153015,1.0379849990641656e-09,6.543928623199463
Ankrd40,0.1335144191980362,0.2236563563346862,0.8112460970878601,2.252903210798825e-05,4.64734411239624,0.8112460970878601,7.816882032324552e-05,4.3267822265625,0.8112460970878601,0.0008840689086475,3.7495853900909424
Abcc3,0.0011169956997036,0.0,-20.09199905395508,0.9888502385877284,0.0673658028244972,-20.09199905395508,0.4679991859106411,-1.0,-20.09199905395508,0.6832027011037286,-0.7008072733879089
Cacna1g,0.0,0.0,0.0,0.9888502385877284,0.1005259156227111,0.0,1.0,0.0,0.0,1.0,0.0
Mycbpap,0.0,0.0,0.0,0.9888502385877284,0.1005259156227111,0.0,1.0,0.0,0.0,1.0,0.0
Rsad1,0.0130251087248325,0.0154753448441624,0.2504478991031647,0.9888502385877284,0.4347409605979919,0.2504478991031647,0.8737511078841156,0.3969201743602752,0.2504478991031647,0.93304014761228,0.3345762491226196
Acsf2,0.0541204959154129,0.0264775231480598,-1.051481008529663,0.9888502385877284,-0.3972491323947906,-1.051481008529663,0.0200560757128792,-2.7024810314178467,-1.051481008529663,0.0878001795741983,-2.143871545791626
Lrrc59,0.1327731907367706,0.2797593474388122,1.184892654418945,1.3523176461059422e-08,6.057470321655273,1.184892654418945,9.435675595039691e-10,6.532484531402588,1.184892654418945,9.72677192173191e-08,5.76063871383667
Eme1,0.004348199814558,0.0129562942311167,1.5813812017440796,0.8945008838921533,0.7048016786575317,1.5813812017440796,0.1382478095837443,1.8604416847229004,1.5813812017440796,0.2133718270672645,1.6781498193740845
Mrpl27,0.1724935322999954,0.389718234539032,1.3399136066436768,1.6191827006270883e-14,8.023924827575684,1.3399136066436768,4.165981870609271e-16,8.635885238647461,1.3399136066436768,9.631646227593672e-13,7.61013126373291
Xylt2,0.0736513510346412,0.0458460561931133,-0.7041712999343872,0.9888502385877284,-0.0949992313981056,-0.7041712999343872,0.0625595268894475,-2.240062952041626,-0.7041712999343872,0.1734934439860189,-1.7991846799850464
Gm11541,0.0010607464937493,0.0,-20.017414093017575,0.9888502385877284,0.0673658028244972,-20.017414093017575,0.4679991859106411,-1.0,-20.017414093017575,0.6832027011037286,-0.7008072733879089
Cdc34b,0.0,0.0016941408393904,20.69334602355957,0.9888502385877284,0.1678170263767242,20.69334602355957,0.4679991859106411,1.0,20.69334602355957,0.5282133287683867,1.0
Col1a1,0.0010645929723978,0.0,-20.022640228271484,0.9888502385877284,0.0673658028244972,-20.022640228271484,0.4679991859106411,-1.0,-20.022640228271484,0.6832027011037286,-0.7008072733879089
Ppp1r9b,0.1988081634044647,0.2639525830745697,0.4577041566371918,0.0049640039762748,3.2536489963531494,0.4577041566371918,0.0239216611321198,2.6367805004119877,0.4577041566371918,0.0680546772579647,2.2599127292633057
Samd14,0.0009027667110785,0.0,-19.78464698791504,0.9888502385877284,0.0673658028244972,-19.78464698791504,0.4679991859106411,-1.0,-19.78464698791504,0.6832027011037286,-0.7008072733879089
Pdk2,0.0174947343766689,0.0050222091376781,-1.8095403909683228,0.9888502385877284,-0.1983631700277328,-1.8095403909683228,0.0510928037479355,-2.327559232711792,-1.8095403909683228,0.1838335901230979,-1.768232822418213
Itga3,0.0023517205845564,0.0162350442260503,2.7973523139953613,0.8383664917086351,0.7727649211883545,2.7973523139953613,0.0259418504467835,2.6094002723693848,2.7973523139953613,0.0405464601739003,2.486672163009644
Tac4,0.0,0.0,0.0,0.9888502385877284,0.1005259156227111,0.0,1.0,0.0,0.0,1.0,0.0
Kat7,0.1500410437583923,0.2552532255649566,0.8450279831886292,1.474986211419813e-05,4.739505290985107,0.8450279831886292,1.5339397735508587e-05,4.70178747177124,0.8450279831886292,0.0002484978166456,4.087490081787109
Fam117a,0.2198750972747802,0.2742334306240082,0.3595444560050964,0.0364768188245739,2.5634853839874268,0.3595444560050964,0.0715936036364936,2.179532766342163,0.3595444560050964,0.1534863191311926,1.8641724586486816
Slc35b1,0.1126628816127777,0.3306455612182617,1.7163175344467163,1.6938493293848362e-15,8.304067611694336,1.7163175344467163,2.9712847581731408e-18,9.279479026794434,1.7163175344467163,4.638650125262986e-15,8.346090316772461
Spop,0.3407240808010101,0.357240617275238,0.0808981209993362,0.3282193254950681,1.5033328533172607,0.0808981209993362,0.7311133509349192,0.5988469123840332,0.0808981209993362,0.8209425973839333,0.5004683136940002
Ngfr,0.0,0.0,0.0,0.9888502385877284,0.1005259156227111,0.0,1.0,0.0,0.0,1.0,0.0
Phb,0.2229733616113662,0.1826843917369842,-0.3175623714923858,0.9888502385877284,0.2444437742233276,-0.3175623714923858,0.1388129726164632,-1.8570361137390137,-0.3175623714923858,0.2734990792629764,-1.5260552167892456
Zfp652,0.3850067555904388,0.1562911123037338,-1.4730631113052368,2.7830535634201893e-07,-5.527282238006592,-1.4730631113052368,1.7950479300421753e-18,-9.21788215637207,-1.4730631113052368,9.229450680479056e-12,-7.303438186645508
Abi3,0.1583199352025985,0.0155553305521607,-3.4518368244171143,0.0014612593205845,-3.616393566131592,-3.4518368244171143,5.81276854087738e-23,-10.394694328308104,-3.4518368244171143,3.0934654244422237e-12,-7.529242038726807
Gngt2,0.1938481926918029,0.0425679199397563,-2.29836368560791,0.0024540787442835,-3.4674718379974365,-2.29836368560791,1.841451619257554e-18,-9.213411331176758,-2.29836368560791,1.6164362827461884e-10,-6.891984939575195
Snf8,0.3617084324359894,0.7005279660224915,1.2195457220077517,5.0232629104655404e-20,9.487300872802734,1.2195457220077517,8.376939311703857e-25,10.90914535522461,1.2195457220077517,1.1027491679113285e-18,9.377397537231444
Ube2z,0.1227761730551719,0.2505392730236053,1.124032974243164,4.753063725956334e-07,5.426681518554688,1.124032974243164,2.9174955451613913e-08,5.946073532104492,1.124032974243164,1.4426954384782091e-06,5.244661331176758
Atp5g1,1.1397775411605835,1.3875702619552612,0.4992254376411438,4.515028031900002e-10,6.604164123535156,0.4992254376411438,1.2870398020658735e-10,6.830079078674316,0.4992254376411438,9.397601739905341e-08,5.767002105712891
Calcoco2,0.0,0.0,0.0,0.9888502385877284,0.1005259156227111,0.0,1.0,0.0,0.0,1.0,0.0
Hoxb13,0.0,0.0,0.0,0.9888502385877284,0.1005259156227111,0.0,1.0,0.0,0.0,1.0,0.0
Hoxb7,0.0,0.0,0.0,0.9888502385877284,0.1005259156227111,0.0,1.0,0.0,0.0,1.0,0.0
Hoxb4,0.0205782633274793,0.0174725465476512,-0.2382788956165313,0.9888502385877284,0.3272693455219269,-0.2382788956165313,0.8337678519191261,-0.4531026482582092,-0.2382788956165313,0.9095356115178096,-0.3708644807338714
Hoxb3,0.0,0.0,0.0,0.9888502385877284,0.1005259156227111,0.0,1.0,0.0,0.0,1.0,0.0
Skap1,1.4202052354812622,1.1209744215011597,-0.6017055511474609,1.677386553420204e-17,-8.847699165344238,-0.6017055511474609,3.206985657182083e-15,-8.330687522888184,-0.6017055511474609,5.665461105835266e-11,-7.008489608764648
Snx11,0.0394609719514846,0.0698098689317703,0.8450960516929626,0.1962645229429609,1.7987865209579468,0.8450960516929626,0.0371257152632056,2.462730646133423,0.8450960516929626,0.0828489850435244,2.169823169708252
Cbx1,0.4164236187934875,0.5973183512687683,0.6619112491607666,3.805966122991796e-07,5.468057155609131,0.6619112491607666,9.54868290813896e-08,5.718947887420654,0.6619112491607666,1.0403026727234063e-05,4.833282470703125
Nfe2l1,0.1087048798799514,0.1350025832653045,0.3319253623485565,0.1466143504982176,1.9503968954086304,0.3319253623485565,0.2768133542080294,1.457339644432068,0.3319253623485565,0.4081897505782162,1.2438973188400269
Copz2,0.0,0.0,0.0,0.9888502385877284,0.1005259156227111,0.0,1.0,0.0,0.0,1.0,0.0
Cdk5rap3,0.1981193423271179,0.3355304300785064,0.8635976314544678,1.474616134984052e-07,5.642446517944336,0.8635976314544678,2.396979914242228e-07,5.552331447601318,0.8635976314544678,1.1152322257288352e-05,4.817475318908691
Prr15l,0.0,0.0016965424874797,20.695390701293945,0.9888502385877284,0.1678170263767242,20.695390701293945,0.4679991859106411,1.0,20.695390701293945,0.5282133287683867,1.0
Pnpo,0.1238069310784339,0.0786398574709892,-0.6878901720046997,0.9888502385877284,-0.2970966398715973,-0.6878901720046997,0.0139822345039054,-2.835038661956787,-0.6878901720046997,0.0652896645818698,-2.280759334564209
Sp2,0.1388675421476364,0.1418439596891403,0.0327925346791744,0.3257063098440287,1.5078140497207642,0.0327925346791744,1.0,0.1593436300754547,0.0327925346791744,1.0,0.1336632519960403
Sp6,0.0,0.001653233426623,20.658052444458008,0.9888502385877284,0.1678170263767242,20.658052444458008,0.4679991859106411,1.0,20.658052444458008,0.5282133287683867,1.0
Scrn2,0.0462005212903022,0.0413062907755374,-0.1651038527488708,0.8935924125747029,0.7081624865531921,-0.1651038527488708,0.8265506745124402,-0.4638009667396545,-0.1651038527488708,0.9030121857792408,-0.380187451839447
Lrrc46,0.0021685471292585,0.0,-21.049861907958984,0.9888502385877284,0.0342056974768638,-21.049861907958984,0.2942789202292576,-1.412584900856018,-21.049861907958984,0.5299909986835808,-0.9899497628211976
Mrpl10,0.1322975903749466,0.1692887395620346,0.3830530941486358,0.020797902676765,2.774918556213379,0.3830530941486358,0.1268212015259183,1.905192852020264,0.3830530941486358,0.2366231975211823,1.617151975631714
Osbpl7,0.0483893379569053,0.0762590542435646,0.6765318512916565,0.2646284908226788,1.6330605745315552,0.6765318512916565,0.0995342372926227,2.027573823928833,0.6765318512916565,0.1819407332620503,1.7732429504394531
Tbx21,0.0101771457120776,0.4439842700958252,5.771852970123291,8.040194461349067e-46,14.47580623626709,5.771852970123291,1.240714288134899e-53,18.02425193786621,5.771852970123291,3.618942908734581e-53,17.859737396240234
Tbkbp1,0.0021019736304879,0.0783197805285453,5.27490758895874,0.0039235587532072,3.326242685317993,5.27490758895874,5.549899726381706e-10,6.686191082000732,5.27490758895874,9.530663574463462e-10,6.627867698669434
Kpnb1,0.283505231142044,0.3112623393535614,0.1557694375514984,0.1635840542492041,1.8949806690216064,0.1557694375514984,0.4679991859106411,1.0530372858047483,0.1557694375514984,0.5934052937600195,0.886042058467865
Npepps,0.1808251440525055,0.2312415540218353,0.3924212455749511,0.012422834372323,2.9575977325439453,0.3924212455749511,0.0739133495702948,2.1643903255462646,0.3924212455749511,0.1594454889952754,1.8437525033950808
Mrpl45,0.1195699125528335,0.2003218233585357,0.8042675852775574,0.0003723107502473,3.9814534187316895,0.8042675852775574,0.0004108190874188,3.909317970275879,0.8042675852775574,0.0029065329406409,3.404106855392456
Gpr179,0.0,0.001727731199935,20.721694946289062,0.9888502385877284,0.1678170263767242,20.721694946289062,0.4679991859106411,1.0,20.721694946289062,0.5282133287683867,1.0
Socs7,0.072426900267601,0.0513203628361225,-0.512376606464386,0.9928006286590522,-0.0236004367470741,-0.512376606464386,0.2252141709773356,-1.580914855003357,-0.512376606464386,0.3760451805572101,-1.3027853965759275
Arhgap23,0.0003030791413038,0.0,-18.20955848693848,0.9888502385877284,0.0673658028244972,-18.20955848693848,0.4679991859106411,-1.0,-18.20955848693848,0.6832027011037286,-0.7008072733879089
Srcin1,0.0,0.0,0.0,0.9888502385877284,0.1005259156227111,0.0,1.0,0.0,0.0,1.0,0.0
Epop,0.0616265386343002,0.050354715436697,-0.2996318936347961,0.9307180215818032,0.6578995585441589,-0.2996318936347961,0.492349629384639,-0.9591389298439026,-0.2996318936347961,0.6634514070472308,-0.7809503078460693
Mllt6,0.2582404911518097,0.2654454410076141,0.0451239496469497,0.2927064978119549,1.5722670555114746,0.0451239496469497,0.951433283448919,0.2855121791362762,0.0451239496469497,0.9946897833213698,0.2394862174987793
Cisd3,0.1113331392407417,0.2938040494918823,1.5360361337661743,4.5563352470070926e-12,7.277896881103516,1.5360361337661743,3.9295428809928266e-14,8.049799919128418,1.5360361337661743,1.3693349618488055e-11,7.227771282196045
Pcgf2,0.001055086380802,0.0443214401602745,5.423898220062256,0.1466364007315908,1.950172781944275,5.423898220062256,1.1192534804385712e-05,4.800409317016602,5.423898220062256,1.599789015273162e-05,4.766688823699951
Psmb3,1.008221983909607,1.6890076398849487,1.3424338102340698,2.0693524051998464e-71,18.10750961303711,1.3424338102340698,2.382740042249778e-75,20.227670669555664,1.3424338102340698,2.4209588823658723e-53,16.842010498046875
Pip4k2b,0.091947890818119,0.1437275558710098,0.6825329065322876,0.0209205332015353,2.772752523422241,0.6825329065322876,0.0133046276887331,2.854485988616944,0.6825329065322876,0.040377277258424,2.4864330291748047
Cwc25,0.1256123632192611,0.1652835011482238,0.4252744615077972,0.0245146094957517,2.714124917984009,0.4252744615077972,0.0998488437469165,2.0254921913146973,0.4252744615077972,0.1956972341580927,1.7311352491378784
1700001P01Rik,0.002168285427615,0.0,-21.0496883392334,0.9888502385877284,0.0342056974768638,-21.0496883392334,0.2942789202292576,-1.4123200178146362,-21.0496883392334,0.5299909986835808,-0.9897641539573668
Rpl23,4.438239574432373,3.815007925033569,-0.9141330122947692,1.1722073853360296e-164,-27.56837272644043,-0.9141330122947692,2.6425556753383642e-256,-47.431270599365234,-0.9141330122947692,3.1113116115379242e-195,-39.86995315551758
Lasp1,0.2664834856986999,0.442876398563385,0.8676034808158875,1.9266884687548067e-08,5.997647762298584,0.8676034808158875,6.585157685524829e-09,6.198544025421143,0.8676034808158875,8.21446235906498e-07,5.355593204498291
B230217C12Rik,0.0191179383546113,0.0064392136409878,-1.5791356563568115,0.9888502385877284,-0.0992562696337699,-1.5791356563568115,0.0659674488165211,-2.2151482105255127,-1.5791356563568115,0.210885479487524,-1.6856240034103394
Fbxo47,0.0,0.0024317207280546,21.215301513671875,0.9888502385877284,0.2351081520318985,21.215301513671875,0.3654415703346315,1.2557287216186523,21.215301513671875,0.4017880871572554,1.2557287216186523
Plxdc1,0.0026972501073032,0.0868496000766754,5.070113658905029,0.0019957598943911,3.526771545410156,5.070113658905029,1.4740907784774863e-10,6.900335788726807,5.070113658905029,3.0555629887202274e-10,6.8139848709106445
Arl5c,0.519295334815979,0.2764438390731811,-1.096332311630249,1.5737009186907782e-07,-5.630720615386963,-1.096332311630249,8.90466287541961e-15,-8.17263126373291,-1.096332311630249,8.321305799133591e-10,-6.591241359710693
Cacnb1,0.0138872973620891,0.0016800097655504,-3.0560405254364014,0.9888502385877284,-0.2310004830360412,-3.0560405254364014,0.0170029555231527,-2.764298915863037,-3.0560405254364014,0.1156743421766527,-2.0127766132354736
Rpl19,4.285606861114502,3.825851440429688,-0.6750875115394592,3.734895060858329e-142,-25.599529266357425,-0.6750875115394592,1.1738423370104879e-175,-36.52778244018555,-0.6750875115394592,1.0409622818942424e-144,-31.57662010192871
Stac2,0.0,0.0,0.0,0.9888502385877284,0.1005259156227111,0.0,1.0,0.0,0.0,1.0,0.0
Fbxl20,0.1457227319478988,0.1246690452098846,-0.2406516522169113,0.9888502385877284,0.3637155890464782,-0.2406516522169113,0.4431108004013424,-1.1140329837799072,-0.2406516522169113,0.5672679200456683,-0.9259188771247864
Med1,0.3547313213348388,0.3381732702255249,-0.0815966054797172,0.9888502385877284,0.5301883220672607,-0.0815966054797172,0.7290087517756498,-0.6018192768096924,-0.0815966054797172,0.8209965052345998,-0.500087559223175
Cdk12,0.5050232410430908,0.395645409822464,-0.4369427859783172,0.0786421782758496,-2.244058132171631,-0.4369427859783172,0.0010532795782678,-3.647672891616821,-0.4369427859783172,0.0108517060169587,-2.980347156524658
Ppp1r1b,0.0,0.0,0.0,0.9888502385877284,0.1005259156227111,0.0,1.0,0.0,0.0,1.0,0.0
Stard3,0.1035725995898246,0.1443990468978881,0.5094771385192871,0.0531575689437793,2.411875009536743,0.5094771385192871,0.0628844412559252,2.238483428955078,0.5094771385192871,0.1360582470312138,1.9258780479431152
Tcap,0.0050806500948965,0.0016797479474917,-1.5992224216461182,0.9888502385877284,0.0348778627812862,-1.5992224216461182,0.4503068455861055,-1.1016104221343994,-1.5992224216461182,0.6242697103976365,-0.837688684463501
Pgap3,0.02673807926476,0.030176356434822,0.1770149022340774,0.9865393888147308,0.5882185101509094,0.1770149022340774,0.8852295389353789,0.3803521394729614,0.1770149022340774,0.9407755823131806,0.3224165737628937
Erbb2,0.0,0.0,0.0,0.9888502385877284,0.1005259156227111,0.0,1.0,0.0,0.0,1.0,0.0
Mien1,0.5174161195755005,0.8150343894958496,0.8938775658607483,6.893640651346882e-13,7.536157131195068,0.8938775658607483,2.6476825783019408e-17,8.94531536102295,0.8938775658607483,1.0064565296156872e-12,7.602874755859375
Grb7,0.0016505379462614,0.0398255288600921,4.620316982269287,0.2154805892282825,1.7477766275405884,4.620316982269287,2.225173517247713e-05,4.642006874084473,4.620316982269287,4.069320237279754e-05,4.548067092895508
Ikzf3,0.2354485243558883,0.7845345735549927,2.165987253189087,2.017232746424105e-49,15.039976119995115,2.165987253189087,6.3194523207187104e-55,17.32313346862793,2.165987253189087,3.956522561857412e-46,15.495670318603516
Zpbp2,0.0129865752533078,0.0212057810276746,0.7133824825286865,0.8700933060376965,0.735198438167572,0.7133824825286865,0.4112054434938028,1.1679304838180542,0.7133824825286865,0.5282133287683867,1.0128750801086426
Ormdl3,0.1210413873195648,0.143040657043457,0.25714311003685,0.1594573709552161,1.9075276851654053,0.25714311003685,0.3982859025823497,1.19139564037323,0.25714311003685,0.5282133287683867,1.0135444402694702
Gsdma,0.0,0.0,0.0,0.9888502385877284,0.1005259156227111,0.0,1.0,0.0,0.0,1.0,0.0
Psmd3,0.3218121826648712,0.4077982604503631,0.4074251353740692,0.0047816560237943,3.2653744220733643,0.4074251353740692,0.0064597727139398,3.1006133556365967,0.4074251353740692,0.0288037681710665,2.622636556625366
Csf3,0.0,0.0,0.0,0.9888502385877284,0.1005259156227111,0.0,1.0,0.0,0.0,1.0,0.0
Med24,0.0555250719189643,0.0687500163912773,0.3178594708442688,0.2472677778171055,1.6707018613815308,0.3178594708442688,0.4679991859106411,1.045857310295105,0.3178594708442688,0.5968063764042482,0.8802141547203064
Thra,0.1588982492685318,0.007645106408745,-4.48804235458374,0.0003064663214189,-4.030745506286621,-4.48804235458374,5.145234589768712e-27,-11.388398170471191,-4.48804235458374,6.671940733370562e-14,-8.108024597167969
Nr1d1,0.0141088245436549,0.0,-23.760284423828125,0.9888502385877284,-0.2973953783512115,-23.760284423828125,0.0020866153542729,-3.4539144039154053,-23.760284423828125,0.0477166388319938,-2.4205284118652344
Msl1,0.273201435804367,0.2811312675476074,0.0472627617418766,0.3395123958252211,1.48309326171875,0.0472627617418766,0.938959312992376,0.3034310638904571,0.0472627617418766,0.9856360737098772,0.2540061771869659
Casc3,0.1953205168247223,0.1768253892660141,-0.1572729498147964,0.6958313766728064,0.95051509141922,-0.1572729498147964,0.5350586155072435,-0.8894696235656738,-0.1572729498147964,0.6832027011037286,-0.7363677024841309
Rapgefl1,0.0009682253585197,0.0,-19.885683059692383,0.9888502385877284,0.0673658028244972,-19.885683059692383,0.4679991859106411,-1.0,-19.885683059692383,0.6832027011037286,-0.7008072733879089
Wipf2,0.2309865802526474,0.1892389208078384,-0.318768709897995,0.9996107313053814,0.0007468492840416,-0.318768709897995,0.1386614410917883,-1.8576899766922,-0.318768709897995,0.2710509226647819,-1.5324023962020874
Cdc6,0.0115482676774263,0.1056551337242126,3.2621612548828125,0.0002286164236907,4.104160785675049,3.2621612548828125,6.051161607011727e-11,7.026188373565674,3.2621612548828125,3.4081703421568e-10,6.770190715789795
Rara,0.1364303976297378,0.0753494575619697,-0.9013338685035706,0.637404365722728,-1.027216553688049,-0.9013338685035706,0.0010693935015511,-3.642225980758667,-0.9013338685035706,0.0130248234105984,-2.918114423751831
Top2a,0.1002820506691932,0.4365735948085785,2.3755791187286377,2.119825062532944e-18,9.08034324645996,2.3755791187286377,1.1661512773150425e-23,10.829605102539062,2.3755791187286377,1.4499065805562967e-21,10.236371040344238
Igfbp4,0.635468602180481,0.0016965424874797,-9.030441284179688,9.059324043699324e-40,-13.475550651550291,-9.030441284179688,3.5286066672709254e-105,-25.280561447143555,-9.030441284179688,7.839147382622698e-52,-17.73748207092285
Tns4,0.0,0.0,0.0,0.9888502385877284,0.1005259156227111,0.0,1.0,0.0,0.0,1.0,0.0
Ccr7,0.887027382850647,0.0055240401998162,-8.009970664978027,2.7409873970195587e-81,-19.329057693481445,-8.009970664978027,1.803456773289336e-177,-36.18461990356445,-8.009970664978027,3.2668321799788337e-87,-25.475566864013672
Smarce1,0.4342007040977478,0.4653362929821014,0.124049112200737,0.5484368479787199,1.148206114768982,0.124049112200737,0.4679991859106411,1.0424398183822632,0.124049112200737,0.601113697589225,0.8736083507537842
Krt222,0.0045060045085847,0.009595101699233,1.0941245555877686,0.9888502385877284,0.3702878654003143,1.0941245555877686,0.4561326513032849,1.0923662185668943,1.0941245555877686,0.5331154226078205,0.9799970388412476
Krt10,0.0451770648360252,0.0142144421115517,-1.690678358078003,0.9888502385877284,-0.484406441450119,-1.690678358078003,0.0010191820861574,-3.655616998672485,-1.690678358078003,0.0199196157754718,-2.7661492824554443
Eif1,2.5877785682678223,2.5869932174682617,-0.001224962179549,0.9888502385877284,-0.0558643266558647,-0.001224962179549,1.0,-0.0364232473075389,-0.001224962179549,1.0,-0.0305678900331258
Gast,0.0,0.0,0.0,0.9888502385877284,0.1005259156227111,0.0,1.0,0.0,0.0,1.0,0.0
Hap1,0.0,0.0,0.0,0.9888502385877284,0.1005259156227111,0.0,1.0,0.0,0.0,1.0,0.0
Jup,0.0012138502206653,0.004349042661488,1.8433692455291748,0.9888502385877284,0.2019480466842651,1.8433692455291748,0.5064783764481713,0.936102032661438,1.8433692455291748,0.5981391996669282,0.8782435655593872
P3h4,0.0010086804395541,0.015121485106647,3.916251182556152,0.8673548860792544,0.7395301461219788,3.916251182556152,0.0146548038311132,2.826361656188965,3.916251182556152,0.0198902550050837,2.768441200256348
Fkbp10,0.0,0.0,0.0,0.9888502385877284,0.1005259156227111,0.0,1.0,0.0,0.0,1.0,0.0
Nt5c3b,0.1934607625007629,0.4066805243492126,1.2333396673202517,3.9791923152841857e-13,7.609572410583496,1.2333396673202517,8.890346711001943e-15,8.230253219604492,1.2333396673202517,1.3460143782859055e-11,7.225418567657471
Klhl10,0.0,0.0,0.0,0.9888502385877284,0.1005259156227111,0.0,1.0,0.0,0.0,1.0,0.0
Klhl11,0.0277386847883462,0.0305537860840559,0.1414923071861267,0.9635939781617684,0.6170468926429749,0.1414923071861267,0.9327548464539346,0.3123310208320617,0.1414923071861267,0.9792778869631058,0.2634909749031067
Acly,0.2060738652944564,0.354615569114685,0.8952438831329346,2.553377766603129e-07,5.543414115905762,0.8952438831329346,8.873337287613295e-08,5.740315437316895,0.8952438831329346,4.92593200987721e-06,4.9920334815979
Ttc25,0.0011054982896894,0.0,-20.07706451416016,0.9888502385877284,0.0673658028244972,-20.07706451416016,0.4679991859106411,-1.0,-20.07706451416016,0.6832027011037286,-0.7008072733879089
Cnp,0.6052455902099609,0.6454451084136963,0.1247744560241699,0.7841538155680273,0.8389357924461365,0.1247744560241699,0.4164878337557506,1.1590027809143066,0.1247744560241699,0.5317372968431318,0.9828810691833496
Dnajc7,0.5940942168235779,0.5423436760902405,-0.1723309606313705,0.2362259857989799,-1.6966174840927124,-0.1723309606313705,0.213917537775743,-1.610211968421936,-0.1723309606313705,0.3569907888236906,-1.3400943279266355
Nkiras2,0.0537008382380008,0.1054522171616554,1.0113987922668457,0.0151398521379686,2.888887643814087,1.0113987922668457,0.0018264104683504,3.4954209327697754,1.0113987922668457,0.0078364917667978,3.089307308197021
Zfp385c,0.0,0.0,0.0,0.9888502385877284,0.1005259156227111,0.0,1.0,0.0,0.0,1.0,0.0
Dhx58,0.0536914877593517,0.104419395327568,0.9966989159584044,0.0355652738704827,2.573941469192505,0.9966989159584044,0.0039662803260349,3.260875940322876,0.9966989159584044,0.0141197222246943,2.8880391120910645
Kat2a,0.0913574546575546,0.0737995281815528,-0.3207504749298095,0.9888502385877284,0.5196577310562134,-0.3207504749298095,0.3806377963850553,-1.2244302034378052,-0.3207504749298095,0.5282133287683867,-1.004394292831421
Hspb9,0.0009847324108704,0.0020942485425621,1.0894289016723633,0.9888502385877284,0.1347316056489944,1.0894289016723633,0.8158366599355181,0.4794359803199768,1.0894289016723633,0.8621370010999119,0.4399415850639343
Rab5c,0.3490790128707886,0.6012992858886719,0.980819582939148,1.1627159862034602e-12,7.465729236602783,0.980819582939148,2.0524476908046128e-14,8.101116180419922,0.980819582939148,7.269542948334334e-11,6.967565059661865
Kcnh4,0.0010536814806982,0.0,-20.007768630981445,0.9888502385877284,0.0673658028244972,-20.007768630981445,0.4679991859106411,-1.0,-20.007768630981445,0.6832027011037286,-0.7008072733879089
Ghdc,0.010010102763772,0.0228732991963624,1.2015118598937988,0.7071696883540279,0.9350553154945374,1.2015118598937988,0.1249164225088027,1.913590669631958,1.2015118598937988,0.2027628949751875,1.7083638906478882
Stat5b,0.2338532507419586,0.2273631393909454,-0.0454665645956993,0.43840765136385,1.315126895904541,-0.0454665645956993,0.9567077027079608,-0.2781111299991607,-0.0454665645956993,0.9993138973103208,-0.2321207076311111
Stat5a,0.1561094969511032,0.1671876311302185,0.1071163639426231,0.1531848168205829,1.9289623498916624,0.1071163639426231,0.7654217464474362,0.5508080720901489,0.1071163639426231,0.8473138256104458,0.4614289999008178
Stat3,0.4723755717277527,0.5913271903991699,0.4173975586891174,0.0039484029808933,3.324226140975952,0.4173975586891174,0.0010386652688669,3.653729915618897,0.4173975586891174,0.0076767512374357,3.0959343910217285
Cavin1,0.0,0.0,0.0,0.9888502385877284,0.1005259156227111,0.0,1.0,0.0,0.0,1.0,0.0
Atp6v0a1,0.0003030791413038,0.0027442602440714,3.180408000946045,0.9888502385877284,0.2693138420581817,3.180408000946045,0.2842969587376194,1.4419713020324707,3.180408000946045,0.3228565027208686,1.4186094999313354
Naglu,0.0330150201916694,0.0158866979181766,-1.0677090883255005,0.9888502385877284,-0.1444406509399414,-1.0677090883255005,0.0707281012886095,-2.184004068374634,-1.0677090883255005,0.2013834449011298,-1.7143489122390747
Coasy,0.0880971848964691,0.0870681628584861,-0.0177037268877029,0.7227818570241697,0.9150397181510924,-0.0177037268877029,1.0,-0.0688357353210449,-0.0177037268877029,1.0,-0.0576442889869213
Mlx,0.206022173166275,0.2454530596733093,0.2821601629257202,0.0213031661326612,2.765582799911499,0.2821601629257202,0.1768213165743212,1.7240804433822632,0.2821601629257202,0.3056091846989587,1.4546736478805542
Psmc3ip,0.0353419110178947,0.0944790318608284,1.4617340564727783,0.0073759041590859,3.1294479370117188,1.4617340564727783,5.350213141978959e-05,4.422697067260742,1.4617340564727783,0.0003722123199634,3.985011339187622
Retreg3,0.1713863462209701,0.1569660305976867,-0.1374865770339965,0.8769771985405768,0.7269830703735352,-0.1374865770339965,0.6545214157816809,-0.7085329294204712,-0.1374865770339965,0.758772118208944,-0.5901646018028259
Tubg1,0.0879994928836822,0.1416996568441391,0.7267469763755798,0.0051523283913903,3.242446184158325,0.7267469763755798,0.0073079853063288,3.0610413551330566,0.7267469763755798,0.0256955793662638,2.6670379638671875
Tubg2,0.0011317688040435,0.0005947765312157,-0.9285458922386168,0.9888502385877284,0.1345822364091873,-0.9285458922386168,0.8577750536517506,-0.4200048744678497,-0.9285458922386168,0.9475170491293364,-0.31202432513237
Plekhh3,0.0,0.0044524492695927,22.089380264282227,0.9888502385877284,0.3023992776870727,22.089380264282227,0.1899584925811619,1.6812117099761963,22.089380264282227,0.212827455665411,1.6812117099761963
Cntnap1,0.0,0.0015153212007135,20.532285690307617,0.9888502385877284,0.1678170263767242,20.532285690307617,0.4679991859106411,1.0,20.532285690307617,0.5282133287683867,1.0
Ccr10,0.0,0.0102876415476202,23.301836013793945,0.9452671725632862,0.6388548612594604,23.301836013793945,0.0173312485175924,2.765142679214477,23.301836013793945,0.020157525220555,2.765142679214477
Ezh1,0.1644426882266998,0.1503952890634536,-0.1392243951559066,0.9496532062952036,0.6334775686264038,-0.1392243951559066,0.6664860776308574,-0.6905704736709595,-0.1392243951559066,0.7675444676537853,-0.577159583568573
Ramp2,0.0009638330084271,0.0008873788174241,-0.1192881315946579,0.9888502385877284,0.1345822364091873,-0.1192881315946579,1.0,-0.0583566203713417,-0.1192881315946579,1.0,-0.0467110574245452
Vps25,0.0156949553638696,0.0214061327278614,0.4518556296825409,0.976535649756148,0.5995705723762512,0.4518556296825409,0.6123475952395554,0.7716221809387207,0.4518556296825409,0.7104537716602821,0.6611794829368591
Wnk4,0.0011446445714682,0.0018977961735799,0.7299683094024658,0.9888502385877284,0.1345822364091873,0.7299683094024658,0.9130776943527944,0.3398288488388061,0.7299683094024658,0.9552870117939268,0.300794780254364
Coa3,0.405818223953247,0.5137976408004761,0.424205332994461,0.003765307060485,3.3386402130126958,0.424205332994461,0.0011429397476748,3.625988483428955,0.424205332994461,0.0083603423427333,3.0675692558288574
Cntd1,0.0088229347020387,0.0061710979789495,-0.5176465511322021,0.9888502385877284,0.1354784518480301,-0.5176465511322021,0.74805526368204,-0.5764328837394714,-0.5176465511322021,0.8461699087498251,-0.4633949398994446
Becn1,0.2822350859642029,0.3680898249149322,0.4484418630599975,0.0018795940664464,3.544696092605591,0.4484418630599975,0.0055605517318242,3.150338888168335,0.4484418630599975,0.0235635212099008,2.7004964351654053
Psme3,0.1609572470188141,0.2793397605419159,0.8838688731193542,2.2140964150973863e-06,5.1286139488220215,0.8838688731193542,1.7637007471500445e-06,5.161713123321533,0.8838688731193542,4.812736094810098e-05,4.4894795417785645
Aoc2,0.0306920073926448,0.0062828171066939,-2.3060412406921387,0.9792891977942936,-0.595836341381073,-2.3060412406921387,0.0014981154862783,-3.546053647994995,-2.3060412406921387,0.0248923052020355,-2.6827359199523926
Aoc3,0.0011002594837918,0.0,-20.070207595825195,0.9888502385877284,0.0673658028244972,-20.070207595825195,0.4679991859106411,-1.0,-20.070207595825195,0.6832027011037286,-0.7008072733879089
Gm27029,0.0051507400348782,0.0053656925447285,0.0591397024691104,0.9888502385877284,0.3362315595149994,0.0591397024691104,1.0,0.0656806305050849,0.0591397024691104,1.0,0.0532925650477409
Aarsd1,0.0277101807296276,0.0182120464742183,-0.6124007105827332,0.9888502385877284,0.057059284299612,-0.6124007105827332,0.372825346375588,-1.239954948425293,-0.6124007105827332,0.5282133287683867,-1.0014528036117554
Ptges3l,0.0101685337722301,0.0176158100366592,0.7981435656547546,0.9746541526091148,0.6016618013381958,0.7981435656547546,0.3935304113266034,1.1997945308685305,0.7981435656547546,0.5199469366634185,1.0493338108062744
Rundc1,0.0486175641417503,0.034792561084032,-0.4927407205104828,0.9888502385877284,0.1659499108791351,-0.4927407205104828,0.3355320513377526,-1.3154709339141846,-0.4927407205104828,0.5019514151309782,-1.0788359642028809
Rpl27,3.5330076217651367,3.592801094055176,0.0887812599539756,0.0015560752413931,3.598245143890381,0.0887812599539756,0.0002090790886175,4.081820487976074,0.0887812599539756,0.0024297756880962,3.4582834243774414
Ifi35,0.3903565108776092,0.573598325252533,0.6980051398277283,6.947835040185209e-07,5.354610443115234,0.6980051398277283,3.48660914331311e-08,5.904754638671875,0.6980051398277283,3.60106469250826e-06,5.057375907897949
Vat1,0.0217460375279188,0.0423010848462581,0.974848449230194,0.4349040377708848,1.3199814558029177,0.974848449230194,0.0755490552419136,2.15559983253479,0.974848449230194,0.1417613909602214,1.905283808708191
Rnd2,0.0,0.0008045358699746,19.618379592895508,0.9888502385877284,0.1678170263767242,19.618379592895508,0.4679991859106411,1.0,19.618379592895508,0.5282133287683867,1.0
Brca1,0.0130677372217178,0.0657690092921257,2.369663953781128,0.0213941523217749,2.76393985748291,2.369663953781128,4.321895067159649e-06,4.9941253662109375,2.369663953781128,2.0313298190563835e-05,4.694426536560059
Nbr1,0.1372747719287872,0.1200716942548751,-0.2058457732200622,0.9888502385877284,0.5183880925178528,-0.2058457732200622,0.5145622830369982,-0.9227253794670104,-0.2058457732200622,0.6717378926857128,-0.7684314250946045
Tmem106a,0.0103337354958057,0.0125960698351264,0.2872466444969177,0.9888502385877284,0.4685732424259186,0.2872466444969177,0.8590442527260389,0.4178508222103119,0.2872466444969177,0.9235988411861802,0.34955033659935
Rdm1,0.0979548469185829,0.1312988400459289,0.4471776783466339,0.1054526324014033,2.1105213165283203,0.4471776783466339,0.1265972880874622,1.906539797782898,0.4471776783466339,0.227063383097786,1.640572190284729
Arl4d,0.0174044147133827,0.0845451578497886,2.3291120529174805,0.0333464915717888,2.598587274551392,2.3291120529174805,2.7841636043110306e-06,5.088012218475342,2.3291120529174805,1.2360491333721816e-05,4.806074619293213
Dhx8,0.180072396993637,0.1715755313634872,-0.0760419070720672,0.5432237541388147,1.1561973094940186,-0.0760419070720672,0.866153413586058,-0.4084146618843078,-0.0760419070720672,0.9301027577771788,-0.3396730124950409
Etv4,0.0,0.0027128078509122,21.373313903808597,0.9888502385877284,0.2351081520318985,21.373313903808597,0.2943306606944322,1.4113894701004028,21.373313903808597,0.3254549957022156,1.4113894701004028
Dusp3,0.0003030791413038,0.0244425721466541,6.351001739501953,0.5999064243267126,1.0777034759521484,6.351001739501953,0.0009792651171162,3.687091112136841,6.351001739501953,0.0011851728990793,3.68300461769104
Mpp3,0.0,0.0,0.0,0.9888502385877284,0.1005259156227111,0.0,1.0,0.0,0.0,1.0,0.0
Cd300lg,0.0,0.0,0.0,0.9888502385877284,0.1005259156227111,0.0,1.0,0.0,0.0,1.0,0.0
Mpp2,0.0010895928135141,0.0042969482019543,1.9818369150161743,0.9888502385877284,0.4034479856491089,1.9818369150161743,0.3000088328971165,1.394120216369629,1.9818369150161743,0.4012987724362683,1.2558091878890991
Tmem101,0.0390697233378887,0.0885318592190742,1.216204285621643,0.0376361167390712,2.5510878562927246,1.216204285621643,0.0008340031633841,3.720516681671143,1.216204285621643,0.0036577477592864,3.3353826999664307
Lsm12,0.3927977085113525,0.6697150468826294,0.9871134757995604,4.14557863947161e-14,7.904204845428467,0.9871134757995604,4.7131191368755733e-17,8.880115509033203,0.9871134757995604,1.0478542384491801e-12,7.596141338348389
G6pc3,0.0574931725859642,0.115161582827568,1.0443944931030271,0.0055393002078254,3.219965934753418,1.0443944931030271,0.0005939042655017,3.812509775161743,1.0443944931030271,0.0033202850083287,3.3638198375701904
Hdac5,0.0593068301677703,0.0787623897194862,0.4235041439533233,0.3105807121047143,1.5365676879882812,0.4235041439533233,0.3059020318160489,1.3788435459136963,0.4235041439533233,0.4384430696101923,1.184160828590393
BC030867,0.001483627827838,0.0092541091144084,2.6465744972229004,0.9452671725632862,0.6395270228385925,2.6465744972229004,0.0584878204665307,2.2724125385284424,2.6465744972229004,0.0893623393718588,2.1362264156341557
Asb16,0.0,0.0,0.0,0.9888502385877284,0.1005259156227111,0.0,1.0,0.0,0.0,1.0,0.0
Tmub2,0.0863891988992691,0.1007139459252357,0.231835052371025,0.1792154889906234,1.847705125808716,0.231835052371025,0.5184732919810967,0.916614294052124,0.231835052371025,0.6677847258382127,0.7745351195335388
Atxn7l3,0.1780642867088318,0.2030779123306274,0.2082513719797134,0.0785528565112819,2.24465560913086,0.2082513719797134,0.4141458560732592,1.163165807723999,0.2082513719797134,0.5331154226078205,0.9799947142601012
Ubtf,0.5039538741111755,0.6509219408035278,0.4853534996509552,0.0001633142672642,4.187808036804199,0.4853534996509552,6.71067917351275e-05,4.359842777252197,0.4853534996509552,0.0011068548476761,3.688168525695801
Rundc3a,0.0087878666818141,0.0129640642553567,0.5639511346817017,0.9888502385877284,0.2386930286884308,0.5639511346817017,0.686908400954846,0.6627911329269409,0.5639511346817017,0.7573452756745741,0.5921136736869812
Slc25a39,0.1076819151639938,0.1605406105518341,0.6151440739631653,0.0101335313725903,3.026009321212769,0.6151440739631653,0.0157104185408114,2.7951531410217285,0.6151440739631653,0.0471151083328372,2.4211113452911377
Grn,0.023632314056158,0.0471674129366874,1.0141067504882812,0.4946054682672564,1.226923942565918,1.0141067504882812,0.0595201373511374,2.263367176055908,1.0141067504882812,0.1124914401526253,2.02492618560791
Fam171a2,0.0,0.0,0.0,0.9888502385877284,0.1005259156227111,0.0,1.0,0.0,0.0,1.0,0.0
Itga2b,0.0062134037725627,0.0021024192683398,-1.566300392150879,0.9994412017932364,0.001643068389967,-1.566300392150879,0.4144256262540234,-1.1624422073364258,-1.566300392150879,0.5849147828288606,-0.899542510509491
Gpatch8,0.4113958179950714,0.4135600924491882,0.0092381350696086,0.9118172795799832,0.6834417581558228,0.0092381350696086,1.0,0.0734497457742691,0.0092381350696086,1.0,0.0615886710584163
Ccdc43,0.0713795572519302,0.1097163707017898,0.6482672095298767,0.0471784695586391,2.461839199066162,0.6482672095298767,0.0461559638232975,2.3725268840789795,0.6482672095298767,0.1040693059839684,2.062938690185547
Adam11,0.0,0.0,0.0,0.9888502385877284,0.1005259156227111,0.0,1.0,0.0,0.0,1.0,0.0
Gjc1,0.0,0.0,0.0,0.9888502385877284,0.1005259156227111,0.0,1.0,0.0,0.0,1.0,0.0
Eftud2,0.1846052259206771,0.2304763495922088,0.3544078469276428,0.0074016641255119,3.1282529830932617,0.3544078469276428,0.0904338920858615,2.0723392963409424,0.3544078469276428,0.1880889362262377,1.7544405460357666
Ccdc103,0.0,0.0,0.0,0.9888502385877284,0.1005259156227111,0.0,1.0,0.0,0.0,1.0,0.0
Kif18b,0.0031826824415475,0.015599955804646,2.3021974563598637,0.552139031561047,1.1431275606155396,2.3021974563598637,0.0187830352148469,2.7302613258361816,2.3021974563598637,0.0417875041753911,2.4722278118133545
C1ql1,0.0,0.0,0.0,0.9888502385877284,0.1005259156227111,0.0,1.0,0.0,0.0,1.0,0.0
Dcakd,0.0382458232343196,0.0452813208103179,0.2487241625785827,0.6854241212261677,0.9637343287467957,0.2487241625785827,0.6966629496189315,0.6477901935577393,0.2487241625785827,0.7856975185788052,0.5508601069450378
Nmt1,0.2509476542472839,0.3936317265033722,0.7579033374786377,2.654479384940596e-07,5.536095142364502,0.7579033374786377,1.2702269820810278e-06,5.225658416748047,0.7579033374786377,4.707603709534802e-05,4.494647026062012
Plcd3,0.0,0.0018327396828681,20.806894302368164,0.9888502385877284,0.1678170263767242,20.806894302368164,0.4679991859106411,1.0,20.806894302368164,0.5282133287683867,1.0
Acbd4,0.0432465933263301,0.0625494197010994,0.5464568734169006,0.4584257207271446,1.283684492111206,0.5464568734169006,0.2401826676203332,1.542749047279358,0.5464568734169006,0.3578144992146579,1.3383139371871948
Hexim1,0.2303088307380676,0.1500885784626007,-0.6774552464485168,0.6121741294076272,-1.0600779056549072,-0.6774552464485168,0.000734014165336,-3.7483725547790527,-0.6774552464485168,0.0094961130611471,-3.0255448818206787
Hexim2,0.0097301332280039,0.0089923255145549,-0.1142982766032219,0.9888502385877284,0.2354068905115127,-0.1142982766032219,1.0,-0.1444688886404037,-0.1142982766032219,1.0,-0.1188792958855629
Fmnl1,0.3807910978794098,0.5874435305595398,0.7864974737167358,2.7153185288394143e-09,6.322004318237305,0.7864974737167358,3.5736411923322264e-10,6.672662734985352,0.7864974737167358,1.505464788807611e-07,5.680027961730957
Map3k14,0.1318894773721695,0.0547729134559631,-1.324288010597229,0.2796789374549918,-1.5991536378860474,-1.324288010597229,2.115394354055561e-06,-5.110340118408203,-1.324288010597229,0.0003504312339524,-4.004663467407227
Arhgap27,0.0938020125031471,0.101593293249607,0.120826318860054,0.5550932772880404,1.1381982564926147,0.120826318860054,0.8218253693078155,0.4705477356910705,0.120826318860054,0.8897139767787046,0.399925023317337
Plekhm1,0.0603011958301067,0.0613256990909576,0.0250515490770339,0.8324883754100096,0.7809056043624878,0.0250515490770339,1.0,0.0781643986701965,0.0250515490770339,1.0,0.0660823732614517
Gosr2,0.1191871911287307,0.2433838993310928,1.1222989559173584,2.1360217552601258e-07,5.575603485107422,1.1222989559173584,2.562594098760728e-08,5.968387603759766,1.1222989559173584,1.4525696012252005e-06,5.243029594421387
Wnt3,0.0,0.0,0.0,0.9888502385877284,0.1005259156227111,0.0,1.0,0.0,0.0,1.0,0.0
Nsf,0.2482167482376098,0.2321629971265792,-0.1085060387849807,0.6848148901963794,0.964705228805542,-0.1085060387849807,0.6792934599418123,-0.672910213470459,-0.1085060387849807,0.7799252259846662,-0.559479296207428
Arf2,0.0365344807505607,0.0507479384541511,0.4844181537628174,0.4380812470913816,1.3157243728637695,0.4844181537628174,0.334163447649287,1.3184196949005127,0.4844181537628174,0.4688023742093063,1.133481502532959
Mapt,0.0215739365667104,0.0011737002059817,-4.214895725250244,0.9888502385877284,-0.4967294633388519,-4.214895725250244,0.0002430832301622,-4.04311466217041,-4.214895725250244,0.0149660254565547,-2.8732779026031494
Kansl1,0.4801112711429596,0.4473459422588348,-0.1274331659078598,0.9888502385877284,-0.4260775148868561,-0.1274331659078598,0.4649957969091358,-1.0768415927886963,-0.1274331659078598,0.5894055614180848,-0.8926646709442139
Cdc27,0.0816846787929534,0.1523008346557617,0.9507182240486144,0.0011617749128842,3.67987585067749,0.9507182240486144,0.0002919570492011,4.000144004821777,0.9507182240486144,0.0020543847712462,3.508539915084839
Myl4,0.0097963502630591,0.0913271754980087,3.2800354957580566,0.0002258412527478,4.107073783874512,3.2800354957580566,1.0265003908027828e-10,6.9368438720703125,3.2800354957580566,7.331398089387592e-10,6.637586116790772
Itgb3,0.0629611164331436,0.0881417468190193,0.5037572383880615,0.1154990010266474,2.068025588989258,0.5037572383880615,0.1674687617873622,1.7580785751342771,0.5037572383880615,0.2874034763306975,1.4946914911270142
Gm11639,0.0,0.0,0.0,0.9888502385877284,0.1005259156227111,0.0,1.0,0.0,0.0,1.0,0.0
Mettl2,0.0768289789557457,0.0494262762367725,-0.6563472151756287,0.9888502385877284,-0.3691675961017608,-0.6563472151756287,0.0790167157553788,-2.1340575218200684,-0.6563472151756287,0.1919559350532514,-1.7432448863983154
Tlk2,0.1832360327243805,0.1751759797334671,-0.0708858892321586,0.8658853343524379,0.7419947385787964,-0.0708858892321586,0.8854768640372875,-0.3799172341823578,-0.0708858892321586,0.9429826770635106,-0.3189036250114441
Mrc2,0.0,0.0,0.0,0.9888502385877284,0.1005259156227111,0.0,1.0,0.0,0.0,1.0,0.0
Tanc2,0.0144292674958705,0.0369593948125839,1.3732646703720093,0.4688881352447196,1.2654614448547363,1.3732646703720093,0.0277247602480099,2.5808985233306885,1.3732646703720093,0.0570291498224004,2.339841365814209
Cyb561,0.0,0.0029315461870282,21.4853458404541,0.9888502385877284,0.2351081520318985,21.4853458404541,0.2985032955003051,1.3986103534698486,21.4853458404541,0.3300807793251876,1.3986103534698486
Ace,0.0,0.0,0.0,0.9888502385877284,0.1005259156227111,0.0,1.0,0.0,0.0,1.0,0.0
Kcnh6,0.005156576167792,0.0075984140858054,0.5610482096672058,0.9888502385877284,0.2035911083221435,0.5610482096672058,0.781887468369409,0.5274099707603455,0.5610482096672058,0.8420196715790217,0.4701194763183594
Dcaf7,0.229374349117279,0.2672551870346069,0.2489689439535141,0.0494456291651236,2.442346572875977,0.2489689439535141,0.2406010173348321,1.5414010286331177,0.2489689439535141,0.3759744078881128,1.3029147386550903
Taco1,0.0128798950463533,0.033884473145008,1.4107141494750977,0.4673948211824593,1.268598198890686,1.4107141494750977,0.0332364901954658,2.508988380432129,1.4107141494750977,0.0670919778179812,2.2675907611846924
Map3k3,0.1276245713233947,0.0771075189113617,-0.764024555683136,0.9888502385877284,-0.394784539937973,-0.764024555683136,0.0046764357404307,-3.2040700912475586,-0.764024555683136,0.0338176438065134,-2.560805559158325
Limd2,1.9763470888137815,1.7036737203598022,-0.4680335521697998,1.47616006652444e-18,-9.1209716796875,-0.4680335521697998,1.2723183475276522e-15,-8.469472885131836,-0.4680335521697998,8.583032772710171e-12,-7.291384696960449
Strada,0.1012672036886215,0.0753318220376968,-0.4458192884922027,0.9888502385877284,0.0440641082823276,-0.4458192884922027,0.1824493605006482,-1.7033517360687256,-0.4458192884922027,0.3306120298935928,-1.395359992980957
Ccdc47,0.309683233499527,0.2966513335704803,-0.0719001963734626,0.841287022497268,0.7691053748130798,-0.0719001963734626,0.7971224821297432,-0.5056813955307007,-0.0719001963734626,0.8758251140542842,-0.4200637936592102
Ddx42,0.3688972890377044,0.3472829461097717,-0.103627510368824,0.9888502385877284,0.3783538341522217,-0.103627510368824,0.6062991784507705,-0.7801482677459717,-0.103627510368824,0.7192820826872552,-0.6479077339172363
Ftsj3,0.2437750697135925,0.2311978340148925,-0.0858541056513786,0.4447460104181236,1.3039988279342651,-0.0858541056513786,0.7849715142841878,-0.5228419303894043,-0.0858541056513786,0.8667367615399667,-0.4333409667015075
Psmc5,0.442612886428833,0.6213027834892273,0.6295217275619507,3.756617388082692e-06,5.021665096282959,0.6295217275619507,9.51734048337857e-08,5.720799446105957,0.6295217275619507,9.266355410705095e-06,4.857785224914551
Smarcd2,0.2667774260044098,0.2811616063117981,0.0866120308637619,0.348755275436816,1.4663639068603516,0.0866120308637619,0.7537574227118018,0.5684863924980164,0.0866120308637619,0.8368336576662283,0.4784247279167175
Tcam1,0.0010607464937493,0.0,-20.017414093017575,0.9888502385877284,0.0673658028244972,-20.017414093017575,0.4679991859106411,-1.0,-20.017414093017575,0.6832027011037286,-0.7008072733879089
Cd79b,0.1109212189912796,0.0648392289876937,-0.8083245754241943,0.9200989457461444,-0.6742555499076843,-0.8083245754241943,0.0114188621276395,-2.9065866470336914,-0.8083245754241943,0.0524106610333515,-2.375964403152466
Scn4a,0.0,0.0,0.0,0.9888502385877284,0.1005259156227111,0.0,1.0,0.0,0.0,1.0,0.0
Icam2,0.2315590381622314,0.1560189872980117,-0.6259077787399292,0.6300608478722477,-1.0369255542755127,-0.6259077787399292,0.0018198969365889,-3.4916446208953857,-0.6259077787399292,0.0155734802694636,-2.852848768234253
Ern1,0.0080022504553198,0.0850689262151718,3.466177463531494,0.0011384131469601,3.685402393341065,3.466177463531494,7.561113238123382e-10,6.616525650024414,3.466177463531494,3.764372192516557e-09,6.365384578704834
Tex2,0.028406273573637,0.0499922782182693,0.8311685919761658,0.4423030439751944,1.3087786436080933,0.8311685919761658,0.1039940949259233,2.006054162979126,0.8311685919761658,0.1829103091617163,1.770129680633545
Pecam1,0.3991924822330475,0.2756445109844208,-0.6283988356590271,0.0715622227340188,-2.2867777347564697,-0.6283988356590271,6.749956811838105e-05,-4.355105400085449,-0.6283988356590271,0.0017150975946848,-3.5624067783355717
Milr1,0.0573576614260673,0.0547139048576355,-0.0700037032365799,0.7625039379307077,0.8641046285629272,-0.0700037032365799,0.9961486707437,-0.2212175577878952,-0.0700037032365799,1.0,-0.1831417232751846
Polg2,0.0939034596085548,0.1094294562935829,0.2321402877569198,0.2049254089403077,1.7757835388183594,0.2321402877569198,0.4902524926061736,0.9629524946212769,0.2321402877569198,0.6396480102877256,0.8144333958625793
Ddx5,2.4067327976226807,2.1868858337402344,-0.3527377545833587,2.3576714138496852e-18,-9.06846809387207,-0.3527377545833587,1.8320485243757962e-14,-8.09531021118164,-0.3527377545833587,2.8735038785033685e-10,-6.755768775939941
Cep95,0.0936987251043319,0.0674377158284187,-0.4936715960502624,0.9888502385877284,0.2410082668066024,-0.4936715960502624,0.145650375625079,-1.832702159881592,-0.4936715960502624,0.2922274983389922,-1.4844144582748413
Smurf2,0.1430651545524597,0.0843120515346527,-0.8060459494590759,0.7109879709758201,-0.9299767017364502,-0.8060459494590759,0.0019349558568631,-3.4726316928863525,-0.8060459494590759,0.0187331959219556,-2.786912202835083
Kpna2,0.0118972193449735,0.028352253139019,1.2647486925125122,0.6560672124350714,1.0024211406707764,1.2647486925125122,0.0744859809369585,2.162050724029541,1.2647486925125122,0.1324922973063767,1.9398407936096191
1810010H24Rik,0.0042746309190988,0.0018457226688042,-1.2133667469024658,0.9888502385877284,0.0350272320210933,-1.2133667469024658,0.5574654159083882,-0.8552613258361816,-1.2133667469024658,0.6999253535797828,-0.6764654517173767
Bptf,0.9903380274772644,0.6724633574485779,-0.8191637396812439,2.343586389876071e-16,-8.541565895080566,-0.8191637396812439,8.096984580615406e-17,-8.789261817932129,-0.8191637396812439,7.711019201754702e-12,-7.312127113342285
Nol11,0.2047146260738372,0.1924215406179428,-0.0985045358538627,0.5668362293293794,1.1225144863128662,-0.0985045358538627,0.7562315793593016,-0.5651586055755615,-0.0985045358538627,0.8420196715790217,-0.4698352515697479
Pitpnc1,0.7546542286872864,0.6488044857978821,-0.3032436668872833,0.0249524558477151,-2.70732855796814,-0.3032436668872833,0.0110267520502638,-2.919365167617798,-0.3032436668872833,0.0467709520011699,-2.4248509407043457
Psmd12,0.3889085352420807,0.5394116044044495,0.5888883471488953,5.596174503277864e-05,4.442409038543701,0.5888883471488953,2.0353970237829197e-06,5.127170562744141,0.5888883471488953,9.24400685022512e-05,4.334079742431641
Helz,0.3483216762542724,0.3102046847343445,-0.1962017863988876,0.9888502385877284,0.1029158309102058,-0.1962017863988876,0.2992590363353403,-1.3953088521957395,-0.1962017863988876,0.4561658551701108,-1.1545807123184204
Cacng4,0.0010088770650327,0.0,-19.94504737854004,0.9888502385877284,0.0673658028244972,-19.94504737854004,0.4679991859106411,-1.0,-19.94504737854004,0.6832027011037286,-0.7008072733879089
Prkca,0.2227524518966674,0.5094527006149292,1.412903904914856,5.263885059099931e-19,9.234417915344238,1.412903904914856,1.357293766011309e-21,10.154561042785645,1.412903904914856,3.2442193170873934e-17,8.969917297363281
Apoh,0.0,0.0,0.0,0.9888502385877284,0.1005259156227111,0.0,1.0,0.0,0.0,1.0,0.0
Cep112,0.0,0.0,0.0,0.9888502385877284,0.1005259156227111,0.0,1.0,0.0,0.0,1.0,0.0
Axin2,0.0883898511528968,0.0199996456503868,-2.1936850547790527,0.3531938658412149,-1.4577003717422483,-2.1936850547790527,1.3379402432926589e-08,-6.055970191955566,-2.1936850547790527,4.661164446179394e-05,-4.512033939361572
Rgs9,0.0,0.0,0.0,0.9888502385877284,0.1005259156227111,0.0,1.0,0.0,0.0,1.0,0.0
Gna13,0.3281444907188415,0.3763898015022278,0.2347367405891418,0.0474306511619093,2.4595987796783447,0.2347367405891418,0.1766980888724897,1.7247382402420044,0.2347367405891418,0.3059001876900687,1.4539521932601929
9930022D16Rik,0.0113529236987233,0.0101368715986609,-0.1643301248550415,0.9888502385877284,0.1695347875356674,-0.1643301248550415,0.9972713416832936,-0.2189359664916992,-0.1643301248550415,1.0,-0.183047279715538
Amz2,0.1286486387252807,0.0497215948998928,-1.4292716979980469,0.430094249534525,-1.327898025512695,-1.4292716979980469,4.329443477493139e-07,-5.422178745269775,-1.4292716979980469,0.0001815264182052,-4.175012588500977
Slc16a6,0.1670801490545272,0.2019429504871368,0.2993286848068237,0.0384891475906935,2.542424201965332,0.2993286848068237,0.2186466909957644,1.598278284072876,0.2993286848068237,0.3485689662545264,1.356829285621643
Arsg,0.0105024697259068,0.0015170128317549,-2.797910690307617,0.9888502385877284,-0.1312960982322693,-2.797910690307617,0.0474865153729084,-2.359371423721313,-2.797910690307617,0.1981242184098723,-1.7245512008666992
Wipi1,0.0056004282087087,0.0,-22.4211483001709,0.9888502385877284,-0.0652746260166168,-22.4211483001709,0.0869641998887901,-2.090243339538574,-22.4211483001709,0.3017499311629731,-1.464857816696167
Prkar1a,0.7413141131401062,1.205991506576538,1.090764403343201,3.648195384625117e-31,11.903956413269045,1.090764403343201,1.0487849508393878e-38,13.843655586242676,1.090764403343201,4.4738143035471575e-27,11.500781059265137
Fam20a,0.0010927342809736,0.0389275215566158,5.182157516479492,0.3055938114551918,1.5464260578155518,5.182157516479492,3.473082694251849e-05,4.542088508605957,5.182157516479492,5.023398244112711e-05,4.5021281242370605
1700012B07Rik,0.0,0.0098007377237081,23.231534957885746,0.9888502385877284,0.5042726397514343,23.231534957885746,0.0442239372243957,2.3945767879486084,23.231534957885746,0.0506282218541507,2.3945767879486084
Abca5,0.0,0.002819696906954,21.42914390563965,0.9888502385877284,0.2351081520318985,21.42914390563965,0.3435782815254666,1.3005163669586182,21.42914390563965,0.3775631055123041,1.3005163669586182
Map2k6,0.0284069627523422,0.0246964283287525,-0.2046306580305099,0.9888502385877284,0.2600529193878174,-0.2046306580305099,0.855683460030233,-0.4230844676494598,-0.2046306580305099,0.9226293244088242,-0.3513319790363312
Kcnj16,0.0010341153247281,0.0,-19.980712890625,0.9888502385877284,0.0673658028244972,-19.980712890625,0.4679991859106411,-1.0,-19.980712890625,0.6832027011037286,-0.7008072733879089
Kcnj2,0.0,0.0,0.0,0.9888502385877284,0.1005259156227111,0.0,1.0,0.0,0.0,1.0,0.0
Sox9,0.0,0.0,0.0,0.9888502385877284,0.1005259156227111,0.0,1.0,0.0,0.0,1.0,0.0
Slc39a11,0.0290432590991258,0.0272586364299058,-0.0927832573652267,0.9888502385877284,0.5142804384231567,-0.0927832573652267,1.0,-0.2135615646839141,-0.0927832573652267,1.0,-0.1763981878757476
Cog1,0.0609707199037075,0.1098980233073234,0.8857731223106384,0.0201983665041993,2.7855985164642334,0.8857731223106384,0.0045208611808481,3.219115734100342,0.8857731223106384,0.0167889501293143,2.825387716293335
Fam104a,0.4848359525203705,0.4556153118610382,-0.112404465675354,0.9664149259474448,-0.6140594482421875,-0.112404465675354,0.4897096647277371,-0.9638501405715942,-0.112404465675354,0.6508171608266531,-0.7986350059509277
D11Wsu47e,0.0261286869645118,0.0183292645961046,-0.5171326398849487,0.9888502385877284,0.2250256836414337,-0.5171326398849487,0.4679991859106411,-1.0169484615325928,-0.5171326398849487,0.6375187509944451,-0.8176752924919128
Cdc42ep4,0.0012166450032964,0.0045063560828566,1.8914263248443604,0.9888502385877284,0.2690151035785675,1.8914263248443604,0.4306491051152631,1.1358013153076172,1.8914263248443604,0.5233863168670522,1.044342279434204
Sdk2,0.0,0.0,0.0,0.9888502385877284,0.1005259156227111,0.0,1.0,0.0,0.0,1.0,0.0
Rpl38,3.1948399543762207,2.89948844909668,-0.4474374949932098,6.70472971523362e-55,-15.85964298248291,-0.4474374949932098,1.3790492771306271e-53,-16.64545249938965,-0.4474374949932098,1.9766034983493103e-38,-13.955392837524414
Ttyh2,0.0,0.0109225148335099,23.388687133789062,0.9888502385877284,0.5042726397514343,23.388687133789062,0.0431800435892699,2.404435157775879,23.388687133789062,0.0494780811289717,2.404435157775879
Kif19a,0.0,0.01240352448076,23.573204040527344,0.9452671725632862,0.6388548612594604,23.573204040527344,0.0168406618083902,2.776465892791748,23.573204040527344,0.019567509378212,2.776465892791748
Btbd17,0.0,0.0,0.0,0.9888502385877284,0.1005259156227111,0.0,1.0,0.0,0.0,1.0,0.0
Gprc5c,0.0056483559310436,0.0,-22.43347549438477,0.9888502385877284,-0.0652746260166168,-22.43347549438477,0.0661274637717088,-2.2150509357452397,-22.43347549438477,0.2630738755630601,-1.552323818206787
Cd300a,0.0010939027415588,0.0034399349242448,1.65458881855011,0.9888502385877284,0.2019480466842651,1.65458881855011,0.5980431830643814,0.793239951133728,1.65458881855011,0.6832027011037286,0.7423692941665649
Cd300lb,0.0,0.0,0.0,0.9888502385877284,0.1005259156227111,0.0,1.0,0.0,0.0,1.0,0.0
Cd300ld,0.0,0.0,0.0,0.9888502385877284,0.1005259156227111,0.0,1.0,0.0,0.0,1.0,0.0
Cd300c2,0.0,0.0028487765230238,21.443967819213867,0.9888502385877284,0.2351081520318985,21.443967819213867,0.2948387671894117,1.408979892730713,21.443967819213867,0.3263308940324332,1.408979892730713
Cd300e,0.0,0.0,0.0,0.9888502385877284,0.1005259156227111,0.0,1.0,0.0,0.0,1.0,0.0
Rab37,0.2439129948616027,0.0788933932781219,-1.7506271600723269,0.000694651501944,-3.8198354244232178,-1.7506271600723269,1.3118966982281905e-15,-8.409600257873535,-1.7506271600723269,1.560362032096362e-09,-6.5018839836120605
Cd300lf,0.0,0.0042234440334141,22.013036727905277,0.9888502385877284,0.3023992776870727,22.013036727905277,0.1752949659757196,1.7320091724395752,22.013036727905277,0.1960506118827547,1.7320091724395752
Slc9a3r1,0.5694164633750916,0.6177128553390503,0.1557170897722244,0.4097563275433914,1.3603112697601318,0.1557170897722244,0.2791823317561409,1.452324628829956,0.1557170897722244,0.4230061832401534,1.2178536653518677
Nat9,0.0365964546799659,0.0521956756711006,0.5235622525215149,0.3755992292184972,1.416847825050354,0.5235622525215149,0.2942789202292576,1.418582320213318,0.5235622525215149,0.4247033279437463,1.2137975692749023
Tmem104,0.0220058765262365,0.023776851594448,0.1129510477185249,0.9888502385877284,0.4621503353118896,0.1129510477185249,0.997720272102463,0.2180510610342025,0.1129510477185249,1.0,0.1844202876091003
Fdxr,0.112284742295742,0.1678561717271804,0.6210854053497314,0.0027485822600132,3.433340787887573,0.6210854053497314,0.0092310804139079,2.98183822631836,0.6210854053497314,0.0339125607107499,2.5586392879486084
Fads6,0.000860511616338,0.0018994895508512,1.1430939435958862,0.9888502385877284,0.1347316056489944,1.1430939435958862,0.8026628556399166,0.4982353746891022,1.1430939435958862,0.8487494308442285,0.459357738494873
Otop3,0.0,0.0,0.0,0.9888502385877284,0.1005259156227111,0.0,1.0,0.0,0.0,1.0,0.0
Hid1,0.1197915002703666,0.1136177033185958,-0.0808779895305633,0.952192654082454,0.6299673914909363,-0.0808779895305633,0.911206689847678,-0.3430402874946594,-0.0808779895305633,0.9629750096097648,-0.2887068390846252
Cdr2l,0.0052247438579797,0.0,-22.32069969177246,0.9888502385877284,-0.0652746260166168,-22.32069969177246,0.063895980486817,-2.2309882640838623,-22.32069969177246,0.2591035802340904,-1.5634926557540894
Mrpl58,0.5631824135780334,0.7844139933586121,0.6553813219070435,2.329191588537338e-07,5.559994220733643,0.6553813219070435,7.478395452982361e-10,6.551549911499023,0.6553813219070435,3.604171592658404e-07,5.515163898468018
Atp5h,1.9004377126693728,2.234929323196411,0.5529240965843201,2.0870370247746205e-27,11.147696495056152,0.5529240965843201,4.2582555556027125e-33,12.651806831359863,0.5529240965843201,7.993299736600445e-22,10.24159812927246
Kctd2,0.2033528983592987,0.2335434257984161,0.2222753763198852,0.07509558490573,2.265343189239502,0.2222753763198852,0.3494056790487106,1.2865104675292969,0.2222753763198852,0.4942525081804229,1.0910625457763672
Slc16a5,0.0924510061740875,0.0,-26.52938842773437,0.0375344608895498,-2.5522828102111816,-26.52938842773437,3.816979321414602e-18,-9.191976547241213,-26.52938842773437,2.995474146040592e-09,-6.441803932189941
Armc7,0.1796576231718063,0.2251732498407364,0.3597248196601867,0.0659325286780251,2.322477102279663,0.3597248196601867,0.1117279077173754,1.9689247608184812,0.3597248196601867,0.2075154947094591,1.6944907903671265
Nt5c,0.8218950629234314,0.9843665957450868,0.3948435187339782,0.0040600779346628,3.31548810005188,0.3948435187339782,1.884290367049312e-05,4.6499505043029785,0.3948435187339782,0.0005671598586035,3.8712987899780273
Jpt1,1.0897670984268188,1.1814364194869995,0.1949013918638229,0.4320096732900448,1.32506000995636,0.1949013918638229,0.0243779597266358,2.628771543502808,0.1949013918638229,0.082419841032569,2.172577381134033
Sumo2,1.603513479232788,1.929149150848389,0.5674034953117371,8.679542815082305e-24,10.368284225463867,0.5674034953117371,6.191352162738447e-24,10.641519546508787,0.5674034953117371,1.2163738313535835e-16,8.81373119354248
Nup85,0.0704606845974922,0.1269804984331131,0.8911576867103577,0.0014102805735555,3.6261026859283447,0.8911576867103577,0.0009634768817349,3.6773600578308105,0.8911576867103577,0.0057035233654467,3.1932098865509038
Gga3,0.0791481509804725,0.0474239289760589,-0.7620659470558167,0.9888502385877284,-0.2679695188999176,-0.7620659470558167,0.0346846657673376,-2.488653898239136,-0.7620659470558167,0.1192274132736486,-1.9962735176086424
Mrps7,0.2227330207824707,0.3645979166030884,0.8183256983757019,7.365851329321507e-07,5.343631744384766,0.8183256983757019,2.7854074927484495e-07,5.523431777954102,0.8183256983757019,1.3169834085618616e-05,4.781167030334473
Mif4gd,0.1534747779369354,0.3407692611217499,1.2914559841156006,8.780183677958583e-11,6.851968765258789,1.2914559841156006,1.3068460275243789e-12,7.545729160308838,1.2914559841156006,4.2869091309887765e-10,6.690145969390869
Slc25a19,0.0534429736435413,0.1215472519397735,1.235288143157959,0.0024695929696648,3.465604782104492,1.235288143157959,4.3939361101341314e-05,4.466911792755127,1.235288143157959,0.0003688508154638,3.986851692199707
Grb2,0.4645255804061889,0.6199119687080383,0.5384718179702759,0.0002604300891315,4.071224689483643,0.5384718179702759,8.795929055058164e-06,4.82084846496582,0.5384718179702759,0.0002321752263118,4.104482173919678
Tmem94,0.043833453208208,0.0527342408895492,0.2731798589229584,0.6237781670206559,1.0463358163833618,0.2731798589229584,0.6128803121717348,0.7707477807998657,0.2731798589229584,0.7143410273085403,0.6552375555038452
Caskin2,0.0032060672529041,0.0047598155215382,0.5712224245071411,0.9888502385877284,0.3363809287548065,0.5712224245071411,0.7857834105633758,0.5216657519340515,0.5712224245071411,0.861551526675156,0.4408698081970215
Tsen54,0.0332680605351924,0.0795566067099571,1.291548252105713,0.0383598261354734,2.5437686443328857,1.291548252105713,0.0008099284362098,3.728599548339844,1.291548252105713,0.0035157598940276,3.347287654876709
Llgl2,0.025617379695177,0.0359766110777854,0.4974472820758819,0.7698270821068299,0.8551424145698547,0.4974472820758819,0.4461552102146957,1.108946681022644,0.4974472820758819,0.545236302327203,0.9600495100021362
Myo15b,0.0011893162736669,0.0,-20.182559967041016,0.9888502385877284,0.0673658028244972,-20.182559967041016,0.4679991859106411,-1.0,-20.182559967041016,0.6832027011037286,-0.7008072733879089
Recql5,0.025036172941327,0.0342040732502937,0.4567999243736267,0.6974857193770835,0.9483492374420166,0.4567999243736267,0.4679991859106411,1.0323766469955444,0.4567999243736267,0.5963155673597977,0.8810966610908508
Smim5,0.0003030791413038,0.0,-18.20955848693848,0.9888502385877284,0.0673658028244972,-18.20955848693848,0.4679991859106411,-1.0,-18.20955848693848,0.6832027011037286,-0.7008072733879089
Sap30bp,0.1117559894919395,0.1930683404207229,0.8489033579826355,0.0001076837647137,4.288259029388428,0.8489033579826355,0.0001520693730192,4.164885997772217,0.8489033579826355,0.0014549064560128,3.6092841625213614
Itgb4,0.0,0.0,0.0,0.9888502385877284,0.1005259156227111,0.0,1.0,0.0,0.0,1.0,0.0
Galk1,0.1507965624332428,0.1559575647115707,0.0523680187761783,0.2177343135355216,1.7422499656677246,0.0523680187761783,0.9605587419332792,0.2721465826034546,0.0523680187761783,1.0,0.2268690019845962
H3f3b,2.461744546890259,2.830909013748169,0.5735282897949219,9.187199148139068e-37,12.94961929321289,0.5735282897949219,2.596347959983071e-40,14.131863594055176,0.5735282897949219,1.3822061552013927e-27,11.631021499633787
Unk,0.0802008137106895,0.0673097223043441,-0.262215256690979,0.9888502385877284,0.32398322224617,-0.262215256690979,0.5297279309492933,-0.8979495763778687,-0.262215256690979,0.6832027011037286,-0.7492914199829102
Unc13d,0.1671326011419296,0.2764142751693725,0.8075802326202393,2.872903880761266e-06,5.07670783996582,0.8075802326202393,1.0628069044199285e-05,4.781739711761475,0.8075802326202393,0.0002076764731333,4.133187294006348
Wbp2,0.247593954205513,0.2798910140991211,0.2012095302343368,0.1141605307799845,2.0734028816223145,0.2012095302343368,0.3532422762527027,1.2787573337554932,0.2012095302343368,0.498463420327744,1.0841103792190552
Trim47,0.0,0.0086962357163429,23.058237075805664,0.9452671725632862,0.6388548612594604,23.058237075805664,0.0285194439079721,2.573734998703003,23.058237075805664,0.0331046037895086,2.573734998703003
Trim65,0.0886050313711166,0.0661861449480056,-0.4372398257255554,0.9888502385877284,-0.12173642963171,-0.4372398257255554,0.2586863561252049,-1.4980413913726809,-0.4372398257255554,0.4095972461713602,-1.2415562868118286
Mrpl38,0.192464992403984,0.1986174881458282,0.0499795153737068,0.2146020566546349,1.7500172853469849,0.0499795153737068,0.9572065123659654,0.2774339020252228,0.0499795153737068,0.9995189407012948,0.2318160682916641
Fbf1,0.017606783658266,0.0131424404680728,-0.425126701593399,0.9888502385877284,0.2319713830947876,-0.425126701593399,0.64910253145357,-0.7164291739463806,-0.425126701593399,0.7643709333687254,-0.5817292928695679
Acox1,0.0468951761722564,0.0657022818922996,0.5001975893974304,0.583636059581878,1.0993621349334717,0.5001975893974304,0.2652269847623469,1.4836505651474,0.5001975893974304,0.3835949170012001,1.2884044647216797
Ten1,0.3121460378170013,0.5514355301856995,1.005962371826172,1.0111288762891384e-13,7.78866720199585,1.005962371826172,4.209759131590016e-14,8.007659912109375,1.005962371826172,1.0240021423361255e-10,6.914482116699219
Evpl,0.0011902991682291,0.0,-20.183752059936523,0.9888502385877284,0.0673658028244972,-20.183752059936523,0.4679991859106411,-1.0,-20.183752059936523,0.6832027011037286,-0.7008072733879089
Srp68,0.1066845953464508,0.1858997046947479,0.8597067594528198,0.0003746352435617,3.97988510131836,0.8597067594528198,0.0002522968818426,4.037103176116943,0.8597067594528198,0.0019467706232439,3.524176597595215
Galr2,0.0,0.0,0.0,0.9888502385877284,0.1005259156227111,0.0,1.0,0.0,0.0,1.0,0.0
Exoc7,0.1221193522214889,0.1478731781244278,0.295063853263855,0.0925774444751574,2.171016216278076,0.295063853263855,0.3016987492591503,1.3893673419952393,0.295063853263855,0.4438555866442752,1.1752091646194458
Foxj1,0.0,0.0,0.0,0.9888502385877284,0.1005259156227111,0.0,1.0,0.0,0.0,1.0,0.0
Rnf157,0.0149876149371266,0.0947534665465354,2.718472719192505,0.0015836284642358,3.5932412147521973,2.718472719192505,1.242144336330143e-08,6.129201412200928,2.718472719192505,7.508623549183837e-08,5.829451084136963
Ubald2,0.3728709816932678,0.5358991026878357,0.6497592329978943,4.241598458666749e-06,4.997616767883301,0.6497592329978943,2.0316191136243496e-06,5.129844665527344,0.6497592329978943,7.410010256379262e-05,4.386484146118164
Qrich2,0.0,0.0019319308921694,20.883007049560547,0.9888502385877284,0.1678170263767242,20.883007049560547,0.4679991859106411,1.0,20.883007049560547,0.5282133287683867,1.0
Prpsap1,0.205137699842453,0.2745729982852936,0.4726843237876892,0.0013128197757504,3.646043539047241,0.4726843237876892,0.0098659317203739,2.958790779113769,0.4726843237876892,0.0374550427517222,2.5172369480133057
Sphk1,0.0,0.0,0.0,0.9888502385877284,0.1005259156227111,0.0,1.0,0.0,0.0,1.0,0.0
Ube2o,0.0380717739462852,0.0434558391571044,0.1947383880615234,0.8940648012290606,0.7063700556755066,0.1947383880615234,0.7973806537190672,0.5051923394203186,0.1947383880615234,0.8683643068322617,0.431202620267868
Aanat,0.0,0.0,0.0,0.9888502385877284,0.1005259156227111,0.0,1.0,0.0,0.0,1.0,0.0
Rhbdf2,0.0166325867176055,0.0641816556453704,1.9826785326004028,0.0478031074372525,2.4565365314483643,1.9826785326004028,5.81022244295636e-05,4.407694339752197,1.9826785326004028,0.0002544765068752,4.085535526275635
Prcd,0.0,0.0,0.0,0.9888502385877284,0.1005259156227111,0.0,1.0,0.0,0.0,1.0,0.0
St6galnac2,0.0034191084560006,0.0047975233756005,0.4896645247936249,0.9888502385877284,0.2693138420581817,0.4896645247936249,0.847805346791839,0.4332865476608276,0.4896645247936249,0.9128299357902542,0.3662562072277069
Mxra7,0.0,0.0,0.0,0.9888502385877284,0.1005259156227111,0.0,1.0,0.0,0.0,1.0,0.0
Jmjd6,0.1753225177526474,0.2522018551826477,0.5819984674453735,0.0008883405262842,3.753141641616821,0.5819984674453735,0.0023432148787229,3.4191887378692627,0.5819984674453735,0.0126606923527157,2.926689863204956
Mettl23,0.7913965582847595,0.9683355689048768,0.4372183680534363,0.0043648735180714,3.2931571006774902,0.4372183680534363,1.730063627659865e-06,5.1571550369262695,0.4372183680534363,0.0001095593966098,4.292717933654785
Srsf2,1.120161056518555,1.184714674949646,0.1361511647701263,0.67921026550101,0.9736673831939696,0.1361511647701263,0.1945552821613413,1.665302038192749,0.1361511647701263,0.3221886157101625,1.418958067893982
Mfsd11,0.028091536834836,0.0561269782483577,1.018924117088318,0.1720483379867024,1.8694384098052976,1.018924117088318,0.0269005601333171,2.591838121414185,1.018924117088318,0.065575455760514,2.278078556060791
Sec14l1,0.0460737198591232,0.1158303543925285,1.3809950351715088,0.001128666070811,3.687941789627075,1.3809950351715088,1.1857994213550776e-05,4.764276504516602,1.3809950351715088,0.00012552042458,4.259375095367432
Sept9,0.4626092314720154,0.7107526659965515,0.8159496188163757,7.570216255624327e-10,6.52290678024292,0.8159496188163757,4.3899625986782557e-13,7.67073917388916,0.8159496188163757,1.3242246566015846e-09,6.503509998321533
Tnrc6c,0.7573018074035645,0.5271679759025574,-0.7062568664550781,1.277110501333398e-08,-6.067104816436768,-0.7062568664550781,1.7787520332900922e-10,-6.770678043365479,-0.7062568664550781,2.6002068439585573e-07,-5.579922676086426
Tmc6,0.2502732276916504,0.3030338585376739,0.3157863914966583,0.0160899311232172,2.867228984832764,0.3157863914966583,0.0995342372926227,2.0271544456481934,0.3157863914966583,0.1990313388854342,1.7201775312423706
Tmc8,0.0784514620900154,0.0952556207776069,0.2923003137111664,0.2223551676665078,1.7303004264831543,0.2923003137111664,0.4355178860698977,1.1275471448898315,0.2923003137111664,0.5502327628462511,0.9527318477630616
Gm20708,0.0,0.0,0.0,0.9888502385877284,0.1005259156227111,0.0,1.0,0.0,0.0,1.0,0.0
Syngr2,0.1119634732604026,0.3330546021461487,1.7381223440170288,5.9793582224309424e-15,8.148275375366211,1.7381223440170288,1.0160861560844008e-18,9.418132781982422,1.7381223440170288,1.335414398438695e-15,8.511452674865723
Tk1,0.0220335405319929,0.1946121454238891,3.269564390182495,6.059459361184589e-10,6.557560920715332,3.269564390182495,3.532032029768961e-18,9.364418983459473,3.269564390182495,4.538947275711064e-17,9.029748916625977
Afmid,0.0105141252279281,0.0242317281663417,1.2144920825958252,0.6560672124350714,1.0022717714309692,1.2144920825958252,0.1109497224725778,1.9730201959609983,1.2144920825958252,0.1880889362262377,1.7544807195663452
Birc5,0.099704161286354,0.293324738740921,1.7010117769241333,2.2164733078228538e-07,5.56895637512207,1.7010117769241333,7.715990658326858e-12,7.318847179412842,1.7010117769241333,2.3265262491224462e-10,6.805847644805908
Tmem235,0.0,0.0,0.0,0.9888502385877284,0.1005259156227111,0.0,1.0,0.0,0.0,1.0,0.0
Tha1,0.0841965153813362,0.015026269480586,-2.536581754684448,0.2154805892282825,-1.7477766275405884,-2.536581754684448,4.912690134374133e-09,-6.2260026931762695,-2.536581754684448,2.6304015240610143e-05,-4.643877983093262
Socs3,0.4547664821147918,0.1680884659290313,-1.6534124612808228,1.1500247374322754e-08,-6.084356784820557,-1.6534124612808228,1.1639434917702051e-23,-10.526811599731444,-1.6534124612808228,1.6835697723728272e-14,-8.211197853088379
Pgs1,0.2876876592636108,0.2037901580333709,-0.5604144334793091,0.3681614140925956,-1.4303656816482544,-0.5604144334793091,0.0019031946691908,-3.4786319732666016,-0.5604144334793091,0.0157146528550449,-2.849426507949829
Dnah17,0.0062019443139433,0.0,-22.56876564025879,0.9888502385877284,-0.0984347313642501,-22.56876564025879,0.0382879667542493,-2.449259757995605,-22.56876564025879,0.2011208960874572,-1.716459035873413
Cyth1,0.3903558850288391,0.2456741780042648,-0.777931272983551,0.0065629821309782,-3.1665663719177246,-0.777931272983551,3.480901938289685e-07,-5.467907428741455,-0.777931272983551,5.832248072138233e-05,-4.446688175201416
Usp36,0.1765718013048172,0.1101048290729522,-0.7304679155349731,0.6492664342435674,-1.0123542547225952,-0.7304679155349731,0.0015560252543612,-3.5360395908355717,-0.7304679155349731,0.0152849136085767,-2.859806537628174
Timp2,0.2265508621931076,0.1807322949171066,-0.3601528108119964,0.9888502385877284,-0.1889528632164001,-0.3601528108119964,0.1116078095062622,-1.969022512435913,-0.3601528108119964,0.2326443328614031,-1.6269994974136353
Cep295nl,0.0011372119188308,0.0016997556667774,0.5802316069602966,0.9888502385877284,0.1345822364091873,0.5802316069602966,0.9586366195080778,0.2750694751739502,0.5802316069602966,0.9946897833213698,0.2393828779458999
Lgals3bp,0.2396719455718994,0.726647138595581,1.9796226024627688,7.384128180848159e-42,13.829183578491213,1.9796226024627688,4.486576837153815e-47,15.781185150146484,1.9796226024627688,7.983999264672367e-39,14.038934707641602
Cant1,0.1137746348977088,0.1046945378184318,-0.1266617625951767,0.6276304102792332,1.0396888256072998,-0.1266617625951767,0.7720184537771221,-0.5413671135902405,-0.1266617625951767,0.8560206125866245,-0.4491031765937805
Engase,0.0193188991397619,0.0193154700100421,-0.0002585646579973,0.9888502385877284,0.4286914765834808,-0.0002585646579973,1.0,-0.0004893976147286,-0.0002585646579973,1.0,-0.0004085678374394
Cbx2,0.012844561599195,0.0048966398462653,-1.3970353603363037,0.9888502385877284,-0.064378410577774,-1.3970353603363037,0.2030482206020583,-1.6398800611495972,-1.3970353603363037,0.3930711607398008,-1.2714118957519531
Cbx8,0.0641392469406127,0.0621440336108207,-0.0470459349453449,0.8148066175281148,0.8007717728614807,-0.0470459349453449,1.0,-0.1569900512695312,-0.0470459349453449,1.0,-0.1308346092700958
Cbx4,0.3991714119911194,0.3074080646038055,-0.4469361901283264,0.5012145953462607,-1.2166922092437744,-0.4469361901283264,0.0037384485959005,-3.2747719287872314,-0.4469361901283264,0.0245970848359131,-2.684869766235352
Tbc1d16,0.0121908020228147,0.0014483135892078,-3.081104040145874,0.9888502385877284,-0.2310004830360412,-3.081104040145874,0.0144101353742189,-2.824873447418213,-3.081104040145874,0.1058011341446309,-2.057063579559326
Ccdc40,0.0026226413901895,0.0064783925190567,1.3073984384536743,0.9888502385877284,0.3371277749538421,1.3073984384536743,0.4305801826303648,1.1358377933502195,1.3073984384536743,0.5282133287683867,1.0156553983688354
Gaa,0.0458003804087638,0.03843455016613,-0.2583062052726745,0.841287022497268,0.7691800594329834,-0.2583062052726745,0.6414054648504313,-0.7278748154640198,-0.2583062052726745,0.7580184333773148,-0.5911602973937988
Eif4a3,0.3461262285709381,0.5683976411819458,0.8881116509437561,6.000657817601587e-10,6.559129238128662,0.8881116509437561,2.024113617176308e-12,7.460450172424316,0.8881116509437561,2.5464759182470352e-09,6.395195484161377
Sgsh,0.0568151287734508,0.031162466853857,-0.8851059675216675,0.9888502385877284,-0.2178559303283691,-0.8851059675216675,0.0394371024231131,-2.435410976409912,-0.8851059675216675,0.1309907133210966,-1.946323275566101
Slc26a11,0.0363097675144672,0.0357985682785511,-0.0208266656845808,0.9888502385877284,0.5407935380935669,-0.0208266656845808,1.0,-0.051368948072195,-0.0208266656845808,1.0,-0.0430025421082973
Rnf213,0.4256187081336975,0.481550931930542,0.2215129286050796,0.0831236478359567,2.219113349914551,0.2215129286050796,0.1865744645454582,1.6892491579055786,0.2215129286050796,0.3163619937363552,1.4318435192108154
Endov,0.063536986708641,0.02945426851511,-1.133895754814148,0.9888502385877284,-0.3874654173851013,-1.133895754814148,0.0046143518354645,-3.2081730365753174,-1.133895754814148,0.0384797058577603,-2.5075745582580566
Rptor,0.0903949439525604,0.0823932737112045,-0.1395704895257949,0.9452671725632862,0.640647292137146,-0.1395704895257949,0.7815398116009625,-0.5280207395553589,-0.1395704895257949,0.8605685997085543,-0.4427587687969208
Chmp6,0.1019468382000923,0.2125257700681686,1.1416759490966797,2.9330492184050136e-06,5.072376251220703,1.1416759490966797,3.0751265648730184e-07,5.510127067565918,1.1416759490966797,8.530099216617406e-06,4.875568866729736
Baiap2,0.0578390844166278,0.104930005967617,0.8937403559684753,0.0161426597572496,2.8661088943481445,0.8937403559684753,0.0052144677198651,3.172844409942627,0.8937403559684753,0.0201110798979555,2.759399890899658
Aatk,0.0,0.0,0.0,0.9888502385877284,0.1005259156227111,0.0,1.0,0.0,0.0,1.0,0.0
Cep131,0.0094652958214282,0.0016886966768652,-2.492351531982422,0.9888502385877284,-0.1311467289924621,-2.492351531982422,0.0851935211497457,-2.0990254878997803,-2.492351531982422,0.261754855826678,-1.555535912513733
Tepsin,0.0321033708751201,0.0293594356626272,-0.1308899819850921,0.9888502385877284,0.2564680278301239,-0.1308899819850921,0.946151920838734,-0.2929654419422149,-0.1308899819850921,0.9907033858938872,-0.2457750141620636
Ndufaf8,0.408540666103363,0.3637382090091705,-0.2019721120595932,0.8958056134410003,-0.7024864554405212,-0.2019721120595932,0.2326450153599398,-1.561229944229126,-0.2019721120595932,0.3781124518288257,-1.2986173629760742
Slc38a10,0.1191780269145965,0.1863689869642257,0.6947454214096069,0.0020677126753337,3.5166893005371094,0.6947454214096069,0.0028583828441825,3.359924793243408,0.6947454214096069,0.0132505569585336,2.910778045654297
Bahcc1,0.0041429842822253,0.0019068075343966,-1.1211246252059937,0.9888502385877284,0.0682620257139206,-1.1211246252059937,0.6657529065958936,-0.692083477973938,-1.1211246252059937,0.7975053722732496,-0.5347077250480652
Actg1,2.374955654144287,3.498239040374756,1.7170944213867188,6.36436354396397e-158,26.99860191345215,1.7170944213867188,1.3664708718651417e-216,39.5536994934082,1.7170944213867188,1.0149708869506328e-142,32.06848907470703
Fscn2,0.0011267558438703,0.0,-20.10455703735352,0.9888502385877284,0.0673658028244972,-20.10455703735352,0.4679991859106411,-1.0,-20.10455703735352,0.6832027011037286,-0.7008072733879089
Faap100,0.0502802804112434,0.0483845360577106,-0.0568252503871917,0.6895724252276028,0.9582822918891908,-0.0568252503871917,1.0,-0.1665192246437072,-0.0568252503871917,1.0,-0.1369565278291702
Nploc4,0.0615528002381324,0.0863532945513725,0.5065370202064514,0.1752514418572493,1.8598040342330933,0.5065370202064514,0.1646195803227619,1.7677297592163086,0.5065370202064514,0.2746414041568067,1.5232354402542114
Pde6g,0.0,0.0,0.0,0.9888502385877284,0.1005259156227111,0.0,1.0,0.0,0.0,1.0,0.0
Oxld1,0.0583534874022007,0.0678243562579155,0.2238879948854446,0.6030666789320448,1.0733717679977417,0.2238879948854446,0.6431366828588756,0.72551029920578,0.2238879948854446,0.7413626482275979,0.6159240007400513
Ccdc137,0.039534356445074,0.0244665555655956,-0.7032231092453003,0.9961725413532864,-0.0188206024467945,-0.7032231092453003,0.212323422795713,-1.6144152879714966,-0.7032231092453003,0.3813246025214435,-1.2922487258911133
Arl16,0.0777382105588913,0.0611006207764148,-0.3595770597457886,0.9888502385877284,0.3714828193187713,-0.3595770597457886,0.3717117525782259,-1.242182731628418,-0.3595770597457886,0.5282133287683867,-1.0193907022476196
Hgs,0.0927289500832557,0.1141046062111854,0.3149503171443939,0.1279669166320349,2.018733501434326,0.3149503171443939,0.3394374933324127,1.3074114322662354,0.3149503171443939,0.4818550991345133,1.1113587617874146
Mrpl12,0.4662848711013794,0.5230842232704163,0.2101680189371109,0.3875882786005526,1.3971309661865234,0.2101680189371109,0.1388815124984503,1.856963038444519,0.2101680189371109,0.2590884644803127,1.562111258506775
Slc25a10,0.0186801254749298,0.0255326777696609,0.4558019936084747,0.9003715457434183,0.697258472442627,0.4558019936084747,0.5317616461150467,0.8943987488746643,0.4558019936084747,0.6707246836962358,0.7702460885047913
Mcrip1,0.358924388885498,0.438139408826828,0.3486371636390686,0.0125876559376086,2.9531166553497314,0.3486371636390686,0.0175698999671209,2.7525534629821777,0.3486371636390686,0.0577246738188707,2.334033966064453
Ppp1r27,0.0,0.0,0.0,0.9888502385877284,0.1005259156227111,0.0,1.0,0.0,0.0,1.0,0.0
P4hb,0.239431545138359,0.4988921284675598,1.2577621936798096,7.7400315970983475e-16,8.398768424987793,1.2577621936798096,1.0583731836513757e-17,9.089648246765137,1.2577621936798096,7.728683916764122e-14,7.961202621459961
Arhgdia,0.8442462682723999,1.2737164497375488,0.9567501544952391,4.919010806326744e-25,10.643946647644045,0.9567501544952391,2.686199195408681e-30,12.10883331298828,0.9567501544952391,2.3149298200516578e-21,10.097521781921388
Alyref,0.3753707110881805,0.780556857585907,1.3764479160308838,1.6327045009097566e-23,10.306893348693848,1.3764479160308838,3.2770201025040023e-28,11.759530067443848,1.3764479160308838,2.6801378693818633e-22,10.328659057617188
Anapc11,0.4637190699577331,0.5627423524856567,0.3567368388175964,0.0139128201017342,2.918238878250122,0.3567368388175964,0.0068880309721385,3.0789294242858887,0.3567368388175964,0.030259283106495,2.6031243801116943
Npb,0.0078236488625407,0.0031846170313656,-1.3000710010528564,0.9994412017932364,0.0019418081501498,-1.3000710010528564,0.36978780094052,-1.246062994003296,-1.3000710010528564,0.5404590871252081,-0.967746913433075
Pcyt2,0.1270886808633804,0.0946890041232109,-0.4483702480792999,0.9888502385877284,0.2382449209690094,-0.4483702480792999,0.1178562266024061,-1.941899418830872,-0.4483702480792999,0.2527477722610314,-1.5778720378875732
Sirt7,0.4489187896251678,0.5106882452964783,0.2340952903032302,0.1238468929387823,2.034940242767334,0.2340952903032302,0.0967245404906234,2.040123462677002,0.2340952903032302,0.2023170832186537,1.7101365327835083
Mafg,0.0825235545635223,0.1724612712860107,1.12964928150177,0.0001327403348846,4.238519191741943,1.12964928150177,1.03189200659229e-05,4.792613506317139,1.12964928150177,0.0001305092939676,4.249687671661377
Pycr1,0.0,0.0011592789087444,20.14563369750977,0.9888502385877284,0.1678170263767242,20.14563369750977,0.4679991859106411,1.0,20.14563369750977,0.5282133287683867,1.0
Aspscr1,0.1641627848148346,0.2092096805572509,0.3833276033401489,0.0145913266903983,2.901658773422241,0.3833276033401489,0.0920178842968964,2.064300060272217,0.3833276033401489,0.1879651985599212,1.7551480531692505
Cenpx,0.4418247640132904,0.5069689154624939,0.2491160035133361,0.0758223831675044,2.2606379985809326,0.2491160035133361,0.0961423253136767,2.042841911315918,0.2491160035133361,0.1986970324214635,1.7214428186416626
Lrrc45,0.0602189600467681,0.0450974963605403,-0.4281738400459289,0.9888502385877284,0.1750614643096923,-0.4281738400459289,0.3703933497446226,-1.2447413206100464,-0.4281738400459289,0.5282133287683867,-1.0239007472991943
Rac3,0.001312342705205,0.0,-20.32466125488281,0.9888502385877284,0.0673658028244972,-20.32466125488281,0.4679991859106411,-1.0,-20.32466125488281,0.6832027011037286,-0.7008072733879089
Dcxr,0.0041029658168554,0.0460179820656776,3.517819881439209,0.1575540297120521,1.9139506816864011,3.517819881439209,9.812018528299546e-06,4.824322700500488,3.517819881439209,2.2026191805209965e-05,4.686100006103516
Hmga1b,0.002556093968451,0.0103514110669493,2.023443460464477,0.9452671725632862,0.6384814381599426,2.023443460464477,0.1277489858620606,1.9024580717086792,2.023443460464477,0.1952850333705609,1.732671856880188
Rfng,0.02887530811131,0.0610514096915721,1.1035723686218262,0.1717045470430549,1.870409369468689,1.1035723686218262,0.0143261935903092,2.829874277114868,1.1035723686218262,0.037185499304749,2.520992994308472
Gps1,0.1852278113365173,0.2834711074829101,0.6875337958335876,1.111983839707442e-05,4.799402713775635,0.6875337958335876,0.0001397366370419,4.184355735778809,0.6875337958335876,0.0016355426945555,3.575061798095703
Dus1l,0.1370961368083953,0.1908300518989563,0.5169201493263245,0.0080169037914634,3.103084087371826,0.5169201493263245,0.0248660437115724,2.621889114379883,0.5169201493263245,0.0697360229735143,2.2494919300079346
Fasn,0.1025643274188041,0.0945270732045173,-0.123622253537178,0.5817400807669281,1.1021255254745483,-0.123622253537178,0.7896455859551732,-0.5163121223449707,-0.123622253537178,0.8712770624973843,-0.4273788332939148
Ccdc57,0.0003030791413038,0.0,-18.20955848693848,0.9888502385877284,0.0673658028244972,-18.20955848693848,0.4679991859106411,-1.0,-18.20955848693848,0.6832027011037286,-0.7008072733879089
Slc16a3,0.0064691705629229,0.0363765321671962,2.5130057334899902,0.2452660002024095,1.675631046295166,2.5130057334899902,0.0007638855727274,3.749789953231812,2.5130057334899902,0.0020588296303082,3.511180639266968
Csnk1d,0.237125888466835,0.38350909948349,0.8046528100967407,8.097826976999548e-08,5.749096393585205,0.8046528100967407,1.4521304790192913e-07,5.643736839294434,0.8046528100967407,1.0097312656195532e-05,4.839111804962158
Cd7,0.4149106442928314,0.2315748035907745,-0.9806827306747437,0.001167514027123,-3.678531408309937,-0.9806827306747437,5.756075832956002e-09,-6.204495906829834,-0.9806827306747437,3.489776341926785e-06,-5.067246437072754
Sectm1a,0.0,0.0,0.0,0.9888502385877284,0.1005259156227111,0.0,1.0,0.0,0.0,1.0,0.0
Ogfod3,0.0188899245113134,0.0357655584812164,0.9331828355789183,0.4928795886964862,1.2292392253875732,0.9331828355789183,0.1337925624744339,1.8778138160705569,0.9331828355789183,0.2234345109894717,1.6509109735488892
Hexdc,0.0089335767552256,0.0069862641394138,-0.3561233580112457,0.9888502385877284,0.1691613644361496,-0.3561233580112457,0.8560080441077218,-0.4226461946964264,-0.3561233580112457,0.9264125653049738,-0.3456727564334869
Cybc1,0.1291664838790893,0.1787252873182296,0.5051781535148621,0.0149395270690594,2.893667459487915,0.5051781535148621,0.0336018038296896,2.5029003620147705,0.5051781535148621,0.0867305406714609,2.149068117141724
Narf,0.0739071071147918,0.0885302349925041,0.271148145198822,0.4676968737311234,1.267552614212036,0.271148145198822,0.495304905707971,0.9542824029922484,0.271148145198822,0.637962550691708,0.8168823719024658
Foxk2,0.0515253655612468,0.0984717309474945,0.968714952468872,0.0102865927114481,3.0207066535949707,0.968714952468872,0.0031196884921025,3.3342645168304443,0.968714952468872,0.0127014191046439,2.9256551265716557
Wdr45b,0.1838293969631195,0.1886896789073944,0.0412630848586559,0.2751716016698209,1.6091614961624146,0.0412630848586559,0.9927726977758922,0.2268079072237014,0.0412630848586559,1.0,0.1897021234035492
Fn3krp,0.0033863610588014,0.0114178629592061,1.7592852115631104,0.9888502385877284,0.5381795763969421,1.7592852115631104,0.1874398866663726,1.687743067741394,1.7592852115631104,0.2610652222781702,1.5565322637557983
Fn3k,0.0008568071061745,0.0,-19.709230422973636,0.9888502385877284,0.0673658028244972,-19.709230422973636,0.4679991859106411,-1.0,-19.709230422973636,0.6832027011037286,-0.7008072733879089
Tbcd,0.0543748587369918,0.1088831946253776,1.0416239500045776,0.0056371854072509,3.2145140171051025,1.0416239500045776,0.0010752386717541,3.6466832160949703,1.0416239500045776,0.0053391068199258,3.2144815921783447
Zfp750,0.0,0.0,0.0,0.9888502385877284,0.1005259156227111,0.0,1.0,0.0,0.0,1.0,0.0
B3gntl1,0.021239785477519,0.0259701963514089,0.2935133874416351,0.9019420492408168,0.693822979927063,0.2935133874416351,0.7464213442960694,0.5787274241447449,0.2935133874416351,0.824504533080505,0.4953243136405945
Metrnl,0.0024551816750317,0.0251046437770128,3.3704276084899902,0.4415880232018982,1.3098989725112915,3.3704276084899902,0.0012515364353844,3.6122779846191406,3.3704276084899902,0.002344303534522,3.4758358001708984
Gdi2,0.735836386680603,1.147537112236023,0.983967900276184,2.031503769957577e-23,10.285533905029297,0.983967900276184,5.456316336010635e-29,11.840290069580078,0.983967900276184,6.675076544253949e-21,9.972804069519045
Tasor2,0.421528548002243,0.1951301395893097,-1.2828831672668457,5.828609233045256e-07,-5.387695789337158,-1.2828831672668457,6.092127277728015e-17,-8.797799110412598,-1.2828831672668457,6.84634924280604e-11,-6.995895862579346
Asb13,0.1893811821937561,0.1311338692903518,-0.5733907222747803,0.9888502385877284,-0.5437809824943542,-0.5733907222747803,0.012277088644919,-2.8810300827026367,-0.5733907222747803,0.0560430745016221,-2.347131967544556
Net1,0.0675944834947586,0.0916123315691948,0.4561913907527923,0.1635840542492041,1.894906044006348,0.4561913907527923,0.1945552821613413,1.6654694080352783,0.4561913907527923,0.3181366730827879,1.428085446357727
Tubal3,0.0,0.0,0.0,0.9888502385877284,0.1005259156227111,0.0,1.0,0.0,0.0,1.0,0.0
Akr1c13,0.07441096752882,0.0455573350191116,-0.7288536429405212,0.9888502385877284,-0.0557149574160575,-0.7288536429405212,0.055361474878004,-2.29341459274292,-0.7288536429405212,0.1647135644290473,-1.827544093132019
Akr1c12,0.0068964231759309,0.0,-22.722394943237305,0.9888502385877284,-0.0984347313642501,-22.722394943237305,0.0394794373359843,-2.436273097991944,-22.722394943237305,0.2037758975907232,-1.7073578834533691
Akr1e1,0.0151362717151641,0.0425808317959308,1.5120866298675537,0.3316624993964855,1.4969847202301023,1.5120866298675537,0.0083942812350727,3.016650676727295,1.5120866298675537,0.0209773651041415,2.7449429035186768
Klf6,0.6372225284576416,0.9351606965065002,0.7961991429328918,4.69107086576986e-10,6.598338603973389,0.7961991429328918,3.2361627505201536e-11,7.052636623382568,0.7961991429328918,1.6394223696009364e-08,6.07627534866333
Pitrm1,0.086896501481533,0.0478421412408351,-0.8895041942596436,0.9888502385877284,-0.4389980137348175,-0.8895041942596436,0.0092660933791027,-2.978240489959717,-0.8895041942596436,0.0508627266464926,-2.3889825344085693
Pfkp,0.2934760451316833,1.0609266757965088,2.469472169876098,3.3197848527302845e-83,19.557069778442383,2.469472169876098,1.3495044851083628e-106,25.71064758300781,2.469472169876098,1.3833436381403735e-85,22.284587860107425
Wdr37,0.1707043349742889,0.1325795203447342,-0.3928379416465759,0.9888502385877284,0.1612447649240493,-0.3928379416465759,0.1181377159669506,-1.9407273530960083,-0.3928379416465759,0.2474721845176305,-1.5911554098129272
Idi1,0.1284373551607132,0.096460185945034,-0.4365583062171936,0.9888502385877284,0.4466158747673034,-0.4365583062171936,0.138327797829403,-1.8588488101959229,-0.4365583062171936,0.2803949775786988,-1.5106257200241089
Idi2,0.001165707828477,0.0,-20.15361785888672,0.9888502385877284,0.0673658028244972,-20.15361785888672,0.4679991859106411,-1.0,-20.15361785888672,0.6832027011037286,-0.7008072733879089
Gtpbp4,0.4917459189891815,0.4684345126152038,-0.0882215872406959,0.9888502385877284,0.2647580802440643,-0.0882215872406959,0.6378692880861284,-0.7331172227859497,-0.0882215872406959,0.7468944513264183,-0.6071420311927795
Larp4b,0.3805077373981476,0.4023740291595459,0.097410961985588,0.2046688506967644,1.776530385017395,0.097410961985588,0.6384864365311957,0.7321872711181641,0.097410961985588,0.7408282748902497,0.6165920495986938
Dip2c,0.0108778839930891,0.0,-23.38274955749512,0.9888502385877284,-0.2310751676559448,-23.38274955749512,0.0052669602620891,-3.168382167816162,-23.38274955749512,0.0751459732238689,-2.2204253673553467
Zmynd11,0.4327951967716217,0.3390824496746063,-0.4239850640296936,0.2342640925757258,-1.7010985612869265,-0.4239850640296936,0.0042540526974597,-3.2350075244903564,-0.4239850640296936,0.0258505984832656,-2.665040969848633
Chrm3,0.0013262798311188,0.0,-20.33991241455078,0.9888502385877284,0.0673658028244972,-20.33991241455078,0.4679991859106411,-1.0,-20.33991241455078,0.6832027011037286,-0.7008072733879089
Mtr,0.0869548097252845,0.0608245693147182,-0.5346927642822266,0.9888502385877284,-0.1032145693898201,-0.5346927642822266,0.1435629364830412,-1.8397635221481323,-0.5346927642822266,0.278276385882774,-1.5150753259658811
Actn2,0.2048702239990234,0.0228372141718864,-3.299051523208618,7.555348754192546e-05,-4.37130880355835,-3.299051523208618,5.0203151779536525e-25,-10.872880935668944,-3.299051523208618,1.3343707892935508e-13,-7.977031230926514
Heatr1,0.1438817530870437,0.1164072155952453,-0.3259513974189758,0.9888502385877284,0.427123099565506,-0.3259513974189758,0.2450647125969911,-1.5301202535629272,-0.3259513974189758,0.398351314130984,-1.2618188858032229
Lgals8,0.1383120715618133,0.1632887721061706,0.2579678893089294,0.0868320170373528,2.199545860290528,0.2579678893089294,0.3689022238405112,1.248082399368286,0.2579678893089294,0.5168941810979674,1.0541236400604248
Edaradd,0.0070884642191231,0.0091922534629702,0.3764651119709015,0.9888502385877284,0.4028505086898803,0.3764651119709015,0.8153747090568977,0.4800993502140045,0.3764651119709015,0.8853808433894794,0.4068144857883453
Ero1lb,0.0313429161906242,0.0476873070001602,0.6173336505889893,0.4880819029726749,1.2364836931228638,0.6173336505889893,0.2375466090833842,1.5493406057357788,0.6173336505889893,0.3514891750343606,1.3507791757583618
Gpr137b,0.0056087682023644,0.0177228581160306,1.668610692024231,0.8679887559820095,0.7384845614433289,1.668610692024231,0.1332109797366333,1.8812788724899288,1.668610692024231,0.1898845892244048,1.749076008796692
Nid1,0.0,0.0015084893675521,20.5257625579834,0.9888502385877284,0.1678170263767242,20.5257625579834,0.4679991859106411,1.0,20.5257625579834,0.5282133287683867,1.0
Lyst,0.3750825226306915,0.6629081964492798,1.0470963716506958,6.728024659996774e-14,7.8410210609436035,1.0470963716506958,8.60143274490543e-16,8.5308837890625,1.0470963716506958,3.3280098171128248e-12,7.430623054504394
Gng4,0.0,0.0,0.0,0.9888502385877284,0.1005259156227111,0.0,1.0,0.0,0.0,1.0,0.0
B3galnt2,0.0751268491148948,0.0687757432460784,-0.1320646405220031,0.7631752887851815,0.8629096746444702,-0.1320646405220031,0.8324748667557388,-0.4549888968467712,-0.1320646405220031,0.9055834468238402,-0.376140683889389
Tbce,0.1087699607014656,0.2045885175466537,0.982367753982544,2.04425463117598e-05,4.668405532836914,0.982367753982544,1.6539967543302224e-05,4.686042308807373,0.982367753982544,0.0002410834764201,4.095144271850586
Ggps1,0.2415420413017273,0.225942924618721,-0.1080064103007316,0.6263868676030685,1.0420788526535034,-0.1080064103007316,0.6969807312694604,-0.6471787095069885,-0.1080064103007316,0.7947114384831838,-0.5390856862068176
Arid4b,0.6225006580352783,0.6156058311462402,-0.0215518288314342,0.9888502385877284,-0.0312929861247539,-0.0215518288314342,1.0,-0.1956783980131149,-0.0215518288314342,1.0,-0.1640380173921585
Hecw1,0.0013312991941347,0.0,-20.345365524291992,0.9888502385877284,0.0673658028244972,-20.345365524291992,0.4679991859106411,-1.0,-20.345365524291992,0.6832027011037286,-0.7008072733879089
Mrpl32,0.3192538022994995,0.559540331363678,0.9955182075500488,4.12249236957198e-12,7.292012214660644,0.9955182075500488,1.268487305807632e-14,8.168318748474121,0.9955182075500488,4.3100439497930055e-11,7.048428535461426
Psma2,1.142019748687744,1.5130494832992554,0.7310314774513245,3.3376686692231074e-20,9.531514167785645,0.7310314774513245,1.7698852617835518e-26,11.228520393371582,0.7310314774513245,5.155330189583585e-18,9.209786415100098
AW209491,0.0371777340769767,0.0246384963393211,-0.6026163697242737,0.9888502385877284,0.1489217430353164,-0.6026163697242737,0.3169082864783493,-1.3538118600845337,-0.6026163697242737,0.4975940582162068,-1.0858020782470703
Inhba,0.0009451358928345,0.0,-19.850845336914062,0.9888502385877284,0.0673658028244972,-19.850845336914062,0.4679991859106411,-1.0,-19.850845336914062,0.6832027011037286,-0.7008072733879089
Sugct,0.0102852396667003,0.0085451854392886,-0.2686489224433899,0.9888502385877284,0.1705803722143173,-0.2686489224433899,0.9135830805609172,-0.3388982713222503,-0.2686489224433899,0.966683036695674,-0.2826327681541443
Mplkip,0.3572650849819183,0.4214604198932647,0.2877070903778076,0.0351577363329247,2.578347682952881,0.2877070903778076,0.0694772986737796,2.1926372051239014,0.2877070903778076,0.1556015943202,1.8574087619781492
Cdk13,0.371792733669281,0.3473885357379913,-0.1166050136089325,0.9888502385877284,0.0907421857118606,-0.1166050136089325,0.5572101010998162,-0.8557977676391602,-0.1166050136089325,0.6832027011037286,-0.7163200378417969
Rala,0.2672296464443207,0.3505615890026092,0.4547888934612274,0.0008881224192749,3.753291130065918,0.4547888934612274,0.0051696722868206,3.1747076511383057,0.4547888934612274,0.0238436861777724,2.696035146713257
Yae1d1,0.1278826594352722,0.0979496985673904,-0.4067059755325317,0.9888502385877284,0.1062019690871238,-0.4067059755325317,0.182605130242357,-1.7027148008346558,-0.4067059755325317,0.32815607701268,-1.4032284021377563
Vps41,0.1618857383728027,0.2373730242252349,0.6084432601928711,0.0020982914470833,3.512357473373413,0.6084432601928711,0.0033325722649479,3.312558650970459,0.6084432601928711,0.0149811551964609,2.8661248683929443
Amph,0.0,0.0,0.0,0.9888502385877284,0.1005259156227111,0.0,1.0,0.0,0.0,1.0,0.0
Trgv4,0.0020458535291254,0.0,-20.965747833251957,0.9888502385877284,0.0342056974768638,-20.965747833251957,0.294945900282313,-1.406910419464111,-20.965747833251957,0.5306493040455239,-0.985973060131073
Trgv6,0.0,0.0014636729611083,20.48221778869629,0.9888502385877284,0.1678170263767242,20.48221778869629,0.4679991859106411,1.0,20.48221778869629,0.5282133287683867,1.0
Trgc1,0.0197884198278188,0.001723715220578,-3.534116506576538,0.9888502385877284,-0.2974700629711151,-3.534116506576538,0.0046623953101069,-3.2062878608703613,-3.534116506576538,0.0625312498898875,-2.302492618560791
Trgv3,0.0,0.0,0.0,0.9888502385877284,0.1005259156227111,0.0,1.0,0.0,0.0,1.0,0.0
Trgc3,0.0,0.0,0.0,0.9888502385877284,0.1005259156227111,0.0,1.0,0.0,0.0,1.0,0.0
Trgc2,0.047175258398056,0.0420515649020671,-0.1695939749479293,0.9888502385877284,0.3310036063194275,-0.1695939749479293,0.9032665430191752,-0.3549303710460663,-0.1695939749479293,0.9584470973489392,-0.2957965731620788
Trgj2,0.0,0.0,0.0,0.9888502385877284,0.1005259156227111,0.0,1.0,0.0,0.0,1.0,0.0
Trgv2,0.0124529544264078,0.0126409055665135,0.0217474233359098,0.9888502385877284,0.2034417390823364,0.0217474233359098,1.0,0.0274015329778194,0.0217474233359098,1.0,0.0232428293675184
Trgv1,0.0012179737677797,0.0,-20.21693229675293,0.9888502385877284,0.0673658028244972,-20.21693229675293,0.4679991859106411,-1.0,-20.21693229675293,0.6832027011037286,-0.7008072733879089
Trgc4,0.0473413839936256,0.0048367362469434,-3.321789503097534,0.90159389058754,-0.6947191953659058,-3.321789503097534,0.0001099459086681,-4.238659858703613,-3.321789503097534,0.0080995210849548,-3.0838937759399414
Stard3nl,0.1003516837954521,0.2432301491498947,1.38327157497406,1.141963057595159e-08,6.0857014656066895,1.38327157497406,9.565603552074663e-11,6.903478622436523,1.38327157497406,1.0550588574633784e-08,6.155375480651856
Epdr1,0.0,0.0118691204115748,23.509279251098636,0.7272849805709227,0.9080193638801576,23.509279251098636,0.0031326796534507,3.343214988708496,23.509279251098636,0.0036850368458083,3.343214988708496
Gpr141,0.0,0.0014572162181138,20.4758358001709,0.9888502385877284,0.1678170263767242,20.4758358001709,0.4679991859106411,1.0,20.4758358001709,0.5282133287683867,1.0
Elmo1,0.5079201459884644,0.5432798862457275,0.1248248815536499,0.3557602016223892,1.4529205560684204,0.1248248815536499,0.4669854907465868,1.0739628076553345,0.1248248815536499,0.5836741323592576,0.9010993242263794
Aoah,0.0,0.0005840815720148,19.156234741210938,0.9888502385877284,0.1678170263767242,19.156234741210938,0.4679991859106411,1.0,19.156234741210938,0.5282133287683867,1.0
Olfr1369-ps1,0.0307114589959383,0.0170003473758697,-0.863142728805542,0.9888502385877284,0.1266656368970871,-0.863142728805542,0.2038061429533654,-1.637675404548645,-0.863142728805542,0.3873712210987921,-1.2816356420516968
Trim27,0.288913756608963,0.3295952975749969,0.2209122478961944,0.1086702248840422,2.0964059829711914,0.2209122478961944,0.2371649961177458,1.5499646663665771,0.2209122478961944,0.3745256734621241,1.3056323528289795
Zscan12,0.0582592859864234,0.0038737868890166,-3.9501051902771,0.3693883035872649,-1.4279757738113403,-3.9501051902771,2.991065991485004e-09,-6.31820011138916,-3.9501051902771,4.114251833192601e-05,-4.547760009765625
Zkscan3,0.3049095273017883,0.1615610867738723,-1.0237207412719729,0.0179279596296224,-2.829587936401367,-1.0237207412719729,2.8571982953352083e-08,-5.92606258392334,-1.0237207412719729,1.3538430650547446e-05,-4.779107093811035
Pgbd1,0.0020308264065533,0.0017889244481921,-0.183148980140686,0.9888502385877284,0.1013474464416503,-0.183148980140686,1.0,-0.1054733544588089,-0.183148980140686,1.0,-0.0889590233564376
Zscan26,0.1561618447303772,0.0839921832084655,-0.9478160738945008,0.7537919508150445,-0.8755314350128174,-0.9478160738945008,0.0001136218168629,-4.2291035652160645,-0.9478160738945008,0.003422910776299,-3.356855869293213
Nkapl,0.0009278490324504,0.002132945228368,1.2017534971237185,0.9888502385877284,0.201798677444458,1.2017534971237185,0.7151702787666422,0.6221200823783875,1.2017534971237185,0.7801184480703629,0.5591943264007568
AK157302,0.0,0.0,0.0,0.9888502385877284,0.1005259156227111,0.0,1.0,0.0,0.0,1.0,0.0
Gm11273,0.0099264085292816,0.027466420084238,1.481016993522644,0.8106133710479172,0.8057010173797607,1.481016993522644,0.0749418742336333,2.16007399559021,1.481016993522644,0.1193107183923499,1.9958058595657349
Zkscan8,0.0555693767964839,0.0330626256763935,-0.7654435634613037,0.9888502385877284,-0.0403298623859882,-0.7654435634613037,0.0945745436505727,-2.050222635269165,-0.7654435634613037,0.226051024485156,-1.6438560485839844
Olfr1535,0.0,0.0,0.0,0.9888502385877284,0.1005259156227111,0.0,1.0,0.0,0.0,1.0,0.0
Olfr11,0.0,0.0,0.0,0.9888502385877284,0.1005259156227111,0.0,1.0,0.0,0.0,1.0,0.0
H2bc13,0.0033985371701419,0.0018281516386196,-0.8956611156463623,0.9888502385877284,0.2022467851638794,-0.8956611156463623,0.6574108141232428,-0.7045044898986816,-0.8956611156463623,0.8052720343040489,-0.5248944163322449
H2ac13,0.0,0.0042761359363794,22.030961990356445,0.9888502385877284,0.4369814991950989,22.030961990356445,0.0789480505043721,2.138683557510376,22.030961990356445,0.089359591580028,2.138683557510376
H3c10,0.0,0.0019604014232754,20.904132843017575,0.9888502385877284,0.2351081520318985,20.904132843017575,0.3123400879110199,1.365141749382019,20.904132843017575,0.3449607933307884,1.365141749382019
H2bc14,0.0059311352670192,0.0260410048067569,2.14894962310791,0.5074365806974575,1.2066097259521484,2.14894962310791,0.011415171468377,2.912188768386841,2.14894962310791,0.0231120191062671,2.709388732910156
H4c11,0.0,0.0053825885988771,22.363754272460938,0.9888502385877284,0.5715637803077698,22.363754272460938,0.0342193106090638,2.50083065032959,22.363754272460938,0.0394916841173318,2.50083065032959
H4c12,0.0,0.0,0.0,0.9888502385877284,0.1005259156227111,0.0,1.0,0.0,0.0,1.0,0.0
H2ac15,0.0065118931233882,0.0095584830269217,0.5559050440788269,0.9888502385877284,0.5701447129249573,0.5559050440788269,0.6535512257566363,0.709930419921875,0.5559050440788269,0.7517061010296338,0.6006906628608704
H2bc15,0.0042745787650346,0.0105936750769615,1.3139127492904663,0.9458221611269892,0.6378092765808105,1.3139127492904663,0.2330628229808661,1.5604822635650637,1.3139127492904663,0.3404111079028704,1.3739231824874878
H1f5,0.0584930777549743,0.2134610414505005,1.981953263282776,3.093970494913744e-05,4.5763936042785645,1.981953263282776,6.9353150028913065e-09,6.23148250579834,1.981953263282776,4.406108876543492e-08,5.92494010925293
H3c11,0.0034941735211759,0.0170110613107681,2.2932167053222656,0.8106042845760116,0.805999755859375,2.2932167053222656,0.0411909774461055,2.4215543270111084,2.2932167053222656,0.0665648964549821,2.27225923538208
Hist1h2an,0.0013067896943539,0.0213632695376873,4.045527458190918,0.4625198609906759,1.2772616147994995,4.045527458190918,0.0010420244709273,3.665694713592529,4.045527458190918,0.0017606636237837,3.561941623687744
Hist1h2bp,0.0012287200661376,0.0123026696965098,3.33173942565918,0.9209702505299352,0.6723137497901917,3.33173942565918,0.0358283157815993,2.480119228363037,3.33173942565918,0.0511668310435492,2.388197898864746
Hist1h2ao,0.0,0.0016896235756576,20.689489364624023,0.9888502385877284,0.1678170263767242,20.689489364624023,0.4679991859106411,1.0,20.689489364624023,0.5282133287683867,1.0
Hist1h4m,0.0,0.0014767657266929,20.49507522583008,0.9888502385877284,0.1678170263767242,20.49507522583008,0.4679991859106411,1.0,20.49507522583008,0.5282133287683867,1.0
Hist1h4n,0.0,0.001127571100369,20.105602264404297,0.9888502385877284,0.1678170263767242,20.105602264404297,0.4679991859106411,1.0,20.105602264404297,0.5282133287683867,1.0
Hist1h2ap,0.015056530945003,0.0651440322399139,2.1496152877807617,0.1687859696160384,1.8789234161376955,2.1496152877807617,0.0003492079002148,3.962360858917236,2.1496152877807617,0.0008842127617422,3.7551310062408447
Hist1h2br,0.0,0.0225291922688484,24.441574096679688,0.5290212840492334,1.1771838665008545,24.441574096679688,0.0005886713308833,3.829578161239624,24.441574096679688,0.0007020637340992,3.829578161239624
Zfp184,0.0,0.0,0.0,0.9888502385877284,0.1005259156227111,0.0,1.0,0.0,0.0,1.0,0.0
Prss16,0.0021081841550767,0.0217611659318208,3.381887435913086,0.4839717226360187,1.2427572011947632,3.381887435913086,0.001437549732928,3.5729176998138428,3.381887435913086,0.0025979293323548,3.444380044937134
H2ac12,0.0,0.0005289735854603,19.013219833374023,0.9888502385877284,0.1678170263767242,19.013219833374023,0.4679991859106411,1.0,19.013219833374023,0.5282133287683867,1.0
H2bc12,0.0,0.0042079137638211,22.007709503173828,0.9888502385877284,0.3023992776870727,22.007709503173828,0.2119982190701841,1.617478370666504,22.007709503173828,0.2371363447733594,1.617478370666504
H4c9,0.0578180141746997,0.1904449760913849,1.817432284355164,2.0967685853369936e-06,5.139667510986328,1.817432284355164,1.8847043619316272e-10,6.816218852996826,1.817432284355164,5.034409860430331e-09,6.292111873626709
H2ac11,0.0012015176471322,0.015490174293518,3.6987438201904297,0.7548176793525896,0.8739629983901978,3.6987438201904297,0.0134277877675172,2.856602191925049,3.6987438201904297,0.0195267960182496,2.774859666824341
H2bc11,0.0119139216840267,0.0614194087684154,2.401975154876709,0.0634486099394799,2.3383851051330566,2.401975154876709,1.7165795650534436e-05,4.69246244430542,2.401975154876709,6.481843432172846e-05,4.4273786544799805
Vmn1r197,0.0,0.0,0.0,0.9888502385877284,0.1005259156227111,0.0,1.0,0.0,0.0,1.0,0.0
Vmn1r203,0.0,0.0,0.0,0.9888502385877284,0.1005259156227111,0.0,1.0,0.0,0.0,1.0,0.0
Vmn1r218,0.0012796245282515,0.0,-20.2882137298584,0.9888502385877284,0.0673658028244972,-20.2882137298584,0.4679991859106411,-1.0,-20.2882137298584,0.6832027011037286,-0.7008072733879089
Zfp322a,0.1525008678436279,0.1392765790224075,-0.1406360864639282,0.7992581040526624,0.8204886317253113,-0.1406360864639282,0.6849527186904446,-0.6653295159339905,-0.1406360864639282,0.7828496111993859,-0.5551297664642334
Abt1,0.1345643550157547,0.1835501492023468,0.4841501414775848,0.008398650685805,3.087923049926758,0.4841501414775848,0.0327213150145539,2.5133910179138184,0.4841501414775848,0.0873340265053757,2.1459195613861084
Btn1a1,0.0,0.0,0.0,0.9888502385877284,0.1005259156227111,0.0,1.0,0.0,0.0,1.0,0.0
H4c8,0.0191621575504541,0.016385082155466,-0.2278863340616226,0.9888502385877284,0.5274249315261841,-0.2278863340616226,0.855559177405823,-0.4233689904212951,-0.2278863340616226,0.9274171668956096,-0.3437723219394684
H2ac10,0.0,0.0032582154963165,21.638002395629883,0.9888502385877284,0.3696903884410858,21.638002395629883,0.1816806192494766,1.708380937576294,21.638002395629883,0.2034664328902325,1.708380937576294
H3c8,0.0,0.0072070136666297,22.78617286682129,0.9888502385877284,0.5042726397514343,22.78617286682129,0.0544082402527558,2.306088447570801,22.78617286682129,0.0621422684483033,2.306088447570801
H2bc9,0.0158697832375764,0.0170126408338546,0.101151518523693,0.9888502385877284,0.4672289192676544,0.101151518523693,1.0,0.1699614077806472,0.101151518523693,1.0,0.143671229481697
H3c7,0.008235122077167,0.012607779353857,0.6176119446754456,0.9888502385877284,0.5694725513458252,0.6176119446754456,0.5480707046387884,0.869899332523346,0.6176119446754456,0.6832027011037286,0.7492254376411438
H4c6,0.0011320206103846,0.0013092571171,0.2099757939577102,0.9888502385877284,0.1345822364091873,0.2099757939577102,1.0,0.1024021804332733,0.2099757939577102,1.0,0.0852395743131637
H1f3,0.0097091076895594,0.0961421504616737,3.370656490325928,0.0009109581317414,3.746046543121338,3.370656490325928,4.714054958894261e-10,6.698399066925049,3.370656490325928,1.8636754188536354e-09,6.4908623695373535
H3c6,0.0209466628730297,0.0539672933518886,1.3893330097198486,0.2246014982812533,1.7244750261306765,1.3893330097198486,0.0086951840963492,3.005021333694458,1.3893330097198486,0.0213252383428198,2.738447427749634
H2ac8,0.061845488846302,0.1741688996553421,1.576364278793335,0.0013287317767713,3.6426825523376474,1.576364278793335,6.10082067788346e-06,4.918564796447754,1.576364278793335,3.111777807141546e-05,4.596490383148193
H2bc8,0.0079407561570405,0.0437123328447341,2.4866068363189697,0.2453749174935682,1.6753323078155518,2.4866068363189697,0.0005062479804931,3.864030361175537,2.4866068363189697,0.0012090463450737,3.6676642894744873
H2bc7,0.0,0.0028719189576804,21.455656051635746,0.9888502385877284,0.2351081520318985,21.455656051635746,0.3936513037914788,1.2003073692321775,21.455656051635746,0.4302018623366921,1.2003073692321775
H2ac7,0.0,0.0073457788676023,22.81378555297852,0.9888502385877284,0.4369814991950989,22.81378555297852,0.073516700955154,2.170910596847534,22.81378555297852,0.0832773928898779,2.170910596847534
H3c4,0.0007365080527961,0.0138932773843407,4.247042179107666,0.9209702505299352,0.672761857509613,4.247042179107666,0.0295711871259858,2.5590155124664307,4.247042179107666,0.0365783029911678,2.532236337661743
H4c4,0.0427432544529438,0.088959090411663,1.091149091720581,0.0356314512304325,2.573045015335083,1.091149091720581,0.001904117450872,3.4831666946411133,1.091149091720581,0.0078831636397545,3.0872576236724854
H2bc6,0.0226552486419677,0.0710083842277526,1.6832956075668335,0.0489962499554436,2.446230173110962,1.6832956075668335,0.0002587010818206,4.036356925964356,1.6832956075668335,0.0010920202125656,3.693830966949463
H1f4,0.0898901522159576,0.3764116764068603,2.2807791233062744,8.081043514041623e-19,9.187366485595703,2.2807791233062744,4.413562642927178e-24,10.90811538696289,2.2807791233062744,1.8647938266633974e-21,10.18003749847412
H2ac6,0.0279224123805761,0.0426287204027175,0.6210728287696838,0.5449806686105672,1.1535086631774902,0.6210728287696838,0.3079942910128713,1.374146580696106,0.6210728287696838,0.4341281104339878,1.1915937662124634
H2bc4,0.0308316927403211,0.1039416417479515,1.8066177368164065,0.0080982084044336,3.099573850631714,1.8066177368164065,1.1789155822173427e-05,4.772322177886963,1.8066177368164065,6.941887152253068e-05,4.407230854034424
H1f6,0.0,0.0,0.0,0.9888502385877284,0.1005259156227111,0.0,1.0,0.0,0.0,1.0,0.0
H4c3,0.0229910220950841,0.0381070598959922,0.7399470806121826,0.5000238672425984,1.2187833786010742,0.7399470806121826,0.2066791765320634,1.630422592163086,0.7399470806121826,0.3211311426160849,1.421675205230713
Hfe,0.0,0.0012010501231998,20.196733474731445,0.9888502385877284,0.1678170263767242,20.196733474731445,0.4679991859106411,1.0,20.196733474731445,0.5282133287683867,1.0
H1f2,0.1622112989425659,0.4233223497867584,1.5814090967178345,1.0861116745116118e-15,8.357915878295898,1.5814090967178345,2.7961143261787224e-17,9.006779670715332,1.5814090967178345,2.3762096476837954e-14,8.131234169006348
H3c3,0.0059965313412249,0.0611733756959438,3.390727996826172,0.089807405225775,2.184534072875977,3.390727996826172,5.37944232442603e-06,4.956340789794922,3.390727996826172,1.1865381204945264e-05,4.824625015258789
H2bc3,0.00494249118492,0.0198880638927221,2.019395589828491,0.7033290358579104,0.9408807158470154,2.019395589828491,0.0298586066654164,2.5527822971343994,2.019395589828491,0.0539175693256781,2.3640387058258057
H2ac4,0.0027333928737789,0.0174089074134826,2.681664228439331,0.7028940114690971,0.9420756697654724,2.681664228439331,0.012805585589582,2.872087240219116,2.681664228439331,0.0229239669047535,2.7130630016326904
H3c2,0.0021688549313694,0.0038529983721673,0.8302633166313171,0.9888502385877284,0.3027727007865906,0.8302633166313171,0.6844680937669042,0.6661344170570374,0.8302633166313171,0.7747255938722851,0.5665248036384583
H4c2,0.0010342190507799,0.0007112665334716,-0.5403119325637817,0.9888502385877284,0.1345822364091873,-0.5403119325637817,0.9713422716505352,-0.2572931349277496,-0.5403119325637817,1.0,-0.1971367746591568
H4c1,0.0054929009638726,0.0101081132888793,0.8832071423530579,0.9888502385877284,0.5377314686775208,0.8832071423530579,0.4679991859106411,1.008557915687561,0.8832071423530579,0.5943370539347506,0.8840548992156982
H3c1,0.0413405932486057,0.0574606955051422,0.486740231513977,0.3440694335915284,1.4745792150497437,0.486740231513977,0.3027727727948643,1.3869976997375488,0.486740231513977,0.4397079723267311,1.1819818019866943
H1f1,0.0415680631995201,0.0398192964494228,-0.0632777363061904,0.9041385898256948,0.6917318105697632,-0.0632777363061904,1.0,-0.1688908338546753,-0.0632777363061904,1.0,-0.1402783691883087
Carmil1,0.0,0.0,0.0,0.9888502385877284,0.1005259156227111,0.0,1.0,0.0,0.0,1.0,0.0
Cmah,0.7580210566520691,0.3399271667003631,-1.4860403537750244,1.9533640268126522e-20,-9.588349342346191,-1.4860403537750244,2.0525395081797382e-32,-12.509459495544434,-1.4860403537750244,2.1466107167608016e-21,-10.13032341003418
Ripor2,1.0622568130493164,1.1543515920639038,0.1984090507030487,0.3954259458193067,1.3845092058181765,0.1984090507030487,0.0435697516124867,2.3956315517425537,0.1984090507030487,0.1136274548104742,2.0197973251342773
Armh2,0.0011267558438703,0.0,-20.10455703735352,0.9888502385877284,0.0673658028244972,-20.10455703735352,0.4679991859106411,-1.0,-20.10455703735352,0.6832027011037286,-0.7008072733879089
Gmnn,0.1295310258865356,0.4586608707904815,2.073162317276001,5.581430863027061e-19,9.227994918823242,2.073162317276001,2.0323325747194244e-24,10.976946830749512,2.073162317276001,1.7930246363058927e-21,10.171513557434082
BC005537,0.5814897418022156,0.5589541792869568,-0.0748161748051643,0.8486799187154018,-0.7595457434654236,-0.0748161748051643,0.6720075374589289,-0.6824217438697815,-0.0748161748051643,0.7709919857282646,-0.5721886157989502
Acot13,0.2042648047208786,0.2543837130069732,0.3540995121002197,0.0270811943883878,2.677081346511841,0.3540995121002197,0.0846735915765174,2.1027421951293945,0.3540995121002197,0.1759856562211228,1.791124939918518
Tdp2,0.1947269886732101,0.1902096718549728,-0.0372253060340881,0.3130076828968586,1.5315637588500977,-0.0372253060340881,1.0,-0.2100662440061569,-0.0372253060340881,1.0,-0.1745978444814682
D130043K22Rik,0.0,0.0,0.0,0.9888502385877284,0.1005259156227111,0.0,1.0,0.0,0.0,1.0,0.0
Aldh5a1,0.0103882709518074,0.0082233883440494,-0.3387147188186645,0.9888502385877284,0.268417626619339,-0.3387147188186645,0.8331876589870597,-0.4539609551429748,-0.3387147188186645,0.9146934424557096,-0.3632046580314636
Gpld1,0.0,0.0222232192754745,24.4216251373291,0.6260582279895978,1.0426015853881836,24.4216251373291,0.0012244839437199,3.622782707214356,24.4216251373291,0.0014579501783238,3.622782707214356
Mrs2,0.0837059766054153,0.1250284314155578,0.6091800332069397,0.0198351514824424,2.7923200130462646,0.6091800332069397,0.0380599538538937,2.451847076416016,0.6091800332069397,0.0966534485460647,2.0984511375427246
Dcdc2a,0.0,0.0,0.0,0.9888502385877284,0.1005259156227111,0.0,1.0,0.0,0.0,1.0,0.0
Rps18-ps5,0.0656641870737075,0.051657248288393,-0.3563385605812073,0.9888502385877284,0.2891053557395935,-0.3563385605812073,0.4443836470516638,-1.1119004487991333,-0.3563385605812073,0.5732339838951829,-0.9166564345359802
Sox4,0.1697537899017334,0.0007112665334716,-8.022505760192871,0.0035761750964993,-3.3550710678100586,-8.022505760192871,2.0620608748352435e-21,-10.06350803375244,-8.022505760192871,7.660031529492924e-11,-7.055799007415772
Cdkal1,0.129735067486763,0.125558853149414,-0.0502810887992382,0.9310385511700564,0.6575260758399963,-0.0502810887992382,0.9927726977758922,-0.22675222158432,-0.0502810887992382,1.0,-0.1918160021305084
E2f3,0.0275528877973556,0.1005536839365959,1.9209113121032717,0.000707571803512,3.814756631851196,1.9209113121032717,4.023185616377773e-07,5.469075679779053,1.9209113121032717,4.69146572494481e-06,5.00723934173584
Mboat1,0.0924326330423355,0.0271871909499168,-1.8130086660385127,0.502776064430296,-1.214227557182312,-1.8130086660385127,4.326433659624892e-07,-5.422941207885742,-1.8130086660385127,0.0002492469033043,-4.096220016479492
Agtr1a,0.0189676396548748,0.0,-24.19074058532715,0.9888502385877284,-0.4631959199905395,-24.19074058532715,0.0001643551427925,-4.144408702850342,-24.19074058532715,0.0137874148384515,-2.9044318199157715
Uqcrfs1,0.5571995377540588,0.8921168446540833,0.9495437741279602,5.112229164565993e-16,8.448732376098633,0.9495437741279602,1.3859584725776442e-21,10.078548431396484,0.9495437741279602,1.710428067759392e-15,8.470354080200195
Dusp22,0.0423955582082271,0.1256847232580185,1.6287459135055542,0.0002448351658927,4.086759090423584,1.6287459135055542,6.797071618489242e-07,5.363643169403076,1.6287459135055542,9.237833262851852e-06,4.861174583435059
Irf4,0.0117904301732778,0.1568512767553329,3.8398184776306152,9.879355961432076e-08,5.714218616485596,3.8398184776306152,3.4117167278694034e-16,8.787158012390137,3.8398184776306152,1.8974852661009785e-15,8.562653541564941
Exoc2,0.1577877551317215,0.2513597309589386,0.741566002368927,6.698947440396725e-05,4.399539947509766,0.741566002368927,0.0001992280265568,4.0969319343566895,0.741566002368927,0.0017579904399129,3.554269552230835
Hus1b,0.0051991422660648,0.0066753691062331,0.3616398572921753,0.9888502385877284,0.2023961544036865,0.3616398572921753,0.897874722999665,0.3623728156089782,0.3616398572921753,0.9465227407850144,0.3134715557098388
Foxq1,0.0,0.0,0.0,0.9888502385877284,0.1005259156227111,0.0,1.0,0.0,0.0,1.0,0.0
Foxc1,0.001298046670854,0.0,-20.3088493347168,0.9888502385877284,0.0673658028244972,-20.3088493347168,0.4679991859106411,-1.0,-20.3088493347168,0.6832027011037286,-0.7008072733879089
Gmds,0.0603142082691192,0.1539473533630371,1.4206149578094482,2.107926976628786e-05,4.66190767288208,1.4206149578094482,1.7883999421632066e-07,5.6186041831970215,1.4206149578094482,3.816902246589519e-06,5.04699182510376
Mylk4,0.0,0.0,0.0,0.9888502385877284,0.1005259156227111,0.0,1.0,0.0,0.0,1.0,0.0
Wrnip1,0.1104212403297424,0.1620374172925949,0.5913875102996826,0.0046768114718778,3.272245407104492,0.5913875102996826,0.0152652546485978,2.805035352706909,0.5913875102996826,0.0481383627293001,2.411961078643799
Serpinb1a,0.0318871513009071,0.0907773599028587,1.5522719621658323,0.048617052904049,2.449366807937622,1.5522719621658323,0.0003607233448743,3.949215888977051,1.5522719621658323,0.0014596381663194,3.6098792552948
Serpinb1c,0.0,0.0,0.0,0.9888502385877284,0.1005259156227111,0.0,1.0,0.0,0.0,1.0,0.0
Serpinb6b,0.1055599227547645,1.7713221311569214,5.453524112701416,9.066657093243389e-172,28.173095703125,5.453524112701416,4.5196501822393546e-212,51.99363327026367,5.453524112701416,2.9349869227918043e-218,49.32078552246094
Serpinb9,0.1240934580564498,1.4553204774856567,4.636330604553223,1.891840524853376e-141,25.535524368286133,4.636330604553223,1.6724281052388627e-156,38.52476501464844,4.636330604553223,4.141947469330807e-157,36.5004997253418
Serpinb9b,0.0009904633043333,0.2326864451169967,8.046452522277832,6.039824401462506e-09,6.191828727722168,8.046452522277832,5.3947446437599715e-18,9.36999797821045,8.046452522277832,7.377022236498059e-18,9.36221981048584
Serpinb1b,0.0009969363454729,0.0620672069489955,6.00446891784668,0.0182014488564126,2.8241357803344727,6.00446891784668,3.061498154304984e-08,5.988053798675537,6.00446891784668,4.3691730718318554e-08,5.958630084991455
Serpinb6a,0.0951303765177726,0.2976946234703064,1.7967534065246582,6.697990874231655e-13,7.540040969848633,1.7967534065246582,1.41155715000152e-16,8.814942359924316,1.7967534065246582,4.851172321416147e-14,8.04052734375
Nqo2,0.013588735833764,0.1076363325119018,3.054208517074585,0.0001519351357641,4.205807209014893,3.054208517074585,4.9215717218797946e-11,7.055819511413574,3.054208517074585,3.2863808409921036e-10,6.772778034210205
Ripk1,0.2069738060235977,0.3216435015201568,0.7223702669143677,2.6255620237310217e-05,4.61298942565918,0.7223702669143677,5.772081649816905e-05,4.399020195007324,0.7223702669143677,0.0006944313650852,3.8159258365631104
Bphl,0.0824946910142898,0.0192501824349164,-2.145437240600586,0.4339185402721766,-1.321773886680603,-2.145437240600586,5.431753585717476e-08,-5.809853076934815,-2.145437240600586,0.0001018622433947,-4.323699951171875
Tubb2a,0.0551199913024902,0.0294765569269657,-0.9216358661651612,0.9888502385877284,-0.140183612704277,-0.9216358661651612,0.0388749120634582,-2.441385269165039,-0.9216358661651612,0.1312061139174799,-1.945495128631592
Tubb2b,0.0073844124563038,0.0081033781170845,0.1345594674348831,0.9888502385877284,0.2357803136110305,0.1345594674348831,1.0,0.1506285220384597,0.1345594674348831,1.0,0.1266731023788452
Psmg4,0.4216183722019195,0.4426509141921997,0.0864928290247917,0.4437353162493753,1.306089997291565,0.0864928290247917,0.6579042582749917,0.7038273215293884,0.0864928290247917,0.7594933629641417,0.5885759592056274
Slc22a23,0.0,0.0,0.0,0.9888502385877284,0.1005259156227111,0.0,1.0,0.0,0.0,1.0,0.0
Pxdc1,0.0011021582176908,0.0,-20.072696685791016,0.9888502385877284,0.0673658028244972,-20.072696685791016,0.4679991859106411,-1.0,-20.072696685791016,0.6832027011037286,-0.7008072733879089
Prpf4b,0.7187391519546509,0.6318855285644531,-0.2554549872875213,0.0399742794840479,-2.527636766433716,-0.2554549872875213,0.0342854514643564,-2.4938507080078125,-0.2554549872875213,0.1031609233296329,-2.0670337677001958
Fam217a,0.0031997044570744,0.0,-21.61181640625,0.9994412017932364,0.0010455889860168,-21.61181640625,0.175188784299411,-1.730759620666504,-21.61181640625,0.4247678424441667,-1.2129288911819458
Eci2,0.1821870654821396,0.3646059036254883,1.1384923458099363,3.5324707801288885e-10,6.641581058502197,1.1384923458099363,1.955346505282025e-11,7.140599727630615,1.1384923458099363,5.085931307756053e-09,6.278634071350098
Cdyl,0.0723580569028854,0.1248226538300514,0.8251214027404785,0.0176204830084788,2.83571195602417,0.8251214027404785,0.0052288145274999,3.172358512878418,0.8251214027404785,0.0187696918969258,2.7851693630218506
Rpp40,0.0585612989962101,0.0185102019459009,-1.690703272819519,0.9736629817356126,-0.6033795475959778,-1.690703272819519,0.0001437041402477,-4.171309947967529,-1.690703272819519,0.0064661081989101,-3.1569759845733643
Ppp1r3g,0.0,0.0,0.0,0.9888502385877284,0.1005259156227111,0.0,1.0,0.0,0.0,1.0,0.0
Lyrm4,0.0469844564795494,0.0424667634069919,-0.1491323262453079,0.964416184728144,0.6161506772041321,-0.1491323262453079,0.8633403511027534,-0.4123314023017883,-0.1491323262453079,0.9284751298345104,-0.3421458899974823
Fars2,0.0770199000835418,0.1144057214260101,0.5982547402381897,0.0303843645323373,2.63346529006958,0.5982547402381897,0.0462516986875307,2.3711721897125244,0.5982547402381897,0.1105156009179884,2.033798694610596
Nrn1,0.0032893824391067,0.0005397105123847,-2.6095409393310547,0.9888502385877284,0.0681126564741134,-2.6095409393310547,0.301124268849295,-1.3906339406967163,-2.6095409393310547,0.5299909986835808,-0.9935834407806396
F13a1,0.0,0.0007606937433592,19.537506103515625,0.9888502385877284,0.1678170263767242,19.537506103515625,0.4679991859106411,1.0,19.537506103515625,0.5282133287683867,1.0
Ly86,0.007078327704221,0.0029657057020813,-1.2580019235610962,0.9888502385877284,0.0685607641935348,-1.2580019235610962,0.4679991859106411,-1.065988540649414,-1.2580019235610962,0.6426027435843783,-0.8103178143501282
Rreb1,0.1529970467090606,0.0398156456649303,-2.0250513553619385,0.0192105880686708,-2.804344415664673,-2.0250513553619385,5.69423894466358e-13,-7.602731704711914,-2.0250513553619385,1.0018170506601647e-07,-5.778179168701172
Ssr1,0.3375536501407623,0.5868101716041565,0.99137544631958,5.099330957394023e-12,7.261690139770508,0.99137544631958,1.0592410289679464e-14,8.190716743469238,0.99137544631958,4.192850911855198e-11,7.052744388580322
Cage1,0.0071066403761506,0.0046230815351009,-0.62210613489151,0.9888502385877284,0.1689373105764389,-0.62210613489151,0.6906955033083256,-0.6565637588500977,-0.62210613489151,0.811588655642465,-0.5145536661148071
Riok1,0.3560618460178375,0.449249655008316,0.4071092307567596,0.0037710887440728,3.338042736053467,0.4071092307567596,0.007300418671593,3.060415744781494,0.4071092307567596,0.0297378104565296,2.6096267700195312
Dsp,0.0,0.0017660862067714,20.753398895263672,0.9888502385877284,0.1678170263767242,20.753398895263672,0.4679991859106411,1.0,20.753398895263672,0.5282133287683867,1.0
Snrnp48,0.5563018918037415,0.432698130607605,-0.4589866399765014,0.0058264905114706,-3.204506158828736,-0.4589866399765014,0.0003033518560897,-3.9842875003814697,-0.4589866399765014,0.0044090249227332,-3.276301383972168
Txndc5,0.1041995361447334,0.461530476808548,2.416966199874878,5.690610221192177e-30,11.668848037719728,2.416966199874878,8.161196021334041e-35,13.424907684326172,2.416966199874878,9.464648190362148e-31,12.40712547302246
Bloc1s5,0.0351712293922901,0.0286539774388074,-0.3003864884376526,0.9888502385877284,0.3487786054611206,-0.3003864884376526,0.6630979244178763,-0.6958953738212585,-0.3003864884376526,0.768008376280716,-0.5764241814613342
Eef1e1,0.2609988152980804,0.2607241868972778,-0.0017256886931136,0.4618476450003501,1.278904676437378,-0.0017256886931136,1.0,-0.0113340253010392,-0.0017256886931136,1.0,-0.0094576934352517
Slc35b3,0.2577481269836426,0.2009853571653366,-0.4013811349868774,0.9888502385877284,-0.4291395843029022,-0.4013811349868774,0.0376910097386809,-2.454859495162964,-0.4013811349868774,0.1139953185891557,-2.0182247161865234
Tfap2a,0.0019842106848955,0.0018856977112591,-0.0735377073287963,0.9888502385877284,0.1014968156814575,-0.0735377073287963,1.0,-0.041837178170681,-0.0735377073287963,1.0,-0.0357227884232997
Gcnt2,0.0031741571146994,0.0,-21.60023307800293,0.9994412017932364,0.0010455889860168,-21.60023307800293,0.1750422520893373,-1.73313570022583,-21.60023307800293,0.4247033279437463,-1.2145940065383911
Pak1ip1,0.4161168932914734,0.440542995929718,0.1011678352952003,0.684169352993853,0.9659748673439026,0.1011678352952003,0.5811199689774098,0.8189897537231445,0.1011678352952003,0.6913699279142712,0.6890054941177368
Tmem14c,0.564177393913269,1.0516303777694702,1.29682457447052,8.232622248295887e-34,12.408751487731934,1.29682457447052,3.9694184291383034e-41,14.408687591552734,1.29682457447052,1.324718936096677e-30,12.284822463989258
Mak,0.0,0.0,0.0,0.9888502385877284,0.1005259156227111,0.0,1.0,0.0,0.0,1.0,0.0
Gcm2,0.0,0.0053793410770595,22.36288070678711,0.9888502385877284,0.3696903884410858,22.36288070678711,0.1332068270482617,1.882662534713745,22.36288070678711,0.1488073259138123,1.882662534713745
Elovl2,0.0,0.0,0.0,0.9888502385877284,0.1005259156227111,0.0,1.0,0.0,0.0,1.0,0.0
Smim13,0.0200188402086496,0.03392144292593,0.7709130048751831,0.7110451740931182,0.9298273324966432,0.7709130048751831,0.2491097752611226,1.52029287815094,0.7709130048751831,0.3613985543253764,1.3305084705352783
Nedd9,0.3033580482006073,0.5099462866783142,0.9084160923957824,2.416887800482623e-10,6.700881004333496,0.9084160923957824,3.915220510540226e-11,7.021807193756104,0.9084160923957824,2.1465401140465008e-08,6.029581546783447
Tmem170b,0.0439155474305152,0.0669013410806655,0.6240371465682983,0.2036022412843716,1.7794431447982788,0.6240371465682983,0.1258340936335865,1.909492015838623,0.6240371465682983,0.2248115998637619,1.6473798751831057
Hivep1,0.0892949551343917,0.0786443129181861,-0.1910263001918792,0.8209619496098969,0.7939007878303528,-0.1910263001918792,0.6484316900671642,-0.7173833847045898,-0.1910263001918792,0.757988210846258,-0.5913388133049011
Edn1,0.0,0.0,0.0,0.9888502385877284,0.1005259156227111,0.0,1.0,0.0,0.0,1.0,0.0
Tbc1d7,0.0304362028837203,0.0735009387135505,1.3033080101013184,0.0293884956707082,2.64593768119812,1.3033080101013184,0.0010833323166553,3.6456894874572754,1.3033080101013184,0.0046840964697398,3.2567801475524902
Gfod1,0.0253467857837677,0.1559175550937652,2.7165181636810303,1.427617328629677e-07,5.648644924163818,2.7165181636810303,3.05926496985511e-14,8.136140823364258,2.7165181636810303,7.13362210911295e-13,7.693699359893799
Sirt5,0.0765063092112541,0.0464512482285499,-0.7417634725570679,0.9888502385877284,-0.0967916697263717,-0.7417634725570679,0.0458267280846249,-2.374178886413574,-0.7417634725570679,0.1421737671234313,-1.904062867164612
Nol7,0.9514971375465392,1.0969781875610352,0.3278132081031799,0.0149700781119941,2.8927712440490723,0.3278132081031799,0.0002556202417508,4.02940845489502,0.3278132081031799,0.0033539565018936,3.361088752746582
Ranbp9,0.2378577440977096,0.3034177422523498,0.4006285369396209,0.0040261198946362,3.318176746368408,0.4006285369396209,0.0274296862604445,2.5834076404571533,0.4006285369396209,0.0769823895254868,2.204652786254883
Mcur1,0.1422521770000457,0.1587136089801788,0.1701467931270599,0.1276370237850575,2.02007794380188,0.1701467931270599,0.5618945033598698,0.8489482998847961,0.1701467931270599,0.6832027011037286,0.7125799059867859
Cd83,0.0036147618666291,0.0052711032330989,0.5453999042510986,0.9888502385877284,0.1357772052288055,0.5453999042510986,0.8825605595274699,0.3852212131023407,0.5453999042510986,0.9267602619111188,0.3449638187885284
Jarid2,0.3014808595180511,0.4149601757526397,0.5476410388946533,0.0001581324236733,4.19557523727417,0.5476410388946533,0.0005334300330978,3.839187860488892,0.5476410388946533,0.004098959342922,3.29859471321106
Dtnbp1,0.0909214988350868,0.1830235719680786,1.0772899389266968,1.5524307577541113e-05,4.728452205657959,1.0772899389266968,4.410433777611415e-06,4.973255157470703,1.0772899389266968,8.55426990880389e-05,4.352235317230225
Mylip,0.2325898259878158,0.072869211435318,-1.79255211353302,0.0008752089405088,-3.7574734687805176,-1.79255211353302,1.2181443016322315e-14,-8.12194538116455,-1.79255211353302,5.087353684437378e-09,-6.300228118896484
Gmpr,0.004522655159235,0.00152043486014,-1.5748522281646729,0.9888502385877284,0.1018702387809753,-1.5748522281646729,0.3985096101762538,-1.1906253099441528,-1.5748522281646729,0.5995666830418644,-0.8762738704681396
Atxn1,0.1695973128080368,1.2060998678207395,3.6625216007232666,7.010367810334709e-123,23.790361404418945,3.6625216007232666,9.796582789678708e-140,33.26129150390625,3.6625216007232666,1.5876704624439068e-132,30.51634407043457
Cap2,0.0,0.0,0.0,0.9888502385877284,0.1005259156227111,0.0,1.0,0.0,0.0,1.0,0.0
Fam8a1,0.0950354486703872,0.1093388423323631,0.212761789560318,0.4125512667845474,1.3555314540863037,0.212761789560318,0.5632378142156909,0.846926212310791,0.212761789560318,0.6832027011037286,0.7213215231895447
Nup153,0.3339742124080658,0.3203012645244598,-0.0707068741321563,0.9006912307990756,0.696735680103302,-0.0707068741321563,0.8088812589742991,-0.4895373880863189,-0.0707068741321563,0.8831813639856368,-0.4100596606731415
Kif13a,0.0096104647964239,0.0,-23.203113555908203,0.9888502385877284,-0.1979150623083114,-23.203113555908203,0.0123270220919406,-2.8810575008392334,-23.203113555908203,0.1144106984582459,-2.019066095352173
Nhlrc1,0.0119120143353939,0.0023625667672604,-2.3408865928649902,0.9888502385877284,-0.0979866236448288,-2.3408865928649902,0.053233016768337,-2.3103315830230717,-2.3408865928649902,0.2091384182989232,-1.6912730932235718
Tpmt,0.0088447267189621,0.0076691545546054,-0.2065991461277008,0.9888502385877284,0.3022499084472656,-0.2065991461277008,0.963989187765298,-0.2673682868480682,-0.2065991461277008,1.0,-0.2165369838476181
Kdm1b,0.0330917686223983,0.0414425730705261,0.3307026028633117,0.8313557168779818,0.7823992967605591,0.3307026028633117,0.5999281488906469,0.7902063727378845,0.3307026028633117,0.6967378631081609,0.6811277866363525
Dek,0.6809080243110657,1.066277027130127,0.9649805426597596,6.548886380585842e-17,8.691308975219727,0.9649805426597596,5.7447640700380084e-21,9.956012725830078,0.9649805426597596,6.173705638936787e-16,8.597179412841797
Rnf144b,0.0,0.0,0.0,0.9888502385877284,0.1005259156227111,0.0,1.0,0.0,0.0,1.0,0.0
Id4,0.0,0.0,0.0,0.9888502385877284,0.1005259156227111,0.0,1.0,0.0,0.0,1.0,0.0
Zfp169,0.0407979413866996,0.0230957511812448,-0.833706259727478,0.9888502385877284,-0.2113583385944366,-0.833706259727478,0.1348484318480482,-1.8723700046539309,-0.833706259727478,0.2816669699916528,-1.507884860038757
A830005F24Rik,0.0025212995242327,0.0077932295389473,1.631859540939331,0.9888502385877284,0.4370561838150024,1.631859540939331,0.2988096881780456,1.396894931793213,1.631859540939331,0.4014884129225263,1.2553766965866089
Ptpdc1,0.0042385146953165,0.0013165610143914,-1.6888923645019531,0.9888502385877284,0.0348778627812862,-1.6888923645019531,0.4090077135465846,-1.171706199645996,-1.6888923645019531,0.5933951093691906,-0.8864036798477173
Phf2,0.1518362164497375,0.150112897157669,-0.0177422855049371,0.3326368779754193,1.4951175451278689,-0.0177422855049371,1.0,-0.089021973311901,-0.0177422855049371,1.0,-0.0740560889244079
Fam120a,0.3157869279384613,0.4233038127422333,0.5050647258758545,0.0006210004377736,3.850306749343872,0.5050647258758545,0.0006464735120161,3.786311626434326,0.5050647258758545,0.0051386520502091,3.226588487625122
Ninj1,0.0680806338787078,0.052063763141632,-0.3986342549324035,0.9913732616423362,0.0262890942394733,-0.3986342549324035,0.3677827051782803,-1.249967098236084,-0.3986342549324035,0.5282133287683867,-1.031963586807251
Card19,0.1516444534063339,0.3003217577934265,1.0970996618270874,5.545078840378257e-09,6.205944061279297,1.0970996618270874,3.8991864060578785e-09,6.292261123657227,1.0970996618270874,3.902828584960879e-07,5.499398231506348
Susd3,0.0764748677611351,0.196190059185028,1.4475117921829224,1.0993977841058544e-06,5.266557216644287,1.4475117921829224,3.801674757756629e-09,6.308131217956543,1.4475117921829224,1.6719138351689372e-07,5.663297653198242
Fgd3,0.084952600300312,0.0713853761553764,-0.2609436213970184,0.9888502385877284,0.2451906204223632,-0.2609436213970184,0.5132812580067474,-0.9250401258468628,-0.2609436213970184,0.6708748887192806,-0.7697945237159729
Bicd2,0.0956368595361709,0.1138905361294746,0.2654062509536743,0.277246480562255,1.6046802997589111,0.2654062509536743,0.4611696023192146,1.083490014076233,0.2654062509536743,0.5686088043066081,0.9236083030700684
Ippk,0.0241310875862836,0.0371379218995571,0.631430447101593,0.5249654482287129,1.1831586360931396,0.631430447101593,0.2904608084752288,1.427298665046692,0.631430447101593,0.4156615814425485,1.230637550354004
Cenpp,0.0126388957723975,0.0515534691512584,2.056420087814331,0.0397179407962968,2.530325412750244,2.056420087814331,8.767730297888526e-05,4.308053016662598,2.056420087814331,0.0004236989244808,3.952646493911743
Tes3-ps,0.0021239535417407,0.0043587205000221,1.0387648344039917,0.9888502385877284,0.2357803136110305,1.0387648344039917,0.6366132313084764,0.7351391315460205,1.0387648344039917,0.7135691385956825,0.6566428542137146
Ecm2,0.0,0.0,0.0,0.9888502385877284,0.1005259156227111,0.0,1.0,0.0,0.0,1.0,0.0
Aspn,0.0,0.0,0.0,0.9888502385877284,0.1005259156227111,0.0,1.0,0.0,0.0,1.0,0.0
Omd,0.0010386980138719,0.0,-19.98709487915039,0.9888502385877284,0.0673658028244972,-19.98709487915039,0.4679991859106411,-1.0,-19.98709487915039,0.6832027011037286,-0.7008072733879089
Ogn,0.0,0.0,0.0,0.9888502385877284,0.1005259156227111,0.0,1.0,0.0,0.0,1.0,0.0
Nol8,0.2687047719955444,0.21290884912014,-0.3776482045650482,0.9888502385877284,-0.2784254252910614,-0.3776482045650482,0.052142746165709,-2.319572687149048,-0.3776482045650482,0.1428283012335186,-1.901026487350464
Iars,0.0872257500886917,0.1072489768266677,0.3128156363964081,0.117732028989217,2.0592129230499268,0.3128156363964081,0.3631073133599483,1.259046196937561,0.3128156363964081,0.5115939831274127,1.0634859800338743
Fbxw17,0.0310691390186548,0.0770778879523277,1.3443220853805542,0.0517121107154924,2.423675298690796,1.3443220853805542,0.0012313950306814,3.6105260848999023,1.3443220853805542,0.0046635211943481,3.2585337162017822
Spin1,0.1968104392290115,0.1956759691238403,-0.0091851502656936,0.4736896487688347,1.258067607879639,-0.0091851502656936,1.0,-0.0515116453170776,-0.0091851502656936,1.0,-0.0432469621300697
Nxnl2,0.0013198880478739,0.0160866845399141,3.6180460453033447,0.8673548860792544,0.7395301461219788,3.6180460453033447,0.0161751390063859,2.7894556522369385,3.6180460453033447,0.0235874958259886,2.7037410736083984
S1pr3,0.0,0.0,0.0,0.9888502385877284,0.1005259156227111,0.0,1.0,0.0,0.0,1.0,0.0
Shc3,0.0,0.0009595549781806,19.872699737548828,0.9888502385877284,0.1678170263767242,19.872699737548828,0.4679991859106411,1.0,19.872699737548828,0.5282133287683867,1.0
Cks2,0.1308294236660003,0.4168379604816437,1.887511968612671,2.7926963541146527e-21,9.7915678024292,1.887511968612671,1.9750585606365982e-24,10.922337532043455,1.887511968612671,1.826023356028164e-20,9.87424373626709
Secisbp2,0.1773020476102829,0.2443770468235016,0.5129830241203308,0.0009596406321057,3.732080459594727,0.5129830241203308,0.0093400011998471,2.9773268699646,0.5129830241203308,0.0364937516479545,2.5289549827575684
Sema4d,0.350600004196167,0.7560834884643555,1.428034424781799,1.8052248274774048e-26,10.951573371887209,1.428034424781799,4.8882377411986114e-33,12.79674243927002,1.428034424781799,2.199318757005776e-25,11.081454277038574
Gadd45g,0.0605995655059814,0.0367106907069683,-0.7404791116714478,0.9888502385877284,0.0490679964423179,-0.7404791116714478,0.0897836385718601,-2.0748658180236816,-0.7404791116714478,0.2233458996100893,-1.6516460180282593
Syk,0.0025424580089747,0.0272218454629182,3.438315153121948,0.5768294661542929,1.1087723970413208,3.438315153121948,0.0021967372956709,3.4484188556671143,3.438315153121948,0.0036685331438105,3.3400917053222656
Auh,0.242002785205841,0.341675192117691,0.5729923248291016,0.0001527684455283,4.20438814163208,0.5729923248291016,0.0006532725526705,3.784186124801636,0.5729923248291016,0.0046144791759692,3.2614758014678955
Nfil3,0.0079212831333279,0.152537003159523,4.37299394607544,1.657918080500736e-08,6.023190021514893,4.37299394607544,6.987576152649929e-18,9.306215286254885,4.37299394607544,2.833831090788703e-17,9.132331848144531
Sptlc1,0.1148772463202476,0.1606992930173874,0.5180827379226685,0.0153904606179728,2.883286237716675,0.5180827379226685,0.0437630667485005,2.394166946411133,0.5180827379226685,0.1044282905285843,2.0613584518432617
Drd1,0.0,0.0,0.0,0.9888502385877284,0.1005259156227111,0.0,1.0,0.0,0.0,1.0,0.0
Sfxn1,0.2930324375629425,0.2737225592136383,-0.1129322126507759,0.9536838896592617,0.6279508471488953,-0.1129322126507759,0.6290519655457497,-0.7465460300445557,-0.1129322126507759,0.7378531486711271,-0.6207970380783081
Hrh2,0.0443890132009983,0.0925825238227844,1.0956981182098389,0.0455155448934256,2.47595477104187,1.0956981182098389,0.0022589748219984,3.4329121112823486,1.0956981182098389,0.0089487521671342,3.0448756217956543
Thoc3,0.1346615105867386,0.2141365110874176,0.7281877994537354,0.0005957665385109,3.860986709594727,0.7281877994537354,0.0007265260273254,3.75604772567749,0.7281877994537354,0.0046606312398776,3.2580151557922363
Simc1,0.0397790931165218,0.03108661621809,-0.3620241284370422,0.9888502385877284,0.2162875533103943,-0.3620241284370422,0.5436893128575835,-0.8762960433959961,-0.3620241284370422,0.6832027011037286,-0.7279030084609985
4833439L19Rik,0.0800066813826561,0.128197580575943,0.7155420780181885,0.0085298456446583,3.082545757293701,0.7155420780181885,0.0124426925904857,2.8778481483459477,0.7155420780181885,0.0406579372233074,2.483402729034424
Arl10,0.0270148236304521,0.0421913601458072,0.6542069911956787,0.5973767309938872,1.0812883377075195,0.6542069911956787,0.256522522442251,1.5032072067260742,0.6542069911956787,0.377047706042724,1.300452709197998
Nop16,0.11491659283638,0.1223298832774162,0.095642864704132,0.2371771715754478,1.6943769454956057,0.095642864704132,0.852213908587861,0.4274576306343078,0.095642864704132,0.9176031951309284,0.3585647344589233
Higd2a,0.5478297472000122,0.8369808793067932,0.8439173698425293,2.786731720963839e-12,7.34683084487915,0.8439173698425293,2.837598888808253e-16,8.64609432220459,0.8439173698425293,7.644246222041805e-12,7.310229778289795
Cltb,0.1525653302669525,0.1449315100908279,-0.0796988904476165,0.46618590631755,1.2712868452072144,-0.0796988904476165,0.8776538169805311,-0.3918278217315674,-0.0796988904476165,0.9379484350629764,-0.3270951509475708
Faf2,0.171490728855133,0.2511977255344391,0.6102129817008972,0.0004333016217974,3.942841291427612,0.6102129817008972,0.002397488737685,3.4128127098083496,0.6102129817008972,0.012163953669903,2.9407780170440674
Rnf44,0.1210471838712692,0.2152193337678909,0.9000715017318726,5.5772575169854006e-05,4.443230628967285,0.9000715017318726,3.1723582689859384e-05,4.538832187652588,0.9000715017318726,0.0004078617197707,3.959850311279297
Sncb,0.0,0.0039343014359474,21.91051483154297,0.9888502385877284,0.2351081520318985,21.91051483154297,0.2988096881780456,1.3977794647216797,21.91051483154297,0.3302961488690877,1.3977794647216797
Tspan17,0.0020507550798356,0.0189192797988653,3.2178187370300293,0.7830682368797831,0.8405041694641113,3.2178187370300293,0.0152592056375215,2.81083607673645,3.2178187370300293,0.0220674993241119,2.729559898376465
Unc5a,0.0142124574631452,0.0,-23.77091789245605,0.9888502385877284,-0.3305554986000061,-23.77091789245605,0.0012841391185144,-3.59453558921814,-23.77091789245605,0.0377645857208837,-2.5190765857696533
Hk3,0.000886668334715,0.0016771348891779,0.9201018810272216,0.9888502385877284,0.1345822364091873,0.9201018810272216,0.8600413329970119,0.4166725277900696,0.9201018810272216,0.9055499445538816,0.3762617707252502
Uimc1,0.2370095252990722,0.320694625377655,0.499423086643219,0.0002406619391723,4.0910162925720215,0.499423086643219,0.0033446383597462,3.310462951660156,0.499423086643219,0.0171966474272741,2.816983461380005
Zfp346,0.0539785809814929,0.0610006786882877,0.1815522164106369,0.5454269920985754,1.1524630784988403,0.1815522164106369,0.7648023114648459,0.5520356297492981,0.1815522164106369,0.8461699087498251,0.4634030759334564
Nsd1,0.6388174891471863,0.6115763187408447,-0.0845559760928154,0.5998523515496258,-1.0778528451919556,-0.0845559760928154,0.5703905051227404,-0.8354722857475281,-0.0845559760928154,0.6914352684043714,-0.6888687610626221
Rab24,0.2328366190195083,0.3107425570487976,0.4751414060592651,0.0009485652811561,3.735441446304321,0.4751414060592651,0.0054491883978941,3.156818628311157,0.4751414060592651,0.0250116800424704,2.6779284477233887
Prelid1,0.5616918206214905,1.3074305057525637,1.839233994483948,1.3453680700372818e-71,18.13148307800293,1.839233994483948,9.309533741624315e-93,23.00162696838379,1.839233994483948,3.590564118190713e-67,19.278657913208008
Mxd3,0.0124078588560223,0.0368226841092109,1.587024450302124,0.4660897662109405,1.2715855836868286,1.587024450302124,0.0213173693415498,2.684030294418335,1.587024450302124,0.0418227449910048,2.472235202789306
Lman2,0.4393342733383178,0.7414426803588867,0.994253396987915,1.2439544532070063e-15,8.34133529663086,0.994253396987915,1.3346647284034973e-18,9.314598083496094,0.994253396987915,6.910338117259016e-14,7.97628927230835
Rgs14,0.1515177488327026,0.1435158252716064,-0.0841908082365989,0.7230328061428369,0.9145169258117676,-0.0841908082365989,0.8659868239523301,-0.4086776077747345,-0.0841908082365989,0.9290295003624864,-0.3414779305458069
Slc34a1,0.0,0.0,0.0,0.9888502385877284,0.1005259156227111,0.0,1.0,0.0,0.0,1.0,0.0
F12,0.0,0.0,0.0,0.9888502385877284,0.1005259156227111,0.0,1.0,0.0,0.0,1.0,0.0
Grk6,0.671251118183136,0.775279700756073,0.2918722927570343,0.0755263037017054,2.2628040313720703,0.2918722927570343,0.0076439743519198,3.044352769851685,0.2918722927570343,0.03464053993703,2.550268650054932
Prr7,0.1044528260827064,0.1975408643484115,0.9881377816200256,0.0002154338625856,4.118948459625244,0.9881377816200256,2.4901517005996216e-05,4.595570087432861,0.9881377816200256,0.0002872252496208,4.051253795623779
Dbn1,0.0,0.0,0.0,0.9888502385877284,0.1005259156227111,0.0,1.0,0.0,0.0,1.0,0.0
Pdlim7,0.0264650583267211,0.0425793714821338,0.6977565884590149,0.416925526788134,1.3482869863510132,0.6977565884590149,0.1980020434310643,1.6552038192749023,0.6977565884590149,0.312523202463954,1.43886137008667
Dok3,0.0010614037746563,0.0047799362801015,2.1737003326416016,0.9888502385877284,0.2019480466842651,2.1737003326416016,0.4679991859106411,1.016452431678772,2.1737003326416016,0.5361099917919885,0.9748300909996032
Ddx41,0.2155209630727768,0.2774820327758789,0.4110959768295288,0.0040706267245357,3.314591884613037,0.4110959768295288,0.0292966174168735,2.5572657585144043,0.4110959768295288,0.0825405428082106,2.17166519165039
Fam193b,0.1771179437637329,0.1946509629487991,0.149218201637268,0.1431564841050691,1.962495803833008,0.149218201637268,0.5926247078829716,0.8012740612030029,0.149218201637268,0.7011510824094415,0.6748042106628418
Tmed9,0.8724465370178223,1.28711998462677,0.9129099249839784,2.0870484122300614e-23,10.282770156860352,0.9129099249839784,1.4446948342762355e-32,12.574740409851074,0.9129099249839784,2.0346971241897352e-22,10.375458717346191
B4galt7,0.1787781119346618,0.197343498468399,0.1563505679368972,0.1011497766235131,2.130462169647217,0.1563505679368972,0.5464554092721112,0.8721301555633545,0.1563505679368972,0.6832027011037286,0.7321163415908813
Caml,0.0768286287784576,0.1370232999324798,0.8789002299308777,0.0036660798346262,3.3470797538757324,0.8789002299308777,0.0013243327181501,3.586990594863892,0.8789002299308777,0.0068733726634286,3.13287615776062
Ddx46,0.6699960231781006,0.758022665977478,0.2490787804126739,0.0989456309808602,2.140395402908325,0.2490787804126739,0.0261516380440459,2.601490974426269,0.2490787804126739,0.0835064104856362,2.166168212890625
B230219D22Rik,0.3253698945045471,0.3770241439342499,0.2520129978656769,0.0302851179002782,2.634660243988037,0.2520129978656769,0.1418300570898346,1.8461081981658936,0.2520129978656769,0.2603972603995343,1.5581161975860596
Txndc15,0.2657162845134735,0.2569802701473236,-0.0548051819205284,0.6841528538881338,0.9661989212036132,-0.0548051819205284,0.9014630698360852,-0.3574390113353729,-0.0548051819205284,0.9567442614615606,-0.2981012463569641
Pcbd2,0.2236994951963424,0.3297839164733886,0.6400077939033508,0.0001760641894958,4.168987274169922,0.6400077939033508,0.0001396599377521,4.185243129730225,0.6400077939033508,0.0015084426574963,3.598297357559204
Catsper3,0.0,0.0,0.0,0.9888502385877284,0.1005259156227111,0.0,1.0,0.0,0.0,1.0,0.0
Macroh2a1,1.2230710983276367,1.2393760681152344,0.0332220420241355,0.9888502385877284,-0.1259187906980514,0.0332220420241355,0.8316291003082966,0.456231027841568,0.0332220420241355,0.9005595943566446,0.3838462233543396
Tifab,0.0,0.0015645534731447,20.578449249267575,0.9888502385877284,0.1678170263767242,20.578449249267575,0.4679991859106411,1.0,20.578449249267575,0.5282133287683867,1.0
Fbxl21,0.0,0.0,0.0,0.9888502385877284,0.1005259156227111,0.0,1.0,0.0,0.0,1.0,0.0
Tgfbi,0.0,0.0024797867517918,21.24357414245605,0.9888502385877284,0.1678170263767242,21.24357414245605,0.4679991859106411,1.0,21.24357414245605,0.5282133287683867,1.0
Smad5,0.0895241871476173,0.0818090066313743,-0.1356624215841293,0.7760390317127598,0.8485701680183411,-0.1356624215841293,0.7903758852668343,-0.5152757167816162,-0.1356624215841293,0.8718646043533235,-0.4264670610427856
Klhl3,0.0432167500257492,0.0005095215165056,-6.437220096588135,0.5867650447057705,-1.0951050519943235,-6.437220096588135,9.657002705476764e-09,-6.130412578582764,-6.437220096588135,0.0001153809032117,-4.302097320556641
Hnrnpa0,1.2225074768066406,1.0760118961334229,-0.3096312582492828,5.243171556632542e-07,-5.408010482788086,-0.3096312582492828,0.0001396599377521,-4.181883811950684,-0.3096312582492828,0.0023113959534566,-3.47428035736084
Idnk,0.6642146110534668,0.6244803071022034,-0.120712473988533,0.2179684365159326,-1.7415778636932373,-0.120712473988533,0.396034870896314,-1.195346713066101,-0.120712473988533,0.5290535110604178,-0.9982107877731324
Ubqln1,0.2054271250963211,0.1571822613477707,-0.4220406413078308,0.9888502385877284,-0.1306986212730407,-0.4220406413078308,0.0521372813047671,-2.319710254669189,-0.4220406413078308,0.1417721726514444,-1.905320167541504
Gkap1,0.02185745164752,0.0364585444331169,0.7487152218818665,0.4752235466533476,1.2557523250579834,0.7487152218818665,0.2019951188051299,1.6436058282852173,0.7487152218818665,0.3222453376364433,1.4187803268432615
Kif27,0.0,0.0,0.0,0.9888502385877284,0.1005259156227111,0.0,1.0,0.0,0.0,1.0,0.0
2210016F16Rik,0.3131463825702667,0.3390346169471741,0.1342829018831253,0.2335484721308278,1.7028909921646118,0.1342829018831253,0.4853796140578941,0.970762014389038,0.1342829018831253,0.636894652504505,0.8184927701950073
Hnrnpk,1.361152172088623,1.553276777267456,0.3615956902503967,6.467820277159863e-05,4.408651351928711,0.3615956902503967,1.025684782055236e-08,6.10479211807251,0.3615956902503967,6.370372033029972e-06,4.941645622253418
Rmi1,0.0786270946264267,0.1390600055456161,0.8669928908348083,0.0032234456372083,3.385915994644165,0.8669928908348083,0.0015500200748596,3.5418989658355717,0.8669928908348083,0.0075168802437121,3.103090524673462
Slc28a3,0.0047968518920242,0.0,-22.197118759155277,0.9888502385877284,-0.0321145206689834,-22.197118759155277,0.1066160058911409,-1.9923508167266848,-22.197118759155277,0.3306120298935928,-1.3962539434432983
Agtpbp1,0.1050410270690918,0.1302601397037506,0.3289912343025207,0.1075042338004844,2.101633787155152,0.3289912343025207,0.2948387671894117,1.4078153371810913,0.3289912343025207,0.4308528497388725,1.1982427835464478
Naa35,0.1728060245513916,0.2180290818214416,0.369050532579422,0.019712122679077,2.795008659362793,0.369050532579422,0.0955726722691454,2.04582142829895,0.369050532579422,0.1939582481989084,1.7370725870132446
Golm1,0.1293065100908279,0.2250231951475143,0.8703612089157104,2.4924458980445292e-05,4.624639987945557,0.8703612089157104,3.732232123412107e-05,4.501113414764404,0.8703612089157104,0.0004976632889991,3.905936717987061
4921517D22Rik,0.0022394449915736,0.0,-21.09632682800293,0.9888502385877284,0.0342056974768638,-21.09632682800293,0.2942789202292576,-1.410538911819458,-21.09632682800293,0.5299909986835808,-0.9885159134864808
Spata31d1a,0.0,0.0,0.0,0.9888502385877284,0.1005259156227111,0.0,1.0,0.0,0.0,1.0,0.0
1700014D04Rik,0.0,0.0,0.0,0.9888502385877284,0.1005259156227111,0.0,1.0,0.0,0.0,1.0,0.0
Isca1,0.1095274537801742,0.1284925788640976,0.2443442940711975,0.1533133682265942,1.9285142421722408,0.2443442940711975,0.4679991859106411,1.055749773979187,0.2443442940711975,0.5900691914142209,0.8916378021240234
Tut7,0.5089093446731567,0.6084291338920593,0.3361185789108276,0.0205716297594549,2.7788021564483643,0.3361185789108276,0.0077375555945864,3.040304183959961,0.3361185789108276,0.0342810114602982,2.5545918941497803
Dapk1,0.0118951248005032,0.0,-23.5124568939209,0.9888502385877284,-0.2642352879047394,-23.5124568939209,0.0043953801406648,-3.226767539978028,-23.5124568939209,0.068448833326788,-2.2613420486450195
4930486L24Rik,0.0033618998713791,0.0055986130610108,0.7374072670936584,0.9888502385877284,0.2022467851638794,0.7374072670936584,0.7368931541089548,0.5911773443222046,0.7374072670936584,0.80573632211272,0.5241357684135437
Gm49392,0.0,0.0,0.0,0.9888502385877284,0.1005259156227111,0.0,1.0,0.0,0.0,1.0,0.0
Ctla2b,0.000860511616338,0.0654804557561874,6.296595096588135,0.0312401506906608,2.6236815452575684,6.296595096588135,3.3895864819101954e-08,5.970324516296387,6.296595096588135,4.5955365190448765e-08,5.950870037078857
Ctla2a,0.1614299416542053,1.7612643241882324,4.781977653503418,4.769047252279662e-126,24.09791374206543,4.781977653503418,1.288698689849579e-123,32.08723831176758,4.781977653503418,2.4550268292755264e-123,30.78297996520996
Zfp808,0.013164727948606,0.0109314043074846,-0.2698129713535309,0.9888502385877284,0.2022467851638794,-0.2698129713535309,0.8873046647535501,-0.3772099316120147,-0.2698129713535309,0.9480555766306944,-0.3110107481479645
Gm3604,0.0090638538822531,0.0253593605011701,1.4961103200912476,0.6298594623426925,1.037224292755127,1.4961103200912476,0.0528864858286208,2.315558910369873,1.4961103200912476,0.0967487245545995,2.0982470512390137
Gm49359,0.0546501912176609,0.0440048202872276,-0.3203072547912597,0.9888502385877284,0.2043379694223404,-0.3203072547912597,0.5073524268386658,-0.9341455101966858,-0.3203072547912597,0.6704142638550121,-0.7707729935646057
Zfp934,0.0389273911714553,0.0741309151053428,0.95492285490036,0.0902227575768093,2.182293653488159,0.95492285490036,0.0118624867273011,2.895834922790528,0.95492285490036,0.0352045270876889,2.54371976852417
6720489N17Rik,0.0012225751997902,0.010172133333981,3.0630879402160645,0.9728535020078471,0.6050972938537598,3.0630879402160645,0.0564832309994409,2.288146495819092,3.0630879402160645,0.0813019961098308,2.180439710617065
Platr25,0.0301283355802297,0.0620140172541141,1.0646506547927856,0.1629635520976791,1.8969972133636477,1.0646506547927856,0.0163149575392549,2.782309055328369,1.0646506547927856,0.0412975046408547,2.476978540420532
Gm5141,0.0160830672830343,0.0380366668105125,1.2577556371688845,0.4277023824351099,1.3316322565078735,1.2577556371688845,0.039973684231871,2.432366847991944,1.2577556371688845,0.0800528007103703,2.1860575675964355
Aopep,0.2019012719392776,0.8669108152389526,2.6243836879730225,7.055293925713898e-67,17.519290924072266,2.6243836879730225,5.874632355496169e-77,21.455432891845703,2.6243836879730225,3.1288434821478204e-67,19.372848510742188
Fancc,0.01798533834517,0.0162382777780294,-0.1486863642930984,0.9888502385877284,0.1691613644361496,-0.1486863642930984,0.9820373487456652,-0.2424564361572265,-0.1486863642930984,1.0,-0.2047787457704544
Ptch1,0.112245850265026,0.1470710635185241,0.4155150055885315,0.0502024030577539,2.436521053314209,0.4155150055885315,0.1267799844392743,1.905606865882873,0.4155150055885315,0.2326443328614031,1.626927137374878
Ercc6l2,0.1216708496212959,0.1119619682431221,-0.1271147280931472,0.7625039379307077,0.8641046285629272,-0.1271147280931472,0.77125842706881,-0.5424153804779053,-0.1271147280931472,0.8521374495726085,-0.4549283683300018
Slc35d2,0.0639725476503372,0.1104723438620567,0.8221903443336487,0.0359322247469877,2.569460153579712,0.8221903443336487,0.0102653384788217,2.946340799331665,0.8221903443336487,0.0316237846923334,2.585819959640503
Zfp367,0.0327089056372642,0.112573005259037,1.8414126634597776,0.0008232887278366,3.773381233215332,1.8414126634597776,3.379632977589163e-07,5.505078315734863,1.8414126634597776,3.3451164527893766e-06,5.079257965087891
Habp4,0.0407075323164463,0.0590548776090145,0.5501052737236023,0.3786025475839134,1.411619782447815,0.5501052737236023,0.2361305901504264,1.5526655912399292,0.5501052737236023,0.3592533759015203,1.3353233337402344
Cdc14b,0.1283371895551681,0.0842472165822982,-0.6396061182022095,0.9888502385877284,-0.1314454674720764,-0.6396061182022095,0.0224620603518183,-2.6599855422973637,-0.6396061182022095,0.0881293773883185,-2.141777276992798
Prxl2c,0.2266805768013,0.1173879131674766,-1.030474066734314,0.052013097094723,-2.4210612773895264,-1.030474066734314,7.185475808175138e-07,-5.327773094177246,-1.030474066734314,0.000109088200738,-4.296412467956543
Ctsl,0.1090874522924423,0.005851321388036,-4.2957611083984375,0.0163199642635726,-2.86222505569458,-4.2957611083984375,3.475269480724184e-18,-9.17010498046875,-4.2957611083984375,1.2333556083315815e-09,-6.580173015594482
Cdk20,0.0098558347672224,0.0038601367268711,-1.356655836105347,0.9888502385877284,-0.0640796646475792,-1.356655836105347,0.2963197156982143,-1.402333378791809,-1.356655836105347,0.4859966253746226,-1.1044715642929075
Mfsd14b,0.0847309380769729,0.1469364166259765,0.8399692177772522,0.0028900713765793,3.4183292388916016,0.8399692177772522,0.0018496599211048,3.490812301635742,0.8399692177772522,0.00864191887391,3.0565457344055176
Gm10775,0.0,0.0,0.0,0.9888502385877284,0.1005259156227111,0.0,1.0,0.0,0.0,1.0,0.0
Zfp369,0.0535196997225284,0.054238736629486,0.0197768360376358,0.9743620949583252,0.6022592782974243,0.0197768360376358,1.0,0.0581283681094646,0.0197768360376358,1.0,0.0491769649088382
Uqcrb,0.7268698215484619,1.1484029293060305,1.010735273361206,6.781957172099689e-24,10.392333030700684,1.010735273361206,1.3001385092556146e-30,12.19084644317627,1.010735273361206,6.66590533431832e-22,10.232213020324709
Gm10767,0.0036806219723075,0.0146909095346927,2.00485634803772,0.9213187170541868,0.6717162132263184,2.00485634803772,0.0911585836437397,2.070273876190185,2.00485634803772,0.1386273707903014,1.917010307312012
Mterf3,0.1190817803144455,0.1209832727909088,0.0242540054023265,0.4516471281685112,1.293766975402832,0.0242540054023265,1.0,0.107704721391201,0.0242540054023265,1.0,0.0903404057025909
Ptdss1,0.0823808833956718,0.1450250148773193,0.8619644641876221,0.0043604033339428,3.293605327606201,0.8619644641876221,0.0015255302755796,3.546684980392456,0.8619644641876221,0.0071966131183364,3.1173057556152344
Zfp712,0.0248654354363679,0.020211424678564,-0.3023407459259033,0.9888502385877284,0.1937327086925506,-0.3023407459259033,0.7457221925505872,-0.5796266794204712,-0.3023407459259033,0.8368336576662283,-0.4783305525779724
Gm28557,0.0127003761008381,0.0095171323046088,-0.4185727536678314,0.9888502385877284,0.1360759437084198,-0.4185727536678314,0.7562537684528536,-0.5650469660758972,-0.4185727536678314,0.8461699087498251,-0.4635939300060272
Rslcan18,0.0,0.0,0.0,0.9888502385877284,0.1005259156227111,0.0,1.0,0.0,0.0,1.0,0.0
Zfp759,0.010094535537064,0.0094820810481905,-0.090741366147995,0.9888502385877284,0.2691644728183746,-0.090741366147995,1.0,-0.1201740652322769,-0.090741366147995,1.0,-0.0996638536453247
Rsl1,0.0274672284722328,0.0214549396187067,-0.3607560098171234,0.9888502385877284,0.2886572480201721,-0.3607560098171234,0.6237780925721221,-0.7540775537490845,-0.3607560098171234,0.7434544840928585,-0.6126172542572021
Zfp455,0.0138102127239108,0.0063909105956554,-1.117003083229065,0.9888502385877284,-0.0648265182971954,-1.117003083229065,0.2668675470645863,-1.479555368423462,-1.117003083229065,0.4476801033080466,-1.169369339942932
Zfp458,0.020039627328515,0.0215886328369379,0.1085374727845192,0.9888502385877284,0.4960573017597198,0.1085374727845192,1.0,0.199530616402626,0.1085374727845192,1.0,0.1661801785230636
Zfp457,0.0,0.0,0.0,0.9888502385877284,0.1005259156227111,0.0,1.0,0.0,0.0,1.0,0.0
Zfp595,0.0562494024634361,0.0473609641194343,-0.2546062767505646,0.9888502385877284,0.4975509941577911,-0.2546062767505646,0.6260622204420128,-0.7507883310317993,-0.2546062767505646,0.7378531486711271,-0.6207291483879089
Gm28044,0.0,0.0,0.0,0.9888502385877284,0.1005259156227111,0.0,1.0,0.0,0.0,1.0,0.0
Zfp953,0.0445236749947071,0.0349070541560649,-0.3580370247364044,0.9888502385877284,0.2900762557983398,-0.3580370247364044,0.5016721644047606,-0.9436129331588744,-0.3580370247364044,0.6689794028522288,-0.7729199528694153
Gm28041,0.0009876359254121,0.003541589481756,1.8441877365112305,0.9888502385877284,0.201798677444458,1.8441877365112305,0.4986725859894462,0.9487847685813904,1.8441877365112305,0.5920414196035428,0.8888210654258728
Zfp456,0.0180134028196334,0.042327381670475,1.2501473426818848,0.4909958154434463,1.2319278717041016,1.2501473426818848,0.0336630991368776,2.503668785095215,1.2501473426818848,0.0674564200602149,2.264533758163452
Zfp429,0.0535221770405769,0.07135671377182,0.4279110431671142,0.4915349104912291,1.2311064004898071,0.4279110431671142,0.3263652561205948,1.334059238433838,0.4279110431671142,0.4565124619636702,1.1539993286132812
Zfp459,0.0165388640016317,0.0265488121658563,0.690033495426178,0.8714516005885605,0.7326591610908508,0.690033495426178,0.3615573710705833,1.2622488737106323,0.690033495426178,0.4841339463009003,1.107526779174805
Zfp874a,0.0329951345920562,0.0286012757569551,-0.2093594372272491,0.9888502385877284,0.2889559864997864,-0.2093594372272491,0.8249762757024902,-0.4659138917922973,-0.2093594372272491,0.8992971541521327,-0.3855959177017212
Zfp874b,0.0548102222383022,0.0313002616167068,-0.8253507018089294,0.9888502385877284,-0.2371993362903595,-0.8253507018089294,0.0677491276572175,-2.203085899353028,-0.8253507018089294,0.1852221114983841,-1.7635438442230225
Zfp58,0.0213623568415641,0.0225056074559688,0.0760414823889732,0.9888502385877284,0.5305617451667786,0.0760414823889732,1.0,0.1465091556310653,0.0760414823889732,1.0,0.1229858323931694
Zfp87,0.0623885989189147,0.1020549461245536,0.7389968037605286,0.0526669444286919,2.4157586097717285,0.7389968037605286,0.0255552532352664,2.6114273071289062,0.7389968037605286,0.0666994964623763,2.270129442214966
Zfp748,0.0502841398119926,0.0708208680152893,0.5090347528457642,0.2864431592427023,1.58496356010437,0.5090347528457642,0.2264128733303697,1.5778827667236328,0.5090347528457642,0.3481543525531182,1.3577022552490234
Zfp729b,0.0690149143338203,0.0598264001309871,-0.2128252387046814,0.9888502385877284,0.4994927942752838,-0.2128252387046814,0.6676779703812072,-0.688928484916687,-0.2128252387046814,0.7714036660271334,-0.571633517742157
Zfp729a,0.0951360315084457,0.0809983536601066,-0.2424470633268356,0.9888502385877284,0.3767107725143432,-0.2424470633268356,0.5213222678372211,-0.9117246270179749,-0.2424470633268356,0.6784539072784652,-0.7581920623779297
Zfp738,0.1250643134117126,0.1034334748983383,-0.2898673415184021,0.9888502385877284,0.2118064612150192,-0.2898673415184021,0.3872542283244402,-1.2121082544326782,-0.2898673415184021,0.5282133287683867,-1.008368730545044
Zfp65,0.0667147189378738,0.0507830493152141,-0.4052628576755523,0.9888502385877284,0.1909693628549575,-0.4052628576755523,0.3566089461742003,-1.2716463804244995,-0.4052628576755523,0.5210409051015304,-1.0475540161132812
Zfp85,0.0224868338555097,0.0250653214752674,0.1584795266389846,0.9888502385877284,0.5582698583602905,0.1584795266389846,0.9259300236491158,0.3217982947826385,0.1584795266389846,0.9740851814876073,0.2709552049636841
Zfp493,0.0155223412439227,0.0019124641548842,-3.030672788619995,0.9888502385877284,-0.2971713244915008,-3.030672788619995,0.0093020556730815,-2.977040529251098,-3.030672788619995,0.0804268061568807,-2.185933828353882
Zfp273,0.0160562992095947,0.0177625846117734,0.1469362825155258,0.9888502385877284,0.4000124633312225,0.1469362825155258,0.9824893044186116,0.2415404319763183,0.1469362825155258,1.0,0.2023388594388961
Gm10037,0.0012167925015091,0.0,-20.21553039550781,0.9888502385877284,0.0673658028244972,-20.21553039550781,0.4679991859106411,-1.0,-20.21553039550781,0.6832027011037286,-0.7008072733879089
BC048507,0.0,0.0,0.0,0.9888502385877284,0.1005259156227111,0.0,1.0,0.0,0.0,1.0,0.0
Mtrr,0.0524323284626007,0.0674409046769142,0.3741017878055572,0.297473502416109,1.562408685684204,0.3741017878055572,0.3977344582984151,1.1925063133239746,0.3741017878055572,0.5282133287683867,1.011974811553955
Fastkd3,0.0331235416233539,0.0587023347616195,0.8441534042358398,0.1997227596614026,1.7895255088806152,0.8441534042358398,0.0537876006802034,2.3073558807373047,0.8441534042358398,0.1134291430443944,2.020799160003662
Tent4a,0.0505855791270732,0.0496500171720981,-0.0276124700903892,0.7392163622942444,0.8921114802360535,-0.0276124700903892,1.0,-0.0818073973059654,-0.0276124700903892,1.0,-0.0680864304304122
Nsun2,0.3104268908500671,0.2916766107082367,-0.1040869280695915,0.9074387899232532,0.6883710026741028,-0.1040869280695915,0.6465539964763944,-0.7205555438995361,-0.1040869280695915,0.7538792789891237,-0.5973458886146545
Srd5a1,0.001158770173788,0.0038785820361226,1.7448967695236206,0.9888502385877284,0.201798677444458,1.7448967695236206,0.5200513301930302,0.9141119718551636,1.7448967695236206,0.6163591378890084,0.8497748970985413
Med10,0.2972134947776794,0.5507479310035706,1.0856602191925049,7.5738185332344e-14,7.826009750366211,1.0856602191925049,7.631092646921421e-17,8.831339836120605,1.0856602191925049,7.843219248425117e-13,7.636805057525635
Ice1,0.195720762014389,0.1258033066987991,-0.6894125938415527,0.9076430727217168,-0.6878482103347778,-0.6894125938415527,0.0016750873310446,-3.5147273540496826,-0.6894125938415527,0.0162145941157408,-2.83892035484314
Ndufs6,0.5866712927818298,0.8670680522918701,0.7901389002799988,2.793924074560326e-12,7.346233367919922,0.7901389002799988,8.628036642689844e-15,8.209056854248047,0.7901389002799988,6.359152890838787e-11,6.988825798034668
Mrpl36,0.4129246175289154,0.5895676612854004,0.6517990231513977,1.5623886395361285e-06,5.197921752929688,0.6517990231513977,1.6761053479811574e-07,5.615880489349365,0.6517990231513977,1.2537928959395792e-05,4.792357444763184
Lpcat1,0.0490986891090869,0.0866382643580436,0.8467052578926086,0.0499451483982128,2.438462972640991,0.8467052578926086,0.0146665316173243,2.8202133178710938,0.8467052578926086,0.0442026483218002,2.44869065284729
Clptm1l,0.2516564428806305,0.403079628944397,0.7947865128517151,3.594582554571518e-07,5.478587627410889,0.7947865128517151,1.609547485957621e-07,5.625694751739502,0.7947865128517151,9.994946761904309e-06,4.841240406036377
Tert,0.0035610820632427,0.0051573198288679,0.5354580879211426,0.9888502385877284,0.2025455236434936,0.5354580879211426,0.8736899250789648,0.3971945941448211,0.5354580879211426,0.922698497503737,0.3511518537998199
Slc6a19,0.0811467841267585,0.0020982206333428,-5.330711841583252,0.1745709788161023,-1.8620445728302,-5.330711841583252,2.607984148833536e-13,-7.742624759674072,-5.330711841583252,5.252157518947134e-07,-5.485356330871582
Slc12a7,0.317001610994339,0.0675858184695243,-2.4153740406036377,4.592944258564096e-09,-6.2367143630981445,-2.4153740406036377,3.4217523967745647e-31,-12.21629810333252,-2.4153740406036377,9.958042640429908e-18,-9.213533401489258
Nkd2,0.0234624184668064,0.0007112665334716,-5.06026029586792,0.9888502385877284,-0.5301136374473572,-5.06026029586792,5.846681665753774e-05,-4.393739223480225,-5.06026029586792,0.0079266931773203,-3.0940537452697754
Trip13,0.0130547136068344,0.0527077503502368,2.0422046184539795,0.0468700781747552,2.464453220367432,2.0422046184539795,0.0001014466021275,4.272030353546143,2.0422046184539795,0.0004954159623255,3.90962290763855
Brd9,0.2119826078414917,0.2941651940345764,0.5344609022140503,0.0007356458845875,3.804076910018921,0.5344609022140503,0.0032115974461582,3.3232343196868896,0.5344609022140503,0.0158426297501238,2.845833778381348
Tppp,0.0,0.0,0.0,0.9888502385877284,0.1005259156227111,0.0,1.0,0.0,0.0,1.0,0.0
Cep72,0.0132985841482877,0.017269505187869,0.3798258304595947,0.8712724662187022,0.7332566380500793,0.3798258304595947,0.7071902501674395,0.6330413222312927,0.3798258304595947,0.8010807822236812,0.5304068326950073
Exoc3,0.325495958328247,0.3386398255825043,0.0671169459819793,0.178864664645287,1.8491240739822388,0.0671169459819793,0.8088856345901937,0.4894472956657409,0.0671169459819793,0.8855238531392816,0.4061705470085144
Pdcd6,0.5126707553863525,0.7863101959228516,0.8356671333312988,1.3830983428251478e-11,7.121282577514648,0.8356671333312988,1.9740968086697223e-16,8.684440612792969,0.8356671333312988,9.79607295036848e-12,7.274456024169922
Sdha,0.5632550716400146,0.49558025598526,-0.2377739697694778,0.1138725333373639,-2.0745232105255127,-0.2377739697694778,0.0735416570801617,-2.166534185409546,-0.2377739697694778,0.1738234843701593,-1.7977861166000366
Ccdc127,0.106764867901802,0.1531510651111602,0.5547035932540894,0.0057012033687351,3.2109291553497314,0.5547035932540894,0.0292827240002592,2.557704448699951,0.5547035932540894,0.0804268061568807,2.183644771575928
Lrrc14b,0.0,0.0,0.0,0.9888502385877284,0.1005259156227111,0.0,1.0,0.0,0.0,1.0,0.0
Zfp72,0.0022492338903248,0.0,-21.10262489318848,0.9888502385877284,0.0342056974768638,-21.10262489318848,0.2968978853725758,-1.4012675285339355,-21.10262489318848,0.5323844812860926,-0.9820184707641602
Ftl1-ps1,0.0232085138559341,0.0254511497914791,0.1347008198499679,0.9317966774174212,0.6567792296409607,0.1347008198499679,0.9549804409566148,0.2804057002067566,0.1347008198499679,0.9970866693831796,0.2359694093465805
Zfp825,0.0684925690293312,0.07607102394104,0.1569320559501648,0.6206700151223064,1.0499954223632812,0.1569320559501648,0.7806986539523454,0.5293653011322021,0.1569320559501648,0.856630427575373,0.4480705559253692
Erap1,0.3199175298213959,0.3046688735485077,-0.0820291936397552,0.974419592323886,0.6019605398178101,-0.0820291936397552,0.7345910502228518,-0.5940151810646057,-0.0820291936397552,0.8265948176065725,-0.4924162030220032
Cast,0.5661342144012451,0.9649779200553894,1.0933891534805298,3.2769316500482597e-21,9.77491283416748,1.0933891534805298,6.2738776517691946e-27,11.389619827270508,1.0933891534805298,8.708443806204173e-20,9.676637649536133
Ell2,0.0056957155466079,0.0500789955258369,3.168421030044556,0.168867688028537,1.878624677658081,3.168421030044556,3.438321205080433e-05,4.539245128631592,3.168421030044556,7.839778025529995e-05,4.385983943939209
Glrx,0.1158337369561195,0.6324343085289001,2.844665765762329,1.441206151983379e-51,15.367095947265623,2.844665765762329,3.2061367568671e-58,18.31632232666016,2.844665765762329,3.2964245097126327e-53,17.03888702392578
Rhobtb3,0.0011751686688512,0.0,-20.165285110473636,0.9888502385877284,0.0673658028244972,-20.165285110473636,0.4679991859106411,-1.0,-20.165285110473636,0.6832027011037286,-0.7008072733879089
Rfesd,0.0991746187210083,0.166621521115303,0.798261821269989,0.0100327739912885,3.029370069503784,0.798261821269989,0.0023925719183697,3.4149179458618164,0.798261821269989,0.0099799163613929,3.0076966285705566
Gpr150,0.0,0.0,0.0,0.9888502385877284,0.1005259156227111,0.0,1.0,0.0,0.0,1.0,0.0
Arsk,0.0434078723192215,0.0291671119630336,-0.5839484930038452,0.9888502385877284,-0.0882775858044624,-0.5839484930038452,0.2832457043375337,-1.4428870677947998,-0.5839484930038452,0.4424728812154238,-1.1773587465286257
Ttc37,0.128252699971199,0.0921853631734848,-0.5028742551803589,0.9888502385877284,0.1888781785964965,-0.5028742551803589,0.0708908001485616,-2.183194875717163,-0.5028742551803589,0.1838335901230979,-1.7675702571868896
Mctp1,0.0003030791413038,0.0,-18.20955848693848,0.9888502385877284,0.0673658028244972,-18.20955848693848,0.4679991859106411,-1.0,-18.20955848693848,0.6832027011037286,-0.7008072733879089
Slf1,0.1530167162418365,0.2138632982969284,0.5282324552536011,0.0069293235592709,3.149538040161133,0.5282324552536011,0.0178112570538773,2.747676134109497,0.5282324552536011,0.0537005959883161,2.365069627761841
2210408I21Rik,0.0085776392370462,0.0064547648653388,-0.4117493033409118,0.9888502385877284,0.2690151035785675,-0.4117493033409118,0.8087595743401367,-0.4897181093692779,-0.4117493033409118,0.8987315451400071,-0.3865471482276916
Fam172a,0.3554286956787109,0.3713888823986053,0.0755790695548057,0.5115855589682377,1.2011576890945437,0.0755790695548057,0.7635602897549196,0.5540335774421692,0.0755790695548057,0.8431436097054816,0.4673600196838379
Pou5f2,0.054692231118679,0.0466044321656227,-0.236751914024353,0.9888502385877284,0.3490026593208313,-0.236751914024353,0.6713083188639608,-0.6837354302406311,-0.236751914024353,0.7751092455583235,-0.5660400986671448
Nr2f1,0.0,0.0,0.0,0.9888502385877284,0.1005259156227111,0.0,1.0,0.0,0.0,1.0,0.0
Arrdc3,0.0529643185436725,0.0461730323731899,-0.2029096931219101,0.9888502385877284,0.3631181120872497,-0.2029096931219101,0.7537574227118018,-0.5684499144554138,-0.2029096931219101,0.8404829906842898,-0.4728283882141113
Adgrv1,0.0008530670311301,0.0,-19.702917098999023,0.9888502385877284,0.0673658028244972,-19.702917098999023,0.4679991859106411,-1.0,-19.702917098999023,0.6832027011037286,-0.7008072733879089
Lysmd3,0.0953292995691299,0.1134229972958564,0.2640003561973572,0.2004507992317811,1.7873597145080566,0.2640003561973572,0.4679991859106411,1.0722146034240725,0.2640003561973572,0.5790993785465576,0.9078150391578674
Polr3g,0.0402393043041229,0.0329721719026565,-0.2926307022571563,0.9888502385877284,0.4993434250354767,-0.2926307022571563,0.629283602066125,-0.7461034059524536,-0.2926307022571563,0.7452790545757609,-0.609573245048523
Mblac2,0.0421933978796005,0.0184079688042402,-1.2139313220977783,0.9888502385877284,-0.2833546102046966,-1.2139313220977783,0.0229766237798469,-2.6501452922821045,-1.2139313220977783,0.1056878013765112,-2.056450366973877
Cetn3,0.474911093711853,0.413705974817276,-0.2464605569839477,0.3874912373984248,-1.3973549604415894,-0.2464605569839477,0.0907392013976551,-2.070487260818481,-0.2464605569839477,0.2026319589417533,-1.7089344263076782
Mef2c,0.0022020163014531,0.0064018052071332,1.5426849126815796,0.9888502385877284,0.4034479856491089,1.5426849126815796,0.4343140455048654,1.1295801401138306,1.5426849126815796,0.5404792310652637,0.9673853516578674
Tmem161b,0.0615779906511306,0.0585917085409164,-0.0738939270377159,0.7136790015093439,0.9259437322616576,-0.0738939270377159,0.985334151532122,-0.237025499343872,-0.0738939270377159,1.0,-0.1962828189134597
Ccnh,0.1910085976123809,0.3337893486022949,0.9127938151359558,5.0517907480361936e-08,5.830876350402832,0.9127938151359558,9.634595405898825e-08,5.724608421325684,0.9127938151359558,5.402852876035821e-06,4.971762180328369
Rasa1,0.2749324440956116,0.3991805016994476,0.6326150894165039,5.370834605416384e-05,4.45189380645752,0.6326150894165039,6.526003165906833e-05,4.368729114532471,0.6326150894165039,0.0008372967766254,3.764394521713257
Cox7c,1.2743631601333618,1.795803427696228,0.963556468486786,5.424282803680174e-51,15.279788970947266,0.963556468486786,1.183548679503992e-52,16.406511306762695,0.963556468486786,2.685461798648174e-36,13.540643692016602
Edil3,0.0011262573534622,0.0,-20.103918075561523,0.9888502385877284,0.0673658028244972,-20.103918075561523,0.4679991859106411,-1.0,-20.103918075561523,0.6832027011037286,-0.7008072733879089
Hapln1,0.0,0.0,0.0,0.9888502385877284,0.1005259156227111,0.0,1.0,0.0,0.0,1.0,0.0
Vcan,0.0,0.0012002000585198,20.195711135864254,0.9888502385877284,0.1678170263767242,20.195711135864254,0.4679991859106411,1.0,20.195711135864254,0.5282133287683867,1.0
Xrcc4,0.1589385867118835,0.1355465054512024,-0.2469694465398788,0.9888502385877284,0.5814968347549438,-0.2469694465398788,0.3887839681893032,-1.209345817565918,-0.2469694465398788,0.5282133287683867,-1.0011920928955078
Tmem167,0.5841920375823975,1.1001964807510376,1.3370498418807983,4.909481121328012e-37,12.99846363067627,1.3370498418807983,1.2360366011495545e-51,16.271371841430664,1.3370498418807983,1.6931032035368653e-36,13.565990447998049
Rps23,4.036450386047363,3.5981428623199463,-0.6466823220252991,1.346147357733618e-121,-23.66556167602539,-0.6466823220252991,4.792317097216632e-131,-29.879791259765625,-0.6466823220252991,9.664877196482425e-110,-26.15177726745605
Atg10,0.0636307150125503,0.0508399158716201,-0.3330762684345245,0.9888502385877284,0.4078543782234192,-0.3330762684345245,0.4679991859106411,-1.0354657173156738,-0.3330762684345245,0.6180782898932936,-0.8469732403755188
Ssbp2,0.5525600910186768,0.0712714195251464,-3.319913864135742,6.231226501734436e-32,-12.05235481262207,-3.319913864135742,5.641096226455058e-78,-20.33810043334961,-3.319913864135742,7.630671470847592e-42,-15.10938549041748
Zcchc9,0.1894814819097519,0.2669783234596252,0.5526923537254333,0.0009624408651265,3.7312591075897217,0.5526923537254333,0.004340057757162,3.2306571006774902,0.5526923537254333,0.0193542037812596,2.773899555206299
Rasgrf2,0.0227519944310188,0.0052535878494381,-2.127269744873047,0.9888502385877284,-0.3649852275848388,-2.127269744873047,0.0101874946285951,-2.9456381797790527,-2.127269744873047,0.0752423888434826,-2.2177212238311768
Msh3,0.2020369619131088,0.2102682143449783,0.0637529343366622,0.2100859458155065,1.761668086051941,0.0637529343366622,0.9064870885889152,0.3506641685962677,0.0637529343366622,0.9587084534961716,0.2953476309776306
Gm20379,0.0019456098088994,0.0005771293654106,-1.7542413473129272,0.9888502385877284,0.1013474464416503,-1.7542413473129272,0.517715954355649,-0.9176840782165528,-1.7542413473129272,0.7049732179653394,-0.669124960899353
Dhfr,0.0426842160522937,0.1889252662658691,2.2535669803619385,1.8704009866420777e-07,5.5995025634765625,2.2535669803619385,6.061418183183128e-13,7.703645706176758,2.2535669803619385,1.525144683371713e-11,7.235931396484375
Ankrd34b,0.0,0.0,0.0,0.9888502385877284,0.1005259156227111,0.0,1.0,0.0,0.0,1.0,0.0
Fam151b,0.0035462765954434,0.015768714249134,2.1615185737609863,0.9888502385877284,0.5724599957466125,2.1615185737609863,0.0730188209693577,2.1726233959198,2.1615185737609863,0.1059212243918709,2.055161237716675
Zfyve16,0.0492697246372699,0.0700514018535614,0.52285236120224,0.4046355550811059,1.3687506914138794,0.52285236120224,0.2312916784851536,1.5647931098937988,0.52285236120224,0.3496779043512131,1.3547643423080444
Serinc5,0.0102069620043039,0.0177669879049062,0.805111825466156,0.9888502385877284,0.5366858839988708,0.805111825466156,0.428937239744754,1.1388499736785889,0.805111825466156,0.5282133287683867,1.0096946954727173
Mtx3,0.02366204559803,0.0126697244122624,-0.9091428518295288,0.9888502385877284,-0.0982106775045394,-0.9091428518295288,0.2564058859212423,-1.503103256225586,-0.9091428518295288,0.4256448719229913,-1.2098188400268557
Cmya5,0.0046061021275818,0.0035669680219143,-0.3695981502532959,0.9888502385877284,0.1020196080207824,-0.3695981502532959,0.9405142772793716,-0.3012816607952118,-0.3695981502532959,0.9887615836043824,-0.248700276017189
Tent2,0.1712276637554168,0.2648811340332031,0.6994389295578003,0.0006588101189825,3.834548234939575,0.6994389295578003,0.0003510722710006,3.950963973999024,0.6994389295578003,0.0025118758096633,3.4481353759765625
Homer1,0.0445878393948078,0.0459713414311409,0.0450900048017501,0.92798045440142,0.6613350510597229,0.0450900048017501,1.0,0.1224019676446914,0.0450900048017501,1.0,0.1037742793560028
Jmy,0.1353175491094589,0.0541261956095695,-1.381441593170166,0.3171456186478252,-1.5236471891403198,-1.381441593170166,7.906593315041155e-07,-5.306100845336914,-1.381441593170166,0.0002263001687184,-4.117641925811768
Arsb,0.0420360006392002,0.5009097456932068,3.920806169509888,5.357147107540811e-51,15.280835151672363,3.920806169509888,3.886853496019783e-58,18.677623748779297,3.920806169509888,4.192283124641651e-56,17.992164611816406
Lhfpl2,0.0003030791413038,0.0,-18.20955848693848,0.9888502385877284,0.0673658028244972,-18.20955848693848,0.4679991859106411,-1.0,-18.20955848693848,0.6832027011037286,-0.7008072733879089
Scamp1,0.0011317688040435,0.0022516110911965,0.9931858777999878,0.9888502385877284,0.2690151035785675,0.9931858777999878,0.7094656996703672,0.6299563050270081,0.9931858777999878,0.8024192321771528,0.5286508202552795
Ap3b1,0.2402705997228622,0.3053539991378784,0.3949025273323059,0.0114242038755189,2.985978126525879,0.3949025273323059,0.0335194753317034,2.5038747787475586,0.3949025273323059,0.0880548126440714,2.141784429550171
Tbca,1.0026839971542358,0.9442363381385804,-0.1355428844690323,0.0048492797853982,-3.260967969894409,-0.1355428844690323,0.1604807769129492,-1.7805248498916626,-0.1355428844690323,0.2964912371459811,-1.474826455116272
Wdr41,0.0490595400333404,0.047410387545824,-0.0505297370254993,0.9121365241352006,0.6830683350563049,-0.0505297370254993,1.0,-0.1399852931499481,-0.0505297370254993,1.0,-0.1175467893481254
Pde8b,0.0,0.0012010501231998,20.196733474731445,0.9888502385877284,0.1678170263767242,20.196733474731445,0.4679991859106411,1.0,20.196733474731445,0.5282133287683867,1.0
Zbed3,0.0268303919583559,0.0544083304703235,1.0399872064590454,0.288471628067053,1.5809305906295776,1.0399872064590454,0.0345531296456203,2.492565870285034,1.0399872064590454,0.0748714116473565,2.218463659286499
Aggf1,0.2189927250146865,0.3452265858650207,0.7519945502281189,4.060196384658765e-06,5.006429672241211,0.7519945502281189,6.275027991958859e-06,4.895585536956787,0.7519945502281189,0.0001427150678382,4.227147579193115
S100z,0.0,0.0,0.0,0.9888502385877284,0.1005259156227111,0.0,1.0,0.0,0.0,1.0,0.0
F2rl1,0.0778993815183639,0.0760111212730407,-0.0367806926369667,0.9888502385877284,0.5162222385406494,-0.0367806926369667,1.0,-0.1264154314994812,-0.0367806926369667,1.0,-0.1070835217833519
F2r,0.0777841880917549,0.3274738788604736,2.2600209712982178,1.1144759644290285e-17,8.894526481628418,2.2600209712982178,3.753405885303452e-23,10.650318145751951,2.2600209712982178,2.6333330266751828e-20,9.861958503723145
Iqgap2,0.3156018555164337,0.2559337317943573,-0.3474241197109222,0.9888502385877284,-0.478506326675415,-0.3474241197109222,0.0647732874328685,-2.2240099906921387,-0.3474241197109222,0.1567101890971279,-1.853516936302185
F2rl2,0.0091789755970239,0.1041153147816658,3.572834014892578,0.0006973520531403,3.8187897205352783,3.572834014892578,9.217090200344748e-11,6.966107368469238,3.572834014892578,3.4350419024702235e-10,6.778396129608154
Sv2c,0.0226344633847475,0.0496188700199127,1.151950120925903,0.2587370044329156,1.6459064483642578,1.151950120925903,0.0235656181617168,2.6443233489990234,1.151950120925903,0.0525319877141025,2.37464451789856
Gm20075,0.00462302332744,0.0033174487762153,-0.4797048568725586,0.9888502385877284,0.1688626259565353,-0.4797048568725586,0.8580027286422123,-0.4195166528224945,-0.4797048568725586,0.9337963510876488,-0.3336008489131927
Gm17190,0.0010863555362448,0.0,-20.05184936523437,0.9888502385877284,0.0673658028244972,-20.05184936523437,0.4679991859106411,-1.0,-20.05184936523437,0.6832027011037286,-0.7008072733879089
Poc5,0.0461350493133068,0.0383821353316307,-0.2710602283477783,0.9888502385877284,0.3939629793167114,-0.2710602283477783,0.6420423842928982,-0.726987361907959,-0.2710602283477783,0.7530766655949981,-0.5986123085021973
Ankdd1b,0.0011859595542773,0.0,-20.17848014831543,0.9888502385877284,0.0673658028244972,-20.17848014831543,0.4679991859106411,-1.0,-20.17848014831543,0.6832027011037286,-0.7008072733879089
Polk,0.0435480624437332,0.149290919303894,1.854948878288269,2.265534321575451e-05,4.645999908447266,1.854948878288269,3.726249128394982e-09,6.320881366729736,1.854948878288269,8.711274651626634e-08,5.787563323974609
Col4a3bp,0.1569394022226333,0.2839868366718292,0.9506266117095948,5.719939219325542e-07,5.391280651092529,0.9506266117095948,9.815064152958222e-07,5.280035972595215,0.9506266117095948,2.9827255776093398e-05,4.598974227905273
Hmgcr,0.1786062270402908,0.2547203302383423,0.5690174698829651,0.0002590959448337,4.072793006896973,0.5690174698829651,0.0041346393311457,3.2452268600463867,0.5690174698829651,0.0195402691567724,2.770470142364502
Gcnt4,0.0032629719935357,0.0,-21.64011001586914,0.9994412017932364,0.0010455889860168,-21.64011001586914,0.1768387026406404,-1.7239359617233276,-21.64011001586914,0.4266131864207171,-1.2081468105316162
Fam169a,0.0065298010595142,0.0,-22.643320083618164,0.9888502385877284,-0.0984347313642501,-22.643320083618164,0.0389221995528128,-2.442235231399536,-22.643320083618164,0.2024102844928764,-1.711536169052124
Gm6169,0.0020588145125657,0.0175949968397617,3.106504201889038,0.838242944553846,0.773362398147583,3.106504201889038,0.0194865190397016,2.719915866851806,3.106504201889038,0.0283499555045042,2.632554292678833
Nsa2,1.4615586996078491,1.408084273338318,-0.1012702882289886,0.0318818117100541,-2.6159889698028564,-0.1012702882289886,0.2222205591551615,-1.5891413688659668,-0.1012702882289886,0.3649114938980177,-1.3234604597091677
Gfm2,0.0703199133276939,0.0765481442213058,0.1269818097352981,0.4926410277094226,1.2296127080917358,0.1269818097352981,0.8315827583030462,0.4563640654087066,0.1269818097352981,0.9012340189010188,0.3828868567943573
Hexb,0.192344918847084,0.3204862475395202,0.8329467177391052,2.0889843801647194e-06,5.140563488006592,0.8329467177391052,3.7891755492904055e-06,5.004884243011475,0.8329467177391052,7.737733743076745e-05,4.375941276550293
Enc1,0.056456122547388,0.0191716141998767,-1.5852229595184326,0.8705252393013151,-0.7343022227287292,-1.5852229595184326,0.0010916014432242,-3.635549783706665,-1.5852229595184326,0.0163202399217264,-2.8377773761749268
Gm10260,0.0241006109863519,0.0070265471003949,-1.7905300855636597,0.9888502385877284,-0.2669239342212677,-1.7905300855636597,0.0173773821324398,-2.755237579345703,-1.7905300855636597,0.0989843292528873,-2.087639093399048
Utp15,0.1289942562580108,0.1498012393712997,0.231100246310234,0.1151872638308151,2.069220542907715,0.231100246310234,0.4298621924360412,1.1370501518249512,0.231100246310234,0.5465272631835179,0.9582486152648926
Ankra2,0.1607881188392639,0.2637465298175812,0.7908852696418762,4.585512236476653e-05,4.487668037414551,0.7908852696418762,5.2003213552549766e-05,4.424169540405273,0.7908852696418762,0.0005973985091902,3.8564701080322266
Btf3,2.1387126445770264,2.5899946689605717,0.7193889617919922,4.9305355965010894e-73,18.314685821533203,0.7193889617919922,8.794659104813361e-82,20.976184844970703,0.7193889617919922,5.116734832300243e-53,16.904539108276367
Foxd1,0.0,0.0,0.0,0.9888502385877284,0.1005259156227111,0.0,1.0,0.0,0.0,1.0,0.0
Gm10320,0.0054154694080352,0.0056122224777936,0.0516279898583889,0.9888502385877284,0.2693138420581817,0.0516279898583889,1.0,0.0552835166454315,0.0516279898583889,1.0,0.0454721115529537
Tmem171,0.0023562284186482,0.019123300909996,3.0328962802886963,0.6788687424998526,0.9741901755332948,3.0328962802886963,0.0104106221845709,2.946214437484741,3.0328962802886963,0.0170502566008428,2.823139905929565
Fcho2,0.1730230152606964,0.3026706576347351,0.904009222984314,1.3016800268912602e-05,4.766018867492676,0.904009222984314,2.5370770308513635e-06,5.089889526367188,0.904009222984314,5.01011992118284e-05,4.480064868927002
Tnpo1,0.2307436764240265,0.2729481756687164,0.27405646443367,0.0442919524712057,2.487680196762085,0.27405646443367,0.1905762923737409,1.6772834062576294,0.27405646443367,0.3192778271525585,1.4257997274398804
Zfp366,0.0,0.0,0.0,0.9888502385877284,0.1005259156227111,0.0,1.0,0.0,0.0,1.0,0.0
Ptcd2,0.1751993894577026,0.250689834356308,0.5732918977737427,0.0005911172187776,3.8630778789520255,0.5732918977737427,0.0033748737771089,3.308330774307251,0.5732918977737427,0.0159610025708523,2.8433377742767334
Mrps27,0.0492289885878562,0.0371575951576232,-0.4146213233470917,0.9888502385877284,0.4531134665012359,-0.4146213233470917,0.431032592809405,-1.1347029209136963,-0.4146213233470917,0.5712993754732226,-0.9195290207862854
Map1b,0.002239249413833,0.0,-21.096200942993164,0.9888502385877284,0.0342056974768638,-21.096200942993164,0.2942789202292576,-1.414645075798035,-21.096200942993164,0.5299909986835808,-0.991393506526947
Mccc2,0.028442271053791,0.0052326912991702,-2.459200382232666,0.9888502385877284,-0.5314579606056213,-2.459200382232666,0.0012310901390943,-3.602555274963379,-2.459200382232666,0.0250267354150838,-2.6810927391052246
Bdp1,0.2885083854198456,0.3344220221042633,0.2478927969932556,0.056843596378491,2.384540319442749,0.2478927969932556,0.2033089499605771,1.6395213603973389,0.2478927969932556,0.3305942969824362,1.395905613899231
Serf1,0.0126431668177247,0.0150283090770244,0.2510492205619812,0.9888502385877284,0.4016555547714233,0.2510492205619812,0.8864387769680593,0.3786829113960266,0.2510492205619812,0.9409249700789536,0.3221657276153564
Smn1,0.1655138581991195,0.2553374171257019,0.6925173997879028,5.340089375334812e-05,4.453312873840332,0.6925173997879028,0.0002515644855741,4.036375045776367,0.6925173997879028,0.0023271694147709,3.471670389175415
Naip2,0.0047228829935193,0.0490523613989353,3.408702850341797,0.1380675439621053,1.9807937145233157,3.408702850341797,1.6105992009060162e-05,4.712158679962158,3.408702850341797,3.8615253573559904e-05,4.555906295776367
Naip5,0.0022895615547895,0.0018940819427371,-0.2738578915596008,0.9888502385877284,0.1013474464416503,-0.2738578915596008,1.0,-0.1586774289608001,-0.2738578915596008,1.0,-0.1323359310626983
Naip6,0.0,0.0,0.0,0.9888502385877284,0.1005259156227111,0.0,1.0,0.0,0.0,1.0,0.0
Gtf2h2,0.0762898400425911,0.1060892716050148,0.4975381791591644,0.0623213546711368,2.3460030555725098,0.4975381791591644,0.1164847051080921,1.9483760595321653,0.4975381791591644,0.2176510018552758,1.666771411895752
Ocln,0.0,0.0,0.0,0.9888502385877284,0.1005259156227111,0.0,1.0,0.0,0.0,1.0,0.0
Marveld2,0.0075504858978092,0.0571635067462921,2.9564340114593506,0.0733860235167105,2.2755002975463867,2.9564340114593506,3.797095837737997e-06,5.026732921600342,2.9564340114593506,1.1742604352003434e-05,4.821650505065918
Rad17,0.1325224488973617,0.1303991675376892,-0.0248673092573881,0.2966111045530941,1.564499855041504,-0.0248673092573881,1.0,-0.1167975440621376,-0.0248673092573881,1.0,-0.0968735218048095
Ak6,0.1014862731099128,0.2010757178068161,1.0601035356521606,4.537156212662936e-05,4.490207195281982,1.0601035356521606,4.350709654155211e-06,4.978175163269043,1.0601035356521606,7.035324377311114e-05,4.399740695953369
Taf9,0.001122904010117,0.0082651693373918,2.88496470451355,0.9888502385877284,0.4034479856491089,2.88496470451355,0.1405623396856145,1.8527086973190308,2.88496470451355,0.1812728297446891,1.7762771844863892
Ccdc125,0.0873095914721489,0.0807051509618759,-0.1183100119233131,0.7326051377573025,0.8999533653259277,-0.1183100119233131,0.8499315594714706,-0.4303355813026428,-0.1183100119233131,0.9183525835555832,-0.3571726977825165
Cdk7,0.1288829147815704,0.1561589837074279,0.297097384929657,0.1410748649481859,1.97018837928772,0.297097384929657,0.3059020318160489,1.3788213729858398,0.297097384929657,0.4407540824654904,1.180249810218811
Mrps36,0.3332931995391845,0.6384239196777344,1.1755748987197876,4.5058588647747215e-17,8.7342529296875,1.1755748987197876,1.4153088013718457e-20,9.862281799316406,1.1755748987197876,7.981116426149128e-16,8.564376831054688
Cenph,0.0116014583036303,0.082365944981575,2.8791871070861816,0.0046803423672538,3.271946668624878,2.8791871070861816,2.7834424919391682e-08,5.987232208251953,2.8791871070861816,1.363015954665078e-07,5.721282005310059
Ccnb1,0.0312300194054842,0.0831203013658523,1.4500550031661987,0.012927304017511,2.9437811374664307,1.4500550031661987,0.0001780582469939,4.129669666290283,1.4500550031661987,0.0010020331464951,3.716691732406616
Slc30a5,0.1603277176618576,0.1507520079612732,-0.0959331095218658,0.4341966941447591,1.3212510347366333,-0.0959331095218658,0.8183464195799856,-0.4756636619567871,-0.0959331095218658,0.8927637309616397,-0.3955548703670501
Pik3r1,0.4963813126087188,0.6430452466011047,0.4892579913139343,0.0005783009910947,3.86860466003418,0.4892579913139343,6.518406822838905e-05,4.367805004119873,0.4892579913139343,0.0009734191673018,3.7236580848693848
Cd180,0.0003030791413038,0.0,-18.20955848693848,0.9888502385877284,0.0673658028244972,-18.20955848693848,0.4679991859106411,-1.0,-18.20955848693848,0.6832027011037286,-0.7008072733879089
Mast4,0.0734590739011764,0.1001626923680305,0.4668737947940826,0.2189926021593508,1.7389638423919678,0.4668737947940826,0.1940678905349245,1.6671593189239502,0.4668737947940826,0.3085241011186725,1.4482624530792236
Srek1,0.3576992452144623,0.3613232374191284,0.0173134822398424,0.5888106459996999,1.0921924114227295,0.0173134822398424,1.0,0.1269267201423645,0.0173134822398424,1.0,0.1061776578426361
Erbin,0.3467170298099518,0.4657634198665619,0.5175102949142456,0.0002201586681631,4.11349630355835,0.5175102949142456,0.0003500894174388,3.949644327163696,0.5175102949142456,0.0032324391915825,3.3719615936279297
Nln,0.0344412252306938,0.1014287546277046,1.6071264743804932,0.0033748464835838,3.3726966381073,1.6071264743804932,1.4022051859541805e-05,4.730457782745361,1.6071264743804932,0.0001021778048755,4.311900615692139
Sgtb,0.0023513522464782,0.0005771293654106,-2.0278022289276123,0.9888502385877284,0.1013474464416503,-2.0278022289276123,0.4679991859106411,-1.0085937976837158,-2.0278022289276123,0.6832027011037286,-0.7270209193229675
Trappc13,0.1044575646519661,0.1244799643754959,0.267715185880661,0.1252973985776068,2.0295629501342773,0.267715185880661,0.4255111843933591,1.1440815925598145,0.267715185880661,0.5363947632236153,0.9739272594451904
Shld3,0.0339904502034187,0.0570034720003604,0.7626464366912842,0.2835761416308058,1.5910876989364624,0.7626464366912842,0.0924720019363766,2.062000036239624,0.7626464366912842,0.1735929672812922,1.798367977142334
Trim23,0.0547349005937576,0.0526786781847476,-0.0567382350564003,0.7418558542769694,0.8893481492996216,-0.0567382350564003,1.0,-0.1694848388433456,-0.0567382350564003,1.0,-0.1410686075687408
Ppwd1,0.1569969803094864,0.2108583450317382,0.4655804634094238,0.0072430638374967,3.135721445083618,0.4655804634094238,0.0377692387738771,2.454898834228516,0.4655804634094238,0.0959103433154947,2.1020524501800537
Cenpk,0.0188865475356578,0.164222314953804,3.226656198501587,1.469375006150522e-07,5.643267631530762,3.226656198501587,7.060609746944099e-15,8.360325813293457,3.226656198501587,6.444282968474581e-14,8.060905456542969
Adamts6,0.0709113404154777,0.0913549810647964,0.380413293838501,0.3272541866755703,1.5052000284194946,0.380413293838501,0.3224596806070934,1.342310905456543,0.380413293838501,0.4550050029271653,1.156552791595459
Cwc27,0.1078047379851341,0.1377483010292053,0.3756556808948517,0.0789584096408122,2.242340326309204,0.3756556808948517,0.2002100028163976,1.6488559246063232,0.3756556808948517,0.3257031254807668,1.409529447555542
Srek1ip1,0.0914467498660087,0.1975288987159729,1.18942391872406,8.189525093261468e-06,4.861839294433594,1.18942391872406,4.832399283090098e-07,5.425334453582764,1.18942391872406,1.057042839475846e-05,4.830280780792236
Shisal2b,0.0,0.0,0.0,0.9888502385877284,0.1005259156227111,0.0,1.0,0.0,0.0,1.0,0.0
Ipo11,0.0728320404887199,0.052368838340044,-0.4907796680927276,0.9888502385877284,0.2289839833974838,-0.4907796680927276,0.2237884845010515,-1.5850809812545776,-0.4907796680927276,0.3858724712472542,-1.2842363119125366
Dimt1,0.0822730660438537,0.0820653811097145,-0.003798205172643,0.5292703470406546,1.176810383796692,-0.003798205172643,1.0,-0.0140369394794106,-0.003798205172643,1.0,-0.0117555474862456
Kif2a,0.2485069036483764,0.3874036967754364,0.7460448741912842,5.418455325306257e-07,5.401811599731445,0.7460448741912842,2.1910775667685378e-06,5.114573955535889,0.7460448741912842,7.49825036325741e-05,4.383553981781006
Zswim6,0.17878158390522,0.1604412049055099,-0.1697570979595184,0.8464408294714517,0.7620103359222412,-0.1697570979595184,0.5494973474591122,-0.8673781156539917,-0.1697570979595184,0.6832027011037286,-0.7223174571990967
Ndufaf2,0.0984677150845527,0.1596939265727996,0.7427021861076355,0.0043177400948254,3.296891450881958,0.7427021861076355,0.003043843352328,3.3410212993621826,0.7427021861076355,0.0139574907773274,2.892309188842773
Smim15,0.2012748569250106,0.354557603597641,0.9325376749038696,3.4153914459504265e-08,5.899960041046143,0.9325376749038696,2.4816755660822704e-08,5.970674514770508,0.9325376749038696,1.836604293499785e-06,5.1941423416137695
Ercc8,0.0509707145392894,0.0454561710357666,-0.1692021936178207,0.9888502385877284,0.4975509941577911,-0.1692021936178207,0.8316291003082966,-0.4561519026756286,-0.1692021936178207,0.9023514212115455,-0.3812947273254394
Elovl7,0.0380477681756019,0.010658660903573,-1.8556227684021,0.9765931013832512,-0.5994212031364441,-1.8556227684021,0.0023316109158114,-3.4170618057250977,-1.8556227684021,0.0295707559628898,-2.614345073699951
Depdc1b,0.0096938479691743,0.0147575428709387,0.6099713444709778,0.9888502385877284,0.4029998779296875,0.6099713444709778,0.575281174178618,0.8281000256538391,0.6099713444709778,0.6832027011037286,0.7244767546653748
Pde4d,0.0983281955122947,0.1024132147431373,0.0617207698523998,0.6305007316879788,1.0361039638519287,0.0617207698523998,0.9825690848285088,0.2412852942943573,0.0617207698523998,1.0,0.2048940658569336
Gapt,0.0,0.0,0.0,0.9888502385877284,0.1005259156227111,0.0,1.0,0.0,0.0,1.0,0.0
Plk2,0.013413043692708,0.0037239445373415,-1.855731964111328,0.9888502385877284,-0.0648265182971954,-1.855731964111328,0.0912208923967526,-2.067458152770996,-1.855731964111328,0.264008194882141,-1.5491951704025269
Gpbp1,0.5426502823829651,0.5405642986297607,-0.0071964594535529,0.9888502385877284,-0.1431710124015808,-0.0071964594535529,1.0,-0.0662273466587066,-0.0071964594535529,1.0,-0.0554073676466941
Mier3,0.0738022103905677,0.0777591541409492,0.0782386437058448,0.6260573071301062,1.0429750680923462,0.0782386437058448,0.9560070336111076,0.2792277336120605,0.0782386437058448,0.9976531504669964,0.2349630296230316
Map3k1,0.3230383694171905,0.2973785400390625,-0.1388700306415558,0.9888502385877284,0.5165956616401672,-0.1388700306415558,0.4916477430733824,-0.960475742816925,-0.1388700306415558,0.650789108061632,-0.7987632751464844
Ankrd55,0.0165471117943525,0.0327790677547454,0.9979523420333862,0.5844473677081876,1.0980178117752075,0.9979523420333862,0.1288992630435928,1.897457718849182,0.9979523420333862,0.213235403864001,1.6784405708312988
Il6st,0.6094864010810852,0.0642194375395774,-3.661852598190308,1.0296817258186114e-36,-12.94065761566162,-3.661852598190308,7.481818060915767e-92,-22.503040313720703,-3.661852598190308,9.10798188604568e-48,-16.47705841064453
Il31ra,0.0,0.0009441179572604,19.84929084777832,0.9888502385877284,0.1678170263767242,19.84929084777832,0.4679991859106411,1.0,19.84929084777832,0.5282133287683867,1.0
Ddx4,0.0,0.0008982903091236,19.7774715423584,0.9888502385877284,0.1678170263767242,19.7774715423584,0.4679991859106411,1.0,19.7774715423584,0.5282133287683867,1.0
Slc38a9,0.1417422890663147,0.1467534154653549,0.0538254715502262,0.4878447739198632,1.2368570566177368,0.0538254715502262,0.9774381543243296,0.2483965158462524,0.0538254715502262,1.0,0.2098118364810943
Plpp1,0.0,0.0,0.0,0.9888502385877284,0.1005259156227111,0.0,1.0,0.0,0.0,1.0,0.0
Mtrex,0.2113465070724487,0.2327925264835357,0.1554768979549408,0.044871447539508,2.4823029041290283,0.1554768979549408,0.5105729369588929,0.929473638534546,0.1554768979549408,0.6662551457532915,0.7765556573867798
Dhx29,0.1170156523585319,0.1094375848770141,-0.1021628305315971,0.6315628227704968,1.034834384918213,-0.1021628305315971,0.8387866347814479,-0.4459165930747986,-0.1021628305315971,0.9095356115178096,-0.3708119988441467
Ccno,0.0192269049584865,0.0,-24.21051406860352,0.9888502385877284,-0.4631959199905395,-24.21051406860352,0.0001984316856616,-4.096963405609131,-24.21051406860352,0.0150791121205087,-2.871181964874268
Mcidas,0.0,0.0,0.0,0.9888502385877284,0.1005259156227111,0.0,1.0,0.0,0.0,1.0,0.0
Cdc20b,0.0,0.0005397105123847,19.042219161987305,0.9888502385877284,0.1678170263767242,19.042219161987305,0.4679991859106411,1.0,19.042219161987305,0.5282133287683867,1.0
Gpx8,0.0,0.0017407435225322,20.73252868652344,0.9888502385877284,0.1678170263767242,20.73252868652344,0.4679991859106411,1.0,20.73252868652344,0.5282133287683867,1.0
Gzma,0.2251340448856353,0.6398597955703735,1.8276156187057493,4.7083517882739055e-12,7.27296781539917,1.8276156187057493,1.2551088305581428e-14,8.271790504455566,1.8276156187057493,1.7138099089235495e-13,7.909842014312744
Gzmk,0.0201619416475296,0.5570585131645203,5.193992614746094,2.725313398450113e-47,14.709345817565918,5.193992614746094,3.8936126941380624e-52,17.66205596923828,5.193992614746094,1.622558039368404e-51,17.443857192993164
Esm1,0.0056989402510225,0.0441123694181442,2.9802417755126958,0.1695467012996664,1.8766828775405884,2.9802417755126958,6.516566151373637e-05,4.386268138885498,2.9802417755126958,0.0001624986274336,4.205221176147461
Snx18,0.0734127759933471,0.1693707853555679,1.2767006158828735,0.0003532165251103,3.9947474002838135,1.2767006158828735,5.192319187118202e-06,4.945335865020752,1.2767006158828735,5.437504773309763e-05,4.462564468383789
Arl15,0.0299466606229543,0.088298849761486,1.602506399154663,0.0577041525161065,2.3784162998199463,1.602506399154663,0.0001439757372635,4.186961650848389,1.602506399154663,0.0005892572030259,3.863144397735596
Ndufs4,0.5150505900382996,0.7747745513916016,0.7964073419570923,5.97225420688733e-10,6.559950828552246,0.7964073419570923,9.077127382071204e-15,8.193161964416504,0.7964073419570923,1.2211437244003224e-10,6.88897180557251
Mocs2,0.1597161293029785,0.3162092566490173,1.102728009223938,1.3098951197172389e-08,6.062922477722168,1.102728009223938,1.993044488486209e-09,6.409481048583984,1.102728009223938,1.6293858904936865e-07,5.666070938110352
Itga2,0.0111956447362899,0.0531817227602005,2.278441905975342,0.1940990631651551,1.804686546325684,2.278441905975342,0.0001715519939325,4.14600133895874,2.278441905975342,0.0004892799656475,3.917101383209229
Itga1,0.0033595231361687,0.2795647382736206,6.58271598815918,1.0859800200509151e-16,8.6323823928833,6.58271598815918,1.1889590815513052e-27,12.003681182861328,6.58271598815918,2.412761964930008e-27,11.937560081481934
Gm49395,0.0,0.0018977961735799,20.85726356506348,0.9888502385877284,0.1678170263767242,20.85726356506348,0.4679991859106411,1.0,20.85726356506348,0.5282133287683867,1.0
Pelo,0.0049312161281704,0.0040031797252595,-0.301467090845108,0.9888502385877284,0.1688626259565353,-0.301467090845108,0.9684669713503472,-0.2611587047576904,-0.301467090845108,1.0,-0.2119102925062179
Parp8,0.185305655002594,0.0187391322106122,-3.427975654602051,0.0001153641638856,-4.271828651428223,-3.427975654602051,1.3862686185138352e-25,-11.010133743286133,-3.427975654602051,9.247371164275231e-14,-8.034841537475586
Emb,1.398158311843872,0.8842248320579529,-1.1007237434387207,7.717327775523414e-31,-11.840174674987791,-1.1007237434387207,6.694100706740147e-31,-12.289626121520996,-1.1007237434387207,6.870780674260202e-23,-10.4758882522583
Mrps30,0.188926875591278,0.2368410676717758,0.3618794977664947,0.0131737738493387,2.9369101524353027,0.3618794977664947,0.07304737631913,2.1699953079223637,0.3618794977664947,0.1589093618227927,1.8455692529678345
Nnt,0.0421520732343196,0.0097603574395179,-2.1340644359588623,0.8973079931899073,-0.7006939649581909,-2.1340644359588623,0.0003482181294141,-3.9460082054138175,-2.1340644359588623,0.0110333116724344,-2.9774274826049805
Paip1,0.1526181548833847,0.1403213292360305,-0.1302790492773056,0.4657760072836659,1.272257685661316,-0.1302790492773056,0.6949393113942178,-0.6504766941070557,-0.1302790492773056,0.7970733943552052,-0.5355172753334045
4833420G17Rik,0.4075247347354889,0.365934818983078,-0.1872306168079376,0.9888502385877284,-0.5826171040534973,-0.1872306168079376,0.2847927900360894,-1.4396202564239502,-0.1872306168079376,0.4287698402618756,-1.2023646831512451
Tmem267,0.0415434017777442,0.0097993854433298,-2.106852531433105,0.9888502385877284,-0.5697712898254395,-2.106852531433105,0.0004502981244714,-3.878788471221924,-2.106852531433105,0.0137284873586374,-2.902425765991211
Ccl28,0.0,0.0017785337986424,20.763540267944336,0.9888502385877284,0.1678170263767242,20.763540267944336,0.4679991859106411,1.0,20.763540267944336,0.5282133287683867,1.0
Hmgcs1,0.1877821087837219,0.1743326932191848,-0.117210566997528,0.4822370752051687,1.2457445859909058,-0.117210566997528,0.7066836739662221,-0.633678674697876,-0.117210566997528,0.8066444713681236,-0.5227707624435425
Nim1k,0.0144979041069746,0.0,-23.79981231689453,0.9888502385877284,-0.3305554986000061,-23.79981231689453,0.0016739628140646,-3.5182838439941406,-23.79981231689453,0.0429184097425392,-2.465638875961304
Zfp131,0.1900099813938141,0.2505126595497131,0.4440525472164154,0.007861357213846,3.10913348197937,0.4440525472164154,0.029331619338088,2.55710244178772,0.4440525472164154,0.0781444947307664,2.1976068019866943
Gm21761,0.0,0.0,0.0,0.9888502385877284,0.1005259156227111,0.0,1.0,0.0,0.0,1.0,0.0
Gm21188,0.0011216674465686,0.0060709756799042,2.439854621887207,0.9888502385877284,0.2691644728183746,2.439854621887207,0.3282699495930612,1.3307993412017822,2.439854621887207,0.3927639991213028,1.2721978425979614
BC147527,0.1702170670032501,0.1263042390346527,-0.4629313945770263,0.9888502385877284,-0.3646864891052246,-0.4629313945770263,0.0631335345889613,-2.2353641986846924,-0.4629313945770263,0.1597348246885702,-1.84270179271698
Rab10,0.4674969911575317,0.7759801745414734,0.976488709449768,9.314143852678726e-15,8.093680381774902,0.976488709449768,1.2681937055632754e-18,9.317462921142578,0.976488709449768,8.14882597749798e-14,7.953386783599853
Kif3c,0.0121634425595402,0.0154521241784095,0.3476313352584839,0.9888502385877284,0.4687226116657257,0.3476313352584839,0.7815398116009625,0.5280483365058899,0.3476313352584839,0.8535247494807017,0.4527183175086975
Asxl2,0.4834277629852295,0.3191279768943786,-0.7255868911743164,0.0008816202318562,-3.75530743598938,-0.7255868911743164,2.79893186683102e-07,-5.510940074920654,-0.7255868911743164,4.1966127232301386e-05,-4.523541450500488
Dtnb,0.1000208631157875,0.0674274191260337,-0.5927330851554871,0.9888502385877284,0.1746880412101745,-0.5927330851554871,0.0629876373175282,-2.2364273071289062,-0.5927330851554871,0.1703060569599397,-1.809022665023804
Dnmt3a,0.1901130527257919,0.2207712680101394,0.2385668158531189,0.0614652106409115,2.3518283367156982,0.2385668158531189,0.3225891223202017,1.341842770576477,0.2385668158531189,0.4695553973631501,1.1322778463363647
Pomc,0.0134583553299307,0.024289408698678,0.8596627712249756,0.9497110763008344,0.6333281993865967,0.8596627712249756,0.2865429688847769,1.4360347986221311,0.8596627712249756,0.3925700803984609,1.27232027053833
Efr3b,0.0015077148564159,0.0,-20.525020599365234,0.9888502385877284,0.0673658028244972,-20.525020599365234,0.4679991859106411,-1.0,-20.525020599365234,0.6832027011037286,-0.7008072733879089
Dnajc27,0.0349835492670536,0.0153988180682063,-1.198043942451477,0.9888502385877284,-0.1462330818176269,-1.198043942451477,0.0330933689032384,-2.507432222366333,-1.198043942451477,0.130622458004405,-1.948120355606079
Adcy3,0.0844373852014541,0.0958452671766281,0.1911778897047042,0.4166205478268807,1.34895920753479,0.1911778897047042,0.6339064721110343,0.7389585375785828,0.1911778897047042,0.7344384901254858,0.625720202922821
Cenpo,0.0275284647941589,0.046396005898714,0.7667701840400696,0.4398210324189929,1.3129609823226929,0.7667701840400696,0.1511345946973627,1.8130877017974851,0.7667701840400696,0.2512073829216038,1.58166766166687
Ptrhd1,0.1035928204655647,0.228443905711174,1.23346745967865,3.332505022624837e-07,5.493300437927246,1.23346745967865,3.6968446867977995e-08,5.905500888824463,1.23346745967865,1.5090961694053549e-06,5.236093521118164
Ncoa1,0.1264498680830001,0.2315921187400818,0.9511264562606812,1.7966392900811106e-05,4.696486949920654,0.9511264562606812,8.210310293858913e-06,4.841227054595947,0.9511264562606812,0.0001287604722976,4.252688407897949
Itsn2,0.4215745627880096,0.4966404438018799,0.2946913540363312,0.0314573560085942,2.621067523956299,0.2946913540363312,0.0390905748426861,2.4399218559265137,0.2946913540363312,0.1061023343693503,2.053366184234619
Fam228a,0.0025287077296525,0.0,-21.27179336547852,0.9888502385877284,0.0342056974768638,-21.27179336547852,0.3061683098733264,-1.3782905340194702,-21.27179336547852,0.5417513228995775,-0.9659159779548644
Fam228b,0.0065954555757343,0.0031083596404641,-1.0878360271453855,0.9888502385877284,0.035251285880804,-1.0878360271453855,0.4679991859106411,-1.0041676759719849,-1.0878360271453855,0.658226748150077,-0.7885530591011047
Pfn4,0.0013980470830574,0.0,-20.415990829467773,0.9888502385877284,0.0673658028244972,-20.415990829467773,0.4679991859106411,-1.0,-20.415990829467773,0.6832027011037286,-0.7008072733879089
Sf3b6,0.7896894812583923,1.2149996757507324,0.978773832321167,3.0913474307401167e-26,10.902057647705078,0.978773832321167,1.2722277095443835e-31,12.400195121765137,0.978773832321167,2.1164167099524328e-22,10.361629486083984
Fkbp1b,0.0003030791413038,0.002818034728989,3.218733310699463,0.9888502385877284,0.2020974159240722,3.218733310699463,0.3850425205954269,1.2175947427749634,3.218733310699463,0.4282853800090738,1.204236626625061
Wdcp,0.073904812335968,0.127755731344223,0.8291457295417786,0.0061374408801999,3.1882247924804688,0.8291457295417786,0.004202063287008,3.241530656814575,0.8291457295417786,0.0167373587501396,2.826571226119995
Mfsd2b,0.0047069522552192,0.0007113116444088,-2.729121208190918,0.9888502385877284,0.0348778627812862,-2.729121208190918,0.2086864240266925,-1.6246429681777954,-2.729121208190918,0.4513649005570795,-1.1635960340499878
Ubxn2a,0.1814599931240081,0.2259607464075088,0.3496102094650268,0.0223424327267123,2.7477331161499023,0.3496102094650268,0.1176315780469959,1.9433985948562624,0.3496102094650268,0.2196890038758173,1.6614179611206057
Atad2b,0.2650026977062225,0.2694892585277557,0.0276011880487203,0.4847289842545094,1.2414875030517578,0.0276011880487203,1.0,0.175274446606636,0.0276011880487203,1.0,0.1473625749349594
Ldah,0.1805775463581085,0.1955507695674896,0.1260638386011123,0.1955897203758956,1.8009523153305054,0.1260638386011123,0.6695029596041918,0.6862342953681946,0.1260638386011123,0.765329860170768,0.580424427986145
Hs1bp3,0.015336463227868,0.0042206719517707,-1.8694522380828855,0.9888502385877284,-0.2298802137374878,-1.8694522380828855,0.0716309344982569,-2.178138732910156,-1.8694522380828855,0.2122777945356698,-1.68171489238739
Rhob,0.0469890125095844,0.0256688445806503,-0.8877776265144348,0.9955188478424606,-0.0197168216109275,-0.8877776265144348,0.0927227825824908,-2.0594587326049805,-0.8877776265144348,0.2318949184934391,-1.629002332687378
Pum2,0.5931466817855835,0.5070196390151978,-0.2941420972347259,0.0766449541658346,-2.2561569213867188,-0.2941420972347259,0.0217942547824704,-2.672006845474243,-0.2941420972347259,0.0758362729416755,-2.212317705154419
Sdc1,0.0025977052282541,0.0010770300868898,-1.271275520324707,0.9888502385877284,0.1013474464416503,-1.271275520324707,0.6506767219871936,-0.7140381336212158,-1.271275520324707,0.7964292860437147,-0.536533534526825
Laptm4a,0.3391482830047607,0.3235210180282593,-0.0799507498741149,0.8901004215328824,0.7119714021682739,-0.0799507498741149,0.7414241485934487,-0.5852038264274597,-0.0799507498741149,0.8315864735366902,-0.4852851629257202
Matn3,0.0,0.0004586329159792,18.807313919067383,0.9888502385877284,0.1678170263767242,18.807313919067383,0.4679991859106411,1.0,18.807313919067383,0.5282133287683867,1.0
Wdr35,0.0011150410864502,0.0054414202459156,2.2900078296661377,0.9888502385877284,0.2691644728183746,2.2900078296661377,0.3557970609141486,1.2740224599838257,2.2900078296661377,0.4263267763635214,1.208317756652832
Ttc32,0.0858922973275184,0.1345093250274658,0.6828191876411438,0.0206657958343099,2.7771589756011963,0.6828191876411438,0.017681582170384,2.7509641647338867,0.6828191876411438,0.0500038804378623,2.395238161087036
Rdh14,0.1229481920599937,0.0849465653300285,-0.5613100528717041,0.9888502385877284,-0.2492982894182205,-0.5613100528717041,0.0471805202498622,-2.3620264530181885,-0.5613100528717041,0.1366979638031407,-1.923588275909424
Gen1,0.0288874898105859,0.0287938099354505,-0.0047540133818984,0.8547788507780247,0.7531974911689758,-0.0047540133818984,1.0,-0.0106803057715296,-0.0047540133818984,1.0,-0.0088969292119145
Smc6,0.6968684792518616,0.7186322212219238,0.0619029216468334,0.9888502385877284,0.4764151573181152,0.0619029216468334,0.7240281695446167,0.6089549660682678,0.0619029216468334,0.8168033947883908,0.5065299272537231
Rad51ap2,0.0,0.0,0.0,0.9888502385877284,0.1005259156227111,0.0,1.0,0.0,0.0,1.0,0.0
Fam49a,0.1424526423215866,0.2727881371974945,1.0345664024353027,1.3083762506984486e-06,5.232575416564941,1.0345664024353027,1.520435252137291e-07,5.64218282699585,1.0345664024353027,5.672778529148789e-06,4.962052822113037
Mycn,0.0007365080527961,0.0,-19.490875244140625,0.9888502385877284,0.0673658028244972,-19.490875244140625,0.4679991859106411,-1.0,-19.490875244140625,0.6832027011037286,-0.7008072733879089
Ddx1,0.1281075775623321,0.2081441730260849,0.7595785856246948,8.494076603019388e-05,4.344048976898193,0.7595785856246948,0.0003872823673921,3.92395281791687,0.7595785856246948,0.0031181681895381,3.38297700881958
Nbas,0.0480688773095607,0.0630079954862594,0.4013077914714813,0.3073803773654703,1.5426918268203735,0.4013077914714813,0.3759230507296061,1.234015941619873,0.4013077914714813,0.5191223376933197,1.050505757331848
Lratd1,0.0,0.0,0.0,0.9888502385877284,0.1005259156227111,0.0,1.0,0.0,0.0,1.0,0.0
Trib2,0.2897285521030426,0.1569490432739257,-0.9837477207183838,0.0452214942647317,-2.4789421558380127,-0.9837477207183838,1.383069232653611e-07,-5.639220714569092,-0.9837477207183838,4.360943863803407e-05,-4.516944885253906
Lpin1,0.125366672873497,0.2888775467872619,1.3263205289840698,5.6680099546447626e-08,5.811010360717773,1.3263205289840698,4.721348220723612e-10,6.6549882888793945,1.3263205289840698,2.7423119377989923e-08,5.990614414215088
E2f6,0.0598483346402645,0.0477011688053607,-0.3361271321773529,0.9888502385877284,0.4615528583526611,-0.3361271321773529,0.4679991859106411,-1.0193655490875244,-0.3361271321773529,0.6246996537761194,-0.8368228673934937
Rock2,0.3520047664642334,0.2885107696056366,-0.3352114260196686,0.7259702722978809,-0.9107826948165894,-0.3352114260196686,0.0545760038767001,-2.2999489307403564,-0.3352114260196686,0.1388633036701948,-1.9156581163406368
Pqlc3,0.0453388057649135,0.2977136075496673,2.902357339859009,1.695042770091071e-20,9.603286743164062,2.902357339859009,7.875370767383188e-28,11.880108833312988,2.902357339859009,1.7998019414757622e-25,11.22982406616211
2410004P03Rik,0.0010468234540894,0.0046520764008164,2.1544575691223145,0.9888502385877284,0.2690151035785675,2.1544575691223145,0.3738980493174825,1.238254189491272,2.1544575691223145,0.4515015411154132,1.1628271341323853
Pdia6,0.3762213885784149,0.5459264516830444,0.6689139008522034,2.812915197615568e-06,5.08081579208374,0.6689139008522034,2.7132803555614775e-07,5.525252342224121,0.6689139008522034,1.7433727728497594e-05,4.719454288482666
Nol10,0.0669166147708892,0.1575514674186706,1.3019890785217283,0.0002006263002249,4.1369476318359375,1.3019890785217283,3.636249294678315e-06,5.019104957580566,1.3019890785217283,4.61346179652722e-05,4.500718116760254
Odc1,0.1849802881479263,0.3784880936145782,1.1790075302124023,5.57079784989378e-10,6.5710039138793945,1.1790075302124023,1.654280053712318e-11,7.172079563140869,1.1790075302124023,2.9777894432462983e-09,6.370545387268066
Hpcal1,0.324513703584671,0.2194957286119461,-0.6432709693908691,0.1443661790258645,-1.9584628343582156,-0.6432709693908691,0.0001268960070959,-4.204012870788574,-0.6432709693908691,0.0026276257312154,-3.4354472160339355
5730507C01Rik,0.0040149702690541,0.0036731832660734,-0.1286050975322723,0.9888502385877284,0.1351797133684158,-0.1286050975322723,1.0,-0.0966289937496185,-0.1286050975322723,1.0,-0.0799067541956901
Asap2,0.0117104342207312,0.0008982903091236,-3.71227502822876,0.9888502385877284,-0.1976163238286972,-3.71227502822876,0.0124887988289114,-2.875538110733032,-3.71227502822876,0.1085378297578081,-2.0451159477233887
Itgb1bp1,0.2296788245439529,0.461825966835022,1.1848187446594238,1.7798422314133138e-14,8.011899948120117,1.1848187446594238,3.9389688920874364e-16,8.627111434936523,1.1848187446594238,2.3347827629416816e-12,7.481450080871582
Cpsf3,0.1787488013505935,0.1578361690044403,-0.1950138807296753,0.9390937629727484,0.6488626599311829,-0.1950138807296753,0.4679991859106411,-1.0199517011642456,-0.1950138807296753,0.6176920768445631,-0.847859263420105
Iah1,0.1682415753602981,0.2931754291057586,0.8948125243186951,2.129853512225771e-06,5.136231899261475,0.8948125243186951,1.5090391480630131e-06,5.195230007171631,0.8948125243186951,3.63854740205025e-05,4.554468631744385
Adam17,0.1256798505783081,0.196832925081253,0.6999229788780212,0.0012362544357539,3.6628475189208975,0.6999229788780212,0.0021967372956709,3.4392735958099365,0.6999229788780212,0.0108787727135801,2.9786503314971924
Ywhaq,0.6746309995651245,0.8939446806907654,0.5847545266151428,3.0627782782200965e-07,5.5092082023620605,0.5847545266151428,4.447622089241981e-09,6.2587995529174805,0.5847545266151428,1.0728883820567712e-06,5.303227424621582
9030624G23Rik,0.0023074885830283,0.0016584406839683,-0.4769641160964966,0.9888502385877284,0.1013474464416503,-0.4769641160964966,0.9564954189987698,-0.2785255908966064,-0.4769641160964966,1.0,-0.2265613675117492
Taf1b,0.1123522967100143,0.2015081346035003,0.9088021516799928,0.000108815148828,4.285570621490479,0.9088021516799928,4.102821372007545e-05,4.47941780090332,0.9088021516799928,0.0004920754914716,3.909426927566528
Grhl1,0.0030633599963039,0.0005397105123847,-2.506675958633423,0.9888502385877284,0.0681126564741134,-2.506675958633423,0.3140857859472878,-1.3600398302078247,-2.506675958633423,0.5363947632236153,-0.9743289351463318
Klf11,0.0153185948729515,0.0731254294514656,2.29709529876709,0.0256356701931878,2.697843551635742,2.29709529876709,1.1103760224427582e-05,4.7881340980529785,2.29709529876709,5.189068593482972e-05,4.4782304763793945
Cys1,0.0,0.0,0.0,0.9888502385877284,0.1005259156227111,0.0,1.0,0.0,0.0,1.0,0.0
Rrm2,0.0754355937242508,0.2568402886390686,1.9020313024520876,1.2743639801345837e-07,5.668660640716553,1.9020313024520876,3.3688193588672847e-12,7.447200775146484,1.9020313024520876,8.633664119574855e-11,6.965435028076172
Mboat2,0.0,0.0,0.0,0.9888502385877284,0.1005259156227111,0.0,1.0,0.0,0.0,1.0,0.0
Kidins220,0.1854314357042312,0.1891376823186874,0.0313079841434955,0.2959931516501367,1.5660682916641235,0.0313079841434955,1.0,0.1700977385044098,0.0313079841434955,1.0,0.1427836865186691
Id2,0.4359039068222046,1.9220540523529053,3.416804313659668,3.205844214866501e-127,24.21001625061035,3.416804313659668,1.5464097336463774e-147,33.434547424316406,3.416804313659668,3.57375313834227e-132,29.86928367614746
Rnf144a,0.134223535656929,0.0161052886396646,-3.1453027725219727,0.0134687147498504,-2.9294416904449463,-3.1453027725219727,5.680213557312922e-18,-9.096487998962402,-3.1453027725219727,8.89653498907617e-10,-6.627016067504883
Rsad2,0.0206096973270177,0.0892702937126159,2.164838552474976,0.0461884949419245,2.4702038764953613,2.164838552474976,1.3614735143637903e-05,4.743762493133545,2.164838552474976,5.620135927301166e-05,4.460246562957764
Cmpk2,0.0326822325587272,0.1121471747756004,1.836828351020813,0.0034842627613406,3.3632116317749023,1.836828351020813,1.0854955536235034e-06,5.276129722595215,1.836828351020813,8.494343527803875e-06,4.882201671600342
Dcdc2c,0.0,0.0,0.0,0.9888502385877284,0.1005259156227111,0.0,1.0,0.0,0.0,1.0,0.0
Colec11,0.0,0.0033121195156127,21.66171264648437,0.9888502385877284,0.2351081520318985,21.66171264648437,0.2942789202292576,1.41567063331604,21.66171264648437,0.3242439506611627,1.41567063331604
Rps7,4.34072732925415,3.694364070892334,-0.9499111175537108,2.7876903974295704e-170,-28.04344367980957,-0.9499111175537108,1.3494091361698045e-234,-47.15556716918945,-0.9499111175537108,2.2313231587863752e-204,-41.13685607910156
Rnaseh1,0.0889177322387695,0.1417263746261596,0.7113903760910034,0.0027967328795763,3.4281129837036133,0.7113903760910034,0.0060832075937542,3.120738983154297,0.7113903760910034,0.024034368938335,2.6930692195892334
Adi1,0.0720764547586441,0.0767164006829261,0.0933954566717147,0.5538662490965887,1.1399160623550415,0.0933954566717147,0.923155135539536,0.3257366418838501,0.0933954566717147,0.9721671300410129,0.2748007178306579
Trappc12,0.1681572645902633,0.1648776680231094,-0.0308462623506784,0.4125512667845474,1.3556060791015625,-0.0308462623506784,1.0,-0.1632599979639053,-0.0308462623506784,1.0,-0.1361089795827865
Eipr1,0.1294964551925659,0.1896461546421051,0.5949397683143616,0.0038842505759293,3.3293046951293945,0.5949397683143616,0.0089772694603208,2.9916439056396484,0.5949397683143616,0.0325817351670216,2.5745978355407715
Sntg2,0.0,0.0,0.0,0.9888502385877284,0.1005259156227111,0.0,1.0,0.0,0.0,1.0,0.0
Tmem18,0.045923925936222,0.0558962970972061,0.2907610535621643,0.50664426034906,1.2078046798706057,0.2907610535621643,0.5654994146380291,0.8435649275779724,0.2907610535621643,0.6832027011037286,0.7134659886360168
Acp1,0.2901854217052459,0.4908879995346069,0.9125929474830629,4.794850378810603e-10,6.594902992248535,0.9125929474830629,4.7787881289314544e-11,6.993127822875977,0.9125929474830629,2.1106457046541705e-08,6.032561302185059
Sh3yl1,0.003728284034878,0.0091551952064037,1.2999975681304932,0.9888502385877284,0.4705150425434112,1.2999975681304932,0.3701757984331322,1.245605230331421,1.2999975681304932,0.4817165617437624,1.1117852926254272
Dld,0.1863631457090377,0.2775018513202667,0.642662525177002,6.554333078976933e-05,4.405215740203857,0.642662525177002,0.0003239733870668,3.969827890396118,0.642662525177002,0.0031261091872238,3.3822579383850098
Cbll1,0.1493816673755645,0.1586728245019912,0.093925803899765,0.29764321974709,1.561885952949524,0.093925803899765,0.8208967259668767,0.4719066023826599,0.093925803899765,0.8921877970313333,0.3964698910713196
Bcap29,0.2325968295335769,0.3415515720844269,0.6366215348243713,6.386878130446244e-05,4.411563873291016,0.6366215348243713,0.0001970337840304,4.099102020263672,0.6366215348243713,0.0019217784936926,3.5278382301330566
Dus4l,0.0285446252673864,0.0159624647349119,-0.8476452827453613,0.9888502385877284,0.0567605458199977,-0.8476452827453613,0.1806699845673522,-1.7089892625808716,-0.8476452827453613,0.355364249621055,-1.3430805206298828
Cog5,0.1674584150314331,0.2012927383184433,0.2906481623649597,0.0385693812321274,2.541602849960327,0.2906481623649597,0.2294260495640567,1.5697120428085327,0.2906481623649597,0.361827291427069,1.329394817352295
Gpr22,0.0014792282599955,0.0,-20.497482299804688,0.9888502385877284,0.0342056974768638,-20.497482299804688,0.3842440013824791,-1.2182282209396362,-20.497482299804688,0.6139813125085372,-0.8537431955337524
Hbp1,0.1948570162057876,0.1757730394601822,-0.1628931760787964,0.981939128416622,0.5929983258247375,-0.1628931760787964,0.5444320965531642,-0.8752747774124146,-0.1628931760787964,0.6832027011037286,-0.7294209599494934
Prkar2b,0.0141158020123839,0.0134814865887165,-0.0667901486158371,0.9888502385877284,0.46797576546669,-0.0667901486158371,1.0,-0.10325638204813,-0.0667901486158371,1.0,-0.0841341838240623
Pik3cg,0.1020195335149765,0.2091177105903625,1.114727020263672,6.476593824959948e-06,4.910758018493652,1.114727020263672,1.1934899714062762e-06,5.24546480178833,1.114727020263672,2.448482488083631e-05,4.645033359527588
Ccdc71l,0.1443783789873123,0.2221980392932891,0.6798403263092041,0.0006940594313339,3.820208787918091,0.6798403263092041,0.0013079298812008,3.5900213718414307,0.6798403263092041,0.0072719527717744,3.1135518550872803
Nampt,0.1147023737430572,0.1577696502208709,0.4916962385177612,0.0380676520678138,2.5466067790985107,0.4916962385177612,0.0716584914662279,2.179093360900879,0.4916962385177612,0.1480341066853723,1.8828562498092647
Sypl,0.0429583713412284,0.1238601058721542,1.5868695974349976,0.000451141654551,3.93253493309021,1.5868695974349976,2.141016277543675e-06,5.132599353790283,1.5868695974349976,2.3094490845821744e-05,4.660284519195557
Atxn7l1,0.1443969011306762,0.2317265123128891,0.7473516464233398,0.00016955348288,4.178472518920898,0.7473516464233398,0.0003211242602023,3.973887443542481,0.7473516464233398,0.0025262733797616,3.4463682174682617
Twistnb,0.4544807076454162,0.4047950208187103,-0.2054267078638076,0.9888502385877284,-0.5375074148178101,-0.2054267078638076,0.2022038717123785,-1.642655611038208,-0.2054267078638076,0.3449107758055892,-1.3643932342529297
Twist1,0.0,0.0009441179572604,19.84929084777832,0.9888502385877284,0.1678170263767242,19.84929084777832,0.4679991859106411,1.0,19.84929084777832,0.5282133287683867,1.0
Hdac9,0.0014831244479864,0.0,-20.501279830932617,0.9888502385877284,0.0673658028244972,-20.501279830932617,0.4679991859106411,-1.0,-20.501279830932617,0.6832027011037286,-0.7008072733879089
Snx13,0.0332798473536968,0.04293904453516,0.3746532201766968,0.683793788529068,0.9670204520225524,0.3746532201766968,0.4984292989607093,0.9488837718963624,0.3746532201766968,0.6444261011947252,0.8073204159736633
Ahr,0.0117231681942939,0.0134451650083065,0.1989698708057403,0.9888502385877284,0.302175223827362,0.1989698708057403,0.95368597552526,0.2821302115917206,0.1989698708057403,0.9946897833213698,0.2398643642663955
Tspan13,0.4744348526000976,0.2792413532733917,-0.9143205285072328,2.176430917629621e-05,-4.655036926269531,-0.9143205285072328,2.5243151419309735e-11,-7.0630388259887695,-0.9143205285072328,1.55682546190239e-07,-5.681422710418701
Bzw2,0.5298178195953369,0.2408635318279266,-1.3590658903121948,4.164585997522441e-12,-7.290518760681152,-1.3590658903121948,9.800187822517073e-24,-10.554688453674316,-1.3590658903121948,3.60191890509895e-15,-8.401244163513184
Ankmy2,0.1370909661054611,0.1268365681171417,-0.1197224333882331,0.6382516954927064,1.02617084980011,-0.1197224333882331,0.7628263017630997,-0.5550663471221924,-0.1197224333882331,0.8472654145635337,-0.4615642428398132
Lrrc72,0.0,0.0,0.0,0.9888502385877284,0.1005259156227111,0.0,1.0,0.0,0.0,1.0,0.0
Sostdc1,0.0,0.0,0.0,0.9888502385877284,0.1005259156227111,0.0,1.0,0.0,0.0,1.0,0.0
Crppa,0.0,0.0025006043724715,21.25564956665039,0.9888502385877284,0.3023992776870727,21.25564956665039,0.2008985648721865,1.6483112573623655,21.25564956665039,0.2251062705003848,1.6483112573623655
Etv1,0.0008490878390148,0.0012808549217879,0.5934323072433472,0.9888502385877284,0.1345822364091873,0.5934323072433472,0.9546303972215064,0.2809648215770721,0.5934323072433472,0.9912073558957648,0.2448906004428863
Arl4a,0.2172355204820633,0.3530713617801666,0.8033348917961121,2.211151203907313e-07,5.569478988647461,0.8033348917961121,2.1593619922442807e-06,5.119394302368164,0.8033348917961121,6.314515328474038e-05,4.425463676452637
Scin,0.0003030791413038,0.0,-18.20955848693848,0.9888502385877284,0.0673658028244972,-18.20955848693848,0.4679991859106411,-1.0,-18.20955848693848,0.6832027011037286,-0.7008072733879089
Lsmem1,0.001187355723232,0.0,-20.180177688598636,0.9888502385877284,0.0673658028244972,-20.180177688598636,0.4679991859106411,-1.0,-20.180177688598636,0.6832027011037286,-0.7008072733879089
Ifrd1,0.221816599369049,0.373576283454895,0.8669300675392151,3.196911970705509e-07,5.501142501831055,0.8669300675392151,2.0492905906459097e-07,5.583352565765381,0.8669300675392151,9.000399349259567e-06,4.86385440826416
Zfp277,0.1610077470541,0.2109983265399933,0.4272796809673309,0.0158119150595694,2.873502492904663,0.4272796809673309,0.0619986562010884,2.244814872741699,0.4272796809673309,0.1357125242826785,1.9272866249084477
Dock4,0.0114550329744815,0.0009658070630393,-3.5756757259368896,0.9888502385877284,-0.1645309031009674,-3.5756757259368896,0.0157754279805099,-2.7923948764801025,-3.5756757259368896,0.1210423335903133,-1.990700483322144
Immp2l,0.0291191115975379,0.0177552513778209,-0.7219497561454773,0.9888502385877284,0.1545978039503097,-0.7219497561454773,0.2575593734362067,-1.5006110668182373,-0.7219497561454773,0.4331723461440758,-1.19390606880188
Lrrn3,0.0,0.0,0.0,0.9888502385877284,0.1005259156227111,0.0,1.0,0.0,0.0,1.0,0.0
Dnajb9,0.1675312519073486,0.1850849241018295,0.1567914485931396,0.1465517088008732,1.950845003128052,0.1567914485931396,0.5718053705544719,0.8331656455993652,0.1567914485931396,0.683310069421365,0.7003214955329895
Pnpla8,0.2132277339696884,0.1312674731016159,-0.7607037425041199,0.5591245833380187,-1.132671594619751,-0.7607037425041199,0.0003101333288583,-3.977175951004028,-0.7607037425041199,0.0056503518395791,-3.19801664352417
Stxbp6,0.0,0.0,0.0,0.9888502385877284,0.1005259156227111,0.0,1.0,0.0,0.0,1.0,0.0
G2e3,0.0944881662726402,0.1120150238275528,0.25834721326828,0.1673657340088389,1.8834044933319087,0.25834721326828,0.4679991859106411,1.050300121307373,0.25834721326828,0.5935036931776443,0.8858475685119629
Scfd1,0.3186460137367248,0.329471230506897,0.0564274936914444,0.3450379454407087,1.4729361534118652,0.0564274936914444,0.873399316083141,0.3978668451309204,0.0564274936914444,0.9336114438127968,0.3338620364665985
Coch,0.0,0.0026978685054928,21.36533546447754,0.9888502385877284,0.2351081520318985,21.36533546447754,0.30020153159282,1.394420146942139,21.36533546447754,0.3313671403599351,1.394420146942139
Strn3,0.2959958016872406,0.2531161308288574,-0.2581221759319305,0.9888502385877284,0.2469830513000488,-0.2581221759319305,0.1803476390199493,-1.7106719017028809,-0.2581221759319305,0.325457912398077,-1.410184621810913
Ap4s1,0.1720037013292312,0.2839345633983612,0.8069247603416443,7.957420598840993e-06,4.867814064025879,0.8069247603416443,8.940343774331246e-06,4.820081233978272,0.8069247603416443,0.000177653692995,4.172868728637695
Hectd1,0.7049352526664734,0.9089300632476808,0.5334049463272095,7.703645060037036e-05,4.366454124450684,0.5334049463272095,9.636067426851461e-08,5.716119289398193,0.5334049463272095,1.1504929575117089e-05,4.811391830444336
Heatr5a,0.1048837974667549,0.0500459372997283,-1.1075347661972046,0.6790776393243921,-0.9738914370536804,-1.1075347661972046,0.0006069491714604,-3.7997233867645264,-1.1075347661972046,0.0093113680919081,-3.03210997581482
Dtd2,0.0740652680397033,0.143515408039093,1.005342721939087,0.0007517692960226,3.7981767654418954,1.005342721939087,0.0002223933030817,4.070158004760742,1.005342721939087,0.0016594944699129,3.57094955444336
Nubpl,0.0571996942162513,0.0208603292703628,-1.4816291332244873,0.9006912307990756,-0.6968103647232056,-1.4816291332244873,0.0007963971780045,-3.724865436553955,-1.4816291332244873,0.0147026846328335,-2.876175880432129
Arhgap5,0.2637967765331268,0.0124067850410938,-4.595736503601074,5.961874857504662e-10,-6.560324192047119,-4.595736503601074,3.930608046279228e-43,-14.711712837219238,-4.595736503601074,4.065157533089191e-22,-10.535046577453612
Akap6,0.0,0.0,0.0,0.9888502385877284,0.1005259156227111,0.0,1.0,0.0,0.0,1.0,0.0
Egln3,0.0273110717535018,0.0062052146531641,-2.1531996726989746,0.9888502385877284,-0.3998630940914154,-2.1531996726989746,0.0039268058929544,-3.259016990661621,-2.1531996726989746,0.0463521067975848,-2.430833578109741
Sptssa,0.3109081387519836,0.5915422439575195,1.1455949544906616,5.58199650946154e-16,8.43790340423584,1.1455949544906616,7.28971993547864e-19,9.400178909301758,1.1455949544906616,2.053810093166506e-14,8.140031814575195
Eapp,0.3272976875305176,0.4488914608955383,0.5491334199905396,0.0001043010173815,4.295802593231201,0.5491334199905396,0.0001877238180943,4.110522270202637,0.5491334199905396,0.0019978432730286,3.516951322555542
Snx6,0.342118889093399,0.3650731742382049,0.1112195923924446,0.2879167858900006,1.5819761753082275,0.1112195923924446,0.5871109494081491,0.8096483945846558,0.1112195923924446,0.6970695306739418,0.6806850433349609
Cfl2,0.1740104556083679,0.1482160985469818,-0.2505780458450317,0.9888502385877284,0.2769317030906677,-0.2505780458450317,0.363056935459121,-1.2592061758041382,-0.2505780458450317,0.5208552938435002,-1.0480057001113892
Baz1a,0.3490201830863952,0.9963610172271729,2.032190322875977,1.6813971990271238e-54,15.801314353942873,2.032190322875977,4.0303744916996046e-61,18.35964775085449,2.032190322875977,4.008797495132253e-50,16.221569061279297
Gm20403,0.0,0.0,0.0,0.9888502385877284,0.1005259156227111,0.0,1.0,0.0,0.0,1.0,0.0
2700097O09Rik,0.0559479184448719,0.1076874658465385,0.9825249314308168,0.0219530582839419,2.75408148765564,0.9825249314308168,0.0038115349247118,3.2729697227478027,0.9825249314308168,0.0136199323237193,2.9014337062835693
Srp54a,0.0870346501469612,0.0993146002292633,0.1994117349386215,0.2460410390524136,1.6736892461776731,0.1994117349386215,0.5980431830643814,0.7929830551147461,0.1994117349386215,0.7037777958214902,0.6708658337593079
Fam177a,0.0127111487090587,0.0307147447019815,1.2858707904815674,0.5585268266015175,1.1334184408187866,1.2858707904815674,0.059671594859482,2.262223958969116,1.2858707904815674,0.1108235946325024,2.0325019359588623
Srp54b,0.0,0.0016797479474917,20.681026458740234,0.9888502385877284,0.1678170263767242,20.681026458740234,0.4679991859106411,1.0,20.681026458740234,0.5282133287683867,1.0
Fam177a2,0.0,0.0022914179135113,21.12946319580078,0.9888502385877284,0.1678170263767242,21.12946319580078,0.4679991859106411,1.0,21.12946319580078,0.5282133287683867,1.0
Srp54c,0.006573287770152,0.0051731416024267,-0.3465853333473205,0.9888502385877284,0.2357803136110305,-0.3465853333473205,0.8786763603250144,-0.3903844952583313,-0.3465853333473205,0.9484791462896908,-0.3104929625988006
Ppp2r3c,0.1115105003118515,0.1810174137353897,0.7503093481063843,0.0011420336651215,3.6845061779022217,0.7503093481063843,0.0013737073954275,3.576274871826172,0.7503093481063843,0.0075345123621955,3.102012872695923
Prorp,0.0373321697115898,0.0340418554842472,-0.1354973912239074,0.9713498015793028,0.6083834171295166,-0.1354973912239074,0.9181096727136075,-0.3331544697284698,-0.1354973912239074,0.9722711874822624,-0.2744947671890259
Psma6,0.5628694891929626,0.8779920935630798,0.895770251750946,1.8388036265441845e-15,8.293761253356934,0.895770251750946,7.005625322115425e-20,9.64364528656006,0.895770251750946,2.053810093166506e-14,8.142565727233887
Nfkbia,0.9280407428741456,1.1862895488739014,0.5727018713951111,2.8793314835666126e-06,5.07618522644043,0.5727018713951111,2.0357820321364775e-07,5.578825950622559,0.5727018713951111,1.5146378165376269e-05,4.750432968139648
Aldoart2,0.0,0.0,0.0,0.9888502385877284,0.1005259156227111,0.0,1.0,0.0,0.0,1.0,0.0
Ralgapa1,0.2081758230924606,0.1731592863798141,-0.2917637228965759,0.9888502385877284,0.1828287094831466,-0.2917637228965759,0.2046869045524956,-1.6355103254318235,-0.2917637228965759,0.3538088819596603,-1.345850706100464
Brms1l,0.0623131543397903,0.0734883919358253,0.2461322396993637,0.4262692306094089,1.3339475393295288,0.2461322396993637,0.5883772541588095,0.8079541921615601,0.2461322396993637,0.6923072708136871,0.6875643134117126
Mbip,0.1026405021548271,0.1230594888329505,0.2767620682716369,0.12829443475784,2.017165184020996,0.2767620682716369,0.3895046334346209,1.2078351974487305,0.2767620682716369,0.5282133287683867,1.0206025838851929
Prps1l3,0.0450870431959629,0.0537828356027603,0.2607572078704834,0.4671665608611953,1.2691956758499146,0.2607572078704834,0.615749812392343,0.7665985822677612,0.2607572078704834,0.7178628041612882,0.6501668095588684
Mipol1,0.0466013401746749,0.0225417651236057,-1.0652263164520264,0.9888502385877284,-0.3463886976242065,-1.0652263164520264,0.0323160511682569,-2.517052173614502,-1.0652263164520264,0.1193221351260033,-1.9957753419876096
Sec23a,0.0456823743879795,0.0573919340968132,0.3377295732498169,0.6232140003179161,1.047008037567139,0.3377295732498169,0.4871708163664546,0.967718541622162,0.3377295732498169,0.6288982780907584,0.8305229544639587
Gemin2,0.0901067182421684,0.1703753471374511,0.9781678915023804,5.1103377492710425e-05,4.463395118713379,0.9781678915023804,4.762819882645527e-05,4.444896697998047,0.9781678915023804,0.0005455945417112,3.881568670272827
Trappc6b,0.3389422297477722,0.4626352190971374,0.5440051555633545,8.019946428264366e-05,4.357193470001221,0.5440051555633545,7.227617484660812e-05,4.342575073242188,0.5440051555633545,0.0011410494062165,3.679361581802368
Pnn,0.8063668608665466,0.9345971345901488,0.3186591267585754,0.0140684025094444,2.9144299030303955,0.3186591267585754,0.0026778580024078,3.378610372543335,0.3186591267585754,0.0158334741302853,2.8463010787963867
Mia2,0.4322033524513244,0.3696884214878082,-0.2735006809234619,0.8456022981733833,-0.7638027667999268,-0.2735006809234619,0.0808017795380635,-2.123910427093506,-0.2735006809234619,0.1880706157250293,-1.7548208236694336
Fbxo33,0.1425001770257949,0.2312587946653366,0.764563262462616,0.0001774631808101,4.166821479797363,0.764563262462616,0.0003051397261902,3.9871559143066406,0.764563262462616,0.0024521937956247,3.4553897380828857
Gm527,0.0058144871145486,0.0051604355685412,-0.1726313978433609,0.9888502385877284,0.1356278359889984,-0.1726313978433609,1.0,-0.1615092754364013,-0.1726313978433609,1.0,-0.1351313292980194
Klhl28,0.1100944131612777,0.1501149833202362,0.4768214523792267,0.0614174592146793,2.3522017002105717,0.4768214523792267,0.0853511456231583,2.098925828933716,0.4768214523792267,0.17094166561233,1.8065930604934688
Togaram1,0.1071352958679199,0.1152762919664383,0.111643299460411,0.4256053312428981,1.3349931240081787,0.111643299460411,0.8223472602106147,0.469660222530365,0.111643299460411,0.8911665206596204,0.3977309167385101
Prpf39,0.3512066304683685,0.3091151118278503,-0.2162063866853714,0.9888502385877284,-0.0495907925069332,-0.2162063866853714,0.248582782079724,-1.5213124752044678,-0.2162063866853714,0.3961538933239757,-1.2658226490020752
Fkbp3,0.8842880129814148,0.8305290937423706,-0.134739339351654,0.0368006852086292,-2.559825897216797,-0.134739339351654,0.2586863561252049,-1.4981391429901123,-0.134739339351654,0.4035530731431807,-1.2518515586853027
Fancm,0.0483358725905418,0.0897667184472084,0.9233161807060242,0.0269441917459819,2.678948402404785,0.9233161807060242,0.0078818099077218,3.035525321960449,0.9233161807060242,0.0267140070420065,2.6518712043762207
Mis18bp1,0.0088839326053857,0.0301940590143203,1.7804160118103027,0.4440404262494272,1.3053431510925293,1.7804160118103027,0.0144607182512208,2.8279452323913574,1.7804160118103027,0.0303715506377415,2.602357864379883
Rps29,4.024639129638672,3.1459782123565674,-1.3050721883773804,2.259461548350732e-182,-29.049598693847656,-1.3050721883773804,9.761563771809555e-284,-57.820899963378906,-1.3050721883773804,2.8805308441391527e-260,-50.90848922729492
Lrr1,0.0077070496045053,0.0319651030004024,2.069803476333618,0.2190224648073265,1.7388144731521606,2.069803476333618,0.0019716013379145,3.4754984378814697,2.069803476333618,0.0056556282256916,3.197646379470825
Rpl36al,1.342332363128662,1.467221975326538,0.238862544298172,0.1143838831195452,2.072432041168213,0.238862544298172,0.0003770280534601,3.9268336296081534,0.238862544298172,0.0055550695221444,3.202852249145508
Mgat2,0.3084316849708557,0.4884849190711975,0.8018453121185303,3.5360120533804225e-08,5.89391040802002,0.8018453121185303,5.332678187614869e-09,6.23183012008667,0.8018453121185303,8.748033198725844e-07,5.343324184417725
Dnaaf2,0.0279504768550395,0.0286290440708398,0.0350985899567604,0.9861266903652056,0.5886666178703308,0.0350985899567604,1.0,0.0777729451656341,0.0350985899567604,1.0,0.0652956441044807
Pole2,0.0930781587958335,0.126837283372879,0.471262514591217,0.0333057865319191,2.599259614944458,0.471262514591217,0.0999909142186336,2.024641752243042,0.471262514591217,0.1979114296897087,1.7239620685577393
Klhdc1,0.1737148463726043,0.1044173091650009,-0.7855061292648315,0.6458311942273124,-1.0169847011566162,-0.7855061292648315,0.0006692545818832,-3.773004531860352,-0.7855061292648315,0.009308732232784,-3.0320215225219727
Klhdc2,0.2309730350971222,0.352465271949768,0.7016496658325195,1.6610513847029507e-05,4.713739395141602,0.7016496658325195,2.7161127915760147e-05,4.572898387908936,0.7016496658325195,0.0004098163036531,3.95845365524292
Nemf,0.3321712613105774,0.423928439617157,0.4222429096698761,0.0013956122643319,3.629239320755005,0.4222429096698761,0.0052280381390859,3.1706409454345703,0.4222429096698761,0.0244380845262074,2.686945676803589
Arf6,0.3593511879444122,0.665744423866272,1.1293808221817017,1.1674788094352892e-17,8.889074325561523,1.1293808221817017,4.3393235059222365e-21,9.976398468017578,1.1293808221817017,9.516303111450405e-16,8.54204273223877
Vcpkmt,0.052194632589817,0.1402038335800171,1.4900552034378052,0.0001799420522134,4.16338586807251,1.4900552034378052,5.597906856376061e-07,5.401761531829834,1.4900552034378052,7.870895020711825e-06,4.895257472991943
Sos2,0.0756454467773437,0.1527534276247024,1.0705597400665283,0.0017873972601998,3.5588862895965576,1.0705597400665283,0.0001068114416519,4.25527286529541,1.0705597400665283,0.0007678336918883,3.788885354995728
L2hgdh,0.0087648397311568,0.0187833718955516,1.106899976730347,0.7312523201491311,0.9023432731628418,1.106899976730347,0.1695170672615792,1.751863718032837,1.106899976730347,0.2699020188331585,1.5350896120071411
Dmac2l,0.0202681794762611,0.0220252145081758,0.1212112829089164,0.9888502385877284,0.497401624917984,0.1212112829089164,0.9965775481779644,0.2205288261175155,0.1212112829089164,1.0,0.1850042790174484
Cdkl1,0.0,0.0,0.0,0.9888502385877284,0.1005259156227111,0.0,1.0,0.0,0.0,1.0,0.0
Map4k5,0.0216611139476299,0.0071256468072533,-1.6145247220993042,0.9888502385877284,-0.2000062316656112,-1.6145247220993042,0.0383689996590225,-2.446870803833008,-1.6145247220993042,0.1535788422902659,-1.864660382270813
Atl1,0.0023661775048822,0.0020559953991323,-0.2029449939727783,0.9888502385877284,0.1013474464416503,-0.2029449939727783,1.0,-0.1168886944651603,-0.2029449939727783,1.0,-0.0982933565974235
Sav1,0.0633408054709434,0.122195266187191,0.991092085838318,0.0040261198946362,3.3181018829345703,0.991092085838318,0.0006870051923142,3.772322416305542,0.991092085838318,0.0037703906970597,3.3244118690490723
Nin,0.3575716614723205,0.2454829961061477,-0.6275211572647095,0.1919885082841409,-1.81058669090271,-0.6275211572647095,0.0001015861574251,-4.257784843444824,-0.6275211572647095,0.0023935188231821,-3.4644055366516118
Pygl,0.0036485681775957,0.0,-21.801532745361328,0.9994412017932364,0.0010455889860168,-21.801532745361328,0.2461933726450139,-1.5273548364639282,-21.801532745361328,0.5074420060162924,-1.0703812837600708
Tmx1,0.1898927539587021,0.2892975807189941,0.6819353699684143,1.303193749501876e-05,4.765495777130127,0.6819353699684143,0.000129199471199,4.204099178314209,0.6819353699684143,0.0014950902108923,3.600990533828736
Frmd6,0.0469556488096714,0.0102986618876457,-2.2154102325439453,0.7843629654559106,-0.8384130001068115,-2.2154102325439453,8.399867284602554e-05,-4.301733016967773,-2.2154102325439453,0.0052087755516424,-3.227464199066162
Actr10,0.4995021224021911,0.6658151745796204,0.5461841225624084,8.677534633928463e-05,4.338970184326172,0.5461841225624084,2.5491069328851613e-06,5.081235408782959,0.5461841225624084,0.0001029011275103,4.307644367218018
Psma3,1.0261846780776978,1.4280354976654053,0.8244287967681885,1.225396693698812e-24,10.55723762512207,0.8244287967681885,2.848438653580815e-28,11.65489101409912,0.8244287967681885,8.708443806204173e-20,9.686171531677246
Arid4a,0.5819064974784851,0.5021209120750427,-0.2754790484905243,0.2362259857989799,-1.6966174840927124,-0.2754790484905243,0.0447151311631095,-2.384554147720337,-0.2754790484905243,0.1232384195994837,-1.978572964668274
Timm9,0.2591376006603241,0.2167639583349228,-0.2893706262111664,0.9888502385877284,0.2398132979869842,-0.2893706262111664,0.1563701248169171,-1.7938750982284546,-0.2893706262111664,0.2949907393635966,-1.478176832199097
2700049A03Rik,0.0489555448293685,0.0558403357863426,0.1948447674512863,0.6266976144892747,1.041630744934082,0.1948447674512863,0.7514258044163735,0.5716848969459534,0.1948447674512863,0.8299841726615826,0.4876295626163482
Dact1,0.0,0.0,0.0,0.9888502385877284,0.1005259156227111,0.0,1.0,0.0,0.0,1.0,0.0
Daam1,0.0327924899756908,0.0208164751529693,-0.6643171906471252,0.9935150020723986,0.0226295329630374,-0.6643171906471252,0.2987949602204087,-1.396452784538269,-0.6643171906471252,0.4742269493196718,-1.123894214630127
Gpr135,0.0,0.0017019050428643,20.69994735717773,0.9888502385877284,0.1678170263767242,20.69994735717773,0.4679991859106411,1.0,20.69994735717773,0.5282133287683867,1.0
L3hypdh,0.0010402702027931,0.000480409245938,-1.1150248050689695,0.9888502385877284,0.1345822364091873,-1.1150248050689695,0.8093737576826344,-0.4886020123958587,-1.1150248050689695,0.9176031951309284,-0.3588408529758453
Jkamp,0.1263174563646316,0.1718992441892624,0.4782065451145172,0.012422834372323,2.9575231075286865,0.4782065451145172,0.056254630269986,2.2872960567474365,0.4782065451145172,0.1283248995168986,1.9566807746887207
Pcnx4,0.0338543020188808,0.0553717724978923,0.7254484295845032,0.3456128562680245,1.471890568733215,0.7254484295845032,0.1316887781326691,1.8861507177352903,0.7254484295845032,0.2219246151721145,1.6551730632781982
Dhrs7,0.1725912094116211,0.4663480222225189,1.6572082042694092,6.149507094896262e-22,9.946090698242188,1.6572082042694092,5.5272348533845516e-24,10.792560577392578,1.6572082042694092,9.29807463948208e-20,9.6801176071167
Ppm1a,0.2961556315422058,0.3239603638648987,0.1505533456802368,0.1399366401201637,1.974221348762512,0.1505533456802368,0.4679991859106411,1.0538537502288818,0.1505533456802368,0.5935036931776443,0.8855711221694946
4930447C04Rik,0.0,0.0,0.0,0.9888502385877284,0.1005259156227111,0.0,1.0,0.0,0.0,1.0,0.0
Six1,0.0,0.0,0.0,0.9888502385877284,0.1005259156227111,0.0,1.0,0.0,0.0,1.0,0.0
Six4,0.0011958087561652,0.0,-20.190418243408203,0.9888502385877284,0.0673658028244972,-20.190418243408203,0.4679991859106411,-1.0,-20.190418243408203,0.6832027011037286,-0.7008072733879089
Mnat1,0.1171207278966903,0.1420914828777313,0.2972249686717987,0.0614067231629785,2.352351188659668,0.2972249686717987,0.2997077765117999,1.3943227529525757,0.2972249686717987,0.4420622798676697,1.178176760673523
Trmt5,0.0318045951426029,0.0281706862151622,-0.1776749342679977,0.9888502385877284,0.4782075881958008,-0.1776749342679977,0.8633785955358396,-0.4122049212455749,-0.1776749342679977,0.9302958678820884,-0.339280903339386
Slc38a6,0.0400149002671241,0.025508614256978,-0.6600739359855652,0.9994412017932364,-0.0115014789626002,-0.6600739359855652,0.2475936416125413,-1.5236231088638306,-0.6600739359855652,0.4148606135728732,-1.2321089506149292
Tmem30b,0.0011859595542773,0.0,-20.17848014831543,0.9888502385877284,0.0673658028244972,-20.17848014831543,0.4679991859106411,-1.0,-20.17848014831543,0.6832027011037286,-0.7008072733879089
Prkch,0.4857860505580902,0.7385324239730835,0.805139422416687,1.0770819336557591e-09,6.468013286590576,0.805139422416687,2.441585702767813e-12,7.432276248931885,0.805139422416687,3.1365653704420514e-09,6.3596062660217285
Hif1a,0.3168359398841858,1.0684913396835327,2.3579301834106445,1.10125990905921e-68,17.756864547729492,2.3579301834106445,2.408193083590243e-79,21.636648178100582,2.3579301834106445,7.800936338442735e-67,19.221628189086918
Snapc1,0.1189144998788833,0.1307256817817688,0.1453153491020202,0.2372404199456486,1.6940782070159912,0.1453153491020202,0.6933915900256786,0.6528039574623108,0.1453153491020202,0.7852753969721623,0.5518906712532043
Ppp2r5e,0.1848676800727844,0.2238408178091049,0.3050501942634582,0.0146082534953472,2.9012107849121094,0.3050501942634582,0.1659194043794359,1.763314962387085,0.3050501942634582,0.2921529047636425,1.4846086502075195
Wdr89,0.3902129828929901,0.2524080872535705,-0.7332226037979126,0.0089640516666585,-3.066712617874145,-0.7332226037979126,1.7043073274819354e-06,-5.157037734985352,-0.7332226037979126,0.000166322520193,-4.191868305206299
Sgpp1,0.1717927306890487,0.1548361182212829,-0.1624913811683654,0.5901351386740181,1.0903252363204956,-0.1624913811683654,0.575281174178618,-0.8279421925544739,-0.1624913811683654,0.6933503251958635,-0.6859462261199951
Syne2,0.0700810626149177,0.0626038908958435,-0.1682256907224655,0.9888502385877284,0.5292174220085144,-0.1682256907224655,0.7652384005218598,-0.551313042640686,-0.1682256907224655,0.8495029343949624,-0.4584406316280365
Mthfd1,0.0837140902876854,0.106329396367073,0.3615697920322418,0.1271941524760531,2.021870374679565,0.3615697920322418,0.285608889883362,1.4378501176834106,0.3615697920322418,0.4207219237292741,1.2218650579452517
Akap5,0.0117468340322375,0.0,-23.494251251220703,0.9888502385877284,-0.2310751676559448,-23.494251251220703,0.0056331761141982,-3.146358728408813,-23.494251251220703,0.077553331863435,-2.204991102218628
Zbtb25,0.1390857398509979,0.1874508112668991,0.4663747549057007,0.0200887826727403,2.787689685821533,0.4663747549057007,0.0466581966798283,2.367664098739624,0.4663747549057007,0.1108854926172961,2.0319483280181885
Zbtb1,0.316815435886383,0.3722567558288574,0.2749398648738861,0.019314687967024,2.802178382873535,0.2749398648738861,0.1196034353717019,1.9348726272583008,0.2749398648738861,0.2280186568632217,1.6381089687347412
Hspa2,0.0213140770792961,0.0273922942578792,0.3663657903671264,0.9014740592769312,0.6954660415649414,0.3663657903671264,0.6453008726120012,0.7222946882247925,0.3663657903671264,0.7418362547687432,0.6150150895118713
Plekhg3,0.0053339088335633,0.031038099899888,2.559372663497925,0.4636801884899078,1.275469183921814,2.559372663497925,0.0025850186811205,3.397888422012329,2.559372663497925,0.0051027310023316,3.2332804203033447
Sptb,0.0003030791413038,0.0,-18.20955848693848,0.9888502385877284,0.0673658028244972,-18.20955848693848,0.4679991859106411,-1.0,-18.20955848693848,0.6832027011037286,-0.7008072733879089
Churc1,0.6998810768127441,0.6076567769050598,-0.277576208114624,0.0157728602964079,-2.87469744682312,-0.277576208114624,0.018714395524633,-2.7287306785583496,-0.277576208114624,0.0662258821698723,-2.2738752365112305
Fntb,0.0797061845660209,0.0468167178332805,-0.7916428446769714,0.9888502385877284,-0.0377158895134925,-0.7916428446769714,0.0206952419874101,-2.6909000873565674,-0.7916428446769714,0.0900666819381538,-2.13237738609314
Gpx2,0.0,0.0,0.0,0.9888502385877284,0.1005259156227111,0.0,1.0,0.0,0.0,1.0,0.0
Rab15,0.0,0.0,0.0,0.9888502385877284,0.1005259156227111,0.0,1.0,0.0,0.0,1.0,0.0
Max,0.3107213973999023,0.4379254579544067,0.5925330519676208,4.953202925067315e-05,4.470266342163086,0.5925330519676208,4.845711899933228e-05,4.438022613525391,0.5925330519676208,0.0007484293566978,3.7953908443450928
Fut8,0.1641112565994262,0.4159110784530639,1.5320008993148804,2.042965325827383e-17,8.825517654418945,1.5320008993148804,8.526328177973028e-19,9.421100616455078,1.5320008993148804,2.852852283881912e-15,8.40638542175293
Gphn,0.0703000277280807,0.0694958418607711,-0.0171853918582201,0.6112913990388017,1.0612728595733645,-0.0171853918582201,1.0,-0.0585713870823383,-0.0171853918582201,1.0,-0.0489481687545776
Mpp5,0.0717361345887184,0.0074469973333179,-3.314649820327759,0.309371983791992,-1.5388082265853882,-3.314649820327759,8.152670907113961e-10,-6.529757499694824,-3.314649820327759,1.878933911185029e-05,-4.725963592529297
Atp6v1d,0.3920190930366516,0.4580641388893127,0.2756318747997284,0.0356247522821118,2.57319450378418,0.2756318747997284,0.0678865802128947,2.2025961875915527,0.2756318747997284,0.1563197239892969,1.854767680168152
Eif2s1,0.4371678829193115,0.5833129286766052,0.530429482460022,0.0003888255561765,3.970325469970703,0.530429482460022,3.4676613423257e-05,4.516370296478272,0.530429482460022,0.0005569691005841,3.8758230209350586
Plek2,0.0,0.0,0.0,0.9888502385877284,0.1005259156227111,0.0,1.0,0.0,0.0,1.0,0.0
Tmem229b,0.1247254461050033,0.0993313044309616,-0.3470953702926636,0.9888502385877284,0.1717753410339355,-0.3470953702926636,0.2593140573690068,-1.496624231338501,-0.3470953702926636,0.4138297040307503,-1.234272837638855
Plekhh1,0.0,0.0,0.0,0.9888502385877284,0.1005259156227111,0.0,1.0,0.0,0.0,1.0,0.0
Pigh,0.037006177008152,0.0672467872500419,0.8837027549743652,0.1399366401201637,1.9741467237472532,0.8837027549743652,0.0314602746671124,2.5299627780914307,0.8837027549743652,0.0766135963047427,2.207216024398804
Arg2,0.0,0.0015894471434876,20.601242065429688,0.9888502385877284,0.1678170263767242,20.601242065429688,0.4679991859106411,1.0,20.601242065429688,0.5282133287683867,1.0
Vti1b,0.2124598622322082,0.3486728370189667,0.8175287842750549,1.6467486465090318e-06,5.187241554260254,0.8175287842750549,1.26911752210421e-06,5.227849006652832,0.8175287842750549,3.9304941439577786e-05,4.53663969039917
Rdh11,0.0388337187469005,0.0593400448560714,0.6266094446182251,0.4112748235572882,1.3577719926834106,0.6266094446182251,0.1775815801163872,1.7201669216156006,0.6266094446182251,0.2844374908604827,1.5013725757598877
Rdh12,0.012843944132328,0.0227762348949909,0.8336268067359924,0.92411082562589,0.6672351360321045,0.8336268067359924,0.314428008058318,1.3594698905944824,0.8336268067359924,0.43147132297785,1.1968368291854858
Zfyve26,0.1158676519989967,0.1117222532629966,-0.0556081794202327,0.7533325940515201,0.8760542273521423,-0.0556081794202327,0.9878658816320162,-0.233285367488861,-0.0556081794202327,1.0,-0.195705235004425
Rad51b,0.0033013375941663,0.0267010442912578,3.0326948165893555,0.4201950257945525,1.342984318733215,3.0326948165893555,0.0013094857537517,3.598637342453003,3.0326948165893555,0.0025734887484942,3.446394920349121
Zfp36l1,0.9638752341270448,0.5221243500709534,-1.2421799898147583,1.6751077387547233e-21,-9.844220161437988,-1.2421799898147583,2.9013134210622267e-26,-11.195999145507812,-1.2421799898147583,2.418840436602854e-18,-9.293442726135254
Actn1,0.8019527196884155,0.2658678293228149,-2.0137195587158203,2.5076121460597813e-35,-12.689566612243652,-2.0137195587158203,4.486043708523706e-59,-17.347246170043945,-2.0137195587158203,1.23184800342324e-36,-13.718918800354004
Dcaf5,0.1089942380785942,0.1625722199678421,0.6163516044616699,0.005014949759655,3.250661373138428,0.6163516044616699,0.0138749568629476,2.839782953262329,0.6163516044616699,0.0433937798567491,2.4562129974365234
Exd2,0.0387538112699985,0.0451096780598163,0.2237156629562378,0.7179518784335448,0.9208651781082152,0.2237156629562378,0.7314820707127988,0.5983688235282898,0.2237156629562378,0.8168033947883908,0.5065553188323975
Galnt16,0.0012251148000359,0.0,-20.22537040710449,0.9888502385877284,0.0673658028244972,-20.22537040710449,0.4679991859106411,-1.0,-20.22537040710449,0.6832027011037286,-0.7008072733879089
Erh,0.2751513719558716,0.475690096616745,0.9434830546379088,1.211536608346432e-09,6.448968887329102,0.9434830546379088,4.450202042118818e-11,7.009001731872559,0.9434830546379088,1.441775850051164e-08,6.098560810089111
Slc39a9,0.0799199491739273,0.0819093436002731,0.0369265973567962,0.59675522389334,1.0820351839065552,0.0369265973567962,1.0,0.1364906430244445,0.0369265973567962,1.0,0.1142052859067916
Susd6,0.2503374218940735,0.1461778432130813,-0.8537656664848328,0.2385691213211435,-1.6911654472351074,-0.8537656664848328,5.074630824576879e-06,-4.930337905883789,-0.8537656664848328,0.0004654485342017,-3.9282126426696777
Srsf5,1.7006021738052368,1.3496633768081665,-0.6485505104064941,1.2805326148300924e-27,-11.192133903503418,-0.6485505104064941,3.1832080716874027e-24,-10.730836868286133,-0.6485505104064941,2.412181786289296e-17,-9.00861930847168
Slc10a1,0.011649876832962,0.0035320599563419,-1.7275959253311155,0.9888502385877284,-0.1312960982322693,-1.7275959253311155,0.1310920972032982,-1.8874304294586184,-1.7275959253311155,0.3066495479982661,-1.4529459476470947
Smoc1,0.0,0.0059734932146966,22.514453887939453,0.9888502385877284,0.3696903884410858,22.514453887939453,0.1181377159669506,1.9438767433166504,22.514453887939453,0.1321169363421112,1.9438767433166504
Gm20498,0.0045926258899271,0.0090961614623665,0.989190936088562,0.9888502385877284,0.5038245320320129,0.989190936088562,0.4544021456484794,1.0950499773025513,0.989190936088562,0.5503479740078807,0.9522096514701844
Cox16,0.1174045652151107,0.1845766305923462,0.7024048566818237,0.0017873972601998,3.5588862895965576,0.7024048566818237,0.0027959086414455,3.3668134212493896,0.7024048566818237,0.0128603767740976,2.9212892055511475
Gm4787,0.0023118709214031,0.0012649364070966,-0.8707510232925415,0.9888502385877284,0.1013474464416503,-0.8707510232925415,0.7973750469773041,-0.5052259564399719,-0.8707510232925415,0.8944502991723177,-0.3933135271072387
Adam4,0.014593806117773,0.0033800429664552,-2.1183435916900635,0.9888502385877284,-0.1641574651002884,-2.1183435916900635,0.0575859084184479,-2.2759346961975098,-2.1183435916900635,0.2014028814773304,-1.7146140336990356
Synj2bp,0.4104377627372741,0.4035374522209167,-0.0297753103077411,0.9888502385877284,0.5393745303153992,-0.0297753103077411,0.9874349358585648,-0.2340038567781448,-0.0297753103077411,1.0,-0.1943769305944442
Adam21,0.0,0.0,0.0,0.9888502385877284,0.1005259156227111,0.0,1.0,0.0,0.0,1.0,0.0
Med6,0.0782048851251602,0.1176749095320701,0.6184121966362,0.0547481316363689,2.399925470352173,0.6184121966362,0.0404799304203971,2.4264583587646484,0.6184121966362,0.0963977506156943,2.099600315093994
Map3k9,0.0086566535755991,0.001787283224985,-2.2810001373291016,0.9888502385877284,-0.0648265182971954,-2.2810001373291016,0.1472725972016934,-1.8264877796173096,-2.2810001373291016,0.3470132929568539,-1.3605793714523315
Pcnx,0.1054084300994873,0.0854216441512107,-0.3179633319377899,0.9888502385877284,0.2966485321521759,-0.3179633319377899,0.3779994203687404,-1.2295013666152954,-0.3179633319377899,0.5282133287683867,-1.0159093141555786
Sipa1l1,0.3014763295650482,0.2540713548660278,-0.2825873792171478,0.9888502385877284,-0.0538478344678878,-0.2825873792171478,0.1394499746249602,-1.8548285961151123,-0.2825873792171478,0.2714409993493409,-1.5312867164611816
Dpf3,0.0,0.0,0.0,0.9888502385877284,0.1005259156227111,0.0,1.0,0.0,0.0,1.0,0.0
Dcaf4,0.0529882349073886,0.0693046748638153,0.3991704285144806,0.5169694248431971,1.1937638521194458,0.3991704285144806,0.3750685918262756,1.2355990409851074,0.3991704285144806,0.5119310439974716,1.0628999471664429
Zfyve1,0.0387481115758419,0.0584129653871059,0.6064626574516296,0.4339185402721766,1.321699142456055,0.6064626574516296,0.2005519660763336,1.6480021476745603,0.6064626574516296,0.3128253016344973,1.4381788969039917
Rbm25,1.2014352083206177,1.2004190683364868,-0.0020970285404473,0.6203250786816569,-1.0504435300827026,-0.0020970285404473,1.0,-0.0280543249100446,-0.0020970285404473,1.0,-0.0232651140540838
Psen1,0.1110285967588424,0.1782555729150772,0.7326783537864685,0.0027266460385358,3.4361040592193604,0.7326783537864685,0.0023834390391529,3.415321588516236,0.7326783537864685,0.0109345086384144,2.976857185363769
Numb,0.0916260257363319,0.0746884495019912,-0.3072595000267029,0.8752263063574571,0.7289248704910278,-0.3072595000267029,0.4257250900214208,-1.1435075998306274,-0.3072595000267029,0.5620827945496131,-0.9340803623199464
Riox1,0.1078930646181106,0.1008607298135757,-0.1023985669016838,0.7230328061428369,0.9145916104316713,-0.1023985669016838,0.8505387577226575,-0.4296024441719055,-0.1023985669016838,0.917723902968747,-0.3582538366317749
Acot2,0.1326972544193267,0.1009870693087577,-0.4172874689102173,0.9888502385877284,0.303892970085144,-0.4172874689102173,0.1493178787020141,-1.819468140602112,-0.4172874689102173,0.292030765022802,-1.4850707054138184
Acot1,0.0,0.0012010501231998,20.196733474731445,0.9888502385877284,0.1678170263767242,20.196733474731445,0.4679991859106411,1.0,20.196733474731445,0.5282133287683867,1.0
Acot6,0.0078238639980554,0.0,-22.90509796142578,0.9888502385877284,-0.1315948367118835,-22.90509796142578,0.0230208526604817,-2.6513454914093018,-22.90509796142578,0.1560129816625743,-1.8580821752548216
Dnal1,0.0,0.0,0.0,0.9888502385877284,0.1005259156227111,0.0,1.0,0.0,0.0,1.0,0.0
Pnma1,0.0044285696931183,0.0,-22.081605911254883,0.9888502385877284,-0.0321145206689834,-22.081605911254883,0.1054376622197318,-1.9987365007400515,-22.081605911254883,0.3296030813336131,-1.400729060173035
Elmsan1,0.1805467903614044,0.0578868985176086,-1.73130202293396,0.0207412820217351,-2.7758893966674805,-1.73130202293396,3.6232120683813683e-12,-7.340161323547363,-1.73130202293396,2.0325859955061907e-07,-5.642707824707031
Ptgr2,0.09237652271986,0.1299033463001251,0.5194118022918701,0.0283005559329397,2.6603517532348637,0.5194118022918701,0.0643690167271887,2.2273108959198,0.5194118022918701,0.1430132563631506,1.9000943899154663
Zfp410,0.1263798773288726,0.1564112305641174,0.3297508358955383,0.0612112944257713,2.353620767593384,0.3297508358955383,0.2451670573021291,1.5300462245941162,0.3297508358955383,0.3751103294552596,1.3045635223388672
Fam161b,0.0054757557809352,0.0026642989832907,-1.041331171989441,0.9888502385877284,0.0351766012609005,-1.041331171989441,0.6396274005216089,-0.730344831943512,-1.041331171989441,0.7594933629641417,-0.5885686874389648
Coq6,0.0536334253847599,0.0466267019510269,-0.2070726305246353,0.9275445003620542,0.6623059511184692,-0.2070726305246353,0.7224296710924412,-0.6115791201591492,-0.2070726305246353,0.8203478007137918,-0.501534640789032
Entpd5,0.1248350217938423,0.0908954516053199,-0.4826651513576507,0.9888502385877284,0.3560230433940887,-0.4826651513576507,0.0852540016283959,-2.0987589359283447,-0.4826651513576507,0.2076353932550025,-1.6943522691726685
Bbof1,0.0152161484584212,0.0083435196429491,-0.8718424439430237,0.9888502385877284,0.0350272320210933,-0.8718424439430237,0.409509110658196,-1.1707850694656372,-0.8718424439430237,0.5664568881831061,-0.9273545145988464
Rnf113a2,0.1357862651348114,0.1937462985515594,0.5557879209518433,0.0066045189110316,3.1644749641418457,0.5557879209518433,0.0138154767508973,2.841230869293213,0.5557879209518433,0.0441964680466917,2.44881272315979
Aldh6a1,0.0309802051633596,0.0064080832526087,-2.2911620140075684,0.9888502385877284,-0.562825620174408,-2.2911620140075684,0.001463119228438,-3.5533688068389893,-2.2911620140075684,0.0253923576133226,-2.6747941970825195
Lin52,0.0275451838970184,0.0308833885937929,0.1674505472183227,0.9888502385877284,0.5524443984031677,0.1674505472183227,0.8936121636469071,0.3681612610816955,0.1674505472183227,0.9475433817312164,0.3118006885051727
Abcd4,0.0756823271512985,0.0598634108901023,-0.3498215973377228,0.9888502385877284,0.2224864065647125,-0.3498215973377228,0.4409020343176597,-1.117720365524292,-0.3498215973377228,0.5645181235467356,-0.9302852153778076
Vrtn,0.0,0.0,0.0,0.9888502385877284,0.1005259156227111,0.0,1.0,0.0,0.0,1.0,0.0
Npc2,1.7256357669830322,1.3123841285705566,-0.7657082080841064,1.8893692018096262e-37,-13.071505546569824,-0.7657082080841064,3.397874217836426e-32,-12.54567813873291,-0.7657082080841064,2.5188284751007305e-23,-10.588022232055664
Isca2,0.2149629294872284,0.2910729944705963,0.4945077002048492,0.0007785646602796,3.788691759109497,0.4945077002048492,0.0058038147013056,3.135765314102173,0.4945077002048492,0.0252204544171508,2.674546957015991
Arel1,0.076118379831314,0.1312581151723861,0.8265520930290222,0.0193678201000849,2.8012075424194336,0.8265520930290222,0.0039685649857527,3.2599692344665527,0.8265520930290222,0.0154073408158975,2.856117010116577
Fcf1,0.2865216135978699,0.4212915599346161,0.6591128706932068,2.5965295915299168e-05,4.615677833557129,0.6591128706932068,7.431582336233061e-06,4.859186172485352,0.6591128706932068,0.0001707809895998,4.182713508605957
Ylpm1,0.3096800744533539,0.2615494132041931,-0.2800642848014831,0.9888502385877284,0.1247238293290138,-0.2800642848014831,0.1278854727462119,-1.9005004167556765,-0.2800642848014831,0.2603972603995343,-1.5581485033035278
Prox2,0.0146658821031451,0.0138504793867468,-0.0831174552440643,0.9888502385877284,0.2675214111804962,-0.0831174552440643,1.0,-0.1300044506788253,-0.0831174552440643,1.0,-0.1085685715079307
Dlst,0.24374920129776,0.2874027788639068,0.2705580294132232,0.045195546894178,2.4793155193328857,0.2705580294132232,0.173813735846295,1.73737633228302,0.2705580294132232,0.298132062530477,1.4711185693740845
Rps6kl1,0.0022186255082488,0.0069461087696254,1.6499511003494265,0.9888502385877284,0.3027727007865906,1.6499511003494265,0.3760170890139487,1.2340701818466189,1.6499511003494265,0.4655114560170624,1.1391576528549194
Eif2b2,0.1979961544275283,0.3176369369029999,0.7719129920005798,4.280194899471937e-06,4.99567461013794,0.7719129920005798,9.859660084096094e-06,4.798663139343262,0.7719129920005798,0.0001896499684496,4.156378746032715
Mlh3,0.1085154935717582,0.0405431501567363,-1.4700117111206057,0.5302083996289285,-1.1751673221588137,-1.4700117111206057,4.615307449995632e-06,-4.94896411895752,-1.4700117111206057,0.0006754887001546,-3.8292043209075928
Acyp1,0.3090099096298218,0.1214559823274612,-1.4873597621917725,8.310837218760089e-05,-4.349202156066895,-1.4873597621917725,1.2858384730947754e-15,-8.41568374633789,-1.4873597621917725,6.44136573102107e-10,-6.641361236572266
Zc2hc1c,0.0,0.0,0.0,0.9888502385877284,0.1005259156227111,0.0,1.0,0.0,0.0,1.0,0.0
Nek9,0.1029704734683036,0.1276050209999084,0.3275657892227173,0.1211706444414423,2.0456202030181885,0.3275657892227173,0.2942789202292576,1.4140644073486328,0.3275657892227173,0.4277142416092568,1.2045598030090332
Tmed10,0.5568577647209167,0.6899516582489014,0.4151038825511932,0.0061551278229548,3.186880588531494,0.4151038825511932,0.000287043924069,4.000772476196289,0.4151038825511932,0.0031625719687114,3.3786725997924805
Fos,0.8661784529685974,0.1548422127962112,-3.040366649627685,2.5933436200694655e-44,-14.23255729675293,-3.040366649627685,6.385957162218319e-86,-21.425573348999023,-3.040366649627685,6.052567775582677e-49,-16.40589141845703
Jdp2,0.0022859703749418,0.1316506564617157,5.942121982574463,7.443053617177612e-07,5.341540813446045,5.942121982574463,3.7501650918951964e-16,8.801959037780762,5.942121982574463,6.785398465852556e-16,8.74721622467041
Batf,0.1858251243829727,0.6964855790138245,2.3014795780181885,1.4207495752872302e-46,14.5958251953125,2.3014795780181885,1.7395017609879626e-52,16.920839309692383,2.3014795780181885,8.759181918621177e-45,15.256799697875977
Flvcr2,0.0,0.0,0.0,0.9888502385877284,0.1005259156227111,0.0,1.0,0.0,0.0,1.0,0.0
Erg28,0.2999055683612823,0.4963885843753814,0.87807297706604,1.6072289605062095e-09,6.405203342437744,0.87807297706604,1.272801180399591e-10,6.840322017669678,0.87807297706604,4.7886892015736174e-08,5.887369632720947
Ttll5,0.02713068947196,0.0383376963436603,0.5069659352302551,0.5298565066815597,1.1756901741027832,0.5069659352302551,0.3932896858150307,1.200432062149048,0.5069659352302551,0.5282133287683867,1.0220102071762085
Tgfb3,0.0046430644579231,0.0,-22.149995803833008,0.9888502385877284,-0.0321145206689834,-22.149995803833008,0.1061244379333622,-1.9945124387741089,-22.149995803833008,0.3302961488690877,-1.3977688550949097
Ift43,0.0,0.003962873481214,21.920974731445312,0.9888502385877284,0.3023992776870727,21.920974731445312,0.2243522664936275,1.5853320360183716,21.920974731445312,0.2504199280774102,1.5853320360183716
Gpatch2l,0.0759939327836036,0.0950724855065345,0.3371019065380096,0.4015575522115374,1.37390398979187,0.3371019065380096,0.3909533610763059,1.204494595527649,0.3371019065380096,0.5264924593300405,1.0396935939788818
Vash1,0.0,0.0,0.0,0.9888502385877284,0.1005259156227111,0.0,1.0,0.0,0.0,1.0,0.0
Angel1,0.0121414214372634,0.0136914821341633,0.1744618117809295,0.9888502385877284,0.4012074470520019,0.1744618117809295,0.9630164630742322,0.2686769962310791,0.1744618117809295,1.0,0.2258925288915634
Irf2bpl,0.3112553656101227,0.1705950945615768,-0.9730574488639832,0.0198391293934042,-2.792170763015747,-0.9730574488639832,2.5844618157680148e-08,-5.943382263183594,-0.9730574488639832,1.4207200285446353e-05,-4.769279003143311
Cipc,0.1005016639828682,0.0397357307374477,-1.3830561637878418,0.4541610192474286,-1.289958119392395,-1.3830561637878418,2.6677150587293847e-05,-4.56732177734375,-1.3830561637878418,0.001666310659731,-3.5734572410583496
Ngb,0.0,0.0,0.0,0.9888502385877284,0.1005259156227111,0.0,1.0,0.0,0.0,1.0,0.0
Pomt2,0.0097909979522228,0.0146638629958033,0.5862594842910767,0.9888502385877284,0.4029998779296875,0.5862594842910767,0.5826637746033427,0.816757082939148,0.5862594842910767,0.6832027011037286,0.7136734127998352
Gstz1,0.0383444055914878,0.0167823936790227,-1.2076928615570068,0.9888502385877284,-0.1833515018224716,-1.2076928615570068,0.0226948109029099,-2.655454635620117,-1.2076928615570068,0.1051297362802135,-2.059037446975708
Tmed8,0.0416388697922229,0.0517386384308338,0.3206532895565033,0.5036877462087701,1.2125097513198853,0.3206532895565033,0.5302793181588342,0.8969218730926514,0.3206532895565033,0.6759977076203407,0.7618335485458374
Samd15,0.0065304883755743,0.0029497921932488,-1.1491622924804688,0.9888502385877284,0.0355500243604183,-1.1491622924804688,0.4679991859106411,-1.025801420211792,-1.1491622924804688,0.6433815719505225,-0.8090516924858093
Noxred1,0.0,0.0016941408393904,20.69334602355957,0.9888502385877284,0.1678170263767242,20.69334602355957,0.4679991859106411,1.0,20.69334602355957,0.5282133287683867,1.0
Vipas39,0.0733508914709091,0.0734909698367118,0.0028548659756779,0.7829282611445391,0.8408775925636292,0.0028548659756779,1.0,0.009889330714941,0.0028548659756779,1.0,0.0083230519667267
Ahsa1,0.416020780801773,0.515617847442627,0.3870481550693512,0.0115379321781192,2.982692003250122,0.3870481550693512,0.0031933706948878,3.324155330657959,0.3870481550693512,0.0182060489406718,2.7961442470550537
Ism2,0.0,0.0,0.0,0.9888502385877284,0.1005259156227111,0.0,1.0,0.0,0.0,1.0,0.0
Sptlc2,0.1836642920970916,0.3563028872013092,1.086161494255066,6.739031106710233e-11,6.891850471496582,1.086161494255066,6.463320588151699e-11,6.953202247619629,1.086161494255066,1.6879781256878622e-08,6.071460723876953
Alkbh1,0.3023053705692291,0.2942705452442169,-0.0449475273489952,0.7227818570241697,0.9150397181510924,-0.0449475273489952,0.943666175323107,-0.2968898117542267,-0.0449475273489952,0.988738746459099,-0.2489046305418014
Slirp,0.1754516065120697,0.3209677338600158,0.980660080909729,2.519453970210688e-08,5.952089786529541,0.980660080909729,2.42034392024118e-08,5.977270126342773,0.980660080909729,1.5342811694289388e-06,5.231864929199219
Snw1,0.5265430808067322,0.7200482487678528,0.605531632900238,1.6809204319329116e-05,4.711125373840332,0.605531632900238,2.8811643427186256e-08,5.933661460876465,0.605531632900238,4.8932112183749474e-06,4.9941606521606445
Gm2001,0.0,0.0,0.0,0.9888502385877284,0.1005259156227111,0.0,1.0,0.0,0.0,1.0,0.0
Adck1,0.0536996871232986,0.0599023625254631,0.1622159332036972,0.6238329843698459,1.046186447143555,0.1622159332036972,0.801253002374524,0.4998906552791595,0.1622159332036972,0.8744219329725064,0.4225032329559326
Dio2,0.0010467170504853,0.0020907081197947,0.9988727569580078,0.9888502385877284,0.1345822364091873,0.9988727569580078,0.8385247941142936,0.4465140104293823,0.9988727569580078,0.8854720040660781,0.4063155949115753
Cep128,0.0409953705966472,0.0361528694629669,-0.1848667412996292,0.952192654082454,0.630191445350647,-0.1848667412996292,0.8166979512231851,-0.4780831634998321,-0.1848667412996292,0.8946159960983191,-0.3927766382694244
Tshr,0.0,0.0007415512227453,19.50072288513184,0.9888502385877284,0.1678170263767242,19.50072288513184,0.4679991859106411,1.0,19.50072288513184,0.5282133287683867,1.0
Gtf2a1,0.1627919226884842,0.1657737642526626,0.0283963102847337,0.4061197347320961,1.3662114143371582,0.0283963102847337,1.0,0.1447847187519073,0.0283963102847337,1.0,0.1218016222119331
Ston2,0.0,0.0044926200062036,22.102367401123047,0.9888502385877284,0.3023992776870727,22.102367401123047,0.1831320865950928,1.7029813528060913,22.102367401123047,0.2051039597017437,1.7029813528060913
Sel1l,0.1458834260702133,0.1552956402301788,0.0971613228321075,0.2389210904089735,1.6901198625564575,0.0971613228321075,0.8173772123369202,0.4771209955215454,0.0971613228321075,0.8893158795133155,0.4005959331989288
Galc,0.0285546649247407,0.0414998196065425,0.5487709045410156,0.693063316883272,0.953950583934784,0.5487709045410156,0.3899610438903075,1.2065335512161257,0.5487709045410156,0.5252508416619674,1.041651487350464
Gpr65,0.1492843478918075,0.3174754083156585,1.2146204710006714,2.375632140976509e-09,6.343289852142334,1.2146204710006714,2.1061440498732564e-10,6.777562618255615,1.2146204710006714,2.1465401140465008e-08,6.031617641448975
Kcnk10,0.0,0.0008873788174241,19.75983238220215,0.9888502385877284,0.1678170263767242,19.75983238220215,0.4679991859106411,1.0,19.75983238220215,0.5282133287683867,1.0
Spata7,0.0084933722391724,0.0155878495424985,0.8811402916908264,0.9888502385877284,0.4372802376747131,0.8811402916908264,0.4364023952425099,1.1260507106781006,0.8811402916908264,0.5282133287683867,1.013015866279602
Ptpn21,0.0141766294836997,0.0222235526889562,0.6543969511985779,0.9888502385877284,0.5664851665496826,0.6543969511985779,0.4613053131257039,1.0833085775375366,0.6543969511985779,0.5558265900090111,0.9437271356582642
Zc3h14,0.2404960095882415,0.2704706490039825,0.1920008212327957,0.0684695980159708,2.3061211109161377,0.1920008212327957,0.3802306680150464,1.2252928018569946,0.1920008212327957,0.5282133287683867,1.0333164930343628
Eml5,0.1429410129785537,0.0439300090074539,-1.7746747732162476,0.0866192841175304,-2.200591325759888,-1.7746747732162476,4.460368748865132e-10,-6.6151442527771,-1.7746747732162476,4.115398841372449e-06,-5.044589519500732
Ttc8,0.0090754171833395,0.0019006768707185,-2.2606303691864014,0.9888502385877284,-0.0979119390249252,-2.2606303691864014,0.1230218338712768,-1.9198098182678225,-2.2606303691864014,0.3106553750665685,-1.4437841176986694
Foxn3,0.4482095837593078,0.8705042004585266,1.2955104112625122,3.6288458498821205e-26,10.887120246887209,1.2955104112625122,4.107802762088835e-30,12.136242866516112,1.2955104112625122,1.0196269201528998e-22,10.431585311889648
Efcab11,0.0075934156775474,0.0125742526724934,0.7312507033348083,0.9888502385877284,0.5371339917182922,0.7312507033348083,0.4963002733948342,0.952608287334442,0.7312507033348083,0.6280180506214589,0.8319025635719299
Tdp1,0.0495692193508148,0.0470371842384338,-0.0774840638041496,0.8695991811503558,0.7360946536064148,-0.0774840638041496,0.993883425707902,-0.22486113011837,-0.0774840638041496,1.0,-0.1864249408245086
Psmc1,0.1831334680318832,0.3343918621540069,0.982454001903534,6.80531351633732e-08,5.779269218444824,0.982454001903534,1.3930841168276048e-08,6.072590827941895,0.982454001903534,1.1209041469964086e-06,5.294221878051758
Nrde2,0.0884278491139411,0.0880793705582618,-0.0059517337940633,0.5452709368055617,1.1529111862182615,-0.0059517337940633,1.0,-0.02282758615911,-0.0059517337940633,1.0,-0.0190688278526067
Calm1,1.925859451293945,2.609956979751587,1.104019045829773,6.61619909548995e-83,19.521221160888672,1.104019045829773,6.008766517259374e-89,22.198869705200195,1.104019045829773,9.836940409389452e-61,18.23092269897461
Ttc7b,0.0516502149403095,0.0946561992168426,0.9053232073783876,0.0486560963728625,2.448993444442749,0.9053232073783876,0.0090805197003682,2.988661766052246,0.9053232073783876,0.0285962696551588,2.625868082046509
Rps6ka5,0.0451577119529247,0.0804433375597,0.8587201833724976,0.0842256622137465,2.213063716888428,0.8587201833724976,0.0229678587315848,2.6529836654663086,0.8587201833724976,0.0594029249455031,2.3216116428375244
Dglucy,0.0321453660726547,0.0076781311072409,-2.083491563796997,0.9888502385877284,-0.5316073298454285,-2.083491563796997,0.0020986458529439,-3.44820237159729,-2.083491563796997,0.0291848368942822,-2.6198103427886963
Gpr68,0.1380579471588134,0.2282904237508773,0.7926715612411499,0.0001706583965631,4.17690372467041,0.7926715612411499,0.0002534219752832,4.035589218139648,0.7926715612411499,0.0020418458432288,3.5105857849121094
Ccdc88c,0.6456466913223267,0.6250544190406799,-0.0631796866655349,0.6675964796175835,-0.9880068898200988,-0.0631796866655349,0.7279066894058707,-0.6033003330230713,-0.0631796866655349,0.8166289410018843,-0.5068732500076294
Ppp4r3a,0.3847460746765136,0.419760137796402,0.1526047140359878,0.2244744778200309,1.7249977588653564,0.1526047140359878,0.3960361232992126,1.1952972412109375,0.1526047140359878,0.5282133287683867,1.004516363143921
Tc2n,0.0,0.0,0.0,0.9888502385877284,0.1005259156227111,0.0,1.0,0.0,0.0,1.0,0.0
Trip11,0.4822683036327362,0.5780473351478577,0.3365179002285003,0.018591012583381,2.815995216369629,0.3365179002285003,0.0115478443268796,2.90356183052063,0.3365179002285003,0.042940808340269,2.460444450378418
Atxn3,0.0690080299973487,0.0876135677099227,0.3579863011837005,0.2386700937935079,1.6907920837402344,0.3579863011837005,0.3630807292728217,1.2591933012008667,0.3579863011837005,0.50576705341236,1.0723729133605957
Ndufb1-ps,0.7155466675758362,1.2308369874954224,1.2135227918624878,2.510773256137937e-35,12.689268112182615,1.2135227918624878,5.535634692258601e-46,15.22582721710205,1.2135227918624878,5.041685910881405e-32,12.622551918029783
Cpsf2,0.1778642833232879,0.3716126084327698,1.2091730833053589,3.399710030131232e-11,6.991256237030029,1.2091730833053589,9.13156104277682e-13,7.593986511230469,1.2091730833053589,4.0185752109125307e-10,6.700027942657471
Rin3,0.1227575615048408,0.231952428817749,0.999111533164978,1.7971124145183697e-05,4.696337699890137,0.999111533164978,2.6447758875752946e-06,5.081973552703857,0.999111533164978,4.7821936837968965e-05,4.4915547370910645
Lgmn,0.0021506340708583,0.0009144817013293,-1.2346270084381104,0.9888502385877284,0.1013474464416503,-1.2346270084381104,0.6626395050080944,-0.6966094374656677,-1.2346270084381104,0.8052720343040489,-0.5249471068382263
Golga5,0.1097116321325302,0.1127307638525962,0.0413829423487186,0.3036796576137701,1.5498616695404053,0.0413829423487186,1.0,0.1816035658121109,0.0413829423487186,1.0,0.1514533311128616
Chga,0.0023525208234786,0.0,-21.1674747467041,0.9888502385877284,0.0342056974768638,-21.1674747467041,0.2942789202292576,-1.411974310874939,-21.1674747467041,0.5299909986835808,-0.989521861076355
Itpk1,0.0987743958830833,0.2420414835214615,1.3993239402770996,9.337147600114729e-09,6.119832515716553,1.3993239402770996,9.635280418940801e-11,6.90183687210083,1.3993239402770996,1.0885798343383932e-08,6.149989604949951
Gm28051,0.0,0.0,0.0,0.9888502385877284,0.1005259156227111,0.0,1.0,0.0,0.0,1.0,0.0
Gm20604,0.0259450674057006,0.0312449634075164,0.272004634141922,0.697851825846769,0.9479011297225952,0.272004634141922,0.7195126739140998,0.6158798933029175,0.272004634141922,0.8109839661855307,0.5157178044319153
Moap1,0.0010047655086964,0.0,-19.93915367126465,0.9888502385877284,0.0673658028244972,-19.93915367126465,0.4679991859106411,-1.0,-19.93915367126465,0.6832027011037286,-0.7008072733879089
Tmem251,0.1872067004442215,0.2084675282239914,0.1710321605205536,0.1590398964666718,1.909096121788025,0.1710321605205536,0.4878447288227418,0.9665921926498412,0.1710321605205536,0.6352155724659526,0.82093346118927
Gon7,0.0920129343867302,0.1563437581062317,0.8121781349182129,0.0011945121864486,3.672257900238037,0.8121781349182129,0.0014784497995506,3.55525279045105,0.8121781349182129,0.0075330663293231,3.102177858352661
Ubr7,0.1083510816097259,0.1651919782161712,0.6503663659095764,0.0040726458967182,3.314293146133423,0.6503663659095764,0.0095674805294695,2.9700822830200195,0.6503663659095764,0.0327543336620217,2.572391986846924
Btbd7,0.2563573122024536,0.24115651845932,-0.0996053293347358,0.9574332095429452,0.6237685084342957,-0.0996053293347358,0.7335085953384404,-0.5953989624977112,-0.0996053293347358,0.8207625903368861,-0.5009231567382812
Unc79,0.0,0.0025665161665529,21.293231964111328,0.9888502385877284,0.1678170263767242,21.293231964111328,0.4679991859106411,1.0,21.293231964111328,0.5282133287683867,1.0
Asb2,0.0,0.0035958474036306,21.780494689941406,0.9888502385877284,0.2351081520318985,21.780494689941406,0.3015594358539413,1.3909502029418943,21.780494689941406,0.3327003199178021,1.3909502029418943
Otub2,0.0010280378628522,0.0053146556019783,2.373175382614136,0.9888502385877284,0.2691644728183746,2.373175382614136,0.3551171916257917,1.2757352590560913,2.373175382614136,0.4230657283198212,1.2180345058441162
Ddx24,0.7839456796646118,0.9761883020401,0.4751590490341186,7.789773189875779e-05,4.363840103149414,0.4751590490341186,1.8061939653627045e-07,5.596220016479492,0.4751590490341186,2.3492382312507632e-05,4.654962539672852
Ifi27,0.8326666355133057,0.7586262226104736,-0.1947673708200454,0.0588633540963146,-2.370051383972168,-0.1947673708200454,0.1202700890941989,-1.93232262134552,-0.1947673708200454,0.2226933117958933,-1.6530349254608154
Ifi27l2a,1.4072719812393188,2.934520959854126,2.52964186668396,1.0830136681518489e-109,22.47396469116211,2.52964186668396,5.844516318225577e-111,26.702533721923828,2.52964186668396,1.3865732437044943e-92,23.44029998779297
Ifi27l2b,0.0,0.0,0.0,0.9888502385877284,0.1005259156227111,0.0,1.0,0.0,0.0,1.0,0.0
Ppp4r4,0.0009651731234043,0.0,-19.881126403808597,0.9888502385877284,0.0673658028244972,-19.881126403808597,0.4679991859106411,-1.0,-19.881126403808597,0.6832027011037286,-0.7008072733879089
Serpina11,0.0,0.0,0.0,0.9888502385877284,0.1005259156227111,0.0,1.0,0.0,0.0,1.0,0.0
Serpina9,0.0,0.0,0.0,0.9888502385877284,0.1005259156227111,0.0,1.0,0.0,0.0,1.0,0.0
Serpina12,0.0,0.0,0.0,0.9888502385877284,0.1005259156227111,0.0,1.0,0.0,0.0,1.0,0.0
Serpina3f,0.0026631888467818,0.0239495635032653,3.1841611862182617,0.6787561117616673,0.9744889140129088,3.1841611862182617,0.0068285387918987,3.089339017868042,3.1841611862182617,0.0110697101813138,2.9764204025268555
Serpina3g,0.0172962509095668,0.1198706105351448,2.867784023284912,0.0014904583067558,3.610568046569824,2.867784023284912,4.919981990883791e-08,5.88083028793335,2.867784023284912,2.673115761172883e-07,5.590259552001953
Dicer1,0.3075531125068664,0.246159166097641,-0.3675712943077087,0.9888502385877284,-0.3215932846069336,-0.3675712943077087,0.0381418805799044,-2.4498369693756104,-0.3675712943077087,0.1167210429393151,-2.0067131519317627
Clmn,0.0,0.0,0.0,0.9888502385877284,0.1005259156227111,0.0,1.0,0.0,0.0,1.0,0.0
Syne3,0.0096613559871912,0.0438626371324062,2.2074759006500244,0.1713075632467175,1.871604323387146,2.2074759006500244,0.0003079837724305,3.992920637130737,2.2074759006500244,0.0010333870837072,3.7103755474090576
Glrx5,0.4615148305892944,0.5119323134422302,0.1888831853866577,0.3790145358704682,1.4109476804733276,0.1888831853866577,0.183835874360302,1.6981807947158811,0.1888831853866577,0.3231516083894172,1.417094111442566
Bdkrb1,0.0011487907031551,0.0017043298576027,0.5694890022277832,0.9888502385877284,0.1345822364091873,0.5694890022277832,0.9618941092138236,0.2702894210815429,0.5694890022277832,0.9976531504669964,0.2349292337894439
Atg2b,0.0599779523909091,0.0456966012716293,-0.4027376472949981,0.9888502385877284,0.1995581239461898,-0.4027376472949981,0.3972804998753143,-1.1931321620941162,-0.4027376472949981,0.536029528294902,-0.97512948513031
Gskip,0.1035509333014488,0.2367279231548309,1.2916786670684814,8.430415424388867e-08,5.7420759201049805,1.2916786670684814,3.287416682390511e-09,6.329030990600586,1.2916786670684814,1.951727410728113e-07,5.633193492889404
Ak7,0.0,0.0,0.0,0.9888502385877284,0.1005259156227111,0.0,1.0,0.0,0.0,1.0,0.0
Papola,0.5827176570892334,0.5910086631774902,0.0269448421895504,0.9888502385877284,-0.1847705096006393,0.0269448421895504,0.9721904566834548,0.2558423280715942,0.0269448421895504,1.0,0.2127902656793594
Vrk1,0.2025293260812759,0.1701547801494598,-0.2753613293170929,0.9888502385877284,0.389407217502594,-0.2753613293170929,0.245762838605667,-1.5283349752426147,-0.2753613293170929,0.3981280460274904,-1.2622146606445312
Bcl11b,1.4532703161239624,0.8399789333343506,-1.3159024715423584,8.931639489051285e-50,-15.094271659851074,-1.3159024715423584,1.869317604194994e-52,-16.400442123413086,-1.3159024715423584,9.55135235350011e-37,-13.6242036819458
Setd3,0.1886851787567138,0.2767413854598999,0.6185375452041626,0.0001321529548845,4.23978853225708,0.6185375452041626,0.0006310639892338,3.793357133865357,0.6185375452041626,0.0048354963156705,3.246095657348633
Ccnk,0.1134034916758537,0.2173889428377151,1.0158898830413818,2.2411517370708296e-05,4.648613929748535,1.0158898830413818,4.032265296310453e-06,4.993259429931641,1.0158898830413818,7.056886379474784e-05,4.398844242095947
Ccdc85c,0.0033673949074,0.0014257963048294,-1.2412656545639038,0.9888502385877284,0.0681126564741134,-1.2412656545639038,0.5903073071133964,-0.8046877980232239,-1.2412656545639038,0.7372204738726228,-0.6218814253807068
Eml1,0.0,0.0020508081652224,20.969242095947266,0.9888502385877284,0.2351081520318985,20.969242095947266,0.3127441182090005,1.3642802238464355,20.969242095947266,0.3454189901541472,1.3642802238464355
Evl,1.0782997608184814,0.263566255569458,-2.6852827072143555,4.232251121623181e-74,-18.449342727661133,-2.6852827072143555,8.737956622933051e-120,-26.236160278320312,-2.6852827072143555,1.3626547415225562e-73,-20.77228355407715
Degs2,0.019009742885828,0.0100970985367894,-0.9192427396774292,0.9888502385877284,-0.0666189566254615,-0.9192427396774292,0.2897592202827315,-1.428583025932312,-0.9192427396774292,0.4626166062706924,-1.1443045139312744
Yy1,0.6291122436523438,0.7397621870040894,0.3225955069065094,0.0285359415182314,2.657140254974365,0.3225955069065094,0.0039995848303074,3.255188465118408,0.3225955069065094,0.0208906888374917,2.7458930015563965
Slc25a29,0.0125366384163498,0.0047253323718905,-1.4133055210113523,0.9888502385877284,-0.0979119390249252,-1.4133055210113523,0.1787251648094891,-1.7160313129425049,-1.4133055210113523,0.3598207301148704,-1.3341970443725586
Slc25a47,0.0035053335595875,0.0052858893759548,0.5938798189163208,0.9888502385877284,0.2022467851638794,0.5938798189163208,0.8124445332844256,0.4847369790077209,0.5938798189163208,0.8747462484577505,0.4219115674495697
Wars,0.1137249544262886,0.239993467926979,1.171212911605835,3.001390562774744e-07,5.51339054107666,1.171212911605835,5.417643438899986e-08,5.836328506469727,1.171212911605835,2.0946978085937067e-06,5.168774127960205
Wdr25,0.0109893223270773,0.0199583526700735,0.8673763871192932,0.8958056134410003,0.7024864554405212,0.8673763871192932,0.3113524451855498,1.366565227508545,0.8673763871192932,0.4284492407554091,1.2031714916229248
Begain,0.0021467437036335,0.0,-21.035268783569336,0.9888502385877284,0.0342056974768638,-21.035268783569336,0.2952639131729832,-1.4055228233337402,-21.035268783569336,0.5308695876200127,-0.9850005507469176
Ppp2r5c,0.3677584826946258,0.5906835794448853,0.8572255373001099,9.862594045008648e-11,6.834492206573486,0.8572255373001099,5.785265321984533e-11,6.960383415222168,0.8572255373001099,3.16565965785717e-08,5.960768699645996
Dync1h1,0.3616721332073211,0.300140231847763,-0.3158749639987945,0.9888502385877284,-0.5240641236305237,-0.3158749639987945,0.0591482205823752,-2.2645421028137207,-0.3158749639987945,0.1535779084014834,-1.8639236688613887
1700001K19Rik,0.0,0.0,0.0,0.9888502385877284,0.1005259156227111,0.0,1.0,0.0,0.0,1.0,0.0
Hsp90aa1,1.1507359743118286,1.3636101484298706,0.4297826588153839,6.211217549333466e-05,4.41806173324585,0.4297826588153839,1.651711959885065e-06,5.171411991119385,0.4297826588153839,6.484927034216059e-05,4.418967247009277
Wdr20,0.1463994085788726,0.1989876329898834,0.4817948341369629,0.0069017919670087,3.1509571075439453,0.4817948341369629,0.0315079051597853,2.5287485122680664,0.4817948341369629,0.084015590498573,2.163336038589477
Mok,0.0,0.0,0.0,0.9888502385877284,0.1005259156227111,0.0,1.0,0.0,0.0,1.0,0.0
Zfp839,0.0167090315371751,0.0287361573427915,0.7909476161003113,0.8962982482534504,0.701664924621582,0.7909476161003113,0.2826478217400643,1.4448598623275757,0.7909476161003113,0.3865237563488951,1.2828792333602903
Cinp,0.1017162576317787,0.1448840349912643,0.5421268343925476,0.0074553250312386,3.125863075256348,0.5421268343925476,0.0343758889794193,2.4934213161468506,0.5421268343925476,0.0908774412509725,2.1274874210357666
Tecpr2,0.030790152028203,0.0129966018721461,-1.2572166919708252,0.9888502385877284,-0.1081437766551971,-1.2572166919708252,0.0398093665157742,-2.4313864707946777,-1.2572166919708252,0.1531980866983721,-1.8661967515945437
Ankrd9,0.0206511542201042,0.065313309431076,1.693602442741394,0.1027908509393648,2.123143196105957,1.693602442741394,0.0005895717909096,3.818361282348633,1.693602442741394,0.0021542578844335,3.495709180831909
Rcor1,0.2343377023935318,0.1832950711250305,-0.3925208151340484,0.9888502385877284,-0.1131476685404777,-0.3925208151340484,0.0553042386156344,-2.294246196746826,-0.3925208151340484,0.1493393468040279,-1.8787270784378047
4930595D18Rik,0.0,0.0050987810827791,22.285400390625,0.9888502385877284,0.3023992776870727,22.285400390625,0.177076038729684,1.7246955633163452,22.285400390625,0.1982523645954164,1.7246955633163452
Traf3,0.1367010921239853,0.0882919803261756,-0.6662447452545166,0.9888502385877284,-0.442508190870285,-0.6662447452545166,0.0128650231102907,-2.8638339042663574,-0.6662447452545166,0.0603616550849619,-2.3151602745056152
Amn,0.0,0.0008831589948385,19.752952575683597,0.9888502385877284,0.1678170263767242,19.752952575683597,0.4679991859106411,1.0,19.752952575683597,0.5282133287683867,1.0
Cdc42bpb,0.0,0.0,0.0,0.9888502385877284,0.1005259156227111,0.0,1.0,0.0,0.0,1.0,0.0
Lbhd2,0.0,0.0327895991504192,24.99045181274414,0.5290212840492334,1.1771838665008545,24.99045181274414,0.0005733327193554,3.837148666381836,24.99045181274414,0.0006834816367556,3.837148666381836
Tnfaip2,0.0,0.0,0.0,0.9888502385877284,0.1005259156227111,0.0,1.0,0.0,0.0,1.0,0.0
Eif5,1.0306302309036257,0.8211984038352966,-0.5017800331115723,1.1154980753087447e-09,-6.462262630462647,-0.5017800331115723,5.1438607812234834e-08,-5.829858779907227,-0.5017800331115723,7.702399613814856e-06,-4.897807598114014
Mark3,0.2833117544651031,0.3182926774024963,0.1944599002599716,0.0684496145086415,2.306419849395752,0.1944599002599716,0.3473750804631251,1.2906856536865234,0.1944599002599716,0.4979275160066488,1.0850273370742798
Ckb,0.0177038367837667,0.0318847708404064,0.8590767979621887,0.7612454309006002,0.8657476902008057,0.8590767979621887,0.2237419731229789,1.5859612226486206,0.8590767979621887,0.3275922099227283,1.4042162895202637
Trmt61a,0.0763617604970932,0.0393757112324237,-0.982481837272644,0.9888502385877284,-0.3332441449165344,-0.982481837272644,0.0065263300467767,-3.0949182510375977,-0.982481837272644,0.0454387651792548,-2.4379162788391118
Bag5,0.1520425677299499,0.1744268983602523,0.2147331237792968,0.0848602990150279,2.2096283435821533,0.2147331237792968,0.4319577571607885,1.133211970329285,0.2147331237792968,0.5501596604132211,0.9528999924659728
Apopt1,0.2678143978118896,0.3764630854129791,0.5738487839698792,0.0001591142139742,4.19408130645752,0.5738487839698792,0.0003029791936761,3.9884591102600098,0.5738487839698792,0.0026619901640119,3.430166244506836
Klc1,0.0909988135099411,0.1628921777009964,0.8929545283317566,0.0015693824106915,3.595855236053467,0.8929545283317566,0.0005192659168099,3.848228931427002,0.8929545283317566,0.0031480232137764,3.380047559738159
Xrcc3,0.0010699173435568,0.0046097231097519,2.109734296798706,0.9888502385877284,0.3362315595149994,2.109734296798706,0.3448998296829669,1.2969716787338257,2.109734296798706,0.4277142416092568,1.2046103477478027
Zfyve21,0.0156963262706995,0.0240650735795497,0.6225705146789551,0.9008361345073826,0.6963622570037842,0.6225705146789551,0.4288081118003325,1.139001488685608,0.6225705146789551,0.5306960534645491,0.9851535558700562
Ppp1r13b,0.1547280699014663,0.0617605037987232,-1.3932499885559082,0.1685084668374135,-1.879819631576538,-1.3932499885559082,5.4389495609446936e-08,-5.807837009429932,-1.3932499885559082,4.5728055641038726e-05,-4.509857654571533
Atp5mpl,0.9742400050163268,1.1143864393234253,0.3122775852680206,0.0173886913393945,2.840193033218384,0.3122775852680206,0.0003139620034682,3.976285696029663,0.3122775852680206,0.003819544763329,3.3207480907440186
Inf2,0.0811381191015243,0.0845274925231933,0.0615189783275127,0.4411321599517231,1.3110191822052002,0.0615189783275127,0.9920446182638516,0.2277867347002029,0.0615189783275127,1.0,0.1903991550207138
Adssl1,0.0023135810624808,0.0246438179165124,3.4291698932647705,0.6266976144892747,1.041481375694275,3.4291698932647705,0.0026853435632345,3.38797378540039,3.4291698932647705,0.0043752974916386,3.284506559371948
Siva1,0.2017403692007064,0.4001243710517883,1.1382179260253906,3.2784099181518296e-10,6.65338134765625,1.1382179260253906,8.328672314122701e-12,7.2739763259887695,1.1382179260253906,1.8282719943926718e-09,6.4516801834106445
Akt1,0.2122052758932113,0.4404816925525665,1.227226495742798,1.0521171912813483e-13,7.783514022827148,1.227226495742798,1.9719515858814946e-15,8.426552772521973,1.227226495742798,5.071637028031125e-12,7.369793891906738
Zbtb42,0.0088362321257591,0.0220929346978664,1.3316692113876345,0.8403780493701161,0.770449697971344,1.3316692113876345,0.1181161614783651,1.942243218421936,1.3316692113876345,0.1859648252260227,1.7611727714538574
Cep170b,0.0091885989531874,0.0201000906527042,1.1371749639511108,0.7861735064254374,0.8356496691703796,1.1371749639511108,0.1700062873348369,1.7500035762786863,1.1371749639511108,0.2650940421997441,1.545831322669983
Pld4,0.0008568071061745,0.0051097422838211,2.5792760848999023,0.9888502385877284,0.2693138420581817,2.5792760848999023,0.3088802541562062,1.3727911710739136,2.5792760848999023,0.3663020911298464,1.3214269876480105
Ahnak2,0.0,0.0,0.0,0.9888502385877284,0.1005259156227111,0.0,1.0,0.0,0.0,1.0,0.0
Clba1,0.0009132024715654,0.0,-19.80123519897461,0.9888502385877284,0.0673658028244972,-19.80123519897461,0.4679991859106411,-1.0,-19.80123519897461,0.6832027011037286,-0.7008072733879089
Cdca4,0.1267690062522888,0.1751255393028259,0.5019463896751404,0.0058728675035417,3.201967000961304,0.5019463896751404,0.033403021706424,2.5051393508911133,0.5019463896751404,0.0896604799785101,2.133797407150269
Gpr132,0.2529721558094024,0.1716526448726654,-0.620220422744751,0.4222510283818741,-1.339922308921814,-0.620220422744751,0.0009788337021125,-3.668588876724243,-0.620220422744751,0.0108793115798532,-2.979501247406006
Jag2,0.0033041739370673,0.0014579956186935,-1.1816349029541016,0.9888502385877284,0.0681126564741134,-1.1816349029541016,0.6140699960395217,-0.7689982056617737,-1.1816349029541016,0.753565198340157,-0.597944438457489
Nudt14,0.1297407299280166,0.1214423477649688,-0.1014710962772369,0.8045894397609176,0.8145884871482849,-0.1014710962772369,0.8224225600093521,-0.469488650560379,-0.1014710962772369,0.89509588091767,-0.3918494284152984
Brf1,0.1358116418123245,0.1222391054034233,-0.1619023233652115,0.6916245727375686,0.955817699432373,-0.1619023233652115,0.6228000699136035,-0.7555637955665588,-0.1619023233652115,0.7346407990426316,-0.6253533363342285
Btbd6,0.0640364214777946,0.0684630498290062,0.0996612161397934,0.609904182964834,1.063364028930664,0.0996612161397934,0.9210102354960716,0.3292326927185058,0.0996612161397934,0.9698199514985538,0.2783092260360718
Pacs2,0.0848998427391052,0.0604634955525398,-0.5075382590293884,0.9888502385877284,0.3708853423595428,-0.5075382590293884,0.1526063276490781,-1.806864619255066,-0.5075382590293884,0.3025720764722865,-1.461819767951965
Tex22,0.0,0.0,0.0,0.9888502385877284,0.1005259156227111,0.0,1.0,0.0,0.0,1.0,0.0
Mta1,0.2051856517791748,0.2347557097673416,0.2163422703742981,0.0992019475835511,2.139275074005127,0.2163422703742981,0.3568254382700375,1.2711772918701172,0.2163422703742981,0.5029462609805968,1.0770747661590576
Crip2,0.0033046277239918,0.0326379351317882,3.3252124786376958,0.462809768764835,1.276813507080078,3.3252124786376958,0.0012598215462637,3.611522436141968,3.3252124786376958,0.0020809548006241,3.512625932693481
Crip1,1.6420599222183228,3.0679893493652344,2.2988622188568115,1.9939254616380313e-156,26.869844436645508,2.2988622188568115,1.7878082047513412e-218,40.18397521972656,2.2988622188568115,6.490348262712682e-149,32.878074645996094
Tedc1,0.0138701358810067,0.0375942513346672,1.455716848373413,0.3479779368004725,1.4677082300186155,1.455716848373413,0.0176020336936358,2.7543745040893555,1.455716848373413,0.039195005839951,2.4991254806518555
Tmem121,0.0011985129676759,0.0042222053743898,1.8189324140548704,0.9888502385877284,0.2690151035785675,1.8189324140548704,0.4679991859106411,1.067774534225464,1.8189324140548704,0.5327580243559252,0.9806418418884276
Igha,0.0,0.0013060632627457,20.317737579345703,0.9888502385877284,0.1678170263767242,20.317737579345703,0.4679991859106411,1.0,20.317737579345703,0.5282133287683867,1.0
Ighg2c,0.0010003033094108,0.0103825582191348,3.382425546646118,0.9888502385877284,0.4038960933685303,3.382425546646118,0.1219944378668146,1.9271100759506223,3.382425546646118,0.1474996710927696,1.886299014091492
Ighg2b,0.002609257120639,0.003614044515416,0.4707002639770508,0.9888502385877284,0.1684892028570175,0.4707002639770508,0.9295541876823448,0.3165949881076813,0.4707002639770508,0.973731602290728,0.271844208240509
Ighg3,0.0,0.0,0.0,0.9888502385877284,0.1005259156227111,0.0,1.0,0.0,0.0,1.0,0.0
Ighd,0.0533462576568126,0.0165244620293378,-1.7174997329711914,0.9074387899232532,-0.6882963180541992,-1.7174997329711914,0.0002770782394404,-4.005317211151123,-1.7174997329711914,0.0086077652550299,-3.0614335536956787
Ighm,1.3186875581741333,0.867822527885437,-0.9869277477264404,1.0860002303964342e-24,-10.56873893737793,-0.9869277477264404,5.145104910132751e-24,-10.706263542175291,-0.9869277477264404,7.898190905207167e-18,-9.140767097473145
Adam6b,0.0166282560676336,0.0,-23.9991455078125,0.9888502385877284,-0.3968757092952728,-23.9991455078125,0.0004457394280255,-3.886640310287476,-23.9991455078125,0.0225302009319301,-2.723785638809204
Ighv1-54,0.0010072084842249,0.0,-19.94265937805176,0.9888502385877284,0.0673658028244972,-19.94265937805176,0.4679991859106411,-1.0,-19.94265937805176,0.6832027011037286,-0.7008072733879089
Zfp386,0.2349602431058883,0.1400257050991058,-0.8173444867134094,0.27545729440583,-1.608564019203186,-0.8173444867134094,4.24434971879541e-05,-4.46269416809082,-0.8173444867134094,0.0014975286235297,-3.6023800373077397
Vipr2,0.0,0.0,0.0,0.9888502385877284,0.1005259156227111,0.0,1.0,0.0,0.0,1.0,0.0
Wdr60,0.0019019698956981,0.0,-20.860435485839844,0.9888502385877284,0.0342056974768638,-20.860435485839844,0.2942789202292576,-1.414730668067932,-20.860435485839844,0.5299909986835808,-0.9914535284042358
Gm11027,0.000886668334715,0.0024873209185898,1.4892802238464355,0.9888502385877284,0.201798677444458,1.4892802238464355,0.6111278397939897,0.7734582424163818,1.4892802238464355,0.6832027011037286,0.7089684009552002
Esyt2,0.4126375913619995,0.354056179523468,-0.2658476531505584,0.5893236257050619,-1.0914455652236938,-0.2658476531505584,0.0975736187685024,-2.0361006259918213,-0.2658476531505584,0.2085912168594483,-1.6915849447250366
Ncapg2,0.0226920042186975,0.1476303786039352,2.7931365966796875,1.166531841074271e-07,5.68441915512085,2.7931365966796875,2.438880526716571e-14,8.165928840637207,2.7931365966796875,6.245481899761617e-13,7.711764812469482
Rapgef5,0.0,0.0152515610679984,23.87346839904785,0.8940648012290606,0.7061460018157959,23.87346839904785,0.0115608110853704,2.9115636348724365,23.87346839904785,0.0135223001178574,2.9115636348724365
Cdca7l,0.0791099891066551,0.1976904571056366,1.4088215827941897,6.782806002958648e-06,4.900825023651123,1.4088215827941897,4.026180571704189e-08,5.896856784820557,1.4088215827941897,9.64738369302125e-07,5.327617645263672
Dnah11,0.0023218104615807,0.0077612218447029,1.744960069656372,0.9888502385877284,0.3700638115406036,1.744960069656372,0.319075850883086,1.350095510482788,1.744960069656372,0.4069895507662683,1.2460825443267822
Sp4,0.2292432487010955,0.2525227069854736,0.1570000350475311,0.1178087825346214,2.058690071105957,0.1570000350475311,0.4974555928477648,0.9504476189613342,0.1570000350475311,0.649802966369536,0.8002515435218811
Macc1,0.0,0.0,0.0,0.9888502385877284,0.1005259156227111,0.0,1.0,0.0,0.0,1.0,0.0
Selenop,0.2496503740549087,0.0239047557115554,-3.551090717315674,2.60021633846416e-07,-5.540127754211426,-3.551090717315674,7.997231747649302e-34,-12.816307067871094,-3.551090717315674,6.260078164799139e-18,-9.325247764587402
Ccdc152,0.0022559862118214,0.001041647978127,-1.1157658100128174,0.9888502385877284,0.1013474464416503,-1.1157658100128174,0.7047705630813275,-0.6367573142051697,-1.1157658100128174,0.832272812183419,-0.4845375418663025
Ghr,0.0010028202086687,0.0,-19.936355590820312,0.9888502385877284,0.0673658028244972,-19.936355590820312,0.4679991859106411,-1.0,-19.936355590820312,0.6832027011037286,-0.7008072733879089
Fbxo4,0.0654722526669502,0.1387518942356109,1.137311339378357,0.0014018802817844,3.627820253372192,1.137311339378357,6.638908486704725e-05,4.3689727783203125,1.137311339378357,0.0005404652917779,3.8846256732940674
AW549877,0.1235351637005806,0.1035112962126731,-0.2698509097099304,0.9888502385877284,0.3114361464977264,-0.2698509097099304,0.4273159091289327,-1.1410678625106812,-0.2698509097099304,0.5520946526934789,-0.9492725729942322
Oxct1,0.2873167693614959,0.2095727622509002,-0.5135911703109741,0.5721660569212663,-1.1152700185775757,-0.5135911703109741,0.0033792386514724,-3.3054511547088623,-0.5135911703109741,0.0238118907448839,-2.69718337059021
Card6,0.2049228250980377,0.0782782137393951,-1.481907606124878,0.0083613358148357,-3.089416742324829,-1.481907606124878,1.7495068425568952e-10,-6.762783527374268,-1.481907606124878,1.020181037712593e-06,-5.323726654052734
Rpl37,3.557566404342652,3.1780357360839844,-0.5672229528427124,4.698683618696102e-88,-20.122434616088867,-0.5672229528427124,6.0610040850972665e-86,-22.36656188964844,-0.5672229528427124,6.2529321273664755e-68,-19.35791778564453
Prkaa1,0.0820713564753532,0.0802500247955322,-0.0337086580693721,0.8585543453103968,0.7496873140335083,-0.0337086580693721,1.0,-0.1198487654328346,-0.0337086580693721,1.0,-0.1014526486396789
Ttc33,0.1137874647974968,0.2074247449636459,0.9355985522270204,0.0001410212230969,4.224179744720459,0.9355985522270204,4.174998604820016e-05,4.476413249969482,0.9355985522270204,0.0004507054313786,3.9336941242218018
Ptger4,0.0786765292286872,0.1738255470991134,1.2137140035629272,2.344542461078848e-05,4.638157844543457,1.2137140035629272,1.575037477825003e-06,5.189425945281982,1.2137140035629272,2.8757879499669866e-05,4.608168125152588
Dab2,0.001070475205779,0.0,-20.030593872070312,0.9888502385877284,0.0673658028244972,-20.030593872070312,0.4679991859106411,-1.0,-20.030593872070312,0.6832027011037286,-0.7008072733879089
Fyb,1.4729551076889038,1.0872023105621338,-0.7741280794143677,1.653349985605778e-27,-11.168757438659668,-0.7741280794143677,4.231142817156363e-24,-10.69909381866455,-0.7741280794143677,3.235942917532098e-17,-8.972190856933594
Rictor,0.6265389919281006,0.4575488865375519,-0.5863367319107056,0.0003488105127414,-3.997809410095215,-0.5863367319107056,1.8077872048339927e-06,-5.146545886993408,-0.5863367319107056,0.0001413240132464,-4.2314229011535645
Lifr,0.0010867014061659,0.0,-20.052309036254883,0.9888502385877284,0.0673658028244972,-20.052309036254883,0.4679991859106411,-1.0,-20.052309036254883,0.6832027011037286,-0.7008072733879089
Egflam,0.0,0.0,0.0,0.9888502385877284,0.1005259156227111,0.0,1.0,0.0,0.0,1.0,0.0
Wdr70,0.1071168854832649,0.1310139149427414,0.3081139922142029,0.0828610439529791,2.220681667327881,0.3081139922142029,0.3219357568615456,1.3433390855789185,0.3081139922142029,0.4648260243841497,1.1400902271270752
Nup155,0.0712746977806091,0.0993616729974746,0.4998478889465332,0.1020129427496426,2.1268773078918457,0.4998478889465332,0.1428461397596377,1.8426018953323364,0.4998478889465332,0.2491295930018769,1.586857557296753
Cplane1,0.0845031961798667,0.1064610183238983,0.3493385016918182,0.3392371886364246,1.4836161136627195,0.3493385016918182,0.3260015239271119,1.3349405527114868,0.3493385016918182,0.4576925021533203,1.1517399549484253
Nipbl,0.7985720038414001,0.6529669165611267,-0.4080380499362945,0.0004304438742041,-3.9447832107543945,-0.4080380499362945,0.0002196920894091,-4.067245960235596,-0.4080380499362945,0.0034855505838004,-3.350025177001953
Slc1a3,0.0,0.0,0.0,0.9888502385877284,0.1005259156227111,0.0,1.0,0.0,0.0,1.0,0.0
Ranbp3l,0.0009324818965978,0.0021297235507518,1.192381501197815,0.9888502385877284,0.1347316056489944,1.192381501197815,0.7906959269542425,0.514960765838623,1.192381501197815,0.8377984993626705,0.4767589867115021
Nadk2,0.0398601777851581,0.0607798248529434,0.6238613724708557,0.2478991811346449,1.6692081689834597,0.6238613724708557,0.1515168353795199,1.8115752935409544,0.6238613724708557,0.2592065560674511,1.5614607334136963
Skp2,0.0191078223288059,0.0549854226410388,1.550925850868225,0.1648743383528934,1.890947699546814,1.550925850868225,0.0033505978313475,3.314373254776001,1.550925850868225,0.0095579933407295,3.023059129714966
Lmbrd2,0.0317262783646583,0.0610291548073291,0.96512109041214,0.2208349142936107,1.7341092824935913,0.96512109041214,0.0339112903212041,2.499933958053589,0.96512109041214,0.0752922894344018,2.2154791355133057
Capsl,0.0034083288628607,0.0032336662989109,-0.0760196968913078,0.9888502385877284,0.1351797133684158,-0.0760196968913078,1.0,-0.0578257404267787,-0.0760196968913078,1.0,-0.0481655113399028
Il7r,1.210615634918213,0.2476955652236938,-3.067063331604004,6.564606820801291e-64,-17.12301254272461,-3.067063331604004,4.74097292451836e-105,-24.158327102661133,-3.067063331604004,9.287160676633248e-63,-18.90999412536621
Spef2,0.0215442162007093,0.009168772958219,-1.2414498329162598,0.9888502385877284,-0.099928431212902,-1.2414498329162598,0.1216842767405484,-1.92544686794281,-1.2414498329162598,0.2891301662512624,-1.491410493850708
Dnajc21,0.2451711744070053,0.2914108037948608,0.2841095626354217,0.0323545775202349,2.610537052154541,0.2841095626354217,0.1459603662781702,1.8320317268371584,0.2841095626354217,0.2629016739866881,1.5515412092208862
Brix1,0.2713455855846405,0.306847482919693,0.2042319774627685,0.065506337952907,2.3251657485961914,0.2042319774627685,0.3008169283439504,1.391596794128418,0.2042319774627685,0.4474619259042737,1.169581651687622
Rad1,0.0950458720326423,0.1175806820392608,0.3234984576702118,0.1065122919242626,2.105816125869751,0.3234984576702118,0.3122602033722977,1.3643583059310913,0.3234984576702118,0.4549112926799653,1.1568669080734253
Rai14,0.0,0.0026976503431797,21.365219116210938,0.9888502385877284,0.2351081520318985,21.365219116210938,0.3024036037175492,1.38901686668396,21.365219116210938,0.3336056419847537,1.38901686668396
Amacr,0.0209882911294698,0.0097194891422986,-1.1187816858291626,0.9996610411936684,-0.0005974794039502,-1.1187816858291626,0.1721475331092409,-1.742273211479187,-1.1187816858291626,0.3504671282897881,-1.3531023263931274
Tars,0.1290377974510193,0.2325320988893509,0.9265394806861876,2.416894465104392e-05,4.631585597991943,0.9265394806861876,1.693222782750306e-05,4.68133020401001,0.9265394806861876,0.0002285652150775,4.108572483062744
Sub1,1.344196915626526,2.868234872817993,2.550222873687744,1.8167622444259725e-181,28.971553802490234,2.550222873687744,1.0173013596776362e-301,50.36971664428711,2.550222873687744,2.3358809498359076e-185,40.11650466918945
Zfr,0.2997533977031708,0.2665882408618927,-0.1942141503095626,0.9888502385877284,0.2274902909994125,-0.1942141503095626,0.3554805516733927,-1.2739514112472534,-0.1942141503095626,0.5146720194472201,-1.057847499847412
Mtmr12,0.1090893149375915,0.1007612869143486,-0.1206807717680931,0.7220802685992558,0.9160853028297424,-0.1206807717680931,0.7941742912504813,-0.51020747423172,-0.1206807717680931,0.8727812970997137,-0.4247332215309143
1810049J17Rik,0.0,0.0,0.0,0.9888502385877284,0.1005259156227111,0.0,1.0,0.0,0.0,1.0,0.0
Golph3,0.1806007325649261,0.3382859826087951,1.024097919464111,1.8195537608074515e-08,6.007580757141113,1.024097919464111,3.948736680957761e-09,6.2915568351745605,1.024097919464111,3.51545645015865e-07,5.519603729248047
Pdzd2,0.003679328598082,0.0,-21.81366729736328,0.9994412017932364,0.0010455889860168,-21.81366729736328,0.1771951055020792,-1.722043752670288,-21.81366729736328,0.4271609305152885,-1.206820726394653
6030458C11Rik,0.0988561660051345,0.1420396566390991,0.5546663999557495,0.0139724645773661,2.9168198108673096,0.5546663999557495,0.0366860096285103,2.4668703079223637,0.5546663999557495,0.0925400705850467,2.1186294555664062
Drosha,0.0707525685429573,0.0660499110817909,-0.102656751871109,0.8228422756959071,0.7917349338531494,-0.102656751871109,0.9078040586740096,-0.3478625416755676,-0.102656751871109,0.9621297219425496,-0.289993405342102
Acot10,0.002271351404488,0.0013097256887704,-0.7949797511100769,0.9888502385877284,0.1013474464416503,-0.7949797511100769,0.8272375253415966,-0.4623227715492248,-0.7949797511100769,0.9148543332116544,-0.3626422584056854
Basp1,0.0560164935886859,0.009780965745449,-2.551337242126465,0.5432237541388147,-1.156272053718567,-2.551337242126465,1.4609831509014677e-05,-4.700843811035156,-2.551337242126465,0.0015873452164981,-3.5895400047302246
Myo10,0.002143335295841,0.0098481979221105,2.2055652141571045,0.9888502385877284,0.4373549520969391,2.2055652141571045,0.1888698533963896,1.683842420578003,2.2055652141571045,0.2458311275990626,1.5954324007034302
Retreg1,0.2951000332832336,0.1452011168003082,-1.135244607925415,0.0047532737894643,-3.2673161029815674,-1.135244607925415,6.108415156363886e-10,-6.569309711456299,-1.135244607925415,1.4265191326699554e-06,-5.253696918487549
Zfp622,0.2730734050273895,0.3622739017009735,0.47553750872612,0.0011192127451272,3.6902570724487305,0.47553750872612,0.0026019882182933,3.387769222259521,0.47553750872612,0.0141612254821671,2.8865859508514404
Ank,0.0455761700868606,0.0778553113341331,0.7960395216941833,0.1308781173697325,2.007530927658081,0.7960395216941833,0.0358896605334015,2.476209878921509,0.7960395216941833,0.0840908147251056,2.162653684616089
Otulin,0.3502556681632995,0.7562711834907532,1.4302252531051636,3.404687947775524e-29,11.513652801513672,1.4302252531051636,9.51045158401899e-34,12.951157569885254,1.4302252531051636,5.823134020144996e-26,11.220191955566406
Otulinl,0.531950831413269,0.4760585725307464,-0.2038439065217971,0.4673948211824593,-1.268598198890686,-0.2038439065217971,0.1607244008945988,-1.7797486782073977,-0.2038439065217971,0.2922274983389922,-1.4842860698699951
Trio,0.0570598393678665,0.0035508959554135,-4.045013904571533,0.3689086457447294,-1.4290213584899902,-4.045013904571533,1.4568868438437455e-09,-6.437671184539795,-4.045013904571533,2.97697080301644e-05,-4.622864246368408
Ctnnd2,0.0009977996814996,0.0013095693429931,0.3924948573112488,0.9888502385877284,0.1345822364091873,0.3924948573112488,1.0,0.1893664300441742,0.3924948573112488,1.0,0.1611661463975906
Dap,0.3676305711269378,0.7399808764457703,1.3024767637252808,9.49326902395829e-20,9.419636726379396,1.3024767637252808,9.086239846273214e-23,10.466896057128906,1.3024767637252808,2.2008638371335272e-18,9.300474166870115
Ankrd33b,0.0003030791413038,0.0,-18.20955848693848,0.9888502385877284,0.0673658028244972,-18.20955848693848,0.4679991859106411,-1.0,-18.20955848693848,0.6832027011037286,-0.7008072733879089
Ropn1l,0.0044323629699647,0.0042341281659901,-0.0661542564630508,0.9888502385877284,0.1688626259565353,-0.0661542564630508,1.0,-0.0585574805736541,-0.0661542564630508,1.0,-0.048568420112133
March6,0.1430374383926391,0.1297904103994369,-0.1499822586774826,0.7136790015093439,0.9258690476417542,-0.1499822586774826,0.6468012815944963,-0.7198437452316284,-0.1499822586774826,0.754141134519509,-0.5967108011245728
Cmbl,0.0,0.0,0.0,0.9888502385877284,0.1005259156227111,0.0,1.0,0.0,0.0,1.0,0.0
Cct5,0.8636799454689026,0.9648276567459106,0.2437025010585785,0.2293821478630711,1.7131975889205933,0.2437025010585785,0.0111857156853228,2.914247989654541,0.2437025010585785,0.0468151206125783,2.424261569976806
Atpsckmt,0.0801248401403427,0.1127289086580276,0.5164326429367065,0.0330225856757608,2.6026949882507324,0.5164326429367065,0.0885820985633601,2.081809759140014,0.5164326429367065,0.1793209177067377,1.7809534072875977
Cpq,0.0426411516964435,0.0,-25.376611709594727,0.5880870178451285,-1.0932379961013794,-25.376611709594727,1.4384197439019324e-08,-6.062047958374023,-25.376611709594727,0.0001433802957499,-4.248327255249023
Mtdh,0.7834632396697998,0.8868793845176697,0.2637359201908111,0.1844468367142417,1.8321706056594849,0.2637359201908111,0.0127354140512117,2.868772506713867,0.2637359201908111,0.0480590338896835,2.412959098815918
Laptm4b,0.006612317636609,0.0030939143616706,-1.0982626676559448,0.9888502385877284,0.035251285880804,-1.0982626676559448,0.4679991859106411,-1.0118045806884766,-1.0982626676559448,0.6544289931476104,-0.7935894131660461
Matn2,0.0022346875630319,0.0061687193810939,1.467737317085266,0.9888502385877284,0.3027727007865906,1.467737317085266,0.4443836470516638,1.1123908758163452,1.467737317085266,0.5282133287683867,1.012659788131714
9430069I07Rik,0.0,0.0,0.0,0.9888502385877284,0.1005259156227111,0.0,1.0,0.0,0.0,1.0,0.0
Rpl30,4.107979774475098,3.585223436355591,-0.770833432674408,6.756129350728426e-141,-25.48443984985352,-0.770833432674408,3.788634797133162e-170,-35.65235900878906,-0.770833432674408,6.952487097132144e-140,-30.82250213623047
Erich5,0.0,0.0,0.0,0.9888502385877284,0.1005259156227111,0.0,1.0,0.0,0.0,1.0,0.0
Rida,0.0695730969309806,0.1552195996046066,1.220647215843201,0.0003701385448346,3.983021974563599,1.220647215843201,8.684153389792626e-06,4.832603454589844,1.220647215843201,9.796101306023384e-05,4.320559978485107
Pop1,0.0391373820602893,0.0939462035894393,1.3032622337341309,0.0094928352055081,3.0477426052093506,1.3032622337341309,0.0003337835701324,3.9670238494873047,1.3032622337341309,0.0017915817659631,3.5488641262054443
Stk3,0.0095175048336386,0.0182749666273593,0.947545051574707,0.9222491889420498,0.6699237823486328,0.947545051574707,0.2849656016797442,1.4395347833633425,0.947545051574707,0.3950141551033175,1.2676039934158323
Osr2,0.0,0.0010770300868898,20.039405822753903,0.9888502385877284,0.1678170263767242,20.039405822753903,0.4679991859106411,1.0,20.039405822753903,0.5282133287683867,1.0
Vps13b,0.163393884897232,0.1611640155315399,-0.0214762464165687,0.4557393594573532,1.287568211555481,-0.0214762464165687,1.0,-0.1075181066989898,-0.0214762464165687,1.0,-0.0900956764817237
Cox6c,1.421562910079956,1.962367296218872,0.9602107405662536,2.7584571929848517e-48,14.86513900756836,0.9602107405662536,4.321176398777536e-60,17.563404083251953,0.9602107405662536,8.773234389530182e-39,14.118733406066896
Fbxo43,0.0,0.0,0.0,0.9888502385877284,0.1005259156227111,0.0,1.0,0.0,0.0,1.0,0.0
Polr2k,0.3930258154869079,0.5323869585990906,0.5461031794548035,0.0001645312575384,4.185940742492676,0.5461031794548035,3.151477779883675e-05,4.537329196929932,0.5461031794548035,0.0005579493827118,3.875351667404175
Spag1,0.0092912446707487,0.0149865429848432,0.6938403844833374,0.9888502385877284,0.5700700283050537,0.6938403844833374,0.486223765793561,0.9694817066192628,0.6938403844833374,0.6209175886856153,0.8424407839775085
Rnf19a,0.1055557131767273,0.2101671248674392,1.070978045463562,5.719379344075688e-05,4.437629222869873,1.070978045463562,4.881043456513398e-06,4.9549970626831055,1.070978045463562,7.084127662757303e-05,4.398146152496338
Ankrd46,0.0522235408425331,0.0990076437592506,0.957012414932251,0.0184400180075445,2.8192813396453857,0.957012414932251,0.0034066442482414,3.3066179752349854,0.957012414932251,0.0135665509355249,2.902782201766968
Snx31,0.0,0.0,0.0,0.9888502385877284,0.1005259156227111,0.0,1.0,0.0,0.0,1.0,0.0
Pabpc1,1.9727084636688232,1.9778566360473635,0.0086234053596854,0.5838295523722217,-1.0990633964538574,0.0086234053596854,1.0,0.1817688047885894,0.0086234053596854,1.0,0.1483499556779861
Ywhaz,1.1990593671798706,1.3827561140060425,0.365897536277771,6.160399522949887e-05,4.420301914215088,0.365897536277771,7.906593315041155e-07,5.31341552734375,0.365897536277771,6.496314370632507e-05,4.419446468353272
Zfp706,0.5925431251525879,0.8726651072502136,0.785020112991333,8.659907241091554e-11,6.85405969619751,0.785020112991333,2.4477724448036824e-15,8.365065574645996,0.785020112991333,4.879736260660543e-11,7.031512260437012
Grhl2,0.0,0.0012649364070966,20.271547317504883,0.9888502385877284,0.1678170263767242,20.271547317504883,0.4679991859106411,1.0,20.271547317504883,0.5282133287683867,1.0
Ncald,0.0103253992274403,0.2730173468589782,4.918686866760254,3.8381907896649323e-19,9.268773078918455,4.918686866760254,5.568222328678191e-29,12.303946495056152,4.918686866760254,2.664982241534433e-28,12.116827011108398
Rrm2b,0.1561667323112487,0.1257573664188385,-0.334895372390747,0.9888502385877284,0.2035911083221435,-0.334895372390747,0.2292316228272378,-1.570106863975525,-0.334895372390747,0.3795921201905067,-1.2958698272705078
Ubr5,0.2743822634220123,0.4193881154060364,0.7227331399917603,1.0168936545449044e-06,5.281867504119873,0.7227331399917603,2.4920182296837025e-06,5.088906288146973,0.7227331399917603,7.550453119309819e-05,4.381794452667236
Odf1,0.0,0.0,0.0,0.9888502385877284,0.1005259156227111,0.0,1.0,0.0,0.0,1.0,0.0
Klf10,0.0300641078501939,0.1573685556650161,2.4812979698181152,4.531046635952262e-06,4.983799934387207,2.4812979698181152,3.649304160846638e-12,7.442032337188721,2.4812979698181152,6.370105652603639e-11,7.018904685974121
Azin1,0.1866235733032226,0.3716472089290619,1.1334689855575562,4.92767873569446e-10,6.590272903442383,1.1334689855575562,3.5386602090141435e-11,7.052241325378418,1.1334689855575562,7.072881849407033e-09,6.222803592681885
Atp6v1c1,0.1536564826965332,0.2211417704820633,0.5754626989364624,0.0015008642997984,3.6084022521972656,0.5754626989364624,0.0069970672136309,3.0747013092041016,0.5754626989364624,0.027188903934272,2.644995212554932
Fzd6,0.0,0.0,0.0,0.9888502385877284,0.1005259156227111,0.0,1.0,0.0,0.0,1.0,0.0
Slc25a32,0.0849973186850547,0.0629203170537948,-0.4500130116939544,0.9888502385877284,0.1608713418245315,-0.4500130116939544,0.223775051724594,-1.5852336883544922,-0.4500130116939544,0.3781124518288257,-1.298636794090271
Dcaf13,0.217199832201004,0.3493687510490417,0.7855623364448547,3.438253110518873e-07,5.487474918365479,0.7855623364448547,1.389596958784087e-06,5.207568168640137,0.7855623364448547,4.960567681686805e-05,4.482073783874512
Lrp12,0.019030200317502,0.0,-24.195537567138672,0.9888502385877284,-0.430035799741745,-24.195537567138672,0.0003134108646691,-3.9793601036071777,-24.195537567138672,0.0189414047704924,-2.788764476776123
Oxr1,0.1932279616594314,0.144906535744667,-0.4510195553302765,0.9888502385877284,-0.3142741620540619,-0.4510195553302765,0.0450427235493745,-2.381455421447754,-0.4510195553302765,0.1294149509813379,-1.9522770643234253
Abra,0.0019938787445425,0.0,-20.928585052490234,0.9888502385877284,0.0342056974768638,-20.928585052490234,0.2942789202292576,-1.4140084981918335,-20.928585052490234,0.5299909986835808,-0.9909474849700928
Angpt1,0.0033434825018048,0.0,-21.67533302307129,0.9888502385877284,0.0342056974768638,-21.67533302307129,0.2953544812254802,-1.4051363468170166,-21.67533302307129,0.5309879729378849,-0.984729826450348
Eif3e,1.632704496383667,1.655439853668213,0.0406543686985969,0.9888502385877284,-0.4348156452178955,0.0406543686985969,0.6359743030768585,0.7359593510627747,0.0406543686985969,0.7438399013591609,0.611764132976532
Emc2,0.2580823302268982,0.4064750969409942,0.7682949304580688,5.103879578700593e-07,5.413238048553467,0.7682949304580688,4.329016673493297e-07,5.437920570373535,0.7682949304580688,2.036934613606377e-05,4.6848649978637695
Nudcd1,0.1051560714840889,0.0732912868261337,-0.544145941734314,0.9888502385877284,0.2915699481964111,-0.544145941734314,0.085378574919689,-2.0979299545288086,-0.544145941734314,0.2056793074270238,-1.69977867603302
Eny2,0.5319616198539734,0.6641868948936462,0.4250981211662292,0.006744371537071,3.1582014560699463,0.4250981211662292,0.0001919005842956,4.10292387008667,0.4250981211662292,0.0025993577534827,3.438021659851074
Pkhd1l1,0.0,0.0,0.0,0.9888502385877284,0.1005259156227111,0.0,1.0,0.0,0.0,1.0,0.0
Ebag9,0.1623572409152984,0.185098722577095,0.206002652645111,0.1278817584959679,2.0191071033477783,0.206002652645111,0.4632394209507318,1.0798791646957395,0.206002652645111,0.5712649149830696,0.9195902347564696
Sybu,0.0,0.0,0.0,0.9888502385877284,0.1005259156227111,0.0,1.0,0.0,0.0,1.0,0.0
Trps1,0.075759008526802,0.3092929124832153,2.203344345092773,5.465066196733957e-16,8.44051742553711,2.203344345092773,1.3333227022255404e-20,9.97211742401123,2.203344345092773,5.828386761489823e-18,9.216595649719238
Eif3h,1.744773268699646,1.9885716438293457,0.416324108839035,5.815411029778559e-13,7.559085369110107,0.416324108839035,1.0711254115954473e-15,8.454506874084473,0.416324108839035,1.0430266572369459e-10,6.919680595397949
Utp23,0.1204436346888542,0.1345229148864746,0.1698657274246215,0.1416953240244177,1.9677238464355469,0.1698657274246215,0.6125548957286484,0.771270751953125,0.1698657274246215,0.7182365559294375,0.6496766805648804
Rad21,0.3174559473991394,0.3769854605197906,0.2933737635612488,0.0328120449047008,2.605309009552002,0.2933737635612488,0.0769834827850111,2.146509885787964,0.2933737635612488,0.1666517426922881,1.8207298517227173
Med30,0.4818252623081207,0.5653678774833679,0.2961779832839966,0.116200500865865,2.065112829208374,0.2961779832839966,0.0186192769134017,2.730743408203125,0.2961779832839966,0.0641987703328294,2.288168907165528
Ext1,0.0820698142051696,0.0284652523696422,-1.5666735172271729,0.5036877462087701,-1.2128084897994995,-1.5666735172271729,4.6436273117424056e-05,-4.440136432647705,-1.5666735172271729,0.0024020306632398,-3.4653940200805664
Enpp2,0.0020331440027803,0.0038666939362883,0.9287113547325134,0.9888502385877284,0.3027727007865906,0.9287113547325134,0.6298270724334112,0.7453062534332275,0.9287113547325134,0.7247362295462577,0.6403030753135681
Taf2,0.1357988864183426,0.1332270056009292,-0.0294818766415119,0.4264868658703099,1.3335740566253662,-0.0294818766415119,1.0,-0.1336760967969894,-0.0294818766415119,1.0,-0.1119597628712654
Dscc1,0.0119637958705425,0.0894939973950386,2.959514617919922,0.0037392209371003,3.3406567573547363,2.959514617919922,1.8890757761538043e-08,6.059303283691406,2.959514617919922,7.92880707802347e-08,5.825023651123047
Deptor,0.0025568574201315,0.0,-21.28778648376465,0.9888502385877284,0.0342056974768638,-21.28778648376465,0.2942789202292576,-1.4131767749786377,-21.28778648376465,0.5299909986835808,-0.9903645515441896
Col14a1,0.0,0.0,0.0,0.9888502385877284,0.1005259156227111,0.0,1.0,0.0,0.0,1.0,0.0
Mrpl13,0.2396742701530456,0.4357256293296814,1.011709451675415,4.282527361500925e-10,6.612453937530518,1.011709451675415,1.5813037694558154e-11,7.165718078613281,1.011709451675415,6.835882021808661e-09,6.227793216705322
Mtbp,0.0284493844956159,0.0685663670301437,1.2982758283615112,0.0471968505024534,2.461540460586548,1.2982758283615112,0.0023307255842861,3.423862934112549,1.2982758283615112,0.0086076176335369,3.0583012104034424
Sntb1,0.0715305134654045,0.0312050487846136,-1.2261170148849487,0.7985053222687777,-0.8214595317840576,-1.2261170148849487,0.0013819301795956,-3.5695924758911133,-1.2261170148849487,0.0175823777811504,-2.8105239868164062
Zhx2,0.0575112961232662,0.0162085518240928,-1.8570668697357176,0.6775870878189209,-0.9769535660743712,-1.8570668697357176,0.0001324424616728,-4.190952777862549,-1.8570668697357176,0.0051386520502091,-3.230236291885376
Derl1,0.2970266938209533,0.4224459528923034,0.6040573120117188,1.800032353134313e-05,4.695814609527588,0.6040573120117188,2.6410694394474253e-05,4.576650619506836,0.6040573120117188,0.0005381206343792,3.885650157928467
Tbc1d31,0.0159317962825298,0.0388648249208927,1.3031742572784424,0.3307380070372123,1.498777151107788,1.3031742572784424,0.0315779651990587,2.529395818710327,1.3031742572784424,0.0661134334745307,2.274688005447388
9130401M01Rik,0.1346456557512283,0.2455877363681793,0.9496325850486756,8.274719030039677e-06,4.859599113464356,0.9496325850486756,2.315306687118628e-06,5.10765552520752,0.9496325850486756,5.189068593482972e-05,4.471686363220215
Gm29394,0.0115930046886205,0.0078230639919638,-0.5701727271080017,0.9888502385877284,0.1016461849212646,-0.5701727271080017,0.6344739508053767,-0.7380765080451965,-0.5701727271080017,0.7564255260965702,-0.593554675579071
Zhx1,0.1700939238071441,0.1120605841279029,-0.6448987722396851,0.9269918543500708,-0.6632768511772156,-0.6448987722396851,0.0078337401645918,-3.035074234008789,-0.6448987722396851,0.0415761971014241,-2.474360227584839
Atad2,0.286149799823761,0.4398423433303833,0.7377736568450928,1.4593294508551162e-06,5.21129035949707,0.7377736568450928,2.111470024677832e-06,5.123636245727539,0.7377736568450928,6.481843432172846e-05,4.419068813323975
Wdyhv1,0.1180629208683967,0.1527109593153,0.3968046903610229,0.0561681158238821,2.3896937370300293,0.3968046903610229,0.1449279836595516,1.8356879949569704,0.3968046903610229,0.257482349663049,1.5665020942687988
Fbxo32,0.0951476693153381,0.0338071919977664,-1.537561297416687,0.4673948211824593,-1.2683740854263306,-1.537561297416687,2.099688652239368e-05,-4.621039867401123,-1.537561297416687,0.0016033392616657,-3.5852975845336914
Fam91a1,0.1040064841508865,0.1107011213898658,0.0949120000004768,0.5309786875277627,1.1735990047454834,0.0949120000004768,0.8847490882959607,0.3810513615608215,0.0949120000004768,0.94027647736607,0.3230257034301758
Tmem65,0.0764451697468757,0.1124231964349746,0.5828033685684204,0.0735978956518647,2.274230718612671,0.5828033685684204,0.0591027009794774,2.2658615112304688,0.5828033685684204,0.1272723527751899,1.961111307144165
Trmt12,0.0298611670732498,0.0267854928970336,-0.1590477079153061,0.9888502385877284,0.2558705508708954,-0.1590477079153061,0.9071498381718522,-0.3490362763404846,-0.1590477079153061,0.9612487391962752,-0.2914503514766693
Rnf139,0.1381335407495498,0.1300777047872543,-0.0926311388611793,0.8983199672853481,0.6994243264198303,-0.0926311388611793,0.8499315594714706,-0.4304099082946777,-0.0926311388611793,0.9148543332116544,-0.3626737594604492
Gm49356,0.0,0.0,0.0,0.9888502385877284,0.1005259156227111,0.0,1.0,0.0,0.0,1.0,0.0
Tatdn1,0.1262791007757187,0.1520799994468689,0.2872575223445892,0.0566837365344155,2.3856606483459477,0.2872575223445892,0.3139346894527098,1.3604466915130615,0.2872575223445892,0.4583996696445666,1.150658369064331
Ndufb9,0.8680433630943298,1.2875312566757202,0.9246601462364196,8.447350212423189e-27,11.020657539367676,0.9246601462364196,5.011409084381038e-32,12.482392311096191,0.9246601462364196,1.359038334134652e-22,10.411636352539062
Mtss1,0.1030251309275627,0.0180485397577285,-2.574958086013794,0.205472648713532,-1.7742151021957395,-2.574958086013794,1.1738583382025609e-11,-7.179278373718262,-2.574958086013794,1.563303864328134e-06,-5.255922317504883
Sqle,0.070375308394432,0.0715328305959701,0.0243810638785362,0.4758620638398024,1.2547067403793335,0.0243810638785362,1.0,0.0840542986989021,0.0243810638785362,1.0,0.0699116960167884
Washc5,0.0529090911149978,0.1093470081686973,1.088587999343872,0.0107995760820856,3.0045745372772217,1.088587999343872,0.0010433606596056,3.656381845474243,1.088587999343872,0.0046987454792509,3.2554128170013428
Nsmce2,0.157434195280075,0.3024559617042541,1.050592303276062,9.644553347129381e-09,6.114231109619141,1.050592303276062,3.768624354560746e-09,6.297391414642334,1.050592303276062,4.101822884878907e-07,5.489932060241699
Trib1,0.0298866778612136,0.0804865285754203,1.466080665588379,0.0461126413836186,2.470876216888428,1.466080665588379,0.0005308935348771,3.845116853713989,1.466080665588379,0.0024216294869545,3.459933042526245
Lratd2,0.0390832349658012,0.0163298025727272,-1.2755314111709597,0.9888502385877284,-0.4362346529960632,-1.2755314111709597,0.0270594962947997,-2.587064743041992,-1.2755314111709597,0.1070453699835789,-2.049607515335083
Myc,0.3215565383434295,0.1390404403209686,-1.3462738990783691,0.0014331438258988,-3.621770858764648,-1.3462738990783691,3.32526900499954e-13,-7.678767681121826,-1.3462738990783691,2.2323332319500842e-08,-6.038208961486816
Gsdmc4,0.0,0.0,0.0,0.9888502385877284,0.1005259156227111,0.0,1.0,0.0,0.0,1.0,0.0
Fam49b,1.0150848627090454,1.1945207118988037,0.3876267373561859,0.001181834661168,3.67524528503418,0.3876267373561859,8.893672823923551e-07,5.289396286010742,0.3876267373561859,8.116021761952752e-05,4.365676403045654
Asap1,0.3083495497703552,0.2700321078300476,-0.2204062491655349,0.9888502385877284,-0.2629656195640564,-0.2204062491655349,0.2924157313918692,-1.4232624769210815,-0.2204062491655349,0.4343020398660678,-1.1911512613296509
Efr3a,0.5598919987678528,0.4264710247516632,-0.4968219995498657,0.0032277026211607,-3.385467767715454,-0.4968219995498657,8.04399222432956e-05,-4.31459903717041,-0.4968219995498657,0.0017827707388295,-3.5507748126983643
Lrrc6,0.0012760093668475,0.0,-20.284130096435547,0.9888502385877284,0.0673658028244972,-20.284130096435547,0.4679991859106411,-1.0,-20.284130096435547,0.6832027011037286,-0.7008072733879089
Tmem71,0.4428151249885559,0.4758535623550415,0.1294635981321334,0.4131904683195426,1.3544111251831057,0.1294635981321334,0.4679991859106411,1.0212706327438354,0.1294635981321334,0.6069950913521522,0.8651129007339478
Phf20l1,0.7317197918891907,0.7083470821380615,-0.065700739622116,0.8278912048571896,-0.786357581615448,-0.065700739622116,0.687865912694706,-0.6610689759254456,-0.065700739622116,0.789295759510305,-0.5463526844978333
Tg,0.0012138502206653,0.0357250794768333,4.904245376586914,0.2154805892282825,1.7477766275405884,4.904245376586914,2.55994034498882e-05,4.611404895782471,4.904245376586914,4.082539442704674e-05,4.549813747406006
Sla,0.3362473845481872,1.0222511291503906,2.1544907093048096,2.143837993196418e-65,17.32234764099121,2.1544907093048096,1.5219953171228144e-75,20.896154403686523,2.1544907093048096,1.6359117946681527e-62,18.45258331298828
Ccn4,0.0,0.0026501542888581,21.33955764770508,0.9888502385877284,0.2351081520318985,21.33955764770508,0.2968978853725758,1.4023852348327637,21.33955764770508,0.328965763138711,1.4023852348327637
Ndrg1,0.013486030511558,0.0979350209236145,2.921841621398926,0.0009516174513868,3.7345452308654794,2.921841621398926,5.473318137940136e-09,6.274993896484375,2.921841621398926,3.0529824760169314e-08,5.993720531463623
St3gal1,0.1291277706623077,0.141980305314064,0.1463721394538879,0.2114565740152338,1.758232593536377,0.1463721394538879,0.6720075374589289,0.6825221180915833,0.1463721394538879,0.7698163388305554,0.5738236904144287
Zfat,0.021412706002593,0.0172858461737632,-0.3118625283241272,0.9888502385877284,0.1990353316068649,-0.3118625283241272,0.7570957172824724,-0.5637279152870178,-0.3118625283241272,0.8463692332011814,-0.4630901217460632
Khdrbs3,0.0,0.0,0.0,0.9888502385877284,0.1005259156227111,0.0,1.0,0.0,0.0,1.0,0.0
Fam135b,0.0021999243181198,0.0037267899606376,0.7615813612937927,0.9888502385877284,0.2357803136110305,0.7615813612937927,0.7697808879273106,0.5446218848228455,0.7615813612937927,0.8413495531310793,0.4714950919151306
Trappc9,0.0708118975162506,0.0830175951123237,0.2383428961038589,0.536914187501872,1.1650848388671875,0.2383428961038589,0.57360317293727,0.8305284380912781,0.2383428961038589,0.6832027011037286,0.7128387689590454
Chrac1,0.460310161113739,0.4077873229980469,-0.2154089361429214,0.7454941296295496,-0.8854644894599915,-0.2154089361429214,0.1674578133100857,-1.757967829704285,-0.2154089361429214,0.3041932775809662,-1.4579339027404783
Ago2,0.4701759815216064,0.547505795955658,0.2801653742790222,0.0312529714993577,2.623457431793213,0.2801653742790222,0.0477318029901525,2.3577380180358887,0.2801653742790222,0.1229200498599403,1.9799083471298216
Ptk2,0.0260694716125726,0.0,-24.65470314025879,0.9014740592769312,-0.6953166723251343,-24.65470314025879,5.520934815468655e-06,-4.922022342681885,-24.65470314025879,0.0026054135786077,-3.4493889808654785
Dennd3,0.0223070513457059,0.0169041715562343,-0.4040305912494659,0.9888502385877284,0.2951548397541046,-0.4040305912494659,0.6366132313084764,-0.7348753809928894,-0.4040305912494659,0.7573452756745741,-0.5922695398330688
Slc45a4,0.0539139173924922,0.0369245298206806,-0.5584262013435364,0.9888502385877284,0.2165862917900085,-0.5584262013435364,0.2450438789484714,-1.5301508903503418,-0.5584262013435364,0.4101601050714802,-1.2406634092330933
Ptp4a3,0.5134466290473938,0.5303889513015747,0.0601159855723381,0.8850310315087696,0.7173487544059753,0.0601159855723381,0.7813794419066509,0.5284489989280701,0.0601159855723381,0.8611338882196,0.4416424334049225
Mroh5,0.0058217071928083,0.0,-22.47721290588379,0.9888502385877284,-0.0652746260166168,-22.47721290588379,0.0661274637717088,-2.2150275707244877,-22.47721290588379,0.2630738755630601,-1.5523074865341189
Arc,0.0141642838716506,0.0028350260108709,-2.329007387161255,0.9888502385877284,-0.1646055877208709,-2.329007387161255,0.0389515807858357,-2.4405314922332764,-2.329007387161255,0.1727205372544493,-1.8028277158737185
Jrk,0.012192933820188,0.0127522069960832,0.0651058629155159,0.9888502385877284,0.5015093088150024,0.0651058629155159,1.0,0.0985952466726303,0.0651058629155159,1.0,0.080825388431549
Them6,0.1948291212320327,0.1612243801355362,-0.2980988919734955,0.9888502385877284,0.4276458919048309,-0.2980988919734955,0.2035073018969274,-1.6387102603912354,-0.2980988919734955,0.3550824787648149,-1.3434832096099854
Lynx1,0.0097381481900811,0.0009441179572604,-3.3729562759399414,0.9888502385877284,-0.0980613082647323,-3.3729562759399414,0.0374427191253808,-2.4577953815460205,-3.3729562759399414,0.1888675790127824,-1.7537895441055298
Ly6d,0.021173121407628,0.0024047198239713,-3.151857852935791,0.9888502385877284,-0.2637871503829956,-3.151857852935791,0.0128381772456181,-2.8650074005126958,-3.151857852935791,0.1007940738389041,-2.080410957336426
Ly6k,0.0417261086404323,0.0026540476828813,-4.002972602844238,0.7625620001736263,-0.8639552593231201,-4.002972602844238,2.162987015501464e-06,-5.1127095222473145,-4.002972602844238,0.0013038493099187,-3.652906894683838
Ly6m,0.0012557321460917,0.0024697817862033,0.9767303466796876,0.9888502385877284,0.201798677444458,0.9767303466796876,0.7687169134496271,0.5460332632064819,0.9767303466796876,0.8401074376845774,0.4733823537826538
Ly6e,1.8001216650009155,2.267685413360596,0.777478039264679,8.058175858211046e-33,12.222412109375,0.777478039264679,4.278888562555417e-42,14.412569046020508,0.777478039264679,3.733628847876063e-27,11.566003799438477
Ly6i,0.0,0.0,0.0,0.9888502385877284,0.1005259156227111,0.0,1.0,0.0,0.0,1.0,0.0
Ly6a,0.8681245446205139,2.4543895721435547,2.944119453430176,2.985375268005033e-145,25.88027000427246,2.944119453430176,1.6415915801150732e-239,41.91985702514648,2.944119453430176,2.1939878523062426e-146,33.28766250610352
Ly6c1,0.0185323506593704,0.0087986662983894,-1.0817264318466189,0.9888502385877284,0.0687101334333419,-1.0817264318466189,0.3212486942800556,-1.3443827629089355,-1.0817264318466189,0.5282133287683867,-1.0275704860687256
Ly6c2,0.4562475681304931,2.5934462547302246,4.419955253601074,2.549855254508591e-128,24.31576919555664,4.419955253601074,2.5210720812574208e-149,34.700252532958984,4.419955253601074,2.1970575834957888e-140,31.605180740356445
Ly6g,0.0,0.0051702833734452,22.305543899536133,0.9888502385877284,0.3023992776870727,22.305543899536133,0.1754527615664814,1.7310433387756348,22.305543899536133,0.196231917162576,1.7310433387756348
Zfp41,0.0150990113615989,0.0421902239322662,1.5020899772644043,0.312602122700393,1.5323853492736816,1.5020899772644043,0.0116202094168731,2.9045279026031494,1.5020899772644043,0.0275960433574191,2.639975070953369
Top1mt,0.0274661034345626,0.0122851822525262,-1.1717201471328735,0.9925259944830452,0.0241979174315929,-1.1717201471328735,0.0528280980264678,-2.31352162361145,-1.1717201471328735,0.181458294687269,-1.7755476236343384
Rhpn1,0.0,0.0,0.0,0.9888502385877284,0.1005259156227111,0.0,1.0,0.0,0.0,1.0,0.0
Mafa,0.0021259998902678,0.0059127281419932,1.4784154891967771,0.9888502385877284,0.3027727007865906,1.4784154891967771,0.4389812215158851,1.12155020236969,1.4784154891967771,0.5282133287683867,1.0215904712677002
Zc3h3,0.0639700889587402,0.0390638448297977,-0.729684054851532,0.9888502385877284,-0.1958238780498504,-0.729684054851532,0.0730188209693577,-2.169562816619873,-0.729684054851532,0.1898845892244048,-1.7489292621612549
Gsdmd,0.1537995338439941,0.1911457329988479,0.3413355052471161,0.0444559878842461,2.486037254333496,0.3413355052471161,0.1643650409436609,1.7685317993164062,0.3413355052471161,0.2818433287148801,1.507291555404663
Naprt,0.0025661366526037,0.015467002056539,2.6008431911468506,0.8940648012290606,0.7057725787162781,2.6008431911468506,0.047015474802965,2.367041110992432,2.6008431911468506,0.0717285309554711,2.238642692565918
Eef1d,1.737099528312683,1.5724728107452393,-0.2937437295913696,2.4912248929724337e-10,-6.696101188659668,-0.2937437295913696,2.552914589577871e-07,-5.529172897338867,-0.2937437295913696,3.53546946690226e-05,-4.562318801879883
Tigd5,0.0068043442443013,0.0029654121026396,-1.2009947299957275,0.9888502385877284,0.035251285880804,-1.2009947299957275,0.4515553076853862,-1.0996427536010742,-1.2009947299957275,0.6133184262871384,-0.8544006943702698
Pycrl,0.0827442482113838,0.1647558659315109,1.0539774894714355,0.0003156144453934,4.023202419281006,1.0539774894714355,4.612886325641167e-05,4.454340934753418,1.0539774894714355,0.0004293917111638,3.946860074996948
Tsta3,0.1503749936819076,0.2183842360973358,0.5888690948486328,0.0012724901396961,3.65493106842041,0.5888690948486328,0.0046461581351497,3.209028959274292,0.5888690948486328,0.0204532458230085,2.7532436847686768
Zfp623,0.0120571730658411,0.0076949074864387,-0.6510676145553589,0.9888502385877284,0.1019449234008789,-0.6510676145553589,0.5669314486496178,-0.8405604958534241,-0.6510676145553589,0.7034064817831731,-0.6718599200248718
Zfp707,0.0526562705636024,0.0883968099951744,0.7734732627868652,0.1502089180906335,1.938372611999512,0.7734732627868652,0.0319750285659653,2.523498296737671,0.7734732627868652,0.0743549228866061,2.221778392791748
Ccdc166,0.0474880076944828,0.086260437965393,0.889415979385376,0.0492160555427162,2.4443631172180176,0.889415979385376,0.0115404520551635,2.904874563217163,0.889415979385376,0.0365888667850882,2.527615547180176
Mapk15,0.0,0.0,0.0,0.9888502385877284,0.1005259156227111,0.0,1.0,0.0,0.0,1.0,0.0
Fam83h,0.0038611802738159,0.0089297834783792,1.2132432460784912,0.9888502385877284,0.3363809287548065,1.2132432460784912,0.4469609889471743,1.107812762260437,1.2132432460784912,0.5299909986835808,0.9903993606567384
Iqank1,0.0,0.0014509146567434,20.469579696655277,0.9888502385877284,0.1678170263767242,20.469579696655277,0.4679991859106411,1.0,20.469579696655277,0.5282133287683867,1.0
Scrib,0.073761947453022,0.0642386376857757,-0.2063840329647064,0.9383073402799456,0.6501322984695435,-0.2063840329647064,0.6582409222886504,-0.7029842734336853,-0.2063840329647064,0.7634331346386282,-0.5828940868377686
Puf60,0.5516680479049683,0.6591474413871765,0.3421059250831604,0.0520438053386759,2.420762538909912,0.3421059250831604,0.0031630752526637,3.3274545669555664,0.3421059250831604,0.0180664911425832,2.799177646636963
Nrbp2,0.0015928975772112,0.0104770893231034,2.723926782608032,0.9888502385877284,0.4706644117832184,2.723926782608032,0.1190405575476911,1.9388161897659304,2.723926782608032,0.1647135644290473,1.8277667760849
Eppk1,0.0,0.0,0.0,0.9888502385877284,0.1005259156227111,0.0,1.0,0.0,0.0,1.0,0.0
Plec,0.4242067635059356,0.6728713512420654,0.8612496852874756,1.7852733962804675e-10,6.7462897300720215,0.8612496852874756,3.556412950031382e-12,7.380609512329102,0.8612496852874756,3.1989639408958884e-09,6.356147766113281
Parp10,0.1328430324792862,0.1427698582410812,0.1112940534949302,0.297473502416109,1.562259316444397,0.1112940534949302,0.7857834105633758,0.5216989517211914,0.1112940534949302,0.8625664602510542,0.4393050372600555
Grina,0.1216301247477531,0.2440993040800094,1.0960012674331665,4.20122144041242e-06,4.999558448791504,1.0960012674331665,3.118543880364828e-07,5.507959842681885,1.0960012674331665,8.303760526770602e-06,4.881773948669434
Smpd5,0.066022127866745,0.0261913333088159,-1.362812638282776,0.893361158873824,-0.7084612250328064,-1.362812638282776,0.0008567204788276,-3.70432710647583,-1.362812638282776,0.0147338421847174,-2.8751330375671387
Oplah,0.003318236907944,0.0,-21.66438102722168,0.9994412017932364,0.0010455889860168,-21.66438102722168,0.175399915118669,-1.7292635440826416,-21.66438102722168,0.4251387973546216,-1.211880445480347
Exosc4,0.2761538028717041,0.2691648006439209,-0.042252492159605,0.6893822082556078,0.9586557149887084,-0.042252492159605,0.9508664745627878,-0.2865777313709259,-0.042252492159605,0.9953709585068056,-0.2382183521986007
Gpaa1,0.0599109046161174,0.09686079621315,0.7200961112976074,0.0293828252104307,2.6460869312286377,0.7200961112976074,0.0239201533063057,2.6371328830718994,0.7200961112976074,0.0653252543490342,2.279802799224853
Cyc1,0.4260715842247009,0.5369240045547485,0.4199774861335754,0.004579619652111,3.278518915176392,0.4199774861335754,0.001380563653004,3.5734357833862305,0.4199774861335754,0.0091272300939414,3.037925720214844
Sharpin,0.1997198909521103,0.2517713010311126,0.3730944991111755,0.0155561399546838,2.8793280124664307,0.3730944991111755,0.0706792690790916,2.1853349208831787,0.3730944991111755,0.1527363798557852,1.8667322397232056
Maf1,0.3139482736587524,0.3866260349750519,0.3558920621871948,0.0109153176016289,3.0009896755218506,0.3558920621871948,0.0252921342271966,2.6148722171783447,0.3558920621871948,0.0748395140950004,2.2186946868896484
Gm35339,0.0119221350178122,0.0016880353214219,-2.827615737915039,0.9888502385877284,-0.1977656930685043,-2.827615737915039,0.027539453852301,-2.580511569976806,-2.827615737915039,0.1439580944165898,-1.8980462551116943
Hgh1,0.0677594318985939,0.0355719961225986,-0.9530982375144958,0.9888502385877284,-0.0888750627636909,-0.9530982375144958,0.0113798591020996,-2.9073357582092285,-0.9530982375144958,0.0648404051181067,-2.284130811691284
Mroh1,0.0624008066952228,0.0592080429196357,-0.0780979022383689,0.9888502385877284,0.5779119729995728,-0.0780979022383689,0.9775848135729454,-0.2481506019830703,-0.0780979022383689,1.0,-0.2077849805355072
Bop1,0.0975057780742645,0.1790701597929,0.937157154083252,0.000173262004924,4.173095226287842,0.937157154083252,9.52437906518772e-05,4.2817487716674805,0.937157154083252,0.0008482681402528,3.76092267036438
Scx,0.0010607464937493,0.0,-20.017414093017575,0.9888502385877284,0.0673658028244972,-20.017414093017575,0.4679991859106411,-1.0,-20.017414093017575,0.6832027011037286,-0.7008072733879089
Hsf1,0.1790199428796768,0.1172753721475601,-0.6558588743209839,0.9184698677352332,-0.6760479807853699,-0.6558588743209839,0.0040165310548928,-3.252232789993286,-0.6558588743209839,0.027962396663694,-2.6350560188293457
Dgat1,0.0368303395807743,0.0840694010257721,1.225105047225952,0.0239405765347812,2.723311185836792,1.225105047225952,0.0010833323166553,3.645173072814941,1.225105047225952,0.004989945937715,3.236661434173584
Scrt1,0.0,0.0024534643162041,21.228158950805664,0.9888502385877284,0.1678170263767242,21.228158950805664,0.4679991859106411,1.0,21.228158950805664,0.5282133287683867,1.0
Tmem249,0.0,0.0,0.0,0.9888502385877284,0.1005259156227111,0.0,1.0,0.0,0.0,1.0,0.0
Fbxl6,0.1756792366504669,0.2090898901224136,0.2760524451732635,0.0482717436223299,2.4523541927337646,0.2760524451732635,0.2303719015395369,1.5672826766967771,0.2760524451732635,0.3651163034384809,1.322818160057068
Slc52a2,0.0558097511529922,0.0715725496411323,0.3703802525997162,0.366679561120962,1.433129072189331,0.3703802525997162,0.3863049440178605,1.214297652244568,0.3703802525997162,0.5260009257431165,1.0405011177062988
Adck5,0.0495179817080497,0.0360989235341548,-0.4657455086708069,0.9888502385877284,0.3736487030982971,-0.4657455086708069,0.3380052976081543,-1.3100858926773071,-0.4657455086708069,0.5141389986926113,-1.0589218139648438
Cpsf1,0.0892621129751205,0.0843409448862075,-0.0854159817099571,0.5817771533051659,1.1019014120101929,-0.0854159817099571,0.9198872670763224,-0.3307564258575439,-0.0854159817099571,0.9729020404042328,-0.273422360420227
Slc39a4,0.0111295655369758,0.0435272939503192,1.9909995794296265,0.2347279007052974,1.6999036073684692,1.9909995794296265,0.0010222239245609,3.666293144226074,1.9909995794296265,0.0029842500147502,3.398279190063477
Vps28,0.8017123341560364,0.9920253157615662,0.4648217856884002,0.0007146466306825,3.8117692470550537,0.4648217856884002,1.06345467900572e-07,5.694133281707764,0.4648217856884002,1.7423725099554133e-05,4.721155166625977
Tonsl,0.0236908998340368,0.0701017081737518,1.5988565683364868,0.0386993207140513,2.540183782577514,1.5988565683364868,0.000238667138124,4.056796073913574,1.5988565683364868,0.001046929719786,3.705333948135376
Cyhr1,0.2489210218191146,0.2683929204940796,0.123309276998043,0.133656823138418,1.9970749616622925,0.123309276998043,0.5924313167127454,0.8015744090080261,0.123309276998043,0.7035790334281979,0.671346127986908
Kifc2,0.0110830152407288,0.0094461012631654,-0.2317424565553665,0.9888502385877284,0.102094292640686,-0.2317424565553665,0.9425792105131704,-0.2984724640846252,-0.2317424565553665,0.9880110766138052,-0.2501909732818603
Ppp1r16a,0.026596575975418,0.0385565347969532,0.5444089770317078,0.7710209696837581,0.8539474606513977,0.5444089770317078,0.3687779204227133,1.2485498189926147,0.5444089770317078,0.4975940582162068,1.0857974290847778
Gpt,0.035918865352869,0.0301706604659557,-0.2557649314403534,0.9888502385877284,0.3091956079006195,-0.2557649314403534,0.724572042208915,-0.6079541444778442,-0.2557649314403534,0.8209425973839333,-0.5005437731742859
Mfsd3,0.0215588249266147,0.011017233133316,-0.976141393184662,0.9998808200987978,-0.0001493698509875,-0.976141393184662,0.2089782685068371,-1.623435378074646,-0.976141393184662,0.3849946759394166,-1.28577721118927
Recql4,0.0034915602300316,0.0062662200070917,0.845726490020752,0.9888502385877284,0.4034479856491089,0.845726490020752,0.5799437945998273,0.8211860060691833,0.845726490020752,0.6832027011037286,0.7014907002449036
Lrrc14,0.0861683785915374,0.052126120775938,-0.7499912977218628,0.9888502385877284,-0.1138198301196098,-0.7499912977218628,0.0318261940987937,-2.5235588550567627,-0.7499912977218628,0.1133631114893159,-2.021582126617432
Lrrc24,0.0,0.0,0.0,0.9888502385877284,0.1005259156227111,0.0,1.0,0.0,0.0,1.0,0.0
C030006K11Rik,0.0900547504425048,0.0373188853263855,-1.3093411922454834,0.6502146005288407,-1.0110845565795898,-1.3093411922454834,0.000162041841269,-4.141515254974365,-1.3093411922454834,0.0046101288213485,-3.264482021331787
Arhgap39,0.0604808069765567,0.0441723242402076,-0.4652012884616852,0.9888502385877284,0.0377158895134925,-0.4652012884616852,0.3052761156705577,-1.380298733711243,-0.4652012884616852,0.4693361152514758,-1.1327645778656006
Zfp251,0.0687791183590889,0.112336166203022,0.7396739721298218,0.037557583168607,2.5519840717315674,0.7396739721298218,0.0186652886437452,2.7311577796936035,0.7396739721298218,0.0515477326458503,2.3825607299804688
Zfp7,0.0767576247453689,0.072273850440979,-0.0901108458638191,0.8192251734353883,0.7958425879478455,-0.0901108458638191,0.9308376756708404,-0.3148748576641083,-0.0901108458638191,0.980404619089116,-0.2617843151092529
Commd5,0.0022986230906099,0.0053994003683328,1.2342671155929563,0.9888502385877284,0.3027727007865906,1.2342671155929563,0.4840558129374303,0.9733991622924804,1.2342671155929563,0.6076901460044593,0.8639402985572815
Rpl8,3.992469549179077,3.448840856552124,-0.804015040397644,6.462472166806669e-145,-25.849050521850582,-0.804015040397644,2.612245283860381e-167,-35.93208312988281,-0.804015040397644,5.170200391314773e-144,-31.52823257446289
Zfp647,0.0033814869821071,0.0,-21.69166755676269,0.9994412017932364,0.0010455889860168,-21.69166755676269,0.1759409470765205,-1.727478265762329,-21.69166755676269,0.4256448719229913,-1.2106293439865112
1110038F14Rik,0.352678894996643,0.3349698781967163,-0.0878287628293037,0.8836753247190359,0.7192158699035645,-0.0878287628293037,0.6966630915449097,-0.6476870179176331,-0.0878287628293037,0.7961089893335727,-0.5369485020637512
Rbfox2,0.0,0.0,0.0,0.9888502385877284,0.1005259156227111,0.0,1.0,0.0,0.0,1.0,0.0
Apol9a,0.0,0.0,0.0,0.9888502385877284,0.1005259156227111,0.0,1.0,0.0,0.0,1.0,0.0
Apol7b,0.007835735566914,0.0040709655731916,-0.9474160075187684,0.9994412017932364,0.002389917615801,-0.9474160075187684,0.5237928412805326,-0.9076701402664183,-0.9474160075187684,0.6832027011037286,-0.7329329252243042
Apol7c,0.0,0.0024797867517918,21.24357414245605,0.9888502385877284,0.1678170263767242,21.24357414245605,0.4679991859106411,1.0,21.24357414245605,0.5282133287683867,1.0
Apol10b,0.006814835127443,0.0035237660631537,-0.9539364576339722,0.9888502385877284,0.035251285880804,-0.9539364576339722,0.5396638887198837,-0.8821326494216919,-0.9539364576339722,0.6832027011037286,-0.702922523021698
Apol7e,0.1126610785722732,0.0562661550939083,-1.0429028272628784,0.7461468485777697,-0.8845682740211487,-1.0429028272628784,0.0004289446216383,-3.8916289806365967,-1.0429028272628784,0.0080949784304846,-3.0795681476593018
Apol9b,0.0,0.0,0.0,0.9888502385877284,0.1005259156227111,0.0,1.0,0.0,0.0,1.0,0.0
Apol8,0.0081041092053055,0.0086457841098308,0.0937345176935195,0.9888502385877284,0.3357834219932556,0.0937345176935195,1.0,0.1175282150506973,0.0937345176935195,1.0,0.0972936302423477
Myh9,1.3031022548675537,1.440959334373474,0.2665774226188659,0.0316671754365391,2.6183788776397705,0.2665774226188659,0.0004375663916765,3.888874769210816,0.2665774226188659,0.0050513038613376,3.233072280883789
Txn2,0.5391521453857422,0.6197497844696045,0.2647157907485962,0.1314077411240672,2.0056636333465576,0.2647157907485962,0.0351904716404304,2.483592987060547,0.2647157907485962,0.0994931734041048,2.084033966064453
Foxred2,0.016629721969366,0.0083754835650324,-0.9954861998558044,0.9888502385877284,0.1000031158328056,-0.9954861998558044,0.2618411055555711,-1.4907218217849731,-0.9954861998558044,0.4571107605575044,-1.1533805131912231
Eif3d,0.5198880434036255,0.6907842755317688,0.545670211315155,7.43698265076975e-05,4.375341892242432,0.545670211315155,1.0025368889185608e-06,5.269487380981445,0.545670211315155,5.463350753155313e-05,4.4598708152771
Ift27,0.1540463119745254,0.2793228328227997,0.952198326587677,2.2815780320562733e-06,5.122564315795898,0.952198326587677,9.885051365958205e-07,5.280807971954346,0.952198326587677,2.47714879858409e-05,4.64177131652832
Ncf4,0.2388455271720886,0.4183755218982696,0.9453033804893494,2.7763669737340752e-09,6.318345069885254,0.9453033804893494,1.2527888585289518e-09,6.479794502258301,0.9453033804893494,1.8124263401488414e-07,5.645421981811523
Csf2rb2,0.0,0.0,0.0,0.9888502385877284,0.1005259156227111,0.0,1.0,0.0,0.0,1.0,0.0
Csf2rb,0.0011519219260662,0.0043566771782934,1.9214972257614136,0.9888502385877284,0.2019480466842651,1.9214972257614136,0.5207731283355611,0.912883758544922,1.9214972257614136,0.6065544320041992,0.8658639192581177
Tst,0.0104553261771798,0.0050775236450135,-1.0459253787994385,0.9888502385877284,0.0687101334333419,-1.0459253787994385,0.3887839681893032,-1.2093050479888916,-1.0459253787994385,0.5557648612978505,-0.9440205097198486
Mpst,0.1249520778656005,0.1858047395944595,0.617444634437561,0.0069103688919452,3.1505088806152344,0.617444634437561,0.0108021427802592,2.9283018112182617,0.617444634437561,0.0352200932637441,2.543437957763672
Kctd17,0.0060406113043427,0.0460813604295253,2.960425615310669,0.1386206819202082,1.978926539421081,2.960425615310669,3.699184517455354e-05,4.520647048950195,2.960425615310669,9.6705260346114e-05,4.333937168121338
Tmprss6,0.0,0.0017019050428643,20.69994735717773,0.9888502385877284,0.1678170263767242,20.69994735717773,0.4679991859106411,1.0,20.69994735717773,0.5282133287683867,1.0
Il2rb,0.2599701583385467,1.269933581352234,3.1084837913513184,1.9327364475827765e-112,22.75552749633789,3.1084837913513184,2.727241537389534e-135,31.177270889282227,3.1084837913513184,3.860794596506688e-119,27.75212287902832
C1qtnf6,0.0045645865611732,0.0336670167744159,2.903839588165283,0.4420454670432607,1.3092267513275146,2.903839588165283,0.0015700125549895,3.546522855758667,2.903839588165283,0.0028877307962296,3.4121828079223637
Sstr3,0.0,0.0,0.0,0.9888502385877284,0.1005259156227111,0.0,1.0,0.0,0.0,1.0,0.0
Rac2,2.087249994277954,2.6743295192718506,0.9349453449249268,9.94994905920884e-89,20.1995849609375,0.9349453449249268,1.359257830172367e-100,23.679994583129883,0.9349453449249268,3.4948343200499364e-64,18.98638916015625
Cyth4,0.3880639672279358,0.7192662358283997,1.1510679721832275,1.1246154629037837e-18,9.15069580078125,1.1510679721832275,1.3891569859493479e-21,10.117432594299316,1.1510679721832275,1.8972103685310836e-16,8.747893333435059
Elfn2,0.0,0.0,0.0,0.9888502385877284,0.1005259156227111,0.0,1.0,0.0,0.0,1.0,0.0
Mfng,0.2222109138965606,0.2529573142528534,0.2100202739238739,0.0589197702520849,2.3695287704467773,0.2100202739238739,0.3602313057595937,1.2649413347244265,0.2100202739238739,0.5088055877497504,1.0676538944244385
Card10,0.0,0.0074135498143732,22.827083587646484,0.9888502385877284,0.5042726397514343,22.827083587646484,0.0498932197215704,2.3440043926239014,22.827083587646484,0.0570022539673363,2.3440043926239014
Cdc42ep1,0.0,0.0020219106227159,20.94874763488769,0.9888502385877284,0.1678170263767242,20.94874763488769,0.4679991859106411,1.0,20.94874763488769,0.5282133287683867,1.0
Lgals2,0.0,0.0,0.0,0.9888502385877284,0.1005259156227111,0.0,1.0,0.0,0.0,1.0,0.0
Gga1,0.1325754970312118,0.2112681716680526,0.73065185546875,0.0006142891109126,3.853144884109497,0.73065185546875,0.0008603978766175,3.7087788581848153,0.73065185546875,0.0051978303301281,3.222909927368164
Sh3bp1,0.2773139774799347,0.2700436413288116,-0.0438111051917076,0.4863117821441605,1.2393217086791992,-0.0438111051917076,0.9476977063717246,-0.2910121977329254,-0.0438111051917076,0.9937052361456056,-0.2413851022720337
Pdxp,0.0820739492774009,0.0411343686282634,-1.0264147520065308,0.9888502385877284,-0.4373549520969391,-1.0264147520065308,0.0031482217806033,-3.32670259475708,-1.0264147520065308,0.0290301488526782,-2.621034383773804
Lgals1,0.5987067222595215,3.6039962768554688,5.446380615234375,4.5275922732780755e-192,29.86142349243164,5.446380615234375,0.0,90.75188446044922,5.446380615234375,0.0,73.9916763305664
Nol12,0.2175378203392028,0.3372614979743957,0.7229511141777039,6.1541006899067584e-06,4.921438217163086,0.7229511141777039,1.5564737849687665e-05,4.696578025817871,0.7229511141777039,0.0002992263315787,4.039917469024658
Triobp,0.1034586131572723,0.2252416610717773,1.2126730680465698,1.180680034566042e-06,5.252740383148193,1.2126730680465698,1.1151297608284445e-07,5.705296993255615,1.2126730680465698,2.98840851346515e-06,5.097605228424072
H1f0,0.0223879683762788,0.1232332289218902,2.5342228412628174,0.0015253119128454,3.603697061538696,2.5342228412628174,3.1917709102775575e-08,5.961689472198486,2.5342228412628174,1.607706381529946e-07,5.689842700958252
Gcat,0.0096360454335808,0.0148639250546693,0.6290808916091919,0.9743620949583252,0.6021099090576172,0.6290808916091919,0.5114963620479418,0.9279139637947084,0.6290808916091919,0.6480488778267147,0.8023757934570312
Gcat-1,0.0009175207815133,0.0,-19.80804443359375,0.9888502385877284,0.0673658028244972,-19.80804443359375,0.4679991859106411,-1.0,-19.80804443359375,0.6832027011037286,-0.7008072733879089
Galr3,0.0,0.0018099381122738,20.788816452026367,0.9888502385877284,0.2351081520318985,20.788816452026367,0.3450649121906017,1.2968895435333252,20.788816452026367,0.3795760233709979,1.2968895435333252
Ankrd54,0.1295812427997589,0.1540034860372543,0.2671393752098083,0.0833849337450874,2.217470169067383,0.2671393752098083,0.3447748779439573,1.2967753410339355,0.2671393752098083,0.4903867352726274,1.097532868385315
Eif3l,0.4063687622547149,0.5249629020690918,0.4615886509418487,0.0039360397043025,3.325271844863892,0.4615886509418487,0.0003948575974356,3.917527198791504,0.4615886509418487,0.00366974514299,3.3333680629730225
Micall1,0.079686015844345,0.0659323334693908,-0.2833818793296814,0.9888502385877284,0.2789482176303863,-0.2833818793296814,0.4903385220155383,-0.9626948237419128,-0.2833818793296814,0.6470842465353558,-0.8036326169967651
1700088E04Rik,0.0,0.0020559953991323,20.972888946533203,0.9888502385877284,0.1678170263767242,20.972888946533203,0.4679991859106411,1.0,20.972888946533203,0.5282133287683867,1.0
Polr2f,0.4819595217704773,0.7053514719009399,0.7264214158058167,4.372303180830765e-08,5.856194496154785,0.7264214158058167,3.7017487529123607e-11,7.025209426879883,0.7264214158058167,3.033269547299005e-08,5.969231128692627
Pick1,0.0363505594432354,0.0679041147232055,0.9244803190231324,0.1590633866398753,1.9089467525482176,0.9244803190231324,0.024566861419786,2.627579927444458,0.9244803190231324,0.0606942273947197,2.31220817565918
Gm49486,0.001145290210843,0.0,-20.128108978271484,0.9888502385877284,0.0673658028244972,-20.128108978271484,0.4679991859106411,-1.0,-20.128108978271484,0.6832027011037286,-0.7008072733879089
Baiap2l2,0.0013418332673609,0.0034024980850517,1.3438754081726074,0.9888502385877284,0.201798677444458,1.3438754081726074,0.6752902770089173,0.6780692934989929,1.3438754081726074,0.7394893017443891,0.6184760332107544
Pla2g6,0.017757499590516,0.0238263942301273,0.4285252392292022,0.9888502385877284,0.5639458894729614,0.4285252392292022,0.6010159815951713,0.7886614203453064,0.4285252392292022,0.6972029909336214,0.6804524064064026
Maff,0.013750965707004,0.001723715220578,-3.0046257972717285,0.9888502385877284,-0.2310004830360412,-3.0046257972717285,0.0164045903601959,-2.7774715423583984,-3.0046257972717285,0.1117913724381514,-2.030034303665161
Tmem184b,0.0375364609062671,0.043530736118555,0.2180948704481125,0.8221985153785394,0.7924070954322815,0.2180948704481125,0.7489652526641746,0.5750830769538879,0.2180948704481125,0.8291292137318428,0.4890250265598297
Csnk1e,0.0829345881938934,0.0769024714827537,-0.1133530512452125,0.9289121677456904,0.6601400971412659,-0.1133530512452125,0.8683869695876917,-0.405122846364975,-0.1133530512452125,0.9304102513127864,-0.3389236330986023
Kdelr3,0.0,0.0024441115092486,21.22264289855957,0.9888502385877284,0.2351081520318985,21.22264289855957,0.3066630232255233,1.3782953023910522,21.22264289855957,0.3388562783608168,1.3782953023910522
Ddx17,0.4156421720981598,0.5739377737045288,0.5891157984733582,1.6809204319329116e-05,4.711125373840332,0.5891157984733582,6.925476740637526e-06,4.87328577041626,0.5891157984733582,0.000176544780728,4.174450397491455
Dmc1,0.0,0.0,0.0,0.9888502385877284,0.1005259156227111,0.0,1.0,0.0,0.0,1.0,0.0
Fam227a,0.0,0.0028075510635972,21.42290687561035,0.9888502385877284,0.2351081520318985,21.42290687561035,0.3188030178795952,1.3512911796569824,21.42290687561035,0.3517510809714577,1.3512911796569824
Cby1,0.0443093106150627,0.0583016611635685,0.4061067402362823,0.3888891687056995,1.3949650526046753,0.4061067402362823,0.3909533610763059,1.2044185400009155,0.4061067402362823,0.5282133287683867,1.027158498764038
Tomm22,0.7761088609695435,1.1052218675613403,0.7840766310691833,3.922391946769706e-15,8.20033073425293,0.7840766310691833,4.894555772203599e-21,9.9247465133667,0.7840766310691833,1.0270153477524795e-14,8.239641189575195
Josd1,0.0550331734120845,0.0899238064885139,0.7338739037513733,0.1199788873447404,2.0504746437072754,0.7338739037513733,0.0390979282430096,2.440629720687866,0.7338739037513733,0.0909172575139448,2.1272294521331787
Gtpbp1,0.1499741077423095,0.18292036652565,0.310927152633667,0.0667090800141794,2.3173985481262207,0.310927152633667,0.2232330716680008,1.5868240594863892,0.310927152633667,0.3517708131866068,1.3500381708145142
Sun2,0.4987744390964508,0.2181510031223297,-1.407551407814026,3.4730752927189476e-10,-6.644195079803467,-1.407551407814026,4.374540631773608e-22,-10.152264595031738,-1.407551407814026,4.227674378471598e-14,-8.071145057678223
Dnal4,0.0277421660721302,0.0236139968037605,-0.2354286760091781,0.9888502385877284,0.4530387818813324,-0.2354286760091781,0.7895307105161307,-0.516506016254425,-0.2354286760091781,0.8754000698680448,-0.4208230674266815
Nptxr,0.0,0.0014205103507265,20.439002990722656,0.9888502385877284,0.1678170263767242,20.439002990722656,0.4679991859106411,1.0,20.439002990722656,0.5282133287683867,1.0
Cbx6,0.095959834754467,0.1191928461194038,0.3298546969890594,0.0923203544716891,2.172285795211792,0.3298546969890594,0.3038701850463472,1.383829116821289,0.3298546969890594,0.4480336737185444,1.1685762405395508
Apobec3,0.8975688815116882,1.3854477405548096,1.0436726808547974,1.4577825215241892e-27,11.180109977722168,1.0436726808547974,3.4277531561030824e-35,13.124407768249512,1.0436726808547974,2.3516259961231577e-24,10.854562759399414
Cbx7,0.2183250188827514,0.1060377657413482,-1.1250855922698977,0.0820593336908504,-2.224639892578125,-1.1250855922698977,1.6438268269034324e-07,-5.606146812438965,-1.1250855922698977,6.209222119831265e-05,-4.435122966766357
Pdgfb,0.0009675953187979,0.1496407389640808,7.381472587585449,4.2280087579855116e-07,5.448564052581787,7.381472587585449,9.531742027235664e-18,9.294175148010254,7.381472587585449,1.3803030516744518e-17,9.27660846710205
Rpl3,3.618587017059326,3.272663116455078,-0.5155899524688721,1.7138470244604354e-76,-18.748380661010746,-0.5155899524688721,2.5010365238014655e-73,-20.174713134765625,-0.5155899524688721,4.10005509168247e-56,-17.293500900268555
Syngr1,0.0010379659943282,0.002261355984956,1.1243109703063965,0.9888502385877284,0.201798677444458,1.1243109703063965,0.7391188589095897,0.5880242586135864,1.1243109703063965,0.8056666328829688,0.5242927074432373
Tab1,0.0597965270280838,0.0453307628631591,-0.4100973308086395,0.9888502385877284,0.2954535782337188,-0.4100973308086395,0.3762345063946613,-1.232879638671875,-0.4100973308086395,0.5282133287683867,-1.0111345052719116
Mief1,0.0659210756421089,0.0787144973874092,0.2652292847633362,0.3745674971209121,1.4189389944076538,0.2652292847633362,0.5123386140544332,0.9264698028564452,0.2652292847633362,0.6606489083853215,0.7850564122200012
Atf4,0.4598403573036194,0.6103987097740173,0.5268628001213074,0.0001052727343199,4.293561935424805,0.5268628001213074,2.958347331278041e-05,4.550713062286377,0.5268628001213074,0.0005876634713661,3.861091136932373
Rps19bp1,0.1179018840193748,0.1886531412601471,0.7304888367652893,0.0004899766869486,3.911399126052856,0.7304888367652893,0.0013415016953392,3.582426071166992,0.7304888367652893,0.0076767512374357,3.095777750015259
Cacna1i,0.0,0.0050312564708292,22.2661190032959,0.9888502385877284,0.3023992776870727,22.2661190032959,0.1875261667479645,1.6885435581207275,22.2661190032959,0.2103282144293991,1.6885435581207275
Enthd1,0.0,0.0,0.0,0.9888502385877284,0.1005259156227111,0.0,1.0,0.0,0.0,1.0,0.0
Grap2,1.0880016088485718,0.5159904360771179,-1.54338276386261,2.1166998827299105e-45,-14.40821647644043,-1.54338276386261,1.1220908682704603e-55,-16.857852935791016,-1.54338276386261,9.822685634535183e-37,-13.66982364654541
Fam83f,0.0,0.0,0.0,0.9888502385877284,0.1005259156227111,0.0,1.0,0.0,0.0,1.0,0.0
Tnrc6b,0.9354894757270812,0.65348881483078,-0.7476276755332947,3.0677659637071326e-14,-7.942816734313965,-0.7476276755332947,1.8480362265871506e-13,-7.782797336578369,-0.7476276755332947,1.418262566694791e-09,-6.494315147399902
Adsl,0.1802610605955124,0.2063071578741073,0.214099183678627,0.0813620828800012,2.2283742427825928,0.214099183678627,0.3869107368233334,1.2127585411071775,0.214099183678627,0.5282133287683867,1.0248053073883057
Sgsm3,0.0159423053264617,0.0112155713140964,-0.5107744336128235,0.9888502385877284,0.1662486493587494,-0.5107744336128235,0.5932278504112941,-0.8001177906990051,-0.5107744336128235,0.7214706826361742,-0.6447323560714722
Mrtfa,0.1613604575395584,0.1339764595031738,-0.2885468602180481,0.9888502385877284,0.5055422782897949,-0.2885468602180481,0.2942789202292576,-1.410803198814392,-0.2885468602180481,0.4550050029271653,-1.1566073894500732
Slc25a17,0.1076485887169838,0.2253494262695312,1.153092384338379,1.01001007863978e-06,5.283211708068848,1.153092384338379,1.4277639211808486e-07,5.657055854797363,1.153092384338379,4.275099242527579e-06,5.022380828857422
St13,0.4209043383598327,0.5464387536048889,0.4743924140930176,0.0007104561040394,3.813487052917481,0.4743924140930176,0.0004375663916765,3.890732526779175,0.4743924140930176,0.0039302665442227,3.311541557312012
Xpnpep3,0.0674045905470848,0.0483888536691665,-0.4920212626457214,0.9888502385877284,0.0783444866538047,-0.4920212626457214,0.2328413606924357,-1.560560703277588,-0.4920212626457214,0.3924870333034365,-1.2725896835327148
Dnajb7,0.0,0.0,0.0,0.9888502385877284,0.1005259156227111,0.0,1.0,0.0,0.0,1.0,0.0
Rbx1,1.1433411836624146,1.4715882539749146,0.6510624289512634,8.245228537220016e-18,8.928657531738281,0.6510624289512634,1.36663461735406e-22,10.300731658935549,0.6510624289512634,2.4852736127376428e-15,8.43266487121582
Ep300,0.3627763986587524,0.4420331418514251,0.3460695445537567,0.0114106521911342,2.9864261150360107,0.3460695445537567,0.0219831580769641,2.669375419616699,0.3460695445537567,0.067591993088948,2.26289439201355
L3mbtl2,0.0842654481530189,0.0929752811789512,0.1482817530632019,0.1946695655358128,1.8032675981521609,0.1482817530632019,0.7322923705787572,0.5970617532730103,0.1482817530632019,0.8231607283552367,0.497408777475357
Chadl,0.0,0.0049222004599869,22.234424591064453,0.9888502385877284,0.3696903884410858,22.234424591064453,0.1209557018171042,1.9320029020309448,22.234424591064453,0.1352091083631847,1.9320029020309448
Rangap1,0.2364999949932098,0.2990024089813232,0.385412722826004,0.0043585855461974,3.2939040660858154,0.385412722826004,0.0357211796209769,2.477682113647461,0.385412722826004,0.0961753383625381,2.1006534099578857
Zc3h7b,0.071607269346714,0.1019752025604248,0.5322631597518921,0.0768816418209268,2.254887342453003,0.5322631597518921,0.1044477639218909,2.0035409927368164,0.5322631597518921,0.2010300294327228,1.7148417234420776
Tef,0.0363991558551788,0.0591731704771518,0.7175969481468201,0.5491848198000732,1.147011160850525,0.7175969481468201,0.1431104590382234,1.8420650959014893,0.7175969481468201,0.2305557883913977,1.6318800449371338
Tob2,0.3063796460628509,0.2779794037342071,-0.1618248224258422,0.9888502385877284,0.5377314686775208,-0.1618248224258422,0.4679991859106411,-1.0445218086242676,-0.1618248224258422,0.6045844229222399,-0.8685536980628967
Phf5a,0.4140747189521789,0.7970633506774902,1.248768925666809,2.8660036576741942e-24,10.475979804992676,1.248768925666809,2.314713219643311e-30,12.173626899719238,1.248768925666809,1.5267854291327668e-22,10.388224601745604
Aco2,0.314719945192337,0.3662478625774383,0.2580264508724212,0.0538183883931933,2.407020568847656,0.2580264508724212,0.1311381298960438,1.887778639793396,0.2580264508724212,0.2466437031445419,1.5928701162338257
Polr3h,0.0627288445830345,0.0824374705553054,0.4085599780082702,0.2088871301368253,1.7653276920318604,0.4085599780082702,0.2908948955538883,1.426266074180603,0.4085599780082702,0.4214108206783372,1.2206685543060305
Csdc2,0.0,0.0,0.0,0.9888502385877284,0.1005259156227111,0.0,1.0,0.0,0.0,1.0,0.0
Pmm1,0.0953312665224075,0.1863809078931808,1.0344526767730713,2.192618605507838e-05,4.653318881988525,1.0344526767730713,8.970528930413e-06,4.821820259094238,1.0344526767730713,0.0001399577072671,4.232360363006592
Xrcc6,0.1272941529750824,0.1107117310166359,-0.2135567963123321,0.9488639667112244,0.6344484686851501,-0.2135567963123321,0.4843637641609778,-0.9726555347442628,-0.2135567963123321,0.6456932279555515,-0.8055968284606934
Desi1,0.1034722998738288,0.2443382889032364,1.3441922664642334,2.5584520119778443e-09,6.331414699554443,1.3441922664642334,2.441360051310716e-10,6.751018047332764,1.3441922664642334,2.9998842318878e-08,5.972081661224365
Snu13,0.8583394289016724,1.038912296295166,0.4259987473487854,0.001084200729981,3.6987709999084473,0.4259987473487854,2.1360872995897056e-06,5.116472244262695,0.4259987473487854,0.0001048974778563,4.303133964538574
Ccdc134,0.0675545334815979,0.0637079775333404,-0.0873835757374763,0.9228308299641564,0.6691022515296936,-0.0873835757374763,0.9517255989246572,-0.2848102450370788,-0.0873835757374763,0.9951737588084826,-0.2385131120681762
Srebf2,0.2968026101589203,0.2226957231760025,-0.4701982140541076,0.8172313109470756,-0.7983071804046631,-0.4701982140541076,0.0070939616144822,-3.0681464672088623,-0.4701982140541076,0.0391591360382018,-2.4995813369750977
Shisa8,0.0,0.0,0.0,0.9888502385877284,0.1005259156227111,0.0,1.0,0.0,0.0,1.0,0.0
Tnfrsf13c,0.0082637686282396,0.0462437309324741,2.5119071006774902,0.1818769842139535,1.840087294578552,2.5119071006774902,0.0001536494620028,4.175044536590576,2.5119071006774902,0.0004055001732864,3.96863055229187
Cenpm,0.0154012804850935,0.1107982918620109,2.916351556777954,6.730749496430931e-05,4.398344993591309,2.916351556777954,9.729524545687932e-11,6.943694114685059,2.916351556777954,7.690934902570091e-10,6.627874851226807
Naga,0.0391387082636356,0.0715477764606475,0.8939045071601868,0.1238661219217951,2.0347907543182373,0.8939045071601868,0.0262407930685638,2.6016299724578857,0.8939045071601868,0.0645132814895859,2.285468339920044
Pheta2,0.0103063406422734,0.0066579803824424,-0.633010983467102,0.9888502385877284,0.1022436693310737,-0.633010983467102,0.5939464143505806,-0.7989599704742432,-0.633010983467102,0.7242183155180387,-0.6409951448440552
Smdt1,0.8024786114692688,1.3541619777679443,1.2229098081588743,3.237046781633064e-39,13.380178451538086,1.2229098081588743,1.2067959633027952e-50,16.077655792236328,1.2229098081588743,1.9096929630120735e-35,13.351813316345217
Ndufa6,1.0326184034347534,1.0848726034164429,0.1154420375823974,0.9888502385877284,0.5538634061813354,0.1154420375823974,0.2754159465339779,1.4604415893554688,0.1154420375823974,0.4204216765528963,1.222380757331848
Cyp2d22,0.0119217000901699,0.0021297235507518,-2.4919230937957764,0.9888502385877284,-0.1645309031009674,-2.4919230937957764,0.0601211203861046,-2.256853580474853,-2.4919230937957764,0.209997281654933,-1.6885157823562622
Cyp2d26,0.004294279962778,0.0,-22.037084579467773,0.9888502385877284,-0.0321145206689834,-22.037084579467773,0.1069033874589946,-1.9910072088241575,-22.037084579467773,0.3309617864417822,-1.3953123092651367
Tcf20,0.3365598917007446,0.1895219087600708,-0.9392082691192628,0.0063096843877342,-3.1791880130767822,-0.9392082691192628,1.662635229199228e-08,-6.020775318145752,-0.9392082691192628,9.121068465807208e-06,-4.8654093742370605
Nfam1,0.0067423367872834,0.0,-22.68968391418457,0.9888502385877284,-0.0984347313642501,-22.68968391418457,0.0387492568139879,-2.4441168308258057,-22.68968391418457,0.202106131810576,-1.7128548622131348
Serhl,0.0738431736826896,0.1844732761383056,1.4023953676223757,3.39985760909108e-06,5.042054176330566,1.4023953676223757,4.1635209172014616e-08,5.889348030090332,1.4023953676223757,1.0958003469025584e-06,5.301436901092529
Rrp7a,0.1623459309339523,0.2205845266580581,0.4856104552745819,0.0013476223963565,3.638873815536499,0.4856104552745819,0.0202831155213013,2.6997766494750977,0.4856104552745819,0.062887813836583,2.296858549118042
Poldip3,0.2235442101955413,0.3081463277339935,0.5267837643623352,0.0002949099208969,4.040305137634277,0.5267837643623352,0.0022765101070807,3.427830696105957,0.5267837643623352,0.0128510481674254,2.921633243560791
Cyb5r3,0.1083026751875877,0.1789998263120651,0.7771068811416626,0.0002604300891315,4.071150302886963,0.7771068811416626,0.0010365423305274,3.6558356285095215,0.7771068811416626,0.0062856610294973,3.161385536193848
A4galt,0.0,0.0,0.0,0.9888502385877284,0.1005259156227111,0.0,1.0,0.0,0.0,1.0,0.0
Arfgap3,0.0173853654414415,0.0500080808997154,1.5479522943496704,0.176199984763215,1.8569660186767576,1.5479522943496704,0.0032702958441307,3.321366786956787,1.5479522943496704,0.0098853345879768,3.0114288330078125
Pacsin2,0.0251216832548379,0.1765418648719787,2.924067258834839,9.880520945705583e-10,6.4816060066223145,2.924067258834839,2.836593614122213e-17,9.07929801940918,2.924067258834839,7.30485779871125e-16,8.6469087600708
Ttll1,0.0133028514683246,0.0257250182330608,0.960426390171051,0.7312523201491311,0.9020445346832277,0.960426390171051,0.2032248696227052,1.6401898860931396,0.960426390171051,0.3044002708452289,1.4574716091156006
Bik,0.0094419587403535,0.0462345220148563,2.3184757232666016,0.2335484721308278,1.7029657363891602,2.3184757232666016,0.0003153647220285,3.9879555702209473,2.3184757232666016,0.0009230932268007,3.7422571182250977
Mcat,0.0869548991322517,0.0625937730073928,-0.4920401275157928,0.9888502385877284,0.3802956640720367,-0.4920401275157928,0.1530830832085862,-1.8050655126571653,-0.4920401275157928,0.3030376992450749,-1.4607206583023071
Tspo,1.267441749572754,1.963823318481445,1.26357901096344,2.981792564983792e-80,19.20455741882324,1.26357901096344,1.1024436083513375e-97,23.260986328125,1.26357901096344,3.2040062978065752e-62,18.636499404907227
Ttll12,0.0567665919661521,0.088653951883316,0.6664235591888428,0.105406981939675,2.1109695434570312,0.6664235591888428,0.06071182033143,2.2539093494415283,0.6664235591888428,0.1284708511286684,1.9558861255645752
Efcab6,0.0,0.0014205103507265,20.439002990722656,0.9888502385877284,0.1678170263767242,20.439002990722656,0.4679991859106411,1.0,20.439002990722656,0.5282133287683867,1.0
Sult4a1,0.0,0.0,0.0,0.9888502385877284,0.1005259156227111,0.0,1.0,0.0,0.0,1.0,0.0
Pnpla3,0.0,0.0,0.0,0.9888502385877284,0.1005259156227111,0.0,1.0,0.0,0.0,1.0,0.0
Samm50,0.3621876835823059,0.4941586852073669,0.5502061247825623,0.000156672508174,4.198040008544922,0.5502061247825623,3.0355674064530917e-05,4.544665336608887,0.5502061247825623,0.000608227090538,3.851728200912476
Parvb,0.0011468431912362,0.0,-20.13006591796875,0.9888502385877284,0.0673658028244972,-20.13006591796875,0.4679991859106411,-1.0,-20.13006591796875,0.6832027011037286,-0.7008072733879089
Parvg,0.1532755494117736,0.1892496794462204,0.3308532834053039,0.0407867756303867,2.5197947025299072,0.3308532834053039,0.1805159771687379,1.7100932598114014,0.3308532834053039,0.3047070476351026,1.45675790309906
Rtl6,0.0148344589397311,0.0146517399698495,-0.0180125441402196,0.9888502385877284,0.2664758265018463,-0.0180125441402196,1.0,-0.0284744370728731,-0.0180125441402196,1.0,-0.0238615088164806
Prr5,0.0012207893887534,0.1727422326803207,7.270181655883789,1.3224909716143463e-10,6.790652275085449,7.270181655883789,1.1060416848031297e-21,10.426740646362305,7.270181655883789,1.7426335275560716e-21,10.39711856842041
Arhgap8,0.0,0.0,0.0,0.9888502385877284,0.1005259156227111,0.0,1.0,0.0,0.0,1.0,0.0
Phf21b,0.0091657396405935,0.0145910149440169,0.6746782064437866,0.9888502385877284,0.3704372346401214,0.6746782064437866,0.563532991378289,0.8465730547904968,0.6746782064437866,0.6832027011037286,0.7506674528121948
Gm29666,0.0192199293524026,0.006281292065978,-1.6228227615356443,0.9888502385877284,-0.1989606469869613,-1.6228227615356443,0.0533367946434377,-2.309194326400757,-1.6228227615356443,0.184486992411648,-1.7663357257843018
Nup50,0.1873717010021209,0.3155598640441894,0.848349928855896,2.9592882143301967e-06,5.070583820343018,0.848349928855896,1.8626527212107972e-06,5.151015758514404,0.848349928855896,4.837130529975353e-05,4.488171577453613
5031439G07Rik,0.0197250321507453,0.0044986954890191,-2.143454074859619,0.9888502385877284,-0.2319713830947876,-2.143454074859619,0.0133046276887331,-2.851839065551758,-2.143454074859619,0.0923042271359738,-2.12183690071106
Fam118a,0.0703528821468353,0.0527089685201644,-0.4294188320636749,0.9972386929427344,-0.0173269025981426,-0.4294188320636749,0.3380052976081543,-1.3102582693099976,-0.4294188320636749,0.4969877645116561,-1.086930274963379
Fbln1,0.0,0.0016200187383219,20.62874794006348,0.9888502385877284,0.1678170263767242,20.62874794006348,0.4679991859106411,1.0,20.62874794006348,0.5282133287683867,1.0
Atxn10,0.2581016719341278,0.3523099422454834,0.5203137993812561,0.0004604311657851,3.927456378936768,0.5203137993812561,0.0014631982381544,3.5571939945220947,0.5203137993812561,0.0089981697098001,3.042684316635132
Cdpf1,0.1461818665266037,0.1842249035835266,0.3619011640548706,0.0330495082840198,2.6022469997406006,0.3619011640548706,0.1401907822353411,1.8522560596466064,0.3619011640548706,0.2515383314792818,1.5807963609695437
Ttc38,0.0746064558625221,0.065790832042694,-0.1878474503755569,0.9888502385877284,0.3916477560997009,-0.1878474503755569,0.7080549314464964,-0.6317506432533264,-0.1878474503755569,0.8040289106257826,-0.5266075730323792
Gtse1,0.0021722447127103,0.0125388773158192,2.5366363525390625,0.8383664917086351,0.7727649211883545,2.5366363525390625,0.0360014418425884,2.476991891860962,2.5366363525390625,0.0597136454706726,2.3205113410949707
Trmu,0.0544201582670211,0.0646393746137619,0.2557170987129211,0.4733341511064122,1.2588144540786743,0.2557170987129211,0.6033965864207057,0.7850137948989868,0.2557170987129211,0.7049990229792358,0.6688092947006226
Celsr1,0.0773529857397079,0.0628646314144134,-0.3097816109657287,0.9888502385877284,0.2703594267368316,-0.3097816109657287,0.4679991859106411,-1.0189435482025146,-0.3097816109657287,0.6205308325595947,-0.8430619835853577
Gramd4,0.2810691595077514,0.1536881029605865,-0.966131865978241,0.0218312826152448,-2.756396532058716,-0.966131865978241,2.3104004306325042e-07,-5.544628143310547,-0.966131865978241,5.151323964005026e-05,-4.476865768432617
Cerk,0.0639918074011802,0.0661010518670082,0.0483239963650703,0.7906433573503867,0.8297495245933533,0.0483239963650703,1.0,0.1587748378515243,0.0483239963650703,1.0,0.1336028277873993
Tbc1d22a,0.0370723716914653,0.0904025733470916,1.3248976469039917,0.0196269734623807,2.796651840209961,1.3248976469039917,0.0003022042795992,3.993842601776123,1.3248976469039917,0.0015812498232444,3.585888385772705
Brd1,0.5744617581367493,0.4963008761405945,-0.2723838090896606,0.0797246890780382,-2.237933874130249,-0.2723838090896606,0.038579209076648,-2.445330619812012,-0.2723838090896606,0.1102922489392208,-2.034919261932373
Zbed4,0.0543890334665775,0.0730673968791961,0.4395287930965423,0.3888456398106163,1.3951144218444824,0.4395287930965423,0.3063456618595858,1.3778388500213623,0.4395287930965423,0.4319370326850404,1.1959805488586426
Alg12,0.0221841726452112,0.0353064574301242,0.6799124479293823,0.7421307756440438,0.8888999819755554,0.6799124479293823,0.2836296755507129,1.4424333572387695,0.6799124479293823,0.397632104111411,1.2631103992462158
Creld2,0.091007187962532,0.1553308069705963,0.8186432719230652,0.0012845778078347,3.652242422103882,0.8186432719230652,0.0013385417581612,3.583523988723755,0.8186432719230652,0.0072401857824467,3.1151013374328613
Pim3,0.1006400138139724,0.0931178331375122,-0.1175882667303085,0.7246009588601713,0.9126498103141784,-0.1175882667303085,0.8152078781083322,-0.4805817604064941,-0.1175882667303085,0.890798582311953,-0.3985397219657898
Ttll8,0.0022444860078394,0.0069568720646202,1.6354551315307615,0.9888502385877284,0.3029220700263977,1.6354551315307615,0.3799417736484518,1.2263154983520508,1.6354551315307615,0.4717344939096123,1.1288435459136963
Trabd,0.1956353336572647,0.4055741429328918,1.210811972618103,7.51063249306859e-13,7.524580955505371,1.210811972618103,4.5892808506590456e-14,8.009039878845215,1.210811972618103,4.797443369342016e-11,7.032815456390381
Selenoo,0.1020369529724121,0.1218958348035812,0.2711494863033294,0.1975969305432728,1.7952762842178345,0.2711494863033294,0.4299853701586977,1.1368385553359983,0.2711494863033294,0.5404263399798924,0.9677741527557372
Tubgcp6,0.0427432730793952,0.0393208563327789,-0.122888296842575,0.9888502385877284,0.5283212065696716,-0.122888296842575,0.9220046855338592,-0.3274077177047729,-0.122888296842575,0.973753323249234,-0.2715179622173309
Hdac10,0.0217715818434953,0.0208347272127866,-0.0641341432929039,0.9888502385877284,0.3934401869773865,-0.0641341432929039,1.0,-0.1241532564163208,-0.0641341432929039,1.0,-0.1031474769115448
Mapk12,0.0,0.0,0.0,0.9888502385877284,0.1005259156227111,0.0,1.0,0.0,0.0,1.0,0.0
Mapk11,0.0090988893061876,0.0032382926438003,-1.4946885108947754,0.9888502385877284,-0.0313676707446575,-1.4946885108947754,0.2676385838794549,-1.4779490232467651,-1.4946885108947754,0.4660553967973249,-1.1381679773330688
Plxnb2,0.0,0.0019806060008704,20.9189395904541,0.9888502385877284,0.2351081520318985,20.9189395904541,0.2942789202292576,1.4142718315124512,20.9189395904541,0.3246286420995199,1.4142718315124512
Dennd6b,0.0357350893318653,0.0046804412268102,-2.955101251602173,0.8714516005885605,-0.7325097918510437,-2.955101251602173,3.88443593687885e-05,-4.4838409423828125,-2.955101251602173,0.0045503918621329,-3.2734196186065674
Ppp6r2,0.095346413552761,0.1313596218824386,0.4887398183345794,0.0634248938478001,2.338609218597412,0.4887398183345794,0.0972264580778021,2.0381762981414795,0.4887398183345794,0.1866922742330485,1.7587212324142456
Sbf1,0.201943963766098,0.266068547964096,0.4459015429019928,0.0019764139043527,3.529609680175781,0.4459015429019928,0.0198664751213941,2.707489013671875,0.4459015429019928,0.0630478923090954,2.2956860065460205
Lmf2,0.0500179342925548,0.1147895604372024,1.245838642120361,0.0034325458309599,3.367767333984375,1.245838642120361,0.0001096206798258,4.248978614807129,1.245838642120361,0.000782248177951,3.783756971359253
Ncaph2,0.1678690463304519,0.3005978465080261,0.9399762749671936,5.498638329537847e-07,5.39897346496582,0.9399762749671936,9.459736747483116e-08,5.728733539581299,0.9399762749671936,5.090880245577625e-06,4.984939098358154
Sco2,0.1284021884202957,0.1098000779747963,-0.2394753843545913,0.9888502385877284,0.4980737864971161,-0.2394753843545913,0.4606980079324993,-1.0843275785446167,-0.2394753843545913,0.5858928409033636,-0.8978781700134277
Tymp,0.0010822237236425,0.0009658070630393,-0.1642756015062332,0.9888502385877284,0.1345822364091873,-0.1642756015062332,1.0,-0.0802588537335395,-0.1642756015062332,1.0,-0.0639159753918647
Odf3b,0.0009360725525766,0.0,-19.836936950683597,0.9888502385877284,0.0673658028244972,-19.836936950683597,0.4679991859106411,-1.0,-19.836936950683597,0.6832027011037286,-0.7008072733879089
Syce3,0.0,0.001745410496369,20.73639488220215,0.9888502385877284,0.1678170263767242,20.73639488220215,0.4679991859106411,1.0,20.73639488220215,0.5282133287683867,1.0
Cpt1b,0.0010324596660211,0.0,-19.9783992767334,0.9888502385877284,0.0673658028244972,-19.9783992767334,0.4679991859106411,-1.0,-19.9783992767334,0.6832027011037286,-0.7008072733879089
Gm44502,0.0,0.0,0.0,0.9888502385877284,0.1005259156227111,0.0,1.0,0.0,0.0,1.0,0.0
Chkb,0.1034651473164558,0.1247738599777221,0.2858340144157409,0.209302077743244,1.763908624649048,0.2858340144157409,0.3994737717540846,1.188340425491333,0.2858340144157409,0.5282133287683867,1.0121397972106934
Mapk8ip2,0.0009768633171916,0.0,-19.89850425720215,0.9888502385877284,0.0673658028244972,-19.89850425720215,0.4679991859106411,-1.0,-19.89850425720215,0.6832027011037286,-0.7008072733879089
Arsa,0.0189584493637084,0.0180068481713533,-0.0749838799238205,0.9888502385877284,0.3009055852890014,-0.0749838799238205,1.0,-0.1233785524964332,-0.0749838799238205,1.0,-0.1042638793587684
Rabl2,0.0003030791413038,0.0005397105123847,0.832659900188446,0.9888502385877284,0.1345822364091873,0.832659900188446,0.8841473011376724,0.38228839635849,0.832659900188446,0.9284751298345104,0.3421476185321808
Alg10b,0.052049484103918,0.1052223816514015,1.054344654083252,0.0101578840693045,3.025113105773926,1.054344654083252,0.0009878057999625,3.6712825298309326,1.054344654083252,0.0049832790475769,3.2369935512542725
Abcd2,0.0,0.0,0.0,0.9888502385877284,0.1005259156227111,0.0,1.0,0.0,0.0,1.0,0.0
Lrrk2,0.0005408413126133,0.0061288950964808,3.506380558013916,0.9888502385877284,0.3366796672344208,3.506380558013916,0.175188784299411,1.7326122522354126,3.506380558013916,0.2034664328902325,1.7079100608825684
Cntn1,0.0,0.0,0.0,0.9888502385877284,0.1005259156227111,0.0,1.0,0.0,0.0,1.0,0.0
Gxylt1,0.0943491980433464,0.2580493092536926,1.5731148719787598,1.0958542768563468e-09,6.465175628662109,1.5731148719787598,3.2507770749366604e-12,7.427606582641602,1.5731148719787598,3.489983405092434e-10,6.7287917137146
Yaf2,0.1626133322715759,0.2461239397525787,0.6602299809455872,0.0002114762750112,4.123579025268555,0.6602299809455872,0.0008498253517037,3.7116448879241934,0.6602299809455872,0.0057383910084813,3.191030502319336
Zcrb1,0.4404369294643402,0.6298050880432129,0.6646935343742371,1.321305063460277e-06,5.230484008789063,0.6646935343742371,2.732172264396616e-08,5.945985317230225,0.6646935343742371,3.742188610456308e-06,5.049427032470703
Pphln1,0.0896434038877487,0.0906331166625022,0.0165655333548784,0.3754187138127727,1.4172959327697754,0.0165655333548784,1.0,0.0669492036104202,0.0165655333548784,1.0,0.0556592755019664
Prickle1,0.0072160055860877,0.0247091185301542,1.7884230613708496,0.6802916814286804,0.9719496369361876,1.7884230613708496,0.0359200487316227,2.477383136749268,1.7884230613708496,0.0655133769257956,2.2791740894317627
Adamts20,0.0,0.0,0.0,0.9888502385877284,0.1005259156227111,0.0,1.0,0.0,0.0,1.0,0.0
Pus7l,0.0621981434524059,0.0557493157684803,-0.1626148521900177,0.9254789887947228,0.6656667590141296,-0.1626148521900177,0.7913395738686241,-0.513983964920044,-0.1626148521900177,0.8721641760208606,-0.4257985651493072
Irak4,0.1145790591835975,0.1320469081401825,0.217566505074501,0.1752009511359024,1.8601027727127075,0.217566505074501,0.4980730690567972,0.9494206309318542,0.217566505074501,0.6471436216753012,0.8034796714782715
Twf1,0.151432067155838,0.2025898694992065,0.4578816592693329,0.0098870132104212,3.034373998641968,0.4578816592693329,0.0460047082702052,2.3737118244171143,0.4578816592693329,0.1109025194460678,2.03181266784668
Ano6,0.1439614593982696,0.1000111997127533,-0.5578689575195312,0.9888502385877284,-0.3413101136684418,-0.5578689575195312,0.0405432645078952,-2.4246814250946045,-0.5578689575195312,0.1214509573808428,-1.9865524768829343
Arid2,0.2098837494850158,0.1699762791395187,-0.3339549005031585,0.9888502385877284,0.1758083254098892,-0.3339549005031585,0.1449279836595516,-1.83531391620636,-0.3339549005031585,0.2792145378295442,-1.5131359100341797
Scaf11,0.668002188205719,0.6726975440979004,0.0138680217787623,0.9888502385877284,-0.1590042114257812,0.0138680217787623,1.0,0.1361447274684906,0.0138680217787623,1.0,0.1133466958999633
Slc38a1,0.6711034774780273,0.6629955768585205,-0.0240300670266151,0.9888502385877284,-0.5844842195510864,-0.0240300670266151,0.9862563042461484,-0.2356102764606475,-0.0240300670266151,1.0,-0.197374552488327
Slc38a2,1.0722814798355105,0.743658185005188,-0.8003976345062256,4.749436502889504e-15,-8.17702865600586,-0.8003976345062256,2.0258015490009562e-15,-8.380495071411133,-0.8003976345062256,8.334454622994673e-11,-6.951353549957275
Amigo2,0.0602976083755493,0.0,-25.889310836791992,0.3168831566118745,-1.524319410324097,-25.889310836791992,2.975236521547292e-11,-7.064021587371826,-25.889310836791992,7.057657658353043e-06,-4.950517654418945
Pced1b,0.2509262263774872,0.2161264419555664,-0.2414664030075073,0.9888502385877284,0.1762564331293106,-0.2414664030075073,0.261043412152547,-1.4927167892456057,-0.2414664030075073,0.4133910361090846,-1.235267162322998
Rpap3,0.070671834051609,0.0868220776319503,0.3087292313575744,0.3708448390244531,1.4254364967346191,0.3087292313575744,0.4578558546163163,1.0891938209533691,0.3087292313575744,0.5606200169634844,0.9364054203033448
Endou,0.0042480528354644,0.0025230371393263,-0.7528850436210632,0.9888502385877284,0.1351797133684158,-0.7528850436210632,0.7571432453051294,-0.563572347164154,-0.7528850436210632,0.8642803579395038,-0.4367987215518951
Rapgef3,0.0,0.0,0.0,0.9888502385877284,0.1005259156227111,0.0,1.0,0.0,0.0,1.0,0.0
Slc48a1,0.0919490084052085,0.1611712723970413,0.8606749773025513,0.0035753549219286,3.355220317840576,0.8606749773025513,0.0010053441680708,3.665710926055908,0.8606749773025513,0.0053670072594135,3.212812185287476
Hdac7,0.5820319056510925,0.5653337836265564,-0.0551860928535461,0.9888502385877284,-0.1018702387809753,-0.0551860928535461,0.8053151724025365,-0.4942960739135742,-0.0551860928535461,0.8809287133357457,-0.4133607745170593
Vdr,0.0,0.0,0.0,0.9888502385877284,0.1005259156227111,0.0,1.0,0.0,0.0,1.0,0.0
Tmem106c,0.0427654758095741,0.0338200628757476,-0.3450611233711242,0.9888502385877284,0.3674498498439789,-0.3450611233711242,0.5393537342737712,-0.8827741742134094,-0.3450611233711242,0.6832027011037286,-0.7228350639343262
Col2a1,0.0,0.0,0.0,0.9888502385877284,0.1005259156227111,0.0,1.0,0.0,0.0,1.0,0.0
Senp1,0.1808224022388458,0.1984259486198425,0.1471261233091354,0.1374985450319296,1.9828848838806152,0.1471261233091354,0.5917010100614398,0.8026994466781616,0.1471261233091354,0.6995428640932445,0.6770663261413574
Pfkm,0.0078596770763397,0.0044334479607641,-0.828514814376831,0.9888502385877284,0.2022467851638794,-0.828514814376831,0.500810988119617,-0.94512140750885,-0.828514814376831,0.6832027011037286,-0.72420734167099
Asb8,0.0742329433560371,0.1376368403434753,0.9372788071632384,0.0042778928098576,3.2995800971984863,0.9372788071632384,0.0008503499724667,3.713569402694702,0.9372788071632384,0.0043854862036162,3.277450561523437
Ccdc184,0.0,0.0,0.0,0.9888502385877284,0.1005259156227111,0.0,1.0,0.0,0.0,1.0,0.0
Olfr286,0.0010084839304909,0.0,-19.944486618041992,0.9888502385877284,0.0673658028244972,-19.944486618041992,0.4679991859106411,-1.0,-19.944486618041992,0.6832027011037286,-0.7008072733879089
Lalba,0.0,0.0020982206333428,21.00224876403809,0.9888502385877284,0.1678170263767242,21.00224876403809,0.4679991859106411,1.0,21.00224876403809,0.5282133287683867,1.0
Olfr279,0.0,0.0,0.0,0.9888502385877284,0.1005259156227111,0.0,1.0,0.0,0.0,1.0,0.0
Kansl2,0.1363896131515503,0.1548678874969482,0.1969566643238067,0.1109438913676224,2.087294340133667,0.1969566643238067,0.4815040573997257,0.9771680235862732,0.1969566643238067,0.6341311104554761,0.822711706161499
Ccnt1,0.3326493203639984,0.368056982755661,0.1729565560817718,0.1261992226996869,2.0258285999298096,0.1729565560817718,0.3607463701066264,1.2639662027359009,0.1729565560817718,0.5117823145856387,1.0631763935089111
4930415O20Rik,0.0010119348298758,0.0021478391718119,1.0865882635116575,0.9888502385877284,0.1347316056489944,1.0865882635116575,0.8166242113343644,0.4784196615219116,1.0865882635116575,0.8628147971810659,0.4388963282108307
Adcy6,0.0201754663139581,0.0007913129520602,-4.686215400695801,0.9888502385877284,-0.4302598834037781,-4.686215400695801,0.0003776309945629,-3.929501533508301,-4.686215400695801,0.0197828859560619,-2.7720320224761963
Cacnb3,0.0,0.0070510837249457,22.75450325012207,0.9888502385877284,0.3696903884410858,22.75450325012207,0.114854847174136,1.9579650163650515,22.75450325012207,0.12860141163557,1.9579650163650515
Ddx23,0.2115834504365921,0.1915953010320663,-0.1580670624971389,0.8845419195300561,0.7180209159851074,-0.1580670624971389,0.5336704311529898,-0.8915672302246094,-0.1580670624971389,0.6832027011037286,-0.7442439198493958
Rnd1,0.0031542889773845,0.0,-21.59115982055664,0.9994412017932364,0.0010455889860168,-21.59115982055664,0.1751537935686868,-1.7312027215957642,-21.59115982055664,0.4247445287235097,-1.2132394313812256
Fkbp11,0.0095289256423711,0.0114203598350286,0.2625893354415893,0.9888502385877284,0.2699113190174103,0.2625893354415893,0.9085981012114378,0.3464167416095733,0.2625893354415893,0.9587084534961716,0.2954098880290985
Arf3,0.281235933303833,0.3652307987213135,0.4408755898475647,0.0035769957292249,3.354921579360962,0.4408755898475647,0.0078406202751594,3.0364468097686768,0.4408755898475647,0.0308369464250826,2.5954456329345703
Wnt10b,0.0009979918831959,0.0147393457591533,3.8944244384765625,0.8673548860792544,0.739828884601593,3.8944244384765625,0.0319506880278548,2.5278685092926025,3.8944244384765625,0.0408796673335579,2.484851598739624
Ddn,0.0,0.0,0.0,0.9888502385877284,0.1005259156227111,0.0,1.0,0.0,0.0,1.0,0.0
Prkag1,0.254856139421463,0.4021618068218231,0.7701584696769714,5.713655193911106e-07,5.391579627990723,0.7701584696769714,4.964879698192026e-07,5.411408424377441,0.7701584696769714,2.284195142522728e-05,4.659942150115967
Kmt2d,0.3628887236118316,0.287683367729187,-0.3922305703163147,0.4822860760478516,-1.2455952167510986,-0.3922305703163147,0.0175698999671209,-2.751884937286377,-0.3922305703163147,0.0658614888203284,-2.276292085647583
Rhebl1,0.0425993464887142,0.0237719044089317,-0.855229914188385,0.9888502385877284,0.1024677231907844,-0.855229914188385,0.0847114138874128,-2.101515769958496,-0.855229914188385,0.2233049434893509,-1.651911973953247
Dhh,0.0,0.0,0.0,0.9888502385877284,0.1005259156227111,0.0,1.0,0.0,0.0,1.0,0.0
Lmbr1l,0.110530138015747,0.1928186863660812,0.8636637926101685,0.0006555277799951,3.835967302322388,0.8636637926101685,0.0002573009990814,4.032164096832275,0.8636637926101685,0.0019505816625717,3.5235817432403564
Tuba1b,0.7905665040016174,0.606995165348053,-0.5289162993431091,3.618286652847257e-06,-5.029058933258057,-0.5289162993431091,1.526920740202671e-05,-4.700414180755615,-0.5289162993431091,0.0003169282357173,-4.0252685546875
Tuba1a,0.4451897740364074,0.4132125079631805,-0.1322482377290725,0.9888502385877284,-0.4966547787189483,-0.1322482377290725,0.4679991859106411,-1.0569336414337158,-0.1322482377290725,0.5949128100759453,-0.8829851746559143
Tuba1c,0.148056298494339,0.223541110754013,0.6505302786827087,0.0015008642997984,3.608327627182007,0.6505302786827087,0.0023325569725523,3.4214465618133545,0.6505302786827087,0.01118297237732,2.968624353408813
Prph,0.0,0.0,0.0,0.9888502385877284,0.1005259156227111,0.0,1.0,0.0,0.0,1.0,0.0
Troap,0.0027542938478291,0.0143840750679373,2.3931186199188232,0.8101867390177802,0.8073440790176392,2.3931186199188232,0.0411701172954483,2.421786069869995,2.3931186199188232,0.067326273849996,2.26651668548584
C1ql4,0.0,0.0,0.0,0.9888502385877284,0.1005259156227111,0.0,1.0,0.0,0.0,1.0,0.0
Dnajc22,0.0,0.0008512633503414,19.699861526489254,0.9888502385877284,0.1678170263767242,19.699861526489254,0.4679991859106411,1.0,19.699861526489254,0.5282133287683867,1.0
Spats2,0.0072325719520449,0.0712244138121604,3.3462531566619877,0.0170876881675557,2.8466906547546387,3.3462531566619877,1.5123130590858393e-07,5.676041126251221,3.3462531566619877,4.859123061661402e-07,5.4833664894104
Kcnh3,0.0149331921711564,0.0,-23.842803955078125,0.9888502385877284,-0.2973953783512115,-23.842803955078125,0.0022985495411647,-3.4253458976745605,-23.842803955078125,0.049938246181004,-2.40050745010376
Mcrs1,0.2007402926683426,0.2791591584682464,0.5345848798751831,0.0009390870393613,3.738055229187012,0.5345848798751831,0.0035120391651225,3.2961108684539795,0.5345848798751831,0.0163696468844127,2.8346524238586426
Fam186b,0.0030094520188868,0.001340786460787,-1.167624831199646,0.9888502385877284,0.0681126564741134,-1.167624831199646,0.6260622204420128,-0.7507268786430359,-1.167624831199646,0.7634699330631264,-0.5828338861465454
Prpf40b,0.0021241793874651,0.0,-21.020008087158203,0.9888502385877284,0.0342056974768638,-21.020008087158203,0.2942789202292576,-1.4134204387664795,-21.020008087158203,0.5299909986835808,-0.990535318851471
Fmnl3,0.0546286478638649,0.0366895012557506,-0.5873293280601501,0.9888502385877284,0.3149463534355163,-0.5873293280601501,0.1982440488532713,-1.6538256406784058,-0.5873293280601501,0.3616040340994137,-1.3300808668136597
Tmbim6,0.8193711638450623,1.289886236190796,1.0525895357131958,1.4123005298611172e-27,11.183096885681152,1.0525895357131958,5.026691753398925e-38,13.69984531402588,1.0525895357131958,2.100594386604376e-26,11.345510482788086
Nckap5l,0.050074677914381,0.0058538326993584,-3.1286747455596924,0.5817400807669281,-1.1022001504898071,-3.1286747455596924,2.7031062348105e-07,-5.517098426818848,-3.1286747455596924,0.0003545553087745,-4.01033878326416
Bcdin3d,0.1004604548215866,0.0751452967524528,-0.4374010264873504,0.9888502385877284,0.3462393283843994,-0.4374010264873504,0.1856345409657058,-1.6923415660858154,-0.4374010264873504,0.3381368525856004,-1.378520369529724
Faim2,0.0,0.0019646594300866,20.90726661682129,0.9888502385877284,0.1678170263767242,20.90726661682129,0.4679991859106411,1.0,20.90726661682129,0.5282133287683867,1.0
Racgap1,0.14272440969944,0.3684347867965698,1.5379191637039185,1.4258472115411292e-14,8.040056228637695,1.5379191637039185,3.518668594076128e-16,8.67555046081543,1.5379191637039185,3.208043035898909e-13,7.768501758575439
Smarcd1,0.1644144654273986,0.1622995734214782,-0.0202449038624763,0.46618590631755,1.271212100982666,-0.0202449038624763,1.0,-0.1036103665828704,-0.0202449038624763,1.0,-0.0867176726460456
Gm17349,0.0,0.0017411668086424,20.732879638671875,0.9888502385877284,0.1678170263767242,20.732879638671875,0.4679991859106411,1.0,20.732879638671875,0.5282133287683867,1.0
Gpd1,0.0011424550320953,0.0,-20.124530792236328,0.9888502385877284,0.0673658028244972,-20.124530792236328,0.4679991859106411,-1.0,-20.124530792236328,0.6832027011037286,-0.7008072733879089
Cox14,0.6094940900802612,0.5221032500267029,-0.2922291159629822,0.0738843300372428,-2.272662401199341,-0.2922291159629822,0.0201478181574592,-2.7015087604522705,-0.2922291159629822,0.0734252735332092,-2.227574110031128
Cers5,0.1295632719993591,0.2597855925559997,1.100645661354065,2.2199049490960175e-07,5.568583011627197,1.100645661354065,2.4527253417929315e-08,5.976502418518066,1.100645661354065,1.3626799947899223e-06,5.256096363067627
Lima1,0.0,0.0014961459673941,20.513900756835938,0.9888502385877284,0.1678170263767242,20.513900756835938,0.4679991859106411,1.0,20.513900756835938,0.5282133287683867,1.0
Larp4,0.2626727223396301,0.2380658388137817,-0.1603957265615463,0.8769771985405768,0.7269083857536316,-0.1603957265615463,0.4871708163664546,-0.9676042199134828,-0.1603957265615463,0.645552194647779,-0.8058285117149353
Dip2b,0.1732108443975448,0.1708159893751144,-0.0218631085008382,0.3184228440829753,1.521332025527954,-0.0218631085008382,1.0,-0.1169396936893463,-0.0218631085008382,1.0,-0.0970540270209312
Atf1,0.2927782833576202,0.4247344434261322,0.637617826461792,1.3809160780397425e-05,4.753322124481201,0.637617826461792,1.693222782750306e-05,4.677068710327148,0.637617826461792,0.0003528754274216,3.9976885318756095
Mettl7a1,0.0190421156585216,0.0655126944184303,1.8163381814956665,0.116200500865865,2.065187692642212,1.8163381814956665,0.0003434546082404,3.963827610015869,1.8163381814956665,0.0012043915463205,3.666390657424927
Mettl7a3,0.0,0.0,0.0,0.9888502385877284,0.1005259156227111,0.0,1.0,0.0,0.0,1.0,0.0
Mettl7a2,0.0,0.0,0.0,0.9888502385877284,0.1005259156227111,0.0,1.0,0.0,0.0,1.0,0.0
Slc11a2,0.1366216540336609,0.0452638491988182,-1.6606543064117432,0.1338840186004705,-1.9961787462234497,-1.6606543064117432,4.290216417493385e-09,-6.247163772583008,-1.6606543064117432,1.299722132077619e-05,-4.796256065368652
Gm5475,0.0056083765812218,0.0,-22.42319869995117,0.9888502385877284,-0.0652746260166168,-22.42319869995117,0.0658258565649662,-2.2173726558685303,-22.42319869995117,0.2624971619192791,-1.5539509057998655
Letmd1,0.0818056315183639,0.094631090760231,0.2195019572973251,0.3036048178709844,1.5501604080200195,0.2195019572973251,0.5671787361677099,0.8401200771331787,0.2195019572973251,0.6832027011037286,0.7107058763504028
Csrnp2,0.0171573907136917,0.004818245768547,-1.8411670923233032,0.9888502385877284,-0.1980644315481186,-1.8411670923233032,0.0491447119727537,-2.3447999954223637,-1.8411670923233032,0.1793756148637206,-1.7814526557922363
Tfcp2,0.0407612323760986,0.0232327748090028,-0.8237475156784058,0.9888502385877284,-0.1465318351984024,-0.8237475156784058,0.1372205191928123,-1.863012433052063,-0.8237475156784058,0.2883278345070117,-1.4928609132766724
Pou6f1,0.0498441532254219,0.0175645910203456,-1.5281697511672974,0.8976559187786647,-0.700171172618866,-1.5281697511672974,0.0035843494415635,-3.2866172790527344,-1.5281697511672974,0.0334509544192501,-2.5656142234802246
Dazap2,0.6160297989845276,1.051872730255127,1.129449725151062,1.0104889799948378e-24,10.575834274291992,1.129449725151062,5.1517036171469825e-34,12.906620979309082,1.129449725151062,4.2313199072793644e-24,10.78428077697754
Smagp,0.0,0.0014572162181138,20.4758358001709,0.9888502385877284,0.1678170263767242,20.4758358001709,0.4679991859106411,1.0,20.4758358001709,0.5282133287683867,1.0
Bin2,0.8314074873924255,1.0744729042053225,0.5727643966674805,3.478450046874502e-07,5.485010623931885,0.5727643966674805,1.8788443897435958e-10,6.766544342041016,0.5727643966674805,1.7924002709048705e-07,5.649445056915283
Cela1,0.0057062343694269,0.0501142293214798,3.1667919158935547,0.1482928593043136,1.944496750831604,3.1667919158935547,2.5441550866856344e-05,4.608088970184326,3.1667919158935547,6.089057368312128e-05,4.447718620300293
Galnt6,0.2683948576450348,0.2126070410013198,-0.3780214786529541,0.9888502385877284,-0.224278837442398,-0.3780214786529541,0.0541644785716686,-2.3029897212982178,-0.3780214786529541,0.1436276442012148,-1.8978571891784668
Slc4a8,0.0031824889592826,0.0245588365942239,2.9634697437286377,0.5528591785945152,1.1414843797683716,2.9634697437286377,0.0032206466164385,3.3306052684783936,2.9634697437286377,0.0057118955975882,3.1975252628326416
Scn8a,0.0,0.0,0.0,0.9888502385877284,0.1005259156227111,0.0,1.0,0.0,0.0,1.0,0.0
Acvrl1,0.0360831767320632,0.0,-25.13092994689941,0.7126531028079713,-0.927437424659729,-25.13092994689941,1.6774679308141717e-07,-5.617453098297119,-25.13092994689941,0.0004757734946072,-3.9367518424987793
Acvr1b,0.0437926538288593,0.0101289981976151,-2.136589288711548,0.8400339694284155,-0.7708978056907654,-2.136589288711548,0.0001980250683791,-4.091312408447266,-2.136589288711548,0.008041806249396,-3.0845515727996826
Grasp,0.0388847105205059,0.050218641757965,0.3772565424442291,0.6890182706753096,0.95910382270813,0.3772565424442291,0.4708375341875953,0.9943056106567384,0.3772565424442291,0.6147634636813195,0.851914644241333
Nr4a1,0.1077166050672531,0.2711144983768463,1.4532465934753418,3.697581931919306e-08,5.885993957519531,1.4532465934753418,2.6741958134014905e-10,6.746354103088379,1.4532465934753418,1.6585027620728208e-08,6.078588962554932
Atg101,0.161287635564804,0.3003997504711151,1.0014530420303345,6.051245705887428e-08,5.799732685089111,1.0014530420303345,2.76404762382063e-08,5.951738834381104,1.0014530420303345,1.932448496991518e-06,5.1841230392456055
Smim41,0.0029172950889915,0.0023950894828885,-0.2849285900592804,0.9888502385877284,0.1351797133684158,-0.2849285900592804,1.0,-0.210526704788208,-0.2849285900592804,1.0,-0.1731806546449661
Krt80,0.0,0.0,0.0,0.9888502385877284,0.1005259156227111,0.0,1.0,0.0,0.0,1.0,0.0
Krt86,0.0,0.0,0.0,0.9888502385877284,0.1005259156227111,0.0,1.0,0.0,0.0,1.0,0.0
Krt83,0.0,0.0,0.0,0.9888502385877284,0.1005259156227111,0.0,1.0,0.0,0.0,1.0,0.0
Krt18,0.0003030791413038,0.0029520348180085,3.2858502864837646,0.9888502385877284,0.2020974159240722,3.2858502864837646,0.369095499226498,1.2484235763549805,3.2858502864837646,0.4136813335220942,1.235433578491211
Eif4b,0.6936150193214417,0.3502370119094848,-1.2549372911453247,3.765810844853422e-18,-9.016412734985352,-1.2549372911453247,3.07500543033449e-26,-11.157696723937988,-1.2549372911453247,2.2709632741909082e-17,-9.036124229431152
Tns2,0.0024108833167701,0.0271540153771638,3.511423826217652,0.4839717226360187,1.2427572011947632,3.511423826217652,0.001005062811971,3.67593765258789,3.511423826217652,0.0017728500313242,3.559295654296875
Spryd3,0.0692891031503677,0.209994837641716,1.70351243019104,1.164340402527316e-08,6.082265853881836,1.70351243019104,8.922822277378942e-12,7.278611660003662,1.70351243019104,7.77252860115919e-10,6.598756790161133
Igfbp6,0.0,0.0026931003667414,21.36277961730957,0.9888502385877284,0.2351081520318985,21.36277961730957,0.2969036962027284,1.4022589921951294,21.36277961730957,0.3289811265487507,1.4022589921951294
Soat2,0.0034492714330554,0.0057469340972602,0.7381594777107239,0.9888502385877284,0.2693138420581817,0.7381594777107239,0.693603690478076,0.6524425148963928,0.7381594777107239,0.7760453788949582,0.5646981596946716
Csad,0.0621571540832519,0.0331886447966098,-0.9262930750846864,0.9888502385877284,-0.3941123783588409,-0.9262930750846864,0.0333782995946465,-2.504340410232544,-0.9262930750846864,0.1180452032930905,-2.0014448165893555
Zfp740,0.2060477137565612,0.1723925024271011,-0.2823237180709839,0.9888502385877284,0.3448950052261352,-0.2823237180709839,0.2246741018598813,-1.5826014280319214,-0.2823237180709839,0.3737095844475429,-1.3071558475494385
Itgb7,1.152831792831421,1.3351855278015137,0.3699896037578583,6.08469342817178e-05,4.423439025878906,0.3699896037578583,2.528624168759693e-05,4.58740234375,0.3699896037578583,0.0004676541192588,3.9235897064208975
Rarg,0.1128949224948883,0.0484516099095344,-1.267475128173828,0.4385709126204581,-1.3148281574249268,-1.267475128173828,6.40775086610193e-05,-4.365664005279541,-1.267475128173828,0.0025543037541953,-3.4458346366882324
Mfsd5,0.1183625310659408,0.140888974070549,0.2679466307163238,0.0755263037017054,2.2627291679382324,0.2679466307163238,0.3803115635179992,1.2250975370407104,0.2679466307163238,0.5282133287683867,1.0328959226608276
Espl1,0.0014693244593217,0.0190100185573101,3.706208467483521,0.482806101954132,1.244699001312256,3.706208467483521,0.0014066425381854,3.5797359943389893,3.706208467483521,0.002378705743627,3.4726502895355225
Pfdn5,1.9090629816055296,1.910572171211243,0.0025559212081134,0.3215733826389406,-1.5155065059661863,0.0025559212081134,1.0,0.0554250553250312,0.0025559212081134,1.0,0.0457780361175537
Myg1,0.1664830595254898,0.2702565491199493,0.7765331268310547,9.268339885939075e-06,4.836521148681641,0.7765331268310547,3.456190797828227e-05,4.518316268920898,0.7765331268310547,0.0004920754914716,3.909285306930542
Aaas,0.0686334744095802,0.0982955321669578,0.5399078130722046,0.027937107008736,2.665281057357788,0.5399078130722046,0.094417141027066,2.0515923500061035,0.5399078130722046,0.1932118868519133,1.739486575126648
Sp1,0.2283232510089874,0.2354969233274459,0.0500048846006393,0.4660897662109405,1.2715108394622805,0.0500048846006393,0.947875664131088,0.290707379579544,0.0500048846006393,0.9906969272754956,0.2459572404623031
Amhr2,0.0,0.0,0.0,0.9888502385877284,0.1005259156227111,0.0,1.0,0.0,0.0,1.0,0.0
Prr13,0.36708465218544,1.3229620456695557,2.634732961654663,1.984797920918341e-104,21.92405891418457,2.634732961654663,3.2210345252980943e-131,29.523441314697266,2.634732961654663,6.719265217693585e-106,25.52305221557617
Pcbp2,1.300428867340088,1.3156474828720093,0.0300911720842123,0.963651602271146,-0.6168975234031677,0.0300911720842123,0.8395155492449972,0.4449589252471924,0.0300911720842123,0.9094513696739596,0.3710679709911346
Map3k12,0.0480631291866302,0.0452223010361194,-0.0899614542722702,0.9727054189987778,0.6070390939712524,-0.0899614542722702,0.9715038486272364,-0.2567014992237091,-0.0899614542722702,1.0,-0.2138037383556366
Tarbp2,0.0984868481755256,0.1341544985771179,0.4721201062202453,0.0543279288389589,2.4029128551483154,0.4721201062202453,0.099558339680049,2.027116060256958,0.4721201062202453,0.1928710049144902,1.7405202388763428
Npff,0.0,0.0,0.0,0.9888502385877284,0.1005259156227111,0.0,1.0,0.0,0.0,1.0,0.0
Atf7,0.1928256899118423,0.1408882141113281,-0.4912528693675995,0.9888502385877284,-0.3018018007278442,-0.4912528693675995,0.0270641573125881,-2.587308168411255,-0.4912528693675995,0.0953517169960374,-2.105076313018799
Atp5g2,1.731855869293213,1.9442347288131716,0.3645600378513336,2.699689847036297e-10,6.683404922485352,0.3645600378513336,2.972211224292972e-11,7.050183296203613,0.3645600378513336,5.143736716474627e-08,5.876657009124756
Calcoco1,0.0516462884843349,0.0490955859422683,-0.07492695748806,0.9888502385877284,0.3342897295951843,-0.07492695748806,1.0,-0.2060816437005996,-0.07492695748806,1.0,-0.1741517186164856
Hoxc9,0.0,0.0007113116444088,19.440637588500977,0.9888502385877284,0.1678170263767242,19.440637588500977,0.4679991859106411,1.0,19.440637588500977,0.5282133287683867,1.0
Hoxc6,0.0,0.0,0.0,0.9888502385877284,0.1005259156227111,0.0,1.0,0.0,0.0,1.0,0.0
Hoxc4,0.0,0.0,0.0,0.9888502385877284,0.1005259156227111,0.0,1.0,0.0,0.0,1.0,0.0
Smug1,0.0519979782402515,0.0669730454683303,0.3760343492031097,0.6274473758350458,1.0401369333267212,0.3760343492031097,0.4414623338669306,1.116762638092041,0.3760343492031097,0.54415384353562,0.9616802930831908
Cbx5,0.1591507643461227,0.3169620335102081,1.112264633178711,3.150934615072423e-08,5.913776874542236,1.112264633178711,4.374021506600391e-09,6.278423309326172,1.112264633178711,2.8125576197454e-07,5.562555313110352
Hnrnpa1,1.2203229665756226,1.3451021909713743,0.2491955608129501,0.0144064552083998,2.905990600585937,0.2491955608129501,0.0027590181082393,3.369357109069824,0.2491955608129501,0.0158334741302853,2.846259355545044
Nfe2,0.0011751686688512,0.0220797639340162,4.246892929077148,0.6013700106226378,1.0756123065948486,4.246892929077148,0.0021287254822216,3.458991289138794,4.246892929077148,0.0031017469167516,3.3931639194488525
Copz1,0.2693391144275665,0.4228982031345367,0.7680329084396362,1.7200664715470025e-07,5.614737987518311,0.7680329084396362,2.331434895476089e-07,5.555591106414795,0.7680329084396362,1.3185624029139142e-05,4.780833721160889
Zfp385a,0.0007365080527961,0.0,-19.490875244140625,0.9888502385877284,0.0673658028244972,-19.490875244140625,0.4679991859106411,-1.0,-19.490875244140625,0.6832027011037286,-0.7008072733879089
Itga5,0.0072908429428935,0.0,-22.80291748046875,0.9888502385877284,-0.1315948367118835,-22.80291748046875,0.0303450849873474,-2.5437512397766118,-22.80291748046875,0.1793756148637206,-1.782679319381714
Gtsf1,0.0,0.007378997746855,22.82032012939453,0.9888502385877284,0.5042726397514343,22.82032012939453,0.048095462792441,2.359427690505981,22.82032012939453,0.0549801347813306,2.359427690505981
Nckap1l,0.2243728637695312,0.3493858575820923,0.7334062457084656,1.2459635432310108e-05,4.775503635406494,0.7334062457084656,1.215413530852489e-05,4.752613067626953,0.7334062457084656,0.0002221515088776,4.115931987762451
Pde1b,0.0065280930139124,0.0324291549623012,2.3313021659851074,0.5769941028508102,1.1080255508422852,2.3313021659851074,0.0058791302955109,3.13774847984314,2.3313021659851074,0.0109041700397398,2.9809274673461914
Mefv,0.0,0.0,0.0,0.9888502385877284,0.1005259156227111,0.0,1.0,0.0,0.0,1.0,0.0
Zfp263,0.1430142670869827,0.129147857427597,-0.1573647856712341,0.814356831040951,0.8013692498207092,-0.1573647856712341,0.6378692880861284,-0.7331545948982239,-0.1573647856712341,0.7431783018019464,-0.6131898164749146
Zfp174,0.0012145842192694,0.0008330838172696,-0.5442036390304565,0.9888502385877284,0.1345822364091873,-0.5442036390304565,0.9699585365086316,-0.2590244710445404,-0.5442036390304565,1.0,-0.1983932256698608
Zfp597,0.0522767938673496,0.0506185628473758,-0.0477106235921382,0.9888502385877284,0.4362346529960632,-0.0477106235921382,1.0,-0.1332022845745086,-0.0477106235921382,1.0,-0.11355921626091
Naa60,0.1074370294809341,0.1603608876466751,0.6168593168258667,0.0143186973184431,2.908156394958496,0.6168593168258667,0.0157229742981443,2.794818639755249,0.6168593168258667,0.0468720568339593,2.4233837127685547
1700037C18Rik,0.0328179597854614,0.0506753399968147,0.6397691369056702,0.3272933848416691,1.5050506591796875,0.6397691369056702,0.2099546950125156,1.62139630317688,0.6397691369056702,0.3260628946503408,1.408650279045105
Cluap1,0.1034345850348472,0.1105542704463005,0.10126344114542,0.3664924059852742,1.4335771799087524,0.10126344114542,0.8577477609062679,0.4201399683952331,0.10126344114542,0.9212368282522648,0.3529591560363769
Nlrc3,0.2631113529205322,0.2826011478900909,0.1177912801504135,0.2724832874381521,1.615808367729187,0.1177912801504135,0.6401411210941235,0.7296499609947205,0.1177912801504135,0.7390179089007362,0.6191244721412659
Slx4,0.0346587933599948,0.0543712005019187,0.6639461517333984,0.3536275417043887,1.456953525543213,0.6639461517333984,0.1615423385333378,1.7775691747665403,0.6639461517333984,0.2647427976337842,1.5467058420181274
Dnase1,0.0,0.0,0.0,0.9888502385877284,0.1005259156227111,0.0,1.0,0.0,0.0,1.0,0.0
Trap1,0.1626598536968231,0.1944675147533416,0.2812978625297546,0.0434589804678361,2.495447397232056,0.2812978625297546,0.2490085515663283,1.5204074382781982,0.2812978625297546,0.383935411218586,1.2874544858932495
Crebbp,0.5795791745185852,0.4523527026176452,-0.4571891129016876,0.018736734592659,-2.813231945037842,-0.4571891129016876,0.0003829630017503,-3.923318386077881,-0.4571891129016876,0.0051027310023316,-3.229851484298706
Adcy9,0.000954125309363,0.0012215533060953,0.356658786535263,0.9888502385877284,0.1345822364091873,0.356658786535263,1.0,0.1725324988365173,0.356658786535263,1.0,0.1462035924196243
Srl,0.0,0.0032509514130651,21.6347770690918,0.9888502385877284,0.2351081520318985,21.6347770690918,0.2942789202292576,1.4149813652038574,21.6347770690918,0.3244768436761144,1.4149813652038574
Tfap4,0.0919487848877906,0.0261669792234897,-1.86100172996521,0.3976740541948712,-1.380625605583191,-1.86100172996521,1.299547961265616e-07,-5.648271560668945,-1.86100172996521,0.0001144199087061,-4.291453361511231
Glis2,0.0011726007796823,0.0,-20.162128448486328,0.9888502385877284,0.0673658028244972,-20.162128448486328,0.4679991859106411,-1.0,-20.162128448486328,0.6832027011037286,-0.7008072733879089
Pam16,0.2916485667228699,0.48794025182724,0.8932422399520874,2.1784314256753474e-09,6.357181072235107,0.8932422399520874,1.1020944906604072e-10,6.864040374755859,0.8932422399520874,3.8935527214241165e-08,5.924030780792236
Coro7,0.1507691740989685,0.2688665091991424,0.9227145910263062,1.6263925177301471e-06,5.189930438995361,0.9227145910263062,1.7260903307078038e-06,5.16709041595459,0.9227145910263062,4.330357908568156e-05,4.514165878295898
Vasn,0.0013482029316946,0.0,-20.36358070373535,0.9888502385877284,0.0342056974768638,-20.36358070373535,0.3731702951946699,-1.239317536354065,-20.36358070373535,0.6048109958817866,-0.8685227036476135
Dnaja3,0.1084896326065063,0.1192108765244484,0.1438393145799636,0.2415753832675591,1.6839957237243652,0.1438393145799636,0.7015861145491272,0.6410905718803406,0.1438393145799636,0.7949219488728496,0.5387762784957886
Nmral1,0.0144195891916751,0.0897201150655746,2.692190647125244,0.0007630905717361,3.794293165206909,2.692190647125244,5.8592782119945365e-09,6.258458137512207,2.692190647125244,4.3691730718318554e-08,5.9243669509887695
Hmox2,0.195883497595787,0.316875547170639,0.78492271900177,3.3165972248422585e-06,5.0472822189331055,0.78492271900177,4.0952460817685096e-06,4.986678123474121,0.78492271900177,9.796101306023384e-05,4.319520473480225
Cdip1,0.1389286816120147,0.1193631663918495,-0.2334038913249969,0.9888502385877284,0.5655142664909363,-0.2334038913249969,0.4679991859106411,-1.0370728969573977,-0.2334038913249969,0.6101843744717476,-0.8596810102462769
4930562C15Rik,0.0,0.0,0.0,0.9888502385877284,0.1005259156227111,0.0,1.0,0.0,0.0,1.0,0.0
Ubald1,0.236543670296669,0.2538601756095886,0.1149287223815918,0.1921602776952822,1.8098398447036743,0.1149287223815918,0.6533762965609086,0.7104641199111938,0.1149287223815918,0.7529147971375971,0.5989015698432922
Mgrn1,0.065735749900341,0.0083349160850048,-3.021099805831909,0.3790476923053338,-1.4107983112335205,-3.021099805831909,4.8692264492873804e-09,-6.232772350311279,-3.021099805831909,4.316845218776706e-05,-4.5345563888549805
Nudt16l1,0.1638603806495666,0.2559054791927337,0.7118613719940186,2.248240355551207e-05,4.647867202758789,0.7118613719940186,0.0002455414564513,4.043169975280762,0.7118613719940186,0.0021309497882084,3.4972541332244877
Anks3,0.0784292370080947,0.0743239969015121,-0.0805626213550567,0.939151679637862,0.6487132906913757,-0.0805626213550567,0.9514135401134168,-0.2857422530651092,-0.0805626213550567,0.9946897833213698,-0.2397083044052124
Sept12,0.0,0.0,0.0,0.9888502385877284,0.1005259156227111,0.0,1.0,0.0,0.0,1.0,0.0
Rogdi,0.0076639507897198,0.0030895555391907,-1.3139914274215698,0.9994412017932364,0.0020911779720336,-1.3139914274215698,0.3715973340242967,-1.242393970489502,-1.3139914274215698,0.5387559346264154,-0.9702863097190856
Glyr1,0.2820914089679718,0.3553671538829803,0.3888079524040222,0.001503386431883,3.607804775238037,0.3888079524040222,0.0158115018417691,2.7915256023406982,0.3888079524040222,0.056527047187595,2.343165397644043
Ubn1,0.3960634469985962,0.4659448266029358,0.2884462773799896,0.0344612654554894,2.586264371871948,0.2884462773799896,0.0573895611258104,2.278307676315308,0.2884462773799896,0.1356986380487355,1.9274386167526243
Ppl,0.0032917058560997,0.0,-21.652780532836918,0.9994412017932364,0.0010455889860168,-21.652780532836918,0.1790157369350357,-1.7150657176971436,-21.652780532836918,0.4293841642766639,-1.2019305229187012
Nagpa,0.0575249567627906,0.0960707515478134,0.7680699229240417,0.0505491969360428,2.433608293533325,0.7680699229240417,0.017712953346852,2.750291347503662,0.7680699229240417,0.0497395539182362,2.397650957107544
AU021092,0.0,0.0,0.0,0.9888502385877284,0.1005259156227111,0.0,1.0,0.0,0.0,1.0,0.0
Alg1,0.0721616521477699,0.0741923078894615,0.0415196828544139,0.3954259458193067,1.384583830833435,0.0415196828544139,1.0,0.1495631039142608,0.0415196828544139,1.0,0.124404639005661
Eef2kmt,0.1731877923011779,0.0883886143565177,-1.0329076051712036,0.2679590413622704,-1.6262643337249756,-1.0329076051712036,1.5456965528328475e-05,-4.68952226638794,-1.0329076051712036,0.0009248086916839,-3.7401766777038574
Mettl22,0.082808144390583,0.0487655662000179,-0.7887357473373413,0.9888502385877284,-0.2495970278978347,-0.7887357473373413,0.0223869637670772,-2.661239624023437,-0.7887357473373413,0.0901670484811991,-2.1316373348236084
Abat,0.0,0.0,0.0,0.9888502385877284,0.1005259156227111,0.0,1.0,0.0,0.0,1.0,0.0
Tmem186,0.039415419101715,0.0260991752147674,-0.6044136881828308,0.9888502385877284,-0.0773735865950584,-0.6044136881828308,0.3030889388199373,-1.3859121799468994,-0.6044136881828308,0.4672348159446133,-1.1359809637069702
Pmm2,0.2197796255350113,0.2528441250324249,0.2269801199436187,0.0929508944865684,2.168999671936035,0.2269801199436187,0.3130235800788306,1.3624167442321775,0.2269801199436187,0.4538223612460879,1.1588176488876345
Carhsp1,0.0125012481585145,0.1889518350362777,4.047292709350586,1.4014738803884538e-11,7.119340896606445,4.047292709350586,1.7686377508484326e-21,10.32286262512207,4.047292709350586,1.217087622927633e-20,10.081554412841797
Usp7,0.4981335699558258,0.4096299409866333,-0.3508661091327667,0.090629190613287,-2.180351734161377,-0.3508661091327667,0.010831293869901,-2.925579071044922,-0.3508661091327667,0.0468052897293734,-2.42445707321167
1810013L24Rik,0.0821148678660392,0.1319936960935592,0.7213755249977112,0.0226103453572821,2.743401527404785,0.7213755249977112,0.0123496637841325,2.8811166286468506,0.7213755249977112,0.0369673653972274,2.5233874320983887
Rpl39l,0.003785993438214,0.0012808549217879,-1.565371870994568,0.9888502385877284,0.0681126564741134,-1.565371870994568,0.4751013547572638,-0.98699551820755,-1.565371870994568,0.6832027011037286,-0.7413988709449768
Atf7ip2,0.0,0.0012610922567546,20.267152786254883,0.9888502385877284,0.1678170263767242,20.267152786254883,0.4679991859106411,1.0,20.267152786254883,0.5282133287683867,1.0
Emp2,0.0,0.0,0.0,0.9888502385877284,0.1005259156227111,0.0,1.0,0.0,0.0,1.0,0.0
Nubp1,0.3069563508033752,0.6359850168228149,1.3068761825561523,7.013663834309269e-21,9.69597053527832,1.3068761825561523,6.169782054934909e-24,10.7232666015625,1.3068761825561523,1.4168695087831361e-18,9.347583770751951
Tvp23a,0.0,0.0,0.0,0.9888502385877284,0.1005259156227111,0.0,1.0,0.0,0.0,1.0,0.0
Ciita,0.0015928975772112,0.0,-20.604372024536133,0.9888502385877284,0.0673658028244972,-20.604372024536133,0.4679991859106411,-1.0,-20.604372024536133,0.6832027011037286,-0.7008072733879089
Dexi,0.0995239540934562,0.1048562824726104,0.0792092755436897,0.4623890165084069,1.2777844667434692,0.0792092755436897,0.923155135539536,0.3255089521408081,0.0792092755436897,0.9729020404042328,0.2734439671039581
Clec16a,0.0251674279570579,0.0305682830512523,0.2843916118144989,0.9293487351990138,0.6594679355621338,0.2843916118144989,0.750395380399996,0.5731472373008728,0.2843916118144989,0.8266998138489291,0.4920966923236847
Socs1,0.3409414291381836,0.2150216698646545,-0.7600765228271484,0.0860228308243172,-2.2038028240203857,-0.7600765228271484,9.150032011994572e-06,-4.805729866027832,-0.7600765228271484,0.000528439279542,-3.892324209213257
Tnp2,0.014580856077373,0.0021224436350166,-2.789276123046875,0.9888502385877284,-0.1979150623083114,-2.789276123046875,0.0146294335004937,-2.8192079067230225,-2.789276123046875,0.1058011341446309,-2.057067394256592
Prm1,0.0,0.0,0.0,0.9888502385877284,0.1005259156227111,0.0,1.0,0.0,0.0,1.0,0.0
Rmi2,0.0687965229153633,0.0612259693443775,-0.1737120598554611,0.7623878287294747,0.8644033670425415,-0.1737120598554611,0.7375083456617532,-0.5901283621788025,-0.1737120598554611,0.8292861444496804,-0.4887852072715759
Litaf,0.0085460720583796,0.2974573075771332,5.3349928855896,1.3697594658994602e-26,10.97689151763916,5.3349928855896,3.6732035641111143e-37,14.284024238586426,5.3349928855896,1.6047883846315035e-36,14.096842765808104
Snn,0.0117444451898336,0.0015084893675521,-2.9681930541992188,0.9888502385877284,-0.1977656930685043,-2.9681930541992188,0.0219887249428188,-2.668212652206421,-2.9681930541992188,0.1308872102663365,-1.9481134414672847
Txndc11,0.133326306939125,0.1763478815555572,0.4352968037128448,0.0315997009865477,2.6192750930786133,0.4352968037128448,0.0805732706883757,2.1257896423339844,0.4352968037128448,0.1663996005009363,1.8216986656188965
Zc3h7a,0.3969410359859466,0.4866873323917389,0.3635603487491607,0.0081262576639992,3.098304271697998,0.3635603487491607,0.0124739195416628,2.876345157623291,0.3635603487491607,0.044590148483654,2.444873094558716
Rsl1d1,0.5740725994110107,0.6870176196098328,0.3490919768810272,0.0468883542790037,2.464229106903076,0.3490919768810272,0.003395372496433,3.305497407913208,0.3490919768810272,0.0183513449998718,2.793301820755005
Gspt1,0.4689911603927612,0.5156577229499817,0.1732670217752456,0.3207852714900785,1.516850829124451,0.1732670217752456,0.2708372114563628,1.470721960067749,0.1732670217752456,0.4120708957226894,1.237561583518982
Tnfrsf17,0.0,0.0018856977112591,20.8480281829834,0.9888502385877284,0.1678170263767242,20.8480281829834,0.4679991859106411,1.0,20.8480281829834,0.5282133287683867,1.0
Snx29,0.0422231256961822,0.0239901486784219,-0.8288158774375916,0.9888502385877284,-0.183276817202568,-0.8288158774375916,0.1278470056200137,-1.900558352470398,-0.8288158774375916,0.2723249133607135,-1.5289547443389893
Cpped1,0.0163385272026062,0.0716792270541191,2.173490047454834,0.0550124844440932,2.397908926010132,2.173490047454834,1.6750083949401034e-05,4.696846961975098,2.173490047454834,7.017421893617753e-05,4.406978607177734
Ercc4,0.0797810852527618,0.0823992863297462,0.048499334603548,0.6860736038507763,0.9629127979278564,0.048499334603548,1.0,0.1756216138601303,0.048499334603548,1.0,0.1486863493919372
Mrtfb,0.0444895885884761,0.0612242296338081,0.4728129208087921,0.3089852097898697,1.539704442024231,0.4728129208087921,0.3168792655117697,1.3541932106018066,0.4728129208087921,0.4545900305659369,1.157713532447815
Parn,0.1330992132425308,0.1176657006144523,-0.1891736984252929,0.9888502385877284,0.562302827835083,-0.1891736984252929,0.5520533319982563,-0.8634793162345886,-0.1891736984252929,0.6832027011037286,-0.7185845971107483
Bfar,0.2992888987064361,0.2872340679168701,-0.0684321150183677,0.769525703713464,0.8556652069091797,-0.0684321150183677,0.8331966084070097,-0.4538139104843139,-0.0684321150183677,0.9037203289801702,-0.3792697191238403
3110001I22Rik,0.0262323319911956,0.0413923487067222,0.6690154075622559,0.6912600553759575,0.9562658071517944,0.6690154075622559,0.2661395444506771,1.481572508811951,0.6690154075622559,0.3796149748197306,1.2955505847930908
AC154607.1,0.0066534662619233,0.0019003374036401,-1.8112812042236328,0.9888502385877284,-0.0315917246043682,-1.8112812042236328,0.2866640850583026,-1.435002088546753,-1.8112812042236328,0.4875269862409722,-1.1021960973739624
Rrn3,0.1348962485790252,0.1584412157535553,0.2494966983795166,0.097017528681814,2.149357557296753,0.2494966983795166,0.3866644662799396,1.2133482694625854,0.2494966983795166,0.5282133287683867,1.0266023874282837
Ntan1,0.3587330877780914,0.57902991771698,0.8620085120201111,5.706353707283784e-10,6.567194938659668,0.8620085120201111,1.180676160209242e-11,7.202992916107178,0.8620085120201111,9.045324375072426e-09,6.1796064376831055
Pdxdc1,0.1202542558312416,0.1006567031145095,-0.2710414230823517,0.9802905326932976,0.5947907567024231,-0.2710414230823517,0.3988512588877256,-1.1897430419921875,-0.2710414230823517,0.5352551909844842,-0.9763669967651368
Mpv17l,0.0148436436429619,0.0129474969580769,-0.1985428184270858,0.9888502385877284,0.2009024620056152,-0.1985428184270858,0.9405142772793716,-0.3012622594833374,-0.1985428184270858,0.9880631705726156,-0.2499617487192154
Bmerb1,0.0,0.0,0.0,0.9888502385877284,0.1005259156227111,0.0,1.0,0.0,0.0,1.0,0.0
Marf1,0.3040265440940857,0.2628678977489471,-0.2409497648477554,0.9888502385877284,0.1140438839793205,-0.2409497648477554,0.2273916353981561,-1.5749924182891846,-0.2409497648477554,0.3737095844475429,-1.3071210384368896
Nde1,0.106024332344532,0.2202687561511993,1.1395190954208374,2.0998371275729614e-06,5.139294147491455,1.1395190954208374,1.6749508144419946e-07,5.626697063446045,1.1395190954208374,5.0587873312520165e-06,4.9871087074279785
Myh11,0.0,0.0,0.0,0.9888502385877284,0.1005259156227111,0.0,1.0,0.0,0.0,1.0,0.0
Fopnl,0.225848376750946,0.2788006365299225,0.3436808884143829,0.0090672900003246,3.063202381134033,0.3436808884143829,0.0713088785928001,2.181260108947754,0.3436808884143829,0.156812323443743,1.8528810739517207
Abcc1,0.0953968614339828,0.071491427719593,-0.4336552619934082,0.9888502385877284,0.195375770330429,-0.4336552619934082,0.2097073052102266,-1.6218173503875732,-0.4336552619934082,0.3612919478163915,-1.330965518951416
Snai2,0.0,0.0,0.0,0.9888502385877284,0.1005259156227111,0.0,1.0,0.0,0.0,1.0,0.0
Gm21897,0.0,0.0,0.0,0.9888502385877284,0.1005259156227111,0.0,1.0,0.0,0.0,1.0,0.0
Ube2v2,0.3577843010425567,0.3989509642124176,0.1886850297451019,0.1589422381627101,1.9096189737319944,0.1886850297451019,0.2642504689167242,1.485431432723999,0.1886850297451019,0.405093626644384,1.248945951461792
Mcm4,0.1531343013048172,0.4727705419063568,1.868913054466248,1.5074373991687454e-19,9.369895935058594,1.868913054466248,3.835911266844119e-24,10.875410079956056,1.868913054466248,1.1086489275039317e-20,9.944158554077148
Prkdc,0.1270595043897628,0.134754478931427,0.0905006751418113,0.397466276677228,1.3810737133026123,0.0905006751418113,0.8687297263669537,0.4043548703193664,0.0905006751418113,0.9283334105203032,0.3425454795360565
Mzt2,0.0706210657954216,0.1013055294752121,0.5429937243461609,0.0951659043474928,2.1584692001342773,0.5429937243461609,0.1101737510694048,1.976117253303528,0.5429937243461609,0.2027628949751875,1.7082898616790771
Cebpd,0.0012557321460917,0.0039325188845396,1.6488560438156128,0.9888502385877284,0.2690151035785675,1.6488560438156128,0.4679991859106411,1.0125638246536257,1.6488560438156128,0.5765192652718195,0.91159588098526
Spidr,0.049844954162836,0.0770637542009353,0.648446798324585,0.2235019433220422,1.7274624109268188,0.648446798324585,0.1017011282287775,2.016948699951172,0.648446798324585,0.1887249409244531,1.7524783611297607
Pkp2,0.0010312215890735,0.0,-19.976667404174805,0.9888502385877284,0.0673658028244972,-19.976667404174805,0.4679991859106411,-1.0,-19.976667404174805,0.6832027011037286,-0.7008072733879089
Yars2,0.080572485923767,0.0771245658397674,-0.065616562962532,0.6948120088529507,0.9519340991973876,-0.065616562962532,0.9824893044186116,-0.2417617440223693,-0.065616562962532,1.0,-0.201549544930458
Dnm1l,0.16892009973526,0.1931564956903457,0.2114394456148147,0.0541009760538232,2.40477991104126,0.2114394456148147,0.4350064051030072,1.1283454895019531,0.2114394456148147,0.5487884863147595,0.9547238349914552
Fgd4,0.0022468632087111,0.000480409245938,-2.226848602294922,0.9888502385877284,0.1013474464416503,-2.226848602294922,0.4679991859106411,-1.0626524686813354,-2.226848602294922,0.676877179906565,-0.7610634565353394
Spag6l,0.0003030791413038,0.0009882686426863,1.7056996822357178,0.9888502385877284,0.1347316056489944,1.7056996822357178,0.686908400954846,0.6628525853157043,1.7056996822357178,0.7284338727662535,0.6351684927940369
Vpreb1,0.0022227393928915,0.006738010328263,1.603243112564087,0.9888502385877284,0.3030714392662048,1.603243112564087,0.4086350859936188,1.1729928255081177,1.603243112564087,0.4995636728863999,1.0825215578079224
Top3b,0.1570963561534881,0.1305772364139557,-0.2863340377807617,0.9888502385877284,0.2315232753753662,-0.2863340377807617,0.3174676389802919,-1.3526220321655271,-0.2863340377807617,0.4738919404621782,-1.1245028972625732
Ppm1f,0.047944389283657,0.0471311546862125,-0.0252723172307014,0.8461484023417675,0.7628318667411804,-0.0252723172307014,1.0,-0.0737073570489883,-0.0252723172307014,1.0,-0.0611519441008567
Mapk1,0.4199499487876892,0.701930582523346,0.963428556919098,2.34097712248534e-13,7.679776668548584,0.963428556919098,2.3052389860406747e-17,8.960569381713867,0.963428556919098,1.0302606037451103e-12,7.599809169769287
Ypel1,0.0171525459736585,0.0553351938724517,1.7174838781356812,0.2246928388696291,1.7240269184112549,1.7174838781356812,0.0012205341600046,3.6150341033935542,1.7174838781356812,0.0037636476714221,3.326698541641236
Ppil2,0.3312448859214782,0.4735793173313141,0.6252474784851074,1.3534068464004729e-05,4.757579326629639,0.6252474784851074,9.493861488137536e-06,4.805511951446533,0.6252474784851074,0.000212580064445,4.127224922180176
2610318N02Rik,0.0102292029187083,0.0953137725591659,3.2819061279296875,0.0007092074175676,3.81400990486145,3.2819061279296875,8.566117748536418e-10,6.597014427185059,3.2819061279296875,3.882668477346211e-09,6.361927509307861
Sdf2l1,0.1074299663305282,0.4694923460483551,2.401409864425659,2.732498900166248e-31,11.928975105285645,2.401409864425659,4.816496317320442e-38,14.123568534851074,2.401409864425659,1.4870218378519397e-33,13.020807266235352
Ccdc116,0.0057150260545313,0.0019745433237403,-1.535940408706665,0.9994412017932364,0.001643068389967,-1.535940408706665,0.4178195146501425,-1.156734824180603,-1.535940408706665,0.5841598423532837,-0.9005739092826843
Ydjc,0.0592647604644298,0.0754978954792022,0.36110320687294,0.3201241394100846,1.5183446407318115,0.36110320687294,0.3867512750815696,1.21319580078125,0.36110320687294,0.5269794904529003,1.0389933586120603
Ube2l3,0.6391459703445435,1.2376055717468262,1.451482892036438,1.6415406951127357e-50,15.206523895263672,1.451482892036438,3.8661089912361407e-62,18.12810707092285,1.451482892036438,9.324176370527992e-45,15.211023330688477
Rimbp3,0.0011473618214949,0.0,-20.13071823120117,0.9888502385877284,0.0673658028244972,-20.13071823120117,0.4679991859106411,-1.0,-20.13071823120117,0.6832027011037286,-0.7008072733879089
Hic2,0.0192663613706827,0.0069729029200971,-1.4751399755477903,0.9888502385877284,-0.1634106189012527,-1.4751399755477903,0.1057362961878899,-1.995834231376648,-1.4751399755477903,0.2647708899563598,-1.547053337097168
Tmem191c,0.0702271237969398,0.1073688641190528,0.6396642327308655,0.0945784991234224,2.161605834960937,0.6396642327308655,0.0533732528638841,2.310528039932251,0.6396642327308655,0.1146201042956253,2.0151162147521973
Pi4ka,0.1700813621282577,0.1350582987070083,-0.3585485816001892,0.9888502385877284,0.3053119778633117,-0.3585485816001892,0.1476595563259174,-1.8251986503601076,-0.3585485816001892,0.2894348674128604,-1.4903968572616575
Serpind1,0.0010003033094108,0.0,-19.932729721069336,0.9888502385877284,0.0673658028244972,-19.932729721069336,0.4679991859106411,-1.0,-19.932729721069336,0.6832027011037286,-0.7008072733879089
Snap29,0.0723345801234245,0.1134255528450012,0.6790879368782043,0.0377147956592786,2.550191640853882,0.6790879368782043,0.025520825378599,2.612025499343872,0.6790879368782043,0.0666218916522123,2.270749568939209
Crkl,0.1122055202722549,0.174833282828331,0.6860925555229187,0.0019632439929966,3.5315515995025635,0.6860925555229187,0.0040630675976324,3.2516098022460938,0.6860925555229187,0.0174975240469543,2.810686588287353
Aifm3,0.0,0.0,0.0,0.9888502385877284,0.1005259156227111,0.0,1.0,0.0,0.0,1.0,0.0
Lztr1,0.0549457371234893,0.0879971385002136,0.7035744786262512,0.1241970771090151,2.0335958003997803,0.7035744786262512,0.0525932400588577,2.31695556640625,0.7035744786262512,0.1150194406407592,2.0134196281433105
Thap7,0.1405125856399536,0.165304347872734,0.2527646124362945,0.1212988008726691,2.0450973510742188,0.2527646124362945,0.3531799350217989,1.2789300680160522,0.2527646124362945,0.4979348747035327,1.084906816482544
Lrrc74b,0.0,0.0,0.0,0.9888502385877284,0.1005259156227111,0.0,1.0,0.0,0.0,1.0,0.0
Slc7a4,0.0003030791413038,0.0,-18.20955848693848,0.9888502385877284,0.0673658028244972,-18.20955848693848,0.4679991859106411,-1.0,-18.20955848693848,0.6832027011037286,-0.7008072733879089
Smpd4,0.055274561047554,0.0820230096578598,0.588928759098053,0.1010795258251281,2.130910396575928,0.588928759098053,0.1075936636287864,1.9878900051116943,0.588928759098053,0.2045737708391404,1.7025668621063232
Ccdc74a,0.0,0.0,0.0,0.9888502385877284,0.1005259156227111,0.0,1.0,0.0,0.0,1.0,0.0
Med15,0.2133937627077102,0.3135367631912231,0.6305229067802429,0.0001155015488687,4.271380424499512,0.6305229067802429,0.0002615380337068,4.026182651519775,0.6305229067802429,0.0024442133969482,3.456449031829834
Klhl22,0.0436305068433284,0.014637928456068,-1.5966408252716064,0.9888502385877284,-0.5744017958641052,-1.5966408252716064,0.0026891872747193,-3.3744170665740967,-1.5966408252716064,0.0307471103597745,-2.598629951477051
Scarf2,0.0,0.0,0.0,0.9888502385877284,0.1005259156227111,0.0,1.0,0.0,0.0,1.0,0.0
Car15,0.0,0.0,0.0,0.9888502385877284,0.1005259156227111,0.0,1.0,0.0,0.0,1.0,0.0
Dgcr2,0.1008156985044479,0.1524918675422668,0.635075032711029,0.0096757567840723,3.0413196086883545,0.635075032711029,0.0123171456424739,2.88153076171875,0.635075032711029,0.0404249880109482,2.4858438968658447
Ess2,0.0709922760725021,0.1240844801068306,0.8445091247558594,0.0116641170320895,2.9785096645355225,0.8445091247558594,0.003176694450835,3.3281545639038086,0.8445091247558594,0.013100101628872,2.9148995876312256
Slc25a1,0.0449118763208389,0.0712078586220741,0.6840916275978088,0.1787706201322682,1.8494975566864011,0.6840916275978088,0.0864689717555296,2.0931825637817383,0.6840916275978088,0.1667459421088689,1.8203790187835691
Dgcr6,0.0545591823756694,0.0460602790117263,-0.2504810392856598,0.9767080099651276,0.5991224646568298,-0.2504810392856598,0.6334838856853836,-0.7395728230476379,-0.2504810392856598,0.7452790545757609,-0.6095398664474487
Prodh,0.0023332107812166,0.0,-21.15556907653809,0.9888502385877284,0.0342056974768638,-21.15556907653809,0.3295713038750865,-1.327468991279602,-21.15556907653809,0.5647702909393187,-0.9302999377250672
Rtn4r,0.0,0.0,0.0,0.9888502385877284,0.1005259156227111,0.0,1.0,0.0,0.0,1.0,0.0
Zdhhc8,0.106939747929573,0.1207228004932403,0.1850308030843734,0.1550146092522637,1.9231369495391848,0.1850308030843734,0.5821194840542768,0.8176012635231018,0.1850308030843734,0.6928746479674804,0.686626136302948
Ranbp1,0.8370432257652283,1.0026544332504272,0.3979731202125549,0.0025955225865218,3.4502196311950684,0.3979731202125549,0.0001700858950645,4.136630058288574,0.3979731202125549,0.0015919283210253,3.5829927921295166
Trmt2a,0.0716974139213562,0.1076158285140991,0.6121942400932312,0.0276645709496201,2.669090032577514,0.6121942400932312,0.0495192484761862,2.3428328037261963,0.6121942400932312,0.1171572887967954,2.004523515701294
Dgcr8,0.112058401107788,0.1017317399382591,-0.1470625251531601,0.6560493492237189,1.0025705099105835,-0.1470625251531601,0.7094656996703672,-0.6299100518226624,-0.1470625251531601,0.8077146923025019,-0.5209037065505981
Tango2,0.1290584653615951,0.184408038854599,0.5558457970619202,0.017624045254147,2.8355627059936523,0.5558457970619202,0.0239540150213105,2.636486291885376,0.5558457970619202,0.0643783369476437,2.286611318588257
Arvcf,0.0,0.0102676162496209,23.29901123046875,0.9888502385877284,0.5042726397514343,23.29901123046875,0.0479897584109093,2.3604538440704346,23.29901123046875,0.054863468496874,2.3604538440704346
Comt,0.1118521615862846,0.3357715606689453,1.7534294128417969,3.875692479284837e-14,7.912718772888184,1.7534294128417969,7.544951156825089e-18,9.180295944213867,1.7534294128417969,4.657799585876265e-15,8.352293014526367
Txnrd2,0.0515330322086811,0.0827510133385658,0.7060505151748657,0.1054433510961093,2.110745429992676,0.7060505151748657,0.0614701103731885,2.2488794326782227,0.7060505151748657,0.1267626144523896,1.9635995626449585
Gnb1l,0.0154410824179649,0.0152934724465012,-0.0139647582545876,0.9888502385877284,0.3654333651065826,-0.0139647582545876,1.0,-0.0236157439649105,-0.0139647582545876,1.0,-0.0196107104420661
Rtl10,0.0011757385218515,0.0039489897899329,1.749916911125183,0.9888502385877284,0.2019480466842651,1.749916911125183,0.5533461705441005,0.8619787096977234,1.749916911125183,0.6441436625896098,0.8078944683074951
Gp1bb,0.0005408413126133,0.0,-19.045238494873047,0.9888502385877284,0.0673658028244972,-19.045238494873047,0.4679991859106411,-1.0,-19.045238494873047,0.6832027011037286,-0.7008072733879089
Sept5,0.0,0.0,0.0,0.9888502385877284,0.1005259156227111,0.0,1.0,0.0,0.0,1.0,0.0
Cdc45,0.0117200398817658,0.1036188900470733,3.2111656665802,0.0002288231597641,4.103862285614014,3.2111656665802,1.2625865736927778e-10,6.907510280609131,3.2111656665802,7.187065302695071e-10,6.645294666290283
Ufd1,0.172880470752716,0.3381486535072326,1.0921692848205566,3.3532007794027964e-09,6.287425518035889,1.0921692848205566,8.283543264431266e-10,6.552220344543457,1.0921692848205566,1.0061459738620937e-07,5.753886222839356
2510002D24Rik,0.3119759857654571,0.2935177087783813,-0.1019728183746337,0.9888502385877284,0.4504994750022888,-0.1019728183746337,0.6596929969703433,-0.701008677482605,-0.1019728183746337,0.7606673029649074,-0.586766242980957
Mrpl40,0.2143261730670929,0.3716288805007934,0.9130566120147704,2.4115812034334893e-08,5.959782600402832,0.9130566120147704,8.312001409296917e-09,6.158855438232422,0.9130566120147704,9.57035048186831e-07,5.32584285736084
Hira,0.0691097974777221,0.1030485332012176,0.6011945009231567,0.0646257248452952,2.3309166431427,0.6011945009231567,0.0600827223141585,2.258483648300171,0.6011945009231567,0.1296982468599386,1.9510380029678345
Iglc1,0.0047971666790544,0.0098026944324374,1.0346108675003052,0.9888502385877284,0.3031461238861084,1.0346108675003052,0.4692532620711466,0.9974098205566406,1.0346108675003052,0.5868454364655162,0.896298348903656
Iglc3,0.0020110725890845,0.006292026489973,1.6486492156982422,0.9888502385877284,0.2362284213304519,1.6486492156982422,0.4725969653478632,0.9914652109146118,1.6486492156982422,0.5586405406422036,0.9397363662719728
Iglv1,0.0,0.0,0.0,0.9888502385877284,0.1005259156227111,0.0,1.0,0.0,0.0,1.0,0.0
Iglc2,0.0022030125837773,0.0042953970842063,0.964823603630066,0.9888502385877284,0.1016461849212646,0.964823603630066,0.830533038191532,0.4579675793647766,0.964823603630066,0.8672472501836685,0.4326779544353485
Iglv3,0.0,0.0,0.0,0.9888502385877284,0.1005259156227111,0.0,1.0,0.0,0.0,1.0,0.0
Lamp3,0.0,0.0,0.0,0.9888502385877284,0.1005259156227111,0.0,1.0,0.0,0.0,1.0,0.0
B3gnt5,0.0563079863786697,0.1249705255031585,1.2004541158676147,0.0196581470867036,2.7959797382354736,1.2004541158676147,0.0001887458487912,4.115225315093994,1.2004541158676147,0.0010184949264909,3.712071657180786
Klhl6,0.3546728491783142,0.3616472780704498,0.0334250070154666,0.7548532745990655,0.8735895752906799,0.0334250070154666,0.9929720504813534,0.2264543324708938,0.0334250070154666,1.0,0.1928221136331558
Klhl24,0.357257068157196,0.2771920263767242,-0.4268797636032104,0.6851011786614375,-0.9643318057060242,-0.4268797636032104,0.0128407650812725,-2.865035057067871,-0.4268797636032104,0.0545725021907371,-2.358612298965454
Yeats2,0.178633227944374,0.0997783094644546,-0.8984033465385437,0.5269801414648266,-1.1803206205368042,-0.8984033465385437,0.000108129825118,-4.24140214920044,-0.8984033465385437,0.0030861397096794,-3.388129472732544
Parl,0.2114202827215194,0.3437972664833069,0.8013461232185364,2.277017744512044e-06,5.123161792755127,0.8013461232185364,1.1945396658848686e-06,5.240004062652588,0.8013461232185364,3.886763292442495e-05,4.539130687713623
Cyp2ab1,0.0,0.0,0.0,0.9888502385877284,0.1005259156227111,0.0,1.0,0.0,0.0,1.0,0.0
Abcc5,0.1297350078821182,0.079670138657093,-0.740200936794281,0.8677593012897103,-0.7387832999229431,-0.740200936794281,0.0082990562928483,-3.015350818634033,-0.740200936794281,0.0445367625022328,-2.445991277694702
Eif2b5,0.1422875374555587,0.1647557914257049,0.2281420081853866,0.1373213450796267,1.9838557243347168,0.2281420081853866,0.440153941425187,1.119129300117493,0.2281420081853866,0.5502391015892095,0.952552855014801
Dvl3,0.0783575102686882,0.0847215875983238,0.1173111051321029,0.5127421118950183,1.1994398832321167,0.1173111051321029,0.8565872246806207,0.4217954874038696,0.1173111051321029,0.920009984111912,0.3550077378749847
Ap2m1,0.3667922019958496,0.642318606376648,1.023714303970337,3.5017715269098655e-14,7.925863265991211,1.023714303970337,1.8256055357145344e-17,8.997542381286621,1.023714303970337,5.040604225059931e-13,7.699706077575684
Abcf3,0.136716291308403,0.0904004573822021,-0.6308252215385437,0.9888502385877284,-0.4979991018772125,-0.6308252215385437,0.017531312573743,-2.752580165863037,-0.6308252215385437,0.0716538372603521,-2.2382407188415527
Vwa5b2,0.0010410057147964,0.0,-19.99029922485352,0.9888502385877284,0.0673658028244972,-19.99029922485352,0.4679991859106411,-1.0,-19.99029922485352,0.6832027011037286,-0.7008072733879089
Alg3,0.0558124333620071,0.0606784373521804,0.1241415441036224,0.6084988220201833,1.065753936767578,0.1241415441036224,0.8846470118991652,0.3813869953155517,0.1241415441036224,0.9402650990256044,0.3231379091739654
Eef1akmt4,0.0499857664108276,0.0377067923545837,-0.415615051984787,0.9888502385877284,0.2256978452205658,-0.415615051984787,0.424264027489065,-1.1460288763046265,-0.415615051984787,0.5578445115886126,-0.9407123327255248
Camk2n2,0.0,0.0143077606335282,23.780628204345703,0.7829282611445391,0.840728223323822,23.780628204345703,0.0077856485559629,3.0479891300201416,23.780628204345703,0.0090895799504343,3.0479891300201416
Ece2,0.0,0.0,0.0,0.9888502385877284,0.1005259156227111,0.0,1.0,0.0,0.0,1.0,0.0
Psmd2,0.3331616222858429,0.5573006868362427,0.9158716797828674,1.0565478986991864e-10,6.824260711669922,0.9158716797828674,3.1372377581569213e-12,7.400710582733154,0.9158716797828674,2.575746465069382e-09,6.392911434173584
Eif4g1,0.4993376135826111,0.526616096496582,0.0980882197618484,0.7196507388529051,0.9187740087509156,0.0980882197618484,0.5628626403604772,0.8474433422088623,0.0980882197618484,0.6832027011037286,0.7113389372825623
Fam131a,0.0013400035677477,0.0031314557418227,1.225888729095459,0.9888502385877284,0.201798677444458,1.225888729095459,0.6656726873802503,0.6924631595611572,1.225888729095459,0.7434544840928585,0.6125417351722717
Clcn2,0.0078492974862456,0.0004586329159792,-4.102483749389648,0.9888502385877284,-0.0648265182971954,-4.102483749389648,0.0371481773355228,-2.461491346359253,-4.102483749389648,0.1950290828758697,-1.7353639602661133
Polr2h,0.29228276014328,0.3238140344619751,0.1717118322849273,0.2043411930054844,1.7773518562316897,0.1717118322849273,0.3863085025819658,1.2141308784484863,0.1717118322849273,0.5282133287683867,1.023979663848877
Teddm3,0.0022703765425831,0.0,-21.116138458251957,0.9888502385877284,0.0342056974768638,-21.116138458251957,0.2942789202292576,-1.4148119688034058,-21.116138458251957,0.5299909986835808,-0.9915105104446412
Ephb3,0.0,0.0,0.0,0.9888502385877284,0.1005259156227111,0.0,1.0,0.0,0.0,1.0,0.0
Vps8,0.0369997397065162,0.0593210346996784,0.6972591280937195,0.2890422038887034,1.5795115232467651,0.6972591280937195,0.1242939072514157,1.9157291650772093,0.6972591280937195,0.2177859724866275,1.666367769241333
2510009E07Rik,0.0266943573951721,0.0,-24.6893310546875,0.9526880541437568,-0.6289964914321899,-24.6893310546875,1.7626040930900796e-05,-4.669000148773193,-24.6893310546875,0.0046144791759692,-3.272068977355957
Ehhadh,0.0119421230629086,0.0109052639454603,-0.131784051656723,0.9888502385877284,0.136374682188034,-0.131784051656723,1.0,-0.1796382516622543,-0.131784051656723,1.0,-0.1516589820384979
Map3k13,0.0048745945096015,0.0065083615481853,0.4181917905807495,0.9888502385877284,0.1694601029157638,0.4181917905807495,0.9037750312505666,0.3542487323284149,0.4181917905807495,0.9485012724630824,0.3103654980659485
Tmem41a,0.0352463014423847,0.0209623891860246,-0.7600205540657043,0.9888502385877284,0.0474996156990528,-0.7600205540657043,0.1787307787352394,-1.7159342765808103,-0.7600205540657043,0.3462116420792661,-1.3617665767669678
Liph,0.0,0.0,0.0,0.9888502385877284,0.1005259156227111,0.0,1.0,0.0,0.0,1.0,0.0
Senp2,0.321451336145401,0.3051913380622864,-0.0872268080711364,0.7122887914193179,0.9282589554786682,-0.0872268080711364,0.7282672704237073,-0.6028058528900146,-0.0872268080711364,0.8209581258721769,-0.5002443194389343
Igf2bp2,0.0111853256821632,0.0046805762685835,-1.2615474462509155,0.9890744102679494,-0.0306955054402351,-1.2615474462509155,0.2942789202292576,-1.4123543500900269,-1.2615474462509155,0.4805729945998391,-1.1139659881591797
Tra2b,1.1334397792816162,1.160621166229248,0.0574649795889854,0.9888502385877284,-0.3224148452281952,0.0574649795889854,0.6227943044920147,0.755642294883728,0.0574649795889854,0.7346407990426316,0.6254014372825623
Etv5,0.0023746723309159,0.0114136496558785,2.27148699760437,0.9888502385877284,0.5713397264480591,2.27148699760437,0.1124381201780207,1.9669716358184812,2.27148699760437,0.1597011062500927,1.843340516090393
Dgkg,0.0010562783572822,0.0075635826215147,2.844775915145874,0.9888502385877284,0.4034479856491089,2.844775915145874,0.1544024557012767,1.802786946296692,2.844775915145874,0.1969720924498617,1.727766513824463
Tbccd1,0.06308264285326,0.0715408772230148,0.1876944154500961,0.4293344175508063,1.3292423486709597,0.1876944154500961,0.7233468597123068,0.6101888418197632,0.1876944154500961,0.8119819011590031,0.5133549571037292
Dnajb11,0.3607507646083832,0.6244246363639832,0.9972734451293944,5.395709241031929e-12,7.253549575805664,0.9972734451293944,1.5335484833105502e-15,8.44958782196045,0.9972734451293944,7.463340800860357e-12,7.312303066253662
Eif4a2,1.1841301918029783,0.6608585715293884,-1.2760401964187622,1.978502778963457e-44,-14.251900672912598,-1.2760401964187622,7.986966515936036e-47,-15.362467765808104,-1.2760401964187622,3.265099416856685e-32,-12.671131134033203
Rfc4,0.1031136959791183,0.2852616608142853,1.6036908626556396,2.1810772480917142e-09,6.356882095336914,1.6036908626556396,6.098840873954479e-13,7.677765369415283,1.6036908626556396,6.035934763600959e-11,7.007765769958496
St6gal1,0.1994551122188568,0.0133537407964468,-4.037371635437012,1.122152777041624e-05,-4.797386169433594,-4.037371635437012,6.990548849649561e-31,-12.21942138671875,-4.037371635437012,3.9119570578963824e-16,-8.80074405670166
Rtp4,0.2785599827766418,0.6400907039642334,1.480961799621582,1.7382856772229154e-21,9.840336799621582,1.480961799621582,8.581369175708285e-23,10.478123664855955,1.480961799621582,1.6796579534884957e-18,9.334467887878418
Bcl6,0.0372362285852432,0.0108174700289964,-1.8024771213531492,0.9888502385877284,-0.5365365147590637,-1.8024771213531492,0.0023814222658731,-3.410783052444458,-1.8024771213531492,0.0302174426626403,-2.606062173843384
Lpp,0.19709013402462,0.1689725965261459,-0.2429672330617904,0.9888502385877284,0.289180040359497,-0.2429672330617904,0.3770689532390346,-1.2314701080322266,-0.2429672330617904,0.5282133287683867,-1.02948796749115
Tprg,0.0,0.0021519777365028,21.03878402709961,0.9888502385877284,0.2351081520318985,21.03878402709961,0.301124268849295,1.3919416666030884,21.03878402709961,0.3324180680744513,1.3919416666030884
P3h2,0.0003030791413038,0.0009249486611224,1.610124111175537,0.9888502385877284,0.1347316056489944,1.610124111175537,0.7033418643795031,0.6389039158821106,1.610124111175537,0.7455221948846211,0.6090435981750488
Il1rap,0.0263727400451898,0.0429551675915718,0.715815007686615,0.4423030439751944,1.308629274368286,0.715815007686615,0.1831320865950928,1.701101541519165,0.715815007686615,0.2963598019688194,1.4752871990203855
Uts2b,0.0,0.0,0.0,0.9888502385877284,0.1005259156227111,0.0,1.0,0.0,0.0,1.0,0.0
Ccdc50,0.0711440443992614,0.5777388215065002,3.406738042831421,1.9650154571881167e-54,15.791007995605469,3.406738042831421,4.286615210236813e-59,18.68718719482422,3.406738042831421,9.397470313354798e-56,17.706499099731445
Opa1,0.1445553600788116,0.1485487222671508,0.0422649644315242,0.2967804619179741,1.5641264915466309,0.0422649644315242,1.0,0.202557235956192,0.0422649644315242,1.0,0.1700202077627182
Hes1,0.0014856574125587,0.0149314738810062,3.338894844055176,0.8673548860792544,0.7395301461219788,3.338894844055176,0.0288388703208831,2.567954540252685,3.338894844055176,0.0425090428573305,2.467117547988892
Gp5,0.0003030791413038,0.0,-18.20955848693848,0.9888502385877284,0.0673658028244972,-18.20955848693848,0.4679991859106411,-1.0,-18.20955848693848,0.6832027011037286,-0.7008072733879089
Atp13a3,0.3281532227993011,0.3684563636779785,0.1978810280561447,0.1133837421718367,2.0765397548675537,0.1978810280561447,0.2865429688847769,1.4355825185775757,0.1978810280561447,0.4260693667143096,1.2084614038467407
Tmem44,0.0,0.0,0.0,0.9888502385877284,0.1005259156227111,0.0,1.0,0.0,0.0,1.0,0.0
Lsg1,0.2061105072498321,0.2358983308076858,0.2170253545045852,0.1082051906871059,2.09857177734375,0.2170253545045852,0.3471577300532607,1.2913987636566162,0.2170253545045852,0.4941068313527536,1.0915203094482422
Fam43a,0.0,0.0059971469454467,22.520174026489254,0.9888502385877284,0.3696903884410858,22.520174026489254,0.1240084300700357,1.9192878007888796,22.520174026489254,0.1385776101057459,1.9192878007888796
Xxylt1,0.0428723692893981,0.0293734315782785,-0.5553323030471802,0.9888502385877284,0.1006752848625183,-0.5553323030471802,0.293268266850149,-1.4212768077850342,-0.5553323030471802,0.4595752005499328,-1.1488808393478394
Acap2,0.1775703579187393,0.1980480104684829,0.1726930737495422,0.14193352400616,1.966752886772156,0.1726930737495422,0.5024970345340464,0.9421573877334596,0.1726930737495422,0.6526873192536662,0.7958431839942932
Ppp1r2,0.2496808916330337,0.4355572164058685,0.9444988369941713,9.252762729084101e-10,6.491613864898682,0.9444988369941713,1.214880792489149e-10,6.848612785339356,0.9444988369941713,4.2668832488096134e-08,5.908060550689697
Bdh1,0.1275779604911804,0.0877625644207,-0.5689372420310974,0.9888502385877284,-0.1399595588445663,-0.5689372420310974,0.0429265218221383,-2.401264190673828,-0.5689372420310974,0.1273611518413814,-1.960921049118042
Dlg1,0.1504353880882263,0.1754721105098724,0.2406481057405471,0.133656823138418,1.9971497058868408,0.2406481057405471,0.3845282437127493,1.2176127433776855,0.2406481057405471,0.5282133287683867,1.0363796949386597
0610012G03Rik,0.4040511846542358,0.5177567601203918,0.4460358321666717,0.0029237544781669,3.4147443771362305,0.4460358321666717,0.0007590943494431,3.742099285125733,0.4460358321666717,0.0060609790094299,3.1736903190612797
Ncbp2,0.1810104995965957,0.3152081668376922,0.9010332226753236,9.880147033781174e-07,5.287543296813965,0.9010332226753236,5.769331712451749e-07,5.385955333709717,0.9010332226753236,1.8394831677789395e-05,4.707469463348389
Senp5,0.067168690264225,0.1126382276415824,0.7791265845298767,0.029407149642754,2.645638942718506,0.7791265845298767,0.011918195531031,2.893679141998291,0.7791265845298767,0.0370875952703399,2.522139310836792
Pak2,0.8236415386199951,0.8567503094673157,0.0840466767549514,0.9888502385877284,-0.0882029011845588,0.0840466767549514,0.5034144002398698,0.9404693245887756,0.0840466767549514,0.6660938788785664,0.7768226265907288
Pigx,0.3198098540306091,0.4442574083805084,0.5696530938148499,8.401210981670303e-05,4.346737384796143,0.5696530938148499,4.476595264757394e-05,4.455777168273926,0.5696530938148499,0.0007423489249649,3.797819137573242
Cep19,0.0904045179486274,0.0722614377737045,-0.3364335596561432,0.9888502385877284,0.3160666227340698,-0.3364335596561432,0.3751480832927734,-1.2351843118667605,-0.3364335596561432,0.5282133287683867,-1.0228694677352903
Nrros,0.1870319992303848,0.150843009352684,-0.3370765149593353,0.9888502385877284,0.2528831660747528,-0.3370765149593353,0.1647204412470257,-1.7668949365615845,-0.3370765149593353,0.305491916016824,-1.4550271034240725
Bex6,0.0,0.0,0.0,0.9888502385877284,0.1005259156227111,0.0,1.0,0.0,0.0,1.0,0.0
Fbxo45,0.0466032996773719,0.0597556345164775,0.3682141900062561,0.2843894534247863,1.5891458988189695,0.3682141900062561,0.4398530374960751,1.1198033094406128,0.3682141900062561,0.5523264985775892,0.9486734867095948
Wdr53,0.0700164288282394,0.0755377486348152,0.1135354191064834,0.4704248853808198,1.2632209062576294,0.1135354191064834,0.876930167538493,0.3927706480026245,0.1135354191064834,0.9363685744859448,0.3296906352043152
Smco1,0.0,0.0,0.0,0.9888502385877284,0.1005259156227111,0.0,1.0,0.0,0.0,1.0,0.0
Rnf168,0.1076756939291954,0.1845700889825821,0.8342939615249634,0.0005555555775592,3.878911018371582,0.8342939615249634,0.0004622219130215,3.878328800201416,0.8342939615249634,0.0031548204920917,3.379278421401977
Ubxn7,0.1457498520612716,0.11557487398386,-0.3569073379039764,0.9888502385877284,0.3201742768287658,-0.3569073379039764,0.1999373857258901,-1.6494741439819336,-0.3569073379039764,0.3501543084938529,-1.3537211418151855
Tctex1d2,0.0076906750909984,0.010464085265994,0.4462674856185913,0.9888502385877284,0.4693200886249542,0.4462674856185913,0.7368931541089548,0.5910648107528687,0.4462674856185913,0.8219829842581221,0.4988225698471069
Pcyt1a,0.0125587899237871,0.0555850863456726,2.177213430404663,0.140689758591053,1.971607446670532,2.177213430404663,0.0003280118080922,3.9769229888916016,2.177213430404663,0.0010100473650314,3.7172775268554688
Slc51a,0.0,0.0,0.0,0.9888502385877284,0.1005259156227111,0.0,1.0,0.0,0.0,1.0,0.0
Zdhhc19,0.0011686703655868,0.0009658070630393,-0.2752072215080261,0.9888502385877284,0.1345822364091873,-0.2752072215080261,1.0,-0.1338055878877639,-0.2752072215080261,1.0,-0.1052689924836158
Tfrc,0.1503429859876632,0.0974701270461082,-0.6641527414321899,0.9888502385877284,-0.5491582751274109,-0.6641527414321899,0.0101447281955544,-2.947741746902466,-0.6641527414321899,0.0504137076088936,-2.392364263534546
Tnk2,0.110682874917984,0.1197587922215461,0.1203722953796386,0.2598235035805114,1.6434417963027954,0.1203722953796386,0.7792841478350019,0.5313056111335754,0.1203722953796386,0.8582078627879869,0.4459658563137054
Muc4,0.0,0.0,0.0,0.9888502385877284,0.1005259156227111,0.0,1.0,0.0,0.0,1.0,0.0
Muc20,0.0,0.0043744542635977,22.06382942199707,0.9888502385877284,0.3696903884410858,22.06382942199707,0.1205702951295025,1.9337983131408687,22.06382942199707,0.1347232039311703,1.9337983131408687
Rubcn,0.0288934744894504,0.0275436118245124,-0.0700042396783828,0.9888502385877284,0.5199564695358276,-0.0700042396783828,1.0,-0.1534495204687118,-0.0700042396783828,1.0,-0.1277312934398651
Fyttd1,0.2143990695476532,0.1711910367012024,-0.3568603992462158,0.9888502385877284,0.0923852548003196,-0.3568603992462158,0.1059322567477122,-1.9949816465377808,-0.3568603992462158,0.2287830826053315,-1.6363530158996582
Lrch3,0.2228978127241134,0.2288841903209686,0.0427160821855068,0.3695860098541871,1.4276024103164673,0.0427160821855068,0.9715038486272364,0.2568450570106506,0.0427160821855068,1.0,0.2151439934968948
Iqcg,0.0037823917809873,0.0066363215446472,0.813145101070404,0.9888502385877284,0.3363809287548065,0.813145101070404,0.6127679200448203,0.7709659337997437,0.813145101070404,0.7116759859035156,0.6594328880310059
Rpl35a,3.962347030639648,3.301438808441162,-0.9799249172210692,1.6418576473446343e-168,-27.89138412475586,-0.9799249172210692,6.938305900083964e-203,-43.73069381713867,-0.9799249172210692,3.3046530290784517e-189,-39.18907928466797
Lmln,0.0079117463901638,0.0056489096023142,-0.4876576662063598,0.9888502385877284,0.1354784518480301,-0.4876576662063598,0.7678895878308526,-0.5473513007164001,-0.4876576662063598,0.8615529990514217,-0.440805584192276
Osbpl11,0.0763202309608459,0.0768619328737258,0.0105993226170539,0.7674174018903644,0.8581297993659973,0.0105993226170539,1.0,0.0373623594641685,0.0105993226170539,1.0,0.0315227024257183
Snx4,0.3250890076160431,0.3870632648468017,0.2990869283676147,0.0202477825982063,2.784552812576294,0.2990869283676147,0.0702573347749145,2.1879355907440186,0.2990869283676147,0.1574430435336126,1.8507943153381348
Zfp148,0.4138098359107971,0.3947481215000152,-0.0827097594738006,0.9888502385877284,-0.0591504611074924,-0.0827097594738006,0.6970447962911138,-0.6470352411270142,-0.0827097594738006,0.7931804940430192,-0.5411292910575867
Slc12a8,0.0,0.0008982903091236,19.7774715423584,0.9888502385877284,0.1678170263767242,19.7774715423584,0.4679991859106411,1.0,19.7774715423584,0.5282133287683867,1.0
Heg1,0.0736521035432815,0.1308792531490326,0.8714219927787781,0.0196269734623807,2.796577215194702,0.8714219927787781,0.0032782304179564,3.318615674972534,0.8714219927787781,0.0127872398510494,2.923344612121582
Muc13,0.0019920212216675,0.0,-20.9272403717041,0.9888502385877284,0.0673658028244972,-20.9272403717041,0.4679991859106411,-1.0,-20.9272403717041,0.6832027011037286,-0.7008072733879089
Itgb5,0.0,0.0044907345436513,22.10176086425781,0.9888502385877284,0.3023992776870727,22.10176086425781,0.2335424205326894,1.5605828762054443,22.10176086425781,0.2600033592347898,1.5605828762054443
Umps,0.0898624882102012,0.1587834656238556,0.8720155358314514,0.0004324090437673,3.943513631820679,0.8720155358314514,0.0004034911598847,3.913830995559693,0.8720155358314514,0.002977596179985,3.396597623825073
Kalrn,0.0017266614595428,0.0021308055147528,0.3037051260471344,0.9888502385877284,0.1014968156814575,0.3037051260471344,1.0,0.1618183851242065,0.3037051260471344,1.0,0.1429209560155868
Ccdc14,0.0193349234759807,0.0178246404975652,-0.1184289157390594,0.9888502385877284,0.4293636381626129,-0.1184289157390594,1.0,-0.2145324498414993,-0.1184289157390594,1.0,-0.1759831607341766
Hacd2,0.0798804312944412,0.2491961270570755,1.7668503522872925,5.0582078794626e-11,6.933375358581543,1.7668503522872925,3.7966355401359265e-14,8.070474624633789,1.7668503522872925,5.586060905319046e-12,7.368024826049805
Sec22a,0.0753595530986785,0.0914467051625251,0.2909062206745147,0.2098293793406108,1.7625643014907837,0.2909062206745147,0.4543556692779705,1.095089554786682,0.2909062206745147,0.5671969337454005,0.9260640144348145
Pdia5,0.0,0.0,0.0,0.9888502385877284,0.1005259156227111,0.0,1.0,0.0,0.0,1.0,0.0
Slc49a4,0.14483742415905,0.020757470279932,-2.8934717178344727,0.0059681830516054,-3.1968135833740234,-2.8934717178344727,8.071552969631666e-18,-9.04437255859375,-2.8934717178344727,5.959222293793901e-10,-6.685822486877441
Hspbap1,0.106303796172142,0.0564153119921684,-0.9505093693733216,0.8788182692848105,-0.7245184779167175,-0.9505093693733216,0.0021435975919336,-3.4425127506256104,-0.9505093693733216,0.0212454571034062,-2.7406153678894043
Parp14,0.3504569232463836,0.4941492974758148,0.6066351532936096,1.2442492712343194e-05,4.775876998901367,0.6066351532936096,1.9491971407469248e-05,4.6463494300842285,0.6066351532936096,0.0003828001119077,3.976230144500733
Dtx3l,0.3377996683120727,0.4505025148391723,0.5019917488098145,0.0001489355218532,4.210587024688721,0.5019917488098145,0.0004849359691635,3.8636224269866943,0.5019917488098145,0.0043522054562265,3.280099391937256
Parp9,0.2924256026744842,0.4509015679359436,0.7461236715316772,2.565354616180861e-08,5.949028015136719,0.7461236715316772,3.397402529641818e-07,5.481521129608154,0.7461236715316772,2.1687652368528583e-05,4.671667575836182
Kpna1,0.1173080429434776,0.1872618496417999,0.7264962196350098,0.0010746272452841,3.701459646224976,0.7264962196350098,0.0022766700975084,3.4291329383850098,0.7264962196350098,0.0106241252882037,2.986774206161499
Wdr5b,0.0194506216794252,0.0131648769602179,-0.5676687359809875,0.9888502385877284,0.1003018617630004,-0.5676687359809875,0.4870508357234097,-0.9678567051887512,-0.5676687359809875,0.6597659798017204,-0.786467969417572
Fam162a,0.3332579731941223,0.4061406850814819,0.3411459326744079,0.0155129821094083,2.88037371635437,0.3411459326744079,0.0299309981529159,2.548867702484131,0.3411459326744079,0.0831939696791801,2.1679177284240723
Ccdc58,0.1156278625130653,0.107033222913742,-0.1177450865507125,0.6366312423179743,1.0282621383666992,-0.1177450865507125,0.789063701553183,-0.5172663331031799,-0.1177450865507125,0.869303659583237,-0.4299831986427307
Stfa2l1,0.0,0.0,0.0,0.9888502385877284,0.1005259156227111,0.0,1.0,0.0,0.0,1.0,0.0
Cstdc4,0.0,0.0,0.0,0.9888502385877284,0.1005259156227111,0.0,1.0,0.0,0.0,1.0,0.0
Csta2,0.0031016210559755,0.0,-21.566829681396484,0.9994412017932364,0.0010455889860168,-21.566829681396484,0.1761390792284668,-1.7267013788223269,-21.566829681396484,0.4257255342315298,-1.2100849151611328
Cstdc5,0.0,0.0,0.0,0.9888502385877284,0.1005259156227111,0.0,1.0,0.0,0.0,1.0,0.0
Stfa3,0.0,0.0,0.0,0.9888502385877284,0.1005259156227111,0.0,1.0,0.0,0.0,1.0,0.0
Cd86,0.0486775487661361,0.1604812145233154,1.803130269050598,0.0001279056697614,4.247481346130371,1.803130269050598,1.1872813904990894e-08,6.122996330261231,1.803130269050598,1.921420521598828e-07,5.643059730529785
Ildr1,0.0269597489386796,0.1780812740325927,2.8345301151275635,4.3017829144393816e-08,5.859107494354248,2.8345301151275635,2.0411328792720024e-15,8.517157554626465,2.8345301151275635,3.708973407440832e-14,8.121302604675293
Slc15a2,0.1547441482543945,0.0,-27.31837272644043,0.0001949617017458,-4.143968105316162,-27.31837272644043,2.731537771659513e-29,-11.952082633972168,-27.31837272644043,1.1398707893096315e-14,-8.376106262207031
Eaf2,0.0021627405658364,0.0085293678566813,1.984174370765686,0.9888502385877284,0.3699144423007965,1.984174370765686,0.2403539859422559,1.5428835153579712,1.984174370765686,0.3106553750665685,1.4435222148895264
Iqcb1,0.0296156965196132,0.0081907138228416,-1.8698043823242188,0.9888502385877284,-0.2705087959766388,-1.8698043823242188,0.005160763818331,-3.1730306148529053,-1.8698043823242188,0.0549644477170167,-2.3577678203582764
Golgb1,0.2893712520599365,0.2275854349136352,-0.3930001854896545,0.9888502385877284,-0.5508760213851929,-0.3930001854896545,0.0502581828088612,-2.335655689239502,-0.3930001854896545,0.1320114741864637,-1.9417976140975952
Hcls1,0.4289504289627075,0.814082682132721,1.23075532913208,6.823962124038161e-23,10.165365219116213,1.23075532913208,2.864575273235571e-28,11.710487365722656,1.23075532913208,4.3585876278509515e-21,10.01650333404541
Fbxo40,0.0,0.0012862528674304,20.29567146301269,0.9888502385877284,0.1678170263767242,20.29567146301269,0.4679991859106411,1.0,20.29567146301269,0.5282133287683867,1.0
Polq,0.0055843191221356,0.0212311651557683,1.9380420446395876,0.6033719982731681,1.0727742910385132,1.9380420446395876,0.0244943279933814,2.6302361488342285,1.9380420446395876,0.0482578783510664,2.411531925201416
Stxbp5l,0.0,0.0,0.0,0.9888502385877284,0.1005259156227111,0.0,1.0,0.0,0.0,1.0,0.0
Gtf2e1,0.0472381487488746,0.0519926957786083,0.1418146938085556,0.7006702543191133,0.9446149468421936,0.1418146938085556,0.8712937529881273,0.4011116027832031,0.1418146938085556,0.9301358598183092,0.3395497798919678
Rabl3,0.0500071085989475,0.0509608164429664,0.0279490929096937,0.8621490970535508,0.7456543445587158,0.0279490929096937,1.0,0.0799475684762001,0.0279490929096937,1.0,0.0672867149114608
Hgd,0.0,0.0,0.0,0.9888502385877284,0.1005259156227111,0.0,1.0,0.0,0.0,1.0,0.0
Ndufb4,0.621849536895752,0.6975185871124268,0.2262079268693924,0.4042704274832637,1.3694227933883667,0.2262079268693924,0.0458321185062893,2.3745601177215576,0.2262079268693924,0.1250100409325229,1.971040964126587
Fstl1,0.0,0.0,0.0,0.9888502385877284,0.1005259156227111,0.0,1.0,0.0,0.0,1.0,0.0
Lrrc58,0.1937775611877441,0.226812869310379,0.251765489578247,0.0439204892364075,2.4911904335021973,0.251765489578247,0.2813764894032852,1.447365403175354,0.251765489578247,0.4200947393852066,1.222900629043579
Gsk3b,0.5231583714485168,0.5293292999267578,0.0217576101422309,0.9888502385877284,0.2806659638881683,0.0217576101422309,1.0,0.1927438676357269,0.0217576101422309,1.0,0.1610723286867141
Maats1,0.0011815158650279,0.009135034866631,2.956512451171875,0.9888502385877284,0.5378808379173279,2.956512451171875,0.0896287264453051,2.0786571502685547,2.956512451171875,0.1225350479828207,1.9830082654953003
Cox17,0.3898303806781769,0.9677037000656128,1.775302171707153,7.858143134044046e-49,14.949458122253418,1.775302171707153,4.870639493929489e-56,17.32091522216797,1.775302171707153,3.2942126778574015e-44,15.082523345947266
Gm21987,0.0,0.0,0.0,0.9888502385877284,0.1005259156227111,0.0,1.0,0.0,0.0,1.0,0.0
Popdc2,0.0023571217898279,0.1118747219443321,5.648465633392334,6.657997551742682e-05,4.401257514953613,5.648465633392334,1.9382634722214639e-13,7.924042701721191,5.648465633392334,3.5706506447815184e-13,7.864736557006836
Pla1a,0.0023036876227706,0.0124405091628432,2.440349102020264,0.8383664917086351,0.7729142904281616,2.440349102020264,0.0640184175996961,2.231963634490967,2.440349102020264,0.0976604967979083,2.094119071960449
Adprh,0.1920881420373916,0.4636621475219726,1.4778873920440674,7.246675409949382e-18,8.943221092224121,1.4778873920440674,5.5433415500574266e-21,10.00059986114502,1.4778873920440674,7.769361012528136e-17,8.864145278930664
Cd80,0.0012267642887309,0.1539752930402755,7.083305358886719,4.5240222735885196e-08,5.850070476531982,7.083305358886719,4.830322113529554e-18,9.380617141723633,7.083305358886719,7.479396011758424e-18,9.353155136108398
Timmdc1,0.0565421730279922,0.076117068529129,0.4431688785552978,0.1708247432841882,1.873023271560669,0.4431688785552978,0.2642504689167242,1.4855297803878784,0.4431688785552978,0.394355385397805,1.2688119411468506
Poglut1,0.0781642198562622,0.0648006200790405,-0.2802554965019226,0.90159389058754,0.6944204568862915,-0.2802554965019226,0.4702618702995363,-0.9954012632369996,-0.2802554965019226,0.6398173634385694,-0.8141933679580688
Tmem39a,0.0311367493122816,0.0570301078259944,0.8919206857681274,0.2497383207383303,1.665324568748474,0.8919206857681274,0.0500935790654755,2.3383660316467285,0.8919206857681274,0.1061188836588244,2.0531489849090576
Arhgap31,0.1137969121336937,0.1818385571241378,0.7264871001243591,0.0058442204513768,3.203460693359375,0.7264871001243591,0.0025596474866552,3.394102096557617,0.7264871001243591,0.0114925440544539,2.9595346450805664
B4galt4,0.0024708628188818,0.0010201197583228,-1.2773224115371704,0.9888502385877284,0.1684892028570175,-1.2773224115371704,0.6156242008849926,-0.7668226957321167,-1.2773224115371704,0.7806920528954853,-0.5584725141525269
Zbtb20,0.5086111426353455,0.0853555873036384,-2.8953988552093506,1.891206438051037e-19,-9.345474243164062,-2.8953988552093506,6.313995647986757e-50,-15.785327911376951,-2.8953988552093506,6.6410395294116965e-28,-11.88895034790039
Tigit,0.0010899408953264,0.0737880170345306,6.133831024169922,0.0043585855461974,3.2939040660858154,6.133831024169922,2.6483781745480987e-10,6.809709548950195,6.133831024169922,4.1287166756965985e-10,6.773231983184815
Qtrt2,0.0640590116381645,0.0170939154922962,-1.940025806427002,0.7365094012905405,-0.8953229188919067,-1.940025806427002,1.1250839401399916e-05,-4.758633136749268,-1.940025806427002,0.0016762440846435,-3.57468318939209
Ccdc191,0.0636317953467369,0.0293920896947383,-1.1392101049423218,0.9888502385877284,-0.3597573041915893,-1.1392101049423218,0.0048508823063821,-3.1919186115264893,-1.1392101049423218,0.0410455190625049,-2.4807844161987305
Zdhhc23,0.0077079655602574,0.0058086612261831,-0.4095159769058227,0.9888502385877284,0.1354784518480301,-0.4095159769058227,0.8285194431821356,-0.4606243073940277,-0.4095159769058227,0.9073191783012702,-0.3737365305423736
Gramd1c,0.0066958963871002,0.0137235233560204,1.040379762649536,0.9888502385877284,0.5034511089324951,1.040379762649536,0.351296346055118,1.2828686237335205,1.040379762649536,0.4626166062706924,1.14417564868927
Atp6v1a,0.0885692611336708,0.2213896811008453,1.4199931621551514,6.817987934419534e-09,6.1722612380981445,1.4199931621551514,3.2751618213273887e-10,6.707356929779053,1.4199931621551514,3.0495072572126915e-08,5.969743251800537
Naa50,0.2777899801731109,0.3427225947380066,0.3523038625717163,0.0180895332149819,2.826376438140869,0.3523038625717163,0.0398215562311885,2.43257737159729,0.3523038625717163,0.1010556396826768,2.0767898559570312
Usf3,0.0802537649869918,0.1128186658024787,0.5152332782745361,0.0785528565112819,2.244580745697021,0.5152332782745361,0.1123640893150048,1.965866208076477,0.5152332782745361,0.2104236653474075,1.686268329620361
Sidt1,0.4231686890125274,0.2159830331802368,-1.1277132034301758,6.949032532797266e-06,-4.895970344543457,-1.1277132034301758,6.816995716879194e-13,-7.585138320922852,-1.1277132034301758,1.4242525550134421e-08,-6.110280990600586
Spice1,0.0970741882920265,0.0534643121063709,-0.8923640847206116,0.9888502385877284,-0.5536393523216248,-0.8923640847206116,0.006755026471957,-3.08389949798584,-0.8923640847206116,0.0429175344542846,-2.461700916290283
Boc,0.0,0.0,0.0,0.9888502385877284,0.1005259156227111,0.0,1.0,0.0,0.0,1.0,0.0
Nepro,0.0234707538038492,0.0277031790465116,0.2422534078359604,0.9076430727217168,0.6879228949546814,0.2422534078359604,0.7944765147999264,0.5097724795341492,0.2422534078359604,0.8699837739978583,0.4290842711925506
Gtpbp8,0.0579660683870315,0.0395568832755088,-0.5646670460700989,0.9888502385877284,0.1661739647388458,-0.5646670460700989,0.2023670335256863,-1.6417611837387085,-0.5646670460700989,0.3649989777599626,-1.32335364818573
Cd200r1,0.011896732263267,0.0208319537341594,0.8146958947181702,0.947781126869644,0.6356434226036072,0.8146958947181702,0.3592636882594783,1.2668780088424685,0.8146958947181702,0.4822866353369105,1.1105949878692627
Cd200r4,0.0701571702957153,0.0790392979979515,0.1784662455320358,0.6963879671873013,0.9497682452201844,0.1784662455320358,0.725218091622605,0.6071145534515381,0.1784662455320358,0.8078304858126995,0.5205587148666382
Cd200r2,0.0,0.0,0.0,0.9888502385877284,0.1005259156227111,0.0,1.0,0.0,0.0,1.0,0.0
Cd200r3,0.0,0.0,0.0,0.9888502385877284,0.1005259156227111,0.0,1.0,0.0,0.0,1.0,0.0
Ccdc80,0.0,0.0,0.0,0.9888502385877284,0.1005259156227111,0.0,1.0,0.0,0.0,1.0,0.0
Slc35a5,0.0790155380964279,0.0746169611811637,-0.0858462825417518,0.9168708049803238,0.677915096282959,-0.0858462825417518,0.9409817868431471,-0.300537109375,-0.0858462825417518,0.986322383011667,-0.2528448104858398
Atg3,0.3257419764995575,0.4411145746707916,0.5259525179862976,5.7681854958675855e-05,4.435612678527832,0.5259525179862976,0.0002148337870076,4.075383186340332,0.5259525179862976,0.0023796753720151,3.465043306350708
Btla,0.1102238520979881,0.1422780305147171,0.3918854296207428,0.1635121161937856,1.895354151725769,0.3918854296207428,0.1967196243998449,1.658901572227478,0.3918854296207428,0.3131808267460059,1.4374386072158811
Cd200,0.0126738185063004,0.0468391776084899,1.9106316566467283,0.2342954513068487,1.7009491920471191,1.9106316566467283,0.0018924749648162,3.488450765609741,1.9106316566467283,0.0052814565447024,3.219508409500122
Gm609,0.0,0.0,0.0,0.9888502385877284,0.1005259156227111,0.0,1.0,0.0,0.0,1.0,0.0
Gcsam,0.0,0.0,0.0,0.9888502385877284,0.1005259156227111,0.0,1.0,0.0,0.0,1.0,0.0
Tagln3,0.0,0.0,0.0,0.9888502385877284,0.1005259156227111,0.0,1.0,0.0,0.0,1.0,0.0
Abhd10,0.0729240849614143,0.0954191237688064,0.4043374955654144,0.0800445924990861,2.2362160682678223,0.4043374955654144,0.2427946453230124,1.535783767700195,0.4043374955654144,0.3751103294552596,1.3045127391815186
Phldb2,0.0,0.0021509276703,21.0380802154541,0.9888502385877284,0.1678170263767242,21.0380802154541,0.4679991859106411,1.0,21.0380802154541,0.5282133287683867,1.0
Plcxd2,0.2366681545972824,0.2085399031639099,-0.2035847157239914,0.9888502385877284,0.1351050287485122,-0.2035847157239914,0.4101324209889845,-1.1695877313613892,-0.2035847157239914,0.5327580243559252,-0.9807184934616088
Cd96,0.4465352594852447,0.4800612032413482,0.1304889470338821,0.2823316926109176,1.593701720237732,0.1304889470338821,0.4679991859106411,1.054232835769653,0.1304889470338821,0.5933951093691906,0.8862966895103455
Gm4737,0.0,0.0,0.0,0.9888502385877284,0.1005259156227111,0.0,1.0,0.0,0.0,1.0,0.0
Nectin3,0.0,0.0,0.0,0.9888502385877284,0.1005259156227111,0.0,1.0,0.0,0.0,1.0,0.0
Dppa2,0.001919811591506,0.0,-20.873918533325195,0.9888502385877284,0.0673658028244972,-20.873918533325195,0.4679991859106411,-1.0,-20.873918533325195,0.6832027011037286,-0.7008072733879089
Morc1,0.0012058388674631,0.0,-20.202476501464844,0.9888502385877284,0.0673658028244972,-20.202476501464844,0.4679991859106411,-1.0,-20.202476501464844,0.6832027011037286,-0.7008072733879089
Trat1,0.2385107427835464,0.001642920775339,-7.355928421020508,2.589532589882224e-08,-5.947384834289551,-7.355928421020508,4.110332839730913e-41,-14.421568870544434,-7.355928421020508,1.6200285757956326e-20,-10.132568359375
Retnlg,0.0,0.0,0.0,0.9888502385877284,0.1005259156227111,0.0,1.0,0.0,0.0,1.0,0.0
Dzip3,0.04803903773427,0.0524630397558212,0.1303121447563171,0.6302992772508592,1.0364774465560913,0.1303121447563171,0.8836492603415811,0.3834369778633117,0.1303121447563171,0.9409249700789536,0.3220044374465942
Cip2a,0.0156736318022012,0.052422396838665,1.768502950668335,0.0948052018598016,2.1604855060577397,1.768502950668335,0.000673941643603,3.781359195709229,1.768502950668335,0.002446216566427,3.4577293395996094
Ift57,0.0457787401974201,0.0132809830829501,-1.808873176574707,0.9628909886050634,-0.6179431080818176,-1.808873176574707,0.0002815443067232,-4.001405239105225,-1.808873176574707,0.0095029343594015,-3.028064250946045
Cd47,1.5032047033309937,2.180816888809204,1.1676063537597656,2.916973537828388e-71,18.08831596374512,1.1676063537597656,2.1865939251932836e-79,20.733652114868164,1.1676063537597656,6.518567909572788e-54,16.997596740722656
Bbx,0.3199590146541595,0.2436069399118423,-0.4509913027286529,0.923179762139006,-0.6685047745704651,-0.4509913027286529,0.0108742433843736,-2.9237399101257324,-0.4509913027286529,0.0500660968286223,-2.39508318901062
Cblb,0.2664926648139953,0.7683075070381165,1.920615315437317,1.4093002638364976e-38,13.269346237182615,1.920615315437317,4.0124028631375765e-42,14.843252182006836,1.920615315437317,2.8599422144306035e-35,13.31846523284912
Alcam,0.0100114084780216,0.3382697999477386,5.3221116065979,1.3106063683577786e-29,11.59692668914795,5.3221116065979,4.674921586893853e-40,14.963916778564451,5.3221116065979,1.7937065144563354e-39,14.786954879760742
Nfkbiz,0.2667974233627319,0.8986755609512329,2.2518081665039062,1.8284904310719555e-54,15.795787811279297,2.2518081665039062,3.478689724269013e-59,18.17654800415039,2.2518081665039062,1.3146948771819836e-50,16.363462448120117
Nxpe3,0.0963819622993469,0.1001392155885696,0.0579263940453529,0.6607481530910512,0.9962969422340392,0.0579263940453529,0.9918863396760416,0.2280462086200714,0.0579263940453529,1.0,0.1927034705877304
Cep97,0.2872960269451141,0.235369473695755,-0.3266976773738861,0.9888502385877284,0.0659467875957489,-0.3266976773738861,0.0897836385718601,-2.075126886367798,-0.3266976773738861,0.2040349275989957,-1.704562783241272
Rpl24,3.3232929706573486,3.404457330703736,0.1212935373187065,0.0001502101347863,4.20857048034668,0.1212935373187065,2.1646814223009005e-05,4.622278690338135,0.1212935373187065,0.0004496509526126,3.9342761039733887
Zbtb11,0.1914568245410919,0.1678210943937301,-0.2076551467180252,0.8319254885779643,0.7815030813217163,-0.2076551467180252,0.4533283162371392,-1.0967239141464231,-0.2076551467180252,0.5801368944419014,-0.9062214493751526
Pcnp,0.4941205680370331,0.671326756477356,0.5823227763175964,4.427107584359196e-05,4.4958086013793945,0.5823227763175964,2.1300914126748817e-07,5.56792688369751,0.5823227763175964,1.9358928465006284e-05,4.696798801422119
Trmt10c,0.2019139528274536,0.180211067199707,-0.1802066564559936,0.9452671725632862,0.6402738690376282,-0.1802066564559936,0.4679991859106411,-1.0058289766311646,-0.1802066564559936,0.6264876086912781,-0.834147572517395
Senp7,0.3267039358615875,0.2934220135211944,-0.1802534162998199,0.9888502385877284,-0.0566858612000942,-0.1802534162998199,0.3760170890139487,-1.2335039377212524,-0.1802534162998199,0.5282133287683867,-1.0267634391784668
Impg2,0.0092220418155193,0.0,-23.143312454223636,0.9888502385877284,-0.1647549569606781,-23.143312454223636,0.0140979574305365,-2.834055185317993,-23.143312454223636,0.1221680229033325,-1.9861265420913696
Abi3bp,0.0009830547496676,0.0,-19.907623291015625,0.9888502385877284,0.0673658028244972,-19.907623291015625,0.4679991859106411,-1.0,-19.907623291015625,0.6832027011037286,-0.7008072733879089
Tfg,0.1394111216068267,0.2519931495189667,0.937896728515625,1.5925908247103603e-06,5.193963527679443,0.937896728515625,1.715808362325056e-06,5.167932033538818,0.937896728515625,4.4963928885372445e-05,4.5055084228515625
Tmem45a2,0.0,0.0,0.0,0.9888502385877284,0.1005259156227111,0.0,1.0,0.0,0.0,1.0,0.0
Tomm70a,0.3064209222793579,0.3304891884326935,0.1273697316646576,0.2816294426710589,1.5951954126358032,0.1273697316646576,0.5383873035616888,0.8842841386795044,0.1273697316646576,0.6832027011037286,0.7451938390731812
Nit2,0.1082035303115844,0.0784479975700378,-0.4857366979122162,0.9888502385877284,0.299710601568222,-0.4857366979122162,0.1130705365088176,-1.9621390104293823,-0.4857366979122162,0.2474351937065589,-1.5913625955581665
Tbc1d23,0.1471124440431594,0.1258358359336853,-0.2410731166601181,0.9888502385877284,0.5357896685600281,-0.2410731166601181,0.4462398037677174,-1.1086194515228271,-0.2410731166601181,0.5710309530715181,-0.919967234134674
Tmem30c,0.0003030791413038,0.0,-18.20955848693848,0.9888502385877284,0.0673658028244972,-18.20955848693848,0.4679991859106411,-1.0,-18.20955848693848,0.6832027011037286,-0.7008072733879089
Cmss1,0.1018922626972198,0.0963873267173767,-0.0841659605503082,0.4645262447518036,1.2741248607635498,-0.0841659605503082,0.9053038091630532,-0.3521674871444702,-0.0841659605503082,0.9619888712422392,-0.2902656495571136
Filip1l,0.2872419357299804,0.1099910959601402,-1.5169681310653689,0.0008021111527376,-3.7804017066955566,-1.5169681310653689,4.03340593757038e-15,-8.266050338745117,-1.5169681310653689,2.2434911307947596e-09,-6.438876628875732
Dcbld2,0.0011150410864502,0.0004586329159792,-1.2821568250656128,0.9888502385877284,0.1345822364091873,-1.2821568250656128,0.7698371101842749,-0.5444304943084717,-1.2821568250656128,0.8921877970313333,-0.3964145183563232
St3gal6,0.1149090081453323,0.2842527031898498,1.4328978061676023,2.972681831925009e-09,6.307216644287109,1.4328978061676023,6.546616217341998e-12,7.3179402351379395,1.4328978061676023,8.975146247345594e-10,6.57204532623291
Cpox,0.0713516697287559,0.1192249730229377,0.7757492661476135,0.0116503052680943,2.9789576530456543,0.7757492661476135,0.0087172211909539,3.0014431476593018,0.7757492661476135,0.0305490563412126,2.5991342067718506
Gpr15,0.0010035001905635,0.0,-19.937334060668945,0.9888502385877284,0.0673658028244972,-19.937334060668945,0.4679991859106411,-1.0,-19.937334060668945,0.6832027011037286,-0.7008072733879089
Cldnd1,0.0894456654787063,0.2053121626377105,1.2843676805496216,1.3083762506984486e-06,5.232500553131104,1.2843676805496216,4.7629591381982414e-08,5.860769748687744,1.2843676805496216,1.710004827918653e-06,5.210152626037598
Olfr172,0.0,0.0023680632002651,21.176984786987305,0.9888502385877284,0.1678170263767242,21.176984786987305,0.4679991859106411,1.0,21.176984786987305,0.5282133287683867,1.0
Olfr173,0.0,0.0,0.0,0.9888502385877284,0.1005259156227111,0.0,1.0,0.0,0.0,1.0,0.0
Olfr204,0.0,0.0,0.0,0.9888502385877284,0.1005259156227111,0.0,1.0,0.0,0.0,1.0,0.0
Gabrr3,0.0,0.0,0.0,0.9888502385877284,0.1005259156227111,0.0,1.0,0.0,0.0,1.0,0.0
Riox2,0.196250632405281,0.3464953303337097,0.9334126114845276,1.4830908251867172e-07,5.641251564025879,0.9334126114845276,6.329405137385366e-08,5.80443811416626,0.9334126114845276,3.148717298469067e-06,5.085565567016602
Crybg3,0.0146286860108375,0.1491482257843017,3.4482338428497314,5.340831793033121e-07,5.4045000076293945,3.4482338428497314,1.311242446555958e-14,8.278836250305176,3.4482338428497314,9.604485133974153e-14,8.009195327758789
Arl6,0.0095226150006055,0.0260623861104249,1.464505672454834,0.4676003821628725,1.2678513526916504,1.464505672454834,0.0326375349472602,2.5161054134368896,1.464505672454834,0.0682390606849955,2.25892972946167
Nsun3,0.063904158771038,0.0705245435237884,0.1470448672771453,0.6060385354596186,1.0693387985229492,0.1470448672771453,0.8139051679649973,0.4824931025505066,0.1470448672771453,0.8831708694897245,0.4102198481559753
Arl13b,0.0634933486580848,0.0389401614665985,-0.7232087850570679,0.9888502385877284,-0.1321923285722732,-0.7232087850570679,0.0797805585652878,-2.1294188499450684,-0.7232087850570679,0.2022514423370673,-1.710743069648743
Stx19,0.0,0.0025200676172971,21.266849517822266,0.9888502385877284,0.1678170263767242,21.266849517822266,0.4679991859106411,1.0,21.266849517822266,0.5282133287683867,1.0
Pros1,0.0043559647165238,0.0,-22.05770492553711,0.9888502385877284,-0.0321145206689834,-22.05770492553711,0.1267534241700121,-1.9058479070663448,-22.05770492553711,0.3595850506881183,-1.335632085800171
Epha3,0.0,0.0097812227904796,23.22864532470703,0.9888502385877284,0.4369814991950989,23.22864532470703,0.0689767689020329,2.199762344360352,23.22864532470703,0.078374327927367,2.199762344360352
4930453N24Rik,0.3939525187015533,0.7252267599105835,1.141535758972168,2.1216005140201333e-19,9.333151817321776,1.141535758972168,1.8302923988235506e-23,10.579368591308594,1.141535758972168,1.3010382582763539e-17,9.079051971435549
Zfp654,0.1518482416868209,0.2309530675411224,0.6638506054878235,0.0017182709938825,3.570014238357544,0.6638506054878235,0.0019345984170732,3.476832866668701,0.6638506054878235,0.0096757963970086,3.0176210403442383
Cggbp1,0.3742475807666778,0.5786187648773193,0.7877029776573181,2.2795367404092226e-08,5.969192981719971,0.7877029776573181,2.7735809254119834e-10,6.714282512664795,0.7877029776573181,1.0980460271312933e-07,5.737682342529297
Pou1f1,0.0012649769196286,0.0,-20.27159309387207,0.9888502385877284,0.0673658028244972,-20.27159309387207,0.4679991859106411,-1.0,-20.27159309387207,0.6832027011037286,-0.7008072733879089
Chmp2b,0.143936201930046,0.1548389345407486,0.113399289548397,0.2036305245536388,1.7792937755584717,0.113399289548397,0.7544094695109987,0.567579448223114,0.113399289548397,0.8377423851710579,0.476871907711029
Gbe1,0.0843595936894416,0.0639313235878944,-0.4149472415447235,0.9888502385877284,0.3586370348930359,-0.4149472415447235,0.2742498453559278,-1.4630438089370728,-0.4149472415447235,0.4314355761188533,-1.1970494985580444
Rbm11,0.0,0.0036477611865848,21.801212310791016,0.9888502385877284,0.2351081520318985,21.801212310791016,0.2948387671894117,1.408867359161377,21.801212310791016,0.3263308940324332,1.408867359161377
Hspa13,0.0382520630955696,0.0863494202494621,1.209703803062439,0.0344323720252133,2.5866377353668213,1.209703803062439,0.0009832519306313,3.67399525642395,1.209703803062439,0.0042723795549905,3.2866578102111816
Samsn1,0.1253101527690887,0.3427101373672485,1.6144161224365234,1.0756627626908207e-14,8.075457572937012,1.6144161224365234,1.0967517209462103e-16,8.826532363891602,1.6144161224365234,1.0996202599025588e-13,7.918736934661865
Nrip1,0.5203762650489807,0.435930073261261,-0.321209579706192,0.5036877462087701,-1.2124351263046265,-0.321209579706192,0.0281339489148567,-2.5726819038391118,-0.321209579706192,0.0925499152239827,-2.1187074184417725
Usp25,0.4227951169013977,0.5325775742530823,0.4185047447681427,0.0021356865126852,3.5070548057556152,0.4185047447681427,0.0025777367112019,3.3905272483825684,0.4185047447681427,0.0140401981712055,2.8900864124298096
Cxadr,0.003606631886214,0.0030649420805275,-0.2351832240819931,0.9888502385877284,0.1351797133684158,-0.2351832240819931,1.0,-0.1798969805240631,-0.2351832240819931,1.0,-0.1469361335039138
Btg3,0.1843738555908203,0.2771444916725158,0.6574952006340027,0.000103826293678,4.296997547149658,0.6574952006340027,0.0004186541236817,3.9034812450408936,0.6574952006340027,0.0032841174670658,3.367004871368408
D16Ertd472e,0.3646008670330047,0.8129969835281372,1.511914610862732,1.0038870856608898e-30,11.817545890808104,1.511914610862732,3.1895521367842844e-35,13.303666114807127,1.511914610862732,7.825693773481353e-28,11.660523414611816
Gm21833,0.0021809961181133,0.0060478914529085,1.4742358922958374,0.9888502385877284,0.2359296828508377,1.4742358922958374,0.4821498612585797,0.9764553308486938,1.4742358922958374,0.5791355334593501,0.907716691493988
A730009L09Rik,0.0,0.0011592789087444,20.14563369750977,0.9888502385877284,0.1678170263767242,20.14563369750977,0.4679991859106411,1.0,20.14563369750977,0.5282133287683867,1.0
Mrpl39,0.0940673276782035,0.1795929670333862,0.9960655570030212,0.0002370140525905,4.094825267791748,0.9960655570030212,3.69124820245759e-05,4.506392002105713,0.9960655570030212,0.000375946196908,3.981246709823608
Jam2,0.0,0.0048923189751803,22.22561836242676,0.9888502385877284,0.3696903884410858,22.22561836242676,0.1550947149841816,1.8010252714157104,22.22561836242676,0.1734934439860189,1.8010252714157104
Atp5j,1.1396546363830566,1.7289388179779053,1.1245365142822266,5.3516173491182665e-53,15.58047103881836,1.1245365142822266,1.7356647191243987e-61,17.868488311767578,1.1245365142822266,2.02431018020438e-41,14.610576629638672
Gabpa,0.1124913394451141,0.1831170320510864,0.75515216588974,0.0006786770279851,3.826631546020508,0.75515216588974,0.0011657352771649,3.6226325035095215,0.75515216588974,0.0065559309801767,3.1481895446777344
App,0.0409822054207325,0.0,-25.31815719604492,0.5880870178451285,-1.0932379961013794,-25.31815719604492,2.7212471868651525e-08,-5.950380325317383,-25.31815719604492,0.0001953919849108,-4.170069694519043
N6amt1,0.2010536640882492,0.1865051686763763,-0.1191982477903366,0.7010941096340714,0.9440174698829652,-0.1191982477903366,0.6960959570426438,-0.6488376259803772,-0.1191982477903366,0.7949289308871339,-0.5386875867843628
Ltn1,0.1631673127412796,0.1548119038343429,-0.0820227935910224,0.4733341511064122,1.2586650848388672,-0.0820227935910224,0.8566042217806923,-0.4216680228710174,-0.0820227935910224,0.9235802698201548,-0.3496567904949188
Rwdd2b,0.0324941761791706,0.0864604040980339,1.4511727094650269,0.0158595701769153,2.872382402420044,1.4511727094650269,0.0001125268508389,4.243999481201172,1.4511727094650269,0.0006895841019231,3.8188164234161377
Usp16,0.2544637620449066,0.2986142933368683,0.2641370892524719,0.031503854323201,2.6203954219818115,0.2641370892524719,0.1745064024371669,1.7352253198623655,0.2641370892524719,0.3002568363950597,1.4666377305984497
Cct8,0.8287439942359924,0.8983661532402039,0.1737384051084518,0.5760769701642937,1.1100420951843262,0.1737384051084518,0.1069879091421866,1.990275263786316,0.1737384051084518,0.2171864149944176,1.668154001235962
Bach1,0.120699405670166,0.07996416836977,-0.6238687634468079,0.9994412017932364,0.0052279448136687,-0.6238687634468079,0.0319528014736334,-2.5217576026916504,-0.6238687634468079,0.1114031024813569,-2.03012490272522
Tiam1,0.0074181761592626,0.0095524564385414,0.3663488924503326,0.9888502385877284,0.3694663345813751,0.3663488924503326,0.837273690021179,0.4481181204319,0.3663488924503326,0.9066230398783248,0.3746255934238434
Sod1,0.2806661128997803,0.4516157805919647,0.8170624375343323,6.336770589175126e-08,5.791890621185303,0.8170624375343323,1.55384979395577e-08,6.049691200256348,0.8170624375343323,1.6738528305065344e-06,5.213260650634766
Scaf4,0.1388245075941085,0.123574174940586,-0.179126352071762,0.9088305893118082,0.6865038275718689,-0.179126352071762,0.5846315129101878,-0.8135505318641663,-0.179126352071762,0.6990915399174515,-0.6778839230537415
Hunk,0.0,0.0,0.0,0.9888502385877284,0.1005259156227111,0.0,1.0,0.0,0.0,1.0,0.0
Mis18a,0.1510898172855377,0.2137027531862259,0.5467367172241211,0.0032057301543008,3.387857675552368,0.5467367172241211,0.0100128081093262,2.953939437866211,0.5467367172241211,0.0363108827242103,2.5310003757476807
Mrap,0.0,0.0,0.0,0.9888502385877284,0.1005259156227111,0.0,1.0,0.0,0.0,1.0,0.0
Urb1,0.0689843446016311,0.0353566370904445,-0.9887558817863464,0.9888502385877284,-0.3362315595149994,-0.9887558817863464,0.0105746043643636,-2.933001518249512,-0.9887558817863464,0.0606731959433777,-2.313455104827881
Cfap298,0.1186987608671188,0.1304226368665695,0.1445219367742538,0.2288538076620819,1.7145419120788574,0.1445219367742538,0.694837521655409,0.6506953239440918,0.1445219367742538,0.7867980277905611,0.5495937466621399
Synj1,0.1186955496668815,0.1702680736780166,0.5586392283439636,0.0137559427455734,2.922197103500366,0.5586392283439636,0.0248703451793748,2.6219444274902344,0.5586392283439636,0.0675731440133598,2.263097047805786
Paxbp1,0.2255971729755401,0.2240298092365265,-0.011231099255383,0.308682067423892,1.5403766632080078,-0.011231099255383,1.0,-0.0682518780231475,-0.011231099255383,1.0,-0.0569206438958644
4932438H23Rik,0.0009360725525766,0.0014572162181138,0.6388981342315674,0.9888502385877284,0.1345822364091873,0.6388981342315674,0.9408006107677658,0.3008969128131866,0.6388981342315674,0.9792234347488936,0.2636349499225616
Ifnar2,0.216985747218132,0.0979926511645317,-1.2349419593811035,0.0485679630628974,-2.449815034866333,-1.2349419593811035,6.987605047861101e-09,-6.165956974029541,-1.2349419593811035,9.582474972564086e-06,-4.85822057723999
Il10rb,0.2663333415985107,0.3008808493614197,0.2020563930273056,0.0664218329167621,2.3191909790039062,0.2020563930273056,0.3270349622997632,1.3327442407608032,0.2020563930273056,0.470793189644291,1.1303480863571167
Ifnar1,0.3489218354225158,0.353960782289505,0.0245328266173601,0.651311582997573,1.0090680122375488,0.0245328266173601,1.0,0.1754166930913925,0.0245328266173601,1.0,0.1477441936731338
Ifngr2,0.1876904070377349,0.0012010501231998,-7.424554347991943,5.069399126603301e-06,-4.961170196533203,-7.424554347991943,6.552989364670133e-36,-13.371044158935549,-7.424554347991943,6.041683376304974e-18,-9.38825511932373
Tmem50b,0.0641478896141052,0.0717957094311714,0.1680750697851181,0.6783458973922952,0.975982666015625,0.1680750697851181,0.7718541972066836,0.5416950583457947,0.1680750697851181,0.8468008913992897,0.4623763263225555
Dnajc28,0.006863129325211,0.0020040804520249,-1.779433250427246,0.9888502385877284,-0.031442355364561,-1.779433250427246,0.2944301532677127,-1.4094592332839966,-1.779433250427246,0.4978599577582948,-1.0854920148849487
Gart,0.2528170645236969,0.1615414172410965,-0.7143030166625977,0.3346173036743833,-1.491607427597046,-0.7143030166625977,0.0001823552856056,-4.1129560470581055,-0.7143030166625977,0.0037269999103502,-3.329571485519409
Son,1.3261797428131104,1.2611461877822876,-0.1292956918478012,0.0095794775720814,-3.044755220413208,-0.1292956918478012,0.1367462087150462,-1.864883303642273,-0.1292956918478012,0.2696211746554477,-1.5359115600585938
Donson,0.0877067074179649,0.1623288244009018,0.9431098699569702,0.0002184126277351,4.115512847900391,0.9431098699569702,0.0001317175274581,4.201499938964844,0.9431098699569702,0.0012016887502069,3.664408683776856
Cryzl1,0.0967609584331512,0.0908552482724189,-0.0951816886663436,0.6474455490559063,1.0147441625595093,-0.0951816886663436,0.8840628619330845,-0.3825400769710541,-0.0951816886663436,0.9435665819546508,-0.3180174231529236
Itsn1,0.0055298060178756,0.0084151616320014,0.6078459024429321,0.9888502385877284,0.3362315595149994,0.6078459024429321,0.6879754301001056,0.6607787013053894,0.6078459024429321,0.7709919857282646,0.5722933411598206
Atp5o-1,0.9679733514785768,1.2831225395202637,0.6757073402404785,2.6069455861073053e-14,7.963504314422607,0.6757073402404785,5.72592295791703e-19,9.382607460021973,0.6757073402404785,2.895241893741095e-13,7.783716201782227
Mrps6,0.1163044720888137,0.200646087527275,0.8491925001144409,0.000126094631685,4.250767230987549,0.8491925001144409,0.0001524633076055,4.164767265319824,0.8491925001144409,0.0013711986452186,3.6263489723205566
Slc5a3,0.0321291461586952,0.0485471114516258,0.6074254512786865,0.5306411830501601,1.174345850944519,0.6074254512786865,0.2439055649442926,1.5333095788955688,0.6074254512786865,0.359726458433613,1.3342891931533811
Smim11,0.3204793035984039,0.4008408784866333,0.3842439651489258,0.0021676167717783,3.5025737285614014,0.3842439651489258,0.0119453621059023,2.8913965225219727,0.3842439651489258,0.0464819044999348,2.4272403717041016
Rcan1,0.0143077420070767,0.025996970012784,0.8700079917907715,0.7610713327104597,0.866195797920227,0.8700079917907715,0.2306380051584667,1.566874623298645,0.8700079917907715,0.3398984677875163,1.3750450611114502
Runx1,0.2007102221250534,0.2208768129348755,0.1531855314970016,0.1363519921724579,1.987365961074829,0.1531855314970016,0.5463063362047902,0.8724008798599243,0.1531855314970016,0.6832027011037286,0.7360990047454834
Setd4,0.1086141914129257,0.0459327213466167,-1.2874155044555664,0.5536105501183914,-1.1402894258499146,-1.2874155044555664,3.554588944270495e-05,-4.502315044403076,-1.2874155044555664,0.0020526275925082,-3.512629270553589
Cbr1,0.260081797838211,0.1125884801149368,-1.317602038383484,0.0023446436955088,-3.4803175926208496,-1.317602038383484,1.4313777023355707e-11,-7.143454551696777,-1.317602038383484,1.94173986343764e-07,-5.644210815429688
Cbr3,0.0005408413126133,0.0013095693429931,1.276368260383606,0.9888502385877284,0.1347316056489944,1.276368260383606,0.77125842706881,0.542559027671814,1.276368260383606,0.8172879231009006,0.5057251453399658
Dop1b,0.0883917659521102,0.1795209348201751,1.0893710851669312,6.23649211785335e-05,4.417090892791748,1.0893710851669312,7.471290622011553e-06,4.862461090087891,1.0893710851669312,0.0001117901871892,4.287334442138672
Morc3,0.3474353849887848,0.3958728909492492,0.2253920137882232,0.0771392057540809,2.253169536590576,0.2253920137882232,0.1940710217982144,1.6668840646743774,0.2253920137882232,0.3233971439146334,1.416571855545044
Chaf1b,0.0498116202652454,0.2563735246658325,2.5164954662323,1.2400587084816156e-14,8.057682037353516,2.5164954662323,2.343060873229168e-21,10.200560569763184,2.5164954662323,4.337208682585719e-19,9.55060863494873
Hlcs,0.1044577285647392,0.0596951209008693,-0.839965283870697,0.9888502385877284,-0.4185343384742737,-0.839965283870697,0.0065995253773756,-3.09130859375,-0.839965283870697,0.0418904407415082,-2.4716312885284424
Ripply3,0.0021417380776256,0.0,-21.031896591186523,0.9888502385877284,0.0342056974768638,-21.031896591186523,0.2942789202292576,-1.4142426252365112,-21.031896591186523,0.5299909986835808,-0.9911115169525146
Pigp,0.3499002158641815,0.1759523898363113,-1.1227266788482666,0.0021581027448557,-3.503843307495117,-1.1227266788482666,5.27708246924575e-12,-7.289211273193359,-1.1227266788482666,9.293014119011933e-08,-5.780150413513184
Ttc3,0.4573133289813995,0.1519862413406372,-1.820650696754456,1.4402889005469047e-11,-7.115083694458008,-1.820650696754456,8.773330848819765e-31,-12.12460231781006,-1.820650696754456,2.0784415002298696e-18,-9.376203536987305
Vps26c,0.0661519095301628,0.1593226641416549,1.336567759513855,3.946569123229827e-05,4.521126747131348,1.336567759513855,8.899869456329773e-07,5.305699825286865,1.336567759513855,1.6940354354760392e-05,4.72706937789917
Dyrk1a,0.241285353899002,0.2022790163755417,-0.2835699021816253,0.9888502385877284,0.1989606469869613,-0.2835699021816253,0.1885149115657725,-1.6834261417388916,-0.2835699021816253,0.3320081060219244,-1.391878366470337
Kcnj15,0.0,0.0,0.0,0.9888502385877284,0.1005259156227111,0.0,1.0,0.0,0.0,1.0,0.0
Erg,0.0007365080527961,0.0,-19.490875244140625,0.9888502385877284,0.0673658028244972,-19.490875244140625,0.4679991859106411,-1.0,-19.490875244140625,0.6832027011037286,-0.7008072733879089
Ets2,0.0588705949485302,0.0263377428054809,-1.1840496063232422,0.9888502385877284,-0.2206939607858657,-1.1840496063232422,0.0047222520909485,-3.200505018234253,-1.1840496063232422,0.0419554308424324,-2.471757650375366
Psmg1,0.181125983595848,0.1380985230207443,-0.42315873503685,0.9888502385877284,0.2438462823629379,-0.42315873503685,0.0660314846807879,-2.214982032775879,-0.42315873503685,0.1721993870511106,-1.803252339363098
Brwd1,0.2349636703729629,0.1602175384759903,-0.6080978512763977,0.7518974133446199,-0.8777719736099243,-0.6080978512763977,0.0026677811441446,-3.378375291824341,-0.6080978512763977,0.0203977530413858,-2.754955530166626
Hmgn1,0.7688790559768677,0.4414757490158081,-1.0602604150772097,9.486622587503577e-16,-8.374421119689941,-1.0602604150772097,9.751662913219356e-21,-9.839759826660156,-1.0602604150772097,2.9118806540251214e-14,-8.102972984313965
Wrb,0.0304448753595352,0.0120270894840359,-1.3532445430755615,0.9888502385877284,-0.2067278772592544,-1.3532445430755615,0.0275810976910915,-2.579425811767578,-1.3532445430755615,0.1218188358341216,-1.9858031272888184
Lca5l,0.0012041063746437,0.0012047253549098,0.0007418785244226,0.9888502385877284,0.1345822364091873,0.0007418785244226,1.0,0.0003633976448327,0.0007418785244226,1.0,0.000294968689559
Sh3bgr,0.0,0.0,0.0,0.9888502385877284,0.1005259156227111,0.0,1.0,0.0,0.0,1.0,0.0
B3galt5,0.0011952411150559,0.0,-20.189733505249023,0.9888502385877284,0.0673658028244972,-20.189733505249023,0.4679991859106411,-1.0,-20.189733505249023,0.6832027011037286,-0.7008072733879089
Igsf5,0.0,0.0013372696703299,20.351825714111328,0.9888502385877284,0.1678170263767242,20.351825714111328,0.4679991859106411,1.0,20.351825714111328,0.5282133287683867,1.0
Dscam,0.0,0.0,0.0,0.9888502385877284,0.1005259156227111,0.0,1.0,0.0,0.0,1.0,0.0
Bace2,0.0,0.0,0.0,0.9888502385877284,0.1005259156227111,0.0,1.0,0.0,0.0,1.0,0.0
Fam3b,0.0022237850353121,0.0016049976693466,-0.4708923399448395,0.9888502385877284,0.1013474464416503,-0.4708923399448395,0.9585674950975251,-0.2752045094966888,-0.4708923399448395,1.0,-0.2240936607122421
Ripk4,0.0,0.0012958127772435,20.30636215209961,0.9888502385877284,0.1678170263767242,20.30636215209961,0.4679991859106411,1.0,20.30636215209961,0.5282133287683867,1.0
Prdm15,0.0499358884990215,0.0328433997929096,-0.6168884038925171,0.9888502385877284,0.0620631761848926,-0.6168884038925171,0.213917537775743,-1.6100752353668213,-0.6168884038925171,0.3792382770572942,-1.2967568635940552
C2cd2,0.0209256894886493,0.0260612573474645,0.320350706577301,0.9888502385877284,0.562825620174408,0.320350706577301,0.715395258768605,0.6214754581451416,0.320350706577301,0.80082694193029,0.5308338403701782
Zbtb21,0.0480359494686126,0.0283316280692815,-0.7760050892829895,0.9888502385877284,-0.0640049800276756,-0.7760050892829895,0.1078749972245696,-1.985737442970276,-0.7760050892829895,0.2478856546707153,-1.5900030136108398
B230307C23Rik,0.1982608586549759,0.2127527594566345,0.1125895455479621,0.2632036405434214,1.636122703552246,0.1125895455479621,0.7056638049044917,0.6355363130569458,0.1125895455479621,0.7971218702030753,0.5353756546974182
A630089N07Rik,0.0405608117580413,0.0316848941147327,-0.3627324998378753,0.9888502385877284,0.4936673641204834,-0.3627324998378753,0.5041956740002219,-0.9389735460281372,-0.3627324998378753,0.6792554078054578,-0.7571823596954346
Scaf8,0.1912789046764373,0.2036012262105941,0.0992495715618133,0.2052106739457993,1.7748873233795166,0.0992495715618133,0.7597276128488181,0.559667706489563,0.0992495715618133,0.842071301989091,0.4693523049354553
Tiam2,0.0,0.0,0.0,0.9888502385877284,0.1005259156227111,0.0,1.0,0.0,0.0,1.0,0.0
Tfb1m,0.0177084244787693,0.0287914685904979,0.7092309594154358,0.6885977567283548,0.959775984287262,0.7092309594154358,0.2935600450502776,1.4210197925567627,0.7092309594154358,0.4160199409205219,1.2297766208648682
Arid1b,0.1851679980754852,0.151203840970993,-0.3175264298915863,0.9888502385877284,0.4799253344535827,-0.3175264298915863,0.2022038717123785,-1.6424713134765625,-0.3175264298915863,0.3528294421815104,-1.3477734327316284
Tmem242,0.0645762234926223,0.0961781591176986,0.5978075861930847,0.1281435602540528,2.0179121494293213,0.5978075861930847,0.0786345424003839,2.137319326400757,0.5978075861930847,0.155870052670268,1.8563117980957031
Ldhal6b,0.0,0.0,0.0,0.9888502385877284,0.1005259156227111,0.0,1.0,0.0,0.0,1.0,0.0
Zdhhc14,0.011673605069518,0.0014810832217335,-2.98588490486145,0.9888502385877284,-0.1645309031009674,-2.98588490486145,0.029213274540552,-2.5580103397369385,-2.98588490486145,0.1555802581527959,-1.859222650527954
Snx9,0.0572545938193798,0.1099427416920661,0.9798250794410706,0.0143319162164242,2.907783031463623,0.9798250794410706,0.0017371759883601,3.5092790126800537,0.9798250794410706,0.0077113973642125,3.0944950580596924
Synj2,0.0313817709684371,0.0115793533623218,-1.4527075290679932,0.9888502385877284,-0.2697619497776031,-1.4527075290679932,0.0222143578679621,-2.663747549057007,-1.4527075290679932,0.1058069048526755,-2.055770874023437
Serac1,0.0018597206799313,0.0025072933640331,0.4315120875835418,0.9888502385877284,0.1684892028570175,0.4315120875835418,0.95296177342066,0.2832501828670501,0.4315120875835418,0.9914695293360716,0.2444459050893783
Gtf2h5,0.4968917071819305,0.7565506100654602,0.8132419586181641,1.3285631857864867e-10,6.7897562980651855,0.8132419586181641,3.009305374165823e-13,7.727304458618164,0.8132419586181641,8.009124336345317e-10,6.586849689483643
Tulp4,0.1927439123392105,0.4358896613121032,1.3618412017822266,3.3914800822405926e-14,7.929970741271973,1.3618412017822266,6.820576936693914e-16,8.585943222045898,1.3618412017822266,6.65498673047943e-13,7.66541576385498
Tmem181a,0.0466089397668838,0.075964331626892,0.7261075377464294,0.137567926168852,1.982586145401001,0.7261075377464294,0.059671594859482,2.2615532875061035,0.7261075377464294,0.1249357889898575,1.9713948965072632
Dynlt1a,0.0316577777266502,0.0620495080947876,0.9929538369178772,0.1271941524760531,2.021870374679565,0.9929538369178772,0.0202791081471266,2.701117992401123,0.9929538369178772,0.0516707898355636,2.381655216217041
Dynlt1b,0.0010119348298758,0.0013051315909251,0.3672899901866913,0.9888502385877284,0.1345822364091873,0.3672899901866913,1.0,0.1775358915328979,0.3672899901866913,1.0,0.1506372690200805
Dynlt1c,0.0074174026958644,0.0165554322302341,1.1649234294891355,0.9736629817356126,0.6033048629760742,1.1649234294891355,0.2244632825194933,1.5837925672531128,1.1649234294891355,0.3219569567313439,1.4195512533187866
Dynlt1f,0.1171569749712944,0.2078283131122589,0.8941253423690796,3.2788984755031505e-05,4.563473224639893,0.8941253423690796,4.941693916307855e-05,4.436129570007324,0.8941253423690796,0.0005763656113317,3.866286039352417
Sytl3,0.1121482327580452,0.639801025390625,2.91660475730896,1.2709615247102676e-52,15.524606704711914,2.91660475730896,9.281350232327084e-57,18.055328369140625,2.91660475730896,4.625096953790706e-52,16.842012405395508
Ezr,0.8700644969940186,0.9003234505653381,0.0743272677063942,0.9888502385877284,-0.0575073957443237,0.0743272677063942,0.564231008055826,0.8454235196113586,0.0743272677063942,0.6832027011037286,0.7057659029960632
Rsph3b,0.0070336633361876,0.0256502330303192,1.880089282989502,0.6803281086044995,0.9718002676963806,1.880089282989502,0.0264588105411445,2.600289821624756,1.880089282989502,0.0489938521814825,2.405043840408325
Tagap1,0.0255455467849969,0.0231077801436185,-0.1464587301015854,0.9888502385877284,0.5235413312911987,-0.1464587301015854,0.9353987071479668,-0.3088288009166717,-0.1464587301015854,0.9852256546226086,-0.2547037303447723
Rnaset2b,0.288435161113739,0.252872884273529,-0.216643288731575,0.9888502385877284,0.1702069491147995,-0.216643288731575,0.2973163660080912,-1.399839162826538,-0.216643288731575,0.4464926647652513,-1.1711243391036987
Gm1604b,0.001226914464496,0.0,-20.227489471435547,0.9888502385877284,0.0673658028244972,-20.227489471435547,0.4679991859106411,-1.0,-20.227489471435547,0.6832027011037286,-0.7008072733879089
Rps6ka2,0.0104715004563331,0.0040110046975314,-1.3890984058380127,0.9888502385877284,-0.0645277798175811,-1.3890984058380127,0.2882544332610675,-1.4318126440048218,-1.3890984058380127,0.4751951554969309,-1.1224123239517212
Tagap,0.2122558951377868,0.2030808180570602,-0.0705979987978935,0.4839357850220791,1.242981195449829,-0.0705979987978935,0.8834525889172441,-0.3837259411811828,-0.0705979987978935,0.9423787438261974,-0.3198845386505127
Rsph3a,0.0059777358546853,0.013213568367064,1.1495771408081057,0.9888502385877284,0.5374327301979065,1.1495771408081057,0.3182129766456255,1.35150408744812,1.1495771408081057,0.4286700466108089,1.202601194381714
Rnaset2a,0.2940303385257721,0.3374500274658203,0.2316752523183822,0.0342184857433172,2.588953018188477,0.2316752523183822,0.1999697075316328,1.6494696140289309,0.2316752523183822,0.3361183658201707,1.382335901260376
Fgfr1op,0.1041595339775085,0.1034716069698333,-0.0100646410137414,0.3423836806272472,1.4774919748306274,-0.0100646410137414,1.0,-0.0428683161735534,-0.0100646410137414,1.0,-0.0355974361300468
Ccr6,0.0012474139221012,0.0,-20.25140953063965,0.9888502385877284,0.0673658028244972,-20.25140953063965,0.4679991859106411,-1.0,-20.25140953063965,0.6832027011037286,-0.7008072733879089
Mpc1,0.415080189704895,0.6706075072288513,0.8929933309555054,2.1507430423332172e-11,7.057128429412842,0.8929933309555054,1.1091050223377003e-14,8.178899765014648,0.8929933309555054,6.268599574019559e-11,6.990760326385498
Sft2d1,0.2070348262786865,0.3024605512619018,0.6186281442642212,0.000143219714552,4.220221042633057,0.6186281442642212,0.0004145055990245,3.9057109355926514,0.6186281442642212,0.0033779955729956,3.358412027359009
Prr18,0.0,0.0,0.0,0.9888502385877284,0.1005259156227111,0.0,1.0,0.0,0.0,1.0,0.0
T2,0.0,0.0,0.0,0.9888502385877284,0.1005259156227111,0.0,1.0,0.0,0.0,1.0,0.0
Pde10a,0.0003030791413038,0.0,-18.20955848693848,0.9888502385877284,0.0673658028244972,-18.20955848693848,0.4679991859106411,-1.0,-18.20955848693848,0.6832027011037286,-0.7008072733879089
Gm17087,0.0,0.0011552764335647,20.14064216613769,0.9888502385877284,0.1678170263767242,20.14064216613769,0.4679991859106411,1.0,20.14064216613769,0.5282133287683867,1.0
1700010I14Rik,0.0076813828200101,0.0209258720278739,1.4554263353347778,0.8692529413389491,0.7366921305656433,1.4554263353347778,0.0969992223655902,2.040163040161133,1.4554263353347778,0.1557781190665866,1.8569380044937132
Qk,0.2066037058830261,0.2380285114049911,0.2277756631374359,0.0514153689076888,2.426438570022583,0.2277756631374359,0.3200864772776191,1.3472332954406738,0.2277756631374359,0.4660553967973249,1.1377484798431396
Prkn,0.0,0.0,0.0,0.9888502385877284,0.1005259156227111,0.0,1.0,0.0,0.0,1.0,0.0
Agpat4,0.0972212105989456,0.3769249022006988,2.1646597385406494,5.883616477723375e-21,9.714044570922852,2.1646597385406494,4.357503166162189e-26,11.369024276733398,2.1646597385406494,1.4577292161177393e-22,10.4370756149292
Map3k4,0.1395536661148071,0.1453695595264434,0.0632000192999839,0.3045642760638333,1.5482186079025269,0.0632000192999839,0.9392891249678816,0.3029107451438904,0.0632000192999839,0.9856360737098772,0.2540377378463745
Slc22a1,0.0,0.0,0.0,0.9888502385877284,0.1005259156227111,0.0,1.0,0.0,0.0,1.0,0.0
Igf2r,0.152234137058258,0.3522136211395263,1.360470175743103,2.6099690392624555e-11,7.029569625854492,1.360470175743103,4.726140965767449e-13,7.698029518127441,1.360470175743103,1.2188994499605548e-10,6.891713619232178
Pnldc1,0.0021276001352816,0.0017369446577504,-0.2929570972919464,0.9888502385877284,0.1013474464416503,-0.2929570972919464,1.0,-0.1699751913547516,-0.2929570972919464,1.0,-0.1414333879947662
Mrpl18,0.5446239113807678,0.909980833530426,1.0357766151428225,4.610020096359659e-19,9.248907089233398,1.0357766151428225,2.2093143891562417e-25,11.023792266845703,1.0357766151428225,1.3790195387538588e-18,9.352502822875977
Tcp1,0.5613698959350586,0.7273458242416382,0.506184458732605,6.055819402887292e-05,4.424559116363525,0.506184458732605,5.3510011957803065e-06,4.926930904388428,0.506184458732605,0.0001687802514536,4.186057090759277
Acat3,0.0,0.0,0.0,0.9888502385877284,0.1005259156227111,0.0,1.0,0.0,0.0,1.0,0.0
Acat2,0.0415206290781497,0.0655124187469482,0.6754006147384644,0.1957363786961022,1.8003548383712769,0.6754006147384644,0.1039924776360092,2.005852699279785,0.6754006147384644,0.1930747303717624,1.739874243736267
Wtap,0.4064976871013641,0.5219924449920654,0.4505164921283722,0.0018669399020233,3.546563148498535,0.4505164921283722,0.0004912608036901,3.859811782836914,0.4505164921283722,0.0045405650143161,3.2668261528015137
Sod2,0.3838310837745666,0.3755442798137665,-0.037843681871891,0.9888502385877284,0.3501976132392883,-0.037843681871891,0.9429824747330212,-0.2977862358093261,-0.037843681871891,0.9887644602636504,-0.2486071288585662
Afdn,0.0155883384868502,0.0280509162694215,0.8566030263900757,0.7324896721433337,0.9003267884254456,0.8566030263900757,0.230111283830423,1.568325161933899,0.8566030263900757,0.3368995068680052,1.380947470664978
Wdr27,0.0010774459224194,0.0103168319910764,3.265982389450073,0.9888502385877284,0.4706644117832184,3.265982389450073,0.0834962787530829,2.111745357513428,3.265982389450073,0.1075810979802316,2.0483715534210205
1600012H06Rik,0.0691341236233711,0.0856505557894706,0.3211323916912079,0.2909464162243039,1.5756279230117798,0.3211323916912079,0.424264027489065,1.146088480949402,0.3211323916912079,0.5350513460134095,0.9768917560577391
Phf10,0.0753087103366851,0.1473391652107238,1.0211750268936155,0.0002889169555685,4.045831680297852,1.0211750268936155,9.214000959463936e-05,4.289191722869873,1.0211750268936155,0.0008611178364132,3.7568013668060303
Gm3417,0.0024417862296104,0.0031127503607422,0.3507370352745056,0.9888502385877284,0.1684892028570175,0.3507370352745056,0.9835514889649776,0.2399142980575561,0.3507370352745056,1.0,0.2031313925981521
9030025P20Rik,0.0215383786708116,0.0278164632618427,0.3735765516757965,0.954005831810335,0.6275774240493774,0.3735765516757965,0.6334399243658468,0.7397478222846985,0.3735765516757965,0.7298113927308689,0.6320658922195435
Gm3448,0.0551350899040699,0.0367270708084106,-0.5995070338249207,0.9888502385877284,-0.1060525998473167,-0.5995070338249207,0.1944182484723716,-1.6655054092407229,-0.5995070338249207,0.3503589029006111,-1.3531752824783323
Gm3435,0.0077766254544258,0.0096648260951042,0.3149633705615997,0.9888502385877284,0.2691644728183746,0.3149633705615997,0.8861280048806462,0.3791491687297821,0.3149633705615997,0.9392766669844308,0.3248252272605896
Tcte3,0.0011677260044962,0.0,-20.15611457824707,0.9888502385877284,0.0673658028244972,-20.15611457824707,0.4679991859106411,-1.0,-20.15611457824707,0.6832027011037286,-0.7008072733879089
Ermard,0.0557213388383388,0.0658115744590759,0.2474636435508728,0.5569553324220164,1.1355843544006348,0.2474636435508728,0.6039337177822527,0.7838519811630249,0.2474636435508728,0.70842874528514,0.6639038920402527
Dll1,0.0,0.0,0.0,0.9888502385877284,0.1005259156227111,0.0,1.0,0.0,0.0,1.0,0.0
Fam120b,0.2150813341140747,0.145933598279953,-0.6109495759010315,0.7272849805709227,-0.908094048500061,-0.6109495759010315,0.0046233193980527,-3.2085890769958496,-0.6109495759010315,0.0286982720166202,-2.6246492862701416
Psmb1,1.3636420965194702,1.8351532220840452,0.8555116653442383,3.1944421560519427e-39,13.381373405456545,0.8555116653442383,2.0519010543469074e-50,15.896198272705078,0.8555116653442383,8.795582279932845e-32,12.646746635437012
Tbp,0.0706193819642067,0.0607924871146678,-0.2233374714851379,0.9770000871736828,0.5986743569374084,-0.2233374714851379,0.617001298862025,-0.7647799253463745,-0.2233374714851379,0.7306732765222211,-0.6308196783065796
Pdcd2,0.2934997975826263,0.3623181283473968,0.3562475740909576,0.0158923270120177,2.87156081199646,0.3562475740909576,0.0253947762072491,2.613248586654663,0.3562475740909576,0.0746401590467372,2.22011137008667
Prdm9,0.0230808723717927,0.0034323383588343,-2.7636382579803467,0.9888502385877284,-0.3974731862545013,-2.7636382579803467,0.002860338051861,-3.356226921081543,-2.7636382579803467,0.042943880513953,-2.4635255336761475
Chd1,0.3216725885868072,0.354057639837265,0.1630648076534271,0.1853463931058634,1.8295567035675049,0.1630648076534271,0.4156778547063057,1.160435438156128,0.1630648076534271,0.5352551909844842,0.9764140248298644
Rgmb,0.0428342036902904,0.0,-25.38326835632324,0.5407865605050642,-1.1595581769943235,-25.38326835632324,5.6301508398137694e-09,-6.223238945007324,-25.38326835632324,9.119618420553184e-05,-4.36129093170166
Zfp960,0.002143599325791,0.0,-21.033151626586918,0.9888502385877284,0.0342056974768638,-21.033151626586918,0.2942789202292576,-1.4147346019744873,-21.033151626586918,0.5299909986835808,-0.9914562702178956
Zfp97,0.0147935198619961,0.0097503270953893,-0.60508793592453,0.9888502385877284,0.0673658028244972,-0.60508793592453,0.5425260903143467,-0.8778940439224243,-0.60508793592453,0.6832027011037286,-0.7091125249862671
Riok2,0.1241648495197296,0.1219442039728164,-0.0276704356074333,0.5282380242990383,1.1785281896591189,-0.0276704356074333,1.0,-0.1224733591079711,-0.0276704356074333,1.0,-0.1025761067867279
Lix1,0.0031493371352553,0.0,-21.588890075683597,0.9994412017932364,0.0010455889860168,-21.588890075683597,0.1750730072300931,-1.7318989038467407,-21.588890075683597,0.4247033279437463,-1.213727355003357
Lnpep,0.629863977432251,0.7905568480491638,0.4573497474193573,0.0018219297404599,3.553508758544922,0.4573497474193573,2.2147993189626007e-05,4.615402698516846,0.4573497474193573,0.0005229038882406,3.893299102783203
Vmn2r90,0.0,0.0,0.0,0.9888502385877284,0.1005259156227111,0.0,1.0,0.0,0.0,1.0,0.0
Spaca6,0.0071158525533974,0.0048814658075571,-0.545335590839386,0.9888502385877284,0.102094292640686,-0.545335590839386,0.7760797765804864,-0.5355185270309448,-0.545335590839386,0.8642803579395038,-0.436813086271286
Fpr1,0.0,0.0,0.0,0.9888502385877284,0.1005259156227111,0.0,1.0,0.0,0.0,1.0,0.0
Fpr2,0.0,0.0,0.0,0.9888502385877284,0.1005259156227111,0.0,1.0,0.0,0.0,1.0,0.0
Vmn2r124,0.0,0.0,0.0,0.9888502385877284,0.1005259156227111,0.0,1.0,0.0,0.0,1.0,0.0
Vmn2r95,0.0,0.0,0.0,0.9888502385877284,0.1005259156227111,0.0,1.0,0.0,0.0,1.0,0.0
Vmn2r96,0.0266735777258873,0.0518782436847686,0.9780184626579284,0.4733341511064122,1.2585904598236084,0.9780184626579284,0.0710257689932101,2.1837620735168457,0.9780184626579284,0.1341548719464122,1.9334079027175903
Vmn2r97,0.0284955035895109,0.0132525982335209,-1.1154927015304563,0.9888502385877284,-0.2034417390823364,-1.1154927015304563,0.0953955841755269,-2.04608416557312,-1.1154927015304563,0.235824647933599,-1.6193886995315552
Vmn2r108,0.0015447739278897,0.0,-20.56007957458496,0.9888502385877284,0.0673658028244972,-20.56007957458496,0.4679991859106411,-1.0,-20.56007957458496,0.6832027011037286,-0.7008072733879089
Vmn1r229,0.0010322530288249,0.0,-19.978111267089844,0.9888502385877284,0.0673658028244972,-19.978111267089844,0.4679991859106411,-1.0,-19.978111267089844,0.6832027011037286,-0.7008072733879089
Ppp2r1a,0.2238005101680755,0.3942523300647735,0.9461828470230104,8.24391886461292e-09,6.140520095825195,0.9461828470230104,1.7948689983760066e-09,6.419961929321289,0.9461828470230104,2.522211466583489e-07,5.582480430603027
Zfp160,0.0549493059515953,0.0552863888442516,0.0090684536844491,0.8425601309440754,0.7676863670349121,0.0090684536844491,1.0,0.0273827631026506,0.0090684536844491,1.0,0.0229850690811872
Zfp677,0.0225532110780477,0.0397683195769786,0.8307691812515259,0.5622462095664702,1.1283398866653442,0.8307691812515259,0.1725203297012136,1.7419512271881104,0.8307691812515259,0.2708258802276573,1.5329768657684326
Zfp54,0.0156075609847903,0.032864186912775,1.0867695808410645,0.6339842321943773,1.0316228866577148,1.0867695808410645,0.1057362961878899,1.997462034225464,1.0867695808410645,0.1756680188113598,1.792222499847412
Zfp51,0.0790342763066291,0.0786483660340309,-0.0073438328690826,0.7754923149956846,0.8491676449775696,-0.0073438328690826,1.0,-0.0262401271611452,-0.0073438328690826,1.0,-0.0221047736704349
Zfp53,0.1715028285980224,0.1816430985927581,0.0904038473963737,0.2242707551493921,1.725595235824585,0.0904038473963737,0.8151080827469243,0.4807754158973694,0.0904038473963737,0.888263923216068,0.4022031426429748
Zfp52,0.0610992163419723,0.221828281879425,1.9788914918899536,4.857806880251745e-10,6.592737197875977,1.9788914918899536,1.8382362321912704e-14,8.1740083694458,1.9788914918899536,2.325552077623974e-12,7.498939514160156
Zfp948,0.003197290468961,0.0016800097655504,-0.9294746518135072,0.9888502385877284,0.0681126564741134,-0.9294746518135072,0.7243674724908796,-0.6082459688186646,-0.9294746518135072,0.8309959418723979,-0.4860279858112335
Zfp983,0.0307046920061111,0.0492242127656936,0.6943568587303162,0.5733101866471866,1.1138510704040527,0.6943568587303162,0.1905762923737409,1.677533745765686,0.6943568587303162,0.2981114725155113,1.4712255001068115
Gm10226,0.0011503540445119,0.0,-20.134477615356445,0.9888502385877284,0.0673658028244972,-20.134477615356445,0.4679991859106411,-1.0,-20.134477615356445,0.6832027011037286,-0.7008072733879089
Zfp760,0.0128424428403377,0.0168030075728893,0.3906638026237488,0.9888502385877284,0.4672289192676544,0.3906638026237488,0.7212248514091633,0.6135432720184326,0.3906638026237488,0.8058774407555653,0.5237687230110168
Zfp229,0.0016090791905298,0.0044632232747972,1.4739099740982056,0.9888502385877284,0.201798677444458,1.4739099740982056,0.5943321873692674,0.7984787821769714,1.4739099740982056,0.6832027011037286,0.7259014844894409
Zfp820,0.0058378283865749,0.0033518993295729,-0.8022473454475403,0.9888502385877284,0.0358487665653228,-0.8022473454475403,0.6508464110361333,-0.7137808203697205,-0.8022473454475403,0.7686756300371465,-0.5753889083862305
Zfp995,0.026850214228034,0.0357222370803356,0.4183220565319061,0.675289297834908,0.9798662662506104,0.4183220565319061,0.4915489523969658,0.9609280228614808,0.4183220565319061,0.6376044531921751,0.8173683285713196
Zfp942,0.1085385009646415,0.1118819639086723,0.0462266840040683,0.3745674971209121,1.4188642501831057,0.0462266840040683,1.0,0.1956286281347274,0.0462266840040683,1.0,0.1635818630456924
Zfp943,0.054636962711811,0.0518704913556575,-0.076976403594017,0.9493615594142212,0.6339256763458252,-0.076976403594017,0.9959016226159528,-0.2218727022409439,-0.076976403594017,1.0,-0.1859990805387497
Zfp947,0.0027624210342764,0.0021436631213873,-0.3663013279438019,0.9888502385877284,0.0682620257139206,-0.3663013279438019,0.9954231697922372,-0.2227436155080795,-0.3663013279438019,1.0,-0.1869809776544571
Zfp994,0.0926133915781974,0.0891971960663795,-0.0567238181829452,0.8910527945654597,0.7108511328697205,-0.0567238181829452,1.0,-0.2094399482011795,-0.0567238181829452,1.0,-0.1763296574354171
Gm7072,0.0905691608786583,0.0726077631115913,-0.3320285677909851,0.9888502385877284,0.3903781175613403,-0.3320285677909851,0.3994691617839668,-1.188394546508789,-0.3320285677909851,0.5366618218204119,-0.9733726382255554
Zfp944,0.0545986108481884,0.0884925872087478,0.7214333415031433,0.1118649281865491,2.0834107398986816,0.7214333415031433,0.04363640257043,2.395641326904297,0.7214333415031433,0.0996533876858842,2.0832202434539795
Zfp758,0.0542525947093963,0.0721414238214492,0.4241757690906524,0.4924025373366035,1.2299860715866089,0.4241757690906524,0.3334287381671798,1.3202332258224487,0.4241757690906524,0.4636735419935498,1.1420615911483765
Zfp946,0.0534400381147861,0.0099383909255266,-2.458382368087769,0.5817771533051659,-1.1019014120101929,-2.458382368087769,3.237484336126345e-06,-5.023498058319092,-2.458382368087769,0.0008974697004205,-3.754082918167114
Zfp945,0.2926326096057892,0.23911914229393,-0.3316712081432342,0.9888502385877284,-0.5195083618164062,-0.3316712081432342,0.0870378918173502,-2.089271783828736,-0.3316712081432342,0.194502829978531,-1.7354557514190674
Zfp40,0.0244841799139976,0.029918860644102,0.2931433618068695,0.978470325709285,0.59703129529953,0.2931433618068695,0.7371761049716821,0.5906112194061279,0.2931433618068695,0.8172592728685335,0.505890429019928
Vmn2r115,0.0,0.0013051315909251,20.31670570373535,0.9888502385877284,0.1678170263767242,20.31670570373535,0.4679991859106411,1.0,20.31670570373535,0.5282133287683867,1.0
Zfp213,0.037301518023014,0.0656719431281089,0.8366833925247192,0.2246928388696291,1.7240269184112549,0.8366833925247192,0.0538980825143433,2.3066062927246094,0.8366833925247192,0.1092264952662626,2.0396597385406494
Zfp13,0.0,0.0,0.0,0.9888502385877284,0.1005259156227111,0.0,1.0,0.0,0.0,1.0,0.0
Mmp25,0.0,0.0,0.0,0.9888502385877284,0.1005259156227111,0.0,1.0,0.0,0.0,1.0,0.0
Bicdl2,0.0,0.0,0.0,0.9888502385877284,0.1005259156227111,0.0,1.0,0.0,0.0,1.0,0.0
Thoc6,0.0722847431898117,0.1380137801170349,0.9812934994697572,0.0009649626628362,3.730512142181397,0.9812934994697572,0.0003077647786159,3.986332893371582,0.9812934994697572,0.0021244131569772,3.49828577041626
Hcfc1r1,0.1983637362718582,0.3416628837585449,0.8924393653869629,7.87140035799161e-08,5.754100322723389,0.8924393653869629,1.0316528900588049e-07,5.711148262023926,0.8924393653869629,5.986494598694568e-06,4.950235843658447
Tnfrsf12a,0.0249477345496416,0.0041316510178148,-2.609170436859131,0.9888502385877284,-0.4649883508682251,-2.609170436859131,0.0012310901390943,-3.603005409240722,-2.609170436859131,0.0273175302515728,-2.647207021713257
1520401A03Rik,0.0,0.0,0.0,0.9888502385877284,0.1005259156227111,0.0,1.0,0.0,0.0,1.0,0.0
Pkmyt1,0.0271429140120744,0.0872987732291221,1.729192852973938,0.0060968017286655,3.190315961837769,1.729192852973938,1.3122259863093536e-05,4.746063709259033,1.729192852973938,9.119618420553184e-05,4.340183258056641
Paqr4,0.009191496297717,0.1454014778137207,4.083118438720703,6.443351771852067e-09,6.18129825592041,4.083118438720703,3.131483641765952e-18,9.397025108337402,4.083118438720703,2.050651761339709e-17,9.155731201171877
Kremen2,0.0151375113055109,0.1917495280504226,3.792617321014404,3.444224477690315e-10,6.6455397605896,3.792617321014404,2.5243591501067352e-20,9.996381759643556,3.792617321014404,2.0207580578044032e-19,9.732229232788086
Flywch1,0.082654520869255,0.1195720806717872,0.5597941279411316,0.0649563790273012,2.3287508487701416,0.5597941279411316,0.062294925513356,2.243019819259644,0.5597941279411316,0.1330735845688149,1.9376085996627808
Flywch2,0.001147621194832,0.0202957522124052,4.158295154571533,0.651515549228385,1.0083959102630615,4.158295154571533,0.002679255785119,3.3897154331207275,4.158295154571533,0.0039294120898489,3.319481134414673
Srrm2,1.8219170570373533,1.6883583068847656,-0.2330103665590286,1.4452088538683426e-07,-5.646329879760742,-0.2330103665590286,0.0001696964536952,-4.133131980895996,-0.2330103665590286,0.0026301734941921,-3.434523344039917
Elob,1.3066753149032593,1.7680799961090088,0.8511539697647095,6.732543981393031e-37,12.973668098449709,0.8511539697647095,5.4613033392026e-38,13.698996543884276,0.8511539697647095,1.5829039470611238e-26,11.372607231140137
Prss41,0.0,0.0,0.0,0.9888502385877284,0.1005259156227111,0.0,1.0,0.0,0.0,1.0,0.0
Prss30,0.0032213940285146,0.0226680468767881,2.828960657119751,0.6522046226061992,1.0073503255844116,2.828960657119751,0.0061327094491059,3.124385356903076,2.828960657119751,0.0106709451309578,2.98887038230896
Prss27,0.0097173284739255,0.0,-23.21914291381836,0.9888502385877284,-0.1647549569606781,-23.21914291381836,0.014886321674807,-2.81440544128418,-23.21914291381836,0.1253154590360119,-1.972355842590332
Kctd5,0.0828093364834785,0.1175282895565033,0.5306052565574646,0.0565501816341311,2.386780977249145,0.5306052565574646,0.0740965158406984,2.163398742675781,0.5306052565574646,0.1557781190665866,1.856650948524475
Pdpk1,0.2203373163938522,0.2877501249313354,0.4357873201370239,0.0025081017248231,3.460750102996826,0.4357873201370239,0.0199333250308598,2.706434726715088,0.4357873201370239,0.0610010965296812,2.310033082962036
Amdhd2,0.0903005003929138,0.2019646018743515,1.2438064813613892,4.4786559319647565e-06,4.986339092254639,1.2438064813613892,9.028304591122296e-08,5.7435622215271,1.2438064813613892,2.961037911596856e-06,5.099012851715088
Atp6v0c,0.6628987789154053,0.955885112285614,0.7675874829292297,1.8522107186752828e-11,7.079085350036621,0.7675874829292297,7.256617303097475e-16,8.523537635803223,0.7675874829292297,1.7920930184194403e-11,7.182661056518555
Tbc1d24,0.0,0.0008831589948385,19.752952575683597,0.9888502385877284,0.1678170263767242,19.752952575683597,0.4679991859106411,1.0,19.752952575683597,0.5282133287683867,1.0
Ntn3,0.0,0.0,0.0,0.9888502385877284,0.1005259156227111,0.0,1.0,0.0,0.0,1.0,0.0
Tedc2,0.0143339345231652,0.0276761148124933,0.9588647484779358,0.6096516837392433,1.0638121366500854,0.9588647484779358,0.1546154811684739,1.8007707595825195,0.9588647484779358,0.2511426324628112,1.5818829536437988
Ccnf,0.0086539555341005,0.0167910642921924,0.9621440172195436,0.7301717161453886,0.9044345021247864,0.9621440172195436,0.2747907642333966,1.4621210098266602,0.9621440172195436,0.3990187910392456,1.2602583169937134
Abca17,0.00101680890657,0.0,-19.95635223388672,0.9888502385877284,0.0673658028244972,-19.95635223388672,0.4679991859106411,-1.0,-19.95635223388672,0.6832027011037286,-0.7008072733879089
Abca3,0.1205326840281486,0.0259453486651182,-2.2849395275115967,0.0590373386884923,-2.3686325550079346,-2.2849395275115967,1.302294354455852e-11,-7.156257629394531,-2.2849395275115967,7.933118974526731e-07,-5.384581089019775
Rnps1,0.3868586719036102,0.5099754333496094,0.4940456449985504,0.0005277325485057,3.892279624938965,0.4940456449985504,0.0002035338223142,4.088789939880371,0.4940456449985504,0.002390958498426,3.4636831283569336
Eci1,0.1298937797546386,0.2332884073257446,0.9216216206550598,1.041878357161828e-05,4.8126220703125,0.9216216206550598,5.818126452097609e-06,4.913296699523926,0.9216216206550598,0.0001150723116843,4.279765605926514
Dnase1l2,0.0114073464646935,0.0072137904353439,-0.6641635298728943,0.9888502385877284,0.03599813580513,-0.6641635298728943,0.5850466934577349,-0.8128572702407837,-0.6641635298728943,0.7119479602305404,-0.6590143442153931
E4f1,0.1427289992570877,0.1349481642246246,-0.0866154134273529,0.7312523201491311,0.9024926424026488,-0.0866154134273529,0.8736899250789648,-0.3972432017326355,-0.0866154134273529,0.934245820429878,-0.3326854109764099
Pgp,0.2390953600406646,0.2552772760391235,0.106632225215435,0.2802929149844815,1.5978093147277832,0.106632225215435,0.6899060221795361,0.6578528881072998,0.106632225215435,0.782593364769076,0.5555603504180908
Mlst8,0.0469901859760284,0.0664537772536277,0.5141645073890686,0.3499418969635739,1.463525891304016,0.5141645073890686,0.2276904805731596,1.5742204189300537,0.5141645073890686,0.346600026546166,1.3607710599899292
Bricd5,0.0,0.0015084893675521,20.5257625579834,0.9888502385877284,0.1678170263767242,20.5257625579834,0.4679991859106411,1.0,20.5257625579834,0.5282133287683867,1.0
Caskin1,0.0,0.0,0.0,0.9888502385877284,0.1005259156227111,0.0,1.0,0.0,0.0,1.0,0.0
Traf7,0.1438970863819122,0.2060772329568863,0.5643090009689331,0.0010649160342101,3.7038495540618896,0.5643090009689331,0.0090143616824878,2.990008592605591,0.5643090009689331,0.0338480025808755,2.5593903064727783
Rab26,0.0098084686324,0.0214779339730739,1.1391949653625488,0.9221330102767432,0.6702225208282471,1.1391949653625488,0.1885149115657725,1.6841188669204712,1.1391949653625488,0.2813431261771113,1.5084201097488403
Pkd1,0.1416344493627548,0.0780396535992622,-0.9066064953804016,0.7540907970634668,-0.8751580119132996,-0.9066064953804016,0.0008063517937898,-3.721857786178589,-0.9066064953804016,0.0109496288376315,-2.977670431137085
Tsc2,0.0523180812597274,0.069892406463623,0.4306322634220123,0.4747571693547606,1.256499171257019,0.4306322634220123,0.3385794446902602,1.3089858293533323,0.4306322634220123,0.4709231135919444,1.130093693733215
Nthl1,0.023682976141572,0.0201184395700693,-0.2379128187894821,0.9888502385877284,0.2331663519144058,-0.2379128187894821,0.852213908587861,-0.4273152649402618,-0.2379128187894821,0.9176031951309284,-0.358616292476654
Slc9a3r2,0.0,0.0024870461784303,21.2477970123291,0.9888502385877284,0.2351081520318985,21.2477970123291,0.3040511749124481,1.3845462799072266,21.2477970123291,0.3355134588381441,1.3845462799072266
Npw,0.0,0.0,0.0,0.9888502385877284,0.1005259156227111,0.0,1.0,0.0,0.0,1.0,0.0
Zfp598,0.0859672874212265,0.1466715335845947,0.8153666853904724,0.0042301771689064,3.303239583969116,0.8153666853904724,0.0019573455633574,3.4735422134399414,0.8153666853904724,0.0092416020792271,3.0333971977233887
Syngr3,0.0012104857014492,0.0063768229447305,2.40097975730896,0.9888502385877284,0.2693138420581817,2.40097975730896,0.3760101824018455,1.2344036102294922,2.40097975730896,0.4386136113184892,1.1841535568237305
Gfer,0.1649747788906097,0.2393920123577118,0.5926178097724915,0.0005168121946415,3.897881031036377,0.5926178097724915,0.0030596746093362,3.3390369415283203,0.5926178097724915,0.014864297638532,2.8692514896392822
Noxo1,0.0026536057703197,0.0060965805314481,1.202531337738037,0.9888502385877284,0.3027727007865906,1.202531337738037,0.4970423209681439,0.9513341188430786,1.202531337738037,0.6232204101360147,0.8391858339309692
Tbl3,0.0764516964554786,0.088645614683628,0.2224177867174148,0.3602049733529541,1.444779872894287,0.2224177867174148,0.5717066437603783,0.8334454894065857,0.2224177867174148,0.6832027011037286,0.706737756729126
Rnf151,0.0,0.0,0.0,0.9888502385877284,0.1005259156227111,0.0,1.0,0.0,0.0,1.0,0.0
Rps2,3.772496700286865,3.4405999183654785,-0.4922527074813843,2.4832583239309108e-56,-16.06749153137207,-0.4922527074813843,6.822062890963711e-52,-16.769193649291992,-0.4922527074813843,8.782897367421809e-44,-15.045573234558104
Ndufb10,0.8981512784957886,1.2257202863693235,0.7259286642074585,1.4399993416578867e-14,8.038712501525879,0.7259286642074585,1.320095394275649e-19,9.556922912597656,0.7259286642074585,7.639686830965333e-14,7.967581272125244
Rpl3l,0.0,0.0,0.0,0.9888502385877284,0.1005259156227111,0.0,1.0,0.0,0.0,1.0,0.0
Msrb1,0.1541221290826797,0.3656474351882934,1.4055627584457395,2.56417806790377e-13,7.667453289031982,1.4055627584457395,6.529069045158836e-15,8.288761138916016,1.4055627584457395,3.905882017380497e-12,7.41248607635498
Hs3st6,0.0,0.0,0.0,0.9888502385877284,0.1005259156227111,0.0,1.0,0.0,0.0,1.0,0.0
Hagh,0.1213380768895149,0.1042889133095741,-0.2309761047363281,0.9064539822312372,0.6893419027328491,-0.2309761047363281,0.4679991859106411,-1.0212494134902954,-0.2309761047363281,0.6198769040729497,-0.8439695835113525
Fahd1,0.0278651192784309,0.0113645140081644,-1.3058658838272097,0.9888502385877284,-0.1675929725170135,-1.3058658838272097,0.0541259398300234,-2.302784919738769,-1.3058658838272097,0.1756680188113598,-1.7927323579788208
Nubp2,0.145976036787033,0.2973539233207702,1.139676213264465,7.356866373382299e-09,6.159564971923828,1.139676213264465,8.980690608054237e-10,6.540582180023193,1.139676213264465,9.394504942996613e-08,5.767120838165283
Spsb3,0.122050754725933,0.3444657027721405,1.6635478734970093,5.168546508661697e-16,8.44731330871582,1.6635478734970093,9.850887261481418e-18,9.135221481323242,1.6635478734970093,1.0641322576388692e-14,8.238175392150879
Eme2,0.0200301576405763,0.0187242310494184,-0.098212294280529,0.9888502385877284,0.3311529755592346,-0.098212294280529,1.0,-0.1772552579641342,-0.098212294280529,1.0,-0.1469818651676178
Mapk8ip3,0.1692281514406204,0.1321199536323547,-0.3845610618591308,0.9888502385877284,-0.0854395553469657,-0.3845610618591308,0.1412205429186433,-1.848196506500244,-0.3845610618591308,0.2720328011483915,-1.529559850692749
Mrps34,0.5071868300437927,0.4644994437694549,-0.1601165682077407,0.6560672124350714,-1.002346396446228,-0.1601165682077407,0.3001664901304079,-1.393231987953186,-0.1601165682077407,0.4533950878220195,-1.1595689058303833
Nme3,0.0035112171899527,0.0116973770782351,1.7420542240142822,0.9888502385877284,0.4708137810230255,1.7420542240142822,0.1952293144499112,1.6639693975448608,1.7420542240142822,0.271435811054572,1.531511306762695
Jpt2,0.0291199702769517,0.0458631590008735,0.6674801111221313,0.3822885612887761,1.405794382095337,0.6674801111221313,0.1970119551523226,1.6577411890029907,0.6674801111221313,0.3170666766079802,1.4304908514022827
Cramp1l,0.0901414453983306,0.1180831864476203,0.4100464582443237,0.1270640026352773,2.0226171016693115,0.4100464582443237,0.1940293894642571,1.6673320531845093,0.4100464582443237,0.3176700837844486,1.4292501211166382
Ift140,0.0369055494666099,0.0246346872299909,-0.5920438170433044,0.9888502385877284,0.1157616376876831,-0.5920438170433044,0.3052761156705577,-1.380398511886597,-0.5920438170433044,0.4791676829128379,-1.1161682605743408
Telo2,0.0973525121808052,0.0637259632349014,-0.635918915271759,0.9888502385877284,0.0725190639495849,-0.635918915271759,0.0467422743342659,-2.365809917449951,-0.635918915271759,0.1423173084110185,-1.903437614440918
Clcn7,0.0608871020376682,0.0498911254107952,-0.2953583896160126,0.9888502385877284,0.4301851987838745,-0.2953583896160126,0.5400069819223041,-0.8816035389900208,-0.2953583896160126,0.6832027011037286,-0.7307459115982056
BC003965,0.2361914068460464,0.254833310842514,0.1235944032669067,0.1815869572606612,1.8410581350326536,0.1235944032669067,0.6051678939530565,0.7818318009376526,0.1235944032669067,0.7133714531854082,0.6570878624916077
Unkl,0.0670127347111702,0.1124662086367607,0.7802625894546509,0.0264304415801925,2.686566114425659,0.7802625894546509,0.0134706742203775,2.85003399848938,0.7802625894546509,0.0415729718215565,2.4740419387817383
Gnptg,0.2372580766677856,0.3464575111865997,0.6288180351257324,6.679316919937575e-05,4.400286674499512,0.6288180351257324,0.0001981668237819,4.097848415374756,0.6288180351257324,0.0018615442027709,3.5370190143585205
Tsr3,0.2046354711055755,0.2851413488388061,0.5390616655349731,0.0002047373558075,4.132018089294434,0.5390616655349731,0.0032377548847712,3.320636987686157,0.5390616655349731,0.0161989734576215,2.8383615016937256
Baiap3,0.043375976383686,0.2267003655433654,2.521034240722656,9.93459829788803e-12,7.168707370758057,2.521034240722656,1.3030094419197772e-18,9.45069408416748,2.521034240722656,9.304900125801347e-17,8.895712852478027
Ube2i,0.9523105025291444,1.3607192039489746,0.864993155002594,2.4462213110996293e-22,10.038251876831056,0.864993155002594,6.217389350238122e-31,12.212139129638672,0.864993155002594,6.543679467201212e-21,9.994301795959473
Cacna1h,0.0,0.0,0.0,0.9888502385877284,0.1005259156227111,0.0,1.0,0.0,0.0,1.0,0.0
Sox8,0.0034862151369452,0.0,-21.735746383666992,0.9994412017932364,0.0010455889860168,-21.735746383666992,0.1826507711379016,-1.702853083610535,-21.735746383666992,0.4337061066667773,-1.1933717727661133
Lmf1,0.0406046696007251,0.0784310027956962,0.9773351550102234,0.1374534009546736,1.9831088781356807,0.9773351550102234,0.0133730463525636,2.853430986404419,0.9773351550102234,0.0365338917884564,2.528451919555664
Gng13,0.0,0.0,0.0,0.9888502385877284,0.1005259156227111,0.0,1.0,0.0,0.0,1.0,0.0
Chtf18,0.0171960107982158,0.0438236184418201,1.3689401149749756,0.1862317493573554,1.8272414207458496,1.3689401149749756,0.0096926909419679,2.9673423767089844,1.3689401149749756,0.026422741525297,2.656091451644897
Rpusd1,0.0174333713948726,0.0354729145765304,1.037936449050903,0.4737868556316166,1.2578436136245728,1.037936449050903,0.0784315046450658,2.13879656791687,1.037936449050903,0.1486025800936366,1.8809634447097776
Ciao3,0.0726815983653068,0.0848544239997863,0.2322960793972015,0.4127082696416053,1.3552327156066897,0.2322960793972015,0.5826637746033427,0.8166829347610474,0.2322960793972015,0.6871104283633934,0.6944986581802368
Haghl,0.0853249058127403,0.1286667138338089,0.624422013759613,0.0213941523217749,2.764014482498169,0.624422013759613,0.0326437836559016,2.514879941940308,0.624422013759613,0.081445789202123,2.178069591522217
Ccdc78,0.0048916121013462,0.0034896750003099,-0.4882293343544006,0.9888502385877284,0.1688626259565353,-0.4882293343544006,0.8465588727081672,-0.435524046421051,-0.4882293343544006,0.92800572799669,-0.3430679142475128
Fam173a,0.0374390371143817,0.0439590290188789,0.2363513261079788,0.5007463083105971,1.2175136804580688,0.2363513261079788,0.7063706969611591,0.6342816948890686,0.2363513261079788,0.7976121571794044,0.5344508290290833
Metrn,0.121984913945198,0.1793480366468429,0.5984764695167542,0.0078480218262404,3.1098058223724365,0.5984764695167542,0.0119450949765299,2.892643451690674,0.5984764695167542,0.0384936049811824,2.5059282779693604
Fbxl16,0.0,0.0,0.0,0.9888502385877284,0.1005259156227111,0.0,1.0,0.0,0.0,1.0,0.0
Wdr24,0.0484940484166145,0.0398332513868808,-0.2901279032230377,0.9269918543500708,0.6633515357971191,-0.2901279032230377,0.566735474765913,-0.8413125872612,-0.2901279032230377,0.695298239523936,-0.6830093860626221
Jmjd8,0.0226570460945367,0.0163318160921335,-0.4768521189689636,0.9888502385877284,0.1956745088100433,-0.4768521189689636,0.555395567977549,-0.858538806438446,-0.4768521189689636,0.6832027011037286,-0.7034804821014404
Stub1,0.4083184599876404,0.3652559816837311,-0.1938473135232925,0.9888502385877284,-0.3785032033920288,-0.1938473135232925,0.2473180877759892,-1.524472951889038,-0.1938473135232925,0.4006137676157775,-1.2571011781692505
Rhot2,0.0704960972070694,0.1071109101176261,0.630293071269989,0.0504151281631083,2.4346539974212646,0.630293071269989,0.0415961121381852,2.414914131164551,0.630293071269989,0.1007940738389041,2.0780105590820312
Wdr90,0.0197155848145484,0.0413182191550731,1.083103895187378,0.3007916940641058,1.5555377006530762,1.083103895187378,0.0498333088016908,2.3405537605285645,1.083103895187378,0.1076018323372225,2.0463879108428955
Mcrip2,0.0365750975906848,0.0139182172715663,-1.4102994203567505,0.9888502385877284,-0.2754380106925964,-1.4102994203567505,0.0123766736416562,-2.8771488666534424,-1.4102994203567505,0.0747242645451863,-2.2207186222076416
Mettl26,0.2749057710170746,0.3587802052497864,0.4478554427623749,0.0025773543254841,3.4524600505828857,0.4478554427623749,0.0056070239150805,3.147463083267212,0.4478554427623749,0.0244918085668035,2.6860196590423584
Wfikkn1,0.0023098583333194,0.0061179636977612,1.4079957008361816,0.9888502385877284,0.2359296828508377,1.4079957008361816,0.49731957266076,0.9510406255722046,1.4079957008361816,0.5980943348198531,0.8784035444259644
Rab40c,0.0551007315516471,0.0549211874604225,-0.0048393793404102,0.8050957663211127,0.8137669563293457,-0.0048393793404102,1.0,-0.0148635013028979,-0.0048393793404102,1.0,-0.0124252159148454
Pigq,0.0904401913285255,0.0906906723976135,0.004173528868705,0.6617794972705695,0.9948779344558716,0.004173528868705,1.0,0.0163303408771753,0.004173528868705,1.0,0.0137042142450809
Capn15,0.0858354568481445,0.1178309619426727,0.4805446267127991,0.1272561915888674,2.0214970111846924,0.4805446267127991,0.1332068270482617,1.88026225566864,0.4805446267127991,0.2339247402613203,1.6239796876907349
Rab11fip3,0.0123509801924228,0.0090064499527215,-0.4580119252204895,0.9888502385877284,0.0684113949537277,-0.4580119252204895,0.7238355912127888,-0.6094642281532288,-0.4580119252204895,0.8203478007137918,-0.5014628171920776
Decr2,0.0228173322975635,0.0340240001678466,0.5845451354980469,0.6907620042341228,0.9569379687309264,0.5845451354980469,0.3672236655811512,1.2511733770370483,0.5845451354980469,0.5007149706334895,1.080737829208374
Nme4,0.0421039648354053,0.001879894407466,-4.514353752136231,0.6096516837392433,-1.0638121366500854,-4.514353752136231,3.2869542840926775e-08,-5.911513328552246,-4.514353752136231,0.0001798641735574,-4.189526081085205
Tmem8,0.036035843193531,0.0528964065015316,0.5659895539283752,0.4319635459902385,1.325209379196167,0.5659895539283752,0.2562148208410238,1.5039230585098269,0.5659895539283752,0.3805852982935694,1.2937171459197998
Mrpl28,0.2657276391983032,0.3458738327026367,0.44105264544487,0.0026618060226259,3.4429752826690674,0.44105264544487,0.0057904403679359,3.1365153789520264,0.44105264544487,0.025863571399217,2.6643497943878174
Axin1,0.1959292590618133,0.1909009367227554,-0.0412528328597545,0.3611772582373068,1.4429128170013428,-0.0412528328597545,0.9897277321593748,-0.2307764440774917,-0.0412528328597545,1.0,-0.1920357048511505
Pdia2,0.0,0.0014770660782232,20.49536895751953,0.9888502385877284,0.1678170263767242,20.49536895751953,0.4679991859106411,1.0,20.49536895751953,0.5282133287683867,1.0
Arhgdig,0.0,0.0,0.0,0.9888502385877284,0.1005259156227111,0.0,1.0,0.0,0.0,1.0,0.0
Rgs11,0.0145251220092177,0.0014189417706802,-3.365128755569458,0.9888502385877284,-0.2642352879047394,-3.365128755569458,0.0070249301177387,-3.0716872215271,-3.365128755569458,0.0756962746224223,-2.215916872024536
Fam234a,0.0214062556624412,0.0193828605115413,-0.1447155922651291,0.9888502385877284,0.3967263400554657,-0.1447155922651291,0.960102544613588,-0.2727906107902527,-0.1447155922651291,1.0,-0.2258078455924987
Luc7l,0.2850470244884491,0.3121479153633117,0.1515505760908126,0.1721893442077758,1.8689903020858765,0.1515505760908126,0.4679991859106411,1.013487696647644,0.1515505760908126,0.6124254863165829,0.855617344379425
Neurl1b,0.0,0.0,0.0,0.9888502385877284,0.1005259156227111,0.0,1.0,0.0,0.0,1.0,0.0
Dusp1,0.2725659012794494,0.4148785769939422,0.7146099209785461,9.25726875693767e-05,4.324108123779297,0.7146099209785461,6.583600719027919e-05,4.369545936584473,0.7146099209785461,0.0006165040128319,3.8480706214904794
Ergic1,0.0426816567778587,0.0620832778513431,0.5547060966491699,0.2966111045530941,1.5645745992660522,0.5547060966491699,0.2191012186975745,1.5971485376358032,0.5547060966491699,0.3404865576644669,1.3736361265182495
Atp6v0e,0.9605967402458192,1.2561670541763306,0.6388240456581116,4.2087593926327616e-14,7.902188301086426,0.6388240456581116,4.014878247327873e-16,8.596601486206055,0.6388240456581116,1.396768704855014e-11,7.2213006019592285
Crebrf,0.3541013896465301,0.2885185778141022,-0.3453353643417358,0.6766762634930812,-0.978223204612732,-0.3453353643417358,0.0510572507575218,-2.328627586364746,-0.3453353643417358,0.1324922973063767,-1.9397623538970947
Bnip1,0.0834633633494377,0.1261835843324661,0.627663791179657,0.026582181260687,2.6844003200531006,0.627663791179657,0.029354917370306,2.5569093227386475,0.627663791179657,0.0763019041375114,2.209181308746338
Kifc5b,0.0098092025145888,0.003594835055992,-1.4526976346969604,0.9888502385877284,0.1020196080207824,-1.4526976346969604,0.2412771729273974,-1.5390719175338743,-1.4526976346969604,0.4561222640917297,-1.155063271522522
Phf1,0.1929021179676056,0.0938850492238998,-1.112033724784851,0.1282517515947025,-2.0174639225006104,-1.112033724784851,6.435385494799503e-07,-5.3477702140808105,-1.112033724784851,0.0001335082714342,-4.248075485229492
Cuta,0.5517796874046326,0.8184884190559387,0.7830517888069153,1.4988589741281282e-10,6.771981239318848,0.7830517888069153,9.277222352122269e-14,7.886683464050293,0.7830517888069153,4.425275409374444e-10,6.683853149414063
Syngap1,0.0,0.0,0.0,0.9888502385877284,0.1005259156227111,0.0,1.0,0.0,0.0,1.0,0.0
Zbtb9,0.0021361701656132,0.0017415902111679,-0.2949059307575226,0.9888502385877284,0.1013474464416503,-0.2949059307575226,1.0,-0.1698258221149444,-0.2949059307575226,1.0,-0.1408403515815735
Gm50253,0.0023096334189176,0.0,-21.140899658203125,0.9888502385877284,0.0342056974768638,-21.140899658203125,0.2948454156985165,-1.4073158502578735,-21.140899658203125,0.5306008033765053,-0.9862571954727172
Ggnbp1,0.0022012111730873,0.0018283503595739,-0.2680239081382751,0.9888502385877284,0.1013474464416503,-0.2680239081382751,1.0,-0.1551235169172287,-0.2680239081382751,1.0,-0.1294217258691787
Bak1,0.1422373205423355,0.4503426551818847,1.8959288597106931,4.532329086384845e-24,10.431692123413086,1.8959288597106931,2.440210887101096e-28,11.85930633544922,1.8959288597106931,1.133735024128044e-23,10.690078735351562
Itpr3,0.1662276089191436,0.0900459289550781,-0.9405537247657776,0.5046690938139751,-1.211016058921814,-0.9405537247657776,7.737122990339244e-05,-4.321478366851807,-0.9405537247657776,0.0025633797857789,-3.4442286491394043
Uqcc2,0.4858005940914154,0.6767174601554871,0.6291718482971191,3.247600240308234e-06,5.0516886711120605,0.6291718482971191,4.605780972119727e-08,5.851550579071045,0.6291718482971191,5.889227279502707e-06,4.954041004180908
Lemd2,0.1385709643363952,0.1529478728771209,0.1530375778675079,0.2708339400774256,1.6193933486938477,0.1530375778675079,0.6354834609890969,0.7367162108421326,0.1530375778675079,0.735380258145833,0.6242173910140991
Hmga1,0.0282747093588113,0.036850418895483,0.3883884251117706,0.6754976942511517,0.979567527770996,0.3883884251117706,0.5190273714041452,0.9156908392906188,0.3883884251117706,0.6648332436785389,0.7787526249885559
AI413582,0.2535430192947387,0.4153425991535187,0.8352776765823364,4.5240222735885196e-08,5.8499956130981445,0.8352776765823364,2.145752866802464e-08,5.993488311767578,0.8352776765823364,2.0689305084311994e-06,5.170322895050049
Nudt3,0.2042380422353744,0.208627313375473,0.0339516699314117,0.4313398243746639,1.3261055946350098,0.0339516699314117,1.0,0.198399618268013,0.0339516699314117,1.0,0.1658973842859268
Rps10,2.7752671241760254,2.336432695388794,-0.6869296431541443,8.449740669945653e-72,-18.157325744628903,-0.6869296431541443,1.522577485961509e-63,-18.661375045776367,-0.6869296431541443,2.253622996244841e-50,-16.249862670898438
Pacsin1,0.1934947073459625,0.1322236359119415,-0.5947107672691345,0.6958313766728064,-0.95051509141922,-0.5947107672691345,0.0110746925083137,-2.9178383350372314,-0.5947107672691345,0.0471513142376172,-2.4209890365600586
Ilrun,0.1435049325227737,0.3150653839111328,1.2630300521850586,2.6360941359425433e-10,6.687363147735596,1.2630300521850586,2.8533102122479584e-11,7.089791774749756,1.2630300521850586,4.40198779846924e-09,6.304654121398926
Snrpc,0.4376720190048218,0.7417519688606262,1.001860737800598,5.288794957890844e-15,8.1635103225708,1.001860737800598,2.0407655978294568e-18,9.264589309692385,1.001860737800598,8.639823515313822e-14,7.944950103759766
Uhrf1bp1,0.0068121198564767,0.0073633063584566,0.1126478537917137,0.9888502385877284,0.1698335260152816,0.1126478537917137,1.0,0.1173648834228515,0.1126478537917137,1.0,0.1004863530397415
Taf11,0.2120048999786377,0.2631708085536957,0.3502705097198486,0.0169968015423286,2.848557949066162,0.3502705097198486,0.0789467529719383,2.13516616821289,0.3502705097198486,0.167930748086611,1.8164255619049072
Anks1,0.0418697781860828,0.0345016196370124,-0.2845938801765442,0.9888502385877284,0.3389202058315277,-0.2845938801765442,0.6481579336752336,-0.7178531289100647,-0.2845938801765442,0.7573452756745741,-0.5921193361282349
Tcp11,0.004654643125832,0.00171985628549,-1.4385002851486206,0.9888502385877284,0.0348778627812862,-1.4385002851486206,0.4679991859106411,-1.0137516260147097,-1.4385002851486206,0.6611333111626327,-0.784362256526947
Scube3,0.0,0.0,0.0,0.9888502385877284,0.1005259156227111,0.0,1.0,0.0,0.0,1.0,0.0
Zfp523,0.0346427373588085,0.0239353347569704,-0.5411721467971802,0.9888502385877284,0.2139723151922226,-0.5411721467971802,0.3770762759567154,-1.231293559074402,-0.5411721467971802,0.5289004278246147,-0.9985233545303344
Def6,0.3664486408233642,0.5431841611862183,0.7049475312232971,1.3329209342054069e-06,5.228766441345215,0.7049475312232971,8.254268289419833e-08,5.749567031860352,0.7049475312232971,6.525265719240225e-06,4.932260513305664
Ppard,0.0442038662731647,0.0438966080546379,-0.0102865528315305,0.9888502385877284,0.5679041743278503,-0.0102865528315305,1.0,-0.0275447349995374,-0.0102865528315305,1.0,-0.0232392717152833
Fance,0.0664862543344497,0.078178696334362,0.242255225777626,0.4676003821628725,1.2678513526916504,0.242255225777626,0.5747416748548693,0.8289369940757751,0.242255225777626,0.6832027011037286,0.7027255892753601
Rpl10a,3.604961633682251,3.2271933555603027,-0.5636322498321533,3.312128224002631e-85,-19.792625427246094,-0.5636322498321533,3.738668661117428e-80,-21.707338333129883,-0.5636322498321533,9.076634553007349e-67,-19.193254470825195
Tead3,0.0,0.0041171684861183,21.976192474365234,0.9888502385877284,0.3023992776870727,21.976192474365234,0.2138917825159909,1.612339973449707,21.976192474365234,0.239072857340669,1.612339973449707
Tulp1,0.0012822678545489,0.003060984890908,1.2565810680389404,0.9888502385877284,0.201798677444458,1.2565810680389404,0.6581422049561029,0.7034698724746704,1.2565810680389404,0.7347257964543008,0.6250985860824585
Fkbp5,0.149901196360588,0.6422996520996094,2.477789640426636,1.0684768035637267e-41,13.80214786529541,2.477789640426636,7.309492559389665e-48,16.165374755859375,2.477789640426636,1.732999053108074e-42,14.881549835205078
Clps,0.0013776903506368,0.0,-20.39481544494629,0.9888502385877284,0.0673658028244972,-20.39481544494629,0.4679991859106411,-1.0,-20.39481544494629,0.6832027011037286,-0.7008072733879089
Srpk1,0.926446795463562,0.8297703266143799,-0.2388106286525726,0.004189956653306,-3.3060030937194824,-0.2388106286525726,0.0212834116457073,-2.681065797805786,-0.2388106286525726,0.0737056397451812,-2.225642681121826
Slc26a8,0.0011434842599555,0.0,-20.125831604003903,0.9888502385877284,0.0673658028244972,-20.125831604003903,0.4679991859106411,-1.0,-20.125831604003903,0.6832027011037286,-0.7008072733879089
Mapk14,0.1703347712755203,0.2421973794698715,0.561428964138031,0.0012951379305743,3.649703025817871,0.561428964138031,0.0055235703474284,3.152834892272949,0.561428964138031,0.0225709076454013,2.716586112976074
Gm4356,0.0223610643297433,0.0407139360904693,0.8778422474861145,0.590081365077914,1.0904746055603027,0.8778422474861145,0.1268212015259183,1.9058080911636357,0.8778422474861145,0.2121950919763189,1.681455135345459
Mapk13,0.0,0.0,0.0,0.9888502385877284,0.1005259156227111,0.0,1.0,0.0,0.0,1.0,0.0
Brpf3,0.0292675420641899,0.0416829325258731,0.5191638469696045,0.696599288699948,0.9493948221206664,0.5191638469696045,0.3854835125551842,1.215968370437622,0.5191638469696045,0.5146720194472201,1.0577043294906616
Pnpla1,0.0,0.0,0.0,0.9888502385877284,0.1005259156227111,0.0,1.0,0.0,0.0,1.0,0.0
4930539E08Rik,0.0023283867631107,0.001098129316233,-1.0851696729660034,0.9888502385877284,0.1013474464416503,-1.0851696729660034,0.7151753614647601,-0.6218792200088501,-1.0851696729660034,0.8394722012804996,-0.4746114015579223
Pxt1,0.0,0.0,0.0,0.9888502385877284,0.1005259156227111,0.0,1.0,0.0,0.0,1.0,0.0
Kctd20,0.106866605579853,0.1507089585065841,0.528258204460144,0.0218936454505843,2.755052328109741,0.528258204460144,0.0497109471732141,2.3413949012756348,0.528258204460144,0.1142965946622155,2.0166726112365723
Stk38,0.8785994052886963,0.5326134562492371,-1.000788331031799,1.7012710237573464e-18,-9.104839324951172,-1.000788331031799,6.403665159570528e-21,-9.888985633850098,-1.000788331031799,1.8205013244526428e-14,-8.16576862335205
Srsf3,1.3402936458587646,1.69643235206604,0.6594686508178711,2.5863346759372604e-21,9.799484252929688,0.6594686508178711,1.0312804562333577e-21,10.112014770507812,0.6594686508178711,1.3293929090354252e-15,8.502667427062988
Cdkn1a,0.0081851221621036,0.0953929796814918,3.606257200241089,0.0068355260537476,3.153944492340088,3.606257200241089,4.4606050548570206e-08,5.91063404083252,3.606257200241089,1.1059752682679064e-07,5.772768497467041
Rab44,0.0,0.0,0.0,0.9888502385877284,0.1005259156227111,0.0,1.0,0.0,0.0,1.0,0.0
Cpne5,0.0,0.0,0.0,0.9888502385877284,0.1005259156227111,0.0,1.0,0.0,0.0,1.0,0.0
Ppil1,0.1256501376628875,0.4000199437141418,1.877232789993286,8.847968664215031e-20,9.427329063415527,1.877232789993286,7.943269033007696e-25,11.028894424438477,1.877232789993286,5.842490615461328e-21,10.008562088012695
BC004004,0.2305256873369217,0.4026859104633331,0.9354560375213624,1.6242268923040075e-09,6.4034857749938965,0.9354560375213624,8.764190496814201e-10,6.536182880401611,0.9354560375213624,1.741755179774946e-07,5.652967929840088
Pi16,0.0043659890070557,0.0,-22.06102752685547,0.9888502385877284,-0.0321145206689834,-22.06102752685547,0.1055552866404735,-1.9979294538497925,-22.06102752685547,0.3296529771759773,-1.4001634120941162
Mtch1,0.278809130191803,0.7274249792098999,1.7341281175613403,3.722632773213628e-33,12.285595893859863,1.7341281175613403,9.889686041751165e-40,14.275674819946287,1.7341281175613403,4.8475778008591556e-32,12.608033180236816
Fgd2,0.0010151122696697,0.0024047198239713,1.2452315092086792,0.9888502385877284,0.1347316056489944,1.2452315092086792,0.7784877618463294,0.5323764681816101,1.2452315092086792,0.8247664090544183,0.4950020909309387
Pim1,0.6543855667114258,1.7414262294769287,2.348438024520874,4.112550830597899e-86,19.898828506469727,2.348438024520874,3.818460299508112e-104,25.03119468688965,2.348438024520874,6.2117916841400675e-80,21.37165069580078
Gm17657,0.0011101871496066,0.0,-20.08317375183105,0.9888502385877284,0.0673658028244972,-20.08317375183105,0.4679991859106411,-1.0,-20.08317375183105,0.6832027011037286,-0.7008072733879089
Tmem217,0.0,0.0,0.0,0.9888502385877284,0.1005259156227111,0.0,1.0,0.0,0.0,1.0,0.0
Tbc1d22b,0.0869493559002876,0.1172438934445381,0.4534900188446045,0.1390322754374868,1.9775822162628172,0.4534900188446045,0.1562044952688406,1.7948678731918335,0.4534900188446045,0.264008194882141,1.5484133958816528
Rnf8,0.1413979679346084,0.1581894159317016,0.1743064373731613,0.1757694736317384,1.8582357168197632,0.1743064373731613,0.5573755195887933,0.8555374145507812,0.1743064373731613,0.6832027011037286,0.7237308025360107
Gm28043,0.0020523068960756,0.0,-20.97029685974121,0.9888502385877284,0.0342056974768638,-20.97029685974121,0.2942789202292576,-1.414929747581482,-20.97029685974121,0.5299909986835808,-0.991593062877655
Cmtr1,0.0459807030856609,0.0414487831294536,-0.1529917567968368,0.9888502385877284,0.397697240114212,-0.1529917567968368,0.866535709226987,-0.407761812210083,-0.1529917567968368,0.9297235205278648,-0.3403731882572174
Ccdc167,0.0724830999970436,0.1126850619912147,0.6660265326499939,0.0368006852086292,2.559900522232056,0.6660265326499939,0.0352764077920921,2.4833574295043945,0.6660265326499939,0.0864673135299279,2.150585412979126
Mdga1,0.0,0.0,0.0,0.9888502385877284,0.1005259156227111,0.0,1.0,0.0,0.0,1.0,0.0
Zfand3,0.1820118874311447,0.205457791686058,0.1922677904367447,0.1488530243330143,1.9427043199539185,0.1922677904367447,0.4679991859106411,1.0578341484069824,0.1922677904367447,0.5852636538471189,0.8987147212028503
Btbd9,0.1722853332757949,0.1757982671260833,0.0317285470664501,0.3743873475724876,1.4193871021270752,0.0317285470664501,1.0,0.1666823923587799,0.0317285470664501,1.0,0.1398368924856186
Glo1,0.3877134323120117,0.362717866897583,-0.1152982339262962,0.9888502385877284,0.1970188468694687,-0.1152982339262962,0.5281419300567026,-0.9008815884590148,-0.1152982339262962,0.6832027011037286,-0.7464470267295837
Dnah8,0.1615409553050995,0.0492803268134593,-1.7952176332473757,0.0407867756303867,-2.5196454524993896,-1.7952176332473757,4.3249273242244127e-11,-6.975729465484619,-1.7952176332473757,1.0084249299516776e-06,-5.333039283752441
Glp1r,0.0,0.0158958584070205,23.933629989624023,0.7829282611445391,0.840728223323822,23.933629989624023,0.0060006282708783,3.1346280574798584,23.933629989624023,0.0070318872477373,3.1346280574798584
Abcg1,0.3221461474895477,0.0936837866902351,-1.952350378036499,1.1636815727477697e-07,-5.684942245483398,-1.952350378036499,1.108214802627916e-21,-10.043798446655272,-1.952350378036499,2.628210942555695e-13,-7.829792976379394
Tff1,0.0,0.0099345277994871,23.251192092895508,0.9888502385877284,0.5715637803077698,23.251192092895508,0.0332473128460645,2.5124943256378174,23.251192092895508,0.0383589982044101,2.5124943256378174
Tmprss3,0.0009680452640168,0.0049893748946487,2.368613719940185,0.9888502385877284,0.3362315595149994,2.368613719940185,0.2890630070125209,1.431110143661499,2.368613719940185,0.3517545053858345,1.3504812717437744
Ubash3a,0.4736171364784241,0.3341474831104278,-0.6105957627296448,0.006149679520714,-3.1874780654907227,-0.6105957627296448,2.226626745702633e-05,-4.611400604248047,-0.6105957627296448,0.0007355697914498,-3.8013978004455566
Rsph1,0.0,0.010074496269226,23.2714786529541,0.9888502385877284,0.5715637803077698,23.2714786529541,0.0360355934915916,2.478866577148437,23.2714786529541,0.0415761971014241,2.478866577148437
Slc37a1,0.1389724463224411,0.1072125732898712,-0.3977044820785522,0.9888502385877284,0.1670701801776886,-0.3977044820785522,0.1527207870276082,-1.8064491748809812,-0.3977044820785522,0.2941753195397197,-1.480100154876709
Pde9a,0.0,0.0,0.0,0.9888502385877284,0.1005259156227111,0.0,1.0,0.0,0.0,1.0,0.0
Wdr4,0.0636636018753051,0.0786299183964729,0.3155335485935211,0.2441289164712837,1.6785438060760498,0.3155335485935211,0.4500373290557528,1.10239577293396,0.3155335485935211,0.565340120441084,0.928981065750122
Ndufv3,0.6889551877975464,1.13566255569458,1.0915746688842771,2.3874537445025766e-26,10.92588233947754,1.0915746688842771,7.551401269168663e-34,12.873867988586426,1.0915746688842771,4.986510253044716e-24,10.765632629394531
Pknox1,0.2315558642148971,0.1532222777605056,-0.654050350189209,0.7851343312029415,-0.8373674154281616,-0.654050350189209,0.0014745815111856,-3.551682949066162,-0.654050350189209,0.0145774538977815,-2.8774728775024414
Cbs,0.0047323810867965,0.0,-22.177549362182617,0.9888502385877284,-0.0321145206689834,-22.177549362182617,0.1055267883447117,-1.998127818107605,-22.177549362182617,0.3296529771759773,-1.400302529335022
U2af1,0.5702798962593079,0.7426938414573669,0.5189774036407471,0.0001318553282904,4.240386009216309,0.5189774036407471,1.8889381275452507e-06,5.142281532287598,0.5189774036407471,8.625576834417589e-05,4.350468158721924
Sik1,0.1727388650178909,0.0993270426988601,-0.8524899482727051,0.6506794986094658,-1.010188341140747,-0.8524899482727051,0.0004610573787191,-3.873266696929932,-0.8524899482727051,0.0071655885007496,-3.119929552078247
Hsf2bp,0.0,0.0,0.0,0.9888502385877284,0.1005259156227111,0.0,1.0,0.0,0.0,1.0,0.0
Rrp1b,0.1498324573040008,0.2247128039598465,0.640431821346283,0.0019802335103551,3.5290122032165527,0.640431821346283,0.0034617083666859,3.3010542392730717,0.640431821346283,0.0149657799527127,2.866693019866944
Notch3,0.0011459366651251,0.0,-20.12892341613769,0.9888502385877284,0.0673658028244972,-20.12892341613769,0.4679991859106411,-1.0,-20.12892341613769,0.6832027011037286,-0.7008072733879089
Ephx3,0.0024398493114858,0.0,-21.220121383666992,0.9888502385877284,0.0342056974768638,-21.220121383666992,0.2942789202292576,-1.4112157821655271,-21.220121383666992,0.5299909986835808,-0.9889902472496032
Brd4,0.5548360347747803,0.7116491198539734,0.4840794503688812,0.001127399056189,3.688315153121948,0.4840794503688812,1.008970924188886e-05,4.788746356964111,0.4840794503688812,0.0003224862657097,4.021207332611084
Akap8,0.3709934055805206,0.3410909175872803,-0.1440847516059875,0.9888502385877284,-0.2531072199344635,-0.1440847516059875,0.4679991859106411,-1.0711055994033811,-0.1440847516059875,0.5866704819171459,-0.896615207195282
Akap8l,0.3088863492012024,0.1734565794467926,-0.934116005897522,0.0140684025094444,-2.9145045280456543,-0.934116005897522,1.2060070426461018e-07,-5.666165828704834,-0.934116005897522,3.204252247059683e-05,-4.586355209350586
Wiz,0.0742822661995887,0.1457239836454391,1.0246275663375854,0.0003620507029703,3.988623142242432,1.0246275663375854,0.0001176789336851,4.229834079742432,1.0246275663375854,0.000997827351397,3.7170615196228023
Rasal3,0.64701908826828,0.5029248595237732,-0.4773128628730774,0.0005875457321444,-3.864646196365357,-0.4773128628730774,4.416400529289153e-05,-4.454941272735596,-0.4773128628730774,0.0012048009083572,-3.664530515670776
Pglyrp2,0.3125028610229492,0.2802037596702575,-0.1818408817052841,0.9888502385877284,0.0673658028244972,-0.1818408817052841,0.3702527725338997,-1.2450662851333618,-0.1818408817052841,0.5282133287683867,-1.03482985496521
Cyp4f39,0.0,0.0,0.0,0.9888502385877284,0.1005259156227111,0.0,1.0,0.0,0.0,1.0,0.0
Cyp4f17,0.015538957901299,0.0193223506212234,0.3171177804470062,0.9888502385877284,0.4328738451004028,0.3171177804470062,0.7723511209756617,0.540761411190033,0.3171177804470062,0.8466747977098691,0.4626726508140564
Cyp4f16,0.0014393726596608,0.0057133068330585,1.9919699430465696,0.9888502385877284,0.2690151035785675,1.9919699430465696,0.4005196820847556,1.187082052230835,1.9919699430465696,0.489156546165956,1.0995270013809204
Zfp871,0.3115633726119995,0.3670023679733276,0.2785111665725708,0.0285849607309259,2.656393527984619,0.2785111665725708,0.1047074109622613,2.001961469650269,0.2785111665725708,0.2069048232983637,1.696066975593567
Zfp811,0.0104522295296192,0.0,-23.324853897094727,0.9888502385877284,-0.1979150623083114,-23.324853897094727,0.0088315169704661,-2.9968931674957275,-23.324853897094727,0.0969495796443303,-2.1002445220947266
Zfp799,0.0409042388200759,0.0175030250102281,-1.2416086196899414,0.9888502385877284,-0.2787241637706756,-1.2416086196899414,0.0219138732937674,-2.66898775100708,-1.2416086196899414,0.1000862733064565,-2.0821919441223145
Zfp870,0.0,0.0106660677120089,23.354225158691406,0.9888502385877284,0.5715637803077698,23.354225158691406,0.0265105434568692,2.6028084754943848,23.354225158691406,0.0307069212677308,2.6028084754943848
Cyp4f13,0.0899896398186683,0.0314076207578182,-1.56132972240448,0.4481816984914614,-1.2988455295562744,-1.56132972240448,1.2307556152357997e-05,-4.738551139831543,-1.56132972240448,0.0011876527586533,-3.672500371932984
Zfp472,0.0719762668013572,0.0875794366002082,0.2944757640361786,0.3264084605686626,1.5066190958023071,0.2944757640361786,0.4679991859106411,1.0634713172912598,0.2944757640361786,0.5785075053768003,0.9085915088653564
Zfp952,0.0864346846938133,0.0542291440069675,-0.6960457563400269,0.9888502385877284,-0.2945573627948761,-0.6960457563400269,0.0513153507614496,-2.3261964321136475,-0.6960457563400269,0.1440988978846482,-1.8961975574493408
Zfp763,0.0210026279091835,0.0215274952352046,0.035990372300148,0.9888502385877284,0.4615528583526611,0.035990372300148,1.0,0.0697657018899917,0.035990372300148,1.0,0.0582680478692054
Zfp563,0.0157748702913522,0.0192418526858091,0.2891278862953186,0.9888502385877284,0.4331725835800171,0.2891278862953186,0.8062188099282007,0.4930101037025451,0.2891278862953186,0.8754815352584409,0.4206407070159912
Zfp955a,0.0484652556478977,0.030111065134406,-0.6999834775924683,0.9994412017932364,0.0043317256495356,-0.6999834775924683,0.1571346010033176,-1.7911474704742432,-0.6999834775924683,0.3114508883594679,-1.4414676427841189
Olfr63,0.0009530788520351,0.0,-19.862924575805664,0.9888502385877284,0.0673658028244972,-19.862924575805664,0.4679991859106411,-1.0,-19.862924575805664,0.6832027011037286,-0.7008072733879089
Zfp955b,0.1176137998700141,0.0645573586225509,-0.9042569994926452,0.8170895347224556,-0.7985312342643738,-0.9042569994926452,0.002556883855004,-3.3902926445007324,-0.9042569994926452,0.0227170205054547,-2.7153491973876958
Zfp81,0.0602221153676509,0.0220267158001661,-1.478779911994934,0.9227146473720024,-0.6694009900093079,-1.478779911994934,0.0006369445293622,-3.785879135131836,-1.478779911994934,0.0130136379908022,-2.919912338256836
Zfp101,0.068513885140419,0.0631518810987472,-0.1214810237288475,0.8725376286867875,0.7314642071723938,-0.1214810237288475,0.8723653917540011,-0.3992971181869507,-0.1214810237288475,0.9354086882605004,-0.3312973976135254
Adamts10,0.2780321836471557,0.2898265421390533,0.0688477680087089,0.3526602734352892,1.4586713314056396,0.0688477680087089,0.8280926745290158,0.4611853659152984,0.0688477680087089,0.8989489733970187,0.3862070441246032
Myo1f,0.0748028978705406,0.5003896951675415,3.063565969467163,3.1145369666817137e-41,13.724177360534668,3.063565969467163,2.340593503523029e-46,16.036273956298828,3.063565969467163,4.960354740083044e-43,15.13676643371582
Zfp414,0.0886791795492172,0.1473539471626281,0.7757754921913147,0.0039963897675176,3.320342540740967,0.7757754921913147,0.0030085602760586,3.344717264175415,0.7757754921913147,0.0133286147787183,2.908701181411743
Pram1,0.0010939027415588,0.0015645534731447,0.5166056156158447,0.9888502385877284,0.1345822364091873,0.5166056156158447,0.9789486223610884,0.246537297964096,0.5166056156158447,1.0,0.2129599004983902
Hnrnpm,0.7566892504692078,0.9418136477470398,0.4679552018642425,0.0002983301771988,4.037243366241455,0.4679552018642425,1.502657907906805e-06,5.186511039733887,0.4679552018642425,9.163091724858064e-05,4.336589336395264
March2,0.2914547026157379,0.4446327686309814,0.7265989780426025,1.4972102501934566e-06,5.206137180328369,0.7265989780426025,2.272154899075292e-07,5.558985233306885,0.7265989780426025,1.4926998323148452e-05,4.753446102142334
Rab11b,0.4512703418731689,0.6149137616157532,0.574873685836792,1.2107247148371882e-05,4.781851768493652,0.574873685836792,1.6550869356196554e-06,5.1687750816345215,0.574873685836792,8.033305943212515e-05,4.367037296295166
Angptl4,0.0080610560253262,0.0244868136942386,1.6148449182510376,0.5328743905404036,1.1709102392196655,1.6148449182510376,0.0298386309904014,2.552520036697388,1.6148449182510376,0.0586976518387105,2.327409029006958
Kank3,0.0020493783522397,0.0089181438088417,2.126515865325928,0.9888502385877284,0.4370561838150024,2.126515865325928,0.1861589321565753,1.6916669607162476,2.126515865325928,0.2478856546707153,1.5900894403457642
Rps28,3.153087615966797,2.486522674560547,-1.0239818096160889,1.6298525753084863e-132,-24.711299896240234,-1.0239818096160889,1.2007423931445909e-141,-31.77850341796875,-1.0239818096160889,4.865014371483163e-121,-27.946596145629883
Ndufa7,0.9845011830329896,1.1815086603164673,0.4304357767105102,0.0001739660185311,4.171900272369385,0.4304357767105102,2.0644039179446174e-07,5.570359230041504,0.4304357767105102,2.6993351522613732e-05,4.623219013214111
Cd320,0.0463110581040382,0.0214671958237886,-1.127245306968689,0.9888502385877284,-0.132565751671791,-1.127245306968689,0.0165237713496506,-2.7741830348968506,-1.127245306968689,0.0886089551592429,-2.140202045440674
Kifc1,0.0171884428709745,0.0221303012222051,0.368160992860794,0.7109879709758201,0.9299767017364502,0.368160992860794,0.6582833991087477,0.7028733491897583,0.368160992860794,0.7594933629641417,0.5885433554649353
Smim40,0.0427224934101104,0.0131020080298185,-1.72667396068573,0.9888502385877284,-0.4376536905765533,-1.72667396068573,0.0038181508376904,-3.2670774459838867,-1.72667396068573,0.0401115977447871,-2.4913461208343506
Daxx,0.2177531421184539,0.2435730844736099,0.1810017675161361,0.1510063445431332,1.9358333349227903,0.1810017675161361,0.4679991859106411,1.038715124130249,0.1810017675161361,0.5943370539347506,0.8838794827461243
Tapbp,0.8030403852462769,0.9453753232955932,0.3528587222099304,0.0258629142888728,2.6944828033447266,0.3528587222099304,0.0002002504710929,4.091495513916016,0.3528587222099304,0.0029015617065088,3.405153274536133
Zbtb22,0.061018168926239,0.0556201860308647,-0.1375618278980255,0.8438339857043037,0.7662673592567444,-0.1375618278980255,0.8449095019792171,-0.438009649515152,-0.1375618278980255,0.9148543332116544,-0.3627160787582397
Rgl2,0.1231535226106643,0.0941994115710258,-0.4079320728778839,0.9888502385877284,0.2888066172599792,-0.4079320728778839,0.178370140004982,-1.7172319889068604,-0.4079320728778839,0.32853799005418,-1.4024804830551147
Pfdn6,0.4358870089054107,0.5604943037033081,0.4600628316402435,0.0034954484195665,3.362240791320801,0.4600628316402435,0.0002262145152735,4.06231164932251,0.4600628316402435,0.0025248585140366,3.446720838546753
Wdr46,0.1827003210783004,0.0812761038541793,-1.24334716796875,0.1572215099297481,-1.9154443740844729,-1.24334716796875,7.692114009046174e-08,-5.745644092559815,-1.24334716796875,4.960872673563349e-05,-4.489449977874756
B3galt4,0.083241581916809,0.1040409132838249,0.3370123505592346,0.2099212093952091,1.7621161937713623,0.3370123505592346,0.3461209404673832,1.2934743165969849,0.3370123505592346,0.4843225636674199,1.1072028875350952
Rps18,4.192492961883545,3.705091953277588,-0.7171390652656555,4.76327689123719e-128,-24.289031982421875,-0.7171390652656555,1.5715290681755078e-135,-30.89168930053711,-0.7171390652656555,1.6907946747667058e-116,-27.25714492797852
Vps52,0.0952899232506752,0.1228277161717414,0.3864659965038299,0.0563566621135888,2.38812518119812,0.3864659965038299,0.2021744937899122,1.6429647207260132,0.3864659965038299,0.3306120298935928,1.395077109336853
H2-K1,3.1228725910186768,3.102225542068481,-0.0311740543693304,0.9888502385877284,-0.076477363705635,-0.0311740543693304,0.5604121754663068,-0.8511484861373901,-0.0311740543693304,0.68254948634869,-0.7524123787879944
Ring1,0.134181872010231,0.1022882387042045,-0.4150092899799347,0.9888502385877284,0.3155438303947449,-0.4150092899799347,0.1468368688909277,-1.8282116651535036,-0.4150092899799347,0.2867263717713862,-1.4964033365249634
H2-Ke6,0.3484167456626892,0.2248034030199051,-0.7255718111991882,0.0514153689076888,-2.426438570022583,-0.7255718111991882,8.106185950139772e-06,-4.83250904083252,-0.7255718111991882,0.0004677918138238,-3.9254343509674072
Slc39a7,0.1875960230827331,0.1957789808511734,0.0676877796649932,0.21257902538135,1.7550958395004272,0.0676877796649932,0.889713255775394,0.3736517429351806,0.0676877796649932,0.9465227407850144,0.3135066628456116
Rxrb,0.1830280274152755,0.1913778334856033,0.0705701857805252,0.2411129882398918,1.6853400468826294,0.0705701857805252,0.8784078519274336,0.3907759487628937,0.0705701857805252,0.93759569047628,0.3276351392269134
Col11a2,0.0223733615130186,0.0016886966768652,-3.7427499294281006,0.9888502385877284,-0.3644624352455139,-3.7427499294281006,0.0005729251542049,-3.81757402420044,-3.7427499294281006,0.0212796658196582,-2.744062185287476
H2-Oa,0.116498589515686,0.0258475355803966,-2.238380193710327,0.0979855867399766,-2.1448018550872803,-2.238380193710327,4.54589765596763e-11,-6.969605922698975,-2.238380193710327,1.6834988461292237e-06,-5.23303747177124
Brd2,0.6904770731925964,0.6001366376876831,-0.2744297087192535,0.0149603729762576,-2.8931448459625244,-0.2744297087192535,0.0175470937123497,-2.752437829971313,-0.2744297087192535,0.0671481512778994,-2.267082929611206
H2-DMa,0.3883967101573944,0.1653402298688888,-1.400408148765564,6.06528746676477e-07,-5.379928588867188,-1.400408148765564,1.3066950178163477e-17,-8.984496116638184,-1.400408148765564,2.4935128204909287e-11,-7.150970935821533
H2-DMb2,0.0031198868528008,0.0070136468857526,1.171481966972351,0.9888502385877284,0.2031430006027221,1.171481966972351,0.6035749431652425,0.7848641276359558,1.171481966972351,0.6832027011037286,0.7362425923347473
H2-DMb1,0.0013173951301723,0.0,-20.33020782470703,0.9888502385877284,0.0342056974768638,-20.33020782470703,0.3704118537628904,-1.2448149919509888,-20.33020782470703,0.6021211078853488,-0.8723754286766052
Psmb9,1.1331480741500854,1.5636616945266724,0.8428590297698975,5.025568897869262e-25,10.641780853271484,0.8428590297698975,1.6855471671135759e-31,12.331350326538086,0.8428590297698975,3.1497244716946616e-21,10.078484535217283
Tap1,0.6664760112762451,1.142452597618103,1.1718729734420776,2.9592653741284535e-29,11.526274681091309,1.1718729734420776,2.102740225801054e-36,13.413390159606934,1.1718729734420776,3.798729173652417e-26,11.272785186767578
Psmb8,1.9775084257125852,2.357986688613892,0.6204574108123779,3.455381766518719e-36,12.845882415771484,0.6204574108123779,1.235064992661532e-43,14.70098114013672,0.6204574108123779,3.505615690570708e-28,11.806737899780272
Tap2,0.5345152020454407,0.7711946964263916,0.718034565448761,1.5099855475052287e-08,6.038724422454834,0.718034565448761,1.3543712865061676e-11,7.170676231384277,0.718034565448761,2.353361786444585e-08,6.015093326568604
H2-Ob,0.0822751149535179,0.0032492328900843,-4.719696044921875,0.1086875663265707,-2.0962564945220947,-4.719696044921875,5.1193931949927394e-14,-7.963416576385498,-4.719696044921875,2.148333446143288e-07,-5.658754348754883
H2-Ab1,0.009386483579874,0.0220740139484405,1.2428685426712036,0.9888502385877284,0.3389202058315277,1.2428685426712036,0.4445226772107783,1.1122041940689087,1.2428685426712036,0.5163926824300151,1.055271029472351
H2-Aa,0.0079139396548271,0.0334958620369434,2.100032091140747,0.9888502385877284,0.5741777420043945,2.100032091140747,0.1180295484648022,1.943752646446228,2.100032091140747,0.1509037169890069,1.8742443323135376
H2-Eb1,0.0046298806555569,0.0244576036930084,2.4155735969543457,0.9888502385877284,0.4718593657016754,2.4155735969543457,0.1857102390384788,1.6939582824707031,2.4155735969543457,0.2250487826129778,1.647868514060974
H2-Eb2,0.0011561257997527,0.0014346968382596,0.3116483092308044,0.9888502385877284,0.1345822364091873,0.3116483092308044,1.0,0.1511879861354828,0.3116483092308044,1.0,0.1274169832468032
BC051142,0.001123399590142,0.0,-20.100252151489254,0.9888502385877284,0.0673658028244972,-20.100252151489254,0.4679991859106411,-1.0,-20.100252151489254,0.6832027011037286,-0.7008072733879089
Btnl4,0.0,0.0025639331433922,21.291778564453125,0.9888502385877284,0.2351081520318985,21.291778564453125,0.3083980823571987,1.37445068359375,21.291778564453125,0.3406302166032844,1.37445068359375
Notch4,0.0033257964532822,0.0015435226960107,-1.1087589263916016,0.9888502385877284,0.0681126564741134,-1.1087589263916016,0.644237715355007,-0.7236907482147217,-1.1087589263916016,0.7745636875097233,-0.5669915080070496
Gpsm3,0.8159981966018677,1.0411643981933594,0.5387612581253052,2.002199181698957e-05,4.672961235046387,0.5387612581253052,9.015355760885591e-10,6.517113208770752,0.5387612581253052,5.753517624927391e-07,5.426367282867432
Pbx2,0.1001491397619247,0.1259178668260574,0.3492711186408996,0.1962920753671798,1.7986371517181396,0.3492711186408996,0.2811373520843879,1.4484223127365112,0.3492711186408996,0.4095108847162754,1.241786003112793
Ager,0.0148423481732606,0.0030933204106986,-2.2709784507751465,0.9888502385877284,-0.1979150623083114,-2.2709784507751465,0.0329537955386759,-2.509322166442871,-2.2709784507751465,0.1515203799483361,-1.872267484664917
Rnf5,0.1439651250839233,0.1532533019781112,0.09706462174654,0.364581307269426,1.437236785888672,0.09706462174654,0.8160310566742979,0.4790643751621246,0.09706462174654,0.8872165988029151,0.4038858115673065
Agpat1,0.0623378939926624,0.0827793627977371,0.4240853786468506,0.2646965802615183,1.6328365802764893,0.4240853786468506,0.2747907642333966,1.4620894193649292,0.4240853786468506,0.3993146832107873,1.2593731880187988
Egfl8,0.0134927853941917,0.0235948543995618,0.8135936856269836,0.9888502385877284,0.5705181360244751,0.8135936856269836,0.3408601969365143,1.3051631450653076,0.8135936856269836,0.4520951357328985,1.1616063117980957
Ppt2,0.0638608559966087,0.1403932124376297,1.1926153898239136,0.0006384332761686,3.842987537384033,1.1926153898239136,3.182396449738228e-05,4.541549205780029,1.1926153898239136,0.0002904299738769,4.048702239990234
Prrt1,0.0601627454161644,0.0740669146180152,0.310100644826889,0.7078395833233766,0.933561623096466,0.310100644826889,0.4902524926061736,0.9630165696144104,0.310100644826889,0.626294395419821,0.8345019221305847
Fkbpl,0.0225456953048706,0.027345947921276,0.2819520235061645,0.9552663228027076,0.6263077855110168,0.2819520235061645,0.7511141897312184,0.572110116481781,0.2819520235061645,0.8294034211088385,0.4885284900665283
Atf6b,0.118750512599945,0.1178932562470436,-0.0110831279307603,0.5569553324220164,1.1355096101760864,-0.0110831279307603,1.0,-0.0491789244115352,-0.0110831279307603,1.0,-0.0412239357829093
C4b,0.003804717445746,0.0022914179135113,-0.73264080286026,0.9888502385877284,0.0682620257139206,-0.73264080286026,0.8204856998237741,-0.4726907312870025,-0.73264080286026,0.8995362063411247,-0.3852666318416595
Stk19,0.1524649113416671,0.2313731163740158,0.6604835987091064,0.0002934474069384,4.041649341583252,0.6604835987091064,0.0010619414515792,3.648221254348755,0.6604835987091064,0.0068280657960202,3.135037899017334
Dxo,0.081388272345066,0.1285623759031295,0.694199800491333,0.0100547705476582,3.028623104095459,0.694199800491333,0.0127256235505016,2.8701751232147217,0.694199800491333,0.0403486653881303,2.486878633499145
Skiv2l,0.1258624792098999,0.1719259768724441,0.4839911460876465,0.0073044265393094,3.1328086853027344,0.4839911460876465,0.0476690085417033,2.3586583137512207,0.4839911460876465,0.115842861754474,2.009973526000977
Nelfe,0.0786080285906791,0.1696555316448211,1.176895022392273,5.298899394181572e-05,4.455254554748535,1.176895022392273,3.164754456811737e-06,5.045058727264404,1.176895022392273,5.510675753810528e-05,4.457777976989746
Cfb,0.0,0.0015645534731447,20.578449249267575,0.9888502385877284,0.1678170263767242,20.578449249267575,0.4679991859106411,1.0,20.578449249267575,0.5282133287683867,1.0
C2,0.0034552973229438,0.0085741421207785,1.3148783445358276,0.9888502385877284,0.4040454626083374,1.3148783445358276,0.4679991859106411,1.0264486074447632,1.3148783445358276,0.5515641878117086,0.9501817226409912
Zbtb12,0.0205248221755027,0.0256286691874265,0.3240848481655121,0.90159389058754,0.6947191953659058,0.3240848481655121,0.6988874827507999,0.6446350812911987,0.3240848481655121,0.790600658195417,0.5445878505706787
Ehmt2,0.1206156834959983,0.2905766367912292,1.3952996730804443,2.0174725158134806e-10,6.7276930809021,1.3952996730804443,2.548847702918674e-12,7.454110622406006,1.3952996730804443,5.151976194988714e-10,6.661980152130127
Neu1,0.1448097378015518,0.1091545596718788,-0.4340502023696899,0.9888502385877284,0.2635630965232849,-0.4340502023696899,0.1001003833798843,-2.023530960083008,-0.4340502023696899,0.22435428799626,-1.6489239931106567
Hspa1b,0.0045689311809837,0.0050308061763644,0.139266550540924,0.9888502385877284,0.0354753397405147,0.139266550540924,1.0,0.0835757255554199,0.139266550540924,1.0,0.0770189613103866
Hspa1a,0.0023489391896873,0.0024047198239713,0.0338997282087802,0.9888502385877284,0.1014968156814575,0.0338997282087802,1.0,0.0190855730324983,0.0338997282087802,1.0,0.0165201649069786
Hspa1l,0.0,0.0,0.0,0.9888502385877284,0.1005259156227111,0.0,1.0,0.0,0.0,1.0,0.0
Lsm2,0.342746764421463,0.4013011157512665,0.2723928093910217,0.0685437955341671,2.305299758911133,0.2723928093910217,0.0962167032141382,2.0425703525543213,0.2723928093910217,0.1944064852218632,1.7358794212341309
Vars,0.2902406454086303,0.3226744830608368,0.1774193346500396,0.1920381996616821,1.810213327407837,0.1774193346500396,0.3881499543074129,1.2105915546417236,0.1774193346500396,0.5282133287683867,1.0228383541107178
Vwa7,0.0,0.0038527187425643,21.880226135253903,0.9888502385877284,0.3023992776870727,21.880226135253903,0.1924463763907974,1.674002766609192,21.880226135253903,0.2156991825649558,1.674002766609192
Sapcd1,0.0044295103289186,0.002559409243986,-0.7926859855651855,0.9888502385877284,0.1018702387809753,-0.7926859855651855,0.6939803702000447,-0.6518445611000061,-0.7926859855651855,0.8125901338557245,-0.512147068977356
Msh5,0.0069717220030725,0.0057362983934581,-0.2822870016098022,0.9888502385877284,0.202993631362915,-0.2822870016098022,0.9264278447287642,-0.3207474648952484,-0.2822870016098022,0.9817034939302464,-0.2596373260021209
Clic1,1.4261208772659302,2.2170369625091557,1.3710415363311768,1.1067275056291196e-101,21.631519317626957,1.3710415363311768,9.758439851630432e-117,25.94210624694824,1.3710415363311768,1.5179585934914269e-74,20.81504440307617
Ddah2,0.0035160812549293,0.0149870561435818,2.099963665008545,0.9209702505299352,0.6724631190299988,2.099963665008545,0.0863273104893186,2.0953516960144043,2.099963665008545,0.1284258385329404,1.956769585609436
Ly6g6c,0.0,0.0,0.0,0.9888502385877284,0.1005259156227111,0.0,1.0,0.0,0.0,1.0,0.0
Abhd16a,0.1433209031820297,0.1189817115664482,-0.2864499688148498,0.9888502385877284,0.5757461190223694,-0.2864499688148498,0.3172136233983988,-1.353144288063049,-0.2864499688148498,0.4831942630016596,-1.109171986579895
Ly6g5b,0.0082998517900705,0.0050139059312641,-0.729523241519928,0.9888502385877284,0.0688595026731491,-0.729523241519928,0.6189528816341174,-0.7616750597953796,-0.729523241519928,0.7447304152690284,-0.6103209257125854
Csnk2b,0.4914518296718597,1.075992226600647,1.6066491603851318,3.690751830684942e-47,14.688583374023438,1.6066491603851318,1.59550299813447e-63,18.382307052612305,1.6066491603851318,4.0663012300445465e-46,15.469460487365724
Gpank1,0.1219370290637016,0.1795330196619033,0.6007031202316284,0.0042354875127166,3.3027169704437256,0.6007031202316284,0.0129335978595986,2.8639838695526123,0.6007031202316284,0.041316285454431,2.476569175720215
D17H6S53E,0.0529490485787391,0.0686065703630447,0.3851509094238281,0.4332239224635554,1.3230434656143188,0.3851509094238281,0.4103368427491725,1.169306993484497,0.3851509094238281,0.5282133287683867,1.0045355558395386
Apom,0.0,0.0,0.0,0.9888502385877284,0.1005259156227111,0.0,1.0,0.0,0.0,1.0,0.0
Bag6,0.1728449016809463,0.2251981943845749,0.4207339882850647,0.0064627967706919,3.171719551086426,0.4207339882850647,0.0480908222745049,2.354933738708496,0.4207339882850647,0.1159130861256475,2.009639263153076
Prrc2a,0.3383276462554931,0.3609438240528106,0.1106161698698997,0.4624241754688571,1.2775603532791138,0.1106161698698997,0.5844140881058216,0.8140519857406616,0.1106161698698997,0.6928593435846117,0.68671715259552
Aif1,0.0035271702799946,0.0109810316935181,1.6438136100769043,0.9888502385877284,0.4037467241287231,1.6438136100769043,0.2730244530872857,1.466519474983215,1.6438136100769043,0.3496470829677435,1.355095386505127
Lst1,0.0256730914115905,0.0311979223042726,0.2851969301700592,0.8820644988136024,0.72100830078125,0.2851969301700592,0.7222253429793003,0.611920177936554,0.2851969301700592,0.808209186239813,0.5198051333427429
Ltb,2.114264965057373,0.9831053018569946,-2.1224145889282227,4.846323387401635e-104,-21.88298225402832,-2.1224145889282227,1.841794673833174e-110,-26.823850631713867,-2.1224145889282227,3.312847723165291e-94,-23.740232467651367
Tnf,0.0395458154380321,0.0344456173479557,-0.2029062509536743,0.9888502385877284,0.40703284740448,-0.2029062509536743,0.8003658116281908,-0.5011154413223267,-0.2029062509536743,0.8799481794295617,-0.4149468541145324
Lta,0.0278133135288953,0.0011122599244117,-4.663515567779541,0.952192654082454,-0.6298180222511292,-4.663515567779541,2.183291439648232e-05,-4.619491100311279,-4.663515567779541,0.0046569826727055,-3.2683117389678955
Nfkbil1,0.1538185030221939,0.174719899892807,0.1993047893047332,0.1109818095792316,2.0870702266693115,0.1993047893047332,0.4679991859106411,1.047514796257019,0.1993047893047332,0.5933951093691906,0.88624507188797
Gm16181,0.0012763369595631,0.0,-20.284500122070312,0.9888502385877284,0.0673658028244972,-20.284500122070312,0.4679991859106411,-1.0,-20.284500122070312,0.6832027011037286,-0.7008072733879089
Atp6v1g2,0.0104009052738547,0.0106142377480864,0.0294457133859395,0.9888502385877284,0.4016555547714233,0.0294457133859395,1.0,0.0409533716738224,0.0294457133859395,1.0,0.0339219383895397
Ddx39b,0.7679279446601868,0.8607858419418335,0.2406581789255142,0.1554963574669096,1.9211950302124023,0.2406581789255142,0.0265631056364477,2.5957181453704834,0.2406581789255142,0.0799302889175325,2.1867899894714355
H2-D1,2.852451801300049,3.18194317817688,0.4999444186687469,2.3559482863332056e-45,14.400598526000977,0.4999444186687469,1.044037930933847e-45,15.311996459960938,0.4999444186687469,1.8256175519598122e-34,13.11656665802002
H2-Q1,0.0,0.0,0.0,0.9888502385877284,0.1005259156227111,0.0,1.0,0.0,0.0,1.0,0.0
H2-Q2,0.0026010246947407,0.003329774364829,0.3568702042102813,0.9888502385877284,0.1684892028570175,0.3568702042102813,0.9809078263216,0.2439240664243698,0.3568702042102813,1.0,0.2067084461450576
H2-Q4,0.7381203770637512,0.432646632194519,-1.0123882293701172,3.6659049112556093e-13,-7.620551109313965,-1.0123882293701172,4.383646873747057e-18,-9.12756061553955,-1.0123882293701172,3.3955983517270934e-12,-7.439189434051514
H2-Q6,0.8372828364372253,0.8483981490135193,0.0281575247645378,0.9888502385877284,-0.3792500495910644,0.0281575247645378,0.9449260112843338,0.2947839200496673,0.0281575247645378,0.9890364619411228,0.2482319325208664
H2-Q7,2.2757697105407715,2.291031837463379,0.0245176497846841,0.9888502385877284,0.4854520261287689,0.0245176497846841,0.79180627485895,0.5133508443832397,0.0245176497846841,0.8600165717620316,0.4434749484062195
H2-Q10,0.1249606609344482,0.2214231491088867,0.8969225287437439,0.0002201586681631,4.11349630355835,0.8969225287437439,5.717092252434825e-05,4.403383731842041,0.8969225287437439,0.0005556971315049,3.8767690658569336
Pou5f1,0.0164534915238618,0.0182178318500518,0.1482340991497039,0.9888502385877284,0.4331725835800171,0.1482340991497039,0.9771751887586618,0.2489367574453354,0.1482340991497039,1.0,0.209904745221138
Tcf19,0.0181319564580917,0.0801240727305412,2.1887853145599365,0.0055193357606777,3.221086263656616,2.1887853145599365,2.3284835031388124e-06,5.122539043426514,2.1887853145599365,1.341190281812658e-05,4.785001754760742
Cchcr1,0.0141153205186128,0.0472904331982135,1.7683396339416504,0.1524007820275226,1.9313522577285769,1.7683396339416504,0.0011738555694389,3.624967336654663,1.7683396339416504,0.0040073061519322,3.306609869003296
Psors1c2,0.0020953170023858,0.0,-21.0002498626709,0.9888502385877284,0.0342056974768638,-21.0002498626709,0.2942789202292576,-1.4123718738555908,-21.0002498626709,0.5299909986835808,-0.9898004531860352
Mucl3,0.0,0.0,0.0,0.9888502385877284,0.1005259156227111,0.0,1.0,0.0,0.0,1.0,0.0
Vars2,0.0380468852818012,0.0266029257327318,-0.5244927406311035,0.9888502385877284,0.3078512847423553,-0.5244927406311035,0.3625932672888687,-1.2599824666976929,-0.5244927406311035,0.5282133287683867,-1.0157036781311035
Gtf2h4,0.0683916881680488,0.082275740802288,0.276787132024765,0.2388893058898222,1.6902692317962646,0.276787132024765,0.4679991859106411,1.0057919025421145,0.276787132024765,0.6152289365147372,0.8511494398117065
Ddr1,0.006503751501441,0.0120469257235527,0.8933255672454834,0.9888502385877284,0.4041948318481445,0.8933255672454834,0.4739249072538569,0.9891414046287536,0.8933255672454834,0.603358101968157,0.870426595211029
Ier3,0.0655746236443519,0.0738601759076118,0.1777056157588958,0.6916813112765647,0.955668330192566,0.1777056157588958,0.8010472242952243,0.5002349019050598,0.1777056157588958,0.8719487567590867,0.4262664318084717
Flot1,0.1690232008695602,0.1930603981018066,0.2096931934356689,0.1410748649481859,1.970263123512268,0.2096931934356689,0.4501290976878144,1.1021498441696167,0.2096931934356689,0.5608409701603061,0.9357666969299316
Tubb5,1.8388595581054688,1.4161332845687866,-0.7610142230987549,5.676615717971359e-29,-11.468244552612305,-0.7610142230987549,3.004165041375737e-24,-10.809613227844238,-0.7610142230987549,5.327126993613431e-19,-9.464842796325684
Mdc1,0.1124435290694236,0.0565211810171604,-1.033244252204895,0.808573147780994,-0.8099580407142639,-1.033244252204895,0.0005174517353882,-3.84222674369812,-1.033244252204895,0.008890499389285,-3.048623561859131
Nrm,0.0780540704727172,0.2321687787771225,1.686671257019043,1.1808942436189722e-09,6.453300476074219,1.686671257019043,2.622569148678303e-12,7.462555885314941,1.686671257019043,2.4762913757663424e-10,6.785020351409912
Ppp1r18,0.6458700895309448,1.0318063497543335,0.9927001595497132,8.081043514041623e-19,9.187366485595703,0.9927001595497132,8.292669369162464e-26,11.107120513916016,0.9927001595497132,1.7599648720498392e-18,9.326377868652344
Dhx16,0.1336717903614044,0.1827116459608078,0.4871807396411896,0.0073078801676518,3.13250994682312,0.4871807396411896,0.0371434300316686,2.4617486000061035,0.4871807396411896,0.0943739116414713,2.109458446502685
2310061I04Rik,0.0807803496718406,0.1693964451551437,1.133582353591919,7.555348754192546e-05,4.371233940124512,1.133582353591919,8.270067382373187e-06,4.840627193450928,1.133582353591919,0.0001183497619892,4.273379325866699
Atat1,0.0234143957495689,0.0115382820367813,-1.0295592546463013,0.9994412017932364,-0.0025392875541001,-1.0295592546463013,0.1775807214917666,-1.7194806337356567,-1.0295592546463013,0.3526194327006838,-1.348487377166748
Mrps18b,0.2398762851953506,0.1956230849027633,-0.3272935152053833,0.9888502385877284,0.1625144034624099,-0.3272935152053833,0.1039924776360092,-2.005162000656128,-0.3272935152053833,0.2256349206241195,-1.6449891328811646
Ppp1r10,0.3215152025222778,0.2704872786998749,-0.2879484891891479,0.9888502385877284,-0.2412323206663131,-0.2879484891891479,0.13218621201417,-1.883686900138855,-0.2879484891891479,0.2587778054186188,-1.5629099607467651
Abcf1,0.3896866142749786,0.628454864025116,0.876276969909668,7.539509575304423e-11,6.874672889709473,0.876276969909668,2.530885675281106e-12,7.42800235748291,0.876276969909668,2.9777894432462983e-09,6.36851167678833
Prr3,0.1007717475295066,0.0880469009280204,-0.2040704041719436,0.94271738774624,0.6446803212165833,-0.2040704041719436,0.5936109457256307,-0.7996101975440979,-0.2040704041719436,0.7087655139769135,-0.6633087992668152
Gnl1,0.1710716336965561,0.1549451500177383,-0.15479177236557,0.4797593038565256,1.2491800785064695,-0.15479177236557,0.5944131466711676,-0.7980444431304932,-0.15479177236557,0.7137175604679883,-0.6563912034034729
H2-T24,0.0416080243885517,0.0688618719577789,0.7466840147972107,0.357768298023528,1.449335694313049,0.7466840147972107,0.0849987103919627,2.101501226425171,0.7466840147972107,0.1570277410080529,1.852205753326416
H2-T23,1.2107975482940674,1.5677082538604736,0.6879074573516846,1.8402051402294564e-16,8.57002067565918,0.6879074573516846,4.047831502613376e-22,10.188446044921877,0.6879074573516846,3.672321802895375e-15,8.378911972045898
H2-T22,0.8352747559547424,0.8676068782806396,0.081383615732193,0.9888502385877284,-0.2333904057741165,0.081383615732193,0.5285118930163832,0.9001441597938538,0.081383615732193,0.6832027011037286,0.750064492225647
Gm6034,0.0011097042588517,0.0020267616491764,0.869662344455719,0.9888502385877284,0.1345822364091873,0.869662344455719,0.8737554314261361,0.3968790471553802,0.869662344455719,0.9187603143104832,0.3565557599067688
Gm11127,0.0,0.0,0.0,0.9888502385877284,0.1005259156227111,0.0,1.0,0.0,0.0,1.0,0.0
Gm19684,0.003603397635743,0.0061972853727638,0.784151017665863,0.9888502385877284,0.269612580537796,0.784151017665863,0.693603690478076,0.6524884104728699,0.784151017665863,0.7686756300371465,0.5753206014633179
Gm8909,0.0,0.0006815261440351,19.37890243530273,0.9888502385877284,0.1678170263767242,19.37890243530273,0.4679991859106411,1.0,19.37890243530273,0.5282133287683867,1.0
Rpp21,0.4172741770744324,0.5510063171386719,0.5052937269210815,0.0003132393261059,4.025069713592529,0.5052937269210815,8.266317606161305e-05,4.311124324798584,0.5052937269210815,0.0012710964623346,3.6480519771575928
Trim39,0.1184993833303451,0.0957803949713707,-0.323758453130722,0.9888502385877284,0.4156216084957123,-0.323758453130722,0.3279611274803471,-1.3304957151412964,-0.323758453130722,0.4903867352726274,-1.0975276231765747
Trim26,0.3214767575263977,0.3683767914772033,0.232239693403244,0.037659295955838,2.5507891178131104,0.232239693403244,0.1859917807074504,1.6911414861679075,0.232239693403244,0.3211674889532793,1.4215182065963743
Trim10,0.0,0.0,0.0,0.9888502385877284,0.1005259156227111,0.0,1.0,0.0,0.0,1.0,0.0
Rnf39,0.0,0.0,0.0,0.9888502385877284,0.1005259156227111,0.0,1.0,0.0,0.0,1.0,0.0
Ppp1r11,0.3684887588024139,0.4924464225769043,0.514157772064209,0.0001820961128493,4.160398483276367,0.514157772064209,0.0001813747359381,4.118165493011475,0.514157772064209,0.0021406631744805,3.4959864616394043
Znrd1,0.4154587984085083,0.4779701232910156,0.2506534159183502,0.2369591523416196,1.6948997974395752,0.2506534159183502,0.072915327333779,2.170936107635498,0.2506534159183502,0.1670191529536009,1.8193198442459104
Znrd1as,0.0396549627184867,0.024888040497899,-0.6827577948570251,0.9888502385877284,-0.0463793389499187,-0.6827577948570251,0.2331713742661808,-1.5595362186431885,-0.6827577948570251,0.3987898692618667,-1.2607861757278442
Gabbr1,0.1143970713019371,0.1289813965559005,0.183846578001976,0.312602122700393,1.5323106050491333,0.183846578001976,0.598213237634612,0.7926721572875977,0.183846578001976,0.7026021180265729,0.6728684306144714
Olfr90,0.0,0.0,0.0,0.9888502385877284,0.1005259156227111,0.0,1.0,0.0,0.0,1.0,0.0
Ubd,0.0,0.0070237223990261,22.74887466430664,0.9888502385877284,0.3023992776870727,22.74887466430664,0.1931426716286169,1.6720582246780396,22.74887466430664,0.2164686427792534,1.6720582246780396
Olfr95,0.0,0.0,0.0,0.9888502385877284,0.1005259156227111,0.0,1.0,0.0,0.0,1.0,0.0
H2-M3,0.3591712117195129,0.4108640849590301,0.2336650043725967,0.0588307557387677,2.3703501224517822,0.2336650043725967,0.155722120326234,1.7962896823883057,0.2336650043725967,0.2802814908605254,1.5108603239059448
Olfr99,0.0,0.0,0.0,0.9888502385877284,0.1005259156227111,0.0,1.0,0.0,0.0,1.0,0.0
Olfr107,0.0010771063389256,0.0,-20.039506912231445,0.9888502385877284,0.0673658028244972,-20.039506912231445,0.4679991859106411,-1.0,-20.039506912231445,0.6832027011037286,-0.7008072733879089
Crisp3,0.0,0.0,0.0,0.9888502385877284,0.1005259156227111,0.0,1.0,0.0,0.0,1.0,0.0
9130008F23Rik,0.0,0.0,0.0,0.9888502385877284,0.1005259156227111,0.0,1.0,0.0,0.0,1.0,0.0
Cenpq,0.1754140555858612,0.2170561850070953,0.3383244574069977,0.0209895354225776,2.771333694458008,0.3383244574069977,0.148673001266347,1.8220738172531128,0.3383244574069977,0.2596524005113548,1.560001015663147
Mmut,0.0903220921754837,0.0597388111054897,-0.6187475919723511,0.9964646397419088,-0.0183724928647279,-0.6187475919723511,0.0679228224983172,-2.201744318008423,-0.6187475919723511,0.181602092693795,-1.7744629383087158
Cd2ap,0.5359489917755127,0.1444435864686966,-2.1899726390838623,4.187565539532927e-20,-9.507018089294434,-2.1899726390838623,1.91283025812925e-45,-14.980807304382324,-2.1899726390838623,6.1891326246025605e-27,-11.58631992340088
Tnfrsf21,0.0025649704039096,0.0165553893893957,2.70039439201355,0.7279097083062606,0.9070484638214112,2.70039439201355,0.0166922857977984,2.7764487266540527,2.70039439201355,0.0304182886801084,2.602404356002808
Pla2g7,0.0,0.0006399056292138,19.2879638671875,0.9888502385877284,0.1678170263767242,19.2879638671875,0.4679991859106411,1.0,19.2879638671875,0.5282133287683867,1.0
Slc25a27,0.0730107501149177,0.0271953642368316,-1.4580730199813845,0.8286537184638537,-0.7853866815567017,-1.4580730199813845,0.0002301367813271,-4.052707195281982,-1.4580730199813845,0.0070899827201397,-3.1255221366882324
Cyp39a1,0.0031935062725096,0.0,-21.6090145111084,0.9994412017932364,0.0010455889860168,-21.6090145111084,0.1789637765028983,-1.7153373956680298,-21.6090145111084,0.4293046189733371,-1.2021209001541138
Enpp5,0.0135519709438085,0.0101450840011239,-0.4201841950416565,0.9888502385877284,0.2012012004852295,-0.4201841950416565,0.7002381655964761,-0.6426705121994019,-0.4201841950416565,0.8095542491951423,-0.5179095268249512
Enpp4,0.0698865726590156,0.0919552892446518,0.4120511412620544,0.1593594806139253,1.908050537109375,0.4120511412620544,0.2738602374791008,1.464091420173645,0.4120511412620544,0.4044707322689336,1.2501263618469238
Clic5,0.0020085331052541,0.0049486914649605,1.30302631855011,0.9888502385877284,0.2357803136110305,1.30302631855011,0.5204306422355167,0.9134084582328796,1.30302631855011,0.6280180506214589,0.8318800926208496
Runx2,0.0434702858328819,0.5613439083099365,4.083128929138184,8.937303851343228e-58,16.27280044555664,4.083128929138184,4.227534679847629e-62,19.53334045410156,4.083128929138184,2.9338625778532806e-60,18.865087509155277
Supt3,0.0747984051704406,0.0634259656071662,-0.2462320178747177,0.7877158363921657,0.833185076713562,-0.2462320178747177,0.548881460937505,-0.8684619069099426,-0.2462320178747177,0.6832027011037286,-0.7092087864875793
Cdc5l,0.4238639175891876,0.563968300819397,0.5213620662689209,0.0001181652787973,4.265928268432617,0.5213620662689209,5.660652252690029e-05,4.400943756103516,0.5213620662689209,0.0009290039103338,3.736171245574951
Spats1,0.002000619424507,0.0,-20.933460235595703,0.9888502385877284,0.0342056974768638,-20.933460235595703,0.2942789202292576,-1.4143223762512207,-20.933460235595703,0.5299909986835808,-0.9911673665046692
Aars2,0.0283652897924184,0.0163407977670431,-0.8043542504310608,0.9994412017932364,-0.0055266846902668,-0.8043542504310608,0.2248966464990356,-1.5816774368286133,-0.8043542504310608,0.3976770031782299,-1.2630529403686523
Tmem151b,0.0,0.0,0.0,0.9888502385877284,0.1005259156227111,0.0,1.0,0.0,0.0,1.0,0.0
Nfkbie,0.1130433678627014,0.0781044512987136,-0.5590039491653442,0.9888502385877284,0.0917130932211875,-0.5590039491653442,0.0676140490328164,-2.204156875610352,-0.5590039491653442,0.1793209177067377,-1.7811782360076904
Slc35b2,0.06653892993927,0.1882932782173156,1.5904024839401243,9.371913463694368e-07,5.297700881958008,1.5904024839401243,9.574459901514722e-10,6.543578147888184,1.5904024839401243,3.847238539250118e-08,5.931638717651367
Hsp90ab1,2.7172248363494877,2.5998942852020264,-0.1820321530103683,8.953825530489968e-05,-4.331725597381592,-0.1820321530103683,0.0001246269542402,-4.214510917663574,-0.1820321530103683,0.0012082968316658,-3.662386894226074
Slc29a1,0.087735429406166,0.182321086525917,1.125014066696167,2.254309893443041e-05,4.647120475769043,1.125014066696167,4.870615728176009e-06,4.954432010650635,1.125014066696167,7.7652716695308e-05,4.375376224517822
Capn11,0.0333651341497898,0.0,-25.01597213745117,0.7921909882612643,-0.8279570937156677,-25.01597213745117,8.96448874327765e-07,-5.295402050018311,-25.01597213745117,0.0010770521095641,-3.7110562324523926
Tmem63b,0.0580031685531139,0.0222808178514242,-1.4062702655792236,0.9888502385877284,-0.4948623180389404,-1.4062702655792236,0.0016472602793593,-3.5188586711883545,-1.4062702655792236,0.0233540649786099,-2.706167697906494
Mrpl14,0.284779816865921,0.4510477483272552,0.7907070517539978,1.4429512537323113e-07,5.646703243255615,0.7907070517539978,3.036516752913672e-08,5.930014610290527,0.7907070517539978,3.0586372179382114e-06,5.091365337371826
Vegfa,0.0022900637704879,0.0023619590792804,0.0446480736136436,0.9888502385877284,0.1014968156814575,0.0446480736136436,1.0,0.0251068752259016,0.0446480736136436,1.0,0.0217606015503406
Mrps18a,0.2467118203639984,0.3164860904216766,0.4120059609413147,0.0016124075088477,3.5879385471343994,0.4120059609413147,0.0140979574305365,2.833465099334717,0.4120059609413147,0.0504939896618982,2.3911736011505127
Rsph9,0.0033552588429301,0.0098881628364324,1.5639958381652832,0.9888502385877284,0.4034479856491089,1.5639958381652832,0.2758140328961457,1.4601119756698608,1.5639958381652832,0.3593150950284992,1.3352850675582886
Mad2l1bp,0.1309109330177307,0.1578642576932907,0.2900093495845794,0.0555601398430226,2.3940253257751465,0.2900093495845794,0.2952639131729832,1.405313491821289,0.2900093495845794,0.4337061066667773,1.192597508430481
Gtpbp2,0.3696174025535583,0.3121039569377899,-0.2878457605838775,0.9337220409767686,-0.654837429523468,-0.2878457605838775,0.0889037298370039,-2.079551935195923,-0.2878457605838775,0.1978274204059644,-1.7244008779525757
Polh,0.031233387067914,0.0503363087773323,0.7023838758468628,0.2528746273237364,1.6584534645080566,0.7023838758468628,0.1361411324636902,1.8682361841201784,0.7023838758468628,0.2379049840467255,1.6136449575424194
Xpo5,0.088981419801712,0.0827674195170402,-0.1089878529310226,0.7394331238418077,0.8918127417564392,-0.1089878529310226,0.8650436975392672,-0.4099994897842407,-0.1089878529310226,0.9291277268517234,-0.3412907421588897
Polr1c,0.1413684636354446,0.185479536652565,0.4244853854179382,0.0214082211022288,2.763641119003296,0.4244853854179382,0.070523076099469,2.186364889144897,0.4244853854179382,0.1518418158403919,1.8698703050613403
Yipf3,0.2614921629428863,0.4200059175491333,0.8044660687446594,8.811849850444212e-08,5.734159469604492,0.8044660687446594,7.49817298165063e-08,5.768574237823486,0.8044660687446594,5.321697247617806e-06,4.975389003753662
Lrrc73,0.0034798346459865,0.0052084270864725,0.5830765962600708,0.9888502385877284,0.2693138420581817,0.5830765962600708,0.7992539421992408,0.5026758909225464,0.5830765962600708,0.8678060698494402,0.4318747222423553
Tjap1,0.0259485505521297,0.0695597827434539,1.4543087482452393,0.0367177942078387,2.560946226119995,1.4543087482452393,0.0005510631116969,3.835276365280152,1.4543087482452393,0.0024587318995384,3.45534610748291
Dlk2,0.0,0.0,0.0,0.9888502385877284,0.1005259156227111,0.0,1.0,0.0,0.0,1.0,0.0
Abcc10,0.0100395688787102,0.0066667404025793,-0.5930801630020142,0.9888502385877284,0.1351797133684158,-0.5930801630020142,0.637853086609905,-0.7332504391670227,-0.5930801630020142,0.7591194961167091,-0.5895758867263794
Zfp318,0.2207451611757278,0.1902845352888107,-0.2369481325149536,0.9888502385877284,0.5559545755386353,-0.2369481325149536,0.3458053184101095,-1.294097661972046,-0.2369481325149536,0.5057191900427158,-1.0725409984588623
Crip3,0.000955962575972,0.0,-19.867284774780277,0.9888502385877284,0.0673658028244972,-19.867284774780277,0.4679991859106411,-1.0,-19.867284774780277,0.6832027011037286,-0.7008072733879089
Ttbk1,0.0010086804395541,0.0008982903091236,-0.1672950536012649,0.9888502385877284,0.1345822364091873,-0.1672950536012649,1.0,-0.081728771328926,-0.1672950536012649,1.0,-0.0650644749402999
Dnph1,0.0005408413126133,0.0,-19.045238494873047,0.9888502385877284,0.0673658028244972,-19.045238494873047,0.4679991859106411,-1.0,-19.045238494873047,0.6832027011037286,-0.7008072733879089
Cul9,0.0430323518812656,0.0109516801312565,-1.9975148439407349,0.8711284579107376,-0.7335553765296936,-1.9975148439407349,0.0005504624117242,-3.825603008270264,-1.9975148439407349,0.0133869574391547,-2.910562753677368
Srf,0.0453299470245838,0.0806138589978218,0.8562828302383423,0.068461372908568,2.3062705993652344,0.8562828302383423,0.0211234334049689,2.685624361038208,0.8562828302383423,0.0547275155066181,2.3571319580078125
Klc4,0.0237360429018735,0.0370145514607429,0.6506399512290955,0.79596292721157,0.8241481781005859,0.6506399512290955,0.3079665456213717,1.374439001083374,0.6506399512290955,0.430318327380338,1.1992065906524658
Mrpl2,0.1929311454296112,0.2199088782072067,0.2089488208293914,0.0558535088708078,2.392008781433105,0.2089488208293914,0.3738593232593286,1.2378008365631104,0.2089488208293914,0.5261482862652275,1.040256381034851
Cul7,0.0167175009846687,0.0063561405986547,-1.4026247262954712,0.9888502385877284,-0.1644562184810638,-1.4026247262954712,0.1216842767405484,-1.9254190921783447,-1.4026247262954712,0.2844374908604827,-1.501867175102234
Rrp36,0.0960540622472763,0.1495931148529052,0.6785359382629395,0.0080010218017644,3.103756189346313,0.6785359382629395,0.0096978672571925,2.9655377864837646,0.6785359382629395,0.0330029790553729,2.5693695545196533
Klhdc3,0.0896529555320739,0.0864519104361534,-0.0547959245741367,0.6432188105634744,1.019747972488403,-0.0547959245741367,1.0,-0.2113164067268371,-0.0547959245741367,1.0,-0.1765563935041427
Mea1,0.1869068294763565,0.346854031085968,1.012512445449829,8.695895020546561e-09,6.131707191467285,1.012512445449829,2.092076937583145e-09,6.3965911865234375,1.012512445449829,2.40689211836202e-07,5.591477394104004
Ppp2r5d,0.0753857120871543,0.0546106211841106,-0.4802579581737518,0.9888502385877284,0.3651346266269684,-0.4802579581737518,0.2039334311569957,-1.6373521089553833,-0.4802579581737518,0.3640618531188566,-1.325080394744873
Pex6,0.089662954211235,0.0707560926675796,-0.3554781079292297,0.9888502385877284,0.4383258521556854,-0.3554781079292297,0.3306556439254037,-1.32515549659729,-0.3554781079292297,0.4966742925124442,-1.0875853300094604
Gnmt,0.003415604121983,0.0,-21.706174850463867,0.9994412017932364,0.0010455889860168,-21.706174850463867,0.1749935190420283,-1.7339420318603516,-21.706174850463867,0.4247033279437463,-1.2151591777801514
Cnpy3,0.1169663146138191,0.1204600557684898,0.0450316630303859,0.544437230038803,1.15455424785614,0.0450316630303859,1.0,0.1988181918859481,0.0450316630303859,1.0,0.1676970869302749
Ptcra,0.0023748783860355,0.0027647777460515,0.2195912450551986,0.9888502385877284,0.1684892028570175,0.2195912450551986,1.0,0.151267722249031,0.2195912450551986,1.0,0.1260866373777389
2310039H08Rik,0.2311976850032806,0.2348302900791168,0.025213785469532,0.3536275417043887,1.456878900527954,0.025213785469532,1.0,0.152516171336174,0.025213785469532,1.0,0.1281682252883911
Rpl7l1,0.2592426240444183,0.3124732375144958,0.3096542954444885,0.0242171745647308,2.71875548362732,0.3096542954444885,0.0869565402749516,2.0901403427124023,0.3096542954444885,0.1820629354115529,1.7726460695266724
Bicral,0.0502748601138591,0.1286718100309372,1.4131813049316406,0.0029983234174683,3.407275676727295,1.4131813049316406,6.076308460105698e-06,4.912018775939941,1.4131813049316406,5.873034656387989e-05,4.444363594055176
Tbcc,0.123756319284439,0.1752892285585403,0.540334165096283,0.007920897552734,3.106818199157715,0.540334165096283,0.0245479867419978,2.627138376235962,0.540334165096283,0.0685410804640795,2.2567813396453857
Ubr2,0.2699850499629974,0.31572026014328,0.2603662312030792,0.0232317681737213,2.7340657711029053,0.2603662312030792,0.1696422016827251,1.750962734222412,0.2603662312030792,0.2938091241737333,1.4808073043823242
Mrps10,0.1762988716363906,0.2095067799091339,0.2736977040767669,0.0709776939187302,2.2900638580322266,0.2736977040767669,0.252880689925261,1.5113416910171509,0.2736977040767669,0.3855169914194982,1.284727692604065
Guca1b,0.011038108728826,0.0026389518752694,-2.070521354675293,0.9888502385877284,-0.0979866236448288,-2.070521354675293,0.0875946142722433,-2.085991382598877,-2.070521354675293,0.2585380575585913,-1.5642414093017578
Taf8,0.0851676762104034,0.0952461212873458,0.168733537197113,0.3680158976289391,1.4306644201278689,0.168733537197113,0.6989607934085842,0.6444025039672852,0.168733537197113,0.790600658195417,0.5444611310958862
Ccnd3,0.7483254075050354,0.9098348617553712,0.4143590331077575,0.0053093909878112,3.2330358028411865,0.4143590331077575,3.840776571461927e-05,4.490322589874268,0.4143590331077575,0.0007678336918883,3.788507699966431
Bysl,0.0749047696590423,0.1432231068611145,0.9853116273880004,0.0009880409081804,3.723939895629883,0.9853116273880004,0.0002050626194508,4.090590476989746,0.9853116273880004,0.0015152369814663,3.5970256328582764
Med20,0.0917566269636154,0.1592149287462234,0.8447695970535278,0.0021676167717783,3.5024991035461426,0.8447695970535278,0.0008601206733871,3.7092559337615967,0.8447695970535278,0.0050444300930807,3.233100414276123
Gm20517,0.001223022583872,0.0061375186778604,2.330750703811645,0.9888502385877284,0.4034479856491089,2.330750703811645,0.216022098485609,1.6056373119354248,2.330750703811645,0.2910156715610896,1.4873197078704834
Usp49,0.0086230877786874,0.0097259487956762,0.174431174993515,0.9888502385877284,0.269612580537796,0.174431174993515,1.0,0.2064291387796402,0.174431174993515,1.0,0.1744967252016067
Tomm6,0.0754406824707984,0.1315658539533615,0.8435544967651367,0.0055193357606777,3.221160888671875,0.8435544967651367,0.0024179570999192,3.41104507446289,0.8435544967651367,0.0109932474188089,2.9747323989868164
Gm21981,0.0,0.0,0.0,0.9888502385877284,0.1005259156227111,0.0,1.0,0.0,0.0,1.0,0.0
Prickle4,0.0,0.0,0.0,0.9888502385877284,0.1005259156227111,0.0,1.0,0.0,0.0,1.0,0.0
Frs3,0.003468801267445,0.0017468298319727,-0.990940511226654,0.9888502385877284,0.0681126564741134,-0.990940511226654,0.6963756033222606,-0.6481322050094604,-0.990940511226654,0.8117456275689179,-0.5142913460731506
Tfeb,0.0256446413695812,0.0733089670538902,1.54999840259552,0.0330163245844988,2.602844476699829,1.54999840259552,0.0003043503980429,3.992899894714356,1.54999840259552,0.0014153892151366,3.6185243129730233
Mdfi,0.0,0.0,0.0,0.9888502385877284,0.1005259156227111,0.0,1.0,0.0,0.0,1.0,0.0
Foxp4,0.0791723504662513,0.1707199811935424,1.1759757995605469,6.65625219019618e-05,4.401406764984131,1.1759757995605469,6.910135063409712e-06,4.880348205566406,1.1759757995605469,9.498069429605025e-05,4.327893257141113
A530064D06Rik,0.0,0.0,0.0,0.9888502385877284,0.1005259156227111,0.0,1.0,0.0,0.0,1.0,0.0
Trem1,0.0010953084565699,0.0,-20.063697814941406,0.9888502385877284,0.0673658028244972,-20.063697814941406,0.4679991859106411,-1.0,-20.063697814941406,0.6832027011037286,-0.7008072733879089
Trem3,0.0,0.0015645534731447,20.578449249267575,0.9888502385877284,0.1678170263767242,20.578449249267575,0.4679991859106411,1.0,20.578449249267575,0.5282133287683867,1.0
Treml4,0.0,0.0016604822594672,20.664369583129883,0.9888502385877284,0.1678170263767242,20.664369583129883,0.4679991859106411,1.0,20.664369583129883,0.5282133287683867,1.0
Treml2,0.3363938331604004,0.0071701067499816,-5.796289920806885,4.282611755110945e-16,-8.469943046569824,-5.796289920806885,2.961378690014505e-61,-18.038833618164062,-5.796289920806885,1.1946108740863211e-30,-12.769920349121094
B430306N03Rik,0.0404904894530773,0.0,-25.300386428833008,0.5880870178451285,-1.0932379961013794,-25.300386428833008,1.4429805040132992e-08,-6.061434268951416,-25.300386428833008,0.0001435909688739,-4.247897148132324
Trem2,0.0,0.0,0.0,0.9888502385877284,0.1005259156227111,0.0,1.0,0.0,0.0,1.0,0.0
Treml1,0.0021833241917192,0.0,-21.05967140197754,0.9888502385877284,0.0342056974768638,-21.05967140197754,0.3611686840574073,-1.2630107402801514,-21.05967140197754,0.5940307124620446,-0.885127067565918
Nfya,0.0875108018517494,0.0539761632680892,-0.7216141819953918,0.9888502385877284,-0.0442881621420383,-0.7216141819953918,0.0338578203790781,-2.498422384262085,-0.7216141819953918,0.1185045456413359,-1.9994817972183228
Oard1,0.2477109432220459,0.3783721625804901,0.7103093862533569,8.241338758082691e-06,4.860495090484619,0.7103093862533569,1.1946939973120257e-05,4.756507396697998,0.7103093862533569,0.0002263001687184,4.111063003540039
Apobec2,0.0067428210750222,0.1901016682386398,4.951709270477295,5.628716123569957e-08,5.81227970123291,4.951709270477295,4.360089709373777e-17,9.082778930664062,4.951709270477295,9.844045557248677e-17,8.996624946594238
Tspo2,0.0,0.0,0.0,0.9888502385877284,0.1005259156227111,0.0,1.0,0.0,0.0,1.0,0.0
Unc5cl,0.0520388185977935,0.0202084966003894,-1.387724995613098,0.9888502385877284,-0.485601395368576,-1.387724995613098,0.0039972101989883,-3.252962112426758,-1.387724995613098,0.0377324406519724,-2.5160701274871826
Mocs1,0.0229867883026599,0.016531566157937,-0.4802531003952026,0.9888502385877284,0.2276396602392196,-0.4802531003952026,0.5244604995811862,-0.9066520929336548,-0.4802531003952026,0.6832027011037286,-0.7304407358169556
Rftn1,0.1760068982839584,0.1722829937934875,-0.0336161889135837,0.4423497820867281,1.308479905128479,-0.0336161889135837,1.0,-0.1755128651857376,-0.0336161889135837,1.0,-0.1470480263233184
Dazl,0.0,0.0,0.0,0.9888502385877284,0.1005259156227111,0.0,1.0,0.0,0.0,1.0,0.0
Plcl2,0.1875937581062317,0.2685649394989013,0.5782859921455383,0.0009035387725556,3.748361825942993,0.5782859921455383,0.0026267658315956,3.385676622390747,0.5782859921455383,0.0131188714236854,2.9143171310424805
Tbc1d5,0.1153707653284072,0.0751546621322631,-0.6478135585784912,0.9888502385877284,-0.1803641021251678,-0.6478135585784912,0.0327680200538195,-2.511741876602173,-0.6478135585784912,0.1101921614497211,-2.035605430603028
Satb1,1.5918134450912476,0.7956253886222839,-1.6862084865570068,4.1443339800920443e-75,-18.57630729675293,-1.6862084865570068,6.102163106154129e-83,-21.514345169067383,-1.6862084865570068,2.3714522779587312e-60,-18.0808219909668
Efhb,0.0,0.0,0.0,0.9888502385877284,0.1005259156227111,0.0,1.0,0.0,0.0,1.0,0.0
Rab5a,0.3930840790271759,0.5241052508354187,0.516728401184082,0.0002241828327,4.108866214752197,0.516728401184082,9.63106289651726e-05,4.274736404418945,0.516728401184082,0.0013866711842746,3.623208284378052
Pp2d1,0.0010745108593255,0.0,-20.03602600097656,0.9888502385877284,0.0673658028244972,-20.03602600097656,0.4679991859106411,-1.0,-20.03602600097656,0.6832027011037286,-0.7008072733879089
Kat2b,0.1337675899267196,0.12393219769001,-0.1174246817827224,0.9141105776748368,0.6809771656990051,-0.1174246817827224,0.7842099321535823,-0.523934543132782,-0.1174246817827224,0.8628794438480708,-0.43872931599617
Sgo1,0.009567386470735,0.043191660195589,2.198917388916016,0.1000463076685058,2.135540723800659,2.198917388916016,0.0001329575407023,4.206991672515869,2.198917388916016,0.0005275697379835,3.893999814987183
Pot1b,0.083326444029808,0.1253902465105056,0.6204491257667542,0.0643059975046501,2.3328583240509038,0.6204491257667542,0.0407953207957403,2.423598051071167,0.6204491257667542,0.0919152960775526,2.122146844863892
Adgre4,0.0,0.0,0.0,0.9888502385877284,0.1005259156227111,0.0,1.0,0.0,0.0,1.0,0.0
Zfp119a,0.0269632618874311,0.0220145359635353,-0.2961229681968689,0.9888502385877284,0.3247300684452057,-0.2961229681968689,0.7251019110364167,-0.6072725057601929,-0.2961229681968689,0.824413100096285,-0.4955858588218689
Zfp959,0.0656254887580871,0.0491672903299331,-0.4285429716110229,0.9888502385877284,0.381789356470108,-0.4285429716110229,0.3291890726758745,-1.3280150890350342,-0.4285429716110229,0.5015065596794992,-1.0795732736587524
Zfp119b,0.0194308999925851,0.0098173841834068,-0.991893708705902,0.9888502385877284,-0.0636315569281578,-0.991893708705902,0.2531786849863324,-1.5102814435958862,-0.991893708705902,0.4285355865742375,-1.2031227350234983
Ebi3,0.0,0.0006399056292138,19.2879638671875,0.9888502385877284,0.1678170263767242,19.2879638671875,0.4679991859106411,1.0,19.2879638671875,0.5282133287683867,1.0
Yju2,0.1125859841704368,0.1232940107583999,0.1389514207839965,0.2434168765461751,1.68011212348938,0.1389514207839965,0.711360827450689,0.6274697184562683,0.1389514207839965,0.8028981788739502,0.5279048681259155
Shd,0.0015928975772112,0.0009658070630393,-0.7222983241081238,0.9888502385877284,0.1345822364091873,-0.7222983241081238,0.9149933914886894,-0.3366346359252929,-0.7222983241081238,0.9856663973907192,-0.2539208531379699
Stap2,0.0022032391279935,0.0018499618163332,-0.2523852288722992,0.9888502385877284,0.1684892028570175,-0.2523852288722992,1.0,-0.1732526570558548,-0.2523852288722992,1.0,-0.1367779523134231
Mpnd,0.230641022324562,0.2440357357263565,0.09148720651865,0.2865222044664522,1.5847394466400146,0.09148720651865,0.7617474304418744,0.5565088987350464,0.09148720651865,0.8420196715790217,0.4701821506023407
Sh3gl1,0.4328788816928863,0.3130369782447815,-0.5594387650489807,0.0131330223732628,-2.93810510635376,-0.5594387650489807,7.439719409549014e-05,-4.33283805847168,-0.5594387650489807,0.00174520158675,-3.5574467182159424
Chaf1a,0.0206307284533977,0.1710590124130249,3.1618714332580566,1.118202975605684e-08,6.0892863273620605,3.1618714332580566,2.3591349381685373e-16,8.812787055969238,3.1618714332580566,3.60191890509895e-15,8.44576358795166
Ubxn6,0.262838065624237,0.3038700222969055,0.2402743250131607,0.0218936454505843,2.755052328109741,0.2402743250131607,0.2019951188051299,1.643369197845459,0.2402743250131607,0.340929513472432,1.3727368116378784
Hdgfl2,0.2049275636672973,0.15640389919281,-0.4258933365345001,0.9888502385877284,0.0312182996422052,-0.4258933365345001,0.0481511905087739,-2.3534984588623047,-0.4258933365345001,0.1363486470623411,-1.924881100654602
Plin5,0.0,0.0,0.0,0.9888502385877284,0.1005259156227111,0.0,1.0,0.0,0.0,1.0,0.0
Lrg1,0.0,0.0,0.0,0.9888502385877284,0.1005259156227111,0.0,1.0,0.0,0.0,1.0,0.0
Sema6b,0.0,0.0,0.0,0.9888502385877284,0.1005259156227111,0.0,1.0,0.0,0.0,1.0,0.0
Tnfaip8l1,0.127433568239212,0.1260882169008255,-0.0163028817623853,0.472404007771981,1.2600841522216797,-0.0163028817623853,1.0,-0.0729973539710044,-0.0163028817623853,1.0,-0.0609360225498676
Mydgf,0.2910609245300293,0.4088430404663086,0.5801326632499695,8.554290268835454e-05,4.342405796051025,0.5801326632499695,9.327384327719404e-05,4.283129215240479,0.5801326632499695,0.0012399517060077,3.655287265777588
Dpp9,0.0818485245108604,0.1450493484735489,0.8719668388366699,0.0040582219670365,3.315786838531494,0.8719668388366699,0.001034509048425,3.657470941543579,0.8719668388366699,0.0055166393106634,3.2040958404541016
Fem1a,0.1363875120878219,0.1180525869131088,-0.2217880934476852,0.7129238360696023,0.9269893169403076,-0.2217880934476852,0.4679991859106411,-1.0188024044036863,-0.2217880934476852,0.6242735297239793,-0.8374637961387634
Ticam1,0.02232351526618,0.0384270772337913,0.7952340841293335,0.6111823491168297,1.0615715980529783,0.7952340841293335,0.1788279290706096,1.7162779569625854,0.7952340841293335,0.2764919280778187,1.5189920663833618
Plin3,0.1367617398500442,0.1234946921467781,-0.1569932997226715,0.6961198441651865,0.950141668319702,-0.1569932997226715,0.6393749620904593,-0.7308154702186584,-0.1569932997226715,0.7491527680568542,-0.6039664149284363
Arrdc5,0.0,0.0,0.0,0.9888502385877284,0.1005259156227111,0.0,1.0,0.0,0.0,1.0,0.0
Uhrf1,0.0318731814622879,0.1783350259065628,2.591675043106079,1.3017499956322218e-07,5.664702415466309,2.591675043106079,7.632453194147601e-14,8.009540557861328,2.591675043106079,1.4923792470679985e-12,7.589306354522705
Kdm4b,0.0363997034728527,0.0231631435453891,-0.6616909503936768,0.9888502385877284,-0.0746849253773689,-0.6616909503936768,0.2726863461891526,-1.4663689136505127,-0.6616909503936768,0.4332821655254581,-1.1936055421829224
Ptprs,0.0315392725169658,0.0383234731853008,0.286001056432724,0.577362563135057,1.1072787046432495,0.286001056432724,0.6596929969703433,0.7010044455528259,0.286001056432724,0.758822955553589,0.5899485349655151
Gm20219,0.0134666785597801,0.0029101585969328,-2.2178492546081543,0.9888502385877284,-0.0648265182971954,-2.2178492546081543,0.0483813468741458,-2.35131573677063,-2.2178492546081543,0.2014218150429861,-1.7148090600967407
Safb2,0.3899327516555786,0.4548531472682953,0.2722925245761871,0.0298342491142225,2.640336275100708,0.2722925245761871,0.0796180933339429,2.130856513977051,0.2722925245761871,0.1751695413775283,1.793664574623108
Safb,0.3112153112888336,0.3455004096031189,0.1768568754196167,0.0930865971798159,2.16825270652771,0.1768568754196167,0.3592590701221638,1.2667560577392578,0.1768568754196167,0.5106824289282369,1.0649328231811523
Micos13,0.893852949142456,1.09509539604187,0.4617820978164673,2.819797359665543e-05,4.5973801612854,0.4617820978164673,1.5684990783781352e-08,6.035492420196533,0.4617820978164673,5.364496863532088e-06,4.976009368896484
Rpl36,3.416715621948242,3.0176327228546143,-0.5999677777290344,1.227244944366465e-86,-19.95969581604004,-0.5999677777290344,5.339958017180394e-88,-22.76892471313477,-0.5999677777290344,1.7139578106077832e-70,-19.79476356506348
Lonp1,0.1099696904420852,0.1137358024716377,0.0513481125235557,0.2785735496392502,1.6015435457229614,0.0513481125235557,0.99332476973565,0.2258089929819107,0.0513481125235557,1.0,0.1883413791656494
Catsperd,0.0,0.0,0.0,0.9888502385877284,0.1005259156227111,0.0,1.0,0.0,0.0,1.0,0.0
Ranbp3,0.1465737521648407,0.1767771244049072,0.2926787734031677,0.0479558761274493,2.454968214035034,0.2926787734031677,0.2496422520096613,1.5186302661895752,0.2926787734031677,0.3843466423447687,1.2867679595947266
Vmac,0.0322100557386875,0.0265730582177639,-0.2816329598426819,0.9888502385877284,0.2212167531251907,-0.2816329598426819,0.7209701348827507,-0.6139949560165405,-0.2816329598426819,0.8142311912053011,-0.5099233388900757
Ndufa11,0.569494366645813,1.0933876037597656,1.3706785440444946,6.074088746354936e-40,13.50587272644043,1.3706785440444946,2.494555440272579e-47,15.551234245300291,1.3706785440444946,1.6493570700231902e-34,13.134422302246094
Nrtn,0.0,0.0,0.0,0.9888502385877284,0.1005259156227111,0.0,1.0,0.0,0.0,1.0,0.0
Dus3l,0.0899822264909744,0.0843932181596756,-0.096603088080883,0.6112913990388017,1.0612728595733645,-0.096603088080883,0.886842394176851,-0.3778729736804962,-0.096603088080883,0.9464167732562018,-0.3137592077255249
Prr22,0.0036289829295128,0.0013290834613144,-1.45079243183136,0.9888502385877284,0.0681126564741134,-1.45079243183136,0.5166977659723809,-0.9193905591964722,-1.45079243183136,0.6858709787976855,-0.6962608098983765
Rfx2,0.0263724382966756,0.002962278202176,-3.17117977142334,0.9888502385877284,-0.4654364585876465,-3.17117977142334,0.0002199710369193,-4.067270755767822,-3.17117977142334,0.0129026233548818,-2.9264028072357178
Acsbg2,0.0050948183052241,0.0,-22.284276962280277,0.9888502385877284,-0.0321145206689834,-22.284276962280277,0.1143891385370432,-1.957262396812439,-22.284276962280277,0.3420344179674281,-1.3716636896133425
Acsbg3,0.0156948957592248,0.0032606502063572,-2.2760469913482666,0.9888502385877284,-0.2312245368957519,-2.2760469913482666,0.027286481142441,-2.58386754989624,-2.2760469913482666,0.1342105907068629,-1.9344638586044312
Mllt1,0.0633845254778862,0.0535073168575763,-0.2515886723995209,0.9888502385877284,0.4485576748847961,-0.2515886723995209,0.6031398929989045,-0.7854255437850952,-0.2515886723995209,0.7176612854680151,-0.6505558490753174
Acer1,0.0,0.0,0.0,0.9888502385877284,0.1005259156227111,0.0,1.0,0.0,0.0,1.0,0.0
Clpp,0.2413423061370849,0.19549660384655,-0.3382109105587005,0.9994412017932364,-0.0020911779720336,-0.3382109105587005,0.0997233442561891,-2.0257351398468018,-0.3382109105587005,0.2181067464327165,-1.6655614376068115
Alkbh7,0.0930634140968322,0.1305847018957138,0.516270101070404,0.0432149661165351,2.4976134300231934,0.516270101070404,0.0675168821797524,2.205723762512207,0.516270101070404,0.1446067410543481,1.894100785255432
Pspn,0.0,0.0,0.0,0.9888502385877284,0.1005259156227111,0.0,1.0,0.0,0.0,1.0,0.0
Gtf2f1,0.1975049078464508,0.3113476037979126,0.7422359585762024,1.2984473989110183e-05,4.766616344451904,0.7422359585762024,1.3624618537417712e-05,4.726181983947754,0.7422359585762024,0.0002745328618278,4.062655448913574
Gm17949,0.0010216323425993,0.0012640638742595,0.3073678612709045,0.9888502385877284,0.1345822364091873,0.3073678612709045,1.0,0.1491613537073135,0.3073678612709045,1.0,0.1256438940763473
Khsrp,0.2266325950622558,0.2946284711360931,0.4297183156013489,0.0034760740020763,3.3640332221984863,0.4297183156013489,0.0182564565861192,2.7381412982940674,0.4297183156013489,0.0587139309521623,2.32678484916687
Slc25a41,0.0,0.0,0.0,0.9888502385877284,0.1005259156227111,0.0,1.0,0.0,0.0,1.0,0.0
Slc25a23,0.0489143058657646,0.0114098442718386,-2.127166748046875,0.8096370254819024,-0.8086884021759033,-2.127166748046875,8.504945389403751e-05,-4.298756122589111,-2.127166748046875,0.0052886936668607,-3.222604513168335
Crb3,0.0042642233893275,0.0051710857078433,0.278838962316513,0.9888502385877284,0.1693107336759567,0.278838962316513,0.985427496304628,0.2367664873600006,0.278838962316513,1.0,0.2053987979888916
Dennd1c,0.4533568620681762,0.5714580416679382,0.4264360666275024,0.0019097544959399,3.5395426750183105,0.4264360666275024,0.0016561000114119,3.521099090576172,0.4264360666275024,0.0097942834404168,3.013594388961792
Tubb4a,0.0010937858605757,0.0066396766342222,2.6057846546173096,0.9888502385877284,0.2691644728183746,2.6057846546173096,0.307805372295126,1.3756033182144165,2.6057846546173096,0.363845987725557,1.3259706497192385
Tnfsf9,0.0,0.0909537598490715,26.504735946655277,0.0015486452077726,3.5996642112731934,26.504735946655277,9.623926997836406e-11,6.978633880615234,26.504735946655277,1.2360801342209464e-10,6.978633880615234
Cd70,0.0,0.006818750873208,22.705997467041016,0.9888502385877284,0.4369814991950989,22.705997467041016,0.082170193128225,2.12030029296875,22.705997467041016,0.0928562760433814,2.12030029296875
Tnfsf14,0.0101586077362298,0.1145308911800384,3.571033239364624,0.0003219031087229,4.018198490142822,3.571033239364624,6.582800913628371e-11,7.020262241363525,3.571033239364624,2.440342371179926e-10,6.834714889526367
C3,0.0,0.0,0.0,0.9888502385877284,0.1005259156227111,0.0,1.0,0.0,0.0,1.0,0.0
Gpr108,0.1067268997430801,0.1581159830093383,0.6049467325210571,0.0092204005396349,3.05767560005188,0.6049467325210571,0.0180904274099895,2.7422091960906982,0.6049467325210571,0.0519606084160204,2.37921142578125
Trip10,0.0056952727027237,0.0225433371961116,1.997045874595642,0.7836864092408057,0.8394585847854614,1.997045874595642,0.0285498723519427,2.570573091506958,1.997045874595642,0.0490015959530942,2.405251979827881
Vav1,0.2914389371871948,0.243269994854927,-0.296928197145462,0.9888502385877284,-0.0937295854091644,-0.296928197145462,0.1125520950203061,-1.964527010917664,-0.296928197145462,0.2353668416231375,-1.6203161478042605
Adgre1,0.0,0.0,0.0,0.9888502385877284,0.1005259156227111,0.0,1.0,0.0,0.0,1.0,0.0
Vmn2r120,0.0033732808660715,0.0,-21.688156127929688,0.9994412017932364,0.0010455889860168,-21.688156127929688,0.1750422520893373,-1.7332100868225098,-21.688156127929688,0.4247033279437463,-1.2146462202072144
Nudt12,0.0010149130830541,0.0,-19.953659057617188,0.9888502385877284,0.0673658028244972,-19.953659057617188,0.4679991859106411,-1.0,-19.953659057617188,0.6832027011037286,-0.7008072733879089
Fbxl17,0.065973587334156,0.091505616903305,0.4906308352947235,0.1870628242869556,1.8245527744293213,0.4906308352947235,0.1738815394142043,1.7372446060180664,0.4906308352947235,0.2859677126543106,1.4977304935455322
Fer,0.0015079067088663,0.0020267616491764,0.427003413438797,0.9888502385877284,0.1014968156814575,0.427003413438797,0.9976887166118772,0.2182758301496505,0.427003413438797,1.0,0.1927139610052108
Pja2,0.1171920523047447,0.0558750070631504,-1.1134684085845947,0.6255829607731554,-1.0436471700668335,-1.1134684085845947,0.0001776675804858,-4.118544578552246,-1.1134684085845947,0.0048302002137342,-3.2489421367645264
Man2a1,0.1891767680644989,0.3468487858772278,0.9933821558952332,1.4465053380544291e-08,6.0461931228637695,0.9933821558952332,9.139340911984928e-09,6.146667957305908,0.9933821558952332,7.408873416869375e-07,5.375670909881592
Vapa,0.6222406029701233,0.7516745328903198,0.3766082525253296,0.0177380834607017,2.833247423171997,0.3766082525253296,0.0002572549508383,4.028014659881592,0.3766082525253296,0.00327702427567,3.368156909942627
Rab31,0.0,0.0104797473177313,23.32866668701172,0.9888502385877284,0.5042726397514343,23.32866668701172,0.0398093665157742,2.4377634525299072,23.32866668701172,0.0458528959181064,2.4377634525299072
Ppp4r1,0.0506166107952594,0.0940597727894783,0.925682544708252,0.0566391874055727,2.3860340118408203,0.925682544708252,0.0078984489891476,3.0351295471191406,0.925682544708252,0.0249588806867758,2.6789162158966064
Ralbp1,0.4493866264820099,0.5287966728210449,0.2966888844966888,0.0167408705705393,2.8537111282348637,0.2966888844966888,0.0359786363464667,2.4740681648254395,0.2966888844966888,0.1010556396826768,2.0767974853515625
Twsg1,0.0361008048057556,0.1932572424411773,2.535949945449829,8.409867947893896e-10,6.5065507888793945,2.535949945449829,1.1905446078760856e-16,8.876446723937988,2.535949945449829,6.113858069954791e-15,8.34762954711914
Ankrd12,0.6794441938400269,0.8303723931312561,0.4118436574935913,0.0019737152398324,3.530057907104492,0.4118436574935913,0.0002976520542954,3.991121530532837,0.4118436574935913,0.00340153054483,3.3565640449523926
Ndufv2,0.5081136226654053,0.8040078282356262,0.8986658453941345,2.399361700232627e-13,7.676490306854248,0.8986658453941345,1.7985960544846448e-17,8.994359016418457,0.8986658453941345,6.804398666957802e-13,7.657888889312744
Washc1,0.1437014937400818,0.2254845350980758,0.710761308670044,0.0002949099208969,4.040380001068115,0.710761308670044,0.0008610792953352,3.7082369327545166,0.710761308670044,0.0053784195926428,3.21203875541687
Ddx11,0.0553634911775589,0.0434131734073162,-0.3594931960105896,0.9888502385877284,0.5003143548965454,-0.3594931960105896,0.4679991859106411,-1.0578038692474363,-0.3594931960105896,0.6101455988487585,-0.8598271012306213
Mtcl1,0.0,0.0,0.0,0.9888502385877284,0.1005259156227111,0.0,1.0,0.0,0.0,1.0,0.0
Rab12,0.1274999231100082,0.1144032999873161,-0.1660054177045822,0.9343933604318944,0.6541652679443359,-0.1660054177045822,0.6339064721110343,-0.7388636469841003,-0.1660054177045822,0.7418739151963982,-0.6149049997329712
Ptprm,0.0014831244479864,0.0,-20.501279830932617,0.9888502385877284,0.0673658028244972,-20.501279830932617,0.4679991859106411,-1.0,-20.501279830932617,0.6832027011037286,-0.7008072733879089
Epb41l3,0.0033439665567129,0.0040818154811859,0.2881830632686615,0.9888502385877284,0.1354784518480301,0.2881830632686615,1.0,0.2115103155374527,0.2881830632686615,1.0,0.1842449754476547
Zbtb14,0.0665822029113769,0.0769367069005966,0.2160940915346145,0.3409521728171285,1.4805539846420288,0.2160940915346145,0.6439831630872607,0.7241362929344177,0.2160940915346145,0.7438399013591609,0.6117293238639832
Dlgap1,0.0,0.0,0.0,0.9888502385877284,0.1005259156227111,0.0,1.0,0.0,0.0,1.0,0.0
Tgif1,0.1245315968990325,0.1371536403894424,0.1485842764377594,0.2792701687825096,1.6001245975494385,0.1485842764377594,0.6879047584277457,0.6609752178192139,0.1485842764377594,0.7806131483673642,0.5585705637931824
Myl12b,1.115194320678711,1.1234828233718872,0.0177547931671142,0.5844473677081876,-1.0980924367904663,0.0177547931671142,0.9878658816320162,0.233432725071907,0.0177547931671142,1.0,0.1943695098161697
Myl12a,1.19075608253479,1.7667951583862305,1.0835248231887815,3.035648502608508e-50,15.165521621704102,1.0835248231887815,5.40592372553596e-60,17.613672256469727,1.0835248231887815,2.605032308963782e-40,14.3878755569458
Myom1,0.005061600357294,0.0,-22.27481460571289,0.9888502385877284,-0.0652746260166168,-22.27481460571289,0.086053073223082,-2.0950868129730225,-22.27481460571289,0.3001141540204297,-1.4682519435882568
Lpin2,0.1178641989827156,0.1962056457996368,0.7932306528091431,0.0006940594313339,3.820134162902832,0.7932306528091431,0.0005934640817127,3.811494827270508,0.7932306528091431,0.0038439892281546,3.31809139251709
Emilin2,0.0,0.0005771293654106,19.138954162597656,0.9888502385877284,0.1678170263767242,19.138954162597656,0.4679991859106411,1.0,19.138954162597656,0.5282133287683867,1.0
Smchd1,1.0079519748687744,1.0383379459381104,0.0684420987963676,0.9888502385877284,-0.3307048678398132,0.0684420987963676,0.5864699661053887,0.8107208013534546,0.0684420987963676,0.6989069822179668,0.6782410740852356
Gm4707,0.0895256027579307,0.0934761241078376,0.0651907622814178,0.5308759700320806,1.1738977432250977,0.0651907622814178,0.976932245534976,0.2496298551559448,0.0651907622814178,1.0,0.2101762443780899
Ndc80,0.0421595349907875,0.1135001182556152,1.4808918237686155,0.003559413990747,3.3567140102386475,1.4808918237686155,2.495383374678979e-05,4.599291324615479,1.4808918237686155,0.000191166395261,4.155915260314941
Spdya,0.0013596852077171,0.00201824051328,0.5703003406524658,0.9888502385877284,0.1345822364091873,0.5703003406524658,0.961687204356772,0.2706180214881897,0.5703003406524658,0.9975308642398582,0.2352350503206253
Wdr43,0.4040129482746124,0.3391515910625458,-0.3021495640277862,0.676921068844919,-0.977700412273407,-0.3021495640277862,0.0627280011647504,-2.238942623138428,-0.3021495640277862,0.1534863191311926,-1.8643258810043333
Clip4,0.0,0.0,0.0,0.9888502385877284,0.1005259156227111,0.0,1.0,0.0,0.0,1.0,0.0
Ypel5,0.1873223781585693,0.2174504548311233,0.2376290559768676,0.1276567322213418,2.019928455352783,0.2376290559768676,0.3385794446902602,1.3090845346450806,0.2376290559768676,0.4806955911655089,1.1134154796600342
Lbh,0.6313077211380005,0.5368169546127319,-0.3086712956428528,0.0463754953151764,-2.468336820602417,-0.3086712956428528,0.0148851441321502,-2.81363844871521,-0.3086712956428528,0.0554718861347001,-2.351203203201294
Lclat1,0.0282613076269626,0.0436838380992412,0.6394631266593933,0.3800311289568341,1.409155249595642,0.6394631266593933,0.2413654336056656,1.5392314195632937,0.6394631266593933,0.3647562246043923,1.323807716369629
Galnt14,0.0,0.0016166284913197,20.62572479248047,0.9888502385877284,0.1678170263767242,20.62572479248047,0.4679991859106411,1.0,20.62572479248047,0.5282133287683867,1.0
Ehd3,0.3165120780467987,0.2675358355045318,-0.2795742750167846,0.9420164131395488,-0.645576536655426,-0.2795742750167846,0.1420542852209695,-1.8451164960861208,-0.2795742750167846,0.2664992580616827,-1.5430939197540283
Xdh,0.071860559284687,0.4654291570186615,2.991877317428589,1.3748561989688696e-30,11.790360450744627,2.991877317428589,1.1065926426555032e-35,13.743175506591797,2.991877317428589,3.909388387951062e-33,13.050890922546388
Memo1,0.1680890917778015,0.274824857711792,0.7891191244125366,3.597627550037752e-06,5.030253887176514,0.7891191244125366,3.1876412129681955e-05,4.535880565643311,0.7891191244125366,0.0004903071117816,3.9104201793670654
Dpy30,0.3327584564685821,0.6095797419548035,1.088642120361328,4.95043136519193e-14,7.880753517150879,1.088642120361328,5.222594737694095e-17,8.887534141540527,1.088642120361328,3.4805683734075524e-13,7.751345157623291
Spast,0.1064256727695465,0.1689335852861404,0.7127341032028198,0.0006804163141148,3.825735330581665,0.7127341032028198,0.0033137443521423,3.313962459564209,0.7127341032028198,0.0155037078781719,2.853909730911255
Slc30a6,0.0384524092078208,0.0433529391884803,0.1766147762537002,0.6431633636724151,1.0198973417282104,0.1766147762537002,0.8192506562977152,0.4742885529994964,0.1766147762537002,0.8915836884828,0.3972110152244568
Nlrc4,0.0039415908977389,0.0012252902379259,-1.6876139640808103,0.9888502385877284,0.0681126564741134,-1.6876139640808103,0.4679991859106411,-1.0468792915344238,-1.6876139640808103,0.6647456666818098,-0.7792038321495056
Yipf4,0.2971036434173584,0.4646519422531128,0.7736974954605103,2.215165773020472e-08,5.973972797393799,0.7736974954605103,1.6770703780701198e-08,6.032086849212647,0.7736974954605103,2.417654956806116e-06,5.139255046844482
Birc6,0.79068523645401,0.7845548987388611,-0.0162256322801113,0.3985500228152596,-1.3789825439453125,-0.0162256322801113,1.0,-0.1770235449075698,-0.0162256322801113,1.0,-0.1470582783222198
Ttc27,0.0813624411821365,0.0386297181248664,-1.1057851314544678,0.9888502385877284,-0.5060650706291199,-1.1057851314544678,0.0011840528856336,-3.612993001937866,-1.1057851314544678,0.0168829959894159,-2.825266599655152
Ltbp1,0.0,0.0,0.0,0.9888502385877284,0.1005259156227111,0.0,1.0,0.0,0.0,1.0,0.0
Rasgrp3,0.0,0.0,0.0,0.9888502385877284,0.1005259156227111,0.0,1.0,0.0,0.0,1.0,0.0
Fam98a,0.0660966634750366,0.1089864298701286,0.752889096736908,0.0351947719339577,2.577899694442749,0.752889096736908,0.0155713298128994,2.7984776496887207,0.752889096736908,0.0458561606220805,2.4329068660736084
Crim1,0.1429027616977691,0.0964666828513145,-0.6010956168174744,0.6527636786228217,-1.006603479385376,-0.6010956168174744,0.0310550002051919,-2.53389048576355,-0.6010956168174744,0.0951734285525539,-2.1057915687561035
Fez2,0.097906544804573,0.0911564603447914,-0.1080064624547958,0.7899758713511604,0.830645740032196,-0.1080064624547958,0.851382385459643,-0.4285306632518768,-0.1080064624547958,0.9183525835555832,-0.3571737110614776
Strn,0.0749773234128952,0.1276173442602157,0.8059107065200806,0.0163232943934484,2.8620758056640625,0.8059107065200806,0.0059702705808555,3.127532482147217,0.8059107065200806,0.0213061716828726,2.7381350994110107
Heatr5b,0.0570043213665485,0.0669608935713768,0.2395040392875671,0.4820638215799032,1.24604332447052,0.2395040392875671,0.6307909449584962,0.7439002394676208,0.2395040392875671,0.7283123398703608,0.6353419423103333
Gpatch11,0.1499242782592773,0.2216645330190658,0.617495059967041,0.0007450846506519,3.8005666732788086,0.617495059967041,0.0041047112225192,3.24800705909729,0.617495059967041,0.0180995577296266,2.7981345653533936
Eif2ak2,0.1305193454027176,0.2897340655326843,1.2693334817886353,1.0460886578163652e-08,6.100712776184082,1.2693334817886353,1.4590280104775782e-09,6.464941501617432,1.2693334817886353,9.855650113720629e-08,5.759317874908447
Sult6b1,0.0,0.0,0.0,0.9888502385877284,0.1005259156227111,0.0,1.0,0.0,0.0,1.0,0.0
Cebpzos,0.1352736949920654,0.2857478559017181,1.1912105083465576,8.722608799846253e-09,6.131109714508057,1.1912105083465576,1.2697321595602572e-09,6.483900547027588,1.1912105083465576,1.1489872902019457e-07,5.730159759521484
Cebpz,0.4367390275001526,0.3446976542472839,-0.4121462404727936,0.3585008770787461,-1.4479913711547852,-0.4121462404727936,0.0047664223407769,-3.1986799240112305,-0.4121462404727936,0.0289120393530977,-2.621603012084961
Ndufaf7,0.1166373863816261,0.1832992285490036,0.7014583349227905,0.0005947091030402,3.861509561538696,0.7014583349227905,0.0017351819452922,3.507855176925659,0.7014583349227905,0.0097747585911194,3.014268398284912
Prkd3,0.2054135203361511,0.1443634331226349,-0.5541468858718872,0.9888502385877284,-0.5404201149940491,-0.5541468858718872,0.0098528753378739,-2.9579079151153564,-0.5541468858718872,0.0484754377800078,-2.408958911895752
Qpct,0.0544471219182014,0.0062219481915235,-3.1643800735473637,0.5345899100678522,-1.1685203313827517,-3.1643800735473637,1.3101603018223984e-07,-5.652267456054688,-3.1643800735473637,0.0002450751636079,-4.1060004234313965
Cdc42ep3,0.1301620155572891,0.3521564900875091,1.6024720668792725,1.823481258343466e-15,8.29503059387207,1.6024720668792725,1.712348983335634e-16,8.76807975769043,1.6024720668792725,1.7878636232813738e-13,7.850224018096924
Rmdn2,0.0033972105011343,0.0354104936122894,3.404921293258667,0.3424730602688287,1.477267861366272,3.404921293258667,0.000279387409001,4.024591445922852,3.404921293258667,0.0005228285808359,3.903542995452881
Atl2,0.0819289833307266,0.079877033829689,-0.0380935631692409,0.5348256702904725,1.1681469678878784,-0.0380935631692409,1.0,-0.1410671323537826,-0.0380935631692409,1.0,-0.1168321594595909
Hnrnpll,0.1038586795330047,0.2772523760795593,1.5456244945526123,3.1744585422885903e-10,6.658310890197754,1.5456244945526123,4.676099715232213e-13,7.705812931060791,1.5456244945526123,8.395866242004631e-11,6.9521484375
Galm,0.0202572215348482,0.0438434556126594,1.131029725074768,0.3737369461685156,1.4205820560455322,1.131029725074768,0.0357970448093637,2.477902412414551,1.131029725074768,0.0767322024469815,2.2064709663391118
Srsf7,1.05607008934021,1.0787626504898071,0.0498992688953876,0.9888502385877284,-0.0843192860484123,0.0498992688953876,0.7416504380543093,0.5845938324928284,0.0498992688953876,0.8236090140369632,0.4968442618846893
Gemin6,0.0804986357688903,0.0775084346532821,-0.056796621531248,0.4581375710733515,1.2841325998306274,-0.056796621531248,0.999591160891932,-0.2157875448465347,-0.056796621531248,1.0,-0.1778510510921478
Dhx57,0.0801464393734932,0.0621452406048774,-0.3801336586475372,0.9888502385877284,0.3000840544700622,-0.3801336586475372,0.3348346652069595,-1.316871166229248,-0.3801336586475372,0.5015816256611235,-1.079379320144653
Morn2,0.0075357034802436,0.0156531762331724,1.0605080127716064,0.9220168428104926,0.6705212593078613,1.0605080127716064,0.2710905522276239,1.4705156087875366,1.0605080127716064,0.3762194315665219,1.3023269176483154
Arhgef33,0.0044640786945819,0.0,-22.09315299987793,0.9888502385877284,-0.0321145206689834,-22.09315299987793,0.1071487528354596,-1.989899516105652,-22.09315299987793,0.3313426801085639,-1.394536018371582
Sos1,0.1333069056272506,0.0859569013118743,-0.6678459048271179,0.9614509613150112,-0.6194368004798889,-0.6678459048271179,0.0158946288102184,-2.788686990737915,-0.6678459048271179,0.0671470351077739,-2.267324686050415
Cdkl4,0.0020597246475517,0.0,-20.975505828857425,0.9888502385877284,0.0342056974768638,-20.975505828857425,0.2942789202292576,-1.4112496376037598,-20.975505828857425,0.5299909986835808,-0.989013969898224
Map4k3,0.0331840477883815,0.0100949537009,-1.7335708141326904,0.9888502385877284,-0.4334713220596313,-1.7335708141326904,0.0077619346784256,-3.037391424179077,-1.7335708141326904,0.0590824135161381,-2.325881242752075
Thumpd2,0.0823500603437423,0.0576474107801914,-0.5325409173965454,0.9994412017932364,-0.0053773149847984,-0.5325409173965454,0.1517390412001484,-1.810163140296936,-0.5325409173965454,0.2938091241737333,-1.480949640274048
Slc8a1,0.0003030791413038,0.0,-18.20955848693848,0.9888502385877284,0.0673658028244972,-18.20955848693848,0.4679991859106411,-1.0,-18.20955848693848,0.6832027011037286,-0.7008072733879089
Pkdcc,0.0,0.0015655697789043,20.57938766479492,0.9888502385877284,0.1678170263767242,20.57938766479492,0.4679991859106411,1.0,20.57938766479492,0.5282133287683867,1.0
Eml4,0.3514766097068786,0.2975475490093231,-0.2813103795051574,0.9767654669135298,-0.5989730954170227,-0.2813103795051574,0.0980611383971519,-2.0338408946990967,-0.2813103795051574,0.2115468875164427,-1.683144450187683
Cox7a2l,1.9216771125793457,1.5880777835845947,-0.5827157497406006,6.703649181438205e-28,-11.249715805053713,-0.5827157497406006,7.553488382908499e-23,-10.408933639526367,-0.5827157497406006,9.94795051733622e-17,-8.830090522766113
Kcng3,0.0011459366651251,0.0,-20.12892341613769,0.9888502385877284,0.0673658028244972,-20.12892341613769,0.4679991859106411,-1.0,-20.12892341613769,0.6832027011037286,-0.7008072733879089
Mta3,0.4326286613941192,0.3293691873550415,-0.472627729177475,0.0882285467328621,-2.1925253868103027,-0.472627729177475,0.0013336362098734,-3.581077814102173,-0.472627729177475,0.0119166703516616,-2.9482362270355225
Haao,0.1389917582273483,0.1539511233568191,0.1585273295640945,0.3247464749827213,1.5096811056137085,0.1585273295640945,0.6320184469361376,0.7415906190872192,0.1585273295640945,0.7296737686678276,0.6326804757118225
Zfp36l2,1.2411532402038574,1.6429396867752075,0.761742889881134,3.795677136456596e-17,8.754194259643555,0.761742889881134,1.8853569516201384e-19,9.532939910888672,0.761742889881134,3.261411019585809e-14,8.078983306884766
Thada,0.2306694686412811,0.0633558109402656,-1.9879252910614011,0.000248548624706,-4.083174228668213,-1.9879252910614011,1.5930392659872333e-18,-9.22585105895996,-1.9879252910614011,5.702365106813215e-11,-7.045178890228272
Dync2li1,0.01066321041435,0.0016584406839683,-2.691243886947632,0.9888502385877284,-0.1645309031009674,-2.691243886947632,0.0451284595437697,-2.380401849746704,-2.691243886947632,0.1879651985599212,-1.7562999725341797
Lrpprc,0.1434490084648132,0.111417680978775,-0.3881560862064361,0.9888502385877284,0.2740190029144287,-0.3881560862064361,0.155363779651144,-1.7973235845565796,-0.3881560862064361,0.2976589663878841,-1.4725022315979004
Ppm1b,0.2306385636329651,0.2733534276485443,0.2772389650344848,0.0498433664570192,2.439284324645996,0.2772389650344848,0.1805003879390903,1.710218906402588,0.2772389650344848,0.3056091846989587,1.454592227935791
Slc3a1,0.0021789376623928,0.0019641134422272,-0.1499015539884567,0.9888502385877284,0.1013474464416503,-0.1499015539884567,1.0,-0.086065649986267,-0.1499015539884567,1.0,-0.0728804916143417
Prepl,0.0261835809797048,0.0240776054561138,-0.1224959343671798,0.9888502385877284,0.4228660464286804,-0.1224959343671798,0.9732557260584668,-0.2543149888515472,-0.1224959343671798,1.0,-0.2098757773637771
Camkmt,0.0222341399639844,0.0569454655051231,1.3820085525512695,0.1899767033747101,1.8166362047195437,1.3820085525512695,0.004660575471273,3.211302757263184,1.3820085525512695,0.0132066576233115,2.912614345550537
Srbd1,0.0849344357848167,0.0726378634572029,-0.2346145361661911,0.7247158726670015,0.9124257564544678,-0.2346145361661911,0.550326847043451,-0.866011917591095,-0.2346145361661911,0.6832027011037286,-0.7096280455589294
Prkce,0.0494784675538539,0.0578247681260108,0.2309611439704895,0.650939836258076,1.0097402334213257,0.2309611439704895,0.6793136064714458,0.6728413105010986,0.2309611439704895,0.7709320015686317,0.5724506974220276
Gm10309,0.0,0.0005947765312157,19.182418823242188,0.9888502385877284,0.1678170263767242,19.182418823242188,0.4679991859106411,1.0,19.182418823242188,0.5282133287683867,1.0
Epas1,0.0077469204552471,0.0873970240354538,3.553799867630005,0.0023451948306505,3.480168342590332,3.553799867630005,1.1641868082122474e-09,6.548698902130127,3.553799867630005,4.049176841881679e-09,6.360431671142578
Tmem247,0.0,0.0,0.0,0.9888502385877284,0.1005259156227111,0.0,1.0,0.0,0.0,1.0,0.0
Rhoq,0.0086732935160398,0.0403096415102481,2.239386796951294,0.2934433862961197,1.5709227323532104,2.239386796951294,0.0008753659953279,3.7113499641418457,2.239386796951294,0.0022680497054356,3.4827654361724854
Pigf,0.0491268709301948,0.1407508999109268,1.5856982469558716,4.147272579241476e-05,4.510148048400879,1.5856982469558716,4.828385447713213e-08,5.864116191864014,1.5856982469558716,1.1182901912450217e-06,5.297940731048584
Cript,0.3876092135906219,0.655910313129425,0.9691833257675172,2.401506339999685e-13,7.676116943359375,0.9691833257675172,4.277216094494714e-16,8.60726261138916,0.9691833257675172,4.346669682742057e-12,7.3919358253479
Socs5,0.0331270135939121,0.0237897839397192,-0.4844334721565246,0.9888502385877284,0.1503407657146453,-0.4844334721565246,0.4679991859106411,-1.0688356161117554,-0.4844334721565246,0.6074287834240404,-0.864363968372345
Mcfd2,0.0804034769535064,0.0480595454573631,-0.7660157680511475,0.9888502385877284,-0.0840205401182174,-0.7660157680511475,0.0318916441367925,-2.522695779800415,-0.7660157680511475,0.1136432078752912,-2.020097255706787
Ttc7,0.2941459417343139,0.3883199989795685,0.4725019037723541,0.0012182355226441,3.666880607604981,0.4725019037723541,0.0024240392580485,3.4088542461395264,0.4725019037723541,0.0134115140446043,2.9066147804260254
Stpg4,0.0,0.0,0.0,0.9888502385877284,0.1005259156227111,0.0,1.0,0.0,0.0,1.0,0.0
Calm2,0.8119968175888062,1.1131736040115356,0.7067012190818787,9.880157117500559e-11,6.834118843078613,0.7067012190818787,1.3937659240294282e-16,8.716714859008789,0.7067012190818787,1.732293068843344e-11,7.192691326141357
Epcam,0.0071181803941726,0.0144300181418657,1.0247764587402344,0.9213768046926104,0.671268105506897,1.0247764587402344,0.344968534702975,1.2964351177215576,1.0247764587402344,0.4660553967973249,1.1377309560775757
Msh2,0.2568709552288055,0.2840616405010223,0.1656572371721267,0.145457357588384,1.9546539783477783,0.1656572371721267,0.4679991859106411,1.0665191411972046,0.1656572371721267,0.5834262246815546,0.9015392661094666
Kcnk12,0.0,0.0,0.0,0.9888502385877284,0.1005259156227111,0.0,1.0,0.0,0.0,1.0,0.0
Rpl36-ps4,0.0,0.0,0.0,0.9888502385877284,0.1005259156227111,0.0,1.0,0.0,0.0,1.0,0.0
Msh6,0.0842520892620086,0.1064722836017608,0.3539770245552063,0.1006928815536737,2.1327028274536133,0.3539770245552063,0.2942789202292576,1.417874097824097,0.3539770245552063,0.4286208640760688,1.2027788162231443
Fbxo11,0.16605144739151,0.1616471856832504,-0.0420457758009433,0.3130458493386634,1.5314143896102903,-0.0420457758009433,0.9978292865482836,-0.2178408503532409,-0.0420457758009433,1.0,-0.1803157776594162
Foxn2,0.1872978508472442,0.2012586593627929,0.1141128838062286,0.1841885677480219,1.833141565322876,0.1141128838062286,0.7017405724041824,0.6406895518302917,0.1141128838062286,0.7952599016527352,0.5380157828330994
Ppp1r21,0.0775972679257392,0.1323907375335693,0.8109408617019653,0.027555595302299,2.670583724975586,0.8109408617019653,0.0059309612750616,3.130084753036499,0.8109408617019653,0.0202810348267314,2.756427049636841
Ston1,0.0011482706759124,0.0,-20.131860733032227,0.9888502385877284,0.0673658028244972,-20.131860733032227,0.4679991859106411,-1.0,-20.131860733032227,0.6832027011037286,-0.7008072733879089
Gtf2a1l,0.0,0.0,0.0,0.9888502385877284,0.1005259156227111,0.0,1.0,0.0,0.0,1.0,0.0
Gm10184,0.0024120432790368,0.0039813658222556,0.7241401672363281,0.9888502385877284,0.1684892028570175,0.7241401672363281,0.8175517360198123,0.4767384827136993,0.7241401672363281,0.8748425379766271,0.4217300713062286
Mettl4,0.0756272226572036,0.0769154503941536,0.0253089424222707,0.5861129387363929,1.0960760116577148,0.0253089424222707,1.0,0.0909628570079803,0.0253089424222707,1.0,0.0760082378983497
Kdm5d,0.1581098437309265,0.1072753295302391,-0.5970889925956726,0.9888502385877284,-0.3457165360450744,-0.5970889925956726,0.0169209589017169,-2.7661938667297363,-0.5970889925956726,0.0704116242750865,-2.2457387447357178
Eif2s3y,0.4464326798915863,0.5048337578773499,0.2228200882673263,0.1815869572606612,1.841132879257202,0.2228200882673263,0.1363393917779604,1.8669058084487915,0.2228200882673263,0.2532337204017976,1.5762311220169067
Uty,0.1596900671720504,0.1320716589689254,-0.2943602800369262,0.9888502385877284,0.2648327648639679,-0.2943602800369262,0.2908037733619497,-1.4263743162155151,-0.2943602800369262,0.4400587820853389,-1.181466817855835
Ddx3y,0.4311959147453308,0.4223234057426452,-0.0368492417037487,0.9888502385877284,0.53855299949646,-0.0368492417037487,0.951567766240728,-0.2852353155612945,-0.0368492417037487,0.994830486551244,-0.239050954580307
Gm21748,0.0,0.0,0.0,0.9888502385877284,0.1005259156227111,0.0,1.0,0.0,0.0,1.0,0.0
Crem,0.0367086976766586,0.1247908324003219,1.8297110795974727,0.001148354578835,3.6830124855041504,1.8297110795974727,4.4953410800359126e-07,5.450401782989502,1.8297110795974727,4.085179508693792e-06,5.037559986114502
Cul2,0.1036709174513816,0.1115495413541793,0.1114582493901252,0.2885943290816588,1.5806318521499634,0.1114582493901252,0.8237691254177926,0.4678739011287689,0.1114582493901252,0.8933189336033599,0.3948005735874176
Bambi,0.0072160474956035,0.0026631136424839,-1.441381335258484,0.9888502385877284,0.0354006551206111,-1.441381335258484,0.3690828778550311,-1.2474303245544434,-1.441381335258484,0.5505384840358436,-0.9518130421638488
Map3k8,0.0674921795725822,0.1793256402015686,1.4921189546585083,3.359384057534124e-05,4.557722568511963,1.4921189546585083,8.731631273891559e-08,5.756989479064941,1.4921189546585083,1.6525204596455114e-06,5.219819068908691
Mtpap,0.1305976808071136,0.1752664595842361,0.4574635326862335,0.0226354235767778,2.742953300476074,0.4574635326862335,0.0612531245678941,2.249951124191284,0.4574635326862335,0.1366979638031407,1.9233185052871704
Jcad,0.0016038264147937,0.0,-20.61424446105957,0.9888502385877284,0.0673658028244972,-20.61424446105957,0.4679991859106411,-1.0,-20.61424446105957,0.6832027011037286,-0.7008072733879089
Svil,0.1610553711652755,0.2161883115768432,0.4657512605190277,0.0110179232083623,2.997628927230835,0.4657512605190277,0.0342383356238174,2.495379447937012,0.4657512605190277,0.0873963986003057,2.145470142364502
Zfp438,0.0372811369597911,0.0199829842895269,-0.912211298942566,0.9888502385877284,-0.1059779152274131,-0.912211298942566,0.1284722440416105,-1.898220419883728,-0.912211298942566,0.2724902430098974,-1.5284459590911863
Zeb1,0.3927481770515442,0.1678734421730041,-1.3960102796554563,1.4774572917935322e-06,-5.208900451660156,-1.3960102796554563,1.8448778137413426e-18,-9.212557792663574,-1.3960102796554563,1.2113665149300971e-11,-7.265202522277832
Arhgap12,0.080156534910202,0.0745655596256256,-0.108395330607891,0.8714516005885605,0.7327338457107544,-0.108395330607891,0.879068368509309,-0.389901727437973,-0.108395330607891,0.938868302073874,-0.3255625665187835
Kif5b,0.8202772736549377,0.9868394136428832,0.4047031104564667,0.0025055379962006,3.461198329925537,0.4047031104564667,1.4521702164284062e-05,4.706939697265625,0.4047031104564667,0.0005187176587567,3.896462440490722
Epc1,0.2988691329956054,0.265539139509201,-0.1957613080739975,0.9888502385877284,0.2631896734237671,-0.1957613080739975,0.3461209404673832,-1.2933197021484375,-0.1957613080739975,0.5033376601721569,-1.0762940645217896
Rab18,0.2871216535568237,0.43108931183815,0.6963772177696228,3.0077244875146403e-06,5.067297458648682,0.6963772177696228,1.8609357246094297e-06,5.148376941680908,0.6963772177696228,6.325755380733374e-05,4.425000190734863
Mpp7,0.1433645337820053,0.0674169659614563,-1.1442512273788452,0.5202830071677618,-1.1895068883895874,-1.1442512273788452,2.2896680346584627e-05,-4.601465225219727,-1.1442512273788452,0.0013977588428422,-3.624277114868164
Wac,0.5055820345878601,0.5362746715545654,0.1090805605053901,0.8274134114822206,0.786880373954773,0.1090805605053901,0.4746981969894174,0.9877100586891174,0.1090805605053901,0.63482855569372,0.8217160105705261
Gjd4,0.0,0.0,0.0,0.9888502385877284,0.1005259156227111,0.0,1.0,0.0,0.0,1.0,0.0
Ccny,0.2584375441074371,0.2125830054283142,-0.3161633312702179,0.9888502385877284,-0.1738665103912353,-0.3161633312702179,0.1140825443636604,-1.958134889602661,-0.3161633312702179,0.2371363447733594,-1.6158738136291504
Colec12,0.004344037733972,0.0,-22.05373954772949,0.9888502385877284,-0.0321145206689834,-22.05373954772949,0.1056089144731173,-1.9975802898406985,-22.05373954772949,0.3296802623726704,-1.399918794631958
Thoc1,0.3020823895931244,0.3337936103343963,0.1680993288755417,0.1695467012996664,1.8766828775405884,0.1680993288755417,0.4052884323411644,1.178358793258667,0.1680993288755417,0.5299909986835808,0.9923729300498962
Usp14,0.2417607903480529,0.2953477501869201,0.3292172253131866,0.0136357232134466,2.925184488296509,0.3292172253131866,0.0785621406632401,2.137349843978882,0.3292172253131866,0.1715136757785384,1.804953932762146
Rock1,0.8565189838409424,0.9432809948921204,0.2110503613948822,0.3325096507221757,1.4954910278320312,0.2110503613948822,0.0410517306864056,2.4198317527771,0.2110503613948822,0.1129225592977448,2.023207426071167
Greb1l,0.0,0.0,0.0,0.9888502385877284,0.1005259156227111,0.0,1.0,0.0,0.0,1.0,0.0
Esco1,0.3185465335845947,0.3732008635997772,0.2701409459114074,0.0205262250628297,2.779698371887207,0.2701409459114074,0.1188888909403116,1.9379414319992063,0.2701409459114074,0.2268681535138801,1.641087293624878
Snrpd1,0.5993826985359192,0.8966591358184814,0.8220005631446838,2.2130672167031628e-12,7.378347873687744,0.8220005631446838,2.9414546783127563e-15,8.357934951782227,0.8220005631446838,1.821518949966264e-11,7.17812967300415
Abhd3,0.0010353608522564,0.0,-19.98245048522949,0.9888502385877284,0.0673658028244972,-19.98245048522949,0.4679991859106411,-1.0,-19.98245048522949,0.6832027011037286,-0.7008072733879089
Mib1,0.0924757868051529,0.1139333397150039,0.3167867958545685,0.1264643225124033,2.024783134460449,0.3167867958545685,0.3497832016810249,1.2856926918029783,0.3167867958545685,0.4941068313527536,1.091478705406189
Gata6,0.0010607464937493,0.0,-20.017414093017575,0.9888502385877284,0.0673658028244972,-20.017414093017575,0.4679991859106411,-1.0,-20.017414093017575,0.6832027011037286,-0.7008072733879089
Rbbp8,0.0706569477915763,0.2657399177551269,2.055776596069336,1.9858896579004495e-13,7.701210975646973,2.055776596069336,6.3281130472202825e-18,9.218026161193848,2.055776596069336,1.897329501976872e-15,8.47958755493164
Cables1,0.0010365054477006,0.0172388292849063,4.067566394805908,0.7032977736316826,0.9413288235664368,4.067566394805908,0.0057045528092967,3.1504805088043213,4.067566394805908,0.0080490906987569,3.086204767227173
Tmem241,0.0484909676015377,0.05090257152915,0.0717763155698776,0.8940648012290606,0.7061460018157959,0.0717763155698776,1.0,0.2060441672801971,0.0717763155698776,1.0,0.1734354794025421
Riok3,0.3863361775875091,0.531210720539093,0.5718945860862732,3.7952046564602514e-05,4.52986478805542,0.5718945860862732,1.3303424232283904e-05,4.730037689208984,0.5718945860862732,0.0003121270199442,4.029338836669922
Rmc1,0.0945024117827415,0.1078355908393859,0.2001904249191284,0.1920110833254941,1.8104373216629028,0.2001904249191284,0.5747459413124877,0.8288488984107971,0.2001904249191284,0.6850020909341724,0.6977222561836243
Npc1,0.121124118566513,0.0997878685593605,-0.2952238619327545,0.9888502385877284,0.3251034915447235,-0.2952238619327545,0.3729208007951257,-1.23975670337677,-0.2952238619327545,0.5282133287683867,-1.023531436920166
Ankrd29,0.0013512511504814,0.015405242331326,3.521204710006714,0.8673548860792544,0.7395301461219788,3.521204710006714,0.0214491894821347,2.6835029125213623,3.521204710006714,0.0311064961595939,2.595484733581543
Ttc39c,0.0047408104874193,0.1510628759860992,5.100790500640869,4.071061097744722e-08,5.868890762329102,5.100790500640869,5.717667686552833e-18,9.34367561340332,5.100790500640869,1.5088167208166577e-17,9.233972549438477
Cabyr,0.0,0.0017295379657298,20.723203659057617,0.9888502385877284,0.1678170263767242,20.723203659057617,0.4679991859106411,1.0,20.723203659057617,0.5282133287683867,1.0
Osbpl1a,0.0003030791413038,0.0040981941856443,3.759956121444702,0.9888502385877284,0.2694632112979889,3.759956121444702,0.2461264203396069,1.5289452075958252,3.759956121444702,0.2777932998137078,1.5172711610794067
Impact,0.1072185039520263,0.1204791516065597,0.1779764592647552,0.2714268562701061,1.6179742813110352,0.1779764592647552,0.6200873541213648,0.7601624727249146,0.1779764592647552,0.7206493898156021,0.6457638144493103
Hrh4,0.0,0.0,0.0,0.9888502385877284,0.1005259156227111,0.0,1.0,0.0,0.0,1.0,0.0
Ss18,0.2954735457897186,0.3752732872962951,0.4056873023509979,0.0029058530114051,3.4167606830596924,0.4056873023509979,0.0102256658596738,2.946368932723999,0.4056873023509979,0.0388234386584435,2.502779245376587
Psma8,0.0005408413126133,0.0012842231662943,1.2481533288955688,0.9888502385877284,0.1347316056489944,1.2481533288955688,0.7776306594322302,0.5334780812263489,1.2481533288955688,0.8241340849014388,0.4961601793766022
Taf4b,0.067790612578392,0.0376537591218948,-0.8702216148376465,0.9888502385877284,-0.3500482439994812,-0.8702216148376465,0.0307940107161259,-2.536540031433105,-0.8702216148376465,0.1122921521927076,-2.026431083679199
Kctd1,0.0227286703884601,0.0040016914717853,-2.519369840621948,0.9888502385877284,-0.3986681401729584,-2.519369840621948,0.0023724510695032,-3.412582397460937,-2.519369840621948,0.0378470680785044,-2.5161402225494385
Dsg2,0.0,0.0,0.0,0.9888502385877284,0.1005259156227111,0.0,1.0,0.0,0.0,1.0,0.0
B4galt6,0.0,0.0,0.0,0.9888502385877284,0.1005259156227111,0.0,1.0,0.0,0.0,1.0,0.0
Trappc8,0.1852073967456817,0.1650182604789734,-0.1815043836832046,0.635619354570312,1.0296810865402222,-0.1815043836832046,0.4840912699478377,-0.9730941653251648,-0.1815043836832046,0.6462279087494788,-0.8046854138374329
Rnf125,0.2125282734632492,0.3213856220245361,0.6786640882492065,0.0001191088677774,4.264061450958252,0.6786640882492065,0.0001283887113426,4.207161903381348,0.6786640882492065,0.0012541682195056,3.651936292648315
Rnf138,0.3983596861362457,0.7021425366401672,1.0568135976791382,1.154103875770675e-16,8.625138282775879,1.0568135976791382,1.3933962852851133e-18,9.31455135345459,1.0568135976791382,5.206560571717856e-14,8.014369010925293
Klhl14,0.0,0.0,0.0,0.9888502385877284,0.1005259156227111,0.0,1.0,0.0,0.0,1.0,0.0
Mapre2,0.0353461392223835,0.4090718030929565,3.812285661697388,7.455809605738704e-35,12.60293197631836,3.812285661697388,4.517569772969373e-43,15.49838638305664,3.812285661697388,2.3365883060585357e-41,14.979249954223633
Zfp397,0.1730643063783645,0.1063416674733161,-0.7518516778945923,0.6851377787606022,-0.964182436466217,-0.7518516778945923,0.0016475046868168,-3.519843816757202,-0.7518516778945923,0.0156040543215092,-2.85219407081604
Zfp35,0.0333926156163215,0.0255455337464809,-0.3921462893486023,0.9888502385877284,0.3811918795108795,-0.3921462893486023,0.5285118930163832,-0.8999656438827515,-0.3921462893486023,0.6832027011037286,-0.7266556620597839
Zfp24,0.1498637944459915,0.1780843585729599,0.2698222398757934,0.1270640026352773,2.0225424766540527,0.2698222398757934,0.3202451470214152,1.346826195716858,0.2698222398757934,0.4603725033499454,1.1475772857666016
Ino80c,0.0792902559041976,0.1715600192546844,1.1814472675323486,1.5681668957342175e-05,4.7262115478515625,1.1814472675323486,2.701886735948528e-06,5.077250003814697,1.1814472675323486,4.920404613848147e-05,4.484416961669922
Galnt1,0.3488980531692505,0.4176017940044403,0.3120394349098205,0.0131330223732628,2.938030481338501,0.3120394349098205,0.0475214049160125,2.3596465587615967,0.3120394349098205,0.1211726644720621,1.9877986907958984
2700062C07Rik,0.110765129327774,0.1240931078791618,0.1737214475870132,0.2029548286775244,1.781160831451416,0.1737214475870132,0.6066563361949293,0.7795261144638062,0.1737214475870132,0.7119479602305404,0.658979594707489
Rprd1a,0.0824683085083961,0.0772295221686363,-0.0985165387392044,0.7051006824953804,0.9378933310508728,-0.0985165387392044,0.8951934851583543,-0.3661270141601562,-0.0985165387392044,0.9536258983279708,-0.3029278218746185
Slc39a6,0.0658676251769065,0.1305304616689682,1.0341527462005615,0.0024850893594672,3.46366286277771,1.0341527462005615,0.0003751929963622,3.934956550598145,1.0341527462005615,0.0023003123096782,3.475297689437866
Elp2,0.0996836796402931,0.1158770695328712,0.2290570437908172,0.1842104462372413,1.8329174518585205,0.2290570437908172,0.4849359151763342,0.9716448187828064,0.2290570437908172,0.635294263795881,0.8207695484161377
Mocos,0.0,0.0076222731731832,22.867292404174805,0.9888502385877284,0.4369814991950989,22.867292404174805,0.0684160981641954,2.2033281326293945,22.867292404174805,0.077817672735338,2.2033281326293945
Tpgs2,0.0907366424798965,0.1561108231544494,0.8309405446052551,0.0020534001059407,3.5187056064605717,0.8309405446052551,0.0011244512537493,3.6333377361297607,0.8309405446052551,0.00590336496533,3.1823294162750244
AW554918,0.0612692274153232,0.0676164478063583,0.1468390524387359,0.5773092211680725,1.1074280738830566,0.1468390524387359,0.8093737576826344,0.4886108934879303,0.1468390524387359,0.8818667962908199,0.4119263291358948
Celf4,0.0036240993067622,0.0132137779146432,1.8732755184173584,0.9212029584249032,0.6720149517059326,1.8732755184173584,0.1110655790673865,1.972913146018982,1.8732755184173584,0.1722509287234752,1.8030800819396973
Pik3c3,0.0831020399928093,0.1043805703520774,0.3444863855838775,0.2443401199739784,1.677871584892273,0.3444863855838775,0.3201026296458203,1.3471623659133911,0.3444863855838775,0.4572553302111203,1.1524765491485596
Slc25a46,0.1339004039764404,0.2148236185312271,0.7420614957809448,0.000426753984603,3.947023868560791,0.7420614957809448,0.0005812532065428,3.816914796829224,0.7420614957809448,0.0039155669430386,3.312695026397705
B930094E09Rik,0.003361192299053,0.0052551450207829,0.6461246013641357,0.9888502385877284,0.2693138420581817,0.6461246013641357,0.7471240011419267,0.5776363611221313,0.6461246013641357,0.8254824854424135,0.4941202700138092
Sap130,0.1626130193471908,0.1194375604391098,-0.4770624041557312,0.9888502385877284,-0.0622872300446033,-0.4770624041557312,0.055388721382151,-2.2934415340423584,-0.4770624041557312,0.1505537569351241,-1.8746962547302248
Ammecr1l,0.0695474967360496,0.0680355802178382,-0.0328121334314346,0.7272849805709227,0.9087662100791932,-0.0328121334314346,1.0,-0.1106682941317558,-0.0328121334314346,1.0,-0.0925714597105979
Polr2d,0.1326812207698822,0.2073343098163604,0.6993707418441772,0.00020484295463,4.131719589233398,0.6993707418441772,0.0010004166072662,3.66598391532898,0.6993707418441772,0.0062567491443336,3.163057327270508
Wdr33,0.6010028123855591,0.5279752016067505,-0.244509756565094,0.0742511280984679,-2.270347118377685,-0.244509756565094,0.0558951773995278,-2.2894692420959477,-0.244509756565094,0.1428638735439526,-1.9007543325424197
Sft2d3,0.1011010557413101,0.0936790853738784,-0.1154399141669273,0.8976559187786647,0.7000964879989624,-0.1154399141669273,0.8368849187324119,-0.4486760199069977,-0.1154399141669273,0.9054403253943748,-0.3764921724796295
Lims2,0.0010905215749517,0.0,-20.057374954223636,0.9888502385877284,0.0673658028244972,-20.057374954223636,0.4679991859106411,-1.0,-20.057374954223636,0.6832027011037286,-0.7008072733879089
Iws1,0.3220019042491913,0.3477949798107147,0.1308102756738662,0.1415532365381446,1.9683213233947756,0.1308102756738662,0.5040138796630502,0.9393566250801086,0.1308102756738662,0.6582404440948321,0.7883767485618591
Map3k2,0.2125549018383026,0.2423499375581741,0.2115628272294998,0.0671384566774772,2.314560651779175,0.2115628272294998,0.3674484679296916,1.2506498098373413,0.2115628272294998,0.5153803957316037,1.0565332174301147
Ercc3,0.091741070151329,0.1229697540402412,0.4455935060977936,0.1007653750362143,2.13232946395874,0.4455935060977936,0.149799649786071,1.8181328773498533,0.4455935060977936,0.2594882275845245,1.5603936910629272
Bin1,0.3742053806781769,0.579749584197998,0.7916087508201599,1.0865038417401376e-08,6.094215393066406,0.7916087508201599,1.9661467140625228e-10,6.767577171325684,0.7916087508201599,9.24834265193202e-08,5.769800662994385
Gypc,0.0357864461839199,0.0779208987951278,1.1532785892486572,0.0699088347385963,2.296412229537964,1.1532785892486572,0.002860338051861,3.361400365829468,1.1532785892486572,0.0104813146355742,2.991835832595825
Tslp,0.0013421959010884,0.0,-20.357133865356445,0.9888502385877284,0.0342056974768638,-20.357133865356445,0.3727619523040256,-1.2403721809387207,-20.357133865356445,0.6044609825751196,-0.8692618012428284
Wdr36,0.1996240019798278,0.2005942910909652,0.0077187032438814,0.2607657327976272,1.641425371170044,0.0077187032438814,1.0,0.0445927232503891,0.0077187032438814,1.0,0.0370976775884628
Camk4,0.1183424144983291,0.2162310630083084,0.9421856999397278,1.2712382641155833e-05,4.771172046661377,0.9421856999397278,1.2128303162810785e-05,4.754876613616943,0.9421856999397278,0.0001885339986564,4.157953262329102
Stard4,0.0655658990144729,0.1953888982534408,1.6710140705108645,5.966313919944134e-07,5.382990837097168,1.6710140705108645,2.7773164981376017e-10,6.745815753936768,1.6710140705108645,1.1759894310975476e-08,6.141023635864258
Nrep,0.0,0.0,0.0,0.9888502385877284,0.1005259156227111,0.0,1.0,0.0,0.0,1.0,0.0
Epb41l4a,0.0011555984383448,0.0,-20.14104461669922,0.9888502385877284,0.0673658028244972,-20.14104461669922,0.4679991859106411,-1.0,-20.14104461669922,0.6832027011037286,-0.7008072733879089
Apc,0.2358736991882324,0.2519595324993133,0.1072522848844528,0.2246928388696291,1.7240269184112549,0.1072522848844528,0.6941294850524538,0.651651918888092,0.1072522848844528,0.7882237609887455,0.547739565372467
Srp19,0.4432180225849151,0.6883062720298767,0.8284062743186951,1.79856978962275e-10,6.7450947761535645,0.8284062743186951,1.647817106635267e-12,7.48713207244873,0.8284062743186951,2.701456661196972e-09,6.385558128356934
Reep5,0.5295112729072571,1.6000218391418457,2.5014889240264893,1.5518511589498895e-124,23.95168113708496,2.5014889240264893,1.3835247303858608e-173,34.53631591796875,2.5014889240264893,7.621834741072844e-125,28.716854095458984
Pkd2l2,0.007760751992464,0.0035048089921474,-1.1499333381652832,0.9888502385877284,0.0687101334333419,-1.1499333381652832,0.4009844309095945,-1.1855502128601074,-1.1499333381652832,0.5763589190105599,-0.9121341109275818
Fam13b,0.203412264585495,0.1736350655555725,-0.2505024969577789,0.9888502385877284,0.0595985725522041,-0.2505024969577789,0.3149412297442866,-1.3579703569412231,-0.2505024969577789,0.4696556524476045,-1.132085919380188
Brd8dc,0.0112684909254312,0.0021999438758939,-2.3633041381835938,0.9888502385877284,-0.0979866236448288,-2.3633041381835938,0.0558925154840407,-2.2891218662261963,-2.3633041381835938,0.2104389806962675,-1.687313675880432
Brd8,0.2875583469867706,0.2142328768968582,-0.4797771871089935,0.79953986005625,-0.8200405240058899,-0.4797771871089935,0.0104308040122014,-2.9383108615875244,-0.4797771871089935,0.0486376565747874,-2.407489061355591
Kif20a,0.0122392531484365,0.0302097406238317,1.31650710105896,0.4676003821628725,1.2678513526916504,1.31650710105896,0.0568901057890787,2.2834928035736084,1.31650710105896,0.1058767546843067,2.0545597076416016
Cdc23,0.1094042509794235,0.0737850591540336,-0.5943542122840881,0.9888502385877284,-0.188280701637268,-0.5943542122840881,0.0535465931877046,-2.307790994644165,-0.5943542122840881,0.1513300243066387,-1.871872067451477
Cdc25c,0.0025991662405431,0.0127151869237422,2.297737836837769,0.7548176793525896,0.8738136291503906,2.297737836837769,0.0408279272505471,2.4251410961151123,2.297737836837769,0.067519934091652,2.2645933628082275
Gm3550,0.007533888798207,0.0089369723573327,0.2474048435688018,0.9888502385877284,0.3359327912330627,0.2474048435688018,0.9325050437138424,0.3127638101577759,0.2474048435688018,0.9802208674813402,0.2623263895511627
Fam53c,0.0488709956407547,0.0487775057554245,-0.0028303894214332,0.889262853932275,0.7130916714668274,-0.0028303894214332,1.0,-0.0080897388979792,-0.0028303894214332,1.0,-0.0068164966069161
Kdm3b,0.1616808474063873,0.1808450669050216,0.1758238822221756,0.2219507904732538,1.731495380401611,0.1758238822221756,0.5376790908491728,0.8855658173561096,0.1758238822221756,0.6820991123699326,0.7530612945556641
Reep2,0.0,0.0057548782788217,22.460508346557617,0.9888502385877284,0.3696903884410858,22.460508346557617,0.1498840646844793,1.8198026418685915,22.460508346557617,0.1675781928403389,1.8198026418685915
Egr1,0.2001614421606063,0.2254874110221862,0.1907991170883178,0.0948563252642908,2.160186767578125,0.1907991170883178,0.496361728586756,0.9523481130599976,0.1907991170883178,0.6452673341377065,0.806216835975647
Etf1,0.2801913619041443,0.398851215839386,0.5998671650886536,7.050097805818691e-05,4.38744068145752,0.5998671650886536,0.0001002541576167,4.265978813171387,0.5998671650886536,0.0012487167562083,3.6531732082366943
Hspa9,0.4295307695865631,0.3744042813777923,-0.2405868768692016,0.5691713837076341,-1.119153618812561,-0.2405868768692016,0.1343978215193176,-1.874866008758545,-0.2405868768692016,0.2573375259590625,-1.5669817924499512
Ctnna1,0.03907922655344,0.1367869973182678,1.8789713382720947,6.54242666258854e-05,4.405888080596924,1.8789713382720947,1.2386666578124148e-08,6.114613056182861,1.8789713382720947,2.0904741460553358e-07,5.626164436340332
Lrrtm2,0.003404761198908,0.0016200187383219,-1.0728306770324707,0.9888502385877284,0.0681126564741134,-1.0728306770324707,0.6597323239847923,-0.7007517218589783,-1.0728306770324707,0.7856944475177023,-0.5510879755020142
Sil1,0.0429648160934448,0.0392789356410503,-0.1320769488811493,0.807543371010942,0.8110783100128174,-0.1320769488811493,0.8955999543441586,-0.365521639585495,-0.1320769488811493,0.9565947371606848,-0.2986951470375061
Snhg4,0.0031402357853949,0.0,-21.58470726013184,0.9994412017932364,0.0010455889860168,-21.58470726013184,0.177076038729684,-1.7226356267929075,-21.58470726013184,0.4270219936596545,-1.20723557472229
Matr3,0.7720566987991333,0.6195768117904663,-0.4400673508644104,3.9490031811975535e-05,-4.520902633666992,-0.4400673508644104,2.928012669258188e-05,-4.548305511474609,-0.4400673508644104,0.0010813979256713,-3.69633150100708
Paip2,0.847275972366333,0.9405816793441772,0.227923572063446,0.2968099762408317,1.5639023780822754,0.227923572063446,0.025768968830552,2.6073689460754395,0.227923572063446,0.0805289286685296,2.1831204891204834
Slc23a1,0.0039234599098563,0.0054872618056833,0.4850887060165405,0.9888502385877284,0.2022467851638794,0.4850887060165405,0.8715796119460096,0.4006510376930237,0.4850887060165405,0.9271587699050584,0.3442026972770691
Prob1,0.0,0.0,0.0,0.9888502385877284,0.1005259156227111,0.0,1.0,0.0,0.0,1.0,0.0
Spata24,0.0269576478749513,0.0670205056667327,1.3430335521697998,0.0591416367546169,2.3678109645843506,1.3430335521697998,0.0018423668069317,3.493739366531372,1.3430335521697998,0.0071437330324336,3.120105504989624
Dnajc18,0.0486713089048862,0.0479779168963432,-0.0212050955742597,0.8486214388548989,0.7596951127052307,-0.0212050955742597,1.0,-0.0592223368585109,-0.0212050955742597,1.0,-0.0497801229357719
1700066B19Rik,0.0178493577986955,0.0175833459943532,-0.0218551233410835,0.9888502385877284,0.4654364585876465,-0.0218551233410835,1.0,-0.0383398160338401,-0.0218551233410835,1.0,-0.0317235514521598
Ecscr,0.0,0.0,0.0,0.9888502385877284,0.1005259156227111,0.0,1.0,0.0,0.0,1.0,0.0
Tmem173,0.2515046000480652,0.253894954919815,0.0154437506571412,0.2999744632924109,1.5571807622909546,0.0154437506571412,1.0,0.0972490832209587,0.0154437506571412,1.0,0.080797865986824
Ube2d2a,0.9837409853935242,0.8632892966270447,-0.2885084450244903,7.451678592718504e-05,-4.374818801879883,-0.2885084450244903,0.0016223433282071,-3.5251352787017822,-0.2885084450244903,0.0131314449732553,-2.914398670196533
Cxxc5,0.1534155011177063,0.0092582236975431,-4.155961513519287,0.0010578319640926,-3.705716848373413,-4.155961513519287,2.1940471973167812e-24,-10.763998031616213,-4.155961513519287,1.161753837452178e-12,-7.687723159790039
Psd2,0.0,0.0,0.0,0.9888502385877284,0.1005259156227111,0.0,1.0,0.0,0.0,1.0,0.0
Nrg2,0.0178419817239046,0.0018219631165266,-3.3032844066619877,0.9888502385877284,-0.3637902736663818,-3.3032844066619877,0.0031727696322423,-3.324991226196289,-3.3032844066619877,0.0476597014914722,-2.419885873794556
Pura,0.7661684155464172,0.5694573521614075,-0.5856456756591797,3.434440637970819e-07,-5.487773895263672,-0.5856456756591797,4.8582601612194447e-08,-5.834383010864258,-0.5856456756591797,1.3437207476101426e-05,-4.779296398162842
Igip,0.0393014773726463,0.0233394317328929,-0.7633882164955139,0.9888502385877284,-0.1691613644361496,-0.7633882164955139,0.1856345409657058,-1.69228994846344,-0.7633882164955139,0.3404095861445099,-1.3741902112960815
Cystm1,0.0,0.0008287224336527,19.66112899780273,0.9888502385877284,0.1678170263767242,19.66112899780273,0.4679991859106411,1.0,19.66112899780273,0.5282133287683867,1.0
Pfdn1,0.3405062854290008,0.6492946743965149,1.172226905822754,1.607998750734423e-17,8.852703094482422,1.172226905822754,2.3807935590014438e-21,10.063703536987305,1.172226905822754,2.047227808961511e-16,8.73845100402832
Hbegf,0.0012097571743652,0.0136069906875491,3.500511407852173,0.9888502385877284,0.5378808379173279,3.500511407852173,0.0517434480653872,2.3273158073425293,3.500511407852173,0.067371870484577,2.2675163745880127
Ankhd1,0.3512913882732391,0.2527405321598053,-0.5496734976768494,0.2818350414255002,-1.5947473049163818,-0.5496734976768494,0.0007967666885251,-3.7264480590820312,-0.5496734976768494,0.0088175557051312,-3.0503807067871094
Maskbp3,0.0,0.0,0.0,0.9888502385877284,0.1005259156227111,0.0,1.0,0.0,0.0,1.0,0.0
Sra1,0.3856136202812195,0.6418800354003906,0.9357594847679138,2.514022636639307e-12,7.361095905303955,0.9357594847679138,2.3010107814144317e-15,8.384773254394531,0.9357594847679138,2.098562184502008e-11,7.157123565673828
Apbb3,0.0492987483739852,0.028195459395647,-0.8214089274406433,0.9888502385877284,0.0584782995283603,-0.8214089274406433,0.0801049967114965,-2.1275458335876465,-0.8214089274406433,0.2110053731457108,-1.6848891973495483
Slc35a4,0.1293748617172241,0.1661991775035858,0.3885729312896728,0.0198088996644794,2.792917490005493,0.3885729312896728,0.1184511223412684,1.9398492574691768,0.3885729312896728,0.2244895470645102,1.648392677307129
Cd14,0.0,0.001271593151614,20.27912330627441,0.9888502385877284,0.1678170263767242,20.27912330627441,0.4679991859106411,1.0,20.27912330627441,0.5282133287683867,1.0
Tmco6,0.0841048657894134,0.0860419496893882,0.0342680923640728,0.6055722659382315,1.070011019706726,0.0342680923640728,1.0,0.1262364536523819,0.0342680923640728,1.0,0.1062525287270546
Ndufa2,1.0358564853668213,1.2279194593429563,0.4095267653465271,0.0001342099547402,4.235681056976318,0.4095267653465271,5.9041815364087084e-08,5.800735950469971,0.4095267653465271,1.3508375553212382e-05,4.777600765228272
Ik,0.3938972949981689,0.44229856133461,0.2045411318540573,0.0861685619253606,2.20305609703064,0.2045411318540573,0.2088671450255043,1.6241129636764526,0.2045411318540573,0.347673355367673,1.3588011264801023
Wdr55,0.0831427574157714,0.1226829886436462,0.5902841091156006,0.0502425418688533,2.436147689819336,0.5902841091156006,0.0446574129716576,2.3862457275390625,0.5902841091156006,0.101164081613513,2.0762064456939697
Dnd1,0.0010808538645505,0.0011494271457195,0.0887929126620292,0.9888502385877284,0.201798677444458,0.0887929126620292,1.0,0.0506098307669162,0.0887929126620292,1.0,0.0392887704074382
Hars,0.2131489068269729,0.2678200900554657,0.3704185485839844,0.0087363635661523,3.0750772953033447,0.3704185485839844,0.0481745780630898,2.353816032409668,0.3704185485839844,0.1192505924431424,1.99561870098114
Hars2,0.0816872268915176,0.0736895501613617,-0.1544944792985916,0.8522842204496397,0.7556620836257935,-0.1544944792985916,0.7608087359968912,-0.5579937696456909,-0.1544944792985916,0.8473201388052483,-0.4613455832004547
Zmat2,0.4361751675605774,0.568024754524231,0.4840810298919678,0.0005408936071891,3.885856866836548,0.4840810298919678,0.0001001236894025,4.265089988708496,0.4840810298919678,0.0014568832632603,3.609030961990357
Pcdhb22,0.0,0.0,0.0,0.9888502385877284,0.1005259156227111,0.0,1.0,0.0,0.0,1.0,0.0
Slc25a2,0.0,0.0,0.0,0.9888502385877284,0.1005259156227111,0.0,1.0,0.0,0.0,1.0,0.0
Taf7,0.2685871124267578,0.3481060564517975,0.4344408214092254,0.0030259665543612,3.4045870304107666,0.4344408214092254,0.010642576152513,2.93304705619812,0.4344408214092254,0.0388086619937974,2.50296950340271
Pcdhga4,0.0,0.0,0.0,0.9888502385877284,0.1005259156227111,0.0,1.0,0.0,0.0,1.0,0.0
Pcdhgb2,0.0,0.0,0.0,0.9888502385877284,0.1005259156227111,0.0,1.0,0.0,0.0,1.0,0.0
Pcdhgb4,0.00098980194889,0.0,-19.917495727539062,0.9888502385877284,0.0673658028244972,-19.917495727539062,0.4679991859106411,-1.0,-19.917495727539062,0.6832027011037286,-0.7008072733879089
Pcdhgb5,0.0034952829591929,0.0,-21.739500045776367,0.9994412017932364,0.0010455889860168,-21.739500045776367,0.1752949659757196,-1.7300527095794678,-21.739500045776367,0.4249064198943013,-1.2124335765838623
Pcdhga9,0.0032836829777806,0.0,-21.649253845214844,0.9994412017932364,0.0010455889860168,-21.649253845214844,0.1818097095995058,-1.705993890762329,-21.649253845214844,0.4324961422880281,-1.195572853088379
Pcdhgb6,0.0022390454541891,0.0,-21.0960693359375,0.9888502385877284,0.0342056974768638,-21.0960693359375,0.2942789202292576,-1.4124560356140137,-21.0960693359375,0.5299909986835808,-0.9898594617843628
Pcdhga10,0.0032165043521672,0.0,-21.619382858276367,0.9994412017932364,0.0010455889860168,-21.619382858276367,0.1750422520893373,-1.7331035137176514,-21.619382858276367,0.4247033279437463,-1.2145715951919556
Pcdhgb7,0.0011129725025966,0.0,-20.086790084838867,0.9888502385877284,0.0673658028244972,-20.086790084838867,0.4679991859106411,-1.0,-20.086790084838867,0.6832027011037286,-0.7008072733879089
Pcdhga11,0.0,0.0,0.0,0.9888502385877284,0.1005259156227111,0.0,1.0,0.0,0.0,1.0,0.0
Pcdhga12,0.0095605216920375,0.0047480226494371,-1.0132380723953247,0.9888502385877284,0.1354784518480301,-1.0132380723953247,0.4532141737898661,-1.0969582796096802,-1.0132380723953247,0.6108089105002865,-0.8586677312850952
Pcdhgc3,0.0008046861621551,0.0069139441475272,3.107418775558472,0.9888502385877284,0.4369814991950989,3.107418775558472,0.1802060091300683,1.7130937576293943,3.107418775558472,0.2170743031958445,1.6696209907531738
Pcdhgc4,0.0024289034772664,0.0012491347733885,-0.9602267146110536,0.9888502385877284,0.1013474464416503,-0.9602267146110536,0.7645499921238902,-0.5524263978004456,-0.9602267146110536,0.8721641760208606,-0.4259977340698242
Pcdhgc5,0.0,0.0,0.0,0.9888502385877284,0.1005259156227111,0.0,1.0,0.0,0.0,1.0,0.0
Diaph1,0.5057656764984131,0.8689686059951782,1.0725953578948977,4.450742541545189e-20,9.500520706176758,1.0725953578948977,4.592489598630646e-24,10.713530540466309,1.0725953578948977,9.286342681145142e-18,9.121009826660156
Hdac3,0.1300104111433029,0.2061948925256729,0.7218759059906006,0.0003289780313962,4.012447834014893,0.7218759059906006,0.0008063517937898,3.7264342308044434,0.7218759059906006,0.0053954073685239,3.2109620571136475
Rell2,0.02587984316051,0.0060343048535287,-2.1149227619171143,0.9888502385877284,-0.3656574189662933,-2.1149227619171143,0.0060106593266578,-3.121451139450073,-2.1149227619171143,0.0575780665341983,-2.337404727935791
Fchsd1,0.0130546893924474,0.0202820245176553,0.640861451625824,0.9763010190740128,0.5998693108558655,0.640861451625824,0.4679991859106411,1.0548213720321655,0.640861451625824,0.5770067929466384,0.9108487367630004
Arap3,0.0013839330058544,0.0,-20.401342391967773,0.9888502385877284,0.0342056974768638,-20.401342391967773,0.3761989931291983,-1.2332113981246948,-20.401342391967773,0.6077207203046582,-0.8642435669898987
Dele1,0.0752003863453865,0.0975472331047058,0.3917126655578613,0.2607994415479779,1.6412760019302368,0.3917126655578613,0.2902433978372412,1.427847146987915,0.3917126655578613,0.4139686434676354,1.2339420318603516
Rnf14,0.1308765113353729,0.2331193387508392,0.9088508486747742,4.696856871723912e-05,4.482365131378174,0.9088508486747742,1.865377574134104e-05,4.659872055053711,0.9088508486747742,0.0002463474802069,4.089789867401123
Gnpda1,0.0834712088108062,0.2635769844055176,1.7925474643707275,7.598229501363587e-11,6.873328685760498,1.7925474643707275,7.195231926081866e-15,8.297451972961426,1.7925474643707275,1.2776392883274793e-12,7.582932472229004
Ndfip1,0.8117335438728333,1.7162879705429075,1.866233706474304,1.929726393972857e-98,21.282888412475582,1.866233706474304,4.703444839074271e-129,27.88333320617676,1.866233706474304,4.866353970106898e-87,22.780357360839844
Spry4,0.0010280378628522,0.0,-19.972204208374023,0.9888502385877284,0.0673658028244972,-19.972204208374023,0.4679991859106411,-1.0,-19.972204208374023,0.6832027011037286,-0.7008072733879089
Arhgap26-1,0.0649691820144653,0.2905482649803161,2.32848858833313,5.821969399345976e-15,8.151636123657227,2.32848858833313,1.426820298620407e-20,9.986669540405272,2.32848858833313,2.3736266832944005e-18,9.342782020568848
Nr3c1,0.3330638110637665,0.253166139125824,-0.4561597108840942,0.4853393831292489,-1.2406660318374634,-0.4561597108840942,0.0067834311819235,-3.0831961631774902,-0.4561597108840942,0.0361638003847698,-2.532985210418701
Yipf5,0.1406767517328262,0.2018942385911941,0.5666348934173584,0.0025955225865218,3.450294256210327,0.5666348934173584,0.0109275657618137,2.92368483543396,0.5666348934173584,0.0379351105647065,2.511817455291748
Prelid2,0.0145855192095041,0.0585350915789604,2.036661148071289,0.0805339535563035,2.232929944992065,2.036661148071289,0.0002191192085682,4.081156730651856,2.036661148071289,0.0007800764564421,3.78734827041626
Lars,0.2120332270860672,0.2775223553180694,0.4374793767929077,0.0021323757354646,3.5077269077301025,0.4374793767929077,0.0262033721074397,2.601276636123657,0.4374793767929077,0.0751937213476603,2.216301202774048
Rbm27,0.2795996069908142,0.2923861742019653,0.0741753205657005,0.1621511662119983,1.8996111154556277,0.0741753205657005,0.8069129071784479,0.4920773804187774,0.0741753205657005,0.8827561414878667,0.4107434153556824
Tcerg1,0.3113263845443725,0.3551904857158661,0.2235604524612426,0.0700845333400099,2.2952919006347656,0.2235604524612426,0.2363478852713708,1.55198872089386,0.2235604524612426,0.372477489539703,1.309406280517578
Dpysl3,0.0,0.0107959546148777,23.371782302856445,0.9888502385877284,0.5042726397514343,23.371782302856445,0.0407663350910973,2.428248882293701,23.371782302856445,0.0468618406076218,2.428248882293701
Eif3j2,0.01118472404778,0.0101523473858833,-0.1404625326395034,0.9888502385877284,0.3015777468681335,-0.1404625326395034,1.0,-0.1987845450639724,-0.1404625326395034,1.0,-0.1627848446369171
Jakmip2,0.0010947223054245,0.0016200187383219,0.5658241510391235,0.9888502385877284,0.1345822364091873,0.5658241510391235,0.9630164630742322,0.2686638534069061,0.5658241510391235,0.9985850008673204,0.2334171682596206
Spink14,0.0,0.0,0.0,0.9888502385877284,0.1005259156227111,0.0,1.0,0.0,0.0,1.0,0.0
Dcp2,0.1319892704486847,0.2746265828609466,1.1634254455566406,3.628236778068385e-09,6.274504661560059,1.1634254455566406,2.9423402105389478e-09,6.343225955963135,1.1634254455566406,2.451511687772433e-07,5.588537693023682
Mcc,0.0010197171941399,0.0025216275826096,1.3072690963745115,0.9888502385877284,0.1347316056489944,1.3072690963745115,0.7648023114648459,0.5521718859672546,1.3072690963745115,0.8109398547514906,0.5158857107162476
Ythdc2,0.1013201996684074,0.1293658167123794,0.3731541931629181,0.0805339535563035,2.233004570007324,0.3731541931629181,0.2228902368226513,1.5877258777618408,0.3731541931629181,0.3514852864893912,1.3508652448654177
Trim36,0.000886668334715,0.0195150133222341,4.473505020141602,0.8101867390177802,0.8074934482574463,4.473505020141602,0.0067668253903515,3.0944318771362305,4.473505020141602,0.0087386198761067,3.060230255126953
Pggt1b,0.1383872330188751,0.1911457479000091,0.5050641894340515,0.0134631328702703,2.9297404289245605,0.5050641894340515,0.0335319590730429,2.503834009170532,0.5050641894340515,0.0856211249294677,2.154752016067505
Ccdc112,0.0020775354932993,0.0165713299065828,3.0062150955200195,0.8940648012290606,0.7062206864356995,3.0062150955200195,0.0342595042392163,2.499011278152466,3.0062150955200195,0.0476829223830647,2.4188311100006104
Fem1c,0.1165480315685272,0.1273338198661804,0.1356292814016342,0.2290969682930412,1.7138696908950806,0.1356292814016342,0.7240868103324253,0.6087514162063599,0.1356292814016342,0.8120409063494906,0.5131435394287109
Ticam2,0.0,0.0043834247626364,22.066789627075195,0.9888502385877284,0.3023992776870727,22.066789627075195,0.177076038729684,1.7247297763824463,22.066789627075195,0.1982523645954164,1.7247297763824463
Tmed7,0.2209055870771408,0.3536644279956817,0.7792951464653015,1.1233312512231566e-06,5.26230001449585,0.7792951464653015,1.6881324010382862e-06,5.169600009918213,0.7792951464653015,5.179160752393348e-05,4.472023963928223
Eif1a,0.2347074151039123,0.2985099852085113,0.3949824571609497,0.0073887738362153,3.1288504600524902,0.3949824571609497,0.0375152615762789,2.4574270248413086,0.3949824571609497,0.0973887455483577,2.09460997581482
Cdo1,0.0,0.002075035823509,20.986202239990234,0.9888502385877284,0.1678170263767242,20.986202239990234,0.4679991859106411,1.0,20.986202239990234,0.5282133287683867,1.0
Atg12,0.1696605533361435,0.30243119597435,0.9334933757781982,5.177387531912248e-07,5.41047477722168,0.9334933757781982,5.477406110942841e-07,5.395408630371094,0.9334933757781982,1.8766353480472485e-05,4.703133583068848
Ap3s1,0.1976059228181839,0.4396952688694,1.3377649784088137,2.360484640850169e-16,8.540595054626465,1.3377649784088137,1.2717715912490549e-17,9.070123672485352,1.3377649784088137,7.726585124226508e-14,7.961719989776611
Commd10,0.0515876337885856,0.1291458308696746,1.3806926012039185,0.000380136935213,3.976150989532471,1.3806926012039185,5.431779518595655e-06,4.933844089508057,1.3806926012039185,6.503937710280879e-05,4.419227123260498
Hspe1-rs1,0.037083089351654,0.0190841518342494,-0.9714308381080629,0.9888502385877284,0.1428722739219665,-0.9714308381080629,0.0656181390639608,-2.217705488204956,-0.9714308381080629,0.1961074653903087,-1.730406641960144
Eno1b,0.0202660728245973,0.0440022312104702,1.1357240676879885,0.3007916940641058,1.5554629564285278,1.1357240676879885,0.0336018038296896,2.503986597061157,1.1357240676879885,0.0731615457344809,2.229386329650879
Dtwd2,0.0281781163066625,0.0237163603305816,-0.2519248723983764,0.9888502385877284,0.3526622354984283,-0.2519248723983764,0.7762629793810748,-0.5351635217666626,-0.2519248723983764,0.8634205131714039,-0.4380016028881073
Dmxl1,0.209829106926918,0.1644805967807769,-0.3850292265415191,0.9888502385877284,0.3929173946380615,-0.3850292265415191,0.0765623121522457,-2.1483592987060547,-0.3850292265415191,0.1897490841921286,-1.7494844198226929
Tnfaip8,0.5343161821365356,0.6036901473999023,0.2308774888515472,0.1413437021363121,1.969292163848877,0.2308774888515472,0.0934732370817958,2.05599308013916,0.2308774888515472,0.1959343371920458,1.7304502725601196
Hsd17b4,0.1309597045183181,0.1323736310005188,0.0165352262556552,0.5179524203571615,1.1923449039459229,0.0165352262556552,1.0,0.0769728049635887,0.0165352262556552,1.0,0.0646040961146354
Srfbp1,0.1159185394644737,0.1544949859380722,0.4429022967815399,0.0232785610233626,2.733319044113159,0.4429022967815399,0.0920419883215317,2.064164161682129,0.4429022967815399,0.1863703611647902,1.759684920310974
Snx2,0.2114917039871215,0.3746445477008819,0.9483508467674256,2.922193635227504e-09,6.309980392456055,0.9483508467674256,3.5238340013375542e-09,6.306741237640381,0.9483508467674256,4.5467181137397e-07,5.470384120941162
Snx24,0.0,0.0,0.0,0.9888502385877284,0.1005259156227111,0.0,1.0,0.0,0.0,1.0,0.0
Ppic,0.1264943331480026,0.0384571254253387,-1.7821279764175415,0.2504910848428925,-1.6635321378707886,-1.7821279764175415,6.707558132860581e-08,-5.770138263702393,-1.7821279764175415,7.61072351084683e-05,-4.390599250793457
Cep120,0.1632694453001022,0.1374006420373916,-0.2679937481880188,0.9888502385877284,0.483211487531662,-0.2679937481880188,0.3356628152199953,-1.3151410818099976,-0.2679937481880188,0.4975940582162068,-1.08577299118042
Csnk1g3,0.2321193069219589,0.292169839143753,0.3771484196186065,0.0101138768263737,3.026681423187256,0.3771484196186065,0.044465388129448,2.387498617172241,0.3771484196186065,0.110109165435376,2.03572678565979
Zfp608,0.0026708119548857,0.0,-21.35077476501465,0.9888502385877284,0.0342056974768638,-21.35077476501465,0.2942789202292576,-1.4107205867767334,-21.35077476501465,0.5299909986835808,-0.9886432886123656
Gramd3,0.4952861368656158,0.7169030904769897,0.70942622423172,3.3806711506762604e-08,5.901752471923828,0.70942622423172,6.0759149757273894e-09,6.210259914398193,0.70942622423172,8.979529256708224e-07,5.338199615478516
Aldh7a1,0.0178490169346332,0.0495273806154727,1.495361089706421,0.1545725339369353,1.924630641937256,1.495361089706421,0.005177837875862,3.17765736579895,1.495361089706421,0.0148033950276052,2.8716065883636475
Phax,0.2583381533622741,0.4308903813362121,0.8696644306182861,3.670322782375663e-09,6.272488117218018,0.8696644306182861,4.789095232902824e-09,6.251945495605469,0.8696644306182861,6.869831534347055e-07,5.390231609344482
Tex43,0.0,0.0,0.0,0.9888502385877284,0.1005259156227111,0.0,1.0,0.0,0.0,1.0,0.0
Lmnb1,0.1566271185874939,0.5138654708862305,1.9861135482788088,8.081299608325829e-23,10.148711204528809,1.9861135482788088,6.572620773302346e-28,11.80641269683838,1.9861135482788088,4.0500341035428554e-24,10.825203895568848
March3,0.0202639661729335,0.0007913129520602,-4.692593574523926,0.9888502385877284,-0.4304092526435852,-4.692593574523926,0.0002729249563205,-4.014321804046631,-4.692593574523926,0.0167769357068221,-2.832509756088257
C330018D20Rik,0.0348183810710907,0.056430697441101,0.7123396396636963,0.4061197347320961,1.366286039352417,0.7123396396636963,0.1301496285131149,1.8923283815383911,0.7123396396636963,0.2179503458687298,1.6659492254257202
Prrc1,0.0911679491400718,0.1735097914934158,0.989125430583954,0.0001100566335485,4.282956600189209,0.989125430583954,5.121777574543914e-05,4.428654193878174,0.989125430583954,0.0005397725441126,3.884714126586914
Slc12a2,0.027154529467225,0.0149666955694556,-0.868259608745575,0.9888502385877284,0.127711221575737,-0.868259608745575,0.1968048945768925,-1.6577390432357788,-0.868259608745575,0.3763507345604741,-1.302154302597046
Slc27a6,0.0010783524485304,0.0,-20.04117584228516,0.9888502385877284,0.0673658028244972,-20.04117584228516,0.4679991859106411,-1.0,-20.04117584228516,0.6832027011037286,-0.7008072733879089
Isoc1,0.1635638624429702,0.1160528436303138,-0.5301424264907837,0.9888502385877284,0.0495907925069332,-0.5301424264907837,0.0292497222724732,-2.5570027828216557,-0.5301424264907837,0.1030805577769324,-2.067820310592652
Chsy3,0.0,0.0,0.0,0.9888502385877284,0.1005259156227111,0.0,1.0,0.0,0.0,1.0,0.0
Gm4951,0.1132403686642646,0.0,-26.837268829345703,0.0242602501770532,-2.718083381652832,-26.837268829345703,2.414122423425516e-18,-9.24669075012207,-26.837268829345703,2.408565028732105e-09,-6.480148315429688
Gm4841,0.0369034819304943,0.0,-25.16395568847656,0.7373174679569416,-0.8942773342132568,-25.16395568847656,4.877361741680324e-07,-5.414373874664307,-25.16395568847656,0.0007967654585057,-3.794432401657105
F830016B08Rik,0.0345357432961463,0.0030445342417806,-3.526583671569824,0.8774649340162387,-0.7263855934143066,-3.526583671569824,0.0001561728618608,-4.152356624603272,-3.526583671569824,0.0092944773877382,-3.037203550338745
Iigp1,0.4967165887355804,0.0749896913766861,-3.046333312988281,8.103266760913694e-16,-8.393241882324219,-3.046333312988281,8.434655742530932e-45,-14.883557319641112,-3.046333312988281,8.022680973884577e-25,-11.139784812927246
Smim3,0.0107958149164915,0.1275039762258529,3.647155284881592,1.7076864500772106e-06,5.180071830749512,3.647155284881592,2.4053362413671442e-14,8.198803901672363,3.647155284881592,1.3940969208651397e-13,7.961978435516357
Dctn4,0.2731440961360931,0.4102427363395691,0.6913319826126099,5.883513851077974e-06,4.930325508117676,0.6913319826126099,9.715811210497163e-06,4.801407337188721,0.6913319826126099,0.000196733845875,4.146701812744141
Rbm22,0.288505494594574,0.4139641523361206,0.6166929006576538,6.950911236296668e-06,4.89582109451294,0.6166929006576538,4.152798061299846e-05,4.4736433029174805,0.6166929006576538,0.0006804716800595,3.8216512203216553
Myoz3,0.0,0.0,0.0,0.9888502385877284,0.1005259156227111,0.0,1.0,0.0,0.0,1.0,0.0
Synpo,0.0036443341523408,0.0049008619971573,0.4282872080802917,0.9888502385877284,0.2022467851638794,0.4282872080802917,0.9038626946730264,0.3540554344654083,0.4282872080802917,0.9546025957223307,0.3017261028289795
Ndst1,0.08773123472929,0.1202476099133491,0.4787076711654663,0.0956400622723771,2.156153917312622,0.4787076711654663,0.1243535663223335,1.9152065515518188,0.4787076711654663,0.2259842807990681,1.6437970399856567
Rps14,4.1847991943359375,3.692471504211426,-0.7245374917984009,1.5481723832281782e-146,-25.994911193847656,-0.7245374917984009,4.63664960337122e-168,-36.379093170166016,-0.7245374917984009,2.3688807535461923e-147,-32.1128044128418
Cd74,0.0527693964540958,0.0510669760406017,-0.0485496148467063,0.9998808200987978,-0.0001493698509875,-0.0485496148467063,1.0,-0.0911242440342903,-0.0485496148467063,1.0,-0.0815425366163253
Tcof1,0.513035774230957,0.532809317111969,0.0700609013438224,0.9888502385877284,0.5756714344024658,0.0700609013438224,0.7077800870926572,0.6321331858634949,0.0700609013438224,0.8058774407555653,0.5239039659500122
Camk2a,0.0,0.0,0.0,0.9888502385877284,0.1005259156227111,0.0,1.0,0.0,0.0,1.0,0.0
Pdgfrb,0.0068908738903701,0.0,-22.721229553222656,0.9888502385877284,-0.0984347313642501,-22.721229553222656,0.0389342645234519,-2.442056655883789,-22.721229553222656,0.2024314167168295,-1.7114109992980957
Csf1r,0.0,0.0,0.0,0.9888502385877284,0.1005259156227111,0.0,1.0,0.0,0.0,1.0,0.0
Hmgxb3,0.1344701200723648,0.0807341188192367,-0.7754926085472107,0.9888502385877284,-0.498596578836441,-0.7754926085472107,0.0036473081748511,-3.281761407852173,-0.7754926085472107,0.0287878168101022,-2.6238410472869877
Slc26a2,0.0758047625422477,0.0767823010683059,0.0191993173211812,0.7628976596856115,0.8633577823638916,0.0191993173211812,1.0,0.0670690760016441,0.0191993173211812,1.0,0.0564266815781593
Pde6a,0.0219000857323408,0.0013290834613144,-4.057299613952637,0.9888502385877284,-0.4636440277099609,-4.057299613952637,0.0003079837724305,-3.9816911220550537,-4.057299613952637,0.0164723897669343,-2.8386054039001465
Ppargc1b,0.0819836854934692,0.0131109999492764,-2.694634199142456,0.2797920983374942,-1.598854899406433,-2.694634199142456,9.016879223200063e-10,-6.508677959442139,-2.694634199142456,1.4728093299054248e-05,-4.777313709259033
Arhgef37,0.0,0.0,0.0,0.9888502385877284,0.1005259156227111,0.0,1.0,0.0,0.0,1.0,0.0
Csnk1a1,0.8819118738174438,1.0257011651992798,0.3378687500953674,0.0515449231700088,2.4250195026397705,0.3378687500953674,0.0001575655785022,4.150941371917725,0.3378687500953674,0.0028146013100766,3.414494037628174
Pcyox1l,0.002739742398262,0.0220027770847082,3.0194971561431885,0.552139031561047,1.1429781913757324,3.0194971561431885,0.0032210167980401,3.3305463790893555,3.0194971561431885,0.0056859457979607,3.19907021522522
Grpel2,0.069537453353405,0.0987273007631301,0.5270101428031921,0.0817660991080016,2.226283073425293,0.5270101428031921,0.1114204893036543,1.9702415466308596,0.5270101428031921,0.2098895220871174,1.6878608465194702
Adrb2,0.1844934821128845,0.0827280208468437,-1.2321642637252808,0.1680968933910459,-1.8812386989593504,-1.2321642637252808,2.8475309811956735e-07,-5.5021162033081055,-1.2321642637252808,0.0001020569542793,-4.315899848937988
Fbxo38,0.1063091903924942,0.1313676983118057,0.3237782120704651,0.1107234025666102,2.0881905555725098,0.3237782120704651,0.2975776067730056,1.39928138256073,0.3237782120704651,0.4313534290594341,1.1973965167999268
Spink10,0.0023626408074051,0.0123942047357559,2.398437976837158,0.9452671725632862,0.6384814381599426,2.398437976837158,0.0681358807683205,2.203320264816284,2.398437976837158,0.1040049920019403,2.0640902519226074
Spink13,0.0,0.0016629131278023,20.666481018066406,0.9888502385877284,0.1678170263767242,20.666481018066406,0.4679991859106411,1.0,20.666481018066406,0.5282133287683867,1.0
Apcdd1,0.0,0.0,0.0,0.9888502385877284,0.1005259156227111,0.0,1.0,0.0,0.0,1.0,0.0
Napg,0.2522372305393219,0.3110552132129669,0.3468067049980163,0.0113720829680853,2.987546443939209,0.3468067049980163,0.0568901057890787,2.2822537422180176,0.3468067049980163,0.1327289784292429,1.938829779624939
Txnl1,0.4217651188373565,0.6798959374427795,0.8920802474021912,1.1359639402678602e-11,7.149588108062744,0.8920802474021912,8.35430046181868e-14,7.9140305519104,0.8920802474021912,1.7108813684155382e-10,6.834240913391113
Wdr7,0.0298636425286531,0.0451550856232643,0.6075977087020874,0.5751538682195138,1.111311674118042,0.6075977087020874,0.2770880450142416,1.4568204879760742,0.6075977087020874,0.4004584243906683,1.2573405504226685
Onecut2,0.0,0.001524887396954,20.541372299194336,0.9888502385877284,0.1678170263767242,20.541372299194336,0.4679991859106411,1.0,20.541372299194336,0.5282133287683867,1.0
Fech,0.0575220175087451,0.0553036630153656,-0.0583546943962574,0.7557055892398971,0.8723199367523193,-0.0583546943962574,1.0,-0.1840686649084091,-0.0583546943962574,1.0,-0.1522264927625656
Nars,0.3005078136920929,0.3843744099140167,0.4190526604652405,0.0035234856280637,3.359776258468628,0.4190526604652405,0.0075792408259157,3.047744035720825,0.4190526604652405,0.0312335981397802,2.59060287475586
Atp8b1,0.0,0.0,0.0,0.9888502385877284,0.1005259156227111,0.0,1.0,0.0,0.0,1.0,0.0
Nedd4l,0.0796331763267517,0.0071018077433109,-3.5398097038269043,0.2159157732784921,-1.7465816736221311,-3.5398097038269043,6.9585240384385414e-12,-7.261749267578125,-3.5398097038269043,1.7423641855246417e-06,-5.237150192260742
Alpk2,0.0059827519580721,0.0063454010523855,0.0851640179753303,0.9888502385877284,0.2023961544036865,0.0851640179753303,1.0,0.0865435674786567,0.0851640179753303,1.0,0.07256630808115
Malt1,0.6783629059791565,0.960081160068512,0.7317480444908142,5.693201214237541e-09,6.201686859130859,0.7317480444908142,3.158339350894448e-12,7.392526626586914,0.7317480444908142,4.24715348910933e-09,6.309150218963623
Sec11c,0.7762976288795471,1.2728497982025146,1.1316298246383667,5.2614383566212455e-31,11.872812271118164,1.1316298246383667,3.3047953812334354e-39,13.97598934173584,1.1316298246383667,3.9290132374740366e-28,11.737473487854004
Lman1,0.1326839029788971,0.213430181145668,0.745695948600769,0.0003007897233243,4.035226821899414,0.745695948600769,0.0006755355645797,3.775129556655884,0.745695948600769,0.0045890856968595,3.263320207595825
Pmaip1,0.0365008264780044,0.3384635150432586,3.437618970870972,1.3854789926728049e-22,10.095311164855955,3.437618970870972,7.96759420682654e-31,12.681387901306152,3.437618970870972,2.7011061164896333e-29,12.245635032653809
Gnal,0.0147643331438303,0.0031065419316291,-2.2571561336517334,0.9888502385877284,-0.1315948367118835,-2.2571561336517334,0.0253463730724597,-2.61304783821106,-2.2571561336517334,0.1404056363608604,-1.9116131067276
Chmp1b,0.1555188000202179,0.2445240616798401,0.7192298769950867,0.0001203319330685,4.2615966796875,0.7192298769950867,0.0003570041501314,3.945319890975952,0.7192298769950867,0.0029561554586238,3.39915132522583
Mppe1,0.2627058327198028,0.1722183227539062,-0.6768462657928467,0.4142792312890125,-1.3526934385299685,-0.6768462657928467,0.0002032233870139,-4.085626602172852,-0.6768462657928467,0.0040487554050866,-3.303607225418091
Impa2,0.0542019344866275,0.1616497486829757,1.6553561687469482,3.105683879583745e-06,5.060800075531006,1.6553561687469482,3.042405329702076e-09,6.351318836212158,1.6553561687469482,9.433941423440905e-08,5.770773887634277
Tubb6,0.0009727513534016,0.0067378287203609,2.7963006496429443,0.9728535020078471,0.6050972938537598,2.7963006496429443,0.0955732538275995,2.0476150512695312,2.7963006496429443,0.1348204606622897,1.9316437244415283
Afg3l2,0.149821788072586,0.1837316751480102,0.3194934725761413,0.0348456560494312,2.581932544708252,0.3194934725761413,0.1966261315774541,1.6590697765350342,0.3194934725761413,0.3266661887604048,1.406148076057434
Prelid3a,0.0,0.0011552764335647,20.14064216613769,0.9888502385877284,0.1678170263767242,20.14064216613769,0.4679991859106411,1.0,20.14064216613769,0.5282133287683867,1.0
Spire1,0.0012006574543192,0.0012953480472788,0.1095834821462631,0.9888502385877284,0.201798677444458,0.1095834821462631,1.0,0.0626178011298179,0.1095834821462631,1.0,0.0487010814249515
Cep76,0.0174361169338226,0.030523657798767,0.8173272609710693,0.7337856549764554,0.8984596729278564,0.8173272609710693,0.2357160335697114,1.5540640354156494,0.8173272609710693,0.3398292834306127,1.3752459287643433
Psmg2,0.1814617961645126,0.1960987895727157,0.1228048875927925,0.191898145642388,1.810885429382324,0.1228048875927925,0.6684830984996964,0.6876278519630432,0.1228048875927925,0.7656603390392934,0.5798611640930176
Ptpn2,0.2312689125537872,0.4710787832736969,1.2094848155975342,1.97192804013438e-14,7.998755931854248,1.2094848155975342,3.6112863711831883e-16,8.647822380065918,1.2094848155975342,1.2604305877447813e-12,7.570567607879639
Seh1l,0.1601209044456482,0.1839012801647186,0.2174152582883834,0.1046294319359858,2.1145544052124023,0.2174152582883834,0.4386685080984033,1.1220667362213137,0.2174152582883834,0.5483341577940821,0.9554266929626464
Cep192,0.2452461868524551,0.297474056482315,0.3179096281528473,0.0068967514766439,3.15125584602356,0.3179096281528473,0.1031408387867624,2.009605407714844,0.3179096281528473,0.2039229576964932,1.7048475742340088
Ldlrad4,0.1058324575424194,0.013483447022736,-3.0397989749908447,0.0733610500403364,-2.275799036026001,-3.0397989749908447,6.509040245642947e-14,-7.913483142852783,-3.0397989749908447,1.2071947354308537e-07,-5.759167671203613
Fam210a,0.0974527522921562,0.0615293085575103,-0.6896857023239136,0.9888502385877284,-0.1293542981147766,-0.6896857023239136,0.0319381453706124,-2.522124528884888,-0.6896857023239136,0.1110815193701797,-2.0314056873321533
Rnmt,0.2188630551099777,0.2311054170131683,0.0876845344901084,0.1659871518387451,1.887736201286316,0.0876845344901084,0.7869907202818429,0.5200982689857483,0.0876845344901084,0.8643802475732678,0.4365671277046203
Mc5r,0.0,0.0,0.0,0.9888502385877284,0.1005259156227111,0.0,1.0,0.0,0.0,1.0,0.0
Tcf4,0.0679090917110443,0.1145570501685142,0.7885507345199585,0.0494073525715661,2.4427945613861084,0.7885507345199585,0.0188672594038717,2.727381467819214,0.7885507345199585,0.0503388151255639,2.3924999237060547
4930503L19Rik,0.0849403589963913,0.136130228638649,0.7180712223052979,0.0092046567940386,3.0582730770111084,0.7180712223052979,0.0083833459296036,3.014641523361206,0.7180712223052979,0.0293969648102227,2.6143972873687744
Stard6,0.0009451358928345,0.0121572511270642,3.693246364593506,0.9209702505299352,0.6724631190299988,3.693246364593506,0.0244074298499978,2.634186267852783,3.693246364593506,0.0333077240106284,2.5693721771240234
Poli,0.0857669115066528,0.0447057820856571,-0.9699013233184814,0.9888502385877284,-0.5673066973686218,-0.9699013233184814,0.0058664874529062,-3.129881858825684,-0.9699013233184814,0.0383385810489577,-2.508441925048828
Mbd2,0.713504433631897,1.4115794897079468,1.57524573802948,6.085044059899283e-63,16.991867065429688,1.57524573802948,2.7958156786197637e-77,20.536121368408203,1.57524573802948,8.939043559727725e-55,17.103120803833008
Mex3c,0.0795649290084838,0.1249455288052558,0.684387743473053,0.0225288365676343,2.744671106338501,0.684387743473053,0.0170564146497449,2.7647061347961426,0.684387743473053,0.0509243270560364,2.387730598449707
Smad4,0.4089163243770599,0.2620806396007538,-0.7536255717277527,0.0065996751469097,-3.16477370262146,-0.7536255717277527,2.156368477166408e-07,-5.558480739593506,-0.7536255717277527,4.330032171003649e-05,-4.517177581787109
Elac1,0.035226434469223,0.0317332409322261,-0.1531974226236343,0.9888502385877284,0.3796981871128082,-0.1531974226236343,0.8955999543441586,-0.3655940890312195,-0.1531974226236343,0.953093241910903,-0.3040027618408203
Me2,0.2694212794303894,0.3994589745998382,0.6672045588493347,1.2671383343493826e-05,4.771918773651123,0.6672045588493347,1.224347346523666e-05,4.749576568603516,0.6672045588493347,0.0002589296019929,4.077320098876953
Ska1,0.0115255787968635,0.0488956607878208,2.11195969581604,0.1070604581410969,2.1036503314971924,2.11195969581604,0.0004302719010266,3.9049232006073,2.11195969581604,0.0013236322344093,3.639796733856201
Cxxc1,0.1684995293617248,0.2001033872365951,0.2714983224868774,0.0437225864286619,2.4931323528289795,0.2714983224868774,0.2703354419533689,1.4720197916030884,0.2714983224868774,0.4049977184473451,1.2491477727890017
Mbd1,0.1463147401809692,0.1750549077987671,0.2800192236900329,0.0572790373999545,2.381478309631348,0.2800192236900329,0.2942789202292576,1.4180961847305298,0.2800192236900329,0.4288578475885081,1.2021464109420776
Cfap53,0.0011891761096194,0.0020232663955539,0.767325222492218,0.9888502385877284,0.1345822364091873,0.767325222492218,0.9029330905016084,0.3554070889949798,0.767325222492218,0.9448239353668908,0.3158671259880066
Myo5b,0.0057888031005859,0.0,-22.46901130676269,0.9888502385877284,-0.0652746260166168,-22.46901130676269,0.066153569095417,-2.214698553085327,-22.46901130676269,0.2631541673360381,-1.552076816558838
Acaa2,0.3357943892478943,0.5110800266265869,0.7413086295127869,9.07011667053336e-08,5.729155540466309,0.7413086295127869,6.283052945148355e-09,6.201813220977783,0.7413086295127869,1.1659689078706725e-06,5.286496639251709
Lipg,0.0,0.0,0.0,0.9888502385877284,0.1005259156227111,0.0,1.0,0.0,0.0,1.0,0.0
Rpl17,4.187121391296387,3.698939085006714,-0.7183715105056763,6.077535656908912e-135,-24.937894821166992,-0.7183715105056763,3.554193880166195e-149,-32.690303802490234,-0.7183715105056763,5.871779778030427e-125,-28.5197868347168
BC031181,0.4394480586051941,0.6025807857513428,0.5833090543746948,3.348080059257102e-05,4.558618545532227,0.5833090543746948,1.358395572868096e-06,5.209331035614014,0.5833090543746948,6.49434771024932e-05,4.418732166290283
Dym,0.1228914856910705,0.134637713432312,0.1403525173664093,0.1595082149949411,1.9073036909103396,0.1403525173664093,0.7002381655964761,0.6427722573280334,0.1403525173664093,0.793774507685698,0.5402497053146362
Smad7,0.7713481187820435,0.409572422504425,-1.1997495889663696,2.912758484403421e-16,-8.515425682067871,-1.1997495889663696,6.967926770872334e-25,-10.836249351501465,-1.1997495889663696,2.852787695811256e-16,-8.722867965698242
Ctif,0.0021679913625121,0.0,-21.04949188232422,0.9994412017932364,0.0010455889860168,-21.04949188232422,0.2186990329649593,-1.5981886386871338,-21.04949188232422,0.4769068757399822,-1.120022177696228
Smad2,0.1692416220903396,0.2056587487459182,0.3082576394081116,0.0270759262724562,2.6772305965423584,0.3082576394081116,0.1805512388615857,1.7098816633224487,0.3082576394081116,0.3085241011186725,1.4482131004333496
Ier3ip1,0.4102230072021484,0.5800628066062927,0.6323826313018799,1.70040295021302e-06,5.180968284606934,0.6323826313018799,3.856887828238334e-07,5.457030296325684,0.6323826313018799,2.454460905047707e-05,4.643775939941406
Gm50364,0.0,0.0,0.0,0.9888502385877284,0.1005259156227111,0.0,1.0,0.0,0.0,1.0,0.0
Hdhd2,0.0105597889050841,0.0052924044430255,-1.0003904104232788,0.9888502385877284,0.0351019166409969,-1.0003904104232788,0.3806972433686002,-1.2241771221160889,-1.0003904104232788,0.5444086111784896,-0.9613616466522216
Katnal2,0.0,0.0,0.0,0.9888502385877284,0.1005259156227111,0.0,1.0,0.0,0.0,1.0,0.0
Pias2,0.1022667437791824,0.0766080766916275,-0.4355534315109253,0.9888502385877284,0.3608028888702392,-0.4355534315109253,0.1940357204026263,-1.666855812072754,-0.4355534315109253,0.3501192303797351,-1.3538886308670044
Rnf165,0.0,0.0,0.0,0.9888502385877284,0.1005259156227111,0.0,1.0,0.0,0.0,1.0,0.0
8030462N17Rik,0.1035602912306785,0.1444508731365203,0.5102139115333557,0.044871447539508,2.482377529144287,0.5102139115333557,0.059033442068877,2.2661964893341064,0.5102139115333557,0.1314391640406932,1.943935751914978
Haus1,0.0806520730257034,0.0816938355565071,0.0192772671580314,0.286027151077075,1.585859775543213,0.0192772671580314,1.0,0.0726789236068725,0.0192772671580314,1.0,0.0599626079201698
Atp5a1,1.136900544166565,1.380801558494568,0.492302656173706,7.901255884291843e-10,6.516260147094727,0.492302656173706,2.0459765438875816e-10,6.7574567794799805,0.492302656173706,1.3008985935336977e-07,5.707374095916748
Pstpip2,0.0,0.0,0.0,0.9888502385877284,0.1005259156227111,0.0,1.0,0.0,0.0,1.0,0.0
Epg5,0.0488297007977962,0.0445569455623626,-0.1352146118879318,0.9888502385877284,0.422417938709259,-0.1352146118879318,0.8883109518238791,-0.3759725391864776,-0.1352146118879318,0.9465927723263348,-0.313316136598587
Slc14a1,0.1296061873435974,0.032438937574625,-2.069373846054077,0.06769424585062,-2.31119966506958,-2.069373846054077,7.631632705315719e-11,-6.889687061309815,-2.069373846054077,1.947001645020685e-06,-5.201791763305664
Gm6133,0.0695839077234268,0.0569327138364315,-0.2987178564071655,0.9888502385877284,0.3681966960430145,-0.2987178564071655,0.4812250796951036,-0.9775775671005248,-0.2987178564071655,0.6444261011947252,-0.8074117302894592
Setbp1,0.0095371892675757,0.1453513652086258,4.0290703773498535,2.67531409989663e-06,5.090823650360107,4.0290703773498535,1.1529157845260872e-14,8.304388046264648,4.0290703773498535,6.089550031416485e-14,8.084659576416016
Pard6g,0.0488160550594329,0.0011122599244117,-5.490342617034912,0.560972926254921,-1.130281686782837,-5.490342617034912,3.95759162080459e-09,-6.280249118804932,-5.490342617034912,6.978994328264034e-05,-4.4254536628723145
Adnp2,0.0341105833649635,0.0236603580415248,-0.5353221893310547,0.9888502385877284,0.1162097454071044,-0.5353221893310547,0.3816920054910867,-1.2223520278930664,-0.5353221893310547,0.5299909986835808,-0.9888211488723756
Rbfa,0.2756326794624328,0.3107569217681885,0.1996127814054489,0.0637613697356274,2.336293935775757,0.1996127814054489,0.3038701850463472,1.383766531944275,0.1996127814054489,0.4549112926799653,1.1568478345870972
Gm16286,0.5724177956581116,0.6296970844268799,0.1830219626426696,0.416925526788134,1.3483617305755615,0.1830219626426696,0.159566749585876,1.783762812614441,0.1830219626426696,0.2895311609945185,1.489989995956421
Txnl4a,0.2442365735769271,0.3697487115859985,0.6934283971786499,1.4592276445928529e-05,4.741970062255859,0.6934283971786499,1.5524032879021177e-05,4.69718074798584,0.6934283971786499,0.0002992263315787,4.039951324462891
Hsbp1l1,0.0,0.0,0.0,0.9888502385877284,0.1005259156227111,0.0,1.0,0.0,0.0,1.0,0.0
Pqlc1,0.0278791077435016,0.0390403792262077,0.4938786327838897,0.7196507388529051,0.9187740087509156,0.4938786327838897,0.4300153544949551,1.1367944478988647,0.4938786327838897,0.5306008033765053,0.9857569336891174
Ctdp1,0.0770062878727912,0.0727242156863212,-0.0856678411364555,0.6429416420153535,1.020494818687439,-0.0856678411364555,0.9348630848602404,-0.3095704913139343,-0.0856678411364555,0.983740224200482,-0.2566373944282532
Nfatc1,0.2322949469089508,0.6442270874977112,1.7903780937194824,1.1344149842336306e-31,12.00231647491455,1.7903780937194824,7.431180357677783e-36,13.503210067749023,1.7903780937194824,1.9236644905315345e-29,12.041372299194336
Atp9b,0.1297237277030944,0.1236586198210716,-0.0735470578074455,0.6580688789468501,0.9998071193695068,-0.0735470578074455,0.9141366831054184,-0.3379619419574737,-0.0735470578074455,0.9669109047972771,-0.281973272562027
Mbp,0.3291988670825958,0.2025067657232284,-0.79642254114151,0.031463361603138,-2.620918273925781,-0.79642254114151,1.7537678092031154e-06,-5.150595188140869,-0.79642254114151,0.0001823308700815,-4.1688551902771
Zfp236,0.1070768162608146,0.0640160590410232,-0.7736449241638184,0.9888502385877284,-0.3551268279552459,-0.7736449241638184,0.012316559880841,-2.879462957382202,-0.7736449241638184,0.0606910814774004,-2.312895536422729
Zfp516,0.031107060611248,0.0064035905525088,-2.2981646060943604,0.9888502385877284,-0.5331010222434998,-2.2981646060943604,0.0011092481721164,-3.631472826004028,-2.2981646060943604,0.0233535646982928,-2.7074790000915527
Tshz1,0.1368312388658523,0.2027541697025299,0.6162320971488953,0.0006230508368658,3.849410533905029,0.6162320971488953,0.0058717367088822,3.131882667541504,0.6162320971488953,0.0250116800424704,2.677957534790039
Zadh2,0.0786185562610626,0.068497322499752,-0.2062126994132995,0.9888502385877284,0.4963560402393341,-0.2062126994132995,0.6533762965609086,-0.7103177905082703,-0.2062126994132995,0.758167450631008,-0.5909037590026855
Zfp407,0.1195454448461532,0.1220428794622421,0.0316665396094322,0.5036877462087701,1.2127338647842407,0.0316665396094322,1.0,0.1380088031291961,0.0316665396094322,1.0,0.1160976812243461
Cndp1,0.0010342190507799,0.0,-19.980857849121094,0.9888502385877284,0.0673658028244972,-19.980857849121094,0.4679991859106411,-1.0,-19.980857849121094,0.6832027011037286,-0.7008072733879089
Cndp2,0.1657592058181762,0.2924255430698395,0.9138361811637878,4.87917355978578e-07,5.421901702880859,0.9138361811637878,4.35718208156181e-07,5.438493728637695,0.9138361811637878,1.7142492676591804e-05,4.723431587219238
Gm17266,0.0,0.0012215533060953,20.221168518066406,0.9888502385877284,0.1678170263767242,20.221168518066406,0.4679991859106411,1.0,20.221168518066406,0.5282133287683867,1.0
Cyb5a,0.6246684193611145,0.5122768878936768,-0.3748801350593567,0.0142552471491196,-2.9100234508514404,-0.3748801350593567,0.0021136954058482,-3.4480037689208984,-0.3748801350593567,0.0156784764918372,-2.850131034851074
Fbxo15,0.0,0.0,0.0,0.9888502385877284,0.1005259156227111,0.0,1.0,0.0,0.0,1.0,0.0
Timm21,0.1312935352325439,0.1344334185123443,0.0364107936620712,0.3026251120371095,1.5518780946731567,0.0364107936620712,1.0,0.1744364351034164,0.0364107936620712,1.0,0.1456735581159591
Socs6,0.061220109462738,0.045855026692152,-0.4281083345413208,0.9911673495077956,0.0267372038215398,-0.4281083345413208,0.3699621447455992,-1.245728850364685,-0.4281083345413208,0.5282133287683867,-1.0348575115203855
Rttn,0.0629369989037513,0.034056432545185,-0.9069823026657104,0.9888502385877284,-0.065573364496231,-0.9069823026657104,0.0280921526664685,-2.5726897716522217,-0.9069823026657104,0.1123068749262968,-2.026463747024536
Cd226,0.5714516639709473,0.6322069764137268,0.1939608007669448,0.3043017032257226,1.548741340637207,0.1939608007669448,0.2051516011809849,1.6343990564346311,0.1939608007669448,0.3266803404885604,1.4059969186782837
Dok6,0.0020147550385445,0.0,-20.943626403808597,0.9888502385877284,0.0342056974768638,-20.943626403808597,0.2942789202292576,-1.4149844646453855,-20.943626403808597,0.5299909986835808,-0.9916314482688904
Tmx3,0.2697336077690124,0.4185977578163147,0.7475587129592896,4.710240154740014e-07,5.428399085998535,0.7475587129592896,5.570668708302826e-07,5.388448715209961,0.7475587129592896,2.645929396463179e-05,4.626323223114014
Gm45871,0.0452260598540306,0.0259239133447408,-0.8168765902519226,0.9994412017932364,0.002389917615801,-0.8168765902519226,0.1046329188159232,-2.0019514560699463,-0.8168765902519226,0.2492789087534341,-1.5866762399673462
Ighmbp2,0.0464756749570369,0.0529762171208858,0.1935971528291702,0.6084988220201833,1.0660526752471924,0.1935971528291702,0.7608598555313663,0.5578712821006775,0.1935971528291702,0.8421966379504294,0.4690844416618347
Mrpl21,0.3650268316268921,0.4589421153068542,0.4026934802532196,0.0072067880440198,3.137364387512207,0.4026934802532196,0.0043754775599248,3.227339744567871,0.4026934802532196,0.022070562542544,2.7256314754486084
Cpt1a,0.0503665246069431,0.2821616232395172,2.6578197479248047,1.4347487772744493e-17,8.86584758758545,2.6578197479248047,5.712514301094856e-24,10.895153999328612,2.6578197479248047,1.3009821805291657e-21,10.234962463378906
Tesmin,0.0,0.0,0.0,0.9888502385877284,0.1005259156227111,0.0,1.0,0.0,0.0,1.0,0.0
Gal,0.0,0.0,0.0,0.9888502385877284,0.1005259156227111,0.0,1.0,0.0,0.0,1.0,0.0
Ppp6r3,0.3112111985683441,0.31121626496315,2.7242436772212383e-05,0.6005297827399447,1.0769566297531128,2.7242436772212383e-05,1.0,0.0001901950454339,2.7242436772212383e-05,1.0,0.0001592438784427
Lrp5,0.0054053869098424,0.0041670873761177,-0.3762523233890533,0.9888502385877284,0.1354784518480301,-0.3762523233890533,0.9071082005710004,-0.3494071662425995,-0.3762523233890533,0.9635827821810556,-0.2872065007686615
1810055G02Rik,0.0,0.0158860031515359,23.932727813720703,0.7272849805709227,0.9080193638801576,23.932727813720703,0.0028516170480569,3.372058629989624,23.932727813720703,0.0033561339104055,3.372058629989624
Kmt5b,0.3585897982120514,0.2754948139190674,-0.4434115886688232,0.714747238658312,-0.9243006706237792,-0.4434115886688232,0.0078749488033729,-3.03322696685791,-0.4434115886688232,0.0410174413665769,-2.4800169467926025
Chka,0.2151066809892654,0.1044214367866516,-1.12460196018219,0.0756274241274548,-2.262131690979004,-1.12460196018219,6.42393696625698e-07,-5.348974227905273,-1.12460196018219,0.0001146991267775,-4.284500598907471
Tcirg1,0.0643253847956657,0.091497890651226,0.5282056927680969,0.0756549734057821,2.2619078159332275,0.5282056927680969,0.1361122715174213,1.8682588338851929,0.5282056927680969,0.2457126106830801,1.5952582359313965
Ndufs8,0.386854737997055,0.7715110182762146,1.2999855279922483,1.1884866053972871e-23,10.338037490844728,1.2999855279922483,9.951151919807195e-31,12.267719268798828,1.2999855279922483,4.271880963947733e-23,10.52610969543457
Aldh3b1,0.0035354304127395,0.0052045886404812,0.5591031908988953,0.9888502385877284,0.2022467851638794,0.5591031908988953,0.830317963535056,0.4582411050796509,0.5591031908988953,0.8910331401047179,0.3981197476387024
Unc93b1,0.0311492886394262,0.1238399446010589,2.058931350708008,0.0002587136399632,4.073465347290039,2.058931350708008,1.6404612713844788e-08,6.068960666656494,2.058931350708008,2.0325758100549573e-07,5.634673595428467
Nudt8,0.0046991715207695,0.0027126737404614,-0.7941245436668396,0.9888502385877284,0.1018702387809753,-0.7941245436668396,0.6918980480108543,-0.6546846628189087,-0.7941245436668396,0.8117456275689179,-0.5141435861587524
Gm49405,0.0230645351111888,0.0063782967627048,-1.866499066352844,0.9888502385877284,-0.4274218380451202,-1.866499066352844,0.0193111869841073,-2.716193914413452,-1.866499066352844,0.094408832540746,-2.110237598419189
Doc2g,0.0055318982340395,0.0,-22.403335571289062,0.9888502385877284,-0.0652746260166168,-22.403335571289062,0.0644395477841399,-2.2267563343048096,-22.403335571289062,0.2600033592347898,-1.560526967048645
Ndufv1,0.2467729896306991,0.3882560729980469,0.7612738013267517,1.3119061083231302e-06,5.231903076171875,0.7612738013267517,1.0279634066995037e-06,5.268527984619141,0.7612738013267517,3.8440919488802384e-05,4.541775226593018
Gstp1,0.1150284856557846,0.1480399817228317,0.3883301913738251,0.0363466115054446,2.564979076385498,0.3883301913738251,0.1470302657068667,1.8278497457504272,0.3883301913738251,0.2609616756040877,1.5565614700317385
Gstp2,0.0020000548101961,0.0,-20.93305206298828,0.9888502385877284,0.0342056974768638,-20.93305206298828,0.2942789202292576,-1.414253830909729,-20.93305206298828,0.5299909986835808,-0.9911193251609802
Gstp3,0.3167865574359894,0.6060311794281006,1.160509705543518,1.7316180957032162e-14,8.015410423278809,1.160509705543518,4.683737937648624e-16,8.621710777282715,1.160509705543518,9.969024051900857e-13,7.605318069458008
Cdk2ap2,1.1084818840026855,0.8732609748840332,-0.5413433909416199,2.0944236461821137e-11,-7.06093692779541,-0.5413433909416199,5.144756238702515e-10,-6.604482173919678,-0.5413433909416199,5.02385564110542e-07,-5.453795433044434
Pitpnm1,0.1899441480636596,0.1416119188070297,-0.4594597518444061,0.9888502385877284,-0.3520647585391998,-0.4594597518444061,0.0456803958614323,-2.375986099243164,-0.4594597518444061,0.1283958983000849,-1.956472873687744
Aip,0.3493592143058777,0.4704344570636749,0.5225694179534912,0.0005056442702152,3.9032583236694336,0.5225694179534912,0.0001504270816905,4.165647983551025,0.5225694179534912,0.0018087077090453,3.545544385910034
Tmem134,0.7358197569847107,0.7161445021629333,-0.0549966432154178,0.3471928626573327,-1.4689778089523315,-0.0549966432154178,0.7393102287030094,-0.5876524448394775,-0.0549966432154178,0.829619537558457,-0.4881866574287414
Cabp4,0.0,0.0040167402476072,21.940492630004883,0.9888502385877284,0.3023992776870727,21.940492630004883,0.1772722595739621,1.7233340740203855,21.940492630004883,0.1986970324214635,1.7233340740203855
Coro1b,0.0089950412511825,0.0118963010609149,0.4054077267646789,0.9888502385877284,0.4354878067970276,0.4054077267646789,0.7601387951981632,0.5589921474456787,0.4054077267646789,0.8394374324057595,0.4746634364128113
Ptprcap,1.8257486820220947,2.3534884452819824,0.870722234249115,4.7209294674869915e-59,16.45383644104004,0.870722234249115,1.2008689244610331e-67,18.761579513549805,0.870722234249115,5.787317939490588e-43,14.991292953491213
Rps6kb2,0.094523549079895,0.1381667703390121,0.5797572135925293,0.0245408493895718,2.713602066040039,0.5797572135925293,0.0310774427231639,2.534397840499878,0.5797572135925293,0.080408261933329,2.1839070320129395
Carns1,0.0743780732154846,0.025630148127675,-1.5724927186965942,0.6552455309641041,-1.0034667253494265,-1.5724927186965942,8.438144655975196e-05,-4.300234794616699,-1.5724927186965942,0.0038247690323414,-3.3235530853271484
Tbc1d10c,0.7177011966705322,1.066808581352234,0.8606173992156982,2.0144495522840378e-15,8.282632827758789,0.8606173992156982,2.86322451421402e-21,9.991000175476074,0.8606173992156982,4.547078843630913e-15,8.344484329223633
Ppp1ca,1.2125365734100342,1.8287628889083865,1.1457465887069702,7.371495042223478e-61,16.70634651184082,1.1457465887069702,6.761023067851219e-66,18.5848331451416,1.1457465887069702,2.7079313309795813e-44,15.183019638061523
Rad9a,0.0778135284781456,0.0896104350686073,0.2122740745544433,0.311365188876721,1.5349246263504028,0.2122740745544433,0.5953636924556382,0.7967674732208252,0.2122740745544433,0.7035790334281979,0.6712018847465515
Clcf1,0.1621316522359848,0.0765466690063476,-1.1457184553146362,0.1937255706004483,-1.8057321310043333,-1.1457184553146362,6.536440204631123e-06,-4.876569747924805,-1.1457184553146362,0.0005509838008507,-3.882110834121704
Pold4,0.3381552100181579,0.4196159839630127,0.3738473057746887,0.0047805756169491,3.265523672103882,0.3738473057746887,0.0180922374916118,2.7415480613708496,0.3738473057746887,0.0570022539673363,2.339728593826294
Ssh3,0.0058047641068696,0.0103621333837509,0.8393033742904663,0.9888502385877284,0.4031492471694946,0.8393033742904663,0.4970264765825242,0.951400101184845,0.8393033742904663,0.6275195450297966,0.8327170610427856
Ankrd13d,0.0230293273925781,0.0098102828487753,-1.2406671047210691,0.9888502385877284,-0.1344328671693802,-1.2406671047210691,0.0888588013858032,-2.079397678375244,-1.2406671047210691,0.2377429781565855,-1.6145734786987305
Grk2,0.62120521068573,0.8476347327232361,0.6315183639526367,2.9535397851322164e-07,5.516527652740479,0.6315183639526367,5.626778218812712e-10,6.59754753112793,0.6315183639526367,2.763477893945296e-07,5.565624713897705
Kdm2a,0.5267214179039001,0.4514349699020386,-0.2812387645244598,0.3995262359955127,-1.3772647380828855,-0.2812387645244598,0.0505121026617912,-2.3331446647644043,-0.2812387645244598,0.1339005221395811,-1.9344440698623655
Rhod,0.0,0.0015016174875199,20.5191707611084,0.9888502385877284,0.1678170263767242,20.5191707611084,0.4679991859106411,1.0,20.5191707611084,0.5282133287683867,1.0
Pcx,0.0037329371552914,0.0022640915121883,-0.7224388122558594,0.9888502385877284,0.1351797133684158,-0.7224388122558594,0.7835200972652216,-0.5250478386878967,-0.7224388122558594,0.8813160714194422,-0.4127868413925171
Lrfn4,0.0011358141200616,0.0009356220252811,-0.2798731029033661,0.9888502385877284,0.1345822364091873,-0.2798731029033661,1.0,-0.136041522026062,-0.2798731029033661,1.0,-0.1069746017456054
Rce1,0.1296749711036682,0.1650692671537399,0.3743298649787903,0.0298992353045418,2.639514684677124,0.3743298649787903,0.145650375625079,1.8331342935562132,0.3743298649787903,0.2585380575585913,1.5635216236114502
Gm960,0.0,0.0,0.0,0.9888502385877284,0.1005259156227111,0.0,1.0,0.0,0.0,1.0,0.0
Sptbn2,0.0,0.0,0.0,0.9888502385877284,0.1005259156227111,0.0,1.0,0.0,0.0,1.0,0.0
Gm21992,0.0043189534917473,0.008180390112102,0.9242761135101318,0.9888502385877284,0.3704372346401214,0.9242761135101318,0.5422422344244682,0.8785386681556702,0.9242761135101318,0.660292760365982,0.7855440974235535
Rbm4b,0.3446738719940185,0.212611123919487,-0.79669588804245,0.0453600368544598,-2.477597713470459,-0.79669588804245,1.3785830508722842e-06,-5.199485301971436,-0.79669588804245,0.0001450276531986,-4.225525856018066
Rbm4,0.0464010164141655,0.060984194278717,0.4048926830291748,0.5036877462087701,1.212883234024048,0.4048926830291748,0.4091755830972555,1.1715984344482422,0.4048926830291748,0.5282133287683867,1.0120991468429563
Rbm14,0.0381270684301853,0.1137971729040145,1.6328524351119995,0.0003115727688242,4.026413917541504,1.6328524351119995,8.155486318348788e-07,5.327423572540283,1.6328524351119995,1.0711681358451308e-05,4.82919979095459
Ccs,0.1744519025087356,0.2281109392642974,0.4269107580184936,0.007420228675511,3.1274313926696777,0.4269107580184936,0.0371714800179115,2.4610536098480225,0.4269107580184936,0.0961366293736099,2.1008782386779785
Ctsf,0.000843730114866,0.0,-19.68703269958496,0.9888502385877284,0.0673658028244972,-19.68703269958496,0.4679991859106411,-1.0,-19.68703269958496,0.6832027011037286,-0.7008072733879089
Actn3,0.0,0.0,0.0,0.9888502385877284,0.1005259156227111,0.0,1.0,0.0,0.0,1.0,0.0
Zdhhc24,0.0235784575343132,0.0195259470492601,-0.2750103771686554,0.9888502385877284,0.3900046944618225,-0.2750103771686554,0.7624625720481787,-0.5556087493896484,-0.2750103771686554,0.8535247494807017,-0.4526536762714386
Bbs1,0.002161260927096,0.0,-21.045001983642575,0.9888502385877284,0.0342056974768638,-21.045001983642575,0.2967605338637782,-1.4016824960708618,-21.045001983642575,0.5322708601742899,-0.9823092818260192
Dpp3,0.1709882766008377,0.3720840215682983,1.2733464241027832,1.2576560694857984e-13,7.760137557983398,1.2733464241027832,1.3407319142764408e-14,8.17421817779541,1.2733464241027832,1.9284430873471002e-11,7.170323848724365
Peli3,0.0015624203952029,0.0,-20.576478958129883,0.9888502385877284,0.0673658028244972,-20.576478958129883,0.4679991859106411,-1.0,-20.576478958129883,0.6832027011037286,-0.7008072733879089
Mrpl11,0.2772558629512787,0.3382435441017151,0.3330908715724945,0.0344184171989325,2.5868618488311768,0.3330908715724945,0.0546562839886182,2.299696445465088,0.3330908715724945,0.1270966579947453,1.961870551109314
Npas4,0.0,0.0,0.0,0.9888502385877284,0.1005259156227111,0.0,1.0,0.0,0.0,1.0,0.0
Slc29a2,0.0010280378628522,0.0017785337986424,0.7913358807563782,0.9888502385877284,0.1345822364091873,0.7913358807563782,0.8957440749772654,0.3653337657451629,0.7913358807563782,0.938868302073874,0.3255318999290466
B4gat1,0.0010116382036358,0.001919022295624,0.924332082271576,0.9888502385877284,0.1345822364091873,0.924332082271576,0.8589291198459718,0.4182755649089813,0.924332082271576,0.9045825712160868,0.3778657615184784
Gm50388,0.0043278494849801,0.001594595843926,-1.4424316883087158,0.9888502385877284,0.0348778627812862,-1.4424316883087158,0.4679991859106411,-1.0166258811950684,-1.4424316883087158,0.659865474283005,-0.7863030433654785
Brms1,0.0,0.0,0.0,0.9888502385877284,0.1005259156227111,0.0,1.0,0.0,0.0,1.0,0.0
Rin1,0.0030717514455318,0.0037925490178167,0.3046265244483948,0.9888502385877284,0.2022467851638794,0.3046265244483948,0.9825690848285088,0.2413647621870041,0.3046265244483948,1.0,0.2063452452421188
Cd248,0.0,0.0,0.0,0.9888502385877284,0.1005259156227111,0.0,1.0,0.0,0.0,1.0,0.0
Tmem151a,0.0,0.008140243589878,22.96251678466797,0.9888502385877284,0.4369814991950989,22.96251678466797,0.064183656774343,2.2325401306152344,22.96251678466797,0.0732090955509286,2.2325401306152344
Yif1a,0.1327456831932068,0.1204108446836471,-0.149785041809082,0.552139031561047,1.1428288221359253,-0.149785041809082,0.6597323239847923,-0.7008553743362427,-0.149785041809082,0.7669087770873622,-0.5780933499336243
Cnih2,0.0032538895029574,0.0164945293217897,2.3513169288635254,0.9728535020078471,0.6055454015731812,2.3513169288635254,0.0815669518823721,2.122520685195923,2.3513169288635254,0.1117608013275445,2.029489517211914
Rab1b,0.1960324645042419,0.4753087759017944,1.4904735088348389,3.376025526584309e-20,9.530020713806152,1.4904735088348389,1.349139778129825e-22,10.406200408935549,1.4904735088348389,6.849350487510818e-18,9.160401344299316
Klc2,0.0225482694804668,0.0431983023881912,0.9529353976249696,0.5886865913316348,1.0924164056777954,0.9529353976249696,0.0961423253136767,2.0437610149383545,0.9529353976249696,0.1660489660244021,1.822967886924744
Pacs1,0.1846838742494583,0.2724405527114868,0.6265958547592163,0.0001719837257593,4.174962043762207,0.6265958547592163,0.0010076779511954,3.663495540618897,0.6265958547592163,0.0065180761320891,3.150049924850464
Sf3b2,0.982488214969635,1.174006700515747,0.4194352924823761,9.291100832506335e-05,4.323211669921875,0.4194352924823761,6.098103790743564e-07,5.365478038787842,0.4194352924823761,4.845733398157399e-05,4.488303661346436
Gal3st3,0.0,0.0,0.0,0.9888502385877284,0.1005259156227111,0.0,1.0,0.0,0.0,1.0,0.0
Cst6,0.0,0.0069087576121091,22.7249813079834,0.9888502385877284,0.5042726397514343,22.7249813079834,0.0454004056818908,2.383807420730591,22.7249813079834,0.0519549503847413,2.383807420730591
Banf1,0.6819859743118286,0.7083038687705994,0.0757927373051643,0.9888502385877284,0.0761039406061172,0.0757927373051643,0.6174869056728376,0.7638640403747559,0.0757927373051643,0.7224372761779441,0.6432433128356934
Eif1ad,0.2335496693849563,0.3357118964195251,0.6006798148155212,8.277593015512712e-05,4.350172996520996,0.6006798148155212,0.0004429814071392,3.888039588928223,0.6006798148155212,0.0036682597823983,3.333679676055908
Sart1,0.2479813247919082,0.3248941898345947,0.4478643536567688,0.0021581027448557,3.503843307495117,0.4478643536567688,0.0099208438431716,2.956805467605591,0.4478643536567688,0.0368584726091521,2.5246307849884038
Tsga10ip,0.0011169956997036,0.0,-20.09199905395508,0.9888502385877284,0.0673658028244972,-20.09199905395508,0.4679991859106411,-1.0,-20.09199905395508,0.6832027011037286,-0.7008072733879089
Drap1,0.6997146606445312,0.8504328727722168,0.4040553867816925,0.0065629821309782,3.166715621948242,0.4040553867816925,4.240807358472434e-05,4.466149806976318,0.4040553867816925,0.0009410478373037,3.733096122741699
AI837181,0.2070420086383819,0.1863812059164047,-0.1670588999986648,0.9888502385877284,0.5425860285758972,-0.1670588999986648,0.5051611531124974,-0.9375988841056824,-0.1670588999986648,0.6624881521735069,-0.7822343707084656
Fosl1,0.0010163092520087,0.0017044647829607,0.7464752197265625,0.9888502385877284,0.1345822364091873,0.7464752197265625,0.9084331667545574,0.3467720150947571,0.7464752197265625,0.9503340244475807,0.3074981570243835
Ccdc85b,0.4540035426616668,0.3727605640888214,-0.3470846712589264,0.2083279183180279,-1.7667466402053833,-0.3470846712589264,0.013855731880443,-2.8388400077819824,-0.3470846712589264,0.0562306726461269,-2.345420360565185
Fibp,0.2777673304080963,0.1765417903661728,-0.7296481132507324,0.2465548049527531,-1.6723449230194092,-0.7296481132507324,6.449475236196407e-05,-4.3657546043396,-0.7296481132507324,0.0017936018891539,-3.5493555068969727
Ctsw,0.8017548322677612,1.5798213481903076,1.6483768224716189,4.549710165939243e-65,17.278732299804688,1.6483768224716189,4.354969489848565e-85,21.689149856567383,1.6483768224716189,2.3814020737212227e-59,17.95050811767578
Efemp2,0.0215814057737588,0.0115084368735551,-0.9143832921981812,0.9888502385877284,-0.0664695873856544,-0.9143832921981812,0.251105583257813,-1.5151288509368896,-0.9143832921981812,0.4257255342315298,-1.209436058998108
Mus81,0.0942083373665809,0.0828297436237335,-0.1940348297357559,0.6783458973922952,0.9758332371711732,-0.1940348297357559,0.6069075384550828,-0.7790293097496033,-0.1940348297357559,0.7277770574312665,-0.6363423466682434
Cfl1,2.2632429599761963,2.839435577392578,0.9028164148330688,5.88564930373315e-91,20.45381164550781,0.9028164148330688,2.1100252187509952e-104,24.31899070739746,0.9028164148330688,1.1980167905201274e-68,19.706871032714844
Snx32,0.0449037104845047,0.0604792386293411,0.440939337015152,0.4666597744557288,1.2705399990081787,0.440939337015152,0.3491981050854981,1.2873189449310305,0.440939337015152,0.4858229602518021,1.1046602725982666
1700020D05Rik,0.0072649163194,0.0027971372473984,-1.3802204132080078,0.9888502385877284,0.035251285880804,-1.3802204132080078,0.3699621447455992,-1.245646834373474,-1.3802204132080078,0.5517950371623332,-0.9499033093452454
Ap5b1,0.0090334983542561,0.0222132429480552,1.3075952529907229,0.8396380685133964,0.7713459134101868,1.3075952529907229,0.1263983084609981,1.9079445600509644,1.3075952529907229,0.2024102844928764,1.709775686264038
Rnaseh2c,0.6103785037994385,0.6950963139533997,0.2552210092544555,0.1300416124860066,2.0108916759490967,0.2552210092544555,0.0339111479035348,2.498650312423706,0.2552210092544555,0.0950729200574857,2.106207847595215
Kat5,0.0958395078778266,0.1130709275603294,0.2511818408966064,0.2221883673051324,1.7308231592178345,0.2511818408966064,0.4679991859106411,1.0458296537399292,0.2511818408966064,0.5933719751845162,0.886532187461853
Rela,0.223838984966278,0.2314366996288299,0.0538446418941021,0.297473502416109,1.562259316444397,0.0538446418941021,0.9220046855338592,0.3276998698711395,0.0538446418941021,0.9716792705288608,0.2755462825298309
Sipa1,0.2798801958560943,0.6236007213592529,1.4223506450653076,1.3449181325734618e-23,10.32601261138916,1.4223506450653076,1.252571761503409e-26,11.38150119781494,1.4223506450653076,7.228815125636852e-21,9.960040092468262
Pcnx3,0.1323662847280502,0.1722708493471145,0.4096587598323822,0.0276945619223582,2.668641805648804,0.4096587598323822,0.0987523318118168,2.0311708450317383,0.4096587598323822,0.1950290828758697,1.7338613271713257
Map3k11,0.0948624685406684,0.110646054148674,0.2336227893829345,0.3941642606339811,1.386600375175476,0.2336227893829345,0.5125994443410647,0.9260833263397216,0.2336227893829345,0.6537248325050999,0.7943946123123169
Kcnk7,0.0051958803087472,0.0926029458642005,4.21918249130249,0.0008772076231176,3.7566518783569336,4.21918249130249,9.206269584289433e-11,6.973404884338379,4.21918249130249,2.346301697419684e-10,6.8516130447387695
Ehbp1l1,0.0771964862942695,0.2947720289230346,2.09480094909668,2.93041760555941e-15,8.23625373840332,2.09480094909668,1.349707507161144e-19,9.688878059387209,2.09480094909668,6.516560937846931e-17,8.911410331726074
Fam89b,0.0032834571320563,0.0099313929677009,1.6015809774398804,0.9888502385877284,0.4709631502628326,1.6015809774398804,0.312005508445964,1.365475058555603,1.6015809774398804,0.3944424519218145,1.2687000036239624
Gm50387,0.0011107913451269,0.0,-20.083959579467773,0.9888502385877284,0.0673658028244972,-20.083959579467773,0.4679991859106411,-1.0,-20.083959579467773,0.6832027011037286,-0.7008072733879089
Znrd2,0.002240287605673,0.0016419646563008,-0.448692262172699,0.9888502385877284,0.1684892028570175,-0.448692262172699,0.9392891249678816,-0.3029722273349762,-0.448692262172699,0.9980406200552582,-0.2342792302370071
Ltbp3,0.0,0.0050454204902052,22.270183563232425,0.9888502385877284,0.3023992776870727,22.270183563232425,0.1824493605006482,1.7055625915527344,22.270183563232425,0.2041894839512087,1.7055625915527344
Scyl1,0.0601670183241367,0.1224540844559669,1.070810317993164,0.002589398974891,3.451115846633911,1.070810317993164,0.000366443695164,3.941429615020752,1.070810317993164,0.0022154043741301,3.4863529205322266
Frmd8,0.3397156596183777,0.3224975168704986,-0.0881441533565521,0.9832018781807887,0.5914299488067627,-0.0881441533565521,0.713436159135615,-0.6246520280838013,-0.0881441533565521,0.8070841938130627,-0.5219742655754089
Slc25a45,0.0600025169551372,0.1196947395801544,1.0399683713912964,0.0116978788221391,2.977538585662842,1.0399683713912964,0.000931634681794,3.689233303070069,1.0399683713912964,0.0042468174877744,3.288347721099853
Tigd3,0.0,0.0051586721092462,22.302291870117188,0.9888502385877284,0.3696903884410858,22.302291870117188,0.1341567032847418,1.878687858581543,22.302291870117188,0.1499906977711214,1.878687858581543
Dpf2,0.1794324666261673,0.2508569955825805,0.5367919206619263,0.0003907570211762,3.9690558910369873,0.5367919206619263,0.0054023920922891,3.159674406051636,0.5367919206619263,0.0244380845262074,2.686894655227661
Cdc42ep2,0.0021265062969177,0.0012356715742498,-0.7838321328163147,0.9888502385877284,0.1013474464416503,-0.7838321328163147,0.830533038191532,-0.4577796459197998,-0.7838321328163147,0.9169519241474844,-0.3598488867282867
Pola2,0.1355205476284027,0.2026149034500122,0.6299901604652405,0.0027178717694498,3.437075138092041,0.6299901604652405,0.004793846260384,3.1993207931518555,0.6299901604652405,0.0195522101273484,2.770164251327514
Capn1,0.2681584358215332,0.3716888129711151,0.5496657490730286,0.0001662909281361,4.183252334594727,0.5496657490730286,0.0005578063337688,3.8269100189208975,0.5496657490730286,0.0043848229310774,3.277411460876465
Syvn1,0.0589336939156055,0.0926025137305259,0.6765523552894592,0.0746467161669765,2.2678825855255127,0.6765523552894592,0.0519097403633485,2.3225772380828857,0.6765523552894592,0.1179857522308135,2.001234769821167
Mrpl49,0.1229408383369445,0.1776352971792221,0.5713956952095032,0.0048947273468483,3.2579805850982666,0.5713956952095032,0.0140617062046332,2.8350601196289062,0.5713956952095032,0.0452896165339935,2.438265562057495
Fau,4.2437591552734375,3.971730947494507,-0.3990368545055389,5.5866326944373614e-70,-17.924009323120117,-0.3990368545055389,2.9149834008219372e-67,-19.43936920166016,-0.3990368545055389,3.433607717135685e-55,-17.146039962768555
Znhit2,0.1446983069181442,0.1855741590261459,0.3892450034618377,0.0299511476795796,2.6388425827026367,0.3892450034618377,0.1147157289119451,1.9557762145996092,0.3892450034618377,0.215226912899332,1.6734161376953125
Tm7sf2,0.015278173610568,0.0029266853816807,-2.393054962158203,0.9888502385877284,-0.1315948367118835,-2.393054962158203,0.022163277736165,-2.6651644706726074,-2.393054962158203,0.1305331376595107,-1.949626445770264
Vps51,0.0613542459905147,0.1587232649326324,1.442803144454956,3.641046975437848e-05,4.539648532867432,1.442803144454956,1.8795725536139666e-07,5.608473777770996,1.442803144454956,4.069901551473388e-06,5.033677577972412
Zfpl1,0.0956794098019599,0.1721714735031128,0.9039742946624756,0.0005640467453559,3.874952793121338,0.9039742946624756,0.0002481210897199,4.041605472564697,0.9039742946624756,0.0019168606241783,3.528659582138061
Cdca5,0.0047503225505352,0.0374410226941108,3.0021865367889404,0.2303631787913997,1.7105835676193235,3.0021865367889404,0.0002029431957268,4.1045756340026855,3.0021865367889404,0.0005004574517848,3.9117703437805176
Gm550,0.0,0.0010770300868898,20.039405822753903,0.9888502385877284,0.1678170263767242,20.039405822753903,0.4679991859106411,1.0,20.039405822753903,0.5282133287683867,1.0
Naaladl1,0.0,0.0,0.0,0.9888502385877284,0.1005259156227111,0.0,1.0,0.0,0.0,1.0,0.0
Sac3d1,0.093504674732685,0.0656400620937347,-0.5308283567428589,0.9888502385877284,0.3909009099006653,-0.5308283567428589,0.1029006630077843,-2.0100817680358887,-0.5308283567428589,0.2375179081602497,-1.6150038242340088
Snx15,0.1203574761748313,0.1329331248998642,0.1526378542184829,0.1657938468972599,1.8883336782455444,0.1526378542184829,0.6557050875626973,0.7070752382278442,0.1526378542184829,0.7564255260965702,0.5935049653053284
Arl2,0.0840545296669006,0.0641862750053405,-0.4035697877407074,0.9888502385877284,0.453785628080368,-0.4035697877407074,0.2618367246419143,-1.4909329414367676,-0.4035697877407074,0.4246263710945366,-1.2152045965194702
Batf2,0.0,0.0,0.0,0.9888502385877284,0.1005259156227111,0.0,1.0,0.0,0.0,1.0,0.0
Ppp2r5b,0.0083582252264022,0.0244890693575143,1.5625371932983398,0.730976959560431,0.9033888578414916,1.5625371932983398,0.0501591442173272,2.3388233184814453,1.5625371932983398,0.0877280005646725,2.144085645675659
Atg2a,0.0824327766895294,0.1367685049772262,0.7703569531440735,0.0287221518594715,2.654526472091675,0.7703569531440735,0.0070597827744329,3.072632074356079,0.7703569531440735,0.0241364639622525,2.691612482070923
Ehd1,0.2361903935670852,0.3575192093849182,0.6899141073226929,6.306499728620678e-06,4.9163594245910645,0.6899141073226929,2.1728919265812803e-05,4.62247371673584,0.6899141073226929,0.0003986096319013,3.965886116027832
Cdc42bpg,0.0126106543466448,0.0163506530225276,0.377409428358078,0.9888502385877284,0.3372771441936493,0.377409428358078,0.7655123593098814,0.5506386160850525,0.377409428358078,0.8368336576662283,0.4783541560173034
Men1,0.102673053741455,0.0880783125758171,-0.2318940460681915,0.9631829423086634,0.6174950003623962,-0.2318940460681915,0.5022273412275309,-0.9426857829093932,-0.2318940460681915,0.6650854897500159,-0.7784131765365601
Map4k2,0.3435536921024322,0.2726649641990661,-0.3871634304523468,0.9306313165358556,-0.6582729816436768,-0.3871634304523468,0.0221205373678638,-2.6661183834075928,-0.3871634304523468,0.0798949608617158,-2.187559127807617
Sf1,0.4683079123497009,0.5027084946632385,0.1290795654058456,0.3595716362002252,1.4459749460220337,0.1290795654058456,0.4385838987707714,1.122267484664917,0.1290795654058456,0.559635628751777,0.937915563583374
Pygm,0.0172134116291999,0.0239327494055032,0.4803168475627899,0.9264392441342676,0.6642477512359619,0.4803168475627899,0.5396163573985232,0.8823922872543335,0.4803168475627899,0.6775804205191001,0.759533166885376
Rasgrp2,0.8459054231643677,1.0430147647857666,0.4664275348186493,5.173516770936819e-05,4.460557460784912,0.4664275348186493,4.983025231441007e-06,4.941722393035889,0.4664275348186493,0.0001665673160024,4.189254760742188
Nrxn2,0.0011500931577757,0.0008845259435474,-0.3789656162261963,0.9888502385877284,0.1345822364091873,-0.3789656162261963,1.0,-0.1830366551876068,-0.3789656162261963,1.0,-0.1424493193626403
Rps6ka4,0.0690280944108963,0.1379623860120773,1.0496022701263428,0.0008039957189481,3.779729604721069,1.0496022701263428,0.0001472748238514,4.174642086029053,1.0496022701263428,0.0011698240328933,3.672338485717773
Ccdc88b,0.1397674679756164,0.1963431686162948,0.5323021411895752,0.0047284320083418,3.268884658813477,0.5323021411895752,0.0190111498007284,2.723858118057251,0.5323021411895752,0.0562306726461269,2.3451435565948486
Prdx5,0.568652331829071,0.7973835468292236,0.6713557243347168,5.0378396983686126e-08,5.831623077392578,0.6713557243347168,2.7459722772685906e-10,6.712831020355225,0.6713557243347168,1.4039508690223856e-07,5.693105697631836
Trmt112,0.8694202899932861,0.8962323069572449,0.0659691616892814,0.9888502385877284,-0.2470577359199524,0.0659691616892814,0.6213616543706904,0.7583181858062744,0.0659691616892814,0.7280431912762635,0.6358376145362854
Esrra,0.0988626778125763,0.120653860270977,0.3033829033374786,0.1844468367142417,1.8321706056594849,0.3033829033374786,0.3539527577830362,1.2774851322174072,0.3033829033374786,0.4945163381522541,1.090646266937256
Catsperz,0.0,0.0,0.0,0.9888502385877284,0.1005259156227111,0.0,1.0,0.0,0.0,1.0,0.0
Kcnk4,0.0,0.0,0.0,0.9888502385877284,0.1005259156227111,0.0,1.0,0.0,0.0,1.0,0.0
Gpr137,0.0176519770175218,0.0235414914786815,0.4196388721466064,0.9888502385877284,0.5640952587127686,0.4196388721466064,0.6116924405727927,0.7724916338920593,0.4196388721466064,0.7091727609278862,0.662687361240387
Bad,0.0960652232170105,0.2343686819076538,1.3892041444778442,1.4526169497146571e-08,6.045296669006348,1.3892041444778442,3.794328178312997e-10,6.687146186828613,1.3892041444778442,2.772928583540316e-08,5.98764181137085
Plcb3,0.0146944280713796,0.0108819054439663,-0.4360939860343933,0.9888502385877284,0.2000062316656112,-0.4360939860343933,0.688104573232405,-0.6603853106498718,-0.4360939860343933,0.7962517853373053,-0.5367269515991211
Ppp1r14b,0.8723784685134888,0.5231373310089111,-1.018736481666565,1.1510718646942961e-17,-8.890792846679688,-1.018736481666565,3.1454859736047548e-21,-9.970284461975098,-1.018736481666565,9.677468212968478e-15,-8.248817443847656
Fkbp2,0.1857569217681884,0.4713132977485657,1.5605106353759766,1.683771869080672e-18,9.106109619140623,1.5605106353759766,7.75378679108294e-22,10.235299110412598,1.5605106353759766,8.977359267587235e-18,9.132083892822266
Vegfb,0.0533830896019935,0.0529953241348266,-0.0107997842133045,0.8438339857043037,0.7662673592567444,-0.0107997842133045,1.0,-0.0331971757113933,-0.0107997842133045,1.0,-0.0278324671089649
Dnajc4,0.0880570262670517,0.0759918987751007,-0.2214145809412002,0.9227146473720024,0.6693263053894043,-0.2214145809412002,0.5755128866812319,-0.8275643587112427,-0.2214145809412002,0.695742613927576,-0.6823431849479675
Nudt22,0.0386359691619873,0.1295340061187744,1.8118022680282595,0.0001580394313024,4.195799350738525,1.8118022680282595,3.715100532944368e-08,5.917013168334961,1.8118022680282595,5.944761641959717e-07,5.424392223358154
Trpt1,0.0011216674465686,0.0131617235019803,3.561325788497925,0.9728535020078471,0.6052466630935669,3.561325788497925,0.0357615870288052,2.4815266132354736,3.561325788497925,0.048070529932875,2.4155466556549072
Fermt3,0.6927600502967834,0.8609439134597778,0.4504330158233642,0.0026307073623429,3.446410655975342,0.4504330158233642,5.467865960739688e-06,4.920173168182373,0.4504330158233642,0.0002136140066799,4.1265549659729
Stip1,0.2265467643737793,0.3383609354496002,0.6632026433944702,0.0001137183710112,4.275487899780273,0.6632026433944702,8.772335481519213e-05,4.299326419830322,0.6632026433944702,0.0010020331464951,3.715646743774414
Macrod1,0.078416496515274,0.0057136169634759,-3.8314924240112314,0.1255190300838007,-2.028592109680176,-3.8314924240112314,4.0273317118163913e-13,-7.665267467498779,-3.8314924240112314,3.509199441864057e-07,-5.556182384490967
Otub1,0.3036606311798095,0.5412440299987793,1.0172277688980105,6.33018256300539e-13,7.547658920288086,1.0172277688980105,2.0585794635046443e-14,8.10517692565918,1.0172277688980105,5.4655648455096966e-11,7.011773109436035
Cox8a,1.885045409202576,2.490948438644409,0.9869532585144044,2.969536227091359e-91,20.48786735534668,0.9869532585144044,5.740620012544235e-109,24.72785377502441,0.9869532585144044,3.544130283650937e-66,19.48196029663086
Naa40,0.1052277088165283,0.1729090511798858,0.7664516568183899,0.0003670536477993,3.985187768936157,0.7664516568183899,0.0009375547511305,3.6844327449798575,0.7664516568183899,0.0060808972394322,3.1725449562072754
Rcor2,0.0045129396021366,0.0,-22.1088924407959,0.9888502385877284,-0.0321145206689834,-22.1088924407959,0.1066223639161732,-1.9922586679458616,-22.1088924407959,0.3306120298935928,-1.3961893320083618
Mark2,0.568473756313324,0.5735766887664795,0.0169224627315998,0.9888502385877284,0.2918686866760254,0.0169224627315998,1.0,0.1558561623096466,0.0169224627315998,1.0,0.1294120997190475
Spindoc,0.045091189444065,0.043513536453247,-0.0525276511907577,0.9888502385877284,0.5826917886734009,-0.0525276511907577,1.0,-0.1435588002204895,-0.0525276511907577,1.0,-0.120328165590763
2700081O15Rik,0.0097730895504355,0.0085961306467652,-0.1859776228666305,0.9888502385877284,0.2023961544036865,-0.1859776228666305,0.9841685361229026,-0.2390864342451095,-0.1859776228666305,1.0,-0.1984340697526931
Rtn3,0.3068206906318664,0.6840823888778687,1.4512783288955688,2.689684927894209e-25,10.70070743560791,1.4512783288955688,9.205780631348942e-31,12.32346248626709,1.4512783288955688,4.554626514897365e-24,10.76580810546875
Atl3,0.1525951325893402,0.3050042390823364,1.113248586654663,1.5797503485101457e-08,6.031106472015381,1.113248586654663,2.4612111967164553e-09,6.373296737670898,1.113248586654663,2.082864593573609e-07,5.619793891906738
Plaat3,0.5140440464019775,0.9608611464500428,1.2639752626419067,1.3624824788702717e-27,11.186457633972168,1.2639752626419067,4.524629602254721e-36,13.369232177734377,1.2639752626419067,2.097551823335368e-26,11.328651428222656
Slc3a2,0.4990224242210388,0.7727624177932739,0.8491630554199219,1.7848383731888972e-11,7.084463119506836,0.8491630554199219,3.64490196168054e-13,7.7051472663879395,0.8491630554199219,6.463679307849632e-10,6.621469497680664
Wdr74,0.1944432556629181,0.1836556643247604,-0.0903724581003189,0.6502146005288407,1.0110845565795898,-0.0903724581003189,0.7977577457130995,-0.5046023726463318,-0.0903724581003189,0.8758251140542842,-0.4200357496738434
1700092M07Rik,0.0,0.0,0.0,0.9888502385877284,0.1005259156227111,0.0,1.0,0.0,0.0,1.0,0.0
Stx5a,0.1958648264408111,0.2855565249919891,0.6112099289894104,0.0003977249919151,3.964574813842773,0.6112099289894104,0.0008764135911789,3.702456474304199,0.6112099289894104,0.0060026433398637,3.176987648010254
Nxf1,0.1944289058446884,0.1971531808376312,0.022103538736701,0.285347092680875,1.5871293544769287,0.022103538736701,1.0,0.1254877746105194,0.022103538736701,1.0,0.1048651486635208
Tmem223,0.2634274363517761,0.343478798866272,0.4434762597084045,0.0010789549199585,3.700264692306519,0.4434762597084045,0.0088075765612026,2.997386693954468,0.4434762597084045,0.0345865467442224,2.5508477687835693
Tmem179b,0.3030260801315307,0.4669505059719085,0.7496418356895447,4.8784938636669664e-08,5.83722448348999,0.7496418356895447,5.9465453541593573e-08,5.807647228240967,0.7496418356895447,6.002630087651968e-06,4.949787616729736
Taf6l,0.0325989983975887,0.0277298521250486,-0.2369177043437957,0.9888502385877284,0.5439303517341614,-0.2369177043437957,0.7605275081843604,-0.5583707094192505,-0.2369177043437957,0.8530641200694391,-0.4536616504192352
Polr2g,0.5051008462905884,0.6214210391044617,0.3907420933246612,0.0134687147498504,2.9294416904449463,0.3907420933246612,0.0004610573787191,3.875039339065552,0.3907420933246612,0.0052571385622886,3.2197744846343994
Zbtb3,0.0056920177303254,0.0020413279999047,-1.4820667505264282,0.9888502385877284,0.0685607641935348,-1.4820667505264282,0.3853678063442528,-1.215890407562256,-1.4820667505264282,0.5706404879411326,-0.9207326769828796
Ttc9c,0.0907815620303154,0.18106210231781,1.0626119375228882,0.0001723671298007,4.1743645668029785,1.0626119375228882,1.9171626640227023e-05,4.655422687530518,1.0626119375228882,0.0002177995415905,4.121297359466553
Hnrnpul2,0.4879889190196991,0.5400199890136719,0.1868979930877685,0.3025877673794082,1.552027463912964,0.1868979930877685,0.2216140257021433,1.5907498598098757,0.1868979930877685,0.3533896208539643,1.3466709852218628
Gng3,0.0122027480974793,0.0316535606980323,1.3892438411712646,0.607114889392223,1.067845106124878,1.3892438411712646,0.0423945057133073,2.408694267272949,1.3892438411712646,0.0804102281360763,2.184144973754883
Bscl2,0.195943221449852,0.6086183786392212,1.952675700187683,2.3214969199649782e-34,12.511069297790527,1.952675700187683,9.898328729677867e-39,14.14364528656006,1.952675700187683,2.3157412850892354e-32,12.699501991271973
Lrrn4cl,0.0,0.0014856299385428,20.50371551513672,0.9888502385877284,0.1678170263767242,20.50371551513672,0.4679991859106411,1.0,20.50371551513672,0.5282133287683867,1.0
Ubxn1,0.6948581337928772,0.977952778339386,0.7253875732421875,3.6011135051502097e-11,6.982816696166992,0.7253875732421875,2.3097927055568397e-16,8.658574104309082,0.7253875732421875,1.661353010557341e-11,7.197167873382568
Uqcc3,0.4753411412239074,0.5838937163352966,0.3819261193275451,0.0093362744727349,3.053418636322021,0.3819261193275451,0.0019237785717573,3.476633310317993,0.3819261193275451,0.0126453906122118,2.9273223876953125
Lbhd1,0.010487675666809,0.0222687870264053,1.0948494672775269,0.8700933060376965,0.7350490689277649,1.0948494672775269,0.1872689442299379,1.687829613685608,1.0948494672775269,0.2839643753088371,1.502703070640564
1810009A15Rik,0.0193671062588691,0.0103315217420458,-0.9130894541740416,0.9888502385877284,0.0337575860321521,-0.9130894541740416,0.2789223981057082,-1.4526891708374023,-0.9130894541740416,0.4507714709197726,-1.1643242835998535
Ints5,0.0565658099949359,0.0729610472917556,0.3791505396366119,0.1964162479307521,1.798263669013977,0.3791505396366119,0.3493109772079247,1.286813259124756,0.3791505396366119,0.492611713123818,1.0937731266021729
Ganab,0.2813073694705963,0.2382845431566238,-0.2718385457992553,0.9926287182071002,0.0238991770893335,-0.2718385457992553,0.1624555223348641,-1.7742403745651243,-0.2718385457992553,0.3025720764722865,-1.461682915687561
B3gat3,0.2413493990898132,0.4751827418804168,1.156082272529602,2.020148461720332e-13,7.698895931243896,1.156082272529602,3.663792317017527e-15,8.345183372497559,1.156082272529602,7.961212680746544e-12,7.30303144454956
Rom1,0.0474210865795612,0.4841683208942413,3.680883407592773,2.75184823024536e-39,13.392874717712402,3.680883407592773,8.088654132931731e-47,16.287277221679688,3.680883407592773,7.725837071132406e-45,15.68621826171875
Eml3,0.0950552374124527,0.2686471045017242,1.6278868913650513,2.3066864152811246e-11,7.047269821166992,1.6278868913650513,4.612498716669823e-14,8.030905723571777,1.6278868913650513,1.2949073553947147e-11,7.237396240234375
Mta2,0.2639652490615845,0.4615370631217956,0.9572125673294068,9.231615840354309e-11,6.844201564788818,0.9572125673294068,2.4954968679030016e-11,7.0929388999938965,0.9572125673294068,1.2946016384690908e-08,6.117276668548584
Tut1,0.0623623058199882,0.0298087075352668,-1.088603138923645,0.9888502385877284,-0.5175665616989136,-1.088603138923645,0.0068274908774747,-3.0799663066864014,-1.088603138923645,0.0462200254585201,-2.430537223815918
Eef1g,1.929047703742981,1.6271350383758545,-0.5246959328651428,8.240562680495685e-25,-10.595102310180664,-0.5246959328651428,1.022188262264718e-19,-9.603900909423828,-0.5246959328651428,2.1284675808452123e-14,-8.136859893798828
Ahnak,0.1705501526594162,1.968175172805786,5.0493268966674805,2.4667184857482754e-174,28.391849517822266,5.0493268966674805,7.978443365182231e-235,53.67978286743164,5.0493268966674805,1.375288612015526e-236,49.444862365722656
Scgb1a1,0.0,0.0016049976693466,20.61529922485352,0.9888502385877284,0.1678170263767242,20.61529922485352,0.4679991859106411,1.0,20.61529922485352,0.5282133287683867,1.0
Asrgl1,0.1307344138622284,0.3327931463718414,1.4993655681610107,5.0136743891623245e-12,7.2642292976379395,1.4993655681610107,5.708870627488686e-15,8.314282417297363,1.4993655681610107,2.360812947109864e-12,7.4875168800354
Incenp,0.0769080892205238,0.2246618717908859,1.6558070182800293,4.1512610046743345e-08,5.865231513977051,1.6558070182800293,2.868003527959264e-11,7.102799892425537,1.6558070182800293,1.8444812491203542e-09,6.455849170684815
Fth1,2.393734931945801,2.198892116546631,-0.3126181364059448,6.833192951314873e-15,-8.131844520568848,-0.3126181364059448,1.0923334933947525e-13,-7.877818584442139,-0.3126181364059448,1.9882290978500211e-10,-6.810722827911377
Best1,0.0,0.0,0.0,0.9888502385877284,0.1005259156227111,0.0,1.0,0.0,0.0,1.0,0.0
Rab3il1,0.0,0.0,0.0,0.9888502385877284,0.1005259156227111,0.0,1.0,0.0,0.0,1.0,0.0
Fads3,0.0,0.0,0.0,0.9888502385877284,0.1005259156227111,0.0,1.0,0.0,0.0,1.0,0.0
Fads2,0.0,0.0,0.0,0.9888502385877284,0.1005259156227111,0.0,1.0,0.0,0.0,1.0,0.0
Fads1,0.0188028682023286,0.012942180968821,-0.5431110262870789,0.9888502385877284,0.1982138007879257,-0.5431110262870789,0.5029118343043093,-0.9413033127784728,-0.5431110262870789,0.6806006292917554,-0.7551565170288086
Fen1,0.0917902439832687,0.2640435397624969,1.6522997617721558,2.8303638560138286e-10,6.676011085510254,1.6522997617721558,1.9215627170770416e-13,7.835570335388184,1.6522997617721558,3.4775173824229065e-11,7.089163303375244
Tmem258,0.5993483066558838,0.920217216014862,0.8790573477745056,8.515240649281931e-14,7.81099796295166,0.8790573477745056,9.89880946281861e-19,9.335786819458008,0.8790573477745056,1.3325125092821388e-13,7.887154102325439
Dagla,0.0,0.0,0.0,0.9888502385877284,0.1005259156227111,0.0,1.0,0.0,0.0,1.0,0.0
Syt7,0.0,0.0016200187383219,20.62874794006348,0.9888502385877284,0.1678170263767242,20.62874794006348,0.4679991859106411,1.0,20.62874794006348,0.5282133287683867,1.0
Ppp1r32,0.0,0.0,0.0,0.9888502385877284,0.1005259156227111,0.0,1.0,0.0,0.0,1.0,0.0
Sdhaf2,0.1764771938323974,0.3119130730628967,0.9233303666114808,7.922330502014259e-08,5.752905368804932,0.9233303666114808,1.8306447169077887e-07,5.604351997375488,0.9233303666114808,8.418143956828628e-06,4.8777756690979
Cpsf7,0.2106162905693054,0.2300392240285873,0.1417876034975052,0.1537068792396861,1.927319288253784,0.1417876034975052,0.5755128866812319,0.8275418281555176,0.1417876034975052,0.6848213526930835,0.6981155872344971
Tmem216,0.027201460674405,0.0193240921944379,-0.498988002538681,0.9888502385877284,0.2874622941017151,-0.498988002538681,0.4679991859106411,-1.042914628982544,-0.498988002538681,0.62443047993785,-0.8372401595115662
Tmem138,0.0448324531316757,0.0596143864095211,0.4218730032444,0.3995704545615118,1.3769659996032717,0.4218730032444,0.3887839681893032,1.209490180015564,0.4218730032444,0.5282133287683867,1.0343077182769775
Cyb561a3,0.0421949215233325,0.0789609625935554,0.9308592677116394,0.1335481561200788,1.997672438621521,0.9308592677116394,0.0157370294983447,2.795186996459961,0.9308592677116394,0.0420506010165802,2.469027042388916
Tkfc,0.0235461387783288,0.02746107801795,0.2247337847948074,0.8839363201219086,0.7187677621841431,0.2247337847948074,0.8147282225498055,0.4815106093883514,0.2247337847948074,0.8857831634032058,0.4057653844356537
Ddb1,0.2314023226499557,0.2982346415519714,0.4163790643215179,0.0050487395750938,3.248495578765869,0.4163790643215179,0.0213414722104617,2.680610656738281,0.4163790643215179,0.0652896645818698,2.2802059650421143
Vwce,0.0,0.0,0.0,0.9888502385877284,0.1005259156227111,0.0,1.0,0.0,0.0,1.0,0.0
Vps37c,0.0300643816590309,0.0622259154915809,1.0728381872177124,0.206332016076886,1.77212393283844,1.0728381872177124,0.0177257938086339,2.7508432865142822,1.0728381872177124,0.0438972968875091,2.451833724975586
Cd5,0.6223510503768921,0.7178819179534912,0.2825680077075958,0.0584694098722718,2.372964143753052,0.2825680077075958,0.0207552312603408,2.691143035888672,0.2825680077075958,0.0659145741269373,2.27573299407959
Cd6,0.5917685627937317,0.6713485717773438,0.2454360425472259,0.1422500713204331,1.9656325578689573,0.2454360425472259,0.0675168821797524,2.2056431770324707,0.2454360425472259,0.1489333959503074,1.8798130750656128
Slc15a3,0.0,0.0331898294389247,25.00824546813965,0.2578717599166355,1.648221731185913,25.00824546813965,1.832507804674492e-05,4.690977573394775,25.00824546813965,2.2728472555820385e-05,4.690977573394775
Tmem132a,0.0,0.0005947765312157,19.182418823242188,0.9888502385877284,0.1678170263767242,19.182418823242188,0.4679991859106411,1.0,19.182418823242188,0.5282133287683867,1.0
Tmem109,0.0892274752259254,0.1419113576412201,0.7081654071807861,0.003984953228834,3.3213133811950684,0.7081654071807861,0.007282004558031,3.061567544937134,0.7081654071807861,0.0284831815799043,2.627336263656616
Prpf19,0.2010365426540374,0.2305934578180313,0.2199809104204177,0.0951348347861238,2.158767938613892,0.2199809104204177,0.3454987673746137,1.2948836088180542,0.2199809104204177,0.4931382438538859,1.093022346496582
Ccdc86,0.151739701628685,0.115534670650959,-0.4199706315994262,0.9888502385877284,0.2082962691783905,-0.4199706315994262,0.1194209837053196,-1.9352648258209229,-0.4199706315994262,0.2491295930018769,-1.5869702100753784
Ms4a15,0.0,0.0,0.0,0.9888502385877284,0.1005259156227111,0.0,1.0,0.0,0.0,1.0,0.0
Ms4a8a,0.0,0.0,0.0,0.9888502385877284,0.1005259156227111,0.0,1.0,0.0,0.0,1.0,0.0
Ms4a20,0.001224965089932,0.0,-20.225194931030277,0.9888502385877284,0.0673658028244972,-20.225194931030277,0.4679991859106411,-1.0,-20.225194931030277,0.6832027011037286,-0.7008072733879089
Ms4a1,0.0010935518657788,0.0014346968382596,0.3919700980186462,0.9888502385877284,0.1345822364091873,0.3919700980186462,1.0,0.1891107112169265,0.3919700980186462,1.0,0.1609378904104232
Ms4a7,0.0010391167597845,0.0,-19.9876766204834,0.9888502385877284,0.0673658028244972,-19.9876766204834,0.4679991859106411,-1.0,-19.9876766204834,0.6832027011037286,-0.7008072733879089
Ms4a4a,0.0,0.0018187096575275,20.79579734802246,0.9888502385877284,0.1678170263767242,20.79579734802246,0.4679991859106411,1.0,20.79579734802246,0.5282133287683867,1.0
Ms4a4c,0.4679232835769653,0.1384000778198242,-2.0071146488189697,4.557161855682639e-12,-7.277747631072998,-2.0071146488189697,2.441762821915907e-32,-12.451007843017578,-2.0071146488189697,3.124082376646156e-19,-9.609618186950684
Ms4a4b,2.7007124423980717,3.3045778274536133,0.917523205280304,1.5462121525671068e-91,20.519983291625977,0.917523205280304,1.162774243153786e-101,24.318994522094727,0.917523205280304,2.1583436182543065e-73,20.34470558166504
Ms4a6c,0.0854551494121551,0.030919698998332,-1.506361484527588,0.7994815590631983,-0.820189893245697,-1.506361484527588,3.785932142089778e-05,-4.487570762634277,-1.506361484527588,0.0026982795426874,-3.4307308197021484
Gm8369,0.904262363910675,1.6852186918258667,1.5794901847839355,8.232398322141384e-60,16.56026268005371,1.5794901847839355,1.9420626881129041e-84,21.36616897583008,1.5794901847839355,1.4678485532343422e-54,17.19869041442871
Ms4a6b,1.9129558801651,2.421850204467773,0.8305575847625732,2.6881886052973165e-50,15.17396068572998,0.8305575847625732,1.1093508499512177e-59,17.517045974731445,0.8305575847625732,4.5942964863405057e-39,14.160757064819336
Ms4a4d,0.0081173675134778,0.0114819025620818,0.502708911895752,0.9888502385877284,0.4027011394500732,0.502708911895752,0.6958319142555965,0.6494194865226746,0.502708911895752,0.7828496111993859,0.5551987886428833
Ms4a6d,0.064129002392292,0.3240446746349334,2.5306925773620605,1.8895002087694908e-20,9.591934204101562,2.5306925773620605,8.86050168038795e-26,11.34609317779541,2.5306925773620605,3.738574699905372e-23,10.626744270324709
Ms4a3,0.0003030791413038,0.0,-18.20955848693848,0.9888502385877284,0.0673658028244972,-18.20955848693848,0.4679991859106411,-1.0,-18.20955848693848,0.6832027011037286,-0.7008072733879089
Oosp1,0.0,0.0,0.0,0.9888502385877284,0.1005259156227111,0.0,1.0,0.0,0.0,1.0,0.0
Mrpl16,0.1450115144252777,0.3606219589710235,1.4763952493667605,1.831612105882397e-14,8.008240699768066,1.4763952493667605,4.2039699870005867e-17,8.933684349060059,1.4763952493667605,1.0290113457026411e-13,7.924069404602051
Stx3,0.0033096023835241,0.0027781231328845,-0.2529307603836059,0.9888502385877284,0.0685607641935348,-0.2529307603836059,1.0,-0.157033771276474,-0.2529307603836059,1.0,-0.1357576549053192
Olfr1419,0.0,0.0,0.0,0.9888502385877284,0.1005259156227111,0.0,1.0,0.0,0.0,1.0,0.0
Patl1,0.0919212773442268,0.140685498714447,0.6498602032661438,0.0172731681829594,2.842657804489136,0.6498602032661438,0.016889339791425,2.7687675952911377,0.6498602032661438,0.0494780811289717,2.399732828140259
Osbp,0.1196659952402114,0.1360760182142257,0.1974892914295196,0.2849252911887488,1.5879509449005127,0.1974892914295196,0.548881460937505,0.8684254884719849,0.1974892914295196,0.6832027011037286,0.7418656945228577
Olfr1423,0.0,0.00364959705621,21.80193901062012,0.9888502385877284,0.2351081520318985,21.80193901062012,0.2942789202292576,1.415658473968506,21.80193901062012,0.3242439506611627,1.415658473968506
Mpeg1,0.0,0.0032491327729076,21.633968353271484,0.9888502385877284,0.2351081520318985,21.633968353271484,0.2948683122877646,1.4083298444747925,21.633968353271484,0.3263308940324332,1.4083298444747925
Dtx4,0.0160309523344039,0.0030428250320255,-2.4067604541778564,0.9888502385877284,-0.2312245368957519,-2.4067604541778564,0.0199528533111307,-2.704452514648437,-2.4067604541778564,0.1186438589841839,-2.0001466274261475
Fam111a,0.3095679581165313,0.3838861286640167,0.3671232759952545,0.0091935200620494,3.05872130393982,0.3671232759952545,0.0318916441367925,2.523994445800781,0.3671232759952545,0.0852222553745489,2.1570076942443848
Glyat,0.0009830547496676,0.0,-19.907623291015625,0.9888502385877284,0.0673658028244972,-19.907623291015625,0.4679991859106411,-1.0,-19.907623291015625,0.6832027011037286,-0.7008072733879089
Cntf,0.0,0.0,0.0,0.9888502385877284,0.1005259156227111,0.0,1.0,0.0,0.0,1.0,0.0
Zfp91-1,0.279608279466629,0.2999372780323028,0.1166252270340919,0.1613580934132234,1.9019263982772827,0.1166252270340919,0.601875128733262,0.7871226072311401,0.1166252270340919,0.7112966733036885,0.6599395275115967
Lpxn,0.2571754455566406,0.4946209788322449,1.1255542039871216,3.3760155760682645e-13,7.631305694580078,1.1255542039871216,1.8382362321912704e-14,8.130087852478027,1.1255542039871216,2.7397996126244767e-11,7.117359638214111
Gm5244,0.0093534551560878,0.0100346021354198,0.1019043251872062,0.9888502385877284,0.1377190053462982,0.1019043251872062,1.0,0.1239965856075286,0.1019043251872062,1.0,0.1073390990495681
Olfr1444,0.0032130139879882,0.0,-21.617815017700195,0.9994412017932364,0.0010455889860168,-21.617815017700195,0.1750730072300931,-1.7324589490890503,-21.617815017700195,0.4247033279437463,-1.214119791984558
Tle4,0.5075691938400269,0.4997398853302002,-0.0285470429807901,0.9888502385877284,0.1171059682965278,-0.0285470429807901,0.9804595655597588,-0.244571179151535,-0.0285470429807901,1.0,-0.2047828882932663
Psat1,0.0618086457252502,0.1673327088356018,1.5144113302230835,9.069531677463394e-06,4.840927600860596,1.5144113302230835,2.26230639604562e-08,6.001181125640869,1.5144113302230835,5.855448653372465e-07,5.424724102020264
Cep78,0.023709513247013,0.042511623352766,0.8560290336608887,0.3239136938180943,1.5111747980117798,0.8560290336608887,0.0993702786751458,2.0283608436584477,0.8560290336608887,0.1851461789665811,1.7634906768798828
Gnaq,0.0337382182478904,0.0614092946052551,0.8841919898986816,0.2774497207757487,1.6042321920394895,0.8841919898986816,0.0504787091963433,2.3348376750946045,0.8841919898986816,0.1041743624473581,2.062497854232788
Gna14,0.0010142164537683,0.0,-19.952667236328125,0.9888502385877284,0.0673658028244972,-19.952667236328125,0.4679991859106411,-1.0,-19.952667236328125,0.6832027011037286,-0.7008072733879089
Vps13a,0.5203127861022949,0.3879241049289703,-0.5263056755065918,0.0051778504445045,-3.240877866744995,-0.5263056755065918,5.426295583741969e-05,-4.4073991775512695,-0.5263056755065918,0.0013784892913236,-3.6258955001831055
Prune2,0.0,0.0,0.0,0.9888502385877284,0.1005259156227111,0.0,1.0,0.0,0.0,1.0,0.0
Gcnt1,0.0016532146837562,0.0128480643033981,2.9662892818450928,0.8940648012290606,0.7069675326347351,2.9662892818450928,0.0371660196322935,2.4647767543792725,2.9662892818450928,0.0553122492088991,2.354224681854248
Rfk,0.106766328215599,0.1910842657089233,0.9020838737487792,0.000143219714552,4.220146656036377,0.9020838737487792,9.559855262348856e-05,4.280211925506592,0.9020838737487792,0.0009093167467982,3.741989135742188
Ostf1,1.0355628728866575,1.526884913444519,0.9882107377052308,5.516690454711346e-37,12.989128112792969,0.9882107377052308,2.866314245687431e-42,14.534228324890137,0.9882107377052308,1.6298994838030961e-29,12.06346321105957
Nmrk1,0.0764876082539558,0.099187433719635,0.3915453851222992,0.1507002558998238,1.9368789196014404,0.3915453851222992,0.2701411043471741,1.4725255966186523,0.3915453851222992,0.3985150340894546,1.261338233947754
Carnmt1,0.2135047614574432,0.3411967754364013,0.7726982831954956,3.95232510301065e-06,5.011806964874268,0.7726982831954956,5.50231591526856e-06,4.923577308654785,0.7726982831954956,0.000130126441354,4.249863624572754
D030056L22Rik,0.1196875423192977,0.1394175440073013,0.2346786260604858,0.0779110428870802,2.2481656074523926,0.2346786260604858,0.4547556851704334,1.0942984819412231,0.2346786260604858,0.5721987141981897,0.9180282950401306
Trpm6,0.0,0.0,0.0,0.9888502385877284,0.1005259156227111,0.0,1.0,0.0,0.0,1.0,0.0
Rorb,0.0,0.0031036746222525,21.567785263061523,0.9888502385877284,0.2351081520318985,21.567785263061523,0.3037991997100432,1.3853412866592407,21.567785263061523,0.3352107316551149,1.3853412866592407
Anxa1,0.0081678917631506,0.3840513229370117,5.835185527801514,6.9310066932322e-26,10.82767105102539,5.835185527801514,1.3779830569377904e-35,13.946026802062988,5.835185527801514,3.3067285317877773e-35,13.849899291992188
Zfand5,0.362044095993042,0.5876592993736267,0.8743906617164612,7.25951924497026e-11,6.880423545837402,0.8743906617164612,2.003686058134159e-11,7.123507022857666,0.8743906617164612,1.3130689313286898e-08,6.114791870117188
Gda,0.0,0.0011416648048907,20.123533248901367,0.9888502385877284,0.1678170263767242,20.123533248901367,0.4679991859106411,1.0,20.123533248901367,0.5282133287683867,1.0
1110059E24Rik,0.0887967869639396,0.1484573930501938,0.7853562831878662,0.0011345277038933,3.686448097229004,0.7853562831878662,0.0020619678951986,3.457610607147217,0.7853562831878662,0.0106595534490675,2.985567569732666
Abhd17b,0.1322468966245651,0.1405026763677597,0.0934543460607528,0.2274638247414088,1.717753291130066,0.0934543460607528,0.847805346791839,0.4333855211734772,0.0934543460607528,0.9141182410760812,0.3642308413982391
Cemip2,0.0033918309491127,0.0807749330997467,4.6299824714660645,0.0022242385664004,3.495105266571045,4.6299824714660645,3.2829226946037233e-10,6.766246318817139,4.6299824714660645,7.913910997165616e-10,6.650109767913818
Trpm3,0.0,0.0,0.0,0.9888502385877284,0.1005259156227111,0.0,1.0,0.0,0.0,1.0,0.0
Klf9,0.0311935972422361,0.0276915524154901,-0.1743426173925399,0.9888502385877284,0.2927649021148681,-0.1743426173925399,0.8901721824298421,-0.3727657794952392,-0.1743426173925399,0.9494301352093594,-0.3091373145580292
Smc5,0.1397047340869903,0.2385919541120529,0.8457438349723816,6.899041630477836e-05,4.392519474029541,0.8457438349723816,9.01138962533824e-05,4.294344425201416,0.8457438349723816,0.0008769752762028,3.752037525177002
Mamdc2,0.0,0.0005095215165056,18.95915412902832,0.9888502385877284,0.1678170263767242,18.95915412902832,0.4679991859106411,1.0,18.95915412902832,0.5282133287683867,1.0
Ptar1,0.1090189144015312,0.0944275557994842,-0.2180024683475494,0.8259807231786166,0.7884488105773926,-0.2180024683475494,0.5285118930163832,-0.8998666405677795,-0.2180024683475494,0.6832027011037286,-0.7436213493347168
Apba1,0.0,0.0,0.0,0.9888502385877284,0.1005259156227111,0.0,1.0,0.0,0.0,1.0,0.0
Tjp2,0.0068341195583343,0.041320763528347,2.621016025543213,0.2052106739457993,1.7749619483947754,2.621016025543213,0.0002039046313762,4.102003574371338,2.621016025543213,0.0005590090358717,3.880676507949829
Fxn,0.0749306827783584,0.2351746708154678,1.7686811685562134,6.413296092479909e-10,6.548748016357422,1.7686811685562134,1.0713282354182529e-13,7.922927379608154,1.7686811685562134,1.577099354845105e-11,7.211286544799805
Pip5k1b,0.0028380258008837,0.0028873342089354,0.0248859077692031,0.9888502385877284,0.1354784518480301,0.0248859077692031,1.0,0.0175587683916091,0.0248859077692031,1.0,0.0146085061132907
Fam122a,0.1403166502714157,0.1462984085083007,0.0646457523107528,0.3340639959747812,1.4927276372909546,0.0646457523107528,0.9341534689194664,0.3105016052722931,0.0646457523107528,0.9807008610890008,0.2612959742546081
Gm10053,0.0121361315250396,0.0260925590991973,1.1144294738769531,0.6084988220201833,1.065753936767578,1.1144294738769531,0.1094109875222781,1.9798517227172847,1.1144294738769531,0.1894761329740539,1.750287413597107
Cbwd1,0.072228692471981,0.0644914954900741,-0.1691081225872039,0.7629557412195626,0.8632084131240845,-0.1691081225872039,0.7489652526641746,-0.5750120282173157,-0.1691081225872039,0.8392005428756826,-0.4750047624111175
Dock8,0.5691954493522644,0.5969759225845337,0.0907245054841041,0.9888502385877284,0.5554317831993103,0.0907245054841041,0.5621114881897483,0.848524272441864,0.0907245054841041,0.6832027011037286,0.7082557678222656
Dmrt2,0.0,0.0009356220252811,19.83624267578125,0.9888502385877284,0.1678170263767242,19.83624267578125,0.4679991859106411,1.0,19.83624267578125,0.5282133287683867,1.0
Smarca2,0.442209392786026,0.2622752785682678,-0.8910460472106934,0.0008952027861659,-3.75112509727478,-0.8910460472106934,2.593038481044362e-09,-6.337043762207031,-0.8910460472106934,2.401430102996472e-06,-5.144975662231445
Pum3,0.300024002790451,0.2908678948879242,-0.0516434945166111,0.7478969628888197,0.8825517892837524,-0.0516434945166111,0.9071498381718522,-0.3491551578044891,-0.0516434945166111,0.961045987755166,-0.2921180129051208
Rfx3,0.1205699071288108,0.0607980154454708,-1.0315415859222412,0.6081726009902505,-1.066650152206421,-1.0315415859222412,0.0003787576160384,-3.924326896667481,-1.0315415859222412,0.007250387026798,-3.116505622863769
Glis3,0.0010049605043604,0.0016280686249956,0.6964717507362366,0.9888502385877284,0.1345822364091873,0.6964717507362366,0.923155135539536,0.325679212808609,0.6964717507362366,0.9635827821810556,0.287205308675766
Slc1a1,0.0,0.0,0.0,0.9888502385877284,0.1005259156227111,0.0,1.0,0.0,0.0,1.0,0.0
4430402I18Rik,0.0051998924463987,0.0045040934346616,-0.2077473551034927,0.9888502385877284,0.1688626259565353,-0.2077473551034927,1.0,-0.1842571645975113,-0.2077473551034927,1.0,-0.1497036218643188
Plpp6,0.0522267259657382,0.0660640150308609,0.3491563498973846,0.4950206456353746,1.2262518405914309,0.3491563498973846,0.4679991859106411,1.0688936710357666,0.3491563498973846,0.5739656430727607,0.9154480695724488
Cdc37l1,0.3056282103061676,0.3435398936271667,0.1975244730710983,0.0673215393271077,2.3133656978607178,0.1975244730710983,0.3029596451607034,1.386520504951477,0.1975244730710983,0.4500011922983797,1.1654014587402344
Ak3,0.0867535173892974,0.3179749846458435,2.046330451965332,6.773546312272266e-19,9.207082748413086,2.046330451965332,2.0753121809853716e-22,10.422982215881348,2.046330451965332,5.185465052235123e-19,9.492021560668944
Rcl1,0.1323679238557815,0.1094225794076919,-0.2915281057357788,0.9664149259474448,0.6141341328620911,-0.2915281057357788,0.3262305930885258,-1.3342626094818115,-0.2915281057357788,0.4893928975282957,-1.098984718322754
Jak2,0.1286270469427108,0.2699207067489624,1.174646258354187,5.0391669727230165e-08,5.831398963928223,1.174646258354187,4.4775936435092295e-09,6.273407936096191,1.174646258354187,3.0500400688680084e-07,5.54691743850708
Insl6,0.1145784929394722,0.2482445687055587,1.2147589921951294,2.085932465404684e-06,5.140936851501465,1.2147589921951294,1.631971262395936e-08,6.0542521476745605,1.2147589921951294,6.146733283131846e-07,5.413584232330322
Rln1,0.0,0.0,0.0,0.9888502385877284,0.1005259156227111,0.0,1.0,0.0,0.0,1.0,0.0
Plgrkt,0.5285740494728088,0.7781313061714172,0.7573847770690918,4.2964979703355956e-10,6.611856460571289,0.7573847770690918,8.445560112837956e-13,7.574476718902588,0.7573847770690918,2.974804548802101e-09,6.370427131652832
Cd274,0.1269032955169677,0.2189775854349136,0.8553847074508667,0.00070615350956,3.8155035972595215,0.8553847074508667,0.0002028835057075,4.093768119812012,0.8553847074508667,0.0015097810164159,3.598050117492676
Pdcd1lg2,0.0033124333713203,0.0754041448235511,4.56102466583252,0.0083511306564922,3.089864730834961,4.56102466583252,3.635109907372844e-09,6.362948894500732,4.56102466583252,7.436700618591159e-09,6.266744136810303
Ric1,0.0854666531085968,0.2165520787239074,1.4382175207138062,5.317204902648626e-07,5.405396461486816,1.4382175207138062,2.110832848972628e-09,6.408090591430664,1.4382175207138062,9.37836042309e-08,5.770291328430176
Ermp1,0.0770654305815696,0.1176589354872703,0.6402121782302856,0.0600152129991542,2.361537456512451,0.6402121782302856,0.0432106496319864,2.3997552394866943,0.6402121782302856,0.098365342191539,2.0896875858306885
Mlana,0.0,0.0,0.0,0.9888502385877284,0.1005259156227111,0.0,1.0,0.0,0.0,1.0,0.0
9930021J03Rik,0.2059027105569839,0.124951459467411,-0.7805982232093811,0.4541610192474286,-1.289808750152588,-0.7805982232093811,0.0003249809297033,-3.96511435508728,-0.7805982232093811,0.0055166393106634,-3.205400228500366
Ranbp6,0.0609857849776744,0.0394122973084449,-0.6455192565917969,0.9896512421272384,-0.0291271209716796,-0.6455192565917969,0.13429863985685,-1.874961495399475,-0.6455192565917969,0.28009832200954,-1.5115153789520264
Il33,0.0,0.0,0.0,0.9888502385877284,0.1005259156227111,0.0,1.0,0.0,0.0,1.0,0.0
Uhrf2,0.3526941537857055,0.7165058255195618,1.308254957199097,1.1698649392198256e-20,9.642197608947754,1.308254957199097,2.2246613101956713e-24,10.843507766723633,1.308254957199097,3.8138898054292404e-19,9.50482940673828
Gldc,0.0032640555873513,0.3789554238319397,7.138844013214111,1.683616020406377e-36,12.902419090270996,7.138844013214111,1.7138706381926537e-45,16.263805389404297,7.138844013214111,3.101007206014155e-45,16.20806884765625
Cstf2t,0.1001129895448684,0.0784448310732841,-0.3677418529987335,0.9888502385877284,0.2781266570091247,-0.3677418529987335,0.2973500130640744,-1.3996310234069824,-0.3677418529987335,0.4582823610982573,-1.1509363651275637
Asah2,0.0128999669104814,0.0057831895537674,-1.1625713109970093,0.9994412017932364,0.001643068389967,-1.1625713109970093,0.2760247793671282,-1.4587483406066897,-1.1625713109970093,0.4719778607965618,-1.128575325012207
Sgms1,0.1373691707849502,0.0596473217010498,-1.2605139017105105,0.2760023448044642,-1.6070703268051147,-1.2605139017105105,4.727762122974858e-06,-4.944903373718262,-1.2605139017105105,0.0004870387357528,-3.916289806365967
Rpl9-ps6,0.4221802055835724,0.2940182983875274,-0.6199077367782593,0.0127421274485039,-2.94900894165039,-0.6199077367782593,1.3880048559903648e-05,-4.715349197387695,-0.6199077367782593,0.0006085024452043,-3.852944850921631
Minpp1,0.1853765398263931,0.2161783874034881,0.2447251081466674,0.080526311694839,2.2333033084869385,0.2447251081466674,0.3045242505001161,1.382267951965332,0.2447251081466674,0.4443401150371322,1.174472689628601
Papss2,0.0,0.0,0.0,0.9888502385877284,0.1005259156227111,0.0,1.0,0.0,0.0,1.0,0.0
Atad1,0.2464256882667541,0.2846089005470276,0.2365891188383102,0.0558634135915621,2.391859531402588,0.2365891188383102,0.2381861645676536,1.5474519729614258,0.2365891188383102,0.3752208808182609,1.304128885269165
Pten,0.4978379905223846,0.4795150458812713,-0.0683895349502563,0.9888502385877284,-0.2376474440097808,-0.0683895349502563,0.7347351603310367,-0.5937793254852295,-0.0683895349502563,0.8260527979152652,-0.4933324456214905
Lipo3,0.0159460492432117,0.012467230670154,-0.3575734496116638,0.9888502385877284,0.102094292640686,-0.3575734496116638,0.7711421562834859,-0.5426856279373169,-0.3575734496116638,0.8566765835741111,-0.4479197859764099
Stambpl1,0.1463211178779602,0.1010564640164375,-0.5673006772994995,0.9888502385877284,0.0725937485694885,-0.5673006772994995,0.0248493499327886,-2.620872735977173,-0.5673006772994995,0.0939636680345962,-2.1117658615112305
Acta2,0.0,0.0014856299385428,20.50371551513672,0.9888502385877284,0.1678170263767242,20.50371551513672,0.4679991859106411,1.0,20.50371551513672,0.5282133287683867,1.0
Fas,0.1144923716783523,0.1280586272478103,0.1715365946292877,0.3853055799990303,1.4009398221969604,0.1715365946292877,0.6472507070954211,0.719256579875946,0.1715365946292877,0.7440683966958832,0.6113213896751404
Ch25h,0.0011985129676759,0.0,-20.193679809570312,0.9888502385877284,0.0673658028244972,-20.193679809570312,0.4679991859106411,-1.0,-20.193679809570312,0.6832027011037286,-0.7008072733879089
Lipa,0.2838652431964874,0.1683097779750824,-0.8405805826187134,0.1181691484399537,-2.0573456287384038,-0.8405805826187134,5.090098733753832e-06,-4.930870056152344,-0.8405805826187134,0.0003743630005602,-3.9845807552337646
Ifit2,0.1148939207196235,0.1953607201576233,0.825382649898529,0.0030566011146046,3.401674509048462,0.825382649898529,0.0006632828450514,3.7819082736968994,0.825382649898529,0.0036850368458083,3.332136392593384
Ifit3,0.2419855445623397,0.3927006721496582,0.81296706199646,0.0001025291106979,4.3000593185424805,0.81296706199646,5.906074477799916e-05,4.395313739776611,0.81296706199646,0.0005800596447712,3.864601373672485
Ifit1bl1,0.3875059783458709,0.1967345625162124,-1.1222699880599976,3.608321659249263e-05,-4.541739940643311,-1.1222699880599976,1.59021456393734e-10,-6.787461757659912,-1.1222699880599976,2.602711443781857e-07,-5.580001354217529
Ifit3b,0.0402296483516693,0.0708316266536712,0.8384134769439697,0.4173092328627577,1.347689509391785,0.8384134769439697,0.0776197139134136,2.143692970275879,0.8384134769439697,0.1425413856470935,1.9019923210144043
Ifit1bl2,0.0071213766932487,0.001990879420191,-1.8424534797668457,0.9888502385877284,-0.0315917246043682,-1.8424534797668457,0.2810956846812045,-1.4481762647628784,-1.8424534797668457,0.4841339463009003,-1.107801079750061
Ifit1,0.1976750046014785,0.2487376481294632,0.3696972727775574,0.0757966773689701,2.260936737060547,0.3696972727775574,0.16009527253952,1.782414197921753,0.3696972727775574,0.2696211746554477,1.5356887578964231
Pank1,0.0294904932379722,0.0062367557547986,-2.2582061290740967,0.9888502385877284,-0.400609940290451,-2.2582061290740967,0.0019109563941236,-3.476177215576172,-2.2582061290740967,0.0321444702073173,-2.582932233810425
Kif20b,0.0741020143032074,0.0798312649130821,0.1116266027092933,0.3566828370118336,1.4512028694152832,0.1116266027092933,0.8668383245132012,0.4072685241699219,0.1116266027092933,0.9292105916186008,0.3411174118518829
Htr7,0.0,0.0,0.0,0.9888502385877284,0.1005259156227111,0.0,1.0,0.0,0.0,1.0,0.0
Rpp30,0.1475695818662643,0.1558987200260162,0.0853739902377128,0.1220671056137014,2.0418858528137207,0.0853739902377128,0.842430246125198,0.4410919845104217,0.0853739902377128,0.9128414685259773,0.3661226034164428
Pcgf5,0.4411547482013702,0.2074366956949234,-1.266300082206726,2.2085138522101734e-06,-5.12921142578125,-1.266300082206726,5.451168930307385e-17,-8.808874130249023,-1.266300082206726,9.086554163013696e-11,-6.954677581787109
Hectd2,0.0576767437160015,0.0021234708838164,-4.803765773773193,0.3529520821681644,-1.45814847946167,-4.803765773773193,8.896572529281562e-10,-6.522317886352539,-4.803765773773193,2.728815634311568e-05,-4.64493465423584
Tnks2,0.3770014941692352,0.46773162484169,0.3811522722244262,0.0065401413217836,3.1678359508514404,0.3811522722244262,0.0066777966549612,3.089308261871338,0.3811522722244262,0.0302573136698623,2.603320360183716
Fgfbp3,0.034227680414915,0.0369678921997547,0.1130973622202873,0.9206804658417534,0.6733593344688416,0.1130973622202873,0.9575444803825252,0.2767028510570526,0.1130973622202873,0.9985850008673204,0.2334287464618683
Btaf1,0.1843186169862747,0.1959163397550583,0.0966668054461479,0.1455772253048136,1.9541311264038088,0.0966668054461479,0.7723064697682042,0.5409450531005859,0.0966668054461479,0.8535247494807017,0.4526967704296112
Cpeb3,0.0027277183253318,0.0019324582535773,-0.4978311657905578,0.9888502385877284,0.1013474464416503,-0.4978311657905578,0.9508664745627878,-0.2865996658802032,-0.4978311657905578,0.9996386229314708,-0.2314309477806091
March5,0.2888002395629883,0.4206706881523132,0.6433557868003845,1.5116024726224924e-05,4.734053611755371,0.6433557868003845,9.484282602643988e-06,4.805423736572266,0.6433557868003845,0.0002204033256528,4.117908000946045
Ide,0.1307299137115478,0.5404744148254395,2.3596949577331543,9.082032794937036e-38,13.127518653869627,2.3596949577331543,6.530103237171112e-44,15.291274070739746,2.3596949577331543,5.320341475105902e-38,13.924753189086914
Kif11,0.0151662658900022,0.0816297829151153,2.476559638977051,0.0273684607026507,2.6731228828430176,2.476559638977051,4.9020393134494505e-06,4.970797061920166,2.476559638977051,1.7299798041602377e-05,4.733647346496582
Hhex,0.001645645708777,0.0286435205489397,4.1410064697265625,0.397762205734694,1.3803268671035769,4.1410064697265625,0.0004189976627902,3.91832447052002,4.1410064697265625,0.0006650466771862,3.839789867401123
Exoc6,0.0954799875617027,0.1644573509693145,0.8352773189544678,0.002549070744751,3.455522298812866,0.8352773189544678,0.0009124833515256,3.693129539489746,0.8352773189544678,0.0051297017619027,3.227243423461914
Cyp26a1,0.001312342705205,0.0,-20.32466125488281,0.9888502385877284,0.0673658028244972,-20.32466125488281,0.4679991859106411,-1.0,-20.32466125488281,0.6832027011037286,-0.7008072733879089
Myof,0.0,0.0,0.0,0.9888502385877284,0.1005259156227111,0.0,1.0,0.0,0.0,1.0,0.0
Cep55,0.0124907633289694,0.0350781194865703,1.5060677528381348,0.2793055722805545,1.599900484085083,1.5060677528381348,0.0129353848768648,2.865473508834839,1.5060677528381348,0.0328627719539842,2.571387767791748
Fra10ac1,0.1310642808675766,0.1307776570320129,-0.0033698792103677,0.4120355060678027,1.3566516637802124,-0.0033698792103677,1.0,-0.0159250199794769,-0.0033698792103677,1.0,-0.0132652167230844
Lgi1,0.0,0.0,0.0,0.9888502385877284,0.1005259156227111,0.0,1.0,0.0,0.0,1.0,0.0
Slc35g1,0.0580662935972213,0.0663822218775749,0.1991567313671112,0.4413427084995062,1.3105710744857788,0.1991567313671112,0.688104573232405,0.6602984666824341,0.1991567313671112,0.7817149033128106,0.5568268299102783
Plce1,0.0,0.0,0.0,0.9888502385877284,0.1005259156227111,0.0,1.0,0.0,0.0,1.0,0.0
Noc3l,0.0840630009770393,0.0947932377457618,0.1811686903238296,0.3493619584865007,1.464571475982666,0.1811686903238296,0.6682225802322063,0.6881674528121948,0.1811686903238296,0.7645923922773149,0.5813097357749939
Tbc1d12,0.0116379503160715,0.0201137978583574,0.7954787015914917,0.896181632571978,0.7020383477210999,0.7954787015914917,0.3655500957357024,1.2544889450073242,0.7954787015914917,0.492611713123818,1.0939615964889526
Hells,0.0572463050484657,0.3805358111858368,2.9744789600372314,3.1039112306712346e-20,9.539356231689451,2.9744789600372314,1.023166033338654e-28,12.13656997680664,2.9744789600372314,7.527474102931352e-27,11.611170768737791
Pdlim1,0.6088302135467529,0.1857431530952453,-2.0380642414093018,2.2001945421418222e-24,-10.501297950744627,-2.0380642414093018,6.350298121298183e-49,-15.603296279907228,-2.0380642414093018,2.4357040380818658e-29,-12.142678260803224
Sorbs1,0.0275367982685565,0.0086345756426453,-1.6868396997451782,0.9888502385877284,-0.3014283776283264,-1.6868396997451782,0.0150072179900359,-2.809061050415039,-1.6868396997451782,0.0896604799785101,-2.135200262069702
Aldh18a1,0.0792318433523178,0.0980126857757568,0.3206354677677154,0.14523283870187,1.955400824546814,0.3206354677677154,0.36561092824554,1.254178166389465,0.3206354677677154,0.5134794668057829,1.0600545406341553
Tctn3,0.0040276236832141,0.011937603354454,1.573225498199463,0.9888502385877284,0.437877744436264,1.573225498199463,0.2342308086424516,1.5581189393997192,1.573225498199463,0.310068261572425,1.4447414875030518
Entpd1,0.0022118028718978,0.1671980023384094,6.360882759094238,4.103751862414016e-10,6.618876934051514,6.360882759094238,4.8579758713927626e-21,10.24288272857666,6.360882759094238,8.732472367134564e-21,10.19285011291504
Ccnj,0.024237236008048,0.0215170476585626,-0.1737146526575088,0.9888502385877284,0.1981391161680221,-0.1737146526575088,0.9210102354960716,-0.3293103575706482,-0.1737146526575088,0.9714583739848538,-0.2759813368320465
Zfp518a,0.1213734894990921,0.1204889938235282,-0.0112029472365975,0.6803281086044995,0.971725583076477,-0.0112029472365975,1.0,-0.0481721758842468,-0.0112029472365975,1.0,-0.0405579097568988
Blnk,0.0010935518657788,0.0015084893675521,0.4643819332122803,0.9888502385877284,0.1345822364091873,0.4643819332122803,0.9954231697922372,0.2227053493261337,0.4643819332122803,1.0,0.1911841332912445
Dntt,0.0685125887393951,0.0,-26.07956886291504,0.2677266811739096,-1.626861810684204,-26.07956886291504,2.166823343072667e-12,-7.452113151550293,-26.07956886291504,1.9521148255096832e-06,-5.222495079040527
Tm9sf3,0.5881287455558777,0.8108201622962952,0.642460286617279,7.844522163032448e-07,5.331607818603516,0.642460286617279,7.631632705315719e-11,6.903884410858154,0.642460286617279,1.1879074796435665e-07,5.725822925567627
Pik3ap1,0.0109524969011545,0.5334910750389099,6.000125408172607,3.077361427875204e-61,16.758625030517578,6.000125408172607,1.296574380279207e-66,20.837160110473636,6.000125408172607,3.5769114162695375e-66,20.630939483642575
Lcor,0.1756373196840286,0.1714807897806167,-0.0376375205814838,0.5350023021876661,1.1673253774642944,-0.0376375205814838,1.0,-0.1931510269641876,-0.0376375205814838,1.0,-0.1615905910730362
Arhgap19,0.0118441060185432,0.0128759555518627,0.1212559789419174,0.9888502385877284,0.4355624914169311,0.1212559789419174,1.0,0.1750734001398086,0.1212559789419174,1.0,0.1468830108642578
Frat1,0.0789441168308258,0.0176771469414234,-2.2034969329833984,0.3390508954253334,-1.4839894771575928,-2.2034969329833984,2.115007393239044e-07,-5.558295726776123,-2.2034969329833984,0.0001719568929219,-4.191385269165039
Frat2,0.2124472111463546,0.0877216756343841,-1.368319034576416,0.0405431095905678,-2.522259473800659,-1.368319034576416,2.0214409322966283e-09,-6.372204303741455,-1.368319034576416,5.156947478588948e-06,-4.991912364959717
Rrp12,0.0560543611645698,0.058016337454319,0.0510612428188324,0.5328743905404036,1.1709102392196655,0.0510612428188324,1.0,0.1644057929515838,0.0510612428188324,1.0,0.1371571868658065
Pgam1,0.323092371225357,0.612388551235199,1.147387146949768,7.113985731424243e-16,8.409224510192871,1.147387146949768,2.9847846385522214e-19,9.507030487060549,1.147387146949768,9.436314317547087e-15,8.243265151977539
Exosc1,0.2914478182792663,0.286584198474884,-0.0279556754976511,0.7189866616240052,0.9196702241897584,-0.0279556754976511,1.0,-0.1878601759672165,-0.0279556754976511,1.0,-0.1568249017000198
Zdhhc16,0.0617339424788951,0.1357298791408538,1.1908574104309082,0.0006570858957698,3.835295200347901,1.1908574104309082,2.708641565916674e-05,4.577262878417969,1.1908574104309082,0.0002849116746526,4.05350399017334
Mms19,0.175600379705429,0.1756637543439865,0.0005676252767443,0.4459242703878558,1.3020570278167725,0.0005676252767443,1.0,0.0029772075358778,0.0005676252767443,1.0,0.0024988465011119
Ubtd1,0.0205561369657516,0.0179454106837511,-0.1978434473276138,0.9888502385877284,0.1668461263179779,-0.1978434473276138,0.9081707801697472,-0.3472083210945129,-0.1978434473276138,0.9618639135659072,-0.2905668616294861
Hoga1,0.0,0.0,0.0,0.9888502385877284,0.1005259156227111,0.0,1.0,0.0,0.0,1.0,0.0
Morn4,0.0,0.0,0.0,0.9888502385877284,0.1005259156227111,0.0,1.0,0.0,0.0,1.0,0.0
Pi4k2a,0.1233155354857444,0.1198659017682075,-0.0434719137847423,0.6431633636724151,1.0198973417282104,-0.0434719137847423,1.0,-0.1916147023439407,-0.0434719137847423,1.0,-0.1609853357076645
Avpi1,0.0661750733852386,0.0719150006771087,0.1241929531097412,0.6154932336645297,1.0558955669403076,0.1241929531097412,0.8620995562893433,0.4139208197593689,0.1241929531097412,0.9232951017824254,0.3501898050308227
Marveld1,0.0657936558127403,0.0658806562423706,0.0019699186086654,0.746901772462366,0.8836720585823059,0.0019699186086654,1.0,0.0064705796539783,0.0019699186086654,1.0,0.0054245106875896
Zfyve27,0.1422027498483657,0.1187114864587783,-0.2778034210205078,0.9888502385877284,0.4534868896007538,-0.2778034210205078,0.3490045902346516,-1.28753399848938,-0.2778034210205078,0.5126134136884308,-1.061783790588379
Golga7b,0.0,0.0,0.0,0.9888502385877284,0.1005259156227111,0.0,1.0,0.0,0.0,1.0,0.0
R3hcc1l,0.0847626253962516,0.085805743932724,0.018409127369523,0.4321714106201759,1.3247612714767456,0.018409127369523,1.0,0.0695461332798004,0.018409127369523,1.0,0.0577928647398948
Pyroxd2,0.0,0.0,0.0,0.9888502385877284,0.1005259156227111,0.0,1.0,0.0,0.0,1.0,0.0
Hps1,0.0946306511759758,0.133963331580162,0.5303716063499451,0.0224584574161915,2.745866060256958,0.5303716063499451,0.0570228338368547,2.2813878059387207,0.5303716063499451,0.1270000996446215,1.962635517120361
Cnnm1,0.0009636547183617,0.0009441179572604,-0.0295633114874362,0.9888502385877284,0.1345822364091873,-0.0295633114874362,1.0,-0.0144816795364022,-0.0295633114874362,1.0,-0.0117128435522317
Got1,0.0867106169462204,0.3344679772853851,2.132573127746582,8.904613393812682e-20,9.426507949829102,2.132573127746582,1.955549496627577e-24,10.959043502807615,2.132573127746582,4.203764125953884e-21,10.060380935668944
Slc25a28,0.1436170190572738,0.1496962159872055,0.0643032491207122,0.2478991811346449,1.6691334247589111,0.0643032491207122,0.9259300236491158,0.3218522369861603,0.0643032491207122,0.9750473000243536,0.2696836292743683
Entpd7,0.0347579531371593,0.0541455410420894,0.6535879969596863,0.4274958335286415,1.332080364227295,0.6535879969596863,0.1792203058347961,1.7145057916641235,0.6535879969596863,0.2894692316111267,1.490131139755249
Cox15,0.0362809896469116,0.0670546516776084,0.9085133075714112,0.14706709651889,1.9488284587860107,0.9085133075714112,0.0303340841011326,2.544560670852661,0.9085133075714112,0.0729019296882479,2.2309014797210693
Cutc,0.0557020604610443,0.1189876943826675,1.1413253545761108,0.0048947273468483,3.2580552101135254,1.1413253545761108,0.0002641175379525,4.027694225311279,1.1413253545761108,0.0015628405216038,3.588865041732788
Dnmbp,0.024982126429677,0.0233248937875032,-0.1002261191606521,0.9888502385877284,0.3566205203533172,-0.1002261191606521,1.0,-0.2066541016101837,-0.1002261191606521,1.0,-0.1715754866600036
Cyp2c23,0.0,0.0,0.0,0.9888502385877284,0.1005259156227111,0.0,1.0,0.0,0.0,1.0,0.0
Erlin1,0.0216797795146703,0.0164973810315132,-0.3978632092475891,0.9888502385877284,0.1679663956165313,-0.3978632092475891,0.6468012815944963,-0.7198153734207153,-0.3978632092475891,0.7587873097686404,-0.5900794863700867
Chuk,0.154601514339447,0.2238682061433792,0.5856353640556335,0.0007676138924237,3.792649984359741,0.5856353640556335,0.0037081098646911,3.279313564300537,0.5856353640556335,0.0177831576020131,2.804748296737671
Cwf19l1,0.0432103984057903,0.0481667779386043,0.1602620780467987,0.7226670394878585,0.9153384566307068,0.1602620780467987,0.8380894183033806,0.4469996690750122,0.1602620780467987,0.9054403253943748,0.3764542043209076
Bloc1s2,0.2039941251277923,0.3301815390586853,0.7898038029670715,2.331871871107865e-06,5.118083477020264,0.7898038029670715,3.797095837737997e-06,5.002879619598389,0.7898038029670715,8.94205507712134e-05,4.341902256011963
Scd3,0.0012064175680279,0.0,-20.203168869018555,0.9888502385877284,0.0673658028244972,-20.203168869018555,0.4679991859106411,-1.0,-20.203168869018555,0.6832027011037286,-0.7008072733879089
Scd2,0.1339214742183685,0.046188797801733,-1.6000078916549685,0.2459378256333709,-1.6740626096725464,-1.6000078916549685,5.3258475435835074e-08,-5.81159782409668,-1.6000078916549685,5.103428484729628e-05,-4.484721660614014
Scd4,0.0,0.0,0.0,0.9888502385877284,0.1005259156227111,0.0,1.0,0.0,0.0,1.0,0.0
Scd1,0.0010935518657788,0.0,-20.06138038635254,0.9888502385877284,0.0673658028244972,-20.06138038635254,0.4679991859106411,-1.0,-20.06138038635254,0.6832027011037286,-0.7008072733879089
Sec31b,0.0022514876909554,0.0016958746127784,-0.4092496931552887,0.9888502385877284,0.1013474464416503,-0.4092496931552887,0.984269548335159,-0.2388551533222198,-0.4092496931552887,1.0,-0.1959798783063888
Ndufb8,0.5192623138427734,1.0754376649856567,1.5042778253555298,1.12124880410263e-44,14.292156219482422,1.5042778253555298,7.108749816532646e-55,16.975261688232422,1.5042778253555298,3.725358202622024e-41,14.485831260681152
Hif1an,0.1354406177997589,0.1332094520330429,-0.0256093237549066,0.5547694128312449,1.138646364212036,-0.0256093237549066,1.0,-0.1203720122575759,-0.0256093237549066,1.0,-0.1007554903626442
Pax2,0.0,0.0,0.0,0.9888502385877284,0.1005259156227111,0.0,1.0,0.0,0.0,1.0,0.0
Slf2,0.0871160700917244,0.1301138550043106,0.6103415489196777,0.0233671009286568,2.7318999767303467,0.6103415489196777,0.033467786183342,2.504744052886963,0.6103415489196777,0.084015590498573,2.1631882190704346
Sema4g,0.0033157896250486,0.0,-21.663314819335938,0.9994412017932364,0.0010455889860168,-21.663314819335938,0.175188784299411,-1.7304372787475586,-21.663314819335938,0.4247678424441667,-1.212702989578247
Mrpl43,0.3728811740875244,0.6571223139762878,1.0399985313415527,5.268586050653397e-15,8.164108276367188,1.0399985313415527,3.0327717081998964e-19,9.486207008361816,1.0399985313415527,2.7799654112552192e-14,8.099488258361816
Twnk,0.0621358528733253,0.0226677246391773,-1.4834576845169067,0.847488523314168,-0.7608900666236877,-1.4834576845169067,0.0006389937221771,-3.785025358200073,-1.4834576845169067,0.0126446014471174,-2.929919958114624
Lzts2,0.0046071568503975,0.0050309323705732,0.1272551119327545,0.9888502385877284,0.1693107336759567,0.1272551119327545,1.0,0.1098248362541198,0.1272551119327545,1.0,0.0938081443309784
Pdzd7,0.0,0.0,0.0,0.9888502385877284,0.1005259156227111,0.0,1.0,0.0,0.0,1.0,0.0
Sfxn3,0.1345532983541488,0.1941054314374923,0.5727964043617249,0.0115568633703624,2.9820199012756348,0.5727964043617249,0.0149221311866938,2.8136894702911377,0.5727964043617249,0.0456173651135396,2.435182571411133
Kazald1,0.0010398505255579,0.0,-19.988697052001957,0.9888502385877284,0.0673658028244972,-19.988697052001957,0.4679991859106411,-1.0,-19.988697052001957,0.6832027011037286,-0.7008072733879089
Btrc,0.0671533495187759,0.0515048280358314,-0.394151359796524,0.9888502385877284,0.3503469824790954,-0.394151359796524,0.3789033356483189,-1.2277168035507202,-0.394151359796524,0.5282133287683867,-1.0015538930892944
Poll,0.0427471026778221,0.0433946065604686,0.0221594627946615,0.915766389268765,0.6789606809616089,0.0221594627946615,1.0,0.0567321591079235,0.0221594627946615,1.0,0.0479217357933521
Gm17018,0.3703180253505707,0.5775249004364014,0.8023467659950256,2.9881520357754545e-08,5.923112392425537,0.8023467659950256,1.2108239097146475e-10,6.846210479736328,0.8023467659950256,5.320134729173622e-08,5.868430614471436
Fbxw4,0.1009877920150756,0.1038543432950973,0.0424836389720439,0.7859514351106565,0.836097776889801,0.0424836389720439,1.0,0.1673842221498489,0.0424836389720439,1.0,0.1425236612558365
Fgf8,0.0,0.0,0.0,0.9888502385877284,0.1005259156227111,0.0,1.0,0.0,0.0,1.0,0.0
Npm3,0.6322380304336548,0.810740053653717,0.5028823614120483,0.000317886196336,4.021335124969482,0.5028823614120483,5.033741970718478e-06,4.940097808837891,0.5028823614120483,0.0001595671354089,4.199804782867432
Oga,0.3527541756629944,0.4715325832366943,0.5102433562278748,0.0001708146076396,4.176605224609375,0.5102433562278748,0.0004086122700176,3.9087107181549072,0.5102433562278748,0.0037235812626764,3.3285579681396484
Kcnip2,0.0011835942277684,0.0009990700054913,-0.2446497976779937,0.9888502385877284,0.1345822364091873,-0.2446497976779937,1.0,-0.1191338002681732,-0.2446497976779937,1.0,-0.094035804271698
Armh3,0.0292935334146022,0.0291001554578542,-0.0096954414620995,0.9888502385877284,0.4549805819988251,-0.0096954414620995,1.0,-0.0206966288387775,-0.0096954414620995,1.0,-0.0174849908798933
Hps6,0.0250778254121541,0.0625409111380577,1.3456090688705444,0.1074079701838225,2.1020820140838623,1.3456090688705444,0.0026685930006566,3.3842153549194336,1.3456090688705444,0.0087073022295244,3.054701089859009
Ldb1,0.3594477772712707,0.2926947176456451,-0.3471496701240539,0.5258408188209265,-1.1818889379501345,-0.3471496701240539,0.0371714800179115,-2.460579633712769,-0.3471496701240539,0.1080578332005292,-2.044600486755371
Pprc1,0.1051636636257171,0.0467117205262184,-1.213477373123169,0.6590791273535573,-0.998238742351532,-1.213477373123169,8.487513267707425e-05,-4.2991943359375,-1.213477373123169,0.0031996599369996,-3.37790846824646
Nolc1,0.3705942928791046,0.2773835361003876,-0.4888200759887695,0.2904750272577855,-1.5765241384506226,-0.4888200759887695,0.0024092962600764,-3.408864974975586,-0.4888200759887695,0.0176987919842193,-2.8069236278533936
Elovl3,0.0,0.0,0.0,0.9888502385877284,0.1005259156227111,0.0,1.0,0.0,0.0,1.0,0.0
Gbf1,0.1995188742876052,0.2248788326978683,0.1915626674890518,0.1023392829711788,2.125159502029419,0.1915626674890518,0.4505243578518495,1.1013656854629517,0.1915626674890518,0.5657346302096862,0.9283547401428224
Nfkb2,0.1169526353478431,0.1193477809429168,0.0310090444982051,0.5302083996289285,1.1750179529190063,0.0310090444982051,1.0,0.132720947265625,0.0310090444982051,1.0,0.1117518171668052
Psd,0.0048553110100328,0.0123007539659738,1.346489429473877,0.9888502385877284,0.5038245320320129,1.346489429473877,0.281301170610788,1.448072075843811,1.346489429473877,0.3764940667069744,1.301571249961853
Fbxl15,0.0345360375940799,0.094400830566883,1.4943443536758425,0.0098681394311364,3.035046100616455,1.4943443536758425,8.328336108935671e-05,4.318799018859863,1.4943443536758425,0.0004723225486254,3.922521352767944
Cuedc2,0.1915175318717956,0.3143664002418518,0.8073188662528992,1.5785786210870687e-06,5.195905208587647,0.8073188662528992,2.243919226080289e-06,5.111081123352051,0.8073188662528992,6.711605352962789e-05,4.410569190979004
Mfsd13a,0.003288957523182,0.0120648378506302,1.8814443349838257,0.972906362803818,0.6046491861343384,1.8814443349838257,0.1346023057935721,1.875156044960022,1.8814443349838257,0.1951890827014767,1.733388900756836
2310034G01Rik,0.0,0.0018260824726894,20.80163955688477,0.9888502385877284,0.2351081520318985,20.80163955688477,0.3461209404673832,1.294505000114441,20.80163955688477,0.3806026202724599,1.294505000114441
Actr1a,0.2008840441703796,0.2813921570777893,0.5466250777244568,0.00073391252601,3.804749011993408,0.5466250777244568,0.0026309453685424,3.384905338287353,0.5466250777244568,0.0136205995429074,2.9011518955230717
Sufu,0.0360639877617359,0.0619738213717937,0.7999426126480103,0.1920110833254941,1.810362696647644,0.7999426126480103,0.0630396095069586,2.2371585369110107,0.7999426126480103,0.1307695617549981,1.9467439651489256
Trim8,0.2165493369102478,0.3258655071258545,0.6719956994056702,4.582704430458081e-05,4.487892150878906,0.6719956994056702,0.0001196843949372,4.223555564880371,0.6719956994056702,0.0012951837381068,3.642301321029663
Arl3,0.1411456912755966,0.1185702979564666,-0.2680794596672058,0.9888502385877284,0.5770904421806335,-0.2680794596672058,0.3817121604545708,-1.2223172187805176,-0.2680794596672058,0.5282133287683867,-1.0116713047027588
Sfxn2,0.0492347367107868,0.037451721727848,-0.403205543756485,0.9888502385877284,0.0991815850138664,-0.403205543756485,0.4639441403704027,-1.0785380601882937,-0.403205543756485,0.5929973980813834,-0.8873800039291382
Wbp1l,0.1288637667894363,0.1957452744245529,0.6526802778244019,0.0010383745680111,3.710944652557373,0.6526802778244019,0.0031914604038762,3.325563430786133,0.6526802778244019,0.0152952637854775,2.858560800552368
Cyp17a1,0.0,0.0,0.0,0.9888502385877284,0.1005259156227111,0.0,1.0,0.0,0.0,1.0,0.0
Borcs7,0.0579127892851829,0.1608602255582809,1.549468159675598,6.546392181078694e-05,4.405663967132568,1.549468159675598,2.551304183270879e-07,5.555129528045654,1.549468159675598,3.6208556328753776e-06,5.060150623321533
As3mt,0.0585153177380561,0.0413576923310756,-0.5131382942199707,0.9888502385877284,-0.0424210391938686,-0.5131382942199707,0.2825982694362344,-1.4445557594299316,-0.5131382942199707,0.4349805197688252,-1.1897934675216677
Cnnm2,0.0117397913709282,0.0111761596053838,-0.0713894739747047,0.9888502385877284,0.3679726421833038,-0.0713894739747047,1.0,-0.1046154275536537,-0.0713894739747047,1.0,-0.0850928947329521
Nt5c2,0.0809028595685958,0.0798177346587181,-0.0202746856957674,0.7853563322931876,0.8370686769485474,-0.0202746856957674,1.0,-0.0743112787604332,-0.0202746856957674,1.0,-0.062536247074604
Ina,0.0,0.0,0.0,0.9888502385877284,0.1005259156227111,0.0,1.0,0.0,0.0,1.0,0.0
Pcgf6,0.1192100495100021,0.0934156104922294,-0.370706707239151,0.8924378554621948,0.7093574404716492,-0.370706707239151,0.2263826483953772,-1.5777806043624878,-0.370706707239151,0.3871477899809224,-1.281887173652649
Taf5,0.0666879415512085,0.0881770998239517,0.4186792373657226,0.148624295668391,1.943451166152954,0.4186792373657226,0.2658558198798191,1.4819996356964111,0.4186792373657226,0.3991845522450199,1.2597211599349976
Atp5md,0.6089968681335449,0.9560568928718568,0.933319628238678,4.1207237215433645e-17,8.744633674621582,0.933319628238678,4.923694321462296e-22,10.198052406311035,0.933319628238678,5.841232009587526e-16,8.607378959655762
Pdcd11,0.1793433278799057,0.1498867273330688,-0.2806827425956726,0.769525703713464,0.8555158376693726,-0.2806827425956726,0.2715328630364208,-1.469107747077942,-0.2806827425956726,0.4274680607044289,-1.2051212787628174
Calhm2,0.0281603671610355,0.0817776098847389,1.5770705938339231,0.0280162996033015,2.664086103439331,1.5770705938339231,0.0001303517243855,4.210000991821289,1.5770705938339231,0.0006429663333479,3.8385303020477295
Neurl1a,0.0,0.0,0.0,0.9888502385877284,0.1005259156227111,0.0,1.0,0.0,0.0,1.0,0.0
Sh3pxd2a,0.0759820863604545,0.0,-26.23431205749512,0.1272138018058749,-2.0217208862304688,-26.23431205749512,1.6439238458969314e-14,-8.130230903625488,-26.23431205749512,1.8120383834495637e-07,-5.697724342346191
Stn1,0.0759507566690445,0.1057147160172462,0.4988352358341217,0.1073908053408666,2.10223126411438,0.4988352358341217,0.1209516595978184,1.9295860528945925,0.4988352358341217,0.2208691145810408,1.6582204103469849
Slk,0.2577046453952789,0.3988072276115417,0.7373151779174805,1.965284714525996e-06,5.152513027191162,0.7373151779174805,4.282704739735181e-06,4.976880073547363,0.7373151779174805,0.0001062574510696,4.299513339996338
Sfr1,0.4638727903366089,0.7056707143783569,0.7965853214263916,1.4915234414344332e-09,6.416705131530762,0.7965853214263916,1.858799579125877e-11,7.132903575897217,0.7965853214263916,1.4533666420235198e-08,6.097212314605713
Cfap43,0.0010808538645505,0.0,-20.04452133178711,0.9888502385877284,0.0673658028244972,-20.04452133178711,0.4679991859106411,-1.0,-20.04452133178711,0.6832027011037286,-0.7008072733879089
Gsto1,0.0626901611685752,0.1582181453704834,1.4057812690734863,5.348922697038593e-05,4.452864646911621,1.4057812690734863,2.850463245892415e-07,5.530214786529541,1.4057812690734863,5.163986551863665e-06,4.984325408935547
Gsto2,0.0046679903753101,0.0013060632627457,-1.8400022983551023,0.9888502385877284,0.0348778627812862,-1.8400022983551023,0.372825346375588,-1.239871859550476,-1.8400022983551023,0.5678438912958947,-0.925244390964508
Itprip,0.0646240785717964,0.0407867617905139,-0.6813167929649353,0.9888502385877284,-0.1247238293290138,-0.6813167929649353,0.0992117437765292,-2.028334856033325,-0.6813167929649353,0.2273520089718878,-1.6400244235992432
Xpnpep1,0.1018032655119896,0.1906059235334396,0.9704269766807556,3.6182339593981855e-05,4.541067600250244,0.9704269766807556,2.783419521016082e-05,4.568878173828125,0.9704269766807556,0.0003502241710019,3.9999072551727295
Add3,0.8135122656822205,0.7277088165283203,-0.2305686175823211,0.0685437955341671,-2.305299758911133,-0.2305686175823211,0.0508065553719385,-2.33101749420166,-0.2305686175823211,0.1267145963277334,-1.9638787508010864
Mxi1,0.0541060529649257,0.1891007125377655,1.9046438932418823,3.32036735546879e-07,5.494047164916992,1.9046438932418823,1.3160126130779248e-11,7.230405330657959,1.9046438932418823,5.74066838114896e-10,6.6539306640625
Smndc1,0.2697903513908386,0.4143026471138,0.7290204763412476,1.086958670615919e-06,5.268947124481201,0.7290204763412476,1.532354131765737e-06,5.187632083892822,0.7290204763412476,5.510675753810528e-05,4.457354545593262
Dusp5,0.145501509308815,0.9015308618545532,3.223960399627685,2.6200316578365595e-76,18.724855422973636,3.223960399627685,1.2841796488131675e-79,22.461767196655277,3.223960399627685,2.6685901406608666e-74,20.9303035736084
Nutf2-ps1,0.0063498923555016,0.0107041737064719,0.7565147280693054,0.9888502385877284,0.3694663345813751,0.7565147280693054,0.525169892004974,0.9057537317276,0.7565147280693054,0.6537248325050999,0.7943648099899292
Smc3,0.5457610487937927,0.6178053021430969,0.2358623743057251,0.1918439802487933,1.8112589120864868,0.2358623743057251,0.0791521099065151,2.133589029312134,0.2358623743057251,0.172834728191985,1.8011515140533447
Rbm20,0.0,0.0016785711050033,20.68001365661621,0.9888502385877284,0.1678170263767242,20.68001365661621,0.4679991859106411,1.0,20.68001365661621,0.5282133287683867,1.0
Pdcd4,1.090063214302063,0.8297905325889587,-0.6109176278114319,3.6571235930116007e-10,-6.636353492736816,-0.6109176278114319,1.2203377796439188e-09,-6.4712748527526855,-0.6109176278114319,4.964271244083449e-07,-5.454147338867188
Bbip1,0.3917449116706848,0.3880042731761932,-0.0167151056230068,0.8358173773617864,0.7771713733673096,-0.0167151056230068,1.0,-0.131265714764595,-0.0167151056230068,1.0,-0.1089311614632606
Shoc2,0.2278709560632705,0.2402865886688232,0.0858440697193145,0.2216019381915153,1.7323168516159058,0.0858440697193145,0.794700817900244,0.5094501972198486,0.0858440697193145,0.869367341636792,0.4298168420791626
Adra2a,0.0011015640338882,0.0,-20.071918487548828,0.9888502385877284,0.0673658028244972,-20.071918487548828,0.4679991859106411,-1.0,-20.071918487548828,0.6832027011037286,-0.7008072733879089
Gpam,0.0172419603914022,0.0169762577861547,-0.022597536444664,0.9888502385877284,0.3310036063194275,-0.022597536444664,1.0,-0.0386901870369911,-0.022597536444664,1.0,-0.0322015658020973
Acsl5,0.2368455976247787,0.4560010135173797,1.112285017967224,1.104636069344518e-12,7.47260046005249,1.112285017967224,4.474382056301892e-14,8.008575439453125,1.112285017967224,6.000773102454596e-11,6.99772310256958
Zdhhc6,0.115254022181034,0.1729502379894256,0.6281580328941345,0.0127056532586188,2.9499800205230717,0.6281580328941345,0.0117868690148966,2.8976640701293945,0.6281580328941345,0.0370993199951331,2.52194619178772
Vti1a,0.1321993768215179,0.1870578527450561,0.5413934588432312,0.0036566533626089,3.348050594329834,0.5413934588432312,0.0197930109158083,2.70927095413208,0.5413934588432312,0.0592840112326141,2.3227202892303467
Tcf7l2,0.013431548140943,0.0038225650787353,-1.819953680038452,0.9888502385877284,-0.1312960982322693,-1.819953680038452,0.1117427428462508,-1.967775583267212,-1.819953680038452,0.2848025394039187,-1.500869870185852
Habp2,0.0,0.0,0.0,0.9888502385877284,0.1005259156227111,0.0,1.0,0.0,0.0,1.0,0.0
Nrap,0.0,0.0,0.0,0.9888502385877284,0.1005259156227111,0.0,1.0,0.0,0.0,1.0,0.0
Casp7,0.0525791905820369,0.1454442739486694,1.5359957218170166,4.699731738243735e-05,4.482141494750977,1.5359957218170166,1.807910111678497e-07,5.618239402770996,1.5359957218170166,3.367874633754564e-06,5.074153423309326
Plekhs1,0.0,0.0,0.0,0.9888502385877284,0.1005259156227111,0.0,1.0,0.0,0.0,1.0,0.0
Dclre1a,0.0181448739022016,0.0462114885449409,1.3690438270568848,0.3679832680395915,1.430888533592224,1.3690438270568848,0.0199185517512023,2.708570718765259,1.3690438270568848,0.0459416791931328,2.4322636127471924
Nhlrc2,0.1234457939863205,0.1822272837162017,0.6053427457809448,0.0035019288565027,3.3616433143615723,0.6053427457809448,0.0095888316794045,2.9689972400665283,0.6053427457809448,0.034476890055935,2.552081823348999
Adrb1,0.0009175207815133,0.0587853118777275,6.043519973754883,0.0441853127711057,2.488800525665283,6.043519973754883,5.4719592296513e-08,5.881259441375732,6.043519973754883,7.72596633152406e-08,5.85494327545166
Ccdc186,0.1048203557729721,0.1647593379020691,0.6966491341590881,0.009577436043686,3.0449044704437256,0.6966491341590881,0.0081863990035046,3.0226500034332275,0.6966491341590881,0.0278591901122379,2.635782241821289
Afap1l2,0.0,0.0,0.0,0.9888502385877284,0.1005259156227111,0.0,1.0,0.0,0.0,1.0,0.0
Ablim1,1.4259501695632937,0.8445454835891724,-1.2526695728302002,2.224347505170199e-47,-14.723312377929688,-1.2526695728302002,3.4952539964310845e-48,-15.71646499633789,-1.2526695728302002,2.7648763862397516e-35,-13.29621410369873
Fam160b1,0.170866310596466,0.1680431813001632,-0.026129825040698,0.3710758983642684,1.4248390197753906,-0.026129825040698,1.0,-0.1361411958932876,-0.026129825040698,1.0,-0.1134580746293068
Trub1,0.0976517572999,0.0423078835010528,-1.2471072673797607,0.90159389058754,-0.6946445107460022,-1.2471072673797607,0.0001351757634816,-4.186190128326416,-1.2471072673797607,0.0046144791759692,-3.264498233795166
Atrnl1,0.010517512448132,0.006261364556849,-0.7513189315795898,0.9888502385877284,0.1351797133684158,-0.7513189315795898,0.5117129639727285,-0.9273956418037416,-0.7513189315795898,0.6832027011037286,-0.732848584651947
Pnliprp1,0.0,0.0023322084452956,21.154949188232425,0.9888502385877284,0.1678170263767242,21.154949188232425,0.4679991859106411,1.0,21.154949188232425,0.5282133287683867,1.0
Hspa12a,0.0009091632673516,0.0009658070630393,0.0872364416718483,0.9888502385877284,0.1345822364091873,0.0872364416718483,1.0,0.0427046455442905,0.0872364416718483,1.0,0.0350228063762187
Shtn1,0.0,0.0,0.0,0.9888502385877284,0.1005259156227111,0.0,1.0,0.0,0.0,1.0,0.0
Slc18a2,0.0080931819975376,0.0062531190924346,-0.3734597265720367,0.9888502385877284,0.2031430006027221,-0.3734597265720367,0.8602266388395521,-0.4162554442882538,-0.3734597265720367,0.9297918264508538,-0.3401744365692138
Pdzd8,0.176567330956459,0.2312633246183395,0.4301129281520843,0.006804601907762,3.155438184738159,0.4301129281520843,0.0461357452251159,2.372467517852783,0.4301129281520843,0.1123068749262968,2.0257105827331543
Rab11fip2,0.1817745417356491,0.1078880056738853,-0.8071995973587036,0.6838867423429784,-0.9666470289230348,-0.8071995973587036,0.0004519453132543,-3.878554105758667,-0.8071995973587036,0.0071019924649643,-3.1229946613311768
Fam204a,0.2323501110076904,0.4855987429618835,1.2570478916168213,1.0132618570513943e-14,8.083149909973145,1.2570478916168213,9.122126642401182e-17,8.828314781188965,1.2570478916168213,2.987467146398309e-13,7.774298667907715
Cacul1,0.0916869416832923,0.0884765908122062,-0.0537712723016738,0.7206866639041561,0.9175789952278136,-0.0537712723016738,1.0,-0.2035014927387237,-0.0537712723016738,1.0,-0.1710408478975296
Nanos1,0.032083973288536,0.0339857600629329,0.0844570249319076,0.919196994125532,0.6752264499664307,0.0844570249319076,1.0,0.2022774666547775,0.0844570249319076,1.0,0.169296309351921
Eif3a,1.0515267848968506,1.1831746101379397,0.2824671864509582,0.1258700176759653,2.0271730422973637,0.2824671864509582,0.001129539113678,3.628076076507568,0.2824671864509582,0.0100238807991481,3.006603717803955
Fam45a,0.0699304193258285,0.0972807705402374,0.496238648891449,0.1524007820275226,1.9313522577285769,0.496238648891449,0.1528271330611553,1.806504726409912,0.496238648891449,0.2619938522070111,1.5538777112960815
Sfxn4,0.0152352629229426,0.013756631873548,-0.1483562290668487,0.9888502385877284,0.233987882733345,-0.1483562290668487,0.985334151532122,-0.237057626247406,-0.1483562290668487,1.0,-0.1977332383394241
Prdx3,0.301832377910614,0.3484520614147186,0.242660641670227,0.0875975781813421,2.1955127716064453,0.242660641670227,0.1671411786108079,1.759214997291565,0.242660641670227,0.2923181814365138,1.4838082790374756
Grk5,0.0101742772385478,0.0034653556067496,-1.558695673942566,0.9888502385877284,-0.0646771490573883,-1.558695673942566,0.2174611891686804,-1.600887894630432,-1.558695673942566,0.4138135204194309,-1.234699845314026
Zfp950,0.2454393655061721,0.1991305947303772,-0.3362930715084076,0.9888502385877284,-0.3311529755592346,-0.3362930715084076,0.13429863985685,-1.8753029108047483,-0.3362930715084076,0.25595914424822,-1.5702089071273804
Gm7102,0.0,0.0,0.0,0.9888502385877284,0.1005259156227111,0.0,1.0,0.0,0.0,1.0,0.0
Csf2ra,0.016663447022438,0.0117717701941728,-0.5048924684524536,0.9888502385877284,0.1671448647975921,-0.5048924684524536,0.6039334571389813,-0.7839975357055664,-0.5048924684524536,0.7298113927308689,-0.6321653127670288
mt-Nd1,3.1859192848205566,2.5980377197265625,-0.8987942337989807,7.433594970010106e-91,-20.441713333129883,-0.8987942337989807,2.5303021803746e-78,-21.851024627685547,-0.8987942337989807,5.744556793846593e-70,-19.920848846435547
mt-Nd2,3.301352977752685,2.4347786903381348,-1.3283488750457764,4.735682817201315e-136,-25.0416316986084,-1.3283488750457764,1.7872005625790322e-123,-30.14866065979004,-1.3283488750457764,2.41868989062755e-115,-27.604415893554688
mt-Co1,4.370505809783936,4.3837103843688965,0.0192929692566394,0.9888502385877284,0.4982231557369232,0.0192929692566394,0.5811136958273467,0.8191977739334106,0.0192929692566394,0.6832027011037286,0.7335246801376343
mt-Co2,4.179827690124512,4.018769264221191,-0.2362817823886871,7.383367922734935e-19,-9.197672843933104,-0.2362817823886871,6.306766107303191e-20,-9.729228973388672,-0.2362817823886871,3.5740258083305923e-16,-8.673633575439453
mt-Atp8,0.2573062479496002,0.2053628414869308,-0.3642241060733795,0.9888502385877284,0.0313676707446575,-0.3642241060733795,0.0641095973272289,-2.22849178314209,-0.3642241060733795,0.1633041323856546,-1.8316981792449951
mt-Atp6,4.663980960845947,4.32664966583252,-0.4921862781047821,1.337866995412774e-74,-18.5120792388916,-0.4921862781047821,1.8892646943603526e-66,-19.702564239501957,-0.4921862781047821,3.8398522325249652e-59,-18.01548194885254
mt-Co3,4.393095970153809,4.114425182342529,-0.4078513979911804,8.65252757775026e-48,-14.787466049194336,-0.4078513979911804,3.921541958758653e-44,-15.39026165008545,-0.4078513979911804,6.881368128093802e-39,-14.138630867004396
mt-Nd3,1.5285954475402832,1.056873083114624,-0.9439708590507508,2.0520141104145503e-36,-12.886959075927734,-0.9439708590507508,4.8874008255690355e-33,-12.76943588256836,-0.9439708590507508,7.491323203716458e-25,-10.954485893249512
mt-Nd4l,0.8109129667282104,0.513088047504425,-0.8986993432044983,2.122436323022169e-16,-8.553291320800781,-0.8986993432044983,1.474255065126529e-17,-8.98935604095459,-0.8986993432044983,4.351595903660403e-12,-7.399684429168701
mt-Nd4,3.3576080799102783,2.790390968322754,-0.8586073517799377,3.2286168330810013e-103,-21.7955265045166,-0.8586073517799377,1.170737822871843e-90,-23.97684669494629,-0.8586073517799377,6.488649466155788e-81,-21.746904373168945
mt-Nd5,1.6617542505264282,1.3356764316558838,-0.6069954037666321,4.373230331838815e-23,-10.209280014038086,-0.6069954037666321,1.2033047769067793e-18,-9.309371948242188,-0.6069954037666321,1.8727049744644425e-13,-7.839536666870117
mt-Nd6,0.1837719529867172,0.1963723003864288,0.1050516963005065,0.2733977912819473,1.6137919425964355,0.1050516963005065,0.7611917042828756,0.557357907295227,0.1050516963005065,0.8413495531310793,0.4715229570865631
mt-Cytb,3.7634313106536874,3.128493547439575,-0.9467419385910034,3.974193584012384e-116,-23.12581443786621,-0.9467419385910034,2.8178796861555938e-101,-26.2747745513916,-0.9467419385910034,2.8156114843896564e-94,-24.221515655517575
Vamp7,0.0858091339468956,0.1728218644857406,1.074201226234436,0.0001578424349242,4.196172714233398,1.074201226234436,2.044713912489575e-05,4.641327381134033,1.074201226234436,0.0002284814313488,4.109014987945557
Tmlhe,0.0154780549928545,0.0023867527488619,-2.7065601348876958,0.9888502385877284,-0.2312245368957519,-2.7065601348876958,0.0114057578650925,-2.906869649887085,-2.7065601348876958,0.0913143123443306,-2.127338409423828
AC133103.1,0.0,0.0,0.0,0.9888502385877284,0.1005259156227111,0.0,1.0,0.0,0.0,1.0,0.0
AC132444.1,0.0,0.001173325930722,20.16301918029785,0.9888502385877284,0.1678170263767242,20.16301918029785,0.4679991859106411,1.0,20.16301918029785,0.5282133287683867,1.0
Csprs,0.0010838265297934,0.0029322621412575,1.4372131824493408,0.9888502385877284,0.201798677444458,1.4372131824493408,0.601875128733262,0.7872337698936462,1.4372131824493408,0.6832027011037286,0.712505042552948
AC132444.6,0.0,0.0,0.0,0.9888502385877284,0.1005259156227111,0.0,1.0,0.0,0.0,1.0,0.0
AC125149.3,0.0145793566480278,0.0081798182800412,-0.8384110927581787,0.9888502385877284,0.0675151720643043,-0.8384110927581787,0.390845162214857,-1.2046443223953247,-0.8384110927581787,0.5505384840358436,-0.9520165920257568
AC168977.2,0.0,0.0,0.0,0.9888502385877284,0.1005259156227111,0.0,1.0,0.0,0.0,1.0,0.0
AC168977.1,0.0046691033057868,0.0030325215775519,-0.6238088011741638,0.9888502385877284,0.1018702387809753,-0.6238088011741638,0.7894492797141328,-0.5166642069816589,-0.6238088011741638,0.8809287133357457,-0.4133498668670654
AC149090.1,0.6672759652137756,0.4085563421249389,-0.9110222458839417,1.821695530255891e-08,-6.007282257080078,-0.9110222458839417,4.565998365061575e-13,-7.64702033996582,-0.9110222458839417,5.7105999692784505e-09,-6.263825416564941
CAAA01118383.1,0.109653390944004,0.2822964191436767,1.4928606748580933,4.3838207989540056e-11,6.954660415649414,1.4928606748580933,5.805863032179101e-13,7.6741461753845215,1.4928606748580933,1.0758601552104783e-10,6.91290283203125
CAAA01147332.1,0.0011261327890679,0.0179162509739398,4.0039496421813965,0.7548176793525896,0.8739629983901978,4.0039496421813965,0.0062476336679899,3.119828462600708,4.0039496421813965,0.0089318229725118,3.051379919052124
